Cruise Data/Irminger_Sea-01_KN-221_2014-09-07/Ship Data/ctd/process_mlankhorst/kn22104001.ros
* Sea-Bird SBE 9 Data File:
* FileName = C:\Data\ctd\KN22104001.hdr
* Software Version Seasave V 7.21k
* Temperature SN = 4195
* Conductivity SN = 2147
* Number of Bytes Per Scan = 40
* Number of Voltage Words = 5
* Number of Scans Averaged by the Deck Unit = 1
* NMEA Latitude = 62 06.42 N
* NMEA Longitude = 031 22.90 W
* NMEA UTC (Time) = Sep 08 2014 11:39:06
** KN221-03 Chief Scientist: Bob Pickart
** OSNAP August 2014
** Station: 001
** Knudsen Depth: 2401
# nquan = 13
# nvalues = 588                                   
# units = specified
# name 0 = prDM: Pressure, Digiquartz [db]
# name 1 = t090C: Temperature [ITS-90, deg C]
# name 2 = t190C: Temperature, 2 [ITS-90, deg C]
# name 3 = c0S/m: Conductivity [S/m]
# name 4 = c1S/m: Conductivity, 2 [S/m]
# name 5 = sbeox0V: Oxygen raw, SBE 43 [V]
# name 6 = flECO-AFL: Fluorescence, WET Labs ECO-AFL/FL [mg/m^3]
# name 7 = CStarAt0: Beam Attenuation, WET Labs C-Star [1/m]
# name 8 = sbeox0ML/L: Oxygen, SBE 43 [ml/l]
# name 9 = timeS: Time, Elapsed [seconds]
# name 10 = scan: Scan Count
# name 11 = nbf: Bottles Fired
# name 12 = flag:  0.000e+00
# interval = seconds: 0.0416667
# start_time = Sep 08 2014 11:39:06 [NMEA time, header]
# bad_flag = -9.990e-29
*END*
   1508.867     3.6549     3.6547   3.286394   3.286621     1.9445     0.0348     0.0869    6.42363   1728.833      41493          1  0.000e+00
   1508.794     3.6548     3.6547   3.286346   3.286621     1.2934     0.0348     0.0869    3.30426   1728.875      41494          1  0.000e+00
   1508.802     3.6550     3.6549   3.286340   3.286557     2.7845     0.0348     0.0869    9.73337   1728.917      41495          1  0.000e+00
   1508.851     3.6549     3.6549   3.286370   3.286589     1.6529     0.0348     0.0858    5.19503   1728.958      41496          1  0.000e+00
   1508.794     3.6549     3.6547   3.286364   3.286557     1.5825     0.0348     0.0858    4.58615   1729.000      41497          1  0.000e+00
   1508.931     3.6549     3.6551   3.286352   3.286621     2.7252     0.0348     0.0858    9.50680   1729.042      41498          1  0.000e+00
   1508.673     3.6548     3.6547   3.286370   3.286614     1.3873     0.0348     0.0858    4.05114   1729.083      41499          1  0.000e+00
   1508.802     3.6549     3.6549   3.286340   3.286589     1.9074     0.0348     0.0858    6.03216   1729.125      41500          1  0.000e+00
   1508.851     3.6548     3.6547   3.286364   3.286621     2.5547     0.0470     0.0869    8.89730   1729.167      41501          1  0.000e+00
   1508.794     3.6549     3.6549   3.286364   3.286621     1.1934     0.0348     0.0858    3.11261   1729.208      41502          1  0.000e+00
   1508.867     3.6549     3.6549   3.286334   3.286557     2.2681     0.0348     0.0858    7.59921   1729.250      41503          1  0.000e+00
   1508.794     3.6549     3.6545   3.286340   3.286621     2.3003     0.0348     0.0858    7.91626   1729.292      41504          1  0.000e+00
   1508.794     3.6548     3.6546   3.286352   3.286621     1.1180     0.0348     0.0858    2.61541   1729.333      41505          1  0.000e+00
   1508.867     3.6548     3.6547   3.286334   3.286589     2.5992     0.0348     0.0858    8.97414   1729.375      41506          1  0.000e+00
   1508.794     3.6550     3.6547   3.286322   3.286589     2.0112     0.0348     0.0858    6.73376   1729.417      41507          1  0.000e+00
   1508.867     3.6551     3.6547   3.286340   3.286589     1.2440     0.0348     0.0858    3.07374   1729.458      41508          1  0.000e+00
   1508.851     3.6549     3.6547   3.286352   3.286589     2.7759     0.0348     0.0858    9.67394   1729.500      41509          1  0.000e+00
   1508.851     3.6549     3.6547   3.286352   3.286589     1.7172     0.0348     0.0858    5.49896   1729.542      41510          1  0.000e+00
   1508.867     3.6551     3.6547   3.286352   3.286589     1.5121     0.0348     0.0869    4.25340   1729.583      41511          1  0.000e+00
   1508.851     3.6549     3.6548   3.286370   3.286621     2.7450     0.0470     0.0869    9.56862   1729.625      41512          1  0.000e+00
   1508.867     3.6552     3.6549   3.286400   3.286621     1.4367     0.0348     0.0869    4.28921   1729.667      41513          1  0.000e+00
   1508.851     3.6554     3.6545   3.286412   3.286621     1.8580     0.0348     0.0869    5.82185   1729.708      41514          1  0.000e+00
   1508.915     3.6553     3.6545   3.286431   3.286621     2.5770     0.0348     0.0858    8.97643   1729.750      41515          1  0.000e+00
   1508.867     3.6553     3.6549   3.286443   3.286557     1.2131     0.0348     0.0858    3.21948   1729.792      41516          1  0.000e+00
   1508.915     3.6551     3.6549   3.286376   3.286589     2.2298     0.0470     0.0869    7.45418   1729.833      41517          1  0.000e+00
   1508.867     3.6553     3.6548   3.286394   3.286621     2.3225     0.0470     0.0869    7.98517   1729.875      41518          1  0.000e+00
   1508.915     3.6550     3.6547   3.286394   3.286621     1.1180     0.0470     0.0858    2.63462   1729.917      41519          1  0.000e+00
   1508.915     3.6553     3.6550   3.286382   3.286589     2.5770     0.0470     0.0858    8.91712   1729.958      41520          1  0.000e+00
   1508.932     3.6553     3.6547   3.286382   3.286589     2.0310     0.0470     0.0858    6.78953   1730.000      41521          1  0.000e+00
   1508.915     3.6554     3.6547   3.286340   3.286621     1.2329     0.0470     0.0869    3.05066   1730.042      41522          1  0.000e+00
   1508.988     3.6553     3.6545   3.286364   3.286621     2.7722     0.0470     0.0858    9.70149   1730.083      41523          1  0.000e+00
   1508.980     3.6551     3.6545   3.286382   3.286589     1.7345     0.0470     0.0858    5.54636   1730.125      41524          1  0.000e+00
   1508.980     3.6552     3.6545   3.286382   3.286589     1.4911     0.0470     0.0858    4.17735   1730.167      41525          1  0.000e+00
   1508.988     3.6551     3.6547   3.286400   3.286557     2.7536     0.0470     0.0858    9.60156   1730.208      41526          1  0.000e+00
   1508.980     3.6553     3.6544   3.286412   3.286589     1.4553     0.0470     0.0858    4.34331   1730.250      41527          1  0.000e+00
   1508.980     3.6551     3.6549   3.286412   3.286653     1.8321     0.0470     0.0858    5.72189   1730.292      41528          1  0.000e+00
   1508.988     3.6551     3.6545   3.286394   3.286589     2.5906     0.0470     0.0858    9.00337   1730.333      41529          1  0.000e+00
   1509.037     3.6553     3.6547   3.286400   3.286621     1.2243     0.0470     0.0858    3.25751   1730.375      41530          1  0.000e+00
   1508.988     3.6552     3.6547   3.286412   3.286589     2.2051     0.0470     0.0858    7.36686   1730.417      41531          1  0.000e+00
   1509.037     3.6553     3.6546   3.286412   3.286621     2.3423     0.0470     0.0858    8.04803   1730.458      41532          1  0.000e+00
   1509.037     3.6551     3.6547   3.286394   3.286589     1.1168     0.0470     0.0869    2.63831   1730.500      41533          1  0.000e+00
   1509.053     3.6554     3.6544   3.286400   3.286621     2.5572     0.0470     0.0869    8.86401   1730.542      41534          1  0.000e+00
   1509.101     3.6553     3.6547   3.286412   3.286589     2.0557     0.0470     0.0869    6.87759   1730.583      41535          1  0.000e+00
   1509.053     3.6556     3.6547   3.286394   3.286589     1.2156     0.0470     0.0869    2.98970   1730.625      41536          1  0.000e+00
   1509.037     3.6552     3.6545   3.286382   3.286589     2.7648     0.0470     0.0869    9.70151   1730.667      41537          1  0.000e+00
   1509.101     3.6553     3.6545   3.286382   3.286621     1.7592     0.0470     0.0858    5.63790   1730.708      41538          1  0.000e+00
   1509.053     3.6551     3.6545   3.286382   3.286589     1.4676     0.0470     0.0858    4.09932   1730.750      41539          1  0.000e+00
   1509.101     3.6551     3.6547   3.286364   3.286621     2.7623     0.0470     0.0858    9.65273   1730.792      41540          1  0.000e+00
   1509.109     3.6548     3.6547   3.286370   3.286621     1.4775     0.0470     0.0858    4.42832   1730.833      41541          1  0.000e+00
   1509.774     3.6548     3.6541   3.286395   3.286621     2.3967     0.0348     0.0858    8.24900   1741.167      41789          2  0.000e+00
   1509.726     3.6548     3.6544   3.286382   3.286621     2.1978     0.0348     0.0869    7.41924   1741.208      41790          2  0.000e+00
   1509.838     3.6548     3.6541   3.286382   3.286557     1.1441     0.0348     0.0869    2.70882   1741.250      41791          2  0.000e+00
   1509.718     3.6549     3.6542   3.286401   3.286615     2.6907     0.0348     0.0869    9.48044   1741.292      41792          2  0.000e+00
   1509.726     3.6547     3.6545   3.286394   3.286589     1.9050     0.0348     0.0869    6.22689   1741.333      41793          2  0.000e+00
   1509.959     3.6549     3.6543   3.286382   3.286589     1.3294     0.0348     0.0869    3.51384   1741.375      41794          2  0.000e+00
   1509.653     3.6548     3.6541   3.286401   3.286653     2.7859     0.0348     0.0869    9.80128   1741.417      41795          2  0.000e+00
   1509.790     3.6548     3.6542   3.286395   3.286621     1.6110     0.0348     0.0869    4.97807   1741.458      41796          2  0.000e+00
   1509.774     3.6549     3.6544   3.286401   3.286589     1.6320     0.0348     0.0869    4.86505   1741.500      41797          2  0.000e+00
   1509.774     3.6549     3.6544   3.286413   3.286589     2.6969     0.0348     0.0858    9.39013   1741.542      41798          2  0.000e+00
   1509.790     3.6548     3.6541   3.286395   3.286589     1.3467     0.0348     0.0858    3.80540   1741.583      41799          2  0.000e+00
   1509.774     3.6548     3.6544   3.286382   3.286589     1.9965     0.0348     0.0858    6.50405   1741.625      41800          2  0.000e+00
   1509.790     3.6549     3.6543   3.286401   3.286621     2.4881     0.0348     0.0858    8.57022   1741.667      41801          2  0.000e+00
   1509.718     3.6548     3.6542   3.286370   3.286615     1.1564     0.0348     0.0858    2.86366   1741.708      41802          2  0.000e+00
   1509.774     3.6548     3.6544   3.286370   3.286621     2.3720     0.0348     0.0869    8.13696   1741.750      41803          2  0.000e+00
   1509.790     3.6548     3.6544   3.286382   3.286557     2.2164     0.0348     0.0869    7.48420   1741.792      41804          2  0.000e+00
   1509.718     3.6548     3.6542   3.286382   3.286621     1.1366     0.0348     0.0869    2.67168   1741.833      41805          2  0.000e+00
   1509.774     3.6549     3.6545   3.286382   3.286621     2.6772     0.0348     0.0869    9.42094   1741.875      41806          2  0.000e+00
   1509.726     3.6551     3.6542   3.286401   3.286589     1.9211     0.0348     0.0869    6.27884   1741.917      41807          2  0.000e+00
   1509.718     3.6549     3.6545   3.286413   3.286557     1.3121     0.0348     0.0869    3.42919   1741.958      41808          2  0.000e+00
   1509.726     3.6551     3.6545   3.286394   3.286589     2.7871     0.0348     0.0880    9.80708   1742.000      41809          2  0.000e+00
   1509.718     3.6553     3.6544   3.286401   3.286621     1.6308     0.0348     0.0880    5.04716   1742.042      41810          2  0.000e+00
   1509.653     3.6552     3.6544   3.286413   3.286615     1.6073     0.0348     0.0869    4.74593   1742.083      41811          2  0.000e+00
   1509.726     3.6549     3.6545   3.286413   3.286589     2.7093     0.0348     0.0869    9.43347   1742.125      41812          2  0.000e+00
   1509.653     3.6553     3.6544   3.286413   3.286653     1.3664     0.0348     0.0869    3.88697   1742.167      41813          2  0.000e+00
   1509.718     3.6551     3.6545   3.286413   3.286621     1.9668     0.0348     0.0869    6.36675   1742.208      41814          2  0.000e+00
   1509.670     3.6549     3.6545   3.286370   3.286621     2.5079     0.0348     0.0880    8.64429   1742.250      41815          2  0.000e+00
   1509.653     3.6551     3.6547   3.286370   3.286589     1.1651     0.0348     0.0880    2.90679   1742.292      41816          2  0.000e+00
   1509.670     3.6552     3.6547   3.286382   3.286621     2.3399     0.0348     0.0880    7.98796   1742.333      41817          2  0.000e+00
   1509.589     3.6553     3.6547   3.286364   3.286621     2.2472     0.0470     0.0869    7.61416   1742.375      41818          2  0.000e+00
   1509.589     3.6553     3.6547   3.286352   3.286621     1.1255     0.0348     0.0869    2.62162   1742.417      41819          2  0.000e+00
   1509.605     3.6551     3.6549   3.286394   3.286615     2.6487     0.0348     0.0869    9.27903   1742.458      41820          2  0.000e+00
   1509.589     3.6554     3.6548   3.286394   3.286621     1.9569     0.0348     0.0869    6.43105   1742.500      41821          2  0.000e+00
   1509.589     3.6551     3.6547   3.286400   3.286653     1.2824     0.0348     0.0869    3.28119   1742.542      41822          2  0.000e+00
   1509.549     3.6553     3.6550   3.286431   3.286653     2.7846     0.0348     0.0869    9.78339   1742.583      41823          2  0.000e+00
   1509.589     3.6554     3.6545   3.286400   3.286589     1.6679     0.0348     0.0869    5.21262   1742.625      41824          2  0.000e+00
   1509.484     3.6554     3.6547   3.286400   3.286589     1.5653     0.0348     0.0869    4.53986   1742.667      41825          2  0.000e+00
   1509.533     3.6553     3.6547   3.286413   3.286653     2.7278     0.0348     0.0869    9.50235   1742.708      41826          2  0.000e+00
   1509.533     3.6553     3.6547   3.286413   3.286653     1.3986     0.0348     0.0880    4.04297   1742.750      41827          2  0.000e+00
   1509.420     3.6551     3.6548   3.286413   3.286589     1.9162     0.0348     0.0880    6.12571   1742.792      41828          2  0.000e+00
   1509.468     3.6553     3.6550   3.286413   3.286615     2.5450     0.0348     0.0880    8.80559   1742.833      41829          2  0.000e+00
   1509.484     3.6551     3.6549   3.286394   3.286621     1.1873     0.0348     0.0869    3.03902   1742.875      41830          2  0.000e+00
   1509.468     3.6551     3.6549   3.286364   3.286621     2.2806     0.0348     0.0869    7.71398   1742.917      41831          2  0.000e+00
   1509.412     3.6551     3.6547   3.286419   3.286621     2.2880     0.0348     0.0869    7.79217   1742.958      41832          2  0.000e+00
   1509.420     3.6551     3.6549   3.286400   3.286621     1.1181     0.0348     0.0869    2.60018   1743.000      41833          2  0.000e+00
   1509.347     3.6551     3.6547   3.286400   3.286653     2.6117     0.0226     0.0869    9.10355   1743.042      41834          2  0.000e+00
   1509.412     3.6550     3.6546   3.286394   3.286589     1.9989     0.0226     0.0880    6.61580   1743.083      41835          2  0.000e+00
   1509.299     3.6553     3.6547   3.286382   3.286589     1.2503     0.0226     0.0880    3.12842   1743.125      41836          2  0.000e+00
   1509.347     3.6551     3.6545   3.286382   3.286653     2.7785     0.0226     0.0880    9.74835   1743.167      41837          2  0.000e+00
   1509.351     3.6549     3.6550   3.286394   3.286589     1.9199     0.0226     0.0869    6.32451   1753.250      42079          3  0.000e+00
   1509.351     3.6548     3.6547   3.286382   3.286621     1.3121     0.0226     0.0869    3.38401   1753.292      42080          3  0.000e+00
   1509.367     3.6546     3.6547   3.286364   3.286589     2.7884     0.0226     0.0869    9.75001   1753.333      42081          3  0.000e+00
   1509.351     3.6546     3.6545   3.286352   3.286621     1.6333     0.0226     0.0869    5.12425   1753.375      42082          3  0.000e+00
   1509.416     3.6545     3.6544   3.286334   3.286621     1.6012     0.0226     0.0869    4.66931   1753.417      42083          3  0.000e+00
   1509.368     3.6543     3.6547   3.286340   3.286621     2.7118     0.0226     0.0880    9.45455   1753.458      42084          3  0.000e+00
   1509.351     3.6543     3.6547   3.286334   3.286589     1.3714     0.0226     0.0890    3.98336   1753.500      42085          3  0.000e+00
   1509.424     3.6545     3.6545   3.286322   3.286589     1.9496     0.0226     0.0890    6.23810   1753.542      42086          3  0.000e+00
   1509.416     3.6543     3.6544   3.286340   3.286589     2.5203     0.0226     0.0880    8.76348   1753.583      42087          3  0.000e+00
   1509.351     3.6543     3.6544   3.286352   3.286589     1.1738     0.0226     0.0890    3.00744   1753.625      42088          3  0.000e+00
   1509.424     3.6543     3.6545   3.286334   3.286589     2.3190     0.0226     0.0890    7.83787   1753.667      42089          3  0.000e+00
   1509.416     3.6546     3.6542   3.286322   3.286589     2.2609     0.0226     0.0869    7.75298   1753.708      42090          3  0.000e+00
   1509.416     3.6544     3.6544   3.286322   3.286589     1.1244     0.0226     0.0869    2.63511   1753.750      42091          3  0.000e+00
