Cruise Data/Irminger_Sea-01_KN-221_2014-09-07/Ship Data/ctd/process_mlankhorst/KN22104007.ros
* Sea-Bird SBE 9 Data File:
* FileName = C:\Data\ctd\KN22104007.hdr
* Software Version Seasave V 7.21k
* Temperature SN = 4195
* Conductivity SN = 2147
* Number of Bytes Per Scan = 40
* Number of Voltage Words = 5
* Number of Scans Averaged by the Deck Unit = 1
* NMEA Latitude = 59 55.13 N
* NMEA Longitude = 039 25.73 W
* NMEA UTC (Time) = Sep 15 2014 15:50:10
** KN221-04 Chief Scientist: Bob Weller
** OOI Irminger Sea Sept. 2014
** Station: 007
** Knudsen Depth: 2737
# nquan = 13
# nvalues = 588                                   
# units = specified
# name 0 = prDM: Pressure, Digiquartz [db]
# name 1 = t090C: Temperature [ITS-90, deg C]
# name 2 = t190C: Temperature, 2 [ITS-90, deg C]
# name 3 = c0S/m: Conductivity [S/m]
# name 4 = c1S/m: Conductivity, 2 [S/m]
# name 5 = sbeox0V: Oxygen raw, SBE 43 [V]
# name 6 = flECO-AFL: Fluorescence, WET Labs ECO-AFL/FL [mg/m^3]
# name 7 = CStarAt0: Beam Attenuation, WET Labs C-Star [1/m]
# name 8 = sbeox0ML/L: Oxygen, SBE 43 [ml/l]
# name 9 = timeS: Time, Elapsed [seconds]
# name 10 = scan: Scan Count
# name 11 = nbf: Bottles Fired
# name 12 = flag:  0.000e+00
# interval = seconds: 0.0416667
# start_time = Sep 15 2014 15:50:10 [NMEA time, header]
# bad_flag = -9.990e-29
*END*
[from data line 556]
      3.597     7.8900     7.8885   3.593782   3.593976     2.1760     0.4133     0.3011    4.98470   3743.625      89848         12  0.000e+00
      3.652     7.8904     7.8890   3.593807   3.593970     2.1760     0.4133     0.2999    4.98431   3743.667      89849         12  0.000e+00
      3.534     7.8901     7.8893   3.593813   3.593976     2.1760     0.4133     0.2999    4.98387   3743.708      89850         12  0.000e+00
      3.597     7.8900     7.8890   3.593782   3.594029     2.1760     0.4133     0.2988    4.98355   3743.750      89851         12  0.000e+00
      3.613     7.8900     7.8890   3.593769   3.594003     2.1760     0.4133     0.2988    4.98318   3743.792      89852         12  0.000e+00
      3.597     7.8903     7.8888   3.593819   3.593976     2.1760     0.4011     0.2976    4.98274   3743.833      89853         12  0.000e+00
      3.597     7.8902     7.8887   3.593838   3.593937     2.1773     0.4011     0.2976    4.98682   3743.875      89854         12  0.000e+00
      3.597     7.8901     7.8887   3.593819   3.594002     2.1773     0.4011     0.2976    4.98725   3743.917      89855         12  0.000e+00
      3.597     7.8904     7.8890   3.593807   3.593943     2.1773     0.4011     0.2976    4.98761   3743.958      89856         12  0.000e+00
      3.550     7.8903     7.8891   3.593807   3.593970     2.1760     0.4011     0.2988    4.98348   3744.000      89857         12  0.000e+00
      3.534     7.8898     7.8892   3.593769   3.594009     2.1760     0.4011     0.2988    4.98304   3744.042      89858         12  0.000e+00
      3.597     7.8902     7.8893   3.593794   3.594002     2.1760     0.4011     0.2988    4.98255   3744.083      89859         12  0.000e+00
      3.479     7.8900     7.8894   3.593807   3.594002     2.1773     0.4011     0.2988    4.98646   3744.125      89860         12  0.000e+00
      3.597     7.8902     7.8890   3.593807   3.593976     2.1760     0.4011     0.2988    4.98237   3744.167      89861         12  0.000e+00
      3.495     7.8900     7.8888   3.593807   3.594002     2.1760     0.4011     0.2976    4.98180   3744.208      89862         12  0.000e+00
      3.534     7.8900     7.8887   3.593782   3.593937     2.1760     0.4011     0.2976    4.98131   3744.250      89863         12  0.000e+00
      3.479     7.8902     7.8889   3.593769   3.593943     2.1773     0.4011     0.2976    4.98520   3744.292      89864         12  0.000e+00
      3.479     7.8903     7.8892   3.593794   3.594002     2.1773     0.4011     0.2976    4.98546   3744.333      89865         12  0.000e+00
      3.479     7.8904     7.8892   3.593731   3.594002     2.1760     0.4011     0.2976    4.98126   3744.375      89866         12  0.000e+00
      3.495     7.8901     7.8891   3.593744   3.593976     2.1760     0.4011     0.2976    4.98070   3744.417      89867         12  0.000e+00
      3.416     7.8901     7.8890   3.593794   3.594002     2.1760     0.4011     0.2976    4.98004   3744.458      89868         12  0.000e+00
      3.416     7.8902     7.8892   3.593782   3.594009     2.1760     0.4011     0.2976    4.97945   3744.500      89869         12  0.000e+00
      3.416     7.8903     7.8892   3.593794   3.594002     2.1773     0.4011     0.2976    4.98416   3744.542      89870         12  0.000e+00
      3.416     7.8902     7.8891   3.593757   3.594002     2.1760     0.4011     0.2976    4.98084   3744.583      89871         12  0.000e+00
      3.322     7.8901     7.8890   3.593756   3.593943     2.1760     0.4011     0.2976    4.98023   3744.625      89872         12  0.000e+00
      3.416     7.8901     7.8890   3.593769   3.593969     2.1773     0.4011     0.2976    4.98419   3744.667      89873         12  0.000e+00
      3.306     7.8902     7.8888   3.593750   3.593969     2.1760     0.4011     0.2988    4.97990   3744.708      89874         12  0.000e+00
      3.306     7.8900     7.8888   3.593738   3.593943     2.1773     0.4011     0.2976    4.98379   3744.750      89875         12  0.000e+00
      3.377     7.8899     7.8888   3.593738   3.593969     2.1760     0.4011     0.2988    4.97960   3744.792      89876         12  0.000e+00
      3.244     7.8901     7.8889   3.593775   3.593943     2.1760     0.4011     0.2988    4.97885   3744.833      89877         12  0.000e+00
      3.244     7.8900     7.8890   3.593775   3.593969     2.1760     0.4011     0.2988    4.97824   3744.875      89878         12  0.000e+00
      3.244     7.8900     7.8890   3.593750   3.593969     2.1760     0.4011     0.2988    4.97761   3744.917      89879         12  0.000e+00
