Cruise Data/Irminger_Sea-01_KN-221_2014-09-07/Ship Data/ctd/process_mlankhorst/KN22104009.ros
* Sea-Bird SBE 9 Data File:
* FileName = C:\Data\ctd\KN22104009.hdr
* Software Version Seasave V 7.21k
* Temperature SN = 4195
* Conductivity SN = 2147
* Number of Bytes Per Scan = 40
* Number of Voltage Words = 5
* Number of Scans Averaged by the Deck Unit = 1
* NMEA Latitude = 59 46.27 N
* NMEA Longitude = 039 38.47 W
* NMEA UTC (Time) = Sep 17 2014 13:48:49
** KN221-04 Chief Scientist: Bob Weller
** OOI Irminger Sea Sept. 2014
** Station: 009
** Knudsen Depth: 2758
# nquan = 13
# nvalues = 588                                   
# units = specified
# name 0 = prDM: Pressure, Digiquartz [db]
# name 1 = t090C: Temperature [ITS-90, deg C]
# name 2 = t190C: Temperature, 2 [ITS-90, deg C]
# name 3 = c0S/m: Conductivity [S/m]
# name 4 = c1S/m: Conductivity, 2 [S/m]
# name 5 = sbeox0V: Oxygen raw, SBE 43 [V]
# name 6 = flECO-AFL: Fluorescence, WET Labs ECO-AFL/FL [mg/m^3]
# name 7 = CStarAt0: Beam Attenuation, WET Labs C-Star [1/m]
# name 8 = sbeox0ML/L: Oxygen, SBE 43 [ml/l]
# name 9 = timeS: Time, Elapsed [seconds]
# name 10 = scan: Scan Count
# name 11 = nbf: Bottles Fired
# name 12 = flag:  0.000e+00
# interval = seconds: 0.0416667
# start_time = Sep 17 2014 13:48:49 [NMEA time, header]
# bad_flag = -9.990e-29
*END*
   1004.701     3.6967     3.6960   3.263546   3.263738     1.7861     0.0226     0.0760    4.83483   1177.792      28268          1  0.000e+00
   1004.701     3.6964     3.6961   3.263558   3.263693     1.7861     0.0226     0.0760    4.83767   1177.833      28269          1  0.000e+00
   1004.677     3.6964     3.6960   3.263534   3.263750     1.7849     0.0226     0.0760    4.83429   1177.875      28270          1  0.000e+00
   1004.701     3.6965     3.6961   3.263534   3.263706     1.7849     0.0226     0.0760    4.83396   1177.917      28271          1  0.000e+00
   1004.821     3.6965     3.6963   3.263522   3.263693     1.7849     0.0226     0.0760    4.83372   1177.958      28272          1  0.000e+00
   1004.557     3.6965     3.6961   3.263552   3.263750     1.7849     0.0226     0.0760    4.83484   1178.000      28273          1  0.000e+00
   1004.821     3.6965     3.6965   3.263570   3.263763     1.7849     0.0226     0.0760    4.83638   1178.042      28274          1  0.000e+00
   1004.701     3.6964     3.6961   3.263594   3.263782     1.7849     0.0226     0.0760    4.83611   1178.083      28275          1  0.000e+00
   1004.861     3.6965     3.6963   3.263582   3.263751     1.7849     0.0226     0.0760    4.83601   1178.125      28276          1  0.000e+00
   1004.757     3.6965     3.6963   3.263552   3.263763     1.7861     0.0226     0.0770    4.84194   1178.167      28277          1  0.000e+00
   1004.797     3.6965     3.6960   3.263522   3.263719     1.7861     0.0226     0.0770    4.84328   1178.208      28278          1  0.000e+00
   1004.821     3.6964     3.6961   3.263516   3.263719     1.7849     0.0226     0.0770    4.83837   1178.250      28279          1  0.000e+00
   1004.821     3.6964     3.6961   3.263528   3.263751     1.7849     0.0226     0.0770    4.83804   1178.292      28280          1  0.000e+00
   1004.797     3.6961     3.6960   3.263540   3.263738     1.7849     0.0226     0.0781    4.83773   1178.333      28281          1  0.000e+00
   1004.877     3.6961     3.6963   3.263546   3.263751     1.7861     0.0226     0.0770    4.84363   1178.375      28282          1  0.000e+00
   1004.877     3.6964     3.6961   3.263540   3.263751     1.7861     0.0226     0.0770    4.84478   1178.417      28283          1  0.000e+00
   1004.861     3.6962     3.6963   3.263540   3.263738     1.7861     0.0226     0.0770    4.84590   1178.458      28284          1  0.000e+00
   1004.877     3.6965     3.6960   3.263582   3.263751     1.7849     0.0226     0.0770    4.84072   1178.500      28285          1  0.000e+00
   1004.917     3.6964     3.6963   3.263540   3.263751     1.7849     0.0226     0.0770    4.84026   1178.542      28286          1  0.000e+00
   1004.941     3.6962     3.6966   3.263516   3.263738     1.7849     0.0226     0.0770    4.83978   1178.583      28287          1  0.000e+00
   1004.941     3.6964     3.6965   3.263552   3.263751     1.7849     0.0470     0.0781    4.83923   1178.625      28288          1  0.000e+00
   1004.981     3.6962     3.6965   3.263534   3.263719     1.7849     0.0470     0.0781    4.83875   1178.667      28289          1  0.000e+00
   1004.997     3.6962     3.6965   3.263552   3.263795     1.7849     0.0470     0.0781    4.83824   1178.708      28290          1  0.000e+00
   1004.941     3.6962     3.6966   3.263588   3.263751     1.7849     0.0470     0.0781    4.83766   1178.750      28291          1  0.000e+00
   1005.037     3.6964     3.6965   3.263582   3.263814     1.7849     0.0470     0.0770    4.83719   1178.792      28292          1  0.000e+00
   1004.997     3.6965     3.6963   3.263588   3.263738     1.7849     0.0470     0.0770    4.83663   1178.833      28293          1  0.000e+00
   1005.061     3.6965     3.6966   3.263576   3.263782     1.7861     0.0470     0.0770    4.84234   1178.875      28294          1  0.000e+00
   1005.037     3.6965     3.6964   3.263570   3.263751     1.7861     0.0470     0.0770    4.84330   1178.917      28295          1  0.000e+00
   1005.117     3.6968     3.6965   3.263588   3.263751     1.7849     0.0470     0.0770    4.83805   1178.958      28296          1  0.000e+00
   1005.037     3.6968     3.6963   3.263612   3.263763     1.7849     0.0470     0.0770    4.83733   1179.000      28297          1  0.000e+00
   1005.117     3.6970     3.6964   3.263612   3.263782     1.7849     0.0470     0.0760    4.83672   1179.042      28298          1  0.000e+00
   1005.181     3.6967     3.6965   3.263618   3.263782     1.7849     0.0470     0.0770    4.83614   1179.083      28299          1  0.000e+00
   1005.101     3.6968     3.6963   3.263588   3.263795     1.7849     0.0470     0.0770    4.83543   1179.125      28300          1  0.000e+00
   1005.181     3.6970     3.6965   3.263594   3.263782     1.7861     0.0470     0.0770    4.84099   1179.167      28301          1  0.000e+00
   1005.181     3.6968     3.6966   3.263600   3.263782     1.7861     0.0470     0.0760    4.84186   1179.208      28302          1  0.000e+00
   1005.221     3.6970     3.6966   3.263624   3.263827     1.7849     0.0470     0.0760    4.83646   1179.250      28303          1  0.000e+00
   1005.237     3.6967     3.6968   3.263630   3.263814     1.7849     0.0470     0.0760    4.83572   1179.292      28304          1  0.000e+00
   1005.157     3.6967     3.6967   3.263624   3.263840     1.7849     0.0470     0.0760    4.83488   1179.333      28305          1  0.000e+00
   1005.301     3.6969     3.6968   3.263588   3.263827     1.7861     0.0470     0.0760    4.84037   1179.375      28306          1  0.000e+00
   1005.237     3.6967     3.6966   3.263576   3.263814     1.7861     0.0470     0.0760    4.84107   1179.417      28307          1  0.000e+00
   1005.341     3.6965     3.6968   3.263570   3.263871     1.7849     0.0470     0.0760    4.83563   1179.458      28308          1  0.000e+00
   1005.301     3.6967     3.6969   3.263594   3.263827     1.7849     0.0470     0.0760    4.83466   1179.500      28309          1  0.000e+00
   1005.301     3.6965     3.6970   3.263618   3.263814     1.7861     0.0470     0.0760    4.83994   1179.542      28310          1  0.000e+00
   1005.341     3.6964     3.6968   3.263624   3.263871     1.7861     0.0470     0.0760    4.84057   1179.583      28311          1  0.000e+00
   1005.365     3.6965     3.6970   3.263612   3.263871     1.7849     0.0470     0.0760    4.83491   1179.625      28312          1  0.000e+00
   1005.397     3.6965     3.6969   3.263600   3.263827     1.7849     0.0470     0.0760    4.83389   1179.667      28313          1  0.000e+00
   1005.365     3.6967     3.6968   3.263594   3.263814     1.7849     0.0470     0.0760    4.83282   1179.708      28314          1  0.000e+00
   1005.421     3.6967     3.6970   3.263600   3.263840     1.7849     0.0470     0.0770    4.83181   1179.750      28315          1  0.000e+00
   1005.397     3.6965     3.6969   3.263643   3.263827     1.7849     0.0470     0.0770    4.83238   1179.792      28316          1  0.000e+00
   1004.560     3.6968     3.6963   3.263582   3.263750     1.7849     0.0348     0.0760    4.83239   1188.625      28528          2  0.000e+00
   1004.640     3.6968     3.6965   3.263588   3.263750     1.7849     0.0348     0.0760    4.83407   1188.667      28529          2  0.000e+00
   1004.584     3.6970     3.6964   3.263576   3.263738     1.7861     0.0348     0.0760    4.84027   1188.708      28530          2  0.000e+00
   1004.624     3.6965     3.6963   3.263594   3.263750     1.7849     0.0470     0.0760    4.83572   1188.750      28531          2  0.000e+00
   1004.640     3.6968     3.6965   3.263582   3.263782     1.7849     0.0470     0.0770    4.83571   1188.792      28532          2  0.000e+00
   1004.624     3.6968     3.6963   3.263594   3.263719     1.7849     0.0470     0.0770    4.83569   1188.833      28533          2  0.000e+00
   1004.585     3.6968     3.6964   3.263582   3.263795     1.7849     0.0470     0.0770    4.83567   1188.875      28534          2  0.000e+00
   1004.585     3.6967     3.6963   3.263588   3.263719     1.7849     0.0470     0.0770    4.83569   1188.917      28535          2  0.000e+00
   1004.625     3.6967     3.6966   3.263582   3.263782     1.7849     0.0470     0.0760    4.83408   1188.958      28536          2  0.000e+00
   1004.585     3.6967     3.6966   3.263552   3.263795     1.7849     0.0470     0.0760    4.83401   1189.000      28537          2  0.000e+00
   1004.705     3.6967     3.6966   3.263576   3.263814     1.7849     0.0470     0.0760    4.83401   1189.042      28538          2  0.000e+00
   1004.625     3.6967     3.6965   3.263600   3.263782     1.7849     0.0470     0.0770    4.83388   1189.083      28539          2  0.000e+00
   1004.705     3.6967     3.6966   3.263582   3.263763     1.7849     0.0470     0.0770    4.83388   1189.125      28540          2  0.000e+00
   1004.641     3.6968     3.6966   3.263570   3.263782     1.7849     0.0470     0.0770    4.83376   1189.167      28541          2  0.000e+00
   1004.681     3.6968     3.6968   3.263570   3.263814     1.7849     0.0470     0.0760    4.83372   1189.208      28542          2  0.000e+00
   1004.705     3.6968     3.6965   3.263612   3.263795     1.7849     0.0470     0.0770    4.83366   1189.250      28543          2  0.000e+00
   1004.681     3.6968     3.6966   3.263588   3.263782     1.7849     0.0470     0.0760    4.83359   1189.292      28544          2  0.000e+00
   1004.705     3.6968     3.6966   3.263594   3.263750     1.7849     0.0470     0.0760    4.83354   1189.333      28545          2  0.000e+00
   1004.761     3.6970     3.6966   3.263600   3.263782     1.7849     0.0470     0.0760    4.83349   1189.375      28546          2  0.000e+00
   1004.745     3.6968     3.6963   3.263612   3.263763     1.7849     0.0470     0.0760    4.83342   1189.417      28547          2  0.000e+00
   1004.825     3.6967     3.6964   3.263630   3.263782     1.7849     0.0470     0.0760    4.83342   1189.458      28548          2  0.000e+00
   1004.825     3.6970     3.6965   3.263606   3.263751     1.7849     0.0470     0.0760    4.83333   1189.500      28549          2  0.000e+00
   1004.801     3.6970     3.6966   3.263600   3.263795     1.7849     0.0470     0.0760    4.83326   1189.542      28550          2  0.000e+00
   1004.881     3.6968     3.6965   3.263618   3.263782     1.7849     0.0470     0.0760    4.83325   1189.583      28551          2  0.000e+00
   1004.881     3.6970     3.6967   3.263606   3.263751     1.7849     0.0470     0.0760    4.83318   1189.625      28552          2  0.000e+00
   1004.921     3.6969     3.6966   3.263624   3.263827     1.7849     0.0470     0.0760    4.83314   1189.667      28553          2  0.000e+00
   1004.945     3.6968     3.6965   3.263673   3.263782     1.7849     0.0470     0.0760    4.83308   1189.708      28554          2  0.000e+00
   1004.985     3.6968     3.6965   3.263618   3.263782     1.7849     0.0470     0.0760    4.83306   1189.750      28555          2  0.000e+00
   1005.001     3.6970     3.6967   3.263642   3.263827     1.7849     0.0348     0.0760    4.83298   1189.792      28556          2  0.000e+00
   1005.001     3.6970     3.6965   3.263660   3.263751     1.7849     0.0348     0.0760    4.83291   1189.833      28557          2  0.000e+00
   1005.040     3.6970     3.6965   3.263654   3.263814     1.7849     0.0348     0.0760    4.83287   1189.875      28558          2  0.000e+00
   1005.120     3.6970     3.6966   3.263618   3.263827     1.7849     0.0348     0.0770    4.83288   1189.917      28559          2  0.000e+00
   1005.120     3.6970     3.6965   3.263618   3.263782     1.7849     0.0348     0.0760    4.83281   1189.958      28560          2  0.000e+00
   1005.160     3.6972     3.6966   3.263667   3.263782     1.7849     0.0348     0.0770    4.83274   1190.000      28561          2  0.000e+00
   1005.184     3.6972     3.6966   3.263667   3.263840     1.7849     0.0348     0.0770    4.83269   1190.042      28562          2  0.000e+00
   1005.224     3.6970     3.6967   3.263661   3.263859     1.7849     0.0348     0.0770    4.83267   1190.083      28563          2  0.000e+00
   1005.304     3.6970     3.6968   3.263655   3.263840     1.7849     0.0348     0.0770    4.83266   1190.125      28564          2  0.000e+00
   1005.240     3.6972     3.6968   3.263679   3.263840     1.7849     0.0348     0.0770    4.83253   1190.167      28565          2  0.000e+00
   1005.344     3.6973     3.6966   3.263642   3.263859     1.7862     0.0348     0.0770    4.83871   1190.208      28566          2  0.000e+00
   1005.424     3.6972     3.6969   3.263649   3.263840     1.7849     0.0348     0.0760    4.83403   1190.250      28567          2  0.000e+00
   1005.368     3.6972     3.6968   3.263697   3.263871     1.7849     0.0348     0.0760    4.83385   1190.292      28568          2  0.000e+00
   1005.464     3.6973     3.6966   3.263715   3.263859     1.7849     0.0348     0.0760    4.83376   1190.333      28569          2  0.000e+00
   1005.488     3.6975     3.6969   3.263697   3.263871     1.7849     0.0348     0.0760    4.83363   1190.375      28570          2  0.000e+00
   1005.464     3.6975     3.6968   3.263709   3.263840     1.7849     0.0348     0.0760    4.83348   1190.417      28571          2  0.000e+00
   1005.544     3.6975     3.6968   3.263733   3.263884     1.7849     0.0348     0.0760    4.83340   1190.458      28572          2  0.000e+00
   1005.608     3.6975     3.6970   3.263727   3.263814     1.7849     0.0348     0.0770    4.83331   1190.500      28573          2  0.000e+00
   1005.584     3.6975     3.6971   3.263721   3.263871     1.7849     0.0348     0.0760    4.83317   1190.542      28574          2  0.000e+00
   1005.664     3.6978     3.6971   3.263715   3.263884     1.7849     0.0348     0.0770    4.83306   1190.583      28575          2  0.000e+00
   1005.648     3.6973     3.6970   3.263697   3.263871     1.7862     0.0348     0.0760    4.83916   1190.625      28576          2  0.000e+00
    804.373     3.5817     3.5817   3.242360   3.242628     1.8733     0.0348     0.0770    5.05392   1490.333      35769          3  0.000e+00
    804.437     3.5820     3.5820   3.242360   3.242564     1.8721     0.0348     0.0770    5.05072   1490.375      35770          3  0.000e+00
    804.317     3.5817     3.5819   3.242354   3.242539     1.8733     0.0348     0.0770    5.05808   1490.417      35771          3  0.000e+00
    804.493     3.5818     3.5817   3.242372   3.242596     1.8745     0.0348     0.0770    5.06404   1490.458      35772          3  0.000e+00
    804.373     3.5818     3.5820   3.242366   3.242577     1.8721     0.0348     0.0770    5.05322   1490.500      35773          3  0.000e+00
    804.373     3.5818     3.5819   3.242366   3.242596     1.8721     0.0348     0.0770    5.05150   1490.542      35774          3  0.000e+00
    804.381     3.5817     3.5819   3.242378   3.242564     1.8721     0.0348     0.0770    5.04979   1490.583      35775          3  0.000e+00
    804.620     3.5818     3.5820   3.242366   3.242596     1.8733     0.0348     0.0770    5.05420   1490.625      35776          3  0.000e+00
    804.493     3.5818     3.5820   3.242354   3.242609     1.8733     0.0348     0.0770    5.05381   1490.667      35777          3  0.000e+00
    804.493     3.5817     3.5820   3.242348   3.242596     1.8721     0.0348     0.0770    5.04748   1490.708      35778          3  0.000e+00
    804.437     3.5818     3.5819   3.242348   3.242596     1.8721     0.0348     0.0770    5.04865   1490.750      35779          3  0.000e+00
    804.556     3.5817     3.5822   3.242396   3.242596     1.8733     0.0348     0.0770    5.05299   1490.792      35780          3  0.000e+00
    804.556     3.5817     3.5820   3.242348   3.242640     1.8733     0.0348     0.0770    5.05270   1490.833      35781          3  0.000e+00
