Cruise Data/Irminger_Sea-01_KN-221_2014-09-07/Ship Data/ctd/process_mlankhorst/kn22104001.ros
* Sea-Bird SBE 9 Data File:
* FileName = C:\Data\ctd\KN22104001.hdr
* Software Version Seasave V 7.21k
* Temperature SN = 4195
* Conductivity SN = 2147
* Number of Bytes Per Scan = 40
* Number of Voltage Words = 5
* Number of Scans Averaged by the Deck Unit = 1
* NMEA Latitude = 62 06.42 N
* NMEA Longitude = 031 22.90 W
* NMEA UTC (Time) = Sep 08 2014 11:39:06
** KN221-03 Chief Scientist: Bob Pickart
** OSNAP August 2014
** Station: 001
** Knudsen Depth: 2401
# nquan = 13
# nvalues = 588                                   
# units = specified
# name 0 = prDM: Pressure, Digiquartz [db]
# name 1 = t090C: Temperature [ITS-90, deg C]
# name 2 = t190C: Temperature, 2 [ITS-90, deg C]
# name 3 = c0S/m: Conductivity [S/m]
# name 4 = c1S/m: Conductivity, 2 [S/m]
# name 5 = sbeox0V: Oxygen raw, SBE 43 [V]
# name 6 = flECO-AFL: Fluorescence, WET Labs ECO-AFL/FL [mg/m^3]
# name 7 = CStarAt0: Beam Attenuation, WET Labs C-Star [1/m]
# name 8 = sbeox0ML/L: Oxygen, SBE 43 [ml/l]
# name 9 = timeS: Time, Elapsed [seconds]
# name 10 = scan: Scan Count
# name 11 = nbf: Bottles Fired
# name 12 = flag:  0.000e+00
# interval = seconds: 0.0416667
# start_time = Sep 08 2014 11:39:06 [NMEA time, header]
# bad_flag = -9.990e-29
*END*
[from data line 112]
   1509.416     3.6542     3.6547   3.286382   3.286589     1.9669     0.0226     0.0869    6.54380   1753.833      42093          3  0.000e+00
   1509.424     3.6545     3.6545   3.286316   3.286589     1.2739     0.0226     0.0869    3.21899   1753.875      42094          3  0.000e+00
   1509.416     3.6546     3.6545   3.286334   3.286557     2.7847     0.0226     0.0869    9.73610   1753.917      42095          3  0.000e+00
   1509.473     3.6545     3.6546   3.286352   3.286557     1.6766     0.0226     0.0869    5.32719   1753.958      42096          3  0.000e+00
   1509.368     3.6544     3.6545   3.286334   3.286557     1.5543     0.0226     0.0869    4.46134   1754.000      42097          3  0.000e+00
   1509.473     3.6546     3.6547   3.286322   3.286621     2.7316     0.0226     0.0869    9.53362   1754.042      42098          3  0.000e+00
   1509.368     3.6543     3.6544   3.286322   3.286589     1.4060     0.0226     0.0869    4.15375   1754.083      42099          3  0.000e+00
   1509.473     3.6545     3.6545   3.286322   3.286621     1.9027     0.0470     0.0869    6.03993   1754.125      42100          3  0.000e+00
   1509.416     3.6543     3.6547   3.286322   3.286589     2.5500     0.0470     0.0869    8.88451   1754.167      42101          3  0.000e+00
   1509.424     3.6546     3.6545   3.286364   3.286589     1.1911     0.0470     0.0869    3.11096   1754.208      42102          3  0.000e+00
   1509.473     3.6544     3.6545   3.286340   3.286589     2.2720     0.0470     0.0869    7.64786   1754.250      42103          3  0.000e+00
   1509.416     3.6545     3.6545   3.286340   3.286589     2.2955     0.0470     0.0869    7.89249   1754.292      42104          3  0.000e+00
   1509.424     3.6545     3.6544   3.286334   3.286589     1.1182     0.0470     0.0869    2.62798   1754.333      42105          3  0.000e+00
   1509.416     3.6545     3.6544   3.286340   3.286557     2.6056     0.0470     0.0869    9.04078   1754.375      42106          3  0.000e+00
   1509.424     3.6545     3.6541   3.286370   3.286589     2.0077     0.0470     0.0869    6.71502   1754.417      42107          3  0.000e+00
   1509.416     3.6545     3.6541   3.286364   3.286589     1.2442     0.0470     0.0869    3.10239   1754.458      42108          3  0.000e+00
   1509.416     3.6542     3.6539   3.286334   3.286589     2.7761     0.0470     0.0869    9.71224   1754.500      42109          3  0.000e+00
   1509.424     3.6545     3.6542   3.286322   3.286589     1.7149     0.0470     0.0869    5.48183   1754.542      42110          3  0.000e+00
   1509.416     3.6546     3.6541   3.286322   3.286557     1.5073     0.0470     0.0869    4.25015   1754.583      42111          3  0.000e+00
   1509.416     3.6543     3.6542   3.286340   3.286589     2.7489     0.0470     0.0869    9.58998   1754.625      42112          3  0.000e+00
   1509.424     3.6543     3.6544   3.286334   3.286589     1.4443     0.0470     0.0869    4.31535   1754.667      42113          3  0.000e+00
   1509.416     3.6545     3.6541   3.286322   3.286589     1.8495     0.0470     0.0869    5.80115   1754.708      42114          3  0.000e+00
   1509.368     3.6545     3.6541   3.286322   3.286615     2.5834     0.0470     0.0869    8.99490   1754.750      42115          3  0.000e+00
   1509.416     3.6545     3.6540   3.286322   3.286557     1.2183     0.0470     0.0869    3.24263   1754.792      42116          3  0.000e+00
   1509.416     3.6548     3.6541   3.286304   3.286557     2.2189     0.0470     0.0869    7.42519   1754.833      42117          3  0.000e+00
   1509.368     3.6548     3.6541   3.286334   3.286557     2.3338     0.0470     0.0869    8.03256   1754.875      42118          3  0.000e+00
   1509.417     3.6545     3.6541   3.286334   3.286589     1.1170     0.0470     0.0869    2.63879   1754.917      42119          3  0.000e+00
   1509.352     3.6545     3.6541   3.286322   3.286557     2.5661     0.0470     0.0869    8.88720   1754.958      42120          3  0.000e+00
   1509.368     3.6545     3.6541   3.286322   3.286557     2.0460     0.0470     0.0869    6.85529   1755.000      42121          3  0.000e+00
   1509.352     3.6545     3.6541   3.286322   3.286589     1.2183     0.0470     0.0869    2.99008   1755.042      42122          3  0.000e+00
   1509.368     3.6546     3.6542   3.286322   3.286500     2.7662     0.0470     0.0869    9.68182   1755.083      42123          3  0.000e+00
   1509.352     3.6546     3.6542   3.286322   3.286589     1.7532     0.0470     0.0869    5.62434   1755.125      42124          3  0.000e+00
   1509.417     3.6546     3.6542   3.286322   3.286557     1.4678     0.0348     0.0869    4.07657   1755.167      42125          3  0.000e+00
   1509.368     3.6543     3.6544   3.286322   3.286557     2.7600     0.0348     0.0869    9.62518   1755.208      42126          3  0.000e+00
   1509.288     3.6547     3.6544   3.286364   3.286557     1.4765     0.0348     0.0869    4.43398   1755.250      42127          3  0.000e+00
   1509.066     3.6545     3.6547   3.286334   3.286621     1.5247     0.0348     0.0858    4.76909   1761.333      42273          4  0.000e+00
   1509.114     3.6545     3.6545   3.286334   3.286532     1.7335     0.0348     0.0869    5.21299   1761.375      42274          4  0.000e+00
   1509.050     3.6546     3.6547   3.286322   3.286621     2.6538     0.0348     0.0869    9.32998   1761.417      42275          4  0.000e+00
   1509.122     3.6544     3.6545   3.286304   3.286621     1.2875     0.0348     0.0869    3.67148   1761.458      42276          4  0.000e+00
   1509.050     3.6545     3.6546   3.286358   3.286557     2.0831     0.0348     0.0869    6.75362   1761.500      42277          4  0.000e+00
   1509.114     3.6548     3.6545   3.286340   3.286589     2.4389     0.0348     0.0869    8.57035   1761.542      42278          4  0.000e+00
   1509.001     3.6546     3.6547   3.286322   3.286557     1.1319     0.0348     0.0858    2.79863   1761.583      42279          4  0.000e+00
   1509.114     3.6545     3.6547   3.286340   3.286615     2.4352     0.0348     0.0858    8.21584   1761.625      42280          4  0.000e+00
   1509.122     3.6546     3.6547   3.286334   3.286557     2.1683     0.0348     0.0869    7.47216   1761.667      42281          4  0.000e+00
   1509.050     3.6544     3.6549   3.286322   3.286621     1.1504     0.0348     0.0869    2.67411   1761.708      42282          4  0.000e+00
   1509.114     3.6549     3.6545   3.286304   3.286589     2.7082     0.0348     0.0869    9.32084   1761.750      42283          4  0.000e+00
   1509.066     3.6546     3.6545   3.286291   3.286621     1.8805     0.0470     0.0869    6.26615   1761.792      42284          4  0.000e+00
   1509.050     3.6549     3.6547   3.286291   3.286557     1.3431     0.0348     0.0869    3.43340   1761.833      42285          4  0.000e+00
   1509.123     3.6548     3.6545   3.286334   3.286621     2.7872     0.0470     0.0869    9.68324   1761.875      42286          4  0.000e+00
   1509.050     3.6547     3.6547   3.286334   3.286621     1.5988     0.0348     0.0869    5.09182   1761.917      42287          4  0.000e+00
   1509.050     3.6548     3.6547   3.286340   3.286621     1.6445     0.0348     0.0869    4.79544   1761.958      42288          4  0.000e+00
   1509.066     3.6546     3.6547   3.286334   3.286589     2.6934     0.0348     0.0869    9.45316   1762.000      42289          4  0.000e+00
   1509.115     3.6546     3.6546   3.286322   3.286557     1.3419     0.0348     0.0869    3.93914   1762.042      42290          4  0.000e+00
   1509.002     3.6548     3.6545   3.286322   3.286653     2.0003     0.0348     0.0869    6.38766   1762.083      42291          4  0.000e+00
   1509.171     3.6546     3.6547   3.286304   3.286589     2.4883     0.0348     0.0858    8.75110   1762.125      42292          4  0.000e+00
   1509.050     3.6547     3.6547   3.286310   3.286589     1.1541     0.0348     0.0858    2.93356   1762.167      42293          4  0.000e+00
   1509.066     3.6548     3.6545   3.286340   3.286589     2.3635     0.0348     0.0869    7.90640   1762.208      42294          4  0.000e+00
   1509.115     3.6546     3.6545   3.286334   3.286621     2.2264     0.0348     0.0869    7.70788   1762.250      42295          4  0.000e+00
   1509.115     3.6548     3.6544   3.286340   3.286589     1.1294     0.0348     0.0869    2.60379   1762.292      42296          4  0.000e+00
   1509.066     3.6548     3.6546   3.286352   3.286589     2.6637     0.0348     0.0869    9.12089   1762.333      42297          4  0.000e+00
   1509.050     3.6548     3.6545   3.286352   3.286589     1.9386     0.0348     0.0869    6.49831   1762.375      42298          4  0.000e+00
   1509.123     3.6547     3.6547   3.286334   3.286615     1.2974     0.0348     0.0869    3.22740   1762.417      42299          4  0.000e+00
   1509.050     3.6546     3.6545   3.286340   3.286589     2.7860     0.0348     0.0869    9.63677   1762.458      42300          4  0.000e+00
   1509.115     3.6546     3.6547   3.286352   3.286557     1.6482     0.0348     0.0869    5.25710   1762.500      42301          4  0.000e+00
   1509.067     3.6546     3.6545   3.286352   3.286621     1.5865     0.0348     0.0869    4.51677   1762.542      42302          4  0.000e+00
   1509.050     3.6545     3.6544   3.286334   3.286589     2.7181     0.0348     0.0869    9.47949   1762.583      42303          4  0.000e+00
   1509.123     3.6551     3.6543   3.286364   3.286557     1.3826     0.0348     0.0869    4.08802   1762.625      42304          4  0.000e+00
   1509.115     3.6545     3.6547   3.286340   3.286589     1.9361     0.0348     0.0869    6.10946   1762.667      42305          4  0.000e+00
   1509.051     3.6548     3.6547   3.286364   3.286589     2.5291     0.0348     0.0869    8.84014   1762.708      42306          4  0.000e+00
   1509.123     3.6549     3.6547   3.286364   3.286557     1.1788     0.0348     0.0869    3.05576   1762.750      42307          4  0.000e+00
   1509.115     3.6549     3.6545   3.286352   3.286615     2.3079     0.0348     0.0869    7.72578   1762.792      42308          4  0.000e+00
   1509.115     3.6551     3.6545   3.286370   3.286557     2.2610     0.0348     0.0869    7.78427   1762.833      42309          4  0.000e+00
   1509.067     3.6551     3.6545   3.286364   3.286621     1.1195     0.0348     0.0869    2.59104   1762.875      42310          4  0.000e+00
   1509.115     3.6550     3.6545   3.286352   3.286557     2.6279     0.0348     0.0869    9.03537   1762.917      42311          4  0.000e+00
   1509.123     3.6548     3.6544   3.286352   3.286621     1.9954     0.0348     0.0869    6.70310   1762.958      42312          4  0.000e+00
   1509.115     3.6545     3.6547   3.286370   3.286589     1.2554     0.0348     0.0869    3.09726   1763.000      42313          4  0.000e+00
   1509.115     3.6546     3.6545   3.286364   3.286557     2.7811     0.0348     0.0869    9.66227   1763.042      42314          4  0.000e+00
   1509.123     3.6548     3.6545   3.286352   3.286589     1.7075     0.0348     0.0869    5.50342   1763.083      42315          4  0.000e+00
   1509.115     3.6546     3.6542   3.286334   3.286589     1.5173     0.0348     0.0869    4.24966   1763.125      42316          4  0.000e+00
   1509.123     3.6547     3.6546   3.286340   3.286589     2.7477     0.0348     0.0869    9.58845   1763.167      42317          4  0.000e+00
   1509.115     3.6543     3.6545   3.286334   3.286557     1.4407     0.0348     0.0869    4.35479   1763.208      42318          4  0.000e+00
   1509.172     3.6546     3.6545   3.286322   3.286589     1.8508     0.0348     0.0869    5.76145   1763.250      42319          4  0.000e+00
   1509.123     3.6546     3.6544   3.286340   3.286589     2.5834     0.0348     0.0869    9.04186   1763.292      42320          4  0.000e+00
   1509.172     3.6543     3.6542   3.286352   3.286589     1.2183     0.0348     0.0869    3.27995   1763.333      42321          4  0.000e+00
   1509.240     3.6545     3.6544   3.286310   3.286589     1.5890     0.0348     0.0869    4.59921   1769.208      42462          5  0.000e+00
   1509.313     3.6543     3.6542   3.286334   3.286557     2.7169     0.0348     0.0869    9.46299   1769.250      42463          5  0.000e+00
   1509.240     3.6545     3.6542   3.286352   3.286589     1.3815     0.0348     0.0869    4.02565   1769.292      42464          5  0.000e+00
   1509.240     3.6545     3.6542   3.286334   3.286557     1.9386     0.0348     0.0858    6.17512   1769.333      42465          5  0.000e+00
   1509.256     3.6545     3.6545   3.286364   3.286621     2.5279     0.0348     0.0869    8.78211   1769.375      42466          5  0.000e+00
   1509.240     3.6548     3.6542   3.286364   3.286557     1.1776     0.0348     0.0869    3.01893   1769.417      42467          5  0.000e+00
   1509.256     3.6543     3.6545   3.286334   3.286557     2.3105     0.0348     0.0869    7.79242   1769.458      42468          5  0.000e+00
   1509.240     3.6545     3.6547   3.286322   3.286589     2.2647     0.0348     0.0869    7.75005   1769.500      42469          5  0.000e+00
   1509.240     3.6545     3.6544   3.286322   3.286557     1.1245     0.0348     0.0858    2.62536   1769.542      42470          5  0.000e+00
   1509.256     3.6547     3.6545   3.286340   3.286621     2.6354     0.0348     0.0869    9.14951   1769.583      42471          5  0.000e+00
   1509.176     3.6546     3.6547   3.286352   3.286557     1.9720     0.0348     0.0869    6.54519   1769.625      42472          5  0.000e+00
   1509.240     3.6549     3.6545   3.286352   3.286557     1.2715     0.0470     0.0869    3.19965   1769.667      42473          5  0.000e+00
   1509.256     3.6549     3.6545   3.286352   3.286589     2.7824     0.0348     0.0869    9.71547   1769.708      42474          5  0.000e+00
   1509.240     3.6548     3.6549   3.286334   3.286621     1.6804     0.0348     0.0869    5.31539   1769.750      42475          5  0.000e+00
   1509.192     3.6546     3.6550   3.286364   3.286589     1.5495     0.0348     0.0869    4.42539   1769.792      42476          5  0.000e+00
   1509.240     3.6544     3.6549   3.286340   3.286589     2.7317     0.0348     0.0869    9.51052   1769.833      42477          5  0.000e+00
   1509.176     3.6545     3.6547   3.286340   3.286589     1.4111     0.0348     0.0869    4.15061   1769.875      42478          5  0.000e+00
   1509.192     3.6546     3.6547   3.286370   3.286621     1.8978     0.0348     0.0880    6.00554   1769.917      42479          5  0.000e+00
   1509.240     3.6545     3.6546   3.286382   3.286589     2.5526     0.0348     0.0880    8.86454   1769.958      42480          5  0.000e+00
   1509.192     3.6546     3.6545   3.286340   3.286557     1.1962     0.0348     0.0890    3.10920   1770.000      42481          5  0.000e+00
   1509.176     3.6548     3.6547   3.286340   3.286621     2.2709     0.0348     0.0890    7.63595   1770.042      42482          5  0.000e+00
   1509.176     3.6552     3.6547   3.286352   3.286621     2.2956     0.0348     0.0880    7.87008   1770.083      42483          5  0.000e+00
   1509.257     3.6549     3.6547   3.286334   3.286557     1.1183     0.0348     0.0880    2.61173   1770.125      42484          5  0.000e+00
   1509.176     3.6546     3.6544   3.286322   3.286589     2.6045     0.0348     0.0880    9.02892   1770.167      42485          5  0.000e+00
   1509.176     3.6548     3.6547   3.286340   3.286621     2.0090     0.0348     0.0869    6.70198   1770.208      42486          5  0.000e+00
   1509.192     3.6545     3.6548   3.286352   3.286589     1.2443     0.0348     0.0869    3.08851   1770.250      42487          5  0.000e+00
