Cruise Data/Irminger_Sea-01_KN-221_2014-09-07/Ship Data/ctd/process_mlankhorst/KN22104005.ros
* Sea-Bird SBE 9 Data File:
* FileName = C:\Data\ctd\KN22104005.hdr
* Software Version Seasave V 7.21k
* Temperature SN = 4195
* Conductivity SN = 2147
* Number of Bytes Per Scan = 40
* Number of Voltage Words = 5
* Number of Scans Averaged by the Deck Unit = 1
* NMEA Latitude = 59 55.45 N
* NMEA Longitude = 039 30.56 W
* NMEA UTC (Time) = Sep 11 2014 22:48:32
** KN221-04 Chief Scientist: Bob Weller
** OOI Irminger Sea Sept. 2014
** Station: 005
** Knudsen Depth: 2715
# nquan = 13
# nvalues = 588                                   
# units = specified
# name 0 = prDM: Pressure, Digiquartz [db]
# name 1 = t090C: Temperature [ITS-90, deg C]
# name 2 = t190C: Temperature, 2 [ITS-90, deg C]
# name 3 = c0S/m: Conductivity [S/m]
# name 4 = c1S/m: Conductivity, 2 [S/m]
# name 5 = sbeox0V: Oxygen raw, SBE 43 [V]
# name 6 = flECO-AFL: Fluorescence, WET Labs ECO-AFL/FL [mg/m^3]
# name 7 = CStarAt0: Beam Attenuation, WET Labs C-Star [1/m]
# name 8 = sbeox0ML/L: Oxygen, SBE 43 [ml/l]
# name 9 = timeS: Time, Elapsed [seconds]
# name 10 = scan: Scan Count
# name 11 = nbf: Bottles Fired
# name 12 = flag:  0.000e+00
# interval = seconds: 0.0416667
# start_time = Sep 11 2014 22:48:32 [NMEA time, header]
# bad_flag = -9.990e-29
*END*
[from data line 445]
      4.667     9.1913     9.1901   3.710903   3.711153     2.2128     1.6954     0.3813    4.93621   3740.125      89764         10  0.000e+00
      4.722     9.1911     9.1898   3.710910   3.711173     2.2128     1.6954     0.3813    4.93638   3740.167      89765         10  0.000e+00
      4.801     9.1912     9.1899   3.710903   3.711186     2.2128     1.6954     0.3813    4.93656   3740.208      89766         10  0.000e+00
      4.722     9.1910     9.1899   3.710910   3.711073     2.2128     1.6954     0.3813    4.93665   3740.250      89767         10  0.000e+00
      4.667     9.1908     9.1901   3.710935   3.711119     2.2128     1.6954     0.3802    4.93754   3740.292      89768         10  0.000e+00
      4.722     9.1910     9.1899   3.710929   3.711139     2.2128     1.6954     0.3813    4.93852   3740.333      89769         10  0.000e+00
      4.722     9.1912     9.1899   3.710878   3.711153     2.2128     1.6954     0.3802    4.93871   3740.375      89770         10  0.000e+00
      4.746     9.1910     9.1898   3.710903   3.711139     2.2128     1.6954     0.3802    4.93892   3740.417      89771         10  0.000e+00
      4.667     9.1908     9.1899   3.710903   3.711186     2.2128     1.6954     0.3802    4.93907   3740.458      89772         10  0.000e+00
      4.722     9.1911     9.1899   3.710891   3.711139     2.2128     1.6954     0.3802    4.93928   3740.500      89773         10  0.000e+00
      4.667     9.1910     9.1898   3.710967   3.711119     2.2128     1.6954     0.3802    4.93942   3740.542      89774         10  0.000e+00
      4.667     9.1910     9.1896   3.710916   3.711139     2.2128     1.6954     0.3802    4.93963   3740.583      89775         10  0.000e+00
      4.722     9.1906     9.1899   3.710929   3.711153     2.2128     1.6954     0.3813    4.93987   3740.625      89776         10  0.000e+00
      4.628     9.1904     9.1899   3.710903   3.711106     2.2128     1.6954     0.3802    4.94003   3740.667      89777         10  0.000e+00
      4.667     9.1905     9.1898   3.710846   3.711153     2.2128     1.6954     0.3802    4.94026   3740.708      89778         10  0.000e+00
      4.667     9.1906     9.1896   3.710872   3.711106     2.2128     1.6954     0.3802    4.94043   3740.750      89779         10  0.000e+00
      4.604     9.1904     9.1894   3.710846   3.711086     2.2128     1.6954     0.3802    4.94060   3740.792      89780         10  0.000e+00
      4.604     9.1904     9.1893   3.710846   3.711139     2.2128     1.6954     0.3802    4.94079   3740.833      89781         10  0.000e+00
      4.683     9.1903     9.1889   3.710903   3.711086     2.2140     1.7076     0.3802    4.94530   3740.875      89782         10  0.000e+00
      4.549     9.1902     9.1891   3.710878   3.711073     2.2128     1.7320     0.3802    4.94188   3740.917      89783         10  0.000e+00
      4.549     9.1903     9.1893   3.710846   3.711053     2.2128     1.7320     0.3802    4.94204   3740.958      89784         10  0.000e+00
      4.549     9.1902     9.1891   3.710834   3.711039     2.2128     1.7320     0.3802    4.94221   3741.000      89785         10  0.000e+00
      4.494     9.1903     9.1891   3.710827   3.711086     2.2128     1.7320     0.3802    4.94232   3741.042      89786         10  0.000e+00
      4.494     9.1903     9.1894   3.710827   3.711073     2.2128     1.7320     0.3802    4.94248   3741.083      89787         10  0.000e+00
      4.510     9.1902     9.1894   3.710846   3.711086     2.2128     1.7320     0.3802    4.94266   3741.125      89788         10  0.000e+00
      4.431     9.1903     9.1894   3.710840   3.711073     2.2128     1.7320     0.3802    4.94196   3741.167      89789         10  0.000e+00
      4.431     9.1900     9.1894   3.710846   3.711086     2.2128     1.7320     0.3802    4.94132   3741.208      89790         10  0.000e+00
      4.376     9.1903     9.1896   3.710846   3.711106     2.2128     1.7320     0.3802    4.94056   3741.250      89791         10  0.000e+00
      4.431     9.1903     9.1896   3.710853   3.711053     2.2128     1.7320     0.3802    4.94065   3741.292      89792         10  0.000e+00
      4.337     9.1902     9.1898   3.710859   3.711139     2.2128     1.7320     0.3802    4.94067   3741.333      89793         10  0.000e+00
      4.314     9.1902     9.1896   3.710814   3.711086     2.2128     1.7320     0.3813    4.94073   3741.375      89794         10  0.000e+00
      4.314     9.1902     9.1896   3.710795   3.711106     2.2140     1.7320     0.3813    4.94507   3741.417      89795         10  0.000e+00
      4.314     9.1903     9.1898   3.710814   3.711119     2.2140     1.7320     0.3813    4.94585   3741.458      89796         10  0.000e+00
      4.204     9.1902     9.1898   3.710808   3.711072     2.2128     1.7320     0.3813    4.94228   3741.500      89797         10  0.000e+00
      4.259     9.1900     9.1898   3.710795   3.711119     2.2128     1.7320     0.3813    4.94233   3741.542      89798         10  0.000e+00
      4.219     9.1900     9.1894   3.710802   3.711072     2.2140     1.7320     0.3813    4.94579   3741.583      89799         10  0.000e+00
      4.141     9.1902     9.1898   3.710802   3.711086     2.2140     1.7320     0.3813    4.94642   3741.625      89800         10  0.000e+00
      4.141     9.1900     9.1896   3.710795   3.711072     2.2140     1.7320     0.3825    4.94710   3741.667      89801         10  0.000e+00
      4.086     9.1902     9.1898   3.710776   3.711086     2.2140     1.7320     0.3825    4.94769   3741.708      89802         10  0.000e+00
      4.086     9.1900     9.1896   3.710783   3.711039     2.2128     1.7320     0.3825    4.94403   3741.750      89803         10  0.000e+00
      3.984     9.1896     9.1896   3.710776   3.711086     2.2128     1.7320     0.3825    4.94384   3741.792      89804         10  0.000e+00
      4.023     9.1900     9.1894   3.710808   3.711072     2.2128     1.7320     0.3825    4.94366   3741.833      89805         10  0.000e+00
      4.023     9.1896     9.1896   3.710808   3.711086     2.2128     1.7442     0.3813    4.94353   3741.875      89806         10  0.000e+00
      3.905     9.1896     9.1893   3.710757   3.711072     2.2128     1.7686     0.3825    4.94332   3741.917      89807         10  0.000e+00
      3.905     9.1896     9.1893   3.710757   3.711086     2.2128     1.7808     0.3825    4.94236   3741.958      89808         10  0.000e+00
      2.982     9.1839     9.1825   3.710205   3.710418     2.2140     1.7198     0.3860    4.94673   3754.042      90098         11  0.000e+00
      3.037     9.1841     9.1824   3.710275   3.710405     2.2140     1.7198     0.3849    4.94647   3754.083      90099         11  0.000e+00
      3.037     9.1842     9.1827   3.710281   3.710452     2.2140     1.7198     0.3849    4.94621   3754.125      90100         11  0.000e+00
      3.092     9.1840     9.1827   3.710281   3.710405     2.2140     1.7198     0.3837    4.94600   3754.167      90101         11  0.000e+00
      3.115     9.1842     9.1827   3.710231   3.710418     2.2140     1.7198     0.3849    4.94577   3754.208      90102         11  0.000e+00
      3.155     9.1844     9.1830   3.710250   3.710438     2.2140     1.7198     0.3849    4.94551   3754.250      90103         11  0.000e+00
      3.210     9.1839     9.1829   3.710250   3.710418     2.2152     1.7198     0.3860    4.94962   3754.292      90104         11  0.000e+00
      3.155     9.1842     9.1830   3.710237   3.710472     2.2140     1.7198     0.3849    4.94576   3754.333      90105         11  0.000e+00
      3.225     9.1844     9.1830   3.710307   3.710452     2.2140     1.7198     0.3849    4.94548   3754.375      90106         11  0.000e+00
      3.328     9.1844     9.1832   3.710332   3.710472     2.2140     1.7198     0.3849    4.94525   3754.417      90107         11  0.000e+00
      3.273     9.1844     9.1832   3.710313   3.710472     2.2140     1.7198     0.3849    4.94493   3754.458      90108         11  0.000e+00
      3.273     9.1844     9.1832   3.710300   3.710518     2.2140     1.7198     0.3849    4.94465   3754.500      90109         11  0.000e+00
      3.328     9.1844     9.1832   3.710269   3.710472     2.2140     1.7198     0.3837    4.94441   3754.542      90110         11  0.000e+00
      3.343     9.1842     9.1833   3.710262   3.710518     2.2152     1.7198     0.3837    4.94843   3754.583      90111         11  0.000e+00
      3.391     9.1840     9.1834   3.710288   3.710505     2.2140     1.7198     0.3837    4.94463   3754.625      90112         11  0.000e+00
      3.391     9.1844     9.1835   3.710281   3.710485     2.2152     1.7198     0.3825    4.94856   3754.667      90113         11  0.000e+00
      3.391     9.1839     9.1834   3.710250   3.710539     2.2140     1.7198     0.3837    4.94475   3754.708      90114         11  0.000e+00
      3.446     9.1844     9.1835   3.710281   3.710519     2.2140     1.7198     0.3849    4.94438   3754.750      90115         11  0.000e+00
      3.406     9.1840     9.1834   3.710281   3.710505     2.2140     1.7198     0.3860    4.94404   3754.792      90116         11  0.000e+00
      3.446     9.1837     9.1833   3.710269   3.710552     2.2140     1.7198     0.3860    4.94374   3754.833      90117         11  0.000e+00
      3.446     9.1839     9.1837   3.710262   3.710539     2.2140     1.7198     0.3849    4.94338   3754.875      90118         11  0.000e+00
      3.446     9.1841     9.1835   3.710218   3.710519     2.2127     1.7198     0.3849    4.93876   3754.917      90119         11  0.000e+00
      3.501     9.1842     9.1835   3.710250   3.710505     2.2140     1.7198     0.3849    4.94197   3754.958      90120         11  0.000e+00
      3.579     9.1844     9.1835   3.710269   3.710552     2.2140     1.7198     0.3849    4.94168   3755.000      90121         11  0.000e+00
      3.501     9.1844     9.1835   3.710288   3.710505     2.2140     1.7076     0.3849    4.94130   3755.042      90122         11  0.000e+00
      3.564     9.1842     9.1835   3.710256   3.710552     2.2140     1.6832     0.3837    4.94105   3755.083      90123         11  0.000e+00
      3.619     9.1841     9.1834   3.710237   3.710505     2.2127     1.6832     0.3849    4.93651   3755.125      90124         11  0.000e+00
      3.564     9.1841     9.1837   3.710282   3.710519     2.2127     1.6832     0.3860    4.93541   3755.167      90125         11  0.000e+00
      3.579     9.1842     9.1837   3.710301   3.710539     2.2127     1.6832     0.3860    4.93439   3755.208      90126         11  0.000e+00
      3.619     9.1844     9.1837   3.710313   3.710585     2.2140     1.6832     0.3860    4.93769   3755.250      90127         11  0.000e+00
      3.619     9.1846     9.1834   3.710307   3.710505     2.2140     1.6832     0.3849    4.93745   3755.292      90128         11  0.000e+00
      3.619     9.1846     9.1832   3.710320   3.710485     2.2127     1.6832     0.3837    4.93295   3755.333      90129         11  0.000e+00
      3.682     9.1847     9.1834   3.710313   3.710539     2.2139     1.6832     0.3837    4.93630   3755.375      90130         11  0.000e+00
      3.697     9.1846     9.1838   3.710282   3.710519     2.2139     1.6832     0.3837    4.93614   3755.417      90131         11  0.000e+00
      3.619     9.1846     9.1839   3.710288   3.710505     2.2139     1.6832     0.3825    4.93590   3755.458      90132         11  0.000e+00
      3.737     9.1842     9.1841   3.710320   3.710619     2.2127     1.6832     0.3825    4.93232   3755.500      90133         11  0.000e+00
      3.682     9.1842     9.1846   3.710313   3.710572     2.2127     1.6832     0.3825    4.93219   3755.542      90134         11  0.000e+00
      3.737     9.1844     9.1845   3.710320   3.710585     2.2127     1.6832     0.3825    4.93138   3755.583      90135         11  0.000e+00
      3.752     9.1844     9.1846   3.710301   3.710572     2.2127     1.6832     0.3825    4.93060   3755.625      90136         11  0.000e+00
      3.737     9.1847     9.1845   3.710275   3.710619     2.2127     1.6832     0.3813    4.92981   3755.667      90137         11  0.000e+00
      3.737     9.1846     9.1845   3.710288   3.710639     2.2127     1.6832     0.3813    4.92989   3755.708      90138         11  0.000e+00
      3.737     9.1842     9.1844   3.710282   3.710585     2.2127     1.6832     0.3813    4.92925   3755.750      90139         11  0.000e+00
      3.800     9.1841     9.1845   3.710288   3.710639     2.2127     1.6832     0.3825    4.92866   3755.792      90140         11  0.000e+00
      3.815     9.1840     9.1845   3.710256   3.710619     2.2139     1.6832     0.3837    4.93315   3755.833      90141         11  0.000e+00
      3.800     9.1841     9.1846   3.710256   3.710639     2.2139     1.6832     0.3837    4.93333   3755.875      90142         11  0.000e+00
      3.855     9.1839     9.1847   3.710269   3.710619     2.2127     1.6832     0.3837    4.93008   3755.917      90143         11  0.000e+00
      3.855     9.1839     9.1845   3.710282   3.710605     2.2127     1.6832     0.3837    4.93037   3755.958      90144         11  0.000e+00
      3.855     9.1839     9.1849   3.710275   3.710619     2.2127     1.6832     0.3837    4.93072   3756.000      90145         11  0.000e+00
      3.870     9.1841     9.1848   3.710269   3.710605     2.2127     1.6832     0.3837    4.93113   3756.042      90146         11  0.000e+00
      4.265     9.1855     9.1844   3.710421   3.710639     2.2139     1.7076     0.3837    4.94236   3764.458      90348         12  0.000e+00
      4.265     9.1852     9.1845   3.710421   3.710652     2.2127     1.7076     0.3837    4.93899   3764.500      90349         12  0.000e+00
      4.281     9.1850     9.1849   3.710396   3.710639     2.2127     1.7076     0.3837    4.93839   3764.542      90350         12  0.000e+00
      4.265     9.1849     9.1845   3.710377   3.710619     2.2127     1.7076     0.3837    4.93777   3764.583      90351         12  0.000e+00
      4.320     9.1848     9.1845   3.710371   3.710672     2.2139     1.7076     0.3849    4.94224   3764.625      90352         12  0.000e+00
      4.320     9.1849     9.1845   3.710371   3.710652     2.2139     1.7076     0.3849    4.94316   3764.667      90353         12  0.000e+00
      4.320     9.1850     9.1848   3.710390   3.710639     2.2139     1.7076     0.3849    4.94406   3764.708      90354         12  0.000e+00
      4.438     9.1852     9.1844   3.710421   3.710619     2.2127     1.7076     0.3849    4.94076   3764.750      90355         12  0.000e+00
      4.399     9.1854     9.1843   3.710434   3.710606     2.2139     1.7076     0.3837    4.94439   3764.792      90356         12  0.000e+00
      4.383     9.1854     9.1840   3.710453   3.710619     2.2139     1.7076     0.3837    4.94450   3764.833      90357         12  0.000e+00
      4.383     9.1855     9.1843   3.710447   3.710639     2.2139     1.7076     0.3825    4.94538   3764.875      90358         12  0.000e+00
      4.501     9.1854     9.1840   3.710396   3.710652     2.2139     1.7076     0.3825    4.94637   3764.917      90359         12  0.000e+00
      4.383     9.1850     9.1841   3.710396   3.710572     2.2139     1.7076     0.3825    4.94642   3764.958      90360         12  0.000e+00
      4.454     9.1850     9.1839   3.710402   3.710619     2.2139     1.7076     0.3825    4.94652   3765.000      90361         12  0.000e+00
      4.501     9.1854     9.1841   3.710421   3.710639     2.2139     1.7076     0.3837    4.94655   3765.042      90362         12  0.000e+00
      4.501     9.1850     9.1842   3.710415   3.710619     2.2139     1.7076     0.3825    4.94658   3765.083      90363         12  0.000e+00
