Cruise Data/Irminger_Sea-01_KN-221_2014-09-07/Ship Data/ctd/process_mlankhorst/KN22104009.ros
* Sea-Bird SBE 9 Data File:
* FileName = C:\Data\ctd\KN22104009.hdr
* Software Version Seasave V 7.21k
* Temperature SN = 4195
* Conductivity SN = 2147
* Number of Bytes Per Scan = 40
* Number of Voltage Words = 5
* Number of Scans Averaged by the Deck Unit = 1
* NMEA Latitude = 59 46.27 N
* NMEA Longitude = 039 38.47 W
* NMEA UTC (Time) = Sep 17 2014 13:48:49
** KN221-04 Chief Scientist: Bob Weller
** OOI Irminger Sea Sept. 2014
** Station: 009
** Knudsen Depth: 2758
# nquan = 13
# nvalues = 588                                   
# units = specified
# name 0 = prDM: Pressure, Digiquartz [db]
# name 1 = t090C: Temperature [ITS-90, deg C]
# name 2 = t190C: Temperature, 2 [ITS-90, deg C]
# name 3 = c0S/m: Conductivity [S/m]
# name 4 = c1S/m: Conductivity, 2 [S/m]
# name 5 = sbeox0V: Oxygen raw, SBE 43 [V]
# name 6 = flECO-AFL: Fluorescence, WET Labs ECO-AFL/FL [mg/m^3]
# name 7 = CStarAt0: Beam Attenuation, WET Labs C-Star [1/m]
# name 8 = sbeox0ML/L: Oxygen, SBE 43 [ml/l]
# name 9 = timeS: Time, Elapsed [seconds]
# name 10 = scan: Scan Count
# name 11 = nbf: Bottles Fired
# name 12 = flag:  0.000e+00
# interval = seconds: 0.0416667
# start_time = Sep 17 2014 13:48:49 [NMEA time, header]
# bad_flag = -9.990e-29
*END*
[from data line 112]
    804.620     3.5818     3.5819   3.242378   3.242564     1.8733     0.0348     0.0770    5.05488   1490.917      35783          3  0.000e+00
    804.556     3.5817     3.5819   3.242360   3.242564     1.8733     0.0348     0.0770    5.05436   1490.958      35784          3  0.000e+00
    804.620     3.5818     3.5819   3.242372   3.242596     1.8745     0.0348     0.0770    5.05981   1491.000      35785          3  0.000e+00
    804.620     3.5815     3.5819   3.242366   3.242577     1.8721     0.0348     0.0770    5.04868   1491.042      35786          3  0.000e+00
    804.620     3.5817     3.5819   3.242354   3.242564     1.8721     0.0348     0.0770    5.04652   1491.083      35787          3  0.000e+00
    804.676     3.5815     3.5817   3.242390   3.242596     1.8721     0.0470     0.0770    5.04748   1491.125      35788          3  0.000e+00
    804.676     3.5817     3.5819   3.242408   3.242596     1.8733     0.0348     0.0770    5.05141   1491.167      35789          3  0.000e+00
    804.740     3.5817     3.5819   3.242396   3.242577     1.8733     0.0348     0.0770    5.05084   1491.208      35790          3  0.000e+00
    804.676     3.5817     3.5820   3.242366   3.242565     1.8745     0.0348     0.0760    5.05611   1491.250      35791          3  0.000e+00
    804.796     3.5818     3.5819   3.242348   3.242628     1.8733     0.0348     0.0770    5.05396   1491.292      35792          3  0.000e+00
    804.740     3.5815     3.5817   3.242372   3.242565     1.8733     0.0348     0.0760    5.05321   1491.333      35793          3  0.000e+00
    804.740     3.5820     3.5819   3.242426   3.242641     1.8733     0.0348     0.0760    5.05234   1491.375      35794          3  0.000e+00
    804.796     3.5815     3.5819   3.242402   3.242596     1.8721     0.0470     0.0760    5.04559   1491.417      35795          3  0.000e+00
    804.796     3.5818     3.5819   3.242384   3.242628     1.8733     0.0348     0.0760    5.04920   1491.458      35796          3  0.000e+00
    804.859     3.5817     3.5817   3.242396   3.242565     1.8733     0.0348     0.0760    5.05142   1491.500      35797          3  0.000e+00
    804.796     3.5817     3.5816   3.242390   3.242596     1.8733     0.0348     0.0770    5.05051   1491.542      35798          3  0.000e+00
    804.859     3.5817     3.5814   3.242384   3.242609     1.8733     0.0470     0.0760    5.04963   1491.583      35799          3  0.000e+00
    804.915     3.5815     3.5814   3.242384   3.242596     1.8746     0.0348     0.0770    5.05777   1491.625      35800          3  0.000e+00
    804.860     3.5815     3.5812   3.242378   3.242596     1.8733     0.0348     0.0770    5.05378   1491.667      35801          3  0.000e+00
    804.915     3.5817     3.5812   3.242378   3.242508     1.8721     0.0348     0.0770    5.04837   1491.708      35802          3  0.000e+00
    804.860     3.5815     3.5811   3.242402   3.242546     1.8721     0.0348     0.0770    5.04594   1491.750      35803          3  0.000e+00
    804.979     3.5817     3.5811   3.242396   3.242539     1.8733     0.0470     0.0770    5.04959   1491.792      35804          3  0.000e+00
    804.915     3.5817     3.5811   3.242366   3.242508     1.8733     0.0348     0.0770    5.05011   1491.833      35805          3  0.000e+00
    804.979     3.5818     3.5814   3.242390   3.242451     1.8733     0.0348     0.0770    5.05069   1491.875      35806          3  0.000e+00
    804.915     3.5817     3.5812   3.242408   3.242641     1.8733     0.0348     0.0770    5.05121   1491.917      35807          3  0.000e+00
    804.979     3.5817     3.5812   3.242396   3.242565     1.8721     0.0348     0.0770    5.04428   1491.958      35808          3  0.000e+00
    804.979     3.5818     3.5812   3.242366   3.242508     1.8721     0.0348     0.0770    5.04490   1492.000      35809          3  0.000e+00
    804.979     3.5815     3.5812   3.242354   3.242539     1.8746     0.0348     0.0760    5.05610   1492.042      35810          3  0.000e+00
    805.035     3.5817     3.5812   3.242348   3.242539     1.8733     0.0348     0.0770    5.05224   1492.083      35811          3  0.000e+00
    804.979     3.5815     3.5812   3.242372   3.242546     1.8733     0.0348     0.0760    5.05282   1492.125      35812          3  0.000e+00
    805.035     3.5818     3.5814   3.242366   3.242508     1.8721     0.0348     0.0760    5.04592   1492.167      35813          3  0.000e+00
    804.979     3.5815     3.5811   3.242396   3.242565     1.8721     0.0348     0.0760    5.04504   1492.208      35814          3  0.000e+00
    805.035     3.5818     3.5812   3.242384   3.242539     1.8733     0.0348     0.0760    5.04870   1492.250      35815          3  0.000e+00
    805.035     3.5817     3.5814   3.242378   3.242577     1.8733     0.0348     0.0760    5.04933   1492.292      35816          3  0.000e+00
    805.035     3.5820     3.5812   3.242384   3.242508     1.8733     0.0348     0.0760    5.04991   1492.333      35817          3  0.000e+00
    804.146     3.5818     3.5816   3.242372   3.242507     1.8746     0.0104     0.0760    5.05677   1502.500      36061          4  0.000e+00
    804.138     3.5818     3.5817   3.242384   3.242577     1.8746     0.0104     0.0770    5.05843   1502.542      36062          4  0.000e+00
    804.138     3.5817     3.5817   3.242366   3.242507     1.8734     0.0104     0.0770    5.05407   1502.583      36063          4  0.000e+00
    804.138     3.5820     3.5816   3.242372   3.242564     1.8734     0.0104     0.0770    5.05262   1502.625      36064          4  0.000e+00
    804.201     3.5820     3.5816   3.242378   3.242539     1.8734     0.0104     0.0770    5.05118   1502.667      36065          4  0.000e+00
    804.138     3.5820     3.5814   3.242360   3.242520     1.8734     0.0104     0.0770    5.05115   1502.708      36066          4  0.000e+00
    804.202     3.5817     3.5816   3.242372   3.242507     1.8734     0.0104     0.0770    5.05122   1502.750      36067          4  0.000e+00
    804.082     3.5817     3.5814   3.242342   3.242596     1.8734     0.0104     0.0770    5.04961   1502.792      36068          4  0.000e+00
    804.257     3.5820     3.5816   3.242342   3.242564     1.8734     0.0104     0.0770    5.04809   1502.833      36069          4  0.000e+00
    804.202     3.5820     3.5814   3.242366   3.242545     1.8746     0.0104     0.0770    5.05237   1502.875      36070          4  0.000e+00
    804.202     3.5820     3.5816   3.242378   3.242539     1.8734     0.0104     0.0770    5.04915   1502.917      36071          4  0.000e+00
    804.202     3.5818     3.5816   3.242384   3.242507     1.8721     0.0104     0.0770    5.04300   1502.958      36072          4  0.000e+00
    804.202     3.5815     3.5816   3.242342   3.242539     1.8721     0.0104     0.0770    5.04144   1503.000      36073          4  0.000e+00
    804.202     3.5817     3.5816   3.242318   3.242507     1.8721     0.0104     0.0770    5.03990   1503.042      36074          4  0.000e+00
    804.257     3.5818     3.5817   3.242366   3.242520     1.8734     0.0104     0.0770    5.04440   1503.083      36075          4  0.000e+00
    804.202     3.5817     3.5816   3.242402   3.242539     1.8734     0.0104     0.0770    5.04437   1503.125      36076          4  0.000e+00
    804.202     3.5817     3.5816   3.242372   3.242507     1.8734     0.0104     0.0770    5.04284   1503.167      36077          4  0.000e+00
    804.257     3.5820     3.5816   3.242354   3.242564     1.8746     0.0104     0.0770    5.05032   1503.208      36078          4  0.000e+00
    804.265     3.5820     3.5819   3.242324   3.242488     1.8746     0.0104     0.0770    5.05175   1503.250      36079          4  0.000e+00
    804.202     3.5818     3.5814   3.242366   3.242539     1.8734     0.0104     0.0770    5.04708   1503.292      36080          4  0.000e+00
    804.257     3.5820     3.5814   3.242366   3.242539     1.8734     0.0348     0.0770    5.04698   1503.333      36081          4  0.000e+00
    804.257     3.5820     3.5816   3.242354   3.242539     1.8734     0.0348     0.0770    5.04532   1503.375      36082          4  0.000e+00
    804.265     3.5818     3.5816   3.242354   3.242520     1.8734     0.0470     0.0770    5.04516   1503.417      36083          4  0.000e+00
    804.257     3.5820     3.5814   3.242366   3.242507     1.8734     0.0348     0.0760    5.04495   1503.458      36084          4  0.000e+00
    804.202     3.5817     3.5814   3.242378   3.242507     1.8734     0.0348     0.0760    5.04629   1503.500      36085          4  0.000e+00
    804.265     3.5818     3.5814   3.242342   3.242539     1.8734     0.0348     0.0760    5.04621   1503.542      36086          4  0.000e+00
    804.257     3.5818     3.5816   3.242324   3.242539     1.8734     0.0348     0.0760    5.04609   1503.583      36087          4  0.000e+00
    804.257     3.5820     3.5814   3.242378   3.242545     1.8734     0.0348     0.0760    5.04593   1503.625      36088          4  0.000e+00
    804.257     3.5818     3.5816   3.242390   3.242539     1.8734     0.0348     0.0760    5.04582   1503.667      36089          4  0.000e+00
    804.265     3.5817     3.5816   3.242384   3.242539     1.8746     0.0470     0.0760    5.05324   1503.708      36090          4  0.000e+00
    804.202     3.5818     3.5814   3.242342   3.242564     1.8721     0.0348     0.0760    5.04413   1503.750      36091          4  0.000e+00
    804.258     3.5817     3.5814   3.242324   3.242520     1.8734     0.0348     0.0760    5.04870   1503.792      36092          4  0.000e+00
    804.258     3.5818     3.5816   3.242318   3.242507     1.8746     0.0470     0.0760    5.05621   1503.833      36093          4  0.000e+00
    804.202     3.5820     3.5816   3.242366   3.242507     1.8734     0.0348     0.0770    5.05009   1503.875      36094          4  0.000e+00
    804.258     3.5823     3.5817   3.242366   3.242564     1.8734     0.0348     0.0760    5.05157   1503.917      36095          4  0.000e+00
    804.202     3.5820     3.5817   3.242354   3.242520     1.8746     0.0348     0.0770    5.05910   1503.958      36096          4  0.000e+00
    804.266     3.5822     3.5814   3.242366   3.242539     1.8721     0.0348     0.0770    5.04863   1504.000      36097          4  0.000e+00
    804.202     3.5820     3.5817   3.242378   3.242539     1.8734     0.0348     0.0760    5.05471   1504.042      36098          4  0.000e+00
    804.202     3.5823     3.5819   3.242384   3.242539     1.8746     0.0470     0.0770    5.06078   1504.083      36099          4  0.000e+00
    804.258     3.5822     3.5817   3.242402   3.242545     1.8721     0.0348     0.0770    5.04886   1504.125      36100          4  0.000e+00
    804.202     3.5823     3.5816   3.242372   3.242539     1.8734     0.0348     0.0770    5.05184   1504.167      36101          4  0.000e+00
    804.202     3.5822     3.5817   3.242366   3.242539     1.8746     0.0348     0.0770    5.05631   1504.208      36102          4  0.000e+00
    804.202     3.5822     3.5817   3.242360   3.242564     1.8734     0.0348     0.0770    5.05168   1504.250      36103          4  0.000e+00
    804.258     3.5822     3.5817   3.242354   3.242507     1.8746     0.0348     0.0770    5.05758   1504.292      36104          4  0.000e+00
    804.202     3.5822     3.5816   3.242372   3.242545     1.8734     0.0348     0.0760    5.05131   1504.333      36105          4  0.000e+00
    804.202     3.5822     3.5816   3.242366   3.242507     1.8734     0.0348     0.0760    5.04952   1504.375      36106          4  0.000e+00
    804.202     3.5823     3.5816   3.242366   3.242539     1.8734     0.0348     0.0760    5.04920   1504.417      36107          4  0.000e+00
    804.202     3.5820     3.5816   3.242378   3.242564     1.8734     0.0348     0.0760    5.04892   1504.458      36108          4  0.000e+00
    804.202     3.5818     3.5816   3.242366   3.242520     1.8734     0.0348     0.0760    5.04863   1504.500      36109          4  0.000e+00
    402.687     3.9212     3.9204   3.257343   3.257505     1.9670     0.0226     0.0781    5.06992   1984.167      47621          5  0.000e+00
    402.687     3.9212     3.9204   3.257313   3.257473     1.9670     0.0226     0.0781    5.06994   1984.208      47622          5  0.000e+00
    402.750     3.9209     3.9204   3.257295   3.257448     1.9670     0.0226     0.0781    5.07002   1984.250      47623          5  0.000e+00
    402.750     3.9213     3.9202   3.257361   3.257473     1.9670     0.0226     0.0770    5.06994   1984.292      47624          5  0.000e+00
    402.805     3.9212     3.9206   3.257343   3.257460     1.9670     0.0226     0.0770    5.07000   1984.333      47625          5  0.000e+00
    402.869     3.9215     3.9207   3.257373   3.257473     1.9670     0.0226     0.0770    5.07000   1984.375      47626          5  0.000e+00
    402.869     3.9213     3.9204   3.257367   3.257473     1.9670     0.0226     0.0770    5.07002   1984.417      47627          5  0.000e+00
    402.869     3.9215     3.9204   3.257355   3.257473     1.9670     0.0226     0.0770    5.07001   1984.458      47628          5  0.000e+00
    402.987     3.9212     3.9202   3.257337   3.257448     1.9670     0.0226     0.0770    5.07013   1984.500      47629          5  0.000e+00
    402.987     3.9210     3.9201   3.257343   3.257473     1.9670     0.0226     0.0770    5.07014   1984.542      47630          5  0.000e+00
    403.106     3.9207     3.9201   3.257319   3.257416     1.9670     0.0226     0.0770    5.07026   1984.583      47631          5  0.000e+00
    403.043     3.9210     3.9199   3.257319   3.257429     1.9657     0.0226     0.0770    5.06470   1984.625      47632          5  0.000e+00
    403.162     3.9207     3.9199   3.257325   3.257448     1.9670     0.0226     0.0770    5.06909   1984.667      47633          5  0.000e+00
    403.162     3.9207     3.9196   3.257343   3.257448     1.9670     0.0226     0.0781    5.06913   1984.708      47634          5  0.000e+00
    403.225     3.9207     3.9201   3.257337   3.257448     1.9670     0.0226     0.0781    5.06923   1984.750      47635          5  0.000e+00
    403.280     3.9207     3.9198   3.257307   3.257416     1.9670     0.0226     0.0781    5.06933   1984.792      47636          5  0.000e+00
    403.272     3.9205     3.9197   3.257301   3.257473     1.9670     0.0348     0.0770    5.06940   1984.833      47637          5  0.000e+00
    403.344     3.9207     3.9196   3.257313   3.257429     1.9670     0.0348     0.0770    5.06948   1984.875      47638          5  0.000e+00
    403.399     3.9203     3.9196   3.257307   3.257448     1.9670     0.0348     0.0781    5.06961   1984.917      47639          5  0.000e+00
    403.399     3.9202     3.9195   3.257295   3.257416     1.9670     0.0348     0.0781    5.06967   1984.958      47640          5  0.000e+00
    403.455     3.9202     3.9199   3.257313   3.257416     1.9670     0.0348     0.0770    5.06976   1985.000      47641          5  0.000e+00
    403.573     3.9205     3.9197   3.257289   3.257416     1.9670     0.0348     0.0770    5.06987   1985.042      47642          5  0.000e+00
    403.518     3.9204     3.9195   3.257271   3.257448     1.9670     0.0348     0.0770    5.06991   1985.083      47643          5  0.000e+00
    403.573     3.9202     3.9193   3.257283   3.257416     1.9670     0.0348     0.0770    5.07001   1985.125      47644          5  0.000e+00
    403.637     3.9199     3.9193   3.257277   3.257429     1.9670     0.0348     0.0770    5.07014   1985.167      47645          5  0.000e+00
    403.692     3.9199     3.9188   3.257265   3.257416     1.9670     0.0348     0.0770    5.07023   1985.208      47646          5  0.000e+00
