Cruise Data/Irminger_Sea-01_KN-221_2014-09-07/Ship Data/ctd/process_mlankhorst/KN22104005.ros
* Sea-Bird SBE 9 Data File:
* FileName = C:\Data\ctd\KN22104005.hdr
* Software Version Seasave V 7.21k
* Temperature SN = 4195
* Conductivity SN = 2147
* Number of Bytes Per Scan = 40
* Number of Voltage Words = 5
* Number of Scans Averaged by the Deck Unit = 1
* NMEA Latitude = 59 55.45 N
* NMEA Longitude = 039 30.56 W
* NMEA UTC (Time) = Sep 11 2014 22:48:32
** KN221-04 Chief Scientist: Bob Weller
** OOI Irminger Sea Sept. 2014
** Station: 005
** Knudsen Depth: 2715
# nquan = 13
# nvalues = 588                                   
# units = specified
# name 0 = prDM: Pressure, Digiquartz [db]
# name 1 = t090C: Temperature [ITS-90, deg C]
# name 2 = t190C: Temperature, 2 [ITS-90, deg C]
# name 3 = c0S/m: Conductivity [S/m]
# name 4 = c1S/m: Conductivity, 2 [S/m]
# name 5 = sbeox0V: Oxygen raw, SBE 43 [V]
# name 6 = flECO-AFL: Fluorescence, WET Labs ECO-AFL/FL [mg/m^3]
# name 7 = CStarAt0: Beam Attenuation, WET Labs C-Star [1/m]
# name 8 = sbeox0ML/L: Oxygen, SBE 43 [ml/l]
# name 9 = timeS: Time, Elapsed [seconds]
# name 10 = scan: Scan Count
# name 11 = nbf: Bottles Fired
# name 12 = flag:  0.000e+00
# interval = seconds: 0.0416667
# start_time = Sep 11 2014 22:48:32 [NMEA time, header]
# bad_flag = -9.990e-29
*END*
[from data line 223]
    103.017     5.0218     5.0229   3.347178   3.347532     2.0176     0.0348     0.0912    4.90564   3348.375      80362          5  0.000e+00
    102.985     5.0218     5.0229   3.347226   3.347500     2.0176     0.0348     0.0912    4.90701   3348.417      80363          5  0.000e+00
    103.017     5.0224     5.0228   3.347269   3.347564     2.0176     0.0470     0.0912    4.90726   3348.458      80364          5  0.000e+00
    102.954     5.0224     5.0226   3.347263   3.347500     2.0176     0.0348     0.0912    4.90749   3348.500      80365          5  0.000e+00
    102.899     5.0226     5.0226   3.347251   3.347532     2.0176     0.0348     0.0912    4.90766   3348.542      80366          5  0.000e+00
    102.954     5.0226     5.0226   3.347269   3.347500     2.0176     0.0348     0.0912    4.90787   3348.583      80367          5  0.000e+00
    102.899     5.0229     5.0226   3.347281   3.347506     2.0164     0.0348     0.0912    4.90403   3348.625      80368          5  0.000e+00
    102.954     5.0229     5.0226   3.347275   3.347500     2.0164     0.0348     0.0912    4.90319   3348.667      80369          5  0.000e+00
    102.867     5.0229     5.0228   3.347299   3.347532     2.0164     0.0348     0.0912    4.90224   3348.708      80370          5  0.000e+00
    102.899     5.0231     5.0228   3.347287   3.347500     2.0164     0.0348     0.0912    4.90137   3348.750      80371          5  0.000e+00
    102.836     5.0232     5.0226   3.347299   3.347532     2.0164     0.0348     0.0912    4.90043   3348.792      80372          5  0.000e+00
    102.899     5.0232     5.0229   3.347312   3.347506     2.0164     0.0348     0.0912    4.89959   3348.833      80373          5  0.000e+00
    102.836     5.0232     5.0226   3.347305   3.347532     2.0164     0.0348     0.0912    4.89867   3348.875      80374          5  0.000e+00
    102.836     5.0231     5.0229   3.347312   3.347532     2.0176     0.0348     0.0912    4.90279   3348.917      80375          5  0.000e+00
    102.781     5.0231     5.0226   3.347312   3.347532     2.0176     0.0348     0.0912    4.90289   3348.958      80376          5  0.000e+00
    102.812     5.0231     5.0228   3.347305   3.347506     2.0176     0.0348     0.0912    4.90300   3349.000      80377          5  0.000e+00
    102.781     5.0232     5.0229   3.347293   3.347500     2.0164     0.0470     0.0912    4.89802   3349.042      80378          5  0.000e+00
    102.781     5.0232     5.0228   3.347318   3.347532     2.0164     0.0348     0.0912    4.89700   3349.083      80379          5  0.000e+00
    102.781     5.0231     5.0228   3.347336   3.347564     2.0164     0.0348     0.0912    4.89600   3349.125      80380          5  0.000e+00
    102.726     5.0232     5.0228   3.347318   3.347532     2.0164     0.0348     0.0912    4.89494   3349.167      80381          5  0.000e+00
    102.726     5.0235     5.0228   3.347305   3.347532     2.0164     0.0470     0.0912    4.89390   3349.208      80382          5  0.000e+00
    102.726     5.0234     5.0226   3.347312   3.347500     2.0164     0.0470     0.0912    4.89290   3349.250      80383          5  0.000e+00
     23.293     9.1959     9.1944   3.711893   3.712113     2.2074     1.7686     0.3825    4.93684   3556.417      85355          6  0.000e+00
     23.293     9.1957     9.1939   3.711893   3.712153     2.2074     1.7686     0.3825    4.93692   3556.458      85356          6  0.000e+00
     23.293     9.1952     9.1943   3.711880   3.712113     2.2074     1.7686     0.3825    4.93623   3556.500      85357          6  0.000e+00
     23.261     9.1955     9.1939   3.711880   3.712120     2.2074     1.7686     0.3825    4.93542   3556.542      85358          6  0.000e+00
     23.230     9.1952     9.1938   3.711861   3.712113     2.2074     1.7686     0.3837    4.93542   3556.583      85359          6  0.000e+00
     23.348     9.1947     9.1941   3.711836   3.712120     2.2086     1.8053     0.3837    4.93984   3556.625      85360          6  0.000e+00
     23.348     9.1947     9.1938   3.711823   3.712047     2.2086     1.8419     0.3837    4.94058   3556.667      85361          6  0.000e+00
     23.230     9.1948     9.1936   3.711817   3.712053     2.2074     1.8419     0.3825    4.93691   3556.708      85362          6  0.000e+00
     23.317     9.1944     9.1939   3.711836   3.712047     2.2074     1.8419     0.3825    4.93693   3556.750      85363          6  0.000e+00
     23.293     9.1944     9.1937   3.711804   3.712053     2.2074     1.8419     0.3825    4.93686   3556.792      85364          6  0.000e+00
     23.348     9.1944     9.1936   3.711804   3.712080     2.2074     1.8419     0.3825    4.93683   3556.833      85365          6  0.000e+00
     23.230     9.1943     9.1934   3.711823   3.712053     2.2074     1.8419     0.3837    4.93669   3556.875      85366          6  0.000e+00
     23.293     9.1944     9.1934   3.711773   3.712053     2.2074     1.8419     0.3849    4.93668   3556.917      85367          6  0.000e+00
     23.317     9.1947     9.1931   3.711754   3.712013     2.2086     1.8419     0.3860    4.94090   3556.958      85368          6  0.000e+00
     23.293     9.1947     9.1931   3.711735   3.712020     2.2086     1.8419     0.3860    4.94156   3557.000      85369          6  0.000e+00
     23.293     9.1947     9.1927   3.711696   3.712013     2.2074     1.8419     0.3849    4.93792   3557.042      85370          6  0.000e+00
     23.293     9.1944     9.1926   3.711735   3.711987     2.2061     1.8419     0.3849    4.93351   3557.083      85371          6  0.000e+00
     23.262     9.1943     9.1926   3.711773   3.712013     2.2074     1.8419     0.3849    4.93612   3557.125      85372          6  0.000e+00
     23.293     9.1946     9.1928   3.711792   3.712020     2.2074     1.8419     0.3849    4.93598   3557.167      85373          6  0.000e+00
     23.293     9.1947     9.1926   3.711766   3.712013     2.2086     1.8419     0.3849    4.94014   3557.208      85374          6  0.000e+00
     23.230     9.1948     9.1926   3.711798   3.711953     2.2074     1.8419     0.3849    4.93640   3557.250      85375          6  0.000e+00
     23.293     9.1947     9.1926   3.711747   3.711980     2.2074     1.8419     0.3849    4.93630   3557.292      85376          6  0.000e+00
     23.262     9.1944     9.1926   3.711766   3.711953     2.2074     1.8419     0.3849    4.93614   3557.333      85377          6  0.000e+00
     23.230     9.1947     9.1926   3.711785   3.711947     2.2074     1.8419     0.3849    4.93593   3557.375      85378          6  0.000e+00
     23.230     9.1951     9.1923   3.711766   3.711953     2.2074     1.8419     0.3849    4.93574   3557.417      85379          6  0.000e+00
     23.230     9.1949     9.1916   3.711735   3.711913     2.2074     1.8419     0.3849    4.93561   3557.458      85380          6  0.000e+00
     23.293     9.1941     9.1918   3.711671   3.711920     2.2074     1.8419     0.3860    4.93558   3557.500      85381          6  0.000e+00
     23.199     9.1947     9.1919   3.711703   3.711913     2.2074     1.8419     0.3860    4.93529   3557.542      85382          6  0.000e+00
     23.230     9.1959     9.1921   3.711741   3.711887     2.2086     1.8419     0.3849    4.93933   3557.583      85383          6  0.000e+00
     23.230     9.1959     9.1929   3.711734   3.711846     2.2086     1.8297     0.3849    4.93991   3557.625      85384          6  0.000e+00
     23.230     9.1957     9.1934   3.711722   3.711886     2.2074     1.7931     0.3849    4.93619   3557.667      85385          6  0.000e+00
     23.175     9.1949     9.1941   3.711747   3.711880     2.2074     1.7931     0.3849    4.93599   3557.708      85386          6  0.000e+00
     23.199     9.1944     9.1937   3.711760   3.711920     2.2074     1.7931     0.3837    4.93581   3557.750      85387          6  0.000e+00
     23.230     9.1943     9.1938   3.711754   3.711953     2.2074     1.7931     0.3837    4.93562   3557.792      85388          6  0.000e+00
     23.113     9.1949     9.1939   3.711773   3.711946     2.2074     1.7931     0.3837    4.93526   3557.833      85389          6  0.000e+00
     23.231     9.1952     9.1936   3.711766   3.711987     2.2074     1.7931     0.3837    4.93589   3557.875      85390          6  0.000e+00
     23.175     9.1955     9.1942   3.711823   3.711880     2.2074     1.7931     0.3837    4.93562   3557.917      85391          6  0.000e+00
     23.144     9.1956     9.1947   3.711849   3.711953     2.2074     1.7931     0.3837    4.93539   3557.958      85392          6  0.000e+00
     23.176     9.1957     9.1954   3.711880   3.712013     2.2074     1.7931     0.3825    4.93520   3558.000      85393          6  0.000e+00
     23.176     9.1960     9.1959   3.711912   3.712087     2.2074     1.7931     0.3837    4.93497   3558.042      85394          6  0.000e+00
     23.176     9.1964     9.1959   3.711918   3.712080     2.2074     1.7931     0.3837    4.93475   3558.083      85395          6  0.000e+00
     23.113     9.1969     9.1952   3.711937   3.712120     2.2086     1.7931     0.3837    4.93876   3558.125      85396          6  0.000e+00
     23.144     9.1969     9.1941   3.711969   3.712080     2.2074     1.7931     0.3837    4.93502   3558.167      85397          6  0.000e+00
     23.113     9.1972     9.1949   3.711982   3.711987     2.2086     1.7931     0.3837    4.93904   3558.208      85398          6  0.000e+00
     23.113     9.1975     9.1951   3.711982   3.711980     2.2074     1.7931     0.3849    4.93523   3558.250      85399          6  0.000e+00
     23.176     9.1972     9.1952   3.711963   3.711987     2.2074     1.7931     0.3849    4.93504   3558.292      85400          6  0.000e+00
     22.940     9.1969     9.1952   3.711969   3.712013     2.2074     1.7931     0.3837    4.93467   3558.333      85401          6  0.000e+00
     23.262     9.1970     9.1951   3.711982   3.711953     2.2086     1.7931     0.3837    4.93889   3558.375      85402          6  0.000e+00
     23.113     9.1967     9.1946   3.712001   3.711780     2.2086     1.7931     0.3837    4.93929   3558.417      85403          6  0.000e+00
     23.352     9.1877     9.1866   3.711259   3.711580     2.2085     1.6954     0.3872    4.93890   3578.083      85875          7  0.000e+00
     23.408     9.1887     9.1874   3.711354   3.711586     2.2085     1.6954     0.3860    4.93895   3578.125      85876          7  0.000e+00
     23.439     9.1898     9.1869   3.711487   3.711613     2.2085     1.6954     0.3849    4.93896   3578.167      85877          7  0.000e+00
     23.408     9.1900     9.1873   3.711500   3.711620     2.2085     1.6954     0.3837    4.93905   3578.208      85878          7  0.000e+00
     23.470     9.1905     9.1881   3.711582   3.711620     2.2085     1.6954     0.3825    4.93915   3578.250      85879          7  0.000e+00
     23.470     9.1904     9.1893   3.711582   3.711646     2.2085     1.6954     0.3825    4.93928   3578.292      85880          7  0.000e+00
     23.525     9.1900     9.1899   3.711538   3.711787     2.2085     1.6954     0.3825    4.93950   3578.333      85881          7  0.000e+00
     23.557     9.1904     9.1894   3.711570   3.711847     2.2085     1.6954     0.3825    4.93960   3578.375      85882          7  0.000e+00
     23.526     9.1913     9.1884   3.711659   3.711887     2.2085     1.6954     0.3825    4.93960   3578.417      85883          7  0.000e+00
     23.526     9.1906     9.1874   3.711665   3.711813     2.2085     1.6954     0.3837    4.93978   3578.458      85884          7  0.000e+00
     23.526     9.1903     9.1876   3.711608   3.711686     2.2085     1.6954     0.3825    4.93996   3578.500      85885          7  0.000e+00
     23.643     9.1904     9.1888   3.711608   3.711646     2.2085     1.6954     0.3825    4.94015   3578.542      85886          7  0.000e+00
     23.557     9.1916     9.1893   3.711754   3.711653     2.2085     1.6954     0.3825    4.93927   3578.583      85887          7  0.000e+00
     23.588     9.1928     9.1891   3.711811   3.711747     2.2085     1.6954     0.3825    4.93928   3578.625      85888          7  0.000e+00
     23.644     9.1938     9.1883   3.711836   3.711753     2.2085     1.6954     0.3813    4.93932   3578.667      85889          7  0.000e+00
     23.644     9.1944     9.1881   3.711900   3.711780     2.2085     1.6954     0.3813    4.93934   3578.708      85890          7  0.000e+00
     23.612     9.1949     9.1883   3.711919   3.711720     2.2085     1.6954     0.3825    4.93937   3578.750      85891          7  0.000e+00
     23.644     9.1952     9.1884   3.711938   3.711680     2.2085     1.6954     0.3872    4.93945   3578.792      85892          7  0.000e+00
     23.644     9.1949     9.1886   3.711912   3.711753     2.2085     1.6954     0.3908    4.93959   3578.833      85893          7  0.000e+00
     23.644     9.1944     9.1888   3.711887   3.711747     2.2085     1.7076     0.3919    4.93973   3578.875      85894          7  0.000e+00
     23.706     9.1936     9.1884   3.711862   3.711753     2.2085     1.7564     0.3896    4.93994   3578.917      85895          7  0.000e+00
     23.675     9.1936     9.1884   3.711830   3.711747     2.2085     1.7686     0.3884    4.93923   3578.958      85896          7  0.000e+00
     23.707     9.1934     9.1886   3.711817   3.711753     2.2085     1.7686     0.3860    4.93933   3579.000      85897          7  0.000e+00
     23.644     9.1932     9.1889   3.711862   3.711780     2.2085     1.7686     0.3860    4.93935   3579.042      85898          7  0.000e+00
     23.762     9.1933     9.1888   3.711836   3.711787     2.2073     1.7686     0.3837    4.93520   3579.083      85899          7  0.000e+00
     23.526     9.1941     9.1889   3.711849   3.711780     2.2085     1.7686     0.3825    4.93860   3579.125      85900          7  0.000e+00
     23.848     9.1944     9.1888   3.711830   3.711720     2.2085     1.7686     0.3825    4.93889   3579.167      85901          7  0.000e+00
     23.707     9.1944     9.1888   3.711817   3.711747     2.2085     1.7686     0.3825    4.93889   3579.208      85902          7  0.000e+00
     23.707     9.1943     9.1889   3.711817   3.711753     2.2085     1.7686     0.3825    4.93900   3579.250      85903          7  0.000e+00
     23.707     9.1941     9.1886   3.711798   3.711747     2.2073     1.7686     0.3825    4.93483   3579.292      85904          7  0.000e+00
     23.730     9.1939     9.1886   3.711855   3.711720     2.2073     1.7686     0.3813    4.93340   3579.333      85905          7  0.000e+00
     23.707     9.1939     9.1884   3.711843   3.711787     2.2073     1.7686     0.3813    4.93275   3579.375      85906          7  0.000e+00
     23.707     9.1939     9.1886   3.711843   3.711713     2.2073     1.7686     0.3813    4.93214   3579.417      85907          7  0.000e+00
     23.707     9.1938     9.1884   3.711849   3.711687     2.2073     1.7686     0.3813    4.93157   3579.458      85908          7  0.000e+00
     23.707     9.1938     9.1886   3.711830   3.711713     2.2085     1.7686     0.3825    4.93533   3579.500      85909          7  0.000e+00
     23.675     9.1936     9.1886   3.711836   3.711720     2.2085     1.7686     0.3825    4.93555   3579.542      85910          7  0.000e+00
     23.707     9.1936     9.1883   3.711804   3.711747     2.2085     1.7686     0.3825    4.93580   3579.583      85911          7  0.000e+00
     23.644     9.1936     9.1876   3.711766   3.711687     2.2085     1.7686     0.3837    4.93599   3579.625      85912          7  0.000e+00
     23.644     9.1934     9.1871   3.711798   3.711680     2.2085     1.7564     0.3837    4.93622   3579.667      85913          7  0.000e+00
