Cruise Data/Irminger_Sea-01_KN-221_2014-09-07/Ship Data/ctd/process_mlankhorst/KN22104006.ros
* Sea-Bird SBE 9 Data File:
* FileName = C:\Data\ctd\KN22104006.hdr
* Software Version Seasave V 7.21k
* Temperature SN = 4195
* Conductivity SN = 2147
* Number of Bytes Per Scan = 40
* Number of Voltage Words = 5
* Number of Scans Averaged by the Deck Unit = 1
* NMEA Latitude = 59 57.97 N
* NMEA Longitude = 039 28.24 W
* NMEA UTC (Time) = Sep 12 2014 05:09:49
** KN221-04 Chief Scientist: Bob Weller
** OOI Irminger Sea Sept. 2014
** Station: 006
** Knudsen Depth: 2706
# nquan = 13
# nvalues = 588                                   
# units = specified
# name 0 = prDM: Pressure, Digiquartz [db]
# name 1 = t090C: Temperature [ITS-90, deg C]
# name 2 = t190C: Temperature, 2 [ITS-90, deg C]
# name 3 = c0S/m: Conductivity [S/m]
# name 4 = c1S/m: Conductivity, 2 [S/m]
# name 5 = sbeox0V: Oxygen raw, SBE 43 [V]
# name 6 = flECO-AFL: Fluorescence, WET Labs ECO-AFL/FL [mg/m^3]
# name 7 = CStarAt0: Beam Attenuation, WET Labs C-Star [1/m]
# name 8 = sbeox0ML/L: Oxygen, SBE 43 [ml/l]
# name 9 = timeS: Time, Elapsed [seconds]
# name 10 = scan: Scan Count
# name 11 = nbf: Bottles Fired
# name 12 = flag:  0.000e+00
# interval = seconds: 0.0416667
# start_time = Sep 12 2014 05:09:49 [NMEA time, header]
# bad_flag = -9.990e-29
*END*
[from data line 445]
     23.705     9.1727     9.1714   3.710460   3.710693     2.2066     1.7931     0.3943    4.93581   7713.542     185126         10  0.000e+00
     23.642     9.1726     9.1715   3.710473   3.710646     2.2066     1.7931     0.3931    4.93580   7713.583     185127         10  0.000e+00
     23.823     9.1727     9.1717   3.710454   3.710693     2.2066     1.7931     0.3931    4.93595   7713.625     185128         10  0.000e+00
     23.642     9.1726     9.1719   3.710428   3.710679     2.2066     1.7931     0.3919    4.93588   7713.667     185129         10  0.000e+00
     23.791     9.1726     9.1718   3.710390   3.710693     2.2066     1.7931     0.3931    4.93602   7713.708     185130         10  0.000e+00
     23.705     9.1727     9.1719   3.710422   3.710746     2.2066     1.7931     0.3931    4.93597   7713.750     185131         10  0.000e+00
     23.705     9.1726     9.1720   3.710460   3.710693     2.2066     1.7931     0.3931    4.93600   7713.792     185132         10  0.000e+00
     23.760     9.1726     9.1721   3.710473   3.710746     2.2066     1.7931     0.3943    4.93607   7713.833     185133         10  0.000e+00
     23.760     9.1727     9.1720   3.710473   3.710693     2.2066     1.7931     0.3943    4.93609   7713.875     185134         10  0.000e+00
     23.587     9.1726     9.1719   3.710454   3.710713     2.2066     1.7931     0.3955    4.93602   7713.917     185135         10  0.000e+00
     23.901     9.1726     9.1723   3.710441   3.710759     2.2066     1.7931     0.3967    4.93626   7713.958     185136         10  0.000e+00
     23.760     9.1726     9.1721   3.710460   3.710746     2.2066     1.7931     0.3978    4.93540   7714.000     185137         10  0.000e+00
     23.823     9.1728     9.1719   3.710466   3.710759     2.2079     1.8053     0.3967    4.93971   7714.042     185138         10  0.000e+00
     23.760     9.1729     9.1720   3.710466   3.710746     2.2066     1.8297     0.3967    4.93610   7714.083     185139         10  0.000e+00
     23.823     9.1729     9.1722   3.710454   3.710759     2.2066     1.8419     0.3978    4.93611   7714.125     185140         10  0.000e+00
     23.846     9.1726     9.1720   3.710422   3.710779     2.2066     1.8419     0.3978    4.93613   7714.167     185141         10  0.000e+00
     23.823     9.1724     9.1726   3.710454   3.710793     2.2066     1.8419     0.3978    4.93609   7714.208     185142         10  0.000e+00
     23.823     9.1724     9.1728   3.710492   3.710779     2.2066     1.8419     0.3967    4.93604   7714.250     185143         10  0.000e+00
     23.823     9.1726     9.1727   3.710435   3.710826     2.2066     1.8419     0.3955    4.93601   7714.292     185144         10  0.000e+00
     23.878     9.1726     9.1728   3.710454   3.710813     2.2066     1.8419     0.3955    4.93601   7714.333     185145         10  0.000e+00
     23.846     9.1726     9.1729   3.710466   3.710826     2.2066     1.8419     0.3943    4.93595   7714.375     185146         10  0.000e+00
     23.933     9.1726     9.1732   3.710447   3.710813     2.2066     1.8419     0.3955    4.93598   7714.417     185147         10  0.000e+00
     23.878     9.1726     9.1732   3.710441   3.710859     2.2066     1.8419     0.3955    4.93591   7714.458     185148         10  0.000e+00
     23.878     9.1724     9.1731   3.710441   3.710846     2.2066     1.8419     0.3955    4.93590   7714.500     185149         10  0.000e+00
     23.933     9.1724     9.1727   3.710460   3.710826     2.2066     1.8419     0.3967    4.93590   7714.542     185150         10  0.000e+00
     23.964     9.1725     9.1727   3.710473   3.710880     2.2066     1.8419     0.3955    4.93587   7714.583     185151         10  0.000e+00
     23.933     9.1726     9.1718   3.710473   3.710793     2.2079     1.8419     0.3955    4.94010   7714.625     185152         10  0.000e+00
     23.996     9.1726     9.1716   3.710473   3.710779     2.2066     1.8419     0.3955    4.93655   7714.667     185153         10  0.000e+00
     23.996     9.1726     9.1713   3.710466   3.710726     2.2066     1.8419     0.3955    4.93649   7714.708     185154         10  0.000e+00
     23.996     9.1729     9.1712   3.710466   3.710713     2.2066     1.8419     0.3955    4.93640   7714.750     185155         10  0.000e+00
     24.019     9.1726     9.1712   3.710473   3.710693     2.2066     1.8419     0.3955    4.93638   7714.792     185156         10  0.000e+00
     23.996     9.1726     9.1712   3.710473   3.710713     2.2066     1.8419     0.3955    4.93629   7714.833     185157         10  0.000e+00
     24.114     9.1729     9.1712   3.710492   3.710693     2.2066     1.8419     0.3967    4.93627   7714.875     185158         10  0.000e+00
     24.051     9.1727     9.1713   3.710460   3.710713     2.2066     1.8419     0.3978    4.93619   7714.917     185159         10  0.000e+00
     24.114     9.1732     9.1714   3.710511   3.710693     2.2066     1.8419     0.3967    4.93612   7714.958     185160         10  0.000e+00
     24.082     9.1726     9.1713   3.710467   3.710679     2.2066     1.8419     0.3955    4.93609   7715.000     185161         10  0.000e+00
     24.114     9.1726     9.1712   3.710460   3.710726     2.2066     1.8419     0.3943    4.93605   7715.042     185162         10  0.000e+00
     24.169     9.1725     9.1712   3.710486   3.710713     2.2066     1.8053     0.3931    4.93602   7715.083     185163         10  0.000e+00
     24.169     9.1724     9.1712   3.710454   3.710693     2.2066     1.7931     0.3919    4.93598   7715.125     185164         10  0.000e+00
     24.169     9.1723     9.1715   3.710441   3.710679     2.2066     1.7931     0.3919    4.93593   7715.167     185165         10  0.000e+00
     24.200     9.1724     9.1714   3.710441   3.710760     2.2066     1.7931     0.3919    4.93587   7715.208     185166         10  0.000e+00
     24.224     9.1726     9.1719   3.710441   3.710679     2.2066     1.7931     0.3931    4.93580   7715.250     185167         10  0.000e+00
     24.224     9.1724     9.1720   3.710460   3.710726     2.2066     1.7931     0.3931    4.93575   7715.292     185168         10  0.000e+00
     24.287     9.1721     9.1722   3.710454   3.710780     2.2066     1.7931     0.3931    4.93575   7715.333     185169         10  0.000e+00
     24.287     9.1722     9.1723   3.710460   3.710726     2.2078     1.7931     0.3931    4.93997   7715.375     185170         10  0.000e+00
     23.878     9.1734     9.1721   3.710619   3.710779     2.2076     1.8297     0.3919    4.94470   7750.708     186018         11  0.000e+00
     23.878     9.1736     9.1723   3.710619   3.710759     2.2088     1.8297     0.3919    4.94834   7750.750     186019         11  0.000e+00
     23.878     9.1735     9.1724   3.710606   3.710813     2.2088     1.8297     0.3919    4.94845   7750.792     186020         11  0.000e+00
     23.901     9.1734     9.1724   3.710606   3.710793     2.2088     1.8297     0.3931    4.94853   7750.833     186021         11  0.000e+00
     23.933     9.1736     9.1725   3.710587   3.710813     2.2088     1.8297     0.3919    4.94938   7750.875     186022         11  0.000e+00
     23.933     9.1733     9.1726   3.710562   3.710793     2.2088     1.8297     0.3919    4.94944   7750.917     186023         11  0.000e+00
     23.760     9.1734     9.1727   3.710593   3.710813     2.2088     1.8297     0.3931    4.94930   7750.958     186024         11  0.000e+00
     24.051     9.1734     9.1724   3.710530   3.710826     2.2088     1.8297     0.3931    4.94948   7751.000     186025         11  0.000e+00
     23.901     9.1735     9.1725   3.710555   3.710779     2.2088     1.8297     0.3943    4.94931   7751.042     186026         11  0.000e+00
     23.878     9.1734     9.1726   3.710593   3.710793     2.2088     1.8297     0.3955    4.94919   7751.083     186027         11  0.000e+00
     24.051     9.1734     9.1723   3.710587   3.710813     2.2076     1.8297     0.3955    4.94488   7751.125     186028         11  0.000e+00
     23.933     9.1732     9.1722   3.710619   3.710860     2.2076     1.8297     0.3955    4.94391   7751.167     186029         11  0.000e+00
     23.933     9.1734     9.1722   3.710562   3.710779     2.2088     1.8297     0.3955    4.94651   7751.208     186030         11  0.000e+00
     24.019     9.1732     9.1722   3.710549   3.710793     2.2088     1.8297     0.3943    4.94639   7751.250     186031         11  0.000e+00
     23.996     9.1733     9.1719   3.710568   3.710813     2.2088     1.8297     0.3931    4.94694   7751.292     186032         11  0.000e+00
     23.996     9.1734     9.1722   3.710574   3.710793     2.2088     1.8297     0.3919    4.94671   7751.333     186033         11  0.000e+00
     24.051     9.1734     9.1722   3.710574   3.710779     2.2088     1.8297     0.3931    4.94648   7751.375     186034         11  0.000e+00
     23.996     9.1734     9.1722   3.710619   3.710826     2.2088     1.8297     0.3943    4.94614   7751.417     186035         11  0.000e+00
     24.019     9.1735     9.1719   3.710638   3.710779     2.2088     1.8297     0.3943    4.94583   7751.458     186036         11  0.000e+00
     24.051     9.1732     9.1723   3.710638   3.710826     2.2088     1.8175     0.3943    4.94552   7751.500     186037         11  0.000e+00
     24.051     9.1736     9.1721   3.710593   3.710779     2.2088     1.8053     0.3943    4.94512   7751.542     186038         11  0.000e+00
     24.114     9.1733     9.1721   3.710581   3.710826     2.2088     1.7931     0.3943    4.94557   7751.583     186039         11  0.000e+00
     24.051     9.1736     9.1722   3.710600   3.710779     2.2088     1.7931     0.3955    4.94508   7751.625     186040         11  0.000e+00
     24.082     9.1732     9.1724   3.710555   3.710793     2.2088     1.7931     0.3967    4.94470   7751.667     186041         11  0.000e+00
     24.169     9.1732     9.1722   3.710562   3.710813     2.2088     1.7931     0.3978    4.94427   7751.708     186042         11  0.000e+00
     24.114     9.1734     9.1722   3.710549   3.710793     2.2088     1.7931     0.3978    4.94371   7751.750     186043         11  0.000e+00
     24.114     9.1732     9.1723   3.710562   3.710813     2.2088     1.7931     0.3978    4.94398   7751.792     186044         11  0.000e+00
     24.169     9.1735     9.1722   3.710549   3.710860     2.2088     1.7931     0.3967    4.94425   7751.833     186045         11  0.000e+00
     24.137     9.1732     9.1722   3.710562   3.710813     2.2088     1.7931     0.3955    4.94450   7751.875     186046         11  0.000e+00
     24.169     9.1736     9.1722   3.710581   3.710860     2.2088     1.7931     0.3955    4.94474   7751.917     186047         11  0.000e+00
     24.224     9.1733     9.1728   3.710581   3.710813     2.2088     1.7931     0.3955    4.94505   7751.958     186048         11  0.000e+00
     24.169     9.1732     9.1726   3.710574   3.710826     2.2088     1.7931     0.3967    4.94448   7752.000     186049         11  0.000e+00
     24.224     9.1732     9.1726   3.710574   3.710846     2.2088     1.7931     0.3990    4.94394   7752.042     186050         11  0.000e+00
     24.255     9.1734     9.1725   3.710593   3.710893     2.2088     1.7931     0.3978    4.94333   7752.083     186051         11  0.000e+00
     24.287     9.1735     9.1722   3.710651   3.710813     2.2088     1.7931     0.3955    4.94269   7752.125     186052         11  0.000e+00
     24.287     9.1738     9.1723   3.710625   3.710860     2.2088     1.7931     0.3955    4.94280   7752.167     186053         11  0.000e+00
     24.224     9.1739     9.1724   3.710625   3.710813     2.2088     1.7931     0.3943    4.94288   7752.208     186054         11  0.000e+00
     24.342     9.1737     9.1722   3.710657   3.710826     2.2088     1.7931     0.3955    4.94309   7752.250     186055         11  0.000e+00
     24.310     9.1738     9.1724   3.710631   3.710880     2.2076     1.7931     0.3955    4.93890   7752.292     186056         11  0.000e+00
     24.342     9.1738     9.1722   3.710612   3.710793     2.2076     1.7931     0.3955    4.93832   7752.333     186057         11  0.000e+00
     24.404     9.1737     9.1724   3.710625   3.710813     2.2076     1.7931     0.3943    4.93779   7752.375     186058         11  0.000e+00
     24.342     9.1739     9.1722   3.710657   3.710826     2.2088     1.7931     0.3943    4.94147   7752.417     186059         11  0.000e+00
     24.404     9.1739     9.1723   3.710625   3.710846     2.2088     1.7931     0.3931    4.94174   7752.458     186060         11  0.000e+00
     24.373     9.1737     9.1724   3.710625   3.710826     2.2076     1.7931     0.3931    4.93767   7752.500     186061         11  0.000e+00
     24.460     9.1734     9.1723   3.710638   3.710813     2.2088     1.7808     0.3919    4.94072   7752.542     186062         11  0.000e+00
     24.460     9.1736     9.1726   3.710619   3.710860     2.2088     1.7686     0.3919    4.94094   7752.583     186063         11  0.000e+00
     24.460     9.1738     9.1723   3.710638   3.710579     2.2088     1.7686     0.3931    4.94114   7752.625     186064         11  0.000e+00
     24.522     9.1739     9.1724   3.710663   3.710826     2.2088     1.7686     0.3943    4.94138   7752.667     186065         11  0.000e+00
     24.546     9.1738     9.1723   3.710651   3.710813     2.2088     1.7686     0.3943    4.94164   7752.708     186066         11  0.000e+00
     24.169     9.1740     9.1727   3.710669   3.710846     2.2087     1.8175     0.3967    4.93908   7775.333     186609         12  0.000e+00
     24.200     9.1738     9.1729   3.710657   3.710860     2.2087     1.8175     0.3955    4.93935   7775.375     186610         12  0.000e+00
     24.169     9.1740     9.1730   3.710663   3.710846     2.2087     1.8175     0.3955    4.93953   7775.417     186611         12  0.000e+00
     24.169     9.1738     9.1729   3.710625   3.710860     2.2087     1.8175     0.3955    4.93979   7775.458     186612         12  0.000e+00
     24.169     9.1740     9.1728   3.710606   3.710846     2.2087     1.8175     0.3955    4.94000   7775.500     186613         12  0.000e+00
     24.287     9.1738     9.1732   3.710651   3.710893     2.2087     1.8175     0.3943    4.94031   7775.542     186614         12  0.000e+00
     24.137     9.1738     9.1730   3.710669   3.710846     2.2087     1.8175     0.3943    4.94043   7775.583     186615         12  0.000e+00
     24.224     9.1741     9.1731   3.710650   3.710893     2.2087     1.8175     0.3931    4.94068   7775.625     186616         12  0.000e+00
     24.224     9.1740     9.1730   3.710638   3.710913     2.2075     1.8175     0.3931    4.93662   7775.667     186617         12  0.000e+00
     24.169     9.1738     9.1729   3.710644   3.710893     2.2075     1.8175     0.3931    4.93610   7775.708     186618         12  0.000e+00
     24.169     9.1740     9.1728   3.710663   3.710880     2.2075     1.8175     0.3943    4.93559   7775.750     186619         12  0.000e+00
     24.255     9.1736     9.1729   3.710650   3.710893     2.2075     1.8175     0.3943    4.93524   7775.792     186620         12  0.000e+00
     24.224     9.1739     9.1727   3.710682   3.710880     2.2087     1.8541     0.3931    4.93905   7775.833     186621         12  0.000e+00
     24.224     9.1738     9.1728   3.710631   3.710860     2.2075     1.8663     0.3931    4.93514   7775.875     186622         12  0.000e+00
     24.224     9.1739     9.1729   3.710650   3.710880     2.2074     1.8663     0.3931    4.93474   7775.917     186623         12  0.000e+00
     24.287     9.1739     9.1728   3.710651   3.710860     2.2087     1.8663     0.3943    4.93872   7775.958     186624         12  0.000e+00
