Cruise Data/Irminger_Sea-01_KN-221_2014-09-07/Ship Data/ctd/process_mlankhorst/KN22104007.ros
* Sea-Bird SBE 9 Data File:
* FileName = C:\Data\ctd\KN22104007.hdr
* Software Version Seasave V 7.21k
* Temperature SN = 4195
* Conductivity SN = 2147
* Number of Bytes Per Scan = 40
* Number of Voltage Words = 5
* Number of Scans Averaged by the Deck Unit = 1
* NMEA Latitude = 59 55.13 N
* NMEA Longitude = 039 25.73 W
* NMEA UTC (Time) = Sep 15 2014 15:50:10
** KN221-04 Chief Scientist: Bob Weller
** OOI Irminger Sea Sept. 2014
** Station: 007
** Knudsen Depth: 2737
# nquan = 13
# nvalues = 588                                   
# units = specified
# name 0 = prDM: Pressure, Digiquartz [db]
# name 1 = t090C: Temperature [ITS-90, deg C]
# name 2 = t190C: Temperature, 2 [ITS-90, deg C]
# name 3 = c0S/m: Conductivity [S/m]
# name 4 = c1S/m: Conductivity, 2 [S/m]
# name 5 = sbeox0V: Oxygen raw, SBE 43 [V]
# name 6 = flECO-AFL: Fluorescence, WET Labs ECO-AFL/FL [mg/m^3]
# name 7 = CStarAt0: Beam Attenuation, WET Labs C-Star [1/m]
# name 8 = sbeox0ML/L: Oxygen, SBE 43 [ml/l]
# name 9 = timeS: Time, Elapsed [seconds]
# name 10 = scan: Scan Count
# name 11 = nbf: Bottles Fired
# name 12 = flag:  0.000e+00
# interval = seconds: 0.0416667
# start_time = Sep 15 2014 15:50:10 [NMEA time, header]
# bad_flag = -9.990e-29
*END*
[from data line 334]
     23.207     7.8830     7.8810   3.593970   3.594167     2.1706     1.0116     0.2988    4.97879   3565.208      85566          7  0.000e+00
     23.175     7.8829     7.8810   3.593970   3.594082     2.1706     0.9994     0.2988    4.97836   3565.250      85567          7  0.000e+00
     23.144     7.8834     7.8812   3.593989   3.594069     2.1718     1.0116     0.2988    4.98234   3565.292      85568          7  0.000e+00
     23.144     7.8837     7.8808   3.594008   3.594016     2.1706     1.0116     0.2988    4.97910   3565.333      85569          7  0.000e+00
     23.207     7.8843     7.8805   3.594008   3.593976     2.1706     1.0116     0.2988    4.97867   3565.375      85570          7  0.000e+00
     23.144     7.8851     7.8812   3.594070   3.593976     2.1706     0.9994     0.2999    4.97812   3565.417      85571          7  0.000e+00
     23.112     7.8871     7.8819   3.594189   3.594016     2.1706     0.9994     0.2999    4.97746   3565.458      85572          7  0.000e+00
     23.144     7.8890     7.8826   3.594246   3.594102     2.1706     0.9994     0.3011    4.97688   3565.500      85573          7  0.000e+00
     23.089     7.8892     7.8824   3.594277   3.594167     2.1706     0.9994     0.2999    4.97640   3565.542      85574          7  0.000e+00
     15.405     7.8894     7.8873   3.594199   3.594369     2.1716     0.8529     0.2988    4.97628   3621.792      86924          8  0.000e+00
     15.405     7.8895     7.8876   3.594237   3.594362     2.1728     0.8529     0.2976    4.97933   3621.833      86925          8  0.000e+00
     15.405     7.8896     7.8871   3.594237   3.594362     2.1728     0.8529     0.2976    4.97959   3621.875      86926          8  0.000e+00
     15.460     7.8900     7.8874   3.594224   3.594336     2.1728     0.8529     0.2988    4.97988   3621.917      86927          8  0.000e+00
     15.405     7.8898     7.8873   3.594224   3.594329     2.1728     0.8529     0.2999    4.98014   3621.958      86928          8  0.000e+00
     15.405     7.8895     7.8871   3.594243   3.594329     2.1728     0.8529     0.3011    4.97956   3622.000      86929          8  0.000e+00
     15.460     7.8896     7.8871   3.594212   3.594336     2.1716     0.8529     0.3011    4.97451   3622.042      86930          8  0.000e+00
     15.578     7.8891     7.8870   3.594193   3.594297     2.1728     0.8529     0.2999    4.97850   3622.083      86931          8  0.000e+00
     15.578     7.8897     7.8871   3.594199   3.594297     2.1728     0.8529     0.2999    4.97870   3622.125      86932          8  0.000e+00
     15.460     7.8900     7.8869   3.594243   3.594303     2.1728     0.8529     0.2999    4.97883   3622.167      86933          8  0.000e+00
     15.342     7.8907     7.8866   3.594274   3.594329     2.1728     0.8529     0.2988    4.97805   3622.208      86934          8  0.000e+00
     15.665     7.8911     7.8867   3.594331   3.594303     2.1728     0.8529     0.2988    4.97841   3622.250      86935          8  0.000e+00
     15.515     7.8913     7.8864   3.594331   3.594264     2.1728     0.8529     0.2976    4.97851   3622.292      86936          8  0.000e+00
     15.578     7.8905     7.8867   3.594318   3.594297     2.1728     0.8529     0.2976    4.97883   3622.333      86937          8  0.000e+00
     15.515     7.8910     7.8865   3.594318   3.594270     2.1716     0.8529     0.2976    4.97362   3622.375      86938          8  0.000e+00
     15.578     7.8909     7.8866   3.594337   3.594264     2.1716     0.8773     0.2988    4.97216   3622.417      86939          8  0.000e+00
     15.578     7.8910     7.8867   3.594356   3.594330     2.1716     0.8895     0.2988    4.97152   3622.458      86940          8  0.000e+00
     15.578     7.8906     7.8867   3.594356   3.594336     2.1728     0.8773     0.2988    4.97542   3622.500      86941          8  0.000e+00
     15.578     7.8900     7.8869   3.594255   3.594330     2.1728     0.8895     0.2976    4.97575   3622.542      86942          8  0.000e+00
     15.578     7.8896     7.8871   3.594243   3.594362     2.1716     0.8773     0.2976    4.97157   3622.583      86943          8  0.000e+00
     15.578     7.8892     7.8872   3.594212   3.594336     2.1716     0.8773     0.2976    4.97105   3622.625      86944          8  0.000e+00
     15.633     7.8893     7.8873   3.594174   3.594330     2.1716     0.8773     0.2976    4.97057   3622.667      86945          8  0.000e+00
     15.578     7.8890     7.8876   3.594180   3.594336     2.1728     0.8773     0.2976    4.97454   3622.708      86946          8  0.000e+00
     15.634     7.8890     7.8877   3.594193   3.594362     2.1716     0.8895     0.2976    4.97045   3622.750      86947          8  0.000e+00
     15.634     7.8890     7.8876   3.594155   3.594330     2.1728     0.8773     0.2976    4.97448   3622.792      86948          8  0.000e+00
     15.578     7.8889     7.8875   3.594137   3.594336     2.1728     0.8773     0.2976    4.97484   3622.833      86949          8  0.000e+00
     15.634     7.8885     7.8879   3.594105   3.594297     2.1728     0.8895     0.2988    4.97530   3622.875      86950          8  0.000e+00
     15.634     7.8887     7.8884   3.594168   3.594422     2.1728     0.8773     0.2988    4.97565   3622.917      86951          8  0.000e+00
     15.634     7.8889     7.8883   3.594174   3.594468     2.1728     0.8773     0.2988    4.97601   3622.958      86952          8  0.000e+00
     15.579     7.8893     7.8887   3.594162   3.594422     2.1728     0.8773     0.2988    4.97633   3623.000      86953          8  0.000e+00
     15.634     7.8892     7.8887   3.594180   3.594455     2.1728     0.8773     0.2988    4.97675   3623.042      86954          8  0.000e+00
     15.665     7.8891     7.8892   3.594237   3.594468     2.1728     0.8773     0.2988    4.97714   3623.083      86955          8  0.000e+00
     15.634     7.8893     7.8891   3.594237   3.594521     2.1728     0.8895     0.2999    4.97749   3623.125      86956          8  0.000e+00
     15.634     7.8889     7.8888   3.594212   3.594488     2.1728     0.8895     0.2988    4.97792   3623.167      86957          8  0.000e+00
     15.634     7.8888     7.8890   3.594124   3.594468     2.1728     0.8895     0.2988    4.97746   3623.208      86958          8  0.000e+00
     15.579     7.8884     7.8891   3.594093   3.594488     2.1728     0.8773     0.2988    4.97695   3623.250      86959          8  0.000e+00
     15.634     7.8886     7.8890   3.594118   3.594534     2.1728     0.8773     0.2976    4.97728   3623.292      86960          8  0.000e+00
     15.634     7.8890     7.8892   3.594174   3.594521     2.1728     0.8895     0.2988    4.97753   3623.333      86961          8  0.000e+00
     15.579     7.8900     7.8889   3.594212   3.594455     2.1716     0.8773     0.2988    4.97325   3623.375      86962          8  0.000e+00
     15.634     7.8901     7.8888   3.594243   3.594435     2.1728     0.9139     0.2988    4.97724   3623.417      86963          8  0.000e+00
     15.579     7.8905     7.8885   3.594299   3.594488     2.1728     0.9261     0.2999    4.97750   3623.458      86964          8  0.000e+00
     15.634     7.8905     7.8884   3.594299   3.594422     2.1728     0.9384     0.2999    4.97788   3623.500      86965          8  0.000e+00
     15.579     7.8908     7.8883   3.594274   3.594501     2.1728     0.9261     0.2999    4.97818   3623.542      86966          8  0.000e+00
     15.579     7.8907     7.8885   3.594262   3.594395     2.1728     0.9261     0.2988    4.97854   3623.583      86967          8  0.000e+00
     15.634     7.8906     7.8887   3.594274   3.594422     2.1728     0.9261     0.2988    4.97893   3623.625      86968          8  0.000e+00
     15.516     7.8910     7.8886   3.594287   3.594435     2.1728     0.9261     0.2988    4.97916   3623.667      86969          8  0.000e+00
     15.634     7.8912     7.8885   3.594331   3.594455     2.1728     0.9261     0.2988    4.97956   3623.708      86970          8  0.000e+00
     15.516     7.8908     7.8888   3.594255   3.594402     2.1728     0.9384     0.2988    4.97988   3623.750      86971          8  0.000e+00
     15.579     7.8904     7.8885   3.594268   3.594455     2.1728     0.9261     0.2988    4.98031   3623.792      86972          8  0.000e+00
     14.940     7.8919     7.8893   3.594412   3.594534     2.1727     0.9506     0.2988    4.97909   3651.167      87629          9  0.000e+00
     14.885     7.8915     7.8897   3.594330   3.594553     2.1727     0.9506     0.2999    4.97892   3651.208      87630          9  0.000e+00
     14.940     7.8910     7.8896   3.594312   3.594520     2.1727     0.9506     0.2999    4.97879   3651.250      87631          9  0.000e+00
     14.885     7.8913     7.8899   3.594337   3.594566     2.1727     0.9506     0.2999    4.97851   3651.292      87632          9  0.000e+00
     14.940     7.8915     7.8897   3.594349   3.594520     2.1727     0.9506     0.2988    4.97831   3651.333      87633          9  0.000e+00
     14.823     7.8918     7.8896   3.594349   3.594501     2.1727     0.9506     0.2976    4.97800   3651.375      87634          9  0.000e+00
     15.113     7.8918     7.8895   3.594330   3.594553     2.1727     0.9506     0.2976    4.97799   3651.417      87635          9  0.000e+00
     14.823     7.8921     7.8899   3.594387   3.594520     2.1739     0.9506     0.2988    4.98200   3651.458      87636          9  0.000e+00
     15.003     7.8918     7.8898   3.594343   3.594534     2.1739     0.9506     0.2988    4.98276   3651.500      87637          9  0.000e+00
     14.886     7.8915     7.8905   3.594349   3.594553     2.1727     0.9506     0.2988    4.97967   3651.542      87638          9  0.000e+00
     15.003     7.8915     7.8904   3.594374   3.594586     2.1727     0.9506     0.2988    4.97950   3651.583      87639          9  0.000e+00
     15.003     7.8911     7.8902   3.594337   3.594599     2.1727     0.9506     0.2988    4.97930   3651.625      87640          9  0.000e+00
     14.941     7.8909     7.8893   3.594337   3.594586     2.1739     0.9506     0.2988    4.98350   3651.667      87641          9  0.000e+00
     15.004     7.8908     7.8890   3.594349   3.594520     2.1739     0.9506     0.2988    4.98410   3651.708      87642          9  0.000e+00
     14.823     7.8912     7.8885   3.594330   3.594468     2.1727     0.9261     0.2988    4.98001   3651.750      87643          9  0.000e+00
     15.153     7.8900     7.8885   3.594274   3.594455     2.1727     0.9017     0.2988    4.98004   3651.792      87644          9  0.000e+00
     15.004     7.8895     7.8884   3.594237   3.594435     2.1727     0.8895     0.2976    4.97968   3651.833      87645          9  0.000e+00
     15.059     7.8892     7.8885   3.594211   3.594422     2.1727     0.9017     0.2976    4.97943   3651.875      87646          9  0.000e+00
     15.059     7.8891     7.8885   3.594199   3.594454     2.1727     0.8895     0.2976    4.97913   3651.917      87647          9  0.000e+00
     15.004     7.8890     7.8886   3.594193   3.594402     2.1727     0.9017     0.2976    4.97879   3651.958      87648          9  0.000e+00
     15.059     7.8888     7.8887   3.594174   3.594454     2.1727     0.9017     0.2976    4.97853   3652.000      87649          9  0.000e+00
     15.114     7.8884     7.8884   3.594143   3.594422     2.1727     0.8895     0.2976    4.97831   3652.042      87650          9  0.000e+00
     15.059     7.8883     7.8883   3.594130   3.594402     2.1727     0.9017     0.2976    4.97797   3652.083      87651          9  0.000e+00
     15.059     7.8884     7.8882   3.594149   3.594422     2.1727     0.9017     0.2976    4.97764   3652.125      87652          9  0.000e+00
     15.114     7.8881     7.8877   3.594143   3.594395     2.1727     0.9017     0.2976    4.97826   3652.167      87653          9  0.000e+00
     15.114     7.8884     7.8880   3.594105   3.594369     2.1727     0.8895     0.2976    4.97797   3652.208      87654          9  0.000e+00
     15.114     7.8882     7.8879   3.594105   3.594395     2.1739     0.9017     0.2976    4.98217   3652.250      87655          9  0.000e+00
     15.177     7.8883     7.8879   3.594099   3.594422     2.1727     0.9017     0.2976    4.97827   3652.292      87656          9  0.000e+00
     15.114     7.8882     7.8877   3.594093   3.594369     2.1727     0.9017     0.2988    4.97792   3652.333      87657          9  0.000e+00
     15.177     7.8883     7.8877   3.594093   3.594422     2.1727     0.9017     0.2988    4.97764   3652.375      87658          9  0.000e+00
     15.177     7.8882     7.8879   3.594093   3.594402     2.1727     0.9017     0.2988    4.97733   3652.417      87659          9  0.000e+00
     15.232     7.8879     7.8879   3.594074   3.594362     2.1727     0.9017     0.2988    4.97709   3652.458      87660          9  0.000e+00
     15.177     7.8881     7.8877   3.594080   3.594395     2.1727     0.9017     0.2988    4.97672   3652.500      87661          9  0.000e+00
     15.232     7.8880     7.8879   3.594118   3.594336     2.1727     0.9017     0.2999    4.97643   3652.542      87662          9  0.000e+00
     15.232     7.8881     7.8877   3.594130   3.594395     2.1727     0.8895     0.2999    4.97611   3652.583      87663          9  0.000e+00
     15.232     7.8882     7.8879   3.594118   3.594362     2.1727     0.9017     0.2988    4.97578   3652.625      87664          9  0.000e+00
     15.295     7.8884     7.8881   3.594099   3.594402     2.1727     0.9017     0.2988    4.97551   3652.667      87665          9  0.000e+00
     15.232     7.8884     7.8879   3.594118   3.594395     2.1727     0.9017     0.2988    4.97514   3652.708      87666          9  0.000e+00
     15.295     7.8884     7.8879   3.594149   3.594362     2.1727     0.9017     0.2988    4.97486   3652.750      87667          9  0.000e+00
     15.326     7.8884     7.8877   3.594143   3.594402     2.1727     0.8895     0.2988    4.97457   3652.792      87668          9  0.000e+00
     15.295     7.8884     7.8877   3.594105   3.594395     2.1727     0.8895     0.2976    4.97424   3652.833      87669          9  0.000e+00
     15.295     7.8882     7.8879   3.594118   3.594369     2.1727     0.8773     0.2976    4.97394   3652.875      87670          9  0.000e+00
     15.350     7.8881     7.8879   3.594130   3.594362     2.1739     0.8895     0.2976    4.97901   3652.917      87671          9  0.000e+00
     15.350     7.8882     7.8877   3.594136   3.594422     2.1727     0.8895     0.2976    4.97592   3652.958      87672          9  0.000e+00
     15.350     7.8885     7.8877   3.594105   3.594336     2.1727     0.8895     0.2988    4.97563   3653.000      87673          9  0.000e+00
     15.350     7.8883     7.8876   3.594093   3.594422     2.1727     0.8773     0.2988    4.97625   3653.042      87674          9  0.000e+00
     15.413     7.8882     7.8875   3.594074   3.594362     2.1727     0.8773     0.2999    4.97692   3653.083      87675          9  0.000e+00
     15.413     7.8878     7.8877   3.594043   3.594336     2.1727     0.8773     0.2999    4.97676   3653.125      87676          9  0.000e+00
     15.350     7.8875     7.8876   3.594049   3.594362     2.1727     0.8773     0.2999    4.97653   3653.167      87677          9  0.000e+00
      3.026     7.8893     7.8884   3.593725   3.593969     2.1773     0.3889     0.2999    4.98234   3731.333      89553         10  0.000e+00
      2.948     7.8890     7.8883   3.593738   3.593943     2.1761     0.3889     0.2999    4.97943   3731.375      89554         10  0.000e+00
      3.003     7.8889     7.8890   3.593694   3.593936     2.1761     0.3889     0.2999    4.97938   3731.417      89555         10  0.000e+00
