Cruise Data/Irminger_Sea-01_KN-221_2014-09-07/Ship Data/ctd/process_mlankhorst/kn22104001.ros
* Sea-Bird SBE 9 Data File:
* FileName = C:\Data\ctd\KN22104001.hdr
* Software Version Seasave V 7.21k
* Temperature SN = 4195
* Conductivity SN = 2147
* Number of Bytes Per Scan = 40
* Number of Voltage Words = 5
* Number of Scans Averaged by the Deck Unit = 1
* NMEA Latitude = 62 06.42 N
* NMEA Longitude = 031 22.90 W
* NMEA UTC (Time) = Sep 08 2014 11:39:06
** KN221-03 Chief Scientist: Bob Pickart
** OSNAP August 2014
** Station: 001
** Knudsen Depth: 2401
# nquan = 13
# nvalues = 588                                   
# units = specified
# name 0 = prDM: Pressure, Digiquartz [db]
# name 1 = t090C: Temperature [ITS-90, deg C]
# name 2 = t190C: Temperature, 2 [ITS-90, deg C]
# name 3 = c0S/m: Conductivity [S/m]
# name 4 = c1S/m: Conductivity, 2 [S/m]
# name 5 = sbeox0V: Oxygen raw, SBE 43 [V]
# name 6 = flECO-AFL: Fluorescence, WET Labs ECO-AFL/FL [mg/m^3]
# name 7 = CStarAt0: Beam Attenuation, WET Labs C-Star [1/m]
# name 8 = sbeox0ML/L: Oxygen, SBE 43 [ml/l]
# name 9 = timeS: Time, Elapsed [seconds]
# name 10 = scan: Scan Count
# name 11 = nbf: Bottles Fired
# name 12 = flag:  0.000e+00
# interval = seconds: 0.0416667
# start_time = Sep 08 2014 11:39:06 [NMEA time, header]
# bad_flag = -9.990e-29
*END*
[from data line 556]
   1509.456     3.6551     3.6546   3.286370   3.286621     2.2640     0.0226     0.0880    7.96731   1829.750      43915         12  0.000e+00
   1509.529     3.6553     3.6542   3.286370   3.286621     1.1188     0.0226     0.0890    2.52768   1829.792      43916         12  0.000e+00
   1509.456     3.6553     3.6544   3.286400   3.286589     2.6272     0.0226     0.0880    8.82184   1829.833      43917         12  0.000e+00
   1509.513     3.6553     3.6544   3.286413   3.286589     1.9934     0.0226     0.0880    6.82546   1829.875      43918         12  0.000e+00
   1509.464     3.6554     3.6542   3.286394   3.286621     1.2448     0.0226     0.0880    2.89622   1829.917      43919         12  0.000e+00
   1509.456     3.6554     3.6544   3.286364   3.286589     2.7816     0.0226     0.0880    9.54837   1829.958      43920         12  0.000e+00
   1509.464     3.6553     3.6546   3.286394   3.286557     1.7229     0.0348     0.0880    5.72330   1830.000      43921         12  0.000e+00
   1509.456     3.6553     3.6545   3.286413   3.286589     1.4943     0.0348     0.0880    4.00124   1830.042      43922         12  0.000e+00
   1509.456     3.6553     3.6547   3.286431   3.286653     2.7581     0.0348     0.0880    9.68896   1830.083      43923         12  0.000e+00
   1509.408     3.6554     3.6545   3.286425   3.286621     1.4622     0.0348     0.0880    4.59387   1830.125      43924         12  0.000e+00
   1509.456     3.6553     3.6545   3.286413   3.286621     1.8130     0.0348     0.0901    5.44140   1830.167      43925         12  0.000e+00
   1509.392     3.6554     3.6545   3.286431   3.286621     2.6099     0.0348     0.0901    9.30345   1830.208      43926         12  0.000e+00
   1509.408     3.6553     3.6545   3.286425   3.286589     1.2411     0.0348     0.0912    3.47402   1830.250      43927         12  0.000e+00
   1509.392     3.6555     3.6546   3.286413   3.286653     2.1602     0.0348     0.0901    6.91285   1830.292      43928         12  0.000e+00
   1509.344     3.6554     3.6549   3.286413   3.286646     2.3826     0.0348     0.0890    8.45594   1830.333      43929         12  0.000e+00
   1509.327     3.6554     3.6547   3.286431   3.286621     1.1188     0.0348     0.0890    2.64705   1830.375      43930         12  0.000e+00
   1509.392     3.6554     3.6545   3.286461   3.286589     2.4999     0.0348     0.0890    8.28640   1830.417      43931         12  0.000e+00
   1509.344     3.6553     3.6549   3.286431   3.286621     2.1182     0.0348     0.0890    7.34790   1830.458      43932         12  0.000e+00
   1509.328     3.6556     3.6547   3.286431   3.286589     1.1707     0.0348     0.0880    2.62638   1830.500      43933         12  0.000e+00
   1509.328     3.6552     3.6545   3.286443   3.286621     2.7371     0.0348     0.0880    9.30130   1830.542      43934         12  0.000e+00
   1509.287     3.6551     3.6546   3.286425   3.286653     1.8390     0.0348     0.0880    6.18674   1830.583      43935         12  0.000e+00
   1509.271     3.6554     3.6547   3.286394   3.286589     1.3770     0.0348     0.0880    3.46744   1830.625      43936         12  0.000e+00
   1509.287     3.6554     3.6547   3.286400   3.286589     2.7865     0.0348     0.0880    9.69305   1830.667      43937         12  0.000e+00
   1509.271     3.6551     3.6545   3.286370   3.286615     1.5697     0.0348     0.0880    5.07030   1830.708      43938         12  0.000e+00
   1509.271     3.6553     3.6547   3.286419   3.286621     1.6747     0.0348     0.0880    4.82740   1830.750      43939         12  0.000e+00
   1509.223     3.6555     3.6547   3.286400   3.286621     2.6815     0.0470     0.0869    9.50988   1830.792      43940         12  0.000e+00
   1509.207     3.6554     3.6546   3.286382   3.286621     1.3251     0.0348     0.0869    3.92346   1830.833      43941         12  0.000e+00
   1509.223     3.6556     3.6545   3.286382   3.286621     2.0157     0.0348     0.0869    6.32193   1830.875      43942         12  0.000e+00
   1509.207     3.6551     3.6545   3.286400   3.286621     2.4826     0.0348     0.0869    8.84491   1830.917      43943         12  0.000e+00
   1509.150     3.6551     3.6545   3.286431   3.286589     1.1521     0.0348     0.0869    2.92403   1830.958      43944         12  0.000e+00
   1509.158     3.6554     3.6545   3.286425   3.286589     2.3690     0.0348     0.0880    7.77635   1831.000      43945         12  0.000e+00
   1509.207     3.6552     3.6545   3.286394   3.286589     2.2269     0.0348     0.0869    7.81142   1831.042      43946         12  0.000e+00
