Cruise Data/Irminger_Sea-01_KN-221_2014-09-07/Ship Data/ctd/process_mlankhorst/KN22104006.ros
* Sea-Bird SBE 9 Data File:
* FileName = C:\Data\ctd\KN22104006.hdr
* Software Version Seasave V 7.21k
* Temperature SN = 4195
* Conductivity SN = 2147
* Number of Bytes Per Scan = 40
* Number of Voltage Words = 5
* Number of Scans Averaged by the Deck Unit = 1
* NMEA Latitude = 59 57.97 N
* NMEA Longitude = 039 28.24 W
* NMEA UTC (Time) = Sep 12 2014 05:09:49
** KN221-04 Chief Scientist: Bob Weller
** OOI Irminger Sea Sept. 2014
** Station: 006
** Knudsen Depth: 2706
# nquan = 13
# nvalues = 588                                   
# units = specified
# name 0 = prDM: Pressure, Digiquartz [db]
# name 1 = t090C: Temperature [ITS-90, deg C]
# name 2 = t190C: Temperature, 2 [ITS-90, deg C]
# name 3 = c0S/m: Conductivity [S/m]
# name 4 = c1S/m: Conductivity, 2 [S/m]
# name 5 = sbeox0V: Oxygen raw, SBE 43 [V]
# name 6 = flECO-AFL: Fluorescence, WET Labs ECO-AFL/FL [mg/m^3]
# name 7 = CStarAt0: Beam Attenuation, WET Labs C-Star [1/m]
# name 8 = sbeox0ML/L: Oxygen, SBE 43 [ml/l]
# name 9 = timeS: Time, Elapsed [seconds]
# name 10 = scan: Scan Count
# name 11 = nbf: Bottles Fired
# name 12 = flag:  0.000e+00
# interval = seconds: 0.0416667
# start_time = Sep 12 2014 05:09:49 [NMEA time, header]
# bad_flag = -9.990e-29
*END*
[from data line 112]
   2516.673     2.2539     2.2535   3.198754   3.198911     1.5389     0.0470     0.0901    4.95868   4473.458     107364          3  0.000e+00
   2516.583     2.2539     2.2537   3.198712   3.199011     1.5389     0.0470     0.0901    4.95839   4473.500     107365          3  0.000e+00
   2516.583     2.2539     2.2537   3.198724   3.198986     1.5389     0.0470     0.0901    4.95815   4473.542     107366          3  0.000e+00
   2516.485     2.2541     2.2537   3.198706   3.198974     1.5389     0.0470     0.0901    4.95783   4473.583     107367          3  0.000e+00
   2516.706     2.2541     2.2535   3.198748   3.198955     1.5389     0.0470     0.0901    4.95772   4473.625     107368          3  0.000e+00
   2516.640     2.2541     2.2535   3.198754   3.198986     1.5402     0.0470     0.0901    4.96626   4473.667     107369          3  0.000e+00
   2516.583     2.2542     2.2535   3.198724   3.199005     1.5389     0.0470     0.0901    4.95992   4473.708     107370          3  0.000e+00
   2516.616     2.2541     2.2537   3.198730   3.198986     1.5389     0.0470     0.0901    4.95959   4473.750     107371          3  0.000e+00
   2516.583     2.2542     2.2539   3.198742   3.198974     1.5389     0.0470     0.0901    4.95919   4473.792     107372          3  0.000e+00
   2516.640     2.2544     2.2537   3.198724   3.199011     1.5389     0.0470     0.0901    4.95886   4473.833     107373          3  0.000e+00
   2516.583     2.2541     2.2537   3.198778   3.198986     1.5389     0.0470     0.0901    4.96148   4473.875     107374          3  0.000e+00
   2516.616     2.2544     2.2535   3.198760   3.199005     1.5402     0.0470     0.0901    4.97006   4473.917     107375          3  0.000e+00
   2516.641     2.2542     2.2537   3.198760   3.199011     1.5389     0.0470     0.0901    4.96379   4473.958     107376          3  0.000e+00
   2516.583     2.2541     2.2537   3.198772   3.199011     1.5389     0.0470     0.0901    4.96340   4474.000     107377          3  0.000e+00
   2516.641     2.2541     2.2534   3.198772   3.198942     1.5389     0.0470     0.0901    4.96308   4474.042     107378          3  0.000e+00
   2516.616     2.2542     2.2537   3.198772   3.198986     1.5389     0.0592     0.0901    4.96269   4474.083     107379          3  0.000e+00
   2516.641     2.2542     2.2534   3.198772   3.198986     1.5402     0.0470     0.0901    4.97117   4474.125     107380          3  0.000e+00
   2516.641     2.2541     2.2535   3.198772   3.198974     1.5389     0.0470     0.0901    4.96477   4474.167     107381          3  0.000e+00
   2516.641     2.2544     2.2537   3.198754   3.198986     1.5389     0.0470     0.0901    4.96426   4474.208     107382          3  0.000e+00
   2516.616     2.2542     2.2537   3.198784   3.198974     1.5389     0.0470     0.0901    4.96377   4474.250     107383          3  0.000e+00
   2516.706     2.2541     2.2537   3.198760   3.199011     1.5389     0.0470     0.0901    4.96337   4474.292     107384          3  0.000e+00
   2516.641     2.2542     2.2537   3.198760   3.198986     1.5402     0.0470     0.0901    4.97166   4474.333     107385          3  0.000e+00
   2516.706     2.2544     2.2537   3.198790   3.199030     1.5402     0.0470     0.0901    4.97395   4474.375     107386          3  0.000e+00
   2516.673     2.2542     2.2535   3.198802   3.198955     1.5389     0.0470     0.0901    4.96728   4474.417     107387          3  0.000e+00
   2516.706     2.2542     2.2535   3.198784   3.198986     1.5402     0.0470     0.0901    4.97542   4474.458     107388          3  0.000e+00
   2516.772     2.2544     2.2537   3.198772   3.199030     1.5389     0.0470     0.0901    4.96867   4474.500     107389          3  0.000e+00
   2516.739     2.2544     2.2537   3.198754   3.198955     1.5389     0.0470     0.0901    4.96781   4474.542     107390          3  0.000e+00
   2516.772     2.2544     2.2535   3.198784   3.199030     1.5389     0.0470     0.0901    4.96698   4474.583     107391          3  0.000e+00
   2516.706     2.2544     2.2534   3.198802   3.198986     1.5389     0.0470     0.0901    4.96609   4474.625     107392          3  0.000e+00
   2516.829     2.2544     2.2535   3.198784   3.198986     1.5389     0.0470     0.0901    4.96534   4474.667     107393          3  0.000e+00
   2516.805     2.2545     2.2534   3.198772   3.199005     1.5389     0.0470     0.0901    4.96447   4474.708     107394          3  0.000e+00
   2516.829     2.2544     2.2534   3.198772   3.199011     1.5389     0.0470     0.0901    4.96366   4474.750     107395          3  0.000e+00
   2516.829     2.2541     2.2534   3.198754   3.198986     1.5389     0.0470     0.0901    4.96286   4474.792     107396          3  0.000e+00
   2516.829     2.2541     2.2534   3.198742   3.199005     1.5389     0.0470     0.0901    4.96203   4474.833     107397          3  0.000e+00
   2516.862     2.2541     2.2535   3.198742   3.198986     1.5389     0.0470     0.0901    4.96121   4474.875     107398          3  0.000e+00
   2013.836     3.1048     3.1042   3.256636   3.256810     1.5775     0.0348     0.0847    4.69843   5194.917     124679          4  0.000e+00
   2013.836     3.1046     3.1046   3.256672   3.256810     1.5775     0.0348     0.0836    4.69853   5194.958     124680          4  0.000e+00
   2013.771     3.1050     3.1050   3.256642   3.256842     1.5775     0.0348     0.0836    4.69856   5195.000     124681          4  0.000e+00
   2013.893     3.1054     3.1050   3.256666   3.256905     1.5775     0.0348     0.0836    4.69868   5195.042     124682          4  0.000e+00
   2013.714     3.1056     3.1050   3.256703   3.256874     1.5775     0.0348     0.0836    4.69863   5195.083     124683          4  0.000e+00
   2013.771     3.1058     3.1053   3.256672   3.256962     1.5775     0.0348     0.0836    4.69876   5195.125     124684          4  0.000e+00
   2013.771     3.1056     3.1055   3.256678   3.256905     1.5775     0.0348     0.0836    4.69887   5195.167     124685          4  0.000e+00
   2013.714     3.1056     3.1058   3.256684   3.256950     1.5775     0.0348     0.0836    4.69892   5195.208     124686          4  0.000e+00
   2013.706     3.1056     3.1061   3.256703   3.256994     1.5775     0.0348     0.0836    4.69901   5195.250     124687          4  0.000e+00
   2013.714     3.1058     3.1062   3.256727   3.256994     1.5775     0.0348     0.0836    4.69908   5195.292     124688          4  0.000e+00
   2013.649     3.1059     3.1064   3.256739   3.256994     1.5775     0.0348     0.0836    4.69912   5195.333     124689          4  0.000e+00
   2013.649     3.1061     3.1064   3.256745   3.257026     1.5775     0.0348     0.0836    4.69919   5195.375     124690          4  0.000e+00
   2013.641     3.1061     3.1063   3.256721   3.256994     1.5763     0.0348     0.0836    4.69161   5195.417     124691          4  0.000e+00
   2013.527     3.1061     3.1062   3.256709   3.257026     1.5775     0.0348     0.0836    4.69713   5195.458     124692          4  0.000e+00
   2013.584     3.1061     3.1063   3.256690   3.256994     1.5775     0.0348     0.0836    4.69736   5195.500     124693          4  0.000e+00
   2013.519     3.1059     3.1061   3.256721   3.257039     1.5775     0.0348     0.0836    4.69751   5195.542     124694          4  0.000e+00
   2013.527     3.1062     3.1063   3.256739   3.257026     1.5775     0.0348     0.0836    4.69767   5195.583     124695          4  0.000e+00
   2013.462     3.1064     3.1061   3.256745   3.257026     1.5775     0.0348     0.0836    4.69780   5195.625     124696          4  0.000e+00
   2013.267     3.1064     3.1063   3.256745   3.257051     1.5775     0.0348     0.0836    4.69787   5195.667     124697          4  0.000e+00
   2013.584     3.1066     3.1062   3.256757   3.257026     1.5775     0.0348     0.0836    4.69824   5195.708     124698          4  0.000e+00
   2013.340     3.1064     3.1064   3.256769   3.256994     1.5775     0.0348     0.0847    4.69829   5195.750     124699          4  0.000e+00
   2013.397     3.1066     3.1064   3.256727   3.257026     1.5763     0.0348     0.0836    4.69083   5195.792     124700          4  0.000e+00
   2013.267     3.1064     3.1063   3.256775   3.257026     1.5775     0.0470     0.0836    4.69643   5195.833     124701          4  0.000e+00
   2013.275     3.1066     3.1061   3.256763   3.257038     1.5775     0.0348     0.0836    4.69671   5195.875     124702          4  0.000e+00
   2013.275     3.1064     3.1063   3.256745   3.257026     1.5775     0.0348     0.0836    4.69702   5195.917     124703          4  0.000e+00
   2013.210     3.1064     3.1065   3.256739   3.257051     1.5763     0.0348     0.0836    4.68958   5195.958     124704          4  0.000e+00
   2013.153     3.1064     3.1063   3.256739   3.257026     1.5775     0.0348     0.0836    4.69532   5196.000     124705          4  0.000e+00
   2013.153     3.1067     3.1064   3.256805   3.257026     1.5775     0.0348     0.0836    4.69565   5196.042     124706          4  0.000e+00
   2013.145     3.1067     3.1066   3.256811   3.257026     1.5775     0.0348     0.0836    4.69364   5196.083     124707          4  0.000e+00
   2013.031     3.1068     3.1061   3.256781   3.257026     1.5775     0.0348     0.0836    4.69386   5196.125     124708          4  0.000e+00
   2013.088     3.1067     3.1064   3.256733   3.257038     1.5775     0.0348     0.0836    4.69421   5196.167     124709          4  0.000e+00
   2013.031     3.1067     3.1062   3.256775   3.257026     1.5775     0.0348     0.0836    4.69444   5196.208     124710          4  0.000e+00
   2012.958     3.1066     3.1063   3.256781   3.256994     1.5775     0.0348     0.0836    4.69469   5196.250     124711          4  0.000e+00
   2012.966     3.1067     3.1061   3.256769   3.257026     1.5775     0.0348     0.0836    4.69497   5196.292     124712          4  0.000e+00
   2012.844     3.1068     3.1061   3.256769   3.256994     1.5775     0.0348     0.0836    4.69517   5196.333     124713          4  0.000e+00
   2012.901     3.1066     3.1061   3.256751   3.257026     1.5775     0.0348     0.0836    4.69552   5196.375     124714          4  0.000e+00
   2012.844     3.1068     3.1063   3.256769   3.256994     1.5775     0.0348     0.0836    4.69574   5196.417     124715          4  0.000e+00
   2012.779     3.1067     3.1064   3.256793   3.256994     1.5775     0.0348     0.0836    4.69599   5196.458     124716          4  0.000e+00
   2012.771     3.1066     3.1064   3.256757   3.257007     1.5775     0.0348     0.0836    4.69630   5196.500     124717          4  0.000e+00
   2012.714     3.1068     3.1064   3.256757   3.256994     1.5775     0.0348     0.0836    4.69652   5196.542     124718          4  0.000e+00
   2012.714     3.1067     3.1068   3.256787   3.256994     1.5775     0.0348     0.0836    4.69681   5196.583     124719          4  0.000e+00
   2012.649     3.1067     3.1067   3.256799   3.257026     1.5775     0.0348     0.0836    4.69705   5196.625     124720          4  0.000e+00
   2012.657     3.1067     3.1066   3.256805   3.257026     1.5775     0.0348     0.0836    4.69733   5196.667     124721          4  0.000e+00
   2012.592     3.1068     3.1065   3.256781   3.257026     1.5775     0.0348     0.0836    4.69758   5196.708     124722          4  0.000e+00
   2012.527     3.1067     3.1066   3.256769   3.257026     1.5775     0.0348     0.0836    4.69784   5196.750     124723          4  0.000e+00
   2012.592     3.1067     3.1067   3.256769   3.257051     1.5775     0.0348     0.0836    4.69816   5196.792     124724          4  0.000e+00
   2012.470     3.1068     3.1066   3.256768   3.257038     1.5775     0.0348     0.0836    4.69836   5196.833     124725          4  0.000e+00
   2012.470     3.1067     3.1067   3.256768   3.257025     1.5775     0.0348     0.0836    4.69866   5196.875     124726          4  0.000e+00
   2012.462     3.1070     3.1064   3.256756   3.257025     1.5775     0.0348     0.0836    4.69892   5196.917     124727          4  0.000e+00
   2012.602     3.1039     3.1032   3.256539   3.256753     1.5775     0.0348     0.0836    4.69805   5232.250     125575          5  0.000e+00
   2012.594     3.1039     3.1033   3.256533   3.256740     1.5775     0.0348     0.0836    4.69805   5232.292     125576          5  0.000e+00
   2012.724     3.1040     3.1032   3.256552   3.256721     1.5775     0.0348     0.0836    4.69811   5232.333     125577          5  0.000e+00
   2012.667     3.1039     3.1034   3.256564   3.256753     1.5775     0.0348     0.0836    4.69808   5232.375     125578          5  0.000e+00
   2012.781     3.1037     3.1030   3.256564   3.256721     1.5775     0.0348     0.0836    4.69817   5232.417     125579          5  0.000e+00
   2012.724     3.1037     3.1033   3.256564   3.256753     1.5775     0.0348     0.0836    4.69814   5232.458     125580          5  0.000e+00
   2012.854     3.1037     3.1030   3.256552   3.256753     1.5775     0.0348     0.0836    4.69822   5232.500     125581          5  0.000e+00
   2012.846     3.1037     3.1034   3.256540   3.256753     1.5775     0.0226     0.0836    4.69822   5232.542     125582          5  0.000e+00
   2012.789     3.1037     3.1032   3.256515   3.256785     1.5775     0.0226     0.0836    4.69819   5232.583     125583          5  0.000e+00
   2012.911     3.1037     3.1031   3.256522   3.256740     1.5775     0.0226     0.0836    4.69827   5232.625     125584          5  0.000e+00
   2012.976     3.1039     3.1032   3.256534   3.256785     1.5787     0.0226     0.0836    4.70597   5232.667     125585          5  0.000e+00
   2012.968     3.1037     3.1033   3.256576   3.256810     1.5775     0.0348     0.0836    4.70047   5232.708     125586          5  0.000e+00
   2013.041     3.1039     3.1032   3.256558   3.256721     1.5775     0.0226     0.0836    4.70042   5232.750     125587          5  0.000e+00
   2012.976     3.1037     3.1033   3.256558   3.256785     1.5775     0.0226     0.0836    4.70029   5232.792     125588          5  0.000e+00
   2013.098     3.1035     3.1030   3.256546   3.256785     1.5775     0.0226     0.0836    4.70030   5232.833     125589          5  0.000e+00
   2013.098     3.1035     3.1031   3.256534   3.256810     1.5775     0.0226     0.0836    4.70021   5232.875     125590          5  0.000e+00
   2013.098     3.1035     3.1032   3.256552   3.256753     1.5775     0.0226     0.0836    4.70010   5232.917     125591          5  0.000e+00
   2013.155     3.1035     3.1031   3.256564   3.256797     1.5775     0.0226     0.0836    4.70004   5232.958     125592          5  0.000e+00
   2013.220     3.1037     3.1029   3.256546   3.256721     1.5775     0.0226     0.0847    4.69998   5233.000     125593          5  0.000e+00
   2013.163     3.1035     3.1033   3.256540   3.256753     1.5775     0.0226     0.0847    4.69986   5233.042     125594          5  0.000e+00
   2013.277     3.1035     3.1030   3.256540   3.256753     1.5775     0.0226     0.0847    4.69984   5233.083     125595          5  0.000e+00
   2013.220     3.1034     3.1031   3.256552   3.256689     1.5775     0.0226     0.0836    4.69972   5233.125     125596          5  0.000e+00
   2013.285     3.1034     3.1029   3.256546   3.256785     1.5775     0.0226     0.0836    4.69967   5233.167     125597          5  0.000e+00
   2013.285     3.1035     3.1029   3.256576   3.256753     1.5775     0.0226     0.0836    4.69954   5233.208     125598          5  0.000e+00
   2013.342     3.1035     3.1030   3.256594   3.256785     1.5775     0.0226     0.0836    4.69948   5233.250     125599          5  0.000e+00
   2013.350     3.1035     3.1031   3.256540   3.256709     1.5775     0.0226     0.0836    4.69941   5233.292     125600          5  0.000e+00
