Cruise Data/Irminger_Sea-01_KN-221_2014-09-07/Ship Data/ctd/process_mlankhorst/KN22104005.ros
* Sea-Bird SBE 9 Data File:
* FileName = C:\Data\ctd\KN22104005.hdr
* Software Version Seasave V 7.21k
* Temperature SN = 4195
* Conductivity SN = 2147
* Number of Bytes Per Scan = 40
* Number of Voltage Words = 5
* Number of Scans Averaged by the Deck Unit = 1
* NMEA Latitude = 59 55.45 N
* NMEA Longitude = 039 30.56 W
* NMEA UTC (Time) = Sep 11 2014 22:48:32
** KN221-04 Chief Scientist: Bob Weller
** OOI Irminger Sea Sept. 2014
** Station: 005
** Knudsen Depth: 2715
# nquan = 13
# nvalues = 588                                   
# units = specified
# name 0 = prDM: Pressure, Digiquartz [db]
# name 1 = t090C: Temperature [ITS-90, deg C]
# name 2 = t190C: Temperature, 2 [ITS-90, deg C]
# name 3 = c0S/m: Conductivity [S/m]
# name 4 = c1S/m: Conductivity, 2 [S/m]
# name 5 = sbeox0V: Oxygen raw, SBE 43 [V]
# name 6 = flECO-AFL: Fluorescence, WET Labs ECO-AFL/FL [mg/m^3]
# name 7 = CStarAt0: Beam Attenuation, WET Labs C-Star [1/m]
# name 8 = sbeox0ML/L: Oxygen, SBE 43 [ml/l]
# name 9 = timeS: Time, Elapsed [seconds]
# name 10 = scan: Scan Count
# name 11 = nbf: Bottles Fired
# name 12 = flag:  0.000e+00
# interval = seconds: 0.0416667
# start_time = Sep 11 2014 22:48:32 [NMEA time, header]
# bad_flag = -9.990e-29
*END*
[from data line 556]
      4.501     9.1855     9.1839   3.710434   3.710586     2.2127     1.7198     0.3837    4.94299   3765.167      90365         12  0.000e+00
      4.344     9.1854     9.1840   3.710434   3.710572     2.2127     1.7442     0.3837    4.94210   3765.208      90366         12  0.000e+00
      4.729     9.1852     9.1839   3.710472   3.710606     2.2127     1.7442     0.3837    4.94235   3765.250      90367         12  0.000e+00
      4.501     9.1854     9.1838   3.710447   3.710619     2.2127     1.7442     0.3825    4.94223   3765.292      90368         12  0.000e+00
      4.556     9.1857     9.1840   3.710415   3.710606     2.2127     1.7442     0.3825    4.94231   3765.333      90369         12  0.000e+00
      4.556     9.1859     9.1840   3.710421   3.710552     2.2139     1.7442     0.3837    4.94588   3765.375      90370         12  0.000e+00
      4.556     9.1859     9.1840   3.710415   3.710639     2.2139     1.7442     0.3837    4.94591   3765.417      90371         12  0.000e+00
      4.572     9.1859     9.1843   3.710447   3.710619     2.2139     1.7442     0.3837    4.94591   3765.458      90372         12  0.000e+00
      4.556     9.1855     9.1842   3.710447   3.710606     2.2139     1.7442     0.3825    4.94669   3765.500      90373         12  0.000e+00
      4.556     9.1854     9.1843   3.710415   3.710652     2.2127     1.7442     0.3837    4.94240   3765.542      90374         12  0.000e+00
      4.556     9.1852     9.1842   3.710440   3.710639     2.2127     1.7442     0.3813    4.94161   3765.583      90375         12  0.000e+00
      4.556     9.1854     9.1841   3.710415   3.710586     2.2139     1.7442     0.3813    4.94509   3765.625      90376         12  0.000e+00
      4.611     9.1854     9.1844   3.710421   3.710606     2.2139     1.7442     0.3813    4.94506   3765.667      90377         12  0.000e+00
      4.572     9.1855     9.1841   3.710415   3.710586     2.2127     1.7442     0.3813    4.94145   3765.708      90378         12  0.000e+00
      4.556     9.1854     9.1842   3.710447   3.710639     2.2127     1.7442     0.3825    4.94061   3765.750      90379         12  0.000e+00
      4.556     9.1859     9.1843   3.710466   3.710619     2.2127     1.7442     0.3825    4.93974   3765.792      90380         12  0.000e+00
      4.611     9.1859     9.1842   3.710466   3.710639     2.2127     1.7442     0.3825    4.93895   3765.833      90381         12  0.000e+00
      4.556     9.1861     9.1841   3.710466   3.710619     2.2139     1.7442     0.3825    4.94314   3765.875      90382         12  0.000e+00
      4.517     9.1861     9.1842   3.710485   3.710606     2.2127     1.7442     0.3825    4.93956   3765.917      90383         12  0.000e+00
      4.556     9.1861     9.1843   3.710491   3.710619     2.2127     1.7442     0.3825    4.93879   3765.958      90384         12  0.000e+00
      4.556     9.1862     9.1844   3.710472   3.710639     2.2127     1.7442     0.3825    4.93799   3766.000      90385         12  0.000e+00
      4.556     9.1862     9.1846   3.710485   3.710619     2.2139     1.7442     0.3825    4.94147   3766.042      90386         12  0.000e+00
      4.501     9.1867     9.1845   3.710497   3.710639     2.2139     1.7442     0.3837    4.94133   3766.083      90387         12  0.000e+00
      4.501     9.1865     9.1846   3.710516   3.710652     2.2139     1.7442     0.3837    4.94203   3766.125      90388         12  0.000e+00
      4.454     9.1869     9.1849   3.710529   3.710639     2.2127     1.7442     0.3849    4.93760   3766.167      90389         12  0.000e+00
      4.502     9.1869     9.1850   3.710510   3.710686     2.2127     1.7442     0.3849    4.93677   3766.208      90390         12  0.000e+00
      4.502     9.1867     9.1849   3.710516   3.710672     2.2127     1.7442     0.3860    4.93672   3766.250      90391         12  0.000e+00
      4.439     9.1865     9.1850   3.710542   3.710652     2.2127     1.7442     0.3860    4.93665   3766.292      90392         12  0.000e+00
      4.439     9.1865     9.1850   3.710510   3.710672     2.2127     1.7442     0.3849    4.93667   3766.333      90393         12  0.000e+00
      4.399     9.1865     9.1850   3.710497   3.710652     2.2127     1.7442     0.3837    4.93668   3766.375      90394         12  0.000e+00
      4.439     9.1865     9.1850   3.710516   3.710706     2.2127     1.7442     0.3837    4.93596   3766.417      90395         12  0.000e+00
      4.384     9.1867     9.1852   3.710510   3.710619     2.2127     1.7442     0.3837    4.93519   3766.458      90396         12  0.000e+00
