Cruise Data/Irminger_Sea-01_KN-221_2014-09-07/Ship Data/ctd/process_mlankhorst/KN22104009.ros
* Sea-Bird SBE 9 Data File:
* FileName = C:\Data\ctd\KN22104009.hdr
* Software Version Seasave V 7.21k
* Temperature SN = 4195
* Conductivity SN = 2147
* Number of Bytes Per Scan = 40
* Number of Voltage Words = 5
* Number of Scans Averaged by the Deck Unit = 1
* NMEA Latitude = 59 46.27 N
* NMEA Longitude = 039 38.47 W
* NMEA UTC (Time) = Sep 17 2014 13:48:49
** KN221-04 Chief Scientist: Bob Weller
** OOI Irminger Sea Sept. 2014
** Station: 009
** Knudsen Depth: 2758
# nquan = 13
# nvalues = 588                                   
# units = specified
# name 0 = prDM: Pressure, Digiquartz [db]
# name 1 = t090C: Temperature [ITS-90, deg C]
# name 2 = t190C: Temperature, 2 [ITS-90, deg C]
# name 3 = c0S/m: Conductivity [S/m]
# name 4 = c1S/m: Conductivity, 2 [S/m]
# name 5 = sbeox0V: Oxygen raw, SBE 43 [V]
# name 6 = flECO-AFL: Fluorescence, WET Labs ECO-AFL/FL [mg/m^3]
# name 7 = CStarAt0: Beam Attenuation, WET Labs C-Star [1/m]
# name 8 = sbeox0ML/L: Oxygen, SBE 43 [ml/l]
# name 9 = timeS: Time, Elapsed [seconds]
# name 10 = scan: Scan Count
# name 11 = nbf: Bottles Fired
# name 12 = flag:  0.000e+00
# interval = seconds: 0.0416667
# start_time = Sep 17 2014 13:48:49 [NMEA time, header]
# bad_flag = -9.990e-29
*END*
[from data line 556]
      3.737     7.8255     7.8239   3.587910   3.588069     2.1805     0.7552     0.2930    5.00101   2783.708      66810         12  0.000e+00
      3.847     7.8255     7.8239   3.587879   3.588049     2.1817     0.7552     0.2919    5.00546   2783.750      66811         12  0.000e+00
      3.910     7.8253     7.8237   3.587910   3.588036     2.1817     0.7552     0.2919    5.00620   2783.792      66812         12  0.000e+00
      3.871     7.8253     7.8239   3.587910   3.588016     2.1805     0.7552     0.2919    5.00237   2783.833      66813         12  0.000e+00
      3.965     7.8253     7.8241   3.587916   3.588003     2.1805     0.7552     0.2919    5.00225   2783.875      66814         12  0.000e+00
      3.965     7.8253     7.8241   3.587910   3.588049     2.1805     0.7552     0.2919    5.00208   2783.917      66815         12  0.000e+00
      3.965     7.8251     7.8241   3.587916   3.588069     2.1805     0.7552     0.2919    5.00192   2783.958      66816         12  0.000e+00
      4.083     7.8255     7.8241   3.587929   3.588115     2.1817     0.7552     0.2919    5.00713   2784.000      66817         12  0.000e+00
      3.981     7.8255     7.8239   3.587947   3.588069     2.1805     0.7552     0.2919    5.00325   2784.042      66818         12  0.000e+00
      4.201     7.8256     7.8244   3.587941   3.588049     2.1805     0.7552     0.2930    5.00321   2784.083      66819         12  0.000e+00
      4.146     7.8255     7.8244   3.587929   3.588095     2.1805     0.7552     0.2930    5.00302   2784.125      66820         12  0.000e+00
      4.201     7.8255     7.8246   3.587947   3.588115     2.1805     0.7552     0.2919    5.00287   2784.167      66821         12  0.000e+00
      4.201     7.8256     7.8244   3.587960   3.588069     2.1805     0.7552     0.2919    5.00268   2784.208      66822         12  0.000e+00
      4.201     7.8255     7.8244   3.587960   3.588115     2.1805     0.7308     0.2907    5.00252   2784.250      66823         12  0.000e+00
      4.335     7.8255     7.8247   3.587941   3.588095     2.1805     0.7186     0.2919    5.00244   2784.292      66824         12  0.000e+00
      4.319     7.8255     7.8246   3.587948   3.588115     2.1805     0.7186     0.2907    5.00225   2784.333      66825         12  0.000e+00
      4.319     7.8255     7.8247   3.587960   3.588128     2.1805     0.7186     0.2919    5.00207   2784.375      66826         12  0.000e+00
      4.374     7.8253     7.8246   3.587941   3.588148     2.1805     0.7186     0.2930    5.00195   2784.417      66827         12  0.000e+00
      4.437     7.8253     7.8247   3.587885   3.588128     2.1805     0.7186     0.2930    5.00184   2784.458      66828         12  0.000e+00
      4.453     7.8248     7.8246   3.587910   3.588148     2.1805     0.7186     0.2930    5.00171   2784.500      66829         12  0.000e+00
      4.492     7.8251     7.8244   3.587929   3.588095     2.1805     0.7186     0.2930    5.00153   2784.542      66830         12  0.000e+00
      4.492     7.8250     7.8242   3.587929   3.588115     2.1805     0.7186     0.2919    5.00136   2784.583      66831         12  0.000e+00
      4.547     7.8251     7.8244   3.587929   3.588095     2.1793     0.7186     0.2919    4.99675   2784.625      66832         12  0.000e+00
      4.547     7.8251     7.8244   3.587929   3.588115     2.1805     0.7186     0.2919    5.00023   2784.667      66833         12  0.000e+00
      4.610     7.8251     7.8244   3.587929   3.588128     2.1805     0.7186     0.2919    5.00014   2784.708      66834         12  0.000e+00
      4.571     7.8250     7.8244   3.587929   3.588082     2.1805     0.7186     0.2919    4.99998   2784.750      66835         12  0.000e+00
      4.665     7.8250     7.8246   3.587929   3.588095     2.1805     0.7186     0.2919    4.99990   2784.792      66836         12  0.000e+00
      4.610     7.8251     7.8244   3.587910   3.588128     2.1805     0.7186     0.2919    4.99972   2784.833      66837         12  0.000e+00
      4.728     7.8251     7.8246   3.587916   3.588082     2.1805     0.7186     0.2919    4.99966   2784.875      66838         12  0.000e+00
      4.728     7.8251     7.8246   3.587910   3.588095     2.1805     0.7186     0.2919    4.99952   2784.917      66839         12  0.000e+00
      4.744     7.8253     7.8247   3.587916   3.588148     2.1805     0.7186     0.2919    4.99937   2784.958      66840         12  0.000e+00
      4.728     7.8253     7.8247   3.587929   3.588128     2.1805     0.7186     0.2919    4.99922   2785.000      66841         12  0.000e+00
