Cruise Data/Irminger_Sea-01_KN-221_2014-09-07/Ship Data/ctd/process_mlankhorst/KN22104007.ros
* Sea-Bird SBE 9 Data File:
* FileName = C:\Data\ctd\KN22104007.hdr
* Software Version Seasave V 7.21k
* Temperature SN = 4195
* Conductivity SN = 2147
* Number of Bytes Per Scan = 40
* Number of Voltage Words = 5
* Number of Scans Averaged by the Deck Unit = 1
* NMEA Latitude = 59 55.13 N
* NMEA Longitude = 039 25.73 W
* NMEA UTC (Time) = Sep 15 2014 15:50:10
** KN221-04 Chief Scientist: Bob Weller
** OOI Irminger Sea Sept. 2014
** Station: 007
** Knudsen Depth: 2737
# nquan = 13
# nvalues = 588                                   
# units = specified
# name 0 = prDM: Pressure, Digiquartz [db]
# name 1 = t090C: Temperature [ITS-90, deg C]
# name 2 = t190C: Temperature, 2 [ITS-90, deg C]
# name 3 = c0S/m: Conductivity [S/m]
# name 4 = c1S/m: Conductivity, 2 [S/m]
# name 5 = sbeox0V: Oxygen raw, SBE 43 [V]
# name 6 = flECO-AFL: Fluorescence, WET Labs ECO-AFL/FL [mg/m^3]
# name 7 = CStarAt0: Beam Attenuation, WET Labs C-Star [1/m]
# name 8 = sbeox0ML/L: Oxygen, SBE 43 [ml/l]
# name 9 = timeS: Time, Elapsed [seconds]
# name 10 = scan: Scan Count
# name 11 = nbf: Bottles Fired
# name 12 = flag:  0.000e+00
# interval = seconds: 0.0416667
# start_time = Sep 15 2014 15:50:10 [NMEA time, header]
# bad_flag = -9.990e-29
*END*
[from data line 223]
    103.428     4.4446     4.4446   3.291516   3.291711     2.0235     0.0470     0.0825    4.99645   3378.042      81074          5  0.000e+00
    103.341     4.4442     4.4447   3.291528   3.291774     2.0223     0.0470     0.0825    4.99200   3378.083      81075          5  0.000e+00
    103.396     4.4446     4.4443   3.291534   3.291742     2.0223     0.0470     0.0825    4.99274   3378.125      81076          5  0.000e+00
    103.396     4.4446     4.4446   3.291516   3.291742     2.0223     0.0470     0.0836    4.99238   3378.167      81077          5  0.000e+00
    103.341     4.4442     4.4447   3.291510   3.291774     2.0235     0.0470     0.0836    4.99711   3378.208      81078          5  0.000e+00
    103.341     4.4446     4.4448   3.291528   3.291774     2.0235     0.0470     0.0836    4.99776   3378.250      81079          5  0.000e+00
    103.396     4.4449     4.4447   3.291552   3.291774     2.0223     0.0470     0.0836    4.99330   3378.292      81080          5  0.000e+00
    103.310     4.4449     4.4449   3.291565   3.291774     2.0223     0.0470     0.0836    4.99277   3378.333      81081          5  0.000e+00
    103.341     4.4449     4.4449   3.291589   3.291800     2.0223     0.0470     0.0836    4.99233   3378.375      81082          5  0.000e+00
    103.341     4.4451     4.4449   3.291595   3.291774     2.0223     0.0470     0.0836    4.99185   3378.417      81083          5  0.000e+00
    103.278     4.4450     4.4449   3.291595   3.291742     2.0235     0.0470     0.0825    4.99645   3378.458      81084          5  0.000e+00
    103.341     4.4451     4.4453   3.291577   3.291800     2.0223     0.0470     0.0825    4.99199   3378.500      81085          5  0.000e+00
    103.278     4.4449     4.4452   3.291583   3.291774     2.0223     0.0348     0.0825    4.99146   3378.542      81086          5  0.000e+00
    103.278     4.4449     4.4453   3.291613   3.291831     2.0223     0.0348     0.0825    4.98980   3378.583      81087          5  0.000e+00
    103.278     4.4449     4.4451   3.291583   3.291831     2.0223     0.0348     0.0825    4.98925   3378.625      81088          5  0.000e+00
    103.255     4.4449     4.4449   3.291564   3.291800     2.0235     0.0348     0.0836    4.99379   3378.667      81089          5  0.000e+00
    103.223     4.4450     4.4451   3.291589   3.291774     2.0223     0.0348     0.0836    4.99031   3378.708      81090          5  0.000e+00
    103.278     4.4449     4.4449   3.291577   3.291800     2.0223     0.0348     0.0836    4.98981   3378.750      81091          5  0.000e+00
    103.223     4.4451     4.4453   3.291583   3.291863     2.0223     0.0348     0.0836    4.98920   3378.792      81092          5  0.000e+00
    103.223     4.4452     4.4452   3.291577   3.291800     2.0235     0.0348     0.0836    4.99374   3378.833      81093          5  0.000e+00
    103.223     4.4449     4.4456   3.291546   3.291838     2.0235     0.0348     0.0836    4.99429   3378.875      81094          5  0.000e+00
    103.223     4.4452     4.4454   3.291577   3.291863     2.0223     0.0348     0.0836    4.99075   3378.917      81095          5  0.000e+00
     23.077     7.8444     7.8441   3.590138   3.590479     2.1658     1.1093     0.2965    4.97192   3531.000      84745          6  0.000e+00
     23.077     7.8444     7.8441   3.590138   3.590472     2.1658     1.1093     0.2965    4.97192   3531.042      84746          6  0.000e+00
     23.077     7.8446     7.8436   3.590120   3.590446     2.1671     1.1093     0.2965    4.97635   3531.083      84747          6  0.000e+00
     23.100     7.8444     7.8434   3.590107   3.590439     2.1658     1.1093     0.2965    4.97264   3531.125      84748          6  0.000e+00
     23.014     7.8441     7.8429   3.590126   3.590419     2.1646     1.0971     0.2965    4.96799   3531.167      84749          6  0.000e+00
     23.132     7.8438     7.8430   3.590120   3.590406     2.1658     1.1093     0.2965    4.97159   3531.208      84750          6  0.000e+00
     22.896     7.8434     7.8426   3.590088   3.590419     2.1658     1.0971     0.2976    4.97130   3531.250      84751          6  0.000e+00
     23.014     7.8431     7.8424   3.590076   3.590340     2.1658     1.0849     0.2976    4.97120   3531.292      84752          6  0.000e+00
     23.100     7.8431     7.8424   3.590026   3.590354     2.1658     1.0727     0.2965    4.97191   3531.333      84753          6  0.000e+00
     23.014     7.8426     7.8423   3.589988   3.590340     2.1658     1.0605     0.2965    4.97254   3531.375      84754          6  0.000e+00
     22.959     7.8420     7.8421   3.589976   3.590321     2.1646     1.0605     0.2965    4.96783   3531.417      84755          6  0.000e+00
     23.014     7.8416     7.8418   3.589957   3.590321     2.1658     1.0605     0.2976    4.97130   3531.458      84756          6  0.000e+00
     22.982     7.8410     7.8419   3.589925   3.590314     2.1658     1.0605     0.2976    4.97194   3531.500      84757          6  0.000e+00
     22.959     7.8405     7.8416   3.589844   3.590288     2.1646     1.0727     0.2976    4.96811   3531.542      84758          6  0.000e+00
     22.959     7.8400     7.8418   3.589819   3.590248     2.1646     1.0605     0.2976    4.96795   3531.583      84759          6  0.000e+00
     23.014     7.8395     7.8415   3.589775   3.590288     2.1658     1.0605     0.2965    4.97147   3531.625      84760          6  0.000e+00
     22.896     7.8395     7.8416   3.589775   3.590248     2.1671     1.0727     0.2976    4.97562   3531.667      84761          6  0.000e+00
     22.927     7.8389     7.8415   3.589744   3.590288     2.1671     1.0605     0.2976    4.97711   3531.708      84762          6  0.000e+00
     23.014     7.8384     7.8413   3.589744   3.590248     2.1658     1.0727     0.2976    4.97322   3531.750      84763          6  0.000e+00
     22.896     7.8396     7.8414   3.589800   3.590255     2.1658     1.0727     0.2976    4.97263   3531.792      84764          6  0.000e+00
     22.896     7.8408     7.8420   3.589819   3.590248     2.1658     1.0727     0.2965    4.97210   3531.833      84765          6  0.000e+00
     22.959     7.8406     7.8424   3.589838   3.590288     2.1671     1.0605     0.2965    4.97705   3531.875      84766          6  0.000e+00
     22.928     7.8410     7.8423   3.589894   3.590314     2.1671     1.0727     0.2953    4.97821   3531.917      84767          6  0.000e+00
     22.896     7.8408     7.8424   3.589894   3.590321     2.1658     1.0727     0.2953    4.97492   3531.958      84768          6  0.000e+00
     22.959     7.8413     7.8428   3.589951   3.590314     2.1671     1.0605     0.2953    4.97885   3532.000      84769          6  0.000e+00
     22.896     7.8415     7.8429   3.589976   3.590321     2.1671     1.0605     0.2953    4.97903   3532.042      84770          6  0.000e+00
     22.896     7.8416     7.8433   3.589976   3.590321     2.1671     1.0727     0.2965    4.97919   3532.083      84771          6  0.000e+00
     22.928     7.8423     7.8428   3.589994   3.590373     2.1658     1.0727     0.2965    4.97565   3532.125      84772          6  0.000e+00
     22.896     7.8423     7.8434   3.589938   3.590386     2.1671     1.0727     0.2965    4.98027   3532.167      84773          6  0.000e+00
     22.896     7.8420     7.8429   3.589957   3.590373     2.1658     1.0605     0.2953    4.97676   3532.208      84774          6  0.000e+00
     22.896     7.8421     7.8424   3.589957   3.590354     2.1658     1.0727     0.2953    4.97598   3532.250      84775          6  0.000e+00
     22.896     7.8418     7.8424   3.589963   3.590340     2.1671     1.0727     0.2953    4.97967   3532.292      84776          6  0.000e+00
     22.928     7.8413     7.8431   3.589907   3.590446     2.1658     1.0971     0.2953    4.97612   3532.333      84777          6  0.000e+00
     22.896     7.8408     7.8435   3.589925   3.590373     2.1646     1.1093     0.2953    4.97078   3532.375      84778          6  0.000e+00
     22.896     7.8408     7.8437   3.589900   3.590419     2.1658     1.1093     0.2953    4.97354   3532.417      84779          6  0.000e+00
     22.896     7.8413     7.8432   3.589882   3.590406     2.1658     1.1093     0.2953    4.97347   3532.458      84780          6  0.000e+00
     22.959     7.8416     7.8432   3.589951   3.590446     2.1658     1.1093     0.2953    4.97255   3532.500      84781          6  0.000e+00
     22.873     7.8421     7.8432   3.589976   3.590406     2.1658     1.0971     0.2953    4.97237   3532.542      84782          6  0.000e+00
     22.959     7.8424     7.8432   3.589957   3.590446     2.1658     1.1093     0.2965    4.97146   3532.583      84783          6  0.000e+00
     22.896     7.8423     7.8433   3.590038   3.590446     2.1658     1.1093     0.2965    4.97129   3532.625      84784          6  0.000e+00
     22.959     7.8431     7.8434   3.590120   3.590373     2.1658     1.1093     0.2976    4.97026   3532.667      84785          6  0.000e+00
     22.896     7.8441     7.8432   3.590182   3.590419     2.1658     1.0971     0.2965    4.96997   3532.708      84786          6  0.000e+00
     22.928     7.8449     7.8431   3.590182   3.590439     2.1646     1.1093     0.2965    4.96530   3532.750      84787          6  0.000e+00
     22.896     7.8454     7.8431   3.590238   3.590419     2.1658     1.0971     0.2965    4.96875   3532.792      84788          6  0.000e+00
     22.959     7.8460     7.8434   3.590307   3.590406     2.1658     1.1093     0.2965    4.96773   3532.833      84789          6  0.000e+00
     22.896     7.8463     7.8432   3.590351   3.590419     2.1658     1.1093     0.2965    4.96750   3532.875      84790          6  0.000e+00
     22.959     7.8470     7.8432   3.590407   3.590406     2.1658     1.1093     0.2965    4.96733   3532.917      84791          6  0.000e+00
     22.983     7.8470     7.8429   3.590470   3.590446     2.1658     1.1093     0.2953    4.96718   3532.958      84792          6  0.000e+00
     22.896     7.8473     7.8429   3.590470   3.590406     2.1658     1.0971     0.2953    4.96696   3533.000      84793          6  0.000e+00
     23.316     7.8864     7.8833   3.594246   3.594339     2.1706     1.0116     0.2988    4.98021   3563.542      85526          7  0.000e+00
     23.316     7.8870     7.8831   3.594277   3.594266     2.1706     0.9994     0.2988    4.98029   3563.583      85527          7  0.000e+00
     23.316     7.8875     7.8833   3.594346   3.594306     2.1706     1.0116     0.2988    4.98036   3563.625      85528          7  0.000e+00
     23.348     7.8883     7.8833   3.594358   3.594299     2.1706     1.0116     0.2988    4.98046   3563.667      85529          7  0.000e+00
     23.316     7.8882     7.8835   3.594352   3.594266     2.1718     0.9994     0.2976    4.98505   3563.708      85530          7  0.000e+00
     23.316     7.8884     7.8835   3.594371   3.594240     2.1706     0.9994     0.2976    4.98150   3563.750      85531          7  0.000e+00
     23.206     7.8888     7.8833   3.594402   3.594200     2.1706     1.0116     0.2988    4.98061   3563.792      85532          7  0.000e+00
     23.379     7.8888     7.8831   3.594396   3.594233     2.1706     0.9994     0.2988    4.97992   3563.833      85533          7  0.000e+00
     23.348     7.8886     7.8838   3.594383   3.594141     2.1706     1.0116     0.2988    4.97909   3563.875      85534          7  0.000e+00
     23.316     7.8888     7.8841   3.594459   3.594200     2.1706     1.0116     0.2988    4.97902   3563.917      85535          7  0.000e+00
     23.316     7.8894     7.8841   3.594515   3.594200     2.1706     0.9994     0.2988    4.97895   3563.958      85536          7  0.000e+00
     23.316     7.8905     7.8831   3.594609   3.594174     2.1706     0.9994     0.2988    4.97795   3564.000      85537          7  0.000e+00
     23.261     7.8913     7.8823   3.594659   3.594233     2.1706     1.0116     0.2988    4.97691   3564.042      85538          7  0.000e+00
     23.285     7.8920     7.8824   3.594690   3.594141     2.1718     1.0116     0.2988    4.98126   3564.083      85539          7  0.000e+00
     23.379     7.8923     7.8831   3.594703   3.594168     2.1718     1.0116     0.2988    4.98203   3564.125      85540          7  0.000e+00
     23.316     7.8921     7.8836   3.594684   3.594200     2.1706     1.0116     0.2988    4.97823   3564.167      85541          7  0.000e+00
     23.261     7.8924     7.8838   3.594722   3.594273     2.1706     0.9994     0.2988    4.97802   3564.208      85542          7  0.000e+00
     23.285     7.8928     7.8838   3.594715   3.594266     2.1706     1.0116     0.2988    4.97787   3564.250      85543          7  0.000e+00
     23.316     7.8928     7.8836   3.594709   3.594299     2.1706     1.0116     0.2976    4.97775   3564.292      85544          7  0.000e+00
     23.317     7.8928     7.8836   3.594659   3.594273     2.1706     1.0116     0.2976    4.97763   3564.333      85545          7  0.000e+00
     23.317     7.8923     7.8839   3.594659   3.594299     2.1706     0.9994     0.2976    4.97753   3564.375      85546          7  0.000e+00
     23.261     7.8919     7.8841   3.594653   3.594299     2.1706     1.0116     0.2976    4.97738   3564.417      85547          7  0.000e+00
     23.285     7.8919     7.8844   3.594640   3.594339     2.1718     1.0116     0.2976    4.98173   3564.458      85548          7  0.000e+00
     23.262     7.8918     7.8843   3.594621   3.594365     2.1718     1.0116     0.2988    4.98240   3564.500      85549          7  0.000e+00
     23.262     7.8915     7.8841   3.594628   3.594339     2.1718     1.0116     0.2988    4.98306   3564.542      85550          7  0.000e+00
     23.317     7.8914     7.8841   3.594621   3.594332     2.1706     1.0116     0.2988    4.97923   3564.583      85551          7  0.000e+00
     23.262     7.8923     7.8839   3.594665   3.594299     2.1718     0.9994     0.2988    4.98332   3564.625      85552          7  0.000e+00
     23.230     7.8921     7.8841   3.594678   3.594306     2.1718     0.9994     0.2988    4.98387   3564.667      85553          7  0.000e+00
     23.262     7.8915     7.8841   3.594578   3.594299     2.1718     0.9994     0.2988    4.98450   3564.708      85554          7  0.000e+00
     23.262     7.8915     7.8839   3.594546   3.594332     2.1706     0.9994     0.2988    4.98054   3564.750      85555          7  0.000e+00
     23.262     7.8912     7.8838   3.594546   3.594306     2.1718     1.0116     0.2976    4.98468   3564.792      85556          7  0.000e+00
     23.262     7.8911     7.8836   3.594527   3.594299     2.1706     0.9994     0.2976    4.98068   3564.833      85557          7  0.000e+00
     23.230     7.8906     7.8838   3.594471   3.594299     2.1706     0.9994     0.2976    4.98033   3564.875      85558          7  0.000e+00
     23.207     7.8890     7.8839   3.594402   3.594306     2.1706     0.9994     0.2988    4.98009   3564.917      85559          7  0.000e+00
     23.262     7.8877     7.8838   3.594277   3.594233     2.1706     1.0116     0.2988    4.97990   3564.958      85560          7  0.000e+00
     23.207     7.8863     7.8833   3.594133   3.594273     2.1706     1.0116     0.2988    4.97965   3565.000      85561          7  0.000e+00
     23.262     7.8851     7.8835   3.594026   3.594200     2.1706     1.0116     0.2988    4.97944   3565.042      85562          7  0.000e+00
     23.175     7.8843     7.8828   3.594070   3.594200     2.1718     0.9994     0.2988    4.98353   3565.083      85563          7  0.000e+00
     23.207     7.8835     7.8824   3.594026   3.594207     2.1706     0.9994     0.2988    4.97957   3565.125      85564          7  0.000e+00
