Cruise Data/Irminger_Sea-01_KN-221_2014-09-07/Ship Data/ctd/process_mlankhorst/KN22104007.ros
* Sea-Bird SBE 9 Data File:
* FileName = C:\Data\ctd\KN22104007.hdr
* Software Version Seasave V 7.21k
* Temperature SN = 4195
* Conductivity SN = 2147
* Number of Bytes Per Scan = 40
* Number of Voltage Words = 5
* Number of Scans Averaged by the Deck Unit = 1
* NMEA Latitude = 59 55.13 N
* NMEA Longitude = 039 25.73 W
* NMEA UTC (Time) = Sep 15 2014 15:50:10
** KN221-04 Chief Scientist: Bob Weller
** OOI Irminger Sea Sept. 2014
** Station: 007
** Knudsen Depth: 2737
# nquan = 13
# nvalues = 588                                   
# units = specified
# name 0 = prDM: Pressure, Digiquartz [db]
# name 1 = t090C: Temperature [ITS-90, deg C]
# name 2 = t190C: Temperature, 2 [ITS-90, deg C]
# name 3 = c0S/m: Conductivity [S/m]
# name 4 = c1S/m: Conductivity, 2 [S/m]
# name 5 = sbeox0V: Oxygen raw, SBE 43 [V]
# name 6 = flECO-AFL: Fluorescence, WET Labs ECO-AFL/FL [mg/m^3]
# name 7 = CStarAt0: Beam Attenuation, WET Labs C-Star [1/m]
# name 8 = sbeox0ML/L: Oxygen, SBE 43 [ml/l]
# name 9 = timeS: Time, Elapsed [seconds]
# name 10 = scan: Scan Count
# name 11 = nbf: Bottles Fired
# name 12 = flag:  0.000e+00
# interval = seconds: 0.0416667
# start_time = Sep 15 2014 15:50:10 [NMEA time, header]
# bad_flag = -9.990e-29
*END*
[from data line 445]
      3.027     7.8884     7.8880   3.593575   3.593910     2.1761     0.3889     0.3011    4.97927   3731.500      89557         10  0.000e+00
      2.948     7.8875     7.8872   3.593537   3.593903     2.1761     0.3889     0.2999    4.97920   3731.542      89558         10  0.000e+00
      3.066     7.8872     7.8871   3.593525   3.593871     2.1761     0.3889     0.2999    4.97921   3731.583      89559         10  0.000e+00
      2.948     7.8874     7.8872   3.593562   3.593877     2.1761     0.3889     0.2999    4.97899   3731.625      89560         10  0.000e+00
      3.003     7.8879     7.8870   3.593562   3.593805     2.1761     0.3889     0.2999    4.97889   3731.667      89561         10  0.000e+00
      2.964     7.8877     7.8871   3.593569   3.593811     2.1761     0.3889     0.2999    4.97877   3731.708      89562         10  0.000e+00
      2.948     7.8879     7.8869   3.593562   3.593772     2.1761     0.3889     0.2999    4.97951   3731.750      89563         10  0.000e+00
      3.003     7.8882     7.8869   3.593569   3.593739     2.1761     0.3889     0.2988    4.98031   3731.792      89564         10  0.000e+00
      3.003     7.8883     7.8867   3.593581   3.593778     2.1761     0.3889     0.2988    4.98027   3731.833      89565         10  0.000e+00
      2.948     7.8882     7.8867   3.593562   3.593739     2.1761     0.3889     0.2988    4.98021   3731.875      89566         10  0.000e+00
      3.027     7.8877     7.8867   3.593531   3.593739     2.1761     0.3889     0.2988    4.98028   3731.917      89567         10  0.000e+00
      2.948     7.8873     7.8867   3.593462   3.593712     2.1761     0.3889     0.2999    4.98025   3731.958      89568         10  0.000e+00
      3.003     7.8874     7.8864   3.593468   3.593739     2.1761     0.3889     0.2999    4.98025   3732.000      89569         10  0.000e+00
      3.003     7.8869     7.8861   3.593481   3.593712     2.1761     0.3889     0.2999    4.98024   3732.042      89570         10  0.000e+00
      3.003     7.8870     7.8862   3.593481   3.593706     2.1761     0.3889     0.2988    4.98020   3732.083      89571         10  0.000e+00
      3.027     7.8872     7.8859   3.593481   3.593673     2.1773     0.3889     0.2988    4.98462   3732.125      89572         10  0.000e+00
      3.003     7.8878     7.8861   3.593531   3.593679     2.1761     0.3889     0.2988    4.98085   3732.167      89573         10  0.000e+00
      3.003     7.8880     7.8861   3.593531   3.593647     2.1761     0.3889     0.2988    4.98076   3732.208      89574         10  0.000e+00
      3.066     7.8881     7.8858   3.593562   3.593673     2.1773     0.3889     0.2988    4.98517   3732.250      89575         10  0.000e+00
      3.027     7.8882     7.8859   3.593581   3.593679     2.1761     0.3889     0.2999    4.98140   3732.292      89576         10  0.000e+00
      3.066     7.8882     7.8861   3.593600   3.593673     2.1761     0.3889     0.2999    4.98131   3732.333      89577         10  0.000e+00
      3.066     7.8881     7.8862   3.593575   3.593679     2.1761     0.3889     0.2988    4.98123   3732.375      89578         10  0.000e+00
      3.066     7.8880     7.8863   3.593600   3.593706     2.1761     0.3889     0.2988    4.98112   3732.417      89579         10  0.000e+00
      3.066     7.8883     7.8857   3.593594   3.593706     2.1761     0.3889     0.2999    4.98100   3732.458      89580         10  0.000e+00
      3.137     7.8884     7.8856   3.593625   3.593647     2.1761     0.3889     0.2999    4.98092   3732.500      89581         10  0.000e+00
      3.121     7.8884     7.8854   3.593625   3.593673     2.1761     0.3889     0.2999    4.98080   3732.542      89582         10  0.000e+00
      3.121     7.8884     7.8857   3.593631   3.593673     2.1761     0.3889     0.2999    4.98069   3732.583      89583         10  0.000e+00
      3.121     7.8885     7.8861   3.593625   3.593647     2.1761     0.3889     0.2988    4.98058   3732.625      89584         10  0.000e+00
      3.184     7.8885     7.8864   3.593594   3.593739     2.1761     0.3889     0.2999    4.98053   3732.667      89585         10  0.000e+00
      3.200     7.8884     7.8864   3.593625   3.593712     2.1761     0.3889     0.2988    4.98043   3732.708      89586         10  0.000e+00
      3.184     7.8885     7.8864   3.593644   3.593739     2.1773     0.3767     0.2988    4.98476   3732.750      89587         10  0.000e+00
      3.239     7.8884     7.8866   3.593656   3.593739     2.1761     0.3767     0.2988    4.98104   3732.792      89588         10  0.000e+00
      3.184     7.8885     7.8862   3.593650   3.593745     2.1761     0.3767     0.2988    4.98085   3732.833      89589         10  0.000e+00
      3.239     7.8884     7.8861   3.593644   3.593739     2.1761     0.3767     0.2999    4.98077   3732.875      89590         10  0.000e+00
      3.255     7.8886     7.8861   3.593625   3.593680     2.1761     0.3767     0.2988    4.98063   3732.917      89591         10  0.000e+00
      3.302     7.8887     7.8860   3.593612   3.593706     2.1761     0.3767     0.2999    4.98051   3732.958      89592         10  0.000e+00
      3.302     7.8883     7.8861   3.593631   3.593673     2.1761     0.3767     0.2999    4.98040   3733.000      89593         10  0.000e+00
      3.302     7.8885     7.8863   3.593644   3.593680     2.1761     0.3767     0.2999    4.98024   3733.042      89594         10  0.000e+00
      3.137     7.8888     7.8859   3.593644   3.593706     2.1761     0.3767     0.2999    4.97996   3733.083      89595         10  0.000e+00
      3.475     7.8889     7.8860   3.593663   3.593673     2.1761     0.3767     0.2999    4.98003   3733.125      89596         10  0.000e+00
      3.302     7.8880     7.8857   3.593631   3.593647     2.1761     0.3767     0.3011    4.97986   3733.167      89597         10  0.000e+00
      3.412     7.8878     7.8854   3.593600   3.593673     2.1761     0.3767     0.3022    4.97983   3733.208      89598         10  0.000e+00
      3.357     7.8875     7.8857   3.593537   3.593647     2.1761     0.3767     0.3022    4.97970   3733.250      89599         10  0.000e+00
      3.373     7.8874     7.8857   3.593468   3.593614     2.1761     0.3767     0.3011    4.97960   3733.292      89600         10  0.000e+00
      3.412     7.8873     7.8872   3.593500   3.593706     2.1761     0.3767     0.3011    4.97949   3733.333      89601         10  0.000e+00
      3.138     7.8886     7.8881   3.593612   3.593838     2.1761     0.3889     0.3011    4.97920   3736.000      89665         11  0.000e+00
      3.067     7.8885     7.8882   3.593631   3.593811     2.1761     0.3889     0.3011    4.97908   3736.042      89666         11  0.000e+00
      3.122     7.8887     7.8882   3.593625   3.593871     2.1761     0.3889     0.3011    4.97904   3736.083      89667         11  0.000e+00
      3.067     7.8884     7.8882   3.593594   3.593877     2.1761     0.3889     0.2999    4.97897   3736.125      89668         11  0.000e+00
      3.028     7.8885     7.8883   3.593587   3.593871     2.1761     0.3889     0.2988    4.97886   3736.167      89669         11  0.000e+00
      3.123     7.8886     7.8880   3.593606   3.593871     2.1761     0.3889     0.2988    4.97884   3736.208      89670         11  0.000e+00
      2.950     7.8887     7.8879   3.593594   3.593877     2.1761     0.3889     0.2988    4.97865   3736.250      89671         11  0.000e+00
      3.123     7.8885     7.8880   3.593600   3.593838     2.1749     0.3889     0.2988    4.97426   3736.292      89672         11  0.000e+00
      3.068     7.8886     7.8879   3.593631   3.593871     2.1761     0.3889     0.2976    4.97779   3736.333      89673         11  0.000e+00
      3.028     7.8887     7.8879   3.593625   3.593910     2.1761     0.3889     0.2976    4.97772   3736.375      89674         11  0.000e+00
      3.005     7.8886     7.8879   3.593631   3.593871     2.1749     0.3889     0.2965    4.97322   3736.417      89675         11  0.000e+00
      2.950     7.8885     7.8877   3.593644   3.593811     2.1761     0.3889     0.2965    4.97681   3736.458      89676         11  0.000e+00
      3.068     7.8884     7.8879   3.593644   3.593838     2.1761     0.3889     0.2976    4.97690   3736.500      89677         11  0.000e+00
      3.005     7.8886     7.8877   3.593631   3.593871     2.1761     0.3889     0.2976    4.97684   3736.542      89678         11  0.000e+00
      3.028     7.8887     7.8877   3.593637   3.593844     2.1761     0.3889     0.2976    4.97771   3736.583      89679         11  0.000e+00
      3.068     7.8884     7.8874   3.593644   3.593772     2.1761     0.3889     0.2976    4.97780   3736.625      89680         11  0.000e+00
      3.005     7.8886     7.8877   3.593625   3.593838     2.1761     0.3889     0.2976    4.97778   3736.667      89681         11  0.000e+00
      3.005     7.8888     7.8877   3.593631   3.593844     2.1761     0.3889     0.2988    4.97866   3736.708      89682         11  0.000e+00
      3.068     7.8888     7.8877   3.593600   3.593871     2.1761     0.3889     0.2988    4.97879   3736.750      89683         11  0.000e+00
      3.028     7.8885     7.8874   3.593625   3.593811     2.1761     0.4011     0.2988    4.97884   3736.792      89684         11  0.000e+00
      3.068     7.8885     7.8872   3.593625   3.593805     2.1748     0.4011     0.2988    4.97448   3736.833      89685         11  0.000e+00
      3.068     7.8886     7.8875   3.593631   3.593772     2.1761     0.4011     0.2988    4.97820   3736.875      89686         11  0.000e+00
      3.005     7.8888     7.8874   3.593662   3.593844     2.1761     0.4011     0.2988    4.97823   3736.917      89687         11  0.000e+00
      3.083     7.8884     7.8874   3.593669   3.593838     2.1761     0.4011     0.2988    4.97842   3736.958      89688         11  0.000e+00
      3.068     7.8884     7.8873   3.593625   3.593805     2.1761     0.4011     0.2988    4.97853   3737.000      89689         11  0.000e+00
      3.123     7.8885     7.8876   3.593631   3.593811     2.1761     0.4011     0.2988    4.97866   3737.042      89690         11  0.000e+00
      3.068     7.8886     7.8879   3.593644   3.593838     2.1761     0.4011     0.2999    4.97872   3737.083      89691         11  0.000e+00
      3.123     7.8884     7.8880   3.593625   3.593844     2.1761     0.4011     0.2999    4.97888   3737.125      89692         11  0.000e+00
      3.084     7.8884     7.8878   3.593612   3.593838     2.1761     0.4011     0.2999    4.97896   3737.167      89693         11  0.000e+00
      3.068     7.8887     7.8880   3.593631   3.593838     2.1761     0.4011     0.3011    4.97902   3737.208      89694         11  0.000e+00
      3.123     7.8888     7.8882   3.593625   3.593877     2.1761     0.4011     0.3011    4.97915   3737.250      89695         11  0.000e+00
      3.123     7.8886     7.8880   3.593612   3.593871     2.1761     0.4011     0.2999    4.97928   3737.292      89696         11  0.000e+00
      3.123     7.8887     7.8880   3.593656   3.593871     2.1761     0.4011     0.2999    4.97936   3737.333      89697         11  0.000e+00
      3.139     7.8889     7.8877   3.593637   3.593844     2.1748     0.4011     0.2988    4.97501   3737.375      89698         11  0.000e+00
      3.123     7.8887     7.8880   3.593637   3.593838     2.1748     0.4011     0.2988    4.97432   3737.417      89699         11  0.000e+00
      3.123     7.8888     7.8881   3.593625   3.593844     2.1761     0.4011     0.2976    4.97810   3737.458      89700         11  0.000e+00
      3.123     7.8888     7.8880   3.593631   3.593838     2.1761     0.4011     0.2976    4.97828   3737.500      89701         11  0.000e+00
      3.186     7.8887     7.8882   3.593644   3.593871     2.1761     0.4011     0.2965    4.97850   3737.542      89702         11  0.000e+00
      3.139     7.8884     7.8881   3.593644   3.593877     2.1761     0.4011     0.2965    4.97867   3737.583      89703         11  0.000e+00
      3.186     7.8884     7.8882   3.593625   3.593871     2.1761     0.4011     0.2965    4.97888   3737.625      89704         11  0.000e+00
      3.123     7.8885     7.8884   3.593612   3.593871     2.1761     0.4011     0.2976    4.97901   3737.667      89705         11  0.000e+00
      3.186     7.8884     7.8880   3.593612   3.593877     2.1761     0.4011     0.2988    4.97923   3737.708      89706         11  0.000e+00
      3.139     7.8887     7.8883   3.593631   3.593805     2.1761     0.3889     0.2988    4.97934   3737.750      89707         11  0.000e+00
      3.186     7.8885     7.8884   3.593656   3.593877     2.1761     0.3889     0.2988    4.97955   3737.792      89708         11  0.000e+00
      3.241     7.8884     7.8880   3.593650   3.593871     2.1761     0.3889     0.2988    4.97977   3737.833      89709         11  0.000e+00
      3.186     7.8885     7.8880   3.593600   3.593805     2.1761     0.3889     0.2988    4.97992   3737.875      89710         11  0.000e+00
      3.186     7.8886     7.8867   3.593625   3.593844     2.1761     0.3889     0.2988    4.98008   3737.917      89711         11  0.000e+00
      3.202     7.8888     7.8866   3.593663   3.593805     2.1761     0.3889     0.2988    4.98022   3737.958      89712         11  0.000e+00
      3.186     7.8891     7.8869   3.593675   3.593805     2.1761     0.3889     0.2976    4.98036   3738.000      89713         11  0.000e+00
      3.479     7.8907     7.8890   3.593832   3.593970     2.1773     0.4133     0.2999    4.98449   3742.917      89831         12  0.000e+00
      3.549     7.8906     7.8888   3.593838   3.594009     2.1760     0.4133     0.2988    4.98078   3742.958      89832         12  0.000e+00
      3.479     7.8905     7.8889   3.593819   3.593970     2.1760     0.4133     0.2988    4.98061   3743.000      89833         12  0.000e+00
      3.534     7.8907     7.8890   3.593876   3.593976     2.1760     0.4133     0.2988    4.98047   3743.042      89834         12  0.000e+00
      3.534     7.8906     7.8893   3.593832   3.593970     2.1760     0.4133     0.2988    4.98122   3743.083      89835         12  0.000e+00
      3.597     7.8905     7.8891   3.593807   3.594002     2.1773     0.4133     0.2988    4.98563   3743.125      89836         12  0.000e+00
      3.550     7.8905     7.8893   3.593807   3.593976     2.1773     0.4133     0.2988    4.98630   3743.167      89837         12  0.000e+00
      3.597     7.8905     7.8895   3.593825   3.594029     2.1760     0.4133     0.2988    4.98252   3743.208      89838         12  0.000e+00
      3.479     7.8904     7.8893   3.593825   3.593970     2.1760     0.4133     0.2999    4.98228   3743.250      89839         12  0.000e+00
      3.652     7.8906     7.8893   3.593832   3.594042     2.1760     0.4133     0.2988    4.98220   3743.292      89840         12  0.000e+00
      3.534     7.8904     7.8892   3.593838   3.594002     2.1785     0.4133     0.2988    4.99088   3743.333      89841         12  0.000e+00
      3.612     7.8905     7.8890   3.593838   3.593976     2.1785     0.4133     0.2988    4.99234   3743.375      89842         12  0.000e+00
      3.597     7.8905     7.8893   3.593788   3.593970     2.1760     0.4133     0.2988    4.98479   3743.417      89843         12  0.000e+00
      3.597     7.8900     7.8888   3.593794   3.594029     2.1773     0.4133     0.2988    4.98897   3743.458      89844         12  0.000e+00
      3.597     7.8903     7.8888   3.593807   3.593943     2.1773     0.4133     0.2976    4.98943   3743.500      89845         12  0.000e+00
      3.597     7.8902     7.8888   3.593807   3.593970     2.1760     0.4133     0.2988    4.98544   3743.542      89846         12  0.000e+00
