Cruise Data/Irminger_Sea-01_KN-221_2014-09-07/Ship Data/ctd/process_mlankhorst/kn22104001.ros
* Sea-Bird SBE 9 Data File:
* FileName = C:\Data\ctd\KN22104001.hdr
* Software Version Seasave V 7.21k
* Temperature SN = 4195
* Conductivity SN = 2147
* Number of Bytes Per Scan = 40
* Number of Voltage Words = 5
* Number of Scans Averaged by the Deck Unit = 1
* NMEA Latitude = 62 06.42 N
* NMEA Longitude = 031 22.90 W
* NMEA UTC (Time) = Sep 08 2014 11:39:06
** KN221-03 Chief Scientist: Bob Pickart
** OSNAP August 2014
** Station: 001
** Knudsen Depth: 2401
# nquan = 13
# nvalues = 588                                   
# units = specified
# name 0 = prDM: Pressure, Digiquartz [db]
# name 1 = t090C: Temperature [ITS-90, deg C]
# name 2 = t190C: Temperature, 2 [ITS-90, deg C]
# name 3 = c0S/m: Conductivity [S/m]
# name 4 = c1S/m: Conductivity, 2 [S/m]
# name 5 = sbeox0V: Oxygen raw, SBE 43 [V]
# name 6 = flECO-AFL: Fluorescence, WET Labs ECO-AFL/FL [mg/m^3]
# name 7 = CStarAt0: Beam Attenuation, WET Labs C-Star [1/m]
# name 8 = sbeox0ML/L: Oxygen, SBE 43 [ml/l]
# name 9 = timeS: Time, Elapsed [seconds]
# name 10 = scan: Scan Count
# name 11 = nbf: Bottles Fired
# name 12 = flag:  0.000e+00
# interval = seconds: 0.0416667
# start_time = Sep 08 2014 11:39:06 [NMEA time, header]
# bad_flag = -9.990e-29
*END*
[from data line 223]
   1509.192     3.6545     3.6547   3.286382   3.286589     1.7175     0.0348     0.0869    5.48374   1770.333      42489          5  0.000e+00
   1509.120     3.6545     3.6547   3.286382   3.286557     1.5099     0.0348     0.0869    4.25633   1770.375      42490          5  0.000e+00
   1509.241     3.6543     3.6545   3.286364   3.286621     2.7478     0.0348     0.0869    9.58262   1770.417      42491          5  0.000e+00
   1509.128     3.6543     3.6547   3.286352   3.286589     1.4432     0.0348     0.0858    4.30902   1770.458      42492          5  0.000e+00
   1509.176     3.6543     3.6545   3.286370   3.286589     1.8509     0.0348     0.0858    5.80465   1770.500      42493          5  0.000e+00
   1509.192     3.6543     3.6544   3.286364   3.286589     2.5810     0.0348     0.0869    8.98537   1770.542      42494          5  0.000e+00
   1509.176     3.6544     3.6544   3.286352   3.286589     1.2172     0.0348     0.0858    3.24188   1770.583      42495          5  0.000e+00
   1509.176     3.6545     3.6549   3.286352   3.286621     2.2240     0.0348     0.0858    7.45793   1770.625      42496          5  0.000e+00
   1509.128     3.6542     3.6545   3.286352   3.286589     2.3315     0.0348     0.0858    8.02381   1770.667      42497          5  0.000e+00
   1509.176     3.6545     3.6545   3.286352   3.286621     1.1171     0.0348     0.0858    2.64584   1770.708      42498          5  0.000e+00
   1509.176     3.6542     3.6545   3.286334   3.286589     2.5687     0.0348     0.0858    8.91551   1770.750      42499          5  0.000e+00
   1509.128     3.6543     3.6548   3.286364   3.286621     2.0436     0.0348     0.0858    6.84368   1770.792      42500          5  0.000e+00
   1509.176     3.6542     3.6545   3.286382   3.286589     1.2209     0.0348     0.0858    3.01776   1770.833      42501          5  0.000e+00
   1509.128     3.6540     3.6547   3.286340   3.286589     2.7688     0.0348     0.0858    9.72205   1770.875      42502          5  0.000e+00
   1509.176     3.6543     3.6547   3.286340   3.286621     1.7508     0.0348     0.0858    5.61390   1770.917      42503          5  0.000e+00
   1509.176     3.6540     3.6549   3.286352   3.286589     1.4717     0.0348     0.0858    4.11587   1770.958      42504          5  0.000e+00
   1509.128     3.6542     3.6549   3.286334   3.286678     2.7601     0.0348     0.0858    9.63872   1771.000      42505          5  0.000e+00
   1509.120     3.6545     3.6547   3.286322   3.286589     1.4754     0.0348     0.0858    4.42141   1771.042      42506          5  0.000e+00
   1509.128     3.6542     3.6545   3.286340   3.286621     1.8064     0.0348     0.0869    5.62417   1771.083      42507          5  0.000e+00
   1509.177     3.6545     3.6549   3.286334   3.286589     2.6082     0.0348     0.0869    9.06292   1771.125      42508          5  0.000e+00
   1509.120     3.6545     3.6547   3.286322   3.286589     1.2431     0.0348     0.0858    3.34513   1771.167      42509          5  0.000e+00
   1509.193     3.6545     3.6545   3.286340   3.286589     2.1746     0.0348     0.0858    7.25714   1771.208      42510          5  0.000e+00
   1509.059     3.6545     3.6553   3.286340   3.286621     2.4192     0.0348     0.0890    8.25614   1776.125      42628          6  0.000e+00
   1509.010     3.6545     3.6552   3.286364   3.286621     2.1783     0.0348     0.0890    7.40859   1776.167      42629          6  0.000e+00
   1509.059     3.6545     3.6552   3.286340   3.286621     1.1493     0.0348     0.0869    2.70691   1776.208      42630          6  0.000e+00
   1509.010     3.6546     3.6552   3.286340   3.286621     2.7033     0.0348     0.0869    9.42684   1776.250      42631          6  0.000e+00
   1509.059     3.6547     3.6550   3.286352   3.286653     1.8880     0.0348     0.0869    6.21566   1776.292      42632          6  0.000e+00
   1509.059     3.6551     3.6549   3.286310   3.286621     1.3395     0.0348     0.0869    3.50043   1776.333      42633          6  0.000e+00
   1509.010     3.6548     3.6550   3.286358   3.286621     2.7861     0.0348     0.0869    9.72915   1776.375      42634          6  0.000e+00
   1508.938     3.6546     3.6548   3.286340   3.286621     1.6039     0.0348     0.0869    5.01617   1776.417      42635          6  0.000e+00
   1509.059     3.6543     3.6550   3.286322   3.286646     1.6397     0.0348     0.0869    4.84399   1776.458      42636          6  0.000e+00
   1509.011     3.6545     3.6549   3.286322   3.286653     2.6959     0.0348     0.0869    9.40295   1776.500      42637          6  0.000e+00
   1509.059     3.6545     3.6550   3.286340   3.286589     1.3457     0.0348     0.0890    3.87110   1776.542      42638          6  0.000e+00
   1508.954     3.6545     3.6549   3.286334   3.286621     1.9943     0.0470     0.0880    6.43690   1776.583      42639          6  0.000e+00
   1509.059     3.6543     3.6549   3.286304   3.286589     2.4933     0.0348     0.0880    8.66770   1776.625      42640          6  0.000e+00
   1509.003     3.6545     3.6548   3.286310   3.286621     1.1579     0.0348     0.0880    2.92002   1776.667      42641          6  0.000e+00
   1508.954     3.6542     3.6549   3.286322   3.286621     2.3574     0.0348     0.0869    7.99176   1776.708      42642          6  0.000e+00
   1509.003     3.6543     3.6547   3.286322   3.286621     2.2302     0.0348     0.0869    7.62695   1776.750      42643          6  0.000e+00
   1509.011     3.6542     3.6549   3.286304   3.286589     1.1307     0.0470     0.0869    2.64156   1776.792      42644          6  0.000e+00
   1509.003     3.6545     3.6547   3.286310   3.286557     2.6626     0.0348     0.0869    9.24739   1776.833      42645          6  0.000e+00
   1509.003     3.6545     3.6549   3.286322   3.286589     1.9424     0.0348     0.0869    6.44499   1776.875      42646          6  0.000e+00
   1509.011     3.6543     3.6547   3.286322   3.286621     1.2913     0.0348     0.0869    3.27846   1776.917      42647          6  0.000e+00
   1509.003     3.6543     3.6546   3.286304   3.286589     2.7874     0.0348     0.0869    9.72473   1776.958      42648          6  0.000e+00
   1508.954     3.6542     3.6547   3.286273   3.286589     1.6582     0.0348     0.0869    5.25301   1777.000      42649          6  0.000e+00
   1509.059     3.6542     3.6549   3.286304   3.286589     1.5755     0.0348     0.0869    4.54006   1777.042      42650          6  0.000e+00
   1509.003     3.6542     3.6547   3.286304   3.286653     2.7256     0.0348     0.0858    9.51259   1777.083      42651          6  0.000e+00
   1509.011     3.6540     3.6547   3.286291   3.286557     1.3926     0.0348     0.0858    4.10236   1777.125      42652          6  0.000e+00
   1509.003     3.6542     3.6549   3.286310   3.286621     1.9177     0.0348     0.0869    6.08431   1777.167      42653          6  0.000e+00
   1509.003     3.6538     3.6545   3.286322   3.286621     2.5403     0.0348     0.0869    8.85187   1777.208      42654          6  0.000e+00
   1509.011     3.6539     3.6548   3.286304   3.286557     1.1863     0.0348     0.0858    3.08347   1777.250      42655          6  0.000e+00
   1509.059     3.6538     3.6550   3.286310   3.286589     2.2846     0.0348     0.0869    7.66970   1777.292      42656          6  0.000e+00
   1509.011     3.6542     3.6549   3.286304   3.286621     2.2858     0.0348     0.0858    7.85907   1777.333      42657          6  0.000e+00
   1509.059     3.6538     3.6549   3.286291   3.286621     1.1196     0.0348     0.0858    2.61333   1777.375      42658          6  0.000e+00
   1509.003     3.6540     3.6550   3.286291   3.286621     2.6132     0.0348     0.0858    9.03056   1777.417      42659          6  0.000e+00
   1509.076     3.6540     3.6550   3.286291   3.286589     1.9992     0.0348     0.0858    6.68358   1777.458      42660          6  0.000e+00
   1509.003     3.6539     3.6548   3.286291   3.286621     1.2493     0.0348     0.0858    3.09069   1777.500      42661          6  0.000e+00
   1509.076     3.6542     3.6545   3.286310   3.286557     2.7799     0.0348     0.0858    9.68910   1777.542      42662          6  0.000e+00
   1509.059     3.6538     3.6542   3.286279   3.286621     1.7138     0.0348     0.0858    5.49648   1777.583      42663          6  0.000e+00
   1509.059     3.6542     3.6542   3.286279   3.286557     1.5038     0.0348     0.0869    4.19890   1777.625      42664          6  0.000e+00
   1509.076     3.6538     3.6541   3.286249   3.286589     2.7552     0.0348     0.0869    9.61073   1777.667      42665          6  0.000e+00
   1509.060     3.6540     3.6541   3.286298   3.286557     1.4507     0.0348     0.0869    4.37369   1777.708      42666          6  0.000e+00
   1509.124     3.6539     3.6537   3.286279   3.286557     1.8287     0.0348     0.0869    5.66536   1777.750      42667          6  0.000e+00
   1509.076     3.6540     3.6539   3.286279   3.286532     2.5971     0.0348     0.0869    9.07141   1777.792      42668          6  0.000e+00
   1509.124     3.6540     3.6539   3.286291   3.286557     1.2296     0.0348     0.0869    3.32103   1777.833      42669          6  0.000e+00
   1509.076     3.6545     3.6541   3.286310   3.286532     2.1919     0.0348     0.0869    7.25564   1777.875      42670          6  0.000e+00
   1509.124     3.6545     3.6539   3.286322   3.286532     2.3599     0.0348     0.0869    8.18069   1777.917      42671          6  0.000e+00
   1509.124     3.6543     3.6537   3.286322   3.286532     1.1159     0.0348     0.0869    2.64181   1777.958      42672          6  0.000e+00
   1509.132     3.6547     3.6539   3.286304   3.286557     2.5304     0.0348     0.0869    8.65640   1778.000      42673          6  0.000e+00
   1509.124     3.6548     3.6544   3.286334   3.286532     2.0844     0.0348     0.0869    7.05649   1778.042      42674          6  0.000e+00
   1509.132     3.6548     3.6540   3.286334   3.286532     1.1925     0.0348     0.0869    2.83958   1778.083      42675          6  0.000e+00
   1509.181     3.6549     3.6539   3.286340   3.286589     2.7540     0.0348     0.0869    9.55860   1778.125      42676          6  0.000e+00
   1509.063     3.6549     3.6544   3.286322   3.286589     1.2766     0.0470     0.0869    3.11384   1785.000      42841          7  0.000e+00
   1509.015     3.6551     3.6544   3.286322   3.286557     2.7874     0.0470     0.0869    9.64075   1785.042      42842          7  0.000e+00
   1509.007     3.6548     3.6544   3.286340   3.286589     1.6805     0.0470     0.0869    5.48719   1785.083      42843          7  0.000e+00
   1509.015     3.6548     3.6545   3.286352   3.286557     1.5397     0.0470     0.0869    4.28457   1785.125      42844          7  0.000e+00
   1509.007     3.6547     3.6545   3.286370   3.286532     2.7429     0.0470     0.0869    9.63143   1785.167      42845          7  0.000e+00
   1509.007     3.6549     3.6544   3.286382   3.286557     1.4236     0.0470     0.0869    4.37428   1785.208      42846          7  0.000e+00
   1509.015     3.6549     3.6542   3.286382   3.286557     1.8671     0.0470     0.0869    5.76636   1785.250      42847          7  0.000e+00
   1509.007     3.6545     3.6544   3.286382   3.286557     2.5774     0.0470     0.0869    9.13979   1785.292      42848          7  0.000e+00
   1509.063     3.6548     3.6544   3.286382   3.286621     1.2136     0.0470     0.0869    3.32070   1785.333      42849          7  0.000e+00
   1508.959     3.6549     3.6542   3.286364   3.286557     2.2216     0.0470     0.0869    7.28501   1785.375      42850          7  0.000e+00
   1509.064     3.6547     3.6542   3.286352   3.286589     2.3402     0.0470     0.0869    8.24169   1785.417      42851          7  0.000e+00
   1508.959     3.6548     3.6545   3.286352   3.286589     1.1147     0.0470     0.0869    2.63781   1785.458      42852          7  0.000e+00
   1509.064     3.6548     3.6544   3.286352   3.286589     2.5515     0.0470     0.0869    8.62385   1785.500      42853          7  0.000e+00
   1509.007     3.6546     3.6545   3.286352   3.286589     2.0672     0.0470     0.0869    7.10404   1785.542      42854          7  0.000e+00
   1509.015     3.6548     3.6545   3.286352   3.286525     1.1975     0.0470     0.0869    2.80674   1785.583      42855          7  0.000e+00
   1509.007     3.6549     3.6545   3.286334   3.286557     2.7615     0.0470     0.0869    9.50403   1785.625      42856          7  0.000e+00
   1509.015     3.6548     3.6544   3.286340   3.286557     1.7917     0.0470     0.0869    5.96253   1785.667      42857          7  0.000e+00
   1509.007     3.6546     3.6543   3.286334   3.286557     1.4211     0.0470     0.0869    3.74116   1785.708      42858          7  0.000e+00
   1509.007     3.6549     3.6544   3.286322   3.286589     2.7775     0.0470     0.0869    9.69850   1785.750      42859          7  0.000e+00
   1509.080     3.6548     3.6545   3.286340   3.286589     1.5249     0.0470     0.0869    4.84131   1785.792      42860          7  0.000e+00
   1509.007     3.6546     3.6547   3.286370   3.286589     1.7287     0.0470     0.0869    5.13544   1785.833      42861          7  0.000e+00
   1509.015     3.6548     3.6545   3.286364   3.286557     2.6565     0.0470     0.0869    9.40507   1785.875      42862          7  0.000e+00
   1509.007     3.6545     3.6545   3.286352   3.286621     1.2889     0.0470     0.0869    3.72375   1785.917      42863          7  0.000e+00
   1509.007     3.6548     3.6544   3.286334   3.286557     2.0771     0.0470     0.0869    6.65573   1785.958      42864          7  0.000e+00
   1509.015     3.6548     3.6542   3.286340   3.286532     2.4403     0.0470     0.0869    8.64323   1786.000      42865          7  0.000e+00
   1509.064     3.6548     3.6541   3.286334   3.286557     1.1345     0.0470     0.0869    2.81529   1786.042      42866          7  0.000e+00
   1509.007     3.6549     3.6542   3.286322   3.286557     2.4267     0.0470     0.0869    8.08893   1786.083      42867          7  0.000e+00
   1509.015     3.6549     3.6544   3.286322   3.286557     2.1796     0.0470     0.0869    7.57596   1786.125      42868          7  0.000e+00
   1509.007     3.6547     3.6542   3.286322   3.286557     1.1444     0.0470     0.0869    2.60965   1786.167      42869          7  0.000e+00
   1509.015     3.6549     3.6541   3.286304   3.286589     2.6997     0.0470     0.0869    9.20081   1786.208      42870          7  0.000e+00
   1509.064     3.6548     3.6542   3.286334   3.286589     1.9004     0.0470     0.0869    6.40697   1786.250      42871          7  0.000e+00
   1509.007     3.6548     3.6543   3.286334   3.286557     1.3235     0.0470     0.0869    3.28423   1786.292      42872          7  0.000e+00
   1509.015     3.6546     3.6542   3.286340   3.286557     2.7911     0.0470     0.0869    9.67311   1786.333      42873          7  0.000e+00
   1509.007     3.6546     3.6544   3.286352   3.286589     1.6249     0.0470     0.0901    5.27472   1786.375      42874          7  0.000e+00
   1509.015     3.6547     3.6541   3.286334   3.286557     1.6064     0.0470     0.0934    4.56191   1786.417      42875          7  0.000e+00
   1509.064     3.6546     3.6544   3.286388   3.286557     2.7145     0.0470     0.0956    9.57051   1786.458      42876          7  0.000e+00
   1509.007     3.6548     3.6544   3.286370   3.286589     1.3729     0.0470     0.0967    4.14864   1786.500      42877          7  0.000e+00
   1509.080     3.6548     3.6542   3.286334   3.286557     1.9424     0.0348     0.0945    6.07032   1786.542      42878          7  0.000e+00
   1509.008     3.6548     3.6542   3.286364   3.286532     2.5317     0.0348     0.0934    8.99641   1786.583      42879          7  0.000e+00
