Cruise Data/Irminger_Sea-01_KN-221_2014-09-07/Ship Data/ctd/process_mlankhorst/KN22104009.ros
* Sea-Bird SBE 9 Data File:
* FileName = C:\Data\ctd\KN22104009.hdr
* Software Version Seasave V 7.21k
* Temperature SN = 4195
* Conductivity SN = 2147
* Number of Bytes Per Scan = 40
* Number of Voltage Words = 5
* Number of Scans Averaged by the Deck Unit = 1
* NMEA Latitude = 59 46.27 N
* NMEA Longitude = 039 38.47 W
* NMEA UTC (Time) = Sep 17 2014 13:48:49
** KN221-04 Chief Scientist: Bob Weller
** OOI Irminger Sea Sept. 2014
** Station: 009
** Knudsen Depth: 2758
# nquan = 13
# nvalues = 588                                   
# units = specified
# name 0 = prDM: Pressure, Digiquartz [db]
# name 1 = t090C: Temperature [ITS-90, deg C]
# name 2 = t190C: Temperature, 2 [ITS-90, deg C]
# name 3 = c0S/m: Conductivity [S/m]
# name 4 = c1S/m: Conductivity, 2 [S/m]
# name 5 = sbeox0V: Oxygen raw, SBE 43 [V]
# name 6 = flECO-AFL: Fluorescence, WET Labs ECO-AFL/FL [mg/m^3]
# name 7 = CStarAt0: Beam Attenuation, WET Labs C-Star [1/m]
# name 8 = sbeox0ML/L: Oxygen, SBE 43 [ml/l]
# name 9 = timeS: Time, Elapsed [seconds]
# name 10 = scan: Scan Count
# name 11 = nbf: Bottles Fired
# name 12 = flag:  0.000e+00
# interval = seconds: 0.0416667
# start_time = Sep 17 2014 13:48:49 [NMEA time, header]
# bad_flag = -9.990e-29
*END*
[from data line 334]
     51.898     7.7840     7.7951   3.586212   3.587420     2.1604     0.9750     0.2712    4.98151   2510.792      60260          7  0.000e+00
     51.898     7.7852     7.7951   3.586318   3.587434     2.1604     0.9750     0.2724    4.98098   2510.833      60261          7  0.000e+00
     51.954     7.7869     7.7951   3.586494   3.587355     2.1604     0.9628     0.2724    4.98126   2510.875      60262          7  0.000e+00
     51.898     7.7894     7.7949   3.586612   3.587434     2.1604     0.9750     0.2724    4.98143   2510.917      60263          7  0.000e+00
     51.961     7.7907     7.7951   3.586756   3.587434     2.1604     0.9750     0.2724    4.98177   2510.958      60264          7  0.000e+00
     51.961     7.7917     7.7945   3.586844   3.587486     2.1604     0.9750     0.2735    4.98123   2511.000      60265          7  0.000e+00
     51.898     7.7932     7.7941   3.586957   3.587401     2.1604     0.9750     0.2735    4.98056   2511.042      60266          7  0.000e+00
     51.836     7.7945     7.7941   3.587007   3.587453     2.1604     0.9750     0.2724    4.98078   2511.083      60267          7  0.000e+00
     52.079     7.7951     7.7942   3.587082   3.587401     2.1604     0.9750     0.2724    4.98036   2511.125      60268          7  0.000e+00
     53.356     7.7667     7.7624   3.584692   3.585229     2.1591     0.9628     0.2678    4.97638   2520.333      60489          8  0.000e+00
     53.309     7.7654     7.7605   3.584542   3.584972     2.1603     0.9628     0.2666    4.98049   2520.375      60490          8  0.000e+00
     53.419     7.7630     7.7588   3.584404   3.584610     2.1603     0.9506     0.2666    4.98114   2520.417      60491          8  0.000e+00
     53.364     7.7650     7.7581   3.584567   3.584419     2.1603     0.9506     0.2666    4.98120   2520.458      60492          8  0.000e+00
     53.309     7.7694     7.7573   3.584867   3.584452     2.1603     0.9628     0.2666    4.98100   2520.500      60493          8  0.000e+00
     53.537     7.7723     7.7560   3.585018   3.584354     2.1603     0.9628     0.2655    4.98116   2520.542      60494          8  0.000e+00
     53.356     7.7742     7.7560   3.585093   3.584255     2.1603     0.9506     0.2655    4.98117   2520.583      60495          8  0.000e+00
     53.419     7.7759     7.7553   3.585205   3.584064     2.1603     0.9628     0.2655    4.98046   2520.625      60496          8  0.000e+00
     53.419     7.7767     7.7546   3.585280   3.583998     2.1603     0.9506     0.2655    4.98065   2520.667      60497          8  0.000e+00
     53.482     7.7783     7.7523   3.585261   3.583965     2.1603     0.9506     0.2655    4.98084   2520.708      60498          8  0.000e+00
     53.419     7.7790     7.7515   3.585286   3.583939     2.1603     0.9628     0.2655    4.98013   2520.750      60499          8  0.000e+00
     53.419     7.7773     7.7523   3.585205   3.583867     2.1603     0.9628     0.2655    4.97966   2520.792      60500          8  0.000e+00
     53.419     7.7747     7.7535   3.585030   3.583965     2.1603     0.9628     0.2655    4.97927   2520.833      60501          8  0.000e+00
     53.419     7.7700     7.7545   3.584742   3.584064     2.1603     0.9628     0.2655    4.97995   2520.875      60502          8  0.000e+00
     53.419     7.7660     7.7555   3.584592   3.584064     2.1603     0.9628     0.2655    4.98053   2520.917      60503          8  0.000e+00
     53.419     7.7643     7.7571   3.584498   3.584222     2.1603     0.9628     0.2655    4.98088   2520.958      60504          8  0.000e+00
     53.419     7.7640     7.7610   3.584429   3.584419     2.1603     0.9506     0.2655    4.98022   2521.000      60505          8  0.000e+00
     53.419     7.7635     7.7637   3.584436   3.584643     2.1603     0.9506     0.2655    4.97952   2521.042      60506          8  0.000e+00
     53.419     7.7632     7.7659   3.584373   3.584841     2.1603     0.9628     0.2655    4.97967   2521.083      60507          8  0.000e+00
     53.364     7.7629     7.7671   3.584392   3.584972     2.1603     0.9628     0.2655    4.97976   2521.125      60508          8  0.000e+00
     53.364     7.7634     7.7668   3.584455   3.585005     2.1603     0.9628     0.2655    4.97980   2521.167      60509          8  0.000e+00
     53.419     7.7650     7.7658   3.584586   3.585064     2.1603     0.9506     0.2655    4.97976   2521.208      60510          8  0.000e+00
     53.364     7.7665     7.7669   3.584705   3.584972     2.1603     0.9628     0.2644    4.97966   2521.250      60511          8  0.000e+00
     53.309     7.7691     7.7687   3.584799   3.584972     2.1603     0.9628     0.2632    4.97948   2521.292      60512          8  0.000e+00
     53.356     7.7703     7.7695   3.584824   3.585064     2.1603     0.9506     0.2632    4.97950   2521.333      60513          8  0.000e+00
     53.309     7.7692     7.7702   3.584805   3.585163     2.1603     0.9628     0.2632    4.97968   2521.375      60514          8  0.000e+00
     53.309     7.7677     7.7702   3.584748   3.585163     2.1603     0.9628     0.2632    4.97993   2521.417      60515          8  0.000e+00
     53.309     7.7658     7.7702   3.584611   3.585229     2.1603     0.9506     0.2632    4.98025   2521.458      60516          8  0.000e+00
     53.246     7.7640     7.7691   3.584454   3.585262     2.1603     0.9506     0.2632    4.98053   2521.500      60517          8  0.000e+00
     53.309     7.7629     7.7692   3.584361   3.585163     2.1603     0.9628     0.2644    4.98080   2521.542      60518          8  0.000e+00
     53.183     7.7619     7.7694   3.584323   3.585163     2.1603     0.9506     0.2655    4.98093   2521.583      60519          8  0.000e+00
     53.246     7.7612     7.7700   3.584242   3.585097     2.1603     0.9628     0.2655    4.98116   2521.625      60520          8  0.000e+00
     53.191     7.7612     7.7704   3.584242   3.585163     2.1603     0.9628     0.2655    4.98123   2521.667      60521          8  0.000e+00
     53.191     7.7612     7.7692   3.584229   3.585229     2.1603     0.9628     0.2655    4.98134   2521.708      60522          8  0.000e+00
     53.191     7.7611     7.7695   3.584235   3.585229     2.1603     0.9628     0.2666    4.98146   2521.750      60523          8  0.000e+00
     53.128     7.7614     7.7700   3.584248   3.585196     2.1603     0.9506     0.2666    4.98149   2521.792      60524          8  0.000e+00
     53.128     7.7612     7.7704   3.584267   3.585262     2.1603     0.9628     0.2678    4.98161   2521.833      60525          8  0.000e+00
     53.128     7.7614     7.7709   3.584279   3.585295     2.1603     0.9628     0.2678    4.98170   2521.875      60526          8  0.000e+00
     53.073     7.7629     7.7714   3.584373   3.585354     2.1603     0.9506     0.2678    4.98161   2521.917      60527          8  0.000e+00
     53.010     7.7641     7.7712   3.584436   3.585328     2.1603     0.9628     0.2678    4.98154   2521.958      60528          8  0.000e+00
     53.010     7.7648     7.7703   3.584467   3.585387     2.1603     0.9506     0.2678    4.98157   2522.000      60529          8  0.000e+00
     53.010     7.7648     7.7707   3.584473   3.585360     2.1603     0.9506     0.2678    4.98079   2522.042      60530          8  0.000e+00
     53.010     7.7651     7.7707   3.584473   3.585328     2.1603     0.9506     0.2678    4.98083   2522.083      60531          8  0.000e+00
     52.955     7.7645     7.7709   3.584429   3.585295     2.1603     0.9506     0.2678    4.98094   2522.125      60532          8  0.000e+00
     52.955     7.7640     7.7717   3.584454   3.585360     2.1603     0.9506     0.2678    4.98104   2522.167      60533          8  0.000e+00
     52.900     7.7641     7.7730   3.584454   3.585387     2.1603     0.9506     0.2678    4.98018   2522.208      60534          8  0.000e+00
     52.900     7.7638     7.7743   3.584442   3.585426     2.1603     0.9506     0.2678    4.98024   2522.250      60535          8  0.000e+00
     52.892     7.7635     7.7761   3.584423   3.585551     2.1603     0.9506     0.2678    4.98031   2522.292      60536          8  0.000e+00
     52.782     7.7636     7.7776   3.584454   3.585683     2.1603     0.9506     0.2678    4.98025   2522.333      60537          8  0.000e+00
     33.576     7.8212     7.8201   3.588784   3.589001     2.1723     1.0238     0.2861    4.99506   2630.792      63140          9  0.000e+00
     33.600     7.8211     7.8201   3.588790   3.589014     2.1723     1.0238     0.2861    4.99551   2630.833      63141          9  0.000e+00
     33.639     7.8214     7.8201   3.588803   3.589034     2.1723     1.0238     0.2861    4.99593   2630.875      63142          9  0.000e+00
     33.655     7.8214     7.8205   3.588796   3.589014     2.1723     1.0360     0.2861    4.99636   2630.917      63143          9  0.000e+00
     33.576     7.8215     7.8206   3.588803   3.589034     2.1723     1.0238     0.2861    4.99672   2630.958      63144          9  0.000e+00
     33.694     7.8215     7.8205   3.588803   3.589047     2.1711     1.0238     0.2850    4.99273   2631.000      63145          9  0.000e+00
     33.655     7.8214     7.8205   3.588821   3.589001     2.1723     1.0238     0.2861    4.99681   2631.042      63146          9  0.000e+00
     33.694     7.8214     7.8206   3.588834   3.589014     2.1723     1.0238     0.2850    4.99729   2631.083      63147          9  0.000e+00
     33.718     7.8215     7.8205   3.588834   3.589060     2.1723     1.0238     0.2850    4.99775   2631.125      63148          9  0.000e+00
     33.639     7.8214     7.8205   3.588834   3.588981     2.1711     1.0238     0.2850    4.99368   2631.167      63149          9  0.000e+00
     33.718     7.8212     7.8203   3.588815   3.589034     2.1723     1.0238     0.2850    4.99789   2631.208      63150          9  0.000e+00
     33.694     7.8212     7.8206   3.588803   3.588981     2.1711     1.0238     0.2861    4.99388   2631.250      63151          9  0.000e+00
     33.757     7.8212     7.8203   3.588803   3.589060     2.1711     1.0360     0.2861    4.99361   2631.292      63152          9  0.000e+00
     33.655     7.8212     7.8206   3.588821   3.589047     2.1723     1.0238     0.2861    4.99774   2631.333      63153          9  0.000e+00
     33.694     7.8215     7.8205   3.588790   3.589001     2.1723     1.0360     0.2850    4.99832   2631.375      63154          9  0.000e+00
     33.718     7.8214     7.8205   3.588790   3.589047     2.1723     1.0238     0.2850    4.99803   2631.417      63155          9  0.000e+00
     33.694     7.8214     7.8203   3.588803   3.589001     2.1723     1.0238     0.2850    4.99765   2631.458      63156          9  0.000e+00
     33.639     7.8215     7.8206   3.588784   3.589047     2.1723     1.0238     0.2850    4.99810   2631.500      63157          9  0.000e+00
     33.718     7.8212     7.8205   3.588771   3.589001     2.1723     1.0360     0.2850    4.99868   2631.542      63158          9  0.000e+00
     33.694     7.8215     7.8205   3.588790   3.589014     2.1711     1.0360     0.2838    4.99464   2631.583      63159          9  0.000e+00
     33.655     7.8212     7.8205   3.588784   3.589001     2.1723     1.0360     0.2838    4.99793   2631.625      63160          9  0.000e+00
     33.639     7.8212     7.8203   3.588771   3.589014     2.1723     1.0238     0.2838    4.99753   2631.667      63161          9  0.000e+00
     33.655     7.8212     7.8203   3.588753   3.589001     2.1723     1.0360     0.2838    4.99801   2631.708      63162          9  0.000e+00
     33.639     7.8211     7.8200   3.588715   3.589014     2.1723     1.0238     0.2838    4.99848   2631.750      63163          9  0.000e+00
     33.576     7.8211     7.8200   3.588778   3.589001     2.1723     1.0238     0.2838    4.99800   2631.792      63164          9  0.000e+00
     33.600     7.8211     7.8201   3.588759   3.588981     2.1723     1.0238     0.2850    4.99756   2631.833      63165          9  0.000e+00
     33.576     7.8212     7.8201   3.588740   3.588968     2.1711     1.0360     0.2861    4.99255   2631.875      63166          9  0.000e+00
     33.537     7.8209     7.8203   3.588740   3.588955     2.1723     1.0238     0.2850    4.99659   2631.917      63167          9  0.000e+00
     33.576     7.8211     7.8200   3.588740   3.589034     2.1711     1.0360     0.2861    4.99250   2631.958      63168          9  0.000e+00
     33.482     7.8209     7.8201   3.588759   3.588981     2.1711     1.0360     0.2873    4.99114   2632.000      63169          9  0.000e+00
     33.521     7.8209     7.8203   3.588721   3.589001     2.1711     1.0238     0.2907    4.99076   2632.042      63170          9  0.000e+00
     33.459     7.8211     7.8203   3.588727   3.588981     2.1711     1.0238     0.2907    4.99031   2632.083      63171          9  0.000e+00
     33.419     7.8209     7.8202   3.588759   3.589001     2.1723     1.0360     0.2907    4.99354   2632.125      63172          9  0.000e+00
     33.459     7.8212     7.8201   3.588721   3.588981     2.1711     1.0238     0.2884    4.98952   2632.167      63173          9  0.000e+00
     33.364     7.8212     7.8201   3.588727   3.588968     2.1723     1.0238     0.2884    4.99359   2632.208      63174          9  0.000e+00
     33.349     7.8209     7.8200   3.588740   3.588981     2.1723     1.0360     0.2873    4.99410   2632.250      63175          9  0.000e+00
     33.349     7.8209     7.8203   3.588715   3.588968     2.1723     1.0238     0.2873    4.99460   2632.292      63176          9  0.000e+00
     33.309     7.8211     7.8205   3.588752   3.589014     2.1723     1.0238     0.2861    4.99504   2632.333      63177          9  0.000e+00
     33.286     7.8209     7.8201   3.588752   3.588968     2.1723     1.0238     0.2850    4.99553   2632.375      63178          9  0.000e+00
     33.246     7.8209     7.8203   3.588759   3.588981     2.1711     1.0238     0.2850    4.99063   2632.417      63179          9  0.000e+00
     33.231     7.8209     7.8200   3.588771   3.589001     2.1723     1.0116     0.2838    4.99387   2632.458      63180          9  0.000e+00
     33.128     7.8211     7.8201   3.588771   3.588955     2.1723     1.0116     0.2850    4.99336   2632.500      63181          9  0.000e+00
     33.168     7.8211     7.8203   3.588752   3.588968     2.1723     1.0238     0.2850    4.99382   2632.542      63182          9  0.000e+00
     33.113     7.8212     7.8201   3.588740   3.588981     2.1723     1.0238     0.2850    4.99420   2632.583      63183          9  0.000e+00
     33.073     7.8212     7.8201   3.588759   3.589001     2.1723     1.0238     0.2850    4.99459   2632.625      63184          9  0.000e+00
     33.050     7.8211     7.8201   3.588765   3.588981     2.1723     1.0116     0.2850    4.99500   2632.667      63185          9  0.000e+00
     33.018     7.8211     7.8199   3.588752   3.588968     2.1723     1.0238     0.2850    4.99541   2632.708      63186          9  0.000e+00
     32.940     7.8209     7.8201   3.588740   3.588981     2.1723     1.0116     0.2850    4.99580   2632.750      63187          9  0.000e+00
     32.940     7.8211     7.8200   3.588715   3.588902     2.1723     1.0238     0.2850    4.99622   2632.792      63188          9  0.000e+00
     33.116     7.8214     7.8195   3.588759   3.588935     2.1723     1.0482     0.2838    4.99714   2642.500      63421         10  0.000e+00
     33.132     7.8209     7.8197   3.588759   3.588922     2.1723     1.0605     0.2838    4.99705   2642.542      63422         10  0.000e+00
     33.171     7.8209     7.8195   3.588752   3.588935     2.1723     1.0605     0.2838    4.99694   2642.583      63423         10  0.000e+00
