Cruise Data/Irminger_Sea-01_KN-221_2014-09-07/Ship Data/ctd/process_mlankhorst/KN22104006.ros
* Sea-Bird SBE 9 Data File:
* FileName = C:\Data\ctd\KN22104006.hdr
* Software Version Seasave V 7.21k
* Temperature SN = 4195
* Conductivity SN = 2147
* Number of Bytes Per Scan = 40
* Number of Voltage Words = 5
* Number of Scans Averaged by the Deck Unit = 1
* NMEA Latitude = 59 57.97 N
* NMEA Longitude = 039 28.24 W
* NMEA UTC (Time) = Sep 12 2014 05:09:49
** KN221-04 Chief Scientist: Bob Weller
** OOI Irminger Sea Sept. 2014
** Station: 006
** Knudsen Depth: 2706
# nquan = 13
# nvalues = 588                                   
# units = specified
# name 0 = prDM: Pressure, Digiquartz [db]
# name 1 = t090C: Temperature [ITS-90, deg C]
# name 2 = t190C: Temperature, 2 [ITS-90, deg C]
# name 3 = c0S/m: Conductivity [S/m]
# name 4 = c1S/m: Conductivity, 2 [S/m]
# name 5 = sbeox0V: Oxygen raw, SBE 43 [V]
# name 6 = flECO-AFL: Fluorescence, WET Labs ECO-AFL/FL [mg/m^3]
# name 7 = CStarAt0: Beam Attenuation, WET Labs C-Star [1/m]
# name 8 = sbeox0ML/L: Oxygen, SBE 43 [ml/l]
# name 9 = timeS: Time, Elapsed [seconds]
# name 10 = scan: Scan Count
# name 11 = nbf: Bottles Fired
# name 12 = flag:  0.000e+00
# interval = seconds: 0.0416667
# start_time = Sep 12 2014 05:09:49 [NMEA time, header]
# bad_flag = -9.990e-29
*END*
   2518.456     2.2444     2.2437   3.197899   3.198098     1.5400     0.0470     0.0901    4.96395   4427.000     106249          1  0.000e+00
   2518.456     2.2447     2.2441   3.197899   3.198111     1.5400     0.0470     0.0901    4.96404   4427.042     106250          1  0.000e+00
   2518.456     2.2443     2.2439   3.197881   3.198123     1.5400     0.0470     0.0901    4.96421   4427.083     106251          1  0.000e+00
   2518.366     2.2443     2.2441   3.197887   3.198067     1.5400     0.0470     0.0901    4.96426   4427.125     106252          1  0.000e+00
   2518.456     2.2444     2.2439   3.197881   3.198111     1.5400     0.0470     0.0901    4.96444   4427.167     106253          1  0.000e+00
   2518.334     2.2445     2.2441   3.197869   3.198098     1.5388     0.0470     0.0901    4.95564   4427.208     106254          1  0.000e+00
   2518.457     2.2444     2.2441   3.197869   3.198111     1.5388     0.0470     0.0901    4.95309   4427.250     106255          1  0.000e+00
   2518.268     2.2447     2.2442   3.197887   3.198123     1.5400     0.0470     0.0901    4.95923   4427.292     106256          1  0.000e+00
   2518.366     2.2447     2.2441   3.197881   3.198123     1.5400     0.0470     0.0901    4.95965   4427.333     106257          1  0.000e+00
   2518.268     2.2445     2.2439   3.197851   3.198079     1.5400     0.0470     0.0901    4.95998   4427.375     106258          1  0.000e+00
   2518.268     2.2447     2.2441   3.197857   3.198098     1.5400     0.0470     0.0901    4.96032   4427.417     106259          1  0.000e+00
   2518.268     2.2448     2.2442   3.197887   3.198111     1.5400     0.0470     0.0901    4.96066   4427.458     106260          1  0.000e+00
   2518.243     2.2449     2.2439   3.197899   3.198067     1.5400     0.0470     0.0901    4.96099   4427.500     106261          1  0.000e+00
   2518.211     2.2447     2.2441   3.197917   3.198098     1.5400     0.0470     0.0901    4.96135   4427.542     106262          1  0.000e+00
   2518.211     2.2450     2.2437   3.197929   3.198111     1.5400     0.0470     0.0901    4.96166   4427.583     106263          1  0.000e+00
   2518.211     2.2449     2.2441   3.197923   3.198123     1.5388     0.0470     0.0901    4.95321   4427.625     106264          1  0.000e+00
   2518.112     2.2452     2.2439   3.197911   3.198111     1.5400     0.0470     0.0901    4.95954   4427.667     106265          1  0.000e+00
   2518.145     2.2448     2.2439   3.197917   3.198067     1.5400     0.0470     0.0901    4.96009   4427.708     106266          1  0.000e+00
   2518.145     2.2451     2.2441   3.197887   3.198123     1.5400     0.0470     0.0901    4.96055   4427.750     106267          1  0.000e+00
   2518.080     2.2450     2.2441   3.197929   3.198079     1.5400     0.0470     0.0901    4.96098   4427.792     106268          1  0.000e+00
   2518.080     2.2453     2.2442   3.197935   3.198123     1.5400     0.0470     0.0901    4.96143   4427.833     106269          1  0.000e+00
   2517.989     2.2450     2.2442   3.197947   3.198123     1.5400     0.0470     0.0901    4.96187   4427.875     106270          1  0.000e+00
   2518.080     2.2453     2.2444   3.197917   3.198111     1.5400     0.0470     0.0901    4.96240   4427.917     106271          1  0.000e+00
   2517.957     2.2452     2.2446   3.197917   3.198123     1.5400     0.0470     0.0901    4.96281   4427.958     106272          1  0.000e+00
   2518.022     2.2453     2.2447   3.197923   3.198111     1.5400     0.0470     0.0901    4.96333   4428.000     106273          1  0.000e+00
   2517.924     2.2450     2.2448   3.197947   3.198186     1.5400     0.0470     0.0901    4.96376   4428.042     106274          1  0.000e+00
   2517.957     2.2451     2.2447   3.197935   3.198186     1.5400     0.0470     0.0901    4.96426   4428.083     106275          1  0.000e+00
   2517.891     2.2452     2.2451   3.197905   3.198142     1.5400     0.0470     0.0901    4.96470   4428.125     106276          1  0.000e+00
   2517.891     2.2451     2.2452   3.197935   3.198186     1.5400     0.0470     0.0901    4.96518   4428.167     106277          1  0.000e+00
   2517.866     2.2452     2.2452   3.197970   3.198167     1.5400     0.0470     0.0901    4.96562   4428.208     106278          1  0.000e+00
   2517.891     2.2451     2.2453   3.197941   3.198212     1.5400     0.0470     0.0901    4.96614   4428.250     106279          1  0.000e+00
   2517.834     2.2455     2.2458   3.197947   3.198186     1.5400     0.0592     0.0901    4.96653   4428.292     106280          1  0.000e+00
   2517.768     2.2454     2.2458   3.197976   3.198262     1.5400     0.0592     0.0901    4.96697   4428.333     106281          1  0.000e+00
   2517.801     2.2455     2.2458   3.197941   3.198243     1.5400     0.0592     0.0901    4.96748   4428.375     106282          1  0.000e+00
   2517.768     2.2457     2.2457   3.197988   3.198199     1.5400     0.0592     0.0901    4.96790   4428.417     106283          1  0.000e+00
   2517.768     2.2457     2.2458   3.197994   3.198211     1.5400     0.0592     0.0901    4.96838   4428.458     106284          1  0.000e+00
   2517.703     2.2459     2.2459   3.197964   3.198274     1.5388     0.0592     0.0901    4.95998   4428.500     106285          1  0.000e+00
   2517.637     2.2458     2.2459   3.197994   3.198230     1.5400     0.0592     0.0901    4.96647   4428.542     106286          1  0.000e+00
   2517.735     2.2456     2.2458   3.197994   3.198243     1.5400     0.0592     0.0901    4.96717   4428.583     106287          1  0.000e+00
   2517.637     2.2458     2.2461   3.197982   3.198243     1.5400     0.0592     0.0901    4.96768   4428.625     106288          1  0.000e+00
   2517.637     2.2461     2.2459   3.197982   3.198262     1.5400     0.0592     0.0901    4.96826   4428.667     106289          1  0.000e+00
   2517.637     2.2462     2.2459   3.197964   3.198300     1.5400     0.0592     0.0901    4.96886   4428.708     106290          1  0.000e+00
   2517.547     2.2461     2.2459   3.198042   3.198262     1.5400     0.0592     0.0901    4.96938   4428.750     106291          1  0.000e+00
   2517.580     2.2463     2.2458   3.198006   3.198243     1.5400     0.0592     0.0901    4.96999   4428.792     106292          1  0.000e+00
   2517.580     2.2462     2.2459   3.198000   3.198300     1.5400     0.0592     0.0901    4.97060   4428.833     106293          1  0.000e+00
   2517.514     2.2460     2.2457   3.197994   3.198230     1.5400     0.0592     0.0901    4.96818   4428.875     106294          1  0.000e+00
   2517.547     2.2462     2.2458   3.198024   3.198211     1.5400     0.0592     0.0901    4.96865   4428.917     106295          1  0.000e+00
   2517.449     2.2463     2.2457   3.198024   3.198230     1.5400     0.0592     0.0901    4.96905   4428.958     106296          1  0.000e+00
   2517.514     2.2464     2.2459   3.198030   3.198243     1.5400     0.0592     0.0901    4.96957   4429.000     106297          1  0.000e+00
   2517.778     2.2497     2.2485   3.198395   3.198508     1.5389     0.0470     0.0901    4.95722   4461.417     107075          2  0.000e+00
   2517.745     2.2500     2.2487   3.198378   3.198527     1.5389     0.0470     0.0901    4.95404   4461.458     107076          2  0.000e+00
   2517.843     2.2498     2.2487   3.198384   3.198539     1.5389     0.0470     0.0901    4.95100   4461.500     107077          2  0.000e+00
   2517.778     2.2505     2.2485   3.198395   3.198508     1.5389     0.0470     0.0901    4.94775   4461.542     107078          2  0.000e+00
   2517.778     2.2501     2.2487   3.198413   3.198558     1.5389     0.0470     0.0901    4.94767   4461.583     107079          2  0.000e+00
   2517.745     2.2501     2.2490   3.198443   3.198539     1.5389     0.0470     0.0901    4.94763   4461.625     107080          2  0.000e+00
   2517.966     2.2501     2.2491   3.198431   3.198596     1.5389     0.0470     0.0901    4.94489   4461.667     107081          2  0.000e+00
   2517.843     2.2498     2.2490   3.198443   3.198558     1.5389     0.0470     0.0901    4.94196   4461.708     107082          2  0.000e+00
   2517.843     2.2501     2.2488   3.198449   3.198571     1.5401     0.0470     0.0901    4.95087   4461.750     107083          2  0.000e+00
   2517.843     2.2509     2.2487   3.198467   3.198590     1.5401     0.0470     0.0901    4.95379   4461.792     107084          2  0.000e+00
   2517.876     2.2515     2.2487   3.198497   3.198571     1.5401     0.0470     0.0901    4.95673   4461.833     107085          2  0.000e+00
   2517.843     2.2519     2.2487   3.198527   3.198571     1.5401     0.0470     0.0901    4.95967   4461.875     107086          2  0.000e+00
   2517.901     2.2519     2.2485   3.198521   3.198558     1.5389     0.0470     0.0901    4.95089   4461.917     107087          2  0.000e+00
   2517.843     2.2517     2.2483   3.198527   3.198571     1.5389     0.0470     0.0901    4.95098   4461.958     107088          2  0.000e+00
   2517.933     2.2519     2.2488   3.198581   3.198527     1.5389     0.0470     0.0901    4.95124   4462.000     107089          2  0.000e+00
   2517.843     2.2519     2.2488   3.198557   3.198539     1.5389     0.0470     0.0901    4.94855   4462.042     107090          2  0.000e+00
   2517.966     2.2520     2.2490   3.198557   3.198571     1.5389     0.0470     0.0901    4.94597   4462.083     107091          2  0.000e+00
   2517.901     2.2519     2.2482   3.198587   3.198495     1.5401     0.0470     0.0901    4.95512   4462.125     107092          2  0.000e+00
   2517.933     2.2520     2.2479   3.198581   3.198539     1.5401     0.0470     0.0901    4.95837   4462.167     107093          2  0.000e+00
   2517.843     2.2520     2.2477   3.198569   3.198482     1.5389     0.0470     0.0901    4.95274   4462.208     107094          2  0.000e+00
   2517.966     2.2517     2.2477   3.198551   3.198495     1.5389     0.0470     0.0901    4.95034   4462.250     107095          2  0.000e+00
   2517.966     2.2517     2.2476   3.198539   3.198451     1.5401     0.0470     0.0901    4.95965   4462.292     107096          2  0.000e+00
   2517.933     2.2517     2.2476   3.198557   3.198438     1.5401     0.0470     0.0901    4.96299   4462.333     107097          2  0.000e+00
   2517.901     2.2515     2.2476   3.198551   3.198451     1.5401     0.0470     0.0901    4.96635   4462.375     107098          2  0.000e+00
   2517.966     2.2517     2.2480   3.198581   3.198482     1.5401     0.0470     0.0901    4.96973   4462.417     107099          2  0.000e+00
   2517.966     2.2517     2.2479   3.198557   3.198438     1.5389     0.0470     0.0901    4.96128   4462.458     107100          2  0.000e+00
   2517.966     2.2515     2.2476   3.198557   3.198482     1.5389     0.0470     0.0901    4.95877   4462.500     107101          2  0.000e+00
   2517.933     2.2517     2.2479   3.198527   3.198482     1.5389     0.0470     0.0901    4.95923   4462.542     107102          2  0.000e+00
   2517.966     2.2517     2.2480   3.198551   3.198495     1.5389     0.0470     0.0901    4.95984   4462.583     107103          2  0.000e+00
   2517.966     2.2519     2.2477   3.198569   3.198482     1.5389     0.0470     0.0901    4.96054   4462.625     107104          2  0.000e+00
   2517.966     2.2517     2.2477   3.198569   3.198495     1.5389     0.0470     0.0901    4.95839   4462.667     107105          2  0.000e+00
   2517.999     2.2520     2.2482   3.198551   3.198483     1.5401     0.0470     0.0901    4.96505   4462.708     107106          2  0.000e+00
   2517.966     2.2515     2.2483   3.198557   3.198482     1.5401     0.0470     0.0901    4.96868   4462.750     107107          2  0.000e+00
   2517.966     2.2519     2.2483   3.198527   3.198470     1.5401     0.0470     0.0901    4.96926   4462.792     107108          2  0.000e+00
   2517.966     2.2514     2.2487   3.198509   3.198508     1.5401     0.0470     0.0901    4.96980   4462.833     107109          2  0.000e+00
   2517.999     2.2511     2.2487   3.198509   3.198527     1.5401     0.0470     0.0901    4.97022   4462.875     107110          2  0.000e+00
   2517.966     2.2509     2.2483   3.198491   3.198508     1.5401     0.0470     0.0901    4.97347   4462.917     107111          2  0.000e+00
   2517.966     2.2514     2.2487   3.198497   3.198508     1.5401     0.0470     0.0901    4.97667   4462.958     107112          2  0.000e+00
   2518.032     2.2514     2.2485   3.198509   3.198527     1.5389     0.0470     0.0901    4.96812   4463.000     107113          2  0.000e+00
   2517.934     2.2507     2.2483   3.198491   3.198539     1.5389     0.0470     0.0901    4.96548   4463.042     107114          2  0.000e+00
   2517.966     2.2509     2.2487   3.198461   3.198482     1.5389     0.0470     0.0901    4.96286   4463.083     107115          2  0.000e+00
   2517.966     2.2509     2.2485   3.198449   3.198527     1.5389     0.0470     0.0901    4.96022   4463.125     107116          2  0.000e+00
   2517.966     2.2509     2.2487   3.198449   3.198508     1.5389     0.0470     0.0901    4.96058   4463.167     107117          2  0.000e+00
   2517.966     2.2507     2.2488   3.198431   3.198558     1.5389     0.0470     0.0901    4.96108   4463.208     107118          2  0.000e+00
   2517.934     2.2503     2.2490   3.198384   3.198539     1.5389     0.0470     0.0890    4.95872   4463.250     107119          2  0.000e+00
   2517.901     2.2500     2.2494   3.198425   3.198571     1.5389     0.0470     0.0901    4.95932   4463.292     107120          2  0.000e+00
   2517.966     2.2503     2.2499   3.198431   3.198615     1.5401     0.0470     0.0901    4.96888   4463.333     107121          2  0.000e+00
   2517.901     2.2501     2.2499   3.198437   3.198627     1.5401     0.0470     0.0901    4.97246   4463.375     107122          2  0.000e+00
   2517.934     2.2501     2.2499   3.198413   3.198627     1.5389     0.0470     0.0901    4.96426   4463.417     107123          2  0.000e+00
   2516.771     2.2544     2.2534   3.198724   3.198955     1.5389     0.0470     0.0901    4.95833   4472.875     107350          3  0.000e+00
   2516.771     2.2542     2.2531   3.198730   3.198974     1.5389     0.0470     0.0901    4.95823   4472.917     107351          3  0.000e+00
   2516.739     2.2542     2.2533   3.198742   3.198986     1.5389     0.0470     0.0901    4.95808   4472.958     107352          3  0.000e+00
   2516.771     2.2539     2.2535   3.198742   3.198911     1.5389     0.0470     0.0901    4.95802   4473.000     107353          3  0.000e+00
   2516.706     2.2541     2.2534   3.198724   3.198955     1.5389     0.0470     0.0901    4.95785   4473.042     107354          3  0.000e+00
   2516.640     2.2541     2.2534   3.198712   3.198986     1.5389     0.0470     0.0901    4.95769   4473.083     107355          3  0.000e+00
   2516.804     2.2541     2.2535   3.198730   3.198911     1.5389     0.0470     0.0901    4.95767   4473.125     107356          3  0.000e+00
   2516.583     2.2539     2.2535   3.198724   3.198955     1.5402     0.0470     0.0901    4.96625   4473.167     107357          3  0.000e+00
   2516.706     2.2539     2.2535   3.198712   3.198986     1.5389     0.0470     0.0901    4.96015   4473.208     107358          3  0.000e+00
   2516.706     2.2539     2.2534   3.198754   3.198942     1.5389     0.0470     0.0901    4.95990   4473.250     107359          3  0.000e+00
   2516.550     2.2541     2.2535   3.198712   3.199011     1.5389     0.0470     0.0901    4.95955   4473.292     107360          3  0.000e+00
   2516.640     2.2537     2.2534   3.198724   3.198923     1.5389     0.0470     0.0901    4.95940   4473.333     107361          3  0.000e+00
   2516.706     2.2539     2.2535   3.198724   3.198974     1.5389     0.0470     0.0901    4.95919   4473.375     107362          3  0.000e+00
