Cruise Data/Irminger_Sea-01_KN-221_2014-09-07/Ship Data/ctd/process_mlankhorst/KN22104005.ros
* Sea-Bird SBE 9 Data File:
* FileName = C:\Data\ctd\KN22104005.hdr
* Software Version Seasave V 7.21k
* Temperature SN = 4195
* Conductivity SN = 2147
* Number of Bytes Per Scan = 40
* Number of Voltage Words = 5
* Number of Scans Averaged by the Deck Unit = 1
* NMEA Latitude = 59 55.45 N
* NMEA Longitude = 039 30.56 W
* NMEA UTC (Time) = Sep 11 2014 22:48:32
** KN221-04 Chief Scientist: Bob Weller
** OOI Irminger Sea Sept. 2014
** Station: 005
** Knudsen Depth: 2715
# nquan = 13
# nvalues = 588                                   
# units = specified
# name 0 = prDM: Pressure, Digiquartz [db]
# name 1 = t090C: Temperature [ITS-90, deg C]
# name 2 = t190C: Temperature, 2 [ITS-90, deg C]
# name 3 = c0S/m: Conductivity [S/m]
# name 4 = c1S/m: Conductivity, 2 [S/m]
# name 5 = sbeox0V: Oxygen raw, SBE 43 [V]
# name 6 = flECO-AFL: Fluorescence, WET Labs ECO-AFL/FL [mg/m^3]
# name 7 = CStarAt0: Beam Attenuation, WET Labs C-Star [1/m]
# name 8 = sbeox0ML/L: Oxygen, SBE 43 [ml/l]
# name 9 = timeS: Time, Elapsed [seconds]
# name 10 = scan: Scan Count
# name 11 = nbf: Bottles Fired
# name 12 = flag:  0.000e+00
# interval = seconds: 0.0416667
# start_time = Sep 11 2014 22:48:32 [NMEA time, header]
# bad_flag = -9.990e-29
*END*
[from data line 112]
    499.320     3.9124     3.9116   3.260943   3.261089     1.9446     0.0226     0.0803    5.05297   2854.833      68517          3  0.000e+00
    499.439     3.9124     3.9114   3.260937   3.261089     1.9458     0.0226     0.0803    5.05815   2854.875      68518          3  0.000e+00
    499.375     3.9120     3.9113   3.260937   3.261089     1.9446     0.0226     0.0814    5.05338   2854.917      68519          3  0.000e+00
    499.439     3.9123     3.9107   3.260925   3.261057     1.9458     0.0226     0.0814    5.05855   2854.958      68520          3  0.000e+00
    499.439     3.9127     3.9107   3.260991   3.261000     1.9446     0.0348     0.0814    5.05376   2855.000      68521          3  0.000e+00
    499.494     3.9137     3.9108   3.261076   3.261000     1.9470     0.0226     0.0814    5.06446   2855.042      68522          3  0.000e+00
    499.494     3.9137     3.9104   3.261112   3.261000     1.9458     0.0226     0.0814    5.06103   2855.083      68523          3  0.000e+00
    499.494     3.9140     3.9105   3.261094   3.260994     1.9446     0.0348     0.0814    5.05629   2855.125      68524          3  0.000e+00
    499.558     3.9132     3.9102   3.261003   3.260968     1.9446     0.0226     0.0814    5.05471   2855.167      68525          3  0.000e+00
    499.558     3.9129     3.9102   3.261015   3.260937     1.9446     0.0348     0.0814    5.05300   2855.208      68526          3  0.000e+00
    499.558     3.9128     3.9108   3.260991   3.260968     1.9458     0.0226     0.0814    5.05687   2855.250      68527          3  0.000e+00
    499.613     3.9128     3.9113   3.261027   3.261083     1.9458     0.0226     0.0803    5.05776   2855.292      68528          3  0.000e+00
    499.613     3.9133     3.9113   3.261057   3.261146     1.9446     0.0226     0.0803    5.05297   2855.333      68529          3  0.000e+00
    499.677     3.9140     3.9118   3.261082   3.261146     1.9446     0.0226     0.0814    5.05256   2855.375      68530          3  0.000e+00
    499.613     3.9140     3.9116   3.261124   3.261121     1.9458     0.0226     0.0814    5.05776   2855.417      68531          3  0.000e+00
    499.558     3.9142     3.9118   3.261130   3.261114     1.9458     0.0348     0.0814    5.05732   2855.458      68532          3  0.000e+00
    499.835     3.9145     3.9122   3.261160   3.261210     1.9458     0.0226     0.0814    5.05703   2855.500      68533          3  0.000e+00
    499.732     3.9143     3.9126   3.261178   3.261178     1.9446     0.0226     0.0814    5.05089   2855.542      68534          3  0.000e+00
    499.677     3.9145     3.9129   3.261190   3.261241     1.9446     0.0348     0.0814    5.04904   2855.583      68535          3  0.000e+00
    499.733     3.9148     3.9134   3.261166   3.261292     1.9446     0.0348     0.0814    5.04862   2855.625      68536          3  0.000e+00
    499.796     3.9146     3.9131   3.261154   3.261241     1.9458     0.0348     0.0814    5.05389   2855.667      68537          3  0.000e+00
    499.733     3.9146     3.9126   3.261160   3.261299     1.9458     0.0348     0.0814    5.05613   2855.708      68538          3  0.000e+00
    499.733     3.9148     3.9124   3.261196   3.261267     1.9446     0.0348     0.0814    5.05149   2855.750      68539          3  0.000e+00
    499.796     3.9148     3.9126   3.261172   3.261172     1.9446     0.0348     0.0803    5.05127   2855.792      68540          3  0.000e+00
    499.796     3.9145     3.9126   3.261172   3.261178     1.9446     0.0348     0.0803    5.05108   2855.833      68541          3  0.000e+00
    499.796     3.9146     3.9131   3.261172   3.261178     1.9458     0.0348     0.0814    5.05649   2855.875      68542          3  0.000e+00
    499.796     3.9145     3.9129   3.261160   3.261241     1.9446     0.0348     0.0814    5.05207   2855.917      68543          3  0.000e+00
    499.852     3.9143     3.9132   3.261136   3.261292     1.9446     0.0348     0.0814    5.05066   2855.958      68544          3  0.000e+00
    499.733     3.9143     3.9135   3.261154   3.261330     1.9446     0.0348     0.0803    5.05046   2856.000      68545          3  0.000e+00
    499.852     3.9140     3.9140   3.261112   3.261362     1.9446     0.0348     0.0803    5.05054   2856.042      68546          3  0.000e+00
    499.796     3.9137     3.9139   3.261076   3.261330     1.9458     0.0348     0.0814    5.05613   2856.083      68547          3  0.000e+00
    499.852     3.9127     3.9139   3.261009   3.261324     1.9470     0.0348     0.0814    5.06319   2856.125      68548          3  0.000e+00
    499.852     3.9129     3.9142   3.260979   3.261387     1.9446     0.0348     0.0814    5.05456   2856.167      68549          3  0.000e+00
    499.796     3.9121     3.9140   3.260991   3.261362     1.9458     0.0348     0.0825    5.06018   2856.208      68550          3  0.000e+00
    499.852     3.9122     3.9140   3.260961   3.261362     1.9446     0.0348     0.0814    5.05594   2856.250      68551          3  0.000e+00
    103.236     5.0128     5.0117   3.346362   3.346487     2.0165     0.0470     0.0912    4.89443   3328.542      79886          4  0.000e+00
    103.236     5.0133     5.0117   3.346392   3.346519     2.0177     0.0470     0.0912    4.89858   3328.583      79887          4  0.000e+00
    103.299     5.0133     5.0117   3.346422   3.346526     2.0165     0.0470     0.0912    4.89383   3328.625      79888          4  0.000e+00
    103.236     5.0135     5.0117   3.346386   3.346519     2.0165     0.0470     0.0912    4.89405   3328.667      79889          4  0.000e+00
    103.299     5.0133     5.0117   3.346392   3.346493     2.0165     0.0470     0.0912    4.89441   3328.708      79890          4  0.000e+00
    103.236     5.0130     5.0117   3.346355   3.346487     2.0165     0.0470     0.0912    4.89477   3328.750      79891          4  0.000e+00
    103.331     5.0129     5.0115   3.346337   3.346461     2.0165     0.0470     0.0923    4.89414   3328.792      79892          4  0.000e+00
    103.299     5.0126     5.0113   3.346343   3.346487     2.0165     0.0470     0.0923    4.89343   3328.833      79893          4  0.000e+00
    103.236     5.0128     5.0115   3.346319   3.346487     2.0165     0.0470     0.0923    4.89268   3328.875      79894          4  0.000e+00
    103.354     5.0123     5.0116   3.346313   3.346429     2.0165     0.0470     0.0923    4.89210   3328.917      79895          4  0.000e+00
    103.299     5.0123     5.0117   3.346331   3.346519     2.0165     0.0470     0.0923    4.89245   3328.958      79896          4  0.000e+00
    103.354     5.0126     5.0115   3.346319   3.346461     2.0165     0.0470     0.0923    4.89290   3329.000      79897          4  0.000e+00
    103.299     5.0123     5.0117   3.346331   3.346455     2.0165     0.0348     0.0912    4.89337   3329.042      79898          4  0.000e+00
    103.299     5.0126     5.0118   3.346301   3.346493     2.0165     0.0348     0.0912    4.89278   3329.083      79899          4  0.000e+00
    103.331     5.0126     5.0117   3.346282   3.346487     2.0165     0.0348     0.0912    4.89224   3329.125      79900          4  0.000e+00
    103.354     5.0126     5.0120   3.346301   3.346487     2.0165     0.0348     0.0912    4.89167   3329.167      79901          4  0.000e+00
    103.299     5.0125     5.0124   3.346331   3.346526     2.0165     0.0348     0.0912    4.89217   3329.208      79902          4  0.000e+00
    103.299     5.0124     5.0122   3.346319   3.346487     2.0165     0.0348     0.0912    4.89275   3329.250      79903          4  0.000e+00
    103.355     5.0125     5.0123   3.346331   3.346558     2.0165     0.0348     0.0912    4.89229   3329.292      79904          4  0.000e+00
    103.299     5.0125     5.0125   3.346325   3.346545     2.0165     0.0348     0.0912    4.89287   3329.333      79905          4  0.000e+00
    103.299     5.0126     5.0124   3.346313   3.346583     2.0165     0.0348     0.0923    4.89352   3329.375      79906          4  0.000e+00
    103.331     5.0125     5.0125   3.346307   3.346577     2.0165     0.0348     0.0923    4.89426   3329.417      79907          4  0.000e+00
    103.355     5.0125     5.0122   3.346288   3.346577     2.0165     0.0348     0.0912    4.89503   3329.458      79908          4  0.000e+00
    103.300     5.0125     5.0124   3.346325   3.346558     2.0165     0.0348     0.0912    4.89468   3329.500      79909          4  0.000e+00
    103.300     5.0126     5.0122   3.346343   3.346545     2.0165     0.0348     0.0912    4.89435   3329.542      79910          4  0.000e+00
    103.300     5.0125     5.0123   3.346319   3.346558     2.0165     0.0348     0.0912    4.89406   3329.583      79911          4  0.000e+00
    103.300     5.0126     5.0126   3.346331   3.346519     2.0165     0.0348     0.0912    4.89373   3329.625      79912          4  0.000e+00
    103.237     5.0125     5.0133   3.346362   3.346615     2.0165     0.0348     0.0912    4.89339   3329.667      79913          4  0.000e+00
    103.300     5.0128     5.0134   3.346392   3.346577     2.0165     0.0348     0.0912    4.89308   3329.708      79914          4  0.000e+00
    103.268     5.0127     5.0133   3.346380   3.346673     2.0165     0.0348     0.0912    4.89276   3329.750      79915          4  0.000e+00
    103.237     5.0130     5.0133   3.346416   3.346679     2.0165     0.0348     0.0912    4.89350   3329.792      79916          4  0.000e+00
    103.237     5.0130     5.0138   3.346435   3.346641     2.0165     0.0348     0.0912    4.89323   3329.833      79917          4  0.000e+00
    103.237     5.0133     5.0141   3.346410   3.346647     2.0165     0.0348     0.0912    4.89294   3329.875      79918          4  0.000e+00
    103.182     5.0136     5.0141   3.346489   3.346699     2.0165     0.0348     0.0912    4.89258   3329.917      79919          4  0.000e+00
    103.237     5.0136     5.0146   3.346526   3.346737     2.0165     0.0348     0.0912    4.89234   3329.958      79920          4  0.000e+00
    103.182     5.0147     5.0147   3.346520   3.346699     2.0165     0.0348     0.0912    4.89194   3330.000      79921          4  0.000e+00
    103.213     5.0155     5.0146   3.346563   3.346731     2.0165     0.0470     0.0912    4.89270   3330.042      79922          4  0.000e+00
    103.182     5.0167     5.0150   3.346672   3.346705     2.0165     0.0348     0.0912    4.89232   3330.083      79923          4  0.000e+00
    103.127     5.0170     5.0162   3.346727   3.346763     2.0165     0.0348     0.0912    4.89311   3330.125      79924          4  0.000e+00
    103.182     5.0175     5.0170   3.346739   3.346801     2.0165     0.0348     0.0912    4.89402   3330.167      79925          4  0.000e+00
    103.182     5.0178     5.0181   3.346733   3.346948     2.0165     0.0470     0.0912    4.89496   3330.208      79926          4  0.000e+00
    103.064     5.0176     5.0193   3.346751   3.347013     2.0165     0.0470     0.0912    4.89480   3330.250      79927          4  0.000e+00
    103.127     5.0175     5.0201   3.346757   3.347102     2.0165     0.0348     0.0912    4.89477   3330.292      79928          4  0.000e+00
    103.095     5.0173     5.0207   3.346745   3.347198     2.0165     0.0348     0.0912    4.89468   3330.333      79929          4  0.000e+00
    103.127     5.0168     5.0209   3.346739   3.347256     2.0177     0.0348     0.0912    4.89965   3330.375      79930          4  0.000e+00
    103.064     5.0168     5.0209   3.346800   3.347288     2.0165     0.0348     0.0912    4.89552   3330.417      79931          4  0.000e+00
    103.064     5.0176     5.0207   3.346800   3.347288     2.0165     0.0348     0.0912    4.89531   3330.458      79932          4  0.000e+00
    103.009     5.0176     5.0210   3.346812   3.347346     2.0165     0.0348     0.0923    4.89514   3330.500      79933          4  0.000e+00
    103.064     5.0179     5.0213   3.346824   3.347352     2.0165     0.0348     0.0923    4.89611   3330.542      79934          4  0.000e+00
    103.221     5.0187     5.0223   3.346952   3.347474     2.0164     0.0470     0.0934    4.89373   3347.250      80335          5  0.000e+00
    103.245     5.0194     5.0223   3.346995   3.347532     2.0176     0.0470     0.0923    4.89835   3347.292      80336          5  0.000e+00
    103.245     5.0195     5.0228   3.347007   3.347506     2.0176     0.0470     0.0923    4.89903   3347.333      80337          5  0.000e+00
    103.245     5.0194     5.0228   3.347007   3.347468     2.0176     0.0470     0.0923    4.89971   3347.375      80338          5  0.000e+00
    103.308     5.0195     5.0228   3.347001   3.347532     2.0164     0.0470     0.0923    4.89646   3347.417      80339          5  0.000e+00
    103.072     5.0194     5.0229   3.346958   3.347532     2.0164     0.0470     0.0912    4.89594   3347.458      80340          5  0.000e+00
    103.245     5.0195     5.0233   3.347013   3.347564     2.0164     0.0470     0.0912    4.89562   3347.500      80341          5  0.000e+00
    103.158     5.0198     5.0231   3.346995   3.347532     2.0164     0.0470     0.0912    4.89515   3347.542      80342          5  0.000e+00
    103.245     5.0204     5.0229   3.347013   3.347564     2.0176     0.0470     0.0912    4.89975   3347.583      80343          5  0.000e+00
    103.135     5.0205     5.0231   3.347031   3.347532     2.0164     0.0470     0.0912    4.89528   3347.625      80344          5  0.000e+00
    103.245     5.0202     5.0231   3.347056   3.347500     2.0164     0.0470     0.0912    4.89493   3347.667      80345          5  0.000e+00
    103.135     5.0204     5.0229   3.347086   3.347596     2.0176     0.0470     0.0912    4.89938   3347.708      80346          5  0.000e+00
    103.135     5.0207     5.0231   3.347098   3.347564     2.0176     0.0470     0.0912    4.90102   3347.750      80347          5  0.000e+00
    103.135     5.0207     5.0228   3.347098   3.347564     2.0176     0.0470     0.0912    4.90269   3347.792      80348          5  0.000e+00
    103.158     5.0208     5.0229   3.347117   3.347532     2.0164     0.0470     0.0912    4.89936   3347.833      80349          5  0.000e+00
    103.135     5.0210     5.0229   3.347165   3.347564     2.0164     0.0470     0.0912    4.89888   3347.875      80350          5  0.000e+00
    103.135     5.0213     5.0229   3.347147   3.347506     2.0164     0.0470     0.0912    4.89841   3347.917      80351          5  0.000e+00
    103.072     5.0211     5.0235   3.347147   3.347564     2.0176     0.0470     0.0912    4.90294   3347.958      80352          5  0.000e+00
    103.135     5.0213     5.0231   3.347135   3.347532     2.0176     0.0470     0.0912    4.90354   3348.000      80353          5  0.000e+00
    103.135     5.0211     5.0233   3.347147   3.347532     2.0164     0.0470     0.0912    4.90019   3348.042      80354          5  0.000e+00
    103.017     5.0211     5.0233   3.347178   3.347532     2.0164     0.0470     0.0912    4.89961   3348.083      80355          5  0.000e+00
    103.103     5.0214     5.0231   3.347147   3.347564     2.0176     0.0470     0.0912    4.90416   3348.125      80356          5  0.000e+00
    103.072     5.0216     5.0229   3.347172   3.347532     2.0176     0.0470     0.0912    4.90464   3348.167      80357          5  0.000e+00
    103.017     5.0213     5.0231   3.347165   3.347500     2.0176     0.0470     0.0912    4.90512   3348.208      80358          5  0.000e+00
    103.072     5.0211     5.0231   3.347178   3.347532     2.0164     0.0348     0.0912    4.90061   3348.250      80359          5  0.000e+00
    103.017     5.0213     5.0233   3.347172   3.347564     2.0176     0.0348     0.0912    4.90494   3348.292      80360          5  0.000e+00
