Cruise Data/Irminger_Sea-01_KN-221_2014-09-07/Ship Data/ctd/process_mlankhorst/KN22104006.ros
* Sea-Bird SBE 9 Data File:
* FileName = C:\Data\ctd\KN22104006.hdr
* Software Version Seasave V 7.21k
* Temperature SN = 4195
* Conductivity SN = 2147
* Number of Bytes Per Scan = 40
* Number of Voltage Words = 5
* Number of Scans Averaged by the Deck Unit = 1
* NMEA Latitude = 59 57.97 N
* NMEA Longitude = 039 28.24 W
* NMEA UTC (Time) = Sep 12 2014 05:09:49
** KN221-04 Chief Scientist: Bob Weller
** OOI Irminger Sea Sept. 2014
** Station: 006
** Knudsen Depth: 2706
# nquan = 13
# nvalues = 588                                   
# units = specified
# name 0 = prDM: Pressure, Digiquartz [db]
# name 1 = t090C: Temperature [ITS-90, deg C]
# name 2 = t190C: Temperature, 2 [ITS-90, deg C]
# name 3 = c0S/m: Conductivity [S/m]
# name 4 = c1S/m: Conductivity, 2 [S/m]
# name 5 = sbeox0V: Oxygen raw, SBE 43 [V]
# name 6 = flECO-AFL: Fluorescence, WET Labs ECO-AFL/FL [mg/m^3]
# name 7 = CStarAt0: Beam Attenuation, WET Labs C-Star [1/m]
# name 8 = sbeox0ML/L: Oxygen, SBE 43 [ml/l]
# name 9 = timeS: Time, Elapsed [seconds]
# name 10 = scan: Scan Count
# name 11 = nbf: Bottles Fired
# name 12 = flag:  0.000e+00
# interval = seconds: 0.0416667
# start_time = Sep 12 2014 05:09:49 [NMEA time, header]
# bad_flag = -9.990e-29
*END*
[from data line 556]
     24.224     9.1738     9.1728   3.710619   3.710893     2.2087     1.8663     0.3931    4.93953   7776.042     186626         12  0.000e+00
     24.287     9.1738     9.1729   3.710625   3.710846     2.2074     1.8663     0.3931    4.93569   7776.083     186627         12  0.000e+00
     24.224     9.1740     9.1732   3.710638   3.710960     2.2074     1.8663     0.3943    4.93530   7776.125     186628         12  0.000e+00
     24.287     9.1738     9.1731   3.710638   3.710913     2.2074     1.8663     0.3955    4.93507   7776.167     186629         12  0.000e+00
     24.255     9.1739     9.1729   3.710657   3.710926     2.2087     1.8663     0.3967    4.93908   7776.208     186630         12  0.000e+00
     24.287     9.1739     9.1733   3.710689   3.710880     2.2087     1.8663     0.3955    4.93960   7776.250     186631         12  0.000e+00
     24.287     9.1740     9.1731   3.710682   3.710860     2.2087     1.8663     0.3955    4.94010   7776.292     186632         12  0.000e+00
     24.287     9.1739     9.1733   3.710689   3.710880     2.2087     1.8663     0.3955    4.94062   7776.333     186633         12  0.000e+00
     24.287     9.1740     9.1731   3.710663   3.710926     2.2074     1.8663     0.3943    4.93683   7776.375     186634         12  0.000e+00
     24.310     9.1738     9.1730   3.710644   3.710880     2.2087     1.8663     0.3943    4.94094   7776.417     186635         12  0.000e+00
     24.287     9.1739     9.1732   3.710638   3.710926     2.2087     1.8663     0.3931    4.94147   7776.458     186636         12  0.000e+00
     24.287     9.1740     9.1728   3.710657   3.710913     2.2074     1.8663     0.3931    4.93770   7776.500     186637         12  0.000e+00
     24.287     9.1740     9.1731   3.710670   3.710893     2.2074     1.8663     0.3919    4.93670   7776.542     186638         12  0.000e+00
     24.342     9.1740     9.1732   3.710689   3.710880     2.2087     1.8663     0.3919    4.94003   7776.583     186639         12  0.000e+00
     24.310     9.1740     9.1731   3.710682   3.710893     2.2087     1.8663     0.3919    4.94055   7776.625     186640         12  0.000e+00
     24.287     9.1740     9.1729   3.710670   3.710913     2.2074     1.8663     0.3919    4.93679   7776.667     186641         12  0.000e+00
     24.342     9.1740     9.1733   3.710682   3.710893     2.2074     1.8663     0.3919    4.93584   7776.708     186642         12  0.000e+00
     24.342     9.1740     9.1731   3.710676   3.710813     2.2074     1.8663     0.3919    4.93484   7776.750     186643         12  0.000e+00
     24.342     9.1740     9.1733   3.710670   3.710960     2.2087     1.8663     0.3919    4.93814   7776.792     186644         12  0.000e+00
     24.373     9.1740     9.1732   3.710670   3.710913     2.2087     1.8663     0.3931    4.93871   7776.833     186645         12  0.000e+00
     24.342     9.1740     9.1732   3.710670   3.710860     2.2087     1.8663     0.3919    4.93923   7776.875     186646         12  0.000e+00
     24.342     9.1739     9.1732   3.710670   3.710913     2.2087     1.8663     0.3919    4.93979   7776.917     186647         12  0.000e+00
     24.342     9.1741     9.1733   3.710670   3.710960     2.2087     1.8663     0.3919    4.94031   7776.958     186648         12  0.000e+00
     24.287     9.1739     9.1734   3.710651   3.710880     2.2087     1.8663     0.3908    4.94084   7777.000     186649         12  0.000e+00
     24.491     9.1740     9.1733   3.710644   3.710926     2.2087     1.8663     0.3919    4.94071   7777.042     186650         12  0.000e+00
     24.342     9.1740     9.1734   3.710663   3.710880     2.2087     1.8663     0.3931    4.94112   7777.083     186651         12  0.000e+00
     24.404     9.1740     9.1732   3.710651   3.710893     2.2087     1.8663     0.3943    4.94167   7777.125     186652         12  0.000e+00
     24.404     9.1740     9.1732   3.710657   3.710913     2.2087     1.8663     0.3943    4.94138   7777.167     186653         12  0.000e+00
     24.373     9.1742     9.1731   3.710651   3.710926     2.2087     1.8663     0.3943    4.94183   7777.208     186654         12  0.000e+00
     24.404     9.1740     9.1732   3.710682   3.710880     2.2087     1.8663     0.3955    4.94234   7777.250     186655         12  0.000e+00
     24.460     9.1739     9.1732   3.710682   3.710926     2.2087     1.8663     0.3955    4.94286   7777.292     186656         12  0.000e+00
     24.404     9.1740     9.1735   3.710651   3.710913     2.2087     1.8663     0.3943    4.94330   7777.333     186657         12  0.000e+00
