Ship_data/Irminger/Irminger-5/ctd/process/ar30-03023.ros
* Sea-Bird SBE 9 Data File:
* FileName = D:\Data\ar30-03023.hdr
* Software Version Seasave V 7.23.2
* Temperature SN = 4312
* Conductivity SN = 2148
* Number of Bytes Per Scan = 44
* Number of Voltage Words = 5
* Number of Scans Averaged by the Deck Unit = 1
* NMEA Latitude = 62 03.51 N
* NMEA Longitude = 032 13.91 W
* NMEA UTC (Time) = Jun 22 2018  20:07:00
** Cruise ID: ar30-03
** Chief Sci: Macdonald
** Station #: 023
** Site ID: Irminger 5 CL2
# nquan = 13
# nvalues = 294                                   
# units = specified
# name 0 = prDM: Pressure, Digiquartz [db]
# name 1 = t090C: Temperature [ITS-90, deg C]
# name 2 = t190C: Temperature, 2 [ITS-90, deg C]
# name 3 = c0S/m: Conductivity [S/m]
# name 4 = c1S/m: Conductivity, 2 [S/m]
# name 5 = sbeox0V: Oxygen raw, SBE 43 [V]
# name 6 = flECO-AFL: Fluorescence, WET Labs ECO-AFL/FL [mg/m^3]
# name 7 = turbWETntu0: Turbidity, WET Labs ECO [NTU]
# name 8 = sal00: Salinity, Practical [PSU]
# name 9 = spar: SPAR/Surface Irradiance
# name 10 = scan: Scan Count
# name 11 = nbf: Bottles Fired
# name 12 = flag:  0.000e+00
# interval = seconds: 0.0416667
# start_time = Jun 22 2018 20:08:34 [System UTC, first data scan.]
# bad_flag = -9.990e-29
*END*
    154.323     5.1623     5.1534   3.359359   3.358625     2.3896    -0.3547     0.3873    34.9079 1.6180e+02       9782          1  0.000e+00
    154.556     5.1622     5.1536   3.359340   3.358607     2.3896    -0.3547     0.3873    34.9076 1.6180e+02       9783          1  0.000e+00
    154.315     5.1617     5.1538   3.359276   3.358625     2.3896    -0.3352     0.3873    34.9075 1.6405e+02       9784          1  0.000e+00
    154.387     5.1613     5.1550   3.359213   3.358668     2.3896    -0.3547     0.3873    34.9072 1.6405e+02       9785          1  0.000e+00
    154.315     5.1608     5.1581   3.359175   3.358746     2.3896    -0.3352     0.3922    34.9073 1.6405e+02       9786          1  0.000e+00
    154.491     5.1598     5.1616   3.359047   3.358939     2.3896    -0.3352     0.3922    34.9068 1.6405e+02       9787          1  0.000e+00
    154.443     5.1590     5.1629   3.358952   3.359398     2.3896    -0.3352     0.3922    34.9065 1.6405e+02       9788          1  0.000e+00
    154.491     5.1588     5.1641   3.358990   3.359597     2.3896    -0.3547     0.3873    34.9071 1.6405e+02       9789          1  0.000e+00
    154.556     5.1598     5.1644   3.359124   3.359700     2.3896    -0.3547     0.3873    34.9076 1.6405e+02       9790          1  0.000e+00
    154.491     5.1599     5.1639   3.359143   3.359724     2.3896    -0.3547     0.3873    34.9077 1.6405e+02       9791          1  0.000e+00
    154.564     5.1598     5.1610   3.359130   3.359760     2.3896    -0.3547     0.3873    34.9077 1.6405e+02       9792          1  0.000e+00
    154.556     5.1598     5.1590   3.359085   3.359507     2.3896    -0.3547     0.3922    34.9072 1.6180e+02       9793          1  0.000e+00
    154.612     5.1592     5.1581   3.359003   3.359181     2.3896    -0.3547     0.3873    34.9068 1.6405e+02       9794          1  0.000e+00
    154.620     5.1585     5.1581   3.358977   3.359090     2.3896    -0.3352     0.3922    34.9072 1.6405e+02       9795          1  0.000e+00
    154.612     5.1585     5.1585   3.358977   3.359078     2.3884    -0.3547     0.3873    34.9072 1.6405e+02       9796          1  0.000e+00
    154.612     5.1585     5.1592   3.358958   3.359211     2.3884    -0.3352     0.3873    34.9070 1.6405e+02       9797          1  0.000e+00
    154.684     5.1583     5.1597   3.358945   3.359235     2.3884    -0.3547     0.3873    34.9070 1.6405e+02       9798          1  0.000e+00
    154.668     5.1577     5.1590   3.358882   3.359241     2.3896    -0.3547     0.3922    34.9070 1.6405e+02       9799          1  0.000e+00
    154.668     5.1575     5.1585   3.358856   3.359241     2.3884    -0.3547     0.3873    34.9068 1.6405e+02       9800          1  0.000e+00
    154.684     5.1576     5.1586   3.358901   3.359145     2.3884    -0.3352     0.3922    34.9073 1.6405e+02       9801          1  0.000e+00
    154.668     5.1577     5.1586   3.358875   3.359151     2.3884    -0.3547     0.3922    34.9069 1.6405e+02       9802          1  0.000e+00
    154.732     5.1574     5.1583   3.358856   3.359145     2.3884    -0.3352     0.3873    34.9070 1.6405e+02       9803          1  0.000e+00
    154.732     5.1575     5.1582   3.358901   3.359120     2.3884    -0.3352     0.3873    34.9073 1.6405e+02       9804          1  0.000e+00
    154.740     5.1580     5.1579   3.358920   3.359114     2.3896    -0.3157     0.3922    34.9070 1.6405e+02       9805          1  0.000e+00
    154.668     5.1579     5.1576   3.358920   3.359090     2.3884    -0.3352     0.3873    34.9072 1.6405e+02       9806          1  0.000e+00
    154.732     5.1582     5.1578   3.358939   3.359060     2.3884    -0.3352     0.3922    34.9071 1.6405e+02       9807          1  0.000e+00
    154.740     5.1585     5.1576   3.358964   3.359114     2.3884    -0.3352     0.3873    34.9070 1.6405e+02       9808          1  0.000e+00
    154.732     5.1590     5.1578   3.358996   3.359060     2.3884    -0.3352     0.3873    34.9069 1.6405e+02       9809          1  0.000e+00
    154.789     5.1592     5.1576   3.359047   3.359048     2.3884    -0.3352     0.3873    34.9073 1.6405e+02       9810          1  0.000e+00
    154.740     5.1596     5.1575   3.359047   3.359090     2.3884    -0.3352     0.3922    34.9068 1.6405e+02       9811          1  0.000e+00
    154.732     5.1596     5.1577   3.359079   3.359078     2.3884    -0.3352     0.3873    34.9072 1.6180e+02       9812          1  0.000e+00
    154.732     5.1596     5.1575   3.359098   3.359060     2.3884    -0.3157     0.3922    34.9074 1.6405e+02       9813          1  0.000e+00
    154.789     5.1593     5.1571   3.359060   3.359060     2.3884    -0.3352     0.3873    34.9072 1.6405e+02       9814          1  0.000e+00
    154.740     5.1588     5.1575   3.358996   3.359048     2.3884    -0.3352     0.3922    34.9071 1.6180e+02       9815          1  0.000e+00
    154.732     5.1590     5.1576   3.358958   3.359000     2.3884    -0.3352     0.3873    34.9064 1.6405e+02       9816          1  0.000e+00
    154.789     5.1586     5.1578   3.358990   3.359048     2.3884    -0.3352     0.3922    34.9071 1.6405e+02       9817          1  0.000e+00
    154.740     5.1586     5.1579   3.358964   3.359060     2.3884    -0.3352     0.3922    34.9069 1.6405e+02       9818          1  0.000e+00
    154.732     5.1583     5.1579   3.358945   3.359114     2.3884    -0.3157     0.3922    34.9070 1.6180e+02       9819          1  0.000e+00
    154.789     5.1582     5.1581   3.358907   3.359090     2.3884    -0.3157     0.3922    34.9067 1.6405e+02       9820          1  0.000e+00
    154.740     5.1582     5.1583   3.358907   3.359120     2.3884    -0.3352     0.3873    34.9067 1.6180e+02       9821          1  0.000e+00
    154.732     5.1580     5.1581   3.358901   3.359145     2.3884    -0.3352     0.3873    34.9068 1.6180e+02       9822          1  0.000e+00
    154.732     5.1582     5.1581   3.358888   3.359120     2.3884    -0.3352     0.3873    34.9065 1.6405e+02       9823          1  0.000e+00
    154.740     5.1580     5.1581   3.358907   3.359078     2.3884    -0.3352     0.3922    34.9068 1.6405e+02       9824          1  0.000e+00
    154.732     5.1578     5.1583   3.358920   3.359090     2.3871    -0.3352     0.3873    34.9072 1.6405e+02       9825          1  0.000e+00
    154.732     5.1580     5.1584   3.358939   3.359120     2.3884    -0.3352     0.3922    34.9072 1.6405e+02       9826          1  0.000e+00
    154.732     5.1583     5.1586   3.358964   3.359048     2.3884    -0.3352     0.3873    34.9072 1.6405e+02       9827          1  0.000e+00
    154.684     5.1586     5.1582   3.359022   3.359090     2.3884    -0.3547     0.3873    34.9076 1.6405e+02       9828          1  0.000e+00
    154.732     5.1593     5.1581   3.359041   3.359114     2.3871    -0.3352     0.3922    34.9071 1.6180e+02       9829          1  0.000e+00
    154.668     5.1596     5.1581   3.359079   3.359060     2.3871    -0.3352     0.3873    34.9072 1.6180e+02       9830          1  0.000e+00
    103.769     5.1884     5.1869   3.357234   3.357251     2.5205    -0.0031     0.4215    34.8827 1.8203e+02      13417          2  0.000e+00
    103.713     5.1883     5.1871   3.357227   3.357323     2.5205    -0.0031     0.4215    34.8827 1.8427e+02      13418          2  0.000e+00
    103.769     5.1884     5.1871   3.357266   3.357281     2.5205    -0.0031     0.4215    34.8831 1.8203e+02      13419          2  0.000e+00
    103.697     5.1886     5.1869   3.357266   3.357263     2.5205    -0.0031     0.4215    34.8828 1.8203e+02      13420          2  0.000e+00
    103.713     5.1888     5.1872   3.357272   3.357281     2.5205    -0.0031     0.4215    34.8827 1.8427e+02      13421          2  0.000e+00
    103.769     5.1888     5.1871   3.357266   3.357263     2.5205    -0.0031     0.4215    34.8826 1.8427e+02      13422          2  0.000e+00
    103.713     5.1887     5.1876   3.357253   3.357281     2.5205    -0.0031     0.4215    34.8826 1.8427e+02      13423          2  0.000e+00
    103.761     5.1885     5.1876   3.357253   3.357263     2.5205    -0.0031     0.4215    34.8828 1.8427e+02      13424          2  0.000e+00
    103.713     5.1885     5.1879   3.357253   3.357281     2.5205    -0.0031     0.4215    34.8828 1.8427e+02      13425          2  0.000e+00
    103.713     5.1888     5.1879   3.357272   3.357323     2.5205    -0.0031     0.4215    34.8827 1.8427e+02      13426          2  0.000e+00
    103.761     5.1888     5.1874   3.357266   3.357311     2.5205    -0.0031     0.4215    34.8826 1.8427e+02      13427          2  0.000e+00
    103.713     5.1887     5.1874   3.357272   3.357311     2.5205    -0.0031     0.4215    34.8829 1.8427e+02      13428          2  0.000e+00
    103.769     5.1888     5.1877   3.357285   3.357293     2.5205    -0.0031     0.4215    34.8829 1.8427e+02      13429          2  0.000e+00
    103.713     5.1890     5.1876   3.357266   3.357311     2.5205    -0.0031     0.4215    34.8825 1.8203e+02      13430          2  0.000e+00
    103.761     5.1892     5.1876   3.357297   3.357293     2.5205    -0.0031     0.4215    34.8826 1.8427e+02      13431          2  0.000e+00
    103.713     5.1890     5.1876   3.357317   3.357311     2.5205    -0.0031     0.4215    34.8830 1.8427e+02      13432          2  0.000e+00
    103.713     5.1893     5.1877   3.357297   3.357293     2.5205    -0.0031     0.4215    34.8825 1.8427e+02      13433          2  0.000e+00
    103.713     5.1892     5.1879   3.357285   3.357341     2.5205    -0.0031     0.4215    34.8825 1.8427e+02      13434          2  0.000e+00
    103.697     5.1893     5.1877   3.357285   3.357323     2.5205    -0.0031     0.4215    34.8824 1.8427e+02      13435          2  0.000e+00
    103.769     5.1892     5.1876   3.357304   3.357281     2.5205    -0.0422     0.4166    34.8827 1.8427e+02      13436          2  0.000e+00
    103.649     5.1895     5.1877   3.357317   3.357323     2.5205    -0.1008     0.4117    34.8826 1.8427e+02      13437          2  0.000e+00
    103.697     5.1892     5.1877   3.357317   3.357341     2.5205    -0.1203     0.4068    34.8829 1.8427e+02      13438          2  0.000e+00
    103.713     5.1893     5.1880   3.357297   3.357354     2.5205    -0.1203     0.4117    34.8825 1.8427e+02      13439          2  0.000e+00
    103.713     5.1892     5.1884   3.357310   3.357311     2.5205    -0.1203     0.4068    34.8828 1.8427e+02      13440          2  0.000e+00
    103.649     5.1892     5.1887   3.357297   3.357384     2.5205    -0.1203     0.4117    34.8827 1.8427e+02      13441          2  0.000e+00
    103.697     5.1892     5.1889   3.357304   3.357402     2.5205    -0.1203     0.4068    34.8827 1.8427e+02      13442          2  0.000e+00
    103.649     5.1895     5.1890   3.357317   3.357384     2.5205    -0.1203     0.4068    34.8826 1.8427e+02      13443          2  0.000e+00
    103.713     5.1892     5.1887   3.357317   3.357432     2.5205    -0.1203     0.4117    34.8829 1.8427e+02      13444          2  0.000e+00
    103.649     5.1893     5.1886   3.357297   3.357372     2.5205    -0.1203     0.4068    34.8825 1.8427e+02      13445          2  0.000e+00
    103.641     5.1893     5.1886   3.357329   3.357444     2.5205    -0.1203     0.4117    34.8829 1.8427e+02      13446          2  0.000e+00
    103.649     5.1892     5.1882   3.357329   3.357402     2.5205    -0.1203     0.4068    34.8831 1.8427e+02      13447          2  0.000e+00
    103.593     5.1892     5.1882   3.357297   3.357384     2.5205    -0.1203     0.4117    34.8827 1.8427e+02      13448          2  0.000e+00
    103.649     5.1895     5.1879   3.357329   3.357372     2.5205    -0.1203     0.4068    34.8827 1.8427e+02      13449          2  0.000e+00
    103.585     5.1897     5.1879   3.357329   3.357353     2.5205    -0.1203     0.4068    34.8826 1.8427e+02      13450          2  0.000e+00
    103.649     5.1895     5.1876   3.357297   3.357341     2.5193    -0.1203     0.4117    34.8824 1.8427e+02      13451          2  0.000e+00
    103.593     5.1898     5.1876   3.357329   3.357353     2.5193    -0.1203     0.4117    34.8824 1.8427e+02      13452          2  0.000e+00
    103.585     5.1899     5.1872   3.357348   3.357311     2.5193    -0.1203     0.4117    34.8825 1.8427e+02      13453          2  0.000e+00
    103.593     5.1898     5.1871   3.357348   3.357263     2.5205    -0.1203     0.4068    34.8826 1.8427e+02      13454          2  0.000e+00
    103.536     5.1901     5.1871   3.357348   3.357281     2.5193    -0.1203     0.4117    34.8824 1.8427e+02      13455          2  0.000e+00
    103.593     5.1900     5.1874   3.357348   3.357263     2.5193    -0.1203     0.4117    34.8825 1.8427e+02      13456          2  0.000e+00
    103.520     5.1898     5.1874   3.357367   3.357311     2.5205    -0.1203     0.4068    34.8829 1.8427e+02      13457          2  0.000e+00
    103.593     5.1903     5.1876   3.357361   3.357323     2.5205    -0.1203     0.4068    34.8823 1.8427e+02      13458          2  0.000e+00
    103.536     5.1901     5.1877   3.357367   3.357311     2.5193    -0.1203     0.4068    34.8825 1.8427e+02      13459          2  0.000e+00
    103.472     5.1899     5.1879   3.357361   3.357311     2.5193    -0.1203     0.4068    34.8827 1.8427e+02      13460          2  0.000e+00
    103.520     5.1901     5.1879   3.357348   3.357293     2.5193    -0.1594     0.4068    34.8823 1.8652e+02      13461          2  0.000e+00
    103.536     5.1899     5.1879   3.357367   3.357341     2.5193    -0.1594     0.4117    34.8828 1.8427e+02      13462          2  0.000e+00
    103.472     5.1900     5.1880   3.357361   3.357323     2.5193    -0.1594     0.4117    34.8827 1.8427e+02      13463          2  0.000e+00
    103.520     5.1901     5.1879   3.357348   3.357311     2.5193    -0.1594     0.4117    34.8824 1.8427e+02      13464          2  0.000e+00
    103.472     5.1897     5.1877   3.357329   3.357263     2.5205    -0.1594     0.4068    34.8826 1.8427e+02      13465          2  0.000e+00
     43.109     6.9167     6.9340   3.511830   3.513929     2.6928     2.6929     0.5729    34.8794 2.0225e+02      17855          3  0.000e+00
     43.109     6.9145     6.9348   3.511791   3.514150     2.6916     2.6733     0.5729    34.8812 2.0225e+02      17856          3  0.000e+00
     42.997     6.9129     6.9332   3.511823   3.514494     2.6916     2.6929     0.5729    34.8832 2.0000e+02      17857          3  0.000e+00
     43.109     6.9122     6.9297   3.511862   3.514801     2.6916     2.6733     0.5729    34.8843 2.0225e+02      17858          3  0.000e+00
     42.997     6.9109     6.9286   3.511894   3.515059     2.6916     2.6929     0.5729    34.8861 2.0000e+02      17859          3  0.000e+00
     43.053     6.9106     6.9286   3.511972   3.514905     2.6916     2.6929     0.5729    34.8872 2.0225e+02      17860          3  0.000e+00
     43.053     6.9118     6.9283   3.511998   3.514654     2.6916     2.6733     0.5729    34.8863 2.0225e+02      17861          3  0.000e+00
     43.053     6.9134     6.9280   3.512076   3.514328     2.6928     2.6929     0.5729    34.8855 2.0000e+02      17862          3  0.000e+00
     42.997     6.9137     6.9354   3.512121   3.514181     2.6928     2.6929     0.5729    34.8857 2.0225e+02      17863          3  0.000e+00
     42.997     6.9142     6.9550   3.512167   3.514150     2.6916     2.6929     0.5729    34.8857 2.0225e+02      17864          3  0.000e+00
     42.997     6.9145     6.9602   3.512206   3.514702     2.6916     2.6929     0.5729    34.8858 2.0225e+02      17865          3  0.000e+00
     42.997     6.9147     6.9572   3.512219   3.515378     2.6916     2.6929     0.5729    34.8858 2.0000e+02      17866          3  0.000e+00
     42.997     6.9147     6.9530   3.512264   3.515753     2.6916     2.6929     0.5729    34.8863 2.0225e+02      17867          3  0.000e+00
