Ship_data/Irminger/Irminger-5/ctd/process/ar30-03021.ros
* Sea-Bird SBE 9 Data File:
* FileName = D:\Data\ar30-03021.hdr
* Software Version Seasave V 7.23.2
* Temperature SN = 4312
* Conductivity SN = 2148
* Number of Bytes Per Scan = 44
* Number of Voltage Words = 5
* Number of Scans Averaged by the Deck Unit = 1
* NMEA Latitude = 59 51.42 N
* NMEA Longitude = 039 13.43 W
* NMEA UTC (Time) = Jun 19 2018  18:21:51
** Cruise ID: ar30-03
** Chief Sci: Macdonald
** Station #: 021
** Site ID: Irminger 5 Gliders 2
** ctd cast to 1000 meters near OOI gliders
# nquan = 13
# nvalues = 980                                   
# units = specified
# name 0 = prDM: Pressure, Digiquartz [db]
# name 1 = t090C: Temperature [ITS-90, deg C]
# name 2 = t190C: Temperature, 2 [ITS-90, deg C]
# name 3 = c0S/m: Conductivity [S/m]
# name 4 = c1S/m: Conductivity, 2 [S/m]
# name 5 = sbeox0V: Oxygen raw, SBE 43 [V]
# name 6 = flECO-AFL: Fluorescence, WET Labs ECO-AFL/FL [mg/m^3]
# name 7 = turbWETntu0: Turbidity, WET Labs ECO [NTU]
# name 8 = sal00: Salinity, Practical [PSU]
# name 9 = spar: SPAR/Surface Irradiance
# name 10 = scan: Scan Count
# name 11 = nbf: Bottles Fired
# name 12 = flag:  0.000e+00
# interval = seconds: 0.0416667
# start_time = Jun 19 2018 18:21:51 [System UTC, first data scan.]
# bad_flag = -9.990e-29
*END*
[from data line 889]
      4.492     6.6034     6.5950   3.479082   3.478429     2.9057     6.9517     0.8952    34.8547 3.5057e+02      93614         19  0.000e+00
      4.436     6.6036     6.5965   3.479101   3.478399     2.9057     6.9517     0.8952    34.8548 3.5057e+02      93615         19  0.000e+00
      4.492     6.6037     6.5969   3.479088   3.478490     2.9057     6.9517     0.8952    34.8545 3.5281e+02      93616         19  0.000e+00
      4.492     6.6037     6.5965   3.479095   3.478588     2.9057     6.9517     0.8952    34.8546 3.5057e+02      93617         19  0.000e+00
      4.492     6.6036     6.5963   3.479088   3.478680     2.9057     6.9713     0.8952    34.8546 3.5281e+02      93618         19  0.000e+00
      4.436     6.6037     6.5958   3.479075   3.478588     2.9057     6.9517     0.8952    34.8544 3.5281e+02      93619         19  0.000e+00
      4.436     6.6036     6.5958   3.479056   3.478551     2.9057     6.9517     0.8952    34.8543 3.5057e+02      93620         19  0.000e+00
      4.436     6.6034     6.5956   3.479069   3.478527     2.9057     6.9517     0.8952    34.8546 3.5057e+02      93621         19  0.000e+00
      4.436     6.6032     6.5955   3.479056   3.478429     2.9057     6.9713     0.8952    34.8547 3.5281e+02      93622         19  0.000e+00
      4.436     6.6031     6.5954   3.478978   3.478429     2.9057     6.9517     0.8952    34.8540 3.5281e+02      93623         19  0.000e+00
      4.436     6.6010     6.5943   3.478836   3.478307     2.9057     6.9517     0.8952    34.8545 3.5057e+02      93624         19  0.000e+00
      4.436     6.5975     6.5944   3.478681   3.478362     2.9057     6.9517     0.8952    34.8563 3.5057e+02      93625         19  0.000e+00
      4.436     6.5967     6.5943   3.478623   3.478429     2.9057     6.9713     0.8952    34.8565 3.5057e+02      93626         19  0.000e+00
      4.372     6.5972     6.5931   3.478649   3.478429     2.9057     7.2643     0.8708    34.8563 3.5281e+02      93627         19  0.000e+00
      4.372     6.5975     6.5938   3.478668   3.478246     2.9057     7.4987     0.8513    34.8562 3.5281e+02      93628         19  0.000e+00
      4.372     6.5980     6.5953   3.478675   3.478362     2.9057     7.5183     0.8464    34.8558 3.5281e+02      93629         19  0.000e+00
      4.380     6.5987     6.5968   3.478655   3.478466     2.9057     7.5183     0.8464    34.8549 3.5281e+02      93630         19  0.000e+00
      4.372     6.5994     6.5969   3.478662   3.478558     2.9057     7.4792     0.8464    34.8543 3.5281e+02      93631         19  0.000e+00
      4.372     6.5998     6.5950   3.478649   3.478588     2.9057     7.4987     0.8464    34.8537 3.5057e+02      93632         19  0.000e+00
      4.316     6.5998     6.5943   3.478642   3.478429     2.9057     7.4987     0.8464    34.8536 3.5281e+02      93633         19  0.000e+00
      4.316     6.5995     6.5951   3.478623   3.478301     2.9057     7.4987     0.8464    34.8537 3.5281e+02      93634         19  0.000e+00
      4.316     6.5985     6.5954   3.478474   3.478276     2.9057     7.4987     0.8464    34.8531 3.5281e+02      93635         19  0.000e+00
      4.316     6.5961     6.5950   3.478190   3.478117     2.9057     7.4987     0.8464    34.8524 3.5281e+02      93636         19  0.000e+00
      4.316     6.5903     6.5926   3.477738   3.477964     2.9057     7.4987     0.8464    34.8532 3.5281e+02      93637         19  0.000e+00
      4.259     6.5836     6.5915   3.477260   3.477958     2.9056     7.4987     0.8464    34.8547 3.5506e+02      93638         19  0.000e+00
      4.259     6.5802     6.5894   3.477002   3.477836     2.9056     7.4987     0.8464    34.8554 3.5281e+02      93639         19  0.000e+00
      4.259     6.5778     6.5842   3.476860   3.477652     2.9056     7.4987     0.8464    34.8562 3.5281e+02      93640         19  0.000e+00
      4.259     6.5760     6.5760   3.476808   3.477340     2.9056     7.4987     0.8464    34.8575 3.5506e+02      93641         19  0.000e+00
      4.195     6.5752     6.5721   3.476699   3.476888     2.9056     7.4987     0.8464    34.8572 3.5506e+02      93642         19  0.000e+00
      4.195     6.5750     6.5704   3.476686   3.476649     2.9056     7.4987     0.8464    34.8572 3.5281e+02      93643         19  0.000e+00
      4.195     6.5757     6.5702   3.476679   3.476649     2.9056     7.4987     0.8464    34.8564 3.5281e+02      93644         19  0.000e+00
      4.195     6.5753     6.5699   3.476647   3.476588     2.9044     7.4987     0.8464    34.8564 3.5281e+02      93645         19  0.000e+00
      4.139     6.5742     6.5683   3.476569   3.476545     2.9056     7.4987     0.8464    34.8567 3.5506e+02      93646         19  0.000e+00
      4.139     6.5724     6.5677   3.476408   3.476368     2.9056     7.4987     0.8464    34.8568 3.5506e+02      93647         19  0.000e+00
      4.139     6.5706     6.5679   3.476266   3.476185     2.9044     7.4987     0.8464    34.8570 3.5506e+02      93648         19  0.000e+00
      4.139     6.5696     6.5682   3.476188   3.476136     2.9044     7.4987     0.8464    34.8572 3.5506e+02      93649         19  0.000e+00
      4.075     6.5690     6.5680   3.476124   3.476246     2.9056     7.4987     0.8464    34.8571 3.5506e+02      93650         19  0.000e+00
      4.083     6.5686     6.5672   3.476040   3.476215     2.9056     7.3229     0.8562    34.8566 3.5506e+02      93651         19  0.000e+00
      4.075     6.5674     6.5667   3.475943   3.476117     2.9044     7.1080     0.8708    34.8568 3.5506e+02      93652         19  0.000e+00
      4.019     6.5659     6.5663   3.475853   3.476074     2.9044     7.0494     0.8708    34.8573 3.5506e+02      93653         19  0.000e+00
      4.075     6.5654     6.5666   3.475808   3.475964     2.9044     7.0690     0.8708    34.8573 3.5506e+02      93654         19  0.000e+00
      3.963     6.5656     6.5667   3.475795   3.475934     2.9044     7.0690     0.8708    34.8570 3.5731e+02      93655         19  0.000e+00
      4.436     6.5770     6.5720   3.476731   3.476496     2.9056     7.3229     0.8806    34.8555 3.5281e+02      93832         20  0.000e+00
      4.436     6.5763     6.5685   3.476673   3.476515     2.9056     7.3425     0.8806    34.8556 3.5281e+02      93833         20  0.000e+00
      4.316     6.5760     6.5692   3.476686   3.476337     2.9056     7.3425     0.8806    34.8561 3.5281e+02      93834         20  0.000e+00
      4.612     6.5757     6.5725   3.476660   3.476185     2.9056     7.3425     0.8806    34.8560 3.5281e+02      93835         20  0.000e+00
      4.436     6.5750     6.5744   3.476641   3.476307     2.9056     7.3425     0.8806    34.8565 3.5281e+02      93836         20  0.000e+00
      4.380     6.5750     6.5767   3.476621   3.476545     2.9056     7.3425     0.8806    34.8564 3.5281e+02      93837         20  0.000e+00
      4.372     6.5747     6.5769   3.476608   3.476710     2.9056     7.3425     0.8806    34.8566 3.5281e+02      93838         20  0.000e+00
      4.372     6.5752     6.5760   3.476647   3.476839     2.9056     7.3425     0.8806    34.8565 3.5281e+02      93839         20  0.000e+00
      4.316     6.5761     6.5762   3.476783   3.476778     2.9056     7.3425     0.8806    34.8571 3.5281e+02      93840         20  0.000e+00
      4.380     6.5779     6.5769   3.476867   3.476796     2.9056     7.3425     0.8806    34.8562 3.5281e+02      93841         20  0.000e+00
      4.372     6.5789     6.5765   3.476931   3.476778     2.9056     7.3425     0.8806    34.8559 3.5281e+02      93842         20  0.000e+00
      4.316     6.5796     6.5764   3.476950   3.476808     2.9056     7.3425     0.8806    34.8554 3.5281e+02      93843         20  0.000e+00
      4.259     6.5794     6.5766   3.476950   3.476765     2.9056     7.3425     0.8806    34.8556 3.5281e+02      93844         20  0.000e+00
      4.380     6.5791     6.5765   3.476931   3.476778     2.9056     7.1276     0.8806    34.8556 3.5281e+02      93845         20  0.000e+00
      4.259     6.5789     6.5764   3.476937   3.476839     2.9056     6.8345     0.8757    34.8560 3.5281e+02      93846         20  0.000e+00
      4.259     6.5798     6.5769   3.476970   3.476839     2.9056     6.7564     0.8757    34.8555 3.5281e+02      93847         20  0.000e+00
      4.316     6.5807     6.5767   3.477028   3.476796     2.9056     6.7759     0.8757    34.8551 3.5281e+02      93848         20  0.000e+00
      4.195     6.5806     6.5765   3.477067   3.476839     2.9056     6.7954     0.8757    34.8558 3.5506e+02      93849         20  0.000e+00
      4.259     6.5801     6.5762   3.477054   3.476808     2.9056     6.7954     0.8757    34.8561 3.5281e+02      93850         20  0.000e+00
      4.259     6.5794     6.5762   3.477002   3.476839     2.9056     6.7954     0.8757    34.8562 3.5281e+02      93851         20  0.000e+00
      4.195     6.5796     6.5762   3.476963   3.476857     2.9056     6.7954     0.8757    34.8556 3.5281e+02      93852         20  0.000e+00
      4.195     6.5798     6.5762   3.476950   3.476778     2.9056     6.7954     0.8757    34.8553 3.5506e+02      93853         20  0.000e+00
      4.195     6.5793     6.5760   3.476905   3.476808     2.9056     6.7954     0.8757    34.8553 3.5281e+02      93854         20  0.000e+00
      4.139     6.5785     6.5760   3.476866   3.476778     2.9056     6.7954     0.8757    34.8557 3.5506e+02      93855         20  0.000e+00
      4.139     6.5781     6.5757   3.476860   3.476735     2.9056     6.7954     0.8757    34.8560 3.5281e+02      93856         20  0.000e+00
      4.139     6.5781     6.5755   3.476879   3.476741     2.9056     6.7954     0.8757    34.8562 3.5506e+02      93857         20  0.000e+00
      4.083     6.5781     6.5754   3.476866   3.476741     2.9056     6.7954     0.8757    34.8561 3.5506e+02      93858         20  0.000e+00
      4.139     6.5783     6.5751   3.476860   3.476704     2.9044     6.7954     0.8757    34.8558 3.5506e+02      93859         20  0.000e+00
      4.075     6.5781     6.5741   3.476879   3.476710     2.9044     6.7759     0.8757    34.8562 3.5506e+02      93860         20  0.000e+00
      4.075     6.5783     6.5736   3.476847   3.476649     2.9044     6.7954     0.8757    34.8557 3.5281e+02      93861         20  0.000e+00
      4.019     6.5785     6.5726   3.476847   3.476527     2.9056     6.7954     0.8757    34.8556 3.5506e+02      93862         20  0.000e+00
      4.019     6.5786     6.5718   3.476860   3.476484     2.9056     6.7954     0.8757    34.8555 3.5506e+02      93863         20  0.000e+00
      4.019     6.5786     6.5715   3.476899   3.476398     2.9056     6.7759     0.8757    34.8560 3.5506e+02      93864         20  0.000e+00
      4.019     6.5786     6.5712   3.476918   3.476368     2.9056     6.7954     0.8757    34.8562 3.5506e+02      93865         20  0.000e+00
      4.019     6.5789     6.5710   3.476899   3.476356     2.9056     6.7954     0.8757    34.8557 3.5506e+02      93866         20  0.000e+00
      3.963     6.5791     6.5712   3.476905   3.476337     2.9056     6.7759     0.8757    34.8556 3.5506e+02      93867         20  0.000e+00
      3.963     6.5791     6.5714   3.476937   3.476368     2.9056     6.7954     0.8757    34.8559 3.5506e+02      93868         20  0.000e+00
      3.899     6.5792     6.5720   3.476931   3.476337     2.9056     6.8150     0.8708    34.8558 3.5506e+02      93869         20  0.000e+00
      3.899     6.5791     6.5718   3.476918   3.476325     2.9044     6.8345     0.8464    34.8557 3.5506e+02      93870         20  0.000e+00
      3.899     6.5789     6.5720   3.476918   3.476337     2.9056     6.8541     0.8415    34.8559 3.5506e+02      93871         20  0.000e+00
      3.907     6.5789     6.5723   3.476918   3.476368     2.9056     6.8541     0.8415    34.8559 3.5731e+02      93872         20  0.000e+00
      3.843     6.5789     6.5723   3.476899   3.476429     2.9056     6.8541     0.8415    34.8558 3.5506e+02      93873         20  0.000e+00
      3.899     6.5786     6.5720   3.476866   3.476356     2.9056     6.8541     0.8415    34.8557 3.5731e+02      93874         20  0.000e+00
      3.843     6.5783     6.5721   3.476860   3.476398     2.9044     6.8541     0.8415    34.8559 3.5506e+02      93875         20  0.000e+00
      3.843     6.5785     6.5720   3.476840   3.476398     2.9044     6.8541     0.8415    34.8556 3.5506e+02      93876         20  0.000e+00
      3.787     6.5780     6.5725   3.476847   3.476386     2.9056     6.8541     0.8415    34.8562 3.5506e+02      93877         20  0.000e+00
      3.787     6.5780     6.5731   3.476840   3.476429     2.9056     6.8541     0.8415    34.8561 3.5731e+02      93878         20  0.000e+00
      3.787     6.5780     6.5726   3.476808   3.476466     2.9056     6.8541     0.8415    34.8558 3.5506e+02      93879         20  0.000e+00
      3.787     6.5780     6.5728   3.476815   3.476466     2.9056     6.8541     0.8415    34.8558 3.5731e+02      93880         20  0.000e+00
