Ship_data/Irminger/Irminger-5/ctd/process/ar30-03005.ros
* Sea-Bird SBE 9 Data File:
* FileName = D:\Data\ar30-03005.hdr
* Software Version Seasave V 7.23.2
* Temperature SN = 4312
* Conductivity SN = 2148
* Number of Bytes Per Scan = 44
* Number of Voltage Words = 5
* Number of Scans Averaged by the Deck Unit = 1
* NMEA Latitude = 59 56.43 N
* NMEA Longitude = 039 31.38 W
* NMEA UTC (Time) = Jun 08 2018  18:14:14
** Cruise ID: ar30-03
** Chief Sci: Macdonald
** Station #: 005
** Site ID: Irminger 5 SUMO
** ctd cast at surface mooring
# nquan = 13
# nvalues = 1078                                  
# units = specified
# name 0 = prDM: Pressure, Digiquartz [db]
# name 1 = t090C: Temperature [ITS-90, deg C]
# name 2 = t190C: Temperature, 2 [ITS-90, deg C]
# name 3 = c0S/m: Conductivity [S/m]
# name 4 = c1S/m: Conductivity, 2 [S/m]
# name 5 = sbeox0V: Oxygen raw, SBE 43 [V]
# name 6 = flECO-AFL: Fluorescence, WET Labs ECO-AFL/FL [mg/m^3]
# name 7 = turbWETntu0: Turbidity, WET Labs ECO [NTU]
# name 8 = sal00: Salinity, Practical [PSU]
# name 9 = spar: SPAR/Surface Irradiance
# name 10 = scan: Scan Count
# name 11 = nbf: Bottles Fired
# name 12 = flag:  0.000e+00
# interval = seconds: 0.0416667
# start_time = Jun 08 2018 18:17:01 [System UTC, first data scan.]
# bad_flag = -9.990e-29
*END*
[from data line 1001]
      3.332     5.8247     5.8244   3.409022   3.409133     2.7439     3.1227     0.5778    34.8672 7.8653e+01     185645         21  0.000e+00
      3.452     5.8246     5.8244   3.409022   3.409133     2.7439     3.1031     0.5778    34.8672 7.8653e+01     185646         21  0.000e+00
      3.452     5.8247     5.8244   3.409106   3.409133     2.7439     3.1227     0.5778    34.8681 7.8653e+01     185647         21  0.000e+00
      3.508     5.8250     5.8243   3.409106   3.409133     2.7439     3.1227     0.5778    34.8678 7.8653e+01     185648         21  0.000e+00
      3.516     5.8249     5.8242   3.409074   3.409097     2.7439     3.1031     0.5778    34.8675 7.8653e+01     185649         21  0.000e+00
      3.572     5.8250     5.8245   3.407907   3.409194     2.7439     3.1227     0.5778    34.8541 7.8653e+01     185650         21  0.000e+00
      3.572     5.8249     5.8242   3.405370   3.409097     2.7439     3.1227     0.5778    34.8254 7.8653e+01     185651         21  0.000e+00
      3.685     5.8246     5.8242   3.407959   3.409145     2.7439     3.1227     0.5778    34.8550 7.8653e+01     185652         21  0.000e+00
      3.628     5.8246     5.8242   3.409061   3.409133     2.7439     3.1227     0.5778    34.8676 8.0900e+01     185653         21  0.000e+00
      3.693     5.8245     5.8242   3.409048   3.409097     2.7439     3.1227     0.5778    34.8676 7.8653e+01     185654         21  0.000e+00
      3.684     5.8247     5.8241   3.409054   3.409133     2.7439     3.1031     0.5778    34.8674 7.8653e+01     185655         21  0.000e+00
      3.749     5.8245     5.8242   3.409061   3.409133     2.7439     3.1031     0.5778    34.8677 7.8653e+01     185656         21  0.000e+00
      3.805     5.8246     5.8241   3.409061   3.409163     2.7439     3.0445     0.5875    34.8675 7.8653e+01     185657         21  0.000e+00
      3.805     5.8246     5.8242   3.409067   3.409097     2.7451     3.0055     0.5924    34.8676 7.8653e+01     185658         21  0.000e+00
      3.805     5.8246     5.8244   3.409067   3.409097     2.7451     3.0055     0.5924    34.8676 7.8653e+01     185659         21  0.000e+00
      3.861     5.8246     5.8242   3.409061   3.409163     2.7451     3.0055     0.5924    34.8675 7.8653e+01     185660         21  0.000e+00
      3.861     5.8244     5.8244   3.409093   3.409133     2.7451     3.0250     0.5924    34.8680 7.8653e+01     185661         21  0.000e+00
      3.925     5.8250     5.8242   3.409074   3.409133     2.7451     3.0055     0.5924    34.8672 7.8653e+01     185662         21  0.000e+00
      3.925     5.8247     5.8242   3.409061   3.409133     2.7451     3.0055     0.5924    34.8673 7.8653e+01     185663         21  0.000e+00
      3.981     5.8248     5.8242   3.409093   3.409133     2.7451     3.0055     0.5924    34.8676 7.8653e+01     185664         21  0.000e+00
      3.981     5.8249     5.8241   3.409119   3.409115     2.7451     3.0055     0.5924    34.8678 7.8653e+01     185665         21  0.000e+00
      4.045     5.8250     5.8243   3.409125   3.409097     2.7451     3.0250     0.5924    34.8677 7.8653e+01     185666         21  0.000e+00
      4.045     5.8252     5.8242   3.409125   3.409163     2.7451     3.0250     0.5924    34.8675 7.8653e+01     185667         21  0.000e+00
      4.045     5.8253     5.8247   3.409125   3.409163     2.7451     3.0055     0.5924    34.8674 7.8653e+01     185668         21  0.000e+00
      4.101     5.8254     5.8245   3.409106   3.409163     2.7451     3.0055     0.5924    34.8671 7.8653e+01     185669         21  0.000e+00
      4.101     5.8254     5.8244   3.409112   3.409194     2.7451     3.0250     0.5924    34.8671 7.8653e+01     185670         21  0.000e+00
      4.101     5.8252     5.8244   3.409112   3.409163     2.7451     3.0055     0.5924    34.8673 7.8653e+01     185671         21  0.000e+00
      4.165     5.8254     5.8244   3.409144   3.409163     2.7451     3.0055     0.5924    34.8674 7.8653e+01     185672         21  0.000e+00
      3.032     5.8253     5.8247   3.409061   3.409163     2.7475     2.9859     0.5778    34.8672 7.6406e+01     186330         22  0.000e+00
      2.920     5.8252     5.8250   3.409041   3.409133     2.7462     2.9664     0.5778    34.8671 7.6406e+01     186331         22  0.000e+00
      3.153     5.8251     5.8249   3.409035   3.409163     2.7475     2.9664     0.5778    34.8670 7.6406e+01     186332         22  0.000e+00
      3.040     5.8249     5.8244   3.409041   3.409163     2.7475     2.9664     0.5778    34.8674 7.6406e+01     186333         22  0.000e+00
      3.032     5.8251     5.8247   3.409054   3.409096     2.7475     2.9859     0.5778    34.8673 7.6406e+01     186334         22  0.000e+00
      3.032     5.8251     5.8248   3.409048   3.409163     2.7475     2.9273     0.5729    34.8673 7.6406e+01     186335         22  0.000e+00
      3.096     5.8251     5.8247   3.409054   3.409163     2.7475     2.7710     0.5582    34.8673 7.6406e+01     186336         22  0.000e+00
      2.976     5.8251     5.8245   3.409061   3.409224     2.7475     2.6929     0.5485    34.8674 7.6406e+01     186337         22  0.000e+00
      3.040     5.8250     5.8245   3.409067   3.409133     2.7475     2.6929     0.5485    34.8676 7.6406e+01     186338         22  0.000e+00
      2.976     5.8249     5.8245   3.409067   3.409133     2.7475     2.6929     0.5485    34.8677 7.6406e+01     186339         22  0.000e+00
      3.032     5.8250     5.8247   3.409041   3.409175     2.7475     2.7124     0.5485    34.8673 7.6406e+01     186340         22  0.000e+00
      3.032     5.8251     5.8245   3.409054   3.409133     2.7475     2.7124     0.5485    34.8673 7.6406e+01     186341         22  0.000e+00
      3.032     5.8254     5.8247   3.409067   3.409133     2.7475     2.7124     0.5485    34.8672 7.6406e+01     186342         22  0.000e+00
      3.040     5.8253     5.8247   3.409067   3.409163     2.7475     2.7124     0.5485    34.8673 7.6406e+01     186343         22  0.000e+00
      2.976     5.8252     5.8246   3.409080   3.409163     2.7475     2.6929     0.5485    34.8675 7.6406e+01     186344         22  0.000e+00
      3.096     5.8251     5.8247   3.409054   3.409163     2.7475     2.7124     0.5485    34.8673 7.6406e+01     186345         22  0.000e+00
      3.032     5.8251     5.8245   3.409080   3.409133     2.7475     2.7124     0.5485    34.8676 7.6406e+01     186346         22  0.000e+00
      3.032     5.8250     5.8247   3.409054   3.409133     2.7475     2.7124     0.5485    34.8674 7.6406e+01     186347         22  0.000e+00
      3.096     5.8251     5.8247   3.409035   3.409163     2.7475     2.7124     0.5485    34.8671 7.6406e+01     186348         22  0.000e+00
      3.096     5.8250     5.8247   3.409054   3.409163     2.7475     2.7124     0.5485    34.8674 7.6406e+01     186349         22  0.000e+00
      3.096     5.8247     5.8249   3.409080   3.409133     2.7475     2.7124     0.5485    34.8680 7.6406e+01     186350         22  0.000e+00
      3.096     5.8248     5.8245   3.409054   3.409163     2.7475     2.6929     0.5485    34.8676 7.6406e+01     186351         22  0.000e+00
      3.152     5.8249     5.8247   3.409061   3.409133     2.7475     2.7124     0.5485    34.8676 7.6406e+01     186352         22  0.000e+00
      3.152     5.8250     5.8246   3.409067   3.409145     2.7475     2.6929     0.5485    34.8675 7.6406e+01     186353         22  0.000e+00
      3.152     5.8249     5.8247   3.409061   3.409133     2.7475     2.7124     0.5485    34.8676 7.6406e+01     186354         22  0.000e+00
      3.209     5.8251     5.8245   3.409093   3.409163     2.7475     2.6929     0.5485    34.8676 7.6406e+01     186355         22  0.000e+00
      3.209     5.8252     5.8247   3.409073   3.409163     2.7475     2.7124     0.5485    34.8673 7.6406e+01     186356         22  0.000e+00
      3.273     5.8253     5.8247   3.409080   3.409133     2.7475     2.7124     0.5485    34.8673 7.6406e+01     186357         22  0.000e+00
      3.273     5.8251     5.8247   3.409054   3.409133     2.7475     2.6929     0.5485    34.8672 7.6406e+01     186358         22  0.000e+00
      3.273     5.8253     5.8245   3.409080   3.409194     2.7475     2.7320     0.5485    34.8673 7.6406e+01     186359         22  0.000e+00
      3.329     5.8251     5.8247   3.409093   3.409194     2.7475     3.2399     0.5875    34.8676 7.6406e+01     186360         22  0.000e+00
      3.393     5.8251     5.8247   3.409073   3.409163     2.7475     3.5134     0.6071    34.8673 7.6406e+01     186361         22  0.000e+00
      3.329     5.8251     5.8246   3.409067   3.409163     2.7475     3.5329     0.6071    34.8673 7.6406e+01     186362         22  0.000e+00
      3.449     5.8248     5.8247   3.409067   3.409133     2.7475     3.5134     0.6071    34.8676 7.6406e+01     186363         22  0.000e+00
      3.449     5.8249     5.8245   3.409061   3.409133     2.7474     3.4939     0.6071    34.8674 7.6406e+01     186364         22  0.000e+00
      3.449     5.8248     5.8245   3.409093   3.409194     2.7474     3.4939     0.6071    34.8679 7.6406e+01     186365         22  0.000e+00
      3.505     5.8249     5.8247   3.409099   3.409206     2.7474     3.4939     0.6071    34.8678 7.6406e+01     186366         22  0.000e+00
      3.569     5.8250     5.8247   3.409074   3.409133     2.7474     3.4939     0.6071    34.8674 7.6406e+01     186367         22  0.000e+00
      3.569     5.8249     5.8245   3.409093   3.409194     2.7474     3.4939     0.6071    34.8677 7.6406e+01     186368         22  0.000e+00
      3.625     5.8248     5.8245   3.409074   3.409163     2.7487     3.4939     0.6071    34.8676 7.6406e+01     186369         22  0.000e+00
      3.681     5.8249     5.8247   3.409061   3.409224     2.7474     3.4939     0.6071    34.8673 7.6406e+01     186370         22  0.000e+00
      3.681     5.8248     5.8247   3.409061   3.409163     2.7474     3.4939     0.6071    34.8674 7.4158e+01     186371         22  0.000e+00
      3.681     5.8247     5.8246   3.409048   3.409163     2.7474     3.4939     0.6071    34.8673 7.6406e+01     186372         22  0.000e+00
      3.745     5.8248     5.8245   3.409054   3.409163     2.7474     3.4939     0.6071    34.8673 7.6406e+01     186373         22  0.000e+00
      3.801     5.8249     5.8247   3.409080   3.409194     2.7474     3.4939     0.6071    34.8674 7.6406e+01     186374         22  0.000e+00
      3.801     5.8250     5.8244   3.409099   3.409194     2.7474     3.4939     0.6071    34.8676 7.6406e+01     186375         22  0.000e+00
      3.922     5.8249     5.8244   3.409074   3.409133     2.7474     3.4939     0.6071    34.8673 7.6406e+01     186376         22  0.000e+00
      3.866     5.8248     5.8244   3.409061   3.409194     2.7474     3.4939     0.6071    34.8673 7.6406e+01     186377         22  0.000e+00
      3.922     5.8249     5.8239   3.409093   3.409133     2.7474     3.4939     0.6071    34.8675 7.6406e+01     186378         22  0.000e+00
