Ship_data/Irminger/Irminger-5/ctd/process/ar30-03022.ros
* Sea-Bird SBE 9 Data File:
* FileName = D:\Data\ar30-03022.hdr
* Software Version Seasave V 7.23.2
* Temperature SN = 4312
* Conductivity SN = 2148
* Number of Bytes Per Scan = 44
* Number of Voltage Words = 5
* Number of Scans Averaged by the Deck Unit = 1
* NMEA Latitude = 61 39.37 N
* NMEA Longitude = 033 58.99 W
* NMEA UTC (Time) = Jun 22 2018  13:48:11
** Cruise ID: ar30-03
** Chief Sci: Macdonald
** Station #: 022
** Site ID: Irminger 5 CL1
** Shallow cast at sound source, just for lipid sampling
# nquan = 13
# nvalues = 343                                   
# units = specified
# name 0 = prDM: Pressure, Digiquartz [db]
# name 1 = t090C: Temperature [ITS-90, deg C]
# name 2 = t190C: Temperature, 2 [ITS-90, deg C]
# name 3 = c0S/m: Conductivity [S/m]
# name 4 = c1S/m: Conductivity, 2 [S/m]
# name 5 = sbeox0V: Oxygen raw, SBE 43 [V]
# name 6 = flECO-AFL: Fluorescence, WET Labs ECO-AFL/FL [mg/m^3]
# name 7 = turbWETntu0: Turbidity, WET Labs ECO [NTU]
# name 8 = sal00: Salinity, Practical [PSU]
# name 9 = spar: SPAR/Surface Irradiance
# name 10 = scan: Scan Count
# name 11 = nbf: Bottles Fired
# name 12 = flag:  0.000e+00
# interval = seconds: 0.0416667
# start_time = Jun 22 2018 13:48:11 [System UTC, first data scan.]
# bad_flag = -9.990e-29
*END*
    155.409     4.7633     4.7641   3.321536   3.321809     2.4128    -0.3547     0.3873    34.8866 6.4046e+02       9505          1  0.000e+00
    155.393     4.7631     4.7637   3.321505   3.321766     2.4128    -0.3547     0.3824    34.8864 6.4271e+02       9506          1  0.000e+00
    155.337     4.7631     4.7639   3.321505   3.321778     2.4116    -0.3352     0.3824    34.8864 6.4046e+02       9507          1  0.000e+00
    155.409     4.7633     4.7637   3.321517   3.321796     2.4116    -0.3547     0.3873    34.8864 6.4046e+02       9508          1  0.000e+00
    155.337     4.7631     4.7636   3.321473   3.321766     2.4116    -0.3547     0.3873    34.8861 6.4271e+02       9509          1  0.000e+00
    155.217     4.7629     4.7634   3.321454   3.321748     2.4116    -0.3352     0.3922    34.8861 6.4046e+02       9510          1  0.000e+00
    155.289     4.7629     4.7633   3.321479   3.321766     2.4116    -0.3547     0.3873    34.8864 6.4046e+02       9511          1  0.000e+00
    155.217     4.7629     4.7633   3.321467   3.321748     2.4116    -0.3352     0.3922    34.8862 6.4046e+02       9512          1  0.000e+00
    155.160     4.7629     4.7631   3.321454   3.321706     2.4128    -0.3547     0.3873    34.8861 6.4046e+02       9513          1  0.000e+00
    155.112     4.7628     4.7631   3.321454   3.321748     2.4116    -0.3352     0.3922    34.8863 6.4046e+02       9514          1  0.000e+00
    155.096     4.7628     4.7630   3.321416   3.321706     2.4116    -0.3352     0.3873    34.8859 6.4046e+02       9515          1  0.000e+00
    155.040     4.7626     4.7629   3.321416   3.321688     2.4116    -0.3547     0.3922    34.8861 6.4046e+02       9516          1  0.000e+00
    154.992     4.7628     4.7625   3.321441   3.321706     2.4116    -0.3352     0.3873    34.8862 6.4046e+02       9517          1  0.000e+00
    154.984     4.7626     4.7626   3.321416   3.321646     2.4116    -0.3547     0.3873    34.8861 6.4046e+02       9518          1  0.000e+00
    154.983     4.7626     4.7625   3.321435   3.321628     2.4116    -0.3547     0.3873    34.8863 6.4046e+02       9519          1  0.000e+00
    154.935     4.7626     4.7626   3.321435   3.321616     2.4116    -0.3352     0.3922    34.8864 6.4046e+02       9520          1  0.000e+00
    154.863     4.7626     4.7625   3.321384   3.321598     2.4116    -0.3547     0.3873    34.8858 6.4046e+02       9521          1  0.000e+00
    154.799     4.7623     4.7624   3.321384   3.321616     2.4116    -0.3352     0.3922    34.8862 6.4046e+02       9522          1  0.000e+00
    154.686     4.7622     4.7625   3.321352   3.321628     2.4116    -0.3547     0.3873    34.8860 6.3821e+02       9523          1  0.000e+00
    154.935     4.7619     4.7624   3.321352   3.321616     2.4116    -0.3547     0.3873    34.8861 6.3821e+02       9524          1  0.000e+00
    154.742     4.7620     4.7621   3.321346   3.321616     2.4116    -0.3352     0.3922    34.8861 6.3821e+02       9525          1  0.000e+00
    154.742     4.7620     4.7619   3.321352   3.321568     2.4116    -0.3547     0.3873    34.8861 6.3821e+02       9526          1  0.000e+00
    154.638     4.7618     4.7620   3.321320   3.321526     2.4116    -0.3547     0.3873    34.8860 6.3821e+02       9527          1  0.000e+00
    154.686     4.7618     4.7619   3.321327   3.321508     2.4116    -0.3352     0.3922    34.8860 6.3821e+02       9528          1  0.000e+00
    154.622     4.7617     4.7618   3.321340   3.321556     2.4116    -0.3547     0.3873    34.8864 6.3821e+02       9529          1  0.000e+00
    154.574     4.7620     4.7619   3.321333   3.321568     2.4116    -0.3547     0.3873    34.8860 6.3821e+02       9530          1  0.000e+00
    154.566     4.7621     4.7618   3.321352   3.321496     2.4116    -0.3547     0.3873    34.8861 6.3821e+02       9531          1  0.000e+00
    154.509     4.7620     4.7617   3.321384   3.321526     2.4104    -0.3547     0.3873    34.8866 6.3821e+02       9532          1  0.000e+00
    154.517     4.7623     4.7616   3.321352   3.321508     2.4116    -0.3547     0.3873    34.8859 6.3821e+02       9533          1  0.000e+00
    154.509     4.7620     4.7615   3.321333   3.321526     2.4116    -0.3352     0.3824    34.8860 6.3821e+02       9534          1  0.000e+00
    154.445     4.7622     4.7613   3.321333   3.321448     2.4116    -0.3352     0.3824    34.8859 6.3821e+02       9535          1  0.000e+00
    154.461     4.7622     4.7612   3.321352   3.321466     2.4116    -0.3547     0.3873    34.8861 6.3596e+02       9536          1  0.000e+00
    154.389     4.7618     4.7613   3.321320   3.321388     2.4116    -0.3547     0.3873    34.8861 6.3596e+02       9537          1  0.000e+00
    154.389     4.7620     4.7612   3.321301   3.321436     2.4116    -0.3547     0.3873    34.8857 6.3596e+02       9538          1  0.000e+00
    154.389     4.7616     4.7612   3.321301   3.321388     2.4116    -0.3547     0.3873    34.8861 6.3596e+02       9539          1  0.000e+00
    154.397     4.7618     4.7612   3.321301   3.321436     2.4116    -0.3547     0.3873    34.8859 6.3596e+02       9540          1  0.000e+00
    154.325     4.7615     4.7613   3.321263   3.321466     2.4116    -0.3352     0.3873    34.8859 6.3596e+02       9541          1  0.000e+00
    154.325     4.7617     4.7612   3.321282   3.321448     2.4116    -0.3352     0.3873    34.8859 6.3596e+02       9542          1  0.000e+00
    154.276     4.7617     4.7613   3.321263   3.321436     2.4116    -0.3547     0.3824    34.8857 6.3596e+02       9543          1  0.000e+00
    154.324     4.7615     4.7612   3.321263   3.321418     2.4104    -0.3547     0.3873    34.8859 6.3372e+02       9544          1  0.000e+00
    154.268     4.7612     4.7613   3.321276   3.321466     2.4104    -0.3547     0.3824    34.8864 6.3372e+02       9545          1  0.000e+00
    154.276     4.7613     4.7610   3.321257   3.321448     2.4116    -0.3547     0.3873    34.8860 6.3372e+02       9546          1  0.000e+00
    154.212     4.7612     4.7613   3.321225   3.321406     2.4116    -0.3352     0.3824    34.8858 6.3596e+02       9547          1  0.000e+00
    154.268     4.7610     4.7612   3.321213   3.321448     2.4116    -0.3547     0.3824    34.8858 6.3372e+02       9548          1  0.000e+00
    154.268     4.7610     4.7612   3.321213   3.321436     2.4116    -0.3547     0.3873    34.8858 6.3372e+02       9549          1  0.000e+00
    154.220     4.7610     4.7610   3.321193   3.321436     2.4116    -0.3352     0.3824    34.8856 6.3372e+02       9550          1  0.000e+00
    154.212     4.7609     4.7612   3.321200   3.321448     2.4116    -0.3352     0.3873    34.8858 6.3372e+02       9551          1  0.000e+00
    154.212     4.7610     4.7612   3.321174   3.321436     2.4116    -0.3352     0.3824    34.8854 6.3372e+02       9552          1  0.000e+00
    154.220     4.7609     4.7612   3.321193   3.321448     2.4116    -0.3547     0.3873    34.8858 6.3372e+02       9553          1  0.000e+00
    101.821     5.1574     5.1559   3.356418   3.356370     2.5022    -0.2375     0.4019    34.9067 4.5619e+02      14189          2  0.000e+00
    101.524     5.1574     5.1563   3.356443   3.356345     2.5022    -0.2375     0.4019    34.9072 4.5843e+02      14190          2  0.000e+00
    101.348     5.1571     5.1561   3.356443   3.356309     2.5022    -0.2375     0.4019    34.9076 4.5619e+02      14191          2  0.000e+00
    101.452     5.1572     5.1557   3.356418   3.356345     2.5022    -0.2375     0.4068    34.9071 4.5619e+02      14192          2  0.000e+00
    101.468     5.1571     5.1550   3.356386   3.356339     2.5022    -0.2375     0.4068    34.9069 4.5843e+02      14193          2  0.000e+00
    101.404     5.1567     5.1549   3.356354   3.356285     2.5022    -0.2375     0.4068    34.9069 4.5843e+02      14194          2  0.000e+00
    101.468     5.1564     5.1549   3.356303   3.356279     2.5022    -0.2375     0.4068    34.9066 4.5843e+02      14195          2  0.000e+00
    101.396     5.1565     5.1544   3.356303   3.356285     2.5022    -0.2375     0.4019    34.9065 4.5843e+02      14196          2  0.000e+00
    101.468     5.1564     5.1538   3.356329   3.356249     2.5022    -0.2375     0.4019    34.9069 4.5619e+02      14197          2  0.000e+00
    101.468     5.1569     5.1534   3.356361   3.356225     2.5022    -0.2375     0.4019    34.9067 4.5843e+02      14198          2  0.000e+00
    101.468     5.1574     5.1531   3.356418   3.356158     2.5022    -0.2375     0.4019    34.9069 4.5619e+02      14199          2  0.000e+00
    101.396     5.1579     5.1527   3.356475   3.356104     2.5022    -0.2375     0.4068    34.9071 4.5619e+02      14200          2  0.000e+00
    101.524     5.1583     5.1523   3.356475   3.356068     2.5022    -0.2375     0.4068    34.9065 4.5619e+02      14201          2  0.000e+00
    101.468     5.1580     5.1517   3.356443   3.355984     2.5022    -0.2375     0.4068    34.9065 4.5619e+02      14202          2  0.000e+00
    101.468     5.1580     5.1518   3.356437   3.355947     2.5022    -0.2375     0.4019    34.9064 4.5843e+02      14203          2  0.000e+00
    101.524     5.1578     5.1542   3.356437   3.355923     2.5022    -0.2375     0.4019    34.9066 4.5619e+02      14204          2  0.000e+00
    101.452     5.1577     5.1569   3.356456   3.356038     2.5022    -0.2375     0.4068    34.9070 4.5843e+02      14205          2  0.000e+00
    101.524     5.1578     5.1587   3.356443   3.356345     2.5035    -0.2375     0.4068    34.9067 4.5843e+02      14206          2  0.000e+00
    101.524     5.1575     5.1598   3.356367   3.356641     2.5022    -0.2375     0.4019    34.9061 4.5619e+02      14207          2  0.000e+00
    101.524     5.1572     5.1601   3.356322   3.356714     2.5022    -0.1984     0.4019    34.9059 4.5619e+02      14208          2  0.000e+00
    101.516     5.1571     5.1605   3.356329   3.356798     2.5022    -0.1984     0.3971    34.9062 4.5843e+02      14209          2  0.000e+00
    101.524     5.1569     5.1610   3.356322   3.356834     2.5022    -0.1984     0.3971    34.9063 4.5619e+02      14210          2  0.000e+00
    101.580     5.1569     5.1616   3.356354   3.356858     2.5022    -0.1984     0.3971    34.9066 4.5843e+02      14211          2  0.000e+00
    101.580     5.1569     5.1616   3.356373   3.356864     2.5022    -0.1984     0.3971    34.9068 4.5619e+02      14212          2  0.000e+00
    101.572     5.1569     5.1615   3.356418   3.356858     2.5022    -0.1984     0.3971    34.9073 4.5619e+02      14213          2  0.000e+00
    101.580     5.1572     5.1610   3.356392   3.356895     2.5022    -0.1984     0.3971    34.9067 4.5619e+02      14214          2  0.000e+00
    101.580     5.1569     5.1584   3.356329   3.356889     2.5022    -0.1984     0.3971    34.9063 4.5843e+02      14215          2  0.000e+00
    101.580     5.1566     5.1569   3.356271   3.356834     2.5022    -0.1984     0.4019    34.9060 4.5619e+02      14216          2  0.000e+00
    101.637     5.1562     5.1571   3.356233   3.356671     2.5022    -0.1984     0.3971    34.9059 4.5619e+02      14217          2  0.000e+00
    101.645     5.1564     5.1581   3.356310   3.356653     2.5022    -0.1984     0.3971    34.9065 4.5843e+02      14218          2  0.000e+00
    101.645     5.1571     5.1578   3.356412   3.356611     2.5022    -0.1984     0.4019    34.9071 4.5619e+02      14219          2  0.000e+00
    101.645     5.1578     5.1563   3.356437   3.356732     2.5035    -0.1984     0.3971    34.9066 4.5619e+02      14220          2  0.000e+00
    101.701     5.1579     5.1523   3.356456   3.356623     2.5022    -0.1984     0.3971    34.9067 4.5843e+02      14221          2  0.000e+00
    101.693     5.1588     5.1500   3.356533   3.356279     2.5022    -0.1984     0.3971    34.9066 4.5843e+02      14222          2  0.000e+00
    101.701     5.1590     5.1496   3.356488   3.356014     2.5022    -0.1984     0.3971    34.9059 4.5619e+02      14223          2  0.000e+00
    101.701     5.1577     5.1477   3.356373   3.355791     2.5022    -0.1984     0.3971    34.9060 4.5619e+02      14224          2  0.000e+00
    101.765     5.1562     5.1462   3.356189   3.355676     2.5022    -0.1984     0.3971    34.9053 4.5619e+02      14225          2  0.000e+00
    101.693     5.1552     5.1452   3.356131   3.355404     2.5022    -0.1984     0.3971    34.9058 4.5619e+02      14226          2  0.000e+00
    101.765     5.1553     5.1443   3.356170   3.355368     2.5022    -0.1984     0.3971    34.9061 4.5619e+02      14227          2  0.000e+00
    101.821     5.1564     5.1441   3.356259   3.355278     2.5022    -0.1984     0.3971    34.9059 4.5619e+02      14228          2  0.000e+00
    101.765     5.1569     5.1434   3.356265   3.355248     2.5022    -0.1984     0.3971    34.9055 4.5619e+02      14229          2  0.000e+00
    101.813     5.1564     5.1461   3.356208   3.355187     2.5022    -0.1984     0.3971    34.9053 4.5619e+02      14230          2  0.000e+00
    101.821     5.1558     5.1483   3.356125   3.355278     2.5022    -0.1984     0.4019    34.9050 4.5619e+02      14231          2  0.000e+00
    101.821     5.1558     5.1496   3.356144   3.355646     2.5022    -0.1984     0.4166    34.9052 4.5619e+02      14232          2  0.000e+00
    101.821     5.1559     5.1523   3.356201   3.355670     2.5022    -0.1984     0.4215    34.9057 4.5619e+02      14233          2  0.000e+00
    101.869     5.1556     5.1558   3.356182   3.355857     2.5022    -0.1984     0.4215    34.9058 4.5619e+02      14234          2  0.000e+00
    101.877     5.1553     5.1576   3.356093   3.356279     2.5022    -0.1984     0.4215    34.9052 4.5619e+02      14235          2  0.000e+00
    101.877     5.1537     5.1583   3.355915   3.356533     2.5022    -0.1984     0.4215    34.9048 4.5619e+02      14236          2  0.000e+00
    101.942     5.1527     5.1583   3.355858   3.356611     2.5022    -0.1984     0.4215    34.9050 4.5619e+02      14237          2  0.000e+00
     40.998     5.5521     5.5655   3.387185   3.388395     2.6061     0.7393     0.4801    34.8811 4.9664e+02      18832          3  0.000e+00
     41.174     5.5524     5.5666   3.387160   3.388389     2.6061     0.7393     0.4801    34.8803 4.9439e+02      18833          3  0.000e+00
     41.118     5.5518     5.5660   3.387172   3.388479     2.6061     0.7002     0.4801    34.8811 4.9664e+02      18834          3  0.000e+00
     41.118     5.5530     5.5636   3.387358   3.388492     2.6061     0.6416     0.4752    34.8820 4.9439e+02      18835          3  0.000e+00
     41.238     5.5554     5.5607   3.387594   3.388298     2.6061     0.6416     0.4752    34.8822 4.9439e+02      18836          3  0.000e+00
     41.238     5.5576     5.5586   3.387793   3.388001     2.6074     0.6416     0.4752    34.8822 4.9439e+02      18837          3  0.000e+00
     41.295     5.5597     5.5561   3.387997   3.387838     2.6061     0.6416     0.4752    34.8823 4.9439e+02      18838          3  0.000e+00
     41.295     5.5616     5.5537   3.388099   3.387650     2.6061     0.6416     0.4752    34.8815 4.9439e+02      18839          3  0.000e+00
     41.359     5.5608     5.5531   3.387869   3.387420     2.6074     0.6416     0.4752    34.8796 4.9439e+02      18840          3  0.000e+00
     41.359     5.5581     5.5542   3.387550   3.387341     2.6061     0.6416     0.4752    34.8789 4.9439e+02      18841          3  0.000e+00
     41.471     5.5552     5.5545   3.387281   3.387438     2.6061     0.6416     0.4752    34.8786 4.9439e+02      18842          3  0.000e+00
     41.471     5.5536     5.5547   3.387205   3.387511     2.6074     0.6416     0.4752    34.8795 4.9214e+02      18843          3  0.000e+00
     41.471     5.5524     5.5555   3.387160   3.387499     2.6074     0.6416     0.4752    34.8802 4.9214e+02      18844          3  0.000e+00
