Ship_data/Irminger/Irminger-5/ctd/process/ar30-03004.ros
* Sea-Bird SBE 9 Data File:
* FileName = D:\Data\ar30-03004.hdr
* Software Version Seasave V 7.23.2
* Temperature SN = 4230
* Conductivity SN = 2148
* Number of Bytes Per Scan = 44
* Number of Voltage Words = 5
* Number of Scans Averaged by the Deck Unit = 1
* NMEA Latitude = 60 38.27 N
* NMEA Longitude = 036 30.62 W
* NMEA UTC (Time) = Jun 07 2018  15:13:41
** Cruise ID: ar30-03
** Chief Sci: Macdonald
** Station #: 004
** Site ID: Irminger 5 OSNAP caldip2
** cast with 15 microcats attached
# nquan = 13
# nvalues = 588                                   
# units = specified
# name 0 = prDM: Pressure, Digiquartz [db]
# name 1 = t090C: Temperature [ITS-90, deg C]
# name 2 = t190C: Temperature, 2 [ITS-90, deg C]
# name 3 = c0S/m: Conductivity [S/m]
# name 4 = c1S/m: Conductivity, 2 [S/m]
# name 5 = sbeox0V: Oxygen raw, SBE 43 [V]
# name 6 = flECO-AFL: Fluorescence, WET Labs ECO-AFL/FL [mg/m^3]
# name 7 = turbWETntu0: Turbidity, WET Labs ECO [NTU]
# name 8 = sal00: Salinity, Practical [PSU]
# name 9 = spar: SPAR/Surface Irradiance
# name 10 = scan: Scan Count
# name 11 = nbf: Bottles Fired
# name 12 = flag:  0.000e+00
# interval = seconds: 0.0416667
# start_time = Jun 07 2018 15:13:41 [System UTC, first data scan.]
# bad_flag = -9.990e-29
*END*
[from data line 556]
      4.893     5.9351     5.9352   3.418742   3.418880     2.7133     0.7784     0.5192    34.8626 6.9889e+02     230522         12  0.000e+00
      4.949     5.9352     5.9356   3.418749   3.418850     2.7133     0.7784     0.5192    34.8626 6.9889e+02     230523         12  0.000e+00
      4.893     5.9352     5.9354   3.418742   3.418819     2.7133     0.7784     0.5192    34.8626 6.9889e+02     230524         12  0.000e+00
      4.893     5.9348     5.9354   3.418730   3.418850     2.7133     0.7784     0.5192    34.8628 7.0113e+02     230525         12  0.000e+00
      4.893     5.9345     5.9352   3.418710   3.418850     2.7133     0.7784     0.5192    34.8629 6.9889e+02     230526         12  0.000e+00
      4.949     5.9346     5.9354   3.418704   3.418819     2.7133     0.7784     0.5192    34.8626 6.9889e+02     230527         12  0.000e+00
      4.893     5.9348     5.9354   3.418698   3.418850     2.7133     0.7784     0.5192    34.8624 6.9889e+02     230528         12  0.000e+00
      4.893     5.9346     5.9356   3.418723   3.418850     2.7133     0.7784     0.5192    34.8629 6.9889e+02     230529         12  0.000e+00
      4.949     5.9348     5.9364   3.418730   3.418819     2.7133     0.7784     0.5192    34.8628 6.9889e+02     230530         12  0.000e+00
      4.949     5.9348     5.9362   3.418730   3.418910     2.7133     0.7588     0.5143    34.8628 6.9889e+02     230531         12  0.000e+00
      4.717     5.9346     5.9367   3.418710   3.418910     2.7121     0.7588     0.5094    34.8628 7.0113e+02     230532         12  0.000e+00
      5.133     5.9344     5.9364   3.418678   3.418971     2.7133     0.7588     0.5094    34.8625 6.9889e+02     230533         12  0.000e+00
      4.949     5.9342     5.9365   3.418672   3.418971     2.7133     0.7588     0.5094    34.8627 6.9889e+02     230534         12  0.000e+00
      4.893     5.9340     5.9357   3.418646   3.418910     2.7121     0.7588     0.5094    34.8626 6.9889e+02     230535         12  0.000e+00
      4.949     5.9339     5.9354   3.418640   3.418880     2.7133     0.7588     0.5094    34.8627 7.0113e+02     230536         12  0.000e+00
      5.013     5.9337     5.9349   3.418640   3.418850     2.7133     0.7588     0.5094    34.8629 6.9889e+02     230537         12  0.000e+00
      4.949     5.9337     5.9344   3.418621   3.418819     2.7133     0.7588     0.5094    34.8627 6.9889e+02     230538         12  0.000e+00
      4.949     5.9332     5.9342   3.418608   3.418783     2.7133     0.7588     0.5094    34.8630 6.9889e+02     230539         12  0.000e+00
      5.013     5.9332     5.9344   3.418563   3.418783     2.7121     0.7588     0.5094    34.8625 6.9889e+02     230540         12  0.000e+00
      4.949     5.9331     5.9344   3.418544   3.418783     2.7133     0.7588     0.5094    34.8625 6.9889e+02     230541         12  0.000e+00
      5.069     5.9322     5.9346   3.418505   3.418758     2.7133     0.7588     0.5094    34.8628 6.9889e+02     230542         12  0.000e+00
      5.013     5.9319     5.9339   3.418441   3.418752     2.7133     0.7588     0.5094    34.8624 6.9889e+02     230543         12  0.000e+00
      5.013     5.9316     5.9338   3.418441   3.418752     2.7121     0.7588     0.5094    34.8628 6.9889e+02     230544         12  0.000e+00
      5.013     5.9313     5.9341   3.418435   3.418752     2.7133     0.7588     0.5094    34.8630 6.9889e+02     230545         12  0.000e+00
      5.069     5.9313     5.9336   3.418422   3.418722     2.7133     0.7588     0.5094    34.8629 6.9889e+02     230546         12  0.000e+00
      5.013     5.9313     5.9328   3.418441   3.418722     2.7133     0.7588     0.5094    34.8631 6.9889e+02     230547         12  0.000e+00
      5.069     5.9319     5.9309   3.418499   3.418667     2.7133     0.7588     0.5094    34.8630 6.9664e+02     230548         12  0.000e+00
      5.069     5.9322     5.9312   3.418537   3.418570     2.7133     0.7588     0.5094    34.8632 6.9889e+02     230549         12  0.000e+00
      5.133     5.9322     5.9333   3.418524   3.418509     2.7133     0.7588     0.5094    34.8630 6.9889e+02     230550         12  0.000e+00
      5.069     5.9327     5.9334   3.418537   3.418600     2.7133     0.7588     0.5094    34.8627 6.9889e+02     230551         12  0.000e+00
      5.125     5.9316     5.9328   3.418338   3.418722     2.7133     0.7588     0.5094    34.8616 6.9889e+02     230552         12  0.000e+00
      5.125     5.9275     5.9324   3.417992   3.418698     2.7133     0.7588     0.5094    34.8618 6.9664e+02     230553         12  0.000e+00
