Ship_data/Irminger/Irminger-5/ctd/process/ar30-03008.cnv
* Sea-Bird SBE 9 Data File:
* FileName = D:\Data\ar30-03008.hdr
* Software Version Seasave V 7.23.2
* Temperature SN = 4312
* Conductivity SN = 2148
* Number of Bytes Per Scan = 44
* Number of Voltage Words = 5
* Number of Scans Averaged by the Deck Unit = 1
* NMEA Latitude = 59 43.05 N
* NMEA Longitude = 039 20.61 W
* NMEA UTC (Time) = Jun 11 2018  15:14:36
** Cruise ID: ar30-03
** Chief Sci: Macdonald
** Station #: 008
** Site ID: Irminger 5 FLMB
** ctd cast at FLMB with bottom release testing
# nquan = 18
# nvalues = 5671                        
# units = specified
# name 0 = prDM: Pressure, Digiquartz [db]
# name 1 = t090C: Temperature [ITS-90, deg C]
# name 2 = t190C: Temperature, 2 [ITS-90, deg C]
# name 3 = c0S/m: Conductivity [S/m]
# name 4 = c1S/m: Conductivity, 2 [S/m]
# name 5 = sbeox0V: Oxygen raw, SBE 43 [V]
# name 6 = flECO-AFL: Fluorescence, WET Labs ECO-AFL/FL [mg/m^3]
# name 7 = turbWETntu0: Turbidity, WET Labs ECO [NTU]
# name 8 = sal00: Salinity, Practical [PSU]
# name 9 = spar: SPAR/Surface Irradiance
# name 10 = depSM: Depth [salt water, m], lat = 59.7175
# name 11 = sal00: Salinity, Practical [PSU]
# name 12 = sal11: Salinity, Practical, 2 [PSU]
# name 13 = sbeox0ML/L: Oxygen, SBE 43 [ml/l], WS = 2
# name 14 = svCM: Sound Velocity [Chen-Millero, m/s]
# name 15 = sigma-é00: Density [sigma-theta, kg/m^3]
# name 16 = sigma-é11: Density, 2 [sigma-theta, kg/m^3]
# name 17 = flag: flag
# span 0 =      4.000,   2840.000       
# span 1 =     1.4483,     5.9051       
# span 2 =     1.4492,     5.9047       
# span 3 =   3.135999,   3.417254       
# span 4 =   3.136315,   3.417357       
# span 5 =     1.5267,     2.7875       
# span 6 =    -0.4345,     6.0453       
# span 7 =     0.3433,     0.6579       
# span 8 =    34.7009,    34.9313       
# span 9 = 2.1959e+02, 7.3296e+02       
# span 10 =      3.962,   2794.432      
# span 11 =    34.7029,    34.9307      
# span 12 =    34.8689,    34.9330      
# span 13 =     4.5297,     7.1960      
# span 14 =    1472.40,    1502.91      
# span 15 =    27.4614,    27.9374      
# span 16 =    27.4631,    27.9371      
# span 17 = 0.0000e+00, 0.0000e+00      
# interval = decibars: 1                
# start_time = Jun 11 2018 15:14:36 [System UTC, first data scan.]
# bad_flag = -9.990e-29
*END*
[from data line 4181]
   1495.000     3.4390     3.4395   3.260324   3.260430     2.0613    -0.3828     0.3582    34.8724 3.3903e+02   1475.645    34.8721    34.8728     6.3490    1488.79    27.7523    27.7528 0.0000e+00
   1494.000     3.4382     3.4384   3.260234   3.260304     2.0625    -0.3867     0.3618    34.8724 3.3349e+02   1474.661    34.8724    34.8729     6.3533    1488.77    27.7526    27.7530 0.0000e+00
   1493.000     3.4382     3.4382   3.260170   3.260220     2.0635    -0.3639     0.3591    34.8722 3.3393e+02   1473.678    34.8721    34.8726     6.3567    1488.75    27.7523    27.7528 0.0000e+00
   1492.000     3.4371     3.4369   3.260006   3.260040     2.0637    -0.3710     0.3602    34.8720 3.3657e+02   1472.694    34.8718    34.8724     6.3570    1488.73    27.7522    27.7527 0.0000e+00
   1491.000     3.4364     3.4369   3.259904   3.259998     2.0638    -0.3717     0.3604    34.8719 3.3671e+02   1471.711    34.8718    34.8724     6.3564    1488.71    27.7522    27.7527 0.0000e+00
   1490.000     3.4362     3.4364   3.259854   3.259919     2.0643    -0.3817     0.3613    34.8719 3.3216e+02   1470.727    34.8719    34.8725     6.3578    1488.69    27.7523    27.7528 0.0000e+00
   1489.000     3.4357     3.4353   3.259723   3.259745     2.0660    -0.3874     0.3596    34.8715 3.3269e+02   1469.744    34.8714    34.8720     6.3641    1488.67    27.7520    27.7525 0.0000e+00
   1488.000     3.4334     3.4329   3.259429   3.259442     2.0662    -0.3891     0.3623    34.8713 3.3477e+02   1468.760    34.8708    34.8715     6.3646    1488.64    27.7517    27.7523 0.0000e+00
   1487.000     3.4313     3.4312   3.259195   3.259223     2.0662    -0.3852     0.3592    34.8710 3.3524e+02   1467.776    34.8708    34.8712     6.3641    1488.62    27.7519    27.7522 0.0000e+00
   1486.000     3.4314     3.4316   3.259187   3.259243     2.0665    -0.3855     0.3621    34.8712 3.3068e+02   1466.793    34.8710    34.8715     6.3644    1488.60    27.7520    27.7524 0.0000e+00
   1485.000     3.4312     3.4310   3.259090   3.259117     2.0666    -0.3665     0.3629    34.8708 3.2870e+02   1465.809    34.8706    34.8712     6.3638    1488.58    27.7517    27.7522 0.0000e+00
   1484.000     3.4297     3.4296   3.258898   3.258936     2.0665    -0.3680     0.3619    34.8706 3.3201e+02   1464.826    34.8704    34.8709     6.3629    1488.56    27.7517    27.7521 0.0000e+00
   1483.000     3.4294     3.4295   3.258814   3.258875     2.0669    -0.3850     0.3600    34.8704 3.3596e+02   1463.842    34.8702    34.8708     6.3639    1488.54    27.7516    27.7521 0.0000e+00
   1482.000     3.4295     3.4297   3.258806   3.258883     2.0688    -0.3866     0.3638    34.8706 3.3393e+02   1462.858    34.8705    34.8712     6.3708    1488.53    27.7518    27.7523 0.0000e+00
   1481.000     3.4295     3.4295   3.258747   3.258789     2.0699    -0.3612     0.3580    34.8704 3.3419e+02   1461.875    34.8702    34.8708     6.3746    1488.51    27.7515    27.7520 0.0000e+00
   1480.000     3.4290     3.4290   3.258652   3.258701     2.0699    -0.3636     0.3630    34.8703 3.3682e+02   1460.891    34.8702    34.8707     6.3738    1488.49    27.7516    27.7520 0.0000e+00
   1479.000     3.4287     3.4287   3.258588   3.258637     2.0699    -0.3651     0.3673    34.8703 3.3706e+02   1459.907    34.8702    34.8708     6.3730    1488.47    27.7516    27.7521 0.0000e+00
   1478.000     3.4291     3.4291   3.258575   3.258620     2.0706    -0.4040     0.3597    34.8703 3.2955e+02   1458.924    34.8702    34.8707     6.3748    1488.46    27.7515    27.7519 0.0000e+00
   1477.000     3.4286     3.4287   3.258485   3.258541     2.0709    -0.3872     0.3629    34.8702 3.2993e+02   1457.940    34.8701    34.8707     6.3755    1488.44    27.7515    27.7520 0.0000e+00
   1476.000     3.4284     3.4282   3.258434   3.258470     2.0715    -0.3833     0.3594    34.8703 3.2897e+02   1456.957    34.8702    34.8708     6.3770    1488.42    27.7516    27.7521 0.0000e+00
   1475.000     3.4282     3.4276   3.258348   3.258339     2.0719    -0.3640     0.3565    34.8699 3.2811e+02   1455.973    34.8699    34.8704     6.3777    1488.40    27.7514    27.7518 0.0000e+00
   1474.000     3.4277     3.4273   3.258280   3.258269     2.0724    -0.3845     0.3622    34.8702 3.2844e+02   1454.989    34.8701    34.8704     6.3791    1488.39    27.7515    27.7518 0.0000e+00
   1473.000     3.4265     3.4269   3.258116   3.258195     2.0727    -0.3828     0.3619    34.8700 3.2537e+02   1454.006    34.8699    34.8705     6.3798    1488.36    27.7515    27.7519 0.0000e+00
   1472.000     3.4257     3.4253   3.257987   3.257985     2.0729    -0.3674     0.3587    34.8698 3.2493e+02   1453.022    34.8697    34.8701     6.3796    1488.34    27.7514    27.7517 0.0000e+00
   1471.000     3.4247     3.4245   3.257830   3.257837     2.0732    -0.3879     0.3605    34.8695 3.2280e+02   1452.038    34.8694    34.8698     6.3806    1488.32    27.7513    27.7516 0.0000e+00
   1470.000     3.4240     3.4238   3.257715   3.257727     2.0736    -0.3853     0.3651    34.8695 3.2321e+02   1451.055    34.8693    34.8697     6.3812    1488.30    27.7512    27.7516 0.0000e+00
   1469.000     3.4229     3.4229   3.257560   3.257598     2.0735    -0.3720     0.3651    34.8693 3.2359e+02   1450.071    34.8691    34.8696     6.3801    1488.28    27.7512    27.7516 0.0000e+00
   1468.000     3.4224     3.4226   3.257486   3.257554     2.0741    -0.3811     0.3622    34.8693 3.2267e+02   1449.087    34.8692    34.8698     6.3819    1488.26    27.7513    27.7518 0.0000e+00
   1467.000     3.4225     3.4222   3.257422   3.257437     2.0752    -0.3873     0.3629    34.8690 3.1955e+02   1448.104    34.8688    34.8694     6.3856    1488.25    27.7510    27.7515 0.0000e+00
   1466.000     3.4212     3.4208   3.257252   3.257250     2.0761    -0.3709     0.3623    34.8689 3.2005e+02   1447.120    34.8687    34.8691     6.3886    1488.22    27.7510    27.7514 0.0000e+00
   1465.000     3.4203     3.4203   3.257116   3.257164     2.0767    -0.3855     0.3601    34.8687 3.2116e+02   1446.136    34.8686    34.8691     6.3906    1488.20    27.7510    27.7514 0.0000e+00
   1464.000     3.4199     3.4199   3.257032   3.257083     2.0773    -0.3865     0.3597    34.8686 3.2243e+02   1445.152    34.8685    34.8691     6.3923    1488.18    27.7509    27.7514 0.0000e+00
   1463.000     3.4203     3.4202   3.257053   3.257086     2.0773    -0.3757     0.3580    34.8688 3.1829e+02   1444.169    34.8688    34.8693     6.3913    1488.17    27.7512    27.7515 0.0000e+00
   1462.000     3.4203     3.4199   3.256983   3.257006     2.0773    -0.3867     0.3545    34.8686 3.1814e+02   1443.185    34.8685    34.8691     6.3905    1488.15    27.7509    27.7514 0.0000e+00
   1461.000     3.4199     3.4200   3.256910   3.256953     2.0774    -0.3873     0.3567    34.8687 3.1875e+02   1442.201    34.8686    34.8689     6.3902    1488.13    27.7510    27.7513 0.0000e+00
   1460.000     3.4196     3.4196   3.256845   3.256898     2.0780    -0.3862     0.3608    34.8686 3.1698e+02   1441.218    34.8686    34.8691     6.3916    1488.12    27.7510    27.7514 0.0000e+00
   1459.000     3.4196     3.4196   3.256797   3.256853     2.0783    -0.3805     0.3583    34.8686 3.1361e+02   1440.234    34.8685    34.8691     6.3923    1488.10    27.7510    27.7514 0.0000e+00
   1458.000     3.4201     3.4201   3.256783   3.256835     2.0787    -0.3825     0.3594    34.8683 3.1473e+02   1439.250    34.8683    34.8689     6.3927    1488.08    27.7507    27.7512 0.0000e+00
   1457.000     3.4202     3.4205   3.256768   3.256840     2.0786    -0.3672     0.3628    34.8685 3.1566e+02   1438.266    34.8685    34.8691     6.3914    1488.07    27.7509    27.7513 0.0000e+00
   1456.000     3.4211     3.4216   3.256821   3.256907     2.0791    -0.3865     0.3588    34.8686 3.1681e+02   1437.283    34.8687    34.8692     6.3927    1488.06    27.7509    27.7512 0.0000e+00
   1455.000     3.4217     3.4221   3.256835   3.256915     2.0797    -0.3841     0.3582    34.8687 3.1585e+02   1436.299    34.8687    34.8692     6.3939    1488.04    27.7509    27.7512 0.0000e+00
   1454.000     3.4218     3.4219   3.256814   3.256864     2.0798    -0.3714     0.3578    34.8688 3.1196e+02   1435.315    34.8689    34.8694     6.3936    1488.03    27.7510    27.7514 0.0000e+00
   1453.000     3.4228     3.4231   3.256845   3.256918     2.0802    -0.3613     0.3630    34.8686 3.1508e+02   1434.331    34.8686    34.8692     6.3943    1488.01    27.7507    27.7511 0.0000e+00
   1452.000     3.4236     3.4238   3.256864   3.256941     2.0809    -0.3676     0.3596    34.8684 3.1733e+02   1433.348    34.8686    34.8692     6.3961    1488.00    27.7506    27.7511 0.0000e+00
   1451.000     3.4241     3.4242   3.256879   3.256936     2.0812    -0.3702     0.3601    34.8686 3.1745e+02   1432.364    34.8687    34.8692     6.3964    1487.98    27.7506    27.7510 0.0000e+00
   1450.000     3.4239     3.4239   3.256840   3.256887     2.0820    -0.3886     0.3597    34.8688 3.1553e+02   1431.380    34.8689    34.8694     6.3987    1487.97    27.7507    27.7512 0.0000e+00
   1449.000     3.4243     3.4245   3.256818   3.256872     2.0822    -0.3884     0.3582    34.8686 3.1789e+02   1430.396    34.8687    34.8692     6.3989    1487.95    27.7505    27.7509 0.0000e+00
   1448.000     3.4246     3.4247   3.256793   3.256844     2.0828    -0.3803     0.3580    34.8686 3.1961e+02   1429.412    34.8686    34.8691     6.4005    1487.94    27.7505    27.7509 0.0000e+00
   1447.000     3.4247     3.4248   3.256771   3.256827     2.0834    -0.3682     0.3580    34.8687 3.2015e+02   1428.429    34.8687    34.8694     6.4019    1487.92    27.7505    27.7510 0.0000e+00
   1446.000     3.4246     3.4246   3.256730   3.256784     2.0835    -0.3782     0.3625    34.8688 3.1623e+02   1427.445    34.8689    34.8695     6.4013    1487.90    27.7506    27.7511 0.0000e+00
   1445.000     3.4250     3.4252   3.256705   3.256774     2.0835    -0.3768     0.3629    34.8686 3.1451e+02   1426.461    34.8686    34.8693     6.4005    1487.89    27.7504    27.7509 0.0000e+00
   1444.000     3.4251     3.4252   3.256684   3.256740     2.0835    -0.3627     0.3629    34.8688 3.1583e+02   1425.477    34.8688    34.8693     6.3996    1487.87    27.7505    27.7509 0.0000e+00
   1443.000     3.4251     3.4252   3.256635   3.256685     2.0835    -0.3895     0.3586    34.8687 3.1665e+02   1424.494    34.8687    34.8692     6.3988    1487.86    27.7504    27.7508 0.0000e+00
   1442.000     3.4250     3.4250   3.256594   3.256654     2.0847    -0.3703     0.3581    34.8688 3.1381e+02   1423.510    34.8688    34.8695     6.4030    1487.84    27.7505    27.7511 0.0000e+00
   1441.000     3.4251     3.4253   3.256562   3.256624     2.0859    -0.3798     0.3580    34.8688 3.1121e+02   1422.526    34.8688    34.8693     6.4068    1487.82    27.7505    27.7509 0.0000e+00
   1440.000     3.4255     3.4256   3.256546   3.256602     2.0859    -0.3720     0.3599    34.8688 3.1328e+02   1421.542    34.8688    34.8693     6.4062    1487.81    27.7504    27.7509 0.0000e+00
   1439.000     3.4263     3.4265   3.256587   3.256648     2.0860    -0.3842     0.3618    34.8687 3.1455e+02   1420.558    34.8689    34.8694     6.4054    1487.79    27.7504    27.7508 0.0000e+00
   1438.000     3.4266     3.4263   3.256581   3.256592     2.0862    -0.3747     0.3589    34.8689 3.1290e+02   1419.574    34.8689    34.8694     6.4053    1487.78    27.7504    27.7508 0.0000e+00
   1437.000     3.4269     3.4272   3.256557   3.256619     2.0866    -0.3673     0.3629    34.8687 3.1304e+02   1418.591    34.8688    34.8693     6.4062    1487.76    27.7503    27.7507 0.0000e+00
   1436.000     3.4279     3.4277   3.256610   3.256639     2.0868    -0.3739     0.3616    34.8689 3.1303e+02   1417.607    34.8689    34.8695     6.4060    1487.75    27.7503    27.7508 0.0000e+00
   1435.000     3.4284     3.4278   3.256586   3.256596     2.0873    -0.3812     0.3618    34.8686 3.1310e+02   1416.623    34.8686    34.8693     6.4069    1487.74    27.7500    27.7506 0.0000e+00
   1434.000     3.4284     3.4282   3.256563   3.256586     2.0880    -0.3651     0.3602    34.8688 3.1520e+02   1415.639    34.8688    34.8694     6.4092    1487.72    27.7501    27.7506 0.0000e+00
   1433.000     3.4286     3.4286   3.256540   3.256591     2.0888    -0.3786     0.3628    34.8689 3.1526e+02   1414.655    34.8689    34.8695     6.4114    1487.70    27.7502    27.7507 0.0000e+00
   1432.000     3.4295     3.4289   3.256572   3.256566     2.0897    -0.3976     0.3629    34.8687 3.1711e+02   1413.671    34.8688    34.8693     6.4139    1487.69    27.7500    27.7505 0.0000e+00
   1431.000     3.4303     3.4307   3.256636   3.256700     2.0900    -0.3891     0.3610    34.8689 3.1883e+02   1412.688    34.8692    34.8696     6.4144    1487.68    27.7502    27.7505 0.0000e+00
   1430.000     3.4322     3.4324   3.256775   3.256840     2.0908    -0.3788     0.3585    34.8692 3.1939e+02   1411.704    34.8693    34.8699     6.4164    1487.67    27.7501    27.7506 0.0000e+00
   1429.000     3.4322     3.4318   3.256732   3.256757     2.0909    -0.3822     0.3610    34.8694 3.1731e+02   1410.720    34.8694    34.8700     6.4158    1487.65    27.7502    27.7507 0.0000e+00
   1428.000     3.4325     3.4326   3.256721   3.256769     2.0911    -0.3766     0.3617    34.8692 3.2046e+02   1409.736    34.8693    34.8698     6.4157    1487.64    27.7501    27.7505 0.0000e+00
   1427.000     3.4328     3.4329   3.256695   3.256746     2.0914    -0.3650     0.3583    34.8692 3.2296e+02   1408.752    34.8692    34.8698     6.4162    1487.62    27.7500    27.7504 0.0000e+00
   1426.000     3.4326     3.4326   3.256624   3.256686     2.0915    -0.3621     0.3626    34.8692 3.2500e+02   1407.768    34.8691    34.8698     6.4159    1487.60    27.7499    27.7505 0.0000e+00
   1425.000     3.4320     3.4320   3.256540   3.256587     2.0911    -0.3718     0.3629    34.8693 3.2544e+02   1406.784    34.8693    34.8698     6.4133    1487.59    27.7501    27.7505 0.0000e+00
   1424.000     3.4318     3.4321   3.256506   3.256572     2.0916    -0.3803     0.3609    34.8695 3.2046e+02   1405.800    34.8695    34.8701     6.4147    1487.57    27.7503    27.7507 0.0000e+00
   1423.000     3.4320     3.4322   3.256459   3.256509     2.0923    -0.3634     0.3588    34.8693 3.2135e+02   1404.817    34.8692    34.8697     6.4167    1487.55    27.7500    27.7504 0.0000e+00
   1422.000     3.4316     3.4318   3.256368   3.256446     2.0929    -0.3909     0.3630    34.8692 3.2345e+02   1403.833    34.8691    34.8698     6.4182    1487.53    27.7500    27.7505 0.0000e+00
   1421.000     3.4312     3.4314   3.256294   3.256351     2.0927    -0.3868     0.3629    34.8692 3.2380e+02   1402.849    34.8691    34.8696     6.4168    1487.52    27.7500    27.7504 0.0000e+00
   1420.000     3.4311     3.4312   3.256250   3.256311     2.0933    -0.3820     0.3601    34.8693 3.1632e+02   1401.865    34.8693    34.8699     6.4184    1487.50    27.7501    27.7506 0.0000e+00
   1419.000     3.4313     3.4316   3.256204   3.256275     2.0933    -0.4134     0.3580    34.8691 3.1557e+02   1400.881    34.8690    34.8695     6.4174    1487.48    27.7499    27.7503 0.0000e+00
   1418.000     3.4311     3.4312   3.256133   3.256201     2.0935    -0.3875     0.3629    34.8689 3.1877e+02   1399.897    34.8689    34.8696     6.4174    1487.46    27.7498    27.7503 0.0000e+00
   1417.000     3.4310     3.4312   3.256103   3.256168     2.0939    -0.3881     0.3569    34.8691 3.1950e+02   1398.913    34.8691    34.8696     6.4181    1487.45    27.7499    27.7504 0.0000e+00
   1416.000     3.4314     3.4315   3.256097   3.256155     2.0944    -0.3852     0.3543    34.8692 3.1925e+02   1397.929    34.8691    34.8697     6.4193    1487.43    27.7500    27.7504 0.0000e+00
