Ship_data/Irminger/Irminger-5/ctd/process/ar30-03013.ros
* Sea-Bird SBE 9 Data File:
* FileName = D:\Data\ar30-03013.hdr
* Software Version Seasave V 7.23.2
* Temperature SN = 4312
* Conductivity SN = 2148
* Number of Bytes Per Scan = 44
* Number of Voltage Words = 5
* Number of Scans Averaged by the Deck Unit = 1
* NMEA Latitude = 59 46.82 N
* NMEA Longitude = 039 49.61 W
* NMEA UTC (Time) = Jun 14 2018  20:15:22
** Cruise ID: ar30-03
** Chief Sci: Macdonald
** Station #: 013
** Site ID: Irminger 5 test cast
** test cast to 130 meters
# nquan = 13
# nvalues = 294                                   
# units = specified
# name 0 = prDM: Pressure, Digiquartz [db]
# name 1 = t090C: Temperature [ITS-90, deg C]
# name 2 = t190C: Temperature, 2 [ITS-90, deg C]
# name 3 = c0S/m: Conductivity [S/m]
# name 4 = c1S/m: Conductivity, 2 [S/m]
# name 5 = sbeox0V: Oxygen raw, SBE 43 [V]
# name 6 = flECO-AFL: Fluorescence, WET Labs ECO-AFL/FL [mg/m^3]
# name 7 = turbWETntu0: Turbidity, WET Labs ECO [NTU]
# name 8 = sal00: Salinity, Practical [PSU]
# name 9 = spar: SPAR/Surface Irradiance
# name 10 = scan: Scan Count
# name 11 = nbf: Bottles Fired
# name 12 = flag:  0.000e+00
# interval = seconds: 0.0416667
# start_time = Jun 14 2018 20:15:22 [System UTC, first data scan.]
# bad_flag = -9.990e-29
*END*
[from data line 223]
     15.730     5.5419     5.5425   3.382735   3.382860     2.7550     1.7747     0.5729    34.8540 3.6630e+02      23287          5  0.000e+00
     15.778     5.5419     5.5429   3.382735   3.382860     2.7550     1.7747     0.5729    34.8540 3.6405e+02      23288          5  0.000e+00
     15.730     5.5417     5.5432   3.382703   3.382860     2.7550     1.7747     0.5729    34.8538 3.6405e+02      23289          5  0.000e+00
     15.779     5.5417     5.5436   3.382671   3.382890     2.7550     1.7747     0.5729    34.8534 3.6405e+02      23290          5  0.000e+00
     15.730     5.5416     5.5434   3.382684   3.382860     2.7550     1.7747     0.5729    34.8538 3.6405e+02      23291          5  0.000e+00
     15.779     5.5417     5.5430   3.382691   3.382920     2.7550     1.7747     0.5729    34.8536 3.6405e+02      23292          5  0.000e+00
     15.787     5.5422     5.5431   3.382710   3.382950     2.7550     1.7747     0.5729    34.8534 3.6405e+02      23293          5  0.000e+00
     15.779     5.5424     5.5429   3.382722   3.382860     2.7538     1.7747     0.5729    34.8534 3.6630e+02      23294          5  0.000e+00
     15.787     5.5424     5.5429   3.382742   3.382890     2.7538     1.7942     0.5778    34.8535 3.6630e+02      23295          5  0.000e+00
     15.666     5.5422     5.5424   3.382710   3.382920     2.7538     1.8138     0.5778    34.8534 3.6405e+02      23296          5  0.000e+00
     15.843     5.5419     5.5422   3.382671   3.382920     2.7538     1.8138     0.5778    34.8532 3.6630e+02      23297          5  0.000e+00
     15.787     5.5419     5.5422   3.382678   3.382860     2.7538     1.8138     0.5778    34.8533 3.6405e+02      23298          5  0.000e+00
     15.843     5.5419     5.5424   3.382710   3.382860     2.7538     1.8138     0.5778    34.8537 3.6405e+02      23299          5  0.000e+00
     15.787     5.5422     5.5422   3.382742   3.382829     2.7538     1.8138     0.5778    34.8537 3.6405e+02      23300          5  0.000e+00
     15.779     5.5427     5.5427   3.382710   3.382890     2.7538     1.8138     0.5778    34.8529 3.6405e+02      23301          5  0.000e+00
     15.787     5.5427     5.5425   3.382710   3.382890     2.7538     1.8138     0.5778    34.8528 3.6405e+02      23302          5  0.000e+00
     15.779     5.5427     5.5425   3.382742   3.382860     2.7550     1.8138     0.5778    34.8532 3.6405e+02      23303          5  0.000e+00
     15.787     5.5427     5.5427   3.382754   3.382890     2.7550     1.8138     0.5778    34.8534 3.6405e+02      23304          5  0.000e+00
     15.779     5.5427     5.5430   3.382710   3.382890     2.7538     1.8138     0.5778    34.8529 3.6630e+02      23305          5  0.000e+00
     15.787     5.5427     5.5430   3.382691   3.382890     2.7538     1.8138     0.5778    34.8526 3.6630e+02      23306          5  0.000e+00
     15.843     5.5427     5.5427   3.382691   3.382860     2.7538     1.8138     0.5778    34.8526 3.6405e+02      23307          5  0.000e+00
     15.787     5.5424     5.5427   3.382710   3.382860     2.7538     1.8138     0.5778    34.8532 3.6405e+02      23308          5  0.000e+00
      2.286     6.0359     6.0433   3.425993   3.426769     2.7464     0.9542     0.5338    34.8421 3.5956e+02      25556          6  0.000e+00
      2.342     6.0354     6.0436   3.425910   3.426769     2.7464     0.9542     0.5338    34.8417 3.6180e+02      25557          6  0.000e+00
      2.222     6.0331     6.0460   3.425634   3.426672     2.7464     0.9542     0.5338    34.8410 3.5956e+02      25558          6  0.000e+00
      2.398     6.0297     6.0461   3.425339   3.426769     2.7464     0.9542     0.5338    34.8410 3.6180e+02      25559          6  0.000e+00
      2.342     6.0262     6.0454   3.425082   3.426982     2.7464     0.9542     0.5338    34.8417 3.5956e+02      25560          6  0.000e+00
      2.342     6.0242     6.0443   3.424928   3.427079     2.7464     0.9542     0.5338    34.8421 3.5956e+02      25561          6  0.000e+00
      2.342     6.0225     6.0434   3.424831   3.427079     2.7464     0.9542     0.5338    34.8427 3.5956e+02      25562          6  0.000e+00
      2.342     6.0212     6.0436   3.424806   3.427043     2.7464     0.9542     0.5338    34.8438 3.5956e+02      25563          6  0.000e+00
      2.342     6.0203     6.0436   3.424761   3.427049     2.7464     0.9542     0.5338    34.8443 3.5956e+02      25564          6  0.000e+00
      2.399     6.0194     6.0428   3.424722   3.426982     2.7464     0.9542     0.5338    34.8446 3.5956e+02      25565          6  0.000e+00
      2.342     6.0185     6.0417   3.424671   3.426952     2.7452     0.9542     0.5338    34.8450 3.5956e+02      25566          6  0.000e+00
      2.399     6.0180     6.0415   3.424555   3.426830     2.7464     0.9542     0.5338    34.8443 3.5956e+02      25567          6  0.000e+00
      2.399     6.0172     6.0417   3.424388   3.426769     2.7464     0.9542     0.5338    34.8432 3.5956e+02      25568          6  0.000e+00
      2.343     6.0149     6.0425   3.424202   3.426739     2.7464     0.9542     0.5338    34.8435 3.5956e+02      25569          6  0.000e+00
      2.399     6.0131     6.0434   3.424132   3.426702     2.7464     0.9542     0.5338    34.8445 3.5956e+02      25570          6  0.000e+00
      2.407     6.0129     6.0428   3.424080   3.426799     2.7464     0.9542     0.5338    34.8441 3.5956e+02      25571          6  0.000e+00
      2.463     6.0160     6.0412   3.424267   3.426799     2.7452     0.9542     0.5338    34.8430 3.5956e+02      25572          6  0.000e+00
      2.399     6.0189     6.0431   3.424523   3.426672     2.7464     0.9346     0.5338    34.8429 3.5956e+02      25573          6  0.000e+00
      2.399     6.0204     6.0444   3.424703   3.426678     2.7464     0.9151     0.5387    34.8434 3.5956e+02      25574          6  0.000e+00
      2.407     6.0221     6.0433   3.424857   3.426799     2.7464     0.8956     0.5387    34.8434 3.5956e+02      25575          6  0.000e+00
      2.463     6.0237     6.0422   3.424941   3.426952     2.7464     0.8956     0.5387    34.8427 3.5956e+02      25576          6  0.000e+00
      2.463     6.0245     6.0426   3.425050   3.426952     2.7464     0.8956     0.5387    34.8431 3.5956e+02      25577          6  0.000e+00
      2.399     6.0243     6.0434   3.425101   3.426951     2.7452     0.8956     0.5387    34.8439 3.5956e+02      25578          6  0.000e+00
      2.463     6.0253     6.0402   3.425268   3.426891     2.7452     0.8956     0.5387    34.8448 3.5956e+02      25579          6  0.000e+00
      2.463     6.0256     6.0375   3.425557   3.426800     2.7452     0.8956     0.5387    34.8477 3.5956e+02      25580          6  0.000e+00
      2.463     6.0259     6.0368   3.425846   3.426641     2.7452     0.8956     0.5387    34.8506 3.5956e+02      25581          6  0.000e+00
      2.463     6.0308     6.0402   3.425871   3.426587     2.7452     0.8956     0.5387    34.8459 3.5956e+02      25582          6  0.000e+00
      2.463     6.0347     6.0433   3.425897   3.426611     2.7464     0.8956     0.5387    34.8421 3.5956e+02      25583          6  0.000e+00
      2.463     6.0377     6.0425   3.426051   3.426708     2.7464     0.8956     0.5387    34.8408 3.5956e+02      25584          6  0.000e+00
      2.463     6.0403     6.0404   3.426192   3.426769     2.7452     0.8956     0.5387    34.8398 3.5956e+02      25585          6  0.000e+00
      2.519     6.0421     6.0388   3.426314   3.426672     2.7452     0.8956     0.5387    34.8392 3.5956e+02      25586          6  0.000e+00
      2.463     6.0426     6.0370   3.426507   3.426647     2.7452     0.8956     0.5387    34.8409 3.5956e+02      25587          6  0.000e+00
      2.463     6.0425     6.0360   3.426661   3.426459     2.7452     0.8956     0.5387    34.8427 3.5731e+02      25588          6  0.000e+00
      2.463     6.0430     6.0367   3.426668   3.426337     2.7452     0.8956     0.5387    34.8423 3.5956e+02      25589          6  0.000e+00
      2.519     6.0434     6.0402   3.426655   3.426301     2.7452     0.8956     0.5387    34.8418 3.5731e+02      25590          6  0.000e+00
      2.463     6.0435     6.0433   3.426725   3.426270     2.7452     0.8956     0.5387    34.8425 3.5956e+02      25591          6  0.000e+00
      2.519     6.0467     6.0425   3.426822   3.426307     2.7452     0.8956     0.5387    34.8403 3.5956e+02      25592          6  0.000e+00
      2.463     6.0479     6.0383   3.426796   3.426270     2.7452     0.8956     0.5387    34.8387 3.5731e+02      25593          6  0.000e+00
      2.519     6.0460     6.0360   3.426623   3.426277     2.7452     0.8956     0.5387    34.8387 3.5956e+02      25594          6  0.000e+00
      2.463     6.0434     6.0347   3.426404   3.426179     2.7452     0.8956     0.5387    34.8390 3.5956e+02      25595          6  0.000e+00
      2.519     6.0412     6.0337   3.426308   3.426052     2.7452     0.8956     0.5387    34.8401 3.5956e+02      25596          6  0.000e+00
      2.343     6.0402     6.0331   3.426327   3.425966     2.7452     0.8956     0.5387    34.8414 3.5956e+02      25597          6  0.000e+00
      2.639     6.0409     6.0324   3.426411   3.425900     2.7452     0.8565     0.5338    34.8415 3.5731e+02      25598          6  0.000e+00
      2.519     6.0412     6.0323   3.426481   3.425808     2.7452     0.8565     0.5338    34.8420 3.5731e+02      25599          6  0.000e+00
      2.463     6.0391     6.0323   3.426443   3.425845     2.7452     0.8565     0.5338    34.8438 3.5956e+02      25600          6  0.000e+00
      2.519     6.0362     6.0321   3.426366   3.425778     2.7452     0.8565     0.5338    34.8459 3.5956e+02      25601          6  0.000e+00
      2.463     6.0356     6.0323   3.426257   3.425814     2.7452     0.8565     0.5338    34.8453 3.5731e+02      25602          6  0.000e+00
      2.519     6.0349     6.0328   3.426160   3.425839     2.7452     0.8565     0.5338    34.8449 3.5731e+02      25603          6  0.000e+00
      2.463     6.0328     6.0326   3.426090   3.425778     2.7452     0.8565     0.5338    34.8463 3.5731e+02      25604          6  0.000e+00
