Ship_data/Irminger/Irminger-5/ctd/process/ar30-03018.ros
* Sea-Bird SBE 9 Data File:
* FileName = D:\Data\ar30-03018.hdr
* Software Version Seasave V 7.23.2
* Temperature SN = 4312
* Conductivity SN = 2148
* Number of Bytes Per Scan = 44
* Number of Voltage Words = 5
* Number of Scans Averaged by the Deck Unit = 1
* NMEA Latitude = 59 52.87 N
* NMEA Longitude = 040 53.94 W
* NMEA UTC (Time) = Jun 18 2018  16:05:20
** Cruise ID: ar30-03
** Chief Sci: Macdonald
** Station #: 018
** Site ID: Irminger 5 OSNAP C12
** Cast at OSNAP site C12 between M1 and M2 moorings
# nquan = 13
# nvalues = 735                                   
# units = specified
# name 0 = prDM: Pressure, Digiquartz [db]
# name 1 = t090C: Temperature [ITS-90, deg C]
# name 2 = t190C: Temperature, 2 [ITS-90, deg C]
# name 3 = c0S/m: Conductivity [S/m]
# name 4 = c1S/m: Conductivity, 2 [S/m]
# name 5 = sbeox0V: Oxygen raw, SBE 43 [V]
# name 6 = flECO-AFL: Fluorescence, WET Labs ECO-AFL/FL [mg/m^3]
# name 7 = turbWETntu0: Turbidity, WET Labs ECO [NTU]
# name 8 = sal00: Salinity, Practical [PSU]
# name 9 = spar: SPAR/Surface Irradiance
# name 10 = scan: Scan Count
# name 11 = nbf: Bottles Fired
# name 12 = flag:  0.000e+00
# interval = seconds: 0.0416667
# start_time = Jun 18 2018 16:05:20 [System UTC, first data scan.]
# bad_flag = -9.990e-29
*END*
[from data line 667]
     14.244     6.6082     6.5999   3.480752   3.480090     2.8051     2.4780     0.5094    34.8635 9.1237e+02     161561         14  0.000e+00
     14.132     6.6080     6.5997   3.480758   3.480096     2.8051     2.4780     0.5094    34.8639 9.1013e+02     161562         14  0.000e+00
     14.132     6.6080     6.6000   3.480790   3.480060     2.8051     2.4975     0.5094    34.8642 9.1013e+02     161563         14  0.000e+00
     14.244     6.6077     6.6000   3.480784   3.480121     2.8051     2.2826     0.4996    34.8644 9.1013e+02     161564         14  0.000e+00
     14.132     6.6083     6.6002   3.480816   3.480121     2.8051     2.0873     0.4947    34.8641 9.1237e+02     161565         14  0.000e+00
     14.180     6.6086     6.6002   3.480816   3.480121     2.8051     2.0482     0.4899    34.8638 9.1013e+02     161566         14  0.000e+00
     14.132     6.6096     6.6003   3.480848   3.480127     2.8051     2.0677     0.4899    34.8632 9.1013e+02     161567         14  0.000e+00
     14.180     6.6111     6.6000   3.480887   3.480090     2.8051     2.0677     0.4899    34.8621 9.1237e+02     161568         14  0.000e+00
     14.068     6.6119     6.5998   3.480965   3.480158     2.8051     2.0677     0.4899    34.8622 9.1013e+02     161569         14  0.000e+00
     14.188     6.6125     6.6000   3.480991   3.480090     2.8051     2.0677     0.4899    34.8617 9.1013e+02     161570         14  0.000e+00
     14.068     6.6124     6.5999   3.481010   3.480158     2.8051     2.0677     0.4899    34.8622 9.1013e+02     161571         14  0.000e+00
     14.132     6.6124     6.5997   3.481003   3.480158     2.8051     2.0677     0.4899    34.8621 9.1013e+02     161572         14  0.000e+00
     14.124     6.6112     6.6005   3.480991   3.480127     2.8051     2.0677     0.4899    34.8631 9.1013e+02     161573         14  0.000e+00
     14.132     6.6101     6.6008   3.480991   3.480158     2.8051     2.0677     0.4899    34.8642 9.1013e+02     161574         14  0.000e+00
     14.132     6.6106     6.6005   3.480991   3.480219     2.8051     2.0677     0.4899    34.8638 9.1237e+02     161575         14  0.000e+00
     14.068     6.6109     6.5997   3.480945   3.480121     2.8051     2.0677     0.4899    34.8629 9.1237e+02     161576         14  0.000e+00
     14.132     6.6106     6.5995   3.480907   3.480060     2.8051     2.0677     0.4899    34.8628 9.1013e+02     161577         14  0.000e+00
     14.124     6.6103     6.6002   3.480900   3.480066     2.8063     2.0677     0.4899    34.8631 9.1013e+02     161578         14  0.000e+00
     14.132     6.6100     6.6002   3.480919   3.480188     2.8063     2.0677     0.4899    34.8635 9.1013e+02     161579         14  0.000e+00
      4.304     6.6495     6.6490   3.484121   3.484187     2.8095     1.0519     0.5143    34.8639 7.9327e+02     163913         15  0.000e+00
      4.368     6.6493     6.6491   3.484121   3.484187     2.8083     1.0519     0.5143    34.8641 7.9552e+02     163914         15  0.000e+00
      4.304     6.6493     6.6490   3.484076   3.484187     2.8083     1.0714     0.5143    34.8636 7.9552e+02     163915         15  0.000e+00
      4.368     6.6493     6.6491   3.484095   3.484218     2.8083     1.1105     0.5094    34.8638 7.9552e+02     163916         15  0.000e+00
      4.480     6.6490     6.6490   3.484069   3.484218     2.8083     1.1300     0.5045    34.8638 7.9552e+02     163917         15  0.000e+00
      4.424     6.6488     6.6488   3.484056   3.484187     2.8083     1.1105     0.5045    34.8638 7.9552e+02     163918         15  0.000e+00
      4.424     6.6485     6.6492   3.484018   3.484218     2.8095     1.1300     0.5045    34.8638 7.9552e+02     163919         15  0.000e+00
      4.480     6.6485     6.6489   3.483953   3.484187     2.8083     1.1300     0.5045    34.8630 7.9776e+02     163920         15  0.000e+00
      4.488     6.6480     6.6486   3.483972   3.484156     2.8083     1.1300     0.5045    34.8637 7.9776e+02     163921         15  0.000e+00
      4.480     6.6480     6.6489   3.483946   3.484175     2.8083     1.1300     0.5045    34.8634 7.9776e+02     163922         15  0.000e+00
      4.544     6.6475     6.6490   3.483934   3.484187     2.8083     1.1300     0.5045    34.8637 7.9776e+02     163923         15  0.000e+00
      4.480     6.6477     6.6489   3.483934   3.484254     2.8083     1.1300     0.5045    34.8636 7.9776e+02     163924         15  0.000e+00
      4.544     6.6475     6.6490   3.483934   3.484218     2.8083     1.1300     0.5045    34.8637 7.9776e+02     163925         15  0.000e+00
      4.544     6.6477     6.6489   3.483927   3.484218     2.8083     1.1300     0.5045    34.8635 7.9776e+02     163926         15  0.000e+00
      4.600     6.6472     6.6492   3.483908   3.484218     2.8083     1.1300     0.5045    34.8637 7.9776e+02     163927         15  0.000e+00
      4.544     6.6475     6.6490   3.483946   3.484218     2.8083     1.1300     0.5045    34.8639 8.0001e+02     163928         15  0.000e+00
      4.544     6.6475     6.6492   3.483966   3.484187     2.8083     1.1300     0.5045    34.8641 8.0001e+02     163929         15  0.000e+00
      4.608     6.6475     6.6491   3.483947   3.484254     2.8083     1.1300     0.5045    34.8639 8.0001e+02     163930         15  0.000e+00
      4.600     6.6479     6.6493   3.483972   3.484218     2.8083     1.1300     0.5045    34.8638 8.0001e+02     163931         15  0.000e+00
      4.664     6.6478     6.6493   3.483992   3.484254     2.8083     1.1300     0.5045    34.8640 8.0001e+02     163932         15  0.000e+00
      4.600     6.6480     6.6495   3.483979   3.484218     2.8083     1.1300     0.5045    34.8637 8.0001e+02     163933         15  0.000e+00
      4.664     6.6480     6.6495   3.483966   3.484285     2.8083     1.1105     0.5045    34.8635 8.0001e+02     163934         15  0.000e+00
      4.600     6.6475     6.6491   3.483947   3.484254     2.8083     1.1300     0.5045    34.8639 8.0001e+02     163935         15  0.000e+00
      4.664     6.6475     6.6489   3.483927   3.484218     2.8083     1.1300     0.5045    34.8636 8.0001e+02     163936         15  0.000e+00
      4.664     6.6475     6.6485   3.483927   3.484212     2.8083     1.1300     0.5045    34.8636 8.0001e+02     163937         15  0.000e+00
      4.664     6.6472     6.6480   3.483953   3.484126     2.8083     1.1300     0.5045    34.8642 8.0001e+02     163938         15  0.000e+00
      4.664     6.6475     6.6473   3.483947   3.484065     2.8083     1.1105     0.5045    34.8638 8.0001e+02     163939         15  0.000e+00
      4.720     6.6475     6.6472   3.483953   3.484095     2.8083     0.9542     0.4850    34.8639 8.0001e+02     163940         15  0.000e+00
      4.664     6.6477     6.6471   3.483966   3.484095     2.8083     0.8760     0.4703    34.8639 8.0001e+02     163941         15  0.000e+00
      4.664     6.6479     6.6470   3.483959   3.484034     2.8083     0.8565     0.4703    34.8636 8.0226e+02     163942         15  0.000e+00
      4.664     6.6477     6.6473   3.483985   3.484003     2.8083     0.8760     0.4703    34.8641 8.0226e+02     163943         15  0.000e+00
      4.720     6.6475     6.6470   3.483979   3.484034     2.8071     0.8760     0.4703    34.8642 8.0001e+02     163944         15  0.000e+00
      4.664     6.6475     6.6469   3.483966   3.484003     2.8071     0.8760     0.4703    34.8640 8.0226e+02     163945         15  0.000e+00
      4.664     6.6477     6.6467   3.483947   3.484034     2.8083     0.8760     0.4703    34.8637 8.0226e+02     163946         15  0.000e+00
      4.720     6.6477     6.6468   3.483992   3.483967     2.8083     0.8760     0.4703    34.8641 8.0226e+02     163947         15  0.000e+00
      4.664     6.6479     6.6473   3.484024   3.484034     2.8083     0.8760     0.4703    34.8643 8.0001e+02     163948         15  0.000e+00
      4.664     6.6487     6.6474   3.484050   3.484065     2.8071     0.8760     0.4703    34.8638 8.0226e+02     163949         15  0.000e+00
      4.664     6.6487     6.6478   3.484037   3.484052     2.8071     0.8760     0.4703    34.8636 8.0226e+02     163950         15  0.000e+00
      4.664     6.6490     6.6480   3.484069   3.484156     2.8083     0.8760     0.4703    34.8637 8.0226e+02     163951         15  0.000e+00
      4.664     6.6490     6.6482   3.484082   3.484126     2.8083     0.8760     0.4703    34.8638 8.0001e+02     163952         15  0.000e+00
      4.608     6.6488     6.6483   3.484043   3.484126     2.8083     0.8760     0.4703    34.8636 8.0226e+02     163953         15  0.000e+00
      4.664     6.6490     6.6487   3.484095   3.484156     2.8083     0.8760     0.4703    34.8640 8.0226e+02     163954         15  0.000e+00
      4.600     6.6493     6.6489   3.484076   3.484187     2.8071     0.8760     0.4703    34.8634 8.0226e+02     163955         15  0.000e+00
      4.664     6.6493     6.6490   3.484076   3.484187     2.8083     0.8760     0.4703    34.8634 8.0001e+02     163956         15  0.000e+00
      4.608     6.6495     6.6493   3.484082   3.484156     2.8083     0.8760     0.4703    34.8634 8.0001e+02     163957         15  0.000e+00
      4.600     6.6493     6.6491   3.484063   3.484218     2.8083     0.8760     0.4703    34.8633 8.0001e+02     163958         15  0.000e+00
      4.600     6.6490     6.6493   3.484056   3.484254     2.8083     0.8760     0.4703    34.8636 8.0001e+02     163959         15  0.000e+00
      4.600     6.6488     6.6493   3.483992   3.484187     2.8071     0.8760     0.4703    34.8630 8.0001e+02     163960         15  0.000e+00
      4.600     6.6485     6.6491   3.484011   3.484218     2.8071     0.8760     0.4703    34.8635 8.0001e+02     163961         15  0.000e+00
