Ship_data/Irminger/Irminger-5/ctd/process/ar30-03016.ros
* Sea-Bird SBE 9 Data File:
* FileName = D:\Data\ar30-03016.hdr
* Software Version Seasave V 7.23.2
* Temperature SN = 4312
* Conductivity SN = 2148
* Number of Bytes Per Scan = 44
* Number of Voltage Words = 5
* Number of Scans Averaged by the Deck Unit = 1
* NMEA Latitude = 59 52.71 N
* NMEA Longitude = 041 08.31 W
* NMEA UTC (Time) = Jun 17 2018  12:01:00
** Cruise ID: ar30-03
** Chief Sci: Macdonald
** Station #: 016
** Site ID: Irminger 5 OSNAP M1
** cast at osnap mooring M1
# nquan = 13
# nvalues = 735                                   
# units = specified
# name 0 = prDM: Pressure, Digiquartz [db]
# name 1 = t090C: Temperature [ITS-90, deg C]
# name 2 = t190C: Temperature, 2 [ITS-90, deg C]
# name 3 = c0S/m: Conductivity [S/m]
# name 4 = c1S/m: Conductivity, 2 [S/m]
# name 5 = sbeox0V: Oxygen raw, SBE 43 [V]
# name 6 = flECO-AFL: Fluorescence, WET Labs ECO-AFL/FL [mg/m^3]
# name 7 = turbWETntu0: Turbidity, WET Labs ECO [NTU]
# name 8 = sal00: Salinity, Practical [PSU]
# name 9 = spar: SPAR/Surface Irradiance
# name 10 = scan: Scan Count
# name 11 = nbf: Bottles Fired
# name 12 = flag:  0.000e+00
# interval = seconds: 0.0416667
# start_time = Jun 17 2018 12:01:00 [System UTC, first data scan.]
# bad_flag = -9.990e-29
*END*
   2072.783     2.1745     2.1756   3.173677   3.173822     1.8999    -0.3547     0.3775    34.8876 1.7034e+03      58483          1  0.000e+00
   2072.833     2.1744     2.1756   3.173702   3.173851     1.8999    -0.3743     0.3775    34.8880 1.7034e+03      58484          1  0.000e+00
   2072.593     2.1743     2.1756   3.173733   3.173851     1.8999    -0.3547     0.3775    34.8886 1.7011e+03      58485          1  0.000e+00
   2072.833     2.1745     2.1756   3.173696   3.173792     1.8999    -0.3743     0.3775    34.8878 1.7011e+03      58486          1  0.000e+00
   2072.659     2.1745     2.1758   3.173702   3.173822     1.8999    -0.3743     0.3775    34.8880 1.7011e+03      58487          1  0.000e+00
   2072.709     2.1743     2.1756   3.173714   3.173822     1.8999    -0.3743     0.3775    34.8883 1.6989e+03      58488          1  0.000e+00
   2072.709     2.1742     2.1756   3.173696   3.173851     1.8999    -0.3547     0.3775    34.8882 1.6967e+03      58489          1  0.000e+00
   2072.659     2.1743     2.1756   3.173702   3.173822     1.8999    -0.3547     0.3775    34.8882 1.6944e+03      58490          1  0.000e+00
   2072.709     2.1744     2.1756   3.173727   3.173822     1.8999    -0.3743     0.3775    34.8884 1.6944e+03      58491          1  0.000e+00
   2072.659     2.1743     2.1758   3.173696   3.173822     1.8999    -0.3743     0.3775    34.8881 1.6922e+03      58492          1  0.000e+00
   2072.643     2.1745     2.1756   3.173702   3.173822     1.8999    -0.3743     0.3775    34.8880 1.6922e+03      58493          1  0.000e+00
   2072.659     2.1743     2.1756   3.173714   3.173881     1.8999    -0.3743     0.3775    34.8883 1.6922e+03      58494          1  0.000e+00
   2072.709     2.1740     2.1759   3.173714   3.173822     1.8999    -0.3743     0.3775    34.8886 1.6899e+03      58495          1  0.000e+00
   2072.643     2.1742     2.1758   3.173689   3.173822     1.8999    -0.3743     0.3775    34.8882 1.6899e+03      58496          1  0.000e+00
   2072.660     2.1744     2.1758   3.173683   3.173851     1.8999    -0.3743     0.3775    34.8879 1.6877e+03      58497          1  0.000e+00
   2072.643     2.1745     2.1758   3.173702   3.173851     1.8999    -0.3743     0.3775    34.8880 1.6854e+03      58498          1  0.000e+00
   2072.660     2.1740     2.1758   3.173696   3.173792     1.8999    -0.3743     0.3775    34.8884 1.6854e+03      58499          1  0.000e+00
   2072.643     2.1743     2.1759   3.173720   3.173851     1.8999    -0.3743     0.3775    34.8884 1.6832e+03      58500          1  0.000e+00
   2072.718     2.1742     2.1758   3.173721   3.173822     1.8999    -0.3547     0.3775    34.8885 1.6832e+03      58501          1  0.000e+00
   2072.577     2.1745     2.1758   3.173714   3.173851     1.8999    -0.3743     0.3775    34.8882 1.6832e+03      58502          1  0.000e+00
   2072.709     2.1745     2.1758   3.173696   3.173822     1.8999    -0.3743     0.3775    34.8878 1.6809e+03      58503          1  0.000e+00
   2072.660     2.1746     2.1756   3.173720   3.173881     1.8999    -0.3743     0.3775    34.8880 1.6809e+03      58504          1  0.000e+00
   2072.709     2.1745     2.1756   3.173733   3.173822     1.8999    -0.3743     0.3775    34.8883 1.6787e+03      58505          1  0.000e+00
   2072.660     2.1746     2.1758   3.173720   3.173851     1.8999    -0.3743     0.3726    34.8880 1.6764e+03      58506          1  0.000e+00
   2072.710     2.1745     2.1756   3.173714   3.173851     1.8999    -0.3743     0.3726    34.8881 1.6764e+03      58507          1  0.000e+00
   2072.660     2.1746     2.1755   3.173714   3.173822     1.8999    -0.3743     0.3726    34.8880 1.6742e+03      58508          1  0.000e+00
   2072.710     2.1744     2.1758   3.173714   3.173851     1.8999    -0.3743     0.3726    34.8882 1.6742e+03      58509          1  0.000e+00
   2072.710     2.1745     2.1753   3.173708   3.173822     1.8999    -0.3547     0.3726    34.8880 1.6719e+03      58510          1  0.000e+00
   2072.718     2.1743     2.1755   3.173696   3.173822     1.8999    -0.3547     0.3726    34.8881 1.6719e+03      58511          1  0.000e+00
   2072.710     2.1745     2.1755   3.173702   3.173822     1.8999    -0.3547     0.3726    34.8880 1.6697e+03      58512          1  0.000e+00
   2072.718     2.1745     2.1755   3.173714   3.173822     1.8999    -0.3547     0.3726    34.8881 1.6697e+03      58513          1  0.000e+00
   2072.768     2.1743     2.1756   3.173689   3.173822     1.8999    -0.3743     0.3726    34.8879 1.6697e+03      58514          1  0.000e+00
   2072.718     2.1744     2.1753   3.173683   3.173822     1.8999    -0.3547     0.3726    34.8878 1.6697e+03      58515          1  0.000e+00
   2072.768     2.1743     2.1755   3.173721   3.173822     1.8999    -0.3743     0.3726    34.8883 1.6674e+03      58516          1  0.000e+00
   2072.594     2.1740     2.1751   3.173677   3.173822     1.8999    -0.3743     0.3726    34.8882 1.6674e+03      58517          1  0.000e+00
   2072.959     2.1742     2.1751   3.173689   3.173822     1.8999    -0.3743     0.3726    34.8880 1.6652e+03      58518          1  0.000e+00
   2072.768     2.1740     2.1753   3.173671   3.173851     1.8999    -0.3743     0.3726    34.8881 1.6652e+03      58519          1  0.000e+00
   2072.843     2.1740     2.1751   3.173671   3.173792     1.8999    -0.3743     0.3726    34.8880 1.6629e+03      58520          1  0.000e+00
   2072.768     2.1740     2.1748   3.173664   3.173792     1.8999    -0.3743     0.3726    34.8880 1.6629e+03      58521          1  0.000e+00
   2072.843     2.1739     2.1751   3.173689   3.173792     1.8999    -0.3547     0.3726    34.8883 1.6607e+03      58522          1  0.000e+00
   2072.834     2.1740     2.1753   3.173689   3.173822     1.8999    -0.3547     0.3726    34.8883 1.6607e+03      58523          1  0.000e+00
   2072.718     2.1740     2.1751   3.173683   3.173792     1.8999    -0.3743     0.3726    34.8882 1.6607e+03      58524          1  0.000e+00
   2073.025     2.1740     2.1751   3.173683   3.173792     1.8999    -0.3743     0.3726    34.8881 1.6585e+03      58525          1  0.000e+00
   2072.834     2.1740     2.1750   3.173683   3.173792     1.8999    -0.3743     0.3726    34.8882 1.6585e+03      58526          1  0.000e+00
   2072.909     2.1738     2.1753   3.173683   3.173763     1.8999    -0.3743     0.3726    34.8883 1.6585e+03      58527          1  0.000e+00
   2072.893     2.1740     2.1748   3.173677   3.173792     1.8999    -0.3743     0.3726    34.8880 1.6585e+03      58528          1  0.000e+00
   2072.909     2.1738     2.1747   3.173683   3.173733     1.8999    -0.3743     0.3824    34.8883 1.6562e+03      58529          1  0.000e+00
   2072.893     2.1740     2.1750   3.173683   3.173733     1.8999    -0.3743     0.3922    34.8882 1.6562e+03      58530          1  0.000e+00
   2072.893     2.1738     2.1748   3.173683   3.173792     1.8999    -0.3547     0.3971    34.8883 1.6562e+03      58531          1  0.000e+00
   1925.825     2.5079     2.5075   3.198447   3.198423     1.9031    -0.3743     0.3629    34.9048 1.5101e+03      65083          2  0.000e+00
   1925.767     2.5080     2.5076   3.198440   3.198423     1.9031    -0.3938     0.3629    34.9046 1.5101e+03      65084          2  0.000e+00
   1925.734     2.5080     2.5077   3.198459   3.198393     1.9044    -0.3743     0.3629    34.9049 1.5101e+03      65085          2  0.000e+00
   1925.701     2.5080     2.5073   3.198484   3.198423     1.9044    -0.3743     0.3629    34.9051 1.5101e+03      65086          2  0.000e+00
   1925.643     2.5080     2.5077   3.198478   3.198429     1.9031    -0.3938     0.3629    34.9051 1.5124e+03      65087          2  0.000e+00
   1925.676     2.5080     2.5076   3.198465   3.198393     1.9031    -0.3938     0.3629    34.9049 1.5124e+03      65088          2  0.000e+00
   1925.701     2.5079     2.5082   3.198447   3.198393     1.9031    -0.3938     0.3629    34.9049 1.5146e+03      65089          2  0.000e+00
   1925.577     2.5080     2.5078   3.198459   3.198452     1.9044    -0.3938     0.3629    34.9050 1.5146e+03      65090          2  0.000e+00
   1925.552     2.5080     2.5081   3.198465   3.198452     1.9044    -0.3938     0.3629    34.9050 1.5146e+03      65091          2  0.000e+00
   1925.577     2.5080     2.5082   3.198465   3.198452     1.9031    -0.3938     0.3629    34.9050 1.5146e+03      65092          2  0.000e+00
   1925.511     2.5080     2.5084   3.198471   3.198488     1.9031    -0.3743     0.3629    34.9051 1.5169e+03      65093          2  0.000e+00
   1925.486     2.5082     2.5085   3.198484   3.198482     1.9044    -0.3743     0.3629    34.9051 1.5169e+03      65094          2  0.000e+00
   1925.453     2.5080     2.5084   3.198459   3.198511     1.9044    -0.3743     0.3580    34.9050 1.5191e+03      65095          2  0.000e+00
   1925.453     2.5083     2.5087   3.198459   3.198511     1.9044    -0.3743     0.3580    34.9047 1.5191e+03      65096          2  0.000e+00
   1925.362     2.5082     2.5085   3.198484   3.198511     1.9044    -0.3743     0.3580    34.9051 1.5191e+03      65097          2  0.000e+00
   1925.387     2.5082     2.5085   3.198496   3.198517     1.9031    -0.3743     0.3580    34.9053 1.5191e+03      65098          2  0.000e+00
   1925.387     2.5080     2.5083   3.198459   3.198535     1.9044    -0.3547     0.3580    34.9050 1.5191e+03      65099          2  0.000e+00
   1925.296     2.5085     2.5085   3.198459   3.198511     1.9044    -0.3743     0.3580    34.9045 1.5214e+03      65100          2  0.000e+00
   1925.329     2.5082     2.5086   3.198484   3.198511     1.9031    -0.3547     0.3580    34.9052 1.5214e+03      65101          2  0.000e+00
   1925.263     2.5084     2.5085   3.198515   3.198511     1.9031    -0.3743     0.3580    34.9053 1.5236e+03      65102          2  0.000e+00
   1925.238     2.5084     2.5085   3.198484   3.198488     1.9031    -0.3743     0.3580    34.9050 1.5236e+03      65103          2  0.000e+00
   1925.263     2.5084     2.5084   3.198509   3.198511     1.9044    -0.3743     0.3580    34.9053 1.5236e+03      65104          2  0.000e+00
   1925.205     2.5084     2.5082   3.198484   3.198511     1.9044    -0.3743     0.3580    34.9050 1.5236e+03      65105          2  0.000e+00
   1925.172     2.5085     2.5085   3.198484   3.198482     1.9031    -0.3743     0.3580    34.9049 1.5259e+03      65106          2  0.000e+00
   1925.139     2.5084     2.5087   3.198496   3.198482     1.9031    -0.3547     0.3580    34.9052 1.5259e+03      65107          2  0.000e+00
   1925.139     2.5083     2.5086   3.198521   3.198517     1.9031    -0.3743     0.3580    34.9056 1.5259e+03      65108          2  0.000e+00
   1925.114     2.5085     2.5085   3.198484   3.198511     1.9031    -0.3547     0.3580    34.9049 1.5259e+03      65109          2  0.000e+00
   1925.073     2.5084     2.5083   3.198484   3.198511     1.9044    -0.3743     0.3580    34.9051 1.5259e+03      65110          2  0.000e+00
   1925.073     2.5084     2.5084   3.198478   3.198565     1.9044    -0.3743     0.3580    34.9050 1.5281e+03      65111          2  0.000e+00
   1924.982     2.5084     2.5085   3.198484   3.198511     1.9044    -0.3547     0.3580    34.9052 1.5281e+03      65112          2  0.000e+00
   1925.073     2.5085     2.5086   3.198496   3.198511     1.9044    -0.3743     0.3580    34.9051 1.5281e+03      65113          2  0.000e+00
   1924.949     2.5083     2.5087   3.198496   3.198517     1.9031    -0.3547     0.3580    34.9054 1.5304e+03      65114          2  0.000e+00
   1924.982     2.5085     2.5086   3.198478   3.198511     1.9031    -0.3547     0.3580    34.9049 1.5304e+03      65115          2  0.000e+00
   1925.015     2.5082     2.5085   3.198490   3.198535     1.9044    -0.3743     0.3580    34.9054 1.5304e+03      65116          2  0.000e+00
   1924.891     2.5087     2.5086   3.198478   3.198511     1.9044    -0.3743     0.3580    34.9048 1.5304e+03      65117          2  0.000e+00
   1924.982     2.5084     2.5085   3.198509   3.198482     1.9031    -0.3743     0.3531    34.9055 1.5304e+03      65118          2  0.000e+00
   1924.891     2.5084     2.5087   3.198509   3.198517     1.9031    -0.3743     0.3482    34.9054 1.5304e+03      65119          2  0.000e+00
   1924.949     2.5085     2.5086   3.198496   3.198511     1.9044    -0.3743     0.3482    34.9052 1.5304e+03      65120          2  0.000e+00
   1924.858     2.5084     2.5090   3.198496   3.198511     1.9031    -0.3743     0.3482    34.9054 1.5326e+03      65121          2  0.000e+00
   1924.891     2.5085     2.5091   3.198496   3.198565     1.9031    -0.3743     0.3531    34.9052 1.5326e+03      65122          2  0.000e+00
   1924.891     2.5087     2.5090   3.198515   3.198565     1.9044    -0.3743     0.3531    34.9052 1.5326e+03      65123          2  0.000e+00
   1924.858     2.5082     2.5091   3.198509   3.198517     1.9044    -0.3743     0.3482    34.9057 1.5326e+03      65124          2  0.000e+00
   1924.891     2.5086     2.5088   3.198496   3.198535     1.9044    -0.3743     0.3531    34.9051 1.5349e+03      65125          2  0.000e+00
   1924.892     2.5084     2.5091   3.198515   3.198565     1.9044    -0.3743     0.3482    34.9056 1.5326e+03      65126          2  0.000e+00
   1924.858     2.5085     2.5090   3.198509   3.198511     1.9044    -0.3743     0.3531    34.9053 1.5349e+03      65127          2  0.000e+00
   1924.825     2.5082     2.5088   3.198496   3.198535     1.9044    -0.3743     0.3531    34.9056 1.5349e+03      65128          2  0.000e+00
   1924.892     2.5085     2.5090   3.198478   3.198547     1.9044    -0.3743     0.3482    34.9050 1.5371e+03      65129          2  0.000e+00
   1924.859     2.5085     2.5090   3.198490   3.198511     1.9044    -0.3743     0.3482    34.9051 1.5371e+03      65130          2  0.000e+00
   1924.826     2.5084     2.5088   3.198478   3.198535     1.9044    -0.3743     0.3531    34.9051 1.5371e+03      65131          2  0.000e+00
   1774.095     2.9824     2.9827   3.235841   3.235942     1.9069    -0.3938     0.3531    34.9253 1.5820e+03      71303          3  0.000e+00
   1774.087     2.9822     2.9825   3.235841   3.235876     1.9069    -0.3938     0.3531    34.9256 1.5820e+03      71304          3  0.000e+00
   1774.037     2.9823     2.9826   3.235841   3.235882     1.9056    -0.3938     0.3531    34.9255 1.5798e+03      71305          3  0.000e+00
   1774.095     2.9823     2.9826   3.235841   3.235912     1.9056    -0.3938     0.3531    34.9255 1.5798e+03      71306          3  0.000e+00
   1774.153     2.9823     2.9826   3.235860   3.235912     1.9056    -0.3938     0.3531    34.9256 1.5820e+03      71307          3  0.000e+00
   1774.037     2.9824     2.9826   3.235854   3.235942     1.9069    -0.3938     0.3531    34.9255 1.5820e+03      71308          3  0.000e+00
   1774.095     2.9825     2.9828   3.235860   3.235876     1.9069    -0.3938     0.3531    34.9255 1.5820e+03      71309          3  0.000e+00
   1774.037     2.9825     2.9828   3.235872   3.235942     1.9069    -0.3938     0.3531    34.9257 1.5798e+03      71310          3  0.000e+00
   1774.021     2.9827     2.9828   3.235910   3.235912     1.9069    -0.3743     0.3531    34.9259 1.5820e+03      71311          3  0.000e+00
   1774.037     2.9828     2.9828   3.235929   3.235912     1.9069    -0.3938     0.3531    34.9260 1.5820e+03      71312          3  0.000e+00
   1774.037     2.9828     2.9829   3.235910   3.235906     1.9069    -0.3938     0.3531    34.9258 1.5820e+03      71313          3  0.000e+00
   1774.021     2.9834     2.9829   3.235923   3.235912     1.9069    -0.3938     0.3531    34.9253 1.5820e+03      71314          3  0.000e+00
   1773.971     2.9834     2.9828   3.235948   3.235912     1.9069    -0.3938     0.3580    34.9256 1.5820e+03      71315          3  0.000e+00
