Ship_data/Irminger/Irminger-5/ctd/process/ar30-03006.ros
* Sea-Bird SBE 9 Data File:
* FileName = D:\Data\ar30-03006.hdr
* Software Version Seasave V 7.23.2
* Temperature SN = 4312
* Conductivity SN = 2148
* Number of Bytes Per Scan = 44
* Number of Voltage Words = 5
* Number of Scans Averaged by the Deck Unit = 1
* NMEA Latitude = 59 57.97 N
* NMEA Longitude = 039 30.98 W
* NMEA UTC (Time) = Jun 09 2018  13:38:40
** Cruise ID: ar30-03
** Chief Sci: Macdonald
** Station #: 006
** Site ID: Irminger 5 HYPM
** ctd cast at HYPM site with 3 bottom releases tested
# nquan = 13
# nvalues = 1176                                  
# units = specified
# name 0 = prDM: Pressure, Digiquartz [db]
# name 1 = t090C: Temperature [ITS-90, deg C]
# name 2 = t190C: Temperature, 2 [ITS-90, deg C]
# name 3 = c0S/m: Conductivity [S/m]
# name 4 = c1S/m: Conductivity, 2 [S/m]
# name 5 = sbeox0V: Oxygen raw, SBE 43 [V]
# name 6 = flECO-AFL: Fluorescence, WET Labs ECO-AFL/FL [mg/m^3]
# name 7 = turbWETntu0: Turbidity, WET Labs ECO [NTU]
# name 8 = sal00: Salinity, Practical [PSU]
# name 9 = spar: SPAR/Surface Irradiance
# name 10 = scan: Scan Count
# name 11 = nbf: Bottles Fired
# name 12 = flag:  0.000e+00
# interval = seconds: 0.0416667
# start_time = Jun 09 2018 13:38:40 [System UTC, first data scan.]
# bad_flag = -9.990e-29
*END*
[from data line 445]
    404.904     4.5534     4.5527   3.316265   3.316309     2.3353    -0.3547     0.3873    34.9138 8.3597e+02     179704         10  0.000e+00
    405.073     4.5529     4.5527   3.316220   3.316327     2.3353    -0.3547     0.3873    34.9137 8.3597e+02     179705         10  0.000e+00
    405.017     4.5528     4.5527   3.316220   3.316327     2.3353    -0.3743     0.3873    34.9139 8.3597e+02     179706         10  0.000e+00
    405.025     4.5525     4.5524   3.316246   3.316309     2.3353    -0.3743     0.3873    34.9144 8.3597e+02     179707         10  0.000e+00
    405.073     4.5533     4.5525   3.316296   3.316267     2.3353    -0.3547     0.3922    34.9142 8.3597e+02     179708         10  0.000e+00
    405.130     4.5534     4.5521   3.316296   3.316279     2.3365    -0.3547     0.3873    34.9141 8.3597e+02     179709         10  0.000e+00
    405.146     4.5534     4.5523   3.316303   3.316327     2.3365    -0.3547     0.3922    34.9141 8.3372e+02     179710         10  0.000e+00
    405.194     4.5538     4.5523   3.316334   3.316267     2.3365    -0.3547     0.3873    34.9140 8.3597e+02     179711         10  0.000e+00
    405.194     4.5543     4.5523   3.316366   3.316279     2.3365    -0.3743     0.3873    34.9139 8.3372e+02     179712         10  0.000e+00
    405.251     4.5543     4.5524   3.316379   3.316297     2.3365    -0.3547     0.3922    34.9140 8.3372e+02     179713         10  0.000e+00
    405.267     4.5544     4.5522   3.316417   3.316279     2.3365    -0.3547     0.3873    34.9143 8.3147e+02     179714         10  0.000e+00
    405.372     4.5545     4.5519   3.316417   3.316267     2.3353    -0.3743     0.3873    34.9142 8.3372e+02     179715         10  0.000e+00
    405.372     4.5541     4.5519   3.316341   3.316279     2.3353    -0.3743     0.3873    34.9138 8.3147e+02     179716         10  0.000e+00
    405.380     4.5534     4.5513   3.316277   3.316237     2.3353    -0.3547     0.3922    34.9137 8.3147e+02     179717         10  0.000e+00
    405.436     4.5530     4.5510   3.316258   3.316207     2.3353    -0.3743     0.3873    34.9139 8.3147e+02     179718         10  0.000e+00
    405.493     4.5524     4.5507   3.316239   3.316159     2.3353    -0.3743     0.3922    34.9142 8.3147e+02     179719         10  0.000e+00
    405.501     4.5522     4.5508   3.316182   3.316147     2.3353    -0.3547     0.3873    34.9138 8.2923e+02     179720         10  0.000e+00
    405.614     4.5521     4.5510   3.316182   3.316159     2.3353    -0.3743     0.3873    34.9138 8.2923e+02     179721         10  0.000e+00
    405.614     4.5521     4.5511   3.316176   3.316147     2.3365    -0.3547     0.3922    34.9138 8.2923e+02     179722         10  0.000e+00
    405.678     4.5518     4.5515   3.316182   3.316207     2.3353    -0.3743     0.3873    34.9141 8.2923e+02     179723         10  0.000e+00
    405.670     4.5521     4.5513   3.316157   3.316249     2.3365    -0.3547     0.3922    34.9135 8.2923e+02     179724         10  0.000e+00
    405.735     4.5518     4.5515   3.316157   3.316267     2.3353    -0.3547     0.3922    34.9138 8.2698e+02     179725         10  0.000e+00
    405.864     4.5516     4.5516   3.316182   3.316219     2.3353    -0.3547     0.3922    34.9142 8.2698e+02     179726         10  0.000e+00
    405.791     4.5518     4.5516   3.316176   3.316267     2.3365    -0.3743     0.3922    34.9140 8.2473e+02     179727         10  0.000e+00
    405.912     4.5518     4.5511   3.316208   3.316279     2.3353    -0.3743     0.3873    34.9143 8.2698e+02     179728         10  0.000e+00
    405.920     4.5517     4.5506   3.316208   3.316177     2.3353    -0.3547     0.3873    34.9144 8.2473e+02     179729         10  0.000e+00
    405.969     4.5519     4.5504   3.316214   3.316177     2.3353    -0.3547     0.3873    34.9142 8.2473e+02     179730         10  0.000e+00
    406.033     4.5521     4.5503   3.316227   3.316129     2.3365    -0.3743     0.3873    34.9141 8.2473e+02     179731         10  0.000e+00
    406.098     4.5522     4.5502   3.316208   3.316177     2.3353    -0.3743     0.3873    34.9137 8.2248e+02     179732         10  0.000e+00
    406.090     4.5514     4.5499   3.316132   3.316159     2.3353    -0.3547     0.3873    34.9138 8.2473e+02     179733         10  0.000e+00
    406.146     4.5510     4.5499   3.316062   3.316057     2.3365    -0.3743     0.3922    34.9133 8.2248e+02     179734         10  0.000e+00
    406.219     4.5504     4.5499   3.316043   3.316147     2.3353    -0.3743     0.3873    34.9137 8.2024e+02     179735         10  0.000e+00
    406.267     4.5502     4.5497   3.316043   3.316129     2.3353    -0.3743     0.3873    34.9139 8.2248e+02     179736         10  0.000e+00
    406.211     4.5502     4.5497   3.316043   3.316087     2.3353    -0.3743     0.3873    34.9139 8.2248e+02     179737         10  0.000e+00
    406.396     4.5501     4.5496   3.316043   3.316129     2.3353    -0.3743     0.3922    34.9140 8.2248e+02     179738         10  0.000e+00
    406.388     4.5503     4.5499   3.316043   3.316087     2.3365    -0.3743     0.3922    34.9137 8.2024e+02     179739         10  0.000e+00
    406.461     4.5499     4.5499   3.316043   3.316117     2.3365    -0.3547     0.3922    34.9141 8.2024e+02     179740         10  0.000e+00
    406.453     4.5500     4.5499   3.316043   3.316069     2.3365    -0.3743     0.3922    34.9140 8.2024e+02     179741         10  0.000e+00
    406.566     4.5499     4.5499   3.316043   3.316117     2.3365    -0.3743     0.3873    34.9140 8.2024e+02     179742         10  0.000e+00
    406.517     4.5498     4.5497   3.316043   3.316099     2.3365    -0.3743     0.3873    34.9141 8.1799e+02     179743         10  0.000e+00
    406.630     4.5499     4.5492   3.316024   3.316087     2.3365    -0.3547     0.3873    34.9138 8.1799e+02     179744         10  0.000e+00
    406.630     4.5498     4.5491   3.316037   3.316069     2.3365    -0.3547     0.3922    34.9140 8.1799e+02     179745         10  0.000e+00
    406.695     4.5501     4.5492   3.316069   3.316027     2.3353    -0.3743     0.3873    34.9141 8.1799e+02     179746         10  0.000e+00
    406.751     4.5502     4.5493   3.316056   3.316057     2.3353    -0.3743     0.3873    34.9138 8.1799e+02     179747         10  0.000e+00
    406.808     4.5501     4.5492   3.316043   3.316039     2.3365    -0.3547     0.3922    34.9137 8.1574e+02     179748         10  0.000e+00
    306.474     4.6320     4.6331   3.316886   3.317111     2.3496    -0.3547     0.3922    34.8903 8.1799e+02     184988         11  0.000e+00
    306.675     4.6320     4.6331   3.316886   3.317112     2.3496    -0.3547     0.3922    34.8901 8.1799e+02     184989         11  0.000e+00
    306.538     4.6319     4.6329   3.316873   3.317118     2.3496    -0.3547     0.3922    34.8902 8.1799e+02     184990         11  0.000e+00
    306.595     4.6318     4.6329   3.316898   3.317081     2.3496    -0.3352     0.3922    34.8905 8.1799e+02     184991         11  0.000e+00
    306.498     4.6319     4.6329   3.316898   3.317087     2.3496    -0.3547     0.3922    34.8905 8.1799e+02     184992         11  0.000e+00
    306.715     4.6319     4.6328   3.316905   3.317112     2.3496    -0.3547     0.3922    34.8905 8.1799e+02     184993         11  0.000e+00
    306.595     4.6315     4.6328   3.316854   3.317118     2.3496    -0.3352     0.3922    34.8903 8.1799e+02     184994         11  0.000e+00
    306.619     4.6313     4.6331   3.316867   3.317112     2.3496    -0.3547     0.3922    34.8907 8.1799e+02     184995         11  0.000e+00
    306.659     4.6313     4.6326   3.316886   3.317082     2.3496    -0.3547     0.3971    34.8908 8.1799e+02     184996         11  0.000e+00
    306.659     4.6315     4.6325   3.316848   3.317088     2.3496    -0.3743     0.3971    34.8902 8.1799e+02     184997         11  0.000e+00
    306.675     4.6313     4.6318   3.316867   3.317052     2.3496    -0.3547     0.4019    34.8906 8.1799e+02     184998         11  0.000e+00
    306.659     4.6313     4.6315   3.316886   3.317058     2.3496    -0.3547     0.3971    34.8909 8.1799e+02     184999         11  0.000e+00
    306.715     4.6313     4.6313   3.316848   3.316961     2.3496    -0.3743     0.3971    34.8903 8.2024e+02     185000         11  0.000e+00
    306.740     4.6312     4.6313   3.316848   3.316967     2.3496    -0.3547     0.3971    34.8905 8.1799e+02     185001         11  0.000e+00
    306.715     4.6313     4.6311   3.316860   3.316991     2.3496    -0.3743     0.3971    34.8906 8.1799e+02     185002         11  0.000e+00
    306.715     4.6313     4.6311   3.316860   3.316937     2.3496    -0.3743     0.3971    34.8905 8.1799e+02     185003         11  0.000e+00
    306.796     4.6312     4.6315   3.316879   3.316931     2.3496    -0.3547     0.3971    34.8908 8.1799e+02     185004         11  0.000e+00
    306.772     4.6313     4.6311   3.316886   3.316991     2.3496    -0.3547     0.3971    34.8908 8.1799e+02     185005         11  0.000e+00
    306.772     4.6313     4.6315   3.316867   3.316997     2.3496    -0.3547     0.4019    34.8906 8.1799e+02     185006         11  0.000e+00
    306.860     4.6313     4.6318   3.316879   3.316961     2.3496    -0.3547     0.3971    34.8906 8.1799e+02     185007         11  0.000e+00
    306.836     4.6315     4.6321   3.316886   3.316997     2.3496    -0.3547     0.3971    34.8906 8.1799e+02     185008         11  0.000e+00
    306.892     4.6313     4.6318   3.316886   3.317022     2.3496    -0.3547     0.3971    34.8907 8.1799e+02     185009         11  0.000e+00
    306.917     4.6315     4.6320   3.316905   3.317028     2.3509    -0.3743     0.3971    34.8908 8.1799e+02     185010         11  0.000e+00
    306.892     4.6317     4.6318   3.316898   3.317022     2.3509    -0.3547     0.3971    34.8905 8.2024e+02     185011         11  0.000e+00
    306.715     4.6317     4.6320   3.316886   3.317021     2.3496    -0.3547     0.3971    34.8904 8.1799e+02     185012         11  0.000e+00
    307.158     4.6315     4.6321   3.316886   3.317028     2.3496    -0.3547     0.3971    34.8905 8.2024e+02     185013         11  0.000e+00
    307.013     4.6319     4.6331   3.316905   3.317082     2.3496    -0.3547     0.3971    34.8903 8.1799e+02     185014         11  0.000e+00
    307.037     4.6317     4.6337   3.316937   3.317148     2.3496    -0.3743     0.3971    34.8908 8.1799e+02     185015         11  0.000e+00
    307.013     4.6319     4.6337   3.316930   3.317202     2.3496    -0.3547     0.3971    34.8906 8.1799e+02     185016         11  0.000e+00
    307.069     4.6321     4.6339   3.316962   3.317238     2.3509    -0.3547     0.3971    34.8907 8.1799e+02     185017         11  0.000e+00
    307.094     4.6320     4.6339   3.316937   3.317202     2.3496    -0.3743     0.3971    34.8905 8.1799e+02     185018         11  0.000e+00
    307.134     4.6322     4.6337   3.316937   3.317208     2.3496    -0.3547     0.3971    34.8903 8.1799e+02     185019         11  0.000e+00
    307.134     4.6320     4.6337   3.316930   3.317172     2.3496    -0.3743     0.3971    34.8904 8.1799e+02     185020         11  0.000e+00
    307.214     4.6319     4.6339   3.316937   3.317112     2.3509    -0.3743     0.3971    34.8906 8.1799e+02     185021         11  0.000e+00
    307.190     4.6323     4.6342   3.316968   3.317208     2.3509    -0.3547     0.3971    34.8905 8.1799e+02     185022         11  0.000e+00
    307.190     4.6333     4.6342   3.317019   3.317202     2.3509    -0.3547     0.3971    34.8900 8.1799e+02     185023         11  0.000e+00
    307.271     4.6337     4.6342   3.317089   3.317238     2.3509    -0.3743     0.3971    34.8904 8.1799e+02     185024         11  0.000e+00
    307.255     4.6343     4.6344   3.317108   3.317262     2.3509    -0.3547     0.3971    34.8900 8.1799e+02     185025         11  0.000e+00
    307.311     4.6344     4.6342   3.317140   3.317238     2.3509    -0.3743     0.3971    34.8902 8.1799e+02     185026         11  0.000e+00
    307.335     4.6347     4.6339   3.317178   3.317262     2.3509    -0.3547     0.3971    34.8903 8.1799e+02     185027         11  0.000e+00
    307.367     4.6346     4.6341   3.317190   3.317238     2.3509    -0.3547     0.3971    34.8906 8.1799e+02     185028         11  0.000e+00
    307.367     4.6347     4.6339   3.317171   3.317172     2.3509    -0.3743     0.3971    34.8902 8.1799e+02     185029         11  0.000e+00
    307.391     4.6349     4.6344   3.317178   3.317202     2.3509    -0.3547     0.3971    34.8901 8.1799e+02     185030         11  0.000e+00
    307.432     4.6351     4.6345   3.317190   3.317238     2.3509    -0.3743     0.3971    34.8900 8.1799e+02     185031         11  0.000e+00
    307.488     4.6347     4.6342   3.317171   3.317232     2.3509    -0.3743     0.3971    34.8902 8.1799e+02     185032         11  0.000e+00
    307.456     4.6344     4.6337   3.317121   3.317268     2.3509    -0.3743     0.3971    34.8899 8.1799e+02     185033         11  0.000e+00
    307.553     4.6343     4.6335   3.317102   3.317232     2.3496    -0.3547     0.3971    34.8898 8.1799e+02     185034         11  0.000e+00
    307.488     4.6343     4.6339   3.317102   3.317178     2.3509    -0.3743     0.3971    34.8899 8.1799e+02     185035         11  0.000e+00
    307.569     4.6341     4.6341   3.317121   3.317202     2.3509    -0.3547     0.3971    34.8902 8.1799e+02     185036         11  0.000e+00
    203.938     4.7701     4.7728   3.324096   3.324438     2.4008    -0.3938     0.3971    34.8835 7.8653e+02     189971         12  0.000e+00
    203.914     4.7701     4.7724   3.324135   3.324493     2.4008    -0.3743     0.3971    34.8840 7.8428e+02     189972         12  0.000e+00
    203.994     4.7702     4.7723   3.324115   3.324499     2.4008    -0.3938     0.3922    34.8835 7.8428e+02     189973         12  0.000e+00
    204.059     4.7701     4.7722   3.324141   3.324378     2.4008    -0.3938     0.3971    34.8840 7.8428e+02     189974         12  0.000e+00
    204.059     4.7701     4.7722   3.324179   3.324433     2.4008    -0.3938     0.3922    34.8844 7.8203e+02     189975         12  0.000e+00
    204.091     4.7705     4.7725   3.324192   3.324439     2.4008    -0.3938     0.3971    34.8841 7.8203e+02     189976         12  0.000e+00
    204.115     4.7705     4.7712   3.324173   3.324469     2.4008    -0.3938     0.3971    34.8838 7.8203e+02     189977         12  0.000e+00
    204.171     4.7708     4.7695   3.324198   3.324403     2.4008    -0.3743     0.3922    34.8838 7.7979e+02     189978         12  0.000e+00
    204.235     4.7711     4.7686   3.324192   3.324162     2.4008    -0.3743     0.3922    34.8834 7.7979e+02     189979         12  0.000e+00
    204.268     4.7701     4.7690   3.324103   3.324066     2.4008    -0.3743     0.3922    34.8834 7.7979e+02     189980         12  0.000e+00
    204.348     4.7700     4.7696   3.324109   3.324042     2.4008    -0.3938     0.3971    34.8836 7.7754e+02     189981         12  0.000e+00
    204.348     4.7707     4.7696   3.324173   3.324192     2.4008    -0.3743     0.3922    34.8835 7.7754e+02     189982         12  0.000e+00
    204.348     4.7704     4.7696   3.324078   3.324186     2.4008    -0.3743     0.3922    34.8828 7.7754e+02     189983         12  0.000e+00
    204.388     4.7694     4.7695   3.324039   3.324162     2.4008    -0.3938     0.3971    34.8833 7.7754e+02     189984         12  0.000e+00
    204.469     4.7691     4.7698   3.324020   3.324192     2.4008    -0.3938     0.3922    34.8834 7.7529e+02     189985         12  0.000e+00
    204.533     4.7686     4.7685   3.323944   3.324186     2.4008    -0.3743     0.3922    34.8830 7.7529e+02     189986         12  0.000e+00
