Ship_data/Irminger/Irminger-5/ctd/process/ar30-03021.ros
* Sea-Bird SBE 9 Data File:
* FileName = D:\Data\ar30-03021.hdr
* Software Version Seasave V 7.23.2
* Temperature SN = 4312
* Conductivity SN = 2148
* Number of Bytes Per Scan = 44
* Number of Voltage Words = 5
* Number of Scans Averaged by the Deck Unit = 1
* NMEA Latitude = 59 51.42 N
* NMEA Longitude = 039 13.43 W
* NMEA UTC (Time) = Jun 19 2018  18:21:51
** Cruise ID: ar30-03
** Chief Sci: Macdonald
** Station #: 021
** Site ID: Irminger 5 Gliders 2
** ctd cast to 1000 meters near OOI gliders
# nquan = 13
# nvalues = 980                                   
# units = specified
# name 0 = prDM: Pressure, Digiquartz [db]
# name 1 = t090C: Temperature [ITS-90, deg C]
# name 2 = t190C: Temperature, 2 [ITS-90, deg C]
# name 3 = c0S/m: Conductivity [S/m]
# name 4 = c1S/m: Conductivity, 2 [S/m]
# name 5 = sbeox0V: Oxygen raw, SBE 43 [V]
# name 6 = flECO-AFL: Fluorescence, WET Labs ECO-AFL/FL [mg/m^3]
# name 7 = turbWETntu0: Turbidity, WET Labs ECO [NTU]
# name 8 = sal00: Salinity, Practical [PSU]
# name 9 = spar: SPAR/Surface Irradiance
# name 10 = scan: Scan Count
# name 11 = nbf: Bottles Fired
# name 12 = flag:  0.000e+00
# interval = seconds: 0.0416667
# start_time = Jun 19 2018 18:21:51 [System UTC, first data scan.]
# bad_flag = -9.990e-29
*END*
[from data line 445]
    151.219     4.0525     4.0523   3.256798   3.256891     2.4967    -0.2961     0.4019    34.8783 5.7079e+02      69388         10  0.000e+00
    151.107     4.0526     4.0525   3.256817   3.256891     2.4967    -0.2961     0.4019    34.8784 5.7079e+02      69389         10  0.000e+00
    151.163     4.0528     4.0525   3.256798   3.256867     2.4954    -0.2961     0.4019    34.8780 5.7079e+02      69390         10  0.000e+00
    151.163     4.0524     4.0524   3.256811   3.256861     2.4967    -0.2961     0.4019    34.8785 5.7079e+02      69391         10  0.000e+00
    151.236     4.0526     4.0526   3.256798   3.256921     2.4967    -0.2961     0.4019    34.8781 5.7079e+02      69392         10  0.000e+00
    151.163     4.0528     4.0526   3.256792   3.256831     2.4967    -0.2961     0.4019    34.8779 5.7079e+02      69393         10  0.000e+00
    151.220     4.0528     4.0523   3.256804   3.256891     2.4954    -0.2961     0.4019    34.8780 5.7079e+02      69394         10  0.000e+00
    151.220     4.0529     4.0526   3.256817   3.256867     2.4967    -0.2961     0.4019    34.8780 5.7079e+02      69395         10  0.000e+00
    151.284     4.0525     4.0526   3.256798   3.256921     2.4954    -0.3157     0.4019    34.8783 5.7079e+02      69396         10  0.000e+00
    151.236     4.0526     4.0526   3.256804   3.256921     2.4954    -0.2766     0.4068    34.8782 5.7079e+02      69397         10  0.000e+00
    151.220     4.0525     4.0526   3.256836   3.256921     2.4954    -0.2571     0.4068    34.8787 5.7079e+02      69398         10  0.000e+00
    151.284     4.0526     4.0524   3.256842   3.256921     2.4954    -0.2571     0.4068    34.8786 5.7079e+02      69399         10  0.000e+00
    151.284     4.0525     4.0525   3.256829   3.256927     2.4954    -0.2571     0.4068    34.8786 5.7079e+02      69400         10  0.000e+00
    151.292     4.0528     4.0525   3.256836   3.256921     2.4954    -0.2571     0.4068    34.8784 5.7079e+02      69401         10  0.000e+00
    151.340     4.0526     4.0525   3.256823   3.256891     2.4954    -0.2766     0.4068    34.8784 5.7079e+02      69402         10  0.000e+00
    151.340     4.0527     4.0526   3.256836   3.256861     2.4954    -0.2571     0.4068    34.8784 5.7079e+02      69403         10  0.000e+00
    151.340     4.0523     4.0521   3.256823   3.256891     2.4967    -0.2571     0.4068    34.8787 5.7079e+02      69404         10  0.000e+00
    151.396     4.0526     4.0523   3.256817   3.256867     2.4954    -0.2571     0.4068    34.8783 5.7079e+02      69405         10  0.000e+00
    151.356     4.0525     4.0521   3.256836   3.256891     2.4954    -0.2571     0.4068    34.8787 5.7079e+02      69406         10  0.000e+00
    151.396     4.0523     4.0523   3.256823   3.256861     2.4954    -0.2571     0.4068    34.8787 5.7079e+02      69407         10  0.000e+00
    151.461     4.0525     4.0521   3.256798   3.256891     2.4967    -0.2571     0.4117    34.8782 5.7079e+02      69408         10  0.000e+00
    151.396     4.0523     4.0521   3.256804   3.256831     2.4954    -0.2766     0.4068    34.8784 5.7079e+02      69409         10  0.000e+00
    151.477     4.0523     4.0523   3.256798   3.256867     2.4954    -0.2766     0.4068    34.8783 5.7079e+02      69410         10  0.000e+00
    151.461     4.0521     4.0521   3.256811   3.256921     2.4954    -0.2766     0.4068    34.8787 5.6855e+02      69411         10  0.000e+00
    151.517     4.0521     4.0524   3.256798   3.256891     2.4954    -0.2766     0.4068    34.8785 5.6855e+02      69412         10  0.000e+00
    151.517     4.0523     4.0521   3.256792   3.256861     2.4954    -0.2766     0.4068    34.8782 5.6855e+02      69413         10  0.000e+00
    151.517     4.0525     4.0521   3.256785   3.256891     2.4954    -0.2571     0.4068    34.8780 5.6855e+02      69414         10  0.000e+00
    151.533     4.0518     4.0519   3.256792   3.256837     2.4954    -0.2571     0.4068    34.8788 5.6855e+02      69415         10  0.000e+00
    151.638     4.0521     4.0519   3.256792   3.256921     2.4954    -0.2766     0.4068    34.8783 5.7079e+02      69416         10  0.000e+00
    151.581     4.0523     4.0523   3.256804   3.256921     2.4954    -0.2571     0.4068    34.8783 5.6855e+02      69417         10  0.000e+00
    151.638     4.0521     4.0521   3.256798   3.256891     2.4954    -0.2571     0.4068    34.8784 5.7079e+02      69418         10  0.000e+00
    151.654     4.0521     4.0523   3.256785   3.256921     2.4954    -0.2571     0.4068    34.8782 5.7079e+02      69419         10  0.000e+00
    151.638     4.0521     4.0523   3.256811   3.256897     2.4954    -0.2766     0.4068    34.8786 5.6855e+02      69420         10  0.000e+00
    151.638     4.0521     4.0521   3.256817   3.256921     2.4954    -0.2766     0.4068    34.8786 5.6855e+02      69421         10  0.000e+00
    151.758     4.0521     4.0519   3.256798   3.256891     2.4954    -0.2766     0.4068    34.8783 5.6855e+02      69422         10  0.000e+00
    151.694     4.0521     4.0521   3.256767   3.256891     2.4954    -0.2961     0.4019    34.8780 5.6855e+02      69423         10  0.000e+00
    151.774     4.0521     4.0519   3.256798   3.256921     2.4954    -0.2766     0.4019    34.8783 5.6855e+02      69424         10  0.000e+00
    151.814     4.0525     4.0519   3.256817   3.256891     2.4954    -0.2766     0.4019    34.8782 5.6855e+02      69425         10  0.000e+00
    151.758     4.0521     4.0518   3.256817   3.256867     2.4954    -0.2766     0.4019    34.8786 5.6855e+02      69426         10  0.000e+00
    151.814     4.0519     4.0518   3.256798   3.256891     2.4954    -0.2766     0.4019    34.8785 5.6855e+02      69427         10  0.000e+00
    151.887     4.0521     4.0519   3.256792   3.256891     2.4954    -0.2961     0.4019    34.8782 5.6855e+02      69428         10  0.000e+00
    151.814     4.0521     4.0518   3.256804   3.256891     2.4954    -0.2961     0.4019    34.8784 5.6630e+02      69429         10  0.000e+00
    151.935     4.0520     4.0518   3.256798   3.256891     2.4954    -0.2961     0.4019    34.8784 5.6630e+02      69430         10  0.000e+00
    151.935     4.0518     4.0519   3.256792   3.256897     2.4954    -0.2961     0.4019    34.8786 5.6630e+02      69431         10  0.000e+00
    151.951     4.0520     4.0516   3.256748   3.256861     2.4954    -0.2961     0.4019    34.8778 5.6630e+02      69432         10  0.000e+00
    121.238     4.0834     4.0838   3.257475   3.257597     2.5086    -0.2766     0.4068    34.8697 5.7304e+02      72271         11  0.000e+00
    121.214     4.0836     4.0839   3.257449   3.257597     2.5073    -0.2766     0.4068    34.8692 5.7304e+02      72272         11  0.000e+00
    121.398     4.0834     4.0837   3.257431   3.257657     2.5073    -0.2571     0.4068    34.8691 5.7304e+02      72273         11  0.000e+00
    121.238     4.0833     4.0838   3.257431   3.257627     2.5073    -0.2571     0.4068    34.8693 5.7304e+02      72274         11  0.000e+00
    121.101     4.0834     4.0837   3.257437   3.257627     2.5073    -0.2571     0.4068    34.8693 5.7304e+02      72275         11  0.000e+00
    121.302     4.0834     4.0839   3.257431   3.257609     2.5073    -0.2766     0.4068    34.8691 5.7304e+02      72276         11  0.000e+00
    121.214     4.0833     4.0841   3.257431   3.257656     2.5073    -0.2766     0.4068    34.8694 5.7304e+02      72277         11  0.000e+00
    121.278     4.0831     4.0840   3.257475   3.257657     2.5073    -0.2766     0.4068    34.8700 5.7304e+02      72278         11  0.000e+00
    121.238     4.0833     4.0840   3.257431   3.257627     2.5073    -0.2571     0.4068    34.8693 5.7304e+02      72279         11  0.000e+00
    121.278     4.0834     4.0840   3.257424   3.257657     2.5073    -0.2571     0.4019    34.8691 5.7304e+02      72280         11  0.000e+00
    121.302     4.0836     4.0840   3.257475   3.257627     2.5073    -0.2571     0.4019    34.8695 5.7304e+02      72281         11  0.000e+00
    121.278     4.0836     4.0837   3.257449   3.257579     2.5073    -0.2571     0.4019    34.8692 5.7529e+02      72282         11  0.000e+00
    121.278     4.0834     4.0840   3.257431   3.257657     2.5073    -0.2571     0.4019    34.8692 5.7304e+02      72283         11  0.000e+00
    121.302     4.0834     4.0839   3.257431   3.257657     2.5073    -0.2571     0.4019    34.8691 5.7304e+02      72284         11  0.000e+00
    121.334     4.0836     4.0840   3.257475   3.257597     2.5073    -0.2375     0.4019    34.8695 5.7304e+02      72285         11  0.000e+00
    121.302     4.0834     4.0838   3.257468   3.257686     2.5073    -0.2571     0.4019    34.8696 5.7304e+02      72286         11  0.000e+00
    121.334     4.0836     4.0837   3.257462   3.257627     2.5073    -0.2571     0.4019    34.8693 5.7304e+02      72287         11  0.000e+00
    121.334     4.0836     4.0839   3.257481   3.257639     2.5073    -0.2571     0.4019    34.8696 5.7304e+02      72288         11  0.000e+00
    121.358     4.0836     4.0837   3.257468   3.257627     2.5073    -0.2571     0.4019    34.8694 5.7304e+02      72289         11  0.000e+00
    121.398     4.0834     4.0839   3.257462   3.257597     2.5073    -0.2571     0.4019    34.8695 5.7304e+02      72290         11  0.000e+00
    121.398     4.0836     4.0836   3.257443   3.257657     2.5073    -0.2571     0.4019    34.8691 5.7304e+02      72291         11  0.000e+00
    121.358     4.0836     4.0837   3.257475   3.257627     2.5073    -0.2571     0.4019    34.8695 5.7304e+02      72292         11  0.000e+00
    121.455     4.0840     4.0837   3.257513   3.257639     2.5073    -0.2571     0.4019    34.8695 5.7304e+02      72293         11  0.000e+00
    121.422     4.0841     4.0836   3.257500   3.257627     2.5073    -0.2571     0.4019    34.8692 5.7304e+02      72294         11  0.000e+00
    121.455     4.0841     4.0840   3.257513   3.257627     2.5073    -0.2571     0.4019    34.8693 5.7304e+02      72295         11  0.000e+00
    121.455     4.0843     4.0837   3.257500   3.257657     2.5073    -0.2571     0.4019    34.8690 5.7304e+02      72296         11  0.000e+00
    121.422     4.0840     4.0839   3.257494   3.257657     2.5073    -0.2571     0.4019    34.8693 5.7304e+02      72297         11  0.000e+00
    121.511     4.0841     4.0838   3.257513   3.257597     2.5073    -0.2571     0.4019    34.8693 5.7304e+02      72298         11  0.000e+00
    121.479     4.0841     4.0837   3.257519   3.257639     2.5073    -0.2571     0.4019    34.8694 5.7304e+02      72299         11  0.000e+00
    121.511     4.0843     4.0839   3.257500   3.257627     2.5073    -0.2571     0.4019    34.8690 5.7304e+02      72300         11  0.000e+00
    121.511     4.0838     4.0840   3.257468   3.257657     2.5073    -0.2571     0.4019    34.8691 5.7304e+02      72301         11  0.000e+00
    121.599     4.0838     4.0839   3.257481   3.257627     2.5073    -0.2571     0.4019    34.8692 5.7304e+02      72302         11  0.000e+00
    121.511     4.0838     4.0837   3.257487   3.257657     2.5073    -0.2571     0.4019    34.8693 5.7304e+02      72303         11  0.000e+00
    121.575     4.0836     4.0837   3.257494   3.257627     2.5073    -0.2571     0.3971    34.8696 5.7304e+02      72304         11  0.000e+00
    121.599     4.0836     4.0836   3.257494   3.257639     2.5073    -0.2766     0.3971    34.8696 5.7304e+02      72305         11  0.000e+00
    121.575     4.0836     4.0837   3.257487   3.257597     2.5073    -0.2766     0.3971    34.8695 5.7304e+02      72306         11  0.000e+00
    121.655     4.0836     4.0834   3.257494   3.257627     2.5073    -0.2571     0.3971    34.8695 5.7304e+02      72307         11  0.000e+00
    121.575     4.0834     4.0836   3.257450   3.257597     2.5073    -0.2571     0.3971    34.8692 5.7304e+02      72308         11  0.000e+00
    121.631     4.0834     4.0834   3.257456   3.257627     2.5061    -0.2766     0.3971    34.8693 5.7304e+02      72309         11  0.000e+00
    121.712     4.0836     4.0835   3.257462   3.257609     2.5073    -0.2571     0.3971    34.8691 5.7304e+02      72310         11  0.000e+00
    121.631     4.0833     4.0834   3.257481   3.257627     2.5073    -0.2766     0.3971    34.8697 5.7304e+02      72311         11  0.000e+00
    121.712     4.0836     4.0833   3.257513   3.257627     2.5061    -0.2766     0.3971    34.8697 5.7304e+02      72312         11  0.000e+00
    121.695     4.0836     4.0835   3.257481   3.257627     2.5073    -0.2766     0.3971    34.8694 5.7304e+02      72313         11  0.000e+00
    121.752     4.0834     4.0834   3.257500   3.257597     2.5073    -0.2571     0.3971    34.8697 5.7079e+02      72314         11  0.000e+00
    121.655     4.0838     4.0834   3.257500   3.257597     2.5073    -0.2571     0.3971    34.8694 5.7304e+02      72315         11  0.000e+00
    121.752     4.0836     4.0837   3.257513   3.257609     2.5073    -0.2571     0.3971    34.8697 5.7079e+02      72316         11  0.000e+00
    121.752     4.0836     4.0834   3.257475   3.257627     2.5073    -0.2571     0.3971    34.8693 5.7079e+02      72317         11  0.000e+00
    121.776     4.0840     4.0837   3.257456   3.257627     2.5073    -0.2571     0.3971    34.8686 5.7079e+02      72318         11  0.000e+00
    121.808     4.0838     4.0837   3.257481   3.257686     2.5061    -0.2571     0.3971    34.8691 5.7079e+02      72319         11  0.000e+00
    101.963     4.2346     4.2310   3.271062   3.270884     2.5095    -0.2375     0.3971    34.8807 4.9439e+02      74980         12  0.000e+00
    101.313     4.2347     4.2309   3.271030   3.270824     2.5095    -0.2375     0.3971    34.8805 4.9439e+02      74981         12  0.000e+00
    101.955     4.2348     4.2311   3.271036   3.270824     2.5095    -0.2375     0.3971    34.8802 4.9439e+02      74982         12  0.000e+00
    101.610     4.2346     4.2309   3.271043   3.270848     2.5095    -0.2375     0.3971    34.8807 4.9439e+02      74983         12  0.000e+00
    101.731     4.2346     4.2312   3.271043   3.270824     2.5095    -0.2375     0.3971    34.8806 4.9214e+02      74984         12  0.000e+00
    101.731     4.2349     4.2312   3.271043   3.270824     2.5095    -0.2375     0.3971    34.8803 4.9439e+02      74985         12  0.000e+00
    101.723     4.2354     4.2314   3.271087   3.270883     2.5095    -0.2375     0.3971    34.8803 4.9214e+02      74986         12  0.000e+00
    101.610     4.2359     4.2320   3.271099   3.270854     2.5095    -0.2375     0.3971    34.8800 4.9214e+02      74987         12  0.000e+00
    101.666     4.2362     4.2327   3.271099   3.270907     2.5095    -0.2375     0.3971    34.8796 4.9439e+02      74988         12  0.000e+00
    101.610     4.2360     4.2328   3.271061   3.270943     2.5095    -0.2375     0.3971    34.8794 4.9439e+02      74989         12  0.000e+00
    101.666     4.2352     4.2329   3.271024   3.270943     2.5095    -0.2375     0.3971    34.8797 4.9439e+02      74990         12  0.000e+00
    101.602     4.2352     4.2331   3.270992   3.270943     2.5095    -0.2375     0.3971    34.8794 4.9439e+02      74991         12  0.000e+00
    101.554     4.2349     4.2328   3.270942   3.271003     2.5095    -0.2571     0.4019    34.8792 4.9439e+02      74992         12  0.000e+00
    101.666     4.2340     4.2327   3.270885   3.270961     2.5095    -0.2766     0.4019    34.8794 4.9439e+02      74993         12  0.000e+00
    101.554     4.2331     4.2320   3.270841   3.270973     2.5095    -0.2961     0.4019    34.8799 4.9439e+02      74994         12  0.000e+00
    101.554     4.2325     4.2318   3.270809   3.270883     2.5095    -0.2961     0.4019    34.8801 4.9439e+02      74995         12  0.000e+00
