Ship_data/Irminger/Irminger-5/ctd/process/ar30-03015.ros
* Sea-Bird SBE 9 Data File:
* FileName = D:\Data\ar30-03015.hdr
* Software Version Seasave V 7.23.2
* Temperature SN = 4312
* Conductivity SN = 2148
* Number of Bytes Per Scan = 44
* Number of Voltage Words = 5
* Number of Scans Averaged by the Deck Unit = 1
* NMEA Latitude = 59 43.05 N
* NMEA Longitude = 039 20.31 W
* NMEA UTC (Time) = Jun 16 2018  13:54:45
** Cruise ID: ar30-03
** Chief Sci: Macdonald
** Station #: 015
** Site ID: Irminger 5 FLMB
** Redo of ctd cast at FLMB. 3 releases being tested.
# nquan = 13
# nvalues = 1078                                  
# units = specified
# name 0 = prDM: Pressure, Digiquartz [db]
# name 1 = t090C: Temperature [ITS-90, deg C]
# name 2 = t190C: Temperature, 2 [ITS-90, deg C]
# name 3 = c0S/m: Conductivity [S/m]
# name 4 = c1S/m: Conductivity, 2 [S/m]
# name 5 = sbeox0V: Oxygen raw, SBE 43 [V]
# name 6 = flECO-AFL: Fluorescence, WET Labs ECO-AFL/FL [mg/m^3]
# name 7 = turbWETntu0: Turbidity, WET Labs ECO [NTU]
# name 8 = sal00: Salinity, Practical [PSU]
# name 9 = spar: SPAR/Surface Irradiance
# name 10 = scan: Scan Count
# name 11 = nbf: Bottles Fired
# name 12 = flag:  0.000e+00
# interval = seconds: 0.0416667
# start_time = Jun 16 2018 13:54:45 [System UTC, first data scan.]
# bad_flag = -9.990e-29
*END*
[from data line 889]
     20.060     5.0867     5.0850   3.340125   3.339864     2.7375     1.1886     0.5436    34.8356 2.2382e+03     202150         19  0.000e+00
     20.132     5.0846     5.0859   3.339890   3.339924     2.7375     1.1886     0.5436    34.8350 2.2360e+03     202151         19  0.000e+00
     20.124     5.0828     5.0832   3.339718   3.339954     2.7375     1.1886     0.5436    34.8349 2.2360e+03     202152         19  0.000e+00
     20.132     5.0804     5.0789   3.339528   3.339864     2.7375     1.1886     0.5436    34.8352 2.2360e+03     202153         19  0.000e+00
     20.124     5.0778     5.0764   3.339401   3.339683     2.7375     1.1886     0.5436    34.8364 2.2360e+03     202154         19  0.000e+00
     20.132     5.0763     5.0763   3.339337   3.339473     2.7375     1.1886     0.5436    34.8373 2.2382e+03     202155         19  0.000e+00
     20.180     5.0765     5.0785   3.339382   3.339442     2.7375     1.1886     0.5436    34.8375 2.2382e+03     202156         19  0.000e+00
     20.188     5.0770     5.0795   3.339413   3.339593     2.7375     1.1886     0.5485    34.8374 2.2360e+03     202157         19  0.000e+00
     20.180     5.0757     5.0799   3.339299   3.339683     2.7375     1.1691     0.5534    34.8374 2.2360e+03     202158         19  0.000e+00
     20.188     5.0744     5.0787   3.339108   3.339744     2.7375     1.1691     0.5534    34.8366 2.2382e+03     202159         19  0.000e+00
     20.236     5.0739     5.0756   3.339019   3.339714     2.7375     1.1691     0.5534    34.8361 2.2382e+03     202160         19  0.000e+00
     20.068     5.0734     5.0735   3.339045   3.339563     2.7375     1.1691     0.5534    34.8369 2.2382e+03     202161         19  0.000e+00
     20.420     5.0743     5.0743   3.339204   3.339316     2.7375     1.1691     0.5534    34.8377 2.2382e+03     202162         19  0.000e+00
     20.236     5.0756     5.0753   3.339331   3.339256     2.7375     1.1691     0.5534    34.8378 2.2360e+03     202163         19  0.000e+00
     20.308     5.0768     5.0731   3.339350   3.339412     2.7375     1.1691     0.5534    34.8368 2.2382e+03     202164         19  0.000e+00
     20.300     5.0764     5.0696   3.339331   3.339376     2.7375     1.1691     0.5534    34.8371 2.2382e+03     202165         19  0.000e+00
     20.364     5.0764     5.0679   3.339318   3.338985     2.7375     1.1691     0.5534    34.8369 2.2360e+03     202166         19  0.000e+00
     20.356     5.0750     5.0674   3.339216   3.338684     2.7387     1.1691     0.5534    34.8371 2.2360e+03     202167         19  0.000e+00
     20.364     5.0750     5.0658   3.339299   3.338684     2.7375     1.1691     0.5534    34.8381 2.2360e+03     202168         19  0.000e+00
     20.420     5.0775     5.0643   3.339464   3.338624     2.7375     1.1691     0.5534    34.8373 2.2360e+03     202169         19  0.000e+00
     20.429     5.0781     5.0627   3.339464   3.338437     2.7375     1.1691     0.5534    34.8367 2.2360e+03     202170         19  0.000e+00
     20.477     5.0772     5.0619   3.339350   3.338317     2.7375     1.1495     0.5534    34.8363 2.2360e+03     202171         19  0.000e+00
     20.485     5.0764     5.0628   3.339280   3.338196     2.7387     1.1691     0.5534    34.8364 2.2360e+03     202172         19  0.000e+00
     20.477     5.0750     5.0634   3.339210   3.338257     2.7375     1.1691     0.5534    34.8370 2.2360e+03     202173         19  0.000e+00
     20.597     5.0736     5.0621   3.339115   3.338377     2.7375     1.1691     0.5534    34.8373 2.2360e+03     202174         19  0.000e+00
     20.541     5.0715     5.0608   3.338822   3.338257     2.7375     1.1691     0.5534    34.8362 2.2360e+03     202175         19  0.000e+00
     20.597     5.0697     5.0607   3.338682   3.338166     2.7387     1.1691     0.5534    34.8363 2.2360e+03     202176         19  0.000e+00
     20.605     5.0689     5.0606   3.338651   3.338106     2.7375     1.1691     0.5534    34.8368 2.2337e+03     202177         19  0.000e+00
     20.653     5.0687     5.0607   3.338676   3.338106     2.7375     1.1691     0.5534    34.8373 2.2360e+03     202178         19  0.000e+00
     20.725     5.0686     5.0603   3.338613   3.338136     2.7375     1.1691     0.5534    34.8366 2.2360e+03     202179         19  0.000e+00
     20.653     5.0675     5.0605   3.338504   3.338046     2.7375     1.1691     0.5534    34.8366 2.2360e+03     202180         19  0.000e+00
     20.781     5.0658     5.0603   3.338377   3.338106     2.7375     1.2081     0.5534    34.8368 2.2360e+03     202181         19  0.000e+00
     20.773     5.0649     5.0605   3.338377   3.338106     2.7375     1.2472     0.5485    34.8378 2.2360e+03     202182         19  0.000e+00
     20.829     5.0650     5.0608   3.338377   3.338076     2.7375     1.2472     0.5485    34.8376 2.2360e+03     202183         19  0.000e+00
     20.837     5.0637     5.0609   3.338250   3.338166     2.7375     1.2472     0.5485    34.8375 2.2360e+03     202184         19  0.000e+00
     20.829     5.0618     5.0605   3.338034   3.338136     2.7375     1.2472     0.5485    34.8370 2.2360e+03     202185         19  0.000e+00
     20.901     5.0600     5.0595   3.337856   3.338136     2.7375     1.2472     0.5485    34.8368 2.2360e+03     202186         19  0.000e+00
     20.949     5.0591     5.0576   3.337799   3.338076     2.7387     1.2472     0.5485    34.8371 2.2360e+03     202187         19  0.000e+00
     20.957     5.0591     5.0558   3.337850   3.337956     2.7375     1.2472     0.5485    34.8377 2.2360e+03     202188         19  0.000e+00
     20.949     5.0592     5.0535   3.337901   3.337805     2.7375     1.2472     0.5485    34.8381 2.2337e+03     202189         19  0.000e+00
     21.078     5.0597     5.0560   3.337952   3.337558     2.7375     1.2472     0.5485    34.8381 2.2360e+03     202190         19  0.000e+00
     21.006     5.0602     5.0658   3.338015   3.337528     2.7375     1.2472     0.5485    34.8384 2.2360e+03     202191         19  0.000e+00
     20.949     5.0711     5.0663   3.338994   3.338594     2.7386     1.1691     0.5729    34.8383 2.2360e+03     202393         20  0.000e+00
     20.949     5.0723     5.0654   3.339039   3.338564     2.7386     1.1691     0.5729    34.8376 2.2360e+03     202394         20  0.000e+00
     21.014     5.0733     5.0650   3.339153   3.338528     2.7386     1.1495     0.5729    34.8378 2.2360e+03     202395         20  0.000e+00
     20.949     5.0737     5.0627   3.339223   3.338498     2.7386     1.1691     0.5729    34.8382 2.2382e+03     202396         20  0.000e+00
     20.901     5.0741     5.0608   3.339178   3.338317     2.7386     1.1495     0.5729    34.8373 2.2360e+03     202397         20  0.000e+00
     21.070     5.0741     5.0605   3.339039   3.338166     2.7386     1.1691     0.5729    34.8356 2.2382e+03     202398         20  0.000e+00
     20.957     5.0737     5.0601   3.338988   3.338046     2.7386     1.1886     0.5680    34.8355 2.2382e+03     202399         20  0.000e+00
     21.006     5.0743     5.0619   3.339077   3.338046     2.7386     1.1886     0.5631    34.8359 2.2360e+03     202400         20  0.000e+00
     21.078     5.0760     5.0626   3.339375   3.338106     2.7386     1.1886     0.5631    34.8375 2.2360e+03     202401         20  0.000e+00
     21.070     5.0780     5.0648   3.339630   3.338257     2.7386     1.1886     0.5631    34.8384 2.2360e+03     202402         20  0.000e+00
     21.070     5.0789     5.0672   3.339744   3.338377     2.7386     1.1886     0.5631    34.8387 2.2382e+03     202403         20  0.000e+00
     21.078     5.0796     5.0666   3.339757   3.338528     2.7386     1.1886     0.5631    34.8382 2.2382e+03     202404         20  0.000e+00
     21.126     5.0789     5.0656   3.339541   3.338594     2.7386     1.1886     0.5631    34.8364 2.2360e+03     202405         20  0.000e+00
     21.134     5.0741     5.0638   3.339026   3.338437     2.7386     1.1886     0.5631    34.8354 2.2360e+03     202406         20  0.000e+00
     21.126     5.0686     5.0597   3.338568   3.338407     2.7386     1.1886     0.5631    34.8359 2.2360e+03     202407         20  0.000e+00
     21.134     5.0644     5.0567   3.338231   3.338136     2.7386     1.1886     0.5631    34.8364 2.2382e+03     202408         20  0.000e+00
     21.182     5.0607     5.0558   3.337907   3.337775     2.7386     1.1886     0.5631    34.8365 2.2360e+03     202409         20  0.000e+00
     21.198     5.0576     5.0552   3.337685   3.337649     2.7386     1.1886     0.5631    34.8372 2.2382e+03     202410         20  0.000e+00
     21.126     5.0562     5.0553   3.337577   3.337619     2.7386     1.1886     0.5631    34.8374 2.2382e+03     202411         20  0.000e+00
     21.182     5.0558     5.0550   3.337608   3.337619     2.7399     1.1886     0.5631    34.8381 2.2382e+03     202412         20  0.000e+00
     21.198     5.0561     5.0548   3.337659   3.337619     2.7386     1.1886     0.5631    34.8384 2.2382e+03     202413         20  0.000e+00
     21.246     5.0563     5.0548   3.337672   3.337649     2.7386     1.1886     0.5631    34.8384 2.2382e+03     202414         20  0.000e+00
     21.254     5.0548     5.0547   3.337513   3.337589     2.7386     1.1886     0.5631    34.8380 2.2382e+03     202415         20  0.000e+00
     21.182     5.0534     5.0548   3.337322   3.337558     2.7386     1.1886     0.5631    34.8374 2.2360e+03     202416         20  0.000e+00
     21.254     5.0527     5.0544   3.337272   3.337619     2.7386     1.1886     0.5631    34.8374 2.2360e+03     202417         20  0.000e+00
     21.302     5.0521     5.0540   3.337227   3.337558     2.7386     1.1886     0.5631    34.8375 2.2360e+03     202418         20  0.000e+00
     21.246     5.0519     5.0540   3.337208   3.337528     2.7386     1.1886     0.5631    34.8375 2.2360e+03     202419         20  0.000e+00
     21.254     5.0521     5.0538   3.337233   3.337589     2.7386     1.1886     0.5631    34.8376 2.2360e+03     202420         20  0.000e+00
     21.302     5.0526     5.0538   3.337240   3.337589     2.7386     1.1886     0.5631    34.8372 2.2360e+03     202421         20  0.000e+00
     21.254     5.0529     5.0537   3.337316   3.337589     2.7386     1.1886     0.5631    34.8378 2.2382e+03     202422         20  0.000e+00
     21.302     5.0534     5.0536   3.337335   3.337498     2.7386     1.1886     0.5631    34.8374 2.2360e+03     202423         20  0.000e+00
     21.310     5.0535     5.0537   3.337354   3.337558     2.7386     1.1495     0.5582    34.8375 2.2382e+03     202424         20  0.000e+00
     21.302     5.0532     5.0536   3.337322   3.337558     2.7386     1.1300     0.5534    34.8375 2.2382e+03     202425         20  0.000e+00
     21.374     5.0532     5.0540   3.337329   3.337589     2.7386     1.1300     0.5534    34.8375 2.2360e+03     202426         20  0.000e+00
     21.302     5.0529     5.0549   3.337291   3.337649     2.7386     1.1300     0.5534    34.8375 2.2360e+03     202427         20  0.000e+00
     21.358     5.0529     5.0572   3.337297   3.337715     2.7386     1.1300     0.5534    34.8375 2.2360e+03     202428         20  0.000e+00
     21.310     5.0527     5.0598   3.337310   3.337745     2.7386     1.1300     0.5534    34.8378 2.2337e+03     202429         20  0.000e+00
     21.358     5.0527     5.0606   3.337284   3.337926     2.7386     1.1300     0.5534    34.8376 2.2337e+03     202430         20  0.000e+00
     21.374     5.0527     5.0610   3.337278   3.337956     2.7386     1.1300     0.5534    34.8374 2.2337e+03     202431         20  0.000e+00
     21.358     5.0523     5.0609   3.337253   3.338046     2.7386     1.1300     0.5534    34.8376 2.2337e+03     202432         20  0.000e+00
     21.310     5.0524     5.0591   3.337284   3.338076     2.7386     1.1300     0.5534    34.8379 2.2360e+03     202433         20  0.000e+00
     21.422     5.0523     5.0598   3.337265   3.337986     2.7386     1.1300     0.5534    34.8378 2.2360e+03     202434         20  0.000e+00
     21.358     5.0524     5.0627   3.337265   3.337986     2.7386     1.1300     0.5534    34.8376 2.2360e+03     202435         20  0.000e+00
     21.374     5.0526     5.0643   3.337272   3.338016     2.7386     1.1300     0.5534    34.8375 2.2360e+03     202436         20  0.000e+00
     21.358     5.0526     5.0651   3.337278   3.338287     2.7386     1.1300     0.5534    34.8376 2.2360e+03     202437         20  0.000e+00
     21.430     5.0529     5.0654   3.337297   3.338407     2.7386     1.1300     0.5534    34.8375 2.2337e+03     202438         20  0.000e+00
     21.358     5.0540     5.0658   3.337443   3.338498     2.7386     1.1300     0.5534    34.8380 2.2360e+03     202439         20  0.000e+00
     21.430     5.0581     5.0661   3.337774   3.338498     2.7386     1.1300     0.5534    34.8375 2.2360e+03     202440         20  0.000e+00
     21.422     5.0626     5.0664   3.338155   3.338564     2.7386     1.1300     0.5534    34.8372 2.2337e+03     202441         20  0.000e+00
      4.367     6.0300     6.0354   3.425602   3.426271     2.8430     0.4072     0.8366    34.8427 2.1910e+03     205277         21  0.000e+00
      4.367     6.0300     6.0349   3.425596   3.426186     2.8430     0.4267     0.8366    34.8426 2.1955e+03     205278         21  0.000e+00
      4.375     6.0297     6.0347   3.425609   3.426180     2.8430     0.4267     0.8366    34.8431 2.2000e+03     205279         21  0.000e+00
      4.247     6.0297     6.0347   3.425628   3.426149     2.8430     0.4267     0.8366    34.8434 2.2000e+03     205280         21  0.000e+00
      4.431     6.0304     6.0339   3.425660   3.426156     2.8430     0.4267     0.8366    34.8429 2.2023e+03     205281         21  0.000e+00
      4.311     6.0308     6.0336   3.425737   3.426119     2.8430     0.4267     0.8366    34.8434 2.2023e+03     205282         21  0.000e+00
      4.375     6.0316     6.0331   3.425782   3.426089     2.8430     0.4072     0.8366    34.8430 2.2023e+03     205283         21  0.000e+00
      4.311     6.0318     6.0334   3.425814   3.426058     2.8430     0.4658     0.7438    34.8433 2.2023e+03     205284         21  0.000e+00
      4.367     6.0324     6.0331   3.425840   3.426022     2.8430     0.5048     0.6803    34.8429 2.2023e+03     205285         21  0.000e+00
      4.311     6.0328     6.0337   3.425898   3.425997     2.8430     0.5048     0.6706    34.8432 2.2045e+03     205286         21  0.000e+00
      4.367     6.0329     6.0339   3.425853   3.426089     2.8430     0.5048     0.6706    34.8425 2.2045e+03     205287         21  0.000e+00
      4.311     6.0333     6.0342   3.425891   3.426052     2.8430     0.5048     0.6755    34.8426 2.2068e+03     205288         21  0.000e+00
      4.367     6.0329     6.0346   3.425846   3.426119     2.8430     0.5048     0.6755    34.8425 2.2090e+03     205289         21  0.000e+00
      4.367     6.0320     6.0357   3.425801   3.426119     2.8430     0.5048     0.6755    34.8429 2.2090e+03     205290         21  0.000e+00
      4.367     6.0312     6.0360   3.425776   3.426210     2.8430     0.5048     0.6755    34.8434 2.2113e+03     205291         21  0.000e+00
      4.311     6.0312     6.0354   3.425718   3.426277     2.8430     0.5048     0.6755    34.8428 2.2090e+03     205292         21  0.000e+00
      4.367     6.0304     6.0357   3.425635   3.426210     2.8430     0.5048     0.6755    34.8427 2.2090e+03     205293         21  0.000e+00
      4.367     6.0295     6.0360   3.425609   3.426186     2.8430     0.5048     0.6755    34.8432 2.2113e+03     205294         21  0.000e+00
      4.367     6.0297     6.0368   3.425609   3.426271     2.8430     0.5048     0.6755    34.8431 2.2135e+03     205295         21  0.000e+00
      4.367     6.0297     6.0371   3.425609   3.426271     2.8430     0.5048     0.6755    34.8431 2.2158e+03     205296         21  0.000e+00
