Ship_data/Irminger/Irminger-5/ctd/process/ar30-03013.cnv
* Sea-Bird SBE 9 Data File:
* FileName = D:\Data\ar30-03013.hdr
* Software Version Seasave V 7.23.2
* Temperature SN = 4312
* Conductivity SN = 2148
* Number of Bytes Per Scan = 44
* Number of Voltage Words = 5
* Number of Scans Averaged by the Deck Unit = 1
* NMEA Latitude = 59 46.82 N
* NMEA Longitude = 039 49.61 W
* NMEA UTC (Time) = Jun 14 2018  20:15:22
** Cruise ID: ar30-03
** Chief Sci: Macdonald
** Station #: 013
** Site ID: Irminger 5 test cast
** test cast to 130 meters
# nquan = 18
# nvalues = 264                         
# units = specified
# name 0 = prDM: Pressure, Digiquartz [db]
# name 1 = t090C: Temperature [ITS-90, deg C]
# name 2 = t190C: Temperature, 2 [ITS-90, deg C]
# name 3 = c0S/m: Conductivity [S/m]
# name 4 = c1S/m: Conductivity, 2 [S/m]
# name 5 = sbeox0V: Oxygen raw, SBE 43 [V]
# name 6 = flECO-AFL: Fluorescence, WET Labs ECO-AFL/FL [mg/m^3]
# name 7 = turbWETntu0: Turbidity, WET Labs ECO [NTU]
# name 8 = sal00: Salinity, Practical [PSU]
# name 9 = spar: SPAR/Surface Irradiance
# name 10 = depSM: Depth [salt water, m], lat = 59.7803
# name 11 = sal00: Salinity, Practical [PSU]
# name 12 = sal11: Salinity, Practical, 2 [PSU]
# name 13 = sbeox0ML/L: Oxygen, SBE 43 [ml/l], WS = 2
# name 14 = svCM: Sound Velocity [Chen-Millero, m/s]
# name 15 = sigma-é00: Density [sigma-theta, kg/m^3]
# name 16 = sigma-é11: Density, 2 [sigma-theta, kg/m^3]
# name 17 = flag: flag
# span 0 =      2.000,    134.000       
# span 1 =     4.3351,     6.0800       
# span 2 =     4.3362,     6.0804       
# span 3 =   3.282070,   3.430193       
# span 4 =   3.282317,   3.430391       
# span 5 =     2.5136,     2.7662       
# span 6 =    -0.2180,     2.5742       
# span 7 =     0.4092,     0.6308       
# span 8 =    34.8367,    34.8953       
# span 9 = 3.5900e+02, 4.2906e+02       
# span 10 =      1.981,    132.696      
# span 11 =    34.8270,    34.8951      
# span 12 =    34.8426,    34.8961      
# span 13 =     6.6659,     7.1861      
# span 14 =    1469.79,    1474.93      
# span 15 =    27.4186,    27.6620      
# span 16 =    27.4200,    27.6637      
# span 17 = 0.0000e+00, 0.0000e+00      
# interval = decibars: 1                
# start_time = Jun 14 2018 20:15:22 [System UTC, first data scan.]
# bad_flag = -9.990e-29
*END*
[from data line 161]
    104.000     4.4069     4.4063   3.287303   3.287387     2.5238    -0.1300     0.4166    34.8877 4.1219e+02    102.995    34.8888    34.8904     6.6957    1469.87    27.6550    27.6564 0.0000e+00
    103.000     4.4087     4.4089   3.287409   3.287595     2.5235    -0.1521     0.4142    34.8881 4.1460e+02    102.005    34.8887    34.8907     6.6935    1469.86    27.6547    27.6563 0.0000e+00
    102.000     4.4083     4.4078   3.287353   3.287459     2.5238    -0.1177     0.4175    34.8885 4.1339e+02    101.015    34.8889    34.8908     6.6938    1469.84    27.6550    27.6565 0.0000e+00
    101.000     4.4109     4.4094   3.287521   3.287555     2.5242    -0.0824     0.4210    34.8881 4.1070e+02    100.025    34.8887    34.8907     6.6938    1469.83    27.6545    27.6562 0.0000e+00
    100.000     4.4154     4.4153   3.287870   3.288060     2.5244    -0.1290     0.4177    34.8881 4.1118e+02     99.035    34.8886    34.8909     6.6927    1469.84    27.6539    27.6557 0.0000e+00
     99.000     4.4200     4.4207   3.288254   3.288488     2.5253    -0.1203     0.4213    34.8880 4.1452e+02     98.045    34.8888    34.8908     6.6939    1469.84    27.6535    27.6550 0.0000e+00
     98.000     4.4245     4.4241   3.288616   3.288750     2.5255    -0.1397     0.4167    34.8883 4.1488e+02     97.055    34.8888    34.8909     6.6931    1469.84    27.6530    27.6547 0.0000e+00
     97.000     4.4242     4.4227   3.288556   3.288597     2.5257    -0.0680     0.4203    34.8887 4.1149e+02     96.065    34.8890    34.8910     6.6930    1469.82    27.6532    27.6550 0.0000e+00
     96.000     4.4263     4.4266   3.288673   3.288874     2.5263    -0.0916     0.4137    34.8883 4.1076e+02     95.074    34.8887    34.8908     6.6938    1469.82    27.6528    27.6544 0.0000e+00
     95.000     4.4282     4.4286   3.288801   3.289019     2.5276    -0.1329     0.4166    34.8885 4.1229e+02     94.084    34.8888    34.8909     6.6967    1469.81    27.6526    27.6542 0.0000e+00
     94.000     4.4312     4.4300   3.289062   3.289092     2.5281    -0.0909     0.4175    34.8888 4.1233e+02     93.094    34.8891    34.8908     6.6969    1469.80    27.6525    27.6540 0.0000e+00
     93.000     4.4330     4.4333   3.289160   3.289354     2.5289    -0.1129     0.4215    34.8886 4.1051e+02     92.104    34.8889    34.8909     6.6985    1469.79    27.6522    27.6537 0.0000e+00
     92.000     4.4354     4.4349   3.289349   3.289455     2.5290    -0.1100     0.4201    34.8888 4.1276e+02     91.114    34.8891    34.8909     6.6976    1469.79    27.6521    27.6535 0.0000e+00
     91.000     4.4545     4.4512   3.291008   3.290870     2.5304    -0.0021     0.4244    34.8890 4.0891e+02     90.124    34.8890    34.8910     6.6979    1469.85    27.6499    27.6518 0.0000e+00
     90.000     4.4526     4.4506   3.290807   3.290766     2.5316    -0.0724     0.4214    34.8893 4.0709e+02     89.134    34.8892    34.8909     6.7012    1469.83    27.6502    27.6518 0.0000e+00
     89.000     4.4531     4.4521   3.290811   3.290851     2.5312    -0.0892     0.4197    34.8892 4.0504e+02     88.143    34.8893    34.8908     6.6990    1469.81    27.6502    27.6515 0.0000e+00
     88.000     4.4560     4.4544   3.291040   3.291035     2.5307    -0.1142     0.4174    34.8892 4.0840e+02     87.153    34.8895    34.8911     6.6961    1469.81    27.6501    27.6515 0.0000e+00
     87.000     4.4628     4.4633   3.291619   3.291826     2.5302    -0.1057     0.4244    34.8891 4.0903e+02     86.163    34.8897    34.8916     6.6923    1469.82    27.6494    27.6509 0.0000e+00
     86.000     4.4689     4.4695   3.292152   3.292346     2.5301    -0.0872     0.4219    34.8895 4.0703e+02     85.173    34.8900    34.8917     6.6900    1469.83    27.6490    27.6503 0.0000e+00
     85.000     4.4707     4.4703   3.292254   3.292370     2.5302    -0.0862     0.4243    34.8895 4.0654e+02     84.183    34.8898    34.8916     6.6891    1469.82    27.6486    27.6501 0.0000e+00
     84.000     4.4738     4.4789   3.292505   3.293042     2.5309    -0.0931     0.4264    34.8892 4.0603e+02     83.193    34.8900    34.8909     6.6901    1469.82    27.6485    27.6486 0.0000e+00
     83.000     4.4839     4.4866   3.293372   3.293781     2.5316    -0.0945     0.4233    34.8892 4.0478e+02     82.202    34.8901    34.8920     6.6896    1469.84    27.6474    27.6486 0.0000e+00
     82.000     4.4900     4.4890   3.293990   3.293976     2.5322    -0.0839     0.4224    34.8906 4.0598e+02     81.212    34.8914    34.8923     6.6896    1469.85    27.6478    27.6486 0.0000e+00
     81.000     4.4957     4.4972   3.294455   3.294601     2.5320    -0.0146     0.4241    34.8907 4.0848e+02     80.222    34.8915    34.8916     6.6870    1469.86    27.6472    27.6471 0.0000e+00
     80.000     4.5056     4.5037   3.295245   3.295261     2.5319    -0.0766     0.4181    34.8899 4.0662e+02     79.232    34.8908    34.8929     6.6844    1469.88    27.6456    27.6475 0.0000e+00
     79.000     4.5051     4.5125   3.295214   3.295968     2.5318    -0.0794     0.4232    34.8906 4.0443e+02     78.242    34.8915    34.8925     6.6831    1469.87    27.6462    27.6461 0.0000e+00
     78.000     4.5281     4.5283   3.297189   3.297416     2.5310    -0.0670     0.4222    34.8896 4.0656e+02     77.251    34.8909    34.8934     6.6754    1469.94    27.6431    27.6451 0.0000e+00
     77.000     4.5328     4.5434   3.297613   3.298743     2.5314    -0.0538     0.4214    34.8907 4.0508e+02     76.261    34.8915    34.8936     6.6753    1469.95    27.6431    27.6435 0.0000e+00
     76.000     4.5537     4.5452   3.299429   3.299030     2.5325    -0.0235     0.4284    34.8893 4.0623e+02     75.271    34.8913    34.8956     6.6743    1470.02    27.6406    27.6449 0.0000e+00
     75.000     4.5588     4.5662   3.299831   3.300710     2.5325    -0.0075     0.4305    34.8900 4.0634e+02     74.281    34.8911    34.8937     6.6725    1470.02    27.6398    27.6411 0.0000e+00
     74.000     4.5863     4.5777   3.302258   3.301911     2.5328    -0.0115     0.4300    34.8889 4.0375e+02     73.290    34.8911    34.8961     6.6679    1470.12    27.6368    27.6417 0.0000e+00
     73.000     4.6013     4.6101   3.303478   3.304474     2.5343    -0.0028     0.4343    34.8882 4.0584e+02     72.300    34.8902    34.8925     6.6694    1470.16    27.6344    27.6353 0.0000e+00
     72.000     4.6165     4.6224   3.304802   3.305618     2.5348     0.0216     0.4449    34.8881 4.0572e+02     71.310    34.8901    34.8935     6.6675    1470.21    27.6326    27.6346 0.0000e+00
     71.000     4.6254     4.6319   3.305980   3.306422     2.5359     0.1223     0.4269    34.8933 4.0271e+02     70.320    34.8951    34.8935     6.6686    1470.23    27.6356    27.6335 0.0000e+00
     70.000     4.6538     4.6577   3.308096   3.308748     2.5368     0.0256     0.4341    34.8888 4.0652e+02     69.329    34.8905    34.8940     6.6659    1470.33    27.6287    27.6311 0.0000e+00
     69.000     4.6669     4.6677   3.309357   3.309392     2.5384     0.1383     0.4356    34.8893 4.0550e+02     68.339    34.8920    34.8915     6.6677    1470.37    27.6284    27.6279 0.0000e+00
     68.000     4.6865     4.6853   3.310926   3.310964     2.5412     0.1597     0.4418    34.8881 4.0225e+02     67.349    34.8903    34.8919     6.6729    1470.43    27.6248    27.6262 0.0000e+00
     67.000     4.7085     4.7139   3.312719   3.313352     2.5431     0.1325     0.4395    34.8864 4.0461e+02     66.359    34.8886    34.8902     6.6744    1470.50    27.6210    27.6217 0.0000e+00
     66.000     4.7479     4.7639   3.315855   3.317232     2.5459     0.1544     0.4469    34.8804 4.0501e+02     65.368    34.8842    34.8834     6.6761    1470.64    27.6131    27.6106 0.0000e+00
     65.000     4.7700     4.7734   3.317965   3.318099     2.5491     0.2419     0.4534    34.8840 4.0385e+02     64.378    34.8861    34.8841     6.6818    1470.72    27.6121    27.6101 0.0000e+00
     64.000     4.7951     4.8165   3.319777   3.321868     2.5535     0.2764     0.4413    34.8783 4.0278e+02     63.388    34.8814    34.8833     6.6912    1470.80    27.6055    27.6045 0.0000e+00
     63.000     4.8170     4.8118   3.321685   3.321342     2.5569     0.3063     0.4455    34.8787 4.0423e+02     62.398    34.8811    34.8827     6.6974    1470.87    27.6027    27.6045 0.0000e+00
     62.000     4.8407     4.8245   3.323738   3.322489     2.5610     0.4397     0.4518    34.8781 4.0341e+02     61.407    34.8807    34.8832     6.7057    1470.95    27.5997    27.6035 0.0000e+00
     61.000     4.8515     4.8623   3.324557   3.325578     2.5626     0.3721     0.4567    34.8776 4.0252e+02     60.417    34.8794    34.8800     6.7085    1470.97    27.5974    27.5966 0.0000e+00
     60.000     4.8671     4.8525   3.325920   3.324813     2.5686     0.4629     0.4548    34.8802 3.9707e+02     59.427    34.8795    34.8819     6.7243    1471.02    27.5956    27.5992 0.0000e+00
     59.000     4.8692     4.8606   3.326050   3.325409     2.5694     0.3578     0.4512    34.8790 3.9440e+02     58.436    34.8793    34.8809     6.7258    1471.01    27.5953    27.5975 0.0000e+00
     58.000     4.8850     4.8803   3.327271   3.327006     2.5693     0.4166     0.4529    34.8769 3.9467e+02     57.446    34.8775    34.8793     6.7219    1471.06    27.5920    27.5940 0.0000e+00
     57.000     4.8858     4.8870   3.327291   3.327593     2.5701     0.4131     0.4666    34.8773 3.9618e+02     56.456    34.8774    34.8796     6.7234    1471.05    27.5919    27.5935 0.0000e+00
     56.000     4.8921     4.8870   3.327842   3.327519     2.5719     0.5892     0.4579    34.8771 3.9579e+02     55.465    34.8777    34.8793     6.7275    1471.06    27.5913    27.5932 0.0000e+00
     55.000     4.8985     4.8983   3.328301   3.328381     2.5740     0.6510     0.4611    34.8762 3.9252e+02     54.475    34.8769    34.8780     6.7322    1471.06    27.5899    27.5909 0.0000e+00
     54.000     4.9011     4.9017   3.328477   3.328668     2.5755     0.5439     0.4575    34.8761 3.9273e+02     53.485    34.8768    34.8783     6.7357    1471.06    27.5895    27.5907 0.0000e+00
     53.000     4.9182     4.9202   3.329744   3.330210     2.5776     0.6406     0.4666    34.8724 3.9451e+02     52.494    34.8741    34.8774     6.7389    1471.11    27.5854    27.5878 0.0000e+00
     52.000     4.9475     4.9451   3.332234   3.332239     2.5821     0.8927     0.4789    34.8707 3.9500e+02     51.504    34.8728    34.8754     6.7474    1471.21    27.5811    27.5833 0.0000e+00
     51.000     4.9582     4.9565   3.333273   3.333290     2.5855     0.9626     0.4836    34.8727 3.9195e+02     50.514    34.8742    34.8761     6.7559    1471.24    27.5809    27.5826 0.0000e+00
     50.000     4.9660     4.9645   3.333989   3.333887     2.5890     1.0811     0.4909    34.8734 3.9296e+02     49.523    34.8749    34.8752     6.7648    1471.25    27.5805    27.5810 0.0000e+00
     49.000     4.9703     4.9714   3.334334   3.334542     2.5917     0.9879     0.4917    34.8737 3.9327e+02     48.533    34.8749    34.8761     6.7719    1471.26    27.5800    27.5809 0.0000e+00
     48.000     4.9754     4.9735   3.334754   3.334707     2.5933     1.1000     0.5101    34.8738 3.9127e+02     47.543    34.8749    34.8764     6.7755    1471.26    27.5794    27.5808 0.0000e+00
     47.000     4.9828     4.9784   3.335328   3.335109     2.5956     1.2555     0.5062    34.8734 3.9328e+02     46.552    34.8744    34.8765     6.7807    1471.27    27.5781    27.5803 0.0000e+00
     46.000     4.9849     4.9834   3.335505   3.335500     2.5982     1.1631     0.4974    34.8740 3.9402e+02     45.562    34.8748    34.8763     6.7878    1471.27    27.5782    27.5796 0.0000e+00
     45.000     4.9930     4.9926   3.336185   3.336270     2.6001     1.1619     0.5080    34.8738 3.9063e+02     44.572    34.8747    34.8761     6.7916    1471.28    27.5772    27.5784 0.0000e+00
     44.000     4.9982     5.0000   3.336583   3.336914     2.6038     1.3628     0.5150    34.8735 3.8928e+02     43.581    34.8744    34.8764     6.8019    1471.29    27.5763    27.5777 0.0000e+00
     43.000     5.0101     5.0091   3.337667   3.337683     2.6060     1.2908     0.5157    34.8735 3.9331e+02     42.591    34.8750    34.8763     6.8060    1471.32    27.5754    27.5766 0.0000e+00
     42.000     5.0213     5.0257   3.338392   3.339226     2.6079     1.1690     0.5190    34.8705 3.9339e+02     41.601    34.8723    34.8773     6.8094    1471.34    27.5720    27.5754 0.0000e+00
     41.000     5.0349     5.0438   3.339873   3.340888     2.6121     1.3297     0.5159    34.8741 3.8820e+02     40.610    34.8757    34.8781     6.8195    1471.39    27.5731    27.5739 0.0000e+00
     40.000     5.0567     5.0467   3.341846   3.341084     2.6164     1.4627     0.5194    34.8740 3.8969e+02     39.620    34.8763    34.8779     6.8287    1471.46    27.5710    27.5734 0.0000e+00
     39.000     5.0678     5.0654   3.342787   3.342702     2.6201     1.3391     0.5220    34.8743 3.9227e+02     38.629    34.8761    34.8776     6.8381    1471.49    27.5695    27.5710 0.0000e+00
     38.000     5.0708     5.0709   3.343004   3.343154     2.6240     1.5302     0.5284    34.8748 3.8987e+02     37.639    34.8760    34.8776     6.8490    1471.49    27.5691    27.5703 0.0000e+00
     37.000     5.0880     5.0878   3.344438   3.344522     2.6277     1.7004     0.5282    34.8734 3.8738e+02     36.649    34.8751    34.8763     6.8570    1471.54    27.5663    27.5673 0.0000e+00
     36.000     5.0945     5.0953   3.344920   3.345081     2.6328     1.4638     0.5348    34.8731 3.8910e+02     35.658    34.8745    34.8755     6.8717    1471.55    27.5650    27.5657 0.0000e+00
     35.000     5.1122     5.1064   3.346150   3.345806     2.6380     1.6057     0.5331    34.8690 3.9133e+02     34.668    34.8707    34.8728     6.8845    1471.60    27.5600    27.5623 0.0000e+00
     34.000     5.1157     5.1103   3.346384   3.346102     2.6414     1.4903     0.5308    34.8692 3.8911e+02     33.677    34.8702    34.8727     6.8939    1471.59    27.5592    27.5617 0.0000e+00
     33.000     5.1433     5.1317   3.348770   3.347830     2.6468     2.0357     0.5454    34.8649 3.8515e+02     32.687    34.8696    34.8708     6.9057    1471.69    27.5554    27.5578 0.0000e+00
     32.000     5.2311     5.2195   3.356180   3.355191     2.6537     1.6894     0.5438    34.8586 3.8936e+02     31.696    34.8639    34.8646     6.9115    1472.02    27.5404    27.5424 0.0000e+00
     31.000     5.2808     5.2698   3.360742   3.359689     2.6651     1.8944     0.5628    34.8593 3.8985e+02     30.706    34.8651    34.8645     6.9386    1472.21    27.5355    27.5363 0.0000e+00
     30.000     5.4774     5.4717   3.377371   3.377070     2.7138     2.2168     0.5758    34.8545 3.7941e+02     29.716    34.8522    34.8546     7.0591    1472.97    27.5016    27.5042 0.0000e+00
     29.000     5.4183     5.4177   3.372348   3.372393     2.7000     2.0377     0.5614    34.8564 3.7663e+02     28.725    34.8565    34.8576     7.0244    1472.72    27.5121    27.5131 0.0000e+00
     28.000     5.4193     5.4194   3.372386   3.372514     2.7003     2.1723     0.5669    34.8562 3.7804e+02     27.735    34.8563    34.8577     7.0241    1472.70    27.5118    27.5129 0.0000e+00
     27.000     5.4289     5.4262   3.373211   3.373042     2.7020     1.9587     0.5672    34.8555 3.7921e+02     26.744    34.8563    34.8573     7.0271    1472.73    27.5107    27.5117 0.0000e+00
     26.000     5.4416     5.4360   3.374157   3.373823     2.7055     2.0698     0.5630    34.8539 3.7570e+02     25.754    34.8546    34.8565     7.0352    1472.76    27.5077    27.5099 0.0000e+00
     25.000     5.4518     5.4531   3.375111   3.375218     2.7082     2.0339     0.5600    34.8539 3.7553e+02     24.763    34.8554    34.8552     7.0411    1472.78    27.5071    27.5068 0.0000e+00
