Ship_data/Irminger/Irminger-5/ctd/process/ar30-03006.cnv
* Sea-Bird SBE 9 Data File:
* FileName = D:\Data\ar30-03006.hdr
* Software Version Seasave V 7.23.2
* Temperature SN = 4312
* Conductivity SN = 2148
* Number of Bytes Per Scan = 44
* Number of Voltage Words = 5
* Number of Scans Averaged by the Deck Unit = 1
* NMEA Latitude = 59 57.97 N
* NMEA Longitude = 039 30.98 W
* NMEA UTC (Time) = Jun 09 2018  13:38:40
** Cruise ID: ar30-03
** Chief Sci: Macdonald
** Station #: 006
** Site ID: Irminger 5 HYPM
** ctd cast at HYPM site with 3 bottom releases tested
# nquan = 18
# nvalues = 5373                        
# units = specified
# name 0 = prDM: Pressure, Digiquartz [db]
# name 1 = t090C: Temperature [ITS-90, deg C]
# name 2 = t190C: Temperature, 2 [ITS-90, deg C]
# name 3 = c0S/m: Conductivity [S/m]
# name 4 = c1S/m: Conductivity, 2 [S/m]
# name 5 = sbeox0V: Oxygen raw, SBE 43 [V]
# name 6 = flECO-AFL: Fluorescence, WET Labs ECO-AFL/FL [mg/m^3]
# name 7 = turbWETntu0: Turbidity, WET Labs ECO [NTU]
# name 8 = sal00: Salinity, Practical [PSU]
# name 9 = spar: SPAR/Surface Irradiance
# name 10 = depSM: Depth [salt water, m], lat = 59.9662
# name 11 = sal00: Salinity, Practical [PSU]
# name 12 = sal11: Salinity, Practical, 2 [PSU]
# name 13 = sbeox0ML/L: Oxygen, SBE 43 [ml/l], WS = 2
# name 14 = svCM: Sound Velocity [Chen-Millero, m/s]
# name 15 = sigma-é00: Density [sigma-theta, kg/m^3]
# name 16 = sigma-é11: Density, 2 [sigma-theta, kg/m^3]
# name 17 = flag: flag
# span 0 =      5.000,   2691.000       
# span 1 =     1.5098,     5.9294       
# span 2 =     1.5108,     5.9286       
# span 3 =   3.139117,   3.419692       
# span 4 =   3.139142,   3.419692       
# span 5 =     1.7958,     2.7990       
# span 6 =    -0.4161,     5.3388       
# span 7 =     0.1764,     0.6723       
# span 8 =    34.8539,    34.9238       
# span 9 = 6.9941e+02, 1.1582e+03       
# span 10 =      4.953,   2648.683      
# span 11 =    34.8539,    34.9237      
# span 12 =    34.8529,    34.9234      
# span 13 =     5.9731,     7.2499      
# span 14 =    1472.68,    1500.67      
# span 15 =    27.4642,    27.9325      
# span 16 =    27.4651,    27.9317      
# span 17 = 0.0000e+00, 0.0000e+00      
# interval = decibars: 1                
# start_time = Jun 09 2018 13:38:40 [System UTC, first data scan.]
# bad_flag = -9.990e-29
*END*
[from data line 1930]
   1935.000     3.4239     3.4245   3.281162   3.281218     1.8901    -0.3809     0.3477    34.9210 9.4292e+02   1907.932    34.9208    34.9208     5.9847    1496.15    27.7964    27.7963 0.0000e+00
   1936.000     3.4236     3.4243   3.281187   3.281241     1.8899    -0.3756     0.3466    34.9212 9.4149e+02   1908.913    34.9209    34.9209     5.9847    1496.17    27.7965    27.7964 0.0000e+00
   1937.000     3.4196     3.4217   3.280848   3.281046     1.8899    -0.3691     0.3544    34.9210 9.4289e+02   1909.895    34.9207    34.9208     5.9860    1496.17    27.7967    27.7966 0.0000e+00
   1938.000     3.4193     3.4210   3.280909   3.281036     1.8898    -0.3670     0.3459    34.9213 9.4508e+02   1910.877    34.9212    34.9209     5.9866    1496.18    27.7972    27.7967 0.0000e+00
   1939.000     3.4180     3.4184   3.280762   3.280831     1.8898    -0.3730     0.3461    34.9209 9.4817e+02   1911.858    34.9204    34.9208     5.9873    1496.19    27.7966    27.7969 0.0000e+00
   1940.000     3.4145     3.4144   3.280475   3.280478     1.8892    -0.3875     0.3539    34.9207 9.5096e+02   1912.840    34.9202    34.9203     5.9864    1496.19    27.7968    27.7969 0.0000e+00
   1941.000     3.4163     3.4167   3.280725   3.280764     1.8895    -0.3734     0.3498    34.9210 9.5265e+02   1913.821    34.9207    34.9208     5.9878    1496.22    27.7971    27.7971 0.0000e+00
   1942.000     3.4100     3.4104   3.280077   3.280157     1.8892    -0.3755     0.3467    34.9202 9.5282e+02   1914.803    34.9192    34.9198     5.9884    1496.21    27.7965    27.7969 0.0000e+00
   1943.000     3.4086     3.4091   3.280072   3.280106     1.8896    -0.3890     0.3470    34.9205 9.5034e+02   1915.784    34.9201    34.9200     5.9914    1496.22    27.7974    27.7972 0.0000e+00
   1944.000     3.4093     3.4099   3.280155   3.280211     1.8891    -0.3907     0.3459    34.9202 9.4373e+02   1916.766    34.9199    34.9199     5.9899    1496.24    27.7971    27.7971 0.0000e+00
   1945.000     3.4098     3.4101   3.280238   3.280257     1.8888    -0.3806     0.3475    34.9202 9.3821e+02   1917.747    34.9200    34.9198     5.9889    1496.26    27.7971    27.7970 0.0000e+00
   1946.000     3.3998     3.3988   3.279278   3.279269     1.8888    -0.3926     0.3489    34.9200 9.5107e+02   1918.729    34.9186    34.9196     5.9915    1496.23    27.7970    27.7978 0.0000e+00
   1947.000     3.3927     3.3938   3.278754   3.278859     1.8887    -0.3903     0.3487    34.9202 9.5686e+02   1919.710    34.9194    34.9194     5.9932    1496.22    27.7983    27.7982 0.0000e+00
   1948.000     3.3906     3.3915   3.278612   3.278701     1.8887    -0.3913     0.3440    34.9202 9.5690e+02   1920.692    34.9194    34.9196     5.9943    1496.23    27.7985    27.7986 0.0000e+00
   1949.000     3.3884     3.3893   3.278473   3.278536     1.8885    -0.3908     0.3437    34.9203 9.5397e+02   1921.673    34.9196    34.9194     5.9946    1496.23    27.7989    27.7986 0.0000e+00
   1950.000     3.3876     3.3881   3.278430   3.278469     1.8882    -0.3924     0.3494    34.9202 9.5068e+02   1922.654    34.9195    34.9194     5.9940    1496.25    27.7988    27.7988 0.0000e+00
   1951.000     3.3832     3.3836   3.277931   3.278068     1.8882    -0.3923     0.3490    34.9197 9.4719e+02   1923.636    34.9178    34.9189     5.9959    1496.24    27.7979    27.7988 0.0000e+00
   1952.000     3.3769     3.3775   3.277513   3.277574     1.8884    -0.3902     0.3497    34.9199 9.4387e+02   1924.617    34.9189    34.9190     5.9985    1496.23    27.7995    27.7994 0.0000e+00
   1953.000     3.3756     3.3761   3.277434   3.277477     1.8881    -0.3910     0.3478    34.9198 9.4199e+02   1925.599    34.9189    34.9188     5.9982    1496.25    27.7996    27.7994 0.0000e+00
   1954.000     3.3799     3.3818   3.277867   3.278047     1.8874    -0.3840     0.3510    34.9193 9.4826e+02   1926.580    34.9190    34.9191     5.9953    1496.28    27.7993    27.7991 0.0000e+00
   1955.000     3.3768     3.3784   3.277539   3.277764     1.8872    -0.3912     0.3472    34.9192 9.5626e+02   1927.562    34.9179    34.9188     5.9956    1496.28    27.7987    27.7993 0.0000e+00
   1956.000     3.3714     3.3720   3.277136   3.277226     1.8873    -0.3716     0.3482    34.9193 9.5923e+02   1928.543    34.9183    34.9188     5.9976    1496.28    27.7995    27.7998 0.0000e+00
   1957.000     3.3671     3.3676   3.276753   3.276850     1.8868    -0.3715     0.3469    34.9191 9.6129e+02   1929.525    34.9178    34.9184     5.9972    1496.28    27.7995    27.7999 0.0000e+00
   1958.000     3.3634     3.3640   3.276510   3.276554     1.8876    -0.3743     0.3537    34.9191 9.6144e+02   1930.506    34.9183    34.9183     6.0017    1496.28    27.8003    27.8002 0.0000e+00
   1959.000     3.3626     3.3631   3.276456   3.276518     1.8876    -0.3768     0.3534    34.9189 9.5914e+02   1931.487    34.9181    34.9183     6.0027    1496.29    27.8002    27.8003 0.0000e+00
   1960.000     3.3607     3.3613   3.276309   3.276381     1.8876    -0.3936     0.3486    34.9189 9.5304e+02   1932.469    34.9179    34.9181     6.0038    1496.30    27.8002    27.8003 0.0000e+00
   1961.000     3.3551     3.3562   3.275801   3.275933     1.8875    -0.3894     0.3473    34.9184 9.4483e+02   1933.450    34.9172    34.9176     6.0055    1496.29    27.8002    27.8004 0.0000e+00
   1962.000     3.3514     3.3535   3.275537   3.275724     1.8875    -0.3755     0.3504    34.9182 9.4206e+02   1934.432    34.9175    34.9175     6.0066    1496.29    27.8008    27.8006 0.0000e+00
   1963.000     3.3479     3.3485   3.275177   3.275293     1.8876    -0.3728     0.3461    34.9179 9.5648e+02   1935.413    34.9165    34.9172     6.0086    1496.29    27.8003    27.8008 0.0000e+00
   1964.000     3.3437     3.3440   3.274907   3.274943     1.8877    -0.3732     0.3436    34.9180 9.6318e+02   1936.395    34.9173    34.9173     6.0104    1496.29    27.8013    27.8013 0.0000e+00
   1965.000     3.3422     3.3426   3.274753   3.274812     1.8877    -0.3676     0.3550    34.9177 9.6588e+02   1937.376    34.9165    34.9168     6.0115    1496.30    27.8009    27.8011 0.0000e+00
   1966.000     3.3380     3.3388   3.274443   3.274521     1.8875    -0.3843     0.3538    34.9176 9.6369e+02   1938.357    34.9167    34.9168     6.0122    1496.30    27.8015    27.8015 0.0000e+00
   1967.000     3.3346     3.3351   3.274107   3.274187     1.8877    -0.3767     0.3514    34.9171 9.5599e+02   1939.339    34.9158    34.9163     6.0142    1496.30    27.8011    27.8014 0.0000e+00
   1968.000     3.3270     3.3278   3.273388   3.273518     1.8877    -0.3693     0.3477    34.9165 9.4673e+02   1940.320    34.9149    34.9156     6.0166    1496.29    27.8010    27.8015 0.0000e+00
   1969.000     3.3207     3.3221   3.272853   3.273023     1.8877    -0.3731     0.3464    34.9161 9.4161e+02   1941.301    34.9146    34.9152     6.0185    1496.28    27.8014    27.8018 0.0000e+00
   1970.000     3.3179     3.3188   3.272698   3.272745     1.8878    -0.3721     0.3469    34.9161 9.4119e+02   1942.283    34.9153    34.9150     6.0197    1496.28    27.8023    27.8019 0.0000e+00
   1971.000     3.3175     3.3167   3.272617   3.272593     1.8878    -0.3658     0.3531    34.9157 9.4557e+02   1943.264    34.9142    34.9148     6.0210    1496.30    27.8014    27.8020 0.0000e+00
   1972.000     3.3147     3.3176   3.272451   3.272711     1.8883    -0.3761     0.3520    34.9154 9.5581e+02   1944.246    34.9148    34.9148     6.0242    1496.30    27.8021    27.8019 0.0000e+00
   1973.000     3.3147     3.3133   3.272425   3.272351     1.8887    -0.3784     0.3532    34.9152 9.6493e+02   1945.227    34.9140    34.9146     6.0268    1496.32    27.8015    27.8021 0.0000e+00
   1974.000     3.3112     3.3119   3.272205   3.272263     1.8888    -0.3797     0.3547    34.9152 9.6832e+02   1946.208    34.9146    34.9146     6.0285    1496.32    27.8024    27.8023 0.0000e+00
   1975.000     3.3104     3.3117   3.272123   3.272291     1.8887    -0.3697     0.3546    34.9150 9.6759e+02   1947.190    34.9140    34.9146     6.0293    1496.33    27.8019    27.8023 0.0000e+00
   1976.000     3.3073     3.3081   3.271917   3.271999     1.8890    -0.3896     0.3509    34.9151 9.6399e+02   1948.171    34.9144    34.9144     6.0315    1496.34    27.8025    27.8025 0.0000e+00
   1977.000     3.3055     3.3069   3.271755   3.271908     1.8891    -0.3831     0.3513    34.9148 9.5873e+02   1949.152    34.9138    34.9141     6.0331    1496.35    27.8023    27.8024 0.0000e+00
   1978.000     3.3042     3.3064   3.271686   3.271894     1.8890    -0.3511     0.3575    34.9147 9.5273e+02   1950.134    34.9139    34.9141     6.0338    1496.36    27.8024    27.8024 0.0000e+00
   1979.000     3.2963     3.2975   3.270821   3.271051     1.8890    -0.3618     0.3534    34.9136 9.4509e+02   1951.115    34.9114    34.9129     6.0361    1496.34    27.8012    27.8023 0.0000e+00
   1980.000     3.2860     3.2869   3.270018   3.270110     1.8890    -0.3704     0.3491    34.9135 9.3956e+02   1952.096    34.9123    34.9124     6.0385    1496.31    27.8029    27.8029 0.0000e+00
   1981.000     3.2832     3.2841   3.269803   3.269876     1.8892    -0.3680     0.3543    34.9131 9.4936e+02   1953.078    34.9122    34.9122     6.0409    1496.32    27.8031    27.8030 0.0000e+00
   1982.000     3.2807     3.2815   3.269621   3.269697     1.8904    -0.3666     0.3581    34.9130 9.6719e+02   1954.059    34.9122    34.9122     6.0473    1496.32    27.8033    27.8033 0.0000e+00
   1983.000     3.2792     3.2796   3.269512   3.269551     1.8904    -0.3663     0.3553    34.9129 9.7102e+02   1955.040    34.9120    34.9120     6.0483    1496.33    27.8033    27.8033 0.0000e+00
   1984.000     3.2737     3.2741   3.268996   3.269076     1.8905    -0.3713     0.3550    34.9124 9.6828e+02   1956.022    34.9112    34.9117     6.0502    1496.32    27.8031    27.8036 0.0000e+00
   1985.000     3.2694     3.2700   3.268678   3.268750     1.8904    -0.3673     0.3510    34.9125 9.6419e+02   1957.003    34.9114    34.9117     6.0514    1496.32    27.8038    27.8039 0.0000e+00
   1986.000     3.2665     3.2675   3.268427   3.268546     1.8904    -0.3730     0.3486    34.9124 9.5979e+02   1957.984    34.9111    34.9114     6.0527    1496.33    27.8038    27.8040 0.0000e+00
   1987.000     3.2633     3.2638   3.268181   3.268255     1.8904    -0.3666     0.3492    34.9121 9.5592e+02   1958.966    34.9110    34.9114     6.0541    1496.33    27.8040    27.8043 0.0000e+00
   1988.000     3.2612     3.2619   3.268008   3.268108     1.8904    -0.3814     0.3540    34.9119 9.5252e+02   1959.947    34.9107    34.9112     6.0553    1496.34    27.8040    27.8043 0.0000e+00
   1989.000     3.2582     3.2594   3.267784   3.267904     1.8905    -0.3902     0.3580    34.9117 9.5074e+02   1960.928    34.9108    34.9109     6.0568    1496.34    27.8043    27.8043 0.0000e+00
   1990.000     3.2566     3.2575   3.267678   3.267758     1.8911    -0.3877     0.3585    34.9114 9.5139e+02   1961.909    34.9106    34.9107     6.0607    1496.35    27.8044    27.8043 0.0000e+00
   1991.000     3.2551     3.2559   3.267574   3.267644     1.8915    -0.3822     0.3581    34.9112 9.5483e+02   1962.891    34.9105    34.9105     6.0636    1496.36    27.8044    27.8044 0.0000e+00
   1992.000     3.2522     3.2530   3.267323   3.267418     1.8916    -0.3921     0.3546    34.9110 9.5948e+02   1963.872    34.9102    34.9104     6.0650    1496.37    27.8044    27.8045 0.0000e+00
   1993.000     3.2476     3.2489   3.266924   3.267082     1.8913    -0.3938     0.3585    34.9109 9.6297e+02   1964.853    34.9098    34.9103     6.0656    1496.36    27.8045    27.8048 0.0000e+00
   1994.000     3.2456     3.2457   3.266802   3.266814     1.8915    -0.3914     0.3611    34.9108 9.6604e+02   1965.835    34.9100    34.9100     6.0674    1496.37    27.8049    27.8049 0.0000e+00
   1995.000     3.2435     3.2437   3.266626   3.266678     1.8915    -0.3901     0.3626    34.9107 9.6963e+02   1966.816    34.9096    34.9100     6.0686    1496.38    27.8048    27.8051 0.0000e+00
   1996.000     3.2388     3.2399   3.266264   3.266368     1.8917    -0.3709     0.3582    34.9105 9.7269e+02   1967.797    34.9097    34.9098     6.0710    1496.38    27.8053    27.8053 0.0000e+00
   1997.000     3.2392     3.2401   3.266343   3.266414     1.8918    -0.3859     0.3560    34.9104 9.7304e+02   1968.778    34.9098    34.9097     6.0720    1496.39    27.8053    27.8052 0.0000e+00
   1998.000     3.2375     3.2384   3.266214   3.266295     1.8918    -0.3929     0.3573    34.9102 9.6722e+02   1969.760    34.9095    34.9096     6.0731    1496.40    27.8053    27.8053 0.0000e+00
   1999.000     3.2381     3.2392   3.266327   3.266414     1.8919    -0.3739     0.3553    34.9102 9.5203e+02   1970.741    34.9099    34.9097     6.0743    1496.42    27.8055    27.8053 0.0000e+00
   2000.000     3.2378     3.2382   3.266247   3.266341     1.8918    -0.3705     0.3585    34.9099 9.3943e+02   1971.722    34.9087    34.9094     6.0748    1496.44    27.8047    27.8051 0.0000e+00
   2001.000     3.2254     3.2258   3.265126   3.265208     1.8918    -0.3883     0.3624    34.9094 9.3772e+02   1972.703    34.9079    34.9085     6.0778    1496.40    27.8052    27.8056 0.0000e+00
   2002.000     3.2205     3.2211   3.264756   3.264832     1.8918    -0.3747     0.3594    34.9094 9.4392e+02   1973.685    34.9083    34.9085     6.0795    1496.40    27.8059    27.8061 0.0000e+00
   2003.000     3.2170     3.2180   3.264523   3.264609     1.8918    -0.3700     0.3581    34.9095 9.5828e+02   1974.666    34.9086    34.9087     6.0809    1496.40    27.8065    27.8065 0.0000e+00
   2004.000     3.2160     3.2166   3.264493   3.264549     1.8917    -0.3692     0.3593    34.9096 9.7307e+02   1975.647    34.9089    34.9090     6.0813    1496.41    27.8069    27.8068 0.0000e+00
   2005.000     3.2157     3.2163   3.264518   3.264577     1.8914    -0.3692     0.3618    34.9096 9.7907e+02   1976.628    34.9090    34.9091     6.0806    1496.43    27.8070    27.8070 0.0000e+00
   2006.000     3.2155     3.2160   3.264559   3.264601     1.8909    -0.3712     0.3580    34.9097 9.7511e+02   1977.609    34.9093    34.9092     6.0796    1496.44    27.8072    27.8071 0.0000e+00
   2007.000     3.2154     3.2160   3.264589   3.264632     1.8913    -0.3934     0.3580    34.9098 9.6436e+02   1978.591    34.9093    34.9092     6.0822    1496.46    27.8072    27.8071 0.0000e+00
   2008.000     3.2151     3.2156   3.264604   3.264643     1.8909    -0.3918     0.3580    34.9097 9.4782e+02   1979.572    34.9093    34.9092     6.0811    1496.48    27.8073    27.8072 0.0000e+00
   2009.000     3.2150     3.2156   3.264635   3.264689     1.8907    -0.3908     0.3563    34.9096 9.3083e+02   1980.553    34.9093    34.9093     6.0812    1496.49    27.8073    27.8072 0.0000e+00
   2010.000     3.2148     3.2153   3.264650   3.264694     1.8906    -0.3915     0.3565    34.9096 9.2909e+02   1981.534    34.9092    34.9091     6.0817    1496.51    27.8072    27.8071 0.0000e+00
   2011.000     3.2130     3.2136   3.264529   3.264577     1.8904    -0.3921     0.3539    34.9095 9.4515e+02   1982.515    34.9091    34.9091     6.0815    1496.52    27.8074    27.8073 0.0000e+00
   2012.000     3.2126     3.2132   3.264556   3.264591     1.8899    -0.3892     0.3540    34.9096 9.5443e+02   1983.497    34.9094    34.9091     6.0802    1496.53    27.8076    27.8074 0.0000e+00
   2013.000     3.2124     3.2131   3.264540   3.264629     1.8897    -0.3925     0.3580    34.9094 9.6174e+02   1984.478    34.9089    34.9093     6.0802    1496.55    27.8073    27.8075 0.0000e+00
   2014.000     3.2107     3.2114   3.264466   3.264518     1.8895    -0.3938     0.3568    34.9097 9.6716e+02   1985.459    34.9094    34.9093     6.0806    1496.56    27.8078    27.8077 0.0000e+00
