Ship_data/Irminger/Irminger-5/ctd/process/ar30-03001.ros
* Sea-Bird SBE 9 Data File:
* FileName = D:\Data\ar30-03001.hdr
* Software Version Seasave V 7.23.2
* Temperature SN = 4230
* Conductivity SN = 2148
* Number of Bytes Per Scan = 44
* Number of Voltage Words = 5
* Number of Scans Averaged by the Deck Unit = 1
* NMEA Latitude = 62 46.29 N
* NMEA Longitude = 028 39.40 W
* NMEA UTC (Time) = Jun 06 2018  08:16:04
** Cruise ID: ar30-03
** Chief Sci: Macdonald
** Station ID: 001
# nquan = 13
# nvalues = 343                                   
# units = specified
# name 0 = prDM: Pressure, Digiquartz [db]
# name 1 = t090C: Temperature [ITS-90, deg C]
# name 2 = t190C: Temperature, 2 [ITS-90, deg C]
# name 3 = c0S/m: Conductivity [S/m]
# name 4 = c1S/m: Conductivity, 2 [S/m]
# name 5 = sbeox0V: Oxygen raw, SBE 43 [V]
# name 6 = flECO-AFL: Fluorescence, WET Labs ECO-AFL/FL [mg/m^3]
# name 7 = turbWETntu0: Turbidity, WET Labs ECO [NTU]
# name 8 = sal00: Salinity, Practical [PSU]
# name 9 = spar: SPAR/Surface Irradiance
# name 10 = scan: Scan Count
# name 11 = nbf: Bottles Fired
# name 12 = flag:  0.000e+00
# interval = seconds: 0.0416667
# start_time = Jun 06 2018 08:16:04 [System UTC, first data scan.]
# bad_flag = -9.990e-29
*END*
    147.951     6.1815     6.1687   3.455839   3.454435     2.4773    -0.2961     0.4117    34.9536 4.5394e+02     101706          1  0.000e+00
    147.895     6.1843     6.1677   3.456109   3.454405     2.4773    -0.2961     0.4166    34.9538 4.5394e+02     101707          1  0.000e+00
    148.072     6.1855     6.1667   3.456212   3.454319     2.4773    -0.2961     0.4166    34.9536 4.5394e+02     101708          1  0.000e+00
    148.088     6.1868     6.1667   3.456219   3.454246     2.4773    -0.2961     0.4117    34.9523 4.5394e+02     101709          1  0.000e+00
    148.016     6.1849     6.1669   3.455852   3.454216     2.4773    -0.2961     0.4117    34.9502 4.5394e+02     101710          1  0.000e+00
    148.192     6.1799     6.1667   3.455304   3.454246     2.4773    -0.2961     0.4117    34.9491 4.5394e+02     101711          1  0.000e+00
    148.072     6.1753     6.1661   3.454931   3.454216     2.4773    -0.2961     0.4117    34.9497 4.5169e+02     101712          1  0.000e+00
    148.249     6.1723     6.1664   3.454712   3.454124     2.4773    -0.2961     0.4117    34.9503 4.5169e+02     101713          1  0.000e+00
    148.208     6.1708     6.1687   3.454641   3.454124     2.4773    -0.3157     0.4117    34.9510 4.5394e+02     101714          1  0.000e+00
    148.249     6.1703     6.1688   3.454628   3.454374     2.4773    -0.2961     0.4117    34.9513 4.5169e+02     101715          1  0.000e+00
    148.249     6.1708     6.1688   3.454699   3.454508     2.4773    -0.2961     0.4117    34.9516 4.5394e+02     101716          1  0.000e+00
    148.369     6.1714     6.1692   3.454750   3.454405     2.4773    -0.2961     0.4117    34.9515 4.5169e+02     101717          1  0.000e+00
    148.369     6.1721     6.1695   3.454918   3.454435     2.4773    -0.2961     0.4166    34.9527 4.5169e+02     101718          1  0.000e+00
    148.385     6.1758     6.1684   3.455324   3.454557     2.4761    -0.2961     0.4117    34.9534 4.5394e+02     101719          1  0.000e+00
    148.425     6.1786     6.1690   3.455575   3.454496     2.4761    -0.2961     0.4166    34.9534 4.5394e+02     101720          1  0.000e+00
    148.425     6.1796     6.1697   3.455491   3.454374     2.4773    -0.2961     0.4117    34.9514 4.5169e+02     101721          1  0.000e+00
    148.490     6.1771     6.1685   3.455208   3.454466     2.4773    -0.2961     0.4117    34.9507 4.5169e+02     101722          1  0.000e+00
    148.546     6.1751     6.1671   3.455066   3.454478     2.4773    -0.3157     0.4117    34.9512 4.5169e+02     101723          1  0.000e+00
    148.546     6.1747     6.1659   3.455175   3.454313     2.4761    -0.2961     0.4117    34.9528 4.5394e+02     101724          1  0.000e+00
    148.562     6.1770     6.1645   3.455382   3.454185     2.4761    -0.2961     0.4117    34.9528 4.5169e+02     101725          1  0.000e+00
    148.667     6.1773     6.1635   3.455214   3.454033     2.4761    -0.2961     0.4117    34.9506 4.5169e+02     101726          1  0.000e+00
    148.610     6.1735     6.1627   3.454783   3.453966     2.4761    -0.2961     0.4117    34.9496 4.5169e+02     101727          1  0.000e+00
    148.667     6.1706     6.1617   3.454506   3.453874     2.4761    -0.2961     0.4117    34.9494 4.5169e+02     101728          1  0.000e+00
    148.723     6.1688     6.1615   3.454467   3.453813     2.4761    -0.2961     0.4166    34.9508 4.5169e+02     101729          1  0.000e+00
    148.803     6.1690     6.1617   3.454499   3.453752     2.4761    -0.3157     0.4117    34.9509 4.5169e+02     101730          1  0.000e+00
    148.787     6.1695     6.1598   3.454596   3.453795     2.4761    -0.2961     0.4117    34.9515 4.5169e+02     101731          1  0.000e+00
    148.843     6.1706     6.1578   3.454680   3.453624     2.4761    -0.2961     0.4117    34.9513 4.5169e+02     101732          1  0.000e+00
    148.843     6.1705     6.1570   3.454602   3.453374     2.4761    -0.2961     0.4117    34.9506 4.4944e+02     101733          1  0.000e+00
    148.843     6.1696     6.1580   3.454506   3.453222     2.4761    -0.2961     0.4117    34.9503 4.4944e+02     101734          1  0.000e+00
    148.916     6.1684     6.1588   3.454390   3.453283     2.4761    -0.2961     0.4117    34.9503 4.4944e+02     101735          1  0.000e+00
    148.964     6.1666     6.1585   3.454164   3.453411     2.4761    -0.2961     0.4117    34.9496 4.4944e+02     101736          1  0.000e+00
    148.964     6.1646     6.1551   3.453990   3.453563     2.4761    -0.2961     0.4117    34.9496 4.4944e+02     101737          1  0.000e+00
    149.020     6.1630     6.1534   3.453810   3.453252     2.4761    -0.3157     0.4117    34.9493 4.4944e+02     101738          1  0.000e+00
    149.036     6.1609     6.1546   3.453643   3.452850     2.4761    -0.3157     0.4117    34.9495 4.4944e+02     101739          1  0.000e+00
    149.020     6.1593     6.1564   3.453488   3.452880     2.4761    -0.2961     0.4068    34.9495 4.4944e+02     101740          1  0.000e+00
    149.085     6.1578     6.1585   3.453359   3.453112     2.4761    -0.2961     0.4117    34.9495 4.4720e+02     101741          1  0.000e+00
    149.141     6.1569     6.1609   3.453346   3.453313     2.4761    -0.2961     0.4068    34.9502 4.4944e+02     101742          1  0.000e+00
    149.141     6.1575     6.1619   3.453398   3.453563     2.4761    -0.2961     0.4068    34.9502 4.4720e+02     101743          1  0.000e+00
    149.157     6.1588     6.1615   3.453553   3.453783     2.4761    -0.2961     0.4117    34.9506 4.4720e+02     101744          1  0.000e+00
    149.141     6.1614     6.1619   3.453694   3.453752     2.4761    -0.2961     0.4117    34.9496 4.4720e+02     101745          1  0.000e+00
    149.197     6.1616     6.1624   3.453636   3.453685     2.4761    -0.2961     0.4068    34.9487 4.4720e+02     101746          1  0.000e+00
    149.197     6.1605     6.1624   3.453540   3.453655     2.4761    -0.2961     0.4068    34.9487 4.4720e+02     101747          1  0.000e+00
    149.261     6.1591     6.1624   3.453424   3.453752     2.4761    -0.2961     0.4117    34.9488 4.4720e+02     101748          1  0.000e+00
    149.213     6.1581     6.1614   3.453295   3.453783     2.4761    -0.2961     0.4117    34.9484 4.4495e+02     101749          1  0.000e+00
    149.262     6.1578     6.1601   3.453282   3.453734     2.4761    -0.2961     0.4117    34.9485 4.4495e+02     101750          1  0.000e+00
    149.262     6.1583     6.1588   3.453179   3.453533     2.4749    -0.2961     0.4068    34.9469 4.4495e+02     101751          1  0.000e+00
    149.318     6.1563     6.1575   3.452793   3.453441     2.4749    -0.2961     0.4068    34.9446 4.4495e+02     101752          1  0.000e+00
    149.262     6.1513     6.1567   3.452187   3.453313     2.4749    -0.3157     0.4068    34.9429 4.4495e+02     101753          1  0.000e+00
    149.334     6.1454     6.1567   3.451672   3.453222     2.4749    -0.3157     0.4068    34.9432 4.4495e+02     101754          1  0.000e+00
    105.520     6.4281     6.4273   3.476611   3.476520     2.5372    -0.2180     0.4361    34.9549 4.6293e+02     108512          2  0.000e+00
    105.560     6.4276     6.4277   3.476592   3.476623     2.5372    -0.2180     0.4361    34.9552 4.6293e+02     108513          2  0.000e+00
    105.400     6.4276     6.4275   3.476598   3.476593     2.5372    -0.2180     0.4361    34.9553 4.6293e+02     108514          2  0.000e+00
    105.632     6.4278     6.4275   3.476611   3.476611     2.5372    -0.2180     0.4361    34.9552 4.6068e+02     108515          2  0.000e+00
    105.560     6.4278     6.4273   3.476611   3.476654     2.5372    -0.2180     0.4361    34.9552 4.6068e+02     108516          2  0.000e+00
    105.633     6.4275     6.4270   3.476566   3.476624     2.5372    -0.2180     0.4361    34.9550 4.6293e+02     108517          2  0.000e+00
    105.633     6.4274     6.4273   3.476566   3.476593     2.5372    -0.2180     0.4361    34.9551 4.6068e+02     108518          2  0.000e+00
    105.681     6.4276     6.4275   3.476624   3.476611     2.5372    -0.2180     0.4361    34.9555 4.6293e+02     108519          2  0.000e+00
    105.753     6.4279     6.4275   3.476644   3.476624     2.5372    -0.2180     0.4361    34.9553 4.6293e+02     108520          2  0.000e+00
    105.753     6.4278     6.4273   3.476624   3.476624     2.5372    -0.2180     0.4361    34.9552 4.6068e+02     108521          2  0.000e+00
    105.745     6.4280     6.4273   3.476631   3.476611     2.5372    -0.1984     0.4361    34.9551 4.6068e+02     108522          2  0.000e+00
    105.817     6.4279     6.4272   3.476644   3.476562     2.5372    -0.1984     0.4361    34.9553 4.6068e+02     108523          2  0.000e+00
    105.874     6.4280     6.4275   3.476644   3.476624     2.5372    -0.1984     0.4361    34.9552 4.6068e+02     108524          2  0.000e+00
    105.857     6.4278     6.4277   3.476663   3.476624     2.5372    -0.1984     0.4361    34.9556 4.6068e+02     108525          2  0.000e+00
    105.930     6.4276     6.4277   3.476631   3.476673     2.5372    -0.1984     0.4361    34.9555 4.6068e+02     108526          2  0.000e+00
    105.994     6.4276     6.4277   3.476631   3.476654     2.5372    -0.1984     0.4361    34.9554 4.6068e+02     108527          2  0.000e+00
    105.978     6.4276     6.4277   3.476644   3.476654     2.5372    -0.1984     0.4361    34.9555 4.6068e+02     108528          2  0.000e+00
    106.050     6.4274     6.4277   3.476624   3.476624     2.5372    -0.1984     0.4361    34.9555 4.6068e+02     108529          2  0.000e+00
    106.050     6.4276     6.4278   3.476631   3.476642     2.5372    -0.1984     0.4361    34.9554 4.6068e+02     108530          2  0.000e+00
    106.155     6.4275     6.4276   3.476624   3.476715     2.5372    -0.1984     0.4361    34.9554 4.6068e+02     108531          2  0.000e+00
    106.115     6.4278     6.4278   3.476611   3.476624     2.5372    -0.1984     0.4361    34.9550 4.6068e+02     108532          2  0.000e+00
    106.171     6.4275     6.4275   3.476657   3.476703     2.5372    -0.1984     0.4361    34.9557 4.6068e+02     108533          2  0.000e+00
    106.275     6.4276     6.4277   3.476676   3.476624     2.5372    -0.1984     0.4361    34.9558 4.6068e+02     108534          2  0.000e+00
    106.291     6.4276     6.4273   3.476657   3.476685     2.5372    -0.1984     0.4361    34.9556 4.6068e+02     108535          2  0.000e+00
    106.291     6.4278     6.4273   3.476708   3.476654     2.5372    -0.1984     0.4361    34.9559 4.6068e+02     108536          2  0.000e+00
    106.331     6.4280     6.4272   3.476695   3.476642     2.5372    -0.1984     0.4361    34.9556 4.6068e+02     108537          2  0.000e+00
    106.347     6.4279     6.4270   3.476676   3.476624     2.5372    -0.1984     0.4361    34.9554 4.6068e+02     108538          2  0.000e+00
    106.468     6.4280     6.4270   3.476696   3.476563     2.5372    -0.1984     0.4361    34.9555 4.5843e+02     108539          2  0.000e+00
    106.508     6.4278     6.4267   3.476683   3.476593     2.5372    -0.1984     0.4361    34.9555 4.6068e+02     108540          2  0.000e+00
    106.468     6.4276     6.4270   3.476657   3.476581     2.5372    -0.1984     0.4361    34.9555 4.5843e+02     108541          2  0.000e+00
    106.588     6.4276     6.4267   3.476663   3.476624     2.5372    -0.1984     0.4361    34.9554 4.5843e+02     108542          2  0.000e+00
    106.572     6.4278     6.4272   3.476676   3.476563     2.5372    -0.1984     0.4361    34.9554 4.5843e+02     108543          2  0.000e+00
    106.645     6.4278     6.4270   3.476657   3.476642     2.5372    -0.1984     0.4361    34.9552 4.5843e+02     108544          2  0.000e+00
    106.645     6.4276     6.4272   3.476644   3.476624     2.5372    -0.1984     0.4361    34.9552 4.5843e+02     108545          2  0.000e+00
    106.749     6.4275     6.4272   3.476644   3.476654     2.5372    -0.2180     0.4313    34.9553 4.5843e+02     108546          2  0.000e+00
    106.765     6.4276     6.4272   3.476644   3.476624     2.5372    -0.2180     0.4313    34.9552 4.5843e+02     108547          2  0.000e+00
    106.765     6.4273     6.4273   3.476663   3.476612     2.5372    -0.2180     0.4313    34.9557 4.5843e+02     108548          2  0.000e+00
    106.869     6.4273     6.4270   3.476657   3.476655     2.5372    -0.2180     0.4313    34.9555 4.5843e+02     108549          2  0.000e+00
    106.877     6.4273     6.4267   3.476644   3.476624     2.5372    -0.2180     0.4313    34.9555 4.5843e+02     108550          2  0.000e+00
    106.926     6.4275     6.4265   3.476683   3.476593     2.5372    -0.2180     0.4313    34.9557 4.5619e+02     108551          2  0.000e+00
    106.998     6.4276     6.4265   3.476683   3.476551     2.5372    -0.2180     0.4313    34.9555 4.5843e+02     108552          2  0.000e+00
    106.998     6.4274     6.4262   3.476676   3.476593     2.5372    -0.2180     0.4313    34.9556 4.5619e+02     108553          2  0.000e+00
    106.982     6.4275     6.4267   3.476676   3.476593     2.5372    -0.2180     0.4313    34.9556 4.5843e+02     108554          2  0.000e+00
    107.118     6.4272     6.4268   3.476631   3.476612     2.5372    -0.2180     0.4313    34.9553 4.5843e+02     108555          2  0.000e+00
    107.118     6.4268     6.4267   3.476612   3.476655     2.5372    -0.2180     0.4313    34.9555 4.5843e+02     108556          2  0.000e+00
    107.102     6.4262     6.4270   3.476567   3.476624     2.5372    -0.2180     0.4313    34.9556 4.5619e+02     108557          2  0.000e+00
    107.239     6.4254     6.4265   3.476509   3.476624     2.5372    -0.2180     0.4313    34.9557 4.5619e+02     108558          2  0.000e+00
    107.175     6.4251     6.4265   3.476509   3.476612     2.5372    -0.2180     0.4313    34.9560 4.5619e+02     108559          2  0.000e+00
    107.279     6.4252     6.4264   3.476515   3.476594     2.5372    -0.2180     0.4313    34.9559 4.5619e+02     108560          2  0.000e+00
     40.956     6.7654     6.7649   3.505492   3.505465     2.6570     1.4621     0.5778    34.9644 5.0338e+02     115219          3  0.000e+00
     40.843     6.7656     6.7651   3.505486   3.505452     2.6570     1.4621     0.5778    34.9642 5.0338e+02     115220          3  0.000e+00
     40.956     6.7654     6.7649   3.505466   3.505495     2.6570     1.4621     0.5778    34.9641 5.0338e+02     115221          3  0.000e+00
     40.603     6.7651     6.7654   3.505440   3.505452     2.6570     1.4621     0.5778    34.9643 5.0563e+02     115222          3  0.000e+00
     40.667     6.7653     6.7654   3.505473   3.505434     2.6570     1.4621     0.5778    34.9645 5.0338e+02     115223          3  0.000e+00
     40.547     6.7654     6.7658   3.505486   3.505452     2.6570     1.4621     0.5778    34.9645 5.0563e+02     115224          3  0.000e+00
     40.547     6.7654     6.7661   3.505531   3.505532     2.6570     1.4621     0.5778    34.9651 5.0563e+02     115225          3  0.000e+00
     40.547     6.7656     6.7666   3.505557   3.505513     2.6570     1.4621     0.5778    34.9651 5.0563e+02     115226          3  0.000e+00
     40.370     6.7661     6.7671   3.505557   3.505562     2.6570     1.4621     0.5778    34.9647 5.0563e+02     115227          3  0.000e+00
     40.370     6.7662     6.7676   3.505589   3.505636     2.6570     1.4621     0.5778    34.9649 5.0563e+02     115228          3  0.000e+00
     40.306     6.7668     6.7681   3.505641   3.505624     2.6570     1.4621     0.5778    34.9649 5.0787e+02     115229          3  0.000e+00
     40.194     6.7672     6.7685   3.505648   3.505667     2.6570     1.4621     0.5778    34.9646 5.0787e+02     115230          3  0.000e+00
     40.130     6.7675     6.7685   3.505660   3.505746     2.6570     1.4621     0.5778    34.9645 5.0787e+02     115231          3  0.000e+00
