Ship_data/Irminger/Irminger-5/ctd/process/ar30-03011.cnv
* Sea-Bird SBE 9 Data File:
* FileName = D:\Data\ar30-03011.hdr
* Software Version Seasave V 7.23.2
* Temperature SN = 4312
* Conductivity SN = 2148
* Number of Bytes Per Scan = 44
* Number of Voltage Words = 5
* Number of Scans Averaged by the Deck Unit = 1
* NMEA Latitude = 59 39.70 N
* NMEA Longitude = 038 37.20 W
* NMEA UTC (Time) = Jun 13 2018  13:11:35
** Cruise ID: ar30-03
** Chief Sci: Macdonald
** Station #: 011
** Site ID: Irminger 5 OSNAP M4
** cast near OSNAP M4 mooring
# nquan = 18
# nvalues = 5984                        
# units = specified
# name 0 = prDM: Pressure, Digiquartz [db]
# name 1 = t090C: Temperature [ITS-90, deg C]
# name 2 = t190C: Temperature, 2 [ITS-90, deg C]
# name 3 = c0S/m: Conductivity [S/m]
# name 4 = c1S/m: Conductivity, 2 [S/m]
# name 5 = sbeox0V: Oxygen raw, SBE 43 [V]
# name 6 = flECO-AFL: Fluorescence, WET Labs ECO-AFL/FL [mg/m^3]
# name 7 = turbWETntu0: Turbidity, WET Labs ECO [NTU]
# name 8 = sal00: Salinity, Practical [PSU]
# name 9 = spar: SPAR/Surface Irradiance
# name 10 = depSM: Depth [salt water, m], lat = 59.6617
# name 11 = sal00: Salinity, Practical [PSU]
# name 12 = sal11: Salinity, Practical, 2 [PSU]
# name 13 = sbeox0ML/L: Oxygen, SBE 43 [ml/l], WS = 2
# name 14 = svCM: Sound Velocity [Chen-Millero, m/s]
# name 15 = sigma-é00: Density [sigma-theta, kg/m^3]
# name 16 = sigma-é11: Density, 2 [sigma-theta, kg/m^3]
# name 17 = flag: flag
# span 0 =      4.000,   2996.000       
# span 1 =     1.4946,     5.4530       
# span 2 =     1.4915,     5.4354       
# span 3 =   3.150083,   3.371218       
# span 4 =   3.149841,   3.369708       
# span 5 =     1.4924,     2.7393       
# span 6 =    -0.4164,     1.6192       
# span 7 =     0.3398,     0.6329       
# span 8 =    34.5319,    34.9317       
# span 9 = 9.3486e+02, 2.2297e+03       
# span 10 =      3.962,   2946.881      
# span 11 =    34.5356,    34.9316      
# span 12 =    34.8199,    34.9317      
# span 13 =     4.4683,     7.1385      
# span 14 =    1467.96,    1508.12      
# span 15 =    27.4788,    27.9574      
# span 16 =    27.4817,    27.9361      
# span 17 = 0.0000e+00, 0.0000e+00      
# interval = decibars: 1                
# start_time = Jun 13 2018 13:11:35 [System UTC, first data scan.]
# bad_flag = -9.990e-29
*END*
[from data line 2252]
   2256.000     3.0807     3.0815   3.264261   3.264321     1.8114    -0.3478     0.3410    34.9294 1.5141e+03   2222.825    34.9291    34.9290     5.9422    1500.11    27.8375    27.8373 0.0000e+00
   2257.000     3.0810     3.0818   3.264310   3.264375     1.8113    -0.3723     0.3441    34.9292 1.5285e+03   2223.805    34.9290    34.9289     5.9424    1500.12    27.8374    27.8372 0.0000e+00
   2258.000     3.0811     3.0822   3.264394   3.264466     1.8102    -0.3680     0.3471    34.9295 1.5564e+03   2224.786    34.9294    34.9291     5.9384    1500.14    27.8377    27.8373 0.0000e+00
   2259.000     3.0810     3.0817   3.264426   3.264487     1.8102    -0.3923     0.3434    34.9294 1.5449e+03   2225.766    34.9294    34.9293     5.9391    1500.16    27.8377    27.8376 0.0000e+00
   2260.000     3.0809     3.0818   3.264476   3.264524     1.8102    -0.3938     0.3433    34.9296 1.5332e+03   2226.746    34.9296    34.9292     5.9399    1500.18    27.8379    27.8375 0.0000e+00
   2261.000     3.0811     3.0819   3.264512   3.264567     1.8102    -0.3887     0.3433    34.9295 1.5198e+03   2227.726    34.9294    34.9292     5.9407    1500.19    27.8377    27.8375 0.0000e+00
   2262.000     3.0811     3.0820   3.264551   3.264604     1.8102    -0.3923     0.3441    34.9294 1.5073e+03   2228.706    34.9293    34.9291     5.9415    1500.21    27.8377    27.8374 0.0000e+00
   2263.000     3.0811     3.0819   3.264589   3.264657     1.8102    -0.3911     0.3461    34.9293 1.4985e+03   2229.686    34.9293    34.9293     5.9423    1500.23    27.8377    27.8376 0.0000e+00
   2264.000     3.0811     3.0818   3.264615   3.264677     1.8101    -0.3798     0.3472    34.9293 1.4960e+03   2230.666    34.9292    34.9292     5.9424    1500.24    27.8376    27.8375 0.0000e+00
   2265.000     3.0816     3.0826   3.264684   3.264754     1.8098    -0.3691     0.3444    34.9290 1.5460e+03   2231.646    34.9290    34.9288     5.9419    1500.26    27.8374    27.8371 0.0000e+00
   2266.000     3.0805     3.0816   3.264650   3.264738     1.8094    -0.3662     0.3434    34.9295 1.5513e+03   2232.626    34.9293    34.9291     5.9412    1500.27    27.8378    27.8375 0.0000e+00
   2267.000     3.0802     3.0810   3.264688   3.264740     1.8091    -0.3672     0.3433    34.9296 1.5383e+03   2233.606    34.9296    34.9293     5.9406    1500.29    27.8380    27.8377 0.0000e+00
   2268.000     3.0801     3.0808   3.264693   3.264735     1.8090    -0.3672     0.3433    34.9294 1.5256e+03   2234.586    34.9293    34.9290     5.9410    1500.31    27.8378    27.8375 0.0000e+00
   2269.000     3.0796     3.0804   3.264689   3.264755     1.8092    -0.3834     0.3433    34.9294 1.5140e+03   2235.566    34.9293    34.9293     5.9424    1500.32    27.8379    27.8377 0.0000e+00
   2270.000     3.0793     3.0801   3.264705   3.264755     1.8091    -0.3872     0.3433    34.9294 1.5053e+03   2236.546    34.9293    34.9291     5.9427    1500.34    27.8379    27.8376 0.0000e+00
   2271.000     3.0790     3.0798   3.264720   3.264771     1.8091    -0.3934     0.3433    34.9293 1.5004e+03   2237.526    34.9293    34.9291     5.9435    1500.35    27.8379    27.8377 0.0000e+00
   2272.000     3.0788     3.0796   3.264743   3.264787     1.8091    -0.3914     0.3433    34.9294 1.5026e+03   2238.507    34.9293    34.9290     5.9444    1500.37    27.8380    27.8377 0.0000e+00
   2273.000     3.0796     3.0808   3.264825   3.264912     1.8087    -0.3656     0.3445    34.9291 1.5304e+03   2239.487    34.9290    34.9288     5.9434    1500.39    27.8377    27.8374 0.0000e+00
   2274.000     3.0791     3.0800   3.264854   3.264908     1.8082    -0.3649     0.3433    34.9295 1.5286e+03   2240.467    34.9295    34.9291     5.9418    1500.40    27.8381    27.8377 0.0000e+00
   2275.000     3.0792     3.0800   3.264901   3.264947     1.8079    -0.3670     0.3433    34.9294 1.5280e+03   2241.447    34.9295    34.9292     5.9412    1500.42    27.8381    27.8377 0.0000e+00
   2276.000     3.0792     3.0799   3.264937   3.264988     1.8079    -0.3848     0.3456    34.9294 1.5285e+03   2242.427    34.9294    34.9292     5.9420    1500.44    27.8380    27.8378 0.0000e+00
   2277.000     3.0790     3.0799   3.264964   3.265019     1.8079    -0.3928     0.3466    34.9294 1.5304e+03   2243.406    34.9294    34.9291     5.9429    1500.45    27.8381    27.8378 0.0000e+00
   2278.000     3.0791     3.0798   3.265011   3.265043     1.8079    -0.3905     0.3433    34.9294 1.5320e+03   2244.386    34.9294    34.9290     5.9436    1500.47    27.8380    27.8377 0.0000e+00
   2279.000     3.0792     3.0800   3.265058   3.265108     1.8076    -0.3919     0.3433    34.9294 1.5326e+03   2245.367    34.9294    34.9292     5.9431    1500.49    27.8380    27.8378 0.0000e+00
   2280.000     3.0797     3.0806   3.265137   3.265194     1.8072    -0.3899     0.3463    34.9293 1.5298e+03   2246.347    34.9293    34.9291     5.9419    1500.51    27.8379    27.8377 0.0000e+00
   2281.000     3.0801     3.0808   3.265198   3.265248     1.8067    -0.3779     0.3468    34.9292 1.5411e+03   2247.327    34.9292    34.9290     5.9402    1500.53    27.8378    27.8376 0.0000e+00
   2282.000     3.0800     3.0807   3.265257   3.265292     1.8067    -0.3913     0.3483    34.9295 1.5564e+03   2248.307    34.9296    34.9292     5.9412    1500.54    27.8381    27.8377 0.0000e+00
   2283.000     3.0795     3.0803   3.265243   3.265298     1.8067    -0.3696     0.3433    34.9294 1.5540e+03   2249.287    34.9294    34.9293     5.9421    1500.56    27.8381    27.8379 0.0000e+00
   2284.000     3.0786     3.0795   3.265186   3.265273     1.8066    -0.3714     0.3433    34.9294 1.5464e+03   2250.267    34.9293    34.9293     5.9426    1500.57    27.8380    27.8380 0.0000e+00
   2285.000     3.0769     3.0777   3.265073   3.265157     1.8060    -0.3728     0.3433    34.9295 1.5373e+03   2251.247    34.9292    34.9293     5.9410    1500.58    27.8381    27.8382 0.0000e+00
   2286.000     3.0756     3.0765   3.265033   3.265082     1.8061    -0.3639     0.3486    34.9296 1.5282e+03   2252.227    34.9296    34.9292     5.9423    1500.59    27.8386    27.8382 0.0000e+00
   2287.000     3.0755     3.0765   3.265042   3.265118     1.8056    -0.3754     0.3471    34.9295 1.5206e+03   2253.207    34.9293    34.9292     5.9406    1500.61    27.8384    27.8382 0.0000e+00
   2288.000     3.0749     3.0756   3.265026   3.265072     1.8055    -0.3901     0.3434    34.9295 1.5214e+03   2254.187    34.9294    34.9292     5.9412    1500.62    27.8385    27.8383 0.0000e+00
   2289.000     3.0749     3.0759   3.265060   3.265124     1.8055    -0.3746     0.3434    34.9293 1.5371e+03   2255.166    34.9292    34.9290     5.9418    1500.64    27.8384    27.8381 0.0000e+00
   2290.000     3.0749     3.0756   3.265124   3.265157     1.8053    -0.3930     0.3453    34.9295 1.5431e+03   2256.146    34.9295    34.9292     5.9420    1500.66    27.8386    27.8383 0.0000e+00
   2291.000     3.0746     3.0755   3.265130   3.265193     1.8048    -0.3784     0.3479    34.9295 1.5403e+03   2257.126    34.9294    34.9292     5.9404    1500.67    27.8386    27.8384 0.0000e+00
   2292.000     3.0746     3.0755   3.265171   3.265228     1.8047    -0.3712     0.3482    34.9295 1.5367e+03   2258.106    34.9295    34.9292     5.9408    1500.69    27.8387    27.8383 0.0000e+00
   2293.000     3.0748     3.0756   3.265229   3.265273     1.8045    -0.3697     0.3479    34.9295 1.5336e+03   2259.086    34.9295    34.9292     5.9407    1500.71    27.8386    27.8383 0.0000e+00
   2294.000     3.0750     3.0756   3.265285   3.265311     1.8043    -0.3872     0.3441    34.9294 1.5323e+03   2260.066    34.9295    34.9292     5.9405    1500.72    27.8387    27.8384 0.0000e+00
   2295.000     3.0752     3.0759   3.265345   3.265381     1.8043    -0.3928     0.3434    34.9295 1.5350e+03   2261.046    34.9295    34.9292     5.9412    1500.74    27.8387    27.8383 0.0000e+00
   2296.000     3.0753     3.0762   3.265384   3.265435     1.8043    -0.3903     0.3433    34.9294 1.5420e+03   2262.026    34.9294    34.9291     5.9421    1500.76    27.8386    27.8382 0.0000e+00
   2297.000     3.0753     3.0765   3.265420   3.265499     1.8043    -0.3931     0.3459    34.9293 1.5532e+03   2263.006    34.9294    34.9291     5.9426    1500.77    27.8385    27.8382 0.0000e+00
   2298.000     3.0753     3.0761   3.265450   3.265501     1.8038    -0.3766     0.3440    34.9293 1.5628e+03   2263.986    34.9293    34.9290     5.9412    1500.79    27.8385    27.8382 0.0000e+00
   2299.000     3.0757     3.0764   3.265534   3.265584     1.8033    -0.3743     0.3433    34.9294 1.5681e+03   2264.966    34.9294    34.9292     5.9395    1500.81    27.8385    27.8383 0.0000e+00
   2300.000     3.0755     3.0761   3.265549   3.265592     1.8032    -0.3929     0.3433    34.9294 1.5715e+03   2265.946    34.9293    34.9292     5.9397    1500.83    27.8385    27.8383 0.0000e+00
   2301.000     3.0749     3.0758   3.265532   3.265601     1.8031    -0.3928     0.3433    34.9294 1.5706e+03   2266.926    34.9293    34.9291     5.9403    1500.84    27.8385    27.8383 0.0000e+00
   2302.000     3.0708     3.0719   3.265180   3.265278     1.8031    -0.3736     0.3457    34.9293 1.5638e+03   2267.906    34.9289    34.9289     5.9416    1500.84    27.8386    27.8385 0.0000e+00
   2303.000     3.0693     3.0700   3.265092   3.265146     1.8029    -0.3974     0.3439    34.9293 1.5570e+03   2268.885    34.9290    34.9289     5.9420    1500.85    27.8388    27.8387 0.0000e+00
   2304.000     3.0679     3.0689   3.265031   3.265089     1.8027    -0.3949     0.3434    34.9294 1.5568e+03   2269.865    34.9292    34.9289     5.9420    1500.86    27.8391    27.8388 0.0000e+00
   2305.000     3.0672     3.0680   3.264992   3.265055     1.8028    -0.3720     0.3433    34.9293 1.5651e+03   2270.845    34.9290    34.9289     5.9432    1500.88    27.8390    27.8389 0.0000e+00
   2306.000     3.0658     3.0666   3.264917   3.264964     1.8026    -0.3701     0.3433    34.9293 1.5763e+03   2271.825    34.9291    34.9289     5.9436    1500.89    27.8393    27.8390 0.0000e+00
   2307.000     3.0656     3.0664   3.264933   3.264982     1.8022    -0.3709     0.3458    34.9293 1.5735e+03   2272.805    34.9291    34.9288     5.9422    1500.90    27.8393    27.8390 0.0000e+00
   2308.000     3.0654     3.0662   3.264955   3.264999     1.8021    -0.3884     0.3444    34.9293 1.5532e+03   2273.785    34.9291    34.9288     5.9426    1500.92    27.8393    27.8390 0.0000e+00
   2309.000     3.0643     3.0653   3.264888   3.264964     1.8020    -0.3912     0.3433    34.9293 1.5365e+03   2274.765    34.9291    34.9288     5.9433    1500.93    27.8394    27.8391 0.0000e+00
   2310.000     3.0636     3.0645   3.264863   3.264932     1.8020    -0.3735     0.3411    34.9293 1.5282e+03   2275.745    34.9289    34.9289     5.9442    1500.94    27.8394    27.8392 0.0000e+00
   2311.000     3.0618     3.0626   3.264760   3.264813     1.8015    -0.3679     0.3422    34.9294 1.5241e+03   2276.724    34.9292    34.9290     5.9431    1500.95    27.8397    27.8395 0.0000e+00
   2312.000     3.0616     3.0624   3.264781   3.264827     1.8012    -0.3703     0.3433    34.9294 1.5254e+03   2277.704    34.9292    34.9288     5.9424    1500.97    27.8398    27.8394 0.0000e+00
   2313.000     3.0612     3.0622   3.264775   3.264843     1.8010    -0.3686     0.3433    34.9292 1.5296e+03   2278.684    34.9290    34.9288     5.9424    1500.98    27.8397    27.8394 0.0000e+00
   2314.000     3.0611     3.0619   3.264801   3.264851     1.8008    -0.3708     0.3462    34.9292 1.5359e+03   2279.664    34.9290    34.9287     5.9422    1501.00    27.8397    27.8393 0.0000e+00
   2315.000     3.0602     3.0610   3.264762   3.264808     1.8008    -0.3923     0.3459    34.9291 1.5319e+03   2280.644    34.9290    34.9287     5.9432    1501.01    27.8397    27.8395 0.0000e+00
   2316.000     3.0603     3.0612   3.264827   3.264876     1.8008    -0.3733     0.3450    34.9293 1.5181e+03   2281.624    34.9292    34.9289     5.9440    1501.03    27.8399    27.8396 0.0000e+00
   2317.000     3.0604     3.0613   3.264877   3.264931     1.8008    -0.3831     0.3469    34.9292 1.5114e+03   2282.604    34.9292    34.9289     5.9445    1501.05    27.8399    27.8396 0.0000e+00
   2318.000     3.0605     3.0613   3.264920   3.264965     1.8008    -0.3938     0.3468    34.9293 1.5120e+03   2283.583    34.9292    34.9289     5.9453    1501.07    27.8399    27.8396 0.0000e+00
   2319.000     3.0608     3.0616   3.264993   3.265039     1.8001    -0.3919     0.3485    34.9293 1.5220e+03   2284.563    34.9293    34.9289     5.9427    1501.08    27.8399    27.8396 0.0000e+00
   2320.000     3.0604     3.0611   3.264987   3.265023     1.7998    -0.3733     0.3472    34.9292 1.5345e+03   2285.543    34.9291    34.9288     5.9425    1501.10    27.8398    27.8396 0.0000e+00
   2321.000     3.0597     3.0606   3.264968   3.265023     1.7997    -0.3719     0.3435    34.9292 1.5419e+03   2286.523    34.9292    34.9289     5.9425    1501.11    27.8400    27.8397 0.0000e+00
   2322.000     3.0594     3.0602   3.264987   3.265031     1.7997    -0.3929     0.3437    34.9293 1.5406e+03   2287.502    34.9293    34.9289     5.9434    1501.13    27.8401    27.8398 0.0000e+00
   2323.000     3.0593     3.0600   3.265014   3.265050     1.7996    -0.3938     0.3473    34.9293 1.5328e+03   2288.482    34.9292    34.9289     5.9440    1501.15    27.8401    27.8398 0.0000e+00
   2324.000     3.0583     3.0596   3.264926   3.265044     1.7994    -0.3874     0.3477    34.9291 1.5186e+03   2289.462    34.9288    34.9288     5.9440    1501.16    27.8398    27.8397 0.0000e+00
   2325.000     3.0530     3.0551   3.264526   3.264700     1.7995    -0.3678     0.3460    34.9296 1.5095e+03   2290.442    34.9291    34.9290     5.9459    1501.15    27.8406    27.8403 0.0000e+00
   2326.000     3.0529     3.0539   3.264594   3.264653     1.7987    -0.3734     0.3445    34.9296 1.5127e+03   2291.422    34.9296    34.9292     5.9434    1501.17    27.8409    27.8405 0.0000e+00
   2327.000     3.0532     3.0539   3.264633   3.264683     1.7989    -0.3940     0.3488    34.9295 1.5188e+03   2292.402    34.9293    34.9291     5.9449    1501.19    27.8407    27.8405 0.0000e+00
   2328.000     3.0526     3.0536   3.264630   3.264698     1.7985    -0.3916     0.3471    34.9295 1.5238e+03   2293.381    34.9294    34.9291     5.9437    1501.20    27.8408    27.8406 0.0000e+00
   2329.000     3.0527     3.0535   3.264679   3.264730     1.7985    -0.3927     0.3450    34.9295 1.5262e+03   2294.361    34.9294    34.9292     5.9445    1501.22    27.8409    27.8406 0.0000e+00
   2330.000     3.0526     3.0535   3.264708   3.264761     1.7985    -0.3836     0.3456    34.9295 1.5265e+03   2295.341    34.9294    34.9290     5.9454    1501.24    27.8408    27.8405 0.0000e+00
   2331.000     3.0526     3.0535   3.264724   3.264790     1.7980    -0.3846     0.3445    34.9292 1.5135e+03   2296.321    34.9291    34.9289     5.9439    1501.25    27.8406    27.8404 0.0000e+00
   2332.000     3.0521     3.0527   3.264744   3.264771     1.7975    -0.3940     0.3432    34.9295 1.4792e+03   2297.301    34.9294    34.9290     5.9423    1501.27    27.8409    27.8406 0.0000e+00
   2333.000     3.0514     3.0523   3.264734   3.264775     1.7973    -0.3926     0.3439    34.9296 1.4706e+03   2298.280    34.9295    34.9291     5.9424    1501.28    27.8411    27.8407 0.0000e+00
   2334.000     3.0522     3.0531   3.264855   3.264894     1.7973    -0.3926     0.3484    34.9295 1.4719e+03   2299.260    34.9296    34.9291     5.9430    1501.30    27.8411    27.8406 0.0000e+00
