Ship_data/Irminger/Irminger-5/ctd/process/ar30-03014.ros
* Sea-Bird SBE 9 Data File:
* FileName = D:\Data\ar30-03014.hdr
* Software Version Seasave V 7.23.2
* Temperature SN = 4312
* Conductivity SN = 2148
* Number of Bytes Per Scan = 44
* Number of Voltage Words = 5
* Number of Scans Averaged by the Deck Unit = 1
* NMEA Latitude = 59 44.59 N
* NMEA Longitude = 039 35.05 W
* NMEA UTC (Time) = Jun 15 2018  15:52:39
** Cruise ID: ar30-03
** Chief Sci: Macdonald
** Station #: 014
** Site ID: Irminger 5 OSNAP CAB
** Full ocean depth cast at OSNAP CAB site. 3 bottom releases tested.
# nquan = 13
# nvalues = 833                                   
# units = specified
# name 0 = prDM: Pressure, Digiquartz [db]
# name 1 = t090C: Temperature [ITS-90, deg C]
# name 2 = t190C: Temperature, 2 [ITS-90, deg C]
# name 3 = c0S/m: Conductivity [S/m]
# name 4 = c1S/m: Conductivity, 2 [S/m]
# name 5 = sbeox0V: Oxygen raw, SBE 43 [V]
# name 6 = flECO-AFL: Fluorescence, WET Labs ECO-AFL/FL [mg/m^3]
# name 7 = turbWETntu0: Turbidity, WET Labs ECO [NTU]
# name 8 = sal00: Salinity, Practical [PSU]
# name 9 = spar: SPAR/Surface Irradiance
# name 10 = scan: Scan Count
# name 11 = nbf: Bottles Fired
# name 12 = flag:  0.000e+00
# interval = seconds: 0.0416667
# start_time = Jun 15 2018 15:52:39 [System UTC, first data scan.]
# bad_flag = -9.990e-29
*END*
[from data line 334]
   1214.818     3.3689     3.3691   3.241715   3.241848     2.1483    -0.3938     0.3629    34.8651 4.3596e+02     165316          7  0.000e+00
   1214.794     3.3689     3.3691   3.241696   3.241788     2.1483    -0.3938     0.3629    34.8649 4.3596e+02     165317          7  0.000e+00
   1214.818     3.3689     3.3691   3.241696   3.241788     2.1483    -0.3938     0.3629    34.8649 4.3596e+02     165318          7  0.000e+00
   1214.737     3.3689     3.3691   3.241684   3.241818     2.1483    -0.3938     0.3629    34.8648 4.3596e+02     165319          7  0.000e+00
   1214.761     3.3686     3.3689   3.241696   3.241788     2.1483    -0.3938     0.3629    34.8652 4.3596e+02     165320          7  0.000e+00
   1214.671     3.3687     3.3691   3.241684   3.241758     2.1483    -0.3743     0.3629    34.8650 4.3596e+02     165321          7  0.000e+00
   1214.516     3.3687     3.3692   3.241715   3.241818     2.1483    -0.3938     0.3629    34.8654 4.3596e+02     165322          7  0.000e+00
   1214.859     3.3689     3.3692   3.241715   3.241788     2.1483    -0.3938     0.3629    34.8651 4.3596e+02     165323          7  0.000e+00
   1214.614     3.3689     3.3688   3.241684   3.241788     2.1483    -0.3938     0.3629    34.8648 4.3596e+02     165324          7  0.000e+00
   1012.022     3.3958     3.3957   3.235613   3.235731     2.2054    -0.3938     0.3678    34.8675 4.2023e+02     172442          8  0.000e+00
   1011.900     3.3955     3.3957   3.235645   3.235755     2.2054    -0.3938     0.3678    34.8683 4.2023e+02     172443          8  0.000e+00
   1011.900     3.3958     3.3957   3.235645   3.235731     2.2054    -0.3938     0.3678    34.8680 4.2023e+02     172444          8  0.000e+00
   1011.900     3.3956     3.3956   3.235651   3.235731     2.2066    -0.3938     0.3726    34.8682 4.2023e+02     172445          8  0.000e+00
   1011.965     3.3953     3.3956   3.235645   3.235761     2.2054    -0.3938     0.3678    34.8685 4.2023e+02     172446          8  0.000e+00
   1011.957     3.3956     3.3957   3.235651   3.235761     2.2054    -0.3938     0.3678    34.8682 4.2248e+02     172447          8  0.000e+00
   1011.965     3.3955     3.3957   3.235663   3.235755     2.2066    -0.3743     0.3678    34.8685 4.2023e+02     172448          8  0.000e+00
   1011.957     3.3955     3.3957   3.235638   3.235731     2.2066    -0.3743     0.3678    34.8682 4.2023e+02     172449          8  0.000e+00
   1012.022     3.3955     3.3957   3.235632   3.235731     2.2054    -0.3743     0.3678    34.8681 4.2023e+02     172450          8  0.000e+00
   1012.022     3.3955     3.3954   3.235651   3.235731     2.2054    -0.3938     0.3678    34.8683 4.2023e+02     172451          8  0.000e+00
   1012.022     3.3955     3.3960   3.235645   3.235785     2.2066    -0.3743     0.3678    34.8683 4.2023e+02     172452          8  0.000e+00
   1012.022     3.3956     3.3957   3.235651   3.235731     2.2066    -0.3938     0.3678    34.8682 4.2023e+02     172453          8  0.000e+00
   1012.079     3.3955     3.3955   3.235645   3.235761     2.2066    -0.3938     0.3678    34.8682 4.2023e+02     172454          8  0.000e+00
   1012.088     3.3955     3.3957   3.235651   3.235761     2.2054    -0.3938     0.3726    34.8683 4.2023e+02     172455          8  0.000e+00
   1012.079     3.3956     3.3956   3.235645   3.235791     2.2054    -0.3938     0.3678    34.8681 4.2023e+02     172456          8  0.000e+00
   1012.145     3.3952     3.3957   3.235613   3.235755     2.2066    -0.3743     0.3678    34.8681 4.2023e+02     172457          8  0.000e+00
   1012.145     3.3955     3.3956   3.235645   3.235731     2.2066    -0.3743     0.3629    34.8682 4.2023e+02     172458          8  0.000e+00
   1012.210     3.3955     3.3957   3.235645   3.235731     2.2066    -0.3743     0.3629    34.8682 4.2023e+02     172459          8  0.000e+00
   1012.202     3.3951     3.3957   3.235651   3.235731     2.2066    -0.3743     0.3629    34.8686 4.2023e+02     172460          8  0.000e+00
   1012.210     3.3955     3.3956   3.235645   3.235785     2.2054    -0.3743     0.3629    34.8682 4.2023e+02     172461          8  0.000e+00
   1012.267     3.3955     3.3956   3.235651   3.235791     2.2054    -0.3743     0.3629    34.8682 4.2023e+02     172462          8  0.000e+00
   1012.267     3.3953     3.3956   3.235620   3.235731     2.2066    -0.3743     0.3629    34.8680 4.2023e+02     172463          8  0.000e+00
   1012.267     3.3953     3.3956   3.235645   3.235761     2.2066    -0.3743     0.3629    34.8683 4.2023e+02     172464          8  0.000e+00
   1012.332     3.3954     3.3955   3.235645   3.235761     2.2066    -0.3743     0.3629    34.8682 4.2023e+02     172465          8  0.000e+00
   1012.324     3.3953     3.3954   3.235651   3.235755     2.2054    -0.3743     0.3629    34.8683 4.2023e+02     172466          8  0.000e+00
   1012.389     3.3955     3.3954   3.235664   3.235731     2.2066    -0.3743     0.3629    34.8683 4.2023e+02     172467          8  0.000e+00
   1012.389     3.3955     3.3956   3.235657   3.235761     2.2066    -0.3743     0.3629    34.8682 4.2023e+02     172468          8  0.000e+00
   1012.454     3.3955     3.3953   3.235682   3.235701     2.2066    -0.3547     0.3629    34.8685 4.2023e+02     172469          8  0.000e+00
   1012.446     3.3955     3.3953   3.235651   3.235761     2.2054    -0.3547     0.3629    34.8681 4.2023e+02     172470          8  0.000e+00
   1012.511     3.3955     3.3951   3.235651   3.235725     2.2054    -0.3743     0.3629    34.8681 4.2023e+02     172471          8  0.000e+00
   1012.446     3.3956     3.3953   3.235645   3.235731     2.2054    -0.3743     0.3629    34.8679 4.2023e+02     172472          8  0.000e+00
   1012.568     3.3956     3.3953   3.235651   3.235731     2.2066    -0.3743     0.3629    34.8679 4.2023e+02     172473          8  0.000e+00
   1012.568     3.3954     3.3954   3.235676   3.235731     2.2054    -0.3743     0.3629    34.8685 4.2023e+02     172474          8  0.000e+00
   1012.634     3.3956     3.3953   3.235670   3.235755     2.2054    -0.3743     0.3629    34.8681 4.2023e+02     172475          8  0.000e+00
   1012.634     3.3956     3.3952   3.235664   3.235761     2.2054    -0.3743     0.3629    34.8680 4.2023e+02     172476          8  0.000e+00
   1012.634     3.3956     3.3954   3.235701   3.235731     2.2054    -0.3743     0.3629    34.8685 4.2023e+02     172477          8  0.000e+00
   1012.691     3.3958     3.3953   3.235701   3.235761     2.2054    -0.3743     0.3629    34.8683 4.1798e+02     172478          8  0.000e+00
   1012.691     3.3958     3.3953   3.235708   3.235731     2.2054    -0.3547     0.3629    34.8683 4.2023e+02     172479          8  0.000e+00
   1012.756     3.3959     3.3954   3.235720   3.235725     2.2054    -0.3743     0.3629    34.8683 4.2023e+02     172480          8  0.000e+00
   1012.756     3.3961     3.3954   3.235739   3.235731     2.2054    -0.3743     0.3678    34.8683 4.2023e+02     172481          8  0.000e+00
   1012.813     3.3961     3.3955   3.235733   3.235761     2.2066    -0.3743     0.3678    34.8682 4.2023e+02     172482          8  0.000e+00
   1012.813     3.3958     3.3954   3.235720   3.235761     2.2066    -0.3938     0.3678    34.8684 4.1798e+02     172483          8  0.000e+00
   1012.878     3.3959     3.3956   3.235739   3.235785     2.2054    -0.3938     0.3678    34.8684 4.1798e+02     172484          8  0.000e+00
   1012.878     3.3959     3.3957   3.235733   3.235791     2.2054    -0.3938     0.3726    34.8684 4.2023e+02     172485          8  0.000e+00
   1012.935     3.3958     3.3959   3.235720   3.235821     2.2054    -0.3938     0.3726    34.8684 4.1798e+02     172486          8  0.000e+00
   1012.935     3.3958     3.3958   3.235701   3.235821     2.2054    -0.3743     0.3678    34.8681 4.1798e+02     172487          8  0.000e+00
   1012.992     3.3958     3.3959   3.235689   3.235821     2.2054    -0.3743     0.3678    34.8679 4.2023e+02     172488          8  0.000e+00
   1013.000     3.3959     3.3959   3.235708   3.235815     2.2054    -0.3938     0.3678    34.8680 4.1798e+02     172489          8  0.000e+00
   1013.057     3.3959     3.3960   3.235720   3.235850     2.2054    -0.3938     0.3726    34.8681 4.1798e+02     172490          8  0.000e+00
    760.995     3.4762     3.4762   3.232677   3.232750     2.2679    -0.3938     0.3726    34.8777 4.1349e+02     181361          9  0.000e+00
    760.744     3.4762     3.4760   3.232683   3.232779     2.2679    -0.3938     0.3726    34.8779 4.1349e+02     181362          9  0.000e+00
    760.874     3.4762     3.4760   3.232696   3.232749     2.2679    -0.3938     0.3678    34.8780 4.1349e+02     181363          9  0.000e+00
    760.931     3.4762     3.4760   3.232646   3.232779     2.2679    -0.3743     0.3678    34.8774 4.1349e+02     181364          9  0.000e+00
    760.931     3.4762     3.4760   3.232627   3.232779     2.2679    -0.3938     0.3726    34.8772 4.1349e+02     181365          9  0.000e+00
    760.931     3.4761     3.4760   3.232646   3.232732     2.2679    -0.3938     0.3678    34.8775 4.1349e+02     181366          9  0.000e+00
    760.874     3.4760     3.4760   3.232677   3.232809     2.2679    -0.3743     0.3678    34.8780 4.1349e+02     181367          9  0.000e+00
    760.931     3.4762     3.4760   3.232652   3.232720     2.2679    -0.3938     0.3678    34.8775 4.1349e+02     181368          9  0.000e+00
    760.931     3.4762     3.4759   3.232652   3.232779     2.2679    -0.3938     0.3726    34.8775 4.1349e+02     181369          9  0.000e+00
    760.931     3.4762     3.4760   3.232639   3.232749     2.2679    -0.3938     0.3678    34.8773 4.1349e+02     181370          9  0.000e+00
    760.931     3.4762     3.4760   3.232664   3.232749     2.2666    -0.3743     0.3678    34.8776 4.1349e+02     181371          9  0.000e+00
    760.866     3.4760     3.4759   3.232652   3.232749     2.2679    -0.3743     0.3726    34.8777 4.1124e+02     181372          9  0.000e+00
    760.995     3.4761     3.4760   3.232652   3.232785     2.2679    -0.3547     0.3678    34.8776 4.1124e+02     181373          9  0.000e+00
    760.931     3.4758     3.4760   3.232677   3.232749     2.2679    -0.3547     0.3678    34.8781 4.1124e+02     181374          9  0.000e+00
    760.931     3.4762     3.4759   3.232664   3.232749     2.2679    -0.3743     0.3678    34.8776 4.1124e+02     181375          9  0.000e+00
    760.931     3.4758     3.4762   3.232664   3.232749     2.2679    -0.3547     0.3678    34.8780 4.1124e+02     181376          9  0.000e+00
    760.931     3.4760     3.4759   3.232639   3.232749     2.2679    -0.3547     0.3678    34.8775 4.1124e+02     181377          9  0.000e+00
    760.931     3.4760     3.4760   3.232646   3.232749     2.2679    -0.3743     0.3678    34.8776 4.1124e+02     181378          9  0.000e+00
    760.931     3.4758     3.4759   3.232658   3.232749     2.2679    -0.3743     0.3678    34.8779 4.1124e+02     181379          9  0.000e+00
    760.931     3.4757     3.4762   3.232639   3.232732     2.2679    -0.3743     0.3678    34.8778 4.1124e+02     181380          9  0.000e+00
    760.931     3.4759     3.4760   3.232633   3.232779     2.2679    -0.3547     0.3678    34.8775 4.0899e+02     181381          9  0.000e+00
    760.931     3.4758     3.4759   3.232633   3.232749     2.2679    -0.3547     0.3678    34.8776 4.1124e+02     181382          9  0.000e+00
    760.931     3.4758     3.4757   3.232627   3.232720     2.2679    -0.3743     0.3678    34.8775 4.0899e+02     181383          9  0.000e+00
    760.931     3.4758     3.4759   3.232646   3.232779     2.2679    -0.3743     0.3726    34.8777 4.1124e+02     181384          9  0.000e+00
    760.931     3.4757     3.4760   3.232646   3.232779     2.2679    -0.3743     0.3678    34.8779 4.0899e+02     181385          9  0.000e+00
    760.931     3.4758     3.4760   3.232652   3.232749     2.2679    -0.3743     0.3678    34.8778 4.1124e+02     181386          9  0.000e+00
    760.874     3.4758     3.4759   3.232639   3.232779     2.2679    -0.3743     0.3678    34.8777 4.0899e+02     181387          9  0.000e+00
    760.931     3.4761     3.4760   3.232627   3.232732     2.2679    -0.3743     0.3678    34.8773 4.0899e+02     181388          9  0.000e+00
    760.931     3.4758     3.4759   3.232633   3.232749     2.2679    -0.3547     0.3726    34.8776 4.1124e+02     181389          9  0.000e+00
    760.866     3.4760     3.4760   3.232633   3.232779     2.2679    -0.3547     0.3678    34.8774 4.0899e+02     181390          9  0.000e+00
    760.931     3.4760     3.4760   3.232627   3.232749     2.2679    -0.3743     0.3726    34.8773 4.0899e+02     181391          9  0.000e+00
    760.866     3.4760     3.4760   3.232664   3.232749     2.2679    -0.3743     0.3678    34.8778 4.0899e+02     181392          9  0.000e+00
    760.874     3.4762     3.4760   3.232677   3.232779     2.2679    -0.3743     0.3678    34.8778 4.0899e+02     181393          9  0.000e+00
    760.866     3.4760     3.4760   3.232639   3.232749     2.2679    -0.3743     0.3678    34.8775 4.0899e+02     181394          9  0.000e+00
    760.874     3.4760     3.4760   3.232646   3.232761     2.2679    -0.3743     0.3678    34.8776 4.0899e+02     181395          9  0.000e+00
    760.866     3.4761     3.4759   3.232639   3.232779     2.2679    -0.3743     0.3678    34.8775 4.0899e+02     181396          9  0.000e+00
    760.809     3.4760     3.4762   3.232646   3.232779     2.2679    -0.3938     0.3678    34.8776 4.0675e+02     181397          9  0.000e+00
    760.866     3.4762     3.4759   3.232646   3.232749     2.2679    -0.3938     0.3678    34.8774 4.0899e+02     181398          9  0.000e+00
    760.809     3.4760     3.4760   3.232652   3.232749     2.2679    -0.3938     0.3726    34.8777 4.0899e+02     181399          9  0.000e+00
    760.809     3.4763     3.4760   3.232677   3.232749     2.2679    -0.3938     0.3678    34.8777 4.0899e+02     181400          9  0.000e+00
    760.809     3.4762     3.4762   3.232683   3.232749     2.2679    -0.3938     0.3678    34.8779 4.0899e+02     181401          9  0.000e+00
    760.809     3.4762     3.4760   3.232652   3.232761     2.2679    -0.3743     0.3678    34.8775 4.0899e+02     181402          9  0.000e+00
    760.809     3.4763     3.4760   3.232652   3.232779     2.2679    -0.3938     0.3678    34.8774 4.0899e+02     181403          9  0.000e+00
    760.744     3.4762     3.4762   3.232658   3.232749     2.2679    -0.3938     0.3726    34.8776 4.0899e+02     181404          9  0.000e+00
    760.752     3.4763     3.4760   3.232677   3.232749     2.2679    -0.3938     0.3726    34.8777 4.0899e+02     181405          9  0.000e+00
    760.809     3.4762     3.4762   3.232652   3.232779     2.2679    -0.3938     0.3726    34.8775 4.0899e+02     181406          9  0.000e+00
    760.752     3.4762     3.4762   3.232633   3.232749     2.2679    -0.3743     0.3678    34.8773 4.0899e+02     181407          9  0.000e+00
    760.752     3.4762     3.4762   3.232627   3.232749     2.2679    -0.3938     0.3678    34.8773 4.0899e+02     181408          9  0.000e+00
    760.687     3.4762     3.4762   3.232646   3.232785     2.2679    -0.3938     0.3726    34.8775 4.0899e+02     181409          9  0.000e+00
    505.727     3.5813     3.5808   3.231473   3.231545     2.3351    -0.3743     0.3775    34.8868 4.2248e+02     189735         10  0.000e+00
    505.606     3.5812     3.5807   3.231467   3.231545     2.3351    -0.3743     0.3775    34.8869 4.2248e+02     189736         10  0.000e+00
    505.905     3.5811     3.5807   3.231442   3.231516     2.3351    -0.3743     0.3775    34.8865 4.2248e+02     189737         10  0.000e+00
