Ship_data/Irminger/Irminger-5/ctd/process/ar30-03020.ros
* Sea-Bird SBE 9 Data File:
* FileName = D:\Data\ar30-03020.hdr
* Software Version Seasave V 7.23.2
* Temperature SN = 4312
* Conductivity SN = 2148
* Number of Bytes Per Scan = 44
* Number of Voltage Words = 5
* Number of Scans Averaged by the Deck Unit = 1
* NMEA Latitude = 59 48.34 N
* NMEA Longitude = 040 16.94 W
* NMEA UTC (Time) = Jun 19 2018  11:50:34
** Cruise ID: ar30-03
** Chief Sci: Macdonald
** Station #: 020
** Site ID: Irminger 5 OSNAP M3
** Cast at OSNAP mooring M3
# nquan = 13
# nvalues = 735                                   
# units = specified
# name 0 = prDM: Pressure, Digiquartz [db]
# name 1 = t090C: Temperature [ITS-90, deg C]
# name 2 = t190C: Temperature, 2 [ITS-90, deg C]
# name 3 = c0S/m: Conductivity [S/m]
# name 4 = c1S/m: Conductivity, 2 [S/m]
# name 5 = sbeox0V: Oxygen raw, SBE 43 [V]
# name 6 = flECO-AFL: Fluorescence, WET Labs ECO-AFL/FL [mg/m^3]
# name 7 = turbWETntu0: Turbidity, WET Labs ECO [NTU]
# name 8 = sal00: Salinity, Practical [PSU]
# name 9 = spar: SPAR/Surface Irradiance
# name 10 = scan: Scan Count
# name 11 = nbf: Bottles Fired
# name 12 = flag:  0.000e+00
# interval = seconds: 0.0416667
# start_time = Jun 19 2018 11:50:34 [System UTC, first data scan.]
# bad_flag = -9.990e-29
*END*
[from data line 223]
   1520.828     3.5261     3.5268   3.272359   3.272530     1.9850    -0.3547     0.3580    34.9103 6.1799e+02     107420          5  0.000e+00
   1520.820     3.5257     3.5269   3.272340   3.272530     1.9850    -0.3743     0.3580    34.9105 6.1799e+02     107421          5  0.000e+00
   1520.885     3.5259     3.5268   3.272384   3.272548     1.9850    -0.3743     0.3580    34.9108 6.1799e+02     107422          5  0.000e+00
   1520.828     3.5264     3.5272   3.272409   3.272560     1.9850    -0.3743     0.3580    34.9106 6.1799e+02     107423          5  0.000e+00
   1520.885     3.5264     3.5269   3.272460   3.272590     1.9850    -0.3547     0.3580    34.9112 6.2023e+02     107424          5  0.000e+00
   1520.951     3.5269     3.5271   3.272479   3.272560     1.9850    -0.3547     0.3580    34.9109 6.1799e+02     107425          5  0.000e+00
   1521.009     3.5270     3.5271   3.272479   3.272590     1.9850    -0.3743     0.3580    34.9107 6.1799e+02     107426          5  0.000e+00
   1520.951     3.5272     3.5274   3.272529   3.272548     1.9850    -0.3547     0.3580    34.9111 6.1799e+02     107427          5  0.000e+00
   1520.951     3.5273     3.5278   3.272498   3.272620     1.9850    -0.3743     0.3580    34.9106 6.2023e+02     107428          5  0.000e+00
   1521.074     3.5273     3.5281   3.272479   3.272620     1.9850    -0.3743     0.3580    34.9103 6.1799e+02     107429          5  0.000e+00
   1521.017     3.5273     3.5283   3.272542   3.272650     1.9850    -0.3743     0.3580    34.9111 6.1799e+02     107430          5  0.000e+00
   1521.017     3.5277     3.5281   3.272535   3.272668     1.9850    -0.3743     0.3580    34.9106 6.1799e+02     107431          5  0.000e+00
   1521.074     3.5279     3.5281   3.272529   3.272680     1.9850    -0.3743     0.3580    34.9104 6.1799e+02     107432          5  0.000e+00
   1521.074     3.5276     3.5281   3.272535   3.272620     1.9850    -0.3743     0.3580    34.9107 6.2023e+02     107433          5  0.000e+00
   1521.140     3.5279     3.5281   3.272554   3.272650     1.9850    -0.3743     0.3580    34.9106 6.1799e+02     107434          5  0.000e+00
   1521.132     3.5279     3.5281   3.272586   3.272680     1.9850    -0.3743     0.3580    34.9110 6.1799e+02     107435          5  0.000e+00
   1521.140     3.5276     3.5282   3.272586   3.272638     1.9850    -0.3743     0.3580    34.9112 6.1799e+02     107436          5  0.000e+00
   1521.132     3.5280     3.5281   3.272586   3.272680     1.9850    -0.3743     0.3580    34.9108 6.1799e+02     107437          5  0.000e+00
   1521.140     3.5280     3.5281   3.272592   3.272650     1.9850    -0.3743     0.3580    34.9109 6.1799e+02     107438          5  0.000e+00
   1521.198     3.5282     3.5281   3.272592   3.272650     1.9850    -0.3743     0.3531    34.9107 6.1799e+02     107439          5  0.000e+00
   1521.198     3.5285     3.5281   3.272611   3.272668     1.9850    -0.3547     0.3531    34.9106 6.1799e+02     107440          5  0.000e+00
   1521.198     3.5283     3.5282   3.272617   3.272650     1.9838    -0.3547     0.3580    34.9108 6.1799e+02     107441          5  0.000e+00
   1011.556     3.4126     3.4122   3.237221   3.237361     2.1930    -0.3938     0.3678    34.8692 6.4495e+02     122229          6  0.000e+00
   1011.426     3.4128     3.4122   3.237209   3.237320     2.1930    -0.3938     0.3726    34.8689 6.4495e+02     122230          6  0.000e+00
   1011.556     3.4124     3.4122   3.237221   3.237331     2.1930    -0.3743     0.3678    34.8693 6.4495e+02     122231          6  0.000e+00
   1011.491     3.4124     3.4122   3.237253   3.237302     2.1930    -0.3743     0.3678    34.8697 6.4495e+02     122232          6  0.000e+00
   1011.491     3.4124     3.4122   3.237259   3.237302     2.1930    -0.3938     0.3678    34.8698 6.4495e+02     122233          6  0.000e+00
   1011.426     3.4126     3.4122   3.237259   3.237349     2.1930    -0.3938     0.3726    34.8697 6.4495e+02     122234          6  0.000e+00
   1011.434     3.4126     3.4123   3.237259   3.237302     2.1930    -0.3938     0.3726    34.8697 6.4495e+02     122235          6  0.000e+00
   1011.426     3.4124     3.4122   3.237240   3.237361     2.1930    -0.3743     0.3678    34.8696 6.4495e+02     122236          6  0.000e+00
   1011.434     3.4128     3.4122   3.237246   3.237331     2.1930    -0.3743     0.3678    34.8694 6.4495e+02     122237          6  0.000e+00
   1011.369     3.4126     3.4122   3.237259   3.237349     2.1930    -0.3743     0.3726    34.8697 6.4495e+02     122238          6  0.000e+00
   1011.369     3.4124     3.4123   3.237240   3.237331     2.1930    -0.3743     0.3678    34.8696 6.4495e+02     122239          6  0.000e+00
   1011.426     3.4124     3.4122   3.237253   3.237331     2.1930    -0.3743     0.3726    34.8698 6.4495e+02     122240          6  0.000e+00
   1011.312     3.4124     3.4123   3.237259   3.237349     2.1930    -0.3547     0.3678    34.8699 6.4495e+02     122241          6  0.000e+00
   1011.369     3.4123     3.4127   3.237240   3.237302     2.1930    -0.3743     0.3678    34.8698 6.4495e+02     122242          6  0.000e+00
   1011.312     3.4124     3.4125   3.237227   3.237331     2.1930    -0.3547     0.3726    34.8695 6.4271e+02     122243          6  0.000e+00
   1011.369     3.4123     3.4127   3.237246   3.237361     2.1930    -0.3743     0.3726    34.8699 6.4495e+02     122244          6  0.000e+00
   1011.312     3.4124     3.4129   3.237259   3.237349     2.1930    -0.3547     0.3678    34.8699 6.4271e+02     122245          6  0.000e+00
   1011.304     3.4123     3.4127   3.237240   3.237361     2.1930    -0.3743     0.3678    34.8698 6.4495e+02     122246          6  0.000e+00
   1011.312     3.4123     3.4130   3.237208   3.237361     2.1930    -0.3743     0.3678    34.8695 6.4495e+02     122247          6  0.000e+00
   1011.304     3.4121     3.4123   3.237221   3.237361     2.1930    -0.3743     0.3678    34.8698 6.4271e+02     122248          6  0.000e+00
   1011.247     3.4124     3.4127   3.237215   3.237379     2.1930    -0.3547     0.3678    34.8694 6.4495e+02     122249          6  0.000e+00
   1011.247     3.4124     3.4127   3.237240   3.237361     2.1930    -0.3547     0.3678    34.8697 6.4495e+02     122250          6  0.000e+00
   1011.247     3.4126     3.4127   3.237259   3.237361     2.1930    -0.3743     0.3678    34.8698 6.4271e+02     122251          6  0.000e+00
   1011.304     3.4123     3.4125   3.237240   3.237331     2.1930    -0.3743     0.3678    34.8698 6.4271e+02     122252          6  0.000e+00
   1011.247     3.4123     3.4129   3.237208   3.237349     2.1930    -0.3743     0.3726    34.8695 6.4495e+02     122253          6  0.000e+00
   1011.247     3.4123     3.4129   3.237240   3.237361     2.1930    -0.3547     0.3726    34.8699 6.4271e+02     122254          6  0.000e+00
   1011.247     3.4124     3.4129   3.237221   3.237391     2.1930    -0.3547     0.3678    34.8695 6.4495e+02     122255          6  0.000e+00
   1011.247     3.4124     3.4128   3.237265   3.237331     2.1930    -0.3547     0.3678    34.8700 6.4495e+02     122256          6  0.000e+00
   1011.247     3.4123     3.4129   3.237252   3.237379     2.1930    -0.3547     0.3726    34.8700 6.4495e+02     122257          6  0.000e+00
   1011.247     3.4124     3.4130   3.237252   3.237391     2.1930    -0.3743     0.3726    34.8699 6.4271e+02     122258          6  0.000e+00
   1011.190     3.4124     3.4129   3.237221   3.237361     2.1930    -0.3743     0.3678    34.8695 6.4271e+02     122259          6  0.000e+00
   1011.247     3.4123     3.4131   3.237202   3.237409     2.1930    -0.3743     0.3678    34.8694 6.4495e+02     122260          6  0.000e+00
   1011.247     3.4121     3.4127   3.237221   3.237361     2.1930    -0.3743     0.3678    34.8698 6.4495e+02     122261          6  0.000e+00
   1011.247     3.4123     3.4129   3.237246   3.237391     2.1930    -0.3743     0.3678    34.8700 6.4271e+02     122262          6  0.000e+00
   1011.247     3.4124     3.4129   3.237240   3.237361     2.1930    -0.3743     0.3678    34.8697 6.4271e+02     122263          6  0.000e+00
   1011.304     3.4121     3.4128   3.237227   3.237379     2.1930    -0.3938     0.3678    34.8699 6.4271e+02     122264          6  0.000e+00
   1011.247     3.4123     3.4125   3.237227   3.237421     2.1930    -0.3938     0.3678    34.8697 6.4495e+02     122265          6  0.000e+00
   1011.247     3.4123     3.4127   3.237234   3.237391     2.1930    -0.3938     0.3678    34.8698 6.4495e+02     122266          6  0.000e+00
   1011.247     3.4123     3.4125   3.237227   3.237361     2.1930    -0.3743     0.3678    34.8697 6.4495e+02     122267          6  0.000e+00
   1011.247     3.4123     3.4123   3.237227   3.237379     2.1930    -0.3938     0.3678    34.8697 6.4495e+02     122268          6  0.000e+00
   1011.312     3.4123     3.4125   3.237227   3.237331     2.1930    -0.3938     0.3678    34.8697 6.4271e+02     122269          6  0.000e+00
   1011.304     3.4123     3.4125   3.237227   3.237302     2.1930    -0.3938     0.3678    34.8697 6.4495e+02     122270          6  0.000e+00
   1011.312     3.4123     3.4127   3.237271   3.237361     2.1930    -0.3743     0.3678    34.8702 6.4495e+02     122271          6  0.000e+00
   1011.304     3.4124     3.4125   3.237246   3.237379     2.1930    -0.3938     0.3678    34.8698 6.4495e+02     122272          6  0.000e+00
   1011.312     3.4123     3.4127   3.237208   3.237361     2.1930    -0.3938     0.3678    34.8695 6.4495e+02     122273          6  0.000e+00
   1011.304     3.4123     3.4125   3.237246   3.237361     2.1930    -0.3938     0.3678    34.8699 6.4495e+02     122274          6  0.000e+00
   1011.369     3.4123     3.4123   3.237265   3.237331     2.1930    -0.3938     0.3726    34.8701 6.4495e+02     122275          6  0.000e+00
   1011.369     3.4123     3.4125   3.237240   3.237379     2.1930    -0.3938     0.3678    34.8698 6.4720e+02     122276          6  0.000e+00
   1011.369     3.4123     3.4125   3.237246   3.237361     2.1930    -0.3743     0.3678    34.8699 6.4495e+02     122277          6  0.000e+00
    760.924     3.4887     3.4887   3.233820   3.233993     2.2554    -0.3743     0.3678    34.8781 6.7866e+02     132821          7  0.000e+00
    760.989     3.4885     3.4887   3.233826   3.234028     2.2554    -0.3938     0.3678    34.8783 6.7866e+02     132822          7  0.000e+00
    760.868     3.4885     3.4891   3.233857   3.234022     2.2554    -0.3743     0.3678    34.8788 6.8091e+02     132823          7  0.000e+00
    760.811     3.4885     3.4889   3.233864   3.234022     2.2542    -0.3547     0.3726    34.8789 6.7866e+02     132824          7  0.000e+00
    761.046     3.4884     3.4889   3.233845   3.234022     2.2542    -0.3547     0.3678    34.8787 6.7866e+02     132825          7  0.000e+00
    760.868     3.4886     3.4889   3.233839   3.233993     2.2554    -0.3547     0.3678    34.8784 6.7866e+02     132826          7  0.000e+00
    760.924     3.4885     3.4889   3.233839   3.234022     2.2554    -0.3547     0.3678    34.8785 6.7866e+02     132827          7  0.000e+00
    760.933     3.4884     3.4889   3.233839   3.234058     2.2542    -0.3547     0.3678    34.8787 6.8091e+02     132828          7  0.000e+00
    760.924     3.4884     3.4888   3.233814   3.234022     2.2542    -0.3743     0.3678    34.8784 6.8091e+02     132829          7  0.000e+00
    760.933     3.4882     3.4892   3.233801   3.234022     2.2542    -0.3547     0.3678    34.8784 6.7866e+02     132830          7  0.000e+00
    760.933     3.4882     3.4891   3.233807   3.234022     2.2542    -0.3743     0.3678    34.8785 6.7866e+02     132831          7  0.000e+00
    760.924     3.4883     3.4889   3.233807   3.233993     2.2542    -0.3743     0.3678    34.8784 6.7866e+02     132832          7  0.000e+00
    760.933     3.4885     3.4891   3.233807   3.233993     2.2542    -0.3743     0.3678    34.8781 6.7866e+02     132833          7  0.000e+00
    760.868     3.4882     3.4890   3.233820   3.234028     2.2542    -0.3547     0.3678    34.8787 6.7866e+02     132834          7  0.000e+00
    760.933     3.4885     3.4891   3.233832   3.234022     2.2542    -0.3743     0.3678    34.8784 6.7866e+02     132835          7  0.000e+00
    760.924     3.4884     3.4889   3.233820   3.234022     2.2542    -0.3743     0.3726    34.8785 6.8091e+02     132836          7  0.000e+00
    760.868     3.4884     3.4891   3.233826   3.234022     2.2542    -0.3743     0.3726    34.8786 6.7866e+02     132837          7  0.000e+00
    760.924     3.4883     3.4890   3.233801   3.234022     2.2542    -0.3743     0.3678    34.8783 6.7866e+02     132838          7  0.000e+00
    760.868     3.4885     3.4889   3.233814   3.234028     2.2542    -0.3743     0.3678    34.8783 6.8091e+02     132839          7  0.000e+00
    760.868     3.4882     3.4892   3.233832   3.234022     2.2542    -0.3547     0.3726    34.8788 6.7866e+02     132840          7  0.000e+00
    760.933     3.4882     3.4889   3.233820   3.233993     2.2542    -0.3547     0.3726    34.8786 6.7866e+02     132841          7  0.000e+00
    760.868     3.4884     3.4891   3.233807   3.234022     2.2542    -0.3547     0.3726    34.8783 6.7866e+02     132842          7  0.000e+00
    760.868     3.4884     3.4887   3.233826   3.233993     2.2542    -0.3743     0.3678    34.8786 6.8091e+02     132843          7  0.000e+00
    760.868     3.4885     3.4889   3.233814   3.233993     2.2554    -0.3743     0.3678    34.8783 6.7866e+02     132844          7  0.000e+00
    760.868     3.4882     3.4887   3.233826   3.234028     2.2542    -0.3547     0.3726    34.8787 6.8091e+02     132845          7  0.000e+00
    760.868     3.4884     3.4889   3.233820   3.233993     2.2542    -0.3743     0.3678    34.8785 6.8091e+02     132846          7  0.000e+00
    760.868     3.4882     3.4889   3.233807   3.234022     2.2542    -0.3743     0.3678    34.8785 6.8091e+02     132847          7  0.000e+00
    760.868     3.4884     3.4888   3.233851   3.233993     2.2542    -0.3938     0.3678    34.8789 6.8091e+02     132848          7  0.000e+00
    760.868     3.4884     3.4885   3.233864   3.233993     2.2542    -0.3938     0.3726    34.8790 6.8091e+02     132849          7  0.000e+00
    760.868     3.4883     3.4884   3.233845   3.234022     2.2542    -0.3938     0.3726    34.8789 6.8091e+02     132850          7  0.000e+00
    760.811     3.4887     3.4889   3.233839   3.233998     2.2542    -0.3938     0.3678    34.8784 6.8091e+02     132851          7  0.000e+00
    760.868     3.4885     3.4889   3.233820   3.233963     2.2542    -0.3743     0.3726    34.8783 6.8091e+02     132852          7  0.000e+00
    760.811     3.4887     3.4887   3.233826   3.234022     2.2542    -0.3743     0.3678    34.8783 6.8091e+02     132853          7  0.000e+00
    760.868     3.4884     3.4884   3.233832   3.233993     2.2542    -0.3938     0.3678    34.8786 6.8091e+02     132854          7  0.000e+00
    760.868     3.4885     3.4886   3.233814   3.233993     2.2542    -0.3743     0.3678    34.8783 6.8091e+02     132855          7  0.000e+00
    760.803     3.4888     3.4887   3.233826   3.233992     2.2542    -0.3938     0.3726    34.8781 6.8091e+02     132856          7  0.000e+00
    760.811     3.4887     3.4884   3.233820   3.233969     2.2542    -0.3938     0.3678    34.8782 6.8091e+02     132857          7  0.000e+00
    760.868     3.4885     3.4885   3.233851   3.233993     2.2542    -0.3743     0.3678    34.8787 6.8091e+02     132858          7  0.000e+00
    760.811     3.4885     3.4886   3.233839   3.233992     2.2542    -0.3743     0.3678    34.8786 6.8091e+02     132859          7  0.000e+00
