Ship_data/Irminger/Irminger-5/ctd/process/ar30-03019.ros
* Sea-Bird SBE 9 Data File:
* FileName = D:\Data\ar30-03019.hdr
* Software Version Seasave V 7.23.2
* Temperature SN = 4312
* Conductivity SN = 2148
* Number of Bytes Per Scan = 44
* Number of Voltage Words = 5
* Number of Scans Averaged by the Deck Unit = 1
* NMEA Latitude = 59 55.88 N
* NMEA Longitude = 041 18.96 W
* NMEA UTC (Time) = Jun 18 2018  20:06:05
** Cruise ID: ar30-03
** Chief Sci: Macdonald
** Station #: 019
** Site ID: Irminger 5 OSNAP C01
# nquan = 13
# nvalues = 539                                   
# units = specified
# name 0 = prDM: Pressure, Digiquartz [db]
# name 1 = t090C: Temperature [ITS-90, deg C]
# name 2 = t190C: Temperature, 2 [ITS-90, deg C]
# name 3 = c0S/m: Conductivity [S/m]
# name 4 = c1S/m: Conductivity, 2 [S/m]
# name 5 = sbeox0V: Oxygen raw, SBE 43 [V]
# name 6 = flECO-AFL: Fluorescence, WET Labs ECO-AFL/FL [mg/m^3]
# name 7 = turbWETntu0: Turbidity, WET Labs ECO [NTU]
# name 8 = sal00: Salinity, Practical [PSU]
# name 9 = spar: SPAR/Surface Irradiance
# name 10 = scan: Scan Count
# name 11 = nbf: Bottles Fired
# name 12 = flag:  0.000e+00
# interval = seconds: 0.0416667
# start_time = Jun 18 2018 20:06:05 [System UTC, first data scan.]
# bad_flag = -9.990e-29
*END*
[from data line 445]
     54.095     5.8470     5.8469   3.416784   3.416795     2.5556     0.3876     0.4264    34.9059 1.4247e+03     128514         10  0.000e+00
     53.975     5.8471     5.8466   3.416758   3.416795     2.5556     0.3876     0.4264    34.9055 1.4180e+03     128515         10  0.000e+00
     54.039     5.8470     5.8460   3.416700   3.416795     2.5556     0.3876     0.4264    34.9049 1.4090e+03     128516         10  0.000e+00
     54.119     5.8461     5.8457   3.416655   3.416734     2.5556     0.3876     0.4264    34.9053 1.4000e+03     128517         10  0.000e+00
     54.039     5.8460     5.8456   3.416694   3.416734     2.5556     0.3876     0.4264    34.9059 1.3933e+03     128518         10  0.000e+00
     54.095     5.8465     5.8452   3.416752   3.416776     2.5556     0.3876     0.4264    34.9060 1.3820e+03     128519         10  0.000e+00
     54.039     5.8474     5.8451   3.416816   3.416673     2.5556     0.4072     0.4264    34.9058 1.3731e+03     128520         10  0.000e+00
     54.007     5.8478     5.8447   3.416835   3.416704     2.5556     0.4072     0.4264    34.9056 1.3641e+03     128521         10  0.000e+00
     54.039     5.8480     5.8459   3.416829   3.416734     2.5568     0.4072     0.4264    34.9053 1.3528e+03     128522         10  0.000e+00
     54.039     5.8486     5.8474   3.416925   3.416795     2.5568     0.4267     0.4264    34.9058 1.3438e+03     128523         10  0.000e+00
     53.975     5.8502     5.8496   3.417002   3.416947     2.5556     0.4267     0.4264    34.9051 1.3371e+03     128524         10  0.000e+00
     54.152     5.8522     5.8512   3.417021   3.417074     2.5568     0.4072     0.4264    34.9032 1.3281e+03     128525         10  0.000e+00
     54.007     5.8519     5.8524   3.416995   3.417196     2.5568     0.4267     0.4264    34.9033 1.3191e+03     128526         10  0.000e+00
     54.039     5.8508     5.8535   3.416970   3.417268     2.5568     0.4267     0.4264    34.9040 1.3124e+03     128527         10  0.000e+00
     54.039     5.8502     5.8541   3.416918   3.417347     2.5568     0.4267     0.4264    34.9040 1.3034e+03     128528         10  0.000e+00
     54.039     5.8498     5.8546   3.416873   3.417414     2.5556     0.4072     0.4264    34.9040 1.2966e+03     128529         10  0.000e+00
     54.007     5.8493     5.8545   3.416822   3.417414     2.5568     0.4267     0.4264    34.9040 1.2877e+03     128530         10  0.000e+00
     54.039     5.8486     5.8546   3.416784   3.417475     2.5568     0.4267     0.4264    34.9042 1.2787e+03     128531         10  0.000e+00
     54.039     5.8479     5.8545   3.416707   3.417475     2.5568     0.4072     0.4264    34.9041 1.2742e+03     128532         10  0.000e+00
     53.975     5.8467     5.8552   3.416610   3.417475     2.5568     0.4072     0.4264    34.9043 1.2674e+03     128533         10  0.000e+00
     54.039     5.8451     5.8556   3.416521   3.417518     2.5568     0.4267     0.4264    34.9049 1.2629e+03     128534         10  0.000e+00
     54.007     5.8441     5.8556   3.416424   3.417536     2.5568     0.4267     0.4264    34.9048 1.2584e+03     128535         10  0.000e+00
     54.039     5.8432     5.8553   3.416425   3.417627     2.5568     0.4267     0.4264    34.9058 1.2540e+03     128536         10  0.000e+00
     54.039     5.8427     5.8538   3.416412   3.417597     2.5568     0.4267     0.4264    34.9060 1.2495e+03     128537         10  0.000e+00
     53.975     5.8423     5.8519   3.416341   3.417536     2.5568     0.4267     0.4264    34.9057 1.2472e+03     128538         10  0.000e+00
     54.007     5.8420     5.8516   3.416354   3.417445     2.5568     0.4267     0.4264    34.9061 1.2450e+03     128539         10  0.000e+00
     54.039     5.8420     5.8517   3.416348   3.417384     2.5568     0.4267     0.4264    34.9061 1.2405e+03     128540         10  0.000e+00
     53.975     5.8417     5.8532   3.416360   3.417360     2.5568     0.4072     0.4264    34.9066 1.2382e+03     128541         10  0.000e+00
     54.039     5.8415     5.8533   3.416309   3.417475     2.5568     0.4267     0.4264    34.9062 1.2382e+03     128542         10  0.000e+00
     53.975     5.8404     5.8508   3.416232   3.417414     2.5568     0.4462     0.4313    34.9065 1.2360e+03     128543         10  0.000e+00
     54.007     5.8400     5.8490   3.416194   3.417256     2.5568     0.6025     0.4606    34.9064 1.2337e+03     128544         10  0.000e+00
     53.975     5.8397     5.8480   3.416187   3.417044     2.5568     0.6611     0.4752    34.9066 1.2315e+03     128545         10  0.000e+00
     54.039     5.8397     5.8471   3.416181   3.417044     2.5568     0.6611     0.4801    34.9066 1.2315e+03     128546         10  0.000e+00
     54.039     5.8395     5.8457   3.416162   3.416916     2.5568     0.6611     0.4801    34.9065 1.2315e+03     128547         10  0.000e+00
     54.007     5.8394     5.8449   3.416149   3.416776     2.5568     0.6611     0.4752    34.9065 1.2315e+03     128548         10  0.000e+00
     53.975     5.8392     5.8443   3.416136   3.416704     2.5581     0.6611     0.4752    34.9066 1.2292e+03     128549         10  0.000e+00
     54.039     5.8394     5.8436   3.416168   3.416643     2.5581     0.6611     0.4752    34.9067 1.2315e+03     128550         10  0.000e+00
     53.975     5.8392     5.8433   3.416168   3.416606     2.5581     0.6611     0.4752    34.9070 1.2292e+03     128551         10  0.000e+00
     54.039     5.8396     5.8438   3.416174   3.416576     2.5581     0.6611     0.4752    34.9066 1.2315e+03     128552         10  0.000e+00
     54.007     5.8395     5.8451   3.416206   3.416606     2.5581     0.6611     0.4752    34.9070 1.2315e+03     128553         10  0.000e+00
     53.975     5.8396     5.8464   3.416168   3.416643     2.5568     0.6611     0.4752    34.9066 1.2315e+03     128554         10  0.000e+00
     54.039     5.8397     5.8467   3.416155   3.416764     2.5581     0.6611     0.4752    34.9063 1.2315e+03     128555         10  0.000e+00
     53.975     5.8394     5.8467   3.416174   3.416868     2.5581     0.6611     0.4752    34.9069 1.2315e+03     128556         10  0.000e+00
     54.007     5.8396     5.8472   3.416168   3.416886     2.5581     0.6611     0.4752    34.9066 1.2315e+03     128557         10  0.000e+00
     54.039     5.8397     5.8479   3.416155   3.416916     2.5581     0.6611     0.4752    34.9063 1.2315e+03     128558         10  0.000e+00
      3.995     6.5591     6.5581   3.474949   3.474961     2.8552     6.7759     0.5485    34.8542 1.3214e+03     132451         11  0.000e+00
      3.995     6.5594     6.5581   3.474968   3.474961     2.8552     6.7759     0.5485    34.8541 1.3191e+03     132452         11  0.000e+00
      3.875     6.5592     6.5579   3.474981   3.474974     2.8552     6.7759     0.5485    34.8545 1.3146e+03     132453         11  0.000e+00
      3.995     6.5592     6.5579   3.474981   3.474961     2.8552     6.7759     0.5436    34.8544 1.3101e+03     132454         11  0.000e+00
      4.115     6.5594     6.5581   3.474962   3.474961     2.8552     6.7759     0.5436    34.8540 1.3079e+03     132455         11  0.000e+00
      3.875     6.5592     6.5581   3.474949   3.474974     2.8552     6.7759     0.5436    34.8541 1.3079e+03     132456         11  0.000e+00
      3.939     6.5592     6.5581   3.474975   3.474992     2.8552     6.7759     0.5485    34.8544 1.3034e+03     132457         11  0.000e+00
      3.755     6.5591     6.5583   3.474962   3.474992     2.8552     6.7759     0.5485    34.8544 1.3034e+03     132458         11  0.000e+00
      4.171     6.5590     6.5579   3.474929   3.475010     2.8552     6.7759     0.5436    34.8540 1.3011e+03     132459         11  0.000e+00
      3.939     6.5592     6.5581   3.474962   3.474992     2.8539     6.7759     0.5436    34.8542 1.2989e+03     132460         11  0.000e+00
      3.939     6.5594     6.5581   3.474962   3.474992     2.8539     6.7759     0.5436    34.8541 1.2966e+03     132461         11  0.000e+00
      3.939     6.5592     6.5583   3.474949   3.474974     2.8539     6.7759     0.5485    34.8541 1.2922e+03     132462         11  0.000e+00
      3.939     6.5592     6.5581   3.474949   3.474992     2.8539     6.7759     0.5436    34.8541 1.2922e+03     132463         11  0.000e+00
      3.939     6.5592     6.5583   3.474968   3.475029     2.8539     6.7759     0.5485    34.8543 1.2899e+03     132464         11  0.000e+00
      3.875     6.5593     6.5579   3.474962   3.474974     2.8539     6.7759     0.5436    34.8542 1.2877e+03     132465         11  0.000e+00
      3.939     6.5592     6.5581   3.474968   3.474992     2.8539     6.7759     0.5485    34.8543 1.2854e+03     132466         11  0.000e+00
      3.875     6.5594     6.5583   3.474981   3.475029     2.8539     6.7759     0.5436    34.8543 1.2832e+03     132467         11  0.000e+00
      3.883     6.5595     6.5581   3.474981   3.474974     2.8539     6.7759     0.5436    34.8542 1.2832e+03     132468         11  0.000e+00
      3.875     6.5594     6.5584   3.474981   3.474992     2.8539     6.7759     0.5436    34.8543 1.2809e+03     132469         11  0.000e+00
      3.875     6.5594     6.5583   3.474962   3.474961     2.8539     6.7368     0.5534    34.8541 1.2787e+03     132470         11  0.000e+00
      3.819     6.5592     6.5584   3.474929   3.474992     2.8539     6.5024     0.6120    34.8539 1.2787e+03     132471         11  0.000e+00
      3.819     6.5594     6.5586   3.474916   3.474974     2.8539     6.3852     0.6364    34.8536 1.2764e+03     132472         11  0.000e+00
      3.819     6.5591     6.5584   3.474916   3.474992     2.8539     6.3852     0.6364    34.8539 1.2742e+03     132473         11  0.000e+00
      3.875     6.5589     6.5588   3.474936   3.475029     2.8539     6.3852     0.6364    34.8543 1.2742e+03     132474         11  0.000e+00
      3.755     6.5594     6.5588   3.474949   3.475041     2.8539     6.3852     0.6364    34.8540 1.2742e+03     132475         11  0.000e+00
      3.755     6.5590     6.5587   3.474949   3.475029     2.8539     6.3852     0.6364    34.8544 1.2719e+03     132476         11  0.000e+00
      3.755     6.5592     6.5588   3.474949   3.475059     2.8539     6.3852     0.6364    34.8542 1.2697e+03     132477         11  0.000e+00
      3.699     6.5592     6.5589   3.474903   3.475010     2.8539     6.3852     0.6364    34.8537 1.2674e+03     132478         11  0.000e+00
      3.755     6.5590     6.5588   3.474904   3.475029     2.8527     6.3852     0.6364    34.8539 1.2674e+03     132479         11  0.000e+00
      3.699     6.5593     6.5589   3.474962   3.474992     2.8527     6.4047     0.6364    34.8543 1.2652e+03     132480         11  0.000e+00
      3.699     6.5590     6.5589   3.474936   3.475010     2.8527     6.3852     0.6364    34.8543 1.2652e+03     132481         11  0.000e+00
      3.699     6.5592     6.5589   3.474962   3.475029     2.8539     6.4047     0.6315    34.8543 1.2629e+03     132482         11  0.000e+00
      3.643     6.5590     6.5587   3.474910   3.474992     2.8539     6.4047     0.6364    34.8540 1.2629e+03     132483         11  0.000e+00
      3.643     6.5594     6.5589   3.474955   3.475041     2.8539     6.3852     0.6364    34.8541 1.2607e+03     132484         11  0.000e+00
      3.578     6.5590     6.5588   3.474936   3.475029     2.8539     6.3852     0.6364    34.8543 1.2584e+03     132485         11  0.000e+00
      3.643     6.5592     6.5588   3.474916   3.475059     2.8527     6.3852     0.6315    34.8539 1.2584e+03     132486         11  0.000e+00
      3.578     6.5593     6.5587   3.474916   3.475010     2.8527     6.3852     0.6364    34.8539 1.2584e+03     132487         11  0.000e+00
      3.522     6.5590     6.5588   3.474923   3.475029     2.8527     6.3852     0.6315    34.8542 1.2562e+03     132488         11  0.000e+00
      3.578     6.5592     6.5588   3.474936   3.474992     2.8539     6.3852     0.6364    34.8541 1.2562e+03     132489         11  0.000e+00
      3.522     6.5592     6.5588   3.474903   3.474992     2.8539     6.3852     0.6364    34.8538 1.2562e+03     132490         11  0.000e+00
      3.522     6.5590     6.5587   3.474884   3.475010     2.8539     6.3852     0.6364    34.8538 1.2562e+03     132491         11  0.000e+00
      3.522     6.5592     6.5586   3.474929   3.474992     2.8539     6.3852     0.6364    34.8541 1.2562e+03     132492         11  0.000e+00
      3.466     6.5590     6.5586   3.474949   3.474992     2.8539     6.3852     0.6364    34.8545 1.2540e+03     132493         11  0.000e+00
      3.402     6.5590     6.5586   3.474903   3.475010     2.8539     6.3852     0.6315    34.8541 1.2540e+03     132494         11  0.000e+00
      3.466     6.5591     6.5586   3.474903   3.474992     2.8539     5.8186     0.5778    34.8539 1.2562e+03     132495         11  0.000e+00
      3.402     6.5590     6.5586   3.474916   3.474992     2.8539     5.4475     0.5485    34.8542 1.2562e+03     132496         11  0.000e+00
      3.402     6.5589     6.5588   3.474916   3.475010     2.8539     5.4279     0.5436    34.8544 1.2584e+03     132497         11  0.000e+00
      3.410     6.5590     6.5587   3.474897   3.474961     2.8539     5.4475     0.5436    34.8540 1.2607e+03     132498         11  0.000e+00
      3.346     6.5592     6.5586   3.474903   3.474992     2.8539     5.4670     0.5436    34.8539 1.2607e+03     132499         11  0.000e+00
