Ship_data/Irminger/Irminger-5/ctd/process/ar30-03007.ros
* Sea-Bird SBE 9 Data File:
* FileName = D:\Data\ar30-03007.hdr
* Software Version Seasave V 7.23.2
* Temperature SN = 4312
* Conductivity SN = 2148
* Number of Bytes Per Scan = 44
* Number of Voltage Words = 5
* Number of Scans Averaged by the Deck Unit = 1
* NMEA Latitude = 59 46.24 N
* NMEA Longitude = 039 51.54 W
* NMEA UTC (Time) = Jun 10 2018  14:37:43
** Cruise ID: ar30-03
** Chief Sci: Macdonald
** Station #: 007
** Site ID: Irminger 5 FLMA
** ctd cast at FLMA with bottom release testing
# nquan = 13
# nvalues = 1029                                  
# units = specified
# name 0 = prDM: Pressure, Digiquartz [db]
# name 1 = t090C: Temperature [ITS-90, deg C]
# name 2 = t190C: Temperature, 2 [ITS-90, deg C]
# name 3 = c0S/m: Conductivity [S/m]
# name 4 = c1S/m: Conductivity, 2 [S/m]
# name 5 = sbeox0V: Oxygen raw, SBE 43 [V]
# name 6 = flECO-AFL: Fluorescence, WET Labs ECO-AFL/FL [mg/m^3]
# name 7 = turbWETntu0: Turbidity, WET Labs ECO [NTU]
# name 8 = sal00: Salinity, Practical [PSU]
# name 9 = spar: SPAR/Surface Irradiance
# name 10 = scan: Scan Count
# name 11 = nbf: Bottles Fired
# name 12 = flag:  0.000e+00
# interval = seconds: 0.0416667
# start_time = Jun 10 2018 14:37:43 [System UTC, first data scan.]
# bad_flag = -9.990e-29
*END*
[from data line 334]
    354.771     3.5283     3.5280   3.219099   3.219157     2.3784    -0.3743     0.3922    34.8763 9.7754e+02     159754          7  0.000e+00
    354.819     3.5283     3.5281   3.219080   3.219127     2.3784    -0.3743     0.3873    34.8760 9.7979e+02     159755          7  0.000e+00
    354.836     3.5285     3.5281   3.219087   3.219181     2.3784    -0.3743     0.3873    34.8759 9.7754e+02     159756          7  0.000e+00
    354.771     3.5283     3.5280   3.219080   3.219157     2.3784    -0.3547     0.3873    34.8760 9.7979e+02     159757          7  0.000e+00
    354.819     3.5285     3.5281   3.219093   3.219127     2.3784    -0.3743     0.3873    34.8760 9.7754e+02     159758          7  0.000e+00
    354.836     3.5283     3.5280   3.219049   3.219127     2.3784    -0.3547     0.3873    34.8756 9.7754e+02     159759          7  0.000e+00
    354.771     3.5285     3.5281   3.219087   3.219181     2.3784    -0.3743     0.3873    34.8759 9.7754e+02     159760          7  0.000e+00
    354.820     3.5282     3.5279   3.219112   3.219098     2.3784    -0.3547     0.3922    34.8765 9.7754e+02     159761          7  0.000e+00
    354.836     3.5285     3.5281   3.219112   3.219187     2.3784    -0.3743     0.3873    34.8762 9.7754e+02     159762          7  0.000e+00
    182.657     3.7142     3.7138   3.227574   3.227687     2.4190    -0.3547     0.3922    34.8730 1.0225e+03     166410          8  0.000e+00
    182.536     3.7144     3.7139   3.227574   3.227687     2.4190    -0.3743     0.3873    34.8729 1.0225e+03     166411          8  0.000e+00
    182.536     3.7144     3.7136   3.227568   3.227657     2.4190    -0.3547     0.3922    34.8729 1.0225e+03     166412          8  0.000e+00
    182.777     3.7142     3.7136   3.227593   3.227627     2.4190    -0.3743     0.3873    34.8732 1.0225e+03     166413          8  0.000e+00
    182.657     3.7144     3.7138   3.227599   3.227657     2.4190    -0.3743     0.3922    34.8732 1.0225e+03     166414          8  0.000e+00
    182.665     3.7144     3.7137   3.227587   3.227657     2.4190    -0.3547     0.3873    34.8730 1.0225e+03     166415          8  0.000e+00
    182.713     3.7144     3.7141   3.227574   3.227657     2.4190    -0.3547     0.3873    34.8728 1.0225e+03     166416          8  0.000e+00
    182.713     3.7142     3.7138   3.227568   3.227657     2.4190    -0.3547     0.3873    34.8729 1.0225e+03     166417          8  0.000e+00
    182.777     3.7140     3.7139   3.227574   3.227687     2.4190    -0.3547     0.3873    34.8731 1.0202e+03     166418          8  0.000e+00
    182.713     3.7139     3.7139   3.227524   3.227687     2.4190    -0.3547     0.3873    34.8727 1.0225e+03     166419          8  0.000e+00
    182.777     3.7137     3.7139   3.227537   3.227657     2.4190    -0.3743     0.3873    34.8730 1.0225e+03     166420          8  0.000e+00
    182.785     3.7137     3.7140   3.227549   3.227657     2.4190    -0.3547     0.3922    34.8732 1.0225e+03     166421          8  0.000e+00
    182.777     3.7136     3.7142   3.227543   3.227687     2.4190    -0.3547     0.3873    34.8733 1.0225e+03     166422          8  0.000e+00
    182.834     3.7136     3.7139   3.227562   3.227687     2.4190    -0.3743     0.3873    34.8735 1.0225e+03     166423          8  0.000e+00
    182.834     3.7137     3.7142   3.227574   3.227687     2.4190    -0.3743     0.3873    34.8735 1.0225e+03     166424          8  0.000e+00
    182.898     3.7139     3.7142   3.227530   3.227687     2.4190    -0.3938     0.3873    34.8727 1.0202e+03     166425          8  0.000e+00
    182.834     3.7139     3.7140   3.227556   3.227657     2.4190    -0.3938     0.3922    34.8731 1.0202e+03     166426          8  0.000e+00
    182.906     3.7137     3.7139   3.227524   3.227657     2.4190    -0.3938     0.3873    34.8728 1.0202e+03     166427          8  0.000e+00
    182.898     3.7134     3.7138   3.227512   3.227657     2.4190    -0.3743     0.3873    34.8730 1.0202e+03     166428          8  0.000e+00
    182.954     3.7128     3.7139   3.227499   3.227687     2.4190    -0.3938     0.3922    34.8735 1.0202e+03     166429          8  0.000e+00
    182.954     3.7132     3.7139   3.227487   3.227687     2.4190    -0.3743     0.3873    34.8729 1.0202e+03     166430          8  0.000e+00
    182.954     3.7132     3.7139   3.227531   3.227716     2.4190    -0.3743     0.3873    34.8734 1.0202e+03     166431          8  0.000e+00
    182.954     3.7136     3.7137   3.227549   3.227687     2.4190    -0.3938     0.3922    34.8733 1.0202e+03     166432          8  0.000e+00
    183.019     3.7132     3.7139   3.227543   3.227657     2.4190    -0.3743     0.3873    34.8735 1.0202e+03     166433          8  0.000e+00
    183.011     3.7130     3.7138   3.227524   3.227687     2.4190    -0.3938     0.3873    34.8735 1.0202e+03     166434          8  0.000e+00
    183.011     3.7130     3.7138   3.227493   3.227687     2.4190    -0.3743     0.3873    34.8731 1.0180e+03     166435          8  0.000e+00
    183.075     3.7130     3.7136   3.227505   3.227657     2.4190    -0.3938     0.3873    34.8732 1.0180e+03     166436          8  0.000e+00
    183.011     3.7134     3.7136   3.227537   3.227657     2.4190    -0.3743     0.3873    34.8732 1.0180e+03     166437          8  0.000e+00
    183.131     3.7132     3.7137   3.227518   3.227657     2.4190    -0.3743     0.3873    34.8732 1.0180e+03     166438          8  0.000e+00
    183.075     3.7129     3.7134   3.227468   3.227687     2.4190    -0.3938     0.3922    34.8729 1.0180e+03     166439          8  0.000e+00
    183.139     3.7127     3.7136   3.227436   3.227627     2.4190    -0.3938     0.3922    34.8727 1.0180e+03     166440          8  0.000e+00
    183.131     3.7126     3.7136   3.227468   3.227687     2.4190    -0.3743     0.3873    34.8732 1.0180e+03     166441          8  0.000e+00
    183.131     3.7122     3.7138   3.227424   3.227627     2.4190    -0.3938     0.3873    34.8731 1.0157e+03     166442          8  0.000e+00
    183.196     3.7124     3.7134   3.227462   3.227657     2.4190    -0.3938     0.3922    34.8733 1.0157e+03     166443          8  0.000e+00
    183.196     3.7122     3.7137   3.227436   3.227627     2.4190    -0.3743     0.3873    34.8732 1.0157e+03     166444          8  0.000e+00
    183.196     3.7124     3.7136   3.227405   3.227687     2.4190    -0.3938     0.3873    34.8726 1.0157e+03     166445          8  0.000e+00
    183.260     3.7121     3.7134   3.227411   3.227657     2.4190    -0.3743     0.3873    34.8730 1.0157e+03     166446          8  0.000e+00
    183.196     3.7121     3.7134   3.227405   3.227627     2.4190    -0.3938     0.3873    34.8730 1.0135e+03     166447          8  0.000e+00
    183.252     3.7119     3.7132   3.227380   3.227627     2.4190    -0.3743     0.3873    34.8728 1.0157e+03     166448          8  0.000e+00
    183.252     3.7118     3.7135   3.227386   3.227627     2.4202    -0.3743     0.3824    34.8730 1.0157e+03     166449          8  0.000e+00
    183.308     3.7118     3.7134   3.227393   3.227627     2.4190    -0.3547     0.3873    34.8731 1.0135e+03     166450          8  0.000e+00
    183.252     3.7119     3.7134   3.227399   3.227627     2.4190    -0.3547     0.3824    34.8730 1.0135e+03     166451          8  0.000e+00
    183.316     3.7118     3.7129   3.227399   3.227657     2.4190    -0.3743     0.3873    34.8732 1.0135e+03     166452          8  0.000e+00
    183.308     3.7119     3.7131   3.227374   3.227598     2.4190    -0.3547     0.3824    34.8727 1.0113e+03     166453          8  0.000e+00
    183.308     3.7119     3.7128   3.227386   3.227598     2.4190    -0.3743     0.3873    34.8729 1.0135e+03     166454          8  0.000e+00
    183.373     3.7118     3.7121   3.227411   3.227627     2.4190    -0.3547     0.3824    34.8733 1.0113e+03     166455          8  0.000e+00
    183.308     3.7119     3.7123   3.227424   3.227598     2.4190    -0.3743     0.3873    34.8733 1.0113e+03     166456          8  0.000e+00
    183.373     3.7119     3.7121   3.227405   3.227568     2.4190    -0.3547     0.3824    34.8730 1.0135e+03     166457          8  0.000e+00
    183.373     3.7121     3.7120   3.227393   3.227538     2.4190    -0.3743     0.3873    34.8727 1.0113e+03     166458          8  0.000e+00
    132.854     3.8248     3.8250   3.234909   3.235038     2.4643    -0.3547     0.3873    34.8700 1.0337e+03     169905          9  0.000e+00
    133.087     3.8246     3.8250   3.234909   3.235068     2.4643    -0.3352     0.3922    34.8701 1.0337e+03     169906          9  0.000e+00
    132.854     3.8243     3.8248   3.234891   3.235038     2.4656    -0.3352     0.3873    34.8703 1.0337e+03     169907          9  0.000e+00
    132.943     3.8241     3.8250   3.234884   3.235008     2.4656    -0.3547     0.3873    34.8703 1.0337e+03     169908          9  0.000e+00
    132.975     3.8241     3.8248   3.234840   3.235068     2.4656    -0.3547     0.3873    34.8698 1.0337e+03     169909          9  0.000e+00
    132.910     3.8239     3.8250   3.234865   3.235038     2.4656    -0.3352     0.3922    34.8704 1.0337e+03     169910          9  0.000e+00
    132.910     3.8243     3.8251   3.234865   3.234978     2.4656    -0.3547     0.3873    34.8700 1.0315e+03     169911          9  0.000e+00
    132.975     3.8239     3.8250   3.234853   3.235068     2.4643    -0.3547     0.3922    34.8702 1.0337e+03     169912          9  0.000e+00
    132.999     3.8239     3.8250   3.234847   3.235038     2.4643    -0.3352     0.3922    34.8701 1.0337e+03     169913          9  0.000e+00
    132.910     3.8239     3.8252   3.234853   3.235038     2.4643    -0.3352     0.3922    34.8702 1.0315e+03     169914          9  0.000e+00
    132.975     3.8240     3.8250   3.234853   3.235008     2.4643    -0.3547     0.3922    34.8701 1.0337e+03     169915          9  0.000e+00
    133.031     3.8241     3.8250   3.234872   3.235068     2.4655    -0.3352     0.3922    34.8701 1.0315e+03     169916          9  0.000e+00
    132.975     3.8238     3.8251   3.234865   3.235068     2.4655    -0.3352     0.3971    34.8705 1.0315e+03     169917          9  0.000e+00
    132.975     3.8239     3.8249   3.234872   3.235038     2.4643    -0.3352     0.3922    34.8704 1.0315e+03     169918          9  0.000e+00
    132.999     3.8236     3.8251   3.234859   3.235038     2.4643    -0.3352     0.3971    34.8706 1.0315e+03     169919          9  0.000e+00
    132.975     3.8240     3.8252   3.234853   3.235068     2.4643    -0.3547     0.3922    34.8701 1.0315e+03     169920          9  0.000e+00
    133.031     3.8238     3.8250   3.234834   3.235038     2.4643    -0.3547     0.3922    34.8701 1.0315e+03     169921          9  0.000e+00
    132.975     3.8238     3.8248   3.234840   3.235068     2.4643    -0.3547     0.3922    34.8702 1.0292e+03     169922          9  0.000e+00
    133.031     3.8239     3.8250   3.234834   3.235008     2.4643    -0.3547     0.3922    34.8699 1.0315e+03     169923          9  0.000e+00
    132.975     3.8239     3.8250   3.234840   3.235008     2.4643    -0.3547     0.3922    34.8700 1.0315e+03     169924          9  0.000e+00
    133.063     3.8241     3.8249   3.234828   3.235008     2.4643    -0.3352     0.3971    34.8696 1.0292e+03     169925          9  0.000e+00
    132.975     3.8238     3.8248   3.234840   3.235038     2.4643    -0.3352     0.3971    34.8702 1.0292e+03     169926          9  0.000e+00
    133.031     3.8243     3.8245   3.234872   3.235008     2.4643    -0.3352     0.3922    34.8700 1.0292e+03     169927          9  0.000e+00
    133.031     3.8239     3.8245   3.234865   3.235038     2.4643    -0.3352     0.3922    34.8703 1.0292e+03     169928          9  0.000e+00
    133.031     3.8243     3.8242   3.234891   3.234978     2.4655    -0.3352     0.3922    34.8702 1.0292e+03     169929          9  0.000e+00
    133.063     3.8241     3.8239   3.234865   3.234978     2.4655    -0.3352     0.3971    34.8700 1.0292e+03     169930          9  0.000e+00
    133.031     3.8239     3.8243   3.234872   3.235038     2.4655    -0.3352     0.3971    34.8704 1.0292e+03     169931          9  0.000e+00
    133.087     3.8239     3.8243   3.234865   3.234978     2.4643    -0.3547     0.3922    34.8703 1.0292e+03     169932          9  0.000e+00
    133.031     3.8239     3.8242   3.234853   3.234978     2.4643    -0.3352     0.3971    34.8701 1.0292e+03     169933          9  0.000e+00
    133.031     3.8241     3.8240   3.234834   3.235008     2.4643    -0.3547     0.3922    34.8697 1.0270e+03     169934          9  0.000e+00
    133.087     3.8240     3.8240   3.234865   3.234978     2.4643    -0.3547     0.3922    34.8702 1.0292e+03     169935          9  0.000e+00
    133.063     3.8238     3.8243   3.234859   3.234978     2.4643    -0.3352     0.3922    34.8704 1.0292e+03     169936          9  0.000e+00
    133.087     3.8241     3.8242   3.234872   3.235008     2.4643    -0.3352     0.3873    34.8701 1.0270e+03     169937          9  0.000e+00
    133.031     3.8241     3.8243   3.234884   3.234978     2.4643    -0.3157     0.3873    34.8703 1.0270e+03     169938          9  0.000e+00
    133.151     3.8239     3.8242   3.234884   3.235038     2.4643    -0.3352     0.3873    34.8704 1.0292e+03     169939          9  0.000e+00
    133.031     3.8240     3.8242   3.234884   3.234978     2.4643    -0.3157     0.3873    34.8705 1.0270e+03     169940          9  0.000e+00
    133.087     3.8239     3.8239   3.234865   3.235008     2.4643    -0.3352     0.3873    34.8703 1.0270e+03     169941          9  0.000e+00
    133.119     3.8239     3.8240   3.234872   3.234978     2.4643    -0.3157     0.3873    34.8703 1.0270e+03     169942          9  0.000e+00
    133.087     3.8243     3.8236   3.234878   3.234978     2.4643    -0.3352     0.3873    34.8700 1.0270e+03     169943          9  0.000e+00
    133.151     3.8243     3.8236   3.234865   3.234979     2.4643    -0.3352     0.3922    34.8698 1.0270e+03     169944          9  0.000e+00
    133.087     3.8241     3.8237   3.234872   3.234949     2.4643    -0.3352     0.3873    34.8701 1.0247e+03     169945          9  0.000e+00
    133.151     3.8244     3.8236   3.234903   3.234949     2.4643    -0.3157     0.3873    34.8701 1.0270e+03     169946          9  0.000e+00
    133.087     3.8246     3.8236   3.234909   3.234949     2.4643    -0.3352     0.3873    34.8701 1.0270e+03     169947          9  0.000e+00
    133.119     3.8248     3.8233   3.234909   3.234949     2.4643    -0.3157     0.3873    34.8699 1.0270e+03     169948          9  0.000e+00
    133.151     3.8251     3.8233   3.234953   3.234919     2.4643    -0.3352     0.3873    34.8700 1.0270e+03     169949          9  0.000e+00
    133.151     3.8252     3.8236   3.234953   3.234919     2.4643    -0.3352     0.3873    34.8699 1.0270e+03     169950          9  0.000e+00
    133.151     3.8254     3.8236   3.235004   3.234949     2.4643    -0.3352     0.3873    34.8703 1.0247e+03     169951          9  0.000e+00
    133.151     3.8256     3.8236   3.235029   3.234919     2.4643    -0.3352     0.3873    34.8704 1.0247e+03     169952          9  0.000e+00
    133.183     3.8256     3.8233   3.234985   3.234979     2.4643    -0.3352     0.3873    34.8699 1.0247e+03     169953          9  0.000e+00
    132.854     3.8251     3.8253   3.234909   3.235068     2.4654    -0.3352     0.3922    34.8697 1.0382e+03     170273         10  0.000e+00
    132.734     3.8251     3.8254   3.234909   3.235068     2.4654    -0.3547     0.3873    34.8697 1.0360e+03     170274         10  0.000e+00
    132.910     3.8251     3.8250   3.234909   3.235097     2.4654    -0.3547     0.3873    34.8696 1.0360e+03     170275         10  0.000e+00
