Ship_data/Irminger/Irminger-5/ctd/process/ar30-03012.ros
* Sea-Bird SBE 9 Data File:
* FileName = D:\Data\ar30-03012.hdr
* Software Version Seasave V 7.23.2
* Temperature SN = 4312
* Conductivity SN = 2148
* Number of Bytes Per Scan = 44
* Number of Voltage Words = 5
* Number of Scans Averaged by the Deck Unit = 1
* NMEA Latitude = 59 40.85 N
* NMEA Longitude = 038 56.40 W
* NMEA UTC (Time) = Jun 13 2018  17:00:29
** Cruise ID: ar30-03
** Chief Sci: Macdonald
** Station #: 012
** Site ID: Irminger 5 OSNAP CV4
# nquan = 13
# nvalues = 637                                   
# units = specified
# name 0 = prDM: Pressure, Digiquartz [db]
# name 1 = t090C: Temperature [ITS-90, deg C]
# name 2 = t190C: Temperature, 2 [ITS-90, deg C]
# name 3 = c0S/m: Conductivity [S/m]
# name 4 = c1S/m: Conductivity, 2 [S/m]
# name 5 = sbeox0V: Oxygen raw, SBE 43 [V]
# name 6 = flECO-AFL: Fluorescence, WET Labs ECO-AFL/FL [mg/m^3]
# name 7 = turbWETntu0: Turbidity, WET Labs ECO [NTU]
# name 8 = sal00: Salinity, Practical [PSU]
# name 9 = spar: SPAR/Surface Irradiance
# name 10 = scan: Scan Count
# name 11 = nbf: Bottles Fired
# name 12 = flag:  0.000e+00
# interval = seconds: 0.0416667
# start_time = Jun 13 2018 17:00:29 [System UTC, first data scan.]
# bad_flag = -9.990e-29
*END*
[from data line 556]
     60.873     4.4626     4.4625   3.289927   3.290049     2.5506    -0.0031     0.4215    34.8840 3.6630e+02     175580         12  0.000e+00
     60.849     4.4628     4.4624   3.289946   3.290049     2.5506    -0.0031     0.4215    34.8840 3.6630e+02     175581         12  0.000e+00
     60.873     4.4625     4.4622   3.289958   3.290079     2.5506    -0.0031     0.4215    34.8846 3.6405e+02     175582         12  0.000e+00
     60.905     4.4626     4.4624   3.289971   3.290049     2.5506    -0.0031     0.4215    34.8845 3.6405e+02     175583         12  0.000e+00
     60.905     4.4627     4.4622   3.289964   3.290049     2.5506    -0.0031     0.4215    34.8843 3.6405e+02     175584         12  0.000e+00
     60.929     4.4628     4.4621   3.289958   3.290049     2.5506    -0.0031     0.4215    34.8841 3.6405e+02     175585         12  0.000e+00
     60.969     4.4625     4.4625   3.289933   3.290049     2.5506    -0.0031     0.4215    34.8842 3.6405e+02     175586         12  0.000e+00
     60.969     4.4628     4.4623   3.289920   3.290019     2.5506    -0.0031     0.4215    34.8837 3.6405e+02     175587         12  0.000e+00
     60.929     4.4625     4.4624   3.289946   3.290079     2.5506    -0.0031     0.4215    34.8844 3.6405e+02     175588         12  0.000e+00
     61.026     4.4628     4.4622   3.289958   3.290019     2.5506    -0.0031     0.4215    34.8841 3.6405e+02     175589         12  0.000e+00
     60.969     4.4627     4.4624   3.289958   3.290049     2.5506    -0.0031     0.4215    34.8842 3.6405e+02     175590         12  0.000e+00
     61.050     4.4626     4.4622   3.289952   3.290019     2.5518    -0.0031     0.4215    34.8842 3.6405e+02     175591         12  0.000e+00
     60.969     4.4630     4.4619   3.289977   3.290019     2.5506    -0.0031     0.4215    34.8842 3.6405e+02     175592         12  0.000e+00
     61.026     4.4630     4.4622   3.290002   3.290049     2.5506    -0.0031     0.4215    34.8844 3.6405e+02     175593         12  0.000e+00
     61.050     4.4635     4.4627   3.290034   3.290019     2.5506    -0.0422     0.4215    34.8843 3.6405e+02     175594         12  0.000e+00
     61.082     4.4632     4.4631   3.290021   3.290019     2.5518    -0.0422     0.4166    34.8844 3.6180e+02     175595         12  0.000e+00
     61.050     4.4630     4.4637   3.289996   3.290169     2.5518    -0.0422     0.4166    34.8844 3.6405e+02     175596         12  0.000e+00
     61.082     4.4630     4.4636   3.289946   3.290169     2.5518    -0.0422     0.4166    34.8837 3.6405e+02     175597         12  0.000e+00
     61.082     4.4628     4.4630   3.289965   3.290229     2.5518    -0.0422     0.4166    34.8841 3.6405e+02     175598         12  0.000e+00
     61.050     4.4628     4.4626   3.289946   3.290139     2.5518    -0.0422     0.4166    34.8839 3.6405e+02     175599         12  0.000e+00
     61.082     4.4629     4.4627   3.289946   3.290079     2.5518    -0.0422     0.4166    34.8839 3.6180e+02     175600         12  0.000e+00
     61.082     4.4631     4.4626   3.289977   3.290049     2.5518    -0.0422     0.4166    34.8839 3.6180e+02     175601         12  0.000e+00
     61.106     4.4633     4.4628   3.289965   3.290079     2.5518    -0.0422     0.4166    34.8836 3.6405e+02     175602         12  0.000e+00
     61.146     4.4631     4.4626   3.289971   3.290049     2.5518    -0.0422     0.4166    34.8838 3.6405e+02     175603         12  0.000e+00
     61.082     4.4631     4.4626   3.289965   3.290079     2.5518    -0.0422     0.4166    34.8838 3.6405e+02     175604         12  0.000e+00
     61.106     4.4629     4.4624   3.289958   3.290079     2.5518    -0.0422     0.4166    34.8840 3.6180e+02     175605         12  0.000e+00
     61.146     4.4631     4.4625   3.289958   3.290079     2.5518    -0.0422     0.4166    34.8837 3.6405e+02     175606         12  0.000e+00
     61.050     4.4630     4.4626   3.289952   3.290079     2.5518    -0.0422     0.4166    34.8838 3.6180e+02     175607         12  0.000e+00
     61.146     4.4630     4.4626   3.289958   3.290079     2.5518    -0.0422     0.4166    34.8839 3.6180e+02     175608         12  0.000e+00
     61.146     4.4630     4.4626   3.289977   3.290049     2.5518    -0.0422     0.4166    34.8841 3.6405e+02     175609         12  0.000e+00
     61.050     4.4630     4.4628   3.289965   3.290049     2.5518    -0.0422     0.4166    34.8839 3.6180e+02     175610         12  0.000e+00
     61.146     4.4630     4.4629   3.289971   3.290079     2.5518    -0.0422     0.4166    34.8840 3.6180e+02     175611         12  0.000e+00
      5.575     5.1358     5.1328   3.345622   3.345425     2.7043     0.5635     0.5192    34.8556 3.7978e+02     179955         13  0.000e+00
      5.631     5.1358     5.1325   3.345628   3.345413     2.7043     0.5635     0.5192    34.8556 3.8203e+02     179956         13  0.000e+00
      5.519     5.1356     5.1326   3.345622   3.345383     2.7043     0.5439     0.5338    34.8557 3.8203e+02     179957         13  0.000e+00
      5.751     5.1356     5.1330   3.345654   3.345479     2.7043     0.5439     0.5387    34.8560 3.8203e+02     179958         13  0.000e+00
      5.278     5.1356     5.1332   3.345673   3.345545     2.7043     0.5439     0.5387    34.8565 3.7978e+02     179959         13  0.000e+00
      5.455     5.1363     5.1333   3.345749   3.345509     2.7043     0.5439     0.5387    34.8566 3.7978e+02     179960         13  0.000e+00
      5.575     5.1371     5.1342   3.345838   3.345540     2.7043     0.5439     0.5387    34.8567 3.7978e+02     179961         13  0.000e+00
      5.511     5.1384     5.1349   3.345940   3.345570     2.7043     0.5439     0.5387    34.8566 3.8203e+02     179962         13  0.000e+00
      5.511     5.1394     5.1354   3.345978   3.345600     2.7043     0.5439     0.5387    34.8560 3.8203e+02     179963         13  0.000e+00
      5.455     5.1397     5.1354   3.346004   3.345636     2.7043     0.5439     0.5387    34.8559 3.8203e+02     179964         13  0.000e+00
      5.519     5.1402     5.1354   3.346023   3.345690     2.7043     0.5439     0.5387    34.8556 3.8203e+02     179965         13  0.000e+00
      5.455     5.1400     5.1352   3.346042   3.345690     2.7043     0.5439     0.5387    34.8561 3.7978e+02     179966         13  0.000e+00
      5.455     5.1402     5.1354   3.346029   3.345690     2.7043     0.5439     0.5387    34.8558 3.8203e+02     179967         13  0.000e+00
      5.455     5.1403     5.1360   3.346074   3.345720     2.7043     0.5439     0.5387    34.8561 3.8203e+02     179968         13  0.000e+00
      5.398     5.1408     5.1364   3.346061   3.345726     2.7043     0.5439     0.5387    34.8555 3.8203e+02     179969         13  0.000e+00
      5.519     5.1413     5.1370   3.346086   3.345750     2.7043     0.5439     0.5387    34.8552 3.8203e+02     179970         13  0.000e+00
      5.398     5.1416     5.1376   3.346163   3.345811     2.7043     0.5439     0.5387    34.8558 3.8203e+02     179971         13  0.000e+00
      5.455     5.1415     5.1386   3.346150   3.345871     2.7043     0.5439     0.5387    34.8558 3.8203e+02     179972         13  0.000e+00
      5.398     5.1418     5.1393   3.346156   3.345907     2.7043     0.5439     0.5387    34.8555 3.8203e+02     179973         13  0.000e+00
      5.398     5.1421     5.1396   3.346207   3.345991     2.7043     0.5439     0.5387    34.8558 3.8203e+02     179974         13  0.000e+00
      5.398     5.1429     5.1397   3.346264   3.346052     2.7043     0.5439     0.5387    34.8557 3.8203e+02     179975         13  0.000e+00
      5.334     5.1433     5.1399   3.346303   3.346052     2.7043     0.5439     0.5387    34.8558 3.8203e+02     179976         13  0.000e+00
      5.334     5.1436     5.1401   3.346334   3.346052     2.7043     0.5439     0.5387    34.8558 3.8203e+02     179977         13  0.000e+00
      5.342     5.1435     5.1401   3.346360   3.346088     2.7043     0.5439     0.5387    34.8561 3.8203e+02     179978         13  0.000e+00
      5.334     5.1433     5.1401   3.346309   3.346112     2.7043     0.5439     0.5387    34.8558 3.8203e+02     179979         13  0.000e+00
      5.334     5.1433     5.1394   3.346309   3.346112     2.7043     0.5439     0.5387    34.8558 3.8203e+02     179980         13  0.000e+00
      5.278     5.1431     5.1396   3.346309   3.346052     2.7043     0.5439     0.5240    34.8561 3.8203e+02     179981         13  0.000e+00
      5.278     5.1433     5.1394   3.346296   3.346118     2.7043     0.5439     0.5143    34.8557 3.8203e+02     179982         13  0.000e+00
      5.278     5.1431     5.1396   3.346328   3.346082     2.7043     0.5439     0.5143    34.8562 3.8203e+02     179983         13  0.000e+00
      5.222     5.1431     5.1394   3.346366   3.346082     2.7043     0.5439     0.5143    34.8568 3.8203e+02     179984         13  0.000e+00
      5.278     5.1434     5.1396   3.346372   3.346082     2.7043     0.5439     0.5143    34.8564 3.8203e+02     179985         13  0.000e+00
      5.222     5.1437     5.1399   3.346353   3.346088     2.7043     0.5439     0.5143    34.8559 3.8428e+02     179986         13  0.000e+00
      5.158     5.1438     5.1401   3.346366   3.346082     2.7043     0.5439     0.5143    34.8560 3.8203e+02     179987         13  0.000e+00
      5.222     5.1439     5.1401   3.346372   3.346112     2.7043     0.5439     0.5143    34.8560 3.8203e+02     179988         13  0.000e+00
      5.222     5.1439     5.1399   3.346372   3.346112     2.7043     0.5439     0.5143    34.8560 3.8203e+02     179989         13  0.000e+00
      5.158     5.1442     5.1398   3.346442   3.346112     2.7043     0.5439     0.5143    34.8565 3.8203e+02     179990         13  0.000e+00
      5.102     5.1439     5.1404   3.346436   3.346118     2.7043     0.5439     0.5143    34.8568 3.8203e+02     179991         13  0.000e+00
      5.158     5.1442     5.1409   3.346417   3.346148     2.7043     0.5439     0.5143    34.8561 3.8203e+02     179992         13  0.000e+00
      5.102     5.1445     5.1407   3.346411   3.346208     2.7043     0.5439     0.5143    34.8558 3.8203e+02     179993         13  0.000e+00
      5.158     5.1444     5.1413   3.346411   3.346178     2.7043     0.5439     0.5143    34.8559 3.8203e+02     179994         13  0.000e+00
      5.102     5.1442     5.1409   3.346442   3.346208     2.7043     0.5439     0.5143    34.8565 3.8203e+02     179995         13  0.000e+00
      5.102     5.1443     5.1409   3.346423   3.346238     2.7043     0.5439     0.5143    34.8561 3.8203e+02     179996         13  0.000e+00
      5.102     5.1445     5.1409   3.346430   3.346238     2.7043     0.5439     0.5143    34.8560 3.8203e+02     179997         13  0.000e+00
      5.038     5.1445     5.1413   3.346449   3.346238     2.7043     0.5439     0.5143    34.8563 3.8428e+02     179998         13  0.000e+00
      5.038     5.1445     5.1416   3.346442   3.346238     2.7055     0.5439     0.5143    34.8562 3.8203e+02     179999         13  0.000e+00
      5.046     5.1445     5.1422   3.346436   3.346268     2.7043     0.5439     0.5143    34.8561 3.8203e+02     180000         13  0.000e+00
      5.102     5.1449     5.1425   3.346481   3.346329     2.7043     0.5439     0.5143    34.8563 3.8203e+02     180001         13  0.000e+00
      4.982     5.1447     5.1426   3.346423   3.346329     2.7043     0.5439     0.5143    34.8559 3.8428e+02     180002         13  0.000e+00
      5.038     5.1449     5.1427   3.346449   3.346359     2.7055     0.5439     0.5143    34.8559 3.8203e+02     180003         13  0.000e+00
