Ship_data/Irminger/Irminger-5/ctd/process/ar30-03011.ros
* Sea-Bird SBE 9 Data File:
* FileName = D:\Data\ar30-03011.hdr
* Software Version Seasave V 7.23.2
* Temperature SN = 4312
* Conductivity SN = 2148
* Number of Bytes Per Scan = 44
* Number of Voltage Words = 5
* Number of Scans Averaged by the Deck Unit = 1
* NMEA Latitude = 59 39.70 N
* NMEA Longitude = 038 37.20 W
* NMEA UTC (Time) = Jun 13 2018  13:11:35
** Cruise ID: ar30-03
** Chief Sci: Macdonald
** Station #: 011
** Site ID: Irminger 5 OSNAP M4
** cast near OSNAP M4 mooring
# nquan = 13
# nvalues = 833                                   
# units = specified
# name 0 = prDM: Pressure, Digiquartz [db]
# name 1 = t090C: Temperature [ITS-90, deg C]
# name 2 = t190C: Temperature, 2 [ITS-90, deg C]
# name 3 = c0S/m: Conductivity [S/m]
# name 4 = c1S/m: Conductivity, 2 [S/m]
# name 5 = sbeox0V: Oxygen raw, SBE 43 [V]
# name 6 = flECO-AFL: Fluorescence, WET Labs ECO-AFL/FL [mg/m^3]
# name 7 = turbWETntu0: Turbidity, WET Labs ECO [NTU]
# name 8 = sal00: Salinity, Practical [PSU]
# name 9 = spar: SPAR/Surface Irradiance
# name 10 = scan: Scan Count
# name 11 = nbf: Bottles Fired
# name 12 = flag:  0.000e+00
# interval = seconds: 0.0416667
# start_time = Jun 13 2018 13:11:35 [System UTC, first data scan.]
# bad_flag = -9.990e-29
*END*
[from data line 667]
     61.405     4.3016     4.2995   3.273193   3.273141     2.5698     0.1532     0.4215    34.8569 1.4450e+03     188593         14  0.000e+00
     61.349     4.3015     4.2995   3.273199   3.273123     2.5698     0.1532     0.4215    34.8571 1.4405e+03     188594         14  0.000e+00
     61.430     4.3013     4.2993   3.273199   3.273141     2.5698     0.1532     0.4215    34.8572 1.4337e+03     188595         14  0.000e+00
     61.405     4.3016     4.2995   3.273206   3.273200     2.5685     0.1532     0.4215    34.8570 1.4292e+03     188596         14  0.000e+00
     61.430     4.3017     4.2995   3.273225   3.273141     2.5698     0.1532     0.4215    34.8572 1.4292e+03     188597         14  0.000e+00
     61.470     4.3019     4.2995   3.273231   3.273153     2.5698     0.1532     0.4215    34.8570 1.4247e+03     188598         14  0.000e+00
     61.470     4.3016     4.2997   3.273231   3.273171     2.5698     0.1532     0.4215    34.8573 1.4247e+03     188599         14  0.000e+00
     61.430     4.3019     4.2995   3.273250   3.273170     2.5698     0.1532     0.4215    34.8573 1.4247e+03     188600         14  0.000e+00
     61.470     4.3019     4.2998   3.273225   3.273141     2.5698     0.1532     0.4215    34.8569 1.4270e+03     188601         14  0.000e+00
     61.470     4.3019     4.3003   3.273206   3.273182     2.5685     0.1532     0.4215    34.8567 1.4292e+03     188602         14  0.000e+00
     61.550     4.3019     4.3003   3.273243   3.273200     2.5698     0.1532     0.4215    34.8571 1.4315e+03     188603         14  0.000e+00
     61.470     4.3022     4.3000   3.273243   3.273171     2.5698     0.1532     0.4215    34.8568 1.4337e+03     188604         14  0.000e+00
     61.486     4.3023     4.3003   3.273250   3.273171     2.5698     0.1532     0.4215    34.8567 1.4360e+03     188605         14  0.000e+00
     61.526     4.3019     4.3006   3.273237   3.273182     2.5698     0.1532     0.4215    34.8570 1.4382e+03     188606         14  0.000e+00
     61.470     4.3023     4.3008   3.273250   3.273200     2.5698     0.1532     0.4215    34.8567 1.4405e+03     188607         14  0.000e+00
     61.550     4.3023     4.3009   3.273243   3.273230     2.5698     0.1532     0.4215    34.8566 1.4382e+03     188608         14  0.000e+00
     61.470     4.3024     4.3006   3.273212   3.273230     2.5685     0.1532     0.4215    34.8562 1.4405e+03     188609         14  0.000e+00
     61.526     4.3022     4.3011   3.273225   3.273242     2.5698     0.1532     0.4215    34.8566 1.4382e+03     188610         14  0.000e+00
     61.486     4.3022     4.3009   3.273269   3.273230     2.5698     0.1532     0.4215    34.8571 1.4382e+03     188611         14  0.000e+00
     31.060     4.7617     4.7264   3.311896   3.309086     2.6300     0.8956     0.4557    34.8423 1.3416e+03     191680         15  0.000e+00
     30.980     4.7751     4.7283   3.312593   3.309002     2.6300     0.9151     0.4557    34.8363 1.3393e+03     191681         15  0.000e+00
     31.044     4.7796     4.7292   3.312980   3.308900     2.6300     0.9151     0.4557    34.8361 1.3371e+03     191682         15  0.000e+00
     30.980     4.7815     4.7271   3.313329   3.308960     2.6300     0.9151     0.4557    34.8382 1.3349e+03     191683         15  0.000e+00
     30.996     4.7839     4.7297   3.313690   3.308870     2.6300     0.9151     0.4557    34.8398 1.3326e+03     191684         15  0.000e+00
     30.924     4.7882     4.7357   3.313937   3.308972     2.6300     0.9151     0.4557    34.8383 1.3304e+03     191685         15  0.000e+00
     31.044     4.7941     4.7346   3.314241   3.309086     2.6300     0.9346     0.4606    34.8355 1.3281e+03     191686         15  0.000e+00
     31.044     4.7972     4.7308   3.314305   3.309020     2.6300     0.9737     0.4654    34.8330 1.3259e+03     191687         15  0.000e+00
     31.060     4.7972     4.7358   3.314140   3.308990     2.6300     0.9737     0.4606    34.8311 1.3259e+03     191688         15  0.000e+00
     30.980     4.7972     4.7454   3.313836   3.309050     2.6300     0.9737     0.4654    34.8276 1.3236e+03     191689         15  0.000e+00
     31.044     4.7977     4.7501   3.313506   3.308882     2.6300     0.9737     0.4606    34.8232 1.3236e+03     191690         15  0.000e+00
     30.980     4.7982     4.7473   3.313246   3.308570     2.6312     0.9737     0.4606    34.8197 1.3214e+03     191691         15  0.000e+00
     31.060     4.7988     4.7434   3.312980   3.308210     2.6300     0.9737     0.4654    34.8159 1.3214e+03     191692         15  0.000e+00
     30.980     4.8013     4.7417   3.312745   3.307760     2.6312     0.9737     0.4654    34.8106 1.3214e+03     191693         15  0.000e+00
     30.980     4.8030     4.7388   3.312473   3.307394     2.6312     0.9737     0.4606    34.8056 1.3214e+03     191694         15  0.000e+00
     30.980     4.7932     4.7299   3.312175   3.307052     2.6312     0.9737     0.4606    34.8125 1.3191e+03     191695         15  0.000e+00
     30.996     4.7843     4.7217   3.311782   3.306944     2.6300     0.9737     0.4606    34.8172 1.3191e+03     191696         15  0.000e+00
     30.980     4.7747     4.7195   3.311522   3.307034     2.6300     0.9737     0.4606    34.8242 1.3191e+03     191697         15  0.000e+00
     30.980     4.7680     4.7194   3.311275   3.307304     2.6300     0.9737     0.4654    34.8285 1.3191e+03     191698         15  0.000e+00
     30.980     4.7654     4.7229   3.310996   3.307544     2.6312     0.9737     0.4606    34.8279 1.3191e+03     191699         15  0.000e+00
     30.996     4.7622     4.7249   3.310724   3.307634     2.6312     0.9737     0.4654    34.8281 1.3191e+03     191700         15  0.000e+00
     30.980     4.7583     4.7259   3.310452   3.307742     2.6312     0.9737     0.4654    34.8290 1.3191e+03     191701         15  0.000e+00
     30.924     4.7533     4.7250   3.310274   3.307910     2.6312     0.9737     0.4606    34.8322 1.3191e+03     191702         15  0.000e+00
     30.980     4.7503     4.7238   3.310236   3.308090     2.6312     0.9737     0.4654    34.8348 1.3191e+03     191703         15  0.000e+00
     30.763     4.7474     4.7221   3.310300   3.308180     2.6312     0.9737     0.4606    34.8387 1.3191e+03     191704         15  0.000e+00
     31.156     4.7453     4.7218   3.310433   3.308270     2.6312     0.9737     0.4654    34.8423 1.3191e+03     191705         15  0.000e+00
     30.924     4.7473     4.7227   3.310559   3.308402     2.6312     0.9737     0.4606    34.8419 1.3191e+03     191706         15  0.000e+00
     30.924     4.7492     4.7220   3.310439   3.308360     2.6312     0.9737     0.4654    34.8384 1.3191e+03     191707         15  0.000e+00
     30.924     4.7491     4.7184   3.310230   3.308330     2.6312     0.9737     0.4606    34.8362 1.3191e+03     191708         15  0.000e+00
     30.940     4.7486     4.7166   3.310065   3.308300     2.6312     0.9737     0.4606    34.8347 1.3191e+03     191709         15  0.000e+00
     30.860     4.7491     4.7171   3.309888   3.308180     2.6312     0.9542     0.4606    34.8322 1.3191e+03     191710         15  0.000e+00
     30.924     4.7462     4.7142   3.309755   3.308042     2.6312     0.9542     0.4557    34.8337 1.3191e+03     191711         15  0.000e+00
     30.924     4.7426     4.7094   3.309615   3.307760     2.6312     0.9542     0.4557    34.8358 1.3191e+03     191712         15  0.000e+00
     30.876     4.7402     4.7091   3.309482   3.307334     2.6312     0.9542     0.4557    34.8368 1.3214e+03     191713         15  0.000e+00
     30.860     4.7395     4.7080   3.309451   3.306944     2.6312     0.9542     0.4557    34.8372 1.3214e+03     191714         15  0.000e+00
     30.924     4.7392     4.7031   3.309470   3.306824     2.6312     0.9542     0.4557    34.8376 1.3214e+03     191715         15  0.000e+00
     30.860     4.7395     4.6957   3.309463   3.306423     2.6312     0.9542     0.4557    34.8373 1.3214e+03     191716         15  0.000e+00
     30.876     4.7415     4.6872   3.309413   3.306009     2.6312     0.9542     0.4557    34.8346 1.3214e+03     191717         15  0.000e+00
     30.860     4.7439     4.6864   3.309324   3.305769     2.6312     0.9542     0.4557    34.8310 1.3236e+03     191718         15  0.000e+00
     30.860     4.7453     4.6891   3.309343   3.305559     2.6312     0.9542     0.4557    34.8297 1.3236e+03     191719         15  0.000e+00
     30.803     4.7460     4.6902   3.309362   3.305379     2.6312     0.9346     0.4557    34.8293 1.3236e+03     191720         15  0.000e+00
     30.876     4.7458     4.6897   3.309298   3.305259     2.6312     0.9542     0.4557    34.8287 1.3259e+03     191721         15  0.000e+00
     30.860     4.7445     4.6893   3.309292   3.305199     2.6312     0.9542     0.4557    34.8300 1.3259e+03     191722         15  0.000e+00
     30.803     4.7450     4.6913   3.309413   3.305109     2.6312     0.9542     0.4557    34.8309 1.3281e+03     191723         15  0.000e+00
     30.860     4.7457     4.6915   3.309609   3.305163     2.6312     0.9542     0.4557    34.8325 1.3304e+03     191724         15  0.000e+00
     30.819     4.7470     4.6897   3.309818   3.305169     2.6312     0.9542     0.4557    34.8336 1.3304e+03     191725         15  0.000e+00
     30.860     4.7473     4.6886   3.310027   3.305079     2.6312     0.9542     0.4557    34.8356 1.3326e+03     191726         15  0.000e+00
     30.803     4.7445     4.6864   3.310217   3.304809     2.6312     0.9542     0.4557    34.8408 1.3326e+03     191727         15  0.000e+00
     30.803     4.7420     4.6857   3.310179   3.304563     2.6312     0.9542     0.4557    34.8431 1.3349e+03     191728         15  0.000e+00
     15.875     5.1731     5.1684   3.346815   3.346452     2.7147     1.3058     0.4899    34.8249 1.5304e+03     194510         16  0.000e+00
     15.763     5.1733     5.1673   3.346764   3.346428     2.7135     1.3058     0.4899    34.8242 1.5326e+03     194511         16  0.000e+00
     15.939     5.1720     5.1671   3.346738   3.346392     2.7135     1.3058     0.4899    34.8251 1.5326e+03     194512         16  0.000e+00
     15.875     5.1715     5.1670   3.346656   3.346392     2.7135     1.3058     0.4899    34.8248 1.5326e+03     194513         16  0.000e+00
     15.827     5.1707     5.1668   3.346605   3.346362     2.7147     1.3058     0.4899    34.8250 1.5349e+03     194514         16  0.000e+00
     15.763     5.1708     5.1665   3.346566   3.346362     2.7147     1.3058     0.4899    34.8244 1.5349e+03     194515         16  0.000e+00
     15.827     5.1714     5.1661   3.346541   3.346362     2.7135     1.3058     0.4899    34.8235 1.5371e+03     194516         16  0.000e+00
     15.819     5.1710     5.1661   3.346490   3.346332     2.7135     1.3058     0.4899    34.8234 1.5393e+03     194517         16  0.000e+00
     15.827     5.1703     5.1663   3.346471   3.346302     2.7147     1.3058     0.4899    34.8238 1.5393e+03     194518         16  0.000e+00
     15.763     5.1700     5.1663   3.346484   3.346302     2.7147     1.3058     0.4899    34.8244 1.5416e+03     194519         16  0.000e+00
     15.827     5.1700     5.1665   3.346477   3.346272     2.7147     1.3058     0.4899    34.8242 1.5416e+03     194520         16  0.000e+00
     15.763     5.1690     5.1668   3.346407   3.346332     2.7147     1.3058     0.4899    34.8245 1.5438e+03     194521         16  0.000e+00
     15.763     5.1665     5.1665   3.346236   3.346302     2.7147     1.3254     0.4899    34.8252 1.5461e+03     194522         16  0.000e+00
     15.763     5.1646     5.1658   3.346013   3.346272     2.7147     1.3644     0.4801    34.8246 1.5483e+03     194523         16  0.000e+00
     15.699     5.1606     5.1652   3.345841   3.346242     2.7147     1.3840     0.4801    34.8268 1.5461e+03     194524         16  0.000e+00
     15.763     5.1572     5.1639   3.345682   3.346211     2.7147     1.3840     0.4801    34.8285 1.5483e+03     194525         16  0.000e+00
     15.699     5.1548     5.1631   3.345561   3.346151     2.7147     1.3840     0.4801    34.8296 1.5506e+03     194526         16  0.000e+00
     15.707     5.1530     5.1629   3.345440   3.346085     2.7147     1.3840     0.4801    34.8301 1.5506e+03     194527         16  0.000e+00
     15.763     5.1522     5.1624   3.345313   3.346031     2.7147     1.3840     0.4801    34.8295 1.5506e+03     194528         16  0.000e+00
     15.707     5.1514     5.1621   3.345218   3.345994     2.7147     1.3840     0.4801    34.8291 1.5528e+03     194529         16  0.000e+00
     15.651     5.1519     5.1613   3.345160   3.345934     2.7147     1.3840     0.4801    34.8281 1.5528e+03     194530         16  0.000e+00
     15.699     5.1515     5.1600   3.345129   3.345934     2.7147     1.3840     0.4801    34.8280 1.5528e+03     194531         16  0.000e+00
     15.707     5.1516     5.1585   3.345065   3.345784     2.7147     1.3840     0.4801    34.8272 1.5528e+03     194532         16  0.000e+00
     15.643     5.1513     5.1573   3.345046   3.345759     2.7147     1.3840     0.4801    34.8273 1.5551e+03     194533         16  0.000e+00
     15.651     5.1511     5.1569   3.345008   3.345633     2.7147     1.3840     0.4801    34.8271 1.5528e+03     194534         16  0.000e+00
     15.643     5.1510     5.1565   3.345014   3.345543     2.7147     1.3840     0.4801    34.8273 1.5551e+03     194535         16  0.000e+00
     15.651     5.1509     5.1566   3.345059   3.345512     2.7147     1.3840     0.4801    34.8279 1.5551e+03     194536         16  0.000e+00
     15.643     5.1514     5.1565   3.345065   3.345488     2.7159     1.3840     0.4801    34.8274 1.5551e+03     194537         16  0.000e+00
     15.587     5.1510     5.1565   3.345008   3.345512     2.7159     1.3840     0.4801    34.8272 1.5551e+03     194538         16  0.000e+00
     15.651     5.1504     5.1569   3.344944   3.345543     2.7147     1.3840     0.4801    34.8271 1.5573e+03     194539         16  0.000e+00
     15.587     5.1501     5.1565   3.344912   3.345512     2.7147     1.3840     0.4801    34.8271 1.5551e+03     194540         16  0.000e+00
     15.587     5.1492     5.1560   3.344855   3.345543     2.7147     1.3840     0.4801    34.8273 1.5551e+03     194541         16  0.000e+00
     15.587     5.1492     5.1557   3.344836   3.345488     2.7147     1.3840     0.4801    34.8271 1.5573e+03     194542         16  0.000e+00
     15.587     5.1487     5.1553   3.344798   3.345512     2.7147     1.3840     0.4801    34.8273 1.5573e+03     194543         16  0.000e+00
     15.587     5.1473     5.1554   3.344760   3.345452     2.7147     1.3840     0.4801    34.8282 1.5551e+03     194544         16  0.000e+00
     15.531     5.1471     5.1560   3.344747   3.345416     2.7147     1.3840     0.4801    34.8284 1.5551e+03     194545         16  0.000e+00
     15.587     5.1478     5.1558   3.344728   3.345386     2.7147     1.4035     0.4850    34.8274 1.5551e+03     194546         16  0.000e+00
     15.531     5.1478     5.1556   3.344779   3.345398     2.7147     1.4426     0.4899    34.8280 1.5551e+03     194547         16  0.000e+00
     15.531     5.1477     5.1558   3.344804   3.345386     2.7147     1.4621     0.4899    34.8283 1.5551e+03     194548         16  0.000e+00
     15.523     5.1481     5.1560   3.344791   3.345482     2.7147     1.4621     0.4899    34.8278 1.5551e+03     194549         16  0.000e+00
     15.531     5.1486     5.1573   3.344798   3.345386     2.7147     1.4621     0.4899    34.8273 1.5573e+03     194550         16  0.000e+00
     15.523     5.1492     5.1574   3.344804   3.345458     2.7147     1.4621     0.4899    34.8268 1.5551e+03     194551         16  0.000e+00
