Ship_data/Irminger/Irminger-5/ctd/process/ar30-03008.cnv
* Sea-Bird SBE 9 Data File:
* FileName = D:\Data\ar30-03008.hdr
* Software Version Seasave V 7.23.2
* Temperature SN = 4312
* Conductivity SN = 2148
* Number of Bytes Per Scan = 44
* Number of Voltage Words = 5
* Number of Scans Averaged by the Deck Unit = 1
* NMEA Latitude = 59 43.05 N
* NMEA Longitude = 039 20.61 W
* NMEA UTC (Time) = Jun 11 2018  15:14:36
** Cruise ID: ar30-03
** Chief Sci: Macdonald
** Station #: 008
** Site ID: Irminger 5 FLMB
** ctd cast at FLMB with bottom release testing
# nquan = 18
# nvalues = 5671                        
# units = specified
# name 0 = prDM: Pressure, Digiquartz [db]
# name 1 = t090C: Temperature [ITS-90, deg C]
# name 2 = t190C: Temperature, 2 [ITS-90, deg C]
# name 3 = c0S/m: Conductivity [S/m]
# name 4 = c1S/m: Conductivity, 2 [S/m]
# name 5 = sbeox0V: Oxygen raw, SBE 43 [V]
# name 6 = flECO-AFL: Fluorescence, WET Labs ECO-AFL/FL [mg/m^3]
# name 7 = turbWETntu0: Turbidity, WET Labs ECO [NTU]
# name 8 = sal00: Salinity, Practical [PSU]
# name 9 = spar: SPAR/Surface Irradiance
# name 10 = depSM: Depth [salt water, m], lat = 59.7175
# name 11 = sal00: Salinity, Practical [PSU]
# name 12 = sal11: Salinity, Practical, 2 [PSU]
# name 13 = sbeox0ML/L: Oxygen, SBE 43 [ml/l], WS = 2
# name 14 = svCM: Sound Velocity [Chen-Millero, m/s]
# name 15 = sigma-é00: Density [sigma-theta, kg/m^3]
# name 16 = sigma-é11: Density, 2 [sigma-theta, kg/m^3]
# name 17 = flag: flag
# span 0 =      4.000,   2840.000       
# span 1 =     1.4483,     5.9051       
# span 2 =     1.4492,     5.9047       
# span 3 =   3.135999,   3.417254       
# span 4 =   3.136315,   3.417357       
# span 5 =     1.5267,     2.7875       
# span 6 =    -0.4345,     6.0453       
# span 7 =     0.3433,     0.6579       
# span 8 =    34.7009,    34.9313       
# span 9 = 2.1959e+02, 7.3296e+02       
# span 10 =      3.962,   2794.432      
# span 11 =    34.7029,    34.9307      
# span 12 =    34.8689,    34.9330      
# span 13 =     4.5297,     7.1960      
# span 14 =    1472.40,    1502.91      
# span 15 =    27.4614,    27.9374      
# span 16 =    27.4631,    27.9371      
# span 17 = 0.0000e+00, 0.0000e+00      
# interval = decibars: 1                
# start_time = Jun 11 2018 15:14:36 [System UTC, first data scan.]
# bad_flag = -9.990e-29
*END*
[from data line 3779]
   1897.000     3.4411     3.4364   3.280684   3.279968     1.6956    -0.3543     0.3630    34.9158 5.9794e+02   1870.668    34.9153    34.9117     5.1169    1495.58    27.7900    27.7876 0.0000e+00
   1896.000     3.4370     3.4382   3.280535   3.280163     1.6803    -0.3847     0.3680    34.9188 6.0049e+02   1869.686    34.9183    34.9126     5.0511    1495.55    27.7928    27.7881 0.0000e+00
   1895.000     3.4383     3.4389   3.280379   3.280161     1.6632    -0.3900     0.3673    34.9159 6.0718e+02   1868.704    34.9156    34.9124     4.9767    1495.53    27.7905    27.7879 0.0000e+00
   1894.000     3.4366     3.4343   3.280567   3.279569     1.6565    -0.3730     0.3629    34.9200 6.0985e+02   1867.723    34.9201    34.9107     4.9474    1495.51    27.7942    27.7869 0.0000e+00
   1893.000     3.4341     3.4346   3.280775   3.279556     1.6523    -0.3742     0.3629    34.9258 6.1106e+02   1866.741    34.9256    34.9107     4.9291    1495.49    27.7989    27.7869 0.0000e+00
   1892.000     3.4337     3.4352   3.280708   3.279554     1.6500    -0.3743     0.3632    34.9265 6.1124e+02   1865.759    34.9258    34.9105     4.9184    1495.48    27.7991    27.7867 0.0000e+00
   1891.000     3.4344     3.4368   3.280368   3.279630     1.6497    -0.3923     0.3683    34.9223 6.1138e+02   1864.777    34.9215    34.9102     4.9166    1495.46    27.7956    27.7863 0.0000e+00
   1890.000     3.4360     3.4380   3.280148   3.279705     1.6508    -0.3817     0.3687    34.9180 6.1123e+02   1863.796    34.9176    34.9103     4.9206    1495.44    27.7923    27.7862 0.0000e+00
   1889.000     3.4364     3.4367   3.280122   3.279568     1.6553    -0.3771     0.3645    34.9176 6.1184e+02   1862.814    34.9174    34.9105     4.9392    1495.43    27.7921    27.7865 0.0000e+00
   1888.000     3.4361     3.4362   3.280019   3.279472     1.6572    -0.3937     0.3628    34.9172 6.1539e+02   1861.832    34.9170    34.9104     4.9467    1495.41    27.7917    27.7865 0.0000e+00
   1887.000     3.4364     3.4413   3.279847   3.279823     1.6571    -0.3840     0.3651    34.9154 6.1850e+02   1860.850    34.9151    34.9096     4.9458    1495.39    27.7902    27.7854 0.0000e+00
   1886.000     3.4395     3.4436   3.279731   3.279977     1.6574    -0.3665     0.3679    34.9112 6.2011e+02   1859.868    34.9110    34.9096     4.9461    1495.38    27.7866    27.7851 0.0000e+00
   1885.000     3.4420     3.4450   3.279574   3.280053     1.6588    -0.3568     0.3678    34.9071 6.2189e+02   1858.887    34.9070    34.9095     4.9511    1495.37    27.7832    27.7849 0.0000e+00
   1884.000     3.4436     3.4461   3.279466   3.280092     1.6603    -0.3731     0.3683    34.9045 6.2288e+02   1857.905    34.9045    34.9093     4.9567    1495.36    27.7810    27.7846 0.0000e+00
   1883.000     3.4445     3.4464   3.279388   3.280096     1.6616    -0.3743     0.3678    34.9030 6.2288e+02   1856.923    34.9030    34.9094     4.9616    1495.34    27.7798    27.7847 0.0000e+00
   1882.000     3.4450     3.4464   3.279337   3.280054     1.6629    -0.3743     0.3660    34.9024 6.2260e+02   1855.941    34.9025    34.9094     4.9666    1495.33    27.7793    27.7847 0.0000e+00
   1881.000     3.4453     3.4464   3.279464   3.280019     1.6670    -0.3743     0.3658    34.9036 6.2257e+02   1854.960    34.9041    34.9095     4.9834    1495.31    27.7806    27.7848 0.0000e+00
   1880.000     3.4452     3.4459   3.279781   3.279943     1.7120    -0.3807     0.3684    34.9085 6.2741e+02   1853.978    34.9084    34.9096     5.1756    1495.30    27.7840    27.7849 0.0000e+00
   1879.000     3.4448     3.4464   3.279583   3.279918     1.7534    -0.3943     0.3635    34.9070 6.3780e+02   1852.996    34.9069    34.9093     5.3523    1495.28    27.7828    27.7846 0.0000e+00
   1878.000     3.4451     3.4476   3.279523   3.279985     1.7625    -0.3938     0.3675    34.9064 6.4420e+02   1852.014    34.9064    34.9093     5.3908    1495.26    27.7824    27.7844 0.0000e+00
   1877.000     3.4464     3.4486   3.279490   3.280034     1.7669    -0.3870     0.3698    34.9051 6.4807e+02   1851.032    34.9051    34.9093     5.4086    1495.25    27.7812    27.7843 0.0000e+00
   1876.000     3.4472     3.4488   3.279455   3.280028     1.7695    -0.3749     0.3725    34.9043 6.5087e+02   1850.050    34.9044    34.9095     5.4190    1495.24    27.7806    27.7845 0.0000e+00
   1875.000     3.4474     3.4490   3.279438   3.280000     1.7718    -0.3827     0.3726    34.9043 6.5262e+02   1849.069    34.9044    34.9094     5.4280    1495.22    27.7805    27.7844 0.0000e+00
   1874.000     3.4477     3.4490   3.279432   3.279973     1.7743    -0.3931     0.3726    34.9045 6.5371e+02   1848.087    34.9046    34.9095     5.4379    1495.21    27.7806    27.7845 0.0000e+00
   1873.000     3.4477     3.4490   3.279362   3.279917     1.7765    -0.3938     0.3706    34.9042 6.5381e+02   1847.105    34.9042    34.9094     5.4469    1495.19    27.7803    27.7843 0.0000e+00
   1872.000     3.4475     3.4485   3.279288   3.279848     1.7748    -0.3938     0.3665    34.9039 6.5472e+02   1846.123    34.9040    34.9096     5.4387    1495.17    27.7801    27.7845 0.0000e+00
   1871.000     3.4473     3.4487   3.279248   3.279793     1.7668    -0.3938     0.3678    34.9042 6.5874e+02   1845.141    34.9042    34.9092     5.4039    1495.15    27.7803    27.7842 0.0000e+00
   1870.000     3.4474     3.4488   3.279263   3.279762     1.7639    -0.3896     0.3681    34.9048 6.6037e+02   1844.159    34.9048    34.9093     5.3907    1495.14    27.7808    27.7842 0.0000e+00
   1869.000     3.4474     3.4487   3.279262   3.279721     1.7618    -0.3743     0.3678    34.9052 6.6116e+02   1843.178    34.9052    34.9094     5.3809    1495.12    27.7811    27.7843 0.0000e+00
   1868.000     3.4474     3.4487   3.279251   3.279672     1.7611    -0.3826     0.3681    34.9056 6.6277e+02   1842.196    34.9056    34.9093     5.3771    1495.11    27.7814    27.7842 0.0000e+00
   1867.000     3.4474     3.4486   3.279202   3.279633     1.7611    -0.3940     0.3681    34.9056 6.6457e+02   1841.214    34.9055    34.9094     5.3768    1495.09    27.7814    27.7843 0.0000e+00
   1866.000     3.4473     3.4484   3.279119   3.279576     1.7613    -0.3938     0.3678    34.9052 6.6634e+02   1840.232    34.9052    34.9093     5.3768    1495.07    27.7810    27.7843 0.0000e+00
   1865.000     3.4471     3.4482   3.279056   3.279525     1.7615    -0.3938     0.3681    34.9051 6.6658e+02   1839.250    34.9050    34.9095     5.3771    1495.05    27.7809    27.7844 0.0000e+00
   1864.000     3.4470     3.4480   3.279020   3.279467     1.7589    -0.3760     0.3662    34.9052 6.5728e+02   1838.268    34.9052    34.9095     5.3651    1495.04    27.7811    27.7844 0.0000e+00
   1863.000     3.4469     3.4481   3.278972   3.279415     1.7512    -0.3766     0.3685    34.9054 6.4406e+02   1837.286    34.9053    34.9093     5.3314    1495.02    27.7812    27.7842 0.0000e+00
   1862.000     3.4468     3.4481   3.278920   3.279364     1.7473    -0.3941     0.3683    34.9052 6.4381e+02   1836.305    34.9052    34.9091     5.3142    1495.00    27.7811    27.7841 0.0000e+00
   1861.000     3.4468     3.4480   3.278921   3.279325     1.7449    -0.3938     0.3632    34.9058 6.4617e+02   1835.323    34.9057    34.9093     5.3033    1494.99    27.7815    27.7842 0.0000e+00
   1860.000     3.4468     3.4479   3.278885   3.279283     1.7438    -0.3938     0.3647    34.9058 6.4839e+02   1834.341    34.9058    34.9093     5.2976    1494.97    27.7815    27.7842 0.0000e+00
   1859.000     3.4466     3.4477   3.278847   3.279232     1.7437    -0.3938     0.3685    34.9061 6.4927e+02   1833.359    34.9060    34.9094     5.2968    1494.95    27.7817    27.7843 0.0000e+00
   1858.000     3.4465     3.4476   3.278779   3.279177     1.7445    -0.3938     0.3681    34.9059 6.4757e+02   1832.377    34.9058    34.9093     5.2994    1494.93    27.7816    27.7843 0.0000e+00
   1857.000     3.4463     3.4474   3.278686   3.279115     1.7454    -0.3938     0.3677    34.9054 6.4161e+02   1831.395    34.9054    34.9093     5.3026    1494.92    27.7812    27.7843 0.0000e+00
   1856.000     3.4463     3.4474   3.278613   3.279064     1.7432    -0.3928     0.3678    34.9050 6.3772e+02   1830.413    34.9050    34.9092     5.2927    1494.90    27.7809    27.7842 0.0000e+00
   1855.000     3.4462     3.4475   3.278607   3.279031     1.7414    -0.3939     0.3678    34.9055 6.3662e+02   1829.431    34.9055    34.9092     5.2844    1494.88    27.7813    27.7842 0.0000e+00
   1854.000     3.4462     3.4475   3.278581   3.278997     1.7401    -0.3938     0.3681    34.9057 6.3621e+02   1828.449    34.9057    34.9093     5.2779    1494.87    27.7814    27.7842 0.0000e+00
   1853.000     3.4470     3.4490   3.278539   3.279086     1.7378    -0.3938     0.3682    34.9049 6.3588e+02   1827.467    34.9048    34.9092     5.2673    1494.85    27.7807    27.7840 0.0000e+00
   1852.000     3.4480     3.4481   3.278536   3.278983     1.7357    -0.3777     0.3679    34.9040 6.3456e+02   1826.485    34.9042    34.9094     5.2575    1494.84    27.7801    27.7842 0.0000e+00
   1851.000     3.4489     3.4483   3.278948   3.278927     1.7524    -0.3732     0.3685    34.9086 6.3953e+02   1825.504    34.9086    34.9091     5.3278    1494.83    27.7835    27.7839 0.0000e+00
   1850.000     3.4491     3.4495   3.278945   3.278989     1.7714    -0.3730     0.3662    34.9087 6.4169e+02   1824.522    34.9088    34.9090     5.4085    1494.81    27.7837    27.7837 0.0000e+00
   1849.000     3.4499     3.4509   3.279006   3.279084     1.7899    -0.3742     0.3641    34.9090 6.4331e+02   1823.540    34.9092    34.9091     5.4864    1494.80    27.7839    27.7837 0.0000e+00
   1848.000     3.4517     3.4527   3.279109   3.279198     1.8068    -0.3716     0.3683    34.9088 6.4520e+02   1822.558    34.9090    34.9091     5.5576    1494.79    27.7836    27.7835 0.0000e+00
   1847.000     3.4524     3.4531   3.279110   3.279198     1.8232    -0.3792     0.3690    34.9087 6.4626e+02   1821.576    34.9088    34.9091     5.6267    1494.78    27.7833    27.7835 0.0000e+00
   1846.000     3.4528     3.4532   3.279110   3.279164     1.8398    -0.3921     0.3690    34.9088 6.4747e+02   1820.594    34.9089    34.9091     5.6969    1494.76    27.7833    27.7834 0.0000e+00
   1845.000     3.4526     3.4527   3.279064   3.279091     1.8658    -0.3858     0.3686    34.9090 6.4913e+02   1819.612    34.9090    34.9092     5.8068    1494.75    27.7835    27.7836 0.0000e+00
   1844.000     3.4528     3.4526   3.279034   3.279017     1.8923    -0.3849     0.3681    34.9087 6.5222e+02   1818.630    34.9089    34.9089     5.9193    1494.73    27.7833    27.7833 0.0000e+00
   1843.000     3.4538     3.4542   3.279100   3.279120     1.8980    -0.3741     0.3678    34.9089 6.5369e+02   1817.648    34.9092    34.9090     5.9427    1494.72    27.7834    27.7832 0.0000e+00
   1842.000     3.4564     3.4574   3.279319   3.279386     1.9026    -0.3699     0.3656    34.9090 6.5379e+02   1816.666    34.9095    34.9092     5.9610    1494.71    27.7834    27.7831 0.0000e+00
   1841.000     3.4577     3.4583   3.279381   3.279423     1.9064    -0.3854     0.3660    34.9090 6.5290e+02   1815.684    34.9093    34.9092     5.9761    1494.70    27.7831    27.7830 0.0000e+00
   1840.000     3.4580     3.4583   3.279374   3.279400     1.9103    -0.3918     0.3684    34.9092 6.5119e+02   1814.702    34.9094    34.9094     5.9918    1494.69    27.7832    27.7831 0.0000e+00
   1839.000     3.4580     3.4580   3.279320   3.279339     1.9149    -0.3797     0.3660    34.9091 6.4873e+02   1813.720    34.9093    34.9095     6.0107    1494.67    27.7831    27.7833 0.0000e+00
   1838.000     3.4583     3.4586   3.279310   3.279339     1.9180    -0.3929     0.3683    34.9090 6.4741e+02   1812.738    34.9093    34.9093     6.0233    1494.65    27.7830    27.7830 0.0000e+00
   1837.000     3.4595     3.4598   3.279393   3.279420     1.9193    -0.3754     0.3680    34.9093 6.4720e+02   1811.756    34.9095    34.9095     6.0277    1494.64    27.7831    27.7830 0.0000e+00
   1836.000     3.4603     3.4605   3.279415   3.279452     1.9201    -0.3733     0.3688    34.9092 6.4731e+02   1810.774    34.9094    34.9096     6.0304    1494.63    27.7829    27.7831 0.0000e+00
   1835.000     3.4606     3.4608   3.279406   3.279432     1.9208    -0.3742     0.3672    34.9093 6.4985e+02   1809.792    34.9095    34.9095     6.0323    1494.61    27.7829    27.7830 0.0000e+00
   1834.000     3.4604     3.4606   3.279341   3.279368     1.9217    -0.3824     0.3663    34.9093 6.5510e+02   1808.810    34.9094    34.9095     6.0356    1494.59    27.7829    27.7830 0.0000e+00
   1833.000     3.4601     3.4604   3.279271   3.279310     1.9229    -0.3944     0.3658    34.9093 6.5665e+02   1807.828    34.9094    34.9095     6.0396    1494.58    27.7829    27.7830 0.0000e+00
   1832.000     3.4602     3.4608   3.279259   3.279294     1.9235    -0.3815     0.3659    34.9094 6.5401e+02   1806.846    34.9096    34.9094     6.0416    1494.56    27.7830    27.7829 0.0000e+00
   1831.000     3.4618     3.4622   3.279356   3.279382     1.9235    -0.3778     0.3680    34.9094 6.5086e+02   1805.864    34.9096    34.9095     6.0405    1494.55    27.7829    27.7828 0.0000e+00
   1830.000     3.4626     3.4632   3.279401   3.279442     1.9240    -0.3944     0.3689    34.9094 6.4706e+02   1804.882    34.9097    34.9096     6.0415    1494.54    27.7829    27.7828 0.0000e+00
   1829.000     3.4646     3.4652   3.279533   3.279576     1.9247    -0.3753     0.3635    34.9094 6.4453e+02   1803.900    34.9097    34.9096     6.0435    1494.53    27.7827    27.7825 0.0000e+00
   1828.000     3.4654     3.4653   3.279557   3.279554     1.9253    -0.3856     0.3639    34.9094 6.4713e+02   1802.918    34.9096    34.9096     6.0453    1494.52    27.7825    27.7826 0.0000e+00
   1827.000     3.4654     3.4653   3.279498   3.279523     1.9261    -0.3856     0.3673    34.9093 6.5584e+02   1801.936    34.9094    34.9097     6.0477    1494.50    27.7824    27.7826 0.0000e+00
   1826.000     3.4653     3.4655   3.279468   3.279492     1.9265    -0.3779     0.3689    34.9095 6.6071e+02   1800.954    34.9096    34.9096     6.0485    1494.48    27.7825    27.7825 0.0000e+00
   1825.000     3.4654     3.4657   3.279438   3.279467     1.9265    -0.3915     0.3693    34.9096 6.6077e+02   1799.972    34.9096    34.9096     6.0481    1494.47    27.7826    27.7825 0.0000e+00
   1824.000     3.4654     3.4656   3.279396   3.279419     1.9271    -0.3909     0.3685    34.9096 6.6060e+02   1798.990    34.9097    34.9097     6.0496    1494.45    27.7825    27.7825 0.0000e+00
   1823.000     3.4651     3.4654   3.279343   3.279378     1.9267    -0.3667     0.3666    34.9097 6.5937e+02   1798.008    34.9097    34.9099     6.0474    1494.43    27.7826    27.7827 0.0000e+00
   1822.000     3.4668     3.4669   3.279452   3.279466     1.9270    -0.3843     0.3672    34.9098 6.3994e+02   1797.026    34.9098    34.9099     6.0473    1494.42    27.7825    27.7825 0.0000e+00
   1821.000     3.4681     3.4684   3.279528   3.279564     1.9283    -0.3881     0.3660    34.9098 7.0421e+02   1796.043    34.9098    34.9099     6.0519    1494.41    27.7824    27.7824 0.0000e+00
   1820.000     3.4677     3.4679   3.279432   3.279468     1.9280    -0.3848     0.3647    34.9096 7.3281e+02   1795.061    34.9096    34.9098     6.0500    1494.39    27.7822    27.7824 0.0000e+00
   1819.000     3.4676     3.4680   3.279397   3.279436     1.9281    -0.3817     0.3655    34.9097 7.3296e+02   1794.079    34.9097    34.9097     6.0498    1494.37    27.7823    27.7823 0.0000e+00
   1818.000     3.4675     3.4678   3.279338   3.279389     1.9291    -0.3846     0.3650    34.9097 7.2463e+02   1793.097    34.9096    34.9098     6.0529    1494.36    27.7823    27.7824 0.0000e+00
