Ship_data/Irminger/Irminger-5/ctd/process/ar30-03017.cnv
* Sea-Bird SBE 9 Data File:
* FileName = D:\Data\ar30-03017.hdr
* Software Version Seasave V 7.23.2
* Temperature SN = 4312
* Conductivity SN = 2148
* Number of Bytes Per Scan = 44
* Number of Voltage Words = 5
* Number of Scans Averaged by the Deck Unit = 1
* NMEA Latitude = 59 51.17 N
* NMEA Longitude = 040 42.29 W
* NMEA UTC (Time) = Jun 18 2018  13:04:33
** Cruise ID: ar30-03
** Chief Sci: Macdonald
** Station #: 017
** Site ID: Irminger 5 OSNAP M2
# nquan = 18
# nvalues = 4982                        
# units = specified
# name 0 = prDM: Pressure, Digiquartz [db]
# name 1 = t090C: Temperature [ITS-90, deg C]
# name 2 = t190C: Temperature, 2 [ITS-90, deg C]
# name 3 = c0S/m: Conductivity [S/m]
# name 4 = c1S/m: Conductivity, 2 [S/m]
# name 5 = sbeox0V: Oxygen raw, SBE 43 [V]
# name 6 = flECO-AFL: Fluorescence, WET Labs ECO-AFL/FL [mg/m^3]
# name 7 = turbWETntu0: Turbidity, WET Labs ECO [NTU]
# name 8 = sal00: Salinity, Practical [PSU]
# name 9 = spar: SPAR/Surface Irradiance
# name 10 = depSM: Depth [salt water, m], lat = 59.8528
# name 11 = sal00: Salinity, Practical [PSU]
# name 12 = sal11: Salinity, Practical, 2 [PSU]
# name 13 = sbeox0ML/L: Oxygen, SBE 43 [ml/l], WS = 2
# name 14 = svCM: Sound Velocity [Chen-Millero, m/s]
# name 15 = sigma-é00: Density [sigma-theta, kg/m^3]
# name 16 = sigma-é11: Density, 2 [sigma-theta, kg/m^3]
# name 17 = flag: flag
# span 0 =      3.000,   2494.000       
# span 1 =     1.5085,     6.5474       
# span 2 =     1.5092,     6.5475       
# span 3 =   3.130347,   3.475756       
# span 4 =   3.130401,   3.475894       
# span 5 =     1.8188,     2.8332       
# span 6 =    -0.4193,     8.1276       
# span 7 =     0.3433,     0.7129       
# span 8 =    34.8554,    34.9257       
# span 9 = 8.6155e+02, 2.7219e+03       
# span 10 =      2.972,   2455.926      
# span 11 =    34.8546,    34.9256      
# span 12 =    34.8564,    34.9262      
# span 13 =     5.9332,     7.2844      
# span 14 =    1471.30,    1497.27      
# span 15 =    27.3815,    27.9311      
# span 16 =    27.3830,    27.9310      
# span 17 = 0.0000e+00, 0.0000e+00      
# interval = decibars: 1                
# start_time = Jun 18 2018 13:04:33 [System UTC, first data scan.]
# bad_flag = -9.990e-29
*END*
[from data line 2493]
   2491.000     1.5114     1.5120   3.132171   3.132207     1.8201    -0.3886     0.3861    34.8862 1.0334e+03   2452.989    34.8862    34.8859     6.4569    1497.22    27.9305    27.9303 0.0000e+00
   2490.000     1.5112     1.5119   3.132101   3.132146     1.8203    -0.3715     0.3817    34.8861 1.0231e+03   2452.010    34.8860    34.8859     6.4569    1497.20    27.9303    27.9302 0.0000e+00
   2489.000     1.5107     1.5115   3.132028   3.132075     1.8203    -0.3778     0.3820    34.8862 1.0310e+03   2451.031    34.8861    34.8859     6.4562    1497.19    27.9305    27.9303 0.0000e+00
   2488.000     1.5101     1.5110   3.131943   3.132003     1.8207    -0.3728     0.3867    34.8862 1.0460e+03   2450.052    34.8862    34.8860     6.4574    1497.17    27.9306    27.9304 0.0000e+00
   2487.000     1.5103     1.5112   3.131905   3.131961     1.8214    -0.3710     0.3833    34.8860 1.0413e+03   2449.073    34.8860    34.8858     6.4600    1497.15    27.9304    27.9302 0.0000e+00
   2486.000     1.5101     1.5108   3.131844   3.131896     1.8213    -0.3760     0.3838    34.8861 1.0518e+03   2448.094    34.8860    34.8858     6.4589    1497.13    27.9304    27.9302 0.0000e+00
   2485.000     1.5098     1.5106   3.131797   3.131842     1.8213    -0.3854     0.3850    34.8862 1.0624e+03   2447.115    34.8862    34.8859     6.4581    1497.11    27.9306    27.9302 0.0000e+00
   2484.000     1.5097     1.5105   3.131748   3.131803     1.8213    -0.3836     0.3874    34.8862 1.0677e+03   2446.135    34.8862    34.8860     6.4574    1497.10    27.9306    27.9303 0.0000e+00
   2483.000     1.5098     1.5107   3.131730   3.131784     1.8214    -0.3827     0.3892    34.8863 1.0635e+03   2445.156    34.8863    34.8860     6.4568    1497.08    27.9307    27.9304 0.0000e+00
   2482.000     1.5110     1.5118   3.131776   3.131827     1.8215    -0.3932     0.3875    34.8862 1.0872e+03   2444.177    34.8861    34.8859     6.4560    1497.07    27.9304    27.9302 0.0000e+00
   2481.000     1.5103     1.5113   3.131684   3.131742     1.8219    -0.3728     0.3884    34.8862 1.0881e+03   2443.198    34.8861    34.8858     6.4572    1497.05    27.9305    27.9302 0.0000e+00
   2480.000     1.5103     1.5111   3.131644   3.131704     1.8226    -0.3678     0.3881    34.8862 1.0890e+03   2442.219    34.8861    34.8861     6.4598    1497.03    27.9304    27.9303 0.0000e+00
   2479.000     1.5102     1.5110   3.131612   3.131662     1.8223    -0.3779     0.3840    34.8863 1.0858e+03   2441.240    34.8863    34.8861     6.4575    1497.01    27.9306    27.9304 0.0000e+00
   2478.000     1.5107     1.5116   3.131587   3.131653     1.8227    -0.3683     0.3847    34.8860 1.1138e+03   2440.261    34.8860    34.8859     6.4588    1497.00    27.9303    27.9301 0.0000e+00
   2477.000     1.5109     1.5122   3.131586   3.131687     1.8230    -0.3689     0.3841    34.8862 1.1236e+03   2439.282    34.8863    34.8861     6.4594    1496.98    27.9305    27.9303 0.0000e+00
   2476.000     1.5118     1.5122   3.131616   3.131637     1.8240    -0.3828     0.3865    34.8861 1.1178e+03   2438.303    34.8862    34.8860     6.4632    1496.97    27.9304    27.9302 0.0000e+00
   2475.000     1.5121     1.5128   3.131606   3.131646     1.8240    -0.3947     0.3863    34.8862 1.1082e+03   2437.323    34.8862    34.8859     6.4624    1496.95    27.9304    27.9300 0.0000e+00
   2474.000     1.5115     1.5122   3.131518   3.131569     1.8240    -0.3908     0.3860    34.8863 1.1169e+03   2436.344    34.8862    34.8861     6.4616    1496.94    27.9304    27.9302 0.0000e+00
   2473.000     1.5111     1.5121   3.131451   3.131525     1.8239    -0.3676     0.3841    34.8863 1.1455e+03   2435.365    34.8863    34.8861     6.4604    1496.92    27.9305    27.9303 0.0000e+00
   2472.000     1.5105     1.5113   3.131347   3.131400     1.8235    -0.3819     0.3755    34.8862 1.1415e+03   2434.386    34.8861    34.8859     6.4578    1496.90    27.9304    27.9302 0.0000e+00
   2471.000     1.5105     1.5112   3.131304   3.131351     1.8239    -0.3719     0.3772    34.8861 1.1339e+03   2433.407    34.8861    34.8859     6.4585    1496.88    27.9304    27.9301 0.0000e+00
   2470.000     1.5098     1.5106   3.131211   3.131261     1.8237    -0.3791     0.3775    34.8863 1.1435e+03   2432.428    34.8862    34.8859     6.4572    1496.86    27.9305    27.9302 0.0000e+00
   2469.000     1.5103     1.5110   3.131210   3.131255     1.8241    -0.3828     0.3819    34.8862 1.1574e+03   2431.449    34.8861    34.8859     6.4581    1496.84    27.9304    27.9302 0.0000e+00
   2468.000     1.5102     1.5110   3.131182   3.131227     1.8242    -0.3778     0.3890    34.8863 1.1636e+03   2430.470    34.8863    34.8861     6.4579    1496.83    27.9305    27.9303 0.0000e+00
   2467.000     1.5105     1.5113   3.131150   3.131205     1.8242    -0.3725     0.3838    34.8862 1.1449e+03   2429.490    34.8861    34.8859     6.4566    1496.81    27.9304    27.9301 0.0000e+00
   2466.000     1.5105     1.5111   3.131119   3.131153     1.8242    -0.3709     0.3858    34.8863 1.1501e+03   2428.511    34.8862    34.8860     6.4558    1496.80    27.9304    27.9302 0.0000e+00
   2465.000     1.5101     1.5109   3.131046   3.131099     1.8244    -0.3721     0.3844    34.8863 1.1591e+03   2427.532    34.8862    34.8860     6.4560    1496.78    27.9304    27.9302 0.0000e+00
   2464.000     1.5101     1.5111   3.131006   3.131060     1.8251    -0.3684     0.3854    34.8862 1.1704e+03   2426.553    34.8862    34.8858     6.4588    1496.76    27.9304    27.9300 0.0000e+00
   2463.000     1.5100     1.5109   3.130953   3.131013     1.8254    -0.3571     0.3865    34.8862 1.1542e+03   2425.574    34.8861    34.8859     6.4595    1496.74    27.9304    27.9302 0.0000e+00
   2462.000     1.5096     1.5106   3.130891   3.130952     1.8255    -0.3810     0.3828    34.8863 1.1080e+03   2424.595    34.8862    34.8859     6.4589    1496.72    27.9305    27.9302 0.0000e+00
   2461.000     1.5093     1.5101   3.130809   3.130855     1.8255    -0.3697     0.3864    34.8862 1.1067e+03   2423.615    34.8861    34.8858     6.4582    1496.70    27.9304    27.9301 0.0000e+00
   2460.000     1.5089     1.5098   3.130729   3.130780     1.8255    -0.3706     0.3854    34.8861 1.1211e+03   2422.636    34.8860    34.8857     6.4575    1496.69    27.9303    27.9300 0.0000e+00
   2459.000     1.5087     1.5095   3.130672   3.130731     1.8255    -0.3704     0.3844    34.8861 1.1321e+03   2421.657    34.8860    34.8858     6.4567    1496.67    27.9303    27.9301 0.0000e+00
   2458.000     1.5086     1.5094   3.130627   3.130680     1.8255    -0.3742     0.3880    34.8861 1.1370e+03   2420.678    34.8860    34.8858     6.4559    1496.65    27.9304    27.9301 0.0000e+00
   2457.000     1.5086     1.5096   3.130590   3.130656     1.8253    -0.3925     0.3921    34.8861 1.1345e+03   2419.699    34.8860    34.8858     6.4541    1496.63    27.9304    27.9301 0.0000e+00
   2456.000     1.5087     1.5095   3.130565   3.130615     1.8254    -0.3929     0.3848    34.8862 1.1239e+03   2418.720    34.8861    34.8859     6.4537    1496.62    27.9304    27.9302 0.0000e+00
   2455.000     1.5090     1.5099   3.130548   3.130610     1.8255    -0.3772     0.3791    34.8861 1.1072e+03   2417.740    34.8861    34.8859     6.4534    1496.60    27.9304    27.9301 0.0000e+00
   2454.000     1.5095     1.5103   3.130559   3.130611     1.8255    -0.3697     0.3817    34.8861 1.0877e+03   2416.761    34.8861    34.8859     6.4525    1496.59    27.9304    27.9301 0.0000e+00
   2453.000     1.5102     1.5111   3.130585   3.130630     1.8257    -0.3877     0.3872    34.8862 1.0831e+03   2415.782    34.8862    34.8858     6.4524    1496.57    27.9303    27.9300 0.0000e+00
   2452.000     1.5101     1.5106   3.130527   3.130564     1.8264    -0.3694     0.3871    34.8862 1.0979e+03   2414.803    34.8861    34.8860     6.4548    1496.56    27.9303    27.9302 0.0000e+00
   2451.000     1.5093     1.5102   3.130429   3.130485     1.8267    -0.3713     0.3775    34.8863 1.1124e+03   2413.824    34.8862    34.8860     6.4559    1496.54    27.9304    27.9302 0.0000e+00
   2450.000     1.5093     1.5103   3.130393   3.130465     1.8268    -0.3692     0.3824    34.8863 1.1177e+03   2412.844    34.8863    34.8860     6.4554    1496.52    27.9304    27.9302 0.0000e+00
   2449.000     1.5092     1.5101   3.130347   3.130402     1.8268    -0.3534     0.3783    34.8863 1.1108e+03   2411.865    34.8863    34.8860     6.4546    1496.50    27.9304    27.9302 0.0000e+00
   2448.000     1.5096     1.5106   3.130354   3.130401     1.8268    -0.3692     0.3859    34.8863 1.0938e+03   2410.886    34.8864    34.8859     6.4537    1496.49    27.9305    27.9300 0.0000e+00
   2447.000     1.5109     1.5119   3.130405   3.130485     1.8268    -0.3762     0.3816    34.8861 1.0883e+03   2409.907    34.8861    34.8860     6.4527    1496.47    27.9302    27.9300 0.0000e+00
   2446.000     1.5133     1.5148   3.130637   3.130694     1.8270    -0.3887     0.3795    34.8863 1.1004e+03   2408.927    34.8868    34.8860     6.4520    1496.47    27.9306    27.9299 0.0000e+00
   2445.000     1.5171     1.5184   3.130894   3.130978     1.8273    -0.3720     0.3874    34.8862 1.1180e+03   2407.948    34.8864    34.8861     6.4522    1496.47    27.9300    27.9296 0.0000e+00
   2444.000     1.5173     1.5187   3.130895   3.130978     1.8273    -0.3731     0.3838    34.8864 1.1354e+03   2406.969    34.8867    34.8862     6.4511    1496.45    27.9302    27.9297 0.0000e+00
   2443.000     1.5194     1.5204   3.131052   3.131081     1.8281    -0.3612     0.3859    34.8864 1.1497e+03   2405.990    34.8870    34.8862     6.4539    1496.45    27.9303    27.9296 0.0000e+00
   2442.000     1.5237     1.5242   3.131395   3.131393     1.8281    -0.3490     0.3879    34.8863 1.1585e+03   2405.010    34.8870    34.8864     6.4522    1496.45    27.9300    27.9295 0.0000e+00
   2441.000     1.5273     1.5265   3.131685   3.131572     1.8283    -0.3512     0.3833    34.8863 1.1579e+03   2404.031    34.8872    34.8867     6.4515    1496.45    27.9299    27.9295 0.0000e+00
   2440.000     1.5309     1.5264   3.131962   3.131523     1.8289    -0.3687     0.3790    34.8867 1.1246e+03   2403.052    34.8872    34.8866     6.4528    1496.45    27.9296    27.9295 0.0000e+00
   2439.000     1.5493     1.5367   3.133511   3.132293     1.8293    -0.3850     0.3836    34.8851 1.1155e+03   2402.073    34.8870    34.8856     6.4506    1496.51    27.9282    27.9279 0.0000e+00
   2438.000     1.5500     1.5505   3.133599   3.133553     1.8294    -0.3909     0.3831    34.8862 1.1368e+03   2401.094    34.8879    34.8868     6.4500    1496.50    27.9289    27.9279 0.0000e+00
   2437.000     1.5580     1.5620   3.134252   3.134539     1.8294    -0.3923     0.3824    34.8860 1.1541e+03   2400.114    34.8878    34.8871     6.4477    1496.52    27.9282    27.9273 0.0000e+00
   2436.000     1.5612     1.5631   3.134472   3.134613     1.8294    -0.3850     0.3813    34.8864 1.1693e+03   2399.135    34.8876    34.8873     6.4463    1496.51    27.9278    27.9274 0.0000e+00
   2435.000     1.5620     1.5635   3.134519   3.134619     1.8298    -0.3690     0.3776    34.8866 1.1816e+03   2398.156    34.8878    34.8874     6.4470    1496.50    27.9279    27.9274 0.0000e+00
   2434.000     1.5693     1.5699   3.135167   3.135147     1.8304    -0.3859     0.3775    34.8866 1.1875e+03   2397.176    34.8884    34.8876     6.4480    1496.52    27.9279    27.9271 0.0000e+00
   2433.000     1.5680     1.5661   3.134961   3.134783     1.8305    -0.3813     0.3775    34.8868 1.1663e+03   2396.197    34.8877    34.8876     6.4477    1496.49    27.9274    27.9274 0.0000e+00
   2432.000     1.5813     1.5663   3.135980   3.134713     1.8307    -0.3722     0.3775    34.8853 1.1469e+03   2395.218    34.8865    34.8870     6.4454    1496.53    27.9255    27.9269 0.0000e+00
   2431.000     1.5852     1.5802   3.136611   3.135851     1.8307    -0.3698     0.3775    34.8868 1.1592e+03   2394.238    34.8907    34.8866     6.4436    1496.54    27.9285    27.9256 0.0000e+00
   2430.000     1.6063     1.6052   3.138281   3.138005     1.8308    -0.3698     0.3748    34.8856 1.1802e+03   2393.259    34.8890    34.8868     6.4394    1496.61    27.9257    27.9240 0.0000e+00
   2429.000     1.6115     1.6131   3.138628   3.138691     1.8311    -0.3728     0.3726    34.8860 1.2065e+03   2392.280    34.8881    34.8873     6.4390    1496.62    27.9246    27.9238 0.0000e+00
   2428.000     1.6154     1.6172   3.138950   3.139051     1.8310    -0.3717     0.3687    34.8862 1.2296e+03   2391.301    34.8884    34.8878     6.4367    1496.62    27.9245    27.9239 0.0000e+00
   2427.000     1.6174     1.6175   3.139047   3.139068     1.8314    -0.3794     0.3696    34.8864 1.2402e+03   2390.321    34.8880    34.8881     6.4379    1496.61    27.9240    27.9241 0.0000e+00
   2426.000     1.6164     1.6157   3.138904   3.138839     1.8314    -0.3812     0.3713    34.8866 1.1974e+03   2389.342    34.8877    34.8878     6.4370    1496.59    27.9239    27.9240 0.0000e+00
   2425.000     1.6163     1.6163   3.138786   3.138816     1.8316    -0.3685     0.3707    34.8861 1.1511e+03   2388.363    34.8869    34.8872     6.4371    1496.57    27.9232    27.9235 0.0000e+00
   2424.000     1.6161     1.6169   3.138743   3.138798     1.8314    -0.3670     0.3674    34.8862 1.1504e+03   2387.383    34.8871    34.8869     6.4355    1496.55    27.9234    27.9232 0.0000e+00
   2423.000     1.6177     1.6190   3.138824   3.138902     1.8316    -0.3871     0.3717    34.8860 1.1500e+03   2386.404    34.8868    34.8864     6.4354    1496.54    27.9230    27.9226 0.0000e+00
   2422.000     1.6184     1.6197   3.138828   3.138914     1.8320    -0.3924     0.3727    34.8858 1.1511e+03   2385.425    34.8866    34.8862     6.4363    1496.53    27.9228    27.9224 0.0000e+00
   2421.000     1.6222     1.6243   3.139295   3.139287     1.8324    -0.3924     0.3685    34.8856 1.1532e+03   2384.445    34.8888    34.8864     6.4364    1496.53    27.9243    27.9222 0.0000e+00
   2420.000     1.6449     1.6443   3.141260   3.141065     1.8325    -0.3938     0.3678    34.8858 1.1551e+03   2383.466    34.8891    34.8873     6.4320    1496.61    27.9229    27.9215 0.0000e+00
   2419.000     1.6558     1.6517   3.142011   3.141695     1.8331    -0.3932     0.3679    34.8855 1.1588e+03   2382.486    34.8871    34.8876     6.4320    1496.64    27.9205    27.9212 0.0000e+00
   2418.000     1.6576     1.6417   3.142276   3.140766     1.8337    -0.3719     0.3707    34.8871 1.1756e+03   2381.507    34.8890    34.8874     6.4334    1496.63    27.9219    27.9218 0.0000e+00
   2417.000     1.6634     1.6553   3.142639   3.141875     1.8338    -0.3706     0.3680    34.8863 1.1760e+03   2380.528    34.8876    34.8869     6.4320    1496.64    27.9204    27.9204 0.0000e+00
   2416.000     1.6711     1.6705   3.143363   3.143173     1.8340    -0.3731     0.3678    34.8863 1.1743e+03   2379.548    34.8888    34.8871     6.4306    1496.66    27.9207    27.9194 0.0000e+00
   2415.000     1.6807     1.6815   3.144117   3.144145     1.8339    -0.3710     0.3683    34.8860 1.1686e+03   2378.569    34.8883    34.8877     6.4275    1496.68    27.9196    27.9191 0.0000e+00
   2414.000     1.6854     1.6868   3.144461   3.144561     1.8339    -0.3702     0.3680    34.8861 1.1590e+03   2377.590    34.8879    34.8876     6.4260    1496.69    27.9189    27.9186 0.0000e+00
   2413.000     1.6881     1.6884   3.144677   3.144671     1.8335    -0.3838     0.3678    34.8865 1.1395e+03   2376.610    34.8881    34.8878     6.4227    1496.68    27.9190    27.9187 0.0000e+00
