Ship_data/Irminger/Irminger-5/ctd/process/ar30-03020.cnv
* Sea-Bird SBE 9 Data File:
* FileName = D:\Data\ar30-03020.hdr
* Software Version Seasave V 7.23.2
* Temperature SN = 4312
* Conductivity SN = 2148
* Number of Bytes Per Scan = 44
* Number of Voltage Words = 5
* Number of Scans Averaged by the Deck Unit = 1
* NMEA Latitude = 59 48.34 N
* NMEA Longitude = 040 16.94 W
* NMEA UTC (Time) = Jun 19 2018  11:50:34
** Cruise ID: ar30-03
** Chief Sci: Macdonald
** Station #: 020
** Site ID: Irminger 5 OSNAP M3
** Cast at OSNAP mooring M3
# nquan = 18
# nvalues = 5158                        
# units = specified
# name 0 = prDM: Pressure, Digiquartz [db]
# name 1 = t090C: Temperature [ITS-90, deg C]
# name 2 = t190C: Temperature, 2 [ITS-90, deg C]
# name 3 = c0S/m: Conductivity [S/m]
# name 4 = c1S/m: Conductivity, 2 [S/m]
# name 5 = sbeox0V: Oxygen raw, SBE 43 [V]
# name 6 = flECO-AFL: Fluorescence, WET Labs ECO-AFL/FL [mg/m^3]
# name 7 = turbWETntu0: Turbidity, WET Labs ECO [NTU]
# name 8 = sal00: Salinity, Practical [PSU]
# name 9 = spar: SPAR/Surface Irradiance
# name 10 = depSM: Depth [salt water, m], lat = 59.8057
# name 11 = sal00: Salinity, Practical [PSU]
# name 12 = sal11: Salinity, Practical, 2 [PSU]
# name 13 = sbeox0ML/L: Oxygen, SBE 43 [ml/l], WS = 2
# name 14 = svCM: Sound Velocity [Chen-Millero, m/s]
# name 15 = sigma-é00: Density [sigma-theta, kg/m^3]
# name 16 = sigma-é11: Density, 2 [sigma-theta, kg/m^3]
# name 17 = flag: flag
# span 0 =      4.000,   2583.000       
# span 1 =     1.3956,     6.0304       
# span 2 =     1.3965,     6.0312       
# span 3 =   3.124758,   3.426678       
# span 4 =   3.124906,   3.426858       
# span 5 =     1.7955,     2.7680       
# span 6 =    -0.4235,     6.2355       
# span 7 =     0.3411,     0.7872       
# span 8 =    34.8407,    34.9288       
# span 9 = 5.2694e+02, 9.4977e+02       
# span 10 =      3.962,   2543.051      
# span 11 =    34.8384,    34.9288      
# span 12 =    34.8546,    34.9294      
# span 13 =     5.8909,     7.1346      
# span 14 =    1469.53,    1499.98      
# span 15 =    27.4340,    27.9398      
# span 16 =    27.4349,    27.9398      
# span 17 = 0.0000e+00, 0.0000e+00      
# interval = decibars: 1                
# start_time = Jun 19 2018 11:50:34 [System UTC, first data scan.]
# bad_flag = -9.990e-29
*END*
[from data line 3056]
   2105.000     3.0153     3.0161   3.252233   3.252333     1.8393    -0.3919     0.3432    34.9261 7.8456e+02   2074.754    34.9264    34.9267     5.9620    1497.28    27.8399    27.8401 0.0000e+00
   2104.000     3.0157     3.0168   3.252231   3.252342     1.8393    -0.3889     0.3531    34.9259 7.8766e+02   2073.773    34.9264    34.9266     5.9612    1497.27    27.8398    27.8399 0.0000e+00
   2103.000     3.0163     3.0170   3.252228   3.252300     1.8393    -0.3903     0.3520    34.9258 7.9028e+02   2072.792    34.9262    34.9264     5.9603    1497.25    27.8396    27.8397 0.0000e+00
   2102.000     3.0168     3.0174   3.252231   3.252303     1.8394    -0.3887     0.3494    34.9259 7.9098e+02   2071.812    34.9262    34.9264     5.9601    1497.24    27.8395    27.8397 0.0000e+00
   2101.000     3.0173     3.0179   3.252219   3.252300     1.8395    -0.3941     0.3482    34.9257 7.9085e+02   2070.831    34.9260    34.9263     5.9593    1497.22    27.8394    27.8395 0.0000e+00
   2100.000     3.0186     3.0188   3.252289   3.252340     1.8395    -0.3919     0.3487    34.9257 7.8855e+02   2069.850    34.9260    34.9264     5.9586    1497.21    27.8392    27.8395 0.0000e+00
   2099.000     3.0191     3.0194   3.252270   3.252329     1.8395    -0.3922     0.3482    34.9254 7.8504e+02   2068.869    34.9257    34.9260     5.9577    1497.19    27.8389    27.8392 0.0000e+00
   2098.000     3.0198     3.0197   3.252278   3.252310     1.8401    -0.3763     0.3484    34.9253 7.8064e+02   2067.888    34.9255    34.9260     5.9593    1497.18    27.8387    27.8391 0.0000e+00
   2097.000     3.0199     3.0196   3.252253   3.252257     1.8403    -0.3664     0.3523    34.9253 7.7666e+02   2066.907    34.9255    34.9260     5.9594    1497.16    27.8387    27.8391 0.0000e+00
   2096.000     3.0201     3.0207   3.252222   3.252298     1.8406    -0.3873     0.3518    34.9252 7.7737e+02   2065.927    34.9254    34.9257     5.9601    1497.15    27.8386    27.8388 0.0000e+00
   2095.000     3.0214     3.0222   3.252276   3.252407     1.8407    -0.3841     0.3471    34.9250 7.8132e+02   2064.946    34.9252    34.9259     5.9596    1497.14    27.8383    27.8388 0.0000e+00
   2094.000     3.0222     3.0227   3.252302   3.252368     1.8407    -0.3971     0.3521    34.9250 7.8604e+02   2063.965    34.9252    34.9255     5.9587    1497.12    27.8382    27.8384 0.0000e+00
   2093.000     3.0211     3.0206   3.252114   3.252082     1.8408    -0.3653     0.3487    34.9247 7.8804e+02   2062.984    34.9246    34.9247     5.9584    1497.10    27.8378    27.8379 0.0000e+00
   2092.000     3.0181     3.0177   3.251722   3.251717     1.8412    -0.3918     0.3482    34.9241 7.8812e+02   2062.003    34.9235    34.9239     5.9602    1497.07    27.8372    27.8376 0.0000e+00
   2091.000     3.0151     3.0141   3.251363   3.251293     1.8419    -0.3926     0.3514    34.9233 7.8634e+02   2061.022    34.9229    34.9231     5.9629    1497.04    27.8370    27.8372 0.0000e+00
   2090.000     3.0104     3.0077   3.250791   3.250552     1.8421    -0.3886     0.3534    34.9223 7.8339e+02   2060.042    34.9215    34.9215     5.9639    1497.00    27.8363    27.8365 0.0000e+00
   2089.000     3.0068     3.0042   3.250366   3.250129     1.8432    -0.3704     0.3537    34.9213 7.8034e+02   2059.061    34.9207    34.9206     5.9688    1496.97    27.8359    27.8361 0.0000e+00
   2088.000     3.0006     3.0009   3.249645   3.249704     1.8443    -0.3919     0.3564    34.9200 7.7763e+02   2058.080    34.9192    34.9195     5.9740    1496.92    27.8353    27.8355 0.0000e+00
   2087.000     3.0026     3.0000   3.249891   3.249572     1.8462    -0.3922     0.3530    34.9208 7.7730e+02   2057.099    34.9204    34.9193     5.9812    1496.92    27.8361    27.8355 0.0000e+00
   2086.000     2.9995     2.9968   3.249441   3.249168     1.8472    -0.3898     0.3501    34.9191 7.7923e+02   2056.118    34.9188    34.9183     5.9856    1496.88    27.8350    27.8349 0.0000e+00
   2085.000     2.9987     2.9974   3.249289   3.249160     1.8482    -0.3695     0.3580    34.9189 7.8151e+02   2055.137    34.9183    34.9182     5.9892    1496.86    27.8348    27.8347 0.0000e+00
   2084.000     2.9983     2.9986   3.249187   3.249227     1.8489    -0.3678     0.3580    34.9183 7.8129e+02   2054.156    34.9180    34.9181     5.9918    1496.84    27.8345    27.8346 0.0000e+00
   2083.000     2.9996     3.0004   3.249243   3.249356     1.8495    -0.3722     0.3547    34.9179 7.8005e+02   2053.176    34.9178    34.9183     5.9935    1496.83    27.8342    27.8346 0.0000e+00
   2082.000     3.0029     3.0051   3.249548   3.249791     1.8504    -0.3834     0.3503    34.9180 7.7861e+02   2052.195    34.9184    34.9189     5.9960    1496.83    27.8344    27.8346 0.0000e+00
   2081.000     3.0069     3.0105   3.249900   3.250277     1.8507    -0.3931     0.3509    34.9184 7.7762e+02   2051.214    34.9189    34.9195     5.9961    1496.83    27.8344    27.8346 0.0000e+00
   2080.000     3.0136     3.0165   3.250526   3.250839     1.8513    -0.3877     0.3521    34.9186 7.7754e+02   2050.233    34.9197    34.9204     5.9967    1496.84    27.8345    27.8348 0.0000e+00
   2079.000     3.0217     3.0227   3.251256   3.251460     1.8519    -0.3664     0.3487    34.9194 7.7912e+02   2049.252    34.9204    34.9218     5.9972    1496.86    27.8343    27.8353 0.0000e+00
   2078.000     3.0267     3.0277   3.251791   3.251903     1.8518    -0.3919     0.3543    34.9208 7.7987e+02   2048.271    34.9220    34.9222     5.9950    1496.87    27.8351    27.8352 0.0000e+00
   2077.000     3.0302     3.0280   3.252065   3.251892     1.8510    -0.3850     0.3503    34.9217 7.7998e+02   2047.290    34.9220    34.9223     5.9901    1496.87    27.8348    27.8352 0.0000e+00
   2076.000     3.0276     3.0296   3.251801   3.251979     1.8507    -0.3690     0.3499    34.9216 7.7695e+02   2046.309    34.9221    34.9221     5.9882    1496.84    27.8351    27.8349 0.0000e+00
   2075.000     3.0291     3.0307   3.251899   3.252078     1.8507    -0.3860     0.3524    34.9216 7.7358e+02   2045.328    34.9222    34.9225     5.9873    1496.83    27.8350    27.8352 0.0000e+00
   2074.000     3.0338     3.0364   3.252354   3.252594     1.8507    -0.3913     0.3513    34.9219 7.7142e+02   2044.348    34.9231    34.9232     5.9856    1496.83    27.8353    27.8352 0.0000e+00
   2073.000     3.0406     3.0419   3.253001   3.253133     1.8507    -0.3878     0.3508    34.9228 7.7263e+02   2043.367    34.9242    34.9243     5.9837    1496.85    27.8356    27.8356 0.0000e+00
   2072.000     3.0444     3.0475   3.253273   3.253654     1.8507    -0.3727     0.3531    34.9234 7.7504e+02   2042.386    34.9239    34.9251     5.9823    1496.85    27.8350    27.8357 0.0000e+00
   2071.000     3.0481     3.0485   3.253695   3.253723     1.8506    -0.3933     0.3533    34.9239 7.7958e+02   2041.405    34.9254    34.9254     5.9806    1496.85    27.8359    27.8358 0.0000e+00
   2070.000     3.0520     3.0517   3.253916   3.254047     1.8495    -0.3930     0.3523    34.9238 7.8235e+02   2040.424    34.9244    34.9263     5.9743    1496.85    27.8347    27.8362 0.0000e+00
   2069.000     3.0525     3.0547   3.253976   3.254250     1.8495    -0.3891     0.3489    34.9245 7.8127e+02   2039.443    34.9251    34.9260     5.9730    1496.83    27.8352    27.8357 0.0000e+00
   2068.000     3.0532     3.0536   3.254013   3.254080     1.8495    -0.3742     0.3493    34.9247 7.7705e+02   2038.462    34.9252    34.9257     5.9721    1496.82    27.8352    27.8356 0.0000e+00
   2067.000     3.0534     3.0536   3.253985   3.254016     1.8495    -0.3721     0.3485    34.9245 7.7260e+02   2037.481    34.9252    34.9254     5.9713    1496.80    27.8352    27.8353 0.0000e+00
   2066.000     3.0561     3.0565   3.254198   3.254221     1.8494    -0.3789     0.3522    34.9246 7.6956e+02   2036.500    34.9254    34.9252     5.9698    1496.80    27.8351    27.8349 0.0000e+00
   2065.000     3.0584     3.0579   3.254367   3.254357     1.8488    -0.3787     0.3513    34.9248 7.6909e+02   2035.519    34.9254    34.9258     5.9658    1496.79    27.8349    27.8353 0.0000e+00
   2064.000     3.0604     3.0601   3.254502   3.254503     1.8478    -0.3695     0.3482    34.9251 7.7699e+02   2034.538    34.9254    34.9258     5.9605    1496.78    27.8347    27.8350 0.0000e+00
   2063.000     3.0606     3.0632   3.254537   3.254744     1.8481    -0.3694     0.3497    34.9250 7.7768e+02   2033.557    34.9261    34.9258     5.9608    1496.77    27.8352    27.8347 0.0000e+00
   2062.000     3.0656     3.0672   3.254965   3.255080     1.8482    -0.3674     0.3489    34.9254 7.7661e+02   2032.576    34.9264    34.9261     5.9598    1496.77    27.8350    27.8346 0.0000e+00
   2061.000     3.0686     3.0699   3.255191   3.255308     1.8482    -0.3709     0.3486    34.9257 7.7388e+02   2031.595    34.9264    34.9264     5.9586    1496.77    27.8348    27.8346 0.0000e+00
   2060.000     3.0701     3.0719   3.255288   3.255474     1.8482    -0.3683     0.3501    34.9258 7.7204e+02   2030.614    34.9265    34.9267     5.9576    1496.76    27.8346    27.8347 0.0000e+00
   2059.000     3.0715     3.0727   3.255384   3.255510     1.8482    -0.3646     0.3506    34.9259 7.7006e+02   2029.633    34.9266    34.9268     5.9565    1496.75    27.8346    27.8347 0.0000e+00
   2058.000     3.0724     3.0729   3.255418   3.255494     1.8482    -0.3482     0.3541    34.9260 7.6900e+02   2028.652    34.9265    34.9269     5.9556    1496.73    27.8344    27.8347 0.0000e+00
   2057.000     3.0741     3.0733   3.255543   3.255486     1.8479    -0.3670     0.3535    34.9261 7.7019e+02   2027.671    34.9267    34.9268     5.9530    1496.72    27.8345    27.8346 0.0000e+00
   2056.000     3.0738     3.0733   3.255471   3.255442     1.8471    -0.3767     0.3503    34.9262 7.7175e+02   2026.690    34.9266    34.9269     5.9490    1496.71    27.8344    27.8346 0.0000e+00
   2055.000     3.0741     3.0750   3.255416   3.255524     1.8474    -0.3718     0.3506    34.9259 7.7064e+02   2025.709    34.9262    34.9265     5.9493    1496.69    27.8340    27.8342 0.0000e+00
   2054.000     3.0755     3.0754   3.255474   3.255514     1.8476    -0.3732     0.3490    34.9257 7.7105e+02   2024.728    34.9259    34.9264     5.9493    1496.68    27.8336    27.8341 0.0000e+00
   2053.000     3.0744     3.0748   3.255321   3.255371     1.8476    -0.3675     0.3489    34.9255 7.7251e+02   2023.747    34.9256    34.9259     5.9487    1496.66    27.8335    27.8337 0.0000e+00
   2052.000     3.0742     3.0747   3.255261   3.255318     1.8475    -0.3646     0.3486    34.9254 7.7322e+02   2022.766    34.9256    34.9258     5.9475    1496.64    27.8335    27.8336 0.0000e+00
   2051.000     3.0746     3.0756   3.255251   3.255362     1.8480    -0.3771     0.3505    34.9254 7.7407e+02   2021.785    34.9256    34.9258     5.9490    1496.62    27.8334    27.8336 0.0000e+00
   2050.000     3.0766     3.0781   3.255410   3.255557     1.8482    -0.3938     0.3535    34.9253 7.7425e+02   2020.804    34.9258    34.9260     5.9488    1496.62    27.8334    27.8335 0.0000e+00
   2049.000     3.0774     3.0785   3.255434   3.255553     1.8482    -0.3927     0.3531    34.9254 7.7292e+02   2019.823    34.9258    34.9260     5.9479    1496.60    27.8333    27.8334 0.0000e+00
   2048.000     3.0784     3.0780   3.255489   3.255476     1.8487    -0.3843     0.3507    34.9256 7.6642e+02   2018.842    34.9258    34.9261     5.9490    1496.59    27.8333    27.8336 0.0000e+00
   2047.000     3.0782     3.0781   3.255402   3.255414     1.8496    -0.3936     0.3504    34.9253 7.6713e+02   2017.861    34.9254    34.9258     5.9521    1496.57    27.8330    27.8332 0.0000e+00
   2046.000     3.0790     3.0795   3.255466   3.255503     1.8495    -0.3884     0.3491    34.9255 7.6971e+02   2016.880    34.9259    34.9258     5.9508    1496.56    27.8333    27.8332 0.0000e+00
   2045.000     3.0831     3.0847   3.255832   3.255961     1.8495    -0.3910     0.3493    34.9255 7.7176e+02   2015.899    34.9264    34.9262     5.9493    1496.56    27.8333    27.8330 0.0000e+00
   2044.000     3.0869     3.0879   3.256129   3.256227     1.8498    -0.3773     0.3513    34.9258 7.7318e+02   2014.918    34.9264    34.9266     5.9495    1496.56    27.8330    27.8330 0.0000e+00
   2043.000     3.0880     3.0898   3.256155   3.256363     1.8503    -0.3696     0.3534    34.9258 7.7360e+02   2013.937    34.9260    34.9267     5.9504    1496.55    27.8325    27.8329 0.0000e+00
   2042.000     3.0888     3.0894   3.256234   3.256296     1.8501    -0.3707     0.3489    34.9260 7.7336e+02   2012.956    34.9266    34.9267     5.9488    1496.53    27.8329    27.8330 0.0000e+00
   2041.000     3.0904     3.0908   3.256295   3.256370     1.8501    -0.3696     0.3489    34.9259 7.7083e+02   2011.975    34.9261    34.9266     5.9476    1496.52    27.8324    27.8328 0.0000e+00
   2040.000     3.0884     3.0899   3.256093   3.256244     1.8497    -0.3681     0.3494    34.9260 7.6444e+02   2010.994    34.9263    34.9265     5.9453    1496.50    27.8327    27.8327 0.0000e+00
   2039.000     3.0902     3.0905   3.256184   3.256240     1.8495    -0.3711     0.3490    34.9259 7.6244e+02   2010.013    34.9260    34.9264     5.9436    1496.49    27.8323    27.8325 0.0000e+00
   2038.000     3.0897     3.0902   3.256093   3.256155     1.8496    -0.3855     0.3485    34.9257 7.6270e+02   2009.032    34.9259    34.9261     5.9431    1496.47    27.8322    27.8324 0.0000e+00
   2037.000     3.0911     3.0919   3.256165   3.256245     1.8500    -0.3894     0.3490    34.9254 7.6390e+02   2008.051    34.9257    34.9259     5.9442    1496.46    27.8320    27.8320 0.0000e+00
   2036.000     3.0918     3.0922   3.256171   3.256234     1.8502    -0.3857     0.3488    34.9254 7.6595e+02   2007.070    34.9255    34.9259     5.9439    1496.44    27.8317    27.8320 0.0000e+00
   2035.000     3.0919     3.0927   3.256149   3.256240     1.8508    -0.3672     0.3494    34.9255 7.6808e+02   2006.089    34.9257    34.9259     5.9458    1496.43    27.8318    27.8320 0.0000e+00
   2034.000     3.0920     3.0927   3.256114   3.256200     1.8507    -0.3727     0.3543    34.9255 7.7056e+02   2005.107    34.9256    34.9259     5.9449    1496.41    27.8318    27.8320 0.0000e+00
   2033.000     3.0927     3.0928   3.256128   3.256184     1.8508    -0.3872     0.3530    34.9253 7.7094e+02   2004.126    34.9256    34.9261     5.9444    1496.40    27.8316    27.8321 0.0000e+00
   2032.000     3.0928     3.0937   3.256104   3.256216     1.8511    -0.3956     0.3525    34.9255 7.6481e+02   2003.145    34.9256    34.9260     5.9448    1496.38    27.8317    27.8319 0.0000e+00
   2031.000     3.0934     3.0945   3.256107   3.256232     1.8518    -0.3689     0.3559    34.9254 7.5938e+02   2002.164    34.9255    34.9258     5.9468    1496.37    27.8316    27.8317 0.0000e+00
   2030.000     3.0936     3.0946   3.256092   3.256217     1.8513    -0.3523     0.3548    34.9255 7.6321e+02   2001.183    34.9256    34.9260     5.9441    1496.35    27.8316    27.8318 0.0000e+00
   2029.000     3.0953     3.0964   3.256238   3.256355     1.8516    -0.3894     0.3488    34.9259 7.6615e+02   2000.202    34.9260    34.9263     5.9440    1496.34    27.8318    27.8319 0.0000e+00
   2028.000     3.1016     3.1019   3.256791   3.256849     1.8535    -0.3810     0.3536    34.9265 7.5072e+02   1999.221    34.9265    34.9269     5.9508    1496.35    27.8315    27.8318 0.0000e+00
   2027.000     3.1040     3.1048   3.256981   3.257082     1.8533    -0.3928     0.3536    34.9266 7.4515e+02   1998.240    34.9267    34.9270     5.9488    1496.35    27.8315    27.8316 0.0000e+00
