Ship_data/Irminger/Irminger-5/ctd/process/ar30-03002b.ros
* Sea-Bird SBE 9 Data File:
* FileName = D:\Data\ar30-03002b.hdr
* Software Version Seasave V 7.23.2
* Temperature SN = 4230
* Conductivity SN = 2148
* Number of Bytes Per Scan = 44
* Number of Voltage Words = 5
* Number of Scans Averaged by the Deck Unit = 1
* NMEA Latitude = 62 30.13 N
* NMEA Longitude = 029 47.90 W
* NMEA UTC (Time) = Jun 06 2018  14:12:41
** Cruise ID: ar30-03
** Chief Sci: Macdonald
** Station #: 002b
** Site ID: Irminger 5 release test - upcast from 786
# nquan = 13
# nvalues = 343                                   
# units = specified
# name 0 = prDM: Pressure, Digiquartz [db]
# name 1 = t090C: Temperature [ITS-90, deg C]
# name 2 = t190C: Temperature, 2 [ITS-90, deg C]
# name 3 = c0S/m: Conductivity [S/m]
# name 4 = c1S/m: Conductivity, 2 [S/m]
# name 5 = sbeox0V: Oxygen raw, SBE 43 [V]
# name 6 = flECO-AFL: Fluorescence, WET Labs ECO-AFL/FL [mg/m^3]
# name 7 = turbWETntu0: Turbidity, WET Labs ECO [NTU]
# name 8 = sal00: Salinity, Practical [PSU]
# name 9 = spar: SPAR/Surface Irradiance
# name 10 = scan: Scan Count
# name 11 = nbf: Bottles Fired
# name 12 = flag:  0.000e+00
# interval = seconds: 0.0416667
# start_time = Jun 06 2018 14:12:41 [System UTC, first data scan.]
# bad_flag = -9.990e-29
*END*
    155.386     6.5439     6.5457   3.491460   3.491581     2.4914    -0.2766     0.4166    34.9766 6.5394e+02      17553          1  0.000e+00
    155.443     6.5441     6.5461   3.491473   3.491673     2.4914    -0.2766     0.4166    34.9765 6.5394e+02      17554          1  0.000e+00
    155.459     6.5441     6.5454   3.491453   3.491673     2.4901    -0.2766     0.4166    34.9763 6.5394e+02      17555          1  0.000e+00
    155.507     6.5438     6.5456   3.491447   3.491655     2.4914    -0.2766     0.4166    34.9765 6.5169e+02      17556          1  0.000e+00
    155.266     6.5440     6.5456   3.491447   3.491642     2.4914    -0.2766     0.4166    34.9765 6.5394e+02      17557          1  0.000e+00
    155.394     6.5438     6.5456   3.491447   3.491612     2.4914    -0.2766     0.4166    34.9766 6.5394e+02      17558          1  0.000e+00
    155.507     6.5438     6.5457   3.491453   3.491643     2.4914    -0.2766     0.4166    34.9766 6.5394e+02      17559          1  0.000e+00
    155.386     6.5440     6.5459   3.491492   3.491612     2.4901    -0.2766     0.4166    34.9769 6.5394e+02      17560          1  0.000e+00
    155.459     6.5440     6.5452   3.491466   3.491643     2.4901    -0.2766     0.4166    34.9766 6.5394e+02      17561          1  0.000e+00
    155.507     6.5440     6.5449   3.491492   3.491612     2.4901    -0.2766     0.4166    34.9769 6.5394e+02      17562          1  0.000e+00
    155.507     6.5440     6.5451   3.491492   3.491581     2.4914    -0.2766     0.4166    34.9769 6.5394e+02      17563          1  0.000e+00
    155.515     6.5437     6.5454   3.491466   3.491594     2.4914    -0.2766     0.4166    34.9769 6.5394e+02      17564          1  0.000e+00
    155.507     6.5440     6.5456   3.491492   3.491612     2.4914    -0.2766     0.4166    34.9769 6.5169e+02      17565          1  0.000e+00
    155.507     6.5438     6.5459   3.491492   3.491643     2.4901    -0.2766     0.4166    34.9770 6.5394e+02      17566          1  0.000e+00
    155.515     6.5440     6.5461   3.491466   3.491704     2.4901    -0.2961     0.4166    34.9766 6.5169e+02      17567          1  0.000e+00
    155.563     6.5438     6.5460   3.491447   3.491673     2.4914    -0.2766     0.4166    34.9765 6.5169e+02      17568          1  0.000e+00
    155.563     6.5437     6.5459   3.491447   3.491673     2.4901    -0.2766     0.4166    34.9767 6.5169e+02      17569          1  0.000e+00
    155.507     6.5440     6.5462   3.491447   3.491673     2.4901    -0.2766     0.4166    34.9764 6.5169e+02      17570          1  0.000e+00
    155.571     6.5440     6.5461   3.491447   3.491704     2.4901    -0.2766     0.4166    34.9764 6.5169e+02      17571          1  0.000e+00
    155.628     6.5438     6.5459   3.491473   3.491685     2.4901    -0.2766     0.4215    34.9768 6.5169e+02      17572          1  0.000e+00
    155.563     6.5438     6.5457   3.491479   3.491673     2.4901    -0.2571     0.4215    34.9769 6.5169e+02      17573          1  0.000e+00
    155.636     6.5440     6.5454   3.491505   3.491643     2.4901    -0.2571     0.4215    34.9770 6.5169e+02      17574          1  0.000e+00
    155.628     6.5440     6.5448   3.491511   3.491612     2.4901    -0.2766     0.4215    34.9770 6.5394e+02      17575          1  0.000e+00
    155.628     6.5438     6.5449   3.491492   3.491581     2.4901    -0.2571     0.4215    34.9770 6.5169e+02      17576          1  0.000e+00
    155.636     6.5440     6.5447   3.491486   3.491514     2.4901    -0.2766     0.4215    34.9768 6.5394e+02      17577          1  0.000e+00
    155.628     6.5438     6.5447   3.491498   3.491551     2.4901    -0.2571     0.4215    34.9771 6.5169e+02      17578          1  0.000e+00
    155.684     6.5440     6.5451   3.491511   3.491551     2.4901    -0.2766     0.4215    34.9770 6.5169e+02      17579          1  0.000e+00
    155.636     6.5440     6.5455   3.491473   3.491563     2.4901    -0.2571     0.4215    34.9766 6.5169e+02      17580          1  0.000e+00
    155.684     6.5440     6.5462   3.491447   3.491643     2.4901    -0.2571     0.4215    34.9763 6.5169e+02      17581          1  0.000e+00
    155.684     6.5433     6.5464   3.491434   3.491643     2.4901    -0.2571     0.4215    34.9769 6.5169e+02      17582          1  0.000e+00
    155.692     6.5429     6.5467   3.491395   3.491704     2.4901    -0.2571     0.4215    34.9769 6.5169e+02      17583          1  0.000e+00
    155.740     6.5430     6.5463   3.491414   3.491734     2.4901    -0.2571     0.4215    34.9769 6.5169e+02      17584          1  0.000e+00
    155.740     6.5437     6.5459   3.491466   3.491734     2.4901    -0.2766     0.4215    34.9768 6.5169e+02      17585          1  0.000e+00
    155.692     6.5438     6.5459   3.491479   3.491673     2.4901    -0.2766     0.4215    34.9768 6.5169e+02      17586          1  0.000e+00
    155.740     6.5437     6.5459   3.491505   3.491673     2.4901    -0.2766     0.4215    34.9772 6.5169e+02      17587          1  0.000e+00
    155.684     6.5437     6.5459   3.491473   3.491655     2.4914    -0.2766     0.4215    34.9769 6.5169e+02      17588          1  0.000e+00
    155.756     6.5441     6.5456   3.491537   3.491704     2.4901    -0.2766     0.4215    34.9771 6.5169e+02      17589          1  0.000e+00
    155.805     6.5448     6.5454   3.491602   3.491643     2.4901    -0.2571     0.4215    34.9771 6.5169e+02      17590          1  0.000e+00
    155.740     6.5455     6.5452   3.491647   3.491673     2.4914    -0.2571     0.4215    34.9770 6.5169e+02      17591          1  0.000e+00
    155.756     6.5458     6.5451   3.491667   3.491612     2.4901    -0.2766     0.4215    34.9769 6.5169e+02      17592          1  0.000e+00
    155.805     6.5461     6.5452   3.491693   3.491581     2.4901    -0.2766     0.4215    34.9768 6.5169e+02      17593          1  0.000e+00
    155.740     6.5459     6.5454   3.491673   3.491643     2.4901    -0.2571     0.4215    34.9768 6.5169e+02      17594          1  0.000e+00
    155.813     6.5456     6.5457   3.491654   3.491612     2.4901    -0.2766     0.4215    34.9769 6.5169e+02      17595          1  0.000e+00
    155.805     6.5453     6.5456   3.491654   3.491655     2.4901    -0.2571     0.4215    34.9772 6.5169e+02      17596          1  0.000e+00
    155.805     6.5451     6.5454   3.491628   3.491612     2.4901    -0.2571     0.4166    34.9771 6.5169e+02      17597          1  0.000e+00
    155.756     6.5455     6.5456   3.491596   3.491643     2.4901    -0.2766     0.4166    34.9764 6.5169e+02      17598          1  0.000e+00
    155.805     6.5456     6.5452   3.491641   3.491673     2.4914    -0.2571     0.4166    34.9767 6.5169e+02      17599          1  0.000e+00
    155.805     6.5455     6.5452   3.491654   3.491643     2.4901    -0.2766     0.4166    34.9770 6.5169e+02      17600          1  0.000e+00
    155.813     6.5458     6.5453   3.491647   3.491612     2.4914    -0.2766     0.4166    34.9766 6.5169e+02      17601          1  0.000e+00
     99.955     6.6321     6.6333   3.496319   3.496366     2.5547    -0.0226     0.4508    34.9687 6.7417e+02      21982          2  0.000e+00
     99.835     6.6320     6.6334   3.496312   3.496391     2.5547    -0.0226     0.4508    34.9688 6.7641e+02      21983          2  0.000e+00
    100.020     6.6320     6.6334   3.496332   3.496464     2.5535    -0.0226     0.4508    34.9689 6.7641e+02      21984          2  0.000e+00
     99.891     6.6320     6.6335   3.496325   3.496427     2.5547    -0.0226     0.4508    34.9689 6.7641e+02      21985          2  0.000e+00
     99.899     6.6320     6.6334   3.496312   3.496427     2.5535    -0.0226     0.4508    34.9688 6.7641e+02      21986          2  0.000e+00
     99.835     6.6318     6.6333   3.496332   3.496452     2.5535    -0.0226     0.4508    34.9692 6.7641e+02      21987          2  0.000e+00
     99.899     6.6318     6.6333   3.496319   3.496464     2.5535    -0.0226     0.4508    34.9690 6.7641e+02      21988          2  0.000e+00
     99.899     6.6318     6.6335   3.496332   3.496427     2.5547    -0.0226     0.4508    34.9691 6.7641e+02      21989          2  0.000e+00
     99.827     6.6318     6.6334   3.496319   3.496452     2.5547    -0.0226     0.4508    34.9690 6.7641e+02      21990          2  0.000e+00
     99.899     6.6320     6.6333   3.496312   3.496427     2.5535    -0.0226     0.4508    34.9688 6.7866e+02      21991          2  0.000e+00
     99.835     6.6320     6.6331   3.496332   3.496427     2.5523    -0.0226     0.4508    34.9690 6.7641e+02      21992          2  0.000e+00
     99.899     6.6320     6.6330   3.496325   3.496427     2.5535    -0.0226     0.4508    34.9689 6.7641e+02      21993          2  0.000e+00
     99.835     6.6320     6.6331   3.496312   3.496452     2.5535    -0.0226     0.4508    34.9688 6.7641e+02      21994          2  0.000e+00
     99.835     6.6321     6.6333   3.496312   3.496464     2.5535    -0.0226     0.4508    34.9686 6.7866e+02      21995          2  0.000e+00
     99.827     6.6318     6.6334   3.496312   3.496495     2.5535    -0.0226     0.4508    34.9690 6.7866e+02      21996          2  0.000e+00
     99.835     6.6318     6.6335   3.496332   3.496427     2.5535    -0.0226     0.4508    34.9692 6.7866e+02      21997          2  0.000e+00
     99.779     6.6318     6.6336   3.496319   3.496513     2.5535    -0.0226     0.4508    34.9691 6.7866e+02      21998          2  0.000e+00
     99.835     6.6321     6.6336   3.496332   3.496495     2.5547    -0.0226     0.4508    34.9689 6.7866e+02      21999          2  0.000e+00
     99.835     6.6320     6.6334   3.496338   3.496464     2.5535    -0.0226     0.4508    34.9691 6.7866e+02      22000          2  0.000e+00
     99.827     6.6320     6.6335   3.496344   3.496495     2.5535    -0.0226     0.4508    34.9692 6.8091e+02      22001          2  0.000e+00
     99.835     6.6318     6.6338   3.496319   3.496483     2.5535    -0.0226     0.4508    34.9690 6.8091e+02      22002          2  0.000e+00
     99.779     6.6318     6.6335   3.496332   3.496495     2.5535    -0.0226     0.4508    34.9692 6.8091e+02      22003          2  0.000e+00
     99.779     6.6321     6.6336   3.496319   3.496495     2.5535    -0.0226     0.4508    34.9687 6.8091e+02      22004          2  0.000e+00
     99.835     6.6321     6.6334   3.496351   3.496495     2.5535    -0.0226     0.4557    34.9691 6.8091e+02      22005          2  0.000e+00
     99.771     6.6321     6.6335   3.496351   3.496452     2.5535    -0.0226     0.4557    34.9691 6.8091e+02      22006          2  0.000e+00
     99.779     6.6323     6.6334   3.496344   3.496495     2.5535    -0.0226     0.4557    34.9689 6.8091e+02      22007          2  0.000e+00
     99.723     6.6321     6.6333   3.496319   3.496495     2.5535    -0.0226     0.4557    34.9688 6.8091e+02      22008          2  0.000e+00
     99.779     6.6321     6.6336   3.496351   3.496464     2.5535    -0.0226     0.4557    34.9691 6.8091e+02      22009          2  0.000e+00
     99.779     6.6323     6.6335   3.496332   3.496483     2.5535    -0.0226     0.4557    34.9687 6.8091e+02      22010          2  0.000e+00
     99.771     6.6323     6.6334   3.496331   3.496464     2.5535    -0.0226     0.4557    34.9687 6.8091e+02      22011          2  0.000e+00
     99.723     6.6321     6.6336   3.496319   3.496495     2.5523    -0.0226     0.4557    34.9688 6.8316e+02      22012          2  0.000e+00
     99.779     6.6325     6.6334   3.496351   3.496495     2.5547    -0.0226     0.4557    34.9687 6.8316e+02      22013          2  0.000e+00
     99.779     6.6323     6.6336   3.496370   3.496483     2.5535    -0.0226     0.4557    34.9692 6.8316e+02      22014          2  0.000e+00
     99.723     6.6324     6.6336   3.496377   3.496495     2.5535    -0.0226     0.4557    34.9691 6.8316e+02      22015          2  0.000e+00
     99.723     6.6325     6.6336   3.496351   3.496495     2.5547    -0.0226     0.4557    34.9688 6.8316e+02      22016          2  0.000e+00
     99.715     6.6326     6.6336   3.496383   3.496495     2.5547    -0.0226     0.4557    34.9690 6.8316e+02      22017          2  0.000e+00
     99.779     6.6326     6.6335   3.496383   3.496452     2.5535    -0.0226     0.4557    34.9689 6.8316e+02      22018          2  0.000e+00
     99.723     6.6325     6.6336   3.496351   3.496495     2.5535    -0.0226     0.4557    34.9688 6.8316e+02      22019          2  0.000e+00
     99.723     6.6325     6.6335   3.496390   3.496464     2.5523    -0.0226     0.4557    34.9692 6.8316e+02      22020          2  0.000e+00
     99.723     6.6323     6.6336   3.496409   3.496464     2.5535    -0.0226     0.4557    34.9696 6.8540e+02      22021          2  0.000e+00
     99.715     6.6324     6.6336   3.496403   3.496483     2.5547    -0.0226     0.4557    34.9694 6.8316e+02      22022          2  0.000e+00
     99.779     6.6325     6.6334   3.496409   3.496495     2.5547    -0.0226     0.4557    34.9694 6.8540e+02      22023          2  0.000e+00
     99.723     6.6328     6.6334   3.496403   3.496464     2.5535    -0.0226     0.4557    34.9690 6.8316e+02      22024          2  0.000e+00
     99.723     6.6329     6.6335   3.496429   3.496464     2.5535    -0.0226     0.4557    34.9692 6.8540e+02      22025          2  0.000e+00
     99.779     6.6328     6.6336   3.496396   3.496513     2.5535    -0.0226     0.4557    34.9689 6.8540e+02      22026          2  0.000e+00
     99.715     6.6329     6.6335   3.496396   3.496464     2.5535    -0.0226     0.4557    34.9688 6.8540e+02      22027          2  0.000e+00
     99.723     6.6329     6.6338   3.496383   3.496464     2.5535    -0.0226     0.4557    34.9687 6.8540e+02      22028          2  0.000e+00
     99.780     6.6328     6.6335   3.496396   3.496495     2.5535    -0.0226     0.4557    34.9689 6.8540e+02      22029          2  0.000e+00
     99.723     6.6329     6.6334   3.496422   3.496483     2.5535    -0.0226     0.4557    34.9691 6.8540e+02      22030          2  0.000e+00
     39.555     6.8622     6.8624   3.515136   3.515157     2.6314     1.1495     0.5289    34.9733 6.5394e+02      26545          3  0.000e+00
     39.676     6.8624     6.8622   3.515149   3.515145     2.6314     1.1495     0.5289    34.9731 6.5394e+02      26546          3  0.000e+00
     39.796     6.8624     6.8624   3.515149   3.515157     2.6314     1.1495     0.5289    34.9731 6.5394e+02      26547          3  0.000e+00
     39.796     6.8625     6.8624   3.515169   3.515188     2.6314     1.1495     0.5289    34.9731 6.5394e+02      26548          3  0.000e+00
     39.852     6.8628     6.8621   3.515182   3.515188     2.6314     1.1495     0.5289    34.9729 6.5394e+02      26549          3  0.000e+00
     39.852     6.8627     6.8622   3.515182   3.515212     2.6314     1.1495     0.5289    34.9731 6.5169e+02      26550          3  0.000e+00
     39.972     6.8625     6.8621   3.515182   3.515188     2.6314     1.1495     0.5289    34.9732 6.5169e+02      26551          3  0.000e+00
     40.085     6.8625     6.8621   3.515227   3.515188     2.6314     1.1495     0.5289    34.9736 6.5169e+02      26552          3  0.000e+00
     40.085     6.8624     6.8620   3.515227   3.515157     2.6314     1.1495     0.5289    34.9738 6.5169e+02      26553          3  0.000e+00
     40.149     6.8624     6.8624   3.515214   3.515212     2.6302     1.1495     0.5338    34.9736 6.4945e+02      26554          3  0.000e+00
     40.149     6.8625     6.8626   3.515195   3.515188     2.6314     1.1495     0.5338    34.9732 6.4945e+02      26555          3  0.000e+00
     40.269     6.8625     6.8626   3.515201   3.515249     2.6314     1.1495     0.5289    34.9733 6.4945e+02      26556          3  0.000e+00
     40.325     6.8624     6.8625   3.515214   3.515219     2.6314     1.1495     0.5338    34.9735 6.4945e+02      26557          3  0.000e+00
