Ship_data/Irminger/Irminger-5/ctd/process/ar30-03005.ros
* Sea-Bird SBE 9 Data File:
* FileName = D:\Data\ar30-03005.hdr
* Software Version Seasave V 7.23.2
* Temperature SN = 4312
* Conductivity SN = 2148
* Number of Bytes Per Scan = 44
* Number of Voltage Words = 5
* Number of Scans Averaged by the Deck Unit = 1
* NMEA Latitude = 59 56.43 N
* NMEA Longitude = 039 31.38 W
* NMEA UTC (Time) = Jun 08 2018  18:14:14
** Cruise ID: ar30-03
** Chief Sci: Macdonald
** Station #: 005
** Site ID: Irminger 5 SUMO
** ctd cast at surface mooring
# nquan = 13
# nvalues = 1078                                  
# units = specified
# name 0 = prDM: Pressure, Digiquartz [db]
# name 1 = t090C: Temperature [ITS-90, deg C]
# name 2 = t190C: Temperature, 2 [ITS-90, deg C]
# name 3 = c0S/m: Conductivity [S/m]
# name 4 = c1S/m: Conductivity, 2 [S/m]
# name 5 = sbeox0V: Oxygen raw, SBE 43 [V]
# name 6 = flECO-AFL: Fluorescence, WET Labs ECO-AFL/FL [mg/m^3]
# name 7 = turbWETntu0: Turbidity, WET Labs ECO [NTU]
# name 8 = sal00: Salinity, Practical [PSU]
# name 9 = spar: SPAR/Surface Irradiance
# name 10 = scan: Scan Count
# name 11 = nbf: Bottles Fired
# name 12 = flag:  0.000e+00
# interval = seconds: 0.0416667
# start_time = Jun 08 2018 18:17:01 [System UTC, first data scan.]
# bad_flag = -9.990e-29
*END*
[from data line 889]
     21.467     5.6705     5.6568   3.396343   3.393960     2.6535     1.8333     0.5240    34.8730 1.0113e+02     178001         19  0.000e+00
     21.483     5.6739     5.6533   3.396465   3.395112     2.6535     1.8333     0.5240    34.8709 1.0113e+02     178002         19  0.000e+00
     21.467     5.6767     5.6491   3.396529   3.395712     2.6535     1.8333     0.5240    34.8687 1.0113e+02     178003         19  0.000e+00
     21.419     5.6757     5.6465   3.396638   3.395433     2.6535     1.8333     0.5240    34.8710 1.0113e+02     178004         19  0.000e+00
     21.467     5.6783     5.6461   3.397476   3.394960     2.6535     1.8333     0.5240    34.8778 1.0113e+02     178005         19  0.000e+00
     21.411     5.6889     5.6484   3.398679   3.394821     2.6535     1.8333     0.5240    34.8806 1.0113e+02     178006         19  0.000e+00
     21.483     5.7004     5.6525   3.399479   3.394991     2.6535     1.8333     0.5240    34.8778 1.0113e+02     178007         19  0.000e+00
     21.467     5.7056     5.6550   3.399716   3.395221     2.6535     1.8333     0.5240    34.8751 1.0113e+02     178008         19  0.000e+00
     21.419     5.7077     5.6609   3.399511   3.395330     2.6535     1.8333     0.5240    34.8706 1.0113e+02     178009         19  0.000e+00
     21.411     5.7081     5.6640   3.398973   3.395524     2.6535     1.8333     0.5240    34.8641 1.0113e+02     178010         19  0.000e+00
     21.419     5.7029     5.6651   3.398429   3.395760     2.6535     1.8333     0.5240    34.8633 1.0113e+02     178011         19  0.000e+00
     21.467     5.6973     5.6640   3.398135   3.395772     2.6535     1.8333     0.5240    34.8657 1.0113e+02     178012         19  0.000e+00
     21.411     5.6944     5.6619   3.398193   3.395584     2.6535     1.8333     0.5240    34.8694 1.0113e+02     178013         19  0.000e+00
     21.419     5.6955     5.6567   3.398276   3.395512     2.6535     1.8333     0.5240    34.8692 1.0113e+02     178014         19  0.000e+00
     21.411     5.6951     5.6570   3.398410   3.395403     2.6535     1.8333     0.5240    34.8712 1.0113e+02     178015         19  0.000e+00
     21.363     5.6941     5.6582   3.398404   3.395360     2.6535     1.8333     0.5240    34.8721 1.0113e+02     178016         19  0.000e+00
     21.411     5.6952     5.6560   3.398180   3.395433     2.6535     1.8333     0.5240    34.8684 1.0113e+02     178017         19  0.000e+00
     21.363     5.6972     5.6540   3.398045   3.395209     2.6548     1.8333     0.5240    34.8649 1.0113e+02     178018         19  0.000e+00
     21.355     5.6951     5.6544   3.397770   3.394700     2.6548     1.8333     0.5240    34.8639 1.0113e+02     178019         19  0.000e+00
     21.355     5.6864     5.6449   3.397335   3.394591     2.6548     1.7356     0.5192    34.8679 1.0113e+02     178020         19  0.000e+00
     21.363     5.6808     5.6332   3.396855   3.394421     2.6548     1.4621     0.5094    34.8683 1.0113e+02     178021         19  0.000e+00
     21.291     5.6730     5.6264   3.396113   3.393700     2.6548     1.3644     0.5045    34.8679 1.0113e+02     178022         19  0.000e+00
     21.363     5.6631     5.6233   3.395422   3.393167     2.6548     1.3644     0.5045    34.8703 1.0113e+02     178023         19  0.000e+00
     21.291     5.6556     5.6222   3.394910   3.392840     2.6560     1.3840     0.5045    34.8722 1.0113e+02     178024         19  0.000e+00
     21.299     5.6504     5.6207   3.394635   3.392706     2.6548     1.3840     0.5045    34.8745 1.0113e+02     178025         19  0.000e+00
     21.235     5.6464     5.6191   3.394328   3.392622     2.6548     1.3840     0.5045    34.8752 1.0113e+02     178026         19  0.000e+00
     21.291     5.6410     5.6181   3.394059   3.392494     2.6548     1.3840     0.5045    34.8777 1.0113e+02     178027         19  0.000e+00
     21.299     5.6412     5.6181   3.393989   3.392313     2.6560     1.3840     0.5045    34.8767 1.0113e+02     178028         19  0.000e+00
     21.235     5.6429     5.6180   3.394104   3.392307     2.6560     1.3840     0.5045    34.8762 1.0113e+02     178029         19  0.000e+00
     21.243     5.6476     5.6181   3.394558   3.392222     2.6560     1.3840     0.5045    34.8765 1.0113e+02     178030         19  0.000e+00
     21.235     5.6548     5.6181   3.394974   3.392246     2.6560     1.3840     0.5045    34.8738 1.0113e+02     178031         19  0.000e+00
     21.187     5.6581     5.6180   3.395070   3.392282     2.6560     1.3840     0.4996    34.8716 1.0337e+02     178032         19  0.000e+00
     21.179     5.6585     5.6180   3.395070   3.392185     2.6560     1.3840     0.5045    34.8711 1.0113e+02     178033         19  0.000e+00
     21.179     5.6639     5.6181   3.395415   3.392192     2.6560     1.3840     0.5045    34.8695 1.0113e+02     178034         19  0.000e+00
     21.187     5.6695     5.6203   3.395690   3.392216     2.6560     1.3840     0.5045    34.8667 1.0113e+02     178035         19  0.000e+00
     21.115     5.6658     5.6225   3.395473   3.392222     2.6560     1.3840     0.5045    34.8681 1.0113e+02     178036         19  0.000e+00
     21.187     5.6589     5.6235   3.395083   3.392307     2.6560     1.3840     0.5045    34.8709 1.0113e+02     178037         19  0.000e+00
     21.115     5.6566     5.6239   3.395070   3.392440     2.6560     1.3840     0.5045    34.8731 1.0113e+02     178038         19  0.000e+00
     21.123     5.6611     5.6251   3.395582   3.392585     2.6560     1.3840     0.5045    34.8743 1.0113e+02     178039         19  0.000e+00
     21.058     5.6649     5.6254   3.396132   3.392652     2.6560     1.3840     0.5045    34.8767 1.0113e+02     178040         19  0.000e+00
     21.058     5.6683     5.6270   3.396311   3.392900     2.6572     1.3840     0.5045    34.8752 1.0113e+02     178041         19  0.000e+00
     21.123     5.6705     5.6261   3.396311   3.393046     2.6560     1.3840     0.5045    34.8728 1.0113e+02     178042         19  0.000e+00
     12.786     5.8106     5.8085   3.408282   3.408177     2.7371     2.5171     0.5680    34.8685 9.4383e+01     182110         20  0.000e+00
     12.666     5.8110     5.8087   3.408372   3.408207     2.7371     2.5171     0.5680    34.8691 9.2136e+01     182111         20  0.000e+00
     12.962     5.8114     5.8088   3.408372   3.408220     2.7371     2.5171     0.5680    34.8686 9.2136e+01     182112         20  0.000e+00
     12.786     5.8122     5.8087   3.408378   3.408238     2.7371     2.5171     0.5680    34.8679 9.2136e+01     182113         20  0.000e+00
     12.722     5.8122     5.8090   3.408391   3.408207     2.7371     2.5171     0.5680    34.8681 9.4383e+01     182114         20  0.000e+00
     12.962     5.8123     5.8090   3.408410   3.408238     2.7371     2.5171     0.5680    34.8680 9.2136e+01     182115         20  0.000e+00
     12.842     5.8120     5.8088   3.408397   3.408268     2.7371     2.5171     0.5680    34.8682 9.2136e+01     182116         20  0.000e+00
     12.842     5.8118     5.8087   3.408429   3.408238     2.7371     2.6343     0.5778    34.8688 9.2136e+01     182117         20  0.000e+00
     12.786     5.8122     5.8087   3.408391   3.408238     2.7371     2.8882     0.5973    34.8680 9.2136e+01     182118         20  0.000e+00
     12.962     5.8114     5.8087   3.408378   3.408208     2.7371     2.9664     0.6071    34.8686 9.2136e+01     182119         20  0.000e+00
     12.842     5.8120     5.8087   3.408404   3.408238     2.7371     2.9664     0.6071    34.8684 9.2136e+01     182120         20  0.000e+00
     12.962     5.8122     5.8098   3.408449   3.408268     2.7371     2.9664     0.6071    34.8686 9.2136e+01     182121         20  0.000e+00
     12.898     5.8125     5.8101   3.408455   3.408286     2.7371     2.9664     0.6071    34.8684 9.2136e+01     182122         20  0.000e+00
     12.962     5.8125     5.8098   3.408468   3.408335     2.7371     2.9664     0.6071    34.8685 9.2136e+01     182123         20  0.000e+00
     12.898     5.8128     5.8100   3.408481   3.408335     2.7371     2.9469     0.6071    34.8684 9.2136e+01     182124         20  0.000e+00
     12.962     5.8130     5.8106   3.408468   3.408305     2.7371     2.9469     0.6071    34.8680 9.4383e+01     182125         20  0.000e+00
     13.026     5.8126     5.8111   3.408430   3.408396     2.7371     2.9469     0.6071    34.8679 9.2136e+01     182126         20  0.000e+00
     12.962     5.8128     5.8109   3.408462   3.408426     2.7371     2.9469     0.6071    34.8681 9.2136e+01     182127         20  0.000e+00
     13.026     5.8125     5.8106   3.408468   3.408396     2.7371     2.9469     0.6071    34.8685 9.2136e+01     182128         20  0.000e+00
     13.018     5.8123     5.8098   3.408404   3.408396     2.7371     2.9664     0.6071    34.8679 9.2136e+01     182129         20  0.000e+00
     13.026     5.8117     5.8095   3.408295   3.408335     2.7371     2.9469     0.6071    34.8673 9.2136e+01     182130         20  0.000e+00
     13.082     5.8104     5.8093   3.408244   3.408305     2.7371     2.9469     0.6071    34.8681 9.4383e+01     182131         20  0.000e+00
     13.074     5.8097     5.8088   3.408237   3.408250     2.7371     2.9469     0.6071    34.8687 9.2136e+01     182132         20  0.000e+00
     13.026     5.8099     5.8090   3.408237   3.408268     2.7371     2.9469     0.6071    34.8685 9.2136e+01     182133         20  0.000e+00
     13.138     5.8102     5.8088   3.408231   3.408238     2.7371     2.9664     0.6071    34.8681 9.2136e+01     182134         20  0.000e+00
     13.082     5.8102     5.8084   3.408212   3.408238     2.7371     2.9469     0.6071    34.8679 9.2136e+01     182135         20  0.000e+00
     12.962     5.8097     5.8085   3.408148   3.408238     2.7371     2.9469     0.6071    34.8677 9.2136e+01     182136         20  0.000e+00
     13.315     5.8089     5.8085   3.408090   3.408208     2.7371     2.9469     0.6071    34.8677 9.2136e+01     182137         20  0.000e+00
     13.203     5.8086     5.8088   3.408148   3.408238     2.7371     2.9469     0.6071    34.8687 9.2136e+01     182138         20  0.000e+00
     13.138     5.8094     5.8087   3.408205   3.408238     2.7371     2.9664     0.6071    34.8686 9.2136e+01     182139         20  0.000e+00
     13.203     5.8097     5.8086   3.408225   3.408208     2.7371     2.9664     0.6071    34.8685 9.2136e+01     182140         20  0.000e+00
     13.195     5.8099     5.8088   3.408212   3.408268     2.7371     2.9469     0.6022    34.8682 9.2136e+01     182141         20  0.000e+00
     13.203     5.8097     5.8084   3.408225   3.408250     2.7371     2.9664     0.5778    34.8685 9.2136e+01     182142         20  0.000e+00
     13.259     5.8100     5.8084   3.408237   3.408238     2.7371     2.9859     0.5631    34.8683 9.2136e+01     182143         20  0.000e+00
     13.259     5.8104     5.8082   3.408257   3.408208     2.7371     2.9664     0.5631    34.8681 9.2136e+01     182144         20  0.000e+00
     13.259     5.8104     5.8080   3.408244   3.408177     2.7371     2.9664     0.5631    34.8680 9.2136e+01     182145         20  0.000e+00
     13.259     5.8106     5.8080   3.408237   3.408238     2.7371     2.9664     0.5631    34.8677 9.2136e+01     182146         20  0.000e+00
     13.315     5.8096     5.8082   3.408193   3.408208     2.7371     2.9664     0.5631    34.8682 9.2136e+01     182147         20  0.000e+00
     13.259     5.8086     5.8082   3.408128   3.408208     2.7371     2.9664     0.5631    34.8685 9.2136e+01     182148         20  0.000e+00
     13.315     5.8083     5.8080   3.408154   3.408147     2.7371     2.9859     0.5631    34.8691 9.2136e+01     182149         20  0.000e+00
     13.379     5.8084     5.8082   3.408205   3.408208     2.7371     2.9664     0.5631    34.8695 9.2136e+01     182150         20  0.000e+00
     13.315     5.8091     5.8082   3.408225   3.408177     2.7371     2.9664     0.5631    34.8691 9.2136e+01     182151         20  0.000e+00
     13.379     5.8097     5.8085   3.408231   3.408250     2.7371     2.9664     0.5631    34.8684 9.2136e+01     182152         20  0.000e+00
     13.379     5.8094     5.8086   3.408141   3.408208     2.7371     2.9664     0.5631    34.8677 9.2136e+01     182153         20  0.000e+00
     13.315     5.8078     5.8093   3.408077   3.408305     2.7371     2.9664     0.5631    34.8687 9.2136e+01     182154         20  0.000e+00
     13.379     5.8070     5.8096   3.408007   3.408268     2.7371     2.9664     0.5631    34.8687 9.2136e+01     182155         20  0.000e+00
     13.435     5.8050     5.8088   3.407872   3.408268     2.7371     2.9859     0.5631    34.8692 9.4383e+01     182156         20  0.000e+00
     13.435     5.8039     5.8087   3.407821   3.408268     2.7371     2.9664     0.5631    34.8698 9.2136e+01     182157         20  0.000e+00
     13.379     5.8027     5.8085   3.407738   3.408177     2.7371     2.9859     0.5631    34.8701 9.2136e+01     182158         20  0.000e+00
      2.924     5.8245     5.8242   3.409003   3.409096     2.7439     2.7710     0.5631    34.8674 8.0900e+01     185624         21  0.000e+00
      2.804     5.8244     5.8245   3.409009   3.409066     2.7439     2.7710     0.5631    34.8676 7.8653e+01     185625         21  0.000e+00
      3.100     5.8245     5.8245   3.409003   3.409145     2.7439     2.7710     0.5631    34.8674 8.0900e+01     185626         21  0.000e+00
      2.683     5.8246     5.8245   3.409054   3.409133     2.7439     2.7710     0.5631    34.8680 8.0900e+01     185627         21  0.000e+00
      3.100     5.8245     5.8244   3.409022   3.409133     2.7439     2.7710     0.5631    34.8676 7.8653e+01     185628         21  0.000e+00
      3.036     5.8247     5.8244   3.409022   3.409133     2.7439     2.7710     0.5631    34.8673 8.0900e+01     185629         21  0.000e+00
      3.044     5.8246     5.8243   3.409061   3.409133     2.7439     2.7710     0.5631    34.8679 7.8653e+01     185630         21  0.000e+00
      2.980     5.8251     5.8242   3.409022   3.409096     2.7427     2.7710     0.5631    34.8670 7.8653e+01     185631         21  0.000e+00
      3.036     5.8251     5.8242   3.409022   3.409133     2.7439     2.8296     0.5680    34.8669 7.8653e+01     185632         21  0.000e+00
      3.100     5.8252     5.8242   3.409054   3.409133     2.7439     3.0445     0.5729    34.8671 7.8653e+01     185633         21  0.000e+00
      3.100     5.8250     5.8245   3.409067   3.409066     2.7439     3.1227     0.5778    34.8676 7.8653e+01     185634         21  0.000e+00
      3.100     5.8251     5.8244   3.409048   3.409133     2.7439     3.1227     0.5778    34.8672 7.8653e+01     185635         21  0.000e+00
      3.212     5.8250     5.8242   3.409035   3.409096     2.7439     3.1227     0.5778    34.8671 7.8653e+01     185636         21  0.000e+00
      3.156     5.8249     5.8245   3.409061   3.409133     2.7427     3.1031     0.5778    34.8676 7.8653e+01     185637         21  0.000e+00
      3.212     5.8248     5.8244   3.409022   3.409133     2.7439     3.1031     0.5778    34.8672 7.8653e+01     185638         21  0.000e+00
      3.100     5.8244     5.8246   3.409003   3.409145     2.7439     3.1031     0.5778    34.8674 7.8653e+01     185639         21  0.000e+00
      3.396     5.8246     5.8245   3.409003   3.409133     2.7427     3.1227     0.5778    34.8670 7.8653e+01     185640         21  0.000e+00
      3.276     5.8246     5.8242   3.409048   3.409163     2.7439     3.1227     0.5778    34.8677 7.8653e+01     185641         21  0.000e+00
      3.332     5.8245     5.8245   3.409061   3.409133     2.7427     3.1031     0.5778    34.8679 7.8653e+01     185642         21  0.000e+00
      3.332     5.8247     5.8244   3.409041   3.409194     2.7427     3.1031     0.5778    34.8674 7.8653e+01     185643         21  0.000e+00
