Ship_data/Irminger/Irminger-5/ctd/process/ar30-03005.ros
* Sea-Bird SBE 9 Data File:
* FileName = D:\Data\ar30-03005.hdr
* Software Version Seasave V 7.23.2
* Temperature SN = 4312
* Conductivity SN = 2148
* Number of Bytes Per Scan = 44
* Number of Voltage Words = 5
* Number of Scans Averaged by the Deck Unit = 1
* NMEA Latitude = 59 56.43 N
* NMEA Longitude = 039 31.38 W
* NMEA UTC (Time) = Jun 08 2018  18:14:14
** Cruise ID: ar30-03
** Chief Sci: Macdonald
** Station #: 005
** Site ID: Irminger 5 SUMO
** ctd cast at surface mooring
# nquan = 13
# nvalues = 1078                                  
# units = specified
# name 0 = prDM: Pressure, Digiquartz [db]
# name 1 = t090C: Temperature [ITS-90, deg C]
# name 2 = t190C: Temperature, 2 [ITS-90, deg C]
# name 3 = c0S/m: Conductivity [S/m]
# name 4 = c1S/m: Conductivity, 2 [S/m]
# name 5 = sbeox0V: Oxygen raw, SBE 43 [V]
# name 6 = flECO-AFL: Fluorescence, WET Labs ECO-AFL/FL [mg/m^3]
# name 7 = turbWETntu0: Turbidity, WET Labs ECO [NTU]
# name 8 = sal00: Salinity, Practical [PSU]
# name 9 = spar: SPAR/Surface Irradiance
# name 10 = scan: Scan Count
# name 11 = nbf: Bottles Fired
# name 12 = flag:  0.000e+00
# interval = seconds: 0.0416667
# start_time = Jun 08 2018 18:17:01 [System UTC, first data scan.]
# bad_flag = -9.990e-29
*END*
[from data line 112]
   1726.827     3.4864     3.4881   3.277346   3.277527     1.9599    -0.3547     0.3580    34.9103 2.0450e+02      95140          3  0.000e+00
   1726.769     3.4864     3.4880   3.277346   3.277467     1.9599    -0.3743     0.3580    34.9103 2.0450e+02      95141          3  0.000e+00
   1726.827     3.4866     3.4884   3.277390   3.277527     1.9599    -0.3743     0.3580    34.9106 2.0674e+02      95142          3  0.000e+00
   1726.785     3.4867     3.4887   3.277409   3.277527     1.9599    -0.3547     0.3580    34.9107 2.0450e+02      95143          3  0.000e+00
   1726.703     3.4869     3.4888   3.277403   3.277527     1.9599    -0.3743     0.3580    34.9105 2.0450e+02      95144          3  0.000e+00
   1726.769     3.4874     3.4890   3.277447   3.277587     1.9599    -0.3547     0.3580    34.9105 2.0450e+02      95145          3  0.000e+00
   1726.703     3.4874     3.4891   3.277466   3.277587     1.9599    -0.3547     0.3580    34.9107 2.0450e+02      95146          3  0.000e+00
   1726.720     3.4879     3.4890   3.277466   3.277617     1.9599    -0.3547     0.3580    34.9102 2.0450e+02      95147          3  0.000e+00
   1726.645     3.4882     3.4889   3.277485   3.277587     1.9599    -0.3547     0.3580    34.9101 2.0674e+02      95148          3  0.000e+00
   1726.645     3.4882     3.4889   3.277535   3.277557     1.9599    -0.3743     0.3580    34.9108 2.0450e+02      95149          3  0.000e+00
   1726.580     3.4884     3.4889   3.277554   3.277587     1.9599    -0.3547     0.3580    34.9108 2.0674e+02      95150          3  0.000e+00
   1726.596     3.4882     3.4892   3.277517   3.277587     1.9599    -0.3743     0.3629    34.9105 2.0674e+02      95151          3  0.000e+00
   1726.514     3.4884     3.4894   3.277517   3.277587     1.9599    -0.3743     0.3629    34.9104 2.0674e+02      95152          3  0.000e+00
   1726.514     3.4884     3.4896   3.277504   3.277616     1.9599    -0.3938     0.3629    34.9102 2.0674e+02      95153          3  0.000e+00
   1726.472     3.4884     3.4900   3.277516   3.277587     1.9599    -0.3938     0.3629    34.9104 2.0450e+02      95154          3  0.000e+00
   1726.456     3.4883     3.4898   3.277485   3.277676     1.9599    -0.3938     0.3629    34.9101 2.0674e+02      95155          3  0.000e+00
   1726.390     3.4882     3.4903   3.277504   3.277676     1.9599    -0.3743     0.3629    34.9105 2.0674e+02      95156          3  0.000e+00
   1726.332     3.4882     3.4902   3.277504   3.277646     1.9599    -0.3938     0.3629    34.9105 2.0674e+02      95157          3  0.000e+00
   1726.349     3.4884     3.4901   3.277479   3.277706     1.9599    -0.3938     0.3629    34.9100 2.0674e+02      95158          3  0.000e+00
   1726.267     3.4882     3.4902   3.277504   3.277676     1.9599    -0.3938     0.3629    34.9105 2.0674e+02      95159          3  0.000e+00
   1726.267     3.4884     3.4900   3.277523   3.277646     1.9599    -0.3743     0.3629    34.9106 2.0674e+02      95160          3  0.000e+00
   1726.143     3.4883     3.4902   3.277504   3.277676     1.9599    -0.3743     0.3629    34.9105 2.0450e+02      95161          3  0.000e+00
   1726.225     3.4880     3.4903   3.277516   3.277676     1.9599    -0.3938     0.3629    34.9109 2.0674e+02      95162          3  0.000e+00
   1726.085     3.4885     3.4903   3.277523   3.277676     1.9599    -0.3938     0.3629    34.9105 2.0674e+02      95163          3  0.000e+00
   1726.085     3.4884     3.4904   3.277523   3.277706     1.9599    -0.3743     0.3629    34.9107 2.0450e+02      95164          3  0.000e+00
   1726.102     3.4885     3.4905   3.277504   3.277706     1.9599    -0.3938     0.3629    34.9103 2.0674e+02      95165          3  0.000e+00
   1726.019     3.4884     3.4906   3.277516   3.277676     1.9599    -0.3938     0.3629    34.9106 2.0674e+02      95166          3  0.000e+00
   1725.962     3.4888     3.4905   3.277510   3.277736     1.9599    -0.3938     0.3629    34.9101 2.0674e+02      95167          3  0.000e+00
   1725.896     3.4885     3.4904   3.277516   3.277706     1.9599    -0.3938     0.3629    34.9105 2.0674e+02      95168          3  0.000e+00
   1725.912     3.4885     3.4905   3.277542   3.277706     1.9599    -0.3938     0.3629    34.9108 2.0674e+02      95169          3  0.000e+00
   1725.830     3.4887     3.4906   3.277535   3.277736     1.9599    -0.3743     0.3629    34.9106 2.0674e+02      95170          3  0.000e+00
   1725.830     3.4887     3.4903   3.277523   3.277676     1.9599    -0.3938     0.3629    34.9105 2.0674e+02      95171          3  0.000e+00
   1725.789     3.4889     3.4904   3.277542   3.277706     1.9599    -0.3743     0.3629    34.9104 2.0674e+02      95172          3  0.000e+00
   1725.706     3.4890     3.4902   3.277554   3.277676     1.9599    -0.3938     0.3629    34.9106 2.0674e+02      95173          3  0.000e+00
   1725.706     3.4890     3.4903   3.277573   3.277736     1.9599    -0.3938     0.3629    34.9108 2.0674e+02      95174          3  0.000e+00
   1520.321     3.4576     3.4578   3.264212   3.264264     2.0421    -0.3938     0.3629    34.8861 1.8877e+02     102966          4  0.000e+00
   1520.387     3.4579     3.4581   3.264243   3.264294     2.0421    -0.3743     0.3629    34.8861 1.9101e+02     102967          4  0.000e+00
   1520.387     3.4581     3.4579   3.264256   3.264264     2.0421    -0.3938     0.3629    34.8861 1.8877e+02     102968          4  0.000e+00
   1520.510     3.4580     3.4576   3.264237   3.264264     2.0421    -0.3938     0.3629    34.8858 1.8877e+02     102969          4  0.000e+00
   1520.576     3.4579     3.4578   3.264231   3.264264     2.0421    -0.3938     0.3629    34.8859 1.8877e+02     102970          4  0.000e+00
   1520.633     3.4577     3.4576   3.264212   3.264235     2.0421    -0.3938     0.3629    34.8858 1.8877e+02     102971          4  0.000e+00
   1520.633     3.4579     3.4578   3.264243   3.264294     2.0421    -0.3938     0.3629    34.8860 1.8877e+02     102972          4  0.000e+00
   1520.699     3.4577     3.4578   3.264256   3.264235     2.0421    -0.3743     0.3629    34.8863 1.8877e+02     102973          4  0.000e+00
   1520.822     3.4579     3.4574   3.264262   3.264235     2.0421    -0.3938     0.3629    34.8862 1.8877e+02     102974          4  0.000e+00
   1520.822     3.4577     3.4574   3.264256   3.264264     2.0421    -0.3938     0.3629    34.8862 1.8877e+02     102975          4  0.000e+00
   1520.888     3.4577     3.4576   3.264256   3.264235     2.0421    -0.3938     0.3629    34.8862 1.8877e+02     102976          4  0.000e+00
   1521.011     3.4582     3.4578   3.264263   3.264294     2.0421    -0.3938     0.3580    34.8857 1.8877e+02     102977          4  0.000e+00
   1521.069     3.4579     3.4576   3.264256   3.264235     2.0421    -0.3938     0.3580    34.8860 1.8877e+02     102978          4  0.000e+00
   1521.069     3.4579     3.4579   3.264281   3.264264     2.0421    -0.3938     0.3580    34.8863 1.8877e+02     102979          4  0.000e+00
   1521.192     3.4579     3.4578   3.264288   3.264265     2.0421    -0.3743     0.3580    34.8863 1.8877e+02     102980          4  0.000e+00
   1521.250     3.4583     3.4578   3.264288   3.264324     2.0421    -0.3938     0.3629    34.8859 1.8877e+02     102981          4  0.000e+00
   1521.258     3.4580     3.4579   3.264269   3.264294     2.0421    -0.3938     0.3629    34.8858 1.8877e+02     102982          4  0.000e+00
   1521.315     3.4579     3.4579   3.264256   3.264324     2.0421    -0.3938     0.3629    34.8858 1.8652e+02     102983          4  0.000e+00
   1521.439     3.4577     3.4581   3.264237   3.264294     2.0421    -0.3938     0.3580    34.8857 1.8652e+02     102984          4  0.000e+00
   1521.439     3.4577     3.4581   3.264212   3.264354     2.0421    -0.3743     0.3580    34.8854 1.8877e+02     102985          4  0.000e+00
   1521.504     3.4574     3.4579   3.264219   3.264354     2.0421    -0.3938     0.3580    34.8858 1.8877e+02     102986          4  0.000e+00
   1521.619     3.4576     3.4579   3.264244   3.264324     2.0421    -0.3743     0.3580    34.8859 1.8877e+02     102987          4  0.000e+00
   1521.628     3.4576     3.4579   3.264256   3.264324     2.0421    -0.3938     0.3580    34.8860 1.8652e+02     102988          4  0.000e+00
   1521.685     3.4574     3.4581   3.264238   3.264324     2.0421    -0.3938     0.3580    34.8859 1.8652e+02     102989          4  0.000e+00
   1521.808     3.4576     3.4579   3.264250   3.264324     2.0421    -0.3743     0.3580    34.8859 1.8652e+02     102990          4  0.000e+00
   1521.809     3.4576     3.4579   3.264263   3.264324     2.0421    -0.3938     0.3580    34.8860 1.8652e+02     102991          4  0.000e+00
   1521.874     3.4579     3.4578   3.264282   3.264324     2.0421    -0.3743     0.3580    34.8859 1.8652e+02     102992          4  0.000e+00
   1521.932     3.4577     3.4581   3.264294   3.264324     2.0421    -0.3938     0.3580    34.8862 1.8652e+02     102993          4  0.000e+00
   1522.063     3.4578     3.4579   3.264269   3.264384     2.0421    -0.3938     0.3580    34.8857 1.8652e+02     102994          4  0.000e+00
   1522.063     3.4577     3.4582   3.264282   3.264324     2.0421    -0.3938     0.3580    34.8859 1.8652e+02     102995          4  0.000e+00
   1522.063     3.4577     3.4579   3.264313   3.264324     2.0421    -0.3938     0.3580    34.8863 1.8652e+02     102996          4  0.000e+00
   1522.178     3.4579     3.4579   3.264339   3.264354     2.0421    -0.3938     0.3580    34.8864 1.8652e+02     102997          4  0.000e+00
   1522.244     3.4579     3.4581   3.264332   3.264354     2.0421    -0.3938     0.3580    34.8863 1.8652e+02     102998          4  0.000e+00
   1522.244     3.4580     3.4583   3.264339   3.264325     2.0421    -0.3938     0.3580    34.8862 1.8652e+02     102999          4  0.000e+00
   1522.302     3.4577     3.4579   3.264307   3.264354     2.0421    -0.3938     0.3580    34.8861 1.8652e+02     103000          4  0.000e+00
   1522.433     3.4579     3.4579   3.264313   3.264325     2.0421    -0.3743     0.3531    34.8860 1.8652e+02     103001          4  0.000e+00
   1522.433     3.4577     3.4581   3.264282   3.264325     2.0421    -0.3743     0.3531    34.8858 1.8652e+02     103002          4  0.000e+00
   1522.491     3.4579     3.4582   3.264320   3.264354     2.0421    -0.3743     0.3531    34.8860 1.8427e+02     103003          4  0.000e+00
   1522.556     3.4577     3.4579   3.264332   3.264384     2.0421    -0.3743     0.3531    34.8863 1.8427e+02     103004          4  0.000e+00
   1522.614     3.4579     3.4579   3.264301   3.264384     2.0421    -0.3938     0.3580    34.8857 1.8427e+02     103005          4  0.000e+00
   1522.614     3.4579     3.4581   3.264351   3.264384     2.0421    -0.3938     0.3531    34.8863 1.8427e+02     103006          4  0.000e+00
   1522.680     3.4579     3.4581   3.264339   3.264355     2.0421    -0.3743     0.3531    34.8861 1.8427e+02     103007          4  0.000e+00
   1522.737     3.4580     3.4582   3.264364   3.264355     2.0421    -0.3938     0.3531    34.8862 1.8427e+02     103008          4  0.000e+00
   1522.737     3.4582     3.4584   3.264320   3.264384     2.0421    -0.3938     0.3531    34.8856 1.8427e+02     103009          4  0.000e+00
   1522.803     3.4582     3.4591   3.264351   3.264384     2.0421    -0.3938     0.3580    34.8859 1.8652e+02     103010          4  0.000e+00
   1522.861     3.4584     3.4590   3.264377   3.264504     2.0421    -0.3743     0.3531    34.8860 1.8427e+02     103011          4  0.000e+00
   1522.861     3.4582     3.4589   3.264339   3.264504     2.0421    -0.3938     0.3531    34.8857 1.8427e+02     103012          4  0.000e+00
   1522.926     3.4582     3.4593   3.264358   3.264474     2.0421    -0.3938     0.3580    34.8859 1.8427e+02     103013          4  0.000e+00
   1522.926     3.4582     3.4591   3.264377   3.264474     2.0421    -0.3938     0.3580    34.8861 1.8427e+02     103014          4  0.000e+00
   1013.802     3.4770     3.4772   3.243550   3.243654     2.2219    -0.3547     0.3629    34.8753 1.3483e+02     118323          5  0.000e+00
   1013.737     3.4768     3.4767   3.243557   3.243642     2.2219    -0.3547     0.3629    34.8756 1.3483e+02     118324          5  0.000e+00
   1013.925     3.4769     3.4765   3.243569   3.243594     2.2219    -0.3547     0.3629    34.8756 1.3483e+02     118325          5  0.000e+00
   1013.794     3.4768     3.4765   3.243525   3.243618     2.2219    -0.3547     0.3629    34.8752 1.3708e+02     118326          5  0.000e+00
   1014.047     3.4768     3.4765   3.243550   3.243594     2.2219    -0.3547     0.3629    34.8753 1.3483e+02     118327          5  0.000e+00
   1014.039     3.4768     3.4765   3.243550   3.243594     2.2219    -0.3547     0.3629    34.8753 1.3483e+02     118328          5  0.000e+00
   1013.982     3.4768     3.4765   3.243557   3.243559     2.2219    -0.3547     0.3629    34.8754 1.3483e+02     118329          5  0.000e+00
   1013.982     3.4768     3.4765   3.243525   3.243535     2.2219    -0.3743     0.3629    34.8751 1.3483e+02     118330          5  0.000e+00
   1014.039     3.4768     3.4765   3.243525   3.243618     2.2219    -0.3547     0.3629    34.8750 1.3483e+02     118331          5  0.000e+00
   1014.104     3.4766     3.4765   3.243557   3.243535     2.2219    -0.3743     0.3629    34.8756 1.3483e+02     118332          5  0.000e+00
   1014.104     3.4767     3.4765   3.243525   3.243588     2.2219    -0.3743     0.3629    34.8751 1.3483e+02     118333          5  0.000e+00
   1014.104     3.4768     3.4765   3.243525   3.243594     2.2219    -0.3938     0.3629    34.8750 1.3483e+02     118334          5  0.000e+00
   1014.226     3.4766     3.4763   3.243538   3.243624     2.2219    -0.3743     0.3629    34.8753 1.3483e+02     118335          5  0.000e+00
   1014.161     3.4765     3.4763   3.243557   3.243588     2.2219    -0.3743     0.3629    34.8757 1.3483e+02     118336          5  0.000e+00
   1014.292     3.4768     3.4765   3.243569   3.243565     2.2219    -0.3743     0.3629    34.8754 1.3483e+02     118337          5  0.000e+00
   1014.283     3.4765     3.4765   3.243525   3.243618     2.2219    -0.3743     0.3629    34.8753 1.3483e+02     118338          5  0.000e+00
   1014.292     3.4763     3.4762   3.243525   3.243594     2.2219    -0.3743     0.3629    34.8754 1.3483e+02     118339          5  0.000e+00
   1014.283     3.4764     3.4760   3.243519   3.243589     2.2219    -0.3938     0.3629    34.8753 1.3483e+02     118340          5  0.000e+00
   1014.406     3.4760     3.4759   3.243506   3.243565     2.2219    -0.3938     0.3629    34.8755 1.3483e+02     118341          5  0.000e+00
   1014.349     3.4765     3.4760   3.243525   3.243535     2.2219    -0.3743     0.3629    34.8752 1.3483e+02     118342          5  0.000e+00
   1014.406     3.4765     3.4759   3.243538   3.243559     2.2219    -0.3743     0.3629    34.8753 1.3483e+02     118343          5  0.000e+00
   1014.471     3.4763     3.4762   3.243519   3.243595     2.2219    -0.3938     0.3629    34.8753 1.3483e+02     118344          5  0.000e+00
   1014.471     3.4763     3.4759   3.243488   3.243529     2.2219    -0.3743     0.3629    34.8749 1.3483e+02     118345          5  0.000e+00
   1014.471     3.4765     3.4760   3.243500   3.243535     2.2219    -0.3938     0.3629    34.8749 1.3483e+02     118346          5  0.000e+00
   1014.471     3.4762     3.4759   3.243469   3.243559     2.2219    -0.3938     0.3629    34.8748 1.3483e+02     118347          5  0.000e+00
   1014.585     3.4762     3.4760   3.243469   3.243535     2.2219    -0.3743     0.3629    34.8747 1.3483e+02     118348          5  0.000e+00
