Ship_data/Irminger/Irminger-5/ctd/process/ar30-03013.ros
* Sea-Bird SBE 9 Data File:
* FileName = D:\Data\ar30-03013.hdr
* Software Version Seasave V 7.23.2
* Temperature SN = 4312
* Conductivity SN = 2148
* Number of Bytes Per Scan = 44
* Number of Voltage Words = 5
* Number of Scans Averaged by the Deck Unit = 1
* NMEA Latitude = 59 46.82 N
* NMEA Longitude = 039 49.61 W
* NMEA UTC (Time) = Jun 14 2018  20:15:22
** Cruise ID: ar30-03
** Chief Sci: Macdonald
** Station #: 013
** Site ID: Irminger 5 test cast
** test cast to 130 meters
# nquan = 13
# nvalues = 294                                   
# units = specified
# name 0 = prDM: Pressure, Digiquartz [db]
# name 1 = t090C: Temperature [ITS-90, deg C]
# name 2 = t190C: Temperature, 2 [ITS-90, deg C]
# name 3 = c0S/m: Conductivity [S/m]
# name 4 = c1S/m: Conductivity, 2 [S/m]
# name 5 = sbeox0V: Oxygen raw, SBE 43 [V]
# name 6 = flECO-AFL: Fluorescence, WET Labs ECO-AFL/FL [mg/m^3]
# name 7 = turbWETntu0: Turbidity, WET Labs ECO [NTU]
# name 8 = sal00: Salinity, Practical [PSU]
# name 9 = spar: SPAR/Surface Irradiance
# name 10 = scan: Scan Count
# name 11 = nbf: Bottles Fired
# name 12 = flag:  0.000e+00
# interval = seconds: 0.0416667
# start_time = Jun 14 2018 20:15:22 [System UTC, first data scan.]
# bad_flag = -9.990e-29
*END*
[from data line 112]
     60.676     4.8537     4.8430   3.324818   3.324146     2.5657     0.4658     0.4459    34.8803 4.0001e+02      17358          3  0.000e+00
     60.717     4.8540     4.8428   3.324812   3.324080     2.5669     0.4658     0.4459    34.8800 4.0001e+02      17359          3  0.000e+00
     60.660     4.8537     4.8428   3.324831   3.324086     2.5669     0.4658     0.4459    34.8805 4.0001e+02      17360          3  0.000e+00
     60.620     4.8540     4.8427   3.324818   3.324025     2.5669     0.4658     0.4459    34.8800 4.0001e+02      17361          3  0.000e+00
     60.660     4.8537     4.8427   3.324742   3.323989     2.5669     0.4658     0.4459    34.8795 3.9776e+02      17362          3  0.000e+00
     60.676     4.8531     4.8424   3.324729   3.323995     2.5657     0.4658     0.4459    34.8800 4.0001e+02      17363          3  0.000e+00
     60.660     4.8521     4.8425   3.324697   3.324025     2.5669     0.4658     0.4459    34.8807 4.0001e+02      17364          3  0.000e+00
     60.596     4.8516     4.8424   3.324685   3.324080     2.5669     0.4658     0.4459    34.8811 4.0001e+02      17365          3  0.000e+00
     60.620     4.8513     4.8422   3.324666   3.323995     2.5669     0.4658     0.4459    34.8811 4.0001e+02      17366          3  0.000e+00
     60.660     4.8508     4.8419   3.324640   3.323995     2.5669     0.4658     0.4459    34.8814 4.0001e+02      17367          3  0.000e+00
     60.556     4.8505     4.8420   3.324608   3.324019     2.5669     0.4658     0.4459    34.8814 4.0001e+02      17368          3  0.000e+00
     60.596     4.8500     4.8419   3.324577   3.323965     2.5669     0.4658     0.4459    34.8815 4.0001e+02      17369          3  0.000e+00
     60.596     4.8492     4.8416   3.324539   3.323989     2.5669     0.4658     0.4459    34.8819 3.9776e+02      17370          3  0.000e+00
     60.556     4.8490     4.8414   3.324513   3.323965     2.5669     0.4658     0.4459    34.8818 4.0001e+02      17371          3  0.000e+00
     60.596     4.8490     4.8414   3.324545   3.323935     2.5657     0.4658     0.4459    34.8821 4.0001e+02      17372          3  0.000e+00
     60.556     4.8502     4.8414   3.324583   3.323929     2.5669     0.4658     0.4459    34.8814 4.0001e+02      17373          3  0.000e+00
     60.596     4.8505     4.8414   3.324615   3.323965     2.5657     0.4462     0.4459    34.8814 4.0001e+02      17374          3  0.000e+00
     60.540     4.8518     4.8414   3.324666   3.323905     2.5669     0.4658     0.4459    34.8807 3.9776e+02      17375          3  0.000e+00
     60.556     4.8524     4.8424   3.324621   3.323899     2.5669     0.4462     0.4459    34.8795 3.9776e+02      17376          3  0.000e+00
     60.540     4.8513     4.8442   3.324596   3.323935     2.5669     0.4658     0.4459    34.8804 4.0001e+02      17377          3  0.000e+00
     60.556     4.8490     4.8460   3.324532   3.323989     2.5669     0.4658     0.4459    34.8820 3.9776e+02      17378          3  0.000e+00
     60.540     4.8469     4.8468   3.324393   3.324085     2.5669     0.4658     0.4459    34.8826 3.9776e+02      17379          3  0.000e+00
     60.540     4.8464     4.8478   3.324336   3.324212     2.5669     0.4462     0.4459    34.8824 4.0001e+02      17380          3  0.000e+00
     60.556     4.8460     4.8488   3.324234   3.324170     2.5669     0.4267     0.4459    34.8817 3.9776e+02      17381          3  0.000e+00
     60.540     4.8458     4.8483   3.324183   3.324422     2.5669     0.4267     0.4459    34.8814 3.9776e+02      17382          3  0.000e+00
     60.556     4.8463     4.8478   3.324190   3.324362     2.5669     0.4267     0.4459    34.8809 4.0001e+02      17383          3  0.000e+00
     60.540     4.8471     4.8480   3.324177   3.324356     2.5657     0.4267     0.4459    34.8799 3.9776e+02      17384          3  0.000e+00
     60.556     4.8474     4.8481   3.324164   3.324362     2.5657     0.4267     0.4459    34.8795 3.9776e+02      17385          3  0.000e+00
     60.540     4.8473     4.8485   3.324171   3.324392     2.5669     0.4267     0.4459    34.8797 3.9776e+02      17386          3  0.000e+00
     60.540     4.8467     4.8478   3.324171   3.324476     2.5669     0.4267     0.4459    34.8802 3.9776e+02      17387          3  0.000e+00
     60.556     4.8470     4.8466   3.324152   3.324452     2.5669     0.4267     0.4459    34.8798 3.9776e+02      17388          3  0.000e+00
     60.540     4.8471     4.8464   3.324145   3.324386     2.5657     0.4267     0.4459    34.8796 3.9776e+02      17389          3  0.000e+00
     60.556     4.8461     4.8474   3.324145   3.324422     2.5669     0.4267     0.4459    34.8806 3.9776e+02      17390          3  0.000e+00
     60.596     4.8453     4.8472   3.324259   3.324422     2.5669     0.4267     0.4459    34.8827 3.9776e+02      17391          3  0.000e+00
     60.540     4.8476     4.8473   3.324443   3.324416     2.5669     0.4267     0.4459    34.8825 3.9776e+02      17392          3  0.000e+00
     30.526     5.4130     5.4110   3.371924   3.371846     2.6976     2.3217     0.5729    34.8563 3.7978e+02      20710          4  0.000e+00
     30.606     5.4130     5.4108   3.371950   3.371786     2.6976     2.3217     0.5729    34.8565 3.7978e+02      20711          4  0.000e+00
     30.470     5.4129     5.4107   3.371950   3.371846     2.6976     2.3217     0.5729    34.8568 3.7978e+02      20712          4  0.000e+00
     30.405     5.4122     5.4106   3.371911   3.371846     2.6976     2.3217     0.5729    34.8571 3.7978e+02      20713          4  0.000e+00
     30.702     5.4122     5.4109   3.371899   3.371846     2.6976     2.3217     0.5729    34.8567 3.8203e+02      20714          4  0.000e+00
     30.582     5.4121     5.4109   3.371886   3.371816     2.6976     2.3217     0.5729    34.8568 3.7978e+02      20715          4  0.000e+00
     30.421     5.4119     5.4110   3.371848   3.371816     2.6976     2.3217     0.5729    34.8566 3.7978e+02      20716          4  0.000e+00
     30.646     5.4119     5.4107   3.371867   3.371888     2.6976     2.3217     0.5729    34.8567 3.7978e+02      20717          4  0.000e+00
     30.582     5.4119     5.4108   3.371873   3.371876     2.6976     2.3217     0.5729    34.8568 3.7978e+02      20718          4  0.000e+00
     30.582     5.4119     5.4107   3.371873   3.371816     2.6976     2.3217     0.5729    34.8568 3.7978e+02      20719          4  0.000e+00
     30.582     5.4121     5.4106   3.371899   3.371846     2.6976     2.3217     0.5729    34.8569 3.7978e+02      20720          4  0.000e+00
     30.606     5.4123     5.4106   3.371924   3.371876     2.6976     2.3217     0.5729    34.8569 3.8203e+02      20721          4  0.000e+00
     30.646     5.4127     5.4108   3.371931   3.371846     2.6976     2.3217     0.5729    34.8567 3.8203e+02      20722          4  0.000e+00
     30.582     5.4130     5.4107   3.371982   3.371846     2.6976     2.3217     0.5729    34.8569 3.7978e+02      20723          4  0.000e+00
     30.646     5.4132     5.4109   3.371994   3.371876     2.6976     2.3217     0.5729    34.8569 3.7978e+02      20724          4  0.000e+00
     30.606     5.4132     5.4109   3.371994   3.371846     2.6976     2.3217     0.5827    34.8568 3.7978e+02      20725          4  0.000e+00
     30.646     5.4132     5.4109   3.371982   3.371876     2.6976     2.3412     0.5924    34.8567 3.7978e+02      20726          4  0.000e+00
     30.646     5.4133     5.4108   3.371982   3.371876     2.6976     2.3608     0.5973    34.8566 3.7978e+02      20727          4  0.000e+00
     30.646     5.4133     5.4110   3.371994   3.371907     2.6976     2.3608     0.5973    34.8567 3.7978e+02      20728          4  0.000e+00
     30.646     5.4132     5.4108   3.372001   3.371876     2.6976     2.3412     0.5973    34.8569 3.7978e+02      20729          4  0.000e+00
     30.662     5.4132     5.4109   3.372014   3.371858     2.6976     2.3608     0.5973    34.8570 3.8203e+02      20730          4  0.000e+00
     30.646     5.4133     5.4106   3.371982   3.371876     2.6976     2.3608     0.5973    34.8566 3.7978e+02      20731          4  0.000e+00
     30.646     5.4132     5.4109   3.371988   3.371846     2.6976     2.3412     0.5973    34.8568 3.7978e+02      20732          4  0.000e+00
     30.702     5.4135     5.4109   3.371994   3.371816     2.6976     2.3412     0.5973    34.8565 3.7978e+02      20733          4  0.000e+00
     30.702     5.4135     5.4109   3.371994   3.371876     2.6976     2.3412     0.5973    34.8565 3.7978e+02      20734          4  0.000e+00
     30.662     5.4136     5.4107   3.372014   3.371876     2.6976     2.3608     0.5973    34.8566 3.7978e+02      20735          4  0.000e+00
     30.702     5.4139     5.4108   3.372026   3.371876     2.6976     2.3412     0.5973    34.8565 3.8203e+02      20736          4  0.000e+00
     30.646     5.4138     5.4106   3.372014   3.371907     2.6976     2.3608     0.5973    34.8564 3.7978e+02      20737          4  0.000e+00
     30.758     5.4140     5.4106   3.372039   3.371816     2.6976     2.3608     0.5973    34.8565 3.7978e+02      20738          4  0.000e+00
     30.646     5.4136     5.4107   3.372039   3.371876     2.6976     2.3412     0.5973    34.8569 3.8203e+02      20739          4  0.000e+00
     30.718     5.4138     5.4106   3.372052   3.371846     2.6976     2.3608     0.5973    34.8568 3.7978e+02      20740          4  0.000e+00
     30.702     5.4139     5.4104   3.372033   3.371846     2.6976     2.3412     0.5973    34.8565 3.8203e+02      20741          4  0.000e+00
     30.702     5.4141     5.4104   3.372071   3.371846     2.6976     2.3608     0.5973    34.8567 3.8203e+02      20742          4  0.000e+00
     30.702     5.4136     5.4105   3.372026   3.371888     2.6976     2.3412     0.5973    34.8567 3.8203e+02      20743          4  0.000e+00
     30.758     5.4140     5.4106   3.372039   3.371846     2.6976     2.3412     0.5973    34.8565 3.8203e+02      20744          4  0.000e+00
     30.718     5.4141     5.4106   3.372052   3.371846     2.6976     2.3608     0.5973    34.8565 3.7978e+02      20745          4  0.000e+00
     30.702     5.4142     5.4106   3.372058   3.371876     2.6976     2.3412     0.5973    34.8565 3.8203e+02      20746          4  0.000e+00
     30.702     5.4143     5.4106   3.372033   3.371846     2.6976     2.3608     0.5973    34.8561 3.7978e+02      20747          4  0.000e+00
     30.758     5.4143     5.4110   3.372071   3.371907     2.6976     2.3608     0.5973    34.8565 3.8203e+02      20748          4  0.000e+00
     30.702     5.4143     5.4109   3.372090   3.371846     2.6976     2.3412     0.5924    34.8568 3.8203e+02      20749          4  0.000e+00
     30.718     5.4141     5.4112   3.372065   3.371907     2.6976     2.3217     0.5827    34.8566 3.8203e+02      20750          4  0.000e+00
     30.758     5.4143     5.4114   3.372077   3.371907     2.6976     2.3217     0.5778    34.8565 3.8203e+02      20751          4  0.000e+00
     30.702     5.4143     5.4111   3.372090   3.371937     2.6976     2.3217     0.5778    34.8568 3.8203e+02      20752          4  0.000e+00
     30.702     5.4140     5.4114   3.372046   3.371973     2.6976     2.3217     0.5778    34.8566 3.8203e+02      20753          4  0.000e+00
     30.758     5.4136     5.4113   3.372033   3.371907     2.6976     2.3217     0.5778    34.8568 3.7978e+02      20754          4  0.000e+00
     30.718     5.4136     5.4115   3.372026   3.371937     2.6976     2.3022     0.5778    34.8567 3.8203e+02      20755          4  0.000e+00
     30.758     5.4135     5.4116   3.372026   3.371955     2.6976     2.3217     0.5778    34.8568 3.8203e+02      20756          4  0.000e+00
     30.702     5.4135     5.4117   3.372052   3.371907     2.6976     2.3217     0.5778    34.8572 3.8203e+02      20757          4  0.000e+00
     30.702     5.4138     5.4124   3.372033   3.371937     2.6976     2.3217     0.5778    34.8566 3.8203e+02      20758          4  0.000e+00
     15.658     5.5429     5.5429   3.382793   3.382890     2.7538     2.2436     0.6559    34.8537 3.6630e+02      23260          5  0.000e+00
     15.730     5.5430     5.5427   3.382767   3.382920     2.7550     2.2436     0.6559    34.8532 3.6630e+02      23261          5  0.000e+00
     15.426     5.5429     5.5427   3.382799   3.382890     2.7538     2.2436     0.6559    34.8539 3.6630e+02      23262          5  0.000e+00
     15.730     5.5430     5.5427   3.382799   3.382890     2.7538     2.2436     0.6559    34.8536 3.6630e+02      23263          5  0.000e+00
     15.602     5.5430     5.5429   3.382786   3.382890     2.7538     2.2436     0.6559    34.8535 3.6630e+02      23264          5  0.000e+00
     15.730     5.5430     5.5425   3.382806   3.382860     2.7538     2.2436     0.6559    34.8537 3.6630e+02      23265          5  0.000e+00
     15.658     5.5430     5.5427   3.382799   3.382890     2.7538     2.2436     0.6559    34.8536 3.6630e+02      23266          5  0.000e+00
     15.666     5.5430     5.5427   3.382786   3.382890     2.7538     2.2436     0.6559    34.8535 3.6630e+02      23267          5  0.000e+00
     15.658     5.5432     5.5425   3.382780   3.382890     2.7538     2.2436     0.6559    34.8532 3.6630e+02      23268          5  0.000e+00
     15.666     5.5430     5.5427   3.382786   3.382860     2.7538     2.2436     0.6559    34.8535 3.6630e+02      23269          5  0.000e+00
     15.658     5.5430     5.5427   3.382767   3.382890     2.7538     2.1849     0.6461    34.8533 3.6630e+02      23270          5  0.000e+00
     15.730     5.5430     5.5429   3.382774   3.382860     2.7538     1.8724     0.5924    34.8533 3.6405e+02      23271          5  0.000e+00
     15.658     5.5432     5.5429   3.382806   3.382860     2.7538     1.7552     0.5729    34.8535 3.6405e+02      23272          5  0.000e+00
     15.730     5.5429     5.5427   3.382774   3.382890     2.7550     1.7552     0.5680    34.8535 3.6630e+02      23273          5  0.000e+00
     15.658     5.5429     5.5427   3.382754   3.382890     2.7550     1.7747     0.5729    34.8533 3.6405e+02      23274          5  0.000e+00
     15.730     5.5427     5.5427   3.382774   3.382860     2.7538     1.7747     0.5729    34.8536 3.6630e+02      23275          5  0.000e+00
     15.658     5.5426     5.5427   3.382761   3.382860     2.7538     1.7747     0.5729    34.8537 3.6405e+02      23276          5  0.000e+00
     15.730     5.5427     5.5424   3.382754   3.382860     2.7550     1.7747     0.5729    34.8534 3.6405e+02      23277          5  0.000e+00
     15.722     5.5427     5.5425   3.382793   3.382890     2.7550     1.7747     0.5729    34.8538 3.6630e+02      23278          5  0.000e+00
     15.730     5.5427     5.5424   3.382774   3.382860     2.7550     1.7747     0.5729    34.8536 3.6630e+02      23279          5  0.000e+00
     15.658     5.5427     5.5425   3.382774   3.382860     2.7550     1.7747     0.5729    34.8536 3.6405e+02      23280          5  0.000e+00
     15.786     5.5427     5.5425   3.382761   3.382890     2.7550     1.7747     0.5729    34.8534 3.6405e+02      23281          5  0.000e+00
     15.722     5.5427     5.5425   3.382735   3.382860     2.7550     1.7747     0.5729    34.8532 3.6405e+02      23282          5  0.000e+00
     15.730     5.5426     5.5424   3.382722   3.382860     2.7538     1.7552     0.5729    34.8532 3.6405e+02      23283          5  0.000e+00
     15.722     5.5419     5.5425   3.382722   3.382829     2.7550     1.7747     0.5729    34.8539 3.6405e+02      23284          5  0.000e+00
     15.786     5.5417     5.5425   3.382703   3.382890     2.7550     1.7747     0.5729    34.8538 3.6630e+02      23285          5  0.000e+00
