Ship_data/Irminger/Irminger-5/ctd/process/ar30-03019.ros
* Sea-Bird SBE 9 Data File:
* FileName = D:\Data\ar30-03019.hdr
* Software Version Seasave V 7.23.2
* Temperature SN = 4312
* Conductivity SN = 2148
* Number of Bytes Per Scan = 44
* Number of Voltage Words = 5
* Number of Scans Averaged by the Deck Unit = 1
* NMEA Latitude = 59 55.88 N
* NMEA Longitude = 041 18.96 W
* NMEA UTC (Time) = Jun 18 2018  20:06:05
** Cruise ID: ar30-03
** Chief Sci: Macdonald
** Station #: 019
** Site ID: Irminger 5 OSNAP C01
# nquan = 13
# nvalues = 539                                   
# units = specified
# name 0 = prDM: Pressure, Digiquartz [db]
# name 1 = t090C: Temperature [ITS-90, deg C]
# name 2 = t190C: Temperature, 2 [ITS-90, deg C]
# name 3 = c0S/m: Conductivity [S/m]
# name 4 = c1S/m: Conductivity, 2 [S/m]
# name 5 = sbeox0V: Oxygen raw, SBE 43 [V]
# name 6 = flECO-AFL: Fluorescence, WET Labs ECO-AFL/FL [mg/m^3]
# name 7 = turbWETntu0: Turbidity, WET Labs ECO [NTU]
# name 8 = sal00: Salinity, Practical [PSU]
# name 9 = spar: SPAR/Surface Irradiance
# name 10 = scan: Scan Count
# name 11 = nbf: Bottles Fired
# name 12 = flag:  0.000e+00
# interval = seconds: 0.0416667
# start_time = Jun 18 2018 20:06:05 [System UTC, first data scan.]
# bad_flag = -9.990e-29
*END*
[from data line 112]
   1520.112     3.2057     3.2058   3.243842   3.243873     1.9826    -0.3743     0.3726    34.9099 1.1506e+03      72148          3  0.000e+00
   1520.047     3.2061     3.2060   3.243868   3.243873     1.9826    -0.3743     0.3726    34.9099 1.1483e+03      72149          3  0.000e+00
   1520.112     3.2060     3.2061   3.243855   3.243891     1.9826    -0.3743     0.3726    34.9098 1.1461e+03      72150          3  0.000e+00
   1520.112     3.2059     3.2061   3.243830   3.243903     1.9826    -0.3743     0.3726    34.9096 1.1461e+03      72151          3  0.000e+00
   1520.112     3.2061     3.2061   3.243817   3.243921     1.9826    -0.3743     0.3726    34.9093 1.1461e+03      72152          3  0.000e+00
   1520.178     3.2058     3.2061   3.243817   3.243933     1.9826    -0.3547     0.3726    34.9095 1.1461e+03      72153          3  0.000e+00
   1520.112     3.2056     3.2063   3.243836   3.243921     1.9826    -0.3547     0.3726    34.9100 1.1483e+03      72154          3  0.000e+00
   1520.112     3.2059     3.2060   3.243830   3.243903     1.9826    -0.3547     0.3726    34.9096 1.1483e+03      72155          3  0.000e+00
   1520.178     3.2060     3.2063   3.243836   3.243933     1.9813    -0.3547     0.3726    34.9096 1.1483e+03      72156          3  0.000e+00
   1520.170     3.2059     3.2061   3.243830   3.243891     1.9813    -0.3547     0.3726    34.9096 1.1506e+03      72157          3  0.000e+00
   1520.112     3.2059     3.2063   3.243836   3.243963     1.9826    -0.3352     0.3726    34.9097 1.1528e+03      72158          3  0.000e+00
   1520.178     3.2062     3.2065   3.243849   3.243921     1.9826    -0.3547     0.3726    34.9094 1.1551e+03      72159          3  0.000e+00
   1520.170     3.2060     3.2063   3.243830   3.243933     1.9826    -0.3547     0.3726    34.9095 1.1573e+03      72160          3  0.000e+00
   1520.178     3.2059     3.2063   3.243798   3.243921     1.9826    -0.3547     0.3726    34.9092 1.1596e+03      72161          3  0.000e+00
   1520.236     3.2057     3.2061   3.243830   3.243933     1.9826    -0.3547     0.3726    34.9097 1.1641e+03      72162          3  0.000e+00
   1520.170     3.2060     3.2063   3.243786   3.243921     1.9826    -0.3352     0.3726    34.9090 1.1663e+03      72163          3  0.000e+00
   1520.178     3.2057     3.2065   3.243824   3.243963     1.9813    -0.3352     0.3726    34.9097 1.1686e+03      72164          3  0.000e+00
   1520.236     3.2057     3.2061   3.243830   3.243933     1.9813    -0.3547     0.3726    34.9097 1.1708e+03      72165          3  0.000e+00
   1520.178     3.2060     3.2063   3.243836   3.243891     1.9826    -0.3352     0.3726    34.9096 1.1753e+03      72166          3  0.000e+00
   1520.236     3.2057     3.2061   3.243849   3.243963     1.9826    -0.3352     0.3726    34.9099 1.1798e+03      72167          3  0.000e+00
   1520.236     3.2057     3.2063   3.243824   3.243921     1.9813    -0.3547     0.3726    34.9096 1.1820e+03      72168          3  0.000e+00
   1520.178     3.2057     3.2060   3.243817   3.243933     1.9813    -0.3547     0.3726    34.9096 1.1865e+03      72169          3  0.000e+00
   1520.236     3.2058     3.2061   3.243836   3.243921     1.9813    -0.3547     0.3726    34.9097 1.1910e+03      72170          3  0.000e+00
   1520.236     3.2056     3.2061   3.243830   3.243903     1.9826    -0.3547     0.3726    34.9099 1.1933e+03      72171          3  0.000e+00
   1520.178     3.2057     3.2063   3.243817   3.243903     1.9826    -0.3547     0.3726    34.9096 1.1978e+03      72172          3  0.000e+00
   1520.293     3.2058     3.2060   3.243817   3.243891     1.9826    -0.3352     0.3726    34.9095 1.2045e+03      72173          3  0.000e+00
   1520.236     3.2056     3.2061   3.243817   3.243903     1.9826    -0.3547     0.3726    34.9097 1.2113e+03      72174          3  0.000e+00
   1520.236     3.2057     3.2063   3.243836   3.243891     1.9826    -0.3547     0.3726    34.9098 1.2135e+03      72175          3  0.000e+00
   1520.236     3.2061     3.2060   3.243849   3.243933     1.9826    -0.3547     0.3726    34.9095 1.2202e+03      72176          3  0.000e+00
   1520.236     3.2059     3.2058   3.243849   3.243891     1.9826    -0.3547     0.3726    34.9098 1.2270e+03      72177          3  0.000e+00
   1520.236     3.2061     3.2060   3.243849   3.243903     1.9826    -0.3547     0.3726    34.9096 1.2337e+03      72178          3  0.000e+00
   1520.236     3.2059     3.2060   3.243849   3.243891     1.9826    -0.3547     0.3726    34.9098 1.2405e+03      72179          3  0.000e+00
   1520.236     3.2058     3.2061   3.243830   3.243874     1.9813    -0.3547     0.3726    34.9096 1.2472e+03      72180          3  0.000e+00
   1520.236     3.2061     3.2058   3.243836   3.243874     1.9826    -0.3547     0.3726    34.9094 1.2540e+03      72181          3  0.000e+00
   1520.236     3.2057     3.2058   3.243805   3.243921     1.9826    -0.3547     0.3726    34.9094 1.2629e+03      72182          3  0.000e+00
   1266.218     3.4501     3.4493   3.254495   3.254513     2.0519    -0.3547     0.3726    34.9056 1.6337e+03      80666          4  0.000e+00
   1266.275     3.4504     3.4493   3.254501   3.254507     2.0507    -0.3352     0.3726    34.9053 1.6337e+03      80667          4  0.000e+00
   1266.275     3.4502     3.4493   3.254514   3.254483     2.0507    -0.3547     0.3726    34.9056 1.6337e+03      80668          4  0.000e+00
   1266.152     3.4501     3.4495   3.254501   3.254543     2.0507    -0.3352     0.3726    34.9057 1.6337e+03      80669          4  0.000e+00
   1266.218     3.4501     3.4495   3.254476   3.254513     2.0519    -0.3547     0.3726    34.9053 1.6337e+03      80670          4  0.000e+00
   1266.152     3.4504     3.4495   3.254488   3.254477     2.0507    -0.3547     0.3726    34.9052 1.6360e+03      80671          4  0.000e+00
   1266.218     3.4501     3.4493   3.254495   3.254513     2.0507    -0.3547     0.3726    34.9056 1.6360e+03      80672          4  0.000e+00
   1266.152     3.4502     3.4493   3.254495   3.254513     2.0507    -0.3547     0.3726    34.9054 1.6337e+03      80673          4  0.000e+00
   1266.152     3.4504     3.4491   3.254501   3.254483     2.0519    -0.3547     0.3726    34.9053 1.6337e+03      80674          4  0.000e+00
   1266.152     3.4504     3.4491   3.254495   3.254507     2.0519    -0.3547     0.3726    34.9053 1.6360e+03      80675          4  0.000e+00
   1266.152     3.4501     3.4491   3.254514   3.254453     2.0519    -0.3547     0.3726    34.9058 1.6337e+03      80676          4  0.000e+00
   1266.095     3.4501     3.4493   3.254526   3.254543     2.0507    -0.3547     0.3726    34.9060 1.6337e+03      80677          4  0.000e+00
   1266.152     3.4502     3.4493   3.254501   3.254537     2.0507    -0.3547     0.3726    34.9055 1.6337e+03      80678          4  0.000e+00
   1266.095     3.4501     3.4493   3.254495   3.254453     2.0519    -0.3547     0.3726    34.9056 1.6360e+03      80679          4  0.000e+00
   1266.095     3.4501     3.4493   3.254501   3.254513     2.0519    -0.3547     0.3726    34.9057 1.6360e+03      80680          4  0.000e+00
   1266.095     3.4501     3.4495   3.254495   3.254483     2.0519    -0.3743     0.3726    34.9056 1.6360e+03      80681          4  0.000e+00
   1266.095     3.4502     3.4493   3.254495   3.254477     2.0519    -0.3743     0.3726    34.9055 1.6360e+03      80682          4  0.000e+00
   1266.095     3.4501     3.4493   3.254476   3.254483     2.0507    -0.3547     0.3726    34.9054 1.6360e+03      80683          4  0.000e+00
   1266.029     3.4501     3.4496   3.254501   3.254543     2.0519    -0.3547     0.3726    34.9057 1.6360e+03      80684          4  0.000e+00
   1266.029     3.4502     3.4495   3.254463   3.254513     2.0519    -0.3743     0.3726    34.9051 1.6360e+03      80685          4  0.000e+00
   1266.029     3.4501     3.4496   3.254476   3.254507     2.0519    -0.3743     0.3726    34.9054 1.6360e+03      80686          4  0.000e+00
   1266.095     3.4501     3.4496   3.254476   3.254513     2.0507    -0.3547     0.3726    34.9054 1.6382e+03      80687          4  0.000e+00
   1266.029     3.4502     3.4496   3.254488   3.254513     2.0519    -0.3743     0.3726    34.9054 1.6360e+03      80688          4  0.000e+00
   1266.029     3.4501     3.4495   3.254476   3.254567     2.0519    -0.3743     0.3726    34.9054 1.6360e+03      80689          4  0.000e+00
   1266.029     3.4501     3.4496   3.254501   3.254543     2.0519    -0.3743     0.3726    34.9057 1.6360e+03      80690          4  0.000e+00
   1265.972     3.4501     3.4495   3.254507   3.254513     2.0519    -0.3743     0.3726    34.9058 1.6360e+03      80691          4  0.000e+00
   1266.029     3.4501     3.4498   3.254476   3.254543     2.0519    -0.3743     0.3726    34.9054 1.6382e+03      80692          4  0.000e+00
   1265.972     3.4500     3.4495   3.254463   3.254507     2.0519    -0.3743     0.3726    34.9054 1.6382e+03      80693          4  0.000e+00
   1266.029     3.4501     3.4495   3.254507   3.254513     2.0519    -0.3743     0.3726    34.9058 1.6382e+03      80694          4  0.000e+00
   1265.972     3.4501     3.4496   3.254507   3.254513     2.0519    -0.3743     0.3726    34.9058 1.6405e+03      80695          4  0.000e+00
   1266.029     3.4502     3.4496   3.254514   3.254513     2.0519    -0.3743     0.3726    34.9057 1.6405e+03      80696          4  0.000e+00
   1265.972     3.4501     3.4498   3.254507   3.254507     2.0519    -0.3743     0.3726    34.9058 1.6405e+03      80697          4  0.000e+00
   1265.972     3.4501     3.4496   3.254501   3.254543     2.0519    -0.3743     0.3726    34.9058 1.6405e+03      80698          4  0.000e+00
   1266.029     3.4502     3.4496   3.254514   3.254513     2.0519    -0.3743     0.3726    34.9057 1.6405e+03      80699          4  0.000e+00
   1265.972     3.4501     3.4496   3.254482   3.254543     2.0519    -0.3743     0.3726    34.9055 1.6405e+03      80700          4  0.000e+00
   1266.029     3.4501     3.4498   3.254469   3.254537     2.0519    -0.3743     0.3726    34.9054 1.6405e+03      80701          4  0.000e+00
   1266.029     3.4501     3.4499   3.254482   3.254543     2.0519    -0.3743     0.3726    34.9055 1.6405e+03      80702          4  0.000e+00
   1265.972     3.4499     3.4498   3.254476   3.254543     2.0519    -0.3547     0.3726    34.9056 1.6405e+03      80703          4  0.000e+00
   1266.029     3.4502     3.4498   3.254488   3.254537     2.0519    -0.3743     0.3726    34.9054 1.6405e+03      80704          4  0.000e+00
   1266.029     3.4501     3.4498   3.254514   3.254513     2.0519    -0.3547     0.3678    34.9059 1.6405e+03      80705          4  0.000e+00
   1265.972     3.4502     3.4498   3.254507   3.254543     2.0519    -0.3547     0.3678    34.9057 1.6405e+03      80706          4  0.000e+00
   1266.029     3.4501     3.4499   3.254514   3.254543     2.0519    -0.3547     0.3678    34.9059 1.6427e+03      80707          4  0.000e+00
   1266.029     3.4502     3.4499   3.254501   3.254597     2.0519    -0.3743     0.3678    34.9056 1.6427e+03      80708          4  0.000e+00
   1266.029     3.4499     3.4499   3.254495   3.254543     2.0519    -0.3547     0.3678    34.9058 1.6405e+03      80709          4  0.000e+00
   1266.029     3.4502     3.4499   3.254476   3.254573     2.0519    -0.3743     0.3678    34.9053 1.6427e+03      80710          4  0.000e+00
   1266.029     3.4501     3.4499   3.254482   3.254543     2.0519    -0.3547     0.3726    34.9055 1.6427e+03      80711          4  0.000e+00
   1266.029     3.4502     3.4498   3.254514   3.254537     2.0519    -0.3547     0.3678    34.9057 1.6427e+03      80712          4  0.000e+00
   1266.095     3.4498     3.4498   3.254507   3.254573     2.0519    -0.3547     0.3678    34.9061 1.6427e+03      80713          4  0.000e+00
   1266.030     3.4501     3.4498   3.254514   3.254543     2.0519    -0.3547     0.3678    34.9059 1.6427e+03      80714          4  0.000e+00
   1012.586     3.5998     3.6000   3.256467   3.256603     2.1338    -0.3743     0.3726    34.8996 1.6382e+03      89399          5  0.000e+00
   1012.708     3.5998     3.5998   3.256467   3.256544     2.1338    -0.3743     0.3726    34.8996 1.6382e+03      89400          5  0.000e+00
   1012.528     3.5998     3.6003   3.256448   3.256574     2.1338    -0.3743     0.3726    34.8994 1.6382e+03      89401          5  0.000e+00
   1012.463     3.5998     3.6002   3.256435   3.256603     2.1338    -0.3743     0.3726    34.8993 1.6382e+03      89402          5  0.000e+00
   1012.716     3.6000     3.6004   3.256454   3.256603     2.1338    -0.3743     0.3726    34.8993 1.6382e+03      89403          5  0.000e+00
   1012.586     3.5993     3.6006   3.256423   3.256633     2.1338    -0.3743     0.3726    34.8996 1.6360e+03      89404          5  0.000e+00
   1012.651     3.5996     3.6006   3.256423   3.256633     2.1338    -0.3743     0.3726    34.8992 1.6360e+03      89405          5  0.000e+00
   1012.586     3.5996     3.6006   3.256435   3.256633     2.1338    -0.3743     0.3726    34.8994 1.6382e+03      89406          5  0.000e+00
   1012.651     3.5996     3.6006   3.256454   3.256663     2.1338    -0.3743     0.3726    34.8996 1.6360e+03      89407          5  0.000e+00
   1012.708     3.6000     3.6003   3.256467   3.256633     2.1338    -0.3743     0.3726    34.8994 1.6360e+03      89408          5  0.000e+00
   1012.651     3.6001     3.6008   3.256467   3.256633     2.1338    -0.3743     0.3726    34.8993 1.6360e+03      89409          5  0.000e+00
   1012.708     3.6000     3.6008   3.256467   3.256663     2.1338    -0.3743     0.3726    34.8994 1.6360e+03      89410          5  0.000e+00
   1012.716     3.5998     3.6009   3.256467   3.256663     2.1351    -0.3743     0.3726    34.8996 1.6360e+03      89411          5  0.000e+00
   1012.708     3.6000     3.6004   3.256467   3.256603     2.1338    -0.3743     0.3726    34.8994 1.6337e+03      89412          5  0.000e+00
   1012.773     3.6007     3.6002   3.256530   3.256663     2.1338    -0.3743     0.3775    34.8993 1.6360e+03      89413          5  0.000e+00
   1012.773     3.6008     3.6003   3.256574   3.256633     2.1338    -0.3743     0.3726    34.8998 1.6360e+03      89414          5  0.000e+00
   1012.773     3.6012     3.6001   3.256586   3.256574     2.1338    -0.3743     0.3726    34.8995 1.6360e+03      89415          5  0.000e+00
   1012.773     3.6013     3.6001   3.256605   3.256574     2.1338    -0.3743     0.3726    34.8996 1.6337e+03      89416          5  0.000e+00
   1012.651     3.6017     3.6000   3.256637   3.256603     2.1338    -0.3743     0.3726    34.8996 1.6360e+03      89417          5  0.000e+00
   1012.952     3.6019     3.6003   3.256662   3.256574     2.1338    -0.3547     0.3726    34.8995 1.6360e+03      89418          5  0.000e+00
   1012.830     3.6019     3.6002   3.256637   3.256544     2.1338    -0.3743     0.3726    34.8994 1.6337e+03      89419          5  0.000e+00
   1012.895     3.6017     3.6004   3.256637   3.256574     2.1338    -0.3547     0.3726    34.8995 1.6337e+03      89420          5  0.000e+00
   1012.830     3.6017     3.6003   3.256643   3.256574     2.1338    -0.3743     0.3775    34.8995 1.6337e+03      89421          5  0.000e+00
   1012.895     3.6019     3.6004   3.256643   3.256603     2.1338    -0.3743     0.3726    34.8994 1.6337e+03      89422          5  0.000e+00
   1012.895     3.6016     3.6004   3.256643   3.256603     2.1338    -0.3743     0.3726    34.8997 1.6315e+03      89423          5  0.000e+00
   1012.952     3.6014     3.6002   3.256580   3.256633     2.1338    -0.3547     0.3726    34.8991 1.6337e+03      89424          5  0.000e+00
