Ship_data/Irminger/Irminger-5/ctd/process/ar30-03013.ros
* Sea-Bird SBE 9 Data File:
* FileName = D:\Data\ar30-03013.hdr
* Software Version Seasave V 7.23.2
* Temperature SN = 4312
* Conductivity SN = 2148
* Number of Bytes Per Scan = 44
* Number of Voltage Words = 5
* Number of Scans Averaged by the Deck Unit = 1
* NMEA Latitude = 59 46.82 N
* NMEA Longitude = 039 49.61 W
* NMEA UTC (Time) = Jun 14 2018  20:15:22
** Cruise ID: ar30-03
** Chief Sci: Macdonald
** Station #: 013
** Site ID: Irminger 5 test cast
** test cast to 130 meters
# nquan = 13
# nvalues = 294                                   
# units = specified
# name 0 = prDM: Pressure, Digiquartz [db]
# name 1 = t090C: Temperature [ITS-90, deg C]
# name 2 = t190C: Temperature, 2 [ITS-90, deg C]
# name 3 = c0S/m: Conductivity [S/m]
# name 4 = c1S/m: Conductivity, 2 [S/m]
# name 5 = sbeox0V: Oxygen raw, SBE 43 [V]
# name 6 = flECO-AFL: Fluorescence, WET Labs ECO-AFL/FL [mg/m^3]
# name 7 = turbWETntu0: Turbidity, WET Labs ECO [NTU]
# name 8 = sal00: Salinity, Practical [PSU]
# name 9 = spar: SPAR/Surface Irradiance
# name 10 = scan: Scan Count
# name 11 = nbf: Bottles Fired
# name 12 = flag:  0.000e+00
# interval = seconds: 0.0416667
# start_time = Jun 14 2018 20:15:22 [System UTC, first data scan.]
# bad_flag = -9.990e-29
*END*
    133.634     4.3353     4.3371   3.282097   3.282472     2.5142    -0.1203     0.4166    34.8872 4.1574e+02      10561          1  0.000e+00
    133.578     4.3353     4.3369   3.282141   3.282508     2.5142    -0.1203     0.4166    34.8878 4.1574e+02      10562          1  0.000e+00
    133.337     4.3353     4.3369   3.282097   3.282442     2.5142    -0.1203     0.4166    34.8874 4.1574e+02      10563          1  0.000e+00
    133.458     4.3351     4.3371   3.282109   3.282478     2.5142    -0.1203     0.4166    34.8876 4.1574e+02      10564          1  0.000e+00
    133.458     4.3351     4.3371   3.282128   3.282502     2.5142    -0.1203     0.4166    34.8878 4.1574e+02      10565          1  0.000e+00
    133.458     4.3351     4.3371   3.282128   3.282478     2.5142    -0.1203     0.4166    34.8878 4.1574e+02      10566          1  0.000e+00
    133.458     4.3350     4.3372   3.282090   3.282472     2.5142    -0.1203     0.4166    34.8876 4.1574e+02      10567          1  0.000e+00
    133.522     4.3350     4.3372   3.282090   3.282508     2.5142    -0.1203     0.4166    34.8875 4.1574e+02      10568          1  0.000e+00
    133.490     4.3353     4.3377   3.282097   3.282532     2.5142    -0.1203     0.4166    34.8873 4.1349e+02      10569          1  0.000e+00
    133.458     4.3353     4.3380   3.282078   3.282508     2.5142    -0.1203     0.4166    34.8871 4.1574e+02      10570          1  0.000e+00
    133.522     4.3353     4.3377   3.282109   3.282472     2.5142    -0.1203     0.4166    34.8874 4.1574e+02      10571          1  0.000e+00
    133.458     4.3353     4.3377   3.282109   3.282478     2.5142    -0.1203     0.4166    34.8875 4.1574e+02      10572          1  0.000e+00
    133.458     4.3351     4.3377   3.282097   3.282532     2.5142    -0.1203     0.4166    34.8875 4.1574e+02      10573          1  0.000e+00
    133.458     4.3351     4.3376   3.282116   3.282508     2.5142    -0.1203     0.4117    34.8877 4.1574e+02      10574          1  0.000e+00
    133.458     4.3353     4.3374   3.282128   3.282502     2.5142    -0.1203     0.4117    34.8877 4.1574e+02      10575          1  0.000e+00
    133.522     4.3354     4.3374   3.282109   3.282508     2.5142    -0.1203     0.4117    34.8873 4.1349e+02      10576          1  0.000e+00
    133.433     4.3354     4.3375   3.282097   3.282442     2.5142    -0.1203     0.4117    34.8872 4.1574e+02      10577          1  0.000e+00
    133.522     4.3354     4.3374   3.282097   3.282478     2.5142    -0.1203     0.4117    34.8871 4.1574e+02      10578          1  0.000e+00
    133.401     4.3356     4.3371   3.282116   3.282472     2.5142    -0.1203     0.4117    34.8872 4.1574e+02      10579          1  0.000e+00
    133.522     4.3354     4.3374   3.282128   3.282478     2.5142    -0.1203     0.4166    34.8875 4.1574e+02      10580          1  0.000e+00
    133.281     4.3357     4.3377   3.282128   3.282442     2.5142    -0.1203     0.4117    34.8873 4.1574e+02      10581          1  0.000e+00
    133.634     4.3354     4.3377   3.282128   3.282478     2.5142    -0.1203     0.4117    34.8874 4.1574e+02      10582          1  0.000e+00
    133.458     4.3354     4.3377   3.282128   3.282472     2.5142    -0.1203     0.4117    34.8875 4.1574e+02      10583          1  0.000e+00
    133.458     4.3356     4.3377   3.282090   3.282478     2.5142    -0.1203     0.4117    34.8869 4.1349e+02      10584          1  0.000e+00
    133.458     4.3354     4.3375   3.282109   3.282472     2.5142    -0.1203     0.4117    34.8873 4.1349e+02      10585          1  0.000e+00
    133.433     4.3354     4.3377   3.282147   3.282478     2.5142    -0.1203     0.4117    34.8878 4.1574e+02      10586          1  0.000e+00
    133.458     4.3354     4.3376   3.282160   3.282472     2.5142    -0.1203     0.4117    34.8879 4.1574e+02      10587          1  0.000e+00
    133.458     4.3356     4.3374   3.282141   3.282478     2.5142    -0.1203     0.4117    34.8875 4.1574e+02      10588          1  0.000e+00
    133.458     4.3354     4.3374   3.282147   3.282472     2.5142    -0.1203     0.4117    34.8877 4.1574e+02      10589          1  0.000e+00
    133.458     4.3356     4.3374   3.282141   3.282478     2.5142    -0.1203     0.4117    34.8875 4.1574e+02      10590          1  0.000e+00
    133.458     4.3354     4.3376   3.282109   3.282472     2.5142    -0.1203     0.4117    34.8873 4.1574e+02      10591          1  0.000e+00
    133.458     4.3354     4.3377   3.282116   3.282478     2.5142    -0.1203     0.4117    34.8874 4.1574e+02      10592          1  0.000e+00
    133.458     4.3356     4.3372   3.282109   3.282472     2.5142    -0.1203     0.4117    34.8871 4.1574e+02      10593          1  0.000e+00
    133.433     4.3356     4.3376   3.282116   3.282508     2.5142    -0.1203     0.4117    34.8872 4.1349e+02      10594          1  0.000e+00
    133.522     4.3356     4.3376   3.282147   3.282472     2.5142    -0.1203     0.4166    34.8875 4.1574e+02      10595          1  0.000e+00
    133.458     4.3356     4.3379   3.282160   3.282478     2.5142    -0.1203     0.4117    34.8877 4.1574e+02      10596          1  0.000e+00
    133.458     4.3356     4.3380   3.282116   3.282472     2.5142    -0.1203     0.4166    34.8872 4.1574e+02      10597          1  0.000e+00
    133.458     4.3357     4.3377   3.282116   3.282478     2.5142    -0.1203     0.4166    34.8870 4.1574e+02      10598          1  0.000e+00
    133.458     4.3356     4.3372   3.282128   3.282442     2.5154    -0.1203     0.4166    34.8874 4.1574e+02      10599          1  0.000e+00
    133.458     4.3356     4.3366   3.282128   3.282508     2.5154    -0.1203     0.4166    34.8874 4.1574e+02      10600          1  0.000e+00
    133.458     4.3357     4.3364   3.282147   3.282412     2.5154    -0.1203     0.4166    34.8874 4.1574e+02      10601          1  0.000e+00
    133.458     4.3356     4.3364   3.282141   3.282388     2.5142    -0.1203     0.4166    34.8875 4.1574e+02      10602          1  0.000e+00
    133.490     4.3354     4.3364   3.282109   3.282442     2.5142    -0.1203     0.4166    34.8873 4.1574e+02      10603          1  0.000e+00
    133.458     4.3353     4.3361   3.282141   3.282448     2.5154    -0.1203     0.4166    34.8878 4.1574e+02      10604          1  0.000e+00
    133.522     4.3353     4.3361   3.282116   3.282383     2.5154    -0.1203     0.4166    34.8875 4.1574e+02      10605          1  0.000e+00
    133.458     4.3350     4.3356   3.282116   3.282418     2.5154    -0.1203     0.4166    34.8879 4.1574e+02      10606          1  0.000e+00
    133.458     4.3353     4.3354   3.282109   3.282382     2.5154    -0.1203     0.4166    34.8875 4.1574e+02      10607          1  0.000e+00
    133.522     4.3351     4.3351   3.282097   3.282359     2.5154    -0.1203     0.4166    34.8874 4.1574e+02      10608          1  0.000e+00
    133.458     4.3350     4.3354   3.282078   3.282323     2.5154    -0.1203     0.4166    34.8874 4.1574e+02      10609          1  0.000e+00
     91.189     4.4539     4.4500   3.290992   3.290717     2.5302    -0.0422     0.4264    34.8894 4.0899e+02      13924          2  0.000e+00
     91.012     4.4536     4.4500   3.290979   3.290777     2.5302    -0.0422     0.4264    34.8896 4.0675e+02      13925          2  0.000e+00
     91.245     4.4539     4.4503   3.290967   3.290807     2.5302    -0.0422     0.4264    34.8890 4.0675e+02      13926          2  0.000e+00
     91.132     4.4538     4.4508   3.290954   3.290837     2.5302    -0.0422     0.4264    34.8891 4.0899e+02      13927          2  0.000e+00
     91.189     4.4533     4.4510   3.290891   3.290867     2.5302    -0.0422     0.4264    34.8888 4.0675e+02      13928          2  0.000e+00
     91.189     4.4528     4.4510   3.290866   3.290867     2.5302    -0.0422     0.4264    34.8891 4.0675e+02      13929          2  0.000e+00
     91.309     4.4522     4.4505   3.290828   3.290837     2.5302    -0.0422     0.4264    34.8892 4.0675e+02      13930          2  0.000e+00
     91.253     4.4522     4.4501   3.290847   3.290837     2.5302    -0.0422     0.4264    34.8895 4.0675e+02      13931          2  0.000e+00
     91.253     4.4522     4.4497   3.290840   3.290807     2.5302    -0.0422     0.4264    34.8894 4.0675e+02      13932          2  0.000e+00
     91.309     4.4522     4.4501   3.290853   3.290747     2.5302    -0.0422     0.4264    34.8895 4.0675e+02      13933          2  0.000e+00
     91.309     4.4523     4.4508   3.290866   3.290807     2.5302    -0.0422     0.4264    34.8895 4.0675e+02      13934          2  0.000e+00
     91.373     4.4525     4.4508   3.290878   3.290837     2.5302    -0.0422     0.4264    34.8895 4.0450e+02      13935          2  0.000e+00
     91.373     4.4523     4.4511   3.290872   3.290927     2.5302    -0.0422     0.4264    34.8895 4.0675e+02      13936          2  0.000e+00
     91.373     4.4523     4.4511   3.290847   3.290897     2.5302    -0.0422     0.4264    34.8893 4.0675e+02      13937          2  0.000e+00
     91.429     4.4520     4.4513   3.290809   3.290897     2.5302    -0.0422     0.4264    34.8891 4.0450e+02      13938          2  0.000e+00
     91.429     4.4519     4.4511   3.290802   3.290897     2.5302    -0.0422     0.4264    34.8892 4.0675e+02      13939          2  0.000e+00
     91.429     4.4515     4.4513   3.290720   3.290927     2.5302    -0.0617     0.4264    34.8886 4.0450e+02      13940          2  0.000e+00
     91.485     4.4504     4.4513   3.290644   3.290897     2.5302    -0.0617     0.4264    34.8888 4.0450e+02      13941          2  0.000e+00
     91.485     4.4491     4.4511   3.290556   3.290957     2.5302    -0.0617     0.4264    34.8892 4.0675e+02      13942          2  0.000e+00
     91.485     4.4481     4.4511   3.290474   3.290867     2.5302    -0.0617     0.4264    34.8893 4.0450e+02      13943          2  0.000e+00
     91.485     4.4479     4.4513   3.290429   3.290927     2.5314    -0.0617     0.4264    34.8890 4.0675e+02      13944          2  0.000e+00
     91.550     4.4481     4.4513   3.290480   3.290927     2.5302    -0.0617     0.4264    34.8893 4.0450e+02      13945          2  0.000e+00
     91.485     4.4481     4.4511   3.290480   3.290867     2.5302    -0.0617     0.4264    34.8893 4.0450e+02      13946          2  0.000e+00
     91.606     4.4475     4.4513   3.290455   3.290897     2.5302    -0.0617     0.4264    34.8896 4.0450e+02      13947          2  0.000e+00
     91.550     4.4472     4.4513   3.290537   3.290897     2.5302    -0.0617     0.4264    34.8910 4.0675e+02      13948          2  0.000e+00
     91.606     4.4478     4.4513   3.290581   3.290897     2.5302    -0.0617     0.4264    34.8908 4.0450e+02      13949          2  0.000e+00
     91.606     4.4486     4.4511   3.290682   3.290957     2.5302    -0.0617     0.4264    34.8911 4.0450e+02      13950          2  0.000e+00
     91.550     4.4496     4.4513   3.290676   3.290927     2.5302    -0.0617     0.4264    34.8900 4.0450e+02      13951          2  0.000e+00
     91.662     4.4497     4.4511   3.290676   3.290927     2.5302    -0.0617     0.4264    34.8898 4.0450e+02      13952          2  0.000e+00
     91.606     4.4504     4.4508   3.290746   3.290897     2.5314    -0.0617     0.4264    34.8900 4.0450e+02      13953          2  0.000e+00
     91.662     4.4515     4.4505   3.290796   3.290867     2.5302    -0.0617     0.4264    34.8894 4.0450e+02      13954          2  0.000e+00
     91.606     4.4517     4.4505   3.290809   3.290837     2.5302    -0.0617     0.4264    34.8893 4.0450e+02      13955          2  0.000e+00
     91.606     4.4509     4.4510   3.290739   3.290837     2.5302    -0.0617     0.4264    34.8894 4.0450e+02      13956          2  0.000e+00
     91.726     4.4494     4.4510   3.290644   3.290867     2.5302    -0.0617     0.4264    34.8898 4.0450e+02      13957          2  0.000e+00
     91.662     4.4483     4.4511   3.290562   3.290897     2.5314    -0.0617     0.4264    34.8900 4.0450e+02      13958          2  0.000e+00
     91.662     4.4489     4.4514   3.290556   3.290897     2.5302    -0.0617     0.4264    34.8893 4.0450e+02      13959          2  0.000e+00
     91.662     4.4486     4.4516   3.290524   3.290897     2.5302    -0.0617     0.4264    34.8892 4.0450e+02      13960          2  0.000e+00
     91.662     4.4478     4.4514   3.290505   3.290927     2.5302    -0.0617     0.4264    34.8899 4.0450e+02      13961          2  0.000e+00
     91.662     4.4476     4.4513   3.290499   3.290897     2.5302    -0.0617     0.4264    34.8900 4.0450e+02      13962          2  0.000e+00
     91.726     4.4486     4.4508   3.290524   3.290927     2.5302    -0.0617     0.4264    34.8892 4.0450e+02      13963          2  0.000e+00
     91.662     4.4499     4.4502   3.290550   3.290867     2.5314    -0.0422     0.4264    34.8881 4.0450e+02      13964          2  0.000e+00
     91.726     4.4506     4.4495   3.290543   3.290807     2.5302    -0.0422     0.4215    34.8874 4.0450e+02      13965          2  0.000e+00
     91.726     4.4509     4.4492   3.290537   3.290807     2.5302    -0.0422     0.4215    34.8870 4.0450e+02      13966          2  0.000e+00
     91.662     4.4510     4.4491   3.290537   3.290777     2.5302    -0.0422     0.4215    34.8868 4.0450e+02      13967          2  0.000e+00
     91.662     4.4512     4.4494   3.290575   3.290807     2.5314    -0.0422     0.4215    34.8871 4.0450e+02      13968          2  0.000e+00
     91.726     4.4513     4.4501   3.290575   3.290777     2.5314    -0.0422     0.4215    34.8869 4.0450e+02      13969          2  0.000e+00
     91.662     4.4512     4.4505   3.290632   3.290837     2.5314    -0.0422     0.4215    34.8878 4.0450e+02      13970          2  0.000e+00
     91.726     4.4506     4.4507   3.290695   3.290837     2.5302    -0.0422     0.4215    34.8891 4.0450e+02      13971          2  0.000e+00
     91.662     4.4507     4.4511   3.290689   3.290867     2.5302    -0.0422     0.4215    34.8889 4.0450e+02      13972          2  0.000e+00
     60.853     4.8558     4.8480   3.324996   3.324392     2.5657     0.4658     0.4557    34.8801 4.0001e+02      17344          3  0.000e+00
     60.773     4.8550     4.8487   3.324919   3.324332     2.5657     0.4658     0.4557    34.8802 4.0001e+02      17345          3  0.000e+00
     60.909     4.8539     4.8487   3.324881   3.324416     2.5657     0.4658     0.4557    34.8808 4.0001e+02      17346          3  0.000e+00
     60.837     4.8532     4.8477   3.324850   3.324392     2.5657     0.4462     0.4557    34.8812 4.0001e+02      17347          3  0.000e+00
     60.909     4.8532     4.8475   3.324837   3.324386     2.5657     0.4658     0.4557    34.8810 4.0001e+02      17348          3  0.000e+00
     60.717     4.8534     4.8472   3.324856   3.324392     2.5657     0.4658     0.4557    34.8811 4.0001e+02      17349          3  0.000e+00
     60.773     4.8537     4.8466   3.324862   3.324362     2.5657     0.4658     0.4557    34.8809 4.0001e+02      17350          3  0.000e+00
     60.797     4.8539     4.8460   3.324862   3.324326     2.5669     0.4658     0.4557    34.8806 4.0001e+02      17351          3  0.000e+00
     60.773     4.8540     4.8455   3.324850   3.324332     2.5657     0.4658     0.4557    34.8804 4.0001e+02      17352          3  0.000e+00
     60.733     4.8542     4.8453   3.324837   3.324272     2.5657     0.4658     0.4557    34.8800 4.0001e+02      17353          3  0.000e+00
     60.717     4.8537     4.8443   3.324856   3.324260     2.5657     0.4658     0.4557    34.8808 4.0001e+02      17354          3  0.000e+00
     60.773     4.8538     4.8438   3.324869   3.324212     2.5669     0.4658     0.4557    34.8808 4.0001e+02      17355          3  0.000e+00
     60.676     4.8539     4.8433   3.324837   3.324146     2.5669     0.4658     0.4508    34.8804 4.0001e+02      17356          3  0.000e+00
