Ship_data/Irminger/Irminger-5/ctd/process/ar30-03005.ros
* Sea-Bird SBE 9 Data File:
* FileName = D:\Data\ar30-03005.hdr
* Software Version Seasave V 7.23.2
* Temperature SN = 4312
* Conductivity SN = 2148
* Number of Bytes Per Scan = 44
* Number of Voltage Words = 5
* Number of Scans Averaged by the Deck Unit = 1
* NMEA Latitude = 59 56.43 N
* NMEA Longitude = 039 31.38 W
* NMEA UTC (Time) = Jun 08 2018  18:14:14
** Cruise ID: ar30-03
** Chief Sci: Macdonald
** Station #: 005
** Site ID: Irminger 5 SUMO
** ctd cast at surface mooring
# nquan = 13
# nvalues = 1078                                  
# units = specified
# name 0 = prDM: Pressure, Digiquartz [db]
# name 1 = t090C: Temperature [ITS-90, deg C]
# name 2 = t190C: Temperature, 2 [ITS-90, deg C]
# name 3 = c0S/m: Conductivity [S/m]
# name 4 = c1S/m: Conductivity, 2 [S/m]
# name 5 = sbeox0V: Oxygen raw, SBE 43 [V]
# name 6 = flECO-AFL: Fluorescence, WET Labs ECO-AFL/FL [mg/m^3]
# name 7 = turbWETntu0: Turbidity, WET Labs ECO [NTU]
# name 8 = sal00: Salinity, Practical [PSU]
# name 9 = spar: SPAR/Surface Irradiance
# name 10 = scan: Scan Count
# name 11 = nbf: Bottles Fired
# name 12 = flag:  0.000e+00
# interval = seconds: 0.0416667
# start_time = Jun 08 2018 18:17:01 [System UTC, first data scan.]
# bad_flag = -9.990e-29
*END*
   2539.666     1.8796     1.8801   3.166074   3.166055     1.8245    -0.3743     0.3726    34.8850 1.9776e+02      69641          1  0.000e+00
   2539.791     1.8798     1.8801   3.166074   3.166055     1.8245    -0.3743     0.3726    34.8847 1.9551e+02      69642          1  0.000e+00
   2539.750     1.8798     1.8799   3.166074   3.166084     1.8245    -0.3743     0.3726    34.8848 1.9551e+02      69643          1  0.000e+00
   2539.725     1.8798     1.8796   3.166074   3.166084     1.8245    -0.3547     0.3726    34.8848 1.9551e+02      69644          1  0.000e+00
   2539.791     1.8796     1.8797   3.166074   3.166084     1.8245    -0.3743     0.3775    34.8849 1.9551e+02      69645          1  0.000e+00
   2539.858     1.8796     1.8798   3.166074   3.166025     1.8245    -0.3743     0.3824    34.8849 1.9551e+02      69646          1  0.000e+00
   2539.942     1.8794     1.8796   3.166074   3.166002     1.8245    -0.3743     0.3824    34.8850 1.9551e+02      69647          1  0.000e+00
   2539.917     1.8798     1.8799   3.166074   3.166025     1.8245    -0.3743     0.3873    34.8847 1.9551e+02      69648          1  0.000e+00
   2539.917     1.8798     1.8797   3.166093   3.166055     1.8245    -0.3547     0.3824    34.8849 1.9551e+02      69649          1  0.000e+00
   2540.067     1.8796     1.8799   3.166105   3.166031     1.8245    -0.3547     0.3824    34.8852 1.9551e+02      69650          1  0.000e+00
   2540.051     1.8794     1.8797   3.166086   3.166055     1.8245    -0.3547     0.3824    34.8851 1.9551e+02      69651          1  0.000e+00
   2540.051     1.8798     1.8799   3.166093   3.166025     1.8245    -0.3547     0.3824    34.8848 1.9551e+02      69652          1  0.000e+00
   2540.201     1.8801     1.8797   3.166105   3.166061     1.8245    -0.3743     0.3873    34.8846 1.9551e+02      69653          1  0.000e+00
   2540.176     1.8798     1.8795   3.166105   3.166055     1.8245    -0.3547     0.3824    34.8849 1.9551e+02      69654          1  0.000e+00
   2540.234     1.8798     1.8796   3.166086   3.166025     1.8245    -0.3547     0.3873    34.8847 1.9551e+02      69655          1  0.000e+00
   2540.234     1.8799     1.8799   3.166111   3.166025     1.8245    -0.3743     0.3824    34.8848 1.9551e+02      69656          1  0.000e+00
   2540.326     1.8798     1.8801   3.166130   3.166061     1.8245    -0.3547     0.3824    34.8852 1.9551e+02      69657          1  0.000e+00
   2540.368     1.8799     1.8803   3.166093   3.166114     1.8245    -0.3743     0.3824    34.8845 1.9551e+02      69658          1  0.000e+00
   2540.427     1.8799     1.8802   3.166093   3.166114     1.8245    -0.3743     0.3873    34.8845 1.9551e+02      69659          1  0.000e+00
   2540.452     1.8799     1.8801   3.166124   3.166061     1.8245    -0.3547     0.3824    34.8849 1.9551e+02      69660          1  0.000e+00
   2540.560     1.8801     1.8798   3.166111   3.166114     1.8245    -0.3547     0.3824    34.8845 1.9551e+02      69661          1  0.000e+00
   2540.560     1.8801     1.8797   3.166124   3.166055     1.8245    -0.3547     0.3824    34.8846 1.9551e+02      69662          1  0.000e+00
   2540.619     1.8799     1.8796   3.166112   3.166026     1.8245    -0.3743     0.3824    34.8846 1.9551e+02      69663          1  0.000e+00
   2540.644     1.8798     1.8791   3.166143   3.166061     1.8245    -0.3547     0.3824    34.8852 1.9551e+02      69664          1  0.000e+00
   2540.753     1.8799     1.8791   3.166099   3.166026     1.8245    -0.3743     0.3824    34.8844 1.9551e+02      69665          1  0.000e+00
   2540.753     1.8799     1.8795   3.166093   3.166026     1.8245    -0.3547     0.3824    34.8843 1.9551e+02      69666          1  0.000e+00
   2540.836     1.8796     1.8793   3.166087   3.166061     1.8245    -0.3547     0.3873    34.8846 1.9551e+02      69667          1  0.000e+00
   2540.878     1.8798     1.8795   3.166074   3.166055     1.8245    -0.3743     0.3873    34.8842 1.9551e+02      69668          1  0.000e+00
   2540.937     1.8796     1.8793   3.166037   3.166026     1.8245    -0.3547     0.3824    34.8839 1.9551e+02      69669          1  0.000e+00
   2540.937     1.8792     1.8795   3.166037   3.166026     1.8245    -0.3547     0.3775    34.8844 1.9551e+02      69670          1  0.000e+00
   2541.028     1.8793     1.8796   3.166024   3.166061     1.8245    -0.3352     0.3775    34.8840 1.9551e+02      69671          1  0.000e+00
   2541.070     1.8789     1.8795   3.166056   3.166055     1.8245    -0.3547     0.3775    34.8849 1.9551e+02      69672          1  0.000e+00
   2541.129     1.8792     1.8795   3.166056   3.166055     1.8245    -0.3547     0.3775    34.8845 1.9776e+02      69673          1  0.000e+00
   2540.903     1.8790     1.8796   3.166043   3.166061     1.8245    -0.3352     0.3775    34.8846 1.9776e+02      69674          1  0.000e+00
   2541.455     1.8790     1.8798   3.166062   3.166055     1.8245    -0.3547     0.3775    34.8846 1.9776e+02      69675          1  0.000e+00
   2541.262     1.8793     1.8802   3.166037   3.166085     1.8245    -0.3352     0.3775    34.8840 1.9551e+02      69676          1  0.000e+00
   2541.263     1.8794     1.8801   3.166081   3.166085     1.8245    -0.3352     0.3775    34.8845 1.9776e+02      69677          1  0.000e+00
   2541.346     1.8792     1.8799   3.166087   3.166114     1.8245    -0.3352     0.3775    34.8848 1.9776e+02      69678          1  0.000e+00
   2541.388     1.8793     1.8801   3.166074   3.166114     1.8245    -0.3352     0.3775    34.8844 1.9776e+02      69679          1  0.000e+00
   2541.455     1.8792     1.8801   3.166074   3.166085     1.8245    -0.3547     0.3775    34.8846 1.9551e+02      69680          1  0.000e+00
   2541.455     1.8792     1.8801   3.166074   3.166144     1.8245    -0.3352     0.3775    34.8846 1.9776e+02      69681          1  0.000e+00
   2541.472     1.8792     1.8799   3.166093   3.166114     1.8245    -0.3547     0.3775    34.8848 1.9551e+02      69682          1  0.000e+00
   2541.639     1.8792     1.8801   3.166087   3.166114     1.8245    -0.3547     0.3775    34.8847 1.9551e+02      69683          1  0.000e+00
   2541.513     1.8790     1.8797   3.166056   3.166114     1.8245    -0.3352     0.3775    34.8845 1.9776e+02      69684          1  0.000e+00
   2541.639     1.8790     1.8799   3.166043   3.166138     1.8245    -0.3547     0.3775    34.8843 1.9776e+02      69685          1  0.000e+00
   2541.664     1.8790     1.8801   3.166043   3.166085     1.8245    -0.3547     0.3775    34.8843 1.9776e+02      69686          1  0.000e+00
   2541.706     1.8789     1.8799   3.166087   3.166114     1.8245    -0.3352     0.3775    34.8850 1.9776e+02      69687          1  0.000e+00
   2541.772     1.8792     1.8799   3.166106   3.166114     1.8245    -0.3547     0.3775    34.8848 1.9776e+02      69688          1  0.000e+00
   2541.797     1.8790     1.8798   3.166081   3.166138     1.8245    -0.3352     0.3775    34.8847 1.9776e+02      69689          1  0.000e+00
   2031.469     3.0943     3.0943   3.254970   3.254958     1.8878    -0.3547     0.3629    34.9108 2.0899e+02      85250          2  0.000e+00
   2031.536     3.0943     3.0943   3.254989   3.254964     1.8890    -0.3352     0.3629    34.9110 2.1124e+02      85251          2  0.000e+00
   2031.453     3.0944     3.0941   3.254982   3.254964     1.8878    -0.3352     0.3629    34.9108 2.0899e+02      85252          2  0.000e+00
   2031.594     3.0943     3.0943   3.254970   3.254964     1.8878    -0.3352     0.3629    34.9107 2.0899e+02      85253          2  0.000e+00
   2031.469     3.0944     3.0944   3.255020   3.254988     1.8878    -0.3547     0.3629    34.9112 2.0899e+02      85254          2  0.000e+00
   2031.594     3.0946     3.0941   3.255014   3.254964     1.8878    -0.3352     0.3629    34.9109 2.0899e+02      85255          2  0.000e+00
   2031.453     3.0944     3.0946   3.255001   3.254994     1.8878    -0.3352     0.3629    34.9110 2.1124e+02      85256          2  0.000e+00
   2031.469     3.0946     3.0944   3.255026   3.254964     1.8878    -0.3352     0.3629    34.9111 2.1124e+02      85257          2  0.000e+00
   2031.536     3.0947     3.0946   3.255014   3.254928     1.8878    -0.3352     0.3629    34.9108 2.1124e+02      85258          2  0.000e+00
   2031.470     3.0946     3.0946   3.255045   3.254994     1.8878    -0.3547     0.3629    34.9113 2.1124e+02      85259          2  0.000e+00
   2031.453     3.0947     3.0949   3.255064   3.255024     1.8878    -0.3352     0.3629    34.9114 2.1124e+02      85260          2  0.000e+00
   2031.412     3.0951     3.0946   3.255045   3.254988     1.8878    -0.3352     0.3629    34.9109 2.0899e+02      85261          2  0.000e+00
   2031.412     3.0951     3.0949   3.255033   3.254994     1.8878    -0.3352     0.3629    34.9107 2.1124e+02      85262          2  0.000e+00
   2031.395     3.0952     3.0949   3.255033   3.255024     1.8878    -0.3352     0.3629    34.9105 2.1124e+02      85263          2  0.000e+00
   2031.412     3.0951     3.0949   3.255039   3.254994     1.8878    -0.3352     0.3629    34.9108 2.1124e+02      85264          2  0.000e+00
   2031.345     3.0949     3.0951   3.255033   3.254958     1.8878    -0.3547     0.3629    34.9109 2.1124e+02      85265          2  0.000e+00
   2031.287     3.0952     3.0951   3.255033   3.254994     1.8878    -0.3547     0.3629    34.9106 2.1124e+02      85266          2  0.000e+00
   2031.329     3.0951     3.0955   3.255058   3.254994     1.8878    -0.3352     0.3629    34.9110 2.1124e+02      85267          2  0.000e+00
   2031.346     3.0952     3.0954   3.255064   3.255024     1.8878    -0.3547     0.3629    34.9109 2.1124e+02      85268          2  0.000e+00
   2031.221     3.0951     3.0954   3.255045   3.255018     1.8878    -0.3743     0.3629    34.9109 2.0899e+02      85269          2  0.000e+00
   2031.221     3.0951     3.0954   3.255039   3.254994     1.8878    -0.3743     0.3580    34.9109 2.1124e+02      85270          2  0.000e+00
   2031.205     3.0952     3.0955   3.255033   3.255053     1.8878    -0.3938     0.3580    34.9106 2.1124e+02      85271          2  0.000e+00
   2031.155     3.0952     3.0953   3.255014   3.255053     1.8878    -0.3743     0.3580    34.9104 2.1124e+02      85272          2  0.000e+00
   2031.155     3.0951     3.0953   3.255045   3.255077     1.8878    -0.3938     0.3580    34.9110 2.1124e+02      85273          2  0.000e+00
   2031.097     3.0952     3.0951   3.255045   3.255053     1.8878    -0.3938     0.3580    34.9108 2.1124e+02      85274          2  0.000e+00
   2031.081     3.0951     3.0952   3.255033   3.255024     1.8878    -0.3938     0.3580    34.9109 2.1124e+02      85275          2  0.000e+00
   2031.031     3.0951     3.0954   3.255039   3.255023     1.8878    -0.3743     0.3580    34.9110 2.1124e+02      85276          2  0.000e+00
   2031.031     3.0951     3.0953   3.255033   3.255047     1.8878    -0.3938     0.3580    34.9109 2.1124e+02      85277          2  0.000e+00
   2030.973     3.0952     3.0954   3.255014   3.254994     1.8878    -0.3938     0.3580    34.9105 2.1124e+02      85278          2  0.000e+00
   2030.890     3.0952     3.0954   3.255026   3.254964     1.8878    -0.3938     0.3580    34.9107 2.1124e+02      85279          2  0.000e+00
   2030.907     3.0952     3.0954   3.255014   3.255017     1.8878    -0.3938     0.3580    34.9106 2.1124e+02      85280          2  0.000e+00
   2030.783     3.0952     3.0953   3.255026   3.254994     1.8878    -0.3743     0.3580    34.9108 2.1124e+02      85281          2  0.000e+00
   2030.890     3.0952     3.0954   3.255039   3.255023     1.8878    -0.3743     0.3580    34.9109 2.1124e+02      85282          2  0.000e+00
   2030.783     3.0951     3.0955   3.255033   3.254994     1.8878    -0.3743     0.3580    34.9110 2.1124e+02      85283          2  0.000e+00
   2030.716     3.0952     3.0953   3.255058   3.255047     1.8878    -0.3743     0.3580    34.9112 2.1124e+02      85284          2  0.000e+00
   2030.716     3.0951     3.0953   3.255045   3.255023     1.8878    -0.3938     0.3580    34.9112 2.1124e+02      85285          2  0.000e+00
   2030.642     3.0954     3.0954   3.255014   3.255053     1.8878    -0.3938     0.3580    34.9105 2.1124e+02      85286          2  0.000e+00
   2030.658     3.0951     3.0954   3.255051   3.254994     1.8878    -0.3743     0.3580    34.9113 2.1124e+02      85287          2  0.000e+00
   2030.534     3.0952     3.0954   3.255020   3.255047     1.8878    -0.3938     0.3580    34.9108 2.1124e+02      85288          2  0.000e+00
   2030.534     3.0952     3.0956   3.255020   3.255023     1.8878    -0.3743     0.3580    34.9108 2.1124e+02      85289          2  0.000e+00
   2030.451     3.0952     3.0956   3.255014   3.255023     1.8878    -0.3938     0.3580    34.9108 2.1124e+02      85290          2  0.000e+00
   2030.468     3.0951     3.0954   3.255045   3.255023     1.8878    -0.3938     0.3580    34.9113 2.1124e+02      85291          2  0.000e+00
   2030.344     3.0954     3.0954   3.255020   3.255017     1.8878    -0.3938     0.3580    34.9107 2.1349e+02      85292          2  0.000e+00
   2030.385     3.0952     3.0956   3.254982   3.255023     1.8878    -0.3743     0.3580    34.9104 2.1124e+02      85293          2  0.000e+00
   2030.278     3.0952     3.0954   3.255013   3.254993     1.8878    -0.3743     0.3580    34.9109 2.1124e+02      85294          2  0.000e+00
   2030.220     3.0951     3.0955   3.255013   3.255023     1.8890    -0.3743     0.3580    34.9110 2.1124e+02      85295          2  0.000e+00
   2030.220     3.0952     3.0954   3.255001   3.255017     1.8878    -0.3743     0.3580    34.9107 2.1124e+02      85296          2  0.000e+00
   2030.137     3.0952     3.0954   3.255007   3.254993     1.8878    -0.3547     0.3580    34.9108 2.1124e+02      85297          2  0.000e+00
   2030.095     3.0952     3.0956   3.255001   3.255053     1.8878    -0.3547     0.3580    34.9108 2.1349e+02      85298          2  0.000e+00
   1726.768     3.4869     3.4879   3.277416   3.277557     1.9599    -0.3547     0.3629    34.9106 2.0450e+02      95126          3  0.000e+00
   1726.703     3.4868     3.4880   3.277403   3.277527     1.9599    -0.3547     0.3629    34.9106 2.0450e+02      95127          3  0.000e+00
   1726.909     3.4866     3.4879   3.277384   3.277527     1.9599    -0.3547     0.3629    34.9105 2.0450e+02      95128          3  0.000e+00
   1726.703     3.4866     3.4883   3.277397   3.277527     1.9599    -0.3547     0.3580    34.9108 2.0450e+02      95129          3  0.000e+00
   1726.769     3.4866     3.4882   3.277403   3.277527     1.9599    -0.3547     0.3580    34.9108 2.0450e+02      95130          3  0.000e+00
   1726.826     3.4866     3.4886   3.277365   3.277557     1.9611    -0.3743     0.3629    34.9103 2.0450e+02      95131          3  0.000e+00
   1726.843     3.4868     3.4889   3.277384   3.277557     1.9599    -0.3547     0.3580    34.9103 2.0450e+02      95132          3  0.000e+00
   1726.826     3.4868     3.4886   3.277384   3.277527     1.9599    -0.3743     0.3580    34.9103 2.0450e+02      95133          3  0.000e+00
   1726.826     3.4866     3.4884   3.277397   3.277587     1.9599    -0.3743     0.3580    34.9107 2.0450e+02      95134          3  0.000e+00
   1726.843     3.4868     3.4886   3.277384   3.277557     1.9599    -0.3743     0.3580    34.9103 2.0450e+02      95135          3  0.000e+00
   1726.892     3.4868     3.4884   3.277359   3.277527     1.9599    -0.3743     0.3580    34.9100 2.0450e+02      95136          3  0.000e+00
   1726.826     3.4869     3.4881   3.277346   3.277527     1.9599    -0.3743     0.3580    34.9098 2.0450e+02      95137          3  0.000e+00
   1726.827     3.4868     3.4882   3.277365   3.277497     1.9599    -0.3743     0.3580    34.9101 2.0450e+02      95138          3  0.000e+00
