Ship_data/Irminger/Irminger-5/ctd/process/ar30-03004.ros
* Sea-Bird SBE 9 Data File:
* FileName = D:\Data\ar30-03004.hdr
* Software Version Seasave V 7.23.2
* Temperature SN = 4230
* Conductivity SN = 2148
* Number of Bytes Per Scan = 44
* Number of Voltage Words = 5
* Number of Scans Averaged by the Deck Unit = 1
* NMEA Latitude = 60 38.27 N
* NMEA Longitude = 036 30.62 W
* NMEA UTC (Time) = Jun 07 2018  15:13:41
** Cruise ID: ar30-03
** Chief Sci: Macdonald
** Station #: 004
** Site ID: Irminger 5 OSNAP caldip2
** cast with 15 microcats attached
# nquan = 13
# nvalues = 588                                   
# units = specified
# name 0 = prDM: Pressure, Digiquartz [db]
# name 1 = t090C: Temperature [ITS-90, deg C]
# name 2 = t190C: Temperature, 2 [ITS-90, deg C]
# name 3 = c0S/m: Conductivity [S/m]
# name 4 = c1S/m: Conductivity, 2 [S/m]
# name 5 = sbeox0V: Oxygen raw, SBE 43 [V]
# name 6 = flECO-AFL: Fluorescence, WET Labs ECO-AFL/FL [mg/m^3]
# name 7 = turbWETntu0: Turbidity, WET Labs ECO [NTU]
# name 8 = sal00: Salinity, Practical [PSU]
# name 9 = spar: SPAR/Surface Irradiance
# name 10 = scan: Scan Count
# name 11 = nbf: Bottles Fired
# name 12 = flag:  0.000e+00
# interval = seconds: 0.0416667
# start_time = Jun 07 2018 15:13:41 [System UTC, first data scan.]
# bad_flag = -9.990e-29
*END*
   2539.674     2.9094     2.9105   3.260219   3.260267     1.7665    -0.3743     0.3482    34.9292 8.0001e+02      73971          1  0.000e+00
   2539.632     2.9093     2.9105   3.260207   3.260267     1.7665    -0.3547     0.3482    34.9292 8.0001e+02      73972          1  0.000e+00
   2539.607     2.9091     2.9107   3.260244   3.260267     1.7665    -0.3743     0.3482    34.9299 8.0001e+02      73973          1  0.000e+00
   2539.674     2.9093     2.9105   3.260226   3.260267     1.7665    -0.3743     0.3482    34.9294 8.0001e+02      73974          1  0.000e+00
   2539.565     2.9093     2.9105   3.260244   3.260225     1.7665    -0.3743     0.3482    34.9297 8.0226e+02      73975          1  0.000e+00
   2539.540     2.9093     2.9105   3.260219   3.260267     1.7665    -0.3938     0.3482    34.9294 8.0226e+02      73976          1  0.000e+00
   2539.607     2.9091     2.9110   3.260251   3.260237     1.7665    -0.3743     0.3531    34.9299 8.0226e+02      73977          1  0.000e+00
   2539.499     2.9093     2.9108   3.260263   3.260267     1.7665    -0.3938     0.3482    34.9300 8.0226e+02      73978          1  0.000e+00
   2539.482     2.9091     2.9108   3.260251   3.260267     1.7665    -0.3938     0.3531    34.9300 8.0226e+02      73979          1  0.000e+00
   2539.540     2.9091     2.9107   3.260251   3.260267     1.7665    -0.3938     0.3531    34.9300 8.0226e+02      73980          1  0.000e+00
   2539.440     2.9093     2.9108   3.260226   3.260297     1.7665    -0.3938     0.3531    34.9296 8.0226e+02      73981          1  0.000e+00
   2539.482     2.9093     2.9108   3.260226   3.260267     1.7665    -0.3743     0.3482    34.9295 8.0001e+02      73982          1  0.000e+00
   2539.415     2.9091     2.9108   3.260238   3.260225     1.7665    -0.3938     0.3531    34.9299 8.0226e+02      73983          1  0.000e+00
   2539.440     2.9093     2.9105   3.260238   3.260267     1.7665    -0.3938     0.3531    34.9297 8.0226e+02      73984          1  0.000e+00
   2539.415     2.9091     2.9108   3.260257   3.260297     1.7665    -0.3938     0.3531    34.9301 8.0226e+02      73985          1  0.000e+00
   2539.348     2.9091     2.9108   3.260244   3.260237     1.7665    -0.3938     0.3531    34.9300 8.0226e+02      73986          1  0.000e+00
   2539.373     2.9093     2.9107   3.260257   3.260297     1.7665    -0.3743     0.3482    34.9300 8.0226e+02      73987          1  0.000e+00
   2539.348     2.9094     2.9108   3.260244   3.260267     1.7665    -0.3743     0.3482    34.9297 8.0226e+02      73988          1  0.000e+00
   2539.307     2.9093     2.9107   3.260257   3.260267     1.7665    -0.3743     0.3482    34.9300 8.0451e+02      73989          1  0.000e+00
   2539.290     2.9091     2.9107   3.260244   3.260267     1.7665    -0.3938     0.3482    34.9300 8.0226e+02      73990          1  0.000e+00
   2539.290     2.9093     2.9107   3.260270   3.260255     1.7665    -0.3743     0.3482    34.9302 8.0226e+02      73991          1  0.000e+00
   2539.248     2.9094     2.9108   3.260257   3.260267     1.7665    -0.3938     0.3531    34.9298 8.0451e+02      73992          1  0.000e+00
   2539.290     2.9093     2.9108   3.260276   3.260267     1.7665    -0.3938     0.3482    34.9302 8.0451e+02      73993          1  0.000e+00
   2539.223     2.9094     2.9107   3.260257   3.260237     1.7665    -0.3743     0.3482    34.9299 8.0226e+02      73994          1  0.000e+00
   2539.248     2.9093     2.9108   3.260251   3.260267     1.7665    -0.3938     0.3482    34.9299 8.0451e+02      73995          1  0.000e+00
   2539.156     2.9093     2.9108   3.260263   3.260267     1.7665    -0.3743     0.3482    34.9301 8.0451e+02      73996          1  0.000e+00
   2539.156     2.9091     2.9108   3.260263   3.260297     1.7665    -0.3743     0.3482    34.9303 8.0451e+02      73997          1  0.000e+00
   2539.181     2.9093     2.9105   3.260251   3.260237     1.7665    -0.3938     0.3531    34.9300 8.0451e+02      73998          1  0.000e+00
   2539.156     2.9094     2.9110   3.260238   3.260285     1.7665    -0.3938     0.3482    34.9297 8.0226e+02      73999          1  0.000e+00
   2539.156     2.9094     2.9105   3.260238   3.260267     1.7665    -0.3743     0.3482    34.9297 8.0451e+02      74000          1  0.000e+00
   2539.115     2.9093     2.9105   3.260251   3.260237     1.7665    -0.3938     0.3531    34.9300 8.0451e+02      74001          1  0.000e+00
   2539.098     2.9093     2.9107   3.260251   3.260237     1.7665    -0.3938     0.3482    34.9300 8.0451e+02      74002          1  0.000e+00
   2539.098     2.9094     2.9105   3.260213   3.260237     1.7665    -0.3743     0.3482    34.9294 8.0451e+02      74003          1  0.000e+00
   2539.056     2.9093     2.9105   3.260219   3.260237     1.7665    -0.3743     0.3482    34.9297 8.0451e+02      74004          1  0.000e+00
   2539.098     2.9094     2.9105   3.260238   3.260267     1.7665    -0.3743     0.3482    34.9297 8.0675e+02      74005          1  0.000e+00
   2539.031     2.9093     2.9105   3.260251   3.260237     1.7665    -0.3743     0.3482    34.9300 8.0451e+02      74006          1  0.000e+00
   2539.056     2.9093     2.9107   3.260251   3.260255     1.7665    -0.3743     0.3482    34.9300 8.0451e+02      74007          1  0.000e+00
   2538.973     2.9094     2.9105   3.260251   3.260237     1.7665    -0.3938     0.3482    34.9299 8.0675e+02      74008          1  0.000e+00
   2539.031     2.9093     2.9105   3.260251   3.260267     1.7665    -0.3743     0.3482    34.9300 8.0675e+02      74009          1  0.000e+00
   2538.990     2.9091     2.9105   3.260213   3.260177     1.7665    -0.3938     0.3482    34.9298 8.0675e+02      74010          1  0.000e+00
   2538.973     2.9096     2.9103   3.260232   3.260267     1.7665    -0.3938     0.3482    34.9295 8.0675e+02      74011          1  0.000e+00
   2538.973     2.9094     2.9108   3.260238   3.260237     1.7665    -0.3938     0.3482    34.9297 8.0675e+02      74012          1  0.000e+00
   2538.990     2.9091     2.9105   3.260257   3.260207     1.7665    -0.3938     0.3482    34.9303 8.0675e+02      74013          1  0.000e+00
   2538.906     2.9093     2.9105   3.260263   3.260237     1.7665    -0.3743     0.3482    34.9303 8.0675e+02      74014          1  0.000e+00
   2538.973     2.9094     2.9107   3.260251   3.260225     1.7665    -0.3743     0.3482    34.9299 8.0675e+02      74015          1  0.000e+00
   2538.923     2.9094     2.9105   3.260276   3.260207     1.7665    -0.3938     0.3531    34.9302 8.0675e+02      74016          1  0.000e+00
   2538.906     2.9096     2.9105   3.260232   3.260267     1.7665    -0.3743     0.3482    34.9295 8.0451e+02      74017          1  0.000e+00
   2538.923     2.9096     2.9105   3.260244   3.260207     1.7665    -0.3938     0.3433    34.9297 8.0675e+02      74018          1  0.000e+00
   2538.839     2.9096     2.9107   3.260257   3.260326     1.7665    -0.3938     0.3531    34.9299 8.0675e+02      74019          1  0.000e+00
   2283.508     3.0904     3.0914   3.266781   3.266770     1.8108    -0.3938     0.3531    34.9360 9.6631e+02      88423          2  0.000e+00
   2283.408     3.0905     3.0914   3.266762   3.266710     1.8108    -0.3938     0.3531    34.9357 9.6631e+02      88424          2  0.000e+00
   2283.350     3.0903     3.0914   3.266755   3.266770     1.8108    -0.3743     0.3531    34.9358 9.6631e+02      88425          2  0.000e+00
   2283.383     3.0904     3.0913   3.266762   3.266740     1.8108    -0.3938     0.3531    34.9359 9.6631e+02      88426          2  0.000e+00
   2283.159     3.0905     3.0916   3.266755   3.266740     1.8108    -0.3743     0.3531    34.9358 9.6855e+02      88427          2  0.000e+00
   2283.225     3.0904     3.0913   3.266755   3.266680     1.8108    -0.3938     0.3531    34.9359 9.6855e+02      88428          2  0.000e+00
   2283.126     3.0905     3.0917   3.266780   3.266740     1.8108    -0.3938     0.3580    34.9361 9.7080e+02      88429          2  0.000e+00
   2283.159     3.0907     3.0913   3.266762   3.266740     1.8108    -0.3938     0.3580    34.9357 9.7080e+02      88430          2  0.000e+00
   2283.034     3.0904     3.0913   3.266755   3.266710     1.8108    -0.3938     0.3580    34.9359 9.7080e+02      88431          2  0.000e+00
   2282.943     3.0904     3.0914   3.266730   3.266770     1.8108    -0.3938     0.3531    34.9357 9.7080e+02      88432          2  0.000e+00
   2282.968     3.0903     3.0913   3.266724   3.266740     1.8108    -0.3938     0.3531    34.9357 9.7305e+02      88433          2  0.000e+00
   2282.685     3.0905     3.0914   3.266730   3.266740     1.8108    -0.3938     0.3531    34.9357 9.7305e+02      88434          2  0.000e+00
   2283.034     3.0904     3.0916   3.266724   3.266710     1.8108    -0.3743     0.3580    34.9356 9.7530e+02      88435          2  0.000e+00
   2282.776     3.0903     3.0916   3.266724   3.266740     1.8109    -0.3743     0.3531    34.9357 9.7305e+02      88436          2  0.000e+00
   2282.751     3.0904     3.0913   3.266711   3.266770     1.8109    -0.3547     0.3580    34.9355 9.7305e+02      88437          2  0.000e+00
   2282.651     3.0904     3.0914   3.266711   3.266752     1.8109    -0.3547     0.3531    34.9356 9.7530e+02      88438          2  0.000e+00
   2282.651     3.0904     3.0913   3.266724   3.266710     1.8109    -0.3743     0.3580    34.9357 9.7530e+02      88439          2  0.000e+00
   2282.560     3.0905     3.0914   3.266711   3.266740     1.8109    -0.3743     0.3580    34.9355 9.7530e+02      88440          2  0.000e+00
   2282.527     3.0904     3.0914   3.266711   3.266680     1.8109    -0.3743     0.3531    34.9357 9.7754e+02      88441          2  0.000e+00
   2282.211     3.0904     3.0914   3.266686   3.266710     1.8109    -0.3547     0.3580    34.9355 9.7530e+02      88442          2  0.000e+00
   2282.618     3.0904     3.0914   3.266705   3.266710     1.8109    -0.3743     0.3580    34.9355 9.7754e+02      88443          2  0.000e+00
   2282.402     3.0903     3.0913   3.266686   3.266710     1.8109    -0.3743     0.3531    34.9355 9.7754e+02      88444          2  0.000e+00
   2282.277     3.0902     3.0913   3.266692   3.266739     1.8109    -0.3547     0.3531    34.9357 9.7754e+02      88445          2  0.000e+00
   2282.302     3.0904     3.0914   3.266692   3.266710     1.8109    -0.3743     0.3580    34.9355 9.7754e+02      88446          2  0.000e+00
   2282.211     3.0904     3.0912   3.266692   3.266680     1.8109    -0.3743     0.3531    34.9356 9.7979e+02      88447          2  0.000e+00
   2282.119     3.0903     3.0913   3.266698   3.266710     1.8109    -0.3547     0.3580    34.9357 9.7979e+02      88448          2  0.000e+00
   2282.144     3.0904     3.0913   3.266692   3.266710     1.8109    -0.3743     0.3531    34.9356 9.7979e+02      88449          2  0.000e+00
   2282.019     3.0904     3.0911   3.266717   3.266680     1.8121    -0.3743     0.3531    34.9360 9.7979e+02      88450          2  0.000e+00
   2282.053     3.0905     3.0912   3.266692   3.266650     1.8109    -0.3547     0.3531    34.9355 9.8204e+02      88451          2  0.000e+00
   2281.961     3.0905     3.0911   3.266679   3.266680     1.8121    -0.3547     0.3531    34.9354 9.7979e+02      88452          2  0.000e+00
   2281.961     3.0904     3.0913   3.266692   3.266680     1.8109    -0.3743     0.3531    34.9357 9.7979e+02      88453          2  0.000e+00
   2281.861     3.0904     3.0916   3.266692   3.266710     1.8109    -0.3743     0.3531    34.9357 9.7979e+02      88454          2  0.000e+00
   2281.828     3.0903     3.0911   3.266679   3.266680     1.8109    -0.3743     0.3531    34.9357 9.8204e+02      88455          2  0.000e+00
   2281.612     3.0905     3.0910   3.266692   3.266709     1.8109    -0.3743     0.3531    34.9357 9.8204e+02      88456          2  0.000e+00
   2281.961     3.0904     3.0911   3.266692   3.266692     1.8109    -0.3743     0.3531    34.9357 9.8204e+02      88457          2  0.000e+00
   2281.703     3.0904     3.0911   3.266654   3.266680     1.8109    -0.3743     0.3531    34.9354 9.8204e+02      88458          2  0.000e+00
   2281.670     3.0902     3.0913   3.266704   3.266680     1.8121    -0.3547     0.3580    34.9362 9.8428e+02      88459          2  0.000e+00
   2281.637     3.0904     3.0912   3.266679   3.266650     1.8121    -0.3547     0.3531    34.9357 9.8204e+02      88460          2  0.000e+00
   2281.637     3.0902     3.0911   3.266648   3.266680     1.8109    -0.3352     0.3531    34.9355 9.8204e+02      88461          2  0.000e+00
   2281.545     3.0905     3.0911   3.266679   3.266680     1.8121    -0.3352     0.3580    34.9356 9.8204e+02      88462          2  0.000e+00
   2281.512     3.0901     3.0910   3.266673   3.266650     1.8109    -0.3352     0.3580    34.9360 9.8428e+02      88463          2  0.000e+00
   2281.479     3.0902     3.0911   3.266685   3.266680     1.8121    -0.3547     0.3531    34.9360 9.8204e+02      88464          2  0.000e+00
   2281.454     3.0902     3.0910   3.266673   3.266650     1.8121    -0.3547     0.3531    34.9359 9.8204e+02      88465          2  0.000e+00
   2281.454     3.0902     3.0913   3.266666   3.266680     1.8121    -0.3352     0.3531    34.9359 9.8204e+02      88466          2  0.000e+00
   2281.421     3.0904     3.0911   3.266654   3.266620     1.8121    -0.3352     0.3580    34.9355 9.8204e+02      88467          2  0.000e+00
   2281.387     3.0904     3.0911   3.266654   3.266650     1.8109    -0.3547     0.3531    34.9355 9.8204e+02      88468          2  0.000e+00
   2281.321     3.0901     3.0910   3.266666   3.266679     1.8109    -0.3547     0.3531    34.9360 9.8204e+02      88469          2  0.000e+00
   2281.354     3.0902     3.0910   3.266673   3.266650     1.8109    -0.3547     0.3531    34.9360 9.8204e+02      88470          2  0.000e+00
   2281.321     3.0902     3.0911   3.266679   3.266650     1.8109    -0.3352     0.3580    34.9360 9.8428e+02      88471          2  0.000e+00
   2029.362     3.2699     3.2701   3.272514   3.272483     1.8627    -0.3547     0.3580    34.9353 7.6855e+02     103264          3  0.000e+00
   2029.320     3.2702     3.2702   3.272470   3.272483     1.8627    -0.3547     0.3580    34.9345 7.6855e+02     103265          3  0.000e+00
   2029.444     3.2699     3.2702   3.272502   3.272501     1.8627    -0.3547     0.3531    34.9351 7.6855e+02     103266          3  0.000e+00
   2029.552     3.2699     3.2701   3.272521   3.272483     1.8615    -0.3547     0.3580    34.9353 7.6855e+02     103267          3  0.000e+00
   2029.320     3.2701     3.2702   3.272521   3.272453     1.8627    -0.3743     0.3531    34.9353 7.6855e+02     103268          3  0.000e+00
   2029.445     3.2704     3.2704   3.272527   3.272513     1.8627    -0.3547     0.3580    34.9349 7.7080e+02     103269          3  0.000e+00
   2029.362     3.2704     3.2702   3.272502   3.272483     1.8627    -0.3547     0.3580    34.9347 7.7080e+02     103270          3  0.000e+00
   2029.445     3.2702     3.2702   3.272552   3.272471     1.8627    -0.3743     0.3531    34.9354 7.7080e+02     103271          3  0.000e+00
   2029.445     3.2702     3.2704   3.272540   3.272483     1.8627    -0.3547     0.3580    34.9353 7.7080e+02     103272          3  0.000e+00
   2029.428     3.2704     3.2702   3.272527   3.272483     1.8627    -0.3547     0.3580    34.9349 7.7304e+02     103273          3  0.000e+00
   2029.387     3.2704     3.2702   3.272527   3.272483     1.8627    -0.3547     0.3580    34.9350 7.7304e+02     103274          3  0.000e+00
   2029.387     3.2702     3.2705   3.272540   3.272483     1.8627    -0.3547     0.3531    34.9353 7.7304e+02     103275          3  0.000e+00
   2029.428     3.2705     3.2704   3.272546   3.272531     1.8627    -0.3743     0.3580    34.9350 7.7304e+02     103276          3  0.000e+00
