Ship_data/Irminger/Irminger-5/ctd/process/ar30-03018.ros
* Sea-Bird SBE 9 Data File:
* FileName = D:\Data\ar30-03018.hdr
* Software Version Seasave V 7.23.2
* Temperature SN = 4312
* Conductivity SN = 2148
* Number of Bytes Per Scan = 44
* Number of Voltage Words = 5
* Number of Scans Averaged by the Deck Unit = 1
* NMEA Latitude = 59 52.87 N
* NMEA Longitude = 040 53.94 W
* NMEA UTC (Time) = Jun 18 2018  16:05:20
** Cruise ID: ar30-03
** Chief Sci: Macdonald
** Station #: 018
** Site ID: Irminger 5 OSNAP C12
** Cast at OSNAP site C12 between M1 and M2 moorings
# nquan = 13
# nvalues = 735                                   
# units = specified
# name 0 = prDM: Pressure, Digiquartz [db]
# name 1 = t090C: Temperature [ITS-90, deg C]
# name 2 = t190C: Temperature, 2 [ITS-90, deg C]
# name 3 = c0S/m: Conductivity [S/m]
# name 4 = c1S/m: Conductivity, 2 [S/m]
# name 5 = sbeox0V: Oxygen raw, SBE 43 [V]
# name 6 = flECO-AFL: Fluorescence, WET Labs ECO-AFL/FL [mg/m^3]
# name 7 = turbWETntu0: Turbidity, WET Labs ECO [NTU]
# name 8 = sal00: Salinity, Practical [PSU]
# name 9 = spar: SPAR/Surface Irradiance
# name 10 = scan: Scan Count
# name 11 = nbf: Bottles Fired
# name 12 = flag:  0.000e+00
# interval = seconds: 0.0416667
# start_time = Jun 18 2018 16:05:20 [System UTC, first data scan.]
# bad_flag = -9.990e-29
*END*
[from data line 556]
     49.770     5.6241     5.6260   3.396308   3.396576     2.5695     0.2118     0.4313    34.9059 7.7529e+02     155903         12  0.000e+00
     49.770     5.6245     5.6259   3.396353   3.396631     2.5695     0.2118     0.4313    34.9061 7.7304e+02     155904         12  0.000e+00
     49.770     5.6245     5.6258   3.396353   3.396606     2.5695     0.2118     0.4313    34.9061 7.7529e+02     155905         12  0.000e+00
     49.737     5.6245     5.6259   3.396340   3.396661     2.5695     0.2118     0.4313    34.9060 7.7529e+02     155906         12  0.000e+00
     49.770     5.6247     5.6257   3.396379   3.396667     2.5707     0.2118     0.4313    34.9062 7.7529e+02     155907         12  0.000e+00
     49.649     5.6245     5.6259   3.396379   3.396606     2.5695     0.2118     0.4313    34.9064 7.7754e+02     155908         12  0.000e+00
     49.713     5.6248     5.6259   3.396372   3.396630     2.5707     0.2118     0.4313    34.9060 7.7754e+02     155909         12  0.000e+00
     49.713     5.6247     5.6262   3.396391   3.396606     2.5707     0.2118     0.4313    34.9063 7.7754e+02     155910         12  0.000e+00
     49.649     5.6248     5.6262   3.396398   3.396600     2.5695     0.2118     0.4313    34.9063 7.7754e+02     155911         12  0.000e+00
     49.649     5.6250     5.6264   3.396398   3.396667     2.5695     0.2118     0.4313    34.9061 7.7754e+02     155912         12  0.000e+00
     49.649     5.6253     5.6264   3.396398   3.396630     2.5695     0.2118     0.4313    34.9058 7.7754e+02     155913         12  0.000e+00
     49.625     5.6253     5.6264   3.396417   3.396667     2.5695     0.2118     0.4313    34.9060 7.7979e+02     155914         12  0.000e+00
     49.593     5.6254     5.6265   3.396430   3.396667     2.5695     0.2118     0.4313    34.9061 7.7979e+02     155915         12  0.000e+00
     49.593     5.6256     5.6266   3.396449   3.396630     2.5707     0.2313     0.4361    34.9061 7.7979e+02     155916         12  0.000e+00
     49.593     5.6260     5.6267   3.396481   3.396667     2.5707     0.2509     0.4361    34.9061 7.7979e+02     155917         12  0.000e+00
     49.593     5.6259     5.6267   3.396513   3.396697     2.5695     0.2509     0.4361    34.9065 7.8203e+02     155918         12  0.000e+00
     49.537     5.6262     5.6267   3.396526   3.396667     2.5695     0.2509     0.4361    34.9063 7.8203e+02     155919         12  0.000e+00
     49.537     5.6262     5.6269   3.396526   3.396667     2.5707     0.2509     0.4361    34.9063 7.8203e+02     155920         12  0.000e+00
     49.561     5.6261     5.6267   3.396526   3.396697     2.5707     0.2509     0.4361    34.9065 7.8203e+02     155921         12  0.000e+00
     49.537     5.6264     5.6267   3.396526   3.396667     2.5707     0.2509     0.4361    34.9061 7.8203e+02     155922         12  0.000e+00
     49.473     5.6268     5.6268   3.396564   3.396727     2.5695     0.2509     0.4361    34.9063 7.8428e+02     155923         12  0.000e+00
     49.473     5.6268     5.6267   3.396564   3.396697     2.5707     0.2509     0.4361    34.9063 7.8203e+02     155924         12  0.000e+00
     49.537     5.6268     5.6267   3.396570   3.396697     2.5695     0.2509     0.4361    34.9063 7.8428e+02     155925         12  0.000e+00
     49.473     5.6269     5.6269   3.396583   3.396697     2.5707     0.2509     0.4361    34.9063 7.8428e+02     155926         12  0.000e+00
     49.473     5.6269     5.6272   3.396583   3.396764     2.5707     0.2509     0.4361    34.9063 7.8428e+02     155927         12  0.000e+00
     49.417     5.6268     5.6272   3.396564   3.396727     2.5695     0.2509     0.4361    34.9063 7.8428e+02     155928         12  0.000e+00
     49.505     5.6268     5.6280   3.396551   3.396764     2.5695     0.2509     0.4361    34.9061 7.8428e+02     155929         12  0.000e+00
     49.417     5.6266     5.6280   3.396551   3.396727     2.5695     0.2509     0.4361    34.9063 7.8653e+02     155930         12  0.000e+00
     49.417     5.6268     5.6286   3.396570   3.396818     2.5695     0.2509     0.4361    34.9064 7.8653e+02     155931         12  0.000e+00
     49.417     5.6268     5.6282   3.396564   3.396764     2.5695     0.2509     0.4361    34.9063 7.8653e+02     155932         12  0.000e+00
     49.473     5.6272     5.6282   3.396570   3.396849     2.5695     0.2509     0.4361    34.9059 7.8653e+02     155933         12  0.000e+00
     49.417     5.6272     5.6285   3.396583   3.396855     2.5707     0.2509     0.4361    34.9060 7.8878e+02     155934         12  0.000e+00
     35.274     5.6899     5.6875   3.400130   3.400190     2.6225     3.9627     0.5827    34.8889 9.3934e+02     159105         13  0.000e+00
     35.217     5.6897     5.6875   3.400130   3.400190     2.6225     3.9627     0.5827    34.8891 9.3934e+02     159106         13  0.000e+00
     35.338     5.6894     5.6877   3.400098   3.400172     2.6225     3.9627     0.5827    34.8891 9.4159e+02     159107         13  0.000e+00
     35.121     5.6890     5.6877   3.400124   3.400190     2.6225     3.9627     0.5827    34.8898 9.4159e+02     159108         13  0.000e+00
     34.977     5.6889     5.6877   3.400098   3.400190     2.6225     3.9627     0.5827    34.8897 9.4383e+02     159109         13  0.000e+00
     35.217     5.6889     5.6875   3.400098   3.400172     2.6225     3.9627     0.5827    34.8896 9.4383e+02     159110         13  0.000e+00
     35.161     5.6887     5.6875   3.400092   3.400160     2.6225     3.9627     0.5827    34.8897 9.4383e+02     159111         13  0.000e+00
     35.097     5.6885     5.6874   3.400092   3.400226     2.6225     3.9627     0.5827    34.8899 9.4608e+02     159112         13  0.000e+00
     35.097     5.6887     5.6873   3.400086   3.400172     2.6225     3.9627     0.5827    34.8897 9.4608e+02     159113         13  0.000e+00
     35.001     5.6885     5.6872   3.400079   3.400160     2.6225     3.9627     0.5827    34.8899 9.4833e+02     159114         13  0.000e+00
     34.977     5.6887     5.6874   3.400079   3.400160     2.6225     3.9237     0.5827    34.8897 9.4833e+02     159115         13  0.000e+00
     34.977     5.6887     5.6872   3.400079   3.400141     2.6225     3.8064     0.5827    34.8897 9.4833e+02     159116         13  0.000e+00
     34.977     5.6887     5.6871   3.400098   3.400160     2.6225     3.8064     0.5827    34.8899 9.5058e+02     159117         13  0.000e+00
     34.921     5.6887     5.6869   3.400092   3.400190     2.6225     3.8064     0.5827    34.8898 9.5282e+02     159118         13  0.000e+00
     34.921     5.6889     5.6872   3.400098   3.400111     2.6225     3.8064     0.5827    34.8897 9.5282e+02     159119         13  0.000e+00
     34.880     5.6887     5.6869   3.400092   3.400160     2.6225     3.8064     0.5827    34.8899 9.5282e+02     159120         13  0.000e+00
     34.864     5.6890     5.6872   3.400079   3.400160     2.6237     3.8064     0.5827    34.8894 9.5507e+02     159121         13  0.000e+00
     34.800     5.6889     5.6872   3.400098   3.400141     2.6225     3.8064     0.5827    34.8898 9.5507e+02     159122         13  0.000e+00
     34.800     5.6889     5.6870   3.400111   3.400129     2.6237     3.8064     0.5827    34.8900 9.5732e+02     159123         13  0.000e+00
     34.800     5.6887     5.6872   3.400111   3.400129     2.6237     3.8064     0.5827    34.8901 9.5732e+02     159124         13  0.000e+00
     34.744     5.6889     5.6873   3.400092   3.400159     2.6237     3.8064     0.5827    34.8898 9.5956e+02     159125         13  0.000e+00
     34.760     5.6887     5.6872   3.400079   3.400111     2.6237     3.8064     0.5827    34.8898 9.5732e+02     159126         13  0.000e+00
     34.688     5.6889     5.6873   3.400073   3.400129     2.6237     3.8064     0.5827    34.8896 9.5956e+02     159127         13  0.000e+00
     34.688     5.6887     5.6871   3.400079   3.400129     2.6237     3.8064     0.5827    34.8898 9.6181e+02     159128         13  0.000e+00
     34.624     5.6885     5.6873   3.400079   3.400141     2.6237     3.8064     0.5827    34.8900 9.6181e+02     159129         13  0.000e+00
     34.624     5.6885     5.6871   3.400060   3.400159     2.6237     3.8064     0.5827    34.8898 9.6181e+02     159130         13  0.000e+00
     34.648     5.6885     5.6870   3.400073   3.400159     2.6237     3.8064     0.5827    34.8900 9.6406e+02     159131         13  0.000e+00
     34.568     5.6884     5.6870   3.400060   3.400111     2.6237     3.8064     0.5827    34.8900 9.6406e+02     159132         13  0.000e+00
     34.512     5.6884     5.6871   3.400053   3.400159     2.6237     3.8064     0.5827    34.8900 9.6406e+02     159133         13  0.000e+00
     34.568     5.6884     5.6869   3.400053   3.400129     2.6237     3.8064     0.5827    34.8899 9.6406e+02     159134         13  0.000e+00
     34.512     5.6884     5.6872   3.400092   3.400111     2.6237     3.8064     0.5827    34.8904 9.6631e+02     159135         13  0.000e+00
     34.447     5.6884     5.6869   3.400073   3.400129     2.6237     3.8064     0.5827    34.8902 9.6631e+02     159136         13  0.000e+00
     34.471     5.6885     5.6871   3.400073   3.400129     2.6237     3.8064     0.5827    34.8901 9.6855e+02     159137         13  0.000e+00
     34.447     5.6885     5.6869   3.400041   3.400141     2.6237     3.8064     0.5827    34.8897 9.6855e+02     159138         13  0.000e+00
     34.391     5.6887     5.6872   3.400060   3.400129     2.6237     3.7674     0.5778    34.8897 9.6631e+02     159139         13  0.000e+00
     34.391     5.6889     5.6870   3.400079   3.400099     2.6237     3.4353     0.5680    34.8898 9.6855e+02     159140         13  0.000e+00
     34.327     5.6889     5.6869   3.400073   3.400141     2.6237     3.2594     0.5631    34.8898 9.6855e+02     159141         13  0.000e+00
     34.391     5.6887     5.6871   3.400079   3.400129     2.6237     3.2594     0.5631    34.8900 9.7080e+02     159142         13  0.000e+00
     34.287     5.6889     5.6869   3.400079   3.400068     2.6237     3.2790     0.5631    34.8899 9.6855e+02     159143         13  0.000e+00
     34.271     5.6885     5.6869   3.400041   3.400080     2.6237     3.2790     0.5631    34.8898 9.7080e+02     159144         13  0.000e+00
     34.327     5.6884     5.6867   3.400041   3.400129     2.6237     3.2594     0.5631    34.8899 9.7080e+02     159145         13  0.000e+00
     34.215     5.6884     5.6871   3.400008   3.400099     2.6237     3.2790     0.5631    34.8896 9.7080e+02     159146         13  0.000e+00
     34.271     5.6884     5.6869   3.400034   3.400129     2.6237     3.2790     0.5631    34.8899 9.7080e+02     159147         13  0.000e+00
     34.175     5.6884     5.6871   3.400053   3.400111     2.6237     3.2790     0.5631    34.8901 9.7080e+02     159148         13  0.000e+00
     34.215     5.6884     5.6870   3.400034   3.400129     2.6237     3.2790     0.5631    34.8899 9.7305e+02     159149         13  0.000e+00
     34.151     5.6882     5.6871   3.400060   3.400068     2.6237     3.2790     0.5631    34.8904 9.7305e+02     159150         13  0.000e+00
     34.151     5.6881     5.6870   3.400015   3.400141     2.6237     3.2790     0.5631    34.8900 9.7305e+02     159151         13  0.000e+00
     34.094     5.6882     5.6870   3.400008   3.400099     2.6237     3.2790     0.5631    34.8898 9.7305e+02     159152         13  0.000e+00
     34.151     5.6881     5.6872   3.400021   3.400129     2.6237     3.2790     0.5631    34.8901 9.7305e+02     159153         13  0.000e+00
     14.717     6.6060     6.6020   3.480526   3.480439     2.8051     1.8919     0.4801    34.8629 8.9215e+02     161531         14  0.000e+00
     14.653     6.6052     6.6018   3.480474   3.480372     2.8051     1.9114     0.4801    34.8632 8.9215e+02     161532         14  0.000e+00
     14.661     6.6049     6.6013   3.480442   3.480403     2.8051     1.9114     0.4801    34.8632 8.9440e+02     161533         14  0.000e+00
     14.837     6.6042     6.6011   3.480448   3.480317     2.8051     1.9114     0.4801    34.8638 8.9440e+02     161534         14  0.000e+00
     14.597     6.6041     6.6010   3.480442   3.480280     2.8051     1.9114     0.4801    34.8640 8.9664e+02     161535         14  0.000e+00
     14.661     6.6037     6.6006   3.480409   3.480280     2.8051     1.9114     0.4801    34.8640 8.9440e+02     161536         14  0.000e+00
     14.597     6.6034     6.6002   3.480396   3.480219     2.8051     1.8919     0.4801    34.8642 8.9664e+02     161537         14  0.000e+00
     14.605     6.6032     6.6005   3.480377   3.480219     2.8051     1.8919     0.4801    34.8642 8.9664e+02     161538         14  0.000e+00
     14.597     6.6031     6.6003   3.480345   3.480158     2.8051     1.9114     0.4801    34.8640 8.9889e+02     161539         14  0.000e+00
     14.540     6.6031     6.6000   3.480332   3.480188     2.8051     2.2826     0.4996    34.8639 8.9889e+02     161540         14  0.000e+00
     14.540     6.6032     6.6000   3.480377   3.480188     2.8051     2.4975     0.5094    34.8642 9.0114e+02     161541         14  0.000e+00
     14.476     6.6036     6.6004   3.480396   3.480188     2.8051     2.5171     0.5143    34.8641 8.9889e+02     161542         14  0.000e+00
     14.484     6.6037     6.6006   3.480416   3.480158     2.8051     2.4975     0.5094    34.8642 9.0114e+02     161543         14  0.000e+00
     14.476     6.6042     6.6008   3.480429   3.480188     2.8051     2.4780     0.5094    34.8638 9.0338e+02     161544         14  0.000e+00
     14.484     6.6045     6.6011   3.480429   3.480219     2.8051     2.4780     0.5094    34.8635 9.0338e+02     161545         14  0.000e+00
     14.420     6.6047     6.6023   3.480474   3.480219     2.8051     2.4780     0.5094    34.8638 9.0338e+02     161546         14  0.000e+00
     14.420     6.6050     6.6023   3.480493   3.480249     2.8051     2.4780     0.5094    34.8637 9.0338e+02     161547         14  0.000e+00
     14.364     6.6050     6.6020   3.480513   3.480311     2.8051     2.4780     0.5094    34.8640 9.0338e+02     161548         14  0.000e+00
     14.420     6.6052     6.6017   3.480519   3.480280     2.8051     2.4780     0.5094    34.8639 9.0563e+02     161549         14  0.000e+00
     14.308     6.6052     6.6006   3.480519   3.480280     2.8051     2.4780     0.5094    34.8639 9.0563e+02     161550         14  0.000e+00
     14.364     6.6054     6.6000   3.480538   3.480188     2.8051     2.4780     0.5094    34.8639 9.0563e+02     161551         14  0.000e+00
     14.308     6.6055     6.6002   3.480551   3.480188     2.8051     2.4780     0.5094    34.8639 9.0563e+02     161552         14  0.000e+00
     14.308     6.6058     6.6010   3.480571   3.480158     2.8051     2.4780     0.5094    34.8638 9.0788e+02     161553         14  0.000e+00
     14.300     6.6060     6.6012   3.480584   3.480121     2.8051     2.4780     0.5094    34.8638 9.0788e+02     161554         14  0.000e+00
     14.244     6.6063     6.6010   3.480609   3.480219     2.8051     2.4780     0.5094    34.8638 9.0788e+02     161555         14  0.000e+00
     14.244     6.6067     6.6005   3.480616   3.480219     2.8051     2.4780     0.5094    34.8635 9.0788e+02     161556         14  0.000e+00
     14.308     6.6070     6.6002   3.480635   3.480188     2.8051     2.4780     0.5094    34.8634 9.0788e+02     161557         14  0.000e+00
     14.188     6.6075     6.5998   3.480713   3.480188     2.8051     2.4780     0.5094    34.8638 9.1013e+02     161558         14  0.000e+00
     14.244     6.6082     6.5997   3.480784   3.480121     2.8051     2.4780     0.5094    34.8639 9.1013e+02     161559         14  0.000e+00
