Ship_data/Irminger/Irminger-5/ctd/process/ar30-03017.cnv
* Sea-Bird SBE 9 Data File:
* FileName = D:\Data\ar30-03017.hdr
* Software Version Seasave V 7.23.2
* Temperature SN = 4312
* Conductivity SN = 2148
* Number of Bytes Per Scan = 44
* Number of Voltage Words = 5
* Number of Scans Averaged by the Deck Unit = 1
* NMEA Latitude = 59 51.17 N
* NMEA Longitude = 040 42.29 W
* NMEA UTC (Time) = Jun 18 2018  13:04:33
** Cruise ID: ar30-03
** Chief Sci: Macdonald
** Station #: 017
** Site ID: Irminger 5 OSNAP M2
# nquan = 18
# nvalues = 4982                        
# units = specified
# name 0 = prDM: Pressure, Digiquartz [db]
# name 1 = t090C: Temperature [ITS-90, deg C]
# name 2 = t190C: Temperature, 2 [ITS-90, deg C]
# name 3 = c0S/m: Conductivity [S/m]
# name 4 = c1S/m: Conductivity, 2 [S/m]
# name 5 = sbeox0V: Oxygen raw, SBE 43 [V]
# name 6 = flECO-AFL: Fluorescence, WET Labs ECO-AFL/FL [mg/m^3]
# name 7 = turbWETntu0: Turbidity, WET Labs ECO [NTU]
# name 8 = sal00: Salinity, Practical [PSU]
# name 9 = spar: SPAR/Surface Irradiance
# name 10 = depSM: Depth [salt water, m], lat = 59.8528
# name 11 = sal00: Salinity, Practical [PSU]
# name 12 = sal11: Salinity, Practical, 2 [PSU]
# name 13 = sbeox0ML/L: Oxygen, SBE 43 [ml/l], WS = 2
# name 14 = svCM: Sound Velocity [Chen-Millero, m/s]
# name 15 = sigma-é00: Density [sigma-theta, kg/m^3]
# name 16 = sigma-é11: Density, 2 [sigma-theta, kg/m^3]
# name 17 = flag: flag
# span 0 =      3.000,   2494.000       
# span 1 =     1.5085,     6.5474       
# span 2 =     1.5092,     6.5475       
# span 3 =   3.130347,   3.475756       
# span 4 =   3.130401,   3.475894       
# span 5 =     1.8188,     2.8332       
# span 6 =    -0.4193,     8.1276       
# span 7 =     0.3433,     0.7129       
# span 8 =    34.8554,    34.9257       
# span 9 = 8.6155e+02, 2.7219e+03       
# span 10 =      2.972,   2455.926      
# span 11 =    34.8546,    34.9256      
# span 12 =    34.8564,    34.9262      
# span 13 =     5.9332,     7.2844      
# span 14 =    1471.30,    1497.27      
# span 15 =    27.3815,    27.9311      
# span 16 =    27.3830,    27.9310      
# span 17 = 0.0000e+00, 0.0000e+00      
# interval = decibars: 1                
# start_time = Jun 18 2018 13:04:33 [System UTC, first data scan.]
# bad_flag = -9.990e-29
*END*
[from data line 4021]
    963.000     3.3945     3.3943   3.233328   3.233418     2.2104    -0.3804     0.3679    34.8670 9.7860e+02    951.724    34.8669    34.8682     6.4998    1479.75    27.7481    27.7492 0.0000e+00
    962.000     3.3945     3.3945   3.233273   3.233376     2.2114    -0.3671     0.3626    34.8668 9.9469e+02    950.738    34.8668    34.8680     6.5028    1479.73    27.7480    27.7490 0.0000e+00
    961.000     3.3945     3.3946   3.233232   3.233354     2.2114    -0.3655     0.3629    34.8669 1.0082e+03    949.752    34.8668    34.8681     6.5019    1479.71    27.7480    27.7491 0.0000e+00
    960.000     3.3947     3.3947   3.233212   3.233310     2.2114    -0.3860     0.3677    34.8669 1.0178e+03    948.766    34.8669    34.8680     6.5013    1479.70    27.7481    27.7490 0.0000e+00
    959.000     3.3946     3.3947   3.233170   3.233269     2.2113    -0.3886     0.3684    34.8671 1.0235e+03    947.780    34.8670    34.8681     6.5002    1479.68    27.7481    27.7490 0.0000e+00
    958.000     3.3945     3.3944   3.233112   3.233211     2.2114    -0.3899     0.3685    34.8670 1.0257e+03    946.794    34.8669    34.8682     6.4996    1479.66    27.7481    27.7491 0.0000e+00
    957.000     3.3944     3.3944   3.233063   3.233173     2.2114    -0.3753     0.3681    34.8670 1.0244e+03    945.808    34.8670    34.8682     6.4988    1479.65    27.7481    27.7491 0.0000e+00
    956.000     3.3945     3.3944   3.233027   3.233113     2.2120    -0.3912     0.3717    34.8670 1.0153e+03    944.822    34.8669    34.8681     6.5001    1479.63    27.7481    27.7490 0.0000e+00
    955.000     3.3945     3.3946   3.232973   3.233082     2.2124    -0.3939     0.3639    34.8669 1.0049e+03    943.836    34.8669    34.8680     6.5007    1479.61    27.7480    27.7489 0.0000e+00
    954.000     3.3945     3.3944   3.232930   3.233027     2.2126    -0.3938     0.3723    34.8669 1.0038e+03    942.850    34.8669    34.8681     6.5006    1479.60    27.7480    27.7490 0.0000e+00
    953.000     3.3942     3.3942   3.232868   3.232961     2.2128    -0.3903     0.3726    34.8670 1.0102e+03    941.864    34.8669    34.8681     6.5008    1479.58    27.7481    27.7490 0.0000e+00
    952.000     3.3940     3.3940   3.232808   3.232915     2.2137    -0.3938     0.3717    34.8670 1.0198e+03    940.878    34.8670    34.8682     6.5033    1479.56    27.7481    27.7491 0.0000e+00
    951.000     3.3941     3.3941   3.232780   3.232877     2.2138    -0.3841     0.3686    34.8670 1.0340e+03    939.892    34.8670    34.8681     6.5029    1479.55    27.7481    27.7491 0.0000e+00
    950.000     3.3943     3.3941   3.232730   3.232826     2.2146    -0.3726     0.3695    34.8668 1.0520e+03    938.906    34.8667    34.8680     6.5048    1479.53    27.7479    27.7490 0.0000e+00
    949.000     3.3941     3.3938   3.232666   3.232746     2.2145    -0.3930     0.3708    34.8668 1.0683e+03    937.919    34.8667    34.8680     6.5037    1479.51    27.7479    27.7489 0.0000e+00
    948.000     3.3938     3.3936   3.232608   3.232694     2.2138    -0.3938     0.3636    34.8669 1.0792e+03    936.933    34.8668    34.8680     6.5002    1479.50    27.7480    27.7490 0.0000e+00
    947.000     3.3939     3.3939   3.232574   3.232675     2.2138    -0.3872     0.3682    34.8669 1.0860e+03    935.947    34.8668    34.8681     6.4994    1479.48    27.7480    27.7490 0.0000e+00
    946.000     3.3942     3.3942   3.232557   3.232658     2.2146    -0.3763     0.3671    34.8668 1.0883e+03    934.961    34.8668    34.8681     6.5017    1479.46    27.7479    27.7489 0.0000e+00
    945.000     3.3947     3.3946   3.232564   3.232650     2.2150    -0.3834     0.3650    34.8668 1.0865e+03    933.975    34.8669    34.8680     6.5021    1479.45    27.7479    27.7488 0.0000e+00
    944.000     3.3956     3.3959   3.232603   3.232739     2.2151    -0.3751     0.3696    34.8668 1.0853e+03    932.989    34.8669    34.8682     6.5015    1479.44    27.7479    27.7489 0.0000e+00
    943.000     3.3966     3.3968   3.232657   3.232783     2.2155    -0.3916     0.3726    34.8670 1.0860e+03    932.003    34.8671    34.8683     6.5021    1479.42    27.7479    27.7489 0.0000e+00
    942.000     3.3970     3.3973   3.232670   3.232790     2.2161    -0.3725     0.3647    34.8672 1.0879e+03    931.017    34.8673    34.8683     6.5034    1479.41    27.7480    27.7488 0.0000e+00
    941.000     3.3975     3.3976   3.232677   3.232797     2.2162    -0.3825     0.3667    34.8673 1.0894e+03    930.031    34.8674    34.8687     6.5028    1479.40    27.7480    27.7491 0.0000e+00
    940.000     3.3978     3.3977   3.232661   3.232759     2.2168    -0.3923     0.3690    34.8673 1.0854e+03    929.044    34.8674    34.8686     6.5042    1479.38    27.7480    27.7490 0.0000e+00
    939.000     3.3985     3.3983   3.232676   3.232768     2.2172    -0.3914     0.3700    34.8672 1.0767e+03    928.058    34.8673    34.8686     6.5048    1479.37    27.7478    27.7489 0.0000e+00
    938.000     3.3985     3.3984   3.232630   3.232717     2.2169    -0.3918     0.3681    34.8672 1.0752e+03    927.072    34.8672    34.8684     6.5028    1479.35    27.7478    27.7487 0.0000e+00
    937.000     3.3986     3.3987   3.232597   3.232693     2.2171    -0.3928     0.3575    34.8673 1.0834e+03    926.086    34.8673    34.8684     6.5028    1479.33    27.7479    27.7487 0.0000e+00
    936.000     3.3989     3.3988   3.232581   3.232675     2.2174    -0.3738     0.3665    34.8673 1.0921e+03    925.100    34.8673    34.8685     6.5029    1479.32    27.7478    27.7488 0.0000e+00
    935.000     3.3991     3.3990   3.232556   3.232662     2.2175    -0.3774     0.3691    34.8674 1.1018e+03    924.114    34.8674    34.8687     6.5024    1479.30    27.7478    27.7489 0.0000e+00
    934.000     3.3991     3.3991   3.232512   3.232622     2.2175    -0.3826     0.3694    34.8672 1.1095e+03    923.128    34.8673    34.8687     6.5015    1479.29    27.7478    27.7489 0.0000e+00
    933.000     3.3991     3.3990   3.232475   3.232568     2.2183    -0.3580     0.3715    34.8674 1.1099e+03    922.141    34.8674    34.8686     6.5038    1479.27    27.7478    27.7488 0.0000e+00
    932.000     3.3993     3.3996   3.232446   3.232578     2.2188    -0.3881     0.3657    34.8673 1.0928e+03    921.155    34.8674    34.8686     6.5047    1479.25    27.7478    27.7488 0.0000e+00
    931.000     3.4002     3.3991   3.232488   3.232491     2.2199    -0.3895     0.3726    34.8673 1.0714e+03    920.169    34.8674    34.8686     6.5080    1479.24    27.7478    27.7488 0.0000e+00
    930.000     3.4006     3.4008   3.232483   3.232595     2.2198    -0.3819     0.3683    34.8674 1.0807e+03    919.183    34.8674    34.8686     6.5066    1479.23    27.7477    27.7486 0.0000e+00
    929.000     3.4016     3.4017   3.232547   3.232656     2.2199    -0.3709     0.3678    34.8674 1.0945e+03    918.197    34.8676    34.8689     6.5061    1479.22    27.7478    27.7487 0.0000e+00
    928.000     3.4031     3.4032   3.232643   3.232748     2.2207    -0.3894     0.3681    34.8675 1.1077e+03    917.211    34.8678    34.8689     6.5081    1479.21    27.7477    27.7486 0.0000e+00
    927.000     3.4032     3.4032   3.232607   3.232701     2.2210    -0.3810     0.3681    34.8677 1.1200e+03    916.224    34.8677    34.8689     6.5082    1479.19    27.7477    27.7486 0.0000e+00
    926.000     3.4029     3.4029   3.232538   3.232629     2.2209    -0.3670     0.3678    34.8678 1.1304e+03    915.238    34.8678    34.8688     6.5071    1479.17    27.7477    27.7486 0.0000e+00
    925.000     3.4025     3.4024   3.232463   3.232549     2.2206    -0.3695     0.3686    34.8678 1.1387e+03    914.252    34.8677    34.8689     6.5051    1479.15    27.7477    27.7486 0.0000e+00
    924.000     3.4023     3.4022   3.232388   3.232492     2.2201    -0.3803     0.3688    34.8677 1.1436e+03    913.266    34.8677    34.8689     6.5023    1479.14    27.7477    27.7487 0.0000e+00
    923.000     3.4021     3.4019   3.232331   3.232430     2.2197    -0.3747     0.3697    34.8677 1.1245e+03    912.280    34.8677    34.8690     6.5003    1479.12    27.7477    27.7488 0.0000e+00
    922.000     3.4022     3.4020   3.232278   3.232368     2.2202    -0.3862     0.3724    34.8675 1.1017e+03    911.293    34.8675    34.8687     6.5011    1479.10    27.7475    27.7485 0.0000e+00
    921.000     3.4022     3.4020   3.232226   3.232320     2.2214    -0.3934     0.3674    34.8674 1.1147e+03    910.307    34.8674    34.8686     6.5047    1479.08    27.7474    27.7485 0.0000e+00
    920.000     3.4017     3.4019   3.232156   3.232260     2.2220    -0.3912     0.3694    34.8676 1.1327e+03    909.321    34.8676    34.8686     6.5065    1479.07    27.7476    27.7485 0.0000e+00
    919.000     3.4016     3.4017   3.232089   3.232204     2.2224    -0.3892     0.3685    34.8675 1.1492e+03    908.335    34.8674    34.8687     6.5070    1479.05    27.7475    27.7485 0.0000e+00
    918.000     3.4018     3.4022   3.232085   3.232215     2.2230    -0.3893     0.3681    34.8677 1.1634e+03    907.349    34.8677    34.8688     6.5082    1479.03    27.7477    27.7485 0.0000e+00
    917.000     3.4020     3.4021   3.232062   3.232156     2.2234    -0.3878     0.3704    34.8677 1.1744e+03    906.362    34.8677    34.8687     6.5091    1479.02    27.7477    27.7484 0.0000e+00
    916.000     3.4020     3.4019   3.232016   3.232105     2.2234    -0.3899     0.3726    34.8677 1.1812e+03    905.376    34.8676    34.8688     6.5082    1479.00    27.7476    27.7486 0.0000e+00
    915.000     3.4019     3.4017   3.231967   3.232063     2.2235    -0.3880     0.3694    34.8677 1.1794e+03    904.390    34.8676    34.8690     6.5076    1478.98    27.7476    27.7488 0.0000e+00
    914.000     3.4020     3.4018   3.231944   3.232040     2.2235    -0.3759     0.3678    34.8678 1.1479e+03    903.404    34.8678    34.8692     6.5070    1478.97    27.7478    27.7489 0.0000e+00
    913.000     3.4023     3.4023   3.231904   3.231991     2.2246    -0.3862     0.3642    34.8676 1.1863e+03    902.417    34.8675    34.8686     6.5101    1478.95    27.7475    27.7484 0.0000e+00
    912.000     3.4024     3.4024   3.231886   3.231984     2.2246    -0.3919     0.3658    34.8677 1.2321e+03    901.431    34.8677    34.8689     6.5093    1478.94    27.7476    27.7486 0.0000e+00
    911.000     3.4034     3.4036   3.231953   3.232056     2.2248    -0.3915     0.3687    34.8679 1.2517e+03    900.445    34.8680    34.8691     6.5088    1478.93    27.7478    27.7486 0.0000e+00
    910.000     3.4043     3.4048   3.231990   3.232132     2.2246    -0.3916     0.3728    34.8679 1.2611e+03    899.459    34.8680    34.8692     6.5072    1478.91    27.7476    27.7485 0.0000e+00
    909.000     3.4054     3.4059   3.232074   3.232200     2.2246    -0.3926     0.3693    34.8682 1.2653e+03    898.472    34.8683    34.8693     6.5062    1478.90    27.7478    27.7485 0.0000e+00
    908.000     3.4065     3.4065   3.232118   3.232227     2.2246    -0.3795     0.3660    34.8681 1.2608e+03    897.486    34.8683    34.8696     6.5051    1478.89    27.7476    27.7487 0.0000e+00
    907.000     3.4068     3.4066   3.232111   3.232182     2.2241    -0.3867     0.3650    34.8683 1.2353e+03    896.500    34.8684    34.8694     6.5022    1478.87    27.7477    27.7485 0.0000e+00
    906.000     3.4067     3.4063   3.232051   3.232126     2.2231    -0.3871     0.3707    34.8682 1.1904e+03    895.513    34.8683    34.8695     6.4978    1478.86    27.7476    27.7487 0.0000e+00
    905.000     3.4070     3.4069   3.232027   3.232131     2.2229    -0.3899     0.3720    34.8681 1.1768e+03    894.527    34.8682    34.8695     6.4960    1478.84    27.7475    27.7486 0.0000e+00
    904.000     3.4072     3.4071   3.232008   3.232099     2.2234    -0.3930     0.3690    34.8682 1.1858e+03    893.541    34.8683    34.8694     6.4971    1478.83    27.7475    27.7485 0.0000e+00
    903.000     3.4073     3.4073   3.231988   3.232087     2.2239    -0.3938     0.3726    34.8683 1.1928e+03    892.555    34.8684    34.8696     6.4982    1478.81    27.7476    27.7486 0.0000e+00
    902.000     3.4078     3.4078   3.231985   3.232096     2.2246    -0.3745     0.3689    34.8684 1.1972e+03    891.568    34.8684    34.8697     6.4996    1478.80    27.7476    27.7486 0.0000e+00
    901.000     3.4083     3.4087   3.231999   3.232131     2.2246    -0.3663     0.3703    34.8685 1.1999e+03    890.582    34.8685    34.8697     6.4987    1478.78    27.7476    27.7485 0.0000e+00
    900.000     3.4090     3.4093   3.232038   3.232162     2.2246    -0.3762     0.3719    34.8686 1.2008e+03    889.596    34.8687    34.8699     6.4977    1478.77    27.7477    27.7486 0.0000e+00
    899.000     3.4091     3.4097   3.231990   3.232142     2.2246    -0.3932     0.3681    34.8686 1.1992e+03    888.609    34.8686    34.8699     6.4972    1478.75    27.7476    27.7485 0.0000e+00
    898.000     3.4097     3.4093   3.232007   3.232083     2.2257    -0.3780     0.3684    34.8687 1.1971e+03    887.623    34.8687    34.8700     6.5003    1478.74    27.7476    27.7487 0.0000e+00
    897.000     3.4099     3.4099   3.231973   3.232070     2.2262    -0.3695     0.3680    34.8685 1.2176e+03    886.637    34.8686    34.8698     6.5011    1478.72    27.7475    27.7484 0.0000e+00
    896.000     3.4101     3.4103   3.231962   3.232078     2.2260    -0.3939     0.3681    34.8687 1.2359e+03    885.650    34.8688    34.8700     6.4995    1478.71    27.7476    27.7485 0.0000e+00
    895.000     3.4108     3.4110   3.231989   3.232105     2.2258    -0.3791     0.3686    34.8688 1.2510e+03    884.664    34.8689    34.8701     6.4977    1478.69    27.7476    27.7486 0.0000e+00
    894.000     3.4115     3.4117   3.232003   3.232132     2.2257    -0.3679     0.3678    34.8687 1.2691e+03    883.678    34.8688    34.8702     6.4967    1478.68    27.7475    27.7486 0.0000e+00
    893.000     3.4120     3.4117   3.232024   3.232106     2.2257    -0.3744     0.3670    34.8689 1.2900e+03    882.691    34.8691    34.8704     6.4957    1478.67    27.7476    27.7487 0.0000e+00
    892.000     3.4118     3.4114   3.231946   3.232033     2.2280    -0.3943     0.3662    34.8689 1.3286e+03    881.705    34.8689    34.8703     6.5035    1478.65    27.7475    27.7487 0.0000e+00
    891.000     3.4118     3.4120   3.231898   3.232015     2.2294    -0.3947     0.3676    34.8688 1.3966e+03    880.719    34.8688    34.8700     6.5081    1478.63    27.7474    27.7484 0.0000e+00
    890.000     3.4124     3.4128   3.231921   3.232056     2.2294    -0.4133     0.3629    34.8689 1.4903e+03    879.732    34.8690    34.8702     6.5069    1478.62    27.7475    27.7485 0.0000e+00
    889.000     3.4139     3.4141   3.232040   3.232148     2.2294    -0.3949     0.3675    34.8691 1.6730e+03    878.746    34.8693    34.8704     6.5058    1478.61    27.7476    27.7485 0.0000e+00
    888.000     3.4143     3.4144   3.232029   3.232143     2.2287    -0.3920     0.3684    34.8692 1.7634e+03    877.760    34.8693    34.8705     6.5024    1478.59    27.7475    27.7485 0.0000e+00
    887.000     3.4148     3.4145   3.232036   3.232110     2.2281    -0.3779     0.3681    34.8692 1.7025e+03    876.773    34.8693    34.8706     6.4989    1478.58    27.7475    27.7486 0.0000e+00
    886.000     3.4156     3.4158   3.232060   3.232179     2.2282    -0.3788     0.3715    34.8691 1.5669e+03    875.787    34.8693    34.8705     6.4983    1478.57    27.7474    27.7484 0.0000e+00
    885.000     3.4164     3.4171   3.232110   3.232268     2.2283    -0.3796     0.3728    34.8694 1.5085e+03    874.800    34.8696    34.8707     6.4979    1478.55    27.7476    27.7484 0.0000e+00
