Ship_data/Irminger/Irminger-5/ctd/process/ar30-03022.ros
* Sea-Bird SBE 9 Data File:
* FileName = D:\Data\ar30-03022.hdr
* Software Version Seasave V 7.23.2
* Temperature SN = 4312
* Conductivity SN = 2148
* Number of Bytes Per Scan = 44
* Number of Voltage Words = 5
* Number of Scans Averaged by the Deck Unit = 1
* NMEA Latitude = 61 39.37 N
* NMEA Longitude = 033 58.99 W
* NMEA UTC (Time) = Jun 22 2018  13:48:11
** Cruise ID: ar30-03
** Chief Sci: Macdonald
** Station #: 022
** Site ID: Irminger 5 CL1
** Shallow cast at sound source, just for lipid sampling
# nquan = 13
# nvalues = 343                                   
# units = specified
# name 0 = prDM: Pressure, Digiquartz [db]
# name 1 = t090C: Temperature [ITS-90, deg C]
# name 2 = t190C: Temperature, 2 [ITS-90, deg C]
# name 3 = c0S/m: Conductivity [S/m]
# name 4 = c1S/m: Conductivity, 2 [S/m]
# name 5 = sbeox0V: Oxygen raw, SBE 43 [V]
# name 6 = flECO-AFL: Fluorescence, WET Labs ECO-AFL/FL [mg/m^3]
# name 7 = turbWETntu0: Turbidity, WET Labs ECO [NTU]
# name 8 = sal00: Salinity, Practical [PSU]
# name 9 = spar: SPAR/Surface Irradiance
# name 10 = scan: Scan Count
# name 11 = nbf: Bottles Fired
# name 12 = flag:  0.000e+00
# interval = seconds: 0.0416667
# start_time = Jun 22 2018 13:48:11 [System UTC, first data scan.]
# bad_flag = -9.990e-29
*END*
[from data line 112]
     41.591     5.5515     5.5578   3.387121   3.387662     2.6061     0.6416     0.4752    34.8807 4.9214e+02      18846          3  0.000e+00
     41.591     5.5506     5.5576   3.386994   3.387741     2.6061     0.6416     0.4752    34.8801 4.9214e+02      18847          3  0.000e+00
     41.647     5.5496     5.5568   3.386955   3.387771     2.6061     0.6416     0.4752    34.8807 4.9214e+02      18848          3  0.000e+00
     41.711     5.5490     5.5569   3.386911   3.387693     2.6074     0.6416     0.4752    34.8808 4.8989e+02      18849          3  0.000e+00
     41.711     5.5491     5.5574   3.386923   3.387620     2.6061     0.6416     0.4752    34.8809 4.9214e+02      18850          3  0.000e+00
     41.711     5.5494     5.5576   3.386975   3.387741     2.6061     0.6416     0.4752    34.8811 4.9214e+02      18851          3  0.000e+00
     41.800     5.5494     5.5568   3.386987   3.387783     2.6074     0.6416     0.4752    34.8812 4.8989e+02      18852          3  0.000e+00
     41.832     5.5497     5.5568   3.386987   3.387711     2.6061     0.6416     0.4752    34.8808 4.8989e+02      18853          3  0.000e+00
     41.832     5.5494     5.5563   3.386930   3.387711     2.6061     0.6416     0.4752    34.8805 4.8989e+02      18854          3  0.000e+00
     41.944     5.5485     5.5555   3.386872   3.387693     2.6061     0.6416     0.4752    34.8807 4.9214e+02      18855          3  0.000e+00
     41.888     5.5491     5.5544   3.386975   3.387559     2.6074     0.6416     0.4752    34.8813 4.8989e+02      18856          3  0.000e+00
     42.008     5.5501     5.5552   3.387083   3.387499     2.6074     0.6416     0.4752    34.8814 4.8989e+02      18857          3  0.000e+00
     42.008     5.5510     5.5545   3.387115   3.387481     2.6074     0.6416     0.4752    34.8809 4.8989e+02      18858          3  0.000e+00
     42.008     5.5509     5.5542   3.387115   3.387499     2.6061     0.6416     0.4752    34.8809 4.8989e+02      18859          3  0.000e+00
     42.008     5.5509     5.5541   3.387109   3.387438     2.6061     0.6416     0.4752    34.8809 4.8989e+02      18860          3  0.000e+00
     42.120     5.5510     5.5534   3.387077   3.387451     2.6061     0.6416     0.4752    34.8804 4.8765e+02      18861          3  0.000e+00
     42.120     5.5505     5.5533   3.387026   3.387378     2.6074     0.6416     0.4752    34.8803 4.8765e+02      18862          3  0.000e+00
     42.120     5.5503     5.5531   3.387013   3.387378     2.6061     0.6416     0.4752    34.8803 4.8765e+02      18863          3  0.000e+00
     42.184     5.5497     5.5529   3.386975   3.387360     2.6061     0.6416     0.4752    34.8805 4.8989e+02      18864          3  0.000e+00
     42.184     5.5497     5.5533   3.386962   3.387378     2.6061     0.6416     0.4752    34.8804 4.8765e+02      18865          3  0.000e+00
     42.241     5.5497     5.5537   3.386981   3.387342     2.6074     0.6416     0.4752    34.8805 4.8765e+02      18866          3  0.000e+00
     42.184     5.5494     5.5539   3.386968   3.387451     2.6074     0.6416     0.4752    34.8808 4.8765e+02      18867          3  0.000e+00
     42.305     5.5490     5.5545   3.386936   3.387469     2.6061     0.6416     0.4752    34.8807 4.8765e+02      18868          3  0.000e+00
     42.305     5.5487     5.5542   3.386892   3.387451     2.6074     0.6416     0.4752    34.8805 4.8765e+02      18869          3  0.000e+00
     42.305     5.5487     5.5534   3.386885   3.387469     2.6074     0.6416     0.4752    34.8805 4.8765e+02      18870          3  0.000e+00
     42.361     5.5488     5.5534   3.386872   3.387378     2.6074     0.6416     0.4752    34.8801 4.8765e+02      18871          3  0.000e+00
     42.361     5.5487     5.5531   3.386879   3.387330     2.6074     0.6416     0.4752    34.8803 4.8765e+02      18872          3  0.000e+00
     42.361     5.5494     5.5531   3.386924   3.387311     2.6061     0.6416     0.4752    34.8802 4.8765e+02      18873          3  0.000e+00
     42.417     5.5499     5.5527   3.386975   3.387281     2.6061     0.6416     0.4752    34.8802 4.8765e+02      18874          3  0.000e+00
     42.417     5.5501     5.5524   3.386968   3.387269     2.6074     0.6416     0.4752    34.8799 4.8765e+02      18875          3  0.000e+00
     42.417     5.5500     5.5519   3.386956   3.387221     2.6074     0.6416     0.4752    34.8799 4.8540e+02      18876          3  0.000e+00
     42.481     5.5497     5.5513   3.386924   3.387251     2.6061     0.6416     0.4752    34.8798 4.8765e+02      18877          3  0.000e+00
     42.417     5.5490     5.5508   3.386898   3.387239     2.6061     0.6416     0.4752    34.8802 4.8765e+02      18878          3  0.000e+00
     42.481     5.5488     5.5500   3.386872   3.387130     2.6074     0.6416     0.4752    34.8801 4.8540e+02      18879          3  0.000e+00
     42.481     5.5489     5.5498   3.386872   3.387099     2.6074     0.6416     0.4752    34.8800 4.8540e+02      18880          3  0.000e+00
     25.882     6.7119     6.7148   3.490069   3.490372     2.7185     3.4157     0.6168    34.8554 4.8315e+02      21617          4  0.000e+00
     25.898     6.7120     6.7150   3.490043   3.490341     2.7185     3.4157     0.6168    34.8550 4.8315e+02      21618          4  0.000e+00
     26.002     6.7121     6.7150   3.490043   3.490372     2.7185     3.4157     0.6217    34.8549 4.8315e+02      21619          4  0.000e+00
     25.882     6.7121     6.7148   3.490076   3.490372     2.7185     3.4157     0.6168    34.8553 4.8315e+02      21620          4  0.000e+00
     25.898     6.7122     6.7150   3.490088   3.490372     2.7185     3.4157     0.6168    34.8553 4.8315e+02      21621          4  0.000e+00
     25.938     6.7126     6.7148   3.490108   3.490360     2.7185     3.9432     0.6461    34.8551 4.8315e+02      21622          4  0.000e+00
     25.882     6.7125     6.7150   3.490140   3.490403     2.7185     4.3730     0.6657    34.8556 4.8315e+02      21623          4  0.000e+00
     25.882     6.7127     6.7150   3.490153   3.490341     2.7185     4.4511     0.6706    34.8555 4.8315e+02      21624          4  0.000e+00
     25.898     6.7126     6.7148   3.490127   3.490372     2.7185     4.4121     0.6706    34.8554 4.8315e+02      21625          4  0.000e+00
     25.882     6.7130     6.7148   3.490140   3.490372     2.7185     4.3925     0.6657    34.8552 4.8315e+02      21626          4  0.000e+00
     25.882     6.7131     6.7148   3.490153   3.490372     2.7185     4.3925     0.6657    34.8551 4.8315e+02      21627          4  0.000e+00
     25.833     6.7134     6.7145   3.490172   3.490341     2.7185     4.3925     0.6657    34.8551 4.8315e+02      21628          4  0.000e+00
     25.817     6.7141     6.7144   3.490231   3.490372     2.7185     4.3925     0.6657    34.8550 4.8315e+02      21629          4  0.000e+00
     25.882     6.7139     6.7143   3.490250   3.490311     2.7185     4.3925     0.6657    34.8554 4.8315e+02      21630          4  0.000e+00
     25.777     6.7143     6.7143   3.490244   3.490341     2.7185     4.3925     0.6657    34.8550 4.8315e+02      21631          4  0.000e+00
     25.761     6.7143     6.7140   3.490250   3.490311     2.7185     4.3925     0.6657    34.8551 4.8315e+02      21632          4  0.000e+00
     25.761     6.7139     6.7133   3.490263   3.490292     2.7185     4.3925     0.6657    34.8556 4.8315e+02      21633          4  0.000e+00
     25.761     6.7141     6.7129   3.490257   3.490250     2.7185     4.3925     0.6657    34.8553 4.8315e+02      21634          4  0.000e+00
     25.777     6.7143     6.7133   3.490231   3.490213     2.7185     4.3925     0.6657    34.8549 4.8315e+02      21635          4  0.000e+00
     25.705     6.7143     6.7142   3.490218   3.490250     2.7185     4.3925     0.6657    34.8548 4.8315e+02      21636          4  0.000e+00
     25.705     6.7143     6.7143   3.490237   3.490280     2.7185     4.3925     0.6657    34.8550 4.8315e+02      21637          4  0.000e+00
     25.657     6.7146     6.7145   3.490250   3.490311     2.7185     4.3925     0.6706    34.8548 4.8315e+02      21638          4  0.000e+00
     25.641     6.7146     6.7148   3.490263   3.490372     2.7185     4.3925     0.6706    34.8550 4.8315e+02      21639          4  0.000e+00
     25.641     6.7148     6.7150   3.490276   3.490341     2.7185     4.3925     0.6657    34.8549 4.8315e+02      21640          4  0.000e+00
     25.601     6.7149     6.7150   3.490295   3.490372     2.7185     4.3925     0.6657    34.8550 4.8315e+02      21641          4  0.000e+00
     25.585     6.7149     6.7148   3.490289   3.490372     2.7185     4.3925     0.6657    34.8550 4.8315e+02      21642          4  0.000e+00
     25.585     6.7151     6.7149   3.490282   3.490372     2.7185     4.3925     0.6657    34.8547 4.8315e+02      21643          4  0.000e+00
     25.529     6.7151     6.7148   3.490321   3.490360     2.7185     4.3925     0.6657    34.8552 4.8315e+02      21644          4  0.000e+00
     25.481     6.7148     6.7148   3.490295   3.490372     2.7185     4.3925     0.6657    34.8552 4.8540e+02      21645          4  0.000e+00
     25.465     6.7149     6.7148   3.490302   3.490341     2.7185     3.9627     0.6315    34.8552 4.8540e+02      21646          4  0.000e+00
     25.465     6.7149     6.7148   3.490328   3.490341     2.7185     3.3376     0.5729    34.8554 4.8315e+02      21647          4  0.000e+00
     25.425     6.7149     6.7149   3.490315   3.490372     2.7185     3.1617     0.5534    34.8553 4.8540e+02      21648          4  0.000e+00
     25.409     6.7149     6.7145   3.490269   3.490372     2.7185     3.2008     0.5582    34.8548 4.8540e+02      21649          4  0.000e+00
     25.353     6.7151     6.7148   3.490289   3.490341     2.7185     3.2204     0.5582    34.8549 4.8315e+02      21650          4  0.000e+00
     25.304     6.7149     6.7147   3.490289   3.490341     2.7185     3.2399     0.5582    34.8551 4.8540e+02      21651          4  0.000e+00
     25.288     6.7147     6.7147   3.490302   3.490341     2.7185     3.2204     0.5582    34.8555 4.8540e+02      21652          4  0.000e+00
     25.288     6.7148     6.7147   3.490282   3.490341     2.7185     3.2204     0.5582    34.8552 4.8540e+02      21653          4  0.000e+00
     25.248     6.7147     6.7147   3.490276   3.490292     2.7185     3.2204     0.5582    34.8552 4.8540e+02      21654          4  0.000e+00
     25.168     6.7147     6.7148   3.490282   3.490341     2.7185     3.2204     0.5582    34.8553 4.8540e+02      21655          4  0.000e+00
     25.168     6.7148     6.7148   3.490276   3.490341     2.7185     3.2204     0.5582    34.8552 4.8540e+02      21656          4  0.000e+00
     25.184     6.7147     6.7145   3.490256   3.490341     2.7185     3.2204     0.5582    34.8550 4.8540e+02      21657          4  0.000e+00
     25.056     6.7149     6.7147   3.490289   3.490341     2.7185     3.2204     0.5582    34.8552 4.8540e+02      21658          4  0.000e+00
     25.112     6.7149     6.7147   3.490243   3.490280     2.7185     3.2204     0.5582    34.8547 4.8765e+02      21659          4  0.000e+00
     24.952     6.7147     6.7147   3.490263   3.490341     2.7185     3.2204     0.5582    34.8552 4.8540e+02      21660          4  0.000e+00
     25.112     6.7148     6.7147   3.490276   3.490311     2.7185     3.2204     0.5582    34.8552 4.8540e+02      21661          4  0.000e+00
     24.992     6.7151     6.7147   3.490276   3.490341     2.7185     3.2204     0.5582    34.8550 4.8540e+02      21662          4  0.000e+00
     24.936     6.7147     6.7145   3.490282   3.490341     2.7185     3.2204     0.5582    34.8554 4.8765e+02      21663          4  0.000e+00
     24.888     6.7151     6.7145   3.490276   3.490310     2.7185     3.2204     0.5582    34.8550 4.8540e+02      21664          4  0.000e+00
     24.880     6.7151     6.7147   3.490295   3.490261     2.7185     3.2204     0.5582    34.8552 4.8765e+02      21665          4  0.000e+00
     15.738     6.7488     6.7483   3.493041   3.493107     2.7270     3.1227     0.5680    34.8560 5.4608e+02      24337          5  0.000e+00
     15.626     6.7488     6.7488   3.493028   3.493162     2.7270     3.1227     0.5778    34.8559 5.4608e+02      24338          5  0.000e+00
     15.674     6.7486     6.7485   3.493015   3.493070     2.7270     3.1031     0.5778    34.8559 5.4608e+02      24339          5  0.000e+00
     15.682     6.7486     6.7485   3.492995   3.493101     2.7270     3.1031     0.5778    34.8557 5.4608e+02      24340          5  0.000e+00
     15.674     6.7486     6.7485   3.492983   3.493101     2.7258     3.1031     0.5778    34.8556 5.4608e+02      24341          5  0.000e+00
     15.682     6.7485     6.7487   3.492963   3.493070     2.7258     3.1031     0.5778    34.8555 5.4608e+02      24342          5  0.000e+00
     15.562     6.7484     6.7485   3.492970   3.493076     2.7258     3.1031     0.5778    34.8557 5.4608e+02      24343          5  0.000e+00
     15.506     6.7490     6.7482   3.492995   3.493070     2.7270     3.1031     0.5778    34.8554 5.4608e+02      24344          5  0.000e+00
     15.674     6.7484     6.7487   3.492970   3.493101     2.7270     3.1031     0.5778    34.8556 5.4608e+02      24345          5  0.000e+00
     15.570     6.7486     6.7483   3.492995   3.493070     2.7258     3.1031     0.5778    34.8558 5.4608e+02      24346          5  0.000e+00
     15.562     6.7486     6.7483   3.492995   3.493009     2.7258     3.1031     0.5778    34.8558 5.4608e+02      24347          5  0.000e+00
     15.570     6.7486     6.7483   3.492963   3.493101     2.7258     3.1031     0.5778    34.8554 5.4608e+02      24348          5  0.000e+00
     15.618     6.7484     6.7480   3.493002   3.493046     2.7258     3.1031     0.5778    34.8560 5.4608e+02      24349          5  0.000e+00
     15.570     6.7485     6.7482   3.492970   3.493039     2.7270     3.1031     0.5778    34.8556 5.4608e+02      24350          5  0.000e+00
     15.498     6.7481     6.7482   3.492970   3.493101     2.7258     3.1031     0.5778    34.8560 5.4608e+02      24351          5  0.000e+00
     15.570     6.7482     6.7480   3.492944   3.493039     2.7258     3.1031     0.5778    34.8557 5.4608e+02      24352          5  0.000e+00
     15.562     6.7482     6.7482   3.492944   3.493070     2.7270     3.1031     0.5778    34.8557 5.4608e+02      24353          5  0.000e+00
     15.506     6.7481     6.7482   3.492937   3.493070     2.7258     3.1031     0.5778    34.8557 5.4608e+02      24354          5  0.000e+00
     15.562     6.7478     6.7482   3.492898   3.493015     2.7258     3.1031     0.5778    34.8555 5.4608e+02      24355          5  0.000e+00
     15.570     6.7476     6.7481   3.492885   3.493070     2.7258     3.1031     0.5778    34.8556 5.4608e+02      24356          5  0.000e+00
     15.562     6.7473     6.7482   3.492847   3.493039     2.7258     3.1227     0.5778    34.8555 5.4608e+02      24357          5  0.000e+00
     15.506     6.7473     6.7480   3.492892   3.493070     2.7258     3.1031     0.5778    34.8560 5.4608e+02      24358          5  0.000e+00
     15.562     6.7475     6.7482   3.492905   3.493070     2.7258     3.1031     0.5778    34.8559 5.4608e+02      24359          5  0.000e+00
     15.626     6.7473     6.7482   3.492892   3.493039     2.7258     3.1031     0.5778    34.8559 5.4608e+02      24360          5  0.000e+00
     15.498     6.7473     6.7483   3.492918   3.493046     2.7258     3.1227     0.5778    34.8563 5.4608e+02      24361          5  0.000e+00
     15.570     6.7478     6.7487   3.492963   3.493070     2.7258     3.1617     0.5827    34.8563 5.4608e+02      24362          5  0.000e+00
