Ship_data/Irminger/Irminger-5/ctd/process/ar30-03023.ros
* Sea-Bird SBE 9 Data File:
* FileName = D:\Data\ar30-03023.hdr
* Software Version Seasave V 7.23.2
* Temperature SN = 4312
* Conductivity SN = 2148
* Number of Bytes Per Scan = 44
* Number of Voltage Words = 5
* Number of Scans Averaged by the Deck Unit = 1
* NMEA Latitude = 62 03.51 N
* NMEA Longitude = 032 13.91 W
* NMEA UTC (Time) = Jun 22 2018  20:07:00
** Cruise ID: ar30-03
** Chief Sci: Macdonald
** Station #: 023
** Site ID: Irminger 5 CL2
# nquan = 13
# nvalues = 294                                   
# units = specified
# name 0 = prDM: Pressure, Digiquartz [db]
# name 1 = t090C: Temperature [ITS-90, deg C]
# name 2 = t190C: Temperature, 2 [ITS-90, deg C]
# name 3 = c0S/m: Conductivity [S/m]
# name 4 = c1S/m: Conductivity, 2 [S/m]
# name 5 = sbeox0V: Oxygen raw, SBE 43 [V]
# name 6 = flECO-AFL: Fluorescence, WET Labs ECO-AFL/FL [mg/m^3]
# name 7 = turbWETntu0: Turbidity, WET Labs ECO [NTU]
# name 8 = sal00: Salinity, Practical [PSU]
# name 9 = spar: SPAR/Surface Irradiance
# name 10 = scan: Scan Count
# name 11 = nbf: Bottles Fired
# name 12 = flag:  0.000e+00
# interval = seconds: 0.0416667
# start_time = Jun 22 2018 20:08:34 [System UTC, first data scan.]
# bad_flag = -9.990e-29
*END*
[from data line 223]
     18.302     7.2780     7.2778   3.544265   3.544277     2.7380     4.0018     0.6559    34.8826 2.7191e+02      22666          5  0.000e+00
     18.310     7.2778     7.2778   3.544226   3.544289     2.7368     4.0018     0.6510    34.8824 2.7191e+02      22667          5  0.000e+00
     18.358     7.2780     7.2777   3.544246   3.544308     2.7368     4.0018     0.6510    34.8824 2.7191e+02      22668          5  0.000e+00
     18.366     7.2780     7.2779   3.544246   3.544289     2.7368     4.0018     0.6510    34.8824 2.7191e+02      22669          5  0.000e+00
     18.358     7.2782     7.2777   3.544259   3.544308     2.7368     3.8650     0.6315    34.8824 2.7191e+02      22670          5  0.000e+00
     18.366     7.2782     7.2776   3.544291   3.544289     2.7368     3.6501     0.5973    34.8827 2.7191e+02      22671          5  0.000e+00
     18.358     7.2783     7.2787   3.544298   3.544338     2.7368     3.6111     0.5924    34.8827 2.7191e+02      22672          5  0.000e+00
     18.366     7.2785     7.2782   3.544304   3.544326     2.7380     3.6111     0.5924    34.8826 2.7191e+02      22673          5  0.000e+00
     18.414     7.2784     7.2783   3.544304   3.544338     2.7368     3.6306     0.5924    34.8826 2.7191e+02      22674          5  0.000e+00
     18.430     7.2785     7.2784   3.544278   3.544326     2.7380     3.6306     0.5924    34.8823 2.7191e+02      22675          5  0.000e+00
     18.414     7.2785     7.2782   3.544291   3.544338     2.7380     3.6306     0.5924    34.8824 2.7191e+02      22676          5  0.000e+00
     18.430     7.2785     7.2783   3.544304   3.544388     2.7380     3.6306     0.5924    34.8825 2.6967e+02      22677          5  0.000e+00
     18.414     7.2783     7.2783   3.544278   3.544375     2.7380     3.6306     0.5924    34.8824 2.7191e+02      22678          5  0.000e+00
     18.414     7.2783     7.2784   3.544291   3.544326     2.7380     3.6306     0.5924    34.8826 2.6967e+02      22679          5  0.000e+00
     18.486     7.2783     7.2783   3.544304   3.544388     2.7380     3.6306     0.5924    34.8827 2.7191e+02      22680          5  0.000e+00
     18.414     7.2785     7.2783   3.544304   3.544338     2.7380     3.6306     0.5924    34.8826 2.7191e+02      22681          5  0.000e+00
     18.430     7.2783     7.2784   3.544278   3.544357     2.7380     3.6306     0.5924    34.8824 2.7191e+02      22682          5  0.000e+00
     18.478     7.2783     7.2784   3.544291   3.544406     2.7380     3.6306     0.5924    34.8825 2.7191e+02      22683          5  0.000e+00
     18.430     7.2784     7.2783   3.544304   3.544357     2.7380     3.6306     0.5924    34.8826 2.7191e+02      22684          5  0.000e+00
     18.478     7.2783     7.2784   3.544278   3.544375     2.7380     3.6306     0.5924    34.8824 2.7191e+02      22685          5  0.000e+00
     18.486     7.2785     7.2783   3.544291   3.544357     2.7380     3.6306     0.5924    34.8824 2.7191e+02      22686          5  0.000e+00
     18.414     7.2780     7.2784   3.544285   3.544338     2.7380     3.6306     0.5924    34.8828 2.6967e+02      22687          5  0.000e+00
      2.903     7.2823     7.2822   3.542595   3.542669     2.7648     3.2399     0.6071    34.8678 3.0562e+02      25378          6  0.000e+00
      2.903     7.2823     7.2820   3.542569   3.542713     2.7648     3.2204     0.6071    34.8675 3.0562e+02      25379          6  0.000e+00
      2.791     7.2821     7.2822   3.542575   3.542737     2.7648     3.2204     0.6071    34.8678 3.0562e+02      25380          6  0.000e+00
      2.791     7.2823     7.2822   3.542556   3.542682     2.7648     3.2399     0.6071    34.8674 3.0562e+02      25381          6  0.000e+00
      2.727     7.2822     7.2818   3.542575   3.542700     2.7648     3.2204     0.6071    34.8677 3.0562e+02      25382          6  0.000e+00
      2.791     7.2823     7.2820   3.542608   3.542682     2.7648     3.2204     0.6071    34.8680 3.0562e+02      25383          6  0.000e+00
      2.735     7.2823     7.2820   3.542582   3.542669     2.7648     3.2204     0.6071    34.8677 3.0562e+02      25384          6  0.000e+00
      2.847     7.2821     7.2820   3.542582   3.542713     2.7648     3.2204     0.6022    34.8678 3.0562e+02      25385          6  0.000e+00
      2.671     7.2824     7.2820   3.542588   3.542669     2.7648     3.1422     0.5778    34.8677 3.0562e+02      25386          6  0.000e+00
      2.791     7.2824     7.2820   3.542595   3.542682     2.7648     3.1031     0.5680    34.8677 3.0562e+02      25387          6  0.000e+00
      2.727     7.2823     7.2820   3.542595   3.542669     2.7648     3.1031     0.5680    34.8679 3.0338e+02      25388          6  0.000e+00
      2.735     7.2824     7.2820   3.542490   3.542651     2.7648     3.1227     0.5680    34.8666 3.0562e+02      25389          6  0.000e+00
      2.671     7.2821     7.2818   3.542139   3.542712     2.7648     3.1031     0.5680    34.8631 3.0562e+02      25390          6  0.000e+00
      2.727     7.2824     7.2820   3.542302   3.542700     2.7648     3.1227     0.5680    34.8646 3.0562e+02      25391          6  0.000e+00
      2.671     7.2823     7.2818   3.542516   3.542712     2.7648     3.1227     0.5680    34.8670 3.0562e+02      25392          6  0.000e+00
      2.671     7.2823     7.2821   3.542549   3.542700     2.7648     3.1227     0.5680    34.8674 3.0338e+02      25393          6  0.000e+00
      2.727     7.2823     7.2820   3.542575   3.542682     2.7648     3.1227     0.5680    34.8677 3.0562e+02      25394          6  0.000e+00
      2.671     7.2824     7.2822   3.542588   3.542700     2.7648     3.1227     0.5680    34.8677 3.0562e+02      25395          6  0.000e+00
      2.671     7.2824     7.2818   3.542575   3.542682     2.7648     3.1227     0.5680    34.8676 3.0562e+02      25396          6  0.000e+00
      2.671     7.2824     7.2822   3.542536   3.542669     2.7648     3.1227     0.5680    34.8671 3.0562e+02      25397          6  0.000e+00
      2.615     7.2823     7.2818   3.542542   3.542712     2.7648     3.1031     0.5680    34.8674 3.0562e+02      25398          6  0.000e+00
      2.671     7.2823     7.2821   3.542562   3.542669     2.7648     3.1031     0.5680    34.8675 3.0562e+02      25399          6  0.000e+00
      2.671     7.2823     7.2820   3.542562   3.542682     2.7648     3.1227     0.5680    34.8675 3.0562e+02      25400          6  0.000e+00
      2.615     7.2824     7.2818   3.542627   3.542669     2.7648     3.1227     0.5680    34.8682 3.0562e+02      25401          6  0.000e+00
      2.615     7.2823     7.2818   3.542594   3.542682     2.7648     3.1227     0.5680    34.8679 3.0338e+02      25402          6  0.000e+00
      2.671     7.2821     7.2818   3.542536   3.542737     2.7648     3.1227     0.5680    34.8674 3.0562e+02      25403          6  0.000e+00
      2.671     7.2823     7.2818   3.542542   3.542651     2.7648     3.1227     0.5680    34.8673 3.0562e+02      25404          6  0.000e+00
      2.615     7.2822     7.2820   3.542562   3.542669     2.7648     3.1227     0.5680    34.8676 3.0562e+02      25405          6  0.000e+00
      2.671     7.2823     7.2818   3.542562   3.542712     2.7648     3.1227     0.5680    34.8675 3.0562e+02      25406          6  0.000e+00
      2.615     7.2821     7.2818   3.542536   3.542669     2.7648     3.1227     0.5680    34.8674 3.0562e+02      25407          6  0.000e+00
      2.671     7.2821     7.2818   3.542555   3.542682     2.7648     3.1227     0.5680    34.8676 3.0562e+02      25408          6  0.000e+00
      2.615     7.2823     7.2818   3.542581   3.542700     2.7648     3.1227     0.5680    34.8678 3.0338e+02      25409          6  0.000e+00
      2.671     7.2820     7.2818   3.542568   3.542712     2.7648     3.1617     0.5729    34.8679 3.0338e+02      25410          6  0.000e+00
      2.615     7.2823     7.2818   3.542562   3.542669     2.7648     3.1813     0.5729    34.8676 3.0562e+02      25411          6  0.000e+00
      2.671     7.2821     7.2818   3.542562   3.542682     2.7648     3.1813     0.5729    34.8677 3.0562e+02      25412          6  0.000e+00
      2.671     7.2821     7.2818   3.542575   3.542577     2.7648     3.1813     0.5729    34.8678 3.0562e+02      25413          6  0.000e+00
      2.671     7.2821     7.2818   3.542575   3.542682     2.7648     3.1813     0.5729    34.8678 3.0562e+02      25414          6  0.000e+00
      2.671     7.2820     7.2818   3.542562   3.542651     2.7648     3.1813     0.5729    34.8678 3.0338e+02      25415          6  0.000e+00
      2.671     7.2821     7.2818   3.542575   3.542700     2.7648     3.1813     0.5729    34.8678 3.0562e+02      25416          6  0.000e+00
      2.671     7.2818     7.2818   3.542575   3.542651     2.7648     3.1813     0.5729    34.8682 3.0562e+02      25417          6  0.000e+00
      2.727     7.2821     7.2817   3.542536   3.542669     2.7636     3.1617     0.5729    34.8674 3.0338e+02      25418          6  0.000e+00
      2.727     7.2819     7.2817   3.542523   3.542682     2.7648     3.1813     0.5729    34.8675 3.0562e+02      25419          6  0.000e+00
      2.727     7.2818     7.2816   3.542555   3.542669     2.7648     3.1813     0.5729    34.8679 3.0562e+02      25420          6  0.000e+00
      2.735     7.2820     7.2815   3.542562   3.542682     2.7648     3.1813     0.5729    34.8678 3.0338e+02      25421          6  0.000e+00
      2.791     7.2818     7.2818   3.542556   3.542700     2.7636     3.1617     0.5729    34.8679 3.0338e+02      25422          6  0.000e+00
      2.791     7.2820     7.2816   3.542588   3.542682     2.7648     3.1617     0.5729    34.8681 3.0338e+02      25423          6  0.000e+00
      2.847     7.2819     7.2815   3.542595   3.542639     2.7648     3.1813     0.5729    34.8682 3.0338e+02      25424          6  0.000e+00
      2.847     7.2820     7.2817   3.542569   3.542682     2.7648     3.1813     0.5729    34.8678 3.0338e+02      25425          6  0.000e+00
      2.847     7.2820     7.2816   3.542562   3.542700     2.7648     3.1617     0.5729    34.8678 3.0338e+02      25426          6  0.000e+00
