Ship_data/Irminger/Irminger-5/ctd/process/ar30-03016.ros
* Sea-Bird SBE 9 Data File:
* FileName = D:\Data\ar30-03016.hdr
* Software Version Seasave V 7.23.2
* Temperature SN = 4312
* Conductivity SN = 2148
* Number of Bytes Per Scan = 44
* Number of Voltage Words = 5
* Number of Scans Averaged by the Deck Unit = 1
* NMEA Latitude = 59 52.71 N
* NMEA Longitude = 041 08.31 W
* NMEA UTC (Time) = Jun 17 2018  12:01:00
** Cruise ID: ar30-03
** Chief Sci: Macdonald
** Station #: 016
** Site ID: Irminger 5 OSNAP M1
** cast at osnap mooring M1
# nquan = 13
# nvalues = 735                                   
# units = specified
# name 0 = prDM: Pressure, Digiquartz [db]
# name 1 = t090C: Temperature [ITS-90, deg C]
# name 2 = t190C: Temperature, 2 [ITS-90, deg C]
# name 3 = c0S/m: Conductivity [S/m]
# name 4 = c1S/m: Conductivity, 2 [S/m]
# name 5 = sbeox0V: Oxygen raw, SBE 43 [V]
# name 6 = flECO-AFL: Fluorescence, WET Labs ECO-AFL/FL [mg/m^3]
# name 7 = turbWETntu0: Turbidity, WET Labs ECO [NTU]
# name 8 = sal00: Salinity, Practical [PSU]
# name 9 = spar: SPAR/Surface Irradiance
# name 10 = scan: Scan Count
# name 11 = nbf: Bottles Fired
# name 12 = flag:  0.000e+00
# interval = seconds: 0.0416667
# start_time = Jun 17 2018 12:01:00 [System UTC, first data scan.]
# bad_flag = -9.990e-29
*END*
[from data line 223]
   1266.548     3.4802     3.4802   3.256352   3.256445     2.0742    -0.3743     0.3580    34.8956 2.6877e+03      88775          5  0.000e+00
   1266.548     3.4802     3.4802   3.256339   3.256386     2.0742    -0.3743     0.3580    34.8955 2.6877e+03      88776          5  0.000e+00
   1266.614     3.4802     3.4801   3.256358   3.256386     2.0742    -0.3743     0.3580    34.8957 2.6922e+03      88777          5  0.000e+00
   1266.548     3.4802     3.4802   3.256327   3.256445     2.0742    -0.3743     0.3580    34.8953 2.6922e+03      88778          5  0.000e+00
   1266.606     3.4803     3.4803   3.256327   3.256386     2.0742    -0.3743     0.3580    34.8951 2.6922e+03      88779          5  0.000e+00
   1266.614     3.4800     3.4802   3.256358   3.256415     2.0742    -0.3743     0.3580    34.8958 2.6944e+03      88780          5  0.000e+00
   1266.606     3.4802     3.4801   3.256365   3.256445     2.0742    -0.3743     0.3629    34.8957 2.6944e+03      88781          5  0.000e+00
   1266.671     3.4802     3.4804   3.256352   3.256445     2.0742    -0.3743     0.3580    34.8956 2.6944e+03      88782          5  0.000e+00
   1266.614     3.4800     3.4801   3.256339   3.256415     2.0742    -0.3743     0.3580    34.8956 2.6967e+03      88783          5  0.000e+00
   1266.671     3.4802     3.4802   3.256339   3.256415     2.0742    -0.3743     0.3580    34.8954 2.6967e+03      88784          5  0.000e+00
   1266.614     3.4802     3.4802   3.256358   3.256415     2.0742    -0.3743     0.3629    34.8957 2.6967e+03      88785          5  0.000e+00
   1266.671     3.4800     3.4803   3.256346   3.256386     2.0742    -0.3743     0.3580    34.8956 2.6989e+03      88786          5  0.000e+00
   1266.671     3.4802     3.4804   3.256320   3.256445     2.0742    -0.3743     0.3580    34.8952 2.6989e+03      88787          5  0.000e+00
   1266.671     3.4800     3.4801   3.256346   3.256415     2.0742    -0.3743     0.3580    34.8956 2.6989e+03      88788          5  0.000e+00
   1266.606     3.4800     3.4804   3.256346   3.256386     2.0742    -0.3743     0.3580    34.8957 2.6989e+03      88789          5  0.000e+00
   1266.549     3.4800     3.4803   3.256339   3.256415     2.0742    -0.3743     0.3580    34.8956 2.6989e+03      88790          5  0.000e+00
   1266.852     3.4800     3.4804   3.256358   3.256415     2.0742    -0.3743     0.3580    34.8957 2.6989e+03      88791          5  0.000e+00
   1266.672     3.4800     3.4801   3.256327   3.256415     2.0742    -0.3743     0.3580    34.8954 2.6989e+03      88792          5  0.000e+00
   1266.672     3.4799     3.4804   3.256327   3.256415     2.0742    -0.3743     0.3580    34.8956 2.7012e+03      88793          5  0.000e+00
   1266.672     3.4800     3.4800   3.256320   3.256445     2.0742    -0.3743     0.3580    34.8953 2.7012e+03      88794          5  0.000e+00
   1266.672     3.4802     3.4803   3.256327   3.256386     2.0742    -0.3743     0.3580    34.8953 2.7012e+03      88795          5  0.000e+00
   1266.737     3.4800     3.4804   3.256339   3.256415     2.0742    -0.3547     0.3580    34.8955 2.7034e+03      88796          5  0.000e+00
   1013.848     3.4456     3.4455   3.240741   3.240832     2.1940    -0.3547     0.3726    34.8750 1.6967e+03      97596          6  0.000e+00
   1014.027     3.4454     3.4456   3.240772   3.240868     2.1940    -0.3352     0.3678    34.8755 1.6944e+03      97597          6  0.000e+00
   1013.791     3.4456     3.4453   3.240785   3.240832     2.1940    -0.3352     0.3726    34.8756 1.6944e+03      97598          6  0.000e+00
   1013.970     3.4454     3.4457   3.240766   3.240832     2.1940    -0.3547     0.3678    34.8754 1.6922e+03      97599          6  0.000e+00
   1013.970     3.4456     3.4454   3.240772   3.240838     2.1940    -0.3743     0.3678    34.8753 1.6899e+03      97600          6  0.000e+00
   1013.970     3.4454     3.4454   3.240766   3.240862     2.1940    -0.3938     0.3678    34.8754 1.6877e+03      97601          6  0.000e+00
   1014.027     3.4457     3.4457   3.240753   3.240868     2.1940    -0.4133     0.3629    34.8749 1.6854e+03      97602          6  0.000e+00
   1014.035     3.4456     3.4456   3.240791   3.240862     2.1940    -0.3938     0.3629    34.8755 1.6832e+03      97603          6  0.000e+00
   1014.027     3.4454     3.4456   3.240791   3.240832     2.1940    -0.3743     0.3629    34.8757 1.6832e+03      97604          6  0.000e+00
   1014.035     3.4454     3.4453   3.240766   3.240868     2.1940    -0.3938     0.3629    34.8754 1.6809e+03      97605          6  0.000e+00
   1014.084     3.4456     3.4454   3.240772   3.240832     2.1940    -0.3743     0.3629    34.8753 1.6809e+03      97606          6  0.000e+00
   1014.027     3.4456     3.4456   3.240766   3.240862     2.1940    -0.3938     0.3629    34.8752 1.6787e+03      97607          6  0.000e+00
   1014.158     3.4456     3.4453   3.240772   3.240838     2.1940    -0.3938     0.3629    34.8752 1.6764e+03      97608          6  0.000e+00
   1014.084     3.4454     3.4456   3.240804   3.240832     2.1940    -0.3938     0.3629    34.8758 1.6742e+03      97609          6  0.000e+00
   1014.158     3.4456     3.4451   3.240791   3.240832     2.1940    -0.3938     0.3678    34.8755 1.6719e+03      97610          6  0.000e+00
   1014.150     3.4454     3.4452   3.240741   3.240838     2.1940    -0.3743     0.3629    34.8750 1.6719e+03      97611          6  0.000e+00
   1014.158     3.4457     3.4451   3.240741   3.240802     2.1940    -0.3938     0.3629    34.8747 1.6697e+03      97612          6  0.000e+00
   1014.207     3.4456     3.4453   3.240772   3.240838     2.1940    -0.3938     0.3629    34.8752 1.6674e+03      97613          6  0.000e+00
   1014.207     3.4456     3.4453   3.240766   3.240832     2.1940    -0.3938     0.3629    34.8751 1.6674e+03      97614          6  0.000e+00
   1014.215     3.4454     3.4451   3.240753   3.240802     2.1940    -0.3938     0.3629    34.8752 1.6652e+03      97615          6  0.000e+00
   1014.207     3.4454     3.4453   3.240734   3.240868     2.1940    -0.3938     0.3629    34.8749 1.6629e+03      97616          6  0.000e+00
   1014.272     3.4452     3.4450   3.240766   3.240862     2.1940    -0.3938     0.3629    34.8755 1.6629e+03      97617          6  0.000e+00
   1014.272     3.4454     3.4450   3.240766   3.240832     2.1940    -0.3938     0.3629    34.8753 1.6607e+03      97618          6  0.000e+00
   1014.272     3.4454     3.4450   3.240772   3.240838     2.1940    -0.3938     0.3629    34.8754 1.6585e+03      97619          6  0.000e+00
   1014.337     3.4454     3.4452   3.240741   3.240832     2.1940    -0.3938     0.3629    34.8749 1.6585e+03      97620          6  0.000e+00
   1014.329     3.4453     3.4450   3.240741   3.240802     2.1940    -0.3938     0.3629    34.8751 1.6562e+03      97621          6  0.000e+00
   1014.272     3.4453     3.4451   3.240753   3.240838     2.1940    -0.3743     0.3629    34.8753 1.6562e+03      97622          6  0.000e+00
   1014.394     3.4453     3.4450   3.240753   3.240802     2.1940    -0.3938     0.3629    34.8752 1.6540e+03      97623          6  0.000e+00
   1014.329     3.4451     3.4450   3.240753   3.240802     2.1940    -0.3743     0.3629    34.8754 1.6540e+03      97624          6  0.000e+00
   1014.395     3.4451     3.4450   3.240734   3.240838     2.1940    -0.3743     0.3629    34.8752 1.6517e+03      97625          6  0.000e+00
   1014.395     3.4451     3.4452   3.240703   3.240772     2.1940    -0.3547     0.3629    34.8748 1.6495e+03      97626          6  0.000e+00
   1014.395     3.4451     3.4450   3.240734   3.240838     2.1940    -0.3743     0.3629    34.8752 1.6495e+03      97627          6  0.000e+00
   1014.452     3.4451     3.4448   3.240735   3.240802     2.1940    -0.3743     0.3629    34.8751 1.6472e+03      97628          6  0.000e+00
   1014.395     3.4453     3.4450   3.240734   3.240802     2.1940    -0.3743     0.3629    34.8750 1.6472e+03      97629          6  0.000e+00
   1014.452     3.4449     3.4450   3.240728   3.240808     2.1940    -0.3743     0.3629    34.8752 1.6450e+03      97630          6  0.000e+00
   1014.452     3.4456     3.4451   3.240766   3.240802     2.1940    -0.3743     0.3629    34.8750 1.6450e+03      97631          6  0.000e+00
   1014.517     3.4453     3.4452   3.240766   3.240832     2.1940    -0.3743     0.3629    34.8753 1.6427e+03      97632          6  0.000e+00
   1014.452     3.4451     3.4451   3.240753   3.240808     2.1940    -0.3547     0.3629    34.8754 1.6427e+03      97633          6  0.000e+00
   1014.517     3.4453     3.4453   3.240735   3.240862     2.1940    -0.3743     0.3629    34.8749 1.6405e+03      97634          6  0.000e+00
   1014.517     3.4451     3.4452   3.240722   3.240832     2.1940    -0.3743     0.3629    34.8750 1.6382e+03      97635          6  0.000e+00
   1014.517     3.4451     3.4453   3.240766   3.240868     2.1940    -0.3743     0.3629    34.8755 1.6382e+03      97636          6  0.000e+00
   1014.582     3.4453     3.4453   3.240741   3.240862     2.1940    -0.3743     0.3629    34.8750 1.6382e+03      97637          6  0.000e+00
   1014.517     3.4449     3.4453   3.240722   3.240832     2.1940    -0.3743     0.3629    34.8751 1.6360e+03      97638          6  0.000e+00
   1014.582     3.4449     3.4453   3.240703   3.240897     2.1940    -0.3547     0.3629    34.8749 1.6360e+03      97639          6  0.000e+00
   1014.574     3.4451     3.4453   3.240735   3.240832     2.1940    -0.3743     0.3629    34.8751 1.6337e+03      97640          6  0.000e+00
   1014.574     3.4451     3.4453   3.240716   3.240808     2.1940    -0.3743     0.3629    34.8749 1.6337e+03      97641          6  0.000e+00
   1014.639     3.4449     3.4451   3.240716   3.240862     2.1940    -0.3743     0.3629    34.8750 1.6337e+03      97642          6  0.000e+00
   1014.640     3.4450     3.4451   3.240741   3.240892     2.1940    -0.3743     0.3629    34.8752 1.6315e+03      97643          6  0.000e+00
   1014.640     3.4451     3.4453   3.240735   3.240838     2.1940    -0.3547     0.3629    34.8750 1.6315e+03      97644          6  0.000e+00
    761.410     3.5976     3.5970   3.244263   3.244277     2.2699    -0.3743     0.3726    34.8869 2.3888e+03     107009          7  0.000e+00
    761.167     3.5976     3.5969   3.244219   3.244253     2.2699    -0.3743     0.3726    34.8865 2.3866e+03     107010          7  0.000e+00
    761.288     3.5977     3.5969   3.244244   3.244313     2.2699    -0.3743     0.3726    34.8865 2.3843e+03     107011          7  0.000e+00
    761.467     3.5976     3.5969   3.244244   3.244277     2.2699    -0.3743     0.3726    34.8866 2.3821e+03     107012          7  0.000e+00
    761.110     3.5976     3.5971   3.244250   3.244283     2.2699    -0.3743     0.3726    34.8869 2.3798e+03     107013          7  0.000e+00
    761.467     3.5976     3.5969   3.244263   3.244277     2.2699    -0.3743     0.3726    34.8868 2.3798e+03     107014          7  0.000e+00
    761.345     3.5976     3.5971   3.244244   3.244283     2.2699    -0.3743     0.3726    34.8867 2.3753e+03     107015          7  0.000e+00
    761.353     3.5976     3.5969   3.244250   3.244247     2.2699    -0.3547     0.3726    34.8868 2.3663e+03     107016          7  0.000e+00
    761.345     3.5977     3.5969   3.244244   3.244283     2.2699    -0.3743     0.3726    34.8865 2.3618e+03     107017          7  0.000e+00
    761.410     3.5977     3.5971   3.244231   3.244277     2.2699    -0.3743     0.3726    34.8863 2.3641e+03     107018          7  0.000e+00
    761.402     3.5976     3.5969   3.244250   3.244283     2.2699    -0.3743     0.3726    34.8867 2.3686e+03     107019          7  0.000e+00
    761.410     3.5974     3.5970   3.244263   3.244277     2.2699    -0.3743     0.3726    34.8870 2.3708e+03     107020          7  0.000e+00
    761.402     3.5976     3.5969   3.244238   3.244283     2.2699    -0.3743     0.3726    34.8866 2.3663e+03     107021          7  0.000e+00
    761.410     3.5974     3.5972   3.244206   3.244313     2.2699    -0.3743     0.3726    34.8864 2.3596e+03     107022          7  0.000e+00
    761.402     3.5976     3.5972   3.244244   3.244247     2.2699    -0.3938     0.3726    34.8867 2.3573e+03     107023          7  0.000e+00
    761.475     3.5976     3.5972   3.244244   3.244283     2.2699    -0.3938     0.3678    34.8866 2.3573e+03     107024          7  0.000e+00
    761.467     3.5976     3.5971   3.244250   3.244307     2.2699    -0.3938     0.3678    34.8867 2.3551e+03     107025          7  0.000e+00
    761.475     3.5974     3.5971   3.244244   3.244313     2.2699    -0.3938     0.3678    34.8868 2.3506e+03     107026          7  0.000e+00
    761.467     3.5974     3.5972   3.244231   3.244307     2.2699    -0.3938     0.3678    34.8867 2.3461e+03     107027          7  0.000e+00
    761.532     3.5974     3.5974   3.244232   3.244313     2.2699    -0.3743     0.3678    34.8866 2.3439e+03     107028          7  0.000e+00
    761.524     3.5976     3.5972   3.244232   3.244337     2.2699    -0.3938     0.3726    34.8864 2.3416e+03     107029          7  0.000e+00
    761.532     3.5977     3.5971   3.244232   3.244313     2.2699    -0.3743     0.3678    34.8863 2.3394e+03     107030          7  0.000e+00
    761.524     3.5972     3.5972   3.244250   3.244307     2.2699    -0.3938     0.3678    34.8871 2.3371e+03     107031          7  0.000e+00
    761.532     3.5976     3.5974   3.244244   3.244313     2.2699    -0.3743     0.3678    34.8866 2.3326e+03     107032          7  0.000e+00
    761.589     3.5976     3.5972   3.244232   3.244307     2.2699    -0.3938     0.3678    34.8864 2.3304e+03     107033          7  0.000e+00
    761.524     3.5976     3.5972   3.244250   3.244283     2.2699    -0.3938     0.3678    34.8867 2.3281e+03     107034          7  0.000e+00
    761.589     3.5976     3.5973   3.244244   3.244313     2.2699    -0.3938     0.3678    34.8866 2.3259e+03     107035          7  0.000e+00
    761.589     3.5974     3.5972   3.244232   3.244307     2.2699    -0.3938     0.3678    34.8866 2.3214e+03     107036          7  0.000e+00
    761.589     3.5976     3.5974   3.244206   3.244343     2.2699    -0.3938     0.3678    34.8861 2.3146e+03     107037          7  0.000e+00
    761.589     3.5974     3.5972   3.244219   3.244307     2.2699    -0.3938     0.3726    34.8864 2.3079e+03     107038          7  0.000e+00
    761.654     3.5974     3.5974   3.244232   3.244283     2.2699    -0.3938     0.3678    34.8866 2.3079e+03     107039          7  0.000e+00
    761.646     3.5976     3.5974   3.244232   3.244337     2.2699    -0.3938     0.3678    34.8864 2.3012e+03     107040          7  0.000e+00
    761.589     3.5976     3.5973   3.244232   3.244283     2.2699    -0.3743     0.3678    34.8864 2.2922e+03     107041          7  0.000e+00
    761.646     3.5976     3.5969   3.244232   3.244307     2.2699    -0.3938     0.3678    34.8864 2.2899e+03     107042          7  0.000e+00
    761.654     3.5976     3.5971   3.244232   3.244313     2.2699    -0.3938     0.3678    34.8864 2.2854e+03     107043          7  0.000e+00
    761.646     3.5976     3.5971   3.244269   3.244337     2.2699    -0.3938     0.3726    34.8868 2.2854e+03     107044          7  0.000e+00
    761.654     3.5976     3.5966   3.244225   3.244283     2.2699    -0.3938     0.3678    34.8863 2.2832e+03     107045          7  0.000e+00
    761.711     3.5977     3.5966   3.244219   3.244253     2.2699    -0.3938     0.3726    34.8860 2.2764e+03     107046          7  0.000e+00
    761.654     3.5976     3.5967   3.244232   3.244277     2.2687    -0.3743     0.3775    34.8864 2.2719e+03     107047          7  0.000e+00
