Ship_data/Irminger/Irminger-5/ctd/process/ar30-03008.ros
* Sea-Bird SBE 9 Data File:
* FileName = D:\Data\ar30-03008.hdr
* Software Version Seasave V 7.23.2
* Temperature SN = 4312
* Conductivity SN = 2148
* Number of Bytes Per Scan = 44
* Number of Voltage Words = 5
* Number of Scans Averaged by the Deck Unit = 1
* NMEA Latitude = 59 43.05 N
* NMEA Longitude = 039 20.61 W
* NMEA UTC (Time) = Jun 11 2018  15:14:36
** Cruise ID: ar30-03
** Chief Sci: Macdonald
** Station #: 008
** Site ID: Irminger 5 FLMB
** ctd cast at FLMB with bottom release testing
# nquan = 13
# nvalues = 147                                   
# units = specified
# name 0 = prDM: Pressure, Digiquartz [db]
# name 1 = t090C: Temperature [ITS-90, deg C]
# name 2 = t190C: Temperature, 2 [ITS-90, deg C]
# name 3 = c0S/m: Conductivity [S/m]
# name 4 = c1S/m: Conductivity, 2 [S/m]
# name 5 = sbeox0V: Oxygen raw, SBE 43 [V]
# name 6 = flECO-AFL: Fluorescence, WET Labs ECO-AFL/FL [mg/m^3]
# name 7 = turbWETntu0: Turbidity, WET Labs ECO [NTU]
# name 8 = sal00: Salinity, Practical [PSU]
# name 9 = spar: SPAR/Surface Irradiance
# name 10 = scan: Scan Count
# name 11 = nbf: Bottles Fired
# name 12 = flag:  0.000e+00
# interval = seconds: 0.0416667
# start_time = Jun 11 2018 15:14:36 [System UTC, first data scan.]
# bad_flag = -9.990e-29
*END*
   2838.735     1.4557     1.4575   3.140669   3.140782     1.5840    -0.3743     0.4019    34.8859 5.1686e+02      76941          1  0.000e+00
   2838.768     1.4557     1.4575   3.140657   3.140812     1.5840    -0.3743     0.4019    34.8857 5.1686e+02      76942          1  0.000e+00
   2838.668     1.4554     1.4573   3.140675   3.140782     1.5840    -0.3743     0.4019    34.8864 5.1686e+02      76943          1  0.000e+00
   2838.701     1.4555     1.4573   3.140657   3.140811     1.5828    -0.3743     0.4019    34.8859 5.1911e+02      76944          1  0.000e+00
   2838.735     1.4555     1.4572   3.140619   3.140782     1.5841    -0.3743     0.4068    34.8855 5.1686e+02      76945          1  0.000e+00
   2838.701     1.4555     1.4573   3.140650   3.140811     1.5828    -0.3743     0.4068    34.8859 5.1686e+02      76946          1  0.000e+00
   2838.601     1.4555     1.4572   3.140669   3.140782     1.5828    -0.3743     0.4068    34.8861 5.1686e+02      76947          1  0.000e+00
   2838.701     1.4557     1.4570   3.140688   3.140812     1.5828    -0.3743     0.4019    34.8861 5.1686e+02      76948          1  0.000e+00
   2838.668     1.4555     1.4570   3.140657   3.140782     1.5828    -0.3743     0.4068    34.8860 5.1686e+02      76949          1  0.000e+00
   2838.643     1.4554     1.4571   3.140619   3.140753     1.5828    -0.3743     0.4019    34.8857 5.1911e+02      76950          1  0.000e+00
   2838.601     1.4554     1.4572   3.140644   3.140782     1.5815    -0.3743     0.4068    34.8860 5.1911e+02      76951          1  0.000e+00
   2838.643     1.4555     1.4569   3.140663   3.140782     1.5815    -0.3743     0.4019    34.8860 5.1686e+02      76952          1  0.000e+00
   2838.601     1.4555     1.4572   3.140669   3.140782     1.5815    -0.3743     0.4068    34.8861 5.1911e+02      76953          1  0.000e+00
   2838.576     1.4555     1.4570   3.140650   3.140782     1.5815    -0.3743     0.4019    34.8859 5.1911e+02      76954          1  0.000e+00
   2838.601     1.4555     1.4573   3.140657   3.140782     1.5815    -0.3938     0.4019    34.8860 5.1686e+02      76955          1  0.000e+00
   2838.576     1.4555     1.4566   3.140669   3.140841     1.5803    -0.3938     0.3971    34.8862 5.1686e+02      76956          1  0.000e+00
   2838.542     1.4556     1.4578   3.140650   3.140782     1.5803    -0.3938     0.3971    34.8859 5.1911e+02      76957          1  0.000e+00
   2838.576     1.4557     1.4570   3.140657   3.140811     1.5803    -0.3938     0.3971    34.8858 5.1911e+02      76958          1  0.000e+00
   2838.601     1.4554     1.4573   3.140650   3.140782     1.5803    -0.3938     0.3971    34.8861 5.1911e+02      76959          1  0.000e+00
   2838.509     1.4557     1.4570   3.140657   3.140782     1.5803    -0.3938     0.3971    34.8859 5.1911e+02      76960          1  0.000e+00
   2838.509     1.4554     1.4573   3.140650   3.140782     1.5790    -0.3938     0.3971    34.8861 5.1911e+02      76961          1  0.000e+00
   2838.542     1.4554     1.4572   3.140638   3.140753     1.5790    -0.3938     0.3971    34.8860 5.1911e+02      76962          1  0.000e+00
   2838.576     1.4555     1.4570   3.140675   3.140782     1.5790    -0.3938     0.3971    34.8862 5.1911e+02      76963          1  0.000e+00
   2838.475     1.4555     1.4570   3.140675   3.140782     1.5778    -0.3938     0.3971    34.8863 5.1911e+02      76964          1  0.000e+00
   2838.509     1.4555     1.4570   3.140650   3.140811     1.5778    -0.3938     0.3971    34.8860 5.1911e+02      76965          1  0.000e+00
   2838.542     1.4555     1.4572   3.140675   3.140782     1.5778    -0.3938     0.3971    34.8862 5.1911e+02      76966          1  0.000e+00
   2838.509     1.4555     1.4572   3.140675   3.140811     1.5778    -0.3938     0.3971    34.8863 5.1911e+02      76967          1  0.000e+00
   2838.475     1.4555     1.4573   3.140650   3.140753     1.5778    -0.3938     0.3971    34.8860 5.1911e+02      76968          1  0.000e+00
   2838.509     1.4554     1.4575   3.140657   3.140811     1.5778    -0.3938     0.3971    34.8862 5.1911e+02      76969          1  0.000e+00
   2838.475     1.4555     1.4573   3.140650   3.140782     1.5765    -0.3938     0.3971    34.8860 5.2136e+02      76970          1  0.000e+00
   2838.509     1.4552     1.4572   3.140638   3.140753     1.5765    -0.3938     0.3971    34.8862 5.2136e+02      76971          1  0.000e+00
   2838.476     1.4555     1.4573   3.140657   3.140811     1.5765    -0.3938     0.3971    34.8860 5.1911e+02      76972          1  0.000e+00
   2838.509     1.4555     1.4570   3.140650   3.140782     1.5765    -0.3938     0.3971    34.8860 5.2136e+02      76973          1  0.000e+00
   2838.476     1.4555     1.4572   3.140638   3.140782     1.5765    -0.3938     0.3971    34.8858 5.2136e+02      76974          1  0.000e+00
   2838.509     1.4557     1.4572   3.140638   3.140753     1.5753    -0.3938     0.3971    34.8856 5.1911e+02      76975          1  0.000e+00
   2838.543     1.4555     1.4571   3.140638   3.140811     1.5753    -0.3938     0.3971    34.8858 5.2136e+02      76976          1  0.000e+00
   2838.509     1.4557     1.4572   3.140675   3.140811     1.5753    -0.3938     0.3971    34.8861 5.2136e+02      76977          1  0.000e+00
   2838.476     1.4554     1.4568   3.140675   3.140753     1.5753    -0.3938     0.3971    34.8865 5.2136e+02      76978          1  0.000e+00
   2838.509     1.4555     1.4570   3.140626   3.140811     1.5740    -0.3743     0.3971    34.8856 5.2136e+02      76979          1  0.000e+00
   2838.543     1.4555     1.4569   3.140607   3.140753     1.5740    -0.3743     0.3971    34.8854 5.1911e+02      76980          1  0.000e+00
   2838.509     1.4555     1.4570   3.140650   3.140753     1.5740    -0.3743     0.3971    34.8860 5.2136e+02      76981          1  0.000e+00
   2838.543     1.4555     1.4573   3.140669   3.140782     1.5740    -0.3743     0.3971    34.8862 5.2136e+02      76982          1  0.000e+00
   2838.577     1.4555     1.4570   3.140644   3.140811     1.5728    -0.3743     0.3971    34.8858 5.1911e+02      76983          1  0.000e+00
   2838.543     1.4555     1.4572   3.140657   3.140782     1.5728    -0.3743     0.3971    34.8860 5.2136e+02      76984          1  0.000e+00
   2838.510     1.4557     1.4570   3.140626   3.140782     1.5728    -0.3743     0.3971    34.8855 5.2136e+02      76985          1  0.000e+00
   2838.577     1.4558     1.4572   3.140650   3.140753     1.5728    -0.3743     0.3971    34.8856 5.2136e+02      76986          1  0.000e+00
   2838.602     1.4557     1.4570   3.140650   3.140782     1.5715    -0.3743     0.3971    34.8857 5.2136e+02      76987          1  0.000e+00
   2838.577     1.4557     1.4569   3.140657   3.140782     1.5715    -0.3743     0.3971    34.8858 5.2136e+02      76988          1  0.000e+00
   2838.602     1.4555     1.4570   3.140681   3.140753     1.5715    -0.3743     0.3971    34.8863 5.2136e+02      76989          1  0.000e+00
   2213.824     3.0311     3.0326   3.256142   3.256447     1.5938    -0.3743     0.3580    34.9046 5.0787e+02      98133          2  0.000e+00
   2213.616     3.0309     3.0325   3.256173   3.256507     1.5938    -0.3743     0.3580    34.9053 5.1012e+02      98134          2  0.000e+00
   2213.932     3.0309     3.0325   3.256192   3.256477     1.5938    -0.3743     0.3580    34.9053 5.1012e+02      98135          2  0.000e+00
   2213.807     3.0309     3.0325   3.256173   3.256536     1.5938    -0.3743     0.3580    34.9052 5.0787e+02      98136          2  0.000e+00
   2213.882     3.0307     3.0323   3.256180   3.256447     1.5938    -0.3743     0.3580    34.9054 5.1012e+02      98137          2  0.000e+00
   2213.866     3.0307     3.0321   3.256192   3.256507     1.5938    -0.3743     0.3580    34.9055 5.1012e+02      98138          2  0.000e+00
   2213.932     3.0307     3.0325   3.256173   3.256447     1.5938    -0.3743     0.3580    34.9053 5.1012e+02      98139          2  0.000e+00
   2213.882     3.0307     3.0321   3.256180   3.256507     1.5938    -0.3743     0.3580    34.9054 5.0787e+02      98140          2  0.000e+00
   2213.990     3.0309     3.0320   3.256192   3.256507     1.5938    -0.3743     0.3580    34.9053 5.1012e+02      98141          2  0.000e+00
   2213.932     3.0307     3.0318   3.256154   3.256447     1.5938    -0.3743     0.3580    34.9051 5.0787e+02      98142          2  0.000e+00
   2213.990     3.0306     3.0318   3.256243   3.256447     1.5938    -0.3743     0.3580    34.9062 5.1012e+02      98143          2  0.000e+00
   2214.073     3.0307     3.0316   3.256217   3.256417     1.5951    -0.3743     0.3580    34.9057 5.1012e+02      98144          2  0.000e+00
   2214.057     3.0309     3.0316   3.256211   3.256447     1.5951    -0.3743     0.3580    34.9055 5.1012e+02      98145          2  0.000e+00
   2214.057     3.0306     3.0320   3.256205   3.256477     1.5951    -0.3743     0.3580    34.9058 5.1012e+02      98146          2  0.000e+00
   2214.073     3.0309     3.0320   3.256192   3.256417     1.5951    -0.3743     0.3580    34.9053 5.1012e+02      98147          2  0.000e+00
   2214.123     3.0307     3.0321   3.256192   3.256447     1.5951    -0.3743     0.3580    34.9054 5.1012e+02      98148          2  0.000e+00
   2214.181     3.0307     3.0320   3.256211   3.256447     1.5951    -0.3743     0.3580    34.9056 5.1012e+02      98149          2  0.000e+00
   2214.140     3.0306     3.0320   3.256205   3.256477     1.5951    -0.3938     0.3580    34.9057 5.1012e+02      98150          2  0.000e+00
   2214.182     3.0307     3.0318   3.256211   3.256447     1.5951    -0.3938     0.3580    34.9056 5.1012e+02      98151          2  0.000e+00
   2214.182     3.0307     3.0320   3.256243   3.256447     1.5951    -0.3938     0.3580    34.9060 5.1012e+02      98152          2  0.000e+00
   2214.248     3.0306     3.0318   3.256211   3.256447     1.5951    -0.3938     0.3580    34.9058 5.1237e+02      98153          2  0.000e+00
   2214.198     3.0307     3.0321   3.256230   3.256417     1.5951    -0.3938     0.3580    34.9058 5.1237e+02      98154          2  0.000e+00
   2214.248     3.0306     3.0320   3.256249   3.256477     1.5951    -0.3938     0.3580    34.9062 5.1012e+02      98155          2  0.000e+00
   2214.182     3.0306     3.0320   3.256211   3.256447     1.5951    -0.3938     0.3580    34.9058 5.1012e+02      98156          2  0.000e+00
   2214.265     3.0306     3.0321   3.256211   3.256447     1.5951    -0.3938     0.3580    34.9057 5.1237e+02      98157          2  0.000e+00
   2214.182     3.0306     3.0323   3.256205   3.256417     1.5951    -0.3938     0.3580    34.9057 5.1237e+02      98158          2  0.000e+00
   2214.248     3.0306     3.0320   3.256192   3.256477     1.5951    -0.3938     0.3580    34.9055 5.1012e+02      98159          2  0.000e+00
   2214.265     3.0306     3.0320   3.256211   3.256447     1.5951    -0.3938     0.3580    34.9057 5.1237e+02      98160          2  0.000e+00
   2214.182     3.0303     3.0321   3.256205   3.256477     1.5963    -0.3938     0.3580    34.9060 5.1237e+02      98161          2  0.000e+00
   2214.182     3.0307     3.0321   3.256192   3.256447     1.5951    -0.3938     0.3580    34.9054 5.1237e+02      98162          2  0.000e+00
   2214.140     3.0304     3.0321   3.256192   3.256477     1.5963    -0.3938     0.3580    34.9057 5.1237e+02      98163          2  0.000e+00
   2214.182     3.0307     3.0321   3.256192   3.256417     1.5963    -0.3938     0.3580    34.9054 5.1237e+02      98164          2  0.000e+00
   2214.124     3.0307     3.0321   3.256211   3.256477     1.5963    -0.3938     0.3580    34.9056 5.1237e+02      98165          2  0.000e+00
   2214.124     3.0306     3.0323   3.256180   3.256447     1.5963    -0.3938     0.3580    34.9054 5.1237e+02      98166          2  0.000e+00
   2214.140     3.0304     3.0323   3.256205   3.256447     1.5963    -0.3938     0.3580    34.9059 5.1237e+02      98167          2  0.000e+00
   2214.124     3.0304     3.0325   3.256224   3.256477     1.5963    -0.3938     0.3580    34.9061 5.1237e+02      98168          2  0.000e+00
   2214.057     3.0306     3.0323   3.256205   3.256417     1.5963    -0.3938     0.3580    34.9058 5.1237e+02      98169          2  0.000e+00
   2214.140     3.0306     3.0323   3.256192   3.256447     1.5963    -0.3938     0.3580    34.9056 5.1237e+02      98170          2  0.000e+00
   2214.057     3.0306     3.0323   3.256192   3.256447     1.5963    -0.3938     0.3580    34.9056 5.1237e+02      98171          2  0.000e+00
   2213.991     3.0307     3.0325   3.256230   3.256477     1.5963    -0.3938     0.3580    34.9059 5.1237e+02      98172          2  0.000e+00
   2214.074     3.0306     3.0325   3.256211   3.256447     1.5963    -0.3938     0.3580    34.9058 5.1461e+02      98173          2  0.000e+00
   2214.057     3.0304     3.0321   3.256192   3.256477     1.5963    -0.3938     0.3580    34.9058 5.1237e+02      98174          2  0.000e+00
   2213.933     3.0307     3.0323   3.256192   3.256417     1.5963    -0.3938     0.3580    34.9055 5.1237e+02      98175          2  0.000e+00
   2214.057     3.0306     3.0325   3.256192   3.256417     1.5963    -0.3938     0.3580    34.9056 5.1237e+02      98176          2  0.000e+00
   2213.949     3.0306     3.0325   3.256192   3.256447     1.5963    -0.3938     0.3580    34.9057 5.1237e+02      98177          2  0.000e+00
   2213.933     3.0306     3.0328   3.256211   3.256447     1.5963    -0.3938     0.3580    34.9059 5.1237e+02      98178          2  0.000e+00
   2213.866     3.0309     3.0325   3.256224   3.256477     1.5976    -0.3938     0.3580    34.9057 5.1237e+02      98179          2  0.000e+00
   2213.883     3.0306     3.0328   3.256205   3.256477     1.5976    -0.3938     0.3580    34.9058 5.1237e+02      98180          2  0.000e+00
   2213.808     3.0307     3.0328   3.256192   3.256507     1.5976    -0.3938     0.3580    34.9056 5.1237e+02      98181          2  0.000e+00
   1822.219     3.4681     3.4687   3.279580   3.279614     1.9283    -0.3938     0.3580    34.9098 7.0338e+02     130873          3  0.000e+00
   1822.070     3.4681     3.4687   3.279586   3.279596     1.9295    -0.3938     0.3629    34.9099 7.0563e+02     130874          3  0.000e+00
   1822.285     3.4681     3.4685   3.279605   3.279614     1.9283    -0.3938     0.3629    34.9100 7.0338e+02     130875          3  0.000e+00
   1822.136     3.4681     3.4686   3.279580   3.279566     1.9283    -0.3938     0.3629    34.9098 7.0563e+02     130876          3  0.000e+00
   1822.070     3.4681     3.4684   3.279567   3.279566     1.9283    -0.3938     0.3629    34.9097 7.0338e+02     130877          3  0.000e+00
   1822.095     3.4681     3.4686   3.279580   3.279584     1.9283    -0.3938     0.3629    34.9098 7.0338e+02     130878          3  0.000e+00
   1822.012     3.4681     3.4684   3.279586   3.279626     1.9283    -0.3938     0.3629    34.9100 7.0563e+02     130879          3  0.000e+00
   1822.095     3.4681     3.4686   3.279548   3.279584     1.9283    -0.3938     0.3629    34.9094 7.0563e+02     130880          3  0.000e+00
   1821.946     3.4680     3.4685   3.279567   3.279596     1.9295    -0.3938     0.3629    34.9099 7.0563e+02     130881          3  0.000e+00
   1822.029     3.4681     3.4685   3.279567   3.279626     1.9295    -0.3938     0.3678    34.9097 7.0563e+02     130882          3  0.000e+00
   1821.946     3.4680     3.4684   3.279561   3.279584     1.9283    -0.3938     0.3678    34.9098 7.0563e+02     130883          3  0.000e+00
   1821.946     3.4680     3.4682   3.279561   3.279596     1.9283    -0.3938     0.3629    34.9098 7.0563e+02     130884          3  0.000e+00
   1821.905     3.4680     3.4686   3.279561   3.279614     1.9283    -0.3938     0.3629    34.9098 7.0563e+02     130885          3  0.000e+00
