Ship_data/Irminger/Irminger-5/ctd/process/ar30-03012.ros
* Sea-Bird SBE 9 Data File:
* FileName = D:\Data\ar30-03012.hdr
* Software Version Seasave V 7.23.2
* Temperature SN = 4312
* Conductivity SN = 2148
* Number of Bytes Per Scan = 44
* Number of Voltage Words = 5
* Number of Scans Averaged by the Deck Unit = 1
* NMEA Latitude = 59 40.85 N
* NMEA Longitude = 038 56.40 W
* NMEA UTC (Time) = Jun 13 2018  17:00:29
** Cruise ID: ar30-03
** Chief Sci: Macdonald
** Station #: 012
** Site ID: Irminger 5 OSNAP CV4
# nquan = 13
# nvalues = 637                                   
# units = specified
# name 0 = prDM: Pressure, Digiquartz [db]
# name 1 = t090C: Temperature [ITS-90, deg C]
# name 2 = t190C: Temperature, 2 [ITS-90, deg C]
# name 3 = c0S/m: Conductivity [S/m]
# name 4 = c1S/m: Conductivity, 2 [S/m]
# name 5 = sbeox0V: Oxygen raw, SBE 43 [V]
# name 6 = flECO-AFL: Fluorescence, WET Labs ECO-AFL/FL [mg/m^3]
# name 7 = turbWETntu0: Turbidity, WET Labs ECO [NTU]
# name 8 = sal00: Salinity, Practical [PSU]
# name 9 = spar: SPAR/Surface Irradiance
# name 10 = scan: Scan Count
# name 11 = nbf: Bottles Fired
# name 12 = flag:  0.000e+00
# interval = seconds: 0.0416667
# start_time = Jun 13 2018 17:00:29 [System UTC, first data scan.]
# bad_flag = -9.990e-29
*END*
[from data line 223]
   1825.700     3.5077     3.5075   3.284665   3.284694     1.9093    -0.3938     0.3580    34.9266 7.2361e+02     114645          5  0.000e+00
   1825.725     3.5076     3.5074   3.284659   3.284688     1.9093    -0.3938     0.3580    34.9267 7.2585e+02     114646          5  0.000e+00
   1825.700     3.5076     3.5075   3.284665   3.284694     1.9093    -0.3743     0.3580    34.9268 7.2361e+02     114647          5  0.000e+00
   1825.758     3.5076     3.5075   3.284678   3.284688     1.9093    -0.3938     0.3580    34.9269 7.2361e+02     114648          5  0.000e+00
   1825.725     3.5076     3.5074   3.284659   3.284694     1.9093    -0.3938     0.3580    34.9267 7.2361e+02     114649          5  0.000e+00
   1825.824     3.5074     3.5074   3.284659   3.284718     1.9093    -0.3743     0.3580    34.9268 7.2585e+02     114650          5  0.000e+00
   1825.758     3.5076     3.5074   3.284671   3.284724     1.9093    -0.3743     0.3580    34.9268 7.2585e+02     114651          5  0.000e+00
   1825.783     3.5074     3.5074   3.284678   3.284688     1.9093    -0.3547     0.3531    34.9271 7.2585e+02     114652          5  0.000e+00
   1825.824     3.5074     3.5071   3.284678   3.284634     1.9093    -0.3743     0.3531    34.9270 7.2585e+02     114653          5  0.000e+00
   1825.882     3.5074     3.5072   3.284697   3.284688     1.9105    -0.3547     0.3580    34.9272 7.2585e+02     114654          5  0.000e+00
   1825.849     3.5076     3.5070   3.284684   3.284599     1.9105    -0.3547     0.3531    34.9269 7.2585e+02     114655          5  0.000e+00
   1825.882     3.5076     3.5072   3.284678   3.284664     1.9105    -0.3547     0.3580    34.9268 7.2585e+02     114656          5  0.000e+00
   1825.882     3.5074     3.5066   3.284659   3.284658     1.9105    -0.3547     0.3580    34.9268 7.2585e+02     114657          5  0.000e+00
   1825.915     3.5073     3.5069   3.284627   3.284605     1.9105    -0.3547     0.3531    34.9266 7.2585e+02     114658          5  0.000e+00
   1825.948     3.5071     3.5066   3.284634   3.284658     1.9105    -0.3547     0.3580    34.9268 7.2585e+02     114659          5  0.000e+00
   1825.948     3.5071     3.5069   3.284659   3.284664     1.9093    -0.3743     0.3531    34.9271 7.2810e+02     114660          5  0.000e+00
   1825.973     3.5070     3.5068   3.284672   3.284628     1.9105    -0.3743     0.3531    34.9274 7.2585e+02     114661          5  0.000e+00
   1825.948     3.5073     3.5069   3.284678   3.284634     1.9105    -0.3547     0.3580    34.9271 7.2585e+02     114662          5  0.000e+00
   1826.014     3.5071     3.5070   3.284659   3.284688     1.9105    -0.3743     0.3531    34.9271 7.2810e+02     114663          5  0.000e+00
   1826.039     3.5073     3.5071   3.284646   3.284664     1.9105    -0.3547     0.3531    34.9267 7.2810e+02     114664          5  0.000e+00
   1826.072     3.5074     3.5070   3.284665   3.284629     1.9093    -0.3547     0.3531    34.9268 7.2810e+02     114665          5  0.000e+00
   1826.072     3.5071     3.5069   3.284659   3.284599     1.9105    -0.3547     0.3580    34.9270 7.2810e+02     114666          5  0.000e+00
   1521.725     3.3184     3.3185   3.249767   3.249908     2.0872    -0.3547     0.3580    34.8605 6.9214e+02     124005          6  0.000e+00
   1521.601     3.3183     3.3188   3.249792   3.249849     2.0860    -0.3743     0.3580    34.8610 6.9214e+02     124006          6  0.000e+00
   1521.725     3.3181     3.3186   3.249792   3.249849     2.0860    -0.3743     0.3580    34.8611 6.9214e+02     124007          6  0.000e+00
   1521.667     3.3185     3.3188   3.249786   3.249908     2.0872    -0.3743     0.3580    34.8607 6.9214e+02     124008          6  0.000e+00
   1521.667     3.3183     3.3185   3.249805   3.249908     2.0872    -0.3547     0.3580    34.8611 6.9214e+02     124009          6  0.000e+00
   1521.659     3.3181     3.3188   3.249792   3.249878     2.0872    -0.3547     0.3580    34.8612 6.9214e+02     124010          6  0.000e+00
   1521.725     3.3183     3.3186   3.249786   3.249908     2.0872    -0.3743     0.3580    34.8608 6.9214e+02     124011          6  0.000e+00
   1521.667     3.3182     3.3186   3.249786   3.249878     2.0872    -0.3743     0.3580    34.8610 6.9214e+02     124012          6  0.000e+00
   1521.725     3.3181     3.3186   3.249805   3.249908     2.0872    -0.3547     0.3580    34.8613 6.9214e+02     124013          6  0.000e+00
   1521.667     3.3182     3.3185   3.249792   3.249878     2.0872    -0.3743     0.3580    34.8611 6.9214e+02     124014          6  0.000e+00
   1521.725     3.3180     3.3185   3.249786   3.249938     2.0872    -0.3743     0.3580    34.8612 6.9214e+02     124015          6  0.000e+00
   1521.659     3.3181     3.3185   3.249786   3.249908     2.0872    -0.3547     0.3580    34.8611 6.9214e+02     124016          6  0.000e+00
   1521.725     3.3183     3.3186   3.249767   3.249849     2.0872    -0.3743     0.3580    34.8606 6.9214e+02     124017          6  0.000e+00
   1521.725     3.3183     3.3185   3.249773   3.249878     2.0872    -0.3547     0.3580    34.8607 6.9214e+02     124018          6  0.000e+00
   1521.659     3.3181     3.3185   3.249786   3.249878     2.0872    -0.3547     0.3580    34.8611 6.9214e+02     124019          6  0.000e+00
   1521.791     3.3182     3.3182   3.249786   3.249878     2.0872    -0.3547     0.3580    34.8610 6.9214e+02     124020          6  0.000e+00
   1521.659     3.3182     3.3185   3.249767   3.249878     2.0872    -0.3743     0.3580    34.8608 6.9214e+02     124021          6  0.000e+00
   1521.725     3.3183     3.3185   3.249792   3.249849     2.0872    -0.3743     0.3580    34.8610 6.9214e+02     124022          6  0.000e+00
   1521.791     3.3183     3.3183   3.249811   3.249849     2.0872    -0.3547     0.3580    34.8611 6.9214e+02     124023          6  0.000e+00
   1521.725     3.3183     3.3185   3.249792   3.249878     2.0872    -0.3743     0.3629    34.8610 6.9214e+02     124024          6  0.000e+00
   1521.725     3.3182     3.3186   3.249786   3.249878     2.0872    -0.3938     0.3629    34.8610 6.9214e+02     124025          6  0.000e+00
   1521.725     3.3182     3.3185   3.249786   3.249878     2.0872    -0.3938     0.3629    34.8610 6.8990e+02     124026          6  0.000e+00
   1521.725     3.3183     3.3186   3.249767   3.249908     2.0872    -0.3743     0.3629    34.8606 6.9214e+02     124027          6  0.000e+00
   1521.791     3.3183     3.3185   3.249773   3.249908     2.0872    -0.3938     0.3629    34.8606 6.9214e+02     124028          6  0.000e+00
   1521.725     3.3183     3.3183   3.249805   3.249878     2.0872    -0.3938     0.3629    34.8610 6.9214e+02     124029          6  0.000e+00
   1521.783     3.3183     3.3186   3.249811   3.249878     2.0860    -0.3743     0.3629    34.8611 6.9214e+02     124030          6  0.000e+00
   1521.725     3.3182     3.3185   3.249792   3.249878     2.0872    -0.3938     0.3629    34.8611 6.9214e+02     124031          6  0.000e+00
   1521.725     3.3183     3.3185   3.249786   3.249878     2.0872    -0.3743     0.3629    34.8608 6.9214e+02     124032          6  0.000e+00
   1521.783     3.3181     3.3186   3.249805   3.249878     2.0872    -0.3938     0.3629    34.8612 6.9214e+02     124033          6  0.000e+00
   1521.725     3.3183     3.3186   3.249792   3.249878     2.0872    -0.3743     0.3629    34.8609 6.8990e+02     124034          6  0.000e+00
   1521.791     3.3183     3.3185   3.249824   3.249878     2.0872    -0.3938     0.3629    34.8612 6.9214e+02     124035          6  0.000e+00
   1521.725     3.3183     3.3185   3.249805   3.249878     2.0872    -0.3938     0.3629    34.8611 6.9214e+02     124036          6  0.000e+00
   1521.725     3.3183     3.3183   3.249786   3.249878     2.0872    -0.3743     0.3629    34.8608 6.8990e+02     124037          6  0.000e+00
   1521.791     3.3182     3.3185   3.249786   3.249878     2.0872    -0.3938     0.3629    34.8610 6.9214e+02     124038          6  0.000e+00
   1521.783     3.3183     3.3185   3.249824   3.249878     2.0872    -0.3938     0.3629    34.8613 6.9214e+02     124039          6  0.000e+00
   1521.725     3.3183     3.3185   3.249824   3.249849     2.0872    -0.3938     0.3629    34.8613 6.9214e+02     124040          6  0.000e+00
   1521.725     3.3183     3.3183   3.249811   3.249878     2.0872    -0.3938     0.3629    34.8612 6.8990e+02     124041          6  0.000e+00
   1521.783     3.3185     3.3183   3.249792   3.249849     2.0860    -0.3938     0.3629    34.8607 6.9214e+02     124042          6  0.000e+00
   1521.791     3.3183     3.3185   3.249824   3.249878     2.0860    -0.3743     0.3629    34.8612 6.9214e+02     124043          6  0.000e+00
   1521.725     3.3183     3.3186   3.249824   3.249849     2.0872    -0.3938     0.3629    34.8613 6.9214e+02     124044          6  0.000e+00
   1521.725     3.3182     3.3185   3.249792   3.249908     2.0872    -0.3938     0.3629    34.8611 6.9214e+02     124045          6  0.000e+00
   1521.791     3.3183     3.3185   3.249805   3.249878     2.0872    -0.3743     0.3629    34.8610 6.9214e+02     124046          6  0.000e+00
   1521.725     3.3183     3.3185   3.249811   3.249908     2.0872    -0.3938     0.3629    34.8612 6.8990e+02     124047          6  0.000e+00
   1521.725     3.3185     3.3186   3.249773   3.249849     2.0872    -0.3938     0.3629    34.8605 6.9214e+02     124048          6  0.000e+00
   1521.725     3.3182     3.3186   3.249792   3.249878     2.0860    -0.3743     0.3629    34.8611 6.9214e+02     124049          6  0.000e+00
   1521.725     3.3183     3.3186   3.249792   3.249878     2.0872    -0.3938     0.3629    34.8610 6.9214e+02     124050          6  0.000e+00
   1521.725     3.3185     3.3186   3.249805   3.249908     2.0872    -0.3743     0.3629    34.8609 6.8990e+02     124051          6  0.000e+00
   1521.725     3.3185     3.3188   3.249792   3.249849     2.0872    -0.3938     0.3629    34.8607 6.9214e+02     124052          6  0.000e+00
   1521.725     3.3186     3.3188   3.249786   3.249908     2.0872    -0.3938     0.3678    34.8605 6.9214e+02     124053          6  0.000e+00
   1217.219     3.2952     3.2952   3.234629   3.234701     2.1639    -0.4133     0.3629    34.8574 6.2023e+02     134029          7  0.000e+00
   1217.309     3.2951     3.2949   3.234591   3.234671     2.1639    -0.4133     0.3629    34.8569 6.1799e+02     134030          7  0.000e+00
   1217.407     3.2952     3.2949   3.234591   3.234642     2.1639    -0.4133     0.3629    34.8568 6.2023e+02     134031          7  0.000e+00
   1217.367     3.2951     3.2951   3.234604   3.234671     2.1639    -0.4133     0.3629    34.8570 6.1799e+02     134032          7  0.000e+00
   1217.040     3.2952     3.2948   3.234579   3.234671     2.1639    -0.4133     0.3629    34.8569 6.2023e+02     134033          7  0.000e+00
   1217.285     3.2950     3.2952   3.234591   3.234671     2.1639    -0.4133     0.3629    34.8571 6.2023e+02     134034          7  0.000e+00
   1217.367     3.2950     3.2949   3.234604   3.234612     2.1639    -0.4133     0.3629    34.8572 6.1799e+02     134035          7  0.000e+00
   1217.285     3.2952     3.2949   3.234604   3.234671     2.1639    -0.4133     0.3629    34.8570 6.1799e+02     134036          7  0.000e+00
   1217.187     3.2951     3.2951   3.234604   3.234671     2.1639    -0.4133     0.3629    34.8571 6.2023e+02     134037          7  0.000e+00
   1217.408     3.2948     3.2951   3.234604   3.234671     2.1652    -0.4133     0.3629    34.8573 6.1799e+02     134038          7  0.000e+00
   1217.342     3.2951     3.2951   3.234597   3.234701     2.1639    -0.4133     0.3629    34.8570 6.1799e+02     134039          7  0.000e+00
   1217.309     3.2948     3.2949   3.234604   3.234642     2.1652    -0.4133     0.3629    34.8574 6.1799e+02     134040          7  0.000e+00
   1217.285     3.2951     3.2951   3.234604   3.234701     2.1652    -0.4133     0.3629    34.8571 6.1799e+02     134041          7  0.000e+00
   1217.342     3.2950     3.2951   3.234623   3.234671     2.1639    -0.4133     0.3629    34.8574 6.1799e+02     134042          7  0.000e+00
   1217.309     3.2952     3.2949   3.234635   3.234701     2.1639    -0.4133     0.3629    34.8574 6.1799e+02     134043          7  0.000e+00
   1217.342     3.2951     3.2951   3.234610   3.234642     2.1639    -0.4133     0.3629    34.8571 6.1799e+02     134044          7  0.000e+00
   1217.309     3.2950     3.2949   3.234597   3.234671     2.1652    -0.4133     0.3629    34.8571 6.1799e+02     134045          7  0.000e+00
   1217.285     3.2950     3.2949   3.234623   3.234671     2.1639    -0.4133     0.3629    34.8575 6.1799e+02     134046          7  0.000e+00
   1217.342     3.2952     3.2949   3.234616   3.234671     2.1639    -0.4133     0.3629    34.8572 6.1799e+02     134047          7  0.000e+00
   1217.367     3.2950     3.2951   3.234585   3.234671     2.1639    -0.4133     0.3629    34.8569 6.1574e+02     134048          7  0.000e+00
   1217.285     3.2951     3.2951   3.234610   3.234701     2.1652    -0.4133     0.3629    34.8572 6.1574e+02     134049          7  0.000e+00
   1217.367     3.2952     3.2951   3.234629   3.234671     2.1639    -0.4133     0.3629    34.8573 6.1574e+02     134050          7  0.000e+00
   1217.342     3.2950     3.2952   3.234654   3.234701     2.1639    -0.4133     0.3629    34.8578 6.1574e+02     134051          7  0.000e+00
   1217.342     3.2950     3.2949   3.234623   3.234671     2.1652    -0.3938     0.3678    34.8574 6.1349e+02     134052          7  0.000e+00
   1217.310     3.2951     3.2949   3.234623   3.234642     2.1639    -0.3938     0.3678    34.8573 6.1349e+02     134053          7  0.000e+00
   1217.342     3.2950     3.2951   3.234629   3.234701     2.1639    -0.3743     0.3726    34.8575 6.1349e+02     134054          7  0.000e+00
   1217.310     3.2952     3.2951   3.234585   3.234671     2.1639    -0.3743     0.3678    34.8568 6.1124e+02     134055          7  0.000e+00
   1217.408     3.2951     3.2951   3.234591   3.234701     2.1639    -0.3938     0.3726    34.8569 6.1124e+02     134056          7  0.000e+00
   1217.285     3.2952     3.2952   3.234623   3.234671     2.1652    -0.3743     0.3678    34.8573 6.1124e+02     134057          7  0.000e+00
   1217.367     3.2948     3.2952   3.234616   3.234701     2.1639    -0.3938     0.3678    34.8575 6.1124e+02     134058          7  0.000e+00
   1217.342     3.2950     3.2951   3.234623   3.234701     2.1639    -0.3938     0.3678    34.8574 6.0900e+02     134059          7  0.000e+00
   1217.367     3.2950     3.2949   3.234585   3.234671     2.1639    -0.3938     0.3678    34.8570 6.0900e+02     134060          7  0.000e+00
   1217.342     3.2952     3.2949   3.234591   3.234701     2.1639    -0.3743     0.3678    34.8568 6.0675e+02     134061          7  0.000e+00
   1217.342     3.2950     3.2952   3.234585   3.234642     2.1639    -0.3743     0.3678    34.8569 6.0675e+02     134062          7  0.000e+00
   1217.310     3.2951     3.2952   3.234591   3.234701     2.1639    -0.3938     0.3726    34.8569 6.0675e+02     134063          7  0.000e+00
   1217.342     3.2952     3.2951   3.234604   3.234642     2.1652    -0.3938     0.3726    34.8570 6.0450e+02     134064          7  0.000e+00
   1217.408     3.2951     3.2952   3.234604   3.234671     2.1639    -0.3743     0.3678    34.8570 6.0675e+02     134065          7  0.000e+00
   1217.310     3.2950     3.2952   3.234597   3.234671     2.1639    -0.3743     0.3678    34.8571 6.0450e+02     134066          7  0.000e+00
   1217.342     3.2950     3.2952   3.234623   3.234701     2.1639    -0.3743     0.3678    34.8575 6.0226e+02     134067          7  0.000e+00
