Ship_data/Irminger/Irminger-5/ctd/process/ar30-03018.cnv
* Sea-Bird SBE 9 Data File:
* FileName = D:\Data\ar30-03018.hdr
* Software Version Seasave V 7.23.2
* Temperature SN = 4312
* Conductivity SN = 2148
* Number of Bytes Per Scan = 44
* Number of Voltage Words = 5
* Number of Scans Averaged by the Deck Unit = 1
* NMEA Latitude = 59 52.87 N
* NMEA Longitude = 040 53.94 W
* NMEA UTC (Time) = Jun 18 2018  16:05:20
** Cruise ID: ar30-03
** Chief Sci: Macdonald
** Station #: 018
** Site ID: Irminger 5 OSNAP C12
** Cast at OSNAP site C12 between M1 and M2 moorings
# nquan = 18
# nvalues = 4636                        
# units = specified
# name 0 = prDM: Pressure, Digiquartz [db]
# name 1 = t090C: Temperature [ITS-90, deg C]
# name 2 = t190C: Temperature, 2 [ITS-90, deg C]
# name 3 = c0S/m: Conductivity [S/m]
# name 4 = c1S/m: Conductivity, 2 [S/m]
# name 5 = sbeox0V: Oxygen raw, SBE 43 [V]
# name 6 = flECO-AFL: Fluorescence, WET Labs ECO-AFL/FL [mg/m^3]
# name 7 = turbWETntu0: Turbidity, WET Labs ECO [NTU]
# name 8 = sal00: Salinity, Practical [PSU]
# name 9 = spar: SPAR/Surface Irradiance
# name 10 = depSM: Depth [salt water, m], lat = 59.8812
# name 11 = sal00: Salinity, Practical [PSU]
# name 12 = sal11: Salinity, Practical, 2 [PSU]
# name 13 = sbeox0ML/L: Oxygen, SBE 43 [ml/l], WS = 2
# name 14 = svCM: Sound Velocity [Chen-Millero, m/s]
# name 15 = sigma-é00: Density [sigma-theta, kg/m^3]
# name 16 = sigma-é11: Density, 2 [sigma-theta, kg/m^3]
# name 17 = flag: flag
# span 0 =      3.000,   2321.000       
# span 1 =     1.7546,     6.6513       
# span 2 =     1.7562,     6.6538       
# span 3 =   3.145856,   3.484476       
# span 4 =   3.145918,   3.484993       
# span 5 =     1.8479,     2.8118       
# span 6 =    -0.4140,     7.2689       
# span 7 =     0.3433,     0.7362       
# span 8 =    34.8546,    34.9238       
# span 9 = 7.4235e+02, 2.6867e+03       
# span 10 =      2.972,   2286.482      
# span 11 =    34.8600,    34.9238      
# span 12 =    34.8630,    34.9243      
# span 13 =     5.9058,     7.1911      
# span 14 =    1473.16,    1495.43      
# span 15 =    27.3593,    27.9121      
# span 16 =    27.3597,    27.9123      
# span 17 = 0.0000e+00, 0.0000e+00      
# interval = decibars: 1                
# start_time = Jun 18 2018 16:05:20 [System UTC, first data scan.]
# bad_flag = -9.990e-29
*END*
[from data line 3779]
    859.000     3.5901     3.5898   3.248036   3.248113     2.2147    -0.3893     0.3688    34.8888 9.2589e+02    849.151    34.8889    34.8901     6.3935    1478.88    27.7458    27.7469 0.0000e+00
    858.000     3.5906     3.5903   3.248046   3.248122     2.2147    -0.3732     0.3665    34.8889 9.1476e+02    848.164    34.8890    34.8902     6.3926    1478.87    27.7459    27.7469 0.0000e+00
    857.000     3.5907     3.5905   3.248003   3.248095     2.2151    -0.3735     0.3656    34.8888 9.0758e+02    847.178    34.8889    34.8902     6.3931    1478.85    27.7458    27.7468 0.0000e+00
    856.000     3.5906     3.5906   3.247953   3.248058     2.2159    -0.3850     0.3649    34.8889 9.0683e+02    846.191    34.8889    34.8902     6.3955    1478.83    27.7458    27.7468 0.0000e+00
    855.000     3.5909     3.5908   3.247938   3.248033     2.2162    -0.3939     0.3674    34.8889 9.1037e+02    845.205    34.8889    34.8902     6.3956    1478.82    27.7458    27.7468 0.0000e+00
    854.000     3.5905     3.5899   3.247855   3.247907     2.2164    -0.3917     0.3693    34.8890 9.1498e+02    844.218    34.8889    34.8901     6.3955    1478.80    27.7458    27.7469 0.0000e+00
    853.000     3.5884     3.5869   3.247564   3.247555     2.2160    -0.3879     0.3675    34.8887 9.1913e+02    843.232    34.8881    34.8897     6.3936    1478.77    27.7454    27.7468 0.0000e+00
    852.000     3.5843     3.5823   3.247119   3.247042     2.2159    -0.3736     0.3639    34.8883 9.2174e+02    842.245    34.8878    34.8889     6.3932    1478.74    27.7455    27.7466 0.0000e+00
    851.000     3.5803     3.5820   3.246673   3.246959     2.2169    -0.3766     0.3689    34.8877 9.2154e+02    841.259    34.8872    34.8888     6.3968    1478.71    27.7455    27.7465 0.0000e+00
    850.000     3.5789     3.5777   3.246478   3.246486     2.2180    -0.3954     0.3684    34.8874 9.1956e+02    840.272    34.8869    34.8882     6.4004    1478.68    27.7453    27.7465 0.0000e+00
    849.000     3.5762     3.5754   3.246175   3.246207     2.2194    -0.3938     0.3685    34.8870 9.1515e+02    839.286    34.8867    34.8879     6.4053    1478.65    27.7454    27.7464 0.0000e+00
    848.000     3.5756     3.5746   3.246068   3.246068     2.2211    -0.3889     0.3684    34.8869 9.1025e+02    838.299    34.8865    34.8876     6.4108    1478.64    27.7453    27.7462 0.0000e+00
    847.000     3.5751     3.5752   3.245956   3.246079     2.2227    -0.3820     0.3691    34.8866 9.0334e+02    837.313    34.8863    34.8876     6.4163    1478.62    27.7452    27.7462 0.0000e+00
    846.000     3.5745     3.5743   3.245869   3.245943     2.2241    -0.3938     0.3692    34.8866 8.9712e+02    836.326    34.8864    34.8874     6.4206    1478.60    27.7453    27.7461 0.0000e+00
    845.000     3.5745     3.5742   3.245817   3.245896     2.2255    -0.3938     0.3692    34.8865 8.9370e+02    835.339    34.8862    34.8875     6.4250    1478.58    27.7452    27.7462 0.0000e+00
    844.000     3.5744     3.5743   3.245760   3.245852     2.2267    -0.3896     0.3682    34.8864 8.9405e+02    834.353    34.8862    34.8875     6.4287    1478.56    27.7452    27.7462 0.0000e+00
    843.000     3.5748     3.5752   3.245768   3.245913     2.2272    -0.3745     0.3691    34.8865 9.0060e+02    833.366    34.8864    34.8877     6.4297    1478.55    27.7453    27.7462 0.0000e+00
    842.000     3.5762     3.5769   3.245862   3.246033     2.2280    -0.3915     0.3684    34.8866 9.0985e+02    832.380    34.8866    34.8879     6.4315    1478.54    27.7453    27.7462 0.0000e+00
    841.000     3.5771     3.5771   3.245895   3.246024     2.2273    -0.3734     0.3688    34.8867 9.1800e+02    831.393    34.8866    34.8881     6.4278    1478.53    27.7452    27.7463 0.0000e+00
    840.000     3.5765     3.5761   3.245801   3.245880     2.2271    -0.3900     0.3689    34.8867 9.1913e+02    830.406    34.8866    34.8879     6.4266    1478.51    27.7452    27.7463 0.0000e+00
    839.000     3.5762     3.5761   3.245733   3.245831     2.2281    -0.3815     0.3700    34.8867 9.0720e+02    829.420    34.8866    34.8878     6.4295    1478.49    27.7453    27.7463 0.0000e+00
    838.000     3.5768     3.5773   3.245744   3.245897     2.2281    -0.3841     0.3682    34.8866 8.9509e+02    828.433    34.8865    34.8878     6.4285    1478.48    27.7451    27.7461 0.0000e+00
    837.000     3.5775     3.5779   3.245786   3.245914     2.2288    -0.3719     0.3686    34.8867 8.9146e+02    827.447    34.8868    34.8880     6.4299    1478.46    27.7453    27.7462 0.0000e+00
    836.000     3.5788     3.5790   3.245867   3.245993     2.2293    -0.3730     0.3687    34.8869 8.9435e+02    826.460    34.8870    34.8883     6.4308    1478.45    27.7453    27.7463 0.0000e+00
    835.000     3.5794     3.5795   3.245893   3.246007     2.2293    -0.3853     0.3683    34.8871 9.0048e+02    825.473    34.8872    34.8884     6.4301    1478.44    27.7454    27.7463 0.0000e+00
    834.000     3.5801     3.5806   3.245924   3.246071     2.2293    -0.3860     0.3709    34.8872 9.0726e+02    824.487    34.8874    34.8885     6.4291    1478.42    27.7455    27.7463 0.0000e+00
    833.000     3.5810     3.5803   3.245965   3.246014     2.2295    -0.3747     0.3708    34.8873 9.0481e+02    823.500    34.8874    34.8887     6.4288    1478.41    27.7454    27.7465 0.0000e+00
    832.000     3.5801     3.5814   3.245829   3.246049     2.2302    -0.3848     0.3710    34.8872 8.8576e+02    822.514    34.8872    34.8885     6.4307    1478.39    27.7453    27.7462 0.0000e+00
    831.000     3.5827     3.5838   3.246034   3.246240     2.2302    -0.3820     0.3682    34.8871 8.8064e+02    821.527    34.8875    34.8888     6.4292    1478.39    27.7453    27.7462 0.0000e+00
    830.000     3.5863     3.5869   3.246393   3.246507     2.2305    -0.3788     0.3692    34.8876 8.8559e+02    820.540    34.8884    34.8892     6.4291    1478.39    27.7456    27.7462 0.0000e+00
    829.000     3.5900     3.5899   3.246677   3.246777     2.2305    -0.3935     0.3694    34.8880 8.9833e+02    819.554    34.8885    34.8896     6.4276    1478.38    27.7453    27.7463 0.0000e+00
    828.000     3.5905     3.5904   3.246693   3.246788     2.2300    -0.3938     0.3694    34.8883 9.1357e+02    818.567    34.8886    34.8898     6.4249    1478.37    27.7454    27.7463 0.0000e+00
    827.000     3.5916     3.5920   3.246786   3.246922     2.2296    -0.3903     0.3708    34.8884 9.2899e+02    817.580    34.8890    34.8902     6.4222    1478.36    27.7456    27.7465 0.0000e+00
    826.000     3.5948     3.5946   3.247043   3.247122     2.2293    -0.3740     0.3732    34.8886 9.3940e+02    816.594    34.8892    34.8904     6.4196    1478.36    27.7454    27.7464 0.0000e+00
    825.000     3.5953     3.5946   3.247050   3.247081     2.2283    -0.3844     0.3712    34.8890 9.1826e+02    815.607    34.8893    34.8905     6.4151    1478.34    27.7454    27.7464 0.0000e+00
    824.000     3.5947     3.5938   3.246907   3.246969     2.2280    -0.3940     0.3728    34.8888 8.7373e+02    814.620    34.8888    34.8904     6.4131    1478.32    27.7451    27.7465 0.0000e+00
    823.000     3.5951     3.5971   3.246929   3.247221     2.2281    -0.3938     0.3715    34.8886 8.6839e+02    813.634    34.8891    34.8905     6.4126    1478.31    27.7453    27.7462 0.0000e+00
    822.000     3.5993     3.6024   3.247341   3.247683     2.2280    -0.3898     0.3682    34.8892 8.8643e+02    812.647    34.8900    34.8908     6.4107    1478.31    27.7456    27.7459 0.0000e+00
    821.000     3.6040     3.6046   3.247708   3.247871     2.2281    -0.3746     0.3686    34.8894 9.0954e+02    811.660    34.8900    34.8914     6.4093    1478.31    27.7451    27.7461 0.0000e+00
    820.000     3.6063     3.6073   3.247904   3.248114     2.2280    -0.3895     0.3688    34.8897 9.2954e+02    810.674    34.8904    34.8919     6.4078    1478.31    27.7451    27.7463 0.0000e+00
    819.000     3.6097     3.6103   3.248194   3.248355     2.2275    -0.3938     0.3686    34.8902 9.4022e+02    809.687    34.8908    34.8921     6.4045    1478.30    27.7452    27.7462 0.0000e+00
    818.000     3.6105     3.6112   3.248214   3.248401     2.2272    -0.3828     0.3691    34.8902 9.3807e+02    808.700    34.8907    34.8921     6.4024    1478.29    27.7450    27.7461 0.0000e+00
    817.000     3.6110     3.6108   3.248197   3.248303     2.2275    -0.3852     0.3687    34.8901 9.2406e+02    807.714    34.8904    34.8920     6.4026    1478.28    27.7447    27.7460 0.0000e+00
    816.000     3.6100     3.6092   3.248065   3.248096     2.2274    -0.3929     0.3705    34.8904 9.1367e+02    806.727    34.8905    34.8917     6.4017    1478.26    27.7449    27.7459 0.0000e+00
    815.000     3.6076     3.6063   3.247763   3.247747     2.2268    -0.3856     0.3712    34.8899 9.1039e+02    805.740    34.8899    34.8912     6.3989    1478.23    27.7446    27.7458 0.0000e+00
    814.000     3.6055     3.6050   3.247492   3.247571     2.2270    -0.3819     0.3691    34.8896 9.1482e+02    804.753    34.8895    34.8910     6.3993    1478.20    27.7445    27.7457 0.0000e+00
    813.000     3.6038     3.6041   3.247275   3.247441     2.2279    -0.3830     0.3688    34.8893 9.2156e+02    803.767    34.8892    34.8908     6.4019    1478.18    27.7444    27.7457 0.0000e+00
    812.000     3.6027     3.6023   3.247119   3.247205     2.2296    -0.3903     0.3722    34.8891 9.2249e+02    802.780    34.8891    34.8905     6.4077    1478.16    27.7444    27.7456 0.0000e+00
    811.000     3.6022     3.6010   3.247011   3.246986     2.2311    -0.3939     0.3758    34.8889 9.2114e+02    801.793    34.8888    34.8898     6.4126    1478.14    27.7442    27.7452 0.0000e+00
    810.000     3.6013     3.6004   3.246845   3.246879     2.2319    -0.3924     0.3845    34.8885 9.2328e+02    800.807    34.8883    34.8896     6.4147    1478.12    27.7440    27.7451 0.0000e+00
    809.000     3.6006     3.6008   3.246752   3.246871     2.2330    -0.3938     0.3748    34.8885 9.2559e+02    799.820    34.8885    34.8897     6.4181    1478.10    27.7441    27.7451 0.0000e+00
    808.000     3.6010     3.6012   3.246748   3.246887     2.2340    -0.3938     0.3726    34.8886 9.3544e+02    798.833    34.8885    34.8900     6.4210    1478.08    27.7441    27.7452 0.0000e+00
    807.000     3.6016     3.6026   3.246783   3.246974     2.2346    -0.3938     0.3684    34.8887 9.4724e+02    797.846    34.8888    34.8900     6.4222    1478.07    27.7443    27.7451 0.0000e+00
    806.000     3.6038     3.6062   3.246969   3.247307     2.2354    -0.3821     0.3686    34.8889 9.5832e+02    796.860    34.8893    34.8907     6.4239    1478.06    27.7444    27.7454 0.0000e+00
    805.000     3.6059     3.6066   3.247160   3.247302     2.2358    -0.3834     0.3695    34.8895 9.8220e+02    795.873    34.8898    34.8907     6.4241    1478.06    27.7446    27.7453 0.0000e+00
    804.000     3.6074     3.6059   3.247241   3.247195     2.2363    -0.3943     0.3705    34.8896 9.6775e+02    794.886    34.8897    34.8908     6.4249    1478.05    27.7444    27.7454 0.0000e+00
    803.000     3.6080     3.6075   3.247244   3.247304     2.2364    -0.3908     0.3694    34.8894 9.3729e+02    793.899    34.8897    34.8908     6.4244    1478.03    27.7443    27.7453 0.0000e+00
    802.000     3.6113     3.6111   3.247527   3.247602     2.2367    -0.3712     0.3680    34.8897 9.2207e+02    792.912    34.8900    34.8911     6.4241    1478.03    27.7442    27.7452 0.0000e+00
    801.000     3.6105     3.6095   3.247371   3.247398     2.2368    -0.3721     0.3689    34.8896 9.3326e+02    791.926    34.8895    34.8909     6.4238    1478.01    27.7439    27.7451 0.0000e+00
    800.000     3.6096     3.6096   3.247236   3.247340     2.2368    -0.3883     0.3723    34.8893 9.4723e+02    790.939    34.8894    34.8907     6.4231    1477.99    27.7439    27.7449 0.0000e+00
    799.000     3.6097     3.6098   3.247198   3.247313     2.2372    -0.3925     0.3713    34.8893 9.6069e+02    789.952    34.8893    34.8906     6.4236    1477.97    27.7438    27.7448 0.0000e+00
    798.000     3.6099     3.6103   3.247182   3.247318     2.2377    -0.3938     0.3688    34.8894 9.8520e+02    788.965    34.8894    34.8906     6.4246    1477.96    27.7439    27.7448 0.0000e+00
    797.000     3.6104     3.6104   3.247167   3.247295     2.2382    -0.3929     0.3692    34.8892 9.9548e+02    787.979    34.8893    34.8908     6.4256    1477.94    27.7437    27.7449 0.0000e+00
    796.000     3.6108     3.6108   3.247172   3.247273     2.2391    -0.3938     0.3685    34.8893 9.8988e+02    786.992    34.8894    34.8907     6.4282    1477.93    27.7438    27.7448 0.0000e+00
    795.000     3.6118     3.6122   3.247220   3.247359     2.2400    -0.3931     0.3692    34.8894 9.6828e+02    786.005    34.8895    34.8907     6.4306    1477.92    27.7437    27.7447 0.0000e+00
    794.000     3.6127     3.6146   3.247250   3.247568     2.2402    -0.3938     0.3731    34.8892 9.4942e+02    785.018    34.8895    34.8912     6.4303    1477.90    27.7436    27.7448 0.0000e+00
    793.000     3.6154     3.6197   3.247508   3.248025     2.2400    -0.3938     0.3679    34.8895 9.3523e+02    784.031    34.8902    34.8917     6.4280    1477.90    27.7439    27.7447 0.0000e+00
    792.000     3.6207     3.6207   3.247968   3.248115     2.2392    -0.3938     0.3684    34.8900 9.3072e+02    783.045    34.8905    34.8923     6.4233    1477.90    27.7436    27.7450 0.0000e+00
    791.000     3.6235     3.6223   3.248219   3.248167     2.2387    -0.3933     0.3702    34.8905 9.4732e+02    782.058    34.8911    34.8917     6.4201    1477.90    27.7438    27.7444 0.0000e+00
    790.000     3.6272     3.6276   3.248482   3.248558     2.2387    -0.3755     0.3635    34.8904 9.7169e+02    781.071    34.8908    34.8912     6.4186    1477.90    27.7432    27.7435 0.0000e+00
    789.000     3.6272     3.6288   3.248502   3.248743     2.2384    -0.3878     0.3671    34.8909 9.8029e+02    780.084    34.8915    34.8928     6.4167    1477.88    27.7437    27.7446 0.0000e+00
    788.000     3.6303     3.6315   3.248766   3.248979     2.2384    -0.3868     0.3667    34.8912 9.7817e+02    779.097    34.8919    34.8932     6.4152    1477.88    27.7438    27.7447 0.0000e+00
    787.000     3.6317     3.6330   3.248857   3.249080     2.2383    -0.3733     0.3632    34.8915 9.7368e+02    778.110    34.8921    34.8934     6.4138    1477.87    27.7437    27.7447 0.0000e+00
    786.000     3.6341     3.6353   3.249069   3.249280     2.2382    -0.3879     0.3673    34.8917 9.6755e+02    777.124    34.8925    34.8937     6.4122    1477.86    27.7438    27.7447 0.0000e+00
    785.000     3.6361     3.6363   3.249208   3.249329     2.2380    -0.3867     0.3713    34.8919 9.5906e+02    776.137    34.8926    34.8938     6.4103    1477.86    27.7437    27.7447 0.0000e+00
    784.000     3.6381     3.6348   3.249340   3.249140     2.2367    -0.3736     0.3733    34.8923 9.5297e+02    775.150    34.8926    34.8937     6.4044    1477.85    27.7435    27.7447 0.0000e+00
    783.000     3.6361     3.6364   3.249122   3.249242     2.2356    -0.3938     0.3633    34.8921 9.5290e+02    774.163    34.8927    34.8937     6.3997    1477.82    27.7437    27.7445 0.0000e+00
    782.000     3.6405     3.6408   3.249519   3.249652     2.2354    -0.3928     0.3697    34.8927 9.5462e+02    773.176    34.8932    34.8944     6.3973    1477.83    27.7437    27.7447 0.0000e+00
    781.000     3.6424     3.6427   3.249672   3.249794     2.2347    -0.3938     0.3693    34.8929 9.5732e+02    772.189    34.8935    34.8947     6.3939    1477.82    27.7438    27.7447 0.0000e+00
    780.000     3.6454     3.6429   3.249901   3.249777     2.2339    -0.3826     0.3686    34.8931 9.5866e+02    771.202    34.8936    34.8948     6.3895    1477.81    27.7435    27.7447 0.0000e+00
