Ship_data/Irminger/Irminger-5/ctd/process/ar30-03020.cnv
* Sea-Bird SBE 9 Data File:
* FileName = D:\Data\ar30-03020.hdr
* Software Version Seasave V 7.23.2
* Temperature SN = 4312
* Conductivity SN = 2148
* Number of Bytes Per Scan = 44
* Number of Voltage Words = 5
* Number of Scans Averaged by the Deck Unit = 1
* NMEA Latitude = 59 48.34 N
* NMEA Longitude = 040 16.94 W
* NMEA UTC (Time) = Jun 19 2018  11:50:34
** Cruise ID: ar30-03
** Chief Sci: Macdonald
** Station #: 020
** Site ID: Irminger 5 OSNAP M3
** Cast at OSNAP mooring M3
# nquan = 18
# nvalues = 5158                        
# units = specified
# name 0 = prDM: Pressure, Digiquartz [db]
# name 1 = t090C: Temperature [ITS-90, deg C]
# name 2 = t190C: Temperature, 2 [ITS-90, deg C]
# name 3 = c0S/m: Conductivity [S/m]
# name 4 = c1S/m: Conductivity, 2 [S/m]
# name 5 = sbeox0V: Oxygen raw, SBE 43 [V]
# name 6 = flECO-AFL: Fluorescence, WET Labs ECO-AFL/FL [mg/m^3]
# name 7 = turbWETntu0: Turbidity, WET Labs ECO [NTU]
# name 8 = sal00: Salinity, Practical [PSU]
# name 9 = spar: SPAR/Surface Irradiance
# name 10 = depSM: Depth [salt water, m], lat = 59.8057
# name 11 = sal00: Salinity, Practical [PSU]
# name 12 = sal11: Salinity, Practical, 2 [PSU]
# name 13 = sbeox0ML/L: Oxygen, SBE 43 [ml/l], WS = 2
# name 14 = svCM: Sound Velocity [Chen-Millero, m/s]
# name 15 = sigma-é00: Density [sigma-theta, kg/m^3]
# name 16 = sigma-é11: Density, 2 [sigma-theta, kg/m^3]
# name 17 = flag: flag
# span 0 =      4.000,   2583.000       
# span 1 =     1.3956,     6.0304       
# span 2 =     1.3965,     6.0312       
# span 3 =   3.124758,   3.426678       
# span 4 =   3.124906,   3.426858       
# span 5 =     1.7955,     2.7680       
# span 6 =    -0.4235,     6.2355       
# span 7 =     0.3411,     0.7872       
# span 8 =    34.8407,    34.9288       
# span 9 = 5.2694e+02, 9.4977e+02       
# span 10 =      3.962,   2543.051      
# span 11 =    34.8384,    34.9288      
# span 12 =    34.8546,    34.9294      
# span 13 =     5.8909,     7.1346      
# span 14 =    1469.53,    1499.98      
# span 15 =    27.4340,    27.9398      
# span 16 =    27.4349,    27.9398      
# span 17 = 0.0000e+00, 0.0000e+00      
# interval = decibars: 1                
# start_time = Jun 19 2018 11:50:34 [System UTC, first data scan.]
# bad_flag = -9.990e-29
*END*
[from data line 4342]
    819.000     3.4793     3.4792   3.235515   3.235646     2.2332    -0.3866     0.3681    34.8777 6.7983e+02    809.692    34.8780    34.8796     6.4490    1477.74    27.7477    27.7490 0.0000e+00
    818.000     3.4795     3.4793   3.235492   3.235610     2.2333    -0.3835     0.3686    34.8778 6.7856e+02    808.705    34.8780    34.8796     6.4486    1477.72    27.7476    27.7490 0.0000e+00
    817.000     3.4796     3.4795   3.235467   3.235588     2.2342    -0.3882     0.3687    34.8779 6.7620e+02    807.718    34.8781    34.8797     6.4509    1477.71    27.7477    27.7490 0.0000e+00
    816.000     3.4800     3.4797   3.235459   3.235559     2.2344    -0.3648     0.3727    34.8779 6.7398e+02    806.732    34.8781    34.8797     6.4508    1477.69    27.7477    27.7490 0.0000e+00
    815.000     3.4803     3.4800   3.235445   3.235544     2.2344    -0.3832     0.3688    34.8780 6.7350e+02    805.745    34.8781    34.8797     6.4500    1477.68    27.7476    27.7489 0.0000e+00
    814.000     3.4802     3.4800   3.235377   3.235497     2.2344    -0.3810     0.3717    34.8779 6.7584e+02    804.758    34.8780    34.8796     6.4491    1477.66    27.7476    27.7489 0.0000e+00
    813.000     3.4803     3.4801   3.235346   3.235462     2.2344    -0.3911     0.3690    34.8779 6.7842e+02    803.772    34.8780    34.8796     6.4482    1477.64    27.7475    27.7489 0.0000e+00
    812.000     3.4791     3.4784   3.235176   3.235248     2.2344    -0.3887     0.3688    34.8780 6.7877e+02    802.785    34.8777    34.8793     6.4478    1477.62    27.7474    27.7488 0.0000e+00
    811.000     3.4775     3.4769   3.234959   3.235041     2.2352    -0.3992     0.3688    34.8776 6.7841e+02    801.798    34.8774    34.8791     6.4503    1477.60    27.7474    27.7487 0.0000e+00
    810.000     3.4771     3.4770   3.234880   3.235011     2.2357    -0.4111     0.3697    34.8774 6.7779e+02    800.811    34.8774    34.8791     6.4513    1477.58    27.7474    27.7487 0.0000e+00
    809.000     3.4779     3.4781   3.234911   3.235064     2.2367    -0.3911     0.3727    34.8774 6.7839e+02    799.825    34.8775    34.8791     6.4541    1477.57    27.7474    27.7486 0.0000e+00
    808.000     3.4781     3.4782   3.234899   3.235038     2.2374    -0.3887     0.3726    34.8776 6.7958e+02    798.838    34.8776    34.8792     6.4558    1477.55    27.7474    27.7487 0.0000e+00
    807.000     3.4782     3.4781   3.234867   3.234990     2.2386    -0.3785     0.3714    34.8777 6.8091e+02    797.851    34.8776    34.8792     6.4593    1477.53    27.7474    27.7487 0.0000e+00
    806.000     3.4782     3.4781   3.234828   3.234932     2.2396    -0.3791     0.3663    34.8777 6.8074e+02    796.864    34.8777    34.8791     6.4623    1477.52    27.7475    27.7486 0.0000e+00
    805.000     3.4781     3.4779   3.234763   3.234864     2.2402    -0.3672     0.3717    34.8775 6.7813e+02    795.878    34.8775    34.8790     6.4635    1477.50    27.7473    27.7485 0.0000e+00
    804.000     3.4783     3.4779   3.234725   3.234823     2.2405    -0.3694     0.3692    34.8775 6.7681e+02    794.891    34.8774    34.8790     6.4640    1477.49    27.7472    27.7485 0.0000e+00
    803.000     3.4781     3.4777   3.234662   3.234772     2.2410    -0.3797     0.3692    34.8774 6.7902e+02    793.904    34.8774    34.8791     6.4648    1477.47    27.7472    27.7486 0.0000e+00
    802.000     3.4781     3.4777   3.234620   3.234731     2.2415    -0.3924     0.3693    34.8774 6.8212e+02    792.917    34.8774    34.8791     6.4660    1477.45    27.7472    27.7486 0.0000e+00
    801.000     3.4783     3.4782   3.234602   3.234729     2.2417    -0.3909     0.3685    34.8775 6.8516e+02    791.931    34.8775    34.8792     6.4656    1477.44    27.7473    27.7486 0.0000e+00
    800.000     3.4798     3.4804   3.234733   3.234909     2.2417    -0.3907     0.3688    34.8776 6.8683e+02    790.944    34.8780    34.8794     6.4645    1477.43    27.7475    27.7486 0.0000e+00
    799.000     3.4827     3.4828   3.234944   3.235100     2.2418    -0.3676     0.3692    34.8778 6.8600e+02    789.957    34.8780    34.8797     6.4636    1477.42    27.7472    27.7486 0.0000e+00
    798.000     3.4853     3.4846   3.235178   3.235265     2.2416    -0.3687     0.3712    34.8781 6.8382e+02    788.970    34.8785    34.8803     6.4618    1477.42    27.7474    27.7489 0.0000e+00
    797.000     3.4871     3.4867   3.235298   3.235410     2.2404    -0.3830     0.3704    34.8784 6.8018e+02    787.983    34.8786    34.8804     6.4560    1477.41    27.7473    27.7487 0.0000e+00
    796.000     3.4867     3.4887   3.235243   3.235572     2.2395    -0.3829     0.3725    34.8786 6.7910e+02    786.997    34.8788    34.8807     6.4518    1477.39    27.7475    27.7488 0.0000e+00
    795.000     3.4887     3.4883   3.235377   3.235469     2.2392    -0.3716     0.3715    34.8787 6.8310e+02    786.010    34.8789    34.8804     6.4495    1477.38    27.7473    27.7485 0.0000e+00
    794.000     3.4898     3.4901   3.235452   3.235620     2.2387    -0.3863     0.3669    34.8788 6.8697e+02    785.023    34.8791    34.8808     6.4468    1477.37    27.7474    27.7487 0.0000e+00
    793.000     3.4895     3.4878   3.235342   3.235349     2.2392    -0.3840     0.3639    34.8788 6.8776e+02    784.036    34.8787    34.8805     6.4478    1477.35    27.7471    27.7487 0.0000e+00
    792.000     3.4856     3.4850   3.234917   3.235013     2.2394    -0.3597     0.3728    34.8786 6.8752e+02    783.049    34.8782    34.8800     6.4484    1477.32    27.7470    27.7486 0.0000e+00
    791.000     3.4825     3.4819   3.234599   3.234654     2.2398    -0.3660     0.3698    34.8785 6.8601e+02    782.062    34.8782    34.8795     6.4495    1477.29    27.7473    27.7484 0.0000e+00
    790.000     3.4817     3.4810   3.234445   3.234516     2.2400    -0.3620     0.3711    34.8779 6.8424e+02    781.076    34.8777    34.8794     6.4497    1477.27    27.7470    27.7484 0.0000e+00
    789.000     3.4826     3.4827   3.234496   3.234637     2.2409    -0.3701     0.3729    34.8779 6.8304e+02    780.089    34.8780    34.8796     6.4521    1477.26    27.7472    27.7484 0.0000e+00
    788.000     3.4843     3.4837   3.234620   3.234694     2.2417    -0.3786     0.3715    34.8782 6.8359e+02    779.102    34.8781    34.8797     6.4540    1477.25    27.7471    27.7484 0.0000e+00
    787.000     3.4838     3.4857   3.234549   3.234869     2.2432    -0.3657     0.3688    34.8782 6.8639e+02    778.115    34.8784    34.8801     6.4585    1477.23    27.7473    27.7486 0.0000e+00
    786.000     3.4875     3.4889   3.234837   3.235099     2.2440    -0.3657     0.3655    34.8781 6.8760e+02    777.128    34.8783    34.8801     6.4602    1477.23    27.7469    27.7482 0.0000e+00
    785.000     3.4883     3.4879   3.234875   3.234959     2.2440    -0.3645     0.3730    34.8785 6.8905e+02    776.141    34.8786    34.8800     6.4591    1477.21    27.7470    27.7482 0.0000e+00
    784.000     3.4879     3.4876   3.234797   3.234905     2.2441    -0.3888     0.3682    34.8785 6.8979e+02    775.155    34.8785    34.8801     6.4588    1477.20    27.7470    27.7483 0.0000e+00
    783.000     3.4889     3.4891   3.234880   3.235019     2.2450    -0.3897     0.3713    34.8787 6.8848e+02    774.168    34.8790    34.8804     6.4611    1477.19    27.7473    27.7484 0.0000e+00
    782.000     3.4908     3.4915   3.234993   3.235218     2.2453    -0.3904     0.3712    34.8787 6.8776e+02    773.181    34.8788    34.8808     6.4608    1477.18    27.7470    27.7485 0.0000e+00
    781.000     3.4914     3.4917   3.235020   3.235197     2.2453    -0.3909     0.3708    34.8789 6.8655e+02    772.194    34.8790    34.8808     6.4600    1477.16    27.7471    27.7485 0.0000e+00
    780.000     3.4909     3.4908   3.234906   3.235040     2.2452    -0.3722     0.3727    34.8787 6.8603e+02    771.207    34.8787    34.8804     6.4589    1477.14    27.7469    27.7482 0.0000e+00
    779.000     3.4892     3.4882   3.234717   3.234744     2.2453    -0.3644     0.3691    34.8789 6.8783e+02    770.220    34.8788    34.8802     6.4588    1477.12    27.7471    27.7483 0.0000e+00
    778.000     3.4864     3.4860   3.234378   3.234455     2.2459    -0.3624     0.3701    34.8786 6.9041e+02    769.233    34.8782    34.8797     6.4607    1477.09    27.7469    27.7481 0.0000e+00
    777.000     3.4853     3.4851   3.234208   3.234339     2.2470    -0.3650     0.3727    34.8781 6.9231e+02    768.246    34.8779    34.8797     6.4641    1477.07    27.7467    27.7482 0.0000e+00
    776.000     3.4852     3.4849   3.234145   3.234259     2.2480    -0.3645     0.3701    34.8780 6.9309e+02    767.259    34.8778    34.8795     6.4669    1477.05    27.7467    27.7480 0.0000e+00
    775.000     3.4846     3.4843   3.234063   3.234154     2.2493    -0.3801     0.3690    34.8781 6.9214e+02    766.273    34.8779    34.8794     6.4709    1477.03    27.7468    27.7480 0.0000e+00
    774.000     3.4843     3.4838   3.233966   3.234069     2.2504    -0.3715     0.3648    34.8778 6.8996e+02    765.286    34.8777    34.8794     6.4744    1477.02    27.7466    27.7481 0.0000e+00
    773.000     3.4839     3.4833   3.233882   3.233962     2.2514    -0.3767     0.3629    34.8778 6.8875e+02    764.299    34.8776    34.8792     6.4772    1477.00    27.7466    27.7480 0.0000e+00
    772.000     3.4836     3.4831   3.233811   3.233902     2.2521    -0.3871     0.3656    34.8778 6.8955e+02    763.312    34.8777    34.8792     6.4792    1476.98    27.7467    27.7480 0.0000e+00
    771.000     3.4834     3.4829   3.233755   3.233840     2.2526    -0.3870     0.3686    34.8778 6.9094e+02    762.325    34.8776    34.8792     6.4801    1476.96    27.7467    27.7479 0.0000e+00
    770.000     3.4830     3.4825   3.233658   3.233763     2.2538    -0.3915     0.3703    34.8777 6.9257e+02    761.338    34.8775    34.8792     6.4839    1476.94    27.7466    27.7480 0.0000e+00
    769.000     3.4827     3.4823   3.233604   3.233697     2.2538    -0.3896     0.3709    34.8778 6.9431e+02    760.351    34.8777    34.8792     6.4829    1476.93    27.7467    27.7480 0.0000e+00
    768.000     3.4826     3.4822   3.233532   3.233627     2.2540    -0.3880     0.3714    34.8776 6.9397e+02    759.364    34.8775    34.8791     6.4831    1476.91    27.7466    27.7479 0.0000e+00
    767.000     3.4825     3.4820   3.233470   3.233574     2.2540    -0.3698     0.3701    34.8775 6.9202e+02    758.377    34.8774    34.8791     6.4822    1476.89    27.7465    27.7479 0.0000e+00
    766.000     3.4827     3.4826   3.233455   3.233587     2.2537    -0.3808     0.3686    34.8775 6.9089e+02    757.390    34.8774    34.8792     6.4801    1476.88    27.7465    27.7479 0.0000e+00
    765.000     3.4835     3.4839   3.233508   3.233674     2.2537    -0.3864     0.3715    34.8777 6.9205e+02    756.403    34.8778    34.8793     6.4791    1476.86    27.7467    27.7479 0.0000e+00
    764.000     3.4847     3.4857   3.233589   3.233812     2.2537    -0.3867     0.3726    34.8778 6.9365e+02    755.416    34.8780    34.8796     6.4780    1476.85    27.7468    27.7480 0.0000e+00
    763.000     3.4868     3.4870   3.233747   3.233905     2.2539    -0.3922     0.3716    34.8780 6.9583e+02    754.429    34.8782    34.8799     6.4777    1476.84    27.7467    27.7481 0.0000e+00
    762.000     3.4877     3.4883   3.233799   3.233990     2.2545    -0.3826     0.3692    34.8783 6.9636e+02    753.442    34.8783    34.8800     6.4787    1476.83    27.7467    27.7480 0.0000e+00
    761.000     3.4893     3.4913   3.233930   3.234238     2.2536    -0.3801     0.3704    34.8786 6.9606e+02    752.455    34.8788    34.8804     6.4743    1476.82    27.7469    27.7480 0.0000e+00
    760.000     3.4968     3.4961   3.234623   3.234687     2.2516    -0.3763     0.3705    34.8795 6.9764e+02    751.469    34.8796    34.8811     6.4646    1476.84    27.7469    27.7481 0.0000e+00
    759.000     3.4944     3.4939   3.234336   3.234425     2.2545    -0.3817     0.3710    34.8792 6.8507e+02    750.482    34.8793    34.8808     6.4749    1476.81    27.7468    27.7481 0.0000e+00
    758.000     3.4926     3.4921   3.234111   3.234196     2.2556    -0.3666     0.3717    34.8789 6.7600e+02    749.495    34.8790    34.8806     6.4785    1476.79    27.7467    27.7480 0.0000e+00
    757.000     3.4931     3.4922   3.234109   3.234167     2.2560    -0.3660     0.3720    34.8789 6.7505e+02    748.508    34.8790    34.8806     6.4790    1476.77    27.7467    27.7480 0.0000e+00
    756.000     3.4944     3.4941   3.234190   3.234291     2.2562    -0.3772     0.3659    34.8789 6.7434e+02    747.521    34.8790    34.8806     6.4787    1476.76    27.7466    27.7479 0.0000e+00
    755.000     3.4954     3.4949   3.234259   3.234338     2.2560    -0.3886     0.3671    34.8791 6.7405e+02    746.534    34.8794    34.8809     6.4771    1476.75    27.7467    27.7480 0.0000e+00
    754.000     3.4975     3.4979   3.234436   3.234613     2.2560    -0.3906     0.3722    34.8794 6.7442e+02    745.547    34.8797    34.8814     6.4759    1476.74    27.7468    27.7482 0.0000e+00
    753.000     3.4994     3.5001   3.234599   3.234767     2.2553    -0.4134     0.3628    34.8798 6.7518e+02    744.560    34.8802    34.8815     6.4718    1476.74    27.7470    27.7480 0.0000e+00
    752.000     3.5012     3.5019   3.234704   3.234912     2.2551    -0.3726     0.3679    34.8797 6.7639e+02    743.573    34.8801    34.8818     6.4702    1476.73    27.7467    27.7481 0.0000e+00
    751.000     3.5021     3.5024   3.234739   3.234939     2.2551    -0.3633     0.3720    34.8799 6.7767e+02    742.586    34.8801    34.8822     6.4692    1476.71    27.7467    27.7483 0.0000e+00
    750.000     3.5038     3.5055   3.234887   3.235192     2.2548    -0.3831     0.3728    34.8803 6.7631e+02    741.599    34.8806    34.8824     6.4670    1476.71    27.7468    27.7481 0.0000e+00
    749.000     3.5040     3.5068   3.234879   3.235259     2.2537    -0.3799     0.3700    34.8805 6.7266e+02    740.612    34.8808    34.8824     6.4619    1476.69    27.7470    27.7480 0.0000e+00
    748.000     3.5066     3.5059   3.235057   3.235113     2.2525    -0.3795     0.3759    34.8804 6.7143e+02    739.624    34.8807    34.8821     6.4561    1476.68    27.7467    27.7479 0.0000e+00
    747.000     3.5071     3.5066   3.235080   3.235144     2.2515    -0.3865     0.3716    34.8806 6.7358e+02    738.637    34.8809    34.8823     6.4515    1476.67    27.7468    27.7479 0.0000e+00
    746.000     3.5095     3.5089   3.235276   3.235349     2.2522    -0.4021     0.3709    34.8808 6.7566e+02    737.650    34.8812    34.8827     6.4529    1476.66    27.7468    27.7480 0.0000e+00
    745.000     3.5104     3.5108   3.235320   3.235497     2.2518    -0.4123     0.3730    34.8810 6.7629e+02    736.663    34.8813    34.8831     6.4505    1476.65    27.7468    27.7481 0.0000e+00
    744.000     3.5108     3.5108   3.235314   3.235457     2.2517    -0.3895     0.3685    34.8812 6.7546e+02    735.676    34.8814    34.8831     6.4492    1476.64    27.7468    27.7481 0.0000e+00
    743.000     3.5115     3.5114   3.235358   3.235466     2.2513    -0.3699     0.3691    34.8814 6.7360e+02    734.689    34.8817    34.8831     6.4468    1476.62    27.7470    27.7481 0.0000e+00
    742.000     3.5118     3.5114   3.235330   3.235435     2.2514    -0.3831     0.3688    34.8813 6.7107e+02    733.702    34.8815    34.8832     6.4460    1476.61    27.7468    27.7482 0.0000e+00
    741.000     3.5124     3.5119   3.235335   3.235430     2.2514    -0.3637     0.3733    34.8812 6.7173e+02    732.715    34.8815    34.8832     6.4451    1476.59    27.7466    27.7481 0.0000e+00
    740.000     3.5127     3.5123   3.235320   3.235429     2.2513    -0.3422     0.3776    34.8813 6.7258e+02    731.728    34.8815    34.8832     6.4437    1476.58    27.7467    27.7481 0.0000e+00
