Ship_data/Irminger/Irminger-5/ctd/process/ar30-03007.cnv
* Sea-Bird SBE 9 Data File:
* FileName = D:\Data\ar30-03007.hdr
* Software Version Seasave V 7.23.2
* Temperature SN = 4312
* Conductivity SN = 2148
* Number of Bytes Per Scan = 44
* Number of Voltage Words = 5
* Number of Scans Averaged by the Deck Unit = 1
* NMEA Latitude = 59 46.24 N
* NMEA Longitude = 039 51.54 W
* NMEA UTC (Time) = Jun 10 2018  14:37:43
** Cruise ID: ar30-03
** Chief Sci: Macdonald
** Station #: 007
** Site ID: Irminger 5 FLMA
** ctd cast at FLMA with bottom release testing
# nquan = 18
# nvalues = 5377                        
# units = specified
# name 0 = prDM: Pressure, Digiquartz [db]
# name 1 = t090C: Temperature [ITS-90, deg C]
# name 2 = t190C: Temperature, 2 [ITS-90, deg C]
# name 3 = c0S/m: Conductivity [S/m]
# name 4 = c1S/m: Conductivity, 2 [S/m]
# name 5 = sbeox0V: Oxygen raw, SBE 43 [V]
# name 6 = flECO-AFL: Fluorescence, WET Labs ECO-AFL/FL [mg/m^3]
# name 7 = turbWETntu0: Turbidity, WET Labs ECO [NTU]
# name 8 = sal00: Salinity, Practical [PSU]
# name 9 = spar: SPAR/Surface Irradiance
# name 10 = depSM: Depth [salt water, m], lat = 59.7707
# name 11 = sal00: Salinity, Practical [PSU]
# name 12 = sal11: Salinity, Practical, 2 [PSU]
# name 13 = sbeox0ML/L: Oxygen, SBE 43 [ml/l], WS = 2
# name 14 = svCM: Sound Velocity [Chen-Millero, m/s]
# name 15 = sigma-é00: Density [sigma-theta, kg/m^3]
# name 16 = sigma-é11: Density, 2 [sigma-theta, kg/m^3]
# name 17 = flag: flag
# span 0 =      4.000,   2692.000       
# span 1 =     1.7668,     5.2199       
# span 2 =     1.7685,     5.2194       
# span 3 =   3.162074,   3.353700       
# span 4 =   3.162140,   3.353780       
# span 5 =     1.5519,     2.6685       
# span 6 =    -0.4172,     0.7478       
# span 7 =     0.3401,     0.5050       
# span 8 =    34.7183,    34.9331       
# span 9 = 7.7392e+02, 2.0298e+03       
# span 10 =      3.962,   2649.703      
# span 11 =    34.7195,    34.9323      
# span 12 =    34.8596,    34.9304      
# span 13 =     4.6505,     6.9403      
# span 14 =    1467.79,    1501.76      
# span 15 =    27.5399,    27.9125      
# span 16 =    27.5411,    27.9119      
# span 17 = 0.0000e+00, 0.0000e+00      
# interval = decibars: 1                
# start_time = Jun 10 2018 14:37:43 [System UTC, first data scan.]
# bad_flag = -9.990e-29
*END*
[from data line 2413]
   2417.000     2.7121     2.7130   3.237241   3.237292     1.7932    -0.3705     0.3433    34.9202 1.2555e+03   2380.543    34.9198    34.9195     6.0472    1501.24    27.8636    27.8633 0.0000e+00
   2418.000     2.7125     2.7134   3.237323   3.237371     1.7932    -0.3745     0.3433    34.9203 1.2572e+03   2381.523    34.9199    34.9196     6.0480    1501.26    27.8637    27.8634 0.0000e+00
   2419.000     2.7128     2.7136   3.237390   3.237431     1.7933    -0.3712     0.3433    34.9202 1.2589e+03   2382.502    34.9200    34.9196     6.0494    1501.27    27.8638    27.8634 0.0000e+00
   2420.000     2.7129     2.7138   3.237443   3.237490     1.7931    -0.3731     0.3433    34.9203 1.2608e+03   2383.481    34.9200    34.9196     6.0493    1501.29    27.8638    27.8634 0.0000e+00
   2421.000     2.7125     2.7134   3.237441   3.237488     1.7932    -0.3778     0.3433    34.9202 1.2627e+03   2384.461    34.9199    34.9196     6.0502    1501.31    27.8638    27.8634 0.0000e+00
   2422.000     2.7110     2.7118   3.237333   3.237391     1.7932    -0.3916     0.3433    34.9202 1.2643e+03   2385.440    34.9198    34.9196     6.0513    1501.32    27.8638    27.8635 0.0000e+00
   2423.000     2.7098     2.7106   3.237268   3.237317     1.7931    -0.3721     0.3412    34.9202 1.2654e+03   2386.419    34.9198    34.9195     6.0522    1501.33    27.8639    27.8636 0.0000e+00
   2424.000     2.7092     2.7100   3.237249   3.237293     1.7932    -0.3865     0.3423    34.9200 1.2713e+03   2387.399    34.9197    34.9194     6.0534    1501.34    27.8639    27.8635 0.0000e+00
   2425.000     2.7088     2.7096   3.237258   3.237314     1.7930    -0.4058     0.3471    34.9200 1.2737e+03   2388.378    34.9198    34.9196     6.0532    1501.36    27.8640    27.8637 0.0000e+00
   2426.000     2.7077     2.7086   3.237208   3.237265     1.7924    -0.3862     0.3491    34.9201 1.2732e+03   2389.358    34.9198    34.9196     6.0516    1501.37    27.8641    27.8639 0.0000e+00
   2427.000     2.7065     2.7069   3.237125   3.237138     1.7920    -0.3737     0.3472    34.9200 1.2738e+03   2390.337    34.9197    34.9194     6.0508    1501.38    27.8641    27.8639 0.0000e+00
   2428.000     2.7052     2.7057   3.237014   3.237071     1.7920    -0.3730     0.3433    34.9199 1.2740e+03   2391.316    34.9192    34.9193     6.0516    1501.39    27.8639    27.8639 0.0000e+00
   2429.000     2.6952     2.6952   3.235917   3.236030     1.7916    -0.3743     0.3422    34.9185 1.2739e+03   2392.296    34.9162    34.9175     6.0526    1501.36    27.8623    27.8634 0.0000e+00
   2430.000     2.6725     2.6750   3.233463   3.234000     1.7909    -0.3719     0.3433    34.9151 1.2728e+03   2393.275    34.9102    34.9141     6.0543    1501.28    27.8595    27.8623 0.0000e+00
   2431.000     2.6545     2.6539   3.232084   3.232028     1.7911    -0.3718     0.3488    34.9144 1.2712e+03   2394.254    34.9123    34.9122     6.0588    1501.22    27.8626    27.8626 0.0000e+00
   2432.000     2.6516     2.6514   3.231845   3.231819     1.7918    -0.3890     0.3492    34.9140 1.2688e+03   2395.233    34.9120    34.9119     6.0635    1501.22    27.8627    27.8626 0.0000e+00
   2433.000     2.6474     2.6492   3.231432   3.231600     1.7928    -0.3920     0.3487    34.9128 1.2674e+03   2396.213    34.9110    34.9111     6.0695    1501.22    27.8623    27.8622 0.0000e+00
   2434.000     2.6461     2.6489   3.231359   3.231609     1.7964    -0.3749     0.3438    34.9121 1.2823e+03   2397.192    34.9111    34.9111     6.0878    1501.23    27.8624    27.8622 0.0000e+00
   2435.000     2.6464     2.6471   3.231457   3.231485     1.7984    -0.3947     0.3479    34.9124 1.2958e+03   2398.171    34.9115    34.9111     6.0977    1501.25    27.8627    27.8623 0.0000e+00
   2436.000     2.6443     2.6440   3.231214   3.231215     1.7983    -0.3889     0.3476    34.9120 1.2951e+03   2399.151    34.9102    34.9106     6.0987    1501.26    27.8619    27.8622 0.0000e+00
   2437.000     2.6371     2.6384   3.230508   3.230687     1.7983    -0.3757     0.3486    34.9109 1.2915e+03   2400.130    34.9089    34.9097     6.1009    1501.24    27.8615    27.8620 0.0000e+00
   2438.000     2.6112     2.6104   3.227530   3.227813     1.7984    -0.3720     0.3460    34.9065 1.2859e+03   2401.109    34.9001    34.9043     6.1069    1501.13    27.8566    27.8601 0.0000e+00
   2439.000     2.5926     2.5920   3.226185   3.226143     1.7993    -0.3742     0.3435    34.9061 1.2782e+03   2402.089    34.9031    34.9033     6.1151    1501.08    27.8606    27.8608 0.0000e+00
   2440.000     2.5872     2.5888   3.225779   3.225896     1.8005    -0.3716     0.3475    34.9053 1.2737e+03   2403.068    34.9035    34.9032     6.1227    1501.07    27.8613    27.8609 0.0000e+00
   2441.000     2.5856     2.5860   3.225597   3.225624     1.8023    -0.3918     0.3536    34.9046 1.2752e+03   2404.047    34.9025    34.9024     6.1321    1501.08    27.8607    27.8606 0.0000e+00
   2442.000     2.5845     2.5853   3.225571   3.225610     1.8042    -0.3527     0.3537    34.9046 1.2798e+03   2405.026    34.9029    34.9025     6.1421    1501.09    27.8611    27.8607 0.0000e+00
   2443.000     2.5832     2.5842   3.225461   3.225520     1.8058    -0.3751     0.3490    34.9040 1.2810e+03   2406.006    34.9025    34.9022     6.1506    1501.10    27.8609    27.8606 0.0000e+00
   2444.000     2.5811     2.5821   3.225295   3.225376     1.8074    -0.3836     0.3507    34.9038 1.2788e+03   2406.985    34.9023    34.9022     6.1594    1501.11    27.8609    27.8607 0.0000e+00
   2445.000     2.5617     2.5652   3.223181   3.223682     1.8082    -0.3733     0.3540    34.9008 1.2799e+03   2407.964    34.8968    34.8992     6.1679    1501.04    27.8582    27.8598 0.0000e+00
   2446.000     2.5468     2.5478   3.222033   3.222117     1.8093    -0.3794     0.3511    34.9005 1.2840e+03   2408.943    34.8983    34.8984     6.1763    1500.99    27.8606    27.8605 0.0000e+00
   2447.000     2.5439     2.5446   3.221796   3.221847     1.8100    -0.3880     0.3486    34.9001 1.2868e+03   2409.923    34.8981    34.8980     6.1808    1500.99    27.8606    27.8605 0.0000e+00
   2448.000     2.5418     2.5427   3.221583   3.221691     1.8108    -0.3750     0.3532    34.8996 1.2896e+03   2410.902    34.8973    34.8977     6.1859    1501.00    27.8602    27.8604 0.0000e+00
   2449.000     2.5326     2.5337   3.220709   3.220855     1.8114    -0.3857     0.3542    34.8988 1.2903e+03   2411.881    34.8961    34.8967     6.1915    1500.98    27.8600    27.8604 0.0000e+00
   2450.000     2.5243     2.5253   3.220058   3.220157     1.8126    -0.3838     0.3527    34.8989 1.2908e+03   2412.860    34.8966    34.8967     6.1995    1500.96    27.8611    27.8611 0.0000e+00
   2451.000     2.5212     2.5220   3.219925   3.219959     1.8149    -0.3827     0.3518    34.8993 1.2897e+03   2413.840    34.8978    34.8973     6.2113    1500.96    27.8624    27.8619 0.0000e+00
   2452.000     2.5203     2.5213   3.219932   3.220006     1.8160    -0.3728     0.3492    34.8997 1.2860e+03   2414.819    34.8983    34.8981     6.2174    1500.98    27.8628    27.8626 0.0000e+00
   2453.000     2.5146     2.5156   3.219418   3.219544     1.8160    -0.3821     0.3528    34.8998 1.2821e+03   2415.798    34.8977    34.8982     6.2193    1500.97    27.8628    27.8631 0.0000e+00
   2454.000     2.5091     2.5101   3.219029   3.219124     1.8160    -0.3930     0.3584    34.9003 1.2794e+03   2416.777    34.8984    34.8985     6.2211    1500.96    27.8639    27.8639 0.0000e+00
   2455.000     2.5048     2.5056   3.218643   3.218764     1.8160    -0.3760     0.3484    34.9000 1.2781e+03   2417.756    34.8979    34.8984     6.2228    1500.96    27.8638    27.8641 0.0000e+00
   2456.000     2.4986     2.4995   3.218117   3.218238     1.8160    -0.3731     0.3497    34.8998 1.2795e+03   2418.736    34.8976    34.8981     6.2247    1500.95    27.8641    27.8644 0.0000e+00
   2457.000     2.4915     2.4924   3.217547   3.217638     1.8161    -0.3716     0.3536    34.8998 1.2841e+03   2419.715    34.8978    34.8979     6.2274    1500.94    27.8648    27.8648 0.0000e+00
   2458.000     2.4875     2.4886   3.217244   3.217332     1.8162    -0.3798     0.3525    34.8995 1.2940e+03   2420.694    34.8979    34.8978     6.2291    1500.94    27.8653    27.8650 0.0000e+00
   2459.000     2.4815     2.4829   3.216754   3.216865     1.8165    -0.3785     0.3543    34.8993 1.3015e+03   2421.673    34.8978    34.8978     6.2328    1500.93    27.8657    27.8655 0.0000e+00
   2460.000     2.4774     2.4785   3.216424   3.216525     1.8161    -0.3915     0.3567    34.8993 1.2966e+03   2422.652    34.8977    34.8979     6.2322    1500.93    27.8660    27.8660 0.0000e+00
   2461.000     2.4679     2.4689   3.215517   3.215677     1.8161    -0.3928     0.3628    34.8989 1.2925e+03   2423.632    34.8964    34.8973     6.2347    1500.90    27.8657    27.8663 0.0000e+00
   2462.000     2.4608     2.4618   3.215009   3.215090     1.8161    -0.3916     0.3584    34.8990 1.2899e+03   2424.611    34.8973    34.8973     6.2368    1500.89    27.8670    27.8670 0.0000e+00
   2463.000     2.4581     2.4589   3.214795   3.214871     1.8161    -0.3918     0.3556    34.8988 1.2898e+03   2425.590    34.8972    34.8972     6.2381    1500.89    27.8672    27.8671 0.0000e+00
   2464.000     2.4538     2.4548   3.214391   3.214506     1.8161    -0.4031     0.3541    34.8984 1.2916e+03   2426.569    34.8964    34.8967     6.2401    1500.89    27.8669    27.8670 0.0000e+00
   2465.000     2.4463     2.4473   3.213751   3.213857     1.8161    -0.4067     0.3545    34.8981 1.2955e+03   2427.548    34.8961    34.8964     6.2420    1500.88    27.8673    27.8674 0.0000e+00
   2466.000     2.4360     2.4372   3.212726   3.212929     1.8161    -0.3894     0.3552    34.8973 1.2975e+03   2428.527    34.8942    34.8954     6.2448    1500.85    27.8666    27.8675 0.0000e+00
   2467.000     2.4229     2.4238   3.211702   3.211789     1.8163    -0.3722     0.3580    34.8975 1.2967e+03   2429.507    34.8953    34.8954     6.2487    1500.81    27.8685    27.8685 0.0000e+00
   2468.000     2.4150     2.4160   3.210989   3.211105     1.8168    -0.3751     0.3576    34.8970 1.2938e+03   2430.486    34.8946    34.8950     6.2538    1500.79    27.8686    27.8688 0.0000e+00
   2469.000     2.4087     2.4094   3.210511   3.210568     1.8173    -0.3907     0.3556    34.8970 1.2894e+03   2431.465    34.8951    34.8950     6.2580    1500.78    27.8695    27.8694 0.0000e+00
   2470.000     2.4073     2.4081   3.210446   3.210486     1.8176    -0.3680     0.3545    34.8968 1.2879e+03   2432.444    34.8953    34.8949     6.2603    1500.79    27.8698    27.8694 0.0000e+00
   2471.000     2.4062     2.4072   3.210374   3.210436     1.8180    -0.3597     0.3578    34.8965 1.2945e+03   2433.423    34.8951    34.8948     6.2633    1500.80    27.8698    27.8694 0.0000e+00
   2472.000     2.4048     2.4057   3.210287   3.210352     1.8185    -0.3863     0.3556    34.8963 1.3053e+03   2434.402    34.8951    34.8949     6.2665    1500.81    27.8698    27.8696 0.0000e+00
   2473.000     2.3984     2.3995   3.209721   3.209835     1.8186    -0.3760     0.3623    34.8962 1.3069e+03   2435.381    34.8945    34.8947     6.2693    1500.80    27.8700    27.8700 0.0000e+00
   2474.000     2.3946     2.3955   3.209454   3.209526     1.8186    -0.3707     0.3629    34.8963 1.3024e+03   2436.361    34.8949    34.8948     6.2708    1500.80    27.8706    27.8704 0.0000e+00
   2475.000     2.3914     2.3924   3.209190   3.209293     1.8186    -0.3661     0.3614    34.8962 1.2965e+03   2437.340    34.8946    34.8949     6.2722    1500.81    27.8706    27.8707 0.0000e+00
   2476.000     2.3875     2.3884   3.208921   3.208999     1.8187    -0.3474     0.3580    34.8964 1.2916e+03   2438.319    34.8951    34.8950     6.2741    1500.81    27.8713    27.8711 0.0000e+00
   2477.000     2.3852     2.3861   3.208745   3.208823     1.8187    -0.3893     0.3582    34.8962 1.2897e+03   2439.298    34.8949    34.8949     6.2754    1500.81    27.8714    27.8713 0.0000e+00
   2478.000     2.3824     2.3833   3.208560   3.208620     1.8187    -0.3698     0.3584    34.8963 1.2899e+03   2440.277    34.8951    34.8950     6.2768    1500.82    27.8718    27.8716 0.0000e+00
   2479.000     2.3790     2.3800   3.208257   3.208352     1.8187    -0.3513     0.3586    34.8960 1.2911e+03   2441.256    34.8946    34.8948     6.2783    1500.82    27.8717    27.8717 0.0000e+00
   2480.000     2.3730     2.3739   3.207759   3.207852     1.8185    -0.3916     0.3582    34.8960 1.2934e+03   2442.235    34.8945    34.8947     6.2792    1500.81    27.8721    27.8721 0.0000e+00
   2481.000     2.3693     2.3702   3.207481   3.207552     1.8182    -0.3910     0.3555    34.8959 1.2972e+03   2443.214    34.8946    34.8945     6.2790    1500.81    27.8725    27.8723 0.0000e+00
   2482.000     2.3680     2.3689   3.207409   3.207464     1.8179    -0.3921     0.3569    34.8957 1.3011e+03   2444.193    34.8946    34.8944     6.2790    1500.82    27.8726    27.8723 0.0000e+00
   2483.000     2.3649     2.3659   3.207153   3.207234     1.8178    -0.3770     0.3581    34.8955 1.3084e+03   2445.172    34.8944    34.8943     6.2797    1500.83    27.8727    27.8725 0.0000e+00
   2484.000     2.3616     2.3626   3.206902   3.206978     1.8177    -0.3854     0.3582    34.8954 1.3117e+03   2446.151    34.8944    34.8942     6.2806    1500.83    27.8729    27.8727 0.0000e+00
   2485.000     2.3590     2.3599   3.206735   3.206796     1.8176    -0.3621     0.3594    34.8955 1.3052e+03   2447.131    34.8946    34.8944     6.2813    1500.84    27.8733    27.8731 0.0000e+00
   2486.000     2.3585     2.3592   3.206732   3.206779     1.8176    -0.3492     0.3632    34.8954 1.2981e+03   2448.110    34.8947    34.8945     6.2822    1500.85    27.8734    27.8732 0.0000e+00
   2487.000     2.3558     2.3569   3.206426   3.206582     1.8176    -0.3894     0.3588    34.8951 1.2929e+03   2449.089    34.8934    34.8941     6.2836    1500.85    27.8726    27.8731 0.0000e+00
   2488.000     2.3438     2.3447   3.205451   3.205563     1.8176    -0.3927     0.3580    34.8955 1.2899e+03   2450.068    34.8939    34.8943     6.2867    1500.82    27.8739    27.8742 0.0000e+00
   2489.000     2.3369     2.3379   3.204878   3.205007     1.8176    -0.3863     0.3580    34.8957 1.2913e+03   2451.047    34.8938    34.8943     6.2888    1500.81    27.8744    27.8748 0.0000e+00
   2490.000     2.3308     2.3318   3.204427   3.204510     1.8176    -0.3813     0.3580    34.8957 1.2980e+03   2452.026    34.8943    34.8942     6.2907    1500.80    27.8754    27.8752 0.0000e+00
   2491.000     2.3226     2.3243   3.203692   3.203868     1.8176    -0.3907     0.3627    34.8954 1.3115e+03   2453.005    34.8937    34.8940     6.2932    1500.78    27.8755    27.8756 0.0000e+00
   2492.000     2.3128     2.3137   3.202919   3.202983     1.8176    -0.3780     0.3712    34.8957 1.3167e+03   2453.984    34.8943    34.8941     6.2956    1500.75    27.8768    27.8766 0.0000e+00
   2493.000     2.3107     2.3118   3.202746   3.202845     1.8177    -0.3784     0.3582    34.8954 1.3128e+03   2454.963    34.8939    34.8940     6.2971    1500.76    27.8767    27.8767 0.0000e+00
   2494.000     2.3044     2.3050   3.202200   3.202273     1.8177    -0.3941     0.3580    34.8953 1.3065e+03   2455.942    34.8936    34.8938     6.2991    1500.75    27.8769    27.8770 0.0000e+00
   2495.000     2.3003     2.3013   3.201878   3.201976     1.8177    -0.4128     0.3580    34.8952 1.2984e+03   2456.921    34.8935    34.8937     6.3008    1500.75    27.8772    27.8773 0.0000e+00
