Ship_data/Irminger/Irminger-5/ctd/process/ar30-03010.cnv
* Sea-Bird SBE 9 Data File:
* FileName = D:\Data\ar30-03010.hdr
* Software Version Seasave V 7.23.2
* Temperature SN = 4312
* Conductivity SN = 2148
* Number of Bytes Per Scan = 44
* Number of Voltage Words = 5
* Number of Scans Averaged by the Deck Unit = 1
* NMEA Latitude = 59 50.67 N
* NMEA Longitude = 039 11.81 W
* NMEA UTC (Time) = Jun 12 2018  19:51:22
** Cruise ID: ar30-03
** Chief Sci: Macdonald
** Station #: 010
** Site ID: Irminger 5 Glider sync.
** cast to 1000 meters with bottom release testing
# nquan = 18
# nvalues = 2028                        
# units = specified
# name 0 = prDM: Pressure, Digiquartz [db]
# name 1 = t090C: Temperature [ITS-90, deg C]
# name 2 = t190C: Temperature, 2 [ITS-90, deg C]
# name 3 = c0S/m: Conductivity [S/m]
# name 4 = c1S/m: Conductivity, 2 [S/m]
# name 5 = sbeox0V: Oxygen raw, SBE 43 [V]
# name 6 = flECO-AFL: Fluorescence, WET Labs ECO-AFL/FL [mg/m^3]
# name 7 = turbWETntu0: Turbidity, WET Labs ECO [NTU]
# name 8 = sal00: Salinity, Practical [PSU]
# name 9 = spar: SPAR/Surface Irradiance
# name 10 = depSM: Depth [salt water, m], lat = 59.8445
# name 11 = sal00: Salinity, Practical [PSU]
# name 12 = sal11: Salinity, Practical, 2 [PSU]
# name 13 = sbeox0ML/L: Oxygen, SBE 43 [ml/l], WS = 2
# name 14 = svCM: Sound Velocity [Chen-Millero, m/s]
# name 15 = sigma-é00: Density [sigma-theta, kg/m^3]
# name 16 = sigma-é11: Density, 2 [sigma-theta, kg/m^3]
# name 17 = flag: flag
# span 0 =      2.000,   1016.000       
# span 1 =     3.6678,     6.1498       
# span 2 =     3.6678,     6.1497       
# span 3 =   3.262010,   3.438996       
# span 4 =   3.262077,   3.439186       
# span 5 =     2.1404,     2.8284       
# span 6 =    -0.4138,     7.2144       
# span 7 =     0.3456,     0.6761       
# span 8 =    34.8625,    34.9228       
# span 9 = 1.3798e+02, 2.6169e+02       
# span 10 =      1.981,   1003.977      
# span 11 =    34.8625,    34.9227      
# span 12 =    34.8639,    34.9240      
# span 13 =     5.9199,     7.2807      
# span 14 =    1472.00,    1481.89      
# span 15 =    27.4317,    27.7434      
# span 16 =    27.4335,    27.7441      
# span 17 = 0.0000e+00, 0.0000e+00      
# interval = decibars: 1                
# start_time = Jun 12 2018 19:51:22 [System UTC, first data scan.]
# bad_flag = -9.990e-29
*END*
[from data line 1769]
    260.000     4.6215     4.6206   3.311858   3.311917     2.3134    -0.3531     0.3938    34.8678 1.5731e+02    257.390    34.8671    34.8687     6.0870    1473.28    27.6154    27.6168 0.0000e+00
    259.000     4.6187     4.6195   3.311503   3.311740     2.3133    -0.3382     0.3938    34.8672 1.5731e+02    256.400    34.8664    34.8683     6.0866    1473.25    27.6151    27.6165 0.0000e+00
    258.000     4.6168     4.6169   3.311287   3.311403     2.3161    -0.3333     0.3957    34.8669 1.5731e+02    255.411    34.8664    34.8677     6.0954    1473.23    27.6154    27.6164 0.0000e+00
    257.000     4.6166     4.6163   3.311204   3.311277     2.3183    -0.3433     0.3903    34.8666 1.5784e+02    254.422    34.8662    34.8674     6.1021    1473.21    27.6152    27.6162 0.0000e+00
    256.000     4.6163     4.6163   3.311115   3.311225     2.3188    -0.3464     0.3926    34.8663 1.5768e+02    253.432    34.8660    34.8673     6.1030    1473.19    27.6150    27.6161 0.0000e+00
    255.000     4.6158     4.6158   3.310988   3.311112     2.3190    -0.3486     0.3874    34.8659 1.5730e+02    252.443    34.8655    34.8670     6.1031    1473.17    27.6147    27.6159 0.0000e+00
    254.000     4.6152     4.6152   3.310856   3.310964     2.3202    -0.3620     0.3858    34.8655 1.5731e+02    251.454    34.8652    34.8665     6.1062    1473.15    27.6145    27.6155 0.0000e+00
    253.000     4.6156     4.6156   3.310840   3.310932     2.3207    -0.3572     0.3907    34.8654 1.5715e+02    250.464    34.8651    34.8662     6.1072    1473.14    27.6144    27.6152 0.0000e+00
    252.000     4.6161     4.6160   3.310835   3.310927     2.3209    -0.3415     0.3936    34.8652 1.5769e+02    249.475    34.8651    34.8662     6.1068    1473.12    27.6143    27.6152 0.0000e+00
    251.000     4.6171     4.6167   3.310877   3.310951     2.3206    -0.3428     0.3930    34.8652 1.5884e+02    248.486    34.8651    34.8664     6.1050    1473.11    27.6142    27.6152 0.0000e+00
    250.000     4.6172     4.6164   3.310840   3.310875     2.3206    -0.3360     0.3921    34.8652 1.5966e+02    247.496    34.8651    34.8663     6.1041    1473.09    27.6142    27.6152 0.0000e+00
    249.000     4.6173     4.6170   3.310790   3.310879     2.3210    -0.3362     0.3866    34.8650 1.5827e+02    246.507    34.8649    34.8662     6.1047    1473.08    27.6140    27.6151 0.0000e+00
    248.000     4.6178     4.6173   3.310777   3.310851     2.3204    -0.3305     0.3938    34.8648 1.5521e+02    245.517    34.8647    34.8661     6.1019    1473.06    27.6138    27.6150 0.0000e+00
    247.000     4.6190     4.6182   3.310867   3.310882     2.3178    -0.3426     0.3927    34.8649 1.5517e+02    244.528    34.8650    34.8660     6.0920    1473.05    27.6139    27.6148 0.0000e+00
    246.000     4.6193     4.6188   3.310740   3.310800     2.3172    -0.3302     0.3935    34.8641 1.5609e+02    243.539    34.8638    34.8650     6.0892    1473.04    27.6128    27.6139 0.0000e+00
    245.000     4.6178     4.6180   3.310525   3.310647     2.3177    -0.3313     0.3903    34.8635 1.5757e+02    242.549    34.8634    34.8645     6.0905    1473.01    27.6127    27.6136 0.0000e+00
    244.000     4.6193     4.6197   3.310614   3.310755     2.3199    -0.3408     0.3842    34.8633 1.5966e+02    241.560    34.8634    34.8645     6.0967    1473.00    27.6125    27.6134 0.0000e+00
    243.000     4.6203     4.6205   3.310657   3.310776     2.3217    -0.3412     0.3888    34.8633 1.6114e+02    240.570    34.8633    34.8646     6.1020    1472.99    27.6123    27.6133 0.0000e+00
    242.000     4.6206     4.6203   3.310633   3.310718     2.3250    -0.3294     0.3980    34.8633 1.6088e+02    239.581    34.8633    34.8646     6.1122    1472.97    27.6123    27.6133 0.0000e+00
    241.000     4.6214     4.6207   3.310641   3.310678     2.3269    -0.3404     0.3966    34.8630 1.5674e+02    238.591    34.8630    34.8643     6.1177    1472.96    27.6120    27.6130 0.0000e+00
    240.000     4.6215     4.6212   3.310620   3.310691     2.3266    -0.3279     0.3937    34.8631 1.5516e+02    237.602    34.8632    34.8644     6.1158    1472.95    27.6121    27.6131 0.0000e+00
    239.000     4.6222     4.6221   3.310601   3.310701     2.3249    -0.3412     0.3937    34.8629 1.5534e+02    236.613    34.8628    34.8641     6.1093    1472.93    27.6117    27.6127 0.0000e+00
    238.000     4.6215     4.6215   3.310490   3.310612     2.3227    -0.3515     0.3927    34.8628 1.5721e+02    235.623    34.8628    34.8642     6.1012    1472.91    27.6117    27.6128 0.0000e+00
    237.000     4.6213     4.6213   3.310436   3.310536     2.3209    -0.3608     0.3894    34.8629 1.5823e+02    234.634    34.8628    34.8641     6.0944    1472.90    27.6118    27.6128 0.0000e+00
    236.000     4.6212     4.6209   3.310365   3.310442     2.3212    -0.3436     0.3923    34.8627 1.6049e+02    233.644    34.8627    34.8639     6.0944    1472.88    27.6117    27.6127 0.0000e+00
    235.000     4.6211     4.6211   3.310292   3.310421     2.3220    -0.3507     0.3928    34.8625 1.6143e+02    232.655    34.8625    34.8640     6.0966    1472.86    27.6115    27.6127 0.0000e+00
    234.000     4.6213     4.6221   3.310297   3.310469     2.3236    -0.3568     0.3940    34.8626 1.6154e+02    231.665    34.8628    34.8640     6.1009    1472.85    27.6118    27.6126 0.0000e+00
    233.000     4.6230     4.6247   3.310399   3.310672     2.3260    -0.3517     0.3941    34.8627 1.6013e+02    230.676    34.8628    34.8642     6.1081    1472.84    27.6116    27.6125 0.0000e+00
    232.000     4.6237     4.6258   3.310452   3.310737     2.3288    -0.3536     0.3914    34.8631 1.5761e+02    229.686    34.8632    34.8643     6.1166    1472.82    27.6118    27.6124 0.0000e+00
    231.000     4.6345     4.6412   3.311514   3.312036     2.3297    -0.3571     0.3936    34.8631 1.5729e+02    228.697    34.8648    34.8639     6.1167    1472.85    27.6118    27.6104 0.0000e+00
    230.000     4.6466     4.6525   3.312623   3.313226     2.3304    -0.3417     0.3933    34.8638 1.5793e+02    227.707    34.8655    34.8664     6.1163    1472.89    27.6110    27.6111 0.0000e+00
    229.000     4.6551     4.6602   3.313422   3.313886     2.3306    -0.3417     0.3912    34.8644 1.5972e+02    226.718    34.8665    34.8666     6.1148    1472.91    27.6109    27.6104 0.0000e+00
    228.000     4.6623     4.6641   3.313961   3.314246     2.3306    -0.3462     0.3879    34.8646 1.6083e+02    225.729    34.8657    34.8672     6.1131    1472.92    27.6094    27.6104 0.0000e+00
    227.000     4.6628     4.6630   3.313978   3.314107     2.3305    -0.3428     0.3969    34.8650 1.6142e+02    224.739    34.8659    34.8672     6.1120    1472.91    27.6095    27.6105 0.0000e+00
    226.000     4.6623     4.6611   3.313890   3.313900     2.3311    -0.3578     0.3944    34.8651 1.6160e+02    223.750    34.8660    34.8673     6.1132    1472.89    27.6096    27.6108 0.0000e+00
    225.000     4.6631     4.6619   3.313899   3.313899     2.3319    -0.3354     0.3928    34.8652 1.6060e+02    222.760    34.8658    34.8671     6.1148    1472.87    27.6094    27.6105 0.0000e+00
    224.000     4.6630     4.6648   3.313839   3.314106     2.3345    -0.3352     0.3960    34.8652 1.5914e+02    221.770    34.8657    34.8669     6.1228    1472.86    27.6093    27.6101 0.0000e+00
    223.000     4.6647     4.6664   3.313962   3.314218     2.3345    -0.3438     0.3939    34.8652 1.5892e+02    220.781    34.8658    34.8671     6.1217    1472.85    27.6092    27.6100 0.0000e+00
    222.000     4.6685     4.6718   3.314297   3.314692     2.3340    -0.3440     0.3932    34.8652 1.5933e+02    219.791    34.8663    34.8675     6.1187    1472.85    27.6091    27.6097 0.0000e+00
    221.000     4.6731     4.6755   3.314669   3.315008     2.3341    -0.3405     0.3927    34.8654 1.5982e+02    218.802    34.8664    34.8678     6.1173    1472.85    27.6087    27.6095 0.0000e+00
    220.000     4.6786     4.6819   3.315191   3.315571     2.3351    -0.3451     0.3958    34.8657 1.6071e+02    217.812    34.8672    34.8682     6.1191    1472.86    27.6087    27.6092 0.0000e+00
    219.000     4.6840     4.6857   3.315617   3.315885     2.3355    -0.3413     0.3971    34.8659 1.6152e+02    216.823    34.8670    34.8684     6.1187    1472.86    27.6080    27.6088 0.0000e+00
    218.000     4.6864     4.6887   3.315834   3.316139     2.3358    -0.3318     0.3935    34.8664 1.6179e+02    215.833    34.8675    34.8688     6.1185    1472.86    27.6081    27.6088 0.0000e+00
    217.000     4.6891     4.6892   3.316067   3.316145     2.3369    -0.3350     0.3931    34.8669 1.6205e+02    214.844    34.8680    34.8688     6.1209    1472.85    27.6081    27.6088 0.0000e+00
    216.000     4.6915     4.6905   3.316227   3.316228     2.3383    -0.3438     0.3945    34.8670 1.6167e+02    213.854    34.8678    34.8690     6.1244    1472.84    27.6077    27.6087 0.0000e+00
    215.000     4.6908     4.6905   3.316092   3.316178     2.3390    -0.3396     0.3957    34.8671 1.5953e+02    212.865    34.8675    34.8688     6.1261    1472.83    27.6076    27.6086 0.0000e+00
    214.000     4.6913     4.6912   3.316076   3.316173     2.3380    -0.3424     0.3935    34.8668 1.5945e+02    211.875    34.8674    34.8686     6.1219    1472.81    27.6074    27.6084 0.0000e+00
    213.000     4.6919     4.6921   3.316091   3.316218     2.3378    -0.3443     0.3906    34.8670 1.6000e+02    210.886    34.8674    34.8687     6.1205    1472.80    27.6073    27.6084 0.0000e+00
    212.000     4.6935     4.6948   3.316216   3.316427     2.3377    -0.3457     0.3911    34.8671 1.6165e+02    209.896    34.8678    34.8689     6.1191    1472.79    27.6075    27.6082 0.0000e+00
    211.000     4.6960     4.6972   3.316428   3.316635     2.3378    -0.3442     0.3977    34.8673 1.6181e+02    208.906    34.8681    34.8693     6.1182    1472.78    27.6074    27.6082 0.0000e+00
    210.000     4.6993     4.7001   3.316701   3.316867     2.3382    -0.3401     0.3964    34.8675 1.6194e+02    207.917    34.8685    34.8695     6.1182    1472.78    27.6073    27.6081 0.0000e+00
    209.000     4.7021     4.7035   3.316920   3.317162     2.3390    -0.3342     0.3939    34.8676 1.6225e+02    206.927    34.8686    34.8699     6.1197    1472.77    27.6070    27.6079 0.0000e+00
    208.000     4.7039     4.7004   3.317033   3.316818     2.3402    -0.3364     0.3918    34.8680 1.6168e+02    205.938    34.8685    34.8696     6.1226    1472.77    27.6068    27.6081 0.0000e+00
    207.000     4.7054     4.7039   3.317138   3.317090     2.3427    -0.3420     0.3951    34.8682 1.5976e+02    204.948    34.8687    34.8697     6.1297    1472.76    27.6067    27.6078 0.0000e+00
    206.000     4.7044     4.7043   3.316977   3.317061     2.3432    -0.3289     0.3962    34.8681 1.6011e+02    203.959    34.8684    34.8695     6.1308    1472.73    27.6066    27.6075 0.0000e+00
    205.000     4.7051     4.7049   3.316994   3.317084     2.3426    -0.3405     0.3940    34.8682 1.6170e+02    202.969    34.8684    34.8696     6.1278    1472.72    27.6065    27.6075 0.0000e+00
    204.000     4.7048     4.7045   3.316916   3.317011     2.3427    -0.3407     0.3937    34.8682 1.6207e+02    201.979    34.8683    34.8697     6.1274    1472.70    27.6065    27.6076 0.0000e+00
    203.000     4.7038     4.7040   3.316792   3.316924     2.3417    -0.3408     0.3962    34.8684 1.6197e+02    200.990    34.8685    34.8697     6.1236    1472.68    27.6067    27.6077 0.0000e+00
    202.000     4.7098     4.7097   3.317306   3.317397     2.3426    -0.3338     0.3948    34.8686 1.6727e+02    200.000    34.8686    34.8699     6.1246    1472.69    27.6062    27.6072 0.0000e+00
    201.000     4.7143     4.7144   3.317686   3.317801     2.3448    -0.3359     0.3915    34.8689 1.6957e+02    199.010    34.8690    34.8702     6.1307    1472.69    27.6059    27.6069 0.0000e+00
    200.000     4.7144     4.7146   3.317659   3.317779     2.3464    -0.3282     0.3937    34.8690 1.6922e+02    198.021    34.8690    34.8702     6.1350    1472.68    27.6059    27.6068 0.0000e+00
    199.000     4.7157     4.7159   3.317735   3.317858     2.3472    -0.3324     0.3952    34.8690 1.6866e+02    197.031    34.8691    34.8703     6.1366    1472.67    27.6059    27.6068 0.0000e+00
    198.000     4.7164     4.7165   3.317764   3.317880     2.3459    -0.3324     0.3992    34.8691 1.6847e+02    196.042    34.8692    34.8704     6.1316    1472.65    27.6059    27.6068 0.0000e+00
    197.000     4.7169     4.7163   3.317755   3.317823     2.3458    -0.3408     0.3977    34.8691 1.6721e+02    195.052    34.8692    34.8705     6.1303    1472.64    27.6058    27.6069 0.0000e+00
    196.000     4.7181     4.7185   3.317824   3.317965     2.3472    -0.3429     0.4006    34.8691 1.6808e+02    194.062    34.8692    34.8704     6.1340    1472.63    27.6057    27.6065 0.0000e+00
    195.000     4.7188     4.7191   3.317842   3.317973     2.3471    -0.3463     0.3973    34.8691 1.6970e+02    193.073    34.8692    34.8704     6.1329    1472.61    27.6056    27.6065 0.0000e+00
    194.000     4.7189     4.7184   3.317801   3.317855     2.3472    -0.3469     0.3937    34.8692 1.7067e+02    192.083    34.8691    34.8703     6.1324    1472.60    27.6055    27.6065 0.0000e+00
    193.000     4.7179     4.7173   3.317645   3.317705     2.3473    -0.3461     0.3959    34.8690 1.7079e+02    191.093    34.8689    34.8703     6.1319    1472.58    27.6054    27.6065 0.0000e+00
    192.000     4.7177     4.7173   3.317610   3.317667     2.3472    -0.3295     0.3971    34.8692 1.7104e+02    190.104    34.8692    34.8703     6.1307    1472.56    27.6057    27.6066 0.0000e+00
    191.000     4.7175     4.7174   3.317541   3.317629     2.3469    -0.3280     0.3961    34.8692 1.7010e+02    189.114    34.8692    34.8703     6.1292    1472.54    27.6057    27.6065 0.0000e+00
    190.000     4.7177     4.7178   3.317483   3.317610     2.3450    -0.3412     0.3959    34.8688 1.6680e+02    188.124    34.8688    34.8701     6.1220    1472.53    27.6053    27.6064 0.0000e+00
    189.000     4.7205     4.7215   3.317719   3.317900     2.3458    -0.3361     0.3953    34.8688 1.6823e+02    187.135    34.8691    34.8703     6.1233    1472.52    27.6052    27.6060 0.0000e+00
    188.000     4.7253     4.7280   3.318218   3.318496     2.3472    -0.3339     0.3977    34.8691 1.6898e+02    186.145    34.8704    34.8708     6.1264    1472.53    27.6057    27.6057 0.0000e+00
    187.000     4.7323     4.7329   3.318794   3.318928     2.3487    -0.3408     0.3971    34.8694 1.7064e+02    185.155    34.8703    34.8713     6.1295    1472.54    27.6049    27.6056 0.0000e+00
    186.000     4.7343     4.7346   3.318885   3.319021     2.3496    -0.3404     0.3971    34.8694 1.7079e+02    184.166    34.8699    34.8711     6.1313    1472.53    27.6043    27.6052 0.0000e+00
    185.000     4.7344     4.7344   3.318841   3.318963     2.3491    -0.3388     0.3974    34.8694 1.7107e+02    183.176    34.8698    34.8712     6.1289    1472.51    27.6042    27.6053 0.0000e+00
    184.000     4.7350     4.7340   3.318853   3.318892     2.3473    -0.3550     0.3971    34.8694 1.7102e+02    182.186    34.8698    34.8713     6.1221    1472.50    27.6041    27.6054 0.0000e+00
    183.000     4.7339     4.7333   3.318708   3.318777     2.3481    -0.3128     0.3972    34.8696 1.6917e+02    181.197    34.8698    34.8712     6.1241    1472.48    27.6042    27.6054 0.0000e+00
    182.000     4.7358     4.7358   3.318879   3.318961     2.3520    -0.3310     0.3971    34.8695 1.6852e+02    180.207    34.8703    34.8713     6.1359    1472.47    27.6044    27.6052 0.0000e+00
    181.000     4.7421     4.7437   3.319399   3.319620     2.3531    -0.3484     0.3933    34.8697 1.6897e+02    179.217    34.8703    34.8712     6.1378    1472.48    27.6037    27.6042 0.0000e+00
