Ship_data/Irminger/Irminger-5/ctd/process/ar30-03021.ros
* Sea-Bird SBE 9 Data File:
* FileName = D:\Data\ar30-03021.hdr
* Software Version Seasave V 7.23.2
* Temperature SN = 4312
* Conductivity SN = 2148
* Number of Bytes Per Scan = 44
* Number of Voltage Words = 5
* Number of Scans Averaged by the Deck Unit = 1
* NMEA Latitude = 59 51.42 N
* NMEA Longitude = 039 13.43 W
* NMEA UTC (Time) = Jun 19 2018  18:21:51
** Cruise ID: ar30-03
** Chief Sci: Macdonald
** Station #: 021
** Site ID: Irminger 5 Gliders 2
** ctd cast to 1000 meters near OOI gliders
# nquan = 13
# nvalues = 980                                   
# units = specified
# name 0 = prDM: Pressure, Digiquartz [db]
# name 1 = t090C: Temperature [ITS-90, deg C]
# name 2 = t190C: Temperature, 2 [ITS-90, deg C]
# name 3 = c0S/m: Conductivity [S/m]
# name 4 = c1S/m: Conductivity, 2 [S/m]
# name 5 = sbeox0V: Oxygen raw, SBE 43 [V]
# name 6 = flECO-AFL: Fluorescence, WET Labs ECO-AFL/FL [mg/m^3]
# name 7 = turbWETntu0: Turbidity, WET Labs ECO [NTU]
# name 8 = sal00: Salinity, Practical [PSU]
# name 9 = spar: SPAR/Surface Irradiance
# name 10 = scan: Scan Count
# name 11 = nbf: Bottles Fired
# name 12 = flag:  0.000e+00
# interval = seconds: 0.0416667
# start_time = Jun 19 2018 18:21:51 [System UTC, first data scan.]
# bad_flag = -9.990e-29
*END*
[from data line 556]
    101.490     4.2325     4.2314   3.270790   3.270883     2.5095    -0.2766     0.4019    34.8799 4.9439e+02      74997         12  0.000e+00
    101.554     4.2321     4.2314   3.270797   3.270883     2.5095    -0.2961     0.4019    34.8804 4.9439e+02      74998         12  0.000e+00
    101.490     4.2322     4.2314   3.270803   3.270848     2.5095    -0.2961     0.4019    34.8804 4.9439e+02      74999         12  0.000e+00
    101.490     4.2320     4.2313   3.270803   3.270854     2.5095    -0.2961     0.4019    34.8807 4.9439e+02      75000         12  0.000e+00
    101.426     4.2321     4.2311   3.270784   3.270853     2.5095    -0.2766     0.4019    34.8804 4.9664e+02      75001         12  0.000e+00
    101.490     4.2320     4.2309   3.270771   3.270883     2.5095    -0.2961     0.4019    34.8803 4.9439e+02      75002         12  0.000e+00
    101.434     4.2321     4.2307   3.270797   3.270824     2.5095    -0.2961     0.4019    34.8805 4.9214e+02      75003         12  0.000e+00
    101.378     4.2320     4.2311   3.270784   3.270818     2.5095    -0.2766     0.4019    34.8805 4.9214e+02      75004         12  0.000e+00
    101.434     4.2319     4.2305   3.270771   3.270794     2.5095    -0.2961     0.4019    34.8804 4.9439e+02      75005         12  0.000e+00
    101.362     4.2316     4.2301   3.270771   3.270794     2.5095    -0.2961     0.4019    34.8807 4.9439e+02      75006         12  0.000e+00
    101.434     4.2317     4.2298   3.270752   3.270704     2.5095    -0.2961     0.4019    34.8804 4.9439e+02      75007         12  0.000e+00
    101.314     4.2315     4.2296   3.270759   3.270734     2.5095    -0.2961     0.4019    34.8808 4.9214e+02      75008         12  0.000e+00
    101.378     4.2317     4.2295   3.270733   3.270668     2.5095    -0.2961     0.4019    34.8802 4.9214e+02      75009         12  0.000e+00
    101.362     4.2315     4.2292   3.270759   3.270674     2.5095    -0.2961     0.4019    34.8807 4.9439e+02      75010         12  0.000e+00
    101.314     4.2315     4.2289   3.270733   3.270674     2.5095    -0.2961     0.4019    34.8804 4.9439e+02      75011         12  0.000e+00
    101.257     4.2312     4.2288   3.270696   3.270644     2.5095    -0.2961     0.4019    34.8804 4.9439e+02      75012         12  0.000e+00
    101.314     4.2313     4.2289   3.270721   3.270674     2.5095    -0.2766     0.4019    34.8805 4.9439e+02      75013         12  0.000e+00
    101.314     4.2314     4.2288   3.270702   3.270644     2.5107    -0.2766     0.4019    34.8802 4.9439e+02      75014         12  0.000e+00
    101.249     4.2310     4.2284   3.270708   3.270579     2.5095    -0.2766     0.4019    34.8807 4.9439e+02      75015         12  0.000e+00
    101.258     4.2312     4.2285   3.270696   3.270615     2.5095    -0.2961     0.4019    34.8803 4.9439e+02      75016         12  0.000e+00
    101.258     4.2312     4.2283   3.270721   3.270644     2.5095    -0.2961     0.4068    34.8807 4.9439e+02      75017         12  0.000e+00
    101.258     4.2311     4.2286   3.270727   3.270555     2.5107    -0.2961     0.4068    34.8809 4.9439e+02      75018         12  0.000e+00
    101.193     4.2312     4.2284   3.270696   3.270585     2.5095    -0.2961     0.4068    34.8804 4.9439e+02      75019         12  0.000e+00
    101.250     4.2309     4.2286   3.270702   3.270585     2.5095    -0.2961     0.4068    34.8807 4.9214e+02      75020         12  0.000e+00
    101.193     4.2309     4.2286   3.270670   3.270579     2.5095    -0.2766     0.4068    34.8805 4.9439e+02      75021         12  0.000e+00
    101.193     4.2311     4.2286   3.270677   3.270614     2.5107    -0.2961     0.4068    34.8803 4.9439e+02      75022         12  0.000e+00
    101.193     4.2310     4.2285   3.270689   3.270585     2.5107    -0.2766     0.4068    34.8805 4.9439e+02      75023         12  0.000e+00
    101.193     4.2311     4.2286   3.270683   3.270585     2.5107    -0.2766     0.4068    34.8804 4.9439e+02      75024         12  0.000e+00
    101.185     4.2307     4.2286   3.270664   3.270614     2.5107    -0.2961     0.4068    34.8806 4.9439e+02      75025         12  0.000e+00
    101.193     4.2309     4.2286   3.270614   3.270579     2.5107    -0.2766     0.4068    34.8797 4.9214e+02      75026         12  0.000e+00
    101.193     4.2307     4.2288   3.270658   3.270585     2.5107    -0.2961     0.4068    34.8805 4.9439e+02      75027         12  0.000e+00
    101.137     4.2306     4.2288   3.270664   3.270614     2.5107    -0.2961     0.4068    34.8807 4.9214e+02      75028         12  0.000e+00
     91.630     4.2779     4.2779   3.274566   3.274740     2.5178    -0.2375     0.4019    34.8818 4.3821e+02      77084         13  0.000e+00
     91.574     4.2784     4.2785   3.274584   3.274704     2.5178    -0.2375     0.4019    34.8815 4.3821e+02      77085         13  0.000e+00
     91.574     4.2783     4.2785   3.274584   3.274704     2.5178    -0.2375     0.4019    34.8816 4.3821e+02      77086         13  0.000e+00
     91.630     4.2787     4.2783   3.274603   3.274764     2.5178    -0.2375     0.4019    34.8814 4.3821e+02      77087         13  0.000e+00
     91.871     4.2789     4.2786   3.274635   3.274770     2.5178    -0.2375     0.4019    34.8815 4.4046e+02      77088         13  0.000e+00
     91.694     4.2788     4.2788   3.274667   3.274764     2.5178    -0.2375     0.4019    34.8820 4.3821e+02      77089         13  0.000e+00
     91.750     4.2790     4.2788   3.274673   3.274794     2.5178    -0.2375     0.4019    34.8818 4.3821e+02      77090         13  0.000e+00
     91.630     4.2791     4.2788   3.274673   3.274770     2.5178    -0.2375     0.4019    34.8818 4.3821e+02      77091         13  0.000e+00
     91.750     4.2794     4.2791   3.274673   3.274764     2.5178    -0.2375     0.4019    34.8814 4.3821e+02      77092         13  0.000e+00
     91.750     4.2790     4.2788   3.274654   3.274824     2.5178    -0.2375     0.4019    34.8816 4.3821e+02      77093         13  0.000e+00
     91.694     4.2794     4.2793   3.274711   3.274770     2.5178    -0.2375     0.4019    34.8819 4.3821e+02      77094         13  0.000e+00
     91.750     4.2795     4.2789   3.274692   3.274824     2.5178    -0.2375     0.4019    34.8815 4.3821e+02      77095         13  0.000e+00
     91.814     4.2794     4.2791   3.274692   3.274794     2.5178    -0.2375     0.4019    34.8816 4.3821e+02      77096         13  0.000e+00
     91.750     4.2796     4.2789   3.274704   3.274824     2.5178    -0.2375     0.4019    34.8815 4.3821e+02      77097         13  0.000e+00
     91.814     4.2797     4.2795   3.274685   3.274800     2.5178    -0.2375     0.4019    34.8812 4.3596e+02      77098         13  0.000e+00
     91.814     4.2796     4.2791   3.274692   3.274794     2.5178    -0.2375     0.4068    34.8814 4.3821e+02      77099         13  0.000e+00
     91.815     4.2797     4.2791   3.274685   3.274824     2.5178    -0.2571     0.4117    34.8812 4.3821e+02      77100         13  0.000e+00
     91.815     4.2795     4.2793   3.274717   3.274800     2.5178    -0.2571     0.4166    34.8818 4.3821e+02      77101         13  0.000e+00
     91.871     4.2796     4.2793   3.274736   3.274794     2.5178    -0.2571     0.4166    34.8818 4.3821e+02      77102         13  0.000e+00
     91.871     4.2799     4.2793   3.274717   3.274794     2.5178    -0.2571     0.4117    34.8814 4.3821e+02      77103         13  0.000e+00
     91.815     4.2800     4.2791   3.274749   3.274824     2.5178    -0.2571     0.4117    34.8816 4.3821e+02      77104         13  0.000e+00
     91.927     4.2796     4.2793   3.274723   3.274830     2.5178    -0.2571     0.4117    34.8817 4.3821e+02      77105         13  0.000e+00
     91.871     4.2799     4.2795   3.274723   3.274824     2.5178    -0.2571     0.4117    34.8815 4.3821e+02      77106         13  0.000e+00
     91.927     4.2798     4.2793   3.274730   3.274824     2.5178    -0.2571     0.4117    34.8816 4.3821e+02      77107         13  0.000e+00
     91.927     4.2799     4.2793   3.274717   3.274830     2.5178    -0.2571     0.4117    34.8814 4.3821e+02      77108         13  0.000e+00
     91.927     4.2799     4.2795   3.274723   3.274794     2.5178    -0.2571     0.4117    34.8814 4.3821e+02      77109         13  0.000e+00
     91.927     4.2796     4.2793   3.274755   3.274824     2.5178    -0.2571     0.4117    34.8820 4.3821e+02      77110         13  0.000e+00
     91.927     4.2797     4.2791   3.274723   3.274830     2.5178    -0.2375     0.4117    34.8816 4.3596e+02      77111         13  0.000e+00
     91.991     4.2800     4.2793   3.274704   3.274854     2.5178    -0.2571     0.4117    34.8810 4.3821e+02      77112         13  0.000e+00
     91.991     4.2798     4.2795   3.274704   3.274824     2.5178    -0.2571     0.4117    34.8812 4.3596e+02      77113         13  0.000e+00
     91.991     4.2797     4.2795   3.274723   3.274824     2.5178    -0.2571     0.4117    34.8816 4.3596e+02      77114         13  0.000e+00
     91.991     4.2801     4.2793   3.274736   3.274860     2.5178    -0.2571     0.4117    34.8813 4.3596e+02      77115         13  0.000e+00
     92.047     4.2799     4.2793   3.274736   3.274824     2.5178    -0.2571     0.4117    34.8815 4.3596e+02      77116         13  0.000e+00
     91.991     4.2797     4.2795   3.274717   3.274854     2.5178    -0.2571     0.4117    34.8815 4.3821e+02      77117         13  0.000e+00
     92.047     4.2798     4.2794   3.274723   3.274860     2.5166    -0.2571     0.4117    34.8814 4.3821e+02      77118         13  0.000e+00
     92.047     4.2799     4.2796   3.274755   3.274824     2.5178    -0.2571     0.4117    34.8818 4.3821e+02      77119         13  0.000e+00
     92.047     4.2799     4.2795   3.274742   3.274854     2.5166    -0.2571     0.4117    34.8816 4.3596e+02      77120         13  0.000e+00
     92.047     4.2800     4.2793   3.274730   3.274854     2.5178    -0.2571     0.4117    34.8813 4.3596e+02      77121         13  0.000e+00
     92.103     4.2799     4.2795   3.274717   3.274860     2.5178    -0.2375     0.4117    34.8813 4.3596e+02      77122         13  0.000e+00
     92.047     4.2798     4.2795   3.274704   3.274794     2.5178    -0.2571     0.4117    34.8812 4.3596e+02      77123         13  0.000e+00
     92.103     4.2797     4.2795   3.274705   3.274824     2.5178    -0.2375     0.4117    34.8813 4.3596e+02      77124         13  0.000e+00
     92.104     4.2799     4.2795   3.274749   3.274830     2.5178    -0.2375     0.4068    34.8817 4.3596e+02      77125         13  0.000e+00
     92.104     4.2796     4.2795   3.274723   3.274884     2.5178    -0.2375     0.4068    34.8816 4.3596e+02      77126         13  0.000e+00
     92.104     4.2799     4.2795   3.274705   3.274854     2.5178    -0.2375     0.4068    34.8811 4.3596e+02      77127         13  0.000e+00
     92.104     4.2799     4.2793   3.274723   3.274860     2.5178    -0.2375     0.4068    34.8814 4.3596e+02      77128         13  0.000e+00
     92.104     4.2798     4.2795   3.274736   3.274764     2.5178    -0.2375     0.4068    34.8816 4.3596e+02      77129         13  0.000e+00
     92.104     4.2800     4.2796   3.274692   3.274854     2.5178    -0.2375     0.4068    34.8808 4.3596e+02      77130         13  0.000e+00
     92.168     4.2796     4.2795   3.274692   3.274824     2.5178    -0.2375     0.4068    34.8812 4.3596e+02      77131         13  0.000e+00
     92.104     4.2799     4.2796   3.274723   3.274800     2.5178    -0.2375     0.4117    34.8814 4.3371e+02      77132         13  0.000e+00
     81.478     4.3227     4.3215   3.278317   3.278353     2.5188    -0.2180     0.4019    34.8842 3.9326e+02      78980         14  0.000e+00
     81.599     4.3230     4.3218   3.278317   3.278371     2.5188    -0.2180     0.4019    34.8837 3.9326e+02      78981         14  0.000e+00
     81.478     4.3230     4.3217   3.278336   3.278383     2.5200    -0.2180     0.4068    34.8840 3.9102e+02      78982         14  0.000e+00
     81.534     4.3229     4.3216   3.278324   3.278401     2.5188    -0.2180     0.4019    34.8840 3.9102e+02      78983         14  0.000e+00
     81.470     4.3230     4.3221   3.278305   3.278413     2.5200    -0.2180     0.4019    34.8837 3.9102e+02      78984         14  0.000e+00
     81.534     4.3230     4.3220   3.278311   3.278383     2.5188    -0.2180     0.4019    34.8837 3.9326e+02      78985         14  0.000e+00
     81.534     4.3227     4.3221   3.278317   3.278371     2.5200    -0.2180     0.4019    34.8841 3.9102e+02      78986         14  0.000e+00
     81.478     4.3229     4.3223   3.278317   3.278413     2.5188    -0.2180     0.4019    34.8840 3.9102e+02      78987         14  0.000e+00
     81.599     4.3225     4.3226   3.278317   3.278401     2.5188    -0.2180     0.4019    34.8843 3.9102e+02      78988         14  0.000e+00
     81.534     4.3227     4.3226   3.278298   3.278473     2.5188    -0.2375     0.4019    34.8839 3.8877e+02      78989         14  0.000e+00
     81.534     4.3229     4.3228   3.278286   3.278443     2.5188    -0.2375     0.4019    34.8836 3.9102e+02      78990         14  0.000e+00
     81.599     4.3227     4.3226   3.278286   3.278461     2.5188    -0.2375     0.4019    34.8837 3.9102e+02      78991         14  0.000e+00
     81.599     4.3226     4.3231   3.278242   3.278443     2.5188    -0.2571     0.4019    34.8833 3.9102e+02      78992         14  0.000e+00
     81.534     4.3221     4.3231   3.278223   3.278503     2.5188    -0.2375     0.4019    34.8836 3.9102e+02      78993         14  0.000e+00
     81.591     4.3219     4.3231   3.278242   3.278521     2.5188    -0.2375     0.4019    34.8840 3.8877e+02      78994         14  0.000e+00
     81.599     4.3218     4.3232   3.278254   3.278503     2.5188    -0.2375     0.4019    34.8843 3.8877e+02      78995         14  0.000e+00
     81.599     4.3219     4.3228   3.278254   3.278521     2.5188    -0.2375     0.4019    34.8842 3.8877e+02      78996         14  0.000e+00
     81.599     4.3217     4.3226   3.278235   3.278503     2.5188    -0.2375     0.4019    34.8842 3.8877e+02      78997         14  0.000e+00
     81.599     4.3219     4.3226   3.278242   3.278533     2.5188    -0.2375     0.4019    34.8840 3.8877e+02      78998         14  0.000e+00
     81.591     4.3218     4.3232   3.278273   3.278461     2.5188    -0.2375     0.4019    34.8845 3.8877e+02      78999         14  0.000e+00
     81.599     4.3221     4.3232   3.278267   3.278503     2.5188    -0.2375     0.4019    34.8841 3.8877e+02      79000         14  0.000e+00
     81.599     4.3218     4.3234   3.278254   3.278491     2.5188    -0.2375     0.4019    34.8843 3.8877e+02      79001         14  0.000e+00
     81.599     4.3222     4.3231   3.278254   3.278473     2.5188    -0.2375     0.4019    34.8838 3.8877e+02      79002         14  0.000e+00
     81.599     4.3222     4.3231   3.278235   3.278473     2.5188    -0.2375     0.4019    34.8836 3.8877e+02      79003         14  0.000e+00
     81.591     4.3222     4.3229   3.278216   3.278431     2.5188    -0.2375     0.4019    34.8834 3.8877e+02      79004         14  0.000e+00
     81.599     4.3221     4.3231   3.278242   3.278503     2.5188    -0.2375     0.4019    34.8838 3.8652e+02      79005         14  0.000e+00
     81.599     4.3222     4.3231   3.278254   3.278461     2.5188    -0.2375     0.4019    34.8838 3.8652e+02      79006         14  0.000e+00
     81.599     4.3221     4.3232   3.278254   3.278503     2.5188    -0.2375     0.4019    34.8840 3.8652e+02      79007         14  0.000e+00
     81.655     4.3222     4.3231   3.278254   3.278503     2.5188    -0.2375     0.4019    34.8838 3.8652e+02      79008         14  0.000e+00
