Ship_data/Irminger/Irminger-5/ctd/process/ar30-03011.cnv
* Sea-Bird SBE 9 Data File:
* FileName = D:\Data\ar30-03011.hdr
* Software Version Seasave V 7.23.2
* Temperature SN = 4312
* Conductivity SN = 2148
* Number of Bytes Per Scan = 44
* Number of Voltage Words = 5
* Number of Scans Averaged by the Deck Unit = 1
* NMEA Latitude = 59 39.70 N
* NMEA Longitude = 038 37.20 W
* NMEA UTC (Time) = Jun 13 2018  13:11:35
** Cruise ID: ar30-03
** Chief Sci: Macdonald
** Station #: 011
** Site ID: Irminger 5 OSNAP M4
** cast near OSNAP M4 mooring
# nquan = 18
# nvalues = 5984                        
# units = specified
# name 0 = prDM: Pressure, Digiquartz [db]
# name 1 = t090C: Temperature [ITS-90, deg C]
# name 2 = t190C: Temperature, 2 [ITS-90, deg C]
# name 3 = c0S/m: Conductivity [S/m]
# name 4 = c1S/m: Conductivity, 2 [S/m]
# name 5 = sbeox0V: Oxygen raw, SBE 43 [V]
# name 6 = flECO-AFL: Fluorescence, WET Labs ECO-AFL/FL [mg/m^3]
# name 7 = turbWETntu0: Turbidity, WET Labs ECO [NTU]
# name 8 = sal00: Salinity, Practical [PSU]
# name 9 = spar: SPAR/Surface Irradiance
# name 10 = depSM: Depth [salt water, m], lat = 59.6617
# name 11 = sal00: Salinity, Practical [PSU]
# name 12 = sal11: Salinity, Practical, 2 [PSU]
# name 13 = sbeox0ML/L: Oxygen, SBE 43 [ml/l], WS = 2
# name 14 = svCM: Sound Velocity [Chen-Millero, m/s]
# name 15 = sigma-é00: Density [sigma-theta, kg/m^3]
# name 16 = sigma-é11: Density, 2 [sigma-theta, kg/m^3]
# name 17 = flag: flag
# span 0 =      4.000,   2996.000       
# span 1 =     1.4946,     5.4530       
# span 2 =     1.4915,     5.4354       
# span 3 =   3.150083,   3.371218       
# span 4 =   3.149841,   3.369708       
# span 5 =     1.4924,     2.7393       
# span 6 =    -0.4164,     1.6192       
# span 7 =     0.3398,     0.6329       
# span 8 =    34.5319,    34.9317       
# span 9 = 9.3486e+02, 2.2297e+03       
# span 10 =      3.962,   2946.881      
# span 11 =    34.5356,    34.9316      
# span 12 =    34.8199,    34.9317      
# span 13 =     4.4683,     7.1385      
# span 14 =    1467.96,    1508.12      
# span 15 =    27.4788,    27.9574      
# span 16 =    27.4817,    27.9361      
# span 17 = 0.0000e+00, 0.0000e+00      
# interval = decibars: 1                
# start_time = Jun 13 2018 13:11:35 [System UTC, first data scan.]
# bad_flag = -9.990e-29
*END*
[from data line 2171]
   2175.000     3.1495     3.1500   3.267222   3.267246     1.8260    -0.3924     0.3475    34.9304 1.6262e+03   2143.422    34.9301    34.9299     5.9341    1499.03    27.8313    27.8311 0.0000e+00
   2176.000     3.1484     3.1490   3.267136   3.267186     1.8259    -0.3906     0.3470    34.9302 1.6185e+03   2144.402    34.9297    34.9298     5.9345    1499.05    27.8311    27.8311 0.0000e+00
   2177.000     3.1472     3.1479   3.267068   3.267138     1.8256    -0.3926     0.3473    34.9302 1.6111e+03   2145.383    34.9298    34.9299     5.9344    1499.06    27.8313    27.8313 0.0000e+00
   2178.000     3.1466     3.1473   3.267064   3.267124     1.8256    -0.3906     0.3466    34.9301 1.6099e+03   2146.363    34.9299    34.9298     5.9352    1499.07    27.8314    27.8314 0.0000e+00
   2179.000     3.1458     3.1465   3.267013   3.267071     1.8254    -0.3487     0.3452    34.9300 1.6259e+03   2147.344    34.9296    34.9296     5.9353    1499.09    27.8313    27.8312 0.0000e+00
   2180.000     3.1454     3.1461   3.267028   3.267099     1.8250    -0.3718     0.3483    34.9300 1.6694e+03   2148.324    34.9297    34.9298     5.9343    1499.10    27.8315    27.8315 0.0000e+00
   2181.000     3.1444     3.1449   3.266980   3.267043     1.8247    -0.3699     0.3474    34.9301 1.6646e+03   2149.305    34.9298    34.9300     5.9337    1499.11    27.8316    27.8317 0.0000e+00
   2182.000     3.1433     3.1439   3.266921   3.266990     1.8244    -0.3948     0.3468    34.9300 1.6590e+03   2150.285    34.9297    34.9299     5.9335    1499.13    27.8317    27.8317 0.0000e+00
   2183.000     3.1419     3.1426   3.266837   3.266900     1.8244    -0.3697     0.3441    34.9301 1.6573e+03   2151.266    34.9297    34.9298     5.9342    1499.14    27.8318    27.8318 0.0000e+00
   2184.000     3.1387     3.1394   3.266562   3.266649     1.8243    -0.3762     0.3449    34.9300 1.6632e+03   2152.246    34.9294    34.9297     5.9353    1499.14    27.8319    27.8320 0.0000e+00
   2185.000     3.1374     3.1382   3.266517   3.266585     1.8238    -0.3853     0.3466    34.9301 1.6768e+03   2153.226    34.9297    34.9298     5.9341    1499.15    27.8322    27.8322 0.0000e+00
   2186.000     3.1369     3.1378   3.266503   3.266589     1.8237    -0.3707     0.3452    34.9300 1.7059e+03   2154.207    34.9296    34.9297     5.9342    1499.17    27.8322    27.8322 0.0000e+00
   2187.000     3.1363     3.1366   3.266509   3.266515     1.8234    -0.3669     0.3474    34.9300 1.7428e+03   2155.187    34.9298    34.9296     5.9338    1499.18    27.8324    27.8322 0.0000e+00
   2188.000     3.1358     3.1364   3.266481   3.266552     1.8232    -0.3854     0.3487    34.9299 1.7558e+03   2156.168    34.9295    34.9298     5.9336    1499.20    27.8322    27.8324 0.0000e+00
   2189.000     3.1345     3.1351   3.266420   3.266480     1.8231    -0.3796     0.3473    34.9299 1.7513e+03   2157.148    34.9298    34.9298     5.9342    1499.21    27.8326    27.8325 0.0000e+00
   2190.000     3.1353     3.1359   3.266546   3.266582     1.8231    -0.3714     0.3467    34.9300 1.7378e+03   2158.128    34.9299    34.9298     5.9351    1499.23    27.8326    27.8324 0.0000e+00
   2191.000     3.1342     3.1352   3.266463   3.266562     1.8230    -0.3752     0.3467    34.9299 1.7200e+03   2159.109    34.9296    34.9298     5.9354    1499.24    27.8325    27.8325 0.0000e+00
   2192.000     3.1337     3.1347   3.266467   3.266550     1.8225    -0.3888     0.3448    34.9299 1.7066e+03   2160.089    34.9298    34.9297     5.9343    1499.25    27.8327    27.8325 0.0000e+00
   2193.000     3.1335     3.1340   3.266466   3.266536     1.8222    -0.3846     0.3438    34.9299 1.7033e+03   2161.070    34.9295    34.9298     5.9337    1499.27    27.8324    27.8327 0.0000e+00
   2194.000     3.1308     3.1315   3.266284   3.266346     1.8220    -0.3688     0.3479    34.9299 1.7066e+03   2162.050    34.9297    34.9297     5.9339    1499.27    27.8329    27.8328 0.0000e+00
   2195.000     3.1295     3.1304   3.266187   3.266280     1.8219    -0.3754     0.3462    34.9297 1.7153e+03   2163.031    34.9294    34.9296     5.9346    1499.29    27.8328    27.8328 0.0000e+00
   2196.000     3.1288     3.1293   3.266185   3.266225     1.8220    -0.3907     0.3481    34.9298 1.7358e+03   2164.011    34.9296    34.9296     5.9356    1499.30    27.8330    27.8329 0.0000e+00
   2197.000     3.1278     3.1284   3.266113   3.266187     1.8219    -0.3786     0.3471    34.9298 1.7615e+03   2164.991    34.9294    34.9296     5.9361    1499.31    27.8329    27.8331 0.0000e+00
   2198.000     3.1260     3.1268   3.266009   3.266090     1.8218    -0.3678     0.3442    34.9298 1.7675e+03   2165.972    34.9296    34.9297     5.9369    1499.32    27.8333    27.8333 0.0000e+00
   2199.000     3.1256     3.1263   3.266019   3.266076     1.8214    -0.3799     0.3433    34.9298 1.7602e+03   2166.952    34.9296    34.9295     5.9359    1499.34    27.8333    27.8332 0.0000e+00
   2200.000     3.1254     3.1261   3.266040   3.266099     1.8208    -0.3938     0.3444    34.9298 1.7508e+03   2167.932    34.9297    34.9296     5.9338    1499.35    27.8334    27.8333 0.0000e+00
   2201.000     3.1255     3.1261   3.266088   3.266139     1.8208    -0.3928     0.3491    34.9298 1.7487e+03   2168.913    34.9296    34.9296     5.9349    1499.37    27.8334    27.8333 0.0000e+00
   2202.000     3.1253     3.1261   3.266112   3.266180     1.8208    -0.4116     0.3473    34.9297 1.7580e+03   2169.893    34.9296    34.9296     5.9357    1499.39    27.8334    27.8333 0.0000e+00
   2203.000     3.1254     3.1261   3.266152   3.266210     1.8208    -0.3774     0.3436    34.9296 1.7796e+03   2170.873    34.9295    34.9295     5.9363    1499.40    27.8333    27.8333 0.0000e+00
   2204.000     3.1255     3.1262   3.266194   3.266254     1.8208    -0.3829     0.3433    34.9296 1.7910e+03   2171.854    34.9295    34.9295     5.9371    1499.42    27.8333    27.8332 0.0000e+00
   2205.000     3.1252     3.1260   3.266224   3.266286     1.8207    -0.3703     0.3467    34.9298 1.7598e+03   2172.834    34.9297    34.9296     5.9374    1499.44    27.8335    27.8333 0.0000e+00
   2206.000     3.1245     3.1252   3.266203   3.266256     1.8201    -0.3717     0.3456    34.9298 1.7325e+03   2173.814    34.9296    34.9296     5.9355    1499.45    27.8335    27.8334 0.0000e+00
   2207.000     3.1233     3.1237   3.266131   3.266165     1.8198    -0.3729     0.3434    34.9300 1.7166e+03   2174.795    34.9296    34.9296     5.9351    1499.46    27.8336    27.8335 0.0000e+00
   2208.000     3.1222     3.1228   3.266072   3.266136     1.8196    -0.3858     0.3459    34.9298 1.7105e+03   2175.775    34.9296    34.9297     5.9353    1499.47    27.8337    27.8337 0.0000e+00
   2209.000     3.1213     3.1221   3.266029   3.266093     1.8196    -0.3943     0.3477    34.9298 1.7173e+03   2176.755    34.9296    34.9295     5.9363    1499.49    27.8338    27.8337 0.0000e+00
   2210.000     3.1207     3.1213   3.266002   3.266043     1.8196    -0.3796     0.3464    34.9296 1.7451e+03   2177.736    34.9295    34.9293     5.9370    1499.50    27.8338    27.8335 0.0000e+00
   2211.000     3.1199     3.1201   3.265959   3.266003     1.8193    -0.3703     0.3456    34.9297 1.7642e+03   2178.716    34.9292    34.9295     5.9369    1499.51    27.8337    27.8339 0.0000e+00
   2212.000     3.1185     3.1193   3.265920   3.265971     1.8190    -0.3718     0.3464    34.9299 1.7574e+03   2179.696    34.9298    34.9296     5.9364    1499.53    27.8342    27.8340 0.0000e+00
   2213.000     3.1181     3.1188   3.265912   3.265965     1.8184    -0.3686     0.3468    34.9298 1.7498e+03   2180.677    34.9296    34.9296     5.9344    1499.54    27.8341    27.8340 0.0000e+00
   2214.000     3.1170     3.1171   3.265819   3.265848     1.8184    -0.3890     0.3458    34.9296 1.7414e+03   2181.657    34.9292    34.9295     5.9355    1499.55    27.8340    27.8341 0.0000e+00
   2215.000     3.1146     3.1152   3.265654   3.265716     1.8184    -0.3831     0.3487    34.9297 1.7354e+03   2182.637    34.9293    34.9294     5.9367    1499.56    27.8342    27.8343 0.0000e+00
   2216.000     3.1135     3.1143   3.265600   3.265666     1.8184    -0.3739     0.3459    34.9297 1.7364e+03   2183.617    34.9294    34.9293     5.9377    1499.57    27.8344    27.8343 0.0000e+00
   2217.000     3.1133     3.1140   3.265615   3.265669     1.8184    -0.3758     0.3433    34.9295 1.7444e+03   2184.598    34.9293    34.9292     5.9386    1499.59    27.8343    27.8342 0.0000e+00
   2218.000     3.1129     3.1135   3.265625   3.265685     1.8185    -0.3827     0.3457    34.9296 1.7560e+03   2185.578    34.9294    34.9294     5.9395    1499.60    27.8345    27.8344 0.0000e+00
   2219.000     3.1117     3.1123   3.265563   3.265618     1.8182    -0.3740     0.3493    34.9297 1.7457e+03   2186.558    34.9294    34.9295     5.9394    1499.61    27.8346    27.8346 0.0000e+00
   2220.000     3.1112     3.1119   3.265572   3.265623     1.8182    -0.3916     0.3498    34.9297 1.7297e+03   2187.539    34.9295    34.9295     5.9404    1499.63    27.8348    27.8346 0.0000e+00
   2221.000     3.1111     3.1118   3.265603   3.265649     1.8180    -0.3938     0.3448    34.9297 1.7124e+03   2188.519    34.9296    34.9294     5.9402    1499.65    27.8349    27.8346 0.0000e+00
   2222.000     3.1110     3.1117   3.265625   3.265680     1.8175    -0.3857     0.3434    34.9296 1.6980e+03   2189.499    34.9294    34.9294     5.9384    1499.66    27.8347    27.8346 0.0000e+00
   2223.000     3.1109     3.1117   3.265657   3.265710     1.8173    -0.3738     0.3433    34.9296 1.6904e+03   2190.479    34.9295    34.9293     5.9383    1499.68    27.8348    27.8345 0.0000e+00
   2224.000     3.1107     3.1117   3.265654   3.265738     1.8170    -0.3779     0.3459    34.9294 1.7010e+03   2191.459    34.9292    34.9292     5.9381    1499.69    27.8346    27.8345 0.0000e+00
   2225.000     3.1096     3.1096   3.265616   3.265606     1.8167    -0.3690     0.3432    34.9296 1.7128e+03   2192.440    34.9294    34.9293     5.9376    1499.71    27.8348    27.8348 0.0000e+00
   2226.000     3.1080     3.1086   3.265516   3.265567     1.8167    -0.3702     0.3470    34.9296 1.7065e+03   2193.420    34.9294    34.9295     5.9386    1499.72    27.8350    27.8350 0.0000e+00
   2227.000     3.1079     3.1086   3.265540   3.265608     1.8163    -0.3732     0.3469    34.9295 1.6932e+03   2194.400    34.9294    34.9295     5.9374    1499.73    27.8350    27.8350 0.0000e+00
   2228.000     3.1078     3.1084   3.265574   3.265639     1.8162    -0.3878     0.3458    34.9295 1.6761e+03   2195.381    34.9294    34.9295     5.9379    1499.75    27.8350    27.8351 0.0000e+00
   2229.000     3.1079     3.1084   3.265623   3.265674     1.8161    -0.4053     0.3467    34.9296 1.6623e+03   2196.361    34.9295    34.9295     5.9381    1499.77    27.8351    27.8350 0.0000e+00
   2230.000     3.1064     3.1073   3.265516   3.265599     1.8161    -0.3754     0.3443    34.9295 1.6628e+03   2197.341    34.9292    34.9293     5.9394    1499.78    27.8350    27.8350 0.0000e+00
   2231.000     3.1048     3.1054   3.265419   3.265478     1.8161    -0.3943     0.3489    34.9296 1.6802e+03   2198.321    34.9293    34.9293     5.9402    1499.79    27.8353    27.8352 0.0000e+00
   2232.000     3.1044     3.1051   3.265439   3.265496     1.8161    -0.3902     0.3473    34.9296 1.6975e+03   2199.302    34.9295    34.9294     5.9411    1499.80    27.8354    27.8353 0.0000e+00
   2233.000     3.1038     3.1048   3.265418   3.265498     1.8157    -0.3913     0.3458    34.9296 1.7023e+03   2200.282    34.9294    34.9293     5.9400    1499.82    27.8354    27.8353 0.0000e+00
   2234.000     3.1031     3.1038   3.265390   3.265443     1.8156    -0.3917     0.3465    34.9295 1.6822e+03   2201.262    34.9293    34.9293     5.9404    1499.83    27.8355    27.8353 0.0000e+00
   2235.000     3.1021     3.1029   3.265345   3.265410     1.8150    -0.3734     0.3475    34.9296 1.6516e+03   2202.242    34.9294    34.9293     5.9388    1499.84    27.8356    27.8355 0.0000e+00
   2236.000     3.1012     3.1019   3.265319   3.265368     1.8149    -0.3692     0.3447    34.9298 1.6308e+03   2203.222    34.9296    34.9294     5.9393    1499.86    27.8358    27.8357 0.0000e+00
   2237.000     3.1010     3.1017   3.265350   3.265383     1.8149    -0.3655     0.3433    34.9297 1.6185e+03   2204.202    34.9296    34.9293     5.9402    1499.87    27.8359    27.8356 0.0000e+00
   2238.000     3.1009     3.1016   3.265363   3.265415     1.8149    -0.3671     0.3433    34.9297 1.6121e+03   2205.183    34.9295    34.9293     5.9410    1499.89    27.8358    27.8356 0.0000e+00
   2239.000     3.1001     3.1007   3.265313   3.265362     1.8146    -0.3831     0.3457    34.9295 1.6104e+03   2206.163    34.9293    34.9292     5.9404    1499.90    27.8357    27.8356 0.0000e+00
   2240.000     3.0997     3.1004   3.265322   3.265363     1.8143    -0.3708     0.3468    34.9294 1.6207e+03   2207.143    34.9293    34.9291     5.9401    1499.92    27.8358    27.8356 0.0000e+00
   2241.000     3.0992     3.1001   3.265306   3.265400     1.8137    -0.3690     0.3430    34.9295 1.6178e+03   2208.123    34.9292    34.9294     5.9382    1499.93    27.8358    27.8358 0.0000e+00
   2242.000     3.0969     3.0983   3.265152   3.265271     1.8137    -0.3706     0.3470    34.9296 1.6071e+03   2209.103    34.9293    34.9292     5.9394    1499.94    27.8360    27.8359 0.0000e+00
   2243.000     3.0959     3.0967   3.265107   3.265167     1.8136    -0.3815     0.3446    34.9295 1.5968e+03   2210.083    34.9293    34.9292     5.9397    1499.95    27.8361    27.8360 0.0000e+00
   2244.000     3.0954     3.0962   3.265093   3.265161     1.8137    -0.3912     0.3434    34.9294 1.5834e+03   2211.064    34.9292    34.9292     5.9409    1499.97    27.8361    27.8361 0.0000e+00
   2245.000     3.0948     3.0955   3.265090   3.265138     1.8137    -0.3734     0.3399    34.9295 1.5709e+03   2212.044    34.9293    34.9292     5.9418    1499.98    27.8363    27.8361 0.0000e+00
   2246.000     3.0944     3.0951   3.265083   3.265145     1.8130    -0.3859     0.3450    34.9294 1.5614e+03   2213.024    34.9292    34.9292     5.9394    1500.00    27.8362    27.8362 0.0000e+00
   2247.000     3.0918     3.0924   3.264862   3.264936     1.8127    -0.3831     0.3448    34.9294 1.5586e+03   2214.004    34.9289    34.9291     5.9396    1500.00    27.8362    27.8363 0.0000e+00
   2248.000     3.0876     3.0881   3.264522   3.264584     1.8126    -0.3729     0.3446    34.9294 1.5657e+03   2214.984    34.9287    34.9289     5.9402    1500.00    27.8365    27.8366 0.0000e+00
   2249.000     3.0860     3.0866   3.264431   3.264483     1.8126    -0.3848     0.3497    34.9293 1.5825e+03   2215.965    34.9289    34.9288     5.9413    1500.01    27.8368    27.8367 0.0000e+00
   2250.000     3.0857     3.0865   3.264461   3.264515     1.8126    -0.3919     0.3444    34.9293 1.5804e+03   2216.945    34.9291    34.9289     5.9422    1500.03    27.8370    27.8368 0.0000e+00
   2251.000     3.0857     3.0864   3.264504   3.264565     1.8125    -0.3691     0.3433    34.9293 1.5599e+03   2217.925    34.9291    34.9291     5.9427    1500.04    27.8370    27.8369 0.0000e+00
   2252.000     3.0855     3.0861   3.264545   3.264586     1.8124    -0.3795     0.3433    34.9295 1.5418e+03   2218.905    34.9294    34.9293     5.9432    1500.06    27.8372    27.8371 0.0000e+00
   2253.000     3.0854     3.0862   3.264561   3.264626     1.8123    -0.3896     0.3433    34.9294 1.5272e+03   2219.885    34.9292    34.9292     5.9431    1500.08    27.8371    27.8370 0.0000e+00
   2254.000     3.0833     3.0840   3.264374   3.264466     1.8118    -0.3732     0.3471    34.9293 1.5174e+03   2220.865    34.9287    34.9291     5.9423    1500.08    27.8369    27.8371 0.0000e+00
