Ship_data/Irminger/Irminger-5/ctd/process/ar30-03004.ros
* Sea-Bird SBE 9 Data File:
* FileName = D:\Data\ar30-03004.hdr
* Software Version Seasave V 7.23.2
* Temperature SN = 4230
* Conductivity SN = 2148
* Number of Bytes Per Scan = 44
* Number of Voltage Words = 5
* Number of Scans Averaged by the Deck Unit = 1
* NMEA Latitude = 60 38.27 N
* NMEA Longitude = 036 30.62 W
* NMEA UTC (Time) = Jun 07 2018  15:13:41
** Cruise ID: ar30-03
** Chief Sci: Macdonald
** Station #: 004
** Site ID: Irminger 5 OSNAP caldip2
** cast with 15 microcats attached
# nquan = 13
# nvalues = 588                                   
# units = specified
# name 0 = prDM: Pressure, Digiquartz [db]
# name 1 = t090C: Temperature [ITS-90, deg C]
# name 2 = t190C: Temperature, 2 [ITS-90, deg C]
# name 3 = c0S/m: Conductivity [S/m]
# name 4 = c1S/m: Conductivity, 2 [S/m]
# name 5 = sbeox0V: Oxygen raw, SBE 43 [V]
# name 6 = flECO-AFL: Fluorescence, WET Labs ECO-AFL/FL [mg/m^3]
# name 7 = turbWETntu0: Turbidity, WET Labs ECO [NTU]
# name 8 = sal00: Salinity, Practical [PSU]
# name 9 = spar: SPAR/Surface Irradiance
# name 10 = scan: Scan Count
# name 11 = nbf: Bottles Fired
# name 12 = flag:  0.000e+00
# interval = seconds: 0.0416667
# start_time = Jun 07 2018 15:13:41 [System UTC, first data scan.]
# bad_flag = -9.990e-29
*END*
[from data line 223]
   1316.060     3.5726     3.5725   3.267778   3.267776     2.0570    -0.3743     0.3629    34.9088 7.6181e+02     137425          5  0.000e+00
   1316.093     3.5726     3.5725   3.267791   3.267746     2.0557    -0.3743     0.3629    34.9089 7.6181e+02     137426          5  0.000e+00
   1316.117     3.5725     3.5726   3.267765   3.267776     2.0557    -0.3938     0.3629    34.9088 7.6181e+02     137427          5  0.000e+00
   1316.117     3.5724     3.5725   3.267778   3.267806     2.0557    -0.3743     0.3629    34.9090 7.6181e+02     137428          5  0.000e+00
   1316.150     3.5726     3.5725   3.267753   3.267746     2.0557    -0.3743     0.3629    34.9084 7.6181e+02     137429          5  0.000e+00
   1316.117     3.5725     3.5724   3.267747   3.267812     2.0557    -0.3743     0.3629    34.9085 7.6181e+02     137430          5  0.000e+00
   1316.150     3.5723     3.5724   3.267753   3.267806     2.0557    -0.3938     0.3629    34.9088 7.6181e+02     137431          5  0.000e+00
   1316.183     3.5726     3.5725   3.267740   3.267806     2.0557    -0.3938     0.3629    34.9083 7.6181e+02     137432          5  0.000e+00
   1316.150     3.5726     3.5727   3.267772   3.267806     2.0557    -0.3938     0.3629    34.9086 7.6181e+02     137433          5  0.000e+00
   1316.240     3.5725     3.5724   3.267766   3.267806     2.0557    -0.3938     0.3629    34.9087 7.6181e+02     137434          5  0.000e+00
   1316.240     3.5724     3.5725   3.267759   3.267806     2.0557    -0.3743     0.3629    34.9087 7.6181e+02     137435          5  0.000e+00
   1316.215     3.5723     3.5725   3.267759   3.267806     2.0557    -0.3938     0.3629    34.9088 7.6181e+02     137436          5  0.000e+00
   1316.240     3.5725     3.5725   3.267753   3.267806     2.0570    -0.3743     0.3678    34.9085 7.6181e+02     137437          5  0.000e+00
   1316.273     3.5725     3.5724   3.267759   3.267806     2.0557    -0.3743     0.3678    34.9086 7.6181e+02     137438          5  0.000e+00
   1316.363     3.5726     3.5725   3.267759   3.267836     2.0557    -0.3547     0.3726    34.9084 7.6181e+02     137439          5  0.000e+00
   1316.273     3.5723     3.5724   3.267753   3.267776     2.0557    -0.3743     0.3678    34.9087 7.5956e+02     137440          5  0.000e+00
   1316.363     3.5725     3.5725   3.267803   3.267782     2.0570    -0.3743     0.3678    34.9091 7.6181e+02     137441          5  0.000e+00
   1316.363     3.5725     3.5726   3.267797   3.267836     2.0557    -0.3743     0.3678    34.9090 7.6181e+02     137442          5  0.000e+00
   1316.338     3.5724     3.5725   3.267766   3.267806     2.0557    -0.3547     0.3678    34.9087 7.6181e+02     137443          5  0.000e+00
   1316.428     3.5723     3.5725   3.267778   3.267806     2.0570    -0.3743     0.3678    34.9089 7.5956e+02     137444          5  0.000e+00
   1316.461     3.5725     3.5725   3.267829   3.267806     2.0570    -0.3547     0.3678    34.9093 7.5956e+02     137445          5  0.000e+00
   1316.428     3.5724     3.5726   3.267784   3.267806     2.0570    -0.3547     0.3678    34.9089 7.5956e+02     137446          5  0.000e+00
   1015.065     3.5235     3.5231   3.248777   3.248825     2.1661    -0.3743     0.3726    34.8876 5.8203e+02     153202          6  0.000e+00
   1015.244     3.5232     3.5230   3.248796   3.248825     2.1661    -0.3547     0.3678    34.8881 5.7978e+02     153203          6  0.000e+00
   1015.187     3.5233     3.5230   3.248758   3.248795     2.1661    -0.3743     0.3726    34.8876 5.7978e+02     153204          6  0.000e+00
   1015.244     3.5231     3.5230   3.248777   3.248825     2.1661    -0.3743     0.3678    34.8880 5.7978e+02     153205          6  0.000e+00
   1015.253     3.5230     3.5228   3.248777   3.248795     2.1661    -0.3743     0.3678    34.8881 5.7978e+02     153206          6  0.000e+00
   1015.367     3.5231     3.5228   3.248783   3.248765     2.1661    -0.3743     0.3678    34.8880 5.7978e+02     153207          6  0.000e+00
   1015.432     3.5230     3.5228   3.248815   3.248825     2.1661    -0.3938     0.3678    34.8885 5.7978e+02     153208          6  0.000e+00
   1015.497     3.5234     3.5228   3.248783   3.248795     2.1661    -0.3938     0.3726    34.8876 5.7978e+02     153209          6  0.000e+00
   1015.546     3.5234     3.5230   3.248808   3.248825     2.1661    -0.3743     0.3678    34.8879 5.7754e+02     153210          6  0.000e+00
   1015.554     3.5230     3.5230   3.248783   3.248825     2.1661    -0.3743     0.3678    34.8880 5.7754e+02     153211          6  0.000e+00
   1015.611     3.5234     3.5228   3.248764   3.248765     2.1661    -0.3938     0.3726    34.8873 5.7754e+02     153212          6  0.000e+00
   1015.611     3.5234     3.5230   3.248764   3.248795     2.1661    -0.3938     0.3678    34.8873 5.7754e+02     153213          6  0.000e+00
   1015.733     3.5232     3.5230   3.248802   3.248825     2.1661    -0.3938     0.3726    34.8879 5.7754e+02     153214          6  0.000e+00
   1015.733     3.5232     3.5228   3.248802   3.248795     2.1661    -0.3743     0.3678    34.8879 5.7754e+02     153215          6  0.000e+00
   1015.799     3.5233     3.5230   3.248777   3.248825     2.1661    -0.3938     0.3678    34.8875 5.7529e+02     153216          6  0.000e+00
   1015.790     3.5232     3.5230   3.248764   3.248795     2.1661    -0.3938     0.3726    34.8874 5.7529e+02     153217          6  0.000e+00
   1015.921     3.5233     3.5227   3.248746   3.248765     2.1673    -0.3938     0.3678    34.8871 5.7754e+02     153218          6  0.000e+00
   1015.856     3.5232     3.5225   3.248752   3.248795     2.1661    -0.3938     0.3726    34.8872 5.7529e+02     153219          6  0.000e+00
   1015.978     3.5231     3.5223   3.248783   3.248765     2.1661    -0.3938     0.3678    34.8877 5.7529e+02     153220          6  0.000e+00
   1015.978     3.5228     3.5222   3.248758   3.248765     2.1661    -0.3938     0.3678    34.8877 5.7529e+02     153221          6  0.000e+00
   1015.978     3.5226     3.5220   3.248714   3.248736     2.1661    -0.3743     0.3678    34.8874 5.7529e+02     153222          6  0.000e+00
   1016.043     3.5225     3.5222   3.248720   3.248706     2.1661    -0.3938     0.3678    34.8875 5.7529e+02     153223          6  0.000e+00
   1016.035     3.5223     3.5220   3.248695   3.248736     2.1661    -0.3938     0.3726    34.8875 5.7529e+02     153224          6  0.000e+00
   1016.100     3.5222     3.5222   3.248695   3.248736     2.1661    -0.3938     0.3726    34.8876 5.7529e+02     153225          6  0.000e+00
   1016.100     3.5221     3.5220   3.248702   3.248736     2.1661    -0.3938     0.3726    34.8877 5.7529e+02     153226          6  0.000e+00
   1016.100     3.5223     3.5220   3.248727   3.248765     2.1661    -0.3938     0.3678    34.8878 5.7529e+02     153227          6  0.000e+00
   1016.165     3.5222     3.5222   3.248733   3.248706     2.1661    -0.3938     0.3678    34.8880 5.7529e+02     153228          6  0.000e+00
   1016.157     3.5221     3.5219   3.248733   3.248736     2.1661    -0.3938     0.3678    34.8880 5.7529e+02     153229          6  0.000e+00
   1016.157     3.5222     3.5222   3.248752   3.248706     2.1661    -0.3938     0.3726    34.8882 5.7529e+02     153230          6  0.000e+00
   1016.165     3.5226     3.5219   3.248764   3.248706     2.1661    -0.3938     0.3726    34.8879 5.7529e+02     153231          6  0.000e+00
   1016.222     3.5231     3.5220   3.248746   3.248706     2.1661    -0.3743     0.3726    34.8871 5.7529e+02     153232          6  0.000e+00
   1016.165     3.5231     3.5223   3.248758   3.248706     2.1661    -0.3938     0.3775    34.8873 5.7529e+02     153233          6  0.000e+00
   1016.157     3.5229     3.5223   3.248746   3.248706     2.1661    -0.3938     0.3775    34.8873 5.7529e+02     153234          6  0.000e+00
   1016.222     3.5233     3.5227   3.248752   3.248766     2.1661    -0.3938     0.3726    34.8870 5.7529e+02     153235          6  0.000e+00
   1016.165     3.5231     3.5227   3.248746   3.248736     2.1661    -0.3743     0.3726    34.8872 5.7529e+02     153236          6  0.000e+00
   1016.157     3.5231     3.5225   3.248752   3.248765     2.1661    -0.3743     0.3726    34.8872 5.7529e+02     153237          6  0.000e+00
   1016.165     3.5232     3.5227   3.248764   3.248736     2.1661    -0.3938     0.3726    34.8872 5.7754e+02     153238          6  0.000e+00
   1016.157     3.5232     3.5227   3.248764   3.248706     2.1661    -0.3938     0.3726    34.8872 5.7529e+02     153239          6  0.000e+00
   1016.100     3.5231     3.5230   3.248783   3.248765     2.1661    -0.3938     0.3726    34.8876 5.7529e+02     153240          6  0.000e+00
   1016.165     3.5232     3.5230   3.248752   3.248795     2.1661    -0.3743     0.3726    34.8871 5.7529e+02     153241          6  0.000e+00
   1016.100     3.5233     3.5233   3.248752   3.248825     2.1661    -0.3938     0.3726    34.8870 5.7754e+02     153242          6  0.000e+00
   1016.100     3.5231     3.5231   3.248783   3.248825     2.1661    -0.3938     0.3726    34.8876 5.7754e+02     153243          6  0.000e+00
   1016.035     3.5234     3.5234   3.248796   3.248795     2.1661    -0.3938     0.3726    34.8875 5.7754e+02     153244          6  0.000e+00
   1016.035     3.5234     3.5234   3.248796   3.248795     2.1661    -0.3938     0.3726    34.8874 5.7754e+02     153245          6  0.000e+00
   1016.043     3.5235     3.5236   3.248796   3.248855     2.1661    -0.3938     0.3726    34.8873 5.7754e+02     153246          6  0.000e+00
   1015.978     3.5233     3.5239   3.248752   3.248795     2.1661    -0.3938     0.3726    34.8871 5.7754e+02     153247          6  0.000e+00
   1015.978     3.5235     3.5241   3.248752   3.248825     2.1661    -0.3938     0.3726    34.8868 5.7754e+02     153248          6  0.000e+00
   1015.978     3.5233     3.5241   3.248764   3.248885     2.1661    -0.3938     0.3726    34.8873 5.7978e+02     153249          6  0.000e+00
   1015.856     3.5231     3.5243   3.248783   3.248885     2.1661    -0.3938     0.3726    34.8878 5.7754e+02     153250          6  0.000e+00
    812.137     3.5816     3.5816   3.245373   3.245419     2.2284    -0.3938     0.3726    34.8906 4.8091e+02     167577          7  0.000e+00
    812.096     3.5816     3.5815   3.245367   3.245431     2.2284    -0.3938     0.3726    34.8905 4.7866e+02     167578          7  0.000e+00
    812.072     3.5817     3.5813   3.245392   3.245448     2.2284    -0.3743     0.3726    34.8907 4.7866e+02     167579          7  0.000e+00
    812.331     3.5816     3.5816   3.245405   3.245401     2.2284    -0.3743     0.3726    34.8909 4.8091e+02     167580          7  0.000e+00
    812.258     3.5817     3.5814   3.245386   3.245419     2.2284    -0.3743     0.3726    34.8905 4.7866e+02     167581          7  0.000e+00
    812.453     3.5814     3.5812   3.245373   3.245431     2.2284    -0.3938     0.3726    34.8906 4.7866e+02     167582          7  0.000e+00
    812.437     3.5816     3.5814   3.245373   3.245449     2.2284    -0.3938     0.3726    34.8904 4.7866e+02     167583          7  0.000e+00
    812.518     3.5814     3.5813   3.245392   3.245401     2.2284    -0.3743     0.3726    34.8908 4.7866e+02     167584          7  0.000e+00
    812.494     3.5816     3.5813   3.245405   3.245419     2.2284    -0.3938     0.3726    34.8908 4.7866e+02     167585          7  0.000e+00
    812.640     3.5817     3.5814   3.245405   3.245431     2.2284    -0.3743     0.3726    34.8905 4.7866e+02     167586          7  0.000e+00
    812.681     3.5816     3.5814   3.245398   3.245419     2.2284    -0.3938     0.3726    34.8906 4.7866e+02     167587          7  0.000e+00
    812.762     3.5814     3.5814   3.245398   3.245431     2.2284    -0.3938     0.3726    34.8907 4.7641e+02     167588          7  0.000e+00
    812.616     3.5816     3.5817   3.245405   3.245472     2.2284    -0.3938     0.3726    34.8907 4.7866e+02     167589          7  0.000e+00
    813.062     3.5816     3.5812   3.245405   3.245431     2.2284    -0.3743     0.3726    34.8905 4.7641e+02     167590          7  0.000e+00
    812.884     3.5813     3.5813   3.245405   3.245449     2.2284    -0.3938     0.3726    34.8909 4.7641e+02     167591          7  0.000e+00
    812.981     3.5813     3.5810   3.245361   3.245431     2.2284    -0.3743     0.3726    34.8903 4.7641e+02     167592          7  0.000e+00
    813.062     3.5814     3.5808   3.245361   3.245419     2.2284    -0.3938     0.3726    34.8901 4.7641e+02     167593          7  0.000e+00
    813.168     3.5809     3.5809   3.245373   3.245401     2.2284    -0.3938     0.3726    34.8907 4.7641e+02     167594          7  0.000e+00
    813.184     3.5811     3.5810   3.245354   3.245419     2.2284    -0.3938     0.3726    34.8903 4.7641e+02     167595          7  0.000e+00
    813.225     3.5808     3.5811   3.245342   3.245401     2.2284    -0.3938     0.3726    34.8905 4.7416e+02     167596          7  0.000e+00
    813.306     3.5811     3.5813   3.245361   3.245431     2.2284    -0.3938     0.3726    34.8903 4.7416e+02     167597          7  0.000e+00
    813.347     3.5809     3.5809   3.245411   3.245449     2.2284    -0.3938     0.3726    34.8911 4.7416e+02     167598          7  0.000e+00
    813.428     3.5811     3.5811   3.245386   3.245401     2.2284    -0.3743     0.3726    34.8906 4.7641e+02     167599          7  0.000e+00
    813.469     3.5813     3.5810   3.245417   3.245449     2.2284    -0.3743     0.3726    34.8908 4.7416e+02     167600          7  0.000e+00
    813.485     3.5817     3.5810   3.245417   3.245431     2.2284    -0.3743     0.3726    34.8902 4.7416e+02     167601          7  0.000e+00
    813.590     3.5814     3.5811   3.245405   3.245449     2.2284    -0.3938     0.3726    34.8904 4.7416e+02     167602          7  0.000e+00
    813.607     3.5813     3.5811   3.245405   3.245461     2.2284    -0.3938     0.3726    34.8905 4.7416e+02     167603          7  0.000e+00
    813.729     3.5809     3.5813   3.245361   3.245449     2.2284    -0.3938     0.3726    34.8903 4.7416e+02     167604          7  0.000e+00
    813.647     3.5805     3.5814   3.245323   3.245461     2.2284    -0.3743     0.3726    34.8904 4.7416e+02     167605          7  0.000e+00
    813.850     3.5803     3.5814   3.245273   3.245503     2.2284    -0.3938     0.3726    34.8899 4.7192e+02     167606          7  0.000e+00
    813.834     3.5803     3.5814   3.245273   3.245461     2.2284    -0.3938     0.3726    34.8899 4.7192e+02     167607          7  0.000e+00
    813.850     3.5803     3.5814   3.245342   3.245503     2.2284    -0.3938     0.3726    34.8907 4.7192e+02     167608          7  0.000e+00
    813.948     3.5806     3.5810   3.245367   3.245461     2.2284    -0.3938     0.3726    34.8906 4.7192e+02     167609          7  0.000e+00
    813.907     3.5806     3.5807   3.245336   3.245449     2.2284    -0.3938     0.3726    34.8902 4.7416e+02     167610          7  0.000e+00
    814.013     3.5803     3.5809   3.245317   3.245401     2.2284    -0.3743     0.3726    34.8903 4.7192e+02     167611          7  0.000e+00
    814.029     3.5805     3.5808   3.245317   3.245389     2.2284    -0.3743     0.3726    34.8901 4.7192e+02     167612          7  0.000e+00
    814.094     3.5806     3.5810   3.245380   3.245401     2.2284    -0.3938     0.3726    34.8907 4.7192e+02     167613          7  0.000e+00
    814.135     3.5808     3.5810   3.245361   3.245473     2.2284    -0.3938     0.3726    34.8902 4.7192e+02     167614          7  0.000e+00
    814.029     3.5805     3.5808   3.245361   3.245461     2.2284    -0.3938     0.3726    34.8906 4.7192e+02     167615          7  0.000e+00
