Ship_data/Irminger/Irminger-5/ctd/process/ar30-03018.cnv
* Sea-Bird SBE 9 Data File:
* FileName = D:\Data\ar30-03018.hdr
* Software Version Seasave V 7.23.2
* Temperature SN = 4312
* Conductivity SN = 2148
* Number of Bytes Per Scan = 44
* Number of Voltage Words = 5
* Number of Scans Averaged by the Deck Unit = 1
* NMEA Latitude = 59 52.87 N
* NMEA Longitude = 040 53.94 W
* NMEA UTC (Time) = Jun 18 2018  16:05:20
** Cruise ID: ar30-03
** Chief Sci: Macdonald
** Station #: 018
** Site ID: Irminger 5 OSNAP C12
** Cast at OSNAP site C12 between M1 and M2 moorings
# nquan = 18
# nvalues = 4636                        
# units = specified
# name 0 = prDM: Pressure, Digiquartz [db]
# name 1 = t090C: Temperature [ITS-90, deg C]
# name 2 = t190C: Temperature, 2 [ITS-90, deg C]
# name 3 = c0S/m: Conductivity [S/m]
# name 4 = c1S/m: Conductivity, 2 [S/m]
# name 5 = sbeox0V: Oxygen raw, SBE 43 [V]
# name 6 = flECO-AFL: Fluorescence, WET Labs ECO-AFL/FL [mg/m^3]
# name 7 = turbWETntu0: Turbidity, WET Labs ECO [NTU]
# name 8 = sal00: Salinity, Practical [PSU]
# name 9 = spar: SPAR/Surface Irradiance
# name 10 = depSM: Depth [salt water, m], lat = 59.8812
# name 11 = sal00: Salinity, Practical [PSU]
# name 12 = sal11: Salinity, Practical, 2 [PSU]
# name 13 = sbeox0ML/L: Oxygen, SBE 43 [ml/l], WS = 2
# name 14 = svCM: Sound Velocity [Chen-Millero, m/s]
# name 15 = sigma-é00: Density [sigma-theta, kg/m^3]
# name 16 = sigma-é11: Density, 2 [sigma-theta, kg/m^3]
# name 17 = flag: flag
# span 0 =      3.000,   2321.000       
# span 1 =     1.7546,     6.6513       
# span 2 =     1.7562,     6.6538       
# span 3 =   3.145856,   3.484476       
# span 4 =   3.145918,   3.484993       
# span 5 =     1.8479,     2.8118       
# span 6 =    -0.4140,     7.2689       
# span 7 =     0.3433,     0.7362       
# span 8 =    34.8546,    34.9238       
# span 9 = 7.4235e+02, 2.6867e+03       
# span 10 =      2.972,   2286.482      
# span 11 =    34.8600,    34.9238      
# span 12 =    34.8630,    34.9243      
# span 13 =     5.9058,     7.1911      
# span 14 =    1473.16,    1495.43      
# span 15 =    27.3593,    27.9121      
# span 16 =    27.3597,    27.9123      
# span 17 = 0.0000e+00, 0.0000e+00      
# interval = decibars: 1                
# start_time = Jun 18 2018 16:05:20 [System UTC, first data scan.]
# bad_flag = -9.990e-29
*END*
[from data line 644]
    648.000     3.6996     3.6994   3.248843   3.248954     2.2601    -0.3836     0.3696    34.8932 1.0317e+03    640.894    34.8927    34.8943     6.3665    1475.86    27.7364    27.7377 0.0000e+00
    649.000     3.6981     3.6979   3.248729   3.248853     2.2602    -0.3689     0.3727    34.8930 1.0130e+03    641.881    34.8924    34.8941     6.3677    1475.87    27.7363    27.7377 0.0000e+00
    650.000     3.6964     3.6963   3.248637   3.248759     2.2611    -0.3903     0.3729    34.8930 9.9625e+02    642.869    34.8926    34.8942     6.3723    1475.88    27.7367    27.7380 0.0000e+00
    651.000     3.6955     3.6950   3.248582   3.248673     2.2612    -0.3937     0.3696    34.8929 9.8699e+02    643.856    34.8924    34.8941     6.3736    1475.89    27.7366    27.7380 0.0000e+00
    652.000     3.6941     3.6937   3.248485   3.248589     2.2612    -0.3739     0.3678    34.8927 9.8932e+02    644.844    34.8922    34.8939     6.3748    1475.91    27.7366    27.7380 0.0000e+00
    653.000     3.6927     3.6918   3.248391   3.248460     2.2609    -0.3841     0.3689    34.8925 1.0068e+03    645.831    34.8921    34.8938     6.3748    1475.92    27.7366    27.7381 0.0000e+00
    654.000     3.6904     3.6904   3.248238   3.248380     2.2607    -0.3676     0.3704    34.8925 1.0187e+03    646.819    34.8921    34.8938     6.3752    1475.92    27.7369    27.7383 0.0000e+00
    655.000     3.6902     3.6902   3.248258   3.248396     2.2613    -0.3659     0.3638    34.8924 1.0195e+03    647.806    34.8920    34.8937     6.3781    1475.94    27.7369    27.7382 0.0000e+00
    656.000     3.6894     3.6893   3.248232   3.248363     2.2613    -0.3875     0.3680    34.8924 1.0128e+03    648.794    34.8920    34.8937     6.3794    1475.95    27.7370    27.7383 0.0000e+00
    657.000     3.6891     3.6889   3.248225   3.248369     2.2614    -0.3673     0.3684    34.8922 1.0017e+03    649.781    34.8918    34.8937     6.3805    1475.97    27.7368    27.7383 0.0000e+00
    658.000     3.6867     3.6865   3.248080   3.248192     2.2620    -0.3693     0.3680    34.8924 9.9016e+02    650.769    34.8921    34.8936     6.3839    1475.97    27.7373    27.7386 0.0000e+00
    659.000     3.6870     3.6871   3.248186   3.248312     2.2625    -0.3792     0.3655    34.8926 9.8244e+02    651.756    34.8924    34.8939     6.3863    1475.99    27.7376    27.7387 0.0000e+00
    660.000     3.6875     3.6874   3.248276   3.248401     2.2619    -0.3802     0.3630    34.8926 9.8180e+02    652.744    34.8925    34.8941     6.3849    1476.01    27.7375    27.7388 0.0000e+00
    661.000     3.6876     3.6875   3.248329   3.248454     2.2611    -0.3714     0.3667    34.8926 9.9214e+02    653.731    34.8925    34.8941     6.3830    1476.03    27.7375    27.7388 0.0000e+00
    662.000     3.6892     3.6888   3.248567   3.248650     2.2601    -0.3909     0.3669    34.8931 1.0046e+03    654.718    34.8931    34.8946     6.3800    1476.05    27.7379    27.7391 0.0000e+00
    663.000     3.6902     3.6903   3.248708   3.248858     2.2597    -0.3928     0.3634    34.8933 1.0071e+03    655.706    34.8932    34.8949     6.3792    1476.07    27.7378    27.7392 0.0000e+00
    664.000     3.6904     3.6908   3.248808   3.248965     2.2590    -0.3886     0.3681    34.8935 1.0036e+03    656.693    34.8936    34.8951     6.3772    1476.09    27.7382    27.7393 0.0000e+00
    665.000     3.6916     3.6916   3.248972   3.249085     2.2586    -0.3721     0.3642    34.8935 9.9746e+02    657.681    34.8938    34.8952     6.3766    1476.11    27.7382    27.7393 0.0000e+00
    666.000     3.6920     3.6920   3.249034   3.249177     2.2576    -0.3721     0.3650    34.8935 9.9005e+02    658.668    34.8936    34.8953     6.3735    1476.13    27.7380    27.7394 0.0000e+00
    667.000     3.6914     3.6914   3.248997   3.249147     2.2566    -0.3899     0.3679    34.8934 9.8195e+02    659.655    34.8933    34.8951     6.3707    1476.14    27.7379    27.7393 0.0000e+00
    668.000     3.6896     3.6897   3.248877   3.249022     2.2558    -0.3898     0.3681    34.8932 9.7991e+02    660.643    34.8932    34.8948     6.3692    1476.15    27.7379    27.7392 0.0000e+00
    669.000     3.6895     3.6893   3.248922   3.249032     2.2548    -0.3924     0.3635    34.8933 9.8964e+02    661.630    34.8934    34.8949     6.3662    1476.17    27.7381    27.7393 0.0000e+00
    670.000     3.6898     3.6897   3.249002   3.249120     2.2540    -0.3887     0.3725    34.8934 9.9404e+02    662.618    34.8934    34.8950     6.3641    1476.19    27.7381    27.7394 0.0000e+00
    671.000     3.6912     3.6910   3.249233   3.249318     2.2540    -0.3680     0.3659    34.8938 9.9365e+02    663.605    34.8942    34.8954     6.3647    1476.21    27.7386    27.7396 0.0000e+00
    672.000     3.6925     3.6923   3.249362   3.249486     2.2539    -0.3678     0.3664    34.8937 9.9137e+02    664.592    34.8938    34.8955     6.3651    1476.23    27.7382    27.7396 0.0000e+00
    673.000     3.6923     3.6923   3.249383   3.249524     2.2532    -0.3804     0.3714    34.8937 9.8881e+02    665.580    34.8938    34.8954     6.3632    1476.25    27.7382    27.7395 0.0000e+00
    674.000     3.6925     3.6926   3.249457   3.249608     2.2526    -0.4035     0.3679    34.8938 9.8517e+02    666.567    34.8939    34.8956     6.3621    1476.26    27.7383    27.7396 0.0000e+00
    675.000     3.6933     3.6933   3.249594   3.249718     2.2517    -0.3911     0.3679    34.8940 9.8479e+02    667.555    34.8941    34.8957     6.3593    1476.28    27.7384    27.7396 0.0000e+00
    676.000     3.6935     3.6934   3.249646   3.249766     2.2515    -0.3913     0.3680    34.8941 9.9066e+02    668.542    34.8941    34.8956     6.3594    1476.30    27.7383    27.7396 0.0000e+00
    677.000     3.6931     3.6929   3.249664   3.249759     2.2511    -0.3703     0.3678    34.8940 9.9710e+02    669.529    34.8942    34.8955     6.3587    1476.32    27.7385    27.7396 0.0000e+00
    678.000     3.6931     3.6933   3.249702   3.249854     2.2503    -0.3756     0.3687    34.8940 9.9894e+02    670.517    34.8940    34.8957     6.3568    1476.33    27.7384    27.7396 0.0000e+00
    679.000     3.6936     3.6933   3.249801   3.249907     2.2503    -0.3876     0.3680    34.8941 9.9607e+02    671.504    34.8942    34.8957     6.3576    1476.35    27.7384    27.7397 0.0000e+00
    680.000     3.6939     3.6938   3.249871   3.249996     2.2504    -0.4128     0.3680    34.8940 9.8950e+02    672.491    34.8942    34.8957     6.3584    1476.37    27.7384    27.7397 0.0000e+00
    681.000     3.6942     3.6939   3.249932   3.250044     2.2504    -0.3943     0.3967    34.8940 9.8062e+02    673.479    34.8940    34.8957     6.3595    1476.39    27.7383    27.7396 0.0000e+00
    682.000     3.6941     3.6941   3.249980   3.250098     2.2504    -0.3821     0.3600    34.8941 9.7199e+02    674.466    34.8942    34.8956     6.3600    1476.40    27.7384    27.7396 0.0000e+00
    683.000     3.6933     3.6931   3.249931   3.250045     2.2503    -0.3823     0.3633    34.8940 9.7077e+02    675.453    34.8939    34.8956     6.3608    1476.42    27.7383    27.7396 0.0000e+00
    684.000     3.6922     3.6921   3.249861   3.250003     2.2499    -0.3898     0.3643    34.8939 9.7314e+02    676.441    34.8938    34.8956     6.3605    1476.43    27.7383    27.7397 0.0000e+00
    685.000     3.6894     3.6897   3.249608   3.249808     2.2496    -0.3910     0.3677    34.8936 9.7996e+02    677.428    34.8932    34.8952     6.3607    1476.43    27.7381    27.7397 0.0000e+00
    686.000     3.6881     3.6884   3.249598   3.249742     2.2484    -0.3837     0.3672    34.8938 9.9172e+02    678.415    34.8939    34.8954     6.3572    1476.44    27.7388    27.7400 0.0000e+00
    687.000     3.6894     3.6894   3.249757   3.249876     2.2470    -0.3694     0.3628    34.8940 1.0066e+03    679.403    34.8939    34.8954     6.3529    1476.46    27.7387    27.7399 0.0000e+00
    688.000     3.6896     3.6895   3.249821   3.249938     2.2460    -0.3670     0.3632    34.8940 1.0150e+03    680.390    34.8940    34.8954     6.3500    1476.48    27.7387    27.7399 0.0000e+00
    689.000     3.6905     3.6909   3.249970   3.250136     2.2449    -0.3813     0.3660    34.8940 1.0131e+03    681.377    34.8942    34.8957     6.3467    1476.50    27.7389    27.7400 0.0000e+00
    690.000     3.6911     3.6911   3.250048   3.250193     2.2453    -0.3896     0.3667    34.8941 1.0055e+03    682.365    34.8940    34.8957     6.3487    1476.52    27.7386    27.7400 0.0000e+00
    691.000     3.6922     3.6921   3.250272   3.250364     2.2452    -0.3917     0.3631    34.8945 9.9473e+02    683.352    34.8950    34.8961     6.3489    1476.54    27.7393    27.7402 0.0000e+00
    692.000     3.6942     3.6939   3.250496   3.250596     2.2453    -0.3906     0.3582    34.8946 9.8638e+02    684.339    34.8950    34.8964     6.3498    1476.57    27.7392    27.7403 0.0000e+00
    693.000     3.6964     3.6958   3.250749   3.250814     2.2444    -0.3910     0.3652    34.8949 9.8219e+02    685.326    34.8952    34.8966     6.3469    1476.59    27.7391    27.7402 0.0000e+00
    694.000     3.6966     3.6957   3.250801   3.250863     2.2434    -0.3900     0.3681    34.8950 9.8844e+02    686.314    34.8951    34.8967     6.3441    1476.61    27.7389    27.7404 0.0000e+00
    695.000     3.6940     3.6938   3.250600   3.250725     2.2425    -0.3887     0.3666    34.8950 1.0072e+03    687.301    34.8949    34.8965     6.3423    1476.62    27.7391    27.7404 0.0000e+00
    696.000     3.6917     3.6914   3.250427   3.250551     2.2418    -0.3893     0.3628    34.8950 1.0178e+03    688.288    34.8948    34.8965     6.3409    1476.62    27.7392    27.7406 0.0000e+00
    697.000     3.6902     3.6901   3.250378   3.250493     2.2419    -0.3830     0.3629    34.8952 1.0165e+03    689.276    34.8952    34.8966     6.3423    1476.63    27.7398    27.7409 0.0000e+00
    698.000     3.6915     3.6917   3.250604   3.250721     2.2427    -0.3656     0.3629    34.8956 1.0096e+03    690.263    34.8960    34.8972     6.3458    1476.66    27.7402    27.7411 0.0000e+00
    699.000     3.6940     3.6937   3.250904   3.250980     2.2428    -0.3660     0.3629    34.8961 1.0013e+03    691.250    34.8964    34.8976     6.3466    1476.69    27.7403    27.7413 0.0000e+00
    700.000     3.6947     3.6946   3.251003   3.251120     2.2419    -0.3852     0.3670    34.8961 9.9636e+02    692.237    34.8963    34.8978     6.3440    1476.70    27.7402    27.7414 0.0000e+00
    701.000     3.6948     3.6946   3.251055   3.251166     2.2404    -0.3762     0.3657    34.8962 9.9478e+02    693.225    34.8963    34.8978     6.3390    1476.72    27.7401    27.7414 0.0000e+00
    702.000     3.6944     3.6944   3.251052   3.251190     2.2387    -0.3772     0.3630    34.8961 9.9907e+02    694.212    34.8962    34.8978     6.3340    1476.74    27.7401    27.7414 0.0000e+00
    703.000     3.6944     3.6943   3.251091   3.251205     2.2375    -0.3896     0.3632    34.8960 1.0120e+03    695.199    34.8961    34.8976     6.3302    1476.75    27.7400    27.7413 0.0000e+00
    704.000     3.6941     3.6941   3.251115   3.251233     2.2383    -0.3631     0.3654    34.8961 1.0172e+03    696.186    34.8962    34.8976     6.3340    1476.77    27.7402    27.7413 0.0000e+00
    705.000     3.6940     3.6938   3.251142   3.251266     2.2382    -0.3749     0.3684    34.8961 1.0096e+03    697.174    34.8961    34.8977     6.3347    1476.78    27.7401    27.7414 0.0000e+00
    706.000     3.6937     3.6936   3.251165   3.251287     2.2382    -0.3905     0.3683    34.8961 1.0009e+03    698.161    34.8962    34.8977     6.3355    1476.80    27.7402    27.7414 0.0000e+00
    707.000     3.6934     3.6933   3.251175   3.251300     2.2382    -0.3912     0.3584    34.8960 9.9544e+02    699.148    34.8960    34.8976     6.3364    1476.81    27.7402    27.7414 0.0000e+00
    708.000     3.6932     3.6931   3.251204   3.251327     2.2378    -0.3789     0.3633    34.8961 9.9551e+02    700.135    34.8961    34.8976     6.3356    1476.83    27.7402    27.7414 0.0000e+00
    709.000     3.6933     3.6933   3.251270   3.251389     2.2371    -0.3666     0.3646    34.8961 1.0018e+03    701.122    34.8962    34.8977     6.3339    1476.85    27.7403    27.7415 0.0000e+00
    710.000     3.6933     3.6933   3.251318   3.251438     2.2368    -0.3661     0.3593    34.8963 1.0138e+03    702.110    34.8963    34.8977     6.3339    1476.86    27.7404    27.7415 0.0000e+00
    711.000     3.6931     3.6929   3.251333   3.251449     2.2359    -0.3769     0.3608    34.8961 1.0222e+03    703.097    34.8961    34.8977     6.3313    1476.88    27.7403    27.7416 0.0000e+00
    712.000     3.6914     3.6913   3.251208   3.251338     2.2358    -0.3757     0.3618    34.8961 1.0172e+03    704.084    34.8959    34.8976     6.3319    1476.89    27.7403    27.7416 0.0000e+00
    713.000     3.6894     3.6893   3.251101   3.251214     2.2351    -0.3805     0.3649    34.8964 1.0048e+03    705.071    34.8963    34.8977     6.3305    1476.90    27.7408    27.7420 0.0000e+00
    714.000     3.6890     3.6890   3.251110   3.251231     2.2349    -0.3646     0.3677    34.8964 1.0006e+03    706.058    34.8963    34.8977     6.3309    1476.91    27.7409    27.7420 0.0000e+00
    715.000     3.6887     3.6886   3.251117   3.251240     2.2347    -0.3865     0.3629    34.8963 1.0023e+03    707.046    34.8962    34.8977     6.3308    1476.93    27.7408    27.7421 0.0000e+00
    716.000     3.6880     3.6880   3.251086   3.251219     2.2350    -0.3905     0.3629    34.8962 1.0081e+03    708.033    34.8960    34.8976     6.3329    1476.94    27.7407    27.7420 0.0000e+00
    717.000     3.6873     3.6872   3.251057   3.251200     2.2347    -0.3892     0.3632    34.8961 1.0161e+03    709.020    34.8959    34.8976     6.3327    1476.95    27.7407    27.7421 0.0000e+00
    718.000     3.6862     3.6861   3.251002   3.251128     2.2339    -0.3859     0.3629    34.8961 1.0258e+03    710.007    34.8959    34.8974     6.3309    1476.97    27.7408    27.7421 0.0000e+00
    719.000     3.6856     3.6855   3.251004   3.251111     2.2333    -0.3714     0.3641    34.8961 1.0338e+03    710.994    34.8960    34.8974     6.3298    1476.98    27.7410    27.7421 0.0000e+00
    720.000     3.6855     3.6855   3.251027   3.251154     2.2326    -0.3945     0.3687    34.8960 1.0356e+03    711.981    34.8959    34.8974     6.3280    1477.00    27.7409    27.7421 0.0000e+00
    721.000     3.6842     3.6840   3.250939   3.251056     2.2322    -0.3823     0.3662    34.8959 1.0288e+03    712.969    34.8957    34.8973     6.3273    1477.01    27.7409    27.7422 0.0000e+00
    722.000     3.6832     3.6833   3.250905   3.251030     2.2322    -0.3797     0.3630    34.8959 1.0266e+03    713.956    34.8958    34.8972     6.3284    1477.02    27.7411    27.7422 0.0000e+00
    723.000     3.6829     3.6829   3.250921   3.251043     2.2322    -0.3928     0.3629    34.8959 1.0315e+03    714.943    34.8958    34.8973     6.3293    1477.03    27.7411    27.7423 0.0000e+00
    724.000     3.6820     3.6818   3.250872   3.250987     2.2322    -0.3754     0.3629    34.8958 1.0392e+03    715.930    34.8956    34.8972     6.3303    1477.05    27.7411    27.7424 0.0000e+00
    725.000     3.6815     3.6814   3.250869   3.250993     2.2329    -0.3697     0.3680    34.8958 1.0483e+03    716.917    34.8956    34.8972     6.3338    1477.06    27.7412    27.7424 0.0000e+00
    726.000     3.6798     3.6799   3.250742   3.250886     2.2329    -0.3744     0.3714    34.8956 1.0569e+03    717.904    34.8953    34.8969     6.3351    1477.07    27.7411    27.7424 0.0000e+00
