Ship_data/Irminger/Irminger-5/ctd/process/ar30-03015.ros
* Sea-Bird SBE 9 Data File:
* FileName = D:\Data\ar30-03015.hdr
* Software Version Seasave V 7.23.2
* Temperature SN = 4312
* Conductivity SN = 2148
* Number of Bytes Per Scan = 44
* Number of Voltage Words = 5
* Number of Scans Averaged by the Deck Unit = 1
* NMEA Latitude = 59 43.05 N
* NMEA Longitude = 039 20.31 W
* NMEA UTC (Time) = Jun 16 2018  13:54:45
** Cruise ID: ar30-03
** Chief Sci: Macdonald
** Station #: 015
** Site ID: Irminger 5 FLMB
** Redo of ctd cast at FLMB. 3 releases being tested.
# nquan = 13
# nvalues = 1078                                  
# units = specified
# name 0 = prDM: Pressure, Digiquartz [db]
# name 1 = t090C: Temperature [ITS-90, deg C]
# name 2 = t190C: Temperature, 2 [ITS-90, deg C]
# name 3 = c0S/m: Conductivity [S/m]
# name 4 = c1S/m: Conductivity, 2 [S/m]
# name 5 = sbeox0V: Oxygen raw, SBE 43 [V]
# name 6 = flECO-AFL: Fluorescence, WET Labs ECO-AFL/FL [mg/m^3]
# name 7 = turbWETntu0: Turbidity, WET Labs ECO [NTU]
# name 8 = sal00: Salinity, Practical [PSU]
# name 9 = spar: SPAR/Surface Irradiance
# name 10 = scan: Scan Count
# name 11 = nbf: Bottles Fired
# name 12 = flag:  0.000e+00
# interval = seconds: 0.0416667
# start_time = Jun 16 2018 13:54:45 [System UTC, first data scan.]
# bad_flag = -9.990e-29
*END*
[from data line 112]
   1822.419     3.5031     3.5040   3.283849   3.283915     1.9118    -0.3938     0.3580    34.9234 2.2472e+03     129209          3  0.000e+00
   1822.460     3.5033     3.5041   3.283824   3.283945     1.9118    -0.3938     0.3531    34.9229 2.2472e+03     129210          3  0.000e+00
   1822.402     3.5034     3.5043   3.283868   3.283915     1.9118    -0.3938     0.3580    34.9233 2.2472e+03     129211          3  0.000e+00
   1822.419     3.5033     3.5044   3.283855   3.283975     1.9118    -0.3938     0.3580    34.9233 2.2495e+03     129212          3  0.000e+00
   1822.402     3.5036     3.5048   3.283855   3.283975     1.9118    -0.3938     0.3531    34.9230 2.2472e+03     129213          3  0.000e+00
   1822.402     3.5036     3.5052   3.283881   3.284035     1.9118    -0.3938     0.3580    34.9233 2.2472e+03     129214          3  0.000e+00
   1822.419     3.5034     3.5056   3.283855   3.284035     1.9118    -0.3938     0.3531    34.9232 2.2495e+03     129215          3  0.000e+00
   1822.336     3.5038     3.5053   3.283874   3.284095     1.9118    -0.3743     0.3531    34.9230 2.2495e+03     129216          3  0.000e+00
   1822.419     3.5039     3.5056   3.283912   3.284095     1.9118    -0.3938     0.3580    34.9233 2.2495e+03     129217          3  0.000e+00
   1822.336     3.5039     3.5055   3.283925   3.284125     1.9118    -0.3938     0.3531    34.9235 2.2495e+03     129218          3  0.000e+00
   1822.336     3.5041     3.5054   3.283925   3.284065     1.9118    -0.3743     0.3580    34.9233 2.2495e+03     129219          3  0.000e+00
   1822.361     3.5044     3.5055   3.283944   3.284005     1.9118    -0.3743     0.3531    34.9232 2.2472e+03     129220          3  0.000e+00
   1822.336     3.5043     3.5056   3.283938   3.284095     1.9118    -0.3743     0.3531    34.9233 2.2472e+03     129221          3  0.000e+00
   1822.295     3.5047     3.5054   3.283969   3.284065     1.9118    -0.3743     0.3531    34.9232 2.2472e+03     129222          3  0.000e+00
   1822.336     3.5046     3.5058   3.283988   3.284125     1.9118    -0.3743     0.3531    34.9235 2.2472e+03     129223          3  0.000e+00
   1822.278     3.5049     3.5056   3.283988   3.284095     1.9118    -0.3743     0.3531    34.9232 2.2472e+03     129224          3  0.000e+00
   1822.295     3.5049     3.5058   3.284001   3.284065     1.9118    -0.3743     0.3531    34.9234 2.2472e+03     129225          3  0.000e+00
   1822.212     3.5052     3.5059   3.284007   3.284095     1.9118    -0.3743     0.3580    34.9232 2.2472e+03     129226          3  0.000e+00
   1822.237     3.5052     3.5058   3.284013   3.284095     1.9118    -0.3743     0.3580    34.9232 2.2495e+03     129227          3  0.000e+00
   1822.278     3.5052     3.5062   3.284032   3.284125     1.9118    -0.3743     0.3531    34.9234 2.2495e+03     129228          3  0.000e+00
   1822.212     3.5054     3.5061   3.284045   3.284155     1.9118    -0.3743     0.3531    34.9234 2.2495e+03     129229          3  0.000e+00
   1822.171     3.5055     3.5062   3.284045   3.284155     1.9118    -0.3743     0.3531    34.9233 2.2517e+03     129230          3  0.000e+00
   1822.146     3.5055     3.5066   3.284045   3.284155     1.9118    -0.3743     0.3531    34.9233 2.2517e+03     129231          3  0.000e+00
   1822.237     3.5052     3.5066   3.284045   3.284184     1.9118    -0.3743     0.3580    34.9236 2.2495e+03     129232          3  0.000e+00
   1822.089     3.5054     3.5063   3.284045   3.284184     1.9106    -0.3743     0.3531    34.9235 2.2495e+03     129233          3  0.000e+00
   1822.146     3.5052     3.5066   3.284045   3.284184     1.9118    -0.3743     0.3531    34.9236 2.2495e+03     129234          3  0.000e+00
   1822.113     3.5054     3.5063   3.284026   3.284184     1.9118    -0.3547     0.3580    34.9233 2.2495e+03     129235          3  0.000e+00
   1822.089     3.5054     3.5067   3.284013   3.284125     1.9118    -0.3743     0.3531    34.9231 2.2495e+03     129236          3  0.000e+00
   1822.047     3.5052     3.5068   3.284032   3.284184     1.9118    -0.3547     0.3580    34.9235 2.2495e+03     129237          3  0.000e+00
   1822.089     3.5052     3.5069   3.284020   3.284214     1.9118    -0.3547     0.3580    34.9234 2.2472e+03     129238          3  0.000e+00
   1822.023     3.5052     3.5066   3.284013   3.284184     1.9118    -0.3743     0.3531    34.9233 2.2495e+03     129239          3  0.000e+00
   1821.981     3.5054     3.5069   3.284032   3.284214     1.9118    -0.3547     0.3531    34.9234 2.2495e+03     129240          3  0.000e+00
   1822.023     3.5054     3.5071   3.284026   3.284184     1.9118    -0.3743     0.3531    34.9233 2.2495e+03     129241          3  0.000e+00
   1821.981     3.5055     3.5071   3.284032   3.284244     1.9118    -0.3743     0.3531    34.9232 2.2495e+03     129242          3  0.000e+00
   1821.965     3.5058     3.5071   3.284064   3.284184     1.9118    -0.3547     0.3531    34.9233 2.2495e+03     129243          3  0.000e+00
   1520.585     3.3395     3.3394   3.251988   3.252083     2.0761    -0.3938     0.3580    34.8652 2.2382e+03     139055          4  0.000e+00
   1520.650     3.3395     3.3394   3.251975   3.252042     2.0761    -0.3938     0.3580    34.8650 2.2382e+03     139056          4  0.000e+00
   1520.593     3.3396     3.3392   3.252000   3.252012     2.0761    -0.3938     0.3580    34.8652 2.2382e+03     139057          4  0.000e+00
   1520.585     3.3392     3.3394   3.252007   3.252083     2.0761    -0.3938     0.3580    34.8658 2.2382e+03     139058          4  0.000e+00
   1520.774     3.3392     3.3392   3.251988   3.252042     2.0761    -0.3938     0.3580    34.8654 2.2360e+03     139059          4  0.000e+00
   1520.650     3.3392     3.3394   3.252000   3.252101     2.0761    -0.3743     0.3580    34.8657 2.2360e+03     139060          4  0.000e+00
   1520.650     3.3393     3.3392   3.251994   3.252054     2.0761    -0.3938     0.3580    34.8655 2.2360e+03     139061          4  0.000e+00
   1520.716     3.3394     3.3392   3.251994   3.252012     2.0761    -0.3938     0.3580    34.8654 2.2360e+03     139062          4  0.000e+00
   1520.708     3.3394     3.3392   3.251969   3.252042     2.0761    -0.3938     0.3580    34.8651 2.2382e+03     139063          4  0.000e+00
   1520.716     3.3392     3.3394   3.251956   3.252054     2.0761    -0.3938     0.3580    34.8652 2.2382e+03     139064          4  0.000e+00
   1520.716     3.3392     3.3394   3.251975   3.252042     2.0761    -0.3938     0.3580    34.8653 2.2382e+03     139065          4  0.000e+00
   1520.774     3.3392     3.3392   3.251994   3.252071     2.0761    -0.3938     0.3580    34.8655 2.2382e+03     139066          4  0.000e+00
   1520.716     3.3394     3.3392   3.251988   3.252054     2.0761    -0.3743     0.3580    34.8653 2.2382e+03     139067          4  0.000e+00
   1520.774     3.3392     3.3394   3.251982   3.252071     2.0761    -0.3938     0.3580    34.8654 2.2382e+03     139068          4  0.000e+00
   1520.774     3.3391     3.3392   3.252026   3.252012     2.0761    -0.3938     0.3580    34.8661 2.2382e+03     139069          4  0.000e+00
   1520.840     3.3394     3.3392   3.251994   3.252054     2.0761    -0.3938     0.3580    34.8653 2.2360e+03     139070          4  0.000e+00
   1520.774     3.3393     3.3391   3.251975   3.252042     2.0761    -0.3938     0.3580    34.8652 2.2360e+03     139071          4  0.000e+00
   1520.831     3.3391     3.3394   3.252001   3.252042     2.0761    -0.3938     0.3580    34.8657 2.2360e+03     139072          4  0.000e+00
   1520.840     3.3391     3.3392   3.251994   3.252054     2.0761    -0.3938     0.3629    34.8657 2.2360e+03     139073          4  0.000e+00
   1520.840     3.3391     3.3394   3.251994   3.252012     2.0761    -0.3743     0.3580    34.8657 2.2337e+03     139074          4  0.000e+00
   1520.897     3.3392     3.3394   3.251988   3.252054     2.0761    -0.3938     0.3629    34.8654 2.2337e+03     139075          4  0.000e+00
   1520.897     3.3391     3.3392   3.251982   3.252042     2.0761    -0.3938     0.3580    34.8655 2.2360e+03     139076          4  0.000e+00
   1520.840     3.3391     3.3392   3.251982   3.252042     2.0761    -0.3743     0.3629    34.8655 2.2360e+03     139077          4  0.000e+00
   1520.955     3.3389     3.3391   3.251982   3.252083     2.0761    -0.3743     0.3629    34.8657 2.2360e+03     139078          4  0.000e+00
   1520.897     3.3392     3.3392   3.251963   3.252042     2.0761    -0.3547     0.3629    34.8651 2.2360e+03     139079          4  0.000e+00
   1520.955     3.3389     3.3392   3.251957   3.252042     2.0761    -0.3547     0.3678    34.8653 2.2337e+03     139080          4  0.000e+00
   1520.840     3.3391     3.3391   3.251969   3.252054     2.0761    -0.3743     0.3629    34.8654 2.2337e+03     139081          4  0.000e+00
   1521.086     3.3389     3.3392   3.251975   3.252042     2.0761    -0.3547     0.3629    34.8655 2.2337e+03     139082          4  0.000e+00
   1520.955     3.3389     3.3394   3.251963   3.252042     2.0761    -0.3547     0.3629    34.8654 2.2337e+03     139083          4  0.000e+00
   1520.963     3.3389     3.3391   3.251957   3.252024     2.0761    -0.3743     0.3629    34.8653 2.2337e+03     139084          4  0.000e+00
   1521.021     3.3390     3.3395   3.251969   3.252012     2.0761    -0.3743     0.3629    34.8653 2.2337e+03     139085          4  0.000e+00
   1521.021     3.3391     3.3394   3.251963   3.252072     2.0761    -0.3547     0.3629    34.8652 2.2337e+03     139086          4  0.000e+00
   1521.021     3.3389     3.3392   3.251957   3.252054     2.0761    -0.3547     0.3629    34.8653 2.2337e+03     139087          4  0.000e+00
   1521.086     3.3391     3.3394   3.251975   3.252042     2.0761    -0.3547     0.3629    34.8653 2.2337e+03     139088          4  0.000e+00
   1521.078     3.3389     3.3391   3.252020   3.252042     2.0761    -0.3547     0.3629    34.8661 2.2337e+03     139089          4  0.000e+00
   1521.021     3.3391     3.3394   3.251994   3.252054     2.0761    -0.3547     0.3629    34.8656 2.2337e+03     139090          4  0.000e+00
   1521.086     3.3389     3.3394   3.251963   3.252072     2.0761    -0.3743     0.3629    34.8653 2.2337e+03     139091          4  0.000e+00
   1521.144     3.3390     3.3391   3.251975   3.252042     2.0761    -0.3547     0.3629    34.8653 2.2337e+03     139092          4  0.000e+00
   1521.086     3.3391     3.3392   3.251957   3.252083     2.0761    -0.3547     0.3629    34.8651 2.2337e+03     139093          4  0.000e+00
   1521.144     3.3387     3.3392   3.251950   3.252072     2.0761    -0.3743     0.3629    34.8653 2.2337e+03     139094          4  0.000e+00
   1521.144     3.3387     3.3391   3.251957   3.252042     2.0761    -0.3743     0.3629    34.8654 2.2337e+03     139095          4  0.000e+00
   1521.144     3.3389     3.3389   3.251975   3.252054     2.0761    -0.3743     0.3629    34.8655 2.2337e+03     139096          4  0.000e+00
   1520.898     3.3387     3.3391   3.251982   3.252042     2.0761    -0.3547     0.3629    34.8658 2.2337e+03     139097          4  0.000e+00
   1521.456     3.3389     3.3392   3.251976   3.252042     2.0761    -0.3547     0.3629    34.8653 2.2337e+03     139098          4  0.000e+00
   1521.144     3.3390     3.3391   3.251963   3.252084     2.0761    -0.3547     0.3629    34.8652 2.2337e+03     139099          4  0.000e+00
   1521.202     3.3391     3.3394   3.251975   3.252072     2.0761    -0.3743     0.3629    34.8652 2.2337e+03     139100          4  0.000e+00
   1521.210     3.3387     3.3392   3.251994   3.252072     2.0761    -0.3743     0.3629    34.8658 2.2337e+03     139101          4  0.000e+00
   1521.267     3.3387     3.3391   3.251969   3.252024     2.0761    -0.3743     0.3629    34.8655 2.2337e+03     139102          4  0.000e+00
   1521.202     3.3391     3.3392   3.251975   3.252072     2.0761    -0.3938     0.3629    34.8652 2.2337e+03     139103          4  0.000e+00
   1013.491     3.3017     3.3017   3.226517   3.226622     2.2105    -0.3547     0.3726    34.8578 2.2517e+03     153862          5  0.000e+00
   1013.548     3.3015     3.3014   3.226505   3.226622     2.2105    -0.3547     0.3726    34.8578 2.2517e+03     153863          5  0.000e+00
   1013.426     3.3014     3.3014   3.226505   3.226563     2.2105    -0.3547     0.3678    34.8580 2.2517e+03     153864          5  0.000e+00
   1013.671     3.3017     3.3014   3.226499   3.226587     2.2105    -0.3743     0.3678    34.8575 2.2517e+03     153865          5  0.000e+00
   1013.614     3.3015     3.3015   3.226486   3.226592     2.2105    -0.3743     0.3678    34.8576 2.2517e+03     153866          5  0.000e+00
   1013.671     3.3016     3.3016   3.226499   3.226652     2.2105    -0.3547     0.3678    34.8576 2.2495e+03     153867          5  0.000e+00
   1013.671     3.3015     3.3016   3.226518   3.226592     2.2118    -0.3743     0.3726    34.8579 2.2517e+03     153868          5  0.000e+00
   1013.671     3.3017     3.3014   3.226518   3.226622     2.2118    -0.3547     0.3678    34.8577 2.2517e+03     153869          5  0.000e+00
   1013.728     3.3015     3.3016   3.226518   3.226622     2.2105    -0.3547     0.3678    34.8579 2.2517e+03     153870          5  0.000e+00
   1013.736     3.3015     3.3014   3.226530   3.226592     2.2118    -0.3743     0.3726    34.8580 2.2517e+03     153871          5  0.000e+00
   1013.728     3.3017     3.3016   3.226536   3.226622     2.2118    -0.3743     0.3678    34.8579 2.2517e+03     153872          5  0.000e+00
   1013.858     3.3018     3.3011   3.226549   3.226622     2.2105    -0.3743     0.3678    34.8579 2.2540e+03     153873          5  0.000e+00
   1013.850     3.3017     3.3012   3.226562   3.226593     2.2118    -0.3743     0.3678    34.8581 2.2517e+03     153874          5  0.000e+00
   1013.858     3.3017     3.3008   3.226549   3.226593     2.2118    -0.3743     0.3678    34.8580 2.2517e+03     153875          5  0.000e+00
   1013.915     3.3017     3.3008   3.226530   3.226533     2.2118    -0.3743     0.3726    34.8578 2.2517e+03     153876          5  0.000e+00
   1013.915     3.3021     3.3009   3.226555   3.226533     2.2118    -0.3743     0.3678    34.8577 2.2517e+03     153877          5  0.000e+00
   1013.972     3.3018     3.3009   3.226536   3.226533     2.2105    -0.3743     0.3678    34.8577 2.2540e+03     153878          5  0.000e+00
   1013.972     3.3017     3.3009   3.226580   3.226533     2.2118    -0.3938     0.3726    34.8583 2.2540e+03     153879          5  0.000e+00
   1014.037     3.3020     3.3011   3.226536   3.226563     2.2118    -0.3743     0.3678    34.8575 2.2540e+03     153880          5  0.000e+00
   1014.038     3.3017     3.3013   3.226543   3.226593     2.2118    -0.3938     0.3678    34.8578 2.2540e+03     153881          5  0.000e+00
   1014.095     3.3017     3.3013   3.226543   3.226593     2.2105    -0.3938     0.3678    34.8578 2.2517e+03     153882          5  0.000e+00
   1014.152     3.3017     3.3015   3.226530   3.226622     2.2118    -0.3938     0.3726    34.8577 2.2517e+03     153883          5  0.000e+00
   1014.095     3.3019     3.3016   3.226530   3.226622     2.2118    -0.3743     0.3678    34.8575 2.2540e+03     153884          5  0.000e+00
   1014.217     3.3018     3.3013   3.226555   3.226622     2.2118    -0.3938     0.3678    34.8578 2.2540e+03     153885          5  0.000e+00
   1014.217     3.3019     3.3014   3.226562   3.226593     2.2118    -0.3938     0.3678    34.8578 2.2540e+03     153886          5  0.000e+00
   1014.282     3.3020     3.3014   3.226524   3.226593     2.2118    -0.3938     0.3678    34.8572 2.2540e+03     153887          5  0.000e+00
