Ship_data/Irminger/Irminger-5/ctd/process/ar30-03023.cnv
* Sea-Bird SBE 9 Data File:
* FileName = D:\Data\ar30-03023.hdr
* Software Version Seasave V 7.23.2
* Temperature SN = 4312
* Conductivity SN = 2148
* Number of Bytes Per Scan = 44
* Number of Voltage Words = 5
* Number of Scans Averaged by the Deck Unit = 1
* NMEA Latitude = 62 03.51 N
* NMEA Longitude = 032 13.91 W
* NMEA UTC (Time) = Jun 22 2018  20:07:00
** Cruise ID: ar30-03
** Chief Sci: Macdonald
** Station #: 023
** Site ID: Irminger 5 CL2
# nquan = 18
# nvalues = 309                         
# units = specified
# name 0 = prDM: Pressure, Digiquartz [db]
# name 1 = t090C: Temperature [ITS-90, deg C]
# name 2 = t190C: Temperature, 2 [ITS-90, deg C]
# name 3 = c0S/m: Conductivity [S/m]
# name 4 = c1S/m: Conductivity, 2 [S/m]
# name 5 = sbeox0V: Oxygen raw, SBE 43 [V]
# name 6 = flECO-AFL: Fluorescence, WET Labs ECO-AFL/FL [mg/m^3]
# name 7 = turbWETntu0: Turbidity, WET Labs ECO [NTU]
# name 8 = sal00: Salinity, Practical [PSU]
# name 9 = spar: SPAR/Surface Irradiance
# name 10 = depSM: Depth [salt water, m], lat = 62.0585
# name 11 = sal00: Salinity, Practical [PSU]
# name 12 = sal11: Salinity, Practical, 2 [PSU]
# name 13 = sbeox0ML/L: Oxygen, SBE 43 [ml/l], WS = 2
# name 14 = svCM: Sound Velocity [Chen-Millero, m/s]
# name 15 = sigma-é00: Density [sigma-theta, kg/m^3]
# name 16 = sigma-é11: Density, 2 [sigma-theta, kg/m^3]
# name 17 = flag: flag
# span 0 =      1.000,    156.000       
# span 1 =     5.0487,     7.2925       
# span 2 =     5.0391,     7.2904       
# span 3 =   3.347887,   3.546206       
# span 4 =   3.346973,   3.546265       
# span 5 =     2.3848,     2.7664       
# span 6 =    -0.3653,     4.1054       
# span 7 =     0.3715,     0.6976       
# span 8 =    34.8507,    34.9151       
# span 9 = 1.3471e+02, 3.0522e+02       
# span 10 =      0.990,    154.446      
# span 11 =    34.8566,    34.9318      
# span 12 =    34.8671,    34.9181      
# span 13 =     6.1428,     6.9205      
# span 14 =    1472.88,    1480.06      
# span 15 =    27.2723,    27.5986      
# span 16 =    27.2740,    27.5873      
# span 17 = 0.0000e+00, 0.0000e+00      
# interval = decibars: 1                
# start_time = Jun 22 2018 20:08:34 [System UTC, first data scan.]
# bad_flag = -9.990e-29
*END*
      3.000     7.2824     7.2825   3.542630   3.542747     2.7636     3.5937     0.6020    34.8680 1.5829e+02      2.971    34.8680    34.8691     6.8753    1479.63    27.2751    27.2760 0.0000e+00
      4.000     7.2851     7.2850   3.542837   3.542973     2.7664     3.4280     0.5930    34.8670 1.4327e+02      3.962    34.8670    34.8686     6.8845    1479.66    27.2740    27.2753 0.0000e+00
      5.000     7.2886     7.2874   3.543163   3.543235     2.7663     3.5587     0.6274    34.8665 1.4144e+02      4.952    34.8665    34.8685     6.8842    1479.69    27.2731    27.2749 0.0000e+00
      6.000     7.2868     7.2867   3.542959   3.543224     2.7661     3.5111     0.6175    34.8657 1.3956e+02      5.942    34.8657    34.8687     6.8851    1479.69    27.2727    27.2751 0.0000e+00
      7.000     7.2925     7.2904   3.543596   3.543538     2.7658     3.6913     0.6392    34.8658 1.4200e+02      6.933    34.8663    34.8679     6.8841    1479.73    27.2724    27.2740 0.0000e+00
      8.000     7.2875     7.2879   3.543076   3.543315     2.7656     3.7304     0.6197    34.8657 1.4172e+02      7.923    34.8652    34.8674     6.8850    1479.73    27.2723    27.2740 0.0000e+00
      9.000     7.2827     7.2862   3.542735   3.543179     2.7656     3.7283     0.6045    34.8663 1.3955e+02      8.914    34.8658    34.8671     6.8867    1479.73    27.2735    27.2740 0.0000e+00
     10.000     7.2810     7.2811   3.542714   3.542860     2.7651     3.5856     0.5876    34.8670 1.3882e+02      9.904    34.8668    34.8683     6.8865    1479.74    27.2745    27.2757 0.0000e+00
     11.000     7.2822     7.2820   3.542736   3.542942     2.7640     3.7344     0.6426    34.8650 1.3962e+02     10.894    34.8653    34.8678     6.8838    1479.76    27.2732    27.2752 0.0000e+00
     12.000     7.2808     7.2808   3.542639   3.542964     2.7644     3.9925     0.6364    34.8652 1.3974e+02     11.885    34.8651    34.8688     6.8860    1479.77    27.2732    27.2761 0.0000e+00
     13.000     7.2807     7.2806   3.542917   3.543045     2.7639     3.6135     0.5896    34.8679 1.3923e+02     12.875    34.8678    34.8694     6.8855    1479.79    27.2754    27.2766 0.0000e+00
     14.000     7.2810     7.2809   3.542959   3.543082     2.7626     3.5044     0.5894    34.8675 1.3788e+02     13.865    34.8675    34.8689     6.8823    1479.80    27.2751    27.2762 0.0000e+00
     15.000     7.2814     7.2810   3.543434   3.543373     2.7606     3.4761     0.5933    34.8715 1.3733e+02     14.856    34.8718    34.8715     6.8767    1479.83    27.2784    27.2783 0.0000e+00
     16.000     7.2812     7.2812   3.543445   3.543640     2.7574     3.6075     0.5828    34.8717 1.3872e+02     15.846    34.8716    34.8737     6.8679    1479.84    27.2783    27.2800 0.0000e+00
     17.000     7.2812     7.2810   3.543406   3.543489     2.7577     3.6496     0.6074    34.8704 1.3914e+02     16.836    34.8706    34.8718     6.8697    1479.86    27.2776    27.2785 0.0000e+00
     18.000     7.2816     7.2815   3.543490   3.543603     2.7569     3.6502     0.5987    34.8708 1.3785e+02     17.827    34.8707    34.8720     6.8682    1479.88    27.2776    27.2786 0.0000e+00
     19.000     7.2804     7.2811   3.543489   3.543570     2.7564     3.6891     0.6074    34.8715 1.3722e+02     18.817    34.8714    34.8715     6.8676    1479.89    27.2783    27.2783 0.0000e+00
     20.000     7.2805     7.2805   3.543502   3.543620     2.7563     3.7282     0.6116    34.8708 1.3655e+02     19.807    34.8709    34.8723     6.8682    1479.91    27.2779    27.2790 0.0000e+00
     21.000     7.2811     7.2813   3.543552   3.543713     2.7563     3.6185     0.5961    34.8704 1.3754e+02     20.798    34.8703    34.8719     6.8691    1479.92    27.2774    27.2786 0.0000e+00
     22.000     7.2811     7.2811   3.543739   3.543806     2.7563     3.8121     0.6066    34.8716 1.3732e+02     21.788    34.8720    34.8727     6.8700    1479.94    27.2787    27.2793 0.0000e+00
     23.000     7.2830     7.2826   3.544775   3.544719     2.7549     3.7314     0.5987    34.8801 1.3699e+02     22.778    34.8808    34.8806     6.8658    1479.98    27.2854    27.2853 0.0000e+00
     24.000     7.2860     7.2867   3.545613   3.545945     2.7509     3.7659     0.5959    34.8858 1.3612e+02     23.769    34.8865    34.8894     6.8538    1480.01    27.2894    27.2917 0.0000e+00
     25.000     7.2884     7.2882   3.546206   3.546265     2.7460     3.7426     0.6225    34.8894 1.3579e+02     24.759    34.8900    34.8909     6.8391    1480.04    27.2919    27.2926 0.0000e+00
     26.000     7.2882     7.2879   3.546093   3.546161     2.7356     3.6753     0.5966    34.8887 1.3676e+02     25.749    34.8885    34.8896     6.8084    1480.06    27.2907    27.2916 0.0000e+00
     27.000     7.2675     7.2667   3.544074   3.544299     2.7322     3.8376     0.5922    34.8890 1.3740e+02     26.739    34.8868    34.8901     6.8023    1479.99    27.2924    27.2951 0.0000e+00
     28.000     7.2534     7.2535   3.542865   3.543088     2.7287     3.5888     0.5924    34.8890 1.3699e+02     27.730    34.8873    34.8897     6.7949    1479.95    27.2948    27.2967 0.0000e+00
     29.000     7.2443     7.2442   3.542124   3.542258     2.7234     3.7016     0.6330    34.8890 1.3576e+02     28.720    34.8878    34.8895     6.7811    1479.94    27.2965    27.2978 0.0000e+00
     30.000     7.2412     7.2412   3.541896   3.542028     2.7172     3.5889     0.6387    34.8888 1.3545e+02     29.710    34.8880    34.8895     6.7635    1479.94    27.2971    27.2983 0.0000e+00
     31.000     7.2386     7.2385   3.541696   3.541826     2.7133     3.9435     0.6666    34.8885 1.3708e+02     30.700    34.8880    34.8895     6.7527    1479.95    27.2975    27.2987 0.0000e+00
     32.000     7.2367     7.2364   3.541524   3.541657     2.7124     3.4312     0.6263    34.8882 1.3699e+02     31.691    34.8875    34.8892     6.7512    1479.95    27.2973    27.2988 0.0000e+00
     33.000     7.2348     7.2347   3.541407   3.541525     2.7120     3.3502     0.5971    34.8881 1.3660e+02     32.681    34.8876    34.8891     6.7511    1479.96    27.2977    27.2989 0.0000e+00
     34.000     7.2335     7.2334   3.541310   3.541442     2.7091     3.3372     0.5979    34.8878 1.3551e+02     33.671    34.8874    34.8889     6.7435    1479.98    27.2978    27.2990 0.0000e+00
     35.000     7.2314     7.2313   3.541156   3.541287     2.7069     3.4115     0.6481    34.8877 1.3566e+02     34.661    34.8873    34.8888     6.7378    1479.98    27.2980    27.2992 0.0000e+00
     36.000     7.2294     7.2291   3.540997   3.541119     2.7070     3.2056     0.6043    34.8875 1.3629e+02     35.652    34.8871    34.8887     6.7393    1479.99    27.2982    27.2995 0.0000e+00
     37.000     7.2252     7.2250   3.540684   3.540809     2.7065     3.1498     0.6287    34.8879 1.3612e+02     36.642    34.8874    34.8890     6.7395    1479.99    27.2990    27.3003 0.0000e+00
     38.000     7.2242     7.2235   3.540697   3.540771     2.7049     3.2507     0.5966    34.8884 1.3572e+02     37.632    34.8881    34.8896     6.7355    1480.01    27.2997    27.3010 0.0000e+00
     39.000     7.2189     7.2183   3.540245   3.540344     2.7041     3.3681     0.5960    34.8885 1.3723e+02     38.622    34.8880    34.8897     6.7350    1480.00    27.3004    27.3018 0.0000e+00
     40.000     7.2115     7.2116   3.539460   3.539711     2.7021     3.1239     0.5975    34.8880 1.3697e+02     39.613    34.8863    34.8890     6.7308    1479.99    27.3001    27.3022 0.0000e+00
     41.000     7.1969     7.1967   3.538227   3.538448     2.7021     3.0391     0.6035    34.8889 1.3572e+02     40.603    34.8871    34.8897     6.7340    1479.95    27.3028    27.3049 0.0000e+00
     42.000     7.1891     7.1896   3.537670   3.537890     2.7012     3.0451     0.6133    34.8894 1.3534e+02     41.593    34.8884    34.8902     6.7334    1479.94    27.3049    27.3063 0.0000e+00
     43.000     7.1850     7.1808   3.537211   3.537096     2.6997     2.9046     0.6116    34.8888 1.3717e+02     42.583    34.8869    34.8899     6.7305    1479.94    27.3044    27.3073 0.0000e+00
     44.000     7.1149     7.1131   3.530607   3.530832     2.6967     3.0376     0.6007    34.8900 1.3649e+02     43.573    34.8849    34.8891     6.7338    1479.68    27.3127    27.3162 0.0000e+00
     45.000     6.9882     6.9842   3.518726   3.518967     2.6909     2.8759     0.6955    34.8915 1.3598e+02     44.564    34.8820    34.8887     6.7379    1479.20    27.3281    27.3339 0.0000e+00
     46.000     6.9318     6.9324   3.514129   3.514344     2.6919     2.7507     0.5959    34.8941 1.3587e+02     45.554    34.8880    34.8898     6.7508    1479.01    27.3407    27.3420 0.0000e+00
     47.000     6.9175     6.9133   3.512811   3.512638     2.6922     2.5596     0.5775    34.8935 1.3519e+02     46.544    34.8875    34.8898     6.7551    1478.97    27.3423    27.3446 0.0000e+00
     48.000     6.8487     6.8485   3.504603   3.506290     2.6808     2.6554     0.5944    34.8885 1.3482e+02     47.534    34.8661    34.8850     6.7332    1478.69    27.3348    27.3498 0.0000e+00
     49.000     6.4606     6.4466   3.468794   3.468526     2.6898     2.6051     0.6254    34.8811 1.3598e+02     48.524    34.8630    34.8743     6.8274    1477.19    27.3846    27.3954 0.0000e+00
     50.000     6.1575     6.1671   3.441222   3.442553     2.6880     2.4367     0.6222    34.8850 1.3680e+02     49.515    34.8641    34.8692     6.8744    1476.02    27.4256    27.4284 0.0000e+00
     51.000     6.1200     6.1217   3.437688   3.438570     2.6923     2.0036     0.5548    34.8834 1.3597e+02     50.505    34.8623    34.8705     6.8953    1475.88    27.4291    27.4353 0.0000e+00
     52.000     6.0309     6.0293   3.429097   3.429952     2.6944     1.9505     0.6202    34.8809 1.3476e+02     51.495    34.8566    34.8679     6.9186    1475.54    27.4360    27.4451 0.0000e+00
     53.000     5.9909     5.9909   3.426305   3.426660     2.6926     1.7694     0.5812    34.8837 1.3483e+02     52.485    34.8657    34.8698     6.9205    1475.41    27.4483    27.4516 0.0000e+00
     54.000     6.0334     6.0487   3.430819   3.432187     2.6832     1.5402     0.5319    34.8806 1.3587e+02     53.475    34.8723    34.8721     6.8838    1475.60    27.4481    27.4459 0.0000e+00
     55.000     5.9720     5.9608   3.424362   3.424334     2.6765     1.7316     0.5341    34.8780 1.3787e+02     54.465    34.8622    34.8734     6.8746    1475.36    27.4480    27.4582 0.0000e+00
     56.000     5.8993     5.8994   3.418628   3.418896     2.6712     1.3773     0.5169    34.8820 1.3742e+02     55.456    34.8717    34.8747     6.8711    1475.10    27.4648    27.4671 0.0000e+00
     57.000     5.8876     5.8874   3.417638   3.417923     2.6656     1.0777     0.5054    34.8822 1.3650e+02     56.446    34.8720    34.8755     6.8561    1475.07    27.4665    27.4693 0.0000e+00
     58.000     5.8594     5.8591   3.415187   3.415482     2.6598     0.9040     0.4955    34.8829 1.3471e+02     57.436    34.8729    34.8765     6.8434    1474.98    27.4708    27.4737 0.0000e+00
     59.000     5.8601     5.8886   3.415643   3.418222     2.6432     0.7949     0.5270    34.8819 1.3636e+02     58.426    34.8768    34.8766     6.7914    1475.00    27.4737    27.4700 0.0000e+00
     60.000     5.8335     5.8354   3.413378   3.413729     2.6351     0.8762     0.4927    34.8825 1.3774e+02     59.416    34.8780    34.8801     6.7712    1474.91    27.4781    27.4795 0.0000e+00
     61.000     5.8112     5.8113   3.411234   3.411539     2.6287     0.7660     0.4966    34.8814 1.3722e+02     60.406    34.8762    34.8796     6.7554    1474.84    27.4795    27.4822 0.0000e+00
     62.000     5.7818     5.7819   3.408640   3.408919     2.6223     0.5613     0.4929    34.8817 1.3693e+02     61.396    34.8767    34.8797     6.7411    1474.74    27.4836    27.4860 0.0000e+00
     63.000     5.7613     5.7613   3.407031   3.407247     2.6167     0.4428     0.4599    34.8835 1.3668e+02     62.386    34.8791    34.8815     6.7275    1474.68    27.4880    27.4900 0.0000e+00
     64.000     5.7470     5.7471   3.405927   3.406187     2.6135     0.3604     0.4535    34.8853 1.3515e+02     63.377    34.8808    34.8836     6.7205    1474.64    27.4912    27.4935 0.0000e+00
     65.000     5.7377     5.7423   3.405267   3.405811     2.6126     0.4097     0.4704    34.8850 1.3766e+02     64.367    34.8824    34.8838     6.7199    1474.62    27.4937    27.4942 0.0000e+00
     66.000     5.7187     5.7135   3.403634   3.403516     2.6108     0.4621     0.4674    34.8863 1.3889e+02     65.357    34.8829    34.8869     6.7185    1474.56    27.4964    27.5003 0.0000e+00
     67.000     5.6943     5.6942   3.401424   3.401803     2.6100     0.3778     0.4704    34.8871 1.3744e+02     66.347    34.8825    34.8869     6.7210    1474.48    27.4992    27.5027 0.0000e+00
     68.000     5.6645     5.6645   3.398757   3.399125     2.6084     0.3488     0.4634    34.8874 1.3575e+02     67.337    34.8825    34.8866     6.7216    1474.38    27.5029    27.5061 0.0000e+00
     69.000     5.6421     5.6422   3.396898   3.397135     2.6054     0.3346     0.4588    34.8876 1.3512e+02     68.327    34.8839    34.8865     6.7169    1474.30    27.5068    27.5088 0.0000e+00
     70.000     5.6321     5.6323   3.395994   3.396233     2.6014     0.2361     0.4525    34.8868 1.3597e+02     69.317    34.8835    34.8860     6.7066    1474.28    27.5077    27.5096 0.0000e+00
     71.000     5.6202     5.6195   3.394683   3.395096     2.5925     0.2387     0.4701    34.8851 1.3945e+02     70.307    34.8804    34.8857     6.6812    1474.24    27.5067    27.5110 0.0000e+00
     72.000     5.5931     5.5903   3.392435   3.392590     2.5902     0.2013     0.4643    34.8867 1.3882e+02     71.297    34.8822    34.8869     6.6792    1474.15    27.5115    27.5156 0.0000e+00
     73.000     5.5815     5.5807   3.391479   3.391722     2.5884     0.1702     0.4604    34.8868 1.3743e+02     72.287    34.8829    34.8864     6.6761    1474.13    27.5135    27.5164 0.0000e+00
     74.000     5.5663     5.5668   3.390235   3.390496     2.5864     0.0652     0.4428    34.8871 1.3684e+02     73.277    34.8839    34.8864     6.6732    1474.08    27.5162    27.5181 0.0000e+00
     75.000     5.5767     5.5845   3.391305   3.392164     2.5799     0.0656     0.4533    34.8858 1.3859e+02     74.267    34.8848    34.8865     6.6513    1474.14    27.5156    27.5160 0.0000e+00
     76.000     5.5565     5.5477   3.389242   3.388903     2.5779     0.1146     0.4737    34.8855 1.3924e+02     75.257    34.8817    34.8869     6.6493    1474.07    27.5156    27.5209 0.0000e+00
     77.000     5.5276     5.5275   3.386484   3.387014     2.5746     0.0952     0.4664    34.8853 1.3913e+02     76.247    34.8796    34.8857     6.6446    1473.97    27.5175    27.5224 0.0000e+00
     78.000     5.4707     5.4705   3.381401   3.381822     2.5698     0.0237     0.4413    34.8859 1.3882e+02     77.238    34.8800    34.8850     6.6399    1473.76    27.5248    27.5288 0.0000e+00
     79.000     5.4425     5.4432   3.379059   3.379379     2.5620    -0.0114     0.4611    34.8862 1.3924e+02     78.228    34.8820    34.8849     6.6202    1473.66    27.5298    27.5321 0.0000e+00
     80.000     5.4274     5.4274   3.377798   3.378017     2.5540    -0.0190     0.4436    34.8859 1.3895e+02     79.218    34.8827    34.8852     6.5980    1473.62    27.5323    27.5343 0.0000e+00
     81.000     5.4163     5.4233   3.376861   3.377695     2.5487    -0.0631     0.4283    34.8854 1.3952e+02     80.208    34.8830    34.8852     6.5834    1473.59    27.5338    27.5347 0.0000e+00
     82.000     5.3974     5.3973   3.375093   3.375425     2.5443    -0.0323     0.4272    34.8851 1.4161e+02     81.198    34.8818    34.8858     6.5735    1473.53    27.5351    27.5383 0.0000e+00
