Ship_data/Irminger/Irminger-5/ctd/process/ar30-03004.ros
* Sea-Bird SBE 9 Data File:
* FileName = D:\Data\ar30-03004.hdr
* Software Version Seasave V 7.23.2
* Temperature SN = 4230
* Conductivity SN = 2148
* Number of Bytes Per Scan = 44
* Number of Voltage Words = 5
* Number of Scans Averaged by the Deck Unit = 1
* NMEA Latitude = 60 38.27 N
* NMEA Longitude = 036 30.62 W
* NMEA UTC (Time) = Jun 07 2018  15:13:41
** Cruise ID: ar30-03
** Chief Sci: Macdonald
** Station #: 004
** Site ID: Irminger 5 OSNAP caldip2
** cast with 15 microcats attached
# nquan = 13
# nvalues = 588                                   
# units = specified
# name 0 = prDM: Pressure, Digiquartz [db]
# name 1 = t090C: Temperature [ITS-90, deg C]
# name 2 = t190C: Temperature, 2 [ITS-90, deg C]
# name 3 = c0S/m: Conductivity [S/m]
# name 4 = c1S/m: Conductivity, 2 [S/m]
# name 5 = sbeox0V: Oxygen raw, SBE 43 [V]
# name 6 = flECO-AFL: Fluorescence, WET Labs ECO-AFL/FL [mg/m^3]
# name 7 = turbWETntu0: Turbidity, WET Labs ECO [NTU]
# name 8 = sal00: Salinity, Practical [PSU]
# name 9 = spar: SPAR/Surface Irradiance
# name 10 = scan: Scan Count
# name 11 = nbf: Bottles Fired
# name 12 = flag:  0.000e+00
# interval = seconds: 0.0416667
# start_time = Jun 07 2018 15:13:41 [System UTC, first data scan.]
# bad_flag = -9.990e-29
*END*
[from data line 445]
    205.170     4.0811     4.0808   3.261123   3.261161     2.4825    -0.2766     0.3971    34.8700 6.8540e+02     208362         10  0.000e+00
    205.114     4.0812     4.0807   3.261123   3.261221     2.4813    -0.2766     0.3971    34.8699 6.8540e+02     208363         10  0.000e+00
    205.146     4.0811     4.0808   3.261129   3.261161     2.4813    -0.2766     0.3971    34.8701 6.8540e+02     208364         10  0.000e+00
    205.114     4.0812     4.0807   3.261110   3.261191     2.4825    -0.2766     0.3971    34.8697 6.8540e+02     208365         10  0.000e+00
    205.058     4.0812     4.0808   3.261097   3.261161     2.4825    -0.2766     0.3971    34.8696 6.8540e+02     208366         10  0.000e+00
    205.058     4.0812     4.0808   3.261085   3.261191     2.4825    -0.2766     0.3971    34.8694 6.8540e+02     208367         10  0.000e+00
    205.034     4.0811     4.0808   3.261072   3.261161     2.4825    -0.2766     0.3971    34.8695 6.8765e+02     208368         10  0.000e+00
    205.058     4.0812     4.0808   3.261110   3.261161     2.4825    -0.2961     0.3971    34.8697 6.8540e+02     208369         10  0.000e+00
    204.993     4.0812     4.0808   3.261110   3.261191     2.4825    -0.2766     0.3971    34.8698 6.8540e+02     208370         10  0.000e+00
    205.034     4.0809     4.0807   3.261123   3.261191     2.4825    -0.2961     0.3971    34.8702 6.8540e+02     208371         10  0.000e+00
    204.993     4.0811     4.0805   3.261110   3.261161     2.4825    -0.2766     0.3971    34.8699 6.8765e+02     208372         10  0.000e+00
    204.993     4.0812     4.0806   3.261104   3.261161     2.4825    -0.2766     0.3971    34.8697 6.8765e+02     208373         10  0.000e+00
    204.993     4.0809     4.0808   3.261079   3.261131     2.4825    -0.2766     0.3971    34.8697 6.8765e+02     208374         10  0.000e+00
    204.969     4.0812     4.0810   3.261091   3.261161     2.4825    -0.2766     0.3971    34.8696 6.8765e+02     208375         10  0.000e+00
    204.993     4.0809     4.0808   3.261123   3.261161     2.4825    -0.2766     0.3971    34.8703 6.8765e+02     208376         10  0.000e+00
    204.937     4.0811     4.0808   3.261110   3.261191     2.4825    -0.2961     0.3971    34.8700 6.8765e+02     208377         10  0.000e+00
    204.969     4.0812     4.0807   3.261085   3.261161     2.4825    -0.2766     0.4019    34.8695 6.8765e+02     208378         10  0.000e+00
    204.993     4.0808     4.0808   3.261072   3.261131     2.4825    -0.2766     0.3971    34.8698 6.8765e+02     208379         10  0.000e+00
    204.937     4.0811     4.0807   3.261091   3.261191     2.4825    -0.2766     0.3971    34.8697 6.8765e+02     208380         10  0.000e+00
    204.993     4.0811     4.0807   3.261079   3.261101     2.4825    -0.2766     0.3971    34.8696 6.8765e+02     208381         10  0.000e+00
    204.969     4.0811     4.0805   3.261091   3.261161     2.4825    -0.2766     0.4019    34.8697 6.8765e+02     208382         10  0.000e+00
    204.993     4.0809     4.0808   3.261079   3.261131     2.4825    -0.2961     0.3971    34.8697 6.8765e+02     208383         10  0.000e+00
    204.993     4.0811     4.0805   3.261091   3.261131     2.4825    -0.2766     0.3971    34.8697 6.8990e+02     208384         10  0.000e+00
    204.969     4.0809     4.0808   3.261123   3.261161     2.4825    -0.2766     0.4068    34.8703 6.8990e+02     208385         10  0.000e+00
    204.993     4.0809     4.0808   3.261110   3.261131     2.4825    -0.2571     0.4068    34.8701 6.8765e+02     208386         10  0.000e+00
    204.993     4.0811     4.0805   3.261079   3.261161     2.4825    -0.2571     0.4117    34.8696 6.8990e+02     208387         10  0.000e+00
    204.993     4.0809     4.0807   3.261110   3.261131     2.4825    -0.2766     0.4068    34.8701 6.8990e+02     208388         10  0.000e+00
    205.034     4.0811     4.0808   3.261091   3.261221     2.4825    -0.2766     0.4068    34.8697 6.8990e+02     208389         10  0.000e+00
    205.114     4.0808     4.0808   3.261091   3.261161     2.4825    -0.2571     0.4117    34.8700 6.8990e+02     208390         10  0.000e+00
    204.993     4.0808     4.0805   3.261079   3.261161     2.4825    -0.2571     0.4068    34.8699 6.8990e+02     208391         10  0.000e+00
    205.090     4.0809     4.0806   3.261110   3.261161     2.4825    -0.2766     0.4068    34.8701 6.8990e+02     208392         10  0.000e+00
    205.058     4.0811     4.0808   3.261110   3.261131     2.4825    -0.2766     0.4117    34.8699 6.8990e+02     208393         10  0.000e+00
    205.114     4.0806     4.0805   3.261085   3.261161     2.4825    -0.2766     0.4068    34.8701 6.8990e+02     208394         10  0.000e+00
    205.114     4.0809     4.0806   3.261072   3.261131     2.4825    -0.2766     0.4068    34.8696 6.8990e+02     208395         10  0.000e+00
    205.146     4.0809     4.0804   3.261072   3.261131     2.4825    -0.2571     0.4117    34.8696 6.8990e+02     208396         10  0.000e+00
    205.170     4.0808     4.0804   3.261091   3.261161     2.4825    -0.2571     0.4117    34.8700 6.8990e+02     208397         10  0.000e+00
    205.170     4.0809     4.0803   3.261104   3.261131     2.4825    -0.2571     0.4068    34.8699 6.8990e+02     208398         10  0.000e+00
    205.210     4.0806     4.0804   3.261123   3.261161     2.4825    -0.2571     0.4068    34.8705 6.8990e+02     208399         10  0.000e+00
    205.235     4.0809     4.0804   3.261110   3.261131     2.4825    -0.2571     0.4068    34.8700 6.8990e+02     208400         10  0.000e+00
    205.235     4.0809     4.0806   3.261079   3.261161     2.4825    -0.2766     0.4068    34.8696 6.8990e+02     208401         10  0.000e+00
    205.291     4.0811     4.0804   3.261110   3.261191     2.4825    -0.2571     0.4117    34.8698 6.8990e+02     208402         10  0.000e+00
    205.323     4.0808     4.0805   3.261110   3.261161     2.4825    -0.2766     0.4068    34.8701 6.8990e+02     208403         10  0.000e+00
    205.347     4.0811     4.0805   3.261123   3.261161     2.4825    -0.2571     0.4117    34.8699 6.8990e+02     208404         10  0.000e+00
    205.347     4.0808     4.0808   3.261129   3.261131     2.4825    -0.2571     0.4068    34.8703 6.8990e+02     208405         10  0.000e+00
    205.444     4.0811     4.0804   3.261135   3.261161     2.4825    -0.2571     0.4068    34.8700 6.8990e+02     208406         10  0.000e+00
    105.549     4.5150     4.5242   3.295423   3.296388     2.5357    -0.1008     0.4215    34.8692 7.3709e+02     218661         11  0.000e+00
    105.493     4.5148     4.5240   3.295372   3.296328     2.5357    -0.1008     0.4215    34.8688 7.3709e+02     218662         11  0.000e+00
    105.598     4.5139     4.5235   3.295302   3.296328     2.5357    -0.1008     0.4215    34.8689 7.3484e+02     218663         11  0.000e+00
    105.726     4.5131     4.5214   3.295195   3.296298     2.5357    -0.1008     0.4215    34.8685 7.3484e+02     218664         11  0.000e+00
    105.549     4.5121     4.5204   3.295125   3.296088     2.5357    -0.1008     0.4215    34.8687 7.3484e+02     218665         11  0.000e+00
    105.549     4.5115     4.5208   3.295125   3.296028     2.5357    -0.1008     0.4215    34.8694 7.3484e+02     218666         11  0.000e+00
    105.654     4.5113     4.5218   3.295119   3.295992     2.5357    -0.1008     0.4215    34.8695 7.3484e+02     218667         11  0.000e+00
    105.726     4.5112     4.5234   3.295062   3.296088     2.5357    -0.1008     0.4215    34.8689 7.3484e+02     218668         11  0.000e+00
    105.726     4.5108     4.5252   3.295043   3.296268     2.5357    -0.1008     0.4215    34.8691 7.3259e+02     218669         11  0.000e+00
    105.726     4.5111     4.5253   3.295043   3.296388     2.5357    -0.1008     0.4215    34.8687 7.3484e+02     218670         11  0.000e+00
    105.718     4.5108     4.5251   3.295068   3.296418     2.5357    -0.1008     0.4215    34.8694 7.3259e+02     218671         11  0.000e+00
    105.790     4.5110     4.5249   3.295075   3.296298     2.5357    -0.1008     0.4215    34.8692 7.3259e+02     218672         11  0.000e+00
    105.790     4.5106     4.5250   3.295056   3.296238     2.5357    -0.1008     0.4215    34.8694 7.3259e+02     218673         11  0.000e+00
    105.838     4.5100     4.5242   3.294980   3.296238     2.5357    -0.1008     0.4215    34.8691 7.3259e+02     218674         11  0.000e+00
    105.846     4.5093     4.5214   3.294891   3.296262     2.5357    -0.1008     0.4215    34.8688 7.3259e+02     218675         11  0.000e+00
    105.902     4.5086     4.5173   3.294822   3.296088     2.5357    -0.1008     0.4215    34.8687 7.3259e+02     218676         11  0.000e+00
    105.902     4.5076     4.5141   3.294803   3.295789     2.5357    -0.1008     0.4215    34.8695 7.3259e+02     218677         11  0.000e+00
    105.951     4.5072     4.5128   3.294721   3.295489     2.5357    -0.1008     0.4215    34.8689 7.3035e+02     218678         11  0.000e+00
    105.967     4.5062     4.5111   3.294645   3.295309     2.5357    -0.1008     0.4215    34.8691 7.3035e+02     218679         11  0.000e+00
    106.023     4.5058     4.5102   3.294626   3.295220     2.5357    -0.1008     0.4166    34.8693 7.3035e+02     218680         11  0.000e+00
    105.951     4.5052     4.5099   3.294588   3.295130     2.5357    -0.1008     0.4166    34.8695 7.3035e+02     218681         11  0.000e+00
    106.079     4.5049     4.5092   3.294569   3.295058     2.5357    -0.1008     0.4166    34.8696 7.3035e+02     218682         11  0.000e+00
    106.079     4.5047     4.5085   3.294544   3.295010     2.5357    -0.1008     0.4166    34.8695 7.2810e+02     218683         11  0.000e+00
    106.079     4.5044     4.5070   3.294556   3.295040     2.5357    -0.1008     0.4166    34.8699 7.3035e+02     218684         11  0.000e+00
    106.127     4.5047     4.5063   3.294544   3.294860     2.5357    -0.1008     0.4166    34.8695 7.2810e+02     218685         11  0.000e+00
    106.199     4.5042     4.5056   3.294537   3.294800     2.5357    -0.1008     0.4166    34.8698 7.2810e+02     218686         11  0.000e+00
    106.199     4.5044     4.5053   3.294537   3.294710     2.5357    -0.1008     0.4166    34.8696 7.2810e+02     218687         11  0.000e+00
    106.199     4.5045     4.5052   3.294556   3.294698     2.5357    -0.1008     0.4166    34.8697 7.2810e+02     218688         11  0.000e+00
    106.248     4.5044     4.5051   3.294544   3.294710     2.5357    -0.1008     0.4166    34.8697 7.2585e+02     218689         11  0.000e+00
    106.320     4.5042     4.5048   3.294493   3.294680     2.5357    -0.1008     0.4166    34.8693 7.2585e+02     218690         11  0.000e+00
    106.264     4.5041     4.5043   3.294493   3.294645     2.5357    -0.1008     0.4215    34.8694 7.2585e+02     218691         11  0.000e+00
    106.368     4.5036     4.5038   3.294461   3.294645     2.5357    -0.1008     0.4215    34.8695 7.2585e+02     218692         11  0.000e+00
    106.440     4.5034     4.5038   3.294424   3.294585     2.5357    -0.1008     0.4166    34.8693 7.2585e+02     218693         11  0.000e+00
    106.376     4.5031     4.5036   3.294461   3.294573     2.5357    -0.1008     0.4166    34.8700 7.2585e+02     218694         11  0.000e+00
    106.376     4.5032     4.5037   3.294411   3.294615     2.5357    -0.1008     0.4166    34.8693 7.2585e+02     218695         11  0.000e+00
    106.488     4.5031     4.5034   3.294449   3.294525     2.5357    -0.1008     0.4166    34.8698 7.2585e+02     218696         11  0.000e+00
    106.496     4.5033     4.5031   3.294436   3.294555     2.5357    -0.1008     0.4166    34.8694 7.2361e+02     218697         11  0.000e+00
    106.553     4.5034     4.5034   3.294436   3.294525     2.5357    -0.1008     0.4166    34.8694 7.2585e+02     218698         11  0.000e+00
    106.545     4.5031     4.5028   3.294462   3.294585     2.5357    -0.1008     0.4166    34.8699 7.2361e+02     218699         11  0.000e+00
    106.553     4.5032     4.5031   3.294455   3.294483     2.5357    -0.1008     0.4166    34.8698 7.2361e+02     218700         11  0.000e+00
    106.617     4.5031     4.5030   3.294468   3.294525     2.5357    -0.1008     0.4166    34.8699 7.2361e+02     218701         11  0.000e+00
    106.440     4.5033     4.5032   3.294455   3.294495     2.5357    -0.1008     0.4166    34.8697 7.2136e+02     218702         11  0.000e+00
    106.842     4.5034     4.5029   3.294449   3.294495     2.5357    -0.1008     0.4215    34.8694 7.2136e+02     218703         11  0.000e+00
    106.673     4.5031     4.5028   3.294443   3.294495     2.5357    -0.1008     0.4264    34.8696 7.2136e+02     218704         11  0.000e+00
    106.673     4.5030     4.5027   3.294424   3.294525     2.5357    -0.1008     0.4313    34.8695 7.2136e+02     218705         11  0.000e+00
    106.777     4.5026     4.5019   3.294398   3.294453     2.5357    -0.1008     0.4264    34.8696 7.2136e+02     218706         11  0.000e+00
    106.737     4.5027     4.5016   3.294405   3.294435     2.5357    -0.1008     0.4264    34.8696 7.1911e+02     218707         11  0.000e+00
    106.793     4.5021     4.5017   3.294379   3.294435     2.5357    -0.1008     0.4264    34.8699 7.1911e+02     218708         11  0.000e+00
    106.777     4.5020     4.5011   3.294379   3.294405     2.5357    -0.1008     0.4264    34.8700 7.1911e+02     218709         11  0.000e+00
      5.070     5.9358     5.9356   3.418807   3.418880     2.7133     0.7393     0.5143    34.8626 6.9889e+02     230505         12  0.000e+00
      5.134     5.9358     5.9354   3.418794   3.418850     2.7133     0.7393     0.5143    34.8624 6.9889e+02     230506         12  0.000e+00
      4.950     5.9358     5.9354   3.418813   3.418880     2.7133     0.7588     0.5143    34.8627 7.0113e+02     230507         12  0.000e+00
      5.070     5.9356     5.9354   3.418800   3.418850     2.7133     0.7784     0.5192    34.8626 6.9889e+02     230508         12  0.000e+00
      4.950     5.9358     5.9354   3.418794   3.418880     2.7133     0.7784     0.5192    34.8625 6.9889e+02     230509         12  0.000e+00
      4.950     5.9358     5.9356   3.418813   3.418880     2.7121     0.7784     0.5192    34.8627 6.9889e+02     230510         12  0.000e+00
      5.070     5.9360     5.9354   3.418845   3.418880     2.7133     0.7784     0.5192    34.8628 6.9889e+02     230511         12  0.000e+00
      5.014     5.9359     5.9353   3.418813   3.418880     2.7133     0.7784     0.5192    34.8625 6.9889e+02     230512         12  0.000e+00
      5.014     5.9356     5.9354   3.418813   3.418850     2.7133     0.7784     0.5192    34.8628 6.9889e+02     230513         12  0.000e+00
      4.950     5.9358     5.9352   3.418781   3.418819     2.7133     0.7784     0.5192    34.8623 7.0113e+02     230514         12  0.000e+00
      4.949     5.9356     5.9354   3.418781   3.418819     2.7133     0.7784     0.5192    34.8625 7.0113e+02     230515         12  0.000e+00
      5.014     5.9356     5.9353   3.418794   3.418850     2.7133     0.7784     0.5192    34.8626 7.0113e+02     230516         12  0.000e+00
      4.893     5.9353     5.9354   3.418794   3.418850     2.7133     0.7784     0.5192    34.8630 7.0113e+02     230517         12  0.000e+00
      4.949     5.9356     5.9352   3.418775   3.418880     2.7133     0.7784     0.5192    34.8624 6.9889e+02     230518         12  0.000e+00
      4.893     5.9356     5.9354   3.418762   3.418850     2.7133     0.7784     0.5192    34.8623 6.9889e+02     230519         12  0.000e+00
      5.014     5.9353     5.9353   3.418743   3.418850     2.7133     0.7784     0.5192    34.8623 6.9889e+02     230520         12  0.000e+00
