Ship_data/Irminger/Irminger-5/ctd/process/ar30-03020.ros
* Sea-Bird SBE 9 Data File:
* FileName = D:\Data\ar30-03020.hdr
* Software Version Seasave V 7.23.2
* Temperature SN = 4312
* Conductivity SN = 2148
* Number of Bytes Per Scan = 44
* Number of Voltage Words = 5
* Number of Scans Averaged by the Deck Unit = 1
* NMEA Latitude = 59 48.34 N
* NMEA Longitude = 040 16.94 W
* NMEA UTC (Time) = Jun 19 2018  11:50:34
** Cruise ID: ar30-03
** Chief Sci: Macdonald
** Station #: 020
** Site ID: Irminger 5 OSNAP M3
** Cast at OSNAP mooring M3
# nquan = 13
# nvalues = 735                                   
# units = specified
# name 0 = prDM: Pressure, Digiquartz [db]
# name 1 = t090C: Temperature [ITS-90, deg C]
# name 2 = t190C: Temperature, 2 [ITS-90, deg C]
# name 3 = c0S/m: Conductivity [S/m]
# name 4 = c1S/m: Conductivity, 2 [S/m]
# name 5 = sbeox0V: Oxygen raw, SBE 43 [V]
# name 6 = flECO-AFL: Fluorescence, WET Labs ECO-AFL/FL [mg/m^3]
# name 7 = turbWETntu0: Turbidity, WET Labs ECO [NTU]
# name 8 = sal00: Salinity, Practical [PSU]
# name 9 = spar: SPAR/Surface Irradiance
# name 10 = scan: Scan Count
# name 11 = nbf: Bottles Fired
# name 12 = flag:  0.000e+00
# interval = seconds: 0.0416667
# start_time = Jun 19 2018 11:50:34 [System UTC, first data scan.]
# bad_flag = -9.990e-29
*END*
[from data line 556]
     50.077     4.8869     4.8961   3.326966   3.327870     2.5595     0.3290     0.4459    34.8762 7.2136e+02     163338         12  0.000e+00
     50.077     4.8872     4.8965   3.326972   3.327948     2.5595     0.3290     0.4459    34.8760 7.2136e+02     163339         12  0.000e+00
     50.021     4.8872     4.8971   3.327011   3.327978     2.5595     0.3290     0.4459    34.8764 7.2136e+02     163340         12  0.000e+00
     50.021     4.8879     4.8978   3.327017   3.328008     2.5595     0.3290     0.4459    34.8757 7.2136e+02     163341         12  0.000e+00
     49.957     4.8877     4.8980   3.327080   3.328050     2.5595     0.3290     0.4459    34.8767 7.2136e+02     163342         12  0.000e+00
     50.021     4.8875     4.8979   3.327125   3.328068     2.5595     0.3290     0.4459    34.8774 7.2136e+02     163343         12  0.000e+00
     49.925     4.8878     4.8974   3.327112   3.328128     2.5595     0.3095     0.4508    34.8770 7.2361e+02     163344         12  0.000e+00
     49.901     4.8884     4.8982   3.327131   3.328128     2.5595     0.3095     0.4508    34.8767 7.2136e+02     163345         12  0.000e+00
     49.901     4.8886     4.8986   3.327137   3.328140     2.5595     0.3095     0.4508    34.8765 7.2361e+02     163346         12  0.000e+00
     49.901     4.8892     4.8988   3.327201   3.328158     2.5595     0.3095     0.4508    34.8766 7.2361e+02     163347         12  0.000e+00
     49.901     4.8896     4.8993   3.327245   3.328218     2.5595     0.3095     0.4508    34.8767 7.2136e+02     163348         12  0.000e+00
     49.837     4.8899     4.8996   3.327252   3.328218     2.5595     0.3095     0.4508    34.8765 7.2361e+02     163349         12  0.000e+00
     49.837     4.8901     4.8993   3.327258   3.328290     2.5595     0.3095     0.4508    34.8764 7.2361e+02     163350         12  0.000e+00
     49.780     4.8906     4.8993   3.327302   3.328188     2.5595     0.3095     0.4508    34.8763 7.2361e+02     163351         12  0.000e+00
     49.869     4.8910     4.8993   3.327334   3.328218     2.5595     0.3095     0.4508    34.8762 7.2361e+02     163352         12  0.000e+00
     49.724     4.8915     4.8993   3.327366   3.328218     2.5595     0.3095     0.4508    34.8762 7.2361e+02     163353         12  0.000e+00
     49.780     4.8917     4.8993   3.327379   3.328230     2.5595     0.3095     0.4508    34.8761 7.2361e+02     163354         12  0.000e+00
     49.780     4.8916     4.8994   3.327360   3.328158     2.5595     0.3095     0.4508    34.8760 7.2361e+02     163355         12  0.000e+00
     49.724     4.8910     4.8994   3.327366   3.328218     2.5595     0.3095     0.4508    34.8767 7.2361e+02     163356         12  0.000e+00
     49.724     4.8910     4.8996   3.327379   3.328260     2.5595     0.3095     0.4508    34.8768 7.2361e+02     163357         12  0.000e+00
     49.660     4.8910     4.8994   3.327398   3.328218     2.5595     0.3095     0.4508    34.8771 7.2361e+02     163358         12  0.000e+00
     49.692     4.8910     4.8993   3.327429   3.328218     2.5595     0.3095     0.4508    34.8774 7.2361e+02     163359         12  0.000e+00
     49.660     4.8913     4.8993   3.327442   3.328218     2.5595     0.3095     0.4508    34.8773 7.2361e+02     163360         12  0.000e+00
     49.660     4.8915     4.8993   3.327455   3.328200     2.5595     0.3095     0.4508    34.8772 7.2361e+02     163361         12  0.000e+00
     49.604     4.8918     4.8991   3.327487   3.328218     2.5595     0.2900     0.4508    34.8774 7.2361e+02     163362         12  0.000e+00
     49.660     4.8925     4.8991   3.327499   3.328218     2.5595     0.3095     0.4508    34.8767 7.2361e+02     163363         12  0.000e+00
     49.604     4.8926     4.8990   3.327499   3.328188     2.5595     0.2900     0.4508    34.8766 7.2361e+02     163364         12  0.000e+00
     49.604     4.8926     4.8990   3.327518   3.328200     2.5595     0.3095     0.4508    34.8768 7.2585e+02     163365         12  0.000e+00
     49.604     4.8926     4.8990   3.327506   3.328218     2.5595     0.3095     0.4508    34.8767 7.2585e+02     163366         12  0.000e+00
     49.572     4.8930     4.8991   3.327563   3.328218     2.5595     0.3095     0.4508    34.8770 7.2585e+02     163367         12  0.000e+00
     49.548     4.8928     4.8990   3.327614   3.328218     2.5595     0.3290     0.4459    34.8778 7.2585e+02     163368         12  0.000e+00
     49.548     4.8933     4.8991   3.327626   3.328200     2.5595     0.3290     0.4459    34.8775 7.2585e+02     163369         12  0.000e+00
     30.123     5.0492     5.0561   3.340262   3.341204     2.6063     1.3644     0.5338    34.8711 7.4833e+02     166337         13  0.000e+00
     30.051     5.0491     5.0533   3.340294   3.341144     2.6063     1.3644     0.5338    34.8715 7.4833e+02     166338         13  0.000e+00
     30.107     5.0492     5.0521   3.340307   3.340807     2.6063     1.3644     0.5338    34.8716 7.4833e+02     166339         13  0.000e+00
     29.987     5.0490     5.0516   3.340313   3.340656     2.6063     1.3644     0.5338    34.8719 7.4833e+02     166340         13  0.000e+00
     30.356     5.0492     5.0512   3.340320   3.340566     2.6063     1.3644     0.5338    34.8716 7.4833e+02     166341         13  0.000e+00
     30.107     5.0490     5.0510   3.340301   3.340596     2.6063     1.3644     0.5338    34.8717 7.4833e+02     166342         13  0.000e+00
     30.163     5.0492     5.0501   3.340313   3.340626     2.6063     1.3644     0.5338    34.8717 7.4833e+02     166343         13  0.000e+00
     30.228     5.0495     5.0495   3.340326   3.340596     2.6063     1.3644     0.5338    34.8714 7.4833e+02     166344         13  0.000e+00
     30.179     5.0495     5.0493   3.340320   3.340536     2.6063     1.3644     0.5338    34.8714 7.4833e+02     166345         13  0.000e+00
     30.163     5.0498     5.0488   3.340371   3.340506     2.6063     1.3644     0.5338    34.8716 7.4833e+02     166346         13  0.000e+00
     30.228     5.0498     5.0486   3.340383   3.340476     2.6063     1.3644     0.5338    34.8717 7.4833e+02     166347         13  0.000e+00
     30.244     5.0500     5.0485   3.340383   3.340446     2.6063     1.3254     0.5289    34.8716 7.4833e+02     166348         13  0.000e+00
     30.228     5.0495     5.0486   3.340339   3.340446     2.6063     1.2277     0.5240    34.8716 7.4833e+02     166349         13  0.000e+00
     30.228     5.0492     5.0483   3.340307   3.340416     2.6063     1.2081     0.5192    34.8715 7.4833e+02     166350         13  0.000e+00
     30.284     5.0490     5.0485   3.340250   3.340416     2.6063     1.2081     0.5192    34.8710 7.4833e+02     166351         13  0.000e+00
     30.300     5.0485     5.0489   3.340231   3.340416     2.6063     1.2081     0.5192    34.8713 7.4608e+02     166352         13  0.000e+00
     30.284     5.0480     5.0492   3.340237   3.340416     2.6063     1.2081     0.5192    34.8719 7.4833e+02     166353         13  0.000e+00
     30.228     5.0480     5.0493   3.340193   3.340476     2.6063     1.2081     0.5192    34.8714 7.4608e+02     166354         13  0.000e+00
     30.340     5.0477     5.0489   3.340193   3.340476     2.6063     1.2081     0.5192    34.8717 7.4608e+02     166355         13  0.000e+00
     30.300     5.0479     5.0488   3.340199   3.340476     2.6063     1.2081     0.5192    34.8716 7.4833e+02     166356         13  0.000e+00
     30.340     5.0479     5.0486   3.340186   3.340446     2.6075     1.2081     0.5192    34.8714 7.4833e+02     166357         13  0.000e+00
     30.284     5.0477     5.0483   3.340218   3.340386     2.6063     1.2081     0.5192    34.8720 7.4833e+02     166358         13  0.000e+00
     30.340     5.0477     5.0480   3.340174   3.340416     2.6063     1.2081     0.5192    34.8715 7.4608e+02     166359         13  0.000e+00
     30.356     5.0477     5.0478   3.340161   3.340355     2.6063     1.2081     0.5192    34.8713 7.4608e+02     166360         13  0.000e+00
     30.340     5.0479     5.0475   3.340174   3.340386     2.6063     1.2081     0.5192    34.8713 7.4833e+02     166361         13  0.000e+00
     30.340     5.0479     5.0476   3.340218   3.340355     2.6063     1.2081     0.5192    34.8718 7.4833e+02     166362         13  0.000e+00
     30.404     5.0477     5.0474   3.340212   3.340295     2.6063     1.2081     0.5192    34.8719 7.4833e+02     166363         13  0.000e+00
     30.356     5.0478     5.0472   3.340224   3.340325     2.6063     1.2081     0.5192    34.8719 7.4608e+02     166364         13  0.000e+00
     30.404     5.0479     5.0473   3.340193   3.340235     2.6063     1.2081     0.5192    34.8715 7.4833e+02     166365         13  0.000e+00
     30.340     5.0479     5.0472   3.340193   3.340355     2.6063     1.2081     0.5192    34.8715 7.4608e+02     166366         13  0.000e+00
     30.404     5.0482     5.0473   3.340199   3.340325     2.6075     1.2081     0.5192    34.8712 7.4833e+02     166367         13  0.000e+00
     30.420     5.0483     5.0474   3.340224   3.340295     2.6063     1.2081     0.5192    34.8714 7.4608e+02     166368         13  0.000e+00
     30.404     5.0483     5.0475   3.340231   3.340295     2.6063     1.2081     0.5192    34.8714 7.4833e+02     166369         13  0.000e+00
     30.404     5.0483     5.0475   3.340237   3.340295     2.6075     1.2081     0.5192    34.8715 7.4608e+02     166370         13  0.000e+00
     30.300     5.0483     5.0475   3.340212   3.340325     2.6063     1.2081     0.5192    34.8713 7.4608e+02     166371         13  0.000e+00
     30.516     5.0483     5.0478   3.340224   3.340325     2.6063     1.2081     0.5192    34.8713 7.4833e+02     166372         13  0.000e+00
     30.404     5.0482     5.0477   3.340212   3.340386     2.6063     1.2277     0.5143    34.8714 7.4833e+02     166373         13  0.000e+00
     30.460     5.0483     5.0478   3.340224   3.340289     2.6063     1.2277     0.5143    34.8713 7.4833e+02     166374         13  0.000e+00
     30.420     5.0479     5.0481   3.340237   3.340355     2.6063     1.2277     0.5143    34.8720 7.4833e+02     166375         13  0.000e+00
     30.404     5.0482     5.0480   3.340212   3.340355     2.6075     1.2277     0.5143    34.8714 7.4833e+02     166376         13  0.000e+00
     30.460     5.0482     5.0480   3.340224   3.340355     2.6075     1.2277     0.5143    34.8715 7.4833e+02     166377         13  0.000e+00
     30.404     5.0485     5.0478   3.340231   3.340355     2.6075     1.2277     0.5143    34.8712 7.4608e+02     166378         13  0.000e+00
     30.420     5.0485     5.0477   3.340212   3.340355     2.6075     1.2277     0.5143    34.8710 7.4833e+02     166379         13  0.000e+00
     30.404     5.0485     5.0478   3.340224   3.340295     2.6063     1.2277     0.5143    34.8711 7.4833e+02     166380         13  0.000e+00
     30.404     5.0485     5.0477   3.340237   3.340355     2.6063     1.2277     0.5143    34.8713 7.4833e+02     166381         13  0.000e+00
     30.404     5.0485     5.0477   3.340237   3.340355     2.6063     1.2277     0.5143    34.8713 7.4833e+02     166382         13  0.000e+00
     30.420     5.0483     5.0476   3.340231   3.340295     2.6063     1.2277     0.5143    34.8714 7.4833e+02     166383         13  0.000e+00
     30.460     5.0485     5.0477   3.340237   3.340355     2.6075     1.2277     0.5143    34.8713 7.4833e+02     166384         13  0.000e+00
     30.404     5.0487     5.0475   3.340282   3.340295     2.6075     1.2277     0.5143    34.8716 7.4833e+02     166385         13  0.000e+00
     14.519     5.9549     5.9515   3.420163   3.419965     2.7474     4.1385     0.6803    34.8533 7.6406e+02     168550         14  0.000e+00
     14.583     5.9549     5.9513   3.420163   3.419995     2.7474     4.1385     0.6803    34.8533 7.6406e+02     168551         14  0.000e+00
     14.463     5.9547     5.9511   3.420131   3.419965     2.7474     4.1385     0.6803    34.8531 7.6406e+02     168552         14  0.000e+00
     14.648     5.9550     5.9509   3.420125   3.419995     2.7474     4.1385     0.6803    34.8527 7.6406e+02     168553         14  0.000e+00
     14.583     5.9549     5.9505   3.420196   3.419934     2.7474     4.1190     0.6852    34.8537 7.6406e+02     168554         14  0.000e+00
     14.583     5.9549     5.9502   3.420170   3.419904     2.7474     3.9627     0.6901    34.8534 7.6406e+02     168555         14  0.000e+00
     14.648     5.9547     5.9501   3.420151   3.419867     2.7474     3.9041     0.6999    34.8533 7.6630e+02     168556         14  0.000e+00
     14.640     5.9547     5.9511   3.420157   3.419867     2.7487     3.8846     0.6950    34.8533 7.6630e+02     168557         14  0.000e+00
     14.583     5.9545     5.9523   3.420131   3.419904     2.7474     3.9041     0.6950    34.8533 7.6406e+02     168558         14  0.000e+00
     14.463     5.9547     5.9530   3.420170   3.420025     2.7474     3.9041     0.6950    34.8536 7.6406e+02     168559         14  0.000e+00
     14.816     5.9547     5.9531   3.420189   3.420086     2.7474     3.8846     0.6950    34.8536 7.6406e+02     168560         14  0.000e+00
     14.704     5.9550     5.9531   3.420208   3.420147     2.7487     3.9041     0.6950    34.8536 7.6630e+02     168561         14  0.000e+00
     14.639     5.9552     5.9534   3.420215   3.420086     2.7487     3.9041     0.6950    34.8535 7.6630e+02     168562         14  0.000e+00
     14.704     5.9555     5.9531   3.420208   3.420117     2.7487     3.9041     0.6950    34.8531 7.6630e+02     168563         14  0.000e+00
     14.696     5.9557     5.9529   3.420240   3.420147     2.7487     3.9041     0.6950    34.8533 7.6406e+02     168564         14  0.000e+00
     14.704     5.9557     5.9526   3.420247   3.420117     2.7487     3.9041     0.6950    34.8533 7.6630e+02     168565         14  0.000e+00
     14.704     5.9560     5.9528   3.420292   3.420056     2.7487     3.9041     0.6950    34.8535 7.6630e+02     168566         14  0.000e+00
     14.760     5.9562     5.9526   3.420311   3.420086     2.7487     3.9041     0.6950    34.8535 7.6630e+02     168567         14  0.000e+00
     14.760     5.9563     5.9528   3.420356   3.420086     2.7487     3.9041     0.6950    34.8539 7.6630e+02     168568         14  0.000e+00
     14.696     5.9565     5.9530   3.420324   3.420056     2.7487     3.9041     0.6950    34.8534 7.6630e+02     168569         14  0.000e+00
     14.760     5.9565     5.9528   3.420343   3.420056     2.7486     3.9041     0.6950    34.8536 7.6630e+02     168570         14  0.000e+00
     14.816     5.9565     5.9532   3.420324   3.420117     2.7486     3.9041     0.6950    34.8533 7.6406e+02     168571         14  0.000e+00
     14.760     5.9566     5.9531   3.420330   3.420117     2.7486     3.8846     0.6950    34.8533 7.6406e+02     168572         14  0.000e+00
     14.824     5.9566     5.9536   3.420337   3.420177     2.7486     3.9041     0.6950    34.8533 7.6630e+02     168573         14  0.000e+00
     14.760     5.9565     5.9536   3.420317   3.420117     2.7486     3.9041     0.6950    34.8533 7.6630e+02     168574         14  0.000e+00
     14.824     5.9566     5.9537   3.420343   3.420177     2.7486     3.9041     0.6950    34.8534 7.6630e+02     168575         14  0.000e+00
     14.816     5.9563     5.9538   3.420324   3.420177     2.7486     3.9041     0.6950    34.8535 7.6630e+02     168576         14  0.000e+00
     14.880     5.9562     5.9537   3.420285   3.420238     2.7486     3.9041     0.6950    34.8532 7.6630e+02     168577         14  0.000e+00
     14.816     5.9563     5.9537   3.420279   3.420177     2.7486     3.9041     0.6950    34.8530 7.6630e+02     168578         14  0.000e+00
