Ship_data/Irminger/Irminger-5/ctd/process/ar30-03008.ros
* Sea-Bird SBE 9 Data File:
* FileName = D:\Data\ar30-03008.hdr
* Software Version Seasave V 7.23.2
* Temperature SN = 4312
* Conductivity SN = 2148
* Number of Bytes Per Scan = 44
* Number of Voltage Words = 5
* Number of Scans Averaged by the Deck Unit = 1
* NMEA Latitude = 59 43.05 N
* NMEA Longitude = 039 20.61 W
* NMEA UTC (Time) = Jun 11 2018  15:14:36
** Cruise ID: ar30-03
** Chief Sci: Macdonald
** Station #: 008
** Site ID: Irminger 5 FLMB
** ctd cast at FLMB with bottom release testing
# nquan = 13
# nvalues = 147                                   
# units = specified
# name 0 = prDM: Pressure, Digiquartz [db]
# name 1 = t090C: Temperature [ITS-90, deg C]
# name 2 = t190C: Temperature, 2 [ITS-90, deg C]
# name 3 = c0S/m: Conductivity [S/m]
# name 4 = c1S/m: Conductivity, 2 [S/m]
# name 5 = sbeox0V: Oxygen raw, SBE 43 [V]
# name 6 = flECO-AFL: Fluorescence, WET Labs ECO-AFL/FL [mg/m^3]
# name 7 = turbWETntu0: Turbidity, WET Labs ECO [NTU]
# name 8 = sal00: Salinity, Practical [PSU]
# name 9 = spar: SPAR/Surface Irradiance
# name 10 = scan: Scan Count
# name 11 = nbf: Bottles Fired
# name 12 = flag:  0.000e+00
# interval = seconds: 0.0416667
# start_time = Jun 11 2018 15:14:36 [System UTC, first data scan.]
# bad_flag = -9.990e-29
*END*
[from data line 112]
   1821.905     3.4683     3.4685   3.279580   3.279566     1.9283    -0.3938     0.3629    34.9097 7.0338e+02     130887          3  0.000e+00
   1821.888     3.4681     3.4684   3.279567   3.279614     1.9283    -0.3743     0.3629    34.9098 7.0563e+02     130888          3  0.000e+00
   1821.888     3.4679     3.4685   3.279561   3.279596     1.9283    -0.3938     0.3629    34.9099 7.0563e+02     130889          3  0.000e+00
   1821.905     3.4678     3.4684   3.279542   3.279614     1.9283    -0.3938     0.3629    34.9098 7.0563e+02     130890          3  0.000e+00
   1821.888     3.4681     3.4685   3.279548   3.279596     1.9283    -0.3938     0.3629    34.9095 7.0563e+02     130891          3  0.000e+00
   1821.905     3.4680     3.4685   3.279561   3.279626     1.9283    -0.3938     0.3629    34.9098 7.0563e+02     130892          3  0.000e+00
   1821.888     3.4680     3.4686   3.279561   3.279614     1.9283    -0.3938     0.3629    34.9099 7.0563e+02     130893          3  0.000e+00
   1821.905     3.4680     3.4685   3.279561   3.279596     1.9283    -0.3938     0.3629    34.9098 7.0563e+02     130894          3  0.000e+00
   1821.888     3.4680     3.4684   3.279580   3.279614     1.9283    -0.3938     0.3629    34.9101 7.0563e+02     130895          3  0.000e+00
   1821.946     3.4681     3.4685   3.279567   3.279566     1.9283    -0.3938     0.3629    34.9097 7.0788e+02     130896          3  0.000e+00
   1821.905     3.4680     3.4685   3.279561   3.279614     1.9283    -0.3938     0.3629    34.9098 7.0563e+02     130897          3  0.000e+00
   1822.012     3.4681     3.4684   3.279599   3.279626     1.9283    -0.3743     0.3629    34.9101 7.0563e+02     130898          3  0.000e+00
   1821.971     3.4680     3.4682   3.279580   3.279566     1.9283    -0.3743     0.3629    34.9100 7.0563e+02     130899          3  0.000e+00
   1821.946     3.4680     3.4686   3.279561   3.279584     1.9283    -0.3743     0.3629    34.9098 7.0788e+02     130900          3  0.000e+00
   1822.012     3.4681     3.4684   3.279580   3.279596     1.9283    -0.3743     0.3629    34.9099 7.0563e+02     130901          3  0.000e+00
   1821.971     3.4678     3.4682   3.279567   3.279614     1.9283    -0.3743     0.3629    34.9101 7.0563e+02     130902          3  0.000e+00
   1821.946     3.4681     3.4682   3.279580   3.279566     1.9283    -0.3743     0.3629    34.9099 7.0563e+02     130903          3  0.000e+00
   1822.029     3.4678     3.4682   3.279548   3.279596     1.9283    -0.3743     0.3629    34.9098 7.0563e+02     130904          3  0.000e+00
   1822.070     3.4681     3.4684   3.279567   3.279584     1.9295    -0.3743     0.3629    34.9097 7.0563e+02     130905          3  0.000e+00
   1821.971     3.4680     3.4682   3.279567   3.279596     1.9295    -0.3743     0.3629    34.9099 7.0563e+02     130906          3  0.000e+00
   1822.136     3.4679     3.4682   3.279561   3.279614     1.9295    -0.3743     0.3629    34.9098 7.0563e+02     130907          3  0.000e+00
   1822.136     3.4680     3.4682   3.279580   3.279626     1.9283    -0.3743     0.3629    34.9100 7.0563e+02     130908          3  0.000e+00
   1822.095     3.4680     3.4684   3.279586   3.279596     1.9283    -0.3743     0.3629    34.9101 7.0563e+02     130909          3  0.000e+00
   1822.194     3.4678     3.4682   3.279586   3.279614     1.9283    -0.3743     0.3629    34.9102 7.0788e+02     130910          3  0.000e+00
   1822.153     3.4680     3.4682   3.279586   3.279596     1.9283    -0.3743     0.3629    34.9100 7.0788e+02     130911          3  0.000e+00
   1822.260     3.4677     3.4681   3.279580   3.279614     1.9283    -0.3743     0.3629    34.9102 7.0788e+02     130912          3  0.000e+00
   1822.194     3.4678     3.4680   3.279567   3.279596     1.9283    -0.3743     0.3629    34.9099 7.0563e+02     130913          3  0.000e+00
   1822.285     3.4678     3.4682   3.279599   3.279626     1.9283    -0.3743     0.3629    34.9103 7.0563e+02     130914          3  0.000e+00
   1822.318     3.4680     3.4681   3.279580   3.279554     1.9283    -0.3743     0.3629    34.9099 7.0563e+02     130915          3  0.000e+00
   1822.343     3.4681     3.4680   3.279580   3.279626     1.9283    -0.3743     0.3629    34.9097 7.0563e+02     130916          3  0.000e+00
   1822.318     3.4678     3.4681   3.279605   3.279614     1.9295    -0.3743     0.3678    34.9103 7.0563e+02     130917          3  0.000e+00
   1822.450     3.4681     3.4682   3.279599   3.279596     1.9295    -0.3743     0.3678    34.9099 7.0563e+02     130918          3  0.000e+00
   1822.409     3.4678     3.4679   3.279586   3.279584     1.9283    -0.3743     0.3629    34.9101 7.0563e+02     130919          3  0.000e+00
   1822.508     3.4678     3.4681   3.279586   3.279596     1.9283    -0.3743     0.3629    34.9100 7.0788e+02     130920          3  0.000e+00
   1822.533     3.4677     3.4680   3.279586   3.279626     1.9283    -0.3743     0.3629    34.9102 7.0563e+02     130921          3  0.000e+00
