Ship_data/Irminger/Irminger-5/ctd/process/ar30-03003.ros
* Sea-Bird SBE 9 Data File:
* FileName = D:\Data\ar30-03003.hdr
* Software Version Seasave V 7.23.2
* Temperature SN = 4230
* Conductivity SN = 2148
* Number of Bytes Per Scan = 44
* Number of Voltage Words = 5
* Number of Scans Averaged by the Deck Unit = 1
* NMEA Latitude = 60 53.48 N
* NMEA Longitude = 035 21.66 W
* NMEA UTC (Time) = Jun 07 2018  08:19:03
** Cruise ID: ar30-03
** Chief Sci: Macdonald
** Station #: 003
** Site ID: Irminger 5 OSNAP caldip
** 14 microcats attached to ctd
# nquan = 13
# nvalues = 833                                   
# units = specified
# name 0 = prDM: Pressure, Digiquartz [db]
# name 1 = t090C: Temperature [ITS-90, deg C]
# name 2 = t190C: Temperature, 2 [ITS-90, deg C]
# name 3 = c0S/m: Conductivity [S/m]
# name 4 = c1S/m: Conductivity, 2 [S/m]
# name 5 = sbeox0V: Oxygen raw, SBE 43 [V]
# name 6 = flECO-AFL: Fluorescence, WET Labs ECO-AFL/FL [mg/m^3]
# name 7 = turbWETntu0: Turbidity, WET Labs ECO [NTU]
# name 8 = sal00: Salinity, Practical [PSU]
# name 9 = spar: SPAR/Surface Irradiance
# name 10 = scan: Scan Count
# name 11 = nbf: Bottles Fired
# name 12 = flag:  0.000e+00
# interval = seconds: 0.0416667
# start_time = Jun 07 2018 08:19:03 [System UTC, first data scan.]
# bad_flag = -9.990e-29
*END*
[from data line 445]
    205.362     4.0483     4.0486   3.259838   3.259884     2.4094    -0.3352     0.3922    34.8894 7.3934e+02     241942         10  0.000e+00
    205.297     4.0482     4.0484   3.259838   3.259884     2.4094    -0.3547     0.3922    34.8896 7.3934e+02     241943         10  0.000e+00
    205.273     4.0483     4.0484   3.259851   3.259855     2.4094    -0.3547     0.3922    34.8896 7.3709e+02     241944         10  0.000e+00
    205.297     4.0481     4.0484   3.259806   3.259884     2.4094    -0.3547     0.3873    34.8894 7.3934e+02     241945         10  0.000e+00
    205.297     4.0483     4.0483   3.259813   3.259855     2.4094    -0.3743     0.3873    34.8892 7.3934e+02     241946         10  0.000e+00
    205.362     4.0480     4.0483   3.259863   3.259884     2.4094    -0.3547     0.3922    34.8901 7.3934e+02     241947         10  0.000e+00
    205.337     4.0482     4.0483   3.259838   3.259843     2.4094    -0.3547     0.3922    34.8896 7.3934e+02     241948         10  0.000e+00
    205.297     4.0482     4.0483   3.259825   3.259855     2.4094    -0.3743     0.3922    34.8895 7.3934e+02     241949         10  0.000e+00
    205.297     4.0482     4.0481   3.259844   3.259825     2.4094    -0.3547     0.3922    34.8897 7.3934e+02     241950         10  0.000e+00
    205.273     4.0483     4.0481   3.259851   3.259855     2.4094    -0.3547     0.3873    34.8896 7.3934e+02     241951         10  0.000e+00
    205.362     4.0483     4.0483   3.259825   3.259884     2.4094    -0.3547     0.3873    34.8893 7.3934e+02     241952         10  0.000e+00
    205.297     4.0483     4.0483   3.259819   3.259884     2.4094    -0.3547     0.3873    34.8892 7.3934e+02     241953         10  0.000e+00
    205.297     4.0482     4.0481   3.259825   3.259825     2.4106    -0.3547     0.3922    34.8895 7.3934e+02     241954         10  0.000e+00
    205.337     4.0480     4.0483   3.259819   3.259855     2.4094    -0.3743     0.3873    34.8896 7.3934e+02     241955         10  0.000e+00
    205.362     4.0482     4.0484   3.259825   3.259855     2.4094    -0.3547     0.3873    34.8894 7.3934e+02     241956         10  0.000e+00
    205.297     4.0482     4.0483   3.259844   3.259843     2.4094    -0.3743     0.3873    34.8897 7.3934e+02     241957         10  0.000e+00
    205.337     4.0480     4.0483   3.259832   3.259855     2.4094    -0.3547     0.3922    34.8897 7.3934e+02     241958         10  0.000e+00
    205.362     4.0479     4.0484   3.259844   3.259914     2.4094    -0.3743     0.3873    34.8900 7.3709e+02     241959         10  0.000e+00
    205.362     4.0482     4.0484   3.259851   3.259914     2.4094    -0.3547     0.3873    34.8897 7.3934e+02     241960         10  0.000e+00
    205.362     4.0481     4.0484   3.259876   3.259884     2.4106    -0.3547     0.3922    34.8902 7.3934e+02     241961         10  0.000e+00
    205.394     4.0482     4.0486   3.259857   3.259884     2.4106    -0.3547     0.3922    34.8898 7.3934e+02     241962         10  0.000e+00
    205.418     4.0480     4.0484   3.259832   3.259884     2.4094    -0.3547     0.3922    34.8897 7.3709e+02     241963         10  0.000e+00
    205.362     4.0480     4.0484   3.259825   3.259884     2.4094    -0.3547     0.3922    34.8896 7.3709e+02     241964         10  0.000e+00
    205.450     4.0482     4.0486   3.259844   3.259902     2.4094    -0.3547     0.3873    34.8896 7.3709e+02     241965         10  0.000e+00
    205.418     4.0479     4.0483   3.259851   3.259914     2.4094    -0.3547     0.3922    34.8900 7.3934e+02     241966         10  0.000e+00
    205.418     4.0482     4.0484   3.259813   3.259914     2.4094    -0.3743     0.3873    34.8893 7.3934e+02     241967         10  0.000e+00
    205.474     4.0482     4.0484   3.259813   3.259914     2.4094    -0.3547     0.3873    34.8892 7.3709e+02     241968         10  0.000e+00
    205.450     4.0483     4.0483   3.259807   3.259914     2.4094    -0.3547     0.3873    34.8890 7.3709e+02     241969         10  0.000e+00
    205.474     4.0480     4.0484   3.259813   3.259914     2.4094    -0.3352     0.3873    34.8894 7.3934e+02     241970         10  0.000e+00
    205.474     4.0479     4.0484   3.259857   3.259855     2.4094    -0.3352     0.3922    34.8900 7.3709e+02     241971         10  0.000e+00
    205.571     4.0482     4.0484   3.259838   3.259885     2.4094    -0.3352     0.3873    34.8895 7.3709e+02     241972         10  0.000e+00
    205.474     4.0480     4.0481   3.259800   3.259914     2.4094    -0.3352     0.3922    34.8893 7.3709e+02     241973         10  0.000e+00
    205.595     4.0479     4.0476   3.259813   3.259902     2.4106    -0.3352     0.3922    34.8895 7.3709e+02     241974         10  0.000e+00
    205.538     4.0480     4.0476   3.259800   3.259855     2.4094    -0.3352     0.3922    34.8892 7.3709e+02     241975         10  0.000e+00
    205.571     4.0481     4.0476   3.259838   3.259855     2.4094    -0.3547     0.3873    34.8896 7.3709e+02     241976         10  0.000e+00
    205.595     4.0479     4.0478   3.259832   3.259825     2.4094    -0.3352     0.3922    34.8897 7.3709e+02     241977         10  0.000e+00
    205.651     4.0480     4.0481   3.259819   3.259855     2.4094    -0.3352     0.3922    34.8894 7.3709e+02     241978         10  0.000e+00
    205.627     4.0480     4.0480   3.259825   3.259885     2.4094    -0.3352     0.3922    34.8895 7.3709e+02     241979         10  0.000e+00
    205.651     4.0480     4.0480   3.259844   3.259855     2.4094    -0.3547     0.3873    34.8897 7.3709e+02     241980         10  0.000e+00
    205.651     4.0482     4.0483   3.259832   3.259885     2.4106    -0.3352     0.3922    34.8893 7.3934e+02     241981         10  0.000e+00
    205.538     4.0482     4.0483   3.259844   3.259885     2.4094    -0.3352     0.3922    34.8896 7.3709e+02     241982         10  0.000e+00
    205.868     4.0482     4.0483   3.259851   3.259903     2.4094    -0.3352     0.3922    34.8895 7.3709e+02     241983         10  0.000e+00
    205.715     4.0480     4.0481   3.259851   3.259855     2.4094    -0.3352     0.3922    34.8897 7.3709e+02     241984         10  0.000e+00
    205.772     4.0480     4.0481   3.259832   3.259914     2.4094    -0.3547     0.3873    34.8895 7.3709e+02     241985         10  0.000e+00
    205.812     4.0482     4.0481   3.259870   3.259885     2.4094    -0.3352     0.3922    34.8897 7.3709e+02     241986         10  0.000e+00
    105.346     4.6915     4.6924   3.313201   3.313264     2.5344    -0.2375     0.4117    34.8916 5.4608e+02     253441         11  0.000e+00
    105.403     4.6918     4.6921   3.313201   3.313270     2.5332    -0.2571     0.4117    34.8912 5.4608e+02     253442         11  0.000e+00
    105.170     4.6916     4.6925   3.313207   3.313270     2.5332    -0.2375     0.4117    34.8916 5.4608e+02     253443         11  0.000e+00
    105.338     4.6917     4.6925   3.313207   3.313294     2.5332    -0.2571     0.4117    34.8914 5.4608e+02     253444         11  0.000e+00
    105.226     4.6916     4.6923   3.313226   3.313300     2.5332    -0.2571     0.4117    34.8917 5.4608e+02     253445         11  0.000e+00
    105.290     4.6916     4.6925   3.313220   3.313300     2.5332    -0.2375     0.4117    34.8916 5.4608e+02     253446         11  0.000e+00
    105.290     4.6916     4.6923   3.313207   3.313264     2.5332    -0.2375     0.4117    34.8915 5.4608e+02     253447         11  0.000e+00
    105.274     4.6918     4.6921   3.313220   3.313300     2.5332    -0.2571     0.4166    34.8915 5.4832e+02     253448         11  0.000e+00
    105.290     4.6915     4.6923   3.313188   3.313300     2.5332    -0.2571     0.4117    34.8914 5.4608e+02     253449         11  0.000e+00
    105.226     4.6916     4.6921   3.313176   3.313294     2.5332    -0.2571     0.4068    34.8912 5.4608e+02     253450         11  0.000e+00
    105.226     4.6918     4.6923   3.313220   3.313270     2.5332    -0.2375     0.4019    34.8915 5.4608e+02     253451         11  0.000e+00
    105.218     4.6915     4.6925   3.313220   3.313300     2.5332    -0.2375     0.4019    34.8918 5.4608e+02     253452         11  0.000e+00
    105.290     4.6918     4.6926   3.313226   3.313294     2.5332    -0.2375     0.4019    34.8915 5.4608e+02     253453         11  0.000e+00
    105.226     4.6918     4.6925   3.313220   3.313270     2.5344    -0.2375     0.4019    34.8915 5.4608e+02     253454         11  0.000e+00
    105.226     4.6916     4.6923   3.313201   3.313270     2.5344    -0.2571     0.4019    34.8915 5.4608e+02     253455         11  0.000e+00
    105.218     4.6919     4.6924   3.313226   3.313324     2.5332    -0.2375     0.4019    34.8914 5.4608e+02     253456         11  0.000e+00
    105.226     4.6919     4.6925   3.313239   3.313330     2.5344    -0.2375     0.4019    34.8916 5.4608e+02     253457         11  0.000e+00
    105.170     4.6921     4.6925   3.313220   3.313270     2.5332    -0.2571     0.4019    34.8912 5.4608e+02     253458         11  0.000e+00
    105.049     4.6918     4.6925   3.313226   3.313324     2.5332    -0.2571     0.4019    34.8917 5.4608e+02     253459         11  0.000e+00
    105.395     4.6918     4.6924   3.313220   3.313270     2.5332    -0.2375     0.4019    34.8914 5.4608e+02     253460         11  0.000e+00
    105.170     4.6919     4.6925   3.313245   3.313300     2.5332    -0.2571     0.4019    34.8917 5.4608e+02     253461         11  0.000e+00
    105.226     4.6918     4.6923   3.313245   3.313294     2.5332    -0.2375     0.4019    34.8918 5.4608e+02     253462         11  0.000e+00
    105.162     4.6916     4.6923   3.313220   3.313300     2.5332    -0.2375     0.4019    34.8917 5.4608e+02     253463         11  0.000e+00
    105.170     4.6916     4.6923   3.313207   3.313270     2.5332    -0.2571     0.4019    34.8916 5.4608e+02     253464         11  0.000e+00
    105.226     4.6915     4.6921   3.313188   3.313294     2.5344    -0.2375     0.4019    34.8914 5.4608e+02     253465         11  0.000e+00
    105.170     4.6916     4.6923   3.313195   3.313270     2.5332    -0.2375     0.4019    34.8914 5.4608e+02     253466         11  0.000e+00
    105.162     4.6915     4.6923   3.313163   3.313300     2.5332    -0.2571     0.4019    34.8912 5.4608e+02     253467         11  0.000e+00
    105.170     4.6915     4.6921   3.313182   3.313294     2.5332    -0.2375     0.4019    34.8914 5.4608e+02     253468         11  0.000e+00
    105.170     4.6915     4.6921   3.313201   3.313240     2.5344    -0.2571     0.4019    34.8916 5.4608e+02     253469         11  0.000e+00
    105.170     4.6912     4.6921   3.313207   3.313270     2.5344    -0.2375     0.4019    34.8920 5.4608e+02     253470         11  0.000e+00
    105.098     4.6915     4.6921   3.313188   3.313264     2.5332    -0.2571     0.4019    34.8915 5.4608e+02     253471         11  0.000e+00
    105.170     4.6913     4.6919   3.313176   3.313270     2.5332    -0.2375     0.4019    34.8915 5.4608e+02     253472         11  0.000e+00
    105.170     4.6912     4.6923   3.313157   3.313300     2.5332    -0.2571     0.4019    34.8915 5.4608e+02     253473         11  0.000e+00
    105.106     4.6913     4.6923   3.313144   3.313294     2.5332    -0.2571     0.4068    34.8912 5.4608e+02     253474         11  0.000e+00
    105.162     4.6915     4.6921   3.313182   3.313270     2.5332    -0.2375     0.4117    34.8914 5.4608e+02     253475         11  0.000e+00
    105.170     4.6914     4.6923   3.313182   3.313300     2.5332    -0.2375     0.4117    34.8915 5.4608e+02     253476         11  0.000e+00
    105.106     4.6913     4.6923   3.313195   3.313324     2.5332    -0.2571     0.4166    34.8918 5.4608e+02     253477         11  0.000e+00
    105.106     4.6913     4.6923   3.313188   3.313330     2.5332    -0.2571     0.4117    34.8917 5.4608e+02     253478         11  0.000e+00
    105.162     4.6915     4.6924   3.313176   3.313240     2.5332    -0.2571     0.4117    34.8914 5.4608e+02     253479         11  0.000e+00
    105.106     4.6916     4.6921   3.313176   3.313264     2.5332    -0.2375     0.4117    34.8912 5.4608e+02     253480         11  0.000e+00
    105.106     4.6918     4.6920   3.313188   3.313300     2.5332    -0.2375     0.4117    34.8911 5.4608e+02     253481         11  0.000e+00
    105.106     4.6915     4.6923   3.313182   3.313330     2.5344    -0.2571     0.4117    34.8915 5.4608e+02     253482         11  0.000e+00
    105.162     4.6916     4.6924   3.313195   3.313294     2.5332    -0.2571     0.4117    34.8914 5.4608e+02     253483         11  0.000e+00
    105.106     4.6915     4.6921   3.313207   3.313240     2.5332    -0.2375     0.4117    34.8918 5.4608e+02     253484         11  0.000e+00
    105.106     4.6916     4.6923   3.313188   3.313240     2.5332    -0.2375     0.4117    34.8914 5.4608e+02     253485         11  0.000e+00
    105.106     4.6914     4.6923   3.313157   3.313264     2.5332    -0.2571     0.4117    34.8913 5.4608e+02     253486         11  0.000e+00
    105.098     4.6916     4.6921   3.313188   3.313300     2.5332    -0.2571     0.4117    34.8914 5.4383e+02     253487         11  0.000e+00
    105.049     4.6912     4.6918   3.313201   3.313300     2.5332    -0.2375     0.4117    34.8920 5.4608e+02     253488         11  0.000e+00
    105.106     4.6915     4.6917   3.313201   3.313234     2.5332    -0.2375     0.4117    34.8917 5.4608e+02     253489         11  0.000e+00
    105.692     4.6919     4.6907   3.313226   3.313180     2.5331    -0.2375     0.4117    34.8912 5.3709e+02     253635         12  0.000e+00
    105.587     4.6919     4.6909   3.313239   3.313180     2.5331    -0.2375     0.4117    34.8914 5.3709e+02     253636         12  0.000e+00
    105.643     4.6920     4.6907   3.313239   3.313174     2.5331    -0.2375     0.4117    34.8913 5.3709e+02     253637         12  0.000e+00
    105.700     4.6918     4.6910   3.313220   3.313150     2.5331    -0.2375     0.4117    34.8913 5.3709e+02     253638         12  0.000e+00
    105.571     4.6918     4.6912   3.313226   3.313180     2.5331    -0.2375     0.4117    34.8914 5.3709e+02     253639         12  0.000e+00
    105.587     4.6918     4.6912   3.313220   3.313204     2.5344    -0.2375     0.4117    34.8913 5.3709e+02     253640         12  0.000e+00
    105.587     4.6918     4.6909   3.313220   3.313180     2.5331    -0.2375     0.4117    34.8913 5.3709e+02     253641         12  0.000e+00
    105.587     4.6918     4.6912   3.313214   3.313150     2.5331    -0.2375     0.4117    34.8912 5.3709e+02     253642         12  0.000e+00
    105.571     4.6918     4.6912   3.313245   3.313174     2.5331    -0.2375     0.4117    34.8916 5.3709e+02     253643         12  0.000e+00
    105.523     4.6918     4.6912   3.313245   3.313180     2.5331    -0.2375     0.4117    34.8916 5.3709e+02     253644         12  0.000e+00
    105.523     4.6919     4.6914   3.313239   3.313210     2.5331    -0.2375     0.4068    34.8914 5.3709e+02     253645         12  0.000e+00
    105.467     4.6918     4.6914   3.313239   3.313234     2.5331    -0.2375     0.4068    34.8916 5.3709e+02     253646         12  0.000e+00
    105.451     4.6920     4.6916   3.313239   3.313210     2.5344    -0.2375     0.4068    34.8914 5.3709e+02     253647         12  0.000e+00
    105.467     4.6918     4.6917   3.313207   3.313210     2.5344    -0.2375     0.4068    34.8912 5.3709e+02     253648         12  0.000e+00
    105.467     4.6921     4.6917   3.313226   3.313234     2.5331    -0.2571     0.4068    34.8911 5.3709e+02     253649         12  0.000e+00
    105.403     4.6918     4.6917   3.313239   3.313240     2.5331    -0.2375     0.4068    34.8916 5.3709e+02     253650         12  0.000e+00
