Ship_data/Irminger/Irminger-5/ctd/process/ar30-03023.ros
* Sea-Bird SBE 9 Data File:
* FileName = D:\Data\ar30-03023.hdr
* Software Version Seasave V 7.23.2
* Temperature SN = 4312
* Conductivity SN = 2148
* Number of Bytes Per Scan = 44
* Number of Voltage Words = 5
* Number of Scans Averaged by the Deck Unit = 1
* NMEA Latitude = 62 03.51 N
* NMEA Longitude = 032 13.91 W
* NMEA UTC (Time) = Jun 22 2018  20:07:00
** Cruise ID: ar30-03
** Chief Sci: Macdonald
** Station #: 023
** Site ID: Irminger 5 CL2
# nquan = 13
# nvalues = 294                                   
# units = specified
# name 0 = prDM: Pressure, Digiquartz [db]
# name 1 = t090C: Temperature [ITS-90, deg C]
# name 2 = t190C: Temperature, 2 [ITS-90, deg C]
# name 3 = c0S/m: Conductivity [S/m]
# name 4 = c1S/m: Conductivity, 2 [S/m]
# name 5 = sbeox0V: Oxygen raw, SBE 43 [V]
# name 6 = flECO-AFL: Fluorescence, WET Labs ECO-AFL/FL [mg/m^3]
# name 7 = turbWETntu0: Turbidity, WET Labs ECO [NTU]
# name 8 = sal00: Salinity, Practical [PSU]
# name 9 = spar: SPAR/Surface Irradiance
# name 10 = scan: Scan Count
# name 11 = nbf: Bottles Fired
# name 12 = flag:  0.000e+00
# interval = seconds: 0.0416667
# start_time = Jun 22 2018 20:08:34 [System UTC, first data scan.]
# bad_flag = -9.990e-29
*END*
[from data line 112]
     42.933     6.9139     6.9659   3.512128   3.515685     2.6916     2.6929     0.5729    34.8857 2.0225e+02      17869          3  0.000e+00
     42.820     6.9127     6.9590   3.512076   3.515943     2.6916     2.7710     0.5875    34.8863 2.0225e+02      17870          3  0.000e+00
     43.053     6.9126     6.9550   3.512044   3.516257     2.6916     2.8492     0.6022    34.8860 2.0225e+02      17871          3  0.000e+00
     42.997     6.9126     6.9498   3.512011   3.516005     2.6928     2.8687     0.6071    34.8857 2.0225e+02      17872          3  0.000e+00
     42.820     6.9116     6.9446   3.511914   3.515569     2.6928     2.8687     0.6071    34.8857 2.0225e+02      17873          3  0.000e+00
     42.965     6.9111     6.9432   3.511901   3.515053     2.6916     2.8687     0.6071    34.8859 2.0225e+02      17874          3  0.000e+00
     42.933     6.9105     6.9457   3.511888   3.514967     2.6916     2.8492     0.6071    34.8865 2.0225e+02      17875          3  0.000e+00
     42.876     6.9098     6.9466   3.511856   3.515347     2.6916     2.8492     0.6071    34.8868 2.0225e+02      17876          3  0.000e+00
     42.876     6.9096     6.9450   3.511797   3.515691     2.6916     2.8492     0.6071    34.8864 2.0225e+02      17877          3  0.000e+00
     42.876     6.9096     6.9446   3.511778   3.515655     2.6928     2.8687     0.6071    34.8862 2.0225e+02      17878          3  0.000e+00
     42.876     6.9096     6.9447   3.511778   3.515599     2.6928     2.8492     0.6071    34.8862 2.0225e+02      17879          3  0.000e+00
     42.876     6.9093     6.9456   3.511758   3.515661     2.6916     2.8492     0.6071    34.8862 2.0225e+02      17880          3  0.000e+00
     42.820     6.9093     6.9476   3.511726   3.515722     2.6916     2.8492     0.6071    34.8859 2.0225e+02      17881          3  0.000e+00
     42.820     6.9095     6.9505   3.511745   3.515845     2.6916     2.8687     0.6071    34.8860 2.0225e+02      17882          3  0.000e+00
     42.876     6.9098     6.9556   3.511752   3.515943     2.6916     2.8492     0.6071    34.8857 2.0225e+02      17883          3  0.000e+00
     42.820     6.9100     6.9551   3.511765   3.515912     2.6928     2.8687     0.6071    34.8857 2.0225e+02      17884          3  0.000e+00
     42.820     6.9103     6.9530   3.511823   3.515851     2.6928     2.8687     0.6071    34.8860 2.0225e+02      17885          3  0.000e+00
     42.756     6.9100     6.9506   3.511771   3.515654     2.6916     2.8687     0.6071    34.8858 2.0000e+02      17886          3  0.000e+00
     42.820     6.9095     6.9477   3.511745   3.515440     2.6916     2.8687     0.6071    34.8860 2.0225e+02      17887          3  0.000e+00
     42.820     6.9096     6.9439   3.511706   3.515218     2.6928     2.8492     0.6071    34.8854 2.0225e+02      17888          3  0.000e+00
     42.756     6.9091     6.9414   3.511687   3.515059     2.6928     2.8492     0.6071    34.8857 2.0225e+02      17889          3  0.000e+00
     42.820     6.9088     6.9403   3.511687   3.514831     2.6928     2.8687     0.6071    34.8860 2.0225e+02      17890          3  0.000e+00
     42.756     6.9085     6.9346   3.511713   3.514494     2.6928     2.8687     0.6071    34.8867 2.0225e+02      17891          3  0.000e+00
     42.756     6.9085     6.9291   3.511700   3.514273     2.6928     2.8687     0.6071    34.8865 2.0225e+02      17892          3  0.000e+00
     42.820     6.9085     6.9268   3.511668   3.514150     2.6928     2.8492     0.6071    34.8861 2.0225e+02      17893          3  0.000e+00
     42.756     6.9080     6.9283   3.511635   3.513916     2.6928     2.8492     0.6315    34.8863 2.0225e+02      17894          3  0.000e+00
     42.700     6.9078     6.9290   3.511668   3.513769     2.6928     2.7906     0.6803    34.8869 2.0225e+02      17895          3  0.000e+00
     42.820     6.9075     6.9291   3.511642   3.513708     2.6904     2.7710     0.6950    34.8868 2.0225e+02      17896          3  0.000e+00
     42.756     6.9074     6.9286   3.511603   3.513677     2.6928     2.7906     0.6950    34.8866 2.0000e+02      17897          3  0.000e+00
     42.700     6.9078     6.9277   3.511590   3.513566     2.6928     2.7906     0.6901    34.8860 2.0225e+02      17898          3  0.000e+00
     42.756     6.9088     6.9224   3.511661   3.513425     2.6928     2.7906     0.6901    34.8857 2.0225e+02      17899          3  0.000e+00
     42.756     6.9091     6.9194   3.511713   3.513358     2.6928     2.7906     0.6901    34.8860 2.0225e+02      17900          3  0.000e+00
     42.644     6.9091     6.9198   3.511739   3.513345     2.6928     2.7906     0.6901    34.8864 2.0225e+02      17901          3  0.000e+00
     42.852     6.9090     6.9191   3.511765   3.513487     2.6928     2.7906     0.6901    34.8867 2.0225e+02      17902          3  0.000e+00
     42.700     6.9088     6.9253   3.511778   3.513830     2.6928     2.7906     0.6901    34.8871 2.0225e+02      17903          3  0.000e+00
     25.738     7.2521     7.2502   3.542765   3.542597     2.7136     3.5329     0.6413    34.8887 2.3146e+02      20358          4  0.000e+00
     25.810     7.2529     7.2507   3.542804   3.542616     2.7148     3.5329     0.6364    34.8882 2.3146e+02      20359          4  0.000e+00
     25.794     7.2529     7.2512   3.542811   3.542628     2.7136     3.5329     0.6364    34.8883 2.3146e+02      20360          4  0.000e+00
     25.738     7.2526     7.2516   3.542765   3.542745     2.7136     3.5329     0.6364    34.8882 2.3146e+02      20361          4  0.000e+00
     25.810     7.2526     7.2517   3.542772   3.542788     2.7148     3.5329     0.6364    34.8882 2.3146e+02      20362          4  0.000e+00
     25.915     7.2529     7.2512   3.542824   3.542751     2.7148     3.5329     0.6364    34.8884 2.3371e+02      20363          4  0.000e+00
     25.858     7.2534     7.2518   3.542869   3.542776     2.7148     3.5329     0.6364    34.8885 2.3146e+02      20364          4  0.000e+00
     25.866     7.2537     7.2517   3.542921   3.542721     2.7148     3.5329     0.6413    34.8887 2.3146e+02      20365          4  0.000e+00
     25.858     7.2539     7.2513   3.542908   3.542776     2.7148     3.5329     0.6364    34.8884 2.3146e+02      20366          4  0.000e+00
     25.858     7.2534     7.2518   3.542863   3.542721     2.7148     3.5915     0.6266    34.8884 2.3146e+02      20367          4  0.000e+00
     25.931     7.2532     7.2523   3.542889   3.542776     2.7136     3.6501     0.6168    34.8888 2.3146e+02      20368          4  0.000e+00
     25.915     7.2547     7.2528   3.542967   3.542850     2.7148     3.6501     0.6120    34.8882 2.3371e+02      20369          4  0.000e+00
     25.915     7.2552     7.2529   3.543071   3.542899     2.7148     3.6501     0.6120    34.8888 2.3146e+02      20370          4  0.000e+00
     26.035     7.2554     7.2525   3.543104   3.542912     2.7148     3.6501     0.6120    34.8889 2.3371e+02      20371          4  0.000e+00
     25.931     7.2558     7.2522   3.543117   3.542869     2.7148     3.6501     0.6120    34.8887 2.3146e+02      20372          4  0.000e+00
     26.035     7.2557     7.2521   3.543110   3.542850     2.7148     3.6501     0.6120    34.8887 2.3146e+02      20373          4  0.000e+00
     25.971     7.2557     7.2518   3.543104   3.542776     2.7148     3.6501     0.6120    34.8886 2.3146e+02      20374          4  0.000e+00
     25.987     7.2552     7.2518   3.543045   3.542788     2.7148     3.6501     0.6120    34.8885 2.3371e+02      20375          4  0.000e+00
     26.035     7.2547     7.2515   3.542967   3.542807     2.7148     3.6501     0.6120    34.8881 2.3146e+02      20376          4  0.000e+00
     26.035     7.2539     7.2514   3.542850   3.542819     2.7148     3.6501     0.6120    34.8876 2.3146e+02      20377          4  0.000e+00
     26.051     7.2534     7.2512   3.542830   3.542745     2.7148     3.6501     0.6120    34.8879 2.3146e+02      20378          4  0.000e+00
     26.091     7.2529     7.2508   3.542843   3.542721     2.7148     3.6501     0.6120    34.8885 2.3146e+02      20379          4  0.000e+00
     26.091     7.2530     7.2512   3.542850   3.542647     2.7148     3.6501     0.6120    34.8885 2.3146e+02      20380          4  0.000e+00
     26.051     7.2534     7.2522   3.542909   3.542721     2.7148     3.6501     0.6120    34.8888 2.3146e+02      20381          4  0.000e+00
     26.147     7.2544     7.2526   3.543006   3.542838     2.7148     3.6501     0.6120    34.8888 2.3146e+02      20382          4  0.000e+00
     26.091     7.2557     7.2535   3.543058   3.542912     2.7148     3.6501     0.6120    34.8881 2.3371e+02      20383          4  0.000e+00
     26.147     7.2558     7.2541   3.543162   3.542899     2.7148     3.6501     0.6120    34.8890 2.3371e+02      20384          4  0.000e+00
     26.163     7.2586     7.2546   3.543468   3.542973     2.7148     3.6501     0.6120    34.8895 2.3146e+02      20385          4  0.000e+00
     26.147     7.2627     7.2549   3.543832   3.543029     2.7148     3.6501     0.6120    34.8894 2.3371e+02      20386          4  0.000e+00
     26.147     7.2650     7.2553   3.544021   3.543072     2.7148     3.6501     0.6120    34.8892 2.3146e+02      20387          4  0.000e+00
     26.163     7.2651     7.2553   3.544066   3.543121     2.7148     3.6501     0.6120    34.8896 2.3146e+02      20388          4  0.000e+00
     26.147     7.2632     7.2552   3.544060   3.543103     2.7148     3.6501     0.6120    34.8914 2.3146e+02      20389          4  0.000e+00
     26.211     7.2644     7.2556   3.544125   3.543152     2.7148     3.6501     0.6120    34.8909 2.3146e+02      20390          4  0.000e+00
     26.227     7.2655     7.2559   3.544119   3.543164     2.7148     3.6501     0.6071    34.8897 2.3146e+02      20391          4  0.000e+00
     26.211     7.2659     7.2553   3.544138   3.543164     2.7148     3.6501     0.5973    34.8896 2.3146e+02      20392          4  0.000e+00
     26.211     7.2664     7.2541   3.544151   3.543152     2.7148     3.6501     0.5973    34.8892 2.3146e+02      20393          4  0.000e+00
     26.211     7.2664     7.2522   3.544171   3.543103     2.7148     3.6501     0.5973    34.8894 2.3146e+02      20394          4  0.000e+00
     26.283     7.2673     7.2511   3.544216   3.542998     2.7148     3.6501     0.5973    34.8889 2.3146e+02      20395          4  0.000e+00
     26.211     7.2677     7.2523   3.544262   3.542973     2.7148     3.6501     0.5973    34.8891 2.3146e+02      20396          4  0.000e+00
     26.267     7.2675     7.2535   3.544229   3.542930     2.7148     3.6501     0.5973    34.8889 2.3146e+02      20397          4  0.000e+00
     26.227     7.2672     7.2544   3.544184   3.543041     2.7148     3.6501     0.5973    34.8887 2.3146e+02      20398          4  0.000e+00
     26.267     7.2665     7.2546   3.544158   3.543090     2.7148     3.6501     0.5973    34.8891 2.3146e+02      20399          4  0.000e+00
     26.267     7.2659     7.2552   3.544080   3.543103     2.7148     3.6501     0.5973    34.8889 2.3146e+02      20400          4  0.000e+00
     26.283     7.2655     7.2556   3.544027   3.543152     2.7148     3.6501     0.5973    34.8887 2.3146e+02      20401          4  0.000e+00
     26.267     7.2655     7.2540   3.543995   3.543103     2.7148     3.6501     0.5973    34.8883 2.2922e+02      20402          4  0.000e+00
     26.267     7.2650     7.2531   3.543988   3.543121     2.7148     3.6501     0.5973    34.8888 2.3146e+02      20403          4  0.000e+00
     26.331     7.2649     7.2540   3.543923   3.543010     2.7148     3.6501     0.5973    34.8882 2.3146e+02      20404          4  0.000e+00
     26.283     7.2641     7.2546   3.543910   3.542967     2.7148     3.6501     0.5973    34.8888 2.2922e+02      20405          4  0.000e+00
     26.267     7.2633     7.2549   3.543917   3.543010     2.7148     3.6501     0.5973    34.8897 2.3146e+02      20406          4  0.000e+00
     17.717     7.2776     7.2774   3.544129   3.544215     2.7368     3.9627     0.6266    34.8818 2.7416e+02      22639          5  0.000e+00
     17.765     7.2773     7.2774   3.544135   3.544196     2.7368     3.9627     0.6266    34.8822 2.7416e+02      22640          5  0.000e+00
     17.837     7.2777     7.2778   3.544161   3.544184     2.7368     3.9627     0.6266    34.8821 2.7416e+02      22641          5  0.000e+00
     17.709     7.2773     7.2775   3.544129   3.544227     2.7368     3.9627     0.6266    34.8821 2.7416e+02      22642          5  0.000e+00
     17.773     7.2773     7.2778   3.544116   3.544215     2.7368     3.9627     0.6266    34.8820 2.7416e+02      22643          5  0.000e+00
     17.885     7.2770     7.2778   3.544109   3.544166     2.7368     3.9627     0.6266    34.8822 2.7416e+02      22644          5  0.000e+00
     17.837     7.2770     7.2777   3.544090   3.544215     2.7368     3.9627     0.6217    34.8820 2.7416e+02      22645          5  0.000e+00
     17.885     7.2768     7.2779   3.544129   3.544196     2.7368     3.9823     0.6364    34.8826 2.7416e+02      22646          5  0.000e+00
     17.893     7.2768     7.2778   3.544129   3.544246     2.7368     4.0018     0.6510    34.8826 2.7416e+02      22647          5  0.000e+00
     17.949     7.2772     7.2775   3.544109   3.544196     2.7368     4.0018     0.6559    34.8820 2.7416e+02      22648          5  0.000e+00
     17.957     7.2773     7.2776   3.544135   3.544246     2.7368     4.0018     0.6559    34.8821 2.7416e+02      22649          5  0.000e+00
     18.005     7.2770     7.2778   3.544148   3.544227     2.7368     4.0018     0.6559    34.8825 2.7416e+02      22650          5  0.000e+00
     17.893     7.2773     7.2774   3.544116   3.544215     2.7368     4.0018     0.6510    34.8819 2.7416e+02      22651          5  0.000e+00
     18.125     7.2775     7.2771   3.544155   3.544258     2.7368     4.0018     0.6510    34.8820 2.7416e+02      22652          5  0.000e+00
     18.061     7.2773     7.2774   3.544155   3.544246     2.7368     4.0018     0.6559    34.8823 2.7416e+02      22653          5  0.000e+00
     18.069     7.2775     7.2773   3.544187   3.544258     2.7368     4.0018     0.6510    34.8825 2.7416e+02      22654          5  0.000e+00
     18.125     7.2772     7.2774   3.544200   3.544246     2.7368     4.0018     0.6510    34.8829 2.7416e+02      22655          5  0.000e+00
     18.133     7.2775     7.2777   3.544207   3.544258     2.7368     4.0018     0.6510    34.8826 2.7416e+02      22656          5  0.000e+00
     18.182     7.2773     7.2776   3.544207   3.544258     2.7368     4.0018     0.6510    34.8828 2.7416e+02      22657          5  0.000e+00
     18.133     7.2773     7.2776   3.544181   3.544307     2.7368     4.0018     0.6510    34.8825 2.7416e+02      22658          5  0.000e+00
     18.182     7.2773     7.2774   3.544168   3.544289     2.7368     4.0018     0.6510    34.8824 2.7416e+02      22659          5  0.000e+00
     18.190     7.2773     7.2776   3.544194   3.544277     2.7368     4.0018     0.6510    34.8826 2.7416e+02      22660          5  0.000e+00
     18.238     7.2773     7.2774   3.544207   3.544227     2.7368     4.0018     0.6510    34.8827 2.7416e+02      22661          5  0.000e+00
     18.246     7.2775     7.2775   3.544200   3.544246     2.7368     4.0018     0.6510    34.8825 2.7416e+02      22662          5  0.000e+00
     18.302     7.2777     7.2774   3.544207   3.544258     2.7368     4.0018     0.6510    34.8824 2.7191e+02      22663          5  0.000e+00
     18.246     7.2778     7.2776   3.544187   3.544277     2.7368     4.0018     0.6510    34.8821 2.7416e+02      22664          5  0.000e+00
