Ship_data/Irminger/Irminger-5/ctd/process/ar30-03011.ros
* Sea-Bird SBE 9 Data File:
* FileName = D:\Data\ar30-03011.hdr
* Software Version Seasave V 7.23.2
* Temperature SN = 4312
* Conductivity SN = 2148
* Number of Bytes Per Scan = 44
* Number of Voltage Words = 5
* Number of Scans Averaged by the Deck Unit = 1
* NMEA Latitude = 59 39.70 N
* NMEA Longitude = 038 37.20 W
* NMEA UTC (Time) = Jun 13 2018  13:11:35
** Cruise ID: ar30-03
** Chief Sci: Macdonald
** Station #: 011
** Site ID: Irminger 5 OSNAP M4
** cast near OSNAP M4 mooring
# nquan = 13
# nvalues = 833                                   
# units = specified
# name 0 = prDM: Pressure, Digiquartz [db]
# name 1 = t090C: Temperature [ITS-90, deg C]
# name 2 = t190C: Temperature, 2 [ITS-90, deg C]
# name 3 = c0S/m: Conductivity [S/m]
# name 4 = c1S/m: Conductivity, 2 [S/m]
# name 5 = sbeox0V: Oxygen raw, SBE 43 [V]
# name 6 = flECO-AFL: Fluorescence, WET Labs ECO-AFL/FL [mg/m^3]
# name 7 = turbWETntu0: Turbidity, WET Labs ECO [NTU]
# name 8 = sal00: Salinity, Practical [PSU]
# name 9 = spar: SPAR/Surface Irradiance
# name 10 = scan: Scan Count
# name 11 = nbf: Bottles Fired
# name 12 = flag:  0.000e+00
# interval = seconds: 0.0416667
# start_time = Jun 13 2018 13:11:35 [System UTC, first data scan.]
# bad_flag = -9.990e-29
*END*
   2994.653     1.4979     1.4997   3.150716   3.150525     1.5703    -0.3547     0.4557    34.8920 1.0450e+03      79223          1  0.000e+00
   2994.636     1.4979     1.4996   3.150697   3.150525     1.5703    -0.3547     0.4557    34.8917 1.0450e+03      79224          1  0.000e+00
   2994.653     1.4979     1.4994   3.150679   3.150507     1.5703    -0.3352     0.4557    34.8915 1.0450e+03      79225          1  0.000e+00
   2994.636     1.4977     1.4992   3.150679   3.150466     1.5703    -0.3547     0.4557    34.8917 1.0450e+03      79226          1  0.000e+00
   2994.720     1.4978     1.4991   3.150685   3.150554     1.5703    -0.3352     0.4557    34.8917 1.0450e+03      79227          1  0.000e+00
   2994.636     1.4979     1.4992   3.150679   3.150495     1.5703    -0.3352     0.4557    34.8915 1.0450e+03      79228          1  0.000e+00
   2994.653     1.4978     1.4991   3.150697   3.150466     1.5703    -0.3352     0.4557    34.8919 1.0450e+03      79229          1  0.000e+00
   2994.704     1.4976     1.4992   3.150728   3.150495     1.5703    -0.3547     0.4557    34.8924 1.0450e+03      79230          1  0.000e+00
   2994.653     1.4978     1.4993   3.150710   3.150495     1.5703    -0.3547     0.4557    34.8921 1.0450e+03      79231          1  0.000e+00
   2994.636     1.4976     1.4994   3.150691   3.150478     1.5703    -0.3352     0.4557    34.8920 1.0450e+03      79232          1  0.000e+00
   2994.721     1.4974     1.4996   3.150716   3.150466     1.5703    -0.3352     0.4557    34.8925 1.0450e+03      79233          1  0.000e+00
   2994.704     1.4975     1.4995   3.150697   3.150525     1.5691    -0.3547     0.4557    34.8921 1.0450e+03      79234          1  0.000e+00
   2994.721     1.4974     1.4994   3.150685   3.150495     1.5691    -0.3352     0.4557    34.8921 1.0450e+03      79235          1  0.000e+00
   2994.637     1.4974     1.4997   3.150679   3.150495     1.5691    -0.3547     0.4557    34.8920 1.0450e+03      79236          1  0.000e+00
   2994.721     1.4976     1.4997   3.150679   3.150525     1.5691    -0.3547     0.4557    34.8918 1.0450e+03      79237          1  0.000e+00
   2994.704     1.4973     1.4997   3.150716   3.150495     1.5691    -0.3547     0.4557    34.8926 1.0427e+03      79238          1  0.000e+00
   2994.721     1.4974     1.4997   3.150697   3.150507     1.5691    -0.3547     0.4557    34.8922 1.0450e+03      79239          1  0.000e+00
   2994.704     1.4974     1.4997   3.150685   3.150495     1.5691    -0.3547     0.4557    34.8921 1.0427e+03      79240          1  0.000e+00
   2994.721     1.4974     1.4994   3.150716   3.150554     1.5691    -0.3547     0.4557    34.8925 1.0450e+03      79241          1  0.000e+00
   2994.763     1.4975     1.4997   3.150697   3.150525     1.5691    -0.3352     0.4557    34.8921 1.0427e+03      79242          1  0.000e+00
   2994.721     1.4974     1.4997   3.150654   3.150554     1.5691    -0.3547     0.4557    34.8917 1.0427e+03      79243          1  0.000e+00
   2994.763     1.4974     1.4996   3.150691   3.150554     1.5691    -0.3547     0.4654    34.8921 1.0427e+03      79244          1  0.000e+00
   2994.586     1.4976     1.4995   3.150728   3.150525     1.5691    -0.3547     0.4801    34.8925 1.0427e+03      79245          1  0.000e+00
   2994.898     1.4976     1.4997   3.150691   3.150507     1.5691    -0.3743     0.4801    34.8919 1.0427e+03      79246          1  0.000e+00
   2994.704     1.4976     1.4996   3.150697   3.150554     1.5691    -0.3743     0.4801    34.8921 1.0450e+03      79247          1  0.000e+00
   2994.780     1.4976     1.4997   3.150691   3.150495     1.5691    -0.3547     0.4801    34.8919 1.0427e+03      79248          1  0.000e+00
   2994.763     1.4974     1.4994   3.150679   3.150525     1.5678    -0.3743     0.4801    34.8920 1.0427e+03      79249          1  0.000e+00
   2994.721     1.4975     1.4997   3.150697   3.150495     1.5678    -0.3743     0.4801    34.8921 1.0427e+03      79250          1  0.000e+00
   2994.830     1.4976     1.4995   3.150703   3.150495     1.5691    -0.3547     0.4801    34.8921 1.0427e+03      79251          1  0.000e+00
   2994.780     1.4976     1.4994   3.150691   3.150554     1.5678    -0.3743     0.4801    34.8919 1.0450e+03      79252          1  0.000e+00
   2994.763     1.4976     1.4992   3.150685   3.150507     1.5691    -0.3743     0.4801    34.8919 1.0450e+03      79253          1  0.000e+00
   2994.780     1.4976     1.4995   3.150654   3.150525     1.5678    -0.3547     0.4801    34.8915 1.0450e+03      79254          1  0.000e+00
   2994.831     1.4978     1.4992   3.150672   3.150466     1.5678    -0.3743     0.4801    34.8915 1.0427e+03      79255          1  0.000e+00
   2994.780     1.4978     1.4989   3.150679   3.150495     1.5678    -0.3743     0.4801    34.8916 1.0427e+03      79256          1  0.000e+00
   2994.831     1.4977     1.4988   3.150697   3.150466     1.5678    -0.3743     0.4801    34.8919 1.0450e+03      79257          1  0.000e+00
   2994.780     1.4976     1.4986   3.150710   3.150466     1.5678    -0.3547     0.4801    34.8922 1.0450e+03      79258          1  0.000e+00
   2994.831     1.4976     1.4983   3.150685   3.150436     1.5678    -0.3743     0.4801    34.8918 1.0450e+03      79259          1  0.000e+00
   2994.848     1.4978     1.4982   3.150679   3.150389     1.5678    -0.3743     0.4801    34.8916 1.0427e+03      79260          1  0.000e+00
   2994.831     1.4976     1.4978   3.150685   3.150407     1.5678    -0.3743     0.4801    34.8918 1.0450e+03      79261          1  0.000e+00
   2994.848     1.4976     1.4978   3.150679   3.150377     1.5678    -0.3743     0.4801    34.8918 1.0450e+03      79262          1  0.000e+00
   2994.831     1.4974     1.4978   3.150660   3.150377     1.5678    -0.3743     0.4801    34.8917 1.0450e+03      79263          1  0.000e+00
   2994.848     1.4974     1.4977   3.150666   3.150348     1.5666    -0.3743     0.4801    34.8918 1.0450e+03      79264          1  0.000e+00
   2994.898     1.4975     1.4979   3.150679   3.150378     1.5666    -0.3743     0.4801    34.8918 1.0450e+03      79265          1  0.000e+00
   2994.848     1.4976     1.4975   3.150703   3.150377     1.5678    -0.3743     0.4801    34.8921 1.0450e+03      79266          1  0.000e+00
   2994.898     1.4974     1.4977   3.150685   3.150360     1.5666    -0.3743     0.4801    34.8920 1.0450e+03      79267          1  0.000e+00
   2994.848     1.4974     1.4981   3.150635   3.150348     1.5666    -0.3743     0.4703    34.8914 1.0450e+03      79268          1  0.000e+00
   2994.898     1.4974     1.4980   3.150679   3.150378     1.5666    -0.3743     0.4557    34.8919 1.0450e+03      79269          1  0.000e+00
   2994.915     1.4974     1.4983   3.150666   3.150378     1.5666    -0.3743     0.4508    34.8918 1.0450e+03      79270          1  0.000e+00
   2994.898     1.4974     1.4983   3.150672   3.150436     1.5666    -0.3743     0.4508    34.8918 1.0450e+03      79271          1  0.000e+00
   2744.075     2.7178     2.7203   3.250519   3.250831     1.5539    -0.3743     0.3482    34.9215 1.0472e+03      89464          2  0.000e+00
   2744.100     2.7180     2.7201   3.250525   3.250766     1.5539    -0.3743     0.3482    34.9214 1.0472e+03      89465          2  0.000e+00
   2744.042     2.7180     2.7201   3.250525   3.250855     1.5539    -0.3743     0.3482    34.9214 1.0472e+03      89466          2  0.000e+00
   2743.950     2.7181     2.7201   3.250525   3.250801     1.5539    -0.3743     0.3433    34.9213 1.0472e+03      89467          2  0.000e+00
   2743.975     2.7180     2.7201   3.250506   3.250855     1.5551    -0.3743     0.3433    34.9212 1.0472e+03      89468          2  0.000e+00
   2743.975     2.7183     2.7201   3.250500   3.250861     1.5551    -0.3743     0.3433    34.9208 1.0472e+03      89469          2  0.000e+00
   2744.008     2.7180     2.7201   3.250519   3.250825     1.5551    -0.3743     0.3433    34.9213 1.0472e+03      89470          2  0.000e+00
   2743.908     2.7181     2.7201   3.250506   3.250795     1.5551    -0.3743     0.3433    34.9211 1.0472e+03      89471          2  0.000e+00
   2743.908     2.7183     2.7201   3.250537   3.250831     1.5551    -0.3743     0.3482    34.9213 1.0472e+03      89472          2  0.000e+00
   2743.883     2.7180     2.7203   3.250519   3.250855     1.5552    -0.3743     0.3433    34.9214 1.0495e+03      89473          2  0.000e+00
   2743.849     2.7183     2.7203   3.250519   3.250801     1.5552    -0.3743     0.3482    34.9211 1.0495e+03      89474          2  0.000e+00
   2743.849     2.7181     2.7204   3.250525   3.250855     1.5552    -0.3743     0.3482    34.9213 1.0472e+03      89475          2  0.000e+00
   2743.816     2.7183     2.7206   3.250487   3.250825     1.5552    -0.3743     0.3433    34.9207 1.0495e+03      89476          2  0.000e+00
   2743.782     2.7183     2.7208   3.250487   3.250861     1.5564    -0.3743     0.3482    34.9207 1.0495e+03      89477          2  0.000e+00
   2743.757     2.7180     2.7204   3.250518   3.250825     1.5564    -0.3743     0.3482    34.9215 1.0472e+03      89478          2  0.000e+00
   2743.782     2.7180     2.7206   3.250525   3.250885     1.5564    -0.3743     0.3482    34.9215 1.0472e+03      89479          2  0.000e+00
   2743.715     2.7183     2.7206   3.250525   3.250831     1.5564    -0.3743     0.3433    34.9212 1.0472e+03      89480          2  0.000e+00
   2743.623     2.7181     2.7204   3.250525   3.250855     1.5564    -0.3743     0.3433    34.9214 1.0472e+03      89481          2  0.000e+00
   2743.715     2.7181     2.7208   3.250506   3.250891     1.5564    -0.3743     0.3433    34.9212 1.0495e+03      89482          2  0.000e+00
   2743.590     2.7183     2.7206   3.250481   3.250855     1.5564    -0.3743     0.3482    34.9207 1.0472e+03      89483          2  0.000e+00
   2743.623     2.7181     2.7208   3.250506   3.250825     1.5564    -0.3743     0.3433    34.9212 1.0472e+03      89484          2  0.000e+00
   2743.590     2.7183     2.7208   3.250544   3.250861     1.5564    -0.3743     0.3433    34.9215 1.0472e+03      89485          2  0.000e+00
   2743.590     2.7181     2.7206   3.250518   3.250885     1.5577    -0.3743     0.3482    34.9214 1.0472e+03      89486          2  0.000e+00
   2743.498     2.7183     2.7206   3.250518   3.250861     1.5577    -0.3743     0.3433    34.9212 1.0472e+03      89487          2  0.000e+00
   2743.523     2.7181     2.7204   3.250525   3.250825     1.5577    -0.3743     0.3482    34.9215 1.0472e+03      89488          2  0.000e+00
   2743.397     2.7183     2.7204   3.250506   3.250855     1.5577    -0.3743     0.3433    34.9211 1.0472e+03      89489          2  0.000e+00
   2743.565     2.7183     2.7208   3.250512   3.250861     1.5577    -0.3743     0.3482    34.9211 1.0495e+03      89490          2  0.000e+00
   2743.397     2.7181     2.7206   3.250506   3.250855     1.5577    -0.3938     0.3482    34.9213 1.0472e+03      89491          2  0.000e+00
   2743.431     2.7183     2.7206   3.250518   3.250885     1.5577    -0.3938     0.3531    34.9213 1.0472e+03      89492          2  0.000e+00
   2743.397     2.7185     2.7208   3.250506   3.250861     1.5589    -0.3938     0.3482    34.9210 1.0495e+03      89493          2  0.000e+00
   2743.330     2.7181     2.7206   3.250512   3.250885     1.5589    -0.3938     0.3482    34.9214 1.0472e+03      89494          2  0.000e+00
   2743.305     2.7183     2.7208   3.250525   3.250831     1.5589    -0.3938     0.3482    34.9214 1.0495e+03      89495          2  0.000e+00
   2743.330     2.7183     2.7208   3.250506   3.250855     1.5589    -0.3938     0.3482    34.9212 1.0472e+03      89496          2  0.000e+00
   2743.272     2.7185     2.7206   3.250499   3.250855     1.5589    -0.3938     0.3482    34.9209 1.0472e+03      89497          2  0.000e+00
   2743.305     2.7183     2.7208   3.250518   3.250861     1.5589    -0.3938     0.3482    34.9213 1.0472e+03      89498          2  0.000e+00
   2743.205     2.7185     2.7208   3.250506   3.250855     1.5589    -0.3938     0.3482    34.9210 1.0472e+03      89499          2  0.000e+00
   2743.205     2.7183     2.7208   3.250481   3.250831     1.5589    -0.3938     0.3531    34.9209 1.0472e+03      89500          2  0.000e+00
   2743.238     2.7185     2.7206   3.250506   3.250885     1.5589    -0.3938     0.3531    34.9210 1.0472e+03      89501          2  0.000e+00
   2743.138     2.7185     2.7206   3.250506   3.250855     1.5602    -0.3938     0.3482    34.9211 1.0472e+03      89502          2  0.000e+00
   2743.180     2.7183     2.7206   3.250518   3.250861     1.5602    -0.3938     0.3531    34.9214 1.0472e+03      89503          2  0.000e+00
   2743.079     2.7185     2.7206   3.250506   3.250855     1.5602    -0.3938     0.3482    34.9211 1.0472e+03      89504          2  0.000e+00
   2743.138     2.7183     2.7206   3.250481   3.250885     1.5602    -0.3938     0.3482    34.9209 1.0472e+03      89505          2  0.000e+00
   2743.046     2.7183     2.7209   3.250506   3.250861     1.5602    -0.3938     0.3482    34.9213 1.0472e+03      89506          2  0.000e+00
   2743.079     2.7185     2.7208   3.250506   3.250855     1.5602    -0.3938     0.3482    34.9211 1.0495e+03      89507          2  0.000e+00
   2743.079     2.7185     2.7208   3.250493   3.250861     1.5602    -0.3938     0.3482    34.9210 1.0472e+03      89508          2  0.000e+00
   2742.987     2.7183     2.7204   3.250499   3.250885     1.5614    -0.3938     0.3531    34.9212 1.0495e+03      89509          2  0.000e+00
   2743.079     2.7185     2.7204   3.250499   3.250855     1.5614    -0.3938     0.3482    34.9210 1.0472e+03      89510          2  0.000e+00
   2742.945     2.7186     2.7206   3.250499   3.250831     1.5614    -0.3938     0.3482    34.9209 1.0472e+03      89511          2  0.000e+00
   2742.987     2.7185     2.7208   3.250499   3.250855     1.5614    -0.3938     0.3531    34.9211 1.0472e+03      89512          2  0.000e+00
   2540.453     2.8998     2.9010   3.259073   3.259450     1.6129    -0.3938     0.3482    34.9254 9.5956e+02      97167          3  0.000e+00
   2540.545     2.8998     2.9008   3.259086   3.259468     1.6129    -0.3938     0.3482    34.9255 9.5956e+02      97168          3  0.000e+00
   2540.395     2.8996     2.9012   3.259067   3.259438     1.6129    -0.3743     0.3482    34.9255 9.5956e+02      97169          3  0.000e+00
   2540.395     2.8998     2.9011   3.259060   3.259438     1.6129    -0.3743     0.3482    34.9252 9.5956e+02      97170          3  0.000e+00
   2540.545     2.8994     2.9011   3.259079   3.259468     1.6129    -0.3743     0.3482    34.9257 9.5956e+02      97171          3  0.000e+00
   2540.395     2.8996     2.9009   3.259073   3.259438     1.6129    -0.3743     0.3482    34.9256 9.5956e+02      97172          3  0.000e+00
   2540.454     2.8998     2.9011   3.259035   3.259468     1.6129    -0.3743     0.3482    34.9249 9.5956e+02      97173          3  0.000e+00
   2540.395     2.8996     2.9014   3.259079   3.259450     1.6129    -0.3743     0.3482    34.9256 9.5956e+02      97174          3  0.000e+00
   2540.412     2.8994     2.9014   3.259067   3.259468     1.6129    -0.3743     0.3482    34.9256 9.5956e+02      97175          3  0.000e+00
   2540.454     2.8999     2.9013   3.259060   3.259468     1.6129    -0.3743     0.3482    34.9250 9.5956e+02      97176          3  0.000e+00
   2540.395     2.8994     2.9013   3.259048   3.259468     1.6129    -0.3743     0.3482    34.9254 9.5956e+02      97177          3  0.000e+00
   2540.353     2.8996     2.9016   3.259048   3.259468     1.6129    -0.3743     0.3482    34.9253 9.5956e+02      97178          3  0.000e+00
   2540.395     2.8998     2.9018   3.259086   3.259468     1.6141    -0.3743     0.3482    34.9255 9.5956e+02      97179          3  0.000e+00
