Ship_data/Irminger/Irminger-5/ctd/process/ar30-03018.cnv
* Sea-Bird SBE 9 Data File:
* FileName = D:\Data\ar30-03018.hdr
* Software Version Seasave V 7.23.2
* Temperature SN = 4312
* Conductivity SN = 2148
* Number of Bytes Per Scan = 44
* Number of Voltage Words = 5
* Number of Scans Averaged by the Deck Unit = 1
* NMEA Latitude = 59 52.87 N
* NMEA Longitude = 040 53.94 W
* NMEA UTC (Time) = Jun 18 2018  16:05:20
** Cruise ID: ar30-03
** Chief Sci: Macdonald
** Station #: 018
** Site ID: Irminger 5 OSNAP C12
** Cast at OSNAP site C12 between M1 and M2 moorings
# nquan = 18
# nvalues = 4636                        
# units = specified
# name 0 = prDM: Pressure, Digiquartz [db]
# name 1 = t090C: Temperature [ITS-90, deg C]
# name 2 = t190C: Temperature, 2 [ITS-90, deg C]
# name 3 = c0S/m: Conductivity [S/m]
# name 4 = c1S/m: Conductivity, 2 [S/m]
# name 5 = sbeox0V: Oxygen raw, SBE 43 [V]
# name 6 = flECO-AFL: Fluorescence, WET Labs ECO-AFL/FL [mg/m^3]
# name 7 = turbWETntu0: Turbidity, WET Labs ECO [NTU]
# name 8 = sal00: Salinity, Practical [PSU]
# name 9 = spar: SPAR/Surface Irradiance
# name 10 = depSM: Depth [salt water, m], lat = 59.8812
# name 11 = sal00: Salinity, Practical [PSU]
# name 12 = sal11: Salinity, Practical, 2 [PSU]
# name 13 = sbeox0ML/L: Oxygen, SBE 43 [ml/l], WS = 2
# name 14 = svCM: Sound Velocity [Chen-Millero, m/s]
# name 15 = sigma-é00: Density [sigma-theta, kg/m^3]
# name 16 = sigma-é11: Density, 2 [sigma-theta, kg/m^3]
# name 17 = flag: flag
# span 0 =      3.000,   2321.000       
# span 1 =     1.7546,     6.6513       
# span 2 =     1.7562,     6.6538       
# span 3 =   3.145856,   3.484476       
# span 4 =   3.145918,   3.484993       
# span 5 =     1.8479,     2.8118       
# span 6 =    -0.4140,     7.2689       
# span 7 =     0.3433,     0.7362       
# span 8 =    34.8546,    34.9238       
# span 9 = 7.4235e+02, 2.6867e+03       
# span 10 =      2.972,   2286.482      
# span 11 =    34.8600,    34.9238      
# span 12 =    34.8630,    34.9243      
# span 13 =     5.9058,     7.1911      
# span 14 =    1473.16,    1495.43      
# span 15 =    27.3593,    27.9121      
# span 16 =    27.3597,    27.9123      
# span 17 = 0.0000e+00, 0.0000e+00      
# interval = decibars: 1                
# start_time = Jun 18 2018 16:05:20 [System UTC, first data scan.]
# bad_flag = -9.990e-29
*END*
[from data line 403]
    407.000     4.1746     4.1745   3.281650   3.281852     2.3018    -0.3878     0.3775    34.9071 1.5734e+03    402.770    34.9057    34.9082     6.2361    1473.90    27.6959    27.6979 0.0000e+00
    408.000     4.1674     4.1675   3.280881   3.281200     2.3017    -0.3903     0.3733    34.9063 1.5873e+03    403.759    34.9038    34.9074     6.2378    1473.88    27.6951    27.6980 0.0000e+00
    409.000     4.1518     4.1520   3.279463   3.279721     2.3019    -0.3739     0.3755    34.9052 1.5758e+03    404.747    34.9030    34.9058     6.2420    1473.83    27.6962    27.6984 0.0000e+00
    410.000     4.1413     4.1412   3.278498   3.278734     2.3047    -0.3705     0.3748    34.9045 1.5643e+03    405.736    34.9021    34.9050     6.2541    1473.80    27.6966    27.6989 0.0000e+00
    411.000     4.1249     4.1255   3.276996   3.277282     2.3085    -0.3478     0.3766    34.9038 1.6083e+03    406.725    34.9012    34.9039     6.2710    1473.75    27.6976    27.6997 0.0000e+00
    412.000     4.1183     4.1181   3.276582   3.276719     2.3106    -0.3673     0.3846    34.9044 1.7495e+03    407.713    34.9027    34.9046     6.2802    1473.74    27.6996    27.7011 0.0000e+00
    413.000     4.1169     4.1167   3.276513   3.276656     2.3119    -0.3916     0.3781    34.9045 1.8781e+03    408.702    34.9029    34.9048     6.2857    1473.75    27.6998    27.7014 0.0000e+00
    414.000     4.1133     4.1136   3.276205   3.276436     2.3124    -0.3731     0.3831    34.9045 2.0730e+03    409.690    34.9025    34.9049     6.2892    1473.75    27.6999    27.7018 0.0000e+00
    415.000     4.1071     4.1073   3.275692   3.275913     2.3119    -0.3696     0.3792    34.9044 2.0130e+03    410.679    34.9025    34.9049     6.2892    1473.74    27.7006    27.7024 0.0000e+00
    416.000     4.1021     4.1027   3.275318   3.275538     2.3119    -0.3858     0.3775    34.9044 2.0540e+03    411.668    34.9028    34.9048     6.2907    1473.74    27.7013    27.7029 0.0000e+00
    417.000     4.1008     4.1012   3.275250   3.275453     2.3130    -0.3665     0.3873    34.9041 2.0740e+03    412.656    34.9029    34.9048     6.2955    1473.75    27.7016    27.7031 0.0000e+00
    418.000     4.1007     4.1007   3.275295   3.275456     2.3131    -0.3699     0.3853    34.9041 1.9873e+03    413.645    34.9030    34.9049     6.2967    1473.77    27.7017    27.7031 0.0000e+00
    419.000     4.1000     4.1000   3.275275   3.275438     2.3130    -0.3657     0.3795    34.9040 2.1030e+03    414.633    34.9029    34.9049     6.2974    1473.78    27.7017    27.7033 0.0000e+00
    420.000     4.0992     4.0990   3.275246   3.275394     2.3122    -0.3840     0.3776    34.9039 2.2250e+03    415.622    34.9030    34.9049     6.2957    1473.79    27.7018    27.7034 0.0000e+00
    421.000     4.0916     4.0919   3.274586   3.274794     2.3126    -0.3583     0.3775    34.9041 2.2004e+03    416.610    34.9027    34.9049     6.2990    1473.78    27.7024    27.7041 0.0000e+00
    422.000     4.0886     4.0883   3.274421   3.274560     2.3130    -0.3640     0.3775    34.9043 2.1000e+03    417.599    34.9034    34.9053     6.3019    1473.78    27.7033    27.7048 0.0000e+00
    423.000     4.0878     4.0872   3.274395   3.274497     2.3121    -0.3856     0.3775    34.9043 2.1047e+03    418.588    34.9033    34.9052     6.2997    1473.80    27.7033    27.7049 0.0000e+00
    424.000     4.0827     4.0818   3.273889   3.274024     2.3108    -0.3718     0.3736    34.9038 2.0577e+03    419.576    34.9023    34.9048     6.2968    1473.79    27.7031    27.7051 0.0000e+00
    425.000     4.0771     4.0760   3.273453   3.273546     2.3106    -0.3645     0.3731    34.9038 2.0603e+03    420.565    34.9025    34.9048     6.2977    1473.78    27.7038    27.7057 0.0000e+00
    426.000     4.0693     4.0686   3.272691   3.272866     2.3105    -0.3707     0.3726    34.9033 1.8972e+03    421.553    34.9012    34.9040     6.2996    1473.77    27.7036    27.7059 0.0000e+00
    427.000     4.0567     4.0564   3.271477   3.271731     2.3104    -0.3687     0.3752    34.9024 1.6896e+03    422.542    34.8997    34.9029     6.3021    1473.73    27.7037    27.7063 0.0000e+00
    428.000     4.0420     4.0420   3.270272   3.270464     2.3096    -0.3639     0.3800    34.9024 1.5022e+03    423.530    34.9004    34.9027     6.3029    1473.68    27.7058    27.7077 0.0000e+00
    429.000     4.0389     4.0387   3.270086   3.270234     2.3104    -0.3665     0.3810    34.9025 1.4698e+03    424.519    34.9010    34.9029     6.3069    1473.69    27.7067    27.7082 0.0000e+00
    430.000     4.0349     4.0345   3.269757   3.269917     2.3119    -0.3675     0.3834    34.9025 1.4301e+03    425.507    34.9008    34.9031     6.3135    1473.69    27.7069    27.7088 0.0000e+00
    431.000     4.0327     4.0326   3.269661   3.269813     2.3118    -0.3796     0.3824    34.9028 1.3702e+03    426.496    34.9015    34.9034     6.3145    1473.70    27.7077    27.7092 0.0000e+00
    432.000     4.0320     4.0319   3.269697   3.269851     2.3118    -0.3895     0.3726    34.9032 1.4700e+03    427.484    34.9022    34.9041     6.3155    1473.71    27.7083    27.7098 0.0000e+00
    433.000     4.0321     4.0321   3.269758   3.269927     2.3118    -0.3462     0.3776    34.9032 1.4477e+03    428.473    34.9022    34.9042     6.3163    1473.73    27.7084    27.7099 0.0000e+00
    434.000     4.0330     4.0329   3.269912   3.270060     2.3110    -0.3735     0.3776    34.9033 1.4431e+03    429.461    34.9025    34.9044     6.3141    1473.75    27.7085    27.7100 0.0000e+00
    435.000     4.0336     4.0335   3.270067   3.270218     2.3090    -0.3717     0.3786    34.9037 1.4710e+03    430.450    34.9032    34.9051     6.3078    1473.77    27.7090    27.7105 0.0000e+00
    436.000     4.0330     4.0323   3.270071   3.270185     2.3072    -0.3706     0.3847    34.9039 1.3347e+03    431.439    34.9034    34.9054     6.3024    1473.78    27.7092    27.7109 0.0000e+00
    437.000     4.0322     4.0320   3.270057   3.270212     2.3063    -0.3690     0.3743    34.9041 1.3153e+03    432.427    34.9035    34.9055     6.3002    1473.80    27.7094    27.7110 0.0000e+00
    438.000     4.0301     4.0299   3.269853   3.270044     2.3052    -0.3673     0.3726    34.9037 1.2905e+03    433.415    34.9027    34.9053     6.2974    1473.80    27.7090    27.7111 0.0000e+00
    439.000     4.0189     4.0194   3.268500   3.268983     2.3046    -0.3632     0.3726    34.9022 1.2747e+03    434.404    34.8981    34.9033     6.2983    1473.77    27.7065    27.7106 0.0000e+00
    440.000     4.0049     4.0041   3.267512   3.267633     2.3049    -0.3693     0.3748    34.9023 1.2810e+03    435.392    34.9007    34.9030     6.3025    1473.73    27.7100    27.7119 0.0000e+00
    441.000     4.0038     4.0035   3.267493   3.267618     2.3065    -0.3749     0.3773    34.9021 1.2609e+03    436.381    34.9011    34.9029     6.3089    1473.74    27.7105    27.7119 0.0000e+00
    442.000     4.0043     4.0045   3.267572   3.267743     2.3074    -0.3686     0.3782    34.9017 1.3002e+03    437.369    34.9010    34.9028     6.3129    1473.76    27.7103    27.7118 0.0000e+00
    443.000     4.0045     4.0046   3.267632   3.267805     2.3070    -0.3668     0.3834    34.9015 1.3504e+03    438.358    34.9009    34.9029     6.3122    1473.78    27.7103    27.7118 0.0000e+00
    444.000     4.0042     4.0045   3.267673   3.267830     2.3072    -0.3890     0.3777    34.9016 1.3564e+03    439.346    34.9012    34.9027     6.3138    1473.79    27.7105    27.7117 0.0000e+00
    445.000     4.0044     4.0044   3.267710   3.267866     2.3082    -0.3905     0.3810    34.9014 1.3434e+03    440.335    34.9009    34.9028     6.3180    1473.81    27.7103    27.7118 0.0000e+00
    446.000     4.0025     4.0016   3.267503   3.267652     2.3082    -0.3813     0.3820    34.9013 1.3108e+03    441.323    34.8999    34.9027     6.3193    1473.81    27.7097    27.7120 0.0000e+00
    447.000     3.9921     3.9925   3.266657   3.266904     2.3082    -0.3443     0.3725    34.9016 1.2744e+03    442.312    34.9004    34.9029     6.3219    1473.79    27.7112    27.7131 0.0000e+00
    448.000     3.9935     3.9928   3.266923   3.267000     2.3072    -0.3615     0.3802    34.9022 1.3116e+03    443.300    34.9015    34.9032     6.3188    1473.81    27.7119    27.7134 0.0000e+00
    449.000     3.9921     3.9915   3.266850   3.266933     2.3069    -0.3711     0.3803    34.9020 1.4305e+03    444.289    34.9016    34.9033     6.3191    1473.82    27.7122    27.7136 0.0000e+00
    450.000     3.9935     3.9943   3.266966   3.267206     2.3069    -0.3679     0.3852    34.9015 1.5071e+03    445.277    34.9010    34.9030     6.3196    1473.84    27.7115    27.7130 0.0000e+00
    451.000     3.9915     3.9910   3.266791   3.266941     2.3068    -0.3650     0.3742    34.9014 1.2392e+03    446.265    34.9006    34.9028     6.3205    1473.85    27.7114    27.7133 0.0000e+00
    452.000     3.9881     3.9878   3.266551   3.266691     2.3070    -0.3603     0.3760    34.9014 1.2032e+03    447.254    34.9007    34.9027     6.3224    1473.85    27.7119    27.7135 0.0000e+00
    453.000     3.9823     3.9823   3.266073   3.266242     2.3071    -0.3654     0.3792    34.9016 1.1947e+03    448.242    34.9007    34.9027     6.3244    1473.85    27.7125    27.7141 0.0000e+00
    454.000     3.9802     3.9801   3.265979   3.266122     2.3069    -0.3808     0.3841    34.9018 1.2207e+03    449.231    34.9013    34.9031     6.3249    1473.85    27.7132    27.7146 0.0000e+00
    455.000     3.9805     3.9804   3.266032   3.266168     2.3067    -0.3697     0.3776    34.9015 1.2023e+03    450.219    34.9010    34.9028     6.3250    1473.87    27.7129    27.7143 0.0000e+00
    456.000     3.9807     3.9809   3.266102   3.266263     2.3065    -0.3678     0.3778    34.9015 1.1042e+03    451.208    34.9011    34.9029     6.3251    1473.89    27.7130    27.7144 0.0000e+00
    457.000     3.9806     3.9806   3.266134   3.266291     2.3069    -0.3891     0.3730    34.9014 1.0605e+03    452.196    34.9011    34.9030     6.3273    1473.91    27.7130    27.7145 0.0000e+00
    458.000     3.9805     3.9801   3.266137   3.266281     2.3066    -0.3881     0.3761    34.9014 1.1258e+03    453.184    34.9008    34.9028     6.3272    1473.92    27.7128    27.7144 0.0000e+00
    459.000     3.9783     3.9783   3.266061   3.266208     2.3057    -0.3795     0.3758    34.9018 1.1796e+03    454.173    34.9016    34.9033     6.3251    1473.93    27.7136    27.7150 0.0000e+00
    460.000     3.9788     3.9788   3.266157   3.266326     2.3053    -0.3767     0.3728    34.9021 1.1654e+03    455.161    34.9016    34.9037     6.3247    1473.95    27.7137    27.7153 0.0000e+00
    461.000     3.9775     3.9775   3.266168   3.266306     2.3041    -0.3724     0.3730    34.9027 1.1893e+03    456.150    34.9027    34.9043     6.3214    1473.96    27.7146    27.7159 0.0000e+00
    462.000     3.9793     3.9786   3.266405   3.266496     2.3013    -0.3636     0.3769    34.9032 1.1749e+03    457.138    34.9030    34.9049     6.3121    1473.99    27.7147    27.7163 0.0000e+00
    463.000     3.9773     3.9770   3.266234   3.266395     2.2987    -0.3665     0.3726    34.9030 1.1040e+03    458.126    34.9026    34.9048     6.3039    1473.99    27.7146    27.7164 0.0000e+00
    464.000     3.9750     3.9748   3.266074   3.266218     2.2970    -0.3703     0.3726    34.9029 1.0770e+03    459.115    34.9026    34.9045     6.2992    1474.00    27.7148    27.7164 0.0000e+00
    465.000     3.9743     3.9742   3.266067   3.266219     2.2958    -0.3863     0.3735    34.9030 1.0657e+03    460.103    34.9028    34.9047     6.2960    1474.01    27.7150    27.7166 0.0000e+00
    466.000     3.9724     3.9725   3.265930   3.266119     2.2945    -0.3621     0.3776    34.9031 1.0620e+03    461.091    34.9026    34.9047     6.2927    1474.02    27.7151    27.7168 0.0000e+00
    467.000     3.9707     3.9709   3.265839   3.266014     2.2937    -0.3912     0.3730    34.9030 1.0620e+03    462.080    34.9028    34.9047     6.2910    1474.03    27.7154    27.7169 0.0000e+00
    468.000     3.9715     3.9719   3.265980   3.266162     2.2935    -0.3866     0.3762    34.9032 1.0582e+03    463.068    34.9031    34.9049     6.2909    1474.05    27.7156    27.7170 0.0000e+00
    469.000     3.9739     3.9736   3.266319   3.266409     2.2928    -0.3913     0.3775    34.9038 1.0327e+03    464.056    34.9040    34.9054     6.2889    1474.08    27.7161    27.7172 0.0000e+00
    470.000     3.9766     3.9765   3.266665   3.266774     2.2924    -0.3930     0.3751    34.9043 1.0306e+03    465.045    34.9047    34.9061     6.2876    1474.11    27.7164    27.7176 0.0000e+00
    471.000     3.9799     3.9794   3.267065   3.267125     2.2923    -0.3909     0.3727    34.9049 1.0321e+03    466.033    34.9055    34.9067     6.2876    1474.14    27.7167    27.7177 0.0000e+00
    472.000     3.9894     3.9890   3.268131   3.268203     2.2906    -0.3828     0.3726    34.9063 1.0302e+03    467.021    34.9075    34.9087     6.2806    1474.20    27.7173    27.7183 0.0000e+00
    473.000     3.9990     3.9998   3.269215   3.269382     2.2871    -0.3782     0.3750    34.9081 1.0087e+03    468.010    34.9096    34.9108     6.2676    1474.26    27.7180    27.7189 0.0000e+00
    474.000     4.0037     4.0035   3.269632   3.269786     2.2819    -0.3742     0.3748    34.9085 9.9998e+02    468.998    34.9090    34.9110     6.2493    1474.29    27.7170    27.7187 0.0000e+00
    475.000     4.0019     4.0021   3.269525   3.269689     2.2777    -0.3860     0.3726    34.9086 9.8918e+02    469.986    34.9092    34.9109     6.2355    1474.30    27.7174    27.7187 0.0000e+00
    476.000     4.0025     4.0031   3.269594   3.269840     2.2749    -0.3716     0.3811    34.9086 9.7331e+02    470.975    34.9088    34.9111     6.2267    1474.32    27.7171    27.7187 0.0000e+00
    477.000     4.0018     4.0013   3.269594   3.269715     2.2731    -0.3815     0.3762    34.9087 9.5785e+02    471.963    34.9090    34.9110     6.2211    1474.33    27.7173    27.7189 0.0000e+00
    478.000     3.9991     3.9989   3.269363   3.269512     2.2718    -0.3754     0.3728    34.9085 9.6027e+02    472.951    34.9086    34.9106     6.2177    1474.34    27.7172    27.7188 0.0000e+00
    479.000     3.9979     3.9985   3.269290   3.269533     2.2706    -0.3679     0.3701    34.9085 9.7876e+02    473.940    34.9085    34.9107     6.2146    1474.35    27.7173    27.7190 0.0000e+00
    480.000     3.9956     3.9964   3.269130   3.269357     2.2695    -0.3795     0.3722    34.9085 1.0157e+03    474.928    34.9085    34.9103     6.2118    1474.36    27.7176    27.7189 0.0000e+00
    481.000     3.9964     3.9967   3.269271   3.269455     2.2677    -0.3782     0.3755    34.9086 1.0598e+03    475.916    34.9088    34.9106     6.2061    1474.38    27.7177    27.7191 0.0000e+00
    482.000     3.9965     3.9961   3.269327   3.269425     2.2664    -0.3719     0.3713    34.9086 1.0505e+03    476.904    34.9089    34.9104     6.2026    1474.39    27.7177    27.7190 0.0000e+00
    483.000     4.0003     3.9993   3.269812   3.269821     2.2650    -0.3776     0.3701    34.9093 1.0294e+03    477.893    34.9100    34.9112     6.1975    1474.43    27.7182    27.7193 0.0000e+00
    484.000     4.0019     4.0018   3.269958   3.270102     2.2635    -0.3910     0.3709    34.9095 1.0461e+03    478.881    34.9096    34.9114     6.1928    1474.45    27.7177    27.7192 0.0000e+00
    485.000     4.0006     4.0005   3.269883   3.270036     2.2628    -0.3901     0.3698    34.9094 1.0816e+03    479.869    34.9095    34.9113     6.1914    1474.46    27.7178    27.7193 0.0000e+00
