Ship_data/Irminger/Irminger-5/ctd/process/ar30-03001.ros
* Sea-Bird SBE 9 Data File:
* FileName = D:\Data\ar30-03001.hdr
* Software Version Seasave V 7.23.2
* Temperature SN = 4230
* Conductivity SN = 2148
* Number of Bytes Per Scan = 44
* Number of Voltage Words = 5
* Number of Scans Averaged by the Deck Unit = 1
* NMEA Latitude = 62 46.29 N
* NMEA Longitude = 028 39.40 W
* NMEA UTC (Time) = Jun 06 2018  08:16:04
** Cruise ID: ar30-03
** Chief Sci: Macdonald
** Station ID: 001
# nquan = 13
# nvalues = 343                                   
# units = specified
# name 0 = prDM: Pressure, Digiquartz [db]
# name 1 = t090C: Temperature [ITS-90, deg C]
# name 2 = t190C: Temperature, 2 [ITS-90, deg C]
# name 3 = c0S/m: Conductivity [S/m]
# name 4 = c1S/m: Conductivity, 2 [S/m]
# name 5 = sbeox0V: Oxygen raw, SBE 43 [V]
# name 6 = flECO-AFL: Fluorescence, WET Labs ECO-AFL/FL [mg/m^3]
# name 7 = turbWETntu0: Turbidity, WET Labs ECO [NTU]
# name 8 = sal00: Salinity, Practical [PSU]
# name 9 = spar: SPAR/Surface Irradiance
# name 10 = scan: Scan Count
# name 11 = nbf: Bottles Fired
# name 12 = flag:  0.000e+00
# interval = seconds: 0.0416667
# start_time = Jun 06 2018 08:16:04 [System UTC, first data scan.]
# bad_flag = -9.990e-29
*END*
[from data line 223]
     15.454     7.3551     7.3549   3.558869   3.558873     2.8260     3.9237     0.6364    34.9659 5.1686e+02     120207          5  0.000e+00
     15.462     7.3549     7.3548   3.558954   3.558935     2.8260     3.9237     0.6364    34.9670 5.1686e+02     120208          5  0.000e+00
     15.510     7.3556     7.3551   3.558941   3.558904     2.8260     3.9237     0.6364    34.9662 5.1686e+02     120209          5  0.000e+00
     15.462     7.3560     7.3551   3.558993   3.558904     2.8248     3.9237     0.6315    34.9664 5.1686e+02     120210          5  0.000e+00
     15.510     7.3561     7.3549   3.559019   3.558904     2.8260     3.9237     0.6364    34.9665 5.1686e+02     120211          5  0.000e+00
     15.518     7.3564     7.3551   3.559084   3.558904     2.8260     3.9237     0.6364    34.9669 5.1686e+02     120212          5  0.000e+00
     15.510     7.3564     7.3551   3.559091   3.558904     2.8260     3.9237     0.6315    34.9670 5.1686e+02     120213          5  0.000e+00
     15.518     7.3570     7.3553   3.559078   3.558904     2.8260     3.9237     0.6364    34.9662 5.1686e+02     120214          5  0.000e+00
     15.574     7.3567     7.3554   3.559065   3.558935     2.8260     3.9237     0.6315    34.9663 5.1686e+02     120215          5  0.000e+00
     15.582     7.3564     7.3558   3.559058   3.558947     2.8260     3.9237     0.6315    34.9666 5.1686e+02     120216          5  0.000e+00
     15.574     7.3567     7.3556   3.559071   3.558965     2.8260     3.9237     0.6315    34.9664 5.1461e+02     120217          5  0.000e+00
     15.638     7.3568     7.3563   3.559078   3.558996     2.8260     3.9237     0.6315    34.9664 5.1686e+02     120218          5  0.000e+00
     15.574     7.3564     7.3565   3.559058   3.558996     2.8260     3.9237     0.6364    34.9666 5.1686e+02     120219          5  0.000e+00
     15.638     7.3562     7.3569   3.559032   3.559027     2.8260     3.9237     0.6315    34.9665 5.1461e+02     120220          5  0.000e+00
     15.630     7.3563     7.3570   3.559039   3.559095     2.8260     3.9237     0.6364    34.9665 5.1686e+02     120221          5  0.000e+00
     15.694     7.3562     7.3570   3.559032   3.559095     2.8260     3.9237     0.6315    34.9664 5.1461e+02     120222          5  0.000e+00
     15.694     7.3561     7.3565   3.559058   3.559095     2.8260     3.9237     0.6315    34.9669 5.1461e+02     120223          5  0.000e+00
     15.694     7.3561     7.3564   3.559058   3.559058     2.8260     3.9237     0.6315    34.9668 5.1461e+02     120224          5  0.000e+00
     15.694     7.3564     7.3561   3.559052   3.559027     2.8260     3.9237     0.6364    34.9665 5.1461e+02     120225          5  0.000e+00
     15.694     7.3564     7.3557   3.559006   3.558996     2.8260     3.8455     0.6315    34.9660 5.1461e+02     120226          5  0.000e+00
     15.750     7.3561     7.3554   3.559032   3.558978     2.8260     3.6306     0.6168    34.9665 5.1461e+02     120227          5  0.000e+00
     15.758     7.3564     7.3556   3.559052   3.558935     2.8260     3.5525     0.6120    34.9665 5.1461e+02     120228          5  0.000e+00
      2.503     7.3689     7.3693   3.559640   3.559597     2.8341     3.0836     0.6657    34.9668 5.1012e+02     123119          6  0.000e+00
      2.919     7.3693     7.3695   3.559647   3.558270     2.8341     3.0836     0.6657    34.9663 5.1237e+02     123120          6  0.000e+00
      2.623     7.3695     7.3691   3.559647   3.555462     2.8353     3.0836     0.6657    34.9663 5.1012e+02     123121          6  0.000e+00
      2.679     7.3695     7.3693   3.559692   3.559658     2.8353     3.0836     0.6657    34.9668 5.1237e+02     123122          6  0.000e+00
      2.623     7.3696     7.3693   3.559666   3.559627     2.8353     3.0836     0.6657    34.9664 5.1237e+02     123123          6  0.000e+00
      2.679     7.3695     7.3690   3.559647   3.559628     2.8353     3.0836     0.6657    34.9663 5.1012e+02     123124          6  0.000e+00
      2.623     7.3696     7.3691   3.559666   3.559627     2.8353     3.0836     0.6657    34.9664 5.1012e+02     123125          6  0.000e+00
      2.735     7.3696     7.3695   3.559660   3.559628     2.8353     3.0836     0.6657    34.9663 5.1237e+02     123126          6  0.000e+00
      2.735     7.3695     7.3693   3.559693   3.559658     2.8353     3.0836     0.6657    34.9668 5.1237e+02     123127          6  0.000e+00
      2.679     7.3695     7.3695   3.559692   3.559658     2.8353     3.0836     0.6657    34.9668 5.1012e+02     123128          6  0.000e+00
      2.735     7.3696     7.3693   3.559660   3.559628     2.8353     3.0836     0.6657    34.9663 5.1012e+02     123129          6  0.000e+00
      2.735     7.3691     7.3695   3.559627   3.559658     2.8353     3.0836     0.6657    34.9664 5.1237e+02     123130          6  0.000e+00
      2.735     7.3693     7.3693   3.559640   3.559714     2.8353     3.0836     0.6657    34.9664 5.1237e+02     123131          6  0.000e+00
      2.623     7.3691     7.3696   3.559647   3.559627     2.8353     3.0836     0.6657    34.9666 5.1012e+02     123132          6  0.000e+00
      2.976     7.3691     7.3695   3.559627   3.559658     2.8353     3.0836     0.6657    34.9663 5.1012e+02     123133          6  0.000e+00
      2.855     7.3695     7.3695   3.559621   3.559695     2.8341     3.0836     0.6657    34.9659 5.1237e+02     123134          6  0.000e+00
      2.799     7.3689     7.3695   3.559640   3.559695     2.8353     3.0641     0.6657    34.9667 5.1012e+02     123135          6  0.000e+00
      2.799     7.3691     7.3697   3.559627   3.559628     2.8353     2.9859     0.6510    34.9663 5.1012e+02     123136          6  0.000e+00
      2.856     7.3691     7.3695   3.559640   3.559658     2.8353     2.9469     0.6461    34.9665 5.1012e+02     123137          6  0.000e+00
      2.856     7.3693     7.3696   3.559634   3.559695     2.8341     2.9469     0.6461    34.9662 5.1237e+02     123138          6  0.000e+00
      2.856     7.3691     7.3695   3.559640   3.559695     2.8341     2.9664     0.6461    34.9665 5.1012e+02     123139          6  0.000e+00
      2.912     7.3695     7.3695   3.559667   3.559695     2.8341     2.9469     0.6461    34.9664 5.1012e+02     123140          6  0.000e+00
      2.920     7.3695     7.3695   3.559680   3.559628     2.8341     2.9469     0.6461    34.9665 5.1012e+02     123141          6  0.000e+00
      2.912     7.3698     7.3695   3.559699   3.559658     2.8353     2.9664     0.6461    34.9664 5.1237e+02     123142          6  0.000e+00
      2.912     7.3698     7.3695   3.559712   3.559658     2.8353     2.9664     0.6461    34.9665 5.1012e+02     123143          6  0.000e+00
      2.912     7.3701     7.3695   3.559732   3.559658     2.8353     2.9469     0.6461    34.9665 5.1012e+02     123144          6  0.000e+00
      2.976     7.3701     7.3695   3.559745   3.559677     2.8353     2.9469     0.6461    34.9666 5.1012e+02     123145          6  0.000e+00
      2.976     7.3705     7.3696   3.559745   3.559628     2.8353     2.9664     0.6461    34.9662 5.1012e+02     123146          6  0.000e+00
      2.976     7.3703     7.3696   3.559771   3.559658     2.8353     2.9469     0.6461    34.9667 5.1012e+02     123147          6  0.000e+00
      3.032     7.3705     7.3696   3.559732   3.559658     2.8353     2.9664     0.6461    34.9660 5.1012e+02     123148          6  0.000e+00
      2.912     7.3705     7.3698   3.559784   3.559695     2.8353     2.9469     0.6461    34.9667 5.1012e+02     123149          6  0.000e+00
      3.096     7.3703     7.3696   3.559764   3.559658     2.8353     2.9664     0.6461    34.9666 5.1012e+02     123150          6  0.000e+00
      3.032     7.3706     7.3698   3.559764   3.559696     2.8341     2.9664     0.6461    34.9662 5.1012e+02     123151          6  0.000e+00
      3.032     7.3706     7.3705   3.559777   3.559696     2.8353     2.9664     0.6461    34.9664 5.1012e+02     123152          6  0.000e+00
      3.088     7.3704     7.3708   3.559777   3.559696     2.8353     2.9469     0.6461    34.9666 5.1012e+02     123153          6  0.000e+00
      3.096     7.3706     7.3713   3.559777   3.559819     2.8353     2.9664     0.6461    34.9664 5.1012e+02     123154          6  0.000e+00
      3.032     7.3705     7.3714   3.559797   3.559757     2.8341     2.9664     0.6461    34.9668 5.1012e+02     123155          6  0.000e+00
      3.152     7.3709     7.3721   3.559830   3.559887     2.8341     2.9664     0.6461    34.9666 5.1012e+02     123156          6  0.000e+00
      3.088     7.3704     7.3721   3.559745   3.559887     2.8341     2.9469     0.6461    34.9662 5.1237e+02     123157          6  0.000e+00
      3.152     7.3706     7.3723   3.559764   3.559918     2.8341     2.9469     0.6461    34.9662 5.1012e+02     123158          6  0.000e+00
      3.088     7.3705     7.3724   3.559758   3.559936     2.8353     2.9469     0.6461    34.9663 5.1012e+02     123159          6  0.000e+00
      3.152     7.3703     7.3724   3.559745   3.559918     2.8353     2.8882     0.6315    34.9663 5.1012e+02     123160          6  0.000e+00
      3.208     7.3703     7.3723   3.559745   3.559949     2.8341     2.8687     0.6168    34.9663 5.1012e+02     123161          6  0.000e+00
      3.152     7.3701     7.3723   3.559764   3.559918     2.8341     2.8492     0.6168    34.9667 5.1012e+02     123162          6  0.000e+00
      3.208     7.3701     7.3721   3.559758   3.559949     2.8341     2.8687     0.6168    34.9666 5.1012e+02     123163          6  0.000e+00
      3.208     7.3701     7.3721   3.559745   3.559949     2.8353     2.8687     0.6168    34.9665 5.1012e+02     123164          6  0.000e+00
      3.273     7.3703     7.3719   3.559745   3.559850     2.8341     2.8687     0.6217    34.9663 5.1012e+02     123165          6  0.000e+00
      3.208     7.3703     7.3718   3.559764   3.559887     2.8341     2.8687     0.6168    34.9665 5.1012e+02     123166          6  0.000e+00
      3.273     7.3704     7.3716   3.559758   3.559850     2.8341     2.8687     0.6168    34.9663 5.1012e+02     123167          6  0.000e+00
      3.210     7.3709     7.3705   3.559810   3.559819     2.8353     2.5561     0.6461    34.9664 5.1012e+02     123312          7  0.000e+00
      3.154     7.3711     7.3705   3.559810   3.559757     2.8353     2.5561     0.6461    34.9662 5.1012e+02     123313          7  0.000e+00
      3.097     7.3708     7.3703   3.559790   3.559788     2.8353     2.5561     0.6461    34.9663 5.1012e+02     123314          7  0.000e+00
      3.386     7.3706     7.3705   3.559758   3.559726     2.8341     2.5561     0.6461    34.9660 5.1012e+02     123315          7  0.000e+00
      3.210     7.3705     7.3705   3.559764   3.559788     2.8353     2.5561     0.6461    34.9663 5.1012e+02     123316          7  0.000e+00
      3.274     7.3704     7.3706   3.559777   3.559788     2.8353     2.5561     0.6461    34.9665 5.1012e+02     123317          7  0.000e+00
      3.274     7.3705     7.3706   3.559777   3.559788     2.8353     2.5561     0.6461    34.9664 5.1012e+02     123318          7  0.000e+00
      3.274     7.3708     7.3706   3.559777   3.559807     2.8353     2.5561     0.6461    34.9661 5.1012e+02     123319          7  0.000e+00
      3.274     7.3704     7.3706   3.559777   3.559788     2.8353     2.5561     0.6461    34.9665 5.1012e+02     123320          7  0.000e+00
      3.274     7.3709     7.3708   3.559758   3.559757     2.8353     2.5561     0.6461    34.9658 5.0787e+02     123321          7  0.000e+00
      3.330     7.3709     7.3708   3.559764   3.559788     2.8353     2.5561     0.6461    34.9658 5.0787e+02     123322          7  0.000e+00
      3.274     7.3708     7.3706   3.559777   3.559788     2.8353     2.5561     0.6461    34.9661 5.0787e+02     123323          7  0.000e+00
      3.274     7.3708     7.3706   3.559797   3.559788     2.8353     2.5561     0.6461    34.9663 5.0787e+02     123324          7  0.000e+00
      3.330     7.3709     7.3706   3.559810   3.559788     2.8353     2.5561     0.6461    34.9663 5.1012e+02     123325          7  0.000e+00
      3.274     7.3708     7.3708   3.559810   3.559788     2.8353     2.5561     0.6461    34.9665 5.0787e+02     123326          7  0.000e+00
      3.330     7.3709     7.3708   3.559810   3.559819     2.8353     2.5561     0.6461    34.9663 5.0787e+02     123327          7  0.000e+00
      3.330     7.3708     7.3708   3.559856   3.559819     2.8353     2.5561     0.6461    34.9669 5.0787e+02     123328          7  0.000e+00
      3.330     7.3709     7.3709   3.559830   3.559819     2.8353     2.6538     0.6413    34.9665 5.0787e+02     123329          7  0.000e+00
      3.386     7.3708     7.3709   3.559790   3.559850     2.8353     2.9078     0.6120    34.9662 5.0787e+02     123330          7  0.000e+00
      3.330     7.3709     7.3713   3.559797   3.559788     2.8353     2.9859     0.6071    34.9662 5.0787e+02     123331          7  0.000e+00
      3.330     7.3709     7.3713   3.559830   3.559850     2.8353     2.9859     0.6071    34.9665 5.0787e+02     123332          7  0.000e+00
      3.330     7.3708     7.3714   3.559823   3.559887     2.8353     2.9859     0.6071    34.9666 5.0563e+02     123333          7  0.000e+00
      3.386     7.3709     7.3713   3.559856   3.559838     2.8353     2.9664     0.6071    34.9668 5.0787e+02     123334          7  0.000e+00
      3.330     7.3708     7.3714   3.559856   3.559850     2.8353     2.9664     0.6071    34.9669 5.0787e+02     123335          7  0.000e+00
      3.330     7.3709     7.3713   3.559843   3.559850     2.8353     2.9859     0.6071    34.9666 5.0787e+02     123336          7  0.000e+00
      3.386     7.3709     7.3711   3.559843   3.559850     2.8353     2.9664     0.6071    34.9666 5.0787e+02     123337          7  0.000e+00
      3.386     7.3711     7.3713   3.559823   3.559819     2.8353     2.9664     0.6071    34.9662 5.0787e+02     123338          7  0.000e+00
      3.330     7.3709     7.3714   3.559830   3.559887     2.8353     2.9664     0.6071    34.9665 5.0563e+02     123339          7  0.000e+00
      3.386     7.3708     7.3714   3.559823   3.559850     2.8353     2.9859     0.6071    34.9666 5.0563e+02     123340          7  0.000e+00
      3.386     7.3706     7.3713   3.559790   3.559819     2.8353     2.9859     0.6071    34.9664 5.0563e+02     123341          7  0.000e+00
      3.386     7.3708     7.3714   3.559797   3.559757     2.8353     2.9664     0.6071    34.9663 5.0787e+02     123342          7  0.000e+00
      3.394     7.3706     7.3714   3.559790   3.559850     2.8353     2.9664     0.6071    34.9664 5.0787e+02     123343          7  0.000e+00
      3.386     7.3706     7.3713   3.559777   3.559887     2.8353     2.9859     0.6071    34.9662 5.0563e+02     123344          7  0.000e+00
      3.450     7.3706     7.3713   3.559823   3.559850     2.8353     2.9664     0.6071    34.9667 5.0787e+02     123345          7  0.000e+00
      3.386     7.3706     7.3709   3.559797   3.559850     2.8353     2.9859     0.6071    34.9664 5.0563e+02     123346          7  0.000e+00
      3.394     7.3706     7.3713   3.559797   3.559850     2.8353     2.9664     0.6071    34.9664 5.0563e+02     123347          7  0.000e+00
      3.386     7.3705     7.3713   3.559790   3.559850     2.8353     2.9859     0.6071    34.9665 5.0563e+02     123348          7  0.000e+00
      3.450     7.3708     7.3714   3.559797   3.559838     2.8353     2.9664     0.6071    34.9662 5.0563e+02     123349          7  0.000e+00
      3.386     7.3706     7.3713   3.559764   3.559819     2.8353     2.9859     0.6071    34.9661 5.0563e+02     123350          7  0.000e+00
