Ship_data/Irminger/Irminger-5/ctd/process/ar30-03009.ros
* Sea-Bird SBE 9 Data File:
* FileName = D:\Data\ar30-03009.hdr
* Software Version Seasave V 7.23.2
* Temperature SN = 4312
* Conductivity SN = 2148
* Number of Bytes Per Scan = 44
* Number of Voltage Words = 5
* Number of Scans Averaged by the Deck Unit = 1
* NMEA Latitude = 59 49.83 N
* NMEA Longitude = 039 13.28 W
* NMEA UTC (Time) = Jun 12 2018  18:03:09
** Cruise ID: ar30-03
** Chief Sci: Macdonald
** Station #: 009
** Site ID: Irminger 5 test cast
** test cast to 130m
# nquan = 13
# nvalues = 1176                                  
# units = specified
# name 0 = prDM: Pressure, Digiquartz [db]
# name 1 = t090C: Temperature [ITS-90, deg C]
# name 2 = t190C: Temperature, 2 [ITS-90, deg C]
# name 3 = c0S/m: Conductivity [S/m]
# name 4 = c1S/m: Conductivity, 2 [S/m]
# name 5 = sbeox0V: Oxygen raw, SBE 43 [V]
# name 6 = flECO-AFL: Fluorescence, WET Labs ECO-AFL/FL [mg/m^3]
# name 7 = turbWETntu0: Turbidity, WET Labs ECO [NTU]
# name 8 = sal00: Salinity, Practical [PSU]
# name 9 = spar: SPAR/Surface Irradiance
# name 10 = scan: Scan Count
# name 11 = nbf: Bottles Fired
# name 12 = flag:  0.000e+00
# interval = seconds: 0.0416667
# start_time = Jun 12 2018 18:03:09 [System UTC, first data scan.]
# bad_flag = -9.990e-29
*END*
[from data line 889]
      2.779     6.1200     6.1208   3.436330   3.436505     2.8856     3.1031     0.5778    34.8719 3.3484e+02      24835         19  0.000e+00
      2.787     6.1202     6.1204   3.436356   3.436481     2.8856     3.0836     0.5778    34.8720 3.3484e+02      24836         19  0.000e+00
      2.723     6.1202     6.1199   3.436349   3.436408     2.8856     3.0836     0.5778    34.8720 3.3484e+02      24837         19  0.000e+00
      2.899     6.1208     6.1196   3.436356   3.436377     2.8856     3.0836     0.5778    34.8713 3.3259e+02      24838         19  0.000e+00
      2.899     6.1210     6.1192   3.436439   3.436353     2.8856     3.1031     0.5778    34.8721 3.3259e+02      24839         19  0.000e+00
      2.843     6.1219     6.1192   3.436529   3.436347     2.8856     3.1031     0.5778    34.8722 3.3484e+02      24840         19  0.000e+00
      2.899     6.1226     6.1194   3.436574   3.436347     2.8856     3.1031     0.5778    34.8719 3.3259e+02      24841         19  0.000e+00
      2.899     6.1234     6.1191   3.436632   3.436389     2.8856     3.1031     0.5778    34.8718 3.3259e+02      24842         19  0.000e+00
      2.955     6.1239     6.1191   3.436690   3.436347     2.8856     3.0836     0.5778    34.8719 3.3484e+02      24843         19  0.000e+00
      2.955     6.1242     6.1191   3.436690   3.436377     2.8856     3.1031     0.5778    34.8716 3.3259e+02      24844         19  0.000e+00
      2.963     6.1243     6.1193   3.436684   3.436353     2.8856     3.1031     0.5778    34.8715 3.3259e+02      24845         19  0.000e+00
      2.955     6.1242     6.1192   3.436664   3.436408     2.8844     3.0836     0.5778    34.8713 3.3259e+02      24846         19  0.000e+00
      3.019     6.1243     6.1192   3.436671   3.436347     2.8844     3.1031     0.5778    34.8713 3.3259e+02      24847         19  0.000e+00
      3.019     6.1242     6.1191   3.436664   3.436353     2.8844     3.1031     0.5778    34.8713 3.3259e+02      24848         19  0.000e+00
      3.075     6.1246     6.1192   3.436767   3.436347     2.8844     3.0836     0.5778    34.8720 3.3259e+02      24849         19  0.000e+00
      3.075     6.1255     6.1197   3.436844   3.436390     2.8844     3.1031     0.5778    34.8719 3.3259e+02      24850         19  0.000e+00
      3.019     6.1267     6.1206   3.436979   3.436377     2.8844     3.0836     0.5778    34.8723 3.3259e+02      24851         19  0.000e+00
      3.131     6.1274     6.1210   3.437024   3.436536     2.8844     3.1031     0.5778    34.8720 3.3259e+02      24852         19  0.000e+00
      3.131     6.1282     6.1215   3.437044   3.436572     2.8844     3.1031     0.5778    34.8714 3.3259e+02      24853         19  0.000e+00
      3.139     6.1282     6.1217   3.437050   3.436597     2.8844     3.1031     0.5778    34.8715 3.3034e+02      24854         19  0.000e+00
      3.131     6.1277     6.1217   3.436986   3.436566     2.8844     3.1422     0.5778    34.8713 3.3259e+02      24855         19  0.000e+00
      3.195     6.1277     6.1221   3.436979   3.436633     2.8844     3.2594     0.5778    34.8712 3.3034e+02      24856         19  0.000e+00
      3.195     6.1275     6.1223   3.436973   3.436627     2.8844     3.2985     0.5778    34.8713 3.3259e+02      24857         19  0.000e+00
      3.195     6.1275     6.1225   3.436941   3.436627     2.8844     3.2985     0.5778    34.8709 3.3259e+02      24858         19  0.000e+00
      3.251     6.1269     6.1228   3.436767   3.436664     2.8831     3.2790     0.5778    34.8696 3.3259e+02      24859         19  0.000e+00
      3.251     6.1259     6.1226   3.436754   3.436688     2.8844     3.2790     0.5778    34.8704 3.3259e+02      24860         19  0.000e+00
      3.251     6.1259     6.1226   3.436793   3.436688     2.8831     3.2790     0.5778    34.8709 3.3034e+02      24861         19  0.000e+00
      3.315     6.1260     6.1223   3.436825   3.436664     2.8831     3.2790     0.5778    34.8710 3.3034e+02      24862         19  0.000e+00
      3.251     6.1267     6.1220   3.436928   3.436597     2.8831     3.2790     0.5778    34.8716 3.3259e+02      24863         19  0.000e+00
      3.315     6.1270     6.1220   3.436960   3.436597     2.8831     3.2790     0.5778    34.8716 3.3034e+02      24864         19  0.000e+00
      3.315     6.1274     6.1221   3.436941   3.436572     2.8831     3.2790     0.5778    34.8710 3.3034e+02      24865         19  0.000e+00
      3.371     6.1274     6.1220   3.437018   3.436657     2.8831     3.2790     0.5778    34.8718 3.3034e+02      24866         19  0.000e+00
      3.315     6.1278     6.1220   3.437095   3.436597     2.8831     3.2790     0.5778    34.8723 3.3034e+02      24867         19  0.000e+00
      3.371     6.1285     6.1225   3.437160   3.436572     2.8831     3.2790     0.5778    34.8723 3.3034e+02      24868         19  0.000e+00
      3.371     6.1286     6.1230   3.437179   3.436657     2.8831     3.2790     0.5778    34.8723 3.3034e+02      24869         19  0.000e+00
      3.371     6.1291     6.1233   3.437179   3.436688     2.8831     3.2790     0.5778    34.8718 3.3259e+02      24870         19  0.000e+00
      3.315     6.1293     6.1251   3.437134   3.436700     2.8831     3.2790     0.5778    34.8712 3.3034e+02      24871         19  0.000e+00
      3.492     6.1294     6.1271   3.437160   3.436907     2.8831     3.2790     0.5778    34.8712 3.3034e+02      24872         19  0.000e+00
      3.428     6.1294     6.1281   3.437160   3.437090     2.8831     3.2790     0.5778    34.8713 3.3034e+02      24873         19  0.000e+00
      3.428     6.1296     6.1286   3.437166   3.437193     2.8831     3.2790     0.5778    34.8711 3.3034e+02      24874         19  0.000e+00
      3.428     6.1298     6.1291   3.437160   3.437218     2.8831     3.2790     0.5778    34.8709 3.3034e+02      24875         19  0.000e+00
      3.436     6.1298     6.1294   3.437147   3.437279     2.8831     3.2790     0.5778    34.8707 3.3259e+02      24876         19  0.000e+00
      2.843     6.1188     6.1202   3.436259   3.436444     2.8831     3.6306     0.5875    34.8723 3.3259e+02      24981         20  0.000e+00
      2.899     6.1190     6.1210   3.436259   3.436481     2.8831     3.6306     0.5875    34.8721 3.3259e+02      24982         20  0.000e+00
      3.131     6.1192     6.1215   3.436247   3.436536     2.8844     3.6306     0.5875    34.8717 3.3259e+02      24983         20  0.000e+00
      2.787     6.1192     6.1218   3.436202   3.436596     2.8831     3.6306     0.5875    34.8713 3.3259e+02      24984         20  0.000e+00
      3.019     6.1188     6.1217   3.436227   3.436572     2.8831     3.6306     0.5875    34.8719 3.3259e+02      24985         20  0.000e+00
      2.955     6.1192     6.1218   3.436247   3.436596     2.8831     3.6306     0.5875    34.8717 3.3259e+02      24986         20  0.000e+00
      2.899     6.1190     6.1217   3.436247   3.436566     2.8844     3.6306     0.5875    34.8720 3.3259e+02      24987         20  0.000e+00
      2.963     6.1193     6.1217   3.436266   3.436542     2.8844     3.6306     0.5875    34.8718 3.3259e+02      24988         20  0.000e+00
      2.955     6.1197     6.1213   3.436317   3.436566     2.8831     3.6306     0.5875    34.8720 3.3259e+02      24989         20  0.000e+00
      3.019     6.1207     6.1210   3.436382   3.436566     2.8831     3.6306     0.5875    34.8717 3.3259e+02      24990         20  0.000e+00
      2.955     6.1213     6.1205   3.436472   3.436511     2.8831     3.6306     0.5875    34.8721 3.3259e+02      24991         20  0.000e+00
      2.955     6.1216     6.1206   3.436478   3.436408     2.8831     3.6306     0.5875    34.8719 3.3484e+02      24992         20  0.000e+00
      3.019     6.1217     6.1199   3.436465   3.436475     2.8831     3.6306     0.5875    34.8716 3.3259e+02      24993         20  0.000e+00
      2.955     6.1216     6.1200   3.436446   3.436420     2.8844     3.6306     0.5875    34.8715 3.3259e+02      24994         20  0.000e+00
      3.019     6.1212     6.1199   3.436414   3.436408     2.8844     3.6306     0.5875    34.8716 3.3259e+02      24995         20  0.000e+00
      2.955     6.1210     6.1197   3.436382   3.436377     2.8844     3.6306     0.5875    34.8714 3.3259e+02      24996         20  0.000e+00
      3.019     6.1209     6.1196   3.436388   3.436389     2.8831     3.6306     0.5875    34.8716 3.3259e+02      24997         20  0.000e+00
      3.019     6.1208     6.1196   3.436420   3.436347     2.8831     3.6306     0.5875    34.8720 3.3259e+02      24998         20  0.000e+00
      2.955     6.1213     6.1196   3.436433   3.436408     2.8831     3.6306     0.5875    34.8717 3.3259e+02      24999         20  0.000e+00
      3.019     6.1217     6.1194   3.436497   3.436420     2.8831     3.6111     0.5875    34.8720 3.3484e+02      25000         20  0.000e+00
      3.019     6.1221     6.1197   3.436542   3.436377     2.8831     3.3766     0.5582    34.8720 3.3259e+02      25001         20  0.000e+00
      3.019     6.1228     6.1196   3.436574   3.436389     2.8831     3.2399     0.5485    34.8717 3.3259e+02      25002         20  0.000e+00
      3.019     6.1233     6.1199   3.436607   3.436377     2.8831     3.2204     0.5436    34.8716 3.3259e+02      25003         20  0.000e+00
      3.019     6.1238     6.1199   3.436619   3.436408     2.8831     3.2399     0.5436    34.8712 3.3259e+02      25004         20  0.000e+00
      3.019     6.1241     6.1199   3.436664   3.436420     2.8831     3.2399     0.5436    34.8714 3.3259e+02      25005         20  0.000e+00
      2.963     6.1238     6.1197   3.436664   3.436444     2.8831     3.2399     0.5436    34.8718 3.3259e+02      25006         20  0.000e+00
      3.019     6.1238     6.1202   3.436632   3.436377     2.8831     3.2399     0.5436    34.8714 3.3259e+02      25007         20  0.000e+00
      3.019     6.1239     6.1202   3.436619   3.436420     2.8831     3.2594     0.5436    34.8711 3.3259e+02      25008         20  0.000e+00
      3.019     6.1241     6.1205   3.436639   3.436475     2.8831     3.2594     0.5436    34.8711 3.3259e+02      25009         20  0.000e+00
      3.019     6.1244     6.1210   3.436671   3.436505     2.8831     3.2594     0.5436    34.8711 3.3259e+02      25010         20  0.000e+00
      3.019     6.1247     6.1210   3.436703   3.436542     2.8831     3.2399     0.5436    34.8712 3.3259e+02      25011         20  0.000e+00
      2.955     6.1247     6.1216   3.436709   3.436566     2.8831     3.2399     0.5436    34.8713 3.3259e+02      25012         20  0.000e+00
      3.019     6.1249     6.1220   3.436709   3.436566     2.8831     3.2399     0.5436    34.8710 3.3259e+02      25013         20  0.000e+00
      2.955     6.1251     6.1217   3.436729   3.436572     2.8831     3.2594     0.5436    34.8711 3.3484e+02      25014         20  0.000e+00
      3.019     6.1252     6.1220   3.436742   3.436566     2.8831     3.2399     0.5436    34.8711 3.3259e+02      25015         20  0.000e+00
      3.019     6.1252     6.1220   3.436722   3.436566     2.8831     3.2594     0.5436    34.8709 3.3259e+02      25016         20  0.000e+00
      2.955     6.1252     6.1221   3.436780   3.436572     2.8819     3.2399     0.5436    34.8716 3.3259e+02      25017         20  0.000e+00
      2.955     6.1255     6.1223   3.436787   3.436596     2.8819     3.2399     0.5436    34.8713 3.3259e+02      25018         20  0.000e+00
      2.955     6.1257     6.1225   3.436793   3.436627     2.8819     3.2399     0.5436    34.8712 3.3259e+02      25019         20  0.000e+00
      3.019     6.1257     6.1231   3.436806   3.436663     2.8819     3.2399     0.5436    34.8713 3.3484e+02      25020         20  0.000e+00
      2.955     6.1255     6.1230   3.436806   3.436688     2.8819     3.2594     0.5436    34.8715 3.3259e+02      25021         20  0.000e+00
      2.899     6.1260     6.1234   3.436787   3.436657     2.8819     3.2399     0.5436    34.8708 3.3259e+02      25022         20  0.000e+00
      2.955     6.1259     6.1234   3.436774   3.436761     2.8819     3.2399     0.5436    34.8708 3.3259e+02      25023         20  0.000e+00
      2.963     6.1259     6.1236   3.436793   3.436688     2.8819     3.2594     0.5436    34.8710 3.3259e+02      25024         20  0.000e+00
      2.899     6.1259     6.1230   3.436787   3.436688     2.8819     3.0445     0.5534    34.8710 3.3259e+02      25025         20  0.000e+00
      2.899     6.1262     6.1232   3.436729   3.436663     2.8819     2.8492     0.5582    34.8700 3.3259e+02      25026         20  0.000e+00
      2.899     6.1259     6.1233   3.436754   3.436627     2.8819     2.8101     0.5582    34.8706 3.3484e+02      25027         20  0.000e+00
      2.955     6.1259     6.1230   3.436793   3.436627     2.8819     2.8296     0.5582    34.8710 3.3484e+02      25028         20  0.000e+00
      2.843     6.1257     6.1230   3.436806   3.436663     2.8819     2.8492     0.5582    34.8714 3.3484e+02      25029         20  0.000e+00
      3.196     6.1205     6.1210   3.436337   3.436536     2.8819     3.1031     0.5582    34.8713 3.2585e+02      25149         21  0.000e+00
      3.076     6.1207     6.1210   3.436356   3.436511     2.8831     3.1031     0.5582    34.8714 3.2585e+02      25150         21  0.000e+00
      3.252     6.1205     6.1208   3.436369   3.436475     2.8819     3.0836     0.5582    34.8717 3.2585e+02      25151         21  0.000e+00
      3.196     6.1207     6.1206   3.436388   3.436511     2.8819     3.0836     0.5582    34.8717 3.2585e+02      25152         21  0.000e+00
      3.196     6.1210     6.1207   3.436420   3.436536     2.8819     3.1031     0.5582    34.8718 3.2585e+02      25153         21  0.000e+00
      3.132     6.1212     6.1208   3.436433   3.436475     2.8819     3.1031     0.5582    34.8717 3.2585e+02      25154         21  0.000e+00
      3.252     6.1213     6.1208   3.436414   3.436481     2.8819     3.1031     0.5582    34.8713 3.2809e+02      25155         21  0.000e+00
      3.140     6.1212     6.1208   3.436382   3.436505     2.8819     3.1031     0.5582    34.8711 3.2585e+02      25156         21  0.000e+00
      3.196     6.1211     6.1210   3.436414   3.436475     2.8819     3.1031     0.5582    34.8715 3.2585e+02      25157         21  0.000e+00
      3.196     6.1212     6.1212   3.436388   3.436511     2.8819     3.1031     0.5582    34.8712 3.2585e+02      25158         21  0.000e+00
      3.196     6.1208     6.1214   3.436369   3.436475     2.8819     3.1031     0.5582    34.8713 3.2585e+02      25159         21  0.000e+00
      3.196     6.1210     6.1213   3.436350   3.436536     2.8819     3.1031     0.5582    34.8709 3.2585e+02      25160         21  0.000e+00
      3.196     6.1208     6.1215   3.436356   3.436511     2.8819     3.1031     0.5582    34.8712 3.2809e+02      25161         21  0.000e+00
      3.132     6.1208     6.1215   3.436369   3.436536     2.8819     3.1031     0.5582    34.8714 3.2585e+02      25162         21  0.000e+00
      3.196     6.1209     6.1213   3.436414   3.436536     2.8819     3.0836     0.5582    34.8718 3.2809e+02      25163         21  0.000e+00
      3.196     6.1210     6.1213   3.436388   3.436511     2.8819     3.1031     0.5582    34.8714 3.2585e+02      25164         21  0.000e+00
      3.196     6.1209     6.1208   3.436388   3.436566     2.8819     3.1031     0.5582    34.8715 3.2809e+02      25165         21  0.000e+00
      3.132     6.1208     6.1209   3.436356   3.436536     2.8819     3.1031     0.5582    34.8712 3.2809e+02      25166         21  0.000e+00
      3.196     6.1210     6.1208   3.436382   3.436511     2.8819     3.1031     0.5582    34.8713 3.2585e+02      25167         21  0.000e+00
      3.196     6.1208     6.1208   3.436382   3.436475     2.8819     3.1031     0.5582    34.8715 3.2585e+02      25168         21  0.000e+00
