Ship_data/Irminger/Irminger-5/ctd/process/ar30-03006.ros
* Sea-Bird SBE 9 Data File:
* FileName = D:\Data\ar30-03006.hdr
* Software Version Seasave V 7.23.2
* Temperature SN = 4312
* Conductivity SN = 2148
* Number of Bytes Per Scan = 44
* Number of Voltage Words = 5
* Number of Scans Averaged by the Deck Unit = 1
* NMEA Latitude = 59 57.97 N
* NMEA Longitude = 039 30.98 W
* NMEA UTC (Time) = Jun 09 2018  13:38:40
** Cruise ID: ar30-03
** Chief Sci: Macdonald
** Station #: 006
** Site ID: Irminger 5 HYPM
** ctd cast at HYPM site with 3 bottom releases tested
# nquan = 13
# nvalues = 1176                                  
# units = specified
# name 0 = prDM: Pressure, Digiquartz [db]
# name 1 = t090C: Temperature [ITS-90, deg C]
# name 2 = t190C: Temperature, 2 [ITS-90, deg C]
# name 3 = c0S/m: Conductivity [S/m]
# name 4 = c1S/m: Conductivity, 2 [S/m]
# name 5 = sbeox0V: Oxygen raw, SBE 43 [V]
# name 6 = flECO-AFL: Fluorescence, WET Labs ECO-AFL/FL [mg/m^3]
# name 7 = turbWETntu0: Turbidity, WET Labs ECO [NTU]
# name 8 = sal00: Salinity, Practical [PSU]
# name 9 = spar: SPAR/Surface Irradiance
# name 10 = scan: Scan Count
# name 11 = nbf: Bottles Fired
# name 12 = flag:  0.000e+00
# interval = seconds: 0.0416667
# start_time = Jun 09 2018 13:38:40 [System UTC, first data scan.]
# bad_flag = -9.990e-29
*END*
   2688.490     1.5144     1.5140   3.140089   3.139983     1.7971    -0.3743     0.4019    34.8865 1.0360e+03      72071          1  0.000e+00
   2688.298     1.5144     1.5139   3.140101   3.140013     1.7971    -0.3938     0.4019    34.8867 1.0360e+03      72072          1  0.000e+00
   2688.423     1.5143     1.5140   3.140102   3.140013     1.7971    -0.3938     0.4019    34.8868 1.0360e+03      72073          1  0.000e+00
   2688.490     1.5145     1.5139   3.140120   3.139954     1.7971    -0.3743     0.4019    34.8867 1.0337e+03      72074          1  0.000e+00
   2688.490     1.5145     1.5138   3.140108   3.139954     1.7971    -0.3938     0.4019    34.8865 1.0337e+03      72075          1  0.000e+00
   2688.490     1.5145     1.5141   3.140083   3.139983     1.7971    -0.3938     0.4019    34.8862 1.0337e+03      72076          1  0.000e+00
   2688.490     1.5143     1.5139   3.140071   3.139983     1.7971    -0.3938     0.4019    34.8864 1.0337e+03      72077          1  0.000e+00
   2688.549     1.5139     1.5144   3.140052   3.140013     1.7971    -0.3938     0.4019    34.8865 1.0315e+03      72078          1  0.000e+00
   2688.557     1.5136     1.5143   3.140021   3.140013     1.7971    -0.3938     0.4019    34.8864 1.0315e+03      72079          1  0.000e+00
   2688.490     1.5133     1.5143   3.140015   3.140042     1.7971    -0.3938     0.4019    34.8867 1.0292e+03      72080          1  0.000e+00
   2688.616     1.5133     1.5146   3.140033   3.140013     1.7971    -0.3938     0.4019    34.8869 1.0315e+03      72081          1  0.000e+00
   2688.557     1.5133     1.5141   3.140021   3.140042     1.7971    -0.3938     0.4019    34.8868 1.0292e+03      72082          1  0.000e+00
   2688.616     1.5135     1.5141   3.140015   3.140013     1.7971    -0.3938     0.4019    34.8865 1.0292e+03      72083          1  0.000e+00
   2688.557     1.5138     1.5138   3.140015   3.140013     1.7971    -0.3938     0.4019    34.8862 1.0292e+03      72084          1  0.000e+00
   2688.683     1.5139     1.5132   3.140033   3.139954     1.7971    -0.3938     0.4019    34.8862 1.0292e+03      72085          1  0.000e+00
   2688.557     1.5135     1.5124   3.140002   3.139924     1.7971    -0.3938     0.4019    34.8864 1.0270e+03      72086          1  0.000e+00
   2688.683     1.5126     1.5119   3.139922   3.139895     1.7971    -0.3938     0.4019    34.8862 1.0270e+03      72087          1  0.000e+00
   2688.616     1.5120     1.5118   3.139859   3.139842     1.7971    -0.3938     0.4019    34.8861 1.0270e+03      72088          1  0.000e+00
   2688.683     1.5114     1.5117   3.139822   3.139836     1.7971    -0.3938     0.4019    34.8863 1.0270e+03      72089          1  0.000e+00
   2688.683     1.5114     1.5120   3.139791   3.139813     1.7971    -0.3938     0.4019    34.8859 1.0270e+03      72090          1  0.000e+00
   2688.683     1.5114     1.5125   3.139841   3.139836     1.7971    -0.3938     0.4019    34.8865 1.0247e+03      72091          1  0.000e+00
   2688.683     1.5114     1.5127   3.139884   3.139895     1.7971    -0.3938     0.4019    34.8871 1.0247e+03      72092          1  0.000e+00
   2688.683     1.5120     1.5133   3.139915   3.139866     1.7971    -0.3938     0.4068    34.8868 1.0247e+03      72093          1  0.000e+00
   2688.742     1.5124     1.5137   3.139946   3.139954     1.7971    -0.3938     0.4019    34.8868 1.0247e+03      72094          1  0.000e+00
   2688.683     1.5126     1.5138   3.139953   3.139954     1.7971    -0.3743     0.4068    34.8866 1.0247e+03      72095          1  0.000e+00
   2688.683     1.5135     1.5130   3.139977   3.139983     1.7971    -0.3743     0.4117    34.8860 1.0247e+03      72096          1  0.000e+00
   2688.750     1.5136     1.5120   3.139984   3.139954     1.7971    -0.3547     0.4117    34.8859 1.0247e+03      72097          1  0.000e+00
   2688.683     1.5131     1.5119   3.139984   3.139866     1.7971    -0.3743     0.4117    34.8864 1.0247e+03      72098          1  0.000e+00
   2688.742     1.5130     1.5114   3.139984   3.139842     1.7971    -0.3743     0.4117    34.8866 1.0247e+03      72099          1  0.000e+00
   2688.750     1.5135     1.5119   3.140021   3.139807     1.7971    -0.3743     0.4117    34.8865 1.0225e+03      72100          1  0.000e+00
   2688.683     1.5128     1.5132   3.140021   3.139842     1.7971    -0.3743     0.4117    34.8872 1.0225e+03      72101          1  0.000e+00
   2688.750     1.5131     1.5138   3.140052   3.139842     1.7971    -0.3743     0.4117    34.8872 1.0225e+03      72102          1  0.000e+00
   2688.742     1.5136     1.5143   3.140089   3.139836     1.7971    -0.3743     0.4117    34.8872 1.0225e+03      72103          1  0.000e+00
   2688.683     1.5143     1.5135   3.140064   3.139895     1.7971    -0.3743     0.4117    34.8862 1.0225e+03      72104          1  0.000e+00
   2688.742     1.5144     1.5130   3.140064   3.139895     1.7971    -0.3743     0.4117    34.8861 1.0225e+03      72105          1  0.000e+00
   2688.683     1.5150     1.5127   3.140089   3.139895     1.7971    -0.3743     0.4117    34.8857 1.0202e+03      72106          1  0.000e+00
   2688.750     1.5145     1.5132   3.140083   3.139925     1.7971    -0.3743     0.4117    34.8861 1.0225e+03      72107          1  0.000e+00
   2688.742     1.5145     1.5135   3.140071   3.139925     1.7971    -0.3743     0.4117    34.8860 1.0202e+03      72108          1  0.000e+00
   2688.683     1.5143     1.5139   3.140052   3.139954     1.7971    -0.3743     0.4117    34.8860 1.0202e+03      72109          1  0.000e+00
   2688.742     1.5136     1.5141   3.140002   3.140013     1.7971    -0.3743     0.4117    34.8861 1.0202e+03      72110          1  0.000e+00
   2688.683     1.5130     1.5140   3.139984   3.139925     1.7971    -0.3743     0.4117    34.8866 1.0202e+03      72111          1  0.000e+00
   2688.742     1.5126     1.5138   3.139946   3.139954     1.7971    -0.3743     0.4117    34.8865 1.0202e+03      72112          1  0.000e+00
   2688.683     1.5126     1.5130   3.139928   3.139954     1.7971    -0.3743     0.4117    34.8863 1.0202e+03      72113          1  0.000e+00
   2688.683     1.5125     1.5122   3.139928   3.139925     1.7971    -0.3743     0.4117    34.8864 1.0202e+03      72114          1  0.000e+00
   2688.742     1.5124     1.5116   3.139928   3.139866     1.7971    -0.3743     0.4117    34.8865 1.0202e+03      72115          1  0.000e+00
   2688.683     1.5122     1.5116   3.139928   3.139866     1.7971    -0.3743     0.4117    34.8867 1.0202e+03      72116          1  0.000e+00
   2688.683     1.5122     1.5117   3.139909   3.139807     1.7971    -0.3743     0.4117    34.8865 1.0202e+03      72117          1  0.000e+00
   2688.750     1.5124     1.5116   3.139915   3.139866     1.7971    -0.3743     0.4117    34.8864 1.0202e+03      72118          1  0.000e+00
   2688.683     1.5124     1.5116   3.139909   3.139748     1.7971    -0.3743     0.4068    34.8863 1.0202e+03      72119          1  0.000e+00
   2540.550     1.7483     1.7491   3.155061   3.155087     1.8199    -0.3938     0.3629    34.8901 9.0338e+02      80271          2  0.000e+00
   2540.467     1.7483     1.7493   3.155080   3.155111     1.8199    -0.3743     0.3629    34.8904 9.0338e+02      80272          2  0.000e+00
   2540.592     1.7483     1.7493   3.155092   3.155111     1.8199    -0.3938     0.3629    34.8905 9.0338e+02      80273          2  0.000e+00
   2540.617     1.7485     1.7491   3.155099   3.155058     1.8199    -0.3938     0.3629    34.8904 9.0338e+02      80274          2  0.000e+00
   2540.592     1.7483     1.7491   3.155092   3.155111     1.8199    -0.3938     0.3629    34.8905 9.0338e+02      80275          2  0.000e+00
   2540.659     1.7486     1.7491   3.155092   3.155058     1.8199    -0.3938     0.3629    34.8902 9.0114e+02      80276          2  0.000e+00
   2540.675     1.7483     1.7491   3.155092   3.155087     1.8199    -0.3938     0.3629    34.8904 9.0338e+02      80277          2  0.000e+00
   2540.717     1.7483     1.7491   3.155099   3.155087     1.8212    -0.3938     0.3629    34.8905 9.0338e+02      80278          2  0.000e+00
   2540.784     1.7483     1.7489   3.155111   3.155087     1.8199    -0.3938     0.3629    34.8906 9.0338e+02      80279          2  0.000e+00
   2540.742     1.7483     1.7489   3.155105   3.155087     1.8199    -0.3938     0.3629    34.8906 9.0338e+02      80280          2  0.000e+00
   2540.843     1.7485     1.7491   3.155055   3.155111     1.8199    -0.3938     0.3629    34.8897 9.0114e+02      80281          2  0.000e+00
   2540.784     1.7483     1.7489   3.155080   3.155087     1.8199    -0.3743     0.3629    34.8902 9.0114e+02      80282          2  0.000e+00
   2540.935     1.7485     1.7493   3.155092   3.155140     1.8199    -0.3743     0.3629    34.8901 9.0114e+02      80283          2  0.000e+00
   2540.843     1.7483     1.7489   3.155080   3.155058     1.8199    -0.3743     0.3629    34.8902 9.0114e+02      80284          2  0.000e+00
   2540.976     1.7483     1.7491   3.155086   3.155087     1.8199    -0.3743     0.3629    34.8902 9.0114e+02      80285          2  0.000e+00
   2540.935     1.7483     1.7491   3.155074   3.155111     1.8199    -0.3743     0.3629    34.8901 9.0114e+02      80286          2  0.000e+00
   2540.976     1.7485     1.7494   3.155080   3.155087     1.8199    -0.3743     0.3629    34.8900 9.0114e+02      80287          2  0.000e+00
   2541.035     1.7485     1.7494   3.155093   3.155111     1.8199    -0.3743     0.3629    34.8901 9.0114e+02      80288          2  0.000e+00
   2541.060     1.7485     1.7493   3.155074   3.155111     1.8199    -0.3743     0.3629    34.8899 9.0114e+02      80289          2  0.000e+00
   2541.035     1.7485     1.7493   3.155080   3.155111     1.8199    -0.3743     0.3629    34.8899 9.0114e+02      80290          2  0.000e+00
   2541.102     1.7485     1.7491   3.155074   3.155111     1.8199    -0.3743     0.3629    34.8898 9.0114e+02      80291          2  0.000e+00
   2541.102     1.7483     1.7489   3.155068   3.155140     1.8199    -0.3743     0.3629    34.8899 9.0338e+02      80292          2  0.000e+00
   2541.127     1.7480     1.7491   3.155049   3.155058     1.8199    -0.3743     0.3629    34.8900 9.0338e+02      80293          2  0.000e+00
   2541.169     1.7483     1.7491   3.155055   3.155111     1.8199    -0.3743     0.3629    34.8898 9.0338e+02      80294          2  0.000e+00
   2541.169     1.7483     1.7489   3.155111   3.155058     1.8199    -0.3743     0.3629    34.8904 9.0338e+02      80295          2  0.000e+00
   2541.185     1.7485     1.7491   3.155130   3.155087     1.8199    -0.3743     0.3629    34.8905 9.0114e+02      80296          2  0.000e+00
   2541.227     1.7485     1.7491   3.155105   3.155087     1.8199    -0.3743     0.3629    34.8902 9.0338e+02      80297          2  0.000e+00
   2541.227     1.7483     1.7491   3.155111   3.155111     1.8199    -0.3743     0.3629    34.8904 9.0338e+02      80298          2  0.000e+00
   2541.252     1.7483     1.7493   3.155105   3.155140     1.8199    -0.3743     0.3629    34.8903 9.0338e+02      80299          2  0.000e+00
   2541.294     1.7485     1.7493   3.155099   3.155111     1.8199    -0.3743     0.3629    34.8901 9.0338e+02      80300          2  0.000e+00
   2541.227     1.7483     1.7493   3.155074   3.155111     1.8199    -0.3743     0.3629    34.8900 9.0338e+02      80301          2  0.000e+00
   2541.319     1.7481     1.7493   3.155043   3.155111     1.8199    -0.3743     0.3629    34.8897 9.0338e+02      80302          2  0.000e+00
   2541.294     1.7478     1.7494   3.155018   3.155087     1.8199    -0.3743     0.3629    34.8898 9.0338e+02      80303          2  0.000e+00
   2541.353     1.7470     1.7493   3.154968   3.155111     1.8199    -0.3547     0.3629    34.8900 9.0338e+02      80304          2  0.000e+00
   2541.294     1.7464     1.7491   3.154931   3.155111     1.8199    -0.3743     0.3629    34.8902 9.0338e+02      80305          2  0.000e+00
   2541.319     1.7462     1.7489   3.154918   3.155087     1.8199    -0.3743     0.3629    34.8902 9.0338e+02      80306          2  0.000e+00
   2541.353     1.7464     1.7489   3.154943   3.155058     1.8199    -0.3743     0.3629    34.8903 9.0563e+02      80307          2  0.000e+00
   2541.353     1.7466     1.7489   3.154956   3.155087     1.8199    -0.3743     0.3629    34.8903 9.0563e+02      80308          2  0.000e+00
   2541.319     1.7465     1.7493   3.154906   3.155087     1.8199    -0.3743     0.3629    34.8898 9.0563e+02      80309          2  0.000e+00
   2541.353     1.7466     1.7493   3.154912   3.155111     1.8199    -0.3743     0.3629    34.8898 9.0563e+02      80310          2  0.000e+00
   2541.353     1.7467     1.7491   3.154943   3.155087     1.8199    -0.3743     0.3629    34.8900 9.0563e+02      80311          2  0.000e+00
   2541.378     1.7467     1.7493   3.154968   3.155087     1.8199    -0.3743     0.3629    34.8903 9.0788e+02      80312          2  0.000e+00
   2541.353     1.7475     1.7491   3.154974   3.155087     1.8199    -0.3743     0.3629    34.8895 9.0788e+02      80313          2  0.000e+00
   2541.294     1.7475     1.7493   3.154981   3.155111     1.8199    -0.3743     0.3629    34.8896 9.0788e+02      80314          2  0.000e+00
   2541.378     1.7476     1.7493   3.155024   3.155111     1.8199    -0.3743     0.3629    34.8900 9.0788e+02      80315          2  0.000e+00
   2541.294     1.7478     1.7494   3.155037   3.155087     1.8199    -0.3743     0.3629    34.8900 9.0788e+02      80316          2  0.000e+00
   2541.353     1.7481     1.7494   3.155055   3.155111     1.8199    -0.3743     0.3629    34.8898 9.0788e+02      80317          2  0.000e+00
   2541.294     1.7485     1.7494   3.155086   3.155111     1.8199    -0.3743     0.3629    34.8899 9.1013e+02      80318          2  0.000e+00
   2541.319     1.7485     1.7494   3.155074   3.155087     1.8199    -0.3743     0.3629    34.8897 9.1013e+02      80319          2  0.000e+00
   2130.624     3.0555     3.0560   3.255335   3.255347     1.8750    -0.3743     0.3580    34.9087 1.0157e+03     116284          3  0.000e+00
   2130.558     3.0556     3.0558   3.255316   3.255353     1.8750    -0.3547     0.3580    34.9084 1.0157e+03     116285          3  0.000e+00
   2130.550     3.0555     3.0557   3.255303   3.255353     1.8750    -0.3743     0.3580    34.9084 1.0180e+03     116286          3  0.000e+00
   2130.434     3.0555     3.0560   3.255303   3.255353     1.8750    -0.3547     0.3580    34.9084 1.0180e+03     116287          3  0.000e+00
   2130.434     3.0555     3.0560   3.255322   3.255317     1.8750    -0.3743     0.3580    34.9087 1.0180e+03     116288          3  0.000e+00
   2130.484     3.0553     3.0558   3.255316   3.255353     1.8750    -0.3547     0.3580    34.9087 1.0180e+03     116289          3  0.000e+00
   2130.367     3.0556     3.0559   3.255303   3.255323     1.8750    -0.3743     0.3580    34.9083 1.0180e+03     116290          3  0.000e+00
   2130.309     3.0553     3.0557   3.255303   3.255323     1.8750    -0.3743     0.3580    34.9087 1.0180e+03     116291          3  0.000e+00
   2130.293     3.0555     3.0558   3.255284   3.255347     1.8750    -0.3743     0.3580    34.9083 1.0180e+03     116292          3  0.000e+00
   2130.309     3.0553     3.0558   3.255297   3.255353     1.8750    -0.3547     0.3580    34.9086 1.0180e+03     116293          3  0.000e+00
   2130.235     3.0555     3.0557   3.255303   3.255323     1.8750    -0.3547     0.3580    34.9085 1.0180e+03     116294          3  0.000e+00
   2130.185     3.0553     3.0560   3.255284   3.255323     1.8750    -0.3743     0.3580    34.9085 1.0180e+03     116295          3  0.000e+00
   2130.243     3.0553     3.0558   3.255297   3.255317     1.8750    -0.3743     0.3580    34.9086 1.0180e+03     116296          3  0.000e+00
