Ship_data/Irminger/Irminger-5/ctd/process/ar30-03008.cnv
* Sea-Bird SBE 9 Data File:
* FileName = D:\Data\ar30-03008.hdr
* Software Version Seasave V 7.23.2
* Temperature SN = 4312
* Conductivity SN = 2148
* Number of Bytes Per Scan = 44
* Number of Voltage Words = 5
* Number of Scans Averaged by the Deck Unit = 1
* NMEA Latitude = 59 43.05 N
* NMEA Longitude = 039 20.61 W
* NMEA UTC (Time) = Jun 11 2018  15:14:36
** Cruise ID: ar30-03
** Chief Sci: Macdonald
** Station #: 008
** Site ID: Irminger 5 FLMB
** ctd cast at FLMB with bottom release testing
# nquan = 18
# nvalues = 5671                        
# units = specified
# name 0 = prDM: Pressure, Digiquartz [db]
# name 1 = t090C: Temperature [ITS-90, deg C]
# name 2 = t190C: Temperature, 2 [ITS-90, deg C]
# name 3 = c0S/m: Conductivity [S/m]
# name 4 = c1S/m: Conductivity, 2 [S/m]
# name 5 = sbeox0V: Oxygen raw, SBE 43 [V]
# name 6 = flECO-AFL: Fluorescence, WET Labs ECO-AFL/FL [mg/m^3]
# name 7 = turbWETntu0: Turbidity, WET Labs ECO [NTU]
# name 8 = sal00: Salinity, Practical [PSU]
# name 9 = spar: SPAR/Surface Irradiance
# name 10 = depSM: Depth [salt water, m], lat = 59.7175
# name 11 = sal00: Salinity, Practical [PSU]
# name 12 = sal11: Salinity, Practical, 2 [PSU]
# name 13 = sbeox0ML/L: Oxygen, SBE 43 [ml/l], WS = 2
# name 14 = svCM: Sound Velocity [Chen-Millero, m/s]
# name 15 = sigma-é00: Density [sigma-theta, kg/m^3]
# name 16 = sigma-é11: Density, 2 [sigma-theta, kg/m^3]
# name 17 = flag: flag
# span 0 =      4.000,   2840.000       
# span 1 =     1.4483,     5.9051       
# span 2 =     1.4492,     5.9047       
# span 3 =   3.135999,   3.417254       
# span 4 =   3.136315,   3.417357       
# span 5 =     1.5267,     2.7875       
# span 6 =    -0.4345,     6.0453       
# span 7 =     0.3433,     0.6579       
# span 8 =    34.7009,    34.9313       
# span 9 = 2.1959e+02, 7.3296e+02       
# span 10 =      3.962,   2794.432      
# span 11 =    34.7029,    34.9307      
# span 12 =    34.8689,    34.9330      
# span 13 =     4.5297,     7.1960      
# span 14 =    1472.40,    1502.91      
# span 15 =    27.4614,    27.9374      
# span 16 =    27.4631,    27.9371      
# span 17 = 0.0000e+00, 0.0000e+00      
# interval = decibars: 1                
# start_time = Jun 11 2018 15:14:36 [System UTC, first data scan.]
# bad_flag = -9.990e-29
*END*
[from data line 4101]
   1575.000     3.4931     3.4933   3.269614   3.269659     2.0166    -0.3917     0.3580    34.8859 5.9064e+02   1554.316    34.8858    34.8861     6.2214    1490.37    27.7587    27.7589 0.0000e+00
   1574.000     3.4930     3.4931   3.269552   3.269599     2.0177    -0.3782     0.3613    34.8857 5.9157e+02   1553.332    34.8857    34.8861     6.2251    1490.35    27.7586    27.7589 0.0000e+00
   1573.000     3.4928     3.4930   3.269491   3.269545     2.0183    -0.3843     0.3599    34.8857 5.9279e+02   1552.349    34.8857    34.8861     6.2268    1490.33    27.7586    27.7589 0.0000e+00
   1572.000     3.4927     3.4929   3.269438   3.269480     2.0196    -0.3754     0.3583    34.8857 5.9131e+02   1551.366    34.8857    34.8859     6.2313    1490.32    27.7586    27.7588 0.0000e+00
   1571.000     3.4926     3.4928   3.269382   3.269437     2.0206    -0.3742     0.3580    34.8856 5.8940e+02   1550.383    34.8856    34.8860     6.2347    1490.30    27.7585    27.7588 0.0000e+00
   1570.000     3.4926     3.4928   3.269350   3.269401     2.0210    -0.3733     0.3620    34.8857 5.8576e+02   1549.400    34.8857    34.8861     6.2355    1490.28    27.7586    27.7589 0.0000e+00
   1569.000     3.4925     3.4926   3.269286   3.269339     2.0210    -0.3955     0.3637    34.8856 5.8262e+02   1548.416    34.8855    34.8860     6.2347    1490.27    27.7585    27.7589 0.0000e+00
   1568.000     3.4917     3.4918   3.269163   3.269201     2.0212    -0.3890     0.3607    34.8855 5.8038e+02   1547.433    34.8854    34.8857     6.2350    1490.25    27.7584    27.7587 0.0000e+00
   1567.000     3.4913     3.4915   3.269075   3.269123     2.0211    -0.3877     0.3557    34.8853 5.7936e+02   1546.450    34.8852    34.8857     6.2339    1490.23    27.7583    27.7587 0.0000e+00
   1566.000     3.4910     3.4911   3.268987   3.269028     2.0211    -0.3728     0.3632    34.8852 5.7745e+02   1545.467    34.8851    34.8854     6.2333    1490.21    27.7582    27.7585 0.0000e+00
   1565.000     3.4906     3.4910   3.268888   3.268956     2.0217    -0.3945     0.3581    34.8848 5.7535e+02   1544.483    34.8847    34.8851     6.2349    1490.19    27.7580    27.7583 0.0000e+00
   1564.000     3.4914     3.4923   3.268934   3.269035     2.0219    -0.4083     0.3566    34.8848 5.7387e+02   1543.500    34.8850    34.8852     6.2347    1490.18    27.7581    27.7582 0.0000e+00
   1563.000     3.4938     3.4943   3.269102   3.269186     2.0219    -0.4058     0.3558    34.8847 5.7312e+02   1542.517    34.8849    34.8854     6.2337    1490.17    27.7578    27.7581 0.0000e+00
   1562.000     3.4954     3.4956   3.269204   3.269270     2.0216    -0.3938     0.3580    34.8848 5.7304e+02   1541.534    34.8849    34.8855     6.2311    1490.16    27.7576    27.7581 0.0000e+00
   1561.000     3.4958     3.4960   3.269212   3.269283     2.0215    -0.3853     0.3583    34.8850 5.7116e+02   1540.550    34.8851    34.8857     6.2297    1490.15    27.7578    27.7582 0.0000e+00
   1560.000     3.4972     3.4978   3.269306   3.269403     2.0214    -0.3847     0.3582    34.8850 5.6696e+02   1539.567    34.8852    34.8857     6.2283    1490.13    27.7577    27.7580 0.0000e+00
   1559.000     3.4982     3.4987   3.269364   3.269449     2.0216    -0.3937     0.3580    34.8852 5.6436e+02   1538.584    34.8854    34.8858     6.2283    1490.12    27.7577    27.7580 0.0000e+00
   1558.000     3.4987     3.4998   3.269408   3.269523     2.0221    -0.3797     0.3613    34.8855 5.6422e+02   1537.601    34.8858    34.8861     6.2295    1490.11    27.7580    27.7581 0.0000e+00
   1557.000     3.5011     3.5011   3.269564   3.269610     2.0228    -0.3735     0.3598    34.8854 5.6596e+02   1536.617    34.8856    34.8862     6.2309    1490.10    27.7576    27.7581 0.0000e+00
   1556.000     3.5019     3.5025   3.269611   3.269695     2.0235    -0.3897     0.3634    34.8857 5.6901e+02   1535.634    34.8859    34.8863     6.2331    1490.09    27.7578    27.7580 0.0000e+00
   1555.000     3.5025     3.5030   3.269618   3.269705     2.0239    -0.3737     0.3632    34.8857 5.7072e+02   1534.651    34.8858    34.8863     6.2338    1490.07    27.7576    27.7580 0.0000e+00
   1554.000     3.5025     3.5029   3.269582   3.269652     2.0242    -0.3743     0.3638    34.8857 5.7235e+02   1533.667    34.8858    34.8863     6.2339    1490.06    27.7576    27.7580 0.0000e+00
   1553.000     3.5027     3.5030   3.269566   3.269634     2.0251    -0.3755     0.3626    34.8859 5.7305e+02   1532.684    34.8860    34.8864     6.2369    1490.04    27.7577    27.7580 0.0000e+00
   1552.000     3.5034     3.5035   3.269604   3.269643     2.0251    -0.3925     0.3554    34.8859 5.7489e+02   1531.701    34.8861    34.8865     6.2362    1490.03    27.7578    27.7580 0.0000e+00
   1551.000     3.5037     3.5036   3.269580   3.269615     2.0255    -0.3932     0.3590    34.8860 5.7520e+02   1530.718    34.8860    34.8866     6.2367    1490.01    27.7577    27.7581 0.0000e+00
   1550.000     3.5029     3.5031   3.269460   3.269512     2.0253    -0.3794     0.3616    34.8859 5.7249e+02   1529.734    34.8859    34.8864     6.2353    1489.99    27.7576    27.7580 0.0000e+00
   1549.000     3.5034     3.5037   3.269469   3.269534     2.0251    -0.3856     0.3615    34.8859 5.7073e+02   1528.751    34.8860    34.8864     6.2337    1489.98    27.7577    27.7580 0.0000e+00
   1548.000     3.5036     3.5040   3.269458   3.269527     2.0255    -0.3798     0.3634    34.8861 5.7210e+02   1527.768    34.8862    34.8866     6.2345    1489.96    27.7577    27.7581 0.0000e+00
   1547.000     3.5036     3.5038   3.269403   3.269462     2.0264    -0.3833     0.3636    34.8861 5.7887e+02   1526.784    34.8861    34.8865     6.2370    1489.95    27.7577    27.7580 0.0000e+00
   1546.000     3.5038     3.5039   3.269363   3.269411     2.0272    -0.3807     0.3601    34.8858 5.8660e+02   1525.801    34.8859    34.8863     6.2399    1489.93    27.7575    27.7578 0.0000e+00
   1545.000     3.5037     3.5040   3.269306   3.269358     2.0276    -0.3724     0.3617    34.8857 5.8963e+02   1524.818    34.8857    34.8861     6.2404    1489.91    27.7574    27.7576 0.0000e+00
   1544.000     3.5038     3.5041   3.269263   3.269325     2.0277    -0.3693     0.3610    34.8856 5.8962e+02   1523.834    34.8856    34.8860     6.2399    1489.90    27.7573    27.7576 0.0000e+00
   1543.000     3.5040     3.5042   3.269235   3.269290     2.0277    -0.3731     0.3580    34.8856 5.8887e+02   1522.851    34.8856    34.8861     6.2392    1489.88    27.7572    27.7576 0.0000e+00
   1542.000 -9.990e-29 -9.990e-29 -9.990e-29 -9.990e-29 -9.990e-29 -9.990e-29 -9.990e-29 -9.990e-29 -9.990e-29 -9.990e-29 -9.990e-29 -9.990e-29 -9.990e-29 -9.990e-29 -9.990e-29 -9.990e-29 -9.990e-29
   1541.000     3.5043     3.5044   3.269171   3.269226     2.0279    -0.3934     0.3585    34.8854 5.9017e+02   1520.951    34.8855    34.8860     6.2385    1489.85    27.7571    27.7575 0.0000e+00
   1540.000     3.5042     3.5043   3.269131   3.269178     2.0285    -0.3889     0.3618    34.8856 5.9271e+02   1519.901    34.8856    34.8861     6.2400    1489.83    27.7572    27.7576 0.0000e+00
   1539.000     3.5044     3.5046   3.269094   3.269151     2.0286    -0.3934     0.3615    34.8854 5.9112e+02   1518.917    34.8854    34.8860     6.2396    1489.81    27.7570    27.7574 0.0000e+00
   1538.000     3.5043     3.5045   3.269035   3.269100     2.0286    -0.3933     0.3632    34.8854 5.9713e+02   1517.934    34.8854    34.8859     6.2390    1489.80    27.7570    27.7574 0.0000e+00
   1537.000     3.5042     3.5044   3.268984   3.269045     2.0287    -0.3929     0.3609    34.8854 5.9865e+02   1516.951    34.8854    34.8859     6.2386    1489.78    27.7570    27.7573 0.0000e+00
   1536.000     3.5041     3.5043   3.268933   3.268994     2.0282    -0.3907     0.3628    34.8853 5.9507e+02   1515.967    34.8853    34.8859     6.2355    1489.76    27.7569    27.7573 0.0000e+00
   1535.000     3.5039     3.5041   3.268880   3.268942     2.0288    -0.3692     0.3610    34.8854 5.9911e+02   1514.984    34.8854    34.8859     6.2372    1489.75    27.7570    27.7574 0.0000e+00
   1534.000     3.5027     3.5034   3.268702   3.268826     2.0301    -0.3893     0.3603    34.8851 6.2859e+02   1514.001    34.8850    34.8858     6.2419    1489.72    27.7568    27.7573 0.0000e+00
   1533.000     3.5025     3.5031   3.268645   3.268744     2.0313    -0.3765     0.3891    34.8851 6.4399e+02   1513.017    34.8851    34.8857     6.2461    1489.71    27.7569    27.7573 0.0000e+00
   1532.000     3.5026     3.5028   3.268607   3.268674     2.0305    -0.3922     0.3576    34.8851 6.3709e+02   1512.034    34.8851    34.8856     6.2422    1489.69    27.7568    27.7572 0.0000e+00
   1531.000     3.5002     3.5005   3.268299   3.268371     2.0330    -0.3836     0.3613    34.8844 6.0703e+02   1511.050    34.8844    34.8849     6.2519    1489.66    27.7565    27.7569 0.0000e+00
   1530.000     3.5026     3.5033   3.268525   3.268656     2.0311    -0.3789     0.3600    34.8851 5.8266e+02   1510.067    34.8851    34.8858     6.2428    1489.66    27.7568    27.7573 0.0000e+00
   1529.000     3.5015     3.5026   3.268367   3.268528     2.0325    -0.3896     0.3566    34.8848 5.8004e+02   1509.084    34.8848    34.8855     6.2479    1489.63    27.7567    27.7572 0.0000e+00
   1528.000     3.5012     3.5019   3.268261   3.268402     2.0342    -0.3896     0.3588    34.8845 5.7828e+02   1508.100    34.8844    34.8853     6.2543    1489.62    27.7564    27.7570 0.0000e+00
   1527.000     3.5000     3.5016   3.268095   3.268333     2.0344    -0.3828     0.3586    34.8842 5.9449e+02   1507.117    34.8841    34.8853     6.2543    1489.59    27.7563    27.7571 0.0000e+00
   1526.000     3.4964     3.4986   3.267680   3.267959     2.0344    -0.3947     0.3612    34.8837 6.2121e+02   1506.133    34.8836    34.8845     6.2541    1489.56    27.7562    27.7567 0.0000e+00
   1525.000     3.4970     3.4994   3.267678   3.267992     2.0354    -0.3880     0.3593    34.8835 6.2809e+02   1505.150    34.8834    34.8845     6.2576    1489.55    27.7559    27.7567 0.0000e+00
   1524.000     3.4928     3.4985   3.267209   3.267853     2.0376    -0.3858     0.3598    34.8829 6.2927e+02   1504.167    34.8827    34.8844     6.2662    1489.51    27.7558    27.7566 0.0000e+00
   1523.000     3.4907     3.4938   3.266915   3.267283     2.0385    -0.3900     0.3591    34.8821 6.3462e+02   1503.183    34.8820    34.8831     6.2697    1489.49    27.7554    27.7560 0.0000e+00
   1522.000     3.4893     3.4936   3.266751   3.267219     2.0382    -0.3937     0.3597    34.8820 6.4333e+02   1502.200    34.8820    34.8830     6.2678    1489.46    27.7556    27.7559 0.0000e+00
   1521.000     3.4898     3.4928   3.266742   3.267076     2.0383    -0.3812     0.3593    34.8820 6.5162e+02   1501.216    34.8819    34.8826     6.2673    1489.45    27.7554    27.7557 0.0000e+00
   1520.000     3.4850     3.4871   3.266171   3.266435     2.0403    -0.3848     0.3594    34.8807 6.4899e+02   1500.233    34.8806    34.8815     6.2756    1489.41    27.7548    27.7553 0.0000e+00
   1519.000     3.4849     3.4857   3.266124   3.266235     2.0422    -0.3785     0.3587    34.8807 6.3716e+02   1499.249    34.8807    34.8812     6.2826    1489.39    27.7549    27.7552 0.0000e+00
   1518.000     3.4843     3.4866   3.266010   3.266304     2.0422    -0.3886     0.3621    34.8805 6.3321e+02   1498.266    34.8804    34.8815     6.2817    1489.37    27.7548    27.7554 0.0000e+00
   1517.000     3.4835     3.4849   3.265873   3.266073     2.0431    -0.3871     0.3595    34.8802 6.4443e+02   1497.282    34.8801    34.8811     6.2847    1489.35    27.7546    27.7552 0.0000e+00
   1516.000     3.4832     3.4844   3.265786   3.265973     2.0439    -0.3807     0.3598    34.8799 6.4254e+02   1496.299    34.8799    34.8809     6.2872    1489.33    27.7544    27.7551 0.0000e+00
   1515.000     3.4828     3.4835   3.265694   3.265808     2.0446    -0.3849     0.3599    34.8797 6.2746e+02   1495.315    34.8797    34.8804     6.2894    1489.32    27.7543    27.7548 0.0000e+00
   1514.000     3.4821     3.4824   3.265577   3.265652     2.0455    -0.3834     0.3603    34.8796 6.1679e+02   1494.332    34.8796    34.8801     6.2924    1489.30    27.7543    27.7546 0.0000e+00
   1513.000     3.4784     3.4788   3.265162   3.265238     2.0466    -0.3880     0.3610    34.8790 5.8200e+02   1493.349    34.8790    34.8795     6.2970    1489.26    27.7542    27.7545 0.0000e+00
   1512.000     3.4415     3.4414   3.261342   3.261383     2.0580    -0.3867     0.3655    34.8731 3.3326e+02   1492.365    34.8731    34.8737     6.3495    1489.08    27.7530    27.7534 0.0000e+00
   1511.000     3.4450     3.4452   3.261642   3.261705     2.0566    -0.3876     0.3581    34.8735 3.5462e+02   1491.382    34.8735    34.8740     6.3422    1489.08    27.7529    27.7533 0.0000e+00
   1510.000     3.4451     3.4451   3.261612   3.261664     2.0566    -0.3777     0.3602    34.8734 3.5583e+02   1490.398    34.8735    34.8741     6.3411    1489.06    27.7529    27.7534 0.0000e+00
   1509.000     3.4451     3.4451   3.261594   3.261632     2.0573    -0.3671     0.3593    34.8738 3.4552e+02   1489.415    34.8738    34.8743     6.3432    1489.05    27.7531    27.7535 0.0000e+00
   1508.000     3.4453     3.4454   3.261537   3.261597     2.0576    -0.3750     0.3582    34.8735 3.4828e+02   1488.431    34.8734    34.8740     6.3437    1489.03    27.7528    27.7533 0.0000e+00
   1507.000     3.4449     3.4448   3.261462   3.261511     2.0576    -0.3899     0.3580    34.8735 3.5023e+02   1487.448    34.8734    34.8741     6.3430    1489.01    27.7528    27.7534 0.0000e+00
   1506.000     3.4433     3.4430   3.261246   3.261271     2.0576    -0.3810     0.3580    34.8732 3.5037e+02   1486.464    34.8730    34.8737     6.3424    1488.99    27.7527    27.7532 0.0000e+00
   1505.000     3.4427     3.4427   3.261187   3.261227     2.0580    -0.3815     0.3594    34.8734 3.4523e+02   1485.481    34.8734    34.8739     6.3432    1488.97    27.7530    27.7534 0.0000e+00
   1504.000     3.4426     3.4427   3.261099   3.261165     2.0589    -0.3817     0.3622    34.8731 3.4361e+02   1484.497    34.8730    34.8737     6.3462    1488.95    27.7527    27.7532 0.0000e+00
   1503.000     3.4419     3.4421   3.260997   3.261068     2.0590    -0.3776     0.3589    34.8731 3.4313e+02   1483.513    34.8730    34.8736     6.3460    1488.93    27.7528    27.7533 0.0000e+00
   1502.000     3.4421     3.4421   3.260942   3.261000     2.0600    -0.3784     0.3580    34.8728 3.4167e+02   1482.530    34.8727    34.8733     6.3490    1488.92    27.7525    27.7530 0.0000e+00
   1501.000     3.4413     3.4414   3.260851   3.260896     2.0599    -0.3712     0.3582    34.8730 3.4090e+02   1481.546    34.8729    34.8733     6.3480    1488.90    27.7527    27.7530 0.0000e+00
   1500.000     3.4410     3.4410   3.260758   3.260809     2.0607    -0.3672     0.3580    34.8728 3.3545e+02   1480.563    34.8726    34.8732     6.3505    1488.88    27.7525    27.7530 0.0000e+00
   1499.000     3.4404     3.4405   3.260659   3.260708     2.0611    -0.3645     0.3620    34.8727 3.3790e+02   1479.579    34.8726    34.8731     6.3516    1488.86    27.7525    27.7529 0.0000e+00
   1498.000     3.4405     3.4405   3.260639   3.260676     2.0613    -0.3614     0.3598    34.8727 3.3969e+02   1478.596    34.8727    34.8732     6.3512    1488.84    27.7526    27.7530 0.0000e+00
   1497.000     3.4407     3.4407   3.260612   3.260665     2.0614    -0.3757     0.3579    34.8728 3.3541e+02   1477.612    34.8727    34.8733     6.3509    1488.83    27.7526    27.7531 0.0000e+00
