Ship_data/Irminger/Irminger-5/ctd/process/ar30-03010.cnv
* Sea-Bird SBE 9 Data File:
* FileName = D:\Data\ar30-03010.hdr
* Software Version Seasave V 7.23.2
* Temperature SN = 4312
* Conductivity SN = 2148
* Number of Bytes Per Scan = 44
* Number of Voltage Words = 5
* Number of Scans Averaged by the Deck Unit = 1
* NMEA Latitude = 59 50.67 N
* NMEA Longitude = 039 11.81 W
* NMEA UTC (Time) = Jun 12 2018  19:51:22
** Cruise ID: ar30-03
** Chief Sci: Macdonald
** Station #: 010
** Site ID: Irminger 5 Glider sync.
** cast to 1000 meters with bottom release testing
# nquan = 18
# nvalues = 2028                        
# units = specified
# name 0 = prDM: Pressure, Digiquartz [db]
# name 1 = t090C: Temperature [ITS-90, deg C]
# name 2 = t190C: Temperature, 2 [ITS-90, deg C]
# name 3 = c0S/m: Conductivity [S/m]
# name 4 = c1S/m: Conductivity, 2 [S/m]
# name 5 = sbeox0V: Oxygen raw, SBE 43 [V]
# name 6 = flECO-AFL: Fluorescence, WET Labs ECO-AFL/FL [mg/m^3]
# name 7 = turbWETntu0: Turbidity, WET Labs ECO [NTU]
# name 8 = sal00: Salinity, Practical [PSU]
# name 9 = spar: SPAR/Surface Irradiance
# name 10 = depSM: Depth [salt water, m], lat = 59.8445
# name 11 = sal00: Salinity, Practical [PSU]
# name 12 = sal11: Salinity, Practical, 2 [PSU]
# name 13 = sbeox0ML/L: Oxygen, SBE 43 [ml/l], WS = 2
# name 14 = svCM: Sound Velocity [Chen-Millero, m/s]
# name 15 = sigma-é00: Density [sigma-theta, kg/m^3]
# name 16 = sigma-é11: Density, 2 [sigma-theta, kg/m^3]
# name 17 = flag: flag
# span 0 =      2.000,   1016.000       
# span 1 =     3.6678,     6.1498       
# span 2 =     3.6678,     6.1497       
# span 3 =   3.262010,   3.438996       
# span 4 =   3.262077,   3.439186       
# span 5 =     2.1404,     2.8284       
# span 6 =    -0.4138,     7.2144       
# span 7 =     0.3456,     0.6761       
# span 8 =    34.8625,    34.9228       
# span 9 = 1.3798e+02, 2.6169e+02       
# span 10 =      1.981,   1003.977      
# span 11 =    34.8625,    34.9227      
# span 12 =    34.8639,    34.9240      
# span 13 =     5.9199,     7.2807      
# span 14 =    1472.00,    1481.89      
# span 15 =    27.4317,    27.7434      
# span 16 =    27.4335,    27.7441      
# span 17 = 0.0000e+00, 0.0000e+00      
# interval = decibars: 1                
# start_time = Jun 12 2018 19:51:22 [System UTC, first data scan.]
# bad_flag = -9.990e-29
*END*
[from data line 1528]
    501.000     4.4519     4.4516   3.311406   3.311457     2.2219    -0.3499     0.3847    34.9134 1.4865e+02    495.682    34.9134    34.9143     5.9875    1476.60    27.6730    27.6737 0.0000e+00
    500.000     4.4521     4.4513   3.311381   3.311394     2.2214    -0.3840     0.3819    34.9133 1.4869e+02    494.694    34.9134    34.9144     5.9849    1476.59    27.6729    27.6738 0.0000e+00
    499.000     4.4543     4.4537   3.311517   3.311524     2.2214    -0.3870     0.3871    34.9129 1.5022e+02    493.706    34.9132    34.9139     5.9839    1476.58    27.6725    27.6732 0.0000e+00
    498.000     4.4595     4.4582   3.311937   3.311875     2.2220    -0.3781     0.3873    34.9124 1.5057e+02    492.718    34.9132    34.9138     5.9844    1476.58    27.6720    27.6726 0.0000e+00
    497.000     4.4649     4.4646   3.312334   3.312395     2.2228    -0.3608     0.3887    34.9122 1.5056e+02    491.730    34.9127    34.9137     5.9856    1476.59    27.6710    27.6718 0.0000e+00
    496.000     4.4658     4.4665   3.312365   3.312495     2.2231    -0.3619     0.3783    34.9122 1.5022e+02    490.741    34.9126    34.9135     5.9854    1476.57    27.6708    27.6714 0.0000e+00
    495.000     4.4670     4.4682   3.312452   3.312582     2.2231    -0.3786     0.3778    34.9123 1.4940e+02    489.753    34.9129    34.9132     5.9847    1476.56    27.6709    27.6710 0.0000e+00
    494.000     4.4712     4.4711   3.312716   3.312789     2.2233    -0.3661     0.3775    34.9116 1.4908e+02    488.765    34.9121    34.9131     5.9839    1476.56    27.6698    27.6706 0.0000e+00
    493.000     4.4713     4.4719   3.312695   3.312821     2.2231    -0.3602     0.3775    34.9118 1.4917e+02    487.777    34.9123    34.9132     5.9825    1476.55    27.6699    27.6705 0.0000e+00
    492.000     4.4729     4.4736   3.312802   3.312961     2.2233    -0.3633     0.3775    34.9119 1.4995e+02    486.788    34.9124    34.9135     5.9821    1476.54    27.6698    27.6706 0.0000e+00
    491.000     4.4728     4.4725   3.312732   3.312801     2.2218    -0.3780     0.3829    34.9119 1.5038e+02    485.800    34.9122    34.9133     5.9761    1476.52    27.6696    27.6705 0.0000e+00
    490.000     4.4775     4.4785   3.313143   3.313292     2.2192    -0.3840     0.3850    34.9117 1.5080e+02    484.812    34.9125    34.9133     5.9653    1476.52    27.6694    27.6698 0.0000e+00
    489.000     4.4840     4.4863   3.313703   3.313942     2.2194    -0.3769     0.3824    34.9116 1.5165e+02    483.824    34.9128    34.9132     5.9643    1476.53    27.6689    27.6689 0.0000e+00
    488.000     4.4924     4.4922   3.314414   3.314453     2.2194    -0.3633     0.3775    34.9113 1.5183e+02    482.835    34.9128    34.9135     5.9624    1476.55    27.6679    27.6685 0.0000e+00
    487.000     4.4959     4.4969   3.314668   3.314803     2.2194    -0.3833     0.3775    34.9116 1.5117e+02    481.847    34.9126    34.9132     5.9611    1476.55    27.6674    27.6677 0.0000e+00
    486.000     4.4991     4.4995   3.314889   3.314981     2.2194    -0.3746     0.3775    34.9113 1.5099e+02    480.859    34.9123    34.9130     5.9598    1476.55    27.6668    27.6673 0.0000e+00
    485.000     4.5000     4.4999   3.314880   3.314949     2.2194    -0.3670     0.3775    34.9112 1.5046e+02    479.871    34.9118    34.9127     5.9589    1476.53    27.6663    27.6670 0.0000e+00
    484.000     4.4985     4.4979   3.314676   3.314704     2.2190    -0.3632     0.3841    34.9110 1.4872e+02    478.882    34.9115    34.9126     5.9569    1476.51    27.6662    27.6671 0.0000e+00
    483.000     4.4972     4.4975   3.314519   3.314636     2.2173    -0.3478     0.3789    34.9113 1.4972e+02    477.894    34.9116    34.9127     5.9503    1476.49    27.6664    27.6672 0.0000e+00
    482.000     4.4957     4.4963   3.314188   3.314397     2.2158    -0.3654     0.3897    34.9099 1.5157e+02    476.906    34.9099    34.9116     5.9448    1476.46    27.6652    27.6665 0.0000e+00
    481.000     4.4939     4.4936   3.313892   3.313949     2.2169    -0.3824     0.3800    34.9089 1.5253e+02    475.918    34.9088    34.9097     5.9483    1476.44    27.6645    27.6653 0.0000e+00
    480.000     4.4922     4.4922   3.313631   3.313728     2.2176    -0.3667     0.3847    34.9081 1.5241e+02    474.929    34.9081    34.9091     5.9500    1476.41    27.6641    27.6650 0.0000e+00
    479.000     4.4917     4.4919   3.313519   3.313612     2.2194    -0.3638     0.3868    34.9077 1.5127e+02    473.941    34.9078    34.9087     5.9555    1476.40    27.6639    27.6647 0.0000e+00
    478.000     4.4916     4.4916   3.313453   3.313530     2.2201    -0.3792     0.3795    34.9076 1.5043e+02    472.953    34.9076    34.9085     5.9575    1476.38    27.6639    27.6645 0.0000e+00
    477.000     4.4916     4.4918   3.313401   3.313493     2.2207    -0.3828     0.3854    34.9075 1.5046e+02    471.964    34.9076    34.9084     5.9585    1476.36    27.6638    27.6644 0.0000e+00
    476.000     4.4922     4.4922   3.313404   3.313477     2.2214    -0.3810     0.3880    34.9073 1.5058e+02    470.976    34.9074    34.9083     5.9604    1476.35    27.6636    27.6643 0.0000e+00
    475.000     4.4927     4.4928   3.313394   3.313468     2.2219    -0.3817     0.3882    34.9072 1.5067e+02    469.988    34.9073    34.9081     5.9610    1476.33    27.6634    27.6641 0.0000e+00
    474.000     4.4933     4.4932   3.313372   3.313444     2.2212    -0.3618     0.3833    34.9069 1.5130e+02    468.999    34.9070    34.9079     5.9576    1476.32    27.6631    27.6639 0.0000e+00
    473.000     4.4932     4.4932   3.313325   3.313403     2.2220    -0.3735     0.3825    34.9070 1.5135e+02    468.011    34.9070    34.9080     5.9598    1476.30    27.6631    27.6639 0.0000e+00
    472.000     4.4941     4.4938   3.313292   3.313365     2.2237    -0.3846     0.3777    34.9062 1.5043e+02    467.023    34.9063    34.9074     5.9649    1476.29    27.6625    27.6634 0.0000e+00
    471.000     4.4942     4.4944   3.313262   3.313352     2.2248    -0.3588     0.3904    34.9062 1.5034e+02    466.034    34.9063    34.9072     5.9678    1476.27    27.6624    27.6631 0.0000e+00
    470.000     4.4954     4.4953   3.313301   3.313377     2.2255    -0.3605     0.3856    34.9059 1.5043e+02    465.046    34.9060    34.9070     5.9694    1476.26    27.6621    27.6629 0.0000e+00
    469.000     4.4960     4.4961   3.313310   3.313403     2.2258    -0.3609     0.3886    34.9060 1.5080e+02    464.058    34.9060    34.9070     5.9694    1476.25    27.6620    27.6628 0.0000e+00
    468.000     4.4962     4.4963   3.313278   3.313372     2.2269    -0.3650     0.3922    34.9058 1.5163e+02    463.069    34.9059    34.9070     5.9727    1476.23    27.6619    27.6627 0.0000e+00
    467.000     4.4963     4.4963   3.313244   3.313325     2.2275    -0.3616     0.3890    34.9059 1.5180e+02    462.081    34.9060    34.9069     5.9737    1476.21    27.6619    27.6626 0.0000e+00
    466.000     4.4963     4.4962   3.313197   3.313272     2.2278    -0.3636     0.3893    34.9059 1.5138e+02    461.093    34.9059    34.9069     5.9741    1476.20    27.6619    27.6626 0.0000e+00
    465.000     4.4962     4.4961   3.313147   3.313212     2.2281    -0.3777     0.3852    34.9059 1.5053e+02    460.104    34.9060    34.9069     5.9743    1476.18    27.6619    27.6627 0.0000e+00
    464.000     4.4962     4.4962   3.313092   3.313170     2.2279    -0.3583     0.3846    34.9058 1.4944e+02    459.116    34.9058    34.9068     5.9727    1476.16    27.6618    27.6625 0.0000e+00
    463.000     4.4962     4.4962   3.313035   3.313121     2.2271    -0.3613     0.3845    34.9057 1.5059e+02    458.128    34.9057    34.9067     5.9692    1476.15    27.6617    27.6625 0.0000e+00
    462.000     4.4959     4.4959   3.312948   3.313040     2.2258    -0.3645     0.3824    34.9056 1.5131e+02    457.139    34.9055    34.9066     5.9641    1476.13    27.6615    27.6624 0.0000e+00
    461.000     4.4953     4.4952   3.312833   3.312901     2.2255    -0.3865     0.3776    34.9055 1.5233e+02    456.151    34.9054    34.9063     5.9624    1476.11    27.6615    27.6622 0.0000e+00
    460.000     4.4941     4.4933   3.312637   3.312630     2.2258    -0.3621     0.3899    34.9051 1.5239e+02    455.162    34.9049    34.9057     5.9629    1476.09    27.6613    27.6619 0.0000e+00
    459.000     4.4922     4.4928   3.312381   3.312547     2.2273    -0.3625     0.3877    34.9046 1.5119e+02    454.174    34.9044    34.9057     5.9675    1476.06    27.6610    27.6620 0.0000e+00
    458.000     4.4916     4.4917   3.312254   3.312360     2.2287    -0.3616     0.3840    34.9042 1.4828e+02    453.186    34.9041    34.9052     5.9718    1476.04    27.6608    27.6618 0.0000e+00
    457.000     4.4910     4.4909   3.312126   3.312207     2.2294    -0.3645     0.3851    34.9039 1.4820e+02    452.197    34.9037    34.9047     5.9736    1476.03    27.6606    27.6614 0.0000e+00
    456.000     4.4889     4.4893   3.311826   3.311982     2.2294    -0.3534     0.3841    34.9035 1.4872e+02    451.209    34.9030    34.9043     5.9733    1476.00    27.6603    27.6612 0.0000e+00
    455.000     4.4876     4.4874   3.311645   3.311725     2.2286    -0.3430     0.3856    34.9030 1.5052e+02    450.220    34.9027    34.9039     5.9700    1475.98    27.6602    27.6611 0.0000e+00
    454.000     4.4860     4.4846   3.311412   3.311376     2.2280    -0.3611     0.3845    34.9027 1.5223e+02    449.232    34.9022    34.9032     5.9673    1475.95    27.6599    27.6609 0.0000e+00
    453.000     4.4831     4.4829   3.311068   3.311139     2.2278    -0.3768     0.3845    34.9023 1.5281e+02    448.244    34.9017    34.9028     5.9662    1475.92    27.6599    27.6607 0.0000e+00
    452.000     4.4804     4.4809   3.310740   3.310879     2.2280    -0.3663     0.3852    34.9018 1.5180e+02    447.255    34.9012    34.9024     5.9665    1475.90    27.6598    27.6606 0.0000e+00
    451.000     4.4795     4.4788   3.310591   3.310603     2.2286    -0.3628     0.3848    34.9013 1.5042e+02    446.267    34.9010    34.9019     5.9682    1475.88    27.6596    27.6605 0.0000e+00
    450.000     4.4788     4.4784   3.310484   3.310510     2.2293    -0.3652     0.3843    34.9013 1.4902e+02    445.278    34.9010    34.9017     5.9699    1475.86    27.6597    27.6604 0.0000e+00
    449.000     4.4782     4.4778   3.310342   3.310387     2.2295    -0.3759     0.3844    34.9009 1.4847e+02    444.290    34.9005    34.9014     5.9699    1475.84    27.6594    27.6602 0.0000e+00
    448.000     4.4775     4.4775   3.310219   3.310282     2.2297    -0.3623     0.3844    34.9007 1.4877e+02    443.301    34.9003    34.9011     5.9700    1475.82    27.6593    27.6599 0.0000e+00
    447.000     4.4775     4.4775   3.310169   3.310228     2.2297    -0.3618     0.3864    34.9004 1.4965e+02    442.313    34.9002    34.9010     5.9691    1475.80    27.6592    27.6598 0.0000e+00
    446.000     4.4780     4.4781   3.310148   3.310242     2.2296    -0.3616     0.3885    34.9003 1.5045e+02    441.325    34.9001    34.9010     5.9681    1475.79    27.6590    27.6598 0.0000e+00
    445.000     4.4785     4.4786   3.310162   3.310246     2.2297    -0.3825     0.3879    34.9003 1.5042e+02    440.336    34.9002    34.9011     5.9673    1475.77    27.6591    27.6597 0.0000e+00
    444.000     4.4788     4.4791   3.310157   3.310247     2.2298    -0.3741     0.3870    34.9004 1.5057e+02    439.348    34.9003    34.9011     5.9670    1475.76    27.6591    27.6597 0.0000e+00
    443.000     4.4791     4.4794   3.310137   3.310239     2.2295    -0.3584     0.3838    34.9004 1.4999e+02    438.359    34.9003    34.9012     5.9650    1475.74    27.6590    27.6598 0.0000e+00
    442.000     4.4793     4.4791   3.310109   3.310171     2.2298    -0.3595     0.3837    34.9004 1.4987e+02    437.371    34.9003    34.9013     5.9653    1475.73    27.6590    27.6598 0.0000e+00
    441.000     4.4794     4.4793   3.310060   3.310138     2.2325    -0.3487     0.3810    34.9002 1.4832e+02    436.382    34.9002    34.9011     5.9739    1475.71    27.6589    27.6597 0.0000e+00
    440.000     4.4795     4.4795   3.310014   3.310093     2.2325    -0.3420     0.3841    34.9001 1.4843e+02    435.394    34.9000    34.9010     5.9733    1475.69    27.6588    27.6596 0.0000e+00
    439.000     4.4793     4.4792   3.309930   3.310004     2.2318    -0.3518     0.3838    34.8999 1.4863e+02    434.405    34.8997    34.9008     5.9701    1475.68    27.6586    27.6594 0.0000e+00
    438.000     4.4792     4.4797   3.309874   3.309999     2.2309    -0.3618     0.3845    34.8998 1.4977e+02    433.417    34.8997    34.9006     5.9662    1475.66    27.6586    27.6592 0.0000e+00
    437.000     4.4824     4.4864   3.310162   3.310584     2.2308    -0.3625     0.3847    34.8995 1.5056e+02    432.428    34.9002    34.9010     5.9645    1475.66    27.6586    27.6588 0.0000e+00
    436.000     4.4886     4.4921   3.310673   3.311060     2.2313    -0.3694     0.3842    34.8998 1.5056e+02    431.440    34.9003    34.9011     5.9645    1475.67    27.6579    27.6582 0.0000e+00
    435.000     4.4896     4.4944   3.310742   3.311251     2.2320    -0.3842     0.3844    34.8998 1.5078e+02    430.451    34.9005    34.9014     5.9659    1475.65    27.6581    27.6582 0.0000e+00
    434.000     4.4934     4.4962   3.311041   3.311400     2.2318    -0.3624     0.3893    34.9002 1.5056e+02    429.463    34.9006    34.9018     5.9638    1475.65    27.6577    27.6584 0.0000e+00
    433.000     4.4960     4.4947   3.311250   3.311198     2.2329    -0.3614     0.3893    34.9005 1.4873e+02    428.474    34.9008    34.9016     5.9665    1475.65    27.6575    27.6583 0.0000e+00
    432.000     4.4961     4.4994   3.311203   3.311580     2.2337    -0.3603     0.3837    34.9004 1.4847e+02    427.486    34.9006    34.9016     5.9684    1475.63    27.6574    27.6577 0.0000e+00
    431.000     4.4983     4.5019   3.311387   3.311804     2.2346    -0.3635     0.3849    34.9004 1.4870e+02    426.497    34.9011    34.9021     5.9703    1475.62    27.6575    27.6579 0.0000e+00
    430.000     4.5039     4.5052   3.311872   3.312077     2.2356    -0.3703     0.3845    34.9005 1.4904e+02    425.509    34.9013    34.9024     5.9722    1475.63    27.6570    27.6577 0.0000e+00
    429.000     4.5056     4.5061   3.311988   3.312127     2.2368    -0.3603     0.3832    34.9010 1.5005e+02    424.520    34.9014    34.9025     5.9753    1475.62    27.6570    27.6577 0.0000e+00
    428.000     4.5061     4.5068   3.312002   3.312147     2.2377    -0.3572     0.3833    34.9011 1.5028e+02    423.532    34.9015    34.9025     5.9776    1475.61    27.6570    27.6577 0.0000e+00
    427.000     4.5068     4.5073   3.312018   3.312155     2.2379    -0.3699     0.3847    34.9011 1.4976e+02    422.543    34.9016    34.9026     5.9772    1475.59    27.6569    27.6577 0.0000e+00
    426.000     4.5074     4.5078   3.312047   3.312168     2.2376    -0.3830     0.3875    34.9014 1.4944e+02    421.555    34.9018    34.9028     5.9754    1475.58    27.6570    27.6577 0.0000e+00
    425.000     4.5080     4.5079   3.312059   3.312133     2.2365    -0.3598     0.3843    34.9014 1.4831e+02    420.566    34.9018    34.9028     5.9706    1475.57    27.6569    27.6577 0.0000e+00
    424.000     4.5080     4.5079   3.312009   3.312087     2.2353    -0.3602     0.3837    34.9016 1.4803e+02    419.577    34.9018    34.9028     5.9658    1475.55    27.6569    27.6578 0.0000e+00
    423.000     4.5078     4.5083   3.311941   3.312069     2.2341    -0.3632     0.3878    34.9015 1.4840e+02    418.589    34.9017    34.9027     5.9609    1475.53    27.6569    27.6576 0.0000e+00
    422.000     4.5091     4.5103   3.312016   3.312215     2.2343    -0.3426     0.3886    34.9015 1.4950e+02    417.600    34.9018    34.9028     5.9606    1475.52    27.6568    27.6574 0.0000e+00
