Ship_data/Irminger/Irminger-5/ctd/process/ar30-03015.cnv
* Sea-Bird SBE 9 Data File:
* FileName = D:\Data\ar30-03015.hdr
* Software Version Seasave V 7.23.2
* Temperature SN = 4312
* Conductivity SN = 2148
* Number of Bytes Per Scan = 44
* Number of Voltage Words = 5
* Number of Scans Averaged by the Deck Unit = 1
* NMEA Latitude = 59 43.05 N
* NMEA Longitude = 039 20.31 W
* NMEA UTC (Time) = Jun 16 2018  13:54:45
** Cruise ID: ar30-03
** Chief Sci: Macdonald
** Station #: 015
** Site ID: Irminger 5 FLMB
** Redo of ctd cast at FLMB. 3 releases being tested.
# nquan = 18
# nvalues = 5685                        
# units = specified
# name 0 = prDM: Pressure, Digiquartz [db]
# name 1 = t090C: Temperature [ITS-90, deg C]
# name 2 = t190C: Temperature, 2 [ITS-90, deg C]
# name 3 = c0S/m: Conductivity [S/m]
# name 4 = c1S/m: Conductivity, 2 [S/m]
# name 5 = sbeox0V: Oxygen raw, SBE 43 [V]
# name 6 = flECO-AFL: Fluorescence, WET Labs ECO-AFL/FL [mg/m^3]
# name 7 = turbWETntu0: Turbidity, WET Labs ECO [NTU]
# name 8 = sal00: Salinity, Practical [PSU]
# name 9 = spar: SPAR/Surface Irradiance
# name 10 = depSM: Depth [salt water, m], lat = 59.7175
# name 11 = sal00: Salinity, Practical [PSU]
# name 12 = sal11: Salinity, Practical, 2 [PSU]
# name 13 = sbeox0ML/L: Oxygen, SBE 43 [ml/l], WS = 2
# name 14 = svCM: Sound Velocity [Chen-Millero, m/s]
# name 15 = sigma-é00: Density [sigma-theta, kg/m^3]
# name 16 = sigma-é11: Density, 2 [sigma-theta, kg/m^3]
# name 17 = flag: flag
# span 0 =      4.000,   2846.000       
# span 1 =     1.4053,     6.0422       
# span 2 =     1.4069,     6.0495       
# span 3 =   3.136428,   3.426717       
# span 4 =   3.136518,   3.427495       
# span 5 =     1.7601,     2.8442       
# span 6 =    -0.4148,     1.7262       
# span 7 =     0.3403,     0.6746       
# span 8 =    34.7872,    34.9327       
# span 9 = 1.0892e+03, 2.8428e+03       
# span 10 =      3.962,   2800.297      
# span 11 =    34.7890,    34.9325      
# span 12 =    34.8316,    34.9329      
# span 13 =     5.9018,     7.3450      
# span 14 =    1468.43,    1503.34      
# span 15 =    27.3861,    27.9410      
# span 16 =    27.4233,    27.9406      
# span 17 = 0.0000e+00, 0.0000e+00      
# interval = decibars: 1                
# start_time = Jun 16 2018 13:54:45 [System UTC, first data scan.]
# bad_flag = -9.990e-29
*END*
[from data line 4664]
   1024.000     3.2997     3.2998   3.226714   3.226817     2.2109    -0.3887     0.3683    34.8568 2.2534e+03   1011.874    34.8568    34.8580     6.5714    1480.34    27.7496    27.7505 0.0000e+00
   1023.000     3.3000     3.3002   3.226723   3.226822     2.2108    -0.4043     0.3698    34.8570 2.2532e+03   1010.888    34.8572    34.8582     6.5702    1480.33    27.7498    27.7506 0.0000e+00
   1022.000     3.3007     3.3009   3.226760   3.226849     2.2109    -0.4132     0.3690    34.8572 2.2540e+03   1009.902    34.8574    34.8583     6.5694    1480.31    27.7499    27.7506 0.0000e+00
   1021.000     3.3011     3.3011   3.226742   3.226846     2.2111    -0.3778     0.3641    34.8572 2.2552e+03   1008.916    34.8572    34.8585     6.5692    1480.30    27.7497    27.7508 0.0000e+00
   1020.000     3.3011     3.3011   3.226711   3.226796     2.2111    -0.3673     0.3629    34.8573 2.2555e+03   1007.931    34.8574    34.8584     6.5683    1480.28    27.7498    27.7507 0.0000e+00
   1019.000     3.3010     3.3010   3.226663   3.226755     2.2111    -0.3813     0.3629    34.8574 2.2556e+03   1006.945    34.8574    34.8585     6.5675    1480.27    27.7499    27.7507 0.0000e+00
   1018.000     3.3009     3.3009   3.226606   3.226702     2.2110    -0.3764     0.3610    34.8573 2.2562e+03   1005.959    34.8574    34.8586     6.5662    1480.25    27.7498    27.7508 0.0000e+00
   1017.000     3.3007     3.3005   3.226558   3.226635     2.2103    -0.3816     0.3646    34.8575 2.2549e+03   1004.973    34.8576    34.8587     6.5629    1480.23    27.7500    27.7509 0.0000e+00
   1016.000     3.3010     3.3008   3.226526   3.226608     2.2100    -0.3833     0.3677    34.8574 2.2550e+03   1003.988    34.8574    34.8586     6.5609    1480.22    27.7498    27.7508 0.0000e+00
   1015.000     3.3014     3.3013   3.226511   3.226597     2.2099    -0.3908     0.3698    34.8573 2.2557e+03   1003.002    34.8573    34.8585     6.5595    1480.20    27.7497    27.7506 0.0000e+00
   1014.000     3.3012     3.3012   3.226457   3.226550     2.2107    -0.3794     0.3666    34.8573 2.2544e+03   1002.016    34.8573    34.8585     6.5616    1480.18    27.7497    27.7507 0.0000e+00
   1013.000     3.3036     3.3032   3.226663   3.226710     2.2106    -0.3810     0.3663    34.8578 2.2509e+03   1001.030    34.8578    34.8588     6.5600    1480.18    27.7499    27.7508 0.0000e+00
   1012.000     3.3032     3.3032   3.226566   3.226666     2.2111    -0.3828     0.3641    34.8576 2.2783e+03   1000.044    34.8576    34.8588     6.5610    1480.16    27.7497    27.7507 0.0000e+00
   1011.000     3.3016     3.3017   3.226361   3.226463     2.2125    -0.3702     0.3669    34.8573 2.3010e+03    999.059    34.8573    34.8584     6.5659    1480.14    27.7497    27.7506 0.0000e+00
   1010.000     3.3025     3.3025   3.226393   3.226494     2.2126    -0.3831     0.3628    34.8573 2.2989e+03    998.073    34.8573    34.8585     6.5654    1480.12    27.7496    27.7505 0.0000e+00
   1009.000     3.3032     3.3032   3.226429   3.226523     2.2126    -0.3835     0.3631    34.8574 2.3003e+03    997.087    34.8575    34.8586     6.5644    1480.11    27.7496    27.7505 0.0000e+00
   1008.000     3.3044     3.3040   3.226514   3.226560     2.2126    -0.3665     0.3685    34.8576 2.3017e+03    996.101    34.8578    34.8588     6.5633    1480.10    27.7498    27.7506 0.0000e+00
   1007.000     3.3053     3.3047   3.226552   3.226593     2.2128    -0.3791     0.3687    34.8577 2.3021e+03    995.115    34.8578    34.8589     6.5629    1480.09    27.7497    27.7506 0.0000e+00
   1006.000     3.3054     3.3052   3.226519   3.226593     2.2133    -0.3832     0.3684    34.8577 2.3016e+03    994.130    34.8578    34.8589     6.5640    1480.07    27.7496    27.7505 0.0000e+00
   1005.000     3.3056     3.3054   3.226501   3.226576     2.2138    -0.3869     0.3694    34.8578 2.3015e+03    993.144    34.8579    34.8590     6.5651    1480.05    27.7497    27.7506 0.0000e+00
   1004.000     3.3057     3.3055   3.226475   3.226548     2.2136    -0.3762     0.3684    34.8579 2.3028e+03    992.158    34.8579    34.8590     6.5636    1480.04    27.7497    27.7506 0.0000e+00
   1003.000     3.3054     3.3056   3.226398   3.226504     2.2136    -0.3834     0.3682    34.8579 2.3002e+03    991.172    34.8579    34.8590     6.5626    1480.02    27.7497    27.7506 0.0000e+00
   1002.000     3.3051     3.3050   3.226305   3.226397     2.2136    -0.3669     0.3689    34.8576 2.2994e+03    990.186    34.8576    34.8589     6.5620    1480.00    27.7495    27.7505 0.0000e+00
   1001.000     3.3044     3.3042   3.226194   3.226277     2.2138    -0.3692     0.3679    34.8577 2.3029e+03    989.200    34.8576    34.8588     6.5619    1479.98    27.7495    27.7505 0.0000e+00
   1000.000     3.3040     3.3038   3.226109   3.226195     2.2138    -0.3872     0.3633    34.8575 2.3042e+03    988.214    34.8575    34.8587     6.5613    1479.96    27.7495    27.7505 0.0000e+00
    999.000     3.3039     3.3039   3.226062   3.226164     2.2145    -0.3590     0.3683    34.8575 2.3036e+03    987.229    34.8575    34.8587     6.5629    1479.95    27.7495    27.7505 0.0000e+00
    998.000     3.3046     3.3044   3.226084   3.226167     2.2150    -0.3902     0.3633    34.8576 2.3031e+03    986.243    34.8576    34.8588     6.5639    1479.93    27.7495    27.7505 0.0000e+00
    997.000     3.3048     3.3047   3.226062   3.226152     2.2150    -0.3691     0.3666    34.8577 2.3030e+03    985.257    34.8577    34.8588     6.5630    1479.92    27.7495    27.7504 0.0000e+00
    996.000     3.3046     3.3046   3.226006   3.226095     2.2150    -0.3785     0.3688    34.8577 2.3035e+03    984.271    34.8576    34.8588     6.5621    1479.90    27.7495    27.7505 0.0000e+00
    995.000     3.3045     3.3044   3.225955   3.226041     2.2156    -0.3839     0.3686    34.8577 2.3039e+03    983.285    34.8577    34.8589     6.5635    1479.88    27.7495    27.7505 0.0000e+00
    994.000     3.3044     3.3044   3.225902   3.225975     2.2161    -0.3898     0.3682    34.8577 2.3039e+03    982.299    34.8576    34.8586     6.5647    1479.87    27.7495    27.7503 0.0000e+00
    993.000     3.3046     3.3045   3.225868   3.225956     2.2163    -0.3865     0.3683    34.8575 2.3031e+03    981.313    34.8575    34.8588     6.5645    1479.85    27.7494    27.7504 0.0000e+00
    992.000     3.3051     3.3051   3.225861   3.225967     2.2167    -0.3676     0.3691    34.8575 2.3028e+03    980.327    34.8575    34.8588     6.5650    1479.84    27.7494    27.7504 0.0000e+00
    991.000     3.3054     3.3055   3.225855   3.225961     2.2166    -0.3802     0.3657    34.8576 2.3016e+03    979.342    34.8576    34.8588     6.5641    1479.82    27.7494    27.7503 0.0000e+00
    990.000     3.3055     3.3056   3.225837   3.225933     2.2170    -0.3872     0.3645    34.8578 2.3014e+03    978.356    34.8578    34.8589     6.5645    1479.81    27.7495    27.7504 0.0000e+00
    989.000     3.3056     3.3055   3.225792   3.225874     2.2173    -0.3697     0.3700    34.8577 2.3020e+03    977.370    34.8577    34.8588     6.5650    1479.79    27.7495    27.7503 0.0000e+00
    988.000     3.3053     3.3052   3.225732   3.225819     2.2174    -0.3761     0.3707    34.8578 2.2996e+03    976.384    34.8577    34.8590     6.5644    1479.77    27.7495    27.7505 0.0000e+00
    987.000     3.3053     3.3051   3.225668   3.225758     2.2178    -0.3734     0.3678    34.8576 2.2949e+03    975.398    34.8576    34.8588     6.5652    1479.75    27.7494    27.7503 0.0000e+00
    986.000     3.3053     3.3052   3.225627   3.225713     2.2182    -0.3891     0.3645    34.8576 2.2947e+03    974.412    34.8576    34.8587     6.5659    1479.74    27.7493    27.7503 0.0000e+00
    985.000     3.3051     3.3050   3.225560   3.225657     2.2186    -0.3869     0.3699    34.8576 2.2932e+03    973.426    34.8575    34.8587     6.5665    1479.72    27.7493    27.7503 0.0000e+00
    984.000     3.3050     3.3050   3.225499   3.225608     2.2186    -0.4092     0.3648    34.8575 2.2925e+03    972.440    34.8574    34.8587     6.5656    1479.70    27.7492    27.7503 0.0000e+00
    983.000     3.3045     3.3044   3.225426   3.225514     2.2186    -0.4061     0.3626    34.8577 2.2930e+03    971.454    34.8576    34.8587     6.5648    1479.68    27.7494    27.7503 0.0000e+00
    982.000     3.3042     3.3042   3.225343   3.225442     2.2189    -0.3870     0.3629    34.8575 2.2941e+03    970.468    34.8574    34.8586     6.5653    1479.67    27.7492    27.7502 0.0000e+00
    981.000     3.3039     3.3039   3.225271   3.225364     2.2196    -0.3898     0.3646    34.8574 2.2954e+03    969.482    34.8574    34.8585     6.5672    1479.65    27.7493    27.7502 0.0000e+00
    980.000     3.3037     3.3035   3.225204   3.225294     2.2199    -0.3891     0.3691    34.8574 2.2949e+03    968.496    34.8573    34.8585     6.5674    1479.63    27.7492    27.7502 0.0000e+00
    979.000     3.3035     3.3033   3.225141   3.225231     2.2204    -0.3894     0.3695    34.8574 2.2935e+03    967.510    34.8573    34.8586     6.5684    1479.61    27.7492    27.7503 0.0000e+00
    978.000     3.3034     3.3033   3.225092   3.225180     2.2209    -0.3899     0.3699    34.8574 2.2909e+03    966.524    34.8573    34.8585     6.5697    1479.60    27.7492    27.7502 0.0000e+00
    977.000     3.3037     3.3036   3.225079   3.225166     2.2210    -0.3781     0.3714    34.8574 2.2890e+03    965.539    34.8574    34.8586     6.5693    1479.58    27.7493    27.7502 0.0000e+00
    976.000     3.3039     3.3038   3.225054   3.225139     2.2215    -0.3820     0.3644    34.8574 2.2894e+03    964.553    34.8574    34.8585     6.5703    1479.57    27.7493    27.7502 0.0000e+00
    975.000     3.3041     3.3040   3.225034   3.225109     2.2217    -0.3874     0.3666    34.8575 2.2893e+03    963.567    34.8575    34.8585     6.5700    1479.55    27.7493    27.7501 0.0000e+00
    974.000     3.3042     3.3043   3.225012   3.225095     2.2222    -0.3862     0.3688    34.8576 2.2877e+03    962.581    34.8575    34.8585     6.5710    1479.53    27.7493    27.7501 0.0000e+00
    973.000     3.3043     3.3041   3.224965   3.225049     2.2222    -0.3883     0.3661    34.8575 2.2878e+03    961.595    34.8574    34.8586     6.5702    1479.52    27.7492    27.7502 0.0000e+00
    972.000     3.3043     3.3043   3.224925   3.225009     2.2222    -0.3908     0.3692    34.8575 2.2890e+03    960.609    34.8575    34.8585     6.5693    1479.50    27.7493    27.7501 0.0000e+00
    971.000     3.3046     3.3047   3.224917   3.225011     2.2222    -0.3850     0.3700    34.8575 2.2892e+03    959.623    34.8575    34.8586     6.5684    1479.49    27.7493    27.7501 0.0000e+00
    970.000     3.3061     3.3059   3.225007   3.225086     2.2228    -0.3550     0.3696    34.8575 2.2882e+03    958.637    34.8576    34.8587     6.5696    1479.48    27.7492    27.7501 0.0000e+00
    969.000     3.3065     3.3063   3.225008   3.225104     2.2230    -0.3455     0.3689    34.8577 2.2894e+03    957.651    34.8577    34.8590     6.5695    1479.46    27.7492    27.7502 0.0000e+00
    968.000     3.3064     3.3064   3.224956   3.225056     2.2233    -0.3654     0.3631    34.8577 2.2892e+03    956.665    34.8577    34.8588     6.5698    1479.44    27.7492    27.7501 0.0000e+00
    967.000     3.3064     3.3063   3.224918   3.224995     2.2234    -0.3645     0.3629    34.8577 2.2880e+03    955.679    34.8577    34.8588     6.5692    1479.43    27.7492    27.7501 0.0000e+00
    966.000     3.3060     3.3059   3.224846   3.224935     2.2234    -0.3792     0.3656    34.8578 2.2858e+03    954.693    34.8578    34.8590     6.5684    1479.41    27.7493    27.7502 0.0000e+00
    965.000     3.3055     3.3056   3.224729   3.224822     2.2234    -0.3905     0.3721    34.8574 2.2831e+03    953.707    34.8574    34.8585     6.5676    1479.39    27.7490    27.7499 0.0000e+00
    964.000     3.3059     3.3055   3.224713   3.224775     2.2235    -0.3840     0.3726    34.8575 2.2832e+03    952.721    34.8574    34.8586     6.5670    1479.38    27.7490    27.7500 0.0000e+00
    963.000     3.3050     3.3047   3.224576   3.224658     2.2236    -0.3857     0.3689    34.8575 2.2834e+03    951.734    34.8572    34.8586     6.5667    1479.35    27.7489    27.7500 0.0000e+00
    962.000     3.3041     3.3041   3.224456   3.224558     2.2240    -0.3857     0.3690    34.8575 2.2818e+03    950.748    34.8572    34.8585     6.5676    1479.33    27.7490    27.7500 0.0000e+00
    961.000     3.3040     3.3039   3.224391   3.224485     2.2245    -0.3619     0.3705    34.8572 2.2828e+03    949.762    34.8571    34.8583     6.5688    1479.32    27.7489    27.7499 0.0000e+00
    960.000     3.3038     3.3038   3.224339   3.224432     2.2248    -0.3731     0.3697    34.8574 2.2815e+03    948.776    34.8573    34.8583     6.5689    1479.30    27.7490    27.7499 0.0000e+00
    959.000     3.3036     3.3035   3.224288   3.224374     2.2252    -0.3859     0.3689    34.8574 2.2817e+03    947.790    34.8573    34.8585     6.5696    1479.28    27.7491    27.7500 0.0000e+00
    958.000     3.3035     3.3032   3.224232   3.224327     2.2258    -0.3695     0.3710    34.8574 2.2803e+03    946.804    34.8573    34.8587     6.5713    1479.27    27.7491    27.7502 0.0000e+00
    957.000     3.3039     3.3040   3.224222   3.224319     2.2259    -0.3888     0.3660    34.8572 2.2784e+03    945.818    34.8572    34.8584     6.5706    1479.25    27.7490    27.7499 0.0000e+00
    956.000     3.3039     3.3040   3.224184   3.224278     2.2267    -0.3883     0.3674    34.8573 2.2753e+03    944.832    34.8574    34.8584     6.5728    1479.23    27.7491    27.7499 0.0000e+00
    955.000     3.3057     3.3055   3.224324   3.224391     2.2270    -0.3879     0.3693    34.8574 2.2717e+03    943.846    34.8576    34.8586     6.5729    1479.23    27.7491    27.7499 0.0000e+00
    954.000     3.3075     3.3076   3.224451   3.224555     2.2271    -0.3879     0.3687    34.8575 2.2697e+03    942.860    34.8577    34.8589     6.5719    1479.22    27.7490    27.7499 0.0000e+00
    953.000     3.3082     3.3084   3.224486   3.224593     2.2271    -0.3905     0.3697    34.8578 2.2696e+03    941.874    34.8579    34.8591     6.5709    1479.20    27.7491    27.7500 0.0000e+00
    952.000     3.3084     3.3084   3.224473   3.224558     2.2278    -0.3848     0.3698    34.8580 2.2690e+03    940.888    34.8581    34.8591     6.5729    1479.19    27.7492    27.7500 0.0000e+00
    951.000     3.3090     3.3090   3.224492   3.224584     2.2278    -0.3869     0.3633    34.8580 2.2688e+03    939.902    34.8582    34.8593     6.5720    1479.17    27.7492    27.7501 0.0000e+00
    950.000     3.3095     3.3096   3.224489   3.224591     2.2281    -0.3884     0.3674    34.8581 2.2647e+03    938.916    34.8582    34.8592     6.5722    1479.16    27.7491    27.7500 0.0000e+00
    949.000     3.3097     3.3093   3.224478   3.224534     2.2278    -0.3856     0.3649    34.8582 2.2707e+03    937.930    34.8583    34.8594     6.5699    1479.14    27.7492    27.7502 0.0000e+00
    948.000     3.3112     3.3111   3.224573   3.224660     2.2275    -0.3856     0.3644    34.8582 2.2735e+03    936.944    34.8584    34.8595     6.5679    1479.13    27.7492    27.7501 0.0000e+00
    947.000     3.3143     3.3139   3.224855   3.224874     2.2279    -0.3921     0.3705    34.8584 2.2737e+03    935.957    34.8590    34.8596     6.5678    1479.13    27.7493    27.7499 0.0000e+00
    946.000     3.3167     3.3166   3.225044   3.225111     2.2275    -0.3866     0.3699    34.8590 2.2702e+03    934.971    34.8592    34.8602     6.5651    1479.13    27.7493    27.7500 0.0000e+00
