Ship_data/Irminger/Irminger-5/ctd/process/ar30-03010.cnv
* Sea-Bird SBE 9 Data File:
* FileName = D:\Data\ar30-03010.hdr
* Software Version Seasave V 7.23.2
* Temperature SN = 4312
* Conductivity SN = 2148
* Number of Bytes Per Scan = 44
* Number of Voltage Words = 5
* Number of Scans Averaged by the Deck Unit = 1
* NMEA Latitude = 59 50.67 N
* NMEA Longitude = 039 11.81 W
* NMEA UTC (Time) = Jun 12 2018  19:51:22
** Cruise ID: ar30-03
** Chief Sci: Macdonald
** Station #: 010
** Site ID: Irminger 5 Glider sync.
** cast to 1000 meters with bottom release testing
# nquan = 18
# nvalues = 2028                        
# units = specified
# name 0 = prDM: Pressure, Digiquartz [db]
# name 1 = t090C: Temperature [ITS-90, deg C]
# name 2 = t190C: Temperature, 2 [ITS-90, deg C]
# name 3 = c0S/m: Conductivity [S/m]
# name 4 = c1S/m: Conductivity, 2 [S/m]
# name 5 = sbeox0V: Oxygen raw, SBE 43 [V]
# name 6 = flECO-AFL: Fluorescence, WET Labs ECO-AFL/FL [mg/m^3]
# name 7 = turbWETntu0: Turbidity, WET Labs ECO [NTU]
# name 8 = sal00: Salinity, Practical [PSU]
# name 9 = spar: SPAR/Surface Irradiance
# name 10 = depSM: Depth [salt water, m], lat = 59.8445
# name 11 = sal00: Salinity, Practical [PSU]
# name 12 = sal11: Salinity, Practical, 2 [PSU]
# name 13 = sbeox0ML/L: Oxygen, SBE 43 [ml/l], WS = 2
# name 14 = svCM: Sound Velocity [Chen-Millero, m/s]
# name 15 = sigma-é00: Density [sigma-theta, kg/m^3]
# name 16 = sigma-é11: Density, 2 [sigma-theta, kg/m^3]
# name 17 = flag: flag
# span 0 =      2.000,   1016.000       
# span 1 =     3.6678,     6.1498       
# span 2 =     3.6678,     6.1497       
# span 3 =   3.262010,   3.438996       
# span 4 =   3.262077,   3.439186       
# span 5 =     2.1404,     2.8284       
# span 6 =    -0.4138,     7.2144       
# span 7 =     0.3456,     0.6761       
# span 8 =    34.8625,    34.9228       
# span 9 = 1.3798e+02, 2.6169e+02       
# span 10 =      1.981,   1003.977      
# span 11 =    34.8625,    34.9227      
# span 12 =    34.8639,    34.9240      
# span 13 =     5.9199,     7.2807      
# span 14 =    1472.00,    1481.89      
# span 15 =    27.4317,    27.7434      
# span 16 =    27.4335,    27.7441      
# span 17 = 0.0000e+00, 0.0000e+00      
# interval = decibars: 1                
# start_time = Jun 12 2018 19:51:22 [System UTC, first data scan.]
# bad_flag = -9.990e-29
*END*
[from data line 1930]
     99.000     5.2021     5.2017   3.359237   3.359294     2.4288    -0.0618     0.4373    34.8941 1.7466e+02     98.044    34.8940    34.8951     6.2456    1473.04    27.5684    27.5693 0.0000e+00
     98.000     5.2015     5.2015   3.359032   3.359130     2.4311    -0.0101     0.4373    34.8929 1.7378e+02     97.054    34.8928    34.8939     6.2525    1473.02    27.5675    27.5684 0.0000e+00
     97.000     5.1992     5.1989   3.358654   3.358771     2.4309    -0.0800     0.4417    34.8922 1.7554e+02     96.064    34.8914    34.8930     6.2515    1472.99    27.5667    27.5680 0.0000e+00
     96.000     5.1874     5.1859   3.357326   3.357324     2.4322    -0.0361     0.4470    34.8899 1.7593e+02     95.074    34.8889    34.8904     6.2569    1472.92    27.5660    27.5675 0.0000e+00
     95.000     5.1806     5.1849   3.356622   3.357195     2.4404     0.1221     0.4474    34.8887 1.7281e+02     94.084    34.8884    34.8905     6.2837    1472.88    27.5664    27.5676 0.0000e+00
     94.000     5.1795     5.1815   3.356426   3.356738     2.4410    -0.1042     0.4331    34.8879 1.7412e+02     93.094    34.8878    34.8893     6.2849    1472.86    27.5661    27.5671 0.0000e+00
     93.000     5.2118     5.2265   3.359706   3.361201     2.4436    -0.0912     0.4338    34.8888 1.7514e+02     92.104    34.8925    34.8944     6.2872    1472.98    27.5660    27.5657 0.0000e+00
     92.000     5.3286     5.2930   3.371403   3.367545     2.4453    -0.0189     0.4399    34.9019 1.7316e+02     91.113    34.9058    34.8985     6.2724    1473.45    27.5626    27.5611 0.0000e+00
     91.000     5.4205     5.4246   3.380500   3.381108     2.4426    -0.0480     0.4402    34.9157 1.6204e+02     90.123    34.9151    34.9179     6.2477    1473.82    27.5589    27.5606 0.0000e+00
     90.000     5.4106     5.4094   3.379512   3.379437     2.4416    -0.0333     0.4372    34.9141 1.5740e+02     89.133    34.9146    34.9149     6.2454    1473.76    27.5596    27.5600 0.0000e+00
     89.000     5.4139     5.4156   3.379805   3.380060     2.4426    -0.0827     0.4338    34.9144 1.5869e+02     88.143    34.9150    34.9162     6.2473    1473.76    27.5596    27.5603 0.0000e+00
     88.000     5.4204     5.4214   3.380435   3.380629     2.4457    -0.0444     0.4427    34.9150 1.5990e+02     87.153    34.9160    34.9172     6.2553    1473.77    27.5595    27.5604 0.0000e+00
     87.000     5.4222     5.4232   3.380496   3.380713     2.4410    -0.0243     0.4438    34.9154 1.5792e+02     86.163    34.9154    34.9168     6.2392    1473.76    27.5588    27.5599 0.0000e+00
     86.000     5.4260     5.4274   3.380899   3.381098     2.4423    -0.0822     0.4397    34.9157 1.5838e+02     85.172    34.9166    34.9174     6.2418    1473.76    27.5593    27.5598 0.0000e+00
     85.000     5.4331     5.4430   3.381653   3.382637     2.4444    -0.1049     0.4438    34.9166 1.5922e+02     84.182    34.9183    34.9193     6.2467    1473.77    27.5598    27.5594 0.0000e+00
     84.000     5.4390     5.4351   3.381995   3.381765     2.4509     0.0890     0.4452    34.9167 1.5628e+02     83.192    34.9166    34.9180     6.2658    1473.78    27.5577    27.5593 0.0000e+00
     83.000     5.4450     5.4514   3.382655   3.383325     2.4537    -0.0390     0.4509    34.9171 1.5777e+02     82.202    34.9185    34.9195     6.2731    1473.79    27.5585    27.5585 0.0000e+00
     82.000     5.4669     5.4650   3.384802   3.384705     2.4528     0.0032     0.4462    34.9198 1.5660e+02     81.212    34.9208    34.9216     6.2658    1473.86    27.5576    27.5585 0.0000e+00
     81.000     5.4951     5.4934   3.387478   3.387438     2.4537     0.0694     0.4454    34.9228 1.4961e+02     80.222    34.9227    34.9240     6.2633    1473.96    27.5557    27.5569 0.0000e+00
     80.000     5.4912     5.4911   3.387044   3.387147     2.4557     0.1252     0.4467    34.9223 1.4778e+02     79.231    34.9223    34.9236     6.2696    1473.93    27.5558    27.5569 0.0000e+00
     79.000     5.4912     5.4907   3.386998   3.387069     2.4552     0.1071     0.4461    34.9223 1.4561e+02     78.241    34.9223    34.9236     6.2670    1473.91    27.5558    27.5569 0.0000e+00
     78.000     5.4911     5.4911   3.386934   3.387049     2.4550     0.0839     0.4400    34.9222 1.4396e+02     77.251    34.9221    34.9235     6.2657    1473.90    27.5557    27.5568 0.0000e+00
     77.000     5.4912     5.4911   3.386909   3.387006     2.4538     0.0373     0.4464    34.9224 1.4519e+02     76.261    34.9223    34.9236     6.2610    1473.88    27.5558    27.5568 0.0000e+00
     76.000     5.4912     5.4909   3.386834   3.386930     2.4549     0.1345     0.4534    34.9220 1.4507e+02     75.271    34.9220    34.9234     6.2637    1473.86    27.5555    27.5567 0.0000e+00
     75.000     5.4909     5.4905   3.386735   3.386783     2.4551     0.0635     0.4374    34.9218 1.4434e+02     74.280    34.9217    34.9227     6.2635    1473.84    27.5553    27.5562 0.0000e+00
     74.000     5.4905     5.4904   3.386506   3.386533     2.4567     0.0661     0.4480    34.9201 1.4390e+02     73.290    34.9200    34.9204     6.2681    1473.82    27.5540    27.5544 0.0000e+00
     73.000     5.4907     5.4906   3.386385   3.386469     2.4564     0.2922     0.4559    34.9189 1.4515e+02     72.300    34.9189    34.9200     6.2662    1473.81    27.5531    27.5540 0.0000e+00
     72.000     5.4907     5.4912   3.386335   3.386318     2.4581     0.3564     0.4652    34.9189 1.4410e+02     71.310    34.9188    34.9182     6.2708    1473.79    27.5531    27.5525 0.0000e+00
     71.000     5.4913     5.4918   3.386153   3.386256     2.4555     0.3350     0.4734    34.9168 1.4250e+02     70.319    34.9167    34.9174     6.2618    1473.77    27.5513    27.5518 0.0000e+00
     70.000     5.4920     5.4922   3.386114   3.386211     2.4589     0.2208     0.4833    34.9160 1.4312e+02     69.329    34.9160    34.9169     6.2717    1473.76    27.5507    27.5514 0.0000e+00
     69.000     5.4920     5.4919   3.386003   3.386068     2.4659     0.5804     0.4872    34.9153 1.4509e+02     68.339    34.9152    34.9161     6.2935    1473.74    27.5500    27.5508 0.0000e+00
     68.000     5.4911     5.4909   3.385717   3.385817     2.4692     0.3328     0.4687    34.9136 1.4528e+02     67.349    34.9135    34.9148     6.3036    1473.72    27.5488    27.5498 0.0000e+00
     67.000     5.4904     5.4899   3.385609   3.385661     2.4729     0.3633     0.4759    34.9135 1.4200e+02     66.358    34.9135    34.9146     6.3147    1473.70    27.5488    27.5498 0.0000e+00
     66.000     5.4901     5.4893   3.385485   3.385527     2.4766     0.5596     0.4776    34.9131 1.4244e+02     65.368    34.9129    34.9143     6.3256    1473.68    27.5484    27.5496 0.0000e+00
     65.000     5.4879     5.4870   3.385114   3.385126     2.4777     0.3746     0.4666    34.9118 1.4467e+02     64.378    34.9115    34.9126     6.3290    1473.66    27.5476    27.5485 0.0000e+00
     64.000     5.4821     5.4777   3.384266   3.383913     2.4783     0.3052     0.4617    34.9096 1.4412e+02     63.388    34.9084    34.9088     6.3312    1473.61    27.5458    27.5466 0.0000e+00
     63.000     5.4719     5.4710   3.382845   3.382880     2.4820     0.5201     0.4700    34.9039 1.4242e+02     62.397    34.9031    34.9045     6.3440    1473.55    27.5428    27.5440 0.0000e+00
     62.000     5.4710     5.4730   3.382596   3.382968     2.4908     0.7896     0.4991    34.9020 1.4163e+02     61.407    34.9018    34.9039     6.3716    1473.53    27.5419    27.5433 0.0000e+00
     61.000     5.4724     5.4717   3.382561   3.382401     2.4946     0.6378     0.4841    34.9009 1.4343e+02     60.417    34.9005    34.8993     6.3828    1473.51    27.5407    27.5398 0.0000e+00
     60.000     5.4783     5.4793   3.382677   3.382814     2.5066     0.5758     0.4809    34.8961 1.4263e+02     59.426    34.8962    34.8967     6.4197    1473.52    27.5366    27.5369 0.0000e+00
     59.000     5.4824     5.4823   3.382778   3.382886     2.5173     0.6018     0.4805    34.8936 1.4051e+02     58.436    34.8936    34.8950     6.4525    1473.51    27.5340    27.5351 0.0000e+00
     58.000     5.4838     5.4884   3.382863   3.383302     2.5147     0.5132     0.4682    34.8934 1.4148e+02     57.446    34.8936    34.8939     6.4431    1473.50    27.5338    27.5334 0.0000e+00
     57.000     5.5143     5.5187   3.385547   3.385911     2.5176     0.6143     0.4775    34.8905 1.3909e+02     56.455    34.8932    34.8928     6.4466    1473.61    27.5297    27.5289 0.0000e+00
     56.000     5.5378     5.5383   3.387289   3.387631     2.5207     0.6796     0.4741    34.8877 1.3841e+02     55.465    34.8893    34.8926     6.4521    1473.68    27.5237    27.5263 0.0000e+00
     55.000     5.5400     5.5377   3.387636   3.387563     2.5269     0.8064     0.4813    34.8907 1.4081e+02     54.475    34.8914    34.8930     6.4707    1473.68    27.5252    27.5267 0.0000e+00
     54.000     5.5596     5.5602   3.389472   3.389523     2.5267     0.5928     0.4706    34.8903 1.3798e+02     53.485    34.8926    34.8925     6.4660    1473.74    27.5237    27.5235 0.0000e+00
     53.000     5.5685     5.5743   3.390216   3.390827     2.5256     0.3897     0.4583    34.8905 1.3865e+02     52.494    34.8924    34.8934     6.4602    1473.76    27.5224    27.5225 0.0000e+00
     52.000     5.5768     5.5743   3.390909   3.390795     2.5261     0.5147     0.4626    34.8912 1.4040e+02     51.504    34.8922    34.8935     6.4593    1473.77    27.5212    27.5225 0.0000e+00
     51.000     5.5778     5.5772   3.390940   3.390993     2.5299     0.5059     0.4613    34.8913 1.4037e+02     50.514    34.8921    34.8933     6.4704    1473.76    27.5210    27.5221 0.0000e+00
     50.000     5.5852     5.5856   3.391613   3.391776     2.5337     0.4780     0.4617    34.8923 1.4099e+02     49.523    34.8926    34.8941     6.4807    1473.78    27.5205    27.5216 0.0000e+00
     49.000     5.5957     5.5955   3.392551   3.392651     2.5377     0.2675     0.4466    34.8929 1.4018e+02     48.533    34.8929    34.8943     6.4909    1473.80    27.5194    27.5205 0.0000e+00
     48.000     5.5972     5.5968   3.392641   3.392712     2.5397     0.1848     0.4427    34.8929 1.4127e+02     47.542    34.8929    34.8942     6.4961    1473.79    27.5192    27.5203 0.0000e+00
     47.000     5.5973     5.5970   3.392602   3.392704     2.5405     0.2241     0.4410    34.8929 1.4309e+02     46.552    34.8929    34.8944     6.4979    1473.78    27.5192    27.5204 0.0000e+00
     46.000     5.5972     5.5970   3.392560   3.392660     2.5390     0.4443     0.4469    34.8930 1.4426e+02     45.562    34.8930    34.8944     6.4923    1473.76    27.5193    27.5205 0.0000e+00
     45.000     5.5975     5.5971   3.392540   3.392619     2.5398     0.4091     0.4459    34.8930 1.3906e+02     44.571    34.8930    34.8943     6.4938    1473.74    27.5193    27.5203 0.0000e+00
     44.000     5.5972     5.5967   3.392464   3.392542     2.5362     0.2753     0.4480    34.8931 1.4040e+02     43.581    34.8930    34.8944     6.4817    1473.73    27.5193    27.5204 0.0000e+00
     43.000     5.5961     5.5960   3.392318   3.392441     2.5349     0.2431     0.4413    34.8930 1.4486e+02     42.591    34.8930    34.8945     6.4769    1473.71    27.5194    27.5205 0.0000e+00
     42.000     5.5972     5.5967   3.392391   3.392459     2.5414     0.5162     0.4590    34.8931 1.4169e+02     41.600    34.8932    34.8946     6.4964    1473.69    27.5194    27.5205 0.0000e+00
     41.000     5.5967     5.5966   3.392284   3.392386     2.5431     0.3928     0.4458    34.8931 1.3834e+02     40.610    34.8930    34.8943     6.5010    1473.68    27.5193    27.5203 0.0000e+00
     40.000     5.5996     5.6003   3.392572   3.392726     2.5413     0.3390     0.4474    34.8933 1.4187e+02     39.620    34.8939    34.8949     6.4940    1473.67    27.5196    27.5203 0.0000e+00
     39.000     5.6023     5.6013   3.392723   3.392768     2.5378     0.3809     0.4461    34.8934 1.4515e+02     38.629    34.8933    34.8948     6.4816    1473.67    27.5188    27.5201 0.0000e+00
     38.000     5.6028     5.6043   3.392752   3.393015     2.5419     0.3202     0.4459    34.8934 1.4106e+02     37.639    34.8937    34.8950     6.4939    1473.65    27.5190    27.5199 0.0000e+00
     37.000     5.6098     5.6114   3.393443   3.393699     2.5439     0.4007     0.4567    34.8938 1.4189e+02     36.648    34.8947    34.8960     6.4981    1473.66    27.5190    27.5198 0.0000e+00
     36.000     5.6097     5.6136   3.393309   3.393846     2.5383     0.3873     0.4445    34.8940 1.4489e+02     35.658    34.8939    34.8960     6.4795    1473.65    27.5183    27.5195 0.0000e+00
     35.000     5.6161     5.6182   3.393932   3.394217     2.5370     0.2914     0.4445    34.8939 1.4382e+02     34.667    34.8949    34.8959     6.4734    1473.66    27.5183    27.5189 0.0000e+00
     34.000     5.6244     5.6266   3.394684   3.394971     2.5383     0.2970     0.4458    34.8941 1.4303e+02     33.677    34.8953    34.8963     6.4752    1473.67    27.5177    27.5181 0.0000e+00
     33.000     5.6306     5.6371   3.395132   3.395846     2.5444     0.6638     0.4717    34.8940 1.4360e+02     32.687    34.8946    34.8960     6.4930    1473.68    27.5163    27.5166 0.0000e+00
     32.000     5.6386     5.6410   3.395741   3.396118     2.5482     0.4917     0.4659    34.8933 1.4401e+02     31.696    34.8937    34.8956     6.5029    1473.70    27.5146    27.5158 0.0000e+00
     31.000     5.6507     5.6589   3.396980   3.397599     2.5496     0.8000     0.4920    34.8932 1.4404e+02     30.706    34.8959    34.8944     6.5044    1473.73    27.5148    27.5126 0.0000e+00
     30.000     5.7405     5.7375   3.404399   3.404373     2.6040     2.8221     0.5652    34.8887 1.4804e+02     29.715    34.8878    34.8906     6.6617    1474.06    27.4972    27.4998 0.0000e+00
     29.000     5.7231     5.7234   3.402924   3.403062     2.5915     2.1341     0.5414    34.8895 1.4821e+02     28.725    34.8896    34.8908     6.6240    1473.98    27.5008    27.5017 0.0000e+00
     28.000     5.7253     5.7260   3.403110   3.403252     2.5895     2.1539     0.5463    34.8895 1.4847e+02     27.734    34.8900    34.8909     6.6166    1473.97    27.5008    27.5014 0.0000e+00
     27.000     5.7343     5.7300   3.403738   3.403543     2.5981     3.0325     0.5649    34.8882 1.4749e+02     26.744    34.8883    34.8905     6.6414    1473.99    27.4983    27.5006 0.0000e+00
     26.000     5.7348     5.7341   3.403794   3.403834     2.6013     2.2839     0.5436    34.8883 1.4616e+02     25.754    34.8889    34.8902     6.6505    1473.98    27.4987    27.4998 0.0000e+00
     25.000     5.7387     5.7405   3.404044   3.404304     2.6029     2.4788     0.5489    34.8880 1.4852e+02     24.763    34.8883    34.8894     6.6542    1473.97    27.4978    27.4984 0.0000e+00
     24.000     5.8060     5.8041   3.409770   3.409724     2.6469     3.2003     0.5474    34.8839 1.4807e+02     23.773    34.8843    34.8857     6.7816    1474.22    27.4862    27.4875 0.0000e+00
     23.000     5.7976     5.7979   3.409030   3.409165     2.6437     2.8634     0.5456    34.8844 1.4822e+02     22.782    34.8850    34.8862     6.7717    1474.17    27.4878    27.4887 0.0000e+00
     22.000     5.8211     5.8160   3.410893   3.410681     2.6471     3.2264     0.5510    34.8809 1.4860e+02     21.792    34.8825    34.8853     6.7779    1474.25    27.4828    27.4856 0.0000e+00
     21.000     5.8315     5.8238   3.411882   3.411274     2.6603     4.1870     0.5928    34.8820 1.4671e+02     20.801    34.8835    34.8845     6.8168    1474.27    27.4823    27.4840 0.0000e+00
     20.000     5.8788     5.8736   3.415874   3.415550     2.6646     4.5904     0.5845    34.8783 1.4821e+02     19.811    34.8804    34.8821     6.8217    1474.44    27.4738    27.4759 0.0000e+00
