Ship_data/Irminger/Irminger-5/ctd/process/ar30-03011.ros
* Sea-Bird SBE 9 Data File:
* FileName = D:\Data\ar30-03011.hdr
* Software Version Seasave V 7.23.2
* Temperature SN = 4312
* Conductivity SN = 2148
* Number of Bytes Per Scan = 44
* Number of Voltage Words = 5
* Number of Scans Averaged by the Deck Unit = 1
* NMEA Latitude = 59 39.70 N
* NMEA Longitude = 038 37.20 W
* NMEA UTC (Time) = Jun 13 2018  13:11:35
** Cruise ID: ar30-03
** Chief Sci: Macdonald
** Station #: 011
** Site ID: Irminger 5 OSNAP M4
** cast near OSNAP M4 mooring
# nquan = 13
# nvalues = 833                                   
# units = specified
# name 0 = prDM: Pressure, Digiquartz [db]
# name 1 = t090C: Temperature [ITS-90, deg C]
# name 2 = t190C: Temperature, 2 [ITS-90, deg C]
# name 3 = c0S/m: Conductivity [S/m]
# name 4 = c1S/m: Conductivity, 2 [S/m]
# name 5 = sbeox0V: Oxygen raw, SBE 43 [V]
# name 6 = flECO-AFL: Fluorescence, WET Labs ECO-AFL/FL [mg/m^3]
# name 7 = turbWETntu0: Turbidity, WET Labs ECO [NTU]
# name 8 = sal00: Salinity, Practical [PSU]
# name 9 = spar: SPAR/Surface Irradiance
# name 10 = scan: Scan Count
# name 11 = nbf: Bottles Fired
# name 12 = flag:  0.000e+00
# interval = seconds: 0.0416667
# start_time = Jun 13 2018 13:11:35 [System UTC, first data scan.]
# bad_flag = -9.990e-29
*END*
[from data line 556]
    132.824     4.0759     4.0754   3.256653   3.256682     2.5231    -0.2571     0.4117    34.8617 1.3551e+03     181141         12  0.000e+00
    132.888     4.0756     4.0756   3.256616   3.256712     2.5231    -0.2375     0.4117    34.8615 1.3551e+03     181142         12  0.000e+00
    132.944     4.0746     4.0763   3.256540   3.256766     2.5231    -0.2375     0.4117    34.8616 1.3551e+03     181143         12  0.000e+00
    132.824     4.0746     4.0765   3.256603   3.256825     2.5231    -0.2571     0.4117    34.8624 1.3551e+03     181144         12  0.000e+00
    132.944     4.0762     4.0768   3.256742   3.256885     2.5231    -0.2571     0.4117    34.8623 1.3551e+03     181145         12  0.000e+00
    132.912     4.0774     4.0759   3.256798   3.256915     2.5231    -0.2571     0.4117    34.8618 1.3551e+03     181146         12  0.000e+00
    132.888     4.0775     4.0752   3.256767   3.256801     2.5231    -0.2571     0.4117    34.8612 1.3551e+03     181147         12  0.000e+00
    132.944     4.0768     4.0749   3.256748   3.256742     2.5231    -0.2375     0.4068    34.8617 1.3551e+03     181148         12  0.000e+00
    132.944     4.0764     4.0757   3.256735   3.256742     2.5231    -0.2375     0.4019    34.8621 1.3551e+03     181149         12  0.000e+00
    132.944     4.0765     4.0765   3.256723   3.256766     2.5231    -0.2375     0.4019    34.8617 1.3551e+03     181150         12  0.000e+00
    132.976     4.0765     4.0771   3.256698   3.256825     2.5231    -0.2375     0.4019    34.8614 1.3551e+03     181151         12  0.000e+00
    132.944     4.0772     4.0770   3.256754   3.256831     2.5243    -0.2375     0.4019    34.8614 1.3551e+03     181152         12  0.000e+00
    133.000     4.0774     4.0769   3.256798   3.256885     2.5243    -0.2375     0.4019    34.8617 1.3551e+03     181153         12  0.000e+00
    132.944     4.0775     4.0759   3.256792   3.256855     2.5243    -0.2375     0.4019    34.8615 1.3528e+03     181154         12  0.000e+00
    133.000     4.0777     4.0754   3.256805   3.256825     2.5231    -0.2375     0.4019    34.8615 1.3528e+03     181155         12  0.000e+00
    133.000     4.0778     4.0747   3.256792   3.256795     2.5231    -0.2375     0.4019    34.8611 1.3528e+03     181156         12  0.000e+00
    132.976     4.0778     4.0743   3.256842   3.256772     2.5231    -0.2375     0.4019    34.8618 1.3528e+03     181157         12  0.000e+00
    133.000     4.0778     4.0749   3.256849   3.256712     2.5231    -0.2375     0.4019    34.8618 1.3551e+03     181158         12  0.000e+00
    133.000     4.0772     4.0747   3.256805   3.256712     2.5231    -0.2375     0.4019    34.8620 1.3528e+03     181159         12  0.000e+00
    133.000     4.0777     4.0743   3.256823   3.256712     2.5231    -0.2375     0.4019    34.8617 1.3528e+03     181160         12  0.000e+00
    133.000     4.0777     4.0756   3.256817   3.256766     2.5231    -0.2375     0.4019    34.8616 1.3528e+03     181161         12  0.000e+00
    133.000     4.0780     4.0765   3.256792   3.256771     2.5231    -0.2375     0.4019    34.8610 1.3528e+03     181162         12  0.000e+00
    133.033     4.0781     4.0763   3.256786   3.256795     2.5231    -0.2375     0.4019    34.8607 1.3528e+03     181163         12  0.000e+00
    133.000     4.0777     4.0765   3.256761   3.256855     2.5231    -0.2375     0.4019    34.8609 1.3528e+03     181164         12  0.000e+00
    133.000     4.0774     4.0767   3.256710   3.256855     2.5231    -0.2375     0.4019    34.8607 1.3506e+03     181165         12  0.000e+00
    133.065     4.0775     4.0767   3.256761   3.256825     2.5243    -0.2375     0.4019    34.8611 1.3506e+03     181166         12  0.000e+00
    133.000     4.0778     4.0765   3.256742   3.256825     2.5231    -0.2375     0.4019    34.8605 1.3506e+03     181167         12  0.000e+00
    133.000     4.0775     4.0765   3.256742   3.256861     2.5231    -0.2375     0.4019    34.8609 1.3506e+03     181168         12  0.000e+00
    133.033     4.0777     4.0763   3.256729   3.256795     2.5231    -0.2375     0.4019    34.8605 1.3506e+03     181169         12  0.000e+00
    133.000     4.0775     4.0762   3.256761   3.256825     2.5231    -0.2375     0.4019    34.8611 1.3506e+03     181170         12  0.000e+00
    133.065     4.0775     4.0762   3.256779   3.256795     2.5231    -0.2375     0.4019    34.8613 1.3506e+03     181171         12  0.000e+00
    133.000     4.0770     4.0763   3.256716   3.256795     2.5231    -0.2375     0.4117    34.8611 1.3483e+03     181172         12  0.000e+00
     90.752     4.2345     4.2343   3.268523   3.268640     2.5537    -0.1008     0.4117    34.8569 1.4719e+03     184990         13  0.000e+00
     90.808     4.2347     4.2344   3.268517   3.268640     2.5549    -0.1008     0.4117    34.8565 1.4719e+03     184991         13  0.000e+00
     90.752     4.2345     4.2346   3.268504   3.268640     2.5537    -0.1008     0.4117    34.8567 1.4742e+03     184992         13  0.000e+00
     90.752     4.2344     4.2345   3.268485   3.268580     2.5537    -0.1008     0.4117    34.8565 1.4742e+03     184993         13  0.000e+00
     90.752     4.2341     4.2343   3.268491   3.268670     2.5549    -0.1008     0.4117    34.8569 1.4742e+03     184994         13  0.000e+00
     90.752     4.2343     4.2344   3.268485   3.268610     2.5537    -0.1008     0.4166    34.8567 1.4742e+03     184995         13  0.000e+00
     90.808     4.2343     4.2343   3.268491   3.268640     2.5537    -0.1008     0.4117    34.8567 1.4742e+03     184996         13  0.000e+00
     90.632     4.2343     4.2341   3.268504   3.268610     2.5537    -0.1008     0.4166    34.8570 1.4742e+03     184997         13  0.000e+00
     90.752     4.2343     4.2344   3.268504   3.268640     2.5537    -0.1008     0.4117    34.8568 1.4719e+03     184998         13  0.000e+00
     90.752     4.2344     4.2347   3.268485   3.268640     2.5537    -0.1008     0.4166    34.8565 1.4742e+03     184999         13  0.000e+00
     90.808     4.2345     4.2347   3.268517   3.268610     2.5537    -0.1008     0.4166    34.8568 1.4742e+03     185000         13  0.000e+00
     90.688     4.2347     4.2346   3.268516   3.268580     2.5537    -0.1008     0.4215    34.8566 1.4742e+03     185001         13  0.000e+00
     90.752     4.2343     4.2346   3.268504   3.268670     2.5537    -0.1008     0.4166    34.8568 1.4742e+03     185002         13  0.000e+00
     90.752     4.2346     4.2346   3.268542   3.268640     2.5537    -0.1008     0.4166    34.8570 1.4742e+03     185003         13  0.000e+00
     90.752     4.2345     4.2344   3.268523   3.268640     2.5537    -0.1008     0.4166    34.8569 1.4742e+03     185004         13  0.000e+00
     90.688     4.2344     4.2344   3.268523   3.268610     2.5537    -0.1008     0.4166    34.8570 1.4742e+03     185005         13  0.000e+00
     90.752     4.2345     4.2343   3.268491   3.268610     2.5537    -0.1008     0.4166    34.8565 1.4742e+03     185006         13  0.000e+00
     90.752     4.2341     4.2346   3.268472   3.268610     2.5537    -0.1008     0.4166    34.8567 1.4742e+03     185007         13  0.000e+00
     90.752     4.2340     4.2343   3.268472   3.268610     2.5537    -0.1008     0.4166    34.8568 1.4742e+03     185008         13  0.000e+00
     90.752     4.2339     4.2345   3.268453   3.268610     2.5537    -0.1008     0.4166    34.8567 1.4719e+03     185009         13  0.000e+00
     90.752     4.2337     4.2343   3.268447   3.268640     2.5537    -0.1008     0.4166    34.8568 1.4719e+03     185010         13  0.000e+00
     90.752     4.2338     4.2346   3.268466   3.268610     2.5537    -0.1008     0.4166    34.8569 1.4719e+03     185011         13  0.000e+00
     90.752     4.2341     4.2344   3.268472   3.268670     2.5537    -0.1008     0.4166    34.8567 1.4719e+03     185012         13  0.000e+00
     90.752     4.2343     4.2341   3.268516   3.268610     2.5537    -0.1008     0.4166    34.8570 1.4719e+03     185013         13  0.000e+00
     90.808     4.2344     4.2341   3.268554   3.268610     2.5537    -0.1008     0.4166    34.8573 1.4719e+03     185014         13  0.000e+00
     90.752     4.2348     4.2337   3.268561   3.268580     2.5537    -0.1008     0.4166    34.8570 1.4719e+03     185015         13  0.000e+00
     90.808     4.2346     4.2343   3.268580   3.268580     2.5537    -0.1008     0.4166    34.8574 1.4697e+03     185016         13  0.000e+00
     90.808     4.2351     4.2341   3.268554   3.268580     2.5537    -0.1008     0.4166    34.8566 1.4697e+03     185017         13  0.000e+00
     90.752     4.2347     4.2343   3.268535   3.268610     2.5537    -0.1008     0.4166    34.8568 1.4697e+03     185018         13  0.000e+00
     90.864     4.2343     4.2343   3.268529   3.268580     2.5537    -0.1008     0.4166    34.8571 1.4674e+03     185019         13  0.000e+00
     90.808     4.2344     4.2344   3.268491   3.268580     2.5537    -0.1008     0.4166    34.8565 1.4674e+03     185020         13  0.000e+00
     90.808     4.2343     4.2343   3.268491   3.268610     2.5537    -0.1008     0.4166    34.8567 1.4652e+03     185021         13  0.000e+00
     90.864     4.2346     4.2344   3.268542   3.268640     2.5537    -0.1008     0.4166    34.8569 1.4629e+03     185022         13  0.000e+00
     90.864     4.2346     4.2343   3.268542   3.268640     2.5537    -0.1008     0.4166    34.8569 1.4607e+03     185023         13  0.000e+00
     90.864     4.2349     4.2343   3.268554   3.268640     2.5537    -0.0812     0.4166    34.8568 1.4540e+03     185024         13  0.000e+00
     90.864     4.2346     4.2345   3.268542   3.268640     2.5537    -0.0812     0.4166    34.8569 1.4495e+03     185025         13  0.000e+00
     90.929     4.2346     4.2347   3.268529   3.268640     2.5537    -0.0812     0.4166    34.8568 1.4427e+03     185026         13  0.000e+00
     90.929     4.2343     4.2349   3.268554   3.268610     2.5537    -0.0812     0.4166    34.8573 1.4360e+03     185027         13  0.000e+00
     90.929     4.2344     4.2350   3.268498   3.268700     2.5537    -0.0812     0.4166    34.8566 1.4292e+03     185028         13  0.000e+00
     90.929     4.2343     4.2350   3.268491   3.268700     2.5537    -0.0812     0.4166    34.8566 1.4247e+03     185029         13  0.000e+00
     90.985     4.2343     4.2350   3.268504   3.268700     2.5537    -0.0812     0.4166    34.8568 1.4180e+03     185030         13  0.000e+00
     90.985     4.2341     4.2350   3.268523   3.268700     2.5537    -0.0812     0.4166    34.8571 1.4135e+03     185031         13  0.000e+00
     90.929     4.2339     4.2352   3.268510   3.268730     2.5537    -0.0812     0.4166    34.8573 1.4068e+03     185032         13  0.000e+00
     91.049     4.2343     4.2349   3.268485   3.268700     2.5537    -0.0812     0.4166    34.8565 1.4023e+03     185033         13  0.000e+00
     91.049     4.2339     4.2350   3.268491   3.268730     2.5537    -0.0812     0.4166    34.8570 1.3978e+03     185034         13  0.000e+00
     91.049     4.2340     4.2352   3.268460   3.268730     2.5537    -0.0812     0.4166    34.8565 1.3933e+03     185035         13  0.000e+00
     91.049     4.2341     4.2354   3.268485   3.268730     2.5549    -0.0812     0.4166    34.8567 1.3888e+03     185036         13  0.000e+00
     91.105     4.2343     4.2357   3.268523   3.268730     2.5549    -0.0812     0.4166    34.8569 1.3865e+03     185037         13  0.000e+00
     91.105     4.2346     4.2355   3.268554   3.268759     2.5549    -0.0812     0.4166    34.8570 1.3843e+03     185038         13  0.000e+00
     60.876     4.3017     4.2993   3.273155   3.273140     2.5698     0.1337     0.4166    34.8567 1.5236e+03     188563         14  0.000e+00
     60.932     4.3014     4.2995   3.273174   3.273111     2.5698     0.1337     0.4166    34.8571 1.5236e+03     188564         14  0.000e+00
     60.900     4.3013     4.2995   3.273155   3.273111     2.5698     0.1337     0.4166    34.8570 1.5214e+03     188565         14  0.000e+00
     61.173     4.3013     4.2998   3.273180   3.273123     2.5698     0.1337     0.4166    34.8571 1.5191e+03     188566         14  0.000e+00
     60.523     4.3016     4.2993   3.273199   3.273170     2.5698     0.1337     0.4166    34.8574 1.5191e+03     188567         14  0.000e+00
     61.132     4.3017     4.2993   3.273205   3.273200     2.5698     0.1337     0.4166    34.8571 1.5169e+03     188568         14  0.000e+00
     60.932     4.3013     4.2992   3.273187   3.273140     2.5698     0.1337     0.4166    34.8573 1.5169e+03     188569         14  0.000e+00
     60.956     4.3013     4.2993   3.273174   3.273152     2.5698     0.1337     0.4166    34.8572 1.5146e+03     188570         14  0.000e+00
     60.996     4.3010     4.2993   3.273155   3.273140     2.5698     0.1337     0.4166    34.8573 1.5124e+03     188571         14  0.000e+00
     61.052     4.3007     4.2995   3.273155   3.273111     2.5698     0.1337     0.4166    34.8576 1.5101e+03     188572         14  0.000e+00
     61.012     4.3007     4.2995   3.273149   3.273140     2.5686     0.1337     0.4166    34.8575 1.5079e+03     188573         14  0.000e+00
     61.052     4.3008     4.2993   3.273123   3.273152     2.5698     0.1337     0.4166    34.8571 1.5056e+03     188574         14  0.000e+00
     61.052     4.3007     4.2992   3.273111   3.273141     2.5698     0.1337     0.4166    34.8570 1.5034e+03     188575         14  0.000e+00
     61.076     4.3010     4.2997   3.273180   3.273170     2.5698     0.1337     0.4166    34.8575 1.5011e+03     188576         14  0.000e+00
     61.117     4.3010     4.2997   3.273155   3.273141     2.5698     0.1337     0.4166    34.8573 1.5011e+03     188577         14  0.000e+00
     61.133     4.3009     4.2993   3.273161   3.273182     2.5698     0.1337     0.4166    34.8574 1.4967e+03     188578         14  0.000e+00
     61.173     4.3007     4.2993   3.273130   3.273200     2.5698     0.1337     0.4166    34.8572 1.4944e+03     188579         14  0.000e+00
     61.117     4.3008     4.2995   3.273130   3.273111     2.5698     0.1337     0.4166    34.8571 1.4944e+03     188580         14  0.000e+00
     61.189     4.3007     4.2998   3.273142   3.273141     2.5698     0.1337     0.4166    34.8573 1.4899e+03     188581         14  0.000e+00
     61.173     4.3012     4.3001   3.273187   3.273152     2.5698     0.1337     0.4166    34.8574 1.4899e+03     188582         14  0.000e+00
     61.229     4.3010     4.3000   3.273174   3.273230     2.5698     0.1337     0.4166    34.8574 1.4877e+03     188583         14  0.000e+00
     61.253     4.3010     4.2998   3.273168   3.273200     2.5698     0.1337     0.4215    34.8573 1.4854e+03     188584         14  0.000e+00
     61.229     4.3012     4.2995   3.273174   3.273200     2.5698     0.1337     0.4215    34.8572 1.4832e+03     188585         14  0.000e+00
     61.229     4.3013     4.2994   3.273174   3.273123     2.5698     0.1532     0.4215    34.8571 1.4809e+03     188586         14  0.000e+00
     61.309     4.3015     4.2993   3.273193   3.273141     2.5698     0.1532     0.4215    34.8570 1.4787e+03     188587         14  0.000e+00
     61.293     4.3015     4.2992   3.273199   3.273141     2.5698     0.1532     0.4215    34.8571 1.4742e+03     188588         14  0.000e+00
     61.373     4.3015     4.2992   3.273218   3.273141     2.5698     0.1532     0.4215    34.8573 1.4697e+03     188589         14  0.000e+00
     61.293     4.3014     4.2992   3.273231   3.273123     2.5698     0.1532     0.4215    34.8576 1.4629e+03     188590         14  0.000e+00
     61.349     4.3017     4.2993   3.273212   3.273141     2.5698     0.1532     0.4215    34.8571 1.4584e+03     188591         14  0.000e+00
