Ship_data/Irminger/Irminger-5/ctd/process/ar30-03006.cnv
* Sea-Bird SBE 9 Data File:
* FileName = D:\Data\ar30-03006.hdr
* Software Version Seasave V 7.23.2
* Temperature SN = 4312
* Conductivity SN = 2148
* Number of Bytes Per Scan = 44
* Number of Voltage Words = 5
* Number of Scans Averaged by the Deck Unit = 1
* NMEA Latitude = 59 57.97 N
* NMEA Longitude = 039 30.98 W
* NMEA UTC (Time) = Jun 09 2018  13:38:40
** Cruise ID: ar30-03
** Chief Sci: Macdonald
** Station #: 006
** Site ID: Irminger 5 HYPM
** ctd cast at HYPM site with 3 bottom releases tested
# nquan = 18
# nvalues = 5373                        
# units = specified
# name 0 = prDM: Pressure, Digiquartz [db]
# name 1 = t090C: Temperature [ITS-90, deg C]
# name 2 = t190C: Temperature, 2 [ITS-90, deg C]
# name 3 = c0S/m: Conductivity [S/m]
# name 4 = c1S/m: Conductivity, 2 [S/m]
# name 5 = sbeox0V: Oxygen raw, SBE 43 [V]
# name 6 = flECO-AFL: Fluorescence, WET Labs ECO-AFL/FL [mg/m^3]
# name 7 = turbWETntu0: Turbidity, WET Labs ECO [NTU]
# name 8 = sal00: Salinity, Practical [PSU]
# name 9 = spar: SPAR/Surface Irradiance
# name 10 = depSM: Depth [salt water, m], lat = 59.9662
# name 11 = sal00: Salinity, Practical [PSU]
# name 12 = sal11: Salinity, Practical, 2 [PSU]
# name 13 = sbeox0ML/L: Oxygen, SBE 43 [ml/l], WS = 2
# name 14 = svCM: Sound Velocity [Chen-Millero, m/s]
# name 15 = sigma-é00: Density [sigma-theta, kg/m^3]
# name 16 = sigma-é11: Density, 2 [sigma-theta, kg/m^3]
# name 17 = flag: flag
# span 0 =      5.000,   2691.000       
# span 1 =     1.5098,     5.9294       
# span 2 =     1.5108,     5.9286       
# span 3 =   3.139117,   3.419692       
# span 4 =   3.139142,   3.419692       
# span 5 =     1.7958,     2.7990       
# span 6 =    -0.4161,     5.3388       
# span 7 =     0.1764,     0.6723       
# span 8 =    34.8539,    34.9238       
# span 9 = 6.9941e+02, 1.1582e+03       
# span 10 =      4.953,   2648.683      
# span 11 =    34.8539,    34.9237      
# span 12 =    34.8529,    34.9234      
# span 13 =     5.9731,     7.2499      
# span 14 =    1472.68,    1500.67      
# span 15 =    27.4642,    27.9325      
# span 16 =    27.4651,    27.9317      
# span 17 = 0.0000e+00, 0.0000e+00      
# interval = decibars: 1                
# start_time = Jun 09 2018 13:38:40 [System UTC, first data scan.]
# bad_flag = -9.990e-29
*END*
[from data line 2413]
   2418.000     2.3249     2.3260   3.200986   3.201119     1.8331    -0.3859     0.3574    34.8943 1.0653e+03   2381.485    34.8930    34.8933     6.3062    1499.55    27.8742    27.8744 0.0000e+00
   2419.000     2.3199     2.3208   3.200599   3.200668     1.8329    -0.3673     0.3543    34.8943 1.0695e+03   2382.465    34.8931    34.8930     6.3070    1499.55    27.8747    27.8746 0.0000e+00
   2420.000     2.3160     2.3169   3.200154   3.200349     1.8323    -0.3821     0.3572    34.8938 1.0810e+03   2383.444    34.8914    34.8928     6.3058    1499.54    27.8737    27.8747 0.0000e+00
   2421.000     2.3012     2.3019   3.198949   3.199065     1.8319    -0.3926     0.3589    34.8942 1.0980e+03   2384.423    34.8921    34.8927     6.3074    1499.50    27.8754    27.8758 0.0000e+00
   2422.000     2.2966     2.2975   3.198680   3.198747     1.8318    -0.3877     0.3628    34.8947 1.1183e+03   2385.403    34.8932    34.8931     6.3085    1499.50    27.8767    27.8765 0.0000e+00
   2423.000     2.2952     2.2961   3.198597   3.198661     1.8316    -0.3889     0.3601    34.8943 1.1278e+03   2386.382    34.8932    34.8930     6.3090    1499.51    27.8768    27.8766 0.0000e+00
   2424.000     2.2938     2.2949   3.198540   3.198618     1.8317    -0.3745     0.3579    34.8945 1.0987e+03   2387.362    34.8935    34.8933     6.3103    1499.52    27.8772    27.8769 0.0000e+00
   2425.000     2.2914     2.2923   3.198382   3.198455     1.8317    -0.3917     0.3583    34.8946 1.0791e+03   2388.341    34.8937    34.8937     6.3116    1499.53    27.8775    27.8774 0.0000e+00
   2426.000     2.2905     2.2909   3.198375   3.198396     1.8317    -0.3692     0.3580    34.8949 1.0676e+03   2389.320    34.8941    34.8940     6.3126    1499.54    27.8780    27.8778 0.0000e+00
   2427.000     2.2883     2.2894   3.198175   3.198292     1.8315    -0.3703     0.3556    34.8948 1.0660e+03   2390.300    34.8935    34.8938     6.3127    1499.55    27.8777    27.8778 0.0000e+00
   2428.000     2.2780     2.2785   3.197247   3.197364     1.8312    -0.3714     0.3558    34.8948 1.0745e+03   2391.279    34.8928    34.8937     6.3143    1499.52    27.8779    27.8786 0.0000e+00
   2429.000     2.2731     2.2739   3.196968   3.197034     1.8309    -0.3712     0.3580    34.8953 1.0873e+03   2392.258    34.8942    34.8941     6.3147    1499.51    27.8794    27.8793 0.0000e+00
   2430.000     2.2707     2.2713   3.196759   3.196838     1.8305    -0.3707     0.3580    34.8952 1.1018e+03   2393.237    34.8936    34.8939     6.3137    1499.52    27.8792    27.8794 0.0000e+00
   2431.000     2.2591     2.2599   3.195740   3.195885     1.8305    -0.3743     0.3578    34.8954 1.1090e+03   2394.217    34.8931    34.8940     6.3168    1499.49    27.8797    27.8804 0.0000e+00
   2432.000     2.2506     2.2515   3.195141   3.195229     1.8301    -0.3938     0.3545    34.8961 1.1041e+03   2395.196    34.8945    34.8946     6.3175    1499.47    27.8815    27.8815 0.0000e+00
   2433.000     2.2481     2.2493   3.195003   3.195091     1.8299    -0.3929     0.3582    34.8964 1.0931e+03   2396.175    34.8950    34.8948     6.3175    1499.48    27.8821    27.8818 0.0000e+00
   2434.000     2.2464     2.2470   3.194877   3.194941     1.8295    -0.3741     0.3578    34.8964 1.0823e+03   2397.155    34.8949    34.8950     6.3166    1499.48    27.8821    27.8822 0.0000e+00
   2435.000     2.2387     2.2397   3.194299   3.194383     1.8287    -0.3824     0.3547    34.8969 1.0758e+03   2398.134    34.8956    34.8955     6.3150    1499.47    27.8833    27.8832 0.0000e+00
   2436.000     2.2336     2.2347   3.193918   3.194014     1.8281    -0.3664     0.3545    34.8971 1.0842e+03   2399.113    34.8959    34.8959     6.3143    1499.46    27.8839    27.8839 0.0000e+00
   2437.000     2.2325     2.2332   3.193870   3.193916     1.8276    -0.3932     0.3581    34.8971 1.0917e+03   2400.092    34.8960    34.8958     6.3126    1499.48    27.8842    27.8839 0.0000e+00
   2438.000     2.2298     2.2305   3.193657   3.193712     1.8271    -0.3629     0.3557    34.8970 1.0954e+03   2401.072    34.8958    34.8958     6.3116    1499.48    27.8842    27.8841 0.0000e+00
   2439.000     2.2284     2.2293   3.193594   3.193663     1.8268    -0.3494     0.3545    34.8972 1.0966e+03   2402.051    34.8961    34.8960     6.3111    1499.49    27.8846    27.8844 0.0000e+00
   2440.000     2.2230     2.2241   3.193043   3.193228     1.8264    -0.3900     0.3538    34.8970 1.0942e+03   2403.030    34.8946    34.8957     6.3114    1499.48    27.8838    27.8846 0.0000e+00
   2441.000     2.2095     2.2105   3.191943   3.192111     1.8261    -0.3815     0.3559    34.8977 1.0872e+03   2404.010    34.8952    34.8961     6.3130    1499.44    27.8854    27.8860 0.0000e+00
   2442.000     2.2025     2.2035   3.191475   3.191551     1.8258    -0.3817     0.3563    34.8981 1.0745e+03   2404.989    34.8965    34.8963     6.3136    1499.43    27.8870    27.8868 0.0000e+00
   2443.000     2.1997     2.2005   3.191275   3.191333     1.8255    -0.3837     0.3523    34.8977 1.0655e+03   2405.968    34.8965    34.8964     6.3138    1499.44    27.8872    27.8870 0.0000e+00
   2444.000     2.1959     2.1962   3.190979   3.191011     1.8255    -0.3714     0.3582    34.8978 1.0783e+03   2406.947    34.8965    34.8966     6.3150    1499.44    27.8875    27.8876 0.0000e+00
   2445.000     2.1928     2.1934   3.190800   3.190833     1.8249    -0.3712     0.3546    34.8982 1.0855e+03   2407.927    34.8972    34.8970     6.3139    1499.44    27.8883    27.8881 0.0000e+00
   2446.000     2.1919     2.1927   3.190762   3.190820     1.8246    -0.3850     0.3543    34.8982 1.0887e+03   2408.906    34.8972    34.8971     6.3132    1499.45    27.8884    27.8883 0.0000e+00
   2447.000     2.1884     2.1893   3.190443   3.190544     1.8244    -0.3896     0.3545    34.8981 1.0893e+03   2409.885    34.8966    34.8968     6.3136    1499.46    27.8882    27.8883 0.0000e+00
   2448.000     2.1813     2.1819   3.189769   3.189891     1.8244    -0.3913     0.3546    34.8977 1.0863e+03   2410.864    34.8955    34.8964     6.3158    1499.44    27.8879    27.8885 0.0000e+00
   2449.000     2.1748     2.1755   3.189276   3.189368     1.8237    -0.3780     0.3519    34.8977 1.0798e+03   2411.843    34.8959    34.8963     6.3144    1499.43    27.8887    27.8890 0.0000e+00
   2450.000     2.1688     2.1696   3.188819   3.188891     1.8236    -0.3798     0.3517    34.8978 1.0688e+03   2412.823    34.8963    34.8963     6.3160    1499.42    27.8895    27.8894 0.0000e+00
   2451.000     2.1678     2.1687   3.188789   3.188863     1.8235    -0.3810     0.3545    34.8976 1.0514e+03   2413.802    34.8965    34.8965     6.3167    1499.43    27.8898    27.8897 0.0000e+00
   2452.000     2.1661     2.1667   3.188676   3.188717     1.8234    -0.3687     0.3539    34.8975 1.0474e+03   2414.781    34.8965    34.8964     6.3171    1499.44    27.8899    27.8898 0.0000e+00
   2453.000     2.1638     2.1636   3.188378   3.188446     1.8232    -0.3928     0.3543    34.8968 1.0579e+03   2415.760    34.8949    34.8959     6.3173    1499.45    27.8888    27.8896 0.0000e+00
   2454.000     2.1529     2.1552   3.187510   3.187701     1.8231    -0.3708     0.3547    34.8967 1.0698e+03   2416.739    34.8955    34.8953     6.3198    1499.42    27.8901    27.8898 0.0000e+00
   2455.000     2.1516     2.1523   3.187432   3.187478     1.8230    -0.3659     0.3539    34.8964 1.0786e+03   2417.719    34.8954    34.8952     6.3205    1499.43    27.8902    27.8899 0.0000e+00
   2456.000     2.1512     2.1522   3.187445   3.187496     1.8232    -0.3768     0.3509    34.8964 1.0852e+03   2418.698    34.8955    34.8951     6.3225    1499.44    27.8903    27.8899 0.0000e+00
   2457.000     2.1513     2.1521   3.187485   3.187532     1.8233    -0.3915     0.3523    34.8961 1.0871e+03   2419.677    34.8954    34.8952     6.3236    1499.46    27.8902    27.8900 0.0000e+00
   2458.000     2.1492     2.1497   3.187307   3.187359     1.8234    -0.3851     0.3541    34.8959 1.0752e+03   2420.656    34.8950    34.8951     6.3252    1499.47    27.8901    27.8901 0.0000e+00
   2459.000     2.1473     2.1481   3.187223   3.187265     1.8234    -0.3693     0.3539    34.8960 1.0628e+03   2421.635    34.8955    34.8952     6.3265    1499.48    27.8906    27.8903 0.0000e+00
   2460.000     2.1465     2.1465   3.187126   3.187134     1.8232    -0.4124     0.3580    34.8959 1.0576e+03   2422.615    34.8947    34.8949     6.3265    1499.49    27.8901    27.8902 0.0000e+00
   2461.000     2.1427     2.1439   3.186843   3.186957     1.8234    -0.4004     0.3556    34.8956 1.0588e+03   2423.594    34.8949    34.8949     6.3288    1499.49    27.8905    27.8904 0.0000e+00
   2462.000     2.1418     2.1430   3.186812   3.186897     1.8234    -0.3831     0.3539    34.8956 1.0675e+03   2424.573    34.8950    34.8948     6.3298    1499.50    27.8906    27.8904 0.0000e+00
   2463.000     2.1381     2.1394   3.186470   3.186595     1.8230    -0.3821     0.3546    34.8952 1.0831e+03   2425.552    34.8943    34.8944     6.3296    1499.50    27.8904    27.8904 0.0000e+00
   2464.000     2.1238     2.1258   3.185036   3.185337     1.8227    -0.3756     0.3571    34.8943 1.0964e+03   2426.531    34.8916    34.8931     6.3317    1499.46    27.8894    27.8904 0.0000e+00
   2465.000     2.1058     2.1061   3.183630   3.183674     1.8226    -0.3669     0.3587    34.8951 1.0995e+03   2427.510    34.8932    34.8935     6.3352    1499.40    27.8921    27.8923 0.0000e+00
   2466.000     2.0994     2.0995   3.183060   3.183140     1.8227    -0.3870     0.3559    34.8950 1.0952e+03   2428.489    34.8926    34.8935     6.3377    1499.38    27.8921    27.8928 0.0000e+00
   2467.000     2.0916     2.0919   3.182483   3.182517     1.8225    -0.3821     0.3568    34.8953 1.0904e+03   2429.469    34.8935    34.8936     6.3394    1499.37    27.8934    27.8934 0.0000e+00
   2468.000     2.0873     2.0897   3.182139   3.182353     1.8228    -0.3704     0.3585    34.8952 1.0875e+03   2430.448    34.8933    34.8934     6.3420    1499.37    27.8936    27.8935 0.0000e+00
   2469.000     2.0828     2.0833   3.181785   3.181838     1.8225    -0.3750     0.3580    34.8952 1.0870e+03   2431.427    34.8934    34.8935     6.3424    1499.36    27.8940    27.8941 0.0000e+00
   2470.000     2.0779     2.0774   3.181452   3.181388     1.8228    -0.3929     0.3580    34.8954 1.0911e+03   2432.406    34.8941    34.8938     6.3457    1499.36    27.8950    27.8948 0.0000e+00
   2471.000     2.0729     2.0745   3.180917   3.181132     1.8229    -0.3766     0.3612    34.8948 1.0943e+03   2433.385    34.8924    34.8933     6.3477    1499.35    27.8940    27.8946 0.0000e+00
   2472.000     2.0608     2.0612   3.179997   3.180032     1.8223    -0.3827     0.3576    34.8955 1.0945e+03   2434.364    34.8936    34.8937     6.3482    1499.32    27.8959    27.8959 0.0000e+00
   2473.000     2.0559     2.0568   3.179589   3.179689     1.8224    -0.3896     0.3552    34.8954 1.0943e+03   2435.343    34.8934    34.8936     6.3501    1499.32    27.8961    27.8962 0.0000e+00
   2474.000     2.0502     2.0513   3.179112   3.179235     1.8225    -0.3939     0.3580    34.8954 1.0944e+03   2436.322    34.8932    34.8935     6.3526    1499.31    27.8964    27.8966 0.0000e+00
   2475.000     2.0455     2.0463   3.178775   3.178849     1.8224    -0.3938     0.3557    34.8955 1.0960e+03   2437.301    34.8936    34.8936     6.3538    1499.30    27.8971    27.8971 0.0000e+00
   2476.000     2.0428     2.0437   3.178587   3.178648     1.8224    -0.3834     0.3545    34.8953 1.0982e+03   2438.281    34.8938    34.8935     6.3553    1499.31    27.8974    27.8972 0.0000e+00
   2477.000     2.0394     2.0421   3.178341   3.178539     1.8229    -0.3804     0.3573    34.8952 1.1030e+03   2439.260    34.8939    34.8935     6.3590    1499.31    27.8979    27.8973 0.0000e+00
   2478.000     2.0404     2.0401   3.178438   3.178401     1.8230    -0.3620     0.3540    34.8947 1.1077e+03   2440.239    34.8936    34.8934     6.3600    1499.33    27.8975    27.8974 0.0000e+00
   2479.000     2.0342     2.0347   3.177865   3.177977     1.8229    -0.3513     0.3553    34.8944 1.1036e+03   2441.218    34.8927    34.8936     6.3619    1499.32    27.8973    27.8979 0.0000e+00
   2480.000     2.0300     2.0313   3.177650   3.177723     1.8224    -0.3719     0.3629    34.8949 1.0990e+03   2442.197    34.8941    34.8936     6.3608    1499.32    27.8988    27.8982 0.0000e+00
   2481.000     2.0299     2.0304   3.177632   3.177690     1.8227    -0.3729     0.3583    34.8947 1.0953e+03   2443.176    34.8935    34.8936     6.3631    1499.34    27.8983    27.8983 0.0000e+00
   2482.000     2.0294     2.0309   3.177687   3.177766     1.8223    -0.3716     0.3536    34.8949 1.0924e+03   2444.155    34.8942    34.8937     6.3623    1499.35    27.8989    27.8983 0.0000e+00
   2483.000     2.0301     2.0307   3.177749   3.177787     1.8225    -0.3911     0.3576    34.8945 1.0923e+03   2445.134    34.8937    34.8936     6.3638    1499.37    27.8984    27.8983 0.0000e+00
   2484.000     2.0294     2.0301   3.177693   3.177783     1.8224    -0.3926     0.3583    34.8945 1.0933e+03   2446.113    34.8934    34.8937     6.3641    1499.39    27.8982    27.8984 0.0000e+00
   2485.000     2.0255     2.0262   3.177386   3.177439     1.8224    -0.3938     0.3570    34.8943 1.0986e+03   2447.092    34.8933    34.8932     6.3657    1499.39    27.8985    27.8984 0.0000e+00
   2486.000     2.0257     2.0269   3.177459   3.177558     1.8224    -0.3832     0.3563    34.8940 1.1173e+03   2448.071    34.8935    34.8934     6.3665    1499.40    27.8986    27.8985 0.0000e+00
   2487.000     2.0239     2.0257   3.177401   3.177528     1.8220    -0.3939     0.3552    34.8944 1.1098e+03   2449.050    34.8942    34.8938     6.3659    1499.41    27.8993    27.8989 0.0000e+00
   2488.000     2.0181     2.0176   3.176740   3.176787     1.8216    -0.3685     0.3589    34.8939 1.1033e+03   2450.029    34.8919    34.8930     6.3658    1499.40    27.8979    27.8989 0.0000e+00
   2489.000     2.0153     2.0160   3.176702   3.176738     1.8215    -0.3758     0.3580    34.8945 1.0991e+03   2451.008    34.8939    34.8936     6.3669    1499.41    27.8998    27.8995 0.0000e+00
   2490.000     2.0138     2.0149   3.176554   3.176655     1.8214    -0.3927     0.3585    34.8944 1.0961e+03   2451.987    34.8932    34.8933     6.3674    1499.42    27.8993    27.8993 0.0000e+00
   2491.000     2.0109     2.0115   3.176364   3.176411     1.8214    -0.3910     0.3576    34.8946 1.0946e+03   2452.966    34.8936    34.8935     6.3686    1499.42    27.8998    27.8997 0.0000e+00
   2492.000     2.0086     2.0096   3.176213   3.176296     1.8212    -0.3885     0.3543    34.8945 1.0967e+03   2453.945    34.8937    34.8936     6.3690    1499.43    27.9001    27.9000 0.0000e+00
   2493.000     2.0068     2.0087   3.176090   3.176242     1.8212    -0.3809     0.3558    34.8943 1.1053e+03   2454.925    34.8936    34.8935     6.3702    1499.44    27.9002    27.9000 0.0000e+00
   2494.000     2.0072     2.0086   3.176129   3.176264     1.8211    -0.3669     0.3554    34.8940 1.1184e+03   2455.904    34.8932    34.8934     6.3706    1499.46    27.8999    27.8999 0.0000e+00
   2495.000     2.0013     2.0020   3.175703   3.175754     1.8206    -0.3684     0.3565    34.8946 1.1173e+03   2456.883    34.8939    34.8938     6.3700    1499.45    27.9009    27.9007 0.0000e+00
   2496.000     1.9961     1.9974   3.175188   3.175374     1.8204    -0.3708     0.3580    34.8945 1.1135e+03   2457.862    34.8926    34.8935     6.3708    1499.44    27.9002    27.9008 0.0000e+00
