Ship_data/Irminger/Irminger-5/ctd/process/ar30-03006.cnv
* Sea-Bird SBE 9 Data File:
* FileName = D:\Data\ar30-03006.hdr
* Software Version Seasave V 7.23.2
* Temperature SN = 4312
* Conductivity SN = 2148
* Number of Bytes Per Scan = 44
* Number of Voltage Words = 5
* Number of Scans Averaged by the Deck Unit = 1
* NMEA Latitude = 59 57.97 N
* NMEA Longitude = 039 30.98 W
* NMEA UTC (Time) = Jun 09 2018  13:38:40
** Cruise ID: ar30-03
** Chief Sci: Macdonald
** Station #: 006
** Site ID: Irminger 5 HYPM
** ctd cast at HYPM site with 3 bottom releases tested
# nquan = 18
# nvalues = 5373                        
# units = specified
# name 0 = prDM: Pressure, Digiquartz [db]
# name 1 = t090C: Temperature [ITS-90, deg C]
# name 2 = t190C: Temperature, 2 [ITS-90, deg C]
# name 3 = c0S/m: Conductivity [S/m]
# name 4 = c1S/m: Conductivity, 2 [S/m]
# name 5 = sbeox0V: Oxygen raw, SBE 43 [V]
# name 6 = flECO-AFL: Fluorescence, WET Labs ECO-AFL/FL [mg/m^3]
# name 7 = turbWETntu0: Turbidity, WET Labs ECO [NTU]
# name 8 = sal00: Salinity, Practical [PSU]
# name 9 = spar: SPAR/Surface Irradiance
# name 10 = depSM: Depth [salt water, m], lat = 59.9662
# name 11 = sal00: Salinity, Practical [PSU]
# name 12 = sal11: Salinity, Practical, 2 [PSU]
# name 13 = sbeox0ML/L: Oxygen, SBE 43 [ml/l], WS = 2
# name 14 = svCM: Sound Velocity [Chen-Millero, m/s]
# name 15 = sigma-é00: Density [sigma-theta, kg/m^3]
# name 16 = sigma-é11: Density, 2 [sigma-theta, kg/m^3]
# name 17 = flag: flag
# span 0 =      5.000,   2691.000       
# span 1 =     1.5098,     5.9294       
# span 2 =     1.5108,     5.9286       
# span 3 =   3.139117,   3.419692       
# span 4 =   3.139142,   3.419692       
# span 5 =     1.7958,     2.7990       
# span 6 =    -0.4161,     5.3388       
# span 7 =     0.1764,     0.6723       
# span 8 =    34.8539,    34.9238       
# span 9 = 6.9941e+02, 1.1582e+03       
# span 10 =      4.953,   2648.683      
# span 11 =    34.8539,    34.9237      
# span 12 =    34.8529,    34.9234      
# span 13 =     5.9731,     7.2499      
# span 14 =    1472.68,    1500.67      
# span 15 =    27.4642,    27.9325      
# span 16 =    27.4651,    27.9317      
# span 17 = 0.0000e+00, 0.0000e+00      
# interval = decibars: 1                
# start_time = Jun 09 2018 13:38:40 [System UTC, first data scan.]
# bad_flag = -9.990e-29
*END*
[from data line 322]
    327.000     4.6845     4.6841   3.322838   3.322945     2.3470    -0.3746     0.3678    34.8935 8.2894e+02    323.662    34.8938    34.8954     6.2428    1474.67    27.6301    27.6314 0.0000e+00
    328.000     4.6855     4.6906   3.323247   3.323802     2.3470    -0.3691     0.3823    34.8947 8.2207e+02    324.651    34.8969    34.8980     6.2433    1474.70    27.6325    27.6328 0.0000e+00
    329.000     4.6983     4.6985   3.324699   3.324752     2.3470    -0.3698     0.3824    34.8981 8.1735e+02    325.640    34.8999    34.9003     6.2419    1474.77    27.6334    27.6337 0.0000e+00
    330.000     4.7095     4.7094   3.326452   3.326130     2.3473    -0.3494     0.3824    34.9017 8.1495e+02    326.629    34.9081    34.9043     6.2414    1474.84    27.6386    27.6357 0.0000e+00
    331.000     4.7444     4.7417   3.330204   3.329736     2.3481    -0.3516     0.3831    34.9086 8.1373e+02    327.618    34.9146    34.9119     6.2390    1475.01    27.6399    27.6381 0.0000e+00
    332.000     4.7575     4.7558   3.331203   3.331116     2.3492    -0.3701     0.3870    34.9091 8.1432e+02    328.607    34.9119    34.9126     6.2415    1475.08    27.6363    27.6371 0.0000e+00
    333.000     4.7598     4.7597   3.331512   3.331580     2.3500    -0.3594     0.3839    34.9099 8.1677e+02    329.596    34.9126    34.9134     6.2448    1475.10    27.6366    27.6373 0.0000e+00
    334.000     4.7640     4.7641   3.332000   3.332108     2.3517    -0.3483     0.3778    34.9108 8.2100e+02    330.585    34.9133    34.9145     6.2505    1475.14    27.6367    27.6376 0.0000e+00
    335.000     4.7658     4.7651   3.332196   3.332238     2.3535    -0.3553     0.3827    34.9113 8.2729e+02    331.574    34.9132    34.9144     6.2571    1475.16    27.6364    27.6375 0.0000e+00
    336.000     4.7502     4.7530   3.330533   3.330964     2.3554    -0.3845     0.3675    34.9089 8.3230e+02    332.563    34.9097    34.9118     6.2670    1475.11    27.6354    27.6367 0.0000e+00
    337.000     4.7664     4.7663   3.332343   3.332466     2.3556    -0.3689     0.3727    34.9119 8.3099e+02    333.552    34.9132    34.9147     6.2657    1475.20    27.6364    27.6376 0.0000e+00
    338.000     4.7657     4.7653   3.332332   3.332428     2.3556    -0.3719     0.3748    34.9123 8.2787e+02    334.540    34.9133    34.9149     6.2666    1475.21    27.6365    27.6378 0.0000e+00
    339.000     4.7651     4.7650   3.332348   3.332468     2.3556    -0.3713     0.3780    34.9126 8.2380e+02    335.529    34.9136    34.9151     6.2675    1475.22    27.6369    27.6380 0.0000e+00
    340.000     4.7651     4.7649   3.332423   3.332507     2.3562    -0.3636     0.3798    34.9130 8.2209e+02    336.518    34.9139    34.9151     6.2703    1475.24    27.6371    27.6381 0.0000e+00
    341.000     4.7654     4.7653   3.332499   3.332586     2.3568    -0.3702     0.3782    34.9130 8.2249e+02    337.507    34.9140    34.9151     6.2733    1475.26    27.6371    27.6380 0.0000e+00
    342.000     4.7662     4.7659   3.332603   3.332710     2.3568    -0.3657     0.3778    34.9130 8.2346e+02    338.496    34.9139    34.9153     6.2739    1475.28    27.6370    27.6382 0.0000e+00
    343.000     4.7664     4.7663   3.332671   3.332786     2.3568    -0.3847     0.3787    34.9132 8.2901e+02    339.485    34.9139    34.9154     6.2746    1475.29    27.6370    27.6381 0.0000e+00
    344.000     4.7661     4.7661   3.332687   3.332811     2.3558    -0.3696     0.3795    34.9134 8.3888e+02    340.474    34.9138    34.9153     6.2720    1475.31    27.6370    27.6382 0.0000e+00
    345.000     4.7599     4.7600   3.332046   3.332251     2.3550    -0.3686     0.3775    34.9130 8.4497e+02    341.463    34.9124    34.9147     6.2712    1475.30    27.6365    27.6383 0.0000e+00
    346.000     4.7563     4.7551   3.331751   3.331797     2.3544    -0.3861     0.3775    34.9128 8.4392e+02    342.452    34.9122    34.9140     6.2707    1475.30    27.6368    27.6384 0.0000e+00
    347.000     4.7430     4.7423   3.330386   3.330526     2.3541    -0.3853     0.3793    34.9112 8.4047e+02    343.441    34.9098    34.9121     6.2728    1475.26    27.6364    27.6383 0.0000e+00
    348.000     4.7373     4.7377   3.329964   3.330147     2.3531    -0.3665     0.3823    34.9109 8.3532e+02    344.430    34.9103    34.9120     6.2709    1475.25    27.6374    27.6388 0.0000e+00
    349.000     4.7339     4.7288   3.329457   3.329193     2.3513    -0.3528     0.3905    34.9102 8.2899e+02    345.419    34.9074    34.9097     6.2664    1475.25    27.6356    27.6379 0.0000e+00
    350.000     4.7124     4.7100   3.327260   3.327363     2.3495    -0.3581     0.3867    34.9075 8.2168e+02    346.408    34.9039    34.9076     6.2649    1475.18    27.6352    27.6384 0.0000e+00
    351.000     4.6798     4.6800   3.324264   3.324463     2.3470    -0.3693     0.3824    34.9054 8.1730e+02    347.397    34.9027    34.9048     6.2624    1475.06    27.6379    27.6395 0.0000e+00
    352.000     4.6757     4.6756   3.324088   3.324173     2.3446    -0.3719     0.3858    34.9059 8.2216e+02    348.385    34.9044    34.9055     6.2560    1475.06    27.6397    27.6406 0.0000e+00
    353.000     4.6778     4.6773   3.324373   3.324427     2.3425    -0.3694     0.3802    34.9063 8.3258e+02    349.374    34.9050    34.9061     6.2491    1475.09    27.6399    27.6409 0.0000e+00
    354.000     4.6761     4.6758   3.324218   3.324337     2.3410    -0.3726     0.3775    34.9060 8.4190e+02    350.363    34.9045    34.9061     6.2452    1475.09    27.6398    27.6411 0.0000e+00
    355.000     4.6734     4.6733   3.324015   3.324131     2.3406    -0.3712     0.3775    34.9058 8.4590e+02    351.352    34.9044    34.9059     6.2451    1475.10    27.6400    27.6412 0.0000e+00
    356.000     4.6734     4.6733   3.324080   3.324205     2.3393    -0.3656     0.3839    34.9059 8.4513e+02    352.341    34.9047    34.9062     6.2413    1475.12    27.6402    27.6414 0.0000e+00
    357.000     4.6601     4.6592   3.322675   3.322823     2.3374    -0.3826     0.3807    34.9043 8.3877e+02    353.330    34.9017    34.9043     6.2381    1475.07    27.6394    27.6415 0.0000e+00
    358.000     4.6452     4.6452   3.321250   3.321489     2.3356    -0.3734     0.3816    34.9030 8.3196e+02    354.319    34.9002    34.9030     6.2351    1475.03    27.6399    27.6421 0.0000e+00
    359.000     4.6319     4.6334   3.319957   3.320322     2.3331    -0.3688     0.3829    34.9016 8.2732e+02    355.308    34.8986    34.9012     6.2297    1474.99    27.6401    27.6420 0.0000e+00
    360.000     4.6091     4.6134   3.317582   3.318339     2.3312    -0.3709     0.3824    34.8985 8.1970e+02    356.296    34.8942    34.8985     6.2282    1474.90    27.6391    27.6421 0.0000e+00
    361.000     4.5970     4.5980   3.316516   3.316786     2.3297    -0.3768     0.3803    34.8974 8.1392e+02    357.285    34.8940    34.8961     6.2259    1474.87    27.6403    27.6419 0.0000e+00
    362.000     4.5901     4.5902   3.315945   3.316109     2.3276    -0.3906     0.3776    34.8968 8.1152e+02    358.274    34.8941    34.8959     6.2205    1474.86    27.6412    27.6426 0.0000e+00
    363.000     4.5865     4.5864   3.315623   3.315755     2.3251    -0.3911     0.3775    34.8961 8.1365e+02    359.263    34.8936    34.8952     6.2132    1474.86    27.6412    27.6425 0.0000e+00
    364.000     4.5830     4.5830   3.315400   3.315523     2.3211    -0.3778     0.3864    34.8960 8.2512e+02    360.252    34.8941    34.8955     6.2011    1474.86    27.6420    27.6431 0.0000e+00
    365.000     4.5828     4.5827   3.315446   3.315566     2.3157    -0.3711     0.3768    34.8958 8.4786e+02    361.241    34.8943    34.8958     6.1836    1474.88    27.6422    27.6434 0.0000e+00
    366.000     4.5817     4.5816   3.315427   3.315531     2.3135    -0.3847     0.3733    34.8959 8.5259e+02    362.229    34.8947    34.8960     6.1771    1474.89    27.6427    27.6437 0.0000e+00
    367.000     4.5808     4.5806   3.315425   3.315534     2.3128    -0.3815     0.3387    34.8963 8.4575e+02    363.218    34.8951    34.8965     6.1755    1474.90    27.6431    27.6442 0.0000e+00
    368.000     4.5794     4.5794   3.315382   3.315495     2.3121    -0.3645     0.3336    34.8966 8.3773e+02    364.207    34.8955    34.8969     6.1742    1474.92    27.6436    27.6447 0.0000e+00
    369.000     4.5791     4.5790   3.315412   3.315525     2.3116    -0.3884     0.3340    34.8966 8.2904e+02    365.196    34.8957    34.8971     6.1733    1474.93    27.6438    27.6449 0.0000e+00
    370.000     4.5787     4.5787   3.315446   3.315553     2.3116    -0.3855     0.3387    34.8968 8.2097e+02    366.185    34.8959    34.8972     6.1741    1474.95    27.6440    27.6450 0.0000e+00
    371.000     4.5787     4.5786   3.315512   3.315615     2.3114    -0.4098     0.3413    34.8969 8.1360e+02    367.174    34.8962    34.8975     6.1743    1474.96    27.6442    27.6453 0.0000e+00
    372.000     4.5784     4.5783   3.315574   3.315691     2.3107    -0.3941     0.3393    34.8975 8.0909e+02    368.162    34.8968    34.8982     6.1726    1474.98    27.6447    27.6458 0.0000e+00
    373.000     4.5792     4.5790   3.315766   3.315864     2.3097    -0.3578     0.3468    34.8982 8.0913e+02    369.151    34.8976    34.8990     6.1699    1475.00    27.6453    27.6464 0.0000e+00
    374.000     4.5813     4.5812   3.315921   3.316046     2.3076    -0.3677     0.3575    34.8971 8.3369e+02    370.140    34.8967    34.8983     6.1633    1475.02    27.6444    27.6456 0.0000e+00
    375.000     4.5797     4.5795   3.315956   3.316066     2.3068    -0.3574     0.3782    34.8986 8.4901e+02    371.129    34.8982    34.8997     6.1613    1475.04    27.6458    27.6469 0.0000e+00
    376.000     4.5794     4.5793   3.315978   3.316095     2.3067    -0.3572     0.3766    34.8986 8.4992e+02    372.117    34.8983    34.8998     6.1620    1475.05    27.6459    27.6470 0.0000e+00
    377.000     4.5790     4.5789   3.316006   3.316123     2.3067    -0.3933     0.3726    34.8988 8.4898e+02    373.106    34.8986    34.9000     6.1629    1475.07    27.6461    27.6473 0.0000e+00
    378.000     4.5794     4.5791   3.316144   3.316213     2.3067    -0.3744     0.3754    34.8992 8.4563e+02    374.095    34.8992    34.9003     6.1636    1475.08    27.6466    27.6475 0.0000e+00
    379.000     4.5811     4.5810   3.316459   3.316504     2.3072    -0.3679     0.3775    34.9001 8.4089e+02    375.084    34.9006    34.9012     6.1657    1475.11    27.6475    27.6480 0.0000e+00
    380.000     4.5850     4.5856   3.316963   3.317098     2.3070    -0.3690     0.3734    34.9013 8.3517e+02    376.073    34.9018    34.9028     6.1651    1475.14    27.6480    27.6488 0.0000e+00
    381.000     4.5873     4.5869   3.317189   3.317253     2.3067    -0.3696     0.3752    34.9015 8.2912e+02    377.061    34.9016    34.9027     6.1647    1475.17    27.6476    27.6485 0.0000e+00
    382.000     4.5896     4.5902   3.317503   3.317672     2.3062    -0.3589     0.3954    34.9019 8.2433e+02    378.050    34.9022    34.9035     6.1633    1475.20    27.6479    27.6489 0.0000e+00
    383.000     4.5929     4.5924   3.317885   3.317936     2.3045    -0.3831     0.3839    34.9024 8.2389e+02    379.039    34.9027    34.9038     6.1575    1475.23    27.6479    27.6488 0.0000e+00
    384.000     4.5941     4.5939   3.318057   3.318145     2.3031    -0.3711     0.3768    34.9027 8.2952e+02    380.028    34.9029    34.9041     6.1535    1475.25    27.6480    27.6489 0.0000e+00
    385.000     4.5956     4.5954   3.318304   3.318381     2.3031    -0.3714     0.3775    34.9031 8.3428e+02    381.016    34.9037    34.9048     6.1539    1475.27    27.6484    27.6493 0.0000e+00
    386.000     4.5984     4.5981   3.318660   3.318729     2.3031    -0.3695     0.3726    34.9038 8.3955e+02    382.005    34.9044    34.9055     6.1542    1475.30    27.6486    27.6496 0.0000e+00
    387.000     4.6011     4.6012   3.319028   3.319126     2.3031    -0.3704     0.3759    34.9046 8.4459e+02    382.994    34.9053    34.9064     6.1546    1475.33    27.6491    27.6500 0.0000e+00
    388.000     4.6043     4.6046   3.319472   3.319586     2.3028    -0.3733     0.3802    34.9058 8.4918e+02    383.982    34.9066    34.9076     6.1537    1475.36    27.6498    27.6505 0.0000e+00
    389.000     4.6059     4.6059   3.319733   3.319854     2.3026    -0.3753     0.3824    34.9071 8.5126e+02    384.971    34.9075    34.9089     6.1536    1475.38    27.6503    27.6514 0.0000e+00
    390.000     4.6031     4.6034   3.319346   3.319616     2.3020    -0.3928     0.3775    34.9064 8.4971e+02    385.960    34.9053    34.9083     6.1530    1475.39    27.6489    27.6512 0.0000e+00
    391.000     4.5931     4.5926   3.318618   3.318709     2.3018    -0.3748     0.3740    34.9072 8.4465e+02    386.949    34.9069    34.9085     6.1544    1475.36    27.6513    27.6526 0.0000e+00
    392.000     4.5910     4.5894   3.318490   3.318459     2.3014    -0.3716     0.3787    34.9073 8.3612e+02    387.937    34.9071    34.9083     6.1544    1475.37    27.6517    27.6528 0.0000e+00
    393.000     4.5912     4.5916   3.318520   3.318675     2.3011    -0.3789     0.3869    34.9068 8.2843e+02    388.926    34.9067    34.9081     6.1542    1475.39    27.6513    27.6524 0.0000e+00
    394.000     4.5841     4.5839   3.317899   3.318036     2.3002    -0.3931     0.3798    34.9072 8.3746e+02    389.915    34.9063    34.9082     6.1529    1475.38    27.6519    27.6533 0.0000e+00
    395.000     4.5778     4.5774   3.317370   3.317472     2.2995    -0.3775     0.3740    34.9070 8.4386e+02    390.903    34.9062    34.9079     6.1524    1475.37    27.6525    27.6538 0.0000e+00
    396.000     4.5750     4.5748   3.317171   3.317285     2.2988    -0.3700     0.3745    34.9070 8.4852e+02    391.892    34.9064    34.9079     6.1512    1475.37    27.6529    27.6542 0.0000e+00
    397.000     4.5746     4.5745   3.317209   3.317305     2.2980    -0.3710     0.3779    34.9070 8.5012e+02    392.881    34.9067    34.9079     6.1493    1475.39    27.6532    27.6542 0.0000e+00
    398.000     4.5748     4.5752   3.317252   3.317408     2.2971    -0.3935     0.3829    34.9070 8.4934e+02    393.869    34.9065    34.9079     6.1470    1475.40    27.6530    27.6541 0.0000e+00
    399.000     4.5712     4.5713   3.316954   3.317101     2.2967    -0.3747     0.3787    34.9070 8.4602e+02    394.858    34.9062    34.9079     6.1470    1475.40    27.6533    27.6545 0.0000e+00
    400.000     4.5684     4.5684   3.316773   3.316913     2.2958    -0.3572     0.3776    34.9072 8.4199e+02    395.847    34.9065    34.9081     6.1452    1475.41    27.6538    27.6551 0.0000e+00
    401.000     4.5685     4.5700   3.316845   3.317083     2.2941    -0.3788     0.3752    34.9071 8.4748e+02    396.835    34.9067    34.9080     6.1402    1475.43    27.6540    27.6548 0.0000e+00
    402.000     4.5648     4.5646   3.316577   3.316689     2.2924    -0.3733     0.3726    34.9074 8.5119e+02    397.824    34.9070    34.9085     6.1357    1475.43    27.6546    27.6558 0.0000e+00
    403.000     4.5626     4.5625   3.316405   3.316535     2.2920    -0.3718     0.3771    34.9074 8.4836e+02    398.813    34.9068    34.9084     6.1356    1475.44    27.6547    27.6560 0.0000e+00
    404.000     4.5614     4.5614   3.316406   3.316506     2.2914    -0.3731     0.3760    34.9079 8.4446e+02    399.801    34.9075    34.9087     6.1342    1475.45    27.6554    27.6564 0.0000e+00
    405.000     4.5616     4.5615   3.316500   3.316597     2.2909    -0.3709     0.3728    34.9081 8.4144e+02    400.790    34.9079    34.9091     6.1335    1475.47    27.6557    27.6567 0.0000e+00
    406.000     4.5618     4.5617   3.316576   3.316679     2.2907    -0.3700     0.3726    34.9082 8.3890e+02    401.779    34.9081    34.9094     6.1335    1475.48    27.6558    27.6569 0.0000e+00
