Ship_data/Irminger/Irminger-5/ctd/process/ar30-03009.ros
* Sea-Bird SBE 9 Data File:
* FileName = D:\Data\ar30-03009.hdr
* Software Version Seasave V 7.23.2
* Temperature SN = 4312
* Conductivity SN = 2148
* Number of Bytes Per Scan = 44
* Number of Voltage Words = 5
* Number of Scans Averaged by the Deck Unit = 1
* NMEA Latitude = 59 49.83 N
* NMEA Longitude = 039 13.28 W
* NMEA UTC (Time) = Jun 12 2018  18:03:09
** Cruise ID: ar30-03
** Chief Sci: Macdonald
** Station #: 009
** Site ID: Irminger 5 test cast
** test cast to 130m
# nquan = 13
# nvalues = 1176                                  
# units = specified
# name 0 = prDM: Pressure, Digiquartz [db]
# name 1 = t090C: Temperature [ITS-90, deg C]
# name 2 = t190C: Temperature, 2 [ITS-90, deg C]
# name 3 = c0S/m: Conductivity [S/m]
# name 4 = c1S/m: Conductivity, 2 [S/m]
# name 5 = sbeox0V: Oxygen raw, SBE 43 [V]
# name 6 = flECO-AFL: Fluorescence, WET Labs ECO-AFL/FL [mg/m^3]
# name 7 = turbWETntu0: Turbidity, WET Labs ECO [NTU]
# name 8 = sal00: Salinity, Practical [PSU]
# name 9 = spar: SPAR/Surface Irradiance
# name 10 = scan: Scan Count
# name 11 = nbf: Bottles Fired
# name 12 = flag:  0.000e+00
# interval = seconds: 0.0416667
# start_time = Jun 12 2018 18:03:09 [System UTC, first data scan.]
# bad_flag = -9.990e-29
*END*
[from data line 334]
      3.009     6.1215     6.1213   3.436401   3.436536     2.8905     3.2008     0.5582    34.8711 3.5057e+02      22561          7  0.000e+00
      3.009     6.1215     6.1212   3.436420   3.436505     2.8905     3.2008     0.5582    34.8713 3.5057e+02      22562          7  0.000e+00
      3.065     6.1215     6.1212   3.436414   3.436481     2.8905     3.2008     0.5582    34.8712 3.5057e+02      22563          7  0.000e+00
      3.009     6.1215     6.1212   3.436401   3.436536     2.8905     3.2008     0.5582    34.8711 3.5057e+02      22564          7  0.000e+00
      3.009     6.1213     6.1215   3.436401   3.436511     2.8905     3.2008     0.5582    34.8713 3.5057e+02      22565          7  0.000e+00
      3.065     6.1215     6.1213   3.436401   3.436536     2.8905     3.2008     0.5582    34.8711 3.5057e+02      22566          7  0.000e+00
      3.009     6.1215     6.1213   3.436420   3.436536     2.8905     3.2008     0.5582    34.8713 3.5057e+02      22567          7  0.000e+00
      3.009     6.1213     6.1212   3.436452   3.436542     2.8905     3.2008     0.5582    34.8719 3.5057e+02      22568          7  0.000e+00
      3.009     6.1217     6.1214   3.436446   3.436475     2.8905     3.2008     0.5582    34.8714 3.5057e+02      22569          7  0.000e+00
      3.123     6.1213     6.1208   3.436382   3.436566     2.8880     3.2594     0.5680    34.8710 3.5057e+02      22705          8  0.000e+00
      3.187     6.1212     6.1211   3.436388   3.436511     2.8893     3.2594     0.5680    34.8712 3.5057e+02      22706          8  0.000e+00
      3.123     6.1210     6.1210   3.436401   3.436536     2.8893     3.2594     0.5680    34.8716 3.5057e+02      22707          8  0.000e+00
      3.123     6.1212     6.1208   3.436401   3.436511     2.8893     3.2594     0.5680    34.8714 3.5057e+02      22708          8  0.000e+00
      3.244     6.1211     6.1210   3.436401   3.436505     2.8893     3.2594     0.5680    34.8714 3.5057e+02      22709          8  0.000e+00
      3.011     6.1213     6.1208   3.436446   3.436536     2.8893     3.2594     0.5680    34.8718 3.5057e+02      22710          8  0.000e+00
      3.484     6.1215     6.1213   3.436465   3.436511     2.8893     3.2594     0.5680    34.8716 3.5057e+02      22711          8  0.000e+00
      3.308     6.1213     6.1212   3.436446   3.436566     2.8893     3.2594     0.5680    34.8716 3.5057e+02      22712          8  0.000e+00
      3.308     6.1215     6.1211   3.436414   3.436566     2.8893     3.2594     0.5680    34.8711 3.5057e+02      22713          8  0.000e+00
      3.364     6.1215     6.1213   3.436446   3.436511     2.8893     3.2594     0.5680    34.8714 3.5057e+02      22714          8  0.000e+00
      3.308     6.1213     6.1215   3.436420   3.436566     2.8893     3.2594     0.5680    34.8713 3.5057e+02      22715          8  0.000e+00
      3.308     6.1213     6.1212   3.436420   3.436536     2.8893     3.2594     0.5680    34.8714 3.5057e+02      22716          8  0.000e+00
      3.364     6.1213     6.1213   3.436452   3.436542     2.8893     3.2594     0.5680    34.8717 3.5057e+02      22717          8  0.000e+00
      3.364     6.1213     6.1215   3.436407   3.436566     2.8893     3.2594     0.5680    34.8712 3.5057e+02      22718          8  0.000e+00
      3.364     6.1212     6.1220   3.436395   3.436536     2.8893     3.2594     0.5680    34.8712 3.5057e+02      22719          8  0.000e+00
      3.364     6.1211     6.1221   3.436446   3.432597     2.8893     3.2790     0.5680    34.8718 3.5057e+02      22720          8  0.000e+00
      3.420     6.1210     6.1220   3.436446   3.431368     2.8893     3.2594     0.5680    34.8719 3.4832e+02      22721          8  0.000e+00
      3.364     6.1211     6.1220   3.436452   3.436572     2.8893     3.1227     0.5631    34.8719 3.4832e+02      22722          8  0.000e+00
      3.364     6.1210     6.1218   3.436465   3.436505     2.8893     2.9469     0.5534    34.8721 3.5057e+02      22723          8  0.000e+00
      3.428     6.1210     6.1218   3.436465   3.436566     2.8893     2.9273     0.5534    34.8721 3.5057e+02      22724          8  0.000e+00
      3.420     6.1215     6.1218   3.436446   3.436542     2.8893     2.9273     0.5534    34.8714 3.5057e+02      22725          8  0.000e+00
      3.364     6.1213     6.1217   3.436433   3.436536     2.8893     2.9273     0.5534    34.8714 3.4832e+02      22726          8  0.000e+00
      3.420     6.1213     6.1217   3.436414   3.436566     2.8893     2.9273     0.5534    34.8713 3.4832e+02      22727          8  0.000e+00
      3.428     6.1217     6.1217   3.436420   3.436542     2.8893     2.9273     0.5534    34.8709 3.4832e+02      22728          8  0.000e+00
      3.364     6.1215     6.1215   3.436433   3.436566     2.8893     2.9273     0.5534    34.8713 3.5057e+02      22729          8  0.000e+00
      3.364     6.1215     6.1215   3.436433   3.436566     2.8893     2.9273     0.5534    34.8713 3.5057e+02      22730          8  0.000e+00
      3.420     6.1216     6.1215   3.436452   3.436511     2.8893     2.9469     0.5534    34.8713 3.4832e+02      22731          8  0.000e+00
      3.364     6.1215     6.1217   3.436465   3.436536     2.8893     2.9273     0.5534    34.8717 3.4832e+02      22732          8  0.000e+00
      3.364     6.1216     6.1215   3.436465   3.436536     2.8905     2.9469     0.5534    34.8715 3.4832e+02      22733          8  0.000e+00
      3.364     6.1218     6.1216   3.436465   3.436542     2.8893     2.9273     0.5534    34.8713 3.4832e+02      22734          8  0.000e+00
      3.308     6.1219     6.1213   3.436465   3.436536     2.8893     2.9273     0.5534    34.8712 3.5057e+02      22735          8  0.000e+00
      3.364     6.1219     6.1215   3.436465   3.436536     2.8893     2.9273     0.5534    34.8712 3.5057e+02      22736          8  0.000e+00
      3.364     6.1221     6.1215   3.436485   3.436572     2.8893     2.9469     0.5534    34.8712 3.5057e+02      22737          8  0.000e+00
      3.308     6.1221     6.1217   3.436497   3.436597     2.8893     2.9469     0.5534    34.8714 3.4832e+02      22738          8  0.000e+00
      3.308     6.1225     6.1215   3.436497   3.436536     2.8893     2.9273     0.5534    34.8710 3.4832e+02      22739          8  0.000e+00
      3.308     6.1223     6.1214   3.436478   3.436542     2.8893     2.9273     0.5534    34.8710 3.4832e+02      22740          8  0.000e+00
      3.244     6.1223     6.1215   3.436465   3.436566     2.8905     2.9469     0.5534    34.8709 3.4832e+02      22741          8  0.000e+00
      3.308     6.1223     6.1217   3.436485   3.436566     2.8905     2.9273     0.5534    34.8711 3.4832e+02      22742          8  0.000e+00
      3.244     6.1223     6.1218   3.436478   3.436542     2.8893     2.9273     0.5534    34.8710 3.5057e+02      22743          8  0.000e+00
      3.244     6.1221     6.1220   3.436465   3.436536     2.8905     2.9469     0.5534    34.8710 3.5057e+02      22744          8  0.000e+00
      3.188     6.1221     6.1218   3.436465   3.436566     2.8893     2.9273     0.5534    34.8711 3.5057e+02      22745          8  0.000e+00
      3.244     6.1219     6.1221   3.436485   3.436572     2.8893     2.9859     0.5485    34.8715 3.5057e+02      22746          8  0.000e+00
      3.188     6.1221     6.1219   3.436497   3.436566     2.8893     3.0836     0.5436    34.8714 3.4832e+02      22747          8  0.000e+00
      3.188     6.1218     6.1220   3.436478   3.436536     2.8893     3.1227     0.5387    34.8715 3.5057e+02      22748          8  0.000e+00
      3.124     6.1221     6.1220   3.436465   3.436542     2.8893     3.1227     0.5387    34.8711 3.5057e+02      22749          8  0.000e+00
      3.188     6.1220     6.1220   3.436465   3.436597     2.8905     3.1227     0.5387    34.8712 3.5057e+02      22750          8  0.000e+00
      3.124     6.1221     6.1220   3.436465   3.436597     2.8905     3.1227     0.5387    34.8711 3.5057e+02      22751          8  0.000e+00
      3.068     6.1221     6.1218   3.436484   3.436572     2.8893     3.1031     0.5387    34.8713 3.5057e+02      22752          8  0.000e+00
      3.124     6.1221     6.1218   3.436452   3.436536     2.8905     3.1227     0.5387    34.8710 3.5057e+02      22753          8  0.000e+00
      2.248     6.1205     6.1213   3.436291   3.436541     2.8893     2.8687     0.5534    34.8713 3.5057e+02      23134          9  0.000e+00
      2.312     6.1203     6.1215   3.436279   3.436474     2.8893     3.0445     0.5631    34.8713 3.5057e+02      23135          9  0.000e+00
      2.248     6.1204     6.1215   3.436298   3.436505     2.8893     3.0836     0.5631    34.8715 3.5057e+02      23136          9  0.000e+00
      2.425     6.1203     6.1213   3.436291   3.436541     2.8893     3.0836     0.5631    34.8714 3.5057e+02      23137          9  0.000e+00
      2.248     6.1205     6.1217   3.436317   3.436535     2.8893     3.0836     0.5631    34.8716 3.5057e+02      23138          9  0.000e+00
      2.425     6.1207     6.1215   3.436356   3.436475     2.8893     3.0641     0.5631    34.8717 3.5057e+02      23139          9  0.000e+00
      2.425     6.1210     6.1216   3.436388   3.436511     2.8893     3.0836     0.5631    34.8718 3.5057e+02      23140          9  0.000e+00
      2.425     6.1212     6.1215   3.436401   3.436505     2.8893     3.0836     0.5631    34.8717 3.5057e+02      23141          9  0.000e+00
      2.425     6.1211     6.1215   3.436401   3.436505     2.8893     3.0836     0.5631    34.8718 3.5057e+02      23142          9  0.000e+00
      2.545     6.1212     6.1213   3.436401   3.436511     2.8893     3.0836     0.5631    34.8717 3.5057e+02      23143          9  0.000e+00
      2.481     6.1215     6.1213   3.436446   3.436505     2.8893     3.0836     0.5631    34.8719 3.5057e+02      23144          9  0.000e+00
      2.545     6.1217     6.1213   3.436484   3.436475     2.8893     3.0641     0.5631    34.8721 3.5057e+02      23145          9  0.000e+00
      2.601     6.1219     6.1215   3.436478   3.436511     2.8893     3.0836     0.5631    34.8717 3.5057e+02      23146          9  0.000e+00
      2.601     6.1221     6.1214   3.436484   3.436566     2.8893     3.0836     0.5631    34.8716 3.5057e+02      23147          9  0.000e+00
      2.657     6.1223     6.1218   3.436478   3.436566     2.8893     3.0836     0.5631    34.8713 3.5057e+02      23148          9  0.000e+00
      2.665     6.1221     6.1218   3.436504   3.436542     2.8893     3.0836     0.5631    34.8718 3.5057e+02      23149          9  0.000e+00
      2.721     6.1224     6.1217   3.436504   3.436566     2.8893     3.0836     0.5631    34.8714 3.5057e+02      23150          9  0.000e+00
      2.721     6.1224     6.1218   3.436516   3.436566     2.8893     3.0836     0.5631    34.8716 3.5057e+02      23151          9  0.000e+00
      2.777     6.1226     6.1213   3.436504   3.436542     2.8893     3.0836     0.5631    34.8712 3.5057e+02      23152          9  0.000e+00
      2.777     6.1226     6.1210   3.436497   3.436505     2.8893     3.0836     0.5631    34.8712 3.5057e+02      23153          9  0.000e+00
      2.785     6.1223     6.1206   3.436452   3.436505     2.8893     3.0836     0.5631    34.8710 3.5057e+02      23154          9  0.000e+00
      2.841     6.1221     6.1208   3.436433   3.436420     2.8880     3.0641     0.5631    34.8709 3.5057e+02      23155          9  0.000e+00
      2.841     6.1221     6.1213   3.436452   3.436475     2.8893     3.0836     0.5631    34.8711 3.5057e+02      23156          9  0.000e+00
      2.897     6.1221     6.1215   3.436504   3.436542     2.8893     3.0836     0.5631    34.8716 3.5057e+02      23157          9  0.000e+00
      2.897     6.1221     6.1218   3.436504   3.436566     2.8893     3.0250     0.5631    34.8716 3.5057e+02      23158          9  0.000e+00
      2.962     6.1223     6.1215   3.436452   3.436566     2.8893     2.8882     0.5680    34.8709 3.5057e+02      23159          9  0.000e+00
      2.954     6.1221     6.1217   3.436452   3.436572     2.8893     2.8492     0.5680    34.8710 3.5057e+02      23160          9  0.000e+00
      2.954     6.1221     6.1216   3.436484   3.436566     2.8893     2.8492     0.5680    34.8714 3.5057e+02      23161          9  0.000e+00
      3.018     6.1219     6.1217   3.436497   3.436536     2.8893     2.8687     0.5680    34.8717 3.5057e+02      23162          9  0.000e+00
      3.018     6.1223     6.1218   3.436517   3.436542     2.8880     2.8687     0.5680    34.8716 3.5057e+02      23163          9  0.000e+00
      3.074     6.1226     6.1217   3.436523   3.436536     2.8893     2.8492     0.5680    34.8713 3.5057e+02      23164          9  0.000e+00
      3.018     6.1226     6.1215   3.436542   3.436566     2.8893     2.8687     0.5680    34.8715 3.5057e+02      23165          9  0.000e+00
      3.130     6.1229     6.1215   3.436574   3.436542     2.8893     2.8687     0.5680    34.8715 3.5057e+02      23166          9  0.000e+00
      3.074     6.1233     6.1217   3.436658   3.436536     2.8893     2.8687     0.5680    34.8721 3.5057e+02      23167          9  0.000e+00
      3.138     6.1234     6.1217   3.436684   3.436597     2.8893     2.8687     0.5680    34.8723 3.5057e+02      23168          9  0.000e+00
      3.130     6.1239     6.1221   3.436684   3.436603     2.8893     2.8687     0.5680    34.8717 3.5057e+02      23169          9  0.000e+00
      3.130     6.1242     6.1225   3.436703   3.436627     2.8893     2.8687     0.5680    34.8716 3.5057e+02      23170          9  0.000e+00
      3.194     6.1246     6.1226   3.436709   3.436657     2.8893     2.8687     0.5680    34.8713 3.5057e+02      23171          9  0.000e+00
      3.194     6.1249     6.1230   3.436754   3.436633     2.8880     2.8687     0.5680    34.8715 3.4832e+02      23172          9  0.000e+00
      3.194     6.1251     6.1223   3.436754   3.436597     2.8893     2.8687     0.5680    34.8713 3.5057e+02      23173          9  0.000e+00
      3.194     6.1249     6.1230   3.436742   3.436627     2.8893     2.8687     0.5680    34.8714 3.5057e+02      23174          9  0.000e+00
      3.250     6.1251     6.1235   3.436722   3.436664     2.8893     2.8687     0.5680    34.8709 3.4832e+02      23175          9  0.000e+00
      3.250     6.1251     6.1241   3.436690   3.436718     2.8893     2.8687     0.5680    34.8705 3.5057e+02      23176          9  0.000e+00
      3.250     6.1249     6.1244   3.436748   3.436816     2.8893     2.8492     0.5680    34.8714 3.5057e+02      23177          9  0.000e+00
      3.250     6.1251     6.1246   3.436754   3.436822     2.8893     2.8687     0.5680    34.8713 3.4832e+02      23178          9  0.000e+00
      3.250     6.1251     6.1244   3.436761   3.436816     2.8893     2.8687     0.5680    34.8713 3.5057e+02      23179          9  0.000e+00
      3.250     6.1254     6.1241   3.436754   3.436816     2.8893     2.8687     0.5680    34.8710 3.5057e+02      23180          9  0.000e+00
      3.314     6.1252     6.1244   3.436742   3.436822     2.8893     2.8687     0.5680    34.8709 3.5057e+02      23181          9  0.000e+00
      3.314     6.1252     6.1243   3.436787   3.436779     2.8880     2.8687     0.5729    34.8714 3.5057e+02      23182          9  0.000e+00
      3.019     6.1212     6.1244   3.436420   3.436761     2.8868     2.9859     0.5827    34.8716 3.4832e+02      23295         10  0.000e+00
      3.371     6.1216     6.1251   3.436414   3.436779     2.8868     2.9859     0.5827    34.8709 3.4832e+02      23296         10  0.000e+00
      3.131     6.1213     6.1254   3.436401   3.436779     2.8868     2.9859     0.5827    34.8713 3.4607e+02      23297         10  0.000e+00
