Ship_data/Irminger/Irminger-5/ctd/process/ar30-03010.ros
* Sea-Bird SBE 9 Data File:
* FileName = D:\Data\ar30-03010.hdr
* Software Version Seasave V 7.23.2
* Temperature SN = 4312
* Conductivity SN = 2148
* Number of Bytes Per Scan = 44
* Number of Voltage Words = 5
* Number of Scans Averaged by the Deck Unit = 1
* NMEA Latitude = 59 50.67 N
* NMEA Longitude = 039 11.81 W
* NMEA UTC (Time) = Jun 12 2018  19:51:22
** Cruise ID: ar30-03
** Chief Sci: Macdonald
** Station #: 010
** Site ID: Irminger 5 Glider sync.
** cast to 1000 meters with bottom release testing
# nquan = 13
# nvalues = 1176                                  
# units = specified
# name 0 = prDM: Pressure, Digiquartz [db]
# name 1 = t090C: Temperature [ITS-90, deg C]
# name 2 = t190C: Temperature, 2 [ITS-90, deg C]
# name 3 = c0S/m: Conductivity [S/m]
# name 4 = c1S/m: Conductivity, 2 [S/m]
# name 5 = sbeox0V: Oxygen raw, SBE 43 [V]
# name 6 = flECO-AFL: Fluorescence, WET Labs ECO-AFL/FL [mg/m^3]
# name 7 = turbWETntu0: Turbidity, WET Labs ECO [NTU]
# name 8 = sal00: Salinity, Practical [PSU]
# name 9 = spar: SPAR/Surface Irradiance
# name 10 = scan: Scan Count
# name 11 = nbf: Bottles Fired
# name 12 = flag:  0.000e+00
# interval = seconds: 0.0416667
# start_time = Jun 12 2018 19:51:22 [System UTC, first data scan.]
# bad_flag = -9.990e-29
*END*
[from data line 667]
    101.666     5.2025     5.2014   3.359489   3.359368     2.4276    -0.0812     0.4410    34.8951 1.7978e+02     126723         14  0.000e+00
    101.722     5.2031     5.2016   3.359527   3.359441     2.4276    -0.0812     0.4410    34.8948 1.7753e+02     126724         14  0.000e+00
    101.786     5.2033     5.2019   3.359603   3.359399     2.4288    -0.0812     0.4410    34.8955 1.7753e+02     126725         14  0.000e+00
    101.786     5.2037     5.2021   3.359591   3.359501     2.4288    -0.0812     0.4410    34.8950 1.7753e+02     126726         14  0.000e+00
    101.834     5.2033     5.2018   3.359571   3.359471     2.4288    -0.0812     0.4410    34.8951 1.7753e+02     126727         14  0.000e+00
    101.842     5.2031     5.2014   3.359527   3.359459     2.4276    -0.0812     0.4410    34.8948 1.7978e+02     126728         14  0.000e+00
    101.842     5.2031     5.2016   3.359508   3.359471     2.4288    -0.0812     0.4410    34.8945 1.7753e+02     126729         14  0.000e+00
    101.963     5.2028     5.2014   3.359520   3.359459     2.4288    -0.0812     0.4410    34.8949 1.7753e+02     126730         14  0.000e+00
    101.899     5.2026     5.2018   3.359514   3.359441     2.4288    -0.0812     0.4410    34.8951 1.7753e+02     126731         14  0.000e+00
    101.955     5.2030     5.2017   3.359552   3.359441     2.4276    -0.0812     0.4410    34.8952 1.7753e+02     126732         14  0.000e+00
    102.019     5.2028     5.2021   3.359527   3.359489     2.4288    -0.0812     0.4410    34.8950 1.7753e+02     126733         14  0.000e+00
    102.075     5.2030     5.2024   3.359508   3.359471     2.4288    -0.0812     0.4410    34.8946 1.7753e+02     126734         14  0.000e+00
    102.019     5.2030     5.2024   3.359489   3.359519     2.4288    -0.0812     0.4410    34.8944 1.7753e+02     126735         14  0.000e+00
    102.019     5.2026     5.2024   3.359521   3.359531     2.4288    -0.0812     0.4410    34.8951 1.7753e+02     126736         14  0.000e+00
    102.187     5.2030     5.2027   3.359540   3.359550     2.4288    -0.0812     0.4410    34.8949 1.7753e+02     126737         14  0.000e+00
    102.139     5.2033     5.2029   3.359603   3.359622     2.4288    -0.0812     0.4410    34.8953 1.7753e+02     126738         14  0.000e+00
    102.196     5.2037     5.2027   3.359674   3.359562     2.4288    -0.0812     0.4410    34.8957 1.7753e+02     126739         14  0.000e+00
    102.139     5.2041     5.2029   3.359712   3.359646     2.4300    -0.0812     0.4410    34.8957 1.7528e+02     126740         14  0.000e+00
    102.244     5.2046     5.2027   3.359744   3.359592     2.4300    -0.0812     0.4410    34.8955 1.7528e+02     126741         14  0.000e+00
    101.843     5.2049     5.2063   3.359743   3.359984     2.4275    -0.1203     0.4215    34.8954 1.7753e+02     127076         15  0.000e+00
    101.843     5.2049     5.2061   3.359731   3.359954     2.4275    -0.1203     0.4215    34.8952 1.7978e+02     127077         15  0.000e+00
    101.843     5.2049     5.2063   3.359724   3.359978     2.4275    -0.1203     0.4215    34.8952 1.7978e+02     127078         15  0.000e+00
    101.722     5.2043     5.2059   3.359743   3.359954     2.4263    -0.1203     0.4215    34.8961 1.7978e+02     127079         15  0.000e+00
    101.714     5.2049     5.2061   3.359731   3.359948     2.4275    -0.1203     0.4215    34.8953 1.7978e+02     127080         15  0.000e+00
    101.786     5.2046     5.2061   3.359705   3.359954     2.4263    -0.1203     0.4215    34.8953 1.7978e+02     127081         15  0.000e+00
    101.786     5.2046     5.2061   3.359692   3.359954     2.4263    -0.1203     0.4215    34.8951 1.7753e+02     127082         15  0.000e+00
    101.786     5.2046     5.2059   3.359692   3.359978     2.4263    -0.1203     0.4215    34.8952 1.7753e+02     127083         15  0.000e+00
    101.722     5.2048     5.2063   3.359731   3.359954     2.4263    -0.1203     0.4215    34.8955 1.7753e+02     127084         15  0.000e+00
    101.714     5.2047     5.2059   3.359731   3.359948     2.4263    -0.1203     0.4215    34.8955 1.7753e+02     127085         15  0.000e+00
    101.722     5.2048     5.2059   3.359705   3.359984     2.4263    -0.1398     0.4215    34.8952 1.7753e+02     127086         15  0.000e+00
    101.786     5.2047     5.2058   3.359712   3.359954     2.4263    -0.1594     0.4215    34.8953 1.7753e+02     127087         15  0.000e+00
    101.666     5.2051     5.2058   3.359743   3.359918     2.4263    -0.1594     0.4215    34.8953 1.7753e+02     127088         15  0.000e+00
    101.722     5.2053     5.2058   3.359769   3.359924     2.4263    -0.1594     0.4215    34.8954 1.7753e+02     127089         15  0.000e+00
    101.714     5.2054     5.2058   3.359782   3.359948     2.4263    -0.1594     0.4215    34.8954 1.7753e+02     127090         15  0.000e+00
    101.722     5.2058     5.2059   3.359826   3.359954     2.4263    -0.1594     0.4215    34.8955 1.7753e+02     127091         15  0.000e+00
    101.666     5.2061     5.2058   3.359826   3.359924     2.4251    -0.1594     0.4215    34.8952 1.7978e+02     127092         15  0.000e+00
    101.666     5.2059     5.2063   3.359852   3.359978     2.4251    -0.1594     0.4215    34.8957 1.7753e+02     127093         15  0.000e+00
    101.666     5.2059     5.2059   3.359814   3.359924     2.4251    -0.1594     0.4215    34.8953 1.7753e+02     127094         15  0.000e+00
    101.658     5.2059     5.2059   3.359833   3.359978     2.4251    -0.1594     0.4215    34.8955 1.7753e+02     127095         15  0.000e+00
    101.722     5.2061     5.2061   3.359801   3.359954     2.4251    -0.1594     0.4215    34.8949 1.7753e+02     127096         15  0.000e+00
    101.666     5.2059     5.2058   3.359826   3.359954     2.4251    -0.1594     0.4215    34.8954 1.7753e+02     127097         15  0.000e+00
    101.666     5.2062     5.2056   3.359826   3.359887     2.4251    -0.1594     0.4215    34.8951 1.7753e+02     127098         15  0.000e+00
    101.602     5.2061     5.2056   3.359852   3.359954     2.4251    -0.1594     0.4215    34.8956 1.7753e+02     127099         15  0.000e+00
    101.658     5.2061     5.2055   3.359852   3.359887     2.4251    -0.1594     0.4215    34.8955 1.7753e+02     127100         15  0.000e+00
    101.602     5.2058     5.2053   3.359845   3.359863     2.4251    -0.1594     0.4215    34.8958 1.7753e+02     127101         15  0.000e+00
    101.666     5.2064     5.2047   3.359826   3.359833     2.4251    -0.1594     0.4215    34.8949 1.7753e+02     127102         15  0.000e+00
    101.602     5.2061     5.2047   3.359852   3.359797     2.4251    -0.1594     0.4215    34.8956 1.7753e+02     127103         15  0.000e+00
    101.602     5.2061     5.2044   3.359807   3.359712     2.4251    -0.1594     0.4215    34.8951 1.7753e+02     127104         15  0.000e+00
    101.658     5.2059     5.2038   3.359801   3.359737     2.4251    -0.1594     0.4215    34.8951 1.7753e+02     127105         15  0.000e+00
    101.602     5.2059     5.2038   3.359794   3.359743     2.4263    -0.1594     0.4215    34.8951 1.7753e+02     127106         15  0.000e+00
    101.602     5.2057     5.2037   3.359763   3.359622     2.4251    -0.1594     0.4215    34.8949 1.7753e+02     127107         15  0.000e+00
    101.666     5.2058     5.2037   3.359750   3.359737     2.4263    -0.1594     0.4215    34.8947 1.7528e+02     127108         15  0.000e+00
    101.546     5.2054     5.2038   3.359750   3.359652     2.4263    -0.1594     0.4215    34.8951 1.7753e+02     127109         15  0.000e+00
    101.594     5.2056     5.2035   3.359794   3.359676     2.4251    -0.1398     0.4215    34.8954 1.7753e+02     127110         15  0.000e+00
    101.602     5.2057     5.2037   3.359794   3.359652     2.4251    -0.1008     0.4264    34.8953 1.7753e+02     127111         15  0.000e+00
    101.602     5.2059     5.2033   3.359782   3.359652     2.4251    -0.0812     0.4264    34.8949 1.7753e+02     127112         15  0.000e+00
    101.602     5.2056     5.2033   3.359782   3.359646     2.4263    -0.0812     0.4264    34.8953 1.7753e+02     127113         15  0.000e+00
    101.546     5.2058     5.2038   3.359762   3.359652     2.4263    -0.0812     0.4264    34.8949 1.7753e+02     127114         15  0.000e+00
    101.594     5.2056     5.2035   3.359750   3.359646     2.4263    -0.0812     0.4264    34.8949 1.7753e+02     127115         15  0.000e+00
    101.602     5.2051     5.2035   3.359750   3.359652     2.4263    -0.0812     0.4215    34.8954 1.7528e+02     127116         15  0.000e+00
    101.546     5.2053     5.2037   3.359718   3.359652     2.4263    -0.0812     0.4215    34.8949 1.7528e+02     127117         15  0.000e+00
    101.602     5.2046     5.2037   3.359673   3.359676     2.4263    -0.0812     0.4264    34.8951 1.7528e+02     127118         15  0.000e+00
    101.546     5.2045     5.2040   3.359616   3.359682     2.4263    -0.0812     0.4264    34.8946 1.7753e+02     127119         15  0.000e+00
    101.594     5.2041     5.2041   3.359578   3.359676     2.4263    -0.0812     0.4264    34.8945 1.7753e+02     127120         15  0.000e+00
    101.546     5.2038     5.2044   3.359571   3.359712     2.4263    -0.0812     0.4264    34.8947 1.7753e+02     127121         15  0.000e+00
    101.546     5.2038     5.2041   3.359571   3.359712     2.4263    -0.0812     0.4264    34.8948 1.7753e+02     127122         15  0.000e+00
    101.602     5.2038     5.2051   3.359552   3.359676     2.4263    -0.0812     0.4264    34.8945 1.7753e+02     127123         15  0.000e+00
    101.546     5.2036     5.2051   3.359578   3.359743     2.4263    -0.0812     0.4264    34.8950 1.7528e+02     127124         15  0.000e+00
     92.607     5.3863     5.3745   3.377051   3.375839     2.4456    -0.0226     0.4410    34.9103 1.7079e+02     129253         16  0.000e+00
     92.671     5.3839     5.3748   3.376873   3.376056     2.4456    -0.0226     0.4410    34.9106 1.6854e+02     129254         16  0.000e+00
     92.607     5.3822     5.3746   3.376668   3.376056     2.4456    -0.0226     0.4410    34.9101 1.7079e+02     129255         16  0.000e+00
     92.671     5.3807     5.3748   3.376477   3.376087     2.4456    -0.0226     0.4410    34.9095 1.6854e+02     129256         16  0.000e+00
     92.727     5.3797     5.3751   3.376451   3.375996     2.4456    -0.0226     0.4410    34.9102 1.6854e+02     129257         16  0.000e+00
     92.671     5.3794     5.3766   3.376419   3.376026     2.4456    -0.0226     0.4410    34.9101 1.6854e+02     129258         16  0.000e+00
     92.727     5.3791     5.3773   3.376400   3.376117     2.4456    -0.0226     0.4410    34.9102 1.6854e+02     129259         16  0.000e+00
     92.727     5.3786     5.3768   3.376356   3.376177     2.4456    -0.0226     0.4410    34.9102 1.6854e+02     129260         16  0.000e+00
     92.727     5.3783     5.3766   3.376292   3.376147     2.4456    -0.0226     0.4410    34.9098 1.6854e+02     129261         16  0.000e+00
     92.727     5.3779     5.3761   3.376317   3.376177     2.4456    -0.0226     0.4410    34.9105 1.6854e+02     129262         16  0.000e+00
     92.783     5.3793     5.3763   3.376336   3.376147     2.4456    -0.0226     0.4410    34.9093 1.6854e+02     129263         16  0.000e+00
     92.727     5.3811     5.3758   3.376381   3.376117     2.4456    -0.0226     0.4410    34.9080 1.6854e+02     129264         16  0.000e+00
     92.783     5.3814     5.3756   3.376356   3.376147     2.4456    -0.0226     0.4410    34.9073 1.6629e+02     129265         16  0.000e+00
     92.783     5.3812     5.3753   3.376298   3.376087     2.4468     0.0164     0.4410    34.9068 1.6854e+02     129266         16  0.000e+00
     92.783     5.3800     5.3748   3.376279   3.376117     2.4456     0.0946     0.4410    34.9078 1.6629e+02     129267         16  0.000e+00
     92.783     5.3786     5.3745   3.376234   3.376117     2.4456     0.1141     0.4410    34.9088 1.6854e+02     129268         16  0.000e+00
     92.783     5.3773     5.3745   3.376253   3.376117     2.4468     0.1141     0.4410    34.9104 1.6854e+02     129269         16  0.000e+00
     92.727     5.3768     5.3745   3.376253   3.376117     2.4468     0.1141     0.4410    34.9109 1.6854e+02     129270         16  0.000e+00
     92.783     5.3770     5.3748   3.376292   3.376208     2.4468     0.1141     0.4410    34.9111 1.6854e+02     129271         16  0.000e+00
     92.783     5.3775     5.3750   3.376349   3.376147     2.4468     0.1141     0.4410    34.9113 1.6854e+02     129272         16  0.000e+00
     92.783     5.3776     5.3751   3.376368   3.376177     2.4468     0.1141     0.4410    34.9114 1.6629e+02     129273         16  0.000e+00
     92.783     5.3788     5.3751   3.376432   3.376087     2.4456     0.1141     0.4410    34.9109 1.6629e+02     129274         16  0.000e+00
     92.783     5.3799     5.3748   3.376458   3.376117     2.4468     0.1141     0.4410    34.9100 1.6629e+02     129275         16  0.000e+00
     92.727     5.3804     5.3746   3.376458   3.376056     2.4468     0.1141     0.4410    34.9095 1.6629e+02     129276         16  0.000e+00
     92.783     5.3809     5.3744   3.376573   3.375996     2.4468     0.1141     0.4410    34.9103 1.6629e+02     129277         16  0.000e+00
     92.783     5.3825     5.3742   3.376745   3.376026     2.4468     0.1141     0.4410    34.9106 1.6629e+02     129278         16  0.000e+00
     92.727     5.3828     5.3739   3.376841   3.375996     2.4456     0.1141     0.4410    34.9115 1.6629e+02     129279         16  0.000e+00
     92.727     5.3827     5.3738   3.376860   3.375935     2.4456     0.1141     0.4410    34.9118 1.6629e+02     129280         16  0.000e+00
     92.783     5.3835     5.3740   3.376924   3.375966     2.4456     0.1141     0.4410    34.9117 1.6854e+02     129281         16  0.000e+00
     92.727     5.3846     5.3738   3.376994   3.376026     2.4456     0.1141     0.4410    34.9113 1.6629e+02     129282         16  0.000e+00
     92.671     5.3849     5.3735   3.377013   3.375935     2.4456     0.1141     0.4410    34.9112 1.6629e+02     129283         16  0.000e+00
     92.727     5.3859     5.3736   3.377051   3.375935     2.4456     0.1141     0.4410    34.9106 1.6629e+02     129284         16  0.000e+00
     92.727     5.3861     5.3746   3.377090   3.375966     2.4456     0.1141     0.4410    34.9109 1.6629e+02     129285         16  0.000e+00
     92.607     5.3864     5.3751   3.377103   3.376026     2.4456     0.1141     0.4410    34.9108 1.6629e+02     129286         16  0.000e+00
     92.727     5.3867     5.3750   3.377122   3.376056     2.4456     0.1141     0.4410    34.9106 1.6629e+02     129287         16  0.000e+00
     92.550     5.3867     5.3756   3.377134   3.376086     2.4456     0.1141     0.4410    34.9108 1.6854e+02     129288         16  0.000e+00
     92.727     5.3868     5.3774   3.377115   3.376147     2.4456     0.1141     0.4410    34.9104 1.6629e+02     129289         16  0.000e+00
     92.607     5.3867     5.3785   3.377122   3.376177     2.4456     0.1337     0.4410    34.9107 1.6629e+02     129290         16  0.000e+00
     92.607     5.3866     5.3785   3.377115   3.376268     2.4456     0.1923     0.4361    34.9107 1.6629e+02     129291         16  0.000e+00
     92.607     5.3861     5.3771   3.377083   3.376298     2.4456     0.2118     0.4361    34.9109 1.6629e+02     129292         16  0.000e+00
     92.550     5.3854     5.3759   3.377051   3.376328     2.4443     0.2118     0.4361    34.9112 1.6629e+02     129293         16  0.000e+00
     92.550     5.3856     5.3750   3.377039   3.376207     2.4456     0.2118     0.4361    34.9109 1.6629e+02     129294         16  0.000e+00
