Ship_data/Irminger/Irminger-5/ctd/process/ar30-03007.ros
* Sea-Bird SBE 9 Data File:
* FileName = D:\Data\ar30-03007.hdr
* Software Version Seasave V 7.23.2
* Temperature SN = 4312
* Conductivity SN = 2148
* Number of Bytes Per Scan = 44
* Number of Voltage Words = 5
* Number of Scans Averaged by the Deck Unit = 1
* NMEA Latitude = 59 46.24 N
* NMEA Longitude = 039 51.54 W
* NMEA UTC (Time) = Jun 10 2018  14:37:43
** Cruise ID: ar30-03
** Chief Sci: Macdonald
** Station #: 007
** Site ID: Irminger 5 FLMA
** ctd cast at FLMA with bottom release testing
# nquan = 13
# nvalues = 1029                                  
# units = specified
# name 0 = prDM: Pressure, Digiquartz [db]
# name 1 = t090C: Temperature [ITS-90, deg C]
# name 2 = t190C: Temperature, 2 [ITS-90, deg C]
# name 3 = c0S/m: Conductivity [S/m]
# name 4 = c1S/m: Conductivity, 2 [S/m]
# name 5 = sbeox0V: Oxygen raw, SBE 43 [V]
# name 6 = flECO-AFL: Fluorescence, WET Labs ECO-AFL/FL [mg/m^3]
# name 7 = turbWETntu0: Turbidity, WET Labs ECO [NTU]
# name 8 = sal00: Salinity, Practical [PSU]
# name 9 = spar: SPAR/Surface Irradiance
# name 10 = scan: Scan Count
# name 11 = nbf: Bottles Fired
# name 12 = flag:  0.000e+00
# interval = seconds: 0.0416667
# start_time = Jun 10 2018 14:37:43 [System UTC, first data scan.]
# bad_flag = -9.990e-29
*END*
[from data line 445]
    132.710     3.8249     3.8252   3.234928   3.235068     2.4654    -0.3743     0.3873    34.8701 1.0360e+03     170277         10  0.000e+00
    132.790     3.8251     3.8253   3.234941   3.235038     2.4654    -0.3743     0.3922    34.8701 1.0382e+03     170278         10  0.000e+00
    132.790     3.8254     3.8252   3.234916   3.235038     2.4654    -0.3547     0.3873    34.8694 1.0382e+03     170279         10  0.000e+00
    132.790     3.8252     3.8253   3.234928   3.235038     2.4654    -0.3743     0.3873    34.8698 1.0382e+03     170280         10  0.000e+00
    132.734     3.8251     3.8253   3.234941   3.235038     2.4654    -0.3547     0.3873    34.8701 1.0360e+03     170281         10  0.000e+00
    132.589     3.8252     3.8251   3.234922   3.235038     2.4654    -0.3547     0.3873    34.8698 1.0360e+03     170282         10  0.000e+00
    132.854     3.8251     3.8252   3.234928   3.235038     2.4654    -0.3743     0.3873    34.8699 1.0382e+03     170283         10  0.000e+00
    132.734     3.8249     3.8253   3.234941   3.235068     2.4654    -0.3547     0.3922    34.8703 1.0360e+03     170284         10  0.000e+00
    132.734     3.8252     3.8253   3.234916   3.235038     2.4654    -0.3547     0.3922    34.8696 1.0360e+03     170285         10  0.000e+00
    132.678     3.8252     3.8251   3.234890   3.235068     2.4654    -0.3743     0.3873    34.8694 1.0382e+03     170286         10  0.000e+00
    132.678     3.8252     3.8252   3.234922   3.235097     2.4654    -0.3547     0.3922    34.8698 1.0382e+03     170287         10  0.000e+00
    132.646     3.8251     3.8253   3.234922   3.235038     2.4654    -0.3547     0.3922    34.8699 1.0360e+03     170288         10  0.000e+00
    132.678     3.8252     3.8252   3.234909   3.235068     2.4654    -0.3547     0.3873    34.8696 1.0382e+03     170289         10  0.000e+00
    132.678     3.8252     3.8251   3.234928   3.235068     2.4654    -0.3547     0.3873    34.8698 1.0360e+03     170290         10  0.000e+00
    132.613     3.8252     3.8252   3.234916   3.235038     2.4654    -0.3743     0.3873    34.8697 1.0360e+03     170291         10  0.000e+00
    132.613     3.8251     3.8253   3.234953   3.234978     2.4654    -0.3547     0.3922    34.8703 1.0360e+03     170292         10  0.000e+00
    132.589     3.8252     3.8253   3.234953   3.235038     2.4654    -0.3547     0.3922    34.8702 1.0382e+03     170293         10  0.000e+00
    132.613     3.8252     3.8254   3.234960   3.235038     2.4654    -0.3547     0.3922    34.8702 1.0382e+03     170294         10  0.000e+00
    132.557     3.8251     3.8252   3.234928   3.235038     2.4667    -0.3743     0.3873    34.8701 1.0360e+03     170295         10  0.000e+00
    132.557     3.8254     3.8251   3.234928   3.235068     2.4654    -0.3547     0.3922    34.8697 1.0360e+03     170296         10  0.000e+00
    132.501     3.8252     3.8251   3.234934   3.235068     2.4654    -0.3547     0.3873    34.8700 1.0360e+03     170297         10  0.000e+00
    132.613     3.8256     3.8252   3.234941   3.235038     2.4654    -0.3743     0.3873    34.8697 1.0360e+03     170298         10  0.000e+00
    132.589     3.8252     3.8251   3.234960   3.235068     2.4654    -0.3547     0.3922    34.8703 1.0382e+03     170299         10  0.000e+00
    132.501     3.8254     3.8252   3.234953   3.235038     2.4654    -0.3352     0.3922    34.8701 1.0360e+03     170300         10  0.000e+00
    132.501     3.8252     3.8251   3.234941   3.235038     2.4654    -0.3157     0.3922    34.8701 1.0382e+03     170301         10  0.000e+00
    132.557     3.8252     3.8252   3.234941   3.235008     2.4654    -0.3157     0.3971    34.8700 1.0360e+03     170302         10  0.000e+00
    132.437     3.8252     3.8251   3.234959   3.235038     2.4654    -0.3157     0.3971    34.8703 1.0382e+03     170303         10  0.000e+00
    132.525     3.8254     3.8252   3.234953   3.235038     2.4654    -0.3352     0.3922    34.8700 1.0382e+03     170304         10  0.000e+00
    132.437     3.8252     3.8251   3.234941   3.235068     2.4654    -0.3352     0.3922    34.8701 1.0360e+03     170305         10  0.000e+00
    132.501     3.8256     3.8249   3.234941   3.235038     2.4654    -0.3352     0.3922    34.8697 1.0382e+03     170306         10  0.000e+00
    132.437     3.8254     3.8251   3.234959   3.235097     2.4654    -0.3157     0.3971    34.8702 1.0360e+03     170307         10  0.000e+00
    132.437     3.8254     3.8253   3.234947   3.235068     2.4654    -0.3157     0.3971    34.8700 1.0360e+03     170308         10  0.000e+00
    132.437     3.8254     3.8253   3.234934   3.235038     2.4654    -0.3352     0.3971    34.8699 1.0360e+03     170309         10  0.000e+00
    132.413     3.8254     3.8255   3.234941   3.235038     2.4654    -0.3157     0.3971    34.8700 1.0360e+03     170310         10  0.000e+00
    132.437     3.8254     3.8251   3.234959   3.235068     2.4654    -0.3352     0.3922    34.8702 1.0360e+03     170311         10  0.000e+00
    132.437     3.8254     3.8253   3.234953   3.235038     2.4654    -0.3352     0.3971    34.8701 1.0382e+03     170312         10  0.000e+00
    132.381     3.8254     3.8253   3.234959   3.235067     2.4642    -0.3352     0.3922    34.8702 1.0360e+03     170313         10  0.000e+00
    132.381     3.8252     3.8252   3.234947   3.235038     2.4642    -0.3352     0.3922    34.8702 1.0360e+03     170314         10  0.000e+00
    132.413     3.8254     3.8253   3.234934   3.235038     2.4654    -0.3157     0.3971    34.8699 1.0360e+03     170315         10  0.000e+00
    132.381     3.8254     3.8252   3.234959   3.235067     2.4642    -0.3352     0.3922    34.8702 1.0360e+03     170316         10  0.000e+00
    132.381     3.8252     3.8251   3.234953   3.235038     2.4654    -0.3157     0.3971    34.8703 1.0360e+03     170317         10  0.000e+00
    132.381     3.8256     3.8252   3.234959   3.235008     2.4642    -0.3352     0.3922    34.8700 1.0360e+03     170318         10  0.000e+00
    132.381     3.8254     3.8253   3.234972   3.235097     2.4654    -0.3352     0.3971    34.8703 1.0360e+03     170319         10  0.000e+00
    132.413     3.8256     3.8253   3.234991   3.235067     2.4654    -0.3352     0.3971    34.8704 1.0360e+03     170320         10  0.000e+00
    132.381     3.8254     3.8252   3.234959   3.235038     2.4642    -0.3352     0.3922    34.8702 1.0360e+03     170321         10  0.000e+00
     91.897     4.0059     4.0057   3.248535   3.248652     2.5267    -0.2571     0.4019    34.8619 1.0877e+03     173689         11  0.000e+00
     91.841     4.0061     4.0063   3.248560   3.248652     2.5267    -0.2571     0.4019    34.8620 1.0854e+03     173690         11  0.000e+00
     92.082     4.0062     4.0063   3.248604   3.248652     2.5267    -0.2375     0.4019    34.8623 1.0854e+03     173691         11  0.000e+00
     91.897     4.0064     4.0066   3.248604   3.248711     2.5267    -0.2180     0.4019    34.8622 1.0854e+03     173692         11  0.000e+00
     91.962     4.0067     4.0067   3.248592   3.248711     2.5267    -0.2180     0.4019    34.8617 1.0854e+03     173693         11  0.000e+00
     91.962     4.0065     4.0069   3.248573   3.248741     2.5267    -0.2180     0.4019    34.8616 1.0832e+03     173694         11  0.000e+00
     92.018     4.0067     4.0072   3.248560   3.248711     2.5267    -0.2180     0.4019    34.8613 1.0832e+03     173695         11  0.000e+00
     92.018     4.0067     4.0069   3.248604   3.248741     2.5267    -0.2180     0.4019    34.8618 1.0832e+03     173696         11  0.000e+00
     92.082     4.0068     4.0069   3.248604   3.248741     2.5267    -0.2180     0.4019    34.8616 1.0809e+03     173697         11  0.000e+00
     92.018     4.0070     4.0069   3.248629   3.248771     2.5267    -0.2180     0.4019    34.8618 1.0809e+03     173698         11  0.000e+00
     92.082     4.0070     4.0074   3.248610   3.248711     2.5267    -0.2180     0.4019    34.8615 1.0809e+03     173699         11  0.000e+00
     92.138     4.0068     4.0080   3.248592   3.248741     2.5267    -0.2180     0.4019    34.8614 1.0787e+03     173700         11  0.000e+00
     92.082     4.0070     4.0080   3.248629   3.248801     2.5267    -0.2180     0.4019    34.8617 1.0787e+03     173701         11  0.000e+00
     92.194     4.0072     4.0075   3.248692   3.248831     2.5267    -0.2180     0.4019    34.8623 1.0764e+03     173702         11  0.000e+00
     92.138     4.0077     4.0070   3.248711   3.248831     2.5267    -0.2180     0.4019    34.8620 1.0764e+03     173703         11  0.000e+00
     92.138     4.0078     4.0072   3.248711   3.248711     2.5267    -0.2180     0.4019    34.8618 1.0764e+03     173704         11  0.000e+00
     92.194     4.0079     4.0077   3.248730   3.248741     2.5267    -0.2180     0.4019    34.8619 1.0742e+03     173705         11  0.000e+00
     92.194     4.0086     4.0082   3.248780   3.248771     2.5267    -0.2180     0.4019    34.8617 1.0742e+03     173706         11  0.000e+00
     92.259     4.0089     4.0085   3.248818   3.248801     2.5267    -0.2180     0.4019    34.8618 1.0719e+03     173707         11  0.000e+00
     92.194     4.0089     4.0085   3.248850   3.248860     2.5267    -0.2180     0.4019    34.8622 1.0719e+03     173708         11  0.000e+00
     92.259     4.0093     4.0086   3.248837   3.248890     2.5267    -0.2180     0.4019    34.8617 1.0719e+03     173709         11  0.000e+00
     92.315     4.0091     4.0086   3.248868   3.248920     2.5267    -0.2180     0.4019    34.8622 1.0697e+03     173710         11  0.000e+00
     92.259     4.0096     4.0085   3.248868   3.248890     2.5267    -0.2180     0.4019    34.8618 1.0674e+03     173711         11  0.000e+00
     92.315     4.0096     4.0088   3.248856   3.248890     2.5267    -0.2180     0.4019    34.8616 1.0697e+03     173712         11  0.000e+00
     92.315     4.0097     4.0086   3.248900   3.248890     2.5267    -0.2180     0.4019    34.8619 1.0674e+03     173713         11  0.000e+00
     92.315     4.0099     4.0088   3.248900   3.248890     2.5279    -0.2180     0.4019    34.8618 1.0674e+03     173714         11  0.000e+00
     92.315     4.0099     4.0090   3.248887   3.248890     2.5267    -0.2180     0.4019    34.8616 1.0652e+03     173715         11  0.000e+00
     92.379     4.0104     4.0088   3.248906   3.248890     2.5267    -0.2180     0.4019    34.8612 1.0652e+03     173716         11  0.000e+00
     92.379     4.0100     4.0086   3.248919   3.248890     2.5267    -0.2180     0.4019    34.8618 1.0629e+03     173717         11  0.000e+00
     92.379     4.0104     4.0086   3.248919   3.248890     2.5267    -0.2180     0.4019    34.8614 1.0629e+03     173718         11  0.000e+00
     92.379     4.0106     4.0090   3.248938   3.248950     2.5267    -0.2180     0.4019    34.8615 1.0629e+03     173719         11  0.000e+00
     92.379     4.0104     4.0091   3.248925   3.248890     2.5267    -0.2180     0.4019    34.8615 1.0629e+03     173720         11  0.000e+00
     92.379     4.0106     4.0093   3.248957   3.248890     2.5267    -0.2180     0.4019    34.8617 1.0607e+03     173721         11  0.000e+00
     92.435     4.0104     4.0090   3.248975   3.248950     2.5267    -0.2180     0.4019    34.8620 1.0607e+03     173722         11  0.000e+00
     92.379     4.0106     4.0091   3.248938   3.248920     2.5279    -0.2180     0.4019    34.8615 1.0584e+03     173723         11  0.000e+00
     92.435     4.0107     4.0090   3.248938   3.248920     2.5279    -0.2180     0.4019    34.8613 1.0584e+03     173724         11  0.000e+00
     92.491     4.0106     4.0090   3.248944   3.248950     2.5279    -0.2180     0.4019    34.8615 1.0562e+03     173725         11  0.000e+00
     92.435     4.0106     4.0093   3.248944   3.248950     2.5279    -0.2180     0.4019    34.8615 1.0562e+03     173726         11  0.000e+00
     92.435     4.0106     4.0093   3.248925   3.248920     2.5279    -0.2180     0.4019    34.8613 1.0562e+03     173727         11  0.000e+00
     92.435     4.0106     4.0090   3.248938   3.248950     2.5279    -0.2180     0.4019    34.8614 1.0539e+03     173728         11  0.000e+00
     92.435     4.0104     4.0090   3.248944   3.248980     2.5279    -0.2180     0.4019    34.8617 1.0517e+03     173729         11  0.000e+00
     92.435     4.0104     4.0090   3.248925   3.248950     2.5267    -0.2180     0.4019    34.8614 1.0517e+03     173730         11  0.000e+00
     92.435     4.0104     4.0090   3.248919   3.248890     2.5279    -0.2180     0.4019    34.8614 1.0517e+03     173731         11  0.000e+00
     92.491     4.0104     4.0090   3.248938   3.248920     2.5279    -0.2180     0.4019    34.8616 1.0517e+03     173732         11  0.000e+00
     92.435     4.0104     4.0090   3.248925   3.248950     2.5279    -0.2180     0.4019    34.8614 1.0495e+03     173733         11  0.000e+00
     92.491     4.0104     4.0091   3.248900   3.248920     2.5279    -0.2180     0.4019    34.8611 1.0495e+03     173734         11  0.000e+00
     92.435     4.0102     4.0088   3.248887   3.248920     2.5279    -0.2180     0.4019    34.8612 1.0495e+03     173735         11  0.000e+00
     92.435     4.0097     4.0088   3.248868   3.248920     2.5279    -0.2180     0.4019    34.8615 1.0495e+03     173736         11  0.000e+00
     92.379     4.0096     4.0088   3.248856   3.248860     2.5279    -0.2180     0.4019    34.8615 1.0472e+03     173737         11  0.000e+00
     61.273     4.3460     4.3443   3.279327   3.279154     2.5490     0.1532     0.4361    34.8823 1.0854e+03     176899         12  0.000e+00
     61.201     4.3465     4.3445   3.279346   3.279202     2.5490     0.1532     0.4361    34.8820 1.0854e+03     176900         12  0.000e+00
     61.314     4.3466     4.3445   3.279346   3.279214     2.5490     0.1532     0.4361    34.8819 1.0854e+03     176901         12  0.000e+00
     61.217     4.3468     4.3449   3.279371   3.279261     2.5490     0.1532     0.4361    34.8820 1.0854e+03     176902         12  0.000e+00
     61.378     4.3472     4.3446   3.279403   3.279273     2.5502     0.1532     0.4361    34.8820 1.0854e+03     176903         12  0.000e+00
     61.378     4.3470     4.3444   3.279397   3.279244     2.5490     0.1532     0.4361    34.8820 1.0854e+03     176904         12  0.000e+00
     61.273     4.3473     4.3445   3.279384   3.279261     2.5490     0.1532     0.4361    34.8816 1.0832e+03     176905         12  0.000e+00
     61.314     4.3470     4.3443   3.279384   3.279184     2.5490     0.1532     0.4361    34.8819 1.0832e+03     176906         12  0.000e+00
     61.338     4.3471     4.3445   3.279428   3.279232     2.5490     0.1532     0.4361    34.8823 1.0832e+03     176907         12  0.000e+00
     61.378     4.3472     4.3440   3.279447   3.279214     2.5490     0.1532     0.4361    34.8825 1.0832e+03     176908         12  0.000e+00
     61.378     4.3476     4.3440   3.279428   3.279184     2.5490     0.1532     0.4361    34.8818 1.0832e+03     176909         12  0.000e+00
     61.458     4.3476     4.3437   3.279434   3.279202     2.5490     0.1532     0.4361    34.8818 1.0809e+03     176910         12  0.000e+00
     61.378     4.3468     4.3440   3.279378   3.279154     2.5490     0.1532     0.4361    34.8820 1.0809e+03     176911         12  0.000e+00
     61.434     4.3465     4.3440   3.279333   3.279202     2.5490     0.1532     0.4361    34.8818 1.0809e+03     176912         12  0.000e+00
     61.394     4.3461     4.3443   3.279283   3.279154     2.5490     0.1532     0.4264    34.8816 1.0809e+03     176913         12  0.000e+00
     61.434     4.3464     4.3445   3.279283   3.279154     2.5490     0.1532     0.4215    34.8813 1.0787e+03     176914         12  0.000e+00
