Ship_data/Irminger/Irminger-5/ctd/process/ar30-03019.ros
* Sea-Bird SBE 9 Data File:
* FileName = D:\Data\ar30-03019.hdr
* Software Version Seasave V 7.23.2
* Temperature SN = 4312
* Conductivity SN = 2148
* Number of Bytes Per Scan = 44
* Number of Voltage Words = 5
* Number of Scans Averaged by the Deck Unit = 1
* NMEA Latitude = 59 55.88 N
* NMEA Longitude = 041 18.96 W
* NMEA UTC (Time) = Jun 18 2018  20:06:05
** Cruise ID: ar30-03
** Chief Sci: Macdonald
** Station #: 019
** Site ID: Irminger 5 OSNAP C01
# nquan = 13
# nvalues = 539                                   
# units = specified
# name 0 = prDM: Pressure, Digiquartz [db]
# name 1 = t090C: Temperature [ITS-90, deg C]
# name 2 = t190C: Temperature, 2 [ITS-90, deg C]
# name 3 = c0S/m: Conductivity [S/m]
# name 4 = c1S/m: Conductivity, 2 [S/m]
# name 5 = sbeox0V: Oxygen raw, SBE 43 [V]
# name 6 = flECO-AFL: Fluorescence, WET Labs ECO-AFL/FL [mg/m^3]
# name 7 = turbWETntu0: Turbidity, WET Labs ECO [NTU]
# name 8 = sal00: Salinity, Practical [PSU]
# name 9 = spar: SPAR/Surface Irradiance
# name 10 = scan: Scan Count
# name 11 = nbf: Bottles Fired
# name 12 = flag:  0.000e+00
# interval = seconds: 0.0416667
# start_time = Jun 18 2018 20:06:05 [System UTC, first data scan.]
# bad_flag = -9.990e-29
*END*
[from data line 334]
    503.908     4.1388     4.1380   3.283276   3.283315     2.2538    -0.3352     0.3824    34.9115 1.6450e+03     107121          7  0.000e+00
    503.908     4.1390     4.1379   3.283264   3.283309     2.2538    -0.3352     0.3824    34.9112 1.6450e+03     107122          7  0.000e+00
    503.843     4.1391     4.1378   3.283283   3.283255     2.2538    -0.3547     0.3824    34.9113 1.6427e+03     107123          7  0.000e+00
    503.908     4.1390     4.1377   3.283251   3.283279     2.2538    -0.3547     0.3824    34.9110 1.6450e+03     107124          7  0.000e+00
    503.908     4.1390     4.1376   3.283232   3.283285     2.2538    -0.3352     0.3824    34.9108 1.6450e+03     107125          7  0.000e+00
    503.908     4.1388     4.1377   3.283238   3.283279     2.2538    -0.3352     0.3824    34.9111 1.6450e+03     107126          7  0.000e+00
    503.908     4.1387     4.1380   3.283238   3.283285     2.2538    -0.3352     0.3824    34.9112 1.6450e+03     107127          7  0.000e+00
    503.908     4.1385     4.1381   3.283238   3.283345     2.2538    -0.3547     0.3824    34.9114 1.6450e+03     107128          7  0.000e+00
    503.843     4.1386     4.1384   3.283238   3.283315     2.2538    -0.3547     0.3824    34.9114 1.6450e+03     107129          7  0.000e+00
    204.538     5.3893     5.3883   3.384575   3.384569     2.4237    -0.3352     0.3922    34.9349 1.2337e+03     118051          8  0.000e+00
    204.506     5.3893     5.3882   3.384575   3.384605     2.4237    -0.3352     0.3922    34.9349 1.2360e+03     118052          8  0.000e+00
    204.739     5.3891     5.3880   3.384543   3.384575     2.4237    -0.3352     0.3922    34.9347 1.2360e+03     118053          8  0.000e+00
    204.441     5.3892     5.3882   3.384536   3.384575     2.4237    -0.3352     0.3922    34.9346 1.2382e+03     118054          8  0.000e+00
    204.361     5.3892     5.3880   3.384511   3.384569     2.4237    -0.3352     0.3971    34.9344 1.2405e+03     118055          8  0.000e+00
    204.562     5.3893     5.3879   3.384543   3.384605     2.4237    -0.3352     0.3971    34.9345 1.2427e+03     118056          8  0.000e+00
    204.506     5.3892     5.3880   3.384543   3.384575     2.4237    -0.3352     0.3971    34.9347 1.2427e+03     118057          8  0.000e+00
    204.562     5.3893     5.3881   3.384530   3.384575     2.4237    -0.3157     0.3971    34.9343 1.2450e+03     118058          8  0.000e+00
    204.538     5.3892     5.3880   3.384530   3.384569     2.4237    -0.3352     0.3971    34.9345 1.2472e+03     118059          8  0.000e+00
    204.506     5.3888     5.3882   3.384575   3.384544     2.4237    -0.3352     0.3971    34.9354 1.2517e+03     118060          8  0.000e+00
    204.562     5.3892     5.3883   3.384549   3.384575     2.4237    -0.3352     0.3971    34.9347 1.2540e+03     118061          8  0.000e+00
    204.482     5.3892     5.3882   3.384549   3.384575     2.4237    -0.3352     0.3971    34.9348 1.2562e+03     118062          8  0.000e+00
    204.562     5.3892     5.3884   3.384562   3.384599     2.4225    -0.3352     0.3971    34.9349 1.2584e+03     118063          8  0.000e+00
    204.506     5.3892     5.3882   3.384543   3.384605     2.4237    -0.3352     0.3971    34.9347 1.2607e+03     118064          8  0.000e+00
    204.506     5.3892     5.3886   3.384575   3.384605     2.4237    -0.3352     0.3971    34.9350 1.2652e+03     118065          8  0.000e+00
    204.594     5.3893     5.3884   3.384549   3.384605     2.4225    -0.3352     0.3971    34.9345 1.2652e+03     118066          8  0.000e+00
    204.562     5.3892     5.3883   3.384549   3.384629     2.4225    -0.3352     0.3971    34.9347 1.2719e+03     118067          8  0.000e+00
    204.562     5.3893     5.3885   3.384543   3.384575     2.4237    -0.3352     0.3971    34.9345 1.2742e+03     118068          8  0.000e+00
    204.618     5.3893     5.3884   3.384555   3.384635     2.4225    -0.3352     0.3971    34.9346 1.2787e+03     118069          8  0.000e+00
    204.538     5.3892     5.3885   3.384543   3.384569     2.4225    -0.3352     0.3971    34.9346 1.2809e+03     118070          8  0.000e+00
    204.618     5.3892     5.3883   3.384549   3.384605     2.4225    -0.3352     0.3971    34.9347 1.2854e+03     118071          8  0.000e+00
    204.562     5.3893     5.3884   3.384562   3.384605     2.4225    -0.3352     0.3971    34.9347 1.2877e+03     118072          8  0.000e+00
    204.594     5.3892     5.3883   3.384543   3.384605     2.4225    -0.3352     0.3971    34.9346 1.2899e+03     118073          8  0.000e+00
    204.618     5.3893     5.3882   3.384549   3.384599     2.4225    -0.3352     0.3971    34.9345 1.2944e+03     118074          8  0.000e+00
    204.618     5.3892     5.3881   3.384562   3.384605     2.4225    -0.3352     0.3971    34.9348 1.2966e+03     118075          8  0.000e+00
    204.683     5.3892     5.3884   3.384562   3.384605     2.4225    -0.3352     0.3971    34.9348 1.3011e+03     118076          8  0.000e+00
    204.594     5.3893     5.3881   3.384562   3.384605     2.4225    -0.3352     0.3971    34.9347 1.3056e+03     118077          8  0.000e+00
    204.683     5.3892     5.3884   3.384562   3.384599     2.4225    -0.3157     0.3971    34.9347 1.3079e+03     118078          8  0.000e+00
    204.618     5.3895     5.3883   3.384581   3.384575     2.4237    -0.3157     0.3971    34.9347 1.3101e+03     118079          8  0.000e+00
    204.506     5.3892     5.3882   3.384575   3.384605     2.4237    -0.3157     0.3971    34.9350 1.3124e+03     118080          8  0.000e+00
    204.892     5.3892     5.3884   3.384581   3.384575     2.4237    -0.2961     0.3922    34.9349 1.3146e+03     118081          8  0.000e+00
    204.683     5.3895     5.3884   3.384594   3.384629     2.4225    -0.2961     0.3922    34.9348 1.3169e+03     118082          8  0.000e+00
    204.739     5.3893     5.3882   3.384594   3.384575     2.4225    -0.2961     0.3922    34.9350 1.3191e+03     118083          8  0.000e+00
    204.715     5.3895     5.3881   3.384594   3.384635     2.4225    -0.2961     0.3922    34.9348 1.3214e+03     118084          8  0.000e+00
    204.739     5.3892     5.3882   3.384594   3.384575     2.4225    -0.2961     0.3922    34.9351 1.3236e+03     118085          8  0.000e+00
    204.739     5.3893     5.3881   3.384594   3.384599     2.4225    -0.2961     0.3971    34.9350 1.3236e+03     118086          8  0.000e+00
    204.803     5.3894     5.3885   3.384575   3.384605     2.4225    -0.2961     0.3922    34.9347 1.3281e+03     118087          8  0.000e+00
    204.779     5.3892     5.3883   3.384562   3.384635     2.4225    -0.3157     0.3971    34.9348 1.3259e+03     118088          8  0.000e+00
    204.803     5.3890     5.3884   3.384562   3.384599     2.4225    -0.2961     0.3922    34.9350 1.3259e+03     118089          8  0.000e+00
    204.803     5.3890     5.3884   3.384581   3.384635     2.4225    -0.2961     0.3971    34.9352 1.3281e+03     118090          8  0.000e+00
    204.835     5.3890     5.3887   3.384575   3.384635     2.4225    -0.2961     0.3971    34.9351 1.3281e+03     118091          8  0.000e+00
    204.859     5.3888     5.3884   3.384562   3.384635     2.4225    -0.2961     0.3971    34.9351 1.3259e+03     118092          8  0.000e+00
    204.859     5.3887     5.3884   3.384524   3.384629     2.4225    -0.2961     0.3922    34.9348 1.3281e+03     118093          8  0.000e+00
    204.859     5.3888     5.3881   3.384524   3.384635     2.4225    -0.2961     0.3922    34.9346 1.3281e+03     118094          8  0.000e+00
    204.892     5.3885     5.3882   3.384511   3.384605     2.4225    -0.2961     0.3922    34.9348 1.3259e+03     118095          8  0.000e+00
    204.916     5.3888     5.3881   3.384543   3.384605     2.4225    -0.2961     0.3922    34.9349 1.3259e+03     118096          8  0.000e+00
    204.916     5.3888     5.3881   3.384543   3.384569     2.4225    -0.2961     0.3922    34.9348 1.3259e+03     118097          8  0.000e+00
    204.892     5.3890     5.3880   3.384575   3.384605     2.4225    -0.2961     0.3922    34.9351 1.3281e+03     118098          8  0.000e+00
    204.980     5.3892     5.3881   3.384575   3.384575     2.4237    -0.2961     0.3922    34.9348 1.3281e+03     118099          8  0.000e+00
    104.292     4.9003     4.8983   3.326475   3.326672     2.4675    -0.2571     0.4019    34.8275 1.4382e+03     124156          9  0.000e+00
    104.116     4.8996     4.8991   3.326456   3.326546     2.4675    -0.2766     0.4019    34.8282 1.4382e+03     124157          9  0.000e+00
    104.469     4.8987     4.9006   3.326399   3.326606     2.4675    -0.2766     0.4019    34.8282 1.4382e+03     124158          9  0.000e+00
    104.341     4.8981     4.9012   3.326323   3.326702     2.4675    -0.2961     0.4019    34.8280 1.4382e+03     124159          9  0.000e+00
    104.405     4.8974     4.9022   3.326260   3.326756     2.4675    -0.2766     0.4019    34.8279 1.4382e+03     124160          9  0.000e+00
    104.349     4.8968     4.9035   3.326221   3.326876     2.4675    -0.2961     0.4019    34.8282 1.4405e+03     124161          9  0.000e+00
    104.405     4.8967     4.9030   3.326234   3.327033     2.4675    -0.2961     0.4019    34.8284 1.4405e+03     124162          9  0.000e+00
    104.397     4.8967     4.9019   3.326222   3.327057     2.4675    -0.2961     0.4019    34.8283 1.4427e+03     124163          9  0.000e+00
    104.469     4.8966     4.9007   3.326241   3.326997     2.4675    -0.2961     0.4019    34.8285 1.4427e+03     124164          9  0.000e+00
    104.469     4.8965     4.9001   3.326247   3.326907     2.4675    -0.2961     0.4019    34.8287 1.4427e+03     124165          9  0.000e+00
    104.469     4.8965     4.9003   3.326222   3.326822     2.4675    -0.2961     0.4019    34.8285 1.4450e+03     124166          9  0.000e+00
    104.517     4.8962     4.8994   3.326215   3.326877     2.4675    -0.2961     0.4019    34.8287 1.4450e+03     124167          9  0.000e+00
    104.525     4.8960     4.8985   3.326196   3.326786     2.4675    -0.2766     0.4019    34.8286 1.4450e+03     124168          9  0.000e+00
    104.525     4.8958     4.8993   3.326145   3.326612     2.4675    -0.2766     0.4019    34.8282 1.4472e+03     124169          9  0.000e+00
    104.589     4.8960     4.8994   3.326171   3.326636     2.4675    -0.2766     0.4019    34.8283 1.4472e+03     124170          9  0.000e+00
    104.517     4.8960     4.8994   3.326183   3.326696     2.4675    -0.2961     0.4019    34.8285 1.4472e+03     124171          9  0.000e+00
    104.589     4.8957     4.8988   3.326139   3.326666     2.4675    -0.2766     0.4019    34.8283 1.4495e+03     124172          9  0.000e+00
    104.646     4.8957     4.8986   3.326101   3.326612     2.4675    -0.2766     0.4019    34.8278 1.4495e+03     124173          9  0.000e+00
    104.589     4.8957     4.8986   3.326114   3.326666     2.4675    -0.2961     0.4019    34.8280 1.4517e+03     124174          9  0.000e+00
    104.638     4.8952     4.8982   3.326126   3.326606     2.4675    -0.2961     0.4019    34.8286 1.4540e+03     124175          9  0.000e+00
    104.646     4.8955     4.8985   3.326126   3.326612     2.4675    -0.2766     0.4019    34.8283 1.4540e+03     124176          9  0.000e+00
    104.702     4.8953     4.8975   3.326120   3.326606     2.4675    -0.2961     0.4019    34.8284 1.4562e+03     124177          9  0.000e+00
    104.646     4.8952     4.8964   3.326101   3.326546     2.4675    -0.2961     0.4019    34.8283 1.4584e+03     124178          9  0.000e+00
    104.694     4.8952     4.8961   3.326114   3.326426     2.4675    -0.2961     0.4019    34.8285 1.4584e+03     124179          9  0.000e+00
    104.702     4.8951     4.8961   3.326088   3.326335     2.4675    -0.2766     0.4019    34.8283 1.4607e+03     124180          9  0.000e+00
    104.702     4.8947     4.8965   3.326069   3.326335     2.4675    -0.2766     0.4019    34.8284 1.4629e+03     124181          9  0.000e+00
    104.766     4.8947     4.8964   3.326063   3.326396     2.4675    -0.2961     0.4019    34.8283 1.4652e+03     124182          9  0.000e+00
    104.694     4.8947     4.8961   3.326082   3.326366     2.4675    -0.2766     0.4068    34.8286 1.4697e+03     124183          9  0.000e+00
    104.766     4.8949     4.8962   3.326076   3.326366     2.4662    -0.2766     0.4068    34.8283 1.4719e+03     124184          9  0.000e+00
    104.766     4.8949     4.8962   3.326101   3.326366     2.4662    -0.2571     0.4068    34.8286 1.4742e+03     124185          9  0.000e+00
    104.766     4.8952     4.8962   3.326114   3.326426     2.4675    -0.2571     0.4068    34.8284 1.4787e+03     124186          9  0.000e+00
    104.750     4.8954     4.8959   3.326101   3.326366     2.4662    -0.2571     0.4068    34.8281 1.4809e+03     124187          9  0.000e+00
    104.766     4.8953     4.8956   3.326114   3.326336     2.4662    -0.2571     0.4068    34.8283 1.4854e+03     124188          9  0.000e+00
    104.766     4.8952     4.8956   3.326101   3.326336     2.4662    -0.2571     0.4068    34.8282 1.4854e+03     124189          9  0.000e+00
    104.822     4.8952     4.8958   3.326095   3.326305     2.4662    -0.2571     0.4068    34.8281 1.4899e+03     124190          9  0.000e+00
    104.750     4.8952     4.8959   3.326082   3.326335     2.4662    -0.2766     0.4068    34.8281 1.4922e+03     124191          9  0.000e+00
    104.766     4.8951     4.8961   3.326088   3.326275     2.4662    -0.2766     0.4068    34.8282 1.4944e+03     124192          9  0.000e+00
    104.878     4.8952     4.8958   3.326114   3.326275     2.4662    -0.2571     0.4068    34.8284 1.4967e+03     124193          9  0.000e+00
    104.766     4.8952     4.8962   3.326101   3.326335     2.4662    -0.2766     0.4068    34.8282 1.4989e+03     124194          9  0.000e+00
    104.814     4.8952     4.8961   3.326076   3.326305     2.4662    -0.2766     0.4068    34.8280 1.5034e+03     124195          9  0.000e+00
    104.766     4.8952     4.8961   3.326126   3.326275     2.4662    -0.2571     0.4068    34.8285 1.5034e+03     124196          9  0.000e+00
    104.822     4.8953     4.8957   3.326139   3.326305     2.4662    -0.2766     0.4068    34.8285 1.5056e+03     124197          9  0.000e+00
    104.766     4.8952     4.8956   3.326126   3.326336     2.4662    -0.2571     0.4068    34.8285 1.5079e+03     124198          9  0.000e+00
    104.814     4.8952     4.8956   3.326101   3.326245     2.4662    -0.2766     0.4068    34.8282 1.5079e+03     124199          9  0.000e+00
    104.766     4.8952     4.8956   3.326095   3.326275     2.4662    -0.2766     0.4068    34.8282 1.5101e+03     124200          9  0.000e+00
    104.822     4.8951     4.8954   3.326076   3.326305     2.4662    -0.2571     0.4117    34.8281 1.5101e+03     124201          9  0.000e+00
    104.766     4.8952     4.8954   3.326069   3.326275     2.4662    -0.2571     0.4117    34.8279 1.5124e+03     124202          9  0.000e+00
    104.814     4.8951     4.8951   3.326088   3.326245     2.4662    -0.2766     0.4068    34.8282 1.5124e+03     124203          9  0.000e+00
    104.766     4.8953     4.8954   3.326114   3.326275     2.4662    -0.2571     0.4068    34.8283 1.5124e+03     124204          9  0.000e+00
     54.095     5.8423     5.8456   3.416469   3.416673     2.5556     0.3681     0.4264    34.9071 1.4607e+03     128510         10  0.000e+00
     54.095     5.8436     5.8460   3.416630   3.416704     2.5556     0.3876     0.4264    34.9076 1.4517e+03     128511         10  0.000e+00
     54.063     5.8452     5.8464   3.416752   3.416776     2.5556     0.3876     0.4264    34.9074 1.4427e+03     128512         10  0.000e+00
