Ship_data/Irminger/Irminger-5/ctd/process/ar30-03006.ros
* Sea-Bird SBE 9 Data File:
* FileName = D:\Data\ar30-03006.hdr
* Software Version Seasave V 7.23.2
* Temperature SN = 4312
* Conductivity SN = 2148
* Number of Bytes Per Scan = 44
* Number of Voltage Words = 5
* Number of Scans Averaged by the Deck Unit = 1
* NMEA Latitude = 59 57.97 N
* NMEA Longitude = 039 30.98 W
* NMEA UTC (Time) = Jun 09 2018  13:38:40
** Cruise ID: ar30-03
** Chief Sci: Macdonald
** Station #: 006
** Site ID: Irminger 5 HYPM
** ctd cast at HYPM site with 3 bottom releases tested
# nquan = 13
# nvalues = 1176                                  
# units = specified
# name 0 = prDM: Pressure, Digiquartz [db]
# name 1 = t090C: Temperature [ITS-90, deg C]
# name 2 = t190C: Temperature, 2 [ITS-90, deg C]
# name 3 = c0S/m: Conductivity [S/m]
# name 4 = c1S/m: Conductivity, 2 [S/m]
# name 5 = sbeox0V: Oxygen raw, SBE 43 [V]
# name 6 = flECO-AFL: Fluorescence, WET Labs ECO-AFL/FL [mg/m^3]
# name 7 = turbWETntu0: Turbidity, WET Labs ECO [NTU]
# name 8 = sal00: Salinity, Practical [PSU]
# name 9 = spar: SPAR/Surface Irradiance
# name 10 = scan: Scan Count
# name 11 = nbf: Bottles Fired
# name 12 = flag:  0.000e+00
# interval = seconds: 0.0416667
# start_time = Jun 09 2018 13:38:40 [System UTC, first data scan.]
# bad_flag = -9.990e-29
*END*
[from data line 223]
   1526.768     3.4808     3.4808   3.266029   3.266021     2.0579    -0.3938     0.3580    34.8800 8.2473e+02     136843          5  0.000e+00
   1526.703     3.4808     3.4807   3.266054   3.266051     2.0579    -0.3938     0.3580    34.8803 8.2473e+02     136844          5  0.000e+00
   1526.703     3.4805     3.4808   3.266042   3.266081     2.0579    -0.3938     0.3580    34.8805 8.2473e+02     136845          5  0.000e+00
   1526.768     3.4808     3.4807   3.266061   3.266051     2.0579    -0.3938     0.3580    34.8804 8.2473e+02     136846          5  0.000e+00
   1526.645     3.4808     3.4805   3.266016   3.266021     2.0579    -0.3938     0.3580    34.8799 8.2473e+02     136847          5  0.000e+00
   1526.768     3.4808     3.4805   3.266029   3.266039     2.0579    -0.3743     0.3580    34.8800 8.2473e+02     136848          5  0.000e+00
   1526.579     3.4805     3.4804   3.266042   3.266051     2.0579    -0.3938     0.3580    34.8806 8.2473e+02     136849          5  0.000e+00
   1526.826     3.4810     3.4805   3.266054   3.266081     2.0579    -0.3938     0.3580    34.8801 8.2473e+02     136850          5  0.000e+00
   1526.645     3.4807     3.4805   3.266048   3.266051     2.0579    -0.3938     0.3580    34.8804 8.2473e+02     136851          5  0.000e+00
   1526.703     3.4808     3.4806   3.266023   3.266051     2.0579    -0.3938     0.3580    34.8800 8.2248e+02     136852          5  0.000e+00
   1526.703     3.4807     3.4805   3.266004   3.266051     2.0579    -0.3938     0.3580    34.8799 8.2248e+02     136853          5  0.000e+00
   1526.645     3.4808     3.4805   3.266054   3.266051     2.0579    -0.3938     0.3580    34.8804 8.2473e+02     136854          5  0.000e+00
   1526.645     3.4810     3.4805   3.266042   3.266081     2.0579    -0.3938     0.3580    34.8800 8.2473e+02     136855          5  0.000e+00
   1526.645     3.4807     3.4805   3.266023   3.266021     2.0579    -0.3743     0.3580    34.8801 8.2473e+02     136856          5  0.000e+00
   1526.703     3.4807     3.4806   3.266016   3.266051     2.0579    -0.3938     0.3580    34.8800 8.2473e+02     136857          5  0.000e+00
   1526.645     3.4808     3.4804   3.266023   3.266021     2.0579    -0.3743     0.3580    34.8800 8.2473e+02     136858          5  0.000e+00
   1526.703     3.4807     3.4806   3.266023   3.266051     2.0579    -0.3938     0.3580    34.8801 8.2473e+02     136859          5  0.000e+00
   1526.645     3.4807     3.4805   3.266035   3.266021     2.0579    -0.3938     0.3580    34.8803 8.2473e+02     136860          5  0.000e+00
   1526.645     3.4808     3.4805   3.266010   3.266051     2.0579    -0.3938     0.3580    34.8798 8.2473e+02     136861          5  0.000e+00
   1526.645     3.4807     3.4804   3.266029   3.266021     2.0579    -0.3938     0.3580    34.8802 8.2473e+02     136862          5  0.000e+00
   1526.703     3.4807     3.4805   3.266035   3.266021     2.0579    -0.3938     0.3580    34.8803 8.2473e+02     136863          5  0.000e+00
   1526.645     3.4808     3.4805   3.266023   3.266021     2.0579    -0.3938     0.3580    34.8800 8.2473e+02     136864          5  0.000e+00
   1217.698     3.5607     3.5605   3.260442   3.260504     2.1480    -0.3743     0.3629    34.8838 8.9440e+02     147728          6  0.000e+00
   1217.722     3.5606     3.5605   3.260442   3.260474     2.1480    -0.3547     0.3629    34.8839 8.9440e+02     147729          6  0.000e+00
   1217.763     3.5604     3.5605   3.260443   3.260504     2.1480    -0.3547     0.3629    34.8840 8.9664e+02     147730          6  0.000e+00
   1217.722     3.5604     3.5603   3.260443   3.260474     2.1480    -0.3547     0.3629    34.8841 8.9664e+02     147731          6  0.000e+00
   1217.763     3.5606     3.5602   3.260443   3.260492     2.1480    -0.3547     0.3629    34.8839 8.9664e+02     147732          6  0.000e+00
   1217.698     3.5604     3.5604   3.260417   3.260504     2.1480    -0.3547     0.3629    34.8838 8.9664e+02     147733          6  0.000e+00
   1217.722     3.5606     3.5605   3.260436   3.260444     2.1480    -0.3743     0.3629    34.8838 8.9664e+02     147734          6  0.000e+00
   1217.698     3.5606     3.5604   3.260461   3.260504     2.1480    -0.3547     0.3629    34.8841 8.9664e+02     147735          6  0.000e+00
   1217.722     3.5604     3.5605   3.260455   3.260504     2.1480    -0.3743     0.3629    34.8843 8.9889e+02     147736          6  0.000e+00
   1217.698     3.5608     3.5605   3.260461   3.260474     2.1480    -0.3547     0.3629    34.8839 8.9889e+02     147737          6  0.000e+00
   1217.698     3.5605     3.5605   3.260455   3.260504     2.1480    -0.3547     0.3629    34.8841 8.9889e+02     147738          6  0.000e+00
   1217.665     3.5609     3.5607   3.260442   3.260474     2.1480    -0.3547     0.3629    34.8835 9.0114e+02     147739          6  0.000e+00
   1217.641     3.5608     3.5609   3.260442   3.260474     2.1480    -0.3547     0.3629    34.8837 8.9889e+02     147740          6  0.000e+00
   1217.698     3.5610     3.5609   3.260442   3.260492     2.1480    -0.3743     0.3629    34.8835 9.0114e+02     147741          6  0.000e+00
   1217.600     3.5609     3.5609   3.260424   3.260504     2.1480    -0.3743     0.3629    34.8833 9.0114e+02     147742          6  0.000e+00
   1217.698     3.5608     3.5607   3.260455   3.260504     2.1480    -0.3743     0.3629    34.8838 9.0114e+02     147743          6  0.000e+00
   1217.600     3.5608     3.5610   3.260455   3.260534     2.1480    -0.3938     0.3629    34.8839 9.0114e+02     147744          6  0.000e+00
   1217.575     3.5608     3.5609   3.260442   3.260474     2.1480    -0.3938     0.3629    34.8837 9.0114e+02     147745          6  0.000e+00
   1217.575     3.5607     3.5609   3.260442   3.260504     2.1480    -0.3938     0.3629    34.8838 9.0338e+02     147746          6  0.000e+00
   1217.665     3.5609     3.5609   3.260461   3.260474     2.1480    -0.3938     0.3629    34.8837 9.0114e+02     147747          6  0.000e+00
   1217.518     3.5610     3.5610   3.260455   3.260534     2.1480    -0.3743     0.3629    34.8837 9.0338e+02     147748          6  0.000e+00
   1217.477     3.5613     3.5610   3.260461   3.260504     2.1480    -0.3938     0.3629    34.8835 9.0338e+02     147749          6  0.000e+00
   1217.641     3.5613     3.5610   3.260493   3.260534     2.1480    -0.3938     0.3629    34.8838 9.0338e+02     147750          6  0.000e+00
   1217.518     3.5615     3.5612   3.260505   3.260492     2.1480    -0.3938     0.3629    34.8838 9.0563e+02     147751          6  0.000e+00
   1217.477     3.5614     3.5609   3.260480   3.260534     2.1480    -0.3743     0.3629    34.8836 9.0338e+02     147752          6  0.000e+00
   1217.518     3.5615     3.5612   3.260493   3.260504     2.1480    -0.3938     0.3629    34.8836 9.0563e+02     147753          6  0.000e+00
   1217.477     3.5614     3.5610   3.260524   3.260504     2.1480    -0.3938     0.3629    34.8841 9.0563e+02     147754          6  0.000e+00
   1217.396     3.5614     3.5609   3.260512   3.260504     2.1480    -0.3938     0.3629    34.8840 9.0563e+02     147755          6  0.000e+00
   1217.453     3.5615     3.5610   3.260499   3.260504     2.1480    -0.3743     0.3629    34.8837 9.0563e+02     147756          6  0.000e+00
   1217.420     3.5614     3.5610   3.260480   3.260504     2.1467    -0.3938     0.3629    34.8836 9.0563e+02     147757          6  0.000e+00
   1217.396     3.5613     3.5610   3.260493   3.260534     2.1467    -0.3938     0.3629    34.8839 9.0563e+02     147758          6  0.000e+00
   1217.355     3.5614     3.5610   3.260505   3.260534     2.1467    -0.3743     0.3629    34.8839 9.0788e+02     147759          6  0.000e+00
   1217.396     3.5616     3.5610   3.260480   3.260522     2.1467    -0.3743     0.3629    34.8834 9.0563e+02     147760          6  0.000e+00
   1217.273     3.5613     3.5610   3.260493   3.260504     2.1467    -0.3743     0.3629    34.8839 9.0788e+02     147761          6  0.000e+00
   1217.355     3.5616     3.5607   3.260518   3.260504     2.1467    -0.3938     0.3629    34.8839 9.0563e+02     147762          6  0.000e+00
   1217.273     3.5614     3.5610   3.260512   3.260504     2.1467    -0.3938     0.3629    34.8840 9.0788e+02     147763          6  0.000e+00
   1217.298     3.5615     3.5610   3.260518   3.260534     2.1467    -0.3938     0.3629    34.8840 9.0788e+02     147764          6  0.000e+00
   1217.273     3.5614     3.5609   3.260512   3.260504     2.1467    -0.3938     0.3629    34.8840 9.0788e+02     147765          6  0.000e+00
   1217.273     3.5615     3.5612   3.260518   3.260504     2.1467    -0.3938     0.3629    34.8841 9.0788e+02     147766          6  0.000e+00
   1217.232     3.5614     3.5609   3.260486   3.260504     2.1467    -0.3938     0.3580    34.8838 9.0788e+02     147767          6  0.000e+00
   1217.208     3.5613     3.5609   3.260474   3.260504     2.1467    -0.3938     0.3580    34.8838 9.0788e+02     147768          6  0.000e+00
   1217.175     3.5613     3.5609   3.260468   3.260504     2.1467    -0.3938     0.3580    34.8837 9.0788e+02     147769          6  0.000e+00
   1217.208     3.5611     3.5610   3.260449   3.260492     2.1467    -0.3938     0.3580    34.8837 9.0788e+02     147770          6  0.000e+00
   1217.150     3.5613     3.5609   3.260461   3.260504     2.1467    -0.3938     0.3580    34.8836 9.0788e+02     147771          6  0.000e+00
   1217.175     3.5613     3.5610   3.260474   3.260504     2.1467    -0.3938     0.3580    34.8838 9.0788e+02     147772          6  0.000e+00
   1217.085     3.5613     3.5609   3.260467   3.260504     2.1480    -0.3938     0.3580    34.8838 9.0788e+02     147773          6  0.000e+00
   1217.110     3.5611     3.5610   3.260474   3.260504     2.1480    -0.3938     0.3580    34.8840 9.0788e+02     147774          6  0.000e+00
   1217.085     3.5613     3.5610   3.260493   3.260534     2.1480    -0.3938     0.3580    34.8841 9.0788e+02     147775          6  0.000e+00
   1217.110     3.5611     3.5607   3.260505   3.260534     2.1467    -0.3743     0.3580    34.8843 9.0788e+02     147776          6  0.000e+00
   1010.593     3.6661     3.6659   3.261832   3.261835     2.1975    -0.3743     0.3629    34.8942 9.1911e+02     156067          7  0.000e+00
   1010.471     3.6663     3.6661   3.261794   3.261864     2.1975    -0.3547     0.3629    34.8936 9.2136e+02     156068          7  0.000e+00
   1010.659     3.6663     3.6659   3.261820   3.261864     2.1975    -0.3743     0.3629    34.8938 9.2136e+02     156069          7  0.000e+00
   1010.471     3.6661     3.6662   3.261838   3.261864     2.1975    -0.3547     0.3629    34.8943 9.2136e+02     156070          7  0.000e+00
   1010.536     3.6661     3.6660   3.261813   3.261835     2.1975    -0.3743     0.3629    34.8940 9.2136e+02     156071          7  0.000e+00
   1010.536     3.6663     3.6661   3.261845   3.261894     2.1975    -0.3743     0.3629    34.8942 9.2136e+02     156072          7  0.000e+00
   1010.471     3.6665     3.6659   3.261820   3.261864     2.1975    -0.3743     0.3629    34.8938 9.2361e+02     156073          7  0.000e+00
   1010.471     3.6661     3.6661   3.261826   3.261894     2.1975    -0.3743     0.3678    34.8942 9.2136e+02     156074          7  0.000e+00
   1010.471     3.6663     3.6661   3.261794   3.261835     2.1975    -0.3743     0.3678    34.8936 9.2361e+02     156075          7  0.000e+00
   1010.471     3.6661     3.6661   3.261820   3.261894     2.1975    -0.3743     0.3678    34.8941 9.2136e+02     156076          7  0.000e+00
   1010.349     3.6665     3.6661   3.261838   3.261894     2.1975    -0.3743     0.3678    34.8941 9.2361e+02     156077          7  0.000e+00
   1010.471     3.6663     3.6662   3.261832   3.261864     2.1975    -0.3743     0.3726    34.8941 9.2136e+02     156078          7  0.000e+00
   1010.349     3.6663     3.6659   3.261813   3.261894     2.1975    -0.3547     0.3678    34.8939 9.2361e+02     156079          7  0.000e+00
   1010.414     3.6663     3.6662   3.261826   3.261864     2.1975    -0.3743     0.3678    34.8940 9.2361e+02     156080          7  0.000e+00
   1010.414     3.6661     3.6661   3.261813   3.261864     2.1975    -0.3743     0.3678    34.8941 9.2361e+02     156081          7  0.000e+00
   1010.349     3.6661     3.6661   3.261801   3.261864     2.1975    -0.3743     0.3678    34.8939 9.2361e+02     156082          7  0.000e+00
   1010.349     3.6661     3.6662   3.261788   3.261864     2.1975    -0.3547     0.3678    34.8938 9.2361e+02     156083          7  0.000e+00
   1010.349     3.6660     3.6662   3.261794   3.261864     2.1975    -0.3743     0.3678    34.8940 9.2361e+02     156084          7  0.000e+00
   1010.349     3.6663     3.6662   3.261807   3.261864     2.1975    -0.3547     0.3678    34.8939 9.2361e+02     156085          7  0.000e+00
   1010.349     3.6661     3.6659   3.261801   3.261834     2.1975    -0.3743     0.3678    34.8939 9.2586e+02     156086          7  0.000e+00
   1010.349     3.6663     3.6662   3.261788   3.261864     2.1975    -0.3743     0.3678    34.8936 9.2586e+02     156087          7  0.000e+00
   1010.292     3.6663     3.6662   3.261819   3.261894     2.1975    -0.3547     0.3678    34.8940 9.2361e+02     156088          7  0.000e+00
   1010.292     3.6663     3.6661   3.261838   3.261894     2.1975    -0.3743     0.3678    34.8943 9.2361e+02     156089          7  0.000e+00
   1010.349     3.6663     3.6662   3.261832   3.261864     2.1975    -0.3547     0.3678    34.8942 9.2586e+02     156090          7  0.000e+00
   1010.292     3.6663     3.6661   3.261813   3.261894     2.1975    -0.3547     0.3726    34.8940 9.2586e+02     156091          7  0.000e+00
   1010.292     3.6661     3.6662   3.261801   3.261864     2.1975    -0.3743     0.3678    34.8940 9.2586e+02     156092          7  0.000e+00
   1010.349     3.6663     3.6664   3.261826   3.261864     2.1975    -0.3743     0.3678    34.8941 9.2810e+02     156093          7  0.000e+00
   1010.292     3.6663     3.6662   3.261794   3.261894     2.1975    -0.3743     0.3678    34.8937 9.2586e+02     156094          7  0.000e+00
   1010.292     3.6663     3.6662   3.261794   3.261864     2.1975    -0.3547     0.3678    34.8937 9.2810e+02     156095          7  0.000e+00
   1010.292     3.6663     3.6662   3.261826   3.261894     2.1975    -0.3743     0.3678    34.8941 9.2810e+02     156096          7  0.000e+00
   1010.292     3.6663     3.6662   3.261838   3.261894     2.1975    -0.3743     0.3678    34.8943 9.2586e+02     156097          7  0.000e+00
   1010.292     3.6663     3.6664   3.261813   3.261834     2.1975    -0.3743     0.3678    34.8940 9.2586e+02     156098          7  0.000e+00
   1010.292     3.6661     3.6664   3.261801   3.261894     2.1975    -0.3743     0.3629    34.8940 9.2810e+02     156099          7  0.000e+00
   1010.292     3.6663     3.6662   3.261807   3.261924     2.1975    -0.3938     0.3629    34.8939 9.2810e+02     156100          7  0.000e+00
   1010.105     3.6661     3.6664   3.261782   3.261924     2.1975    -0.3938     0.3629    34.8938 9.2810e+02     156101          7  0.000e+00
   1010.471     3.6661     3.6662   3.261813   3.261894     2.1975    -0.3938     0.3629    34.8940 9.2810e+02     156102          7  0.000e+00
   1010.292     3.6661     3.6662   3.261813   3.261894     2.1975    -0.3938     0.3629    34.8941 9.2810e+02     156103          7  0.000e+00
   1010.292     3.6663     3.6662   3.261807   3.261834     2.1975    -0.3938     0.3629    34.8939 9.2810e+02     156104          7  0.000e+00
   1010.292     3.6660     3.6662   3.261801   3.261864     2.1975    -0.3938     0.3629    34.8941 9.2810e+02     156105          7  0.000e+00
