Ship_data/Irminger/Irminger-5/ctd/process/ar30-03011.cnv
* Sea-Bird SBE 9 Data File:
* FileName = D:\Data\ar30-03011.hdr
* Software Version Seasave V 7.23.2
* Temperature SN = 4312
* Conductivity SN = 2148
* Number of Bytes Per Scan = 44
* Number of Voltage Words = 5
* Number of Scans Averaged by the Deck Unit = 1
* NMEA Latitude = 59 39.70 N
* NMEA Longitude = 038 37.20 W
* NMEA UTC (Time) = Jun 13 2018  13:11:35
** Cruise ID: ar30-03
** Chief Sci: Macdonald
** Station #: 011
** Site ID: Irminger 5 OSNAP M4
** cast near OSNAP M4 mooring
# nquan = 18
# nvalues = 5984                        
# units = specified
# name 0 = prDM: Pressure, Digiquartz [db]
# name 1 = t090C: Temperature [ITS-90, deg C]
# name 2 = t190C: Temperature, 2 [ITS-90, deg C]
# name 3 = c0S/m: Conductivity [S/m]
# name 4 = c1S/m: Conductivity, 2 [S/m]
# name 5 = sbeox0V: Oxygen raw, SBE 43 [V]
# name 6 = flECO-AFL: Fluorescence, WET Labs ECO-AFL/FL [mg/m^3]
# name 7 = turbWETntu0: Turbidity, WET Labs ECO [NTU]
# name 8 = sal00: Salinity, Practical [PSU]
# name 9 = spar: SPAR/Surface Irradiance
# name 10 = depSM: Depth [salt water, m], lat = 59.6617
# name 11 = sal00: Salinity, Practical [PSU]
# name 12 = sal11: Salinity, Practical, 2 [PSU]
# name 13 = sbeox0ML/L: Oxygen, SBE 43 [ml/l], WS = 2
# name 14 = svCM: Sound Velocity [Chen-Millero, m/s]
# name 15 = sigma-é00: Density [sigma-theta, kg/m^3]
# name 16 = sigma-é11: Density, 2 [sigma-theta, kg/m^3]
# name 17 = flag: flag
# span 0 =      4.000,   2996.000       
# span 1 =     1.4946,     5.4530       
# span 2 =     1.4915,     5.4354       
# span 3 =   3.150083,   3.371218       
# span 4 =   3.149841,   3.369708       
# span 5 =     1.4924,     2.7393       
# span 6 =    -0.4164,     1.6192       
# span 7 =     0.3398,     0.6329       
# span 8 =    34.5319,    34.9317       
# span 9 = 9.3486e+02, 2.2297e+03       
# span 10 =      3.962,   2946.881      
# span 11 =    34.5356,    34.9316      
# span 12 =    34.8199,    34.9317      
# span 13 =     4.4683,     7.1385      
# span 14 =    1467.96,    1508.12      
# span 15 =    27.4788,    27.9574      
# span 16 =    27.4817,    27.9361      
# span 17 = 0.0000e+00, 0.0000e+00      
# interval = decibars: 1                
# start_time = Jun 13 2018 13:11:35 [System UTC, first data scan.]
# bad_flag = -9.990e-29
*END*
[from data line 4905]
   1083.000     3.3540     3.3538   3.234713   3.234781     2.1765    -0.3925     0.3630    34.8648 1.0742e+03   1070.029    34.8646    34.8656     6.4782    1481.56    27.7510    27.7519 0.0000e+00
   1082.000     3.3555     3.3546   3.234818   3.234815     2.1773    -0.3889     0.3682    34.8648 1.0753e+03   1069.044    34.8648    34.8656     6.4803    1481.55    27.7511    27.7518 0.0000e+00
   1081.000     3.3559     3.3558   3.234791   3.234892     2.1774    -0.3700     0.3729    34.8648 1.0761e+03   1068.058    34.8646    34.8658     6.4799    1481.54    27.7508    27.7519 0.0000e+00
   1080.000     3.3539     3.3535   3.234574   3.234621     2.1782    -0.3907     0.3680    34.8649 1.0756e+03   1067.073    34.8646    34.8655     6.4823    1481.51    27.7510    27.7518 0.0000e+00
   1079.000     3.3520     3.3518   3.234318   3.234389     2.1786    -0.3897     0.3674    34.8644 1.0741e+03   1066.088    34.8640    34.8651     6.4834    1481.49    27.7508    27.7517 0.0000e+00
   1078.000     3.3508     3.3507   3.234149   3.234231     2.1793    -0.3903     0.3631    34.8641 1.0724e+03   1065.102    34.8638    34.8649     6.4858    1481.46    27.7507    27.7516 0.0000e+00
   1077.000     3.3499     3.3497   3.234008   3.234089     2.1802    -0.3917     0.3728    34.8639 1.0701e+03   1064.116    34.8636    34.8647     6.4885    1481.44    27.7506    27.7515 0.0000e+00
   1076.000     3.3494     3.3491   3.233919   3.233983     2.1811    -0.3895     0.3654    34.8639 1.0682e+03   1063.131    34.8636    34.8646     6.4910    1481.42    27.7506    27.7515 0.0000e+00
   1075.000     3.3490     3.3488   3.233842   3.233899     2.1816    -0.3910     0.3657    34.8638 1.0668e+03   1062.146    34.8635    34.8645     6.4923    1481.41    27.7506    27.7514 0.0000e+00
   1074.000     3.3486     3.3487   3.233758   3.233852     2.1822    -0.3912     0.3655    34.8637 1.0677e+03   1061.160    34.8635    34.8646     6.4940    1481.39    27.7506    27.7515 0.0000e+00
   1073.000     3.3486     3.3487   3.233716   3.233810     2.1824    -0.3732     0.3627    34.8637 1.0722e+03   1060.174    34.8635    34.8646     6.4937    1481.37    27.7506    27.7515 0.0000e+00
   1072.000     3.3480     3.3479   3.233600   3.233687     2.1827    -0.3675     0.3629    34.8635 1.0753e+03   1059.189    34.8633    34.8644     6.4945    1481.35    27.7505    27.7514 0.0000e+00
   1071.000     3.3481     3.3481   3.233574   3.233657     2.1833    -0.3694     0.3677    34.8635 1.0748e+03   1058.203    34.8634    34.8643     6.4957    1481.34    27.7505    27.7513 0.0000e+00
   1070.000     3.3480     3.3481   3.233522   3.233617     2.1835    -0.3701     0.3646    34.8635 1.0726e+03   1057.218    34.8634    34.8645     6.4956    1481.32    27.7505    27.7514 0.0000e+00
   1069.000     3.3478     3.3478   3.233459   3.233537     2.1835    -0.3678     0.3654    34.8635 1.0674e+03   1056.232    34.8633    34.8643     6.4948    1481.30    27.7505    27.7513 0.0000e+00
   1068.000     3.3475     3.3474   3.233392   3.233470     2.1837    -0.3642     0.3651    34.8635 1.0582e+03   1055.247    34.8634    34.8644     6.4947    1481.28    27.7506    27.7514 0.0000e+00
   1067.000     3.3474     3.3473   3.233326   3.233402     2.1840    -0.3846     0.3668    34.8634 1.0549e+03   1054.261    34.8633    34.8643     6.4951    1481.27    27.7505    27.7513 0.0000e+00
   1066.000     3.3468     3.3468   3.233232   3.233328     2.1847    -0.3929     0.3682    34.8633 1.0601e+03   1053.276    34.8632    34.8644     6.4971    1481.25    27.7505    27.7514 0.0000e+00
   1065.000     3.3473     3.3472   3.233233   3.233318     2.1847    -0.3748     0.3688    34.8633 1.0689e+03   1052.290    34.8632    34.8644     6.4961    1481.23    27.7504    27.7514 0.0000e+00
   1064.000     3.3472     3.3470   3.233173   3.233257     2.1854    -0.3833     0.3641    34.8633 1.0752e+03   1051.305    34.8632    34.8643     6.4982    1481.22    27.7504    27.7514 0.0000e+00
   1063.000     3.3474     3.3473   3.233148   3.233236     2.1858    -0.3891     0.3672    34.8633 1.0749e+03   1050.319    34.8632    34.8644     6.4989    1481.20    27.7504    27.7514 0.0000e+00
   1062.000     3.3474     3.3472   3.233114   3.233190     2.1861    -0.3883     0.3650    34.8633 1.0636e+03   1049.333    34.8633    34.8644     6.4990    1481.18    27.7505    27.7514 0.0000e+00
   1061.000     3.3475     3.3473   3.233071   3.233149     2.1869    -0.3904     0.3677    34.8632 1.0463e+03   1048.348    34.8631    34.8643     6.5014    1481.17    27.7503    27.7513 0.0000e+00
   1060.000     3.3476     3.3473   3.233037   3.233113     2.1871    -0.3693     0.3687    34.8632 1.0440e+03   1047.362    34.8632    34.8643     6.5013    1481.15    27.7504    27.7513 0.0000e+00
   1059.000     3.3476     3.3476   3.232993   3.233087     2.1872    -0.3863     0.3685    34.8632 1.0545e+03   1046.377    34.8631    34.8643     6.5009    1481.13    27.7503    27.7512 0.0000e+00
   1058.000     3.3474     3.3474   3.232937   3.233029     2.1874    -0.3897     0.3662    34.8633 1.0656e+03   1045.391    34.8632    34.8643     6.5008    1481.12    27.7504    27.7512 0.0000e+00
   1057.000     3.3478     3.3479   3.232954   3.233032     2.1877    -0.3897     0.3629    34.8634 1.0730e+03   1044.406    34.8635    34.8644     6.5011    1481.10    27.7505    27.7512 0.0000e+00
   1056.000     3.3490     3.3488   3.232996   3.233087     2.1882    -0.3887     0.3629    34.8632 1.0735e+03   1043.420    34.8633    34.8645     6.5017    1481.09    27.7503    27.7513 0.0000e+00
   1055.000     3.3496     3.3493   3.233042   3.233089     2.1883    -0.3659     0.3633    34.8635 1.0655e+03   1042.434    34.8636    34.8646     6.5013    1481.08    27.7505    27.7513 0.0000e+00
   1054.000     3.3499     3.3497   3.233023   3.233089     2.1883    -0.3942     0.3667    34.8636 1.0527e+03   1041.449    34.8637    34.8646     6.5004    1481.06    27.7505    27.7513 0.0000e+00
   1053.000     3.3506     3.3506   3.233045   3.233131     2.1887    -0.3931     0.3667    34.8636 1.0500e+03   1040.463    34.8636    34.8647     6.5008    1481.05    27.7504    27.7513 0.0000e+00
   1052.000     3.3513     3.3514   3.233072   3.233166     2.1892    -0.3735     0.3681    34.8637 1.0539e+03   1039.477    34.8638    34.8647     6.5020    1481.03    27.7504    27.7512 0.0000e+00
   1051.000     3.3511     3.3503   3.232981   3.233000     2.1892    -0.3910     0.3631    34.8635 1.0589e+03   1038.492    34.8634    34.8645     6.5009    1481.02    27.7502    27.7511 0.0000e+00
   1050.000     3.3509     3.3501   3.232914   3.232939     2.1894    -0.3926     0.3673    34.8634 1.0640e+03   1037.506    34.8633    34.8644     6.5009    1481.00    27.7501    27.7510 0.0000e+00
   1049.000     3.3488     3.3482   3.232657   3.232698     2.1895    -0.3898     0.3691    34.8634 1.0675e+03   1036.521    34.8630    34.8641     6.5010    1480.97    27.7500    27.7510 0.0000e+00
   1048.000     3.3468     3.3465   3.232417   3.232477     2.1898    -0.3910     0.3695    34.8631 1.0704e+03   1035.535    34.8627    34.8638     6.5015    1480.95    27.7500    27.7508 0.0000e+00
   1047.000     3.3460     3.3458   3.232308   3.232376     2.1895    -0.3794     0.3684    34.8631 1.0713e+03   1034.549    34.8629    34.8639     6.4998    1480.93    27.7502    27.7510 0.0000e+00
   1046.000     3.3467     3.3461   3.232353   3.232383     2.1905    -0.3767     0.3658    34.8632 1.0572e+03   1033.564    34.8632    34.8641     6.5025    1480.91    27.7503    27.7511 0.0000e+00
   1045.000     3.3474     3.3471   3.232341   3.232420     2.1920    -0.3842     0.3642    34.8629 1.0483e+03   1032.578    34.8628    34.8640     6.5074    1480.90    27.7499    27.7510 0.0000e+00
   1044.000     3.3473     3.3472   3.232302   3.232384     2.1919    -0.3675     0.3684    34.8630 1.0512e+03   1031.592    34.8630    34.8640     6.5064    1480.88    27.7501    27.7509 0.0000e+00
   1043.000     3.3478     3.3484   3.232343   3.232450     2.1919    -0.3668     0.3685    34.8633 1.0543e+03   1030.607    34.8634    34.8640     6.5054    1480.87    27.7504    27.7508 0.0000e+00
   1042.000     3.3496     3.3503   3.232471   3.232618     2.1920    -0.3683     0.3678    34.8633 1.0590e+03   1029.621    34.8636    34.8646     6.5046    1480.86    27.7503    27.7511 0.0000e+00
   1041.000     3.3508     3.3509   3.232561   3.232631     2.1922    -0.3843     0.3688    34.8637 1.0636e+03   1028.635    34.8638    34.8646     6.5041    1480.85    27.7504    27.7510 0.0000e+00
   1040.000     3.3506     3.3505   3.232495   3.232569     2.1922    -0.3902     0.3681    34.8638 1.0670e+03   1027.650    34.8638    34.8648     6.5033    1480.83    27.7504    27.7512 0.0000e+00
   1039.000     3.3504     3.3501   3.232411   3.232499     2.1921    -0.3780     0.3661    34.8636 1.0636e+03   1026.664    34.8636    34.8648     6.5022    1480.82    27.7502    27.7513 0.0000e+00
   1038.000     3.3504     3.3504   3.232380   3.232446     2.1929    -0.3630     0.3660    34.8636 1.0544e+03   1025.678    34.8637    34.8644     6.5044    1480.80    27.7503    27.7509 0.0000e+00
   1037.000     3.3478     3.3475   3.232029   3.232117     2.1932    -0.3863     0.3681    34.8632 1.0495e+03   1024.693    34.8627    34.8641     6.5052    1480.77    27.7498    27.7510 0.0000e+00
   1036.000     3.3469     3.3481   3.231964   3.232140     2.1934    -0.3940     0.3689    34.8631 1.0503e+03   1023.707    34.8634    34.8642     6.5053    1480.75    27.7504    27.7510 0.0000e+00
   1035.000     3.3509     3.3511   3.232322   3.232386     2.1937    -0.3854     0.3692    34.8636 1.0525e+03   1022.721    34.8639    34.8645     6.5050    1480.75    27.7505    27.7509 0.0000e+00
   1034.000     3.3518     3.3515   3.232345   3.232393     2.1941    -0.3686     0.3628    34.8638 1.0553e+03   1021.736    34.8638    34.8647     6.5053    1480.74    27.7502    27.7510 0.0000e+00
   1033.000     3.3510     3.3501   3.232191   3.232221     2.1943    -0.3755     0.3647    34.8637 1.0565e+03   1020.750    34.8634    34.8646     6.5056    1480.72    27.7500    27.7511 0.0000e+00
   1032.000     3.3485     3.3483   3.231930   3.232007     2.1942    -0.3821     0.3669    34.8635 1.0576e+03   1019.764    34.8633    34.8645     6.5048    1480.69    27.7502    27.7511 0.0000e+00
   1031.000     3.3488     3.3490   3.231923   3.232029     2.1944    -0.3922     0.3647    34.8635 1.0573e+03   1018.778    34.8635    34.8646     6.5045    1480.68    27.7503    27.7511 0.0000e+00
   1030.000     3.3497     3.3496   3.231961   3.232044     2.1948    -0.3977     0.3669    34.8635 1.0595e+03   1017.793    34.8635    34.8646     6.5053    1480.66    27.7502    27.7510 0.0000e+00
   1029.000     3.3498     3.3498   3.231930   3.232010     2.1953    -0.3890     0.3685    34.8636 1.0577e+03   1016.807    34.8635    34.8645     6.5063    1480.65    27.7502    27.7510 0.0000e+00
   1028.000     3.3499     3.3498   3.231891   3.231963     2.1955    -0.3895     0.3689    34.8635 1.0537e+03   1015.821    34.8634    34.8645     6.5062    1480.63    27.7501    27.7510 0.0000e+00
   1027.000     3.3504     3.3508   3.231922   3.232026     2.1959    -0.3901     0.3685    34.8637 1.0513e+03   1014.836    34.8638    34.8646     6.5065    1480.62    27.7504    27.7509 0.0000e+00
   1026.000     3.3525     3.3531   3.232104   3.232219     2.1963    -0.3870     0.3631    34.8640 1.0506e+03   1013.850    34.8643    34.8650     6.5068    1480.61    27.7505    27.7510 0.0000e+00
   1025.000     3.3548     3.3544   3.232259   3.232294     2.1964    -0.3908     0.3629    34.8640 1.0531e+03   1012.864    34.8642    34.8651     6.5059    1480.60    27.7502    27.7510 0.0000e+00
   1024.000     3.3552     3.3550   3.232251   3.232314     2.1964    -0.3695     0.3631    34.8641 1.0570e+03   1011.878    34.8642    34.8652     6.5052    1480.59    27.7502    27.7510 0.0000e+00
   1023.000     3.3552     3.3552   3.232212   3.232305     2.1965    -0.3907     0.3681    34.8642 1.0593e+03   1010.893    34.8643    34.8654     6.5046    1480.57    27.7502    27.7511 0.0000e+00
   1022.000     3.3549     3.3549   3.232140   3.232229     2.1967    -0.3965     0.3631    34.8642 1.0610e+03   1009.907    34.8642    34.8653     6.5045    1480.55    27.7502    27.7511 0.0000e+00
   1021.000     3.3552     3.3552   3.232140   3.232208     2.1963    -0.4102     0.3634    34.8643 1.0614e+03   1008.921    34.8644    34.8653     6.5024    1480.54    27.7503    27.7510 0.0000e+00
   1020.000     3.3553     3.3553   3.232091   3.232178     2.1964    -0.3669     0.3683    34.8643 1.0601e+03   1007.935    34.8643    34.8653     6.5016    1480.52    27.7502    27.7510 0.0000e+00
   1019.000     3.3552     3.3551   3.232036   3.232117     2.1967    -0.3854     0.3694    34.8643 1.0559e+03   1006.949    34.8643    34.8653     6.5020    1480.50    27.7502    27.7510 0.0000e+00
   1018.000     3.3548     3.3547   3.231970   3.232056     2.1967    -0.3902     0.3693    34.8644 1.0497e+03   1005.964    34.8644    34.8655     6.5013    1480.49    27.7503    27.7512 0.0000e+00
   1017.000     3.3547     3.3546   3.231908   3.231994     2.1967    -0.3822     0.3672    34.8642 1.0505e+03   1004.978    34.8643    34.8654     6.5004    1480.47    27.7502    27.7511 0.0000e+00
   1016.000     3.3548     3.3548   3.231864   3.231957     2.1971    -0.3792     0.3669    34.8641 1.0646e+03   1003.992    34.8641    34.8652     6.5010    1480.45    27.7501    27.7510 0.0000e+00
   1015.000     3.3552     3.3553   3.231879   3.231975     2.1977    -0.4056     0.3650    34.8643 1.0740e+03   1003.006    34.8644    34.8654     6.5026    1480.44    27.7502    27.7511 0.0000e+00
   1014.000     3.3566     3.3563   3.231974   3.232041     2.1975    -0.3728     0.3679    34.8646 1.0546e+03   1002.021    34.8646    34.8657     6.5005    1480.43    27.7503    27.7512 0.0000e+00
   1013.000     3.3574     3.3569   3.232012   3.232053     2.1978    -0.3702     0.3638    34.8646 1.0744e+03   1001.035    34.8647    34.8657     6.5009    1480.42    27.7503    27.7512 0.0000e+00
   1012.000     3.3539     3.3540   3.231586   3.231699     2.1989    -0.3747     0.3671    34.8639 1.1520e+03   1000.049    34.8638    34.8651     6.5048    1480.38    27.7499    27.7509 0.0000e+00
   1011.000     3.3536     3.3538   3.231515   3.231619     2.1994    -0.3725     0.3630    34.8638 1.1535e+03    999.063    34.8638    34.8648     6.5060    1480.37    27.7499    27.7507 0.0000e+00
   1010.000     3.3540     3.3540   3.231518   3.231597     2.1997    -0.3895     0.3682    34.8639 1.1514e+03    998.077    34.8639    34.8649     6.5062    1480.35    27.7500    27.7507 0.0000e+00
   1009.000     3.3544     3.3544   3.231506   3.231601     2.1999    -0.3876     0.3630    34.8640 1.1503e+03    997.091    34.8640    34.8651     6.5062    1480.34    27.7499    27.7508 0.0000e+00
   1008.000     3.3544     3.3544   3.231473   3.231560     2.2002    -0.3870     0.3633    34.8641 1.1483e+03    996.106    34.8640    34.8651     6.5065    1480.32    27.7500    27.7508 0.0000e+00
   1007.000     3.3544     3.3543   3.231416   3.231496     2.2006    -0.3891     0.3692    34.8639 1.1484e+03    995.120    34.8638    34.8649     6.5070    1480.30    27.7498    27.7507 0.0000e+00
   1006.000     3.3542     3.3540   3.231352   3.231417     2.2014    -0.3869     0.3726    34.8640 1.1478e+03    994.134    34.8638    34.8648     6.5093    1480.28    27.7498    27.7507 0.0000e+00
   1005.000     3.3532     3.3532   3.231220   3.231309     2.2011    -0.3879     0.3700    34.8640 1.1439e+03    993.148    34.8638    34.8649     6.5075    1480.26    27.7499    27.7508 0.0000e+00
