Ship_data/Irminger/Irminger-5/ctd/process/ar30-03003.ros
* Sea-Bird SBE 9 Data File:
* FileName = D:\Data\ar30-03003.hdr
* Software Version Seasave V 7.23.2
* Temperature SN = 4230
* Conductivity SN = 2148
* Number of Bytes Per Scan = 44
* Number of Voltage Words = 5
* Number of Scans Averaged by the Deck Unit = 1
* NMEA Latitude = 60 53.48 N
* NMEA Longitude = 035 21.66 W
* NMEA UTC (Time) = Jun 07 2018  08:19:03
** Cruise ID: ar30-03
** Chief Sci: Macdonald
** Station #: 003
** Site ID: Irminger 5 OSNAP caldip
** 14 microcats attached to ctd
# nquan = 13
# nvalues = 833                                   
# units = specified
# name 0 = prDM: Pressure, Digiquartz [db]
# name 1 = t090C: Temperature [ITS-90, deg C]
# name 2 = t190C: Temperature, 2 [ITS-90, deg C]
# name 3 = c0S/m: Conductivity [S/m]
# name 4 = c1S/m: Conductivity, 2 [S/m]
# name 5 = sbeox0V: Oxygen raw, SBE 43 [V]
# name 6 = flECO-AFL: Fluorescence, WET Labs ECO-AFL/FL [mg/m^3]
# name 7 = turbWETntu0: Turbidity, WET Labs ECO [NTU]
# name 8 = sal00: Salinity, Practical [PSU]
# name 9 = spar: SPAR/Surface Irradiance
# name 10 = scan: Scan Count
# name 11 = nbf: Bottles Fired
# name 12 = flag:  0.000e+00
# interval = seconds: 0.0416667
# start_time = Jun 07 2018 08:19:03 [System UTC, first data scan.]
# bad_flag = -9.990e-29
*END*
[from data line 112]
   2028.725     3.4604     3.4614   3.289817   3.289811     1.8670    -0.3743     0.3580    34.9402 1.9416e+03     133973          3  0.000e+00
   2028.750     3.4603     3.4613   3.289798   3.289781     1.8670    -0.3938     0.3580    34.9400 1.9349e+03     133974          3  0.000e+00
   2028.684     3.4603     3.4613   3.289779   3.289805     1.8670    -0.3938     0.3580    34.9398 1.9416e+03     133975          3  0.000e+00
   2028.725     3.4602     3.4615   3.289798   3.289781     1.8670    -0.3938     0.3580    34.9401 1.9461e+03     133976          3  0.000e+00
   2028.684     3.4603     3.4613   3.289786   3.289781     1.8670    -0.3938     0.3580    34.9399 1.9461e+03     133977          3  0.000e+00
   2028.750     3.4604     3.4614   3.289792   3.289775     1.8670    -0.3938     0.3580    34.9399 1.9483e+03     133978          3  0.000e+00
   2028.725     3.4602     3.4613   3.289786   3.289781     1.8670    -0.3938     0.3580    34.9400 1.9506e+03     133979          3  0.000e+00
   2028.750     3.4603     3.4615   3.289798   3.289781     1.8670    -0.3938     0.3580    34.9400 1.9394e+03     133980          3  0.000e+00
   2028.725     3.4604     3.4616   3.289805   3.289781     1.8670    -0.3938     0.3580    34.9400 1.9326e+03     133981          3  0.000e+00
   2028.750     3.4603     3.4615   3.289805   3.289805     1.8670    -0.3938     0.3580    34.9401 1.9326e+03     133982          3  0.000e+00
   2028.750     3.4604     3.4616   3.289786   3.289811     1.8670    -0.3938     0.3629    34.9398 1.9461e+03     133983          3  0.000e+00
   2028.792     3.4605     3.4615   3.289779   3.289781     1.8670    -0.3743     0.3580    34.9396 1.9394e+03     133984          3  0.000e+00
   2028.750     3.4605     3.4613   3.289817   3.289805     1.8670    -0.3743     0.3580    34.9400 1.9259e+03     133985          3  0.000e+00
   2028.808     3.4606     3.4614   3.289798   3.289841     1.8670    -0.3547     0.3580    34.9397 1.9416e+03     133986          3  0.000e+00
   2028.792     3.4600     3.4613   3.289798   3.289781     1.8670    -0.3547     0.3580    34.9403 1.9438e+03     133987          3  0.000e+00
   2028.808     3.4602     3.4614   3.289786   3.289775     1.8670    -0.3547     0.3580    34.9399 1.9371e+03     133988          3  0.000e+00
   2028.808     3.4602     3.4613   3.289779   3.289781     1.8670    -0.3547     0.3580    34.9399 1.9506e+03     133989          3  0.000e+00
   2028.792     3.4603     3.4612   3.289798   3.289781     1.8670    -0.3743     0.3580    34.9400 1.9686e+03     133990          3  0.000e+00
   2028.874     3.4602     3.4613   3.289786   3.289775     1.8670    -0.3547     0.3580    34.9399 1.9596e+03     133991          3  0.000e+00
   2028.808     3.4602     3.4612   3.289798   3.289811     1.8670    -0.3547     0.3580    34.9401 1.9259e+03     133992          3  0.000e+00
   2028.916     3.4602     3.4613   3.289805   3.289751     1.8670    -0.3743     0.3629    34.9402 1.9101e+03     133993          3  0.000e+00
   2028.874     3.4601     3.4609   3.289786   3.289805     1.8670    -0.3743     0.3580    34.9401 1.9101e+03     133994          3  0.000e+00
   2028.858     3.4602     3.4615   3.289792   3.289811     1.8670    -0.3743     0.3580    34.9400 1.9236e+03     133995          3  0.000e+00
   2028.941     3.4602     3.4614   3.289786   3.289811     1.8670    -0.3547     0.3629    34.9399 1.9371e+03     133996          3  0.000e+00
   2028.941     3.4602     3.4615   3.289817   3.289835     1.8670    -0.3547     0.3580    34.9403 1.9506e+03     133997          3  0.000e+00
   2028.982     3.4602     3.4615   3.289773   3.289781     1.8670    -0.3547     0.3580    34.9397 1.9573e+03     133998          3  0.000e+00
   2028.941     3.4601     3.4614   3.289811   3.289811     1.8670    -0.3547     0.3629    34.9403 1.9596e+03     133999          3  0.000e+00
   2028.999     3.4600     3.4613   3.289798   3.289781     1.8670    -0.3547     0.3629    34.9402 1.9573e+03     134000          3  0.000e+00
   2029.040     3.4601     3.4616   3.289798   3.289805     1.8670    -0.3743     0.3580    34.9401 1.9551e+03     134001          3  0.000e+00
   2028.999     3.4602     3.4613   3.289786   3.289781     1.8670    -0.3743     0.3580    34.9399 1.9596e+03     134002          3  0.000e+00
   2029.065     3.4600     3.4613   3.289817   3.289811     1.8670    -0.3743     0.3580    34.9404 1.9506e+03     134003          3  0.000e+00
   2029.106     3.4599     3.4613   3.289773   3.289775     1.8670    -0.3743     0.3580    34.9400 1.9506e+03     134004          3  0.000e+00
   2029.065     3.4602     3.4615   3.289767   3.289811     1.8670    -0.3547     0.3580    34.9396 1.9326e+03     134005          3  0.000e+00
   2029.123     3.4599     3.4613   3.289779   3.289811     1.8670    -0.3743     0.3580    34.9400 1.9304e+03     134006          3  0.000e+00
   2029.164     3.4602     3.4614   3.289798   3.289775     1.8670    -0.3743     0.3580    34.9400 1.9461e+03     134007          3  0.000e+00
   1623.761     3.5142     3.5151   3.274429   3.274415     2.0076    -0.3743     0.3629    34.8968 8.1574e+02     152745          4  0.000e+00
   1623.761     3.5145     3.5150   3.274398   3.274445     2.0076    -0.3743     0.3629    34.8961 8.1574e+02     152746          4  0.000e+00
   1623.695     3.5143     3.5151   3.274404   3.274427     2.0076    -0.3547     0.3629    34.8963 8.1574e+02     152747          4  0.000e+00
   1623.827     3.5143     3.5153   3.274435   3.274445     2.0076    -0.3743     0.3678    34.8966 8.1574e+02     152748          4  0.000e+00
   1623.761     3.5142     3.5151   3.274423   3.274475     2.0076    -0.3743     0.3629    34.8967 8.1574e+02     152749          4  0.000e+00
   1623.695     3.5143     3.5151   3.274416   3.274397     2.0088    -0.3547     0.3629    34.8965 8.1574e+02     152750          4  0.000e+00
   1623.827     3.5143     3.5151   3.274461   3.274445     2.0076    -0.3547     0.3629    34.8969 8.1574e+02     152751          4  0.000e+00
   1623.695     3.5143     3.5153   3.274435   3.274415     2.0076    -0.3743     0.3629    34.8967 8.1574e+02     152752          4  0.000e+00
   1623.761     3.5143     3.5151   3.274417   3.274445     2.0076    -0.3743     0.3629    34.8964 8.1574e+02     152753          4  0.000e+00
   1623.827     3.5143     3.5151   3.274435   3.274398     2.0088    -0.3547     0.3629    34.8966 8.1799e+02     152754          4  0.000e+00
   1623.761     3.5143     3.5151   3.274448   3.274445     2.0088    -0.3547     0.3629    34.8968 8.1574e+02     152755          4  0.000e+00
   1623.761     3.5145     3.5151   3.274467   3.274415     2.0088    -0.3743     0.3629    34.8969 8.1574e+02     152756          4  0.000e+00
   1623.761     3.5145     3.5151   3.274435   3.274445     2.0076    -0.3743     0.3629    34.8965 8.1799e+02     152757          4  0.000e+00
   1623.761     3.5143     3.5150   3.274435   3.274427     2.0088    -0.3938     0.3629    34.8967 8.1799e+02     152758          4  0.000e+00
   1623.695     3.5143     3.5148   3.274448   3.274415     2.0076    -0.3743     0.3629    34.8969 8.1799e+02     152759          4  0.000e+00
   1623.827     3.5143     3.5148   3.274429   3.274386     2.0088    -0.3938     0.3629    34.8966 8.1574e+02     152760          4  0.000e+00
   1623.695     3.5143     3.5150   3.274435   3.274445     2.0088    -0.3938     0.3629    34.8967 8.1799e+02     152761          4  0.000e+00
   1623.761     3.5142     3.5150   3.274442   3.274427     2.0088    -0.3938     0.3629    34.8969 8.1799e+02     152762          4  0.000e+00
   1623.761     3.5145     3.5148   3.274448   3.274415     2.0076    -0.3938     0.3629    34.8967 8.1799e+02     152763          4  0.000e+00
   1623.761     3.5143     3.5148   3.274448   3.274415     2.0088    -0.3938     0.3629    34.8968 8.1799e+02     152764          4  0.000e+00
   1623.761     3.5145     3.5150   3.274404   3.274427     2.0076    -0.3938     0.3629    34.8961 8.1799e+02     152765          4  0.000e+00
   1623.703     3.5143     3.5148   3.274404   3.274445     2.0088    -0.3938     0.3629    34.8963 8.1799e+02     152766          4  0.000e+00
   1623.761     3.5143     3.5150   3.274435   3.274415     2.0088    -0.3743     0.3629    34.8967 8.1799e+02     152767          4  0.000e+00
   1623.514     3.5143     3.5150   3.274404   3.274445     2.0088    -0.3938     0.3629    34.8964 8.1799e+02     152768          4  0.000e+00
   1623.942     3.5143     3.5150   3.274404   3.274457     2.0076    -0.3938     0.3629    34.8962 8.1799e+02     152769          4  0.000e+00
   1623.695     3.5143     3.5150   3.274416   3.274445     2.0076    -0.3743     0.3629    34.8965 8.2024e+02     152770          4  0.000e+00
   1623.703     3.5146     3.5150   3.274461   3.274445     2.0088    -0.3743     0.3629    34.8967 8.1799e+02     152771          4  0.000e+00
   1623.695     3.5143     3.5150   3.274435   3.274386     2.0088    -0.3938     0.3629    34.8967 8.2024e+02     152772          4  0.000e+00
   1623.695     3.5146     3.5151   3.274435   3.274457     2.0088    -0.3938     0.3629    34.8964 8.2024e+02     152773          4  0.000e+00
   1623.703     3.5145     3.5150   3.274442   3.274415     2.0076    -0.3938     0.3629    34.8966 8.1799e+02     152774          4  0.000e+00
   1623.695     3.5145     3.5151   3.274448   3.274415     2.0076    -0.3938     0.3629    34.8967 8.2024e+02     152775          4  0.000e+00
   1623.695     3.5145     3.5151   3.274429   3.274427     2.0076    -0.3938     0.3629    34.8965 8.2024e+02     152776          4  0.000e+00
   1623.638     3.5143     3.5151   3.274416   3.274415     2.0076    -0.3938     0.3629    34.8965 8.2024e+02     152777          4  0.000e+00
   1623.695     3.5145     3.5151   3.274435   3.274415     2.0088    -0.3938     0.3629    34.8965 8.2024e+02     152778          4  0.000e+00
   1623.695     3.5143     3.5151   3.274467   3.274445     2.0088    -0.3938     0.3629    34.8971 8.2024e+02     152779          4  0.000e+00
   1623.638     3.5145     3.5148   3.274429   3.274427     2.0088    -0.3938     0.3629    34.8965 8.2024e+02     152780          4  0.000e+00
   1623.638     3.5145     3.5151   3.274410   3.274445     2.0088    -0.3938     0.3629    34.8963 8.2024e+02     152781          4  0.000e+00
   1623.638     3.5143     3.5151   3.274416   3.274415     2.0076    -0.3938     0.3629    34.8965 8.2024e+02     152782          4  0.000e+00
   1623.638     3.5146     3.5153   3.274416   3.274445     2.0076    -0.3938     0.3629    34.8962 8.2024e+02     152783          4  0.000e+00
   1623.638     3.5145     3.5150   3.274435   3.274427     2.0076    -0.3938     0.3629    34.8966 8.2024e+02     152784          4  0.000e+00
   1623.638     3.5145     3.5150   3.274429   3.274415     2.0088    -0.3743     0.3629    34.8965 8.2024e+02     152785          4  0.000e+00
   1623.580     3.5146     3.5151   3.274454   3.274445     2.0088    -0.3938     0.3629    34.8966 8.2024e+02     152786          4  0.000e+00
   1623.572     3.5142     3.5151   3.274454   3.274415     2.0088    -0.3938     0.3629    34.8972 8.2024e+02     152787          4  0.000e+00
   1623.638     3.5145     3.5153   3.274404   3.274397     2.0088    -0.3938     0.3629    34.8962 8.2024e+02     152788          4  0.000e+00
   1623.638     3.5146     3.5153   3.274429   3.274445     2.0076    -0.3938     0.3629    34.8963 8.2024e+02     152789          4  0.000e+00
   1623.572     3.5146     3.5153   3.274429   3.274445     2.0076    -0.3938     0.3629    34.8964 8.2024e+02     152790          4  0.000e+00
   1623.506     3.5142     3.5151   3.274416   3.274427     2.0076    -0.3743     0.3629    34.8967 8.2248e+02     152791          4  0.000e+00
   1623.580     3.5143     3.5151   3.274391   3.274445     2.0076    -0.3743     0.3629    34.8962 8.2024e+02     152792          4  0.000e+00
   1623.572     3.5143     3.5151   3.274429   3.274415     2.0076    -0.3938     0.3629    34.8967 8.2248e+02     152793          4  0.000e+00
   1317.344     3.3741     3.3747   3.246362   3.246376     2.1439    -0.3743     0.3629    34.8632 6.6068e+02     168642          5  0.000e+00
   1317.254     3.3743     3.3745   3.246356   3.246305     2.1439    -0.3547     0.3629    34.8630 6.6068e+02     168643          5  0.000e+00
   1317.467     3.3743     3.3747   3.246356   3.246406     2.1451    -0.3547     0.3629    34.8629 6.6068e+02     168644          5  0.000e+00
   1317.377     3.3741     3.3745   3.246381   3.246394     2.1451    -0.3547     0.3629    34.8634 6.6068e+02     168645          5  0.000e+00
   1317.532     3.3740     3.3744   3.246356   3.246317     2.1451    -0.3743     0.3629    34.8632 6.6068e+02     168646          5  0.000e+00
   1317.467     3.3741     3.3746   3.246356   3.246376     2.1439    -0.3743     0.3678    34.8630 6.6068e+02     168647          5  0.000e+00
   1317.500     3.3741     3.3744   3.246362   3.246364     2.1451    -0.3743     0.3678    34.8631 6.6068e+02     168648          5  0.000e+00
   1317.532     3.3741     3.3747   3.246362   3.246376     2.1451    -0.3743     0.3678    34.8631 6.6068e+02     168649          5  0.000e+00
   1317.565     3.3741     3.3744   3.246362   3.246364     2.1451    -0.3938     0.3726    34.8631 6.6068e+02     168650          5  0.000e+00
   1317.655     3.3743     3.3747   3.246381   3.246376     2.1451    -0.3938     0.3678    34.8631 6.6068e+02     168651          5  0.000e+00
   1317.655     3.3741     3.3747   3.246381   3.246364     2.1451    -0.3938     0.3726    34.8633 6.6068e+02     168652          5  0.000e+00
   1317.745     3.3741     3.3745   3.246369   3.246436     2.1439    -0.3938     0.3678    34.8631 6.6068e+02     168653          5  0.000e+00
   1317.713     3.3741     3.3745   3.246362   3.246394     2.1451    -0.3938     0.3726    34.8630 6.6068e+02     168654          5  0.000e+00
   1317.811     3.3741     3.3745   3.246362   3.246376     2.1451    -0.3938     0.3726    34.8629 6.6068e+02     168655          5  0.000e+00
   1317.835     3.3741     3.3747   3.246362   3.246364     2.1451    -0.3743     0.3678    34.8629 6.6068e+02     168656          5  0.000e+00
   1317.835     3.3741     3.3745   3.246381   3.246376     2.1439    -0.3938     0.3726    34.8632 6.6068e+02     168657          5  0.000e+00
   1317.934     3.3740     3.3745   3.246375   3.246394     2.1451    -0.3938     0.3678    34.8632 6.6068e+02     168658          5  0.000e+00
   1317.958     3.3741     3.3745   3.246363   3.246376     2.1451    -0.3938     0.3726    34.8629 6.6068e+02     168659          5  0.000e+00
   1317.999     3.3741     3.3745   3.246369   3.246364     2.1451    -0.3938     0.3726    34.8629 6.6068e+02     168660          5  0.000e+00
   1318.024     3.3740     3.3747   3.246369   3.246406     2.1451    -0.3938     0.3726    34.8631 6.6068e+02     168661          5  0.000e+00
   1318.081     3.3738     3.3745   3.246407   3.246394     2.1451    -0.3938     0.3678    34.8637 6.6068e+02     168662          5  0.000e+00
   1318.122     3.3740     3.3744   3.246363   3.246376     2.1451    -0.3938     0.3678    34.8630 6.6068e+02     168663          5  0.000e+00
   1318.204     3.3740     3.3745   3.246356   3.246424     2.1451    -0.3938     0.3678    34.8628 6.6068e+02     168664          5  0.000e+00
   1318.245     3.3740     3.3746   3.246363   3.246406     2.1451    -0.3938     0.3678    34.8629 6.6068e+02     168665          5  0.000e+00
   1318.204     3.3740     3.3745   3.246381   3.246394     2.1451    -0.3743     0.3678    34.8631 6.5844e+02     168666          5  0.000e+00
   1318.327     3.3740     3.3747   3.246375   3.246376     2.1451    -0.3938     0.3678    34.8630 6.5844e+02     168667          5  0.000e+00
