Ship_data/Irminger/Irminger-5/ctd/process/ar30-03001.ros
* Sea-Bird SBE 9 Data File:
* FileName = D:\Data\ar30-03001.hdr
* Software Version Seasave V 7.23.2
* Temperature SN = 4230
* Conductivity SN = 2148
* Number of Bytes Per Scan = 44
* Number of Voltage Words = 5
* Number of Scans Averaged by the Deck Unit = 1
* NMEA Latitude = 62 46.29 N
* NMEA Longitude = 028 39.40 W
* NMEA UTC (Time) = Jun 06 2018  08:16:04
** Cruise ID: ar30-03
** Chief Sci: Macdonald
** Station ID: 001
# nquan = 13
# nvalues = 343                                   
# units = specified
# name 0 = prDM: Pressure, Digiquartz [db]
# name 1 = t090C: Temperature [ITS-90, deg C]
# name 2 = t190C: Temperature, 2 [ITS-90, deg C]
# name 3 = c0S/m: Conductivity [S/m]
# name 4 = c1S/m: Conductivity, 2 [S/m]
# name 5 = sbeox0V: Oxygen raw, SBE 43 [V]
# name 6 = flECO-AFL: Fluorescence, WET Labs ECO-AFL/FL [mg/m^3]
# name 7 = turbWETntu0: Turbidity, WET Labs ECO [NTU]
# name 8 = sal00: Salinity, Practical [PSU]
# name 9 = spar: SPAR/Surface Irradiance
# name 10 = scan: Scan Count
# name 11 = nbf: Bottles Fired
# name 12 = flag:  0.000e+00
# interval = seconds: 0.0416667
# start_time = Jun 06 2018 08:16:04 [System UTC, first data scan.]
# bad_flag = -9.990e-29
*END*
[from data line 112]
     40.074     6.7678     6.7690   3.505712   3.505746     2.6570     1.0714     0.5436    34.9648 5.0787e+02     115233          3  0.000e+00
     39.954     6.7683     6.7693   3.505732   3.505826     2.6570     1.0323     0.5436    34.9645 5.0787e+02     115234          3  0.000e+00
     39.833     6.7685     6.7691   3.505758   3.505777     2.6570     1.0519     0.5436    34.9647 5.1012e+02     115235          3  0.000e+00
     39.777     6.7685     6.7695   3.505770   3.505795     2.6570     1.0519     0.5436    34.9649 5.1012e+02     115236          3  0.000e+00
     39.505     6.7684     6.7696   3.505777   3.505875     2.6570     1.0519     0.5436    34.9652 5.1012e+02     115237          3  0.000e+00
     39.833     6.7685     6.7698   3.505790   3.505826     2.6570     1.0519     0.5436    34.9651 5.1012e+02     115238          3  0.000e+00
     39.545     6.7687     6.7700   3.505777   3.505875     2.6570     1.0519     0.5436    34.9649 5.1012e+02     115239          3  0.000e+00
     39.545     6.7687     6.7698   3.505751   3.505857     2.6570     1.0519     0.5436    34.9646 5.1012e+02     115240          3  0.000e+00
     39.361     6.7688     6.7698   3.505770   3.505844     2.6558     1.0519     0.5436    34.9648 5.1012e+02     115241          3  0.000e+00
     39.361     6.7692     6.7705   3.505816   3.505887     2.6570     1.0519     0.5436    34.9650 5.1237e+02     115242          3  0.000e+00
     39.248     6.7695     6.7705   3.505829   3.505875     2.6570     1.0519     0.5436    34.9648 5.1237e+02     115243          3  0.000e+00
     39.248     6.7695     6.7705   3.505829   3.505924     2.6570     1.0519     0.5436    34.9648 5.1237e+02     115244          3  0.000e+00
     39.128     6.7695     6.7701   3.505822   3.505906     2.6570     1.0519     0.5436    34.9648 5.1237e+02     115245          3  0.000e+00
     39.072     6.7695     6.7701   3.505803   3.505887     2.6570     1.0519     0.5436    34.9646 5.1237e+02     115246          3  0.000e+00
     39.008     6.7698     6.7703   3.505816   3.505906     2.6570     1.0519     0.5436    34.9645 5.1237e+02     115247          3  0.000e+00
     38.888     6.7700     6.7703   3.505828   3.505856     2.6570     1.0519     0.5436    34.9645 5.1237e+02     115248          3  0.000e+00
     38.888     6.7701     6.7703   3.505861   3.505906     2.6570     1.0519     0.5436    34.9648 5.1461e+02     115249          3  0.000e+00
     38.775     6.7700     6.7708   3.505867   3.505887     2.6570     1.0519     0.5436    34.9650 5.1237e+02     115250          3  0.000e+00
     38.711     6.7701     6.7710   3.505861   3.505936     2.6570     1.0519     0.5436    34.9648 5.1461e+02     115251          3  0.000e+00
     38.655     6.7698     6.7710   3.505815   3.505887     2.6570     1.0519     0.5436    34.9646 5.1461e+02     115252          3  0.000e+00
     38.655     6.7700     6.7713   3.505854   3.505967     2.6570     1.0519     0.5436    34.9649 5.1461e+02     115253          3  0.000e+00
     38.535     6.7698     6.7715   3.505815   3.505955     2.6570     1.0519     0.5436    34.9647 5.1686e+02     115254          3  0.000e+00
     38.479     6.7697     6.7715   3.505815   3.505936     2.6570     1.0519     0.5436    34.9649 5.1686e+02     115255          3  0.000e+00
     38.423     6.7698     6.7715   3.505828   3.505985     2.6570     1.0519     0.5485    34.9649 5.1686e+02     115256          3  0.000e+00
     38.359     6.7697     6.7716   3.505861   3.505997     2.6570     1.0323     0.5485    34.9654 5.1686e+02     115257          3  0.000e+00
     38.359     6.7699     6.7715   3.505841   3.505985     2.6570     1.0323     0.5485    34.9650 5.1686e+02     115258          3  0.000e+00
     38.239     6.7697     6.7713   3.505809   3.505967     2.6570     1.0323     0.5485    34.9649 5.1686e+02     115259          3  0.000e+00
     38.182     6.7695     6.7716   3.505796   3.505985     2.6570     1.0323     0.5485    34.9650 5.1686e+02     115260          3  0.000e+00
     38.182     6.7693     6.7716   3.505738   3.505997     2.6570     1.0323     0.5485    34.9645 5.1686e+02     115261          3  0.000e+00
     38.126     6.7693     6.7713   3.505776   3.505985     2.6570     1.0323     0.5485    34.9650 5.1686e+02     115262          3  0.000e+00
     38.062     6.7695     6.7715   3.505776   3.505967     2.6570     1.0323     0.5485    34.9648 5.1911e+02     115263          3  0.000e+00
     38.062     6.7695     6.7715   3.505776   3.505924     2.6570     1.0323     0.5485    34.9648 5.1911e+02     115264          3  0.000e+00
     37.950     6.7693     6.7711   3.505776   3.505967     2.6570     1.0323     0.5485    34.9651 5.1911e+02     115265          3  0.000e+00
     37.966     6.7698     6.7708   3.505809   3.505954     2.6570     1.0323     0.5485    34.9650 5.1911e+02     115266          3  0.000e+00
     37.886     6.7698     6.7708   3.505828   3.505936     2.6570     1.0323     0.5485    34.9652 5.1911e+02     115267          3  0.000e+00
     23.460     7.1188     7.1785   3.538025   3.543263     2.8128     4.8418     0.6608    34.9728 4.9439e+02     118316          4  0.000e+00
     23.532     7.1231     7.1807   3.538330   3.543220     2.8141     4.8223     0.6657    34.9718 4.9439e+02     118317          4  0.000e+00
     23.516     7.1245     7.1824   3.538395   3.543392     2.8141     4.8223     0.6608    34.9710 4.9439e+02     118318          4  0.000e+00
     23.636     7.1235     7.1850   3.538363   3.543565     2.8141     4.8223     0.6608    34.9716 4.9439e+02     118319          4  0.000e+00
     23.180     7.1227     7.1904   3.538421   3.543675     2.8141     4.8223     0.6608    34.9733 4.9664e+02     118320          4  0.000e+00
     23.284     7.1245     7.1967   3.538584   3.543916     2.8141     4.8223     0.6608    34.9732 4.9439e+02     118321          4  0.000e+00
     23.340     7.1289     7.2012   3.538753   3.544421     2.8141     4.8223     0.6608    34.9706 4.9439e+02     118322          4  0.000e+00
     23.356     7.1312     7.2051   3.539241   3.544914     2.8141     4.8223     0.6608    34.9736 4.9664e+02     118323          4  0.000e+00
     23.284     7.1407     7.2077   3.540411   3.545216     2.8141     4.8223     0.6608    34.9769 4.9664e+02     118324          4  0.000e+00
     23.340     7.1562     7.2075   3.541406   3.545426     2.8141     4.8223     0.6608    34.9721 4.9664e+02     118325          4  0.000e+00
     23.236     7.1624     7.2066   3.541595   3.545561     2.8141     4.8223     0.6608    34.9679 4.9664e+02     118326          4  0.000e+00
     23.220     7.1644     7.2080   3.541770   3.545487     2.8141     4.8223     0.6608    34.9678 4.9664e+02     118327          4  0.000e+00
     23.220     7.1720     7.2087   3.542414   3.545499     2.8141     4.8223     0.6608    34.9671 4.9664e+02     118328          4  0.000e+00
     23.180     7.1800     7.2103   3.543214   3.545746     2.8141     4.8223     0.6608    34.9678 4.9664e+02     118329          4  0.000e+00
     23.164     7.1885     7.2123   3.543793   3.545881     2.8153     4.8223     0.6608    34.9656 4.9664e+02     118330          4  0.000e+00
     23.108     7.1951     7.2137   3.544294   3.546103     2.8153     4.8223     0.6608    34.9645 4.9664e+02     118331          4  0.000e+00
     23.116     7.2011     7.2149   3.544665   3.546319     2.8153     4.8223     0.6608    34.9624 4.9664e+02     118332          4  0.000e+00
     23.044     7.2034     7.2172   3.544886   3.546356     2.8153     4.8223     0.6608    34.9625 4.9888e+02     118333          4  0.000e+00
     22.939     7.2039     7.2194   3.545127   3.546479     2.8153     4.8223     0.6608    34.9647 4.9888e+02     118334          4  0.000e+00
     23.164     7.2060     7.2198   3.545335   3.546769     2.8153     4.6856     0.6559    34.9648 4.9888e+02     118335          4  0.000e+00
     22.987     7.2072     7.2211   3.545387   3.546892     2.8153     4.4121     0.6461    34.9643 4.9888e+02     118336          4  0.000e+00
     22.939     7.2062     7.2218   3.545406   3.546991     2.8153     4.3339     0.6413    34.9655 4.9888e+02     118337          4  0.000e+00
     22.931     7.2064     7.2224   3.545602   3.546991     2.8153     4.3534     0.6413    34.9675 4.9888e+02     118338          4  0.000e+00
     22.931     7.2088     7.2213   3.545927   3.547083     2.8153     4.3534     0.6461    34.9685 4.9888e+02     118339          4  0.000e+00
     22.883     7.2138     7.2196   3.546304   3.547114     2.8153     4.3534     0.6413    34.9676 4.9888e+02     118340          4  0.000e+00
     22.867     7.2185     7.2169   3.546799   3.547052     2.8153     4.3534     0.6413    34.9683 5.0113e+02     118341          4  0.000e+00
     22.867     7.2257     7.2187   3.547339   3.546923     2.8165     4.3534     0.6461    34.9670 5.0113e+02     118342          4  0.000e+00
     22.763     7.2327     7.2180   3.547788   3.546923     2.8165     4.3534     0.6413    34.9648 5.0113e+02     118343          4  0.000e+00
     22.811     7.2364     7.2194   3.548153   3.547052     2.8165     4.3534     0.6413    34.9650 5.0113e+02     118344          4  0.000e+00
     22.755     7.2401     7.2249   3.548471   3.547083     2.8165     4.3534     0.6413    34.9648 5.0113e+02     118345          4  0.000e+00
     22.707     7.2432     7.2308   3.548745   3.547243     2.8165     4.3534     0.6413    34.9647 5.0113e+02     118346          4  0.000e+00
     22.635     7.2443     7.2354   3.548927   3.547558     2.8165     4.3534     0.6413    34.9656 5.0338e+02     118347          4  0.000e+00
     22.707     7.2448     7.2382   3.548973   3.547847     2.8177     4.3534     0.6413    34.9655 5.0113e+02     118348          4  0.000e+00
     22.635     7.2435     7.2374   3.548953   3.548199     2.8177     4.3534     0.6413    34.9667 5.0338e+02     118349          4  0.000e+00
     22.635     7.2435     7.2346   3.548940   3.548415     2.8177     4.3534     0.6413    34.9666 5.0338e+02     118350          4  0.000e+00
     22.587     7.2435     7.2336   3.548940   3.548322     2.8177     4.3534     0.6413    34.9666 5.0338e+02     118351          4  0.000e+00
     22.571     7.2443     7.2341   3.548960   3.548193     2.8177     4.3534     0.6413    34.9660 5.0338e+02     118352          4  0.000e+00
     22.515     7.2463     7.2348   3.549038   3.548291     2.8177     4.3534     0.6413    34.9649 5.0563e+02     118353          4  0.000e+00
     22.531     7.2454     7.2357   3.549096   3.548353     2.8189     4.3534     0.6413    34.9664 5.0338e+02     118354          4  0.000e+00
     22.459     7.2453     7.2372   3.549266   3.548513     2.8189     4.3534     0.6413    34.9684 5.0563e+02     118355          4  0.000e+00
     22.459     7.2483     7.2370   3.549454   3.548544     2.8189     4.3534     0.6461    34.9675 5.0787e+02     118356          4  0.000e+00
     22.467     7.2509     7.2377   3.549624   3.548544     2.8189     4.3534     0.6461    34.9667 5.0338e+02     118357          4  0.000e+00
     22.395     7.2521     7.2388   3.549760   3.548482     2.8189     4.3534     0.6413    34.9669 5.0563e+02     118358          4  0.000e+00
     22.347     7.2555     7.2400   3.550079   3.548513     2.8189     4.3339     0.6510    34.9671 5.0563e+02     118359          4  0.000e+00
     22.339     7.2595     7.2414   3.550353   3.548704     2.8189     4.2753     0.6803    34.9660 5.0563e+02     118360          4  0.000e+00
     22.339     7.2614     7.2400   3.550496   3.548766     2.8202     4.2558     0.6901    34.9656 5.0563e+02     118361          4  0.000e+00
     22.347     7.2613     7.2377   3.550457   3.548673     2.8202     4.2558     0.6901    34.9653 5.0787e+02     118362          4  0.000e+00
     22.219     7.2610     7.2338   3.550476   3.548482     2.8202     4.2558     0.6901    34.9659 5.0787e+02     118363          4  0.000e+00
     22.283     7.2612     7.2289   3.550561   3.548384     2.8202     4.2558     0.6901    34.9666 5.0787e+02     118364          4  0.000e+00
     15.221     7.3548     7.3549   3.558902   3.558836     2.8260     3.5525     0.6120    34.9667 5.1686e+02     120180          5  0.000e+00
     15.165     7.3548     7.3548   3.558850   3.558873     2.8260     3.5525     0.6120    34.9661 5.1686e+02     120181          5  0.000e+00
     15.157     7.3548     7.3548   3.558895   3.558836     2.8248     3.5525     0.6120    34.9667 5.1686e+02     120182          5  0.000e+00
     15.285     7.3548     7.3548   3.558902   3.558904     2.8260     3.5525     0.6120    34.9667 5.1686e+02     120183          5  0.000e+00
     15.221     7.3548     7.3549   3.558889   3.558854     2.8260     3.5525     0.6120    34.9665 5.1686e+02     120184          5  0.000e+00
     15.229     7.3548     7.3547   3.558869   3.558904     2.8260     3.5525     0.6120    34.9663 5.1686e+02     120185          5  0.000e+00
     15.221     7.3548     7.3549   3.558876   3.558934     2.8260     3.5525     0.6120    34.9664 5.1686e+02     120186          5  0.000e+00
     15.165     7.3548     7.3549   3.558869   3.558873     2.8260     3.5525     0.6120    34.9663 5.1911e+02     120187          5  0.000e+00
     15.221     7.3548     7.3549   3.558876   3.558873     2.8260     3.5525     0.6120    34.9664 5.1686e+02     120188          5  0.000e+00
     15.285     7.3546     7.3549   3.558889   3.558836     2.8260     3.5525     0.6120    34.9667 5.1911e+02     120189          5  0.000e+00
     15.157     7.3548     7.3548   3.558869   3.558836     2.8260     3.5525     0.6120    34.9663 5.1686e+02     120190          5  0.000e+00
     15.285     7.3548     7.3548   3.558876   3.558873     2.8260     3.5525     0.6120    34.9664 5.1686e+02     120191          5  0.000e+00
     15.277     7.3546     7.3548   3.558889   3.558836     2.8260     3.5525     0.6120    34.9667 5.1686e+02     120192          5  0.000e+00
     15.285     7.3548     7.3549   3.558889   3.558904     2.8260     3.5525     0.6120    34.9665 5.1686e+02     120193          5  0.000e+00
     15.109     7.3549     7.3549   3.558889   3.558873     2.8260     3.5525     0.6120    34.9665 5.1686e+02     120194          5  0.000e+00
     15.397     7.3551     7.3549   3.558934   3.558854     2.8260     3.5525     0.6120    34.9667 5.1686e+02     120195          5  0.000e+00
     15.341     7.3553     7.3549   3.558954   3.558873     2.8260     3.5525     0.6120    34.9667 5.1686e+02     120196          5  0.000e+00
     15.277     7.3554     7.3551   3.558934   3.558904     2.8260     3.5525     0.6120    34.9664 5.1686e+02     120197          5  0.000e+00
     15.285     7.3553     7.3551   3.558941   3.558873     2.8260     3.5525     0.6120    34.9666 5.1686e+02     120198          5  0.000e+00
     15.333     7.3556     7.3549   3.558974   3.558873     2.8260     3.5525     0.6120    34.9666 5.1686e+02     120199          5  0.000e+00
     15.341     7.3552     7.3551   3.558941   3.558873     2.8260     3.5525     0.6120    34.9666 5.1686e+02     120200          5  0.000e+00
     15.333     7.3553     7.3549   3.558902   3.558904     2.8248     3.5525     0.6120    34.9661 5.1686e+02     120201          5  0.000e+00
     15.405     7.3552     7.3549   3.558915   3.558836     2.8248     3.7088     0.6217    34.9663 5.1686e+02     120202          5  0.000e+00
     15.333     7.3549     7.3549   3.558947   3.558904     2.8248     3.9041     0.6315    34.9670 5.1686e+02     120203          5  0.000e+00
     15.405     7.3548     7.3549   3.558934   3.558873     2.8248     3.9432     0.6315    34.9669 5.1686e+02     120204          5  0.000e+00
     15.454     7.3548     7.3550   3.558921   3.558935     2.8260     3.9432     0.6315    34.9668 5.1686e+02     120205          5  0.000e+00
