Ship_data/Irminger/Irminger-5/ctd/process/ar30-03021.ros
* Sea-Bird SBE 9 Data File:
* FileName = D:\Data\ar30-03021.hdr
* Software Version Seasave V 7.23.2
* Temperature SN = 4312
* Conductivity SN = 2148
* Number of Bytes Per Scan = 44
* Number of Voltage Words = 5
* Number of Scans Averaged by the Deck Unit = 1
* NMEA Latitude = 59 51.42 N
* NMEA Longitude = 039 13.43 W
* NMEA UTC (Time) = Jun 19 2018  18:21:51
** Cruise ID: ar30-03
** Chief Sci: Macdonald
** Station #: 021
** Site ID: Irminger 5 Gliders 2
** ctd cast to 1000 meters near OOI gliders
# nquan = 13
# nvalues = 980                                   
# units = specified
# name 0 = prDM: Pressure, Digiquartz [db]
# name 1 = t090C: Temperature [ITS-90, deg C]
# name 2 = t190C: Temperature, 2 [ITS-90, deg C]
# name 3 = c0S/m: Conductivity [S/m]
# name 4 = c1S/m: Conductivity, 2 [S/m]
# name 5 = sbeox0V: Oxygen raw, SBE 43 [V]
# name 6 = flECO-AFL: Fluorescence, WET Labs ECO-AFL/FL [mg/m^3]
# name 7 = turbWETntu0: Turbidity, WET Labs ECO [NTU]
# name 8 = sal00: Salinity, Practical [PSU]
# name 9 = spar: SPAR/Surface Irradiance
# name 10 = scan: Scan Count
# name 11 = nbf: Bottles Fired
# name 12 = flag:  0.000e+00
# interval = seconds: 0.0416667
# start_time = Jun 19 2018 18:21:51 [System UTC, first data scan.]
# bad_flag = -9.990e-29
*END*
[from data line 223]
    609.328     3.4371     3.4372   3.222075   3.222158     2.2936    -0.3938     0.3726    34.8726 5.7529e+02      48191          5  0.000e+00
    609.093     3.4372     3.4371   3.222100   3.222212     2.2923    -0.3938     0.3678    34.8729 5.7529e+02      48192          5  0.000e+00
    609.554     3.4372     3.4371   3.222069   3.222182     2.2923    -0.3743     0.3678    34.8722 5.7754e+02      48193          5  0.000e+00
    609.328     3.4369     3.4370   3.222094   3.222218     2.2936    -0.3938     0.3678    34.8730 5.7754e+02      48194          5  0.000e+00
    609.376     3.4371     3.4371   3.222107   3.222182     2.2923    -0.3938     0.3726    34.8729 5.7754e+02      48195          5  0.000e+00
    609.328     3.4371     3.4370   3.222088   3.222212     2.2923    -0.3938     0.3678    34.8727 5.7529e+02      48196          5  0.000e+00
    609.376     3.4374     3.4368   3.222075   3.222212     2.2923    -0.3743     0.3678    34.8722 5.7754e+02      48197          5  0.000e+00
    609.393     3.4371     3.4372   3.222101   3.222212     2.2923    -0.3938     0.3678    34.8729 5.7754e+02      48198          5  0.000e+00
    609.376     3.4371     3.4367   3.222107   3.222182     2.2923    -0.3938     0.3726    34.8729 5.7529e+02      48199          5  0.000e+00
    609.393     3.4371     3.4370   3.222088   3.222182     2.2936    -0.3938     0.3726    34.8727 5.7754e+02      48200          5  0.000e+00
    609.376     3.4372     3.4371   3.222082   3.222188     2.2936    -0.3938     0.3678    34.8725 5.7529e+02      48201          5  0.000e+00
    609.449     3.4372     3.4371   3.222075   3.222212     2.2923    -0.3938     0.3726    34.8724 5.7529e+02      48202          5  0.000e+00
    609.433     3.4374     3.4368   3.222119   3.222182     2.2923    -0.3938     0.3726    34.8727 5.7529e+02      48203          5  0.000e+00
    609.393     3.4372     3.4371   3.222119   3.222182     2.2923    -0.3938     0.3726    34.8729 5.7529e+02      48204          5  0.000e+00
    609.498     3.4374     3.4368   3.222113   3.222212     2.2923    -0.3938     0.3726    34.8726 5.7529e+02      48205          5  0.000e+00
    609.393     3.4377     3.4371   3.222132   3.222182     2.2923    -0.3743     0.3726    34.8726 5.7529e+02      48206          5  0.000e+00
    609.498     3.4375     3.4370   3.222119   3.222158     2.2923    -0.3938     0.3726    34.8725 5.7529e+02      48207          5  0.000e+00
    609.449     3.4375     3.4371   3.222132   3.222182     2.2936    -0.3938     0.3726    34.8727 5.7529e+02      48208          5  0.000e+00
    609.498     3.4375     3.4370   3.222163   3.222242     2.2923    -0.3743     0.3726    34.8731 5.7304e+02      48209          5  0.000e+00
    609.514     3.4374     3.4371   3.222151   3.222212     2.2923    -0.3938     0.3726    34.8731 5.7529e+02      48210          5  0.000e+00
    609.449     3.4375     3.4371   3.222144   3.222212     2.2923    -0.3938     0.3726    34.8729 5.7529e+02      48211          5  0.000e+00
    609.498     3.4377     3.4373   3.222119   3.222212     2.2923    -0.3938     0.3726    34.8724 5.7529e+02      48212          5  0.000e+00
    507.945     3.4961     3.4957   3.223336   3.223451     2.3193    -0.3743     0.3726    34.8789 5.4608e+02      52471          6  0.000e+00
    507.832     3.4960     3.4959   3.223317   3.223422     2.3193    -0.3743     0.3726    34.8789 5.4608e+02      52472          6  0.000e+00
    508.010     3.4962     3.4959   3.223354   3.223422     2.3193    -0.3743     0.3726    34.8790 5.4608e+02      52473          6  0.000e+00
    507.953     3.4962     3.4959   3.223336   3.223392     2.3193    -0.3743     0.3726    34.8788 5.4608e+02      52474          6  0.000e+00
    507.832     3.4959     3.4957   3.223317   3.223451     2.3181    -0.3743     0.3726    34.8790 5.4608e+02      52475          6  0.000e+00
    507.953     3.4962     3.4957   3.223336   3.223433     2.3181    -0.3547     0.3726    34.8788 5.4608e+02      52476          6  0.000e+00
    507.897     3.4962     3.4959   3.223329   3.223451     2.3181    -0.3743     0.3726    34.8787 5.4608e+02      52477          6  0.000e+00
    507.945     3.4960     3.4957   3.223354   3.223451     2.3181    -0.3743     0.3726    34.8793 5.4608e+02      52478          6  0.000e+00
    507.953     3.4961     3.4959   3.223336   3.223451     2.3181    -0.3743     0.3726    34.8789 5.4608e+02      52479          6  0.000e+00
    507.945     3.4961     3.4957   3.223317   3.223422     2.3181    -0.3743     0.3726    34.8787 5.4383e+02      52480          6  0.000e+00
    508.010     3.4959     3.4959   3.223336   3.223422     2.3181    -0.3547     0.3726    34.8791 5.4608e+02      52481          6  0.000e+00
    507.945     3.4961     3.4959   3.223329   3.223451     2.3181    -0.3743     0.3726    34.8789 5.4608e+02      52482          6  0.000e+00
    508.010     3.4961     3.4959   3.223336   3.223451     2.3181    -0.3743     0.3726    34.8789 5.4383e+02      52483          6  0.000e+00
    507.953     3.4961     3.4961   3.223329   3.223422     2.3181    -0.3743     0.3726    34.8789 5.4383e+02      52484          6  0.000e+00
    508.010     3.4961     3.4957   3.223336   3.223463     2.3181    -0.3547     0.3726    34.8789 5.4608e+02      52485          6  0.000e+00
    508.010     3.4962     3.4957   3.223348   3.223422     2.3181    -0.3547     0.3726    34.8789 5.4383e+02      52486          6  0.000e+00
    508.010     3.4961     3.4959   3.223367   3.223451     2.3181    -0.3743     0.3726    34.8793 5.4383e+02      52487          6  0.000e+00
    508.075     3.4960     3.4957   3.223336   3.223451     2.3181    -0.3743     0.3726    34.8790 5.4383e+02      52488          6  0.000e+00
    508.010     3.4959     3.4959   3.223336   3.223451     2.3181    -0.3743     0.3726    34.8791 5.4383e+02      52489          6  0.000e+00
    508.075     3.4959     3.4957   3.223329   3.223451     2.3181    -0.3938     0.3726    34.8790 5.4383e+02      52490          6  0.000e+00
    508.075     3.4961     3.4959   3.223317   3.223451     2.3181    -0.3938     0.3726    34.8787 5.4383e+02      52491          6  0.000e+00
    508.066     3.4959     3.4956   3.223354   3.223392     2.3181    -0.3938     0.3726    34.8793 5.4383e+02      52492          6  0.000e+00
    508.075     3.4961     3.4957   3.223336   3.223451     2.3181    -0.3743     0.3726    34.8788 5.4383e+02      52493          6  0.000e+00
    508.067     3.4961     3.4957   3.223336   3.223404     2.3181    -0.3938     0.3726    34.8789 5.4383e+02      52494          6  0.000e+00
    508.131     3.4961     3.4957   3.223348   3.223392     2.3181    -0.3938     0.3726    34.8790 5.4383e+02      52495          6  0.000e+00
    508.131     3.4961     3.4959   3.223348   3.223451     2.3181    -0.3938     0.3726    34.8790 5.4383e+02      52496          6  0.000e+00
    508.131     3.4962     3.4957   3.223348   3.223451     2.3181    -0.3938     0.3726    34.8788 5.4383e+02      52497          6  0.000e+00
    508.131     3.4961     3.4957   3.223348   3.223451     2.3181    -0.3938     0.3726    34.8789 5.4383e+02      52498          6  0.000e+00
    508.131     3.4961     3.4959   3.223348   3.223451     2.3181    -0.3938     0.3726    34.8790 5.4383e+02      52499          6  0.000e+00
    508.196     3.4961     3.4957   3.223329   3.223451     2.3181    -0.3938     0.3726    34.8787 5.4383e+02      52500          6  0.000e+00
    508.188     3.4961     3.4957   3.223336   3.223422     2.3181    -0.3743     0.3726    34.8788 5.4383e+02      52501          6  0.000e+00
    508.196     3.4961     3.4956   3.223348   3.223422     2.3181    -0.3938     0.3726    34.8790 5.4383e+02      52502          6  0.000e+00
    508.188     3.4961     3.4957   3.223367   3.223434     2.3181    -0.3938     0.3726    34.8791 5.4383e+02      52503          6  0.000e+00
    508.253     3.4959     3.4957   3.223336   3.223451     2.3169    -0.3743     0.3726    34.8790 5.4158e+02      52504          6  0.000e+00
    508.188     3.4961     3.4957   3.223336   3.223481     2.3181    -0.3938     0.3726    34.8788 5.4158e+02      52505          6  0.000e+00
    508.253     3.4959     3.4959   3.223329   3.223481     2.3181    -0.3938     0.3726    34.8789 5.4158e+02      52506          6  0.000e+00
    508.309     3.4961     3.4957   3.223336   3.223451     2.3181    -0.3743     0.3726    34.8788 5.4158e+02      52507          6  0.000e+00
    508.244     3.4961     3.4957   3.223348   3.223422     2.3169    -0.3938     0.3726    34.8789 5.4158e+02      52508          6  0.000e+00
    508.309     3.4959     3.4956   3.223348   3.223511     2.3169    -0.3938     0.3726    34.8791 5.4158e+02      52509          6  0.000e+00
    508.309     3.4961     3.4957   3.223367   3.223422     2.3169    -0.3743     0.3726    34.8791 5.4158e+02      52510          6  0.000e+00
    508.309     3.4961     3.4959   3.223380   3.223463     2.3169    -0.3938     0.3726    34.8793 5.4158e+02      52511          6  0.000e+00
    508.366     3.4961     3.4957   3.223355   3.223451     2.3169    -0.3938     0.3726    34.8789 5.4158e+02      52512          6  0.000e+00
    508.309     3.4961     3.4959   3.223348   3.223422     2.3181    -0.3938     0.3726    34.8789 5.4158e+02      52513          6  0.000e+00
    508.374     3.4960     3.4959   3.223367   3.223451     2.3181    -0.3938     0.3726    34.8792 5.4158e+02      52514          6  0.000e+00
    508.366     3.4961     3.4956   3.223355   3.223481     2.3169    -0.3938     0.3726    34.8789 5.3933e+02      52515          6  0.000e+00
    508.430     3.4959     3.4959   3.223329   3.223451     2.3169    -0.3938     0.3726    34.8788 5.3933e+02      52516          6  0.000e+00
    508.430     3.4959     3.4957   3.223317   3.223451     2.3181    -0.3938     0.3726    34.8786 5.3933e+02      52517          6  0.000e+00
    508.374     3.4961     3.4957   3.223317   3.223481     2.3169    -0.3938     0.3726    34.8785 5.3933e+02      52518          6  0.000e+00
    508.487     3.4960     3.4959   3.223336   3.223481     2.3169    -0.3938     0.3726    34.8788 5.3933e+02      52519          6  0.000e+00
    406.158     3.5939     3.5936   3.228034   3.228173     2.3412    -0.3743     0.3726    34.8856 5.0113e+02      56659          7  0.000e+00
    406.207     3.5937     3.5939   3.228046   3.228203     2.3412    -0.3547     0.3726    34.8860 4.9888e+02      56660          7  0.000e+00
    406.094     3.5936     3.5939   3.228040   3.228173     2.3412    -0.3547     0.3726    34.8861 4.9888e+02      56661          7  0.000e+00
    406.400     3.5937     3.5937   3.228046   3.228173     2.3412    -0.3743     0.3726    34.8859 4.9888e+02      56662          7  0.000e+00
    406.207     3.5937     3.5937   3.228034   3.228203     2.3412    -0.3743     0.3726    34.8858 4.9888e+02      56663          7  0.000e+00
    406.158     3.5938     3.5936   3.228027   3.228173     2.3412    -0.3547     0.3726    34.8856 4.9888e+02      56664          7  0.000e+00
    406.328     3.5937     3.5936   3.228046   3.228203     2.3412    -0.3743     0.3726    34.8858 4.9888e+02      56665          7  0.000e+00
    406.328     3.5937     3.5936   3.228053   3.228173     2.3412    -0.3743     0.3726    34.8860 4.9888e+02      56666          7  0.000e+00
    406.280     3.5937     3.5937   3.228059   3.228203     2.3412    -0.3743     0.3726    34.8860 4.9664e+02      56667          7  0.000e+00
    406.392     3.5935     3.5937   3.228034   3.228173     2.3412    -0.3743     0.3726    34.8859 4.9888e+02      56668          7  0.000e+00
    406.328     3.5937     3.5934   3.228046   3.228173     2.3412    -0.3547     0.3726    34.8858 4.9888e+02      56669          7  0.000e+00
    406.401     3.5937     3.5937   3.228059   3.228203     2.3412    -0.3743     0.3726    34.8860 4.9888e+02      56670          7  0.000e+00
    406.449     3.5937     3.5936   3.228078   3.228203     2.3412    -0.3743     0.3726    34.8862 4.9664e+02      56671          7  0.000e+00
    406.457     3.5937     3.5936   3.228084   3.228203     2.3412    -0.3743     0.3726    34.8863 4.9664e+02      56672          7  0.000e+00
    406.505     3.5939     3.5937   3.228090   3.228173     2.3412    -0.3743     0.3726    34.8861 4.9888e+02      56673          7  0.000e+00
    406.449     3.5937     3.5936   3.228065   3.228203     2.3412    -0.3547     0.3726    34.8861 4.9664e+02      56674          7  0.000e+00
    406.522     3.5939     3.5937   3.228059   3.228203     2.3412    -0.3743     0.3726    34.8857 4.9664e+02      56675          7  0.000e+00
    406.570     3.5937     3.5934   3.228078   3.228203     2.3412    -0.3743     0.3726    34.8861 4.9664e+02      56676          7  0.000e+00
    406.449     3.5938     3.5937   3.228084   3.228173     2.3412    -0.3743     0.3726    34.8861 4.9664e+02      56677          7  0.000e+00
    406.756     3.5941     3.5936   3.228072   3.228173     2.3412    -0.3743     0.3726    34.8856 4.9664e+02      56678          7  0.000e+00
    406.627     3.5937     3.5936   3.228078   3.228173     2.3412    -0.3743     0.3726    34.8861 4.9664e+02      56679          7  0.000e+00
    406.699     3.5939     3.5933   3.228065   3.228173     2.3412    -0.3743     0.3726    34.8857 4.9664e+02      56680          7  0.000e+00
    406.748     3.5941     3.5933   3.228059   3.228144     2.3412    -0.3938     0.3726    34.8854 4.9664e+02      56681          7  0.000e+00
    406.748     3.5937     3.5933   3.228059   3.228173     2.3412    -0.3743     0.3726    34.8858 4.9664e+02      56682          7  0.000e+00
    406.756     3.5935     3.5934   3.228097   3.228114     2.3412    -0.3938     0.3726    34.8864 4.9664e+02      56683          7  0.000e+00
    406.812     3.5937     3.5931   3.228078   3.228173     2.3412    -0.3743     0.3726    34.8860 4.9664e+02      56684          7  0.000e+00
    406.820     3.5937     3.5934   3.228078   3.228173     2.3412    -0.3938     0.3726    34.8860 4.9664e+02      56685          7  0.000e+00
    406.869     3.5937     3.5934   3.228084   3.228173     2.3412    -0.3938     0.3726    34.8860 4.9439e+02      56686          7  0.000e+00
    406.869     3.5937     3.5936   3.228090   3.228173     2.3412    -0.3938     0.3726    34.8861 4.9439e+02      56687          7  0.000e+00
    406.933     3.5939     3.5934   3.228090   3.228144     2.3412    -0.3743     0.3726    34.8859 4.9439e+02      56688          7  0.000e+00
    406.990     3.5937     3.5933   3.228084   3.228173     2.3412    -0.3938     0.3726    34.8860 4.9439e+02      56689          7  0.000e+00
    406.998     3.5937     3.5933   3.228090   3.228203     2.3400    -0.3938     0.3726    34.8860 4.9439e+02      56690          7  0.000e+00
    406.990     3.5935     3.5934   3.228090   3.228173     2.3412    -0.3938     0.3726    34.8862 4.9439e+02      56691          7  0.000e+00
    407.046     3.5939     3.5934   3.228065   3.228173     2.3400    -0.3743     0.3726    34.8855 4.9439e+02      56692          7  0.000e+00
    407.119     3.5938     3.5936   3.228078   3.228203     2.3400    -0.3743     0.3726    34.8857 4.9439e+02      56693          7  0.000e+00
    407.111     3.5936     3.5936   3.228065   3.228173     2.3400    -0.3938     0.3726    34.8858 4.9439e+02      56694          7  0.000e+00
    407.119     3.5935     3.5934   3.228078   3.228203     2.3412    -0.3938     0.3726    34.8860 4.9439e+02      56695          7  0.000e+00
    407.224     3.5934     3.5934   3.228091   3.228233     2.3400    -0.3938     0.3726    34.8862 4.9214e+02      56696          7  0.000e+00
    407.167     3.5935     3.5934   3.228065   3.228203     2.3412    -0.3743     0.3726    34.8858 4.9214e+02      56697          7  0.000e+00
