Ship_data/Irminger/Irminger-5/ctd/process/ar30-03010.ros
* Sea-Bird SBE 9 Data File:
* FileName = D:\Data\ar30-03010.hdr
* Software Version Seasave V 7.23.2
* Temperature SN = 4312
* Conductivity SN = 2148
* Number of Bytes Per Scan = 44
* Number of Voltage Words = 5
* Number of Scans Averaged by the Deck Unit = 1
* NMEA Latitude = 59 50.67 N
* NMEA Longitude = 039 11.81 W
* NMEA UTC (Time) = Jun 12 2018  19:51:22
** Cruise ID: ar30-03
** Chief Sci: Macdonald
** Station #: 010
** Site ID: Irminger 5 Glider sync.
** cast to 1000 meters with bottom release testing
# nquan = 13
# nvalues = 1176                                  
# units = specified
# name 0 = prDM: Pressure, Digiquartz [db]
# name 1 = t090C: Temperature [ITS-90, deg C]
# name 2 = t190C: Temperature, 2 [ITS-90, deg C]
# name 3 = c0S/m: Conductivity [S/m]
# name 4 = c1S/m: Conductivity, 2 [S/m]
# name 5 = sbeox0V: Oxygen raw, SBE 43 [V]
# name 6 = flECO-AFL: Fluorescence, WET Labs ECO-AFL/FL [mg/m^3]
# name 7 = turbWETntu0: Turbidity, WET Labs ECO [NTU]
# name 8 = sal00: Salinity, Practical [PSU]
# name 9 = spar: SPAR/Surface Irradiance
# name 10 = scan: Scan Count
# name 11 = nbf: Bottles Fired
# name 12 = flag:  0.000e+00
# interval = seconds: 0.0416667
# start_time = Jun 12 2018 19:51:22 [System UTC, first data scan.]
# bad_flag = -9.990e-29
*END*
[from data line 334]
    405.859     4.5568     4.5569   3.315491   3.315570     2.2459    -0.3547     0.3873    34.9007 1.4607e+02     106451          7  0.000e+00
    405.867     4.5568     4.5569   3.315485   3.315540     2.2459    -0.3547     0.3873    34.9007 1.4607e+02     106452          7  0.000e+00
    405.859     4.5568     4.5571   3.315453   3.315552     2.2459    -0.3547     0.3873    34.9002 1.4607e+02     106453          7  0.000e+00
    405.794     4.5564     4.5567   3.315460   3.315540     2.2459    -0.3547     0.3824    34.9007 1.4607e+02     106454          7  0.000e+00
    405.923     4.5567     4.5571   3.315453   3.315552     2.2459    -0.3743     0.3873    34.9004 1.4607e+02     106455          7  0.000e+00
    405.859     4.5566     4.5568   3.315441   3.315540     2.2459    -0.3743     0.3873    34.9003 1.4382e+02     106456          7  0.000e+00
    405.859     4.5567     4.5569   3.315460   3.315540     2.2459    -0.3547     0.3873    34.9005 1.4607e+02     106457          7  0.000e+00
    405.811     4.5569     4.5571   3.315517   3.315582     2.2459    -0.3547     0.3873    34.9009 1.4607e+02     106458          7  0.000e+00
    405.859     4.5567     4.5567   3.315491   3.315600     2.2459    -0.3547     0.3873    34.9008 1.4607e+02     106459          7  0.000e+00
    304.740     4.6298     4.6299   3.315668   3.315748     2.2967    -0.3547     0.3873    34.8792 1.5281e+02     111313          8  0.000e+00
    304.740     4.6299     4.6300   3.315680   3.315718     2.2967    -0.3547     0.3873    34.8793 1.5281e+02     111314          8  0.000e+00
    304.675     4.6299     4.6299   3.315661   3.315760     2.2967    -0.3547     0.3873    34.8791 1.5281e+02     111315          8  0.000e+00
    304.877     4.6297     4.6299   3.315668   3.315718     2.2979    -0.3547     0.3873    34.8793 1.5056e+02     111316          8  0.000e+00
    304.619     4.6299     4.6299   3.315699   3.315760     2.2979    -0.3547     0.3922    34.8796 1.5281e+02     111317          8  0.000e+00
    304.740     4.6299     4.6297   3.315668   3.315748     2.2967    -0.3743     0.3922    34.8791 1.5281e+02     111318          8  0.000e+00
    304.756     4.6299     4.6297   3.315649   3.315718     2.2979    -0.3743     0.3922    34.8789 1.5281e+02     111319          8  0.000e+00
    304.740     4.6300     4.6297   3.315649   3.315760     2.2979    -0.3547     0.3971    34.8788 1.5281e+02     111320          8  0.000e+00
    304.740     4.6301     4.6299   3.315668   3.315748     2.2967    -0.3547     0.3922    34.8790 1.5281e+02     111321          8  0.000e+00
    304.756     4.6299     4.6299   3.315680   3.315730     2.2979    -0.3547     0.3922    34.8793 1.5281e+02     111322          8  0.000e+00
    304.740     4.6298     4.6299   3.315680   3.315718     2.2979    -0.3547     0.3971    34.8793 1.5281e+02     111323          8  0.000e+00
    304.796     4.6299     4.6299   3.315661   3.315778     2.2967    -0.3547     0.3922    34.8790 1.5281e+02     111324          8  0.000e+00
    304.756     4.6301     4.6299   3.315649   3.315730     2.2967    -0.3743     0.3922    34.8787 1.5281e+02     111325          8  0.000e+00
    304.740     4.6299     4.6299   3.315668   3.315748     2.2967    -0.3547     0.3922    34.8791 1.5281e+02     111326          8  0.000e+00
    304.796     4.6300     4.6300   3.315680   3.315760     2.2967    -0.3547     0.3922    34.8791 1.5281e+02     111327          8  0.000e+00
    304.820     4.6299     4.6299   3.315661   3.315748     2.2967    -0.3547     0.3922    34.8790 1.5281e+02     111328          8  0.000e+00
    304.740     4.6299     4.6299   3.315668   3.315718     2.2967    -0.3547     0.3922    34.8791 1.5281e+02     111329          8  0.000e+00
    304.796     4.6299     4.6299   3.315661   3.315730     2.2967    -0.3547     0.3922    34.8790 1.5281e+02     111330          8  0.000e+00
    304.756     4.6300     4.6299   3.315649   3.315748     2.2967    -0.3547     0.3922    34.8788 1.5281e+02     111331          8  0.000e+00
    304.796     4.6301     4.6298   3.315693   3.315760     2.2967    -0.3547     0.3922    34.8792 1.5281e+02     111332          8  0.000e+00
    304.796     4.6301     4.6300   3.315668   3.315718     2.2967    -0.3547     0.3922    34.8789 1.5281e+02     111333          8  0.000e+00
    304.740     4.6297     4.6297   3.315668   3.315778     2.2967    -0.3547     0.3971    34.8794 1.5281e+02     111334          8  0.000e+00
    304.756     4.6299     4.6300   3.315661   3.315760     2.2967    -0.3547     0.3922    34.8791 1.5281e+02     111335          8  0.000e+00
    304.796     4.6299     4.6297   3.315649   3.315748     2.2967    -0.3743     0.3922    34.8789 1.5506e+02     111336          8  0.000e+00
    304.740     4.6303     4.6300   3.315668   3.315760     2.2967    -0.3547     0.3922    34.8788 1.5281e+02     111337          8  0.000e+00
    304.756     4.6300     4.6300   3.315680   3.315748     2.2967    -0.3547     0.3971    34.8792 1.5506e+02     111338          8  0.000e+00
    304.740     4.6299     4.6299   3.315680   3.315748     2.2967    -0.3547     0.3922    34.8793 1.5281e+02     111339          8  0.000e+00
    304.740     4.6301     4.6299   3.315699   3.315760     2.2967    -0.3547     0.3922    34.8793 1.5506e+02     111340          8  0.000e+00
    304.699     4.6300     4.6299   3.315693   3.315778     2.2967    -0.3743     0.3922    34.8793 1.5281e+02     111341          8  0.000e+00
    304.796     4.6303     4.6300   3.315661   3.315760     2.2967    -0.3547     0.3971    34.8786 1.5506e+02     111342          8  0.000e+00
    304.675     4.6303     4.6300   3.315668   3.315778     2.2967    -0.3352     0.3971    34.8788 1.5281e+02     111343          8  0.000e+00
    304.699     4.6301     4.6297   3.315680   3.315748     2.2967    -0.3352     0.3971    34.8791 1.5506e+02     111344          8  0.000e+00
    304.740     4.6302     4.6302   3.315661   3.315730     2.2967    -0.3352     0.3971    34.8788 1.5281e+02     111345          8  0.000e+00
    304.619     4.6303     4.6300   3.315668   3.315778     2.2955    -0.3352     0.3971    34.8788 1.5281e+02     111346          8  0.000e+00
    304.699     4.6303     4.6300   3.315680   3.315760     2.2955    -0.3352     0.3971    34.8789 1.5281e+02     111347          8  0.000e+00
    304.675     4.6304     4.6299   3.315661   3.315778     2.2967    -0.3352     0.3971    34.8786 1.5281e+02     111348          8  0.000e+00
    304.619     4.6304     4.6301   3.315668   3.315718     2.2955    -0.3352     0.3971    34.8787 1.5506e+02     111349          8  0.000e+00
    304.498     4.6301     4.6302   3.315661   3.315760     2.2955    -0.3352     0.3971    34.8790 1.5506e+02     111350          8  0.000e+00
    304.756     4.6303     4.6304   3.315630   3.315748     2.2955    -0.3352     0.3971    34.8783 1.5281e+02     111351          8  0.000e+00
    304.554     4.6302     4.6302   3.315687   3.315760     2.2955    -0.3352     0.3971    34.8792 1.5506e+02     111352          8  0.000e+00
    304.619     4.6303     4.6302   3.315668   3.315748     2.2955    -0.3352     0.3971    34.8788 1.5506e+02     111353          8  0.000e+00
    304.522     4.6301     4.6302   3.315668   3.315730     2.2955    -0.3352     0.3971    34.8791 1.5281e+02     111354          8  0.000e+00
    304.554     4.6303     4.6304   3.315680   3.315778     2.2955    -0.3352     0.3971    34.8790 1.5506e+02     111355          8  0.000e+00
    304.498     4.6300     4.6300   3.315680   3.315717     2.2955    -0.3352     0.3971    34.8793 1.5281e+02     111356          8  0.000e+00
    304.522     4.6304     4.6300   3.315680   3.315760     2.2955    -0.3352     0.3971    34.8789 1.5281e+02     111357          8  0.000e+00
    304.442     4.6306     4.6302   3.315680   3.315717     2.2942    -0.3352     0.3971    34.8787 1.5506e+02     111358          8  0.000e+00
    304.498     4.6302     4.6302   3.315680   3.315760     2.2955    -0.3352     0.3971    34.8791 1.5506e+02     111359          8  0.000e+00
    304.401     4.6304     4.6302   3.315661   3.315778     2.2942    -0.3352     0.3971    34.8787 1.5281e+02     111360          8  0.000e+00
    304.377     4.6304     4.6305   3.315668   3.315778     2.2942    -0.3352     0.3971    34.8788 1.5281e+02     111361          8  0.000e+00
    203.110     4.7132     4.7123   3.317708   3.317648     2.3412    -0.2961     0.3971    34.8692 1.6629e+02     116257          9  0.000e+00
    203.134     4.7134     4.7122   3.317695   3.317715     2.3412    -0.3157     0.3971    34.8689 1.6629e+02     116258          9  0.000e+00
    203.191     4.7134     4.7125   3.317714   3.317679     2.3424    -0.3352     0.3971    34.8691 1.6629e+02     116259          9  0.000e+00
    203.191     4.7134     4.7123   3.317708   3.317715     2.3424    -0.3547     0.3971    34.8690 1.6405e+02     116260          9  0.000e+00
    203.231     4.7134     4.7122   3.317714   3.317739     2.3412    -0.3352     0.3922    34.8690 1.6629e+02     116261          9  0.000e+00
    203.191     4.7134     4.7123   3.317708   3.317739     2.3412    -0.3352     0.3922    34.8690 1.6629e+02     116262          9  0.000e+00
    203.311     4.7132     4.7120   3.317714   3.317715     2.3424    -0.3352     0.3971    34.8692 1.6629e+02     116263          9  0.000e+00
    203.078     4.7134     4.7122   3.317746   3.317709     2.3424    -0.3352     0.3922    34.8695 1.6629e+02     116264          9  0.000e+00
    203.528     4.7132     4.7121   3.317715   3.317685     2.3424    -0.3352     0.3971    34.8690 1.6629e+02     116265          9  0.000e+00
    203.311     4.7132     4.7120   3.317695   3.317679     2.3412    -0.3352     0.3922    34.8689 1.6629e+02     116266          9  0.000e+00
    203.367     4.7132     4.7123   3.317683   3.317715     2.3412    -0.3352     0.3971    34.8688 1.6629e+02     116267          9  0.000e+00
    203.351     4.7127     4.7126   3.317676   3.317679     2.3412    -0.3352     0.3922    34.8692 1.6629e+02     116268          9  0.000e+00
    203.367     4.7126     4.7122   3.317651   3.317745     2.3412    -0.3352     0.3971    34.8690 1.6629e+02     116269          9  0.000e+00
    203.432     4.7126     4.7122   3.317619   3.317739     2.3412    -0.3547     0.3922    34.8686 1.6629e+02     116270          9  0.000e+00
    203.432     4.7124     4.7131   3.317607   3.317685     2.3412    -0.3547     0.3922    34.8687 1.6629e+02     116271          9  0.000e+00
    203.464     4.7123     4.7141   3.317607   3.317775     2.3412    -0.3547     0.3922    34.8688 1.6629e+02     116272          9  0.000e+00
    203.488     4.7126     4.7141   3.317607   3.317865     2.3412    -0.3352     0.3922    34.8685 1.6629e+02     116273          9  0.000e+00
    203.488     4.7124     4.7142   3.317607   3.317955     2.3424    -0.3547     0.3922    34.8686 1.6629e+02     116274          9  0.000e+00
    203.552     4.7127     4.7139   3.317626   3.317925     2.3412    -0.3352     0.3922    34.8685 1.6629e+02     116275          9  0.000e+00
    203.528     4.7129     4.7139   3.317676   3.317895     2.3412    -0.3352     0.3922    34.8689 1.6629e+02     116276          9  0.000e+00
    203.552     4.7131     4.7139   3.317715   3.317895     2.3424    -0.3547     0.3922    34.8692 1.6629e+02     116277          9  0.000e+00
    203.609     4.7132     4.7136   3.317746   3.317805     2.3412    -0.3547     0.3922    34.8694 1.6629e+02     116278          9  0.000e+00
    203.552     4.7132     4.7136   3.317740   3.317835     2.3412    -0.3352     0.3971    34.8693 1.6629e+02     116279          9  0.000e+00
    203.649     4.7134     4.7136   3.317727   3.317865     2.3412    -0.3352     0.3971    34.8690 1.6629e+02     116280          9  0.000e+00
    203.665     4.7132     4.7134   3.317708   3.317865     2.3412    -0.3547     0.3922    34.8689 1.6629e+02     116281          9  0.000e+00
    203.665     4.7127     4.7136   3.317632   3.317865     2.3412    -0.3352     0.3971    34.8685 1.6629e+02     116282          9  0.000e+00
    203.649     4.7126     4.7133   3.317626   3.317865     2.3412    -0.3547     0.3922    34.8686 1.6629e+02     116283          9  0.000e+00
    203.729     4.7124     4.7136   3.317638   3.317835     2.3412    -0.3547     0.3873    34.8689 1.6629e+02     116284          9  0.000e+00
    203.729     4.7124     4.7133   3.317638   3.317865     2.3412    -0.3352     0.3873    34.8689 1.6629e+02     116285          9  0.000e+00
    203.729     4.7127     4.7134   3.317677   3.317835     2.3412    -0.3352     0.3922    34.8690 1.6629e+02     116286          9  0.000e+00
    203.705     4.7132     4.7136   3.317740   3.317895     2.3424    -0.3547     0.3873    34.8693 1.6629e+02     116287          9  0.000e+00
    203.786     4.7137     4.7134   3.317759   3.317865     2.3412    -0.3352     0.3922    34.8689 1.6629e+02     116288          9  0.000e+00
    203.786     4.7136     4.7137   3.317759   3.317865     2.3424    -0.3547     0.3873    34.8691 1.6629e+02     116289          9  0.000e+00
    203.786     4.7139     4.7139   3.317778   3.317895     2.3424    -0.3547     0.3873    34.8689 1.6629e+02     116290          9  0.000e+00
    203.826     4.7137     4.7137   3.317810   3.317925     2.3424    -0.3352     0.3873    34.8695 1.6629e+02     116291          9  0.000e+00
    203.786     4.7139     4.7137   3.317797   3.317895     2.3412    -0.3352     0.3873    34.8692 1.6629e+02     116292          9  0.000e+00
    203.850     4.7140     4.7137   3.317810   3.317865     2.3412    -0.3547     0.3922    34.8691 1.6629e+02     116293          9  0.000e+00
    203.882     4.7139     4.7137   3.317797   3.317865     2.3412    -0.3352     0.3922    34.8691 1.6629e+02     116294          9  0.000e+00
    203.850     4.7139     4.7137   3.317810   3.317895     2.3424    -0.3547     0.3873    34.8693 1.6629e+02     116295          9  0.000e+00
    203.906     4.7137     4.7139   3.317822   3.317895     2.3424    -0.3352     0.3922    34.8696 1.6629e+02     116296          9  0.000e+00
    203.850     4.7139     4.7134   3.317803   3.317865     2.3424    -0.3352     0.3922    34.8692 1.6629e+02     116297          9  0.000e+00
    203.882     4.7137     4.7137   3.317810   3.317895     2.3424    -0.3547     0.3873    34.8694 1.6629e+02     116298          9  0.000e+00
    203.906     4.7139     4.7137   3.317797   3.317865     2.3424    -0.3547     0.3873    34.8691 1.6629e+02     116299          9  0.000e+00
    203.962     4.7137     4.7134   3.317810   3.317865     2.3424    -0.3352     0.3873    34.8694 1.6629e+02     116300          9  0.000e+00
    203.906     4.7139     4.7139   3.317816   3.317895     2.3424    -0.3547     0.3873    34.8693 1.6629e+02     116301          9  0.000e+00
    203.938     4.7139     4.7144   3.317797   3.317895     2.3412    -0.3547     0.3873    34.8691 1.6629e+02     116302          9  0.000e+00
    203.906     4.7139     4.7147   3.317791   3.317925     2.3412    -0.3352     0.3922    34.8690 1.6629e+02     116303          9  0.000e+00
    204.027     4.7137     4.7149   3.317810   3.317985     2.3424    -0.3547     0.3873    34.8694 1.6629e+02     116304          9  0.000e+00
    203.938     4.7140     4.7149   3.317816   3.318015     2.3424    -0.3352     0.3873    34.8691 1.6629e+02     116305          9  0.000e+00
    151.863     4.7911     4.7905   3.322220   3.322354     2.3749    -0.2571     0.3971    34.8672 1.7528e+02     119620         10  0.000e+00
    151.879     4.7909     4.7899   3.322208   3.322306     2.3749    -0.2766     0.3971    34.8672 1.7304e+02     119621         10  0.000e+00
    151.751     4.7909     4.7892   3.322189   3.322234     2.3749    -0.2766     0.3971    34.8671 1.7528e+02     119622         10  0.000e+00
