Ship_data/Irminger/Irminger-5/ctd/process/ar30-03014.ros
* Sea-Bird SBE 9 Data File:
* FileName = D:\Data\ar30-03014.hdr
* Software Version Seasave V 7.23.2
* Temperature SN = 4312
* Conductivity SN = 2148
* Number of Bytes Per Scan = 44
* Number of Voltage Words = 5
* Number of Scans Averaged by the Deck Unit = 1
* NMEA Latitude = 59 44.59 N
* NMEA Longitude = 039 35.05 W
* NMEA UTC (Time) = Jun 15 2018  15:52:39
** Cruise ID: ar30-03
** Chief Sci: Macdonald
** Station #: 014
** Site ID: Irminger 5 OSNAP CAB
** Full ocean depth cast at OSNAP CAB site. 3 bottom releases tested.
# nquan = 13
# nvalues = 833                                   
# units = specified
# name 0 = prDM: Pressure, Digiquartz [db]
# name 1 = t090C: Temperature [ITS-90, deg C]
# name 2 = t190C: Temperature, 2 [ITS-90, deg C]
# name 3 = c0S/m: Conductivity [S/m]
# name 4 = c1S/m: Conductivity, 2 [S/m]
# name 5 = sbeox0V: Oxygen raw, SBE 43 [V]
# name 6 = flECO-AFL: Fluorescence, WET Labs ECO-AFL/FL [mg/m^3]
# name 7 = turbWETntu0: Turbidity, WET Labs ECO [NTU]
# name 8 = sal00: Salinity, Practical [PSU]
# name 9 = spar: SPAR/Surface Irradiance
# name 10 = scan: Scan Count
# name 11 = nbf: Bottles Fired
# name 12 = flag:  0.000e+00
# interval = seconds: 0.0416667
# start_time = Jun 15 2018 15:52:39 [System UTC, first data scan.]
# bad_flag = -9.990e-29
*END*
   2794.400     1.3714     1.3720   3.131605   3.131643     1.7779    -0.3743     0.5094    34.8853 5.5057e+02      73120          1  0.000e+00
   2794.467     1.3714     1.3719   3.131618   3.131643     1.7779    -0.3743     0.4996    34.8853 5.5057e+02      73121          1  0.000e+00
   2794.475     1.3714     1.3719   3.131624   3.131655     1.7767    -0.3547     0.4899    34.8854 5.5057e+02      73122          1  0.000e+00
   2794.400     1.3716     1.3719   3.131593   3.131673     1.7767    -0.3743     0.4850    34.8849 5.5057e+02      73123          1  0.000e+00
   2794.467     1.3715     1.3719   3.131612   3.131702     1.7767    -0.3743     0.4850    34.8852 5.5057e+02      73124          1  0.000e+00
   2794.409     1.3714     1.3717   3.131605   3.131655     1.7767    -0.3743     0.4850    34.8852 5.5057e+02      73125          1  0.000e+00
   2794.400     1.3711     1.3717   3.131599   3.131673     1.7767    -0.3743     0.4850    34.8855 5.5057e+02      73126          1  0.000e+00
   2794.400     1.3710     1.3717   3.131556   3.131673     1.7767    -0.3743     0.4850    34.8851 5.5057e+02      73127          1  0.000e+00
   2794.476     1.3709     1.3715   3.131599   3.131596     1.7767    -0.3743     0.4850    34.8857 5.5057e+02      73128          1  0.000e+00
   2794.333     1.3711     1.3717   3.131587   3.131614     1.7779    -0.3547     0.4850    34.8854 5.5057e+02      73129          1  0.000e+00
   2794.342     1.3710     1.3714   3.131568   3.131614     1.7779    -0.3743     0.4850    34.8853 5.5057e+02      73130          1  0.000e+00
   2794.400     1.3708     1.3712   3.131568   3.131626     1.7779    -0.3547     0.4850    34.8855 5.5057e+02      73131          1  0.000e+00
   2794.333     1.3709     1.3715   3.131556   3.131585     1.7767    -0.3743     0.4850    34.8852 5.5057e+02      73132          1  0.000e+00
   2794.342     1.3708     1.3715   3.131562   3.131614     1.7767    -0.3743     0.4850    34.8854 5.5057e+02      73133          1  0.000e+00
   2794.333     1.3707     1.3719   3.131587   3.131596     1.7779    -0.3743     0.4850    34.8859 5.5057e+02      73134          1  0.000e+00
   2794.333     1.3711     1.3715   3.131581   3.131585     1.7779    -0.3743     0.4850    34.8853 5.5057e+02      73135          1  0.000e+00
   2794.283     1.3707     1.3719   3.131587   3.131596     1.7779    -0.3547     0.4850    34.8858 5.5057e+02      73136          1  0.000e+00
   2794.334     1.3708     1.3717   3.131556   3.131614     1.7767    -0.3743     0.4850    34.8853 5.5057e+02      73137          1  0.000e+00
   2794.208     1.3703     1.3715   3.131518   3.131614     1.7767    -0.3743     0.4850    34.8854 5.5057e+02      73138          1  0.000e+00
   2794.283     1.3702     1.3717   3.131512   3.131596     1.7767    -0.3743     0.4850    34.8855 5.5057e+02      73139          1  0.000e+00
   2794.208     1.3706     1.3719   3.131549   3.131614     1.7767    -0.3547     0.4850    34.8856 5.5057e+02      73140          1  0.000e+00
   2794.275     1.3703     1.3717   3.131537   3.131614     1.7779    -0.3743     0.4850    34.8856 5.5057e+02      73141          1  0.000e+00
   2794.149     1.3702     1.3719   3.131518   3.131596     1.7780    -0.3743     0.4850    34.8856 5.5057e+02      73142          1  0.000e+00
   2794.141     1.3703     1.3717   3.131512   3.131584     1.7767    -0.3743     0.4850    34.8854 5.5057e+02      73143          1  0.000e+00
   2794.208     1.3702     1.3717   3.131512   3.131614     1.7767    -0.3743     0.4850    34.8855 5.5057e+02      73144          1  0.000e+00
   2794.149     1.3705     1.3717   3.131512   3.131596     1.7780    -0.3547     0.4850    34.8852 5.5282e+02      73145          1  0.000e+00
   2794.141     1.3705     1.3719   3.131512   3.131584     1.7767    -0.3547     0.4899    34.8852 5.5057e+02      73146          1  0.000e+00
   2794.141     1.3707     1.3715   3.131531   3.131614     1.7767    -0.3547     0.4899    34.8852 5.5282e+02      73147          1  0.000e+00
   2794.091     1.3704     1.3719   3.131537   3.131626     1.7767    -0.3547     0.4899    34.8856 5.5057e+02      73148          1  0.000e+00
   2794.015     1.3705     1.3717   3.131531   3.131614     1.7767    -0.3547     0.4899    34.8855 5.5282e+02      73149          1  0.000e+00
   2794.082     1.3705     1.3717   3.131556   3.131584     1.7767    -0.3547     0.4899    34.8858 5.5282e+02      73150          1  0.000e+00
   2794.024     1.3707     1.3714   3.131531   3.131626     1.7767    -0.3352     0.4899    34.8853 5.5282e+02      73151          1  0.000e+00
   2793.948     1.3706     1.3717   3.131531   3.131614     1.7767    -0.3547     0.4899    34.8855 5.5282e+02      73152          1  0.000e+00
   2794.015     1.3707     1.3719   3.131537   3.131614     1.7767    -0.3547     0.4899    34.8854 5.5282e+02      73153          1  0.000e+00
   2793.957     1.3705     1.3715   3.131518   3.131567     1.7767    -0.3547     0.4899    34.8854 5.5282e+02      73154          1  0.000e+00
   2793.890     1.3707     1.3717   3.131531   3.131614     1.7767    -0.3547     0.4899    34.8854 5.5282e+02      73155          1  0.000e+00
   2793.957     1.3706     1.3717   3.131556   3.131584     1.7767    -0.3352     0.4899    34.8858 5.5282e+02      73156          1  0.000e+00
   2793.890     1.3707     1.3717   3.131549   3.131626     1.7767    -0.3352     0.4899    34.8856 5.5282e+02      73157          1  0.000e+00
   2793.890     1.3703     1.3717   3.131506   3.131584     1.7767    -0.3547     0.4899    34.8854 5.5282e+02      73158          1  0.000e+00
   2793.831     1.3708     1.3717   3.131525   3.131584     1.7767    -0.3352     0.4899    34.8852 5.5282e+02      73159          1  0.000e+00
   2793.823     1.3704     1.3719   3.131518   3.131537     1.7767    -0.3352     0.4899    34.8855 5.5282e+02      73160          1  0.000e+00
   2793.823     1.3707     1.3719   3.131531   3.131584     1.7767    -0.3352     0.4899    34.8854 5.5282e+02      73161          1  0.000e+00
   2793.764     1.3708     1.3717   3.131537   3.131614     1.7767    -0.3352     0.4899    34.8854 5.5282e+02      73162          1  0.000e+00
   2793.756     1.3705     1.3719   3.131518   3.131596     1.7767    -0.3547     0.4899    34.8855 5.5282e+02      73163          1  0.000e+00
   2793.697     1.3704     1.3720   3.131531   3.131614     1.7767    -0.3547     0.4899    34.8858 5.5282e+02      73164          1  0.000e+00
   2793.706     1.3707     1.3720   3.131537   3.131584     1.7767    -0.3352     0.4899    34.8855 5.5282e+02      73165          1  0.000e+00
   2793.697     1.3707     1.3720   3.131537   3.131625     1.7767    -0.3547     0.4899    34.8855 5.5506e+02      73166          1  0.000e+00
   2793.630     1.3707     1.3719   3.131531   3.131614     1.7767    -0.3547     0.4899    34.8855 5.5282e+02      73167          1  0.000e+00
   2793.639     1.3707     1.3720   3.131518   3.131584     1.7767    -0.3547     0.4899    34.8853 5.5506e+02      73168          1  0.000e+00
   2743.181     1.7324     1.7320   3.161086   3.161021     1.7872    -0.3938     0.3873    34.8853 5.6855e+02      77225          2  0.000e+00
   2743.089     1.7320     1.7325   3.161054   3.160991     1.7872    -0.3938     0.3824    34.8855 5.6855e+02      77226          2  0.000e+00
   2743.114     1.7318     1.7325   3.161048   3.161021     1.7872    -0.3938     0.3824    34.8855 5.6855e+02      77227          2  0.000e+00
   2743.181     1.7320     1.7323   3.161055   3.161050     1.7872    -0.3938     0.3824    34.8854 5.6855e+02      77228          2  0.000e+00
   2743.215     1.7321     1.7323   3.161086   3.161021     1.7872    -0.3938     0.3824    34.8856 5.6855e+02      77229          2  0.000e+00
   2743.181     1.7321     1.7323   3.161086   3.161021     1.7872    -0.3938     0.3824    34.8856 5.6855e+02      77230          2  0.000e+00
   2743.181     1.7323     1.7323   3.161055   3.161044     1.7872    -0.3743     0.3824    34.8851 5.6855e+02      77231          2  0.000e+00
   2743.156     1.7323     1.7323   3.161067   3.160991     1.7859    -0.3938     0.3824    34.8852 5.6855e+02      77232          2  0.000e+00
   2743.240     1.7318     1.7325   3.161055   3.161021     1.7872    -0.3938     0.3824    34.8856 5.6855e+02      77233          2  0.000e+00
   2743.181     1.7315     1.7323   3.161086   3.161050     1.7872    -0.3938     0.3824    34.8863 5.6855e+02      77234          2  0.000e+00
   2743.156     1.7318     1.7323   3.161067   3.161050     1.7872    -0.3938     0.3824    34.8858 5.6855e+02      77235          2  0.000e+00
   2743.240     1.7318     1.7325   3.161011   3.161021     1.7872    -0.3938     0.3873    34.8850 5.6855e+02      77236          2  0.000e+00
   2743.181     1.7316     1.7320   3.161011   3.161015     1.7872    -0.3938     0.3824    34.8852 5.6630e+02      77237          2  0.000e+00
   2743.215     1.7318     1.7322   3.161017   3.161050     1.7872    -0.3938     0.3824    34.8851 5.6855e+02      77238          2  0.000e+00
   2743.181     1.7315     1.7322   3.161017   3.161021     1.7872    -0.3743     0.3824    34.8854 5.6855e+02      77239          2  0.000e+00
   2743.181     1.7315     1.7323   3.160998   3.161050     1.7872    -0.3743     0.3775    34.8852 5.6855e+02      77240          2  0.000e+00
   2743.156     1.7316     1.7325   3.161030   3.161021     1.7872    -0.3547     0.3775    34.8855 5.6630e+02      77241          2  0.000e+00
   2743.181     1.7314     1.7323   3.161030   3.161021     1.7872    -0.3743     0.3775    34.8857 5.6855e+02      77242          2  0.000e+00
   2743.181     1.7316     1.7325   3.161036   3.160991     1.7872    -0.3743     0.3775    34.8855 5.6630e+02      77243          2  0.000e+00
   2743.156     1.7316     1.7330   3.161005   3.161044     1.7872    -0.3743     0.3775    34.8852 5.6630e+02      77244          2  0.000e+00
   2743.181     1.7316     1.7330   3.161011   3.161050     1.7872    -0.3743     0.3775    34.8852 5.6855e+02      77245          2  0.000e+00
   2743.022     1.7317     1.7333   3.161042   3.161074     1.7872    -0.3743     0.3775    34.8856 5.6630e+02      77246          2  0.000e+00
   2743.240     1.7318     1.7330   3.161048   3.161050     1.7872    -0.3743     0.3775    34.8855 5.6855e+02      77247          2  0.000e+00
   2743.115     1.7320     1.7331   3.161048   3.161133     1.7872    -0.3743     0.3775    34.8854 5.6630e+02      77248          2  0.000e+00
   2743.156     1.7321     1.7330   3.161067   3.161074     1.7872    -0.3743     0.3775    34.8854 5.6855e+02      77249          2  0.000e+00
   2743.115     1.7321     1.7328   3.161055   3.161074     1.7872    -0.3743     0.3775    34.8853 5.6630e+02      77250          2  0.000e+00
   2743.056     1.7323     1.7328   3.161086   3.161074     1.7872    -0.3743     0.3775    34.8854 5.6855e+02      77251          2  0.000e+00
   2743.090     1.7324     1.7326   3.161104   3.161021     1.7872    -0.3743     0.3775    34.8855 5.6630e+02      77252          2  0.000e+00
   2743.115     1.7329     1.7328   3.161086   3.161050     1.7872    -0.3743     0.3775    34.8848 5.6630e+02      77253          2  0.000e+00
   2742.989     1.7331     1.7330   3.161098   3.161074     1.7859    -0.3743     0.3775    34.8848 5.6855e+02      77254          2  0.000e+00
   2743.090     1.7334     1.7331   3.161129   3.161074     1.7872    -0.3743     0.3775    34.8848 5.6855e+02      77255          2  0.000e+00
   2742.989     1.7333     1.7330   3.161135   3.161103     1.7872    -0.3743     0.3775    34.8851 5.6855e+02      77256          2  0.000e+00
   2742.989     1.7334     1.7333   3.161135   3.161103     1.7872    -0.3743     0.3775    34.8849 5.6630e+02      77257          2  0.000e+00
   2742.964     1.7333     1.7333   3.161154   3.161103     1.7872    -0.3743     0.3775    34.8853 5.6630e+02      77258          2  0.000e+00
   2742.989     1.7334     1.7336   3.161142   3.161074     1.7872    -0.3743     0.3775    34.8850 5.6630e+02      77259          2  0.000e+00
   2742.922     1.7335     1.7336   3.161154   3.161133     1.7872    -0.3743     0.3775    34.8851 5.6630e+02      77260          2  0.000e+00
   2742.897     1.7334     1.7336   3.161160   3.161133     1.7872    -0.3743     0.3775    34.8853 5.6630e+02      77261          2  0.000e+00
   2742.864     1.7335     1.7336   3.161160   3.161133     1.7872    -0.3743     0.3775    34.8852 5.6630e+02      77262          2  0.000e+00
   2742.922     1.7335     1.7338   3.161167   3.161162     1.7872    -0.3743     0.3824    34.8852 5.6630e+02      77263          2  0.000e+00
   2742.771     1.7336     1.7341   3.161148   3.161162     1.7872    -0.3743     0.3824    34.8850 5.6855e+02      77264          2  0.000e+00
   2742.864     1.7335     1.7341   3.161154   3.161133     1.7872    -0.3743     0.3824    34.8851 5.6630e+02      77265          2  0.000e+00
   2742.797     1.7335     1.7342   3.161160   3.161133     1.7872    -0.3743     0.3824    34.8852 5.6855e+02      77266          2  0.000e+00
   2742.705     1.7337     1.7341   3.161160   3.161133     1.7872    -0.3743     0.3824    34.8851 5.6630e+02      77267          2  0.000e+00
   2742.797     1.7334     1.7342   3.161179   3.161162     1.7872    -0.3743     0.3873    34.8855 5.6630e+02      77268          2  0.000e+00
   2742.671     1.7335     1.7342   3.161173   3.161191     1.7872    -0.3743     0.3824    34.8854 5.6630e+02      77269          2  0.000e+00
   2742.705     1.7336     1.7342   3.161142   3.161162     1.7859    -0.3743     0.3824    34.8850 5.6630e+02      77270          2  0.000e+00
   2742.671     1.7337     1.7347   3.161173   3.161162     1.7872    -0.3743     0.3824    34.8852 5.6630e+02      77271          2  0.000e+00
   2742.604     1.7337     1.7344   3.161179   3.161191     1.7859    -0.3743     0.3824    34.8853 5.6630e+02      77272          2  0.000e+00
   2742.579     1.7337     1.7344   3.161166   3.161132     1.7872    -0.3743     0.3873    34.8852 5.6630e+02      77273          2  0.000e+00
   2540.398     2.4159     2.4160   3.214249   3.214101     1.8056    -0.3938     0.3531    34.8991 5.6855e+02      84832          3  0.000e+00
   2540.699     2.4157     2.4164   3.214262   3.214219     1.8056    -0.3938     0.3531    34.8992 5.7079e+02      84833          3  0.000e+00
   2540.632     2.4157     2.4169   3.214249   3.214279     1.8044    -0.3938     0.3531    34.8991 5.7079e+02      84834          3  0.000e+00
   2540.507     2.4161     2.4171   3.214231   3.214279     1.8056    -0.3938     0.3531    34.8986 5.7079e+02      84835          3  0.000e+00
   2540.524     2.4161     2.4172   3.214281   3.214279     1.8056    -0.3938     0.3580    34.8992 5.7079e+02      84836          3  0.000e+00
   2540.440     2.4159     2.4172   3.214281   3.214338     1.8056    -0.3938     0.3531    34.8994 5.7079e+02      84837          3  0.000e+00
   2540.373     2.4159     2.4174   3.214274   3.214308     1.8056    -0.3938     0.3531    34.8994 5.7304e+02      84838          3  0.000e+00
   2540.340     2.4162     2.4172   3.214274   3.214308     1.8056    -0.3938     0.3531    34.8990 5.7304e+02      84839          3  0.000e+00
   2540.315     2.4161     2.4174   3.214287   3.214368     1.8056    -0.3938     0.3531    34.8994 5.7304e+02      84840          3  0.000e+00
   2540.248     2.4162     2.4172   3.214281   3.214308     1.8056    -0.3938     0.3531    34.8992 5.7304e+02      84841          3  0.000e+00
   2540.181     2.4161     2.4172   3.214299   3.214338     1.8056    -0.3938     0.3531    34.8996 5.7304e+02      84842          3  0.000e+00
   2540.206     2.4161     2.4174   3.214281   3.214308     1.8056    -0.3938     0.3531    34.8994 5.7304e+02      84843          3  0.000e+00
   2540.123     2.4162     2.4172   3.214312   3.214308     1.8056    -0.3938     0.3531    34.8996 5.7304e+02      84844          3  0.000e+00
