Ship_data/Irminger/Irminger-5/ctd/process/ar30-03017.cnv
* Sea-Bird SBE 9 Data File:
* FileName = D:\Data\ar30-03017.hdr
* Software Version Seasave V 7.23.2
* Temperature SN = 4312
* Conductivity SN = 2148
* Number of Bytes Per Scan = 44
* Number of Voltage Words = 5
* Number of Scans Averaged by the Deck Unit = 1
* NMEA Latitude = 59 51.17 N
* NMEA Longitude = 040 42.29 W
* NMEA UTC (Time) = Jun 18 2018  13:04:33
** Cruise ID: ar30-03
** Chief Sci: Macdonald
** Station #: 017
** Site ID: Irminger 5 OSNAP M2
# nquan = 18
# nvalues = 4982                        
# units = specified
# name 0 = prDM: Pressure, Digiquartz [db]
# name 1 = t090C: Temperature [ITS-90, deg C]
# name 2 = t190C: Temperature, 2 [ITS-90, deg C]
# name 3 = c0S/m: Conductivity [S/m]
# name 4 = c1S/m: Conductivity, 2 [S/m]
# name 5 = sbeox0V: Oxygen raw, SBE 43 [V]
# name 6 = flECO-AFL: Fluorescence, WET Labs ECO-AFL/FL [mg/m^3]
# name 7 = turbWETntu0: Turbidity, WET Labs ECO [NTU]
# name 8 = sal00: Salinity, Practical [PSU]
# name 9 = spar: SPAR/Surface Irradiance
# name 10 = depSM: Depth [salt water, m], lat = 59.8528
# name 11 = sal00: Salinity, Practical [PSU]
# name 12 = sal11: Salinity, Practical, 2 [PSU]
# name 13 = sbeox0ML/L: Oxygen, SBE 43 [ml/l], WS = 2
# name 14 = svCM: Sound Velocity [Chen-Millero, m/s]
# name 15 = sigma-é00: Density [sigma-theta, kg/m^3]
# name 16 = sigma-é11: Density, 2 [sigma-theta, kg/m^3]
# name 17 = flag: flag
# span 0 =      3.000,   2494.000       
# span 1 =     1.5085,     6.5474       
# span 2 =     1.5092,     6.5475       
# span 3 =   3.130347,   3.475756       
# span 4 =   3.130401,   3.475894       
# span 5 =     1.8188,     2.8332       
# span 6 =    -0.4193,     8.1276       
# span 7 =     0.3433,     0.7129       
# span 8 =    34.8554,    34.9257       
# span 9 = 8.6155e+02, 2.7219e+03       
# span 10 =      2.972,   2455.926      
# span 11 =    34.8546,    34.9256      
# span 12 =    34.8564,    34.9262      
# span 13 =     5.9332,     7.2844      
# span 14 =    1471.30,    1497.27      
# span 15 =    27.3815,    27.9311      
# span 16 =    27.3830,    27.9310      
# span 17 = 0.0000e+00, 0.0000e+00      
# interval = decibars: 1                
# start_time = Jun 18 2018 13:04:33 [System UTC, first data scan.]
# bad_flag = -9.990e-29
*END*
[from data line 2734]
   2250.000     2.2073     2.2074   3.184605   3.184602     1.8451    -0.3810     0.3600    34.8990 1.2018e+03   2216.911    34.8996    34.8995     6.2461    1496.21    27.8877    27.8876 0.0000e+00
   2249.000     2.2090     2.2093   3.184689   3.184695     1.8456    -0.3932     0.3555    34.8989 1.2064e+03   2215.930    34.8994    34.8991     6.2473    1496.20    27.8874    27.8871 0.0000e+00
   2248.000     2.2104     2.2100   3.184753   3.184710     1.8456    -0.3938     0.3580    34.8986 1.1877e+03   2214.950    34.8991    34.8990     6.2464    1496.19    27.8870    27.8869 0.0000e+00
   2247.000     2.2138     2.2136   3.185031   3.184966     1.8464    -0.3920     0.3580    34.8984 1.2008e+03   2213.970    34.8994    34.8987     6.2487    1496.19    27.8870    27.8864 0.0000e+00
   2246.000     2.2192     2.2208   3.185368   3.185523     1.8467    -0.3707     0.3580    34.8973 1.2318e+03   2212.990    34.8982    34.8984     6.2481    1496.19    27.8855    27.8856 0.0000e+00
   2245.000     2.2230     2.2249   3.185704   3.185827     1.8468    -0.3709     0.3535    34.8977 1.3013e+03   2212.010    34.8987    34.8981     6.2474    1496.19    27.8857    27.8851 0.0000e+00
   2244.000     2.2262     2.2272   3.185879   3.185945     1.8468    -0.3908     0.3575    34.8972 1.3181e+03   2211.030    34.8979    34.8977     6.2460    1496.19    27.8847    27.8845 0.0000e+00
   2243.000     2.2269     2.2282   3.185906   3.185970     1.8472    -0.3928     0.3553    34.8972 1.2844e+03   2210.050    34.8979    34.8973     6.2467    1496.18    27.8847    27.8841 0.0000e+00
   2242.000     2.2278     2.2287   3.185899   3.185957     1.8480    -0.3814     0.3555    34.8968 1.2457e+03   2209.069    34.8973    34.8971     6.2493    1496.16    27.8842    27.8839 0.0000e+00
   2241.000     2.2296     2.2298   3.185974   3.185970     1.8481    -0.3800     0.3580    34.8961 1.2105e+03   2208.089    34.8968    34.8966     6.2488    1496.15    27.8836    27.8834 0.0000e+00
   2240.000     2.2310     2.2314   3.186014   3.186036     1.8488    -0.3849     0.3580    34.8957 1.1915e+03   2207.109    34.8963    34.8961     6.2510    1496.14    27.8831    27.8829 0.0000e+00
   2239.000     2.2319     2.2334   3.186022   3.186129     1.8496    -0.3808     0.3580    34.8955 1.1825e+03   2206.129    34.8960    34.8957     6.2536    1496.13    27.8827    27.8824 0.0000e+00
   2238.000     2.2324     2.2344   3.186046   3.186171     1.8503    -0.3934     0.3580    34.8957 1.1714e+03   2205.149    34.8962    34.8956     6.2563    1496.11    27.8828    27.8822 0.0000e+00
   2237.000     2.2339     2.2342   3.186138   3.186136     1.8507    -0.3773     0.3594    34.8957 1.1375e+03   2204.169    34.8962    34.8959     6.2568    1496.10    27.8827    27.8825 0.0000e+00
   2236.000     2.2398     2.2356   3.186582   3.186208     1.8521    -0.3915     0.3627    34.8953 1.1228e+03   2203.188    34.8958    34.8956     6.2615    1496.11    27.8819    27.8822 0.0000e+00
   2235.000     2.2401     2.2386   3.186593   3.186445     1.8530    -0.3831     0.3600    34.8957 1.1532e+03   2202.208    34.8961    34.8958     6.2648    1496.10    27.8821    27.8821 0.0000e+00
   2234.000     2.2413     2.2421   3.186654   3.186708     1.8530    -0.3801     0.3576    34.8961 1.2122e+03   2201.228    34.8960    34.8958     6.2640    1496.08    27.8820    27.8818 0.0000e+00
   2233.000     2.2421     2.2426   3.186683   3.186710     1.8547    -0.3715     0.3599    34.8960 1.1870e+03   2200.248    34.8960    34.8958     6.2707    1496.07    27.8819    27.8817 0.0000e+00
   2232.000     2.2429     2.2434   3.186694   3.186723     1.8552    -0.3781     0.3604    34.8957 1.1643e+03   2199.268    34.8957    34.8955     6.2721    1496.06    27.8816    27.8814 0.0000e+00
   2231.000     2.2430     2.2437   3.186656   3.186707     1.8553    -0.3731     0.3551    34.8957 1.2015e+03   2198.288    34.8957    34.8955     6.2719    1496.04    27.8816    27.8813 0.0000e+00
   2230.000     2.2432     2.2441   3.186634   3.186684     1.8551    -0.3685     0.3530    34.8957 1.2149e+03   2197.307    34.8957    34.8953     6.2701    1496.02    27.8815    27.8812 0.0000e+00
   2229.000     2.2438     2.2448   3.186666   3.186734     1.8556    -0.3732     0.3581    34.8958 1.2233e+03   2196.327    34.8959    34.8956     6.2714    1496.01    27.8816    27.8814 0.0000e+00
   2228.000     2.2445     2.2454   3.186680   3.186737     1.8558    -0.3791     0.3604    34.8957 1.2256e+03   2195.347    34.8958    34.8956     6.2714    1496.00    27.8815    27.8813 0.0000e+00
   2227.000     2.2446     2.2453   3.186650   3.186702     1.8561    -0.3911     0.3628    34.8957 1.2215e+03   2194.367    34.8958    34.8957     6.2721    1495.98    27.8815    27.8813 0.0000e+00
   2226.000     2.2458     2.2458   3.186724   3.186707     1.8561    -0.3850     0.3629    34.8958 1.2024e+03   2193.386    34.8959    34.8957     6.2709    1495.97    27.8815    27.8813 0.0000e+00
   2225.000     2.2450     2.2458   3.186600   3.186644     1.8558    -0.3667     0.3638    34.8957 1.1788e+03   2192.406    34.8957    34.8954     6.2688    1495.95    27.8814    27.8811 0.0000e+00
   2224.000     2.2464     2.2480   3.186682   3.186797     1.8563    -0.3935     0.3628    34.8956 1.1875e+03   2191.426    34.8957    34.8954     6.2702    1495.94    27.8813    27.8809 0.0000e+00
   2223.000     2.2480     2.2501   3.186812   3.186946     1.8563    -0.3783     0.3603    34.8955 1.1885e+03   2190.446    34.8961    34.8954     6.2690    1495.93    27.8814    27.8807 0.0000e+00
   2222.000     2.2524     2.2542   3.187127   3.187246     1.8565    -0.3743     0.3580    34.8950 1.1877e+03   2189.465    34.8957    34.8952     6.2682    1495.93    27.8807    27.8802 0.0000e+00
   2221.000     2.2548     2.2557   3.187292   3.187347     1.8570    -0.3705     0.3627    34.8952 1.1860e+03   2188.485    34.8956    34.8953     6.2692    1495.92    27.8805    27.8802 0.0000e+00
   2220.000     2.2586     2.2602   3.187623   3.187700     1.8576    -0.3730     0.3629    34.8951 1.1828e+03   2187.505    34.8961    34.8954     6.2703    1495.92    27.8805    27.8798 0.0000e+00
   2219.000     2.2634     2.2632   3.187971   3.187918     1.8577    -0.3697     0.3629    34.8949 1.1743e+03   2186.525    34.8957    34.8953     6.2695    1495.93    27.8798    27.8795 0.0000e+00
   2218.000     2.2651     2.2653   3.188047   3.188066     1.8584    -0.3698     0.3582    34.8947 1.1599e+03   2185.544    34.8952    34.8953     6.2716    1495.92    27.8793    27.8794 0.0000e+00
   2217.000     2.2632     2.2624   3.187848   3.187787     1.8584    -0.3797     0.3620    34.8951 1.1384e+03   2184.564    34.8953    34.8955     6.2710    1495.89    27.8795    27.8798 0.0000e+00
   2216.000     2.2628     2.2629   3.187819   3.187774     1.8587    -0.3722     0.3575    34.8951 1.1332e+03   2183.584    34.8959    34.8953     6.2716    1495.87    27.8800    27.8796 0.0000e+00
   2215.000     2.2727     2.2772   3.188628   3.188968     1.8588    -0.3776     0.3610    34.8946 1.1433e+03   2182.604    34.8957    34.8950     6.2697    1495.90    27.8791    27.8782 0.0000e+00
   2214.000     2.2794     2.2840   3.189231   3.189559     1.8588    -0.3908     0.3675    34.8947 1.1503e+03   2181.623    34.8963    34.8954     6.2676    1495.91    27.8790    27.8779 0.0000e+00
   2213.000     2.2853     2.2871   3.189705   3.189834     1.8589    -0.3625     0.3644    34.8951 1.1549e+03   2180.643    34.8963    34.8959     6.2662    1495.92    27.8786    27.8781 0.0000e+00
   2212.000     2.2879     2.2886   3.189890   3.189931     1.8590    -0.3504     0.3628    34.8952 1.1555e+03   2179.663    34.8962    34.8959     6.2653    1495.92    27.8783    27.8780 0.0000e+00
   2211.000     2.2893     2.2909   3.189967   3.190098     1.8590    -0.3916     0.3580    34.8954 1.1505e+03   2178.683    34.8962    34.8961     6.2643    1495.90    27.8781    27.8779 0.0000e+00
   2210.000     2.2888     2.2899   3.189900   3.189988     1.8589    -0.3782     0.3604    34.8957 1.1351e+03   2177.702    34.8964    34.8963     6.2631    1495.89    27.8783    27.8781 0.0000e+00
   2209.000     2.2893     2.2890   3.189894   3.189850     1.8588    -0.3928     0.3590    34.8957 1.1106e+03   2176.722    34.8962    34.8961     6.2617    1495.87    27.8781    27.8780 0.0000e+00
   2208.000     2.2912     2.2916   3.190001   3.190030     1.8589    -0.3716     0.3582    34.8954 1.1172e+03   2175.742    34.8960    34.8959     6.2607    1495.86    27.8778    27.8777 0.0000e+00
   2207.000     2.2920     2.2943   3.190057   3.190229     1.8589    -0.3731     0.3633    34.8956 1.1253e+03   2174.761    34.8963    34.8959     6.2598    1495.85    27.8779    27.8775 0.0000e+00
   2206.000     2.2947     2.2965   3.190287   3.190403     1.8589    -0.3743     0.3629    34.8958 1.1332e+03   2173.781    34.8966    34.8962     6.2584    1495.84    27.8780    27.8775 0.0000e+00
   2205.000     2.2961     2.2971   3.190341   3.190408     1.8589    -0.3705     0.3629    34.8958 1.1380e+03   2172.801    34.8963    34.8961     6.2574    1495.83    27.8776    27.8774 0.0000e+00
   2204.000     2.2966     2.2974   3.190347   3.190400     1.8590    -0.3731     0.3587    34.8959 1.1427e+03   2171.820    34.8964    34.8962     6.2571    1495.82    27.8776    27.8774 0.0000e+00
   2203.000     2.2975     2.2976   3.190370   3.190388     1.8593    -0.3698     0.3580    34.8957 1.1441e+03   2170.840    34.8962    34.8962     6.2575    1495.81    27.8774    27.8774 0.0000e+00
   2202.000     2.2965     2.2970   3.190253   3.190287     1.8596    -0.3811     0.3652    34.8961 1.1210e+03   2169.860    34.8963    34.8962     6.2580    1495.78    27.8776    27.8775 0.0000e+00
   2201.000     2.2976     2.3018   3.190295   3.190602     1.8601    -0.3659     0.3622    34.8957 1.1136e+03   2168.879    34.8961    34.8953     6.2597    1495.77    27.8773    27.8764 0.0000e+00
   2200.000     2.3010     2.3066   3.190604   3.190978     1.8602    -0.3683     0.3579    34.8954 1.1146e+03   2167.899    34.8967    34.8953     6.2587    1495.77    27.8775    27.8759 0.0000e+00
   2199.000     2.3118     2.3172   3.191565   3.191884     1.8607    -0.3924     0.3674    34.8951 1.1156e+03   2166.919    34.8973    34.8954     6.2579    1495.80    27.8771    27.8752 0.0000e+00
   2198.000     2.3194     2.3225   3.192136   3.192335     1.8607    -0.3922     0.3678    34.8950 1.1180e+03   2165.938    34.8967    34.8958     6.2557    1495.82    27.8760    27.8750 0.0000e+00
   2197.000     2.3236     2.3281   3.192473   3.192790     1.8611    -0.3938     0.3633    34.8951 1.1208e+03   2164.958    34.8968    34.8958     6.2562    1495.82    27.8757    27.8746 0.0000e+00
   2196.000     2.3293     2.3319   3.192914   3.193083     1.8614    -0.3925     0.3619    34.8950 1.1239e+03   2163.978    34.8965    34.8959     6.2557    1495.83    27.8750    27.8743 0.0000e+00
   2195.000     2.3319     2.3349   3.193101   3.193296     1.8614    -0.3929     0.3582    34.8953 1.1306e+03   2162.997    34.8966    34.8957     6.2544    1495.82    27.8749    27.8740 0.0000e+00
   2194.000     2.3321     2.3310   3.193050   3.192963     1.8616    -0.3773     0.3580    34.8955 1.1465e+03   2162.017    34.8962    34.8963     6.2543    1495.80    27.8745    27.8747 0.0000e+00
   2193.000     2.3329     2.3354   3.193059   3.193249     1.8615    -0.3905     0.3580    34.8953 1.1403e+03   2161.036    34.8959    34.8955     6.2532    1495.79    27.8743    27.8738 0.0000e+00
   2192.000     2.3348     2.3401   3.193238   3.193642     1.8616    -0.3791     0.3583    34.8953 1.1330e+03   2160.056    34.8965    34.8958     6.2522    1495.78    27.8746    27.8736 0.0000e+00
   2191.000     2.3425     2.3464   3.193863   3.194145     1.8624    -0.3766     0.3605    34.8950 1.1261e+03   2159.076    34.8964    34.8956     6.2537    1495.80    27.8739    27.8729 0.0000e+00
   2190.000     2.3482     2.3513   3.194319   3.194551     1.8626    -0.3926     0.3678    34.8950 1.1211e+03   2158.095    34.8963    34.8958     6.2529    1495.81    27.8733    27.8727 0.0000e+00
   2189.000     2.3527     2.3542   3.194656   3.194767     1.8627    -0.3740     0.3600    34.8948 1.1192e+03   2157.115    34.8961    34.8958     6.2516    1495.81    27.8728    27.8724 0.0000e+00
   2188.000     2.3554     2.3557   3.194842   3.194868     1.8627    -0.3734     0.3581    34.8951 1.1224e+03   2156.135    34.8960    34.8960     6.2504    1495.80    27.8725    27.8724 0.0000e+00
   2187.000     2.3558     2.3554   3.194841   3.194805     1.8627    -0.3711     0.3608    34.8953 1.1340e+03   2155.154    34.8960    34.8960     6.2495    1495.79    27.8725    27.8724 0.0000e+00
   2186.000     2.3553     2.3542   3.194758   3.194653     1.8626    -0.3862     0.3589    34.8953 1.1553e+03   2154.174    34.8960    34.8959     6.2484    1495.77    27.8725    27.8725 0.0000e+00
   2185.000     2.3571     2.3561   3.194846   3.194767     1.8623    -0.3707     0.3580    34.8952 1.1634e+03   2153.193    34.8957    34.8957     6.2459    1495.76    27.8720    27.8722 0.0000e+00
   2184.000     2.3570     2.3577   3.194818   3.194865     1.8627    -0.3723     0.3580    34.8953 1.1610e+03   2152.213    34.8959    34.8957     6.2469    1495.74    27.8722    27.8720 0.0000e+00
   2183.000     2.3575     2.3584   3.194834   3.194891     1.8627    -0.3914     0.3670    34.8954 1.1551e+03   2151.232    34.8960    34.8958     6.2460    1495.73    27.8723    27.8720 0.0000e+00
   2182.000     2.3617     2.3631   3.195172   3.195258     1.8628    -0.3760     0.3604    34.8953 1.1505e+03   2150.252    34.8962    34.8957     6.2447    1495.73    27.8721    27.8716 0.0000e+00
   2181.000     2.3651     2.3653   3.195401   3.195405     1.8633    -0.3871     0.3580    34.8950 1.1497e+03   2149.272    34.8958    34.8956     6.2456    1495.73    27.8715    27.8713 0.0000e+00
   2180.000     2.3704     2.3702   3.195820   3.195756     1.8638    -0.3924     0.3580    34.8947 1.1526e+03   2148.291    34.8957    34.8951     6.2464    1495.73    27.8709    27.8705 0.0000e+00
   2179.000     2.3741     2.3757   3.196153   3.196233     1.8642    -0.3729     0.3619    34.8952 1.1553e+03   2147.311    34.8963    34.8955     6.2465    1495.73    27.8712    27.8704 0.0000e+00
   2178.000     2.3846     2.3882   3.197001   3.197254     1.8651    -0.3848     0.3629    34.8941 1.1555e+03   2146.330    34.8959    34.8951     6.2481    1495.76    27.8700    27.8690 0.0000e+00
   2177.000     2.3906     2.3916   3.197460   3.197546     1.8653    -0.3939     0.3629    34.8944 1.1556e+03   2145.350    34.8956    34.8956     6.2469    1495.77    27.8692    27.8691 0.0000e+00
   2176.000     2.3981     2.3964   3.198141   3.197960     1.8655    -0.3938     0.3603    34.8944 1.1594e+03   2144.369    34.8963    34.8959     6.2460    1495.79    27.8691    27.8689 0.0000e+00
   2175.000     2.4044     2.4025   3.198623   3.198455     1.8658    -0.3794     0.3558    34.8945 1.1655e+03   2143.389    34.8959    34.8959     6.2453    1495.80    27.8683    27.8684 0.0000e+00
   2174.000     2.4065     2.4074   3.198796   3.198842     1.8658    -0.3852     0.3593    34.8951 1.1687e+03   2142.408    34.8962    34.8958     6.2443    1495.79    27.8684    27.8680 0.0000e+00
   2173.000     2.4094     2.4106   3.199013   3.199115     1.8662    -0.3940     0.3630    34.8951 1.1685e+03   2141.428    34.8962    34.8962     6.2445    1495.78    27.8682    27.8680 0.0000e+00
   2172.000     2.4103     2.4115   3.199060   3.199150     1.8664    -0.3938     0.3610    34.8953 1.1698e+03   2140.448    34.8963    34.8961     6.2443    1495.77    27.8681    27.8679 0.0000e+00
   2171.000     2.4111     2.4121   3.199081   3.199169     1.8665    -0.3928     0.3579    34.8955 1.1727e+03   2139.467    34.8963    34.8963     6.2439    1495.76    27.8680    27.8679 0.0000e+00
