Ship_data/Irminger/Irminger-5/ctd/process/ar30-03015.ros
* Sea-Bird SBE 9 Data File:
* FileName = D:\Data\ar30-03015.hdr
* Software Version Seasave V 7.23.2
* Temperature SN = 4312
* Conductivity SN = 2148
* Number of Bytes Per Scan = 44
* Number of Voltage Words = 5
* Number of Scans Averaged by the Deck Unit = 1
* NMEA Latitude = 59 43.05 N
* NMEA Longitude = 039 20.31 W
* NMEA UTC (Time) = Jun 16 2018  13:54:45
** Cruise ID: ar30-03
** Chief Sci: Macdonald
** Station #: 015
** Site ID: Irminger 5 FLMB
** Redo of ctd cast at FLMB. 3 releases being tested.
# nquan = 13
# nvalues = 1078                                  
# units = specified
# name 0 = prDM: Pressure, Digiquartz [db]
# name 1 = t090C: Temperature [ITS-90, deg C]
# name 2 = t190C: Temperature, 2 [ITS-90, deg C]
# name 3 = c0S/m: Conductivity [S/m]
# name 4 = c1S/m: Conductivity, 2 [S/m]
# name 5 = sbeox0V: Oxygen raw, SBE 43 [V]
# name 6 = flECO-AFL: Fluorescence, WET Labs ECO-AFL/FL [mg/m^3]
# name 7 = turbWETntu0: Turbidity, WET Labs ECO [NTU]
# name 8 = sal00: Salinity, Practical [PSU]
# name 9 = spar: SPAR/Surface Irradiance
# name 10 = scan: Scan Count
# name 11 = nbf: Bottles Fired
# name 12 = flag:  0.000e+00
# interval = seconds: 0.0416667
# start_time = Jun 16 2018 13:54:45 [System UTC, first data scan.]
# bad_flag = -9.990e-29
*END*
[from data line 223]
   1014.282     3.3017     3.3014   3.226574   3.226593     2.2118    -0.3743     0.3678    34.8581 2.2517e+03     153889          5  0.000e+00
   1014.274     3.3020     3.3013   3.226587   3.226622     2.2118    -0.3938     0.3678    34.8579 2.2540e+03     153890          5  0.000e+00
   1014.404     3.3019     3.3016   3.226568   3.226622     2.2118    -0.3743     0.3678    34.8578 2.2540e+03     153891          5  0.000e+00
   1014.396     3.3020     3.3014   3.226562   3.226652     2.2105    -0.3743     0.3678    34.8576 2.2517e+03     153892          5  0.000e+00
   1014.461     3.3018     3.3016   3.226562   3.226622     2.2105    -0.3938     0.3678    34.8577 2.2517e+03     153893          5  0.000e+00
   1014.404     3.3021     3.3016   3.226524   3.226652     2.2105    -0.3743     0.3678    34.8571 2.2517e+03     153894          5  0.000e+00
   1014.461     3.3018     3.3016   3.226574   3.226622     2.2105    -0.3938     0.3678    34.8579 2.2540e+03     153895          5  0.000e+00
   1014.527     3.3017     3.3016   3.226593   3.226652     2.2118    -0.3938     0.3726    34.8582 2.2540e+03     153896          5  0.000e+00
   1014.584     3.3017     3.3019   3.226574   3.226617     2.2105    -0.3743     0.3678    34.8580 2.2517e+03     153897          5  0.000e+00
   1014.584     3.3018     3.3017   3.226562   3.226593     2.2105    -0.3938     0.3678    34.8576 2.2540e+03     153898          5  0.000e+00
   1014.584     3.3019     3.3017   3.226562   3.226652     2.2118    -0.3938     0.3726    34.8576 2.2540e+03     153899          5  0.000e+00
   1014.641     3.3018     3.3017   3.226568   3.226652     2.2105    -0.3938     0.3678    34.8577 2.2540e+03     153900          5  0.000e+00
   1014.706     3.3017     3.3017   3.226562   3.226682     2.2118    -0.3743     0.3678    34.8577 2.2517e+03     153901          5  0.000e+00
   1014.641     3.3018     3.3019   3.226562   3.226652     2.2118    -0.3743     0.3678    34.8576 2.2540e+03     153902          5  0.000e+00
   1014.706     3.3018     3.3019   3.226581   3.226652     2.2118    -0.3547     0.3678    34.8578 2.2562e+03     153903          5  0.000e+00
   1014.763     3.3019     3.3017   3.226574   3.226652     2.2118    -0.3743     0.3678    34.8577 2.2562e+03     153904          5  0.000e+00
   1014.584     3.3018     3.3016   3.226568   3.226652     2.2105    -0.3743     0.3678    34.8577 2.2562e+03     153905          5  0.000e+00
   1015.008     3.3017     3.3019   3.226562   3.226652     2.2105    -0.3743     0.3678    34.8575 2.2540e+03     153906          5  0.000e+00
   1014.828     3.3018     3.3016   3.226562   3.226682     2.2118    -0.3547     0.3678    34.8575 2.2540e+03     153907          5  0.000e+00
   1014.828     3.3018     3.3016   3.226549   3.226682     2.2118    -0.3547     0.3678    34.8574 2.2562e+03     153908          5  0.000e+00
   1014.885     3.3017     3.3014   3.226574   3.226652     2.2105    -0.3547     0.3678    34.8578 2.2562e+03     153909          5  0.000e+00
   1014.894     3.3018     3.3016   3.226593   3.226652     2.2105    -0.3743     0.3678    34.8579 2.2562e+03     153910          5  0.000e+00
    762.816     3.3859     3.3856   3.223917   3.223971     2.2779    -0.3938     0.3678    34.8679 2.2158e+03     162893          6  0.000e+00
    762.881     3.3856     3.3853   3.223892   3.224000     2.2779    -0.3938     0.3678    34.8679 2.2158e+03     162894          6  0.000e+00
    762.751     3.3859     3.3853   3.223955   3.223983     2.2779    -0.3938     0.3726    34.8684 2.2180e+03     162895          6  0.000e+00
    762.881     3.3857     3.3855   3.223949   3.224000     2.2779    -0.3938     0.3726    34.8684 2.2180e+03     162896          6  0.000e+00
    762.873     3.3856     3.3855   3.223911   3.223971     2.2779    -0.3938     0.3678    34.8682 2.2158e+03     162897          6  0.000e+00
    762.816     3.3858     3.3855   3.223917   3.224030     2.2779    -0.3938     0.3726    34.8680 2.2158e+03     162898          6  0.000e+00
    762.873     3.3856     3.3856   3.223930   3.223971     2.2779    -0.3743     0.3678    34.8684 2.2180e+03     162899          6  0.000e+00
    762.881     3.3857     3.3853   3.223930   3.224000     2.2779    -0.3743     0.3678    34.8682 2.2180e+03     162900          6  0.000e+00
    762.929     3.3859     3.3857   3.223911   3.224000     2.2779    -0.3938     0.3726    34.8678 2.2135e+03     162901          6  0.000e+00
    762.881     3.3856     3.3855   3.223898   3.224030     2.2791    -0.3938     0.3678    34.8680 2.2135e+03     162902          6  0.000e+00
    762.873     3.3859     3.3855   3.223898   3.224000     2.2791    -0.3743     0.3678    34.8677 2.2158e+03     162903          6  0.000e+00
    762.929     3.3855     3.3859   3.223917   3.224000     2.2791    -0.3938     0.3678    34.8683 2.2158e+03     162904          6  0.000e+00
    762.938     3.3857     3.3855   3.223911   3.223983     2.2791    -0.3938     0.3678    34.8680 2.2158e+03     162905          6  0.000e+00
    762.929     3.3856     3.3855   3.223898   3.224000     2.2779    -0.3938     0.3678    34.8680 2.2180e+03     162906          6  0.000e+00
    763.002     3.3856     3.3855   3.223917   3.224030     2.2779    -0.3743     0.3678    34.8682 2.2180e+03     162907          6  0.000e+00
    762.929     3.3859     3.3853   3.223930   3.224000     2.2779    -0.3938     0.3678    34.8680 2.2180e+03     162908          6  0.000e+00
    763.002     3.3856     3.3853   3.223930   3.224000     2.2779    -0.3938     0.3726    34.8683 2.2158e+03     162909          6  0.000e+00
    762.994     3.3856     3.3857   3.223892   3.224000     2.2791    -0.3743     0.3678    34.8679 2.2158e+03     162910          6  0.000e+00
    763.059     3.3854     3.3857   3.223930   3.224001     2.2791    -0.3938     0.3678    34.8685 2.2158e+03     162911          6  0.000e+00
    762.994     3.3857     3.3853   3.223898   3.224030     2.2779    -0.3938     0.3678    34.8678 2.2203e+03     162912          6  0.000e+00
    763.002     3.3856     3.3855   3.223911   3.224060     2.2779    -0.3743     0.3678    34.8681 2.2203e+03     162913          6  0.000e+00
    763.051     3.3856     3.3855   3.223911   3.224001     2.2779    -0.3743     0.3678    34.8681 2.2158e+03     162914          6  0.000e+00
    763.059     3.3857     3.3855   3.223917   3.224012     2.2791    -0.3938     0.3678    34.8680 2.2158e+03     162915          6  0.000e+00
    763.116     3.3854     3.3857   3.223911   3.224030     2.2779    -0.3743     0.3678    34.8682 2.2135e+03     162916          6  0.000e+00
    763.059     3.3854     3.3853   3.223898   3.224030     2.2791    -0.3938     0.3726    34.8681 2.2158e+03     162917          6  0.000e+00
    763.116     3.3855     3.3853   3.223898   3.224030     2.2779    -0.3938     0.3678    34.8679 2.2203e+03     162918          6  0.000e+00
    763.051     3.3854     3.3855   3.223898   3.224001     2.2779    -0.3938     0.3726    34.8681 2.2180e+03     162919          6  0.000e+00
    763.181     3.3856     3.3855   3.223917   3.224030     2.2779    -0.3743     0.3678    34.8681 2.2135e+03     162920          6  0.000e+00
    763.116     3.3856     3.3853   3.223911   3.224030     2.2779    -0.3938     0.3678    34.8680 2.2135e+03     162921          6  0.000e+00
    763.124     3.3856     3.3853   3.223917   3.224030     2.2779    -0.3743     0.3678    34.8681 2.2158e+03     162922          6  0.000e+00
    763.173     3.3854     3.3852   3.223892   3.224001     2.2779    -0.3938     0.3678    34.8680 2.2180e+03     162923          6  0.000e+00
    763.181     3.3854     3.3853   3.223892   3.224001     2.2779    -0.3743     0.3678    34.8680 2.2180e+03     162924          6  0.000e+00
    763.238     3.3855     3.3855   3.223898   3.224012     2.2779    -0.3938     0.3678    34.8679 2.2180e+03     162925          6  0.000e+00
    763.181     3.3854     3.3853   3.223917   3.224030     2.2791    -0.3938     0.3726    34.8683 2.2158e+03     162926          6  0.000e+00
    763.238     3.3854     3.3855   3.223892   3.224030     2.2779    -0.3743     0.3678    34.8679 2.2180e+03     162927          6  0.000e+00
    763.238     3.3853     3.3853   3.223892   3.224030     2.2779    -0.3938     0.3678    34.8681 2.2180e+03     162928          6  0.000e+00
    763.295     3.3854     3.3855   3.223898   3.224030     2.2779    -0.3938     0.3678    34.8680 2.2158e+03     162929          6  0.000e+00
    763.059     3.3854     3.3855   3.223917   3.224001     2.2791    -0.3938     0.3726    34.8683 2.2158e+03     162930          6  0.000e+00
    763.473     3.3854     3.3855   3.223930   3.224001     2.2779    -0.3743     0.3678    34.8683 2.2180e+03     162931          6  0.000e+00
    763.295     3.3855     3.3852   3.223911   3.224030     2.2791    -0.3938     0.3678    34.8680 2.2180e+03     162932          6  0.000e+00
    763.360     3.3856     3.3855   3.223917   3.224001     2.2779    -0.3743     0.3678    34.8680 2.2180e+03     162933          6  0.000e+00
    763.360     3.3859     3.3852   3.223911   3.224001     2.2779    -0.3938     0.3678    34.8676 2.2180e+03     162934          6  0.000e+00
    763.360     3.3854     3.3850   3.223936   3.224012     2.2779    -0.3938     0.3726    34.8684 2.2180e+03     162935          6  0.000e+00
    763.360     3.3856     3.3850   3.223955   3.224001     2.2779    -0.3938     0.3678    34.8684 2.2180e+03     162936          6  0.000e+00
    763.424     3.3859     3.3850   3.223942   3.223971     2.2779    -0.3938     0.3678    34.8679 2.2180e+03     162937          6  0.000e+00
    763.416     3.3859     3.3850   3.223930   3.223971     2.2779    -0.3938     0.3678    34.8678 2.2158e+03     162938          6  0.000e+00
    763.424     3.3857     3.3850   3.223930   3.223971     2.2779    -0.3743     0.3678    34.8680 2.2158e+03     162939          6  0.000e+00
    763.473     3.3857     3.3850   3.223949   3.224001     2.2779    -0.3743     0.3678    34.8681 2.2180e+03     162940          6  0.000e+00
    763.481     3.3857     3.3852   3.223961   3.224001     2.2779    -0.3938     0.3678    34.8683 2.2180e+03     162941          6  0.000e+00
    356.074     3.5530     3.5529   3.221557   3.221634     2.3927    -0.3938     0.3922    34.8787 2.2360e+03     174933          7  0.000e+00
    356.090     3.5530     3.5531   3.221513   3.221634     2.3927    -0.3938     0.3873    34.8781 2.2360e+03     174934          7  0.000e+00
    355.969     3.5529     3.5527   3.221570   3.221639     2.3927    -0.3743     0.3873    34.8790 2.2337e+03     174935          7  0.000e+00
    356.074     3.5530     3.5527   3.221570   3.221663     2.3927    -0.3938     0.3873    34.8788 2.2360e+03     174936          7  0.000e+00
    356.090     3.5530     3.5525   3.221538   3.221634     2.3927    -0.3743     0.3873    34.8784 2.2337e+03     174937          7  0.000e+00
    356.155     3.5530     3.5527   3.221532   3.221663     2.3927    -0.3743     0.3873    34.8783 2.2360e+03     174938          7  0.000e+00
    356.139     3.5527     3.5524   3.221526   3.221634     2.3927    -0.3938     0.3873    34.8786 2.2360e+03     174939          7  0.000e+00
    356.211     3.5530     3.5527   3.221570   3.221634     2.3927    -0.3938     0.3873    34.8787 2.2382e+03     174940          7  0.000e+00
    356.155     3.5529     3.5523   3.221526   3.221663     2.3927    -0.3938     0.3922    34.8784 2.2382e+03     174941          7  0.000e+00
    356.195     3.5527     3.5524   3.221520   3.221634     2.3927    -0.3938     0.3922    34.8785 2.2405e+03     174942          7  0.000e+00
    356.268     3.5525     3.5523   3.221526   3.221693     2.3927    -0.3743     0.3922    34.8787 2.2405e+03     174943          7  0.000e+00
    356.260     3.5527     3.5526   3.221532   3.221634     2.3927    -0.3938     0.3922    34.8786 2.2405e+03     174944          7  0.000e+00
    356.332     3.5527     3.5526   3.221551   3.221634     2.3927    -0.3743     0.3873    34.8788 2.2382e+03     174945          7  0.000e+00
    356.332     3.5527     3.5527   3.221538   3.221634     2.3927    -0.3938     0.3922    34.8786 2.2382e+03     174946          7  0.000e+00
    356.316     3.5527     3.5523   3.221551   3.221640     2.3927    -0.3743     0.3873    34.8788 2.2382e+03     174947          7  0.000e+00
    356.389     3.5529     3.5523   3.221538   3.221634     2.3927    -0.3938     0.3922    34.8784 2.2382e+03     174948          7  0.000e+00
    356.332     3.5529     3.5520   3.221507   3.221604     2.3927    -0.3938     0.3873    34.8781 2.2382e+03     174949          7  0.000e+00
    356.558     3.5525     3.5521   3.221520   3.221574     2.3927    -0.3938     0.3873    34.8785 2.2382e+03     174950          7  0.000e+00
    356.453     3.5525     3.5521   3.221532   3.221604     2.3927    -0.3743     0.3873    34.8787 2.2382e+03     174951          7  0.000e+00
    356.509     3.5527     3.5523   3.221526   3.221604     2.3927    -0.3743     0.3824    34.8784 2.2382e+03     174952          7  0.000e+00
    356.493     3.5525     3.5524   3.221551   3.221640     2.3927    -0.3547     0.3824    34.8789 2.2405e+03     174953          7  0.000e+00
    356.630     3.5527     3.5524   3.221557   3.221663     2.3927    -0.3743     0.3824    34.8787 2.2382e+03     174954          7  0.000e+00
    356.566     3.5527     3.5523   3.221539   3.221634     2.3927    -0.3547     0.3824    34.8785 2.2382e+03     174955          7  0.000e+00
    356.671     3.5529     3.5524   3.221551   3.221693     2.3927    -0.3743     0.3824    34.8784 2.2405e+03     174956          7  0.000e+00
    356.630     3.5527     3.5526   3.221513   3.221663     2.3927    -0.3547     0.3824    34.8782 2.2405e+03     174957          7  0.000e+00
    356.687     3.5525     3.5523   3.221545   3.221663     2.3927    -0.3547     0.3824    34.8787 2.2427e+03     174958          7  0.000e+00
    356.735     3.5529     3.5524   3.221539   3.221604     2.3927    -0.3547     0.3824    34.8783 2.2405e+03     174959          7  0.000e+00
    356.808     3.5525     3.5523   3.221526   3.221640     2.3927    -0.3547     0.3873    34.8784 2.2405e+03     174960          7  0.000e+00
    356.792     3.5525     3.5525   3.221532   3.221634     2.3927    -0.3547     0.3873    34.8785 2.2405e+03     174961          7  0.000e+00
    356.864     3.5525     3.5524   3.221526   3.221664     2.3927    -0.3547     0.3824    34.8784 2.2405e+03     174962          7  0.000e+00
    356.864     3.5524     3.5527   3.221551   3.221693     2.3927    -0.3743     0.3824    34.8788 2.2405e+03     174963          7  0.000e+00
    356.912     3.5527     3.5527   3.221557   3.221664     2.3927    -0.3743     0.3873    34.8786 2.2405e+03     174964          7  0.000e+00
    356.985     3.5527     3.5526   3.221564   3.221723     2.3927    -0.3743     0.3824    34.8786 2.2405e+03     174965          7  0.000e+00
    356.985     3.5525     3.5527   3.221557   3.221664     2.3927    -0.3547     0.3873    34.8787 2.2405e+03     174966          7  0.000e+00
    357.033     3.5529     3.5523   3.221539   3.221693     2.3927    -0.3743     0.3824    34.8781 2.2405e+03     174967          7  0.000e+00
    357.106     3.5527     3.5526   3.221576   3.221693     2.3927    -0.3743     0.3873    34.8787 2.2427e+03     174968          7  0.000e+00
    357.106     3.5525     3.5524   3.221570   3.221693     2.3927    -0.3547     0.3873    34.8788 2.2427e+03     174969          7  0.000e+00
    357.154     3.5524     3.5523   3.221539   3.221634     2.3927    -0.3743     0.3873    34.8785 2.2427e+03     174970          7  0.000e+00
    357.227     3.5524     3.5524   3.221570   3.221664     2.3927    -0.3743     0.3873    34.8789 2.2427e+03     174971          7  0.000e+00
