Ship_data/Irminger/Irminger-5/ctd/process/ar30-03015.cnv
* Sea-Bird SBE 9 Data File:
* FileName = D:\Data\ar30-03015.hdr
* Software Version Seasave V 7.23.2
* Temperature SN = 4312
* Conductivity SN = 2148
* Number of Bytes Per Scan = 44
* Number of Voltage Words = 5
* Number of Scans Averaged by the Deck Unit = 1
* NMEA Latitude = 59 43.05 N
* NMEA Longitude = 039 20.31 W
* NMEA UTC (Time) = Jun 16 2018  13:54:45
** Cruise ID: ar30-03
** Chief Sci: Macdonald
** Station #: 015
** Site ID: Irminger 5 FLMB
** Redo of ctd cast at FLMB. 3 releases being tested.
# nquan = 18
# nvalues = 5685                        
# units = specified
# name 0 = prDM: Pressure, Digiquartz [db]
# name 1 = t090C: Temperature [ITS-90, deg C]
# name 2 = t190C: Temperature, 2 [ITS-90, deg C]
# name 3 = c0S/m: Conductivity [S/m]
# name 4 = c1S/m: Conductivity, 2 [S/m]
# name 5 = sbeox0V: Oxygen raw, SBE 43 [V]
# name 6 = flECO-AFL: Fluorescence, WET Labs ECO-AFL/FL [mg/m^3]
# name 7 = turbWETntu0: Turbidity, WET Labs ECO [NTU]
# name 8 = sal00: Salinity, Practical [PSU]
# name 9 = spar: SPAR/Surface Irradiance
# name 10 = depSM: Depth [salt water, m], lat = 59.7175
# name 11 = sal00: Salinity, Practical [PSU]
# name 12 = sal11: Salinity, Practical, 2 [PSU]
# name 13 = sbeox0ML/L: Oxygen, SBE 43 [ml/l], WS = 2
# name 14 = svCM: Sound Velocity [Chen-Millero, m/s]
# name 15 = sigma-é00: Density [sigma-theta, kg/m^3]
# name 16 = sigma-é11: Density, 2 [sigma-theta, kg/m^3]
# name 17 = flag: flag
# span 0 =      4.000,   2846.000       
# span 1 =     1.4053,     6.0422       
# span 2 =     1.4069,     6.0495       
# span 3 =   3.136428,   3.426717       
# span 4 =   3.136518,   3.427495       
# span 5 =     1.7601,     2.8442       
# span 6 =    -0.4148,     1.7262       
# span 7 =     0.3403,     0.6746       
# span 8 =    34.7872,    34.9327       
# span 9 = 1.0892e+03, 2.8428e+03       
# span 10 =      3.962,   2800.297      
# span 11 =    34.7890,    34.9325      
# span 12 =    34.8316,    34.9329      
# span 13 =     5.9018,     7.3450      
# span 14 =    1468.43,    1503.34      
# span 15 =    27.3861,    27.9410      
# span 16 =    27.4233,    27.9406      
# span 17 = 0.0000e+00, 0.0000e+00      
# interval = decibars: 1                
# start_time = Jun 16 2018 13:54:45 [System UTC, first data scan.]
# bad_flag = -9.990e-29
*END*
[from data line 4342]
   1346.000     3.2811     3.2810   3.238580   3.238657     2.1368    -0.3899     0.3639    34.8545 2.2346e+03   1329.043    34.8543    34.8554     6.5585    1485.61    27.7518    27.7526 0.0000e+00
   1345.000     3.2805     3.2805   3.238503   3.238571     2.1368    -0.3868     0.3700    34.8547 2.2344e+03   1328.059    34.8545    34.8554     6.5578    1485.59    27.7520    27.7527 0.0000e+00
   1344.000     3.2802     3.2803   3.238422   3.238504     2.1369    -0.3775     0.3657    34.8545 2.2343e+03   1327.074    34.8543    34.8553     6.5575    1485.57    27.7519    27.7526 0.0000e+00
   1343.000     3.2799     3.2800   3.238358   3.238447     2.1370    -0.3644     0.3622    34.8546 2.2322e+03   1326.090    34.8544    34.8554     6.5572    1485.56    27.7519    27.7528 0.0000e+00
   1342.000     3.2799     3.2799   3.238310   3.238391     2.1378    -0.3622     0.3601    34.8545 2.2286e+03   1325.106    34.8544    34.8554     6.5594    1485.54    27.7519    27.7527 0.0000e+00
   1341.000     3.2797     3.2798   3.238259   3.238348     2.1380    -0.3750     0.3634    34.8545 2.2319e+03   1324.122    34.8544    34.8554     6.5595    1485.52    27.7520    27.7528 0.0000e+00
   1340.000     3.2797     3.2798   3.238214   3.238289     2.1386    -0.3840     0.3635    34.8545 2.2370e+03   1323.137    34.8544    34.8552     6.5609    1485.50    27.7519    27.7526 0.0000e+00
   1339.000     3.2799     3.2801   3.238184   3.238286     2.1389    -0.3671     0.3629    34.8544 2.2386e+03   1322.153    34.8544    34.8554     6.5611    1485.49    27.7519    27.7527 0.0000e+00
   1338.000     3.2800     3.2802   3.238165   3.238246     2.1391    -0.3768     0.3668    34.8546 2.2405e+03   1321.169    34.8545    34.8553     6.5613    1485.47    27.7520    27.7526 0.0000e+00
   1337.000     3.2800     3.2801   3.238122   3.238216     2.1392    -0.3886     0.3689    34.8546 2.2398e+03   1320.184    34.8545    34.8556     6.5608    1485.46    27.7520    27.7528 0.0000e+00
   1336.000     3.2800     3.2800   3.238076   3.238156     2.1394    -0.3654     0.3635    34.8546 2.2395e+03   1319.200    34.8545    34.8554     6.5608    1485.44    27.7520    27.7527 0.0000e+00
   1335.000     3.2798     3.2797   3.238020   3.238096     2.1399    -0.3645     0.3615    34.8547 2.2387e+03   1318.216    34.8546    34.8555     6.5618    1485.42    27.7520    27.7528 0.0000e+00
   1334.000     3.2796     3.2797   3.237958   3.238037     2.1404    -0.3799     0.3612    34.8545 2.2354e+03   1317.232    34.8545    34.8554     6.5630    1485.40    27.7520    27.7526 0.0000e+00
   1333.000     3.2797     3.2799   3.237919   3.238009     2.1404    -0.3918     0.3587    34.8544 2.2388e+03   1316.247    34.8544    34.8553     6.5622    1485.39    27.7519    27.7526 0.0000e+00
   1332.000     3.2804     3.2806   3.237943   3.238043     2.1405    -0.3889     0.3585    34.8545 2.2432e+03   1315.263    34.8545    34.8555     6.5615    1485.37    27.7519    27.7527 0.0000e+00
   1331.000     3.2805     3.2805   3.237896   3.237990     2.1413    -0.3831     0.3583    34.8544 2.2447e+03   1314.279    34.8544    34.8555     6.5638    1485.36    27.7518    27.7526 0.0000e+00
   1330.000     3.2803     3.2804   3.237848   3.237941     2.1416    -0.3944     0.3600    34.8545 2.2440e+03   1313.294    34.8545    34.8555     6.5642    1485.34    27.7519    27.7527 0.0000e+00
   1329.000     3.2805     3.2806   3.237837   3.237924     2.1415    -0.4132     0.3629    34.8547 2.2436e+03   1312.310    34.8547    34.8556     6.5632    1485.32    27.7520    27.7527 0.0000e+00
   1328.000     3.2804     3.2805   3.237780   3.237872     2.1416    -0.3981     0.3629    34.8547 2.2441e+03   1311.326    34.8546    34.8555     6.5627    1485.31    27.7519    27.7527 0.0000e+00
   1327.000     3.2804     3.2804   3.237748   3.237833     2.1416    -0.3774     0.3611    34.8548 2.2428e+03   1310.341    34.8547    34.8557     6.5618    1485.29    27.7520    27.7528 0.0000e+00
   1326.000     3.2801     3.2801   3.237675   3.237760     2.1417    -0.3733     0.3627    34.8547 2.2332e+03   1309.357    34.8547    34.8557     6.5613    1485.27    27.7520    27.7528 0.0000e+00
   1325.000     3.2804     3.2807   3.237652   3.237752     2.1421    -0.3866     0.3629    34.8546 2.2371e+03   1308.373    34.8545    34.8554     6.5619    1485.26    27.7518    27.7525 0.0000e+00
   1324.000     3.2805     3.2807   3.237615   3.237710     2.1426    -0.3667     0.3684    34.8546 2.2398e+03   1307.388    34.8545    34.8555     6.5632    1485.24    27.7518    27.7526 0.0000e+00
   1323.000     3.2803     3.2804   3.237572   3.237662     2.1423    -0.3683     0.3681    34.8547 2.2400e+03   1306.404    34.8547    34.8556     6.5610    1485.22    27.7520    27.7527 0.0000e+00
   1322.000     3.2805     3.2807   3.237545   3.237648     2.1425    -0.3653     0.3629    34.8546 2.2410e+03   1305.420    34.8546    34.8557     6.5612    1485.21    27.7519    27.7527 0.0000e+00
   1321.000     3.2808     3.2810   3.237540   3.237631     2.1427    -0.3588     0.3629    34.8548 2.2405e+03   1304.435    34.8548    34.8557     6.5608    1485.19    27.7520    27.7527 0.0000e+00
   1320.000     3.2811     3.2810   3.237524   3.237605     2.1427    -0.3443     0.3629    34.8549 2.2404e+03   1303.451    34.8548    34.8558     6.5600    1485.18    27.7520    27.7528 0.0000e+00
   1319.000     3.2807     3.2804   3.237459   3.237518     2.1429    -0.3724     0.3629    34.8550 2.2407e+03   1302.466    34.8549    34.8560     6.5599    1485.16    27.7521    27.7529 0.0000e+00
   1318.000     3.2815     3.2814   3.237469   3.237550     2.1435    -0.3811     0.3676    34.8547 2.2366e+03   1301.482    34.8547    34.8558     6.5614    1485.15    27.7518    27.7527 0.0000e+00
   1317.000     3.2823     3.2826   3.237508   3.237620     2.1441    -0.3876     0.3605    34.8549 2.2357e+03   1300.498    34.8549    34.8559     6.5627    1485.13    27.7519    27.7527 0.0000e+00
   1316.000     3.2831     3.2836   3.237568   3.237693     2.1436    -0.3749     0.3615    34.8551 2.2372e+03   1299.513    34.8552    34.8561     6.5598    1485.12    27.7521    27.7528 0.0000e+00
   1315.000     3.2837     3.2837   3.237578   3.237666     2.1438    -0.3667     0.3626    34.8552 2.2381e+03   1298.529    34.8553    34.8563     6.5596    1485.11    27.7520    27.7529 0.0000e+00
   1314.000     3.2837     3.2838   3.237537   3.237630     2.1440    -0.3882     0.3596    34.8552 2.2386e+03   1297.544    34.8552    34.8562     6.5597    1485.09    27.7520    27.7528 0.0000e+00
   1313.000     3.2837     3.2838   3.237497   3.237591     2.1440    -0.4060     0.3617    34.8553 2.2386e+03   1296.560    34.8553    34.8563     6.5588    1485.07    27.7521    27.7528 0.0000e+00
   1312.000     3.2837     3.2838   3.237460   3.237552     2.1441    -0.4013     0.3629    34.8553 2.2382e+03   1295.576    34.8553    34.8563     6.5582    1485.06    27.7521    27.7529 0.0000e+00
   1311.000     3.2836     3.2837   3.237417   3.237501     2.1448    -0.3910     0.3678    34.8554 2.2376e+03   1294.591    34.8554    34.8563     6.5601    1485.04    27.7521    27.7528 0.0000e+00
   1310.000     3.2836     3.2835   3.237369   3.237445     2.1450    -0.4008     0.3721    34.8554 2.2395e+03   1293.607    34.8554    34.8564     6.5603    1485.02    27.7521    27.7529 0.0000e+00
   1309.000     3.2838     3.2836   3.237334   3.237404     2.1452    -0.3847     0.3617    34.8552 2.2390e+03   1292.622    34.8552    34.8562     6.5601    1485.01    27.7519    27.7528 0.0000e+00
   1308.000     3.2841     3.2842   3.237323   3.237404     2.1452    -0.3839     0.3629    34.8552 2.2414e+03   1291.638    34.8553    34.8562     6.5593    1484.99    27.7520    27.7527 0.0000e+00
   1307.000     3.2844     3.2846   3.237316   3.237406     2.1454    -0.3865     0.3629    34.8554 2.2420e+03   1290.654    34.8554    34.8563     6.5592    1484.98    27.7520    27.7527 0.0000e+00
   1306.000     3.2845     3.2847   3.237285   3.237376     2.1452    -0.3860     0.3629    34.8554 2.2429e+03   1289.669    34.8555    34.8563     6.5575    1484.96    27.7521    27.7527 0.0000e+00
   1305.000     3.2845     3.2847   3.237245   3.237342     2.1455    -0.3632     0.3629    34.8554 2.2420e+03   1288.685    34.8554    34.8564     6.5577    1484.94    27.7520    27.7528 0.0000e+00
   1304.000     3.2844     3.2843   3.237205   3.237269     2.1455    -0.3658     0.3656    34.8555 2.2410e+03   1287.700    34.8555    34.8564     6.5569    1484.93    27.7521    27.7529 0.0000e+00
   1303.000     3.2844     3.2844   3.237143   3.237232     2.1461    -0.3881     0.3691    34.8554 2.2400e+03   1286.716    34.8554    34.8564     6.5587    1484.91    27.7520    27.7528 0.0000e+00
   1302.000     3.2846     3.2848   3.237124   3.237210     2.1463    -0.3622     0.3581    34.8554 2.2408e+03   1285.731    34.8554    34.8562     6.5586    1484.89    27.7520    27.7526 0.0000e+00
   1301.000     3.2843     3.2844   3.237049   3.237134     2.1463    -0.3743     0.3611    34.8554 2.2417e+03   1284.747    34.8553    34.8562     6.5577    1484.88    27.7519    27.7526 0.0000e+00
   1300.000     3.2840     3.2842   3.236987   3.237075     2.1463    -0.3854     0.3628    34.8554 2.2421e+03   1283.762    34.8554    34.8563     6.5569    1484.86    27.7520    27.7527 0.0000e+00
   1299.000     3.2839     3.2839   3.236926   3.237015     2.1464    -0.3892     0.3631    34.8554 2.2421e+03   1282.778    34.8553    34.8564     6.5563    1484.84    27.7520    27.7528 0.0000e+00
   1298.000     3.2838     3.2838   3.236886   3.236969     2.1465    -0.3767     0.3607    34.8554 2.2411e+03   1281.793    34.8554    34.8564     6.5559    1484.82    27.7520    27.7528 0.0000e+00
   1297.000     3.2836     3.2837   3.236814   3.236905     2.1471    -0.3862     0.3632    34.8552 2.2392e+03   1280.809    34.8552    34.8562     6.5576    1484.81    27.7519    27.7527 0.0000e+00
   1296.000     3.2837     3.2838   3.236777   3.236865     2.1473    -0.3856     0.3690    34.8553 2.2386e+03   1279.825    34.8552    34.8562     6.5576    1484.79    27.7519    27.7526 0.0000e+00
   1295.000     3.2840     3.2841   3.236770   3.236855     2.1476    -0.3721     0.3649    34.8553 2.2378e+03   1278.840    34.8553    34.8562     6.5577    1484.78    27.7519    27.7526 0.0000e+00
   1294.000     3.2841     3.2843   3.236728   3.236828     2.1476    -0.3696     0.3646    34.8553 2.2374e+03   1277.856    34.8553    34.8563     6.5568    1484.76    27.7518    27.7526 0.0000e+00
   1293.000     3.2842     3.2842   3.236693   3.236779     2.1476    -0.3619     0.3696    34.8553 2.2386e+03   1276.871    34.8553    34.8563     6.5560    1484.74    27.7518    27.7526 0.0000e+00
   1292.000     3.2840     3.2841   3.236650   3.236736     2.1476    -0.3870     0.3631    34.8554 2.2391e+03   1275.887    34.8554    34.8564     6.5551    1484.73    27.7519    27.7527 0.0000e+00
   1291.000     3.2839     3.2838   3.236587   3.236670     2.1476    -0.3868     0.3610    34.8553 2.2400e+03   1274.902    34.8553    34.8564     6.5543    1484.71    27.7519    27.7527 0.0000e+00
   1290.000     3.2838     3.2839   3.236534   3.236623     2.1476    -0.3692     0.3630    34.8553 2.2402e+03   1273.918    34.8553    34.8563     6.5534    1484.69    27.7518    27.7526 0.0000e+00
   1289.000     3.2837     3.2840   3.236480   3.236583     2.1478    -0.3615     0.3629    34.8553 2.2404e+03   1272.933    34.8552    34.8562     6.5535    1484.67    27.7518    27.7525 0.0000e+00
   1288.000     3.2830     3.2831   3.236361   3.236451     2.1484    -0.3812     0.3635    34.8552 2.2400e+03   1271.948    34.8550    34.8561     6.5551    1484.65    27.7517    27.7525 0.0000e+00
   1287.000     3.2826     3.2826   3.236287   3.236374     2.1487    -0.3872     0.3634    34.8553 2.2404e+03   1270.964    34.8551    34.8561     6.5553    1484.64    27.7518    27.7526 0.0000e+00
   1286.000     3.2823     3.2824   3.236216   3.236310     2.1488    -0.3842     0.3629    34.8551 2.2413e+03   1269.979    34.8550    34.8561     6.5551    1484.62    27.7518    27.7526 0.0000e+00
   1285.000     3.2821     3.2822   3.236158   3.236243     2.1493    -0.3516     0.3629    34.8552 2.2413e+03   1268.995    34.8551    34.8560     6.5562    1484.60    27.7518    27.7526 0.0000e+00
   1284.000     3.2822     3.2821   3.236106   3.236183     2.1501    -0.3765     0.3631    34.8550 2.2416e+03   1268.010    34.8549    34.8559     6.5585    1484.58    27.7516    27.7525 0.0000e+00
   1283.000     3.2824     3.2826   3.236104   3.236192     2.1500    -0.3763     0.3631    34.8551 2.2414e+03   1267.026    34.8551    34.8560     6.5573    1484.57    27.7518    27.7525 0.0000e+00
   1282.000     3.2833     3.2836   3.236153   3.236246     2.1503    -0.3870     0.3632    34.8552 2.2411e+03   1266.041    34.8553    34.8561     6.5576    1484.56    27.7518    27.7525 0.0000e+00
   1281.000     3.2839     3.2842   3.236175   3.236281     2.1506    -0.3845     0.3587    34.8554 2.2407e+03   1265.057    34.8554    34.8563     6.5579    1484.54    27.7519    27.7526 0.0000e+00
   1280.000     3.2843     3.2843   3.236170   3.236259     2.1511    -0.3862     0.3665    34.8555 2.2408e+03   1264.072    34.8555    34.8565     6.5590    1484.53    27.7519    27.7527 0.0000e+00
   1279.000     3.2842     3.2843   3.236106   3.236202     2.1512    -0.3701     0.3650    34.8553 2.2406e+03   1263.088    34.8553    34.8564     6.5584    1484.51    27.7517    27.7526 0.0000e+00
   1278.000     3.2847     3.2848   3.236122   3.236212     2.1513    -0.3796     0.3702    34.8554 2.2397e+03   1262.103    34.8555    34.8564     6.5579    1484.50    27.7518    27.7526 0.0000e+00
   1277.000     3.2857     3.2858   3.236174   3.236270     2.1523    -0.3647     0.3690    34.8555 2.2384e+03   1261.119    34.8556    34.8565     6.5606    1484.48    27.7518    27.7526 0.0000e+00
   1276.000     3.2863     3.2865   3.236207   3.236293     2.1524    -0.3862     0.3630    34.8557 2.2391e+03   1260.134    34.8558    34.8566     6.5603    1484.47    27.7520    27.7525 0.0000e+00
   1275.000     3.2869     3.2870   3.236212   3.236303     2.1524    -0.3899     0.3690    34.8557 2.2396e+03   1259.149    34.8558    34.8567     6.5593    1484.45    27.7518    27.7526 0.0000e+00
   1274.000     3.2871     3.2870   3.236193   3.236269     2.1525    -0.4057     0.3699    34.8557 2.2407e+03   1258.165    34.8558    34.8568     6.5586    1484.44    27.7518    27.7527 0.0000e+00
   1273.000     3.2875     3.2873   3.236188   3.236263     2.1528    -0.3952     0.3649    34.8558 2.2411e+03   1257.180    34.8559    34.8569     6.5590    1484.42    27.7518    27.7527 0.0000e+00
   1272.000     3.2877     3.2876   3.236178   3.236246     2.1533    -0.3888     0.3595    34.8559 2.2411e+03   1256.196    34.8560    34.8569     6.5600    1484.41    27.7519    27.7527 0.0000e+00
   1271.000     3.2881     3.2879   3.236169   3.236236     2.1529    -0.3875     0.3700    34.8559 2.2378e+03   1255.211    34.8560    34.8570     6.5574    1484.39    27.7518    27.7527 0.0000e+00
   1270.000     3.2895     3.2885   3.236260   3.236261     2.1530    -0.3873     0.3663    34.8560 2.2351e+03   1254.226    34.8561    34.8571     6.5570    1484.38    27.7518    27.7527 0.0000e+00
   1269.000     3.2902     3.2902   3.236294   3.236373     2.1532    -0.3882     0.3633    34.8561 2.2362e+03   1253.242    34.8562    34.8571     6.5567    1484.37    27.7518    27.7526 0.0000e+00
   1268.000     3.2903     3.2904   3.236261   3.236350     2.1531    -0.3862     0.3629    34.8562 2.2369e+03   1252.257    34.8563    34.8573     6.5555    1484.35    27.7518    27.7526 0.0000e+00
   1267.000     3.2902     3.2902   3.236208   3.236296     2.1536    -0.3874     0.3629    34.8561 2.2355e+03   1251.273    34.8562    34.8573     6.5567    1484.34    27.7518    27.7527 0.0000e+00
