Ship_data/Irminger/Irminger-5/ctd/process/ar30-03003.ros
* Sea-Bird SBE 9 Data File:
* FileName = D:\Data\ar30-03003.hdr
* Software Version Seasave V 7.23.2
* Temperature SN = 4230
* Conductivity SN = 2148
* Number of Bytes Per Scan = 44
* Number of Voltage Words = 5
* Number of Scans Averaged by the Deck Unit = 1
* NMEA Latitude = 60 53.48 N
* NMEA Longitude = 035 21.66 W
* NMEA UTC (Time) = Jun 07 2018  08:19:03
** Cruise ID: ar30-03
** Chief Sci: Macdonald
** Station #: 003
** Site ID: Irminger 5 OSNAP caldip
** 14 microcats attached to ctd
# nquan = 13
# nvalues = 833                                   
# units = specified
# name 0 = prDM: Pressure, Digiquartz [db]
# name 1 = t090C: Temperature [ITS-90, deg C]
# name 2 = t190C: Temperature, 2 [ITS-90, deg C]
# name 3 = c0S/m: Conductivity [S/m]
# name 4 = c1S/m: Conductivity, 2 [S/m]
# name 5 = sbeox0V: Oxygen raw, SBE 43 [V]
# name 6 = flECO-AFL: Fluorescence, WET Labs ECO-AFL/FL [mg/m^3]
# name 7 = turbWETntu0: Turbidity, WET Labs ECO [NTU]
# name 8 = sal00: Salinity, Practical [PSU]
# name 9 = spar: SPAR/Surface Irradiance
# name 10 = scan: Scan Count
# name 11 = nbf: Bottles Fired
# name 12 = flag:  0.000e+00
# interval = seconds: 0.0416667
# start_time = Jun 07 2018 08:19:03 [System UTC, first data scan.]
# bad_flag = -9.990e-29
*END*
[from data line 778]
      5.104     5.4803     5.4810   3.378791   3.378900     2.6828     0.2313     0.4703    34.8785 5.7978e+02     275070         16  0.000e+00
      5.104     5.4803     5.4807   3.378823   3.378827     2.6828     0.2313     0.4703    34.8788 5.7978e+02     275071         16  0.000e+00
      5.048     5.4803     5.4811   3.378804   3.378966     2.6828     0.2313     0.4703    34.8786 5.7978e+02     275072         16  0.000e+00
      5.048     5.4803     5.4809   3.378785   3.378900     2.6828     0.2313     0.4703    34.8784 5.8203e+02     275073         16  0.000e+00
      5.104     5.4798     5.4809   3.378765   3.378900     2.6828     0.2313     0.4703    34.8787 5.7978e+02     275074         16  0.000e+00
      5.048     5.4793     5.4805   3.378759   3.378900     2.6828     0.2313     0.4703    34.8792 5.7978e+02     275075         16  0.000e+00
      4.399     5.4787     5.4790   3.378650   3.378748     2.6828     0.3095     0.4947    34.8789 5.9776e+02     275228         17  0.000e+00
      4.399     5.4785     5.4791   3.378663   3.378718     2.6828     0.3095     0.4947    34.8793 5.9776e+02     275229         17  0.000e+00
      4.455     5.4781     5.4790   3.378638   3.378748     2.6828     0.3095     0.4947    34.8794 5.9776e+02     275230         17  0.000e+00
      4.335     5.4780     5.4794   3.378631   3.378718     2.6828     0.3095     0.4947    34.8794 5.9776e+02     275231         17  0.000e+00
      4.399     5.4780     5.4802   3.378650   3.378779     2.6815     0.3095     0.4947    34.8796 5.9776e+02     275232         17  0.000e+00
      4.335     5.4784     5.4805   3.378644   3.378748     2.6828     0.3095     0.4947    34.8792 5.9776e+02     275233         17  0.000e+00
      4.455     5.4787     5.4809   3.378695   3.378827     2.6828     0.3095     0.4947    34.8794 5.9776e+02     275234         17  0.000e+00
      4.399     5.4790     5.4807   3.378721   3.378869     2.6828     0.3095     0.4947    34.8794 5.9776e+02     275235         17  0.000e+00
      4.399     5.4796     5.4809   3.378746   3.378900     2.6828     0.3095     0.4947    34.8790 5.9776e+02     275236         17  0.000e+00
      4.399     5.4798     5.4810   3.378752   3.378869     2.6815     0.3095     0.4947    34.8789 5.9776e+02     275237         17  0.000e+00
      4.399     5.4798     5.4812   3.378772   3.378869     2.6828     0.3095     0.4850    34.8791 5.9776e+02     275238         17  0.000e+00
      4.455     5.4800     5.4815   3.378784   3.378936     2.6828     0.3095     0.4752    34.8791 5.9776e+02     275239         17  0.000e+00
      4.399     5.4798     5.4815   3.378740   3.378936     2.6815     0.3095     0.4752    34.8788 5.9776e+02     275240         17  0.000e+00
      4.399     5.4800     5.4817   3.378746   3.378936     2.6815     0.3095     0.4752    34.8786 5.9776e+02     275241         17  0.000e+00
      4.399     5.4798     5.4813   3.378759   3.378996     2.6815     0.3095     0.4752    34.8790 5.9776e+02     275242         17  0.000e+00
      4.399     5.4800     5.4810   3.378733   3.378954     2.6815     0.3095     0.4752    34.8785 5.9776e+02     275243         17  0.000e+00
      4.159     5.4798     5.4811   3.378746   3.378936     2.6815     0.3095     0.4752    34.8789 5.9776e+02     275244         17  0.000e+00
      4.640     5.4796     5.4807   3.378753   3.378966     2.6815     0.3095     0.4752    34.8790 5.9776e+02     275245         17  0.000e+00
      4.399     5.4795     5.4807   3.378752   3.378900     2.6815     0.3095     0.4752    34.8793 5.9776e+02     275246         17  0.000e+00
      4.399     5.4797     5.4805   3.378759   3.378900     2.6815     0.3095     0.4752    34.8791 5.9776e+02     275247         17  0.000e+00
      4.399     5.4796     5.4805   3.378752   3.378869     2.6815     0.3095     0.4752    34.8791 5.9776e+02     275248         17  0.000e+00
      4.399     5.4796     5.4803   3.378759   3.378839     2.6815     0.3095     0.4752    34.8792 5.9776e+02     275249         17  0.000e+00
      4.455     5.4795     5.4804   3.378733   3.378839     2.6815     0.3095     0.4752    34.8790 5.9776e+02     275250         17  0.000e+00
      4.399     5.4798     5.4802   3.378765   3.378869     2.6815     0.3095     0.4752    34.8791 5.9551e+02     275251         17  0.000e+00
      4.399     5.4798     5.4804   3.378784   3.378857     2.6815     0.3095     0.4752    34.8793 5.9776e+02     275252         17  0.000e+00
      4.399     5.4800     5.4801   3.378804   3.378869     2.6815     0.3095     0.4752    34.8793 5.9776e+02     275253         17  0.000e+00
      4.455     5.4801     5.4801   3.378753   3.378869     2.6815     0.3095     0.4752    34.8785 5.9776e+02     275254         17  0.000e+00
      4.399     5.4801     5.4801   3.378765   3.378779     2.6815     0.3095     0.4752    34.8787 5.9776e+02     275255         17  0.000e+00
      4.399     5.4801     5.4804   3.378765   3.378809     2.6815     0.3095     0.4752    34.8787 5.9776e+02     275256         17  0.000e+00
      4.455     5.4798     5.4805   3.378759   3.378809     2.6828     0.3095     0.4752    34.8790 5.9551e+02     275257         17  0.000e+00
      4.279     5.4798     5.4804   3.378752   3.378839     2.6815     0.3095     0.4752    34.8790 5.9776e+02     275258         17  0.000e+00
      4.519     5.4797     5.4802   3.378733   3.378809     2.6815     0.3095     0.4752    34.8788 5.9776e+02     275259         17  0.000e+00
      4.455     5.4796     5.4802   3.378721   3.378839     2.6815     0.3095     0.4752    34.8787 5.9776e+02     275260         17  0.000e+00
      4.399     5.4795     5.4801   3.378746   3.378827     2.6815     0.3095     0.4752    34.8792 5.9551e+02     275261         17  0.000e+00
      4.455     5.4797     5.4801   3.378708   3.378839     2.6815     0.2900     0.4752    34.8785 5.9776e+02     275262         17  0.000e+00
      4.399     5.4796     5.4799   3.378740   3.378839     2.6815     0.2900     0.4703    34.8790 5.9776e+02     275263         17  0.000e+00
      4.399     5.4798     5.4804   3.378759   3.378839     2.6815     0.2900     0.4703    34.8790 5.9776e+02     275264         17  0.000e+00
      4.455     5.4795     5.4801   3.378753   3.378839     2.6815     0.2900     0.4703    34.8792 5.9776e+02     275265         17  0.000e+00
      4.455     5.4798     5.4801   3.378759   3.378839     2.6815     0.2900     0.4703    34.8790 5.9776e+02     275266         17  0.000e+00
      4.399     5.4798     5.4799   3.378733   3.378809     2.6815     0.2900     0.4703    34.8787 5.9776e+02     275267         17  0.000e+00
      4.455     5.4796     5.4801   3.378746   3.378839     2.6815     0.2900     0.4703    34.8790 5.9776e+02     275268         17  0.000e+00
      4.399     5.4800     5.4802   3.378733   3.378839     2.6815     0.2900     0.4703    34.8785 5.9776e+02     275269         17  0.000e+00
      4.455     5.4800     5.4802   3.378765   3.378809     2.6815     0.2900     0.4703    34.8788 5.9551e+02     275270         17  0.000e+00
      4.455     5.4800     5.4804   3.378765   3.378827     2.6815     0.2900     0.4703    34.8788 5.9776e+02     275271         17  0.000e+00
      4.335     5.4800     5.4804   3.378759   3.378809     2.6815     0.2900     0.4703    34.8788 5.9776e+02     275272         17  0.000e+00
      4.519     5.4801     5.4804   3.378753   3.378839     2.6815     0.2900     0.4703    34.8785 5.9776e+02     275273         17  0.000e+00
      4.399     5.4800     5.4804   3.378797   3.378839     2.6815     0.2900     0.4703    34.8792 5.9776e+02     275274         17  0.000e+00
      4.455     5.4801     5.4804   3.378797   3.378809     2.6815     0.2900     0.4703    34.8790 5.9776e+02     275275         17  0.000e+00
      4.399     5.4801     5.4804   3.378784   3.378839     2.6828     0.2900     0.4703    34.8789 5.9776e+02     275276         17  0.000e+00
