Ship_data/Irminger/Irminger-5/ctd/process/ar30-03017.cnv
* Sea-Bird SBE 9 Data File:
* FileName = D:\Data\ar30-03017.hdr
* Software Version Seasave V 7.23.2
* Temperature SN = 4312
* Conductivity SN = 2148
* Number of Bytes Per Scan = 44
* Number of Voltage Words = 5
* Number of Scans Averaged by the Deck Unit = 1
* NMEA Latitude = 59 51.17 N
* NMEA Longitude = 040 42.29 W
* NMEA UTC (Time) = Jun 18 2018  13:04:33
** Cruise ID: ar30-03
** Chief Sci: Macdonald
** Station #: 017
** Site ID: Irminger 5 OSNAP M2
# nquan = 18
# nvalues = 4982                        
# units = specified
# name 0 = prDM: Pressure, Digiquartz [db]
# name 1 = t090C: Temperature [ITS-90, deg C]
# name 2 = t190C: Temperature, 2 [ITS-90, deg C]
# name 3 = c0S/m: Conductivity [S/m]
# name 4 = c1S/m: Conductivity, 2 [S/m]
# name 5 = sbeox0V: Oxygen raw, SBE 43 [V]
# name 6 = flECO-AFL: Fluorescence, WET Labs ECO-AFL/FL [mg/m^3]
# name 7 = turbWETntu0: Turbidity, WET Labs ECO [NTU]
# name 8 = sal00: Salinity, Practical [PSU]
# name 9 = spar: SPAR/Surface Irradiance
# name 10 = depSM: Depth [salt water, m], lat = 59.8528
# name 11 = sal00: Salinity, Practical [PSU]
# name 12 = sal11: Salinity, Practical, 2 [PSU]
# name 13 = sbeox0ML/L: Oxygen, SBE 43 [ml/l], WS = 2
# name 14 = svCM: Sound Velocity [Chen-Millero, m/s]
# name 15 = sigma-é00: Density [sigma-theta, kg/m^3]
# name 16 = sigma-é11: Density, 2 [sigma-theta, kg/m^3]
# name 17 = flag: flag
# span 0 =      3.000,   2494.000       
# span 1 =     1.5085,     6.5474       
# span 2 =     1.5092,     6.5475       
# span 3 =   3.130347,   3.475756       
# span 4 =   3.130401,   3.475894       
# span 5 =     1.8188,     2.8332       
# span 6 =    -0.4193,     8.1276       
# span 7 =     0.3433,     0.7129       
# span 8 =    34.8554,    34.9257       
# span 9 = 8.6155e+02, 2.7219e+03       
# span 10 =      2.972,   2455.926      
# span 11 =    34.8546,    34.9256      
# span 12 =    34.8564,    34.9262      
# span 13 =     5.9332,     7.2844      
# span 14 =    1471.30,    1497.27      
# span 15 =    27.3815,    27.9311      
# span 16 =    27.3830,    27.9310      
# span 17 = 0.0000e+00, 0.0000e+00      
# interval = decibars: 1                
# start_time = Jun 18 2018 13:04:33 [System UTC, first data scan.]
# bad_flag = -9.990e-29
*END*
[from data line 1207]
   1211.000     3.3296     3.3304   3.237788   3.237939     2.1249    -0.3915     0.3547    34.8623 1.0891e+03   1196.114    34.8618    34.8627     6.3886    1483.58    27.7521    27.7528 0.0000e+00
   1212.000     3.3317     3.3329   3.238062   3.238231     2.1247    -0.4058     0.3554    34.8625 1.0781e+03   1197.099    34.8623    34.8631     6.3882    1483.61    27.7523    27.7529 0.0000e+00
   1213.000     3.3336     3.3342   3.238276   3.238407     2.1248    -0.3858     0.3548    34.8627 1.0723e+03   1198.083    34.8624    34.8632     6.3889    1483.63    27.7522    27.7529 0.0000e+00
   1214.000     3.3353     3.3360   3.238536   3.238647     2.1258    -0.3923     0.3554    34.8631 1.0747e+03   1199.068    34.8631    34.8637     6.3933    1483.66    27.7527    27.7531 0.0000e+00
   1215.000     3.3360     3.3364   3.238613   3.238724     2.1260    -0.3760     0.3547    34.8631 1.0814e+03   1200.053    34.8628    34.8637     6.3950    1483.68    27.7524    27.7531 0.0000e+00
   1216.000     3.3364     3.3366   3.238723   3.238803     2.1259    -0.3660     0.3552    34.8633 1.0830e+03   1201.038    34.8632    34.8640     6.3951    1483.69    27.7526    27.7533 0.0000e+00
   1217.000     3.3362     3.3369   3.238749   3.238886     2.1258    -0.3623     0.3567    34.8633 1.0816e+03   1202.023    34.8632    34.8641     6.3958    1483.71    27.7526    27.7533 0.0000e+00
   1218.000     3.3358     3.3362   3.238742   3.238863     2.1257    -0.3644     0.3580    34.8632 1.0807e+03   1203.008    34.8630    34.8641     6.3963    1483.72    27.7526    27.7534 0.0000e+00
   1219.000     3.3357     3.3359   3.238775   3.238863     2.1256    -0.3656     0.3582    34.8632 1.0814e+03   1203.993    34.8630    34.8639     6.3967    1483.74    27.7526    27.7533 0.0000e+00
   1220.000     3.3355     3.3357   3.238799   3.238892     2.1246    -0.3671     0.3551    34.8631 1.0834e+03   1204.977    34.8630    34.8639     6.3936    1483.76    27.7526    27.7533 0.0000e+00
   1221.000     3.3354     3.3356   3.238845   3.238920     2.1234    -0.3675     0.3548    34.8633 1.0802e+03   1205.962    34.8632    34.8639     6.3897    1483.77    27.7528    27.7533 0.0000e+00
   1222.000     3.3348     3.3350   3.238804   3.238909     2.1233    -0.3626     0.3572    34.8631 1.0735e+03   1206.947    34.8629    34.8638     6.3902    1483.79    27.7526    27.7533 0.0000e+00
   1223.000     3.3339     3.3346   3.238773   3.238909     2.1233    -0.3744     0.3580    34.8630 1.0680e+03   1207.932    34.8629    34.8638     6.3911    1483.80    27.7527    27.7533 0.0000e+00
   1224.000     3.3337     3.3340   3.238832   3.238900     2.1234    -0.3908     0.3583    34.8632 1.0653e+03   1208.917    34.8633    34.8638     6.3925    1483.82    27.7530    27.7534 0.0000e+00
   1225.000     3.3349     3.3345   3.238978   3.238996     2.1235    -0.3926     0.3566    34.8632 1.0668e+03   1209.901    34.8633    34.8640     6.3937    1483.84    27.7529    27.7535 0.0000e+00
   1226.000     3.3357     3.3359   3.239101   3.239174     2.1235    -0.3865     0.3548    34.8633 1.0733e+03   1210.886    34.8634    34.8641     6.3944    1483.86    27.7529    27.7535 0.0000e+00
   1227.000     3.3366     3.3368   3.239217   3.239298     2.1230    -0.3907     0.3556    34.8633 1.0925e+03   1211.871    34.8633    34.8641     6.3931    1483.88    27.7528    27.7534 0.0000e+00
   1228.000     3.3369     3.3371   3.239324   3.239399     2.1222    -0.3700     0.3553    34.8638 1.0903e+03   1212.856    34.8638    34.8645     6.3905    1483.90    27.7532    27.7537 0.0000e+00
   1229.000     3.3367     3.3369   3.239347   3.239428     2.1222    -0.3766     0.3566    34.8637 1.0759e+03   1213.841    34.8637    34.8645     6.3914    1483.91    27.7531    27.7537 0.0000e+00
   1230.000     3.3367     3.3370   3.239407   3.239487     2.1222    -0.3892     0.3586    34.8636 1.0642e+03   1214.825    34.8640    34.8645     6.3923    1483.93    27.7533    27.7538 0.0000e+00
   1231.000     3.3398     3.3388   3.239795   3.239704     2.1222    -0.3889     0.3466    34.8644 1.0565e+03   1215.810    34.8648    34.8648     6.3926    1483.96    27.7537    27.7538 0.0000e+00
   1232.000     3.3435     3.3429   3.240219   3.240198     2.1222    -0.3781     0.3515    34.8648 1.0542e+03   1216.795    34.8655    34.8658     6.3927    1483.99    27.7539    27.7542 0.0000e+00
   1233.000     3.3468     3.3433   3.240742   3.240247     2.1218    -0.3655     0.3542    34.8657 1.0594e+03   1217.780    34.8677    34.8655     6.3913    1484.03    27.7553    27.7540 0.0000e+00
   1234.000     3.3698     3.3611   3.243053   3.242121     2.1198    -0.3805     0.3553    34.8684 1.0855e+03   1218.765    34.8704    34.8685     6.3799    1484.14    27.7554    27.7547 0.0000e+00
   1235.000     3.3845     3.3660   3.244328   3.242706     2.1160    -0.3914     0.3569    34.8700 1.0940e+03   1219.749    34.8695    34.8697     6.3633    1484.22    27.7533    27.7552 0.0000e+00
   1236.000     3.3803     3.3786   3.244335   3.244076     2.1139    -0.3886     0.3543    34.8713 1.0858e+03   1220.734    34.8736    34.8723     6.3565    1484.23    27.7569    27.7560 0.0000e+00
   1237.000     3.3772     3.3786   3.243736   3.244032     2.1122    -0.3901     0.3492    34.8696 1.0743e+03   1221.719    34.8692    34.8713     6.3511    1484.22    27.7537    27.7552 0.0000e+00
   1238.000     3.3831     3.3728   3.244579   3.243531     2.1112    -0.3870     0.3580    34.8711 1.0627e+03   1222.703    34.8725    34.8709     6.3467    1484.27    27.7558    27.7555 0.0000e+00
   1239.000     3.3782     3.3814   3.244045   3.244460     2.1097    -0.3884     0.3541    34.8701 1.0542e+03   1223.688    34.8708    34.8723     6.3427    1484.26    27.7549    27.7558 0.0000e+00
   1240.000     3.3771     3.3799   3.243882   3.244277     2.1085    -0.3887     0.3544    34.8698 1.0514e+03   1224.673    34.8696    34.8713     6.3392    1484.27    27.7540    27.7552 0.0000e+00
   1241.000     3.3731     3.3727   3.243601   3.243619     2.1075    -0.3882     0.3571    34.8696 1.0517e+03   1225.658    34.8699    34.8706     6.3364    1484.27    27.7547    27.7553 0.0000e+00
   1242.000     3.3764     3.3758   3.244041   3.243981     2.1061    -0.3691     0.3807    34.8702 1.0503e+03   1226.642    34.8711    34.8711     6.3311    1484.31    27.7554    27.7554 0.0000e+00
   1243.000     3.3733     3.3732   3.243592   3.243750     2.1055    -0.3818     0.3591    34.8692 1.0446e+03   1227.627    34.8686    34.8705     6.3305    1484.31    27.7537    27.7552 0.0000e+00
   1244.000     3.3712     3.3709   3.243520   3.243568     2.1055    -0.3724     0.3550    34.8693 1.0398e+03   1228.612    34.8694    34.8703     6.3316    1484.32    27.7545    27.7553 0.0000e+00
   1245.000     3.3745     3.3763   3.243951   3.244153     2.1057    -0.3877     0.3556    34.8700 1.0380e+03   1229.597    34.8705    34.8710     6.3325    1484.35    27.7551    27.7553 0.0000e+00
   1246.000     3.3789     3.3745   3.244364   3.244010     2.1057    -0.3793     0.3553    34.8702 1.0405e+03   1230.581    34.8703    34.8708     6.3326    1484.38    27.7545    27.7553 0.0000e+00
   1247.000     3.3726     3.3734   3.243761   3.243948     2.1055    -0.3817     0.3543    34.8695 1.0382e+03   1231.566    34.8693    34.8706     6.3338    1484.37    27.7544    27.7553 0.0000e+00
   1248.000     3.3696     3.3708   3.243500   3.243709     2.1048    -0.3597     0.3545    34.8690 1.0357e+03   1232.551    34.8689    34.8701     6.3322    1484.37    27.7543    27.7552 0.0000e+00
   1249.000     3.3714     3.3702   3.243683   3.243669     2.1041    -0.3798     0.3577    34.8692 1.0341e+03   1233.535    34.8686    34.8698     6.3301    1484.40    27.7539    27.7549 0.0000e+00
   1250.000     3.3670     3.3672   3.243310   3.243442     2.1039    -0.3871     0.3587    34.8687 1.0319e+03   1234.520    34.8683    34.8697     6.3309    1484.40    27.7541    27.7551 0.0000e+00
   1251.000     3.3647     3.3651   3.243162   3.243271     2.1040    -0.3776     0.3584    34.8685 1.0234e+03   1235.505    34.8685    34.8694     6.3327    1484.40    27.7545    27.7551 0.0000e+00
   1252.000     3.3799     3.3806   3.244919   3.244899     2.1042    -0.3767     0.3567    34.8710 1.0088e+03   1236.489    34.8728    34.8719     6.3313    1484.49    27.7565    27.7557 0.0000e+00
   1253.000     3.3844     3.3832   3.245258   3.245176     2.1040    -0.3896     0.3558    34.8711 9.9768e+02   1237.474    34.8717    34.8720     6.3304    1484.52    27.7551    27.7555 0.0000e+00
   1254.000     3.3822     3.3815   3.245018   3.245058     2.1032    -0.3849     0.3563    34.8707 9.9955e+02   1238.459    34.8706    34.8718     6.3289    1484.53    27.7545    27.7555 0.0000e+00
   1255.000     3.3731     3.3727   3.244143   3.244183     2.1020    -0.3865     0.3609    34.8695 1.0062e+03   1239.443    34.8693    34.8702     6.3263    1484.51    27.7543    27.7551 0.0000e+00
   1256.000     3.3739     3.3745   3.244298   3.244430     2.1015    -0.3873     0.3542    34.8700 1.0058e+03   1240.428    34.8697    34.8707     6.3252    1484.53    27.7546    27.7553 0.0000e+00
   1257.000     3.3760     3.3825   3.244744   3.245337     2.1022    -0.3877     0.3580    34.8706 1.0020e+03   1241.413    34.8723    34.8725     6.3284    1484.56    27.7565    27.7560 0.0000e+00
   1258.000     3.3914     3.3929   3.246330   3.246427     2.1024    -0.3760     0.3580    34.8728 9.9684e+02   1242.397    34.8744    34.8740     6.3272    1484.64    27.7567    27.7562 0.0000e+00
   1259.000     3.3939     3.3932   3.246432   3.246463     2.1015    -0.3838     0.3574    34.8726 9.9130e+02   1243.382    34.8726    34.8737     6.3240    1484.66    27.7550    27.7560 0.0000e+00
   1260.000     3.3855     3.3846   3.245641   3.245642     2.1002    -0.3989     0.3570    34.8717 9.8769e+02   1244.367    34.8715    34.8724     6.3212    1484.64    27.7549    27.7558 0.0000e+00
   1261.000     3.3736     3.3669   3.244449   3.243830     2.0989    -0.3692     0.3561    34.8700 9.8844e+02   1245.351    34.8694    34.8691     6.3190    1484.61    27.7544    27.7548 0.0000e+00
   1262.000     3.3697     3.3676   3.244144   3.243999     2.0992    -0.3838     0.3552    34.8698 9.8838e+02   1246.336    34.8693    34.8698     6.3216    1484.61    27.7547    27.7554 0.0000e+00
   1263.000     3.3810     3.3813   3.245668   3.245535     2.0993    -0.3608     0.3580    34.8724 9.8345e+02   1247.321    34.8751    34.8731     6.3205    1484.68    27.7583    27.7567 0.0000e+00
   1264.000     3.3924     3.3953   3.246611   3.246944     2.0992    -0.3835     0.3551    34.8727 9.7647e+02   1248.305    34.8738    34.8746     6.3192    1484.74    27.7561    27.7565 0.0000e+00
   1265.000     3.3913     3.3907   3.246357   3.246476     2.0992    -0.3935     0.3551    34.8722 9.6904e+02   1249.290    34.8714    34.8734     6.3201    1484.75    27.7543    27.7560 0.0000e+00
   1266.000     3.3840     3.3841   3.245813   3.245885     2.0989    -0.4130     0.3542    34.8720 9.6256e+02   1250.274    34.8721    34.8728     6.3213    1484.74    27.7556    27.7562 0.0000e+00
   1267.000     3.3818     3.3819   3.245605   3.245684     2.0981    -0.3911     0.3544    34.8715 9.6249e+02   1251.259    34.8714    34.8723     6.3191    1484.75    27.7553    27.7560 0.0000e+00
   1268.000     3.3794     3.3823   3.245366   3.245739     2.0968    -0.3894     0.3549    34.8709 9.8991e+02   1252.244    34.8706    34.8719     6.3154    1484.75    27.7549    27.7557 0.0000e+00
   1269.000     3.3791     3.3769   3.245531   3.245281     2.0965    -0.3873     0.3547    34.8717 9.9315e+02   1253.228    34.8724    34.8718     6.3149    1484.77    27.7564    27.7561 0.0000e+00
   1270.000     3.3781     3.3772   3.245254   3.245353     2.0965    -0.3902     0.3556    34.8708 9.8799e+02   1254.213    34.8697    34.8717     6.3160    1484.78    27.7543    27.7560 0.0000e+00
   1271.000     3.3761     3.3804   3.245297   3.245784     2.0966    -0.3662     0.3559    34.8712 9.7938e+02   1255.197    34.8718    34.8731     6.3174    1484.79    27.7562    27.7568 0.0000e+00
   1272.000     3.3699     3.3743   3.244407   3.245032     2.0967    -0.3700     0.3562    34.8694 9.6885e+02   1256.182    34.8672    34.8700     6.3199    1484.77    27.7531    27.7549 0.0000e+00
   1273.000     3.3734     3.3689   3.245518   3.244733     2.0972    -0.3922     0.3587    34.8723 9.5743e+02   1257.167    34.8763    34.8717     6.3219    1484.82    27.7600    27.7568 0.0000e+00
   1274.000     3.3876     3.3916   3.246454   3.247015     2.0976    -0.3856     0.3692    34.8721 9.4884e+02   1258.151    34.8718    34.8743     6.3220    1484.89    27.7551    27.7567 0.0000e+00
   1275.000     3.3876     3.3895   3.246567   3.246820     2.0967    -0.3810     0.3585    34.8724 9.5852e+02   1259.136    34.8727    34.8737     6.3193    1484.90    27.7559    27.7564 0.0000e+00
   1276.000     3.4006     3.3983   3.248150   3.247808     2.0953    -0.3861     0.3508    34.8751 9.8053e+02   1260.120    34.8774    34.8757     6.3120    1484.98    27.7583    27.7572 0.0000e+00
   1277.000     3.4042     3.4049   3.248301   3.248509     2.0938    -0.3884     0.3581    34.8750 9.7892e+02   1261.105    34.8749    34.8766     6.3063    1485.01    27.7560    27.7573 0.0000e+00
   1278.000     3.3967     3.4022   3.247548   3.248244     2.0919    -0.3657     0.3546    34.8736 9.7474e+02   1262.089    34.8733    34.8758     6.3011    1484.99    27.7555    27.7569 0.0000e+00
   1279.000     3.3918     3.3927   3.247140   3.247329     2.0903    -0.3766     0.3552    34.8734 9.6861e+02   1263.074    34.8731    34.8744     6.2962    1484.99    27.7558    27.7567 0.0000e+00
   1280.000     3.3859     3.3882   3.246367   3.246896     2.0893    -0.3858     0.3548    34.8719 9.6314e+02   1264.058    34.8696    34.8735     6.2944    1484.98    27.7535    27.7564 0.0000e+00
   1281.000     3.3689     3.3722   3.244852   3.245274     2.0896    -0.3838     0.3580    34.8699 9.6187e+02   1265.043    34.8690    34.8706     6.2991    1484.92    27.7547    27.7557 0.0000e+00
   1282.000     3.3620     3.3670   3.244154   3.244788     2.0920    -0.3760     0.3580    34.8688 9.6801e+02   1266.028    34.8675    34.8697     6.3110    1484.91    27.7541    27.7555 0.0000e+00
   1283.000     3.3499     3.3500   3.243040   3.243106     2.0945    -0.3873     0.3556    34.8676 9.7078e+02   1267.012    34.8665    34.8672     6.3237    1484.87    27.7545    27.7551 0.0000e+00
   1284.000     3.3476     3.3501   3.242787   3.243151     2.0960    -0.3698     0.3545    34.8670 9.6783e+02   1267.997    34.8654    34.8671     6.3312    1484.88    27.7538    27.7550 0.0000e+00
   1285.000     3.3471     3.3517   3.242929   3.243394     2.0972    -0.3647     0.3522    34.8672 9.6247e+02   1268.981    34.8671    34.8678     6.3365    1484.89    27.7553    27.7554 0.0000e+00
   1286.000     3.3435     3.3494   3.242370   3.243156     2.0981    -0.3709     0.3512    34.8659 9.5714e+02   1269.966    34.8638    34.8669     6.3417    1484.89    27.7530    27.7550 0.0000e+00
   1287.000     3.3396     3.3436   3.242124   3.242646     2.0990    -0.3881     0.3543    34.8657 9.5381e+02   1270.950    34.8644    34.8665     6.3470    1484.89    27.7539    27.7551 0.0000e+00
   1288.000     3.3342     3.3355   3.241635   3.241828     2.0995    -0.3706     0.3549    34.8647 9.5591e+02   1271.935    34.8638    34.8648     6.3506    1484.88    27.7539    27.7545 0.0000e+00
   1289.000     3.3349     3.3350   3.241763   3.241818     2.1005    -0.4076     0.3575    34.8648 9.6406e+02   1272.919    34.8641    34.8647     6.3553    1484.90    27.7541    27.7545 0.0000e+00
