Ship_data/Irminger/Irminger-5/ctd/process/ar30-03010.ros
* Sea-Bird SBE 9 Data File:
* FileName = D:\Data\ar30-03010.hdr
* Software Version Seasave V 7.23.2
* Temperature SN = 4312
* Conductivity SN = 2148
* Number of Bytes Per Scan = 44
* Number of Voltage Words = 5
* Number of Scans Averaged by the Deck Unit = 1
* NMEA Latitude = 59 50.67 N
* NMEA Longitude = 039 11.81 W
* NMEA UTC (Time) = Jun 12 2018  19:51:22
** Cruise ID: ar30-03
** Chief Sci: Macdonald
** Station #: 010
** Site ID: Irminger 5 Glider sync.
** cast to 1000 meters with bottom release testing
# nquan = 13
# nvalues = 1176                                  
# units = specified
# name 0 = prDM: Pressure, Digiquartz [db]
# name 1 = t090C: Temperature [ITS-90, deg C]
# name 2 = t190C: Temperature, 2 [ITS-90, deg C]
# name 3 = c0S/m: Conductivity [S/m]
# name 4 = c1S/m: Conductivity, 2 [S/m]
# name 5 = sbeox0V: Oxygen raw, SBE 43 [V]
# name 6 = flECO-AFL: Fluorescence, WET Labs ECO-AFL/FL [mg/m^3]
# name 7 = turbWETntu0: Turbidity, WET Labs ECO [NTU]
# name 8 = sal00: Salinity, Practical [PSU]
# name 9 = spar: SPAR/Surface Irradiance
# name 10 = scan: Scan Count
# name 11 = nbf: Bottles Fired
# name 12 = flag:  0.000e+00
# interval = seconds: 0.0416667
# start_time = Jun 12 2018 19:51:22 [System UTC, first data scan.]
# bad_flag = -9.990e-29
*END*
[from data line 1112]
     15.435     5.9477     5.9484   3.421434   3.421630     2.7561     6.7564     0.6315    34.8746 1.4832e+02     146453         23  0.000e+00
     15.556     5.9477     5.9484   3.421454   3.421570     2.7561     6.7564     0.6315    34.8748 1.4832e+02     146454         23  0.000e+00
     15.492     5.9477     5.9481   3.421441   3.421630     2.7561     6.7564     0.6315    34.8747 1.4832e+02     146455         23  0.000e+00
     15.556     5.9477     5.9482   3.421441   3.421564     2.7573     6.7564     0.6315    34.8746 1.4832e+02     146456         23  0.000e+00
     15.548     5.9477     5.9482   3.421486   3.421570     2.7573     6.7564     0.6315    34.8752 1.4832e+02     146457         23  0.000e+00
     15.556     5.9479     5.9484   3.421447   3.421630     2.7573     6.7564     0.6315    34.8745 1.4832e+02     146458         23  0.000e+00
     15.548     5.9482     5.9486   3.421460   3.421630     2.7573     6.7368     0.6315    34.8743 1.4607e+02     146459         23  0.000e+00
     15.612     5.9481     5.9487   3.421486   3.421624     2.7573     6.7564     0.6315    34.8748 1.4832e+02     146460         23  0.000e+00
     15.612     5.9485     5.9485   3.421524   3.421600     2.7573     6.7368     0.6315    34.8747 1.4607e+02     146461         23  0.000e+00
     15.612     5.9482     5.9485   3.421537   3.421630     2.7573     6.7564     0.6315    34.8752 1.4832e+02     146462         23  0.000e+00
     15.668     5.9487     5.9485   3.421531   3.421630     2.7573     6.7564     0.6315    34.8745 1.4607e+02     146463         23  0.000e+00
     15.676     5.9487     5.9485   3.421556   3.421594     2.7573     6.7564     0.6315    34.8749 1.4832e+02     146464         23  0.000e+00
     15.499     5.9487     5.9484   3.421556   3.421600     2.7573     6.7564     0.6315    34.8749 1.4607e+02     146465         23  0.000e+00
     15.844     5.9490     5.9485   3.421544   3.421630     2.7573     6.7564     0.6315    34.8743 1.4832e+02     146466         23  0.000e+00
     15.676     5.9490     5.9485   3.421537   3.421600     2.7573     6.7564     0.6315    34.8743 1.4832e+02     146467         23  0.000e+00
      3.030     6.1133     6.1114   3.435822   3.435732     2.8218     4.4902     0.5680    34.8730 1.4382e+02     148907         24  0.000e+00
      2.790     6.1137     6.1116   3.435854   3.435793     2.8218     4.4902     0.5680    34.8730 1.4382e+02     148908         24  0.000e+00
      2.966     6.1144     6.1119   3.435893   3.435732     2.8218     4.4902     0.5680    34.8727 1.4382e+02     148909         24  0.000e+00
      2.790     6.1148     6.1116   3.435970   3.435793     2.8218     4.4902     0.5680    34.8732 1.4158e+02     148910         24  0.000e+00
      2.974     6.1156     6.1117   3.436015   3.435762     2.8218     4.4902     0.5680    34.8728 1.4382e+02     148911         24  0.000e+00
      2.966     6.1164     6.1124   3.436047   3.435762     2.8218     4.4902     0.5680    34.8724 1.4382e+02     148912         24  0.000e+00
      2.910     6.1166     6.1132   3.436105   3.435793     2.8218     4.4902     0.5680    34.8728 1.4158e+02     148913         24  0.000e+00
      2.910     6.1171     6.1138   3.436124   3.435915     2.8218     4.4902     0.5680    34.8726 1.4158e+02     148914         24  0.000e+00
      2.910     6.1173     6.1144   3.436124   3.435951     2.8218     4.4902     0.5680    34.8724 1.4158e+02     148915         24  0.000e+00
      2.854     6.1172     6.1146   3.436163   3.436036     2.8218     4.4902     0.5680    34.8729 1.4158e+02     148916         24  0.000e+00
      2.910     6.1176     6.1148   3.436163   3.436036     2.8218     4.4902     0.5680    34.8724 1.4382e+02     148917         24  0.000e+00
      2.910     6.1179     6.1153   3.436195   3.436073     2.8230     4.4902     0.5680    34.8725 1.4382e+02     148918         24  0.000e+00
      2.854     6.1178     6.1150   3.436176   3.436036     2.8218     4.4902     0.5680    34.8725 1.4382e+02     148919         24  0.000e+00
      2.910     6.1182     6.1148   3.436195   3.436042     2.8218     4.4902     0.5680    34.8722 1.4158e+02     148920         24  0.000e+00
      2.854     6.1180     6.1145   3.436208   3.436006     2.8218     4.4902     0.5729    34.8726 1.4382e+02     148921         24  0.000e+00
      2.910     6.1184     6.1150   3.436169   3.436006     2.8218     4.4902     0.5924    34.8717 1.4158e+02     148922         24  0.000e+00
      2.854     6.1180     6.1156   3.436176   3.435982     2.8218     4.4902     0.6022    34.8722 1.4382e+02     148923         24  0.000e+00
      2.910     6.1176     6.1161   3.436118   3.436103     2.8218     4.4902     0.6022    34.8719 1.4158e+02     148924         24  0.000e+00
      2.854     6.1166     6.1165   3.436047   3.436195     2.8218     4.4902     0.6022    34.8723 1.4382e+02     148925         24  0.000e+00
      2.910     6.1163     6.1168   3.436028   3.436201     2.8218     4.4902     0.6022    34.8723 1.4158e+02     148926         24  0.000e+00
      2.854     6.1163     6.1167   3.436047   3.436195     2.8218     4.4902     0.6022    34.8726 1.4158e+02     148927         24  0.000e+00
      2.910     6.1167     6.1168   3.436131   3.436225     2.8218     4.4902     0.6022    34.8730 1.4158e+02     148928         24  0.000e+00
      2.910     6.1171     6.1171   3.436157   3.436201     2.8218     4.4902     0.6022    34.8729 1.4382e+02     148929         24  0.000e+00
      2.910     6.1171     6.1168   3.436157   3.436225     2.8218     4.4902     0.6022    34.8729 1.4158e+02     148930         24  0.000e+00
      2.854     6.1174     6.1151   3.436157   3.436134     2.8218     4.4902     0.6022    34.8726 1.4158e+02     148931         24  0.000e+00
      2.966     6.1179     6.1132   3.436176   3.436073     2.8206     4.4902     0.6022    34.8723 1.4158e+02     148932         24  0.000e+00
      2.854     6.1181     6.1119   3.436253   3.435823     2.8206     4.4902     0.6022    34.8730 1.4158e+02     148933         24  0.000e+00
      2.966     6.1188     6.1109   3.436279   3.435762     2.8206     4.4902     0.6022    34.8725 1.4158e+02     148934         24  0.000e+00
      2.910     6.1187     6.1106   3.436259   3.435762     2.8206     4.4902     0.6022    34.8724 1.4158e+02     148935         24  0.000e+00
      2.910     6.1188     6.1111   3.436247   3.435702     2.8206     4.4902     0.6022    34.8721 1.4158e+02     148936         24  0.000e+00
      2.910     6.1188     6.1111   3.436202   3.435732     2.8206     4.4902     0.6022    34.8716 1.4158e+02     148937         24  0.000e+00
      2.966     6.1186     6.1111   3.436182   3.435762     2.8206     4.4902     0.6022    34.8716 1.4158e+02     148938         24  0.000e+00
      2.966     6.1179     6.1116   3.436144   3.435793     2.8206     4.4902     0.6022    34.8719 1.3933e+02     148939         24  0.000e+00
      2.966     6.1173     6.1129   3.436105   3.435799     2.8206     4.4902     0.6022    34.8721 1.4158e+02     148940         24  0.000e+00
      2.910     6.1167     6.1137   3.436047   3.435945     2.8193     4.4902     0.6022    34.8721 1.4158e+02     148941         24  0.000e+00
      3.030     6.1165     6.1140   3.436073   3.436036     2.8193     4.4902     0.6022    34.8726 1.4158e+02     148942         24  0.000e+00
      2.966     6.1163     6.1135   3.436022   3.435982     2.8193     4.4902     0.6022    34.8722 1.4158e+02     148943         24  0.000e+00
      3.030     6.1158     6.1132   3.435977   3.435945     2.8193     4.4902     0.6022    34.8722 1.4158e+02     148944         24  0.000e+00
      3.030     6.1159     6.1129   3.435990   3.435915     2.8193     4.4902     0.6022    34.8722 1.4158e+02     148945         24  0.000e+00
      2.974     6.1156     6.1130   3.435932   3.435860     2.8193     4.6269     0.5973    34.8719 1.4158e+02     148946         24  0.000e+00
      3.086     6.1136     6.1124   3.435604   3.435854     2.8193     4.6856     0.5924    34.8702 1.4158e+02     148947         24  0.000e+00
      3.030     6.1109     6.1129   3.435295   3.435860     2.8193     4.6856     0.5924    34.8695 1.3933e+02     148948         24  0.000e+00
      3.086     6.1089     6.1122   3.435154   3.435915     2.8181     4.6856     0.5924    34.8700 1.4158e+02     148949         24  0.000e+00
      3.086     6.1071     6.1114   3.435128   3.435854     2.8193     4.6856     0.5924    34.8715 1.3933e+02     148950         24  0.000e+00
      3.086     6.1066     6.1119   3.435128   3.435732     2.8181     4.6856     0.5924    34.8720 1.4158e+02     148951         24  0.000e+00
      3.142     6.1058     6.1108   3.435109   3.435702     2.8181     4.6856     0.5924    34.8727 1.4158e+02     148952         24  0.000e+00
      3.142     6.1053     6.1090   3.435032   3.435574     2.8169     4.6856     0.5924    34.8723 1.3933e+02     148953         24  0.000e+00
      3.142     6.1043     6.1077   3.434942   3.435391     2.8181     4.6856     0.5924    34.8722 1.4158e+02     148954         24  0.000e+00
      3.206     6.1035     6.1069   3.434871   3.435263     2.8181     4.6856     0.5924    34.8722 1.4158e+02     148955         24  0.000e+00
