Ship_data/Irminger/Irminger-5/ctd/process/ar30-03003.ros
* Sea-Bird SBE 9 Data File:
* FileName = D:\Data\ar30-03003.hdr
* Software Version Seasave V 7.23.2
* Temperature SN = 4230
* Conductivity SN = 2148
* Number of Bytes Per Scan = 44
* Number of Voltage Words = 5
* Number of Scans Averaged by the Deck Unit = 1
* NMEA Latitude = 60 53.48 N
* NMEA Longitude = 035 21.66 W
* NMEA UTC (Time) = Jun 07 2018  08:19:03
** Cruise ID: ar30-03
** Chief Sci: Macdonald
** Station #: 003
** Site ID: Irminger 5 OSNAP caldip
** 14 microcats attached to ctd
# nquan = 13
# nvalues = 833                                   
# units = specified
# name 0 = prDM: Pressure, Digiquartz [db]
# name 1 = t090C: Temperature [ITS-90, deg C]
# name 2 = t190C: Temperature, 2 [ITS-90, deg C]
# name 3 = c0S/m: Conductivity [S/m]
# name 4 = c1S/m: Conductivity, 2 [S/m]
# name 5 = sbeox0V: Oxygen raw, SBE 43 [V]
# name 6 = flECO-AFL: Fluorescence, WET Labs ECO-AFL/FL [mg/m^3]
# name 7 = turbWETntu0: Turbidity, WET Labs ECO [NTU]
# name 8 = sal00: Salinity, Practical [PSU]
# name 9 = spar: SPAR/Surface Irradiance
# name 10 = scan: Scan Count
# name 11 = nbf: Bottles Fired
# name 12 = flag:  0.000e+00
# interval = seconds: 0.0416667
# start_time = Jun 07 2018 08:19:03 [System UTC, first data scan.]
# bad_flag = -9.990e-29
*END*
   2998.192     1.3517     1.3536   3.137520   3.137507     1.7509    -0.3547     0.4166    34.8843 4.6967e+02      88619          1  0.000e+00
   2998.276     1.3517     1.3536   3.137507   3.137496     1.7496    -0.3743     0.4166    34.8841 4.6967e+02      88620          1  0.000e+00
   2998.192     1.3519     1.3537   3.137501   3.137478     1.7496    -0.3547     0.4166    34.8839 4.6967e+02      88621          1  0.000e+00
   2998.209     1.3517     1.3537   3.137520   3.137496     1.7496    -0.3743     0.4166    34.8843 4.6742e+02      88622          1  0.000e+00
   2998.192     1.3519     1.3541   3.137520   3.137478     1.7496    -0.3547     0.4166    34.8841 4.6967e+02      88623          1  0.000e+00
   2998.276     1.3517     1.3539   3.137545   3.137466     1.7496    -0.3547     0.4166    34.8846 4.6742e+02      88624          1  0.000e+00
   2998.124     1.3519     1.3539   3.137520   3.137537     1.7496    -0.3743     0.4166    34.8842 4.6742e+02      88625          1  0.000e+00
   2998.318     1.3517     1.3541   3.137520   3.137496     1.7496    -0.3547     0.4166    34.8843 4.6742e+02      88626          1  0.000e+00
   2998.209     1.3514     1.3538   3.137520   3.137537     1.7496    -0.3743     0.4166    34.8847 4.6742e+02      88627          1  0.000e+00
   2998.259     1.3516     1.3542   3.137507   3.137466     1.7496    -0.3743     0.4166    34.8843 4.6518e+02      88628          1  0.000e+00
   2998.209     1.3516     1.3537   3.137520   3.137507     1.7496    -0.3743     0.4166    34.8845 4.6518e+02      88629          1  0.000e+00
   2998.259     1.3517     1.3541   3.137514   3.137525     1.7496    -0.3743     0.4166    34.8842 4.6518e+02      88630          1  0.000e+00
   2998.209     1.3516     1.3541   3.137489   3.137478     1.7496    -0.3547     0.4166    34.8841 4.6293e+02      88631          1  0.000e+00
   2998.259     1.3517     1.3541   3.137495   3.137555     1.7496    -0.3743     0.4166    34.8840 4.6518e+02      88632          1  0.000e+00
   2998.209     1.3519     1.3541   3.137520   3.137478     1.7496    -0.3547     0.4166    34.8841 4.6518e+02      88633          1  0.000e+00
   2998.259     1.3520     1.3539   3.137520   3.137525     1.7496    -0.3743     0.4166    34.8840 4.6293e+02      88634          1  0.000e+00
   2998.259     1.3519     1.3541   3.137507   3.137478     1.7496    -0.3743     0.4166    34.8840 4.6293e+02      88635          1  0.000e+00
   2998.209     1.3519     1.3542   3.137520   3.137525     1.7496    -0.3743     0.4166    34.8841 4.6293e+02      88636          1  0.000e+00
   2998.318     1.3519     1.3539   3.137514   3.137507     1.7496    -0.3743     0.4166    34.8840 4.6293e+02      88637          1  0.000e+00
   2998.209     1.3516     1.3542   3.137507   3.137555     1.7496    -0.3547     0.4166    34.8843 4.6293e+02      88638          1  0.000e+00
   2998.259     1.3517     1.3540   3.137507   3.137537     1.7496    -0.3743     0.4166    34.8841 4.6068e+02      88639          1  0.000e+00
   2998.276     1.3517     1.3541   3.137501   3.137525     1.7496    -0.3743     0.4166    34.8841 4.6068e+02      88640          1  0.000e+00
   2998.318     1.3516     1.3539   3.137501   3.137507     1.7496    -0.3743     0.4117    34.8842 4.6293e+02      88641          1  0.000e+00
   2998.276     1.3514     1.3541   3.137532   3.137555     1.7496    -0.3938     0.4117    34.8848 4.6293e+02      88642          1  0.000e+00
   2998.259     1.3517     1.3541   3.137514   3.137507     1.7496    -0.3938     0.4117    34.8842 4.6293e+02      88643          1  0.000e+00
   2998.318     1.3517     1.3541   3.137520   3.137525     1.7496    -0.3938     0.4117    34.8843 4.6293e+02      88644          1  0.000e+00
   2998.276     1.3519     1.3541   3.137520   3.137537     1.7496    -0.3743     0.4117    34.8841 4.6068e+02      88645          1  0.000e+00
   2998.318     1.3519     1.3539   3.137507   3.137525     1.7496    -0.3938     0.4117    34.8839 4.6068e+02      88646          1  0.000e+00
   2998.276     1.3519     1.3539   3.137520   3.137507     1.7496    -0.3938     0.4117    34.8841 4.6293e+02      88647          1  0.000e+00
   2998.318     1.3522     1.3539   3.137551   3.137466     1.7496    -0.3743     0.4117    34.8842 4.6293e+02      88648          1  0.000e+00
   2998.343     1.3519     1.3539   3.137526   3.137478     1.7496    -0.3743     0.4117    34.8842 4.6068e+02      88649          1  0.000e+00
   2998.318     1.3519     1.3539   3.137526   3.137555     1.7496    -0.3938     0.4117    34.8842 4.6293e+02      88650          1  0.000e+00
   2998.343     1.3522     1.3537   3.137532   3.137507     1.7496    -0.3743     0.4117    34.8839 4.6068e+02      88651          1  0.000e+00
   2998.318     1.3519     1.3537   3.137551   3.137525     1.7496    -0.3938     0.4117    34.8845 4.6068e+02      88652          1  0.000e+00
   2998.318     1.3519     1.3539   3.137526   3.137507     1.7496    -0.3938     0.4117    34.8842 4.6068e+02      88653          1  0.000e+00
   2998.343     1.3519     1.3539   3.137526   3.137525     1.7496    -0.3743     0.4117    34.8842 4.6068e+02      88654          1  0.000e+00
   2998.318     1.3519     1.3537   3.137532   3.137537     1.7496    -0.3743     0.4117    34.8842 4.6068e+02      88655          1  0.000e+00
   2998.343     1.3520     1.3541   3.137532   3.137496     1.7496    -0.3938     0.4117    34.8841 4.6068e+02      88656          1  0.000e+00
   2998.318     1.3520     1.3536   3.137538   3.137507     1.7496    -0.3938     0.4117    34.8842 4.6068e+02      88657          1  0.000e+00
   2998.343     1.3517     1.3532   3.137538   3.137525     1.7496    -0.3938     0.4117    34.8845 4.6068e+02      88658          1  0.000e+00
   2998.385     1.3520     1.3532   3.137532   3.137478     1.7496    -0.3938     0.4117    34.8841 4.6068e+02      88659          1  0.000e+00
   2998.343     1.3520     1.3529   3.137520   3.137466     1.7496    -0.3743     0.4117    34.8840 4.6068e+02      88660          1  0.000e+00
   2998.385     1.3520     1.3529   3.137526   3.137449     1.7496    -0.3938     0.4117    34.8840 4.6068e+02      88661          1  0.000e+00
   2998.318     1.3522     1.3532   3.137532   3.137466     1.7496    -0.3743     0.4117    34.8839 4.6068e+02      88662          1  0.000e+00
   2998.402     1.3520     1.3534   3.137551   3.137449     1.7496    -0.3938     0.4117    34.8843 4.6293e+02      88663          1  0.000e+00
   2998.318     1.3520     1.3535   3.137526   3.137437     1.7496    -0.3743     0.4166    34.8840 4.6293e+02      88664          1  0.000e+00
   2998.402     1.3520     1.3532   3.137545   3.137449     1.7496    -0.3743     0.4215    34.8842 4.6068e+02      88665          1  0.000e+00
   2998.318     1.3517     1.3536   3.137538   3.137437     1.7496    -0.3547     0.4264    34.8845 4.6293e+02      88666          1  0.000e+00
   2998.402     1.3520     1.3529   3.137514   3.137478     1.7496    -0.3547     0.4264    34.8838 4.6293e+02      88667          1  0.000e+00
   2540.493     3.0050     3.0062   3.268476   3.268404     1.7808    -0.3743     0.3531    34.9265 4.6293e+02     108287          2  0.000e+00
   2540.660     3.0050     3.0062   3.268476   3.268434     1.7795    -0.3743     0.3531    34.9264 4.6293e+02     108288          2  0.000e+00
   2540.468     3.0052     3.0063   3.268457   3.268404     1.7795    -0.3743     0.3531    34.9261 4.6293e+02     108289          2  0.000e+00
   2540.685     3.0052     3.0063   3.268464   3.268404     1.7795    -0.3743     0.3580    34.9261 4.6293e+02     108290          2  0.000e+00
   2540.660     3.0049     3.0065   3.268476   3.268434     1.7795    -0.3743     0.3580    34.9266 4.6293e+02     108291          2  0.000e+00
   2540.660     3.0050     3.0067   3.268476   3.268404     1.7808    -0.3743     0.3531    34.9264 4.6293e+02     108292          2  0.000e+00
   2540.685     3.0049     3.0067   3.268438   3.268464     1.7795    -0.3743     0.3531    34.9261 4.6518e+02     108293          2  0.000e+00
   2540.727     3.0049     3.0068   3.268438   3.268434     1.7795    -0.3547     0.3580    34.9261 4.6518e+02     108294          2  0.000e+00
   2540.785     3.0049     3.0065   3.268426   3.268494     1.7795    -0.3743     0.3531    34.9259 4.6518e+02     108295          2  0.000e+00
   2540.810     3.0046     3.0070   3.268438   3.268440     1.7795    -0.3743     0.3531    34.9264 4.6518e+02     108296          2  0.000e+00
   2540.785     3.0049     3.0065   3.268432   3.268464     1.7795    -0.3743     0.3531    34.9260 4.6742e+02     108297          2  0.000e+00
   2540.785     3.0044     3.0065   3.268438   3.268494     1.7795    -0.3743     0.3580    34.9266 4.6742e+02     108298          2  0.000e+00
   2540.869     3.0049     3.0068   3.268407   3.268464     1.7795    -0.3743     0.3531    34.9256 4.6742e+02     108299          2  0.000e+00
   2540.852     3.0046     3.0065   3.268407   3.268434     1.7795    -0.3743     0.3531    34.9260 4.6742e+02     108300          2  0.000e+00
   2540.911     3.0047     3.0065   3.268457   3.268464     1.7795    -0.3743     0.3531    34.9264 4.6742e+02     108301          2  0.000e+00
   2540.869     3.0046     3.0063   3.268438   3.268434     1.7795    -0.3743     0.3531    34.9264 4.6967e+02     108302          2  0.000e+00
   2540.911     3.0046     3.0063   3.268419   3.268434     1.7795    -0.3743     0.3531    34.9261 4.6967e+02     108303          2  0.000e+00
   2540.977     3.0046     3.0060   3.268438   3.268404     1.7795    -0.3743     0.3531    34.9263 4.6967e+02     108304          2  0.000e+00
   2540.936     3.0046     3.0060   3.268426   3.268404     1.7795    -0.3743     0.3531    34.9262 4.6967e+02     108305          2  0.000e+00
   2540.911     3.0046     3.0060   3.268419   3.268374     1.7795    -0.3743     0.3580    34.9261 4.7192e+02     108306          2  0.000e+00
   2541.044     3.0044     3.0060   3.268438   3.268410     1.7795    -0.3743     0.3580    34.9264 4.7192e+02     108307          2  0.000e+00
   2540.936     3.0042     3.0060   3.268451   3.268404     1.7795    -0.3743     0.3531    34.9268 4.7192e+02     108308          2  0.000e+00
   2540.978     3.0046     3.0057   3.268426   3.268404     1.7795    -0.3743     0.3531    34.9262 4.7192e+02     108309          2  0.000e+00
   2540.978     3.0047     3.0062   3.268420   3.268404     1.7795    -0.3938     0.3580    34.9259 4.7192e+02     108310          2  0.000e+00
   2541.003     3.0047     3.0063   3.268420   3.268374     1.7795    -0.3938     0.3531    34.9259 4.7416e+02     108311          2  0.000e+00
   2540.978     3.0049     3.0064   3.268394   3.268404     1.7795    -0.3938     0.3580    34.9254 4.7416e+02     108312          2  0.000e+00
   2540.978     3.0047     3.0063   3.268432   3.268434     1.7795    -0.3743     0.3531    34.9261 4.7416e+02     108313          2  0.000e+00
   2541.003     3.0049     3.0065   3.268426   3.268434     1.7795    -0.3938     0.3531    34.9258 4.7641e+02     108314          2  0.000e+00
   2541.044     3.0047     3.0065   3.268413   3.268434     1.7795    -0.3938     0.3580    34.9258 4.7641e+02     108315          2  0.000e+00
   2540.978     3.0050     3.0063   3.268420   3.268404     1.7795    -0.3743     0.3531    34.9256 4.7641e+02     108316          2  0.000e+00
   2540.936     3.0049     3.0068   3.268438   3.268440     1.7795    -0.3938     0.3580    34.9260 4.7641e+02     108317          2  0.000e+00
   2540.978     3.0052     3.0067   3.268445   3.268374     1.7795    -0.3938     0.3531    34.9257 4.7641e+02     108318          2  0.000e+00
   2540.978     3.0052     3.0067   3.268451   3.268404     1.7795    -0.3938     0.3580    34.9258 4.7866e+02     108319          2  0.000e+00
   2541.003     3.0054     3.0070   3.268426   3.268404     1.7795    -0.3938     0.3531    34.9253 4.7866e+02     108320          2  0.000e+00
   2540.911     3.0054     3.0071   3.268457   3.268464     1.7795    -0.3743     0.3531    34.9257 4.8091e+02     108321          2  0.000e+00
   2540.978     3.0057     3.0073   3.268476   3.268434     1.7795    -0.3938     0.3580    34.9256 4.8091e+02     108322          2  0.000e+00
   2540.936     3.0054     3.0071   3.268495   3.268464     1.7795    -0.3938     0.3580    34.9262 4.8091e+02     108323          2  0.000e+00
   2540.911     3.0057     3.0073   3.268483   3.268494     1.7795    -0.3938     0.3580    34.9257 4.8091e+02     108324          2  0.000e+00
   2540.911     3.0059     3.0073   3.268476   3.268494     1.7795    -0.3938     0.3580    34.9254 4.8091e+02     108325          2  0.000e+00
   2540.869     3.0059     3.0073   3.268495   3.268464     1.7795    -0.3938     0.3531    34.9257 4.8091e+02     108326          2  0.000e+00
   2540.853     3.0062     3.0071   3.268527   3.268500     1.7795    -0.3938     0.3580    34.9257 4.8315e+02     108327          2  0.000e+00
   2540.853     3.0062     3.0076   3.268558   3.268494     1.7795    -0.3938     0.3580    34.9261 4.8315e+02     108328          2  0.000e+00
   2540.869     3.0065     3.0074   3.268546   3.268464     1.7795    -0.3938     0.3531    34.9256 4.8315e+02     108329          2  0.000e+00
   2540.786     3.0065     3.0076   3.268533   3.268464     1.7795    -0.3938     0.3580    34.9255 4.8315e+02     108330          2  0.000e+00
   2540.786     3.0062     3.0076   3.268558   3.268523     1.7795    -0.3938     0.3531    34.9261 4.8315e+02     108331          2  0.000e+00
   2540.744     3.0063     3.0078   3.268520   3.268494     1.7795    -0.3938     0.3531    34.9255 4.8540e+02     108332          2  0.000e+00
   2540.727     3.0067     3.0079   3.268527   3.268494     1.7795    -0.3743     0.3580    34.9253 4.8540e+02     108333          2  0.000e+00
   2540.727     3.0065     3.0081   3.268558   3.268494     1.7795    -0.3743     0.3580    34.9258 4.8765e+02     108334          2  0.000e+00
   2540.686     3.0067     3.0081   3.268552   3.268553     1.7795    -0.3743     0.3580    34.9256 4.8765e+02     108335          2  0.000e+00
   2028.858     3.4603     3.4615   3.289805   3.289775     1.8670    -0.3743     0.3629    34.9400 1.9528e+03     133959          3  0.000e+00
   2028.808     3.4604     3.4614   3.289805   3.289811     1.8670    -0.3938     0.3629    34.9400 1.9371e+03     133960          3  0.000e+00
   2028.750     3.4605     3.4615   3.289805   3.289811     1.8670    -0.3938     0.3580    34.9399 1.9438e+03     133961          3  0.000e+00
   2028.792     3.4605     3.4614   3.289805   3.289811     1.8670    -0.3938     0.3580    34.9399 1.9663e+03     133962          3  0.000e+00
   2028.750     3.4601     3.4615   3.289786   3.289805     1.8670    -0.3938     0.3580    34.9401 1.9798e+03     133963          3  0.000e+00
   2028.667     3.4603     3.4616   3.289798   3.289751     1.8670    -0.3938     0.3580    34.9400 1.9798e+03     133964          3  0.000e+00
   2028.874     3.4605     3.4617   3.289786   3.289811     1.8670    -0.3743     0.3580    34.9396 1.9551e+03     133965          3  0.000e+00
   2028.750     3.4606     3.4613   3.289779   3.289805     1.8670    -0.3743     0.3580    34.9395 1.9259e+03     133966          3  0.000e+00
   2028.725     3.4603     3.4616   3.289798   3.289781     1.8670    -0.3743     0.3580    34.9400 1.8967e+03     133967          3  0.000e+00
   2028.750     3.4602     3.4617   3.289824   3.289781     1.8670    -0.3938     0.3580    34.9404 1.8899e+03     133968          3  0.000e+00
   2028.750     3.4605     3.4615   3.289798   3.289805     1.8670    -0.3938     0.3629    34.9398 1.9034e+03     133969          3  0.000e+00
   2028.725     3.4603     3.4617   3.289760   3.289781     1.8670    -0.3938     0.3580    34.9395 1.9326e+03     133970          3  0.000e+00
   2028.684     3.4604     3.4613   3.289811   3.289811     1.8670    -0.3938     0.3580    34.9401 1.9371e+03     133971          3  0.000e+00
