Ship_data/Irminger/Irminger-5/ctd/process/ar30-03012.ros
* Sea-Bird SBE 9 Data File:
* FileName = D:\Data\ar30-03012.hdr
* Software Version Seasave V 7.23.2
* Temperature SN = 4312
* Conductivity SN = 2148
* Number of Bytes Per Scan = 44
* Number of Voltage Words = 5
* Number of Scans Averaged by the Deck Unit = 1
* NMEA Latitude = 59 40.85 N
* NMEA Longitude = 038 56.40 W
* NMEA UTC (Time) = Jun 13 2018  17:00:29
** Cruise ID: ar30-03
** Chief Sci: Macdonald
** Station #: 012
** Site ID: Irminger 5 OSNAP CV4
# nquan = 13
# nvalues = 637                                   
# units = specified
# name 0 = prDM: Pressure, Digiquartz [db]
# name 1 = t090C: Temperature [ITS-90, deg C]
# name 2 = t190C: Temperature, 2 [ITS-90, deg C]
# name 3 = c0S/m: Conductivity [S/m]
# name 4 = c1S/m: Conductivity, 2 [S/m]
# name 5 = sbeox0V: Oxygen raw, SBE 43 [V]
# name 6 = flECO-AFL: Fluorescence, WET Labs ECO-AFL/FL [mg/m^3]
# name 7 = turbWETntu0: Turbidity, WET Labs ECO [NTU]
# name 8 = sal00: Salinity, Practical [PSU]
# name 9 = spar: SPAR/Surface Irradiance
# name 10 = scan: Scan Count
# name 11 = nbf: Bottles Fired
# name 12 = flag:  0.000e+00
# interval = seconds: 0.0416667
# start_time = Jun 13 2018 17:00:29 [System UTC, first data scan.]
# bad_flag = -9.990e-29
*END*
[from data line 334]
   1217.342     3.2950     3.2951   3.234616   3.234671     2.1639    -0.3743     0.3726    34.8573 6.0226e+02     134069          7  0.000e+00
   1217.342     3.2951     3.2951   3.234604   3.234671     2.1639    -0.3743     0.3678    34.8571 6.0226e+02     134070          7  0.000e+00
   1217.367     3.2952     3.2952   3.234604   3.234701     2.1639    -0.3938     0.3678    34.8570 6.0001e+02     134071          7  0.000e+00
   1217.408     3.2950     3.2951   3.234597   3.234671     2.1639    -0.3743     0.3678    34.8571 6.0001e+02     134072          7  0.000e+00
   1217.310     3.2952     3.2951   3.234604   3.234701     2.1639    -0.3743     0.3678    34.8570 5.9776e+02     134073          7  0.000e+00
   1217.408     3.2951     3.2952   3.234585   3.234671     2.1639    -0.3938     0.3726    34.8568 5.9776e+02     134074          7  0.000e+00
   1217.343     3.2952     3.2951   3.234591   3.234701     2.1639    -0.3743     0.3678    34.8568 5.9776e+02     134075          7  0.000e+00
   1217.367     3.2952     3.2952   3.234579   3.234671     2.1639    -0.3938     0.3678    34.8567 5.9776e+02     134076          7  0.000e+00
   1217.408     3.2950     3.2951   3.234566   3.234701     2.1639    -0.3938     0.3678    34.8567 5.9551e+02     134077          7  0.000e+00
   1015.394     3.2956     3.2957   3.225985   3.226058     2.2150    -0.3743     0.3678    34.8569 6.0900e+02     140956          8  0.000e+00
   1015.394     3.2959     3.2957   3.225960   3.225999     2.2150    -0.3938     0.3678    34.8563 6.1124e+02     140957          8  0.000e+00
   1015.272     3.2958     3.2956   3.225953   3.226058     2.2163    -0.3938     0.3678    34.8564 6.0900e+02     140958          8  0.000e+00
   1015.329     3.2959     3.2957   3.225960   3.226058     2.2163    -0.3938     0.3678    34.8563 6.1124e+02     140959          8  0.000e+00
   1015.337     3.2960     3.2957   3.225953   3.226028     2.2150    -0.3938     0.3678    34.8562 6.0900e+02     140960          8  0.000e+00
   1015.394     3.2956     3.2959   3.225972   3.226028     2.2150    -0.3743     0.3678    34.8568 6.0900e+02     140961          8  0.000e+00
   1015.337     3.2958     3.2957   3.225960   3.226028     2.2150    -0.3938     0.3678    34.8565 6.0900e+02     140962          8  0.000e+00
   1015.451     3.2958     3.2959   3.225979   3.225999     2.2150    -0.3938     0.3678    34.8566 6.1124e+02     140963          8  0.000e+00
   1015.337     3.2957     3.2956   3.225966   3.226058     2.2150    -0.3938     0.3678    34.8566 6.0900e+02     140964          8  0.000e+00
   1015.394     3.2960     3.2959   3.225979   3.226022     2.2150    -0.3743     0.3678    34.8565 6.1124e+02     140965          8  0.000e+00
   1015.451     3.2956     3.2959   3.226004   3.226058     2.2150    -0.3938     0.3726    34.8572 6.1124e+02     140966          8  0.000e+00
   1015.394     3.2960     3.2956   3.225991   3.226058     2.2150    -0.3743     0.3678    34.8566 6.1124e+02     140967          8  0.000e+00
   1015.451     3.2960     3.2959   3.225966   3.226028     2.2150    -0.3938     0.3678    34.8563 6.1124e+02     140968          8  0.000e+00
   1015.394     3.2959     3.2957   3.225972   3.226028     2.2150    -0.3938     0.3726    34.8565 6.1124e+02     140969          8  0.000e+00
   1015.394     3.2960     3.2957   3.225966   3.226028     2.2150    -0.3743     0.3678    34.8563 6.1349e+02     140970          8  0.000e+00
   1015.451     3.2959     3.2957   3.225972   3.226028     2.2150    -0.3938     0.3678    34.8564 6.1349e+02     140971          8  0.000e+00
   1015.459     3.2963     3.2957   3.225960   3.226028     2.2150    -0.3938     0.3678    34.8559 6.1349e+02     140972          8  0.000e+00
   1015.394     3.2959     3.2959   3.225953   3.226028     2.2150    -0.3938     0.3678    34.8562 6.1349e+02     140973          8  0.000e+00
   1015.394     3.2958     3.2959   3.225972   3.226028     2.2150    -0.3938     0.3678    34.8566 6.1349e+02     140974          8  0.000e+00
   1015.451     3.2960     3.2959   3.225985   3.226058     2.2150    -0.3938     0.3678    34.8565 6.1349e+02     140975          8  0.000e+00
   1015.394     3.2961     3.2956   3.225966   3.226028     2.2150    -0.3938     0.3678    34.8562 6.1574e+02     140976          8  0.000e+00
   1015.451     3.2958     3.2959   3.225972   3.226028     2.2150    -0.3938     0.3678    34.8566 6.1574e+02     140977          8  0.000e+00
   1015.394     3.2959     3.2959   3.225947   3.226028     2.2150    -0.3743     0.3678    34.8562 6.1574e+02     140978          8  0.000e+00
   1015.394     3.2960     3.2957   3.225966   3.225999     2.2150    -0.3938     0.3678    34.8563 6.1574e+02     140979          8  0.000e+00
   1015.394     3.2959     3.2959   3.225966   3.226058     2.2150    -0.3743     0.3678    34.8564 6.1574e+02     140980          8  0.000e+00
   1015.394     3.2960     3.2957   3.225972   3.226028     2.2163    -0.3547     0.3629    34.8564 6.1799e+02     140981          8  0.000e+00
   1015.394     3.2958     3.2959   3.225947   3.225999     2.2150    -0.3743     0.3629    34.8563 6.1799e+02     140982          8  0.000e+00
   1015.394     3.2959     3.2960   3.225966   3.226088     2.2150    -0.3547     0.3629    34.8564 6.1574e+02     140983          8  0.000e+00
   1015.272     3.2961     3.2962   3.225978   3.225999     2.2150    -0.3547     0.3678    34.8564 6.2023e+02     140984          8  0.000e+00
   1015.451     3.2961     3.2959   3.225985   3.226058     2.2150    -0.3743     0.3629    34.8564 6.2023e+02     140985          8  0.000e+00
   1015.337     3.2960     3.2960   3.225966   3.226022     2.2150    -0.3547     0.3629    34.8564 6.2023e+02     140986          8  0.000e+00
   1015.329     3.2961     3.2960   3.225953   3.226028     2.2150    -0.3743     0.3629    34.8561 6.2023e+02     140987          8  0.000e+00
   1015.337     3.2958     3.2962   3.225960   3.226028     2.2150    -0.3547     0.3629    34.8565 6.2023e+02     140988          8  0.000e+00
   1015.329     3.2963     3.2960   3.225972   3.226028     2.2150    -0.3547     0.3629    34.8561 6.2023e+02     140989          8  0.000e+00
   1015.329     3.2961     3.2960   3.226010   3.225999     2.2150    -0.3743     0.3629    34.8568 6.2248e+02     140990          8  0.000e+00
   1015.337     3.2961     3.2962   3.225972   3.226058     2.2150    -0.3743     0.3629    34.8563 6.2248e+02     140991          8  0.000e+00
   1015.272     3.2966     3.2959   3.225953   3.226088     2.2150    -0.3547     0.3629    34.8556 6.2248e+02     140992          8  0.000e+00
   1015.272     3.2963     3.2960   3.225972   3.226028     2.2150    -0.3743     0.3629    34.8561 6.2248e+02     140993          8  0.000e+00
   1015.272     3.2964     3.2957   3.225960   3.226028     2.2150    -0.3743     0.3629    34.8558 6.2248e+02     140994          8  0.000e+00
   1015.272     3.2962     3.2962   3.226004   3.226028     2.2150    -0.3743     0.3629    34.8566 6.2473e+02     140995          8  0.000e+00
   1015.207     3.2961     3.2960   3.225991   3.226058     2.2150    -0.3743     0.3629    34.8566 6.2473e+02     140996          8  0.000e+00
   1015.207     3.2962     3.2960   3.225985   3.226058     2.2150    -0.3547     0.3629    34.8564 6.2473e+02     140997          8  0.000e+00
   1015.215     3.2963     3.2960   3.225966   3.226058     2.2150    -0.3743     0.3629    34.8561 6.2248e+02     140998          8  0.000e+00
   1015.207     3.2962     3.2962   3.226016   3.226028     2.2150    -0.3743     0.3629    34.8568 6.2473e+02     140999          8  0.000e+00
   1015.150     3.2963     3.2960   3.226004   3.226028     2.2150    -0.3743     0.3629    34.8566 6.2473e+02     141000          8  0.000e+00
   1015.207     3.2964     3.2962   3.225985   3.226058     2.2150    -0.3743     0.3629    34.8561 6.2473e+02     141001          8  0.000e+00
   1014.971     3.2962     3.2962   3.225985   3.226058     2.2150    -0.3547     0.3629    34.8565 6.2473e+02     141002          8  0.000e+00
   1015.330     3.2963     3.2960   3.225985   3.226088     2.2150    -0.3743     0.3629    34.8563 6.2473e+02     141003          8  0.000e+00
   1015.085     3.2964     3.2962   3.225985   3.226028     2.2150    -0.3743     0.3775    34.8562 6.2473e+02     141004          8  0.000e+00
    759.182     3.3920     3.3913   3.224349   3.224385     2.2800    -0.3743     0.3726    34.8685 5.5057e+02     149897          9  0.000e+00
    759.126     3.3917     3.3913   3.224361   3.224385     2.2800    -0.3938     0.3726    34.8691 5.5282e+02     149898          9  0.000e+00
    759.247     3.3918     3.3911   3.224330   3.224415     2.2800    -0.3743     0.3726    34.8685 5.5057e+02     149899          9  0.000e+00
    759.061     3.3915     3.3911   3.224311   3.224385     2.2800    -0.3938     0.3726    34.8687 5.5057e+02     149900          9  0.000e+00
    759.182     3.3917     3.3911   3.224311   3.224356     2.2800    -0.3938     0.3726    34.8684 5.5057e+02     149901          9  0.000e+00
    759.182     3.3913     3.3910   3.224311   3.224415     2.2800    -0.3938     0.3726    34.8688 5.5057e+02     149902          9  0.000e+00
    759.182     3.3913     3.3913   3.224330   3.224385     2.2800    -0.3938     0.3726    34.8690 5.5057e+02     149903          9  0.000e+00
    759.118     3.3913     3.3913   3.224280   3.224415     2.2800    -0.3743     0.3726    34.8684 5.4832e+02     149904          9  0.000e+00
    759.182     3.3913     3.3909   3.224292   3.224385     2.2800    -0.3938     0.3726    34.8685 5.4832e+02     149905          9  0.000e+00
    759.239     3.3917     3.3909   3.224311   3.224385     2.2800    -0.3938     0.3726    34.8684 5.4832e+02     149906          9  0.000e+00
    759.182     3.3911     3.3911   3.224330   3.224397     2.2800    -0.3938     0.3726    34.8692 5.4832e+02     149907          9  0.000e+00
    759.182     3.3915     3.3910   3.224299   3.224385     2.2800    -0.3938     0.3726    34.8685 5.4832e+02     149908          9  0.000e+00
    759.182     3.3915     3.3913   3.224305   3.224385     2.2800    -0.3938     0.3726    34.8685 5.4832e+02     149909          9  0.000e+00
    759.247     3.3912     3.3911   3.224311   3.224385     2.2800    -0.3938     0.3726    34.8689 5.4608e+02     149910          9  0.000e+00
    759.182     3.3917     3.3913   3.224330   3.224415     2.2800    -0.3938     0.3726    34.8687 5.4608e+02     149911          9  0.000e+00
    759.247     3.3912     3.3913   3.224324   3.224385     2.2800    -0.3743     0.3726    34.8691 5.4608e+02     149912          9  0.000e+00
    759.182     3.3917     3.3913   3.224311   3.224415     2.2800    -0.3938     0.3726    34.8684 5.4608e+02     149913          9  0.000e+00
    759.247     3.3918     3.3910   3.224311   3.224415     2.2800    -0.3938     0.3726    34.8682 5.4608e+02     149914          9  0.000e+00
    759.239     3.3913     3.3911   3.224311   3.224385     2.2800    -0.3743     0.3726    34.8687 5.4608e+02     149915          9  0.000e+00
    759.247     3.3915     3.3909   3.224311   3.224385     2.2800    -0.3938     0.3726    34.8686 5.4608e+02     149916          9  0.000e+00
    759.239     3.3918     3.3911   3.224311   3.224356     2.2800    -0.3938     0.3726    34.8682 5.4383e+02     149917          9  0.000e+00
    759.247     3.3915     3.3913   3.224330   3.224368     2.2800    -0.3938     0.3726    34.8688 5.4383e+02     149918          9  0.000e+00
    759.239     3.3915     3.3913   3.224317   3.224415     2.2800    -0.3743     0.3678    34.8686 5.4383e+02     149919          9  0.000e+00
    759.247     3.3915     3.3914   3.224311   3.224385     2.2800    -0.3938     0.3678    34.8686 5.4383e+02     149920          9  0.000e+00
    759.304     3.3915     3.3913   3.224292   3.224386     2.2800    -0.3743     0.3678    34.8683 5.4383e+02     149921          9  0.000e+00
    759.239     3.3915     3.3913   3.224299   3.224415     2.2800    -0.3938     0.3726    34.8684 5.4383e+02     149922          9  0.000e+00
    759.304     3.3915     3.3913   3.224311   3.224386     2.2800    -0.3938     0.3678    34.8685 5.4383e+02     149923          9  0.000e+00
    759.304     3.3915     3.3916   3.224311   3.224415     2.2800    -0.3743     0.3678    34.8685 5.4383e+02     149924          9  0.000e+00
    759.247     3.3915     3.3914   3.224311   3.224415     2.2800    -0.3938     0.3678    34.8686 5.4158e+02     149925          9  0.000e+00
    759.304     3.3915     3.3914   3.224311   3.224415     2.2800    -0.3743     0.3678    34.8685 5.4158e+02     149926          9  0.000e+00
    759.304     3.3915     3.3914   3.224330   3.224415     2.2800    -0.3938     0.3678    34.8688 5.4158e+02     149927          9  0.000e+00
    759.304     3.3915     3.3913   3.224317   3.224386     2.2800    -0.3743     0.3678    34.8686 5.4158e+02     149928          9  0.000e+00
    759.304     3.3915     3.3914   3.224349   3.224427     2.2800    -0.3938     0.3678    34.8690 5.4158e+02     149929          9  0.000e+00
    759.304     3.3915     3.3913   3.224330   3.224415     2.2800    -0.3743     0.3678    34.8688 5.4158e+02     149930          9  0.000e+00
    759.304     3.3915     3.3914   3.224311   3.224385     2.2800    -0.3938     0.3678    34.8685 5.4158e+02     149931          9  0.000e+00
    759.361     3.3915     3.3912   3.224330   3.224415     2.2800    -0.3938     0.3678    34.8687 5.4158e+02     149932          9  0.000e+00
    759.304     3.3915     3.3911   3.224336   3.224386     2.2800    -0.3938     0.3678    34.8688 5.4158e+02     149933          9  0.000e+00
    759.304     3.3915     3.3909   3.224343   3.224356     2.2800    -0.3938     0.3726    34.8689 5.4158e+02     149934          9  0.000e+00
    759.361     3.3915     3.3908   3.224299   3.224356     2.2800    -0.3938     0.3678    34.8684 5.3933e+02     149935          9  0.000e+00
    759.361     3.3915     3.3908   3.224305   3.224386     2.2800    -0.3743     0.3678    34.8684 5.3933e+02     149936          9  0.000e+00
    759.304     3.3913     3.3909   3.224292   3.224356     2.2800    -0.3743     0.3678    34.8685 5.3933e+02     149937          9  0.000e+00
    759.361     3.3917     3.3910   3.224305   3.224386     2.2800    -0.3938     0.3726    34.8683 5.3933e+02     149938          9  0.000e+00
    759.361     3.3913     3.3909   3.224311   3.224356     2.2800    -0.3743     0.3678    34.8687 5.3933e+02     149939          9  0.000e+00
    759.361     3.3917     3.3909   3.224311   3.224338     2.2800    -0.3938     0.3678    34.8683 5.3933e+02     149940          9  0.000e+00
    759.304     3.3913     3.3913   3.224311   3.224386     2.2800    -0.3938     0.3678    34.8687 5.3933e+02     149941          9  0.000e+00
    759.418     3.3917     3.3911   3.224292   3.224415     2.2800    -0.3743     0.3726    34.8681 5.3933e+02     149942          9  0.000e+00
    759.361     3.3913     3.3914   3.224324   3.224386     2.2800    -0.3547     0.3726    34.8688 5.3933e+02     149943          9  0.000e+00
    759.361     3.3912     3.3912   3.224299   3.224386     2.2800    -0.3547     0.3726    34.8687 5.3933e+02     149944          9  0.000e+00
    759.361     3.3915     3.3916   3.224305   3.224415     2.2800    -0.3547     0.3726    34.8684 5.3933e+02     149945          9  0.000e+00
    505.478     3.4619     3.4612   3.219798   3.219822     2.3496    -0.3938     0.3726    34.8743 5.7079e+02     158726         10  0.000e+00
    505.542     3.4621     3.4613   3.219811   3.219792     2.3496    -0.3938     0.3726    34.8742 5.7079e+02     158727         10  0.000e+00
    505.542     3.4619     3.4610   3.219786   3.219822     2.3496    -0.3938     0.3726    34.8741 5.7079e+02     158728         10  0.000e+00
