Ship_data/Irminger/Irminger-5/ctd/process/ar30-03018.cnv
* Sea-Bird SBE 9 Data File:
* FileName = D:\Data\ar30-03018.hdr
* Software Version Seasave V 7.23.2
* Temperature SN = 4312
* Conductivity SN = 2148
* Number of Bytes Per Scan = 44
* Number of Voltage Words = 5
* Number of Scans Averaged by the Deck Unit = 1
* NMEA Latitude = 59 52.87 N
* NMEA Longitude = 040 53.94 W
* NMEA UTC (Time) = Jun 18 2018  16:05:20
** Cruise ID: ar30-03
** Chief Sci: Macdonald
** Station #: 018
** Site ID: Irminger 5 OSNAP C12
** Cast at OSNAP site C12 between M1 and M2 moorings
# nquan = 18
# nvalues = 4636                        
# units = specified
# name 0 = prDM: Pressure, Digiquartz [db]
# name 1 = t090C: Temperature [ITS-90, deg C]
# name 2 = t190C: Temperature, 2 [ITS-90, deg C]
# name 3 = c0S/m: Conductivity [S/m]
# name 4 = c1S/m: Conductivity, 2 [S/m]
# name 5 = sbeox0V: Oxygen raw, SBE 43 [V]
# name 6 = flECO-AFL: Fluorescence, WET Labs ECO-AFL/FL [mg/m^3]
# name 7 = turbWETntu0: Turbidity, WET Labs ECO [NTU]
# name 8 = sal00: Salinity, Practical [PSU]
# name 9 = spar: SPAR/Surface Irradiance
# name 10 = depSM: Depth [salt water, m], lat = 59.8812
# name 11 = sal00: Salinity, Practical [PSU]
# name 12 = sal11: Salinity, Practical, 2 [PSU]
# name 13 = sbeox0ML/L: Oxygen, SBE 43 [ml/l], WS = 2
# name 14 = svCM: Sound Velocity [Chen-Millero, m/s]
# name 15 = sigma-é00: Density [sigma-theta, kg/m^3]
# name 16 = sigma-é11: Density, 2 [sigma-theta, kg/m^3]
# name 17 = flag: flag
# span 0 =      3.000,   2321.000       
# span 1 =     1.7546,     6.6513       
# span 2 =     1.7562,     6.6538       
# span 3 =   3.145856,   3.484476       
# span 4 =   3.145918,   3.484993       
# span 5 =     1.8479,     2.8118       
# span 6 =    -0.4140,     7.2689       
# span 7 =     0.3433,     0.7362       
# span 8 =    34.8546,    34.9238       
# span 9 = 7.4235e+02, 2.6867e+03       
# span 10 =      2.972,   2286.482      
# span 11 =    34.8600,    34.9238      
# span 12 =    34.8630,    34.9243      
# span 13 =     5.9058,     7.1911      
# span 14 =    1473.16,    1495.43      
# span 15 =    27.3593,    27.9121      
# span 16 =    27.3597,    27.9123      
# span 17 = 0.0000e+00, 0.0000e+00      
# interval = decibars: 1                
# start_time = Jun 18 2018 16:05:20 [System UTC, first data scan.]
# bad_flag = -9.990e-29
*END*
[from data line 2975]
   1663.000     3.2652     3.2670   3.255484   3.255668     1.9434    -0.3555     0.3628    34.9143 9.3496e+02   1640.798    34.9152    34.9154     6.0252    1490.91    27.8044    27.8044 0.0000e+00
   1662.000     3.2669     3.2689   3.255596   3.255793     1.9430    -0.3874     0.3590    34.9143 9.3558e+02   1639.815    34.9152    34.9155     6.0225    1490.90    27.8043    27.8043 0.0000e+00
   1661.000     3.2690     3.2717   3.255762   3.256005     1.9434    -0.3937     0.3582    34.9144 9.2213e+02   1638.832    34.9154    34.9155     6.0232    1490.90    27.8042    27.8041 0.0000e+00
   1660.000     3.2736     3.2764   3.256157   3.256421     1.9432    -0.3725     0.3616    34.9145 9.1211e+02   1637.849    34.9158    34.9160     6.0207    1490.90    27.8041    27.8040 0.0000e+00
   1659.000     3.2782     3.2803   3.256562   3.256766     1.9434    -0.3731     0.3629    34.9151 9.0984e+02   1636.866    34.9162    34.9165     6.0201    1490.90    27.8040    27.8040 0.0000e+00
   1658.000     3.2802     3.2817   3.256692   3.256868     1.9434    -0.3937     0.3629    34.9152 9.1618e+02   1635.884    34.9162    34.9167     6.0189    1490.89    27.8038    27.8040 0.0000e+00
   1657.000     3.2812     3.2818   3.256766   3.256852     1.9434    -0.3763     0.3593    34.9156 9.3309e+02   1634.901    34.9165    34.9169     6.0180    1490.88    27.8039    27.8042 0.0000e+00
   1656.000     3.2819     3.2817   3.256773   3.256793     1.9434    -0.3729     0.3616    34.9157 9.5596e+02   1633.918    34.9164    34.9168     6.0171    1490.87    27.8038    27.8041 0.0000e+00
   1655.000     3.2806     3.2805   3.256598   3.256637     1.9434    -0.3938     0.3662    34.9157 9.5851e+02   1632.935    34.9161    34.9167     6.0164    1490.85    27.8036    27.8041 0.0000e+00
   1654.000     3.2815     3.2819   3.256632   3.256688     1.9434    -0.3669     0.3578    34.9154 9.2632e+02   1631.952    34.9160    34.9163     6.0156    1490.83    27.8035    27.8037 0.0000e+00
   1653.000     3.2825     3.2834   3.256668   3.256761     1.9434    -0.3714     0.3582    34.9155 9.1910e+02   1630.969    34.9160    34.9161     6.0146    1490.82    27.8033    27.8034 0.0000e+00
   1652.000     3.2836     3.2845   3.256696   3.256811     1.9434    -0.3852     0.3613    34.9152 9.2921e+02   1629.987    34.9156    34.9160     6.0137    1490.81    27.8029    27.8032 0.0000e+00
   1651.000     3.2841     3.2853   3.256715   3.256847     1.9434    -0.3880     0.3626    34.9154 9.4682e+02   1629.004    34.9157    34.9161     6.0128    1490.79    27.8030    27.8032 0.0000e+00
   1650.000     3.2851     3.2865   3.256770   3.256922     1.9436    -0.3668     0.3585    34.9153 9.6137e+02   1628.021    34.9158    34.9162     6.0127    1490.78    27.8030    27.8032 0.0000e+00
   1649.000     3.2864     3.2874   3.256864   3.256988     1.9442    -0.3712     0.3620    34.9156 9.6938e+02   1627.038    34.9161    34.9165     6.0142    1490.77    27.8031    27.8033 0.0000e+00
   1648.000     3.2873     3.2861   3.256891   3.256830     1.9446    -0.3685     0.3593    34.9156 9.6595e+02   1626.055    34.9159    34.9165     6.0150    1490.76    27.8028    27.8034 0.0000e+00
   1647.000     3.2877     3.2877   3.256886   3.256918     1.9446    -0.3942     0.3581    34.9156 9.4714e+02   1625.073    34.9160    34.9164     6.0140    1490.74    27.8028    27.8031 0.0000e+00
   1646.000     3.2886     3.2892   3.256901   3.257009     1.9446    -0.3850     0.3591    34.9155 9.2991e+02   1624.090    34.9157    34.9164     6.0131    1490.73    27.8025    27.8030 0.0000e+00
   1645.000     3.2884     3.2893   3.256856   3.256987     1.9442    -0.3684     0.3634    34.9157 9.3098e+02   1623.107    34.9159    34.9164     6.0105    1490.71    27.8027    27.8030 0.0000e+00
   1644.000     3.2890     3.2895   3.256875   3.256945     1.9439    -0.3921     0.3629    34.9157 9.4259e+02   1622.124    34.9159    34.9162     6.0087    1490.70    27.8026    27.8028 0.0000e+00
   1643.000     3.2881     3.2877   3.256696   3.256695     1.9437    -0.3707     0.3584    34.9154 9.5174e+02   1621.141    34.9152    34.9156     6.0072    1490.68    27.8022    27.8025 0.0000e+00
   1642.000     3.2859     3.2854   3.256437   3.256396     1.9436    -0.3703     0.3580    34.9150 9.5743e+02   1620.158    34.9149    34.9151     6.0062    1490.65    27.8021    27.8023 0.0000e+00
   1641.000     3.2829     3.2822   3.256004   3.255986     1.9436    -0.3849     0.3607    34.9141 9.5846e+02   1619.175    34.9135    34.9140     6.0059    1490.62    27.8013    27.8017 0.0000e+00
   1640.000     3.2788     3.2818   3.255514   3.255892     1.9450    -0.3792     0.3628    34.9127 9.5343e+02   1618.192    34.9124    34.9138     6.0121    1490.58    27.8008    27.8016 0.0000e+00
   1639.000     3.2792     3.2804   3.255487   3.255673     1.9468    -0.3841     0.3622    34.9122 9.4473e+02   1617.209    34.9122    34.9131     6.0186    1490.57    27.8005    27.8012 0.0000e+00
   1638.000     3.2805     3.2811   3.255545   3.255620     1.9483    -0.3784     0.3595    34.9120 9.4449e+02   1616.227    34.9121    34.9123     6.0236    1490.56    27.8003    27.8004 0.0000e+00
   1637.000     3.2818     3.2834   3.255635   3.255790     1.9495    -0.3929     0.3629    34.9121 9.4837e+02   1615.244    34.9122    34.9124     6.0276    1490.55    27.8003    27.8003 0.0000e+00
   1636.000     3.2846     3.2858   3.255861   3.255989     1.9499    -0.3926     0.3635    34.9121 9.4919e+02   1614.261    34.9125    34.9127     6.0282    1490.54    27.8002    27.8003 0.0000e+00
   1635.000     3.2852     3.2854   3.255849   3.255901     1.9508    -0.3926     0.3629    34.9122 9.4804e+02   1613.278    34.9122    34.9126     6.0309    1490.53    27.7999    27.8002 0.0000e+00
   1634.000     3.2848     3.2853   3.255775   3.255842     1.9508    -0.3859     0.3620    34.9121 9.4247e+02   1612.295    34.9122    34.9125     6.0304    1490.51    27.8000    27.8002 0.0000e+00
   1633.000     3.2852     3.2856   3.255762   3.255840     1.9513    -0.3542     0.3588    34.9121 9.3392e+02   1611.312    34.9121    34.9126     6.0317    1490.49    27.7999    27.8002 0.0000e+00
   1632.000     3.2848     3.2850   3.255690   3.255746     1.9520    -0.3783     0.3627    34.9122 9.2895e+02   1610.329    34.9122    34.9127     6.0338    1490.47    27.8000    27.8003 0.0000e+00
   1631.000     3.2850     3.2858   3.255651   3.255752     1.9531    -0.3734     0.3629    34.9119 9.4321e+02   1609.346    34.9120    34.9123     6.0374    1490.46    27.7998    27.8000 0.0000e+00
   1630.000     3.2862     3.2873   3.255726   3.255851     1.9533    -0.3743     0.3629    34.9119 9.4843e+02   1608.363    34.9121    34.9124     6.0374    1490.45    27.7997    27.7999 0.0000e+00
   1629.000     3.2891     3.2899   3.255970   3.256061     1.9534    -0.3743     0.3629    34.9120 9.4642e+02   1607.380    34.9125    34.9127     6.0367    1490.44    27.7997    27.7998 0.0000e+00
   1628.000     3.2908     3.2914   3.256072   3.256142     1.9534    -0.3705     0.3629    34.9121 9.3870e+02   1606.397    34.9124    34.9125     6.0357    1490.43    27.7995    27.7996 0.0000e+00
   1627.000     3.2924     3.2939   3.256172   3.256338     1.9535    -0.3779     0.3647    34.9120 9.2927e+02   1605.414    34.9124    34.9127     6.0349    1490.42    27.7994    27.7995 0.0000e+00
   1626.000     3.2951     3.2970   3.256394   3.256588     1.9533    -0.3917     0.3688    34.9121 9.2043e+02   1604.432    34.9126    34.9129     6.0327    1490.42    27.7993    27.7993 0.0000e+00
   1625.000     3.2980     3.2981   3.256614   3.256660     1.9538    -0.3939     0.3628    34.9121 9.1670e+02   1603.449    34.9126    34.9131     6.0334    1490.41    27.7990    27.7993 0.0000e+00
   1624.000     3.2985     3.2982   3.256605   3.256608     1.9533    -0.3938     0.3629    34.9122 9.2227e+02   1602.466    34.9125    34.9129     6.0307    1490.40    27.7988    27.7992 0.0000e+00
   1623.000     3.2983     3.2989   3.256520   3.256605     1.9536    -0.3727     0.3670    34.9121 9.2769e+02   1601.483    34.9122    34.9126     6.0312    1490.38    27.7987    27.7989 0.0000e+00
   1622.000     3.2980     3.2989   3.256436   3.256567     1.9543    -0.3710     0.3639    34.9119 9.2786e+02   1600.500    34.9120    34.9126     6.0331    1490.36    27.7985    27.7989 0.0000e+00
   1621.000     3.3028     3.3083   3.256980   3.257419     1.9549    -0.3676     0.3609    34.9122 9.2565e+02   1599.517    34.9139    34.9134     6.0341    1490.37    27.7995    27.7986 0.0000e+00
   1620.000     3.3163     3.3259   3.258228   3.259144     1.9558    -0.3721     0.3580    34.9128 9.2335e+02   1598.534    34.9150    34.9158     6.0346    1490.41    27.7992    27.7989 0.0000e+00
   1619.000     3.3297     3.3411   3.259623   3.260668     1.9558    -0.3731     0.3580    34.9157 9.2362e+02   1597.551    34.9180    34.9184     6.0315    1490.45    27.8003    27.7995 0.0000e+00
   1618.000     3.3406     3.3449   3.260610   3.261037     1.9555    -0.3726     0.3623    34.9164 9.2469e+02   1596.568    34.9187    34.9192     6.0277    1490.49    27.7998    27.7998 0.0000e+00
   1617.000     3.3462     3.3469   3.261065   3.261191     1.9540    -0.3677     0.3599    34.9176 9.2330e+02   1595.585    34.9187    34.9195     6.0199    1490.49    27.7992    27.7998 0.0000e+00
   1616.000     3.3438     3.3476   3.260830   3.261210     1.9515    -0.3706     0.3609    34.9177 9.1383e+02   1594.602    34.9189    34.9194     6.0092    1490.47    27.7996    27.7997 0.0000e+00
   1615.000     3.3516     3.3520   3.261539   3.261611     1.9506    -0.3728     0.3579    34.9185 9.0756e+02   1593.619    34.9196    34.9200     6.0033    1490.48    27.7995    27.7998 0.0000e+00
   1614.000     3.3522     3.3553   3.261579   3.261906     1.9499    -0.3836     0.3580    34.9188 9.1118e+02   1592.636    34.9199    34.9205     5.9994    1490.47    27.7996    27.7998 0.0000e+00
   1613.000     3.3571     3.3600   3.262044   3.262328     1.9496    -0.3846     0.3580    34.9193 9.2069e+02   1591.653    34.9208    34.9211     5.9964    1490.47    27.7999    27.7999 0.0000e+00
   1612.000     3.3615     3.3646   3.262447   3.262757     1.9494    -0.3690     0.3580    34.9201 9.2991e+02   1590.670    34.9214    34.9218     5.9940    1490.48    27.7999    27.8000 0.0000e+00
   1611.000     3.3647     3.3695   3.262776   3.263208     1.9486    -0.3731     0.3580    34.9208 9.3565e+02   1589.687    34.9224    34.9225     5.9895    1490.48    27.8004    27.8000 0.0000e+00
   1610.000     3.3708     3.3723   3.263263   3.263465     1.9483    -0.3841     0.3580    34.9210 9.3620e+02   1588.704    34.9223    34.9231     5.9865    1490.48    27.7997    27.8002 0.0000e+00
   1609.000     3.3722     3.3730   3.263368   3.263512     1.9475    -0.3789     0.3653    34.9216 9.2942e+02   1587.721    34.9226    34.9234     5.9822    1490.47    27.7998    27.8004 0.0000e+00
   1608.000     3.3726     3.3735   3.263355   3.263480     1.9469    -0.3800     0.3586    34.9217 9.1417e+02   1586.738    34.9224    34.9230     5.9786    1490.46    27.7997    27.8001 0.0000e+00
   1607.000     3.3748     3.3772   3.263528   3.263777     1.9460    -0.3919     0.3580    34.9216 9.1078e+02   1585.755    34.9227    34.9231     5.9738    1490.45    27.7997    27.7998 0.0000e+00
   1606.000     3.3765     3.3782   3.263637   3.263823     1.9459    -0.3880     0.3580    34.9219 9.1771e+02   1584.772    34.9227    34.9231     5.9725    1490.44    27.7995    27.7996 0.0000e+00
   1605.000     3.3768     3.3759   3.263518   3.263503     1.9459    -0.3717     0.3580    34.9213 9.2626e+02   1583.789    34.9215    34.9222     5.9714    1490.42    27.7985    27.7991 0.0000e+00
   1604.000     3.3741     3.3734   3.263188   3.263150     1.9455    -0.3905     0.3623    34.9208 9.3394e+02   1582.806    34.9209    34.9212     5.9697    1490.40    27.7982    27.7986 0.0000e+00
   1603.000     3.3712     3.3710   3.262813   3.262845     1.9448    -0.3797     0.3629    34.9198 9.3819e+02   1581.823    34.9199    34.9205     5.9665    1490.37    27.7978    27.7982 0.0000e+00
   1602.000     3.3703     3.3727   3.262679   3.263001     1.9451    -0.3857     0.3597    34.9196 9.3350e+02   1580.839    34.9198    34.9211     5.9673    1490.34    27.7977    27.7985 0.0000e+00
   1601.000     3.3706     3.3710   3.262638   3.262729     1.9459    -0.3941     0.3624    34.9193 9.2845e+02   1579.856    34.9195    34.9202     5.9697    1490.33    27.7975    27.7980 0.0000e+00
   1600.000     3.3705     3.3712   3.262581   3.262685     1.9462    -0.3908     0.3581    34.9193 9.3350e+02   1578.873    34.9194    34.9199     5.9702    1490.31    27.7974    27.7977 0.0000e+00
   1599.000     3.3716     3.3724   3.262650   3.262758     1.9471    -0.3713     0.3625    34.9193 9.3949e+02   1577.890    34.9196    34.9200     5.9728    1490.30    27.7974    27.7977 0.0000e+00
   1598.000     3.3723     3.3726   3.262653   3.262724     1.9478    -0.3835     0.3599    34.9192 9.4382e+02   1576.907    34.9194    34.9198     5.9748    1490.29    27.7972    27.7975 0.0000e+00
   1597.000     3.3729     3.3734   3.262665   3.262747     1.9486    -0.3929     0.3580    34.9190 9.4077e+02   1575.924    34.9193    34.9198     5.9775    1490.27    27.7971    27.7974 0.0000e+00
   1596.000     3.3752     3.3760   3.262837   3.262942     1.9496    -0.3932     0.3560    34.9191 9.2981e+02   1574.941    34.9194    34.9199     5.9803    1490.27    27.7969    27.7972 0.0000e+00
   1595.000     3.3777     3.3793   3.262997   3.263212     1.9505    -0.3706     0.3576    34.9189 9.2419e+02   1573.958    34.9192    34.9201     5.9829    1490.26    27.7965    27.7971 0.0000e+00
   1594.000     3.3797     3.3817   3.263212   3.263412     1.9506    -0.3909     0.3551    34.9195 9.3374e+02   1572.975    34.9202    34.9204     5.9822    1490.25    27.7971    27.7970 0.0000e+00
   1593.000     3.3823     3.3822   3.263372   3.263423     1.9497    -0.3930     0.3609    34.9195 9.5351e+02   1571.992    34.9198    34.9205     5.9773    1490.25    27.7965    27.7971 0.0000e+00
   1592.000     3.3784     3.3758   3.262887   3.262671     1.9496    -0.3938     0.3600    34.9191 9.7384e+02   1571.009    34.9187    34.9188     5.9765    1490.21    27.7960    27.7963 0.0000e+00
   1591.000     3.3721     3.3715   3.262141   3.262141     1.9497    -0.3930     0.3611    34.9175 9.8389e+02   1570.026    34.9169    34.9176     5.9772    1490.17    27.7952    27.7958 0.0000e+00
   1590.000     3.3698     3.3693   3.261885   3.261848     1.9510    -0.3764     0.3594    34.9170 9.7042e+02   1569.042    34.9167    34.9169     5.9823    1490.14    27.7952    27.7954 0.0000e+00
   1589.000     3.3670     3.3655   3.261500   3.261345     1.9525    -0.4111     0.3627    34.9162 9.4598e+02   1568.059    34.9156    34.9154     5.9883    1490.11    27.7946    27.7945 0.0000e+00
   1588.000     3.3652     3.3649   3.261188   3.261155     1.9539    -0.3742     0.3629    34.9148 9.4201e+02   1567.076    34.9144    34.9143     5.9935    1490.08    27.7938    27.7937 0.0000e+00
   1587.000     3.3663     3.3682   3.261223   3.261383     1.9553    -0.3870     0.3629    34.9140 9.6714e+02   1566.093    34.9141    34.9140     5.9984    1490.07    27.7934    27.7932 0.0000e+00
   1586.000     3.3704     3.3714   3.261513   3.261641     1.9565    -0.3937     0.3629    34.9135 9.9627e+02   1565.110    34.9137    34.9142     6.0020    1490.07    27.7928    27.7930 0.0000e+00
   1585.000     3.3717     3.3723   3.261597   3.261697     1.9577    -0.3931     0.3629    34.9138 1.0100e+03   1564.127    34.9139    34.9143     6.0061    1490.06    27.7927    27.7931 0.0000e+00
   1584.000     3.3728     3.3732   3.261659   3.261735     1.9594    -0.3938     0.3599    34.9137 1.0016e+03   1563.144    34.9139    34.9143     6.0122    1490.05    27.7926    27.7930 0.0000e+00
