Ship_data/Irminger/Irminger-5/ctd/process/ar30-03007.ros
* Sea-Bird SBE 9 Data File:
* FileName = D:\Data\ar30-03007.hdr
* Software Version Seasave V 7.23.2
* Temperature SN = 4312
* Conductivity SN = 2148
* Number of Bytes Per Scan = 44
* Number of Voltage Words = 5
* Number of Scans Averaged by the Deck Unit = 1
* NMEA Latitude = 59 46.24 N
* NMEA Longitude = 039 51.54 W
* NMEA UTC (Time) = Jun 10 2018  14:37:43
** Cruise ID: ar30-03
** Chief Sci: Macdonald
** Station #: 007
** Site ID: Irminger 5 FLMA
** ctd cast at FLMA with bottom release testing
# nquan = 13
# nvalues = 1029                                  
# units = specified
# name 0 = prDM: Pressure, Digiquartz [db]
# name 1 = t090C: Temperature [ITS-90, deg C]
# name 2 = t190C: Temperature, 2 [ITS-90, deg C]
# name 3 = c0S/m: Conductivity [S/m]
# name 4 = c1S/m: Conductivity, 2 [S/m]
# name 5 = sbeox0V: Oxygen raw, SBE 43 [V]
# name 6 = flECO-AFL: Fluorescence, WET Labs ECO-AFL/FL [mg/m^3]
# name 7 = turbWETntu0: Turbidity, WET Labs ECO [NTU]
# name 8 = sal00: Salinity, Practical [PSU]
# name 9 = spar: SPAR/Surface Irradiance
# name 10 = scan: Scan Count
# name 11 = nbf: Bottles Fired
# name 12 = flag:  0.000e+00
# interval = seconds: 0.0416667
# start_time = Jun 10 2018 14:37:43 [System UTC, first data scan.]
# bad_flag = -9.990e-29
*END*
[from data line 778]
     30.473     5.0459     5.0462   3.338991   3.339049     2.6462     0.6807     0.4703    34.8596 1.0270e+03     183674         16  0.000e+00
     30.489     5.0461     5.0465   3.338978   3.339079     2.6462     0.6807     0.4703    34.8592 1.0270e+03     183675         16  0.000e+00
     30.473     5.0464     5.0467   3.338978   3.339049     2.6462     0.6807     0.4703    34.8589 1.0270e+03     183676         16  0.000e+00
     30.473     5.0464     5.0472   3.338991   3.339079     2.6462     0.6807     0.4703    34.8590 1.0270e+03     183677         16  0.000e+00
     30.537     5.0467     5.0467   3.338991   3.339079     2.6462     0.6807     0.4703    34.8587 1.0247e+03     183678         16  0.000e+00
     30.489     5.0466     5.0466   3.339016   3.339139     2.6462     0.6807     0.4703    34.8591 1.0247e+03     183679         16  0.000e+00
     30.713     5.0427     5.0428   3.338730   3.338808     2.6486     0.6611     0.4801    34.8598 1.0270e+03     183878         17  0.000e+00
     30.673     5.0429     5.0433   3.338718   3.338808     2.6486     0.6611     0.4801    34.8595 1.0270e+03     183879         17  0.000e+00
     30.713     5.0437     5.0431   3.338743   3.338808     2.6486     0.6611     0.4801    34.8589 1.0270e+03     183880         17  0.000e+00
     30.834     5.0439     5.0428   3.338788   3.338838     2.6486     0.6611     0.4801    34.8592 1.0270e+03     183881         17  0.000e+00
     30.713     5.0440     5.0433   3.338807   3.338808     2.6486     0.6611     0.4801    34.8593 1.0270e+03     183882         17  0.000e+00
     30.729     5.0437     5.0435   3.338781   3.338838     2.6486     0.6611     0.4801    34.8593 1.0270e+03     183883         17  0.000e+00
     30.657     5.0439     5.0436   3.338781   3.338838     2.6486     0.6611     0.4801    34.8592 1.0247e+03     183884         17  0.000e+00
     30.713     5.0439     5.0435   3.338819   3.338838     2.6486     0.6611     0.4801    34.8596 1.0247e+03     183885         17  0.000e+00
     30.713     5.0440     5.0438   3.338756   3.338868     2.6486     0.6611     0.4801    34.8587 1.0247e+03     183886         17  0.000e+00
     30.729     5.0442     5.0440   3.338781   3.338868     2.6486     0.6611     0.4801    34.8588 1.0247e+03     183887         17  0.000e+00
     30.657     5.0451     5.0446   3.338858   3.338928     2.6486     0.6611     0.4801    34.8587 1.0247e+03     183888         17  0.000e+00
     30.713     5.0448     5.0452   3.338883   3.339019     2.6486     0.6611     0.4801    34.8594 1.0247e+03     183889         17  0.000e+00
     30.713     5.0451     5.0459   3.338883   3.338989     2.6486     0.6611     0.4801    34.8590 1.0247e+03     183890         17  0.000e+00
     30.673     5.0448     5.0464   3.338845   3.339049     2.6486     0.6611     0.4752    34.8590 1.0247e+03     183891         17  0.000e+00
     30.657     5.0446     5.0465   3.338819   3.339139     2.6486     0.6611     0.4703    34.8588 1.0247e+03     183892         17  0.000e+00
     30.657     5.0445     5.0467   3.338832   3.339085     2.6486     0.6611     0.4703    34.8591 1.0247e+03     183893         17  0.000e+00
     30.657     5.0443     5.0469   3.338813   3.339169     2.6486     0.6611     0.4703    34.8591 1.0247e+03     183894         17  0.000e+00
     30.673     5.0445     5.0470   3.338832   3.339109     2.6486     0.6611     0.4703    34.8591 1.0247e+03     183895         17  0.000e+00
     30.657     5.0443     5.0470   3.338813   3.339139     2.6486     0.6611     0.4703    34.8591 1.0247e+03     183896         17  0.000e+00
     30.593     5.0442     5.0470   3.338807   3.339169     2.6486     0.6611     0.4703    34.8592 1.0247e+03     183897         17  0.000e+00
     30.593     5.0442     5.0472   3.338870   3.339169     2.6486     0.6611     0.4703    34.8599 1.0247e+03     183898         17  0.000e+00
     30.609     5.0443     5.0469   3.338927   3.339139     2.6486     0.6611     0.4703    34.8604 1.0247e+03     183899         17  0.000e+00
     30.657     5.0450     5.0467   3.338991   3.339139     2.6486     0.6611     0.4703    34.8604 1.0247e+03     183900         17  0.000e+00
     30.537     5.0459     5.0467   3.339048   3.339109     2.6486     0.6611     0.4703    34.8602 1.0247e+03     183901         17  0.000e+00
     30.593     5.0464     5.0465   3.339093   3.339139     2.6486     0.6611     0.4703    34.8601 1.0247e+03     183902         17  0.000e+00
     30.553     5.0469     5.0466   3.339093   3.339109     2.6486     0.6611     0.4703    34.8597 1.0247e+03     183903         17  0.000e+00
     30.593     5.0470     5.0467   3.339118   3.339139     2.6486     0.6611     0.4703    34.8598 1.0247e+03     183904         17  0.000e+00
     30.537     5.0477     5.0469   3.339144   3.339139     2.6486     0.6611     0.4703    34.8594 1.0247e+03     183905         17  0.000e+00
     30.537     5.0481     5.0469   3.339137   3.339139     2.6486     0.6611     0.4703    34.8589 1.0247e+03     183906         17  0.000e+00
     30.489     5.0483     5.0473   3.339169   3.339169     2.6486     0.6611     0.4703    34.8591 1.0247e+03     183907         17  0.000e+00
     30.537     5.0487     5.0475   3.339169   3.339139     2.6486     0.6611     0.4703    34.8587 1.0247e+03     183908         17  0.000e+00
     30.473     5.0485     5.0477   3.339175   3.339139     2.6486     0.6611     0.4703    34.8589 1.0247e+03     183909         17  0.000e+00
     30.473     5.0489     5.0481   3.339188   3.339199     2.6486     0.6611     0.4703    34.8588 1.0247e+03     183910         17  0.000e+00
     30.433     5.0487     5.0485   3.339201   3.339229     2.6486     0.6611     0.4703    34.8591 1.0247e+03     183911         17  0.000e+00
     30.473     5.0489     5.0484   3.339201   3.339259     2.6486     0.6611     0.4703    34.8589 1.0270e+03     183912         17  0.000e+00
     30.417     5.0489     5.0488   3.339226   3.339259     2.6486     0.6611     0.4703    34.8592 1.0247e+03     183913         17  0.000e+00
     30.473     5.0490     5.0488   3.339207   3.339290     2.6486     0.6611     0.4703    34.8588 1.0247e+03     183914         17  0.000e+00
     30.377     5.0489     5.0486   3.339188   3.339259     2.6486     0.6807     0.4703    34.8588 1.0247e+03     183915         17  0.000e+00
     30.361     5.0490     5.0488   3.339213   3.339289     2.6486     0.6807     0.4703    34.8590 1.0247e+03     183916         17  0.000e+00
     30.417     5.0489     5.0491   3.339213   3.339265     2.6486     0.6807     0.4703    34.8591 1.0270e+03     183917         17  0.000e+00
     30.313     5.0489     5.0492   3.339201   3.339320     2.6486     0.6807     0.4703    34.8590 1.0247e+03     183918         17  0.000e+00
     30.417     5.0489     5.0488   3.339226   3.339350     2.6486     0.6807     0.4703    34.8592 1.0247e+03     183919         17  0.000e+00
     30.297     5.0487     5.0493   3.339207   3.339320     2.6486     0.6807     0.4703    34.8592 1.0270e+03     183920         17  0.000e+00
     30.361     5.0489     5.0492   3.339201   3.339350     2.6486     0.6807     0.4703    34.8590 1.0247e+03     183921         17  0.000e+00
     30.313     5.0485     5.0491   3.339220   3.339320     2.6486     0.6807     0.4703    34.8595 1.0270e+03     183922         17  0.000e+00
     30.241     5.0485     5.0492   3.339213   3.339320     2.6486     0.6807     0.4703    34.8595 1.0270e+03     183923         17  0.000e+00
     30.297     5.0485     5.0492   3.339220   3.339320     2.6486     0.6807     0.4703    34.8596 1.0270e+03     183924         17  0.000e+00
     30.241     5.0487     5.0493   3.339213   3.339350     2.6486     0.6807     0.4703    34.8594 1.0270e+03     183925         17  0.000e+00
     30.313     5.0485     5.0496   3.339188   3.339350     2.6486     0.6807     0.4703    34.8592 1.0270e+03     183926         17  0.000e+00
     19.913     5.1345     5.1367   3.346708   3.346972     2.6578     0.7393     0.4752    34.8618 1.0180e+03     186240         18  0.000e+00
     20.041     5.1347     5.1367   3.346702   3.346972     2.6578     0.7393     0.4752    34.8615 1.0180e+03     186241         18  0.000e+00
     19.913     5.1348     5.1368   3.346708   3.346972     2.6578     0.7393     0.4899    34.8615 1.0157e+03     186242         18  0.000e+00
     19.913     5.1350     5.1367   3.346695   3.346972     2.6578     0.7588     0.4947    34.8612 1.0180e+03     186243         18  0.000e+00
     19.921     5.1348     5.1367   3.346683   3.347003     2.6578     0.7588     0.4947    34.8612 1.0180e+03     186244         18  0.000e+00
     19.913     5.1348     5.1373   3.346683   3.346972     2.6578     0.7588     0.4947    34.8612 1.0180e+03     186245         18  0.000e+00
     19.921     5.1348     5.1373   3.346689   3.347003     2.6578     0.7588     0.4947    34.8613 1.0180e+03     186246         18  0.000e+00
     19.913     5.1348     5.1370   3.346702   3.346972     2.6578     0.7588     0.4947    34.8614 1.0202e+03     186247         18  0.000e+00
     19.921     5.1350     5.1375   3.346708   3.346972     2.6578     0.7588     0.4947    34.8613 1.0202e+03     186248         18  0.000e+00
     19.913     5.1351     5.1378   3.346715   3.347033     2.6578     0.7588     0.4947    34.8613 1.0202e+03     186249         18  0.000e+00
     19.857     5.1350     5.1380   3.346695   3.347033     2.6578     0.7588     0.4947    34.8612 1.0202e+03     186250         18  0.000e+00
     19.913     5.1351     5.1380   3.346702   3.347033     2.6578     0.7588     0.4947    34.8611 1.0202e+03     186251         18  0.000e+00
     19.857     5.1351     5.1380   3.346708   3.347063     2.6578     0.7588     0.4947    34.8612 1.0202e+03     186252         18  0.000e+00
     19.849     5.1350     5.1380   3.346695   3.347063     2.6578     0.7588     0.4947    34.8612 1.0202e+03     186253         18  0.000e+00
     19.921     5.1351     5.1375   3.346721   3.347033     2.6578     0.7588     0.4947    34.8613 1.0202e+03     186254         18  0.000e+00
     19.849     5.1350     5.1375   3.346702   3.347033     2.6578     0.7588     0.4947    34.8613 1.0202e+03     186255         18  0.000e+00
     19.857     5.1350     5.1378   3.346689   3.347003     2.6578     0.7588     0.4947    34.8612 1.0202e+03     186256         18  0.000e+00
     19.849     5.1351     5.1372   3.346670   3.347003     2.6578     0.7588     0.4947    34.8608 1.0225e+03     186257         18  0.000e+00
     19.857     5.1348     5.1370   3.346695   3.346972     2.6578     0.7588     0.4947    34.8614 1.0225e+03     186258         18  0.000e+00
     19.848     5.1350     5.1370   3.346695   3.347003     2.6578     0.7588     0.4947    34.8612 1.0225e+03     186259         18  0.000e+00
     19.848     5.1350     5.1364   3.346708   3.347033     2.6578     0.7588     0.4947    34.8614 1.0225e+03     186260         18  0.000e+00
     19.800     5.1351     5.1367   3.346689   3.347003     2.6578     0.7588     0.4947    34.8610 1.0225e+03     186261         18  0.000e+00
     19.848     5.1350     5.1372   3.346702   3.347003     2.6578     0.7588     0.4947    34.8613 1.0225e+03     186262         18  0.000e+00
     19.856     5.1350     5.1370   3.346695   3.347003     2.6578     0.7588     0.4947    34.8612 1.0225e+03     186263         18  0.000e+00
     19.792     5.1350     5.1368   3.346689   3.347063     2.6578     0.7588     0.4947    34.8612 1.0247e+03     186264         18  0.000e+00
     19.800     5.1348     5.1373   3.346702   3.347003     2.6578     0.7588     0.4947    34.8615 1.0225e+03     186265         18  0.000e+00
     19.792     5.1348     5.1375   3.346695   3.347003     2.6578     0.7197     0.4850    34.8614 1.0247e+03     186266         18  0.000e+00
     19.800     5.1347     5.1380   3.346689   3.346972     2.6578     0.6807     0.4752    34.8615 1.0247e+03     186267         18  0.000e+00
     19.848     5.1348     5.1378   3.346683   3.347003     2.6578     0.6807     0.4703    34.8613 1.0247e+03     186268         18  0.000e+00
     19.800     5.1347     5.1378   3.346683   3.347003     2.6578     0.6807     0.4703    34.8614 1.0247e+03     186269         18  0.000e+00
     19.792     5.1348     5.1378   3.346689   3.347003     2.6578     0.6807     0.4703    34.8614 1.0247e+03     186270         18  0.000e+00
     19.800     5.1345     5.1378   3.346708   3.346972     2.6578     0.6807     0.4703    34.8619 1.0247e+03     186271         18  0.000e+00
     19.736     5.1350     5.1380   3.346689   3.347033     2.6578     0.6807     0.4703    34.8612 1.0247e+03     186272         18  0.000e+00
     19.800     5.1350     5.1375   3.346727   3.347033     2.6578     0.6807     0.4703    34.8616 1.0247e+03     186273         18  0.000e+00
     19.792     5.1350     5.1370   3.346727   3.347033     2.6578     0.6807     0.4703    34.8616 1.0247e+03     186274         18  0.000e+00
     19.800     5.1351     5.1368   3.346727   3.347033     2.6578     0.6807     0.4703    34.8615 1.0247e+03     186275         18  0.000e+00
     19.792     5.1350     5.1367   3.346740   3.347033     2.6578     0.6807     0.4703    34.8618 1.0270e+03     186276         18  0.000e+00
     19.744     5.1351     5.1365   3.346727   3.347003     2.6578     0.6807     0.4703    34.8615 1.0247e+03     186277         18  0.000e+00
     19.736     5.1351     5.1365   3.346689   3.347003     2.6578     0.6807     0.4703    34.8611 1.0270e+03     186278         18  0.000e+00
     19.792     5.1350     5.1364   3.346702   3.346972     2.6578     0.6807     0.4703    34.8613 1.0270e+03     186279         18  0.000e+00
     19.744     5.1347     5.1364   3.346695   3.346942     2.6578     0.6807     0.4703    34.8616 1.0270e+03     186280         18  0.000e+00
     19.792     5.1350     5.1364   3.346708   3.346942     2.6578     0.6807     0.4703    34.8614 1.0270e+03     186281         18  0.000e+00
     19.744     5.1348     5.1362   3.346714   3.346912     2.6578     0.6807     0.4703    34.8617 1.0270e+03     186282         18  0.000e+00
     19.792     5.1348     5.1368   3.346695   3.346972     2.6578     0.6807     0.4703    34.8614 1.0270e+03     186283         18  0.000e+00
     19.744     5.1348     5.1367   3.346708   3.346942     2.6578     0.6807     0.4703    34.8616 1.0270e+03     186284         18  0.000e+00
     19.792     5.1351     5.1367   3.346753   3.346942     2.6578     0.6807     0.4703    34.8618 1.0270e+03     186285         18  0.000e+00
     19.744     5.1348     5.1361   3.346753   3.346912     2.6578     0.6807     0.4703    34.8621 1.0270e+03     186286         18  0.000e+00
     19.736     5.1350     5.1357   3.346746   3.346942     2.6578     0.6807     0.4703    34.8619 1.0270e+03     186287         18  0.000e+00
     19.800     5.1353     5.1355   3.346791   3.346882     2.6578     0.6807     0.4703    34.8620 1.0292e+03     186288         18  0.000e+00
     19.912     5.1371     5.1373   3.346944   3.347033     2.6589     0.7002     0.4801    34.8619 1.0180e+03     186478         19  0.000e+00
     19.856     5.1369     5.1372   3.346912   3.347003     2.6589     0.7002     0.4801    34.8617 1.0202e+03     186479         19  0.000e+00
     19.912     5.1368     5.1368   3.346899   3.347063     2.6589     0.7002     0.4801    34.8617 1.0202e+03     186480         19  0.000e+00
     19.856     5.1365     5.1365   3.346880   3.347003     2.6589     0.7002     0.4801    34.8618 1.0202e+03     186481         19  0.000e+00
     20.145     5.1366     5.1367   3.346880   3.346972     2.6589     0.7002     0.4801    34.8615 1.0202e+03     186482         19  0.000e+00
     19.976     5.1365     5.1365   3.346874   3.346972     2.6589     0.7002     0.4801    34.8617 1.0202e+03     186483         19  0.000e+00
