Ship_data/Irminger/Irminger-5/ctd/process/ar30-03017.ros
* Sea-Bird SBE 9 Data File:
* FileName = D:\Data\ar30-03017.hdr
* Software Version Seasave V 7.23.2
* Temperature SN = 4312
* Conductivity SN = 2148
* Number of Bytes Per Scan = 44
* Number of Voltage Words = 5
* Number of Scans Averaged by the Deck Unit = 1
* NMEA Latitude = 59 51.17 N
* NMEA Longitude = 040 42.29 W
* NMEA UTC (Time) = Jun 18 2018  13:04:33
** Cruise ID: ar30-03
** Chief Sci: Macdonald
** Station #: 017
** Site ID: Irminger 5 OSNAP M2
# nquan = 13
# nvalues = 735                                   
# units = specified
# name 0 = prDM: Pressure, Digiquartz [db]
# name 1 = t090C: Temperature [ITS-90, deg C]
# name 2 = t190C: Temperature, 2 [ITS-90, deg C]
# name 3 = c0S/m: Conductivity [S/m]
# name 4 = c1S/m: Conductivity, 2 [S/m]
# name 5 = sbeox0V: Oxygen raw, SBE 43 [V]
# name 6 = flECO-AFL: Fluorescence, WET Labs ECO-AFL/FL [mg/m^3]
# name 7 = turbWETntu0: Turbidity, WET Labs ECO [NTU]
# name 8 = sal00: Salinity, Practical [PSU]
# name 9 = spar: SPAR/Surface Irradiance
# name 10 = scan: Scan Count
# name 11 = nbf: Bottles Fired
# name 12 = flag:  0.000e+00
# interval = seconds: 0.0416667
# start_time = Jun 18 2018 13:04:33 [System UTC, first data scan.]
# bad_flag = -9.990e-29
*END*
[from data line 667]
     14.641     5.7645     5.7673   3.404926   3.405532     2.6806     5.6428     0.5680    34.8770 1.0450e+03     170740         14  0.000e+00
     14.585     5.7641     5.7686   3.404932   3.405502     2.6806     5.6428     0.5680    34.8775 1.0450e+03     170741         14  0.000e+00
     14.577     5.7645     5.7696   3.405028   3.405532     2.6806     5.6428     0.5680    34.8782 1.0450e+03     170742         14  0.000e+00
     14.585     5.7653     5.7696   3.405105   3.405563     2.6806     5.6428     0.5680    34.8782 1.0450e+03     170743         14  0.000e+00
     14.585     5.7664     5.7691   3.405144   3.405684     2.6806     5.6428     0.5680    34.8775 1.0450e+03     170744         14  0.000e+00
     14.577     5.7670     5.7691   3.405131   3.405623     2.6806     5.6428     0.5680    34.8767 1.0450e+03     170745         14  0.000e+00
     14.521     5.7667     5.7696   3.405137   3.405593     2.6818     5.6624     0.5680    34.8772 1.0450e+03     170746         14  0.000e+00
     14.577     5.7674     5.7693   3.405131   3.405593     2.6818     5.7991     0.5778    34.8764 1.0450e+03     170747         14  0.000e+00
     14.465     5.7677     5.7689   3.405214   3.405532     2.6818     5.8773     0.5875    34.8771 1.0450e+03     170748         14  0.000e+00
     14.521     5.7687     5.7684   3.405336   3.405563     2.6818     5.8968     0.5875    34.8774 1.0450e+03     170749         14  0.000e+00
     14.521     5.7695     5.7684   3.405406   3.405502     2.6818     5.8773     0.5875    34.8773 1.0450e+03     170750         14  0.000e+00
     14.465     5.7699     5.7678   3.405496   3.405502     2.6818     5.8773     0.5875    34.8779 1.0450e+03     170751         14  0.000e+00
     14.521     5.7710     5.7683   3.405541   3.405472     2.6818     5.8773     0.5875    34.8774 1.0450e+03     170752         14  0.000e+00
     14.465     5.7723     5.7686   3.405598   3.405502     2.6818     5.8773     0.5875    34.8767 1.0450e+03     170753         14  0.000e+00
     14.401     5.7735     5.7683   3.405618   3.405502     2.6830     5.8773     0.5875    34.8757 1.0450e+03     170754         14  0.000e+00
     14.465     5.7738     5.7686   3.405656   3.405532     2.6818     5.8773     0.5875    34.8758 1.0450e+03     170755         14  0.000e+00
     14.409     5.7741     5.7692   3.405669   3.405593     2.6830     5.8773     0.5875    34.8757 1.0427e+03     170756         14  0.000e+00
     14.465     5.7746     5.7696   3.405694   3.405623     2.6830     5.8773     0.5875    34.8754 1.0427e+03     170757         14  0.000e+00
     14.409     5.7746     5.7705   3.405771   3.405684     2.6830     5.8773     0.5875    34.8763 1.0450e+03     170758         14  0.000e+00
      5.240     6.5004     6.5042   3.471341   3.471905     2.8253     1.2472     0.5094    34.8733 1.1798e+03     173556         15  0.000e+00
      5.240     6.5009     6.5034   3.471380   3.471814     2.8253     1.2472     0.5094    34.8732 1.1820e+03     173557         15  0.000e+00
      5.296     6.5017     6.5032   3.471432   3.471783     2.8253     1.2472     0.5094    34.8729 1.1843e+03     173558         15  0.000e+00
      5.240     6.5025     6.5031   3.471470   3.471685     2.8253     1.2472     0.5045    34.8725 1.1820e+03     173559         15  0.000e+00
      5.352     6.5025     6.5034   3.471483   3.471655     2.8253     1.2472     0.4996    34.8726 1.1843e+03     173560         15  0.000e+00
      5.240     6.5028     6.5034   3.471503   3.471685     2.8253     1.2472     0.4996    34.8726 1.1843e+03     173561         15  0.000e+00
      5.240     6.5030     6.5039   3.471554   3.471685     2.8253     1.2472     0.4996    34.8730 1.1865e+03     173562         15  0.000e+00
      5.176     6.5025     6.5037   3.471509   3.471716     2.8253     1.2472     0.4996    34.8730 1.1865e+03     173563         15  0.000e+00
      5.240     6.5017     6.5036   3.471412   3.471716     2.8253     1.2472     0.4996    34.8728 1.1888e+03     173564         15  0.000e+00
      5.176     6.5019     6.5036   3.471432   3.471685     2.8253     1.2472     0.4996    34.8728 1.1888e+03     173565         15  0.000e+00
      5.119     6.5025     6.5034   3.471522   3.471685     2.8253     1.2472     0.4996    34.8732 1.1910e+03     173566         15  0.000e+00
      5.176     6.5033     6.5034   3.471587   3.471655     2.8253     1.2472     0.4996    34.8730 1.1910e+03     173567         15  0.000e+00
      5.119     6.5038     6.5032   3.471625   3.471624     2.8253     1.2472     0.4996    34.8730 1.1933e+03     173568         15  0.000e+00
      5.176     6.5044     6.5037   3.471658   3.471685     2.8265     1.2472     0.4996    34.8728 1.1933e+03     173569         15  0.000e+00
      5.119     6.5045     6.5037   3.471664   3.471655     2.8253     1.2472     0.4996    34.8728 1.1955e+03     173570         15  0.000e+00
      5.119     6.5047     6.5042   3.471690   3.471716     2.8253     1.2472     0.4996    34.8729 1.1955e+03     173571         15  0.000e+00
      5.119     6.5050     6.5045   3.471703   3.471716     2.8253     1.2472     0.4996    34.8727 1.1978e+03     173572         15  0.000e+00
      5.055     6.5050     6.5047   3.471722   3.471783     2.8253     1.2472     0.4996    34.8729 1.1978e+03     173573         15  0.000e+00
      5.063     6.5058     6.5053   3.471799   3.471814     2.8253     1.2472     0.4996    34.8730 1.2000e+03     173574         15  0.000e+00
      5.055     6.5064     6.5055   3.471825   3.471783     2.8253     1.2472     0.4996    34.8726 1.2000e+03     173575         15  0.000e+00
      4.999     6.5068     6.5060   3.471870   3.471844     2.8265     1.2472     0.4996    34.8727 1.2023e+03     173576         15  0.000e+00
      4.943     6.5071     6.5060   3.471845   3.471844     2.8265     1.2472     0.4996    34.8722 1.2045e+03     173577         15  0.000e+00
      4.999     6.5068     6.5058   3.471825   3.471905     2.8253     1.2472     0.4996    34.8723 1.2045e+03     173578         15  0.000e+00
      4.879     6.5062     6.5060   3.471799   3.471905     2.8253     1.2472     0.4996    34.8727 1.2068e+03     173579         15  0.000e+00
      4.943     6.5055     6.5062   3.471748   3.471905     2.8265     1.2472     0.4996    34.8728 1.2090e+03     173580         15  0.000e+00
      4.823     6.5051     6.5060   3.471716   3.471905     2.8265     1.2472     0.4996    34.8729 1.2090e+03     173581         15  0.000e+00
      4.879     6.5050     6.5063   3.471683   3.471905     2.8265     1.2472     0.4996    34.8726 1.2113e+03     173582         15  0.000e+00
      4.767     6.5051     6.5058   3.471690   3.471905     2.8265     1.2277     0.4947    34.8726 1.2135e+03     173583         15  0.000e+00
      4.823     6.5051     6.5058   3.471722   3.471936     2.8265     1.1886     0.4899    34.8729 1.2135e+03     173584         15  0.000e+00
      4.703     6.5051     6.5058   3.471690   3.471875     2.8265     1.1691     0.4850    34.8726 1.2157e+03     173585         15  0.000e+00
      4.703     6.5047     6.5058   3.471670   3.471875     2.8265     1.1691     0.4850    34.8728 1.2180e+03     173586         15  0.000e+00
      4.711     6.5050     6.5057   3.471670   3.471844     2.8265     1.1691     0.4850    34.8726 1.2180e+03     173587         15  0.000e+00
      4.646     6.5050     6.5055   3.471683   3.471814     2.8265     1.1691     0.4850    34.8727 1.2180e+03     173588         15  0.000e+00
      4.582     6.5049     6.5058   3.471677   3.471844     2.8265     1.1691     0.4850    34.8728 1.2225e+03     173589         15  0.000e+00
      4.582     6.5051     6.5057   3.471690   3.471875     2.8265     1.1495     0.4850    34.8727 1.2225e+03     173590         15  0.000e+00
      4.526     6.5050     6.5057   3.471683   3.471875     2.8265     1.1691     0.4850    34.8728 1.2225e+03     173591         15  0.000e+00
      4.470     6.5049     6.5057   3.471670   3.471875     2.8265     1.1691     0.4850    34.8728 1.2247e+03     173592         15  0.000e+00
      4.406     6.5050     6.5055   3.471670   3.471844     2.8265     1.1691     0.4850    34.8727 1.2270e+03     173593         15  0.000e+00
      4.406     6.5050     6.5055   3.471690   3.471875     2.8265     1.1691     0.4850    34.8729 1.2292e+03     173594         15  0.000e+00
      4.350     6.5050     6.5053   3.471702   3.471783     2.8265     1.1691     0.4850    34.8731 1.2292e+03     173595         15  0.000e+00
      4.294     6.5048     6.5055   3.471670   3.471875     2.8265     1.1691     0.4850    34.8729 1.2315e+03     173596         15  0.000e+00
      4.294     6.5050     6.5055   3.471644   3.471844     2.8265     1.1691     0.4850    34.8725 1.2315e+03     173597         15  0.000e+00
      4.230     6.5050     6.5055   3.471657   3.471813     2.8265     1.1691     0.4850    34.8726 1.2360e+03     173598         15  0.000e+00
      4.174     6.5048     6.5055   3.471670   3.471813     2.8265     1.1691     0.4850    34.8730 1.2360e+03     173599         15  0.000e+00
      4.174     6.5048     6.5053   3.471651   3.471783     2.8265     1.1691     0.4850    34.8728 1.2382e+03     173600         15  0.000e+00
      4.053     6.5047     6.5052   3.471683   3.471813     2.8265     1.1691     0.4850    34.8733 1.2405e+03     173601         15  0.000e+00
      4.117     6.5047     6.5052   3.471657   3.471813     2.8265     1.1691     0.4850    34.8730 1.2427e+03     173602         15  0.000e+00
      4.053     6.5045     6.5052   3.471638   3.471813     2.8265     1.1691     0.4850    34.8730 1.2427e+03     173603         15  0.000e+00
      3.997     6.5047     6.5053   3.471638   3.471813     2.8265     1.1691     0.4850    34.8729 1.2450e+03     173604         15  0.000e+00
