Ship_data/Irminger/Irminger-5/ctd/process/ar30-03016.ros
* Sea-Bird SBE 9 Data File:
* FileName = D:\Data\ar30-03016.hdr
* Software Version Seasave V 7.23.2
* Temperature SN = 4312
* Conductivity SN = 2148
* Number of Bytes Per Scan = 44
* Number of Voltage Words = 5
* Number of Scans Averaged by the Deck Unit = 1
* NMEA Latitude = 59 52.71 N
* NMEA Longitude = 041 08.31 W
* NMEA UTC (Time) = Jun 17 2018  12:01:00
** Cruise ID: ar30-03
** Chief Sci: Macdonald
** Station #: 016
** Site ID: Irminger 5 OSNAP M1
** cast at osnap mooring M1
# nquan = 13
# nvalues = 735                                   
# units = specified
# name 0 = prDM: Pressure, Digiquartz [db]
# name 1 = t090C: Temperature [ITS-90, deg C]
# name 2 = t190C: Temperature, 2 [ITS-90, deg C]
# name 3 = c0S/m: Conductivity [S/m]
# name 4 = c1S/m: Conductivity, 2 [S/m]
# name 5 = sbeox0V: Oxygen raw, SBE 43 [V]
# name 6 = flECO-AFL: Fluorescence, WET Labs ECO-AFL/FL [mg/m^3]
# name 7 = turbWETntu0: Turbidity, WET Labs ECO [NTU]
# name 8 = sal00: Salinity, Practical [PSU]
# name 9 = spar: SPAR/Surface Irradiance
# name 10 = scan: Scan Count
# name 11 = nbf: Bottles Fired
# name 12 = flag:  0.000e+00
# interval = seconds: 0.0416667
# start_time = Jun 17 2018 12:01:00 [System UTC, first data scan.]
# bad_flag = -9.990e-29
*END*
[from data line 334]
    761.711     3.5977     3.5969   3.244250   3.244247     2.2699    -0.3547     0.3775    34.8864 2.2764e+03     107049          7  0.000e+00
    761.711     3.5976     3.5969   3.244250   3.244283     2.2699    -0.3743     0.3775    34.8866 2.2787e+03     107050          7  0.000e+00
    761.589     3.5974     3.5966   3.244238   3.244247     2.2699    -0.3743     0.3775    34.8867 2.2764e+03     107051          7  0.000e+00
    761.833     3.5976     3.5967   3.244250   3.244283     2.2699    -0.3743     0.3775    34.8865 2.2674e+03     107052          7  0.000e+00
    761.646     3.5976     3.5969   3.244244   3.244277     2.2699    -0.3743     0.3775    34.8865 2.2652e+03     107053          7  0.000e+00
    761.776     3.5976     3.5967   3.244232   3.244283     2.2699    -0.3743     0.3775    34.8863 2.2652e+03     107054          7  0.000e+00
    761.711     3.5974     3.5969   3.244232   3.244277     2.2699    -0.3743     0.3775    34.8866 2.2607e+03     107055          7  0.000e+00
    761.711     3.5977     3.5970   3.244232   3.244283     2.2699    -0.3743     0.3775    34.8862 2.2562e+03     107056          7  0.000e+00
    761.711     3.5976     3.5969   3.244250   3.244253     2.2699    -0.3743     0.3775    34.8866 2.2517e+03     107057          7  0.000e+00
    505.115     3.9347     3.9348   3.263575   3.263703     2.3414    -0.3352     0.3824    34.8939 2.0382e+03     116834          8  0.000e+00
    504.929     3.9349     3.9347   3.263581   3.263673     2.3414    -0.3352     0.3873    34.8939 2.0360e+03     116835          8  0.000e+00
    505.050     3.9347     3.9348   3.263575   3.263703     2.3414    -0.3352     0.3824    34.8939 2.0360e+03     116836          8  0.000e+00
    505.171     3.9347     3.9348   3.263575   3.263673     2.3414    -0.3352     0.3824    34.8939 2.0360e+03     116837          8  0.000e+00
    505.115     3.9346     3.9345   3.263581   3.263703     2.3414    -0.3352     0.3824    34.8941 2.0360e+03     116838          8  0.000e+00
    505.050     3.9347     3.9348   3.263562   3.263673     2.3426    -0.3547     0.3873    34.8938 2.0360e+03     116839          8  0.000e+00
    505.050     3.9347     3.9348   3.263593   3.263673     2.3414    -0.3352     0.3873    34.8941 2.0337e+03     116840          8  0.000e+00
    505.050     3.9349     3.9347   3.263587   3.263703     2.3414    -0.3352     0.3824    34.8939 2.0292e+03     116841          8  0.000e+00
    505.050     3.9344     3.9347   3.263581   3.263673     2.3414    -0.3352     0.3824    34.8943 2.0270e+03     116842          8  0.000e+00
    504.994     3.9347     3.9345   3.263556   3.263703     2.3414    -0.3547     0.3873    34.8937 2.0203e+03     116843          8  0.000e+00
    505.050     3.9347     3.9347   3.263593   3.263673     2.3426    -0.3352     0.3824    34.8941 2.0180e+03     116844          8  0.000e+00
    504.994     3.9346     3.9347   3.263587   3.263733     2.3414    -0.3547     0.3873    34.8942 2.0180e+03     116845          8  0.000e+00
    505.050     3.9349     3.9348   3.263575   3.263673     2.3414    -0.3547     0.3873    34.8937 2.0135e+03     116846          8  0.000e+00
    504.994     3.9347     3.9348   3.263562   3.263673     2.3414    -0.3547     0.3824    34.8938 2.0135e+03     116847          8  0.000e+00
    505.050     3.9345     3.9347   3.263568   3.263733     2.3426    -0.3547     0.3873    34.8940 2.0135e+03     116848          8  0.000e+00
    504.994     3.9347     3.9348   3.263581   3.263673     2.3426    -0.3352     0.3873    34.8940 2.0158e+03     116849          8  0.000e+00
    505.050     3.9349     3.9348   3.263575   3.263673     2.3426    -0.3547     0.3873    34.8937 2.0135e+03     116850          8  0.000e+00
    504.994     3.9346     3.9347   3.263575   3.263673     2.3414    -0.3352     0.3824    34.8941 2.0090e+03     116851          8  0.000e+00
    504.994     3.9347     3.9347   3.263600   3.263703     2.3426    -0.3547     0.3824    34.8943 2.0090e+03     116852          8  0.000e+00
    504.994     3.9350     3.9348   3.263606   3.263703     2.3414    -0.3352     0.3873    34.8940 2.0113e+03     116853          8  0.000e+00
    505.050     3.9355     3.9347   3.263631   3.263673     2.3414    -0.3352     0.3873    34.8937 2.0068e+03     116854          8  0.000e+00
    504.994     3.9354     3.9347   3.263619   3.263673     2.3414    -0.3547     0.3873    34.8938 2.0023e+03     116855          8  0.000e+00
    504.994     3.9354     3.9345   3.263631   3.263673     2.3414    -0.3547     0.3824    34.8939 2.0045e+03     116856          8  0.000e+00
    505.050     3.9355     3.9345   3.263619   3.263673     2.3426    -0.3743     0.3824    34.8936 2.0045e+03     116857          8  0.000e+00
    504.994     3.9356     3.9347   3.263631   3.263644     2.3426    -0.3938     0.3775    34.8937 1.9978e+03     116858          8  0.000e+00
    505.050     3.9354     3.9347   3.263663   3.263703     2.3426    -0.3938     0.3775    34.8943 1.9955e+03     116859          8  0.000e+00
    504.994     3.9350     3.9347   3.263631   3.263703     2.3426    -0.3938     0.3775    34.8943 2.0023e+03     116860          8  0.000e+00
    505.050     3.9354     3.9347   3.263631   3.263673     2.3426    -0.3938     0.3775    34.8939 2.0090e+03     116861          8  0.000e+00
    504.994     3.9356     3.9345   3.263638   3.263673     2.3414    -0.3938     0.3775    34.8938 2.0045e+03     116862          8  0.000e+00
    505.050     3.9354     3.9347   3.263619   3.263673     2.3426    -0.3938     0.3775    34.8937 2.0000e+03     116863          8  0.000e+00
    505.050     3.9354     3.9345   3.263606   3.263703     2.3426    -0.3938     0.3775    34.8936 2.0023e+03     116864          8  0.000e+00
    505.050     3.9350     3.9345   3.263606   3.263673     2.3414    -0.3938     0.3775    34.8939 2.0023e+03     116865          8  0.000e+00
    505.050     3.9350     3.9347   3.263631   3.263673     2.3414    -0.3938     0.3775    34.8942 2.0023e+03     116866          8  0.000e+00
    505.050     3.9350     3.9347   3.263600   3.263673     2.3414    -0.3938     0.3775    34.8938 2.0023e+03     116867          8  0.000e+00
    505.115     3.9349     3.9347   3.263581   3.263703     2.3414    -0.3743     0.3775    34.8938 2.0000e+03     116868          8  0.000e+00
    505.051     3.9347     3.9350   3.263600   3.263673     2.3414    -0.3743     0.3775    34.8942 2.0023e+03     116869          8  0.000e+00
    505.051     3.9350     3.9348   3.263587   3.263733     2.3414    -0.3743     0.3775    34.8937 2.0045e+03     116870          8  0.000e+00
    505.115     3.9349     3.9353   3.263593   3.263733     2.3414    -0.3938     0.3775    34.8939 2.0045e+03     116871          8  0.000e+00
    505.115     3.9349     3.9352   3.263606   3.263733     2.3414    -0.3743     0.3775    34.8941 2.0023e+03     116872          8  0.000e+00
    505.115     3.9349     3.9353   3.263587   3.263763     2.3414    -0.3938     0.3775    34.8938 1.9955e+03     116873          8  0.000e+00
    505.115     3.9347     3.9355   3.263600   3.263733     2.3414    -0.3938     0.3775    34.8941 1.9933e+03     116874          8  0.000e+00
    505.172     3.9347     3.9353   3.263587   3.263763     2.3414    -0.3938     0.3775    34.8940 1.9933e+03     116875          8  0.000e+00
    505.115     3.9349     3.9350   3.263600   3.263763     2.3414    -0.3938     0.3775    34.8940 1.9933e+03     116876          8  0.000e+00
    505.172     3.9349     3.9352   3.263587   3.263733     2.3414    -0.3938     0.3775    34.8938 1.9910e+03     116877          8  0.000e+00
    505.172     3.9346     3.9353   3.263575   3.263763     2.3426    -0.3938     0.3775    34.8940 1.9955e+03     116878          8  0.000e+00
    505.172     3.9349     3.9350   3.263581   3.263733     2.3414    -0.3938     0.3775    34.8937 1.9933e+03     116879          8  0.000e+00
    505.172     3.9349     3.9352   3.263593   3.263703     2.3414    -0.3938     0.3775    34.8939 1.9933e+03     116880          8  0.000e+00
    505.228     3.9349     3.9352   3.263606   3.263763     2.3414    -0.3743     0.3824    34.8940 1.9933e+03     116881          8  0.000e+00
    505.237     3.9349     3.9350   3.263612   3.263733     2.3426    -0.3547     0.3824    34.8941 1.9955e+03     116882          8  0.000e+00
    205.496     4.9010     4.9011   3.338820   3.338926     2.4096    -0.3547     0.3922    34.9166 1.8742e+03     127649          9  0.000e+00
    205.584     4.9010     4.9011   3.338820   3.338926     2.4108    -0.3352     0.3971    34.9165 1.8719e+03     127650          9  0.000e+00
    205.520     4.9012     4.9012   3.338858   3.339016     2.4096    -0.3352     0.3922    34.9168 1.8719e+03     127651          9  0.000e+00
    205.440     4.9012     4.9012   3.338839   3.338926     2.4096    -0.3547     0.3922    34.9166 1.8719e+03     127652          9  0.000e+00
    205.520     4.9010     4.9012   3.338820   3.338932     2.4096    -0.3547     0.3922    34.9165 1.8652e+03     127653          9  0.000e+00
    205.584     4.9012     4.9011   3.338801   3.338956     2.4096    -0.3352     0.3922    34.9161 1.8562e+03     127654          9  0.000e+00
    205.617     4.9012     4.9012   3.338851   3.338926     2.4096    -0.3352     0.3971    34.9167 1.8562e+03     127655          9  0.000e+00
    205.584     4.9012     4.9012   3.338839   3.338956     2.4096    -0.3547     0.3922    34.9166 1.8585e+03     127656          9  0.000e+00
    205.641     4.9012     4.9014   3.338820   3.338926     2.4096    -0.3547     0.3922    34.9163 1.8629e+03     127657          9  0.000e+00
    205.673     4.9014     4.9012   3.338820   3.338986     2.4096    -0.3352     0.3971    34.9161 1.8674e+03     127658          9  0.000e+00
    205.641     4.9012     4.9011   3.338839   3.338956     2.4096    -0.3547     0.3922    34.9165 1.8719e+03     127659          9  0.000e+00
    205.697     4.9010     4.9014   3.338851   3.338956     2.4096    -0.3547     0.3922    34.9168 1.8764e+03     127660          9  0.000e+00
    205.737     4.9010     4.9011   3.338826   3.338896     2.4108    -0.3352     0.3922    34.9165 1.8787e+03     127661          9  0.000e+00
    205.761     4.9010     4.9012   3.338820   3.338956     2.4108    -0.3352     0.3922    34.9164 1.8719e+03     127662          9  0.000e+00
    205.761     4.9010     4.9011   3.338794   3.338956     2.4096    -0.3547     0.3922    34.9161 1.8652e+03     127663          9  0.000e+00
    205.737     4.9010     4.9009   3.338788   3.338926     2.4096    -0.3352     0.3922    34.9161 1.8674e+03     127664          9  0.000e+00
    205.818     4.9012     4.9007   3.338852   3.338926     2.4096    -0.3547     0.3922    34.9166 1.8742e+03     127665          9  0.000e+00
    205.818     4.9010     4.9006   3.338864   3.338896     2.4096    -0.3547     0.3922    34.9169 1.8742e+03     127666          9  0.000e+00
    205.761     4.9012     4.9009   3.338851   3.338926     2.4096    -0.3547     0.3922    34.9166 1.8719e+03     127667          9  0.000e+00
    205.970     4.9012     4.9009   3.338832   3.338896     2.4096    -0.3352     0.3922    34.9163 1.8697e+03     127668          9  0.000e+00
    205.882     4.9012     4.9009   3.338839   3.338956     2.4096    -0.3547     0.3922    34.9164 1.8652e+03     127669          9  0.000e+00
    205.882     4.9012     4.9011   3.338807   3.338986     2.4108    -0.3352     0.3922    34.9160 1.8585e+03     127670          9  0.000e+00
    205.971     4.9012     4.9009   3.338852   3.338926     2.4108    -0.3352     0.3971    34.9165 1.8562e+03     127671          9  0.000e+00
    205.938     4.9010     4.9011   3.338839   3.338986     2.4108    -0.3352     0.3922    34.9165 1.8585e+03     127672          9  0.000e+00
    205.995     4.9010     4.9011   3.338820   3.338956     2.4096    -0.3547     0.3922    34.9163 1.8629e+03     127673          9  0.000e+00
    206.035     4.9010     4.9009   3.338820   3.338926     2.4096    -0.3547     0.3922    34.9163 1.8674e+03     127674          9  0.000e+00
    206.115     4.9005     4.9011   3.338820   3.338926     2.4096    -0.3352     0.3922    34.9167 1.8719e+03     127675          9  0.000e+00
    206.059     4.9010     4.9011   3.338845   3.338956     2.4096    -0.3352     0.3971    34.9166 1.8674e+03     127676          9  0.000e+00
    205.971     4.9010     4.9011   3.338826   3.338986     2.4096    -0.3547     0.3922    34.9164 1.8674e+03     127677          9  0.000e+00
    206.180     4.9010     4.9011   3.338845   3.338956     2.4096    -0.3547     0.3922    34.9165 1.8629e+03     127678          9  0.000e+00
    206.115     4.9012     4.9009   3.338864   3.338926     2.4096    -0.3352     0.3922    34.9166 1.8585e+03     127679          9  0.000e+00
    206.091     4.9010     4.9006   3.338864   3.338956     2.4096    -0.3547     0.3922    34.9168 1.8607e+03     127680          9  0.000e+00
    206.180     4.9009     4.9009   3.338852   3.338926     2.4096    -0.3547     0.3971    34.9167 1.8674e+03     127681          9  0.000e+00
    206.115     4.9009     4.9011   3.338833   3.338926     2.4096    -0.3352     0.3922    34.9165 1.8764e+03     127682          9  0.000e+00
    206.212     4.9012     4.9009   3.338839   3.338926     2.4096    -0.3547     0.3922    34.9162 1.8787e+03     127683          9  0.000e+00
    206.180     4.9009     4.9007   3.338852   3.338932     2.4108    -0.3352     0.3922    34.9167 1.8787e+03     127684          9  0.000e+00
    206.180     4.9010     4.9007   3.338826   3.338956     2.4108    -0.3352     0.3971    34.9163 1.8742e+03     127685          9  0.000e+00
    206.148     4.9010     4.9006   3.338820   3.338896     2.4108    -0.3157     0.3922    34.9162 1.8764e+03     127686          9  0.000e+00
    206.180     4.9010     4.9006   3.338839   3.338926     2.4096    -0.3352     0.3971    34.9164 1.8764e+03     127687          9  0.000e+00
    206.180     4.9012     4.9009   3.338852   3.338926     2.4096    -0.3352     0.3922    34.9164 1.8742e+03     127688          9  0.000e+00
    206.212     4.9012     4.9007   3.338864   3.338956     2.4108    -0.3352     0.3922    34.9165 1.8764e+03     127689          9  0.000e+00
    206.180     4.9012     4.9006   3.338864   3.338956     2.4096    -0.3352     0.3922    34.9165 1.8764e+03     127690          9  0.000e+00
    206.236     4.9012     4.9007   3.338864   3.338896     2.4096    -0.3352     0.3922    34.9165 1.8742e+03     127691          9  0.000e+00
    206.212     4.9013     4.9007   3.338839   3.338956     2.4096    -0.3352     0.3922    34.9161 1.8719e+03     127692          9  0.000e+00
    206.236     4.9015     4.9009   3.338858   3.338926     2.4096    -0.3352     0.3922    34.9161 1.8742e+03     127693          9  0.000e+00
    206.236     4.9015     4.9006   3.338864   3.338956     2.4096    -0.3352     0.3971    34.9161 1.8787e+03     127694          9  0.000e+00
    206.268     4.9013     4.9007   3.338864   3.338926     2.4096    -0.3352     0.3922    34.9163 1.8787e+03     127695          9  0.000e+00
    206.292     4.9012     4.9007   3.338864   3.338896     2.4108    -0.3352     0.3922    34.9165 1.8832e+03     127696          9  0.000e+00
    206.292     4.9013     4.9007   3.338890   3.338956     2.4096    -0.3352     0.3922    34.9166 1.8809e+03     127697          9  0.000e+00
    101.986     5.4336     5.4330   3.382790   3.382858     2.5293    -0.2180     0.4264    34.9219 1.7843e+03     132647         10  0.000e+00
    101.938     5.4339     5.4331   3.382822   3.382889     2.5293    -0.1984     0.4264    34.9221 1.7865e+03     132648         10  0.000e+00
    101.881     5.4336     5.4330   3.382803   3.382889     2.5305    -0.1984     0.4264    34.9221 1.7865e+03     132649         10  0.000e+00
