Ship_data/Irminger/Irminger-5/ctd/process/ar30-03020.cnv
* Sea-Bird SBE 9 Data File:
* FileName = D:\Data\ar30-03020.hdr
* Software Version Seasave V 7.23.2
* Temperature SN = 4312
* Conductivity SN = 2148
* Number of Bytes Per Scan = 44
* Number of Voltage Words = 5
* Number of Scans Averaged by the Deck Unit = 1
* NMEA Latitude = 59 48.34 N
* NMEA Longitude = 040 16.94 W
* NMEA UTC (Time) = Jun 19 2018  11:50:34
** Cruise ID: ar30-03
** Chief Sci: Macdonald
** Station #: 020
** Site ID: Irminger 5 OSNAP M3
** Cast at OSNAP mooring M3
# nquan = 18
# nvalues = 5158                        
# units = specified
# name 0 = prDM: Pressure, Digiquartz [db]
# name 1 = t090C: Temperature [ITS-90, deg C]
# name 2 = t190C: Temperature, 2 [ITS-90, deg C]
# name 3 = c0S/m: Conductivity [S/m]
# name 4 = c1S/m: Conductivity, 2 [S/m]
# name 5 = sbeox0V: Oxygen raw, SBE 43 [V]
# name 6 = flECO-AFL: Fluorescence, WET Labs ECO-AFL/FL [mg/m^3]
# name 7 = turbWETntu0: Turbidity, WET Labs ECO [NTU]
# name 8 = sal00: Salinity, Practical [PSU]
# name 9 = spar: SPAR/Surface Irradiance
# name 10 = depSM: Depth [salt water, m], lat = 59.8057
# name 11 = sal00: Salinity, Practical [PSU]
# name 12 = sal11: Salinity, Practical, 2 [PSU]
# name 13 = sbeox0ML/L: Oxygen, SBE 43 [ml/l], WS = 2
# name 14 = svCM: Sound Velocity [Chen-Millero, m/s]
# name 15 = sigma-é00: Density [sigma-theta, kg/m^3]
# name 16 = sigma-é11: Density, 2 [sigma-theta, kg/m^3]
# name 17 = flag: flag
# span 0 =      4.000,   2583.000       
# span 1 =     1.3956,     6.0304       
# span 2 =     1.3965,     6.0312       
# span 3 =   3.124758,   3.426678       
# span 4 =   3.124906,   3.426858       
# span 5 =     1.7955,     2.7680       
# span 6 =    -0.4235,     6.2355       
# span 7 =     0.3411,     0.7872       
# span 8 =    34.8407,    34.9288       
# span 9 = 5.2694e+02, 9.4977e+02       
# span 10 =      3.962,   2543.051      
# span 11 =    34.8384,    34.9288      
# span 12 =    34.8546,    34.9294      
# span 13 =     5.8909,     7.1346      
# span 14 =    1469.53,    1499.98      
# span 15 =    27.4340,    27.9398      
# span 16 =    27.4349,    27.9398      
# span 17 = 0.0000e+00, 0.0000e+00      
# interval = decibars: 1                
# start_time = Jun 19 2018 11:50:34 [System UTC, first data scan.]
# bad_flag = -9.990e-29
*END*
[from data line 4664]
    497.000     3.6271     3.6266   3.235552   3.235651     2.3130    -0.3852     0.3741    34.8913 5.5750e+02    491.731    34.8914    34.8932     6.4433    1473.07    27.7414    27.7429 0.0000e+00
    496.000     3.6276     3.6272   3.235531   3.235650     2.3140    -0.3707     0.3772    34.8912 5.5521e+02    490.743    34.8912    34.8930     6.4460    1473.05    27.7413    27.7428 0.0000e+00
    495.000     3.6276     3.6273   3.235488   3.235625     2.3140    -0.3655     0.3775    34.8912 5.5507e+02    489.755    34.8912    34.8931     6.4451    1473.04    27.7413    27.7428 0.0000e+00
    494.000     3.6280     3.6277   3.235489   3.235616     2.3142    -0.3670     0.3775    34.8913 5.5535e+02    488.766    34.8913    34.8931     6.4449    1473.02    27.7413    27.7428 0.0000e+00
    493.000     3.6284     3.6283   3.235475   3.235624     2.3146    -0.3687     0.3775    34.8912 5.5570e+02    487.778    34.8913    34.8932     6.4457    1473.01    27.7412    27.7428 0.0000e+00
    492.000     3.6293     3.6292   3.235507   3.235656     2.3152    -0.3864     0.3731    34.8911 5.5535e+02    486.790    34.8912    34.8931     6.4466    1473.00    27.7411    27.7426 0.0000e+00
    491.000     3.6300     3.6300   3.235538   3.235681     2.3152    -0.3861     0.3777    34.8913 5.5444e+02    485.802    34.8914    34.8931     6.4456    1472.98    27.7412    27.7425 0.0000e+00
    490.000     3.6307     3.6304   3.235551   3.235690     2.3152    -0.3876     0.3734    34.8913 5.5324e+02    484.813    34.8913    34.8932     6.4448    1472.97    27.7410    27.7426 0.0000e+00
    489.000     3.6309     3.6309   3.235542   3.235683     2.3162    -0.3882     0.3772    34.8914 5.5283e+02    483.825    34.8915    34.8932     6.4474    1472.95    27.7411    27.7425 0.0000e+00
    488.000     3.6315     3.6310   3.235542   3.235652     2.3164    -0.3905     0.3775    34.8913 5.5300e+02    482.837    34.8914    34.8932     6.4471    1472.94    27.7410    27.7425 0.0000e+00
    487.000     3.6325     3.6326   3.235586   3.235754     2.3171    -0.3930     0.3777    34.8913 5.5358e+02    481.849    34.8915    34.8933     6.4485    1472.93    27.7409    27.7423 0.0000e+00
    486.000     3.6331     3.6330   3.235601   3.235750     2.3171    -0.3848     0.3775    34.8914 5.5457e+02    480.860    34.8915    34.8934     6.4479    1472.91    27.7409    27.7424 0.0000e+00
    485.000     3.6335     3.6336   3.235611   3.235767     2.3165    -0.3702     0.3746    34.8915 5.5434e+02    479.872    34.8917    34.8935     6.4447    1472.90    27.7410    27.7424 0.0000e+00
    484.000     3.6341     3.6343   3.235600   3.235782     2.3159    -0.3820     0.3769    34.8914 5.5318e+02    478.884    34.8915    34.8934     6.4417    1472.89    27.7408    27.7423 0.0000e+00
    483.000     3.6349     3.6353   3.235651   3.235855     2.3157    -0.3883     0.3775    34.8916 5.5219e+02    477.896    34.8918    34.8937     6.4398    1472.87    27.7409    27.7424 0.0000e+00
    482.000     3.6361     3.6363   3.235720   3.235889     2.3162    -0.3924     0.3739    34.8917 5.5086e+02    476.907    34.8919    34.8937     6.4407    1472.86    27.7409    27.7423 0.0000e+00
    481.000     3.6371     3.6369   3.235768   3.235919     2.3164    -0.3921     0.3732    34.8917 5.5055e+02    475.919    34.8919    34.8939     6.4403    1472.85    27.7408    27.7424 0.0000e+00
    480.000     3.6381     3.6379   3.235830   3.235973     2.3161    -0.3889     0.3734    34.8919 5.5114e+02    474.931    34.8921    34.8941     6.4382    1472.84    27.7408    27.7424 0.0000e+00
    479.000     3.6388     3.6387   3.235864   3.235991     2.3160    -0.3863     0.3759    34.8920 5.5218e+02    473.942    34.8923    34.8940     6.4370    1472.82    27.7409    27.7423 0.0000e+00
    478.000     3.6400     3.6399   3.235922   3.236071     2.3155    -0.3918     0.3761    34.8920 5.5259e+02    472.954    34.8922    34.8942     6.4341    1472.81    27.7407    27.7423 0.0000e+00
    477.000     3.6402     3.6394   3.235904   3.235991     2.3156    -0.3907     0.3731    34.8922 5.5176e+02    471.966    34.8924    34.8942     6.4336    1472.80    27.7408    27.7424 0.0000e+00
    476.000     3.6412     3.6406   3.235932   3.236046     2.3161    -0.3813     0.3752    34.8919 5.5080e+02    470.978    34.8922    34.8942     6.4343    1472.78    27.7405    27.7422 0.0000e+00
    475.000     3.6427     3.6421   3.236038   3.236151     2.3162    -0.3688     0.3775    34.8921 5.4917e+02    469.989    34.8923    34.8943     6.4338    1472.77    27.7405    27.7422 0.0000e+00
    474.000     3.6435     3.6432   3.236079   3.236222     2.3162    -0.3678     0.3777    34.8924 5.4871e+02    469.001    34.8926    34.8945     6.4327    1472.76    27.7406    27.7422 0.0000e+00
    473.000     3.6444     3.6444   3.236138   3.236298     2.3154    -0.3809     0.3747    34.8925 5.4929e+02    468.013    34.8928    34.8947     6.4287    1472.75    27.7407    27.7422 0.0000e+00
    472.000     3.6460     3.6459   3.236255   3.236402     2.3151    -0.3897     0.3756    34.8927 5.4988e+02    467.024    34.8930    34.8950     6.4265    1472.74    27.7407    27.7423 0.0000e+00
    471.000     3.6478     3.6480   3.236380   3.236568     2.3152    -0.3764     0.3759    34.8928 5.5004e+02    466.036    34.8932    34.8952     6.4259    1472.73    27.7407    27.7422 0.0000e+00
    470.000     3.6495     3.6505   3.236505   3.236770     2.3155    -0.3666     0.3750    34.8931 5.4900e+02    465.048    34.8934    34.8955     6.4257    1472.72    27.7406    27.7422 0.0000e+00
    469.000     3.6505     3.6524   3.236568   3.236909     2.3150    -0.3692     0.3765    34.8932 5.4831e+02    464.059    34.8936    34.8957     6.4228    1472.71    27.7407    27.7422 0.0000e+00
    468.000     3.6523     3.6524   3.236699   3.236891     2.3138    -0.3728     0.3729    34.8934 5.4832e+02    463.071    34.8937    34.8960     6.4174    1472.70    27.7406    27.7424 0.0000e+00
    467.000     3.6543     3.6543   3.236857   3.237016     2.3138    -0.3900     0.3733    34.8935 5.4832e+02    462.082    34.8941    34.8960     6.4163    1472.69    27.7407    27.7422 0.0000e+00
    466.000     3.6569     3.6580   3.237039   3.237341     2.3135    -0.3939     0.3757    34.8935 5.4815e+02    461.094    34.8940    34.8965     6.4141    1472.69    27.7404    27.7422 0.0000e+00
    465.000     3.6615     3.6629   3.237439   3.237779     2.3132    -0.3757     0.3778    34.8937 5.4800e+02    460.106    34.8944    34.8970     6.4114    1472.69    27.7402    27.7422 0.0000e+00
    464.000     3.6640     3.6659   3.237658   3.238040     2.3134    -0.3708     0.3754    34.8943 5.4694e+02    459.117    34.8949    34.8975     6.4108    1472.69    27.7404    27.7422 0.0000e+00
    463.000     3.6668     3.6693   3.237935   3.238306     2.3126    -0.3686     0.3750    34.8949 5.4617e+02    458.129    34.8958    34.8976     6.4066    1472.68    27.7408    27.7420 0.0000e+00
    462.000     3.6696     3.6700   3.238135   3.238316     2.3112    -0.3743     0.3765    34.8952 5.4617e+02    457.141    34.8957    34.8975     6.4004    1472.68    27.7404    27.7418 0.0000e+00
    461.000     3.6696     3.6687   3.238096   3.238160     2.3100    -0.3821     0.3744    34.8953 5.4742e+02    456.152    34.8958    34.8975     6.3951    1472.66    27.7405    27.7419 0.0000e+00
    460.000     3.6700     3.6696   3.238070   3.238186     2.3095    -0.3707     0.3775    34.8953 5.4799e+02    455.164    34.8956    34.8975     6.3924    1472.65    27.7403    27.7418 0.0000e+00
    459.000     3.6702     3.6699   3.238041   3.238165     2.3084    -0.3742     0.3775    34.8952 5.4698e+02    454.175    34.8955    34.8974     6.3878    1472.63    27.7402    27.7417 0.0000e+00
    458.000     3.6703     3.6701   3.237999   3.238144     2.3076    -0.3834     0.3766    34.8952 5.4552e+02    453.187    34.8955    34.8975     6.3841    1472.62    27.7402    27.7417 0.0000e+00
    457.000     3.6708     3.6711   3.237993   3.238178     2.3076    -0.3707     0.3741    34.8952 5.4380e+02    452.199    34.8955    34.8973     6.3831    1472.60    27.7401    27.7415 0.0000e+00
    456.000     3.6725     3.6738   3.238113   3.238396     2.3077    -0.3675     0.3774    34.8952 5.4394e+02    451.210    34.8956    34.8977     6.3823    1472.59    27.7400    27.7415 0.0000e+00
    455.000     3.6747     3.6770   3.238296   3.238668     2.3076    -0.3667     0.3775    34.8954 5.4395e+02    450.222    34.8960    34.8980     6.3807    1472.58    27.7401    27.7414 0.0000e+00
    454.000     3.6775     3.6798   3.238553   3.238878     2.3077    -0.3843     0.3870    34.8959 5.4373e+02    449.233    34.8966    34.8981     6.3797    1472.58    27.7403    27.7412 0.0000e+00
    453.000     3.6808     3.6795   3.238806   3.238848     2.3071    -0.3753     0.3803    34.8962 5.4421e+02    448.245    34.8967    34.8986     6.3761    1472.58    27.7400    27.7416 0.0000e+00
    452.000     3.6817     3.6831   3.238848   3.239101     2.3061    -0.3926     0.3775    34.8963 5.4422e+02    447.257    34.8967    34.8983     6.3717    1472.57    27.7399    27.7410 0.0000e+00
    451.000     3.6833     3.6842   3.238920   3.239195     2.3062    -0.3727     0.3778    34.8961 5.4394e+02    446.268    34.8964    34.8988     6.3710    1472.56    27.7395    27.7413 0.0000e+00
    450.000     3.6884     3.6919   3.239472   3.239869     2.3063    -0.3708     0.3775    34.8963 5.4369e+02    445.280    34.8981    34.8991     6.3696    1472.56    27.7403    27.7408 0.0000e+00
    449.000     3.6942     3.6953   3.239934   3.240182     2.3052    -0.3692     0.3775    34.8972 5.4382e+02    444.291    34.8980    34.8998     6.3637    1472.57    27.7397    27.7410 0.0000e+00
    448.000     3.6970     3.6978   3.240186   3.240394     2.3050    -0.3832     0.3825    34.8976 5.4383e+02    443.303    34.8986    34.9002     6.3618    1472.57    27.7399    27.7411 0.0000e+00
    447.000     3.6983     3.6989   3.240236   3.240444     2.3041    -0.3793     0.3829    34.8977 5.4383e+02    442.314    34.8983    34.9001     6.3575    1472.56    27.7395    27.7409 0.0000e+00
    446.000     3.6995     3.6978   3.240333   3.240317     2.3022    -0.3781     0.3778    34.8981 5.4202e+02    441.326    34.8988    34.9003     6.3498    1472.54    27.7397    27.7412 0.0000e+00
    445.000     3.7003     3.6995   3.240314   3.240414     2.3014    -0.3542     0.3778    34.8979 5.4007e+02    440.337    34.8982    34.9002     6.3459    1472.53    27.7392    27.7409 0.0000e+00
    444.000     3.6998     3.7004   3.240237   3.240446     2.3014    -0.3680     0.3775    34.8979 5.4145e+02    439.349    34.8983    34.9002     6.3452    1472.51    27.7394    27.7408 0.0000e+00
    443.000     3.7014     3.7021   3.240372   3.240570     2.3018    -0.3878     0.3775    34.8982 5.4184e+02    438.361    34.8988    34.9004     6.3456    1472.50    27.7395    27.7408 0.0000e+00
    442.000     3.7033     3.7036   3.240486   3.240656     2.3014    -0.3848     0.3731    34.8982 5.4273e+02    437.372    34.8986    34.9004     6.3430    1472.50    27.7392    27.7406 0.0000e+00
    441.000     3.7036     3.7044   3.240488   3.240705     2.3005    -0.3705     0.3770    34.8985 5.4348e+02    436.384    34.8989    34.9007     6.3390    1472.48    27.7394    27.7407 0.0000e+00
    440.000     3.7059     3.7049   3.240636   3.240712     2.3000    -0.3669     0.3742    34.8983 5.4235e+02    435.395    34.8987    34.9007     6.3362    1472.47    27.7390    27.7407 0.0000e+00
    439.000     3.7063     3.7079   3.240632   3.240917     2.3000    -0.3685     0.3776    34.8983 5.4052e+02    434.407    34.8988    34.9005     6.3352    1472.46    27.7390    27.7402 0.0000e+00
    438.000     3.7080     3.7079   3.240741   3.240890     2.3000    -0.3681     0.3775    34.8984 5.3917e+02    433.418    34.8988    34.9008     6.3342    1472.45    27.7389    27.7404 0.0000e+00
    437.000     3.7092     3.7091   3.240812   3.240977     2.3001    -0.3890     0.3775    34.8985 5.3918e+02    432.430    34.8990    34.9010     6.3334    1472.44    27.7389    27.7405 0.0000e+00
    436.000     3.7100     3.7104   3.240858   3.241045     2.2995    -0.3942     0.3759    34.8987 5.3889e+02    431.441    34.8991    34.9010     6.3303    1472.43    27.7389    27.7404 0.0000e+00
    435.000     3.7106     3.7104   3.240863   3.240993     2.2996    -0.3911     0.3741    34.8989 5.3828e+02    430.453    34.8992    34.9009     6.3298    1472.41    27.7389    27.7403 0.0000e+00
    434.000     3.7104     3.7097   3.240795   3.240890     2.3006    -0.3790     0.3758    34.8988 5.3837e+02    429.464    34.8991    34.9009     6.3324    1472.39    27.7388    27.7403 0.0000e+00
    433.000     3.7101     3.7099   3.240722   3.240856     2.3012    -0.3806     0.3760    34.8988 5.3947e+02    428.476    34.8990    34.9009     6.3338    1472.38    27.7388    27.7403 0.0000e+00
    432.000     3.7103     3.7097   3.240670   3.240788     2.3010    -0.3695     0.3733    34.8986 5.4051e+02    427.487    34.8988    34.9008     6.3324    1472.36    27.7386    27.7402 0.0000e+00
    431.000     3.7100     3.7097   3.240604   3.240738     2.3013    -0.3919     0.3773    34.8988 5.4034e+02    426.499    34.8988    34.9007     6.3324    1472.34    27.7386    27.7402 0.0000e+00
    430.000     3.7096     3.7091   3.240510   3.240629     2.3013    -0.3889     0.3726    34.8987 5.3989e+02    425.510    34.8987    34.9006     6.3317    1472.32    27.7385    27.7401 0.0000e+00
    429.000     3.7089     3.7080   3.240393   3.240470     2.3014    -0.3761     0.3759    34.8986 5.3972e+02    424.521    34.8986    34.9004     6.3315    1472.30    27.7385    27.7400 0.0000e+00
    428.000     3.7074     3.7058   3.240202   3.240192     2.3013    -0.3644     0.3827    34.8986 5.3908e+02    423.533    34.8984    34.8999     6.3304    1472.28    27.7385    27.7399 0.0000e+00
    427.000     3.7055     3.7049   3.239981   3.240058     2.3023    -0.3645     0.3977    34.8984 5.3761e+02    422.544    34.8983    34.8998     6.3336    1472.26    27.7386    27.7399 0.0000e+00
    426.000     3.7049     3.7042   3.239859   3.239936     2.3037    -0.3751     0.3784    34.8982 5.3596e+02    421.556    34.8980    34.8997     6.3377    1472.24    27.7385    27.7399 0.0000e+00
    425.000     3.7041     3.7018   3.239729   3.239646     2.3054    -0.3802     0.3818    34.8980 5.3483e+02    420.567    34.8979    34.8993     6.3431    1472.22    27.7384    27.7398 0.0000e+00
    424.000     3.7033     3.7021   3.239595   3.239621     2.3065    -0.3864     0.3774    34.8978 5.3564e+02    419.579    34.8976    34.8993     6.3462    1472.20    27.7383    27.7397 0.0000e+00
    423.000     3.7018     3.6987   3.239338   3.239236     2.3074    -0.3898     0.3775    34.8974 5.3824e+02    418.590    34.8967    34.8988     6.3488    1472.17    27.7377    27.7397 0.0000e+00
    422.000     3.6964     3.6942   3.238738   3.238711     2.3086    -0.3880     0.3775    34.8967 5.3909e+02    417.602    34.8959    34.8979     6.3532    1472.13    27.7376    27.7394 0.0000e+00
    421.000     3.6938     3.6925   3.238469   3.238490     2.3097    -0.3750     0.3775    34.8965 5.4088e+02    416.613    34.8959    34.8976     6.3568    1472.11    27.7378    27.7393 0.0000e+00
    420.000     3.6924     3.6917   3.238280   3.238363     2.3107    -0.3660     0.3775    34.8962 5.4102e+02    415.624    34.8957    34.8975     6.3598    1472.08    27.7379    27.7393 0.0000e+00
    419.000     3.6922     3.6909   3.238209   3.238248     2.3129    -0.3660     0.3778    34.8962 5.4010e+02    414.636    34.8956    34.8975     6.3665    1472.07    27.7378    27.7394 0.0000e+00
