Ship_data/Irminger/Irminger-5/ctd/process/ar30-03010.cnv
* Sea-Bird SBE 9 Data File:
* FileName = D:\Data\ar30-03010.hdr
* Software Version Seasave V 7.23.2
* Temperature SN = 4312
* Conductivity SN = 2148
* Number of Bytes Per Scan = 44
* Number of Voltage Words = 5
* Number of Scans Averaged by the Deck Unit = 1
* NMEA Latitude = 59 50.67 N
* NMEA Longitude = 039 11.81 W
* NMEA UTC (Time) = Jun 12 2018  19:51:22
** Cruise ID: ar30-03
** Chief Sci: Macdonald
** Station #: 010
** Site ID: Irminger 5 Glider sync.
** cast to 1000 meters with bottom release testing
# nquan = 18
# nvalues = 2028                        
# units = specified
# name 0 = prDM: Pressure, Digiquartz [db]
# name 1 = t090C: Temperature [ITS-90, deg C]
# name 2 = t190C: Temperature, 2 [ITS-90, deg C]
# name 3 = c0S/m: Conductivity [S/m]
# name 4 = c1S/m: Conductivity, 2 [S/m]
# name 5 = sbeox0V: Oxygen raw, SBE 43 [V]
# name 6 = flECO-AFL: Fluorescence, WET Labs ECO-AFL/FL [mg/m^3]
# name 7 = turbWETntu0: Turbidity, WET Labs ECO [NTU]
# name 8 = sal00: Salinity, Practical [PSU]
# name 9 = spar: SPAR/Surface Irradiance
# name 10 = depSM: Depth [salt water, m], lat = 59.8445
# name 11 = sal00: Salinity, Practical [PSU]
# name 12 = sal11: Salinity, Practical, 2 [PSU]
# name 13 = sbeox0ML/L: Oxygen, SBE 43 [ml/l], WS = 2
# name 14 = svCM: Sound Velocity [Chen-Millero, m/s]
# name 15 = sigma-é00: Density [sigma-theta, kg/m^3]
# name 16 = sigma-é11: Density, 2 [sigma-theta, kg/m^3]
# name 17 = flag: flag
# span 0 =      2.000,   1016.000       
# span 1 =     3.6678,     6.1498       
# span 2 =     3.6678,     6.1497       
# span 3 =   3.262010,   3.438996       
# span 4 =   3.262077,   3.439186       
# span 5 =     2.1404,     2.8284       
# span 6 =    -0.4138,     7.2144       
# span 7 =     0.3456,     0.6761       
# span 8 =    34.8625,    34.9228       
# span 9 = 1.3798e+02, 2.6169e+02       
# span 10 =      1.981,   1003.977      
# span 11 =    34.8625,    34.9227      
# span 12 =    34.8639,    34.9240      
# span 13 =     5.9199,     7.2807      
# span 14 =    1472.00,    1481.89      
# span 15 =    27.4317,    27.7434      
# span 16 =    27.4335,    27.7441      
# span 17 = 0.0000e+00, 0.0000e+00      
# interval = decibars: 1                
# start_time = Jun 12 2018 19:51:22 [System UTC, first data scan.]
# bad_flag = -9.990e-29
*END*
[from data line 1207]
    822.000     3.8536     3.8543   3.271370   3.271480     2.1630    -0.3646     0.3677    34.9059 1.6282e+02    812.649    34.9062    34.9068     6.1259    1479.40    27.7330    27.7334 0.0000e+00
    821.000     3.8551     3.8558   3.271454   3.271592     2.1641    -0.3757     0.3678    34.9059 1.6364e+02    811.663    34.9061    34.9070     6.1286    1479.39    27.7328    27.7334 0.0000e+00
    820.000     3.8561     3.8570   3.271525   3.271662     2.1646    -0.3854     0.3672    34.9061 1.6316e+02    810.676    34.9064    34.9071     6.1297    1479.38    27.7329    27.7334 0.0000e+00
    819.000     3.8574     3.8581   3.271606   3.271708     2.1647    -0.3657     0.3629    34.9062 1.6218e+02    809.689    34.9065    34.9070     6.1288    1479.37    27.7328    27.7332 0.0000e+00
    818.000     3.8582     3.8584   3.271618   3.271702     2.1640    -0.3659     0.3667    34.9061 1.6149e+02    808.703    34.9063    34.9071     6.1255    1479.35    27.7326    27.7332 0.0000e+00
    817.000     3.8583     3.8587   3.271576   3.271674     2.1638    -0.3803     0.3643    34.9060 1.5991e+02    807.716    34.9062    34.9070     6.1239    1479.34    27.7325    27.7331 0.0000e+00
    816.000     3.8585     3.8586   3.271542   3.271612     2.1644    -0.3775     0.3653    34.9059 1.5911e+02    806.729    34.9061    34.9068     6.1253    1479.32    27.7324    27.7330 0.0000e+00
    815.000     3.8590     3.8585   3.271522   3.271549     2.1658    -0.3690     0.3645    34.9057 1.5958e+02    805.742    34.9059    34.9068     6.1297    1479.31    27.7322    27.7329 0.0000e+00
    814.000     3.8595     3.8592   3.271538   3.271564     2.1666    -0.3838     0.3665    34.9058 1.6154e+02    804.756    34.9060    34.9067     6.1316    1479.29    27.7322    27.7328 0.0000e+00
    813.000     3.8619     3.8614   3.271711   3.271734     2.1664    -0.3805     0.3642    34.9057 1.6180e+02    803.769    34.9061    34.9069     6.1299    1479.29    27.7320    27.7327 0.0000e+00
    812.000     3.8641     3.8641   3.271877   3.271920     2.1666    -0.3683     0.3677    34.9060 1.6196e+02    802.782    34.9063    34.9068     6.1292    1479.28    27.7320    27.7324 0.0000e+00
    811.000     3.8634     3.8635   3.271780   3.271854     2.1677    -0.3741     0.3696    34.9062 1.6159e+02    801.796    34.9064    34.9071     6.1327    1479.26    27.7321    27.7326 0.0000e+00
    810.000     3.8655     3.8645   3.271925   3.271899     2.1677    -0.3721     0.3683    34.9064 1.6092e+02    800.809    34.9064    34.9071     6.1317    1479.25    27.7319    27.7326 0.0000e+00
    809.000     3.8703     3.8709   3.272337   3.272457     2.1625    -0.3729     0.3678    34.9067 1.6092e+02    799.822    34.9067    34.9075     6.1106    1479.25    27.7317    27.7322 0.0000e+00
    808.000     3.8702     3.8709   3.272287   3.272412     2.1625    -0.3623     0.3683    34.9066 1.6128e+02    798.835    34.9068    34.9075     6.1101    1479.24    27.7317    27.7322 0.0000e+00
    807.000     3.8751     3.8764   3.272702   3.272862     2.1637    -0.3651     0.3685    34.9065 1.6085e+02    797.849    34.9070    34.9075     6.1127    1479.24    27.7313    27.7316 0.0000e+00
    806.000     3.8783     3.8799   3.272945   3.273157     2.1646    -0.3624     0.3709    34.9066 1.5989e+02    796.862    34.9070    34.9078     6.1147    1479.24    27.7310    27.7315 0.0000e+00
    805.000     3.8855     3.8848   3.273563   3.273538     2.1648    -0.3866     0.3715    34.9065 1.5928e+02    795.875    34.9073    34.9077     6.1136    1479.25    27.7305    27.7309 0.0000e+00
    804.000     3.8876     3.8895   3.273691   3.273928     2.1658    -0.3825     0.3626    34.9065 1.5945e+02    794.888    34.9070    34.9078     6.1160    1479.25    27.7301    27.7305 0.0000e+00
    803.000     3.8914     3.8950   3.274039   3.274378     2.1665    -0.3561     0.3694    34.9067 1.5956e+02    793.902    34.9076    34.9078     6.1174    1479.25    27.7302    27.7300 0.0000e+00
    802.000     3.8950     3.8964   3.274308   3.274479     2.1665    -0.3668     0.3680    34.9068 1.5969e+02    792.915    34.9075    34.9081     6.1159    1479.24    27.7297    27.7300 0.0000e+00
    801.000     3.8964     3.8972   3.274384   3.274517     2.1669    -0.3724     0.3687    34.9069 1.6023e+02    791.928    34.9074    34.9082     6.1163    1479.23    27.7295    27.7300 0.0000e+00
    800.000     3.8975     3.8982   3.274431   3.274558     2.1668    -0.3857     0.3704    34.9068 1.6069e+02    790.941    34.9074    34.9081     6.1150    1479.22    27.7294    27.7298 0.0000e+00
    799.000     3.8982     3.8985   3.274441   3.274549     2.1663    -0.3702     0.3698    34.9068 1.6033e+02    789.954    34.9073    34.9082     6.1121    1479.21    27.7291    27.7299 0.0000e+00
    798.000     3.8992     3.8993   3.274476   3.274554     2.1665    -0.3789     0.3643    34.9067 1.5972e+02    788.968    34.9071    34.9080     6.1121    1479.19    27.7289    27.7296 0.0000e+00
    797.000     3.9000     3.9006   3.274507   3.274623     2.1665    -0.3663     0.3680    34.9068 1.5945e+02    787.981    34.9072    34.9080     6.1111    1479.18    27.7289    27.7294 0.0000e+00
    796.000     3.9009     3.9015   3.274551   3.274671     2.1652    -0.3819     0.3717    34.9068 1.5889e+02    786.994    34.9072    34.9081     6.1055    1479.17    27.7288    27.7294 0.0000e+00
    795.000     3.9013     3.9021   3.274541   3.274685     2.1641    -0.3843     0.3726    34.9069 1.5873e+02    786.007    34.9072    34.9082     6.1004    1479.15    27.7288    27.7294 0.0000e+00
    794.000     3.9028     3.9035   3.274635   3.274763     2.1651    -0.3854     0.3684    34.9069 1.5967e+02    785.021    34.9073    34.9080     6.1029    1479.14    27.7287    27.7292 0.0000e+00
    793.000     3.9047     3.9055   3.274759   3.274890     2.1664    -0.3819     0.3680    34.9069 1.6067e+02    784.034    34.9073    34.9080     6.1069    1479.14    27.7285    27.7290 0.0000e+00
    792.000     3.9061     3.9065   3.274840   3.274947     2.1677    -0.3780     0.3665    34.9068 1.6166e+02    783.047    34.9073    34.9081     6.1103    1479.12    27.7283    27.7289 0.0000e+00
    791.000     3.9074     3.9080   3.274933   3.275040     2.1677    -0.3685     0.3634    34.9070 1.6135e+02    782.060    34.9075    34.9081     6.1096    1479.11    27.7283    27.7288 0.0000e+00
    790.000     3.9086     3.9088   3.274980   3.275072     2.1677    -0.3854     0.3688    34.9070 1.6094e+02    781.073    34.9073    34.9082     6.1086    1479.10    27.7281    27.7287 0.0000e+00
    789.000     3.9091     3.9089   3.274993   3.275048     2.1679    -0.3613     0.3687    34.9071 1.5940e+02    780.086    34.9075    34.9083     6.1083    1479.09    27.7281    27.7288 0.0000e+00
    788.000     3.9101     3.9101   3.275026   3.275097     2.1684    -0.3849     0.3641    34.9070 1.5827e+02    779.100    34.9073    34.9082     6.1091    1479.08    27.7279    27.7286 0.0000e+00
    787.000     3.9104     3.9108   3.275002   3.275109     2.1697    -0.3655     0.3681    34.9070 1.5883e+02    778.113    34.9072    34.9081     6.1133    1479.06    27.7277    27.7284 0.0000e+00
    786.000     3.9108     3.9111   3.275004   3.275097     2.1707    -0.3866     0.3683    34.9072 1.5958e+02    777.126    34.9074    34.9081     6.1160    1479.05    27.7279    27.7284 0.0000e+00
    785.000     3.9113     3.9116   3.274998   3.275096     2.1708    -0.3670     0.3680    34.9071 1.6050e+02    776.139    34.9072    34.9081     6.1156    1479.03    27.7277    27.7284 0.0000e+00
    784.000     3.9115     3.9117   3.274982   3.275064     2.1711    -0.3616     0.3704    34.9073 1.6114e+02    775.152    34.9074    34.9081     6.1156    1479.02    27.7278    27.7283 0.0000e+00
    783.000     3.9116     3.9119   3.274961   3.275042     2.1712    -0.3644     0.3720    34.9073 1.6081e+02    774.165    34.9075    34.9082     6.1153    1479.00    27.7279    27.7283 0.0000e+00
    782.000     3.9121     3.9124   3.274955   3.275058     2.1715    -0.3640     0.3679    34.9073 1.5983e+02    773.178    34.9075    34.9084     6.1154    1478.98    27.7277    27.7284 0.0000e+00
    781.000     3.9127     3.9126   3.274972   3.275030     2.1725    -0.3622     0.3715    34.9073 1.5970e+02    772.192    34.9075    34.9084     6.1183    1478.97    27.7277    27.7284 0.0000e+00
    780.000     3.9138     3.9141   3.275021   3.275109     2.1728    -0.3722     0.3681    34.9072 1.5935e+02    771.205    34.9075    34.9082     6.1184    1478.96    27.7276    27.7281 0.0000e+00
    779.000     3.9153     3.9152   3.275098   3.275169     2.1726    -0.3715     0.3685    34.9072 1.5890e+02    770.218    34.9073    34.9083     6.1168    1478.95    27.7273    27.7281 0.0000e+00
    778.000     3.9157     3.9168   3.275101   3.275273     2.1722    -0.3996     0.3641    34.9073 1.5946e+02    769.231    34.9075    34.9083     6.1145    1478.93    27.7274    27.7279 0.0000e+00
    777.000     3.9188     3.9200   3.275367   3.275512     2.1714    -0.3834     0.3629    34.9073 1.5955e+02    768.244    34.9079    34.9083     6.1101    1478.93    27.7273    27.7275 0.0000e+00
    776.000     3.9212     3.9225   3.275539   3.275708     2.1712    -0.3663     0.3635    34.9073 1.6031e+02    767.257    34.9079    34.9085     6.1083    1478.92    27.7271    27.7275 0.0000e+00
    775.000     3.9241     3.9251   3.275760   3.275913     2.1710    -0.3853     0.3690    34.9074 1.6054e+02    766.270    34.9080    34.9087     6.1059    1478.92    27.7269    27.7273 0.0000e+00
    774.000     3.9263     3.9270   3.275939   3.276051     2.1708    -0.3857     0.3654    34.9076 1.6036e+02    765.283    34.9083    34.9088     6.1044    1478.91    27.7269    27.7272 0.0000e+00
    773.000     3.9275     3.9277   3.275989   3.276073     2.1702    -0.3707     0.3650    34.9077 1.6011e+02    764.296    34.9081    34.9089     6.1011    1478.90    27.7266    27.7272 0.0000e+00
    772.000     3.9271     3.9262   3.275917   3.275905     2.1705    -0.3665     0.3699    34.9079 1.5882e+02    763.309    34.9082    34.9090     6.1014    1478.88    27.7267    27.7274 0.0000e+00
    771.000     3.9269     3.9266   3.275831   3.275863     2.1702    -0.3869     0.3677    34.9077 1.5817e+02    762.323    34.9079    34.9086     6.0997    1478.87    27.7265    27.7271 0.0000e+00
    770.000     3.9279     3.9286   3.275898   3.276018     2.1696    -0.3881     0.3684    34.9078 1.5933e+02    761.336    34.9081    34.9088     6.0963    1478.85    27.7266    27.7270 0.0000e+00
    769.000     3.9299     3.9312   3.276054   3.276212     2.1697    -0.3854     0.3712    34.9079 1.5955e+02    760.349    34.9084    34.9089     6.0955    1478.85    27.7266    27.7268 0.0000e+00
    768.000     3.9319     3.9324   3.276177   3.276275     2.1703    -0.3770     0.3726    34.9079 1.5955e+02    759.362    34.9083    34.9089     6.0966    1478.84    27.7262    27.7267 0.0000e+00
    767.000     3.9327     3.9327   3.276212   3.276275     2.1704    -0.3658     0.3657    34.9079 1.5997e+02    758.375    34.9083    34.9091     6.0962    1478.82    27.7262    27.7268 0.0000e+00
    766.000     3.9339     3.9336   3.276285   3.276320     2.1705    -0.3759     0.3685    34.9081 1.5990e+02    757.388    34.9084    34.9092     6.0957    1478.81    27.7261    27.7268 0.0000e+00
    765.000     3.9330     3.9322   3.276139   3.276130     2.1700    -0.3672     0.3702    34.9082 1.5936e+02    756.401    34.9082    34.9090     6.0932    1478.79    27.7261    27.7268 0.0000e+00
    764.000     3.9357     3.9356   3.276414   3.276400     2.1699    -0.3675     0.3719    34.9082 1.5852e+02    755.414    34.9091    34.9091     6.0915    1478.79    27.7265    27.7265 0.0000e+00
    763.000     3.9430     3.9440   3.276966   3.277135     2.1702    -0.3824     0.3684    34.9081 1.5925e+02    754.427    34.9085    34.9094     6.0907    1478.80    27.7253    27.7259 0.0000e+00
    762.000     3.9454     3.9471   3.277176   3.277369     2.1708    -0.3590     0.3686    34.9081 1.5996e+02    753.440    34.9089    34.9094     6.0914    1478.80    27.7253    27.7255 0.0000e+00
    761.000     3.9477     3.9484   3.277341   3.277453     2.1713    -0.3858     0.3680    34.9083 1.5956e+02    752.453    34.9089    34.9095     6.0923    1478.79    27.7251    27.7255 0.0000e+00
    760.000     3.9483     3.9488   3.277340   3.277462     2.1709    -0.3645     0.3683    34.9084 1.5955e+02    751.466    34.9088    34.9097     6.0898    1478.77    27.7249    27.7256 0.0000e+00
    759.000     3.9488     3.9493   3.277331   3.277447     2.1703    -0.3594     0.3710    34.9083 1.5896e+02    750.479    34.9087    34.9096     6.0869    1478.76    27.7248    27.7255 0.0000e+00
    758.000     3.9481     3.9497   3.277229   3.277415     2.1705    -0.3643     0.3699    34.9084 1.5801e+02    749.492    34.9087    34.9093     6.0869    1478.74    27.7249    27.7252 0.0000e+00
    757.000     3.9504     3.9508   3.277375   3.277470     2.1712    -0.3900     0.3764    34.9082 1.5817e+02    748.505    34.9085    34.9093     6.0882    1478.73    27.7245    27.7251 0.0000e+00
    756.000     3.9507     3.9511   3.277353   3.277445     2.1714    -0.3826     0.3684    34.9082 1.5924e+02    747.518    34.9085    34.9092     6.0881    1478.72    27.7244    27.7250 0.0000e+00
    755.000     3.9514     3.9518   3.277368   3.277469     2.1713    -0.3601     0.3779    34.9082 1.5956e+02    746.531    34.9085    34.9093     6.0870    1478.70    27.7243    27.7249 0.0000e+00
    754.000     3.9522     3.9525   3.277388   3.277475     2.1714    -0.3840     0.3711    34.9081 1.5982e+02    745.544    34.9084    34.9091     6.0863    1478.69    27.7242    27.7247 0.0000e+00
    753.000     3.9523     3.9526   3.277365   3.277456     2.1724    -0.3853     0.3696    34.9084 1.5998e+02    744.557    34.9085    34.9093     6.0892    1478.68    27.7242    27.7248 0.0000e+00
    752.000     3.9524     3.9525   3.277324   3.277410     2.1720    -0.3862     0.3726    34.9082 1.5993e+02    743.570    34.9085    34.9093     6.0869    1478.66    27.7242    27.7248 0.0000e+00
    751.000     3.9529     3.9529   3.277335   3.277405     2.1715    -0.3842     0.3684    34.9083 1.5916e+02    742.583    34.9086    34.9094     6.0842    1478.64    27.7242    27.7248 0.0000e+00
    750.000     3.9525     3.9521   3.277248   3.277284     2.1728    -0.3644     0.3736    34.9085 1.5635e+02    741.596    34.9085    34.9093     6.0884    1478.63    27.7242    27.7248 0.0000e+00
    749.000     3.9542     3.9562   3.277353   3.277579     2.1729    -0.3720     0.3691    34.9081 1.5718e+02    740.609    34.9085    34.9091     6.0873    1478.62    27.7239    27.7242 0.0000e+00
    748.000     3.9553     3.9572   3.277440   3.277648     2.1726    -0.3621     0.3681    34.9083 1.5907e+02    739.622    34.9088    34.9093     6.0855    1478.61    27.7241    27.7243 0.0000e+00
    747.000     3.9583     3.9597   3.277706   3.277854     2.1726    -0.3637     0.3734    34.9086 1.5958e+02    738.635    34.9094    34.9096     6.0842    1478.60    27.7242    27.7242 0.0000e+00
    746.000     3.9625     3.9641   3.278058   3.278223     2.1726    -0.3617     0.3726    34.9086 1.6086e+02    737.648    34.9096    34.9099     6.0827    1478.60    27.7239    27.7240 0.0000e+00
    745.000     3.9660     3.9669   3.278320   3.278462     2.1729    -0.3863     0.3678    34.9087 1.6146e+02    736.661    34.9095    34.9102     6.0823    1478.60    27.7235    27.7240 0.0000e+00
    744.000     3.9666     3.9668   3.278302   3.278406     2.1728    -0.3672     0.3679    34.9089 1.6164e+02    735.674    34.9092    34.9102     6.0810    1478.59    27.7232    27.7240 0.0000e+00
