Ship_data/Irminger/Irminger-5/ctd/process/ar30-03020.ros
* Sea-Bird SBE 9 Data File:
* FileName = D:\Data\ar30-03020.hdr
* Software Version Seasave V 7.23.2
* Temperature SN = 4312
* Conductivity SN = 2148
* Number of Bytes Per Scan = 44
* Number of Voltage Words = 5
* Number of Scans Averaged by the Deck Unit = 1
* NMEA Latitude = 59 48.34 N
* NMEA Longitude = 040 16.94 W
* NMEA UTC (Time) = Jun 19 2018  11:50:34
** Cruise ID: ar30-03
** Chief Sci: Macdonald
** Station #: 020
** Site ID: Irminger 5 OSNAP M3
** Cast at OSNAP mooring M3
# nquan = 13
# nvalues = 735                                   
# units = specified
# name 0 = prDM: Pressure, Digiquartz [db]
# name 1 = t090C: Temperature [ITS-90, deg C]
# name 2 = t190C: Temperature, 2 [ITS-90, deg C]
# name 3 = c0S/m: Conductivity [S/m]
# name 4 = c1S/m: Conductivity, 2 [S/m]
# name 5 = sbeox0V: Oxygen raw, SBE 43 [V]
# name 6 = flECO-AFL: Fluorescence, WET Labs ECO-AFL/FL [mg/m^3]
# name 7 = turbWETntu0: Turbidity, WET Labs ECO [NTU]
# name 8 = sal00: Salinity, Practical [PSU]
# name 9 = spar: SPAR/Surface Irradiance
# name 10 = scan: Scan Count
# name 11 = nbf: Bottles Fired
# name 12 = flag:  0.000e+00
# interval = seconds: 0.0416667
# start_time = Jun 19 2018 11:50:34 [System UTC, first data scan.]
# bad_flag = -9.990e-29
*END*
[from data line 667]
     14.880     5.9562     5.9537   3.420260   3.420208     2.7486     3.7283     0.6461    34.8529 7.6630e+02     168580         14  0.000e+00
     14.872     5.9562     5.9537   3.420279   3.420208     2.7486     3.7283     0.6413    34.8531 7.6630e+02     168581         14  0.000e+00
     14.824     5.9562     5.9539   3.420298   3.420208     2.7474     3.7283     0.6413    34.8533 7.6406e+02     168582         14  0.000e+00
     14.936     5.9563     5.9539   3.420305   3.420208     2.7474     3.7283     0.6461    34.8532 7.6630e+02     168583         14  0.000e+00
     14.880     5.9563     5.9539   3.420311   3.420177     2.7474     3.7283     0.6461    34.8533 7.6630e+02     168584         14  0.000e+00
     14.816     5.9563     5.9539   3.420305   3.420208     2.7474     3.7283     0.6461    34.8532 7.6406e+02     168585         14  0.000e+00
     14.936     5.9565     5.9539   3.420311   3.420208     2.7486     3.7283     0.6461    34.8531 7.6630e+02     168586         14  0.000e+00
     14.880     5.9562     5.9537   3.420260   3.420208     2.7486     3.7283     0.6413    34.8529 7.6630e+02     168587         14  0.000e+00
     14.936     5.9562     5.9539   3.420292   3.420238     2.7474     3.7283     0.6461    34.8532 7.6630e+02     168588         14  0.000e+00
     14.880     5.9562     5.9536   3.420285   3.420208     2.7474     3.7283     0.6413    34.8532 7.6630e+02     168589         14  0.000e+00
     14.872     5.9562     5.9537   3.420324   3.420177     2.7486     3.7283     0.6461    34.8536 7.6630e+02     168590         14  0.000e+00
     14.936     5.9565     5.9537   3.420292   3.420208     2.7474     3.7283     0.6461    34.8529 7.6406e+02     168591         14  0.000e+00
     14.704     5.9566     5.9536   3.420337   3.420177     2.7474     3.7283     0.6461    34.8534 7.6406e+02     168592         14  0.000e+00
     15.056     5.9563     5.9537   3.420324   3.420177     2.7474     3.7283     0.6461    34.8533 7.6406e+02     168593         14  0.000e+00
     14.936     5.9563     5.9539   3.420311   3.420208     2.7474     3.7283     0.6461    34.8533 7.6406e+02     168594         14  0.000e+00
     14.936     5.9563     5.9541   3.420305   3.420208     2.7474     3.7283     0.6461    34.8532 7.6630e+02     168595         14  0.000e+00
     14.936     5.9562     5.9545   3.420285   3.420208     2.7474     3.7283     0.6413    34.8531 7.6406e+02     168596         14  0.000e+00
     14.872     5.9562     5.9544   3.420260   3.420208     2.7474     3.7283     0.6461    34.8529 7.6406e+02     168597         14  0.000e+00
     14.880     5.9562     5.9541   3.420266   3.420208     2.7474     3.7283     0.6413    34.8529 7.6406e+02     168598         14  0.000e+00
      4.950     5.9947     6.0013   3.423446   3.424168     2.7627     2.3217     0.6755    34.8544 7.5282e+02     170927         15  0.000e+00
      4.950     5.9952     5.9996   3.423504   3.424137     2.7627     2.3217     0.6755    34.8545 7.5282e+02     170928         15  0.000e+00
      5.006     5.9968     5.9990   3.423555   3.424028     2.7627     2.3217     0.6755    34.8534 7.5057e+02     170929         15  0.000e+00
      5.126     5.9971     5.9984   3.423587   3.423888     2.7627     2.3608     0.6755    34.8534 7.5282e+02     170930         15  0.000e+00
      4.894     5.9971     5.9974   3.423600   3.423888     2.7627     2.5366     0.6803    34.8536 7.5282e+02     170931         15  0.000e+00
      4.950     5.9971     5.9968   3.423593   3.423809     2.7627     2.5952     0.6803    34.8535 7.5057e+02     170932         15  0.000e+00
      4.950     5.9966     5.9966   3.423555   3.423736     2.7627     2.5952     0.6803    34.8536 7.5282e+02     170933         15  0.000e+00
      5.006     5.9965     5.9964   3.423536   3.423736     2.7627     2.5757     0.6803    34.8535 7.5282e+02     170934         15  0.000e+00
      4.950     5.9976     5.9958   3.423581   3.423657     2.7627     2.5757     0.6803    34.8529 7.5282e+02     170935         15  0.000e+00
      4.894     5.9989     5.9953   3.423664   3.423669     2.7627     2.5757     0.6803    34.8525 7.5057e+02     170936         15  0.000e+00
      4.950     5.9984     5.9961   3.423645   3.423608     2.7627     2.5757     0.6803    34.8528 7.5282e+02     170937         15  0.000e+00
      4.894     5.9974     5.9972   3.423561   3.423626     2.7627     2.5757     0.6803    34.8529 7.5057e+02     170938         15  0.000e+00
      4.894     5.9968     5.9979   3.423497   3.423699     2.7627     2.5757     0.6803    34.8528 7.5057e+02     170939         15  0.000e+00
      4.894     5.9962     5.9980   3.423452   3.423797     2.7627     2.5757     0.6803    34.8529 7.5057e+02     170940         15  0.000e+00
      4.894     5.9949     5.9983   3.423401   3.423857     2.7627     2.5757     0.6803    34.8537 7.5057e+02     170941         15  0.000e+00
      4.838     5.9947     5.9984   3.423401   3.423870     2.7627     2.5757     0.6803    34.8539 7.5057e+02     170942         15  0.000e+00
      4.894     5.9957     5.9997   3.423452   3.423827     2.7627     2.5952     0.6803    34.8535 7.5057e+02     170943         15  0.000e+00
      4.830     5.9953     6.0002   3.423407   3.423949     2.7627     2.5757     0.6803    34.8534 7.5282e+02     170944         15  0.000e+00
      4.830     5.9931     5.9992   3.423266   3.424028     2.7627     2.5757     0.6803    34.8541 7.5057e+02     170945         15  0.000e+00
      4.838     5.9913     5.9991   3.423131   3.423949     2.7627     2.5757     0.6803    34.8544 7.5057e+02     170946         15  0.000e+00
      4.773     5.9908     5.9998   3.423061   3.423918     2.7627     2.5757     0.6803    34.8541 7.5057e+02     170947         15  0.000e+00
      4.830     5.9905     6.0004   3.423067   3.423961     2.7627     2.5757     0.6803    34.8545 7.5057e+02     170948         15  0.000e+00
      4.773     5.9906     6.0001   3.423074   3.423979     2.7627     2.5757     0.6803    34.8544 7.5057e+02     170949         15  0.000e+00
      4.773     5.9911     5.9999   3.423067   3.424009     2.7627     2.5757     0.6803    34.8539 7.5282e+02     170950         15  0.000e+00
      4.773     5.9911     5.9998   3.423054   3.423997     2.7627     2.5757     0.6803    34.8537 7.5057e+02     170951         15  0.000e+00
      4.717     5.9908     5.9996   3.423041   3.423949     2.7627     2.5757     0.6803    34.8539 7.5057e+02     170952         15  0.000e+00
      4.717     5.9906     5.9993   3.423022   3.423857     2.7627     2.5757     0.6803    34.8539 7.5057e+02     170953         15  0.000e+00
      4.717     5.9908     5.9993   3.423054   3.423900     2.7627     2.5757     0.6803    34.8541 7.5057e+02     170954         15  0.000e+00
      4.717     5.9906     5.9984   3.423093   3.423857     2.7627     2.4389     0.6608    34.8547 7.5057e+02     170955         15  0.000e+00
      4.717     5.9906     5.9987   3.423125   3.423888     2.7627     2.3412     0.6559    34.8550 7.5057e+02     170956         15  0.000e+00
      4.597     5.9913     5.9986   3.423183   3.423870     2.7627     2.3412     0.6510    34.8551 7.5057e+02     170957         15  0.000e+00
      4.653     5.9923     5.9989   3.423215   3.423888     2.7627     2.3412     0.6510    34.8544 7.5057e+02     170958         15  0.000e+00
      4.653     5.9935     5.9986   3.423272   3.423888     2.7627     2.3608     0.6510    34.8538 7.5057e+02     170959         15  0.000e+00
      4.661     5.9944     5.9989   3.423356   3.423870     2.7615     2.3608     0.6510    34.8539 7.5282e+02     170960         15  0.000e+00
      4.597     5.9946     5.9988   3.423401   3.423888     2.7627     2.3608     0.6510    34.8542 7.5057e+02     170961         15  0.000e+00
      4.597     5.9944     5.9993   3.423407   3.423888     2.7627     2.3608     0.6510    34.8545 7.5057e+02     170962         15  0.000e+00
      4.597     5.9944     5.9991   3.423433   3.423930     2.7615     2.3608     0.6510    34.8548 7.5057e+02     170963         15  0.000e+00
      4.533     5.9955     5.9997   3.423503   3.423979     2.7615     2.3608     0.6510    34.8544 7.5057e+02     170964         15  0.000e+00
      4.597     5.9960     5.9999   3.423555   3.423979     2.7615     2.3608     0.6510    34.8545 7.5057e+02     170965         15  0.000e+00
      4.533     5.9963     6.0005   3.423568   3.423997     2.7627     2.3608     0.6510    34.8543 7.5057e+02     170966         15  0.000e+00
      4.533     5.9963     6.0011   3.423606   3.424040     2.7615     2.3608     0.6510    34.8547 7.5057e+02     170967         15  0.000e+00
      4.533     5.9963     6.0020   3.423587   3.424137     2.7615     2.3608     0.6510    34.8545 7.5057e+02     170968         15  0.000e+00
      4.477     5.9967     6.0032   3.423568   3.424198     2.7615     2.3608     0.6510    34.8539 7.5057e+02     170969         15  0.000e+00
      4.533     5.9966     6.0033   3.423587   3.424180     2.7615     2.3608     0.6510    34.8542 7.5057e+02     170970         15  0.000e+00
      4.477     5.9965     6.0032   3.423574   3.424289     2.7615     2.3608     0.6510    34.8542 7.5057e+02     170971         15  0.000e+00
      4.477     5.9963     6.0038   3.423503   3.424228     2.7615     2.3608     0.6510    34.8536 7.5057e+02     170972         15  0.000e+00
      4.533     5.9960     6.0040   3.423497   3.424240     2.7615     2.3412     0.6510    34.8538 7.5057e+02     170973         15  0.000e+00
      4.421     5.9962     6.0043   3.423523   3.424319     2.7615     2.3608     0.6510    34.8540 7.5057e+02     170974         15  0.000e+00
      4.477     5.9965     6.0042   3.423536   3.424380     2.7615     2.3608     0.6510    34.8538 7.5057e+02     170975         15  0.000e+00
