Ship_data/Irminger/Irminger-5/ctd/process/ar30-03020.cnv
* Sea-Bird SBE 9 Data File:
* FileName = D:\Data\ar30-03020.hdr
* Software Version Seasave V 7.23.2
* Temperature SN = 4312
* Conductivity SN = 2148
* Number of Bytes Per Scan = 44
* Number of Voltage Words = 5
* Number of Scans Averaged by the Deck Unit = 1
* NMEA Latitude = 59 48.34 N
* NMEA Longitude = 040 16.94 W
* NMEA UTC (Time) = Jun 19 2018  11:50:34
** Cruise ID: ar30-03
** Chief Sci: Macdonald
** Station #: 020
** Site ID: Irminger 5 OSNAP M3
** Cast at OSNAP mooring M3
# nquan = 18
# nvalues = 5158                        
# units = specified
# name 0 = prDM: Pressure, Digiquartz [db]
# name 1 = t090C: Temperature [ITS-90, deg C]
# name 2 = t190C: Temperature, 2 [ITS-90, deg C]
# name 3 = c0S/m: Conductivity [S/m]
# name 4 = c1S/m: Conductivity, 2 [S/m]
# name 5 = sbeox0V: Oxygen raw, SBE 43 [V]
# name 6 = flECO-AFL: Fluorescence, WET Labs ECO-AFL/FL [mg/m^3]
# name 7 = turbWETntu0: Turbidity, WET Labs ECO [NTU]
# name 8 = sal00: Salinity, Practical [PSU]
# name 9 = spar: SPAR/Surface Irradiance
# name 10 = depSM: Depth [salt water, m], lat = 59.8057
# name 11 = sal00: Salinity, Practical [PSU]
# name 12 = sal11: Salinity, Practical, 2 [PSU]
# name 13 = sbeox0ML/L: Oxygen, SBE 43 [ml/l], WS = 2
# name 14 = svCM: Sound Velocity [Chen-Millero, m/s]
# name 15 = sigma-é00: Density [sigma-theta, kg/m^3]
# name 16 = sigma-é11: Density, 2 [sigma-theta, kg/m^3]
# name 17 = flag: flag
# span 0 =      4.000,   2583.000       
# span 1 =     1.3956,     6.0304       
# span 2 =     1.3965,     6.0312       
# span 3 =   3.124758,   3.426678       
# span 4 =   3.124906,   3.426858       
# span 5 =     1.7955,     2.7680       
# span 6 =    -0.4235,     6.2355       
# span 7 =     0.3411,     0.7872       
# span 8 =    34.8407,    34.9288       
# span 9 = 5.2694e+02, 9.4977e+02       
# span 10 =      3.962,   2543.051      
# span 11 =    34.8384,    34.9288      
# span 12 =    34.8546,    34.9294      
# span 13 =     5.8909,     7.1346      
# span 14 =    1469.53,    1499.98      
# span 15 =    27.4340,    27.9398      
# span 16 =    27.4349,    27.9398      
# span 17 = 0.0000e+00, 0.0000e+00      
# interval = decibars: 1                
# start_time = Jun 19 2018 11:50:34 [System UTC, first data scan.]
# bad_flag = -9.990e-29
*END*
[from data line 1448]
   1453.000     3.5037     3.5039   3.266708   3.266775     2.0098    -0.3938     0.3585    34.9002 8.8980e+02   1434.321    34.9004    34.9011     6.0938    1488.40    27.7683    27.7688 0.0000e+00
   1454.000     3.5048     3.5049   3.266869   3.266942     2.0094    -0.3929     0.3468    34.9005 8.9326e+02   1435.305    34.9007    34.9015     6.0925    1488.42    27.7684    27.7690 0.0000e+00
   1455.000     3.5061     3.5062   3.267050   3.267131     2.0094    -0.3938     0.3532    34.9008 8.9891e+02   1436.289    34.9011    34.9019     6.0931    1488.44    27.7686    27.7693 0.0000e+00
   1456.000     3.5066     3.5068   3.267162   3.267242     2.0091    -0.3722     0.3561    34.9010 9.0247e+02   1437.272    34.9013    34.9020     6.0926    1488.46    27.7688    27.7693 0.0000e+00
   1457.000     3.5079     3.5081   3.267344   3.267429     2.0082    -0.3810     0.3546    34.9014 8.9993e+02   1438.256    34.9016    34.9024     6.0896    1488.48    27.7689    27.7695 0.0000e+00
   1458.000     3.5081     3.5082   3.267407   3.267483     2.0071    -0.4083     0.3517    34.9015 8.9357e+02   1439.240    34.9016    34.9024     6.0860    1488.50    27.7689    27.7695 0.0000e+00
   1459.000     3.5092     3.5094   3.267603   3.267673     2.0067    -0.3888     0.3554    34.9018 8.9011e+02   1440.224    34.9024    34.9029     6.0847    1488.52    27.7694    27.7698 0.0000e+00
   1460.000     3.5118     3.5118   3.267960   3.267994     2.0060    -0.3735     0.3489    34.9028 8.9113e+02   1441.207    34.9033    34.9037     6.0824    1488.55    27.7699    27.7702 0.0000e+00
   1461.000     3.5133     3.5134   3.268137   3.268217     2.0057    -0.3907     0.3550    34.9031 8.9366e+02   1442.191    34.9034    34.9042     6.0815    1488.57    27.7698    27.7704 0.0000e+00
   1462.000     3.5133     3.5135   3.268192   3.268265     2.0047    -0.3928     0.3522    34.9032 8.9627e+02   1443.175    34.9035    34.9042     6.0781    1488.59    27.7699    27.7704 0.0000e+00
   1463.000     3.5135     3.5136   3.268242   3.268325     2.0044    -0.3937     0.3523    34.9032 8.9911e+02   1444.158    34.9034    34.9042     6.0779    1488.61    27.7698    27.7705 0.0000e+00
   1464.000     3.5137     3.5139   3.268309   3.268390     2.0036    -0.3938     0.3551    34.9032 9.0245e+02   1445.142    34.9035    34.9042     6.0753    1488.63    27.7698    27.7704 0.0000e+00
   1465.000     3.5142     3.5143   3.268406   3.268487     2.0027    -0.3784     0.3511    34.9034 9.0543e+02   1446.126    34.9036    34.9044     6.0726    1488.65    27.7700    27.7706 0.0000e+00
   1466.000     3.5148     3.5149   3.268530   3.268605     2.0021    -0.3919     0.3547    34.9038 9.0555e+02   1447.109    34.9040    34.9048     6.0705    1488.66    27.7702    27.7708 0.0000e+00
   1467.000     3.5149     3.5150   3.268595   3.268680     2.0018    -0.3901     0.3512    34.9039 9.0368e+02   1448.093    34.9041    34.9050     6.0702    1488.68    27.7703    27.7710 0.0000e+00
   1468.000     3.5150     3.5152   3.268656   3.268735     2.0013    -0.3469     0.3545    34.9040 9.0326e+02   1449.077    34.9042    34.9050     6.0692    1488.70    27.7704    27.7710 0.0000e+00
   1469.000     3.5152     3.5154   3.268744   3.268811     2.0009    -0.3799     0.3504    34.9043 9.0276e+02   1450.061    34.9046    34.9052     6.0683    1488.72    27.7706    27.7711 0.0000e+00
   1470.000     3.5157     3.5159   3.268822   3.268900     2.0005    -0.3936     0.3516    34.9043 9.0197e+02   1451.044    34.9045    34.9052     6.0672    1488.74    27.7705    27.7711 0.0000e+00
   1471.000     3.5164     3.5166   3.268965   3.269044     1.9997    -0.3938     0.3537    34.9047 9.0201e+02   1452.028    34.9049    34.9057     6.0645    1488.76    27.7708    27.7714 0.0000e+00
   1472.000     3.5173     3.5174   3.269087   3.269170     1.9992    -0.3856     0.3514    34.9047 9.0415e+02   1453.012    34.9050    34.9058     6.0633    1488.78    27.7708    27.7714 0.0000e+00
   1473.000     3.5177     3.5177   3.269167   3.269239     1.9980    -0.3709     0.3557    34.9048 9.0812e+02   1453.995    34.9050    34.9058     6.0590    1488.79    27.7708    27.7714 0.0000e+00
   1474.000     3.5183     3.5184   3.269302   3.269362     1.9972    -0.3646     0.3560    34.9051 9.0990e+02   1454.979    34.9054    34.9061     6.0566    1488.81    27.7711    27.7715 0.0000e+00
   1475.000     3.5192     3.5193   3.269439   3.269510     1.9964    -0.3845     0.3569    34.9054 9.1061e+02   1455.963    34.9057    34.9063     6.0539    1488.84    27.7712    27.7717 0.0000e+00
   1476.000     3.5195     3.5197   3.269506   3.269589     1.9960    -0.3790     0.3551    34.9055 9.1220e+02   1456.946    34.9056    34.9064     6.0530    1488.85    27.7711    27.7717 0.0000e+00
   1477.000     3.5200     3.5201   3.269620   3.269693     1.9952    -0.3719     0.3556    34.9057 9.1246e+02   1457.930    34.9059    34.9067     6.0505    1488.87    27.7713    27.7719 0.0000e+00
   1478.000     3.5202     3.5204   3.269685   3.269765     1.9948    -0.3712     0.3459    34.9058 9.1094e+02   1458.914    34.9060    34.9067     6.0497    1488.89    27.7714    27.7719 0.0000e+00
   1479.000     3.5207     3.5209   3.269796   3.269870     1.9947    -0.3706     0.3458    34.9060 9.0879e+02   1459.897    34.9063    34.9070     6.0498    1488.91    27.7715    27.7721 0.0000e+00
   1480.000     3.5212     3.5213   3.269887   3.269965     1.9947    -0.3722     0.3496    34.9061 9.0619e+02   1460.881    34.9064    34.9071     6.0506    1488.93    27.7716    27.7722 0.0000e+00
   1481.000     3.5217     3.5219   3.269985   3.270066     1.9946    -0.3912     0.3500    34.9063 9.0619e+02   1461.864    34.9065    34.9072     6.0508    1488.95    27.7716    27.7722 0.0000e+00
   1482.000     3.5221     3.5222   3.270064   3.270143     1.9938    -0.3906     0.3495    34.9064 9.1080e+02   1462.848    34.9065    34.9073     6.0484    1488.97    27.7716    27.7723 0.0000e+00
   1483.000     3.5222     3.5224   3.270123   3.270209     1.9931    -0.3797     0.3501    34.9065 9.1819e+02   1463.832    34.9066    34.9075     6.0462    1488.98    27.7717    27.7724 0.0000e+00
   1484.000     3.5223     3.5224   3.270177   3.270262     1.9924    -0.3576     0.3544    34.9065 9.2151e+02   1464.815    34.9067    34.9075     6.0442    1489.00    27.7718    27.7724 0.0000e+00
   1485.000     3.5223     3.5226   3.270226   3.270309     1.9923    -0.3589     0.3533    34.9066 9.2160e+02   1465.799    34.9067    34.9075     6.0445    1489.02    27.7718    27.7724 0.0000e+00
   1486.000     3.5226     3.5228   3.270310   3.270388     1.9918    -0.3708     0.3518    34.9067 9.1679e+02   1466.782    34.9069    34.9077     6.0434    1489.04    27.7719    27.7725 0.0000e+00
   1487.000     3.5232     3.5233   3.270422   3.270500     1.9913    -0.3682     0.3545    34.9070 9.1055e+02   1467.766    34.9072    34.9079     6.0418    1489.05    27.7721    27.7727 0.0000e+00
   1488.000     3.5238     3.5239   3.270550   3.270620     1.9912    -0.3753     0.3526    34.9073 9.0619e+02   1468.750    34.9076    34.9082     6.0420    1489.07    27.7723    27.7729 0.0000e+00
   1489.000     3.5243     3.5245   3.270664   3.270738     1.9911    -0.3938     0.3563    34.9076 9.0642e+02   1469.733    34.9078    34.9085     6.0424    1489.09    27.7725    27.7730 0.0000e+00
   1490.000     3.5251     3.5252   3.270797   3.270869     1.9905    -0.3929     0.3550    34.9078 9.1065e+02   1470.717    34.9081    34.9088     6.0405    1489.11    27.7726    27.7732 0.0000e+00
   1491.000     3.5258     3.5259   3.270920   3.270982     1.9899    -0.3885     0.3501    34.9080 9.1832e+02   1471.700    34.9083    34.9089     6.0389    1489.13    27.7727    27.7733 0.0000e+00
   1492.000     3.5267     3.5268   3.271055   3.271143     1.9886    -0.3828     0.3495    34.9084 9.2614e+02   1472.684    34.9085    34.9094     6.0344    1489.15    27.7729    27.7735 0.0000e+00
   1493.000     3.5268     3.5269   3.271132   3.271205     1.9880    -0.3767     0.3551    34.9086 9.2507e+02   1473.667    34.9088    34.9095     6.0324    1489.17    27.7731    27.7736 0.0000e+00
   1494.000     3.5274     3.5277   3.271245   3.271328     1.9875    -0.3710     0.3562    34.9087 9.2108e+02   1474.651    34.9089    34.9097     6.0312    1489.19    27.7732    27.7737 0.0000e+00
   1495.000     3.5277     3.5279   3.271309   3.271402     1.9874    -0.3720     0.3540    34.9088 9.1707e+02   1475.635    34.9090    34.9099     6.0316    1489.21    27.7732    27.7739 0.0000e+00
   1496.000     3.5282     3.5284   3.271428   3.271501     1.9864    -0.3934     0.3509    34.9090 9.1414e+02   1476.618    34.9094    34.9100     6.0283    1489.23    27.7734    27.7739 0.0000e+00
   1497.000     3.5291     3.5292   3.271604   3.271660     1.9864    -0.3721     0.3547    34.9097 9.1319e+02   1477.602    34.9099    34.9105     6.0285    1489.25    27.7738    27.7743 0.0000e+00
   1498.000     3.5298     3.5300   3.271716   3.271803     1.9862    -0.3862     0.3509    34.9099 9.1509e+02   1478.585    34.9101    34.9109     6.0285    1489.27    27.7739    27.7745 0.0000e+00
   1499.000     3.5306     3.5308   3.271848   3.271932     1.9852    -0.3856     0.3559    34.9101 9.2174e+02   1479.569    34.9103    34.9111     6.0253    1489.29    27.7740    27.7746 0.0000e+00
   1500.000     3.5313     3.5314   3.271986   3.272062     1.9844    -0.3681     0.3558    34.9106 9.2339e+02   1480.552    34.9107    34.9114     6.0224    1489.31    27.7742    27.7748 0.0000e+00
   1501.000     3.5313     3.5315   3.272048   3.272120     1.9839    -0.3897     0.3507    34.9107 9.1875e+02   1481.536    34.9109    34.9115     6.0210    1489.33    27.7744    27.7749 0.0000e+00
   1502.000     3.5315     3.5316   3.272097   3.272180     1.9837    -0.3939     0.3500    34.9107 9.1382e+02   1482.519    34.9108    34.9117     6.0212    1489.34    27.7743    27.7750 0.0000e+00
   1503.000     3.5314     3.5316   3.272150   3.272223     1.9834    -0.3924     0.3500    34.9108 9.1006e+02   1483.503    34.9110    34.9117     6.0209    1489.36    27.7745    27.7751 0.0000e+00
   1504.000     3.5314     3.5316   3.272202   3.272275     1.9829    -0.3753     0.3507    34.9110 9.0913e+02   1484.486    34.9111    34.9118     6.0194    1489.38    27.7746    27.7751 0.0000e+00
   1505.000     3.5316     3.5318   3.272276   3.272351     1.9826    -0.3800     0.3525    34.9112 9.1213e+02   1485.470    34.9114    34.9120     6.0192    1489.40    27.7748    27.7753 0.0000e+00
   1506.000     3.5320     3.5322   3.272353   3.272435     1.9822    -0.3916     0.3555    34.9112 9.2131e+02   1486.453    34.9113    34.9121     6.0181    1489.41    27.7747    27.7753 0.0000e+00
   1507.000     3.5324     3.5326   3.272434   3.272513     1.9811    -0.3856     0.3517    34.9112 9.3738e+02   1487.437    34.9113    34.9121     6.0142    1489.43    27.7747    27.7753 0.0000e+00
   1508.000     3.5325     3.5327   3.272506   3.272580     1.9801    -0.3720     0.3515    34.9115 9.3072e+02   1488.421    34.9116    34.9124     6.0109    1489.45    27.7749    27.7755 0.0000e+00
   1509.000     3.5326     3.5328   3.272574   3.272649     1.9794    -0.3719     0.3553    34.9117 9.1838e+02   1489.404    34.9118    34.9126     6.0089    1489.47    27.7751    27.7757 0.0000e+00
   1510.000     3.5329     3.5330   3.272667   3.272725     1.9790    -0.3729     0.3560    34.9119 9.0952e+02   1490.387    34.9121    34.9127     6.0079    1489.49    27.7753    27.7757 0.0000e+00
   1511.000     3.5334     3.5336   3.272757   3.272834     1.9780    -0.3714     0.3577    34.9121 9.0352e+02   1491.371    34.9122    34.9129     6.0047    1489.50    27.7753    27.7759 0.0000e+00
   1512.000     3.5334     3.5336   3.272805   3.272886     1.9778    -0.3713     0.3550    34.9121 9.0128e+02   1492.354    34.9122    34.9130     6.0045    1489.52    27.7753    27.7759 0.0000e+00
   1513.000     3.5333     3.5336   3.272835   3.272919     1.9778    -0.3742     0.3489    34.9121 9.0183e+02   1493.338    34.9122    34.9129     6.0053    1489.54    27.7753    27.7759 0.0000e+00
   1514.000     3.5333     3.5336   3.272875   3.272949     1.9777    -0.3727     0.3501    34.9121 9.0796e+02   1494.321    34.9122    34.9128     6.0059    1489.55    27.7753    27.7758 0.0000e+00
   1515.000     3.5339     3.5339   3.272937   3.273014     1.9769    -0.3836     0.3522    34.9118 9.3482e+02   1495.305    34.9118    34.9128     6.0031    1489.57    27.7750    27.7757 0.0000e+00
   1516.000     3.5334     3.5336   3.272966   3.273056     1.9762    -0.3933     0.3562    34.9121 9.4440e+02   1496.288    34.9122    34.9131     6.0011    1489.59    27.7754    27.7760 0.0000e+00
   1517.000     3.5335     3.5337   3.273011   3.273088     1.9755    -0.3938     0.3546    34.9120 9.4074e+02   1497.272    34.9121    34.9129     5.9993    1489.61    27.7753    27.7759 0.0000e+00
   1518.000     3.5337     3.5338   3.273094   3.273167     1.9754    -0.3916     0.3509    34.9123 9.3406e+02   1498.255    34.9125    34.9131     5.9993    1489.62    27.7756    27.7761 0.0000e+00
   1519.000     3.5342     3.5345   3.273225   3.273306     1.9753    -0.3927     0.3549    34.9127 9.2556e+02   1499.239    34.9129    34.9136     5.9997    1489.64    27.7759    27.7764 0.0000e+00
   1520.000     3.5350     3.5353   3.273385   3.273462     1.9749    -0.3928     0.3558    34.9133 9.1414e+02   1500.222    34.9135    34.9141     5.9987    1489.66    27.7763    27.7767 0.0000e+00
   1521.000     3.5356     3.5359   3.273479   3.273564     1.9742    -0.3938     0.3562    34.9133 9.0503e+02   1501.206    34.9134    34.9142     5.9966    1489.68    27.7762    27.7768 0.0000e+00
   1522.000     3.5358     3.5359   3.273537   3.273612     1.9734    -0.3792     0.3521    34.9134 9.0648e+02   1502.189    34.9135    34.9142     5.9942    1489.70    27.7762    27.7768 0.0000e+00
   1523.000     3.5355     3.5357   3.273564   3.273658     1.9729    -0.3856     0.3568    34.9135 9.1746e+02   1503.172    34.9136    34.9145     5.9928    1489.72    27.7763    27.7770 0.0000e+00
   1524.000     3.5351     3.5353   3.273598   3.273674     1.9723    -0.3939     0.3528    34.9138 9.2490e+02   1504.156    34.9139    34.9146     5.9914    1489.73    27.7766    27.7772 0.0000e+00
   1525.000     3.5350     3.5352   3.273633   3.273715     1.9720    -0.3938     0.3517    34.9139 9.3039e+02   1505.139    34.9140    34.9147     5.9906    1489.75    27.7767    27.7773 0.0000e+00
   1526.000     3.5348     3.5350   3.273654   3.273732     1.9717    -0.3938     0.3506    34.9139 9.3692e+02   1506.123    34.9139    34.9147     5.9905    1489.76    27.7767    27.7773 0.0000e+00
   1527.000     3.5345     3.5346   3.273649   3.273743     1.9717    -0.3885     0.3511    34.9138 9.3998e+02   1507.106    34.9137    34.9147     5.9913    1489.78    27.7766    27.7773 0.0000e+00
   1528.000     3.5332     3.5334   3.273589   3.273676     1.9717    -0.3850     0.3512    34.9138 9.3030e+02   1508.089    34.9138    34.9147     5.9923    1489.79    27.7768    27.7774 0.0000e+00
   1529.000     3.5327     3.5330   3.273604   3.273700     1.9715    -0.4135     0.3512    34.9141 9.1417e+02   1509.073    34.9140    34.9149     5.9922    1489.80    27.7770    27.7777 0.0000e+00
   1530.000     3.5324     3.5327   3.273655   3.273739     1.9710    -0.3927     0.3516    34.9144 9.1094e+02   1510.056    34.9145    34.9152     5.9909    1489.82    27.7774    27.7780 0.0000e+00
   1531.000     3.5328     3.5329   3.273738   3.273813     1.9705    -0.3938     0.3549    34.9145 9.0836e+02   1511.040    34.9145    34.9154     5.9898    1489.84    27.7774    27.7781 0.0000e+00
