Ship_data/Irminger/Irminger-5/ctd/process/ar30-03006.cnv
* Sea-Bird SBE 9 Data File:
* FileName = D:\Data\ar30-03006.hdr
* Software Version Seasave V 7.23.2
* Temperature SN = 4312
* Conductivity SN = 2148
* Number of Bytes Per Scan = 44
* Number of Voltage Words = 5
* Number of Scans Averaged by the Deck Unit = 1
* NMEA Latitude = 59 57.97 N
* NMEA Longitude = 039 30.98 W
* NMEA UTC (Time) = Jun 09 2018  13:38:40
** Cruise ID: ar30-03
** Chief Sci: Macdonald
** Station #: 006
** Site ID: Irminger 5 HYPM
** ctd cast at HYPM site with 3 bottom releases tested
# nquan = 18
# nvalues = 5373                        
# units = specified
# name 0 = prDM: Pressure, Digiquartz [db]
# name 1 = t090C: Temperature [ITS-90, deg C]
# name 2 = t190C: Temperature, 2 [ITS-90, deg C]
# name 3 = c0S/m: Conductivity [S/m]
# name 4 = c1S/m: Conductivity, 2 [S/m]
# name 5 = sbeox0V: Oxygen raw, SBE 43 [V]
# name 6 = flECO-AFL: Fluorescence, WET Labs ECO-AFL/FL [mg/m^3]
# name 7 = turbWETntu0: Turbidity, WET Labs ECO [NTU]
# name 8 = sal00: Salinity, Practical [PSU]
# name 9 = spar: SPAR/Surface Irradiance
# name 10 = depSM: Depth [salt water, m], lat = 59.9662
# name 11 = sal00: Salinity, Practical [PSU]
# name 12 = sal11: Salinity, Practical, 2 [PSU]
# name 13 = sbeox0ML/L: Oxygen, SBE 43 [ml/l], WS = 2
# name 14 = svCM: Sound Velocity [Chen-Millero, m/s]
# name 15 = sigma-é00: Density [sigma-theta, kg/m^3]
# name 16 = sigma-é11: Density, 2 [sigma-theta, kg/m^3]
# name 17 = flag: flag
# span 0 =      5.000,   2691.000       
# span 1 =     1.5098,     5.9294       
# span 2 =     1.5108,     5.9286       
# span 3 =   3.139117,   3.419692       
# span 4 =   3.139142,   3.419692       
# span 5 =     1.7958,     2.7990       
# span 6 =    -0.4161,     5.3388       
# span 7 =     0.1764,     0.6723       
# span 8 =    34.8539,    34.9238       
# span 9 = 6.9941e+02, 1.1582e+03       
# span 10 =      4.953,   2648.683      
# span 11 =    34.8539,    34.9237      
# span 12 =    34.8529,    34.9234      
# span 13 =     5.9731,     7.2499      
# span 14 =    1472.68,    1500.67      
# span 15 =    27.4642,    27.9325      
# span 16 =    27.4651,    27.9317      
# span 17 = 0.0000e+00, 0.0000e+00      
# interval = decibars: 1                
# start_time = Jun 09 2018 13:38:40 [System UTC, first data scan.]
# bad_flag = -9.990e-29
*END*
[from data line 4101]
   1276.000     3.5297     3.5295   3.259888   3.259928     2.1335    -0.3700     0.3616    34.8805 8.8750e+02   1260.109    34.8805    34.8812     6.4405    1485.53    27.7485    27.7490 0.0000e+00
   1275.000     3.5299     3.5298   3.259864   3.259911     2.1339    -0.3758     0.3593    34.8805 8.8417e+02   1259.124    34.8805    34.8812     6.4411    1485.52    27.7484    27.7490 0.0000e+00
   1274.000     3.5297     3.5296   3.259813   3.259866     2.1340    -0.3808     0.3650    34.8805 8.8115e+02   1258.140    34.8806    34.8814     6.4409    1485.50    27.7485    27.7491 0.0000e+00
   1273.000     3.5297     3.5297   3.259774   3.259816     2.1340    -0.3850     0.3612    34.8806 8.7993e+02   1257.155    34.8806    34.8812     6.4401    1485.48    27.7485    27.7489 0.0000e+00
   1272.000     3.5309     3.5308   3.259843   3.259880     2.1344    -0.3895     0.3581    34.8806 8.7882e+02   1256.171    34.8807    34.8813     6.4402    1485.47    27.7484    27.7489 0.0000e+00
   1271.000     3.5323     3.5321   3.259934   3.259954     2.1346    -0.3683     0.3628    34.8807 8.7739e+02   1255.186    34.8808    34.8813     6.4401    1485.46    27.7484    27.7488 0.0000e+00
   1270.000     3.5329     3.5328   3.259949   3.259993     2.1351    -0.3663     0.3629    34.8808 8.7615e+02   1254.201    34.8809    34.8816     6.4410    1485.45    27.7484    27.7489 0.0000e+00
   1269.000     3.5333     3.5332   3.259955   3.259991     2.1352    -0.3890     0.3584    34.8809 8.7558e+02   1253.217    34.8810    34.8815     6.4408    1485.43    27.7484    27.7489 0.0000e+00
   1268.000     3.5341     3.5344   3.259984   3.260060     2.1352    -0.3737     0.3580    34.8808 8.7710e+02   1252.232    34.8810    34.8816     6.4395    1485.42    27.7484    27.7488 0.0000e+00
   1267.000     3.5348     3.5349   3.260013   3.260068     2.1352    -0.3718     0.3592    34.8810 8.8112e+02   1251.248    34.8811    34.8817     6.4388    1485.40    27.7484    27.7488 0.0000e+00
   1266.000     3.5355     3.5353   3.260043   3.260072     2.1352    -0.3913     0.3629    34.8810 8.8662e+02   1250.263    34.8813    34.8818     6.4379    1485.39    27.7484    27.7489 0.0000e+00
   1265.000     3.5365     3.5363   3.260097   3.260133     2.1353    -0.3914     0.3659    34.8811 8.9151e+02   1249.278    34.8813    34.8820     6.4371    1485.38    27.7483    27.7489 0.0000e+00
   1264.000     3.5374     3.5372   3.260153   3.260190     2.1354    -0.3927     0.3672    34.8814 8.9562e+02   1248.294    34.8815    34.8822     6.4363    1485.37    27.7484    27.7490 0.0000e+00
   1263.000     3.5373     3.5368   3.260100   3.260113     2.1358    -0.3817     0.3636    34.8814 8.9607e+02   1247.309    34.8815    34.8822     6.4371    1485.35    27.7484    27.7490 0.0000e+00
   1262.000     3.5362     3.5368   3.259943   3.260046     2.1364    -0.3942     0.3629    34.8812 8.8003e+02   1246.325    34.8813    34.8820     6.4389    1485.33    27.7483    27.7488 0.0000e+00
   1261.000     3.5389     3.5393   3.260147   3.260239     2.1364    -0.3826     0.3616    34.8813 8.6843e+02   1245.340    34.8814    34.8821     6.4378    1485.32    27.7481    27.7487 0.0000e+00
   1260.000     3.5401     3.5407   3.260259   3.260340     2.1370    -0.3687     0.3579    34.8815 8.6585e+02   1244.355    34.8820    34.8823     6.4390    1485.31    27.7485    27.7486 0.0000e+00
   1259.000     3.5420     3.5423   3.260386   3.260455     2.1368    -0.3854     0.3619    34.8816 8.6948e+02   1243.371    34.8819    34.8825     6.4370    1485.30    27.7482    27.7487 0.0000e+00
   1258.000     3.5426     3.5428   3.260394   3.260469     2.1372    -0.3873     0.3629    34.8818 8.7553e+02   1242.386    34.8820    34.8826     6.4377    1485.29    27.7482    27.7487 0.0000e+00
   1257.000     3.5434     3.5433   3.260453   3.260473     2.1371    -0.3536     0.3629    34.8820 8.8199e+02   1241.401    34.8823    34.8827     6.4363    1485.28    27.7484    27.7487 0.0000e+00
   1256.000     3.5445     3.5446   3.260509   3.260570     2.1375    -0.3594     0.3620    34.8820 8.8826e+02   1240.417    34.8823    34.8829     6.4370    1485.26    27.7483    27.7487 0.0000e+00
   1255.000     3.5449     3.5446   3.260501   3.260528     2.1375    -0.3793     0.3599    34.8822 8.9408e+02   1239.432    34.8823    34.8829     6.4361    1485.25    27.7482    27.7487 0.0000e+00
   1254.000     3.5437     3.5436   3.260343   3.260382     2.1376    -0.3799     0.3610    34.8821 8.9124e+02   1238.448    34.8822    34.8828     6.4358    1485.23    27.7482    27.7488 0.0000e+00
   1253.000     3.5444     3.5445   3.260364   3.260418     2.1377    -0.3680     0.3596    34.8821 8.7464e+02   1237.463    34.8822    34.8827     6.4349    1485.21    27.7482    27.7486 0.0000e+00
   1252.000     3.5452     3.5452   3.260384   3.260452     2.1378    -0.3718     0.3616    34.8820 8.7068e+02   1236.478    34.8822    34.8829     6.4346    1485.20    27.7481    27.7486 0.0000e+00
   1251.000     3.5456     3.5458   3.260394   3.260464     2.1381    -0.3774     0.3629    34.8822 8.7528e+02   1235.494    34.8823    34.8829     6.4349    1485.19    27.7481    27.7486 0.0000e+00
   1250.000     3.5460     3.5461   3.260390   3.260456     2.1388    -0.3828     0.3623    34.8822 8.8326e+02   1234.509    34.8824    34.8830     6.4367    1485.17    27.7481    27.7486 0.0000e+00
   1249.000     3.5473     3.5477   3.260493   3.260557     2.1388    -0.3713     0.3579    34.8824 8.8987e+02   1233.524    34.8827    34.8831     6.4356    1485.16    27.7483    27.7485 0.0000e+00
   1248.000     3.5482     3.5481   3.260520   3.260565     2.1391    -0.3807     0.3583    34.8824 8.9455e+02   1232.539    34.8826    34.8833     6.4356    1485.15    27.7481    27.7486 0.0000e+00
   1247.000     3.5490     3.5488   3.260554   3.260594     2.1396    -0.3839     0.3595    34.8825 8.9673e+02   1231.555    34.8827    34.8833     6.4368    1485.13    27.7480    27.7486 0.0000e+00
   1246.000     3.5490     3.5483   3.260518   3.260511     2.1399    -0.3827     0.3632    34.8826 8.9369e+02   1230.570    34.8827    34.8834     6.4369    1485.12    27.7481    27.7486 0.0000e+00
   1245.000     3.5486     3.5488   3.260422   3.260497     2.1401    -0.3822     0.3669    34.8824 8.8578e+02   1229.585    34.8825    34.8832     6.4371    1485.10    27.7480    27.7484 0.0000e+00
   1244.000     3.5497     3.5497   3.260488   3.260543     2.1406    -0.3728     0.3621    34.8825 8.8312e+02   1228.601    34.8826    34.8833     6.4379    1485.09    27.7479    27.7485 0.0000e+00
   1243.000     3.5498     3.5499   3.260457   3.260525     2.1407    -0.3924     0.3578    34.8826 8.8316e+02   1227.616    34.8827    34.8834     6.4377    1485.07    27.7480    27.7485 0.0000e+00
   1242.000     3.5502     3.5503   3.260458   3.260519     2.1413    -0.3891     0.3580    34.8825 8.8482e+02   1226.631    34.8828    34.8834     6.4389    1485.06    27.7480    27.7485 0.0000e+00
   1241.000     3.5514     3.5516   3.260539   3.260602     2.1412    -0.3887     0.3580    34.8827 8.8936e+02   1225.647    34.8829    34.8835     6.4377    1485.04    27.7480    27.7484 0.0000e+00
   1240.000     3.5522     3.5520   3.260563   3.260609     2.1416    -0.3831     0.3597    34.8828 8.9451e+02   1224.662    34.8829    34.8836     6.4382    1485.03    27.7479    27.7484 0.0000e+00
   1239.000     3.5524     3.5522   3.260541   3.260591     2.1420    -0.3672     0.3630    34.8829 8.9750e+02   1223.677    34.8830    34.8837     6.4389    1485.02    27.7479    27.7485 0.0000e+00
   1238.000     3.5521     3.5519   3.260472   3.260515     2.1424    -0.3670     0.3630    34.8829 8.9678e+02   1222.692    34.8830    34.8837     6.4398    1485.00    27.7479    27.7485 0.0000e+00
   1237.000     3.5519     3.5523   3.260400   3.260503     2.1426    -0.3799     0.3629    34.8827 8.9479e+02   1221.708    34.8828    34.8836     6.4396    1484.98    27.7478    27.7483 0.0000e+00
   1236.000     3.5529     3.5527   3.260450   3.260494     2.1433    -0.3917     0.3657    34.8828 8.9085e+02   1220.723    34.8829    34.8836     6.4413    1484.97    27.7477    27.7483 0.0000e+00
   1235.000     3.5531     3.5530   3.260438   3.260484     2.1434    -0.3926     0.3678    34.8830 8.8832e+02   1219.738    34.8830    34.8836     6.4407    1484.95    27.7478    27.7483 0.0000e+00
   1234.000     3.5534     3.5537   3.260417   3.260498     2.1437    -0.3911     0.3576    34.8829 8.8763e+02   1218.753    34.8830    34.8836     6.4411    1484.94    27.7478    27.7482 0.0000e+00
   1233.000     3.5544     3.5543   3.260489   3.260525     2.1437    -0.3899     0.3603    34.8830 8.8765e+02   1217.769    34.8833    34.8838     6.4400    1484.92    27.7479    27.7483 0.0000e+00
   1232.000     3.5550     3.5550   3.260492   3.260552     2.1437    -0.3926     0.3629    34.8831 8.8892e+02   1216.784    34.8831    34.8839     6.4390    1484.91    27.7477    27.7483 0.0000e+00
   1231.000     3.5549     3.5547   3.260447   3.260492     2.1437    -0.3902     0.3629    34.8831 8.9089e+02   1215.799    34.8832    34.8839     6.4384    1484.89    27.7478    27.7484 0.0000e+00
   1230.000     3.5545     3.5543   3.260369   3.260415     2.1446    -0.3920     0.3629    34.8832 8.9876e+02   1214.814    34.8832    34.8839     6.4412    1484.88    27.7478    27.7484 0.0000e+00
   1229.000     3.5545     3.5547   3.260322   3.260380     2.1451    -0.3891     0.3596    34.8831 9.0026e+02   1213.830    34.8831    34.8837     6.4422    1484.86    27.7477    27.7482 0.0000e+00
   1228.000     3.5548     3.5549   3.260305   3.260369     2.1454    -0.3851     0.3592    34.8832 8.9679e+02   1212.845    34.8832    34.8838     6.4426    1484.84    27.7477    27.7482 0.0000e+00
   1227.000     3.5550     3.5550   3.260278   3.260338     2.1458    -0.3721     0.3628    34.8831 8.9320e+02   1211.860    34.8832    34.8839     6.4431    1484.83    27.7477    27.7483 0.0000e+00
   1226.000     3.5554     3.5556   3.260289   3.260337     2.1458    -0.3825     0.3663    34.8832 8.9216e+02   1210.875    34.8833    34.8837     6.4424    1484.81    27.7477    27.7481 0.0000e+00
   1225.000     3.5565     3.5564   3.260358   3.260394     2.1457    -0.3887     0.3678    34.8833 8.9276e+02   1209.891    34.8835    34.8841     6.4411    1484.80    27.7478    27.7482 0.0000e+00
   1224.000     3.5573     3.5571   3.260381   3.260425     2.1459    -0.3698     0.3584    34.8834 8.9530e+02   1208.906    34.8834    34.8841     6.4408    1484.79    27.7477    27.7482 0.0000e+00
   1223.000     3.5572     3.5571   3.260331   3.260387     2.1460    -0.3834     0.3610    34.8834 8.9894e+02   1207.921    34.8834    34.8842     6.4403    1484.77    27.7476    27.7483 0.0000e+00
   1222.000     3.5576     3.5569   3.260328   3.260325     2.1461    -0.3795     0.3660    34.8834 9.0054e+02   1206.936    34.8835    34.8842     6.4396    1484.76    27.7477    27.7483 0.0000e+00
   1221.000     3.5566     3.5568   3.260206   3.260269     2.1460    -0.3923     0.3643    34.8835 8.9637e+02   1205.951    34.8836    34.8842     6.4389    1484.74    27.7478    27.7483 0.0000e+00
   1220.000     3.5585     3.5586   3.260316   3.260388     2.1462    -0.3687     0.3629    34.8834 8.9916e+02   1204.966    34.8834    34.8842     6.4383    1484.73    27.7475    27.7481 0.0000e+00
   1219.000     3.5588     3.5590   3.260314   3.260380     2.1470    -0.3694     0.3629    34.8835 9.0161e+02   1203.982    34.8836    34.8842     6.4406    1484.71    27.7476    27.7481 0.0000e+00
   1218.000     3.5595     3.5595   3.260337   3.260391     2.1472    -0.3902     0.3629    34.8835 9.0372e+02   1202.997    34.8836    34.8843     6.4404    1484.70    27.7475    27.7481 0.0000e+00
   1217.000     3.5594     3.5593   3.260300   3.260348     2.1468    -0.3824     0.3618    34.8838 9.0333e+02   1202.012    34.8838    34.8845     6.4380    1484.68    27.7477    27.7482 0.0000e+00
   1216.000     3.5614     3.5614   3.260453   3.260514     2.1473    -0.3736     0.3629    34.8840 8.9542e+02   1201.027    34.8840    34.8847     6.4388    1484.67    27.7476    27.7482 0.0000e+00
   1215.000     3.5623     3.5623   3.260500   3.260553     2.1466    -0.3736     0.3632    34.8841 9.1947e+02   1200.042    34.8841    34.8848     6.4348    1484.66    27.7476    27.7481 0.0000e+00
   1214.000     3.5623     3.5623   3.260446   3.260500     2.1477    -0.3903     0.3680    34.8840 9.1391e+02   1199.057    34.8840    34.8846     6.4386    1484.64    27.7475    27.7480 0.0000e+00
   1213.000     3.5622     3.5622   3.260400   3.260445     2.1476    -0.3919     0.3639    34.8840 9.1426e+02   1198.073    34.8840    34.8846     6.4372    1484.63    27.7475    27.7480 0.0000e+00
   1212.000     3.5621     3.5621   3.260347   3.260402     2.1476    -0.3925     0.3629    34.8840 9.1168e+02   1197.088    34.8840    34.8847     6.4364    1484.61    27.7475    27.7481 0.0000e+00
   1211.000     3.5622     3.5622   3.260302   3.260357     2.1477    -0.3852     0.3597    34.8839 9.0775e+02   1196.103    34.8839    34.8846     6.4361    1484.59    27.7474    27.7480 0.0000e+00
   1210.000     3.5628     3.5627   3.260321   3.260370     2.1486    -0.3708     0.3606    34.8839 9.0695e+02   1195.118    34.8840    34.8847     6.4384    1484.58    27.7474    27.7480 0.0000e+00
   1209.000     3.5632     3.5633   3.260323   3.260381     2.1491    -0.3822     0.3612    34.8840 9.0750e+02   1194.133    34.8840    34.8846     6.4396    1484.56    27.7474    27.7479 0.0000e+00
   1208.000     3.5646     3.5644   3.260421   3.260448     2.1501    -0.3821     0.3609    34.8841 9.0950e+02   1193.148    34.8843    34.8848     6.4422    1484.55    27.7475    27.7479 0.0000e+00
   1207.000     3.5669     3.5670   3.260595   3.260660     2.1501    -0.3686     0.3595    34.8841 9.1359e+02   1192.163    34.8844    34.8850     6.4411    1484.55    27.7473    27.7479 0.0000e+00
   1206.000     3.5687     3.5685   3.260715   3.260754     2.1502    -0.3720     0.3629    34.8842 9.1944e+02   1191.179    34.8845    34.8852     6.4405    1484.54    27.7472    27.7478 0.0000e+00
   1205.000     3.5692     3.5692   3.260734   3.260782     2.1504    -0.3703     0.3629    34.8845 9.2431e+02   1190.194    34.8847    34.8853     6.4403    1484.52    27.7473    27.7478 0.0000e+00
   1204.000     3.5694     3.5693   3.260701   3.260748     2.1512    -0.3757     0.3645    34.8845 9.2841e+02   1189.209    34.8846    34.8853     6.4425    1484.51    27.7472    27.7478 0.0000e+00
   1203.000     3.5693     3.5694   3.260656   3.260719     2.1512    -0.3883     0.3680    34.8845 9.2997e+02   1188.224    34.8846    34.8853     6.4418    1484.49    27.7472    27.7478 0.0000e+00
   1202.000     3.5693     3.5693   3.260603   3.260667     2.1513    -0.3918     0.3637    34.8844 9.2573e+02   1187.239    34.8845    34.8853     6.4412    1484.47    27.7471    27.7478 0.0000e+00
   1201.000     3.5690     3.5689   3.260538   3.260598     2.1518    -0.3914     0.3630    34.8845 9.0970e+02   1186.254    34.8845    34.8854     6.4423    1484.46    27.7472    27.7479 0.0000e+00
   1200.000     3.5689     3.5687   3.260493   3.260525     2.1525    -0.3803     0.3600    34.8846 9.0158e+02   1185.269    34.8847    34.8852     6.4442    1484.44    27.7473    27.7477 0.0000e+00
   1199.000     3.5687     3.5687   3.260407   3.260470     2.1525    -0.3868     0.3625    34.8844 9.1374e+02   1184.284    34.8843    34.8851     6.4436    1484.42    27.7471    27.7477 0.0000e+00
   1198.000     3.5687     3.5686   3.260343   3.260412     2.1528    -0.3912     0.3629    34.8842 9.1821e+02   1183.299    34.8841    34.8850     6.4440    1484.40    27.7469    27.7476 0.0000e+00
