Ship_data/Irminger/Irminger-5/ctd/process/ar30-03009.ros
* Sea-Bird SBE 9 Data File:
* FileName = D:\Data\ar30-03009.hdr
* Software Version Seasave V 7.23.2
* Temperature SN = 4312
* Conductivity SN = 2148
* Number of Bytes Per Scan = 44
* Number of Voltage Words = 5
* Number of Scans Averaged by the Deck Unit = 1
* NMEA Latitude = 59 49.83 N
* NMEA Longitude = 039 13.28 W
* NMEA UTC (Time) = Jun 12 2018  18:03:09
** Cruise ID: ar30-03
** Chief Sci: Macdonald
** Station #: 009
** Site ID: Irminger 5 test cast
** test cast to 130m
# nquan = 13
# nvalues = 1176                                  
# units = specified
# name 0 = prDM: Pressure, Digiquartz [db]
# name 1 = t090C: Temperature [ITS-90, deg C]
# name 2 = t190C: Temperature, 2 [ITS-90, deg C]
# name 3 = c0S/m: Conductivity [S/m]
# name 4 = c1S/m: Conductivity, 2 [S/m]
# name 5 = sbeox0V: Oxygen raw, SBE 43 [V]
# name 6 = flECO-AFL: Fluorescence, WET Labs ECO-AFL/FL [mg/m^3]
# name 7 = turbWETntu0: Turbidity, WET Labs ECO [NTU]
# name 8 = sal00: Salinity, Practical [PSU]
# name 9 = spar: SPAR/Surface Irradiance
# name 10 = scan: Scan Count
# name 11 = nbf: Bottles Fired
# name 12 = flag:  0.000e+00
# interval = seconds: 0.0416667
# start_time = Jun 12 2018 18:03:09 [System UTC, first data scan.]
# bad_flag = -9.990e-29
*END*
[from data line 112]
     61.145     5.5744     5.5747   3.390836   3.391005     2.5949     0.6025     0.4752    34.8891 3.3708e+02      13997          3  0.000e+00
     61.065     5.5746     5.5749   3.390894   3.390945     2.5962     0.6025     0.4703    34.8896 3.3708e+02      13998          3  0.000e+00
     61.145     5.5745     5.5747   3.390868   3.391005     2.5949     0.6025     0.4703    34.8894 3.3708e+02      13999          3  0.000e+00
     61.129     5.5746     5.5749   3.390868   3.390945     2.5949     0.6025     0.4703    34.8893 3.3708e+02      14000          3  0.000e+00
     61.186     5.5746     5.5749   3.390881   3.391005     2.5949     0.6025     0.4703    34.8894 3.3708e+02      14001          3  0.000e+00
     61.145     5.5745     5.5749   3.390881   3.391036     2.5949     0.6025     0.4703    34.8895 3.3933e+02      14002          3  0.000e+00
     61.186     5.5747     5.5751   3.390862   3.391005     2.5949     0.6025     0.4703    34.8890 3.3708e+02      14003          3  0.000e+00
     61.210     5.5746     5.5749   3.390894   3.391036     2.5949     0.6025     0.4703    34.8895 3.3708e+02      14004          3  0.000e+00
     61.186     5.5747     5.5749   3.390868   3.391005     2.5949     0.6025     0.4703    34.8891 3.3708e+02      14005          3  0.000e+00
     61.186     5.5746     5.5752   3.390894   3.391005     2.5949     0.6025     0.4703    34.8895 3.3708e+02      14006          3  0.000e+00
     61.266     5.5747     5.5750   3.390868   3.390975     2.5949     0.6025     0.4703    34.8890 3.3708e+02      14007          3  0.000e+00
     61.306     5.5744     5.5749   3.390830   3.391036     2.5949     0.6025     0.4703    34.8889 3.3708e+02      14008          3  0.000e+00
     61.266     5.5745     5.5749   3.390836   3.391006     2.5962     0.6025     0.4703    34.8889 3.3708e+02      14009          3  0.000e+00
     61.306     5.5746     5.5749   3.390849   3.391036     2.5949     0.6025     0.4703    34.8890 3.3708e+02      14010          3  0.000e+00
     61.322     5.5743     5.5751   3.390849   3.391006     2.5949     0.6025     0.4703    34.8893 3.3708e+02      14011          3  0.000e+00
     61.362     5.5743     5.5751   3.390830   3.390975     2.5949     0.6025     0.4703    34.8890 3.3708e+02      14012          3  0.000e+00
     61.362     5.5745     5.5749   3.390843   3.391036     2.5949     0.6025     0.4703    34.8890 3.3708e+02      14013          3  0.000e+00
     61.322     5.5746     5.5749   3.390849   3.390975     2.5949     0.6025     0.4703    34.8890 3.3708e+02      14014          3  0.000e+00
     61.426     5.5746     5.5749   3.390830   3.391006     2.5949     0.6025     0.4703    34.8887 3.3708e+02      14015          3  0.000e+00
     61.442     5.5745     5.5746   3.390836   3.391006     2.5949     0.6025     0.4703    34.8889 3.3708e+02      14016          3  0.000e+00
     61.426     5.5744     5.5743   3.390849   3.390975     2.5962     0.6025     0.4703    34.8891 3.3484e+02      14017          3  0.000e+00
     61.482     5.5743     5.5743   3.390830   3.390945     2.5949     0.6025     0.4703    34.8890 3.3708e+02      14018          3  0.000e+00
     61.498     5.5743     5.5741   3.390843   3.390915     2.5949     0.5830     0.4654    34.8891 3.3708e+02      14019          3  0.000e+00
     61.482     5.5746     5.5739   3.390849   3.390945     2.5949     0.5635     0.4606    34.8889 3.3484e+02      14020          3  0.000e+00
     61.498     5.5744     5.5736   3.390868   3.390915     2.5962     0.5635     0.4606    34.8892 3.3484e+02      14021          3  0.000e+00
     61.538     5.5744     5.5736   3.390817   3.390884     2.5949     0.5635     0.4606    34.8886 3.3484e+02      14022          3  0.000e+00
     61.602     5.5745     5.5738   3.390856   3.390884     2.5949     0.5635     0.4606    34.8890 3.3484e+02      14023          3  0.000e+00
     61.562     5.5746     5.5736   3.390881   3.390945     2.5949     0.5635     0.4606    34.8892 3.3484e+02      14024          3  0.000e+00
     61.602     5.5744     5.5735   3.390817   3.390854     2.5949     0.5635     0.4606    34.8886 3.3484e+02      14025          3  0.000e+00
     61.619     5.5742     5.5733   3.390830   3.390885     2.5949     0.5635     0.4606    34.8890 3.3484e+02      14026          3  0.000e+00
     61.659     5.5741     5.5733   3.390830   3.390854     2.5949     0.5635     0.4606    34.8890 3.3484e+02      14027          3  0.000e+00
     61.426     5.5740     5.5733   3.390817   3.390854     2.5949     0.5635     0.4606    34.8892 3.3484e+02      14028          3  0.000e+00
     61.859     5.5741     5.5731   3.390836   3.390854     2.5962     0.5635     0.4606    34.8890 3.3484e+02      14029          3  0.000e+00
     61.723     5.5740     5.5731   3.390849   3.390885     2.5949     0.5635     0.4606    34.8894 3.3708e+02      14030          3  0.000e+00
     61.683     5.5740     5.5735   3.390856   3.390854     2.5949     0.5635     0.4606    34.8895 3.3708e+02      14031          3  0.000e+00
     30.807     5.8429     5.8506   3.412576   3.413240     2.7708     4.6465     0.5387    34.8744 3.4832e+02      17109          4  0.000e+00
     30.631     5.8440     5.8514   3.412627   3.413361     2.7708     4.6465     0.5387    34.8740 3.4832e+02      17110          4  0.000e+00
     30.823     5.8465     5.8509   3.412742   3.413361     2.7708     4.6465     0.5387    34.8726 3.4832e+02      17111          4  0.000e+00
     30.751     5.8479     5.8506   3.412864   3.413270     2.7708     4.6465     0.5387    34.8726 3.4832e+02      17112          4  0.000e+00
     30.687     5.8475     5.8514   3.412980   3.413270     2.7708     4.6465     0.5387    34.8743 3.4832e+02      17113          4  0.000e+00
     30.631     5.8463     5.8520   3.413018   3.413270     2.7708     4.6465     0.5387    34.8760 3.4832e+02      17114          4  0.000e+00
     30.927     5.8461     5.8519   3.412999   3.413361     2.7708     4.6465     0.5387    34.8759 3.4832e+02      17115          4  0.000e+00
     30.767     5.8470     5.8508   3.413012   3.413331     2.7708     4.6465     0.5387    34.8752 3.4832e+02      17116          4  0.000e+00
     30.751     5.8480     5.8516   3.413089   3.413270     2.7708     4.6465     0.5387    34.8750 3.4832e+02      17117          4  0.000e+00
     30.751     5.8493     5.8530   3.413153   3.413270     2.7708     4.6465     0.5387    34.8744 3.4832e+02      17118          4  0.000e+00
     30.807     5.8503     5.8543   3.413242   3.413483     2.7708     4.6465     0.5387    34.8743 3.4832e+02      17119          4  0.000e+00
     30.751     5.8513     5.8550   3.413307   3.413641     2.7708     4.6465     0.5387    34.8740 3.4832e+02      17120          4  0.000e+00
     30.823     5.8522     5.8555   3.413351   3.413701     2.7708     4.7442     0.5436    34.8736 3.4832e+02      17121          4  0.000e+00
     30.807     5.8525     5.8563   3.413319   3.413701     2.7708     5.7796     0.5680    34.8730 3.5057e+02      17122          4  0.000e+00
     30.807     5.8527     5.8564   3.413204   3.413762     2.7708     6.2875     0.5827    34.8715 3.4832e+02      17123          4  0.000e+00
     30.807     5.8528     5.8563   3.413172   3.413792     2.7708     6.3070     0.5875    34.8710 3.4832e+02      17124          4  0.000e+00
     30.591     5.8530     5.8563   3.413351   3.413762     2.7708     6.2484     0.5827    34.8729 3.4832e+02      17125          4  0.000e+00
     31.048     5.8538     5.8566   3.413377   3.413762     2.7708     6.2484     0.5827    34.8721 3.5057e+02      17126          4  0.000e+00
     30.863     5.8536     5.8568   3.413364   3.413762     2.7708     6.2484     0.5827    34.8723 3.4832e+02      17127          4  0.000e+00
     30.807     5.8531     5.8569   3.413313   3.413792     2.7708     6.2484     0.5827    34.8722 3.4832e+02      17128          4  0.000e+00
     30.863     5.8528     5.8571   3.413294   3.413823     2.7708     6.2484     0.5827    34.8723 3.4832e+02      17129          4  0.000e+00
     30.887     5.8523     5.8569   3.413274   3.413792     2.7708     6.2484     0.5827    34.8726 3.4832e+02      17130          4  0.000e+00
     30.863     5.8515     5.8569   3.413223   3.413823     2.7708     6.2484     0.5827    34.8729 3.4832e+02      17131          4  0.000e+00
     30.927     5.8514     5.8569   3.413223   3.413786     2.7708     6.2484     0.5827    34.8729 3.4832e+02      17132          4  0.000e+00
     30.863     5.8523     5.8571   3.413281   3.413823     2.7708     6.2484     0.5827    34.8727 3.4832e+02      17133          4  0.000e+00
     30.927     5.8528     5.8571   3.413281   3.413823     2.7708     6.2484     0.5827    34.8722 3.4832e+02      17134          4  0.000e+00
     30.943     5.8525     5.8571   3.413242   3.413823     2.7708     6.2484     0.5827    34.8720 3.4832e+02      17135          4  0.000e+00
     30.927     5.8518     5.8572   3.413172   3.413823     2.7708     6.2484     0.5827    34.8719 3.4832e+02      17136          4  0.000e+00
     30.984     5.8512     5.8572   3.413146   3.413823     2.7721     6.2484     0.5827    34.8722 3.4832e+02      17137          4  0.000e+00
     30.984     5.8507     5.8569   3.413121   3.413823     2.7721     6.2484     0.5827    34.8725 3.4832e+02      17138          4  0.000e+00
     30.984     5.8503     5.8553   3.413095   3.413792     2.7721     6.2484     0.5827    34.8725 3.4832e+02      17139          4  0.000e+00
     31.000     5.8501     5.8535   3.413101   3.413580     2.7721     6.2484     0.5827    34.8729 3.4832e+02      17140          4  0.000e+00
     31.048     5.8494     5.8522   3.413025   3.413422     2.7708     6.2484     0.5827    34.8727 3.4832e+02      17141          4  0.000e+00
     30.984     5.8488     5.8516   3.412941   3.413270     2.7708     6.2484     0.5827    34.8724 3.4832e+02      17142          4  0.000e+00
     31.048     5.8483     5.8525   3.412883   3.413270     2.7721     6.2484     0.5827    34.8722 3.4832e+02      17143          4  0.000e+00
     31.104     5.8477     5.8540   3.412871   3.413513     2.7721     6.2484     0.5827    34.8726 3.4832e+02      17144          4  0.000e+00
     31.064     5.8475     5.8552   3.412883   3.413671     2.7721     6.2484     0.5827    34.8730 3.4607e+02      17145          4  0.000e+00
     31.104     5.8471     5.8558   3.412890   3.413792     2.7708     5.7600     0.6022    34.8735 3.4832e+02      17146          4  0.000e+00
     31.104     5.8478     5.8561   3.412935   3.413792     2.7708     5.4084     0.6120    34.8733 3.4832e+02      17147          4  0.000e+00
     31.160     5.8482     5.8560   3.413050   3.413823     2.7708     5.3498     0.6168    34.8742 3.4607e+02      17148          4  0.000e+00
     31.120     5.8496     5.8558   3.413153   3.413732     2.7708     5.3693     0.6168    34.8739 3.4832e+02      17149          4  0.000e+00
     31.224     5.8509     5.8560   3.413262   3.413732     2.7708     5.3889     0.6120    34.8737 3.4607e+02      17150          4  0.000e+00
     31.160     5.8511     5.8561   3.413255   3.413792     2.7708     5.3889     0.6168    34.8734 3.4607e+02      17151          4  0.000e+00
     31.224     5.8515     5.8563   3.413236   3.413793     2.7708     5.3889     0.6120    34.8728 3.4607e+02      17152          4  0.000e+00
     31.224     5.8513     5.8563   3.413076   3.413786     2.7708     5.3889     0.6168    34.8712 3.4607e+02      17153          4  0.000e+00
     31.240     5.8507     5.8564   3.413114   3.413793     2.7708     5.3889     0.6120    34.8723 3.4832e+02      17154          4  0.000e+00
     31.224     5.8512     5.8566   3.413255   3.413792     2.7708     5.3889     0.6120    34.8733 3.4832e+02      17155          4  0.000e+00
     31.280     5.8520     5.8563   3.413435   3.413793     2.7708     5.3889     0.6168    34.8746 3.4832e+02      17156          4  0.000e+00
     31.280     5.8536     5.8553   3.413614   3.413701     2.7708     5.3889     0.6120    34.8749 3.4607e+02      17157          4  0.000e+00
     15.572     5.8836     5.8835   3.415289   3.415421     2.8331     5.8186     0.5778    34.8711 3.4832e+02      19668          5  0.000e+00
     15.404     5.8836     5.8837   3.415295   3.415391     2.8343     5.6624     0.5680    34.8712 3.4832e+02      19669          5  0.000e+00
     15.516     5.8836     5.8835   3.415334   3.415360     2.8331     5.6624     0.5680    34.8716 3.4832e+02      19670          5  0.000e+00
     15.580     5.8836     5.8835   3.415315   3.415421     2.8331     5.6819     0.5680    34.8714 3.4832e+02      19671          5  0.000e+00
     15.692     5.8836     5.8837   3.415308   3.415409     2.8331     5.6819     0.5680    34.8712 3.4832e+02      19672          5  0.000e+00
     15.524     5.8836     5.8835   3.415308   3.415391     2.8343     5.6819     0.5680    34.8713 3.4832e+02      19673          5  0.000e+00
     15.636     5.8835     5.8835   3.415283   3.415391     2.8331     5.6819     0.5680    34.8711 3.4832e+02      19674          5  0.000e+00
     15.580     5.8836     5.8833   3.415302   3.415391     2.8343     5.6819     0.5680    34.8712 3.4607e+02      19675          5  0.000e+00
     15.516     5.8835     5.8832   3.415308   3.415391     2.8331     5.6819     0.5680    34.8715 3.4832e+02      19676          5  0.000e+00
     15.580     5.8838     5.8833   3.415334   3.415360     2.8343     5.6819     0.5680    34.8714 3.4832e+02      19677          5  0.000e+00
     15.636     5.8836     5.8833   3.415315   3.415360     2.8343     5.6819     0.5680    34.8713 3.4832e+02      19678          5  0.000e+00
     15.580     5.8838     5.8832   3.415334   3.415360     2.8343     5.6819     0.5680    34.8714 3.4607e+02      19679          5  0.000e+00
     15.572     5.8838     5.8829   3.415315   3.415330     2.8343     5.6819     0.5680    34.8712 3.4607e+02      19680          5  0.000e+00
     15.644     5.8836     5.8832   3.415308   3.415360     2.8343     5.6819     0.5680    34.8713 3.4607e+02      19681          5  0.000e+00
     15.572     5.8839     5.8829   3.415283   3.415330     2.8331     5.6819     0.5680    34.8707 3.4607e+02      19682          5  0.000e+00
     15.644     5.8836     5.8829   3.415328   3.415348     2.8343     5.6819     0.5680    34.8715 3.4607e+02      19683          5  0.000e+00
     15.404     5.8835     5.8829   3.415174   3.415391     2.8343     5.6819     0.5680    34.8700 3.4607e+02      19684          5  0.000e+00
     15.868     5.8836     5.8832   3.415174   3.415360     2.8343     5.6819     0.5680    34.8696 3.4607e+02      19685          5  0.000e+00
     15.644     5.8836     5.8832   3.415296   3.415391     2.8331     5.6819     0.5680    34.8711 3.4607e+02      19686          5  0.000e+00
     15.692     5.8835     5.8833   3.415315   3.415391     2.8343     5.6819     0.5680    34.8715 3.4607e+02      19687          5  0.000e+00
     15.644     5.8838     5.8833   3.415308   3.415391     2.8331     5.6819     0.5680    34.8711 3.4607e+02      19688          5  0.000e+00
     15.692     5.8835     5.8833   3.415308   3.415360     2.8343     5.6819     0.5680    34.8714 3.4607e+02      19689          5  0.000e+00
     15.700     5.8835     5.8835   3.415289   3.415421     2.8331     5.6819     0.5680    34.8712 3.4607e+02      19690          5  0.000e+00
     15.692     5.8835     5.8835   3.415296   3.415391     2.8331     5.7991     0.5729    34.8712 3.4607e+02      19691          5  0.000e+00
     15.756     5.8835     5.8833   3.415308   3.415391     2.8343     6.8541     0.6120    34.8714 3.4607e+02      19692          5  0.000e+00
     15.692     5.8833     5.8833   3.415283   3.415421     2.8343     7.3620     0.6364    34.8713 3.4383e+02      19693          5  0.000e+00
