Ship_data/Irminger/Irminger-5/ctd/process/ar30-03017.ros
* Sea-Bird SBE 9 Data File:
* FileName = D:\Data\ar30-03017.hdr
* Software Version Seasave V 7.23.2
* Temperature SN = 4312
* Conductivity SN = 2148
* Number of Bytes Per Scan = 44
* Number of Voltage Words = 5
* Number of Scans Averaged by the Deck Unit = 1
* NMEA Latitude = 59 51.17 N
* NMEA Longitude = 040 42.29 W
* NMEA UTC (Time) = Jun 18 2018  13:04:33
** Cruise ID: ar30-03
** Chief Sci: Macdonald
** Station #: 017
** Site ID: Irminger 5 OSNAP M2
# nquan = 13
# nvalues = 735                                   
# units = specified
# name 0 = prDM: Pressure, Digiquartz [db]
# name 1 = t090C: Temperature [ITS-90, deg C]
# name 2 = t190C: Temperature, 2 [ITS-90, deg C]
# name 3 = c0S/m: Conductivity [S/m]
# name 4 = c1S/m: Conductivity, 2 [S/m]
# name 5 = sbeox0V: Oxygen raw, SBE 43 [V]
# name 6 = flECO-AFL: Fluorescence, WET Labs ECO-AFL/FL [mg/m^3]
# name 7 = turbWETntu0: Turbidity, WET Labs ECO [NTU]
# name 8 = sal00: Salinity, Practical [PSU]
# name 9 = spar: SPAR/Surface Irradiance
# name 10 = scan: Scan Count
# name 11 = nbf: Bottles Fired
# name 12 = flag:  0.000e+00
# interval = seconds: 0.0416667
# start_time = Jun 18 2018 13:04:33 [System UTC, first data scan.]
# bad_flag = -9.990e-29
*END*
   2491.451     1.5105     1.5115   3.132084   3.132156     1.8190    -0.3938     0.3971    34.8859 1.0405e+03      69109          1  0.000e+00
   2491.585     1.5106     1.5114   3.132121   3.132156     1.8191    -0.3938     0.3922    34.8861 1.0405e+03      69110          1  0.000e+00
   2491.510     1.5105     1.5113   3.132121   3.132198     1.8191    -0.3938     0.3922    34.8863 1.0405e+03      69111          1  0.000e+00
   2491.585     1.5105     1.5111   3.132096   3.132156     1.8191    -0.3938     0.3922    34.8860 1.0405e+03      69112          1  0.000e+00
   2491.518     1.5106     1.5113   3.132103   3.132156     1.8191    -0.3743     0.3922    34.8859 1.0427e+03      69113          1  0.000e+00
   2491.585     1.5105     1.5111   3.132134   3.132168     1.8191    -0.3938     0.3922    34.8865 1.0405e+03      69114          1  0.000e+00
   2491.635     1.5106     1.5113   3.132146   3.132156     1.8191    -0.3938     0.3922    34.8864 1.0427e+03      69115          1  0.000e+00
   2491.585     1.5103     1.5114   3.132103   3.132156     1.8191    -0.3938     0.3922    34.8863 1.0427e+03      69116          1  0.000e+00
   2491.643     1.5106     1.5113   3.132121   3.132168     1.8191    -0.3938     0.3922    34.8861 1.0427e+03      69117          1  0.000e+00
   2491.635     1.5105     1.5111   3.132121   3.132186     1.8191    -0.3938     0.3922    34.8863 1.0427e+03      69118          1  0.000e+00
   2491.710     1.5106     1.5111   3.132115   3.132156     1.8191    -0.3938     0.3922    34.8860 1.0427e+03      69119          1  0.000e+00
   2491.643     1.5105     1.5111   3.132115   3.132139     1.8191    -0.3743     0.3922    34.8862 1.0427e+03      69120          1  0.000e+00
   2491.710     1.5106     1.5113   3.132115   3.132156     1.8191    -0.3743     0.3922    34.8860 1.0427e+03      69121          1  0.000e+00
   2491.693     1.5105     1.5111   3.132115   3.132168     1.8191    -0.3743     0.3922    34.8862 1.0427e+03      69122          1  0.000e+00
   2491.777     1.5108     1.5111   3.132121   3.132133     1.8191    -0.3743     0.3922    34.8859 1.0450e+03      69123          1  0.000e+00
   2491.777     1.5105     1.5111   3.132134   3.132157     1.8191    -0.3938     0.3922    34.8864 1.0427e+03      69124          1  0.000e+00
   2491.760     1.5105     1.5114   3.132103   3.132198     1.8191    -0.3938     0.3922    34.8860 1.0427e+03      69125          1  0.000e+00
   2491.777     1.5106     1.5113   3.132103   3.132186     1.8203    -0.3938     0.3922    34.8858 1.0427e+03      69126          1  0.000e+00
   2491.777     1.5108     1.5113   3.132134   3.132186     1.8191    -0.3938     0.3922    34.8860 1.0427e+03      69127          1  0.000e+00
   2491.835     1.5106     1.5114   3.132121   3.132198     1.8191    -0.3938     0.3922    34.8860 1.0427e+03      69128          1  0.000e+00
   2491.827     1.5105     1.5113   3.132134   3.132157     1.8191    -0.3938     0.3922    34.8864 1.0427e+03      69129          1  0.000e+00
   2491.835     1.5106     1.5113   3.132146   3.132157     1.8191    -0.3743     0.3873    34.8863 1.0450e+03      69130          1  0.000e+00
   2491.902     1.5105     1.5114   3.132128   3.132198     1.8191    -0.3547     0.3775    34.8862 1.0427e+03      69131          1  0.000e+00
   2491.835     1.5103     1.5113   3.132115   3.132186     1.8191    -0.3547     0.3775    34.8863 1.0427e+03      69132          1  0.000e+00
   2491.885     1.5105     1.5114   3.132096   3.132157     1.8191    -0.3743     0.3775    34.8859 1.0427e+03      69133          1  0.000e+00
   2491.902     1.5108     1.5114   3.132103   3.132198     1.8191    -0.3547     0.3775    34.8856 1.0450e+03      69134          1  0.000e+00
   2491.902     1.5103     1.5115   3.132096   3.132186     1.8203    -0.3743     0.3775    34.8860 1.0427e+03      69135          1  0.000e+00
   2491.952     1.5103     1.5113   3.132121   3.132221     1.8203    -0.3547     0.3775    34.8863 1.0450e+03      69136          1  0.000e+00
   2491.902     1.5101     1.5116   3.132078   3.132186     1.8191    -0.3743     0.3775    34.8860 1.0450e+03      69137          1  0.000e+00
   2491.960     1.5103     1.5114   3.132078   3.132186     1.8191    -0.3743     0.3775    34.8858 1.0450e+03      69138          1  0.000e+00
   2491.960     1.5103     1.5114   3.132109   3.132198     1.8191    -0.3743     0.3775    34.8862 1.0450e+03      69139          1  0.000e+00
   2491.952     1.5103     1.5115   3.132096   3.132215     1.8191    -0.3547     0.3775    34.8860 1.0450e+03      69140          1  0.000e+00
   2492.027     1.5103     1.5113   3.132084   3.132157     1.8191    -0.3743     0.3775    34.8858 1.0450e+03      69141          1  0.000e+00
   2491.960     1.5101     1.5116   3.132103   3.132221     1.8191    -0.3743     0.3775    34.8863 1.0450e+03      69142          1  0.000e+00
   2492.027     1.5103     1.5114   3.132115   3.132186     1.8191    -0.3547     0.3775    34.8862 1.0450e+03      69143          1  0.000e+00
   2492.019     1.5103     1.5114   3.132097   3.132186     1.8191    -0.3743     0.3775    34.8860 1.0450e+03      69144          1  0.000e+00
   2491.960     1.5103     1.5115   3.132084   3.132198     1.8203    -0.3743     0.3775    34.8858 1.0450e+03      69145          1  0.000e+00
   2492.094     1.5105     1.5114   3.132128   3.132186     1.8191    -0.3547     0.3775    34.8861 1.0450e+03      69146          1  0.000e+00
   2492.019     1.5106     1.5115   3.132121   3.132157     1.8191    -0.3547     0.3775    34.8859 1.0427e+03      69147          1  0.000e+00
   2492.094     1.5105     1.5116   3.132115   3.132198     1.8203    -0.3743     0.3775    34.8860 1.0450e+03      69148          1  0.000e+00
   2492.027     1.5106     1.5114   3.132152   3.132186     1.8191    -0.3743     0.3775    34.8863 1.0450e+03      69149          1  0.000e+00
   2492.094     1.5106     1.5113   3.132109   3.132168     1.8203    -0.3743     0.3775    34.8857 1.0450e+03      69150          1  0.000e+00
   2492.077     1.5103     1.5114   3.132103   3.132215     1.8191    -0.3743     0.3775    34.8860 1.0450e+03      69151          1  0.000e+00
   2492.094     1.5106     1.5115   3.132134   3.132157     1.8191    -0.3743     0.3775    34.8860 1.0450e+03      69152          1  0.000e+00
   2492.094     1.5106     1.5114   3.132103   3.132168     1.8203    -0.3743     0.3775    34.8857 1.0427e+03      69153          1  0.000e+00
   2492.094     1.5105     1.5111   3.132128   3.132133     1.8203    -0.3743     0.3775    34.8861 1.0427e+03      69154          1  0.000e+00
   2492.077     1.5103     1.5113   3.132121   3.132157     1.8203    -0.3547     0.3775    34.8863 1.0427e+03      69155          1  0.000e+00
   2492.094     1.5103     1.5114   3.132097   3.132168     1.8191    -0.3743     0.3775    34.8859 1.0427e+03      69156          1  0.000e+00
   2492.152     1.5106     1.5116   3.132103   3.132186     1.8203    -0.3743     0.3775    34.8856 1.0427e+03      69157          1  0.000e+00
   2235.285     2.2428     2.2423   3.186856   3.186852     1.8535    -0.3743     0.3580    34.8962 1.2023e+03      80418          2  0.000e+00
   2235.285     2.2430     2.2422   3.186844   3.186739     1.8535    -0.3743     0.3580    34.8959 1.2000e+03      80419          2  0.000e+00
   2235.410     2.2432     2.2418   3.186850   3.186763     1.8535    -0.3743     0.3580    34.8957 1.2000e+03      80420          2  0.000e+00
   2235.285     2.2431     2.2416   3.186863   3.186739     1.8535    -0.3743     0.3580    34.8960 1.2000e+03      80421          2  0.000e+00
   2235.343     2.2430     2.2422   3.186888   3.186739     1.8535    -0.3547     0.3580    34.8964 1.1978e+03      80422          2  0.000e+00
   2235.343     2.2432     2.2429   3.186875   3.186739     1.8535    -0.3743     0.3580    34.8960 1.1978e+03      80423          2  0.000e+00
   2235.410     2.2432     2.2433   3.186869   3.186793     1.8535    -0.3743     0.3580    34.8959 1.1978e+03      80424          2  0.000e+00
   2235.343     2.2430     2.2433   3.186850   3.186852     1.8535    -0.3743     0.3580    34.8959 1.1955e+03      80425          2  0.000e+00
   2235.410     2.2428     2.2437   3.186819   3.186881     1.8535    -0.3743     0.3580    34.8957 1.1955e+03      80426          2  0.000e+00
   2235.410     2.2425     2.2433   3.186806   3.186940     1.8535    -0.3547     0.3580    34.8959 1.1955e+03      80427          2  0.000e+00
   2235.343     2.2420     2.2430   3.186769   3.186881     1.8535    -0.3743     0.3580    34.8960 1.1933e+03      80428          2  0.000e+00
   2235.410     2.2417     2.2432   3.186750   3.186881     1.8535    -0.3743     0.3580    34.8961 1.1933e+03      80429          2  0.000e+00
   2235.410     2.2415     2.2432   3.186750   3.186852     1.8535    -0.3743     0.3580    34.8963 1.1910e+03      80430          2  0.000e+00
   2235.468     2.2419     2.2432   3.186769   3.186852     1.8535    -0.3743     0.3580    34.8961 1.1933e+03      80431          2  0.000e+00
   2235.410     2.2422     2.2430   3.186775   3.186852     1.8535    -0.3743     0.3580    34.8959 1.1910e+03      80432          2  0.000e+00
   2235.410     2.2422     2.2432   3.186800   3.186852     1.8535    -0.3743     0.3580    34.8961 1.1910e+03      80433          2  0.000e+00
   2235.410     2.2425     2.2430   3.186788   3.186852     1.8535    -0.3743     0.3580    34.8957 1.1888e+03      80434          2  0.000e+00
   2235.410     2.2425     2.2430   3.186800   3.186852     1.8535    -0.3743     0.3580    34.8958 1.1888e+03      80435          2  0.000e+00
   2235.410     2.2422     2.2427   3.186788   3.186852     1.8535    -0.3743     0.3580    34.8960 1.1865e+03      80436          2  0.000e+00
   2235.410     2.2420     2.2427   3.186738   3.186822     1.8535    -0.3547     0.3580    34.8956 1.1865e+03      80437          2  0.000e+00
   2235.468     2.2422     2.2428   3.186763   3.186793     1.8535    -0.3547     0.3580    34.8957 1.1865e+03      80438          2  0.000e+00
   2235.410     2.2417     2.2427   3.186763   3.186793     1.8535    -0.3743     0.3580    34.8962 1.1843e+03      80439          2  0.000e+00
   2235.410     2.2417     2.2428   3.186769   3.186793     1.8535    -0.3743     0.3580    34.8963 1.1843e+03      80440          2  0.000e+00
   2235.410     2.2416     2.2429   3.186763   3.186822     1.8535    -0.3743     0.3580    34.8964 1.1820e+03      80441          2  0.000e+00
   2235.410     2.2420     2.2433   3.186769   3.186793     1.8535    -0.3743     0.3580    34.8960 1.1820e+03      80442          2  0.000e+00
   2235.410     2.2422     2.2433   3.186794   3.186822     1.8535    -0.3938     0.3580    34.8961 1.1820e+03      80443          2  0.000e+00
   2235.344     2.2425     2.2438   3.186831   3.186881     1.8535    -0.3938     0.3580    34.8962 1.1798e+03      80444          2  0.000e+00
   2235.410     2.2428     2.2436   3.186856   3.186881     1.8535    -0.3938     0.3580    34.8962 1.1798e+03      80445          2  0.000e+00
   2235.410     2.2425     2.2438   3.186825   3.186881     1.8535    -0.3938     0.3580    34.8961 1.1775e+03      80446          2  0.000e+00
   2235.277     2.2429     2.2437   3.186850   3.186881     1.8535    -0.3938     0.3580    34.8961 1.1775e+03      80447          2  0.000e+00
   2235.410     2.2428     2.2440   3.186825   3.186911     1.8535    -0.3938     0.3580    34.8958 1.1775e+03      80448          2  0.000e+00
   2235.344     2.2428     2.2442   3.186825   3.186881     1.8535    -0.3938     0.3580    34.8958 1.1753e+03      80449          2  0.000e+00
   2235.344     2.2430     2.2440   3.186831   3.186881     1.8535    -0.3938     0.3580    34.8957 1.1753e+03      80450          2  0.000e+00
   2235.344     2.2428     2.2440   3.186838   3.186940     1.8535    -0.3938     0.3580    34.8960 1.1731e+03      80451          2  0.000e+00
   2235.344     2.2430     2.2437   3.186856   3.186881     1.8535    -0.3938     0.3580    34.8960 1.1731e+03      80452          2  0.000e+00
   2235.344     2.2430     2.2440   3.186825   3.186911     1.8535    -0.3938     0.3580    34.8957 1.1731e+03      80453          2  0.000e+00
   2235.277     2.2428     2.2441   3.186825   3.186911     1.8523    -0.3938     0.3580    34.8959 1.1708e+03      80454          2  0.000e+00
   2235.285     2.2432     2.2440   3.186856   3.186911     1.8523    -0.3938     0.3580    34.8958 1.1708e+03      80455          2  0.000e+00
   2235.286     2.2432     2.2441   3.186844   3.186911     1.8535    -0.3938     0.3580    34.8956 1.1686e+03      80456          2  0.000e+00
   2235.286     2.2431     2.2438   3.186856   3.186911     1.8535    -0.3938     0.3580    34.8960 1.1686e+03      80457          2  0.000e+00
   2235.277     2.2430     2.2438   3.186869   3.186881     1.8535    -0.3938     0.3580    34.8962 1.1663e+03      80458          2  0.000e+00
   2235.219     2.2431     2.2438   3.186844   3.186911     1.8535    -0.3938     0.3580    34.8958 1.1663e+03      80459          2  0.000e+00
   2235.286     2.2432     2.2435   3.186838   3.186911     1.8535    -0.3938     0.3580    34.8956 1.1641e+03      80460          2  0.000e+00
   2235.219     2.2431     2.2438   3.186838   3.186881     1.8535    -0.3938     0.3580    34.8958 1.1641e+03      80461          2  0.000e+00
   2235.219     2.2432     2.2436   3.186856   3.186881     1.8535    -0.3938     0.3580    34.8958 1.1618e+03      80462          2  0.000e+00
   2235.153     2.2432     2.2435   3.186888   3.186881     1.8535    -0.3938     0.3580    34.8963 1.1618e+03      80463          2  0.000e+00
   2235.219     2.2432     2.2435   3.186894   3.186852     1.8535    -0.3938     0.3580    34.8963 1.1596e+03      80464          2  0.000e+00
   2235.219     2.2434     2.2437   3.186850   3.186881     1.8535    -0.3938     0.3580    34.8956 1.1596e+03      80465          2  0.000e+00
   2235.153     2.2433     2.2436   3.186875   3.186852     1.8535    -0.3938     0.3580    34.8960 1.1573e+03      80466          2  0.000e+00
   2033.749     2.8764     2.8767   3.236884   3.236910     1.8521    -0.3938     0.3531    34.9239 9.2810e+02      88388          3  0.000e+00
   2033.700     2.8767     2.8769   3.236909   3.236904     1.8521    -0.3938     0.3531    34.9239 9.2586e+02      88389          3  0.000e+00
   2033.824     2.8766     2.8766   3.236909   3.236880     1.8521    -0.3938     0.3531    34.9240 9.2586e+02      88390          3  0.000e+00
   2033.824     2.8766     2.8769   3.236884   3.236910     1.8521    -0.3938     0.3531    34.9237 9.2810e+02      88391          3  0.000e+00
   2033.749     2.8767     2.8766   3.236890   3.236880     1.8521    -0.3938     0.3531    34.9236 9.2810e+02      88392          3  0.000e+00
   2033.890     2.8764     2.8767   3.236859   3.236904     1.8521    -0.3938     0.3531    34.9235 9.2810e+02      88393          3  0.000e+00
   2033.824     2.8763     2.8766   3.236884   3.236910     1.8521    -0.3743     0.3531    34.9240 9.2810e+02      88394          3  0.000e+00
   2033.824     2.8764     2.8767   3.236884   3.236910     1.8521    -0.3938     0.3531    34.9238 9.2810e+02      88395          3  0.000e+00
   2033.890     2.8763     2.8767   3.236852   3.236880     1.8521    -0.3743     0.3531    34.9236 9.2810e+02      88396          3  0.000e+00
   2033.874     2.8763     2.8766   3.236840   3.236934     1.8521    -0.3743     0.3531    34.9235 9.2810e+02      88397          3  0.000e+00
   2033.948     2.8764     2.8764   3.236903   3.236850     1.8521    -0.3938     0.3531    34.9240 9.3035e+02      88398          3  0.000e+00
   2033.890     2.8764     2.8766   3.236890   3.236910     1.8521    -0.3938     0.3531    34.9239 9.3035e+02      88399          3  0.000e+00
   2033.948     2.8763     2.8765   3.236871   3.236910     1.8521    -0.3743     0.3531    34.9238 9.3035e+02      88400          3  0.000e+00
