Ship_data/Irminger/Irminger-5/ctd/process/ar30-03017.ros
* Sea-Bird SBE 9 Data File:
* FileName = D:\Data\ar30-03017.hdr
* Software Version Seasave V 7.23.2
* Temperature SN = 4312
* Conductivity SN = 2148
* Number of Bytes Per Scan = 44
* Number of Voltage Words = 5
* Number of Scans Averaged by the Deck Unit = 1
* NMEA Latitude = 59 51.17 N
* NMEA Longitude = 040 42.29 W
* NMEA UTC (Time) = Jun 18 2018  13:04:33
** Cruise ID: ar30-03
** Chief Sci: Macdonald
** Station #: 017
** Site ID: Irminger 5 OSNAP M2
# nquan = 13
# nvalues = 735                                   
# units = specified
# name 0 = prDM: Pressure, Digiquartz [db]
# name 1 = t090C: Temperature [ITS-90, deg C]
# name 2 = t190C: Temperature, 2 [ITS-90, deg C]
# name 3 = c0S/m: Conductivity [S/m]
# name 4 = c1S/m: Conductivity, 2 [S/m]
# name 5 = sbeox0V: Oxygen raw, SBE 43 [V]
# name 6 = flECO-AFL: Fluorescence, WET Labs ECO-AFL/FL [mg/m^3]
# name 7 = turbWETntu0: Turbidity, WET Labs ECO [NTU]
# name 8 = sal00: Salinity, Practical [PSU]
# name 9 = spar: SPAR/Surface Irradiance
# name 10 = scan: Scan Count
# name 11 = nbf: Bottles Fired
# name 12 = flag:  0.000e+00
# interval = seconds: 0.0416667
# start_time = Jun 18 2018 13:04:33 [System UTC, first data scan.]
# bad_flag = -9.990e-29
*END*
[from data line 445]
    101.494     4.9978     4.9942   3.342410   3.342138     2.4372    -0.2180     0.4117    34.9119 1.1483e+03     157200         10  0.000e+00
    101.494     4.9980     4.9942   3.342429   3.342138     2.4372    -0.1984     0.4117    34.9119 1.1461e+03     157201         10  0.000e+00
    101.494     4.9980     4.9944   3.342423   3.342168     2.4372    -0.2180     0.4166    34.9118 1.1483e+03     157202         10  0.000e+00
    101.494     4.9976     4.9942   3.342410   3.342192     2.4372    -0.2571     0.4313    34.9120 1.1483e+03     157203         10  0.000e+00
    101.494     4.9976     4.9946   3.342410   3.342168     2.4372    -0.2766     0.4361    34.9120 1.1483e+03     157204         10  0.000e+00
    101.430     4.9971     4.9946   3.342429   3.342198     2.4372    -0.2766     0.4361    34.9128 1.1483e+03     157205         10  0.000e+00
    101.494     4.9973     4.9946   3.342423   3.342168     2.4372    -0.2571     0.4361    34.9125 1.1483e+03     157206         10  0.000e+00
    101.494     4.9980     4.9954   3.342410   3.342198     2.4372    -0.2571     0.4361    34.9117 1.1483e+03     157207         10  0.000e+00
    101.494     4.9981     4.9958   3.342454   3.342228     2.4372    -0.2766     0.4361    34.9120 1.1483e+03     157208         10  0.000e+00
    101.438     4.9986     4.9955   3.342454   3.342258     2.4372    -0.2766     0.4361    34.9116 1.1483e+03     157209         10  0.000e+00
    101.486     4.9987     4.9957   3.342423   3.342228     2.4372    -0.2571     0.4361    34.9110 1.1483e+03     157210         10  0.000e+00
    101.494     4.9987     4.9960   3.342454   3.342222     2.4372    -0.2571     0.4361    34.9114 1.1483e+03     157211         10  0.000e+00
    101.438     4.9991     4.9957   3.342473   3.342228     2.4372    -0.2766     0.4361    34.9112 1.1483e+03     157212         10  0.000e+00
    101.494     4.9991     4.9958   3.342492   3.342228     2.4372    -0.2766     0.4361    34.9114 1.1483e+03     157213         10  0.000e+00
    101.438     4.9992     4.9952   3.342461   3.342258     2.4372    -0.2571     0.4361    34.9109 1.1483e+03     157214         10  0.000e+00
    101.494     4.9992     4.9955   3.342442   3.342258     2.4372    -0.2766     0.4361    34.9107 1.1483e+03     157215         10  0.000e+00
    101.486     4.9994     4.9947   3.342461   3.342228     2.4372    -0.2571     0.4361    34.9107 1.1483e+03     157216         10  0.000e+00
    101.494     4.9991     4.9944   3.342454   3.342198     2.4372    -0.2766     0.4361    34.9110 1.1506e+03     157217         10  0.000e+00
    101.438     4.9987     4.9947   3.342442   3.342198     2.4372    -0.2766     0.4361    34.9112 1.1483e+03     157218         10  0.000e+00
    101.494     4.9984     4.9955   3.342442   3.342168     2.4372    -0.2571     0.4361    34.9115 1.1506e+03     157219         10  0.000e+00
    101.494     4.9980     4.9955   3.342423   3.342192     2.4372    -0.2571     0.4361    34.9118 1.1506e+03     157220         10  0.000e+00
    101.486     4.9980     4.9950   3.342429   3.342228     2.4372    -0.2766     0.4361    34.9119 1.1506e+03     157221         10  0.000e+00
    101.494     4.9981     4.9937   3.342423   3.342228     2.4360    -0.2766     0.4361    34.9116 1.1506e+03     157222         10  0.000e+00
    101.494     4.9980     4.9934   3.342391   3.342198     2.4372    -0.2766     0.4361    34.9114 1.1506e+03     157223         10  0.000e+00
    101.558     4.9978     4.9937   3.342378   3.342228     2.4372    -0.2571     0.4361    34.9115 1.1528e+03     157224         10  0.000e+00
    101.438     4.9971     4.9947   3.342314   3.342168     2.4372    -0.2571     0.4361    34.9114 1.1506e+03     157225         10  0.000e+00
    101.558     4.9967     4.9949   3.342289   3.342138     2.4372    -0.2766     0.4361    34.9116 1.1506e+03     157226         10  0.000e+00
    101.486     4.9965     4.9944   3.342270   3.342077     2.4372    -0.2766     0.4410    34.9116 1.1528e+03     157227         10  0.000e+00
    101.558     4.9968     4.9929   3.342257   3.342065     2.4360    -0.2766     0.4410    34.9110 1.1528e+03     157228         10  0.000e+00
    101.494     4.9963     4.9923   3.342238   3.342047     2.4372    -0.2571     0.4410    34.9114 1.1528e+03     157229         10  0.000e+00
    101.558     4.9958     4.9923   3.342213   3.342017     2.4372    -0.2571     0.4410    34.9116 1.1528e+03     157230         10  0.000e+00
    101.558     4.9960     4.9925   3.342219   3.342017     2.4372    -0.2766     0.4410    34.9115 1.1528e+03     157231         10  0.000e+00
    101.550     4.9958     4.9931   3.342232   3.342047     2.4372    -0.2571     0.4410    34.9118 1.1528e+03     157232         10  0.000e+00
    101.558     4.9955     4.9931   3.342245   3.342017     2.4372    -0.2766     0.4410    34.9122 1.1528e+03     157233         10  0.000e+00
    101.558     4.9957     4.9937   3.342257   3.342077     2.4360    -0.2571     0.4410    34.9122 1.1551e+03     157234         10  0.000e+00
    101.558     4.9955     4.9937   3.342219   3.342138     2.4360    -0.2571     0.4410    34.9120 1.1528e+03     157235         10  0.000e+00
    101.558     4.9958     4.9934   3.342264   3.342101     2.4360    -0.2571     0.4410    34.9121 1.1528e+03     157236         10  0.000e+00
    101.614     4.9958     4.9926   3.342225   3.342077     2.4360    -0.2571     0.4410    34.9117 1.1551e+03     157237         10  0.000e+00
    101.550     4.9957     4.9923   3.342200   3.341987     2.4360    -0.2766     0.4410    34.9116 1.1551e+03     157238         10  0.000e+00
    101.614     4.9955     4.9920   3.342181   3.341987     2.4360    -0.2766     0.4410    34.9115 1.1551e+03     157239         10  0.000e+00
    101.614     4.9957     4.9918   3.342187   3.341897     2.4360    -0.2571     0.4410    34.9114 1.1551e+03     157240         10  0.000e+00
    101.614     4.9958     4.9915   3.342219   3.341927     2.4360    -0.2571     0.4410    34.9116 1.1551e+03     157241         10  0.000e+00
    101.614     4.9960     4.9911   3.342232   3.341897     2.4360    -0.2571     0.4410    34.9116 1.1573e+03     157242         10  0.000e+00
    101.606     4.9962     4.9909   3.342245   3.341897     2.4360    -0.2571     0.4410    34.9116 1.1573e+03     157243         10  0.000e+00
    101.679     4.9963     4.9910   3.342276   3.341867     2.4360    -0.2571     0.4410    34.9117 1.1573e+03     157244         10  0.000e+00
     76.097     5.1527     5.1533   3.355314   3.355637     2.4801    -0.0617     0.4508    34.9125 9.5282e+02     161272         11  0.000e+00
     76.154     5.1562     5.1529   3.355429   3.355601     2.4801    -0.0226     0.4703    34.9101 9.5282e+02     161273         11  0.000e+00
     76.041     5.1592     5.1537   3.355569   3.355607     2.4789    -0.0226     0.4703    34.9087 9.5282e+02     161274         11  0.000e+00
     76.218     5.1609     5.1534   3.355671   3.355638     2.4801    -0.0226     0.4703    34.9079 9.5282e+02     161275         11  0.000e+00
     76.089     5.1624     5.1550   3.355849   3.355601     2.4801    -0.0226     0.4703    34.9086 9.5282e+02     161276         11  0.000e+00
     76.097     5.1629     5.1569   3.355977   3.355607     2.4801    -0.0226     0.4703    34.9095 9.5282e+02     161277         11  0.000e+00
     76.162     5.1627     5.1586   3.356136   3.355722     2.4801    -0.0226     0.4703    34.9115 9.5507e+02     161278         11  0.000e+00
     76.089     5.1629     5.1592   3.356295   3.355849     2.4789    -0.0226     0.4703    34.9132 9.5282e+02     161279         11  0.000e+00
     76.162     5.1642     5.1604   3.356403   3.355969     2.4801    -0.0226     0.4703    34.9130 9.5282e+02     161280         11  0.000e+00
     76.097     5.1672     5.1612   3.356563   3.356066     2.4801    -0.0226     0.4703    34.9117 9.5507e+02     161281         11  0.000e+00
     76.154     5.1690     5.1619   3.356741   3.356090     2.4789    -0.0226     0.4703    34.9118 9.5507e+02     161282         11  0.000e+00
     76.097     5.1700     5.1616   3.356856   3.356096     2.4801    -0.0226     0.4703    34.9122 9.5507e+02     161283         11  0.000e+00
     76.097     5.1697     5.1615   3.356900   3.356120     2.4801    -0.0226     0.4703    34.9130 9.5507e+02     161284         11  0.000e+00
     76.033     5.1700     5.1615   3.356977   3.356126     2.4789    -0.0226     0.4703    34.9136 9.5507e+02     161285         11  0.000e+00
     76.097     5.1714     5.1615   3.357021   3.356090     2.4789    -0.0226     0.4703    34.9126 9.5507e+02     161286         11  0.000e+00
     76.097     5.1726     5.1621   3.357098   3.356126     2.4789    -0.0226     0.4703    34.9123 9.5507e+02     161287         11  0.000e+00
     76.033     5.1737     5.1627   3.357142   3.356150     2.4789    -0.0226     0.4703    34.9117 9.5507e+02     161288         11  0.000e+00
     76.041     5.1738     5.1634   3.357200   3.356186     2.4789    -0.0226     0.4703    34.9122 9.5507e+02     161289         11  0.000e+00
     76.097     5.1750     5.1644   3.357219   3.356331     2.4789    -0.0226     0.4703    34.9112 9.5507e+02     161290         11  0.000e+00
     76.033     5.1757     5.1663   3.357219   3.356434     2.4789    -0.0226     0.4703    34.9105 9.5507e+02     161291         11  0.000e+00
     76.041     5.1759     5.1689   3.357308   3.356542     2.4789    -0.0226     0.4703    34.9113 9.5507e+02     161292         11  0.000e+00
     76.041     5.1762     5.1701   3.357403   3.356735     2.4789    -0.0226     0.4703    34.9120 9.5507e+02     161293         11  0.000e+00
     75.969     5.1783     5.1703   3.357607   3.356850     2.4789    -0.0226     0.4703    34.9122 9.5732e+02     161294         11  0.000e+00
     76.041     5.1806     5.1711   3.357786   3.356826     2.4789    -0.0226     0.4703    34.9119 9.5507e+02     161295         11  0.000e+00
     75.985     5.1822     5.1714   3.357983   3.356850     2.4789    -0.1008     0.4459    34.9125 9.5732e+02     161296         11  0.000e+00
     75.969     5.1849     5.1721   3.358219   3.356971     2.4789    -0.1594     0.4215    34.9124 9.5732e+02     161297         11  0.000e+00
     75.985     5.1866     5.1732   3.358372   3.356983     2.4789    -0.1789     0.4166    34.9124 9.5732e+02     161298         11  0.000e+00
     75.985     5.1877     5.1742   3.358423   3.357152     2.4777    -0.1594     0.4166    34.9119 9.5732e+02     161299         11  0.000e+00
     75.913     5.1884     5.1745   3.358454   3.357284     2.4789    -0.1594     0.4166    34.9115 9.5507e+02     161300         11  0.000e+00
     75.921     5.1886     5.1740   3.358467   3.357333     2.4777    -0.1594     0.4166    34.9114 9.5732e+02     161301         11  0.000e+00
     75.921     5.1887     5.1748   3.358448   3.357375     2.4777    -0.1594     0.4166    34.9111 9.5732e+02     161302         11  0.000e+00
     75.913     5.1889     5.1762   3.358454   3.357514     2.4777    -0.1594     0.4166    34.9109 9.5732e+02     161303         11  0.000e+00
     75.865     5.1890     5.1780   3.358486   3.357562     2.4777    -0.1789     0.4166    34.9113 9.5732e+02     161304         11  0.000e+00
     75.921     5.1893     5.1795   3.358512   3.357701     2.4777    -0.1594     0.4166    34.9112 9.5732e+02     161305         11  0.000e+00
     75.857     5.1897     5.1814   3.358525   3.357773     2.4777    -0.1594     0.4166    34.9110 9.5732e+02     161306         11  0.000e+00
     75.865     5.1901     5.1839   3.358569   3.357852     2.4777    -0.1594     0.4166    34.9111 9.5732e+02     161307         11  0.000e+00
     75.809     5.1898     5.1848   3.358588   3.357984     2.4777    -0.1789     0.4166    34.9116 9.5732e+02     161308         11  0.000e+00
     75.857     5.1903     5.1853   3.358626   3.358063     2.4777    -0.1594     0.4166    34.9115 9.5732e+02     161309         11  0.000e+00
     75.809     5.1900     5.1856   3.358646   3.358232     2.4777    -0.1594     0.4166    34.9121 9.5732e+02     161310         11  0.000e+00
     75.809     5.1903     5.1863   3.358646   3.358244     2.4777    -0.1594     0.4166    34.9118 9.5732e+02     161311         11  0.000e+00
     75.793     5.1906     5.1864   3.358665   3.358395     2.4777    -0.1594     0.4166    34.9117 9.5732e+02     161312         11  0.000e+00
     75.744     5.1906     5.1866   3.358658   3.358383     2.4777    -0.1594     0.4166    34.9116 9.5732e+02     161313         11  0.000e+00
     75.744     5.1908     5.1877   3.358665   3.358431     2.4764    -0.1594     0.4166    34.9116 9.5956e+02     161314         11  0.000e+00
     75.793     5.1911     5.1877   3.358697   3.358473     2.4777    -0.1594     0.4166    34.9115 9.5732e+02     161315         11  0.000e+00
     75.688     5.1914     5.1876   3.358728   3.358491     2.4777    -0.1594     0.4166    34.9117 9.5732e+02     161316         11  0.000e+00
     75.680     5.1911     5.1869   3.358697   3.358503     2.4777    -0.1594     0.4166    34.9116 9.5732e+02     161317         11  0.000e+00
     75.744     5.1914     5.1872   3.358722   3.358461     2.4764    -0.1594     0.4166    34.9116 9.5956e+02     161318         11  0.000e+00
     75.688     5.1913     5.1876   3.358741   3.358461     2.4777    -0.1594     0.4166    34.9119 9.5732e+02     161319         11  0.000e+00
     75.680     5.1914     5.1882   3.358741   3.358473     2.4764    -0.1789     0.4166    34.9118 9.5956e+02     161320         11  0.000e+00
     49.523     5.3947     5.3958   3.375894   3.376072     2.5220     0.0555     0.4215    34.9110 1.1663e+03     164810         12  0.000e+00
     49.523     5.3947     5.3955   3.375875   3.376133     2.5220     0.0555     0.4215    34.9107 1.1641e+03     164811         12  0.000e+00
     49.459     5.3947     5.3954   3.375907   3.376072     2.5220     0.0555     0.4215    34.9111 1.1663e+03     164812         12  0.000e+00
     49.459     5.3950     5.3952   3.375907   3.376103     2.5220     0.0555     0.4215    34.9108 1.1663e+03     164813         12  0.000e+00
     49.402     5.3950     5.3949   3.375894   3.376072     2.5220     0.0555     0.4215    34.9107 1.1663e+03     164814         12  0.000e+00
     49.402     5.3952     5.3949   3.375894   3.376042     2.5220     0.0555     0.4215    34.9105 1.1663e+03     164815         12  0.000e+00
     49.491     5.3950     5.3948   3.375894   3.376042     2.5220     0.0555     0.4215    34.9106 1.1663e+03     164816         12  0.000e+00
     49.458     5.3948     5.3949   3.375894   3.376103     2.5220     0.0555     0.4215    34.9108 1.1663e+03     164817         12  0.000e+00
     49.458     5.3947     5.3949   3.375894   3.376042     2.5220     0.0555     0.4215    34.9110 1.1686e+03     164818         12  0.000e+00
     49.458     5.3947     5.3947   3.375914   3.376042     2.5220     0.0555     0.4215    34.9112 1.1686e+03     164819         12  0.000e+00
     49.402     5.3945     5.3949   3.375926   3.376042     2.5220     0.0555     0.4215    34.9116 1.1686e+03     164820         12  0.000e+00
     49.402     5.3945     5.3949   3.375888   3.376042     2.5220     0.0555     0.4215    34.9111 1.1686e+03     164821         12  0.000e+00
     49.402     5.3947     5.3949   3.375888   3.376042     2.5220     0.0555     0.4215    34.9110 1.1686e+03     164822         12  0.000e+00
     49.282     5.3947     5.3947   3.375914   3.376042     2.5220     0.0555     0.4215    34.9113 1.1686e+03     164823         12  0.000e+00
     49.555     5.3947     5.3949   3.375882   3.376042     2.5220     0.0555     0.4215    34.9107 1.1686e+03     164824         12  0.000e+00
     49.402     5.3945     5.3947   3.375882   3.376012     2.5220     0.0555     0.4215    34.9110 1.1708e+03     164825         12  0.000e+00
