Ship_data/Irminger/Irminger-5/ctd/process/ar30-03014.ros
* Sea-Bird SBE 9 Data File:
* FileName = D:\Data\ar30-03014.hdr
* Software Version Seasave V 7.23.2
* Temperature SN = 4312
* Conductivity SN = 2148
* Number of Bytes Per Scan = 44
* Number of Voltage Words = 5
* Number of Scans Averaged by the Deck Unit = 1
* NMEA Latitude = 59 44.59 N
* NMEA Longitude = 039 35.05 W
* NMEA UTC (Time) = Jun 15 2018  15:52:39
** Cruise ID: ar30-03
** Chief Sci: Macdonald
** Station #: 014
** Site ID: Irminger 5 OSNAP CAB
** Full ocean depth cast at OSNAP CAB site. 3 bottom releases tested.
# nquan = 13
# nvalues = 833                                   
# units = specified
# name 0 = prDM: Pressure, Digiquartz [db]
# name 1 = t090C: Temperature [ITS-90, deg C]
# name 2 = t190C: Temperature, 2 [ITS-90, deg C]
# name 3 = c0S/m: Conductivity [S/m]
# name 4 = c1S/m: Conductivity, 2 [S/m]
# name 5 = sbeox0V: Oxygen raw, SBE 43 [V]
# name 6 = flECO-AFL: Fluorescence, WET Labs ECO-AFL/FL [mg/m^3]
# name 7 = turbWETntu0: Turbidity, WET Labs ECO [NTU]
# name 8 = sal00: Salinity, Practical [PSU]
# name 9 = spar: SPAR/Surface Irradiance
# name 10 = scan: Scan Count
# name 11 = nbf: Bottles Fired
# name 12 = flag:  0.000e+00
# interval = seconds: 0.0416667
# start_time = Jun 15 2018 15:52:39 [System UTC, first data scan.]
# bad_flag = -9.990e-29
*END*
[from data line 445]
    505.784     3.5813     3.5806   3.231442   3.231528     2.3363    -0.3743     0.3775    34.8864 4.2473e+02     189739         10  0.000e+00
    505.671     3.5812     3.5810   3.231454   3.231545     2.3363    -0.3743     0.3775    34.8867 4.2248e+02     189740         10  0.000e+00
    505.727     3.5810     3.5808   3.231442   3.231516     2.3363    -0.3547     0.3775    34.8867 4.2248e+02     189741         10  0.000e+00
    505.727     3.5812     3.5808   3.231448   3.231545     2.3363    -0.3743     0.3775    34.8866 4.2248e+02     189742         10  0.000e+00
    505.727     3.5811     3.5808   3.231454   3.231545     2.3363    -0.3547     0.3775    34.8867 4.2248e+02     189743         10  0.000e+00
    505.792     3.5812     3.5810   3.231442   3.231575     2.3363    -0.3743     0.3775    34.8865 4.2248e+02     189744         10  0.000e+00
    505.727     3.5810     3.5810   3.231448   3.231545     2.3363    -0.3547     0.3775    34.8867 4.2248e+02     189745         10  0.000e+00
    505.792     3.5810     3.5807   3.231454   3.231545     2.3351    -0.3743     0.3775    34.8868 4.2248e+02     189746         10  0.000e+00
    505.550     3.5810     3.5806   3.231417   3.231545     2.3363    -0.3743     0.3775    34.8865 4.2248e+02     189747         10  0.000e+00
    505.970     3.5810     3.5805   3.231423   3.231528     2.3351    -0.3743     0.3775    34.8864 4.2248e+02     189748         10  0.000e+00
    505.727     3.5812     3.5808   3.231473   3.231545     2.3351    -0.3547     0.3775    34.8869 4.2248e+02     189749         10  0.000e+00
    505.784     3.5810     3.5807   3.231442   3.231545     2.3351    -0.3743     0.3775    34.8867 4.2248e+02     189750         10  0.000e+00
    505.792     3.5812     3.5808   3.231442   3.231516     2.3351    -0.3743     0.3775    34.8865 4.2248e+02     189751         10  0.000e+00
    505.848     3.5811     3.5805   3.231454   3.231545     2.3363    -0.3743     0.3775    34.8866 4.2248e+02     189752         10  0.000e+00
    505.784     3.5810     3.5807   3.231461   3.231545     2.3363    -0.3547     0.3726    34.8869 4.2248e+02     189753         10  0.000e+00
    505.792     3.5808     3.5807   3.231454   3.231545     2.3363    -0.3743     0.3726    34.8870 4.2023e+02     189754         10  0.000e+00
    505.792     3.5810     3.5809   3.231454   3.231545     2.3363    -0.3743     0.3726    34.8868 4.2023e+02     189755         10  0.000e+00
    505.848     3.5808     3.5811   3.231454   3.231545     2.3363    -0.3547     0.3726    34.8870 4.2023e+02     189756         10  0.000e+00
    505.848     3.5810     3.5811   3.231435   3.231528     2.3363    -0.3743     0.3726    34.8866 4.2023e+02     189757         10  0.000e+00
    505.848     3.5808     3.5808   3.231404   3.231545     2.3363    -0.3547     0.3726    34.8864 4.2023e+02     189758         10  0.000e+00
    505.848     3.5810     3.5808   3.231435   3.231545     2.3363    -0.3743     0.3726    34.8866 4.2023e+02     189759         10  0.000e+00
    505.848     3.5808     3.5806   3.231454   3.231516     2.3363    -0.3743     0.3726    34.8870 4.2023e+02     189760         10  0.000e+00
    505.848     3.5810     3.5808   3.231417   3.231516     2.3363    -0.3547     0.3726    34.8864 4.2023e+02     189761         10  0.000e+00
    505.848     3.5807     3.5807   3.231435   3.231516     2.3363    -0.3743     0.3726    34.8869 4.2023e+02     189762         10  0.000e+00
    505.905     3.5810     3.5805   3.231454   3.231545     2.3363    -0.3743     0.3726    34.8868 4.2023e+02     189763         10  0.000e+00
    505.905     3.5812     3.5806   3.231461   3.231516     2.3363    -0.3743     0.3726    34.8866 4.2023e+02     189764         10  0.000e+00
    505.848     3.5810     3.5807   3.231435   3.231516     2.3363    -0.3743     0.3726    34.8866 4.2023e+02     189765         10  0.000e+00
    505.905     3.5812     3.5805   3.231442   3.231498     2.3363    -0.3743     0.3726    34.8864 4.2023e+02     189766         10  0.000e+00
    505.970     3.5808     3.5807   3.231454   3.231575     2.3351    -0.3547     0.3726    34.8869 4.2023e+02     189767         10  0.000e+00
    505.905     3.5810     3.5804   3.231461   3.231545     2.3363    -0.3743     0.3726    34.8868 4.2023e+02     189768         10  0.000e+00
    505.970     3.5807     3.5807   3.231435   3.231545     2.3363    -0.3743     0.3726    34.8869 4.2023e+02     189769         10  0.000e+00
    505.905     3.5808     3.5810   3.231423   3.231545     2.3351    -0.3547     0.3726    34.8866 4.2023e+02     189770         10  0.000e+00
    505.970     3.5808     3.5808   3.231429   3.231545     2.3351    -0.3743     0.3726    34.8866 4.2023e+02     189771         10  0.000e+00
    505.970     3.5806     3.5804   3.231448   3.231575     2.3363    -0.3743     0.3726    34.8871 4.1798e+02     189772         10  0.000e+00
    505.970     3.5805     3.5803   3.231435   3.231575     2.3351    -0.3743     0.3726    34.8870 4.2023e+02     189773         10  0.000e+00
    506.026     3.5806     3.5802   3.231404   3.231516     2.3351    -0.3547     0.3726    34.8865 4.2023e+02     189774         10  0.000e+00
    505.970     3.5807     3.5803   3.231423   3.231498     2.3363    -0.3743     0.3726    34.8867 4.1798e+02     189775         10  0.000e+00
    506.026     3.5804     3.5803   3.231429   3.231516     2.3363    -0.3743     0.3775    34.8870 4.1798e+02     189776         10  0.000e+00
    505.849     3.5805     3.5803   3.231423   3.231516     2.3363    -0.3743     0.3824    34.8869 4.1798e+02     189777         10  0.000e+00
    506.204     3.5803     3.5803   3.231404   3.231516     2.3351    -0.3547     0.3873    34.8867 4.1798e+02     189778         10  0.000e+00
    506.091     3.5803     3.5803   3.231379   3.231516     2.3351    -0.3743     0.3873    34.8864 4.1798e+02     189779         10  0.000e+00
    506.026     3.5800     3.5804   3.231392   3.231516     2.3363    -0.3547     0.3824    34.8870 4.1798e+02     189780         10  0.000e+00
    506.091     3.5800     3.5808   3.231398   3.231546     2.3351    -0.3743     0.3873    34.8871 4.1798e+02     189781         10  0.000e+00
    506.091     3.5800     3.5805   3.231379   3.231516     2.3351    -0.3743     0.3873    34.8868 4.1798e+02     189782         10  0.000e+00
    506.083     3.5801     3.5805   3.231373   3.231546     2.3351    -0.3547     0.3824    34.8866 4.1798e+02     189783         10  0.000e+00
    205.659     3.9947     3.9952   3.255783   3.255990     2.4174    -0.3547     0.3971    34.8981 3.7753e+02     199570         11  0.000e+00
    205.627     3.9949     3.9955   3.255751   3.255960     2.4174    -0.3743     0.3971    34.8975 3.7753e+02     199571         11  0.000e+00
    205.747     3.9948     3.9955   3.255777   3.255930     2.4174    -0.3743     0.3922    34.8978 3.7753e+02     199572         11  0.000e+00
    205.570     3.9948     3.9955   3.255814   3.255960     2.4174    -0.3547     0.3922    34.8984 3.7529e+02     199573         11  0.000e+00
    205.659     3.9950     3.9953   3.255821   3.255960     2.4174    -0.3547     0.3971    34.8982 3.7753e+02     199574         11  0.000e+00
    205.747     3.9945     3.9957   3.255827   3.255990     2.4174    -0.3743     0.3971    34.8988 3.7753e+02     199575         11  0.000e+00
    205.683     3.9948     3.9960   3.255783   3.255990     2.4174    -0.3547     0.3922    34.8979 3.7529e+02     199576         11  0.000e+00
    205.723     3.9948     3.9965   3.255808   3.256020     2.4174    -0.3547     0.3922    34.8982 3.7753e+02     199577         11  0.000e+00
    205.747     3.9950     3.9960   3.255846   3.256050     2.4174    -0.3743     0.3922    34.8985 3.7753e+02     199578         11  0.000e+00
    205.747     3.9947     3.9953   3.255814   3.256050     2.4174    -0.3743     0.3971    34.8984 3.7753e+02     199579         11  0.000e+00
    205.779     3.9952     3.9952   3.255814   3.255990     2.4174    -0.3547     0.3922    34.8979 3.7753e+02     199580         11  0.000e+00
    205.804     3.9952     3.9952   3.255846   3.255960     2.4174    -0.3743     0.3971    34.8983 3.7753e+02     199581         11  0.000e+00
    205.804     3.9952     3.9950   3.255833   3.255930     2.4174    -0.3743     0.3922    34.8981 3.7753e+02     199582         11  0.000e+00
    205.804     3.9955     3.9950   3.255865   3.255930     2.4174    -0.3547     0.3922    34.8981 3.7753e+02     199583         11  0.000e+00
    205.900     3.9958     3.9945   3.255884   3.255990     2.4174    -0.3547     0.3971    34.8980 3.7753e+02     199584         11  0.000e+00
    205.804     3.9959     3.9946   3.255903   3.255900     2.4174    -0.3743     0.3922    34.8981 3.7753e+02     199585         11  0.000e+00
    205.924     3.9961     3.9947   3.255896   3.255900     2.4174    -0.3743     0.3922    34.8978 3.7753e+02     199586         11  0.000e+00
    205.900     3.9960     3.9946   3.255903   3.255900     2.4174    -0.3547     0.3873    34.8980 3.7753e+02     199587         11  0.000e+00
    205.924     3.9958     3.9947   3.255915   3.255930     2.4174    -0.3743     0.3873    34.8984 3.7753e+02     199588         11  0.000e+00
    205.924     3.9958     3.9949   3.255896   3.255930     2.4174    -0.3547     0.3873    34.8982 3.7753e+02     199589         11  0.000e+00
    205.900     3.9955     3.9944   3.255846   3.255930     2.4174    -0.3547     0.3873    34.8979 3.7753e+02     199590         11  0.000e+00
    205.980     3.9955     3.9924   3.255808   3.255930     2.4174    -0.3743     0.3824    34.8974 3.7753e+02     199591         11  0.000e+00
    205.980     3.9948     3.9921   3.255777   3.255811     2.4174    -0.3743     0.3873    34.8977 3.7529e+02     199592         11  0.000e+00
    206.021     3.9945     3.9930   3.255726   3.255722     2.4174    -0.3743     0.3873    34.8975 3.7529e+02     199593         11  0.000e+00
    206.045     3.9936     3.9931   3.255689   3.255811     2.4174    -0.3743     0.3824    34.8980 3.7529e+02     199594         11  0.000e+00
    206.045     3.9932     3.9907   3.255632   3.255871     2.4174    -0.3743     0.3873    34.8977 3.7753e+02     199595         11  0.000e+00
    205.868     3.9931     3.9883   3.255613   3.255722     2.4174    -0.3743     0.3824    34.8977 3.7529e+02     199596         11  0.000e+00
    206.254     3.9926     3.9862   3.255550   3.255394     2.4174    -0.3743     0.3824    34.8973 3.7529e+02     199597         11  0.000e+00
    206.101     3.9910     3.9857   3.255349   3.255185     2.4174    -0.3547     0.3873    34.8966 3.7753e+02     199598         11  0.000e+00
    206.101     3.9894     3.9873   3.255198   3.255096     2.4174    -0.3547     0.3824    34.8966 3.7529e+02     199599         11  0.000e+00
    206.133     3.9886     3.9861   3.255166   3.255125     2.4174    -0.3743     0.3824    34.8971 3.7529e+02     199600         11  0.000e+00
    206.222     3.9882     3.9845   3.255172   3.255245     2.4174    -0.3547     0.3824    34.8974 3.7529e+02     199601         11  0.000e+00
    206.101     3.9875     3.9837   3.255128   3.255012     2.4174    -0.3743     0.3873    34.8978 3.7529e+02     199602         11  0.000e+00
    206.198     3.9871     3.9825   3.255109   3.254917     2.4174    -0.3743     0.3873    34.8979 3.7529e+02     199603         11  0.000e+00
    206.222     3.9876     3.9832   3.255198   3.254833     2.4174    -0.3743     0.3824    34.8984 3.7529e+02     199604         11  0.000e+00
    206.222     3.9892     3.9832   3.255342   3.254833     2.4174    -0.3743     0.3873    34.8984 3.7529e+02     199605         11  0.000e+00
    206.318     3.9890     3.9825   3.255311   3.254893     2.4174    -0.3547     0.3873    34.8982 3.7529e+02     199606         11  0.000e+00
    206.222     3.9879     3.9813   3.255179   3.254887     2.4174    -0.3743     0.3873    34.8978 3.7529e+02     199607         11  0.000e+00
    206.342     3.9881     3.9808   3.255229   3.254744     2.4174    -0.3743     0.3873    34.8982 3.7529e+02     199608         11  0.000e+00
    206.318     3.9892     3.9808   3.255324   3.254654     2.4174    -0.3743     0.3824    34.8981 3.7304e+02     199609         11  0.000e+00
    206.278     3.9884     3.9810   3.255216   3.254595     2.4174    -0.3743     0.3824    34.8977 3.7304e+02     199610         11  0.000e+00
    206.342     3.9873     3.9817   3.255084   3.254648     2.4174    -0.3743     0.3873    34.8973 3.7529e+02     199611         11  0.000e+00
    206.374     3.9861     3.9822   3.254984   3.254744     2.4174    -0.3547     0.3873    34.8973 3.7529e+02     199612         11  0.000e+00
    206.398     3.9850     3.9820   3.254851   3.254803     2.4174    -0.3743     0.3824    34.8969 3.7304e+02     199613         11  0.000e+00
    206.398     3.9834     3.9817   3.254726   3.254833     2.4174    -0.3743     0.3824    34.8971 3.7304e+02     199614         11  0.000e+00
    206.398     3.9822     3.9811   3.254631   3.254798     2.4174    -0.3743     0.3824    34.8974 3.7304e+02     199615         11  0.000e+00
    206.431     3.9818     3.9810   3.254606   3.254714     2.4174    -0.3547     0.3824    34.8974 3.7304e+02     199616         11  0.000e+00
    206.455     3.9819     3.9817   3.254606   3.254625     2.4174    -0.3547     0.3824    34.8974 3.7304e+02     199617         11  0.000e+00
    206.455     3.9815     3.9837   3.254587   3.254714     2.4174    -0.3743     0.3873    34.8975 3.7304e+02     199618         11  0.000e+00
    130.184     4.3409     4.3407   3.282607   3.282681     2.5162    -0.1984     0.4215    34.8891 3.7079e+02     203703         12  0.000e+00
    130.095     4.3410     4.3407   3.282607   3.282716     2.5162    -0.1984     0.4215    34.8891 3.7079e+02     203704         12  0.000e+00
    130.296     4.3412     4.3409   3.282645   3.282681     2.5162    -0.1984     0.4166    34.8892 3.7079e+02     203705         12  0.000e+00
    130.119     4.3414     4.3413   3.282626   3.282686     2.5162    -0.1984     0.4166    34.8889 3.7079e+02     203706         12  0.000e+00
    130.296     4.3414     4.3413   3.282626   3.282770     2.5162    -0.1984     0.4166    34.8888 3.7304e+02     203707         12  0.000e+00
    130.360     4.3415     4.3414   3.282620   3.282776     2.5162    -0.1984     0.4166    34.8885 3.7079e+02     203708         12  0.000e+00
    130.328     4.3413     4.3414   3.282626   3.282770     2.5162    -0.1984     0.4166    34.8889 3.7079e+02     203709         12  0.000e+00
    130.417     4.3411     4.3411   3.282595   3.282716     2.5162    -0.1984     0.4166    34.8887 3.7079e+02     203710         12  0.000e+00
    130.360     4.3409     4.3411   3.282595   3.282770     2.5162    -0.1984     0.4166    34.8889 3.7079e+02     203711         12  0.000e+00
    130.481     4.3409     4.3409   3.282588   3.282717     2.5162    -0.1984     0.4166    34.8888 3.6854e+02     203712         12  0.000e+00
    130.505     4.3408     4.3404   3.282595   3.282681     2.5162    -0.1984     0.4166    34.8890 3.7079e+02     203713         12  0.000e+00
    130.481     4.3411     4.3404   3.282588   3.282687     2.5162    -0.1984     0.4166    34.8886 3.6854e+02     203714         12  0.000e+00
    130.593     4.3406     4.3404   3.282557   3.282711     2.5162    -0.1984     0.4166    34.8887 3.6854e+02     203715         12  0.000e+00
    130.593     4.3406     4.3403   3.282588   3.282687     2.5162    -0.1984     0.4166    34.8890 3.7079e+02     203716         12  0.000e+00
    130.593     4.3406     4.3403   3.282544   3.282681     2.5162    -0.1984     0.4166    34.8885 3.6854e+02     203717         12  0.000e+00
    130.625     4.3406     4.3404   3.282557   3.282687     2.5162    -0.1984     0.4166    34.8886 3.6854e+02     203718         12  0.000e+00
