Ship_data/Irminger/Irminger-5/ctd/process/ar30-03007.cnv
* Sea-Bird SBE 9 Data File:
* FileName = D:\Data\ar30-03007.hdr
* Software Version Seasave V 7.23.2
* Temperature SN = 4312
* Conductivity SN = 2148
* Number of Bytes Per Scan = 44
* Number of Voltage Words = 5
* Number of Scans Averaged by the Deck Unit = 1
* NMEA Latitude = 59 46.24 N
* NMEA Longitude = 039 51.54 W
* NMEA UTC (Time) = Jun 10 2018  14:37:43
** Cruise ID: ar30-03
** Chief Sci: Macdonald
** Station #: 007
** Site ID: Irminger 5 FLMA
** ctd cast at FLMA with bottom release testing
# nquan = 18
# nvalues = 5377                        
# units = specified
# name 0 = prDM: Pressure, Digiquartz [db]
# name 1 = t090C: Temperature [ITS-90, deg C]
# name 2 = t190C: Temperature, 2 [ITS-90, deg C]
# name 3 = c0S/m: Conductivity [S/m]
# name 4 = c1S/m: Conductivity, 2 [S/m]
# name 5 = sbeox0V: Oxygen raw, SBE 43 [V]
# name 6 = flECO-AFL: Fluorescence, WET Labs ECO-AFL/FL [mg/m^3]
# name 7 = turbWETntu0: Turbidity, WET Labs ECO [NTU]
# name 8 = sal00: Salinity, Practical [PSU]
# name 9 = spar: SPAR/Surface Irradiance
# name 10 = depSM: Depth [salt water, m], lat = 59.7707
# name 11 = sal00: Salinity, Practical [PSU]
# name 12 = sal11: Salinity, Practical, 2 [PSU]
# name 13 = sbeox0ML/L: Oxygen, SBE 43 [ml/l], WS = 2
# name 14 = svCM: Sound Velocity [Chen-Millero, m/s]
# name 15 = sigma-é00: Density [sigma-theta, kg/m^3]
# name 16 = sigma-é11: Density, 2 [sigma-theta, kg/m^3]
# name 17 = flag: flag
# span 0 =      4.000,   2692.000       
# span 1 =     1.7668,     5.2199       
# span 2 =     1.7685,     5.2194       
# span 3 =   3.162074,   3.353700       
# span 4 =   3.162140,   3.353780       
# span 5 =     1.5519,     2.6685       
# span 6 =    -0.4172,     0.7478       
# span 7 =     0.3401,     0.5050       
# span 8 =    34.7183,    34.9331       
# span 9 = 7.7392e+02, 2.0298e+03       
# span 10 =      3.962,   2649.703      
# span 11 =    34.7195,    34.9323      
# span 12 =    34.8596,    34.9304      
# span 13 =     4.6505,     6.9403      
# span 14 =    1467.79,    1501.76      
# span 15 =    27.5399,    27.9125      
# span 16 =    27.5411,    27.9119      
# span 17 = 0.0000e+00, 0.0000e+00      
# interval = decibars: 1                
# start_time = Jun 10 2018 14:37:43 [System UTC, first data scan.]
# bad_flag = -9.990e-29
*END*
[from data line 1850]
   1854.000     3.4019     3.4028   3.276227   3.276324     1.8941    -0.3938     0.3469    34.9248 9.5687e+02   1828.442    34.9245    34.9247     5.9424    1494.70    27.8007    27.8007 0.0000e+00
   1855.000     3.4028     3.4036   3.276366   3.276428     1.8941    -0.3938     0.3477    34.9250 9.5652e+02   1829.423    34.9247    34.9246     5.9430    1494.72    27.8008    27.8006 0.0000e+00
   1856.000     3.4037     3.4042   3.276479   3.276536     1.8939    -0.3932     0.3476    34.9249 9.6528e+02   1830.405    34.9246    34.9247     5.9426    1494.74    27.8006    27.8006 0.0000e+00
   1857.000     3.4073     3.4076   3.276978   3.276954     1.8937    -0.3798     0.3481    34.9256 9.7793e+02   1831.387    34.9262    34.9256     5.9421    1494.78    27.8016    27.8010 0.0000e+00
   1858.000     3.4200     3.4207   3.278370   3.278413     1.8930    -0.3818     0.3465    34.9281 9.7318e+02   1832.369    34.9289    34.9287     5.9378    1494.85    27.8025    27.8023 0.0000e+00
   1859.000     3.4222     3.4226   3.278610   3.278644     1.8929    -0.3711     0.3444    34.9285 9.6308e+02   1833.351    34.9289    34.9289     5.9374    1494.88    27.8024    27.8022 0.0000e+00
   1860.000     3.4229     3.4236   3.278717   3.278781     1.8918    -0.3818     0.3484    34.9285 9.5572e+02   1834.333    34.9289    34.9290     5.9335    1494.90    27.8023    27.8023 0.0000e+00
   1861.000     3.4232     3.4236   3.278785   3.278822     1.8912    -0.3736     0.3506    34.9287 9.5526e+02   1835.315    34.9290    34.9290     5.9318    1494.92    27.8023    27.8023 0.0000e+00
   1862.000     3.4236     3.4241   3.278894   3.278936     1.8905    -0.3598     0.3461    34.9289 9.5963e+02   1836.297    34.9294    34.9293     5.9296    1494.94    27.8026    27.8025 0.0000e+00
   1863.000     3.4265     3.4272   3.279243   3.279304     1.8903    -0.3759     0.3449    34.9294 9.6291e+02   1837.279    34.9300    34.9300     5.9287    1494.96    27.8028    27.8027 0.0000e+00
   1864.000     3.4282     3.4289   3.279469   3.279536     1.8893    -0.3935     0.3461    34.9299 9.6276e+02   1838.260    34.9304    34.9304     5.9251    1494.99    27.8029    27.8030 0.0000e+00
   1865.000     3.4284     3.4288   3.279508   3.279562     1.8892    -0.3730     0.3463    34.9299 9.6078e+02   1839.242    34.9302    34.9303     5.9252    1495.01    27.8028    27.8029 0.0000e+00
   1866.000     3.4220     3.4224   3.278850   3.278937     1.8883    -0.3706     0.3483    34.9291 9.5776e+02   1840.224    34.9286    34.9292     5.9233    1494.99    27.8022    27.8026 0.0000e+00
   1867.000     3.4174     3.4179   3.278475   3.278548     1.8880    -0.3705     0.3475    34.9288 9.5746e+02   1841.206    34.9285    34.9288     5.9236    1494.99    27.8025    27.8027 0.0000e+00
   1868.000     3.4133     3.4139   3.278120   3.278202     1.8872    -0.3830     0.3455    34.9285 9.5667e+02   1842.188    34.9281    34.9285     5.9216    1494.99    27.8026    27.8028 0.0000e+00
   1869.000     3.4086     3.4093   3.277661   3.277769     1.8866    -0.3720     0.3464    34.9279 9.5317e+02   1843.170    34.9272    34.9277     5.9208    1494.99    27.8023    27.8027 0.0000e+00
   1870.000     3.4030     3.4037   3.277136   3.277268     1.8860    -0.3732     0.3474    34.9274 9.5167e+02   1844.152    34.9264    34.9272     5.9198    1494.98    27.8022    27.8028 0.0000e+00
   1871.000     3.3988     3.3991   3.276815   3.276861     1.8856    -0.3804     0.3473    34.9272 9.5086e+02   1845.133    34.9265    34.9267     5.9195    1494.98    27.8027    27.8029 0.0000e+00
   1872.000     3.3962     3.3965   3.276541   3.276638     1.8856    -0.3940     0.3496    34.9268 9.5025e+02   1846.115    34.9255    34.9264     5.9208    1494.98    27.8022    27.8028 0.0000e+00
   1873.000     3.3928     3.3932   3.276322   3.276366     1.8857    -0.3926     0.3433    34.9266 9.4898e+02   1847.097    34.9260    34.9261     5.9224    1494.98    27.8029    27.8029 0.0000e+00
   1874.000     3.3923     3.3926   3.276299   3.276330     1.8857    -0.3847     0.3433    34.9264 9.4707e+02   1848.079    34.9258    34.9259     5.9233    1495.00    27.8028    27.8028 0.0000e+00
   1875.000     3.3918     3.3922   3.276286   3.276330     1.8859    -0.3717     0.3452    34.9262 9.4636e+02   1849.061    34.9256    34.9258     5.9249    1495.01    27.8027    27.8028 0.0000e+00
   1876.000     3.3905     3.3912   3.276186   3.276274     1.8859    -0.3726     0.3454    34.9259 9.4678e+02   1850.043    34.9254    34.9257     5.9260    1495.02    27.8027    27.8028 0.0000e+00
   1877.000     3.3892     3.3896   3.276120   3.276159     1.8860    -0.3723     0.3438    34.9260 9.4737e+02   1851.024    34.9255    34.9255     5.9276    1495.04    27.8029    27.8029 0.0000e+00
   1878.000     3.3882     3.3886   3.276054   3.276108     1.8858    -0.3721     0.3475    34.9257 9.4401e+02   1852.006    34.9253    34.9255     5.9276    1495.05    27.8028    27.8030 0.0000e+00
   1879.000     3.3875     3.3879   3.276042   3.276087     1.8859    -0.3700     0.3463    34.9257 9.4048e+02   1852.988    34.9254    34.9255     5.9287    1495.06    27.8030    27.8030 0.0000e+00
   1880.000     3.3868     3.3873   3.276016   3.276072     1.8859    -0.3779     0.3425    34.9256 9.3968e+02   1853.970    34.9253    34.9255     5.9299    1495.08    27.8030    27.8031 0.0000e+00
   1881.000     3.3864     3.3869   3.276029   3.276088     1.8860    -0.3865     0.3438    34.9258 9.4133e+02   1854.952    34.9254    34.9256     5.9311    1495.09    27.8031    27.8032 0.0000e+00
   1882.000     3.3852     3.3857   3.275955   3.276021     1.8860    -0.3707     0.3471    34.9256 9.4212e+02   1855.933    34.9253    34.9256     5.9320    1495.10    27.8031    27.8033 0.0000e+00
   1883.000     3.3850     3.3854   3.275993   3.276039     1.8858    -0.3732     0.3471    34.9257 9.4321e+02   1856.915    34.9255    34.9256     5.9319    1495.12    27.8033    27.8034 0.0000e+00
   1884.000     3.3850     3.3854   3.276020   3.276078     1.8858    -0.3723     0.3465    34.9256 9.4349e+02   1857.897    34.9254    34.9256     5.9327    1495.14    27.8032    27.8034 0.0000e+00
   1885.000     3.3837     3.3842   3.275945   3.275996     1.8858    -0.3725     0.3460    34.9256 9.4077e+02   1858.879    34.9253    34.9254     5.9337    1495.15    27.8033    27.8033 0.0000e+00
   1886.000     3.3820     3.3825   3.275806   3.275875     1.8857    -0.3705     0.3457    34.9255 9.3622e+02   1859.860    34.9250    34.9253     5.9345    1495.16    27.8032    27.8035 0.0000e+00
   1887.000     3.3790     3.3795   3.275594   3.275649     1.8857    -0.3690     0.3449    34.9255 9.3424e+02   1860.842    34.9251    34.9253     5.9358    1495.16    27.8036    27.8037 0.0000e+00
   1888.000     3.3766     3.3770   3.275415   3.275471     1.8858    -0.3774     0.3449    34.9255 9.3833e+02   1861.824    34.9251    34.9253     5.9371    1495.17    27.8038    27.8040 0.0000e+00
   1889.000     3.3728     3.3733   3.275077   3.275150     1.8858    -0.3845     0.3463    34.9253 9.4258e+02   1862.806    34.9246    34.9250     5.9386    1495.17    27.8038    27.8040 0.0000e+00
   1890.000     3.3720     3.3722   3.275082   3.275099     1.8858    -0.3758     0.3432    34.9253 9.4345e+02   1863.788    34.9250    34.9250     5.9395    1495.18    27.8042    27.8042 0.0000e+00
   1891.000     3.3720     3.3728   3.275123   3.275209     1.8854    -0.3916     0.3433    34.9253 9.4339e+02   1864.769    34.9251    34.9252     5.9385    1495.20    27.8043    27.8043 0.0000e+00
   1892.000     3.3723     3.3731   3.275187   3.275266     1.8851    -0.3910     0.3433    34.9253 9.4335e+02   1865.751    34.9250    34.9251     5.9379    1495.22    27.8042    27.8042 0.0000e+00
   1893.000     3.3706     3.3708   3.275031   3.275070     1.8852    -0.3938     0.3433    34.9250 9.4242e+02   1866.733    34.9245    34.9247     5.9395    1495.22    27.8040    27.8041 0.0000e+00
   1894.000     3.3701     3.3705   3.275024   3.275082     1.8846    -0.3708     0.3476    34.9248 9.3978e+02   1867.715    34.9244    34.9247     5.9381    1495.24    27.8040    27.8042 0.0000e+00
   1895.000     3.3684     3.3703   3.274892   3.275095     1.8847    -0.3862     0.3491    34.9246 9.3385e+02   1868.696    34.9242    34.9246     5.9395    1495.25    27.8040    27.8041 0.0000e+00
   1896.000     3.3702     3.3701   3.275092   3.275091     1.8851    -0.3773     0.3486    34.9244 9.2683e+02   1869.678    34.9242    34.9243     5.9417    1495.27    27.8038    27.8039 0.0000e+00
   1897.000     3.3661     3.3666   3.274732   3.274810     1.8849    -0.3672     0.3488    34.9243 9.4209e+02   1870.660    34.9237    34.9241     5.9421    1495.27    27.8038    27.8041 0.0000e+00
   1898.000     3.3641     3.3646   3.274622   3.274663     1.8846    -0.3871     0.3479    34.9243 9.4566e+02   1871.641    34.9240    34.9241     5.9420    1495.28    27.8042    27.8042 0.0000e+00
   1899.000     3.3628     3.3634   3.274517   3.274595     1.8846    -0.3865     0.3467    34.9242 9.4653e+02   1872.623    34.9236    34.9240     5.9431    1495.29    27.8041    27.8043 0.0000e+00
   1900.000     3.3595     3.3600   3.274241   3.274324     1.8846    -0.3718     0.3434    34.9242 9.4519e+02   1873.605    34.9234    34.9238     5.9444    1495.29    27.8042    27.8045 0.0000e+00
   1901.000     3.3576     3.3582   3.274170   3.274214     1.8846    -0.3559     0.3437    34.9244 9.4153e+02   1874.587    34.9241    34.9240     5.9455    1495.30    27.8049    27.8048 0.0000e+00
   1902.000     3.3573     3.3577   3.274150   3.274197     1.8846    -0.3501     0.3433    34.9242 9.3612e+02   1875.568    34.9237    34.9238     5.9464    1495.32    27.8047    27.8047 0.0000e+00
   1903.000     3.3560     3.3563   3.274075   3.274120     1.8846    -0.3910     0.3433    34.9242 9.3007e+02   1876.550    34.9237    34.9239     5.9471    1495.33    27.8048    27.8049 0.0000e+00
   1904.000     3.3557     3.3561   3.274085   3.274132     1.8842    -0.3931     0.3472    34.9240 9.2601e+02   1877.532    34.9237    34.9238     5.9463    1495.34    27.8048    27.8049 0.0000e+00
   1905.000     3.3553     3.3557   3.274093   3.274135     1.8835    -0.3800     0.3472    34.9239 9.2943e+02   1878.513    34.9236    34.9238     5.9440    1495.36    27.8048    27.8049 0.0000e+00
   1906.000     3.3544     3.3547   3.274055   3.274096     1.8835    -0.3706     0.3433    34.9241 9.3527e+02   1879.495    34.9237    34.9238     5.9448    1495.37    27.8050    27.8050 0.0000e+00
   1907.000     3.3534     3.3538   3.274004   3.274081     1.8835    -0.3732     0.3433    34.9240 9.3798e+02   1880.477    34.9237    34.9241     5.9458    1495.39    27.8050    27.8053 0.0000e+00
   1908.000     3.3516     3.3521   3.273880   3.273951     1.8826    -0.3678     0.3433    34.9241 9.3970e+02   1881.458    34.9236    34.9239     5.9431    1495.39    27.8051    27.8053 0.0000e+00
   1909.000     3.3493     3.3498   3.273720   3.273796     1.8822    -0.3716     0.3433    34.9240 9.3968e+02   1882.440    34.9236    34.9240     5.9426    1495.40    27.8054    27.8056 0.0000e+00
   1910.000     3.3485     3.3490   3.273688   3.273760     1.8822    -0.3934     0.3433    34.9241 9.3762e+02   1883.422    34.9236    34.9239     5.9437    1495.42    27.8055    27.8057 0.0000e+00
   1911.000     3.3468     3.3471   3.273574   3.273626     1.8821    -0.3576     0.3474    34.9241 9.3481e+02   1884.403    34.9236    34.9239     5.9440    1495.42    27.8057    27.8058 0.0000e+00
   1912.000     3.3463     3.3467   3.273577   3.273618     1.8814    -0.3760     0.3493    34.9240 9.3152e+02   1885.385    34.9237    34.9237     5.9421    1495.44    27.8058    27.8057 0.0000e+00
   1913.000     3.3459     3.3464   3.273581   3.273642     1.8808    -0.3869     0.3501    34.9239 9.2990e+02   1886.367    34.9236    34.9238     5.9401    1495.45    27.8058    27.8059 0.0000e+00
   1914.000     3.3446     3.3452   3.273509   3.273580     1.8803    -0.3906     0.3479    34.9240 9.3023e+02   1887.348    34.9237    34.9239     5.9390    1495.47    27.8059    27.8060 0.0000e+00
   1915.000     3.3435     3.3441   3.273441   3.273511     1.8798    -0.3938     0.3466    34.9239 9.3197e+02   1888.330    34.9235    34.9238     5.9380    1495.48    27.8059    27.8061 0.0000e+00
   1916.000     3.3424     3.3428   3.273398   3.273436     1.8798    -0.4007     0.3499    34.9240 9.3292e+02   1889.312    34.9237    34.9237     5.9389    1495.49    27.8062    27.8061 0.0000e+00
   1917.000     3.3423     3.3428   3.273428   3.273475     1.8799    -0.4064     0.3528    34.9239 9.3318e+02   1890.293    34.9237    34.9237     5.9400    1495.51    27.8062    27.8062 0.0000e+00
   1918.000     3.3418     3.3423   3.273405   3.273469     1.8799    -0.3852     0.3482    34.9238 9.3277e+02   1891.275    34.9234    34.9237     5.9409    1495.52    27.8060    27.8062 0.0000e+00
   1919.000     3.3392     3.3397   3.273216   3.273276     1.8799    -0.3802     0.3446    34.9238 9.3348e+02   1892.256    34.9235    34.9237     5.9419    1495.53    27.8063    27.8064 0.0000e+00
   1920.000     3.3380     3.3384   3.273152   3.273194     1.8799    -0.3823     0.3456    34.9239 9.3544e+02   1893.238    34.9236    34.9236     5.9429    1495.54    27.8065    27.8065 0.0000e+00
   1921.000     3.3369     3.3373   3.273099   3.273142     1.8798    -0.3787     0.3462    34.9238 9.3830e+02   1894.220    34.9236    34.9236     5.9437    1495.55    27.8066    27.8066 0.0000e+00
   1922.000     3.3362     3.3366   3.273060   3.273112     1.8794    -0.3817     0.3447    34.9238 9.3929e+02   1895.201    34.9233    34.9236     5.9428    1495.56    27.8065    27.8067 0.0000e+00
   1923.000     3.3343     3.3347   3.272944   3.272999     1.8789    -0.3804     0.3459    34.9238 9.3791e+02   1896.183    34.9235    34.9237     5.9415    1495.57    27.8068    27.8070 0.0000e+00
   1924.000     3.3330     3.3335   3.272853   3.272919     1.8787    -0.3938     0.3433    34.9238 9.3555e+02   1897.165    34.9234    34.9236     5.9417    1495.58    27.8069    27.8070 0.0000e+00
   1925.000     3.3317     3.3322   3.272791   3.272846     1.8786    -0.3746     0.3473    34.9238 9.3226e+02   1898.146    34.9235    34.9236     5.9424    1495.60    27.8071    27.8072 0.0000e+00
   1926.000     3.3309     3.3313   3.272757   3.272811     1.8787    -0.3710     0.3463    34.9238 9.2941e+02   1899.128    34.9235    34.9237     5.9436    1495.61    27.8072    27.8073 0.0000e+00
   1927.000     3.3294     3.3299   3.272656   3.272720     1.8785    -0.3782     0.3496    34.9237 9.2592e+02   1900.109    34.9234    34.9236     5.9440    1495.62    27.8072    27.8073 0.0000e+00
   1928.000     3.3286     3.3291   3.272622   3.272680     1.8784    -0.3864     0.3478    34.9235 9.2728e+02   1901.091    34.9233    34.9235     5.9442    1495.63    27.8072    27.8073 0.0000e+00
   1929.000     3.3274     3.3278   3.272575   3.272624     1.8775    -0.3698     0.3468    34.9238 9.3899e+02   1902.073    34.9235    34.9237     5.9413    1495.64    27.8075    27.8076 0.0000e+00
   1930.000     3.3266     3.3270   3.272535   3.272592     1.8775    -0.3893     0.3535    34.9237 9.4291e+02   1903.054    34.9234    34.9236     5.9423    1495.66    27.8075    27.8077 0.0000e+00
   1931.000     3.3259     3.3264   3.272530   3.272577     1.8772    -0.3892     0.3497    34.9237 9.4421e+02   1904.036    34.9235    34.9237     5.9420    1495.67    27.8077    27.8078 0.0000e+00
   1932.000     3.3247     3.3252   3.272445   3.272507     1.8769    -0.3856     0.3459    34.9237 9.4348e+02   1905.017    34.9234    34.9236     5.9414    1495.68    27.8077    27.8078 0.0000e+00
