Ship_data/Irminger/Irminger-5/ctd/process/ar30-03023.cnv
* Sea-Bird SBE 9 Data File:
* FileName = D:\Data\ar30-03023.hdr
* Software Version Seasave V 7.23.2
* Temperature SN = 4312
* Conductivity SN = 2148
* Number of Bytes Per Scan = 44
* Number of Voltage Words = 5
* Number of Scans Averaged by the Deck Unit = 1
* NMEA Latitude = 62 03.51 N
* NMEA Longitude = 032 13.91 W
* NMEA UTC (Time) = Jun 22 2018  20:07:00
** Cruise ID: ar30-03
** Chief Sci: Macdonald
** Station #: 023
** Site ID: Irminger 5 CL2
# nquan = 18
# nvalues = 309                         
# units = specified
# name 0 = prDM: Pressure, Digiquartz [db]
# name 1 = t090C: Temperature [ITS-90, deg C]
# name 2 = t190C: Temperature, 2 [ITS-90, deg C]
# name 3 = c0S/m: Conductivity [S/m]
# name 4 = c1S/m: Conductivity, 2 [S/m]
# name 5 = sbeox0V: Oxygen raw, SBE 43 [V]
# name 6 = flECO-AFL: Fluorescence, WET Labs ECO-AFL/FL [mg/m^3]
# name 7 = turbWETntu0: Turbidity, WET Labs ECO [NTU]
# name 8 = sal00: Salinity, Practical [PSU]
# name 9 = spar: SPAR/Surface Irradiance
# name 10 = depSM: Depth [salt water, m], lat = 62.0585
# name 11 = sal00: Salinity, Practical [PSU]
# name 12 = sal11: Salinity, Practical, 2 [PSU]
# name 13 = sbeox0ML/L: Oxygen, SBE 43 [ml/l], WS = 2
# name 14 = svCM: Sound Velocity [Chen-Millero, m/s]
# name 15 = sigma-é00: Density [sigma-theta, kg/m^3]
# name 16 = sigma-é11: Density, 2 [sigma-theta, kg/m^3]
# name 17 = flag: flag
# span 0 =      1.000,    156.000       
# span 1 =     5.0487,     7.2925       
# span 2 =     5.0391,     7.2904       
# span 3 =   3.347887,   3.546206       
# span 4 =   3.346973,   3.546265       
# span 5 =     2.3848,     2.7664       
# span 6 =    -0.3653,     4.1054       
# span 7 =     0.3715,     0.6976       
# span 8 =    34.8507,    34.9151       
# span 9 = 1.3471e+02, 3.0522e+02       
# span 10 =      0.990,    154.446      
# span 11 =    34.8566,    34.9318      
# span 12 =    34.8671,    34.9181      
# span 13 =     6.1428,     6.9205      
# span 14 =    1472.88,    1480.06      
# span 15 =    27.2723,    27.5986      
# span 16 =    27.2740,    27.5873      
# span 17 = 0.0000e+00, 0.0000e+00      
# interval = decibars: 1                
# start_time = Jun 22 2018 20:08:34 [System UTC, first data scan.]
# bad_flag = -9.990e-29
*END*
[from data line 161]
    148.000     5.1753     5.1749   3.360400   3.360530     2.3897    -0.3556     0.3954    34.9091 1.7265e+02    146.528    34.9096    34.9115     6.1612    1473.75    27.5844    27.5859 0.0000e+00
    147.000     5.1835     5.1818   3.361202   3.361161     2.3891    -0.3498     0.3918    34.9098 1.7385e+02    145.539    34.9108    34.9122     6.1572    1473.77    27.5844    27.5857 0.0000e+00
    146.000     5.1913     5.1911   3.361895   3.362046     2.3884    -0.3553     0.3895    34.9104 1.7463e+02    144.549    34.9112    34.9131     6.1529    1473.79    27.5838    27.5853 0.0000e+00
    145.000     5.1945     5.1934   3.362199   3.362265     2.3884    -0.3438     0.4688    34.9113 1.7521e+02    143.559    34.9119    34.9137     6.1515    1473.78    27.5839    27.5855 0.0000e+00
    144.000     5.1941     5.1901   3.362119   3.361904     2.3881    -0.3331     0.3839    34.9116 1.7411e+02    142.570    34.9119    34.9136     6.1497    1473.77    27.5840    27.5858 0.0000e+00
    143.000     5.1962     5.1941   3.362241   3.362228     2.3885    -0.3428     0.3922    34.9112 1.7477e+02    141.580    34.9116    34.9137     6.1498    1473.76    27.5835    27.5854 0.0000e+00
    142.000     5.1961     5.1963   3.362164   3.362361     2.3885    -0.3567     0.3935    34.9114 1.7503e+02    140.590    34.9114    34.9134     6.1493    1473.74    27.5833    27.5849 0.0000e+00
    141.000     5.1972     5.1980   3.362200   3.362411     2.3895    -0.3528     0.3895    34.9108 1.7561e+02    139.600    34.9112    34.9127     6.1514    1473.73    27.5830    27.5841 0.0000e+00
    140.000     5.1993     5.1991   3.362289   3.362441     2.3896    -0.3653     0.3945    34.9103 1.7624e+02    138.611    34.9106    34.9125     6.1506    1473.72    27.5823    27.5838 0.0000e+00
    139.000     5.1989     5.1979   3.362230   3.362329     2.3883    -0.3399     0.3952    34.9107 1.7599e+02    137.621    34.9108    34.9130     6.1459    1473.70    27.5825    27.5843 0.0000e+00
    138.000     5.1988     5.1984   3.362148   3.362295     2.3890    -0.3482     0.3926    34.9104 1.7569e+02    136.631    34.9105    34.9126     6.1472    1473.69    27.5822    27.5840 0.0000e+00
    137.000     5.1994     5.1991   3.362150   3.362305     2.3899    -0.3324     0.3991    34.9103 1.7564e+02    135.641    34.9104    34.9124     6.1493    1473.67    27.5821    27.5837 0.0000e+00
    136.000     5.2027     5.2030   3.362482   3.362585     2.3908    -0.3382     0.3930    34.9105 1.7696e+02    134.652    34.9112    34.9121     6.1508    1473.67    27.5824    27.5830 0.0000e+00
    135.000     5.2180     5.2223   3.363914   3.364356     2.3914    -0.3257     0.3973    34.9104 1.7823e+02    133.662    34.9123    34.9129     6.1496    1473.72    27.5814    27.5814 0.0000e+00
    134.000     5.2379     5.2397   3.365867   3.366131     2.3922    -0.3319     0.3977    34.9113 1.7931e+02    132.672    34.9146    34.9158     6.1482    1473.78    27.5808    27.5815 0.0000e+00
    133.000     5.2561     5.2559   3.367529   3.367688     2.3924    -0.3397     0.3918    34.9134 1.7978e+02    131.682    34.9152    34.9173     6.1450    1473.84    27.5791    27.5808 0.0000e+00
    132.000     5.2611     5.2608   3.367975   3.368137     2.3922    -0.3315     0.3897    34.9143 1.7824e+02    130.693    34.9158    34.9179     6.1428    1473.85    27.5790    27.5806 0.0000e+00
    131.000     5.2607     5.2531   3.367898   3.367294     2.3942    -0.3355     0.3982    34.9151 1.7444e+02    129.703    34.9158    34.9168     6.1487    1473.83    27.5790    27.5807 0.0000e+00
    130.000     5.2612     5.2581   3.367801   3.367697     2.3954    -0.3376     0.4272    34.9141 1.7690e+02    128.713    34.9146    34.9168     6.1517    1473.81    27.5780    27.5801 0.0000e+00
    129.000     5.2616     5.2617   3.367737   3.367872     2.3960    -0.3437     0.4848    34.9134 1.7851e+02    127.723    34.9140    34.9155     6.1529    1473.80    27.5775    27.5787 0.0000e+00
    128.000     5.2632     5.2636   3.367738   3.367916     2.3975    -0.3434     0.3970    34.9123 1.7991e+02    126.733    34.9129    34.9145     6.1567    1473.79    27.5764    27.5776 0.0000e+00
    127.000     5.2643     5.2637   3.367760   3.367887     2.3991    -0.3359     0.3942    34.9120 1.8027e+02    125.744    34.9126    34.9146     6.1610    1473.77    27.5760    27.5777 0.0000e+00
    126.000     5.2631     5.2628   3.367477   3.367692     2.4003    -0.3419     0.3967    34.9113 1.7976e+02    124.754    34.9111    34.9139     6.1644    1473.75    27.5749    27.5772 0.0000e+00
    125.000     5.2592     5.2585   3.367110   3.367147     2.4013    -0.3265     0.3973    34.9111 1.7903e+02    123.764    34.9114    34.9126     6.1674    1473.72    27.5757    27.5767 0.0000e+00
    124.000     5.2582     5.2585   3.366874   3.367099     2.4021    -0.3150     0.3968    34.9106 1.7845e+02    122.774    34.9103    34.9126     6.1695    1473.70    27.5748    27.5766 0.0000e+00
    123.000     5.2560     5.2581   3.366636   3.367050     2.4064    -0.3272     0.4004    34.9102 1.7775e+02    121.784    34.9104    34.9129     6.1829    1473.67    27.5752    27.5769 0.0000e+00
    122.000     5.2530     5.2537   3.366163   3.366491     2.4068    -0.3388     0.3915    34.9097 1.7752e+02    120.795    34.9085    34.9117     6.1840    1473.64    27.5741    27.5765 0.0000e+00
    121.000     5.2356     5.2330   3.363931   3.364218     2.4072    -0.3259     0.3912    34.9067 1.7738e+02    119.805    34.9015    34.9075     6.1873    1473.54    27.5706    27.5757 0.0000e+00
    120.000     5.1962     5.1776   3.359296   3.358291     2.4094    -0.3254     0.4046    34.9007 1.7811e+02    118.815    34.8898    34.8976     6.2006    1473.35    27.5659    27.5744 0.0000e+00
    119.000     5.1477     5.1349   3.354547   3.353805     2.4139    -0.3277     0.4057    34.8937 1.7892e+02    117.825    34.8861    34.8909     6.2223    1473.14    27.5688    27.5741 0.0000e+00
    118.000     5.1296     5.1265   3.352852   3.352792     2.4208    -0.3075     0.4053    34.8913 1.7991e+02    116.835    34.8860    34.8885     6.2470    1473.05    27.5708    27.5732 0.0000e+00
    117.000     5.1196     5.1174   3.351776   3.351817     2.4293    -0.2980     0.4040    34.8892 1.8063e+02    115.845    34.8845    34.8873     6.2756    1472.99    27.5708    27.5733 0.0000e+00
    116.000     5.1149     5.1175   3.351309   3.351845     2.4409    -0.2805     0.4051    34.8882 1.8154e+02    114.855    34.8846    34.8880     6.3132    1472.95    27.5714    27.5738 0.0000e+00
    115.000     5.1129     5.1277   3.351181   3.352795     2.4721    -0.2596     0.4084    34.8870 1.7780e+02    113.866    34.8857    34.8889     6.4144    1472.93    27.5725    27.5733 0.0000e+00
    114.000     5.1184     5.1190   3.351597   3.351876     2.4771    -0.2685     0.4119    34.8871 1.7687e+02    112.876    34.8853    34.8879     6.4290    1472.93    27.5715    27.5736 0.0000e+00
    113.000     5.1155     5.1157   3.351266   3.351466     2.4779    -0.2668     0.4018    34.8866 1.7782e+02    111.886    34.8850    34.8872     6.4313    1472.91    27.5716    27.5733 0.0000e+00
    112.000     5.1138     5.1136   3.351025   3.351141     2.4792    -0.2690     0.3972    34.8857 1.7940e+02    110.896    34.8846    34.8861     6.4350    1472.88    27.5715    27.5727 0.0000e+00
    111.000     5.1192     5.1212   3.351424   3.351694     2.4812    -0.2661     0.4041    34.8844 1.8011e+02    109.906    34.8840    34.8851     6.4400    1472.89    27.5704    27.5710 0.0000e+00
    110.000     5.1247     5.1261   3.351832   3.352098     2.4841    -0.2709     0.4040    34.8838 1.8073e+02    108.916    34.8836    34.8851     6.4476    1472.89    27.5694    27.5705 0.0000e+00
    109.000     5.1307     5.1311   3.352361   3.352499     2.4878    -0.2676     0.4042    34.8835 1.8197e+02    107.926    34.8839    34.8851     6.4578    1472.90    27.5690    27.5698 0.0000e+00
    108.000     5.1375     5.1298   3.352885   3.352385     2.4926    -0.2452     0.4248    34.8833 1.8251e+02    106.937    34.8834    34.8856     6.4714    1472.91    27.5677    27.5704 0.0000e+00
    107.000     5.1478     5.1423   3.353753   3.353403     2.5051    -0.1899     0.4140    34.8831 1.7829e+02    105.947    34.8832    34.8849     6.5095    1472.94    27.5664    27.5684 0.0000e+00
    106.000     5.1394     5.1397   3.352982   3.353140     2.5083    -0.2126     0.4089    34.8838 1.7797e+02    104.957    34.8836    34.8852     6.5205    1472.89    27.5677    27.5688 0.0000e+00
    105.000     5.1465     5.1485   3.353571   3.353885     2.5092    -0.2179     0.4107    34.8829 1.8000e+02    103.967    34.8835    34.8851     6.5216    1472.90    27.5667    27.5678 0.0000e+00
    104.000     5.1621     5.1591   3.354950   3.354803     2.5116    -0.1936     0.4124    34.8829 1.8173e+02    102.977    34.8837    34.8851     6.5257    1472.95    27.5650    27.5665 0.0000e+00
    103.000     5.1969     5.1938   3.357959   3.357862     2.5219    -0.1417     0.4274    34.8828 1.8757e+02    101.987    34.8826    34.8847     6.5525    1473.07    27.5601    27.5620 0.0000e+00
    102.000     5.1913     5.1901   3.357423   3.357457     2.5200    -0.1855     0.4169    34.8829 1.9330e+02    100.997    34.8828    34.8845     6.5466    1473.03    27.5609    27.5623 0.0000e+00
    101.000     5.1919     5.1906   3.357431   3.357465     2.5209    -0.2054     0.4186    34.8826 1.9361e+02    100.007    34.8827    34.8845     6.5485    1473.02    27.5607    27.5623 0.0000e+00
    100.000     5.1964     5.1948   3.357817   3.357807     2.5217    -0.2058     0.4169    34.8825 1.9561e+02     99.017    34.8831    34.8846     6.5494    1473.02    27.5604    27.5618 0.0000e+00
     99.000     5.1975     5.1996   3.357821   3.358197     2.5222    -0.1414     0.4185    34.8826 1.9318e+02     98.027    34.8825    34.8846     6.5502    1473.01    27.5599    27.5612 0.0000e+00
     98.000     5.1996     5.2039   3.358026   3.358505     2.5239    -0.1842     0.4138    34.8825 1.9171e+02     97.037    34.8831    34.8843     6.5543    1473.00    27.5601    27.5605 0.0000e+00
     97.000     5.2087     5.2096   3.358787   3.358976     2.5248    -0.1989     0.4167    34.8818 1.9331e+02     96.047    34.8830    34.8842     6.5548    1473.02    27.5589    27.5597 0.0000e+00
     96.000     5.2202     5.2236   3.359875   3.360201     2.5254    -0.1984     0.4166    34.8821 1.9429e+02     95.057    34.8840    34.8843     6.5541    1473.05    27.5583    27.5581 0.0000e+00
     95.000     5.2318     5.2251   3.360790   3.360329     2.5262    -0.1464     0.4240    34.8821 1.9569e+02     94.067    34.8830    34.8847     6.5538    1473.08    27.5562    27.5583 0.0000e+00
     94.000     5.2298     5.2289   3.360567   3.360619     2.5276    -0.1250     0.4343    34.8826 1.9302e+02     93.078    34.8830    34.8846     6.5577    1473.05    27.5564    27.5577 0.0000e+00
     93.000     5.2337     5.2326   3.360857   3.360888     2.5275    -0.0993     0.5144    34.8821 1.9305e+02     92.088    34.8829    34.8844     6.5560    1473.05    27.5558    27.5571 0.0000e+00
     92.000     5.2494     5.2465   3.362375   3.362071     2.5279    -0.1290     0.4174    34.8819 1.9465e+02     91.098    34.8845    34.8841     6.5537    1473.10    27.5551    27.5552 0.0000e+00
     91.000     5.2746     5.2742   3.364523   3.364617     2.5289    -0.1507     0.4221    34.8813 1.9547e+02     90.108    34.8835    34.8850     6.5520    1473.19    27.5514    27.5526 0.0000e+00
     90.000     5.2893     5.2961   3.365863   3.366450     2.5306    -0.1432     0.4433    34.8816 1.9571e+02     89.118    34.8841    34.8838     6.5539    1473.23    27.5501    27.5490 0.0000e+00
     89.000     5.2983     5.2928   3.366526   3.366154     2.5323    -0.1110     0.4315    34.8816 1.9437e+02     88.128    34.8829    34.8843     6.5572    1473.25    27.5481    27.5498 0.0000e+00
     88.000     5.3027     5.2948   3.366879   3.366273     2.5341    -0.1366     0.4208    34.8814 1.9339e+02     87.138    34.8829    34.8841     6.5615    1473.25    27.5475    27.5494 0.0000e+00
     87.000     5.3112     5.3104   3.367684   3.367618     2.5342    -0.1234     0.4223    34.8815 1.9452e+02     86.148    34.8838    34.8839     6.5595    1473.27    27.5472    27.5474 0.0000e+00
     86.000     5.3251     5.3219   3.368802   3.368668     2.5342    -0.1598     0.4314    34.8808 1.9509e+02     85.158    34.8827    34.8845     6.5562    1473.31    27.5446    27.5464 0.0000e+00
     85.000     5.3311     5.3257   3.369271   3.368933     2.5349    -0.1571     0.4269    34.8811 1.9580e+02     84.168    34.8824    34.8841     6.5568    1473.32    27.5436    27.5457 0.0000e+00
     84.000     5.3257     5.3234   3.368763   3.368676     2.5350    -0.0911     0.4320    34.8818 1.9414e+02     83.178    34.8827    34.8841     6.5573    1473.28    27.5446    27.5459 0.0000e+00
     83.000     5.3320     5.3309   3.369230   3.369288     2.5352    -0.1396     0.4361    34.8811 1.9362e+02     82.188    34.8820    34.8838     6.5560    1473.29    27.5432    27.5448 0.0000e+00
     82.000     5.3364     5.3339   3.369612   3.369519     2.5357    -0.1529     0.4221    34.8813 1.9426e+02     81.198    34.8824    34.8839     6.5558    1473.29    27.5430    27.5445 0.0000e+00
     81.000     5.3450     5.3396   3.370388   3.369977     2.5366    -0.0989     0.4183    34.8819 1.9484e+02     80.208    34.8829    34.8838     6.5564    1473.31    27.5423    27.5437 0.0000e+00
     80.000     5.3565     5.3461   3.371333   3.370509     2.5375    -0.1040     0.4649    34.8811 1.9524e+02     79.218    34.8823    34.8836     6.5566    1473.34    27.5405    27.5428 0.0000e+00
     79.000     5.3700     5.3682   3.372475   3.372453     2.5383    -0.1074     0.4250    34.8804 1.9324e+02     78.228    34.8819    34.8835     6.5560    1473.37    27.5385    27.5400 0.0000e+00
     78.000     5.3962     5.4110   3.374822   3.376263     2.5412    -0.1212     0.4480    34.8783 1.9320e+02     77.238    34.8820    34.8832     6.5602    1473.46    27.5354    27.5346 0.0000e+00
     77.000     5.4336     5.4563   3.378333   3.380409     2.5438    -0.1174     0.4299    34.8795 1.9438e+02     76.247    34.8840    34.8841     6.5615    1473.60    27.5325    27.5298 0.0000e+00
     76.000     5.4678     5.4390   3.381385   3.378858     2.5502    -0.0264     0.4263    34.8805 1.9392e+02     75.257    34.8839    34.8849     6.5755    1473.72    27.5282    27.5326 0.0000e+00
     75.000     5.4912     5.4857   3.383788   3.382900     2.5540    -0.0705     0.4299    34.8807 1.8996e+02     74.267    34.8876    34.8832     6.5827    1473.80    27.5283    27.5255 0.0000e+00
     74.000     5.5139     5.5201   3.385662   3.386137     2.5567    -0.0777     0.4341    34.8807 1.9219e+02     73.277    34.8860    34.8850     6.5867    1473.87    27.5243    27.5227 0.0000e+00
     73.000     5.5436     5.5439   3.388241   3.388337     2.5599    -0.0582     0.4493    34.8801 1.9439e+02     72.287    34.8852    34.8860     6.5912    1473.98    27.5200    27.5206 0.0000e+00
     72.000     5.5395     5.5360   3.387654   3.387553     2.5689     0.0074     0.4487    34.8816 1.9412e+02     71.297    34.8833    34.8858     6.6201    1473.94    27.5190    27.5214 0.0000e+00
     71.000     5.5412     5.5439   3.387775   3.388131     2.5714    -0.0315     0.4531    34.8816 1.9133e+02     70.307    34.8833    34.8846     6.6267    1473.93    27.5188    27.5195 0.0000e+00
     70.000     5.5501     5.5485   3.388560   3.388559     2.5725     0.0426     0.4629    34.8821 1.9307e+02     69.317    34.8836    34.8853     6.6281    1473.95    27.5179    27.5194 0.0000e+00
     69.000     5.5539     5.5513   3.388812   3.388676     2.5735     0.0596     0.4425    34.8815 1.9534e+02     68.327    34.8831    34.8843     6.6296    1473.95    27.5170    27.5183 0.0000e+00
