Ship_data/Irminger/Irminger-5/ctd/process/ar30-03018.ros
* Sea-Bird SBE 9 Data File:
* FileName = D:\Data\ar30-03018.hdr
* Software Version Seasave V 7.23.2
* Temperature SN = 4312
* Conductivity SN = 2148
* Number of Bytes Per Scan = 44
* Number of Voltage Words = 5
* Number of Scans Averaged by the Deck Unit = 1
* NMEA Latitude = 59 52.87 N
* NMEA Longitude = 040 53.94 W
* NMEA UTC (Time) = Jun 18 2018  16:05:20
** Cruise ID: ar30-03
** Chief Sci: Macdonald
** Station #: 018
** Site ID: Irminger 5 OSNAP C12
** Cast at OSNAP site C12 between M1 and M2 moorings
# nquan = 13
# nvalues = 735                                   
# units = specified
# name 0 = prDM: Pressure, Digiquartz [db]
# name 1 = t090C: Temperature [ITS-90, deg C]
# name 2 = t190C: Temperature, 2 [ITS-90, deg C]
# name 3 = c0S/m: Conductivity [S/m]
# name 4 = c1S/m: Conductivity, 2 [S/m]
# name 5 = sbeox0V: Oxygen raw, SBE 43 [V]
# name 6 = flECO-AFL: Fluorescence, WET Labs ECO-AFL/FL [mg/m^3]
# name 7 = turbWETntu0: Turbidity, WET Labs ECO [NTU]
# name 8 = sal00: Salinity, Practical [PSU]
# name 9 = spar: SPAR/Surface Irradiance
# name 10 = scan: Scan Count
# name 11 = nbf: Bottles Fired
# name 12 = flag:  0.000e+00
# interval = seconds: 0.0416667
# start_time = Jun 18 2018 16:05:20 [System UTC, first data scan.]
# bad_flag = -9.990e-29
*END*
[from data line 112]
   2028.208     2.5878     2.5882   3.209091   3.209123     1.8894    -0.3547     0.3629    34.8984 9.3035e+02      78860          3  0.000e+00
   2028.141     2.5878     2.5884   3.209122   3.209100     1.8894    -0.3547     0.3629    34.8988 9.3035e+02      78861          3  0.000e+00
   2028.249     2.5875     2.5881   3.209116   3.209123     1.8882    -0.3547     0.3629    34.8990 9.3260e+02      78862          3  0.000e+00
   2028.208     2.5877     2.5882   3.209129   3.209159     1.8882    -0.3547     0.3629    34.8990 9.3035e+02      78863          3  0.000e+00
   2028.249     2.5877     2.5883   3.209091   3.209153     1.8894    -0.3547     0.3678    34.8985 9.3035e+02      78864          3  0.000e+00
   2028.332     2.5875     2.5883   3.209072   3.209159     1.8894    -0.3743     0.3678    34.8984 9.3260e+02      78865          3  0.000e+00
   2028.266     2.5877     2.5881   3.209091   3.209153     1.8894    -0.3743     0.3678    34.8985 9.3035e+02      78866          3  0.000e+00
   2028.373     2.5878     2.5883   3.209085   3.209159     1.8882    -0.3743     0.3678    34.8982 9.3260e+02      78867          3  0.000e+00
   2028.390     2.5874     2.5881   3.209091   3.209123     1.8882    -0.3743     0.3678    34.8988 9.3035e+02      78868          3  0.000e+00
   2028.390     2.5877     2.5882   3.209129   3.209159     1.8882    -0.3743     0.3678    34.8989 9.3035e+02      78869          3  0.000e+00
   2028.431     2.5875     2.5881   3.209091   3.209183     1.8894    -0.3743     0.3678    34.8986 9.3035e+02      78870          3  0.000e+00
   2028.456     2.5877     2.5881   3.209091   3.209189     1.8894    -0.3743     0.3726    34.8984 9.3035e+02      78871          3  0.000e+00
   2028.456     2.5875     2.5883   3.209085   3.209153     1.8894    -0.3743     0.3678    34.8985 9.3260e+02      78872          3  0.000e+00
   2028.564     2.5877     2.5879   3.209073   3.209129     1.8894    -0.3743     0.3678    34.8981 9.3035e+02      78873          3  0.000e+00
   2028.514     2.5877     2.5879   3.209072   3.209183     1.8894    -0.3743     0.3678    34.8982 9.3035e+02      78874          3  0.000e+00
   2028.581     2.5875     2.5879   3.209073   3.209129     1.8894    -0.3743     0.3678    34.8983 9.3035e+02      78875          3  0.000e+00
   2028.622     2.5877     2.5877   3.209098   3.209153     1.8894    -0.3743     0.3678    34.8984 9.3035e+02      78876          3  0.000e+00
   2028.647     2.5875     2.5876   3.209129   3.209129     1.8894    -0.3743     0.3678    34.8990 9.3035e+02      78877          3  0.000e+00
   2028.705     2.5875     2.5878   3.209091   3.209129     1.8894    -0.3743     0.3678    34.8985 9.3260e+02      78878          3  0.000e+00
   2028.746     2.5874     2.5881   3.209135   3.209070     1.8894    -0.3743     0.3726    34.8992 9.3035e+02      78879          3  0.000e+00
   2028.705     2.5877     2.5881   3.209123   3.209100     1.8894    -0.3743     0.3678    34.8987 9.3035e+02      78880          3  0.000e+00
   2028.771     2.5877     2.5879   3.209123   3.209153     1.8894    -0.3743     0.3678    34.8986 9.3035e+02      78881          3  0.000e+00
   2028.813     2.5875     2.5881   3.209091   3.209159     1.8894    -0.3743     0.3678    34.8984 9.3035e+02      78882          3  0.000e+00
   2028.829     2.5878     2.5878   3.209098   3.209153     1.8894    -0.3743     0.3726    34.8981 9.3035e+02      78883          3  0.000e+00
   2028.829     2.5875     2.5879   3.209110   3.209159     1.8894    -0.3743     0.3678    34.8986 9.3035e+02      78884          3  0.000e+00
   2028.879     2.5877     2.5879   3.209104   3.209124     1.8894    -0.3743     0.3678    34.8984 9.3035e+02      78885          3  0.000e+00
   2028.895     2.5877     2.5878   3.209104   3.209159     1.8882    -0.3743     0.3678    34.8984 9.2810e+02      78886          3  0.000e+00
   2028.962     2.5877     2.5881   3.209123   3.209100     1.8894    -0.3743     0.3678    34.8986 9.3035e+02      78887          3  0.000e+00
   2028.937     2.5875     2.5877   3.209135   3.209159     1.8894    -0.3743     0.3726    34.8989 9.2810e+02      78888          3  0.000e+00
   2029.020     2.5875     2.5878   3.209135   3.209183     1.8882    -0.3938     0.3678    34.8989 9.3035e+02      78889          3  0.000e+00
   2029.020     2.5875     2.5878   3.209116   3.209130     1.8894    -0.3938     0.3678    34.8986 9.2810e+02      78890          3  0.000e+00
   2029.061     2.5872     2.5879   3.209110   3.209100     1.8882    -0.3938     0.3726    34.8989 9.2810e+02      78891          3  0.000e+00
   2029.086     2.5874     2.5878   3.209104   3.209130     1.8882    -0.3938     0.3678    34.8986 9.2810e+02      78892          3  0.000e+00
   2029.086     2.5872     2.5879   3.209085   3.209153     1.8894    -0.3938     0.3726    34.8986 9.2810e+02      78893          3  0.000e+00
   2029.128     2.5870     2.5879   3.209054   3.209130     1.8894    -0.3938     0.3678    34.8983 9.2586e+02      78894          3  0.000e+00
   1521.186     3.4218     3.4218   3.263418   3.263459     1.9777    -0.3743     0.3629    34.9141 1.0450e+03      94860          4  0.000e+00
   1521.252     3.4215     3.4219   3.263406   3.263429     1.9790    -0.3743     0.3629    34.9142 1.0450e+03      94861          4  0.000e+00
   1521.129     3.4218     3.4218   3.263393   3.263489     1.9790    -0.3743     0.3629    34.9138 1.0427e+03      94862          4  0.000e+00
   1521.120     3.4217     3.4218   3.263418   3.263459     1.9790    -0.3547     0.3629    34.9143 1.0405e+03      94863          4  0.000e+00
   1521.186     3.4217     3.4217   3.263406   3.263489     1.9790    -0.3743     0.3629    34.9141 1.0360e+03      94864          4  0.000e+00
   1520.997     3.4217     3.4218   3.263418   3.263489     1.9790    -0.3743     0.3629    34.9143 1.0337e+03      94865          4  0.000e+00
   1521.252     3.4215     3.4218   3.263425   3.263459     1.9790    -0.3743     0.3629    34.9144 1.0270e+03      94866          4  0.000e+00
   1521.129     3.4217     3.4215   3.263425   3.263459     1.9790    -0.3743     0.3629    34.9143 1.0202e+03      94867          4  0.000e+00
   1521.120     3.4217     3.4216   3.263387   3.263459     1.9790    -0.3743     0.3678    34.9139 1.0135e+03      94868          4  0.000e+00
   1521.129     3.4218     3.4218   3.263368   3.263429     1.9777    -0.3743     0.3629    34.9135 1.0068e+03      94869          4  0.000e+00
   1521.129     3.4215     3.4216   3.263406   3.263429     1.9777    -0.3743     0.3629    34.9143 1.0000e+03      94870          4  0.000e+00
   1521.063     3.4217     3.4217   3.263425   3.263489     1.9777    -0.3743     0.3629    34.9144 9.9552e+02      94871          4  0.000e+00
   1521.129     3.4217     3.4218   3.263406   3.263459     1.9777    -0.3743     0.3629    34.9141 9.9327e+02      94872          4  0.000e+00
   1521.063     3.4216     3.4216   3.263393   3.263459     1.9777    -0.3743     0.3629    34.9141 9.9327e+02      94873          4  0.000e+00
   1521.121     3.4217     3.4218   3.263399   3.263429     1.9777    -0.3743     0.3629    34.9140 9.9552e+02      94874          4  0.000e+00
   1521.063     3.4215     3.4215   3.263393   3.263429     1.9777    -0.3743     0.3629    34.9141 9.9777e+02      94875          4  0.000e+00
   1521.063     3.4218     3.4216   3.263418   3.263459     1.9777    -0.3938     0.3580    34.9141 1.0000e+03      94876          4  0.000e+00
   1521.063     3.4218     3.4215   3.263406   3.263429     1.9777    -0.3938     0.3580    34.9140 1.0068e+03      94877          4  0.000e+00
   1521.063     3.4217     3.4213   3.263393   3.263429     1.9777    -0.3938     0.3580    34.9140 1.0068e+03      94878          4  0.000e+00
   1521.063     3.4218     3.4214   3.263418   3.263429     1.9777    -0.3938     0.3580    34.9141 1.0090e+03      94879          4  0.000e+00
   1521.063     3.4217     3.4215   3.263406   3.263399     1.9790    -0.3938     0.3629    34.9141 1.0113e+03      94880          4  0.000e+00
   1521.063     3.4218     3.4213   3.263381   3.263459     1.9790    -0.3938     0.3580    34.9137 1.0135e+03      94881          4  0.000e+00
   1521.063     3.4215     3.4212   3.263387   3.263429     1.9790    -0.3938     0.3580    34.9141 1.0113e+03      94882          4  0.000e+00
   1521.006     3.4217     3.4214   3.263399   3.263399     1.9777    -0.3938     0.3580    34.9141 1.0090e+03      94883          4  0.000e+00
   1521.063     3.4218     3.4212   3.263412   3.263459     1.9777    -0.3938     0.3580    34.9140 1.0045e+03      94884          4  0.000e+00
   1520.997     3.4217     3.4216   3.263425   3.263429     1.9777    -0.3938     0.3580    34.9144 1.0023e+03      94885          4  0.000e+00
   1521.063     3.4217     3.4215   3.263431   3.263429     1.9777    -0.3938     0.3580    34.9144 1.0000e+03      94886          4  0.000e+00
   1521.006     3.4217     3.4214   3.263387   3.263429     1.9777    -0.3938     0.3580    34.9139 1.0000e+03      94887          4  0.000e+00
   1520.997     3.4218     3.4213   3.263387   3.263399     1.9777    -0.3938     0.3580    34.9138 1.0023e+03      94888          4  0.000e+00
   1521.006     3.4217     3.4215   3.263374   3.263429     1.9790    -0.3938     0.3629    34.9138 1.0045e+03      94889          4  0.000e+00
   1520.997     3.4217     3.4212   3.263406   3.263429     1.9790    -0.3938     0.3580    34.9142 1.0090e+03      94890          4  0.000e+00
   1521.006     3.4218     3.4214   3.263406   3.263429     1.9790    -0.3938     0.3580    34.9140 1.0113e+03      94891          4  0.000e+00
   1521.006     3.4218     3.4215   3.263418   3.263429     1.9777    -0.3938     0.3580    34.9141 1.0157e+03      94892          4  0.000e+00
   1520.998     3.4215     3.4213   3.263425   3.263459     1.9790    -0.3938     0.3580    34.9146 1.0180e+03      94893          4  0.000e+00
   1520.940     3.4218     3.4215   3.263406   3.263369     1.9777    -0.3938     0.3580    34.9140 1.0180e+03      94894          4  0.000e+00
   1521.006     3.4217     3.4215   3.263418   3.263519     1.9777    -0.3938     0.3580    34.9143 1.0180e+03      94895          4  0.000e+00
   1520.932     3.4217     3.4213   3.263406   3.263429     1.9790    -0.3938     0.3629    34.9142 1.0202e+03      94896          4  0.000e+00
   1520.940     3.4217     3.4215   3.263380   3.263429     1.9777    -0.3938     0.3580    34.9139 1.0202e+03      94897          4  0.000e+00
   1520.940     3.4217     3.4214   3.263412   3.263429     1.9777    -0.3938     0.3580    34.9143 1.0202e+03      94898          4  0.000e+00
   1520.998     3.4218     3.4213   3.263406   3.263429     1.9777    -0.3938     0.3580    34.9140 1.0202e+03      94899          4  0.000e+00
   1520.874     3.4218     3.4215   3.263393   3.263429     1.9790    -0.3938     0.3629    34.9139 1.0202e+03      94900          4  0.000e+00
   1520.940     3.4218     3.4215   3.263418   3.263429     1.9777    -0.3938     0.3629    34.9142 1.0180e+03      94901          4  0.000e+00
   1520.874     3.4220     3.4215   3.263387   3.263429     1.9777    -0.3743     0.3629    34.9137 1.0180e+03      94902          4  0.000e+00
   1520.940     3.4218     3.4216   3.263387   3.263429     1.9777    -0.3938     0.3629    34.9138 1.0180e+03      94903          4  0.000e+00
   1520.874     3.4218     3.4215   3.263399   3.263429     1.9777    -0.3938     0.3629    34.9140 1.0202e+03      94904          4  0.000e+00
   1520.874     3.4218     3.4215   3.263374   3.263459     1.9777    -0.3938     0.3678    34.9137 1.0225e+03      94905          4  0.000e+00
   1520.874     3.4215     3.4214   3.263387   3.263459     1.9790    -0.3938     0.3629    34.9142 1.0247e+03      94906          4  0.000e+00
   1520.874     3.4215     3.4215   3.263374   3.263429     1.9777    -0.3938     0.3629    34.9140 1.0247e+03      94907          4  0.000e+00
   1520.874     3.4217     3.4215   3.263368   3.263399     1.9777    -0.3938     0.3629    34.9138 1.0225e+03      94908          4  0.000e+00
   1267.478     3.4470     3.4472   3.252279   3.252409     2.0879    -0.3743     0.3580    34.8817 9.1687e+02     103769          5  0.000e+00
   1267.290     3.4470     3.4472   3.252279   3.252391     2.0879    -0.3743     0.3580    34.8818 9.1687e+02     103770          5  0.000e+00
   1267.355     3.4472     3.4473   3.252304   3.252409     2.0879    -0.3743     0.3580    34.8819 9.1911e+02     103771          5  0.000e+00
   1267.535     3.4472     3.4474   3.252298   3.252409     2.0879    -0.3743     0.3629    34.8818 9.1911e+02     103772          5  0.000e+00
   1267.478     3.4470     3.4475   3.252292   3.252421     2.0879    -0.3743     0.3580    34.8819 9.1911e+02     103773          5  0.000e+00
   1267.355     3.4468     3.4474   3.252248   3.252409     2.0879    -0.3743     0.3629    34.8816 9.1911e+02     103774          5  0.000e+00
   1267.478     3.4470     3.4477   3.252267   3.252409     2.0879    -0.3743     0.3580    34.8816 9.1911e+02     103775          5  0.000e+00
   1267.413     3.4472     3.4478   3.252286   3.252421     2.0879    -0.3743     0.3580    34.8817 9.2136e+02     103776          5  0.000e+00
   1267.413     3.4470     3.4477   3.252248   3.252409     2.0879    -0.3743     0.3580    34.8814 9.2136e+02     103777          5  0.000e+00
   1267.478     3.4468     3.4480   3.252286   3.252439     2.0879    -0.3743     0.3580    34.8820 9.2136e+02     103778          5  0.000e+00
   1267.413     3.4470     3.4478   3.252273   3.252450     2.0879    -0.3743     0.3580    34.8818 9.2136e+02     103779          5  0.000e+00
   1267.413     3.4472     3.4476   3.252279   3.252439     2.0879    -0.3743     0.3580    34.8816 9.2136e+02     103780          5  0.000e+00
   1267.413     3.4468     3.4475   3.252292   3.252439     2.0879    -0.3743     0.3580    34.8821 9.2361e+02     103781          5  0.000e+00
   1267.478     3.4470     3.4474   3.252286   3.252421     2.0879    -0.3743     0.3580    34.8818 9.2361e+02     103782          5  0.000e+00
   1267.413     3.4468     3.4474   3.252311   3.252439     2.0879    -0.3743     0.3580    34.8823 9.2361e+02     103783          5  0.000e+00
   1267.478     3.4472     3.4472   3.252279   3.252439     2.0879    -0.3743     0.3629    34.8816 9.2361e+02     103784          5  0.000e+00
   1267.413     3.4470     3.4474   3.252279   3.252421     2.0879    -0.3743     0.3580    34.8818 9.2586e+02     103785          5  0.000e+00
   1267.233     3.4472     3.4473   3.252286   3.252409     2.0879    -0.3743     0.3580    34.8818 9.2586e+02     103786          5  0.000e+00
   1267.658     3.4472     3.4472   3.252286   3.252409     2.0879    -0.3743     0.3580    34.8816 9.2586e+02     103787          5  0.000e+00
   1267.413     3.4468     3.4474   3.252273   3.252421     2.0879    -0.3743     0.3580    34.8819 9.2586e+02     103788          5  0.000e+00
   1267.478     3.4472     3.4473   3.252298   3.252439     2.0879    -0.3743     0.3580    34.8818 9.2586e+02     103789          5  0.000e+00
   1267.478     3.4470     3.4472   3.252298   3.252439     2.0879    -0.3938     0.3580    34.8820 9.2586e+02     103790          5  0.000e+00
   1267.413     3.4470     3.4472   3.252292   3.252421     2.0879    -0.3938     0.3580    34.8819 9.2810e+02     103791          5  0.000e+00
   1267.478     3.4472     3.4471   3.252273   3.252379     2.0879    -0.3938     0.3580    34.8815 9.2586e+02     103792          5  0.000e+00
   1267.536     3.4470     3.4474   3.252298   3.252409     2.0879    -0.3938     0.3580    34.8819 9.2810e+02     103793          5  0.000e+00
   1267.413     3.4470     3.4473   3.252336   3.252391     2.0879    -0.3938     0.3580    34.8825 9.2810e+02     103794          5  0.000e+00
