Ship_data/Irminger/Irminger-5/ctd/process/ar30-03016.ros
* Sea-Bird SBE 9 Data File:
* FileName = D:\Data\ar30-03016.hdr
* Software Version Seasave V 7.23.2
* Temperature SN = 4312
* Conductivity SN = 2148
* Number of Bytes Per Scan = 44
* Number of Voltage Words = 5
* Number of Scans Averaged by the Deck Unit = 1
* NMEA Latitude = 59 52.71 N
* NMEA Longitude = 041 08.31 W
* NMEA UTC (Time) = Jun 17 2018  12:01:00
** Cruise ID: ar30-03
** Chief Sci: Macdonald
** Station #: 016
** Site ID: Irminger 5 OSNAP M1
** cast at osnap mooring M1
# nquan = 13
# nvalues = 735                                   
# units = specified
# name 0 = prDM: Pressure, Digiquartz [db]
# name 1 = t090C: Temperature [ITS-90, deg C]
# name 2 = t190C: Temperature, 2 [ITS-90, deg C]
# name 3 = c0S/m: Conductivity [S/m]
# name 4 = c1S/m: Conductivity, 2 [S/m]
# name 5 = sbeox0V: Oxygen raw, SBE 43 [V]
# name 6 = flECO-AFL: Fluorescence, WET Labs ECO-AFL/FL [mg/m^3]
# name 7 = turbWETntu0: Turbidity, WET Labs ECO [NTU]
# name 8 = sal00: Salinity, Practical [PSU]
# name 9 = spar: SPAR/Surface Irradiance
# name 10 = scan: Scan Count
# name 11 = nbf: Bottles Fired
# name 12 = flag:  0.000e+00
# interval = seconds: 0.0416667
# start_time = Jun 17 2018 12:01:00 [System UTC, first data scan.]
# bad_flag = -9.990e-29
*END*
[from data line 556]
     48.990     5.5655     5.5636   3.388390   3.388337     2.5859     0.8565     0.4801    34.8767 2.2562e+03     140991         12  0.000e+00
     48.926     5.5657     5.5639   3.388415   3.388361     2.5872     0.8565     0.4801    34.8769 2.2585e+03     140992         12  0.000e+00
     48.869     5.5657     5.5644   3.388409   3.388306     2.5872     0.8565     0.4801    34.8768 2.2562e+03     140993         12  0.000e+00
     48.894     5.5654     5.5642   3.388351   3.388421     2.5872     0.8370     0.4801    34.8765 2.2562e+03     140994         12  0.000e+00
     48.805     5.5652     5.5642   3.388332   3.388391     2.5884     0.8370     0.4801    34.8765 2.2585e+03     140995         12  0.000e+00
     48.805     5.5650     5.5644   3.388313   3.388367     2.5871     0.8370     0.4801    34.8764 2.2607e+03     140996         12  0.000e+00
     48.749     5.5647     5.5642   3.388345   3.388391     2.5871     0.8565     0.4801    34.8772 2.2562e+03     140997         12  0.000e+00
     48.749     5.5649     5.5644   3.388345   3.388361     2.5871     0.8370     0.4801    34.8770 2.2517e+03     140998         12  0.000e+00
     48.693     5.5650     5.5644   3.388351   3.388397     2.5884     0.8370     0.4801    34.8769 2.2517e+03     140999         12  0.000e+00
     48.629     5.5649     5.5644   3.388338   3.388391     2.5871     0.8565     0.4801    34.8770 2.2562e+03     141000         12  0.000e+00
     48.605     5.5652     5.5641   3.388351   3.388421     2.5871     0.8565     0.4801    34.8768 2.2585e+03     141001         12  0.000e+00
     48.629     5.5650     5.5644   3.388383   3.388397     2.5884     0.8565     0.4801    34.8773 2.2607e+03     141002         12  0.000e+00
     48.573     5.5652     5.5646   3.388396   3.388421     2.5871     0.8565     0.4801    34.8774 2.2674e+03     141003         12  0.000e+00
     48.517     5.5652     5.5644   3.388396   3.388433     2.5884     0.8565     0.4801    34.8773 2.2674e+03     141004         12  0.000e+00
     48.517     5.5654     5.5644   3.388389   3.388391     2.5871     0.8370     0.4801    34.8771 2.2674e+03     141005         12  0.000e+00
     48.517     5.5652     5.5646   3.388377   3.388361     2.5871     0.8565     0.4801    34.8772 2.2652e+03     141006         12  0.000e+00
     48.453     5.5652     5.5644   3.388364   3.388397     2.5871     0.8565     0.4801    34.8770 2.2674e+03     141007         12  0.000e+00
     48.453     5.5654     5.5644   3.388364   3.388361     2.5871     0.7979     0.4801    34.8768 2.2697e+03     141008         12  0.000e+00
     48.365     5.5655     5.5642   3.388357   3.388361     2.5884     0.7588     0.4801    34.8767 2.2697e+03     141009         12  0.000e+00
     48.333     5.5652     5.5642   3.388383   3.388367     2.5871     0.7588     0.4801    34.8773 2.2697e+03     141010         12  0.000e+00
     48.397     5.5654     5.5647   3.388377   3.388391     2.5871     0.7588     0.4801    34.8770 2.2719e+03     141011         12  0.000e+00
     48.276     5.5655     5.5647   3.388364   3.388391     2.5871     0.7588     0.4801    34.8768 2.2742e+03     141012         12  0.000e+00
     48.333     5.5652     5.5646   3.388357   3.388433     2.5871     0.7588     0.4801    34.8770 2.2742e+03     141013         12  0.000e+00
     48.276     5.5652     5.5647   3.388325   3.388421     2.5884     0.7588     0.4801    34.8767 2.2742e+03     141014         12  0.000e+00
     48.276     5.5650     5.5649   3.388306   3.388397     2.5871     0.7588     0.4801    34.8767 2.2742e+03     141015         12  0.000e+00
     48.220     5.5652     5.5649   3.388325   3.388391     2.5871     0.7588     0.4801    34.8767 2.2742e+03     141016         12  0.000e+00
     48.244     5.5650     5.5650   3.388306   3.388421     2.5871     0.7588     0.4801    34.8767 2.2719e+03     141017         12  0.000e+00
     48.156     5.5650     5.5649   3.388281   3.388464     2.5871     0.7588     0.4801    34.8764 2.2742e+03     141018         12  0.000e+00
     48.220     5.5649     5.5650   3.388293   3.388421     2.5871     0.7588     0.4801    34.8767 2.2719e+03     141019         12  0.000e+00
     48.156     5.5649     5.5652   3.388287   3.388391     2.5871     0.7588     0.4801    34.8767 2.2697e+03     141020         12  0.000e+00
     48.156     5.5647     5.5654   3.388287   3.388433     2.5871     0.7588     0.4801    34.8768 2.2652e+03     141021         12  0.000e+00
     48.156     5.5649     5.5655   3.388319   3.388452     2.5871     0.7588     0.4801    34.8770 2.2630e+03     141022         12  0.000e+00
     30.037     5.9300     5.9477   3.416794   3.418487     2.7148     9.6282     0.6364    34.8327 2.2764e+03     143549         13  0.000e+00
     30.093     5.9293     5.9481   3.416775   3.418420     2.7148     9.6282     0.6364    34.8332 2.2719e+03     143550         13  0.000e+00
     29.917     5.9290     5.9477   3.416743   3.418457     2.7148     9.6282     0.6364    34.8332 2.2719e+03     143551         13  0.000e+00
     29.877     5.9287     5.9473   3.416685   3.418457     2.7148     9.6282     0.6364    34.8329 2.2719e+03     143552         13  0.000e+00
     30.213     5.9282     5.9474   3.416627   3.418396     2.7160     9.5696     0.6364    34.8326 2.2719e+03     143553         13  0.000e+00
     29.973     5.9279     5.9476   3.416589   3.418457     2.7148     8.8272     0.6168    34.8326 2.2742e+03     143554         13  0.000e+00
     30.037     5.9273     5.9482   3.416512   3.418457     2.7148     8.4365     0.6071    34.8324 2.2742e+03     143555         13  0.000e+00
     29.877     5.9266     5.9485   3.416505   3.418487     2.7148     8.4169     0.6071    34.8331 2.2719e+03     143556         13  0.000e+00
     29.917     5.9264     5.9489   3.416493   3.418548     2.7160     8.4560     0.6071    34.8331 2.2719e+03     143557         13  0.000e+00
     29.917     5.9259     5.9488   3.416486   3.418554     2.7160     8.4560     0.6071    34.8335 2.2719e+03     143558         13  0.000e+00
     29.861     5.9261     5.9487   3.416505   3.418608     2.7160     8.4755     0.6071    34.8336 2.2742e+03     143559         13  0.000e+00
     29.877     5.9255     5.9482   3.416493   3.418487     2.7160     8.4755     0.6071    34.8341 2.2719e+03     143560         13  0.000e+00
     29.861     5.9256     5.9470   3.416422   3.418548     2.7160     8.4560     0.6071    34.8331 2.2742e+03     143561         13  0.000e+00
     29.740     5.9251     5.9464   3.416435   3.418517     2.7160     8.4560     0.6071    34.8339 2.2742e+03     143562         13  0.000e+00
     29.796     5.9250     5.9459   3.416435   3.418390     2.7160     8.4755     0.6071    34.8340 2.2742e+03     143563         13  0.000e+00
     29.756     5.9250     5.9464   3.416377   3.418365     2.7160     8.4560     0.6071    34.8334 2.2742e+03     143564         13  0.000e+00
     29.740     5.9245     5.9466   3.416358   3.418390     2.7160     8.4755     0.6071    34.8337 2.2674e+03     143565         13  0.000e+00
     29.740     5.9240     5.9463   3.416339   3.418390     2.7160     8.4560     0.6071    34.8339 2.2697e+03     143566         13  0.000e+00
     29.684     5.9240     5.9458   3.416352   3.418420     2.7160     8.4560     0.6071    34.8341 2.2697e+03     143567         13  0.000e+00
     29.700     5.9240     5.9454   3.416313   3.418359     2.7160     8.4560     0.6071    34.8337 2.2742e+03     143568         13  0.000e+00
     29.684     5.9239     5.9458   3.416319   3.418329     2.7160     8.4560     0.6071    34.8339 2.2742e+03     143569         13  0.000e+00
     29.620     5.9238     5.9458   3.416287   3.418305     2.7160     8.4560     0.6071    34.8336 2.2719e+03     143570         13  0.000e+00
     29.620     5.9232     5.9456   3.416249   3.418329     2.7160     8.4755     0.6071    34.8338 2.2719e+03     143571         13  0.000e+00
     29.636     5.9229     5.9462   3.416191   3.418298     2.7160     8.4560     0.6071    34.8335 2.2719e+03     143572         13  0.000e+00
     29.564     5.9225     5.9463   3.416159   3.418329     2.7160     8.4560     0.6071    34.8335 2.2719e+03     143573         13  0.000e+00
     29.564     5.9219     5.9461   3.416146   3.418329     2.7160     8.4755     0.6071    34.8340 2.2742e+03     143574         13  0.000e+00
     29.564     5.9216     5.9451   3.416146   3.418329     2.7160     8.4755     0.6071    34.8344 2.2719e+03     143575         13  0.000e+00
     29.516     5.9214     5.9447   3.416127   3.418305     2.7173     8.4560     0.6071    34.8344 2.2697e+03     143576         13  0.000e+00
     29.564     5.9211     5.9440   3.416114   3.418298     2.7160     8.4755     0.6071    34.8345 2.2697e+03     143577         13  0.000e+00
     29.500     5.9209     5.9438   3.416114   3.418268     2.7173     8.2997     0.6022    34.8347 2.2697e+03     143578         13  0.000e+00
     29.460     5.9211     5.9447   3.416159   3.418238     2.7160     8.1630     0.5924    34.8350 2.2674e+03     143579         13  0.000e+00
     29.500     5.9211     5.9448   3.416159   3.418238     2.7160     8.1434     0.5924    34.8350 2.2674e+03     143580         13  0.000e+00
     29.444     5.9210     5.9446   3.416127   3.418298     2.7173     8.1630     0.5924    34.8348 2.2652e+03     143581         13  0.000e+00
     29.500     5.9209     5.9446   3.416140   3.418305     2.7173     8.1630     0.5924    34.8350 2.2652e+03     143582         13  0.000e+00
     29.404     5.9213     5.9451   3.416146   3.418268     2.7160     8.1630     0.5924    34.8347 2.2674e+03     143583         13  0.000e+00
     29.444     5.9214     5.9453   3.416191   3.418268     2.7173     8.1630     0.5924    34.8351 2.2652e+03     143584         13  0.000e+00
     29.444     5.9217     5.9453   3.416230   3.418329     2.7173     8.1630     0.5924    34.8352 2.2607e+03     143585         13  0.000e+00
     29.444     5.9223     5.9455   3.416287   3.418329     2.7173     8.1630     0.5924    34.8352 2.2607e+03     143586         13  0.000e+00
     29.340     5.9227     5.9458   3.416390   3.418298     2.7173     8.1630     0.5924    34.8361 2.2607e+03     143587         13  0.000e+00
     29.444     5.9235     5.9464   3.416467   3.418335     2.7173     8.1630     0.5924    34.8361 2.2674e+03     143588         13  0.000e+00
     29.388     5.9239     5.9464   3.416550   3.418390     2.7173     8.1630     0.5924    34.8367 2.2674e+03     143589         13  0.000e+00
     29.388     5.9245     5.9457   3.416576   3.418329     2.7173     8.1630     0.5924    34.8363 2.2697e+03     143590         13  0.000e+00
     29.404     5.9250     5.9451   3.416691   3.418329     2.7173     8.1630     0.5924    34.8371 2.2697e+03     143591         13  0.000e+00
     29.388     5.9261     5.9446   3.416730   3.418329     2.7173     8.1630     0.5924    34.8364 2.2697e+03     143592         13  0.000e+00
     29.388     5.9268     5.9446   3.416775   3.418268     2.7173     8.1630     0.5924    34.8362 2.2697e+03     143593         13  0.000e+00
     29.388     5.9276     5.9448   3.416890   3.418274     2.7173     8.1630     0.5924    34.8367 2.2697e+03     143594         13  0.000e+00
     29.404     5.9289     5.9459   3.417006   3.418329     2.7173     8.1434     0.5924    34.8366 2.2719e+03     143595         13  0.000e+00
     29.388     5.9296     5.9473   3.417018   3.418390     2.7173     8.1630     0.5924    34.8361 2.2742e+03     143596         13  0.000e+00
     29.388     5.9304     5.9478   3.417031   3.418390     2.7173     8.1434     0.5924    34.8354 2.2742e+03     143597         13  0.000e+00
     14.347     6.2335     6.2359   3.441136   3.441337     2.8767    13.9066     0.6706    34.8035 1.9618e+03     145906         14  0.000e+00
     14.227     6.2338     6.2359   3.441149   3.441368     2.8755    13.9847     0.6852    34.8034 1.9641e+03     145907         14  0.000e+00
     14.227     6.2339     6.2357   3.441149   3.441337     2.8755    13.9847     0.6852    34.8033 1.9641e+03     145908         14  0.000e+00
     14.170     6.2340     6.2364   3.441149   3.441337     2.8755    13.9652     0.6852    34.8032 1.9618e+03     145909         14  0.000e+00
     14.227     6.2342     6.2372   3.441168   3.441398     2.8755    13.9652     0.6852    34.8032 1.9618e+03     145910         14  0.000e+00
     14.170     6.2342     6.2372   3.441181   3.441398     2.8767    13.9652     0.6852    34.8034 1.9641e+03     145911         14  0.000e+00
     14.162     6.2344     6.2370   3.441226   3.441465     2.8767    13.9652     0.6852    34.8037 1.9641e+03     145912         14  0.000e+00
     14.106     6.2350     6.2367   3.441265   3.441429     2.8767    13.9652     0.6852    34.8035 1.9641e+03     145913         14  0.000e+00
     14.170     6.2352     6.2370   3.441310   3.441429     2.8767    13.9652     0.6852    34.8039 1.9618e+03     145914         14  0.000e+00
     14.050     6.2357     6.2375   3.441310   3.441465     2.8767    13.9652     0.6852    34.8034 1.9618e+03     145915         14  0.000e+00
     14.050     6.2360     6.2377   3.441303   3.441465     2.8767    13.9652     0.6852    34.8030 1.9641e+03     145916         14  0.000e+00
     14.050     6.2363     6.2379   3.441303   3.441496     2.8767    13.9652     0.6852    34.8027 1.9641e+03     145917         14  0.000e+00
     13.994     6.2362     6.2377   3.441348   3.441526     2.8767    13.9652     0.6852    34.8033 1.9641e+03     145918         14  0.000e+00
     13.986     6.2365     6.2375   3.441387   3.441490     2.8767    13.9652     0.6852    34.8035 1.9641e+03     145919         14  0.000e+00
     13.994     6.2371     6.2374   3.441419   3.441465     2.8767    13.9652     0.6852    34.8032 1.9618e+03     145920         14  0.000e+00
     13.930     6.2371     6.2370   3.441413   3.441465     2.8767    13.9652     0.6852    34.8031 1.9596e+03     145921         14  0.000e+00
     13.930     6.2376     6.2366   3.441438   3.441465     2.8767    13.9652     0.6852    34.8029 1.9596e+03     145922         14  0.000e+00
     13.930     6.2378     6.2365   3.441451   3.441429     2.8767    13.9652     0.6852    34.8029 1.9551e+03     145923         14  0.000e+00
     13.930     6.2379     6.2356   3.441458   3.441398     2.8767    13.9652     0.6852    34.8028 1.9506e+03     145924         14  0.000e+00
     13.874     6.2378     6.2349   3.441438   3.441398     2.8767    13.9652     0.6852    34.8028 1.9528e+03     145925         14  0.000e+00
     13.866     6.2381     6.2351   3.441451   3.441276     2.8767    13.9652     0.6852    34.8026 1.9551e+03     145926         14  0.000e+00
     13.874     6.2384     6.2351   3.441477   3.441246     2.8767    13.9652     0.6852    34.8025 1.9573e+03     145927         14  0.000e+00
     13.818     6.2384     6.2344   3.441470   3.441307     2.8767    13.9652     0.6852    34.8025 1.9596e+03     145928         14  0.000e+00
     13.866     6.2387     6.2344   3.441438   3.441270     2.8767    13.9847     0.6852    34.8018 1.9596e+03     145929         14  0.000e+00
     13.818     6.2383     6.2343   3.441470   3.441307     2.8780    15.0592     0.6950    34.8026 1.9528e+03     145930         14  0.000e+00
     13.810     6.2387     6.2341   3.441502   3.441276     2.8767    15.8406     0.7048    34.8025 1.9483e+03     145931         14  0.000e+00
     13.818     6.2386     6.2335   3.441470   3.441215     2.8767    15.9578     0.7048    34.8023 1.9461e+03     145932         14  0.000e+00
     13.810     6.2387     6.2331   3.441419   3.441209     2.8767    15.8992     0.7048    34.8016 1.9483e+03     145933         14  0.000e+00
     13.754     6.2387     6.2328   3.441464   3.441185     2.8767    15.8602     0.7048    34.8021 1.9506e+03     145934         14  0.000e+00
