Ship_data/Irminger/Irminger-5/ctd/process/ar30-03007.cnv
* Sea-Bird SBE 9 Data File:
* FileName = D:\Data\ar30-03007.hdr
* Software Version Seasave V 7.23.2
* Temperature SN = 4312
* Conductivity SN = 2148
* Number of Bytes Per Scan = 44
* Number of Voltage Words = 5
* Number of Scans Averaged by the Deck Unit = 1
* NMEA Latitude = 59 46.24 N
* NMEA Longitude = 039 51.54 W
* NMEA UTC (Time) = Jun 10 2018  14:37:43
** Cruise ID: ar30-03
** Chief Sci: Macdonald
** Station #: 007
** Site ID: Irminger 5 FLMA
** ctd cast at FLMA with bottom release testing
# nquan = 18
# nvalues = 5377                        
# units = specified
# name 0 = prDM: Pressure, Digiquartz [db]
# name 1 = t090C: Temperature [ITS-90, deg C]
# name 2 = t190C: Temperature, 2 [ITS-90, deg C]
# name 3 = c0S/m: Conductivity [S/m]
# name 4 = c1S/m: Conductivity, 2 [S/m]
# name 5 = sbeox0V: Oxygen raw, SBE 43 [V]
# name 6 = flECO-AFL: Fluorescence, WET Labs ECO-AFL/FL [mg/m^3]
# name 7 = turbWETntu0: Turbidity, WET Labs ECO [NTU]
# name 8 = sal00: Salinity, Practical [PSU]
# name 9 = spar: SPAR/Surface Irradiance
# name 10 = depSM: Depth [salt water, m], lat = 59.7707
# name 11 = sal00: Salinity, Practical [PSU]
# name 12 = sal11: Salinity, Practical, 2 [PSU]
# name 13 = sbeox0ML/L: Oxygen, SBE 43 [ml/l], WS = 2
# name 14 = svCM: Sound Velocity [Chen-Millero, m/s]
# name 15 = sigma-é00: Density [sigma-theta, kg/m^3]
# name 16 = sigma-é11: Density, 2 [sigma-theta, kg/m^3]
# name 17 = flag: flag
# span 0 =      4.000,   2692.000       
# span 1 =     1.7668,     5.2199       
# span 2 =     1.7685,     5.2194       
# span 3 =   3.162074,   3.353700       
# span 4 =   3.162140,   3.353780       
# span 5 =     1.5519,     2.6685       
# span 6 =    -0.4172,     0.7478       
# span 7 =     0.3401,     0.5050       
# span 8 =    34.7183,    34.9331       
# span 9 = 7.7392e+02, 2.0298e+03       
# span 10 =      3.962,   2649.703      
# span 11 =    34.7195,    34.9323      
# span 12 =    34.8596,    34.9304      
# span 13 =     4.6505,     6.9403      
# span 14 =    1467.79,    1501.76      
# span 15 =    27.5399,    27.9125      
# span 16 =    27.5411,    27.9119      
# span 17 = 0.0000e+00, 0.0000e+00      
# interval = decibars: 1                
# start_time = Jun 10 2018 14:37:43 [System UTC, first data scan.]
# bad_flag = -9.990e-29
*END*
[from data line 1689]
   1693.000     3.5460     3.5462   3.282470   3.282502     1.9297    -0.3732     0.3458    34.9246 1.0688e+03   1670.294    34.9247    34.9248     5.9444    1492.62    27.7856    27.7857 0.0000e+00
   1694.000     3.5459     3.5462   3.282501   3.282540     1.9293    -0.3697     0.3474    34.9246 1.0676e+03   1671.276    34.9246    34.9248     5.9437    1492.63    27.7856    27.7857 0.0000e+00
   1695.000     3.5462     3.5465   3.282586   3.282611     1.9289    -0.3712     0.3464    34.9248 1.0649e+03   1672.259    34.9249    34.9248     5.9425    1492.65    27.7858    27.7857 0.0000e+00
   1696.000     3.5466     3.5468   3.282656   3.282696     1.9286    -0.3702     0.3470    34.9249 1.0628e+03   1673.242    34.9248    34.9250     5.9423    1492.67    27.7857    27.7859 0.0000e+00
   1697.000     3.5452     3.5456   3.282581   3.282633     1.9285    -0.3699     0.3484    34.9249 1.0639e+03   1674.224    34.9249    34.9251     5.9425    1492.68    27.7859    27.7860 0.0000e+00
   1698.000     3.5453     3.5456   3.282638   3.282670     1.9281    -0.3787     0.3478    34.9250 1.0701e+03   1675.207    34.9250    34.9251     5.9415    1492.70    27.7860    27.7860 0.0000e+00
   1699.000     3.5455     3.5458   3.282701   3.282744     1.9273    -0.3915     0.3480    34.9251 1.0760e+03   1676.190    34.9250    34.9252     5.9391    1492.71    27.7860    27.7861 0.0000e+00
   1700.000     3.5450     3.5452   3.282716   3.282749     1.9273    -0.3725     0.3470    34.9252 1.0786e+03   1677.172    34.9252    34.9254     5.9399    1492.73    27.7862    27.7864 0.0000e+00
   1701.000     3.5448     3.5452   3.282755   3.282787     1.9269    -0.3865     0.3524    34.9253 1.0765e+03   1678.155    34.9254    34.9254     5.9393    1492.74    27.7864    27.7863 0.0000e+00
   1702.000     3.5445     3.5449   3.282746   3.282807     1.9265    -0.3885     0.3497    34.9253 1.0720e+03   1679.137    34.9252    34.9255     5.9384    1492.76    27.7863    27.7864 0.0000e+00
   1703.000     3.5431     3.5434   3.282654   3.282706     1.9263    -0.3940     0.3431    34.9253 1.0664e+03   1680.120    34.9250    34.9253     5.9384    1492.77    27.7863    27.7865 0.0000e+00
   1704.000     3.5415     3.5418   3.282549   3.282600     1.9261    -0.3677     0.3480    34.9252 1.0620e+03   1681.103    34.9250    34.9253     5.9385    1492.78    27.7864    27.7866 0.0000e+00
   1705.000     3.5414     3.5412   3.282580   3.282570     1.9261    -0.3803     0.3509    34.9250 1.0670e+03   1682.085    34.9249    34.9251     5.9396    1492.80    27.7864    27.7865 0.0000e+00
   1706.000     3.5410     3.5405   3.282578   3.282570     1.9261    -0.3704     0.3469    34.9252 1.0886e+03   1683.068    34.9249    34.9253     5.9403    1492.81    27.7864    27.7868 0.0000e+00
   1707.000     3.5397     3.5400   3.282525   3.282564     1.9257    -0.3911     0.3473    34.9252 1.0911e+03   1684.050    34.9251    34.9253     5.9397    1492.82    27.7867    27.7868 0.0000e+00
   1708.000     3.5390     3.5396   3.282496   3.282574     1.9256    -0.3911     0.3472    34.9252 1.0904e+03   1685.033    34.9250    34.9254     5.9400    1492.84    27.7867    27.7869 0.0000e+00
   1709.000     3.5374     3.5378   3.282402   3.282443     1.9249    -0.3939     0.3471    34.9253 1.0870e+03   1686.016    34.9251    34.9252     5.9381    1492.85    27.7870    27.7870 0.0000e+00
   1710.000     3.5371     3.5373   3.282422   3.282442     1.9249    -0.3798     0.3454    34.9252 1.0812e+03   1686.998    34.9252    34.9252     5.9390    1492.86    27.7871    27.7871 0.0000e+00
   1711.000     3.5370     3.5373   3.282449   3.282472     1.9245    -0.3686     0.3456    34.9253 1.0742e+03   1687.981    34.9252    34.9251     5.9383    1492.88    27.7871    27.7870 0.0000e+00
   1712.000     3.5367     3.5372   3.282451   3.282507     1.9242    -0.3875     0.3521    34.9252 1.0661e+03   1688.963    34.9250    34.9251     5.9376    1492.89    27.7870    27.7870 0.0000e+00
   1713.000     3.5364     3.5370   3.282451   3.282520     1.9240    -0.3825     0.3503    34.9250 1.0591e+03   1689.946    34.9249    34.9250     5.9377    1492.91    27.7869    27.7869 0.0000e+00
   1714.000     3.5368     3.5369   3.282525   3.282540     1.9237    -0.3802     0.3486    34.9248 1.0696e+03   1690.928    34.9247    34.9249     5.9370    1492.93    27.7868    27.7869 0.0000e+00
   1715.000     3.5350     3.5353   3.282415   3.282458     1.9236    -0.3867     0.3525    34.9251 1.0902e+03   1691.911    34.9249    34.9251     5.9376    1492.94    27.7871    27.7872 0.0000e+00
   1716.000     3.5342     3.5345   3.282393   3.282434     1.9233    -0.3707     0.3435    34.9251 1.0935e+03   1692.894    34.9250    34.9251     5.9374    1492.95    27.7872    27.7873 0.0000e+00
   1717.000     3.5343     3.5349   3.282511   3.282564     1.9232    -0.3722     0.3433    34.9257 1.0914e+03   1693.876    34.9258    34.9258     5.9378    1492.97    27.7879    27.7878 0.0000e+00
   1718.000     3.5363     3.5365   3.282778   3.282799     1.9226    -0.3859     0.3457    34.9262 1.0854e+03   1694.859    34.9264    34.9264     5.9354    1492.99    27.7882    27.7881 0.0000e+00
   1719.000     3.5372     3.5375   3.282907   3.282948     1.9225    -0.3740     0.3458    34.9264 1.0779e+03   1695.841    34.9265    34.9266     5.9359    1493.02    27.7882    27.7882 0.0000e+00
   1720.000     3.5388     3.5392   3.283142   3.283171     1.9224    -0.3472     0.3433    34.9269 1.0718e+03   1696.824    34.9271    34.9270     5.9358    1493.04    27.7885    27.7884 0.0000e+00
   1721.000     3.5395     3.5398   3.283258   3.283285     1.9214    -0.3680     0.3469    34.9270 1.0679e+03   1697.806    34.9273    34.9273     5.9325    1493.06    27.7886    27.7886 0.0000e+00
   1722.000     3.5398     3.5402   3.283346   3.283391     1.9213    -0.3705     0.3471    34.9273 1.0669e+03   1698.789    34.9275    34.9276     5.9327    1493.08    27.7887    27.7888 0.0000e+00
   1723.000     3.5392     3.5397   3.283317   3.283408     1.9205    -0.3868     0.3454    34.9274 1.0684e+03   1699.771    34.9273    34.9278     5.9302    1493.09    27.7886    27.7890 0.0000e+00
   1724.000     3.5374     3.5378   3.283215   3.283254     1.9195    -0.3915     0.3477    34.9274 1.0788e+03   1700.754    34.9274    34.9275     5.9271    1493.10    27.7890    27.7890 0.0000e+00
   1725.000     3.5369     3.5373   3.283237   3.283282     1.9188    -0.3710     0.3463    34.9278 1.0889e+03   1701.736    34.9278    34.9279     5.9251    1493.12    27.7893    27.7893 0.0000e+00
   1726.000     3.5364     3.5366   3.283233   3.283255     1.9184    -0.3708     0.3476    34.9278 1.0887e+03   1702.719    34.9278    34.9278     5.9243    1493.13    27.7893    27.7893 0.0000e+00
   1727.000     3.5359     3.5361   3.283219   3.283260     1.9179    -0.3717     0.3447    34.9277 1.0871e+03   1703.701    34.9277    34.9279     5.9229    1493.15    27.7893    27.7894 0.0000e+00
   1728.000     3.5356     3.5360   3.283229   3.283294     1.9177    -0.3731     0.3434    34.9277 1.0841e+03   1704.684    34.9276    34.9280     5.9227    1493.16    27.7893    27.7895 0.0000e+00
   1729.000     3.5357     3.5360   3.283292   3.283330     1.9175    -0.3901     0.3466    34.9277 1.0792e+03   1705.666    34.9278    34.9279     5.9229    1493.18    27.7894    27.7895 0.0000e+00
   1730.000     3.5357     3.5360   3.283345   3.283367     1.9166    -0.3737     0.3464    34.9278 1.0734e+03   1706.649    34.9279    34.9278     5.9196    1493.20    27.7895    27.7895 0.0000e+00
   1731.000     3.5360     3.5364   3.283407   3.283458     1.9164    -0.3907     0.3461    34.9278 1.0688e+03   1707.631    34.9278    34.9280     5.9198    1493.21    27.7894    27.7896 0.0000e+00
   1732.000     3.5344     3.5348   3.283304   3.283365     1.9165    -0.3716     0.3467    34.9280 1.0694e+03   1708.614    34.9278    34.9281     5.9209    1493.22    27.7896    27.7898 0.0000e+00
   1733.000     3.5330     3.5328   3.283235   3.283229     1.9163    -0.3734     0.3471    34.9281 1.0725e+03   1709.596    34.9280    34.9281     5.9214    1493.23    27.7899    27.7900 0.0000e+00
   1734.000     3.5316     3.5320   3.283135   3.283189     1.9157    -0.3916     0.3483    34.9280 1.0768e+03   1710.579    34.9278    34.9280     5.9198    1493.24    27.7899    27.7900 0.0000e+00
   1735.000     3.5310     3.5314   3.283140   3.283185     1.9155    -0.3916     0.3440    34.9281 1.0805e+03   1711.561    34.9279    34.9281     5.9198    1493.26    27.7901    27.7901 0.0000e+00
   1736.000     3.5305     3.5308   3.283128   3.283168     1.9153    -0.3893     0.3467    34.9281 1.0808e+03   1712.544    34.9279    34.9281     5.9197    1493.27    27.7901    27.7902 0.0000e+00
   1737.000     3.5300     3.5304   3.283148   3.283181     1.9155    -0.3739     0.3465    34.9282 1.0773e+03   1713.526    34.9281    34.9282     5.9213    1493.29    27.7903    27.7903 0.0000e+00
   1738.000     3.5299     3.5302   3.283177   3.283216     1.9154    -0.3891     0.3452    34.9282 1.0718e+03   1714.508    34.9281    34.9283     5.9217    1493.30    27.7904    27.7904 0.0000e+00
   1739.000     3.5298     3.5301   3.283216   3.283254     1.9153    -0.3704     0.3464    34.9283 1.0679e+03   1715.491    34.9282    34.9283     5.9221    1493.32    27.7905    27.7905 0.0000e+00
   1740.000     3.5295     3.5299   3.283232   3.283277     1.9152    -0.3705     0.3468    34.9283 1.0667e+03   1716.473    34.9282    34.9284     5.9227    1493.34    27.7905    27.7905 0.0000e+00
   1741.000     3.5290     3.5292   3.283216   3.283258     1.9152    -0.3689     0.3470    34.9282 1.0683e+03   1717.456    34.9281    34.9283     5.9237    1493.35    27.7905    27.7906 0.0000e+00
   1742.000     3.5294     3.5297   3.283298   3.283339     1.9143    -0.3863     0.3519    34.9282 1.0724e+03   1718.438    34.9282    34.9283     5.9205    1493.37    27.7905    27.7906 0.0000e+00
   1743.000     3.5290     3.5293   3.283295   3.283345     1.9141    -0.3719     0.3462    34.9281 1.0743e+03   1719.421    34.9281    34.9283     5.9203    1493.38    27.7904    27.7906 0.0000e+00
   1744.000     3.5274     3.5282   3.283180   3.283270     1.9141    -0.3928     0.3475    34.9281 1.0718e+03   1720.403    34.9279    34.9282     5.9214    1493.39    27.7905    27.7906 0.0000e+00
   1745.000     3.5266     3.5273   3.283154   3.283244     1.9141    -0.3938     0.3465    34.9281 1.0671e+03   1721.385    34.9279    34.9282     5.9223    1493.41    27.7906    27.7907 0.0000e+00
   1746.000     3.5252     3.5259   3.283039   3.283130     1.9141    -0.3760     0.3466    34.9279 1.0629e+03   1722.368    34.9276    34.9279     5.9234    1493.42    27.7904    27.7906 0.0000e+00
   1747.000     3.5237     3.5242   3.282957   3.283026     1.9139    -0.3826     0.3482    34.9279 1.0607e+03   1723.350    34.9276    34.9280     5.9237    1493.43    27.7906    27.7908 0.0000e+00
   1748.000     3.5237     3.5241   3.283027   3.283062     1.9136    -0.3930     0.3474    34.9280 1.0624e+03   1724.333    34.9280    34.9280     5.9228    1493.45    27.7910    27.7909 0.0000e+00
   1749.000     3.5248     3.5251   3.283164   3.283205     1.9129    -0.3826     0.3448    34.9282 1.0630e+03   1725.315    34.9280    34.9282     5.9207    1493.47    27.7909    27.7910 0.0000e+00
   1750.000     3.5242     3.5247   3.283160   3.283216     1.9129    -0.3701     0.3470    34.9281 1.0623e+03   1726.297    34.9281    34.9282     5.9215    1493.48    27.7909    27.7910 0.0000e+00
   1751.000     3.5242     3.5245   3.283216   3.283256     1.9127    -0.3855     0.3488    34.9283 1.0609e+03   1727.280    34.9283    34.9284     5.9212    1493.50    27.7911    27.7912 0.0000e+00
   1752.000     3.5241     3.5245   3.283268   3.283312     1.9121    -0.3735     0.3476    34.9286 1.0624e+03   1728.262    34.9285    34.9287     5.9196    1493.52    27.7914    27.7914 0.0000e+00
   1753.000     3.5238     3.5242   3.283299   3.283347     1.9117    -0.3725     0.3436    34.9288 1.0624e+03   1729.245    34.9287    34.9288     5.9188    1493.53    27.7915    27.7916 0.0000e+00
   1754.000     3.5231     3.5235   3.283291   3.283330     1.9116    -0.3704     0.3475    34.9290 1.0585e+03   1730.227    34.9289    34.9289     5.9195    1493.54    27.7917    27.7917 0.0000e+00
   1755.000     3.5220     3.5223   3.283235   3.283284     1.9112    -0.3865     0.3477    34.9290 1.0531e+03   1731.209    34.9288    34.9291     5.9186    1493.56    27.7918    27.7920 0.0000e+00
   1756.000     3.5211     3.5215   3.283195   3.283256     1.9106    -0.3938     0.3477    34.9291 1.0491e+03   1732.192    34.9289    34.9292     5.9170    1493.57    27.7919    27.7922 0.0000e+00
   1757.000     3.5178     3.5183   3.282900   3.282980     1.9105    -0.3938     0.3498    34.9288 1.0491e+03   1733.174    34.9283    34.9288     5.9178    1493.57    27.7918    27.7921 0.0000e+00
   1758.000     3.5150     3.5154   3.282690   3.282735     1.9102    -0.3909     0.3498    34.9286 1.0543e+03   1734.156    34.9283    34.9284     5.9179    1493.58    27.7921    27.7922 0.0000e+00
   1759.000     3.5144     3.5147   3.282676   3.282714     1.9094    -0.3892     0.3528    34.9286 1.0561e+03   1735.139    34.9283    34.9284     5.9152    1493.59    27.7922    27.7922 0.0000e+00
   1760.000     3.5142     3.5145   3.282712   3.282752     1.9095    -0.3705     0.3431    34.9286 1.0552e+03   1736.121    34.9285    34.9286     5.9165    1493.61    27.7923    27.7924 0.0000e+00
   1761.000     3.5141     3.5145   3.282730   3.282802     1.9092    -0.3882     0.3477    34.9285 1.0543e+03   1737.104    34.9283    34.9287     5.9162    1493.62    27.7922    27.7925 0.0000e+00
   1762.000     3.5136     3.5140   3.282736   3.282783     1.9090    -0.3878     0.3487    34.9286 1.0525e+03   1738.086    34.9284    34.9285     5.9160    1493.64    27.7923    27.7924 0.0000e+00
   1763.000     3.5123     3.5123   3.282591   3.282639     1.9089    -0.3722     0.3475    34.9283 1.0501e+03   1739.068    34.9276    34.9282     5.9168    1493.65    27.7918    27.7923 0.0000e+00
   1764.000     3.5083     3.5086   3.282314   3.282349     1.9087    -0.3914     0.3492    34.9283 1.0450e+03   1740.051    34.9281    34.9281     5.9173    1493.65    27.7926    27.7926 0.0000e+00
   1765.000     3.5073     3.5076   3.282258   3.282303     1.9084    -0.3937     0.3479    34.9284 1.0388e+03   1741.033    34.9280    34.9281     5.9170    1493.66    27.7926    27.7927 0.0000e+00
   1766.000     3.5057     3.5059   3.282161   3.282178     1.9082    -0.3918     0.3525    34.9283 1.0369e+03   1742.015    34.9280    34.9280     5.9171    1493.67    27.7928    27.7928 0.0000e+00
   1767.000     3.5071     3.5076   3.282375   3.282415     1.9081    -0.3799     0.3483    34.9286 1.0439e+03   1742.997    34.9286    34.9285     5.9171    1493.69    27.7931    27.7930 0.0000e+00
   1768.000     3.5085     3.5088   3.282574   3.282605     1.9079    -0.3949     0.3448    34.9289 1.0526e+03   1743.980    34.9290    34.9290     5.9169    1493.72    27.7933    27.7933 0.0000e+00
   1769.000     3.5107     3.5110   3.282875   3.282910     1.9077    -0.3938     0.3467    34.9297 1.0501e+03   1744.962    34.9298    34.9298     5.9162    1493.74    27.7938    27.7938 0.0000e+00
   1770.000     3.5106     3.5110   3.282915   3.282964     1.9073    -0.3741     0.3477    34.9298 1.0448e+03   1745.944    34.9298    34.9300     5.9157    1493.76    27.7938    27.7939 0.0000e+00
   1771.000     3.5101     3.5105   3.282910   3.282962     1.9072    -0.3756     0.3469    34.9298 1.0390e+03   1746.927    34.9298    34.9300     5.9158    1493.78    27.7939    27.7940 0.0000e+00
