Ship_data/Irminger/Irminger-5/ctd/process/ar30-03015.cnv
* Sea-Bird SBE 9 Data File:
* FileName = D:\Data\ar30-03015.hdr
* Software Version Seasave V 7.23.2
* Temperature SN = 4312
* Conductivity SN = 2148
* Number of Bytes Per Scan = 44
* Number of Voltage Words = 5
* Number of Scans Averaged by the Deck Unit = 1
* NMEA Latitude = 59 43.05 N
* NMEA Longitude = 039 20.31 W
* NMEA UTC (Time) = Jun 16 2018  13:54:45
** Cruise ID: ar30-03
** Chief Sci: Macdonald
** Station #: 015
** Site ID: Irminger 5 FLMB
** Redo of ctd cast at FLMB. 3 releases being tested.
# nquan = 18
# nvalues = 5685                        
# units = specified
# name 0 = prDM: Pressure, Digiquartz [db]
# name 1 = t090C: Temperature [ITS-90, deg C]
# name 2 = t190C: Temperature, 2 [ITS-90, deg C]
# name 3 = c0S/m: Conductivity [S/m]
# name 4 = c1S/m: Conductivity, 2 [S/m]
# name 5 = sbeox0V: Oxygen raw, SBE 43 [V]
# name 6 = flECO-AFL: Fluorescence, WET Labs ECO-AFL/FL [mg/m^3]
# name 7 = turbWETntu0: Turbidity, WET Labs ECO [NTU]
# name 8 = sal00: Salinity, Practical [PSU]
# name 9 = spar: SPAR/Surface Irradiance
# name 10 = depSM: Depth [salt water, m], lat = 59.7175
# name 11 = sal00: Salinity, Practical [PSU]
# name 12 = sal11: Salinity, Practical, 2 [PSU]
# name 13 = sbeox0ML/L: Oxygen, SBE 43 [ml/l], WS = 2
# name 14 = svCM: Sound Velocity [Chen-Millero, m/s]
# name 15 = sigma-é00: Density [sigma-theta, kg/m^3]
# name 16 = sigma-é11: Density, 2 [sigma-theta, kg/m^3]
# name 17 = flag: flag
# span 0 =      4.000,   2846.000       
# span 1 =     1.4053,     6.0422       
# span 2 =     1.4069,     6.0495       
# span 3 =   3.136428,   3.426717       
# span 4 =   3.136518,   3.427495       
# span 5 =     1.7601,     2.8442       
# span 6 =    -0.4148,     1.7262       
# span 7 =     0.3403,     0.6746       
# span 8 =    34.7872,    34.9327       
# span 9 = 1.0892e+03, 2.8428e+03       
# span 10 =      3.962,   2800.297      
# span 11 =    34.7890,    34.9325      
# span 12 =    34.8316,    34.9329      
# span 13 =     5.9018,     7.3450      
# span 14 =    1468.43,    1503.34      
# span 15 =    27.3861,    27.9410      
# span 16 =    27.4233,    27.9406      
# span 17 = 0.0000e+00, 0.0000e+00      
# interval = decibars: 1                
# start_time = Jun 16 2018 13:54:45 [System UTC, first data scan.]
# bad_flag = -9.990e-29
*END*
[from data line 5227]
    461.000     3.4698     3.4693   3.218535   3.218603     2.3601    -0.3877     0.3776    34.8744 2.1856e+03    456.155    34.8746    34.8760     6.6091    1471.79    27.7433    27.7445 0.0000e+00
    460.000     3.4708     3.4708   3.218583   3.218709     2.3600    -0.3686     0.3832    34.8745 2.1843e+03    455.167    34.8746    34.8761     6.6079    1471.78    27.7432    27.7444 0.0000e+00
    459.000     3.4717     3.4716   3.218652   3.218746     2.3602    -0.3816     0.3796    34.8748 2.1840e+03    454.179    34.8750    34.8763     6.6073    1471.77    27.7434    27.7445 0.0000e+00
    458.000     3.4723     3.4720   3.218649   3.218747     2.3608    -0.3686     0.3775    34.8748 2.1844e+03    453.190    34.8749    34.8764     6.6088    1471.75    27.7433    27.7445 0.0000e+00
    457.000     3.4728     3.4726   3.218647   3.218753     2.3612    -0.3654     0.3775    34.8748 2.1853e+03    452.202    34.8749    34.8764     6.6092    1471.74    27.7432    27.7445 0.0000e+00
    456.000     3.4729     3.4727   3.218620   3.218727     2.3618    -0.3834     0.3837    34.8749 2.1854e+03    451.213    34.8750    34.8765     6.6104    1471.72    27.7433    27.7445 0.0000e+00
    455.000     3.4729     3.4726   3.218562   3.218667     2.3623    -0.3897     0.3804    34.8748 2.1851e+03    450.225    34.8749    34.8764     6.6114    1471.71    27.7432    27.7444 0.0000e+00
    454.000     3.4731     3.4727   3.218545   3.218631     2.3623    -0.3899     0.3775    34.8749 2.1852e+03    449.237    34.8750    34.8764     6.6103    1471.69    27.7433    27.7444 0.0000e+00
    453.000     3.4736     3.4730   3.218540   3.218630     2.3622    -0.3825     0.3775    34.8749 2.1850e+03    448.248    34.8749    34.8766     6.6093    1471.68    27.7431    27.7445 0.0000e+00
    452.000     3.4739     3.4733   3.218537   3.218601     2.3623    -0.3638     0.3805    34.8749 2.1832e+03    447.260    34.8750    34.8765     6.6085    1471.66    27.7432    27.7445 0.0000e+00
    451.000     3.4750     3.4744   3.218598   3.218645     2.3624    -0.3773     0.3808    34.8750 2.1808e+03    446.271    34.8752    34.8764     6.6078    1471.65    27.7432    27.7442 0.0000e+00
    450.000     3.4765     3.4759   3.218708   3.218755     2.3635    -0.3880     0.3777    34.8752 2.1818e+03    445.283    34.8754    34.8766     6.6105    1471.64    27.7432    27.7442 0.0000e+00
    449.000     3.4779     3.4776   3.218780   3.218874     2.3635    -0.3667     0.3775    34.8752 2.1841e+03    444.294    34.8753    34.8768     6.6097    1471.63    27.7430    27.7442 0.0000e+00
    448.000     3.4785     3.4782   3.218790   3.218886     2.3639    -0.4091     0.3849    34.8752 2.1848e+03    443.306    34.8754    34.8768     6.6098    1471.62    27.7430    27.7442 0.0000e+00
    447.000     3.4786     3.4786   3.218759   3.218871     2.3642    -0.3769     0.3804    34.8753 2.1858e+03    442.318    34.8754    34.8768     6.6103    1471.60    27.7430    27.7441 0.0000e+00
    446.000     3.4789     3.4790   3.218745   3.218862     2.3643    -0.3666     0.3798    34.8753 2.1864e+03    441.329    34.8755    34.8768     6.6095    1471.59    27.7430    27.7441 0.0000e+00
    445.000     3.4803     3.4803   3.218860   3.218950     2.3644    -0.3868     0.3843    34.8754 2.1881e+03    440.341    34.8759    34.8770     6.6089    1471.58    27.7432    27.7441 0.0000e+00
    444.000     3.4845     3.4822   3.219172   3.219102     2.3647    -0.3649     0.3758    34.8755 2.1865e+03    439.352    34.8758    34.8774     6.6081    1471.58    27.7427    27.7442 0.0000e+00
    443.000     3.4863     3.4819   3.219371   3.219021     2.3647    -0.3668     0.3777    34.8760 2.1822e+03    438.364    34.8767    34.8772     6.6069    1471.57    27.7433    27.7441 0.0000e+00
    442.000     3.4909     3.4898   3.219717   3.219740     2.3651    -0.3902     0.3775    34.8761 2.1820e+03    437.375    34.8765    34.8780     6.6066    1471.57    27.7426    27.7439 0.0000e+00
    441.000     3.4916     3.4916   3.219740   3.219854     2.3653    -0.3876     0.3775    34.8761 2.1861e+03    436.387    34.8766    34.8780     6.6067    1471.56    27.7426    27.7437 0.0000e+00
    440.000     3.4921     3.4920   3.219767   3.219862     2.3654    -0.3723     0.3754    34.8765 2.1877e+03    435.398    34.8769    34.8781     6.6060    1471.54    27.7428    27.7438 0.0000e+00
    439.000     3.4926     3.4926   3.219771   3.219881     2.3655    -0.3665     0.3730    34.8765 2.1892e+03    434.410    34.8769    34.8783     6.6054    1471.53    27.7428    27.7439 0.0000e+00
    438.000     3.4941     3.4940   3.219866   3.219973     2.3654    -0.3665     0.3727    34.8766 2.1894e+03    433.421    34.8770    34.8784     6.6037    1471.52    27.7427    27.7438 0.0000e+00
    437.000     3.4950     3.4944   3.219885   3.219960     2.3652    -0.3906     0.3786    34.8766 2.1892e+03    432.433    34.8769    34.8784     6.6021    1471.51    27.7425    27.7438 0.0000e+00
    436.000     3.4947     3.4936   3.219828   3.219850     2.3655    -0.3924     0.3804    34.8767 2.1882e+03    431.444    34.8770    34.8785     6.6023    1471.49    27.7426    27.7439 0.0000e+00
    435.000     3.4967     3.4948   3.219945   3.219903     2.3658    -0.3694     0.3851    34.8765 2.1893e+03    430.456    34.8768    34.8783     6.6022    1471.48    27.7422    27.7436 0.0000e+00
    434.000     3.4968     3.4964   3.219916   3.220002     2.3659    -0.3861     0.3815    34.8767 2.1885e+03    429.467    34.8769    34.8783     6.6017    1471.47    27.7423    27.7435 0.0000e+00
    433.000     3.4972     3.4970   3.219900   3.220009     2.3662    -0.3742     0.3822    34.8766 2.1885e+03    428.479    34.8768    34.8784     6.6019    1471.45    27.7422    27.7435 0.0000e+00
    432.000     3.4967     3.4964   3.219806   3.219903     2.3665    -0.3790     0.3850    34.8767 2.1893e+03    427.490    34.8767    34.8782     6.6021    1471.43    27.7422    27.7434 0.0000e+00
    431.000     3.4955     3.4951   3.219619   3.219727     2.3666    -0.3730     0.3812    34.8764 2.1883e+03    426.502    34.8763    34.8781     6.6017    1471.41    27.7420    27.7434 0.0000e+00
    430.000     3.4942     3.4939   3.219453   3.219548     2.3665    -0.3634     0.3775    34.8763 2.1869e+03    425.513    34.8762    34.8777     6.6007    1471.39    27.7420    27.7432 0.0000e+00
    429.000     3.4938     3.4935   3.219354   3.219452     2.3670    -0.3584     0.3775    34.8761 2.1850e+03    424.524    34.8760    34.8776     6.6020    1471.37    27.7419    27.7432 0.0000e+00
    428.000     3.4937     3.4935   3.219305   3.219401     2.3673    -0.3572     0.3846    34.8761 2.1798e+03    423.536    34.8761    34.8775     6.6021    1471.35    27.7420    27.7431 0.0000e+00
    427.000     3.4935     3.4933   3.219234   3.219345     2.3680    -0.3719     0.3851    34.8761 2.1815e+03    422.547    34.8760    34.8775     6.6037    1471.34    27.7419    27.7431 0.0000e+00
    426.000     3.4935     3.4932   3.219198   3.219293     2.3683    -0.3867     0.3844    34.8761 2.1937e+03    421.559    34.8761    34.8776     6.6040    1471.32    27.7420    27.7431 0.0000e+00
    425.000     3.4936     3.4932   3.219164   3.219258     2.3689    -0.3868     0.3813    34.8762 2.1926e+03    420.570    34.8762    34.8777     6.6053    1471.30    27.7420    27.7432 0.0000e+00
    424.000     3.4939     3.4934   3.219131   3.219212     2.3697    -0.3843     0.3854    34.8759 2.1956e+03    419.582    34.8759    34.8774     6.6070    1471.29    27.7417    27.7430 0.0000e+00
    423.000     3.4939     3.4936   3.219085   3.219186     2.3698    -0.3665     0.3783    34.8760 2.1931e+03    418.593    34.8760    34.8775     6.6066    1471.27    27.7418    27.7430 0.0000e+00
    422.000     3.4942     3.4940   3.219078   3.219169     2.3699    -0.3692     0.3775    34.8760 2.1925e+03    417.605    34.8761    34.8774     6.6060    1471.26    27.7418    27.7429 0.0000e+00
    421.000     3.4948     3.4945   3.219081   3.219165     2.3699    -0.3899     0.3775    34.8760 2.1941e+03    416.616    34.8760    34.8773     6.6052    1471.24    27.7417    27.7428 0.0000e+00
    420.000     3.4953     3.4954   3.219098   3.219223     2.3704    -0.3847     0.3779    34.8760 2.1960e+03    415.627    34.8762    34.8776     6.6057    1471.23    27.7418    27.7429 0.0000e+00
    419.000     3.4970     3.4974   3.219205   3.219359     2.3707    -0.3741     0.3775    34.8760 2.1974e+03    414.639    34.8762    34.8777     6.6057    1471.22    27.7416    27.7428 0.0000e+00
    418.000     3.4972     3.4970   3.219181   3.219283     2.3715    -0.3702     0.3775    34.8763 2.2002e+03    413.650    34.8763    34.8778     6.6077    1471.20    27.7417    27.7429 0.0000e+00
    417.000     3.4970     3.4964   3.219112   3.219184     2.3719    -0.3839     0.3835    34.8762 2.2022e+03    412.662    34.8762    34.8777     6.6085    1471.19    27.7416    27.7429 0.0000e+00
    416.000     3.4975     3.4963   3.219115   3.219128     2.3726    -0.3774     0.3835    34.8762 2.2023e+03    411.673    34.8763    34.8777     6.6100    1471.17    27.7416    27.7429 0.0000e+00
    415.000     3.4980     3.4976   3.219107   3.219187     2.3730    -0.3592     0.3807    34.8761 2.2022e+03    410.684    34.8762    34.8776     6.6105    1471.16    27.7415    27.7426 0.0000e+00
    414.000     3.4981     3.4980   3.219081   3.219188     2.3740    -0.3737     0.3830    34.8762 2.2031e+03    409.696    34.8762    34.8777     6.6130    1471.14    27.7415    27.7427 0.0000e+00
    413.000     3.4984     3.4983   3.219057   3.219187     2.3742    -0.3851     0.3779    34.8762 2.2062e+03    408.707    34.8762    34.8779     6.6128    1471.13    27.7415    27.7428 0.0000e+00
    412.000     3.4990     3.4994   3.219104   3.219244     2.3744    -0.3847     0.3848    34.8764 2.2060e+03    407.719    34.8766    34.8779     6.6124    1471.11    27.7417    27.7427 0.0000e+00
    411.000     3.5009     3.5009   3.219237   3.219342     2.3743    -0.3752     0.3832    34.8765 2.2072e+03    406.730    34.8767    34.8781     6.6108    1471.10    27.7416    27.7427 0.0000e+00
    410.000     3.5019     3.5018   3.219292   3.219385     2.3743    -0.3606     0.3777    34.8767 2.2082e+03    405.741    34.8770    34.8782     6.6097    1471.09    27.7417    27.7427 0.0000e+00
    409.000     3.5023     3.5015   3.219282   3.219319     2.3742    -0.3711     0.3781    34.8767 2.2088e+03    404.753    34.8769    34.8782     6.6087    1471.08    27.7416    27.7428 0.0000e+00
    408.000     3.5045     3.5012   3.219434   3.219239     2.3746    -0.3653     0.3896    34.8767 2.2118e+03    403.764    34.8769    34.8781     6.6087    1471.07    27.7414    27.7427 0.0000e+00
    407.000     3.5062     3.5061   3.219560   3.219655     2.3754    -0.3608     0.3771    34.8768 2.2140e+03    402.775    34.8772    34.8784     6.6104    1471.06    27.7414    27.7424 0.0000e+00
    406.000     3.5099     3.5091   3.219887   3.219911     2.3755    -0.3608     0.3775    34.8769 2.2138e+03    401.787    34.8777    34.8789     6.6093    1471.06    27.7415    27.7425 0.0000e+00
    405.000     3.5127     3.5127   3.220091   3.220227     2.3754    -0.3669     0.3778    34.8773 2.2131e+03    400.798    34.8777    34.8793     6.6074    1471.06    27.7412    27.7425 0.0000e+00
    404.000     3.5145     3.5146   3.220263   3.220350     2.3757    -0.3674     0.3810    34.8778 2.2136e+03    399.809    34.8784    34.8792     6.6072    1471.05    27.7416    27.7422 0.0000e+00
    403.000     3.5158     3.5153   3.220291   3.220369     2.3754    -0.3801     0.3854    34.8775 2.2150e+03    398.821    34.8778    34.8793     6.6053    1471.04    27.7410    27.7422 0.0000e+00
    402.000     3.5147     3.5136   3.220147   3.220170     2.3753    -0.3968     0.3807    34.8776 2.2168e+03    397.832    34.8778    34.8793     6.6043    1471.02    27.7411    27.7424 0.0000e+00
    401.000     3.5158     3.5136   3.220185   3.220110     2.3764    -0.3878     0.3831    34.8774 2.2161e+03    396.843    34.8777    34.8791     6.6069    1471.00    27.7408    27.7422 0.0000e+00
    400.000     3.5157     3.5155   3.220130   3.220236     2.3773    -0.3826     0.3774    34.8775 2.2156e+03    395.855    34.8777    34.8791     6.6095    1470.99    27.7408    27.7420 0.0000e+00
    399.000     3.5145     3.5144   3.219931   3.220075     2.3777    -0.3596     0.3775    34.8772 2.2155e+03    394.866    34.8771    34.8789     6.6101    1470.97    27.7405    27.7420 0.0000e+00
    398.000     3.5131     3.5129   3.219758   3.219872     2.3779    -0.3834     0.3778    34.8771 2.2159e+03    393.877    34.8770    34.8786     6.6103    1470.94    27.7405    27.7418 0.0000e+00
    397.000     3.5138     3.5139   3.219795   3.219903     2.3783    -0.3928     0.3801    34.8770 2.2162e+03    392.889    34.8772    34.8785     6.6108    1470.93    27.7406    27.7417 0.0000e+00
    396.000     3.5160     3.5162   3.219956   3.220072     2.3790    -0.4100     0.3833    34.8771 2.2182e+03    391.900    34.8774    34.8786     6.6117    1470.92    27.7406    27.7415 0.0000e+00
    395.000     3.5173     3.5167   3.220023   3.220095     2.3790    -0.3895     0.3789    34.8771 2.2184e+03    390.911    34.8773    34.8788     6.6106    1470.91    27.7404    27.7416 0.0000e+00
    394.000     3.5193     3.5169   3.220166   3.220070     2.3790    -0.3875     0.3826    34.8770 2.2183e+03    389.922    34.8775    34.8789     6.6094    1470.90    27.7403    27.7417 0.0000e+00
    393.000     3.5215     3.5205   3.220313   3.220345     2.3789    -0.3709     0.3832    34.8773 2.2180e+03    388.934    34.8774    34.8789     6.6081    1470.90    27.7400    27.7413 0.0000e+00
    392.000     3.5215     3.5213   3.220297   3.220397     2.3789    -0.3618     0.3822    34.8775 2.2189e+03    387.945    34.8778    34.8792     6.6072    1470.88    27.7403    27.7414 0.0000e+00
    391.000     3.5221     3.5218   3.220308   3.220406     2.3791    -0.3804     0.3823    34.8776 2.2206e+03    386.956    34.8778    34.8793     6.6067    1470.87    27.7402    27.7415 0.0000e+00
    390.000     3.5225     3.5224   3.220296   3.220414     2.3800    -0.4040     0.3854    34.8776 2.2206e+03    385.968    34.8777    34.8793     6.6090    1470.85    27.7402    27.7414 0.0000e+00
    389.000     3.5231     3.5229   3.220285   3.220410     2.3811    -0.3671     0.3841    34.8775 2.2215e+03    384.979    34.8776    34.8792     6.6119    1470.84    27.7400    27.7413 0.0000e+00
    388.000     3.5235     3.5234   3.220298   3.220418     2.3814    -0.3890     0.3849    34.8776 2.2231e+03    383.990    34.8778    34.8794     6.6119    1470.82    27.7401    27.7413 0.0000e+00
    387.000     3.5245     3.5244   3.220348   3.220463     2.3813    -0.3886     0.3866    34.8776 2.2231e+03    383.001    34.8778    34.8794     6.6108    1470.81    27.7400    27.7412 0.0000e+00
    386.000     3.5247     3.5245   3.220300   3.220411     2.3813    -0.3893     0.3854    34.8776 2.2242e+03    382.013    34.8776    34.8792     6.6099    1470.80    27.7398    27.7411 0.0000e+00
    385.000     3.5239     3.5239   3.220160   3.220308     2.3813    -0.3660     0.3779    34.8774 2.2244e+03    381.024    34.8774    34.8791     6.6092    1470.78    27.7397    27.7410 0.0000e+00
    384.000     3.5228     3.5228   3.220017   3.220145     2.3813    -0.3611     0.3810    34.8774 2.2249e+03    380.035    34.8773    34.8789     6.6085    1470.75    27.7397    27.7410 0.0000e+00
    383.000     3.5226     3.5224   3.219964   3.220076     2.3819    -0.3777     0.3862    34.8774 2.2248e+03    379.046    34.8774    34.8790     6.6096    1470.74    27.7398    27.7412 0.0000e+00
