Ship_data/Irminger/Irminger-5/ctd/process/ar30-03012.ros
* Sea-Bird SBE 9 Data File:
* FileName = D:\Data\ar30-03012.hdr
* Software Version Seasave V 7.23.2
* Temperature SN = 4312
* Conductivity SN = 2148
* Number of Bytes Per Scan = 44
* Number of Voltage Words = 5
* Number of Scans Averaged by the Deck Unit = 1
* NMEA Latitude = 59 40.85 N
* NMEA Longitude = 038 56.40 W
* NMEA UTC (Time) = Jun 13 2018  17:00:29
** Cruise ID: ar30-03
** Chief Sci: Macdonald
** Station #: 012
** Site ID: Irminger 5 OSNAP CV4
# nquan = 13
# nvalues = 637                                   
# units = specified
# name 0 = prDM: Pressure, Digiquartz [db]
# name 1 = t090C: Temperature [ITS-90, deg C]
# name 2 = t190C: Temperature, 2 [ITS-90, deg C]
# name 3 = c0S/m: Conductivity [S/m]
# name 4 = c1S/m: Conductivity, 2 [S/m]
# name 5 = sbeox0V: Oxygen raw, SBE 43 [V]
# name 6 = flECO-AFL: Fluorescence, WET Labs ECO-AFL/FL [mg/m^3]
# name 7 = turbWETntu0: Turbidity, WET Labs ECO [NTU]
# name 8 = sal00: Salinity, Practical [PSU]
# name 9 = spar: SPAR/Surface Irradiance
# name 10 = scan: Scan Count
# name 11 = nbf: Bottles Fired
# name 12 = flag:  0.000e+00
# interval = seconds: 0.0416667
# start_time = Jun 13 2018 17:00:29 [System UTC, first data scan.]
# bad_flag = -9.990e-29
*END*
[from data line 112]
   2538.054     2.8831     2.8853   3.256295   3.257862     1.4743    -0.3743     0.3482    34.9108 5.5731e+02      91038          3  0.000e+00
   2538.037     2.8833     2.8851   3.256295   3.257886     1.4730    -0.3743     0.3482    34.9107 5.5506e+02      91039          3  0.000e+00
   2537.970     2.8831     2.8850   3.256314   3.257886     1.4730    -0.3547     0.3482    34.9111 5.5731e+02      91040          3  0.000e+00
   2538.054     2.8831     2.8851   3.256307   3.257886     1.4730    -0.3547     0.3531    34.9110 5.5731e+02      91041          3  0.000e+00
   2537.912     2.8830     2.8851   3.256314   3.257886     1.4730    -0.3743     0.3482    34.9113 5.5731e+02      91042          3  0.000e+00
   2537.970     2.8836     2.8850   3.256326   3.257832     1.4730    -0.3743     0.3482    34.9108 5.5731e+02      91043          3  0.000e+00
   2537.929     2.8833     2.8852   3.256326   3.257886     1.4730    -0.3743     0.3482    34.9111 5.5731e+02      91044          3  0.000e+00
   2537.912     2.8833     2.8854   3.256307   3.257856     1.4743    -0.3547     0.3482    34.9109 5.5731e+02      91045          3  0.000e+00
   2537.929     2.8831     2.8852   3.256333   3.257856     1.4730    -0.3547     0.3482    34.9113 5.5731e+02      91046          3  0.000e+00
   2537.912     2.8834     2.8852   3.256351   3.257886     1.4730    -0.3743     0.3482    34.9113 5.5956e+02      91047          3  0.000e+00
   2537.845     2.8831     2.8851   3.256351   3.257856     1.4743    -0.3743     0.3482    34.9116 5.5956e+02      91048          3  0.000e+00
   2537.862     2.8834     2.8852   3.256396   3.257892     1.4730    -0.3743     0.3482    34.9118 5.5956e+02      91049          3  0.000e+00
   2537.845     2.8834     2.8853   3.256396   3.257856     1.4730    -0.3547     0.3482    34.9118 5.5956e+02      91050          3  0.000e+00
   2537.779     2.8834     2.8851   3.256383   3.257856     1.4730    -0.3547     0.3482    34.9117 5.5731e+02      91051          3  0.000e+00
   2537.804     2.8831     2.8851   3.256383   3.257886     1.4730    -0.3547     0.3482    34.9120 5.5956e+02      91052          3  0.000e+00
   2537.779     2.8834     2.8853   3.256402   3.257886     1.4730    -0.3743     0.3482    34.9119 5.5956e+02      91053          3  0.000e+00
   2537.545     2.8833     2.8849   3.256395   3.257892     1.4730    -0.3743     0.3482    34.9121 5.5956e+02      91054          3  0.000e+00
   2537.971     2.8831     2.8854   3.256402   3.257886     1.4730    -0.3743     0.3482    34.9121 5.6181e+02      91055          3  0.000e+00
   2537.720     2.8832     2.8851   3.256414   3.257826     1.4730    -0.3743     0.3482    34.9123 5.5956e+02      91056          3  0.000e+00
   2537.737     2.8833     2.8851   3.256433   3.257916     1.4730    -0.3743     0.3482    34.9124 5.6181e+02      91057          3  0.000e+00
   2537.654     2.8833     2.8851   3.256446   3.257856     1.4731    -0.3743     0.3482    34.9126 5.5956e+02      91058          3  0.000e+00
   2537.720     2.8834     2.8849   3.256446   3.257892     1.4731    -0.3743     0.3482    34.9125 5.5956e+02      91059          3  0.000e+00
   2537.670     2.8833     2.8853   3.256446   3.257856     1.4731    -0.3743     0.3482    34.9126 5.5956e+02      91060          3  0.000e+00
   2537.654     2.8834     2.8854   3.256465   3.257886     1.4731    -0.3743     0.3482    34.9127 5.5956e+02      91061          3  0.000e+00
   2537.545     2.8836     2.8849   3.256452   3.257886     1.4731    -0.3547     0.3482    34.9125 5.5956e+02      91062          3  0.000e+00
   2537.720     2.8836     2.8853   3.256446   3.257886     1.4731    -0.3547     0.3482    34.9123 5.5956e+02      91063          3  0.000e+00
   2537.587     2.8836     2.8852   3.256465   3.257862     1.4731    -0.3743     0.3531    34.9126 5.5956e+02      91064          3  0.000e+00
   2537.612     2.8836     2.8853   3.256471   3.257856     1.4731    -0.3743     0.3482    34.9126 5.6181e+02      91065          3  0.000e+00
   2537.587     2.8836     2.8852   3.256471   3.257886     1.4731    -0.3547     0.3482    34.9127 5.6181e+02      91066          3  0.000e+00
   2537.587     2.8834     2.8852   3.256471   3.257856     1.4731    -0.3743     0.3482    34.9128 5.6181e+02      91067          3  0.000e+00
   2537.545     2.8836     2.8853   3.256471   3.257856     1.4718    -0.3743     0.3482    34.9127 5.6181e+02      91068          3  0.000e+00
   2537.587     2.8836     2.8851   3.256471   3.257856     1.4731    -0.3743     0.3482    34.9127 5.6181e+02      91069          3  0.000e+00
   2537.545     2.8836     2.8851   3.256490   3.257862     1.4718    -0.3547     0.3482    34.9129 5.6181e+02      91070          3  0.000e+00
   2537.529     2.8836     2.8849   3.256502   3.257886     1.4718    -0.3547     0.3531    34.9130 5.5956e+02      91071          3  0.000e+00
   2537.587     2.8837     2.8852   3.256502   3.257886     1.4718    -0.3743     0.3482    34.9129 5.5956e+02      91072          3  0.000e+00
   2282.990     3.0984     3.0991   3.266660   3.266710     1.8157    -0.3938     0.3580    34.9264 4.8540e+02      99862          4  0.000e+00
   2283.024     3.0984     3.0993   3.266642   3.266740     1.8144    -0.3938     0.3531    34.9261 4.8765e+02      99863          4  0.000e+00
   2283.024     3.0984     3.0989   3.266660   3.266680     1.8144    -0.3743     0.3531    34.9263 4.8540e+02      99864          4  0.000e+00
   2282.866     3.0984     3.0993   3.266705   3.266680     1.8144    -0.3743     0.3531    34.9269 4.8540e+02      99865          4  0.000e+00
   2282.957     3.0986     3.0989   3.266686   3.266740     1.8144    -0.3743     0.3531    34.9265 4.8540e+02      99866          4  0.000e+00
   2282.891     3.0987     3.0989   3.266692   3.266722     1.8157    -0.3938     0.3531    34.9264 4.8765e+02      99867          4  0.000e+00
   2282.924     3.0984     3.0991   3.266673   3.266680     1.8144    -0.3938     0.3531    34.9265 4.8540e+02      99868          4  0.000e+00
   2282.891     3.0984     3.0991   3.266686   3.266710     1.8157    -0.3743     0.3531    34.9267 4.8540e+02      99869          4  0.000e+00
   2282.832     3.0986     3.0991   3.266679   3.266710     1.8157    -0.3938     0.3531    34.9265 4.8540e+02      99870          4  0.000e+00
   2282.866     3.0986     3.0991   3.266679   3.266710     1.8157    -0.3743     0.3531    34.9265 4.8765e+02      99871          4  0.000e+00
   2282.832     3.0986     3.0991   3.266654   3.266710     1.8157    -0.3938     0.3580    34.9262 4.8540e+02      99872          4  0.000e+00
   2282.832     3.0986     3.0991   3.266679   3.266710     1.8144    -0.3938     0.3531    34.9265 4.8540e+02      99873          4  0.000e+00
   2282.799     3.0986     3.0991   3.266692   3.266740     1.8157    -0.3743     0.3580    34.9267 4.8540e+02      99874          4  0.000e+00
   2282.766     3.0987     3.0991   3.266679   3.266710     1.8157    -0.3743     0.3531    34.9264 4.8540e+02      99875          4  0.000e+00
   2282.799     3.0987     3.0991   3.266679   3.266710     1.8157    -0.3547     0.3531    34.9263 4.8765e+02      99876          4  0.000e+00
   2282.708     3.0986     3.0993   3.266692   3.266740     1.8157    -0.3743     0.3531    34.9267 4.8540e+02      99877          4  0.000e+00
   2282.766     3.0987     3.0993   3.266698   3.266680     1.8144    -0.3547     0.3531    34.9266 4.8540e+02      99878          4  0.000e+00
   2282.733     3.0987     3.0991   3.266673   3.266680     1.8157    -0.3547     0.3531    34.9263 4.8540e+02      99879          4  0.000e+00
   2282.708     3.0987     3.0991   3.266667   3.266710     1.8144    -0.3743     0.3531    34.9262 4.8540e+02      99880          4  0.000e+00
   2282.708     3.0987     3.0993   3.266673   3.266769     1.8144    -0.3743     0.3531    34.9263 4.8540e+02      99881          4  0.000e+00
   2282.674     3.0986     3.0993   3.266679   3.266710     1.8144    -0.3547     0.3580    34.9266 4.8540e+02      99882          4  0.000e+00
   2282.708     3.0987     3.0991   3.266692   3.266710     1.8144    -0.3547     0.3580    34.9265 4.8540e+02      99883          4  0.000e+00
   2282.641     3.0986     3.0991   3.266660   3.266740     1.8157    -0.3743     0.3531    34.9264 4.8540e+02      99884          4  0.000e+00
   2282.675     3.0987     3.0993   3.266654   3.266692     1.8157    -0.3743     0.3531    34.9261 4.8540e+02      99885          4  0.000e+00
   2282.641     3.0986     3.0996   3.266686   3.266740     1.8157    -0.3743     0.3531    34.9267 4.8540e+02      99886          4  0.000e+00
   2282.575     3.0986     3.0996   3.266648   3.266710     1.8144    -0.3547     0.3531    34.9262 4.8540e+02      99887          4  0.000e+00
   2282.675     3.0984     3.0994   3.266660   3.266710     1.8144    -0.3547     0.3531    34.9265 4.8540e+02      99888          4  0.000e+00
   2282.575     3.0986     3.0993   3.266673   3.266740     1.8157    -0.3743     0.3531    34.9265 4.8540e+02      99889          4  0.000e+00
   2282.608     3.0987     3.0994   3.266667   3.266710     1.8157    -0.3743     0.3531    34.9263 4.8540e+02      99890          4  0.000e+00
   2282.641     3.0984     3.0994   3.266667   3.266740     1.8157    -0.3743     0.3531    34.9266 4.8540e+02      99891          4  0.000e+00
   2282.575     3.0986     3.0993   3.266673   3.266710     1.8144    -0.3547     0.3580    34.9265 4.8540e+02      99892          4  0.000e+00
   2282.675     3.0984     3.0993   3.266679   3.266740     1.8144    -0.3743     0.3531    34.9267 4.8540e+02      99893          4  0.000e+00
   2282.575     3.0986     3.0994   3.266679   3.266740     1.8157    -0.3743     0.3531    34.9266 4.8540e+02      99894          4  0.000e+00
   2282.575     3.0986     3.0993   3.266704   3.266740     1.8144    -0.3743     0.3580    34.9269 4.8540e+02      99895          4  0.000e+00
   2282.608     3.0986     3.0993   3.266660   3.266740     1.8157    -0.3743     0.3531    34.9264 4.8540e+02      99896          4  0.000e+00
   2282.641     3.0984     3.0993   3.266641   3.266740     1.8144    -0.3743     0.3531    34.9263 4.8540e+02      99897          4  0.000e+00
   2282.575     3.0987     3.0993   3.266635   3.266710     1.8157    -0.3743     0.3531    34.9259 4.8540e+02      99898          4  0.000e+00
   2282.608     3.0986     3.0993   3.266660   3.266680     1.8157    -0.3743     0.3531    34.9264 4.8540e+02      99899          4  0.000e+00
   2282.641     3.0986     3.0993   3.266692   3.266740     1.8157    -0.3938     0.3482    34.9267 4.8540e+02      99900          4  0.000e+00
   2282.417     3.0984     3.0993   3.266673   3.266739     1.8157    -0.3938     0.3482    34.9268 4.8540e+02      99901          4  0.000e+00
   2282.833     3.0986     3.0989   3.266686   3.266680     1.8157    -0.3938     0.3482    34.9266 4.8540e+02      99902          4  0.000e+00
   2282.575     3.0984     3.0991   3.266698   3.266680     1.8157    -0.3743     0.3482    34.9270 4.8540e+02      99903          4  0.000e+00
   2282.675     3.0986     3.0990   3.266692   3.266692     1.8144    -0.3938     0.3482    34.9267 4.8540e+02      99904          4  0.000e+00
   2282.642     3.0984     3.0991   3.266679   3.266710     1.8157    -0.3938     0.3482    34.9267 4.8540e+02      99905          4  0.000e+00
   2282.708     3.0984     3.0988   3.266667   3.266710     1.8157    -0.3938     0.3531    34.9266 4.8540e+02      99906          4  0.000e+00
   2282.733     3.0984     3.0986   3.266648   3.266680     1.8157    -0.3743     0.3482    34.9263 4.8315e+02      99907          4  0.000e+00
   2282.642     3.0982     3.0988   3.266679   3.266680     1.8157    -0.3743     0.3482    34.9269 4.8540e+02      99908          4  0.000e+00
   2282.708     3.0986     3.0984   3.266673   3.266680     1.8157    -0.3938     0.3482    34.9265 4.8540e+02      99909          4  0.000e+00
   2282.733     3.0981     3.0986   3.266686   3.266650     1.8157    -0.3938     0.3482    34.9271 4.8540e+02      99910          4  0.000e+00
   1825.510     3.5074     3.5080   3.284633   3.284724     1.9093    -0.3938     0.3629    34.9267 7.1686e+02     114618          5  0.000e+00
   1825.510     3.5076     3.5077   3.284646   3.284688     1.9093    -0.3938     0.3629    34.9266 7.1686e+02     114619          5  0.000e+00
   1825.659     3.5074     3.5078   3.284627   3.284754     1.9105    -0.3938     0.3629    34.9265 7.1686e+02     114620          5  0.000e+00
   1825.452     3.5074     3.5081   3.284652   3.284688     1.9093    -0.3743     0.3629    34.9269 7.1686e+02     114621          5  0.000e+00
   1825.452     3.5074     3.5082   3.284652   3.284718     1.9105    -0.3743     0.3629    34.9269 7.1686e+02     114622          5  0.000e+00
   1825.601     3.5076     3.5081   3.284627   3.284694     1.9105    -0.3938     0.3629    34.9264 7.1911e+02     114623          5  0.000e+00
   1825.510     3.5074     3.5082   3.284596   3.284718     1.9105    -0.3938     0.3629    34.9262 7.1911e+02     114624          5  0.000e+00
   1825.452     3.5073     3.5079   3.284627   3.284694     1.9093    -0.3938     0.3629    34.9268 7.1911e+02     114625          5  0.000e+00
   1825.535     3.5076     3.5082   3.284646   3.284688     1.9093    -0.3938     0.3629    34.9266 7.1911e+02     114626          5  0.000e+00
   1825.510     3.5077     3.5077   3.284646   3.284694     1.9093    -0.3938     0.3580    34.9265 7.1911e+02     114627          5  0.000e+00
   1825.477     3.5074     3.5082   3.284627   3.284688     1.9093    -0.3938     0.3580    34.9266 7.1911e+02     114628          5  0.000e+00
   1825.634     3.5076     3.5081   3.284659   3.284724     1.9093    -0.3743     0.3580    34.9267 7.1911e+02     114629          5  0.000e+00
   1825.510     3.5076     3.5080   3.284678   3.284718     1.9093    -0.3743     0.3580    34.9270 7.1911e+02     114630          5  0.000e+00
   1825.535     3.5074     3.5080   3.284652   3.284694     1.9093    -0.3938     0.3580    34.9269 7.1911e+02     114631          5  0.000e+00
   1825.576     3.5074     3.5082   3.284665   3.284718     1.9093    -0.3938     0.3580    34.9270 7.2136e+02     114632          5  0.000e+00
   1825.510     3.5076     3.5082   3.284678   3.284748     1.9093    -0.3743     0.3580    34.9270 7.2136e+02     114633          5  0.000e+00
   1825.601     3.5074     3.5079   3.284659   3.284694     1.9105    -0.3743     0.3580    34.9269 7.2136e+02     114634          5  0.000e+00
   1825.576     3.5076     3.5080   3.284665   3.284718     1.9105    -0.3938     0.3580    34.9268 7.2136e+02     114635          5  0.000e+00
   1825.576     3.5076     3.5079   3.284678   3.284664     1.9093    -0.3743     0.3580    34.9270 7.2136e+02     114636          5  0.000e+00
   1825.601     3.5077     3.5077   3.284659   3.284718     1.9105    -0.3938     0.3580    34.9266 7.2136e+02     114637          5  0.000e+00
   1825.634     3.5077     3.5076   3.284665   3.284724     1.9105    -0.3938     0.3580    34.9266 7.2361e+02     114638          5  0.000e+00
   1825.634     3.5074     3.5077   3.284678   3.284688     1.9105    -0.3743     0.3580    34.9271 7.2361e+02     114639          5  0.000e+00
   1825.601     3.5076     3.5077   3.284690   3.284664     1.9105    -0.3938     0.3580    34.9271 7.2361e+02     114640          5  0.000e+00
   1825.634     3.5076     3.5075   3.284684   3.284688     1.9105    -0.3938     0.3580    34.9270 7.2361e+02     114641          5  0.000e+00
   1825.634     3.5077     3.5076   3.284678   3.284694     1.9093    -0.3743     0.3580    34.9268 7.2361e+02     114642          5  0.000e+00
   1825.659     3.5077     3.5077   3.284678   3.284658     1.9093    -0.3938     0.3580    34.9268 7.2361e+02     114643          5  0.000e+00
