Ship_data/Irminger/Irminger-5/ctd/process/ar30-03013.cnv
* Sea-Bird SBE 9 Data File:
* FileName = D:\Data\ar30-03013.hdr
* Software Version Seasave V 7.23.2
* Temperature SN = 4312
* Conductivity SN = 2148
* Number of Bytes Per Scan = 44
* Number of Voltage Words = 5
* Number of Scans Averaged by the Deck Unit = 1
* NMEA Latitude = 59 46.82 N
* NMEA Longitude = 039 49.61 W
* NMEA UTC (Time) = Jun 14 2018  20:15:22
** Cruise ID: ar30-03
** Chief Sci: Macdonald
** Station #: 013
** Site ID: Irminger 5 test cast
** test cast to 130 meters
# nquan = 18
# nvalues = 264                         
# units = specified
# name 0 = prDM: Pressure, Digiquartz [db]
# name 1 = t090C: Temperature [ITS-90, deg C]
# name 2 = t190C: Temperature, 2 [ITS-90, deg C]
# name 3 = c0S/m: Conductivity [S/m]
# name 4 = c1S/m: Conductivity, 2 [S/m]
# name 5 = sbeox0V: Oxygen raw, SBE 43 [V]
# name 6 = flECO-AFL: Fluorescence, WET Labs ECO-AFL/FL [mg/m^3]
# name 7 = turbWETntu0: Turbidity, WET Labs ECO [NTU]
# name 8 = sal00: Salinity, Practical [PSU]
# name 9 = spar: SPAR/Surface Irradiance
# name 10 = depSM: Depth [salt water, m], lat = 59.7803
# name 11 = sal00: Salinity, Practical [PSU]
# name 12 = sal11: Salinity, Practical, 2 [PSU]
# name 13 = sbeox0ML/L: Oxygen, SBE 43 [ml/l], WS = 2
# name 14 = svCM: Sound Velocity [Chen-Millero, m/s]
# name 15 = sigma-é00: Density [sigma-theta, kg/m^3]
# name 16 = sigma-é11: Density, 2 [sigma-theta, kg/m^3]
# name 17 = flag: flag
# span 0 =      2.000,    134.000       
# span 1 =     4.3351,     6.0800       
# span 2 =     4.3362,     6.0804       
# span 3 =   3.282070,   3.430193       
# span 4 =   3.282317,   3.430391       
# span 5 =     2.5136,     2.7662       
# span 6 =    -0.2180,     2.5742       
# span 7 =     0.4092,     0.6308       
# span 8 =    34.8367,    34.8953       
# span 9 = 3.5900e+02, 4.2906e+02       
# span 10 =      1.981,    132.696      
# span 11 =    34.8270,    34.8951      
# span 12 =    34.8426,    34.8961      
# span 13 =     6.6659,     7.1861      
# span 14 =    1469.79,    1474.93      
# span 15 =    27.4186,    27.6620      
# span 16 =    27.4200,    27.6637      
# span 17 = 0.0000e+00, 0.0000e+00      
# interval = decibars: 1                
# start_time = Jun 14 2018 20:15:22 [System UTC, first data scan.]
# bad_flag = -9.990e-29
*END*
[from data line 242]
     23.000     5.4886     5.4875   3.378185   3.378189     2.7146     2.1176     0.5689    34.8520 3.7753e+02     22.782    34.8535    34.8546     7.0531    1472.90    27.5011    27.5021 0.0000e+00
     22.000     5.4883     5.4781   3.378108   3.377336     2.7186     2.2696     0.5719    34.8524 3.7482e+02     21.792    34.8534    34.8551     7.0650    1472.88    27.5011    27.5037 0.0000e+00
     21.000     5.4941     5.4953   3.378524   3.378736     2.7196     2.2646     0.5665    34.8516 3.7515e+02     20.801    34.8527    34.8539     7.0662    1472.89    27.4998    27.5006 0.0000e+00
     20.000     5.5002     5.4987   3.379072   3.379022     2.7224     2.3435     0.5712    34.8521 3.7524e+02     19.811    34.8531    34.8541     7.0731    1472.89    27.4994    27.5003 0.0000e+00
     19.000     5.5073     5.5043   3.379592   3.379410     2.7280     2.3856     0.5762    34.8514 3.7555e+02     18.820    34.8523    34.8532     7.0889    1472.90    27.4978    27.4989 0.0000e+00
     18.000     5.5078     5.5075   3.379611   3.379689     2.7299     2.2704     0.5825    34.8517 3.7510e+02     17.830    34.8525    34.8537     7.0939    1472.89    27.4979    27.4989 0.0000e+00
     17.000     5.5099     5.5087   3.379754   3.379752     2.7313     2.3153     0.5889    34.8519 3.7320e+02     16.839    34.8525    34.8537     7.0969    1472.88    27.4976    27.4987 0.0000e+00
     16.000     5.5300     5.5240   3.381594   3.381134     2.7378     2.2146     0.5864    34.8517 3.7438e+02     15.849    34.8532    34.8541     7.1132    1472.95    27.4958    27.4972 0.0000e+00
     15.000     5.5506     5.5529   3.383455   3.383770     2.7622     1.8922     0.5963    34.8540 3.6761e+02     14.858    34.8536    34.8548     7.1861    1473.01    27.4935    27.4942 0.0000e+00
     14.000     5.5644     5.5629   3.384584   3.384553     2.7576     1.9735     0.5727    34.8515 3.6400e+02     13.868    34.8527    34.8539     7.1680    1473.05    27.4911    27.4923 0.0000e+00
     13.000     5.5957     5.6054   3.387313   3.388173     2.7591     1.8848     0.5708    34.8490 3.6483e+02     12.877    34.8519    34.8517     7.1663    1473.16    27.4866    27.4853 0.0000e+00
     12.000     5.6268     5.6225   3.389951   3.389690     2.7610     1.7220     0.5943    34.8476 3.6607e+02     11.887    34.8504    34.8519     7.1656    1473.27    27.4815    27.4833 0.0000e+00
     11.000     5.6405     5.6382   3.391104   3.391062     2.7632     1.7404     0.5791    34.8482 3.6386e+02     10.896    34.8498    34.8518     7.1694    1473.30    27.4794    27.4812 0.0000e+00
     10.000     5.6452     5.6578   3.391547   3.392640     2.7654     1.7691     0.6077    34.8482 3.6146e+02      9.906    34.8506    34.8499     7.1744    1473.31    27.4794    27.4773 0.0000e+00
      9.000     5.6802     5.6860   3.394623   3.395061     2.7662     1.7687     0.5886    34.8459 3.6396e+02      8.915    34.8499    34.8489     7.1697    1473.43    27.4745    27.4730 0.0000e+00
      8.000     5.7322     5.7153   3.398821   3.397481     2.7649     1.4804     0.5640    34.8403 3.6503e+02      7.925    34.8444    34.8467     7.1553    1473.61    27.4637    27.4676 0.0000e+00
      7.000     5.7698     5.7601   3.402095   3.401443     2.7619     1.3626     0.5651    34.8380 3.6371e+02      6.934    34.8433    34.8459     7.1382    1473.75    27.4581    27.4614 0.0000e+00
      6.000     5.8120     5.7929   3.405783   3.404218     2.7585     1.3803     0.5522    34.8373 3.6260e+02      5.943    34.8422    34.8441     7.1192    1473.90    27.4519    27.4558 0.0000e+00
      5.000     5.8708     5.8477   3.411007   3.409072     2.7555     1.1897     0.5427    34.8367 3.6137e+02      4.953    34.8412    34.8432     7.0982    1474.11    27.4437    27.4482 0.0000e+00
      4.000     5.9070     5.9225   3.414457   3.415946     2.7564     1.1620     0.5408    34.8372 3.6264e+02      3.962    34.8435    34.8444     7.0934    1474.24    27.4409    27.4397 0.0000e+00
      3.000     5.9517     5.9566   3.418449   3.419033     2.7527     1.0519     0.5750    34.8388 3.6290e+02      2.972    34.8431    34.8448     7.0729    1474.40    27.4350    27.4356 0.0000e+00
      2.000     6.0684     6.0545   3.428872   3.427738     2.7453     0.8768     0.5200    34.8426 3.5900e+02      1.981    34.8413    34.8430     7.0282    1474.85    27.4186    27.4217 0.0000e+00
