Ship_data/Irminger/Irminger-5/ctd/process/ar30-03002b.ros
* Sea-Bird SBE 9 Data File:
* FileName = D:\Data\ar30-03002b.hdr
* Software Version Seasave V 7.23.2
* Temperature SN = 4230
* Conductivity SN = 2148
* Number of Bytes Per Scan = 44
* Number of Voltage Words = 5
* Number of Scans Averaged by the Deck Unit = 1
* NMEA Latitude = 62 30.13 N
* NMEA Longitude = 029 47.90 W
* NMEA UTC (Time) = Jun 06 2018  14:12:41
** Cruise ID: ar30-03
** Chief Sci: Macdonald
** Station #: 002b
** Site ID: Irminger 5 release test - upcast from 786
# nquan = 13
# nvalues = 343                                   
# units = specified
# name 0 = prDM: Pressure, Digiquartz [db]
# name 1 = t090C: Temperature [ITS-90, deg C]
# name 2 = t190C: Temperature, 2 [ITS-90, deg C]
# name 3 = c0S/m: Conductivity [S/m]
# name 4 = c1S/m: Conductivity, 2 [S/m]
# name 5 = sbeox0V: Oxygen raw, SBE 43 [V]
# name 6 = flECO-AFL: Fluorescence, WET Labs ECO-AFL/FL [mg/m^3]
# name 7 = turbWETntu0: Turbidity, WET Labs ECO [NTU]
# name 8 = sal00: Salinity, Practical [PSU]
# name 9 = spar: SPAR/Surface Irradiance
# name 10 = scan: Scan Count
# name 11 = nbf: Bottles Fired
# name 12 = flag:  0.000e+00
# interval = seconds: 0.0416667
# start_time = Jun 06 2018 14:12:41 [System UTC, first data scan.]
# bad_flag = -9.990e-29
*END*
[from data line 112]
     40.445     6.8617     6.8624   3.515149   3.515274     2.6314     1.1495     0.5289    34.9734 6.4720e+02      26559          3  0.000e+00
     40.445     6.8613     6.8622   3.515149   3.515249     2.6314     1.1691     0.5289    34.9738 6.4720e+02      26560          3  0.000e+00
     40.502     6.8612     6.8622   3.515130   3.515249     2.6302     1.1691     0.5240    34.9737 6.4720e+02      26561          3  0.000e+00
     40.502     6.8612     6.8618   3.515162   3.515249     2.6314     1.1691     0.5240    34.9740 6.4720e+02      26562          3  0.000e+00
     40.622     6.8618     6.8613   3.515201   3.515212     2.6314     1.1691     0.5289    34.9737 6.4495e+02      26563          3  0.000e+00
     40.622     6.8617     6.8611   3.515143   3.515188     2.6314     1.1691     0.5289    34.9733 6.4495e+02      26564          3  0.000e+00
     40.678     6.8610     6.8610   3.515098   3.515188     2.6314     1.1691     0.5289    34.9734 6.4495e+02      26565          3  0.000e+00
     40.742     6.8604     6.8608   3.515091   3.515188     2.6314     1.1691     0.5289    34.9740 6.4495e+02      26566          3  0.000e+00
     40.798     6.8599     6.8608   3.515046   3.515145     2.6314     1.1691     0.5289    34.9739 6.4495e+02      26567          3  0.000e+00
     40.798     6.8594     6.8606   3.515026   3.515188     2.6314     1.1691     0.5240    34.9742 6.4495e+02      26568          3  0.000e+00
     40.854     6.8594     6.8602   3.515026   3.515188     2.6314     1.1691     0.5240    34.9742 6.4271e+02      26569          3  0.000e+00
     40.798     6.8596     6.8598   3.515026   3.515096     2.6314     1.1691     0.5240    34.9740 6.4271e+02      26570          3  0.000e+00
     40.919     6.8594     6.8598   3.515026   3.515084     2.6314     1.1691     0.5240    34.9741 6.4271e+02      26571          3  0.000e+00
     40.975     6.8600     6.8596   3.515117   3.515096     2.6314     1.1691     0.5289    34.9745 6.4046e+02      26572          3  0.000e+00
     40.975     6.8607     6.8602   3.515150   3.515059     2.6314     1.1691     0.5240    34.9742 6.4046e+02      26573          3  0.000e+00
     40.975     6.8609     6.8608   3.515169   3.515096     2.6314     1.1691     0.5240    34.9742 6.4046e+02      26574          3  0.000e+00
     41.031     6.8607     6.8613   3.515137   3.515213     2.6314     1.1691     0.5240    34.9740 6.3821e+02      26575          3  0.000e+00
     41.031     6.8605     6.8613   3.515098   3.515188     2.6314     1.1691     0.5240    34.9737 6.4046e+02      26576          3  0.000e+00
     41.031     6.8602     6.8613   3.515072   3.515249     2.6314     1.1691     0.5240    34.9738 6.4046e+02      26577          3  0.000e+00
     41.095     6.8600     6.8611   3.515078   3.515219     2.6314     1.1691     0.5240    34.9740 6.3821e+02      26578          3  0.000e+00
     41.095     6.8600     6.8616   3.515046   3.515213     2.6314     1.1691     0.5240    34.9736 6.3821e+02      26579          3  0.000e+00
     41.151     6.8597     6.8615   3.515026   3.515219     2.6314     1.1691     0.5240    34.9738 6.3821e+02      26580          3  0.000e+00
     41.151     6.8596     6.8613   3.515046   3.515250     2.6314     1.1691     0.5240    34.9741 6.3821e+02      26581          3  0.000e+00
     41.151     6.8596     6.8611   3.515039   3.515219     2.6314     1.1691     0.5289    34.9740 6.3821e+02      26582          3  0.000e+00
     41.151     6.8596     6.8614   3.515026   3.515243     2.6314     1.1691     0.5289    34.9739 6.3596e+02      26583          3  0.000e+00
     41.215     6.8596     6.8613   3.515026   3.515188     2.6314     1.1691     0.5192    34.9738 6.3596e+02      26584          3  0.000e+00
     41.151     6.8597     6.8615   3.515020   3.515188     2.6327     1.1691     0.5192    34.9736 6.3596e+02      26585          3  0.000e+00
     41.215     6.8599     6.8611   3.515020   3.515219     2.6314     1.1691     0.5192    34.9735 6.3596e+02      26586          3  0.000e+00
     41.215     6.8600     6.8607   3.515072   3.515243     2.6314     1.1691     0.5143    34.9739 6.3596e+02      26587          3  0.000e+00
     41.151     6.8599     6.8607   3.515072   3.515188     2.6314     1.1691     0.5143    34.9741 6.3596e+02      26588          3  0.000e+00
     41.215     6.8599     6.8603   3.515059   3.515188     2.6314     1.1691     0.5143    34.9739 6.3372e+02      26589          3  0.000e+00
     41.215     6.8602     6.8608   3.515078   3.515157     2.6314     1.1691     0.5143    34.9737 6.3372e+02      26590          3  0.000e+00
     41.215     6.8602     6.8611   3.515091   3.515182     2.6314     1.1691     0.5143    34.9739 6.3372e+02      26591          3  0.000e+00
     41.215     6.8604     6.8611   3.515072   3.515250     2.6314     1.1691     0.5143    34.9735 6.3372e+02      26592          3  0.000e+00
     41.215     6.8604     6.8610   3.515098   3.515188     2.6314     1.1691     0.5192    34.9738 6.3372e+02      26593          3  0.000e+00
     26.298     7.1969     7.2014   3.545447   3.546000     2.7693     4.0799     0.6168    34.9737 8.5844e+02      29611          4  0.000e+00
     26.242     7.1965     7.2015   3.545466   3.546006     2.7693     4.0799     0.6168    34.9743 8.6069e+02      29612          4  0.000e+00
     26.194     7.1964     7.2017   3.545479   3.546000     2.7693     4.0799     0.6168    34.9746 8.6069e+02      29613          4  0.000e+00
     26.178     7.1959     7.2014   3.545479   3.546006     2.7693     4.0799     0.6168    34.9751 8.6069e+02      29614          4  0.000e+00
     26.242     7.1960     7.2010   3.545499   3.545975     2.7693     4.0604     0.6168    34.9751 8.6293e+02      29615          4  0.000e+00
     26.490     7.1962     7.2007   3.545492   3.545969     2.7693     4.0409     0.6168    34.9747 8.6069e+02      29616          4  0.000e+00
     26.178     7.1962     7.2007   3.545460   3.545883     2.7693     4.0409     0.6168    34.9745 8.6293e+02      29617          4  0.000e+00
     26.242     7.1960     7.2005   3.545408   3.545907     2.7680     4.0409     0.6168    34.9741 8.6293e+02      29618          4  0.000e+00
     26.242     7.1960     7.2006   3.545408   3.545883     2.7693     4.0409     0.6168    34.9741 8.6293e+02      29619          4  0.000e+00
     26.194     7.1961     7.2005   3.545414   3.545907     2.7693     4.0409     0.6168    34.9742 8.6293e+02      29620          4  0.000e+00
     26.242     7.1964     7.2011   3.545512   3.545913     2.7693     4.0409     0.6168    34.9749 8.6293e+02      29621          4  0.000e+00
     26.178     7.1975     7.2013   3.545609   3.545944     2.7693     4.0409     0.6168    34.9748 8.6069e+02      29622          4  0.000e+00
     26.194     7.1987     7.2018   3.545635   3.545938     2.7693     4.0409     0.6168    34.9740 8.6293e+02      29623          4  0.000e+00
     26.178     7.1997     7.2016   3.545707   3.546006     2.7693     4.0409     0.6168    34.9738 8.6293e+02      29624          4  0.000e+00
     26.178     7.1997     7.2017   3.545733   3.546000     2.7693     4.0409     0.6168    34.9741 8.6293e+02      29625          4  0.000e+00
     26.194     7.1997     7.2016   3.545733   3.546006     2.7693     4.0409     0.6168    34.9741 8.6293e+02      29626          4  0.000e+00
     26.178     7.1992     7.2013   3.545713   3.546031     2.7693     4.0409     0.6168    34.9744 8.6293e+02      29627          4  0.000e+00
     26.178     7.1984     7.2013   3.545609   3.546006     2.7693     4.0409     0.6168    34.9740 8.6293e+02      29628          4  0.000e+00
     26.138     7.1973     7.2014   3.545577   3.545938     2.7693     4.0409     0.6168    34.9747 8.6293e+02      29629          4  0.000e+00
     26.178     7.1969     7.2013   3.545557   3.546006     2.7693     4.0409     0.6168    34.9749 8.6293e+02      29630          4  0.000e+00
     26.122     7.1962     7.2008   3.545473   3.545944     2.7693     4.0409     0.6168    34.9747 8.6293e+02      29631          4  0.000e+00
     26.065     7.1957     7.2009   3.545466   3.545907     2.7693     4.0409     0.6168    34.9752 8.6518e+02      29632          4  0.000e+00
     26.194     7.1957     7.2007   3.545460   3.545913     2.7705     4.0409     0.6168    34.9750 8.6293e+02      29633          4  0.000e+00
     26.065     7.1954     7.2004   3.545427   3.545907     2.7705     4.0409     0.6168    34.9750 8.6518e+02      29634          4  0.000e+00
     26.122     7.1956     7.2000   3.545434   3.545883     2.7693     4.0409     0.6168    34.9749 8.6293e+02      29635          4  0.000e+00
     26.073     7.1957     7.2003   3.545427   3.545870     2.7693     4.0409     0.6217    34.9747 8.6518e+02      29636          4  0.000e+00
     26.065     7.1960     7.2001   3.545434   3.545883     2.7693     4.0409     0.6168    34.9745 8.6518e+02      29637          4  0.000e+00
     26.122     7.1960     7.1998   3.545447   3.545883     2.7705     4.0409     0.6168    34.9746 8.6518e+02      29638          4  0.000e+00
     26.017     7.1964     7.2001   3.545466   3.545839     2.7705     4.1190     0.6071    34.9745 8.6518e+02      29639          4  0.000e+00
     26.065     7.1962     7.1998   3.545414   3.545815     2.7705     4.1581     0.6022    34.9741 8.6518e+02      29640          4  0.000e+00
     26.065     7.1960     7.1998   3.545388   3.545809     2.7705     4.1581     0.6022    34.9740 8.6518e+02      29641          4  0.000e+00
     26.017     7.1954     7.1999   3.545362   3.545846     2.7705     4.1581     0.6022    34.9744 8.6518e+02      29642          4  0.000e+00
     26.001     7.1952     7.2000   3.545375   3.545839     2.7705     4.1581     0.6022    34.9747 8.6518e+02      29643          4  0.000e+00
     26.065     7.1951     7.1999   3.545388   3.545815     2.7705     4.1581     0.6022    34.9750 8.6518e+02      29644          4  0.000e+00
     25.945     7.1952     7.2002   3.545362   3.545809     2.7705     4.1581     0.6022    34.9746 8.6743e+02      29645          4  0.000e+00
     26.017     7.1956     7.2002   3.545375   3.545883     2.7705     4.1581     0.6022    34.9743 8.6743e+02      29646          4  0.000e+00
     26.001     7.1956     7.2007   3.545408   3.545815     2.7705     4.1581     0.6022    34.9747 8.6743e+02      29647          4  0.000e+00
     25.945     7.1962     7.2012   3.545460   3.545870     2.7705     4.1581     0.6022    34.9746 8.6743e+02      29648          4  0.000e+00
     25.961     7.1965     7.2012   3.545460   3.545913     2.7705     4.1581     0.6022    34.9743 8.6743e+02      29649          4  0.000e+00
     25.945     7.1964     7.2011   3.545466   3.545938     2.7705     4.1581     0.6022    34.9746 8.6743e+02      29650          4  0.000e+00
     25.945     7.1965     7.2013   3.545460   3.545913     2.7705     4.1581     0.6022    34.9743 8.6743e+02      29651          4  0.000e+00
     25.961     7.1969     7.2014   3.545492   3.545938     2.7705     4.1581     0.6022    34.9743 8.6743e+02      29652          4  0.000e+00
     25.889     7.1972     7.2012   3.545531   3.545944     2.7705     4.1581     0.6022    34.9745 8.6743e+02      29653          4  0.000e+00
     25.945     7.1970     7.2007   3.545525   3.545913     2.7705     4.1581     0.6022    34.9745 8.6743e+02      29654          4  0.000e+00
     25.897     7.1972     7.2011   3.545531   3.545870     2.7705     4.1581     0.6022    34.9745 8.6743e+02      29655          4  0.000e+00
     25.889     7.1987     7.2008   3.545616   3.545913     2.7705     4.1581     0.6022    34.9739 8.6968e+02      29656          4  0.000e+00
     25.825     7.1993     7.2007   3.545661   3.545839     2.7705     4.1581     0.6022    34.9738 8.6968e+02      29657          4  0.000e+00
     25.897     7.1993     7.2002   3.545687   3.545846     2.7705     4.1581     0.6022    34.9741 8.6968e+02      29658          4  0.000e+00
     25.825     7.1995     7.2000   3.545700   3.545839     2.7705     4.1581     0.6022    34.9740 8.6968e+02      29659          4  0.000e+00
     14.635     7.2913     7.2916   3.553619   3.553684     2.8143     4.4707     0.6315    34.9734 8.4046e+02      32174          5  0.000e+00
     14.635     7.2912     7.2913   3.553651   3.553739     2.8143     4.4707     0.6315    34.9739 8.4046e+02      32175          5  0.000e+00
     14.338     7.2913     7.2918   3.553671   3.553715     2.8143     4.4707     0.6266    34.9741 8.4271e+02      32176          5  0.000e+00
     14.579     7.2912     7.2916   3.553671   3.553715     2.8143     4.4707     0.6266    34.9741 8.4271e+02      32177          5  0.000e+00
     14.691     7.2915     7.2913   3.553671   3.553715     2.8143     4.4707     0.6315    34.9738 8.4271e+02      32178          5  0.000e+00
     14.699     7.2915     7.2917   3.553690   3.553709     2.8143     4.4707     0.6315    34.9739 8.4271e+02      32179          5  0.000e+00
     14.523     7.2915     7.2916   3.553684   3.553746     2.8143     4.4707     0.6266    34.9740 8.4271e+02      32180          5  0.000e+00
     14.571     7.2916     7.2918   3.553690   3.553715     2.8143     4.4707     0.6266    34.9739 8.4271e+02      32181          5  0.000e+00
     14.458     7.2918     7.2920   3.553703   3.553746     2.8143     4.4707     0.6315    34.9739 8.4271e+02      32182          5  0.000e+00
     14.571     7.2921     7.2918   3.553742   3.553746     2.8143     4.4707     0.6266    34.9740 8.4271e+02      32183          5  0.000e+00
     14.458     7.2924     7.2918   3.553762   3.553709     2.8143     4.4707     0.6266    34.9740 8.4271e+02      32184          5  0.000e+00
     14.458     7.2923     7.2918   3.553762   3.553746     2.8143     4.5097     0.6168    34.9741 8.4271e+02      32185          5  0.000e+00
     14.458     7.2922     7.2918   3.553742   3.553746     2.8143     4.5293     0.6120    34.9740 8.4271e+02      32186          5  0.000e+00
     14.394     7.2920     7.2916   3.553736   3.553715     2.8143     4.5293     0.6120    34.9741 8.4496e+02      32187          5  0.000e+00
     14.458     7.2924     7.2917   3.553755   3.553709     2.8143     4.5293     0.6120    34.9740 8.4496e+02      32188          5  0.000e+00
     14.394     7.2923     7.2919   3.553762   3.553715     2.8143     4.5293     0.6120    34.9741 8.4496e+02      32189          5  0.000e+00
     14.402     7.2921     7.2916   3.553762   3.553715     2.8143     4.5293     0.6120    34.9743 8.4496e+02      32190          5  0.000e+00
     14.402     7.2924     7.2916   3.553762   3.553746     2.8143     4.5293     0.6120    34.9741 8.4496e+02      32191          5  0.000e+00
     14.338     7.2921     7.2915   3.553723   3.553678     2.8143     4.5293     0.6120    34.9739 8.4496e+02      32192          5  0.000e+00
     14.346     7.2920     7.2915   3.553723   3.553745     2.8143     4.5293     0.6120    34.9740 8.4271e+02      32193          5  0.000e+00
     14.338     7.2918     7.2915   3.553736   3.553684     2.8131     4.5293     0.6120    34.9743 8.4496e+02      32194          5  0.000e+00
     14.346     7.2917     7.2918   3.553736   3.553715     2.8131     4.5293     0.6120    34.9745 8.4496e+02      32195          5  0.000e+00
     14.274     7.2916     7.2918   3.553755   3.553745     2.8143     4.5293     0.6120    34.9748 8.4496e+02      32196          5  0.000e+00
     14.282     7.2918     7.2916   3.553723   3.553739     2.8143     4.5293     0.6120    34.9742 8.4496e+02      32197          5  0.000e+00
     14.274     7.2917     7.2918   3.553703   3.553715     2.8143     4.5293     0.6120    34.9741 8.4496e+02      32198          5  0.000e+00
     14.282     7.2916     7.2918   3.553703   3.553745     2.8143     4.5293     0.6120    34.9742 8.4496e+02      32199          5  0.000e+00
