Ship_data/Irminger/Irminger-5/ctd/process/ar30-03014.ros
* Sea-Bird SBE 9 Data File:
* FileName = D:\Data\ar30-03014.hdr
* Software Version Seasave V 7.23.2
* Temperature SN = 4312
* Conductivity SN = 2148
* Number of Bytes Per Scan = 44
* Number of Voltage Words = 5
* Number of Scans Averaged by the Deck Unit = 1
* NMEA Latitude = 59 44.59 N
* NMEA Longitude = 039 35.05 W
* NMEA UTC (Time) = Jun 15 2018  15:52:39
** Cruise ID: ar30-03
** Chief Sci: Macdonald
** Station #: 014
** Site ID: Irminger 5 OSNAP CAB
** Full ocean depth cast at OSNAP CAB site. 3 bottom releases tested.
# nquan = 13
# nvalues = 833                                   
# units = specified
# name 0 = prDM: Pressure, Digiquartz [db]
# name 1 = t090C: Temperature [ITS-90, deg C]
# name 2 = t190C: Temperature, 2 [ITS-90, deg C]
# name 3 = c0S/m: Conductivity [S/m]
# name 4 = c1S/m: Conductivity, 2 [S/m]
# name 5 = sbeox0V: Oxygen raw, SBE 43 [V]
# name 6 = flECO-AFL: Fluorescence, WET Labs ECO-AFL/FL [mg/m^3]
# name 7 = turbWETntu0: Turbidity, WET Labs ECO [NTU]
# name 8 = sal00: Salinity, Practical [PSU]
# name 9 = spar: SPAR/Surface Irradiance
# name 10 = scan: Scan Count
# name 11 = nbf: Bottles Fired
# name 12 = flag:  0.000e+00
# interval = seconds: 0.0416667
# start_time = Jun 15 2018 15:52:39 [System UTC, first data scan.]
# bad_flag = -9.990e-29
*END*
[from data line 667]
     59.296     4.8411     4.8395   3.323885   3.323899     2.5702     0.3486     0.4508    34.8835 4.6518e+02     210941         14  0.000e+00
     59.384     4.8410     4.8395   3.323859   3.323845     2.5714     0.3486     0.4508    34.8833 4.6518e+02     210942         14  0.000e+00
     59.296     4.8411     4.8394   3.323859   3.323905     2.5702     0.3486     0.4508    34.8832 4.6518e+02     210943         14  0.000e+00
     59.416     4.8412     4.8393   3.323853   3.323869     2.5714     0.3486     0.4508    34.8829 4.6518e+02     210944         14  0.000e+00
     59.320     4.8406     4.8395   3.323821   3.323875     2.5702     0.3486     0.4508    34.8832 4.6518e+02     210945         14  0.000e+00
     59.416     4.8401     4.8392   3.323783   3.323929     2.5714     0.3486     0.4508    34.8833 4.6518e+02     210946         14  0.000e+00
     59.360     4.8399     4.8387   3.323758   3.323815     2.5714     0.3876     0.4557    34.8832 4.6518e+02     210947         14  0.000e+00
     59.384     4.8395     4.8377   3.323751   3.323785     2.5714     0.4462     0.4557    34.8836 4.6518e+02     210948         14  0.000e+00
     59.360     4.8393     4.8364   3.323751   3.323809     2.5714     0.4658     0.4557    34.8838 4.6518e+02     210949         14  0.000e+00
     59.360     4.8387     4.8355   3.323707   3.323725     2.5714     0.4658     0.4557    34.8839 4.6518e+02     210950         14  0.000e+00
     59.496     4.8379     4.8350   3.323650   3.323604     2.5714     0.4658     0.4557    34.8840 4.6518e+02     210951         14  0.000e+00
     59.416     4.8367     4.8350   3.323542   3.323568     2.5714     0.4658     0.4557    34.8840 4.6518e+02     210952         14  0.000e+00
     59.184     4.8361     4.8353   3.323491   3.323544     2.5714     0.4462     0.4557    34.8841 4.6518e+02     210953         14  0.000e+00
     59.673     4.8354     4.8363   3.323479   3.323568     2.5714     0.4658     0.4557    34.8845 4.6518e+02     210954         14  0.000e+00
     59.416     4.8347     4.8364   3.323415   3.323634     2.5714     0.4658     0.4557    34.8847 4.6518e+02     210955         14  0.000e+00
     59.440     4.8346     4.8366   3.323390   3.323634     2.5714     0.4658     0.4557    34.8845 4.6518e+02     210956         14  0.000e+00
     59.480     4.8341     4.8364   3.323409   3.323658     2.5714     0.4658     0.4557    34.8852 4.6742e+02     210957         14  0.000e+00
     59.536     4.8341     4.8363   3.323415   3.323695     2.5714     0.4658     0.4557    34.8852 4.6518e+02     210958         14  0.000e+00
     59.496     4.8346     4.8362   3.323415   3.323689     2.5714     0.4462     0.4557    34.8847 4.6742e+02     210959         14  0.000e+00
     29.819     5.2870     5.2897   3.360695   3.361053     2.6988     1.8528     0.5534    34.8588 4.7192e+02     213701         15  0.000e+00
     29.883     5.2872     5.2896   3.360720   3.361059     2.6988     1.8528     0.5534    34.8589 4.7192e+02     213702         15  0.000e+00
     29.779     5.2880     5.2896   3.360752   3.361059     2.6988     1.8528     0.5534    34.8584 4.7416e+02     213703         15  0.000e+00
     29.763     5.2881     5.2894   3.360784   3.361053     2.6988     1.8528     0.5534    34.8586 4.7416e+02     213704         15  0.000e+00
     29.763     5.2883     5.2895   3.360796   3.361089     2.6988     1.8528     0.5534    34.8586 4.7416e+02     213705         15  0.000e+00
     29.715     5.2883     5.2896   3.360816   3.361059     2.6988     1.8528     0.5534    34.8589 4.7416e+02     213706         15  0.000e+00
     29.642     5.2885     5.2899   3.360784   3.361119     2.6988     1.8528     0.5534    34.8583 4.7416e+02     213707         15  0.000e+00
     29.763     5.2884     5.2902   3.360803   3.361089     2.6976     1.8528     0.5534    34.8585 4.7416e+02     213708         15  0.000e+00
     29.642     5.2886     5.2902   3.360841   3.361119     2.6976     1.8528     0.5534    34.8589 4.7416e+02     213709         15  0.000e+00
     29.659     5.2888     5.2902   3.360873   3.361119     2.6976     1.8333     0.5534    34.8591 4.7416e+02     213710         15  0.000e+00
     29.586     5.2893     5.2906   3.360873   3.361149     2.6988     1.7747     0.5680    34.8586 4.7416e+02     213711         15  0.000e+00
     29.586     5.2896     5.2905   3.360905   3.361149     2.6988     1.7356     0.5680    34.8586 4.7416e+02     213712         15  0.000e+00
     29.586     5.2906     5.2905   3.360981   3.361149     2.6988     1.7356     0.5680    34.8585 4.7641e+02     213713         15  0.000e+00
     29.602     5.2909     5.2907   3.361051   3.361179     2.6976     1.7552     0.5680    34.8590 4.7416e+02     213714         15  0.000e+00
     29.466     5.2909     5.2899   3.361026   3.361119     2.6976     1.7552     0.5680    34.8588 4.7641e+02     213715         15  0.000e+00
     29.522     5.2912     5.2897   3.361051   3.361119     2.6976     1.7552     0.5680    34.8587 4.7641e+02     213716         15  0.000e+00
     29.362     5.2912     5.2892   3.361070   3.361059     2.6988     1.7552     0.5680    34.8590 4.7641e+02     213717         15  0.000e+00
     29.586     5.2913     5.2889   3.361051   3.361053     2.6988     1.7552     0.5680    34.8586 4.7641e+02     213718         15  0.000e+00
     29.466     5.2915     5.2883   3.361083   3.361028     2.6976     1.7356     0.5680    34.8587 4.7641e+02     213719         15  0.000e+00
     29.410     5.2910     5.2878   3.361083   3.360992     2.6976     1.7356     0.5680    34.8593 4.7641e+02     213720         15  0.000e+00
     29.426     5.2910     5.2865   3.361026   3.360908     2.6988     1.7552     0.5680    34.8586 4.7641e+02     213721         15  0.000e+00
     29.346     5.2910     5.2858   3.361007   3.360847     2.6988     1.7552     0.5680    34.8584 4.7641e+02     213722         15  0.000e+00
     29.346     5.2906     5.2858   3.360968   3.360841     2.6988     1.7552     0.5680    34.8584 4.7641e+02     213723         15  0.000e+00
     29.346     5.2900     5.2858   3.360930   3.360817     2.6988     1.7552     0.5680    34.8586 4.7641e+02     213724         15  0.000e+00
     29.306     5.2897     5.2855   3.360898   3.360787     2.6976     1.7552     0.5680    34.8586 4.7641e+02     213725         15  0.000e+00
     29.290     5.2894     5.2857   3.360905   3.360751     2.6976     1.7552     0.5680    34.8590 4.7641e+02     213726         15  0.000e+00
     29.234     5.2894     5.2857   3.360873   3.360751     2.6976     1.7552     0.5680    34.8586 4.7641e+02     213727         15  0.000e+00
     29.242     5.2893     5.2855   3.360873   3.360751     2.6988     1.7552     0.5680    34.8587 4.7641e+02     213728         15  0.000e+00
     29.234     5.2896     5.2849   3.360905   3.360720     2.6988     1.7552     0.5680    34.8588 4.7866e+02     213729         15  0.000e+00
     29.234     5.2896     5.2842   3.360873   3.360630     2.6988     1.7552     0.5680    34.8585 4.7866e+02     213730         15  0.000e+00
     29.170     5.2896     5.2839   3.360873   3.360564     2.6988     1.7552     0.5680    34.8585 4.7866e+02     213731         15  0.000e+00
     29.186     5.2896     5.2832   3.360905   3.360539     2.6976     1.7552     0.5680    34.8588 4.7866e+02     213732         15  0.000e+00
     29.113     5.2895     5.2831   3.360898   3.360503     2.6988     1.7356     0.5680    34.8589 4.7866e+02     213733         15  0.000e+00
     29.113     5.2896     5.2829   3.360885   3.360539     2.6988     1.7552     0.5680    34.8587 4.7641e+02     213734         15  0.000e+00
     29.113     5.2894     5.2824   3.360905   3.360479     2.6976     1.7552     0.5631    34.8590 4.7866e+02     213735         15  0.000e+00
     29.130     5.2894     5.2824   3.360873   3.360443     2.6976     1.7552     0.5582    34.8587 4.7866e+02     213736         15  0.000e+00
     29.049     5.2893     5.2821   3.360898   3.360449     2.6988     1.7552     0.5582    34.8592 4.7866e+02     213737         15  0.000e+00
     29.049     5.2890     5.2821   3.360879   3.360449     2.6988     1.7552     0.5582    34.8592 4.7866e+02     213738         15  0.000e+00
     29.009     5.2888     5.2821   3.360860   3.360413     2.6988     1.7552     0.5582    34.8593 4.7866e+02     213739         15  0.000e+00
     28.993     5.2883     5.2823   3.360834   3.360419     2.6988     1.7356     0.5582    34.8595 4.7866e+02     213740         15  0.000e+00
     28.993     5.2884     5.2824   3.360841   3.360413     2.6988     1.7552     0.5582    34.8594 4.7866e+02     213741         15  0.000e+00
     28.993     5.2886     5.2823   3.360873   3.360419     2.6988     1.7356     0.5582    34.8596 4.7866e+02     213742         15  0.000e+00
     28.953     5.2883     5.2821   3.360841   3.360419     2.6976     1.7552     0.5582    34.8595 4.7866e+02     213743         15  0.000e+00
     28.937     5.2883     5.2821   3.360866   3.360413     2.6988     1.7552     0.5582    34.8599 4.7866e+02     213744         15  0.000e+00
     28.937     5.2883     5.2815   3.360841   3.360419     2.6976     1.7552     0.5582    34.8596 4.7866e+02     213745         15  0.000e+00
     28.953     5.2879     5.2808   3.360758   3.360382     2.6976     1.7552     0.5582    34.8590 4.7866e+02     213746         15  0.000e+00
     28.873     5.2871     5.2808   3.360713   3.360328     2.6976     1.7356     0.5582    34.8594 4.7866e+02     213747         15  0.000e+00
     28.873     5.2863     5.2806   3.360681   3.360328     2.6988     1.7552     0.5582    34.8598 4.7866e+02     213748         15  0.000e+00
     28.873     5.2863     5.2806   3.360675   3.360292     2.6976     1.7552     0.5582    34.8597 4.7866e+02     213749         15  0.000e+00
     15.241     5.4349     5.4351   3.373138   3.373249     2.7543     1.5989     0.5875    34.8555 4.8315e+02     216239         16  0.000e+00
     15.121     5.4350     5.4351   3.373106   3.373249     2.7543     1.5989     0.5875    34.8550 4.8540e+02     216240         16  0.000e+00
     15.241     5.4352     5.4351   3.373138   3.373249     2.7543     1.5989     0.5875    34.8552 4.8540e+02     216241         16  0.000e+00
     15.064     5.4353     5.4347   3.373125   3.373219     2.7543     1.5989     0.5875    34.8551 4.8540e+02     216242         16  0.000e+00
     15.129     5.4354     5.4346   3.373119   3.373249     2.7543     1.5989     0.5875    34.8548 4.8540e+02     216243         16  0.000e+00
     15.008     5.4353     5.4348   3.373138   3.373189     2.7543     1.5989     0.5875    34.8552 4.8540e+02     216244         16  0.000e+00
     15.000     5.4353     5.4346   3.373151   3.373219     2.7543     1.5989     0.5875    34.8554 4.8765e+02     216245         16  0.000e+00
     14.952     5.4353     5.4349   3.373138   3.373207     2.7543     1.5989     0.5875    34.8553 4.8765e+02     216246         16  0.000e+00
     15.000     5.4354     5.4346   3.373157   3.373219     2.7543     1.5989     0.5875    34.8553 4.8765e+02     216247         16  0.000e+00
     14.952     5.4353     5.4349   3.373163   3.373219     2.7543     1.5989     0.5875    34.8555 4.8765e+02     216248         16  0.000e+00
     14.824     5.4356     5.4346   3.373157   3.373219     2.7543     1.5989     0.5875    34.8553 4.8765e+02     216249         16  0.000e+00
     14.888     5.4354     5.4349   3.373151   3.373189     2.7543     1.5989     0.5875    34.8553 4.8765e+02     216250         16  0.000e+00
     14.832     5.4356     5.4347   3.373176   3.373249     2.7543     1.5989     0.5875    34.8555 4.8989e+02     216251         16  0.000e+00
     14.824     5.4355     5.4346   3.373195   3.373189     2.7543     1.5793     0.5875    34.8558 4.8765e+02     216252         16  0.000e+00
     14.712     5.4357     5.4344   3.373195   3.373219     2.7543     1.5989     0.5875    34.8556 4.8989e+02     216253         16  0.000e+00
     14.768     5.4356     5.4346   3.373189   3.373159     2.7543     1.5989     0.5875    34.8556 4.8989e+02     216254         16  0.000e+00
     14.656     5.4359     5.4345   3.373157   3.373189     2.7543     1.5989     0.5875    34.8550 4.8989e+02     216255         16  0.000e+00
     14.712     5.4358     5.4344   3.373131   3.373189     2.7543     1.5793     0.5924    34.8548 4.8989e+02     216256         16  0.000e+00
     14.592     5.4354     5.4345   3.373157   3.373189     2.7543     1.5793     0.5973    34.8555 4.8989e+02     216257         16  0.000e+00
     14.656     5.4356     5.4344   3.373163   3.373128     2.7543     1.5793     0.5973    34.8554 4.9214e+02     216258         16  0.000e+00
     14.528     5.4354     5.4346   3.373157   3.373189     2.7555     1.5793     0.5973    34.8556 4.9214e+02     216259         16  0.000e+00
     14.592     5.4355     5.4343   3.373125   3.373158     2.7555     1.5793     0.5973    34.8551 4.9214e+02     216260         16  0.000e+00
     14.472     5.4356     5.4346   3.373099   3.373158     2.7543     1.5793     0.5973    34.8548 4.9214e+02     216261         16  0.000e+00
     14.480     5.4353     5.4343   3.373112   3.373189     2.7543     1.5793     0.5973    34.8552 4.9439e+02     216262         16  0.000e+00
     14.472     5.4353     5.4343   3.373093   3.373128     2.7555     1.5793     0.5973    34.8550 4.9214e+02     216263         16  0.000e+00
     14.415     5.4350     5.4344   3.373112   3.373158     2.7543     1.5793     0.5973    34.8555 4.9214e+02     216264         16  0.000e+00
     14.359     5.4353     5.4343   3.373119   3.373158     2.7543     1.5793     0.5973    34.8554 4.9439e+02     216265         16  0.000e+00
     14.351     5.4350     5.4341   3.373099   3.373158     2.7543     1.5793     0.5973    34.8554 4.9439e+02     216266         16  0.000e+00
     14.359     5.4355     5.4344   3.373093   3.373128     2.7543     1.5793     0.5973    34.8549 4.9439e+02     216267         16  0.000e+00
     14.295     5.4354     5.4345   3.373131   3.373128     2.7543     1.5793     0.5973    34.8554 4.9439e+02     216268         16  0.000e+00
     14.303     5.4356     5.4343   3.373131   3.373128     2.7543     1.5793     0.5973    34.8552 4.9664e+02     216269         16  0.000e+00
     14.007     5.4353     5.4341   3.373138   3.373146     2.7543     1.5793     0.5973    34.8558 4.9664e+02     216270         16  0.000e+00
     14.415     5.4356     5.4340   3.373106   3.373158     2.7543     1.5793     0.5973    34.8548 4.9664e+02     216271         16  0.000e+00
     14.183     5.4354     5.4341   3.373093   3.373128     2.7543     1.5793     0.5973    34.8550 4.9664e+02     216272         16  0.000e+00
     14.175     5.4354     5.4341   3.373106   3.373128     2.7555     1.5793     0.5973    34.8552 4.9664e+02     216273         16  0.000e+00
     14.119     5.4354     5.4340   3.373099   3.373128     2.7543     1.5793     0.5973    34.8551 4.9664e+02     216274         16  0.000e+00
     14.119     5.4355     5.4341   3.373112   3.373098     2.7543     1.5793     0.5973    34.8552 4.9664e+02     216275         16  0.000e+00
     14.007     5.4353     5.4340   3.373067   3.373098     2.7543     1.5793     0.5973    34.8550 4.9664e+02     216276         16  0.000e+00
     14.063     5.4353     5.4341   3.373061   3.373128     2.7543     1.5793     0.5973    34.8549 4.9888e+02     216277         16  0.000e+00
     14.063     5.4350     5.4341   3.373074   3.373128     2.7543     1.5793     0.5973    34.8552 4.9888e+02     216278         16  0.000e+00
     14.007     5.4352     5.4340   3.373074   3.373098     2.7543     1.5793     0.5973    34.8552 4.9888e+02     216279         16  0.000e+00
     13.943     5.4350     5.4343   3.373048   3.373128     2.7543     1.5793     0.5924    34.8550 4.9664e+02     216280         16  0.000e+00
