Ship_data/Irminger/Irminger-5/ctd/process/ar30-03015.ros
* Sea-Bird SBE 9 Data File:
* FileName = D:\Data\ar30-03015.hdr
* Software Version Seasave V 7.23.2
* Temperature SN = 4312
* Conductivity SN = 2148
* Number of Bytes Per Scan = 44
* Number of Voltage Words = 5
* Number of Scans Averaged by the Deck Unit = 1
* NMEA Latitude = 59 43.05 N
* NMEA Longitude = 039 20.31 W
* NMEA UTC (Time) = Jun 16 2018  13:54:45
** Cruise ID: ar30-03
** Chief Sci: Macdonald
** Station #: 015
** Site ID: Irminger 5 FLMB
** Redo of ctd cast at FLMB. 3 releases being tested.
# nquan = 13
# nvalues = 1078                                  
# units = specified
# name 0 = prDM: Pressure, Digiquartz [db]
# name 1 = t090C: Temperature [ITS-90, deg C]
# name 2 = t190C: Temperature, 2 [ITS-90, deg C]
# name 3 = c0S/m: Conductivity [S/m]
# name 4 = c1S/m: Conductivity, 2 [S/m]
# name 5 = sbeox0V: Oxygen raw, SBE 43 [V]
# name 6 = flECO-AFL: Fluorescence, WET Labs ECO-AFL/FL [mg/m^3]
# name 7 = turbWETntu0: Turbidity, WET Labs ECO [NTU]
# name 8 = sal00: Salinity, Practical [PSU]
# name 9 = spar: SPAR/Surface Irradiance
# name 10 = scan: Scan Count
# name 11 = nbf: Bottles Fired
# name 12 = flag:  0.000e+00
# interval = seconds: 0.0416667
# start_time = Jun 16 2018 13:54:45 [System UTC, first data scan.]
# bad_flag = -9.990e-29
*END*
[from data line 667]
     60.832     4.3583     4.3644   3.280192   3.280900     2.5406    -0.0422     0.4166    34.8798 2.2135e+03     193681         14  0.000e+00
     60.936     4.3583     4.3645   3.280192   3.280864     2.5406    -0.0422     0.4166    34.8797 2.2135e+03     193682         14  0.000e+00
     60.872     4.3584     4.3646   3.280211   3.280870     2.5406    -0.0422     0.4166    34.8798 2.2135e+03     193683         14  0.000e+00
     60.952     4.3583     4.3650   3.280205   3.280954     2.5406    -0.0422     0.4166    34.8799 2.2135e+03     193684         14  0.000e+00
     60.936     4.3584     4.3649   3.280230   3.280960     2.5406    -0.0422     0.4166    34.8800 2.2135e+03     193685         14  0.000e+00
     60.936     4.3590     4.3650   3.280318   3.280924     2.5406    -0.0422     0.4166    34.8804 2.2158e+03     193686         14  0.000e+00
     60.952     4.3596     4.3650   3.280343   3.280960     2.5406    -0.0422     0.4166    34.8801 2.2135e+03     193687         14  0.000e+00
     60.992     4.3599     4.3650   3.280299   3.281014     2.5406    -0.0422     0.4166    34.8793 2.2158e+03     193688         14  0.000e+00
     60.952     4.3603     4.3649   3.280369   3.280960     2.5406    -0.0422     0.4166    34.8796 2.2135e+03     193689         14  0.000e+00
     60.992     4.3613     4.3650   3.280444   3.280954     2.5406    -0.0422     0.4166    34.8794 2.2158e+03     193690         14  0.000e+00
     60.992     4.3616     4.3650   3.280482   3.280984     2.5406    -0.0422     0.4166    34.8796 2.2158e+03     193691         14  0.000e+00
     61.008     4.3612     4.3648   3.280451   3.280960     2.5406    -0.0422     0.4166    34.8797 2.2135e+03     193692         14  0.000e+00
     60.992     4.3603     4.3644   3.280388   3.280954     2.5406    -0.0422     0.4166    34.8798 2.2135e+03     193693         14  0.000e+00
     61.048     4.3597     4.3644   3.280280   3.280930     2.5406    -0.0422     0.4166    34.8792 2.2135e+03     193694         14  0.000e+00
     61.008     4.3591     4.3642   3.280268   3.280894     2.5406    -0.0422     0.4166    34.8797 2.2135e+03     193695         14  0.000e+00
     61.048     4.3590     4.3642   3.280242   3.280960     2.5406    -0.0422     0.4215    34.8795 2.2158e+03     193696         14  0.000e+00
     61.048     4.3589     4.3640   3.280242   3.280894     2.5406    -0.0422     0.4166    34.8796 2.2158e+03     193697         14  0.000e+00
     61.073     4.3587     4.3638   3.280268   3.280870     2.5406    -0.0617     0.4166    34.8801 2.2158e+03     193698         14  0.000e+00
     61.048     4.3589     4.3639   3.280242   3.280894     2.5406    -0.0422     0.4215    34.8796 2.2158e+03     193699         14  0.000e+00
     50.181     4.4780     4.4801   3.290916   3.291333     2.5156    -0.0226     0.4801    34.8852 1.5663e+03     195722         15  0.000e+00
     50.117     4.4780     4.4800   3.290953   3.291333     2.5156    -0.0226     0.4801    34.8857 1.5551e+03     195723         15  0.000e+00
     50.181     4.4780     4.4798   3.290972   3.291309     2.5156    -0.0226     0.4801    34.8859 1.5461e+03     195724         15  0.000e+00
     50.205     4.4778     4.4798   3.290953   3.291303     2.5156    -0.0226     0.4801    34.8858 1.5393e+03     195725         15  0.000e+00
     50.237     4.4772     4.4797   3.290941   3.291303     2.5156    -0.0226     0.4801    34.8863 1.5304e+03     195726         15  0.000e+00
     50.237     4.4770     4.4793   3.290935   3.291303     2.5156    -0.0226     0.4801    34.8864 1.5214e+03     195727         15  0.000e+00
     50.117     4.4764     4.4790   3.290852   3.291249     2.5156    -0.0226     0.4801    34.8862 1.5169e+03     195728         15  0.000e+00
     50.181     4.4756     4.4790   3.290758   3.291243     2.5156    -0.0226     0.4801    34.8859 1.5101e+03     195729         15  0.000e+00
     50.237     4.4751     4.4786   3.290770   3.291243     2.5156    -0.0226     0.4801    34.8866 1.5034e+03     195730         15  0.000e+00
     50.181     4.4746     4.4782   3.290707   3.291243     2.5156    -0.0226     0.4801    34.8863 1.5011e+03     195731         15  0.000e+00
     50.205     4.4743     4.4766   3.290675   3.291159     2.5156    -0.0226     0.4801    34.8863 1.4967e+03     195732         15  0.000e+00
     50.237     4.4751     4.4755   3.290751   3.291004     2.5156    -0.0226     0.4752    34.8863 1.4944e+03     195733         15  0.000e+00
     50.237     4.4756     4.4748   3.290833   3.290944     2.5156    -0.0031     0.4361    34.8867 1.4899e+03     195734         15  0.000e+00
     50.237     4.4759     4.4750   3.290852   3.290884     2.5156    -0.0031     0.4117    34.8866 1.4877e+03     195735         15  0.000e+00
     50.237     4.4765     4.4752   3.290897   3.290854     2.5156    -0.0031     0.4117    34.8865 1.4854e+03     195736         15  0.000e+00
     50.294     4.4770     4.4756   3.290928   3.290854     2.5156    -0.0031     0.4117    34.8863 1.4854e+03     195737         15  0.000e+00
     50.262     4.4767     4.4764   3.290878   3.290914     2.5156    -0.0031     0.4117    34.8861 1.4854e+03     195738         15  0.000e+00
     50.358     4.4759     4.4774   3.290764   3.290944     2.5156    -0.0031     0.4117    34.8855 1.4854e+03     195739         15  0.000e+00
     50.358     4.4756     4.4769   3.290745   3.291063     2.5156    -0.0031     0.4117    34.8856 1.4877e+03     195740         15  0.000e+00
     50.294     4.4754     4.4768   3.290802   3.291063     2.5156    -0.0031     0.4117    34.8865 1.4922e+03     195741         15  0.000e+00
     50.358     4.4759     4.4768   3.290821   3.291033     2.5156    -0.0031     0.4117    34.8862 1.5011e+03     195742         15  0.000e+00
     50.414     4.4760     4.4769   3.290890   3.291063     2.5156    -0.0031     0.4117    34.8868 1.5101e+03     195743         15  0.000e+00
     50.414     4.4767     4.4764   3.290909   3.291034     2.5156    -0.0031     0.4117    34.8864 1.5214e+03     195744         15  0.000e+00
     50.382     4.4767     4.4758   3.290890   3.291034     2.5156    -0.0031     0.4117    34.8862 1.5326e+03     195745         15  0.000e+00
     50.470     4.4768     4.4750   3.290947   3.291004     2.5156    -0.0031     0.4117    34.8866 1.5461e+03     195746         15  0.000e+00
     50.470     4.4775     4.4742   3.291017   3.290884     2.5156    -0.0031     0.4117    34.8867 1.5618e+03     195747         15  0.000e+00
     50.470     4.4784     4.4742   3.291067   3.290854     2.5156    -0.0031     0.4117    34.8863 1.5753e+03     195748         15  0.000e+00
     50.534     4.4786     4.4745   3.291112   3.290854     2.5156    -0.0031     0.4117    34.8866 1.5910e+03     195749         15  0.000e+00
     50.534     4.4786     4.4743   3.291061   3.290824     2.5156    -0.0031     0.4117    34.8860 1.6068e+03     195750         15  0.000e+00
     50.558     4.4788     4.4743   3.291067   3.290854     2.5156    -0.0031     0.4117    34.8859 1.6202e+03     195751         15  0.000e+00
     50.590     4.4791     4.4747   3.291137   3.290884     2.5156    -0.0031     0.4117    34.8864 1.6337e+03     195752         15  0.000e+00
     50.590     4.4791     4.4747   3.291156   3.290884     2.5156    -0.0031     0.4117    34.8866 1.6450e+03     195753         15  0.000e+00
     50.711     4.4794     4.4745   3.291175   3.290854     2.5156    -0.0031     0.4166    34.8864 1.6540e+03     195754         15  0.000e+00
     50.654     4.4794     4.4743   3.291181   3.290854     2.5156    -0.0031     0.4166    34.8865 1.6629e+03     195755         15  0.000e+00
     50.711     4.4801     4.4745   3.291175   3.290824     2.5156    -0.0031     0.4117    34.8858 1.6674e+03     195756         15  0.000e+00
     50.767     4.4797     4.4742   3.291162   3.290884     2.5156    -0.0031     0.4117    34.8859 1.6719e+03     195757         15  0.000e+00
     50.735     4.4793     4.4743   3.291080   3.290854     2.5156     0.0164     0.4166    34.8855 1.6719e+03     195758         15  0.000e+00
     50.767     4.4785     4.4758   3.291055   3.290764     2.5156     0.0164     0.4215    34.8860 1.6719e+03     195759         15  0.000e+00
     50.831     4.4781     4.4771   3.291023   3.290944     2.5156     0.0164     0.4215    34.8860 1.6719e+03     195760         15  0.000e+00
     50.887     4.4780     4.4774   3.291023   3.291094     2.5168     0.0164     0.4215    34.8861 1.6674e+03     195761         15  0.000e+00
     50.887     4.4780     4.4772   3.291049   3.291129     2.5156     0.0164     0.4215    34.8864 1.6629e+03     195762         15  0.000e+00
     50.943     4.4778     4.4764   3.291042   3.291123     2.5156     0.0164     0.4215    34.8865 1.6585e+03     195763         15  0.000e+00
     50.919     4.4778     4.4762   3.291036   3.291064     2.5156     0.0164     0.4215    34.8864 1.6517e+03     195764         15  0.000e+00
     51.007     4.4781     4.4763   3.290960   3.291034     2.5156     0.0164     0.4215    34.8851 1.6450e+03     195765         15  0.000e+00
     51.063     4.4759     4.4762   3.290720   3.291004     2.5156     0.0164     0.4215    34.8846 1.6382e+03     195766         15  0.000e+00
     51.007     4.4724     4.4766   3.290397   3.291064     2.5156     0.0164     0.4215    34.8846 1.6337e+03     195767         15  0.000e+00
     51.063     4.4709     4.4753   3.290334   3.291094     2.5168     0.0164     0.4215    34.8854 1.6292e+03     195768         15  0.000e+00
     51.128     4.4714     4.4742   3.290473   3.290974     2.5156     0.0164     0.4215    34.8865 1.6225e+03     195769         15  0.000e+00
     51.152     4.4730     4.4740   3.290650   3.290854     2.5168     0.0164     0.4215    34.8868 1.6202e+03     195770         15  0.000e+00
     30.455     4.9930     4.9915   3.332389   3.332386     2.7052     1.5598     0.5436    34.8385 2.2248e+03     199382         16  0.000e+00
     30.399     4.9931     4.9916   3.332395   3.332416     2.7052     1.5598     0.5436    34.8384 2.2248e+03     199383         16  0.000e+00
     30.455     4.9930     4.9915   3.332389   3.332386     2.7052     1.5598     0.5436    34.8385 2.2248e+03     199384         16  0.000e+00
     30.471     4.9933     4.9915   3.332389   3.332416     2.7052     1.5403     0.5436    34.8381 2.2225e+03     199385         16  0.000e+00
     30.455     4.9931     4.9913   3.332376   3.332416     2.7052     1.5598     0.5436    34.8381 2.2225e+03     199386         16  0.000e+00
     30.455     4.9930     4.9916   3.332401   3.332416     2.7052     1.5598     0.5436    34.8386 2.2225e+03     199387         16  0.000e+00
     30.511     4.9930     4.9916   3.332401   3.332386     2.7052     1.5598     0.5436    34.8386 2.2225e+03     199388         16  0.000e+00
     30.471     4.9930     4.9916   3.332389   3.332446     2.7052     1.5403     0.5436    34.8384 2.2225e+03     199389         16  0.000e+00
     30.511     4.9926     4.9916   3.332370   3.332386     2.7052     1.5598     0.5436    34.8386 2.2225e+03     199390         16  0.000e+00
     30.455     4.9926     4.9920   3.332363   3.332416     2.7052     1.5598     0.5436    34.8385 2.2225e+03     199391         16  0.000e+00
     30.511     4.9924     4.9918   3.332357   3.332416     2.7052     1.5598     0.5436    34.8386 2.2225e+03     199392         16  0.000e+00
     30.527     4.9924     4.9920   3.332344   3.332386     2.7052     1.5403     0.5436    34.8384 2.2225e+03     199393         16  0.000e+00
     30.575     4.9923     4.9916   3.332357   3.332446     2.7052     1.5207     0.5485    34.8387 2.2225e+03     199394         16  0.000e+00
     30.511     4.9926     4.9920   3.332357   3.332386     2.7052     1.5207     0.5485    34.8384 2.2225e+03     199395         16  0.000e+00
     30.575     4.9923     4.9916   3.332357   3.332416     2.7052     1.5207     0.5485    34.8387 2.2225e+03     199396         16  0.000e+00
     30.527     4.9921     4.9916   3.332363   3.332416     2.7052     1.5207     0.5485    34.8390 2.2203e+03     199397         16  0.000e+00
     30.575     4.9923     4.9918   3.332357   3.332446     2.7052     1.5207     0.5485    34.8387 2.2225e+03     199398         16  0.000e+00
     30.575     4.9924     4.9918   3.332382   3.329179     2.7052     1.5207     0.5485    34.8389 2.2225e+03     199399         16  0.000e+00
     30.631     4.9923     4.9920   3.332357   3.329997     2.7052     1.5207     0.5485    34.8387 2.2203e+03     199400         16  0.000e+00
     30.591     4.9924     4.9916   3.332395   3.332446     2.7052     1.5207     0.5485    34.8390 2.2203e+03     199401         16  0.000e+00
     30.631     4.9924     4.9918   3.332376   3.332386     2.7052     1.5207     0.5485    34.8388 2.2225e+03     199402         16  0.000e+00
     30.631     4.9923     4.9918   3.332363   3.332446     2.7052     1.5207     0.5485    34.8388 2.2225e+03     199403         16  0.000e+00
     30.631     4.9923     4.9920   3.332357   3.332416     2.7052     1.5207     0.5485    34.8387 2.2203e+03     199404         16  0.000e+00
     30.647     4.9926     4.9918   3.332357   3.332446     2.7064     1.5207     0.5485    34.8384 2.2203e+03     199405         16  0.000e+00
     30.687     4.9926     4.9916   3.332363   3.332416     2.7052     1.5012     0.5485    34.8384 2.2203e+03     199406         16  0.000e+00
     30.687     4.9924     4.9918   3.332376   3.332446     2.7052     1.5207     0.5485    34.8387 2.2225e+03     199407         16  0.000e+00
     30.687     4.9924     4.9918   3.332370   3.332446     2.7052     1.5207     0.5485    34.8387 2.2203e+03     199408         16  0.000e+00
     30.703     4.9924     4.9918   3.332382   3.332446     2.7052     1.5207     0.5485    34.8388 2.2225e+03     199409         16  0.000e+00
     30.751     4.9924     4.9918   3.332363   3.332416     2.7052     1.5207     0.5485    34.8385 2.2203e+03     199410         16  0.000e+00
     30.751     4.9923     4.9920   3.332357   3.332446     2.7052     1.5207     0.5485    34.8386 2.2203e+03     199411         16  0.000e+00
     30.751     4.9924     4.9920   3.332363   3.332416     2.7052     1.5207     0.5485    34.8385 2.2225e+03     199412         16  0.000e+00
     30.768     4.9926     4.9920   3.332332   3.332446     2.7052     1.5207     0.5485    34.8380 2.2203e+03     199413         16  0.000e+00
     30.751     4.9924     4.9918   3.332376   3.332476     2.7052     1.5207     0.5485    34.8387 2.2203e+03     199414         16  0.000e+00
     30.808     4.9924     4.9918   3.332357   3.332446     2.7052     1.5207     0.5485    34.8384 2.2225e+03     199415         16  0.000e+00
     30.808     4.9923     4.9920   3.332395   3.332446     2.7052     1.5207     0.5485    34.8390 2.2203e+03     199416         16  0.000e+00
     30.824     4.9923     4.9921   3.332376   3.332446     2.7052     1.5207     0.5485    34.8388 2.2203e+03     199417         16  0.000e+00
     30.808     4.9926     4.9920   3.332363   3.332446     2.7052     1.5793     0.5485    34.8384 2.2203e+03     199418         16  0.000e+00
     30.872     4.9926     4.9920   3.332376   3.332476     2.7052     1.5989     0.5485    34.8385 2.2203e+03     199419         16  0.000e+00
     30.872     4.9923     4.9916   3.332370   3.332446     2.7052     1.5989     0.5485    34.8387 2.2203e+03     199420         16  0.000e+00
     30.824     4.9923     4.9918   3.332363   3.332446     2.7052     1.5989     0.5485    34.8387 2.2203e+03     199421         16  0.000e+00
     30.872     4.9924     4.9916   3.332357   3.332446     2.7052     1.5989     0.5485    34.8384 2.2203e+03     199422         16  0.000e+00
     30.928     4.9924     4.9918   3.332357   3.332386     2.7052     1.5989     0.5485    34.8384 2.2203e+03     199423         16  0.000e+00
