Ship_data/Irminger/Irminger-5/ctd/process/ar30-03011.cnv
* Sea-Bird SBE 9 Data File:
* FileName = D:\Data\ar30-03011.hdr
* Software Version Seasave V 7.23.2
* Temperature SN = 4312
* Conductivity SN = 2148
* Number of Bytes Per Scan = 44
* Number of Voltage Words = 5
* Number of Scans Averaged by the Deck Unit = 1
* NMEA Latitude = 59 39.70 N
* NMEA Longitude = 038 37.20 W
* NMEA UTC (Time) = Jun 13 2018  13:11:35
** Cruise ID: ar30-03
** Chief Sci: Macdonald
** Station #: 011
** Site ID: Irminger 5 OSNAP M4
** cast near OSNAP M4 mooring
# nquan = 18
# nvalues = 5984                        
# units = specified
# name 0 = prDM: Pressure, Digiquartz [db]
# name 1 = t090C: Temperature [ITS-90, deg C]
# name 2 = t190C: Temperature, 2 [ITS-90, deg C]
# name 3 = c0S/m: Conductivity [S/m]
# name 4 = c1S/m: Conductivity, 2 [S/m]
# name 5 = sbeox0V: Oxygen raw, SBE 43 [V]
# name 6 = flECO-AFL: Fluorescence, WET Labs ECO-AFL/FL [mg/m^3]
# name 7 = turbWETntu0: Turbidity, WET Labs ECO [NTU]
# name 8 = sal00: Salinity, Practical [PSU]
# name 9 = spar: SPAR/Surface Irradiance
# name 10 = depSM: Depth [salt water, m], lat = 59.6617
# name 11 = sal00: Salinity, Practical [PSU]
# name 12 = sal11: Salinity, Practical, 2 [PSU]
# name 13 = sbeox0ML/L: Oxygen, SBE 43 [ml/l], WS = 2
# name 14 = svCM: Sound Velocity [Chen-Millero, m/s]
# name 15 = sigma-é00: Density [sigma-theta, kg/m^3]
# name 16 = sigma-é11: Density, 2 [sigma-theta, kg/m^3]
# name 17 = flag: flag
# span 0 =      4.000,   2996.000       
# span 1 =     1.4946,     5.4530       
# span 2 =     1.4915,     5.4354       
# span 3 =   3.150083,   3.371218       
# span 4 =   3.149841,   3.369708       
# span 5 =     1.4924,     2.7393       
# span 6 =    -0.4164,     1.6192       
# span 7 =     0.3398,     0.6329       
# span 8 =    34.5319,    34.9317       
# span 9 = 9.3486e+02, 2.2297e+03       
# span 10 =      3.962,   2946.881      
# span 11 =    34.5356,    34.9316      
# span 12 =    34.8199,    34.9317      
# span 13 =     4.4683,     7.1385      
# span 14 =    1467.96,    1508.12      
# span 15 =    27.4788,    27.9574      
# span 16 =    27.4817,    27.9361      
# span 17 = 0.0000e+00, 0.0000e+00      
# interval = decibars: 1                
# start_time = Jun 13 2018 13:11:35 [System UTC, first data scan.]
# bad_flag = -9.990e-29
*END*
[from data line 3458]
   2530.000     2.9007     2.9034   3.258783   3.259241     1.5836    -0.3730     0.3448    34.9258 9.6644e+02   2491.206    34.9257    34.9283     5.1113    1503.96    27.8531    27.8549 0.0000e+00
   2529.000     2.9028     2.9057   3.258759   3.259411     1.5849    -0.3778     0.3451    34.9236 9.7139e+02   2490.227    34.9237    34.9284     5.1162    1503.95    27.8513    27.8548 0.0000e+00
   2528.000     2.9041     2.9067   3.258736   3.259452     1.5859    -0.3942     0.3495    34.9225 9.7363e+02   2489.248    34.9225    34.9283     5.1203    1503.94    27.8502    27.8546 0.0000e+00
   2527.000     2.9049     2.9079   3.258728   3.259542     1.5868    -0.3766     0.3488    34.9219 9.7342e+02   2488.269    34.9221    34.9286     5.1239    1503.93    27.8498    27.8548 0.0000e+00
   2526.000     2.9065     2.9094   3.258710   3.259633     1.5883    -0.3831     0.3491    34.9205 9.7103e+02   2487.291    34.9206    34.9286     5.1303    1503.91    27.8485    27.8546 0.0000e+00
   2525.000     2.9070     2.9099   3.258620   3.259636     1.5914    -0.3932     0.3497    34.9194 9.6930e+02   2486.312    34.9195    34.9286     5.1439    1503.90    27.8475    27.8546 0.0000e+00
   2524.000     2.9065     2.9124   3.258528   3.259812     1.5941    -0.3604     0.3447    34.9193 9.7199e+02   2485.333    34.9193    34.9285     5.1564    1503.88    27.8474    27.8542 0.0000e+00
   2523.000     2.9094     2.9146   3.258514   3.259958     1.5955    -0.3847     0.3453    34.9164 9.7447e+02   2484.354    34.9166    34.9284     5.1618    1503.87    27.8450    27.8540 0.0000e+00
   2522.000     2.9115     2.9161   3.258519   3.260080     1.5956    -0.3830     0.3463    34.9146 9.7538e+02   2483.375    34.9149    34.9286     5.1613    1503.86    27.8434    27.8540 0.0000e+00
   2521.000     2.9140     2.9177   3.258514   3.260190     1.5953    -0.3782     0.3484    34.9124 9.7530e+02   2482.396    34.9126    34.9287     5.1592    1503.85    27.8414    27.8539 0.0000e+00
   2520.000     2.9140     2.9168   3.258398   3.260067     1.5936    -0.3810     0.3511    34.9115 9.6991e+02   2481.417    34.9117    34.9288     5.1501    1503.83    27.8406    27.8540 0.0000e+00
   2519.000     2.9080     2.9170   3.258273   3.260035     1.5875    -0.3771     0.3448    34.9170 9.6321e+02   2480.438    34.9170    34.9286     5.1215    1503.80    27.8454    27.8539 0.0000e+00
   2518.000     2.9150     2.9207   3.258260   3.260318     1.5822    -0.3942     0.3457    34.9097 9.6660e+02   2479.459    34.9099    34.9285     5.0953    1503.80    27.8391    27.8535 0.0000e+00
   2517.000     2.9191     2.9232   3.258344   3.260507     1.5786    -0.3938     0.3489    34.9066 9.6964e+02   2478.480    34.9071    34.9286     5.0767    1503.80    27.8365    27.8533 0.0000e+00
   2516.000     2.9213     2.9244   3.258592   3.260590     1.5762    -0.3938     0.3500    34.9074 9.7064e+02   2477.501    34.9081    34.9288     5.0646    1503.79    27.8371    27.8533 0.0000e+00
   2515.000     2.9226     2.9250   3.258846   3.260603     1.5749    -0.3938     0.3486    34.9097 9.7128e+02   2476.522    34.9103    34.9288     5.0575    1503.78    27.8387    27.8533 0.0000e+00
   2514.000     2.9231     2.9253   3.258870   3.260608     1.5761    -0.3938     0.3495    34.9102 9.7188e+02   2475.543    34.9105    34.9290     5.0621    1503.77    27.8388    27.8534 0.0000e+00
   2513.000     2.9234     2.9257   3.258719   3.260593     1.5804    -0.3776     0.3523    34.9088 9.7075e+02   2474.564    34.9089    34.9289     5.0818    1503.75    27.8375    27.8533 0.0000e+00
   2512.000     2.9221     2.9247   3.258368   3.260458     1.5878    -0.3871     0.3493    34.9065 9.6673e+02   2473.585    34.9065    34.9288     5.1166    1503.72    27.8357    27.8533 0.0000e+00
   2511.000     2.9183     2.9269   3.258168   3.260612     1.5910    -0.3716     0.3488    34.9086 9.6704e+02   2472.606    34.9086    34.9287     5.1315    1503.69    27.8377    27.8531 0.0000e+00
   2510.000     2.9221     2.9293   3.258114   3.260785     1.5902    -0.3821     0.3493    34.9042 9.7050e+02   2471.628    34.9044    34.9287     5.1266    1503.69    27.8340    27.8528 0.0000e+00
   2509.000     2.9260     2.9309   3.258145   3.260893     1.5887    -0.3925     0.3505    34.9008 9.7275e+02   2470.649    34.9011    34.9288     5.1184    1503.68    27.8310    27.8527 0.0000e+00
   2508.000     2.9283     2.9318   3.258281   3.260933     1.5866    -0.3938     0.3491    34.9003 9.7332e+02   2469.670    34.9008    34.9288     5.1074    1503.68    27.8306    27.8527 0.0000e+00
   2507.000     2.9298     2.9322   3.258394   3.260937     1.5841    -0.3938     0.3487    34.9006 9.7233e+02   2468.691    34.9010    34.9288     5.0951    1503.67    27.8306    27.8526 0.0000e+00
   2506.000     2.9304     2.9324   3.258311   3.260924     1.5819    -0.3938     0.3486    34.8997 9.6911e+02   2467.712    34.8998    34.9289     5.0837    1503.65    27.8296    27.8527 0.0000e+00
   2505.000     2.9292     2.9323   3.258073   3.260874     1.5776    -0.3899     0.3496    34.8987 9.6411e+02   2466.733    34.8988    34.9289     5.0629    1503.63    27.8288    27.8527 0.0000e+00
   2504.000     2.9271     2.9315   3.257949   3.260756     1.5704    -0.3828     0.3494    34.8998 9.6461e+02   2465.754    34.8999    34.9288     5.0286    1503.60    27.8299    27.8526 0.0000e+00
   2503.000     2.9299     2.9342   3.257948   3.260938     1.5651    -0.3831     0.3487    34.8972 9.6751e+02   2464.775    34.8975    34.9287     5.0027    1503.59    27.8277    27.8523 0.0000e+00
   2502.000     2.9317     2.9352   3.258175   3.261000     1.5616    -0.3724     0.3505    34.8980 9.6851e+02   2463.796    34.8987    34.9288     4.9851    1503.59    27.8285    27.8523 0.0000e+00
   2501.000     2.9333     2.9356   3.258591   3.261008     1.5588    -0.3704     0.3508    34.9017 9.6841e+02   2462.817    34.9025    34.9289     4.9710    1503.58    27.8314    27.8524 0.0000e+00
   2500.000     2.9339     2.9357   3.258817   3.260989     1.5571    -0.3731     0.3491    34.9046 9.6672e+02   2461.838    34.9050    34.9290     4.9620    1503.57    27.8333    27.8524 0.0000e+00
   2499.000     2.9341     2.9357   3.258571   3.260947     1.5563    -0.3841     0.3490    34.9025 9.6455e+02   2460.859    34.9023    34.9290     4.9578    1503.55    27.8312    27.8524 0.0000e+00
   2498.000     2.9309     2.9352   3.258070   3.260862     1.5568    -0.3771     0.3456    34.9002 9.6323e+02   2459.880    34.9001    34.9290     4.9603    1503.52    27.8297    27.8524 0.0000e+00
   2497.000     2.9317     2.9360   3.257850   3.260870     1.5563    -0.3741     0.3456    34.8972 9.6718e+02   2458.901    34.8972    34.9287     4.9571    1503.50    27.8273    27.8521 0.0000e+00
   2496.000     2.9337     2.9385   3.257832   3.261046     1.5551    -0.3719     0.3483    34.8951 9.6911e+02   2457.922    34.8953    34.9287     4.9506    1503.49    27.8256    27.8519 0.0000e+00
   2495.000     2.9359     2.9397   3.257983   3.261134     1.5538    -0.3913     0.3488    34.8948 9.6882e+02   2456.943    34.8952    34.9289     4.9432    1503.48    27.8253    27.8519 0.0000e+00
   2494.000     2.9380     2.9406   3.258183   3.261190     1.5531    -0.3927     0.3485    34.8954 9.6697e+02   2455.964    34.8958    34.9291     4.9392    1503.47    27.8256    27.8520 0.0000e+00
   2493.000     2.9389     2.9406   3.258159   3.261147     1.5526    -0.3931     0.3486    34.8949 9.6196e+02   2454.985    34.8951    34.9290     4.9360    1503.46    27.8250    27.8519 0.0000e+00
   2492.000     2.9395     2.9402   3.257951   3.261068     1.5515    -0.3643     0.3486    34.8925 9.5667e+02   2454.005    34.8924    34.9289     4.9305    1503.44    27.8228    27.8519 0.0000e+00
   2491.000     2.9388     2.9423   3.257795   3.261215     1.5492    -0.3935     0.3482    34.8916 9.5940e+02   2453.026    34.8918    34.9290     4.9192    1503.42    27.8223    27.8517 0.0000e+00
   2490.000     2.9401     2.9431   3.258015   3.261239     1.5475    -0.3740     0.3492    34.8928 9.6227e+02   2452.047    34.8935    34.9289     4.9101    1503.41    27.8235    27.8516 0.0000e+00
   2489.000     2.9412     2.9437   3.258558   3.261259     1.5465    -0.3828     0.3482    34.8983 9.6405e+02   2451.068    34.8993    34.9290     4.9045    1503.41    27.8281    27.8516 0.0000e+00
   2488.000     2.9419     2.9441   3.258991   3.261272     1.5460    -0.3924     0.3482    34.9036 9.6419e+02   2450.089    34.9042    34.9291     4.9010    1503.40    27.8319    27.8516 0.0000e+00
   2487.000     2.9423     2.9441   3.259096   3.261232     1.5473    -0.3732     0.3482    34.9052 9.6324e+02   2449.110    34.9055    34.9291     4.9062    1503.39    27.8329    27.8516 0.0000e+00
   2486.000     2.9425     2.9438   3.258832   3.261161     1.5517    -0.3780     0.3487    34.9028 9.5967e+02   2448.131    34.9026    34.9291     4.9267    1503.37    27.8306    27.8516 0.0000e+00
   2485.000     2.9409     2.9436   3.258312   3.261101     1.5601    -0.3948     0.3486    34.8986 9.5555e+02   2447.152    34.8986    34.9290     4.9659    1503.34    27.8275    27.8516 0.0000e+00
   2484.000     2.9416     2.9439   3.258275   3.261070     1.5637    -0.3938     0.3533    34.8977 9.5703e+02   2446.173    34.8979    34.9288     4.9821    1503.32    27.8268    27.8514 0.0000e+00
   2483.000     2.9421     2.9441   3.258602   3.261055     1.5649    -0.3938     0.3537    34.9010 9.5999e+02   2445.194    34.9017    34.9288     4.9869    1503.31    27.8298    27.8514 0.0000e+00
   2482.000     2.9425     2.9455   3.259028   3.261138     1.5659    -0.3938     0.3501    34.9062 9.6165e+02   2444.215    34.9067    34.9289     4.9906    1503.30    27.8338    27.8513 0.0000e+00
   2481.000     2.9438     2.9462   3.259196   3.261173     1.5675    -0.3928     0.3456    34.9077 9.6158e+02   2443.236    34.9079    34.9290     4.9974    1503.29    27.8346    27.8513 0.0000e+00
   2480.000     2.9443     2.9463   3.258967   3.261154     1.5689    -0.4129     0.3486    34.9054 9.5960e+02   2442.257    34.9051    34.9291     5.0033    1503.28    27.8323    27.8514 0.0000e+00
   2479.000     2.9451     2.9468   3.258568   3.261164     1.5702    -0.3942     0.3516    34.9001 9.5504e+02   2441.277    34.9000    34.9292     5.0087    1503.26    27.8282    27.8514 0.0000e+00
   2478.000     2.9432     2.9509   3.258301   3.261464     1.5692    -0.3938     0.3486    34.8993 9.5201e+02   2440.298    34.8992    34.9289     5.0039    1503.23    27.8277    27.8508 0.0000e+00
   2477.000     2.9449     2.9544   3.258188   3.261731     1.5670    -0.3818     0.3485    34.8964 9.5284e+02   2439.319    34.8965    34.9289     4.9926    1503.22    27.8254    27.8505 0.0000e+00
   2476.000     2.9501     2.9558   3.258265   3.261835     1.5644    -0.3742     0.3490    34.8920 9.5459e+02   2438.340    34.8924    34.9291     4.9791    1503.22    27.8217    27.8505 0.0000e+00
   2475.000     2.9533     2.9570   3.258566   3.261900     1.5622    -0.3743     0.3485    34.8924 9.5555e+02   2437.361    34.8931    34.9291     4.9676    1503.21    27.8219    27.8504 0.0000e+00
   2474.000     2.9550     2.9577   3.258801   3.261940     1.5599    -0.3912     0.3485    34.8941 9.5540e+02   2436.382    34.8946    34.9293     4.9560    1503.21    27.8230    27.8505 0.0000e+00
   2473.000     2.9559     2.9577   3.258901   3.261899     1.5585    -0.3775     0.3485    34.8950 9.5342e+02   2435.403    34.8953    34.9292     4.9485    1503.19    27.8234    27.8504 0.0000e+00
   2472.000     2.9563     2.9562   3.258702   3.261718     1.5580    -0.3815     0.3485    34.8930 9.5236e+02   2434.424    34.8930    34.9291     4.9455    1503.18    27.8216    27.8504 0.0000e+00
   2471.000     2.9561     2.9591   3.258532   3.261935     1.5570    -0.3856     0.3485    34.8912 9.5282e+02   2433.445    34.8916    34.9291     4.9402    1503.16    27.8205    27.8502 0.0000e+00
   2470.000     2.9572     2.9609   3.258934   3.262042     1.5566    -0.3741     0.3489    34.8948 9.5267e+02   2432.465    34.8957    34.9289     4.9376    1503.15    27.8236    27.8499 0.0000e+00
   2469.000     2.9590     2.9616   3.259456   3.262095     1.5561    -0.3731     0.3530    34.8998 9.5078e+02   2431.486    34.9006    34.9293     4.9339    1503.15    27.8274    27.8501 0.0000e+00
   2468.000     2.9601     2.9625   3.259696   3.262127     1.5570    -0.3743     0.3531    34.9023 9.4909e+02   2430.507    34.9027    34.9292     4.9374    1503.14    27.8290    27.8500 0.0000e+00
   2467.000     2.9607     2.9631   3.259625   3.262139     1.5590    -0.3743     0.3521    34.9016 9.4789e+02   2429.528    34.9017    34.9292     4.9462    1503.12    27.8281    27.8498 0.0000e+00
   2466.000     2.9612     2.9630   3.259427   3.262093     1.5640    -0.3872     0.3523    34.8992 9.4652e+02   2428.549    34.8993    34.9292     4.9691    1503.10    27.8261    27.8499 0.0000e+00
   2465.000     2.9608     2.9630   3.258972   3.262058     1.5682    -0.3898     0.3494    34.8948 9.4678e+02   2427.570    34.8947    34.9292     4.9884    1503.08    27.8224    27.8499 0.0000e+00
   2464.000     2.9598     2.9647   3.258773   3.262171     1.5698    -0.3754     0.3533    34.8938 9.4820e+02   2426.590    34.8939    34.9293     4.9950    1503.06    27.8219    27.8497 0.0000e+00
   2463.000     2.9620     2.9651   3.258965   3.262158     1.5697    -0.3939     0.3534    34.8937 9.4833e+02   2425.611    34.8943    34.9291     4.9938    1503.05    27.8220    27.8496 0.0000e+00
   2462.000     2.9635     2.9660   3.259323   3.262214     1.5695    -0.3775     0.3498    34.8969 9.4795e+02   2424.632    34.8974    34.9294     4.9920    1503.04    27.8244    27.8497 0.0000e+00
   2461.000     2.9644     2.9664   3.259665   3.262203     1.5695    -0.3843     0.3482    34.9004 9.4795e+02   2423.653    34.9011    34.9292     4.9911    1503.04    27.8272    27.8495 0.0000e+00
   2460.000     2.9651     2.9675   3.259950   3.262268     1.5702    -0.3885     0.3485    34.9038 9.4643e+02   2422.674    34.9042    34.9293     4.9932    1503.03    27.8296    27.8495 0.0000e+00
   2459.000     2.9662     2.9682   3.259830   3.262282     1.5716    -0.3839     0.3484    34.9021 9.4272e+02   2421.694    34.9021    34.9292     4.9994    1503.01    27.8278    27.8494 0.0000e+00
   2458.000     2.9662     2.9678   3.259261   3.262203     1.5734    -0.3910     0.3521    34.8958 9.4305e+02   2420.715    34.8958    34.9292     5.0071    1502.98    27.8228    27.8494 0.0000e+00
   2457.000     2.9658     2.9687   3.259121   3.262242     1.5733    -0.3705     0.3498    34.8947 9.4835e+02   2419.736    34.8949    34.9292     5.0061    1502.97    27.8221    27.8493 0.0000e+00
   2456.000     2.9663     2.9685   3.259598   3.262196     1.5730    -0.3919     0.3455    34.8995 9.5112e+02   2418.757    34.9005    34.9292     5.0040    1502.96    27.8266    27.8493 0.0000e+00
   2455.000     2.9673     2.9712   3.260088   3.262395     1.5727    -0.3827     0.3461    34.9052 9.5242e+02   2417.778    34.9059    34.9292     5.0013    1502.95    27.8307    27.8491 0.0000e+00
   2454.000     2.9694     2.9721   3.260344   3.262448     1.5732    -0.3724     0.3487    34.9068 9.5077e+02   2416.798    34.9072    34.9294     5.0028    1502.95    27.8316    27.8491 0.0000e+00
   2453.000     2.9702     2.9721   3.260326   3.262401     1.5752    -0.3742     0.3529    34.9064 9.4579e+02   2415.819    34.9065    34.9293     5.0115    1502.93    27.8310    27.8491 0.0000e+00
   2452.000     2.9702     2.9713   3.260377   3.262305     1.5839    -0.3846     0.3510    34.9073 9.3486e+02   2414.840    34.9076    34.9295     5.0517    1502.92    27.8318    27.8493 0.0000e+00
