Ship_data/Irminger/Irminger-5/ctd/process/ar30-03007.cnv
* Sea-Bird SBE 9 Data File:
* FileName = D:\Data\ar30-03007.hdr
* Software Version Seasave V 7.23.2
* Temperature SN = 4312
* Conductivity SN = 2148
* Number of Bytes Per Scan = 44
* Number of Voltage Words = 5
* Number of Scans Averaged by the Deck Unit = 1
* NMEA Latitude = 59 46.24 N
* NMEA Longitude = 039 51.54 W
* NMEA UTC (Time) = Jun 10 2018  14:37:43
** Cruise ID: ar30-03
** Chief Sci: Macdonald
** Station #: 007
** Site ID: Irminger 5 FLMA
** ctd cast at FLMA with bottom release testing
# nquan = 18
# nvalues = 5377                        
# units = specified
# name 0 = prDM: Pressure, Digiquartz [db]
# name 1 = t090C: Temperature [ITS-90, deg C]
# name 2 = t190C: Temperature, 2 [ITS-90, deg C]
# name 3 = c0S/m: Conductivity [S/m]
# name 4 = c1S/m: Conductivity, 2 [S/m]
# name 5 = sbeox0V: Oxygen raw, SBE 43 [V]
# name 6 = flECO-AFL: Fluorescence, WET Labs ECO-AFL/FL [mg/m^3]
# name 7 = turbWETntu0: Turbidity, WET Labs ECO [NTU]
# name 8 = sal00: Salinity, Practical [PSU]
# name 9 = spar: SPAR/Surface Irradiance
# name 10 = depSM: Depth [salt water, m], lat = 59.7707
# name 11 = sal00: Salinity, Practical [PSU]
# name 12 = sal11: Salinity, Practical, 2 [PSU]
# name 13 = sbeox0ML/L: Oxygen, SBE 43 [ml/l], WS = 2
# name 14 = svCM: Sound Velocity [Chen-Millero, m/s]
# name 15 = sigma-é00: Density [sigma-theta, kg/m^3]
# name 16 = sigma-é11: Density, 2 [sigma-theta, kg/m^3]
# name 17 = flag: flag
# span 0 =      4.000,   2692.000       
# span 1 =     1.7668,     5.2199       
# span 2 =     1.7685,     5.2194       
# span 3 =   3.162074,   3.353700       
# span 4 =   3.162140,   3.353780       
# span 5 =     1.5519,     2.6685       
# span 6 =    -0.4172,     0.7478       
# span 7 =     0.3401,     0.5050       
# span 8 =    34.7183,    34.9331       
# span 9 = 7.7392e+02, 2.0298e+03       
# span 10 =      3.962,   2649.703      
# span 11 =    34.7195,    34.9323      
# span 12 =    34.8596,    34.9304      
# span 13 =     4.6505,     6.9403      
# span 14 =    1467.79,    1501.76      
# span 15 =    27.5399,    27.9125      
# span 16 =    27.5411,    27.9119      
# span 17 = 0.0000e+00, 0.0000e+00      
# interval = decibars: 1                
# start_time = Jun 10 2018 14:37:43 [System UTC, first data scan.]
# bad_flag = -9.990e-29
*END*
[from data line 4583]
    797.000     3.3832     3.3833   3.225098   3.225176     2.2691    -0.3901     0.3699    34.8669 9.8007e+02    787.986    34.8670    34.8679     6.5819    1476.95    27.7480    27.7487 0.0000e+00
    796.000     3.3833     3.3832   3.225066   3.225146     2.2692    -0.3842     0.3683    34.8671 9.8200e+02    786.999    34.8670    34.8680     6.5813    1476.94    27.7480    27.7488 0.0000e+00
    795.000     3.3834     3.3831   3.225027   3.225094     2.2693    -0.3644     0.3690    34.8670 9.8005e+02    786.012    34.8670    34.8680     6.5811    1476.92    27.7480    27.7489 0.0000e+00
    794.000     3.3834     3.3833   3.224993   3.225064     2.2702    -0.3744     0.3700    34.8670 9.8428e+02    785.025    34.8671    34.8680     6.5835    1476.90    27.7480    27.7488 0.0000e+00
    793.000     3.3836     3.3834   3.224948   3.225015     2.2704    -0.4086     0.3686    34.8668 9.9240e+02    784.038    34.8668    34.8679     6.5833    1476.89    27.7478    27.7487 0.0000e+00
    792.000     3.3837     3.3835   3.224920   3.224981     2.2704    -0.3990     0.3686    34.8670 9.8458e+02    783.052    34.8670    34.8679     6.5825    1476.87    27.7479    27.7487 0.0000e+00
    791.000     3.3838     3.3837   3.224881   3.224960     2.2704    -0.3892     0.3681    34.8669 9.7942e+02    782.065    34.8668    34.8680     6.5816    1476.86    27.7478    27.7487 0.0000e+00
    790.000     3.3838     3.3836   3.224846   3.224920     2.2704    -0.3926     0.3628    34.8670 9.7794e+02    781.078    34.8670    34.8680     6.5807    1476.84    27.7479    27.7488 0.0000e+00
    789.000     3.3838     3.3837   3.224795   3.224867     2.2711    -0.3753     0.3629    34.8669 9.8013e+02    780.091    34.8669    34.8679     6.5824    1476.82    27.7478    27.7486 0.0000e+00
    788.000     3.3837     3.3836   3.224746   3.224822     2.2713    -0.3743     0.3640    34.8670 9.8339e+02    779.104    34.8670    34.8679     6.5823    1476.81    27.7479    27.7487 0.0000e+00
    787.000     3.3836     3.3835   3.224704   3.224773     2.2715    -0.3897     0.3687    34.8671 9.8653e+02    778.117    34.8671    34.8680     6.5824    1476.79    27.7480    27.7487 0.0000e+00
    786.000     3.3836     3.3834   3.224654   3.224730     2.2723    -0.3811     0.3664    34.8671 9.8740e+02    777.130    34.8671    34.8682     6.5842    1476.77    27.7480    27.7489 0.0000e+00
    785.000     3.3836     3.3835   3.224610   3.224680     2.2726    -0.3892     0.3689    34.8670 9.7073e+02    776.144    34.8670    34.8680     6.5845    1476.76    27.7479    27.7487 0.0000e+00
    784.000     3.3836     3.3836   3.224559   3.224644     2.2729    -0.3803     0.3696    34.8669 9.6038e+02    775.157    34.8669    34.8680     6.5848    1476.74    27.7478    27.7487 0.0000e+00
    783.000     3.3836     3.3834   3.224519   3.224591     2.2731    -0.3717     0.3727    34.8671 9.6112e+02    774.170    34.8670    34.8680     6.5846    1476.72    27.7479    27.7487 0.0000e+00
    782.000     3.3835     3.3834   3.224468   3.224557     2.2737    -0.4069     0.3729    34.8670 9.6514e+02    773.183    34.8670    34.8681     6.5863    1476.71    27.7479    27.7488 0.0000e+00
    781.000     3.3838     3.3840   3.224465   3.224562     2.2732    -0.4020     0.3710    34.8671 9.7418e+02    772.196    34.8671    34.8681     6.5833    1476.69    27.7480    27.7487 0.0000e+00
    780.000     3.3841     3.3843   3.224445   3.224556     2.2729    -0.3844     0.3688    34.8671 9.8498e+02    771.209    34.8671    34.8682     6.5812    1476.68    27.7479    27.7488 0.0000e+00
    779.000     3.3842     3.3846   3.224409   3.224539     2.2727    -0.3683     0.3732    34.8671 9.9470e+02    770.222    34.8671    34.8682     6.5798    1476.66    27.7479    27.7488 0.0000e+00
    778.000     3.3846     3.3847   3.224402   3.224493     2.2728    -0.3916     0.3718    34.8670 9.9482e+02    769.235    34.8671    34.8681     6.5792    1476.65    27.7478    27.7487 0.0000e+00
    777.000     3.3849     3.3847   3.224385   3.224454     2.2731    -0.3747     0.3681    34.8671 9.8288e+02    768.249    34.8671    34.8682     6.5794    1476.63    27.7478    27.7487 0.0000e+00
    776.000     3.3849     3.3846   3.224323   3.224393     2.2738    -0.3897     0.3637    34.8669 9.6718e+02    767.262    34.8669    34.8681     6.5812    1476.61    27.7476    27.7486 0.0000e+00
    775.000     3.3851     3.3848   3.224296   3.224374     2.2740    -0.3887     0.3683    34.8669 9.6225e+02    766.275    34.8669    34.8681     6.5810    1476.60    27.7476    27.7486 0.0000e+00
    774.000     3.3848     3.3846   3.224238   3.224308     2.2743    -0.3904     0.3727    34.8670 9.6139e+02    765.288    34.8670    34.8681     6.5812    1476.58    27.7477    27.7486 0.0000e+00
    773.000     3.3849     3.3847   3.224205   3.224275     2.2747    -0.3781     0.3708    34.8672 9.6181e+02    764.301    34.8671    34.8681     6.5818    1476.56    27.7478    27.7486 0.0000e+00
    772.000     3.3850     3.3848   3.224175   3.224241     2.2748    -0.3727     0.3687    34.8671 9.6534e+02    763.314    34.8671    34.8681     6.5816    1476.55    27.7478    27.7486 0.0000e+00
    771.000     3.3851     3.3850   3.224133   3.224222     2.2752    -0.3886     0.3682    34.8670 9.7537e+02    762.327    34.8670    34.8682     6.5821    1476.53    27.7477    27.7486 0.0000e+00
    770.000     3.3852     3.3851   3.224091   3.224173     2.2760    -0.3875     0.3691    34.8670 9.9011e+02    761.340    34.8670    34.8680     6.5843    1476.52    27.7476    27.7485 0.0000e+00
    769.000     3.3854     3.3852   3.224068   3.224143     2.2762    -0.3885     0.3682    34.8671 9.9803e+02    760.353    34.8670    34.8682     6.5841    1476.50    27.7476    27.7486 0.0000e+00
    768.000     3.3853     3.3851   3.224016   3.224108     2.2762    -0.3919     0.3706    34.8671 9.8780e+02    759.366    34.8671    34.8683     6.5830    1476.48    27.7477    27.7487 0.0000e+00
    767.000     3.3853     3.3850   3.223969   3.224040     2.2759    -0.3916     0.3731    34.8671 9.6686e+02    758.379    34.8670    34.8681     6.5812    1476.47    27.7476    27.7485 0.0000e+00
    766.000     3.3852     3.3850   3.223917   3.223978     2.2763    -0.3903     0.3693    34.8670 9.6045e+02    757.392    34.8669    34.8680     6.5818    1476.45    27.7476    27.7484 0.0000e+00
    765.000     3.3849     3.3845   3.223845   3.223896     2.2763    -0.3880     0.3711    34.8670 9.6165e+02    756.405    34.8669    34.8680     6.5810    1476.43    27.7476    27.7485 0.0000e+00
    764.000     3.3842     3.3836   3.223720   3.223770     2.2770    -0.3873     0.3710    34.8669 9.6635e+02    755.418    34.8668    34.8680     6.5831    1476.41    27.7475    27.7485 0.0000e+00
    763.000     3.3836     3.3833   3.223631   3.223684     2.2768    -0.3807     0.3685    34.8670 9.7696e+02    754.432    34.8668    34.8678     6.5814    1476.39    27.7476    27.7485 0.0000e+00
    762.000     3.3832     3.3830   3.223534   3.223612     2.2765    -0.3724     0.3685    34.8667 9.9111e+02    753.445    34.8666    34.8678     6.5794    1476.37    27.7475    27.7484 0.0000e+00
    761.000     3.3828     3.3826   3.223464   3.223546     2.2764    -0.3877     0.3688    34.8669 9.9768e+02    752.458    34.8667    34.8680     6.5783    1476.36    27.7476    27.7486 0.0000e+00
    760.000     3.3823     3.3821   3.223378   3.223452     2.2773    -0.3859     0.3705    34.8668 9.7544e+02    751.471    34.8668    34.8679     6.5809    1476.34    27.7477    27.7486 0.0000e+00
    759.000     3.3824     3.3820   3.223320   3.223382     2.2775    -0.3764     0.3707    34.8666 9.6055e+02    750.484    34.8665    34.8677     6.5809    1476.32    27.7475    27.7484 0.0000e+00
    758.000     3.3835     3.3836   3.223416   3.223505     2.2784    -0.3807     0.3693    34.8670 9.7890e+02    749.497    34.8670    34.8680     6.5830    1476.31    27.7477    27.7485 0.0000e+00
    757.000     3.3836     3.3835   3.223355   3.223433     2.2783    -0.3744     0.3714    34.8667 9.4774e+02    748.510    34.8667    34.8678     6.5818    1476.29    27.7475    27.7483 0.0000e+00
    756.000     3.3834     3.3834   3.223291   3.223378     2.2790    -0.3894     0.3696    34.8667 9.1606e+02    747.523    34.8666    34.8677     6.5835    1476.28    27.7474    27.7483 0.0000e+00
    755.000     3.3836     3.3835   3.223271   3.223341     2.2791    -0.3630     0.3680    34.8668 9.1232e+02    746.536    34.8668    34.8677     6.5832    1476.26    27.7475    27.7483 0.0000e+00
    754.000     3.3837     3.3836   3.223236   3.223316     2.2791    -0.3696     0.3683    34.8668 9.1540e+02    745.549    34.8668    34.8678     6.5823    1476.24    27.7475    27.7484 0.0000e+00
    753.000     3.3837     3.3836   3.223198   3.223270     2.2790    -0.3651     0.3703    34.8668 9.2240e+02    744.562    34.8668    34.8678     6.5811    1476.23    27.7475    27.7483 0.0000e+00
    752.000     3.3836     3.3835   3.223146   3.223228     2.2791    -0.3778     0.3709    34.8669 9.3365e+02    743.575    34.8668    34.8680     6.5805    1476.21    27.7475    27.7485 0.0000e+00
    751.000     3.3837     3.3834   3.223095   3.223162     2.2792    -0.3626     0.3692    34.8667 9.4644e+02    742.588    34.8667    34.8678     6.5802    1476.20    27.7474    27.7483 0.0000e+00
    750.000     3.3836     3.3834   3.223046   3.223129     2.2797    -0.3676     0.3722    34.8667 9.3910e+02    741.601    34.8666    34.8679     6.5811    1476.18    27.7474    27.7484 0.0000e+00
    749.000     3.3832     3.3832   3.222954   3.223059     2.2799    -0.3744     0.3679    34.8667 9.3144e+02    740.614    34.8665    34.8678     6.5811    1476.16    27.7473    27.7483 0.0000e+00
    748.000     3.3821     3.3819   3.222807   3.222880     2.2802    -0.3860     0.3683    34.8666 9.2857e+02    739.627    34.8665    34.8676     6.5813    1476.14    27.7474    27.7483 0.0000e+00
    747.000     3.3817     3.3814   3.222730   3.222796     2.2800    -0.3825     0.3683    34.8666 9.2834e+02    738.639    34.8665    34.8676     6.5798    1476.12    27.7474    27.7483 0.0000e+00
    746.000     3.3816     3.3814   3.222676   3.222762     2.2802    -0.3904     0.3680    34.8666 9.2857e+02    737.652    34.8664    34.8677     6.5799    1476.10    27.7474    27.7484 0.0000e+00
    745.000     3.3816     3.3815   3.222636   3.222717     2.2802    -0.3757     0.3659    34.8666 9.2965e+02    736.665    34.8666    34.8676     6.5790    1476.09    27.7475    27.7483 0.0000e+00
    744.000     3.3817     3.3818   3.222602   3.222695     2.2803    -0.3783     0.3687    34.8665 9.3570e+02    735.678    34.8665    34.8676     6.5785    1476.07    27.7474    27.7483 0.0000e+00
    743.000     3.3826     3.3823   3.222638   3.222701     2.2809    -0.3637     0.3685    34.8665 9.4208e+02    734.691    34.8665    34.8676     6.5797    1476.06    27.7473    27.7482 0.0000e+00
    742.000     3.3836     3.3830   3.222701   3.222728     2.2813    -0.3664     0.3687    34.8666 9.3797e+02    733.704    34.8668    34.8677     6.5801    1476.05    27.7474    27.7482 0.0000e+00
    741.000     3.3850     3.3851   3.222792   3.222886     2.2814    -0.3885     0.3690    34.8668 9.2971e+02    732.717    34.8669    34.8679     6.5794    1476.04    27.7473    27.7482 0.0000e+00
    740.000     3.3859     3.3860   3.222867   3.222948     2.2815    -0.3870     0.3722    34.8671 9.2437e+02    731.730    34.8673    34.8682     6.5786    1476.02    27.7476    27.7483 0.0000e+00
    739.000     3.3868     3.3863   3.222886   3.222944     2.2821    -0.3876     0.3726    34.8671 9.2444e+02    730.743    34.8672    34.8683     6.5797    1476.01    27.7474    27.7484 0.0000e+00
    738.000     3.3867     3.3863   3.222824   3.222893     2.2827    -0.3876     0.3730    34.8670 9.2932e+02    729.756    34.8671    34.8683     6.5812    1475.99    27.7473    27.7484 0.0000e+00
    737.000     3.3863     3.3863   3.222752   3.222849     2.2831    -0.3882     0.3704    34.8671 9.3646e+02    728.769    34.8671    34.8683     6.5819    1475.98    27.7474    27.7483 0.0000e+00
    736.000     3.3867     3.3864   3.222739   3.222807     2.2841    -0.3889     0.3686    34.8670 9.2891e+02    727.782    34.8670    34.8682     6.5849    1475.96    27.7473    27.7483 0.0000e+00
    735.000     3.3869     3.3868   3.222724   3.222784     2.2842    -0.3691     0.3726    34.8671 9.1663e+02    726.795    34.8672    34.8681     6.5843    1475.95    27.7474    27.7481 0.0000e+00
    734.000     3.3872     3.3870   3.222700   3.222782     2.2849    -0.3643     0.3699    34.8672 9.1528e+02    725.808    34.8672    34.8683     6.5860    1475.93    27.7473    27.7483 0.0000e+00
    733.000     3.3876     3.3872   3.222694   3.222764     2.2851    -0.3627     0.3654    34.8671 9.1915e+02    724.820    34.8671    34.8684     6.5858    1475.92    27.7473    27.7483 0.0000e+00
    732.000     3.3877     3.3873   3.222658   3.222732     2.2851    -0.3785     0.3667    34.8671 9.2552e+02    723.833    34.8671    34.8685     6.5848    1475.90    27.7472    27.7483 0.0000e+00
    731.000     3.3881     3.3878   3.222659   3.222730     2.2852    -0.3735     0.3681    34.8672 9.3013e+02    722.846    34.8673    34.8685     6.5842    1475.88    27.7473    27.7483 0.0000e+00
    730.000     3.3886     3.3883   3.222669   3.222729     2.2855    -0.3694     0.3690    34.8673 9.2932e+02    721.859    34.8674    34.8684     6.5844    1475.87    27.7473    27.7482 0.0000e+00
    729.000     3.3889     3.3885   3.222655   3.222714     2.2862    -0.3702     0.3688    34.8674 9.2711e+02    720.872    34.8675    34.8686     6.5862    1475.86    27.7474    27.7483 0.0000e+00
    728.000     3.3893     3.3893   3.222645   3.222740     2.2864    -0.3810     0.3687    34.8673 9.2638e+02    719.885    34.8674    34.8686     6.5858    1475.84    27.7473    27.7482 0.0000e+00
    727.000     3.3898     3.3897   3.222659   3.222738     2.2867    -0.3854     0.3708    34.8675 9.2511e+02    718.898    34.8675    34.8686     6.5861    1475.83    27.7473    27.7482 0.0000e+00
    726.000     3.3896     3.3897   3.222608   3.222707     2.2873    -0.3929     0.3730    34.8677 9.2135e+02    717.911    34.8677    34.8688     6.5874    1475.81    27.7475    27.7483 0.0000e+00
    725.000     3.3899     3.3898   3.222581   3.222667     2.2875    -0.3712     0.3729    34.8676 9.1824e+02    716.924    34.8676    34.8688     6.5874    1475.79    27.7474    27.7483 0.0000e+00
    724.000     3.3908     3.3903   3.222607   3.222659     2.2878    -0.3882     0.3731    34.8674 9.1947e+02    715.936    34.8675    34.8686     6.5874    1475.78    27.7472    27.7481 0.0000e+00
    723.000     3.3911     3.3908   3.222592   3.222668     2.2879    -0.3622     0.3698    34.8674 9.1734e+02    714.949    34.8675    34.8687     6.5868    1475.77    27.7471    27.7482 0.0000e+00
    722.000     3.3918     3.3918   3.222642   3.222723     2.2878    -0.3811     0.3709    34.8677 9.1493e+02    713.962    34.8678    34.8688     6.5854    1475.75    27.7473    27.7481 0.0000e+00
    721.000     3.3921     3.3921   3.222614   3.222712     2.2883    -0.4130     0.3729    34.8677 9.1560e+02    712.975    34.8678    34.8689     6.5865    1475.74    27.7473    27.7482 0.0000e+00
    720.000     3.3921     3.3920   3.222572   3.222667     2.2881    -0.3913     0.3729    34.8678 9.1909e+02    711.988    34.8678    34.8690     6.5848    1475.72    27.7473    27.7482 0.0000e+00
    719.000     3.3921     3.3919   3.222533   3.222605     2.2886    -0.3920     0.3726    34.8677 9.2803e+02    711.001    34.8678    34.8689     6.5857    1475.70    27.7472    27.7482 0.0000e+00
    718.000     3.3921     3.3919   3.222482   3.222560     2.2887    -0.3901     0.3711    34.8677 9.3416e+02    710.013    34.8678    34.8689     6.5853    1475.69    27.7472    27.7482 0.0000e+00
