Ship_data/Irminger/Irminger-5/ctd/process/ar30-03002b.ros
* Sea-Bird SBE 9 Data File:
* FileName = D:\Data\ar30-03002b.hdr
* Software Version Seasave V 7.23.2
* Temperature SN = 4230
* Conductivity SN = 2148
* Number of Bytes Per Scan = 44
* Number of Voltage Words = 5
* Number of Scans Averaged by the Deck Unit = 1
* NMEA Latitude = 62 30.13 N
* NMEA Longitude = 029 47.90 W
* NMEA UTC (Time) = Jun 06 2018  14:12:41
** Cruise ID: ar30-03
** Chief Sci: Macdonald
** Station #: 002b
** Site ID: Irminger 5 release test - upcast from 786
# nquan = 13
# nvalues = 343                                   
# units = specified
# name 0 = prDM: Pressure, Digiquartz [db]
# name 1 = t090C: Temperature [ITS-90, deg C]
# name 2 = t190C: Temperature, 2 [ITS-90, deg C]
# name 3 = c0S/m: Conductivity [S/m]
# name 4 = c1S/m: Conductivity, 2 [S/m]
# name 5 = sbeox0V: Oxygen raw, SBE 43 [V]
# name 6 = flECO-AFL: Fluorescence, WET Labs ECO-AFL/FL [mg/m^3]
# name 7 = turbWETntu0: Turbidity, WET Labs ECO [NTU]
# name 8 = sal00: Salinity, Practical [PSU]
# name 9 = spar: SPAR/Surface Irradiance
# name 10 = scan: Scan Count
# name 11 = nbf: Bottles Fired
# name 12 = flag:  0.000e+00
# interval = seconds: 0.0416667
# start_time = Jun 06 2018 14:12:41 [System UTC, first data scan.]
# bad_flag = -9.990e-29
*END*
[from data line 223]
     14.226     7.2913     7.2918   3.553690   3.553739     2.8143     4.5293     0.6120    34.9744 8.4496e+02      32201          5  0.000e+00
     14.226     7.2915     7.2919   3.553690   3.553715     2.8143     4.5293     0.6120    34.9742 8.4496e+02      32202          5  0.000e+00
     14.162     7.2915     7.2918   3.553703   3.553745     2.8143     4.5293     0.6120    34.9744 8.4496e+02      32203          5  0.000e+00
     14.226     7.2914     7.2919   3.553703   3.553745     2.8143     4.5293     0.6120    34.9745 8.4496e+02      32204          5  0.000e+00
     14.098     7.2915     7.2921   3.553684   3.553807     2.8131     4.5293     0.6120    34.9742 8.4496e+02      32205          5  0.000e+00
     14.162     7.2913     7.2923   3.553690   3.553745     2.8131     4.5293     0.6120    34.9744 8.4496e+02      32206          5  0.000e+00
     14.162     7.2914     7.2923   3.553703   3.553782     2.8131     4.5293     0.6120    34.9745 8.4496e+02      32207          5  0.000e+00
     14.106     7.2911     7.2921   3.553684   3.553782     2.8131     4.5293     0.6120    34.9746 8.4720e+02      32208          5  0.000e+00
     14.162     7.2912     7.2923   3.553671   3.553782     2.8131     4.5879     0.6071    34.9744 8.4496e+02      32209          5  0.000e+00
     14.050     7.2911     7.2919   3.553671   3.553739     2.8131     4.6269     0.6022    34.9745 8.4496e+02      32210          5  0.000e+00
     14.106     7.2909     7.2920   3.553671   3.553782     2.8143     4.6269     0.6022    34.9747 8.4496e+02      32211          5  0.000e+00
     14.098     7.2910     7.2916   3.553651   3.553745     2.8131     4.6269     0.6022    34.9744 8.4496e+02      32212          5  0.000e+00
     14.050     7.2909     7.2916   3.553638   3.553684     2.8131     4.6269     0.6022    34.9744 8.4720e+02      32213          5  0.000e+00
     14.042     7.2907     7.2915   3.553638   3.553739     2.8131     4.6269     0.6022    34.9746 8.4720e+02      32214          5  0.000e+00
     14.050     7.2908     7.2915   3.553658   3.553684     2.8143     4.6269     0.6022    34.9746 8.4720e+02      32215          5  0.000e+00
     14.042     7.2907     7.2915   3.553651   3.553684     2.8131     4.6269     0.6022    34.9747 8.4496e+02      32216          5  0.000e+00
     13.986     7.2910     7.2913   3.553684   3.553684     2.8131     4.6269     0.6022    34.9748 8.4720e+02      32217          5  0.000e+00
     13.986     7.2914     7.2910   3.553684   3.553708     2.8131     4.6269     0.6022    34.9744 8.4720e+02      32218          5  0.000e+00
     14.050     7.2915     7.2911   3.553671   3.553653     2.8131     4.6269     0.6022    34.9741 8.4496e+02      32219          5  0.000e+00
     13.922     7.2914     7.2911   3.553670   3.553653     2.8131     4.6269     0.6022    34.9743 8.4720e+02      32220          5  0.000e+00
     13.986     7.2915     7.2913   3.553670   3.553684     2.8131     4.6269     0.6022    34.9741 8.4720e+02      32221          5  0.000e+00
     13.986     7.2914     7.2915   3.553670   3.553653     2.8131     4.6269     0.6022    34.9742 8.4496e+02      32222          5  0.000e+00
      4.852     7.3051     7.3050   3.554475   3.554507     2.8178     3.8846     0.6608    34.9738 7.4833e+02      34072          6  0.000e+00
      4.908     7.3051     7.3050   3.554475   3.554538     2.8178     3.8846     0.6608    34.9737 7.5057e+02      34073          6  0.000e+00
      4.796     7.3051     7.3050   3.554462   3.554507     2.8166     3.8846     0.6608    34.9737 7.5057e+02      34074          6  0.000e+00
      4.732     7.3050     7.3049   3.554481   3.554507     2.8166     3.8846     0.6608    34.9740 7.5057e+02      34075          6  0.000e+00
      4.796     7.3052     7.3051   3.554475   3.554507     2.8166     3.9627     0.6315    34.9737 7.5057e+02      34076          6  0.000e+00
      4.620     7.3051     7.3053   3.554442   3.554538     2.8166     4.0213     0.6071    34.9735 7.5057e+02      34077          6  0.000e+00
      4.676     7.3052     7.3053   3.554475   3.554507     2.8166     4.0213     0.6022    34.9737 7.5282e+02      34078          6  0.000e+00
      4.676     7.3053     7.3053   3.554514   3.554538     2.8166     4.0213     0.6071    34.9741 7.5282e+02      34079          6  0.000e+00
      4.620     7.3051     7.3053   3.554507   3.554538     2.8166     4.0213     0.6071    34.9743 7.5282e+02      34080          6  0.000e+00
      4.620     7.3053     7.3055   3.554475   3.554507     2.8166     4.0213     0.6071    34.9737 7.5507e+02      34081          6  0.000e+00
      4.500     7.3053     7.3051   3.554507   3.554538     2.8166     4.0213     0.6071    34.9741 7.5507e+02      34082          6  0.000e+00
      4.556     7.3052     7.3051   3.554481   3.554507     2.8166     4.0213     0.6071    34.9739 7.5507e+02      34083          6  0.000e+00
      4.500     7.3053     7.3053   3.554507   3.554476     2.8166     4.0213     0.6071    34.9741 7.5507e+02      34084          6  0.000e+00
      4.444     7.3049     7.3051   3.554481   3.554476     2.8166     4.0213     0.6071    34.9742 7.5507e+02      34085          6  0.000e+00
      4.444     7.3051     7.3051   3.554481   3.554507     2.8166     4.0213     0.6071    34.9740 7.5507e+02      34086          6  0.000e+00
      4.379     7.3051     7.3050   3.554494   3.554538     2.8166     4.0213     0.6071    34.9742 7.5507e+02      34087          6  0.000e+00
      4.379     7.3053     7.3050   3.554494   3.554470     2.8166     4.0213     0.6071    34.9740 7.5731e+02      34088          6  0.000e+00
      4.323     7.3052     7.3051   3.554475   3.554507     2.8166     4.0213     0.6071    34.9739 7.5731e+02      34089          6  0.000e+00
      4.259     7.3051     7.3051   3.554507   3.554476     2.8166     4.0213     0.6071    34.9744 7.5731e+02      34090          6  0.000e+00
      4.259     7.3049     7.3050   3.554507   3.554538     2.8166     4.0213     0.6071    34.9746 7.5956e+02      34091          6  0.000e+00
      4.203     7.3053     7.3050   3.554449   3.554476     2.8166     4.0213     0.6071    34.9736 7.5956e+02      34092          6  0.000e+00
      4.203     7.3054     7.3048   3.554449   3.554538     2.8178     4.0213     0.6071    34.9735 7.5956e+02      34093          6  0.000e+00
      4.147     7.3051     7.3048   3.554462   3.554476     2.8166     4.0213     0.6071    34.9739 7.5956e+02      34094          6  0.000e+00
      4.147     7.3051     7.3050   3.554481   3.554476     2.8166     4.0213     0.6071    34.9742 7.5956e+02      34095          6  0.000e+00
      4.091     7.3053     7.3050   3.554494   3.554476     2.8166     4.0213     0.6071    34.9742 7.5956e+02      34096          6  0.000e+00
      4.027     7.3051     7.3051   3.554475   3.554507     2.8178     4.0213     0.6071    34.9742 7.6181e+02      34097          6  0.000e+00
      4.027     7.3053     7.3049   3.554462   3.554470     2.8178     4.0213     0.6071    34.9739 7.5956e+02      34098          6  0.000e+00
      4.027     7.3051     7.3050   3.554462   3.554445     2.8178     4.0213     0.6071    34.9741 7.6181e+02      34099          6  0.000e+00
      3.907     7.3051     7.3051   3.554462   3.554507     2.8178     4.0213     0.6071    34.9741 7.6181e+02      34100          6  0.000e+00
      3.971     7.3052     7.3051   3.554481   3.554476     2.8178     4.0018     0.6071    34.9741 7.6181e+02      34101          6  0.000e+00
      3.907     7.3053     7.3051   3.554449   3.554507     2.8178     4.0018     0.6071    34.9738 7.6406e+02      34102          6  0.000e+00
      3.851     7.3051     7.3048   3.554455   3.554507     2.8178     4.0018     0.6071    34.9741 7.6406e+02      34103          6  0.000e+00
      3.907     7.3050     7.3050   3.554442   3.554445     2.8166     4.0018     0.6071    34.9740 7.6406e+02      34104          6  0.000e+00
      3.787     7.3049     7.3051   3.554475   3.554476     2.8166     4.0018     0.6071    34.9745 7.6406e+02      34105          6  0.000e+00
      3.787     7.3048     7.3050   3.554448   3.554476     2.8166     4.0018     0.6071    34.9743 7.6630e+02      34106          6  0.000e+00
      3.787     7.3051     7.3048   3.554448   3.554470     2.8178     4.0018     0.6071    34.9740 7.6406e+02      34107          6  0.000e+00
      3.731     7.3048     7.3050   3.554442   3.554476     2.8178     4.0018     0.6071    34.9743 7.6630e+02      34108          6  0.000e+00
      3.731     7.3051     7.3048   3.554448   3.554445     2.8178     4.0018     0.6071    34.9741 7.6630e+02      34109          6  0.000e+00
      3.675     7.3050     7.3050   3.554442   3.554507     2.8178     4.0018     0.6071    34.9741 7.6630e+02      34110          6  0.000e+00
      3.675     7.3051     7.3050   3.554429   3.554445     2.8178     4.0018     0.6071    34.9739 7.6630e+02      34111          6  0.000e+00
      3.675     7.3050     7.3051   3.554429   3.554470     2.8178     4.0018     0.6071    34.9740 7.6630e+02      34112          6  0.000e+00
      3.619     7.3051     7.3048   3.554429   3.554476     2.8178     4.0018     0.6071    34.9739 7.6630e+02      34113          6  0.000e+00
      3.611     7.3051     7.3050   3.554429   3.554445     2.8178     4.0018     0.6071    34.9739 7.6855e+02      34114          6  0.000e+00
      3.611     7.3051     7.3050   3.554448   3.554476     2.8178     4.0018     0.6071    34.9741 7.6630e+02      34115          6  0.000e+00
      3.555     7.3051     7.3048   3.554461   3.554507     2.8178     4.0018     0.6071    34.9742 7.6630e+02      34116          6  0.000e+00
      3.555     7.3050     7.3049   3.554461   3.554507     2.8178     4.0018     0.6071    34.9744 7.6855e+02      34117          6  0.000e+00
      3.555     7.3052     7.3050   3.554416   3.554414     2.8178     4.0018     0.6071    34.9736 7.6855e+02      34118          6  0.000e+00
      3.555     7.3050     7.3048   3.554416   3.554476     2.8178     4.0018     0.6071    34.9739 7.6855e+02      34119          6  0.000e+00
      3.499     7.3051     7.3048   3.554429   3.554445     2.8178     4.0018     0.6071    34.9740 7.6855e+02      34120          6  0.000e+00
      4.911     7.3051     7.3049   3.554494   3.554507     2.8190     4.4511     0.6657    34.9740 7.5282e+02      34264          7  0.000e+00
      4.975     7.3048     7.3050   3.554494   3.554569     2.8190     4.4511     0.6657    34.9742 7.5057e+02      34265          7  0.000e+00
      4.855     7.3051     7.3051   3.554494   3.554476     2.8190     4.4511     0.6657    34.9740 7.5282e+02      34266          7  0.000e+00
      5.031     7.3050     7.3053   3.554475   3.554569     2.8190     4.4511     0.6657    34.9738 7.5057e+02      34267          7  0.000e+00
      4.855     7.3049     7.3053   3.554462   3.554538     2.8190     4.4511     0.6657    34.9738 7.5282e+02      34268          7  0.000e+00
      4.911     7.3050     7.3053   3.554508   3.554538     2.8190     4.4511     0.6657    34.9742 7.5282e+02      34269          7  0.000e+00
      4.975     7.3051     7.3050   3.554481   3.554569     2.8190     4.2753     0.6755    34.9738 7.5057e+02      34270          7  0.000e+00
      4.919     7.3048     7.3053   3.554462   3.554606     2.8190     4.1776     0.6803    34.9739 7.5282e+02      34271          7  0.000e+00
      4.911     7.3051     7.3051   3.554481   3.554538     2.8190     4.1581     0.6803    34.9738 7.5057e+02      34272          7  0.000e+00
      4.855     7.3051     7.3050   3.554449   3.554538     2.8190     4.1776     0.6803    34.9735 7.5057e+02      34273          7  0.000e+00
      4.911     7.3047     7.3051   3.554449   3.554538     2.8190     4.1776     0.6803    34.9738 7.5282e+02      34274          7  0.000e+00
      4.919     7.3046     7.3051   3.554462   3.554507     2.8190     4.1776     0.6803    34.9741 7.5282e+02      34275          7  0.000e+00
      4.855     7.3049     7.3051   3.554462   3.554507     2.8190     4.1776     0.6803    34.9738 7.5282e+02      34276          7  0.000e+00
      4.911     7.3048     7.3053   3.554442   3.554507     2.8190     4.1776     0.6803    34.9737 7.5282e+02      34277          7  0.000e+00
      4.799     7.3047     7.3050   3.554475   3.554538     2.8203     4.1776     0.6803    34.9742 7.5282e+02      34278          7  0.000e+00
      4.855     7.3050     7.3051   3.554475   3.554507     2.8203     4.1776     0.6803    34.9739 7.5282e+02      34279          7  0.000e+00
      4.855     7.3050     7.3051   3.554462   3.554538     2.8190     4.1776     0.6803    34.9737 7.5282e+02      34280          7  0.000e+00
      4.855     7.3051     7.3051   3.554481   3.554538     2.8190     4.1776     0.6803    34.9739 7.5282e+02      34281          7  0.000e+00
      4.799     7.3053     7.3051   3.554494   3.554538     2.8190     4.1776     0.6803    34.9738 7.5282e+02      34282          7  0.000e+00
      4.799     7.3052     7.3049   3.554475   3.554538     2.8190     4.1776     0.6803    34.9737 7.5282e+02      34283          7  0.000e+00
      4.855     7.3051     7.3053   3.554481   3.554507     2.8190     4.1776     0.6803    34.9738 7.5282e+02      34284          7  0.000e+00
      4.735     7.3052     7.3051   3.554475   3.554507     2.8190     4.1776     0.6803    34.9737 7.5282e+02      34285          7  0.000e+00
      4.799     7.3050     7.3053   3.554481   3.554538     2.8190     4.1776     0.6803    34.9740 7.5507e+02      34286          7  0.000e+00
      4.735     7.3052     7.3053   3.554475   3.554538     2.8190     4.1776     0.6803    34.9737 7.5282e+02      34287          7  0.000e+00
      4.735     7.3051     7.3055   3.554507   3.554507     2.8190     4.1776     0.6803    34.9742 7.5507e+02      34288          7  0.000e+00
      4.679     7.3052     7.3053   3.554507   3.554507     2.8190     4.1776     0.6803    34.9741 7.5282e+02      34289          7  0.000e+00
      4.679     7.3051     7.3054   3.554494   3.554507     2.8203     4.1776     0.6803    34.9740 7.5507e+02      34290          7  0.000e+00
      4.679     7.3051     7.3051   3.554494   3.554569     2.8190     4.1776     0.6803    34.9741 7.5507e+02      34291          7  0.000e+00
      4.623     7.3051     7.3053   3.554475   3.554538     2.8190     4.1776     0.6803    34.9739 7.5507e+02      34292          7  0.000e+00
      4.623     7.3049     7.3053   3.554481   3.554507     2.8190     4.1776     0.6803    34.9741 7.5507e+02      34293          7  0.000e+00
      4.623     7.3051     7.3053   3.554494   3.554538     2.8203     4.0409     0.6559    34.9741 7.5507e+02      34294          7  0.000e+00
      4.558     7.3051     7.3051   3.554475   3.554507     2.8190     3.9041     0.6315    34.9739 7.5507e+02      34295          7  0.000e+00
      4.558     7.3050     7.3050   3.554462   3.554476     2.8190     3.8650     0.6266    34.9739 7.5507e+02      34296          7  0.000e+00
      4.502     7.3051     7.3051   3.554442   3.554507     2.8190     3.8846     0.6266    34.9736 7.5507e+02      34297          7  0.000e+00
      4.502     7.3051     7.3051   3.554475   3.554507     2.8190     3.8846     0.6266    34.9739 7.5507e+02      34298          7  0.000e+00
      4.502     7.3051     7.3051   3.554475   3.554507     2.8190     3.8846     0.6315    34.9740 7.5731e+02      34299          7  0.000e+00
      4.502     7.3048     7.3051   3.554462   3.554476     2.8190     3.8846     0.6315    34.9741 7.5731e+02      34300          7  0.000e+00
      4.382     7.3049     7.3050   3.554481   3.554507     2.8190     3.8846     0.6266    34.9742 7.5731e+02      34301          7  0.000e+00
      4.446     7.3051     7.3049   3.554494   3.554507     2.8190     3.8846     0.6315    34.9742 7.5731e+02      34302          7  0.000e+00
