Ship_data/Irminger/Irminger-5/ctd/process/ar30-03019.ros
* Sea-Bird SBE 9 Data File:
* FileName = D:\Data\ar30-03019.hdr
* Software Version Seasave V 7.23.2
* Temperature SN = 4312
* Conductivity SN = 2148
* Number of Bytes Per Scan = 44
* Number of Voltage Words = 5
* Number of Scans Averaged by the Deck Unit = 1
* NMEA Latitude = 59 55.88 N
* NMEA Longitude = 041 18.96 W
* NMEA UTC (Time) = Jun 18 2018  20:06:05
** Cruise ID: ar30-03
** Chief Sci: Macdonald
** Station #: 019
** Site ID: Irminger 5 OSNAP C01
# nquan = 13
# nvalues = 539                                   
# units = specified
# name 0 = prDM: Pressure, Digiquartz [db]
# name 1 = t090C: Temperature [ITS-90, deg C]
# name 2 = t190C: Temperature, 2 [ITS-90, deg C]
# name 3 = c0S/m: Conductivity [S/m]
# name 4 = c1S/m: Conductivity, 2 [S/m]
# name 5 = sbeox0V: Oxygen raw, SBE 43 [V]
# name 6 = flECO-AFL: Fluorescence, WET Labs ECO-AFL/FL [mg/m^3]
# name 7 = turbWETntu0: Turbidity, WET Labs ECO [NTU]
# name 8 = sal00: Salinity, Practical [PSU]
# name 9 = spar: SPAR/Surface Irradiance
# name 10 = scan: Scan Count
# name 11 = nbf: Bottles Fired
# name 12 = flag:  0.000e+00
# interval = seconds: 0.0416667
# start_time = Jun 18 2018 20:06:05 [System UTC, first data scan.]
# bad_flag = -9.990e-29
*END*
[from data line 223]
   1012.952     3.6006     3.6003   3.256536   3.256633     2.1338    -0.3352     0.3726    34.8994 1.6315e+03      89426          5  0.000e+00
   1012.952     3.6003     3.6004   3.256505   3.256633     2.1351    -0.3547     0.3726    34.8993 1.6315e+03      89427          5  0.000e+00
   1013.017     3.6001     3.6003   3.256498   3.256633     2.1338    -0.3352     0.3726    34.8995 1.6315e+03      89428          5  0.000e+00
   1013.017     3.5998     3.6000   3.256473   3.256603     2.1338    -0.3547     0.3726    34.8995 1.6292e+03      89429          5  0.000e+00
   1013.017     3.5996     3.6003   3.256486   3.256603     2.1338    -0.3547     0.3726    34.8998 1.6292e+03      89430          5  0.000e+00
   1013.017     3.5998     3.6006   3.256454   3.256603     2.1338    -0.3352     0.3775    34.8993 1.6292e+03      89431          5  0.000e+00
   1013.074     3.5998     3.6008   3.256454   3.256633     2.1338    -0.3547     0.3726    34.8992 1.6292e+03      89432          5  0.000e+00
   1013.074     3.5998     3.6008   3.256505   3.256633     2.1338    -0.3547     0.3726    34.8998 1.6292e+03      89433          5  0.000e+00
   1013.074     3.6001     3.6008   3.256524   3.256693     2.1338    -0.3547     0.3726    34.8997 1.6292e+03      89434          5  0.000e+00
   1013.140     3.6000     3.6007   3.256542   3.256693     2.1338    -0.3352     0.3726    34.9001 1.6292e+03      89435          5  0.000e+00
   1013.074     3.6003     3.6008   3.256574   3.256663     2.1338    -0.3547     0.3726    34.9002 1.6270e+03      89436          5  0.000e+00
   1013.140     3.6005     3.6004   3.256542   3.256633     2.1338    -0.3352     0.3726    34.8995 1.6270e+03      89437          5  0.000e+00
   1013.197     3.6003     3.6004   3.256542   3.256663     2.1338    -0.3352     0.3726    34.8997 1.6292e+03      89438          5  0.000e+00
   1013.140     3.6005     3.6004   3.256555   3.256604     2.1338    -0.3547     0.3726    34.8997 1.6292e+03      89439          5  0.000e+00
   1013.197     3.6009     3.6004   3.256599   3.256604     2.1338    -0.3547     0.3726    34.8997 1.6270e+03      89440          5  0.000e+00
   1013.197     3.6010     3.6012   3.256574   3.256604     2.1338    -0.3547     0.3726    34.8994 1.6270e+03      89441          5  0.000e+00
   1013.262     3.6007     3.6012   3.256599   3.256693     2.1338    -0.3547     0.3726    34.8999 1.6270e+03      89442          5  0.000e+00
   1013.197     3.6010     3.6012   3.256574   3.256753     2.1338    -0.3547     0.3726    34.8994 1.6247e+03      89443          5  0.000e+00
   1013.319     3.6007     3.6008   3.256574   3.256723     2.1338    -0.3547     0.3726    34.8995 1.6270e+03      89444          5  0.000e+00
   1013.262     3.6006     3.6008   3.256542   3.256663     2.1338    -0.3547     0.3726    34.8993 1.6270e+03      89445          5  0.000e+00
   1013.262     3.6004     3.6008   3.256524   3.256663     2.1338    -0.3547     0.3726    34.8993 1.6270e+03      89446          5  0.000e+00
   1013.319     3.6005     3.6006   3.256486   3.256693     2.1338    -0.3547     0.3726    34.8988 1.6270e+03      89447          5  0.000e+00
    760.206     3.7994     3.7998   3.263700   3.263874     2.1941    -0.3743     0.3775    34.9047 1.6315e+03      98260          6  0.000e+00
    760.271     3.7997     3.7996   3.263712   3.263874     2.1941    -0.3743     0.3775    34.9045 1.6292e+03      98261          6  0.000e+00
    760.206     3.7992     3.7995   3.263725   3.263874     2.1941    -0.3743     0.3775    34.9052 1.6315e+03      98262          6  0.000e+00
    760.327     3.7995     3.7993   3.263719   3.263874     2.1941    -0.3743     0.3775    34.9047 1.6315e+03      98263          6  0.000e+00
    760.206     3.7994     3.7995   3.263719   3.263844     2.1941    -0.3743     0.3775    34.9049 1.6315e+03      98264          6  0.000e+00
    760.263     3.7995     3.7995   3.263744   3.263844     2.1941    -0.3743     0.3775    34.9050 1.6337e+03      98265          6  0.000e+00
    760.271     3.7992     3.7995   3.263750   3.263814     2.1941    -0.3743     0.3775    34.9055 1.6315e+03      98266          6  0.000e+00
    760.206     3.7992     3.7995   3.263706   3.263844     2.1941    -0.3743     0.3726    34.9050 1.6315e+03      98267          6  0.000e+00
    760.271     3.7992     3.7995   3.263712   3.263874     2.1953    -0.3743     0.3726    34.9050 1.6315e+03      98268          6  0.000e+00
    760.263     3.7991     3.7995   3.263675   3.263844     2.1941    -0.3743     0.3726    34.9047 1.6315e+03      98269          6  0.000e+00
    760.271     3.7989     3.7996   3.263675   3.263814     2.1941    -0.3743     0.3726    34.9049 1.6315e+03      98270          6  0.000e+00
    760.263     3.7989     3.7996   3.263687   3.263844     2.1941    -0.3743     0.3726    34.9051 1.6337e+03      98271          6  0.000e+00
    760.206     3.7989     3.7995   3.263693   3.263844     2.1941    -0.3743     0.3726    34.9052 1.6337e+03      98272          6  0.000e+00
    760.328     3.7991     3.7995   3.263649   3.263814     2.1941    -0.3743     0.3726    34.9044 1.6337e+03      98273          6  0.000e+00
    760.271     3.7989     3.7995   3.263675   3.263874     2.1941    -0.3743     0.3726    34.9049 1.6337e+03      98274          6  0.000e+00
    760.263     3.7989     3.7996   3.263668   3.263844     2.1941    -0.3743     0.3726    34.9049 1.6337e+03      98275          6  0.000e+00
    760.149     3.7991     3.7995   3.263662   3.263844     2.1941    -0.3743     0.3726    34.9046 1.6337e+03      98276          6  0.000e+00
    760.328     3.7986     3.7995   3.263656   3.263814     2.1941    -0.3743     0.3726    34.9050 1.6337e+03      98277          6  0.000e+00
    760.328     3.7987     3.7995   3.263643   3.263844     2.1953    -0.3743     0.3726    34.9047 1.6337e+03      98278          6  0.000e+00
    760.263     3.7982     3.7993   3.263612   3.263844     2.1953    -0.3547     0.3726    34.9049 1.6337e+03      98279          6  0.000e+00
    760.271     3.7985     3.7996   3.263599   3.263874     2.1941    -0.3547     0.3726    34.9044 1.6337e+03      98280          6  0.000e+00
    760.328     3.7982     3.7995   3.263605   3.263874     2.1941    -0.3743     0.3726    34.9048 1.6337e+03      98281          6  0.000e+00
    760.263     3.7982     3.7995   3.263643   3.263814     2.1941    -0.3743     0.3726    34.9052 1.6337e+03      98282          6  0.000e+00
    760.271     3.7981     3.7995   3.263643   3.263874     2.1941    -0.3743     0.3726    34.9054 1.6337e+03      98283          6  0.000e+00
    760.328     3.7984     3.7995   3.263631   3.263844     2.1953    -0.3743     0.3726    34.9049 1.6337e+03      98284          6  0.000e+00
    760.271     3.7983     3.7996   3.263612   3.263844     2.1953    -0.3547     0.3726    34.9048 1.6337e+03      98285          6  0.000e+00
    760.328     3.7982     3.7995   3.263605   3.263814     2.1941    -0.3743     0.3726    34.9048 1.6337e+03      98286          6  0.000e+00
    760.328     3.7982     3.7996   3.263580   3.263844     2.1941    -0.3743     0.3726    34.9045 1.6337e+03      98287          6  0.000e+00
    760.328     3.7979     3.7995   3.263593   3.263814     2.1941    -0.3743     0.3726    34.9049 1.6337e+03      98288          6  0.000e+00
    760.271     3.7981     3.7996   3.263599   3.263874     2.1953    -0.3743     0.3726    34.9049 1.6337e+03      98289          6  0.000e+00
    760.328     3.7981     3.7995   3.263605   3.263874     2.1941    -0.3743     0.3775    34.9049 1.6337e+03      98290          6  0.000e+00
    760.328     3.7981     3.7995   3.263624   3.263844     2.1941    -0.3743     0.3775    34.9052 1.6337e+03      98291          6  0.000e+00
    760.328     3.7981     3.7993   3.263586   3.263814     2.1941    -0.3743     0.3824    34.9047 1.6337e+03      98292          6  0.000e+00
    760.328     3.7980     3.7992   3.263586   3.263814     2.1941    -0.3743     0.3775    34.9048 1.6337e+03      98293          6  0.000e+00
    760.385     3.7979     3.7995   3.263599   3.263814     2.1941    -0.3743     0.3775    34.9050 1.6337e+03      98294          6  0.000e+00
    760.328     3.7979     3.7992   3.263580   3.263844     2.1941    -0.3547     0.3775    34.9048 1.6337e+03      98295          6  0.000e+00
    760.328     3.7979     3.7995   3.263593   3.263844     2.1941    -0.3743     0.3775    34.9049 1.6337e+03      98296          6  0.000e+00
    760.393     3.7978     3.7995   3.263624   3.263844     2.1941    -0.3743     0.3775    34.9055 1.6315e+03      98297          6  0.000e+00
    760.385     3.7979     3.7993   3.263612   3.263784     2.1941    -0.3743     0.3775    34.9051 1.6315e+03      98298          6  0.000e+00
    760.328     3.7979     3.7995   3.263605   3.263844     2.1953    -0.3743     0.3775    34.9051 1.6315e+03      98299          6  0.000e+00
    760.328     3.7978     3.7996   3.263580   3.263874     2.1953    -0.3743     0.3775    34.9050 1.6337e+03      98300          6  0.000e+00
    760.442     3.7978     3.7992   3.263568   3.263844     2.1941    -0.3743     0.3775    34.9047 1.6315e+03      98301          6  0.000e+00
    760.393     3.7978     3.7995   3.263593   3.263874     2.1953    -0.3547     0.3775    34.9051 1.6315e+03      98302          6  0.000e+00
    760.385     3.7979     3.7996   3.263580   3.263844     2.1953    -0.3743     0.3775    34.9048 1.6315e+03      98303          6  0.000e+00
    760.450     3.7982     3.7995   3.263574   3.263844     2.1941    -0.3743     0.3775    34.9043 1.6315e+03      98304          6  0.000e+00
    760.385     3.7981     3.7996   3.263618   3.263874     2.1941    -0.3743     0.3775    34.9050 1.6315e+03      98305          6  0.000e+00
    760.450     3.7981     3.7995   3.263637   3.263844     2.1941    -0.3547     0.3775    34.9052 1.6315e+03      98306          6  0.000e+00
    760.385     3.7981     3.7996   3.263631   3.263844     2.1953    -0.3743     0.3775    34.9052 1.6315e+03      98307          6  0.000e+00
    760.450     3.7981     3.7995   3.263631   3.263844     2.1953    -0.3743     0.3775    34.9052 1.6315e+03      98308          6  0.000e+00
    504.562     4.1390     4.1392   3.283283   3.283405     2.2538    -0.3352     0.3824    34.9110 1.6427e+03     107081          7  0.000e+00
    504.384     4.1390     4.1392   3.283308   3.283405     2.2538    -0.3547     0.3873    34.9115 1.6427e+03     107082          7  0.000e+00
    504.448     4.1391     4.1392   3.283308   3.283464     2.2538    -0.3547     0.3922    34.9113 1.6427e+03     107083          7  0.000e+00
    504.683     4.1388     4.1394   3.283314   3.283405     2.2538    -0.3547     0.3922    34.9115 1.6427e+03     107084          7  0.000e+00
    504.626     4.1391     4.1390   3.283327   3.283435     2.2538    -0.3547     0.3922    34.9114 1.6450e+03     107085          7  0.000e+00
    504.448     4.1390     4.1392   3.283302   3.283405     2.2538    -0.3547     0.3922    34.9113 1.6427e+03     107086          7  0.000e+00
    504.449     4.1391     4.1391   3.283277   3.283405     2.2538    -0.3352     0.3922    34.9109 1.6427e+03     107087          7  0.000e+00
    504.384     4.1390     4.1389   3.283283   3.283405     2.2538    -0.3547     0.3922    34.9112 1.6405e+03     107088          7  0.000e+00
    504.384     4.1390     4.1391   3.283276   3.283405     2.2538    -0.3547     0.3922    34.9111 1.6427e+03     107089          7  0.000e+00
    504.384     4.1390     4.1389   3.283264   3.283405     2.2538    -0.3352     0.3922    34.9109 1.6427e+03     107090          7  0.000e+00
    504.327     4.1390     4.1391   3.283283   3.283434     2.2538    -0.3547     0.3922    34.9112 1.6427e+03     107091          7  0.000e+00
    504.327     4.1389     4.1387   3.283258   3.283434     2.2538    -0.3547     0.3922    34.9110 1.6405e+03     107092          7  0.000e+00
    504.263     4.1388     4.1391   3.283276   3.283375     2.2538    -0.3352     0.3922    34.9113 1.6427e+03     107093          7  0.000e+00
    504.263     4.1388     4.1389   3.283258   3.283434     2.2538    -0.3547     0.3922    34.9111 1.6405e+03     107094          7  0.000e+00
    504.206     4.1390     4.1391   3.283257   3.283404     2.2538    -0.3547     0.3922    34.9110 1.6405e+03     107095          7  0.000e+00
    504.263     4.1388     4.1389   3.283283   3.283375     2.2538    -0.3352     0.3922    34.9114 1.6427e+03     107096          7  0.000e+00
    504.150     4.1392     4.1389   3.283257   3.283404     2.2538    -0.3547     0.3922    34.9108 1.6405e+03     107097          7  0.000e+00
    504.206     4.1388     4.1387   3.283276   3.283375     2.2538    -0.3547     0.3922    34.9113 1.6405e+03     107098          7  0.000e+00
    504.142     4.1388     4.1388   3.283251   3.283309     2.2538    -0.3547     0.3922    34.9111 1.6405e+03     107099          7  0.000e+00
    504.085     4.1387     4.1387   3.283257   3.283375     2.2538    -0.3547     0.3922    34.9113 1.6405e+03     107100          7  0.000e+00
    504.150     4.1388     4.1388   3.283226   3.283375     2.2538    -0.3547     0.3922    34.9108 1.6405e+03     107101          7  0.000e+00
    504.029     4.1386     4.1384   3.283245   3.283374     2.2538    -0.3547     0.3922    34.9113 1.6405e+03     107102          7  0.000e+00
    504.085     4.1385     4.1386   3.283201   3.283375     2.2538    -0.3547     0.3922    34.9109 1.6405e+03     107103          7  0.000e+00
    504.085     4.1385     4.1387   3.283220   3.283345     2.2538    -0.3547     0.3922    34.9111 1.6405e+03     107104          7  0.000e+00
    504.029     4.1381     4.1383   3.283220   3.283345     2.2538    -0.3352     0.3922    34.9115 1.6405e+03     107105          7  0.000e+00
    503.964     4.1385     4.1384   3.283226   3.283315     2.2538    -0.3547     0.3922    34.9113 1.6405e+03     107106          7  0.000e+00
    504.029     4.1385     4.1383   3.283220   3.283345     2.2538    -0.3547     0.3873    34.9112 1.6405e+03     107107          7  0.000e+00
    503.964     4.1384     4.1384   3.283207   3.283345     2.2538    -0.3352     0.3824    34.9111 1.6405e+03     107108          7  0.000e+00
    503.964     4.1387     4.1383   3.283226   3.283345     2.2538    -0.3547     0.3824    34.9110 1.6427e+03     107109          7  0.000e+00
    503.964     4.1385     4.1384   3.283257   3.283285     2.2538    -0.3352     0.3824    34.9116 1.6405e+03     107110          7  0.000e+00
    503.964     4.1383     4.1383   3.283245   3.283345     2.2538    -0.3352     0.3824    34.9116 1.6427e+03     107111          7  0.000e+00
    503.908     4.1388     4.1381   3.283251   3.283345     2.2538    -0.3352     0.3824    34.9112 1.6427e+03     107112          7  0.000e+00
    503.964     4.1387     4.1384   3.283283   3.283315     2.2538    -0.3547     0.3873    34.9117 1.6405e+03     107113          7  0.000e+00
    503.908     4.1388     4.1381   3.283276   3.283309     2.2538    -0.3547     0.3824    34.9115 1.6427e+03     107114          7  0.000e+00
    503.908     4.1393     4.1383   3.283283   3.283345     2.2538    -0.3352     0.3824    34.9111 1.6427e+03     107115          7  0.000e+00
    503.908     4.1391     4.1381   3.283314   3.283309     2.2538    -0.3547     0.3873    34.9116 1.6427e+03     107116          7  0.000e+00
    503.908     4.1393     4.1384   3.283327   3.283315     2.2538    -0.3547     0.3824    34.9116 1.6427e+03     107117          7  0.000e+00
    503.908     4.1390     4.1382   3.283283   3.283309     2.2538    -0.3547     0.3873    34.9114 1.6427e+03     107118          7  0.000e+00
    503.908     4.1392     4.1381   3.283308   3.283315     2.2538    -0.3547     0.3873    34.9115 1.6427e+03     107119          7  0.000e+00
