Ship_data/Irminger/Irminger-5/ctd/process/ar30-03011.ros
* Sea-Bird SBE 9 Data File:
* FileName = D:\Data\ar30-03011.hdr
* Software Version Seasave V 7.23.2
* Temperature SN = 4312
* Conductivity SN = 2148
* Number of Bytes Per Scan = 44
* Number of Voltage Words = 5
* Number of Scans Averaged by the Deck Unit = 1
* NMEA Latitude = 59 39.70 N
* NMEA Longitude = 038 37.20 W
* NMEA UTC (Time) = Jun 13 2018  13:11:35
** Cruise ID: ar30-03
** Chief Sci: Macdonald
** Station #: 011
** Site ID: Irminger 5 OSNAP M4
** cast near OSNAP M4 mooring
# nquan = 13
# nvalues = 833                                   
# units = specified
# name 0 = prDM: Pressure, Digiquartz [db]
# name 1 = t090C: Temperature [ITS-90, deg C]
# name 2 = t190C: Temperature, 2 [ITS-90, deg C]
# name 3 = c0S/m: Conductivity [S/m]
# name 4 = c1S/m: Conductivity, 2 [S/m]
# name 5 = sbeox0V: Oxygen raw, SBE 43 [V]
# name 6 = flECO-AFL: Fluorescence, WET Labs ECO-AFL/FL [mg/m^3]
# name 7 = turbWETntu0: Turbidity, WET Labs ECO [NTU]
# name 8 = sal00: Salinity, Practical [PSU]
# name 9 = spar: SPAR/Surface Irradiance
# name 10 = scan: Scan Count
# name 11 = nbf: Bottles Fired
# name 12 = flag:  0.000e+00
# interval = seconds: 0.0416667
# start_time = Jun 13 2018 13:11:35 [System UTC, first data scan.]
# bad_flag = -9.990e-29
*END*
[from data line 223]
   1828.694     3.4161     3.4162   3.276962   3.276992     1.9008    -0.3743     0.3580    34.9304 1.2540e+03     119726          5  0.000e+00
   1828.628     3.4161     3.4163   3.276962   3.276992     1.9008    -0.3743     0.3580    34.9304 1.2540e+03     119727          5  0.000e+00
   1828.661     3.4161     3.4162   3.276962   3.277021     1.9021    -0.3743     0.3629    34.9304 1.2540e+03     119728          5  0.000e+00
   1828.694     3.4161     3.4162   3.276962   3.276962     1.9021    -0.3743     0.3580    34.9304 1.2540e+03     119729          5  0.000e+00
   1828.694     3.4161     3.4162   3.276962   3.276992     1.9021    -0.3743     0.3580    34.9304 1.2562e+03     119730          5  0.000e+00
   1828.694     3.4161     3.4163   3.276962   3.276992     1.9021    -0.3547     0.3580    34.9304 1.2562e+03     119731          5  0.000e+00
   1828.661     3.4161     3.4162   3.276962   3.277021     1.9008    -0.3743     0.3580    34.9304 1.2562e+03     119732          5  0.000e+00
   1828.694     3.4161     3.4162   3.276943   3.277021     1.9021    -0.3743     0.3580    34.9302 1.2584e+03     119733          5  0.000e+00
   1828.694     3.4159     3.4160   3.276950   3.276962     1.9008    -0.3743     0.3580    34.9305 1.2584e+03     119734          5  0.000e+00
   1828.694     3.4159     3.4163   3.276962   3.276992     1.9008    -0.3743     0.3580    34.9306 1.2584e+03     119735          5  0.000e+00
   1828.661     3.4159     3.4160   3.276962   3.276992     1.9008    -0.3743     0.3580    34.9306 1.2607e+03     119736          5  0.000e+00
   1828.694     3.4158     3.4162   3.276943   3.276992     1.9008    -0.3743     0.3580    34.9306 1.2607e+03     119737          5  0.000e+00
   1828.694     3.4161     3.4162   3.276950   3.276962     1.9021    -0.3743     0.3580    34.9303 1.2629e+03     119738          5  0.000e+00
   1828.661     3.4159     3.4162   3.276962   3.276992     1.9021    -0.3743     0.3580    34.9306 1.2629e+03     119739          5  0.000e+00
   1828.628     3.4159     3.4163   3.276943   3.276992     1.9008    -0.3743     0.3580    34.9304 1.2629e+03     119740          5  0.000e+00
   1828.694     3.4159     3.4162   3.276950   3.276962     1.9008    -0.3743     0.3580    34.9305 1.2629e+03     119741          5  0.000e+00
   1828.628     3.4158     3.4164   3.276962   3.276992     1.9008    -0.3547     0.3629    34.9308 1.2652e+03     119742          5  0.000e+00
   1828.661     3.4163     3.4164   3.276962   3.277021     1.9008    -0.3743     0.3580    34.9303 1.2652e+03     119743          5  0.000e+00
   1828.628     3.4163     3.4163   3.276981   3.276992     1.9021    -0.3743     0.3580    34.9305 1.2652e+03     119744          5  0.000e+00
   1828.628     3.4161     3.4162   3.276969   3.276992     1.9021    -0.3743     0.3580    34.9305 1.2674e+03     119745          5  0.000e+00
   1828.570     3.4163     3.4165   3.276962   3.277021     1.9008    -0.3547     0.3580    34.9303 1.2674e+03     119746          5  0.000e+00
   1828.595     3.4161     3.4165   3.276981   3.276992     1.9021    -0.3547     0.3580    34.9307 1.2674e+03     119747          5  0.000e+00
   1519.613     3.5302     3.5303   3.272794   3.272859     1.9945    -0.3743     0.3580    34.9117 1.3596e+03     130143          6  0.000e+00
   1519.613     3.5301     3.5301   3.272806   3.272859     1.9945    -0.3938     0.3580    34.9120 1.3596e+03     130144          6  0.000e+00
   1519.547     3.5301     3.5303   3.272762   3.272859     1.9945    -0.3938     0.3629    34.9115 1.3596e+03     130145          6  0.000e+00
   1519.490     3.5301     3.5305   3.272800   3.272870     1.9945    -0.3938     0.3580    34.9120 1.3596e+03     130146          6  0.000e+00
   1519.547     3.5301     3.5301   3.272787   3.272859     1.9945    -0.3938     0.3580    34.9118 1.3596e+03     130147          6  0.000e+00
   1519.432     3.5301     3.5303   3.272775   3.272888     1.9945    -0.3938     0.3580    34.9117 1.3596e+03     130148          6  0.000e+00
   1519.490     3.5302     3.5304   3.272794   3.272859     1.9945    -0.3938     0.3580    34.9118 1.3596e+03     130149          6  0.000e+00
   1519.424     3.5301     3.5301   3.272806   3.272859     1.9945    -0.3938     0.3580    34.9121 1.3596e+03     130150          6  0.000e+00
   1519.367     3.5302     3.5301   3.272794   3.272870     1.9945    -0.3938     0.3580    34.9118 1.3596e+03     130151          6  0.000e+00
   1519.424     3.5299     3.5299   3.272800   3.272888     1.9945    -0.3938     0.3629    34.9122 1.3573e+03     130152          6  0.000e+00
   1519.301     3.5302     3.5301   3.272787   3.272858     1.9945    -0.3938     0.3580    34.9118 1.3596e+03     130153          6  0.000e+00
   1519.301     3.5301     3.5299   3.272775   3.272829     1.9945    -0.3938     0.3580    34.9118 1.3573e+03     130154          6  0.000e+00
   1519.301     3.5301     3.5300   3.272775   3.272841     1.9945    -0.3938     0.3580    34.9118 1.3596e+03     130155          6  0.000e+00
   1519.301     3.5301     3.5301   3.272768   3.272829     1.9945    -0.3938     0.3580    34.9117 1.3573e+03     130156          6  0.000e+00
   1519.112     3.5302     3.5299   3.272793   3.272829     1.9945    -0.3938     0.3580    34.9120 1.3573e+03     130157          6  0.000e+00
   1519.301     3.5301     3.5300   3.272806   3.272799     1.9945    -0.3938     0.3580    34.9122 1.3573e+03     130158          6  0.000e+00
   1519.244     3.5299     3.5299   3.272787   3.272817     1.9945    -0.3938     0.3580    34.9122 1.3573e+03     130159          6  0.000e+00
   1519.178     3.5301     3.5301   3.272793   3.272858     1.9945    -0.3938     0.3629    34.9121 1.3573e+03     130160          6  0.000e+00
   1519.178     3.5301     3.5300   3.272793   3.272858     1.9945    -0.3938     0.3629    34.9121 1.3573e+03     130161          6  0.000e+00
   1519.120     3.5301     3.5301   3.272781   3.272829     1.9945    -0.3938     0.3629    34.9120 1.3573e+03     130162          6  0.000e+00
   1519.112     3.5301     3.5300   3.272793   3.272858     1.9945    -0.3938     0.3629    34.9121 1.3573e+03     130163          6  0.000e+00
   1519.120     3.5302     3.5299   3.272787   3.272840     1.9945    -0.3938     0.3629    34.9119 1.3573e+03     130164          6  0.000e+00
   1519.112     3.5299     3.5303   3.272775   3.272829     1.9945    -0.3938     0.3629    34.9121 1.3573e+03     130165          6  0.000e+00
   1519.055     3.5301     3.5301   3.272781   3.272829     1.9945    -0.3938     0.3629    34.9120 1.3573e+03     130166          6  0.000e+00
   1519.121     3.5301     3.5301   3.272756   3.272829     1.9945    -0.3938     0.3629    34.9117 1.3573e+03     130167          6  0.000e+00
   1519.055     3.5299     3.5303   3.272762   3.272870     1.9945    -0.3743     0.3629    34.9119 1.3573e+03     130168          6  0.000e+00
   1519.055     3.5299     3.5302   3.272793   3.272829     1.9945    -0.3743     0.3629    34.9123 1.3573e+03     130169          6  0.000e+00
   1519.055     3.5301     3.5301   3.272762   3.272858     1.9945    -0.3938     0.3629    34.9118 1.3573e+03     130170          6  0.000e+00
   1518.997     3.5299     3.5302   3.272756   3.272858     1.9945    -0.3938     0.3629    34.9119 1.3573e+03     130171          6  0.000e+00
   1519.055     3.5301     3.5301   3.272793   3.272829     1.9945    -0.3938     0.3629    34.9122 1.3573e+03     130172          6  0.000e+00
   1519.055     3.5301     3.5300   3.272737   3.272840     1.9945    -0.3938     0.3629    34.9115 1.3596e+03     130173          6  0.000e+00
   1519.055     3.5298     3.5302   3.272756   3.272858     1.9945    -0.3938     0.3629    34.9120 1.3573e+03     130174          6  0.000e+00
   1519.055     3.5298     3.5303   3.272774   3.272829     1.9945    -0.3938     0.3629    34.9123 1.3573e+03     130175          6  0.000e+00
   1518.997     3.5301     3.5302   3.272781   3.272829     1.9945    -0.3938     0.3629    34.9120 1.3573e+03     130176          6  0.000e+00
   1519.055     3.5298     3.5301   3.272781   3.272817     1.9945    -0.3938     0.3629    34.9123 1.3573e+03     130177          6  0.000e+00
   1519.112     3.5299     3.5301   3.272756   3.272858     1.9945    -0.3938     0.3629    34.9118 1.3596e+03     130178          6  0.000e+00
   1519.055     3.5299     3.5302   3.272787   3.272858     1.9945    -0.3938     0.3629    34.9122 1.3596e+03     130179          6  0.000e+00
   1519.055     3.5299     3.5300   3.272762   3.272858     1.9945    -0.3743     0.3629    34.9119 1.3596e+03     130180          6  0.000e+00
   1519.055     3.5299     3.5302   3.272756   3.272840     1.9945    -0.3938     0.3629    34.9119 1.3596e+03     130181          6  0.000e+00
   1519.121     3.5299     3.5298   3.272749   3.272858     1.9945    -0.3938     0.3629    34.9118 1.3596e+03     130182          6  0.000e+00
   1519.178     3.5298     3.5300   3.272762   3.272829     1.9945    -0.3938     0.3629    34.9121 1.3596e+03     130183          6  0.000e+00
   1519.055     3.5298     3.5301   3.272774   3.272829     1.9945    -0.3938     0.3629    34.9123 1.3596e+03     130184          6  0.000e+00
   1519.121     3.5294     3.5300   3.272775   3.272829     1.9945    -0.3938     0.3580    34.9126 1.3596e+03     130185          6  0.000e+00
   1519.178     3.5296     3.5299   3.272781   3.272841     1.9945    -0.3938     0.3580    34.9124 1.3596e+03     130186          6  0.000e+00
   1519.178     3.5298     3.5300   3.272730   3.272829     1.9945    -0.3938     0.3580    34.9117 1.3596e+03     130187          6  0.000e+00
   1519.178     3.5294     3.5300   3.272756   3.272829     1.9945    -0.3938     0.3580    34.9123 1.3618e+03     130188          6  0.000e+00
   1519.244     3.5299     3.5299   3.272730   3.272829     1.9945    -0.3938     0.3580    34.9115 1.3618e+03     130189          6  0.000e+00
   1519.178     3.5294     3.5298   3.272711   3.272817     1.9945    -0.3938     0.3580    34.9118 1.3618e+03     130190          6  0.000e+00
   1519.302     3.5296     3.5299   3.272724   3.272858     1.9945    -0.3938     0.3580    34.9117 1.3641e+03     130191          6  0.000e+00
   1216.026     3.4560     3.4550   3.251004   3.250968     2.1131    -0.3743     0.3629    34.8831 1.4517e+03     140492          7  0.000e+00
   1215.986     3.4560     3.4550   3.251004   3.250974     2.1131    -0.3547     0.3629    34.8831 1.4517e+03     140493          7  0.000e+00
   1216.329     3.4558     3.4550   3.250979   3.250938     2.1131    -0.3547     0.3629    34.8828 1.4517e+03     140494          7  0.000e+00
   1215.348     3.4558     3.4549   3.250985   3.250968     2.1131    -0.3743     0.3629    34.8834 1.4517e+03     140495          7  0.000e+00
   1215.986     3.4560     3.4549   3.250973   3.250974     2.1131    -0.3743     0.3629    34.8827 1.4517e+03     140496          7  0.000e+00
   1215.961     3.4558     3.4547   3.251004   3.250938     2.1131    -0.3743     0.3629    34.8833 1.4517e+03     140497          7  0.000e+00
   1215.928     3.4560     3.4550   3.250986   3.250968     2.1131    -0.3743     0.3629    34.8829 1.4517e+03     140498          7  0.000e+00
   1215.904     3.4560     3.4550   3.251004   3.250974     2.1131    -0.3743     0.3629    34.8831 1.4517e+03     140499          7  0.000e+00
   1215.961     3.4558     3.4552   3.251042   3.250998     2.1131    -0.3743     0.3629    34.8837 1.4495e+03     140500          7  0.000e+00
   1215.928     3.4563     3.4554   3.251030   3.250998     2.1131    -0.3743     0.3629    34.8831 1.4517e+03     140501          7  0.000e+00
   1215.904     3.4561     3.4550   3.251004   3.250944     2.1131    -0.3547     0.3629    34.8830 1.4495e+03     140502          7  0.000e+00
   1215.928     3.4563     3.4554   3.251017   3.251028     2.1131    -0.3547     0.3629    34.8829 1.4495e+03     140503          7  0.000e+00
   1215.904     3.4563     3.4557   3.251023   3.251004     2.1131    -0.3743     0.3629    34.8830 1.4495e+03     140504          7  0.000e+00
   1215.904     3.4563     3.4557   3.251067   3.251028     2.1131    -0.3743     0.3629    34.8836 1.4495e+03     140505          7  0.000e+00
   1215.929     3.4565     3.4557   3.251042   3.251057     2.1131    -0.3743     0.3629    34.8831 1.4495e+03     140506          7  0.000e+00
   1215.904     3.4566     3.4560   3.251067   3.251033     2.1131    -0.3547     0.3629    34.8832 1.4495e+03     140507          7  0.000e+00
   1215.863     3.4565     3.4558   3.251086   3.251087     2.1131    -0.3743     0.3629    34.8836 1.4472e+03     140508          7  0.000e+00
   1215.961     3.4566     3.4559   3.251061   3.251057     2.1131    -0.3743     0.3629    34.8831 1.4472e+03     140509          7  0.000e+00
   1215.863     3.4565     3.4560   3.251055   3.251063     2.1131    -0.3743     0.3629    34.8833 1.4472e+03     140510          7  0.000e+00
   1215.904     3.4565     3.4558   3.251036   3.251087     2.1131    -0.3743     0.3629    34.8830 1.4472e+03     140511          7  0.000e+00
   1215.904     3.4565     3.4559   3.251042   3.251057     2.1131    -0.3743     0.3629    34.8831 1.4472e+03     140512          7  0.000e+00
   1215.863     3.4563     3.4559   3.251055   3.251063     2.1131    -0.3743     0.3629    34.8834 1.4472e+03     140513          7  0.000e+00
   1215.904     3.4563     3.4558   3.251048   3.251057     2.1131    -0.3547     0.3629    34.8833 1.4472e+03     140514          7  0.000e+00
   1215.863     3.4565     3.4559   3.251055   3.251063     2.1131    -0.3547     0.3629    34.8833 1.4472e+03     140515          7  0.000e+00
   1215.904     3.4563     3.4558   3.251055   3.251057     2.1131    -0.3547     0.3629    34.8834 1.4472e+03     140516          7  0.000e+00
   1215.904     3.4565     3.4557   3.251055   3.251057     2.1131    -0.3743     0.3629    34.8832 1.4450e+03     140517          7  0.000e+00
   1215.863     3.4565     3.4557   3.251048   3.251063     2.1131    -0.3547     0.3629    34.8832 1.4450e+03     140518          7  0.000e+00
   1215.904     3.4560     3.4555   3.251017   3.250998     2.1131    -0.3547     0.3629    34.8833 1.4472e+03     140519          7  0.000e+00
   1215.863     3.4560     3.4554   3.250998   3.251028     2.1131    -0.3743     0.3629    34.8831 1.4450e+03     140520          7  0.000e+00
   1215.904     3.4560     3.4554   3.250998   3.251004     2.1131    -0.3743     0.3629    34.8831 1.4450e+03     140521          7  0.000e+00
   1215.863     3.4561     3.4552   3.250992   3.250998     2.1131    -0.3743     0.3629    34.8828 1.4427e+03     140522          7  0.000e+00
   1215.839     3.4561     3.4552   3.250998   3.250998     2.1131    -0.3547     0.3629    34.8829 1.4450e+03     140523          7  0.000e+00
   1215.904     3.4561     3.4552   3.250998   3.251033     2.1131    -0.3743     0.3629    34.8829 1.4427e+03     140524          7  0.000e+00
   1215.863     3.4558     3.4554   3.251011   3.250998     2.1131    -0.3743     0.3629    34.8834 1.4405e+03     140525          7  0.000e+00
   1215.904     3.4561     3.4550   3.251017   3.250974     2.1131    -0.3743     0.3629    34.8831 1.4427e+03     140526          7  0.000e+00
   1215.929     3.4560     3.4550   3.251004   3.250998     2.1131    -0.3743     0.3629    34.8831 1.4427e+03     140527          7  0.000e+00
   1215.839     3.4558     3.4550   3.250998   3.250968     2.1131    -0.3743     0.3629    34.8833 1.4427e+03     140528          7  0.000e+00
   1215.904     3.4560     3.4552   3.250998   3.250974     2.1131    -0.3938     0.3629    34.8831 1.4405e+03     140529          7  0.000e+00
   1215.863     3.4560     3.4550   3.251011   3.250938     2.1131    -0.3938     0.3629    34.8832 1.4382e+03     140530          7  0.000e+00
