Ship_data/Irminger/Irminger-5/ctd/process/ar30-03018.ros
* Sea-Bird SBE 9 Data File:
* FileName = D:\Data\ar30-03018.hdr
* Software Version Seasave V 7.23.2
* Temperature SN = 4312
* Conductivity SN = 2148
* Number of Bytes Per Scan = 44
* Number of Voltage Words = 5
* Number of Scans Averaged by the Deck Unit = 1
* NMEA Latitude = 59 52.87 N
* NMEA Longitude = 040 53.94 W
* NMEA UTC (Time) = Jun 18 2018  16:05:20
** Cruise ID: ar30-03
** Chief Sci: Macdonald
** Station #: 018
** Site ID: Irminger 5 OSNAP C12
** Cast at OSNAP site C12 between M1 and M2 moorings
# nquan = 13
# nvalues = 735                                   
# units = specified
# name 0 = prDM: Pressure, Digiquartz [db]
# name 1 = t090C: Temperature [ITS-90, deg C]
# name 2 = t190C: Temperature, 2 [ITS-90, deg C]
# name 3 = c0S/m: Conductivity [S/m]
# name 4 = c1S/m: Conductivity, 2 [S/m]
# name 5 = sbeox0V: Oxygen raw, SBE 43 [V]
# name 6 = flECO-AFL: Fluorescence, WET Labs ECO-AFL/FL [mg/m^3]
# name 7 = turbWETntu0: Turbidity, WET Labs ECO [NTU]
# name 8 = sal00: Salinity, Practical [PSU]
# name 9 = spar: SPAR/Surface Irradiance
# name 10 = scan: Scan Count
# name 11 = nbf: Bottles Fired
# name 12 = flag:  0.000e+00
# interval = seconds: 0.0416667
# start_time = Jun 18 2018 16:05:20 [System UTC, first data scan.]
# bad_flag = -9.990e-29
*END*
[from data line 445]
    101.506     5.2744     5.2752   3.367802   3.368021     2.4952    -0.1203     0.4264    34.9159 7.8653e+02     150091         10  0.000e+00
    101.506     5.2744     5.2750   3.367827   3.367997     2.4952    -0.1398     0.4264    34.9162 7.8653e+02     150092         10  0.000e+00
    101.506     5.2744     5.2750   3.367833   3.368027     2.4952    -0.1203     0.4264    34.9163 7.8653e+02     150093         10  0.000e+00
    101.562     5.2745     5.2750   3.367833   3.368027     2.4952    -0.1203     0.4264    34.9161 7.8653e+02     150094         10  0.000e+00
    101.450     5.2747     5.2749   3.367821   3.367997     2.4952    -0.1203     0.4264    34.9159 7.8653e+02     150095         10  0.000e+00
    101.506     5.2747     5.2748   3.367827   3.367961     2.4952    -0.1203     0.4264    34.9159 7.8653e+02     150096         10  0.000e+00
    101.506     5.2749     5.2747   3.367814   3.367997     2.4952    -0.1203     0.4264    34.9156 7.8653e+02     150097         10  0.000e+00
    101.506     5.2748     5.2747   3.367872   3.367967     2.4940    -0.1203     0.4264    34.9163 7.8653e+02     150098         10  0.000e+00
    101.330     5.2752     5.2749   3.367884   3.367997     2.4940    -0.1203     0.4264    34.9161 7.8653e+02     150099         10  0.000e+00
    101.675     5.2750     5.2747   3.367872   3.367967     2.4940    -0.1203     0.4264    34.9160 7.8428e+02     150100         10  0.000e+00
    101.450     5.2750     5.2747   3.367865   3.367967     2.4940    -0.1203     0.4264    34.9160 7.8428e+02     150101         10  0.000e+00
    101.506     5.2751     5.2745   3.367846   3.367991     2.4940    -0.1203     0.4264    34.9157 7.8653e+02     150102         10  0.000e+00
    101.450     5.2753     5.2745   3.367910   3.367967     2.4940    -0.1203     0.4264    34.9162 7.8653e+02     150103         10  0.000e+00
    101.450     5.2755     5.2744   3.367910   3.367936     2.4940    -0.1203     0.4264    34.9160 7.8653e+02     150104         10  0.000e+00
    101.442     5.2757     5.2747   3.367878   3.367967     2.4940    -0.1203     0.4264    34.9155 7.8653e+02     150105         10  0.000e+00
    101.386     5.2751     5.2744   3.367865   3.367936     2.4940    -0.1203     0.4264    34.9159 7.8428e+02     150106         10  0.000e+00
    101.386     5.2755     5.2744   3.367872   3.367900     2.4940    -0.1203     0.4264    34.9156 7.8428e+02     150107         10  0.000e+00
    101.450     5.2755     5.2742   3.367872   3.367906     2.4940    -0.1203     0.4264    34.9156 7.8428e+02     150108         10  0.000e+00
    101.386     5.2755     5.2742   3.367884   3.367967     2.4940    -0.1203     0.4264    34.9158 7.8428e+02     150109         10  0.000e+00
    101.153     5.2755     5.2742   3.367878   3.367936     2.4940    -0.1203     0.4264    34.9158 7.8428e+02     150110         10  0.000e+00
    101.562     5.2757     5.2740   3.367916   3.367937     2.4940    -0.1203     0.4264    34.9159 7.8428e+02     150111         10  0.000e+00
    101.330     5.2757     5.2739   3.367910   3.367906     2.4940    -0.1203     0.4264    34.9159 7.8428e+02     150112         10  0.000e+00
    101.330     5.2757     5.2739   3.367897   3.367900     2.4940    -0.1203     0.4264    34.9158 7.8428e+02     150113         10  0.000e+00
    101.330     5.2757     5.2739   3.367916   3.367876     2.4940    -0.1398     0.4264    34.9160 7.8428e+02     150114         10  0.000e+00
    101.273     5.2755     5.2739   3.367891   3.367876     2.4940    -0.1398     0.4264    34.9159 7.8428e+02     150115         10  0.000e+00
    101.265     5.2755     5.2739   3.367891   3.367876     2.4940    -0.1203     0.4264    34.9159 7.8428e+02     150116         10  0.000e+00
    101.273     5.2753     5.2742   3.367916   3.367846     2.4940    -0.1203     0.4264    34.9164 7.8428e+02     150117         10  0.000e+00
    101.273     5.2757     5.2740   3.367884   3.367900     2.4940    -0.1203     0.4264    34.9157 7.8428e+02     150118         10  0.000e+00
    101.209     5.2755     5.2739   3.367872   3.367876     2.4940    -0.1203     0.4264    34.9157 7.8428e+02     150119         10  0.000e+00
    101.209     5.2755     5.2740   3.367872   3.367846     2.4928    -0.1203     0.4264    34.9157 7.8428e+02     150120         10  0.000e+00
    101.153     5.2753     5.2739   3.367865   3.367876     2.4940    -0.1203     0.4264    34.9158 7.8428e+02     150121         10  0.000e+00
    101.145     5.2753     5.2739   3.367846   3.367816     2.4940    -0.1203     0.4264    34.9156 7.8428e+02     150122         10  0.000e+00
    101.209     5.2753     5.2740   3.367865   3.367930     2.4928    -0.1203     0.4264    34.9159 7.8428e+02     150123         10  0.000e+00
    101.097     5.2753     5.2737   3.367872   3.367876     2.4940    -0.1203     0.4264    34.9159 7.8428e+02     150124         10  0.000e+00
    101.153     5.2752     5.2740   3.367846   3.367906     2.4940    -0.1203     0.4264    34.9158 7.8428e+02     150125         10  0.000e+00
    101.097     5.2752     5.2739   3.367833   3.367876     2.4940    -0.1203     0.4264    34.9157 7.8428e+02     150126         10  0.000e+00
    101.025     5.2750     5.2739   3.367840   3.367846     2.4928    -0.1398     0.4264    34.9160 7.8203e+02     150127         10  0.000e+00
    101.097     5.2752     5.2737   3.367840   3.367876     2.4928    -0.1203     0.4264    34.9157 7.8428e+02     150128         10  0.000e+00
    101.033     5.2749     5.2741   3.367833   3.367840     2.4928    -0.1203     0.4264    34.9160 7.8428e+02     150129         10  0.000e+00
    100.977     5.2752     5.2742   3.367833   3.367876     2.4928    -0.1203     0.4264    34.9157 7.8428e+02     150130         10  0.000e+00
    101.033     5.2751     5.2740   3.367865   3.367846     2.4940    -0.1203     0.4264    34.9161 7.8428e+02     150131         10  0.000e+00
    100.977     5.2752     5.2742   3.367846   3.367876     2.4928    -0.1203     0.4264    34.9159 7.8428e+02     150132         10  0.000e+00
    100.969     5.2752     5.2740   3.367833   3.367906     2.4928    -0.1203     0.4264    34.9157 7.8428e+02     150133         10  0.000e+00
    100.912     5.2752     5.2742   3.367852   3.367870     2.4928    -0.1203     0.4264    34.9160 7.8428e+02     150134         10  0.000e+00
    100.912     5.2755     5.2744   3.367871   3.367906     2.4928    -0.1203     0.4264    34.9159 7.8428e+02     150135         10  0.000e+00
     75.990     5.4416     5.4392   3.381874   3.381833     2.5226     0.0555     0.4215    34.9168 8.3597e+02     153143         11  0.000e+00
     75.982     5.4416     5.4392   3.381868   3.381833     2.5226     0.0555     0.4215    34.9167 8.3597e+02     153144         11  0.000e+00
     75.990     5.4414     5.4393   3.381900   3.381773     2.5226     0.0751     0.4215    34.9173 8.3597e+02     153145         11  0.000e+00
     75.990     5.4415     5.4394   3.381874   3.381833     2.5225     0.0751     0.4215    34.9169 8.3372e+02     153146         11  0.000e+00
     75.982     5.4414     5.4395   3.381881   3.381803     2.5225     0.0751     0.4215    34.9170 8.3597e+02     153147         11  0.000e+00
     75.990     5.4414     5.4397   3.381887   3.381809     2.5225     0.0751     0.4215    34.9171 8.3597e+02     153148         11  0.000e+00
     76.054     5.4419     5.4399   3.381881   3.381900     2.5225     0.0751     0.4215    34.9165 8.3597e+02     153149         11  0.000e+00
     75.982     5.4415     5.4398   3.381906   3.381900     2.5225     0.0751     0.4215    34.9173 8.3372e+02     153150         11  0.000e+00
     75.990     5.4417     5.4402   3.381912   3.381833     2.5225     0.0751     0.4215    34.9171 8.3597e+02     153151         11  0.000e+00
     75.934     5.4416     5.4402   3.381900   3.381864     2.5225     0.0751     0.4215    34.9171 8.3372e+02     153152         11  0.000e+00
     75.982     5.4416     5.4400   3.381906   3.381876     2.5225     0.0751     0.4215    34.9171 8.3372e+02     153153         11  0.000e+00
     75.934     5.4419     5.4399   3.381938   3.381900     2.5225     0.0751     0.4215    34.9172 8.3372e+02     153154         11  0.000e+00
     75.990     5.4422     5.4399   3.381951   3.381900     2.5225     0.0946     0.4264    34.9170 8.3372e+02     153155         11  0.000e+00
     75.982     5.4422     5.4400   3.381925   3.381833     2.5225     0.0946     0.4264    34.9167 8.3372e+02     153156         11  0.000e+00
     75.934     5.4424     5.4400   3.381938   3.381900     2.5225     0.0946     0.4264    34.9167 8.3597e+02     153157         11  0.000e+00
     75.934     5.4422     5.4404   3.381900   3.381876     2.5225     0.0946     0.4264    34.9164 8.3372e+02     153158         11  0.000e+00
     75.926     5.4421     5.4403   3.381932   3.381900     2.5225     0.0946     0.4264    34.9170 8.3372e+02     153159         11  0.000e+00
     75.934     5.4419     5.4406   3.381900   3.381900     2.5225     0.0946     0.4264    34.9168 8.3597e+02     153160         11  0.000e+00
     75.934     5.4421     5.4406   3.381881   3.381900     2.5225     0.0946     0.4264    34.9164 8.3372e+02     153161         11  0.000e+00
     75.926     5.4419     5.4403   3.381887   3.381930     2.5225     0.0946     0.4264    34.9166 8.3597e+02     153162         11  0.000e+00
     75.878     5.4419     5.4404   3.381906   3.381876     2.5225     0.0946     0.4264    34.9169 8.3597e+02     153163         11  0.000e+00
     75.934     5.4419     5.4404   3.381912   3.381991     2.5225     0.0946     0.4264    34.9169 8.3597e+02     153164         11  0.000e+00
     75.862     5.4419     5.4407   3.381938   3.381930     2.5225     0.0946     0.4264    34.9172 8.3372e+02     153165         11  0.000e+00
     75.878     5.4422     5.4407   3.381925   3.381930     2.5225     0.0946     0.4264    34.9168 8.3597e+02     153166         11  0.000e+00
     75.878     5.4423     5.4407   3.381938   3.381900     2.5225     0.0946     0.4264    34.9169 8.3597e+02     153167         11  0.000e+00
     75.926     5.4424     5.4408   3.381925   3.381997     2.5225     0.0946     0.4264    34.9166 8.3597e+02     153168         11  0.000e+00
     75.813     5.4425     5.4407   3.381938   3.381960     2.5225     0.0946     0.4264    34.9166 8.3597e+02     153169         11  0.000e+00
     75.878     5.4425     5.4407   3.381951   3.381991     2.5225     0.0946     0.4264    34.9167 8.3821e+02     153170         11  0.000e+00
     75.861     5.4423     5.4410   3.381925   3.381991     2.5225     0.0946     0.4264    34.9167 8.3597e+02     153171         11  0.000e+00
     75.878     5.4424     5.4414   3.381964   3.381960     2.5225     0.0946     0.4264    34.9170 8.3597e+02     153172         11  0.000e+00
     75.813     5.4425     5.4415   3.381983   3.381991     2.5225     0.0946     0.4264    34.9171 8.3597e+02     153173         11  0.000e+00
     75.861     5.4429     5.4414   3.381995   3.381966     2.5225     0.0946     0.4264    34.9169 8.3597e+02     153174         11  0.000e+00
     75.813     5.4435     5.4415   3.382079   3.381991     2.5225     0.0946     0.4264    34.9172 8.3821e+02     153175         11  0.000e+00
     75.813     5.4439     5.4411   3.382079   3.381960     2.5225     0.0946     0.4264    34.9168 8.3821e+02     153176         11  0.000e+00
     75.805     5.4437     5.4415   3.382047   3.381960     2.5225     0.0946     0.4264    34.9167 8.3821e+02     153177         11  0.000e+00
     75.813     5.4437     5.4415   3.382059   3.381991     2.5225     0.0751     0.4264    34.9168 8.4046e+02     153178         11  0.000e+00
     75.813     5.4439     5.4416   3.382047   3.382027     2.5225     0.0360     0.4215    34.9165 8.3821e+02     153179         11  0.000e+00
     75.805     5.4435     5.4414   3.382059   3.381991     2.5225     0.0164     0.4215    34.9170 8.3821e+02     153180         11  0.000e+00
     75.813     5.4436     5.4412   3.382021   3.381991     2.5225     0.0164     0.4215    34.9165 8.3821e+02     153181         11  0.000e+00
     75.757     5.4437     5.4413   3.382053   3.382021     2.5225     0.0164     0.4215    34.9168 8.3821e+02     153182         11  0.000e+00
     75.805     5.4437     5.4414   3.382072   3.381991     2.5225     0.0164     0.4215    34.9170 8.4046e+02     153183         11  0.000e+00
     75.757     5.4439     5.4412   3.382047   3.381936     2.5225     0.0164     0.4215    34.9165 8.4046e+02     153184         11  0.000e+00
     75.813     5.4437     5.4411   3.382059   3.381960     2.5225     0.0164     0.4215    34.9168 8.4046e+02     153185         11  0.000e+00
     75.749     5.4440     5.4414   3.382091   3.381960     2.5225     0.0164     0.4215    34.9169 8.4046e+02     153186         11  0.000e+00
     75.813     5.4439     5.4409   3.382079   3.382021     2.5225     0.0164     0.4215    34.9168 8.4046e+02     153187         11  0.000e+00
     75.701     5.4440     5.4408   3.382072   3.381960     2.5225     0.0164     0.4215    34.9167 8.4271e+02     153188         11  0.000e+00
     75.805     5.4443     5.4407   3.382110   3.381936     2.5225     0.0164     0.4215    34.9167 8.4046e+02     153189         11  0.000e+00
     75.757     5.4442     5.4406   3.382110   3.381960     2.5225     0.0164     0.4215    34.9169 8.4271e+02     153190         11  0.000e+00
     75.757     5.4442     5.4405   3.382123   3.381900     2.5225     0.0164     0.4215    34.9171 8.4496e+02     153191         11  0.000e+00
     50.122     5.6241     5.6244   3.396327   3.396485     2.5695     0.2509     0.4264    34.9059 7.6630e+02     155886         12  0.000e+00
     49.946     5.6243     5.6249   3.396353   3.396449     2.5707     0.2509     0.4264    34.9062 7.6855e+02     155887         12  0.000e+00
     50.066     5.6243     5.6249   3.396372   3.396515     2.5695     0.2509     0.4264    34.9063 7.6855e+02     155888         12  0.000e+00
     50.122     5.6245     5.6247   3.396327   3.396479     2.5695     0.2509     0.4264    34.9056 7.6855e+02     155889         12  0.000e+00
     50.010     5.6247     5.6247   3.396327   3.396515     2.5695     0.2509     0.4264    34.9055 7.6855e+02     155890         12  0.000e+00
     49.978     5.6247     5.6251   3.396359   3.396546     2.5695     0.2509     0.4264    34.9058 7.7080e+02     155891         12  0.000e+00
     49.946     5.6247     5.6249   3.396327   3.396540     2.5695     0.2118     0.4313    34.9055 7.7080e+02     155892         12  0.000e+00
     49.946     5.6248     5.6253   3.396353   3.396546     2.5695     0.2118     0.4313    34.9056 7.7080e+02     155893         12  0.000e+00
     49.946     5.6247     5.6253   3.396372   3.396540     2.5695     0.2118     0.4313    34.9060 7.7080e+02     155894         12  0.000e+00
     49.946     5.6246     5.6252   3.396372   3.396515     2.5695     0.2118     0.4361    34.9061 7.7080e+02     155895         12  0.000e+00
     49.890     5.6245     5.6253   3.396353   3.396509     2.5695     0.2118     0.4313    34.9060 7.7080e+02     155896         12  0.000e+00
     49.890     5.6243     5.6253   3.396359   3.396576     2.5695     0.2118     0.4313    34.9063 7.7304e+02     155897         12  0.000e+00
     49.890     5.6243     5.6253   3.396327   3.396546     2.5695     0.2118     0.4313    34.9059 7.7304e+02     155898         12  0.000e+00
     49.802     5.6245     5.6257   3.396353   3.396570     2.5695     0.2118     0.4313    34.9061 7.7304e+02     155899         12  0.000e+00
     49.890     5.6243     5.6258   3.396353   3.396606     2.5695     0.2118     0.4313    34.9062 7.7304e+02     155900         12  0.000e+00
     49.826     5.6245     5.6258   3.396359   3.396600     2.5695     0.2118     0.4313    34.9061 7.7304e+02     155901         12  0.000e+00
