Ship_data/Irminger/Irminger-5/ctd/process/ar30-03015.cnv
* Sea-Bird SBE 9 Data File:
* FileName = D:\Data\ar30-03015.hdr
* Software Version Seasave V 7.23.2
* Temperature SN = 4312
* Conductivity SN = 2148
* Number of Bytes Per Scan = 44
* Number of Voltage Words = 5
* Number of Scans Averaged by the Deck Unit = 1
* NMEA Latitude = 59 43.05 N
* NMEA Longitude = 039 20.31 W
* NMEA UTC (Time) = Jun 16 2018  13:54:45
** Cruise ID: ar30-03
** Chief Sci: Macdonald
** Station #: 015
** Site ID: Irminger 5 FLMB
** Redo of ctd cast at FLMB. 3 releases being tested.
# nquan = 18
# nvalues = 5685                        
# units = specified
# name 0 = prDM: Pressure, Digiquartz [db]
# name 1 = t090C: Temperature [ITS-90, deg C]
# name 2 = t190C: Temperature, 2 [ITS-90, deg C]
# name 3 = c0S/m: Conductivity [S/m]
# name 4 = c1S/m: Conductivity, 2 [S/m]
# name 5 = sbeox0V: Oxygen raw, SBE 43 [V]
# name 6 = flECO-AFL: Fluorescence, WET Labs ECO-AFL/FL [mg/m^3]
# name 7 = turbWETntu0: Turbidity, WET Labs ECO [NTU]
# name 8 = sal00: Salinity, Practical [PSU]
# name 9 = spar: SPAR/Surface Irradiance
# name 10 = depSM: Depth [salt water, m], lat = 59.7175
# name 11 = sal00: Salinity, Practical [PSU]
# name 12 = sal11: Salinity, Practical, 2 [PSU]
# name 13 = sbeox0ML/L: Oxygen, SBE 43 [ml/l], WS = 2
# name 14 = svCM: Sound Velocity [Chen-Millero, m/s]
# name 15 = sigma-é00: Density [sigma-theta, kg/m^3]
# name 16 = sigma-é11: Density, 2 [sigma-theta, kg/m^3]
# name 17 = flag: flag
# span 0 =      4.000,   2846.000       
# span 1 =     1.4053,     6.0422       
# span 2 =     1.4069,     6.0495       
# span 3 =   3.136428,   3.426717       
# span 4 =   3.136518,   3.427495       
# span 5 =     1.7601,     2.8442       
# span 6 =    -0.4148,     1.7262       
# span 7 =     0.3403,     0.6746       
# span 8 =    34.7872,    34.9327       
# span 9 = 1.0892e+03, 2.8428e+03       
# span 10 =      3.962,   2800.297      
# span 11 =    34.7890,    34.9325      
# span 12 =    34.8316,    34.9329      
# span 13 =     5.9018,     7.3450      
# span 14 =    1468.43,    1503.34      
# span 15 =    27.3861,    27.9410      
# span 16 =    27.4233,    27.9406      
# span 17 = 0.0000e+00, 0.0000e+00      
# interval = decibars: 1                
# start_time = Jun 16 2018 13:54:45 [System UTC, first data scan.]
# bad_flag = -9.990e-29
*END*
[from data line 1287]
   1291.000     3.2833     3.2835   3.236583   3.236648     2.1382    -0.3898     0.3548    34.8559 2.2254e+03   1274.902    34.8559    34.8564     6.5168    1484.71    27.7524    27.7528 0.0000e+00
   1292.000     3.2833     3.2836   3.236636   3.236700     2.1377    -0.3899     0.3551    34.8559 2.1426e+03   1275.887    34.8560    34.8565     6.5160    1484.72    27.7525    27.7529 0.0000e+00
   1293.000     3.2833     3.2836   3.236674   3.236746     2.1375    -0.3908     0.3554    34.8558 2.1524e+03   1276.871    34.8559    34.8565     6.5160    1484.74    27.7524    27.7529 0.0000e+00
   1294.000     3.2833     3.2834   3.236699   3.236765     2.1375    -0.3879     0.3543    34.8557 2.1956e+03   1277.856    34.8558    34.8564     6.5165    1484.76    27.7523    27.7528 0.0000e+00
   1295.000     3.2832     3.2834   3.236739   3.236814     2.1376    -0.3873     0.3558    34.8558 2.2102e+03   1278.840    34.8558    34.8565     6.5178    1484.77    27.7524    27.7529 0.0000e+00
   1296.000     3.2835     3.2837   3.236810   3.236869     2.1374    -0.3660     0.3582    34.8558 2.2193e+03   1279.825    34.8558    34.8564     6.5178    1484.79    27.7524    27.7528 0.0000e+00
   1297.000     3.2844     3.2846   3.236950   3.237006     2.1374    -0.3646     0.3582    34.8558 2.2118e+03   1280.809    34.8560    34.8565     6.5185    1484.81    27.7524    27.7528 0.0000e+00
   1298.000     3.2860     3.2858   3.237109   3.237138     2.1367    -0.3835     0.3582    34.8557 2.0563e+03   1281.794    34.8557    34.8563     6.5163    1484.83    27.7521    27.7525 0.0000e+00
   1299.000     3.2870     3.2872   3.237306   3.237369     2.1362    -0.3857     0.3549    34.8564 2.0618e+03   1282.778    34.8566    34.8571     6.5149    1484.86    27.7527    27.7531 0.0000e+00
   1300.000     3.2871     3.2874   3.237354   3.237430     2.1362    -0.3646     0.3583    34.8564 2.0526e+03   1283.762    34.8565    34.8571     6.5158    1484.87    27.7526    27.7530 0.0000e+00
   1301.000     3.2871     3.2873   3.237387   3.237470     2.1359    -0.3619     0.3559    34.8562 2.0692e+03   1284.747    34.8564    34.8571     6.5156    1484.89    27.7525    27.7531 0.0000e+00
   1302.000     3.2873     3.2874   3.237456   3.237512     2.1354    -0.3649     0.3548    34.8564 2.0696e+03   1285.731    34.8565    34.8571     6.5145    1484.91    27.7526    27.7530 0.0000e+00
   1303.000     3.2876     3.2879   3.237530   3.237598     2.1352    -0.3637     0.3529    34.8564 2.3292e+03   1286.716    34.8566    34.8571     6.5143    1484.92    27.7526    27.7530 0.0000e+00
   1304.000     3.2875     3.2877   3.237541   3.237622     2.1347    -0.3645     0.3511    34.8563 2.3164e+03   1287.700    34.8563    34.8570     6.5132    1484.94    27.7525    27.7530 0.0000e+00
   1305.000     3.2867     3.2870   3.237509   3.237603     2.1339    -0.3771     0.3545    34.8563 2.1350e+03   1288.685    34.8563    34.8571     6.5108    1484.95    27.7525    27.7531 0.0000e+00
   1306.000     3.2870     3.2872   3.237584   3.237666     2.1338    -0.3768     0.3554    34.8563 2.0849e+03   1289.669    34.8564    34.8571     6.5112    1484.97    27.7526    27.7531 0.0000e+00
   1307.000     3.2868     3.2870   3.237600   3.237680     2.1337    -0.3770     0.3542    34.8562 2.1568e+03   1290.654    34.8562    34.8570     6.5120    1484.99    27.7525    27.7530 0.0000e+00
   1308.000     3.2868     3.2871   3.237636   3.237725     2.1336    -0.3694     0.3544    34.8561 2.1027e+03   1291.638    34.8561    34.8569     6.5124    1485.00    27.7524    27.7530 0.0000e+00
   1309.000     3.2863     3.2868   3.237652   3.237742     2.1331    -0.3696     0.3536    34.8563 2.0042e+03   1292.622    34.8563    34.8569     6.5112    1485.02    27.7526    27.7530 0.0000e+00
   1310.000     3.2860     3.2861   3.237661   3.237735     2.1326    -0.3890     0.3553    34.8562 2.1499e+03   1293.607    34.8563    34.8571     6.5100    1485.03    27.7526    27.7532 0.0000e+00
   1311.000     3.2862     3.2864   3.237714   3.237793     2.1326    -0.3780     0.3540    34.8561 2.2189e+03   1294.591    34.8562    34.8570     6.5108    1485.05    27.7525    27.7531 0.0000e+00
   1312.000     3.2860     3.2861   3.237725   3.237797     2.1325    -0.3671     0.3549    34.8561 2.1754e+03   1295.576    34.8561    34.8568     6.5114    1485.07    27.7525    27.7530 0.0000e+00
   1313.000     3.2859     3.2861   3.237761   3.237841     2.1324    -0.3874     0.3512    34.8561 2.1914e+03   1296.560    34.8561    34.8568     6.5118    1485.08    27.7525    27.7531 0.0000e+00
   1314.000     3.2850     3.2852   3.237700   3.237780     2.1321    -0.3900     0.3530    34.8559 2.2640e+03   1297.544    34.8558    34.8565     6.5119    1485.10    27.7524    27.7529 0.0000e+00
   1315.000     3.2841     3.2845   3.237646   3.237742     2.1316    -0.3860     0.3546    34.8557 2.3846e+03   1298.529    34.8556    34.8563     6.5109    1485.11    27.7523    27.7528 0.0000e+00
   1316.000     3.2833     3.2835   3.237610   3.237681     2.1314    -0.3746     0.3523    34.8555 2.5088e+03   1299.513    34.8555    34.8562     6.5108    1485.12    27.7523    27.7528 0.0000e+00
   1317.000     3.2829     3.2830   3.237621   3.237688     2.1314    -0.3727     0.3551    34.8556 2.3602e+03   1300.498    34.8556    34.8562     6.5118    1485.14    27.7524    27.7529 0.0000e+00
   1318.000     3.2830     3.2831   3.237677   3.237747     2.1314    -0.3810     0.3549    34.8557 2.3032e+03   1301.482    34.8556    34.8563     6.5127    1485.15    27.7524    27.7530 0.0000e+00
   1319.000     3.2830     3.2831   3.237712   3.237798     2.1314    -0.3919     0.3578    34.8555 2.3763e+03   1302.466    34.8555    34.8564     6.5136    1485.17    27.7524    27.7531 0.0000e+00
   1320.000     3.2829     3.2830   3.237761   3.237829     2.1314    -0.3884     0.3536    34.8557 2.4164e+03   1303.451    34.8558    34.8564     6.5145    1485.19    27.7526    27.7531 0.0000e+00
   1321.000     3.2830     3.2834   3.237798   3.237913     2.1314    -0.3877     0.3500    34.8556 2.3461e+03   1304.435    34.8556    34.8565     6.5153    1485.20    27.7524    27.7531 0.0000e+00
   1322.000     3.2832     3.2833   3.237862   3.237930     2.1314    -0.3877     0.3559    34.8556 2.2686e+03   1305.420    34.8556    34.8563     6.5161    1485.22    27.7524    27.7530 0.0000e+00
   1323.000     3.2839     3.2841   3.237997   3.238059     2.1313    -0.3775     0.3550    34.8558 2.2168e+03   1306.404    34.8560    34.8565     6.5163    1485.24    27.7527    27.7530 0.0000e+00
   1324.000     3.2843     3.2848   3.238064   3.238157     2.1303    -0.3702     0.3548    34.8559 2.1971e+03   1307.388    34.8559    34.8564     6.5132    1485.26    27.7526    27.7530 0.0000e+00
   1325.000     3.2798     3.2798   3.237599   3.237699     2.1302    -0.3762     0.3586    34.8551 2.3103e+03   1308.373    34.8546    34.8557     6.5145    1485.26    27.7520    27.7528 0.0000e+00
   1326.000     3.2788     3.2791   3.237576   3.237661     2.1302    -0.3700     0.3580    34.8549 2.4069e+03   1309.357    34.8548    34.8555     6.5156    1485.27    27.7523    27.7527 0.0000e+00
   1327.000     3.2793     3.2796   3.237685   3.237769     2.1303    -0.3885     0.3550    34.8551 2.3066e+03   1310.341    34.8551    34.8558     6.5166    1485.29    27.7524    27.7529 0.0000e+00
   1328.000     3.2796     3.2798   3.237746   3.237835     2.1302    -0.3599     0.3559    34.8551 2.4308e+03   1311.326    34.8550    34.8559     6.5170    1485.30    27.7524    27.7530 0.0000e+00
   1329.000     3.2796     3.2799   3.237802   3.237883     2.1297    -0.3810     0.3547    34.8551 2.4232e+03   1312.310    34.8552    34.8559     6.5157    1485.32    27.7525    27.7530 0.0000e+00
   1330.000     3.2796     3.2797   3.237846   3.237924     2.1297    -0.3899     0.3547    34.8552 2.3782e+03   1313.294    34.8552    34.8560     6.5166    1485.34    27.7525    27.7531 0.0000e+00
   1331.000     3.2799     3.2801   3.237934   3.237992     2.1290    -0.3856     0.3498    34.8553 2.3815e+03   1314.279    34.8554    34.8559     6.5149    1485.36    27.7526    27.7531 0.0000e+00
   1332.000     3.2805     3.2807   3.238022   3.238090     2.1290    -0.3800     0.3527    34.8553 2.4121e+03   1315.263    34.8553    34.8559     6.5156    1485.38    27.7525    27.7530 0.0000e+00
   1333.000     3.2808     3.2812   3.238106   3.238177     2.1290    -0.3649     0.3585    34.8553 2.5070e+03   1316.247    34.8555    34.8560     6.5164    1485.39    27.7527    27.7530 0.0000e+00
   1334.000     3.2817     3.2814   3.238219   3.238238     2.1290    -0.3649     0.3551    34.8553 2.7012e+03   1317.232    34.8554    34.8559     6.5169    1485.41    27.7525    27.7529 0.0000e+00
   1335.000     3.2821     3.2820   3.238267   3.238312     2.1282    -0.3902     0.3551    34.8551 2.8428e+03   1318.216    34.8551    34.8556     6.5144    1485.43    27.7522    27.7527 0.0000e+00
   1336.000     3.2818     3.2821   3.238336   3.238404     2.1278    -0.3881     0.3548    34.8555 2.5305e+03   1319.200    34.8557    34.8562     6.5139    1485.45    27.7527    27.7531 0.0000e+00
   1337.000     3.2830     3.2826   3.238500   3.238502     2.1277    -0.3928     0.3563    34.8556 2.4771e+03   1320.184    34.8559    34.8563     6.5142    1485.47    27.7528    27.7531 0.0000e+00
   1338.000     3.2828     3.2828   3.238478   3.238561     2.1278    -0.3881     0.3555    34.8554 2.4567e+03   1321.169    34.8553    34.8563     6.5152    1485.49    27.7523    27.7531 0.0000e+00
   1339.000     3.2826     3.2827   3.238549   3.238593     2.1279    -0.3923     0.3549    34.8556 2.3869e+03   1322.153    34.8559    34.8563     6.5164    1485.50    27.7529    27.7532 0.0000e+00
   1340.000     3.2913     3.2907   3.239692   3.239515     2.1279    -0.3922     0.3567    34.8576 2.2997e+03   1323.137    34.8598    34.8583     6.5155    1485.56    27.7551    27.7540 0.0000e+00
   1341.000     3.2948     3.2945   3.239846   3.239876     2.1269    -0.3899     0.3590    34.8571 2.2556e+03   1324.122    34.8574    34.8582     6.5119    1485.59    27.7529    27.7536 0.0000e+00
   1342.000     3.2942     3.2942   3.239847   3.239899     2.1267    -0.3757     0.3569    34.8572 2.2962e+03   1325.106    34.8575    34.8582     6.5119    1485.60    27.7531    27.7536 0.0000e+00
   1343.000     3.2947     3.2950   3.239917   3.240004     2.1248    -0.3759     0.3537    34.8571 2.2943e+03   1326.090    34.8574    34.8581     6.5053    1485.62    27.7530    27.7534 0.0000e+00
   1344.000     3.2953     3.2957   3.240036   3.240125     2.1236    -0.3906     0.3551    34.8574 2.3368e+03   1327.074    34.8577    34.8583     6.5013    1485.64    27.7531    27.7536 0.0000e+00
   1345.000     3.2953     3.2956   3.240067   3.240147     2.1230    -0.3884     0.3584    34.8573 2.3083e+03   1328.059    34.8575    34.8582     6.4994    1485.66    27.7530    27.7535 0.0000e+00
   1346.000     3.2945     3.2944   3.240029   3.240082     2.1229    -0.3859     0.3582    34.8573 2.1674e+03   1329.043    34.8574    34.8581     6.5004    1485.67    27.7530    27.7536 0.0000e+00
   1347.000     3.2941     3.2941   3.240062   3.240100     2.1218    -0.3873     0.3560    34.8574 2.0113e+03   1330.027    34.8577    34.8582     6.4968    1485.69    27.7533    27.7537 0.0000e+00
   1348.000     3.2955     3.2960   3.240268   3.240337     2.1218    -0.3941     0.3553    34.8578 1.9734e+03   1331.011    34.8582    34.8586     6.4971    1485.71    27.7535    27.7538 0.0000e+00
   1349.000     3.2972     3.2973   3.240475   3.240519     2.1218    -0.3938     0.3557    34.8580 1.9290e+03   1331.996    34.8584    34.8589     6.4977    1485.73    27.7535    27.7539 0.0000e+00
   1350.000     3.2988     3.2995   3.240718   3.240796     2.1217    -0.3924     0.3568    34.8583 1.8607e+03   1332.980    34.8591    34.8593     6.4979    1485.76    27.7540    27.7540 0.0000e+00
   1351.000     3.3015     3.3020   3.241014   3.241091     2.1213    -0.3701     0.3580    34.8587 1.8161e+03   1333.964    34.8593    34.8596     6.4966    1485.79    27.7539    27.7541 0.0000e+00
   1352.000     3.3035     3.3029   3.241262   3.241215     2.1208    -0.3675     0.3580    34.8589 1.7891e+03   1334.948    34.8597    34.8597     6.4950    1485.81    27.7540    27.7541 0.0000e+00
   1353.000     3.3064     3.3065   3.241576   3.241620     2.1204    -0.3632     0.3555    34.8591 1.7808e+03   1335.932    34.8598    34.8602     6.4938    1485.84    27.7538    27.7542 0.0000e+00
   1354.000     3.3054     3.3057   3.241467   3.241541     2.1179    -0.3795     0.3557    34.8589 1.8181e+03   1336.917    34.8590    34.8596     6.4847    1485.85    27.7533    27.7538 0.0000e+00
   1355.000     3.3053     3.3062   3.241507   3.241647     2.1169    -0.3988     0.3557    34.8590 1.7144e+03   1337.901    34.8591    34.8599     6.4815    1485.87    27.7534    27.7539 0.0000e+00
   1356.000     3.3058     3.3062   3.241649   3.241706     2.1169    -0.3778     0.3554    34.8593 1.6719e+03   1338.885    34.8597    34.8601     6.4824    1485.89    27.7539    27.7541 0.0000e+00
   1357.000     3.3035     3.3063   3.241431   3.241779     2.1169    -0.3675     0.3581    34.8589 1.6914e+03   1339.869    34.8591    34.8603     6.4837    1485.89    27.7536    27.7543 0.0000e+00
   1358.000     3.3015     3.3017   3.241120   3.241315     2.1165    -0.3873     0.3544    34.8581 1.7134e+03   1340.854    34.8570    34.8591     6.4834    1485.90    27.7521    27.7538 0.0000e+00
   1359.000     3.2979     3.2984   3.240995   3.241055     2.1164    -0.3968     0.3546    34.8585 1.7485e+03   1341.838    34.8589    34.8590     6.4842    1485.90    27.7539    27.7540 0.0000e+00
   1360.000     3.2992     3.2996   3.241122   3.241200     2.1165    -0.4137     0.3546    34.8584 1.7883e+03   1342.822    34.8584    34.8590     6.4852    1485.93    27.7535    27.7539 0.0000e+00
   1361.000     3.2993     3.2991   3.241188   3.241199     2.1163    -0.4028     0.3546    34.8585 1.8517e+03   1343.806    34.8587    34.8590     6.4853    1485.94    27.7537    27.7539 0.0000e+00
   1362.000     3.2998     3.2998   3.241264   3.241315     2.1165    -0.3860     0.3547    34.8585 1.9262e+03   1344.790    34.8586    34.8591     6.4872    1485.96    27.7535    27.7540 0.0000e+00
   1363.000     3.2997     3.2998   3.241303   3.241364     2.1165    -0.3729     0.3583    34.8584 1.9574e+03   1345.775    34.8585    34.8592     6.4879    1485.98    27.7535    27.7540 0.0000e+00
   1364.000     3.3011     3.3013   3.241443   3.241519     2.1160    -0.3839     0.3572    34.8583 2.0458e+03   1346.759    34.8583    34.8589     6.4863    1486.00    27.7532    27.7537 0.0000e+00
   1365.000     3.3013     3.3016   3.241546   3.241609     2.1157    -0.3795     0.3544    34.8586 2.1422e+03   1347.743    34.8588    34.8593     6.4862    1486.02    27.7536    27.7540 0.0000e+00
   1366.000     3.3018     3.3020   3.241613   3.241692     2.1154    -0.3720     0.3560    34.8586 2.1062e+03   1348.727    34.8585    34.8593     6.4856    1486.04    27.7534    27.7540 0.0000e+00
   1367.000     3.3031     3.3038   3.241874   3.241945     2.1147    -0.3873     0.3583    34.8590 2.0691e+03   1349.711    34.8597    34.8599     6.4832    1486.06    27.7542    27.7543 0.0000e+00
   1368.000     3.3063     3.3069   3.242192   3.242301     2.1148    -0.3662     0.3546    34.8594 2.0466e+03   1350.695    34.8597    34.8603     6.4839    1486.09    27.7539    27.7543 0.0000e+00
   1369.000     3.3070     3.3073   3.242313   3.242386     2.1146    -0.3667     0.3546    34.8596 2.0167e+03   1351.679    34.8599    34.8604     6.4837    1486.11    27.7540    27.7544 0.0000e+00
