Ship_data/Irminger/Irminger-5/ctd/process/ar30-03010.ros
* Sea-Bird SBE 9 Data File:
* FileName = D:\Data\ar30-03010.hdr
* Software Version Seasave V 7.23.2
* Temperature SN = 4312
* Conductivity SN = 2148
* Number of Bytes Per Scan = 44
* Number of Voltage Words = 5
* Number of Scans Averaged by the Deck Unit = 1
* NMEA Latitude = 59 50.67 N
* NMEA Longitude = 039 11.81 W
* NMEA UTC (Time) = Jun 12 2018  19:51:22
** Cruise ID: ar30-03
** Chief Sci: Macdonald
** Station #: 010
** Site ID: Irminger 5 Glider sync.
** cast to 1000 meters with bottom release testing
# nquan = 13
# nvalues = 1176                                  
# units = specified
# name 0 = prDM: Pressure, Digiquartz [db]
# name 1 = t090C: Temperature [ITS-90, deg C]
# name 2 = t190C: Temperature, 2 [ITS-90, deg C]
# name 3 = c0S/m: Conductivity [S/m]
# name 4 = c1S/m: Conductivity, 2 [S/m]
# name 5 = sbeox0V: Oxygen raw, SBE 43 [V]
# name 6 = flECO-AFL: Fluorescence, WET Labs ECO-AFL/FL [mg/m^3]
# name 7 = turbWETntu0: Turbidity, WET Labs ECO [NTU]
# name 8 = sal00: Salinity, Practical [PSU]
# name 9 = spar: SPAR/Surface Irradiance
# name 10 = scan: Scan Count
# name 11 = nbf: Bottles Fired
# name 12 = flag:  0.000e+00
# interval = seconds: 0.0416667
# start_time = Jun 12 2018 19:51:22 [System UTC, first data scan.]
# bad_flag = -9.990e-29
*END*
[from data line 223]
    608.966     4.2349     4.2349   3.296698   3.296753     2.2004    -0.3547     0.3775    34.9131 1.4607e+02      96945          5  0.000e+00
    608.982     4.2348     4.2349   3.296710   3.296789     2.2004    -0.3547     0.3775    34.9133 1.4607e+02      96946          5  0.000e+00
    608.983     4.2346     4.2349   3.296704   3.296789     2.2004    -0.3547     0.3775    34.9135 1.4607e+02      96947          5  0.000e+00
    609.023     4.2346     4.2349   3.296710   3.296729     2.2004    -0.3547     0.3775    34.9135 1.4607e+02      96948          5  0.000e+00
    609.047     4.2346     4.2350   3.296710   3.296819     2.2004    -0.3547     0.3775    34.9135 1.4607e+02      96949          5  0.000e+00
    609.088     4.2346     4.2352   3.296729   3.296789     2.1992    -0.3547     0.3775    34.9137 1.4607e+02      96950          5  0.000e+00
    609.161     4.2347     4.2354   3.296717   3.296759     2.1992    -0.3743     0.3775    34.9134 1.4607e+02      96951          5  0.000e+00
    609.144     4.2349     4.2353   3.296704   3.296849     2.2004    -0.3743     0.3775    34.9130 1.4607e+02      96952          5  0.000e+00
    609.161     4.2352     4.2354   3.296710   3.296783     2.2004    -0.3743     0.3775    34.9128 1.4832e+02      96953          5  0.000e+00
    609.209     4.2351     4.2355   3.296729   3.296789     2.2004    -0.3743     0.3726    34.9131 1.4607e+02      96954          5  0.000e+00
    609.225     4.2352     4.2352   3.296723   3.296819     2.1992    -0.3743     0.3726    34.9129 1.4607e+02      96955          5  0.000e+00
    609.266     4.2352     4.2355   3.296729   3.296789     2.2004    -0.3547     0.3726    34.9129 1.4607e+02      96956          5  0.000e+00
    609.282     4.2353     4.2355   3.296717   3.296819     2.1992    -0.3547     0.3726    34.9127 1.4607e+02      96957          5  0.000e+00
    609.282     4.2352     4.2357   3.296729   3.296789     2.2004    -0.3547     0.3726    34.9129 1.4607e+02      96958          5  0.000e+00
    609.266     4.2352     4.2355   3.296761   3.296819     2.2004    -0.3547     0.3726    34.9133 1.4607e+02      96959          5  0.000e+00
    609.282     4.2354     4.2355   3.296729   3.296819     2.2004    -0.3547     0.3726    34.9127 1.4382e+02      96960          5  0.000e+00
    609.266     4.2352     4.2355   3.296710   3.296819     2.2004    -0.3743     0.3726    34.9128 1.4607e+02      96961          5  0.000e+00
    609.347     4.2352     4.2354   3.296685   3.296783     2.2004    -0.3743     0.3726    34.9124 1.4607e+02      96962          5  0.000e+00
    609.331     4.2353     4.2352   3.296717   3.296789     2.2004    -0.3547     0.3726    34.9126 1.4607e+02      96963          5  0.000e+00
    609.282     4.2351     4.2357   3.296736   3.296819     2.2004    -0.3743     0.3726    34.9132 1.4607e+02      96964          5  0.000e+00
    609.331     4.2352     4.2355   3.296742   3.296819     2.2004    -0.3743     0.3726    34.9131 1.4607e+02      96965          5  0.000e+00
    609.282     4.2352     4.2354   3.296717   3.296819     2.2004    -0.3743     0.3726    34.9128 1.4607e+02      96966          5  0.000e+00
    507.274     4.4494     4.4497   3.311461   3.311557     2.2208    -0.3547     0.3775    34.9134 1.4607e+02     101512          6  0.000e+00
    507.330     4.4494     4.4495   3.311461   3.311527     2.2208    -0.3547     0.3775    34.9134 1.4607e+02     101513          6  0.000e+00
    507.274     4.4494     4.4494   3.311468   3.311527     2.2208    -0.3547     0.3775    34.9135 1.4607e+02     101514          6  0.000e+00
    507.088     4.4493     4.4495   3.311487   3.311563     2.2208    -0.3743     0.3775    34.9140 1.4607e+02     101515          6  0.000e+00
    507.444     4.4493     4.4495   3.311480   3.311557     2.2208    -0.3547     0.3775    34.9137 1.4607e+02     101516          6  0.000e+00
    507.274     4.4494     4.4495   3.311474   3.311527     2.2208    -0.3547     0.3775    34.9135 1.4607e+02     101517          6  0.000e+00
    507.266     4.4496     4.4494   3.311474   3.311563     2.2208    -0.3547     0.3775    34.9134 1.4607e+02     101518          6  0.000e+00
    507.274     4.4494     4.4497   3.311468   3.311527     2.2208    -0.3547     0.3775    34.9135 1.4607e+02     101519          6  0.000e+00
    507.330     4.4493     4.4494   3.311468   3.311557     2.2208    -0.3547     0.3775    34.9136 1.4607e+02     101520          6  0.000e+00
    507.274     4.4494     4.4494   3.311468   3.311527     2.2196    -0.3743     0.3775    34.9135 1.4607e+02     101521          6  0.000e+00
    507.274     4.4493     4.4494   3.311474   3.311563     2.2208    -0.3547     0.3775    34.9137 1.4607e+02     101522          6  0.000e+00
    507.266     4.4494     4.4494   3.311474   3.311527     2.2208    -0.3547     0.3775    34.9135 1.4607e+02     101523          6  0.000e+00
    507.274     4.4494     4.4494   3.311468   3.311527     2.2208    -0.3743     0.3775    34.9135 1.4607e+02     101524          6  0.000e+00
    507.266     4.4494     4.4495   3.311468   3.311593     2.2208    -0.3547     0.3775    34.9135 1.4832e+02     101525          6  0.000e+00
    507.274     4.4494     4.4494   3.311468   3.311497     2.2196    -0.3547     0.3775    34.9135 1.4607e+02     101526          6  0.000e+00
    507.274     4.4493     4.4495   3.311474   3.311527     2.2196    -0.3743     0.3775    34.9137 1.4607e+02     101527          6  0.000e+00
    507.266     4.4494     4.4494   3.311474   3.311587     2.2208    -0.3743     0.3775    34.9135 1.4832e+02     101528          6  0.000e+00
    507.274     4.4496     4.4492   3.311468   3.311533     2.2208    -0.3547     0.3775    34.9133 1.4607e+02     101529          6  0.000e+00
    507.266     4.4494     4.4495   3.311449   3.311557     2.2208    -0.3743     0.3775    34.9133 1.4832e+02     101530          6  0.000e+00
    507.274     4.4494     4.4494   3.311480   3.311527     2.2208    -0.3547     0.3775    34.9136 1.4607e+02     101531          6  0.000e+00
    507.274     4.4494     4.4494   3.311487   3.311563     2.2208    -0.3547     0.3824    34.9137 1.4607e+02     101532          6  0.000e+00
    507.266     4.4494     4.4494   3.311474   3.311527     2.2208    -0.3352     0.3824    34.9135 1.4832e+02     101533          6  0.000e+00
    507.274     4.4493     4.4495   3.311468   3.311527     2.2208    -0.3352     0.3824    34.9136 1.4607e+02     101534          6  0.000e+00
    507.330     4.4494     4.4495   3.311468   3.311527     2.2196    -0.3547     0.3873    34.9134 1.4607e+02     101535          6  0.000e+00
    507.209     4.4494     4.4494   3.311487   3.311563     2.2196    -0.3547     0.3824    34.9137 1.4607e+02     101536          6  0.000e+00
    507.330     4.4496     4.4495   3.311461   3.311527     2.2196    -0.3547     0.3873    34.9132 1.4607e+02     101537          6  0.000e+00
    507.266     4.4493     4.4494   3.311461   3.311527     2.2196    -0.3547     0.3873    34.9136 1.4382e+02     101538          6  0.000e+00
    507.274     4.4493     4.4495   3.311468   3.311533     2.2208    -0.3547     0.3873    34.9136 1.4607e+02     101539          6  0.000e+00
    507.331     4.4494     4.4494   3.311468   3.311527     2.2208    -0.3547     0.3873    34.9134 1.4607e+02     101540          6  0.000e+00
    507.274     4.4494     4.4495   3.311487   3.311557     2.2208    -0.3547     0.3873    34.9137 1.4607e+02     101541          6  0.000e+00
    507.274     4.4494     4.4495   3.311461   3.311557     2.2208    -0.3352     0.3824    34.9134 1.4607e+02     101542          6  0.000e+00
    507.266     4.4494     4.4495   3.311449   3.311563     2.2208    -0.3547     0.3873    34.9133 1.4607e+02     101543          6  0.000e+00
    507.331     4.4496     4.4494   3.311442   3.311497     2.2208    -0.3352     0.3873    34.9130 1.4607e+02     101544          6  0.000e+00
    507.266     4.4493     4.4494   3.311480   3.311557     2.2208    -0.3352     0.3873    34.9138 1.4607e+02     101545          6  0.000e+00
    507.331     4.4493     4.4495   3.311480   3.311533     2.2208    -0.3352     0.3824    34.9138 1.4607e+02     101546          6  0.000e+00
    507.274     4.4494     4.4494   3.311455   3.311557     2.2208    -0.3352     0.3824    34.9133 1.4607e+02     101547          6  0.000e+00
    507.331     4.4494     4.4495   3.311461   3.311527     2.2208    -0.3547     0.3873    34.9134 1.4607e+02     101548          6  0.000e+00
    507.274     4.4493     4.4495   3.311468   3.311527     2.2208    -0.3352     0.3873    34.9136 1.4382e+02     101549          6  0.000e+00
    507.331     4.4493     4.4495   3.311468   3.311533     2.2196    -0.3547     0.3873    34.9136 1.4607e+02     101550          6  0.000e+00
    507.274     4.4496     4.4494   3.311468   3.311527     2.2196    -0.3352     0.3873    34.9133 1.4607e+02     101551          6  0.000e+00
    507.331     4.4491     4.4495   3.311499   3.311527     2.2196    -0.3547     0.3824    34.9141 1.4607e+02     101552          6  0.000e+00
    507.266     4.4494     4.4494   3.311480   3.311563     2.2208    -0.3547     0.3824    34.9136 1.4607e+02     101553          6  0.000e+00
    507.331     4.4493     4.4492   3.311468   3.311557     2.2208    -0.3547     0.3873    34.9136 1.4607e+02     101554          6  0.000e+00
    507.266     4.4496     4.4497   3.311449   3.311557     2.2196    -0.3352     0.3824    34.9131 1.4607e+02     101555          6  0.000e+00
    507.331     4.4494     4.4495   3.311461   3.311557     2.2196    -0.3547     0.3824    34.9134 1.4607e+02     101556          6  0.000e+00
    507.274     4.4493     4.4494   3.311474   3.311563     2.2196    -0.3547     0.3775    34.9137 1.4607e+02     101557          6  0.000e+00
    507.331     4.4494     4.4495   3.311455   3.311527     2.2208    -0.3352     0.3775    34.9133 1.4382e+02     101558          6  0.000e+00
    507.274     4.4493     4.4494   3.311461   3.311557     2.2208    -0.3352     0.3775    34.9136 1.4382e+02     101559          6  0.000e+00
    507.331     4.4494     4.4494   3.311487   3.311533     2.2196    -0.3547     0.3775    34.9137 1.4382e+02     101560          6  0.000e+00
    405.987     4.5568     4.5569   3.315504   3.315540     2.2472    -0.3352     0.3824    34.9008 1.4607e+02     106411          7  0.000e+00
    405.979     4.5568     4.5567   3.315504   3.315570     2.2472    -0.3547     0.3873    34.9008 1.4607e+02     106412          7  0.000e+00
    405.923     4.5568     4.5567   3.315504   3.315582     2.2472    -0.3352     0.3824    34.9009 1.4607e+02     106413          7  0.000e+00
    405.979     4.5565     4.5567   3.315504   3.315570     2.2472    -0.3352     0.3873    34.9011 1.4607e+02     106414          7  0.000e+00
    405.979     4.5566     4.5571   3.315485   3.315582     2.2472    -0.3352     0.3824    34.9008 1.4607e+02     106415          7  0.000e+00
    406.108     4.5565     4.5567   3.315472   3.315570     2.2484    -0.3547     0.3873    34.9007 1.4607e+02     106416          7  0.000e+00
    405.979     4.5566     4.5569   3.315434   3.315600     2.2472    -0.3352     0.3824    34.9002 1.4607e+02     106417          7  0.000e+00
    405.979     4.5562     4.5569   3.315453   3.315552     2.2472    -0.3547     0.3824    34.9008 1.4607e+02     106418          7  0.000e+00
    406.044     4.5564     4.5567   3.315472   3.315570     2.2472    -0.3547     0.3873    34.9007 1.4607e+02     106419          7  0.000e+00
    406.036     4.5565     4.5571   3.315453   3.315582     2.2472    -0.3547     0.3873    34.9005 1.4607e+02     106420          7  0.000e+00
    405.979     4.5564     4.5567   3.315460   3.315540     2.2484    -0.3547     0.3873    34.9006 1.4607e+02     106421          7  0.000e+00
    406.044     4.5567     4.5567   3.315472   3.315630     2.2484    -0.3547     0.3873    34.9005 1.4832e+02     106422          7  0.000e+00
    406.036     4.5568     4.5569   3.315491   3.315582     2.2484    -0.3352     0.3824    34.9006 1.4607e+02     106423          7  0.000e+00
    405.979     4.5568     4.5569   3.315460   3.315540     2.2484    -0.3547     0.3873    34.9002 1.4607e+02     106424          7  0.000e+00
    406.044     4.5568     4.5569   3.315485   3.315552     2.2472    -0.3743     0.3873    34.9006 1.4607e+02     106425          7  0.000e+00
    406.036     4.5567     4.5567   3.315523   3.315600     2.2472    -0.3938     0.3873    34.9011 1.4607e+02     106426          7  0.000e+00
    405.988     4.5569     4.5569   3.315491   3.315570     2.2484    -0.3938     0.3922    34.9005 1.4607e+02     106427          7  0.000e+00
    406.036     4.5565     4.5567   3.315491   3.315582     2.2484    -0.3938     0.3922    34.9009 1.4607e+02     106428          7  0.000e+00
    406.036     4.5568     4.5567   3.315485   3.315570     2.2472    -0.3938     0.3922    34.9006 1.4607e+02     106429          7  0.000e+00
    405.988     4.5567     4.5566   3.315472   3.315582     2.2472    -0.3938     0.3922    34.9006 1.4607e+02     106430          7  0.000e+00
    406.036     4.5568     4.5566   3.315491   3.315540     2.2472    -0.3938     0.3922    34.9006 1.4607e+02     106431          7  0.000e+00
    405.980     4.5567     4.5565   3.315485   3.315570     2.2472    -0.3743     0.3873    34.9007 1.4607e+02     106432          7  0.000e+00
    405.988     4.5568     4.5566   3.315453   3.315552     2.2472    -0.3938     0.3922    34.9002 1.4832e+02     106433          7  0.000e+00
    405.980     4.5568     4.5566   3.315510   3.315510     2.2472    -0.3743     0.3873    34.9008 1.4607e+02     106434          7  0.000e+00
    405.980     4.5566     4.5566   3.315466   3.315552     2.2472    -0.3938     0.3873    34.9005 1.4607e+02     106435          7  0.000e+00
    405.988     4.5568     4.5564   3.315460   3.315600     2.2472    -0.3938     0.3922    34.9002 1.4607e+02     106436          7  0.000e+00
    405.980     4.5568     4.5567   3.315472   3.315540     2.2484    -0.3743     0.3873    34.9005 1.4607e+02     106437          7  0.000e+00
    405.923     4.5568     4.5567   3.315472   3.315552     2.2472    -0.3938     0.3922    34.9004 1.4607e+02     106438          7  0.000e+00
    405.915     4.5566     4.5567   3.315472   3.315540     2.2472    -0.3938     0.3873    34.9006 1.4607e+02     106439          7  0.000e+00
    405.980     4.5567     4.5567   3.315491   3.315582     2.2472    -0.3938     0.3922    34.9008 1.4607e+02     106440          7  0.000e+00
    405.923     4.5567     4.5569   3.315485   3.315540     2.2472    -0.3743     0.3873    34.9007 1.4607e+02     106441          7  0.000e+00
    405.915     4.5568     4.5569   3.315472   3.315570     2.2472    -0.3938     0.3922    34.9005 1.4607e+02     106442          7  0.000e+00
    405.915     4.5567     4.5567   3.315472   3.315552     2.2472    -0.3938     0.3922    34.9006 1.4607e+02     106443          7  0.000e+00
    405.923     4.5566     4.5570   3.315491   3.315600     2.2472    -0.3938     0.3922    34.9009 1.4607e+02     106444          7  0.000e+00
    405.915     4.5567     4.5567   3.315460   3.315552     2.2472    -0.3938     0.3873    34.9004 1.4607e+02     106445          7  0.000e+00
    405.915     4.5568     4.5567   3.315485   3.315570     2.2472    -0.3743     0.3922    34.9006 1.4607e+02     106446          7  0.000e+00
    405.867     4.5568     4.5569   3.315504   3.315540     2.2472    -0.3938     0.3922    34.9008 1.4607e+02     106447          7  0.000e+00
    405.915     4.5566     4.5571   3.315460   3.315582     2.2472    -0.3938     0.3922    34.9005 1.4607e+02     106448          7  0.000e+00
    405.915     4.5567     4.5569   3.315460   3.315570     2.2459    -0.3743     0.3873    34.9004 1.4607e+02     106449          7  0.000e+00
