Ship_data/Irminger/Irminger-5/ctd/process/ar30-03008.cnv
* Sea-Bird SBE 9 Data File:
* FileName = D:\Data\ar30-03008.hdr
* Software Version Seasave V 7.23.2
* Temperature SN = 4312
* Conductivity SN = 2148
* Number of Bytes Per Scan = 44
* Number of Voltage Words = 5
* Number of Scans Averaged by the Deck Unit = 1
* NMEA Latitude = 59 43.05 N
* NMEA Longitude = 039 20.61 W
* NMEA UTC (Time) = Jun 11 2018  15:14:36
** Cruise ID: ar30-03
** Chief Sci: Macdonald
** Station #: 008
** Site ID: Irminger 5 FLMB
** ctd cast at FLMB with bottom release testing
# nquan = 18
# nvalues = 5671                        
# units = specified
# name 0 = prDM: Pressure, Digiquartz [db]
# name 1 = t090C: Temperature [ITS-90, deg C]
# name 2 = t190C: Temperature, 2 [ITS-90, deg C]
# name 3 = c0S/m: Conductivity [S/m]
# name 4 = c1S/m: Conductivity, 2 [S/m]
# name 5 = sbeox0V: Oxygen raw, SBE 43 [V]
# name 6 = flECO-AFL: Fluorescence, WET Labs ECO-AFL/FL [mg/m^3]
# name 7 = turbWETntu0: Turbidity, WET Labs ECO [NTU]
# name 8 = sal00: Salinity, Practical [PSU]
# name 9 = spar: SPAR/Surface Irradiance
# name 10 = depSM: Depth [salt water, m], lat = 59.7175
# name 11 = sal00: Salinity, Practical [PSU]
# name 12 = sal11: Salinity, Practical, 2 [PSU]
# name 13 = sbeox0ML/L: Oxygen, SBE 43 [ml/l], WS = 2
# name 14 = svCM: Sound Velocity [Chen-Millero, m/s]
# name 15 = sigma-é00: Density [sigma-theta, kg/m^3]
# name 16 = sigma-é11: Density, 2 [sigma-theta, kg/m^3]
# name 17 = flag: flag
# span 0 =      4.000,   2840.000       
# span 1 =     1.4483,     5.9051       
# span 2 =     1.4492,     5.9047       
# span 3 =   3.135999,   3.417254       
# span 4 =   3.136315,   3.417357       
# span 5 =     1.5267,     2.7875       
# span 6 =    -0.4345,     6.0453       
# span 7 =     0.3433,     0.6579       
# span 8 =    34.7009,    34.9313       
# span 9 = 2.1959e+02, 7.3296e+02       
# span 10 =      3.962,   2794.432      
# span 11 =    34.7029,    34.9307      
# span 12 =    34.8689,    34.9330      
# span 13 =     4.5297,     7.1960      
# span 14 =    1472.40,    1502.91      
# span 15 =    27.4614,    27.9374      
# span 16 =    27.4631,    27.9371      
# span 17 = 0.0000e+00, 0.0000e+00      
# interval = decibars: 1                
# start_time = Jun 11 2018 15:14:36 [System UTC, first data scan.]
# bad_flag = -9.990e-29
*END*
[from data line 4825]
    851.000     3.6500     3.6499   3.253329   3.253395     2.2270    -0.3902     0.3686    34.8925 3.0114e+02    841.270    34.8925    34.8935     6.4220    1479.01    27.7428    27.7436 0.0000e+00
    850.000     3.6509     3.6510   3.253366   3.253435     2.2284    -0.3910     0.3681    34.8924 3.0048e+02    840.283    34.8925    34.8932     6.4265    1478.99    27.7427    27.7432 0.0000e+00
    849.000     3.6528     3.6522   3.253522   3.253516     2.2284    -0.3642     0.3689    34.8925 3.0078e+02    839.297    34.8929    34.8934     6.4253    1478.99    27.7428    27.7433 0.0000e+00
    848.000     3.6553     3.6537   3.253716   3.253625     2.2293    -0.3658     0.3688    34.8927 3.0112e+02    838.310    34.8931    34.8937     6.4271    1478.98    27.7427    27.7433 0.0000e+00
    847.000     3.6546     3.6541   3.253587   3.253623     2.2285    -0.3804     0.3671    34.8927 2.9974e+02    837.323    34.8928    34.8938     6.4236    1478.96    27.7426    27.7433 0.0000e+00
    846.000     3.6563     3.6561   3.253686   3.253757     2.2272    -0.3731     0.3713    34.8926 2.9469e+02    836.337    34.8927    34.8937     6.4178    1478.95    27.7423    27.7431 0.0000e+00
    845.000     3.6568     3.6558   3.253698   3.253674     2.2269    -0.3861     0.3658    34.8928 2.9307e+02    835.350    34.8929    34.8937     6.4157    1478.94    27.7423    27.7431 0.0000e+00
    844.000     3.6571     3.6572   3.253667   3.253752     2.2273    -0.3851     0.3683    34.8926 2.9652e+02    834.364    34.8927    34.8936     6.4161    1478.92    27.7422    27.7429 0.0000e+00
    843.000     3.6574     3.6576   3.253669   3.253756     2.2278    -0.3642     0.3689    34.8928 2.9591e+02    833.377    34.8929    34.8937     6.4172    1478.91    27.7423    27.7429 0.0000e+00
    842.000     3.6576     3.6573   3.253645   3.253690     2.2283    -0.3672     0.3632    34.8928 2.9540e+02    832.391    34.8929    34.8938     6.4180    1478.89    27.7422    27.7430 0.0000e+00
    841.000     3.6585     3.6576   3.253681   3.253683     2.2284    -0.3845     0.3674    34.8928 2.9372e+02    831.404    34.8930    34.8939     6.4174    1478.88    27.7422    27.7431 0.0000e+00
    840.000     3.6588     3.6582   3.253662   3.253702     2.2289    -0.3871     0.3688    34.8928 2.9365e+02    830.417    34.8929    34.8940     6.4184    1478.86    27.7421    27.7430 0.0000e+00
    839.000     3.6588     3.6584   3.253613   3.253664     2.2298    -0.3858     0.3692    34.8928 2.9244e+02    829.431    34.8928    34.8939     6.4208    1478.85    27.7420    27.7429 0.0000e+00
    838.000     3.6595     3.6595   3.253618   3.253702     2.2296    -0.3873     0.3714    34.8927 2.9157e+02    828.444    34.8927    34.8937     6.4192    1478.83    27.7419    27.7427 0.0000e+00
    837.000     3.6596     3.6595   3.253600   3.253670     2.2297    -0.3908     0.3730    34.8928 2.9370e+02    827.458    34.8928    34.8938     6.4190    1478.82    27.7420    27.7427 0.0000e+00
    836.000     3.6596     3.6594   3.253550   3.253621     2.2299    -0.3861     0.3695    34.8928 2.9481e+02    826.471    34.8928    34.8939     6.4187    1478.80    27.7419    27.7428 0.0000e+00
    835.000     3.6595     3.6592   3.253509   3.253567     2.2307    -0.3789     0.3683    34.8929 2.9651e+02    825.484    34.8929    34.8939     6.4208    1478.78    27.7420    27.7428 0.0000e+00
    834.000     3.6595     3.6594   3.253462   3.253537     2.2308    -0.3835     0.3687    34.8929 2.8967e+02    824.498    34.8929    34.8939     6.4205    1478.77    27.7420    27.7428 0.0000e+00
    833.000     3.6596     3.6596   3.253427   3.253512     2.2309    -0.3860     0.3690    34.8928 2.8976e+02    823.511    34.8929    34.8939     6.4200    1478.75    27.7420    27.7428 0.0000e+00
    832.000     3.6595     3.6594   3.253370   3.253438     2.2312    -0.3871     0.3721    34.8928 2.9085e+02    822.524    34.8928    34.8938     6.4204    1478.73    27.7419    27.7427 0.0000e+00
    831.000     3.6597     3.6594   3.253339   3.253404     2.2319    -0.3912     0.3688    34.8928 2.9131e+02    821.538    34.8928    34.8938     6.4219    1478.72    27.7419    27.7427 0.0000e+00
    830.000     3.6597     3.6596   3.253299   3.253363     2.2319    -0.3915     0.3701    34.8928 2.9203e+02    820.551    34.8928    34.8937     6.4211    1478.70    27.7419    27.7426 0.0000e+00
    829.000     3.6597     3.6595   3.253257   3.253311     2.2320    -0.3861     0.3695    34.8929 2.9181e+02    819.564    34.8928    34.8937     6.4205    1478.68    27.7419    27.7426 0.0000e+00
    828.000     3.6594     3.6592   3.253201   3.253269     2.2322    -0.3836     0.3715    34.8931 2.8807e+02    818.578    34.8931    34.8940     6.4208    1478.67    27.7421    27.7429 0.0000e+00
    827.000     3.6594     3.6592   3.253134   3.253198     2.2331    -0.3921     0.3650    34.8929 2.8628e+02    817.591    34.8927    34.8937     6.4233    1478.65    27.7418    27.7426 0.0000e+00
    826.000     3.6592     3.6590   3.253077   3.253132     2.2331    -0.3912     0.3732    34.8928 2.8783e+02    816.604    34.8928    34.8937     6.4223    1478.63    27.7419    27.7426 0.0000e+00
    825.000     3.6590     3.6589   3.253025   3.253088     2.2332    -0.3896     0.3716    34.8929 2.8862e+02    815.618    34.8928    34.8938     6.4218    1478.61    27.7420    27.7427 0.0000e+00
    824.000     3.6589     3.6588   3.252973   3.253036     2.2332    -0.3880     0.3683    34.8930 2.8951e+02    814.631    34.8929    34.8938     6.4209    1478.60    27.7420    27.7427 0.0000e+00
    823.000     3.6586     3.6584   3.252918   3.252980     2.2332    -0.3836     0.3664    34.8931 2.8714e+02    813.644    34.8931    34.8940     6.4202    1478.58    27.7421    27.7429 0.0000e+00
    822.000     3.6590     3.6588   3.252884   3.252945     2.2332    -0.3840     0.3682    34.8929 2.8746e+02    812.658    34.8928    34.8937     6.4195    1478.56    27.7419    27.7427 0.0000e+00
    821.000     3.6589     3.6587   3.252842   3.252897     2.2338    -0.3906     0.3690    34.8929 2.8765e+02    811.671    34.8929    34.8938     6.4206    1478.55    27.7420    27.7427 0.0000e+00
    820.000     3.6590     3.6587   3.252800   3.252861     2.2341    -0.3649     0.3727    34.8930 2.8852e+02    810.684    34.8929    34.8938     6.4210    1478.53    27.7419    27.7427 0.0000e+00
    819.000     3.6590     3.6587   3.252766   3.252820     2.2343    -0.3645     0.3721    34.8930 2.8808e+02    809.698    34.8930    34.8939     6.4209    1478.52    27.7420    27.7428 0.0000e+00
    818.000     3.6588     3.6587   3.252717   3.252785     2.2351    -0.3725     0.3693    34.8931 2.8684e+02    808.711    34.8931    34.8940     6.4233    1478.50    27.7421    27.7429 0.0000e+00
    817.000     3.6592     3.6591   3.252679   3.252750     2.2357    -0.3789     0.3704    34.8928 2.8632e+02    807.724    34.8928    34.8937     6.4246    1478.48    27.7418    27.7426 0.0000e+00
    816.000     3.6591     3.6590   3.252637   3.252700     2.2357    -0.3881     0.3679    34.8929 2.8610e+02    806.737    34.8929    34.8938     6.4236    1478.47    27.7419    27.7426 0.0000e+00
    815.000     3.6590     3.6587   3.252592   3.252651     2.2364    -0.3902     0.3665    34.8930 2.8583e+02    805.751    34.8930    34.8939     6.4255    1478.45    27.7420    27.7428 0.0000e+00
    814.000     3.6604     3.6597   3.252661   3.252662     2.2376    -0.3625     0.3700    34.8927 2.8468e+02    804.764    34.8928    34.8936     6.4289    1478.44    27.7417    27.7424 0.0000e+00
    813.000     3.6608     3.6608   3.252646   3.252726     2.2376    -0.3678     0.3719    34.8927 2.8516e+02    803.777    34.8928    34.8937     6.4281    1478.42    27.7416    27.7424 0.0000e+00
    812.000     3.6612     3.6612   3.252652   3.252716     2.2375    -0.3889     0.3679    34.8928 2.8566e+02    802.791    34.8929    34.8937     6.4266    1478.41    27.7416    27.7423 0.0000e+00
    811.000     3.6617     3.6613   3.252636   3.252692     2.2376    -0.3661     0.3723    34.8927 2.8549e+02    801.804    34.8927    34.8938     6.4261    1478.39    27.7415    27.7424 0.0000e+00
    810.000     3.6619     3.6614   3.252629   3.252658     2.2378    -0.3840     0.3688    34.8928 2.8652e+02    800.817    34.8929    34.8938     6.4260    1478.38    27.7416    27.7424 0.0000e+00
    809.000     3.6621     3.6620   3.252590   3.252660     2.2392    -0.3722     0.3715    34.8927 2.8677e+02    799.830    34.8927    34.8937     6.4304    1478.36    27.7414    27.7422 0.0000e+00
    808.000     3.6626     3.6626   3.252577   3.252656     2.2392    -0.3834     0.3727    34.8926 2.8493e+02    798.844    34.8925    34.8935     6.4293    1478.35    27.7412    27.7420 0.0000e+00
    807.000     3.6628     3.6629   3.252548   3.252622     2.2392    -0.3863     0.3726    34.8925 2.8721e+02    797.857    34.8925    34.8934     6.4286    1478.33    27.7412    27.7418 0.0000e+00
    806.000     3.6631     3.6629   3.252528   3.252590     2.2401    -0.3689     0.3675    34.8925 2.8960e+02    796.870    34.8926    34.8935     6.4311    1478.32    27.7412    27.7419 0.0000e+00
    805.000     3.6633     3.6630   3.252501   3.252553     2.2399    -0.3848     0.3681    34.8925 2.9137e+02    795.883    34.8925    34.8935     6.4292    1478.30    27.7411    27.7419 0.0000e+00
    804.000     3.6631     3.6628   3.252454   3.252513     2.2404    -0.3882     0.3708    34.8926 2.9121e+02    794.896    34.8927    34.8937     6.4302    1478.28    27.7412    27.7421 0.0000e+00
    803.000     3.6636     3.6635   3.252434   3.252497     2.2416    -0.3885     0.3678    34.8925 2.9012e+02    793.910    34.8925    34.8934     6.4337    1478.27    27.7410    27.7417 0.0000e+00
    802.000     3.6638     3.6636   3.252409   3.252472     2.2416    -0.3909     0.3681    34.8925 2.9149e+02    792.923    34.8925    34.8935     6.4330    1478.25    27.7410    27.7418 0.0000e+00
    801.000     3.6639     3.6635   3.252367   3.252430     2.2416    -0.3677     0.3680    34.8924 2.9265e+02    791.936    34.8924    34.8935     6.4321    1478.24    27.7409    27.7418 0.0000e+00
    800.000     3.6637     3.6634   3.252319   3.252383     2.2416    -0.3718     0.3690    34.8925 2.9402e+02    790.949    34.8925    34.8936     6.4313    1478.22    27.7410    27.7419 0.0000e+00
    799.000     3.6639     3.6636   3.252271   3.252338     2.2419    -0.3759     0.3709    34.8923 2.9157e+02    789.963    34.8923    34.8933     6.4317    1478.20    27.7409    27.7417 0.0000e+00
    798.000     3.6641     3.6638   3.252252   3.252306     2.2427    -0.3790     0.3724    34.8924 2.8936e+02    788.976    34.8924    34.8933     6.4339    1478.19    27.7409    27.7416 0.0000e+00
    797.000     3.6642     3.6644   3.252219   3.252317     2.2428    -0.3895     0.3688    34.8924 2.9264e+02    787.989    34.8923    34.8934     6.4331    1478.17    27.7408    27.7416 0.0000e+00
    796.000     3.6648     3.6649   3.252252   3.252323     2.2428    -0.3651     0.3777    34.8925 2.9418e+02    787.002    34.8926    34.8934     6.4321    1478.16    27.7410    27.7416 0.0000e+00
    795.000     3.6654     3.6652   3.252254   3.252324     2.2428    -0.3853     0.3699    34.8925 2.9448e+02    786.015    34.8925    34.8936     6.4312    1478.15    27.7408    27.7417 0.0000e+00
    794.000     3.6654     3.6651   3.252212   3.252275     2.2431    -0.3901     0.3695    34.8926 2.9392e+02    785.029    34.8926    34.8937     6.4318    1478.13    27.7409    27.7418 0.0000e+00
    793.000     3.6659     3.6657   3.252209   3.252277     2.2440    -0.3609     0.3726    34.8925 2.8889e+02    784.042    34.8925    34.8935     6.4341    1478.11    27.7408    27.7416 0.0000e+00
    792.000     3.6665     3.6664   3.252217   3.252294     2.2440    -0.3853     0.3727    34.8925 2.8772e+02    783.055    34.8926    34.8935     6.4329    1478.10    27.7407    27.7415 0.0000e+00
    791.000     3.6675     3.6674   3.252271   3.252341     2.2440    -0.4044     0.3726    34.8925 2.8774e+02    782.068    34.8926    34.8936     6.4321    1478.09    27.7407    27.7415 0.0000e+00
    790.000     3.6681     3.6678   3.252280   3.252331     2.2449    -0.3913     0.3694    34.8925 2.8878e+02    781.081    34.8926    34.8936     6.4345    1478.07    27.7406    27.7414 0.0000e+00
    789.000     3.6684     3.6679   3.252268   3.252307     2.2464    -0.3855     0.3732    34.8926 2.8958e+02    780.094    34.8926    34.8937     6.4391    1478.06    27.7406    27.7415 0.0000e+00
    788.000     3.6687     3.6685   3.252217   3.252291     2.2464    -0.3670     0.3726    34.8923 2.8649e+02    779.107    34.8923    34.8934     6.4382    1478.04    27.7403    27.7412 0.0000e+00
    787.000     3.6686     3.6684   3.252173   3.252233     2.2463    -0.3878     0.3726    34.8924 2.8486e+02    778.121    34.8924    34.8933     6.4370    1478.03    27.7404    27.7411 0.0000e+00
    786.000     3.6686     3.6684   3.252119   3.252186     2.2464    -0.3764     0.3726    34.8923 2.8541e+02    777.134    34.8923    34.8933     6.4364    1478.01    27.7403    27.7411 0.0000e+00
    785.000     3.6684     3.6682   3.252069   3.252130     2.2461    -0.3885     0.3726    34.8924 2.8594e+02    776.147    34.8924    34.8933     6.4348    1477.99    27.7403    27.7411 0.0000e+00
    784.000     3.6683     3.6681   3.252003   3.252075     2.2464    -0.3622     0.3718    34.8923 2.8304e+02    775.160    34.8923    34.8933     6.4348    1477.98    27.7402    27.7411 0.0000e+00
    783.000     3.6683     3.6680   3.251952   3.252009     2.2473    -0.3807     0.3707    34.8922 2.8042e+02    774.173    34.8922    34.8931     6.4374    1477.96    27.7402    27.7410 0.0000e+00
    782.000     3.6681     3.6679   3.251889   3.251956     2.2476    -0.3720     0.3729    34.8922 2.8065e+02    773.186    34.8921    34.8931     6.4376    1477.94    27.7401    27.7410 0.0000e+00
    781.000     3.6679     3.6678   3.251838   3.251912     2.2480    -0.3758     0.3705    34.8922 2.8136e+02    772.199    34.8922    34.8932     6.4385    1477.92    27.7402    27.7410 0.0000e+00
    780.000     3.6677     3.6675   3.251782   3.251847     2.2493    -0.3747     0.3696    34.8923 2.8165e+02    771.213    34.8923    34.8933     6.4424    1477.91    27.7403    27.7411 0.0000e+00
    779.000     3.6678     3.6671   3.251716   3.251741     2.2497    -0.3761     0.3696    34.8921 2.7764e+02    770.226    34.8920    34.8930     6.4432    1477.89    27.7401    27.7409 0.0000e+00
    778.000     3.6674     3.6669   3.251632   3.251681     2.2502    -0.3653     0.3709    34.8920 2.7505e+02    769.239    34.8920    34.8930     6.4440    1477.87    27.7400    27.7409 0.0000e+00
    777.000     3.6669     3.6668   3.251559   3.251633     2.2499    -0.3771     0.3713    34.8921 2.7615e+02    768.252    34.8921    34.8931     6.4424    1477.85    27.7402    27.7410 0.0000e+00
    776.000     3.6670     3.6666   3.251490   3.251534     2.2500    -0.3777     0.3729    34.8918 2.7900e+02    767.265    34.8917    34.8926     6.4417    1477.84    27.7399    27.7407 0.0000e+00
    775.000     3.6669     3.6666   3.251438   3.251505     2.2502    -0.3875     0.3726    34.8918 2.7850e+02    766.278    34.8917    34.8928     6.4418    1477.82    27.7399    27.7408 0.0000e+00
    774.000     3.6666     3.6664   3.251384   3.251445     2.2503    -0.3907     0.3682    34.8920 2.7822e+02    765.291    34.8919    34.8929     6.4414    1477.80    27.7401    27.7408 0.0000e+00
    773.000     3.6664     3.6661   3.251326   3.251385     2.2513    -0.3708     0.3718    34.8920 2.7600e+02    764.304    34.8920    34.8929     6.4442    1477.79    27.7401    27.7409 0.0000e+00
