Ship_data/Irminger/Irminger-5/ctd/process/ar30-03022.ros
* Sea-Bird SBE 9 Data File:
* FileName = D:\Data\ar30-03022.hdr
* Software Version Seasave V 7.23.2
* Temperature SN = 4312
* Conductivity SN = 2148
* Number of Bytes Per Scan = 44
* Number of Voltage Words = 5
* Number of Scans Averaged by the Deck Unit = 1
* NMEA Latitude = 61 39.37 N
* NMEA Longitude = 033 58.99 W
* NMEA UTC (Time) = Jun 22 2018  13:48:11
** Cruise ID: ar30-03
** Chief Sci: Macdonald
** Station #: 022
** Site ID: Irminger 5 CL1
** Shallow cast at sound source, just for lipid sampling
# nquan = 13
# nvalues = 343                                   
# units = specified
# name 0 = prDM: Pressure, Digiquartz [db]
# name 1 = t090C: Temperature [ITS-90, deg C]
# name 2 = t190C: Temperature, 2 [ITS-90, deg C]
# name 3 = c0S/m: Conductivity [S/m]
# name 4 = c1S/m: Conductivity, 2 [S/m]
# name 5 = sbeox0V: Oxygen raw, SBE 43 [V]
# name 6 = flECO-AFL: Fluorescence, WET Labs ECO-AFL/FL [mg/m^3]
# name 7 = turbWETntu0: Turbidity, WET Labs ECO [NTU]
# name 8 = sal00: Salinity, Practical [PSU]
# name 9 = spar: SPAR/Surface Irradiance
# name 10 = scan: Scan Count
# name 11 = nbf: Bottles Fired
# name 12 = flag:  0.000e+00
# interval = seconds: 0.0416667
# start_time = Jun 22 2018 13:48:11 [System UTC, first data scan.]
# bad_flag = -9.990e-29
*END*
[from data line 223]
     15.618     6.7478     6.7493   3.492976   3.493193     2.7258     3.1617     0.5827    34.8564 5.4608e+02      24364          5  0.000e+00
     15.626     6.7482     6.7493   3.492963   3.493193     2.7258     3.1813     0.5827    34.8558 5.4608e+02      24365          5  0.000e+00
     15.674     6.7481     6.7493   3.493002   3.493162     2.7258     3.1617     0.5778    34.8563 5.4608e+02      24366          5  0.000e+00
     15.626     6.7483     6.7497   3.492989   3.493168     2.7270     3.1813     0.5827    34.8560 5.4383e+02      24367          5  0.000e+00
     15.674     6.7483     6.7503   3.492976   3.493193     2.7258     3.1617     0.5827    34.8559 5.4383e+02      24368          5  0.000e+00
     15.682     6.7482     6.7504   3.492983   3.493223     2.7258     3.1617     0.5778    34.8560 5.4383e+02      24369          5  0.000e+00
     15.674     6.7484     6.7508   3.493002   3.493260     2.7258     3.1617     0.5827    34.8560 5.4383e+02      24370          5  0.000e+00
     15.746     6.7485     6.7508   3.492995   3.493321     2.7258     3.1617     0.5827    34.8558 5.4383e+02      24371          5  0.000e+00
     15.738     6.7485     6.7506   3.493028   3.493352     2.7258     3.1813     0.5827    34.8562 5.4383e+02      24372          5  0.000e+00
     15.746     6.7481     6.7504   3.493002   3.493291     2.7258     3.1617     0.5778    34.8563 5.4383e+02      24373          5  0.000e+00
     15.794     6.7483     6.7504   3.493028   3.493223     2.7258     3.1617     0.5778    34.8563 5.4383e+02      24374          5  0.000e+00
     15.802     6.7484     6.7503   3.493041   3.493223     2.7258     3.1617     0.5778    34.8564 5.4608e+02      24375          5  0.000e+00
     15.858     6.7488     6.7508   3.493047   3.493291     2.7258     3.1813     0.5827    34.8560 5.4383e+02      24376          5  0.000e+00
     15.858     6.7489     6.7515   3.493067   3.493352     2.7258     3.1813     0.5827    34.8561 5.4383e+02      24377          5  0.000e+00
     15.794     6.7491     6.7517   3.493060   3.493352     2.7270     3.1813     0.5827    34.8559 5.4383e+02      24378          5  0.000e+00
     15.922     6.7489     6.7521   3.493047   3.493419     2.7258     3.1617     0.5827    34.8559 5.4383e+02      24379          5  0.000e+00
     15.914     6.7485     6.7519   3.493047   3.493444     2.7258     3.1813     0.5827    34.8563 5.4383e+02      24380          5  0.000e+00
     15.978     6.7483     6.7516   3.493021   3.493413     2.7258     3.1617     0.5778    34.8562 5.4158e+02      24381          5  0.000e+00
     15.970     6.7483     6.7508   3.493009   3.493413     2.7258     3.1813     0.5827    34.8560 5.4158e+02      24382          5  0.000e+00
     15.978     6.7483     6.7501   3.492996   3.493352     2.7258     3.1813     0.5827    34.8559 5.4383e+02      24383          5  0.000e+00
     16.035     6.7485     6.7498   3.493002   3.493260     2.7258     3.1617     0.5778    34.8558 5.4158e+02      24384          5  0.000e+00
     16.043     6.7484     6.7501   3.493067   3.493260     2.7258     3.1813     0.5827    34.8565 5.4158e+02      24385          5  0.000e+00
      3.890     6.7657     6.7651   3.494059   3.494102     2.7343     2.0482     0.6461    34.8561 5.8877e+02      26572          6  0.000e+00
      3.706     6.7658     6.7654   3.494072   3.494102     2.7343     2.0482     0.6413    34.8562 5.8877e+02      26573          6  0.000e+00
      3.826     6.7660     6.7653   3.494078   3.494102     2.7343     2.0482     0.6413    34.8560 5.8877e+02      26574          6  0.000e+00
      3.890     6.7662     6.7653   3.494059   3.494102     2.7343     2.0482     0.6413    34.8556 5.8877e+02      26575          6  0.000e+00
      3.826     6.7660     6.7648   3.494072   3.494102     2.7343     2.0677     0.6461    34.8559 5.9102e+02      26576          6  0.000e+00
      3.826     6.7662     6.7649   3.494059   3.494102     2.7355     2.0482     0.6413    34.8556 5.8877e+02      26577          6  0.000e+00
      3.890     6.7662     6.7648   3.494027   3.494102     2.7355     2.0482     0.6413    34.8553 5.9102e+02      26578          6  0.000e+00
      3.770     6.7660     6.7648   3.494085   3.494071     2.7355     2.0677     0.6461    34.8562 5.8877e+02      26579          6  0.000e+00
      3.826     6.7662     6.7646   3.494065   3.494071     2.7355     2.0482     0.6413    34.8557 5.8877e+02      26580          6  0.000e+00
      3.890     6.7660     6.7648   3.494072   3.494040     2.7355     2.0482     0.6413    34.8560 5.8877e+02      26581          6  0.000e+00
      3.826     6.7662     6.7646   3.494059   3.494040     2.7355     2.0482     0.6413    34.8556 5.8877e+02      26582          6  0.000e+00
      3.770     6.7657     6.7643   3.494046   3.494071     2.7343     2.0482     0.6413    34.8560 5.8877e+02      26583          6  0.000e+00
      3.826     6.7657     6.7641   3.494052   3.494040     2.7355     2.0482     0.6461    34.8561 5.8877e+02      26584          6  0.000e+00
      3.890     6.7657     6.7636   3.494046   3.494010     2.7355     2.0482     0.6413    34.8560 5.8877e+02      26585          6  0.000e+00
      3.826     6.7655     6.7636   3.494027   3.493979     2.7355     2.0482     0.6413    34.8559 5.9102e+02      26586          6  0.000e+00
      3.826     6.7657     6.7631   3.494014   3.493948     2.7355     2.0482     0.6413    34.8557 5.8877e+02      26587          6  0.000e+00
      3.826     6.7650     6.7628   3.493975   3.493942     2.7355     2.0482     0.6413    34.8559 5.8877e+02      26588          6  0.000e+00
      3.826     6.7645     6.7631   3.493929   3.493912     2.7355     2.0482     0.6413    34.8559 5.8877e+02      26589          6  0.000e+00
      3.890     6.7644     6.7631   3.493904   3.493942     2.7355     2.0482     0.6413    34.8557 5.8877e+02      26590          6  0.000e+00
      3.826     6.7641     6.7630   3.493871   3.493942     2.7355     2.0482     0.6461    34.8557 5.8877e+02      26591          6  0.000e+00
      3.890     6.7640     6.7626   3.493858   3.493887     2.7355     2.0287     0.6608    34.8556 5.8877e+02      26592          6  0.000e+00
      3.826     6.7642     6.7626   3.493878   3.493912     2.7355     2.0091     0.6657    34.8556 5.8877e+02      26593          6  0.000e+00
      3.890     6.7640     6.7628   3.493910   3.493881     2.7355     2.0091     0.6657    34.8562 5.8877e+02      26594          6  0.000e+00
      3.890     6.7641     6.7624   3.493923   3.493881     2.7355     2.0091     0.6706    34.8562 5.8877e+02      26595          6  0.000e+00
      3.890     6.7642     6.7625   3.493917   3.493881     2.7355     2.0091     0.6657    34.8561 5.8877e+02      26596          6  0.000e+00
      3.890     6.7641     6.7626   3.493904   3.493918     2.7355     2.0091     0.6657    34.8560 5.8877e+02      26597          6  0.000e+00
      3.946     6.7644     6.7628   3.493891   3.493881     2.7355     2.0091     0.6657    34.8556 5.8877e+02      26598          6  0.000e+00
      3.890     6.7641     6.7628   3.493871   3.493881     2.7355     2.0091     0.6657    34.8557 5.8877e+02      26599          6  0.000e+00
      3.946     6.7639     6.7628   3.493904   3.493912     2.7355     2.0091     0.6657    34.8562 5.8653e+02      26600          6  0.000e+00
      3.946     6.7641     6.7625   3.493917   3.493850     2.7355     2.0091     0.6657    34.8561 5.8877e+02      26601          6  0.000e+00
      3.890     6.7644     6.7625   3.493942   3.493850     2.7355     2.0091     0.6657    34.8562 5.8653e+02      26602          6  0.000e+00
      3.946     6.7645     6.7626   3.493949   3.493887     2.7355     2.0091     0.6657    34.8560 5.8877e+02      26603          6  0.000e+00
      3.946     6.7642     6.7625   3.493955   3.493881     2.7355     2.0091     0.6657    34.8565 5.8877e+02      26604          6  0.000e+00
      3.946     6.7641     6.7624   3.493930   3.493881     2.7355     2.0091     0.6657    34.8563 5.8877e+02      26605          6  0.000e+00
      3.946     6.7644     6.7626   3.493904   3.493850     2.7355     2.0091     0.6657    34.8557 5.8877e+02      26606          6  0.000e+00
      3.946     6.7640     6.7627   3.493891   3.493881     2.7355     2.0091     0.6657    34.8559 5.8877e+02      26607          6  0.000e+00
      4.002     6.7642     6.7625   3.493871   3.493887     2.7355     2.0091     0.6657    34.8555 5.8877e+02      26608          6  0.000e+00
      3.946     6.7640     6.7626   3.493865   3.493881     2.7355     2.0091     0.6657    34.8556 5.8877e+02      26609          6  0.000e+00
      4.002     6.7641     6.7624   3.493884   3.493850     2.7355     2.0091     0.6657    34.8558 5.8653e+02      26610          6  0.000e+00
      3.946     6.7639     6.7626   3.493891   3.493912     2.7355     2.0091     0.6657    34.8561 5.8653e+02      26611          6  0.000e+00
      4.002     6.7637     6.7626   3.493845   3.493820     2.7355     2.0091     0.6657    34.8557 5.8877e+02      26612          6  0.000e+00
      4.002     6.7637     6.7624   3.493832   3.493881     2.7355     2.0091     0.6657    34.8555 5.8653e+02      26613          6  0.000e+00
      4.002     6.7634     6.7624   3.493845   3.493887     2.7355     2.0091     0.6657    34.8560 5.8653e+02      26614          6  0.000e+00
      3.946     6.7629     6.7626   3.493820   3.493881     2.7355     2.0091     0.6559    34.8563 5.8653e+02      26615          6  0.000e+00
      4.002     6.7631     6.7626   3.493800   3.493881     2.7355     2.0287     0.6217    34.8559 5.8653e+02      26616          6  0.000e+00
      4.002     6.7629     6.7628   3.493774   3.493881     2.7355     2.0287     0.5973    34.8558 5.8653e+02      26617          6  0.000e+00
      4.002     6.7629     6.7626   3.493787   3.493912     2.7355     2.0287     0.5924    34.8559 5.8653e+02      26618          6  0.000e+00
      4.002     6.7629     6.7625   3.493774   3.493918     2.7355     2.0287     0.5973    34.8558 5.8653e+02      26619          6  0.000e+00
      3.946     6.7631     6.7628   3.493787   3.493850     2.7355     2.0287     0.5973    34.8557 5.8653e+02      26620          6  0.000e+00
      4.947     6.7634     6.7635   3.493885   3.494010     2.7331     1.7552     0.5827    34.8559 5.6855e+02      26902          7  0.000e+00
      5.420     6.7635     6.7633   3.493891   3.493943     2.7331     1.7552     0.5778    34.8557 5.6855e+02      26903          7  0.000e+00
      5.124     6.7636     6.7633   3.493891   3.494010     2.7331     1.7552     0.5827    34.8558 5.6855e+02      26904          7  0.000e+00
      5.004     6.7634     6.7636   3.493872   3.494010     2.7331     1.7552     0.5827    34.8558 5.6855e+02      26905          7  0.000e+00
      5.188     6.7634     6.7635   3.493865   3.494010     2.7331     1.7747     0.5778    34.8556 5.6855e+02      26906          7  0.000e+00
      5.188     6.7635     6.7635   3.493904   3.494071     2.7331     1.9505     0.5875    34.8559 5.6855e+02      26907          7  0.000e+00
      5.068     6.7634     6.7636   3.493898   3.494010     2.7331     2.0482     0.5875    34.8560 5.6855e+02      26908          7  0.000e+00
      5.124     6.7639     6.7639   3.493910   3.494010     2.7331     2.0482     0.5875    34.8557 5.7079e+02      26909          7  0.000e+00
      5.124     6.7642     6.7643   3.493962   3.494041     2.7331     2.0482     0.5875    34.8559 5.6855e+02      26910          7  0.000e+00
      5.068     6.7648     6.7646   3.494001   3.494071     2.7331     2.0287     0.5875    34.8557 5.6855e+02      26911          7  0.000e+00
      5.068     6.7652     6.7646   3.494014   3.494071     2.7331     2.0287     0.5875    34.8555 5.6855e+02      26912          7  0.000e+00
      5.068     6.7652     6.7649   3.494040   3.494102     2.7331     2.0287     0.5875    34.8558 5.7079e+02      26913          7  0.000e+00
      5.004     6.7654     6.7648   3.494072   3.494071     2.7331     2.0287     0.5875    34.8560 5.7079e+02      26914          7  0.000e+00
      5.004     6.7657     6.7648   3.494085   3.494071     2.7331     2.0287     0.5875    34.8558 5.7079e+02      26915          7  0.000e+00
      5.004     6.7655     6.7648   3.494079   3.494041     2.7331     2.0287     0.5875    34.8559 5.7079e+02      26916          7  0.000e+00
      4.947     6.7658     6.7649   3.494085   3.494102     2.7331     2.0287     0.5875    34.8557 5.7079e+02      26917          7  0.000e+00
      4.947     6.7655     6.7648   3.494079   3.494102     2.7331     2.0287     0.5875    34.8560 5.7079e+02      26918          7  0.000e+00
      4.947     6.7660     6.7651   3.494098   3.494102     2.7331     2.0287     0.5875    34.8557 5.7079e+02      26919          7  0.000e+00
      4.891     6.7658     6.7648   3.494092   3.494071     2.7331     2.0287     0.5875    34.8558 5.7079e+02      26920          7  0.000e+00
      4.891     6.7660     6.7647   3.494085   3.494133     2.7331     2.0287     0.5875    34.8555 5.7079e+02      26921          7  0.000e+00
      4.891     6.7658     6.7653   3.494098   3.494102     2.7331     2.0287     0.5778    34.8559 5.7304e+02      26922          7  0.000e+00
      4.827     6.7660     6.7651   3.494104   3.494133     2.7331     2.0287     0.5875    34.8558 5.7304e+02      26923          7  0.000e+00
      4.771     6.7663     6.7651   3.494111   3.494163     2.7331     2.0287     0.5875    34.8556 5.7304e+02      26924          7  0.000e+00
      4.827     6.7662     6.7654   3.494092   3.494133     2.7331     2.0287     0.5875    34.8555 5.7304e+02      26925          7  0.000e+00
      4.715     6.7663     6.7656   3.494098   3.494163     2.7331     2.0287     0.5875    34.8555 5.7304e+02      26926          7  0.000e+00
      4.771     6.7663     6.7653   3.494104   3.494163     2.7331     2.0287     0.5875    34.8555 5.7304e+02      26927          7  0.000e+00
      4.715     6.7663     6.7653   3.494111   3.494163     2.7331     2.0287     0.5875    34.8556 5.7529e+02      26928          7  0.000e+00
      4.651     6.7662     6.7654   3.494156   3.494194     2.7331     2.0287     0.5778    34.8563 5.7529e+02      26929          7  0.000e+00
      4.651     6.7662     6.7658   3.494124   3.494132     2.7331     2.0287     0.5875    34.8559 5.7529e+02      26930          7  0.000e+00
      4.595     6.7663     6.7658   3.494124   3.494132     2.7331     2.1263     0.6315    34.8558 5.7529e+02      26931          7  0.000e+00
      4.595     6.7663     6.7659   3.494137   3.494132     2.7331     2.1654     0.6559    34.8560 5.7529e+02      26932          7  0.000e+00
      4.539     6.7665     6.7659   3.494117   3.494194     2.7331     2.1849     0.6706    34.8556 5.7529e+02      26933          7  0.000e+00
      4.539     6.7665     6.7659   3.494104   3.494163     2.7331     2.1654     0.6706    34.8555 5.7754e+02      26934          7  0.000e+00
      4.475     6.7663     6.7659   3.494150   3.494194     2.7331     2.1654     0.6657    34.8562 5.7754e+02      26935          7  0.000e+00
      4.475     6.7665     6.7661   3.494130   3.494163     2.7331     2.1654     0.6657    34.8558 5.7754e+02      26936          7  0.000e+00
      4.419     6.7665     6.7664   3.494091   3.494200     2.7331     2.1654     0.6657    34.8554 5.7754e+02      26937          7  0.000e+00
      4.419     6.7663     6.7662   3.494124   3.494230     2.7331     2.1654     0.6657    34.8559 5.7754e+02      26938          7  0.000e+00
      4.363     6.7663     6.7669   3.494163   3.494230     2.7331     2.1654     0.6657    34.8564 5.7978e+02      26939          7  0.000e+00
      4.355     6.7667     6.7667   3.494130   3.494292     2.7331     2.1654     0.6657    34.8557 5.7978e+02      26940          7  0.000e+00
