Ship_data/Irminger/Irminger-5/ctd/process/ar30-03007.ros
* Sea-Bird SBE 9 Data File:
* FileName = D:\Data\ar30-03007.hdr
* Software Version Seasave V 7.23.2
* Temperature SN = 4312
* Conductivity SN = 2148
* Number of Bytes Per Scan = 44
* Number of Voltage Words = 5
* Number of Scans Averaged by the Deck Unit = 1
* NMEA Latitude = 59 46.24 N
* NMEA Longitude = 039 51.54 W
* NMEA UTC (Time) = Jun 10 2018  14:37:43
** Cruise ID: ar30-03
** Chief Sci: Macdonald
** Station #: 007
** Site ID: Irminger 5 FLMA
** ctd cast at FLMA with bottom release testing
# nquan = 13
# nvalues = 1029                                  
# units = specified
# name 0 = prDM: Pressure, Digiquartz [db]
# name 1 = t090C: Temperature [ITS-90, deg C]
# name 2 = t190C: Temperature, 2 [ITS-90, deg C]
# name 3 = c0S/m: Conductivity [S/m]
# name 4 = c1S/m: Conductivity, 2 [S/m]
# name 5 = sbeox0V: Oxygen raw, SBE 43 [V]
# name 6 = flECO-AFL: Fluorescence, WET Labs ECO-AFL/FL [mg/m^3]
# name 7 = turbWETntu0: Turbidity, WET Labs ECO [NTU]
# name 8 = sal00: Salinity, Practical [PSU]
# name 9 = spar: SPAR/Surface Irradiance
# name 10 = scan: Scan Count
# name 11 = nbf: Bottles Fired
# name 12 = flag:  0.000e+00
# interval = seconds: 0.0416667
# start_time = Jun 10 2018 14:37:43 [System UTC, first data scan.]
# bad_flag = -9.990e-29
*END*
[from data line 1001]
      5.516     5.2082     5.2051   3.352572   3.352876     2.6681     0.1141     0.4899    34.8603 9.6855e+02     189433         21  0.000e+00
      5.460     5.2048     5.2030   3.352317   3.352749     2.6681     0.1141     0.4899    34.8609 9.6855e+02     189434         21  0.000e+00
      5.516     5.2028     5.2040   3.352196   3.352508     2.6681     0.1141     0.4899    34.8615 9.6631e+02     189435         21  0.000e+00
      5.572     5.2012     5.2098   3.352062   3.352303     2.6681     0.1141     0.4899    34.8616 9.6631e+02     189436         21  0.000e+00
      5.572     5.2001     5.2114   3.352005   3.352689     2.6681     0.1141     0.4899    34.8622 9.6631e+02     189437         21  0.000e+00
      5.572     5.1991     5.2104   3.351954   3.352996     2.6681     0.1141     0.4899    34.8625 9.6631e+02     189438         21  0.000e+00
      5.572     5.1988     5.2059   3.351916   3.353020     2.6681     0.1141     0.4899    34.8625 9.6406e+02     189439         21  0.000e+00
      5.628     5.1988     5.2044   3.351941   3.352689     2.6681     0.0946     0.4899    34.8627 9.6406e+02     189440         21  0.000e+00
      5.628     5.1984     5.2019   3.351903   3.352423     2.6681     0.0946     0.4899    34.8627 9.6406e+02     189441         21  0.000e+00
      5.692     5.1977     5.2015   3.351852   3.352351     2.6681     0.0946     0.4899    34.8628 9.6181e+02     189442         21  0.000e+00
      5.636     5.1971     5.2021   3.351750   3.352273     2.6668     0.0946     0.4899    34.8623 9.6181e+02     189443         21  0.000e+00
      5.692     5.1969     5.2027   3.351738   3.352261     2.6668     0.0946     0.4899    34.8623 9.6181e+02     189444         21  0.000e+00
      5.692     5.1968     5.2026   3.351731   3.352381     2.6681     0.0946     0.4899    34.8623 9.5956e+02     189445         21  0.000e+00
      5.748     5.1972     5.2013   3.351738   3.352393     2.6681     0.0946     0.4899    34.8620 9.5956e+02     189446         21  0.000e+00
      5.692     5.1970     5.2001   3.351757   3.352321     2.6668     0.0946     0.4899    34.8625 9.5956e+02     189447         21  0.000e+00
      5.748     5.1964     5.2003   3.351706   3.352273     2.6668     0.0946     0.4899    34.8624 9.5956e+02     189448         21  0.000e+00
      5.748     5.1953     5.2013   3.351598   3.352291     2.6668     0.0946     0.4899    34.8623 9.5732e+02     189449         21  0.000e+00
      5.748     5.1948     5.2018   3.351566   3.352351     2.6681     0.0946     0.4899    34.8625 9.5732e+02     189450         21  0.000e+00
      5.748     5.1947     5.2023   3.351528   3.352363     2.6668     0.0946     0.4899    34.8621 9.5732e+02     189451         21  0.000e+00
      5.748     5.1943     5.2027   3.351464   3.352381     2.6668     0.0946     0.4899    34.8618 9.5732e+02     189452         21  0.000e+00
      5.812     5.1931     5.2024   3.351432   3.352423     2.6668     0.0946     0.4899    34.8627 9.5507e+02     189453         21  0.000e+00
      5.748     5.1930     5.2024   3.351400   3.352381     2.6668     0.0946     0.4899    34.8624 9.5507e+02     189454         21  0.000e+00
      5.812     5.1928     5.2021   3.351426   3.352381     2.6668     0.0946     0.4899    34.8630 9.5507e+02     189455         21  0.000e+00
      5.748     5.1935     5.2027   3.351445   3.352363     2.6668     0.0946     0.4899    34.8625 9.5507e+02     189456         21  0.000e+00
      5.812     5.1936     5.2041   3.351489   3.352381     2.6668     0.0946     0.4899    34.8629 9.5507e+02     189457         21  0.000e+00
      5.748     5.1935     5.2051   3.351509   3.352478     2.6668     0.0946     0.4899    34.8632 9.5282e+02     189458         21  0.000e+00
      5.812     5.1944     5.2055   3.351585   3.352514     2.6668     0.0946     0.4899    34.8632 9.5282e+02     189459         21  0.000e+00
      5.812     5.1945     5.2045   3.351579   3.352508     2.6668     0.0946     0.4899    34.8630 9.5282e+02     189460         21  0.000e+00
