Ship_data/Irminger/Irminger-5/ctd/process/ar30-03009.ros
* Sea-Bird SBE 9 Data File:
* FileName = D:\Data\ar30-03009.hdr
* Software Version Seasave V 7.23.2
* Temperature SN = 4312
* Conductivity SN = 2148
* Number of Bytes Per Scan = 44
* Number of Voltage Words = 5
* Number of Scans Averaged by the Deck Unit = 1
* NMEA Latitude = 59 49.83 N
* NMEA Longitude = 039 13.28 W
* NMEA UTC (Time) = Jun 12 2018  18:03:09
** Cruise ID: ar30-03
** Chief Sci: Macdonald
** Station #: 009
** Site ID: Irminger 5 test cast
** test cast to 130m
# nquan = 13
# nvalues = 1176                                  
# units = specified
# name 0 = prDM: Pressure, Digiquartz [db]
# name 1 = t090C: Temperature [ITS-90, deg C]
# name 2 = t190C: Temperature, 2 [ITS-90, deg C]
# name 3 = c0S/m: Conductivity [S/m]
# name 4 = c1S/m: Conductivity, 2 [S/m]
# name 5 = sbeox0V: Oxygen raw, SBE 43 [V]
# name 6 = flECO-AFL: Fluorescence, WET Labs ECO-AFL/FL [mg/m^3]
# name 7 = turbWETntu0: Turbidity, WET Labs ECO [NTU]
# name 8 = sal00: Salinity, Practical [PSU]
# name 9 = spar: SPAR/Surface Irradiance
# name 10 = scan: Scan Count
# name 11 = nbf: Bottles Fired
# name 12 = flag:  0.000e+00
# interval = seconds: 0.0416667
# start_time = Jun 12 2018 18:03:09 [System UTC, first data scan.]
# bad_flag = -9.990e-29
*END*
[from data line 1001]
      3.196     6.1210     6.1207   3.436388   3.436481     2.8819     3.1227     0.5582    34.8714 3.2809e+02      25170         21  0.000e+00
      3.196     6.1207     6.1208   3.436382   3.436505     2.8819     3.2008     0.5680    34.8716 3.2809e+02      25171         21  0.000e+00
      3.132     6.1207     6.1205   3.436388   3.436444     2.8819     3.2399     0.5680    34.8717 3.2585e+02      25172         21  0.000e+00
      3.196     6.1208     6.1206   3.436337   3.436481     2.8819     3.2399     0.5680    34.8710 3.2585e+02      25173         21  0.000e+00
      3.140     6.1207     6.1202   3.436330   3.436475     2.8819     3.2204     0.5680    34.8711 3.2585e+02      25174         21  0.000e+00
      3.196     6.1205     6.1205   3.436382   3.436475     2.8819     3.2204     0.5680    34.8718 3.2585e+02      25175         21  0.000e+00
      3.196     6.1213     6.1204   3.436420   3.436450     2.8819     3.2204     0.5680    34.8714 3.2585e+02      25176         21  0.000e+00
      3.132     6.1210     6.1202   3.436433   3.436475     2.8819     3.2204     0.5680    34.8719 3.2585e+02      25177         21  0.000e+00
      3.196     6.1213     6.1205   3.436452   3.436475     2.8819     3.2399     0.5680    34.8718 3.2585e+02      25178         21  0.000e+00
      3.132     6.1215     6.1204   3.436446   3.436481     2.8819     3.2204     0.5680    34.8716 3.2585e+02      25179         21  0.000e+00
      3.132     6.1217     6.1204   3.436452   3.436475     2.8819     3.2204     0.5680    34.8714 3.2809e+02      25180         21  0.000e+00
      3.132     6.1216     6.1205   3.436465   3.436475     2.8819     3.2204     0.5680    34.8716 3.2585e+02      25181         21  0.000e+00
      3.196     6.1215     6.1205   3.436465   3.436481     2.8819     3.2204     0.5680    34.8717 3.2585e+02      25182         21  0.000e+00
      3.140     6.1215     6.1207   3.436446   3.436505     2.8819     3.2204     0.5680    34.8716 3.2809e+02      25183         21  0.000e+00
      3.132     6.1216     6.1205   3.436452   3.436505     2.8819     3.2399     0.5680    34.8715 3.2809e+02      25184         21  0.000e+00
      3.132     6.1215     6.1205   3.436465   3.436481     2.8819     3.2399     0.5680    34.8718 3.2809e+02      25185         21  0.000e+00
      3.132     6.1216     6.1204   3.436465   3.436444     2.8819     3.2204     0.5680    34.8716 3.2585e+02      25186         21  0.000e+00
      3.140     6.1215     6.1208   3.436446   3.436511     2.8819     3.2204     0.5680    34.8716 3.2585e+02      25187         21  0.000e+00
      3.076     6.1215     6.1208   3.436433   3.436505     2.8819     3.2204     0.5680    34.8714 3.2809e+02      25188         21  0.000e+00
      3.132     6.1212     6.1213   3.436452   3.436505     2.8819     3.2204     0.5680    34.8719 3.2585e+02      25189         21  0.000e+00
      3.132     6.1215     6.1213   3.436446   3.436511     2.8819     3.2204     0.5680    34.8716 3.2585e+02      25190         21  0.000e+00
      3.076     6.1215     6.1210   3.436478   3.436536     2.8819     3.2204     0.5680    34.8719 3.2585e+02      25191         21  0.000e+00
      3.076     6.1216     6.1212   3.436497   3.436505     2.8819     3.2204     0.5680    34.8720 3.2585e+02      25192         21  0.000e+00
      3.132     6.1218     6.1211   3.436497   3.436511     2.8819     3.2204     0.5680    34.8718 3.2585e+02      25193         21  0.000e+00
      3.076     6.1221     6.1210   3.436536   3.436505     2.8807     3.2204     0.5680    34.8719 3.2809e+02      25194         21  0.000e+00
      3.076     6.1223     6.1208   3.436536   3.436444     2.8819     3.1422     0.5534    34.8718 3.2585e+02      25195         21  0.000e+00
      3.076     6.1223     6.1212   3.436568   3.436511     2.8819     3.1031     0.5436    34.8721 3.2809e+02      25196         21  0.000e+00
      3.076     6.1226     6.1217   3.436568   3.436536     2.8807     3.1031     0.5436    34.8718 3.2585e+02      25197         21  0.000e+00
      2.131     6.1221     6.1217   3.436446   3.436511     2.8795     2.8296     0.5289    34.8714 3.2585e+02      25314         22  0.000e+00
      2.372     6.1221     6.1218   3.436478   3.436505     2.8795     2.8101     0.5289    34.8716 3.2585e+02      25315         22  0.000e+00
      2.372     6.1221     6.1223   3.436452   3.436535     2.8795     3.1031     0.5582    34.8713 3.2585e+02      25316         22  0.000e+00
      2.308     6.1221     6.1225   3.436452   3.436572     2.8795     3.2985     0.5827    34.8714 3.2585e+02      25317         22  0.000e+00
      2.372     6.1219     6.1230   3.436465   3.436596     2.8807     3.3376     0.5827    34.8717 3.2585e+02      25318         22  0.000e+00
      2.372     6.1220     6.1232   3.436420   3.436657     2.8807     3.3180     0.5827    34.8711 3.2585e+02      25319         22  0.000e+00
      2.428     6.1221     6.1231   3.436446   3.436663     2.8807     3.2985     0.5827    34.8712 3.2585e+02      25320         22  0.000e+00
      2.372     6.1223     6.1233   3.436446   3.436657     2.8807     3.2985     0.5827    34.8711 3.2585e+02      25321         22  0.000e+00
      2.428     6.1224     6.1230   3.436452   3.436688     2.8795     3.2985     0.5827    34.8710 3.2360e+02      25322         22  0.000e+00
      2.428     6.1223     6.1230   3.436484   3.436663     2.8807     3.2985     0.5827    34.8715 3.2360e+02      25323         22  0.000e+00
      2.484     6.1224     6.1228   3.436497   3.436596     2.8807     3.2985     0.5827    34.8715 3.2360e+02      25324         22  0.000e+00
      2.492     6.1223     6.1230   3.436497   3.436633     2.8795     3.2985     0.5827    34.8716 3.2360e+02      25325         22  0.000e+00
      2.548     6.1226     6.1225   3.436497   3.436657     2.8807     3.2985     0.5827    34.8713 3.2360e+02      25326         22  0.000e+00
      2.548     6.1225     6.1225   3.436516   3.436657     2.8807     3.2985     0.5827    34.8716 3.2360e+02      25327         22  0.000e+00
      2.548     6.1226     6.1228   3.436484   3.436602     2.8807     3.2985     0.5827    34.8711 3.2585e+02      25328         22  0.000e+00
      2.660     6.1223     6.1218   3.436504   3.436596     2.8807     3.2985     0.5827    34.8716 3.2360e+02      25329         22  0.000e+00
      2.604     6.1225     6.1215   3.436484   3.436566     2.8807     3.2985     0.5827    34.8712 3.2360e+02      25330         22  0.000e+00
      2.660     6.1224     6.1215   3.436484   3.436481     2.8807     3.2985     0.5827    34.8712 3.2360e+02      25331         22  0.000e+00
      2.660     6.1225     6.1215   3.436497   3.436505     2.8795     3.2985     0.5827    34.8713 3.2585e+02      25332         22  0.000e+00
      2.724     6.1224     6.1214   3.436516   3.436536     2.8795     3.2985     0.5827    34.8716 3.2360e+02      25333         22  0.000e+00
      2.724     6.1226     6.1215   3.436568   3.436511     2.8795     3.2985     0.5827    34.8719 3.2360e+02      25334         22  0.000e+00
      2.788     6.1226     6.1213   3.436568   3.436566     2.8795     3.2985     0.5827    34.8720 3.2360e+02      25335         22  0.000e+00
      2.780     6.1228     6.1212   3.436491   3.436505     2.8795     3.2985     0.5827    34.8709 3.2360e+02      25336         22  0.000e+00
      2.844     6.1224     6.1212   3.436484   3.436481     2.8795     3.2985     0.5827    34.8711 3.2360e+02      25337         22  0.000e+00
      2.780     6.1226     6.1210   3.436497   3.436475     2.8795     3.2985     0.5827    34.8711 3.2360e+02      25338         22  0.000e+00
      2.901     6.1224     6.1208   3.436497   3.436505     2.8795     3.2985     0.5827    34.8713 3.2360e+02      25339         22  0.000e+00
      2.901     6.1224     6.1206   3.436452   3.436481     2.8795     3.1813     0.5778    34.8708 3.2360e+02      25340         22  0.000e+00
      2.901     6.1220     6.1207   3.436452   3.436444     2.8795     3.0250     0.5680    34.8712 3.2360e+02      25341         22  0.000e+00
      2.901     6.1216     6.1205   3.436484   3.436444     2.8795     3.0055     0.5680    34.8720 3.2360e+02      25342         22  0.000e+00
      2.957     6.1220     6.1207   3.436382   3.436450     2.8795     3.0055     0.5680    34.8704 3.2360e+02      25343         22  0.000e+00
      2.965     6.1221     6.1210   3.436407   3.436444     2.8795     3.0055     0.5680    34.8705 3.2360e+02      25344         22  0.000e+00
      3.021     6.1223     6.1210   3.436497   3.436475     2.8795     3.0055     0.5680    34.8714 3.2360e+02      25345         22  0.000e+00
      3.021     6.1227     6.1215   3.436568   3.436542     2.8795     3.0055     0.5680    34.8717 3.2360e+02      25346         22  0.000e+00
      3.077     6.1229     6.1214   3.436658   3.436566     2.8795     3.0055     0.5680    34.8725 3.2135e+02      25347         22  0.000e+00
      3.077     6.1231     6.1218   3.436639   3.436597     2.8795     3.0055     0.5680    34.8721 3.2360e+02      25348         22  0.000e+00
      3.077     6.1235     6.1220   3.436619   3.436603     2.8795     3.0055     0.5680    34.8715 3.2135e+02      25349         22  0.000e+00
      3.133     6.1233     6.1220   3.436529   3.436566     2.8795     3.0055     0.5680    34.8707 3.2360e+02      25350         22  0.000e+00
      3.077     6.1229     6.1218   3.436478   3.436627     2.8795     3.0055     0.5680    34.8704 3.2360e+02      25351         22  0.000e+00
      3.197     6.1224     6.1215   3.436446   3.436542     2.8795     3.0055     0.5680    34.8705 3.2135e+02      25352         22  0.000e+00
      3.141     6.1219     6.1215   3.436478   3.436597     2.8795     3.0055     0.5680    34.8714 3.2360e+02      25353         22  0.000e+00
      3.197     6.1220     6.1216   3.436478   3.436536     2.8782     3.0055     0.5680    34.8714 3.2360e+02      25354         22  0.000e+00
      3.197     6.1219     6.1217   3.436504   3.436572     2.8795     3.0250     0.5680    34.8717 3.2135e+02      25355         22  0.000e+00
      3.197     6.1220     6.1213   3.436523   3.436566     2.8782     3.0055     0.5680    34.8719 3.2135e+02      25356         22  0.000e+00
      3.253     6.1223     6.1210   3.436542   3.436566     2.8795     3.0055     0.5680    34.8717 3.2135e+02      25357         22  0.000e+00
      3.253     6.1223     6.1217   3.436517   3.436542     2.8795     3.0250     0.5680    34.8715 3.2360e+02      25358         22  0.000e+00
      3.253     6.1223     6.1212   3.436536   3.436536     2.8795     3.0055     0.5680    34.8717 3.2135e+02      25359         22  0.000e+00
      3.317     6.1223     6.1208   3.436491   3.436566     2.8795     3.0055     0.5680    34.8711 3.2135e+02      25360         22  0.000e+00
      3.253     6.1219     6.1205   3.436465   3.436481     2.8795     3.0055     0.5680    34.8712 3.2360e+02      25361         22  0.000e+00
      3.317     6.1213     6.1205   3.436420   3.436444     2.8795     3.0055     0.5680    34.8713 3.2360e+02      25362         22  0.000e+00
      2.846     6.1225     6.1222   3.436504   3.436603     2.8831     2.7515     0.5338    34.8713 3.2360e+02      25488         23  0.000e+00
      2.726     6.1224     6.1225   3.436516   3.436596     2.8831     2.7710     0.5338    34.8716 3.2360e+02      25489         23  0.000e+00
      2.726     6.1226     6.1223   3.436542   3.436627     2.8831     2.7906     0.5338    34.8717 3.2360e+02      25490         23  0.000e+00
      2.966     6.1226     6.1223   3.436555   3.436633     2.8831     2.7906     0.5338    34.8717 3.2360e+02      25491         23  0.000e+00
      2.846     6.1228     6.1225   3.436555   3.436627     2.8843     2.7906     0.5338    34.8716 3.2360e+02      25492         23  0.000e+00
      2.782     6.1229     6.1228   3.436574   3.436627     2.8843     2.7906     0.5338    34.8717 3.2360e+02      25493         23  0.000e+00
      2.782     6.1228     6.1226   3.436542   3.436602     2.8843     2.7906     0.5338    34.8715 3.2360e+02      25494         23  0.000e+00
      2.846     6.1227     6.1227   3.436523   3.436657     2.8843     2.7906     0.5338    34.8713 3.2360e+02      25495         23  0.000e+00
      2.846     6.1227     6.1226   3.436523   3.436633     2.8843     2.7906     0.5338    34.8713 3.2360e+02      25496         23  0.000e+00
      2.846     6.1229     6.1228   3.436523   3.436688     2.8843     2.7906     0.5338    34.8711 3.2360e+02      25497         23  0.000e+00
      2.846     6.1229     6.1230   3.436523   3.436627     2.8843     2.7710     0.5338    34.8711 3.2360e+02      25498         23  0.000e+00
      2.846     6.1231     6.1228   3.436568   3.436633     2.8843     2.7906     0.5338    34.8714 3.2360e+02      25499         23  0.000e+00
      2.846     6.1233     6.1228   3.436568   3.436657     2.8843     2.7906     0.5338    34.8713 3.2360e+02      25500         23  0.000e+00
      2.846     6.1231     6.1230   3.436574   3.436627     2.8831     2.7906     0.5338    34.8715 3.2360e+02      25501         23  0.000e+00
      2.846     6.1233     6.1229   3.436607   3.436663     2.8831     2.7906     0.5338    34.8717 3.2360e+02      25502         23  0.000e+00
      2.846     6.1233     6.1230   3.436600   3.436657     2.8831     2.7710     0.5338    34.8716 3.2360e+02      25503         23  0.000e+00
      2.846     6.1233     6.1231   3.436587   3.436657     2.8843     2.7906     0.5338    34.8715 3.2360e+02      25504         23  0.000e+00
      2.846     6.1235     6.1233   3.436607   3.436700     2.8843     2.7906     0.5338    34.8715 3.2360e+02      25505         23  0.000e+00
      2.902     6.1234     6.1233   3.436574   3.436688     2.8843     2.7906     0.5338    34.8711 3.2360e+02      25506         23  0.000e+00
      2.846     6.1235     6.1233   3.436626   3.436718     2.8831     2.7906     0.5338    34.8717 3.2360e+02      25507         23  0.000e+00
      2.846     6.1234     6.1233   3.436581   3.436663     2.8843     2.7906     0.5338    34.8712 3.2360e+02      25508         23  0.000e+00
      2.846     6.1233     6.1230   3.436574   3.436688     2.8843     2.7710     0.5338    34.8713 3.2360e+02      25509         23  0.000e+00
      2.846     6.1231     6.1230   3.436568   3.436657     2.8843     2.7515     0.5289    34.8714 3.2360e+02      25510         23  0.000e+00
      2.846     6.1233     6.1231   3.436574   3.436633     2.8843     2.7515     0.5289    34.8713 3.2360e+02      25511         23  0.000e+00
      2.902     6.1231     6.1231   3.436587   3.436657     2.8843     2.7515     0.5289    34.8716 3.2360e+02      25512         23  0.000e+00
      2.606     6.1231     6.1231   3.436542   3.436657     2.8843     2.7515     0.5289    34.8712 3.2360e+02      25513         23  0.000e+00
      3.078     6.1229     6.1231   3.436504   3.436700     2.8843     2.7515     0.5289    34.8707 3.2360e+02      25514         23  0.000e+00
      2.846     6.1229     6.1231   3.436536   3.436657     2.8843     2.7515     0.5289    34.8712 3.2360e+02      25515         23  0.000e+00
      2.846     6.1226     6.1231   3.436536   3.436688     2.8843     2.7515     0.5289    34.8715 3.2360e+02      25516         23  0.000e+00
      2.846     6.1227     6.1230   3.436523   3.436663     2.8843     2.7515     0.5289    34.8713 3.2360e+02      25517         23  0.000e+00
      2.846     6.1228     6.1231   3.436542   3.436718     2.8843     2.7515     0.5289    34.8714 3.2360e+02      25518         23  0.000e+00
      2.846     6.1226     6.1233   3.436536   3.436627     2.8843     2.7515     0.5289    34.8716 3.2360e+02      25519         23  0.000e+00
      2.846     6.1225     6.1230   3.436504   3.436663     2.8843     2.7515     0.5289    34.8713 3.2360e+02      25520         23  0.000e+00
