Ship_data/Irminger/Irminger-5/ctd/process/ar30-03006.ros
* Sea-Bird SBE 9 Data File:
* FileName = D:\Data\ar30-03006.hdr
* Software Version Seasave V 7.23.2
* Temperature SN = 4312
* Conductivity SN = 2148
* Number of Bytes Per Scan = 44
* Number of Voltage Words = 5
* Number of Scans Averaged by the Deck Unit = 1
* NMEA Latitude = 59 57.97 N
* NMEA Longitude = 039 30.98 W
* NMEA UTC (Time) = Jun 09 2018  13:38:40
** Cruise ID: ar30-03
** Chief Sci: Macdonald
** Station #: 006
** Site ID: Irminger 5 HYPM
** ctd cast at HYPM site with 3 bottom releases tested
# nquan = 13
# nvalues = 1176                                  
# units = specified
# name 0 = prDM: Pressure, Digiquartz [db]
# name 1 = t090C: Temperature [ITS-90, deg C]
# name 2 = t190C: Temperature, 2 [ITS-90, deg C]
# name 3 = c0S/m: Conductivity [S/m]
# name 4 = c1S/m: Conductivity, 2 [S/m]
# name 5 = sbeox0V: Oxygen raw, SBE 43 [V]
# name 6 = flECO-AFL: Fluorescence, WET Labs ECO-AFL/FL [mg/m^3]
# name 7 = turbWETntu0: Turbidity, WET Labs ECO [NTU]
# name 8 = sal00: Salinity, Practical [PSU]
# name 9 = spar: SPAR/Surface Irradiance
# name 10 = scan: Scan Count
# name 11 = nbf: Bottles Fired
# name 12 = flag:  0.000e+00
# interval = seconds: 0.0416667
# start_time = Jun 09 2018 13:38:40 [System UTC, first data scan.]
# bad_flag = -9.990e-29
*END*
[from data line 667]
    176.254     4.8248     4.8250   3.328232   3.328380     2.4120    -0.3352     0.3971    34.8889 7.8203e+02     193631         14  0.000e+00
    176.254     4.8247     4.8247   3.328251   3.328350     2.4120    -0.3547     0.3971    34.8892 7.8203e+02     193632         14  0.000e+00
    176.254     4.8249     4.8249   3.328264   3.328350     2.4120    -0.3352     0.3971    34.8892 7.8203e+02     193633         14  0.000e+00
    176.254     4.8248     4.8247   3.328270   3.328362     2.4120    -0.3547     0.3971    34.8894 7.8203e+02     193634         14  0.000e+00
    176.198     4.8249     4.8247   3.328283   3.328350     2.4120    -0.3547     0.3971    34.8895 7.8203e+02     193635         14  0.000e+00
    176.190     4.8249     4.8247   3.328277   3.328350     2.4120    -0.3352     0.3971    34.8894 7.8203e+02     193636         14  0.000e+00
    176.190     4.8248     4.8245   3.328245   3.328350     2.4120    -0.3547     0.3971    34.8891 7.7979e+02     193637         14  0.000e+00
    176.190     4.8249     4.8245   3.328258   3.328331     2.4120    -0.3352     0.3971    34.8892 7.7979e+02     193638         14  0.000e+00
    176.198     4.8247     4.8245   3.328245   3.328350     2.4120    -0.3352     0.3971    34.8892 7.7979e+02     193639         14  0.000e+00
    176.190     4.8249     4.8247   3.328232   3.328350     2.4120    -0.3352     0.3971    34.8888 7.7979e+02     193640         14  0.000e+00
    176.133     4.8249     4.8249   3.328251   3.328319     2.4120    -0.3547     0.3971    34.8891 7.7979e+02     193641         14  0.000e+00
    176.198     4.8250     4.8250   3.328264   3.328392     2.4120    -0.3547     0.3971    34.8891 7.7979e+02     193642         14  0.000e+00
    176.013     4.8248     4.8250   3.328245   3.328380     2.4120    -0.3547     0.3971    34.8892 7.7979e+02     193643         14  0.000e+00
    176.254     4.8247     4.8252   3.328251   3.328380     2.4120    -0.3547     0.3971    34.8892 7.7979e+02     193644         14  0.000e+00
    176.133     4.8247     4.8252   3.328264   3.328410     2.4120    -0.3547     0.3922    34.8894 7.7979e+02     193645         14  0.000e+00
    176.133     4.8248     4.8254   3.328226   3.328422     2.4120    -0.3743     0.3971    34.8889 7.7979e+02     193646         14  0.000e+00
    176.133     4.8247     4.8257   3.328226   3.328410     2.4120    -0.3547     0.3922    34.8890 7.7754e+02     193647         14  0.000e+00
    176.133     4.8246     4.8257   3.328232   3.328446     2.4120    -0.3547     0.3922    34.8892 7.7979e+02     193648         14  0.000e+00
    176.077     4.8248     4.8260   3.328232   3.328410     2.4120    -0.3547     0.3922    34.8890 7.7979e+02     193649         14  0.000e+00
    152.027     5.0697     5.0698   3.351054   3.351151     2.4405    -0.3157     0.3922    34.9099 7.8653e+02     196772         15  0.000e+00
    151.963     5.0696     5.0697   3.351022   3.351121     2.4405    -0.3352     0.3922    34.9097 7.8878e+02     196773         15  0.000e+00
    152.083     5.0697     5.0700   3.351035   3.351230     2.4405    -0.3352     0.3922    34.9096 7.8653e+02     196774         15  0.000e+00
    151.802     5.0697     5.0697   3.351066   3.351181     2.4405    -0.3157     0.3922    34.9101 7.8878e+02     196775         15  0.000e+00
    152.027     5.0697     5.0700   3.351054   3.351091     2.4405    -0.3352     0.3971    34.9099 7.8878e+02     196776         15  0.000e+00
    151.963     5.0697     5.0698   3.351041   3.351169     2.4405    -0.3352     0.3971    34.9097 7.8878e+02     196777         15  0.000e+00
    151.963     5.0697     5.0698   3.351041   3.351151     2.4405    -0.3352     0.3922    34.9097 7.8653e+02     196778         15  0.000e+00
    151.963     5.0697     5.0698   3.351022   3.351151     2.4405    -0.3157     0.3971    34.9096 7.8878e+02     196779         15  0.000e+00
    151.922     5.0699     5.0698   3.351016   3.351139     2.4405    -0.3157     0.3971    34.9093 7.8878e+02     196780         15  0.000e+00
    151.963     5.0699     5.0698   3.351009   3.351151     2.4405    -0.3352     0.3922    34.9092 7.8878e+02     196781         15  0.000e+00
    151.963     5.0697     5.0700   3.350990   3.351169     2.4405    -0.3352     0.3971    34.9092 7.8653e+02     196782         15  0.000e+00
    151.963     5.0699     5.0700   3.350996   3.351151     2.4405    -0.3352     0.3922    34.9091 7.8878e+02     196783         15  0.000e+00
    151.906     5.0697     5.0698   3.351028   3.351151     2.4405    -0.3157     0.3971    34.9096 7.8878e+02     196784         15  0.000e+00
    151.922     5.0696     5.0698   3.351003   3.351139     2.4405    -0.3352     0.3922    34.9095 7.8878e+02     196785         15  0.000e+00
    151.963     5.0697     5.0697   3.351003   3.351151     2.4405    -0.3157     0.3971    34.9093 7.8878e+02     196786         15  0.000e+00
    151.842     5.0697     5.0696   3.351009   3.351151     2.4405    -0.3352     0.3971    34.9094 7.8878e+02     196787         15  0.000e+00
    151.906     5.0698     5.0697   3.351028   3.351139     2.4405    -0.3157     0.3922    34.9095 7.8878e+02     196788         15  0.000e+00
    151.906     5.0699     5.0695   3.351041   3.351151     2.4405    -0.3157     0.3971    34.9096 7.8653e+02     196789         15  0.000e+00
    151.922     5.0699     5.0697   3.351041   3.351091     2.4405    -0.3157     0.3971    34.9096 7.8653e+02     196790         15  0.000e+00
    151.906     5.0699     5.0696   3.351022   3.351169     2.4405    -0.3352     0.3922    34.9094 7.8878e+02     196791         15  0.000e+00
    151.842     5.0699     5.0698   3.351028   3.351181     2.4405    -0.3352     0.3971    34.9095 7.8878e+02     196792         15  0.000e+00
    151.906     5.0699     5.0696   3.351022   3.351139     2.4405    -0.3352     0.3971    34.9094 7.8878e+02     196793         15  0.000e+00
    151.842     5.0697     5.0698   3.351028   3.351121     2.4405    -0.3547     0.3971    34.9097 7.8878e+02     196794         15  0.000e+00
    151.802     5.0699     5.0698   3.351041   3.351151     2.4405    -0.3352     0.4019    34.9097 7.8878e+02     196795         15  0.000e+00
    151.842     5.0699     5.0701   3.351041   3.351169     2.4405    -0.3352     0.3971    34.9096 7.8878e+02     196796         15  0.000e+00
    151.842     5.0699     5.0698   3.351047   3.351151     2.4405    -0.3352     0.3971    34.9097 7.8878e+02     196797         15  0.000e+00
    151.786     5.0700     5.0698   3.351060   3.351151     2.4405    -0.3352     0.3971    34.9098 7.8878e+02     196798         15  0.000e+00
    151.842     5.0700     5.0698   3.351092   3.351139     2.4405    -0.3352     0.3971    34.9101 7.8878e+02     196799         15  0.000e+00
    151.738     5.0699     5.0700   3.351079   3.351151     2.4405    -0.3352     0.3971    34.9101 7.8878e+02     196800         15  0.000e+00
    151.786     5.0699     5.0697   3.351054   3.351121     2.4405    -0.3352     0.3971    34.9098 7.8878e+02     196801         15  0.000e+00
    151.786     5.0700     5.0698   3.351022   3.351139     2.4405    -0.3352     0.3971    34.9093 7.8878e+02     196802         15  0.000e+00
    151.730     5.0702     5.0698   3.351054   3.351181     2.4405    -0.3352     0.3971    34.9095 7.8878e+02     196803         15  0.000e+00
    151.786     5.0697     5.0698   3.351073   3.351109     2.4405    -0.3352     0.3971    34.9102 7.8878e+02     196804         15  0.000e+00
    151.738     5.0699     5.0697   3.351028   3.351121     2.4405    -0.3352     0.3971    34.9096 7.8878e+02     196805         15  0.000e+00
    151.665     5.0700     5.0695   3.351009   3.351151     2.4405    -0.3352     0.3971    34.9092 7.8878e+02     196806         15  0.000e+00
    151.730     5.0698     5.0695   3.351035   3.351079     2.4405    -0.3352     0.3971    34.9097 7.9102e+02     196807         15  0.000e+00
    151.730     5.0697     5.0695   3.351022   3.351121     2.4405    -0.3352     0.3971    34.9096 7.8878e+02     196808         15  0.000e+00
    151.665     5.0697     5.0697   3.351054   3.351121     2.4405    -0.3352     0.3971    34.9100 7.8878e+02     196809         15  0.000e+00
    151.681     5.0697     5.0697   3.351054   3.351109     2.4405    -0.3352     0.3971    34.9100 7.8878e+02     196810         15  0.000e+00
    151.665     5.0700     5.0696   3.351060   3.351121     2.4405    -0.3352     0.3971    34.9098 7.8878e+02     196811         15  0.000e+00
    151.609     5.0697     5.0695   3.351054   3.351091     2.4405    -0.3352     0.3971    34.9101 7.8878e+02     196812         15  0.000e+00
    151.609     5.0700     5.0696   3.351022   3.351169     2.4405    -0.3352     0.3971    34.9094 7.8878e+02     196813         15  0.000e+00
    151.609     5.0700     5.0698   3.351035   3.351121     2.4405    -0.3352     0.3971    34.9095 7.8878e+02     196814         15  0.000e+00
    151.561     5.0699     5.0696   3.351041   3.351079     2.4405    -0.3352     0.3971    34.9098 7.8878e+02     196815         15  0.000e+00
    151.609     5.0700     5.0700   3.351041   3.351121     2.4405    -0.3547     0.3971    34.9096 7.8878e+02     196816         15  0.000e+00
    151.545     5.0702     5.0696   3.351041   3.351091     2.4405    -0.3547     0.3971    34.9095 7.8878e+02     196817         15  0.000e+00
    151.545     5.0700     5.0698   3.351041   3.351139     2.4405    -0.3547     0.3971    34.9096 7.9102e+02     196818         15  0.000e+00
    151.489     5.0700     5.0701   3.351047   3.351151     2.4405    -0.3547     0.3971    34.9097 7.8878e+02     196819         15  0.000e+00
    151.505     5.0700     5.0698   3.351022   3.351121     2.4405    -0.3352     0.3971    34.9094 7.8878e+02     196820         15  0.000e+00
    151.432     5.0712     5.0711   3.351149   3.351199     2.4404    -0.3352     0.3971    34.9098 7.8428e+02     197113         16  0.000e+00
    151.368     5.0712     5.0711   3.351143   3.351241     2.4404    -0.3547     0.3971    34.9097 7.8428e+02     197114         16  0.000e+00
    151.312     5.0710     5.0711   3.351155   3.351271     2.4404    -0.3352     0.3971    34.9101 7.8653e+02     197115         16  0.000e+00
    151.561     5.0710     5.0711   3.351143   3.351229     2.4404    -0.3352     0.4019    34.9098 7.8653e+02     197116         16  0.000e+00
    151.312     5.0708     5.0708   3.351130   3.351211     2.4404    -0.3547     0.3971    34.9100 7.8428e+02     197117         16  0.000e+00
    151.368     5.0713     5.0711   3.351149   3.351259     2.4404    -0.3547     0.3971    34.9096 7.8428e+02     197118         16  0.000e+00
    151.368     5.0712     5.0713   3.351200   3.351241     2.4404    -0.3352     0.3971    34.9104 7.8428e+02     197119         16  0.000e+00
    151.312     5.0715     5.0716   3.351206   3.351271     2.4404    -0.3352     0.3971    34.9102 7.8428e+02     197120         16  0.000e+00
    151.384     5.0720     5.0716   3.351200   3.351259     2.4404    -0.3352     0.3971    34.9095 7.8203e+02     197121         16  0.000e+00
    151.368     5.0721     5.0718   3.351194   3.351338     2.4404    -0.3352     0.3971    34.9093 7.8203e+02     197122         16  0.000e+00
    151.312     5.0720     5.0716   3.351232   3.351302     2.4404    -0.3547     0.3971    34.9099 7.8203e+02     197123         16  0.000e+00
    151.312     5.0721     5.0714   3.351232   3.351290     2.4404    -0.3352     0.3971    34.9098 7.8203e+02     197124         16  0.000e+00
    151.368     5.0721     5.0714   3.351219   3.351271     2.4404    -0.3352     0.3971    34.9096 7.8203e+02     197125         16  0.000e+00
    151.328     5.0721     5.0713   3.351206   3.351302     2.4404    -0.3352     0.3971    34.9095 7.8203e+02     197126         16  0.000e+00
    151.256     5.0720     5.0709   3.351213   3.351290     2.4404    -0.3352     0.3971    34.9097 7.8203e+02     197127         16  0.000e+00
    151.312     5.0720     5.0711   3.351219   3.351302     2.4404    -0.3547     0.3971    34.9098 7.7979e+02     197128         16  0.000e+00
    151.312     5.0718     5.0711   3.351200   3.351199     2.4404    -0.3352     0.3971    34.9097 7.7979e+02     197129         16  0.000e+00
    151.312     5.0718     5.0711   3.351194   3.351271     2.4404    -0.3547     0.3971    34.9096 7.7979e+02     197130         16  0.000e+00
    151.264     5.0718     5.0708   3.351219   3.351271     2.4404    -0.3352     0.3971    34.9100 7.7979e+02     197131         16  0.000e+00
    151.256     5.0720     5.0708   3.351206   3.351229     2.4404    -0.3352     0.3971    34.9097 7.7979e+02     197132         16  0.000e+00
    151.256     5.0718     5.0708   3.351213   3.351271     2.4404    -0.3352     0.3971    34.9099 7.7754e+02     197133         16  0.000e+00
    151.312     5.0718     5.0708   3.351200   3.351211     2.4404    -0.3352     0.3971    34.9097 7.7754e+02     197134         16  0.000e+00
    151.255     5.0719     5.0706   3.351194   3.351229     2.4404    -0.3157     0.3971    34.9096 7.7979e+02     197135         16  0.000e+00
    151.255     5.0715     5.0709   3.351175   3.351181     2.4404    -0.3157     0.3971    34.9098 7.7979e+02     197136         16  0.000e+00
    151.263     5.0717     5.0706   3.351187   3.351229     2.4404    -0.3157     0.3971    34.9098 7.7754e+02     197137         16  0.000e+00
    151.255     5.0717     5.0709   3.351149   3.351211     2.4404    -0.3352     0.3971    34.9093 7.7754e+02     197138         16  0.000e+00
    151.191     5.0715     5.0709   3.351149   3.351211     2.4404    -0.3157     0.3971    34.9096 7.7754e+02     197139         16  0.000e+00
    151.255     5.0715     5.0706   3.351162   3.351229     2.4404    -0.3157     0.3971    34.9097 7.7754e+02     197140         16  0.000e+00
    151.191     5.0713     5.0711   3.351181   3.351271     2.4404    -0.3352     0.3971    34.9101 7.7754e+02     197141         16  0.000e+00
    151.263     5.0715     5.0709   3.351175   3.351241     2.4404    -0.3157     0.3971    34.9098 7.7754e+02     197142         16  0.000e+00
    151.191     5.0715     5.0713   3.351143   3.351229     2.4404    -0.3157     0.3971    34.9095 7.7754e+02     197143         16  0.000e+00
    151.191     5.0714     5.0712   3.351174   3.351241     2.4404    -0.3157     0.3971    34.9099 7.7529e+02     197144         16  0.000e+00
    151.191     5.0715     5.0713   3.351194   3.351302     2.4404    -0.3157     0.3971    34.9101 7.7754e+02     197145         16  0.000e+00
    151.191     5.0713     5.0716   3.351174   3.351290     2.4404    -0.3352     0.3971    34.9100 7.7529e+02     197146         16  0.000e+00
    151.207     5.0715     5.0714   3.351181   3.351241     2.4404    -0.3157     0.3971    34.9099 7.7529e+02     197147         16  0.000e+00
    151.135     5.0715     5.0714   3.351194   3.351290     2.4404    -0.3352     0.3971    34.9101 7.7529e+02     197148         16  0.000e+00
    151.255     5.0715     5.0713   3.351175   3.351241     2.4404    -0.3157     0.3971    34.9098 7.7529e+02     197149         16  0.000e+00
    151.135     5.0713     5.0714   3.351181   3.351271     2.4404    -0.3157     0.3971    34.9101 7.7529e+02     197150         16  0.000e+00
    151.191     5.0713     5.0716   3.351174   3.351259     2.4404    -0.3157     0.3971    34.9100 7.7529e+02     197151         16  0.000e+00
    151.191     5.0713     5.0713   3.351181   3.351271     2.4404    -0.3157     0.3971    34.9101 7.7304e+02     197152         16  0.000e+00
    151.151     5.0713     5.0711   3.351194   3.351241     2.4404    -0.3157     0.3971    34.9103 7.7304e+02     197153         16  0.000e+00
    151.191     5.0715     5.0708   3.351194   3.351259     2.4404    -0.3352     0.3971    34.9101 7.7304e+02     197154         16  0.000e+00
