Ship_data/Irminger/Irminger-5/ctd/process/ar30-03017.ros
* Sea-Bird SBE 9 Data File:
* FileName = D:\Data\ar30-03017.hdr
* Software Version Seasave V 7.23.2
* Temperature SN = 4312
* Conductivity SN = 2148
* Number of Bytes Per Scan = 44
* Number of Voltage Words = 5
* Number of Scans Averaged by the Deck Unit = 1
* NMEA Latitude = 59 51.17 N
* NMEA Longitude = 040 42.29 W
* NMEA UTC (Time) = Jun 18 2018  13:04:33
** Cruise ID: ar30-03
** Chief Sci: Macdonald
** Station #: 017
** Site ID: Irminger 5 OSNAP M2
# nquan = 13
# nvalues = 735                                   
# units = specified
# name 0 = prDM: Pressure, Digiquartz [db]
# name 1 = t090C: Temperature [ITS-90, deg C]
# name 2 = t190C: Temperature, 2 [ITS-90, deg C]
# name 3 = c0S/m: Conductivity [S/m]
# name 4 = c1S/m: Conductivity, 2 [S/m]
# name 5 = sbeox0V: Oxygen raw, SBE 43 [V]
# name 6 = flECO-AFL: Fluorescence, WET Labs ECO-AFL/FL [mg/m^3]
# name 7 = turbWETntu0: Turbidity, WET Labs ECO [NTU]
# name 8 = sal00: Salinity, Practical [PSU]
# name 9 = spar: SPAR/Surface Irradiance
# name 10 = scan: Scan Count
# name 11 = nbf: Bottles Fired
# name 12 = flag:  0.000e+00
# interval = seconds: 0.0416667
# start_time = Jun 18 2018 13:04:33 [System UTC, first data scan.]
# bad_flag = -9.990e-29
*END*
[from data line 334]
    761.554     3.5336     3.5342   3.238286   3.238437     2.2463    -0.3938     0.3678    34.8835 1.1169e+03     131190          7  0.000e+00
    761.497     3.5336     3.5340   3.238273   3.238437     2.2451    -0.3938     0.3678    34.8833 1.1191e+03     131191          7  0.000e+00
    761.489     3.5334     3.5342   3.238273   3.238455     2.2463    -0.3938     0.3678    34.8835 1.1169e+03     131192          7  0.000e+00
    761.554     3.5334     3.5343   3.238273   3.238437     2.2463    -0.3938     0.3678    34.8835 1.1169e+03     131193          7  0.000e+00
    761.554     3.5334     3.5344   3.238255   3.238467     2.2463    -0.3938     0.3678    34.8832 1.1169e+03     131194          7  0.000e+00
    761.554     3.5333     3.5345   3.238267   3.238455     2.2451    -0.3938     0.3678    34.8835 1.1191e+03     131195          7  0.000e+00
    761.554     3.5336     3.5344   3.238273   3.238497     2.2451    -0.3938     0.3678    34.8833 1.1169e+03     131196          7  0.000e+00
    761.619     3.5331     3.5340   3.238261   3.238526     2.2451    -0.3938     0.3678    34.8836 1.1169e+03     131197          7  0.000e+00
    761.554     3.5334     3.5335   3.238292   3.238437     2.2451    -0.3938     0.3678    34.8837 1.1169e+03     131198          7  0.000e+00
    506.426     3.6860     3.6869   3.241084   3.241267     2.3162    -0.3743     0.3726    34.8898 1.2045e+03     140421          8  0.000e+00
    506.240     3.6860     3.6870   3.241077   3.241297     2.3162    -0.3743     0.3726    34.8898 1.2045e+03     140422          8  0.000e+00
    506.062     3.6861     3.6869   3.241083   3.241297     2.3162    -0.3743     0.3775    34.8898 1.2045e+03     140423          8  0.000e+00
    506.304     3.6861     3.6869   3.241096   3.241267     2.3162    -0.3743     0.3726    34.8898 1.2045e+03     140424          8  0.000e+00
    506.369     3.6861     3.6869   3.241115   3.241327     2.3162    -0.3743     0.3726    34.8900 1.2045e+03     140425          8  0.000e+00
    506.304     3.6865     3.6870   3.241109   3.241297     2.3162    -0.3743     0.3726    34.8896 1.2045e+03     140426          8  0.000e+00
    506.361     3.6865     3.6867   3.241115   3.241297     2.3162    -0.3743     0.3726    34.8897 1.2045e+03     140427          8  0.000e+00
    506.304     3.6865     3.6867   3.241127   3.241267     2.3162    -0.3743     0.3726    34.8898 1.2023e+03     140428          8  0.000e+00
    506.369     3.6868     3.6867   3.241127   3.241208     2.3162    -0.3743     0.3726    34.8895 1.2023e+03     140429          8  0.000e+00
    506.426     3.6868     3.6865   3.241127   3.241297     2.3162    -0.3743     0.3726    34.8894 1.2023e+03     140430          8  0.000e+00
    506.426     3.6871     3.6865   3.241127   3.241297     2.3162    -0.3743     0.3726    34.8891 1.2023e+03     140431          8  0.000e+00
    506.369     3.6865     3.6867   3.241127   3.241237     2.3162    -0.3743     0.3726    34.8898 1.2023e+03     140432          8  0.000e+00
    506.482     3.6863     3.6865   3.241128   3.241267     2.3162    -0.3743     0.3726    34.8899 1.2023e+03     140433          8  0.000e+00
    506.426     3.6863     3.6864   3.241084   3.241237     2.3162    -0.3743     0.3726    34.8894 1.2023e+03     140434          8  0.000e+00
    506.482     3.6860     3.6869   3.241084   3.241297     2.3174    -0.3743     0.3726    34.8897 1.2023e+03     140435          8  0.000e+00
    506.426     3.6863     3.6869   3.241115   3.241267     2.3174    -0.3743     0.3726    34.8898 1.2023e+03     140436          8  0.000e+00
    506.482     3.6860     3.6864   3.241128   3.241297     2.3162    -0.3743     0.3775    34.8902 1.2000e+03     140437          8  0.000e+00
    506.547     3.6860     3.6865   3.241065   3.241267     2.3174    -0.3743     0.3726    34.8895 1.2000e+03     140438          8  0.000e+00
    506.482     3.6860     3.6864   3.241077   3.241267     2.3174    -0.3743     0.3726    34.8896 1.2000e+03     140439          8  0.000e+00
    506.482     3.6858     3.6864   3.241058   3.241237     2.3174    -0.3743     0.3726    34.8896 1.2000e+03     140440          8  0.000e+00
    506.547     3.6858     3.6867   3.241077   3.241297     2.3174    -0.3938     0.3775    34.8898 1.2000e+03     140441          8  0.000e+00
    506.547     3.6858     3.6870   3.241077   3.241267     2.3174    -0.3938     0.3824    34.8898 1.2000e+03     140442          8  0.000e+00
    506.547     3.6861     3.6872   3.241084   3.241327     2.3174    -0.3938     0.3824    34.8895 1.2000e+03     140443          8  0.000e+00
    506.547     3.6863     3.6873   3.241077   3.241357     2.3174    -0.3743     0.3775    34.8893 1.2000e+03     140444          8  0.000e+00
    506.547     3.6866     3.6877   3.241109   3.241357     2.3174    -0.3938     0.3775    34.8893 1.2000e+03     140445          8  0.000e+00
    506.603     3.6868     3.6881   3.241109   3.241357     2.3174    -0.3938     0.3775    34.8891 1.2000e+03     140446          8  0.000e+00
    506.547     3.6865     3.6880   3.241115   3.241386     2.3174    -0.3938     0.3775    34.8896 1.2000e+03     140447          8  0.000e+00
    506.603     3.6863     3.6877   3.241128   3.241357     2.3174    -0.3938     0.3775    34.8898 1.2000e+03     140448          8  0.000e+00
    506.547     3.6865     3.6875   3.241109   3.241357     2.3174    -0.3938     0.3775    34.8895 1.2000e+03     140449          8  0.000e+00
    506.603     3.6863     3.6877   3.241096   3.241297     2.3174    -0.3938     0.3775    34.8895 1.2000e+03     140450          8  0.000e+00
    506.603     3.6863     3.6873   3.241077   3.241327     2.3174    -0.3938     0.3775    34.8892 1.2000e+03     140451          8  0.000e+00
    506.603     3.6861     3.6875   3.241065   3.241297     2.3174    -0.3938     0.3775    34.8893 1.2000e+03     140452          8  0.000e+00
    506.547     3.6860     3.6877   3.241084   3.241297     2.3174    -0.3938     0.3775    34.8897 1.1978e+03     140453          8  0.000e+00
    506.660     3.6860     3.6878   3.241077   3.241327     2.3174    -0.3938     0.3775    34.8896 1.1978e+03     140454          8  0.000e+00
    506.547     3.6861     3.6877   3.241065   3.241327     2.3174    -0.3743     0.3775    34.8893 1.1978e+03     140455          8  0.000e+00
    506.603     3.6860     3.6873   3.241065   3.241386     2.3174    -0.3938     0.3775    34.8894 1.2000e+03     140456          8  0.000e+00
    506.603     3.6860     3.6875   3.241109   3.241357     2.3174    -0.3938     0.3775    34.8900 1.1978e+03     140457          8  0.000e+00
    506.547     3.6858     3.6878   3.241084   3.241416     2.3174    -0.3938     0.3775    34.8899 1.2000e+03     140458          8  0.000e+00
    506.668     3.6860     3.6883   3.241065   3.241357     2.3174    -0.3938     0.3775    34.8894 1.1978e+03     140459          8  0.000e+00
    506.603     3.6858     3.6881   3.241109   3.241386     2.3174    -0.3938     0.3775    34.8901 1.1978e+03     140460          8  0.000e+00
    506.603     3.6860     3.6881   3.241109   3.241416     2.3162    -0.3938     0.3775    34.8900 1.1978e+03     140461          8  0.000e+00
    506.603     3.6861     3.6877   3.241077   3.241386     2.3162    -0.3938     0.3775    34.8894 1.1978e+03     140462          8  0.000e+00
    506.603     3.6860     3.6875   3.241065   3.241357     2.3174    -0.3938     0.3775    34.8894 1.2000e+03     140463          8  0.000e+00
    506.668     3.6861     3.6877   3.241084   3.241386     2.3162    -0.3938     0.3775    34.8895 1.1978e+03     140464          8  0.000e+00
    506.603     3.6861     3.6873   3.241077   3.241386     2.3162    -0.3938     0.3775    34.8894 1.1978e+03     140465          8  0.000e+00
    506.603     3.6861     3.6873   3.241084   3.241357     2.3162    -0.3938     0.3775    34.8895 1.1978e+03     140466          8  0.000e+00
    506.603     3.6863     3.6872   3.241096   3.241386     2.3162    -0.3938     0.3775    34.8895 1.1978e+03     140467          8  0.000e+00
    506.603     3.6863     3.6873   3.241096   3.241357     2.3162    -0.3938     0.3775    34.8895 1.1978e+03     140468          8  0.000e+00
    506.603     3.6861     3.6870   3.241115   3.241327     2.3162    -0.3938     0.3775    34.8899 1.2000e+03     140469          8  0.000e+00
    205.431     4.3951     4.3933   3.290852   3.290844     2.4699    -0.2571     0.4166    34.8884 1.1641e+03     150141          9  0.000e+00
    205.294     4.3951     4.3931   3.290826   3.290784     2.4699    -0.2571     0.4166    34.8882 1.1618e+03     150142          9  0.000e+00
    205.495     4.3953     4.3929   3.290852   3.290814     2.4699    -0.2571     0.4166    34.8882 1.1618e+03     150143          9  0.000e+00
    205.608     4.3951     4.3930   3.290852   3.290724     2.4699    -0.2571     0.4166    34.8883 1.1618e+03     150144          9  0.000e+00
    205.583     4.3951     4.3930   3.290858   3.290784     2.4699    -0.2571     0.4166    34.8884 1.1618e+03     150145          9  0.000e+00
    205.551     4.3953     4.3931   3.290889   3.290784     2.4699    -0.2571     0.4166    34.8886 1.1618e+03     150146          9  0.000e+00
    205.551     4.3954     4.3932   3.290864   3.290814     2.4699    -0.2571     0.4166    34.8882 1.1618e+03     150147          9  0.000e+00
    205.551     4.3954     4.3933   3.290908   3.290784     2.4699    -0.2571     0.4166    34.8887 1.1618e+03     150148          9  0.000e+00
    205.583     4.3956     4.3934   3.290927   3.290754     2.4699    -0.2571     0.4166    34.8887 1.1618e+03     150149          9  0.000e+00
    205.608     4.3953     4.3933   3.290908   3.290844     2.4711    -0.2571     0.4166    34.8888 1.1596e+03     150150          9  0.000e+00
    205.608     4.3956     4.3933   3.290902   3.290844     2.4711    -0.2571     0.4166    34.8885 1.1618e+03     150151          9  0.000e+00
    205.648     4.3956     4.3931   3.290877   3.290814     2.4711    -0.2571     0.4166    34.8881 1.1596e+03     150152          9  0.000e+00
    205.608     4.3951     4.3930   3.290852   3.290814     2.4699    -0.2571     0.4166    34.8883 1.1618e+03     150153          9  0.000e+00
    205.672     4.3948     4.3929   3.290845   3.290784     2.4699    -0.2571     0.4117    34.8886 1.1596e+03     150154          9  0.000e+00
    205.672     4.3951     4.3931   3.290845   3.290724     2.4699    -0.2571     0.4117    34.8882 1.1596e+03     150155          9  0.000e+00
    205.704     4.3953     4.3930   3.290858   3.290754     2.4711    -0.2571     0.4068    34.8882 1.1596e+03     150156          9  0.000e+00
    205.672     4.3953     4.3930   3.290852   3.290784     2.4711    -0.2571     0.4068    34.8881 1.1596e+03     150157          9  0.000e+00
    205.728     4.3956     4.3932   3.290864   3.290784     2.4711    -0.2571     0.4068    34.8879 1.1596e+03     150158          9  0.000e+00
    205.704     4.3953     4.3932   3.290871   3.290814     2.4711    -0.2571     0.4117    34.8883 1.1596e+03     150159          9  0.000e+00
    205.728     4.3951     4.3932   3.290871   3.290784     2.4699    -0.2571     0.4068    34.8885 1.1596e+03     150160          9  0.000e+00
    205.728     4.3954     4.3932   3.290852   3.290754     2.4711    -0.2571     0.4068    34.8879 1.1596e+03     150161          9  0.000e+00
    205.551     4.3951     4.3931   3.290801   3.290754     2.4711    -0.2571     0.4117    34.8878 1.1596e+03     150162          9  0.000e+00
    205.945     4.3946     4.3932   3.290795   3.290784     2.4711    -0.2571     0.4117    34.8880 1.1596e+03     150163          9  0.000e+00
    205.792     4.3945     4.3930   3.290807   3.290784     2.4711    -0.2571     0.4068    34.8884 1.1596e+03     150164          9  0.000e+00
    205.728     4.3943     4.3929   3.290769   3.290784     2.4711    -0.2375     0.4068    34.8882 1.1596e+03     150165          9  0.000e+00
    205.825     4.3943     4.3929   3.290751   3.290784     2.4711    -0.2571     0.4117    34.8879 1.1596e+03     150166          9  0.000e+00
    205.792     4.3938     4.3930   3.290750   3.290784     2.4711    -0.2571     0.4117    34.8884 1.1596e+03     150167          9  0.000e+00
    205.728     4.3941     4.3931   3.290732   3.290724     2.4711    -0.2571     0.4117    34.8879 1.1596e+03     150168          9  0.000e+00
    205.825     4.3937     4.3930   3.290681   3.290754     2.4711    -0.2571     0.4068    34.8878 1.1596e+03     150169          9  0.000e+00
    205.792     4.3937     4.3929   3.290706   3.290784     2.4711    -0.2571     0.4068    34.8881 1.1596e+03     150170          9  0.000e+00
    205.792     4.3937     4.3929   3.290719   3.290724     2.4711    -0.2571     0.4068    34.8882 1.1596e+03     150171          9  0.000e+00
    205.849     4.3935     4.3929   3.290719   3.290724     2.4711    -0.2571     0.4068    34.8884 1.1596e+03     150172          9  0.000e+00
    205.768     4.3937     4.3929   3.290706   3.290784     2.4711    -0.2571     0.4068    34.8881 1.1596e+03     150173          9  0.000e+00
    205.849     4.3934     4.3928   3.290706   3.290784     2.4711    -0.2571     0.4068    34.8884 1.1596e+03     150174          9  0.000e+00
    205.792     4.3935     4.3929   3.290700   3.290784     2.4711    -0.2571     0.4068    34.8882 1.1596e+03     150175          9  0.000e+00
    205.825     4.3934     4.3927   3.290675   3.290754     2.4711    -0.2571     0.4068    34.8880 1.1596e+03     150176          9  0.000e+00
    205.792     4.3934     4.3929   3.290681   3.290784     2.4711    -0.2571     0.4068    34.8881 1.1618e+03     150177          9  0.000e+00
    205.849     4.3932     4.3929   3.290694   3.290724     2.4711    -0.2571     0.4068    34.8884 1.1618e+03     150178          9  0.000e+00
    205.825     4.3934     4.3927   3.290668   3.290724     2.4711    -0.2571     0.4068    34.8879 1.1618e+03     150179          9  0.000e+00
    205.849     4.3934     4.3927   3.290662   3.290754     2.4711    -0.2571     0.4068    34.8878 1.1618e+03     150180          9  0.000e+00
    205.792     4.3935     4.3928   3.290681   3.290784     2.4711    -0.2375     0.4068    34.8879 1.1618e+03     150181          9  0.000e+00
    205.849     4.3934     4.3927   3.290706   3.290754     2.4711    -0.2571     0.4068    34.8884 1.1618e+03     150182          9  0.000e+00
    205.825     4.3934     4.3925   3.290675   3.290724     2.4711    -0.2571     0.4068    34.8880 1.1618e+03     150183          9  0.000e+00
    205.849     4.3932     4.3926   3.290706   3.290754     2.4711    -0.2571     0.4068    34.8885 1.1641e+03     150184          9  0.000e+00
    205.792     4.3934     4.3927   3.290700   3.290754     2.4711    -0.2375     0.4068    34.8883 1.1641e+03     150185          9  0.000e+00
    205.825     4.3934     4.3929   3.290668   3.290754     2.4711    -0.2571     0.4068    34.8879 1.1641e+03     150186          9  0.000e+00
    205.849     4.3935     4.3929   3.290725   3.290724     2.4711    -0.2571     0.4068    34.8884 1.1641e+03     150187          9  0.000e+00
    205.792     4.3935     4.3930   3.290713   3.290754     2.4724    -0.2571     0.4068    34.8883 1.1641e+03     150188          9  0.000e+00
    205.849     4.3938     4.3929   3.290732   3.290754     2.4711    -0.2571     0.4068    34.8882 1.1641e+03     150189          9  0.000e+00
    101.558     4.9976     4.9937   3.342378   3.342168     2.4360    -0.1984     0.4117    34.9116 1.1483e+03     157196         10  0.000e+00
    101.438     4.9978     4.9939   3.342378   3.342168     2.4360    -0.1984     0.4117    34.9115 1.1483e+03     157197         10  0.000e+00
    101.615     4.9980     4.9940   3.342378   3.342168     2.4372    -0.1984     0.4117    34.9112 1.1483e+03     157198         10  0.000e+00
