Ship_data/Irminger/Irminger-5/ctd/process/ar30-03020.ros
* Sea-Bird SBE 9 Data File:
* FileName = D:\Data\ar30-03020.hdr
* Software Version Seasave V 7.23.2
* Temperature SN = 4312
* Conductivity SN = 2148
* Number of Bytes Per Scan = 44
* Number of Voltage Words = 5
* Number of Scans Averaged by the Deck Unit = 1
* NMEA Latitude = 59 48.34 N
* NMEA Longitude = 040 16.94 W
* NMEA UTC (Time) = Jun 19 2018  11:50:34
** Cruise ID: ar30-03
** Chief Sci: Macdonald
** Station #: 020
** Site ID: Irminger 5 OSNAP M3
** Cast at OSNAP mooring M3
# nquan = 13
# nvalues = 735                                   
# units = specified
# name 0 = prDM: Pressure, Digiquartz [db]
# name 1 = t090C: Temperature [ITS-90, deg C]
# name 2 = t190C: Temperature, 2 [ITS-90, deg C]
# name 3 = c0S/m: Conductivity [S/m]
# name 4 = c1S/m: Conductivity, 2 [S/m]
# name 5 = sbeox0V: Oxygen raw, SBE 43 [V]
# name 6 = flECO-AFL: Fluorescence, WET Labs ECO-AFL/FL [mg/m^3]
# name 7 = turbWETntu0: Turbidity, WET Labs ECO [NTU]
# name 8 = sal00: Salinity, Practical [PSU]
# name 9 = spar: SPAR/Surface Irradiance
# name 10 = scan: Scan Count
# name 11 = nbf: Bottles Fired
# name 12 = flag:  0.000e+00
# interval = seconds: 0.0416667
# start_time = Jun 19 2018 11:50:34 [System UTC, first data scan.]
# bad_flag = -9.990e-29
*END*
   2581.806     1.3970     1.3977   3.125742   3.125828     1.8059    -0.3743     0.4752    34.8861 7.8203e+02      69156          1  0.000e+00
   2581.756     1.3972     1.3977   3.125773   3.125828     1.8059    -0.3743     0.4752    34.8864 7.8203e+02      69157          1  0.000e+00
   2581.806     1.3970     1.3977   3.125773   3.125828     1.8059    -0.3743     0.4752    34.8865 7.8203e+02      69158          1  0.000e+00
   2581.756     1.3972     1.3977   3.125742   3.125804     1.8059    -0.3547     0.4752    34.8860 7.8203e+02      69159          1  0.000e+00
   2581.806     1.3973     1.3977   3.125755   3.125781     1.8059    -0.3743     0.4752    34.8860 7.8203e+02      69160          1  0.000e+00
   2581.488     1.3970     1.3977   3.125742   3.125775     1.8059    -0.3743     0.4752    34.8863 7.8203e+02      69161          1  0.000e+00
   2581.948     1.3976     1.3977   3.125755   3.125804     1.8059    -0.3743     0.4752    34.8856 7.8203e+02      69162          1  0.000e+00
   2581.739     1.3973     1.3977   3.125761   3.125804     1.8059    -0.3743     0.4752    34.8861 7.8203e+02      69163          1  0.000e+00
   2581.689     1.3975     1.3977   3.125761   3.125828     1.8059    -0.3743     0.4752    34.8859 7.8428e+02      69164          1  0.000e+00
   2581.672     1.3974     1.3978   3.125742   3.125775     1.8059    -0.3743     0.4752    34.8858 7.8203e+02      69165          1  0.000e+00
   2581.689     1.3975     1.3977   3.125773   3.125810     1.8059    -0.3743     0.4752    34.8861 7.8203e+02      69166          1  0.000e+00
   2581.672     1.3975     1.3977   3.125755   3.125775     1.8059    -0.3743     0.4703    34.8859 7.8428e+02      69167          1  0.000e+00
   2581.689     1.3973     1.3977   3.125736   3.125804     1.8059    -0.3938     0.4703    34.8858 7.8203e+02      69168          1  0.000e+00
   2581.614     1.3973     1.3977   3.125755   3.125804     1.8059    -0.3938     0.4703    34.8861 7.8203e+02      69169          1  0.000e+00
   2581.622     1.3973     1.3980   3.125742   3.125828     1.8059    -0.3938     0.4703    34.8859 7.8428e+02      69170          1  0.000e+00
   2581.672     1.3976     1.3978   3.125755   3.125834     1.8059    -0.3743     0.4703    34.8858 7.8428e+02      69171          1  0.000e+00
   2581.564     1.3973     1.3977   3.125742   3.125775     1.8059    -0.3743     0.4703    34.8859 7.8428e+02      69172          1  0.000e+00
   2581.614     1.3972     1.3977   3.125773   3.125804     1.8059    -0.3938     0.4703    34.8865 7.8428e+02      69173          1  0.000e+00
   2581.564     1.3972     1.3976   3.125792   3.125804     1.8059    -0.3938     0.4703    34.8867 7.8428e+02      69174          1  0.000e+00
   2581.614     1.3973     1.3975   3.125755   3.125804     1.8059    -0.3938     0.4703    34.8861 7.8428e+02      69175          1  0.000e+00
   2581.497     1.3972     1.3974   3.125736   3.125804     1.8059    -0.3938     0.4703    34.8861 7.8428e+02      69176          1  0.000e+00
   2581.614     1.3973     1.3978   3.125736   3.125810     1.8059    -0.3938     0.4703    34.8858 7.8428e+02      69177          1  0.000e+00
   2581.497     1.3973     1.3975   3.125736   3.125804     1.8059    -0.3938     0.4703    34.8859 7.8428e+02      69178          1  0.000e+00
   2581.547     1.3973     1.3978   3.125773   3.125828     1.8059    -0.3938     0.4703    34.8863 7.8428e+02      69179          1  0.000e+00
   2581.497     1.3972     1.3975   3.125730   3.125804     1.8059    -0.3938     0.4703    34.8860 7.8428e+02      69180          1  0.000e+00
   2581.547     1.3973     1.3975   3.125742   3.125804     1.8059    -0.3938     0.4703    34.8860 7.8428e+02      69181          1  0.000e+00
   2581.430     1.3972     1.3977   3.125761   3.125810     1.8059    -0.3938     0.4703    34.8864 7.8428e+02      69182          1  0.000e+00
   2581.547     1.3973     1.3977   3.125742   3.125804     1.8059    -0.3743     0.4703    34.8860 7.8428e+02      69183          1  0.000e+00
   2581.430     1.3973     1.3977   3.125736   3.125804     1.8059    -0.3938     0.4703    34.8859 7.8653e+02      69184          1  0.000e+00
   2581.489     1.3972     1.3977   3.125736   3.125775     1.8059    -0.3938     0.4703    34.8861 7.8428e+02      69185          1  0.000e+00
   2581.422     1.3973     1.3974   3.125754   3.125828     1.8059    -0.3938     0.4703    34.8862 7.8428e+02      69186          1  0.000e+00
   2581.430     1.3972     1.3977   3.125742   3.125828     1.8059    -0.3938     0.4703    34.8862 7.8428e+02      69187          1  0.000e+00
   2581.489     1.3973     1.3977   3.125736   3.125810     1.8059    -0.3938     0.4703    34.8860 7.8428e+02      69188          1  0.000e+00
   2581.430     1.3973     1.3975   3.125754   3.125828     1.8059    -0.3938     0.4703    34.8862 7.8428e+02      69189          1  0.000e+00
   2581.422     1.3975     1.3980   3.125761   3.125804     1.8059    -0.3938     0.4703    34.8861 7.8428e+02      69190          1  0.000e+00
   2581.372     1.3972     1.3977   3.125742   3.125804     1.8059    -0.3743     0.4703    34.8862 7.8428e+02      69191          1  0.000e+00
   2581.422     1.3973     1.3977   3.125754   3.125828     1.8046    -0.3743     0.4703    34.8862 7.8428e+02      69192          1  0.000e+00
   2581.372     1.3973     1.3977   3.125742   3.125804     1.8059    -0.3547     0.4703    34.8860 7.8428e+02      69193          1  0.000e+00
   2581.422     1.3973     1.3977   3.125736   3.125751     1.8059    -0.3743     0.4703    34.8860 7.8428e+02      69194          1  0.000e+00
   2581.372     1.3975     1.3977   3.125754   3.125804     1.8059    -0.3547     0.4703    34.8860 7.8428e+02      69195          1  0.000e+00
   2581.422     1.3973     1.3975   3.125761   3.125804     1.8059    -0.3743     0.4703    34.8862 7.8428e+02      69196          1  0.000e+00
   2581.372     1.3975     1.3977   3.125779   3.125804     1.8059    -0.3743     0.4703    34.8863 7.8428e+02      69197          1  0.000e+00
   2581.422     1.3973     1.3977   3.125754   3.125804     1.8059    -0.3547     0.4703    34.8862 7.8428e+02      69198          1  0.000e+00
   2581.372     1.3975     1.3977   3.125773   3.125781     1.8059    -0.3743     0.4703    34.8862 7.8428e+02      69199          1  0.000e+00
   2581.355     1.3973     1.3975   3.125773   3.125804     1.8059    -0.3547     0.4703    34.8865 7.8428e+02      69200          1  0.000e+00
   2581.372     1.3976     1.3975   3.125761   3.125775     1.8059    -0.3547     0.4703    34.8859 7.8428e+02      69201          1  0.000e+00
   2581.422     1.3972     1.3977   3.125779   3.125828     1.8046    -0.3743     0.4703    34.8867 7.8428e+02      69202          1  0.000e+00
   2581.372     1.3976     1.3978   3.125773   3.125775     1.8059    -0.3743     0.4703    34.8861 7.8428e+02      69203          1  0.000e+00
   2581.355     1.3973     1.3978   3.125761   3.125828     1.8059    -0.3743     0.4703    34.8863 7.8428e+02      69204          1  0.000e+00
   2520.395     1.8966     1.8971   3.167812   3.167825     1.8042    -0.3547     0.3580    34.8973 8.6743e+02      74552          2  0.000e+00
   2520.387     1.8963     1.8970   3.167819   3.167855     1.8042    -0.3743     0.3580    34.8976 8.6968e+02      74553          2  0.000e+00
   2520.454     1.8965     1.8971   3.167813   3.167884     1.8042    -0.3743     0.3580    34.8973 8.6743e+02      74554          2  0.000e+00
   2520.395     1.8965     1.8970   3.167812   3.167855     1.8042    -0.3743     0.3580    34.8974 8.6743e+02      74555          2  0.000e+00
   2520.395     1.8966     1.8972   3.167794   3.167855     1.8042    -0.3743     0.3580    34.8970 8.6743e+02      74556          2  0.000e+00
   2520.445     1.8965     1.8970   3.167806   3.167855     1.8042    -0.3743     0.3580    34.8973 8.6743e+02      74557          2  0.000e+00
   2520.454     1.8966     1.8971   3.167813   3.167825     1.8042    -0.3743     0.3580    34.8972 8.6743e+02      74558          2  0.000e+00
   2520.521     1.8965     1.8972   3.167831   3.167855     1.8042    -0.3743     0.3580    34.8975 8.6743e+02      74559          2  0.000e+00
   2520.512     1.8965     1.8971   3.167844   3.167855     1.8042    -0.3743     0.3580    34.8977 8.6743e+02      74560          2  0.000e+00
   2520.521     1.8965     1.8972   3.167825   3.167825     1.8042    -0.3743     0.3580    34.8975 8.6743e+02      74561          2  0.000e+00
   2520.579     1.8965     1.8971   3.167813   3.167855     1.8042    -0.3743     0.3580    34.8973 8.6743e+02      74562          2  0.000e+00
   2520.579     1.8966     1.8972   3.167813   3.167855     1.8042    -0.3743     0.3580    34.8972 8.6968e+02      74563          2  0.000e+00
   2520.571     1.8968     1.8974   3.167831   3.167855     1.8042    -0.3743     0.3580    34.8972 8.6968e+02      74564          2  0.000e+00
   2520.579     1.8968     1.8970   3.167825   3.167855     1.8042    -0.3743     0.3580    34.8972 8.6968e+02      74565          2  0.000e+00
   2520.646     1.8968     1.8972   3.167813   3.167855     1.8042    -0.3743     0.3580    34.8970 8.6743e+02      74566          2  0.000e+00
   2520.638     1.8965     1.8971   3.167831   3.167855     1.8042    -0.3743     0.3580    34.8975 8.6968e+02      74567          2  0.000e+00
   2520.646     1.8966     1.8971   3.167844   3.167878     1.8042    -0.3743     0.3580    34.8975 8.6968e+02      74568          2  0.000e+00
   2520.713     1.8966     1.8973   3.167838   3.167884     1.8042    -0.3743     0.3580    34.8974 8.6968e+02      74569          2  0.000e+00
   2520.713     1.8965     1.8971   3.167825   3.167884     1.8042    -0.3743     0.3580    34.8974 8.6968e+02      74570          2  0.000e+00
   2520.704     1.8965     1.8971   3.167831   3.167879     1.8042    -0.3743     0.3580    34.8975 8.6968e+02      74571          2  0.000e+00
   2520.771     1.8966     1.8969   3.167844   3.167855     1.8042    -0.3743     0.3580    34.8975 8.6968e+02      74572          2  0.000e+00
   2520.771     1.8967     1.8968   3.167862   3.167855     1.8042    -0.3743     0.3580    34.8976 8.6743e+02      74573          2  0.000e+00
   2520.763     1.8966     1.8968   3.167875   3.167879     1.8042    -0.3743     0.3580    34.8979 8.6968e+02      74574          2  0.000e+00
   2520.838     1.8966     1.8967   3.167875   3.167825     1.8042    -0.3743     0.3580    34.8978 8.6743e+02      74575          2  0.000e+00
   2520.771     1.8965     1.8966   3.167788   3.167855     1.8042    -0.3743     0.3580    34.8969 8.6968e+02      74576          2  0.000e+00
   2520.838     1.8963     1.8964   3.167794   3.167825     1.8042    -0.3743     0.3580    34.8971 8.6968e+02      74577          2  0.000e+00
   2520.897     1.8965     1.8965   3.167856   3.167796     1.8042    -0.3743     0.3580    34.8977 8.6968e+02      74578          2  0.000e+00
   2520.838     1.8965     1.8964   3.167831   3.167825     1.8042    -0.3743     0.3580    34.8974 8.6968e+02      74579          2  0.000e+00
   2520.963     1.8962     1.8965   3.167794   3.167766     1.8042    -0.3743     0.3580    34.8972 8.6968e+02      74580          2  0.000e+00
   2520.897     1.8962     1.8963   3.167769   3.167825     1.8042    -0.3743     0.3580    34.8970 8.6968e+02      74581          2  0.000e+00
   2520.963     1.8959     1.8963   3.167775   3.167825     1.8042    -0.3743     0.3580    34.8973 8.6968e+02      74582          2  0.000e+00
   2520.964     1.8955     1.8963   3.167782   3.167796     1.8042    -0.3547     0.3580    34.8978 8.6968e+02      74583          2  0.000e+00
   2520.955     1.8957     1.8963   3.167763   3.167796     1.8042    -0.3743     0.3580    34.8974 8.6968e+02      74584          2  0.000e+00
   2520.964     1.8957     1.8965   3.167757   3.167825     1.8042    -0.3743     0.3580    34.8972 8.6968e+02      74585          2  0.000e+00
   2521.030     1.8957     1.8963   3.167794   3.167796     1.8042    -0.3743     0.3580    34.8977 8.6968e+02      74586          2  0.000e+00
   2521.030     1.8957     1.8966   3.167775   3.167796     1.8042    -0.3743     0.3580    34.8975 8.7192e+02      74587          2  0.000e+00
   2521.022     1.8959     1.8966   3.167757   3.167825     1.8042    -0.3547     0.3580    34.8970 8.6968e+02      74588          2  0.000e+00
   2521.097     1.8957     1.8966   3.167738   3.167796     1.8042    -0.3743     0.3580    34.8970 8.6968e+02      74589          2  0.000e+00
   2521.097     1.8955     1.8963   3.167769   3.167826     1.8042    -0.3743     0.3580    34.8976 8.7192e+02      74590          2  0.000e+00
   2521.089     1.8957     1.8964   3.167769   3.167826     1.8042    -0.3743     0.3580    34.8973 8.7192e+02      74591          2  0.000e+00
   2521.097     1.8957     1.8965   3.167757   3.167826     1.8042    -0.3743     0.3580    34.8972 8.7192e+02      74592          2  0.000e+00
   2521.156     1.8955     1.8963   3.167738   3.167826     1.8042    -0.3743     0.3531    34.8971 8.7192e+02      74593          2  0.000e+00
   2520.964     1.8956     1.8960   3.167725   3.167825     1.8042    -0.3547     0.3531    34.8970 8.7192e+02      74594          2  0.000e+00
   2521.339     1.8955     1.8961   3.167744   3.167767     1.8042    -0.3743     0.3531    34.8971 8.7192e+02      74595          2  0.000e+00
   2521.156     1.8954     1.8962   3.167757   3.167796     1.8042    -0.3743     0.3531    34.8975 8.6968e+02      74596          2  0.000e+00
   2521.223     1.8956     1.8963   3.167757   3.167796     1.8042    -0.3743     0.3531    34.8973 8.7192e+02      74597          2  0.000e+00
   2521.214     1.8955     1.8963   3.167757   3.167826     1.8042    -0.3743     0.3531    34.8973 8.7192e+02      74598          2  0.000e+00
   2521.223     1.8954     1.8962   3.167769   3.167796     1.8042    -0.3743     0.3531    34.8977 8.7192e+02      74599          2  0.000e+00
   2521.223     1.8957     1.8963   3.167782   3.167796     1.8042    -0.3743     0.3531    34.8975 8.7192e+02      74600          2  0.000e+00
   2276.138     2.7321     2.7319   3.233085   3.233077     1.8201    -0.3547     0.3531    34.9152 8.5170e+02      83695          3  0.000e+00
   2276.104     2.7323     2.7321   3.233091   3.233077     1.8201    -0.3743     0.3531    34.9151 8.5170e+02      83696          3  0.000e+00
   2276.071     2.7323     2.7319   3.233059   3.233048     1.8201    -0.3743     0.3531    34.9147 8.5170e+02      83697          3  0.000e+00
   2276.171     2.7323     2.7321   3.233085   3.233030     1.8201    -0.3547     0.3531    34.9150 8.5170e+02      83698          3  0.000e+00
   2276.005     2.7321     2.7321   3.233103   3.233077     1.8214    -0.3743     0.3531    34.9155 8.5170e+02      83699          3  0.000e+00
   2276.046     2.7323     2.7322   3.233091   3.233077     1.8214    -0.3743     0.3531    34.9151 8.5170e+02      83700          3  0.000e+00
   2276.071     2.7325     2.7321   3.233097   3.233077     1.8201    -0.3743     0.3531    34.9150 8.5170e+02      83701          3  0.000e+00
   2276.046     2.7325     2.7324   3.233103   3.233048     1.8201    -0.3547     0.3531    34.9151 8.5170e+02      83702          3  0.000e+00
   2276.005     2.7323     2.7320   3.233103   3.233077     1.8214    -0.3743     0.3531    34.9153 8.5170e+02      83703          3  0.000e+00
   2275.980     2.7321     2.7321   3.233103   3.233077     1.8214    -0.3743     0.3531    34.9155 8.5170e+02      83704          3  0.000e+00
   2276.005     2.7323     2.7322   3.233091   3.233119     1.8214    -0.3743     0.3531    34.9151 8.5170e+02      83705          3  0.000e+00
   2275.980     2.7323     2.7324   3.233097   3.233077     1.8214    -0.3743     0.3580    34.9152 8.5170e+02      83706          3  0.000e+00
   2275.946     2.7323     2.7324   3.233103   3.233107     1.8201    -0.3743     0.3531    34.9153 8.5170e+02      83707          3  0.000e+00
