Ship_data/Irminger/Irminger-5/ctd/process/dar30-03013.cnv
* Sea-Bird SBE 9 Data File:
* FileName = D:\Data\ar30-03013.hdr
* Software Version Seasave V 7.23.2
* Temperature SN = 4312
* Conductivity SN = 2148
* Number of Bytes Per Scan = 44
* Number of Voltage Words = 5
* Number of Scans Averaged by the Deck Unit = 1
* NMEA Latitude = 59 46.82 N
* NMEA Longitude = 039 49.61 W
* NMEA UTC (Time) = Jun 14 2018  20:15:22
** Cruise ID: ar30-03
** Chief Sci: Macdonald
** Station #: 013
** Site ID: Irminger 5 test cast
** test cast to 130 meters
# nquan = 18
# nvalues = 132                         
# units = specified
# name 0 = prDM: Pressure, Digiquartz [db]
# name 1 = t090C: Temperature [ITS-90, deg C]
# name 2 = t190C: Temperature, 2 [ITS-90, deg C]
# name 3 = c0S/m: Conductivity [S/m]
# name 4 = c1S/m: Conductivity, 2 [S/m]
# name 5 = sbeox0V: Oxygen raw, SBE 43 [V]
# name 6 = flECO-AFL: Fluorescence, WET Labs ECO-AFL/FL [mg/m^3]
# name 7 = turbWETntu0: Turbidity, WET Labs ECO [NTU]
# name 8 = sal00: Salinity, Practical [PSU]
# name 9 = spar: SPAR/Surface Irradiance
# name 10 = depSM: Depth [salt water, m], lat = 59.7803
# name 11 = sal00: Salinity, Practical [PSU]
# name 12 = sal11: Salinity, Practical, 2 [PSU]
# name 13 = sbeox0ML/L: Oxygen, SBE 43 [ml/l], WS = 2
# name 14 = svCM: Sound Velocity [Chen-Millero, m/s]
# name 15 = sigma-é00: Density [sigma-theta, kg/m^3]
# name 16 = sigma-é11: Density, 2 [sigma-theta, kg/m^3]
# name 17 = flag: flag
# span 0 =      3.000,    134.000       
# span 1 =     4.3363,     6.0800       
# span 2 =     4.3362,     6.0804       
# span 3 =   3.282135,   3.430193       
# span 4 =   3.282317,   3.430391       
# span 5 =     2.5147,     2.7569       
# span 6 =    -0.1589,     2.5742       
# span 7 =     0.4094,     0.6308       
# span 8 =    34.8426,    34.8953       
# span 9 = 4.1589e+02, 4.2906e+02       
# span 10 =      2.972,    132.696      
# span 11 =    34.8270,    34.8926      
# span 12 =    34.8426,    34.8952      
# span 13 =     6.6667,     7.1578      
# span 14 =    1469.85,    1474.93      
# span 15 =    27.4186,    27.6620      
# span 16 =    27.4200,    27.6637      
# span 17 = 0.0000e+00, 0.0000e+00      
# interval = decibars: 1                
# start_time = Jun 14 2018 20:15:22 [System UTC, first data scan.]
# bad_flag = -9.990e-29
*END*
[from data line 81]
     84.000     4.5073     4.5077   3.295722   3.295978     2.5288    -0.0122     0.4215    34.8938 4.2057e+02     83.193    34.8925    34.8950     6.6771    1469.96    27.6467    27.6487 0.0000e+00
     85.000     4.4973     4.4978   3.294734   3.295053     2.5275    -0.0248     0.4337    34.8930 4.2070e+02     84.183    34.8908    34.8940     6.6757    1469.93    27.6465    27.6490 0.0000e+00
     86.000     4.4829     4.4844   3.293497   3.293843     2.5284    -0.0408     0.4211    34.8924 4.2232e+02     85.173    34.8910    34.8935     6.6819    1469.89    27.6483    27.6501 0.0000e+00
     87.000     4.4754     4.4766   3.292842   3.293178     2.5285    -0.0199     0.4188    34.8922 4.2042e+02     86.163    34.8907    34.8934     6.6844    1469.87    27.6488    27.6509 0.0000e+00
     88.000     4.4655     4.4631   3.291964   3.291936     2.5280    -0.0511     0.4200    34.8918 4.2252e+02     87.153    34.8903    34.8925     6.6855    1469.85    27.6496    27.6516 0.0000e+00
     89.000     4.4632     4.4634   3.291826   3.292022     2.5287    -0.0179     0.4190    34.8913 4.2372e+02     88.143    34.8905    34.8927     6.6890    1469.86    27.6501    27.6518 0.0000e+00
     90.000     4.4635     4.4637   3.291878   3.292119     2.5293    -0.0433     0.4240    34.8912 4.1893e+02     89.134    34.8903    34.8929     6.6916    1469.87    27.6499    27.6519 0.0000e+00
     91.000     4.4604     4.4607   3.291635   3.291866     2.5298    -0.0758     0.4258    34.8910 4.1806e+02     90.124    34.8902    34.8926     6.6948    1469.88    27.6502    27.6520 0.0000e+00
     92.000     4.4592     4.4576   3.291569   3.291604     2.5299    -0.0342     0.4191    34.8907 4.2125e+02     91.114    34.8902    34.8922     6.6964    1469.89    27.6503    27.6521 0.0000e+00
     93.000     4.4560     4.4555   3.291284   3.291458     2.5302    -0.0170     0.4221    34.8904 4.2264e+02     92.104    34.8897    34.8922     6.6987    1469.89    27.6502    27.6523 0.0000e+00
     94.000     4.4442     4.4456   3.290246   3.290588     2.5300    -0.0477     0.4228    34.8903 4.2235e+02     93.094    34.8893    34.8919     6.7010    1469.86    27.6512    27.6531 0.0000e+00
     95.000     4.4378     4.4385   3.289721   3.289993     2.5293    -0.0491     0.4222    34.8903 4.2097e+02     94.084    34.8894    34.8919     6.7007    1469.85    27.6521    27.6540 0.0000e+00
     96.000     4.4344     4.4345   3.289478   3.289695     2.5284    -0.0616     0.4201    34.8903 4.2023e+02     95.074    34.8896    34.8921     6.6992    1469.85    27.6525    27.6545 0.0000e+00
     97.000     4.4294     4.4292   3.289080   3.289263     2.5269    -0.0760     0.4212    34.8904 4.2028e+02     96.065    34.8897    34.8920     6.6959    1469.85    27.6532    27.6551 0.0000e+00
     98.000     4.4273     4.4272   3.288934   3.289126     2.5263    -0.0869     0.4178    34.8902 4.2118e+02     97.055    34.8896    34.8920     6.6952    1469.85    27.6534    27.6552 0.0000e+00
     99.000     4.4257     4.4257   3.288833   3.289033     2.5263    -0.0459     0.4203    34.8901 4.2220e+02     98.045    34.8896    34.8920     6.6963    1469.86    27.6536    27.6554 0.0000e+00
    100.000     4.4236     4.4235   3.288670   3.288881     2.5261    -0.0840     0.4241    34.8900 4.2047e+02     99.035    34.8894    34.8920     6.6968    1469.87    27.6536    27.6557 0.0000e+00
    101.000     4.4173     4.4174   3.288146   3.288360     2.5255    -0.0966     0.4202    34.8899 4.2025e+02    100.025    34.8893    34.8918     6.6968    1469.86    27.6542    27.6562 0.0000e+00
    102.000     4.4146     4.4150   3.287938   3.288179     2.5255    -0.0804     0.4175    34.8897 4.2160e+02    101.015    34.8892    34.8916     6.6981    1469.87    27.6545    27.6564 0.0000e+00
    103.000     4.4133     4.4133   3.287881   3.288089     2.5251    -0.0833     0.4216    34.8898 4.2179e+02    102.005    34.8894    34.8918     6.6979    1469.88    27.6547    27.6567 0.0000e+00
    104.000     4.4110     4.4110   3.287726   3.287923     2.5251    -0.1190     0.4197    34.8897 4.2099e+02    102.995    34.8894    34.8917     6.6992    1469.88    27.6550    27.6569 0.0000e+00
    105.000     4.4099     4.4113   3.287652   3.287973     2.5238    -0.0859     0.4163    34.8895 4.1980e+02    103.985    34.8891    34.8915     6.6959    1469.90    27.6549    27.6567 0.0000e+00
    106.000     4.4077     4.4079   3.287508   3.287730     2.5231    -0.0869     0.4326    34.8896 4.1915e+02    104.975    34.8893    34.8917     6.6950    1469.90    27.6553    27.6572 0.0000e+00
    107.000     4.4041     4.4046   3.287207   3.287463     2.5226    -0.1000     0.4267    34.8894 4.2128e+02    105.966    34.8890    34.8915     6.6948    1469.90    27.6555    27.6574 0.0000e+00
    108.000     4.4020     4.4018   3.287068   3.287246     2.5214    -0.0776     0.4171    34.8893 4.2067e+02    106.956    34.8890    34.8913     6.6921    1469.91    27.6557    27.6576 0.0000e+00
    109.000     4.3984     4.3983   3.286759   3.286973     2.5214    -0.0808     0.4235    34.8892 4.1889e+02    107.946    34.8887    34.8913     6.6937    1469.91    27.6559    27.6580 0.0000e+00
    110.000     4.3944     4.3948   3.286457   3.286700     2.5207    -0.1195     0.4243    34.8893 4.2086e+02    108.936    34.8888    34.8912     6.6929    1469.91    27.6564    27.6583 0.0000e+00
    111.000     4.3917     4.3916   3.286266   3.286459     2.5213    -0.1002     0.4153    34.8892 4.2049e+02    109.926    34.8888    34.8912     6.6961    1469.92    27.6567    27.6586 0.0000e+00
    112.000     4.3880     4.3885   3.285941   3.286206     2.5214    -0.1008     0.4186    34.8892 4.2021e+02    110.916    34.8884    34.8910     6.6980    1469.92    27.6568    27.6588 0.0000e+00
    113.000     4.3824     4.3824   3.285510   3.285715     2.5202    -0.1121     0.4421    34.8892 4.1808e+02    111.906    34.8887    34.8911     6.6959    1469.91    27.6577    27.6596 0.0000e+00
    114.000     4.3762     4.3766   3.284959   3.285223     2.5196    -0.1177     0.4295    34.8891 4.1943e+02    112.896    34.8882    34.8909     6.6959    1469.90    27.6580    27.6601 0.0000e+00
    115.000     4.3646     4.3649   3.283898   3.284145     2.5189    -0.1122     0.4282    34.8885 4.2202e+02    113.886    34.8875    34.8901     6.6967    1469.87    27.6587    27.6607 0.0000e+00
    116.000     4.3562     4.3563   3.283172   3.283388     2.5191    -0.1340     0.4197    34.8882 4.1756e+02    114.876    34.8873    34.8897     6.6997    1469.85    27.6594    27.6613 0.0000e+00
    117.000     4.3542     4.3540   3.283024   3.283213     2.5202    -0.1466     0.4169    34.8879 4.1734e+02    115.866    34.8871    34.8896     6.7046    1469.86    27.6595    27.6615 0.0000e+00
    118.000     4.3518     4.3520   3.282855   3.283065     2.5205    -0.1193     0.4147    34.8877 4.2185e+02    116.856    34.8871    34.8894     6.7069    1469.87    27.6598    27.6615 0.0000e+00
    119.000     4.3504     4.3507   3.282771   3.282994     2.5212    -0.1310     0.4270    34.8876 4.1897e+02    117.846    34.8871    34.8894     6.7103    1469.88    27.6599    27.6617 0.0000e+00
    120.000     4.3491     4.3489   3.282701   3.282881     2.5211    -0.1301     0.4195    34.8875 4.1718e+02    118.836    34.8871    34.8894     6.7110    1469.89    27.6601    27.6620 0.0000e+00
    121.000     4.3477     4.3476   3.282645   3.282833     2.5202    -0.1510     0.4140    34.8877 4.2054e+02    119.826    34.8874    34.8896     6.7092    1469.90    27.6605    27.6623 0.0000e+00
    122.000     4.3478     4.3477   3.282712   3.282892     2.5202    -0.1538     0.4201    34.8877 4.2017e+02    120.816    34.8875    34.8897     6.7100    1469.92    27.6606    27.6623 0.0000e+00
    123.000     4.3480     4.3478   3.282758   3.282935     2.5197    -0.1326     0.4167    34.8875 4.1810e+02    121.806    34.8873    34.8896     6.7090    1469.93    27.6604    27.6622 0.0000e+00
    124.000     4.3473     4.3472   3.282754   3.282938     2.5191    -0.1300     0.4193    34.8876 4.1914e+02    122.796    34.8874    34.8897     6.7080    1469.95    27.6606    27.6624 0.0000e+00
    125.000     4.3466     4.3466   3.282730   3.282923     2.5191    -0.1547     0.4175    34.8876 4.1810e+02    123.786    34.8874    34.8896     6.7090    1469.96    27.6606    27.6624 0.0000e+00
    126.000     4.3452     4.3448   3.282645   3.282806     2.5188    -0.1383     0.4183    34.8875 4.1840e+02    124.776    34.8873    34.8896     6.7093    1469.97    27.6607    27.6626 0.0000e+00
    127.000     4.3431     4.3430   3.282513   3.282697     2.5177    -0.1398     0.4180    34.8876 4.1998e+02    125.766    34.8874    34.8897     6.7067    1469.98    27.6610    27.6629 0.0000e+00
    128.000     4.3427     4.3429   3.282516   3.282729     2.5170    -0.1325     0.4140    34.8876 4.1897e+02    126.756    34.8874    34.8896     6.7054    1469.99    27.6611    27.6628 0.0000e+00
    129.000     4.3409     4.3408   3.282405   3.282594     2.5165    -0.1437     0.4189    34.8877 4.1589e+02    127.746    34.8874    34.8898     6.7051    1470.00    27.6613    27.6632 0.0000e+00
    130.000     4.3384     4.3384   3.282236   3.282423     2.5166    -0.1589     0.4228    34.8877 4.1698e+02    128.736    34.8875    34.8897     6.7064    1470.01    27.6616    27.6634 0.0000e+00
    131.000     4.3368     4.3367   3.282135   3.282317     2.5161    -0.1292     0.4212    34.8877 4.2002e+02    129.726    34.8875    34.8897     6.7061    1470.02    27.6618    27.6636 0.0000e+00
    132.000     4.3363     4.3362   3.282150   3.282320     2.5153    -0.1414     0.4205    34.8878 4.1768e+02    130.716    34.8876    34.8898     6.7044    1470.03    27.6620    27.6637 0.0000e+00
    133.000     4.3367     4.3371   3.282223   3.282445     2.5147    -0.1364     0.4094    34.8876 4.1829e+02    131.706    34.8875    34.8898     6.7033    1470.05    27.6619    27.6636 0.0000e+00
    134.000     4.3390     4.3401   3.282459   3.282736     2.5150    -0.1386     0.4164    34.8873 4.1657e+02    132.696    34.8873    34.8895     6.7045    1470.08    27.6615    27.6631 0.0000e+00
