Ship_data/Irminger/Irminger-5/ctd/process/dar30-03016.cnv
* Sea-Bird SBE 9 Data File:
* FileName = D:\Data\ar30-03016.hdr
* Software Version Seasave V 7.23.2
* Temperature SN = 4312
* Conductivity SN = 2148
* Number of Bytes Per Scan = 44
* Number of Voltage Words = 5
* Number of Scans Averaged by the Deck Unit = 1
* NMEA Latitude = 59 52.71 N
* NMEA Longitude = 041 08.31 W
* NMEA UTC (Time) = Jun 17 2018  12:01:00
** Cruise ID: ar30-03
** Chief Sci: Macdonald
** Station #: 016
** Site ID: Irminger 5 OSNAP M1
** cast at osnap mooring M1
# nquan = 18
# nvalues = 2072                        
# units = specified
# name 0 = prDM: Pressure, Digiquartz [db]
# name 1 = t090C: Temperature [ITS-90, deg C]
# name 2 = t190C: Temperature, 2 [ITS-90, deg C]
# name 3 = c0S/m: Conductivity [S/m]
# name 4 = c1S/m: Conductivity, 2 [S/m]
# name 5 = sbeox0V: Oxygen raw, SBE 43 [V]
# name 6 = flECO-AFL: Fluorescence, WET Labs ECO-AFL/FL [mg/m^3]
# name 7 = turbWETntu0: Turbidity, WET Labs ECO [NTU]
# name 8 = sal00: Salinity, Practical [PSU]
# name 9 = spar: SPAR/Surface Irradiance
# name 10 = depSM: Depth [salt water, m], lat = 59.8785
# name 11 = sal00: Salinity, Practical [PSU]
# name 12 = sal11: Salinity, Practical, 2 [PSU]
# name 13 = sbeox0ML/L: Oxygen, SBE 43 [ml/l], WS = 2
# name 14 = svCM: Sound Velocity [Chen-Millero, m/s]
# name 15 = sigma-é00: Density [sigma-theta, kg/m^3]
# name 16 = sigma-é11: Density, 2 [sigma-theta, kg/m^3]
# name 17 = flag: flag
# span 0 =      4.000,   2075.000       
# span 1 =     2.1683,     6.3118       
# span 2 =     2.1688,     6.3128       
# span 3 =   3.171278,   3.446223       
# span 4 =   3.171386,   3.446704       
# span 5 =     1.8912,     2.9716       
# span 6 =    -0.4182,    18.3218       
# span 7 =     0.3433,     0.7165       
# span 8 =    34.7858,    34.9265       
# span 9 = 1.3062e+03, 2.9526e+03       
# span 10 =      3.962,   2045.317      
# span 11 =    34.7858,    34.9263      
# span 12 =    34.7901,    34.9271      
# span 13 =     5.9640,     7.6998      
# span 14 =    1473.13,    1493.10      
# span 15 =    27.3431,    27.8804      
# span 16 =    27.3464,    27.8807      
# span 17 = 0.0000e+00, 0.0000e+00      
# interval = decibars: 1                
# start_time = Jun 17 2018 12:01:00 [System UTC, first data scan.]
# bad_flag = -9.990e-29
*END*
[from data line 563]
    567.000     3.8416     3.8412   3.258350   3.258466     2.3016    -0.3928     0.3639    34.8978 2.5299e+03    560.891    34.8978    34.8996     6.4237    1475.13    27.7255    27.7270 0.0000e+00
    568.000     3.8406     3.8404   3.258301   3.258440     2.3002    -0.3709     0.3698    34.8978 2.5290e+03    561.879    34.8978    34.8997     6.4198    1475.14    27.7256    27.7271 0.0000e+00
    569.000     3.8397     3.8393   3.258272   3.258363     2.2988    -0.3645     0.3726    34.8978 2.5273e+03    562.867    34.8979    34.8994     6.4158    1475.16    27.7258    27.7271 0.0000e+00
    570.000     3.8403     3.8399   3.258377   3.258497     2.2980    -0.3706     0.3726    34.8979 2.5226e+03    563.855    34.8979    34.8998     6.4135    1475.17    27.7258    27.7273 0.0000e+00
    571.000     3.8363     3.8366   3.257963   3.258222     2.2971    -0.3697     0.3726    34.8976 2.5162e+03    564.843    34.8968    34.8995     6.4119    1475.17    27.7253    27.7274 0.0000e+00
    572.000     3.8327     3.8327   3.257738   3.257890     2.2959    -0.3718     0.3696    34.8976 2.5151e+03    565.831    34.8974    34.8992     6.4092    1475.18    27.7261    27.7276 0.0000e+00
    573.000     3.8316     3.8316   3.257724   3.257862     2.2947    -0.3694     0.3684    34.8979 2.5213e+03    566.819    34.8978    34.8995     6.4059    1475.19    27.7266    27.7279 0.0000e+00
    574.000     3.8334     3.8332   3.257977   3.258107     2.2940    -0.3667     0.3696    34.8984 2.5213e+03    567.806    34.8985    34.9002     6.4039    1475.21    27.7269    27.7283 0.0000e+00
    575.000     3.8333     3.8335   3.258034   3.258200     2.2934    -0.3704     0.3655    34.8987 2.5192e+03    568.794    34.8987    34.9005     6.4026    1475.23    27.7271    27.7286 0.0000e+00
    576.000     3.8335     3.8336   3.258108   3.258271     2.2926    -0.3687     0.3629    34.8988 2.5144e+03    569.782    34.8988    34.9007     6.4005    1475.25    27.7272    27.7287 0.0000e+00
    577.000     3.8335     3.8334   3.258168   3.258312     2.2912    -0.3906     0.3691    34.8989 2.5086e+03    570.770    34.8990    34.9008     6.3961    1475.26    27.7273    27.7288 0.0000e+00
    578.000     3.8330     3.8327   3.258156   3.258291     2.2907    -0.3733     0.3695    34.8989 2.4979e+03    571.758    34.8988    34.9007     6.3952    1475.28    27.7273    27.7289 0.0000e+00
    579.000     3.8327     3.8327   3.258163   3.258324     2.2892    -0.3703     0.3686    34.8988 2.4832e+03    572.746    34.8987    34.9006     6.3910    1475.29    27.7272    27.7288 0.0000e+00
    580.000     3.8318     3.8318   3.258118   3.258281     2.2876    -0.3799     0.3695    34.8987 2.4772e+03    573.733    34.8986    34.9005     6.3862    1475.30    27.7273    27.7288 0.0000e+00
    581.000     3.8305     3.8305   3.258047   3.258198     2.2866    -0.3785     0.3704    34.8989 2.4948e+03    574.721    34.8987    34.9005     6.3836    1475.32    27.7275    27.7289 0.0000e+00
    582.000     3.8291     3.8289   3.257970   3.258121     2.2862    -0.3911     0.3692    34.8990 2.5131e+03    575.709    34.8987    34.9007     6.3831    1475.33    27.7277    27.7292 0.0000e+00
    583.000     3.8244     3.8244   3.257520   3.257705     2.2858    -0.3799     0.3710    34.8984 2.5165e+03    576.697    34.8978    34.9000     6.3836    1475.32    27.7274    27.7291 0.0000e+00
    584.000     3.8294     3.8291   3.258315   3.258315     2.2852    -0.3669     0.3727    34.9002 2.5104e+03    577.685    34.9014    34.9017     6.3813    1475.36    27.7298    27.7301 0.0000e+00
    585.000     3.8294     3.8289   3.258032   3.258280     2.2840    -0.3897     0.3838    34.8992 2.5031e+03    578.672    34.8975    34.9009     6.3777    1475.38    27.7267    27.7295 0.0000e+00
    586.000     3.8130     3.8152   3.256501   3.256927     2.2835    -0.3740     0.3874    34.8974 2.4907e+03    579.660    34.8962    34.8989     6.3798    1475.32    27.7273    27.7292 0.0000e+00
    587.000     3.8071     3.8076   3.255979   3.256207     2.2852    -0.3650     0.3738    34.8967 2.4693e+03    580.648    34.8957    34.8979     6.3878    1475.31    27.7275    27.7292 0.0000e+00
    588.000     3.8051     3.8052   3.255843   3.256024     2.2881    -0.3651     0.3696    34.8963 2.4419e+03    581.636    34.8957    34.8977     6.3993    1475.32    27.7277    27.7293 0.0000e+00
    589.000     3.8048     3.8047   3.255892   3.256013     2.2896    -0.3665     0.3649    34.8964 2.4305e+03    582.624    34.8961    34.8976     6.4057    1475.34    27.7280    27.7293 0.0000e+00
    590.000     3.8051     3.8050   3.255944   3.256100     2.2905    -0.3665     0.3690    34.8963 2.4297e+03    583.611    34.8958    34.8978     6.4095    1475.35    27.7278    27.7294 0.0000e+00
    591.000     3.8036     3.8034   3.255868   3.256000     2.2907    -0.3645     0.3687    34.8964 2.4273e+03    584.599    34.8960    34.8977     6.4114    1475.36    27.7281    27.7295 0.0000e+00
    592.000     3.8038     3.8037   3.255943   3.256078     2.2908    -0.3651     0.3692    34.8964 2.4294e+03    585.587    34.8961    34.8978     6.4127    1475.38    27.7282    27.7296 0.0000e+00
    593.000     3.8024     3.8022   3.255828   3.255959     2.2905    -0.3675     0.3680    34.8962 2.4342e+03    586.575    34.8957    34.8975     6.4127    1475.39    27.7281    27.7295 0.0000e+00
    594.000     3.8032     3.8029   3.255995   3.256103     2.2905    -0.3649     0.3712    34.8964 2.4390e+03    587.562    34.8964    34.8980     6.4131    1475.41    27.7285    27.7298 0.0000e+00
    595.000     3.8063     3.8070   3.256367   3.256569     2.2903    -0.3500     0.3701    34.8968 2.4498e+03    588.550    34.8969    34.8986     6.4129    1475.44    27.7286    27.7299 0.0000e+00
    596.000     3.8080     3.8087   3.256533   3.256770     2.2892    -0.3759     0.3718    34.8968 2.4654e+03    589.538    34.8966    34.8987     6.4094    1475.47    27.7282    27.7298 0.0000e+00
    597.000     3.8073     3.8073   3.256551   3.256689     2.2880    -0.3735     0.3712    34.8970 2.4666e+03    590.526    34.8970    34.8987     6.4059    1475.48    27.7286    27.7299 0.0000e+00
    598.000     3.8075     3.8076   3.256604   3.256763     2.2876    -0.3910     0.3682    34.8969 2.4467e+03    591.513    34.8969    34.8987     6.4052    1475.50    27.7285    27.7299 0.0000e+00
    599.000     3.8072     3.8074   3.256627   3.256792     2.2871    -0.3877     0.3690    34.8970 2.4306e+03    592.501    34.8970    34.8987     6.4044    1475.51    27.7286    27.7300 0.0000e+00
    600.000     3.8096     3.8093   3.257018   3.257049     2.2868    -0.3511     0.3830    34.8976 2.4229e+03    593.489    34.8985    34.8992     6.4036    1475.54    27.7296    27.7302 0.0000e+00
    601.000     3.8149     3.8152   3.257535   3.257704     2.2862    -0.3607     0.3791    34.8981 2.4200e+03    594.477    34.8986    34.9002     6.4016    1475.58    27.7291    27.7304 0.0000e+00
    602.000     3.8175     3.8175   3.257852   3.257967     2.2847    -0.3855     0.3681    34.8984 2.4288e+03    595.464    34.8990    34.9004     6.3966    1475.61    27.7292    27.7303 0.0000e+00
    603.000     3.8214     3.8212   3.258264   3.258377     2.2824    -0.3644     0.3681    34.8987 2.4601e+03    596.452    34.8992    34.9008     6.3883    1475.64    27.7290    27.7303 0.0000e+00
    604.000     3.8212     3.8204   3.258242   3.258337     2.2794    -0.3585     0.3783    34.8988 2.4608e+03    597.440    34.8987    34.9006     6.3786    1475.66    27.7286    27.7302 0.0000e+00
    605.000     3.8191     3.8187   3.258234   3.258284     2.2780    -0.3544     0.3822    34.8993 2.4368e+03    598.427    34.9003    34.9013     6.3745    1475.67    27.7301    27.7309 0.0000e+00
    606.000     3.8255     3.8255   3.258867   3.259007     2.2768    -0.3653     0.3650    34.9000 2.4280e+03    599.415    34.9004    34.9022     6.3698    1475.71    27.7296    27.7310 0.0000e+00
    607.000     3.8256     3.8256   3.258935   3.259084     2.2757    -0.3657     0.3629    34.9002 2.4271e+03    600.403    34.9006    34.9024     6.3667    1475.73    27.7297    27.7311 0.0000e+00
    608.000     3.8252     3.8252   3.258925   3.259068     2.2744    -0.3645     0.3629    34.9003 2.4312e+03    601.390    34.9004    34.9021     6.3631    1475.74    27.7296    27.7310 0.0000e+00
    609.000     3.8259     3.8256   3.259139   3.259172     2.2734    -0.3744     0.3643    34.9008 2.4370e+03    602.378    34.9017    34.9024     6.3601    1475.76    27.7305    27.7312 0.0000e+00
    610.000     3.8294     3.8294   3.259478   3.259610     2.2726    -0.3825     0.3680    34.9008 2.4415e+03    603.366    34.9015    34.9030     6.3573    1475.79    27.7300    27.7313 0.0000e+00
    611.000     3.8304     3.8303   3.259610   3.259741     2.2710    -0.3699     0.3680    34.9011 2.4409e+03    604.353    34.9015    34.9031     6.3525    1475.81    27.7300    27.7312 0.0000e+00
    612.000     3.8302     3.8299   3.259604   3.259725     2.2686    -0.3802     0.3681    34.9009 2.4514e+03    605.341    34.9011    34.9029     6.3447    1475.83    27.7297    27.7311 0.0000e+00
    613.000     3.8286     3.8281   3.259452   3.259581     2.2656    -0.3892     0.3688    34.9007 2.4615e+03    606.329    34.9004    34.9025     6.3349    1475.84    27.7293    27.7310 0.0000e+00
    614.000     3.8048     3.8046   3.256773   3.257244     2.2649    -0.3852     0.3683    34.8976 2.4466e+03    607.316    34.8934    34.8992     6.3376    1475.74    27.7261    27.7308 0.0000e+00
    615.000     3.7882     3.7882   3.255609   3.255748     2.2663    -0.3769     0.3695    34.8976 2.4286e+03    608.304    34.8966    34.8983     6.3461    1475.70    27.7304    27.7317 0.0000e+00
    616.000     3.7891     3.7889   3.255733   3.255839     2.2677    -0.3625     0.3727    34.8974 2.4124e+03    609.292    34.8965    34.8980     6.3520    1475.72    27.7302    27.7314 0.0000e+00
    617.000     3.7878     3.7873   3.255561   3.255700     2.2690    -0.3798     0.3664    34.8967 2.3995e+03    610.279    34.8954    34.8976     6.3576    1475.73    27.7295    27.7313 0.0000e+00
    618.000     3.7856     3.7859   3.255444   3.255624     2.2707    -0.3883     0.3630    34.8968 2.3839e+03    611.267    34.8958    34.8977     6.3649    1475.73    27.7300    27.7315 0.0000e+00
    619.000     3.7800     3.7800   3.254746   3.255042     2.2724    -0.3691     0.3678    34.8957 2.3667e+03    612.255    34.8929    34.8964     6.3732    1475.72    27.7283    27.7311 0.0000e+00
    620.000     3.7704     3.7702   3.254066   3.254200     2.2745    -0.3689     0.3656    34.8958 2.3496e+03    613.242    34.8945    34.8963     6.3828    1475.70    27.7305    27.7320 0.0000e+00
    621.000     3.7706     3.7706   3.254176   3.254304     2.2772    -0.3670     0.3631    34.8959 2.3345e+03    614.230    34.8950    34.8966     6.3934    1475.72    27.7309    27.7322 0.0000e+00
    622.000     3.7724     3.7724   3.254405   3.254540     2.2783    -0.3770     0.3657    34.8961 2.3449e+03    615.218    34.8953    34.8970     6.3980    1475.74    27.7310    27.7323 0.0000e+00
    623.000     3.7708     3.7709   3.254330   3.254480     2.2783    -0.3647     0.3655    34.8961 2.4033e+03    616.205    34.8956    34.8973     6.3991    1475.75    27.7314    27.7327 0.0000e+00
    624.000     3.7720     3.7718   3.254550   3.254675     2.2781    -0.3649     0.3684    34.8969 2.4478e+03    617.193    34.8965    34.8981     6.3989    1475.78    27.7320    27.7333 0.0000e+00
    625.000     3.7720     3.7717   3.254595   3.254744     2.2772    -0.3620     0.3684    34.8970 2.4755e+03    618.180    34.8964    34.8986     6.3966    1475.79    27.7319    27.7337 0.0000e+00
    626.000     3.7726     3.7723   3.254817   3.254894     2.2765    -0.3907     0.3681    34.8978 2.4857e+03    619.168    34.8979    34.8992     6.3946    1475.81    27.7331    27.7341 0.0000e+00
    627.000     3.7742     3.7741   3.254991   3.255118     2.2759    -0.3865     0.3678    34.8979 2.4809e+03    620.156    34.8978    34.8994     6.3929    1475.84    27.7328    27.7341 0.0000e+00
    628.000     3.7743     3.7740   3.255028   3.255143     2.2747    -0.3913     0.3678    34.8979 2.4691e+03    621.143    34.8976    34.8993     6.3896    1475.85    27.7327    27.7341 0.0000e+00
    629.000     3.7732     3.7731   3.254943   3.255112     2.2733    -0.3690     0.3635    34.8978 2.4537e+03    622.131    34.8972    34.8994     6.3857    1475.86    27.7325    27.7342 0.0000e+00
    630.000     3.7649     3.7662   3.254133   3.254457     2.2716    -0.3815     0.3953    34.8969 2.4367e+03    623.118    34.8959    34.8983     6.3819    1475.84    27.7323    27.7341 0.0000e+00
    631.000     3.7646     3.7643   3.254230   3.254330     2.2713    -0.3775     0.3658    34.8970 2.4230e+03    624.106    34.8968    34.8983     6.3814    1475.86    27.7331    27.7342 0.0000e+00
    632.000     3.7633     3.7634   3.254119   3.254303     2.2711    -0.3882     0.3628    34.8970 2.4400e+03    625.094    34.8963    34.8984     6.3819    1475.87    27.7328    27.7345 0.0000e+00
    633.000     3.7621     3.7613   3.254170   3.254181     2.2711    -0.3719     0.3632    34.8975 2.4459e+03    626.081    34.8977    34.8987     6.3827    1475.88    27.7340    27.7349 0.0000e+00
    634.000     3.7668     3.7664   3.254761   3.254804     2.2708    -0.3624     0.3607    34.8987 2.4449e+03    627.069    34.8993    34.9001     6.3819    1475.92    27.7348    27.7355 0.0000e+00
    635.000     3.7712     3.7709   3.255311   3.255352     2.2692    -0.3663     0.3581    34.8996 2.4344e+03    628.056    34.9006    34.9014     6.3761    1475.96    27.7354    27.7361 0.0000e+00
    636.000     3.7782     3.7772   3.256027   3.256041     2.2677    -0.3635     0.3628    34.9007 2.4235e+03    629.044    34.9012    34.9023     6.3701    1476.01    27.7352    27.7362 0.0000e+00
    637.000     3.7805     3.7803   3.256291   3.256394     2.2644    -0.3641     0.3629    34.9008 2.4050e+03    630.031    34.9013    34.9027     6.3586    1476.03    27.7351    27.7362 0.0000e+00
    638.000     3.7813     3.7813   3.256392   3.256528     2.2599    -0.3813     0.3666    34.9009 2.3677e+03    631.019    34.9011    34.9028     6.3431    1476.05    27.7348    27.7362 0.0000e+00
    639.000     3.7820     3.7818   3.256556   3.256657     2.2571    -0.3703     0.3627    34.9012 2.3559e+03    632.006    34.9017    34.9032     6.3335    1476.07    27.7353    27.7364 0.0000e+00
    640.000     3.7787     3.7784   3.256244   3.256415     2.2555    -0.3920     0.3638    34.9015 2.3596e+03    632.994    34.9011    34.9034     6.3293    1476.07    27.7351    27.7369 0.0000e+00
    641.000     3.7776     3.7758   3.256242   3.256213     2.2540    -0.3889     0.3683    34.9017 2.3654e+03    633.981    34.9016    34.9032     6.3248    1476.09    27.7356    27.7371 0.0000e+00
    642.000     3.7745     3.7754   3.255854   3.256189     2.2520    -0.3865     0.3587    34.9011 2.3672e+03    634.969    34.8998    34.9029     6.3189    1476.09    27.7345    27.7369 0.0000e+00
    643.000     3.7563     3.7556   3.254151   3.254286     2.2515    -0.3636     0.3629    34.8995 2.3712e+03    635.956    34.8983    34.9006     6.3212    1476.03    27.7352    27.7371 0.0000e+00
    644.000     3.7538     3.7536   3.253983   3.254128     2.2521     0.0141     0.3983    34.8993 2.3853e+03    636.944    34.8985    34.9004     6.3244    1476.03    27.7356    27.7371 0.0000e+00
    645.000     3.7510     3.7509   3.253752   3.253903     2.2544    -0.2680     0.3726    34.8989 2.4097e+03    637.932    34.8982    34.9001     6.3342    1476.04    27.7356    27.7371 0.0000e+00
    646.000     3.7495     3.7490   3.253650   3.253752     2.2562    -0.3826     0.3636    34.8987 2.4395e+03    638.919    34.8980    34.8998     6.3419    1476.05    27.7356    27.7371 0.0000e+00
