Ship_data/Irminger/Irminger-5/ctd/process/dar30-03002.cnv
* Sea-Bird SBE 9 Data File:
* FileName = D:\Data\ar30-03002.hdr
* Software Version Seasave V 7.23.2
* Temperature SN = 4230
* Conductivity SN = 2148
* Number of Bytes Per Scan = 44
* Number of Voltage Words = 5
* Number of Scans Averaged by the Deck Unit = 1
* NMEA Latitude = 62 29.54 N
* NMEA Longitude = 029 47.91 W
* NMEA UTC (Time) = Jun 06 2018  13:17:52
** Cruise ID: ar30-03
** Chief Sci: Macdonald
** Station #: 002
** Site ID: Irminger5 release testing
# nquan = 18
# nvalues = 865                         
# units = specified
# name 0 = prDM: Pressure, Digiquartz [db]
# name 1 = t090C: Temperature [ITS-90, deg C]
# name 2 = t190C: Temperature, 2 [ITS-90, deg C]
# name 3 = c0S/m: Conductivity [S/m]
# name 4 = c1S/m: Conductivity, 2 [S/m]
# name 5 = sbeox0V: Oxygen raw, SBE 43 [V]
# name 6 = flECO-AFL: Fluorescence, WET Labs ECO-AFL/FL [mg/m^3]
# name 7 = turbWETntu0: Turbidity, WET Labs ECO [NTU]
# name 8 = sal00: Salinity, Practical [PSU]
# name 9 = spar: SPAR/Surface Irradiance
# name 10 = depSM: Depth [salt water, m], lat = 62.4923
# name 11 = sal00: Salinity, Practical [PSU]
# name 12 = sal11: Salinity, Practical, 2 [PSU]
# name 13 = sbeox0ML/L: Oxygen, SBE 43 [ml/l], WS = 2
# name 14 = svCM: Sound Velocity [Chen-Millero, m/s]
# name 15 = sigma-é00: Density [sigma-theta, kg/m^3]
# name 16 = sigma-é11: Density, 2 [sigma-theta, kg/m^3]
# name 17 = flag: flag
# span 0 =      5.000,    869.000       
# span 1 =     4.3195,     7.2976       
# span 2 =     4.3201,     7.2973       
# span 3 =   3.318438,   3.553879       
# span 4 =   3.318556,   3.554014       
# span 5 =     2.1076,     2.8078       
# span 6 =    -0.4134,     4.9301       
# span 7 =     0.3556,     0.6784       
# span 8 =    34.9216,    34.9852       
# span 9 = 4.6292e+02, 7.9140e+02       
# span 10 =      4.952,    858.841      
# span 11 =    34.9166,    34.9927      
# span 12 =    34.9214,    34.9882      
# span 13 =     5.7566,     7.0045      
# span 14 =    1478.71,    1482.23      
# span 15 =    27.3566,    27.7153      
# span 16 =    27.3576,    27.7159      
# span 17 = 0.0000e+00, 0.0000e+00      
# interval = decibars: 1                
# start_time = Jun 06 2018 13:17:52 [System UTC, first data scan.]
# bad_flag = -9.990e-29
*END*
[from data line 644]
    649.000     4.8908     4.8910   3.359184   3.359280     2.2041    -0.3592     0.3699    34.9343 7.6791e+02    641.751    34.9329    34.9338     5.9698    1480.87    27.6408    27.6415 0.0000e+00
    650.000     4.8855     4.8854   3.358600   3.358775     2.2036    -0.3660     0.3688    34.9336 7.6208e+02    642.738    34.9311    34.9333     5.9699    1480.86    27.6400    27.6417 0.0000e+00
    651.000     4.8738     4.8748   3.357658   3.357854     2.2035    -0.4134     0.3629    34.9339 7.5532e+02    643.725    34.9320    34.9331     5.9722    1480.83    27.6420    27.6428 0.0000e+00
    652.000     4.8698     4.8698   3.357358   3.357441     2.2033    -0.3916     0.3638    34.9338 7.5007e+02    644.713    34.9321    34.9331     5.9726    1480.83    27.6426    27.6434 0.0000e+00
    653.000     4.8664     4.8666   3.357121   3.357189     2.2022    -0.3473     0.3640    34.9335 7.5473e+02    645.700    34.9324    34.9330     5.9702    1480.83    27.6432    27.6437 0.0000e+00
    654.000     4.8655     4.8662   3.357074   3.357205     2.2014    -0.3871     0.3633    34.9332 7.6316e+02    646.687    34.9323    34.9331     5.9681    1480.84    27.6432    27.6438 0.0000e+00
    655.000     4.8609     4.8610   3.356601   3.356747     2.2010    -0.3840     0.3602    34.9331 7.6519e+02    647.674    34.9311    34.9328     5.9685    1480.84    27.6428    27.6441 0.0000e+00
    656.000     4.8543     4.8550   3.356093   3.356234     2.2004    -0.3719     0.3619    34.9330 7.6555e+02    648.662    34.9316    34.9326     5.9680    1480.83    27.6440    27.6447 0.0000e+00
    657.000     4.8524     4.8524   3.355996   3.356045     2.2002    -0.3585     0.3637    34.9329 7.6358e+02    649.649    34.9320    34.9326     5.9683    1480.84    27.6445    27.6450 0.0000e+00
    658.000     4.8493     4.8513   3.355671   3.355964     2.1999    -0.3621     0.3597    34.9327 7.6066e+02    650.636    34.9309    34.9322     5.9686    1480.84    27.6441    27.6449 0.0000e+00
    659.000     4.8402     4.8416   3.354931   3.355115     2.1999    -0.3555     0.3636    34.9325 7.5730e+02    651.623    34.9314    34.9321     5.9708    1480.82    27.6454    27.6458 0.0000e+00
    660.000     4.8371     4.8359   3.354604   3.354631     2.1987    -0.3439     0.3615    34.9322 7.5586e+02    652.611    34.9303    34.9319     5.9680    1480.82    27.6449    27.6464 0.0000e+00
    661.000     4.8265     4.8277   3.353756   3.353945     2.1986    -0.3603     0.3685    34.9325 7.5312e+02    653.598    34.9310    34.9319     5.9700    1480.80    27.6467    27.6473 0.0000e+00
    662.000     4.8241     4.8243   3.353620   3.353706     2.1976    -0.3427     0.3638    34.9326 7.4990e+02    654.585    34.9314    34.9322     5.9677    1480.81    27.6474    27.6480 0.0000e+00
    663.000     4.8209     4.8212   3.353305   3.353432     2.1974    -0.3417     0.3629    34.9324 7.4718e+02    655.572    34.9306    34.9318     5.9682    1480.81    27.6471    27.6480 0.0000e+00
    664.000     4.8066     4.8065   3.352002   3.352123     2.1964    -0.3546     0.3634    34.9324 7.4445e+02    656.560    34.9301    34.9316     5.9678    1480.77    27.6483    27.6495 0.0000e+00
    665.000     4.8005     4.8011   3.351578   3.351698     2.1960    -0.3826     0.3662    34.9324 7.4515e+02    657.547    34.9309    34.9317     5.9680    1480.76    27.6496    27.6502 0.0000e+00
    666.000     4.7973     4.7980   3.351335   3.351468     2.1954    -0.3605     0.3664    34.9324 7.4922e+02    658.534    34.9310    34.9318     5.9672    1480.76    27.6500    27.6506 0.0000e+00
    667.000     4.7936     4.7947   3.351039   3.351210     2.1951    -0.3528     0.3625    34.9324 7.5089e+02    659.521    34.9309    34.9317     5.9672    1480.76    27.6504    27.6510 0.0000e+00
    668.000     4.7896     4.7897   3.350662   3.350796     2.1945    -0.3766     0.3583    34.9324 7.5144e+02    660.508    34.9302    34.9316     5.9667    1480.76    27.6503    27.6514 0.0000e+00
    669.000     4.7814     4.7812   3.350053   3.350126     2.1940    -0.3674     0.3615    34.9330 7.5061e+02    661.496    34.9312    34.9322     5.9669    1480.75    27.6521    27.6529 0.0000e+00
    670.000     4.7801     4.7802   3.350020   3.350071     2.1938    -0.3608     0.3631    34.9329 7.4849e+02    662.483    34.9316    34.9322     5.9673    1480.76    27.6526    27.6530 0.0000e+00
    671.000     4.7795     4.7798   3.350005   3.350074     2.1933    -0.3648     0.3641    34.9327 7.4596e+02    663.470    34.9316    34.9321     5.9662    1480.77    27.6526    27.6530 0.0000e+00
    672.000     4.7787     4.7791   3.349983   3.350059     2.1924    -0.3673     0.3650    34.9325 7.4963e+02    664.457    34.9317    34.9322     5.9642    1480.79    27.6528    27.6531 0.0000e+00
    673.000     4.7763     4.7773   3.349823   3.349971     2.1916    -0.3624     0.3658    34.9327 7.5278e+02    665.444    34.9318    34.9325     5.9622    1480.79    27.6531    27.6536 0.0000e+00
    674.000     4.7737     4.7741   3.349645   3.349743     2.1914    -0.3554     0.3627    34.9328 7.5243e+02    666.431    34.9319    34.9327     5.9628    1480.80    27.6535    27.6541 0.0000e+00
    675.000     4.7715     4.7718   3.349533   3.349626     2.1914    -0.3402     0.3632    34.9332 7.5083e+02    667.419    34.9325    34.9332     5.9639    1480.81    27.6542    27.6548 0.0000e+00
    676.000     4.7699     4.7706   3.349362   3.349541     2.1912    -0.3521     0.3637    34.9331 7.4857e+02    668.406    34.9316    34.9330     5.9642    1480.82    27.6538    27.6548 0.0000e+00
    677.000     4.7682     4.7679   3.349345   3.349351     2.1907    -0.3578     0.3632    34.9334 7.4605e+02    669.393    34.9327    34.9331     5.9637    1480.83    27.6548    27.6552 0.0000e+00
    678.000     4.7624     4.7621   3.348757   3.348856     2.1909    -0.3583     0.3642    34.9332 7.4282e+02    670.380    34.9315    34.9329     5.9658    1480.82    27.6545    27.6557 0.0000e+00
    679.000     4.7573     4.7572   3.348382   3.348466     2.1904    -0.3577     0.3628    34.9333 7.3974e+02    671.367    34.9319    34.9330     5.9656    1480.81    27.6554    27.6563 0.0000e+00
    680.000     4.7541     4.7543   3.348152   3.348243     2.1907    -0.3650     0.3642    34.9333 7.3616e+02    672.354    34.9320    34.9329     5.9681    1480.82    27.6559    27.6566 0.0000e+00
    681.000     4.7569     4.7577   3.348457   3.348590     2.1912    -0.3674     0.3622    34.9328 7.4129e+02    673.342    34.9322    34.9329     5.9703    1480.85    27.6557    27.6562 0.0000e+00
    682.000     4.7495     4.7505   3.347884   3.348018     2.1906    -0.3569     0.3629    34.9334 7.5575e+02    674.329    34.9327    34.9333     5.9698    1480.83    27.6570    27.6573 0.0000e+00
    683.000     4.7473     4.7474   3.347710   3.347796     2.1902    -0.3596     0.3632    34.9335 7.5730e+02    675.316    34.9326    34.9334     5.9697    1480.84    27.6571    27.6578 0.0000e+00
    684.000     4.7451     4.7457   3.347527   3.347700     2.1897    -0.3462     0.3637    34.9335 7.5496e+02    676.303    34.9322    34.9335     5.9692    1480.85    27.6571    27.6581 0.0000e+00
    685.000     4.7379     4.7382   3.346984   3.347079     2.1886    -0.3565     0.3656    34.9339 7.4998e+02    677.290    34.9329    34.9337     5.9670    1480.83    27.6584    27.6591 0.0000e+00
    686.000     4.7360     4.7362   3.346861   3.346939     2.1874    -0.3730     0.3666    34.9339 7.4234e+02    678.277    34.9330    34.9337     5.9638    1480.84    27.6588    27.6593 0.0000e+00
    687.000     4.7306     4.7310   3.346369   3.346533     2.1867    -0.3583     0.3635    34.9341 7.3676e+02    679.264    34.9324    34.9339     5.9628    1480.84    27.6589    27.6600 0.0000e+00
    688.000     4.7209     4.7212   3.345672   3.345776     2.1864    -0.3599     0.3628    34.9353 7.3513e+02    680.251    34.9340    34.9348     5.9642    1480.82    27.6613    27.6619 0.0000e+00
    689.000     4.7201     4.7203   3.345690   3.345769     2.1859    -0.3839     0.3637    34.9354 7.3571e+02    681.239    34.9345    34.9351     5.9634    1480.83    27.6618    27.6622 0.0000e+00
    690.000     4.7204     4.7206   3.345784   3.345835     2.1858    -0.3699     0.3674    34.9354 7.3707e+02    682.226    34.9347    34.9352     5.9635    1480.85    27.6619    27.6623 0.0000e+00
    691.000     4.7215     4.7214   3.345882   3.345951     2.1854    -0.3590     0.3699    34.9350 7.3841e+02    683.213    34.9342    34.9351     5.9628    1480.87    27.6614    27.6621 0.0000e+00
    692.000     4.7213     4.7215   3.345927   3.346001     2.1853    -0.3620     0.3580    34.9351 7.3765e+02    684.200    34.9345    34.9350     5.9634    1480.88    27.6617    27.6621 0.0000e+00
    693.000     4.7221     4.7225   3.346092   3.346150     2.1852    -0.3586     0.3634    34.9353 7.3468e+02    685.187    34.9350    34.9353     5.9634    1480.90    27.6620    27.6622 0.0000e+00
    694.000     4.7231     4.7234   3.346213   3.346299     2.1845    -0.3586     0.3627    34.9352 7.4166e+02    686.174    34.9349    34.9355     5.9617    1480.92    27.6618    27.6622 0.0000e+00
    695.000     4.7232     4.7234   3.346351   3.346436     2.1839    -0.3602     0.3593    34.9359 7.5568e+02    687.161    34.9359    34.9366     5.9604    1480.94    27.6626    27.6631 0.0000e+00
    696.000     4.7230     4.7234   3.346448   3.346549     2.1828    -0.3599     0.3593    34.9370 7.5459e+02    688.148    34.9367    34.9374     5.9571    1480.96    27.6632    27.6638 0.0000e+00
    697.000     4.7199     4.7200   3.346164   3.346279     2.1817    -0.3562     0.3640    34.9370 7.5143e+02    689.135    34.9362    34.9373     5.9545    1480.96    27.6632    27.6641 0.0000e+00
    698.000     4.7146     4.7146   3.345693   3.345843     2.1808    -0.3628     0.3641    34.9373 7.4688e+02    690.122    34.9356    34.9374     5.9529    1480.96    27.6634    27.6648 0.0000e+00
    699.000     4.7076     4.7080   3.345331   3.345378     2.1806    -0.3792     0.3690    34.9385 7.4195e+02    691.109    34.9382    34.9384     5.9539    1480.95    27.6662    27.6663 0.0000e+00
    700.000     4.7143     4.7158   3.346266   3.346336     2.1801    -0.3826     0.3664    34.9401 7.3638e+02    692.096    34.9417    34.9409     5.9519    1481.00    27.6682    27.6674 0.0000e+00
    701.000     4.7297     4.7290   3.347849   3.347697     2.1787    -0.3840     0.3591    34.9418 7.3098e+02    693.083    34.9433    34.9423     5.9450    1481.08    27.6678    27.6671 0.0000e+00
    702.000     4.7339     4.7339   3.348286   3.348253     2.1759    -0.3808     0.3620    34.9424 7.2672e+02    694.070    34.9436    34.9431     5.9353    1481.11    27.6676    27.6672 0.0000e+00
    703.000     4.7449     4.7438   3.349415   3.349327     2.1710    -0.3650     0.3608    34.9439 7.2853e+02    695.057    34.9446    34.9447     5.9170    1481.18    27.6671    27.6674 0.0000e+00
    704.000     4.7479     4.7484   3.349806   3.349852     2.1658    -0.3662     0.3630    34.9445 7.3782e+02    696.045    34.9455    34.9455     5.8987    1481.20    27.6676    27.6674 0.0000e+00
    705.000     4.7479     4.7490   3.349774   3.349955     2.1626    -0.3664     0.3630    34.9444 7.4635e+02    697.032    34.9446    34.9456     5.8880    1481.22    27.6668    27.6675 0.0000e+00
    706.000     4.7520     4.7501   3.350272   3.350094     2.1592    -0.3729     0.3692    34.9450 7.5480e+02    698.019    34.9456    34.9455     5.8762    1481.25    27.6672    27.6673 0.0000e+00
    707.000     4.7542     4.7538   3.350628   3.350560     2.1564    -0.3754     0.3601    34.9457 7.5473e+02    699.006    34.9469    34.9466     5.8667    1481.28    27.6679    27.6677 0.0000e+00
    708.000     4.7592     4.7600   3.351139   3.351256     2.1556    -0.3598     0.3629    34.9463 7.5174e+02    699.993    34.9471    34.9476     5.8636    1481.32    27.6676    27.6678 0.0000e+00
    709.000     4.7598     4.7600   3.351220   3.351282     2.1547    -0.3580     0.3637    34.9464 7.4781e+02    700.980    34.9469    34.9474     5.8611    1481.34    27.6673    27.6677 0.0000e+00
    710.000     4.7581     4.7581   3.351052   3.351141     2.1543    -0.3600     0.3629    34.9462 7.4350e+02    701.967    34.9462    34.9473     5.8609    1481.35    27.6670    27.6678 0.0000e+00
    711.000     4.7589     4.7569   3.351446   3.351108     2.1532    -0.3601     0.3637    34.9469 7.3947e+02    702.954    34.9494    34.9476     5.8575    1481.37    27.6695    27.6682 0.0000e+00
    712.000     4.7669     4.7671   3.352168   3.352311     2.1527    -0.3606     0.3629    34.9490 7.3426e+02    703.941    34.9489    34.9503     5.8551    1481.42    27.6682    27.6693 0.0000e+00
    713.000     4.7607     4.7611   3.351644   3.351754     2.1517    -0.3564     0.3629    34.9489 7.3057e+02    704.928    34.9489    34.9497     5.8534    1481.41    27.6688    27.6695 0.0000e+00
    714.000     4.7589     4.7592   3.351568   3.351641     2.1505    -0.3564     0.3629    34.9489 7.2673e+02    705.915    34.9493    34.9498     5.8499    1481.42    27.6694    27.6698 0.0000e+00
    715.000     4.7594     4.7597   3.351677   3.351742     2.1486    -0.3577     0.3629    34.9491 7.2430e+02    706.902    34.9496    34.9500     5.8440    1481.44    27.6696    27.6699 0.0000e+00
    716.000     4.7597     4.7603   3.351714   3.351818     2.1452    -0.3523     0.3630    34.9489 7.3751e+02    707.889    34.9491    34.9497     5.8325    1481.46    27.6692    27.6696 0.0000e+00
    717.000     4.7477     4.7455   3.350401   3.350365     2.1417    -0.3589     0.3616    34.9480 7.5902e+02    708.876    34.9460    34.9478     5.8230    1481.42    27.6680    27.6698 0.0000e+00
    718.000     4.7188     4.7185   3.347565   3.347691     2.1407    -0.3811     0.3599    34.9453 7.5563e+02    709.862    34.9428    34.9446     5.8248    1481.31    27.6687    27.6702 0.0000e+00
    719.000     4.7036     4.7043   3.345879   3.346244     2.1403    -0.3728     0.3612    34.9430 7.5131e+02    710.849    34.9386    34.9421     5.8267    1481.26    27.6672    27.6699 0.0000e+00
    720.000     4.6695     4.6704   3.342410   3.342862     2.1412    -0.3605     0.3633    34.9400 7.4596e+02    711.836    34.9335    34.9378     5.8357    1481.13    27.6669    27.6703 0.0000e+00
    721.000     4.6612     4.6614   3.342177   3.342217     2.1421    -0.3724     0.3629    34.9411 7.4123e+02    712.823    34.9390    34.9392     5.8409    1481.12    27.6722    27.6724 0.0000e+00
    722.000     4.6625     4.6628   3.342371   3.342425     2.1435    -0.3761     0.3629    34.9415 7.3544e+02    713.810    34.9394    34.9397     5.8465    1481.14    27.6724    27.6726 0.0000e+00
    723.000     4.6628     4.6631   3.342437   3.342516     2.1438    -0.3786     0.3640    34.9413 7.3084e+02    714.797    34.9393    34.9399     5.8482    1481.16    27.6723    27.6728 0.0000e+00
    724.000     4.6622     4.6629   3.342441   3.342537     2.1448    -0.3570     0.3605    34.9416 7.2591e+02    715.784    34.9394    34.9399     5.8525    1481.18    27.6725    27.6727 0.0000e+00
    725.000     4.6631     4.6635   3.342718   3.342712     2.1450    -0.3569     0.3581    34.9422 7.2098e+02    716.771    34.9412    34.9408     5.8540    1481.20    27.6738    27.6734 0.0000e+00
    726.000     4.6632     4.6637   3.342608   3.342782     2.1459    -0.3586     0.3613    34.9420 7.1696e+02    717.758    34.9393    34.9409     5.8578    1481.21    27.6723    27.6735 0.0000e+00
    727.000     4.6595     4.6587   3.342373   3.342386     2.1458    -0.3583     0.3637    34.9423 7.1371e+02    718.745    34.9399    34.9410     5.8589    1481.22    27.6732    27.6741 0.0000e+00
