Ship_data/Irminger/Irminger-5/ctd/process/dar30-03009.cnv
* Sea-Bird SBE 9 Data File:
* FileName = D:\Data\ar30-03009.hdr
* Software Version Seasave V 7.23.2
* Temperature SN = 4312
* Conductivity SN = 2148
* Number of Bytes Per Scan = 44
* Number of Voltage Words = 5
* Number of Scans Averaged by the Deck Unit = 1
* NMEA Latitude = 59 49.83 N
* NMEA Longitude = 039 13.28 W
* NMEA UTC (Time) = Jun 12 2018  18:03:09
** Cruise ID: ar30-03
** Chief Sci: Macdonald
** Station #: 009
** Site ID: Irminger 5 test cast
** test cast to 130m
# nquan = 18
# nvalues = 133                         
# units = specified
# name 0 = prDM: Pressure, Digiquartz [db]
# name 1 = t090C: Temperature [ITS-90, deg C]
# name 2 = t190C: Temperature, 2 [ITS-90, deg C]
# name 3 = c0S/m: Conductivity [S/m]
# name 4 = c1S/m: Conductivity, 2 [S/m]
# name 5 = sbeox0V: Oxygen raw, SBE 43 [V]
# name 6 = flECO-AFL: Fluorescence, WET Labs ECO-AFL/FL [mg/m^3]
# name 7 = turbWETntu0: Turbidity, WET Labs ECO [NTU]
# name 8 = sal00: Salinity, Practical [PSU]
# name 9 = spar: SPAR/Surface Irradiance
# name 10 = depSM: Depth [salt water, m], lat = 59.8305
# name 11 = sal00: Salinity, Practical [PSU]
# name 12 = sal11: Salinity, Practical, 2 [PSU]
# name 13 = sbeox0ML/L: Oxygen, SBE 43 [ml/l], WS = 2
# name 14 = svCM: Sound Velocity [Chen-Millero, m/s]
# name 15 = sigma-é00: Density [sigma-theta, kg/m^3]
# name 16 = sigma-é11: Density, 2 [sigma-theta, kg/m^3]
# name 17 = flag: flag
# span 0 =      3.000,    135.000       
# span 1 =     4.9598,     6.1436       
# span 2 =     4.9599,     6.1426       
# span 3 =   3.336150,   3.438374       
# span 4 =   3.336267,   3.438507       
# span 5 =     2.4647,     2.8865       
# span 6 =    -0.1468,     7.2023       
# span 7 =     0.4091,     0.6503       
# span 8 =    34.8598,    34.8899       
# span 9 = 2.8552e+02, 3.1242e+02       
# span 10 =      2.972,    133.685      
# span 11 =    34.8579,    34.8898      
# span 12 =    34.8607,    34.8917      
# span 13 =     6.4298,     7.4662      
# span 14 =    1472.33,    1475.23      
# span 15 =    27.4312,    27.5782      
# span 16 =    27.4335,    27.5795      
# span 17 = 0.0000e+00, 0.0000e+00      
# interval = decibars: 1                
# start_time = Jun 12 2018 18:03:09 [System UTC, first data scan.]
# bad_flag = -9.990e-29
*END*
[from data line 81]
     84.000     5.2377     5.2429   3.359864   3.360707     2.5412     0.4953     0.4719    34.8775 3.0552e+02     83.192    34.8720    34.8763     6.5925    1472.91    27.5466    27.5494 0.0000e+00
     85.000     5.2205     5.2216   3.358512   3.358797     2.5391     0.4846     0.4653    34.8774 3.0512e+02     84.182    34.8739    34.8759     6.5894    1472.86    27.5501    27.5516 0.0000e+00
     86.000     5.2141     5.2151   3.357923   3.358207     2.5370     0.3903     0.4556    34.8764 3.0554e+02     85.173    34.8732    34.8754     6.5845    1472.85    27.5504    27.5520 0.0000e+00
     87.000     5.2270     5.2267   3.359230   3.359380     2.5361     0.3907     0.4635    34.8760 3.0644e+02     86.163    34.8743    34.8763     6.5804    1472.92    27.5497    27.5514 0.0000e+00
     88.000     5.2099     5.2076   3.357558   3.357658     2.5337     0.4383     0.4630    34.8750 3.0784e+02     87.153    34.8723    34.8759     6.5763    1472.86    27.5502    27.5533 0.0000e+00
     89.000     5.2033     5.2040   3.357124   3.357342     2.5319     0.5671     0.4894    34.8754 3.0777e+02     88.143    34.8736    34.8755     6.5725    1472.85    27.5520    27.5534 0.0000e+00
     90.000     5.2011     5.2014   3.356905   3.357163     2.5311     0.4876     0.4893    34.8750 3.0787e+02     89.133    34.8729    34.8756     6.5712    1472.86    27.5518    27.5538 0.0000e+00
     91.000     5.1915     5.1904   3.356103   3.356151     2.5300     0.4042     0.4923    34.8747 3.0740e+02     90.123    34.8731    34.8749     6.5700    1472.84    27.5530    27.5546 0.0000e+00
     92.000     5.2036     5.2016   3.357113   3.357201     2.5285     0.2876     0.4393    34.8733 3.0755e+02     91.114    34.8716    34.8747     6.5640    1472.90    27.5504    27.5531 0.0000e+00
     93.000     5.1541     5.1544   3.352601   3.352817     2.5266     0.3856     0.4644    34.8731 3.0826e+02     92.104    34.8707    34.8729     6.5670    1472.72    27.5556    27.5573 0.0000e+00
     94.000     5.1447     5.1466   3.351730   3.352111     2.5247     0.2150     0.4468    34.8723 3.0937e+02     93.094    34.8699    34.8724     6.5633    1472.69    27.5561    27.5578 0.0000e+00
     95.000     5.1150     5.1170   3.348832   3.349285     2.5211     0.3055     0.4538    34.8705 3.0877e+02     94.084    34.8670    34.8701     6.5577    1472.59    27.5572    27.5595 0.0000e+00
     96.000     5.1019     5.1023   3.347698   3.347959     2.5197     0.2761     0.4534    34.8698 3.0801e+02     95.074    34.8670    34.8696     6.5562    1472.55    27.5588    27.5608 0.0000e+00
     97.000     5.1102     5.1100   3.348688   3.348764     2.5189     0.3351     0.4495    34.8702 3.0832e+02     96.064    34.8692    34.8703     6.5530    1472.60    27.5596    27.5605 0.0000e+00
     98.000     5.0987     5.0924   3.347263   3.347004     2.5165     0.1904     0.4422    34.8682 3.1060e+02     97.054    34.8643    34.8679     6.5483    1472.57    27.5570    27.5606 0.0000e+00
     99.000     5.0545     5.0558   3.343210   3.343578     2.5152     0.1153     0.4401    34.8663 3.0961e+02     98.044    34.8631    34.8659     6.5522    1472.40    27.5613    27.5634 0.0000e+00
    100.000     5.0528     5.0531   3.343284   3.343378     2.5147     0.0744     0.4382    34.8663 3.0760e+02     99.035    34.8651    34.8659     6.5516    1472.41    27.5631    27.5637 0.0000e+00
    101.000     5.0509     5.0495   3.342959   3.343056     2.5146     0.0751     0.4402    34.8656 3.0622e+02    100.025    34.8628    34.8654     6.5527    1472.42    27.5615    27.5637 0.0000e+00
    102.000     5.0550     5.0568   3.343532   3.343819     2.5137     0.1238     0.4399    34.8653 3.1141e+02    101.015    34.8647    34.8661     6.5499    1472.45    27.5625    27.5634 0.0000e+00
    103.000     5.0507     5.0517   3.343181   3.343426     2.5107     0.1510     0.4401    34.8654 3.1037e+02    102.005    34.8646    34.8664     6.5415    1472.45    27.5629    27.5643 0.0000e+00
    104.000     5.0455     5.0446   3.342621   3.342763     2.5091     0.1485     0.4387    34.8647 3.0738e+02    102.995    34.8630    34.8656     6.5383    1472.45    27.5623    27.5644 0.0000e+00
    105.000     5.0317     5.0310   3.341417   3.341520     2.5071     0.1391     0.4455    34.8643 3.0428e+02    103.985    34.8630    34.8649     6.5349    1472.41    27.5639    27.5655 0.0000e+00
    106.000     5.0186     5.0161   3.340082   3.340085     2.5067     0.0665     0.4329    34.8632 3.0447e+02    104.975    34.8606    34.8633     6.5368    1472.37    27.5636    27.5660 0.0000e+00
    107.000     5.0198     5.0186   3.340398   3.340433     2.5065     0.0991     0.4281    34.8633 3.1154e+02    105.965    34.8625    34.8642     6.5366    1472.39    27.5649    27.5664 0.0000e+00
    108.000     5.0085     5.0082   3.339406   3.339557     2.5048     0.0544     0.4283    34.8634 3.1242e+02    106.955    34.8623    34.8644     6.5338    1472.36    27.5661    27.5678 0.0000e+00
    109.000     5.0046     5.0053   3.338966   3.339288     2.5026    -0.0175     0.4341    34.8627 3.0991e+02    107.945    34.8608    34.8638     6.5283    1472.36    27.5654    27.5677 0.0000e+00
    110.000     4.9927     4.9961   3.337873   3.338418     2.5019    -0.0129     0.4305    34.8616 3.0817e+02    108.935    34.8601    34.8628     6.5288    1472.33    27.5662    27.5679 0.0000e+00
    111.000     4.9918     4.9916   3.337924   3.338046     2.5018     0.0245     0.4276    34.8618 3.0747e+02    109.925    34.8610    34.8627     6.5295    1472.34    27.5670    27.5684 0.0000e+00
    112.000     4.9926     4.9924   3.337992   3.338173     2.5019    -0.0344     0.4270    34.8615 3.0787e+02    110.915    34.8604    34.8628     6.5305    1472.36    27.5665    27.5684 0.0000e+00
    113.000     4.9827     4.9851   3.336925   3.337417     2.5023    -0.0801     0.4239    34.8600 3.0868e+02    111.905    34.8579    34.8611     6.5344    1472.33    27.5657    27.5679 0.0000e+00
    114.000     4.9793     4.9795   3.336765   3.336971     2.5028    -0.1010     0.4192    34.8603 3.0962e+02    112.896    34.8591    34.8612     6.5376    1472.34    27.5670    27.5687 0.0000e+00
    115.000     4.9775     4.9781   3.336660   3.336870     2.5031    -0.0913     0.4173    34.8600 3.1001e+02    113.886    34.8593    34.8611     6.5395    1472.35    27.5674    27.5687 0.0000e+00
    116.000     4.9766     4.9760   3.336568   3.336698     2.5027    -0.0801     0.4166    34.8599 3.1012e+02    114.876    34.8586    34.8607     6.5394    1472.36    27.5669    27.5687 0.0000e+00
    117.000     4.9742     4.9750   3.336432   3.336654     2.5022    -0.1468     0.4128    34.8598 3.1001e+02    115.866    34.8590    34.8607     6.5390    1472.36    27.5675    27.5688 0.0000e+00
    118.000     4.9713     4.9721   3.336194   3.336449     2.5007    -0.0996     0.4197    34.8598 3.1011e+02    116.856    34.8587    34.8609     6.5353    1472.37    27.5677    27.5693 0.0000e+00
    119.000     4.9693     4.9691   3.336150   3.336267     2.5001    -0.0150     0.4195    34.8603 3.1093e+02    117.846    34.8598    34.8613     6.5346    1472.38    27.5688    27.5700 0.0000e+00
    120.000     4.9707     4.9708   3.336449   3.336598     2.4990    -0.1273     0.4174    34.8616 3.1119e+02    118.836    34.8613    34.8629     6.5315    1472.40    27.5698    27.5711 0.0000e+00
    121.000     4.9704     4.9702   3.336545   3.336699     2.4971    -0.0624     0.4166    34.8626 3.1027e+02    119.826    34.8621    34.8642     6.5261    1472.42    27.5705    27.5722 0.0000e+00
    122.000     4.9711     4.9714   3.336723   3.336905     2.4957    -0.0685     0.4180    34.8630 3.1012e+02    120.816    34.8630    34.8648     6.5222    1472.44    27.5711    27.5725 0.0000e+00
    123.000     4.9707     4.9703   3.336790   3.336938     2.4940    -0.0941     0.4213    34.8641 3.0955e+02    121.806    34.8636    34.8658     6.5176    1472.45    27.5717    27.5734 0.0000e+00
    124.000     4.9704     4.9704   3.336893   3.337044     2.4924    -0.1197     0.4251    34.8648 3.0935e+02    122.796    34.8646    34.8664     6.5132    1472.47    27.5725    27.5739 0.0000e+00
    125.000     4.9693     4.9690   3.336854   3.337015     2.4892    -0.0808     0.4140    34.8652 3.0970e+02    123.786    34.8647    34.8669     6.5038    1472.48    27.5727    27.5745 0.0000e+00
    126.000     4.9645     4.9646   3.336529   3.336694     2.4857     0.0017     0.4167    34.8660 3.1023e+02    124.776    34.8654    34.8674     6.4938    1472.48    27.5739    27.5754 0.0000e+00
    127.000     4.9638     4.9638   3.336529   3.336700     2.4833    -0.0148     0.4191    34.8661 3.1043e+02    125.766    34.8657    34.8677     6.4870    1472.49    27.5742    27.5758 0.0000e+00
    128.000     4.9645     4.9645   3.336695   3.336850     2.4816    -0.0666     0.4167    34.8665 3.1102e+02    126.756    34.8663    34.8682     6.4819    1472.52    27.5746    27.5761 0.0000e+00
    129.000     4.9658     4.9658   3.336940   3.337077     2.4797    -0.0963     0.4147    34.8674 3.1127e+02    127.746    34.8673    34.8689     6.4764    1472.54    27.5752    27.5765 0.0000e+00
    130.000     4.9663     4.9663   3.337062   3.337229     2.4769    -0.1073     0.4091    34.8678 3.1114e+02    128.736    34.8677    34.8696     6.4679    1472.56    27.5755    27.5770 0.0000e+00
    131.000     4.9645     4.9646   3.337011   3.337187     2.4744    -0.0943     0.4140    34.8687 3.1034e+02    129.725    34.8684    34.8704     6.4608    1472.57    27.5763    27.5778 0.0000e+00
    132.000     4.9627     4.9624   3.336899   3.337080     2.4728    -0.0715     0.4168    34.8690 3.1012e+02    130.715    34.8685    34.8709     6.4568    1472.58    27.5765    27.5785 0.0000e+00
    133.000     4.9598     4.9605   3.336772   3.337024     2.4714    -0.0518     0.4169    34.8698 3.0979e+02    131.705    34.8695    34.8718     6.4535    1472.58    27.5777    27.5794 0.0000e+00
    134.000     4.9612     4.9599   3.336887   3.336994     2.4694    -0.0011     0.4262    34.8694 3.1088e+02    132.695    34.8689    34.8715     6.4475    1472.60    27.5771    27.5793 0.0000e+00
    135.000     4.9795     4.9774   3.338940   3.338868     2.4647     0.0092     0.4228    34.8728 3.0963e+02    133.685    34.8730    34.8743     6.4298    1472.70    27.5782    27.5795 0.0000e+00
