Ship_data/Irminger/Irminger-5/ctd/process/dar30-03006.cnv
* Sea-Bird SBE 9 Data File:
* FileName = D:\Data\ar30-03006.hdr
* Software Version Seasave V 7.23.2
* Temperature SN = 4312
* Conductivity SN = 2148
* Number of Bytes Per Scan = 44
* Number of Voltage Words = 5
* Number of Scans Averaged by the Deck Unit = 1
* NMEA Latitude = 59 57.97 N
* NMEA Longitude = 039 30.98 W
* NMEA UTC (Time) = Jun 09 2018  13:38:40
** Cruise ID: ar30-03
** Chief Sci: Macdonald
** Station #: 006
** Site ID: Irminger 5 HYPM
** ctd cast at HYPM site with 3 bottom releases tested
# nquan = 18
# nvalues = 2687                        
# units = specified
# name 0 = prDM: Pressure, Digiquartz [db]
# name 1 = t090C: Temperature [ITS-90, deg C]
# name 2 = t190C: Temperature, 2 [ITS-90, deg C]
# name 3 = c0S/m: Conductivity [S/m]
# name 4 = c1S/m: Conductivity, 2 [S/m]
# name 5 = sbeox0V: Oxygen raw, SBE 43 [V]
# name 6 = flECO-AFL: Fluorescence, WET Labs ECO-AFL/FL [mg/m^3]
# name 7 = turbWETntu0: Turbidity, WET Labs ECO [NTU]
# name 8 = sal00: Salinity, Practical [PSU]
# name 9 = spar: SPAR/Surface Irradiance
# name 10 = depSM: Depth [salt water, m], lat = 59.9662
# name 11 = sal00: Salinity, Practical [PSU]
# name 12 = sal11: Salinity, Practical, 2 [PSU]
# name 13 = sbeox0ML/L: Oxygen, SBE 43 [ml/l], WS = 2
# name 14 = svCM: Sound Velocity [Chen-Millero, m/s]
# name 15 = sigma-é00: Density [sigma-theta, kg/m^3]
# name 16 = sigma-é11: Density, 2 [sigma-theta, kg/m^3]
# name 17 = flag: flag
# span 0 =      5.000,   2691.000       
# span 1 =     1.5098,     5.7890       
# span 2 =     1.5108,     5.7886       
# span 3 =   3.139117,   3.405319       
# span 4 =   3.139142,   3.405445       
# span 5 =     1.7958,     2.7990       
# span 6 =    -0.4142,     5.3388       
# span 7 =     0.1764,     0.6614       
# span 8 =    34.8539,    34.9238       
# span 9 = 6.9941e+02, 1.1388e+03       
# span 10 =      4.953,   2648.683      
# span 11 =    34.8539,    34.9237      
# span 12 =    34.8529,    34.9234      
# span 13 =     5.9731,     7.2499      
# span 14 =    1472.68,    1500.67      
# span 15 =    27.4642,    27.9325      
# span 16 =    27.4651,    27.9317      
# span 17 = 0.0000e+00, 0.0000e+00      
# interval = decibars: 1                
# start_time = Jun 09 2018 13:38:40 [System UTC, first data scan.]
# bad_flag = -9.990e-29
*END*
[from data line 2011]
   2016.000     3.2105     3.2110   3.264507   3.264552     1.8895    -0.3715     0.3561    34.9094 9.6069e+02   1987.421    34.9092    34.9092     6.0819    1496.59    27.8077    27.8076 0.0000e+00
   2017.000     3.2100     3.2113   3.264505   3.264617     1.8893    -0.3671     0.3546    34.9094 9.3656e+02   1988.402    34.9092    34.9091     6.0821    1496.61    27.8078    27.8075 0.0000e+00
   2018.000     3.2087     3.2092   3.264459   3.264508     1.8894    -0.3709     0.3563    34.9096 9.2396e+02   1989.384    34.9095    34.9095     6.0835    1496.62    27.8081    27.8081 0.0000e+00
   2019.000     3.2085     3.2091   3.264486   3.264538     1.8890    -0.3662     0.3580    34.9097 9.2506e+02   1990.365    34.9095    34.9096     6.0826    1496.63    27.8082    27.8082 0.0000e+00
   2020.000     3.2084     3.2089   3.264523   3.264574     1.8884    -0.3683     0.3580    34.9097 9.2928e+02   1991.346    34.9096    34.9096     6.0810    1496.65    27.8082    27.8082 0.0000e+00
   2021.000     3.2085     3.2089   3.264550   3.264601     1.8883    -0.3810     0.3580    34.9095 9.3584e+02   1992.327    34.9094    34.9095     6.0810    1496.67    27.8081    27.8082 0.0000e+00
   2022.000     3.2083     3.2087   3.264595   3.264623     1.8884    -0.3868     0.3580    34.9097 9.4457e+02   1993.308    34.9097    34.9095     6.0822    1496.68    27.8083    27.8082 0.0000e+00
   2023.000     3.2052     3.2056   3.264307   3.264384     1.8881    -0.3696     0.3537    34.9096 9.5355e+02   1994.289    34.9090    34.9095     6.0824    1496.69    27.8081    27.8084 0.0000e+00
   2024.000     3.2033     3.2038   3.264238   3.264287     1.8873    -0.3712     0.3615    34.9099 9.5982e+02   1995.271    34.9097    34.9097     6.0801    1496.70    27.8088    27.8088 0.0000e+00
   2025.000     3.2017     3.2024   3.264125   3.264183     1.8870    -0.3735     0.3586    34.9099 9.6076e+02   1996.252    34.9096    34.9095     6.0796    1496.71    27.8089    27.8088 0.0000e+00
   2026.000     3.2008     3.2015   3.264091   3.264153     1.8867    -0.3782     0.3580    34.9098 9.5395e+02   1997.233    34.9096    34.9096     6.0793    1496.72    27.8090    27.8089 0.0000e+00
   2027.000     3.2009     3.2015   3.264164   3.264210     1.8860    -0.3917     0.3553    34.9100 9.4581e+02   1998.214    34.9099    34.9098     6.0770    1496.74    27.8092    27.8091 0.0000e+00
   2028.000     3.2012     3.2018   3.264237   3.264292     1.8860    -0.3882     0.3580    34.9102 9.3979e+02   1999.195    34.9100    34.9100     6.0777    1496.75    27.8093    27.8093 0.0000e+00
   2029.000     3.1994     3.1999   3.264149   3.264190     1.8860    -0.3931     0.3539    34.9106 9.3523e+02   2000.176    34.9103    34.9103     6.0788    1496.76    27.8097    27.8097 0.0000e+00
   2030.000     3.1987     3.1993   3.264129   3.264180     1.8859    -0.3887     0.3544    34.9106 9.3437e+02   2001.157    34.9104    34.9104     6.0793    1496.78    27.8099    27.8098 0.0000e+00
   2031.000     3.1980     3.1986   3.264112   3.264163     1.8856    -0.3756     0.3517    34.9106 9.3654e+02   2002.138    34.9104    34.9104     6.0790    1496.79    27.8099    27.8099 0.0000e+00
   2032.000     3.1966     3.1974   3.264014   3.264117     1.8855    -0.3664     0.3505    34.9108 9.4161e+02   2003.119    34.9103    34.9107     6.0795    1496.80    27.8100    27.8102 0.0000e+00
   2033.000     3.1939     3.1945   3.263793   3.263864     1.8848    -0.3914     0.3582    34.9106 9.4724e+02   2004.100    34.9100    34.9103     6.0778    1496.81    27.8100    27.8102 0.0000e+00
   2034.000     3.1911     3.1918   3.263611   3.263681     1.8847    -0.3916     0.3509    34.9106 9.5480e+02   2005.082    34.9103    34.9104     6.0785    1496.81    27.8105    27.8105 0.0000e+00
   2035.000     3.1913     3.1919   3.263669   3.263720     1.8847    -0.3792     0.3540    34.9106 9.6448e+02   2006.063    34.9103    34.9103     6.0792    1496.83    27.8105    27.8104 0.0000e+00
   2036.000     3.1936     3.1946   3.263907   3.263992     1.8838    -0.3554     0.3561    34.9103 9.6521e+02   2007.044    34.9102    34.9102     6.0759    1496.86    27.8103    27.8101 0.0000e+00
   2037.000     3.1906     3.1913   3.263683   3.263754     1.8835    -0.3712     0.3500    34.9106 9.4149e+02   2008.025    34.9103    34.9104     6.0756    1496.86    27.8106    27.8106 0.0000e+00
   2038.000     3.1898     3.1904   3.263657   3.263716     1.8835    -0.3679     0.3552    34.9106 9.3469e+02   2009.006    34.9104    34.9104     6.0766    1496.87    27.8107    27.8107 0.0000e+00
   2039.000     3.1873     3.1881   3.263417   3.263543     1.8834    -0.3729     0.3550    34.9105 9.3237e+02   2009.987    34.9096    34.9102     6.0774    1496.88    27.8104    27.8108 0.0000e+00
   2040.000     3.1822     3.1827   3.263063   3.263138     1.8833    -0.3691     0.3560    34.9111 9.3455e+02   2010.968    34.9103    34.9106     6.0784    1496.88    27.8114    27.8116 0.0000e+00
   2041.000     3.1797     3.1803   3.262958   3.263005     1.8832    -0.3890     0.3583    34.9116 9.3929e+02   2011.949    34.9112    34.9111     6.0791    1496.88    27.8123    27.8122 0.0000e+00
   2042.000     3.1793     3.1799   3.262962   3.263006     1.8828    -0.3754     0.3554    34.9116 9.4732e+02   2012.930    34.9112    34.9112     6.0785    1496.90    27.8124    27.8123 0.0000e+00
   2043.000     3.1792     3.1799   3.262986   3.263047     1.8824    -0.3811     0.3545    34.9115 9.5658e+02   2013.911    34.9111    34.9111     6.0777    1496.91    27.8123    27.8122 0.0000e+00
   2044.000     3.1781     3.1789   3.262941   3.263009     1.8818    -0.3824     0.3575    34.9116 9.6332e+02   2014.892    34.9112    34.9112     6.0760    1496.93    27.8125    27.8125 0.0000e+00
   2045.000     3.1739     3.1746   3.262610   3.262693     1.8811    -0.3674     0.3580    34.9120 9.5709e+02   2015.873    34.9113    34.9115     6.0744    1496.93    27.8130    27.8131 0.0000e+00
   2046.000     3.1727     3.1732   3.262637   3.262661     1.8808    -0.3730     0.3548    34.9125 9.5209e+02   2016.854    34.9124    34.9121     6.0740    1496.94    27.8140    27.8137 0.0000e+00
   2047.000     3.1744     3.1751   3.262843   3.262904     1.8803    -0.3785     0.3513    34.9127 9.5023e+02   2017.835    34.9126    34.9125     6.0721    1496.96    27.8140    27.8138 0.0000e+00
   2048.000     3.1753     3.1760   3.262999   3.263033     1.8800    -0.3939     0.3479    34.9131 9.5076e+02   2018.816    34.9130    34.9126     6.0715    1496.98    27.8143    27.8139 0.0000e+00
   2049.000     3.1744     3.1752   3.262991   3.263045     1.8797    -0.3724     0.3482    34.9135 9.5336e+02   2019.797    34.9134    34.9132     6.0711    1497.00    27.8146    27.8144 0.0000e+00
   2050.000     3.1740     3.1746   3.262992   3.263050     1.8789    -0.3717     0.3482    34.9136 9.5699e+02   2020.778    34.9134    34.9134     6.0686    1497.01    27.8147    27.8147 0.0000e+00
   2051.000     3.1723     3.1730   3.262886   3.262963     1.8786    -0.3723     0.3527    34.9137 9.6100e+02   2021.759    34.9134    34.9135     6.0682    1497.02    27.8149    27.8149 0.0000e+00
   2052.000     3.1706     3.1712   3.262759   3.262817     1.8775    -0.3842     0.3496    34.9136 9.5977e+02   2022.740    34.9132    34.9133     6.0643    1497.03    27.8149    27.8148 0.0000e+00
   2053.000     3.1674     3.1681   3.262518   3.262591     1.8774    -0.3764     0.3527    34.9136 9.5228e+02   2023.721    34.9132    34.9133     6.0652    1497.04    27.8152    27.8152 0.0000e+00
   2054.000     3.1668     3.1676   3.262509   3.262585     1.8767    -0.3803     0.3517    34.9136 9.4978e+02   2024.702    34.9133    34.9134     6.0631    1497.05    27.8153    27.8153 0.0000e+00
   2055.000     3.1639     3.1648   3.262335   3.262397     1.8762    -0.3781     0.3519    34.9141 9.5991e+02   2025.683    34.9138    34.9136     6.0621    1497.06    27.8160    27.8157 0.0000e+00
   2056.000     3.1631     3.1638   3.262424   3.262471     1.8761    -0.3815     0.3539    34.9155 9.6808e+02   2026.664    34.9152    34.9151     6.0625    1497.07    27.8172    27.8170 0.0000e+00
   2057.000     3.1630     3.1637   3.262450   3.262506     1.8754    -0.3892     0.3537    34.9153 9.7313e+02   2027.645    34.9151    34.9151     6.0604    1497.09    27.8171    27.8170 0.0000e+00
   2058.000     3.1638     3.1647   3.262554   3.262632     1.8750    -0.3917     0.3546    34.9152 9.7525e+02   2028.626    34.9150    34.9150     6.0592    1497.11    27.8170    27.8169 0.0000e+00
   2059.000     3.1638     3.1646   3.262596   3.262662     1.8748    -0.3715     0.3543    34.9152 9.7181e+02   2029.607    34.9151    34.9150     6.0590    1497.12    27.8170    27.8169 0.0000e+00
   2060.000     3.1628     3.1637   3.262540   3.262626     1.8740    -0.3534     0.3541    34.9154 9.6503e+02   2030.588    34.9150    34.9151     6.0566    1497.14    27.8171    27.8171 0.0000e+00
   2061.000     3.1604     3.1611   3.262419   3.262475     1.8737    -0.3672     0.3547    34.9158 9.5975e+02   2031.569    34.9156    34.9156     6.0565    1497.14    27.8178    27.8177 0.0000e+00
   2062.000     3.1603     3.1609   3.262458   3.262504     1.8726    -0.3916     0.3534    34.9159 9.6311e+02   2032.550    34.9157    34.9156     6.0523    1497.16    27.8178    27.8178 0.0000e+00
   2063.000     3.1599     3.1605   3.262450   3.262508     1.8726    -0.3643     0.3483    34.9159 9.6860e+02   2033.531    34.9155    34.9156     6.0530    1497.18    27.8178    27.8178 0.0000e+00
   2064.000     3.1567     3.1582   3.262211   3.262356     1.8717    -0.3697     0.3475    34.9161 9.7287e+02   2034.512    34.9156    34.9158     6.0507    1497.18    27.8181    27.8181 0.0000e+00
   2065.000     3.1500     3.1506   3.261596   3.261690     1.8715    -0.3853     0.3480    34.9159 9.7451e+02   2035.493    34.9149    34.9154     6.0514    1497.17    27.8182    27.8185 0.0000e+00
   2066.000     3.1432     3.1451   3.260947   3.261203     1.8707    -0.3756     0.3518    34.9152 9.6986e+02   2036.474    34.9138    34.9149     6.0500    1497.15    27.8179    27.8186 0.0000e+00
   2067.000     3.1307     3.1325   3.259864   3.260052     1.8703    -0.3817     0.3488    34.9150 9.6667e+02   2037.455    34.9136    34.9139     6.0510    1497.12    27.8190    27.8190 0.0000e+00
   2068.000     3.1269     3.1274   3.259564   3.259607     1.8704    -0.3686     0.3545    34.9146 9.7493e+02   2038.436    34.9136    34.9136     6.0530    1497.12    27.8193    27.8192 0.0000e+00
   2069.000     3.1249     3.1252   3.259408   3.259442     1.8705    -0.3584     0.3567    34.9144 9.8643e+02   2039.417    34.9134    34.9134     6.0548    1497.12    27.8193    27.8193 0.0000e+00
   2070.000     3.1216     3.1223   3.259154   3.259214     1.8705    -0.3908     0.3480    34.9142 9.8840e+02   2040.398    34.9133    34.9133     6.0558    1497.13    27.8196    27.8195 0.0000e+00
   2071.000     3.1200     3.1205   3.259023   3.259081     1.8704    -0.3917     0.3549    34.9140 9.8319e+02   2041.379    34.9130    34.9132     6.0568    1497.14    27.8194    27.8196 0.0000e+00
   2072.000     3.1187     3.1195   3.258951   3.259023     1.8703    -0.3725     0.3539    34.9138 9.7517e+02   2042.359    34.9130    34.9131     6.0573    1497.15    27.8196    27.8196 0.0000e+00
   2073.000     3.1181     3.1194   3.258976   3.259073     1.8706    -0.3713     0.3541    34.9138 9.6582e+02   2043.340    34.9135    34.9133     6.0595    1497.16    27.8201    27.8197 0.0000e+00
   2074.000     3.1208     3.1217   3.259241   3.259312     1.8708    -0.3808     0.3542    34.9137 9.6368e+02   2044.321    34.9133    34.9132     6.0604    1497.19    27.8197    27.8195 0.0000e+00
   2075.000     3.1225     3.1229   3.259445   3.259466     1.8710    -0.3936     0.3515    34.9138 9.8404e+02   2045.302    34.9135    34.9133     6.0619    1497.22    27.8197    27.8195 0.0000e+00
   2076.000     3.1224     3.1229   3.259505   3.259526     1.8711    -0.3754     0.3528    34.9140 9.8989e+02   2046.283    34.9138    34.9136     6.0630    1497.23    27.8199    27.8197 0.0000e+00
   2077.000     3.1214     3.1224   3.259379   3.259502     1.8707    -0.3767     0.3537    34.9137 9.9072e+02   2047.264    34.9130    34.9134     6.0625    1497.24    27.8194    27.8196 0.0000e+00
   2078.000     3.1185     3.1193   3.259179   3.259258     1.8704    -0.3920     0.3484    34.9135 9.8796e+02   2048.245    34.9131    34.9133     6.0625    1497.25    27.8197    27.8198 0.0000e+00
   2079.000     3.1178     3.1187   3.259180   3.259236     1.8703    -0.3938     0.3524    34.9136 9.8249e+02   2049.226    34.9133    34.9131     6.0626    1497.26    27.8200    27.8197 0.0000e+00
   2080.000     3.1183     3.1190   3.259268   3.259305     1.8703    -0.3927     0.3534    34.9136 9.7687e+02   2050.207    34.9134    34.9132     6.0634    1497.28    27.8200    27.8198 0.0000e+00
   2081.000     3.1188     3.1196   3.259352   3.259406     1.8703    -0.3938     0.3491    34.9136 9.7315e+02   2051.188    34.9134    34.9132     6.0641    1497.30    27.8200    27.8198 0.0000e+00
   2082.000     3.1168     3.1192   3.259159   3.259397     1.8703    -0.3842     0.3496    34.9131 9.7502e+02   2052.168    34.9127    34.9131     6.0653    1497.31    27.8196    27.8197 0.0000e+00
   2083.000     3.1161     3.1182   3.259155   3.259339     1.8703    -0.3695     0.3540    34.9131 9.7958e+02   2053.149    34.9130    34.9129     6.0665    1497.32    27.8199    27.8196 0.0000e+00
   2084.000     3.1190     3.1195   3.259514   3.259525     1.8704    -0.3912     0.3544    34.9136 9.8155e+02   2054.130    34.9137    34.9133     6.0669    1497.35    27.8202    27.8199 0.0000e+00
   2085.000     3.1163     3.1173   3.259203   3.259324     1.8703    -0.3697     0.3542    34.9129 9.8374e+02   2055.111    34.9123    34.9127     6.0680    1497.36    27.8194    27.8196 0.0000e+00
   2086.000     3.1116     3.1128   3.258804   3.258934     1.8702    -0.3696     0.3545    34.9126 9.8733e+02   2056.092    34.9121    34.9123     6.0690    1497.35    27.8197    27.8197 0.0000e+00
   2087.000     3.1106     3.1112   3.258779   3.258821     1.8703    -0.3434     0.3554    34.9127 9.8988e+02   2057.073    34.9124    34.9123     6.0704    1497.36    27.8199    27.8198 0.0000e+00
   2088.000     3.1101     3.1107   3.258777   3.258822     1.8700    -0.3663     0.3546    34.9126 9.8812e+02   2058.053    34.9124    34.9124     6.0702    1497.38    27.8200    27.8199 0.0000e+00
   2089.000     3.1099     3.1105   3.258807   3.258852     1.8702    -0.3669     0.3534    34.9127 9.8464e+02   2059.034    34.9125    34.9124     6.0717    1497.40    27.8202    27.8200 0.0000e+00
   2090.000     3.1104     3.1108   3.258892   3.258930     1.8704    -0.3717     0.3538    34.9128 9.8112e+02   2060.015    34.9125    34.9125     6.0731    1497.41    27.8201    27.8201 0.0000e+00
   2091.000     3.1097     3.1100   3.258805   3.258873     1.8702    -0.3689     0.3537    34.9124 9.7967e+02   2060.996    34.9118    34.9123     6.0735    1497.43    27.8196    27.8200 0.0000e+00
   2092.000     3.1052     3.1058   3.258460   3.258516     1.8697    -0.3686     0.3537    34.9123 9.8038e+02   2061.977    34.9119    34.9119     6.0727    1497.43    27.8201    27.8200 0.0000e+00
   2093.000     3.1065     3.1069   3.258548   3.258629     1.8697    -0.3892     0.3509    34.9118 9.9937e+02   2062.958    34.9111    34.9116     6.0734    1497.45    27.8194    27.8197 0.0000e+00
   2094.000     3.0859     3.0866   3.256618   3.256742     1.8692    -0.3936     0.3491    34.9109 1.0006e+03   2063.938    34.9093    34.9101     6.0754    1497.37    27.8198    27.8204 0.0000e+00
