Ship_data/Irminger/Irminger-5/ctd/process/dar30-03020.cnv
* Sea-Bird SBE 9 Data File:
* FileName = D:\Data\ar30-03020.hdr
* Software Version Seasave V 7.23.2
* Temperature SN = 4312
* Conductivity SN = 2148
* Number of Bytes Per Scan = 44
* Number of Voltage Words = 5
* Number of Scans Averaged by the Deck Unit = 1
* NMEA Latitude = 59 48.34 N
* NMEA Longitude = 040 16.94 W
* NMEA UTC (Time) = Jun 19 2018  11:50:34
** Cruise ID: ar30-03
** Chief Sci: Macdonald
** Station #: 020
** Site ID: Irminger 5 OSNAP M3
** Cast at OSNAP mooring M3
# nquan = 18
# nvalues = 2579                        
# units = specified
# name 0 = prDM: Pressure, Digiquartz [db]
# name 1 = t090C: Temperature [ITS-90, deg C]
# name 2 = t190C: Temperature, 2 [ITS-90, deg C]
# name 3 = c0S/m: Conductivity [S/m]
# name 4 = c1S/m: Conductivity, 2 [S/m]
# name 5 = sbeox0V: Oxygen raw, SBE 43 [V]
# name 6 = flECO-AFL: Fluorescence, WET Labs ECO-AFL/FL [mg/m^3]
# name 7 = turbWETntu0: Turbidity, WET Labs ECO [NTU]
# name 8 = sal00: Salinity, Practical [PSU]
# name 9 = spar: SPAR/Surface Irradiance
# name 10 = depSM: Depth [salt water, m], lat = 59.8057
# name 11 = sal00: Salinity, Practical [PSU]
# name 12 = sal11: Salinity, Practical, 2 [PSU]
# name 13 = sbeox0ML/L: Oxygen, SBE 43 [ml/l], WS = 2
# name 14 = svCM: Sound Velocity [Chen-Millero, m/s]
# name 15 = sigma-é00: Density [sigma-theta, kg/m^3]
# name 16 = sigma-é11: Density, 2 [sigma-theta, kg/m^3]
# name 17 = flag: flag
# span 0 =      5.000,   2583.000       
# span 1 =     1.3956,     5.9022       
# span 2 =     1.3965,     5.9006       
# span 3 =   3.124758,   3.415724       
# span 4 =   3.124906,   3.415945       
# span 5 =     1.7955,     2.7680       
# span 6 =    -0.4235,     6.2355       
# span 7 =     0.3411,     0.7872       
# span 8 =    34.8596,    34.9288       
# span 9 = 6.2462e+02, 9.4977e+02       
# span 10 =      4.953,   2543.051      
# span 11 =    34.8384,    34.9288      
# span 12 =    34.8560,    34.9294      
# span 13 =     5.8909,     7.1346      
# span 14 =    1469.62,    1499.98      
# span 15 =    27.4544,    27.9397      
# span 16 =    27.4566,    27.9398      
# span 17 = 0.0000e+00, 0.0000e+00      
# interval = decibars: 1                
# start_time = Jun 19 2018 11:50:34 [System UTC, first data scan.]
# bad_flag = -9.990e-29
*END*
[from data line 1367]
   1372.000     3.4819     3.4822   3.260604   3.260713     2.0425    -0.3708     0.3482    34.8913 7.8563e+02   1354.622    34.8914    34.8924     6.1648    1486.94    27.7625    27.7633 0.0000e+00
   1373.000     3.4824     3.4826   3.260703   3.260790     2.0420    -0.3782     0.3554    34.8913 7.8837e+02   1355.606    34.8915    34.8923     6.1633    1486.96    27.7626    27.7632 0.0000e+00
   1374.000     3.4828     3.4830   3.260801   3.260892     2.0411    -0.3939     0.3472    34.8916 7.9125e+02   1356.590    34.8917    34.8926     6.1606    1486.98    27.7627    27.7634 0.0000e+00
   1375.000     3.4832     3.4834   3.260894   3.260976     2.0399    -0.3939     0.3522    34.8917 7.9115e+02   1357.575    34.8919    34.8927     6.1564    1487.00    27.7628    27.7635 0.0000e+00
   1376.000     3.4836     3.4835   3.260982   3.261051     2.0396    -0.3868     0.3533    34.8919 7.9103e+02   1358.559    34.8921    34.8930     6.1561    1487.02    27.7629    27.7637 0.0000e+00
   1377.000     3.4839     3.4841   3.261050   3.261150     2.0396    -0.3755     0.3501    34.8918 7.9114e+02   1359.543    34.8921    34.8931     6.1568    1487.04    27.7629    27.7637 0.0000e+00
   1378.000     3.4846     3.4848   3.261170   3.261262     2.0395    -0.4138     0.3484    34.8921 7.9241e+02   1360.527    34.8923    34.8932     6.1571    1487.05    27.7630    27.7637 0.0000e+00
   1379.000     3.4849     3.4850   3.261232   3.261329     2.0389    -0.3860     0.3544    34.8921 7.9555e+02   1361.511    34.8922    34.8932     6.1556    1487.07    27.7629    27.7637 0.0000e+00
   1380.000     3.4841     3.4844   3.261185   3.261295     2.0384    -0.3738     0.3627    34.8920 8.0208e+02   1362.495    34.8920    34.8930     6.1543    1487.09    27.7629    27.7636 0.0000e+00
   1381.000     3.4837     3.4837   3.261197   3.261279     2.0383    -0.3862     0.3569    34.8919 8.0692e+02   1363.479    34.8920    34.8930     6.1548    1487.10    27.7629    27.7637 0.0000e+00
   1382.000     3.4837     3.4838   3.261248   3.261331     2.0378    -0.3941     0.3558    34.8920 8.0780e+02   1364.463    34.8921    34.8930     6.1538    1487.12    27.7630    27.7637 0.0000e+00
   1383.000     3.4838     3.4839   3.261311   3.261392     2.0375    -0.3938     0.3506    34.8921 8.0547e+02   1365.447    34.8922    34.8931     6.1533    1487.14    27.7631    27.7638 0.0000e+00
   1384.000     3.4837     3.4839   3.261337   3.261427     2.0372    -0.3938     0.3560    34.8921 8.0341e+02   1366.431    34.8921    34.8930     6.1530    1487.15    27.7630    27.7637 0.0000e+00
   1385.000     3.4840     3.4842   3.261410   3.261493     2.0373    -0.3930     0.3558    34.8921 8.0253e+02   1367.416    34.8922    34.8930     6.1537    1487.17    27.7631    27.7637 0.0000e+00
   1386.000     3.4843     3.4845   3.261498   3.261568     2.0370    -0.3914     0.3568    34.8923 8.0416e+02   1368.400    34.8925    34.8931     6.1535    1487.19    27.7632    27.7638 0.0000e+00
   1387.000     3.4851     3.4851   3.261642   3.261707     2.0363    -0.3502     0.3694    34.8927 8.0702e+02   1369.384    34.8929    34.8936     6.1512    1487.21    27.7635    27.7641 0.0000e+00
   1388.000     3.4854     3.4855   3.261714   3.261790     2.0356    -0.3868     0.3581    34.8928 8.0903e+02   1370.368    34.8929    34.8937     6.1494    1487.23    27.7635    27.7641 0.0000e+00
   1389.000     3.4856     3.4857   3.261779   3.261853     2.0349    -0.3937     0.3554    34.8928 8.1010e+02   1371.352    34.8929    34.8937     6.1473    1487.24    27.7635    27.7641 0.0000e+00
   1390.000     3.4858     3.4860   3.261834   3.261920     2.0348    -0.3746     0.3577    34.8928 8.1303e+02   1372.336    34.8929    34.8937     6.1475    1487.26    27.7635    27.7641 0.0000e+00
   1391.000     3.4861     3.4863   3.261919   3.261992     2.0342    -0.3720     0.3536    34.8929 8.1843e+02   1373.320    34.8930    34.8938     6.1459    1487.28    27.7636    27.7641 0.0000e+00
   1392.000     3.4862     3.4862   3.261985   3.262040     2.0335    -0.3725     0.3495    34.8932 8.2287e+02   1374.304    34.8933    34.8939     6.1441    1487.30    27.7638    27.7643 0.0000e+00
   1393.000     3.4864     3.4865   3.262053   3.262125     2.0335    -0.3704     0.3492    34.8932 8.2468e+02   1375.288    34.8934    34.8941     6.1447    1487.31    27.7638    27.7645 0.0000e+00
   1394.000     3.4867     3.4866   3.262127   3.262181     2.0336    -0.3682     0.3570    34.8933 8.2588e+02   1376.272    34.8934    34.8942     6.1457    1487.33    27.7638    27.7645 0.0000e+00
   1395.000     3.4869     3.4867   3.262180   3.262222     2.0329    -0.3856     0.3561    34.8934 8.2676e+02   1377.256    34.8934    34.8941     6.1437    1487.35    27.7638    27.7644 0.0000e+00
   1396.000     3.4844     3.4842   3.261958   3.262022     2.0324    -0.3933     0.3461    34.8929 8.2698e+02   1378.240    34.8928    34.8938     6.1429    1487.35    27.7636    27.7644 0.0000e+00
   1397.000     3.4857     3.4858   3.262178   3.262253     2.0324    -0.3858     0.3484    34.8934 8.2581e+02   1379.224    34.8935    34.8943     6.1434    1487.38    27.7641    27.7647 0.0000e+00
   1398.000     3.4862     3.4863   3.262274   3.262354     2.0320    -0.3704     0.3509    34.8936 8.2417e+02   1380.208    34.8937    34.8945     6.1428    1487.40    27.7642    27.7648 0.0000e+00
   1399.000     3.4867     3.4872   3.262408   3.262505     2.0313    -0.3731     0.3482    34.8939 8.2403e+02   1381.192    34.8942    34.8949     6.1405    1487.42    27.7645    27.7651 0.0000e+00
   1400.000     3.4883     3.4884   3.262586   3.262682     2.0312    -0.3880     0.3548    34.8940 8.2575e+02   1382.176    34.8942    34.8952     6.1404    1487.44    27.7643    27.7652 0.0000e+00
   1401.000     3.4885     3.4889   3.262647   3.262749     2.0310    -0.3937     0.3542    34.8940 8.2992e+02   1383.160    34.8941    34.8950     6.1407    1487.46    27.7643    27.7650 0.0000e+00
   1402.000     3.4891     3.4892   3.262742   3.262818     2.0307    -0.3849     0.3523    34.8940 8.3876e+02   1384.144    34.8942    34.8950     6.1402    1487.48    27.7643    27.7649 0.0000e+00
   1403.000     3.4896     3.4897   3.262829   3.262912     2.0293    -0.3784     0.3576    34.8941 8.5267e+02   1385.128    34.8942    34.8950     6.1353    1487.50    27.7642    27.7649 0.0000e+00
   1404.000     3.4896     3.4894   3.262897   3.262936     2.0287    -0.3800     0.3566    34.8943 8.4727e+02   1386.112    34.8945    34.8952     6.1335    1487.51    27.7645    27.7651 0.0000e+00
   1405.000     3.4902     3.4902   3.263005   3.263075     2.0287    -0.3705     0.3552    34.8945 8.4249e+02   1387.096    34.8946    34.8955     6.1343    1487.53    27.7646    27.7653 0.0000e+00
   1406.000     3.4904     3.4904   3.263063   3.263126     2.0285    -0.3893     0.3500    34.8945 8.3850e+02   1388.080    34.8947    34.8954     6.1342    1487.55    27.7646    27.7652 0.0000e+00
   1407.000     3.4905     3.4907   3.263117   3.263196     2.0280    -0.3937     0.3489    34.8945 8.3631e+02   1389.064    34.8947    34.8954     6.1330    1487.57    27.7646    27.7652 0.0000e+00
   1408.000     3.4906     3.4908   3.263174   3.263252     2.0275    -0.3904     0.3500    34.8946 8.3697e+02   1390.048    34.8947    34.8955     6.1316    1487.58    27.7646    27.7652 0.0000e+00
   1409.000     3.4909     3.4910   3.263235   3.263313     2.0275    -0.3808     0.3514    34.8946 8.4521e+02   1391.032    34.8947    34.8955     6.1323    1487.60    27.7646    27.7652 0.0000e+00
   1410.000     3.4906     3.4908   3.263253   3.263335     2.0273    -0.3734     0.3560    34.8946 8.5618e+02   1392.016    34.8947    34.8955     6.1326    1487.62    27.7646    27.7652 0.0000e+00
   1411.000     3.4907     3.4909   3.263318   3.263398     2.0269    -0.3725     0.3551    34.8947 8.5813e+02   1393.000    34.8949    34.8956     6.1316    1487.63    27.7648    27.7653 0.0000e+00
   1412.000     3.4911     3.4912   3.263412   3.263491     2.0265    -0.3880     0.3557    34.8950 8.5538e+02   1393.984    34.8950    34.8958     6.1308    1487.65    27.7649    27.7655 0.0000e+00
   1413.000     3.4906     3.4908   3.263410   3.263495     2.0270    -0.3937     0.3510    34.8950 8.5385e+02   1394.968    34.8951    34.8958     6.1337    1487.67    27.7649    27.7655 0.0000e+00
   1414.000     3.4905     3.4907   3.263448   3.263535     2.0274    -0.3836     0.3503    34.8951 8.5512e+02   1395.951    34.8951    34.8959     6.1360    1487.68    27.7650    27.7656 0.0000e+00
   1415.000     3.4906     3.4907   3.263492   3.263576     2.0267    -0.3784     0.3537    34.8950 8.6099e+02   1396.935    34.8950    34.8959     6.1342    1487.70    27.7649    27.7656 0.0000e+00
   1416.000     3.4906     3.4908   3.263538   3.263612     2.0264    -0.3793     0.3504    34.8950 8.6552e+02   1397.919    34.8951    34.8958     6.1338    1487.72    27.7650    27.7655 0.0000e+00
   1417.000     3.4906     3.4909   3.263590   3.263667     2.0264    -0.3898     0.3509    34.8951 8.6072e+02   1398.903    34.8951    34.8958     6.1343    1487.73    27.7650    27.7656 0.0000e+00
   1418.000     3.4908     3.4909   3.263644   3.263722     2.0255    -0.3753     0.3557    34.8951 8.5476e+02   1399.887    34.8952    34.8959     6.1317    1487.75    27.7651    27.7656 0.0000e+00
   1419.000     3.4908     3.4909   3.263694   3.263768     2.0250    -0.3807     0.3564    34.8952 8.5161e+02   1400.871    34.8953    34.8960     6.1304    1487.77    27.7651    27.7657 0.0000e+00
   1420.000     3.4908     3.4909   3.263745   3.263811     2.0241    -0.3919     0.3570    34.8953 8.5294e+02   1401.855    34.8954    34.8960     6.1275    1487.78    27.7652    27.7657 0.0000e+00
   1421.000     3.4908     3.4910   3.263788   3.263872     2.0239    -0.3848     0.3628    34.8953 8.6017e+02   1402.839    34.8953    34.8961     6.1276    1487.80    27.7652    27.7658 0.0000e+00
   1422.000     3.4907     3.4909   3.263824   3.263909     2.0239    -0.3830     0.3626    34.8953 8.7232e+02   1403.823    34.8953    34.8961     6.1282    1487.82    27.7652    27.7658 0.0000e+00
   1423.000     3.4906     3.4907   3.263855   3.263939     2.0236    -0.3739     0.3560    34.8953 8.7882e+02   1404.807    34.8954    34.8963     6.1279    1487.83    27.7653    27.7660 0.0000e+00
   1424.000     3.4903     3.4904   3.263887   3.263964     2.0228    -0.3708     0.3561    34.8955 8.7682e+02   1405.791    34.8955    34.8963     6.1256    1487.85    27.7654    27.7661 0.0000e+00
   1425.000     3.4904     3.4906   3.263966   3.264046     2.0227    -0.3732     0.3557    34.8957 8.7198e+02   1406.774    34.8958    34.8967     6.1260    1487.87    27.7657    27.7663 0.0000e+00
   1426.000     3.4909     3.4911   3.264075   3.264154     2.0225    -0.3696     0.3557    34.8961 8.6689e+02   1407.758    34.8962    34.8969     6.1258    1487.89    27.7659    27.7665 0.0000e+00
   1427.000     3.4912     3.4914   3.264140   3.264226     2.0222    -0.3694     0.3558    34.8960 8.6365e+02   1408.742    34.8961    34.8970     6.1255    1487.90    27.7658    27.7665 0.0000e+00
   1428.000     3.4916     3.4916   3.264211   3.264292     2.0215    -0.3786     0.3514    34.8960 8.6728e+02   1409.726    34.8961    34.8970     6.1234    1487.92    27.7658    27.7665 0.0000e+00
   1429.000     3.4917     3.4919   3.264272   3.264359     2.0211    -0.3826     0.3568    34.8961 8.7517e+02   1410.710    34.8962    34.8970     6.1223    1487.94    27.7658    27.7665 0.0000e+00
   1430.000     3.4919     3.4920   3.264347   3.264421     2.0203    -0.3859     0.3562    34.8962 8.7649e+02   1411.694    34.8964    34.8972     6.1198    1487.96    27.7660    27.7666 0.0000e+00
   1431.000     3.4929     3.4928   3.264527   3.264562     2.0195    -0.3840     0.3545    34.8967 8.7610e+02   1412.678    34.8969    34.8974     6.1174    1487.98    27.7664    27.7668 0.0000e+00
   1432.000     3.4937     3.4940   3.264661   3.264716     2.0192    -0.3745     0.3495    34.8969 8.7422e+02   1413.661    34.8971    34.8975     6.1166    1488.00    27.7665    27.7668 0.0000e+00
   1433.000     3.4943     3.4943   3.264743   3.264799     2.0191    -0.3743     0.3560    34.8968 8.7295e+02   1414.645    34.8970    34.8977     6.1170    1488.02    27.7663    27.7668 0.0000e+00
   1434.000     3.4946     3.4947   3.264800   3.264882     2.0184    -0.3884     0.3562    34.8968 8.7480e+02   1415.629    34.8969    34.8977     6.1149    1488.04    27.7662    27.7668 0.0000e+00
   1435.000     3.4949     3.4950   3.264860   3.264941     2.0178    -0.3832     0.3527    34.8967 8.8280e+02   1416.613    34.8968    34.8976     6.1133    1488.05    27.7661    27.7667 0.0000e+00
   1436.000     3.4952     3.4953   3.264960   3.265027     2.0179    -0.3932     0.3504    34.8970 8.8572e+02   1417.597    34.8972    34.8979     6.1144    1488.07    27.7664    27.7670 0.0000e+00
   1437.000     3.4958     3.4959   3.265091   3.265156     2.0179    -0.3938     0.3516    34.8973 8.8541e+02   1418.581    34.8976    34.8983     6.1151    1488.09    27.7667    27.7672 0.0000e+00
   1438.000     3.4967     3.4969   3.265242   3.265326     2.0179    -0.3926     0.3496    34.8978 8.8341e+02   1419.564    34.8979    34.8988     6.1157    1488.11    27.7668    27.7675 0.0000e+00
   1439.000     3.4964     3.4965   3.265250   3.265327     2.0178    -0.3937     0.3500    34.8977 8.8090e+02   1420.548    34.8978    34.8987     6.1160    1488.13    27.7668    27.7675 0.0000e+00
   1440.000     3.4952     3.4950   3.265166   3.265225     2.0170    -0.3741     0.3546    34.8977 8.7766e+02   1421.532    34.8976    34.8985     6.1138    1488.14    27.7667    27.7675 0.0000e+00
   1441.000     3.4944     3.4943   3.265181   3.265220     2.0163    -0.3873     0.3515    34.8979 8.7618e+02   1422.516    34.8982    34.8987     6.1120    1488.15    27.7673    27.7677 0.0000e+00
   1442.000     3.4977     3.4965   3.265555   3.265484     2.0154    -0.3857     0.3545    34.8985 8.7888e+02   1423.500    34.8986    34.8990     6.1085    1488.19    27.7674    27.7678 0.0000e+00
   1443.000     3.4983     3.4987   3.265660   3.265774     2.0143    -0.3799     0.3517    34.8986 8.8491e+02   1424.483    34.8988    34.8996     6.1050    1488.20    27.7674    27.7681 0.0000e+00
   1444.000     3.4996     3.4996   3.265887   3.265938     2.0142    -0.3918     0.3549    34.8991 8.8921e+02   1425.467    34.8996    34.9001     6.1052    1488.23    27.7679    27.7684 0.0000e+00
   1445.000     3.5005     3.5006   3.266001   3.266086     2.0143    -0.3929     0.3494    34.8993 8.9134e+02   1426.451    34.8995    34.9003     6.1058    1488.25    27.7678    27.7684 0.0000e+00
   1446.000     3.5006     3.5007   3.266049   3.266123     2.0137    -0.3676     0.3563    34.8992 8.9063e+02   1427.435    34.8994    34.9002     6.1043    1488.27    27.7677    27.7683 0.0000e+00
   1447.000     3.5016     3.5017   3.266215   3.266271     2.0130    -0.3728     0.3562    34.8995 8.8816e+02   1428.419    34.8998    34.9004     6.1023    1488.29    27.7680    27.7685 0.0000e+00
   1448.000     3.5022     3.5023   3.266319   3.266394     2.0118    -0.3725     0.3499    34.8997 8.8597e+02   1429.402    34.9000    34.9007     6.0982    1488.31    27.7681    27.7686 0.0000e+00
   1449.000     3.5025     3.5026   3.266402   3.266474     2.0109    -0.3932     0.3555    34.8999 8.8703e+02   1430.386    34.9001    34.9008     6.0949    1488.32    27.7681    27.7687 0.0000e+00
   1450.000     3.5028     3.5030   3.266463   3.266562     2.0106    -0.3929     0.3557    34.8998 8.8893e+02   1431.370    34.9000    34.9010     6.0945    1488.34    27.7680    27.7688 0.0000e+00
   1451.000     3.5030     3.5032   3.266535   3.266617     2.0106    -0.3741     0.3556    34.8999 8.8973e+02   1432.354    34.9001    34.9010     6.0954    1488.36    27.7681    27.7688 0.0000e+00
