Ship_data/Irminger/Irminger-5/ctd/process/dar30-03020.cnv
* Sea-Bird SBE 9 Data File:
* FileName = D:\Data\ar30-03020.hdr
* Software Version Seasave V 7.23.2
* Temperature SN = 4312
* Conductivity SN = 2148
* Number of Bytes Per Scan = 44
* Number of Voltage Words = 5
* Number of Scans Averaged by the Deck Unit = 1
* NMEA Latitude = 59 48.34 N
* NMEA Longitude = 040 16.94 W
* NMEA UTC (Time) = Jun 19 2018  11:50:34
** Cruise ID: ar30-03
** Chief Sci: Macdonald
** Station #: 020
** Site ID: Irminger 5 OSNAP M3
** Cast at OSNAP mooring M3
# nquan = 18
# nvalues = 2579                        
# units = specified
# name 0 = prDM: Pressure, Digiquartz [db]
# name 1 = t090C: Temperature [ITS-90, deg C]
# name 2 = t190C: Temperature, 2 [ITS-90, deg C]
# name 3 = c0S/m: Conductivity [S/m]
# name 4 = c1S/m: Conductivity, 2 [S/m]
# name 5 = sbeox0V: Oxygen raw, SBE 43 [V]
# name 6 = flECO-AFL: Fluorescence, WET Labs ECO-AFL/FL [mg/m^3]
# name 7 = turbWETntu0: Turbidity, WET Labs ECO [NTU]
# name 8 = sal00: Salinity, Practical [PSU]
# name 9 = spar: SPAR/Surface Irradiance
# name 10 = depSM: Depth [salt water, m], lat = 59.8057
# name 11 = sal00: Salinity, Practical [PSU]
# name 12 = sal11: Salinity, Practical, 2 [PSU]
# name 13 = sbeox0ML/L: Oxygen, SBE 43 [ml/l], WS = 2
# name 14 = svCM: Sound Velocity [Chen-Millero, m/s]
# name 15 = sigma-é00: Density [sigma-theta, kg/m^3]
# name 16 = sigma-é11: Density, 2 [sigma-theta, kg/m^3]
# name 17 = flag: flag
# span 0 =      5.000,   2583.000       
# span 1 =     1.3956,     5.9022       
# span 2 =     1.3965,     5.9006       
# span 3 =   3.124758,   3.415724       
# span 4 =   3.124906,   3.415945       
# span 5 =     1.7955,     2.7680       
# span 6 =    -0.4235,     6.2355       
# span 7 =     0.3411,     0.7872       
# span 8 =    34.8596,    34.9288       
# span 9 = 6.2462e+02, 9.4977e+02       
# span 10 =      4.953,   2543.051      
# span 11 =    34.8384,    34.9288      
# span 12 =    34.8560,    34.9294      
# span 13 =     5.8909,     7.1346      
# span 14 =    1469.62,    1499.98      
# span 15 =    27.4544,    27.9397      
# span 16 =    27.4566,    27.9398      
# span 17 = 0.0000e+00, 0.0000e+00      
# interval = decibars: 1                
# start_time = Jun 19 2018 11:50:34 [System UTC, first data scan.]
# bad_flag = -9.990e-29
*END*
[from data line 403]
    408.000     3.7488     3.7486   3.243137   3.243278     2.3067    -0.3511     0.3822    34.8999 7.8158e+02    403.761    34.9001    34.9020     6.3257    1472.13    27.7356    27.7371 0.0000e+00
    409.000     3.7504     3.7501   3.243367   3.243510     2.3060    -0.3737     0.3689    34.9004 7.7744e+02    404.750    34.9006    34.9027     6.3239    1472.15    27.7358    27.7375 0.0000e+00
    410.000     3.7507     3.7504   3.243440   3.243592     2.3048    -0.3730     0.3717    34.9006 7.7190e+02    405.738    34.9006    34.9027     6.3206    1472.17    27.7358    27.7375 0.0000e+00
    411.000     3.7500     3.7499   3.243425   3.243584     2.3040    -0.3718     0.3726    34.9006 7.6715e+02    406.727    34.9006    34.9026     6.3186    1472.18    27.7359    27.7374 0.0000e+00
    412.000     3.7481     3.7484   3.243236   3.243470     2.3029    -0.3733     0.3724    34.9002 7.6448e+02    407.716    34.8998    34.9023     6.3160    1472.19    27.7354    27.7374 0.0000e+00
    413.000     3.7446     3.7443   3.242950   3.243106     2.3021    -0.3899     0.3698    34.9000 7.6608e+02    408.704    34.8997    34.9018     6.3146    1472.19    27.7357    27.7374 0.0000e+00
    414.000     3.7425     3.7426   3.242799   3.242980     2.3023    -0.3812     0.3728    34.8998 7.7219e+02    409.693    34.8996    34.9016     6.3165    1472.20    27.7358    27.7374 0.0000e+00
    415.000     3.7417     3.7419   3.242779   3.242978     2.3031    -0.3717     0.3698    34.8997 7.7574e+02    410.681    34.8996    34.9018     6.3202    1472.21    27.7359    27.7377 0.0000e+00
    416.000     3.7422     3.7430   3.242888   3.243127     2.3021    -0.3864     0.3711    34.8998 7.7693e+02    411.670    34.8999    34.9019     6.3176    1472.23    27.7361    27.7376 0.0000e+00
    417.000     3.7447     3.7443   3.243195   3.243326     2.3020    -0.3927     0.3708    34.9002 7.7695e+02    412.659    34.9003    34.9023     6.3175    1472.26    27.7362    27.7378 0.0000e+00
    418.000     3.7446     3.7445   3.243227   3.243382     2.3019    -0.3873     0.3684    34.9002 7.7582e+02    413.647    34.9002    34.9023     6.3181    1472.28    27.7361    27.7378 0.0000e+00
    419.000     3.7444     3.7440   3.243243   3.243374     2.3008    -0.3744     0.3691    34.9002 7.7521e+02    414.636    34.9001    34.9022     6.3149    1472.29    27.7361    27.7378 0.0000e+00
    420.000     3.7385     3.7382   3.242661   3.242843     2.3005    -0.3969     0.3712    34.8996 7.7345e+02    415.624    34.8990    34.9014     6.3159    1472.28    27.7358    27.7377 0.0000e+00
    421.000     3.7370     3.7369   3.242629   3.242782     2.2998    -0.4018     0.3691    34.8997 7.7212e+02    416.613    34.8996    34.9015     6.3145    1472.29    27.7364    27.7380 0.0000e+00
    422.000     3.7352     3.7346   3.242477   3.242592     2.2996    -0.3928     0.3715    34.8996 7.7150e+02    417.602    34.8991    34.9012     6.3149    1472.30    27.7363    27.7380 0.0000e+00
    423.000     3.7326     3.7320   3.242243   3.242384     2.2997    -0.3796     0.3707    34.8994 7.6992e+02    418.590    34.8986    34.9010     6.3165    1472.31    27.7361    27.7381 0.0000e+00
    424.000     3.7289     3.7284   3.241956   3.242060     2.2995    -0.3696     0.3701    34.8991 7.6800e+02    419.579    34.8985    34.9003     6.3172    1472.31    27.7364    27.7379 0.0000e+00
    425.000     3.7219     3.7214   3.241173   3.241408     2.2992    -0.3722     0.3727    34.8979 7.6713e+02    420.567    34.8962    34.8995     6.3182    1472.29    27.7353    27.7379 0.0000e+00
    426.000     3.7164     3.7163   3.240814   3.240958     2.3001    -0.3720     0.3701    34.8978 7.6742e+02    421.556    34.8972    34.8990     6.3231    1472.29    27.7366    27.7381 0.0000e+00
    427.000     3.7140     3.7138   3.240579   3.240752     2.3019    -0.3761     0.3717    34.8973 7.7219e+02    422.544    34.8964    34.8987     6.3308    1472.29    27.7363    27.7381 0.0000e+00
    428.000     3.7120     3.7116   3.240464   3.240594     2.3038    -0.3814     0.3707    34.8972 7.7777e+02    423.533    34.8966    34.8987     6.3385    1472.30    27.7367    27.7383 0.0000e+00
    429.000     3.7121     3.7119   3.240528   3.240670     2.3059    -0.3829     0.3726    34.8972 7.7937e+02    424.521    34.8968    34.8986     6.3469    1472.32    27.7368    27.7383 0.0000e+00
    430.000     3.7131     3.7132   3.240677   3.240857     2.3070    -0.3916     0.3702    34.8972 7.7648e+02    425.510    34.8969    34.8989     6.3511    1472.34    27.7368    27.7384 0.0000e+00
    431.000     3.7130     3.7130   3.240727   3.240883     2.3077    -0.3919     0.3712    34.8973 7.7077e+02    426.499    34.8971    34.8990     6.3546    1472.35    27.7369    27.7385 0.0000e+00
    432.000     3.7171     3.7180   3.241308   3.241507     2.3081    -0.3845     0.3727    34.8983 7.6679e+02    427.487    34.8991    34.9006     6.3561    1472.39    27.7382    27.7392 0.0000e+00
    433.000     3.7221     3.7211   3.241753   3.241817     2.3066    -0.3735     0.3740    34.8985 7.6416e+02    428.476    34.8986    34.9005     6.3508    1472.43    27.7372    27.7388 0.0000e+00
    434.000     3.7223     3.7221   3.241857   3.241990     2.3047    -0.3704     0.3707    34.8988 7.6495e+02    429.464    34.8990    34.9009     6.3448    1472.44    27.7376    27.7391 0.0000e+00
    435.000     3.7243     3.7244   3.242100   3.242268     2.3029    -0.3998     0.3716    34.8990 7.6904e+02    430.453    34.8993    34.9012     6.3388    1472.47    27.7376    27.7391 0.0000e+00
    436.000     3.7279     3.7276   3.242545   3.242644     2.3016    -0.3820     0.3763    34.8996 7.7543e+02    431.441    34.9002    34.9018     6.3347    1472.50    27.7380    27.7392 0.0000e+00
    437.000     3.7324     3.7321   3.243023   3.243180     2.2992    -0.4020     0.3722    34.9003 7.7670e+02    432.430    34.9007    34.9028     6.3260    1472.54    27.7379    27.7396 0.0000e+00
    438.000     3.7333     3.7333   3.243185   3.243344     2.2969    -0.3714     0.3697    34.9006 7.7398e+02    433.418    34.9010    34.9030     6.3186    1472.56    27.7381    27.7397 0.0000e+00
    439.000     3.7351     3.7351   3.243414   3.243581     2.2944    -0.3720     0.3692    34.9009 7.7055e+02    434.407    34.9013    34.9033     6.3105    1472.58    27.7381    27.7397 0.0000e+00
    440.000     3.7356     3.7352   3.243488   3.243631     2.2917    -0.3676     0.3649    34.9009 7.6826e+02    435.395    34.9012    34.9032     6.3015    1472.60    27.7380    27.7397 0.0000e+00
    441.000     3.7346     3.7342   3.243428   3.243572     2.2895    -0.3876     0.3716    34.9009 7.6847e+02    436.384    34.9010    34.9031     6.2949    1472.61    27.7380    27.7397 0.0000e+00
    442.000     3.7327     3.7326   3.243287   3.243449     2.2877    -0.3707     0.3682    34.9007 7.7076e+02    437.372    34.9007    34.9029     6.2897    1472.62    27.7380    27.7397 0.0000e+00
    443.000     3.7310     3.7308   3.243160   3.243340     2.2873    -0.3909     0.3695    34.9007 7.7389e+02    438.361    34.9006    34.9028     6.2893    1472.63    27.7380    27.7398 0.0000e+00
    444.000     3.7278     3.7280   3.242881   3.243078     2.2873    -0.3701     0.3830    34.9004 7.7534e+02    439.349    34.9001    34.9023     6.2909    1472.63    27.7379    27.7396 0.0000e+00
    445.000     3.7254     3.7253   3.242723   3.242878     2.2874    -0.3884     0.3727    34.9003 7.7458e+02    440.337    34.9002    34.9022     6.2923    1472.64    27.7383    27.7399 0.0000e+00
    446.000     3.7199     3.7196   3.242167   3.242350     2.2874    -0.3719     0.3726    34.8998 7.7082e+02    441.326    34.8988    34.9014     6.2941    1472.63    27.7378    27.7398 0.0000e+00
    447.000     3.7173     3.7169   3.242030   3.242167     2.2875    -0.3924     0.3726    34.8998 7.6613e+02    442.314    34.8995    34.9016     6.2956    1472.64    27.7386    27.7402 0.0000e+00
    448.000     3.7174     3.7173   3.242100   3.242249     2.2883    -0.3762     0.3696    34.8999 7.6265e+02    443.303    34.8997    34.9016     6.2995    1472.65    27.7387    27.7402 0.0000e+00
    449.000     3.7173     3.7170   3.242126   3.242263     2.2885    -0.3691     0.3663    34.8998 7.6216e+02    444.291    34.8996    34.9016     6.3010    1472.67    27.7387    27.7402 0.0000e+00
    450.000     3.7157     3.7154   3.241990   3.242142     2.2886    -0.3716     0.3716    34.8996 7.6619e+02    445.280    34.8991    34.9013     6.3025    1472.68    27.7384    27.7402 0.0000e+00
    451.000     3.7122     3.7117   3.241711   3.241835     2.2884    -0.3711     0.3691    34.8993 7.7211e+02    446.268    34.8990    34.9010     6.3032    1472.68    27.7387    27.7403 0.0000e+00
    452.000     3.7126     3.7122   3.241820   3.241940     2.2886    -0.3923     0.3686    34.8995 7.7575e+02    447.257    34.8993    34.9012     6.3045    1472.70    27.7389    27.7404 0.0000e+00
    453.000     3.7113     3.7110   3.241729   3.241878     2.2887    -0.3744     0.3723    34.8994 7.7610e+02    448.245    34.8991    34.9012     6.3059    1472.71    27.7389    27.7405 0.0000e+00
    454.000     3.7106     3.7104   3.241709   3.241857     2.2887    -0.3868     0.3726    34.8994 7.7331e+02    449.233    34.8991    34.9011     6.3067    1472.72    27.7389    27.7405 0.0000e+00
    455.000     3.7087     3.7084   3.241596   3.241726     2.2881    -0.3726     0.3706    34.8995 7.6862e+02    450.222    34.8992    34.9011     6.3058    1472.73    27.7392    27.7408 0.0000e+00
    456.000     3.7084     3.7082   3.241614   3.241760     2.2870    -0.3735     0.3691    34.8994 7.6597e+02    451.210    34.8992    34.9011     6.3029    1472.75    27.7392    27.7408 0.0000e+00
    457.000     3.7075     3.7069   3.241549   3.241677     2.2862    -0.3831     0.3687    34.8993 7.6418e+02    452.199    34.8989    34.9009     6.3011    1472.76    27.7391    27.7408 0.0000e+00
    458.000     3.7047     3.7048   3.241325   3.241520     2.2873    -0.3731     0.3685    34.8991 7.6272e+02    453.187    34.8986    34.9008     6.3061    1472.76    27.7392    27.7409 0.0000e+00
    459.000     3.7032     3.7031   3.241239   3.241396     2.2877    -0.3797     0.3688    34.8990 7.6168e+02    454.175    34.8987    34.9006     6.3085    1472.77    27.7394    27.7409 0.0000e+00
    460.000     3.7028     3.7020   3.241239   3.241344     2.2887    -0.3872     0.3689    34.8990 7.6181e+02    455.164    34.8986    34.9006     6.3130    1472.79    27.7394    27.7411 0.0000e+00
    461.000     3.7008     3.7012   3.241047   3.241300     2.2887    -0.3772     0.3695    34.8987 7.6394e+02    456.152    34.8978    34.9004     6.3142    1472.80    27.7390    27.7410 0.0000e+00
    462.000     3.6875     3.6895   3.239767   3.240170     2.2893    -0.3917     0.3710    34.8973 7.7037e+02    457.141    34.8962    34.8989     6.3197    1472.75    27.7390    27.7409 0.0000e+00
    463.000     3.6815     3.6840   3.239271   3.239690     2.2903    -0.3703     0.3724    34.8968 7.7303e+02    458.129    34.8960    34.8984     6.3249    1472.75    27.7395    27.7411 0.0000e+00
    464.000     3.6785     3.6782   3.238996   3.239152     2.2915    -0.3734     0.3690    34.8964 7.6969e+02    459.117    34.8955    34.8977     6.3306    1472.75    27.7394    27.7412 0.0000e+00
    465.000     3.6795     3.6790   3.239201   3.239287     2.2924    -0.3743     0.3687    34.8967 7.6661e+02    460.106    34.8963    34.8979     6.3344    1472.77    27.7400    27.7413 0.0000e+00
    466.000     3.6767     3.6776   3.238873   3.239168     2.2939    -0.3743     0.3709    34.8959 7.6309e+02    461.094    34.8948    34.8974     6.3410    1472.77    27.7390    27.7410 0.0000e+00
    467.000     3.6763     3.6760   3.238944   3.239069     2.2948    -0.3685     0.3724    34.8961 7.6023e+02    462.082    34.8956    34.8974     6.3452    1472.79    27.7397    27.7412 0.0000e+00
    468.000     3.6769     3.6762   3.239031   3.239135     2.2948    -0.3713     0.3693    34.8960 7.5936e+02    463.071    34.8954    34.8975     6.3459    1472.81    27.7395    27.7412 0.0000e+00
    469.000     3.6761     3.6753   3.239004   3.239088     2.2955    -0.3713     0.3689    34.8959 7.6171e+02    464.059    34.8954    34.8974     6.3494    1472.82    27.7396    27.7412 0.0000e+00
    470.000     3.6755     3.6756   3.238981   3.239161     2.2960    -0.3815     0.3689    34.8957 7.6568e+02    465.048    34.8953    34.8973     6.3520    1472.83    27.7395    27.7412 0.0000e+00
    471.000     3.6741     3.6725   3.238885   3.238905     2.2956    -0.3938     0.3662    34.8955 7.6537e+02    466.036    34.8951    34.8970     6.3515    1472.84    27.7396    27.7412 0.0000e+00
    472.000     3.6723     3.6719   3.238760   3.238887     2.2961    -0.3938     0.3693    34.8954 7.6256e+02    467.024    34.8949    34.8970     6.3544    1472.85    27.7396    27.7413 0.0000e+00
    473.000     3.6706     3.6703   3.238592   3.238776     2.2962    -0.4130     0.3695    34.8951 7.6272e+02    468.013    34.8943    34.8968     6.3560    1472.86    27.7393    27.7413 0.0000e+00
    474.000     3.6654     3.6649   3.238148   3.238266     2.2973    -0.3727     0.3729    34.8947 7.6429e+02    469.001    34.8939    34.8959     6.3616    1472.86    27.7395    27.7411 0.0000e+00
    475.000     3.6625     3.6623   3.237917   3.238057     2.2981    -0.3820     0.3752    34.8944 7.6535e+02    469.989    34.8937    34.8956     6.3658    1472.86    27.7396    27.7412 0.0000e+00
    476.000     3.6613     3.6607   3.237808   3.237933     2.2993    -0.3910     0.3774    34.8942 7.6640e+02    470.978    34.8932    34.8954     6.3710    1472.87    27.7393    27.7411 0.0000e+00
    477.000     3.6523     3.6525   3.236925   3.237156     2.2999    -0.3938     0.3694    34.8932 7.6654e+02    471.966    34.8917    34.8943     6.3759    1472.85    27.7390    27.7411 0.0000e+00
    478.000     3.6497     3.6496   3.236807   3.236947     2.3014    -0.3719     0.3720    34.8932 7.6566e+02    472.954    34.8925    34.8943     6.3824    1472.85    27.7399    27.7414 0.0000e+00
    479.000     3.6479     3.6479   3.236642   3.236813     2.3024    -0.3783     0.3716    34.8927 7.6346e+02    473.942    34.8919    34.8940     6.3871    1472.86    27.7397    27.7413 0.0000e+00
    480.000     3.6456     3.6448   3.236480   3.236579     2.3038    -0.3810     0.3710    34.8926 7.6164e+02    474.931    34.8919    34.8939     6.3932    1472.87    27.7399    27.7416 0.0000e+00
    481.000     3.6442     3.6437   3.236394   3.236523     2.3047    -0.3821     0.3727    34.8925 7.6009e+02    475.919    34.8918    34.8939     6.3975    1472.88    27.7400    27.7417 0.0000e+00
    482.000     3.6428     3.6439   3.236330   3.236595     2.3048    -0.3939     0.3726    34.8924 7.5956e+02    476.907    34.8920    34.8940     6.3990    1472.89    27.7403    27.7418 0.0000e+00
    483.000     3.6445     3.6432   3.236577   3.236582     2.3047    -0.3920     0.3722    34.8928 7.5956e+02    477.896    34.8926    34.8940     6.3993    1472.91    27.7406    27.7419 0.0000e+00
    484.000     3.6487     3.6481   3.237131   3.237180     2.3049    -0.3919     0.3692    34.8934 7.5967e+02    478.884    34.8942    34.8954     6.3997    1472.95    27.7415    27.7425 0.0000e+00
    485.000     3.6550     3.6554   3.237740   3.237926     2.3035    -0.3905     0.3700    34.8940 7.6114e+02    479.872    34.8942    34.8961     6.3946    1472.99    27.7409    27.7423 0.0000e+00
    486.000     3.6559     3.6568   3.237924   3.238137     2.3017    -0.3927     0.3750    34.8943 7.6460e+02    480.860    34.8950    34.8966     6.3890    1473.01    27.7414    27.7426 0.0000e+00
