Ship_data/Irminger/Irminger-5/ctd/process/dar30-03014.cnv
* Sea-Bird SBE 9 Data File:
* FileName = D:\Data\ar30-03014.hdr
* Software Version Seasave V 7.23.2
* Temperature SN = 4312
* Conductivity SN = 2148
* Number of Bytes Per Scan = 44
* Number of Voltage Words = 5
* Number of Scans Averaged by the Deck Unit = 1
* NMEA Latitude = 59 44.59 N
* NMEA Longitude = 039 35.05 W
* NMEA UTC (Time) = Jun 15 2018  15:52:39
** Cruise ID: ar30-03
** Chief Sci: Macdonald
** Station #: 014
** Site ID: Irminger 5 OSNAP CAB
** Full ocean depth cast at OSNAP CAB site. 3 bottom releases tested.
# nquan = 18
# nvalues = 2792                        
# units = specified
# name 0 = prDM: Pressure, Digiquartz [db]
# name 1 = t090C: Temperature [ITS-90, deg C]
# name 2 = t190C: Temperature, 2 [ITS-90, deg C]
# name 3 = c0S/m: Conductivity [S/m]
# name 4 = c1S/m: Conductivity, 2 [S/m]
# name 5 = sbeox0V: Oxygen raw, SBE 43 [V]
# name 6 = flECO-AFL: Fluorescence, WET Labs ECO-AFL/FL [mg/m^3]
# name 7 = turbWETntu0: Turbidity, WET Labs ECO [NTU]
# name 8 = sal00: Salinity, Practical [PSU]
# name 9 = spar: SPAR/Surface Irradiance
# name 10 = depSM: Depth [salt water, m], lat = 59.7432
# name 11 = sal00: Salinity, Practical [PSU]
# name 12 = sal11: Salinity, Practical, 2 [PSU]
# name 13 = sbeox0ML/L: Oxygen, SBE 43 [ml/l], WS = 2
# name 14 = svCM: Sound Velocity [Chen-Millero, m/s]
# name 15 = sigma-é00: Density [sigma-theta, kg/m^3]
# name 16 = sigma-é11: Density, 2 [sigma-theta, kg/m^3]
# name 17 = flag: flag
# span 0 =      4.000,   2795.000       
# span 1 =     1.3661,     6.2555       
# span 2 =     1.3675,     6.2557       
# span 3 =   3.131151,   3.445468       
# span 4 =   3.131259,   3.445800       
# span 5 =     1.7752,     2.7588       
# span 6 =    -0.4136,     1.9826       
# span 7 =     0.3417,     0.6758       
# span 8 =    34.8358,    34.9287       
# span 9 = 5.5289e+02, 1.1618e+03       
# span 10 =      3.962,   2750.435      
# span 11 =    34.8331,    34.9285      
# span 12 =    34.8377,    34.9287      
# span 13 =     5.9239,     7.1904      
# span 14 =    1469.66,    1502.44      
# span 15 =    27.3892,    27.9419      
# span 16 =    27.3920,    27.9416      
# span 17 = 0.0000e+00, 0.0000e+00      
# interval = decibars: 1                
# start_time = Jun 15 2018 15:52:39 [System UTC, first data scan.]
# bad_flag = -9.990e-29
*END*
[from data line 1609]
   1613.000     3.5225     3.5229   3.275477   3.275551     1.9809    -0.3792     0.3508    34.9055 1.0059e+03   1591.670    34.9057    34.9061     6.0989    1491.15    27.7720    27.7724 0.0000e+00
   1614.000     3.5226     3.5230   3.275535   3.275613     1.9807    -0.3753     0.3521    34.9055 1.0086e+03   1592.653    34.9057    34.9062     6.0989    1491.17    27.7721    27.7725 0.0000e+00
   1615.000     3.5234     3.5236   3.275683   3.275726     1.9797    -0.3872     0.3549    34.9060 1.0120e+03   1593.636    34.9062    34.9065     6.0955    1491.19    27.7724    27.7726 0.0000e+00
   1616.000     3.5242     3.5246   3.275794   3.275881     1.9797    -0.3929     0.3554    34.9059 1.0144e+03   1594.620    34.9062    34.9068     6.0960    1491.21    27.7723    27.7727 0.0000e+00
   1617.000     3.5247     3.5251   3.275894   3.275973     1.9795    -0.3928     0.3524    34.9061 1.0166e+03   1595.602    34.9063    34.9069     6.0960    1491.23    27.7724    27.7728 0.0000e+00
   1618.000     3.5249     3.5252   3.275949   3.276021     1.9787    -0.3849     0.3492    34.9061 1.0195e+03   1596.585    34.9063    34.9068     6.0933    1491.25    27.7724    27.7727 0.0000e+00
   1619.000     3.5254     3.5257   3.276035   3.276112     1.9782    -0.3912     0.3531    34.9062 1.0213e+03   1597.568    34.9063    34.9069     6.0922    1491.27    27.7724    27.7728 0.0000e+00
   1620.000     3.5257     3.5260   3.276118   3.276190     1.9774    -0.3829     0.3539    34.9063 1.0190e+03   1598.552    34.9065    34.9070     6.0893    1491.29    27.7724    27.7728 0.0000e+00
   1621.000     3.5256     3.5260   3.276152   3.276236     1.9770    -0.3651     0.3521    34.9063 1.0150e+03   1599.534    34.9065    34.9071     6.0886    1491.30    27.7725    27.7729 0.0000e+00
   1622.000     3.5261     3.5264   3.276270   3.276327     1.9761    -0.3678     0.3545    34.9067 1.0126e+03   1600.517    34.9069    34.9072     6.0858    1491.32    27.7727    27.7730 0.0000e+00
   1623.000     3.5263     3.5267   3.276346   3.276402     1.9760    -0.3633     0.3556    34.9070 1.0102e+03   1601.500    34.9070    34.9074     6.0861    1491.34    27.7729    27.7731 0.0000e+00
   1624.000     3.5264     3.5267   3.276407   3.276468     1.9761    -0.3672     0.3541    34.9070 1.0069e+03   1602.483    34.9072    34.9076     6.0869    1491.36    27.7730    27.7733 0.0000e+00
   1625.000     3.5263     3.5267   3.276438   3.276504     1.9753    -0.3684     0.3541    34.9071 1.0020e+03   1603.466    34.9071    34.9076     6.0847    1491.37    27.7730    27.7733 0.0000e+00
   1626.000     3.5264     3.5268   3.276495   3.276572     1.9750    -0.3743     0.3508    34.9071 9.9814e+02   1604.449    34.9073    34.9078     6.0841    1491.39    27.7731    27.7735 0.0000e+00
   1627.000     3.5270     3.5274   3.276606   3.276678     1.9745    -0.3743     0.3501    34.9074 1.0013e+03   1605.432    34.9075    34.9079     6.0829    1491.41    27.7732    27.7735 0.0000e+00
   1628.000     3.5280     3.5283   3.276782   3.276849     1.9732    -0.3868     0.3516    34.9078 1.0130e+03   1606.415    34.9080    34.9085     6.0780    1491.43    27.7735    27.7739 0.0000e+00
   1629.000     3.5283     3.5287   3.276873   3.276944     1.9724    -0.3902     0.3549    34.9081 1.0226e+03   1607.398    34.9083    34.9087     6.0754    1491.45    27.7737    27.7740 0.0000e+00
   1630.000     3.5285     3.5289   3.276915   3.277000     1.9716    -0.3854     0.3508    34.9080 1.0276e+03   1608.381    34.9081    34.9087     6.0730    1491.47    27.7736    27.7740 0.0000e+00
   1631.000     3.5286     3.5290   3.276967   3.277051     1.9711    -0.3883     0.3454    34.9079 1.0273e+03   1609.364    34.9081    34.9087     6.0715    1491.48    27.7735    27.7740 0.0000e+00
   1632.000     3.5293     3.5296   3.277095   3.277163     1.9700    -0.3915     0.3487    34.9082 1.0191e+03   1610.347    34.9084    34.9088     6.0676    1491.50    27.7737    27.7741 0.0000e+00
   1633.000     3.5296     3.5299   3.277179   3.277246     1.9699    -0.3705     0.3458    34.9084 1.0068e+03   1611.330    34.9086    34.9090     6.0682    1491.52    27.7739    27.7742 0.0000e+00
   1634.000     3.5298     3.5301   3.277236   3.277304     1.9690    -0.3796     0.3470    34.9084 9.9667e+02   1612.313    34.9086    34.9090     6.0648    1491.54    27.7738    27.7742 0.0000e+00
   1635.000     3.5305     3.5308   3.277368   3.277431     1.9687    -0.3874     0.3526    34.9086 9.9085e+02   1613.296    34.9089    34.9093     6.0645    1491.56    27.7741    27.7743 0.0000e+00
   1636.000     3.5315     3.5320   3.277515   3.277593     1.9687    -0.3826     0.3557    34.9088 9.8877e+02   1614.279    34.9091    34.9095     6.0649    1491.58    27.7741    27.7744 0.0000e+00
   1637.000     3.5330     3.5334   3.277741   3.277806     1.9681    -0.3509     0.3563    34.9094 9.9260e+02   1615.262    34.9097    34.9101     6.0631    1491.60    27.7745    27.7747 0.0000e+00
   1638.000     3.5335     3.5340   3.277844   3.277918     1.9673    -0.4006     0.3561    34.9097 1.0014e+03   1616.245    34.9099    34.9103     6.0604    1491.62    27.7745    27.7749 0.0000e+00
   1639.000     3.5337     3.5340   3.277901   3.277958     1.9665    -0.3989     0.3542    34.9097 1.0133e+03   1617.227    34.9099    34.9102     6.0577    1491.64    27.7745    27.7748 0.0000e+00
   1640.000     3.5340     3.5344   3.277960   3.278031     1.9663    -0.3679     0.3512    34.9096 1.0225e+03   1618.210    34.9098    34.9102     6.0578    1491.66    27.7744    27.7748 0.0000e+00
   1641.000     3.5346     3.5348   3.278076   3.278125     1.9658    -0.3868     0.3502    34.9098 1.0272e+03   1619.193    34.9101    34.9104     6.0562    1491.68    27.7746    27.7749 0.0000e+00
   1642.000     3.5347     3.5351   3.278133   3.278194     1.9650    -0.3749     0.3508    34.9099 1.0220e+03   1620.176    34.9101    34.9104     6.0540    1491.70    27.7746    27.7749 0.0000e+00
   1643.000     3.5349     3.5358   3.278191   3.278329     1.9650    -0.3817     0.3501    34.9099 1.0107e+03   1621.159    34.9101    34.9108     6.0546    1491.71    27.7746    27.7751 0.0000e+00
   1644.000     3.5357     3.5362   3.278348   3.278432     1.9645    -0.3875     0.3500    34.9103 9.9895e+02   1622.142    34.9106    34.9111     6.0531    1491.73    27.7750    27.7753 0.0000e+00
   1645.000     3.5374     3.5377   3.278589   3.278634     1.9641    -0.3884     0.3527    34.9108 9.8958e+02   1623.125    34.9112    34.9114     6.0519    1491.76    27.7753    27.7754 0.0000e+00
   1646.000     3.5380     3.5383   3.278696   3.278746     1.9639    -0.3869     0.3546    34.9111 9.8574e+02   1624.108    34.9114    34.9116     6.0518    1491.78    27.7754    27.7755 0.0000e+00
   1647.000     3.5386     3.5388   3.278789   3.278844     1.9630    -0.3852     0.3550    34.9112 9.8626e+02   1625.090    34.9114    34.9118     6.0489    1491.80    27.7753    27.7756 0.0000e+00
   1648.000     3.5379     3.5382   3.278742   3.278804     1.9627    -0.3773     0.3534    34.9109 9.9117e+02   1626.073    34.9110    34.9115     6.0483    1491.81    27.7751    27.7755 0.0000e+00
   1649.000     3.5386     3.5391   3.278870   3.278944     1.9627    -0.3657     0.3511    34.9110 1.0012e+03   1627.056    34.9113    34.9116     6.0490    1491.83    27.7753    27.7755 0.0000e+00
   1650.000     3.5407     3.5406   3.279101   3.279130     1.9608    -0.3869     0.3509    34.9113 1.0294e+03   1628.039    34.9113    34.9118     6.0417    1491.86    27.7751    27.7756 0.0000e+00
   1651.000     3.5408     3.5411   3.279224   3.279279     1.9604    -0.3900     0.3507    34.9119 1.0248e+03   1629.022    34.9122    34.9126     6.0407    1491.87    27.7758    27.7761 0.0000e+00
   1652.000     3.5409     3.5411   3.279278   3.279323     1.9604    -0.3896     0.3554    34.9120 1.0229e+03   1630.005    34.9122    34.9125     6.0416    1491.89    27.7758    27.7761 0.0000e+00
   1653.000     3.5425     3.5429   3.279571   3.279585     1.9602    -0.3906     0.3543    34.9127 1.0181e+03   1630.988    34.9135    34.9132     6.0413    1491.92    27.7768    27.7765 0.0000e+00
   1654.000     3.5447     3.5451   3.279811   3.279866     1.9602    -0.3878     0.3497    34.9132 1.0113e+03   1631.970    34.9136    34.9139     6.0414    1491.94    27.7766    27.7768 0.0000e+00
   1655.000     3.5451     3.5455   3.279892   3.279955     1.9593    -0.3886     0.3512    34.9133 1.0018e+03   1632.953    34.9136    34.9140     6.0384    1491.96    27.7766    27.7768 0.0000e+00
   1656.000     3.5453     3.5457   3.279951   3.280025     1.9590    -0.3858     0.3508    34.9133 9.9210e+02   1633.936    34.9136    34.9141     6.0382    1491.98    27.7766    27.7769 0.0000e+00
   1657.000     3.5465     3.5469   3.280162   3.280218     1.9582    -0.3678     0.3520    34.9139 9.8523e+02   1634.919    34.9143    34.9147     6.0355    1492.00    27.7770    27.7773 0.0000e+00
   1658.000     3.5478     3.5483   3.280325   3.280421     1.9562    -0.3713     0.3524    34.9143 9.9552e+02   1635.902    34.9145    34.9150     6.0276    1492.02    27.7770    27.7774 0.0000e+00
   1659.000     3.5482     3.5486   3.280468   3.280526     1.9551    -0.3834     0.3512    34.9149 1.0106e+03   1636.885    34.9153    34.9155     6.0236    1492.04    27.7776    27.7778 0.0000e+00
   1660.000     3.5489     3.5494   3.280624   3.280687     1.9543    -0.3675     0.3501    34.9155 1.0153e+03   1637.867    34.9158    34.9161     6.0210    1492.06    27.7780    27.7781 0.0000e+00
   1661.000     3.5495     3.5499   3.280741   3.280815     1.9535    -0.3688     0.3504    34.9158 1.0157e+03   1638.850    34.9161    34.9166     6.0184    1492.08    27.7782    27.7785 0.0000e+00
   1662.000     3.5497     3.5500   3.280787   3.280869     1.9529    -0.3812     0.3517    34.9158 1.0143e+03   1639.833    34.9160    34.9166     6.0167    1492.10    27.7781    27.7785 0.0000e+00
   1663.000     3.5498     3.5502   3.280873   3.280941     1.9525    -0.3908     0.3517    34.9162 1.0114e+03   1640.816    34.9164    34.9167     6.0157    1492.12    27.7784    27.7786 0.0000e+00
   1664.000     3.5502     3.5506   3.280944   3.281017     1.9517    -0.3896     0.3535    34.9162 1.0087e+03   1641.798    34.9164    34.9168     6.0131    1492.14    27.7783    27.7787 0.0000e+00
   1665.000     3.5504     3.5508   3.281030   3.281094     1.9506    -0.3839     0.3541    34.9165 1.0038e+03   1642.781    34.9166    34.9170     6.0094    1492.15    27.7785    27.7788 0.0000e+00
   1666.000     3.5504     3.5508   3.281075   3.281158     1.9495    -0.3678     0.3481    34.9166 9.9908e+02   1643.764    34.9167    34.9172     6.0056    1492.17    27.7786    27.7790 0.0000e+00
   1667.000     3.5504     3.5509   3.281123   3.281199     1.9492    -0.3656     0.3438    34.9166 9.9554e+02   1644.747    34.9167    34.9171     6.0051    1492.19    27.7787    27.7789 0.0000e+00
   1668.000     3.5504     3.5509   3.281173   3.281245     1.9492    -0.3868     0.3514    34.9167 9.9380e+02   1645.730    34.9168    34.9172     6.0056    1492.21    27.7787    27.7790 0.0000e+00
   1669.000     3.5505     3.5509   3.281230   3.281291     1.9484    -0.3806     0.3507    34.9168 9.9438e+02   1646.712    34.9169    34.9172     6.0033    1492.22    27.7788    27.7790 0.0000e+00
   1670.000     3.5505     3.5509   3.281264   3.281335     1.9480    -0.3651     0.3510    34.9168 9.9764e+02   1647.695    34.9168    34.9173     6.0025    1492.24    27.7787    27.7790 0.0000e+00
   1671.000     3.5504     3.5508   3.281317   3.281379     1.9480    -0.3636     0.3500    34.9169 1.0041e+03   1648.678    34.9171    34.9174     6.0032    1492.26    27.7790    27.7792 0.0000e+00
   1672.000     3.5507     3.5511   3.281381   3.281449     1.9480    -0.3658     0.3544    34.9170 1.0141e+03   1649.661    34.9171    34.9174     6.0037    1492.27    27.7789    27.7792 0.0000e+00
   1673.000     3.5510     3.5512   3.281441   3.281500     1.9469    -0.3777     0.3521    34.9169 1.0189e+03   1650.643    34.9170    34.9174     5.9998    1492.29    27.7789    27.7792 0.0000e+00
   1674.000     3.5509     3.5513   3.281484   3.281560     1.9462    -0.3873     0.3547    34.9170 1.0099e+03   1651.626    34.9171    34.9176     5.9981    1492.31    27.7790    27.7793 0.0000e+00
   1675.000     3.5507     3.5510   3.281518   3.281559     1.9456    -0.3662     0.3557    34.9171 1.0023e+03   1652.609    34.9172    34.9174     5.9962    1492.32    27.7790    27.7792 0.0000e+00
   1676.000     3.5508     3.5512   3.281575   3.281643     1.9455    -0.3656     0.3510    34.9171 9.9824e+02   1653.592    34.9173    34.9177     5.9967    1492.34    27.7791    27.7794 0.0000e+00
   1677.000     3.5511     3.5515   3.281663   3.281728     1.9455    -0.3792     0.3504    34.9174 9.9822e+02   1654.574    34.9175    34.9179     5.9972    1492.36    27.7793    27.7795 0.0000e+00
   1678.000     3.5513     3.5517   3.281720   3.281792     1.9451    -0.3850     0.3499    34.9175 1.0016e+03   1655.557    34.9176    34.9180     5.9963    1492.38    27.7793    27.7796 0.0000e+00
   1679.000     3.5515     3.5519   3.281794   3.281868     1.9446    -0.3710     0.3494    34.9176 1.0066e+03   1656.540    34.9177    34.9182     5.9950    1492.40    27.7794    27.7798 0.0000e+00
   1680.000     3.5516     3.5520   3.281863   3.281916     1.9445    -0.3628     0.3551    34.9178 1.0101e+03   1657.523    34.9179    34.9181     5.9952    1492.41    27.7796    27.7797 0.0000e+00
   1681.000     3.5519     3.5523   3.281933   3.282003     1.9444    -0.3826     0.3517    34.9179 1.0104e+03   1658.505    34.9180    34.9183     5.9955    1492.43    27.7796    27.7799 0.0000e+00
   1682.000     3.5524     3.5528   3.282019   3.282094     1.9435    -0.3751     0.3498    34.9178 1.0081e+03   1659.488    34.9179    34.9184     5.9925    1492.45    27.7796    27.7799 0.0000e+00
   1683.000     3.5526     3.5530   3.282079   3.282148     1.9432    -0.3828     0.3514    34.9179 1.0066e+03   1660.471    34.9180    34.9183     5.9923    1492.47    27.7796    27.7798 0.0000e+00
   1684.000     3.5528     3.5533   3.282145   3.282223     1.9432    -0.3638     0.3464    34.9179 1.0009e+03   1661.453    34.9180    34.9185     5.9927    1492.48    27.7796    27.7799 0.0000e+00
   1685.000     3.5532     3.5535   3.282228   3.282291     1.9431    -0.3746     0.3500    34.9180 9.9331e+02   1662.436    34.9182    34.9186     5.9931    1492.50    27.7797    27.7800 0.0000e+00
   1686.000     3.5532     3.5537   3.282284   3.282366     1.9430    -0.3774     0.3500    34.9182 9.8923e+02   1663.419    34.9183    34.9187     5.9936    1492.52    27.7798    27.7801 0.0000e+00
   1687.000     3.5531     3.5536   3.282325   3.282388     1.9424    -0.3681     0.3504    34.9183 9.8867e+02   1664.401    34.9184    34.9187     5.9916    1492.54    27.7799    27.7801 0.0000e+00
   1688.000     3.5530     3.5534   3.282352   3.282421     1.9420    -0.3879     0.3565    34.9182 9.8967e+02   1665.384    34.9183    34.9187     5.9909    1492.55    27.7799    27.7801 0.0000e+00
   1689.000     3.5530     3.5533   3.282372   3.282450     1.9418    -0.3905     0.3515    34.9181 9.9367e+02   1666.367    34.9181    34.9187     5.9910    1492.57    27.7797    27.7801 0.0000e+00
   1690.000     3.5529     3.5534   3.282419   3.282489     1.9408    -0.3671     0.3537    34.9182 9.9944e+02   1667.349    34.9183    34.9186     5.9875    1492.59    27.7798    27.7800 0.0000e+00
   1691.000     3.5529     3.5533   3.282468   3.282525     1.9408    -0.3668     0.3508    34.9183 1.0021e+03   1668.332    34.9183    34.9186     5.9883    1492.60    27.7799    27.7800 0.0000e+00
