Ship_data/Irminger/Irminger-5/ctd/process/dar30-03020.cnv
* Sea-Bird SBE 9 Data File:
* FileName = D:\Data\ar30-03020.hdr
* Software Version Seasave V 7.23.2
* Temperature SN = 4312
* Conductivity SN = 2148
* Number of Bytes Per Scan = 44
* Number of Voltage Words = 5
* Number of Scans Averaged by the Deck Unit = 1
* NMEA Latitude = 59 48.34 N
* NMEA Longitude = 040 16.94 W
* NMEA UTC (Time) = Jun 19 2018  11:50:34
** Cruise ID: ar30-03
** Chief Sci: Macdonald
** Station #: 020
** Site ID: Irminger 5 OSNAP M3
** Cast at OSNAP mooring M3
# nquan = 18
# nvalues = 2579                        
# units = specified
# name 0 = prDM: Pressure, Digiquartz [db]
# name 1 = t090C: Temperature [ITS-90, deg C]
# name 2 = t190C: Temperature, 2 [ITS-90, deg C]
# name 3 = c0S/m: Conductivity [S/m]
# name 4 = c1S/m: Conductivity, 2 [S/m]
# name 5 = sbeox0V: Oxygen raw, SBE 43 [V]
# name 6 = flECO-AFL: Fluorescence, WET Labs ECO-AFL/FL [mg/m^3]
# name 7 = turbWETntu0: Turbidity, WET Labs ECO [NTU]
# name 8 = sal00: Salinity, Practical [PSU]
# name 9 = spar: SPAR/Surface Irradiance
# name 10 = depSM: Depth [salt water, m], lat = 59.8057
# name 11 = sal00: Salinity, Practical [PSU]
# name 12 = sal11: Salinity, Practical, 2 [PSU]
# name 13 = sbeox0ML/L: Oxygen, SBE 43 [ml/l], WS = 2
# name 14 = svCM: Sound Velocity [Chen-Millero, m/s]
# name 15 = sigma-é00: Density [sigma-theta, kg/m^3]
# name 16 = sigma-é11: Density, 2 [sigma-theta, kg/m^3]
# name 17 = flag: flag
# span 0 =      5.000,   2583.000       
# span 1 =     1.3956,     5.9022       
# span 2 =     1.3965,     5.9006       
# span 3 =   3.124758,   3.415724       
# span 4 =   3.124906,   3.415945       
# span 5 =     1.7955,     2.7680       
# span 6 =    -0.4235,     6.2355       
# span 7 =     0.3411,     0.7872       
# span 8 =    34.8596,    34.9288       
# span 9 = 6.2462e+02, 9.4977e+02       
# span 10 =      4.953,   2543.051      
# span 11 =    34.8384,    34.9288      
# span 12 =    34.8560,    34.9294      
# span 13 =     5.8909,     7.1346      
# span 14 =    1469.62,    1499.98      
# span 15 =    27.4544,    27.9397      
# span 16 =    27.4566,    27.9398      
# span 17 = 0.0000e+00, 0.0000e+00      
# interval = decibars: 1                
# start_time = Jun 19 2018 11:50:34 [System UTC, first data scan.]
# bad_flag = -9.990e-29
*END*
[from data line 1046]
   1051.000     3.4027     3.4027   3.238016   3.238112     2.1690    -0.4076     0.3593    34.8688 8.5918e+02   1038.480    34.8688    34.8700     6.4138    1481.24    27.7495    27.7505 0.0000e+00
   1052.000     3.4029     3.4028   3.238079   3.238169     2.1690    -0.3691     0.3629    34.8688 8.5911e+02   1039.465    34.8688    34.8701     6.4146    1481.26    27.7495    27.7505 0.0000e+00
   1053.000     3.4028     3.4027   3.238115   3.238209     2.1686    -0.3891     0.3587    34.8689 8.6303e+02   1040.451    34.8689    34.8701     6.4139    1481.28    27.7496    27.7506 0.0000e+00
   1054.000     3.4023     3.4023   3.238106   3.238207     2.1678    -0.3876     0.3588    34.8688 8.6641e+02   1041.437    34.8688    34.8700     6.4119    1481.29    27.7496    27.7505 0.0000e+00
   1055.000     3.4019     3.4019   3.238117   3.238222     2.1675    -0.3889     0.3590    34.8688 8.6867e+02   1042.422    34.8688    34.8700     6.4114    1481.31    27.7496    27.7506 0.0000e+00
   1056.000     3.4019     3.4019   3.238156   3.238256     2.1670    -0.3797     0.3568    34.8687 8.6968e+02   1043.408    34.8687    34.8700     6.4102    1481.32    27.7496    27.7506 0.0000e+00
   1057.000     3.4016     3.4014   3.238160   3.238236     2.1666    -0.3840     0.3575    34.8687 8.6863e+02   1044.393    34.8686    34.8698     6.4096    1481.34    27.7495    27.7505 0.0000e+00
   1058.000     3.4016     3.4013   3.238212   3.238287     2.1665    -0.3806     0.3550    34.8688 8.6648e+02   1045.379    34.8688    34.8700     6.4102    1481.35    27.7496    27.7506 0.0000e+00
   1059.000     3.4014     3.4015   3.238242   3.238343     2.1665    -0.3697     0.3561    34.8688 8.6285e+02   1046.365    34.8688    34.8699     6.4109    1481.37    27.7497    27.7506 0.0000e+00
   1060.000     3.4013     3.4013   3.238269   3.238382     2.1658    -0.3694     0.3590    34.8687 8.5848e+02   1047.350    34.8687    34.8700     6.4093    1481.39    27.7496    27.7507 0.0000e+00
   1061.000     3.4013     3.4013   3.238314   3.238419     2.1654    -0.3888     0.3521    34.8687 8.5526e+02   1048.336    34.8687    34.8700     6.4084    1481.40    27.7497    27.7507 0.0000e+00
   1062.000     3.4011     3.4010   3.238333   3.238433     2.1654    -0.3865     0.3522    34.8687 8.5422e+02   1049.321    34.8687    34.8700     6.4093    1481.42    27.7497    27.7507 0.0000e+00
   1063.000     3.4009     3.4009   3.238358   3.238465     2.1654    -0.3674     0.3561    34.8687 8.5546e+02   1050.307    34.8686    34.8699     6.4102    1481.43    27.7497    27.7507 0.0000e+00
   1064.000     3.4009     3.4010   3.238396   3.238507     2.1653    -0.3892     0.3610    34.8686 8.5914e+02   1051.292    34.8686    34.8698     6.4108    1481.45    27.7496    27.7506 0.0000e+00
   1065.000     3.4012     3.4012   3.238450   3.238564     2.1646    -0.3779     0.3558    34.8685 8.6641e+02   1052.278    34.8685    34.8698     6.4086    1481.47    27.7495    27.7506 0.0000e+00
   1066.000     3.4008     3.4008   3.238461   3.238566     2.1642    -0.3899     0.3547    34.8685 8.6858e+02   1053.263    34.8685    34.8697     6.4080    1481.48    27.7496    27.7506 0.0000e+00
   1067.000     3.4004     3.4005   3.238490   3.238586     2.1641    -0.3911     0.3560    34.8687 8.6671e+02   1054.249    34.8687    34.8697     6.4085    1481.50    27.7498    27.7506 0.0000e+00
   1068.000     3.4004     3.4004   3.238529   3.238614     2.1636    -0.3899     0.3694    34.8687 8.6330e+02   1055.234    34.8686    34.8696     6.4077    1481.51    27.7497    27.7505 0.0000e+00
   1069.000     3.4004     3.4004   3.238563   3.238672     2.1634    -0.3771     0.3621    34.8685 8.5901e+02   1056.220    34.8685    34.8698     6.4075    1481.53    27.7497    27.7507 0.0000e+00
   1070.000     3.4007     3.4007   3.238639   3.238740     2.1631    -0.3794     0.3554    34.8686 8.5658e+02   1057.206    34.8687    34.8698     6.4074    1481.55    27.7498    27.7507 0.0000e+00
   1071.000     3.4004     3.4007   3.238645   3.238775     2.1634    -0.3924     0.3558    34.8685 8.5561e+02   1058.191    34.8685    34.8697     6.4093    1481.56    27.7497    27.7506 0.0000e+00
   1072.000     3.4003     3.4003   3.238680   3.238789     2.1633    -0.3771     0.3546    34.8685 8.5724e+02   1059.177    34.8685    34.8698     6.4098    1481.58    27.7497    27.7507 0.0000e+00
   1073.000     3.4002     3.4002   3.238719   3.238818     2.1630    -0.3708     0.3564    34.8685 8.5984e+02   1060.162    34.8685    34.8697     6.4094    1481.60    27.7497    27.7507 0.0000e+00
   1074.000     3.4003     3.4004   3.238763   3.238874     2.1623    -0.3675     0.3585    34.8685 8.6235e+02   1061.148    34.8685    34.8697     6.4074    1481.61    27.7497    27.7507 0.0000e+00
   1075.000     3.4002     3.4002   3.238796   3.238905     2.1618    -0.3714     0.3587    34.8685 8.6271e+02   1062.133    34.8685    34.8698     6.4064    1481.63    27.7497    27.7507 0.0000e+00
   1076.000     3.3999     3.4000   3.238811   3.238918     2.1618    -0.3893     0.3565    34.8685 8.6113e+02   1063.119    34.8685    34.8697     6.4075    1481.65    27.7497    27.7507 0.0000e+00
   1077.000     3.3997     3.3998   3.238822   3.238941     2.1618    -0.3833     0.3565    34.8684 8.5926e+02   1064.104    34.8683    34.8696     6.4081    1481.66    27.7496    27.7506 0.0000e+00
   1078.000     3.3989     3.3989   3.238789   3.238883     2.1620    -0.3823     0.3564    34.8682 8.5874e+02   1065.090    34.8682    34.8694     6.4099    1481.67    27.7496    27.7506 0.0000e+00
   1079.000     3.3991     3.3992   3.238850   3.238961     2.1622    -0.3859     0.3583    34.8682 8.6149e+02   1066.075    34.8682    34.8695     6.4115    1481.69    27.7496    27.7506 0.0000e+00
   1080.000     3.3987     3.3987   3.238865   3.238960     2.1620    -0.3666     0.3559    34.8683 8.6245e+02   1067.061    34.8683    34.8695     6.4118    1481.71    27.7498    27.7507 0.0000e+00
   1081.000     3.3987     3.3987   3.238912   3.239012     2.1609    -0.3842     0.3588    34.8683 8.6186e+02   1068.046    34.8684    34.8696     6.4081    1481.72    27.7498    27.7508 0.0000e+00
   1082.000     3.3988     3.3988   3.238973   3.239061     2.1606    -0.3917     0.3583    34.8684 8.5976e+02   1069.032    34.8684    34.8696     6.4079    1481.74    27.7498    27.7508 0.0000e+00
   1083.000     3.3992     3.3991   3.239052   3.239155     2.1603    -0.3925     0.3554    34.8684 8.5844e+02   1070.017    34.8685    34.8698     6.4074    1481.76    27.7499    27.7509 0.0000e+00
   1084.000     3.3993     3.3993   3.239100   3.239193     2.1597    -0.3927     0.3560    34.8684 8.5635e+02   1071.002    34.8684    34.8696     6.4062    1481.78    27.7498    27.7507 0.0000e+00
   1085.000     3.3991     3.3991   3.239103   3.239219     2.1594    -0.3805     0.3562    34.8682 8.5611e+02   1071.988    34.8682    34.8695     6.4057    1481.79    27.7496    27.7507 0.0000e+00
   1086.000     3.3995     3.3993   3.239191   3.239271     2.1587    -0.3961     0.3587    34.8682 8.6055e+02   1072.973    34.8683    34.8694     6.4038    1481.81    27.7497    27.7506 0.0000e+00
   1087.000     3.3990     3.3989   3.239181   3.239282     2.1581    -0.3964     0.3567    34.8682 8.6264e+02   1073.959    34.8682    34.8695     6.4025    1481.82    27.7497    27.7507 0.0000e+00
   1088.000     3.3985     3.3987   3.239191   3.239317     2.1582    -0.3798     0.3566    34.8682 8.6044e+02   1074.944    34.8683    34.8696     6.4036    1481.84    27.7498    27.7508 0.0000e+00
   1089.000     3.4008     3.4010   3.239490   3.239601     2.1582    -0.3763     0.3553    34.8686 8.5835e+02   1075.930    34.8690    34.8701     6.4040    1481.87    27.7501    27.7510 0.0000e+00
   1090.000     3.4016     3.4016   3.239600   3.239703     2.1577    -0.3914     0.3552    34.8687 8.5843e+02   1076.915    34.8689    34.8701     6.4030    1481.89    27.7500    27.7510 0.0000e+00
   1091.000     3.4014     3.4011   3.239613   3.239678     2.1575    -0.3923     0.3569    34.8687 8.6001e+02   1077.901    34.8688    34.8698     6.4029    1481.90    27.7500    27.7508 0.0000e+00
   1092.000     3.4014     3.4011   3.239669   3.239740     2.1570    -0.3938     0.3578    34.8689 8.6341e+02   1078.886    34.8689    34.8701     6.4017    1481.92    27.7500    27.7510 0.0000e+00
   1093.000     3.4007     3.4009   3.239626   3.239746     2.1569    -0.3917     0.3567    34.8687 8.6460e+02   1079.871    34.8686    34.8699     6.4025    1481.93    27.7499    27.7509 0.0000e+00
   1094.000     3.3992     3.3992   3.239539   3.239639     2.1571    -0.3941     0.3553    34.8685 8.6392e+02   1080.857    34.8686    34.8698     6.4042    1481.94    27.7500    27.7510 0.0000e+00
   1095.000     3.3997     3.3997   3.239613   3.239707     2.1571    -0.3900     0.3559    34.8685 8.6112e+02   1081.842    34.8685    34.8697     6.4051    1481.96    27.7499    27.7508 0.0000e+00
   1096.000     3.3987     3.3988   3.239562   3.239667     2.1565    -0.3773     0.3589    34.8684 8.5717e+02   1082.828    34.8684    34.8696     6.4037    1481.97    27.7499    27.7508 0.0000e+00
   1097.000     3.3968     3.3964   3.239389   3.239465     2.1558    -0.3856     0.3573    34.8681 8.5696e+02   1083.813    34.8679    34.8693     6.4020    1481.98    27.7497    27.7509 0.0000e+00
   1098.000     3.3947     3.3945   3.239231   3.239327     2.1558    -0.3690     0.3544    34.8680 8.6078e+02   1084.798    34.8677    34.8690     6.4034    1481.99    27.7497    27.7509 0.0000e+00
   1099.000     3.3941     3.3942   3.239236   3.239349     2.1553    -0.3687     0.3545    34.8680 8.6430e+02   1085.784    34.8679    34.8691     6.4024    1482.00    27.7500    27.7509 0.0000e+00
   1100.000     3.3945     3.3944   3.239313   3.239405     2.1547    -0.3903     0.3555    34.8680 8.6682e+02   1086.769    34.8679    34.8691     6.4009    1482.02    27.7500    27.7509 0.0000e+00
   1101.000     3.3941     3.3941   3.239318   3.239417     2.1546    -0.3923     0.3555    34.8680 8.6677e+02   1087.755    34.8678    34.8691     6.4013    1482.03    27.7500    27.7509 0.0000e+00
   1102.000     3.3943     3.3943   3.239385   3.239480     2.1545    -0.3917     0.3579    34.8680 8.6456e+02   1088.740    34.8679    34.8691     6.4018    1482.05    27.7500    27.7510 0.0000e+00
   1103.000     3.3944     3.3945   3.239447   3.239548     2.1536    -0.3832     0.3543    34.8680 8.6199e+02   1089.725    34.8680    34.8691     6.3989    1482.07    27.7501    27.7510 0.0000e+00
   1104.000     3.3938     3.3939   3.239413   3.239534     2.1532    -0.3662     0.3556    34.8679 8.6078e+02   1090.711    34.8678    34.8691     6.3983    1482.08    27.7499    27.7511 0.0000e+00
   1105.000     3.3936     3.3935   3.239449   3.239543     2.1524    -0.3924     0.3548    34.8679 8.6068e+02   1091.696    34.8679    34.8691     6.3964    1482.10    27.7501    27.7510 0.0000e+00
   1106.000     3.3935     3.3935   3.239480   3.239582     2.1522    -0.3909     0.3579    34.8679 8.6233e+02   1092.681    34.8678    34.8691     6.3962    1482.11    27.7500    27.7511 0.0000e+00
   1107.000     3.3931     3.3931   3.239472   3.239577     2.1519    -0.3775     0.3560    34.8678 8.6561e+02   1093.667    34.8677    34.8690     6.3961    1482.13    27.7500    27.7510 0.0000e+00
   1108.000     3.3932     3.3932   3.239528   3.239632     2.1510    -0.4000     0.3552    34.8678 8.7155e+02   1094.652    34.8677    34.8690     6.3933    1482.15    27.7500    27.7510 0.0000e+00
   1109.000     3.3927     3.3926   3.239533   3.239619     2.1505    -0.3727     0.3557    34.8678 8.7669e+02   1095.638    34.8678    34.8689     6.3924    1482.16    27.7501    27.7510 0.0000e+00
   1110.000     3.3927     3.3927   3.239555   3.239680     2.1499    -0.3907     0.3558    34.8677 8.7585e+02   1096.623    34.8676    34.8690     6.3907    1482.18    27.7499    27.7511 0.0000e+00
   1111.000     3.3918     3.3918   3.239525   3.239629     2.1497    -0.3882     0.3550    34.8677 8.7000e+02   1097.608    34.8677    34.8689     6.3912    1482.19    27.7501    27.7511 0.0000e+00
   1112.000     3.3919     3.3917   3.239577   3.239662     2.1493    -0.3728     0.3551    34.8677 8.6401e+02   1098.594    34.8677    34.8688     6.3903    1482.21    27.7501    27.7511 0.0000e+00
   1113.000     3.3915     3.3915   3.239587   3.239679     2.1487    -0.3906     0.3552    34.8678 8.6180e+02   1099.579    34.8676    34.8688     6.3888    1482.22    27.7501    27.7511 0.0000e+00
   1114.000     3.3912     3.3913   3.239598   3.239709     2.1485    -0.3698     0.3546    34.8676 8.6423e+02   1100.564    34.8676    34.8689     6.3891    1482.24    27.7501    27.7512 0.0000e+00
   1115.000     3.3904     3.3902   3.239557   3.239643     2.1481    -0.3700     0.3546    34.8676 8.7009e+02   1101.549    34.8674    34.8687     6.3884    1482.25    27.7501    27.7511 0.0000e+00
   1116.000     3.3898     3.3899   3.239553   3.239655     2.1473    -0.3871     0.3581    34.8675 8.7726e+02   1102.535    34.8675    34.8686     6.3862    1482.27    27.7502    27.7511 0.0000e+00
   1117.000     3.3893     3.3894   3.239528   3.239646     2.1473    -0.3705     0.3560    34.8674 8.8199e+02   1103.520    34.8672    34.8686     6.3872    1482.28    27.7501    27.7511 0.0000e+00
   1118.000     3.3889     3.3889   3.239551   3.239650     2.1473    -0.3864     0.3568    34.8675 8.8306e+02   1104.505    34.8675    34.8686     6.3879    1482.29    27.7503    27.7512 0.0000e+00
   1119.000     3.3890     3.3889   3.239588   3.239685     2.1464    -0.3902     0.3567    34.8673 8.8166e+02   1105.491    34.8673    34.8685     6.3856    1482.31    27.7501    27.7511 0.0000e+00
   1120.000     3.3888     3.3890   3.239617   3.239721     2.1460    -0.3751     0.3554    34.8673 8.7737e+02   1106.476    34.8673    34.8683     6.3848    1482.33    27.7501    27.7510 0.0000e+00
   1121.000     3.3887     3.3886   3.239646   3.239727     2.1455    -0.3674     0.3560    34.8673 8.7199e+02   1107.461    34.8672    34.8683     6.3834    1482.34    27.7501    27.7510 0.0000e+00
   1122.000     3.3880     3.3878   3.239614   3.239705     2.1458    -0.3685     0.3585    34.8672 8.7011e+02   1108.447    34.8671    34.8684     6.3859    1482.36    27.7502    27.7512 0.0000e+00
   1123.000     3.3877     3.3876   3.239637   3.239727     2.1454    -0.3889     0.3553    34.8673 8.7242e+02   1109.432    34.8672    34.8684     6.3849    1482.37    27.7502    27.7512 0.0000e+00
   1124.000     3.3875     3.3875   3.239674   3.239768     2.1452    -0.3915     0.3591    34.8673 8.7697e+02   1110.417    34.8673    34.8684     6.3851    1482.39    27.7503    27.7512 0.0000e+00
   1125.000     3.3874     3.3874   3.239698   3.239804     2.1449    -0.3926     0.3577    34.8673 8.8257e+02   1111.402    34.8672    34.8684     6.3849    1482.40    27.7503    27.7513 0.0000e+00
   1126.000     3.3869     3.3869   3.239698   3.239792     2.1449    -0.3898     0.3565    34.8673 8.8685e+02   1112.388    34.8673    34.8684     6.3858    1482.42    27.7504    27.7513 0.0000e+00
   1127.000     3.3868     3.3867   3.239718   3.239814     2.1449    -0.3921     0.3581    34.8671 8.8933e+02   1113.373    34.8671    34.8683     6.3867    1482.43    27.7502    27.7513 0.0000e+00
   1128.000     3.3868     3.3868   3.239769   3.239866     2.1450    -0.3896     0.3567    34.8672 8.8500e+02   1114.358    34.8672    34.8683     6.3879    1482.45    27.7503    27.7512 0.0000e+00
   1129.000     3.3870     3.3874   3.239853   3.239987     2.1446    -0.3897     0.3591    34.8673 8.7701e+02   1115.343    34.8674    34.8686     6.3869    1482.47    27.7505    27.7514 0.0000e+00
