Ship_data/Irminger/Irminger-5/ctd/process/dar30-03021.cnv
* Sea-Bird SBE 9 Data File:
* FileName = D:\Data\ar30-03021.hdr
* Software Version Seasave V 7.23.2
* Temperature SN = 4312
* Conductivity SN = 2148
* Number of Bytes Per Scan = 44
* Number of Voltage Words = 5
* Number of Scans Averaged by the Deck Unit = 1
* NMEA Latitude = 59 51.42 N
* NMEA Longitude = 039 13.43 W
* NMEA UTC (Time) = Jun 19 2018  18:21:51
** Cruise ID: ar30-03
** Chief Sci: Macdonald
** Station #: 021
** Site ID: Irminger 5 Gliders 2
** ctd cast to 1000 meters near OOI gliders
# nquan = 18
# nvalues = 1013                        
# units = specified
# name 0 = prDM: Pressure, Digiquartz [db]
# name 1 = t090C: Temperature [ITS-90, deg C]
# name 2 = t190C: Temperature, 2 [ITS-90, deg C]
# name 3 = c0S/m: Conductivity [S/m]
# name 4 = c1S/m: Conductivity, 2 [S/m]
# name 5 = sbeox0V: Oxygen raw, SBE 43 [V]
# name 6 = flECO-AFL: Fluorescence, WET Labs ECO-AFL/FL [mg/m^3]
# name 7 = turbWETntu0: Turbidity, WET Labs ECO [NTU]
# name 8 = sal00: Salinity, Practical [PSU]
# name 9 = spar: SPAR/Surface Irradiance
# name 10 = depSM: Depth [salt water, m], lat = 59.857
# name 11 = sal00: Salinity, Practical [PSU]
# name 12 = sal11: Salinity, Practical, 2 [PSU]
# name 13 = sbeox0ML/L: Oxygen, SBE 43 [ml/l], WS = 2
# name 14 = svCM: Sound Velocity [Chen-Millero, m/s]
# name 15 = sigma-é00: Density [sigma-theta, kg/m^3]
# name 16 = sigma-é11: Density, 2 [sigma-theta, kg/m^3]
# name 17 = flag: flag
# span 0 =      4.000,   1016.000       
# span 1 =     3.2979,     6.3760       
# span 2 =     3.2979,     6.3854       
# span 3 =   3.217722,   3.458835       
# span 4 =   3.218034,   3.460154       
# span 5 =     2.1889,     2.8719       
# span 6 =    -0.4152,     7.2764       
# span 7 =     0.3536,     1.0219       
# span 8 =    34.8367,    34.8984       
# span 9 = 5.5206e+02, 7.1861e+02       
# span 10 =      3.962,   1003.976      
# span 11 =    34.7968,    34.8988      
# span 12 =    34.8474,    34.9013      
# span 13 =     6.4101,     7.3978      
# span 14 =    1468.69,    1480.22      
# span 15 =    27.3789,    27.7499      
# span 16 =    27.3940,    27.7505      
# span 17 = 0.0000e+00, 0.0000e+00      
# interval = decibars: 1                
# start_time = Jun 19 2018 18:21:51 [System UTC, first data scan.]
# bad_flag = -9.990e-29
*END*
[from data line 242]
    246.000     3.7818     3.7817   3.237838   3.238049     2.3963    -0.3442     0.3790    34.8896 6.8819e+02    243.538    34.8892    34.8917     6.4967    1469.59    27.7223    27.7244 0.0000e+00
    247.000     3.7802     3.7799   3.237736   3.237908     2.3959    -0.3663     0.3828    34.8895 6.8657e+02    244.528    34.8891    34.8915     6.4966    1469.60    27.7225    27.7243 0.0000e+00
    248.000     3.7794     3.7793   3.237724   3.237912     2.3969    -0.3749     0.3788    34.8895 6.8141e+02    245.517    34.8892    34.8916     6.5008    1469.62    27.7226    27.7245 0.0000e+00
    249.000     3.7792     3.7792   3.237758   3.237936     2.3969    -0.3931     0.3812    34.8895 6.7673e+02    246.507    34.8893    34.8915     6.5019    1469.63    27.7227    27.7245 0.0000e+00
    250.000     3.7791     3.7790   3.237785   3.237973     2.3961    -0.3828     0.3775    34.8894 6.7729e+02    247.496    34.8892    34.8916     6.5000    1469.65    27.7226    27.7246 0.0000e+00
    251.000     3.7784     3.7786   3.237786   3.237985     2.3957    -0.3723     0.3775    34.8895 6.8074e+02    248.485    34.8895    34.8916     6.4995    1469.66    27.7229    27.7246 0.0000e+00
    252.000     3.7791     3.7790   3.237890   3.238073     2.3949    -0.3734     0.3775    34.8896 6.8416e+02    249.475    34.8894    34.8917     6.4974    1469.68    27.7228    27.7247 0.0000e+00
    253.000     3.7765     3.7758   3.237660   3.237808     2.3945    -0.3724     0.3780    34.8893 6.8539e+02    250.464    34.8888    34.8914     6.4975    1469.69    27.7226    27.7247 0.0000e+00
    254.000     3.7731     3.7732   3.237406   3.237611     2.3949    -0.3735     0.3821    34.8893 6.8408e+02    251.453    34.8889    34.8913     6.5001    1469.69    27.7230    27.7250 0.0000e+00
    255.000     3.7709     3.7708   3.237255   3.237444     2.3958    -0.3743     0.3781    34.8893 6.8171e+02    252.443    34.8889    34.8912     6.5044    1469.70    27.7233    27.7252 0.0000e+00
    256.000     3.7689     3.7690   3.237101   3.237321     2.3958    -0.3925     0.3827    34.8892 6.7909e+02    253.432    34.8887    34.8912     6.5056    1469.70    27.7233    27.7253 0.0000e+00
    257.000     3.7679     3.7678   3.237081   3.237271     2.3958    -0.3901     0.3834    34.8892 6.7866e+02    254.422    34.8890    34.8913     6.5066    1469.72    27.7237    27.7255 0.0000e+00
    258.000     3.7669     3.7669   3.237038   3.237237     2.3952    -0.3706     0.3824    34.8894 6.7856e+02    255.411    34.8890    34.8913     6.5057    1469.73    27.7238    27.7257 0.0000e+00
    259.000     3.7660     3.7660   3.237017   3.237205     2.3946    -0.3707     0.3783    34.8895 6.7984e+02    256.400    34.8892    34.8914     6.5046    1469.74    27.7240    27.7258 0.0000e+00
    260.000     3.7653     3.7652   3.237014   3.237192     2.3943    -0.3890     0.3827    34.8895 6.8147e+02    257.390    34.8893    34.8915     6.5044    1469.76    27.7242    27.7260 0.0000e+00
    261.000     3.7646     3.7645   3.236992   3.237174     2.3932    -0.3731     0.3832    34.8896 6.8098e+02    258.379    34.8893    34.8915     6.5018    1469.77    27.7243    27.7261 0.0000e+00
    262.000     3.7634     3.7635   3.236937   3.237140     2.3919    -0.3899     0.3822    34.8896 6.8006e+02    259.368    34.8893    34.8916     6.4983    1469.78    27.7244    27.7262 0.0000e+00
    263.000     3.7632     3.7631   3.236965   3.237147     2.3909    -0.3708     0.3775    34.8896 6.7877e+02    260.358    34.8893    34.8916     6.4957    1469.80    27.7245    27.7263 0.0000e+00
    264.000     3.7622     3.7621   3.236907   3.237106     2.3898    -0.3679     0.3775    34.8896 6.7856e+02    261.347    34.8892    34.8916     6.4929    1469.81    27.7245    27.7264 0.0000e+00
    265.000     3.7602     3.7602   3.236808   3.236994     2.3897    -0.3670     0.3823    34.8897 6.7866e+02    262.336    34.8895    34.8918     6.4937    1469.82    27.7249    27.7267 0.0000e+00
    266.000     3.7605     3.7602   3.236881   3.237049     2.3897    -0.3680     0.3821    34.8897 6.8048e+02    263.326    34.8896    34.8918     6.4945    1469.83    27.7250    27.7268 0.0000e+00
    267.000     3.7610     3.7609   3.236980   3.237148     2.3896    -0.3712     0.3730    34.8898 6.8037e+02    264.315    34.8897    34.8918     6.4951    1469.85    27.7250    27.7267 0.0000e+00
    268.000     3.7611     3.7611   3.237020   3.237210     2.3886    -0.3504     0.4396    34.8896 6.7840e+02    265.304    34.8895    34.8918     6.4924    1469.87    27.7249    27.7267 0.0000e+00
    269.000     3.7616     3.7613   3.237138   3.237300     2.3880    -0.3388     0.5075    34.8898 6.7667e+02    266.293    34.8899    34.8920     6.4909    1469.89    27.7251    27.7269 0.0000e+00
    270.000     3.7620     3.7619   3.237231   3.237410     2.3873    -0.3842     0.3865    34.8900 6.7826e+02    267.283    34.8900    34.8922     6.4895    1469.91    27.7251    27.7270 0.0000e+00
    271.000     3.7621     3.7620   3.237307   3.237485     2.3872    -0.3711     0.3836    34.8902 6.7865e+02    268.272    34.8902    34.8925     6.4900    1469.92    27.7253    27.7271 0.0000e+00
    272.000     3.7579     3.7582   3.236768   3.237124     2.3872    -0.3853     0.3786    34.8896 6.7866e+02    269.261    34.8878    34.8917     6.4917    1469.92    27.7238    27.7269 0.0000e+00
    273.000     3.7445     3.7447   3.235631   3.235896     2.3870    -0.3829     0.3787    34.8891 6.7839e+02    270.251    34.8879    34.8908     6.4941    1469.88    27.7253    27.7276 0.0000e+00
    274.000     3.7423     3.7422   3.235538   3.235726     2.3857    -0.3747     0.3813    34.8892 6.7634e+02    271.240    34.8886    34.8909     6.4906    1469.89    27.7260    27.7280 0.0000e+00
    275.000     3.7421     3.7420   3.235569   3.235743     2.3837    -0.3874     0.3785    34.8890 6.7450e+02    272.229    34.8886    34.8908     6.4847    1469.90    27.7261    27.7279 0.0000e+00
    276.000     3.7401     3.7403   3.235390   3.235628     2.3816    -0.3701     0.3804    34.8888 6.7770e+02    273.218    34.8880    34.8907     6.4789    1469.91    27.7258    27.7280 0.0000e+00
    277.000     3.7326     3.7323   3.234647   3.234870     2.3805    -0.3799     0.3796    34.8881 6.7865e+02    274.208    34.8867    34.8896     6.4772    1469.89    27.7255    27.7279 0.0000e+00
    278.000     3.7261     3.7262   3.234095   3.234346     2.3795    -0.3877     0.3824    34.8878 6.7880e+02    275.197    34.8864    34.8894     6.4758    1469.88    27.7260    27.7284 0.0000e+00
    279.000     3.7200     3.7200   3.233542   3.233769     2.3784    -0.3903     0.3748    34.8873 6.7802e+02    276.186    34.8858    34.8885     6.4737    1469.87    27.7261    27.7283 0.0000e+00
    280.000     3.7163     3.7161   3.233334   3.233485     2.3770    -0.3788     0.3751    34.8874 6.7564e+02    277.175    34.8867    34.8887     6.4706    1469.87    27.7272    27.7289 0.0000e+00
    281.000     3.7187     3.7187   3.233655   3.233855     2.3756    -0.3687     0.3774    34.8882 6.7401e+02    278.165    34.8875    34.8898     6.4659    1469.90    27.7276    27.7295 0.0000e+00
    282.000     3.7154     3.7154   3.233438   3.233607     2.3737    -0.3820     0.3749    34.8883 6.7276e+02    279.154    34.8878    34.8898     6.4607    1469.90    27.7282    27.7298 0.0000e+00
    283.000     3.7194     3.7193   3.233937   3.234101     2.3715    -0.3910     0.3726    34.8893 6.7288e+02    280.143    34.8889    34.8911     6.4532    1469.94    27.7287    27.7305 0.0000e+00
    284.000     3.7148     3.7154   3.233406   3.233738     2.3701    -0.3707     0.3732    34.8886 6.7383e+02    281.132    34.8870    34.8903     6.4502    1469.93    27.7276    27.7302 0.0000e+00
    285.000     3.7038     3.7051   3.232443   3.232774     2.3695    -0.3687     0.3775    34.8878 6.7395e+02    282.122    34.8866    34.8893     6.4507    1469.90    27.7285    27.7304 0.0000e+00
    286.000     3.6994     3.6993   3.232089   3.232274     2.3695    -0.3699     0.3727    34.8876 6.7255e+02    283.111    34.8866    34.8889     6.4523    1469.90    27.7289    27.7308 0.0000e+00
    287.000     3.6991     3.6988   3.232126   3.232293     2.3687    -0.3650     0.3762    34.8875 6.7180e+02    284.100    34.8868    34.8891     6.4505    1469.92    27.7291    27.7309 0.0000e+00
    288.000     3.6963     3.6963   3.231856   3.232071     2.3672    -0.3708     0.3775    34.8872 6.7182e+02    285.089    34.8860    34.8886     6.4467    1469.92    27.7287    27.7309 0.0000e+00
    289.000     3.6931     3.6930   3.231610   3.231789     2.3675    -0.3787     0.3775    34.8868 6.7285e+02    286.078    34.8860    34.8882     6.4491    1469.92    27.7291    27.7309 0.0000e+00
    290.000     3.6905     3.6903   3.231389   3.231584     2.3681    -0.3750     0.3775    34.8865 6.7457e+02    287.068    34.8856    34.8881     6.4526    1469.93    27.7290    27.7310 0.0000e+00
    291.000     3.6711     3.6749   3.229333   3.230042     2.3688    -0.3875     0.3775    34.8843 6.7515e+02    288.057    34.8811    34.8855     6.4593    1469.86    27.7274    27.7305 0.0000e+00
    292.000     3.6479     3.6496   3.227096   3.227629     2.3690    -0.3724     0.3737    34.8824 6.7424e+02    289.046    34.8786    34.8831     6.4651    1469.77    27.7277    27.7311 0.0000e+00
    293.000     3.6301     3.6317   3.225604   3.225966     2.3704    -0.3856     0.3767    34.8815 6.7097e+02    290.035    34.8791    34.8817     6.4739    1469.72    27.7299    27.7318 0.0000e+00
    294.000     3.6289     3.6287   3.225545   3.225729     2.3721    -0.3918     0.3705    34.8811 6.6767e+02    291.024    34.8792    34.8815     6.4808    1469.73    27.7301    27.7320 0.0000e+00
    295.000     3.6264     3.6254   3.225319   3.225437     2.3726    -0.3919     0.3729    34.8806 6.6564e+02    292.013    34.8786    34.8810     6.4839    1469.73    27.7299    27.7319 0.0000e+00
    296.000     3.6119     3.6141   3.223725   3.224306     2.3730    -0.3918     0.3765    34.8786 6.6565e+02    293.003    34.8744    34.8790     6.4888    1469.68    27.7280    27.7315 0.0000e+00
    297.000     3.5998     3.6001   3.222733   3.223011     2.3727    -0.3872     0.3726    34.8778 6.6810e+02    293.992    34.8748    34.8779     6.4908    1469.65    27.7295    27.7319 0.0000e+00
    298.000     3.5909     3.5895   3.221955   3.222028     2.3711    -0.3771     0.3726    34.8768 6.7200e+02    294.981    34.8744    34.8769     6.4876    1469.63    27.7301    27.7322 0.0000e+00
    299.000     3.5847     3.5850   3.221411   3.221636     2.3686    -0.3764     0.3759    34.8760 6.7649e+02    295.970    34.8740    34.8764     6.4807    1469.62    27.7304    27.7323 0.0000e+00
    300.000     3.5832     3.5829   3.221304   3.221467     2.3668    -0.3950     0.3725    34.8757 6.7681e+02    296.959    34.8738    34.8762     6.4757    1469.63    27.7304    27.7323 0.0000e+00
    301.000     3.5809     3.5821   3.221134   3.221449     2.3654    -0.3907     0.3771    34.8754 6.7411e+02    297.948    34.8737    34.8762     6.4720    1469.63    27.7306    27.7324 0.0000e+00
    302.000     3.5795     3.5793   3.221052   3.221221     2.3641    -0.3735     0.3775    34.8751 6.7006e+02    298.938    34.8736    34.8759     6.4686    1469.64    27.7306    27.7325 0.0000e+00
    303.000     3.5780     3.5781   3.220958   3.221156     2.3638    -0.3800     0.3751    34.8749 6.6639e+02    299.927    34.8736    34.8759     6.4686    1469.65    27.7308    27.7326 0.0000e+00
    304.000     3.5778     3.5774   3.221061   3.221164     2.3626    -0.3897     0.3727    34.8752 6.6482e+02    300.916    34.8745    34.8762     6.4654    1469.67    27.7315    27.7329 0.0000e+00
    305.000     3.5773     3.5778   3.221005   3.221278     2.3617    -0.3883     0.3726    34.8754 6.6507e+02    301.905    34.8738    34.8766     6.4632    1469.68    27.7310    27.7332 0.0000e+00
    306.000     3.5736     3.5737   3.220732   3.220940     2.3614    -0.3665     0.3758    34.8751 6.6860e+02    302.894    34.8740    34.8764     6.4635    1469.68    27.7316    27.7334 0.0000e+00
    307.000     3.5719     3.5719   3.220613   3.220821     2.3605    -0.3817     0.3778    34.8748 6.7274e+02    303.883    34.8738    34.8763     6.4616    1469.69    27.7316    27.7336 0.0000e+00
    308.000     3.5696     3.5696   3.220443   3.220631     2.3597    -0.3614     0.3761    34.8745 6.7427e+02    304.872    34.8736    34.8760     6.4602    1469.70    27.7317    27.7335 0.0000e+00
    309.000     3.5677     3.5676   3.220309   3.220482     2.3592    -0.3868     0.3693    34.8744 6.7426e+02    305.861    34.8736    34.8758     6.4595    1469.71    27.7318    27.7336 0.0000e+00
    310.000     3.5652     3.5649   3.220089   3.220284     2.3592    -0.3758     0.3718    34.8741 6.7358e+02    306.850    34.8731    34.8757     6.4608    1469.71    27.7317    27.7338 0.0000e+00
    311.000     3.5602     3.5597   3.219616   3.219801     2.3592    -0.3808     0.3754    34.8736 6.7167e+02    307.840    34.8721    34.8749     6.4625    1469.71    27.7314    27.7337 0.0000e+00
    312.000     3.5569     3.5569   3.219440   3.219596     2.3592    -0.3925     0.3767    34.8737 6.6921e+02    308.829    34.8730    34.8750     6.4639    1469.71    27.7324    27.7340 0.0000e+00
    313.000     3.5572     3.5569   3.219485   3.219636     2.3592    -0.3918     0.3727    34.8734 6.6643e+02    309.818    34.8727    34.8749     6.4647    1469.73    27.7321    27.7340 0.0000e+00
    314.000     3.5563     3.5564   3.219434   3.219626     2.3582    -0.3743     0.3735    34.8731 6.6522e+02    310.807    34.8725    34.8748     6.4623    1469.74    27.7321    27.7339 0.0000e+00
    315.000     3.5558     3.5558   3.219458   3.219617     2.3577    -0.3798     0.3778    34.8732 6.7030e+02    311.796    34.8728    34.8747     6.4614    1469.76    27.7324    27.7340 0.0000e+00
    316.000     3.5571     3.5569   3.219681   3.219801     2.3569    -0.3683     0.3737    34.8736 6.7563e+02    312.785    34.8736    34.8752     6.4593    1469.78    27.7329    27.7343 0.0000e+00
    317.000     3.5596     3.5594   3.220106   3.220144     2.3567    -0.3778     0.3726    34.8743 6.7642e+02    313.774    34.8755    34.8761     6.4588    1469.81    27.7342    27.7347 0.0000e+00
    318.000     3.5733     3.5720   3.221487   3.221517     2.3567    -0.3913     0.3726    34.8757 6.7403e+02    314.763    34.8769    34.8786     6.4572    1469.88    27.7339    27.7355 0.0000e+00
    319.000     3.5980     3.5960   3.224362   3.224078     2.3566    -0.3884     0.3726    34.8799 6.7064e+02    315.752    34.8844    34.8831     6.4532    1470.01    27.7375    27.7367 0.0000e+00
    320.000     3.6081     3.6092   3.225005   3.225333     2.3557    -0.3898     0.3726    34.8797 6.6638e+02    316.741    34.8807    34.8835     6.4493    1470.07    27.7336    27.7357 0.0000e+00
    321.000     3.5959     3.5972   3.223784   3.224138     2.3545    -0.3670     0.3726    34.8787 6.6613e+02    317.730    34.8786    34.8814     6.4481    1470.03    27.7331    27.7352 0.0000e+00
    322.000     3.5929     3.5903   3.223867   3.223582     2.3548    -0.3864     0.3726    34.8797 6.7237e+02    318.719    34.8822    34.8816     6.4504    1470.04    27.7363    27.7361 0.0000e+00
    323.000     3.6255     3.6201   3.227083   3.226735     2.3551    -0.3710     0.3764    34.8834 6.7616e+02    319.708    34.8855    34.8871     6.4463    1470.20    27.7357    27.7375 0.0000e+00
    324.000     3.6238     3.6242   3.226712   3.227022     2.3541    -0.3816     0.3722    34.8824 6.7643e+02    320.697    34.8823    34.8856     6.4442    1470.20    27.7333    27.7359 0.0000e+00
