Ship_data/Irminger/Irminger-5/ctd/process/dar30-03016.cnv
* Sea-Bird SBE 9 Data File:
* FileName = D:\Data\ar30-03016.hdr
* Software Version Seasave V 7.23.2
* Temperature SN = 4312
* Conductivity SN = 2148
* Number of Bytes Per Scan = 44
* Number of Voltage Words = 5
* Number of Scans Averaged by the Deck Unit = 1
* NMEA Latitude = 59 52.71 N
* NMEA Longitude = 041 08.31 W
* NMEA UTC (Time) = Jun 17 2018  12:01:00
** Cruise ID: ar30-03
** Chief Sci: Macdonald
** Station #: 016
** Site ID: Irminger 5 OSNAP M1
** cast at osnap mooring M1
# nquan = 18
# nvalues = 2072                        
# units = specified
# name 0 = prDM: Pressure, Digiquartz [db]
# name 1 = t090C: Temperature [ITS-90, deg C]
# name 2 = t190C: Temperature, 2 [ITS-90, deg C]
# name 3 = c0S/m: Conductivity [S/m]
# name 4 = c1S/m: Conductivity, 2 [S/m]
# name 5 = sbeox0V: Oxygen raw, SBE 43 [V]
# name 6 = flECO-AFL: Fluorescence, WET Labs ECO-AFL/FL [mg/m^3]
# name 7 = turbWETntu0: Turbidity, WET Labs ECO [NTU]
# name 8 = sal00: Salinity, Practical [PSU]
# name 9 = spar: SPAR/Surface Irradiance
# name 10 = depSM: Depth [salt water, m], lat = 59.8785
# name 11 = sal00: Salinity, Practical [PSU]
# name 12 = sal11: Salinity, Practical, 2 [PSU]
# name 13 = sbeox0ML/L: Oxygen, SBE 43 [ml/l], WS = 2
# name 14 = svCM: Sound Velocity [Chen-Millero, m/s]
# name 15 = sigma-é00: Density [sigma-theta, kg/m^3]
# name 16 = sigma-é11: Density, 2 [sigma-theta, kg/m^3]
# name 17 = flag: flag
# span 0 =      4.000,   2075.000       
# span 1 =     2.1683,     6.3118       
# span 2 =     2.1688,     6.3128       
# span 3 =   3.171278,   3.446223       
# span 4 =   3.171386,   3.446704       
# span 5 =     1.8912,     2.9716       
# span 6 =    -0.4182,    18.3218       
# span 7 =     0.3433,     0.7165       
# span 8 =    34.7858,    34.9265       
# span 9 = 1.3062e+03, 2.9526e+03       
# span 10 =      3.962,   2045.317      
# span 11 =    34.7858,    34.9263      
# span 12 =    34.7901,    34.9271      
# span 13 =     5.9640,     7.6998      
# span 14 =    1473.13,    1493.10      
# span 15 =    27.3431,    27.8804      
# span 16 =    27.3464,    27.8807      
# span 17 = 0.0000e+00, 0.0000e+00      
# interval = decibars: 1                
# start_time = Jun 17 2018 12:01:00 [System UTC, first data scan.]
# bad_flag = -9.990e-29
*END*
[from data line 322]
    326.000     4.4861     4.4862   3.306330   3.306538     2.3089    -0.3828     0.3726    34.9108 1.8856e+03    322.675    34.9100    34.9123     6.1442    1473.86    27.6650    27.6669 0.0000e+00
    327.000     4.4844     4.4842   3.306241   3.306409     2.3088    -0.3725     0.3755    34.9108 1.8779e+03    323.664    34.9102    34.9124     6.1448    1473.87    27.6654    27.6671 0.0000e+00
    328.000     4.4837     4.4835   3.306234   3.306405     2.3081    -0.3639     0.3767    34.9108 1.8656e+03    324.653    34.9103    34.9125     6.1434    1473.88    27.6655    27.6673 0.0000e+00
    329.000     4.4833     4.4830   3.306243   3.306408     2.3079    -0.3855     0.3725    34.9109 1.8501e+03    325.642    34.9103    34.9126     6.1435    1473.90    27.6656    27.6674 0.0000e+00
    330.000     4.4825     4.4823   3.306222   3.306390     2.3077    -0.3649     0.3774    34.9108 1.8358e+03    326.631    34.9104    34.9126     6.1438    1473.91    27.6657    27.6675 0.0000e+00
    331.000     4.4819     4.4816   3.306206   3.306378     2.3071    -0.3619     0.3740    34.9108 1.8223e+03    327.620    34.9103    34.9126     6.1427    1473.93    27.6658    27.6676 0.0000e+00
    332.000     4.4818     4.4816   3.306251   3.306416     2.3070    -0.3632     0.3729    34.9107 1.8107e+03    328.609    34.9104    34.9125     6.1433    1473.94    27.6658    27.6675 0.0000e+00
    333.000     4.4820     4.4817   3.306300   3.306463     2.3068    -0.3611     0.3727    34.9106 1.8087e+03    329.598    34.9103    34.9125     6.1431    1473.96    27.6658    27.6675 0.0000e+00
    334.000     4.4820     4.4819   3.306352   3.306527     2.3065    -0.3783     0.3710    34.9105 1.8303e+03    330.587    34.9103    34.9125     6.1431    1473.98    27.6658    27.6675 0.0000e+00
    335.000     4.4814     4.4814   3.306343   3.306530     2.3065    -0.3615     0.3741    34.9106 1.8621e+03    331.576    34.9104    34.9126     6.1440    1473.99    27.6659    27.6676 0.0000e+00
    336.000     4.4813     4.4810   3.306383   3.306539     2.3061    -0.3690     0.3685    34.9106 1.8773e+03    332.565    34.9104    34.9126     6.1432    1474.01    27.6660    27.6677 0.0000e+00
    337.000     4.4812     4.4810   3.306419   3.306590     2.3054    -0.3858     0.3691    34.9105 1.8826e+03    333.554    34.9104    34.9126     6.1419    1474.02    27.6659    27.6678 0.0000e+00
    338.000     4.4805     4.4804   3.306417   3.306584     2.3059    -0.3851     0.3776    34.9107 1.8800e+03    334.543    34.9105    34.9126     6.1443    1474.04    27.6661    27.6678 0.0000e+00
    339.000     4.4804     4.4801   3.306459   3.306611     2.3055    -0.3687     0.3741    34.9107 1.8757e+03    335.532    34.9106    34.9127     6.1439    1474.05    27.6663    27.6679 0.0000e+00
    340.000     4.4805     4.4803   3.306508   3.306676     2.3060    -0.3651     0.3711    34.9107 1.8738e+03    336.521    34.9106    34.9128     6.1464    1474.07    27.6662    27.6680 0.0000e+00
    341.000     4.4806     4.4805   3.306566   3.306727     2.3052    -0.3638     0.3702    34.9107 1.8714e+03    337.510    34.9106    34.9127     6.1445    1474.08    27.6662    27.6679 0.0000e+00
    342.000     4.4808     4.4807   3.306625   3.306788     2.3045    -0.3675     0.3695    34.9106 1.8816e+03    338.499    34.9106    34.9126     6.1428    1474.10    27.6662    27.6678 0.0000e+00
    343.000     4.4808     4.4806   3.306682   3.306847     2.3042    -0.3612     0.3719    34.9107 1.9207e+03    339.488    34.9107    34.9128     6.1426    1474.12    27.6663    27.6680 0.0000e+00
    344.000     4.4809     4.4807   3.306748   3.306911     2.3042    -0.3762     0.3727    34.9108 1.9403e+03    340.477    34.9108    34.9130     6.1435    1474.14    27.6664    27.6681 0.0000e+00
    345.000     4.4810     4.4808   3.306803   3.306967     2.3037    -0.3828     0.3726    34.9109 1.9555e+03    341.465    34.9109    34.9130     6.1424    1474.15    27.6664    27.6682 0.0000e+00
    346.000     4.4810     4.4808   3.306850   3.307004     2.3035    -0.3635     0.3696    34.9109 1.9690e+03    342.454    34.9109    34.9129     6.1424    1474.17    27.6665    27.6681 0.0000e+00
    347.000     4.4812     4.4810   3.306902   3.307071     2.3030    -0.3578     0.3692    34.9108 1.9884e+03    343.443    34.9108    34.9129     6.1417    1474.19    27.6663    27.6681 0.0000e+00
    348.000     4.4813     4.4811   3.306954   3.307121     2.3030    -0.3649     0.3685    34.9108 2.0269e+03    344.432    34.9108    34.9129     6.1424    1474.20    27.6663    27.6680 0.0000e+00
    349.000     4.4807     4.4805   3.306983   3.307151     2.3026    -0.3761     0.3742    34.9112 2.0788e+03    345.421    34.9112    34.9133     6.1419    1474.22    27.6667    27.6685 0.0000e+00
    350.000     4.4801     4.4799   3.307023   3.307184     2.3025    -0.3840     0.3739    34.9117 2.1174e+03    346.410    34.9117    34.9138     6.1423    1474.23    27.6672    27.6689 0.0000e+00
    351.000     4.4807     4.4805   3.307152   3.307316     2.3027    -0.3682     0.3726    34.9120 2.1292e+03    347.399    34.9121    34.9142     6.1439    1474.25    27.6675    27.6692 0.0000e+00
    352.000     4.4815     4.4812   3.307336   3.307464     2.3030    -0.3649     0.3711    34.9127 2.1103e+03    348.388    34.9129    34.9147     6.1454    1474.27    27.6680    27.6695 0.0000e+00
    353.000     4.4828     4.4825   3.307572   3.307700     2.3031    -0.3799     0.3718    34.9134 2.0556e+03    349.377    34.9138    34.9156     6.1462    1474.29    27.6686    27.6701 0.0000e+00
    354.000     4.4858     4.4855   3.308063   3.308188     2.3039    -0.3825     0.3726    34.9155 1.9724e+03    350.366    34.9158    34.9176     6.1494    1474.33    27.6699    27.6713 0.0000e+00
    355.000     4.4865     4.4863   3.308245   3.308406     2.3043    -0.3644     0.3726    34.9165 1.9090e+03    351.355    34.9167    34.9188     6.1512    1474.35    27.6705    27.6722 0.0000e+00
    356.000     4.4842     4.4839   3.308096   3.308285     2.3043    -0.3620     0.3729    34.9171 1.8881e+03    352.343    34.9168    34.9193     6.1523    1474.35    27.6709    27.6729 0.0000e+00
    357.000     4.4795     4.4792   3.307721   3.307912     2.3043    -0.3843     0.3729    34.9174 1.8852e+03    353.332    34.9169    34.9195     6.1539    1474.35    27.6714    27.6735 0.0000e+00
    358.000     4.4767     4.4765   3.307561   3.307725     2.3043    -0.3821     0.3713    34.9178 1.8947e+03    354.321    34.9174    34.9196     6.1552    1474.36    27.6722    27.6739 0.0000e+00
    359.000     4.4737     4.4731   3.307298   3.307436     2.3041    -0.3663     0.3692    34.9175 1.9150e+03    355.310    34.9169    34.9193     6.1558    1474.36    27.6722    27.6741 0.0000e+00
    360.000     4.4714     4.4712   3.307151   3.307313     2.3040    -0.3643     0.3748    34.9176 1.9432e+03    356.299    34.9172    34.9193     6.1568    1474.37    27.6726    27.6743 0.0000e+00
    361.000     4.4683     4.4678   3.306887   3.307046     2.3041    -0.3636     0.3704    34.9175 1.9785e+03    357.288    34.9168    34.9192     6.1582    1474.37    27.6727    27.6746 0.0000e+00
    362.000     4.4558     4.4541   3.305651   3.305774     2.3041    -0.3815     0.3726    34.9165 1.9830e+03    358.277    34.9150    34.9182     6.1611    1474.33    27.6726    27.6754 0.0000e+00
    363.000     4.4483     4.4483   3.305108   3.305291     2.3043    -0.3697     0.3728    34.9168 1.9773e+03    359.265    34.9160    34.9181     6.1639    1474.32    27.6742    27.6759 0.0000e+00
    364.000     4.4468     4.4471   3.305025   3.305232     2.3044    -0.3871     0.3724    34.9167 1.9783e+03    360.254    34.9160    34.9181     6.1653    1474.33    27.6744    27.6761 0.0000e+00
    365.000     4.4464     4.4461   3.305033   3.305192     2.3048    -0.3621     0.3687    34.9166 1.9895e+03    361.243    34.9160    34.9182     6.1675    1474.34    27.6745    27.6762 0.0000e+00
    366.000     4.4461     4.4459   3.305055   3.305226     2.3046    -0.3456     0.3687    34.9166 2.0056e+03    362.232    34.9160    34.9183     6.1677    1474.36    27.6745    27.6763 0.0000e+00
    367.000     4.4457     4.4454   3.305066   3.305227     2.3044    -0.3636     0.3705    34.9166 2.0206e+03    363.221    34.9161    34.9182     6.1678    1474.38    27.6746    27.6764 0.0000e+00
    368.000     4.4459     4.4454   3.305132   3.305261     2.3043    -0.3869     0.3728    34.9165 2.0354e+03    364.210    34.9161    34.9181     6.1683    1474.39    27.6746    27.6763 0.0000e+00
    369.000     4.4462     4.4459   3.305212   3.305354     2.3043    -0.3696     0.3726    34.9165 2.0479e+03    365.198    34.9162    34.9182     6.1691    1474.41    27.6747    27.6763 0.0000e+00
    370.000     4.4464     4.4464   3.305280   3.305439     2.3043    -0.3835     0.3726    34.9165 2.0573e+03    366.187    34.9162    34.9181     6.1698    1474.43    27.6747    27.6762 0.0000e+00
    371.000     4.4472     4.4469   3.305392   3.305537     2.3043    -0.3752     0.3726    34.9164 2.0518e+03    367.176    34.9162    34.9182     6.1704    1474.45    27.6746    27.6762 0.0000e+00
    372.000     4.4474     4.4467   3.305425   3.305551     2.3034    -0.3743     0.3797    34.9162 2.0348e+03    368.165    34.9158    34.9180     6.1682    1474.46    27.6743    27.6761 0.0000e+00
    373.000     4.4412     4.4405   3.304895   3.305043     2.3031    -0.3650     0.3789    34.9162 2.0199e+03    369.154    34.9157    34.9181     6.1689    1474.45    27.6748    27.6769 0.0000e+00
    374.000     4.4399     4.4401   3.304849   3.305043     2.3026    -0.3661     0.3726    34.9163 2.0291e+03    370.143    34.9160    34.9180     6.1682    1474.47    27.6752    27.6769 0.0000e+00
    375.000     4.4389     4.4387   3.304784   3.304955     2.3021    -0.3649     0.3700    34.9163 2.0644e+03    371.131    34.9157    34.9180     6.1675    1474.48    27.6751    27.6770 0.0000e+00
    376.000     4.4361     4.4355   3.304592   3.304729     2.3009    -0.3744     0.3703    34.9164 2.1147e+03    372.120    34.9159    34.9181     6.1647    1474.48    27.6756    27.6774 0.0000e+00
    377.000     4.4330     4.4326   3.304364   3.304517     2.3003    -0.3753     0.3727    34.9167 2.1727e+03    373.109    34.9159    34.9181     6.1638    1474.49    27.6760    27.6778 0.0000e+00
    378.000     4.4298     4.4297   3.304125   3.304306     2.2995    -0.3499     0.3733    34.9165 2.2265e+03    374.098    34.9160    34.9183     6.1623    1474.49    27.6764    27.6782 0.0000e+00
    379.000     4.4291     4.4290   3.304120   3.304281     2.2992    -0.3648     0.3774    34.9165 2.2817e+03    375.086    34.9161    34.9181     6.1624    1474.50    27.6766    27.6782 0.0000e+00
    380.000     4.4275     4.4275   3.304005   3.304197     2.2983    -0.3620     0.3772    34.9165 2.3517e+03    376.075    34.9160    34.9182     6.1602    1474.51    27.6766    27.6784 0.0000e+00
    381.000     4.4214     4.4214   3.303404   3.303651     2.2978    -0.3514     0.3726    34.9161 2.4327e+03    377.064    34.9148    34.9177     6.1605    1474.50    27.6764    27.6787 0.0000e+00
    382.000     4.4123     4.4128   3.302652   3.302888     2.2973    -0.3658     0.3726    34.9159 2.4868e+03    378.053    34.9150    34.9172     6.1609    1474.48    27.6776    27.6793 0.0000e+00
    383.000     4.4117     4.4116   3.302665   3.302820     2.2971    -0.3754     0.3712    34.9158 2.5102e+03    379.041    34.9153    34.9172     6.1612    1474.50    27.6778    27.6793 0.0000e+00
    384.000     4.4121     4.4119   3.302742   3.302902     2.2963    -0.3844     0.3681    34.9158 2.5122e+03    380.030    34.9152    34.9173     6.1592    1474.51    27.6777    27.6794 0.0000e+00
    385.000     4.4113     4.4111   3.302673   3.302843     2.2953    -0.3737     0.3687    34.9156 2.4946e+03    381.019    34.9148    34.9170     6.1566    1474.53    27.6775    27.6793 0.0000e+00
    386.000     4.4085     4.4079   3.302459   3.302569     2.2946    -0.3776     0.3710    34.9151 2.4701e+03    382.008    34.9147    34.9166     6.1555    1474.53    27.6778    27.6793 0.0000e+00
    387.000     4.4076     4.4066   3.302392   3.302474     2.2946    -0.3655     0.3703    34.9149 2.4448e+03    382.996    34.9143    34.9163     6.1564    1474.54    27.6775    27.6792 0.0000e+00
    388.000     4.4065     4.4063   3.302344   3.302495     2.2942    -0.3766     0.3684    34.9148 2.4250e+03    383.985    34.9143    34.9164     6.1561    1474.56    27.6777    27.6793 0.0000e+00
    389.000     4.4054     4.4052   3.302289   3.302457     2.2935    -0.3792     0.3695    34.9148 2.4096e+03    384.974    34.9144    34.9166     6.1548    1474.57    27.6779    27.6796 0.0000e+00
    390.000     4.4048     4.4045   3.302325   3.302471     2.2934    -0.3628     0.3697    34.9153 2.4070e+03    385.963    34.9149    34.9169     6.1551    1474.58    27.6784    27.6800 0.0000e+00
    391.000     4.4040     4.4038   3.302272   3.302443     2.2934    -0.3454     0.3685    34.9152 2.4315e+03    386.951    34.9146    34.9168     6.1560    1474.60    27.6782    27.6800 0.0000e+00
    392.000     4.4024     4.4022   3.302222   3.302366     2.2930    -0.3791     0.3761    34.9155 2.4975e+03    387.940    34.9152    34.9171     6.1559    1474.61    27.6788    27.6804 0.0000e+00
    393.000     4.4022     4.4020   3.302279   3.302428     2.2930    -0.3631     0.3724    34.9158 2.5733e+03    388.929    34.9155    34.9175     6.1566    1474.62    27.6791    27.6807 0.0000e+00
    394.000     4.4020     4.4018   3.302312   3.302460     2.2928    -0.3678     0.3690    34.9158 2.6114e+03    389.917    34.9156    34.9176     6.1568    1474.64    27.6792    27.6808 0.0000e+00
    395.000     4.4022     4.4020   3.302396   3.302540     2.2926    -0.3634     0.3684    34.9159 2.6319e+03    390.906    34.9158    34.9177     6.1568    1474.66    27.6794    27.6810 0.0000e+00
    396.000     4.4023     4.4022   3.302446   3.302592     2.2922    -0.3705     0.3719    34.9159 2.6396e+03    391.895    34.9157    34.9176     6.1563    1474.67    27.6793    27.6808 0.0000e+00
    397.000     4.4015     4.4014   3.302387   3.302558     2.2922    -0.3649     0.3726    34.9158 2.6364e+03    392.884    34.9154    34.9175     6.1570    1474.68    27.6792    27.6808 0.0000e+00
    398.000     4.4012     4.3982   3.302411   3.302316     2.2919    -0.3644     0.3714    34.9156 2.6178e+03    393.872    34.9154    34.9176     6.1570    1474.70    27.6792    27.6812 0.0000e+00
    399.000     4.3953     4.3952   3.301944   3.302118     2.2910    -0.3055     0.3778    34.9160 2.5924e+03    394.861    34.9157    34.9178     6.1558    1474.69    27.6801    27.6818 0.0000e+00
    400.000     4.3945     4.3943   3.301939   3.302094     2.2910    -0.3455     0.3724    34.9162 2.5816e+03    395.850    34.9160    34.9179     6.1566    1474.71    27.6804    27.6820 0.0000e+00
    401.000     4.3946     4.3944   3.301973   3.302137     2.2907    -0.3564     0.3715    34.9162 2.5740e+03    396.838    34.9157    34.9178     6.1562    1474.72    27.6802    27.6819 0.0000e+00
    402.000     4.3907     4.3906   3.301475   3.301786     2.2899    -0.3944     0.3678    34.9154 2.5676e+03    397.827    34.9135    34.9172     6.1550    1474.72    27.6788    27.6818 0.0000e+00
    403.000     4.3820     4.3818   3.300771   3.301031     2.2897    -0.3771     0.3684    34.9156 2.5616e+03    398.816    34.9138    34.9171     6.1567    1474.70    27.6801    27.6827 0.0000e+00
    404.000     4.3703     4.3692   3.299717   3.299871     2.2897    -0.3672     0.3691    34.9152 2.5585e+03    399.804    34.9133    34.9162     6.1594    1474.67    27.6809    27.6834 0.0000e+00
    405.000     4.3604     4.3598   3.298907   3.299070     2.2905    -0.3666     0.3725    34.9153 2.5705e+03    400.793    34.9137    34.9162     6.1644    1474.64    27.6823    27.6844 0.0000e+00
