Ship_data/Irminger/Irminger-5/ctd/process/dar30-03008.cnv
* Sea-Bird SBE 9 Data File:
* FileName = D:\Data\ar30-03008.hdr
* Software Version Seasave V 7.23.2
* Temperature SN = 4312
* Conductivity SN = 2148
* Number of Bytes Per Scan = 44
* Number of Voltage Words = 5
* Number of Scans Averaged by the Deck Unit = 1
* NMEA Latitude = 59 43.05 N
* NMEA Longitude = 039 20.61 W
* NMEA UTC (Time) = Jun 11 2018  15:14:36
** Cruise ID: ar30-03
** Chief Sci: Macdonald
** Station #: 008
** Site ID: Irminger 5 FLMB
** ctd cast at FLMB with bottom release testing
# nquan = 18
# nvalues = 2837                        
# units = specified
# name 0 = prDM: Pressure, Digiquartz [db]
# name 1 = t090C: Temperature [ITS-90, deg C]
# name 2 = t190C: Temperature, 2 [ITS-90, deg C]
# name 3 = c0S/m: Conductivity [S/m]
# name 4 = c1S/m: Conductivity, 2 [S/m]
# name 5 = sbeox0V: Oxygen raw, SBE 43 [V]
# name 6 = flECO-AFL: Fluorescence, WET Labs ECO-AFL/FL [mg/m^3]
# name 7 = turbWETntu0: Turbidity, WET Labs ECO [NTU]
# name 8 = sal00: Salinity, Practical [PSU]
# name 9 = spar: SPAR/Surface Irradiance
# name 10 = depSM: Depth [salt water, m], lat = 59.7175
# name 11 = sal00: Salinity, Practical [PSU]
# name 12 = sal11: Salinity, Practical, 2 [PSU]
# name 13 = sbeox0ML/L: Oxygen, SBE 43 [ml/l], WS = 2
# name 14 = svCM: Sound Velocity [Chen-Millero, m/s]
# name 15 = sigma-é00: Density [sigma-theta, kg/m^3]
# name 16 = sigma-é11: Density, 2 [sigma-theta, kg/m^3]
# name 17 = flag: flag
# span 0 =      4.000,   2840.000       
# span 1 =     1.4483,     5.9051       
# span 2 =     1.4492,     5.9047       
# span 3 =   3.136254,   3.417254       
# span 4 =   3.136315,   3.417356       
# span 5 =     1.5267,     2.7875       
# span 6 =    -0.4345,     6.0453       
# span 7 =     0.3433,     0.6512       
# span 8 =    34.8689,    34.9313       
# span 9 = 4.8529e+02, 7.0268e+02       
# span 10 =      3.962,   2794.432      
# span 11 =    34.8678,    34.9307      
# span 12 =    34.8696,    34.9330      
# span 13 =     5.2605,     7.1960      
# span 14 =    1472.40,    1502.91      
# span 15 =    27.4614,    27.9374      
# span 16 =    27.4631,    27.9371      
# span 17 = 0.0000e+00, 0.0000e+00      
# interval = decibars: 1                
# start_time = Jun 11 2018 15:14:36 [System UTC, first data scan.]
# bad_flag = -9.990e-29
*END*
[from data line 2332]
   2336.000     2.7465     2.7468   3.235733   3.235817     1.8221    -0.3734     0.3534    34.9042 5.6294e+02   2301.209    34.9034    34.9040     6.1124    1500.00    27.8469    27.8474 0.0000e+00
   2337.000     2.7428     2.7437   3.235477   3.235569     1.8225    -0.3873     0.3576    34.9044 5.6110e+02   2302.189    34.9038    34.9039     6.1161    1500.00    27.8476    27.8476 0.0000e+00
   2338.000     2.7403     2.7414   3.235311   3.235394     1.8227    -0.3915     0.3543    34.9045 5.5823e+02   2303.169    34.9040    34.9038     6.1179    1500.00    27.8480    27.8477 0.0000e+00
   2339.000     2.7373     2.7383   3.235042   3.235164     1.8221    -0.3725     0.3573    34.9043 5.5599e+02   2304.148    34.9035    34.9038     6.1166    1500.01    27.8478    27.8480 0.0000e+00
   2340.000     2.7343     2.7351   3.234852   3.234926     1.8221    -0.3721     0.3502    34.9044 5.5487e+02   2305.128    34.9039    34.9039     6.1180    1500.01    27.8484    27.8483 0.0000e+00
   2341.000     2.7336     2.7343   3.234828   3.234887     1.8221    -0.3847     0.3533    34.9044 5.5452e+02   2306.108    34.9039    34.9038     6.1189    1500.02    27.8485    27.8484 0.0000e+00
   2342.000     2.7332     2.7339   3.234837   3.234893     1.8220    -0.3815     0.3540    34.9044 5.5485e+02   2307.087    34.9039    34.9039     6.1193    1500.04    27.8485    27.8484 0.0000e+00
   2343.000     2.7298     2.7305   3.234523   3.234615     1.8219    -0.3697     0.3542    34.9041 5.5561e+02   2308.067    34.9033    34.9036     6.1203    1500.04    27.8483    27.8485 0.0000e+00
   2344.000     2.7240     2.7245   3.234018   3.234100     1.8213    -0.3704     0.3578    34.9039 5.5551e+02   2309.047    34.9029    34.9033     6.1191    1500.03    27.8485    27.8488 0.0000e+00
   2345.000     2.7187     2.7194   3.233613   3.233683     1.8211    -0.3685     0.3545    34.9041 5.5319e+02   2310.027    34.9031    34.9032     6.1198    1500.03    27.8492    27.8492 0.0000e+00
   2346.000     2.7163     2.7170   3.233461   3.233516     1.8209    -0.3731     0.3557    34.9040 5.5083e+02   2311.006    34.9034    34.9033     6.1204    1500.03    27.8496    27.8495 0.0000e+00
   2347.000     2.7156     2.7163   3.233426   3.233487     1.8209    -0.3713     0.3572    34.9039 5.4900e+02   2311.986    34.9032    34.9032     6.1214    1500.05    27.8495    27.8494 0.0000e+00
   2348.000     2.7153     2.7159   3.233441   3.233489     1.8209    -0.3783     0.3539    34.9038 5.4838e+02   2312.966    34.9032    34.9032     6.1223    1500.06    27.8496    27.8495 0.0000e+00
   2349.000     2.7145     2.7152   3.233400   3.233451     1.8209    -0.3943     0.3572    34.9037 5.4891e+02   2313.945    34.9031    34.9030     6.1230    1500.08    27.8495    27.8494 0.0000e+00
   2350.000     2.7117     2.7124   3.233210   3.233256     1.8210    -0.3733     0.3581    34.9038 5.5034e+02   2314.925    34.9033    34.9032     6.1247    1500.08    27.8499    27.8498 0.0000e+00
   2351.000     2.7114     2.7120   3.233195   3.233252     1.8210    -0.3732     0.3539    34.9036 5.5007e+02   2315.905    34.9030    34.9030     6.1256    1500.10    27.8498    27.8497 0.0000e+00
   2352.000     2.7079     2.7086   3.232893   3.232984     1.8208    -0.3721     0.3539    34.9034 5.5081e+02   2316.884    34.9026    34.9030     6.1261    1500.10    27.8497    27.8500 0.0000e+00
   2353.000     2.7058     2.7066   3.232793   3.232855     1.8208    -0.3720     0.3551    34.9036 5.5231e+02   2317.864    34.9031    34.9030     6.1272    1500.11    27.8503    27.8502 0.0000e+00
   2354.000     2.7057     2.7061   3.232808   3.232831     1.8207    -0.3769     0.3575    34.9035 5.5283e+02   2318.844    34.9030    34.9029     6.1279    1500.12    27.8503    27.8501 0.0000e+00
   2355.000     2.7050     2.7057   3.232775   3.232836     1.8209    -0.3876     0.3539    34.9033 5.5246e+02   2319.823    34.9028    34.9029     6.1296    1500.14    27.8502    27.8501 0.0000e+00
   2356.000     2.7005     2.7012   3.232364   3.232461     1.8205    -0.3685     0.3553    34.9031 5.5050e+02   2320.803    34.9022    34.9026     6.1294    1500.13    27.8500    27.8503 0.0000e+00
   2357.000     2.6964     2.6973   3.232049   3.232156     1.8199    -0.3709     0.3521    34.9031 5.5111e+02   2321.783    34.9023    34.9026     6.1279    1500.13    27.8505    27.8507 0.0000e+00
   2358.000     2.6901     2.6913   3.231485   3.231634     1.8198    -0.3820     0.3505    34.9029 5.5597e+02   2322.762    34.9017    34.9022     6.1297    1500.12    27.8506    27.8509 0.0000e+00
   2359.000     2.6848     2.6853   3.231109   3.231149     1.8198    -0.3827     0.3535    34.9030 5.5916e+02   2323.742    34.9024    34.9023     6.1313    1500.12    27.8516    27.8514 0.0000e+00
   2360.000     2.6846     2.6849   3.231123   3.231155     1.8198    -0.3751     0.3553    34.9030 5.5919e+02   2324.722    34.9022    34.9023     6.1321    1500.13    27.8515    27.8515 0.0000e+00
   2361.000     2.6822     2.6822   3.230890   3.230926     1.8198    -0.3940     0.3557    34.9027 5.5908e+02   2325.701    34.9016    34.9020     6.1334    1500.14    27.8511    27.8515 0.0000e+00
   2362.000     2.6793     2.6797   3.230709   3.230748     1.8198    -0.3710     0.3579    34.9026 5.5963e+02   2326.681    34.9020    34.9020     6.1348    1500.14    27.8517    27.8517 0.0000e+00
   2363.000     2.6782     2.6788   3.230657   3.230695     1.8198    -0.3834     0.3547    34.9026 5.6250e+02   2327.661    34.9020    34.9018     6.1355    1500.16    27.8519    27.8516 0.0000e+00
   2364.000     2.6753     2.6756   3.230382   3.230449     1.8197    -0.3857     0.3538    34.9023 5.6264e+02   2328.640    34.9013    34.9018     6.1363    1500.16    27.8516    27.8519 0.0000e+00
   2365.000     2.6721     2.6722   3.230177   3.230194     1.8189    -0.3835     0.3545    34.9025 5.6168e+02   2329.620    34.9018    34.9018     6.1342    1500.16    27.8522    27.8522 0.0000e+00
   2366.000     2.6709     2.6718   3.230113   3.230193     1.8186    -0.3728     0.3552    34.9024 5.5987e+02   2330.599    34.9018    34.9018     6.1338    1500.18    27.8523    27.8522 0.0000e+00
   2367.000     2.6703     2.6710   3.230083   3.230155     1.8186    -0.3721     0.3542    34.9023 5.5993e+02   2331.579    34.9016    34.9017     6.1345    1500.19    27.8522    27.8523 0.0000e+00
   2368.000     2.6677     2.6682   3.229864   3.229928     1.8186    -0.3723     0.3557    34.9021 5.6158e+02   2332.559    34.9013    34.9015     6.1358    1500.19    27.8522    27.8523 0.0000e+00
   2369.000     2.6642     2.6649   3.229607   3.229662     1.8188    -0.3830     0.3578    34.9021 5.6641e+02   2333.538    34.9014    34.9014     6.1381    1500.20    27.8526    27.8525 0.0000e+00
   2370.000     2.6632     2.6639   3.229566   3.229623     1.8189    -0.3752     0.3547    34.9020 5.7100e+02   2334.518    34.9015    34.9014     6.1396    1500.21    27.8528    27.8526 0.0000e+00
   2371.000     2.6626     2.6632   3.229540   3.229585     1.8192    -0.3772     0.3551    34.9018 5.7037e+02   2335.497    34.9013    34.9013     6.1418    1500.22    27.8527    27.8526 0.0000e+00
   2372.000     2.6599     2.6603   3.229324   3.229368     1.8190    -0.3937     0.3580    34.9018 5.6723e+02   2336.477    34.9011    34.9012     6.1425    1500.23    27.8527    27.8528 0.0000e+00
   2373.000     2.6560     2.6566   3.229012   3.229079     1.8188    -0.3929     0.3568    34.9018 5.6631e+02   2337.457    34.9010    34.9012     6.1431    1500.23    27.8530    27.8531 0.0000e+00
   2374.000     2.6523     2.6528   3.228696   3.228771     1.8187    -0.3916     0.3539    34.9017 5.6655e+02   2338.436    34.9006    34.9010     6.1440    1500.23    27.8530    27.8533 0.0000e+00
   2375.000     2.6444     2.6443   3.227947   3.228019     1.8186    -0.3938     0.3580    34.9013 5.6643e+02   2339.416    34.8996    34.9005     6.1456    1500.21    27.8529    27.8536 0.0000e+00
   2376.000     2.6389     2.6395   3.227597   3.227654     1.8187    -0.3674     0.3554    34.9017 5.6728e+02   2340.395    34.9007    34.9008     6.1480    1500.21    27.8543    27.8543 0.0000e+00
   2377.000     2.6381     2.6388   3.227572   3.227623     1.8188    -0.3663     0.3553    34.9016 5.6703e+02   2341.375    34.9007    34.9007     6.1490    1500.22    27.8543    27.8542 0.0000e+00
   2378.000     2.6363     2.6368   3.227429   3.227474     1.8187    -0.3933     0.3558    34.9014 5.6465e+02   2342.354    34.9005    34.9005     6.1499    1500.23    27.8543    27.8543 0.0000e+00
   2379.000     2.6336     2.6342   3.227223   3.227276     1.8188    -0.3938     0.3571    34.9013 5.6178e+02   2343.334    34.9004    34.9004     6.1516    1500.23    27.8545    27.8545 0.0000e+00
   2380.000     2.6276     2.6283   3.226667   3.226781     1.8188    -0.3938     0.3551    34.9009 5.6181e+02   2344.313    34.8996    34.9003     6.1535    1500.22    27.8543    27.8548 0.0000e+00
   2381.000     2.6224     2.6225   3.226273   3.226300     1.8185    -0.3938     0.3581    34.9010 5.6192e+02   2345.293    34.8999    34.9001     6.1538    1500.22    27.8550    27.8552 0.0000e+00
   2382.000     2.6171     2.6176   3.225783   3.225889     1.8186    -0.3769     0.3580    34.9008 5.6059e+02   2346.272    34.8992    34.8999     6.1562    1500.21    27.8549    27.8555 0.0000e+00
   2383.000     2.6125     2.6133   3.225485   3.225548     1.8187    -0.3846     0.3585    34.9009 5.5812e+02   2347.252    34.9000    34.8998     6.1581    1500.21    27.8560    27.8558 0.0000e+00
   2384.000     2.6116     2.6127   3.225445   3.225535     1.8186    -0.3820     0.3590    34.9009 5.5615e+02   2348.232    34.9000    34.8999     6.1586    1500.22    27.8560    27.8558 0.0000e+00
   2385.000     2.6049     2.6043   3.224790   3.224787     1.8179    -0.3628     0.3570    34.9004 5.5497e+02   2349.211    34.8987    34.8994     6.1573    1500.21    27.8556    27.8562 0.0000e+00
   2386.000     2.5977     2.5982   3.224215   3.224290     1.8176    -0.3866     0.3562    34.9004 5.5473e+02   2350.191    34.8989    34.8994     6.1581    1500.20    27.8564    27.8567 0.0000e+00
   2387.000     2.5928     2.5933   3.223850   3.223899     1.8176    -0.3732     0.3582    34.9004 5.5372e+02   2351.170    34.8993    34.8993     6.1598    1500.19    27.8571    27.8570 0.0000e+00
   2388.000     2.5918     2.5924   3.223811   3.223860     1.8176    -0.3733     0.3594    34.9005 5.5338e+02   2352.150    34.8994    34.8993     6.1609    1500.20    27.8573    27.8571 0.0000e+00
   2389.000     2.5883     2.5885   3.223487   3.223528     1.8176    -0.3726     0.3622    34.9001 5.5409e+02   2353.129    34.8987    34.8990     6.1624    1500.21    27.8570    27.8572 0.0000e+00
   2390.000     2.5855     2.5861   3.223310   3.223360     1.8177    -0.3732     0.3567    34.9001 5.5389e+02   2354.109    34.8991    34.8991     6.1637    1500.21    27.8576    27.8575 0.0000e+00
   2391.000     2.5840     2.5845   3.223230   3.223269     1.8181    -0.3728     0.3542    34.8999 5.4980e+02   2355.088    34.8993    34.8992     6.1666    1500.22    27.8578    27.8577 0.0000e+00
   2392.000     2.5827     2.5831   3.223133   3.223177     1.8187    -0.3722     0.3565    34.8999 5.4831e+02   2356.068    34.8990    34.8991     6.1706    1500.23    27.8577    27.8577 0.0000e+00
   2393.000     2.5820     2.5823   3.223131   3.223156     1.8186    -0.3710     0.3558    34.8999 5.4882e+02   2357.047    34.8993    34.8992     6.1711    1500.25    27.8580    27.8580 0.0000e+00
   2394.000     2.5816     2.5822   3.223140   3.223184     1.8189    -0.3732     0.3558    34.8999 5.5137e+02   2358.027    34.8993    34.8992     6.1733    1500.26    27.8581    27.8579 0.0000e+00
   2395.000     2.5814     2.5821   3.223165   3.223216     1.8187    -0.3734     0.3583    34.8999 5.5437e+02   2359.006    34.8993    34.8992     6.1733    1500.28    27.8581    27.8580 0.0000e+00
   2396.000     2.5808     2.5814   3.223142   3.223201     1.8178    -0.3773     0.3580    34.8998 5.5619e+02   2359.986    34.8993    34.8993     6.1699    1500.29    27.8581    27.8581 0.0000e+00
   2397.000     2.5793     2.5799   3.223048   3.223104     1.8169    -0.3941     0.3572    34.8998 5.5543e+02   2360.965    34.8992    34.8993     6.1671    1500.30    27.8582    27.8582 0.0000e+00
   2398.000     2.5781     2.5787   3.222989   3.223032     1.8165    -0.3938     0.3539    34.8998 5.5365e+02   2361.945    34.8993    34.8992     6.1658    1500.31    27.8584    27.8582 0.0000e+00
   2399.000     2.5768     2.5775   3.222901   3.222956     1.8163    -0.3931     0.3559    34.8996 5.5283e+02   2362.924    34.8991    34.8991     6.1663    1500.33    27.8584    27.8583 0.0000e+00
   2400.000     2.5752     2.5759   3.222789   3.222854     1.8164    -0.3939     0.3582    34.8995 5.5260e+02   2363.904    34.8991    34.8991     6.1675    1500.34    27.8585    27.8585 0.0000e+00
   2401.000     2.5737     2.5743   3.222718   3.222761     1.8165    -0.3867     0.3570    34.8997 5.5177e+02   2364.883    34.8993    34.8992     6.1694    1500.35    27.8588    27.8586 0.0000e+00
   2402.000     2.5736     2.5744   3.222747   3.222807     1.8165    -0.3729     0.3551    34.8996 5.5222e+02   2365.862    34.8993    34.8991     6.1702    1500.36    27.8588    27.8586 0.0000e+00
   2403.000     2.5737     2.5743   3.222801   3.222839     1.8166    -0.3743     0.3606    34.8996 5.5281e+02   2366.842    34.8993    34.8992     6.1710    1500.38    27.8588    27.8587 0.0000e+00
   2404.000     2.5733     2.5739   3.222779   3.222834     1.8166    -0.3719     0.3613    34.8994 5.5295e+02   2367.821    34.8991    34.8991     6.1720    1500.39    27.8587    27.8586 0.0000e+00
   2405.000     2.5721     2.5729   3.222704   3.222773     1.8165    -0.3734     0.3549    34.8994 5.5561e+02   2368.801    34.8990    34.8989     6.1728    1500.41    27.8587    27.8585 0.0000e+00
   2406.000     2.5692     2.5684   3.222445   3.222393     1.8166    -0.3722     0.3572    34.8989 5.5981e+02   2369.780    34.8985    34.8987     6.1744    1500.41    27.8585    27.8588 0.0000e+00
   2407.000     2.5638     2.5643   3.222009   3.222070     1.8165    -0.3732     0.3580    34.8991 5.5906e+02   2370.760    34.8985    34.8986     6.1757    1500.40    27.8590    27.8591 0.0000e+00
   2408.000     2.5610     2.5612   3.221801   3.221836     1.8164    -0.3742     0.3565    34.8990 5.5886e+02   2371.739    34.8984    34.8986     6.1766    1500.41    27.8592    27.8593 0.0000e+00
   2409.000     2.5606     2.5610   3.221815   3.221859     1.8166    -0.3719     0.3541    34.8990 5.5926e+02   2372.718    34.8986    34.8987     6.1786    1500.42    27.8594    27.8594 0.0000e+00
   2410.000     2.5598     2.5603   3.221747   3.221818     1.8166    -0.3732     0.3542    34.8990 5.5955e+02   2373.698    34.8981    34.8984     6.1796    1500.44    27.8590    27.8593 0.0000e+00
   2411.000     2.5536     2.5541   3.221257   3.221299     1.8166    -0.3577     0.3573    34.8989 5.5956e+02   2374.677    34.8983    34.8983     6.1813    1500.43    27.8597    27.8597 0.0000e+00
   2412.000     2.5529     2.5526   3.221233   3.221206     1.8166    -0.3623     0.3559    34.8989 5.5975e+02   2375.656    34.8983    34.8983     6.1823    1500.44    27.8598    27.8598 0.0000e+00
   2413.000     2.5523     2.5527   3.221223   3.221247     1.8167    -0.3724     0.3536    34.8988 5.6148e+02   2376.636    34.8983    34.8982     6.1835    1500.46    27.8599    27.8598 0.0000e+00
   2414.000     2.5516     2.5521   3.221198   3.221243     1.8165    -0.3726     0.3535    34.8988 5.6328e+02   2377.615    34.8983    34.8983     6.1837    1500.47    27.8600    27.8599 0.0000e+00
   2415.000     2.5513     2.5519   3.221217   3.221265     1.8165    -0.3731     0.3545    34.8987 5.6689e+02   2378.595    34.8984    34.8983     6.1843    1500.49    27.8600    27.8599 0.0000e+00
