Ship_data/Irminger/Irminger-5/ctd/process/dar30-03019.cnv
* Sea-Bird SBE 9 Data File:
* FileName = D:\Data\ar30-03019.hdr
* Software Version Seasave V 7.23.2
* Temperature SN = 4312
* Conductivity SN = 2148
* Number of Bytes Per Scan = 44
* Number of Voltage Words = 5
* Number of Scans Averaged by the Deck Unit = 1
* NMEA Latitude = 59 55.88 N
* NMEA Longitude = 041 18.96 W
* NMEA UTC (Time) = Jun 18 2018  20:06:05
** Cruise ID: ar30-03
** Chief Sci: Macdonald
** Station #: 019
** Site ID: Irminger 5 OSNAP C01
# nquan = 18
# nvalues = 1956                        
# units = specified
# name 0 = prDM: Pressure, Digiquartz [db]
# name 1 = t090C: Temperature [ITS-90, deg C]
# name 2 = t190C: Temperature, 2 [ITS-90, deg C]
# name 3 = c0S/m: Conductivity [S/m]
# name 4 = c1S/m: Conductivity, 2 [S/m]
# name 5 = sbeox0V: Oxygen raw, SBE 43 [V]
# name 6 = flECO-AFL: Fluorescence, WET Labs ECO-AFL/FL [mg/m^3]
# name 7 = turbWETntu0: Turbidity, WET Labs ECO [NTU]
# name 8 = sal00: Salinity, Practical [PSU]
# name 9 = spar: SPAR/Surface Irradiance
# name 10 = depSM: Depth [salt water, m], lat = 59.9313
# name 11 = sal00: Salinity, Practical [PSU]
# name 12 = sal11: Salinity, Practical, 2 [PSU]
# name 13 = sbeox0ML/L: Oxygen, SBE 43 [ml/l], WS = 2
# name 14 = svCM: Sound Velocity [Chen-Millero, m/s]
# name 15 = sigma-é00: Density [sigma-theta, kg/m^3]
# name 16 = sigma-é11: Density, 2 [sigma-theta, kg/m^3]
# name 17 = flag: flag
# span 0 =      3.000,   1958.000       
# span 1 =     2.3629,     6.5881       
# span 2 =     2.3634,     6.5802       
# span 3 =   3.184880,   3.477114       
# span 4 =   3.184938,   3.476461       
# span 5 =     1.9041,     2.8923       
# span 6 =    -0.4096,     9.8889       
# span 7 =     0.3482,     0.7888       
# span 8 =    34.8232,    34.9350       
# span 9 = 8.5665e+02, 2.1999e+03       
# span 10 =      2.972,   1930.511      
# span 11 =    34.8181,    34.9344      
# span 12 =    34.8218,    34.9361      
# span 13 =     6.0147,     7.3951      
# span 14 =    1471.85,    1492.00      
# span 15 =    27.3557,    27.8702      
# span 16 =    27.3573,    27.8705      
# span 17 = 0.0000e+00, 0.0000e+00      
# interval = decibars: 1                
# start_time = Jun 18 2018 20:06:05 [System UTC, first data scan.]
# bad_flag = -9.990e-29
*END*
[from data line 1609]
   1612.000     3.0930     3.0940   3.237840   3.238081     1.9484    -0.3327     0.3625    34.9126 1.8032e+03   1590.663    34.9119    34.9137     6.0355    1489.32    27.8173    27.8186 0.0000e+00
   1613.000     3.0897     3.0917   3.237641   3.237861     1.9483    -0.3416     0.3558    34.9131 1.7872e+03   1591.646    34.9126    34.9131     6.0362    1489.33    27.8181    27.8183 0.0000e+00
   1614.000     3.0869     3.0872   3.237485   3.237565     1.9480    -0.3493     0.3855    34.9134 1.6983e+03   1592.629    34.9132    34.9138     6.0363    1489.33    27.8189    27.8193 0.0000e+00
   1615.000     3.0872     3.0881   3.237518   3.237677     1.9480    -0.3830     0.3751    34.9132 1.6602e+03   1593.612    34.9128    34.9137     6.0371    1489.35    27.8185    27.8191 0.0000e+00
   1616.000     3.0862     3.0870   3.237447   3.237582     1.9480    -0.3521     0.3701    34.9130 1.6072e+03   1594.595    34.9125    34.9132     6.0381    1489.36    27.8184    27.8189 0.0000e+00
   1617.000     3.0868     3.0877   3.237599   3.237746     1.9481    -0.3619     0.3608    34.9133 1.3736e+03   1595.578    34.9132    34.9140     6.0388    1489.38    27.8189    27.8194 0.0000e+00
   1618.000     3.0816     3.0832   3.237028   3.237251     1.9479    -0.3691     0.3579    34.9125 1.1733e+03   1596.561    34.9114    34.9124     6.0397    1489.37    27.8179    27.8186 0.0000e+00
   1619.000     3.0714     3.0713   3.236283   3.236313     1.9469    -0.4047     0.3580    34.9135 1.1352e+03   1597.544    34.9128    34.9133     6.0382    1489.35    27.8200    27.8204 0.0000e+00
   1620.000     3.0682     3.0690   3.236045   3.236177     1.9469    -0.3814     0.3654    34.9134 1.0122e+03   1598.527    34.9128    34.9135     6.0393    1489.35    27.8203    27.8208 0.0000e+00
   1621.000     3.0698     3.0699   3.236269   3.236314     1.9469    -0.3684     0.3666    34.9139 9.3997e+02   1599.510    34.9133    34.9137     6.0398    1489.38    27.8206    27.8209 0.0000e+00
   1622.000     3.0681     3.0682   3.236115   3.236175     1.9467    -0.3653     0.3630    34.9134 9.1143e+02   1600.493    34.9128    34.9134     6.0403    1489.39    27.8203    27.8208 0.0000e+00
   1623.000     3.0669     3.0670   3.236060   3.236130     1.9463    -0.3702     0.3575    34.9134 8.6971e+02   1601.476    34.9129    34.9136     6.0396    1489.40    27.8205    27.8210 0.0000e+00
   1624.000     3.0665     3.0668   3.236082   3.236162     1.9462    -0.3681     0.3549    34.9135 8.5999e+02   1602.459    34.9131    34.9137     6.0399    1489.41    27.8207    27.8211 0.0000e+00
   1625.000     3.0676     3.0678   3.236210   3.236270     1.9460    -0.3692     0.3560    34.9132 8.5665e+02   1603.442    34.9129    34.9134     6.0397    1489.43    27.8204    27.8209 0.0000e+00
   1626.000     3.0668     3.0671   3.236092   3.236233     1.9456    -0.3461     0.3726    34.9127 9.2985e+02   1604.425    34.9118    34.9133     6.0392    1489.45    27.8197    27.8208 0.0000e+00
   1627.000     3.0592     3.0589   3.235548   3.235638     1.9449    -0.3854     0.3590    34.9138 9.3791e+02   1605.408    34.9129    34.9143     6.0381    1489.43    27.8213    27.8224 0.0000e+00
   1628.000     3.0554     3.0558   3.235375   3.235469     1.9445    -0.3743     0.3583    34.9149 9.5143e+02   1606.391    34.9144    34.9151     6.0380    1489.43    27.8228    27.8233 0.0000e+00
   1629.000     3.0556     3.0556   3.235434   3.235497     1.9440    -0.3704     0.3580    34.9149 9.6451e+02   1607.374    34.9144    34.9152     6.0367    1489.45    27.8228    27.8234 0.0000e+00
   1630.000     3.0561     3.0556   3.235547   3.235546     1.9436    -0.3500     0.3628    34.9149 9.8281e+02   1608.357    34.9147    34.9152     6.0357    1489.47    27.8230    27.8235 0.0000e+00
   1631.000     3.0575     3.0576   3.235645   3.235729     1.9432    -0.3521     0.3616    34.9143 1.0212e+03   1609.340    34.9139    34.9148     6.0346    1489.49    27.8223    27.8229 0.0000e+00
   1632.000     3.0567     3.0574   3.235622   3.235735     1.9432    -0.3651     0.3591    34.9144 1.0707e+03   1610.323    34.9140    34.9146     6.0353    1489.51    27.8224    27.8228 0.0000e+00
   1633.000     3.0558     3.0562   3.235622   3.235707     1.9428    -0.3555     0.3656    34.9148 1.1163e+03   1611.306    34.9144    34.9151     6.0347    1489.52    27.8228    27.8233 0.0000e+00
   1634.000     3.0556     3.0557   3.235704   3.235778     1.9419    -0.3708     0.3572    34.9154 1.3323e+03   1612.289    34.9152    34.9159     6.0316    1489.54    27.8234    27.8240 0.0000e+00
   1635.000     3.0550     3.0554   3.235702   3.235803     1.9410    -0.3763     0.3566    34.9155 1.5053e+03   1613.271    34.9153    34.9161     6.0288    1489.55    27.8236    27.8242 0.0000e+00
   1636.000     3.0544     3.0547   3.235691   3.235780     1.9408    -0.3847     0.3541    34.9156 1.5607e+03   1614.254    34.9153    34.9160     6.0288    1489.56    27.8236    27.8242 0.0000e+00
   1637.000     3.0530     3.0534   3.235651   3.235729     1.9403    -0.3670     0.3580    34.9160 1.6411e+03   1615.237    34.9158    34.9163     6.0276    1489.58    27.8242    27.8246 0.0000e+00
   1638.000     3.0525     3.0528   3.235642   3.235736     1.9396    -0.3257     0.3868    34.9160 1.6666e+03   1616.220    34.9157    34.9165     6.0255    1489.59    27.8242    27.8248 0.0000e+00
   1639.000     3.0522     3.0524   3.235662   3.235727     1.9393    -0.3045     0.3972    34.9159 1.6826e+03   1617.203    34.9158    34.9164     6.0251    1489.61    27.8243    27.8247 0.0000e+00
   1640.000     3.0518     3.0521   3.235640   3.235746     1.9386    -0.3326     0.3627    34.9158 1.7889e+03   1618.186    34.9155    34.9164     6.0231    1489.62    27.8241    27.8247 0.0000e+00
   1641.000     3.0498     3.0505   3.235543   3.235664     1.9382    -0.3638     0.3547    34.9161 1.8576e+03   1619.169    34.9159    34.9166     6.0225    1489.63    27.8246    27.8251 0.0000e+00
   1642.000     3.0494     3.0499   3.235556   3.235659     1.9372    -0.3709     0.3664    34.9162 1.5500e+03   1620.152    34.9159    34.9167     6.0190    1489.64    27.8247    27.8253 0.0000e+00
   1643.000     3.0484     3.0488   3.235533   3.235614     1.9372    -0.3884     0.3581    34.9165 1.3968e+03   1621.135    34.9163    34.9168     6.0199    1489.66    27.8250    27.8254 0.0000e+00
   1644.000     3.0470     3.0472   3.235418   3.235500     1.9368    -0.3087     0.3949    34.9162 1.2894e+03   1622.117    34.9159    34.9167     6.0193    1489.67    27.8249    27.8255 0.0000e+00
   1645.000     3.0459     3.0460   3.235377   3.235436     1.9366    -0.3198     0.3858    34.9164 1.1995e+03   1623.100    34.9161    34.9167     6.0194    1489.68    27.8251    27.8256 0.0000e+00
   1646.000     3.0446     3.0445   3.235299   3.235350     1.9361    -0.3377     0.3794    34.9164 1.1394e+03   1624.083    34.9161    34.9168     6.0187    1489.69    27.8252    27.8258 0.0000e+00
   1647.000     3.0437     3.0440   3.235280   3.235362     1.9361    -0.3505     0.3766    34.9165 1.1105e+03   1625.066    34.9162    34.9169     6.0192    1489.70    27.8255    27.8260 0.0000e+00
   1648.000     3.0429     3.0431   3.235233   3.235313     1.9360    -0.3711     0.3557    34.9163 1.1476e+03   1626.049    34.9160    34.9168     6.0198    1489.72    27.8254    27.8260 0.0000e+00
   1649.000     3.0424     3.0426   3.235251   3.235321     1.9354    -0.3534     0.3534    34.9165 1.1631e+03   1627.032    34.9163    34.9169     6.0181    1489.73    27.8257    27.8261 0.0000e+00
   1650.000     3.0424     3.0427   3.235291   3.235388     1.9348    -0.3353     0.3747    34.9164 1.1467e+03   1628.015    34.9163    34.9171     6.0163    1489.75    27.8257    27.8263 0.0000e+00
   1651.000     3.0422     3.0426   3.235315   3.235402     1.9342    -0.3403     0.3982    34.9165 1.0582e+03   1628.997    34.9163    34.9169     6.0147    1489.76    27.8257    27.8262 0.0000e+00
   1652.000     3.0416     3.0418   3.235313   3.235359     1.9340    -0.3497     0.3977    34.9165 1.0105e+03   1629.980    34.9164    34.9168     6.0150    1489.78    27.8258    27.8261 0.0000e+00
   1653.000     3.0406     3.0407   3.235217   3.235300     1.9341    -0.3661     0.3544    34.9163 1.0093e+03   1630.963    34.9158    34.9167     6.0165    1489.79    27.8255    27.8262 0.0000e+00
   1654.000     3.0375     3.0373   3.235003   3.235043     1.9339    -0.3864     0.3540    34.9165 9.8940e+02   1631.946    34.9161    34.9167     6.0166    1489.79    27.8260    27.8265 0.0000e+00
   1655.000     3.0350     3.0351   3.234851   3.234910     1.9343    -0.3562     0.3565    34.9166 1.0536e+03   1632.929    34.9164    34.9170     6.0198    1489.80    27.8264    27.8269 0.0000e+00
   1656.000     3.0338     3.0346   3.234772   3.234907     1.9347    -0.3677     0.3559    34.9166 1.0638e+03   1633.911    34.9162    34.9170     6.0222    1489.81    27.8264    27.8270 0.0000e+00
   1657.000     3.0317     3.0326   3.234643   3.234771     1.9340    -0.3703     0.3580    34.9167 1.0640e+03   1634.894    34.9164    34.9169     6.0203    1489.82    27.8267    27.8271 0.0000e+00
   1658.000     3.0315     3.0317   3.234685   3.234748     1.9336    -0.3694     0.3580    34.9168 1.0865e+03   1635.877    34.9166    34.9172     6.0198    1489.84    27.8270    27.8274 0.0000e+00
   1659.000     3.0316     3.0317   3.234710   3.234782     1.9335    -0.3617     0.3608    34.9167 1.0975e+03   1636.860    34.9164    34.9171     6.0200    1489.85    27.8268    27.8273 0.0000e+00
   1660.000     3.0312     3.0316   3.234733   3.234822     1.9332    -0.3491     0.3677    34.9166 1.1384e+03   1637.843    34.9165    34.9171     6.0196    1489.87    27.8269    27.8274 0.0000e+00
   1661.000     3.0315     3.0322   3.234829   3.234930     1.9326    -0.3645     0.3678    34.9169 1.1928e+03   1638.825    34.9169    34.9173     6.0179    1489.89    27.8272    27.8275 0.0000e+00
   1662.000     3.0312     3.0318   3.234805   3.234912     1.9324    -0.3639     0.3588    34.9166 1.2481e+03   1639.808    34.9164    34.9170     6.0177    1489.90    27.8268    27.8273 0.0000e+00
   1663.000     3.0308     3.0312   3.234819   3.234907     1.9322    -0.3752     0.3561    34.9166 1.3606e+03   1640.791    34.9165    34.9171     6.0178    1489.92    27.8269    27.8274 0.0000e+00
   1664.000     3.0302     3.0308   3.234806   3.234913     1.9316    -0.3868     0.3532    34.9167 1.4521e+03   1641.774    34.9165    34.9171     6.0161    1489.93    27.8270    27.8275 0.0000e+00
   1665.000     3.0293     3.0296   3.234753   3.234851     1.9313    -0.3705     0.3581    34.9167 1.4201e+03   1642.756    34.9163    34.9171     6.0158    1489.94    27.8270    27.8276 0.0000e+00
   1666.000     3.0267     3.0272   3.234555   3.234675     1.9316    -0.3609     0.3646    34.9165 1.3221e+03   1643.739    34.9162    34.9171     6.0181    1489.95    27.8271    27.8278 0.0000e+00
   1667.000     3.0260     3.0270   3.234585   3.234723     1.9313    -0.3477     0.3722    34.9170 1.2538e+03   1644.722    34.9169    34.9174     6.0178    1489.96    27.8277    27.8281 0.0000e+00
   1668.000     3.0254     3.0260   3.234566   3.234663     1.9312    -0.3485     0.3689    34.9170 1.1939e+03   1645.705    34.9167    34.9173     6.0183    1489.98    27.8277    27.8280 0.0000e+00
   1669.000     3.0253     3.0255   3.234603   3.234671     1.9306    -0.3477     0.3629    34.9169 1.1680e+03   1646.688    34.9168    34.9174     6.0166    1489.99    27.8278    27.8282 0.0000e+00
   1670.000     3.0236     3.0239   3.234466   3.234558     1.9300    -0.3645     0.3523    34.9167 1.2287e+03   1647.670    34.9164    34.9172     6.0153    1490.00    27.8276    27.8282 0.0000e+00
   1671.000     3.0205     3.0211   3.234186   3.234313     1.9299    -0.3655     0.3583    34.9165 1.6011e+03   1648.653    34.9159    34.9168     6.0162    1490.01    27.8275    27.8282 0.0000e+00
   1672.000     3.0161     3.0164   3.233881   3.233975     1.9300    -0.3674     0.3548    34.9170 1.6483e+03   1649.636    34.9165    34.9172     6.0180    1490.00    27.8283    27.8289 0.0000e+00
   1673.000     3.0150     3.0155   3.233866   3.233955     1.9295    -0.3664     0.3531    34.9172 1.7421e+03   1650.619    34.9169    34.9174     6.0168    1490.02    27.8288    27.8292 0.0000e+00
   1674.000     3.0149     3.0152   3.233920   3.233973     1.9293    -0.3707     0.3531    34.9173 1.7932e+03   1651.601    34.9171    34.9175     6.0168    1490.03    27.8290    27.8293 0.0000e+00
   1675.000     3.0148     3.0150   3.233902   3.233992     1.9290    -0.3661     0.3534    34.9170 1.6976e+03   1652.584    34.9166    34.9174     6.0163    1490.05    27.8286    27.8292 0.0000e+00
   1676.000     3.0138     3.0142   3.233880   3.233968     1.9292    -0.3712     0.3553    34.9171 1.6856e+03   1653.567    34.9168    34.9175     6.0182    1490.06    27.8289    27.8294 0.0000e+00
   1677.000     3.0128     3.0141   3.233769   3.233966     1.9289    -0.3576     0.3622    34.9167 1.6059e+03   1654.549    34.9161    34.9171     6.0179    1490.07    27.8284    27.8291 0.0000e+00
   1678.000     3.0093     3.0096   3.233557   3.233621     1.9289    -0.3632     0.3616    34.9171 1.5899e+03   1655.532    34.9168    34.9172     6.0194    1490.08    27.8292    27.8296 0.0000e+00
   1679.000     3.0093     3.0091   3.233602   3.233631     1.9294    -0.3830     0.3614    34.9170 1.7876e+03   1656.515    34.9168    34.9174     6.0222    1490.09    27.8292    27.8298 0.0000e+00
   1680.000     3.0073     3.0076   3.233425   3.233528     1.9299    -0.3678     0.3543    34.9168 1.8655e+03   1657.497    34.9163    34.9172     6.0255    1490.10    27.8290    27.8298 0.0000e+00
   1681.000     3.0068     3.0073   3.233481   3.233578     1.9296    -0.3576     0.3528    34.9173 1.8660e+03   1658.480    34.9171    34.9176     6.0247    1490.12    27.8297    27.8301 0.0000e+00
   1682.000     3.0064     3.0069   3.233451   3.233565     1.9288    -0.3310     0.3682    34.9169 1.8713e+03   1659.463    34.9166    34.9174     6.0225    1490.13    27.8294    27.8300 0.0000e+00
   1683.000     3.0059     3.0064   3.233467   3.233567     1.9289    -0.3842     0.3637    34.9170 1.8798e+03   1660.446    34.9168    34.9175     6.0235    1490.15    27.8296    27.8301 0.0000e+00
   1684.000     3.0056     3.0058   3.233451   3.233530     1.9283    -0.3775     0.3575    34.9168 1.8806e+03   1661.428    34.9164    34.9172     6.0219    1490.16    27.8293    27.8300 0.0000e+00
   1685.000     3.0020     3.0022   3.233162   3.233249     1.9274    -0.3510     0.3509    34.9167 1.8736e+03   1662.411    34.9163    34.9171     6.0197    1490.16    27.8296    27.8302 0.0000e+00
   1686.000     2.9975     2.9981   3.232711   3.232848     1.9264     0.0332     0.5512    34.9161 1.8603e+03   1663.394    34.9151    34.9162     6.0169    1490.16    27.8291    27.8299 0.0000e+00
   1687.000     2.9927     2.9935   3.232287   3.232445     1.9263    -0.1263     0.4749    34.9158 1.8549e+03   1664.376    34.9147    34.9158     6.0183    1490.15    27.8292    27.8299 0.0000e+00
   1688.000     2.9875     2.9880   3.231819   3.231968     1.9264    -0.3195     0.3801    34.9153 1.8527e+03   1665.359    34.9141    34.9154     6.0204    1490.15    27.8292    27.8302 0.0000e+00
   1689.000     2.9825     2.9828   3.231510   3.231568     1.9265    -0.3707     0.3663    34.9159 1.8565e+03   1666.342    34.9152    34.9156     6.0221    1490.14    27.8305    27.8308 0.0000e+00
   1690.000     2.9828     2.9828   3.231611   3.231678     1.9268    -0.3780     0.3557    34.9161 1.8636e+03   1667.324    34.9156    34.9164     6.0244    1490.16    27.8308    27.8314 0.0000e+00
