Ship_data/Irminger/Irminger-5/ctd/process/dar30-03017.cnv
* Sea-Bird SBE 9 Data File:
* FileName = D:\Data\ar30-03017.hdr
* Software Version Seasave V 7.23.2
* Temperature SN = 4312
* Conductivity SN = 2148
* Number of Bytes Per Scan = 44
* Number of Voltage Words = 5
* Number of Scans Averaged by the Deck Unit = 1
* NMEA Latitude = 59 51.17 N
* NMEA Longitude = 040 42.29 W
* NMEA UTC (Time) = Jun 18 2018  13:04:33
** Cruise ID: ar30-03
** Chief Sci: Macdonald
** Station #: 017
** Site ID: Irminger 5 OSNAP M2
# nquan = 18
# nvalues = 2491                        
# units = specified
# name 0 = prDM: Pressure, Digiquartz [db]
# name 1 = t090C: Temperature [ITS-90, deg C]
# name 2 = t190C: Temperature, 2 [ITS-90, deg C]
# name 3 = c0S/m: Conductivity [S/m]
# name 4 = c1S/m: Conductivity, 2 [S/m]
# name 5 = sbeox0V: Oxygen raw, SBE 43 [V]
# name 6 = flECO-AFL: Fluorescence, WET Labs ECO-AFL/FL [mg/m^3]
# name 7 = turbWETntu0: Turbidity, WET Labs ECO [NTU]
# name 8 = sal00: Salinity, Practical [PSU]
# name 9 = spar: SPAR/Surface Irradiance
# name 10 = depSM: Depth [salt water, m], lat = 59.8528
# name 11 = sal00: Salinity, Practical [PSU]
# name 12 = sal11: Salinity, Practical, 2 [PSU]
# name 13 = sbeox0ML/L: Oxygen, SBE 43 [ml/l], WS = 2
# name 14 = svCM: Sound Velocity [Chen-Millero, m/s]
# name 15 = sigma-é00: Density [sigma-theta, kg/m^3]
# name 16 = sigma-é11: Density, 2 [sigma-theta, kg/m^3]
# name 17 = flag: flag
# span 0 =      4.000,   2494.000       
# span 1 =     1.5085,     6.5474       
# span 2 =     1.5092,     6.5475       
# span 3 =   3.130507,   3.475756       
# span 4 =   3.130590,   3.475894       
# span 5 =     1.8188,     2.8224       
# span 6 =    -0.4193,     8.1276       
# span 7 =     0.3433,     0.7129       
# span 8 =    34.8589,    34.9257       
# span 9 = 8.6155e+02, 1.9884e+03       
# span 10 =      3.962,   2455.926      
# span 11 =    34.8546,    34.9256      
# span 12 =    34.8599,    34.9262      
# span 13 =     5.9332,     7.2844      
# span 14 =    1471.63,    1497.27      
# span 15 =    27.3815,    27.9311      
# span 16 =    27.3830,    27.9310      
# span 17 = 0.0000e+00, 0.0000e+00      
# interval = decibars: 1                
# start_time = Jun 18 2018 13:04:33 [System UTC, first data scan.]
# bad_flag = -9.990e-29
*END*
[from data line 242]
    246.000     4.3206     4.3205   3.286156   3.286323     2.4344    -0.2868     0.4008    34.8914 1.0580e+03    243.538    34.8902    34.8923     6.5330    1471.84    27.6667    27.6683 0.0000e+00
    247.000     4.3150     4.3148   3.285728   3.285954     2.4331    -0.2951     0.4030    34.8924 1.0537e+03    244.528    34.8906    34.8934     6.5305    1471.83    27.6675    27.6698 0.0000e+00
    248.000     4.3079     4.3076   3.285178   3.285362     2.4317    -0.3102     0.4103    34.8926 1.0472e+03    245.517    34.8910    34.8935     6.5276    1471.82    27.6687    27.6707 0.0000e+00
    249.000     4.3014     4.3012   3.284580   3.284798     2.4303    -0.3278     0.3975    34.8922 1.0419e+03    246.507    34.8903    34.8931     6.5250    1471.81    27.6688    27.6710 0.0000e+00
    250.000     4.2965     4.2964   3.284176   3.284375     2.4291    -0.3124     0.3944    34.8918 1.0434e+03    247.496    34.8902    34.8927     6.5227    1471.80    27.6693    27.6713 0.0000e+00
    251.000     4.2873     4.2895   3.283316   3.283777     2.4281    -0.2977     0.3979    34.8913 1.0618e+03    248.485    34.8892    34.8923     6.5217    1471.78    27.6695    27.6717 0.0000e+00
    252.000     4.2697     4.2697   3.281593   3.281880     2.4276    -0.3061     0.4047    34.8898 1.0827e+03    249.475    34.8870    34.8904     6.5240    1471.72    27.6696    27.6723 0.0000e+00
    253.000     4.2573     4.2573   3.280528   3.280735     2.4276    -0.3075     0.4050    34.8892 1.0813e+03    250.464    34.8870    34.8895     6.5270    1471.69    27.6710    27.6730 0.0000e+00
    254.000     4.2530     4.2529   3.280200   3.280362     2.4278    -0.2988     0.4118    34.8890 1.0741e+03    251.454    34.8872    34.8892     6.5293    1471.69    27.6716    27.6732 0.0000e+00
    255.000     4.2558     4.2550   3.280722   3.280729     2.4284    -0.2861     0.4212    34.8905 1.0669e+03    252.443    34.8899    34.8908     6.5315    1471.72    27.6734    27.6742 0.0000e+00
    256.000     4.2607     4.2605   3.281302   3.281386     2.4276    -0.3279     0.3958    34.8913 1.0593e+03    253.432    34.8910    34.8922     6.5288    1471.76    27.6738    27.6748 0.0000e+00
    257.000     4.2628     4.2617   3.281413   3.281547     2.4259    -0.3325     0.3929    34.8910 1.0543e+03    254.422    34.8895    34.8923     6.5237    1471.78    27.6724    27.6747 0.0000e+00
    258.000     4.2548     4.2565   3.280696   3.281050     2.4243    -0.3432     0.3929    34.8903 1.0638e+03    255.411    34.8890    34.8913     6.5206    1471.76    27.6728    27.6746 0.0000e+00
    259.000     4.2514     4.2511   3.280462   3.280626     2.4226    -0.3447     0.3940    34.8904 1.1027e+03    256.400    34.8894    34.8916     6.5159    1471.76    27.6735    27.6753 0.0000e+00
    260.000     4.2484     4.2484   3.280223   3.280428     2.4222    -0.3382     0.3999    34.8903 1.1334e+03    257.390    34.8892    34.8915     6.5162    1471.77    27.6737    27.6756 0.0000e+00
    261.000     4.2438     4.2443   3.279825   3.280087     2.4238    -0.3438     0.4040    34.8901 1.1346e+03    258.379    34.8888    34.8914     6.5232    1471.77    27.6739    27.6759 0.0000e+00
    262.000     4.2402     4.2401   3.279672   3.279847     2.4239    -0.3310     0.4013    34.8911 1.1180e+03    259.368    34.8902    34.8925     6.5248    1471.77    27.6755    27.6772 0.0000e+00
    263.000     4.2392     4.2392   3.279669   3.279854     2.4230    -0.3278     0.3951    34.8916 1.0926e+03    260.358    34.8907    34.8929     6.5227    1471.78    27.6759    27.6776 0.0000e+00
    264.000     4.2374     4.2373   3.279576   3.279751     2.4218    -0.2660     0.4170    34.8918 1.0702e+03    261.347    34.8910    34.8932     6.5199    1471.79    27.6763    27.6781 0.0000e+00
    265.000     4.2356     4.2356   3.279434   3.279626     2.4206    -0.3251     0.4001    34.8916 1.0587e+03    262.336    34.8907    34.8930     6.5169    1471.80    27.6764    27.6782 0.0000e+00
    266.000     4.2342     4.2343   3.279339   3.279552     2.4192    -0.3454     0.3953    34.8916 1.0656e+03    263.326    34.8906    34.8929     6.5135    1471.81    27.6764    27.6782 0.0000e+00
    267.000     4.2291     4.2288   3.278892   3.279065     2.4184    -0.3328     0.3898    34.8911 1.0950e+03    264.315    34.8901    34.8925     6.5124    1471.80    27.6766    27.6785 0.0000e+00
    268.000     4.2167     4.2168   3.277646   3.277937     2.4177    -0.3467     0.3947    34.8899 1.1233e+03    265.304    34.8880    34.8913     6.5130    1471.77    27.6762    27.6788 0.0000e+00
    269.000     4.2040     4.2045   3.276459   3.276762     2.4189    -0.3459     0.3970    34.8890 1.1268e+03    266.293    34.8868    34.8899     6.5201    1471.73    27.6767    27.6791 0.0000e+00
    270.000     4.1933     4.1943   3.275324   3.275757     2.4212    -0.3335     0.3935    34.8877 1.1119e+03    267.283    34.8843    34.8883     6.5307    1471.70    27.6758    27.6789 0.0000e+00
    271.000     4.1727     4.1732   3.273540   3.273811     2.4245    -0.3323     0.3969    34.8868 1.0917e+03    268.272    34.8845    34.8871     6.5465    1471.63    27.6781    27.6802 0.0000e+00
    272.000     4.1703     4.1706   3.273471   3.273678     2.4282    -0.3353     0.3956    34.8873 1.0767e+03    269.261    34.8856    34.8878     6.5603    1471.64    27.6793    27.6810 0.0000e+00
    273.000     4.1689     4.1686   3.273450   3.273579     2.4299    -0.3447     0.3973    34.8876 1.0718e+03    270.251    34.8863    34.8882     6.5673    1471.65    27.6800    27.6815 0.0000e+00
    274.000     4.1708     4.1710   3.273728   3.273904     2.4301    -0.3351     0.3971    34.8880 1.0738e+03    271.240    34.8871    34.8889     6.5683    1471.67    27.6804    27.6819 0.0000e+00
    275.000     4.1729     4.1717   3.274069   3.274042     2.4293    -0.3341     0.3896    34.8885 1.0774e+03    272.229    34.8884    34.8893     6.5662    1471.70    27.6812    27.6821 0.0000e+00
    276.000     4.1747     4.1762   3.274083   3.274600     2.4284    -0.3352     0.3931    34.8887 1.0773e+03    273.218    34.8861    34.8906     6.5637    1471.72    27.6793    27.6827 0.0000e+00
    277.000     4.1633     4.1635   3.273214   3.273403     2.4276    -0.3352     0.3936    34.8885 1.0716e+03    274.208    34.8873    34.8893     6.5638    1471.69    27.6815    27.6830 0.0000e+00
    278.000     4.1586     4.1563   3.272735   3.272752     2.4268    -0.3335     0.3894    34.8880 1.0604e+03    275.197    34.8861    34.8887     6.5628    1471.69    27.6810    27.6833 0.0000e+00
    279.000     4.1562     4.1560   3.272629   3.272793     2.4259    -0.3303     0.3927    34.8879 1.0497e+03    276.186    34.8869    34.8890     6.5608    1471.69    27.6819    27.6836 0.0000e+00
    280.000     4.1523     4.1525   3.272349   3.272568     2.4251    -0.3096     0.3934    34.8882 1.0710e+03    277.175    34.8871    34.8896     6.5595    1471.70    27.6825    27.6844 0.0000e+00
    281.000     4.1510     4.1505   3.272500   3.272557     2.4239    -0.3193     0.3933    34.8897 1.0810e+03    278.165    34.8897    34.8910     6.5567    1471.71    27.6847    27.6858 0.0000e+00
    282.000     4.1563     4.1563   3.273034   3.273223     2.4226    -0.3358     0.3934    34.8907 1.0809e+03    279.154    34.8900    34.8922     6.5519    1471.75    27.6843    27.6861 0.0000e+00
    283.000     4.1496     4.1501   3.272414   3.272682     2.4206    -0.3458     0.3941    34.8903 1.0771e+03    280.143    34.8892    34.8918     6.5473    1471.74    27.6844    27.6865 0.0000e+00
    284.000     4.1504     4.1505   3.272741   3.272897     2.4187    -0.3450     0.3938    34.8919 1.0685e+03    281.132    34.8916    34.8934     6.5412    1471.76    27.6863    27.6877 0.0000e+00
    285.000     4.1507     4.1518   3.272836   3.273072     2.4158    -0.3381     0.3945    34.8919 1.0554e+03    282.122    34.8919    34.8936     6.5322    1471.78    27.6865    27.6877 0.0000e+00
    286.000     4.1567     4.1569   3.273467   3.273653     2.4117    -0.3468     0.3896    34.8926 1.0400e+03    283.111    34.8925    34.8945     6.5179    1471.82    27.6863    27.6879 0.0000e+00
    287.000     4.1598     4.1596   3.273841   3.274036     2.4059    -0.3373     0.3901    34.8935 1.0374e+03    284.100    34.8931    34.8956     6.4986    1471.85    27.6865    27.6885 0.0000e+00
    288.000     4.1532     4.1532   3.273341   3.273502     2.4026    -0.3492     0.3945    34.8937 1.0472e+03    285.089    34.8937    34.8956     6.4890    1471.84    27.6877    27.6892 0.0000e+00
    289.000     4.1545     4.1545   3.273488   3.273700     2.4011    -0.3517     0.3948    34.8939 1.0540e+03    286.078    34.8935    34.8960     6.4845    1471.86    27.6874    27.6894 0.0000e+00
    290.000     4.1519     4.1517   3.273291   3.273485     2.4007    -0.3483     0.3916    34.8938 1.0573e+03    287.068    34.8934    34.8958     6.4845    1471.87    27.6876    27.6896 0.0000e+00
    291.000     4.1500     4.1499   3.273184   3.273355     2.3994    -0.3510     0.3891    34.8938 1.0567e+03    288.057    34.8936    34.8957     6.4814    1471.87    27.6880    27.6897 0.0000e+00
    292.000     4.1437     4.1437   3.272516   3.272797     2.3989    -0.3494     0.3900    34.8933 1.0553e+03    289.046    34.8918    34.8951     6.4814    1471.86    27.6872    27.6898 0.0000e+00
    293.000     4.1396     4.1385   3.272323   3.272379     2.3980    -0.3669     0.3906    34.8937 1.0533e+03    290.035    34.8933    34.8952     6.4800    1471.86    27.6889    27.6905 0.0000e+00
    294.000     4.1417     4.1414   3.272587   3.272736     2.3960    -0.3565     0.3911    34.8940 1.0545e+03    291.024    34.8937    34.8957     6.4735    1471.89    27.6890    27.6906 0.0000e+00
    295.000     4.1433     4.1429   3.272843   3.272951     2.3938    -0.3351     0.3893    34.8944 1.0531e+03    292.014    34.8944    34.8962     6.4667    1471.91    27.6894    27.6908 0.0000e+00
    296.000     4.1457     4.1459   3.273117   3.273323     2.3929    -0.3472     0.3936    34.8947 1.0484e+03    293.003    34.8946    34.8968     6.4638    1471.94    27.6893    27.6910 0.0000e+00
    297.000     4.1447     4.1447   3.273108   3.273283     2.3917    -0.3505     0.3966    34.8952 1.0424e+03    293.992    34.8950    34.8972     6.4607    1471.95    27.6897    27.6914 0.0000e+00
    298.000     4.1430     4.1428   3.273052   3.273226     2.3896    -0.3447     0.3878    34.8959 1.0385e+03    294.981    34.8957    34.8979     6.4547    1471.96    27.6904    27.6922 0.0000e+00
    299.000     4.1406     4.1403   3.272877   3.273044     2.3876    -0.3568     0.3881    34.8961 1.0382e+03    295.970    34.8956    34.8979     6.4490    1471.97    27.6906    27.6925 0.0000e+00
    300.000     4.1343     4.1344   3.272328   3.272577     2.3858    -0.3615     0.3885    34.8962 1.0399e+03    296.959    34.8953    34.8981     6.4449    1471.96    27.6910    27.6933 0.0000e+00
    301.000     4.1329     4.1326   3.272324   3.272473     2.3844    -0.3547     0.3858    34.8964 1.0420e+03    297.949    34.8961    34.8983     6.4413    1471.97    27.6919    27.6936 0.0000e+00
    302.000     4.1336     4.1337   3.272396   3.272608     2.3826    -0.3700     0.3907    34.8962 1.0425e+03    298.938    34.8958    34.8982     6.4358    1471.99    27.6915    27.6934 0.0000e+00
    303.000     4.1305     4.1307   3.272169   3.272372     2.3821    -0.3642     0.3927    34.8962 1.0406e+03    299.927    34.8958    34.8980     6.4353    1471.99    27.6919    27.6936 0.0000e+00
    304.000     4.1289     4.1292   3.272052   3.272282     2.3809    -0.3470     0.3893    34.8961 1.0372e+03    300.916    34.8956    34.8980     6.4323    1472.00    27.6919    27.6938 0.0000e+00
    305.000     4.1262     4.1259   3.271853   3.272024     2.3796    -0.3468     0.3894    34.8960 1.0365e+03    301.905    34.8956    34.8979     6.4293    1472.01    27.6922    27.6940 0.0000e+00
    306.000     4.1175     4.1173   3.271003   3.271271     2.3791    -0.3658     0.3893    34.8960 1.0366e+03    302.894    34.8942    34.8976     6.4297    1471.99    27.6920    27.6947 0.0000e+00
    307.000     4.1073     4.1075   3.270206   3.270451     2.3779    -0.3517     0.3863    34.8963 1.0335e+03    303.883    34.8951    34.8978     6.4283    1471.96    27.6938    27.6959 0.0000e+00
    308.000     4.1020     4.1023   3.269785   3.270016     2.3766    -0.3615     0.3856    34.8964 1.0298e+03    304.872    34.8951    34.8975     6.4254    1471.96    27.6944    27.6963 0.0000e+00
    309.000     4.0936     4.0940   3.268989   3.269303     2.3751    -0.3691     0.3855    34.8962 1.0270e+03    305.862    34.8940    34.8974     6.4228    1471.94    27.6944    27.6971 0.0000e+00
    310.000     4.0879     4.0879   3.268588   3.268807     2.3751    -0.3617     0.3846    34.8963 1.0256e+03    306.851    34.8948    34.8974     6.4245    1471.93    27.6956    27.6977 0.0000e+00
    311.000     4.0843     4.0842   3.268296   3.268475     2.3752    -0.3561     0.3905    34.8958 1.0255e+03    307.840    34.8947    34.8969     6.4262    1471.93    27.6959    27.6977 0.0000e+00
    312.000     4.0837     4.0838   3.268301   3.268484     2.3763    -0.3699     0.3925    34.8957 1.0257e+03    308.829    34.8948    34.8969     6.4311    1471.95    27.6961    27.6978 0.0000e+00
    313.000     4.0836     4.0834   3.268325   3.268493     2.3763    -0.3694     0.3894    34.8955 1.0293e+03    309.818    34.8947    34.8968     6.4320    1471.96    27.6960    27.6978 0.0000e+00
    314.000     4.0824     4.0823   3.268258   3.268440     2.3771    -0.3521     0.3900    34.8954 1.0350e+03    310.807    34.8946    34.8969     6.4357    1471.97    27.6961    27.6979 0.0000e+00
    315.000     4.0821     4.0817   3.268293   3.268441     2.3776    -0.3469     0.3868    34.8954 1.0356e+03    311.796    34.8948    34.8970     6.4382    1471.99    27.6963    27.6981 0.0000e+00
    316.000     4.0812     4.0810   3.268261   3.268435     2.3778    -0.3526     0.3845    34.8954 1.0312e+03    312.785    34.8949    34.8971     6.4400    1472.00    27.6964    27.6982 0.0000e+00
    317.000     4.0801     4.0804   3.268203   3.268429     2.3786    -0.3704     0.3856    34.8955 1.0239e+03    313.774    34.8948    34.8971     6.4436    1472.01    27.6965    27.6983 0.0000e+00
    318.000     4.0790     4.0788   3.268169   3.268329     2.3788    -0.3643     0.3897    34.8955 1.0169e+03    314.763    34.8950    34.8971     6.4453    1472.02    27.6968    27.6985 0.0000e+00
    319.000     4.0782     4.0776   3.268137   3.268265     2.3772    -0.3529     0.3888    34.8954 1.0141e+03    315.752    34.8950    34.8971     6.4410    1472.04    27.6969    27.6986 0.0000e+00
    320.000     4.0758     4.0757   3.267945   3.268141     2.3764    -0.3504     0.3884    34.8954 1.0179e+03    316.741    34.8947    34.8971     6.4394    1472.04    27.6969    27.6988 0.0000e+00
    321.000     4.0706     4.0714   3.267488   3.267788     2.3764    -0.3488     0.3843    34.8953 1.0233e+03    317.730    34.8942    34.8970     6.4410    1472.04    27.6971    27.6992 0.0000e+00
    322.000     4.0650     4.0648   3.267061   3.267257     2.3758    -0.3634     0.3780    34.8957 1.0264e+03    318.719    34.8946    34.8972     6.4407    1472.03    27.6980    27.7000 0.0000e+00
    323.000     4.0614     4.0615   3.266823   3.267019     2.3747    -0.3641     0.3896    34.8959 1.0247e+03    319.708    34.8951    34.8973     6.4386    1472.03    27.6987    27.7005 0.0000e+00
    324.000     4.0602     4.0599   3.266776   3.266940     2.3734    -0.3639     0.3876    34.8959 1.0202e+03    320.698    34.8953    34.8975     6.4350    1472.04    27.6990    27.7008 0.0000e+00
