Ship_data/Irminger/Irminger-5/ctd/process/dar30-03008.cnv
* Sea-Bird SBE 9 Data File:
* FileName = D:\Data\ar30-03008.hdr
* Software Version Seasave V 7.23.2
* Temperature SN = 4312
* Conductivity SN = 2148
* Number of Bytes Per Scan = 44
* Number of Voltage Words = 5
* Number of Scans Averaged by the Deck Unit = 1
* NMEA Latitude = 59 43.05 N
* NMEA Longitude = 039 20.61 W
* NMEA UTC (Time) = Jun 11 2018  15:14:36
** Cruise ID: ar30-03
** Chief Sci: Macdonald
** Station #: 008
** Site ID: Irminger 5 FLMB
** ctd cast at FLMB with bottom release testing
# nquan = 18
# nvalues = 2837                        
# units = specified
# name 0 = prDM: Pressure, Digiquartz [db]
# name 1 = t090C: Temperature [ITS-90, deg C]
# name 2 = t190C: Temperature, 2 [ITS-90, deg C]
# name 3 = c0S/m: Conductivity [S/m]
# name 4 = c1S/m: Conductivity, 2 [S/m]
# name 5 = sbeox0V: Oxygen raw, SBE 43 [V]
# name 6 = flECO-AFL: Fluorescence, WET Labs ECO-AFL/FL [mg/m^3]
# name 7 = turbWETntu0: Turbidity, WET Labs ECO [NTU]
# name 8 = sal00: Salinity, Practical [PSU]
# name 9 = spar: SPAR/Surface Irradiance
# name 10 = depSM: Depth [salt water, m], lat = 59.7175
# name 11 = sal00: Salinity, Practical [PSU]
# name 12 = sal11: Salinity, Practical, 2 [PSU]
# name 13 = sbeox0ML/L: Oxygen, SBE 43 [ml/l], WS = 2
# name 14 = svCM: Sound Velocity [Chen-Millero, m/s]
# name 15 = sigma-é00: Density [sigma-theta, kg/m^3]
# name 16 = sigma-é11: Density, 2 [sigma-theta, kg/m^3]
# name 17 = flag: flag
# span 0 =      4.000,   2840.000       
# span 1 =     1.4483,     5.9051       
# span 2 =     1.4492,     5.9047       
# span 3 =   3.136254,   3.417254       
# span 4 =   3.136315,   3.417356       
# span 5 =     1.5267,     2.7875       
# span 6 =    -0.4345,     6.0453       
# span 7 =     0.3433,     0.6512       
# span 8 =    34.8689,    34.9313       
# span 9 = 4.8529e+02, 7.0268e+02       
# span 10 =      3.962,   2794.432      
# span 11 =    34.8678,    34.9307      
# span 12 =    34.8696,    34.9330      
# span 13 =     5.2605,     7.1960      
# span 14 =    1472.40,    1502.91      
# span 15 =    27.4614,    27.9374      
# span 16 =    27.4631,    27.9371      
# span 17 = 0.0000e+00, 0.0000e+00      
# interval = decibars: 1                
# start_time = Jun 11 2018 15:14:36 [System UTC, first data scan.]
# bad_flag = -9.990e-29
*END*
[from data line 2413]
   2417.000     2.5503     2.5510   3.221217   3.221275     1.8155    -0.3743     0.3630    34.8987 5.6745e+02   2380.553    34.8985    34.8984     6.1814    1500.51    27.8602    27.8601 0.0000e+00
   2418.000     2.5496     2.5504   3.221168   3.221254     1.8155    -0.3715     0.3557    34.8987 5.6624e+02   2381.533    34.8982    34.8984     6.1824    1500.53    27.8600    27.8601 0.0000e+00
   2419.000     2.5476     2.5484   3.221033   3.221106     1.8152    -0.3744     0.3543    34.8987 5.6645e+02   2382.512    34.8982    34.8982     6.1825    1500.54    27.8602    27.8602 0.0000e+00
   2420.000     2.5464     2.5469   3.220972   3.221017     1.8146    -0.3724     0.3543    34.8987 5.6812e+02   2383.492    34.8983    34.8982     6.1805    1500.55    27.8604    27.8603 0.0000e+00
   2421.000     2.5414     2.5420   3.220534   3.220597     1.8144    -0.3801     0.3578    34.8984 5.7369e+02   2384.471    34.8978    34.8979     6.1811    1500.54    27.8604    27.8604 0.0000e+00
   2422.000     2.5335     2.5336   3.219810   3.219870     1.8144    -0.3710     0.3543    34.8983 5.7810e+02   2385.450    34.8970    34.8976     6.1834    1500.53    27.8605    27.8610 0.0000e+00
   2423.000     2.5267     2.5275   3.219274   3.219372     1.8143    -0.3717     0.3584    34.8985 5.7750e+02   2386.430    34.8972    34.8976     6.1849    1500.51    27.8612    27.8615 0.0000e+00
   2424.000     2.5229     2.5231   3.218981   3.219024     1.8143    -0.3743     0.3580    34.8983 5.7754e+02   2387.409    34.8973    34.8976     6.1865    1500.51    27.8616    27.8618 0.0000e+00
   2425.000     2.5197     2.5204   3.218723   3.218814     1.8143    -0.3729     0.3587    34.8982 5.7770e+02   2388.388    34.8971    34.8974     6.1879    1500.52    27.8617    27.8619 0.0000e+00
   2426.000     2.5173     2.5176   3.218559   3.218590     1.8145    -0.3702     0.3550    34.8982 5.7967e+02   2389.368    34.8972    34.8973     6.1899    1500.52    27.8620    27.8621 0.0000e+00
   2427.000     2.5146     2.5150   3.218363   3.218410     1.8148    -0.3804     0.3570    34.8980 5.8066e+02   2390.347    34.8973    34.8973     6.1930    1500.53    27.8623    27.8623 0.0000e+00
   2428.000     2.5139     2.5145   3.218352   3.218402     1.8149    -0.3805     0.3549    34.8981 5.7967e+02   2391.326    34.8974    34.8973     6.1942    1500.54    27.8624    27.8623 0.0000e+00
   2429.000     2.5124     2.5131   3.218262   3.218323     1.8147    -0.3782     0.3544    34.8981 5.7963e+02   2392.306    34.8974    34.8974     6.1942    1500.55    27.8626    27.8625 0.0000e+00
   2430.000     2.5109     2.5114   3.218177   3.218220     1.8145    -0.3941     0.3554    34.8981 5.8040e+02   2393.285    34.8975    34.8975     6.1945    1500.56    27.8628    27.8627 0.0000e+00
   2431.000     2.5109     2.5115   3.218217   3.218257     1.8146    -0.3776     0.3550    34.8980 5.8340e+02   2394.264    34.8975    34.8974     6.1959    1500.58    27.8628    27.8626 0.0000e+00
   2432.000     2.5110     2.5116   3.218255   3.218307     1.8144    -0.3847     0.3512    34.8979 5.8900e+02   2395.244    34.8974    34.8974     6.1955    1500.60    27.8627    27.8626 0.0000e+00
   2433.000     2.5111     2.5118   3.218311   3.218352     1.8144    -0.3834     0.3594    34.8979 5.9510e+02   2396.223    34.8975    34.8972     6.1963    1500.62    27.8628    27.8625 0.0000e+00
   2434.000     2.5107     2.5113   3.218309   3.218362     1.8142    -0.3723     0.3580    34.8978 5.9108e+02   2397.202    34.8974    34.8974     6.1962    1500.63    27.8628    27.8627 0.0000e+00
   2435.000     2.5098     2.5104   3.218289   3.218330     1.8136    -0.3731     0.3555    34.8979 5.8806e+02   2398.182    34.8977    34.8975     6.1946    1500.64    27.8631    27.8629 0.0000e+00
   2436.000     2.5096     2.5102   3.218311   3.218341     1.8133    -0.3731     0.3559    34.8979 5.8694e+02   2399.161    34.8977    34.8974     6.1936    1500.66    27.8631    27.8628 0.0000e+00
   2437.000     2.5093     2.5100   3.218314   3.218368     1.8131    -0.3731     0.3582    34.8979 5.8653e+02   2400.140    34.8976    34.8975     6.1939    1500.68    27.8630    27.8629 0.0000e+00
   2438.000     2.5048     2.5060   3.217892   3.218025     1.8125    -0.3892     0.3580    34.8976 5.8676e+02   2401.120    34.8968    34.8971     6.1925    1500.67    27.8628    27.8629 0.0000e+00
   2439.000     2.5011     2.5023   3.217624   3.217736     1.8123    -0.3936     0.3562    34.8977 5.8798e+02   2402.099    34.8970    34.8970     6.1932    1500.67    27.8632    27.8632 0.0000e+00
   2440.000     2.4982     2.4988   3.217436   3.217475     1.8120    -0.3780     0.3545    34.8978 5.8876e+02   2403.078    34.8973    34.8971     6.1931    1500.68    27.8637    27.8636 0.0000e+00
   2441.000     2.4980     2.4986   3.217452   3.217494     1.8120    -0.3879     0.3510    34.8977 5.8925e+02   2404.057    34.8973    34.8971     6.1938    1500.69    27.8638    27.8636 0.0000e+00
   2442.000     2.4972     2.4978   3.217425   3.217462     1.8120    -0.3785     0.3580    34.8977 5.8813e+02   2405.037    34.8973    34.8971     6.1948    1500.71    27.8638    27.8637 0.0000e+00
   2443.000     2.4971     2.4977   3.217458   3.217505     1.8115    -0.3975     0.3580    34.8977 5.8532e+02   2406.016    34.8974    34.8972     6.1930    1500.72    27.8639    27.8638 0.0000e+00
   2444.000     2.4963     2.4967   3.217422   3.217459     1.8113    -0.4141     0.3580    34.8975 5.8203e+02   2406.995    34.8972    34.8973     6.1933    1500.74    27.8639    27.8639 0.0000e+00
   2445.000     2.4960     2.4964   3.217457   3.217469     1.8110    -0.3762     0.3580    34.8977 5.7967e+02   2407.974    34.8975    34.8973     6.1927    1500.75    27.8642    27.8640 0.0000e+00
   2446.000     2.4957     2.4962   3.217454   3.217492     1.8109    -0.3731     0.3572    34.8977 5.7889e+02   2408.954    34.8974    34.8973     6.1928    1500.77    27.8641    27.8639 0.0000e+00
   2447.000     2.4955     2.4957   3.217487   3.217488     1.8108    -0.3732     0.3550    34.8977 5.7891e+02   2409.933    34.8975    34.8973     6.1934    1500.78    27.8642    27.8640 0.0000e+00
   2448.000     2.4923     2.4943   3.217201   3.217384     1.8109    -0.3935     0.3576    34.8976 5.7908e+02   2410.912    34.8970    34.8971     6.1953    1500.79    27.8640    27.8640 0.0000e+00
   2449.000     2.4909     2.4917   3.217155   3.217219     1.8109    -0.3809     0.3627    34.8977 5.7729e+02   2411.891    34.8975    34.8973     6.1962    1500.80    27.8646    27.8644 0.0000e+00
   2450.000     2.4895     2.4900   3.217064   3.217107     1.8109    -0.3884     0.3715    34.8977 5.7102e+02   2412.871    34.8974    34.8974     6.1971    1500.81    27.8646    27.8646 0.0000e+00
   2451.000     2.4886     2.4895   3.217034   3.217113     1.8109    -0.3727     0.3537    34.8979 5.6727e+02   2413.850    34.8975    34.8975     6.1982    1500.82    27.8648    27.8647 0.0000e+00
   2452.000     2.4880     2.4886   3.217040   3.217080     1.8109    -0.3717     0.3541    34.8980 5.6568e+02   2414.829    34.8977    34.8976     6.1991    1500.84    27.8650    27.8649 0.0000e+00
   2453.000     2.4878     2.4885   3.217065   3.217120     1.8109    -0.3718     0.3549    34.8979 5.6506e+02   2415.808    34.8977    34.8977     6.2000    1500.85    27.8651    27.8650 0.0000e+00
   2454.000     2.4880     2.4887   3.217111   3.217163     1.8109    -0.3721     0.3547    34.8979 5.6600e+02   2416.788    34.8977    34.8976     6.2008    1500.87    27.8650    27.8649 0.0000e+00
   2455.000     2.4882     2.4889   3.217163   3.217215     1.8105    -0.3642     0.3564    34.8978 5.6759e+02   2417.767    34.8976    34.8975     6.1998    1500.89    27.8650    27.8648 0.0000e+00
   2456.000     2.4880     2.4886   3.217165   3.217230     1.8097    -0.3968     0.3549    34.8975 5.6247e+02   2418.746    34.8974    34.8975     6.1968    1500.90    27.8648    27.8648 0.0000e+00
   2457.000     2.4877     2.4884   3.217198   3.217257     1.8098    -0.3917     0.3575    34.8977 5.5774e+02   2419.725    34.8976    34.8976     6.1979    1500.92    27.8650    27.8649 0.0000e+00
   2458.000     2.4877     2.4883   3.217251   3.217295     1.8095    -0.3717     0.3488    34.8979 5.5391e+02   2420.704    34.8978    34.8977     6.1977    1500.94    27.8652    27.8650 0.0000e+00
   2459.000     2.4870     2.4876   3.217218   3.217263     1.8090    -0.3696     0.3517    34.8978 5.5198e+02   2421.684    34.8976    34.8975     6.1958    1500.95    27.8651    27.8649 0.0000e+00
   2460.000     2.4865     2.4872   3.217226   3.217272     1.8086    -0.3697     0.3549    34.8978 5.5054e+02   2422.663    34.8978    34.8976     6.1951    1500.97    27.8652    27.8651 0.0000e+00
   2461.000     2.4862     2.4869   3.217229   3.217297     1.8085    -0.3495     0.3581    34.8978 5.5071e+02   2423.642    34.8977    34.8977     6.1953    1500.98    27.8652    27.8652 0.0000e+00
   2462.000     2.4854     2.4862   3.217193   3.217267     1.8085    -0.3695     0.3548    34.8979 5.5125e+02   2424.621    34.8976    34.8977     6.1963    1501.00    27.8653    27.8653 0.0000e+00
   2463.000     2.4837     2.4851   3.217094   3.217211     1.8085    -0.3848     0.3577    34.8980 5.5258e+02   2425.600    34.8977    34.8977     6.1975    1501.01    27.8655    27.8653 0.0000e+00
   2464.000     2.4813     2.4822   3.216902   3.216979     1.8085    -0.3761     0.3570    34.8979 5.5205e+02   2426.579    34.8975    34.8975     6.1988    1501.01    27.8655    27.8654 0.0000e+00
   2465.000     2.4752     2.4754   3.216370   3.216410     1.8084    -0.3952     0.3545    34.8979 5.4907e+02   2427.559    34.8971    34.8974     6.2002    1501.00    27.8657    27.8659 0.0000e+00
   2466.000     2.4722     2.4728   3.216189   3.216233     1.8084    -0.3915     0.3542    34.8980 5.4601e+02   2428.538    34.8976    34.8975     6.2015    1501.01    27.8663    27.8662 0.0000e+00
   2467.000     2.4714     2.4721   3.216139   3.216205     1.8079    -0.3803     0.3550    34.8980 5.4418e+02   2429.517    34.8974    34.8975     6.2000    1501.02    27.8663    27.8663 0.0000e+00
   2468.000     2.4698     2.4704   3.216034   3.216089     1.8075    -0.3716     0.3545    34.8980 5.4209e+02   2430.496    34.8974    34.8974     6.1993    1501.03    27.8664    27.8664 0.0000e+00
   2469.000     2.4683     2.4688   3.215940   3.215982     1.8071    -0.3742     0.3569    34.8979 5.4206e+02   2431.475    34.8974    34.8974     6.1983    1501.04    27.8665    27.8664 0.0000e+00
   2470.000     2.4669     2.4677   3.215851   3.215911     1.8073    -0.3764     0.3575    34.8978 5.4420e+02   2432.454    34.8972    34.8972     6.2003    1501.05    27.8665    27.8664 0.0000e+00
   2471.000     2.4671     2.4662   3.215889   3.215804     1.8071    -0.3790     0.3561    34.8975 5.5186e+02   2433.434    34.8971    34.8970     6.2005    1501.07    27.8664    27.8664 0.0000e+00
   2472.000     2.4596     2.4610   3.215225   3.215379     1.8067    -0.3914     0.3548    34.8974 5.5401e+02   2434.413    34.8966    34.8969     6.2007    1501.05    27.8666    27.8668 0.0000e+00
   2473.000     2.4575     2.4576   3.215059   3.215102     1.8064    -0.3732     0.3554    34.8973 5.5076e+02   2435.392    34.8963    34.8967     6.2003    1501.06    27.8665    27.8669 0.0000e+00
   2474.000     2.4533     2.4545   3.214775   3.214875     1.8062    -0.3742     0.3542    34.8974 5.4873e+02   2436.371    34.8969    34.8968     6.2011    1501.06    27.8674    27.8672 0.0000e+00
   2475.000     2.4530     2.4538   3.214796   3.214830     1.8061    -0.3679     0.3559    34.8975 5.4687e+02   2437.350    34.8970    34.8965     6.2015    1501.07    27.8675    27.8671 0.0000e+00
   2476.000     2.4502     2.4501   3.214455   3.214513     1.8061    -0.3829     0.3520    34.8968 5.4606e+02   2438.329    34.8954    34.8961     6.2029    1501.08    27.8664    27.8670 0.0000e+00
   2477.000     2.4473     2.4477   3.214345   3.214360     1.8062    -0.3925     0.3486    34.8971 5.4725e+02   2439.308    34.8967    34.8964     6.2042    1501.08    27.8677    27.8675 0.0000e+00
   2478.000     2.4481     2.4489   3.214455   3.214504     1.8061    -0.3733     0.3544    34.8971 5.5103e+02   2440.287    34.8966    34.8964     6.2047    1501.10    27.8676    27.8674 0.0000e+00
   2479.000     2.4487     2.4485   3.214528   3.214491     1.8062    -0.3737     0.3521    34.8968 5.6025e+02   2441.266    34.8964    34.8962     6.2057    1501.12    27.8674    27.8673 0.0000e+00
   2480.000     2.4487     2.4491   3.214584   3.214601     1.8061    -0.3895     0.3553    34.8969 5.6424e+02   2442.246    34.8966    34.8964     6.2064    1501.14    27.8676    27.8674 0.0000e+00
   2481.000     2.4415     2.4420   3.213853   3.213963     1.8059    -0.3807     0.3536    34.8963 5.6443e+02   2443.225    34.8949    34.8958     6.2076    1501.12    27.8668    27.8675 0.0000e+00
   2482.000     2.4380     2.4387   3.213634   3.213713     1.8052    -0.3710     0.3545    34.8965 5.6418e+02   2444.204    34.8956    34.8957     6.2054    1501.13    27.8677    27.8677 0.0000e+00
   2483.000     2.4344     2.4353   3.213359   3.213447     1.8052    -0.3743     0.3548    34.8964 5.6270e+02   2445.183    34.8956    34.8957     6.2069    1501.13    27.8679    27.8679 0.0000e+00
   2484.000     2.4305     2.4308   3.212987   3.213061     1.8050    -0.3743     0.3483    34.8962 5.6088e+02   2446.162    34.8948    34.8953     6.2074    1501.13    27.8677    27.8681 0.0000e+00
   2485.000     2.4209     2.4217   3.212069   3.212255     1.8049    -0.3730     0.3498    34.8958 5.5940e+02   2447.141    34.8934    34.8948     6.2097    1501.10    27.8673    27.8683 0.0000e+00
   2486.000     2.4097     2.4100   3.211164   3.211252     1.8049    -0.3743     0.3551    34.8959 5.5956e+02   2448.120    34.8939    34.8947     6.2122    1501.07    27.8686    27.8692 0.0000e+00
   2487.000     2.4029     2.4031   3.210646   3.210679     1.8049    -0.3914     0.3580    34.8960 5.6127e+02   2449.099    34.8944    34.8946     6.2143    1501.06    27.8696    27.8697 0.0000e+00
   2488.000     2.4008     2.4016   3.210522   3.210581     1.8050    -0.3789     0.3554    34.8958 5.6470e+02   2450.078    34.8946    34.8945     6.2160    1501.07    27.8700    27.8698 0.0000e+00
   2489.000     2.4040     2.4018   3.210866   3.210637     1.8057    -0.3786     0.3522    34.8956 5.6866e+02   2451.057    34.8949    34.8945     6.2198    1501.10    27.8699    27.8698 0.0000e+00
   2490.000     2.4006     2.4014   3.210601   3.210659     1.8063    -0.3918     0.3508    34.8955 5.6166e+02   2452.036    34.8949    34.8947     6.2238    1501.10    27.8702    27.8700 0.0000e+00
   2491.000     2.3988     2.3994   3.210413   3.210503     1.8062    -0.3854     0.3536    34.8953 5.5922e+02   2453.015    34.8941    34.8945     6.2245    1501.11    27.8697    27.8700 0.0000e+00
   2492.000     2.3944     2.3951   3.210095   3.210185     1.8063    -0.3748     0.3578    34.8954 5.5789e+02   2453.994    34.8943    34.8947     6.2268    1501.11    27.8703    27.8705 0.0000e+00
   2493.000     2.3929     2.3936   3.210021   3.210076     1.8058    -0.3717     0.3558    34.8954 5.5791e+02   2454.973    34.8946    34.8945     6.2253    1501.12    27.8706    27.8705 0.0000e+00
   2494.000     2.3913     2.3918   3.209891   3.209938     1.8061    -0.3729     0.3559    34.8954 5.5924e+02   2455.952    34.8942    34.8943     6.2279    1501.13    27.8704    27.8705 0.0000e+00
   2495.000     2.3881     2.3887   3.209671   3.209721     1.8057    -0.3722     0.3541    34.8953 5.5969e+02   2456.932    34.8946    34.8945     6.2274    1501.13    27.8710    27.8709 0.0000e+00
