Ship_data/Irminger/Irminger-5/ctd/process/dar30-03021.cnv
* Sea-Bird SBE 9 Data File:
* FileName = D:\Data\ar30-03021.hdr
* Software Version Seasave V 7.23.2
* Temperature SN = 4312
* Conductivity SN = 2148
* Number of Bytes Per Scan = 44
* Number of Voltage Words = 5
* Number of Scans Averaged by the Deck Unit = 1
* NMEA Latitude = 59 51.42 N
* NMEA Longitude = 039 13.43 W
* NMEA UTC (Time) = Jun 19 2018  18:21:51
** Cruise ID: ar30-03
** Chief Sci: Macdonald
** Station #: 021
** Site ID: Irminger 5 Gliders 2
** ctd cast to 1000 meters near OOI gliders
# nquan = 18
# nvalues = 1013                        
# units = specified
# name 0 = prDM: Pressure, Digiquartz [db]
# name 1 = t090C: Temperature [ITS-90, deg C]
# name 2 = t190C: Temperature, 2 [ITS-90, deg C]
# name 3 = c0S/m: Conductivity [S/m]
# name 4 = c1S/m: Conductivity, 2 [S/m]
# name 5 = sbeox0V: Oxygen raw, SBE 43 [V]
# name 6 = flECO-AFL: Fluorescence, WET Labs ECO-AFL/FL [mg/m^3]
# name 7 = turbWETntu0: Turbidity, WET Labs ECO [NTU]
# name 8 = sal00: Salinity, Practical [PSU]
# name 9 = spar: SPAR/Surface Irradiance
# name 10 = depSM: Depth [salt water, m], lat = 59.857
# name 11 = sal00: Salinity, Practical [PSU]
# name 12 = sal11: Salinity, Practical, 2 [PSU]
# name 13 = sbeox0ML/L: Oxygen, SBE 43 [ml/l], WS = 2
# name 14 = svCM: Sound Velocity [Chen-Millero, m/s]
# name 15 = sigma-é00: Density [sigma-theta, kg/m^3]
# name 16 = sigma-é11: Density, 2 [sigma-theta, kg/m^3]
# name 17 = flag: flag
# span 0 =      4.000,   1016.000       
# span 1 =     3.2979,     6.3760       
# span 2 =     3.2979,     6.3854       
# span 3 =   3.217722,   3.458835       
# span 4 =   3.218034,   3.460154       
# span 5 =     2.1889,     2.8719       
# span 6 =    -0.4152,     7.2764       
# span 7 =     0.3536,     1.0219       
# span 8 =    34.8367,    34.8984       
# span 9 = 5.5206e+02, 7.1861e+02       
# span 10 =      3.962,   1003.976      
# span 11 =    34.7968,    34.8988      
# span 12 =    34.8474,    34.9013      
# span 13 =     6.4101,     7.3978      
# span 14 =    1468.69,    1480.22      
# span 15 =    27.3789,    27.7499      
# span 16 =    27.3940,    27.7505      
# span 17 = 0.0000e+00, 0.0000e+00      
# interval = decibars: 1                
# start_time = Jun 19 2018 18:21:51 [System UTC, first data scan.]
# bad_flag = -9.990e-29
*END*
[from data line 483]
    487.000     3.4800     3.4799   3.220758   3.220901     2.3205    -0.3799     0.3728    34.8763 6.3656e+02    481.847    34.8764    34.8783     6.4883    1472.27    27.7440    27.7454 0.0000e+00
    488.000     3.4810     3.4804   3.220964   3.221006     2.3203    -0.3887     0.3726    34.8765 6.3474e+02    482.835    34.8773    34.8784     6.4882    1472.29    27.7446    27.7455 0.0000e+00
    489.000     3.4909     3.4911   3.222125   3.222200     2.3201    -0.3926     0.3726    34.8783 6.3248e+02    483.823    34.8801    34.8808     6.4863    1472.35    27.7458    27.7464 0.0000e+00
    490.000     3.4936     3.4934   3.222268   3.222402     2.3205    -0.3803     0.3714    34.8780 6.2907e+02    484.811    34.8784    34.8802     6.4883    1472.37    27.7443    27.7457 0.0000e+00
    491.000     3.4955     3.4952   3.222559   3.222665     2.3207    -0.3730     0.3686    34.8784 6.2545e+02    485.800    34.8793    34.8809     6.4896    1472.40    27.7448    27.7460 0.0000e+00
    492.000     3.4974     3.4973   3.222751   3.222895     2.3204    -0.3787     0.3681    34.8786 6.2578e+02    486.788    34.8791    34.8809     6.4890    1472.42    27.7444    27.7459 0.0000e+00
    493.000     3.4972     3.4967   3.222784   3.222889     2.3193    -0.3863     0.3723    34.8788 6.3035e+02    487.776    34.8792    34.8809     6.4858    1472.44    27.7445    27.7460 0.0000e+00
    494.000     3.4980     3.4973   3.222932   3.223011     2.3182    -0.3742     0.3726    34.8791 6.3201e+02    488.764    34.8796    34.8812     6.4826    1472.46    27.7447    27.7461 0.0000e+00
    495.000     3.4987     3.4986   3.223025   3.223173     2.3180    -0.3701     0.3711    34.8790 6.3111e+02    489.753    34.8794    34.8813     6.4827    1472.48    27.7445    27.7461 0.0000e+00
    496.000     3.4986     3.4986   3.223061   3.223216     2.3173    -0.3764     0.3711    34.8790 6.2825e+02    490.741    34.8793    34.8812     6.4810    1472.50    27.7445    27.7460 0.0000e+00
    497.000     3.4991     3.4989   3.223150   3.223282     2.3180    -0.3917     0.3730    34.8791 6.2496e+02    491.729    34.8793    34.8811     6.4843    1472.51    27.7445    27.7459 0.0000e+00
    498.000     3.4990     3.4992   3.223181   3.223350     2.3177    -0.3924     0.3642    34.8790 6.2669e+02    492.717    34.8793    34.8812     6.4839    1472.53    27.7445    27.7460 0.0000e+00
    499.000     3.4992     3.4991   3.223243   3.223398     2.3170    -0.3717     0.3674    34.8791 6.2861e+02    493.705    34.8793    34.8813     6.4823    1472.55    27.7445    27.7460 0.0000e+00
    500.000     3.4997     3.4996   3.223362   3.223492     2.3169    -0.3824     0.3678    34.8792 6.2776e+02    494.694    34.8797    34.8814     6.4829    1472.57    27.7447    27.7461 0.0000e+00
    501.000     3.5006     3.5004   3.223475   3.223618     2.3167    -0.3917     0.3687    34.8793 6.2607e+02    495.682    34.8796    34.8814     6.4827    1472.59    27.7446    27.7461 0.0000e+00
    502.000     3.5006     3.5004   3.223521   3.223662     2.3168    -0.3726     0.3729    34.8793 6.2365e+02    496.670    34.8796    34.8815     6.4838    1472.60    27.7445    27.7461 0.0000e+00
    503.000     3.5007     3.5006   3.223578   3.223729     2.3159    -0.3736     0.3723    34.8793 6.2030e+02    497.658    34.8795    34.8815     6.4814    1472.62    27.7445    27.7461 0.0000e+00
    504.000     3.5010     3.5009   3.223654   3.223801     2.3157    -0.3866     0.3692    34.8795 6.2023e+02    498.646    34.8796    34.8815     6.4817    1472.64    27.7445    27.7461 0.0000e+00
    505.000     3.5006     3.5004   3.223648   3.223794     2.3148    -0.3663     0.3716    34.8794 6.2209e+02    499.635    34.8795    34.8814     6.4792    1472.65    27.7445    27.7461 0.0000e+00
    506.000     3.4999     3.4999   3.223637   3.223784     2.3146    -0.3834     0.3657    34.8795 6.2484e+02    500.623    34.8795    34.8813     6.4797    1472.67    27.7446    27.7461 0.0000e+00
    507.000     3.4985     3.4985   3.223553   3.223707     2.3146    -0.3928     0.3649    34.8795 6.2482e+02    501.611    34.8794    34.8813     6.4806    1472.68    27.7447    27.7462 0.0000e+00
    508.000     3.4974     3.4973   3.223499   3.223644     2.3145    -0.3928     0.3673    34.8794 6.2329e+02    502.599    34.8794    34.8813     6.4811    1472.69    27.7448    27.7463 0.0000e+00
    509.000     3.4966     3.4966   3.223457   3.223616     2.3143    -0.3915     0.3681    34.8794 6.2039e+02    503.587    34.8792    34.8812     6.4816    1472.70    27.7447    27.7463 0.0000e+00
    510.000     3.4955     3.4954   3.223388   3.223550     2.3144    -0.3928     0.3678    34.8793 6.1830e+02    504.575    34.8791    34.8812     6.4830    1472.71    27.7448    27.7464 0.0000e+00
    511.000     3.4948     3.4948   3.223387   3.223528     2.3138    -0.3690     0.3680    34.8793 6.1704e+02    505.564    34.8792    34.8810     6.4819    1472.73    27.7449    27.7463 0.0000e+00
    512.000     3.4943     3.4947   3.223360   3.223561     2.3133    -0.3716     0.3645    34.8791 6.1611e+02    506.552    34.8789    34.8809     6.4810    1472.74    27.7447    27.7463 0.0000e+00
    513.000     3.4934     3.4935   3.223330   3.223487     2.3130    -0.4045     0.3652    34.8791 6.1803e+02    507.540    34.8790    34.8808     6.4807    1472.75    27.7449    27.7463 0.0000e+00
    514.000     3.4930     3.4929   3.223341   3.223476     2.3121    -0.3920     0.3680    34.8792 6.2004e+02    508.528    34.8791    34.8808     6.4784    1472.77    27.7450    27.7464 0.0000e+00
    515.000     3.4928     3.4927   3.223369   3.223511     2.3121    -0.4003     0.3680    34.8791 6.1926e+02    509.516    34.8791    34.8809     6.4794    1472.78    27.7450    27.7465 0.0000e+00
    516.000     3.4927     3.4926   3.223403   3.223542     2.3117    -0.4003     0.3685    34.8791 6.1843e+02    510.504    34.8790    34.8808     6.4788    1472.80    27.7450    27.7464 0.0000e+00
    517.000     3.4925     3.4924   3.223419   3.223562     2.3119    -0.3706     0.3676    34.8790 6.1710e+02    511.492    34.8790    34.8808     6.4806    1472.81    27.7450    27.7464 0.0000e+00
    518.000     3.4921     3.4921   3.223429   3.223582     2.3121    -0.3734     0.3646    34.8791 6.1593e+02    512.480    34.8790    34.8807     6.4821    1472.83    27.7450    27.7464 0.0000e+00
    519.000     3.4918     3.4917   3.223462   3.223586     2.3115    -0.3945     0.3738    34.8791 6.1557e+02    513.469    34.8791    34.8807     6.4809    1472.85    27.7452    27.7465 0.0000e+00
    520.000     3.4916     3.4915   3.223475   3.223619     2.3110    -0.3939     0.3726    34.8790 6.1380e+02    514.457    34.8789    34.8807     6.4799    1472.86    27.7450    27.7465 0.0000e+00
    521.000     3.4915     3.4914   3.223515   3.223651     2.3109    -0.3713     0.3676    34.8790 6.1202e+02    515.445    34.8790    34.8807     6.4804    1472.88    27.7451    27.7465 0.0000e+00
    522.000     3.4908     3.4908   3.223460   3.223634     2.3110    -0.3804     0.3648    34.8787 6.1100e+02    516.433    34.8785    34.8806     6.4817    1472.89    27.7448    27.7465 0.0000e+00
    523.000     3.4898     3.4898   3.223421   3.223571     2.3108    -0.3922     0.3675    34.8787 6.1278e+02    517.421    34.8786    34.8804     6.4821    1472.90    27.7450    27.7464 0.0000e+00
    524.000     3.4885     3.4885   3.223364   3.223502     2.3096    -0.3939     0.3713    34.8788 6.1638e+02    518.409    34.8787    34.8804     6.4788    1472.91    27.7452    27.7466 0.0000e+00
    525.000     3.4881     3.4879   3.223351   3.223497     2.3096    -0.4025     0.3683    34.8787 6.1619e+02    519.397    34.8785    34.8804     6.4796    1472.93    27.7451    27.7466 0.0000e+00
    526.000     3.4871     3.4870   3.223312   3.223436     2.3096    -0.4083     0.3670    34.8787 6.1478e+02    520.385    34.8786    34.8802     6.4808    1472.94    27.7453    27.7466 0.0000e+00
    527.000     3.4866     3.4866   3.223303   3.223457     2.3094    -0.3885     0.3724    34.8786 6.1230e+02    521.373    34.8784    34.8803     6.4809    1472.95    27.7452    27.7467 0.0000e+00
    528.000     3.4860     3.4859   3.223286   3.223426     2.3085    -0.3723     0.3691    34.8786 6.0996e+02    522.361    34.8784    34.8801     6.4788    1472.97    27.7452    27.7466 0.0000e+00
    529.000     3.4853     3.4854   3.223270   3.223424     2.3085    -0.3854     0.3680    34.8785 6.0751e+02    523.349    34.8783    34.8801     6.4796    1472.98    27.7453    27.7467 0.0000e+00
    530.000     3.4853     3.4852   3.223312   3.223447     2.3084    -0.4042     0.3682    34.8784 6.0676e+02    524.337    34.8784    34.8801     6.4802    1473.00    27.7453    27.7467 0.0000e+00
    531.000     3.4853     3.4852   3.223362   3.223495     2.3081    -0.4000     0.3678    34.8785 6.0644e+02    525.326    34.8784    34.8801     6.4799    1473.01    27.7453    27.7467 0.0000e+00
    532.000     3.4848     3.4846   3.223353   3.223469     2.3078    -0.3911     0.3709    34.8784 6.0632e+02    526.314    34.8782    34.8800     6.4799    1473.03    27.7453    27.7466 0.0000e+00
    533.000     3.4851     3.4849   3.223417   3.223543     2.3074    -0.3845     0.3725    34.8783 6.0832e+02    527.302    34.8782    34.8800     6.4792    1473.05    27.7452    27.7466 0.0000e+00
    534.000     3.4840     3.4843   3.223358   3.223531     2.3073    -0.3826     0.3724    34.8783 6.1129e+02    528.290    34.8782    34.8799     6.4797    1473.06    27.7453    27.7467 0.0000e+00
    535.000     3.4835     3.4834   3.223369   3.223510     2.3073    -0.3896     0.3668    34.8784 6.1036e+02    529.278    34.8783    34.8801     6.4807    1473.07    27.7455    27.7469 0.0000e+00
    536.000     3.4833     3.4832   3.223394   3.223526     2.3072    -0.3923     0.3651    34.8783 6.0917e+02    530.266    34.8782    34.8800     6.4812    1473.09    27.7454    27.7468 0.0000e+00
    537.000     3.4834     3.4832   3.223452   3.223583     2.3070    -0.3925     0.3632    34.8783 6.0745e+02    531.254    34.8783    34.8801     6.4815    1473.10    27.7455    27.7469 0.0000e+00
    538.000     3.4819     3.4812   3.223340   3.223421     2.3072    -0.3907     0.3662    34.8781 6.0477e+02    532.242    34.8781    34.8797     6.4830    1473.11    27.7454    27.7468 0.0000e+00
    539.000     3.4833     3.4806   3.223507   3.223390     2.3070    -0.3857     0.3684    34.8781 6.0236e+02    533.230    34.8780    34.8795     6.4832    1473.14    27.7453    27.7467 0.0000e+00
    540.000     3.4801     3.4801   3.223221   3.223386     2.3067    -0.3821     0.3681    34.8777 6.0226e+02    534.218    34.8775    34.8794     6.4833    1473.14    27.7452    27.7467 0.0000e+00
    541.000     3.4825     3.4809   3.223511   3.223522     2.3057    -0.3938     0.3678    34.8781 6.0226e+02    535.206    34.8779    34.8797     6.4801    1473.17    27.7452    27.7469 0.0000e+00
    542.000     3.4790     3.4796   3.223204   3.223413     2.3049    -0.3919     0.3682    34.8776 6.0226e+02    536.194    34.8773    34.8792     6.4790    1473.17    27.7452    27.7466 0.0000e+00
    543.000     3.4769     3.4772   3.223047   3.223232     2.3047    -0.3931     0.3651    34.8775 6.0209e+02    537.182    34.8772    34.8791     6.4793    1473.17    27.7453    27.7468 0.0000e+00
    544.000     3.4752     3.4754   3.222932   3.223090     2.3049    -0.3917     0.3678    34.8773 6.0258e+02    538.170    34.8770    34.8787     6.4811    1473.18    27.7453    27.7467 0.0000e+00
    545.000     3.4762     3.4751   3.223117   3.223121     2.3045    -0.3707     0.3645    34.8775 6.0344e+02    539.158    34.8777    34.8789     6.4806    1473.21    27.7457    27.7468 0.0000e+00
    546.000     3.4763     3.4758   3.223117   3.223230     2.3045    -0.3911     0.3633    34.8773 6.0376e+02    540.146    34.8770    34.8789     6.4813    1473.22    27.7452    27.7468 0.0000e+00
    547.000     3.4751     3.4754   3.223082   3.223236     2.3041    -0.3735     0.3668    34.8774 6.0238e+02    541.134    34.8774    34.8789     6.4807    1473.23    27.7456    27.7468 0.0000e+00
    548.000     3.4754     3.4754   3.223142   3.223286     2.3037    -0.3949     0.3680    34.8774 6.0090e+02    542.122    34.8773    34.8790     6.4800    1473.25    27.7455    27.7469 0.0000e+00
    549.000     3.4746     3.4748   3.223102   3.223253     2.3034    -0.4036     0.3682    34.8773 5.9810e+02    543.110    34.8770    34.8787     6.4802    1473.26    27.7454    27.7467 0.0000e+00
    550.000     3.4740     3.4738   3.223083   3.223215     2.3027    -0.3884     0.3690    34.8771 5.9537e+02    544.098    34.8770    34.8787     6.4786    1473.28    27.7454    27.7468 0.0000e+00
    551.000     3.4741     3.4741   3.223131   3.223280     2.3024    -0.3691     0.3710    34.8770 5.9336e+02    545.086    34.8769    34.8787     6.4783    1473.29    27.7453    27.7468 0.0000e+00
    552.000     3.4729     3.4732   3.223069   3.223224     2.3025    -0.3834     0.3650    34.8769 5.9714e+02    546.074    34.8769    34.8785     6.4795    1473.31    27.7454    27.7467 0.0000e+00
    553.000     3.4730     3.4728   3.223135   3.223252     2.3025    -0.3703     0.3680    34.8771 6.0012e+02    547.062    34.8770    34.8786     6.4805    1473.32    27.7456    27.7469 0.0000e+00
    554.000     3.4729     3.4726   3.223157   3.223274     2.3026    -0.3914     0.3680    34.8770 6.0024e+02    548.049    34.8769    34.8786     6.4819    1473.34    27.7455    27.7469 0.0000e+00
    555.000     3.4723     3.4723   3.223141   3.223290     2.3025    -0.3894     0.3725    34.8769 5.9937e+02    549.037    34.8768    34.8785     6.4824    1473.35    27.7454    27.7469 0.0000e+00
    556.000     3.4721     3.4723   3.223170   3.223329     2.3014    -0.3773     0.3685    34.8769 5.9752e+02    550.025    34.8769    34.8786     6.4794    1473.37    27.7456    27.7469 0.0000e+00
    557.000     3.4720     3.4719   3.223197   3.223337     2.3007    -0.3686     0.3635    34.8768 5.9448e+02    551.013    34.8767    34.8785     6.4778    1473.38    27.7455    27.7469 0.0000e+00
    558.000     3.4719     3.4719   3.223233   3.223377     2.3001    -0.3899     0.3638    34.8767 5.9125e+02    552.001    34.8767    34.8785     6.4763    1473.40    27.7455    27.7469 0.0000e+00
    559.000     3.4715     3.4715   3.223235   3.223371     2.2997    -0.3889     0.3676    34.8767 5.8902e+02    552.989    34.8766    34.8783     6.4756    1473.41    27.7454    27.7468 0.0000e+00
    560.000     3.4702     3.4704   3.223141   3.223303     2.2988    -0.3620     0.3678    34.8766 5.9209e+02    553.977    34.8764    34.8781     6.4735    1473.42    27.7454    27.7468 0.0000e+00
    561.000     3.4684     3.4686   3.223037   3.223190     2.2988    -0.3910     0.3678    34.8767 5.9663e+02    554.965    34.8765    34.8782     6.4748    1473.43    27.7457    27.7470 0.0000e+00
    562.000     3.4669     3.4668   3.222884   3.223053     2.2982    -0.3939     0.3722    34.8763 5.9739e+02    555.953    34.8757    34.8779     6.4738    1473.44    27.7452    27.7469 0.0000e+00
    563.000     3.4645     3.4649   3.222749   3.222927     2.2980    -0.3912     0.3713    34.8763 5.9594e+02    556.941    34.8761    34.8778     6.4742    1473.45    27.7457    27.7471 0.0000e+00
    564.000     3.4646     3.4649   3.222795   3.222967     2.2980    -0.3912     0.3680    34.8763 5.9380e+02    557.929    34.8761    34.8778     6.4751    1473.47    27.7457    27.7471 0.0000e+00
    565.000     3.4646     3.4646   3.222828   3.222975     2.2976    -0.3748     0.3641    34.8761 5.8981e+02    558.917    34.8759    34.8776     6.4743    1473.48    27.7456    27.7470 0.0000e+00
