Ship_data/Irminger/Irminger-5/ctd/process/dar30-03021.cnv
* Sea-Bird SBE 9 Data File:
* FileName = D:\Data\ar30-03021.hdr
* Software Version Seasave V 7.23.2
* Temperature SN = 4312
* Conductivity SN = 2148
* Number of Bytes Per Scan = 44
* Number of Voltage Words = 5
* Number of Scans Averaged by the Deck Unit = 1
* NMEA Latitude = 59 51.42 N
* NMEA Longitude = 039 13.43 W
* NMEA UTC (Time) = Jun 19 2018  18:21:51
** Cruise ID: ar30-03
** Chief Sci: Macdonald
** Station #: 021
** Site ID: Irminger 5 Gliders 2
** ctd cast to 1000 meters near OOI gliders
# nquan = 18
# nvalues = 1013                        
# units = specified
# name 0 = prDM: Pressure, Digiquartz [db]
# name 1 = t090C: Temperature [ITS-90, deg C]
# name 2 = t190C: Temperature, 2 [ITS-90, deg C]
# name 3 = c0S/m: Conductivity [S/m]
# name 4 = c1S/m: Conductivity, 2 [S/m]
# name 5 = sbeox0V: Oxygen raw, SBE 43 [V]
# name 6 = flECO-AFL: Fluorescence, WET Labs ECO-AFL/FL [mg/m^3]
# name 7 = turbWETntu0: Turbidity, WET Labs ECO [NTU]
# name 8 = sal00: Salinity, Practical [PSU]
# name 9 = spar: SPAR/Surface Irradiance
# name 10 = depSM: Depth [salt water, m], lat = 59.857
# name 11 = sal00: Salinity, Practical [PSU]
# name 12 = sal11: Salinity, Practical, 2 [PSU]
# name 13 = sbeox0ML/L: Oxygen, SBE 43 [ml/l], WS = 2
# name 14 = svCM: Sound Velocity [Chen-Millero, m/s]
# name 15 = sigma-é00: Density [sigma-theta, kg/m^3]
# name 16 = sigma-é11: Density, 2 [sigma-theta, kg/m^3]
# name 17 = flag: flag
# span 0 =      4.000,   1016.000       
# span 1 =     3.2979,     6.3760       
# span 2 =     3.2979,     6.3854       
# span 3 =   3.217722,   3.458835       
# span 4 =   3.218034,   3.460154       
# span 5 =     2.1889,     2.8719       
# span 6 =    -0.4152,     7.2764       
# span 7 =     0.3536,     1.0219       
# span 8 =    34.8367,    34.8984       
# span 9 = 5.5206e+02, 7.1861e+02       
# span 10 =      3.962,   1003.976      
# span 11 =    34.7968,    34.8988      
# span 12 =    34.8474,    34.9013      
# span 13 =     6.4101,     7.3978      
# span 14 =    1468.69,    1480.22      
# span 15 =    27.3789,    27.7499      
# span 16 =    27.3940,    27.7505      
# span 17 = 0.0000e+00, 0.0000e+00      
# interval = decibars: 1                
# start_time = Jun 19 2018 18:21:51 [System UTC, first data scan.]
# bad_flag = -9.990e-29
*END*
[from data line 644]
    648.000     3.3994     3.3994   3.220087   3.220228     2.2796    -0.3924     0.3703    34.8684 5.5795e+02    640.895    34.8683    34.8700     6.4911    1474.56    27.7464    27.7478 0.0000e+00
    649.000     3.3992     3.3988   3.220125   3.220217     2.2796    -0.3727     0.3613    34.8684 5.5583e+02    641.883    34.8684    34.8700     6.4918    1474.58    27.7466    27.7478 0.0000e+00
    650.000     3.3996     3.3996   3.220206   3.220336     2.2796    -0.3891     0.3602    34.8684 5.5370e+02    642.870    34.8684    34.8701     6.4926    1474.60    27.7465    27.7478 0.0000e+00
    651.000     3.3996     3.3997   3.220236   3.220385     2.2796    -0.4050     0.3632    34.8684 5.5417e+02    643.858    34.8683    34.8700     6.4934    1474.62    27.7464    27.7478 0.0000e+00
    652.000     3.3996     3.3997   3.220274   3.220416     2.2789    -0.3914     0.3629    34.8683 5.5829e+02    644.845    34.8683    34.8698     6.4917    1474.63    27.7464    27.7477 0.0000e+00
    653.000     3.3990     3.3987   3.220263   3.220357     2.2787    -0.4078     0.3632    34.8682 5.6450e+02    645.833    34.8683    34.8697     6.4920    1474.65    27.7465    27.7476 0.0000e+00
    654.000     3.4002     3.4000   3.220431   3.220548     2.2784    -0.3914     0.3633    34.8684 5.6312e+02    646.820    34.8684    34.8700     6.4916    1474.67    27.7465    27.7478 0.0000e+00
    655.000     3.3984     3.3984   3.220278   3.220422     2.2784    -0.3928     0.3773    34.8682 5.5884e+02    647.807    34.8679    34.8697     6.4926    1474.68    27.7463    27.7477 0.0000e+00
    656.000     3.3972     3.3973   3.220218   3.220361     2.2783    -0.3927     0.3696    34.8682 5.5422e+02    648.795    34.8680    34.8696     6.4935    1474.69    27.7465    27.7477 0.0000e+00
    657.000     3.3962     3.3963   3.220160   3.220297     2.2779    -0.3876     0.3658    34.8680 5.5206e+02    649.782    34.8678    34.8694     6.4931    1474.70    27.7464    27.7477 0.0000e+00
    658.000     3.3963     3.3963   3.220204   3.220342     2.2772    -0.3929     0.3631    34.8678 5.5284e+02    650.770    34.8678    34.8694     6.4913    1474.72    27.7464    27.7477 0.0000e+00
    659.000     3.3948     3.3948   3.220086   3.220230     2.2776    -0.3902     0.3676    34.8676 5.5999e+02    651.757    34.8674    34.8691     6.4939    1474.73    27.7462    27.7476 0.0000e+00
    660.000     3.3946     3.3944   3.220143   3.220240     2.2783    -0.3675     0.3620    34.8678 5.6419e+02    652.745    34.8678    34.8691     6.4973    1474.74    27.7466    27.7477 0.0000e+00
    661.000     3.3948     3.3946   3.220191   3.220304     2.2779    -0.3832     0.3610    34.8677 5.6305e+02    653.732    34.8676    34.8692     6.4968    1474.76    27.7464    27.7477 0.0000e+00
    662.000     3.3941     3.3939   3.220168   3.220279     2.2777    -0.3830     0.3631    34.8678 5.6020e+02    654.720    34.8675    34.8691     6.4967    1474.77    27.7464    27.7477 0.0000e+00
    663.000     3.3906     3.3901   3.219818   3.219925     2.2776    -0.3688     0.3629    34.8671 5.5575e+02    655.707    34.8665    34.8684     6.4979    1474.77    27.7460    27.7475 0.0000e+00
    664.000     3.3879     3.3880   3.219638   3.219785     2.2773    -0.3662     0.3633    34.8671 5.5323e+02    656.695    34.8668    34.8684     6.4981    1474.78    27.7464    27.7477 0.0000e+00
    665.000     3.3908     3.3908   3.220001   3.220134     2.2769    -0.3814     0.3630    34.8674 5.5913e+02    657.682    34.8674    34.8690     6.4971    1474.81    27.7467    27.7479 0.0000e+00
    666.000     3.3914     3.3916   3.220120   3.220272     2.2766    -0.3759     0.3633    34.8676 5.6325e+02    658.669    34.8677    34.8693     6.4966    1474.83    27.7468    27.7481 0.0000e+00
    667.000     3.3928     3.3926   3.220302   3.220405     2.2765    -0.3800     0.3631    34.8678 5.6424e+02    659.657    34.8679    34.8693     6.4970    1474.85    27.7469    27.7480 0.0000e+00
    668.000     3.3924     3.3925   3.220288   3.220428     2.2765    -0.3818     0.3653    34.8676 5.6297e+02    660.644    34.8676    34.8692     6.4977    1474.86    27.7467    27.7480 0.0000e+00
    669.000     3.3929     3.3929   3.220404   3.220524     2.2760    -0.3717     0.3675    34.8678 5.6031e+02    661.632    34.8679    34.8694     6.4967    1474.88    27.7469    27.7481 0.0000e+00
    670.000     3.3929     3.3928   3.220406   3.220553     2.2753    -0.3673     0.3636    34.8675 5.5631e+02    662.619    34.8674    34.8693     6.4950    1474.90    27.7465    27.7480 0.0000e+00
    671.000     3.3923     3.3924   3.220428   3.220554     2.2747    -0.3888     0.3673    34.8676 5.5366e+02    663.606    34.8678    34.8692     6.4938    1474.91    27.7468    27.7480 0.0000e+00
    672.000     3.3920     3.3920   3.220409   3.220551     2.2742    -0.3682     0.3582    34.8676 5.5487e+02    664.594    34.8673    34.8691     6.4928    1474.93    27.7465    27.7479 0.0000e+00
    673.000     3.3871     3.3870   3.219979   3.220100     2.2737    -0.3944     0.3628    34.8672 5.6083e+02    665.581    34.8669    34.8684     6.4927    1474.92    27.7467    27.7479 0.0000e+00
    674.000     3.3871     3.3865   3.220024   3.220107     2.2735    -0.4026     0.3629    34.8672 5.6639e+02    666.568    34.8668    34.8685     6.4929    1474.94    27.7466    27.7480 0.0000e+00
    675.000     3.3851     3.3856   3.219859   3.220054     2.2731    -0.3994     0.3629    34.8669 5.6598e+02    667.556    34.8665    34.8683     6.4924    1474.95    27.7466    27.7480 0.0000e+00
    676.000     3.3796     3.3803   3.219311   3.219552     2.2732    -0.4066     0.3616    34.8662 5.6315e+02    668.543    34.8652    34.8674     6.4949    1474.94    27.7461    27.7478 0.0000e+00
    677.000     3.3756     3.3755   3.219030   3.219150     2.2727    -0.3839     0.3597    34.8660 5.5999e+02    669.531    34.8656    34.8671     6.4945    1474.94    27.7468    27.7480 0.0000e+00
    678.000     3.3756     3.3758   3.219033   3.219219     2.2724    -0.3741     0.3627    34.8657 5.5784e+02    670.518    34.8652    34.8672     6.4944    1474.95    27.7464    27.7480 0.0000e+00
    679.000     3.3755     3.3764   3.219104   3.219313     2.2724    -0.3896     0.3579    34.8659 5.5876e+02    671.505    34.8656    34.8671     6.4950    1474.97    27.7468    27.7479 0.0000e+00
    680.000     3.3728     3.3721   3.218888   3.218932     2.2724    -0.3645     0.3583    34.8655 5.5994e+02    672.493    34.8653    34.8665     6.4964    1474.98    27.7468    27.7479 0.0000e+00
    681.000     3.3735     3.3731   3.219002   3.219095     2.2721    -0.3885     0.3621    34.8655 5.6144e+02    673.480    34.8654    34.8669     6.4961    1475.00    27.7469    27.7481 0.0000e+00
    682.000     3.3707     3.3710   3.218698   3.218894     2.2714    -0.3741     0.3628    34.8650 5.6198e+02    674.467    34.8641    34.8662     6.4951    1475.00    27.7461    27.7477 0.0000e+00
    683.000     3.3658     3.3656   3.218285   3.218402     2.2709    -0.3828     0.3635    34.8646 5.6323e+02    675.455    34.8639    34.8656     6.4948    1474.99    27.7464    27.7478 0.0000e+00
    684.000     3.3650     3.3649   3.218277   3.218393     2.2705    -0.3718     0.3680    34.8645 5.6424e+02    676.442    34.8642    34.8657     6.4942    1475.01    27.7467    27.7479 0.0000e+00
    685.000     3.3642     3.3640   3.218238   3.218345     2.2712    -0.4110     0.3673    34.8644 5.6543e+02    677.429    34.8640    34.8655     6.4978    1475.02    27.7466    27.7479 0.0000e+00
    686.000     3.3640     3.3638   3.218265   3.218364     2.2712    -0.3901     0.3581    34.8643 5.6621e+02    678.417    34.8641    34.8655     6.4987    1475.04    27.7467    27.7479 0.0000e+00
    687.000     3.3641     3.3640   3.218330   3.218432     2.2712    -0.3907     0.3583    34.8644 5.6606e+02    679.404    34.8641    34.8655     6.4995    1475.05    27.7468    27.7479 0.0000e+00
    688.000     3.3636     3.3637   3.218314   3.218452     2.2711    -0.3930     0.3626    34.8642 5.6487e+02    680.391    34.8640    34.8655     6.5003    1475.07    27.7467    27.7479 0.0000e+00
    689.000     3.3633     3.3633   3.218333   3.218457     2.2708    -0.3800     0.3629    34.8642 5.6360e+02    681.379    34.8640    34.8655     6.4998    1475.08    27.7467    27.7479 0.0000e+00
    690.000     3.3635     3.3634   3.218397   3.218508     2.2704    -0.3813     0.3631    34.8642 5.6207e+02    682.366    34.8640    34.8655     6.4991    1475.10    27.7467    27.7479 0.0000e+00
    691.000     3.3636     3.3637   3.218451   3.218571     2.2706    -0.3776     0.3629    34.8642 5.6404e+02    683.353    34.8641    34.8654     6.5009    1475.12    27.7468    27.7478 0.0000e+00
    692.000     3.3638     3.3638   3.218506   3.218638     2.2701    -0.3891     0.3629    34.8641 5.6655e+02    684.341    34.8640    34.8656     6.4998    1475.13    27.7467    27.7480 0.0000e+00
    693.000     3.3625     3.3631   3.218405   3.218593     2.2700    -0.3688     0.3633    34.8640 5.6809e+02    685.328    34.8636    34.8652     6.5005    1475.14    27.7466    27.7478 0.0000e+00
    694.000     3.3614     3.3614   3.218374   3.218495     2.2696    -0.3704     0.3634    34.8639 5.6832e+02    686.315    34.8639    34.8654     6.5000    1475.16    27.7469    27.7481 0.0000e+00
    695.000     3.3620     3.3618   3.218472   3.218565     2.2692    -0.3886     0.3629    34.8640 5.6666e+02    687.302    34.8639    34.8652     6.4995    1475.18    27.7468    27.7479 0.0000e+00
    696.000     3.3619     3.3618   3.218502   3.218616     2.2692    -0.3918     0.3629    34.8639 5.6594e+02    688.290    34.8638    34.8653     6.5001    1475.19    27.7468    27.7480 0.0000e+00
    697.000     3.3622     3.3622   3.218574   3.218703     2.2688    -0.3991     0.3629    34.8639 5.6457e+02    689.277    34.8638    34.8654     6.4995    1475.21    27.7468    27.7480 0.0000e+00
    698.000     3.3623     3.3623   3.218608   3.218740     2.2684    -0.3936     0.3621    34.8637 5.6737e+02    690.264    34.8636    34.8652     6.4988    1475.23    27.7466    27.7479 0.0000e+00
    699.000     3.3617     3.3616   3.218633   3.218731     2.2683    -0.3701     0.3616    34.8640 5.7261e+02    691.251    34.8641    34.8653     6.4993    1475.24    27.7470    27.7481 0.0000e+00
    700.000     3.3635     3.3627   3.218859   3.218902     2.2682    -0.3920     0.3679    34.8642 5.7279e+02    692.239    34.8643    34.8656     6.4997    1475.26    27.7471    27.7482 0.0000e+00
    701.000     3.3638     3.3633   3.218925   3.218998     2.2684    -0.3926     0.3626    34.8642 5.7211e+02    693.226    34.8642    34.8656     6.5012    1475.28    27.7470    27.7481 0.0000e+00
    702.000     3.3635     3.3636   3.218953   3.219083     2.2684    -0.3885     0.3609    34.8642 5.7075e+02    694.213    34.8643    34.8658     6.5020    1475.30    27.7471    27.7482 0.0000e+00
    703.000     3.3643     3.3639   3.219079   3.219149     2.2676    -0.3926     0.3586    34.8643 5.6838e+02    695.200    34.8645    34.8658     6.5000    1475.32    27.7471    27.7482 0.0000e+00
    704.000     3.3649     3.3650   3.219168   3.219299     2.2675    -0.3680     0.3630    34.8643 5.6627e+02    696.188    34.8644    34.8658     6.5001    1475.34    27.7471    27.7482 0.0000e+00
    705.000     3.3651     3.3650   3.219219   3.219341     2.2667    -0.3803     0.3630    34.8642 5.6757e+02    697.175    34.8642    34.8658     6.4980    1475.35    27.7469    27.7481 0.0000e+00
    706.000     3.3651     3.3650   3.219266   3.219383     2.2653    -0.3897     0.3624    34.8643 5.7350e+02    698.162    34.8643    34.8658     6.4936    1475.37    27.7470    27.7482 0.0000e+00
    707.000     3.3634     3.3636   3.219136   3.219289     2.2649    -0.3852     0.3605    34.8641 5.7629e+02    699.149    34.8639    34.8656     6.4933    1475.38    27.7468    27.7482 0.0000e+00
    708.000     3.3621     3.3619   3.219070   3.219167     2.2641    -0.3678     0.3680    34.8641 5.7654e+02    700.137    34.8640    34.8655     6.4917    1475.39    27.7470    27.7482 0.0000e+00
    709.000     3.3621     3.3621   3.219095   3.219236     2.2641    -0.3612     0.3628    34.8640 5.7445e+02    701.124    34.8638    34.8655     6.4925    1475.41    27.7468    27.7482 0.0000e+00
    710.000     3.3607     3.3608   3.219026   3.219157     2.2640    -0.3778     0.3629    34.8640 5.7275e+02    702.111    34.8640    34.8654     6.4931    1475.42    27.7471    27.7483 0.0000e+00
    711.000     3.3611     3.3617   3.219114   3.219294     2.2639    -0.3866     0.3629    34.8640 5.7047e+02    703.098    34.8640    34.8656     6.4937    1475.44    27.7471    27.7484 0.0000e+00
    712.000     3.3613     3.3618   3.219169   3.219335     2.2639    -0.3890     0.3629    34.8639 5.6851e+02    704.085    34.8640    34.8655     6.4945    1475.45    27.7471    27.7483 0.0000e+00
    713.000     3.3618     3.3622   3.219247   3.219413     2.2632    -0.3908     0.3629    34.8639 5.6879e+02    705.073    34.8638    34.8655     6.4927    1475.47    27.7469    27.7482 0.0000e+00
    714.000     3.3621     3.3619   3.219316   3.219427     2.2626    -0.3757     0.3607    34.8638 5.7805e+02    706.060    34.8638    34.8653     6.4911    1475.49    27.7469    27.7482 0.0000e+00
    715.000     3.3617     3.3615   3.219323   3.219448     2.2626    -0.3692     0.3629    34.8638 5.8448e+02    707.047    34.8638    34.8655     6.4921    1475.50    27.7469    27.7483 0.0000e+00
    716.000     3.3603     3.3602   3.219219   3.219355     2.2624    -0.3677     0.3629    34.8638 5.8312e+02    708.034    34.8636    34.8652     6.4924    1475.51    27.7469    27.7482 0.0000e+00
    717.000     3.3591     3.3593   3.219167   3.219308     2.2625    -0.3875     0.3632    34.8638 5.7874e+02    709.021    34.8636    34.8651     6.4939    1475.53    27.7471    27.7483 0.0000e+00
    718.000     3.3585     3.3586   3.219153   3.219274     2.2626    -0.3801     0.3629    34.8636 5.7373e+02    710.008    34.8636    34.8650     6.4951    1475.54    27.7471    27.7482 0.0000e+00
    719.000     3.3590     3.3585   3.219215   3.219290     2.2627    -0.3692     0.3629    34.8636 5.6979e+02    710.996    34.8633    34.8648     6.4962    1475.56    27.7468    27.7481 0.0000e+00
    720.000     3.3564     3.3562   3.219015   3.219124     2.2623    -0.3934     0.3629    34.8633 5.6868e+02    711.983    34.8632    34.8646     6.4960    1475.56    27.7470    27.7482 0.0000e+00
    721.000     3.3566     3.3564   3.219083   3.219180     2.2615    -0.3938     0.3588    34.8633 5.7262e+02    712.970    34.8632    34.8646     6.4940    1475.58    27.7470    27.7481 0.0000e+00
    722.000     3.3556     3.3554   3.218990   3.219115     2.2603    -0.3705     0.3627    34.8629 5.8152e+02    713.957    34.8626    34.8643     6.4905    1475.59    27.7467    27.7480 0.0000e+00
    723.000     3.3547     3.3549   3.218966   3.219107     2.2597    -0.3992     0.3630    34.8629 5.8644e+02    714.944    34.8628    34.8642     6.4893    1475.61    27.7469    27.7480 0.0000e+00
    724.000     3.3547     3.3550   3.219021   3.219175     2.2593    -0.4006     0.3659    34.8629 5.8480e+02    715.931    34.8629    34.8645     6.4886    1475.62    27.7469    27.7482 0.0000e+00
    725.000     3.3546     3.3548   3.219049   3.219203     2.2597    -0.3752     0.3649    34.8629 5.8036e+02    716.919    34.8628    34.8644     6.4911    1475.64    27.7469    27.7482 0.0000e+00
    726.000     3.3547     3.3547   3.219121   3.219239     2.2602    -0.3792     0.3629    34.8630 5.7681e+02    717.906    34.8630    34.8645     6.4937    1475.66    27.7471    27.7482 0.0000e+00
