Ship_data/Irminger/Irminger-5/ctd/process/dar30-03017.cnv
* Sea-Bird SBE 9 Data File:
* FileName = D:\Data\ar30-03017.hdr
* Software Version Seasave V 7.23.2
* Temperature SN = 4312
* Conductivity SN = 2148
* Number of Bytes Per Scan = 44
* Number of Voltage Words = 5
* Number of Scans Averaged by the Deck Unit = 1
* NMEA Latitude = 59 51.17 N
* NMEA Longitude = 040 42.29 W
* NMEA UTC (Time) = Jun 18 2018  13:04:33
** Cruise ID: ar30-03
** Chief Sci: Macdonald
** Station #: 017
** Site ID: Irminger 5 OSNAP M2
# nquan = 18
# nvalues = 2491                        
# units = specified
# name 0 = prDM: Pressure, Digiquartz [db]
# name 1 = t090C: Temperature [ITS-90, deg C]
# name 2 = t190C: Temperature, 2 [ITS-90, deg C]
# name 3 = c0S/m: Conductivity [S/m]
# name 4 = c1S/m: Conductivity, 2 [S/m]
# name 5 = sbeox0V: Oxygen raw, SBE 43 [V]
# name 6 = flECO-AFL: Fluorescence, WET Labs ECO-AFL/FL [mg/m^3]
# name 7 = turbWETntu0: Turbidity, WET Labs ECO [NTU]
# name 8 = sal00: Salinity, Practical [PSU]
# name 9 = spar: SPAR/Surface Irradiance
# name 10 = depSM: Depth [salt water, m], lat = 59.8528
# name 11 = sal00: Salinity, Practical [PSU]
# name 12 = sal11: Salinity, Practical, 2 [PSU]
# name 13 = sbeox0ML/L: Oxygen, SBE 43 [ml/l], WS = 2
# name 14 = svCM: Sound Velocity [Chen-Millero, m/s]
# name 15 = sigma-é00: Density [sigma-theta, kg/m^3]
# name 16 = sigma-é11: Density, 2 [sigma-theta, kg/m^3]
# name 17 = flag: flag
# span 0 =      4.000,   2494.000       
# span 1 =     1.5085,     6.5474       
# span 2 =     1.5092,     6.5475       
# span 3 =   3.130507,   3.475756       
# span 4 =   3.130590,   3.475894       
# span 5 =     1.8188,     2.8224       
# span 6 =    -0.4193,     8.1276       
# span 7 =     0.3433,     0.7129       
# span 8 =    34.8589,    34.9257       
# span 9 = 8.6155e+02, 1.9884e+03       
# span 10 =      3.962,   2455.926      
# span 11 =    34.8546,    34.9256      
# span 12 =    34.8599,    34.9262      
# span 13 =     5.9332,     7.2844      
# span 14 =    1471.63,    1497.27      
# span 15 =    27.3815,    27.9311      
# span 16 =    27.3830,    27.9310      
# span 17 = 0.0000e+00, 0.0000e+00      
# interval = decibars: 1                
# start_time = Jun 18 2018 13:04:33 [System UTC, first data scan.]
# bad_flag = -9.990e-29
*END*
[from data line 1046]
   1050.000     3.3388     3.3389   3.231617   3.231727     2.1733    -0.3736     0.3570    34.8608 9.8031e+02   1037.490    34.8607    34.8618     6.4411    1480.94    27.7491    27.7500 0.0000e+00
   1051.000     3.3382     3.3383   3.231611   3.231705     2.1724    -0.3787     0.3554    34.8607 9.8248e+02   1038.476    34.8607    34.8617     6.4388    1480.96    27.7492    27.7500 0.0000e+00
   1052.000     3.3390     3.3385   3.231720   3.231753     2.1715    -0.3667     0.3552    34.8608 9.8262e+02   1039.461    34.8607    34.8616     6.4360    1480.98    27.7491    27.7499 0.0000e+00
   1053.000     3.3363     3.3371   3.231499   3.231672     2.1714    -0.3834     0.3568    34.8605 9.8127e+02   1040.447    34.8603    34.8616     6.4367    1480.98    27.7491    27.7500 0.0000e+00
   1054.000     3.3361     3.3365   3.231529   3.231647     2.1714    -0.3892     0.3580    34.8604 9.7931e+02   1041.433    34.8604    34.8614     6.4376    1481.00    27.7492    27.7500 0.0000e+00
   1055.000     3.3362     3.3363   3.231584   3.231681     2.1714    -0.3802     0.3586    34.8606 9.7773e+02   1042.418    34.8604    34.8615     6.4386    1481.02    27.7492    27.7500 0.0000e+00
   1056.000     3.3362     3.3360   3.231647   3.231697     2.1714    -0.3919     0.3582    34.8606 9.7630e+02   1043.404    34.8606    34.8615     6.4395    1481.03    27.7494    27.7501 0.0000e+00
   1057.000     3.3354     3.3354   3.231591   3.231673     2.1715    -0.3916     0.3580    34.8603 9.7319e+02   1044.389    34.8603    34.8613     6.4407    1481.05    27.7492    27.7500 0.0000e+00
   1058.000     3.3350     3.3353   3.231598   3.231702     2.1721    -0.3899     0.3554    34.8605 9.6934e+02   1045.375    34.8603    34.8613     6.4440    1481.06    27.7493    27.7500 0.0000e+00
   1059.000     3.3355     3.3357   3.231683   3.231784     2.1724    -0.3895     0.3570    34.8603 9.6487e+02   1046.361    34.8603    34.8613     6.4459    1481.08    27.7492    27.7499 0.0000e+00
   1060.000     3.3371     3.3375   3.231896   3.232016     2.1726    -0.3924     0.3593    34.8605 9.6103e+02   1047.346    34.8606    34.8617     6.4472    1481.10    27.7493    27.7501 0.0000e+00
   1061.000     3.3362     3.3364   3.231843   3.231960     2.1727    -0.3709     0.3588    34.8605 9.6086e+02   1048.332    34.8604    34.8616     6.4486    1481.12    27.7492    27.7502 0.0000e+00
   1062.000     3.3352     3.3353   3.231816   3.231895     2.1725    -0.3765     0.3574    34.8606 9.6154e+02   1049.317    34.8606    34.8615     6.4488    1481.13    27.7495    27.7502 0.0000e+00
   1063.000     3.3355     3.3356   3.231874   3.231965     2.1716    -0.3900     0.3560    34.8606 9.6196e+02   1050.303    34.8605    34.8615     6.4463    1481.15    27.7494    27.7502 0.0000e+00
   1064.000     3.3348     3.3351   3.231838   3.231949     2.1714    -0.3918     0.3562    34.8604 9.6300e+02   1051.288    34.8603    34.8614     6.4461    1481.16    27.7493    27.7501 0.0000e+00
   1065.000     3.3323     3.3329   3.231607   3.231772     2.1704    -0.3699     0.3570    34.8601 9.6274e+02   1052.274    34.8597    34.8610     6.4438    1481.16    27.7491    27.7501 0.0000e+00
   1066.000     3.3310     3.3311   3.231550   3.231633     2.1709    -0.3712     0.3568    34.8600 9.5897e+02   1053.260    34.8599    34.8608     6.4467    1481.18    27.7493    27.7500 0.0000e+00
   1067.000     3.3294     3.3292   3.231424   3.231494     2.1709    -0.3914     0.3577    34.8598 9.5650e+02   1054.245    34.8596    34.8606     6.4480    1481.19    27.7493    27.7501 0.0000e+00
   1068.000     3.3301     3.3297   3.231574   3.231596     2.1705    -0.3921     0.3569    34.8600 9.5565e+02   1055.231    34.8601    34.8608     6.4470    1481.21    27.7496    27.7502 0.0000e+00
   1069.000     3.3315     3.3315   3.231750   3.231827     2.1693    -0.3918     0.3577    34.8601 9.5543e+02   1056.216    34.8602    34.8611     6.4431    1481.23    27.7496    27.7503 0.0000e+00
   1070.000     3.3314     3.3312   3.231756   3.231843     2.1688    -0.3892     0.3543    34.8600 9.5494e+02   1057.202    34.8599    34.8611     6.4419    1481.24    27.7494    27.7503 0.0000e+00
   1071.000     3.3300     3.3304   3.231651   3.231786     2.1683    -0.3666     0.3594    34.8598 9.5442e+02   1058.187    34.8596    34.8608     6.4410    1481.25    27.7492    27.7502 0.0000e+00
   1072.000     3.3283     3.3286   3.231505   3.231652     2.1690    -0.3783     0.3592    34.8595 9.5371e+02   1059.173    34.8591    34.8606     6.4451    1481.26    27.7490    27.7502 0.0000e+00
   1073.000     3.3253     3.3258   3.231266   3.231411     2.1691    -0.3762     0.3586    34.8593 9.5152e+02   1060.158    34.8590    34.8601     6.4467    1481.27    27.7492    27.7501 0.0000e+00
   1074.000     3.3265     3.3257   3.231441   3.231448     2.1691    -0.3648     0.3558    34.8594 9.4392e+02   1061.144    34.8592    34.8602     6.4473    1481.29    27.7493    27.7502 0.0000e+00
   1075.000     3.3249     3.3254   3.231343   3.231479     2.1686    -0.3838     0.3557    34.8594 9.4323e+02   1062.129    34.8592    34.8603     6.4464    1481.30    27.7495    27.7503 0.0000e+00
   1076.000     3.3245     3.3248   3.231345   3.231457     2.1679    -0.3885     0.3555    34.8593 9.4423e+02   1063.115    34.8592    34.8603     6.4446    1481.31    27.7495    27.7503 0.0000e+00
   1077.000     3.3247     3.3250   3.231420   3.231522     2.1680    -0.3873     0.3558    34.8594 9.4571e+02   1064.100    34.8594    34.8603     6.4460    1481.33    27.7496    27.7503 0.0000e+00
   1078.000     3.3248     3.3250   3.231477   3.231572     2.1679    -0.3891     0.3579    34.8594 9.4594e+02   1065.086    34.8594    34.8603     6.4463    1481.35    27.7496    27.7503 0.0000e+00
   1079.000     3.3249     3.3250   3.231523   3.231613     2.1679    -0.3731     0.3582    34.8594 9.4652e+02   1066.071    34.8593    34.8603     6.4471    1481.36    27.7496    27.7503 0.0000e+00
   1080.000     3.3250     3.3251   3.231565   3.231657     2.1671    -0.3791     0.3586    34.8593 9.4701e+02   1067.057    34.8592    34.8602     6.4450    1481.38    27.7495    27.7503 0.0000e+00
   1081.000     3.3251     3.3251   3.231620   3.231705     2.1656    -0.3497     0.3622    34.8594 9.4597e+02   1068.042    34.8593    34.8602     6.4397    1481.40    27.7496    27.7503 0.0000e+00
   1082.000     3.3250     3.3251   3.231656   3.231747     2.1655    -0.3874     0.3583    34.8593 9.4270e+02   1069.027    34.8593    34.8603     6.4402    1481.42    27.7496    27.7504 0.0000e+00
   1083.000     3.3250     3.3252   3.231705   3.231807     2.1644    -0.3899     0.3560    34.8593 9.3846e+02   1070.013    34.8594    34.8604     6.4371    1481.43    27.7496    27.7505 0.0000e+00
   1084.000     3.3253     3.3254   3.231779   3.231862     2.1643    -0.3914     0.3579    34.8594 9.3503e+02   1070.998    34.8594    34.8603     6.4371    1481.45    27.7496    27.7504 0.0000e+00
   1085.000     3.3253     3.3254   3.231807   3.231906     2.1641    -0.3877     0.3622    34.8592 9.3258e+02   1071.984    34.8593    34.8603     6.4375    1481.47    27.7495    27.7504 0.0000e+00
   1086.000     3.3267     3.3270   3.232041   3.232127     2.1643    -0.3738     0.3565    34.8597 9.3149e+02   1072.969    34.8601    34.8608     6.4386    1481.49    27.7500    27.7506 0.0000e+00
   1087.000     3.3280     3.3286   3.232172   3.232331     2.1643    -0.4006     0.3557    34.8597 9.3105e+02   1073.955    34.8597    34.8610     6.4392    1481.51    27.7496    27.7506 0.0000e+00
   1088.000     3.3277     3.3289   3.232201   3.232407     2.1643    -0.3935     0.3550    34.8598 9.3219e+02   1074.940    34.8599    34.8610     6.4401    1481.53    27.7498    27.7506 0.0000e+00
   1089.000     3.3286     3.3291   3.232351   3.232469     2.1643    -0.3705     0.3571    34.8599 9.3739e+02   1075.926    34.8602    34.8611     6.4408    1481.55    27.7500    27.7506 0.0000e+00
   1090.000     3.3286     3.3286   3.232378   3.232464     2.1641    -0.3855     0.3582    34.8599 9.4427e+02   1076.911    34.8600    34.8610     6.4409    1481.56    27.7499    27.7507 0.0000e+00
   1091.000     3.3287     3.3287   3.232430   3.232515     2.1632    -0.3897     0.3547    34.8599 9.4603e+02   1077.896    34.8601    34.8610     6.4381    1481.58    27.7499    27.7506 0.0000e+00
   1092.000     3.3292     3.3292   3.232522   3.232596     2.1630    -0.3684     0.3586    34.8600 9.4191e+02   1078.882    34.8601    34.8610     6.4382    1481.60    27.7499    27.7506 0.0000e+00
   1093.000     3.3268     3.3275   3.232300   3.232468     2.1622    -0.3655     0.3580    34.8596 9.3468e+02   1079.867    34.8594    34.8608     6.4366    1481.61    27.7496    27.7506 0.0000e+00
   1094.000     3.3262     3.3262   3.232290   3.232397     2.1613    -0.3674     0.3578    34.8597 9.2554e+02   1080.853    34.8595    34.8608     6.4340    1481.62    27.7497    27.7507 0.0000e+00
   1095.000     3.3253     3.3252   3.232254   3.232326     2.1606    -0.3637     0.3565    34.8595 9.1645e+02   1081.838    34.8595    34.8604     6.4323    1481.63    27.7498    27.7505 0.0000e+00
   1096.000     3.3234     3.3234   3.232109   3.232191     2.1605    -0.3730     0.3586    34.8593 9.1481e+02   1082.824    34.8592    34.8602     6.4328    1481.64    27.7497    27.7505 0.0000e+00
   1097.000     3.3236     3.3237   3.232174   3.232267     2.1607    -0.4115     0.3557    34.8594 9.2432e+02   1083.809    34.8593    34.8603     6.4344    1481.66    27.7498    27.7506 0.0000e+00
   1098.000     3.3231     3.3233   3.232192   3.232275     2.1607    -0.3901     0.3630    34.8595 9.3218e+02   1084.794    34.8595    34.8603     6.4353    1481.67    27.7500    27.7507 0.0000e+00
   1099.000     3.3232     3.3234   3.232237   3.232332     2.1605    -0.3873     0.3566    34.8594 9.3778e+02   1085.780    34.8594    34.8604     6.4353    1481.69    27.7500    27.7507 0.0000e+00
   1100.000     3.3233     3.3233   3.232288   3.232361     2.1603    -0.3894     0.3545    34.8595 9.3907e+02   1086.765    34.8594    34.8603     6.4354    1481.71    27.7500    27.7507 0.0000e+00
   1101.000     3.3233     3.3233   3.232330   3.232411     2.1605    -0.3897     0.3557    34.8594 9.3452e+02   1087.750    34.8594    34.8604     6.4373    1481.72    27.7500    27.7507 0.0000e+00
   1102.000     3.3229     3.3231   3.232325   3.232426     2.1601    -0.3863     0.3583    34.8593 9.2701e+02   1088.736    34.8592    34.8603     6.4365    1481.74    27.7498    27.7507 0.0000e+00
   1103.000     3.3230     3.3232   3.232383   3.232468     2.1600    -0.3648     0.3582    34.8594 9.2002e+02   1089.721    34.8594    34.8602     6.4371    1481.76    27.7500    27.7506 0.0000e+00
   1104.000     3.3228     3.3229   3.232397   3.232488     2.1607    -0.3863     0.3559    34.8593 9.1741e+02   1090.707    34.8592    34.8602     6.4406    1481.77    27.7499    27.7506 0.0000e+00
   1105.000     3.3222     3.3225   3.232396   3.232496     2.1607    -0.3865     0.3570    34.8593 9.1950e+02   1091.692    34.8593    34.8602     6.4415    1481.78    27.7500    27.7507 0.0000e+00
   1106.000     3.3221     3.3225   3.232411   3.232535     2.1608    -0.3832     0.3567    34.8592 9.2247e+02   1092.677    34.8591    34.8602     6.4426    1481.80    27.7499    27.7507 0.0000e+00
   1107.000     3.3218     3.3221   3.232444   3.232540     2.1607    -0.3663     0.3583    34.8593 9.2582e+02   1093.663    34.8592    34.8601     6.4433    1481.82    27.7500    27.7507 0.0000e+00
   1108.000     3.3217     3.3219   3.232477   3.232562     2.1606    -0.3779     0.3580    34.8593 9.2853e+02   1094.648    34.8593    34.8601     6.4438    1481.83    27.7500    27.7507 0.0000e+00
   1109.000     3.3217     3.3218   3.232516   3.232599     2.1601    -0.3898     0.3580    34.8593 9.3009e+02   1095.633    34.8592    34.8602     6.4427    1481.85    27.7500    27.7508 0.0000e+00
   1110.000     3.3214     3.3215   3.232550   3.232634     2.1595    -0.3807     0.3583    34.8593 9.2947e+02   1096.619    34.8594    34.8603     6.4411    1481.86    27.7502    27.7509 0.0000e+00
   1111.000     3.3215     3.3213   3.232589   3.232651     2.1589    -0.3649     0.3580    34.8594 9.2862e+02   1097.604    34.8593    34.8602     6.4395    1481.88    27.7501    27.7509 0.0000e+00
   1112.000     3.3211     3.3213   3.232593   3.232692     2.1582    -0.3912     0.3561    34.8592 9.2958e+02   1098.589    34.8592    34.8602     6.4377    1481.90    27.7501    27.7509 0.0000e+00
   1113.000     3.3211     3.3212   3.232627   3.232727     2.1571    -0.3903     0.3548    34.8592 9.3070e+02   1099.575    34.8592    34.8602     6.4345    1481.91    27.7501    27.7509 0.0000e+00
   1114.000     3.3215     3.3215   3.232702   3.232777     2.1571    -0.4033     0.3564    34.8591 9.3249e+02   1100.560    34.8592    34.8600     6.4352    1481.93    27.7500    27.7507 0.0000e+00
   1115.000     3.3217     3.3215   3.232779   3.232846     2.1567    -0.3928     0.3623    34.8593 9.2980e+02   1101.545    34.8593    34.8603     6.4346    1481.95    27.7502    27.7509 0.0000e+00
   1116.000     3.3212     3.3214   3.232782   3.232876     2.1559    -0.3737     0.3578    34.8593 9.2701e+02   1102.531    34.8593    34.8603     6.4322    1481.96    27.7502    27.7510 0.0000e+00
   1117.000     3.3210     3.3209   3.232790   3.232869     2.1559    -0.3668     0.3564    34.8592 9.2584e+02   1103.516    34.8591    34.8602     6.4329    1481.98    27.7501    27.7510 0.0000e+00
   1118.000     3.3204     3.3209   3.232776   3.232905     2.1559    -0.3860     0.3583    34.8591 9.2616e+02   1104.501    34.8591    34.8601     6.4339    1481.99    27.7501    27.7509 0.0000e+00
   1119.000     3.3208     3.3207   3.232865   3.232931     2.1559    -0.3884     0.3561    34.8592 9.2969e+02   1105.487    34.8592    34.8601     6.4347    1482.01    27.7502    27.7509 0.0000e+00
   1120.000     3.3207     3.3207   3.232883   3.232958     2.1559    -0.3756     0.3555    34.8591 9.3739e+02   1106.472    34.8590    34.8600     6.4356    1482.03    27.7501    27.7508 0.0000e+00
   1121.000     3.3204     3.3206   3.232883   3.232988     2.1559    -0.3709     0.3569    34.8589 9.5006e+02   1107.457    34.8588    34.8599     6.4367    1482.04    27.7499    27.7508 0.0000e+00
   1122.000     3.3203     3.3204   3.232945   3.233032     2.1557    -0.3709     0.3587    34.8591 9.5006e+02   1108.442    34.8592    34.8602     6.4368    1482.06    27.7502    27.7510 0.0000e+00
   1123.000     3.3204     3.3205   3.233009   3.233091     2.1547    -0.3792     0.3582    34.8593 9.5226e+02   1109.428    34.8594    34.8602     6.4334    1482.08    27.7504    27.7510 0.0000e+00
   1124.000     3.3212     3.3213   3.233166   3.233230     2.1547    -0.3900     0.3580    34.8596 9.5435e+02   1110.413    34.8598    34.8605     6.4341    1482.10    27.7506    27.7512 0.0000e+00
   1125.000     3.3218     3.3220   3.233244   3.233334     2.1545    -0.3865     0.3586    34.8595 9.5688e+02   1111.398    34.8596    34.8605     6.4343    1482.12    27.7504    27.7512 0.0000e+00
   1126.000     3.3221     3.3220   3.233308   3.233381     2.1546    -0.3903     0.3560    34.8595 9.6003e+02   1112.383    34.8596    34.8606     6.4354    1482.13    27.7504    27.7512 0.0000e+00
   1127.000     3.3224     3.3226   3.233383   3.233467     2.1544    -0.3773     0.3546    34.8595 9.6278e+02   1113.369    34.8596    34.8605     6.4355    1482.15    27.7504    27.7511 0.0000e+00
   1128.000     3.3226     3.3229   3.233443   3.233542     2.1534    -0.3782     0.3571    34.8596 9.6424e+02   1114.354    34.8596    34.8605     6.4323    1482.17    27.7504    27.7510 0.0000e+00
