Ship_data/Irminger/Irminger-5/ctd/process/dar30-03020.cnv
* Sea-Bird SBE 9 Data File:
* FileName = D:\Data\ar30-03020.hdr
* Software Version Seasave V 7.23.2
* Temperature SN = 4312
* Conductivity SN = 2148
* Number of Bytes Per Scan = 44
* Number of Voltage Words = 5
* Number of Scans Averaged by the Deck Unit = 1
* NMEA Latitude = 59 48.34 N
* NMEA Longitude = 040 16.94 W
* NMEA UTC (Time) = Jun 19 2018  11:50:34
** Cruise ID: ar30-03
** Chief Sci: Macdonald
** Station #: 020
** Site ID: Irminger 5 OSNAP M3
** Cast at OSNAP mooring M3
# nquan = 18
# nvalues = 2579                        
# units = specified
# name 0 = prDM: Pressure, Digiquartz [db]
# name 1 = t090C: Temperature [ITS-90, deg C]
# name 2 = t190C: Temperature, 2 [ITS-90, deg C]
# name 3 = c0S/m: Conductivity [S/m]
# name 4 = c1S/m: Conductivity, 2 [S/m]
# name 5 = sbeox0V: Oxygen raw, SBE 43 [V]
# name 6 = flECO-AFL: Fluorescence, WET Labs ECO-AFL/FL [mg/m^3]
# name 7 = turbWETntu0: Turbidity, WET Labs ECO [NTU]
# name 8 = sal00: Salinity, Practical [PSU]
# name 9 = spar: SPAR/Surface Irradiance
# name 10 = depSM: Depth [salt water, m], lat = 59.8057
# name 11 = sal00: Salinity, Practical [PSU]
# name 12 = sal11: Salinity, Practical, 2 [PSU]
# name 13 = sbeox0ML/L: Oxygen, SBE 43 [ml/l], WS = 2
# name 14 = svCM: Sound Velocity [Chen-Millero, m/s]
# name 15 = sigma-é00: Density [sigma-theta, kg/m^3]
# name 16 = sigma-é11: Density, 2 [sigma-theta, kg/m^3]
# name 17 = flag: flag
# span 0 =      5.000,   2583.000       
# span 1 =     1.3956,     5.9022       
# span 2 =     1.3965,     5.9006       
# span 3 =   3.124758,   3.415724       
# span 4 =   3.124906,   3.415945       
# span 5 =     1.7955,     2.7680       
# span 6 =    -0.4235,     6.2355       
# span 7 =     0.3411,     0.7872       
# span 8 =    34.8596,    34.9288       
# span 9 = 6.2462e+02, 9.4977e+02       
# span 10 =      4.953,   2543.051      
# span 11 =    34.8384,    34.9288      
# span 12 =    34.8560,    34.9294      
# span 13 =     5.8909,     7.1346      
# span 14 =    1469.62,    1499.98      
# span 15 =    27.4544,    27.9397      
# span 16 =    27.4566,    27.9398      
# span 17 = 0.0000e+00, 0.0000e+00      
# interval = decibars: 1                
# start_time = Jun 19 2018 11:50:34 [System UTC, first data scan.]
# bad_flag = -9.990e-29
*END*
[from data line 644]
    649.000     3.5531     3.5527   3.235262   3.235365     2.2702    -0.3774     0.3633    34.8860 7.7730e+02    641.885    34.8859    34.8875     6.4295    1475.25    27.7455    27.7469 0.0000e+00
    650.000     3.5527     3.5526   3.235265   3.235404     2.2698    -0.3829     0.3622    34.8860 7.7775e+02    642.873    34.8859    34.8875     6.4291    1475.27    27.7455    27.7469 0.0000e+00
    651.000     3.5522     3.5522   3.235260   3.235413     2.2699    -0.3749     0.3638    34.8859 7.7669e+02    643.860    34.8857    34.8876     6.4303    1475.28    27.7455    27.7469 0.0000e+00
    652.000     3.5512     3.5510   3.235204   3.235336     2.2700    -0.3752     0.3664    34.8858 7.7485e+02    644.848    34.8857    34.8875     6.4317    1475.29    27.7455    27.7470 0.0000e+00
    653.000     3.5507     3.5506   3.235203   3.235334     2.2699    -0.3930     0.3669    34.8857 7.7197e+02    645.835    34.8856    34.8873     6.4324    1475.31    27.7456    27.7469 0.0000e+00
    654.000     3.5506     3.5504   3.235245   3.235363     2.2699    -0.3922     0.3653    34.8857 7.6940e+02    646.823    34.8857    34.8873     6.4331    1475.33    27.7456    27.7470 0.0000e+00
    655.000     3.5506     3.5503   3.235274   3.235401     2.2699    -0.3932     0.3656    34.8857 7.6862e+02    647.810    34.8855    34.8873     6.4340    1475.34    27.7455    27.7469 0.0000e+00
    656.000     3.5502     3.5500   3.235291   3.235408     2.2697    -0.3931     0.3638    34.8856 7.7098e+02    648.798    34.8856    34.8872     6.4344    1475.36    27.7456    27.7470 0.0000e+00
    657.000     3.5502     3.5500   3.235351   3.235466     2.2695    -0.3779     0.3635    34.8858 7.7301e+02    649.785    34.8858    34.8873     6.4344    1475.37    27.7458    27.7470 0.0000e+00
    658.000     3.5502     3.5500   3.235385   3.235514     2.2692    -0.3700     0.3632    34.8857 7.7521e+02    650.773    34.8857    34.8874     6.4343    1475.39    27.7457    27.7471 0.0000e+00
    659.000     3.5500     3.5499   3.235413   3.235541     2.2690    -0.3920     0.3593    34.8858 7.7824e+02    651.760    34.8857    34.8873     6.4344    1475.41    27.7458    27.7471 0.0000e+00
    660.000     3.5500     3.5498   3.235445   3.235570     2.2687    -0.3929     0.3670    34.8856 7.8134e+02    652.747    34.8856    34.8873     6.4339    1475.42    27.7457    27.7470 0.0000e+00
    661.000     3.5500     3.5499   3.235487   3.235612     2.2676    -0.3769     0.3641    34.8855 7.8055e+02    653.735    34.8855    34.8871     6.4309    1475.44    27.7456    27.7469 0.0000e+00
    662.000     3.5496     3.5493   3.235488   3.235610     2.2673    -0.3789     0.3630    34.8855 7.7231e+02    654.722    34.8854    34.8872     6.4306    1475.45    27.7456    27.7470 0.0000e+00
    663.000     3.5492     3.5491   3.235504   3.235640     2.2663    -0.3682     0.3665    34.8855 7.6707e+02    655.710    34.8855    34.8872     6.4280    1475.47    27.7457    27.7471 0.0000e+00
    664.000     3.5492     3.5490   3.235550   3.235678     2.2662    -0.3662     0.3701    34.8855 7.6630e+02    656.697    34.8856    34.8873     6.4282    1475.48    27.7457    27.7472 0.0000e+00
    665.000     3.5492     3.5490   3.235593   3.235709     2.2662    -0.3672     0.3692    34.8856 7.6941e+02    657.685    34.8855    34.8871     6.4294    1475.50    27.7457    27.7470 0.0000e+00
    666.000     3.5479     3.5478   3.235508   3.235650     2.2657    -0.3727     0.3685    34.8854 7.7436e+02    658.672    34.8853    34.8871     6.4285    1475.51    27.7457    27.7471 0.0000e+00
    667.000     3.5473     3.5475   3.235492   3.235655     2.2651    -0.3864     0.3684    34.8854 7.7959e+02    659.659    34.8853    34.8870     6.4272    1475.53    27.7458    27.7471 0.0000e+00
    668.000     3.5462     3.5464   3.235445   3.235597     2.2650    -0.3741     0.3635    34.8855 7.8187e+02    660.647    34.8853    34.8869     6.4279    1475.54    27.7459    27.7471 0.0000e+00
    669.000     3.5458     3.5460   3.235448   3.235606     2.2650    -0.3894     0.3629    34.8853 7.8191e+02    661.634    34.8853    34.8870     6.4289    1475.55    27.7459    27.7473 0.0000e+00
    670.000     3.5458     3.5457   3.235495   3.235630     2.2648    -0.3887     0.3586    34.8853 7.8066e+02    662.622    34.8853    34.8870     6.4287    1475.57    27.7459    27.7473 0.0000e+00
    671.000     3.5454     3.5453   3.235489   3.235618     2.2641    -0.3697     0.3630    34.8852 7.7832e+02    663.609    34.8851    34.8868     6.4273    1475.58    27.7458    27.7472 0.0000e+00
    672.000     3.5449     3.5449   3.235484   3.235628     2.2639    -0.3919     0.3630    34.8852 7.7383e+02    664.596    34.8851    34.8868     6.4273    1475.60    27.7459    27.7472 0.0000e+00
    673.000     3.5450     3.5448   3.235543   3.235658     2.2638    -0.3903     0.3613    34.8853 7.7056e+02    665.584    34.8852    34.8868     6.4278    1475.61    27.7460    27.7472 0.0000e+00
    674.000     3.5445     3.5444   3.235542   3.235673     2.2638    -0.3818     0.3599    34.8853 7.7060e+02    666.571    34.8852    34.8868     6.4287    1475.63    27.7460    27.7473 0.0000e+00
    675.000     3.5443     3.5440   3.235559   3.235674     2.2640    -0.3693     0.3634    34.8851 7.7300e+02    667.559    34.8851    34.8867     6.4302    1475.64    27.7459    27.7472 0.0000e+00
    676.000     3.5443     3.5442   3.235609   3.235742     2.2638    -0.3716     0.3631    34.8852 7.7648e+02    668.546    34.8851    34.8868     6.4306    1475.66    27.7460    27.7474 0.0000e+00
    677.000     3.5437     3.5437   3.235597   3.235730     2.2634    -0.3887     0.3633    34.8851 7.7989e+02    669.533    34.8851    34.8866     6.4300    1475.67    27.7460    27.7472 0.0000e+00
    678.000     3.5435     3.5435   3.235624   3.235757     2.2626    -0.3913     0.3631    34.8851 7.8228e+02    670.521    34.8850    34.8867     6.4280    1475.69    27.7460    27.7473 0.0000e+00
    679.000     3.5435     3.5433   3.235660   3.235784     2.2615    -0.3910     0.3631    34.8851 7.8257e+02    671.508    34.8850    34.8867     6.4247    1475.71    27.7460    27.7473 0.0000e+00
    680.000     3.5430     3.5429   3.235655   3.235786     2.2605    -0.3672     0.3594    34.8850 7.8154e+02    672.495    34.8849    34.8866     6.4220    1475.72    27.7460    27.7473 0.0000e+00
    681.000     3.5428     3.5426   3.235683   3.235795     2.2604    -0.3888     0.3629    34.8850 7.7839e+02    673.483    34.8850    34.8865     6.4226    1475.74    27.7461    27.7472 0.0000e+00
    682.000     3.5429     3.5428   3.235734   3.235860     2.2599    -0.3742     0.3633    34.8850 7.7438e+02    674.470    34.8849    34.8866     6.4215    1475.75    27.7460    27.7473 0.0000e+00
    683.000     3.5429     3.5427   3.235769   3.235896     2.2589    -0.3932     0.3632    34.8849 7.7251e+02    675.457    34.8848    34.8865     6.4188    1475.77    27.7459    27.7473 0.0000e+00
    684.000     3.5428     3.5428   3.235822   3.235960     2.2585    -0.3928     0.3634    34.8850 7.7341e+02    676.445    34.8850    34.8867     6.4179    1475.79    27.7461    27.7474 0.0000e+00
    685.000     3.5427     3.5427   3.235857   3.235990     2.2577    -0.3883     0.3629    34.8850 7.7611e+02    677.432    34.8850    34.8866     6.4161    1475.80    27.7461    27.7474 0.0000e+00
    686.000     3.5426     3.5425   3.235899   3.236022     2.2565    -0.3706     0.3692    34.8851 7.7821e+02    678.419    34.8851    34.8867     6.4125    1475.82    27.7462    27.7474 0.0000e+00
    687.000     3.5428     3.5426   3.235954   3.236077     2.2565    -0.3810     0.3656    34.8850 7.7971e+02    679.407    34.8850    34.8867     6.4134    1475.84    27.7461    27.7475 0.0000e+00
    688.000     3.5430     3.5428   3.236028   3.236134     2.2565    -0.3906     0.3611    34.8850 7.7934e+02    680.394    34.8851    34.8866     6.4142    1475.85    27.7462    27.7474 0.0000e+00
    689.000     3.5437     3.5436   3.236131   3.236255     2.2565    -0.3745     0.3954    34.8851 7.7691e+02    681.381    34.8852    34.8867     6.4149    1475.87    27.7462    27.7474 0.0000e+00
    690.000     3.5437     3.5435   3.236154   3.236275     2.2558    -0.3761     0.3725    34.8850 7.7730e+02    682.369    34.8849    34.8866     6.4130    1475.89    27.7460    27.7473 0.0000e+00
    691.000     3.5390     3.5375   3.235693   3.235725     2.2542    -0.3787     0.3660    34.8845 7.8165e+02    683.356    34.8838    34.8858     6.4090    1475.88    27.7455    27.7473 0.0000e+00
    692.000     3.5334     3.5330   3.235230   3.235353     2.2541    -0.3764     0.3635    34.8841 7.8144e+02    684.343    34.8837    34.8856     6.4104    1475.88    27.7461    27.7476 0.0000e+00
    693.000     3.5321     3.5322   3.235159   3.235315     2.2541    -0.3933     0.3632    34.8840 7.7881e+02    685.331    34.8837    34.8854     6.4114    1475.89    27.7461    27.7475 0.0000e+00
    694.000     3.5312     3.5312   3.235129   3.235247     2.2541    -0.3901     0.3632    34.8841 7.7639e+02    686.318    34.8838    34.8853     6.4124    1475.90    27.7463    27.7475 0.0000e+00
    695.000     3.5299     3.5301   3.235020   3.235182     2.2543    -0.3780     0.3637    34.8837 7.7324e+02    687.305    34.8833    34.8850     6.4140    1475.91    27.7461    27.7474 0.0000e+00
    696.000     3.5297     3.5296   3.235053   3.235178     2.2551    -0.3696     0.3634    34.8837 7.7305e+02    688.292    34.8835    34.8850     6.4181    1475.93    27.7462    27.7475 0.0000e+00
    697.000     3.5283     3.5278   3.234930   3.235027     2.2554    -0.3868     0.3630    34.8833 7.7915e+02    689.280    34.8829    34.8846     6.4201    1475.94    27.7459    27.7473 0.0000e+00
    698.000     3.5272     3.5271   3.234896   3.235018     2.2554    -0.3873     0.3595    34.8834 7.8545e+02    690.267    34.8832    34.8847     6.4211    1475.95    27.7463    27.7475 0.0000e+00
    699.000     3.5273     3.5270   3.234961   3.235058     2.2554    -0.3662     0.3632    34.8835 7.8541e+02    691.254    34.8833    34.8848     6.4219    1475.97    27.7463    27.7475 0.0000e+00
    700.000     3.5274     3.5272   3.235029   3.235130     2.2554    -0.3871     0.3631    34.8835 7.8206e+02    692.242    34.8834    34.8849     6.4230    1475.98    27.7465    27.7476 0.0000e+00
    701.000     3.5276     3.5274   3.235084   3.235184     2.2554    -0.3916     0.3632    34.8835 7.7879e+02    693.229    34.8834    34.8848     6.4238    1476.00    27.7464    27.7476 0.0000e+00
    702.000     3.5274     3.5274   3.235095   3.235222     2.2554    -0.3901     0.3664    34.8834 7.7623e+02    694.216    34.8832    34.8848     6.4244    1476.02    27.7463    27.7475 0.0000e+00
    703.000     3.5275     3.5275   3.235155   3.235274     2.2554    -0.3874     0.3681    34.8834 7.7397e+02    695.203    34.8833    34.8848     6.4253    1476.03    27.7464    27.7475 0.0000e+00
    704.000     3.5278     3.5277   3.235224   3.235344     2.2549    -0.3728     0.3633    34.8833 7.7547e+02    696.190    34.8832    34.8848     6.4244    1476.05    27.7463    27.7475 0.0000e+00
    705.000     3.5280     3.5277   3.235279   3.235394     2.2541    -0.3893     0.3630    34.8832 7.7879e+02    697.178    34.8832    34.8849     6.4223    1476.07    27.7462    27.7476 0.0000e+00
    706.000     3.5277     3.5276   3.235308   3.235428     2.2542    -0.3681     0.3643    34.8834 7.7994e+02    698.165    34.8833    34.8849     6.4235    1476.08    27.7464    27.7476 0.0000e+00
    707.000     3.5283     3.5279   3.235405   3.235508     2.2543    -0.3908     0.3636    34.8834 7.7928e+02    699.152    34.8834    34.8850     6.4246    1476.10    27.7464    27.7477 0.0000e+00
    708.000     3.5281     3.5279   3.235423   3.235549     2.2539    -0.3799     0.3631    34.8834 7.7922e+02    700.139    34.8833    34.8849     6.4238    1476.12    27.7463    27.7476 0.0000e+00
    709.000     3.5273     3.5275   3.235394   3.235545     2.2528    -0.3701     0.3638    34.8833 7.8092e+02    701.127    34.8832    34.8848     6.4207    1476.13    27.7463    27.7476 0.0000e+00
    710.000     3.5262     3.5265   3.235334   3.235494     2.2519    -0.3878     0.3690    34.8832 7.8437e+02    702.114    34.8831    34.8847     6.4184    1476.14    27.7464    27.7477 0.0000e+00
    711.000     3.5238     3.5232   3.235103   3.235203     2.2517    -0.3699     0.3597    34.8829 7.8440e+02    703.101    34.8824    34.8842     6.4193    1476.15    27.7461    27.7476 0.0000e+00
    712.000     3.5225     3.5223   3.235054   3.235188     2.2517    -0.3847     0.3661    34.8829 7.8201e+02    704.088    34.8827    34.8844     6.4204    1476.16    27.7464    27.7478 0.0000e+00
    713.000     3.5218     3.5216   3.235040   3.235148     2.2518    -0.3938     0.3699    34.8829 7.7979e+02    705.076    34.8827    34.8842     6.4216    1476.17    27.7465    27.7478 0.0000e+00
    714.000     3.5219     3.5216   3.235090   3.235197     2.2521    -0.3896     0.3686    34.8828 7.7816e+02    706.063    34.8827    34.8843     6.4235    1476.19    27.7465    27.7478 0.0000e+00
    715.000     3.5223     3.5221   3.235167   3.235283     2.2514    -0.3690     0.3631    34.8827 7.7794e+02    707.050    34.8826    34.8842     6.4216    1476.21    27.7464    27.7477 0.0000e+00
    716.000     3.5212     3.5211   3.235100   3.235224     2.2502    -0.3687     0.3630    34.8827 7.7918e+02    708.037    34.8825    34.8841     6.4183    1476.22    27.7464    27.7477 0.0000e+00
    717.000     3.5214     3.5211   3.235173   3.235284     2.2496    -0.3669     0.3633    34.8827 7.8101e+02    709.024    34.8827    34.8842     6.4167    1476.24    27.7466    27.7478 0.0000e+00
    718.000     3.5216     3.5213   3.235242   3.235343     2.2493    -0.3861     0.3629    34.8827 7.8225e+02    710.011    34.8827    34.8843     6.4166    1476.25    27.7466    27.7479 0.0000e+00
    719.000     3.5215     3.5213   3.235265   3.235381     2.2486    -0.3763     0.3601    34.8827 7.8320e+02    710.999    34.8826    34.8842     6.4147    1476.27    27.7465    27.7478 0.0000e+00
    720.000     3.5214     3.5211   3.235318   3.235420     2.2483    -0.3677     0.3601    34.8827 7.8429e+02    711.986    34.8828    34.8843     6.4145    1476.29    27.7467    27.7479 0.0000e+00
    721.000     3.5207     3.5205   3.235266   3.235392     2.2482    -0.3708     0.3631    34.8825 7.8428e+02    712.973    34.8824    34.8841     6.4150    1476.30    27.7464    27.7478 0.0000e+00
    722.000     3.5203     3.5203   3.235287   3.235421     2.2483    -0.3716     0.3618    34.8825 7.8490e+02    713.960    34.8825    34.8842     6.4166    1476.32    27.7466    27.7479 0.0000e+00
    723.000     3.5205     3.5203   3.235349   3.235463     2.2487    -0.3916     0.3589    34.8826 7.8507e+02    714.947    34.8826    34.8841     6.4187    1476.33    27.7466    27.7479 0.0000e+00
    724.000     3.5204     3.5202   3.235380   3.235501     2.2491    -0.3901     0.3629    34.8825 7.8428e+02    715.934    34.8825    34.8841     6.4211    1476.35    27.7466    27.7479 0.0000e+00
    725.000     3.5201     3.5200   3.235383   3.235519     2.2487    -0.3914     0.3633    34.8824 7.8272e+02    716.922    34.8823    34.8840     6.4204    1476.36    27.7465    27.7478 0.0000e+00
    726.000     3.5195     3.5194   3.235365   3.235490     2.2488    -0.3908     0.3614    34.8823 7.8098e+02    717.909    34.8822    34.8838     6.4219    1476.38    27.7465    27.7477 0.0000e+00
    727.000     3.5187     3.5187   3.235335   3.235478     2.2485    -0.3912     0.3581    34.8823 7.8298e+02    718.896    34.8822    34.8838     6.4214    1476.39    27.7465    27.7478 0.0000e+00
