Ship_data/Irminger/Irminger-5/ctd/process/dar30-03006.cnv
* Sea-Bird SBE 9 Data File:
* FileName = D:\Data\ar30-03006.hdr
* Software Version Seasave V 7.23.2
* Temperature SN = 4312
* Conductivity SN = 2148
* Number of Bytes Per Scan = 44
* Number of Voltage Words = 5
* Number of Scans Averaged by the Deck Unit = 1
* NMEA Latitude = 59 57.97 N
* NMEA Longitude = 039 30.98 W
* NMEA UTC (Time) = Jun 09 2018  13:38:40
** Cruise ID: ar30-03
** Chief Sci: Macdonald
** Station #: 006
** Site ID: Irminger 5 HYPM
** ctd cast at HYPM site with 3 bottom releases tested
# nquan = 18
# nvalues = 2687                        
# units = specified
# name 0 = prDM: Pressure, Digiquartz [db]
# name 1 = t090C: Temperature [ITS-90, deg C]
# name 2 = t190C: Temperature, 2 [ITS-90, deg C]
# name 3 = c0S/m: Conductivity [S/m]
# name 4 = c1S/m: Conductivity, 2 [S/m]
# name 5 = sbeox0V: Oxygen raw, SBE 43 [V]
# name 6 = flECO-AFL: Fluorescence, WET Labs ECO-AFL/FL [mg/m^3]
# name 7 = turbWETntu0: Turbidity, WET Labs ECO [NTU]
# name 8 = sal00: Salinity, Practical [PSU]
# name 9 = spar: SPAR/Surface Irradiance
# name 10 = depSM: Depth [salt water, m], lat = 59.9662
# name 11 = sal00: Salinity, Practical [PSU]
# name 12 = sal11: Salinity, Practical, 2 [PSU]
# name 13 = sbeox0ML/L: Oxygen, SBE 43 [ml/l], WS = 2
# name 14 = svCM: Sound Velocity [Chen-Millero, m/s]
# name 15 = sigma-é00: Density [sigma-theta, kg/m^3]
# name 16 = sigma-é11: Density, 2 [sigma-theta, kg/m^3]
# name 17 = flag: flag
# span 0 =      5.000,   2691.000       
# span 1 =     1.5098,     5.7890       
# span 2 =     1.5108,     5.7886       
# span 3 =   3.139117,   3.405319       
# span 4 =   3.139142,   3.405445       
# span 5 =     1.7958,     2.7990       
# span 6 =    -0.4142,     5.3388       
# span 7 =     0.1764,     0.6614       
# span 8 =    34.8539,    34.9238       
# span 9 = 6.9941e+02, 1.1388e+03       
# span 10 =      4.953,   2648.683      
# span 11 =    34.8539,    34.9237      
# span 12 =    34.8529,    34.9234      
# span 13 =     5.9731,     7.2499      
# span 14 =    1472.68,    1500.67      
# span 15 =    27.4642,    27.9325      
# span 16 =    27.4651,    27.9317      
# span 17 = 0.0000e+00, 0.0000e+00      
# interval = decibars: 1                
# start_time = Jun 09 2018 13:38:40 [System UTC, first data scan.]
# bad_flag = -9.990e-29
*END*
[from data line 1850]
   1855.000     3.5308     3.5312   3.287555   3.287579     1.9071    -0.3662     0.3494    34.9226 9.2000e+02   1829.395    34.9224    34.9223     5.9774    1495.26    27.7867    27.7866 0.0000e+00
   1856.000     3.5291     3.5296   3.287389   3.287454     1.9065    -0.3869     0.3482    34.9223 9.1686e+02   1830.377    34.9218    34.9220     5.9760    1495.27    27.7864    27.7865 0.0000e+00
   1857.000     3.5280     3.5284   3.287354   3.287386     1.9065    -0.3908     0.3480    34.9224 9.1723e+02   1831.359    34.9221    34.9220     5.9767    1495.28    27.7868    27.7866 0.0000e+00
   1858.000     3.5275     3.5280   3.287369   3.287409     1.9065    -0.3897     0.3462    34.9225 9.2160e+02   1832.340    34.9222    34.9222     5.9776    1495.30    27.7869    27.7868 0.0000e+00
   1859.000     3.5266     3.5270   3.287359   3.287387     1.9064    -0.3827     0.3454    34.9228 9.2789e+02   1833.322    34.9226    34.9225     5.9782    1495.31    27.7873    27.7872 0.0000e+00
   1860.000     3.5253     3.5260   3.287281   3.287334     1.9062    -0.3821     0.3510    34.9228 9.3096e+02   1834.304    34.9225    34.9225     5.9785    1495.32    27.7874    27.7873 0.0000e+00
   1861.000     3.5245     3.5252   3.287270   3.287326     1.9054    -0.3726     0.3495    34.9230 9.2972e+02   1835.286    34.9228    34.9227     5.9760    1495.34    27.7877    27.7876 0.0000e+00
   1862.000     3.5237     3.5241   3.287259   3.287295     1.9053    -0.3873     0.3524    34.9233 9.2790e+02   1836.268    34.9231    34.9230     5.9762    1495.35    27.7880    27.7879 0.0000e+00
   1863.000     3.5232     3.5235   3.287259   3.287302     1.9047    -0.3721     0.3488    34.9233 9.2811e+02   1837.250    34.9231    34.9232     5.9746    1495.36    27.7881    27.7882 0.0000e+00
   1864.000     3.5214     3.5220   3.287164   3.287228     1.9041    -0.3870     0.3480    34.9236 9.3112e+02   1838.232    34.9234    34.9234     5.9731    1495.37    27.7885    27.7885 0.0000e+00
   1865.000     3.5212     3.5217   3.287214   3.287242     1.9039    -0.3750     0.3522    34.9238 9.3312e+02   1839.214    34.9237    34.9234     5.9732    1495.39    27.7887    27.7885 0.0000e+00
   1866.000     3.5160     3.5169   3.286597   3.286784     1.9039    -0.3795     0.3536    34.9231 9.3235e+02   1840.195    34.9213    34.9227     5.9750    1495.38    27.7874    27.7884 0.0000e+00
   1867.000     3.5027     3.5034   3.285482   3.285581     1.9033    -0.3916     0.3527    34.9229 9.3012e+02   1841.177    34.9217    34.9221     5.9750    1495.34    27.7889    27.7892 0.0000e+00
   1868.000     3.5009     3.5014   3.285392   3.285442     1.9029    -0.3799     0.3487    34.9228 9.2671e+02   1842.159    34.9221    34.9221     5.9745    1495.35    27.7895    27.7894 0.0000e+00
   1869.000     3.5001     3.5005   3.285368   3.285396     1.9029    -0.3689     0.3469    34.9227 9.2201e+02   1843.141    34.9221    34.9220     5.9755    1495.37    27.7896    27.7895 0.0000e+00
   1870.000     3.4984     3.4986   3.285262   3.285291     1.9029    -0.3896     0.3526    34.9228 9.2121e+02   1844.123    34.9222    34.9222     5.9764    1495.38    27.7898    27.7898 0.0000e+00
   1871.000     3.4982     3.4987   3.285269   3.285321     1.9029    -0.3799     0.3536    34.9226 9.2381e+02   1845.104    34.9220    34.9220     5.9773    1495.39    27.7897    27.7897 0.0000e+00
   1872.000     3.4955     3.4949   3.285039   3.285005     1.9028    -0.3711     0.3540    34.9224 9.2862e+02   1846.086    34.9217    34.9218     5.9779    1495.40    27.7897    27.7898 0.0000e+00
   1873.000     3.4929     3.4932   3.284863   3.284899     1.9028    -0.3700     0.3483    34.9225 9.3630e+02   1847.068    34.9218    34.9219     5.9796    1495.40    27.7901    27.7901 0.0000e+00
   1874.000     3.4838     3.4824   3.284007   3.283920     1.9021    -0.3905     0.3543    34.9223 9.4409e+02   1848.050    34.9208    34.9212     5.9785    1495.38    27.7901    27.7905 0.0000e+00
   1875.000     3.4695     3.4694   3.282738   3.282795     1.9018    -0.3685     0.3519    34.9221 9.3899e+02   1849.032    34.9202    34.9210     5.9804    1495.34    27.7911    27.7917 0.0000e+00
   1876.000     3.4659     3.4662   3.282536   3.282565     1.9017    -0.3821     0.3517    34.9222 9.2751e+02   1850.014    34.9212    34.9212     5.9815    1495.34    27.7922    27.7922 0.0000e+00
   1877.000     3.4661     3.4664   3.282603   3.282617     1.9017    -0.3751     0.3490    34.9221 9.2150e+02   1850.995    34.9213    34.9212     5.9823    1495.36    27.7922    27.7921 0.0000e+00
   1878.000     3.4658     3.4664   3.282617   3.282677     1.9017    -0.3843     0.3476    34.9221 9.2271e+02   1851.977    34.9214    34.9214     5.9831    1495.37    27.7923    27.7923 0.0000e+00
   1879.000     3.4659     3.4666   3.282688   3.282737     1.9017    -0.3884     0.3458    34.9221 9.2748e+02   1852.959    34.9215    34.9214     5.9839    1495.39    27.7925    27.7923 0.0000e+00
   1880.000     3.4654     3.4640   3.282673   3.282537     1.9015    -0.3905     0.3466    34.9220 9.3165e+02   1853.941    34.9214    34.9213     5.9837    1495.40    27.7924    27.7925 0.0000e+00
   1881.000     3.4641     3.4634   3.282552   3.282515     1.9013    -0.3925     0.3485    34.9218 9.3561e+02   1854.922    34.9209    34.9212     5.9839    1495.41    27.7922    27.7924 0.0000e+00
   1882.000     3.4616     3.4619   3.282404   3.282429     1.9005    -0.3901     0.3482    34.9220 9.3872e+02   1855.904    34.9213    34.9213     5.9818    1495.42    27.7927    27.7927 0.0000e+00
   1883.000     3.4616     3.4617   3.282447   3.282440     1.9005    -0.3925     0.3485    34.9218 9.3729e+02   1856.886    34.9213    34.9212     5.9826    1495.44    27.7927    27.7926 0.0000e+00
   1884.000     3.4614     3.4618   3.282461   3.282495     1.9005    -0.3813     0.3528    34.9216 9.3259e+02   1857.868    34.9212    34.9212     5.9833    1495.45    27.7927    27.7926 0.0000e+00
   1885.000     3.4612     3.4616   3.282498   3.282537     1.9002    -0.3805     0.3479    34.9217 9.3301e+02   1858.850    34.9214    34.9215     5.9829    1495.47    27.7928    27.7929 0.0000e+00
   1886.000     3.4603     3.4610   3.282463   3.282518     1.8995    -0.3851     0.3492    34.9218 9.3420e+02   1859.831    34.9214    34.9214     5.9810    1495.48    27.7930    27.7929 0.0000e+00
   1887.000     3.4604     3.4607   3.282526   3.282541     1.8993    -0.3692     0.3482    34.9219 9.3459e+02   1860.813    34.9216    34.9215     5.9808    1495.50    27.7931    27.7930 0.0000e+00
   1888.000     3.4606     3.4611   3.282578   3.282608     1.8995    -0.3929     0.3494    34.9217 9.3470e+02   1861.795    34.9215    34.9214     5.9822    1495.52    27.7930    27.7929 0.0000e+00
   1889.000     3.4604     3.4611   3.282598   3.282654     1.8993    -0.3906     0.3464    34.9216 9.3399e+02   1862.777    34.9214    34.9214     5.9824    1495.53    27.7930    27.7929 0.0000e+00
   1890.000     3.4602     3.4608   3.282623   3.282662     1.8993    -0.3928     0.3501    34.9217 9.3304e+02   1863.758    34.9215    34.9213     5.9832    1495.55    27.7931    27.7929 0.0000e+00
   1891.000     3.4611     3.4620   3.282729   3.282803     1.8994    -0.3860     0.3480    34.9214 9.3650e+02   1864.740    34.9214    34.9213     5.9839    1495.57    27.7929    27.7928 0.0000e+00
   1892.000     3.4605     3.4609   3.282735   3.282784     1.8992    -0.3674     0.3529    34.9218 9.3772e+02   1865.722    34.9215    34.9217     5.9842    1495.58    27.7931    27.7932 0.0000e+00
   1893.000     3.4601     3.4607   3.282770   3.282816     1.8991    -0.3700     0.3541    34.9219 9.3711e+02   1866.703    34.9219    34.9218     5.9847    1495.60    27.7934    27.7933 0.0000e+00
   1894.000     3.4603     3.4608   3.282834   3.282871     1.8989    -0.3930     0.3547    34.9220 9.3673e+02   1867.685    34.9220    34.9219     5.9844    1495.62    27.7935    27.7934 0.0000e+00
   1895.000     3.4603     3.4609   3.282878   3.282922     1.8985    -0.3903     0.3531    34.9221 9.3668e+02   1868.667    34.9221    34.9219     5.9835    1495.63    27.7936    27.7934 0.0000e+00
   1896.000     3.4603     3.4610   3.282926   3.282958     1.8982    -0.3696     0.3547    34.9220 9.3561e+02   1869.649    34.9221    34.9218     5.9828    1495.65    27.7936    27.7933 0.0000e+00
   1897.000     3.4607     3.4612   3.282980   3.283014     1.8982    -0.3655     0.3536    34.9219 9.3506e+02   1870.630    34.9219    34.9218     5.9836    1495.67    27.7934    27.7933 0.0000e+00
   1898.000     3.4606     3.4613   3.283011   3.283068     1.8982    -0.3696     0.3446    34.9218 9.3347e+02   1871.612    34.9218    34.9218     5.9844    1495.69    27.7934    27.7933 0.0000e+00
   1899.000     3.4602     3.4610   3.283012   3.283092     1.8980    -0.3719     0.3442    34.9218 9.3261e+02   1872.594    34.9218    34.9219     5.9846    1495.70    27.7934    27.7934 0.0000e+00
   1900.000     3.4603     3.4611   3.283051   3.283124     1.8971    -0.3863     0.3524    34.9217 9.3641e+02   1873.576    34.9217    34.9217     5.9813    1495.72    27.7933    27.7932 0.0000e+00
   1901.000     3.4610     3.4612   3.283153   3.283191     1.8965    -0.3872     0.3471    34.9220 9.4408e+02   1874.557    34.9217    34.9219     5.9794    1495.74    27.7933    27.7934 0.0000e+00
   1902.000     3.4555     3.4567   3.282586   3.282802     1.8958    -0.3681     0.3469    34.9217 9.4560e+02   1875.539    34.9202    34.9215     5.9782    1495.73    27.7926    27.7935 0.0000e+00
   1903.000     3.4511     3.4524   3.282418   3.282494     1.8958    -0.3664     0.3483    34.9225 9.4609e+02   1876.521    34.9224    34.9220     5.9795    1495.73    27.7948    27.7943 0.0000e+00
   1904.000     3.4509     3.4505   3.282407   3.282388     1.8958    -0.3668     0.3475    34.9224 9.4573e+02   1877.502    34.9220    34.9222     5.9803    1495.75    27.7945    27.7947 0.0000e+00
   1905.000     3.4502     3.4511   3.282401   3.282484     1.8958    -0.3677     0.3462    34.9225 9.4442e+02   1878.484    34.9222    34.9222     5.9812    1495.76    27.7947    27.7946 0.0000e+00
   1906.000     3.4524     3.4545   3.282724   3.282831     1.8957    -0.3712     0.3471    34.9225 9.4196e+02   1879.466    34.9232    34.9223     5.9812    1495.79    27.7953    27.7944 0.0000e+00
   1907.000     3.4499     3.4505   3.282346   3.282415     1.8956    -0.3706     0.3464    34.9218 9.3751e+02   1880.447    34.9209    34.9211     5.9823    1495.79    27.7937    27.7938 0.0000e+00
   1908.000     3.4500     3.4492   3.282456   3.282401     1.8952    -0.3751     0.3488    34.9220 9.3095e+02   1881.429    34.9216    34.9218     5.9812    1495.81    27.7943    27.7945 0.0000e+00
   1909.000     3.4546     3.4521   3.282920   3.282714     1.8948    -0.3832     0.3453    34.9219 9.4403e+02   1882.411    34.9219    34.9220     5.9792    1495.84    27.7941    27.7944 0.0000e+00
   1910.000     3.4465     3.4475   3.282007   3.282277     1.8946    -0.3904     0.3490    34.9214 9.4601e+02   1883.392    34.9190    34.9212     5.9809    1495.82    27.7926    27.7942 0.0000e+00
   1911.000     3.4390     3.4390   3.281609   3.281612     1.8946    -0.3920     0.3456    34.9223 9.4487e+02   1884.374    34.9217    34.9218     5.9828    1495.81    27.7955    27.7955 0.0000e+00
   1912.000     3.4383     3.4384   3.281574   3.281598     1.8946    -0.3939     0.3487    34.9223 9.4381e+02   1885.355    34.9216    34.9217     5.9837    1495.83    27.7955    27.7955 0.0000e+00
   1913.000     3.4369     3.4374   3.281492   3.281532     1.8939    -0.3938     0.3482    34.9221 9.4209e+02   1886.337    34.9215    34.9216     5.9818    1495.84    27.7955    27.7955 0.0000e+00
   1914.000     3.4378     3.4386   3.281629   3.281684     1.8935    -0.3923     0.3482    34.9221 9.3945e+02   1887.319    34.9217    34.9216     5.9804    1495.86    27.7956    27.7954 0.0000e+00
   1915.000     3.4367     3.4376   3.281555   3.281628     1.8935    -0.3789     0.3522    34.9220 9.3616e+02   1888.300    34.9216    34.9216     5.9813    1495.87    27.7956    27.7955 0.0000e+00
   1916.000     3.4379     3.4378   3.281725   3.281691     1.8934    -0.3689     0.3514    34.9220 9.3495e+02   1889.282    34.9219    34.9216     5.9817    1495.89    27.7958    27.7955 0.0000e+00
   1917.000     3.4397     3.4402   3.281878   3.281937     1.8934    -0.3767     0.3472    34.9216 9.4084e+02   1890.264    34.9213    34.9215     5.9823    1495.92    27.7951    27.7952 0.0000e+00
   1918.000     3.4384     3.4390   3.281808   3.281874     1.8934    -0.3792     0.3467    34.9217 9.4232e+02   1891.245    34.9214    34.9215     5.9833    1495.93    27.7953    27.7953 0.0000e+00
   1919.000     3.4363     3.4360   3.281677   3.281647     1.8932    -0.3907     0.3485    34.9219 9.4297e+02   1892.227    34.9215    34.9215     5.9833    1495.93    27.7956    27.7956 0.0000e+00
   1920.000     3.4349     3.4348   3.281563   3.281578     1.8930    -0.3693     0.3485    34.9216 9.4512e+02   1893.208    34.9212    34.9214     5.9836    1495.94    27.7955    27.7957 0.0000e+00
   1921.000     3.4342     3.4348   3.281567   3.281616     1.8925    -0.3694     0.3497    34.9218 9.4785e+02   1894.190    34.9215    34.9215     5.9822    1495.96    27.7958    27.7958 0.0000e+00
   1922.000     3.4351     3.4361   3.281747   3.281790     1.8923    -0.3697     0.3476    34.9220 9.4849e+02   1895.172    34.9222    34.9217     5.9820    1495.98    27.7963    27.7958 0.0000e+00
   1923.000     3.4362     3.4362   3.281807   3.281838     1.8921    -0.3706     0.3470    34.9216 9.4762e+02   1896.153    34.9213    34.9216     5.9817    1496.00    27.7955    27.7957 0.0000e+00
   1924.000     3.4358     3.4363   3.281842   3.281885     1.8918    -0.3891     0.3442    34.9217 9.4476e+02   1897.135    34.9216    34.9216     5.9815    1496.02    27.7958    27.7957 0.0000e+00
   1925.000     3.4351     3.4354   3.281774   3.281828     1.8917    -0.3936     0.3495    34.9215 9.4195e+02   1898.116    34.9211    34.9214     5.9817    1496.03    27.7955    27.7957 0.0000e+00
   1926.000     3.4296     3.4307   3.281302   3.281413     1.8917    -0.3779     0.3533    34.9214 9.4088e+02   1899.098    34.9208    34.9210     5.9834    1496.02    27.7957    27.7958 0.0000e+00
   1927.000     3.4266     3.4272   3.281082   3.281128     1.8919    -0.3698     0.3484    34.9214 9.4348e+02   1900.080    34.9209    34.9208     5.9858    1496.03    27.7961    27.7960 0.0000e+00
   1928.000     3.4252     3.4234   3.281052   3.280845     1.8921    -0.3885     0.3461    34.9215 9.4525e+02   1901.061    34.9215    34.9210     5.9873    1496.04    27.7967    27.7965 0.0000e+00
   1929.000     3.4261     3.4259   3.281130   3.281124     1.8918    -0.3686     0.3480    34.9213 9.4598e+02   1902.043    34.9209    34.9211     5.9868    1496.06    27.7962    27.7964 0.0000e+00
   1930.000     3.4247     3.4252   3.281061   3.281101     1.8910    -0.3842     0.3485    34.9213 9.4609e+02   1903.024    34.9211    34.9211     5.9846    1496.07    27.7965    27.7964 0.0000e+00
   1931.000     3.4243     3.4247   3.281052   3.281085     1.8911    -0.3938     0.3491    34.9212 9.4687e+02   1904.006    34.9210    34.9210     5.9856    1496.08    27.7964    27.7964 0.0000e+00
   1932.000     3.4242     3.4241   3.281075   3.281076     1.8911    -0.3927     0.3485    34.9212 9.4831e+02   1904.987    34.9210    34.9210     5.9865    1496.10    27.7964    27.7965 0.0000e+00
   1933.000     3.4233     3.4240   3.281046   3.281105     1.8911    -0.3733     0.3561    34.9211 9.4845e+02   1905.969    34.9210    34.9210     5.9874    1496.11    27.7966    27.7965 0.0000e+00
