Ship_data/Irminger/Irminger-5/ctd/process/dar30-03002.cnv
* Sea-Bird SBE 9 Data File:
* FileName = D:\Data\ar30-03002.hdr
* Software Version Seasave V 7.23.2
* Temperature SN = 4230
* Conductivity SN = 2148
* Number of Bytes Per Scan = 44
* Number of Voltage Words = 5
* Number of Scans Averaged by the Deck Unit = 1
* NMEA Latitude = 62 29.54 N
* NMEA Longitude = 029 47.91 W
* NMEA UTC (Time) = Jun 06 2018  13:17:52
** Cruise ID: ar30-03
** Chief Sci: Macdonald
** Station #: 002
** Site ID: Irminger5 release testing
# nquan = 18
# nvalues = 865                         
# units = specified
# name 0 = prDM: Pressure, Digiquartz [db]
# name 1 = t090C: Temperature [ITS-90, deg C]
# name 2 = t190C: Temperature, 2 [ITS-90, deg C]
# name 3 = c0S/m: Conductivity [S/m]
# name 4 = c1S/m: Conductivity, 2 [S/m]
# name 5 = sbeox0V: Oxygen raw, SBE 43 [V]
# name 6 = flECO-AFL: Fluorescence, WET Labs ECO-AFL/FL [mg/m^3]
# name 7 = turbWETntu0: Turbidity, WET Labs ECO [NTU]
# name 8 = sal00: Salinity, Practical [PSU]
# name 9 = spar: SPAR/Surface Irradiance
# name 10 = depSM: Depth [salt water, m], lat = 62.4923
# name 11 = sal00: Salinity, Practical [PSU]
# name 12 = sal11: Salinity, Practical, 2 [PSU]
# name 13 = sbeox0ML/L: Oxygen, SBE 43 [ml/l], WS = 2
# name 14 = svCM: Sound Velocity [Chen-Millero, m/s]
# name 15 = sigma-é00: Density [sigma-theta, kg/m^3]
# name 16 = sigma-é11: Density, 2 [sigma-theta, kg/m^3]
# name 17 = flag: flag
# span 0 =      5.000,    869.000       
# span 1 =     4.3195,     7.2976       
# span 2 =     4.3201,     7.2973       
# span 3 =   3.318438,   3.553879       
# span 4 =   3.318556,   3.554014       
# span 5 =     2.1076,     2.8078       
# span 6 =    -0.4134,     4.9301       
# span 7 =     0.3556,     0.6784       
# span 8 =    34.9216,    34.9852       
# span 9 = 4.6292e+02, 7.9140e+02       
# span 10 =      4.952,    858.841      
# span 11 =    34.9166,    34.9927      
# span 12 =    34.9214,    34.9882      
# span 13 =     5.7566,     7.0045      
# span 14 =    1478.71,    1482.23      
# span 15 =    27.3566,    27.7153      
# span 16 =    27.3576,    27.7159      
# span 17 = 0.0000e+00, 0.0000e+00      
# interval = decibars: 1                
# start_time = Jun 06 2018 13:17:52 [System UTC, first data scan.]
# bad_flag = -9.990e-29
*END*
[from data line 242]
    247.000     6.2879     6.2881   3.471562   3.471664     2.4425    -0.3359     0.3921    34.9711 5.1529e+02    244.477    34.9703    34.9712     6.2334    1479.90    27.4948    27.4954 0.0000e+00
    248.000     6.2860     6.2863   3.471450   3.471550     2.4417    -0.3426     0.3918    34.9710 5.1413e+02    245.467    34.9705    34.9713     6.2319    1479.91    27.4952    27.4958 0.0000e+00
    249.000     6.2837     6.2838   3.471264   3.471355     2.4396    -0.3495     0.3910    34.9709 5.1663e+02    246.456    34.9702    34.9711     6.2266    1479.91    27.4953    27.4960 0.0000e+00
    250.000     6.2780     6.2787   3.470775   3.470913     2.4379    -0.3493     0.3982    34.9707 5.2305e+02    247.445    34.9701    34.9710     6.2228    1479.91    27.4960    27.4966 0.0000e+00
    251.000     6.2761     6.2761   3.470636   3.470715     2.4373    -0.3365     0.3966    34.9707 5.2409e+02    248.434    34.9700    34.9709     6.2219    1479.92    27.4962    27.4969 0.0000e+00
    252.000     6.2748     6.2751   3.470567   3.470671     2.4373    -0.3462     0.3903    34.9706 5.2382e+02    249.423    34.9701    34.9709     6.2228    1479.93    27.4964    27.4970 0.0000e+00
    253.000     6.2745     6.2749   3.470592   3.470699     2.4366    -0.3568     0.3883    34.9707 5.2289e+02    250.413    34.9702    34.9710     6.2214    1479.94    27.4965    27.4971 0.0000e+00
    254.000     6.2724     6.2729   3.470438   3.470569     2.4353    -0.3558     0.3921    34.9706 5.2127e+02    251.402    34.9700    34.9710     6.2185    1479.95    27.4967    27.4973 0.0000e+00
    255.000     6.2711     6.2716   3.470373   3.470497     2.4345    -0.3455     0.3922    34.9706 5.1975e+02    252.391    34.9701    34.9711     6.2168    1479.96    27.4969    27.4976 0.0000e+00
    256.000     6.2691     6.2695   3.470208   3.470337     2.4336    -0.3408     0.3925    34.9707 5.1705e+02    253.380    34.9699    34.9709     6.2151    1479.97    27.4970    27.4977 0.0000e+00
    257.000     6.2675     6.2677   3.470107   3.470209     2.4336    -0.3360     0.3925    34.9705 5.1451e+02    254.369    34.9699    34.9708     6.2162    1479.98    27.4972    27.4979 0.0000e+00
    258.000     6.2637     6.2640   3.469786   3.469899     2.4337    -0.3538     0.3924    34.9704 5.1264e+02    255.358    34.9696    34.9706     6.2177    1479.98    27.4975    27.4983 0.0000e+00
    259.000     6.2588     6.2590   3.469393   3.469483     2.4320    -0.3455     0.3921    34.9704 5.1846e+02    256.348    34.9698    34.9705     6.2139    1479.98    27.4983    27.4989 0.0000e+00
    260.000     6.2546     6.2549   3.469090   3.469170     2.4311    -0.3511     0.3940    34.9707 5.2770e+02    257.337    34.9701    34.9708     6.2125    1479.98    27.4991    27.4996 0.0000e+00
    261.000     6.2545     6.2549   3.469137   3.469240     2.4304    -0.3573     0.3922    34.9707 5.2797e+02    258.326    34.9702    34.9711     6.2110    1480.00    27.4993    27.4998 0.0000e+00
    262.000     6.2532     6.2540   3.469051   3.469203     2.4300    -0.3561     0.3922    34.9708 5.2712e+02    259.315    34.9702    34.9710     6.2109    1480.01    27.4994    27.4999 0.0000e+00
    263.000     6.2516     6.2525   3.468974   3.469121     2.4288    -0.3547     0.3971    34.9709 5.2585e+02    260.304    34.9704    34.9711     6.2080    1480.02    27.4998    27.5003 0.0000e+00
    264.000     6.2502     6.2504   3.468828   3.468958     2.4287    -0.3575     0.3967    34.9708 5.2314e+02    261.293    34.9698    34.9710     6.2085    1480.03    27.4995    27.5004 0.0000e+00
    265.000     6.2464     6.2464   3.468587   3.468655     2.4285    -0.3559     0.3924    34.9710 5.2016e+02    262.282    34.9704    34.9711     6.2094    1480.03    27.5005    27.5011 0.0000e+00
    266.000     6.2443     6.2447   3.468407   3.468525     2.4273    -0.3421     0.3895    34.9708 5.1729e+02    263.271    34.9701    34.9710     6.2065    1480.04    27.5005    27.5012 0.0000e+00
    267.000     6.2427     6.2430   3.468323   3.468409     2.4254    -0.3464     0.3950    34.9707 5.1920e+02    264.260    34.9702    34.9709     6.2015    1480.05    27.5008    27.5014 0.0000e+00
    268.000     6.2418     6.2420   3.468287   3.468371     2.4244    -0.3583     0.3935    34.9707 5.2387e+02    265.250    34.9702    34.9710     6.1991    1480.06    27.5010    27.5016 0.0000e+00
    269.000     6.2411     6.2414   3.468267   3.468361     2.4238    -0.3434     0.3885    34.9706 5.2639e+02    266.239    34.9702    34.9710     6.1984    1480.07    27.5011    27.5017 0.0000e+00
    270.000     6.2407     6.2409   3.468292   3.468366     2.4239    -0.3516     0.3875    34.9707 5.2782e+02    267.228    34.9704    34.9710     6.1993    1480.09    27.5013    27.5017 0.0000e+00
    271.000     6.2400     6.2402   3.468271   3.468349     2.4236    -0.3587     0.3883    34.9707 5.2809e+02    268.217    34.9703    34.9711     6.1994    1480.10    27.5013    27.5019 0.0000e+00
    272.000     6.2392     6.2394   3.468219   3.468318     2.4228    -0.3585     0.3922    34.9706 5.2724e+02    269.206    34.9702    34.9710     6.1975    1480.12    27.5013    27.5020 0.0000e+00
    273.000     6.2381     6.2383   3.468169   3.468272     2.4229    -0.3583     0.3908    34.9706 5.2583e+02    270.195    34.9702    34.9711     6.1989    1480.13    27.5016    27.5022 0.0000e+00
    274.000     6.2368     6.2371   3.468104   3.468208     2.4226    -0.3447     0.3892    34.9706 5.2516e+02    271.184    34.9703    34.9712     6.1990    1480.14    27.5018    27.5024 0.0000e+00
    275.000     6.2359     6.2362   3.468071   3.468169     2.4218    -0.3535     0.3932    34.9706 5.2677e+02    272.173    34.9703    34.9711     6.1973    1480.15    27.5019    27.5025 0.0000e+00
    276.000     6.2356     6.2358   3.468099   3.468187     2.4207    -0.3385     0.3894    34.9707 5.2988e+02    273.162    34.9704    34.9712     6.1945    1480.17    27.5020    27.5026 0.0000e+00
    277.000     6.2321     6.2325   3.467776   3.467927     2.4201    -0.3389     0.3882    34.9707 5.3078e+02    274.151    34.9700    34.9712     6.1941    1480.17    27.5022    27.5031 0.0000e+00
    278.000     6.2296     6.2296   3.467602   3.467683     2.4189    -0.3364     0.3903    34.9706 5.3048e+02    275.140    34.9701    34.9710     6.1915    1480.18    27.5026    27.5033 0.0000e+00
    279.000     6.2257     6.2253   3.467241   3.467308     2.4189    -0.3378     0.3926    34.9704 5.2988e+02    276.129    34.9695    34.9706     6.1928    1480.18    27.5026    27.5035 0.0000e+00
    280.000     6.2232     6.2234   3.467108   3.467185     2.4183    -0.3375     0.3930    34.9704 5.2812e+02    277.118    34.9700    34.9707     6.1922    1480.18    27.5034    27.5039 0.0000e+00
    281.000     6.2226     6.2228   3.467066   3.467165     2.4179    -0.3462     0.3924    34.9702 5.2626e+02    278.107    34.9697    34.9706     6.1915    1480.20    27.5032    27.5039 0.0000e+00
    282.000     6.2244     6.2245   3.467276   3.467337     2.4174    -0.3435     0.3866    34.9699 5.3362e+02    279.096    34.9697    34.9703     6.1905    1480.22    27.5030    27.5035 0.0000e+00
    283.000     6.2212     6.2215   3.467055   3.467151     2.4159    -0.3536     0.3876    34.9701 5.4181e+02    280.085    34.9699    34.9708     6.1868    1480.23    27.5036    27.5042 0.0000e+00
    284.000     6.2215     6.2216   3.467132   3.467206     2.4153    -0.3378     0.3881    34.9702 5.4247e+02    281.074    34.9700    34.9707     6.1858    1480.24    27.5037    27.5042 0.0000e+00
    285.000     6.2213     6.2215   3.467149   3.467245     2.4151    -0.3424     0.3900    34.9702 5.4176e+02    282.064    34.9700    34.9708     6.1860    1480.26    27.5036    27.5043 0.0000e+00
    286.000     6.2210     6.2215   3.467208   3.467301     2.4143    -0.3369     0.3927    34.9705 5.4095e+02    283.053    34.9704    34.9709     6.1843    1480.27    27.5041    27.5044 0.0000e+00
    287.000     6.2214     6.2218   3.467335   3.467409     2.4141    -0.3464     0.3916    34.9707 5.3876e+02    284.042    34.9709    34.9714     6.1843    1480.29    27.5044    27.5047 0.0000e+00
    288.000     6.2217     6.2220   3.467381   3.467458     2.4140    -0.3404     0.3872    34.9707 5.3599e+02    285.031    34.9706    34.9712     6.1847    1480.31    27.5041    27.5046 0.0000e+00
    289.000     6.2243     6.2243   3.467929   3.467840     2.4131    -0.3391     0.3873    34.9719 5.3306e+02    286.020    34.9735    34.9725     6.1822    1480.34    27.5061    27.5053 0.0000e+00
    290.000     6.2270     6.2276   3.468091   3.468236     2.4130    -0.3543     0.3916    34.9723 5.2916e+02    287.009    34.9722    34.9731     6.1822    1480.37    27.5047    27.5054 0.0000e+00
    291.000     6.2275     6.2276   3.468264   3.468326     2.4131    -0.3591     0.3925    34.9729 5.2483e+02    287.998    34.9731    34.9736     6.1831    1480.39    27.5054    27.5058 0.0000e+00
    292.000     6.2284     6.2287   3.468397   3.468481     2.4137    -0.3800     0.3883    34.9730 5.2109e+02    288.987    34.9731    34.9738     6.1857    1480.41    27.5053    27.5058 0.0000e+00
    293.000     6.2269     6.2271   3.468195   3.468264     2.4138    -0.3482     0.3931    34.9719 5.3173e+02    289.975    34.9718    34.9725     6.1870    1480.41    27.5045    27.5050 0.0000e+00
    294.000     6.2264     6.2279   3.468362   3.468492     2.4124    -0.3783     0.3970    34.9725 5.5074e+02    290.964    34.9737    34.9737     6.1834    1480.43    27.5061    27.5058 0.0000e+00
    295.000     6.2293     6.2296   3.468748   3.468784     2.4117    -0.3786     0.3971    34.9740 5.4892e+02    291.953    34.9746    34.9747     6.1815    1480.46    27.5064    27.5064 0.0000e+00
    296.000     6.2286     6.2289   3.468632   3.468756     2.4118    -0.3699     0.3930    34.9739 5.4570e+02    292.942    34.9736    34.9746     6.1829    1480.47    27.5057    27.5064 0.0000e+00
    297.000     6.2271     6.2275   3.468600   3.468694     2.4117    -0.3570     0.3871    34.9741 5.4241e+02    293.931    34.9742    34.9748     6.1834    1480.48    27.5064    27.5068 0.0000e+00
    298.000     6.2262     6.2265   3.468597   3.468668     2.4117    -0.3569     0.3873    34.9744 5.3717e+02    294.920    34.9745    34.9751     6.1843    1480.50    27.5068    27.5071 0.0000e+00
    299.000     6.2252     6.2253   3.468521   3.468614     2.4117    -0.3525     0.3879    34.9746 5.3147e+02    295.909    34.9742    34.9752     6.1853    1480.51    27.5067    27.5074 0.0000e+00
    300.000     6.2232     6.2234   3.468424   3.468495     2.4119    -0.3349     0.3873    34.9746 5.2544e+02    296.898    34.9747    34.9753     6.1870    1480.52    27.5073    27.5078 0.0000e+00
    301.000     6.2231     6.2236   3.468442   3.468579     2.4118    -0.3442     0.3873    34.9750 5.1994e+02    297.887    34.9745    34.9755     6.1876    1480.53    27.5072    27.5079 0.0000e+00
    302.000     6.2201     6.2204   3.468154   3.468299     2.4122    -0.3450     0.3861    34.9746 5.1450e+02    298.876    34.9739    34.9752     6.1900    1480.54    27.5071    27.5081 0.0000e+00
    303.000     6.2188     6.2189   3.468171   3.468221     2.4123    -0.3583     0.3824    34.9749 5.1073e+02    299.865    34.9749    34.9753     6.1913    1480.55    27.5081    27.5084 0.0000e+00
    304.000     6.2210     6.2212   3.468393   3.468457     2.4124    -0.3571     0.3893    34.9746 5.2079e+02    300.854    34.9746    34.9751     6.1923    1480.58    27.5075    27.5079 0.0000e+00
    305.000     6.2221     6.2220   3.468492   3.468577     2.4106    -0.3487     0.3931    34.9747 5.5054e+02    301.843    34.9741    34.9752     6.1870    1480.60    27.5071    27.5079 0.0000e+00
    306.000     6.2199     6.2208   3.468435   3.468554     2.4105    -0.3576     0.3872    34.9752 5.4957e+02    302.832    34.9752    34.9755     6.1878    1480.61    27.5082    27.5084 0.0000e+00
    307.000     6.2184     6.2182   3.468366   3.468409     2.4105    -0.3612     0.3878    34.9757 5.4560e+02    303.821    34.9755    34.9762     6.1888    1480.62    27.5086    27.5092 0.0000e+00
    308.000     6.2168     6.2171   3.468262   3.468393     2.4105    -0.3612     0.3873    34.9762 5.4029e+02    304.810    34.9754    34.9765     6.1898    1480.63    27.5088    27.5097 0.0000e+00
    309.000     6.2126     6.2131   3.467935   3.468054     2.4105    -0.3620     0.3879    34.9762 5.3492e+02    305.799    34.9756    34.9764     6.1913    1480.63    27.5095    27.5101 0.0000e+00
    310.000     6.2105     6.2111   3.467785   3.467923     2.4101    -0.3612     0.3873    34.9763 5.2956e+02    306.787    34.9755    34.9764     6.1911    1480.63    27.5097    27.5104 0.0000e+00
    311.000     6.2081     6.2084   3.467604   3.467714     2.4097    -0.3612     0.3884    34.9761 5.2377e+02    307.776    34.9755    34.9764     6.1910    1480.64    27.5100    27.5107 0.0000e+00
    312.000     6.2065     6.2068   3.467523   3.467632     2.4105    -0.3635     0.3873    34.9764 5.1878e+02    308.765    34.9757    34.9766     6.1947    1480.65    27.5104    27.5111 0.0000e+00
    313.000     6.2041     6.2043   3.467303   3.467423     2.4108    -0.3504     0.3873    34.9762 5.1485e+02    309.754    34.9752    34.9763     6.1967    1480.66    27.5103    27.5112 0.0000e+00
    314.000     6.2072     6.2079   3.467650   3.467763     2.4114    -0.3522     0.3887    34.9756 5.3417e+02    310.743    34.9753    34.9759     6.1989    1480.69    27.5101    27.5104 0.0000e+00
    315.000     6.2059     6.2084   3.467788   3.467911     2.4105    -0.3593     0.3922    34.9765 5.5833e+02    311.732    34.9778    34.9765     6.1971    1480.70    27.5122    27.5109 0.0000e+00
    316.000     6.2085     6.2045   3.467643   3.467547     2.4105    -0.3587     0.3922    34.9753 5.5470e+02    312.721    34.9729    34.9759     6.1977    1480.72    27.5080    27.5109 0.0000e+00
    317.000     6.2003     6.2004   3.467232   3.467293     2.4105    -0.3586     0.3873    34.9765 5.5121e+02    313.710    34.9763    34.9769     6.1997    1480.71    27.5117    27.5122 0.0000e+00
    318.000     6.2002     6.2006   3.467292   3.467371     2.4107    -0.3569     0.3884    34.9766 5.4617e+02    314.698    34.9765    34.9770     6.2009    1480.73    27.5119    27.5123 0.0000e+00
    319.000     6.2029     6.2029   3.467762   3.467687     2.4105    -0.3592     0.3872    34.9775 5.4183e+02    315.687    34.9785    34.9777     6.2007    1480.76    27.5132    27.5126 0.0000e+00
    320.000     6.2066     6.2068   3.468103   3.468148     2.4107    -0.3570     0.3889    34.9778 5.3674e+02    316.676    34.9780    34.9783     6.2014    1480.79    27.5123    27.5125 0.0000e+00
    321.000     6.2081     6.2083   3.468310   3.468367     2.4114    -0.3613     0.3873    34.9782 5.3205e+02    317.665    34.9783    34.9787     6.2042    1480.81    27.5123    27.5127 0.0000e+00
    322.000     6.2065     6.2066   3.468178   3.468267     2.4118    -0.3782     0.3873    34.9785 5.2759e+02    318.654    34.9780    34.9789     6.2066    1480.82    27.5123    27.5130 0.0000e+00
    323.000     6.2036     6.2038   3.467947   3.468059     2.4122    -0.3798     0.3880    34.9784 5.2470e+02    319.643    34.9779    34.9789     6.2092    1480.82    27.5126    27.5134 0.0000e+00
    324.000     6.2010     6.2011   3.467744   3.467836     2.4129    -0.3612     0.3878    34.9783 5.2389e+02    320.632    34.9778    34.9786     6.2129    1480.83    27.5129    27.5136 0.0000e+00
    325.000     6.2031     6.2041   3.467981   3.468109     2.4139    -0.3496     0.3865    34.9777 5.5481e+02    321.620    34.9777    34.9782     6.2166    1480.85    27.5126    27.5129 0.0000e+00
