Ship_data/Irminger/Irminger-5/ctd/process/dar30-03006.cnv
* Sea-Bird SBE 9 Data File:
* FileName = D:\Data\ar30-03006.hdr
* Software Version Seasave V 7.23.2
* Temperature SN = 4312
* Conductivity SN = 2148
* Number of Bytes Per Scan = 44
* Number of Voltage Words = 5
* Number of Scans Averaged by the Deck Unit = 1
* NMEA Latitude = 59 57.97 N
* NMEA Longitude = 039 30.98 W
* NMEA UTC (Time) = Jun 09 2018  13:38:40
** Cruise ID: ar30-03
** Chief Sci: Macdonald
** Station #: 006
** Site ID: Irminger 5 HYPM
** ctd cast at HYPM site with 3 bottom releases tested
# nquan = 18
# nvalues = 2687                        
# units = specified
# name 0 = prDM: Pressure, Digiquartz [db]
# name 1 = t090C: Temperature [ITS-90, deg C]
# name 2 = t190C: Temperature, 2 [ITS-90, deg C]
# name 3 = c0S/m: Conductivity [S/m]
# name 4 = c1S/m: Conductivity, 2 [S/m]
# name 5 = sbeox0V: Oxygen raw, SBE 43 [V]
# name 6 = flECO-AFL: Fluorescence, WET Labs ECO-AFL/FL [mg/m^3]
# name 7 = turbWETntu0: Turbidity, WET Labs ECO [NTU]
# name 8 = sal00: Salinity, Practical [PSU]
# name 9 = spar: SPAR/Surface Irradiance
# name 10 = depSM: Depth [salt water, m], lat = 59.9662
# name 11 = sal00: Salinity, Practical [PSU]
# name 12 = sal11: Salinity, Practical, 2 [PSU]
# name 13 = sbeox0ML/L: Oxygen, SBE 43 [ml/l], WS = 2
# name 14 = svCM: Sound Velocity [Chen-Millero, m/s]
# name 15 = sigma-é00: Density [sigma-theta, kg/m^3]
# name 16 = sigma-é11: Density, 2 [sigma-theta, kg/m^3]
# name 17 = flag: flag
# span 0 =      5.000,   2691.000       
# span 1 =     1.5098,     5.7890       
# span 2 =     1.5108,     5.7886       
# span 3 =   3.139117,   3.405319       
# span 4 =   3.139142,   3.405445       
# span 5 =     1.7958,     2.7990       
# span 6 =    -0.4142,     5.3388       
# span 7 =     0.1764,     0.6614       
# span 8 =    34.8539,    34.9238       
# span 9 = 6.9941e+02, 1.1388e+03       
# span 10 =      4.953,   2648.683      
# span 11 =    34.8539,    34.9237      
# span 12 =    34.8529,    34.9234      
# span 13 =     5.9731,     7.2499      
# span 14 =    1472.68,    1500.67      
# span 15 =    27.4642,    27.9325      
# span 16 =    27.4651,    27.9317      
# span 17 = 0.0000e+00, 0.0000e+00      
# interval = decibars: 1                
# start_time = Jun 09 2018 13:38:40 [System UTC, first data scan.]
# bad_flag = -9.990e-29
*END*
[from data line 1287]
   1292.000     3.5122     3.5124   3.258892   3.258961     2.1207    -0.3844     0.3543    34.8791 7.4610e+02   1275.861    34.8791    34.8797     6.4065    1485.72    27.7491    27.7496 0.0000e+00
   1293.000     3.5125     3.5128   3.258934   3.259015     2.1204    -0.3764     0.3545    34.8789 7.4906e+02   1276.846    34.8788    34.8794     6.4059    1485.74    27.7489    27.7493 0.0000e+00
   1294.000     3.5128     3.5127   3.259018   3.259057     2.1203    -0.3810     0.3545    34.8791 7.5963e+02   1277.830    34.8790    34.8795     6.4063    1485.76    27.7490    27.7494 0.0000e+00
   1295.000     3.5091     3.5095   3.258657   3.258789     2.1203    -0.3774     0.3550    34.8786 7.6060e+02   1278.815    34.8781    34.8792     6.4078    1485.76    27.7486    27.7495 0.0000e+00
   1296.000     3.5082     3.5083   3.258659   3.258725     2.1203    -0.3921     0.3551    34.8787 7.5874e+02   1279.799    34.8785    34.8792     6.4088    1485.77    27.7491    27.7496 0.0000e+00
   1297.000     3.5082     3.5084   3.258708   3.258774     2.1203    -0.3907     0.3549    34.8787 7.5529e+02   1280.783    34.8787    34.8792     6.4097    1485.79    27.7492    27.7496 0.0000e+00
   1298.000     3.5079     3.5080   3.258723   3.258788     2.1203    -0.3913     0.3541    34.8787 7.5121e+02   1281.768    34.8787    34.8793     6.4106    1485.80    27.7492    27.7497 0.0000e+00
   1299.000     3.5082     3.5085   3.258806   3.258862     2.1200    -0.3848     0.3557    34.8788 7.4704e+02   1282.752    34.8787    34.8792     6.4101    1485.82    27.7493    27.7496 0.0000e+00
   1300.000     3.5082     3.5084   3.258839   3.258905     2.1195    -0.3680     0.3542    34.8788 7.4304e+02   1283.737    34.8787    34.8792     6.4090    1485.84    27.7493    27.7497 0.0000e+00
   1301.000     3.5071     3.5073   3.258746   3.258827     2.1192    -0.3903     0.3552    34.8784 7.4198e+02   1284.721    34.8782    34.8790     6.4087    1485.85    27.7490    27.7496 0.0000e+00
   1302.000     3.5064     3.5067   3.258734   3.258795     2.1190    -0.3931     0.3537    34.8784 7.5115e+02   1285.706    34.8783    34.8788     6.4089    1485.86    27.7491    27.7495 0.0000e+00
   1303.000     3.5069     3.5072   3.258832   3.258904     2.1182    -0.3921     0.3535    34.8785 7.5802e+02   1286.690    34.8785    34.8791     6.4066    1485.88    27.7493    27.7497 0.0000e+00
   1304.000     3.5073     3.5073   3.258911   3.258958     2.1180    -0.3938     0.3482    34.8786 7.5894e+02   1287.675    34.8785    34.8790     6.4066    1485.90    27.7492    27.7496 0.0000e+00
   1305.000     3.5068     3.5072   3.258909   3.258998     2.1180    -0.3711     0.3498    34.8785 7.5826e+02   1288.659    34.8785    34.8791     6.4076    1485.92    27.7492    27.7497 0.0000e+00
   1306.000     3.5065     3.5069   3.258923   3.258997     2.1179    -0.3694     0.3525    34.8786 7.5691e+02   1289.643    34.8785    34.8789     6.4080    1485.93    27.7493    27.7496 0.0000e+00
   1307.000     3.5061     3.5066   3.258919   3.259018     2.1179    -0.3709     0.3549    34.8784 7.5423e+02   1290.628    34.8783    34.8790     6.4089    1485.95    27.7492    27.7497 0.0000e+00
   1308.000     3.5060     3.5063   3.258948   3.259032     2.1179    -0.3919     0.3560    34.8783 7.4898e+02   1291.612    34.8783    34.8790     6.4098    1485.96    27.7492    27.7498 0.0000e+00
   1309.000     3.5061     3.5065   3.258991   3.259073     2.1179    -0.3912     0.3547    34.8782 7.4535e+02   1292.597    34.8782    34.8788     6.4106    1485.98    27.7492    27.7496 0.0000e+00
   1310.000     3.5055     3.5058   3.258981   3.259054     2.1179    -0.3933     0.3556    34.8784 7.5062e+02   1293.581    34.8782    34.8788     6.4116    1485.99    27.7492    27.7496 0.0000e+00
   1311.000     3.5051     3.5053   3.259005   3.259068     2.1175    -0.3926     0.3590    34.8784 7.5294e+02   1294.565    34.8784    34.8790     6.4106    1486.01    27.7494    27.7499 0.0000e+00
   1312.000     3.5053     3.5055   3.259067   3.259123     2.1168    -0.3938     0.3563    34.8784 7.5342e+02   1295.550    34.8785    34.8789     6.4088    1486.03    27.7495    27.7498 0.0000e+00
   1313.000     3.5057     3.5060   3.259152   3.259236     2.1168    -0.3882     0.3552    34.8785 7.5428e+02   1296.534    34.8785    34.8792     6.4096    1486.04    27.7495    27.7500 0.0000e+00
   1314.000     3.5071     3.5069   3.259377   3.259360     2.1167    -0.3912     0.3583    34.8789 7.5476e+02   1297.519    34.8792    34.8792     6.4098    1486.07    27.7499    27.7499 0.0000e+00
   1315.000     3.5082     3.5078   3.259493   3.259481     2.1167    -0.3887     0.3574    34.8789 7.5506e+02   1298.503    34.8790    34.8792     6.4102    1486.09    27.7496    27.7498 0.0000e+00
   1316.000     3.5082     3.5082   3.259513   3.259573     2.1156    -0.3899     0.3546    34.8787 7.5382e+02   1299.487    34.8787    34.8793     6.4069    1486.10    27.7494    27.7499 0.0000e+00
   1317.000     3.5078     3.5081   3.259502   3.259565     2.1148    -0.3811     0.3528    34.8784 7.5349e+02   1300.472    34.8785    34.8789     6.4047    1486.12    27.7493    27.7496 0.0000e+00
   1318.000     3.5070     3.5070   3.259489   3.259538     2.1143    -0.3901     0.3531    34.8787 7.5017e+02   1301.456    34.8786    34.8792     6.4036    1486.13    27.7494    27.7500 0.0000e+00
   1319.000     3.5065     3.5067   3.259502   3.259556     2.1143    -0.3922     0.3553    34.8788 7.4705e+02   1302.440    34.8789    34.8793     6.4045    1486.15    27.7497    27.7500 0.0000e+00
   1320.000     3.5062     3.5065   3.259510   3.259577     2.1142    -0.3906     0.3551    34.8788 7.4516e+02   1303.425    34.8788    34.8792     6.4050    1486.16    27.7497    27.7500 0.0000e+00
   1321.000     3.5058     3.5060   3.259514   3.259575     2.1135    -0.3902     0.3544    34.8787 7.4505e+02   1304.409    34.8787    34.8792     6.4031    1486.18    27.7497    27.7501 0.0000e+00
   1322.000     3.5056     3.5059   3.259545   3.259615     2.1130    -0.3898     0.3574    34.8787 7.4546e+02   1305.393    34.8787    34.8793     6.4020    1486.19    27.7497    27.7501 0.0000e+00
   1323.000     3.5059     3.5062   3.259623   3.259686     2.1130    -0.3923     0.3587    34.8788 7.4829e+02   1306.378    34.8789    34.8793     6.4027    1486.21    27.7498    27.7501 0.0000e+00
   1324.000     3.5061     3.5064   3.259672   3.259753     2.1128    -0.3938     0.3566    34.8788 7.5180e+02   1307.362    34.8788    34.8794     6.4029    1486.23    27.7497    27.7502 0.0000e+00
   1325.000     3.5071     3.5073   3.259782   3.259847     2.1113    -0.3769     0.3528    34.8784 7.6115e+02   1308.346    34.8785    34.8790     6.3975    1486.25    27.7494    27.7498 0.0000e+00
   1326.000     3.5069     3.5072   3.259841   3.259890     2.1107    -0.3943     0.3490    34.8789 7.5174e+02   1309.331    34.8789    34.8792     6.3957    1486.27    27.7498    27.7500 0.0000e+00
   1327.000     3.5071     3.5077   3.259940   3.260020     2.1107    -0.3914     0.3501    34.8791 7.4649e+02   1310.315    34.8793    34.8797     6.3966    1486.28    27.7501    27.7503 0.0000e+00
   1328.000     3.5081     3.5084   3.260076   3.260132     2.1102    -0.3923     0.3519    34.8792 7.4179e+02   1311.299    34.8794    34.8798     6.3954    1486.30    27.7501    27.7504 0.0000e+00
   1329.000     3.5089     3.5090   3.260181   3.260234     2.1093    -0.3923     0.3501    34.8792 7.3937e+02   1312.284    34.8794    34.8799     6.3924    1486.32    27.7500    27.7504 0.0000e+00
   1330.000     3.5086     3.5089   3.260193   3.260259     2.1088    -0.3700     0.3586    34.8792 7.3952e+02   1313.268    34.8793    34.8798     6.3911    1486.34    27.7499    27.7503 0.0000e+00
   1331.000     3.5086     3.5087   3.260249   3.260274     2.1086    -0.3672     0.3589    34.8792 7.4179e+02   1314.252    34.8795    34.8797     6.3912    1486.36    27.7501    27.7503 0.0000e+00
   1332.000     3.5093     3.5097   3.260365   3.260428     2.1087    -0.3745     0.3517    34.8794 7.4564e+02   1315.237    34.8796    34.8800     6.3922    1486.38    27.7501    27.7504 0.0000e+00
   1333.000     3.5091     3.5091   3.260369   3.260407     2.1079    -0.3692     0.3502    34.8793 7.5116e+02   1316.221    34.8794    34.8798     6.3903    1486.39    27.7500    27.7503 0.0000e+00
   1334.000     3.5088     3.5090   3.260367   3.260428     2.1074    -0.3669     0.3556    34.8791 7.5857e+02   1317.205    34.8791    34.8796     6.3890    1486.41    27.7498    27.7502 0.0000e+00
   1335.000     3.5095     3.5096   3.260451   3.260508     2.1062    -0.3911     0.3524    34.8788 7.6096e+02   1318.190    34.8789    34.8795     6.3848    1486.43    27.7496    27.7500 0.0000e+00
   1336.000     3.5089     3.5088   3.260465   3.260484     2.1057    -0.3719     0.3531    34.8793 7.4720e+02   1319.174    34.8792    34.8795     6.3838    1486.44    27.7498    27.7502 0.0000e+00
   1337.000     3.5051     3.5048   3.260030   3.260133     2.1054    -0.3725     0.3499    34.8786 7.4498e+02   1320.158    34.8776    34.8791     6.3842    1486.44    27.7490    27.7503 0.0000e+00
   1338.000     3.5032     3.5044   3.260051   3.260141     2.1054    -0.3742     0.3513    34.8789 7.4309e+02   1321.142    34.8793    34.8791     6.3853    1486.45    27.7505    27.7503 0.0000e+00
   1339.000     3.5052     3.5056   3.260235   3.260308     2.1048    -0.3933     0.3509    34.8789 7.4381e+02   1322.127    34.8789    34.8793     6.3833    1486.48    27.7500    27.7503 0.0000e+00
   1340.000     3.5050     3.5052   3.260247   3.260314     2.1046    -0.3918     0.3491    34.8787 7.4501e+02   1323.111    34.8787    34.8793     6.3835    1486.49    27.7499    27.7503 0.0000e+00
   1341.000     3.5043     3.5043   3.260175   3.260237     2.1046    -0.3714     0.3549    34.8786 7.4915e+02   1324.095    34.8782    34.8788     6.3846    1486.50    27.7495    27.7501 0.0000e+00
   1342.000     3.5023     3.5024   3.260039   3.260107     2.1046    -0.3670     0.3557    34.8784 7.5528e+02   1325.079    34.8781    34.8788     6.3858    1486.51    27.7497    27.7503 0.0000e+00
   1343.000     3.5026     3.5025   3.260105   3.260134     2.1047    -0.3817     0.3555    34.8781 7.6477e+02   1326.064    34.8781    34.8785     6.3867    1486.53    27.7497    27.7500 0.0000e+00
   1344.000     3.5057     3.5042   3.260433   3.260337     2.1047    -0.3786     0.3555    34.8783 7.6665e+02   1327.048    34.8782    34.8786     6.3871    1486.56    27.7495    27.7500 0.0000e+00
   1345.000     3.4994     3.4983   3.259790   3.259785     2.1043    -0.3942     0.3552    34.8776 7.5975e+02   1328.032    34.8768    34.8778     6.3877    1486.55    27.7489    27.7499 0.0000e+00
   1346.000     3.4966     3.4970   3.259675   3.259732     2.1044    -0.3938     0.3528    34.8778 7.5459e+02   1329.016    34.8778    34.8781     6.3892    1486.55    27.7500    27.7502 0.0000e+00
   1347.000     3.4965     3.4977   3.259691   3.259841     2.1041    -0.3938     0.3505    34.8776 7.5097e+02   1330.001    34.8776    34.8781     6.3889    1486.57    27.7499    27.7502 0.0000e+00
   1348.000     3.4986     3.4987   3.259956   3.259982     2.1045    -0.3815     0.3509    34.8780 7.4915e+02   1330.985    34.8781    34.8783     6.3908    1486.60    27.7501    27.7502 0.0000e+00
   1349.000     3.4985     3.4990   3.259957   3.260052     2.1043    -0.3697     0.3546    34.8778 7.4902e+02   1331.969    34.8777    34.8783     6.3910    1486.61    27.7498    27.7502 0.0000e+00
   1350.000     3.4985     3.4987   3.260011   3.260055     2.1042    -0.3849     0.3559    34.8779 7.5021e+02   1332.953    34.8778    34.8781     6.3913    1486.63    27.7499    27.7501 0.0000e+00
   1351.000     3.4973     3.4979   3.259894   3.260002     2.1041    -0.3887     0.3537    34.8774 7.5361e+02   1333.938    34.8771    34.8778     6.3920    1486.64    27.7495    27.7500 0.0000e+00
   1352.000     3.4975     3.4980   3.259969   3.260052     2.1046    -0.3777     0.3520    34.8774 7.6722e+02   1334.922    34.8773    34.8778     6.3947    1486.66    27.7496    27.7500 0.0000e+00
   1353.000     3.4979     3.4979   3.260030   3.260090     2.1048    -0.3911     0.3546    34.8774 7.8225e+02   1335.906    34.8771    34.8778     6.3964    1486.68    27.7494    27.7500 0.0000e+00
   1354.000     3.4963     3.4960   3.259941   3.259948     2.1048    -0.3921     0.3550    34.8774 7.8009e+02   1336.890    34.8773    34.8776     6.3977    1486.69    27.7497    27.7500 0.0000e+00
   1355.000     3.4964     3.4965   3.259984   3.260048     2.1047    -0.4127     0.3484    34.8773 7.7490e+02   1337.874    34.8772    34.8778     6.3982    1486.70    27.7497    27.7501 0.0000e+00
   1356.000     3.4963     3.4960   3.260052   3.260034     2.1048    -0.3800     0.3495    34.8775 7.6703e+02   1338.859    34.8776    34.8777     6.3993    1486.72    27.7500    27.7501 0.0000e+00
   1357.000     3.4984     3.4984   3.260327   3.260357     2.1048    -0.3805     0.3495    34.8780 7.5957e+02   1339.843    34.8782    34.8785     6.3995    1486.74    27.7503    27.7505 0.0000e+00
   1358.000     3.4989     3.4992   3.260418   3.260475     2.1042    -0.3912     0.3508    34.8781 7.5302e+02   1340.827    34.8782    34.8786     6.3979    1486.76    27.7502    27.7505 0.0000e+00
   1359.000     3.4987     3.4990   3.260453   3.260506     2.1035    -0.3914     0.3552    34.8782 7.5061e+02   1341.811    34.8783    34.8786     6.3962    1486.78    27.7503    27.7506 0.0000e+00
   1360.000     3.4987     3.4989   3.260487   3.260542     2.1025    -0.3938     0.3554    34.8781 7.5145e+02   1342.795    34.8782    34.8787     6.3929    1486.80    27.7503    27.7507 0.0000e+00
   1361.000     3.4986     3.4989   3.260505   3.260577     2.1020    -0.3829     0.3528    34.8781 7.5595e+02   1343.779    34.8781    34.8786     6.3919    1486.81    27.7502    27.7506 0.0000e+00
   1362.000     3.4987     3.4989   3.260550   3.260607     2.1007    -0.3699     0.3499    34.8779 7.6711e+02   1344.764    34.8780    34.8785     6.3875    1486.83    27.7501    27.7505 0.0000e+00
   1363.000     3.4990     3.4993   3.260615   3.260680     2.0982    -0.3968     0.3509    34.8778 7.8571e+02   1345.748    34.8779    34.8784     6.3780    1486.85    27.7500    27.7504 0.0000e+00
   1364.000     3.4983     3.4985   3.260589   3.260662     2.0980    -0.3928     0.3543    34.8780 7.8140e+02   1346.732    34.8779    34.8785     6.3782    1486.86    27.7501    27.7506 0.0000e+00
   1365.000     3.4979     3.4982   3.260606   3.260683     2.0975    -0.3918     0.3543    34.8779 7.7698e+02   1347.716    34.8779    34.8785     6.3771    1486.88    27.7502    27.7506 0.0000e+00
   1366.000     3.4979     3.4982   3.260639   3.260712     2.0974    -0.3919     0.3521    34.8779 7.7049e+02   1348.700    34.8779    34.8784     6.3777    1486.89    27.7501    27.7506 0.0000e+00
   1367.000     3.4976     3.4978   3.260652   3.260725     2.0974    -0.3928     0.3499    34.8778 7.6417e+02   1349.684    34.8778    34.8784     6.3784    1486.91    27.7502    27.7506 0.0000e+00
   1368.000     3.4977     3.4980   3.260715   3.260777     2.0970    -0.3916     0.3496    34.8779 7.5898e+02   1350.668    34.8779    34.8784     6.3778    1486.93    27.7502    27.7506 0.0000e+00
   1369.000     3.4974     3.4975   3.260702   3.260776     2.0963    -0.3938     0.3496    34.8778 7.5630e+02   1351.652    34.8777    34.8784     6.3760    1486.94    27.7501    27.7506 0.0000e+00
   1370.000     3.4959     3.4961   3.260600   3.260674     2.0963    -0.3929     0.3527    34.8776 7.5787e+02   1352.637    34.8775    34.8781     6.3770    1486.95    27.7500    27.7505 0.0000e+00
