Ship_data/Irminger/Irminger-5/ctd/process/dar30-03023.cnv
* Sea-Bird SBE 9 Data File:
* FileName = D:\Data\ar30-03023.hdr
* Software Version Seasave V 7.23.2
* Temperature SN = 4312
* Conductivity SN = 2148
* Number of Bytes Per Scan = 44
* Number of Voltage Words = 5
* Number of Scans Averaged by the Deck Unit = 1
* NMEA Latitude = 62 03.51 N
* NMEA Longitude = 032 13.91 W
* NMEA UTC (Time) = Jun 22 2018  20:07:00
** Cruise ID: ar30-03
** Chief Sci: Macdonald
** Station #: 023
** Site ID: Irminger 5 CL2
# nquan = 18
# nvalues = 154                         
# units = specified
# name 0 = prDM: Pressure, Digiquartz [db]
# name 1 = t090C: Temperature [ITS-90, deg C]
# name 2 = t190C: Temperature, 2 [ITS-90, deg C]
# name 3 = c0S/m: Conductivity [S/m]
# name 4 = c1S/m: Conductivity, 2 [S/m]
# name 5 = sbeox0V: Oxygen raw, SBE 43 [V]
# name 6 = flECO-AFL: Fluorescence, WET Labs ECO-AFL/FL [mg/m^3]
# name 7 = turbWETntu0: Turbidity, WET Labs ECO [NTU]
# name 8 = sal00: Salinity, Practical [PSU]
# name 9 = spar: SPAR/Surface Irradiance
# name 10 = depSM: Depth [salt water, m], lat = 62.0585
# name 11 = sal00: Salinity, Practical [PSU]
# name 12 = sal11: Salinity, Practical, 2 [PSU]
# name 13 = sbeox0ML/L: Oxygen, SBE 43 [ml/l], WS = 2
# name 14 = svCM: Sound Velocity [Chen-Millero, m/s]
# name 15 = sigma-é00: Density [sigma-theta, kg/m^3]
# name 16 = sigma-é11: Density, 2 [sigma-theta, kg/m^3]
# name 17 = flag: flag
# span 0 =      3.000,    156.000       
# span 1 =     5.0487,     7.2925       
# span 2 =     5.0391,     7.2904       
# span 3 =   3.347887,   3.546206       
# span 4 =   3.346972,   3.546265       
# span 5 =     2.3848,     2.7664       
# span 6 =    -0.3520,     3.9925       
# span 7 =     0.3715,     0.6955       
# span 8 =    34.8650,    34.9150       
# span 9 = 1.3471e+02, 1.5829e+02       
# span 10 =      2.971,    154.446      
# span 11 =    34.8566,    34.9318      
# span 12 =    34.8671,    34.9181      
# span 13 =     6.1470,     6.9205      
# span 14 =    1472.89,    1480.06      
# span 15 =    27.2723,    27.5986      
# span 16 =    27.2740,    27.5873      
# span 17 = 0.0000e+00, 0.0000e+00      
# interval = decibars: 1                
# start_time = Jun 22 2018 20:08:34 [System UTC, first data scan.]
# bad_flag = -9.990e-29
*END*
[from data line 81]
     84.000     5.3679     5.3680   3.372528   3.372832     2.5419    -0.0999     0.4234    34.8854 1.3935e+02     83.178    34.8821    34.8854     6.5725    1473.45    27.5390    27.5416 0.0000e+00
     85.000     5.3498     5.3521   3.370955   3.371397     2.5395    -0.1026     0.4288    34.8850 1.3808e+02     84.168    34.8822    34.8850     6.5684    1473.39    27.5413    27.5432 0.0000e+00
     86.000     5.3409     5.3568   3.370250   3.371936     2.5356    -0.0925     0.4181    34.8843 1.4156e+02     85.158    34.8829    34.8857     6.5583    1473.37    27.5429    27.5432 0.0000e+00
     87.000     5.3396     5.3397   3.370218   3.370423     2.5361    -0.0935     0.4285    34.8844 1.4167e+02     86.148    34.8834    34.8857     6.5607    1473.38    27.5434    27.5452 0.0000e+00
     88.000     5.3398     5.3396   3.370288   3.370473     2.5356    -0.0887     0.4331    34.8844 1.4073e+02     87.138    34.8834    34.8858     6.5599    1473.40    27.5434    27.5454 0.0000e+00
     89.000     5.3332     5.3333   3.369572   3.369917     2.5347    -0.1055     0.4305    34.8840 1.3957e+02     88.128    34.8815    34.8854     6.5593    1473.39    27.5428    27.5459 0.0000e+00
     90.000     5.3206     5.3236   3.368622   3.369108     2.5337    -0.1146     0.4250    34.8845 1.3932e+02     89.118    34.8832    34.8857     6.5589    1473.36    27.5456    27.5472 0.0000e+00
     91.000     5.3087     5.3094   3.367601   3.367888     2.5325    -0.0838     0.4171    34.8847 1.4132e+02     90.108    34.8834    34.8860     6.5579    1473.32    27.5472    27.5492 0.0000e+00
     92.000     5.3057     5.3052   3.367440   3.367616     2.5335    -0.0907     0.4217    34.8850 1.4143e+02     91.098    34.8841    34.8866     6.5625    1473.33    27.5482    27.5502 0.0000e+00
     93.000     5.3010     5.3011   3.367019   3.367292     2.5328    -0.1080     0.4215    34.8849 1.4144e+02     92.088    34.8836    34.8866     6.5617    1473.33    27.5483    27.5507 0.0000e+00
     94.000     5.2871     5.2869   3.365807   3.366065     2.5320    -0.0956     0.4424    34.8854 1.4080e+02     93.078    34.8836    34.8869     6.5623    1473.29    27.5500    27.5526 0.0000e+00
     95.000     5.2761     5.2762   3.364902   3.365138     2.5309    -0.0807     0.4256    34.8853 1.4034e+02     94.067    34.8842    34.8868     6.5614    1473.26    27.5518    27.5538 0.0000e+00
     96.000     5.2601     5.2617   3.363370   3.363844     2.5288    -0.0812     0.4383    34.8849 1.4200e+02     95.057    34.8827    34.8865     6.5582    1473.21    27.5525    27.5553 0.0000e+00
     97.000     5.2513     5.2514   3.362538   3.362930     2.5287    -0.0964     0.4300    34.8846 1.4237e+02     96.047    34.8818    34.8862     6.5604    1473.19    27.5528    27.5563 0.0000e+00
     98.000     5.2415     5.2418   3.361841   3.362099     2.5284    -0.1176     0.4265    34.8851 1.4171e+02     97.037    34.8835    34.8861     6.5620    1473.17    27.5554    27.5575 0.0000e+00
     99.000     5.2442     5.2467   3.362088   3.362562     2.5280    -0.1337     0.4242    34.8842 1.4176e+02     98.027    34.8829    34.8858     6.5610    1473.19    27.5546    27.5566 0.0000e+00
    100.000     5.2359     5.2354   3.361419   3.361626     2.5260    -0.1227     0.4214    34.8846 1.4304e+02     99.017    34.8833    34.8863     6.5568    1473.18    27.5560    27.5583 0.0000e+00
    101.000     5.2318     5.2299   3.361002   3.361138     2.5251    -0.1401     0.4215    34.8842 1.4191e+02    100.007    34.8823    34.8858     6.5554    1473.18    27.5556    27.5586 0.0000e+00
    102.000     5.2162     5.2169   3.359563   3.359990     2.5250    -0.1586     0.4128    34.8842 1.4082e+02    100.997    34.8815    34.8856     6.5585    1473.13    27.5569    27.5601 0.0000e+00
    103.000     5.2007     5.2019   3.358275   3.358670     2.5249    -0.1458     0.4191    34.8845 1.4037e+02    101.987    34.8823    34.8855     6.5618    1473.08    27.5593    27.5617 0.0000e+00
    104.000     5.1988     5.2038   3.358203   3.358898     2.5240    -0.1475     0.4180    34.8841 1.4272e+02    102.977    34.8828    34.8857     6.5598    1473.09    27.5600    27.5617 0.0000e+00
    105.000     5.1946     5.1990   3.357532   3.358428     2.5213    -0.1504     0.4192    34.8831 1.4366e+02    103.967    34.8790    34.8848     6.5530    1473.09    27.5574    27.5615 0.0000e+00
    106.000     5.1773     5.1776   3.356348   3.356655     2.5214    -0.1593     0.4166    34.8850 1.4334e+02    104.957    34.8829    34.8862     6.5567    1473.04    27.5626    27.5652 0.0000e+00
    107.000     5.1730     5.1728   3.356026   3.356258     2.5214    -0.1782     0.4257    34.8848 1.4288e+02    105.947    34.8831    34.8860     6.5583    1473.04    27.5633    27.5656 0.0000e+00
    108.000     5.1706     5.1700   3.355815   3.356033     2.5211    -0.1789     0.4815    34.8846 1.4238e+02    106.937    34.8827    34.8858     6.5587    1473.04    27.5632    27.5658 0.0000e+00
    109.000     5.1771     5.1876   3.356489   3.357634     2.5178    -0.1757     0.4314    34.8837 1.4423e+02    107.926    34.8831    34.8854     6.5478    1473.09    27.5628    27.5634 0.0000e+00
    110.000     5.1485     5.1607   3.353697   3.355237     2.5165    -0.1508     0.4181    34.8839 1.4468e+02    108.916    34.8802    34.8853     6.5493    1472.98    27.5639    27.5665 0.0000e+00
    111.000     5.1341     5.1347   3.352693   3.353029     2.5145    -0.2011     0.4239    34.8854 1.4392e+02    109.906    34.8832    34.8864     6.5459    1472.95    27.5680    27.5705 0.0000e+00
    112.000     5.1236     5.1235   3.351768   3.352005     2.5118    -0.2109     0.4120    34.8849 1.4233e+02    110.896    34.8830    34.8857     6.5396    1472.92    27.5691    27.5713 0.0000e+00
    113.000     5.1205     5.1205   3.351517   3.351779     2.5092    -0.2060     0.4072    34.8846 1.4351e+02    111.886    34.8828    34.8857     6.5327    1472.92    27.5693    27.5716 0.0000e+00
    114.000     5.1116     5.1115   3.350812   3.351028     2.5063    -0.1945     0.4179    34.8846 1.4503e+02    112.876    34.8834    34.8859     6.5255    1472.90    27.5708    27.5728 0.0000e+00
    115.000     5.1050     5.1056   3.350260   3.350583     2.5026    -0.2330     0.4305    34.8847 1.4566e+02    113.866    34.8834    34.8865     6.5152    1472.89    27.5716    27.5740 0.0000e+00
    116.000     5.1020     5.1023   3.350117   3.350366     2.5003    -0.2451     0.4100    34.8853 1.4455e+02    114.855    34.8843    34.8869     6.5091    1472.90    27.5727    27.5747 0.0000e+00
    117.000     5.1015     5.1013   3.350127   3.350328     2.4964    -0.2446     0.4144    34.8851 1.4399e+02    115.845    34.8844    34.8869     6.4973    1472.91    27.5728    27.5749 0.0000e+00
    118.000     5.1023     5.1013   3.350257   3.350365     2.4888    -0.2422     0.4000    34.8850 1.4623e+02    116.835    34.8845    34.8869     6.4732    1472.93    27.5729    27.5749 0.0000e+00
    119.000     5.1012     5.1006   3.350211   3.350371     2.4877    -0.2613     0.4038    34.8851 1.4630e+02    117.825    34.8847    34.8871     6.4707    1472.95    27.5731    27.5751 0.0000e+00
    120.000     5.1006     5.1003   3.350223   3.350399     2.4876    -0.2478     0.4048    34.8851 1.4593e+02    118.815    34.8849    34.8873     6.4714    1472.96    27.5734    27.5753 0.0000e+00
    121.000     5.1010     5.1011   3.350315   3.350536     2.4881    -0.2491     0.4227    34.8852 1.4505e+02    119.805    34.8850    34.8875     6.4737    1472.98    27.5734    27.5754 0.0000e+00
    122.000     5.1267     5.1173   3.352807   3.352276     2.4809    -0.2504     0.4052    34.8859 1.4554e+02    120.795    34.8864    34.8901     6.4466    1473.10    27.5715    27.5755 0.0000e+00
    123.000     5.2015     5.2069   3.363556   3.362411     2.4829    -0.2661     0.4068    34.9093 1.4816e+02    121.784    34.9318    34.9129     6.4396    1473.48    27.5986    27.5830 0.0000e+00
    124.000     5.2413     5.2379   3.365282   3.365142     2.4754    -0.2801     0.4062    34.9050 1.4770e+02    122.774    34.9096    34.9115     6.4104    1473.63    27.5763    27.5782 0.0000e+00
    125.000     5.2358     5.2330   3.364387   3.364558     2.4659    -0.3032     0.4040    34.9042 1.4670e+02    123.764    34.9045    34.9094     6.3816    1473.61    27.5730    27.5772 0.0000e+00
    126.000     5.2279     5.2215   3.363994   3.363514     2.4346    -0.2921     0.4056    34.9058 1.4635e+02    124.754    34.9077    34.9088     6.2816    1473.60    27.5764    27.5781 0.0000e+00
    127.000     5.2499     5.2413   3.366763   3.365698     2.4312    -0.2960     0.3973    34.9101 1.4827e+02    125.744    34.9161    34.9128     6.2674    1473.72    27.5805    27.5789 0.0000e+00
    128.000     5.2612     5.2610   3.367562   3.367758     2.4244    -0.3299     0.3928    34.9110 1.4832e+02    126.733    34.9130    34.9154     6.2446    1473.78    27.5767    27.5786 0.0000e+00
    129.000     5.2611     5.2610   3.367663   3.367854     2.4163    -0.3156     0.3919    34.9120 1.4832e+02    127.723    34.9137    34.9161     6.2190    1473.79    27.5773    27.5792 0.0000e+00
    130.000     5.2615     5.2614   3.367839   3.368067     2.4118    -0.3243     0.3913    34.9136 1.4818e+02    128.713    34.9148    34.9175     6.2049    1473.81    27.5781    27.5803 0.0000e+00
    131.000     5.2647     5.2635   3.368269   3.368327     2.4053    -0.3056     0.3932    34.9147 1.4794e+02    129.703    34.9159    34.9178     6.1841    1473.84    27.5786    27.5803 0.0000e+00
    132.000     5.2630     5.2625   3.368093   3.368314     2.3996    -0.3063     0.4156    34.9150 1.5036e+02    130.693    34.9151    34.9181     6.1665    1473.85    27.5782    27.5807 0.0000e+00
    133.000     5.2576     5.2574   3.367624   3.367857     2.3992    -0.3252     0.3955    34.9148 1.5056e+02    131.682    34.9148    34.9177     6.1669    1473.85    27.5786    27.5809 0.0000e+00
    134.000     5.2493     5.2508   3.366815   3.367208     2.3976    -0.3264     0.3928    34.9138 1.5010e+02    132.672    34.9137    34.9166     6.1639    1473.83    27.5787    27.5809 0.0000e+00
    135.000     5.2504     5.2500   3.367100   3.367240     2.3966    -0.3287     0.4058    34.9148 1.4965e+02    133.662    34.9153    34.9172     6.1614    1473.85    27.5799    27.5815 0.0000e+00
    136.000     5.2513     5.2495   3.367179   3.367234     2.3948    -0.2674     0.5094    34.9148 1.5013e+02    134.652    34.9147    34.9172     6.1559    1473.87    27.5793    27.5815 0.0000e+00
    137.000     5.2408     5.2384   3.366126   3.366164     2.3929    -0.3017     0.4458    34.9139 1.5035e+02    135.641    34.9130    34.9159     6.1523    1473.84    27.5792    27.5818 0.0000e+00
    138.000     5.2218     5.2221   3.364183   3.364600     2.3919    -0.3432     0.3903    34.9124 1.5046e+02    136.631    34.9099    34.9144     6.1532    1473.78    27.5790    27.5826 0.0000e+00
    139.000     5.2160     5.2179   3.363831   3.364219     2.3915    -0.3369     0.4150    34.9119 1.5090e+02    137.621    34.9114    34.9139     6.1536    1473.77    27.5809    27.5827 0.0000e+00
    140.000     5.2095     5.2101   3.363273   3.363553     2.3907    -0.3233     0.3990    34.9118 1.5181e+02    138.611    34.9112    34.9138     6.1526    1473.76    27.5815    27.5835 0.0000e+00
    141.000     5.2076     5.2058   3.363126   3.363202     2.3907    -0.3188     0.3993    34.9122 1.5274e+02    139.600    34.9110    34.9137     6.1536    1473.77    27.5817    27.5840 0.0000e+00
    142.000     5.2024     5.2014   3.362777   3.362890     2.3898    -0.3255     0.4013    34.9125 1.5272e+02    140.590    34.9118    34.9142     6.1525    1473.77    27.5829    27.5849 0.0000e+00
    143.000     5.2034     5.2028   3.362911   3.363065     2.3896    -0.3343     0.3959    34.9123 1.5139e+02    141.580    34.9118    34.9142     6.1523    1473.79    27.5828    27.5848 0.0000e+00
    144.000     5.2036     5.2042   3.362935   3.363204     2.3897    -0.3412     0.3966    34.9118 1.5196e+02    142.570    34.9114    34.9139     6.1535    1473.80    27.5825    27.5844 0.0000e+00
    145.000     5.1930     5.1957   3.361806   3.362417     2.3884    -0.3277     0.4049    34.9110 1.5334e+02    143.559    34.9089    34.9131     6.1519    1473.77    27.5818    27.5847 0.0000e+00
    146.000     5.1829     5.1821   3.361075   3.361210     2.3883    -0.3305     0.4045    34.9113 1.5295e+02    144.549    34.9105    34.9128     6.1540    1473.75    27.5842    27.5862 0.0000e+00
    147.000     5.1826     5.1808   3.361178   3.361118     2.3893    -0.3403     0.3887    34.9113 1.5232e+02    145.539    34.9114    34.9126     6.1579    1473.77    27.5850    27.5861 0.0000e+00
    148.000     5.1918     5.1917   3.362147   3.362311     2.3893    -0.3520     0.3899    34.9126 1.5115e+02    146.528    34.9125    34.9145     6.1570    1473.82    27.5847    27.5864 0.0000e+00
    149.000     5.1924     5.1909   3.362154   3.362205     2.3867    -0.3317     0.3973    34.9118 1.5445e+02    147.518    34.9114    34.9135     6.1493    1473.84    27.5839    27.5857 0.0000e+00
    150.000     5.1892     5.1902   3.362018   3.362266     2.3863    -0.3458     0.3961    34.9123 1.5540e+02    148.508    34.9127    34.9145     6.1494    1473.85    27.5852    27.5865 0.0000e+00
    151.000     5.1877     5.1868   3.361682   3.361952     2.3852    -0.3318     0.3949    34.9115 1.5506e+02    149.498    34.9098    34.9139     6.1470    1473.85    27.5831    27.5864 0.0000e+00
    152.000     5.1779     5.1781   3.360797   3.361048     2.3848    -0.3331     0.3906    34.9105 1.5359e+02    150.487    34.9093    34.9120     6.1479    1473.83    27.5839    27.5861 0.0000e+00
    153.000     5.1739     5.1743   3.360483   3.360709     2.3863    -0.3326     0.3922    34.9096 1.5419e+02    151.477    34.9094    34.9116     6.1545    1473.83    27.5845    27.5861 0.0000e+00
    154.000     5.1518     5.1541   3.357812   3.358587     2.3854    -0.3452     0.3881    34.9058 1.5457e+02    152.467    34.9011    34.9077     6.1561    1473.75    27.5805    27.5855 0.0000e+00
    155.000     5.0806     5.1065   3.351057   3.353918     2.3994    -0.3310     0.4281    34.8988 1.5499e+02    153.456    34.8970    34.9029     6.2142    1473.47    27.5856    27.5873 0.0000e+00
    156.000     5.0487     5.0391   3.347887   3.346972     2.4112    -0.3235     0.3715    34.8952 1.5325e+02    154.446    34.8931    34.8926     6.2591    1473.35    27.5863    27.5870 0.0000e+00
