Ship_data/Irminger/Irminger-5/ctd/process/dar30-03006.cnv
* Sea-Bird SBE 9 Data File:
* FileName = D:\Data\ar30-03006.hdr
* Software Version Seasave V 7.23.2
* Temperature SN = 4312
* Conductivity SN = 2148
* Number of Bytes Per Scan = 44
* Number of Voltage Words = 5
* Number of Scans Averaged by the Deck Unit = 1
* NMEA Latitude = 59 57.97 N
* NMEA Longitude = 039 30.98 W
* NMEA UTC (Time) = Jun 09 2018  13:38:40
** Cruise ID: ar30-03
** Chief Sci: Macdonald
** Station #: 006
** Site ID: Irminger 5 HYPM
** ctd cast at HYPM site with 3 bottom releases tested
# nquan = 18
# nvalues = 2687                        
# units = specified
# name 0 = prDM: Pressure, Digiquartz [db]
# name 1 = t090C: Temperature [ITS-90, deg C]
# name 2 = t190C: Temperature, 2 [ITS-90, deg C]
# name 3 = c0S/m: Conductivity [S/m]
# name 4 = c1S/m: Conductivity, 2 [S/m]
# name 5 = sbeox0V: Oxygen raw, SBE 43 [V]
# name 6 = flECO-AFL: Fluorescence, WET Labs ECO-AFL/FL [mg/m^3]
# name 7 = turbWETntu0: Turbidity, WET Labs ECO [NTU]
# name 8 = sal00: Salinity, Practical [PSU]
# name 9 = spar: SPAR/Surface Irradiance
# name 10 = depSM: Depth [salt water, m], lat = 59.9662
# name 11 = sal00: Salinity, Practical [PSU]
# name 12 = sal11: Salinity, Practical, 2 [PSU]
# name 13 = sbeox0ML/L: Oxygen, SBE 43 [ml/l], WS = 2
# name 14 = svCM: Sound Velocity [Chen-Millero, m/s]
# name 15 = sigma-é00: Density [sigma-theta, kg/m^3]
# name 16 = sigma-é11: Density, 2 [sigma-theta, kg/m^3]
# name 17 = flag: flag
# span 0 =      5.000,   2691.000       
# span 1 =     1.5098,     5.7890       
# span 2 =     1.5108,     5.7886       
# span 3 =   3.139117,   3.405319       
# span 4 =   3.139142,   3.405445       
# span 5 =     1.7958,     2.7990       
# span 6 =    -0.4142,     5.3388       
# span 7 =     0.1764,     0.6614       
# span 8 =    34.8539,    34.9238       
# span 9 = 6.9941e+02, 1.1388e+03       
# span 10 =      4.953,   2648.683      
# span 11 =    34.8539,    34.9237      
# span 12 =    34.8529,    34.9234      
# span 13 =     5.9731,     7.2499      
# span 14 =    1472.68,    1500.67      
# span 15 =    27.4642,    27.9325      
# span 16 =    27.4651,    27.9317      
# span 17 = 0.0000e+00, 0.0000e+00      
# interval = decibars: 1                
# start_time = Jun 09 2018 13:38:40 [System UTC, first data scan.]
# bad_flag = -9.990e-29
*END*
[from data line 242]
    247.000     4.6530     4.6538   3.314425   3.314631     2.3776    -0.3669     0.3858    34.8713 8.6661e+02    244.526    34.8708    34.8724     6.2871    1473.20    27.6147    27.6159 0.0000e+00
    248.000     4.6503     4.6502   3.314194   3.314350     2.3762    -0.3723     0.3881    34.8711 8.6909e+02    245.515    34.8705    34.8724     6.2837    1473.20    27.6147    27.6162 0.0000e+00
    249.000     4.6476     4.6475   3.314008   3.314141     2.3752    -0.3750     0.3859    34.8711 8.7003e+02    246.504    34.8706    34.8723     6.2816    1473.21    27.6151    27.6165 0.0000e+00
    250.000     4.6462     4.6460   3.313934   3.314056     2.3749    -0.3811     0.3831    34.8711 8.6850e+02    247.494    34.8707    34.8723     6.2816    1473.22    27.6153    27.6167 0.0000e+00
    251.000     4.6447     4.6448   3.313838   3.313987     2.3740    -0.3558     0.3870    34.8711 8.6589e+02    248.483    34.8706    34.8723     6.2796    1473.23    27.6154    27.6168 0.0000e+00
    252.000     4.6434     4.6434   3.313740   3.313899     2.3731    -0.2884     0.4029    34.8709 8.6416e+02    249.473    34.8703    34.8722     6.2777    1473.24    27.6154    27.6169 0.0000e+00
    253.000     4.6408     4.6408   3.313513   3.313683     2.3726    -0.3493     0.3884    34.8706 8.6333e+02    250.462    34.8698    34.8719     6.2774    1473.25    27.6153    27.6169 0.0000e+00
    254.000     4.6375     4.6374   3.313261   3.313400     2.3725    -0.3682     0.3827    34.8704 8.6543e+02    251.451    34.8699    34.8715     6.2783    1473.25    27.6157    27.6171 0.0000e+00
    255.000     4.6379     4.6380   3.313360   3.313514     2.3725    -0.3769     0.3815    34.8705 8.6969e+02    252.441    34.8700    34.8718     6.2791    1473.27    27.6158    27.6172 0.0000e+00
    256.000     4.6389     4.6387   3.313601   3.313682     2.3724    -0.3805     0.3802    34.8711 8.7446e+02    253.430    34.8713    34.8725     6.2792    1473.29    27.6167    27.6177 0.0000e+00
    257.000     4.6405     4.6408   3.313787   3.313958     2.3714    -0.3717     0.3826    34.8715 8.7239e+02    254.419    34.8713    34.8729     6.2766    1473.31    27.6165    27.6178 0.0000e+00
    258.000     4.6430     4.6425   3.314166   3.314243     2.3708    -0.3744     0.3835    34.8726 8.6328e+02    255.409    34.8725    34.8740     6.2748    1473.34    27.6173    27.6185 0.0000e+00
    259.000     4.6457     4.6455   3.314611   3.314666     2.3701    -0.3716     0.3888    34.8736 8.5542e+02    256.398    34.8743    34.8752     6.2728    1473.37    27.6184    27.6191 0.0000e+00
    260.000     4.6493     4.6493   3.314975   3.315123     2.3701    -0.3722     0.3842    34.8742 8.5201e+02    257.387    34.8743    34.8760     6.2729    1473.40    27.6180    27.6193 0.0000e+00
    261.000     4.6469     4.6468   3.314802   3.314959     2.3699    -0.3699     0.3871    34.8744 8.5065e+02    258.377    34.8743    34.8762     6.2734    1473.41    27.6183    27.6198 0.0000e+00
    262.000     4.6441     4.6442   3.314553   3.314747     2.3690    -0.3720     0.3864    34.8745 8.5145e+02    259.366    34.8738    34.8760     6.2720    1473.41    27.6182    27.6199 0.0000e+00
    263.000     4.6402     4.6402   3.314299   3.314433     2.3683    -0.3710     0.3832    34.8746 8.5333e+02    260.355    34.8744    34.8760     6.2709    1473.41    27.6191    27.6203 0.0000e+00
    264.000     4.6401     4.6399   3.314355   3.314460     2.3676    -0.3717     0.3778    34.8747 8.5887e+02    261.345    34.8746    34.8761     6.2693    1473.43    27.6193    27.6205 0.0000e+00
    265.000     4.6404     4.6405   3.314409   3.314550     2.3666    -0.3696     0.3917    34.8746 8.6643e+02    262.334    34.8744    34.8760     6.2668    1473.45    27.6191    27.6203 0.0000e+00
    266.000     4.6422     4.6428   3.314667   3.314827     2.3652    -0.3702     0.3838    34.8748 8.6779e+02    263.323    34.8750    34.8762     6.2625    1473.47    27.6194    27.6203 0.0000e+00
    267.000     4.6435     4.6434   3.314830   3.314966     2.3652    -0.3473     0.3882    34.8749 8.6411e+02    264.313    34.8750    34.8766     6.2631    1473.49    27.6193    27.6206 0.0000e+00
    268.000     4.6447     4.6446   3.315018   3.315145     2.3652    -0.3891     0.3831    34.8753 8.6113e+02    265.302    34.8754    34.8770     6.2637    1473.52    27.6194    27.6207 0.0000e+00
    269.000     4.6448     4.6446   3.315064   3.315198     2.3652    -0.3776     0.3902    34.8752 8.5748e+02    266.291    34.8753    34.8770     6.2645    1473.53    27.6194    27.6208 0.0000e+00
    270.000     4.6447     4.6446   3.315113   3.315241     2.3652    -0.3725     0.3890    34.8753 8.5294e+02    267.280    34.8754    34.8770     6.2653    1473.55    27.6195    27.6208 0.0000e+00
    271.000     4.6446     4.6445   3.315147   3.315280     2.3651    -0.3742     0.3838    34.8754 8.4643e+02    268.270    34.8754    34.8770     6.2658    1473.56    27.6195    27.6208 0.0000e+00
    272.000     4.6445     4.6444   3.315187   3.315309     2.3640    -0.3834     0.3860    34.8755 8.4124e+02    269.259    34.8755    34.8770     6.2630    1473.58    27.6196    27.6208 0.0000e+00
    273.000     4.6444     4.6444   3.315233   3.315365     2.3627    -0.3713     0.3867    34.8755 8.4497e+02    270.248    34.8755    34.8771     6.2594    1473.60    27.6196    27.6209 0.0000e+00
    274.000     4.6438     4.6438   3.315235   3.315372     2.3628    -0.3667     0.3770    34.8757 8.5154e+02    271.237    34.8757    34.8773     6.2607    1473.61    27.6198    27.6211 0.0000e+00
    275.000     4.6437     4.6436   3.315256   3.315393     2.3628    -0.3470     0.3012    34.8755 8.5691e+02    272.227    34.8756    34.8773     6.2614    1473.63    27.6197    27.6211 0.0000e+00
    276.000     4.6435     4.6435   3.315295   3.315425     2.3628    -0.3575     0.1868    34.8756 8.6118e+02    273.216    34.8756    34.8772     6.2622    1473.64    27.6198    27.6211 0.0000e+00
    277.000     4.6438     4.6437   3.315353   3.315483     2.3617    -0.3549     0.1816    34.8754 8.6341e+02    274.205    34.8755    34.8771     6.2593    1473.66    27.6197    27.6210 0.0000e+00
    278.000     4.6435     4.6430   3.315346   3.315471     2.3608    -0.3665     0.1886    34.8754 8.5279e+02    275.194    34.8752    34.8772     6.2574    1473.67    27.6195    27.6211 0.0000e+00
    279.000     4.6408     4.6408   3.315147   3.315290     2.3614    -0.3490     0.2686    34.8754 8.4545e+02    276.184    34.8751    34.8769     6.2603    1473.68    27.6198    27.6211 0.0000e+00
    280.000     4.6402     4.6402   3.315150   3.315294     2.3607    -0.3508     0.3226    34.8755 8.4140e+02    277.173    34.8753    34.8770     6.2589    1473.69    27.6200    27.6214 0.0000e+00
    281.000     4.6382     4.6378   3.314950   3.315092     2.3603    -0.3632     0.3259    34.8751 8.4008e+02    278.162    34.8746    34.8766     6.2590    1473.70    27.6196    27.6213 0.0000e+00
    282.000     4.6361     4.6360   3.314870   3.315000     2.3603    -0.3684     0.2910    34.8754 8.4058e+02    279.151    34.8753    34.8770     6.2601    1473.71    27.6204    27.6218 0.0000e+00
    283.000     4.6364     4.6366   3.314929   3.315076     2.3592    -0.3539     0.2308    34.8753 8.4666e+02    280.141    34.8752    34.8767     6.2572    1473.73    27.6203    27.6215 0.0000e+00
    284.000     4.6352     4.6356   3.314857   3.315036     2.3579    -0.3573     0.2440    34.8753 8.5626e+02    281.130    34.8750    34.8767     6.2537    1473.74    27.6203    27.6216 0.0000e+00
    285.000     4.6319     4.6320   3.314606   3.314765     2.3571    -0.3593     0.2659    34.8755 8.6151e+02    282.119    34.8751    34.8768     6.2524    1473.74    27.6208    27.6221 0.0000e+00
    286.000     4.6296     4.6296   3.314447   3.314602     2.3570    -0.3683     0.2503    34.8755 8.6622e+02    283.108    34.8751    34.8769     6.2532    1473.75    27.6211    27.6225 0.0000e+00
    287.000     4.6271     4.6273   3.314284   3.314449     2.3567    -0.3674     0.2389    34.8758 8.6715e+02    284.097    34.8752    34.8770     6.2533    1473.76    27.6214    27.6228 0.0000e+00
    288.000     4.6249     4.6248   3.314147   3.314279     2.3560    -0.3652     0.2372    34.8759 8.6624e+02    285.087    34.8754    34.8771     6.2520    1473.76    27.6218    27.6232 0.0000e+00
    289.000     4.6237     4.6236   3.314146   3.314276     2.3555    -0.3829     0.2194    34.8765 8.6133e+02    286.076    34.8762    34.8778     6.2513    1473.77    27.6226    27.6239 0.0000e+00
    290.000     4.6237     4.6235   3.314242   3.314348     2.3554    -0.3786     0.1937    34.8771 8.5389e+02    287.065    34.8768    34.8783     6.2518    1473.79    27.6231    27.6243 0.0000e+00
    291.000     4.6241     4.6239   3.314316   3.314428     2.3544    -0.3649     0.1945    34.8770 8.4480e+02    288.054    34.8767    34.8782     6.2492    1473.81    27.6230    27.6242 0.0000e+00
    292.000     4.6240     4.6239   3.314334   3.314474     2.3538    -0.3590     0.1911    34.8767 8.4365e+02    289.043    34.8765    34.8782     6.2482    1473.83    27.6228    27.6242 0.0000e+00
    293.000     4.6242     4.6243   3.314416   3.314553     2.3531    -0.3767     0.1851    34.8766 8.5075e+02    290.033    34.8766    34.8782     6.2464    1473.84    27.6229    27.6242 0.0000e+00
    294.000     4.6247     4.6246   3.314519   3.314639     2.3526    -0.3553     0.1794    34.8770 8.5474e+02    291.022    34.8769    34.8784     6.2454    1473.86    27.6231    27.6243 0.0000e+00
    295.000     4.6244     4.6242   3.314526   3.314647     2.3522    -0.3712     0.1764    34.8769 8.5621e+02    292.011    34.8767    34.8783     6.2450    1473.88    27.6230    27.6243 0.0000e+00
    296.000     4.6237     4.6236   3.314516   3.314641     2.3517    -0.3904     0.1790    34.8768 8.5632e+02    293.000    34.8768    34.8783     6.2444    1473.89    27.6231    27.6244 0.0000e+00
    297.000     4.6242     4.6240   3.314606   3.314709     2.3514    -0.3874     0.1784    34.8768 8.5668e+02    293.989    34.8768    34.8783     6.2440    1473.91    27.6231    27.6243 0.0000e+00
    298.000     4.6247     4.6244   3.314688   3.314795     2.3515    -0.3810     0.1780    34.8768 8.5775e+02    294.978    34.8767    34.8782     6.2451    1473.93    27.6230    27.6242 0.0000e+00
    299.000     4.6249     4.6253   3.314763   3.314935     2.3512    -0.3661     0.1820    34.8768 8.5855e+02    295.968    34.8768    34.8784     6.2448    1473.95    27.6231    27.6243 0.0000e+00
    300.000     4.6270     4.6270   3.315088   3.315196     2.3503    -0.3624     0.1805    34.8775 8.5661e+02    296.957    34.8779    34.8792     6.2423    1473.97    27.6236    27.6247 0.0000e+00
    301.000     4.6235     4.6243   3.314744   3.314992     2.3495    -0.3641     0.1783    34.8775 8.5187e+02    297.946    34.8770    34.8791     6.2409    1473.97    27.6234    27.6249 0.0000e+00
    302.000     4.6198     4.6198   3.314486   3.314620     2.3492    -0.3606     0.1794    34.8775 8.4412e+02    298.935    34.8773    34.8789     6.2414    1473.97    27.6241    27.6253 0.0000e+00
    303.000     4.6193     4.6199   3.314488   3.314697     2.3488    -0.3455     0.1800    34.8776 8.4026e+02    299.924    34.8774    34.8792     6.2406    1473.99    27.6242    27.6255 0.0000e+00
    304.000     4.6210     4.6224   3.314726   3.315007     2.3484    -0.3645     0.1773    34.8777 8.4097e+02    300.913    34.8779    34.8797     6.2399    1474.01    27.6244    27.6257 0.0000e+00
    305.000     4.6274     4.6245   3.315463   3.315304     2.3482    -0.3656     0.1866    34.8788 8.4475e+02    301.902    34.8792    34.8804     6.2389    1474.06    27.6247    27.6260 0.0000e+00
    306.000     4.6292     4.6346   3.315772   3.316323     2.3481    -0.3660     0.1886    34.8795 8.4810e+02    302.891    34.8804    34.8812     6.2391    1474.08    27.6255    27.6255 0.0000e+00
    307.000     4.6366     4.6424   3.316608   3.317307     2.3482    -0.3594     0.1895    34.8798 8.4950e+02    303.881    34.8819    34.8839     6.2389    1474.13    27.6258    27.6268 0.0000e+00
    308.000     4.6444     4.6471   3.317333   3.317729     2.3483    -0.3460     0.2329    34.8808 8.4895e+02    304.870    34.8817    34.8834     6.2388    1474.18    27.6248    27.6259 0.0000e+00
    309.000     4.6487     4.6484   3.317839   3.317905     2.3488    -0.3732     0.3106    34.8815 8.4639e+02    305.859    34.8824    34.8836     6.2406    1474.21    27.6249    27.6259 0.0000e+00
    310.000     4.6542     4.6561   3.318498   3.318752     2.3487    -0.3752     0.2787    34.8823 8.4194e+02    306.848    34.8838    34.8848     6.2402    1474.25    27.6254    27.6260 0.0000e+00
    311.000     4.6853     4.6869   3.321833   3.322036     2.3491    -0.3664     0.2761    34.8869 8.3695e+02    307.837    34.8895    34.8902     6.2371    1474.41    27.6265    27.6269 0.0000e+00
    312.000     4.6873     4.6876   3.321921   3.322107     2.3498    -0.3696     0.2942    34.8868 8.3359e+02    308.826    34.8880    34.8898     6.2399    1474.43    27.6250    27.6265 0.0000e+00
    313.000     4.6847     4.6846   3.321697   3.321848     2.3502    -0.3697     0.2866    34.8869 8.3222e+02    309.815    34.8876    34.8894     6.2425    1474.43    27.6250    27.6265 0.0000e+00
    314.000     4.6773     4.6766   3.320895   3.321084     2.3506    -0.3493     0.2670    34.8859 8.3148e+02    310.804    34.8855    34.8884     6.2460    1474.42    27.6242    27.6266 0.0000e+00
    315.000     4.6717     4.6721   3.320534   3.320717     2.3506    -0.3412     0.2242    34.8861 8.3095e+02    311.793    34.8866    34.8884     6.2477    1474.41    27.6257    27.6271 0.0000e+00
    316.000     4.6722     4.6723   3.320746   3.320843     2.3512    -0.3634     0.2371    34.8870 8.2953e+02    312.782    34.8881    34.8891     6.2502    1474.43    27.6268    27.6276 0.0000e+00
    317.000     4.6718     4.6718   3.320643   3.320848     2.3508    -0.3671     0.2431    34.8871 8.2892e+02    313.771    34.8868    34.8891     6.2501    1474.45    27.6259    27.6277 0.0000e+00
    318.000     4.6677     4.6692   3.320357   3.320624     2.3492    -0.3675     0.2441    34.8868 8.3408e+02    314.760    34.8872    34.8887     6.2458    1474.45    27.6267    27.6277 0.0000e+00
    319.000     4.6667     4.6636   3.320178   3.320105     2.3469    -0.3659     0.2379    34.8864 8.3927e+02    315.749    34.8856    34.8880     6.2392    1474.46    27.6256    27.6278 0.0000e+00
    320.000     4.6638     4.6635   3.320445   3.320410     2.3461    -0.3682     0.2433    34.8896 8.3215e+02    316.738    34.8913    34.8911     6.2375    1474.47    27.6304    27.6303 0.0000e+00
    321.000     4.6741     4.6734   3.321398   3.321482     2.3457    -0.3877     0.2461    34.8908 8.2467e+02    317.728    34.8910    34.8927     6.2354    1474.53    27.6290    27.6304 0.0000e+00
    322.000     4.6755     4.6757   3.321751   3.321795     2.3458    -0.3638     0.2475    34.8917 8.1908e+02    318.717    34.8931    34.8934     6.2360    1474.55    27.6306    27.6307 0.0000e+00
    323.000     4.6804     4.6799   3.322193   3.322284     2.3460    -0.3689     0.2576    34.8923 8.1591e+02    319.706    34.8926    34.8942     6.2370    1474.59    27.6296    27.6309 0.0000e+00
    324.000     4.6772     4.6776   3.321953   3.322087     2.3470    -0.3683     0.2596    34.8921 8.1538e+02    320.695    34.8926    34.8938     6.2416    1474.59    27.6299    27.6309 0.0000e+00
    325.000     4.6801     4.6797   3.322375   3.322443     2.3470    -0.3622     0.2721    34.8930 8.1470e+02    321.684    34.8940    34.8952     6.2418    1474.62    27.6308    27.6317 0.0000e+00
