Ship_data/Irminger/Irminger-5/ctd/process/dar30-03014.cnv
* Sea-Bird SBE 9 Data File:
* FileName = D:\Data\ar30-03014.hdr
* Software Version Seasave V 7.23.2
* Temperature SN = 4312
* Conductivity SN = 2148
* Number of Bytes Per Scan = 44
* Number of Voltage Words = 5
* Number of Scans Averaged by the Deck Unit = 1
* NMEA Latitude = 59 44.59 N
* NMEA Longitude = 039 35.05 W
* NMEA UTC (Time) = Jun 15 2018  15:52:39
** Cruise ID: ar30-03
** Chief Sci: Macdonald
** Station #: 014
** Site ID: Irminger 5 OSNAP CAB
** Full ocean depth cast at OSNAP CAB site. 3 bottom releases tested.
# nquan = 18
# nvalues = 2792                        
# units = specified
# name 0 = prDM: Pressure, Digiquartz [db]
# name 1 = t090C: Temperature [ITS-90, deg C]
# name 2 = t190C: Temperature, 2 [ITS-90, deg C]
# name 3 = c0S/m: Conductivity [S/m]
# name 4 = c1S/m: Conductivity, 2 [S/m]
# name 5 = sbeox0V: Oxygen raw, SBE 43 [V]
# name 6 = flECO-AFL: Fluorescence, WET Labs ECO-AFL/FL [mg/m^3]
# name 7 = turbWETntu0: Turbidity, WET Labs ECO [NTU]
# name 8 = sal00: Salinity, Practical [PSU]
# name 9 = spar: SPAR/Surface Irradiance
# name 10 = depSM: Depth [salt water, m], lat = 59.7432
# name 11 = sal00: Salinity, Practical [PSU]
# name 12 = sal11: Salinity, Practical, 2 [PSU]
# name 13 = sbeox0ML/L: Oxygen, SBE 43 [ml/l], WS = 2
# name 14 = svCM: Sound Velocity [Chen-Millero, m/s]
# name 15 = sigma-é00: Density [sigma-theta, kg/m^3]
# name 16 = sigma-é11: Density, 2 [sigma-theta, kg/m^3]
# name 17 = flag: flag
# span 0 =      4.000,   2795.000       
# span 1 =     1.3661,     6.2555       
# span 2 =     1.3675,     6.2557       
# span 3 =   3.131151,   3.445468       
# span 4 =   3.131259,   3.445800       
# span 5 =     1.7752,     2.7588       
# span 6 =    -0.4136,     1.9826       
# span 7 =     0.3417,     0.6758       
# span 8 =    34.8358,    34.9287       
# span 9 = 5.5289e+02, 1.1618e+03       
# span 10 =      3.962,   2750.435      
# span 11 =    34.8331,    34.9285      
# span 12 =    34.8377,    34.9287      
# span 13 =     5.9239,     7.1904      
# span 14 =    1469.66,    1502.44      
# span 15 =    27.3892,    27.9419      
# span 16 =    27.3920,    27.9416      
# span 17 = 0.0000e+00, 0.0000e+00      
# interval = decibars: 1                
# start_time = Jun 15 2018 15:52:39 [System UTC, first data scan.]
# bad_flag = -9.990e-29
*END*
[from data line 805]
    809.000     3.4607     3.4608   3.233236   3.233339     2.2532    -0.3849     0.3553    34.8757 1.0479e+03    799.829    34.8757    34.8768     6.5185    1477.49    27.7476    27.7485 0.0000e+00
    810.000     3.4604     3.4605   3.233249   3.233353     2.2529    -0.3864     0.3618    34.8757 1.0445e+03    800.815    34.8756    34.8768     6.5182    1477.51    27.7476    27.7485 0.0000e+00
    811.000     3.4599     3.4600   3.233232   3.233344     2.2523    -0.3865     0.3617    34.8755 1.0421e+03    801.802    34.8755    34.8767     6.5172    1477.52    27.7475    27.7485 0.0000e+00
    812.000     3.4598     3.4598   3.233271   3.233373     2.2522    -0.3876     0.3582    34.8755 1.0416e+03    802.789    34.8755    34.8768     6.5175    1477.54    27.7475    27.7485 0.0000e+00
    813.000     3.4596     3.4597   3.233284   3.233381     2.2521    -0.3846     0.3588    34.8754 1.0464e+03    803.776    34.8753    34.8764     6.5182    1477.55    27.7474    27.7483 0.0000e+00
    814.000     3.4594     3.4594   3.233297   3.233400     2.2521    -0.3869     0.3581    34.8753 1.0579e+03    804.762    34.8752    34.8764     6.5191    1477.57    27.7474    27.7483 0.0000e+00
    815.000     3.4592     3.4590   3.233333   3.233414     2.2521    -0.3779     0.3612    34.8753 1.0611e+03    805.749    34.8753    34.8765     6.5199    1477.58    27.7475    27.7484 0.0000e+00
    816.000     3.4591     3.4589   3.233368   3.233450     2.2519    -0.3741     0.3619    34.8754 1.0568e+03    806.736    34.8753    34.8765     6.5201    1477.60    27.7475    27.7485 0.0000e+00
    817.000     3.4589     3.4589   3.233401   3.233502     2.2513    -0.3847     0.3585    34.8754 1.0510e+03    807.722    34.8754    34.8766     6.5188    1477.62    27.7476    27.7485 0.0000e+00
    818.000     3.4589     3.4589   3.233449   3.233541     2.2510    -0.3639     0.3583    34.8754 1.0454e+03    808.709    34.8754    34.8765     6.5183    1477.63    27.7476    27.7485 0.0000e+00
    819.000     3.4592     3.4590   3.233510   3.233596     2.2506    -0.3644     0.3609    34.8753 1.0395e+03    809.696    34.8754    34.8765     6.5176    1477.65    27.7475    27.7485 0.0000e+00
    820.000     3.4593     3.4593   3.233572   3.233672     2.2498    -0.3708     0.3614    34.8754 1.0364e+03    810.683    34.8754    34.8766     6.5156    1477.67    27.7476    27.7485 0.0000e+00
    821.000     3.4592     3.4593   3.233597   3.233703     2.2498    -0.3882     0.3591    34.8753 1.0390e+03    811.669    34.8753    34.8765     6.5162    1477.68    27.7475    27.7485 0.0000e+00
    822.000     3.4591     3.4591   3.233635   3.233725     2.2496    -0.3856     0.3636    34.8753 1.0465e+03    812.656    34.8753    34.8764     6.5164    1477.70    27.7476    27.7484 0.0000e+00
    823.000     3.4589     3.4590   3.233649   3.233761     2.2497    -0.3852     0.3638    34.8753 1.0540e+03    813.643    34.8753    34.8765     6.5179    1477.71    27.7475    27.7485 0.0000e+00
    824.000     3.4589     3.4589   3.233701   3.233792     2.2496    -0.3866     0.3572    34.8753 1.0586e+03    814.629    34.8753    34.8764     6.5183    1477.73    27.7476    27.7484 0.0000e+00
    825.000     3.4590     3.4591   3.233757   3.233862     2.2496    -0.3885     0.3666    34.8753 1.0554e+03    815.616    34.8754    34.8765     6.5192    1477.75    27.7476    27.7486 0.0000e+00
    826.000     3.4594     3.4595   3.233852   3.233950     2.2493    -0.3667     0.3642    34.8755 1.0477e+03    816.603    34.8755    34.8766     6.5186    1477.77    27.7477    27.7486 0.0000e+00
    827.000     3.4588     3.4589   3.233831   3.233931     2.2488    -0.3829     0.3602    34.8755 1.0405e+03    817.589    34.8754    34.8765     6.5176    1477.78    27.7477    27.7485 0.0000e+00
    828.000     3.4577     3.4578   3.233772   3.233883     2.2486    -0.3750     0.3565    34.8755 1.0373e+03    818.576    34.8754    34.8765     6.5180    1477.79    27.7478    27.7487 0.0000e+00
    829.000     3.4575     3.4575   3.233796   3.233889     2.2482    -0.3620     0.3561    34.8753 1.0387e+03    819.563    34.8753    34.8764     6.5175    1477.81    27.7477    27.7486 0.0000e+00
    830.000     3.4570     3.4571   3.233776   3.233883     2.2474    -0.3673     0.3568    34.8752 1.0429e+03    820.549    34.8751    34.8762     6.5155    1477.82    27.7476    27.7485 0.0000e+00
    831.000     3.4553     3.4556   3.233657   3.233796     2.2474    -0.4023     0.3585    34.8751 1.0470e+03    821.536    34.8750    34.8763     6.5165    1477.83    27.7477    27.7487 0.0000e+00
    832.000     3.4552     3.4551   3.233707   3.233792     2.2474    -0.3967     0.3617    34.8752 1.0489e+03    822.523    34.8751    34.8762     6.5174    1477.85    27.7479    27.7487 0.0000e+00
    833.000     3.4549     3.4551   3.233717   3.233816     2.2472    -0.3852     0.3617    34.8751 1.0489e+03    823.509    34.8750    34.8760     6.5177    1477.86    27.7478    27.7486 0.0000e+00
    834.000     3.4549     3.4549   3.233756   3.233850     2.2467    -0.3666     0.3587    34.8751 1.0476e+03    824.496    34.8750    34.8762     6.5164    1477.88    27.7478    27.7487 0.0000e+00
    835.000     3.4547     3.4548   3.233787   3.233871     2.2464    -0.3632     0.3580    34.8750 1.0459e+03    825.483    34.8750    34.8760     6.5164    1477.89    27.7478    27.7486 0.0000e+00
    836.000     3.4550     3.4550   3.233829   3.233927     2.2462    -0.3862     0.3552    34.8748 1.0414e+03    826.469    34.8747    34.8759     6.5163    1477.91    27.7476    27.7485 0.0000e+00
    837.000     3.4550     3.4550   3.233883   3.233981     2.2459    -0.3862     0.3578    34.8749 1.0379e+03    827.456    34.8749    34.8760     6.5161    1477.93    27.7477    27.7486 0.0000e+00
    838.000     3.4548     3.4548   3.233919   3.234007     2.2459    -0.3825     0.3580    34.8750 1.0382e+03    828.442    34.8749    34.8760     6.5171    1477.94    27.7478    27.7486 0.0000e+00
    839.000     3.4549     3.4549   3.233963   3.234058     2.2460    -0.3875     0.3622    34.8748 1.0399e+03    829.429    34.8748    34.8760     6.5181    1477.96    27.7477    27.7487 0.0000e+00
    840.000     3.4546     3.4548   3.233974   3.234096     2.2452    -0.3887     0.3597    34.8749 1.0422e+03    830.416    34.8748    34.8760     6.5161    1477.98    27.7477    27.7487 0.0000e+00
    841.000     3.4534     3.4534   3.233917   3.234012     2.2450    -0.3707     0.3591    34.8750 1.0427e+03    831.402    34.8749    34.8759     6.5163    1477.99    27.7479    27.7487 0.0000e+00
    842.000     3.4534     3.4534   3.233953   3.234048     2.2450    -0.3609     0.3593    34.8748 1.0419e+03    832.389    34.8747    34.8759     6.5172    1478.00    27.7478    27.7487 0.0000e+00
    843.000     3.4534     3.4535   3.233994   3.234100     2.2449    -0.3612     0.3596    34.8747 1.0397e+03    833.375    34.8747    34.8759     6.5178    1478.02    27.7478    27.7487 0.0000e+00
    844.000     3.4535     3.4535   3.234041   3.234143     2.2439    -0.3631     0.3626    34.8747 1.0381e+03    834.362    34.8747    34.8759     6.5149    1478.04    27.7478    27.7487 0.0000e+00
    845.000     3.4535     3.4535   3.234089   3.234187     2.2438    -0.3833     0.3629    34.8747 1.0369e+03    835.349    34.8748    34.8759     6.5152    1478.05    27.7478    27.7487 0.0000e+00
    846.000     3.4537     3.4537   3.234151   3.234251     2.2436    -0.3820     0.3595    34.8747 1.0375e+03    836.335    34.8747    34.8759     6.5155    1478.07    27.7478    27.7487 0.0000e+00
    847.000     3.4538     3.4538   3.234196   3.234295     2.2432    -0.3618     0.3588    34.8747 1.0394e+03    837.322    34.8747    34.8758     6.5147    1478.09    27.7477    27.7486 0.0000e+00
    848.000     3.4536     3.4536   3.234226   3.234327     2.2429    -0.3646     0.3589    34.8747 1.0401e+03    838.308    34.8747    34.8759     6.5147    1478.10    27.7478    27.7487 0.0000e+00
    849.000     3.4532     3.4533   3.234235   3.234345     2.2425    -0.3766     0.3567    34.8747 1.0371e+03    839.295    34.8747    34.8759     6.5141    1478.12    27.7478    27.7488 0.0000e+00
    850.000     3.4530     3.4530   3.234272   3.234373     2.2426    -0.3831     0.3583    34.8748 1.0331e+03    840.281    34.8748    34.8760     6.5150    1478.14    27.7480    27.7489 0.0000e+00
    851.000     3.4527     3.4528   3.234257   3.234366     2.2426    -0.3859     0.3627    34.8747 1.0297e+03    841.268    34.8745    34.8757     6.5160    1478.15    27.7477    27.7487 0.0000e+00
    852.000     3.4509     3.4510   3.234129   3.234244     2.2426    -0.3851     0.3631    34.8744 1.0277e+03    842.255    34.8743    34.8756     6.5172    1478.16    27.7477    27.7487 0.0000e+00
    853.000     3.4503     3.4502   3.234121   3.234202     2.2425    -0.3668     0.3590    34.8744 1.0274e+03    843.241    34.8743    34.8754     6.5179    1478.17    27.7478    27.7487 0.0000e+00
    854.000     3.4494     3.4494   3.234058   3.234154     2.2426    -0.3698     0.3591    34.8741 1.0335e+03    844.228    34.8740    34.8751     6.5191    1478.19    27.7477    27.7486 0.0000e+00
    855.000     3.4487     3.4488   3.234060   3.234159     2.2416    -0.3847     0.3598    34.8744 1.0383e+03    845.214    34.8742    34.8753     6.5165    1478.20    27.7479    27.7488 0.0000e+00
    856.000     3.4479     3.4479   3.234010   3.234103     2.2414    -0.3891     0.3589    34.8741 1.0386e+03    846.201    34.8740    34.8751     6.5166    1478.21    27.7478    27.7487 0.0000e+00
    857.000     3.4473     3.4473   3.234005   3.234098     2.2416    -0.3906     0.3588    34.8741 1.0382e+03    847.187    34.8740    34.8752     6.5183    1478.23    27.7479    27.7488 0.0000e+00
    858.000     3.4471     3.4471   3.234031   3.234117     2.2415    -0.3815     0.3590    34.8741 1.0367e+03    848.174    34.8740    34.8751     6.5187    1478.24    27.7479    27.7488 0.0000e+00
    859.000     3.4467     3.4469   3.234041   3.234142     2.2414    -0.3872     0.3585    34.8741 1.0341e+03    849.160    34.8740    34.8751     6.5194    1478.26    27.7480    27.7488 0.0000e+00
    860.000     3.4470     3.4470   3.234097   3.234199     2.2414    -0.3675     0.3588    34.8740 1.0308e+03    850.147    34.8739    34.8751     6.5202    1478.27    27.7479    27.7488 0.0000e+00
    861.000     3.4469     3.4469   3.234128   3.234230     2.2412    -0.3632     0.3563    34.8739 1.0290e+03    851.133    34.8739    34.8751     6.5204    1478.29    27.7479    27.7488 0.0000e+00
    862.000     3.4469     3.4470   3.234198   3.234294     2.2408    -0.3857     0.3582    34.8742 1.0278e+03    852.120    34.8741    34.8752     6.5197    1478.31    27.7481    27.7490 0.0000e+00
    863.000     3.4470     3.4470   3.234246   3.234337     2.2403    -0.3612     0.3585    34.8741 1.0272e+03    853.106    34.8741    34.8752     6.5188    1478.32    27.7480    27.7489 0.0000e+00
    864.000     3.4470     3.4471   3.234291   3.234398     2.2401    -0.3827     0.3559    34.8741 1.0253e+03    854.093    34.8741    34.8753     6.5189    1478.34    27.7481    27.7490 0.0000e+00
    865.000     3.4470     3.4470   3.234326   3.234420     2.2392    -0.3876     0.3580    34.8741 1.0234e+03    855.079    34.8741    34.8752     6.5161    1478.36    27.7480    27.7489 0.0000e+00
    866.000     3.4470     3.4471   3.234375   3.234470     2.2390    -0.3856     0.3582    34.8741 1.0253e+03    856.066    34.8741    34.8752     6.5162    1478.37    27.7480    27.7489 0.0000e+00
    867.000     3.4468     3.4465   3.234387   3.234446     2.2388    -0.3881     0.3566    34.8740 1.0304e+03    857.052    34.8739    34.8750     6.5166    1478.39    27.7479    27.7488 0.0000e+00
    868.000     3.4461     3.4461   3.234377   3.234468     2.2386    -0.3851     0.3613    34.8740 1.0356e+03    858.039    34.8740    34.8751     6.5167    1478.40    27.7481    27.7490 0.0000e+00
    869.000     3.4459     3.4460   3.234406   3.234502     2.2379    -0.3711     0.3587    34.8741 1.0361e+03    859.025    34.8740    34.8751     6.5151    1478.42    27.7481    27.7490 0.0000e+00
    870.000     3.4456     3.4456   3.234415   3.234513     2.2378    -0.3721     0.3580    34.8741 1.0348e+03    860.012    34.8740    34.8751     6.5154    1478.43    27.7482    27.7491 0.0000e+00
    871.000     3.4457     3.4458   3.234478   3.234565     2.2378    -0.3833     0.3580    34.8740 1.0322e+03    860.998    34.8741    34.8751     6.5162    1478.45    27.7482    27.7490 0.0000e+00
    872.000     3.4458     3.4455   3.234522   3.234574     2.2376    -0.3670     0.3622    34.8740 1.0284e+03    861.985    34.8740    34.8749     6.5162    1478.47    27.7482    27.7489 0.0000e+00
    873.000     3.4457     3.4452   3.234545   3.234598     2.2369    -0.3755     0.3613    34.8740 1.0247e+03    862.971    34.8738    34.8750     6.5145    1478.48    27.7480    27.7490 0.0000e+00
    874.000     3.4450     3.4450   3.234533   3.234621     2.2366    -0.3854     0.3580    34.8739 1.0210e+03    863.957    34.8739    34.8750     6.5143    1478.50    27.7482    27.7490 0.0000e+00
    875.000     3.4447     3.4448   3.234535   3.234630     2.2365    -0.3686     0.3582    34.8738 1.0186e+03    864.944    34.8737    34.8748     6.5149    1478.51    27.7481    27.7489 0.0000e+00
    876.000     3.4438     3.4439   3.234467   3.234579     2.2358    -0.3888     0.3568    34.8735 1.0211e+03    865.930    34.8734    34.8746     6.5135    1478.52    27.7479    27.7488 0.0000e+00
    877.000     3.4426     3.4425   3.234420   3.234495     2.2356    -0.3880     0.3567    34.8736 1.0258e+03    866.917    34.8735    34.8745     6.5136    1478.54    27.7481    27.7489 0.0000e+00
    878.000     3.4425     3.4426   3.234444   3.234552     2.2354    -0.3863     0.3566    34.8736 1.0285e+03    867.903    34.8735    34.8747     6.5137    1478.55    27.7481    27.7490 0.0000e+00
    879.000     3.4421     3.4421   3.234447   3.234552     2.2350    -0.3877     0.3589    34.8735 1.0305e+03    868.890    34.8734    34.8746     6.5132    1478.57    27.7481    27.7490 0.0000e+00
    880.000     3.4413     3.4415   3.234404   3.234520     2.2342    -0.3889     0.3580    34.8733 1.0319e+03    869.876    34.8731    34.8744     6.5113    1478.58    27.7480    27.7489 0.0000e+00
    881.000     3.4406     3.4410   3.234386   3.234509     2.2344    -0.3748     0.3613    34.8733 1.0320e+03    870.862    34.8732    34.8743     6.5128    1478.59    27.7481    27.7489 0.0000e+00
    882.000     3.4398     3.4399   3.234342   3.234440     2.2344    -0.3679     0.3618    34.8732 1.0319e+03    871.849    34.8730    34.8740     6.5138    1478.61    27.7480    27.7488 0.0000e+00
    883.000     3.4398     3.4398   3.234385   3.234468     2.2342    -0.3846     0.3581    34.8731 1.0295e+03    872.835    34.8730    34.8740     6.5139    1478.62    27.7480    27.7488 0.0000e+00
    884.000     3.4391     3.4386   3.234344   3.234381     2.2340    -0.3876     0.3583    34.8729 1.0219e+03    873.822    34.8727    34.8738     6.5142    1478.64    27.7479    27.7488 0.0000e+00
    885.000     3.4369     3.4371   3.234154   3.234282     2.2338    -0.3868     0.3584    34.8727 1.0136e+03    874.808    34.8723    34.8736     6.5147    1478.64    27.7477    27.7488 0.0000e+00
    886.000     3.4356     3.4357   3.234092   3.234193     2.2331    -0.3854     0.3571    34.8726 1.0105e+03    875.794    34.8724    34.8735     6.5133    1478.65    27.7480    27.7488 0.0000e+00
    887.000     3.4358     3.4360   3.234174   3.234277     2.2330    -0.3619     0.3571    34.8727 1.0118e+03    876.781    34.8726    34.8736     6.5135    1478.67    27.7481    27.7489 0.0000e+00
