Ship_data/Irminger/Irminger-5/ctd/process/dar30-03014.cnv
* Sea-Bird SBE 9 Data File:
* FileName = D:\Data\ar30-03014.hdr
* Software Version Seasave V 7.23.2
* Temperature SN = 4312
* Conductivity SN = 2148
* Number of Bytes Per Scan = 44
* Number of Voltage Words = 5
* Number of Scans Averaged by the Deck Unit = 1
* NMEA Latitude = 59 44.59 N
* NMEA Longitude = 039 35.05 W
* NMEA UTC (Time) = Jun 15 2018  15:52:39
** Cruise ID: ar30-03
** Chief Sci: Macdonald
** Station #: 014
** Site ID: Irminger 5 OSNAP CAB
** Full ocean depth cast at OSNAP CAB site. 3 bottom releases tested.
# nquan = 18
# nvalues = 2792                        
# units = specified
# name 0 = prDM: Pressure, Digiquartz [db]
# name 1 = t090C: Temperature [ITS-90, deg C]
# name 2 = t190C: Temperature, 2 [ITS-90, deg C]
# name 3 = c0S/m: Conductivity [S/m]
# name 4 = c1S/m: Conductivity, 2 [S/m]
# name 5 = sbeox0V: Oxygen raw, SBE 43 [V]
# name 6 = flECO-AFL: Fluorescence, WET Labs ECO-AFL/FL [mg/m^3]
# name 7 = turbWETntu0: Turbidity, WET Labs ECO [NTU]
# name 8 = sal00: Salinity, Practical [PSU]
# name 9 = spar: SPAR/Surface Irradiance
# name 10 = depSM: Depth [salt water, m], lat = 59.7432
# name 11 = sal00: Salinity, Practical [PSU]
# name 12 = sal11: Salinity, Practical, 2 [PSU]
# name 13 = sbeox0ML/L: Oxygen, SBE 43 [ml/l], WS = 2
# name 14 = svCM: Sound Velocity [Chen-Millero, m/s]
# name 15 = sigma-é00: Density [sigma-theta, kg/m^3]
# name 16 = sigma-é11: Density, 2 [sigma-theta, kg/m^3]
# name 17 = flag: flag
# span 0 =      4.000,   2795.000       
# span 1 =     1.3661,     6.2555       
# span 2 =     1.3675,     6.2557       
# span 3 =   3.131151,   3.445468       
# span 4 =   3.131259,   3.445800       
# span 5 =     1.7752,     2.7588       
# span 6 =    -0.4136,     1.9826       
# span 7 =     0.3417,     0.6758       
# span 8 =    34.8358,    34.9287       
# span 9 = 5.5289e+02, 1.1618e+03       
# span 10 =      3.962,   2750.435      
# span 11 =    34.8331,    34.9285      
# span 12 =    34.8377,    34.9287      
# span 13 =     5.9239,     7.1904      
# span 14 =    1469.66,    1502.44      
# span 15 =    27.3892,    27.9419      
# span 16 =    27.3920,    27.9416      
# span 17 = 0.0000e+00, 0.0000e+00      
# interval = decibars: 1                
# start_time = Jun 15 2018 15:52:39 [System UTC, first data scan.]
# bad_flag = -9.990e-29
*END*
[from data line 1689]
   1693.000     3.5529     3.5533   3.282563   3.282631     1.9403    -0.3828     0.3505    34.9185 9.9582e+02   1670.297    34.9185    34.9189     5.9876    1492.64    27.7801    27.7804 0.0000e+00
   1694.000     3.5528     3.5532   3.282600   3.282679     1.9399    -0.3876     0.3533    34.9186 9.8869e+02   1671.280    34.9186    34.9191     5.9867    1492.65    27.7801    27.7805 0.0000e+00
   1695.000     3.5525     3.5529   3.282629   3.282714     1.9396    -0.3840     0.3512    34.9187 9.8126e+02   1672.263    34.9187    34.9193     5.9864    1492.67    27.7803    27.7807 0.0000e+00
   1696.000     3.5516     3.5520   3.282621   3.282699     1.9395    -0.3891     0.3502    34.9191 9.7741e+02   1673.245    34.9191    34.9196     5.9869    1492.68    27.7806    27.7810 0.0000e+00
   1697.000     3.5515     3.5519   3.282673   3.282744     1.9387    -0.3867     0.3493    34.9193 9.7724e+02   1674.228    34.9193    34.9197     5.9842    1492.70    27.7809    27.7812 0.0000e+00
   1698.000     3.5515     3.5519   3.282721   3.282792     1.9384    -0.3742     0.3531    34.9193 9.7873e+02   1675.211    34.9194    34.9198     5.9841    1492.72    27.7809    27.7812 0.0000e+00
   1699.000     3.5516     3.5520   3.282771   3.282840     1.9383    -0.3676     0.3523    34.9193 9.8094e+02   1676.193    34.9194    34.9198     5.9844    1492.73    27.7809    27.7812 0.0000e+00
   1700.000     3.5517     3.5521   3.282821   3.282893     1.9378    -0.3776     0.3501    34.9194 9.8564e+02   1677.176    34.9194    34.9199     5.9830    1492.75    27.7810    27.7813 0.0000e+00
   1701.000     3.5518     3.5521   3.282876   3.282947     1.9372    -0.3734     0.3529    34.9194 9.9067e+02   1678.158    34.9195    34.9200     5.9810    1492.77    27.7810    27.7814 0.0000e+00
   1702.000     3.5518     3.5521   3.282935   3.282999     1.9372    -0.3645     0.3517    34.9197 9.8973e+02   1679.141    34.9197    34.9201     5.9819    1492.78    27.7812    27.7815 0.0000e+00
   1703.000     3.5517     3.5521   3.282972   3.283049     1.9366    -0.3813     0.3455    34.9197 9.8389e+02   1680.124    34.9198    34.9202     5.9804    1492.80    27.7813    27.7816 0.0000e+00
   1704.000     3.5517     3.5521   3.283022   3.283086     1.9362    -0.3895     0.3476    34.9198 9.7556e+02   1681.106    34.9199    34.9202     5.9793    1492.82    27.7814    27.7816 0.0000e+00
   1705.000     3.5516     3.5520   3.283060   3.283134     1.9360    -0.3789     0.3462    34.9199 9.6476e+02   1682.089    34.9199    34.9204     5.9792    1492.83    27.7814    27.7818 0.0000e+00
   1706.000     3.5515     3.5519   3.283106   3.283165     1.9358    -0.3643     0.3495    34.9201 9.5548e+02   1683.072    34.9200    34.9204     5.9792    1492.85    27.7815    27.7818 0.0000e+00
   1707.000     3.5510     3.5513   3.283114   3.283185     1.9352    -0.3704     0.3534    34.9202 9.5124e+02   1684.054    34.9202    34.9207     5.9775    1492.86    27.7817    27.7821 0.0000e+00
   1708.000     3.5511     3.5514   3.283165   3.283235     1.9348    -0.3918     0.3512    34.9202 9.5073e+02   1685.037    34.9202    34.9207     5.9766    1492.88    27.7817    27.7821 0.0000e+00
   1709.000     3.5513     3.5517   3.283222   3.283294     1.9339    -0.3681     0.3512    34.9202 9.5511e+02   1686.019    34.9203    34.9206     5.9735    1492.90    27.7817    27.7820 0.0000e+00
   1710.000     3.5509     3.5513   3.283214   3.283290     1.9335    -0.3748     0.3499    34.9201 9.7500e+02   1687.002    34.9201    34.9205     5.9730    1492.91    27.7817    27.7820 0.0000e+00
   1711.000     3.5493     3.5497   3.283159   3.283238     1.9327    -0.3804     0.3507    34.9207 9.8184e+02   1687.984    34.9206    34.9212     5.9706    1492.92    27.7822    27.7826 0.0000e+00
   1712.000     3.5490     3.5494   3.283194   3.283261     1.9323    -0.3896     0.3507    34.9208 9.7644e+02   1688.967    34.9208    34.9212     5.9698    1492.94    27.7824    27.7827 0.0000e+00
   1713.000     3.5485     3.5489   3.283174   3.283251     1.9323    -0.3889     0.3511    34.9208 9.6829e+02   1689.950    34.9206    34.9211     5.9707    1492.95    27.7824    27.7827 0.0000e+00
   1714.000     3.5472     3.5477   3.283091   3.283176     1.9323    -0.3908     0.3516    34.9207 9.5862e+02   1690.932    34.9205    34.9211     5.9717    1492.97    27.7824    27.7828 0.0000e+00
   1715.000     3.5464     3.5467   3.283057   3.283134     1.9324    -0.3653     0.3516    34.9207 9.4782e+02   1691.915    34.9205    34.9211     5.9727    1492.98    27.7824    27.7829 0.0000e+00
   1716.000     3.5457     3.5460   3.283032   3.283112     1.9324    -0.3718     0.3515    34.9206 9.3739e+02   1692.897    34.9205    34.9210     5.9736    1492.99    27.7825    27.7829 0.0000e+00
   1717.000     3.5456     3.5459   3.283083   3.283140     1.9322    -0.3832     0.3512    34.9207 9.2888e+02   1693.880    34.9207    34.9211     5.9737    1493.01    27.7827    27.7830 0.0000e+00
   1718.000     3.5471     3.5482   3.283236   3.283360     1.9314    -0.3721     0.3498    34.9204 9.3925e+02   1694.862    34.9204    34.9208     5.9708    1493.03    27.7824    27.7825 0.0000e+00
   1719.000     3.5473     3.5478   3.283379   3.283436     1.9312    -0.3855     0.3437    34.9212 9.5438e+02   1695.845    34.9214    34.9216     5.9709    1493.05    27.7832    27.7833 0.0000e+00
   1720.000     3.5485     3.5489   3.283552   3.283624     1.9312    -0.3609     0.3506    34.9216 9.5691e+02   1696.827    34.9217    34.9221     5.9712    1493.07    27.7833    27.7836 0.0000e+00
   1721.000     3.5480     3.5483   3.283529   3.283612     1.9312    -0.3761     0.3519    34.9216 9.5795e+02   1697.810    34.9214    34.9221     5.9721    1493.09    27.7831    27.7836 0.0000e+00
   1722.000     3.5463     3.5467   3.283432   3.283513     1.9302    -0.3903     0.3561    34.9217 9.5638e+02   1698.792    34.9216    34.9221     5.9689    1493.10    27.7835    27.7838 0.0000e+00
   1723.000     3.5453     3.5458   3.283367   3.283463     1.9300    -0.3707     0.3546    34.9217 9.5048e+02   1699.775    34.9214    34.9221     5.9690    1493.11    27.7834    27.7839 0.0000e+00
   1724.000     3.5433     3.5439   3.283243   3.283344     1.9295    -0.3689     0.3534    34.9218 9.4311e+02   1700.757    34.9216    34.9221     5.9682    1493.12    27.7837    27.7841 0.0000e+00
   1725.000     3.5422     3.5427   3.283193   3.283266     1.9291    -0.3656     0.3508    34.9218 9.3213e+02   1701.740    34.9216    34.9220     5.9673    1493.13    27.7838    27.7841 0.0000e+00
   1726.000     3.5413     3.5418   3.283133   3.283222     1.9287    -0.3831     0.3487    34.9216 9.1528e+02   1702.723    34.9214    34.9219     5.9669    1493.14    27.7838    27.7842 0.0000e+00
   1727.000     3.5403     3.5408   3.283097   3.283168     1.9283    -0.3682     0.3470    34.9217 9.0266e+02   1703.705    34.9215    34.9219     5.9660    1493.16    27.7840    27.7842 0.0000e+00
   1728.000     3.5408     3.5412   3.283211   3.283279     1.9280    -0.3901     0.3504    34.9219 9.1584e+02   1704.688    34.9219    34.9223     5.9656    1493.18    27.7843    27.7845 0.0000e+00
   1729.000     3.5436     3.5440   3.283575   3.283635     1.9277    -0.3911     0.3489    34.9227 9.3529e+02   1705.670    34.9228    34.9231     5.9643    1493.20    27.7847    27.7849 0.0000e+00
   1730.000     3.5442     3.5447   3.283679   3.283760     1.9276    -0.3891     0.3498    34.9228 9.4244e+02   1706.652    34.9229    34.9233     5.9645    1493.22    27.7847    27.7850 0.0000e+00
   1731.000     3.5446     3.5450   3.283781   3.283840     1.9268    -0.3904     0.3524    34.9230 9.3938e+02   1707.635    34.9232    34.9234     5.9621    1493.24    27.7849    27.7851 0.0000e+00
   1732.000     3.5451     3.5455   3.283849   3.283929     1.9263    -0.3905     0.3544    34.9229 9.3337e+02   1708.617    34.9230    34.9235     5.9608    1493.26    27.7847    27.7851 0.0000e+00
   1733.000     3.5452     3.5457   3.283901   3.283982     1.9258    -0.3904     0.3502    34.9230 9.2627e+02   1709.600    34.9230    34.9235     5.9591    1493.28    27.7848    27.7851 0.0000e+00
   1734.000     3.5454     3.5457   3.284012   3.284051     1.9252    -0.3925     0.3498    34.9233 9.2010e+02   1710.582    34.9236    34.9238     5.9575    1493.30    27.7852    27.7853 0.0000e+00
   1735.000     3.5464     3.5462   3.284149   3.284150     1.9251    -0.3925     0.3502    34.9235 9.1494e+02   1711.565    34.9237    34.9239     5.9577    1493.32    27.7852    27.7854 0.0000e+00
   1736.000     3.5473     3.5476   3.284299   3.284327     1.9241    -0.3903     0.3499    34.9236 9.1112e+02   1712.547    34.9240    34.9241     5.9540    1493.34    27.7854    27.7854 0.0000e+00
   1737.000     3.5491     3.5497   3.284537   3.284611     1.9238    -0.3744     0.3502    34.9242 9.0821e+02   1713.530    34.9244    34.9248     5.9534    1493.36    27.7855    27.7857 0.0000e+00
   1738.000     3.5478     3.5482   3.284418   3.284502     1.9229    -0.3847     0.3523    34.9240 9.0723e+02   1714.512    34.9239    34.9245     5.9507    1493.37    27.7853    27.7857 0.0000e+00
   1739.000     3.5448     3.5453   3.284172   3.284265     1.9226    -0.3657     0.3532    34.9238 9.1221e+02   1715.495    34.9237    34.9243     5.9505    1493.38    27.7854    27.7858 0.0000e+00
   1740.000     3.5432     3.5438   3.284065   3.284168     1.9219    -0.3678     0.3506    34.9237 9.1512e+02   1716.477    34.9236    34.9243     5.9487    1493.39    27.7855    27.7859 0.0000e+00
   1741.000     3.5425     3.5431   3.284086   3.284188     1.9215    -0.3675     0.3503    34.9243 9.1481e+02   1717.460    34.9241    34.9248     5.9476    1493.40    27.7860    27.7864 0.0000e+00
   1742.000     3.5413     3.5420   3.284045   3.284148     1.9212    -0.3910     0.3493    34.9245 9.1187e+02   1718.442    34.9244    34.9249     5.9475    1493.42    27.7863    27.7867 0.0000e+00
   1743.000     3.5415     3.5422   3.284133   3.284202     1.9205    -0.3725     0.3496    34.9247 9.0932e+02   1719.424    34.9248    34.9249     5.9455    1493.43    27.7866    27.7866 0.0000e+00
   1744.000     3.5411     3.5415   3.284127   3.284195     1.9203    -0.3730     0.3497    34.9248 9.0755e+02   1720.407    34.9247    34.9250     5.9452    1493.45    27.7866    27.7868 0.0000e+00
   1745.000     3.5410     3.5414   3.284158   3.284248     1.9203    -0.3691     0.3505    34.9247 9.0684e+02   1721.389    34.9246    34.9253     5.9459    1493.46    27.7865    27.7870 0.0000e+00
   1746.000     3.5394     3.5398   3.284021   3.284106     1.9196    -0.3894     0.3508    34.9245 9.0612e+02   1722.372    34.9242    34.9247     5.9441    1493.47    27.7864    27.7868 0.0000e+00
   1747.000     3.5382     3.5387   3.283954   3.284044     1.9191    -0.3726     0.3540    34.9244 9.0547e+02   1723.354    34.9242    34.9247     5.9431    1493.49    27.7865    27.7868 0.0000e+00
   1748.000     3.5371     3.5375   3.283905   3.283971     1.9189    -0.3651     0.3550    34.9244 9.0210e+02   1724.336    34.9243    34.9246     5.9434    1493.50    27.7867    27.7869 0.0000e+00
   1749.000     3.5373     3.5377   3.283976   3.284051     1.9188    -0.3717     0.3511    34.9245 8.9668e+02   1725.319    34.9244    34.9249     5.9436    1493.52    27.7868    27.7871 0.0000e+00
   1750.000     3.5378     3.5382   3.284077   3.284151     1.9182    -0.3880     0.3545    34.9247 8.9320e+02   1726.301    34.9247    34.9250     5.9419    1493.53    27.7869    27.7872 0.0000e+00
   1751.000     3.5382     3.5385   3.284194   3.284255     1.9180    -0.3796     0.3521    34.9251 8.9259e+02   1727.284    34.9251    34.9255     5.9417    1493.55    27.7873    27.7875 0.0000e+00
   1752.000     3.5384     3.5387   3.284246   3.284318     1.9179    -0.3658     0.3504    34.9251 8.9153e+02   1728.266    34.9251    34.9255     5.9417    1493.57    27.7872    27.7876 0.0000e+00
   1753.000     3.5382     3.5386   3.284287   3.284358     1.9173    -0.3645     0.3518    34.9253 8.8942e+02   1729.248    34.9253    34.9256     5.9402    1493.59    27.7874    27.7877 0.0000e+00
   1754.000     3.5377     3.5381   3.284294   3.284368     1.9166    -0.3693     0.3543    34.9254 8.8757e+02   1730.231    34.9253    34.9258     5.9382    1493.60    27.7875    27.7879 0.0000e+00
   1755.000     3.5376     3.5379   3.284340   3.284401     1.9165    -0.3905     0.3495    34.9256 8.8765e+02   1731.213    34.9256    34.9259     5.9385    1493.62    27.7877    27.7879 0.0000e+00
   1756.000     3.5373     3.5378   3.284355   3.284435     1.9157    -0.3873     0.3494    34.9257 8.9000e+02   1732.196    34.9255    34.9260     5.9359    1493.63    27.7877    27.7881 0.0000e+00
   1757.000     3.5356     3.5360   3.284261   3.284340     1.9153    -0.3862     0.3533    34.9258 8.9354e+02   1733.178    34.9257    34.9262     5.9350    1493.64    27.7880    27.7884 0.0000e+00
   1758.000     3.5359     3.5363   3.284334   3.284403     1.9144    -0.3892     0.3513    34.9258 8.9574e+02   1734.160    34.9258    34.9262     5.9321    1493.66    27.7881    27.7884 0.0000e+00
   1759.000     3.5354     3.5358   3.284329   3.284398     1.9142    -0.3826     0.3508    34.9259 8.9207e+02   1735.143    34.9258    34.9262     5.9322    1493.68    27.7881    27.7884 0.0000e+00
   1760.000     3.5348     3.5353   3.284316   3.284404     1.9137    -0.3676     0.3536    34.9258 8.7984e+02   1736.125    34.9258    34.9263     5.9307    1493.69    27.7882    27.7886 0.0000e+00
   1761.000     3.5343     3.5346   3.284326   3.284400     1.9133    -0.3909     0.3502    34.9260 8.6626e+02   1737.107    34.9259    34.9265     5.9301    1493.71    27.7884    27.7888 0.0000e+00
   1762.000     3.5340     3.5344   3.284351   3.284409     1.9129    -0.3904     0.3546    34.9260 8.5616e+02   1738.090    34.9260    34.9264     5.9293    1493.72    27.7885    27.7887 0.0000e+00
   1763.000     3.5341     3.5346   3.284410   3.284474     1.9130    -0.3895     0.3528    34.9261 8.5028e+02   1739.072    34.9261    34.9264     5.9304    1493.74    27.7886    27.7887 0.0000e+00
   1764.000     3.5343     3.5348   3.284456   3.284525     1.9128    -0.3831     0.3499    34.9260 8.4889e+02   1740.054    34.9260    34.9263     5.9301    1493.76    27.7884    27.7887 0.0000e+00
   1765.000     3.5343     3.5346   3.284484   3.284553     1.9121    -0.3693     0.3473    34.9259 8.5462e+02   1741.037    34.9259    34.9263     5.9282    1493.77    27.7884    27.7887 0.0000e+00
   1766.000     3.5342     3.5346   3.284517   3.284587     1.9118    -0.3732     0.3445    34.9259 8.7175e+02   1742.019    34.9259    34.9263     5.9275    1493.79    27.7884    27.7886 0.0000e+00
   1767.000     3.5330     3.5333   3.284441   3.284531     1.9118    -0.3763     0.3496    34.9260 8.7239e+02   1743.001    34.9257    34.9265     5.9287    1493.80    27.7884    27.7890 0.0000e+00
   1768.000     3.5315     3.5319   3.284405   3.284467     1.9118    -0.3623     0.3515    34.9264 8.6341e+02   1743.984    34.9264    34.9268     5.9297    1493.81    27.7891    27.7893 0.0000e+00
   1769.000     3.5309     3.5313   3.284382   3.284456     1.9118    -0.3658     0.3494    34.9265 8.5311e+02   1744.966    34.9263    34.9267     5.9306    1493.83    27.7890    27.7894 0.0000e+00
   1770.000     3.5300     3.5303   3.284353   3.284427     1.9117    -0.3755     0.3489    34.9265 8.4308e+02   1745.948    34.9264    34.9270     5.9309    1493.84    27.7893    27.7897 0.0000e+00
   1771.000     3.5294     3.5297   3.284336   3.284404     1.9110    -0.3904     0.3491    34.9265 8.3381e+02   1746.931    34.9264    34.9268     5.9288    1493.85    27.7893    27.7896 0.0000e+00
