Ship_data/Irminger/Irminger-5/ctd/process/dar30-03008.cnv
* Sea-Bird SBE 9 Data File:
* FileName = D:\Data\ar30-03008.hdr
* Software Version Seasave V 7.23.2
* Temperature SN = 4312
* Conductivity SN = 2148
* Number of Bytes Per Scan = 44
* Number of Voltage Words = 5
* Number of Scans Averaged by the Deck Unit = 1
* NMEA Latitude = 59 43.05 N
* NMEA Longitude = 039 20.61 W
* NMEA UTC (Time) = Jun 11 2018  15:14:36
** Cruise ID: ar30-03
** Chief Sci: Macdonald
** Station #: 008
** Site ID: Irminger 5 FLMB
** ctd cast at FLMB with bottom release testing
# nquan = 18
# nvalues = 2837                        
# units = specified
# name 0 = prDM: Pressure, Digiquartz [db]
# name 1 = t090C: Temperature [ITS-90, deg C]
# name 2 = t190C: Temperature, 2 [ITS-90, deg C]
# name 3 = c0S/m: Conductivity [S/m]
# name 4 = c1S/m: Conductivity, 2 [S/m]
# name 5 = sbeox0V: Oxygen raw, SBE 43 [V]
# name 6 = flECO-AFL: Fluorescence, WET Labs ECO-AFL/FL [mg/m^3]
# name 7 = turbWETntu0: Turbidity, WET Labs ECO [NTU]
# name 8 = sal00: Salinity, Practical [PSU]
# name 9 = spar: SPAR/Surface Irradiance
# name 10 = depSM: Depth [salt water, m], lat = 59.7175
# name 11 = sal00: Salinity, Practical [PSU]
# name 12 = sal11: Salinity, Practical, 2 [PSU]
# name 13 = sbeox0ML/L: Oxygen, SBE 43 [ml/l], WS = 2
# name 14 = svCM: Sound Velocity [Chen-Millero, m/s]
# name 15 = sigma-é00: Density [sigma-theta, kg/m^3]
# name 16 = sigma-é11: Density, 2 [sigma-theta, kg/m^3]
# name 17 = flag: flag
# span 0 =      4.000,   2840.000       
# span 1 =     1.4483,     5.9051       
# span 2 =     1.4492,     5.9047       
# span 3 =   3.136254,   3.417254       
# span 4 =   3.136315,   3.417356       
# span 5 =     1.5267,     2.7875       
# span 6 =    -0.4345,     6.0453       
# span 7 =     0.3433,     0.6512       
# span 8 =    34.8689,    34.9313       
# span 9 = 4.8529e+02, 7.0268e+02       
# span 10 =      3.962,   2794.432      
# span 11 =    34.8678,    34.9307      
# span 12 =    34.8696,    34.9330      
# span 13 =     5.2605,     7.1960      
# span 14 =    1472.40,    1502.91      
# span 15 =    27.4614,    27.9374      
# span 16 =    27.4631,    27.9371      
# span 17 = 0.0000e+00, 0.0000e+00      
# interval = decibars: 1                
# start_time = Jun 11 2018 15:14:36 [System UTC, first data scan.]
# bad_flag = -9.990e-29
*END*
[from data line 1769]
   1773.000     3.4909     3.4910   3.279439   3.279467     1.9342    -0.3939     0.3548    34.9083 5.7437e+02   1748.899    34.9079    34.9082     6.0355    1493.70    27.7783    27.7785 0.0000e+00
   1774.000     3.4902     3.4905   3.279433   3.279475     1.9337    -0.3926     0.3558    34.9083 5.7144e+02   1749.881    34.9081    34.9083     6.0341    1493.71    27.7785    27.7786 0.0000e+00
   1775.000     3.4897     3.4901   3.279432   3.279488     1.9334    -0.3731     0.3580    34.9083 5.6898e+02   1750.863    34.9081    34.9084     6.0340    1493.73    27.7785    27.7787 0.0000e+00
   1776.000     3.4892     3.4895   3.279434   3.279467     1.9332    -0.3721     0.3569    34.9084 5.6805e+02   1751.846    34.9082    34.9082     6.0341    1493.74    27.7787    27.7787 0.0000e+00
   1777.000     3.4889     3.4893   3.279445   3.279490     1.9330    -0.3765     0.3561    34.9083 5.6805e+02   1752.828    34.9082    34.9083     6.0341    1493.76    27.7787    27.7788 0.0000e+00
   1778.000     3.4885     3.4889   3.279448   3.279494     1.9331    -0.3945     0.3583    34.9084 5.6831e+02   1753.810    34.9081    34.9083     6.0350    1493.77    27.7787    27.7788 0.0000e+00
   1779.000     3.4864     3.4867   3.279289   3.279335     1.9328    -0.3738     0.3555    34.9084 5.6792e+02   1754.792    34.9080    34.9083     6.0350    1493.78    27.7788    27.7790 0.0000e+00
   1780.000     3.4855     3.4859   3.279246   3.279298     1.9331    -0.3708     0.3556    34.9083 5.6864e+02   1755.775    34.9080    34.9081     6.0371    1493.79    27.7789    27.7790 0.0000e+00
   1781.000     3.4833     3.4836   3.279099   3.279141     1.9331    -0.3810     0.3579    34.9083 5.7267e+02   1756.757    34.9080    34.9082     6.0384    1493.80    27.7792    27.7793 0.0000e+00
   1782.000     3.4828     3.4831   3.279115   3.279144     1.9328    -0.3883     0.3549    34.9084 5.7755e+02   1757.739    34.9082    34.9082     6.0379    1493.82    27.7794    27.7794 0.0000e+00
   1783.000     3.4826     3.4829   3.279130   3.279179     1.9323    -0.3931     0.3556    34.9084 5.7743e+02   1758.721    34.9082    34.9084     6.0366    1493.83    27.7794    27.7795 0.0000e+00
   1784.000     3.4816     3.4819   3.279081   3.279129     1.9319    -0.3929     0.3569    34.9084 5.7568e+02   1759.704    34.9081    34.9084     6.0358    1493.85    27.7794    27.7796 0.0000e+00
   1785.000     3.4805     3.4810   3.279027   3.279082     1.9319    -0.3938     0.3590    34.9084 5.7378e+02   1760.686    34.9081    34.9083     6.0369    1493.86    27.7796    27.7796 0.0000e+00
   1786.000     3.4798     3.4802   3.279013   3.279050     1.9318    -0.3927     0.3582    34.9085 5.7215e+02   1761.668    34.9083    34.9083     6.0372    1493.87    27.7797    27.7797 0.0000e+00
   1787.000     3.4792     3.4796   3.278989   3.279041     1.9310    -0.3913     0.3583    34.9084 5.7263e+02   1762.650    34.9081    34.9084     6.0347    1493.89    27.7796    27.7798 0.0000e+00
   1788.000     3.4781     3.4785   3.278927   3.278984     1.9307    -0.3926     0.3580    34.9084 5.7306e+02   1763.633    34.9081    34.9083     6.0348    1493.90    27.7798    27.7799 0.0000e+00
   1789.000     3.4760     3.4765   3.278764   3.278831     1.9307    -0.3905     0.3580    34.9084 5.7499e+02   1764.615    34.9078    34.9081     6.0356    1493.91    27.7798    27.7800 0.0000e+00
   1790.000     3.4727     3.4730   3.278527   3.278551     1.9307    -0.3926     0.3581    34.9083 5.7924e+02   1765.597    34.9081    34.9081     6.0369    1493.91    27.7803    27.7803 0.0000e+00
   1791.000     3.4713     3.4707   3.278388   3.278399     1.9298    -0.3862     0.3580    34.9081 5.8728e+02   1766.579    34.9073    34.9081     6.0345    1493.92    27.7798    27.7805 0.0000e+00
   1792.000     3.4688     3.4691   3.278250   3.278299     1.9298    -0.3940     0.3580    34.9084 5.8653e+02   1767.561    34.9079    34.9081     6.0355    1493.92    27.7806    27.7807 0.0000e+00
   1793.000     3.4672     3.4674   3.278134   3.278184     1.9298    -0.3894     0.3580    34.9083 5.8669e+02   1768.544    34.9078    34.9081     6.0368    1493.93    27.7806    27.7809 0.0000e+00
   1794.000     3.4642     3.4644   3.277874   3.277944     1.9302    -0.3716     0.3580    34.9083 5.8787e+02   1769.526    34.9074    34.9079     6.0397    1493.94    27.7806    27.7810 0.0000e+00
   1795.000     3.4613     3.4609   3.277677   3.277661     1.9297    -0.3863     0.3580    34.9081 5.8954e+02   1770.508    34.9076    34.9078     6.0387    1493.94    27.7810    27.7812 0.0000e+00
   1796.000     3.4580     3.4581   3.277407   3.277439     1.9295    -0.3930     0.3583    34.9080 5.9217e+02   1771.490    34.9073    34.9076     6.0393    1493.95    27.7812    27.7814 0.0000e+00
   1797.000     3.4560     3.4567   3.277256   3.277361     1.9295    -0.3938     0.3580    34.9079 5.9357e+02   1772.472    34.9072    34.9077     6.0404    1493.95    27.7812    27.7815 0.0000e+00
   1798.000     3.4530     3.4541   3.277031   3.277164     1.9295    -0.3927     0.3626    34.9078 5.9564e+02   1773.455    34.9072    34.9076     6.0418    1493.96    27.7815    27.7817 0.0000e+00
   1799.000     3.4507     3.4513   3.276862   3.276935     1.9292    -0.3938     0.3596    34.9077 5.9680e+02   1774.437    34.9071    34.9074     6.0416    1493.96    27.7817    27.7819 0.0000e+00
   1800.000     3.4513     3.4518   3.276989   3.277023     1.9289    -0.3797     0.3648    34.9078 5.9787e+02   1775.419    34.9075    34.9075     6.0409    1493.98    27.7820    27.7819 0.0000e+00
   1801.000     3.4505     3.4508   3.276948   3.276985     1.9284    -0.3903     0.3596    34.9077 5.9865e+02   1776.401    34.9074    34.9075     6.0396    1494.00    27.7819    27.7820 0.0000e+00
   1802.000     3.4503     3.4505   3.276960   3.276991     1.9283    -0.3736     0.3582    34.9076 5.9999e+02   1777.383    34.9073    34.9074     6.0403    1494.01    27.7819    27.7820 0.0000e+00
   1803.000     3.4479     3.4484   3.276743   3.276837     1.9283    -0.3743     0.3580    34.9076 6.0124e+02   1778.365    34.9068    34.9073     6.0412    1494.02    27.7817    27.7821 0.0000e+00
   1804.000     3.4445     3.4448   3.276539   3.276586     1.9280    -0.3832     0.3582    34.9078 6.0329e+02   1779.348    34.9074    34.9077     6.0413    1494.02    27.7826    27.7827 0.0000e+00
   1805.000     3.4444     3.4448   3.276581   3.276614     1.9281    -0.3926     0.3637    34.9078 6.0498e+02   1780.330    34.9075    34.9075     6.0428    1494.04    27.7827    27.7826 0.0000e+00
   1806.000     3.4445     3.4448   3.276621   3.276653     1.9282    -0.3938     0.3614    34.9078 6.0665e+02   1781.312    34.9075    34.9075     6.0440    1494.06    27.7826    27.7826 0.0000e+00
   1807.000     3.4444     3.4447   3.276657   3.276689     1.9279    -0.3938     0.3612    34.9077 6.0637e+02   1782.294    34.9075    34.9076     6.0433    1494.07    27.7826    27.7827 0.0000e+00
   1808.000     3.4442     3.4445   3.276687   3.276721     1.9276    -0.3938     0.3643    34.9077 6.0555e+02   1783.276    34.9075    34.9076     6.0428    1494.09    27.7827    27.7828 0.0000e+00
   1809.000     3.4442     3.4446   3.276729   3.276769     1.9272    -0.3927     0.3683    34.9077 6.0661e+02   1784.258    34.9075    34.9077     6.0418    1494.11    27.7827    27.7828 0.0000e+00
   1810.000     3.4443     3.4446   3.276768   3.276806     1.9271    -0.3769     0.3640    34.9076 6.0834e+02   1785.240    34.9075    34.9076     6.0424    1494.12    27.7827    27.7828 0.0000e+00
   1811.000     3.4443     3.4446   3.276807   3.276847     1.9264    -0.3830     0.3636    34.9076 6.0960e+02   1786.222    34.9075    34.9076     6.0402    1494.14    27.7827    27.7827 0.0000e+00
   1812.000     3.4441     3.4444   3.276844   3.276883     1.9260    -0.3931     0.3629    34.9077 6.0615e+02   1787.205    34.9076    34.9077     6.0393    1494.16    27.7828    27.7829 0.0000e+00
   1813.000     3.4438     3.4442   3.276868   3.276904     1.9260    -0.3927     0.3594    34.9078 6.0409e+02   1788.187    34.9077    34.9077     6.0399    1494.17    27.7829    27.7829 0.0000e+00
   1814.000     3.4436     3.4439   3.276895   3.276930     1.9258    -0.3938     0.3600    34.9078 6.0228e+02   1789.169    34.9078    34.9079     6.0399    1494.19    27.7830    27.7831 0.0000e+00
   1815.000     3.4433     3.4438   3.276908   3.276961     1.9253    -0.3926     0.3629    34.9079 6.0347e+02   1790.151    34.9077    34.9079     6.0388    1494.20    27.7830    27.7831 0.0000e+00
   1816.000     3.4433     3.4437   3.276945   3.276986     1.9248    -0.3924     0.3588    34.9078 6.0480e+02   1791.133    34.9077    34.9078     6.0375    1494.22    27.7830    27.7830 0.0000e+00
   1817.000     3.4431     3.4435   3.276974   3.277014     1.9248    -0.3887     0.3620    34.9079 6.0534e+02   1792.115    34.9078    34.9078     6.0381    1494.23    27.7831    27.7831 0.0000e+00
   1818.000     3.4429     3.4433   3.277007   3.277046     1.9247    -0.3795     0.3578    34.9079 6.0328e+02   1793.097    34.9078    34.9079     6.0387    1494.25    27.7832    27.7832 0.0000e+00
   1819.000     3.4425     3.4428   3.277012   3.277050     1.9239    -0.3942     0.3593    34.9079 5.9907e+02   1794.079    34.9078    34.9080     6.0361    1494.27    27.7832    27.7833 0.0000e+00
   1820.000     3.4424     3.4428   3.277046   3.277092     1.9235    -0.3938     0.3681    34.9079 5.9614e+02   1795.061    34.9078    34.9080     6.0354    1494.28    27.7833    27.7833 0.0000e+00
   1821.000     3.4423     3.4427   3.277075   3.277122     1.9236    -0.3938     0.3685    34.9079 5.9538e+02   1796.043    34.9079    34.9080     6.0362    1494.30    27.7833    27.7833 0.0000e+00
   1822.000     3.4424     3.4428   3.277120   3.277159     1.9236    -0.3719     0.3635    34.9078 5.9711e+02   1797.026    34.9078    34.9079     6.0371    1494.32    27.7832    27.7833 0.0000e+00
   1823.000     3.4425     3.4429   3.277169   3.277220     1.9236    -0.3718     0.3629    34.9078 5.9768e+02   1798.008    34.9078    34.9080     6.0379    1494.33    27.7832    27.7833 0.0000e+00
   1824.000     3.4424     3.4429   3.277210   3.277257     1.9233    -0.3723     0.3629    34.9079 5.9485e+02   1798.990    34.9079    34.9080     6.0376    1494.35    27.7833    27.7834 0.0000e+00
   1825.000     3.4421     3.4424   3.277223   3.277272     1.9226    -0.3732     0.3629    34.9079 5.9129e+02   1799.972    34.9078    34.9081     6.0354    1494.37    27.7833    27.7835 0.0000e+00
   1826.000     3.4419     3.4422   3.277248   3.277290     1.9225    -0.3714     0.3605    34.9080 5.8882e+02   1800.954    34.9079    34.9081     6.0357    1494.38    27.7834    27.7835 0.0000e+00
   1827.000     3.4419     3.4423   3.277281   3.277330     1.9224    -0.3717     0.3642    34.9079 5.8892e+02   1801.936    34.9079    34.9080     6.0360    1494.40    27.7834    27.7835 0.0000e+00
   1828.000     3.4418     3.4423   3.277324   3.277368     1.9224    -0.3911     0.3603    34.9080 5.9086e+02   1802.918    34.9079    34.9080     6.0368    1494.41    27.7834    27.7835 0.0000e+00
   1829.000     3.4417     3.4420   3.277357   3.277395     1.9223    -0.3757     0.3581    34.9080 5.8967e+02   1803.900    34.9080    34.9081     6.0371    1494.43    27.7835    27.7836 0.0000e+00
   1830.000     3.4417     3.4421   3.277390   3.277446     1.9217    -0.3742     0.3614    34.9079 5.8827e+02   1804.882    34.9079    34.9082     6.0355    1494.45    27.7835    27.7836 0.0000e+00
   1831.000     3.4413     3.4417   3.277396   3.277447     1.9220    -0.3730     0.3596    34.9079 5.8748e+02   1805.864    34.9078    34.9080     6.0378    1494.46    27.7834    27.7836 0.0000e+00
   1832.000     3.4413     3.4417   3.277440   3.277487     1.9219    -0.3928     0.3629    34.9079 5.8790e+02   1806.846    34.9079    34.9081     6.0379    1494.48    27.7835    27.7836 0.0000e+00
   1833.000     3.4412     3.4416   3.277490   3.277534     1.9215    -0.3915     0.3629    34.9081 5.8868e+02   1807.828    34.9081    34.9083     6.0373    1494.50    27.7837    27.7838 0.0000e+00
   1834.000     3.4412     3.4417   3.277522   3.277571     1.9213    -0.3837     0.3629    34.9080 5.8834e+02   1808.810    34.9080    34.9081     6.0372    1494.51    27.7836    27.7837 0.0000e+00
   1835.000     3.4410     3.4414   3.277547   3.277590     1.9212    -0.3710     0.3629    34.9082 5.8698e+02   1809.792    34.9081    34.9082     6.0375    1494.53    27.7837    27.7838 0.0000e+00
   1836.000     3.4433     3.4433   3.277884   3.277856     1.9209    -0.3735     0.3629    34.9088 5.8626e+02   1810.774    34.9092    34.9089     6.0363    1494.56    27.7844    27.7841 0.0000e+00
   1837.000     3.4490     3.4486   3.278624   3.278480     1.9197    -0.3883     0.3597    34.9102 5.8872e+02   1811.756    34.9114    34.9101     6.0310    1494.60    27.7856    27.7846 0.0000e+00
   1838.000     3.4630     3.4629   3.280041   3.280031     1.9186    -0.3931     0.3630    34.9126 5.9222e+02   1812.738    34.9130    34.9130     6.0246    1494.68    27.7856    27.7855 0.0000e+00
   1839.000     3.4579     3.4578   3.279600   3.279622     1.9176    -0.3759     0.3549    34.9121 5.9287e+02   1813.720    34.9127    34.9130     6.0224    1494.67    27.7858    27.7861 0.0000e+00
   1840.000     3.4613     3.4609   3.280014   3.279948     1.9167    -0.3782     0.3551    34.9128 5.9328e+02   1814.702    34.9135    34.9132     6.0185    1494.70    27.7861    27.7859 0.0000e+00
   1841.000     3.4625     3.4622   3.280123   3.280102     1.9154    -0.3938     0.3564    34.9126 5.9312e+02   1815.684    34.9131    34.9131     6.0136    1494.73    27.7857    27.7858 0.0000e+00
   1842.000     3.4596     3.4589   3.279826   3.279812     1.9146    -0.3795     0.3556    34.9123 5.9381e+02   1816.666    34.9121    34.9127     6.0115    1494.73    27.7852    27.7858 0.0000e+00
   1843.000     3.4608     3.4601   3.280027   3.279962     1.9132    -0.3798     0.3565    34.9124 6.0075e+02   1817.648    34.9128    34.9127     6.0060    1494.75    27.7856    27.7857 0.0000e+00
   1844.000     3.4543     3.4552   3.279354   3.279501     1.9119    -0.3781     0.3586    34.9116 6.1144e+02   1818.630    34.9112    34.9119     6.0026    1494.74    27.7850    27.7855 0.0000e+00
   1845.000     3.4532     3.4538   3.279344   3.279415     1.9114    -0.3862     0.3616    34.9116 6.1144e+02   1819.612    34.9117    34.9119     6.0011    1494.75    27.7855    27.7856 0.0000e+00
   1846.000     3.4538     3.4519   3.279382   3.279243     1.9112    -0.3878     0.3626    34.9114 6.1124e+02   1820.594    34.9111    34.9114     6.0013    1494.77    27.7850    27.7854 0.0000e+00
   1847.000     3.4485     3.4489   3.278907   3.278966     1.9110    -0.3694     0.3582    34.9109 6.1124e+02   1821.576    34.9105    34.9108     6.0019    1494.76    27.7851    27.7852 0.0000e+00
   1848.000     3.4438     3.4437   3.278456   3.278488     1.9112    -0.3835     0.3585    34.9102 6.1333e+02   1822.558    34.9096    34.9101     6.0045    1494.76    27.7848    27.7852 0.0000e+00
   1849.000     3.4425     3.4435   3.278390   3.278513     1.9115    -0.3811     0.3609    34.9101 6.1474e+02   1823.540    34.9097    34.9101     6.0065    1494.77    27.7850    27.7852 0.0000e+00
   1850.000     3.4406     3.4413   3.278299   3.278358     1.9121    -0.3904     0.3630    34.9102 6.1343e+02   1824.522    34.9102    34.9101     6.0102    1494.78    27.7856    27.7854 0.0000e+00
   1851.000     3.4408     3.4406   3.278271   3.278295     1.9127    -0.3695     0.3629    34.9098 6.1349e+02   1825.504    34.9091    34.9096     6.0137    1494.80    27.7847    27.7851 0.0000e+00
   1852.000     3.4390     3.4397   3.278229   3.278258     1.9127    -0.3730     0.3609    34.9100 6.1364e+02   1826.485    34.9101    34.9097     6.0147    1494.81    27.7856    27.7853 0.0000e+00
