Ship_data/Irminger/Irminger-5/ctd/process/dar30-03021.cnv
* Sea-Bird SBE 9 Data File:
* FileName = D:\Data\ar30-03021.hdr
* Software Version Seasave V 7.23.2
* Temperature SN = 4312
* Conductivity SN = 2148
* Number of Bytes Per Scan = 44
* Number of Voltage Words = 5
* Number of Scans Averaged by the Deck Unit = 1
* NMEA Latitude = 59 51.42 N
* NMEA Longitude = 039 13.43 W
* NMEA UTC (Time) = Jun 19 2018  18:21:51
** Cruise ID: ar30-03
** Chief Sci: Macdonald
** Station #: 021
** Site ID: Irminger 5 Gliders 2
** ctd cast to 1000 meters near OOI gliders
# nquan = 18
# nvalues = 1013                        
# units = specified
# name 0 = prDM: Pressure, Digiquartz [db]
# name 1 = t090C: Temperature [ITS-90, deg C]
# name 2 = t190C: Temperature, 2 [ITS-90, deg C]
# name 3 = c0S/m: Conductivity [S/m]
# name 4 = c1S/m: Conductivity, 2 [S/m]
# name 5 = sbeox0V: Oxygen raw, SBE 43 [V]
# name 6 = flECO-AFL: Fluorescence, WET Labs ECO-AFL/FL [mg/m^3]
# name 7 = turbWETntu0: Turbidity, WET Labs ECO [NTU]
# name 8 = sal00: Salinity, Practical [PSU]
# name 9 = spar: SPAR/Surface Irradiance
# name 10 = depSM: Depth [salt water, m], lat = 59.857
# name 11 = sal00: Salinity, Practical [PSU]
# name 12 = sal11: Salinity, Practical, 2 [PSU]
# name 13 = sbeox0ML/L: Oxygen, SBE 43 [ml/l], WS = 2
# name 14 = svCM: Sound Velocity [Chen-Millero, m/s]
# name 15 = sigma-é00: Density [sigma-theta, kg/m^3]
# name 16 = sigma-é11: Density, 2 [sigma-theta, kg/m^3]
# name 17 = flag: flag
# span 0 =      4.000,   1016.000       
# span 1 =     3.2979,     6.3760       
# span 2 =     3.2979,     6.3854       
# span 3 =   3.217722,   3.458835       
# span 4 =   3.218034,   3.460154       
# span 5 =     2.1889,     2.8719       
# span 6 =    -0.4152,     7.2764       
# span 7 =     0.3536,     1.0219       
# span 8 =    34.8367,    34.8984       
# span 9 = 5.5206e+02, 7.1861e+02       
# span 10 =      3.962,   1003.976      
# span 11 =    34.7968,    34.8988      
# span 12 =    34.8474,    34.9013      
# span 13 =     6.4101,     7.3978      
# span 14 =    1468.69,    1480.22      
# span 15 =    27.3789,    27.7499      
# span 16 =    27.3940,    27.7505      
# span 17 = 0.0000e+00, 0.0000e+00      
# interval = decibars: 1                
# start_time = Jun 19 2018 18:21:51 [System UTC, first data scan.]
# bad_flag = -9.990e-29
*END*
[from data line 885]
    889.000     3.3142     3.3141   3.222275   3.222358     2.2214    -0.3808     0.3617    34.8584 6.6165e+02    878.746    34.8583    34.8595     6.4939    1478.17    27.7484    27.7493 0.0000e+00
    890.000     3.3143     3.3141   3.222307   3.222404     2.2209    -0.3875     0.3610    34.8581 6.6103e+02    879.732    34.8581    34.8595     6.4929    1478.19    27.7482    27.7493 0.0000e+00
    891.000     3.3143     3.3145   3.222366   3.222481     2.2203    -0.3780     0.3621    34.8583 6.6437e+02    880.718    34.8583    34.8595     6.4912    1478.20    27.7484    27.7493 0.0000e+00
    892.000     3.3143     3.3141   3.222405   3.222498     2.2197    -0.4116     0.3579    34.8583 6.6764e+02    881.705    34.8582    34.8596     6.4901    1478.22    27.7483    27.7494 0.0000e+00
    893.000     3.3139     3.3133   3.222428   3.222468     2.2195    -0.3940     0.3580    34.8582 6.6813e+02    882.691    34.8584    34.8596     6.4902    1478.24    27.7485    27.7495 0.0000e+00
    894.000     3.3145     3.3144   3.222507   3.222623     2.2195    -0.3938     0.3558    34.8584 6.6733e+02    883.677    34.8582    34.8598     6.4907    1478.25    27.7483    27.7495 0.0000e+00
    895.000     3.3157     3.3157   3.222703   3.222812     2.2195    -0.4021     0.3561    34.8584 6.6575e+02    884.664    34.8588    34.8601     6.4913    1478.28    27.7486    27.7496 0.0000e+00
    896.000     3.3163     3.3163   3.222781   3.222902     2.2194    -0.4067     0.3581    34.8584 6.6294e+02    885.650    34.8585    34.8600     6.4920    1478.30    27.7484    27.7495 0.0000e+00
    897.000     3.3159     3.3161   3.222758   3.222900     2.2195    -0.3821     0.3605    34.8583 6.6205e+02    886.636    34.8581    34.8597     6.4932    1478.31    27.7481    27.7494 0.0000e+00
    898.000     3.3142     3.3131   3.222657   3.222665     2.2194    -0.3691     0.3594    34.8582 6.6353e+02    887.623    34.8583    34.8595     6.4940    1478.32    27.7484    27.7495 0.0000e+00
    899.000     3.3135     3.3133   3.222641   3.222723     2.2189    -0.3692     0.3662    34.8583 6.6554e+02    888.609    34.8583    34.8595     6.4929    1478.33    27.7485    27.7495 0.0000e+00
    900.000     3.3137     3.3136   3.222701   3.222805     2.2187    -0.3864     0.3610    34.8583 6.6719e+02    889.595    34.8582    34.8596     6.4932    1478.35    27.7484    27.7495 0.0000e+00
    901.000     3.3136     3.3137   3.222723   3.222850     2.2186    -0.3795     0.3582    34.8581 6.6733e+02    890.582    34.8582    34.8595     6.4936    1478.37    27.7484    27.7495 0.0000e+00
    902.000     3.3132     3.3131   3.222720   3.222817     2.2184    -0.3825     0.3609    34.8581 6.6530e+02    891.568    34.8580    34.8593     6.4936    1478.38    27.7483    27.7494 0.0000e+00
    903.000     3.3126     3.3126   3.222718   3.222831     2.2179    -0.3903     0.3605    34.8580 6.6518e+02    892.554    34.8581    34.8594     6.4929    1478.40    27.7484    27.7495 0.0000e+00
    904.000     3.3125     3.3125   3.222738   3.222864     2.2171    -0.3812     0.3580    34.8580 6.6509e+02    893.541    34.8579    34.8594     6.4907    1478.41    27.7483    27.7495 0.0000e+00
    905.000     3.3122     3.3124   3.222759   3.222891     2.2168    -0.3768     0.3580    34.8580 6.6518e+02    894.527    34.8579    34.8593     6.4902    1478.43    27.7484    27.7495 0.0000e+00
    906.000     3.3106     3.3109   3.222636   3.222790     2.2161    -0.3925     0.3604    34.8578 6.6551e+02    895.513    34.8576    34.8592     6.4886    1478.44    27.7483    27.7495 0.0000e+00
    907.000     3.3100     3.3100   3.222641   3.222756     2.2161    -0.3785     0.3586    34.8579 6.6694e+02    896.499    34.8579    34.8592     6.4899    1478.45    27.7485    27.7496 0.0000e+00
    908.000     3.3103     3.3104   3.222703   3.222837     2.2162    -0.3808     0.3563    34.8578 6.6754e+02    897.486    34.8577    34.8593     6.4908    1478.47    27.7484    27.7496 0.0000e+00
    909.000     3.3100     3.3102   3.222718   3.222853     2.2159    -0.3893     0.3580    34.8577 6.6743e+02    898.472    34.8577    34.8591     6.4909    1478.48    27.7484    27.7495 0.0000e+00
    910.000     3.3099     3.3100   3.222754   3.222872     2.2157    -0.3926     0.3580    34.8577 6.6629e+02    899.458    34.8577    34.8591     6.4908    1478.50    27.7484    27.7495 0.0000e+00
    911.000     3.3097     3.3097   3.222763   3.222874     2.2156    -0.3908     0.3581    34.8576 6.6389e+02    900.445    34.8575    34.8589     6.4912    1478.51    27.7483    27.7494 0.0000e+00
    912.000     3.3087     3.3083   3.222709   3.222775     2.2145    -0.3768     0.3582    34.8575 6.6644e+02    901.431    34.8574    34.8586     6.4880    1478.53    27.7483    27.7493 0.0000e+00
    913.000     3.3071     3.3072   3.222611   3.222731     2.2139    -0.3776     0.3580    34.8575 6.7110e+02    902.417    34.8574    34.8588     6.4869    1478.54    27.7485    27.7496 0.0000e+00
    914.000     3.3070     3.3067   3.222644   3.222728     2.2136    -0.3923     0.3587    34.8575 6.7000e+02    903.403    34.8575    34.8587     6.4868    1478.55    27.7486    27.7496 0.0000e+00
    915.000     3.3057     3.3059   3.222544   3.222682     2.2135    -0.3923     0.3614    34.8574 6.6931e+02    904.390    34.8571    34.8585     6.4875    1478.56    27.7484    27.7495 0.0000e+00
    916.000     3.3048     3.3057   3.222505   3.222715     2.2136    -0.3923     0.3629    34.8572 6.6735e+02    905.376    34.8570    34.8586     6.4889    1478.58    27.7484    27.7496 0.0000e+00
    917.000     3.3039     3.3044   3.222445   3.222604     2.2138    -0.3742     0.3629    34.8571 6.6517e+02    906.362    34.8567    34.8582     6.4905    1478.59    27.7483    27.7494 0.0000e+00
    918.000     3.3037     3.3037   3.222476   3.222593     2.2138    -0.3826     0.3606    34.8570 6.6238e+02    907.348    34.8569    34.8582     6.4916    1478.60    27.7484    27.7495 0.0000e+00
    919.000     3.3042     3.3040   3.222544   3.222639     2.2144    -0.3800     0.3599    34.8567 6.6802e+02    908.334    34.8565    34.8580     6.4945    1478.62    27.7481    27.7493 0.0000e+00
    920.000     3.3033     3.3033   3.222525   3.222634     2.2143    -0.3923     0.3580    34.8568 6.7189e+02    909.321    34.8568    34.8581     6.4951    1478.64    27.7484    27.7495 0.0000e+00
    921.000     3.3031     3.3032   3.222545   3.222664     2.2139    -0.3796     0.3581    34.8568 6.7050e+02    910.307    34.8567    34.8581     6.4947    1478.65    27.7484    27.7495 0.0000e+00
    922.000     3.3031     3.3031   3.222589   3.222694     2.2136    -0.3837     0.3555    34.8568 6.6659e+02    911.293    34.8568    34.8580     6.4941    1478.67    27.7484    27.7494 0.0000e+00
    923.000     3.3032     3.3031   3.222631   3.222736     2.2136    -0.3965     0.3574    34.8566 6.6642e+02    912.279    34.8566    34.8579     6.4950    1478.68    27.7483    27.7494 0.0000e+00
    924.000     3.3034     3.3029   3.222688   3.222766     2.2136    -0.3908     0.3594    34.8566 6.6997e+02    913.266    34.8566    34.8580     6.4959    1478.70    27.7483    27.7495 0.0000e+00
    925.000     3.3029     3.3029   3.222700   3.222817     2.2135    -0.3918     0.3629    34.8568 6.6785e+02    914.252    34.8567    34.8581     6.4962    1478.72    27.7484    27.7495 0.0000e+00
    926.000     3.3032     3.3031   3.222762   3.222865     2.2135    -0.3853     0.3574    34.8566 6.7063e+02    915.238    34.8566    34.8580     6.4971    1478.73    27.7483    27.7494 0.0000e+00
    927.000     3.3026     3.3025   3.222768   3.222870     2.2126    -0.3937     0.3582    34.8569 6.7453e+02    916.224    34.8568    34.8582     6.4949    1478.75    27.7486    27.7496 0.0000e+00
    928.000     3.3025     3.3025   3.222799   3.222912     2.2124    -0.3920     0.3580    34.8568 6.7015e+02    917.210    34.8568    34.8582     6.4950    1478.76    27.7485    27.7496 0.0000e+00
    929.000     3.3030     3.3029   3.222868   3.222964     2.2122    -0.3920     0.3602    34.8565 6.6575e+02    918.196    34.8566    34.8578     6.4949    1478.78    27.7483    27.7493 0.0000e+00
    930.000     3.3027     3.3025   3.222887   3.222990     2.2112    -0.3764     0.3580    34.8566 6.7387e+02    919.183    34.8566    34.8580     6.4918    1478.80    27.7484    27.7495 0.0000e+00
    931.000     3.3024     3.3024   3.222923   3.223029     2.2112    -0.3917     0.3580    34.8567 6.7299e+02    920.169    34.8568    34.8581     6.4929    1478.81    27.7485    27.7496 0.0000e+00
    932.000     3.3028     3.3028   3.222983   3.223088     2.2112    -0.3851     0.3583    34.8565 6.7197e+02    921.155    34.8565    34.8578     6.4937    1478.83    27.7483    27.7494 0.0000e+00
    933.000     3.3025     3.3025   3.223015   3.223119     2.2113    -0.3933     0.3580    34.8568 6.7318e+02    922.141    34.8568    34.8580     6.4947    1478.85    27.7486    27.7496 0.0000e+00
    934.000     3.3024     3.3023   3.223037   3.223145     2.2113    -0.3926     0.3618    34.8567 6.6965e+02    923.127    34.8566    34.8580     6.4956    1478.86    27.7485    27.7496 0.0000e+00
    935.000     3.3030     3.3030   3.223133   3.223242     2.2113    -0.3870     0.3613    34.8566 6.7029e+02    924.113    34.8566    34.8579     6.4964    1478.88    27.7484    27.7494 0.0000e+00
    936.000     3.3027     3.3027   3.223149   3.223263     2.2113    -0.3791     0.3623    34.8566 6.7580e+02    925.100    34.8566    34.8579     6.4973    1478.90    27.7484    27.7495 0.0000e+00
    937.000     3.3028     3.3028   3.223206   3.223312     2.2111    -0.3833     0.3575    34.8566 6.7132e+02    926.086    34.8566    34.8579     6.4976    1478.91    27.7484    27.7495 0.0000e+00
    938.000     3.3029     3.3029   3.223276   3.223376     2.2109    -0.3818     0.3580    34.8568 6.6965e+02    927.072    34.8569    34.8581     6.4975    1478.93    27.7487    27.7496 0.0000e+00
    939.000     3.3027     3.3027   3.223285   3.223402     2.2103    -0.3819     0.3582    34.8567 6.7098e+02    928.058    34.8566    34.8580     6.4961    1478.95    27.7485    27.7496 0.0000e+00
    940.000     3.3031     3.3032   3.223352   3.223469     2.2100    -0.3851     0.3580    34.8565 6.7743e+02    929.044    34.8565    34.8578     6.4956    1478.97    27.7483    27.7493 0.0000e+00
    941.000     3.3022     3.3022   3.223325   3.223429     2.2087    -0.3939     0.3614    34.8566 6.7543e+02    930.030    34.8566    34.8579     6.4919    1478.98    27.7486    27.7495 0.0000e+00
    942.000     3.3024     3.3023   3.223390   3.223494     2.2082    -0.3921     0.3601    34.8567 6.7237e+02    931.016    34.8567    34.8580     6.4906    1479.00    27.7486    27.7496 0.0000e+00
    943.000     3.3025     3.3027   3.223428   3.223552     2.2079    -0.3925     0.3580    34.8565 6.7620e+02    932.003    34.8565    34.8578     6.4903    1479.01    27.7484    27.7494 0.0000e+00
    944.000     3.3023     3.3025   3.223460   3.223592     2.2088    -0.3927     0.3567    34.8566 6.8401e+02    932.989    34.8566    34.8579     6.4949    1479.03    27.7485    27.7496 0.0000e+00
    945.000     3.3021     3.3022   3.223495   3.223597     2.2089    -0.3757     0.3581    34.8567 6.7491e+02    933.975    34.8566    34.8579     6.4961    1479.04    27.7486    27.7496 0.0000e+00
    946.000     3.3022     3.3022   3.223536   3.223642     2.2082    -0.3834     0.3584    34.8566 6.7008e+02    934.961    34.8566    34.8578     6.4941    1479.06    27.7486    27.7495 0.0000e+00
    947.000     3.3021     3.3022   3.223582   3.223694     2.2067    -0.3864     0.3592    34.8566 6.8382e+02    935.947    34.8566    34.8579     6.4894    1479.08    27.7486    27.7496 0.0000e+00
    948.000     3.3023     3.3023   3.223637   3.223741     2.2066    -0.3727     0.3603    34.8566 6.8626e+02    936.933    34.8566    34.8579     6.4897    1479.09    27.7486    27.7496 0.0000e+00
    949.000     3.3022     3.3022   3.223659   3.223770     2.2073    -0.3923     0.3611    34.8565 6.7770e+02    937.919    34.8565    34.8578     6.4931    1479.11    27.7485    27.7495 0.0000e+00
    950.000     3.3017     3.3017   3.223660   3.223770     2.2069    -0.3727     0.3588    34.8565 6.7920e+02    938.905    34.8565    34.8579     6.4926    1479.12    27.7486    27.7496 0.0000e+00
    951.000     3.3012     3.3011   3.223663   3.223771     2.2065    -0.3679     0.3564    34.8566 6.8320e+02    939.891    34.8566    34.8579     6.4920    1479.14    27.7486    27.7497 0.0000e+00
    952.000     3.3011     3.3010   3.223695   3.223803     2.2049    -0.3813     0.3583    34.8565 6.8219e+02    940.877    34.8566    34.8579     6.4870    1479.16    27.7487    27.7497 0.0000e+00
    953.000     3.3011     3.3014   3.223727   3.223867     2.2042    -0.3912     0.3577    34.8563 6.8284e+02    941.863    34.8563    34.8577     6.4850    1479.17    27.7485    27.7496 0.0000e+00
    954.000     3.3018     3.3018   3.223851   3.223958     2.2043    -0.3601     0.3600    34.8565 6.8709e+02    942.849    34.8566    34.8579     6.4860    1479.19    27.7486    27.7497 0.0000e+00
    955.000     3.3017     3.3013   3.223885   3.223958     2.2044    -0.3894     0.3563    34.8566 6.8539e+02    943.836    34.8566    34.8579     6.4873    1479.21    27.7487    27.7498 0.0000e+00
    956.000     3.3017     3.3015   3.223940   3.224019     2.2043    -0.3784     0.3582    34.8567 6.8396e+02    944.822    34.8568    34.8579     6.4880    1479.22    27.7488    27.7497 0.0000e+00
    957.000     3.3018     3.3016   3.223973   3.224060     2.2048    -0.3856     0.3583    34.8566 6.8213e+02    945.808    34.8565    34.8578     6.4905    1479.24    27.7486    27.7496 0.0000e+00
    958.000     3.3015     3.3019   3.223978   3.224116     2.2059    -0.3895     0.3571    34.8563 6.8618e+02    946.794    34.8563    34.8576     6.4955    1479.26    27.7485    27.7494 0.0000e+00
    959.000     3.3011     3.3011   3.224003   3.224102     2.2053    -0.3792     0.3583    34.8566 6.9382e+02    947.780    34.8566    34.8578     6.4944    1479.27    27.7487    27.7497 0.0000e+00
    960.000     3.3006     3.3004   3.223990   3.224084     2.2053    -0.3936     0.3613    34.8565 6.9025e+02    948.766    34.8564    34.8577     6.4951    1479.29    27.7487    27.7497 0.0000e+00
    961.000     3.2995     3.2997   3.223916   3.224042     2.2046    -0.3722     0.3625    34.8563 6.8586e+02    949.752    34.8562    34.8575     6.4936    1479.30    27.7486    27.7496 0.0000e+00
    962.000     3.2993     3.2992   3.223950   3.224026     2.2042    -0.3665     0.3580    34.8563 6.8396e+02    950.738    34.8563    34.8573     6.4931    1479.31    27.7487    27.7495 0.0000e+00
    963.000     3.2995     3.2998   3.223978   3.224124     2.2030    -0.3986     0.3625    34.8559 6.9637e+02    951.724    34.8559    34.8573     6.4893    1479.33    27.7484    27.7495 0.0000e+00
    964.000     3.2988     3.2989   3.223996   3.224096     2.2032    -0.3924     0.3593    34.8563 6.9728e+02    952.710    34.8563    34.8574     6.4908    1479.34    27.7487    27.7496 0.0000e+00
    965.000     3.2985     3.2986   3.224012   3.224114     2.2032    -0.3730     0.3582    34.8563 6.9387e+02    953.696    34.8563    34.8574     6.4919    1479.36    27.7488    27.7497 0.0000e+00
    966.000     3.2982     3.2983   3.224013   3.224123     2.2032    -0.4000     0.3585    34.8561 6.9075e+02    954.682    34.8561    34.8574     6.4928    1479.37    27.7487    27.7497 0.0000e+00
    967.000     3.2982     3.2982   3.224044   3.224151     2.2022    -0.3711     0.3586    34.8560 6.9343e+02    955.668    34.8560    34.8572     6.4898    1479.39    27.7486    27.7496 0.0000e+00
