Ship_data/Irminger/Irminger-5/ctd/process/dar30-03002.cnv
* Sea-Bird SBE 9 Data File:
* FileName = D:\Data\ar30-03002.hdr
* Software Version Seasave V 7.23.2
* Temperature SN = 4230
* Conductivity SN = 2148
* Number of Bytes Per Scan = 44
* Number of Voltage Words = 5
* Number of Scans Averaged by the Deck Unit = 1
* NMEA Latitude = 62 29.54 N
* NMEA Longitude = 029 47.91 W
* NMEA UTC (Time) = Jun 06 2018  13:17:52
** Cruise ID: ar30-03
** Chief Sci: Macdonald
** Station #: 002
** Site ID: Irminger5 release testing
# nquan = 18
# nvalues = 865                         
# units = specified
# name 0 = prDM: Pressure, Digiquartz [db]
# name 1 = t090C: Temperature [ITS-90, deg C]
# name 2 = t190C: Temperature, 2 [ITS-90, deg C]
# name 3 = c0S/m: Conductivity [S/m]
# name 4 = c1S/m: Conductivity, 2 [S/m]
# name 5 = sbeox0V: Oxygen raw, SBE 43 [V]
# name 6 = flECO-AFL: Fluorescence, WET Labs ECO-AFL/FL [mg/m^3]
# name 7 = turbWETntu0: Turbidity, WET Labs ECO [NTU]
# name 8 = sal00: Salinity, Practical [PSU]
# name 9 = spar: SPAR/Surface Irradiance
# name 10 = depSM: Depth [salt water, m], lat = 62.4923
# name 11 = sal00: Salinity, Practical [PSU]
# name 12 = sal11: Salinity, Practical, 2 [PSU]
# name 13 = sbeox0ML/L: Oxygen, SBE 43 [ml/l], WS = 2
# name 14 = svCM: Sound Velocity [Chen-Millero, m/s]
# name 15 = sigma-é00: Density [sigma-theta, kg/m^3]
# name 16 = sigma-é11: Density, 2 [sigma-theta, kg/m^3]
# name 17 = flag: flag
# span 0 =      5.000,    869.000       
# span 1 =     4.3195,     7.2976       
# span 2 =     4.3201,     7.2973       
# span 3 =   3.318438,   3.553879       
# span 4 =   3.318556,   3.554014       
# span 5 =     2.1076,     2.8078       
# span 6 =    -0.4134,     4.9301       
# span 7 =     0.3556,     0.6784       
# span 8 =    34.9216,    34.9852       
# span 9 = 4.6292e+02, 7.9140e+02       
# span 10 =      4.952,    858.841      
# span 11 =    34.9166,    34.9927      
# span 12 =    34.9214,    34.9882      
# span 13 =     5.7566,     7.0045      
# span 14 =    1478.71,    1482.23      
# span 15 =    27.3566,    27.7153      
# span 16 =    27.3576,    27.7159      
# span 17 = 0.0000e+00, 0.0000e+00      
# interval = decibars: 1                
# start_time = Jun 06 2018 13:17:52 [System UTC, first data scan.]
# bad_flag = -9.990e-29
*END*
[from data line 563]
    568.000     5.0996     5.0999   3.374029   3.374207     2.2570    -0.3565     0.3702    34.9303 7.3250e+02    561.765    34.9278    34.9296     6.0586    1480.37    27.6119    27.6132 0.0000e+00
    569.000     5.0897     5.0894   3.373110   3.373238     2.2571    -0.3584     0.3702    34.9297 7.2885e+02    562.752    34.9270    34.9288     6.0614    1480.35    27.6124    27.6138 0.0000e+00
    570.000     5.0851     5.0854   3.372804   3.372927     2.2572    -0.3574     0.3697    34.9296 7.2575e+02    563.740    34.9278    34.9288     6.0630    1480.35    27.6136    27.6143 0.0000e+00
    571.000     5.0814     5.0818   3.372505   3.372605     2.2572    -0.3703     0.3697    34.9291 7.2923e+02    564.728    34.9277    34.9284     6.0645    1480.35    27.6139    27.6145 0.0000e+00
    572.000     5.0755     5.0756   3.372007   3.372097     2.2572    -0.3495     0.3693    34.9288 7.3251e+02    565.715    34.9276    34.9285     6.0660    1480.34    27.6145    27.6152 0.0000e+00
    573.000     5.0754     5.0754   3.372045   3.372120     2.2572    -0.3508     0.3704    34.9288 7.3230e+02    566.703    34.9276    34.9285     6.0668    1480.36    27.6145    27.6153 0.0000e+00
    574.000     5.0724     5.0725   3.371752   3.371864     2.2572    -0.3823     0.3696    34.9285 7.3197e+02    567.691    34.9268    34.9280     6.0681    1480.36    27.6143    27.6153 0.0000e+00
    575.000     5.0690     5.0692   3.371492   3.371592     2.2572    -0.3639     0.3660    34.9281 7.3217e+02    568.678    34.9269    34.9278     6.0694    1480.36    27.6148    27.6154 0.0000e+00
    576.000     5.0670     5.0670   3.371325   3.371414     2.2572    -0.3612     0.3640    34.9279 7.3272e+02    569.666    34.9265    34.9275     6.0706    1480.37    27.6147    27.6155 0.0000e+00
    577.000     5.0602     5.0600   3.370658   3.370748     2.2574    -0.3724     0.3678    34.9271 7.3441e+02    570.654    34.9254    34.9267     6.0732    1480.36    27.6147    27.6157 0.0000e+00
    578.000     5.0542     5.0538   3.370118   3.370194     2.2573    -0.3602     0.3717    34.9268 7.3475e+02    571.641    34.9250    34.9262     6.0748    1480.35    27.6150    27.6160 0.0000e+00
    579.000     5.0365     5.0360   3.368211   3.368401     2.2576    -0.3656     0.3707    34.9247 7.3285e+02    572.629    34.9208    34.9236     6.0794    1480.29    27.6138    27.6160 0.0000e+00
    580.000     5.0222     5.0222   3.366939   3.367076     2.2592    -0.3788     0.3714    34.9235 7.3206e+02    573.616    34.9206    34.9222     6.0882    1480.25    27.6153    27.6165 0.0000e+00
    581.000     5.0134     5.0142   3.366164   3.366329     2.2628    -0.3636     0.3700    34.9223 7.3684e+02    574.604    34.9203    34.9214     6.1027    1480.23    27.6160    27.6168 0.0000e+00
    582.000     5.0117     5.0170   3.366054   3.366679     2.2681    -0.3574     0.3673    34.9216 7.5369e+02    575.592    34.9203    34.9220     6.1224    1480.24    27.6163    27.6170 0.0000e+00
    583.000     5.0114     5.0113   3.366183   3.366212     2.2688    -0.3581     0.3680    34.9224 7.5411e+02    576.579    34.9216    34.9221     6.1254    1480.25    27.6173    27.6177 0.0000e+00
    584.000     5.0124     5.0126   3.366354   3.366439     2.2690    -0.3582     0.3712    34.9228 7.5070e+02    577.567    34.9220    34.9228     6.1267    1480.28    27.6175    27.6181 0.0000e+00
    585.000     5.0177     5.0178   3.367239   3.367129     2.2681    -0.3609     0.3724    34.9248 7.4636e+02    578.554    34.9262    34.9249     6.1236    1480.32    27.6203    27.6192 0.0000e+00
    586.000     5.0276     5.0278   3.368153   3.368276     2.2662    -0.3558     0.3701    34.9264 7.4215e+02    579.542    34.9259    34.9271     6.1160    1480.37    27.6189    27.6198 0.0000e+00
    587.000     5.0244     5.0244   3.367966   3.367993     2.2638    -0.3570     0.3695    34.9267 7.3897e+02    580.530    34.9265    34.9269     6.1090    1480.38    27.6198    27.6201 0.0000e+00
    588.000     5.0250     5.0250   3.368027   3.368128     2.2610    -0.3569     0.3691    34.9267 7.3728e+02    581.517    34.9262    34.9273     6.1000    1480.40    27.6194    27.6203 0.0000e+00
    589.000     5.0225     5.0230   3.367810   3.367943     2.2586    -0.3581     0.3645    34.9265 7.3973e+02    582.505    34.9257    34.9268     6.0928    1480.40    27.6194    27.6202 0.0000e+00
    590.000     5.0161     5.0165   3.367236   3.367354     2.2563    -0.3829     0.3656    34.9261 7.4384e+02    583.492    34.9252    34.9262     6.0867    1480.39    27.6197    27.6205 0.0000e+00
    591.000     5.0150     5.0153   3.367210   3.367298     2.2549    -0.3741     0.3730    34.9260 7.4761e+02    584.480    34.9256    34.9263     6.0828    1480.41    27.6201    27.6207 0.0000e+00
    592.000     5.0153     5.0154   3.367300   3.367373     2.2532    -0.3616     0.3697    34.9262 7.5006e+02    585.467    34.9258    34.9265     6.0776    1480.42    27.6203    27.6209 0.0000e+00
    593.000     5.0155     5.0159   3.367369   3.367461     2.2522    -0.3830     0.3699    34.9261 7.5195e+02    586.455    34.9259    34.9266     6.0749    1480.44    27.6204    27.6209 0.0000e+00
    594.000     5.0159     5.0164   3.367470   3.367577     2.2521    -0.3579     0.3692    34.9263 7.5411e+02    587.443    34.9261    34.9268     6.0753    1480.46    27.6205    27.6210 0.0000e+00
    595.000     5.0165     5.0167   3.367567   3.367649     2.2512    -0.3578     0.3672    34.9263 7.5700e+02    588.430    34.9261    34.9268     6.0729    1480.48    27.6204    27.6210 0.0000e+00
    596.000     5.0149     5.0155   3.367467   3.367585     2.2497    -0.3693     0.3701    34.9264 7.6330e+02    589.418    34.9261    34.9269     6.0687    1480.49    27.6206    27.6212 0.0000e+00
    597.000     5.0133     5.0136   3.367379   3.367495     2.2492    -0.3556     0.3698    34.9266 7.6419e+02    590.405    34.9263    34.9273     6.0679    1480.50    27.6210    27.6217 0.0000e+00
    598.000     5.0109     5.0112   3.367233   3.367338     2.2488    -0.3599     0.3697    34.9270 7.6361e+02    591.393    34.9266    34.9274     6.0676    1480.51    27.6215    27.6221 0.0000e+00
    599.000     5.0091     5.0094   3.367134   3.367238     2.2485    -0.3562     0.3702    34.9271 7.6135e+02    592.380    34.9268    34.9276     6.0678    1480.52    27.6219    27.6225 0.0000e+00
    600.000     5.0096     5.0098   3.367259   3.367340     2.2478    -0.3573     0.3700    34.9273 7.5872e+02    593.368    34.9272    34.9279     6.0660    1480.53    27.6221    27.6227 0.0000e+00
    601.000     5.0132     5.0134   3.367762   3.367792     2.2472    -0.3596     0.3693    34.9282 7.5576e+02    594.355    34.9288    34.9288     6.0639    1480.57    27.6230    27.6230 0.0000e+00
    602.000     5.0191     5.0194   3.368447   3.368495     2.2462    -0.3624     0.3646    34.9294 7.5281e+02    595.343    34.9300    34.9302     6.0605    1480.61    27.6233    27.6235 0.0000e+00
    603.000     5.0203     5.0206   3.368574   3.368662     2.2443    -0.3603     0.3692    34.9296 7.5258e+02    596.330    34.9297    34.9304     6.0542    1480.63    27.6229    27.6234 0.0000e+00
    604.000     5.0235     5.0238   3.369023   3.369100     2.2420    -0.3713     0.3645    34.9306 7.5891e+02    597.318    34.9311    34.9316     6.0467    1480.66    27.6236    27.6240 0.0000e+00
    605.000     5.0267     5.0274   3.369484   3.369577     2.2398    -0.3562     0.3646    34.9317 7.6723e+02    598.305    34.9324    34.9328     6.0392    1480.69    27.6244    27.6246 0.0000e+00
    606.000     5.0240     5.0240   3.369080   3.369267     2.2387    -0.3587     0.3635    34.9316 7.7083e+02    599.293    34.9301    34.9323     6.0367    1480.70    27.6228    27.6246 0.0000e+00
    607.000     5.0144     5.0147   3.368333   3.368441     2.2383    -0.3547     0.3639    34.9314 7.7095e+02    600.280    34.9310    34.9319     6.0376    1480.67    27.6247    27.6254 0.0000e+00
    608.000     5.0147     5.0148   3.368522   3.368544     2.2379    -0.3577     0.3688    34.9320 7.7012e+02    601.268    34.9323    34.9325     6.0367    1480.69    27.6257    27.6258 0.0000e+00
    609.000     5.0200     5.0204   3.369295   3.369254     2.2377    -0.3589     0.3702    34.9334 7.6760e+02    602.255    34.9353    34.9343     6.0359    1480.74    27.6275    27.6266 0.0000e+00
    610.000     5.0268     5.0268   3.369893   3.369964     2.2371    -0.3802     0.3643    34.9343 7.6384e+02    603.243    34.9345    34.9353     6.0337    1480.78    27.6260    27.6267 0.0000e+00
    611.000     5.0249     5.0268   3.369723   3.369967     2.2335    -0.3681     0.3679    34.9338 7.6717e+02    604.230    34.9341    34.9349     6.0219    1480.79    27.6259    27.6263 0.0000e+00
    612.000     5.0327     5.0330   3.370700   3.370771     2.2325    -0.3568     0.3718    34.9360 7.8922e+02    605.218    34.9367    34.9371     6.0181    1480.84    27.6271    27.6274 0.0000e+00
    613.000     5.0336     5.0339   3.370842   3.370911     2.2313    -0.3851     0.3699    34.9363 7.8750e+02    606.205    34.9368    34.9374     6.0143    1480.86    27.6271    27.6275 0.0000e+00
    614.000     5.0342     5.0344   3.370954   3.371023     2.2303    -0.3750     0.3683    34.9365 7.8449e+02    607.193    34.9370    34.9376     6.0118    1480.88    27.6272    27.6277 0.0000e+00
    615.000     5.0345     5.0348   3.371038   3.371112     2.2292    -0.3648     0.3645    34.9367 7.7970e+02    608.180    34.9371    34.9377     6.0085    1480.90    27.6273    27.6277 0.0000e+00
    616.000     5.0343     5.0346   3.371042   3.371131     2.2280    -0.3613     0.3641    34.9367 7.7382e+02    609.168    34.9369    34.9377     6.0053    1480.91    27.6272    27.6277 0.0000e+00
    617.000     5.0335     5.0337   3.371009   3.371086     2.2267    -0.3865     0.3602    34.9367 7.6759e+02    610.155    34.9369    34.9375     6.0016    1480.92    27.6272    27.6277 0.0000e+00
    618.000     5.0319     5.0322   3.370870   3.370985     2.2259    -0.3908     0.3614    34.9365 7.6089e+02    611.142    34.9364    34.9375     6.0000    1480.93    27.6270    27.6279 0.0000e+00
    619.000     5.0305     5.0308   3.370780   3.370896     2.2253    -0.3822     0.3692    34.9364 7.5562e+02    612.130    34.9363    34.9374     5.9988    1480.94    27.6271    27.6280 0.0000e+00
    620.000     5.0269     5.0271   3.370510   3.370612     2.2251    -0.3851     0.3648    34.9366 7.5174e+02    613.117    34.9364    34.9374     5.9993    1480.95    27.6277    27.6284 0.0000e+00
    621.000     5.0257     5.0261   3.370456   3.370554     2.2246    -0.3703     0.3678    34.9367 7.5432e+02    614.105    34.9366    34.9373     5.9988    1480.96    27.6279    27.6285 0.0000e+00
    622.000     5.0259     5.0246   3.370504   3.370457     2.2246    -0.3783     0.3649    34.9364 7.8987e+02    615.092    34.9364    34.9372     5.9993    1480.98    27.6277    27.6286 0.0000e+00
    623.000     5.0158     5.0161   3.369713   3.369817     2.2241    -0.3839     0.3733    34.9379 7.9140e+02    616.080    34.9373    34.9382     5.9998    1480.95    27.6297    27.6303 0.0000e+00
    624.000     5.0114     5.0116   3.369327   3.369444     2.2232    -0.3673     0.3720    34.9378 7.8825e+02    617.067    34.9369    34.9380     5.9983    1480.95    27.6299    27.6307 0.0000e+00
    625.000     5.0073     5.0086   3.368967   3.369206     2.2228    -0.3578     0.3702    34.9376 7.8534e+02    618.054    34.9365    34.9379     5.9985    1480.95    27.6301    27.6310 0.0000e+00
    626.000     5.0034     5.0030   3.368553   3.368694     2.2227    -0.3563     0.3698    34.9375 7.7963e+02    619.042    34.9354    34.9374     5.9996    1480.95    27.6296    27.6313 0.0000e+00
    627.000     4.9880     4.9883   3.366993   3.367289     2.2230    -0.3564     0.3698    34.9361 7.7452e+02    620.029    34.9329    34.9360     6.0036    1480.90    27.6294    27.6318 0.0000e+00
    628.000     4.9800     4.9802   3.366427   3.366552     2.2230    -0.3564     0.3682    34.9360 7.6780e+02    621.017    34.9342    34.9354     6.0056    1480.88    27.6314    27.6323 0.0000e+00
    629.000     4.9763     4.9766   3.366172   3.366264     2.2241    -0.3592     0.3700    34.9359 7.6180e+02    622.004    34.9346    34.9354     6.0110    1480.89    27.6322    27.6327 0.0000e+00
    630.000     4.9745     4.9749   3.366089   3.366198     2.2247    -0.3562     0.3654    34.9362 7.5631e+02    622.991    34.9349    34.9358     6.0141    1480.90    27.6326    27.6333 0.0000e+00
    631.000     4.9737     4.9740   3.366113   3.366213     2.2256    -0.3736     0.3647    34.9366 7.5264e+02    623.979    34.9356    34.9364     6.0181    1480.91    27.6333    27.6338 0.0000e+00
    632.000     4.9741     4.9745   3.366333   3.366413     2.2253    -0.3640     0.3665    34.9379 7.5914e+02    624.966    34.9372    34.9377     6.0178    1480.93    27.6344    27.6348 0.0000e+00
    633.000     4.9736     4.9741   3.366520   3.366606     2.2185    -0.3684     0.3635    34.9400 7.8239e+02    625.953    34.9394    34.9398     5.9948    1480.95    27.6363    27.6366 0.0000e+00
    634.000     4.9711     4.9697   3.366315   3.366261     2.2125    -0.3649     0.3625    34.9400 7.8863e+02    626.941    34.9391    34.9399     5.9750    1480.95    27.6364    27.6372 0.0000e+00
    635.000     4.9653     4.9642   3.365785   3.365776     2.2107    -0.3756     0.3601    34.9397 7.8497e+02    627.928    34.9385    34.9396     5.9701    1480.95    27.6366    27.6375 0.0000e+00
    636.000     4.9525     4.9474   3.364248   3.364167     2.2094    -0.3588     0.3643    34.9383 7.8022e+02    628.915    34.9336    34.9380     5.9688    1480.90    27.6341    27.6382 0.0000e+00
    637.000     4.9334     4.9348   3.362829   3.363004     2.2087    -0.3771     0.3636    34.9383 7.7495e+02    629.903    34.9366    34.9372     5.9700    1480.85    27.6388    27.6390 0.0000e+00
    638.000     4.9329     4.9333   3.362836   3.362924     2.2084    -0.3819     0.3629    34.9380 7.6966e+02    630.890    34.9368    34.9374     5.9697    1480.86    27.6390    27.6394 0.0000e+00
    639.000     4.9336     4.9343   3.362951   3.363063     2.2075    -0.3619     0.3632    34.9380 7.6511e+02    631.878    34.9368    34.9374     5.9671    1480.88    27.6389    27.6393 0.0000e+00
    640.000     4.9322     4.9336   3.362819   3.363047     2.2065    -0.3582     0.3637    34.9377 7.5983e+02    632.865    34.9363    34.9374     5.9648    1480.89    27.6387    27.6394 0.0000e+00
    641.000     4.9261     4.9274   3.362174   3.362441     2.2060    -0.3560     0.3629    34.9370 7.5591e+02    633.852    34.9347    34.9363     5.9646    1480.88    27.6381    27.6393 0.0000e+00
    642.000     4.9217     4.9219   3.361852   3.361970     2.2058    -0.3609     0.3601    34.9365 7.5390e+02    634.840    34.9350    34.9361     5.9654    1480.88    27.6388    27.6397 0.0000e+00
    643.000     4.9172     4.9179   3.361450   3.361596     2.2056    -0.3621     0.3657    34.9362 7.5379e+02    635.827    34.9346    34.9355     5.9661    1480.88    27.6390    27.6397 0.0000e+00
    644.000     4.9162     4.9165   3.361429   3.361507     2.2058    -0.3590     0.3644    34.9358 7.6704e+02    636.814    34.9349    34.9354     5.9680    1480.89    27.6394    27.6398 0.0000e+00
    645.000     4.9096     4.9052   3.360744   3.360469     2.2049    -0.3826     0.3697    34.9353 7.8413e+02    637.801    34.9333    34.9348     5.9666    1480.88    27.6389    27.6406 0.0000e+00
    646.000     4.8986     4.8990   3.359818   3.359926     2.2048    -0.3564     0.3633    34.9350 7.8242e+02    638.789    34.9336    34.9344     5.9686    1480.85    27.6404    27.6410 0.0000e+00
    647.000     4.8967     4.8970   3.359668   3.359792     2.2048    -0.3764     0.3639    34.9347 7.7884e+02    639.776    34.9333    34.9344     5.9697    1480.86    27.6404    27.6413 0.0000e+00
