Ship_data/Irminger/Irminger-5/ctd/process/dar30-03019.cnv
* Sea-Bird SBE 9 Data File:
* FileName = D:\Data\ar30-03019.hdr
* Software Version Seasave V 7.23.2
* Temperature SN = 4312
* Conductivity SN = 2148
* Number of Bytes Per Scan = 44
* Number of Voltage Words = 5
* Number of Scans Averaged by the Deck Unit = 1
* NMEA Latitude = 59 55.88 N
* NMEA Longitude = 041 18.96 W
* NMEA UTC (Time) = Jun 18 2018  20:06:05
** Cruise ID: ar30-03
** Chief Sci: Macdonald
** Station #: 019
** Site ID: Irminger 5 OSNAP C01
# nquan = 18
# nvalues = 1956                        
# units = specified
# name 0 = prDM: Pressure, Digiquartz [db]
# name 1 = t090C: Temperature [ITS-90, deg C]
# name 2 = t190C: Temperature, 2 [ITS-90, deg C]
# name 3 = c0S/m: Conductivity [S/m]
# name 4 = c1S/m: Conductivity, 2 [S/m]
# name 5 = sbeox0V: Oxygen raw, SBE 43 [V]
# name 6 = flECO-AFL: Fluorescence, WET Labs ECO-AFL/FL [mg/m^3]
# name 7 = turbWETntu0: Turbidity, WET Labs ECO [NTU]
# name 8 = sal00: Salinity, Practical [PSU]
# name 9 = spar: SPAR/Surface Irradiance
# name 10 = depSM: Depth [salt water, m], lat = 59.9313
# name 11 = sal00: Salinity, Practical [PSU]
# name 12 = sal11: Salinity, Practical, 2 [PSU]
# name 13 = sbeox0ML/L: Oxygen, SBE 43 [ml/l], WS = 2
# name 14 = svCM: Sound Velocity [Chen-Millero, m/s]
# name 15 = sigma-é00: Density [sigma-theta, kg/m^3]
# name 16 = sigma-é11: Density, 2 [sigma-theta, kg/m^3]
# name 17 = flag: flag
# span 0 =      3.000,   1958.000       
# span 1 =     2.3629,     6.5881       
# span 2 =     2.3634,     6.5802       
# span 3 =   3.184880,   3.477114       
# span 4 =   3.184938,   3.476461       
# span 5 =     1.9041,     2.8923       
# span 6 =    -0.4096,     9.8889       
# span 7 =     0.3482,     0.7888       
# span 8 =    34.8232,    34.9350       
# span 9 = 8.5665e+02, 2.1999e+03       
# span 10 =      2.972,   1930.511      
# span 11 =    34.8181,    34.9344      
# span 12 =    34.8218,    34.9361      
# span 13 =     6.0147,     7.3951      
# span 14 =    1471.85,    1492.00      
# span 15 =    27.3557,    27.8702      
# span 16 =    27.3573,    27.8705      
# span 17 = 0.0000e+00, 0.0000e+00      
# interval = decibars: 1                
# start_time = Jun 18 2018 20:06:05 [System UTC, first data scan.]
# bad_flag = -9.990e-29
*END*
[from data line 724]
    727.000     3.8294     3.8294   3.265101   3.265239     2.1979    -0.3838     0.3631    34.9070 1.9156e+03    718.888    34.9069    34.9085     6.1820    1477.73    27.7353    27.7366 0.0000e+00
    728.000     3.8298     3.8303   3.265224   3.265372     2.1980    -0.3669     0.3683    34.9073 1.9348e+03    719.876    34.9074    34.9086     6.1829    1477.75    27.7357    27.7366 0.0000e+00
    729.000     3.8309     3.8311   3.265351   3.265494     2.1974    -0.3653     0.3639    34.9071 1.9344e+03    720.863    34.9072    34.9087     6.1815    1477.77    27.7354    27.7366 0.0000e+00
    730.000     3.8312     3.8312   3.265431   3.265553     2.1968    -0.3336     0.3874    34.9073 1.9227e+03    721.850    34.9074    34.9088     6.1801    1477.79    27.7355    27.7366 0.0000e+00
    731.000     3.8313     3.8314   3.265461   3.265609     2.1964    -0.3576     0.3811    34.9072 1.9112e+03    722.837    34.9071    34.9087     6.1794    1477.80    27.7353    27.7366 0.0000e+00
    732.000     3.8296     3.8301   3.265324   3.265510     2.1962    -0.3584     0.3777    34.9069 1.9040e+03    723.824    34.9068    34.9084     6.1799    1477.81    27.7352    27.7364 0.0000e+00
    733.000     3.8290     3.8291   3.265337   3.265465     2.1964    -0.3561     0.3752    34.9070 1.9127e+03    724.811    34.9069    34.9084     6.1813    1477.83    27.7354    27.7366 0.0000e+00
    734.000     3.8293     3.8297   3.265409   3.265579     2.1963    -0.3651     0.3683    34.9070 1.9477e+03    725.798    34.9070    34.9085     6.1818    1477.84    27.7354    27.7366 0.0000e+00
    735.000     3.8289     3.8288   3.265414   3.265538     2.1963    -0.3673     0.3633    34.9070 1.9609e+03    726.785    34.9070    34.9085     6.1825    1477.86    27.7355    27.7367 0.0000e+00
    736.000     3.8287     3.8286   3.265455   3.265569     2.1967    -0.3898     0.3684    34.9071 1.9046e+03    727.772    34.9071    34.9086     6.1850    1477.88    27.7356    27.7367 0.0000e+00
    737.000     3.8283     3.8284   3.265478   3.265607     2.1966    -0.3723     0.3645    34.9072 1.7871e+03    728.759    34.9073    34.9087     6.1855    1477.89    27.7358    27.7369 0.0000e+00
    738.000     3.8284     3.8285   3.265426   3.265587     2.1959    -0.3718     0.3661    34.9067 1.7077e+03    729.747    34.9061    34.9078     6.1838    1477.91    27.7348    27.7362 0.0000e+00
    739.000     3.8234     3.8229   3.265083   3.265155     2.1956    -0.3667     0.3724    34.9070 1.7577e+03    730.734    34.9068    34.9082     6.1841    1477.90    27.7359    27.7370 0.0000e+00
    740.000     3.8226     3.8226   3.265056   3.265193     2.1949    -0.3813     0.3668    34.9069 1.8193e+03    731.721    34.9067    34.9084     6.1824    1477.92    27.7359    27.7372 0.0000e+00
    741.000     3.8227     3.8236   3.265084   3.265323     2.1944    -0.3650     0.3632    34.9068 1.8993e+03    732.708    34.9065    34.9083     6.1814    1477.93    27.7358    27.7371 0.0000e+00
    742.000     3.8191     3.8199   3.264817   3.265005     2.1944    -0.3876     0.3678    34.9069 1.8282e+03    733.695    34.9066    34.9080     6.1828    1477.93    27.7362    27.7373 0.0000e+00
    743.000     3.8184     3.8185   3.264797   3.264951     2.1943    -0.3656     0.3678    34.9069 1.7328e+03    734.682    34.9066    34.9083     6.1835    1477.95    27.7363    27.7376 0.0000e+00
    744.000     3.8145     3.8148   3.264431   3.264607     2.1943    -0.3831     0.3645    34.9065 1.7686e+03    735.669    34.9058    34.9076     6.1850    1477.95    27.7361    27.7374 0.0000e+00
    745.000     3.8125     3.8126   3.264354   3.264494     2.1936    -0.3800     0.3628    34.9068 1.7617e+03    736.656    34.9065    34.9081     6.1837    1477.96    27.7368    27.7380 0.0000e+00
    746.000     3.8122     3.8123   3.264364   3.264509     2.1932    -0.3635     0.3651    34.9068 1.8116e+03    737.643    34.9064    34.9081     6.1830    1477.97    27.7368    27.7381 0.0000e+00
    747.000     3.8088     3.8092   3.264028   3.264217     2.1932    -0.3489     0.3770    34.9063 1.8294e+03    738.630    34.9055    34.9073     6.1842    1477.97    27.7364    27.7378 0.0000e+00
    748.000     3.8061     3.8064   3.263875   3.264032     2.1932    -0.3867     0.3640    34.9065 1.7877e+03    739.617    34.9060    34.9076     6.1854    1477.98    27.7371    27.7384 0.0000e+00
    749.000     3.8054     3.8054   3.263862   3.263983     2.1932    -0.3734     0.3608    34.9065 1.8555e+03    740.604    34.9061    34.9076     6.1864    1477.99    27.7373    27.7385 0.0000e+00
    750.000     3.8053     3.8051   3.263912   3.264014     2.1931    -0.3662     0.3762    34.9065 1.8568e+03    741.591    34.9063    34.9077     6.1870    1478.01    27.7374    27.7386 0.0000e+00
    751.000     3.8051     3.8051   3.263931   3.264064     2.1928    -0.3671     0.3620    34.9064 1.9058e+03    742.578    34.9062    34.9078     6.1866    1478.02    27.7373    27.7387 0.0000e+00
    752.000     3.8045     3.8045   3.263927   3.264053     2.1921    -0.3708     0.3629    34.9066 1.9575e+03    743.565    34.9063    34.9078     6.1850    1478.04    27.7376    27.7387 0.0000e+00
    753.000     3.8040     3.8041   3.263896   3.264050     2.1920    -0.3650     0.3658    34.9062 1.9684e+03    744.552    34.9059    34.9076     6.1857    1478.05    27.7373    27.7386 0.0000e+00
    754.000     3.8036     3.8037   3.263933   3.264063     2.1917    -0.3662     0.3683    34.9064 1.9637e+03    745.539    34.9062    34.9077     6.1852    1478.07    27.7376    27.7387 0.0000e+00
    755.000     3.8036     3.8036   3.263969   3.264101     2.1908    -0.3916     0.3632    34.9064 1.9562e+03    746.526    34.9062    34.9077     6.1829    1478.08    27.7375    27.7388 0.0000e+00
    756.000     3.8034     3.8034   3.263990   3.264124     2.1898    -0.3888     0.3676    34.9063 1.9469e+03    747.513    34.9061    34.9077     6.1801    1478.10    27.7375    27.7388 0.0000e+00
    757.000     3.8032     3.8031   3.264011   3.264137     2.1895    -0.3718     0.3629    34.9062 1.7321e+03    748.500    34.9061    34.9076     6.1798    1478.11    27.7375    27.7388 0.0000e+00
    758.000     3.8030     3.8031   3.264051   3.264181     2.1898    -0.3760     0.3632    34.9063 1.6245e+03    749.487    34.9062    34.9077     6.1815    1478.13    27.7376    27.7388 0.0000e+00
    759.000     3.8015     3.8020   3.263930   3.264122     2.1904    -0.3852     0.3629    34.9061 1.7278e+03    750.474    34.9059    34.9076     6.1850    1478.14    27.7375    27.7389 0.0000e+00
    760.000     3.8004     3.8006   3.263839   3.263991     2.1908    -0.3712     0.3704    34.9060 1.8457e+03    751.461    34.9054    34.9070     6.1874    1478.15    27.7373    27.7386 0.0000e+00
    761.000     3.7969     3.7973   3.263609   3.263783     2.1908    -0.3770     0.3702    34.9061 1.8629e+03    752.448    34.9058    34.9075     6.1887    1478.15    27.7380    27.7393 0.0000e+00
    762.000     3.7962     3.7972   3.263582   3.263779     2.1908    -0.3882     0.3628    34.9061 1.8850e+03    753.435    34.9057    34.9071     6.1896    1478.17    27.7380    27.7389 0.0000e+00
    763.000     3.7957     3.7956   3.263580   3.263695     2.1908    -0.3737     0.3629    34.9060 1.8745e+03    754.422    34.9058    34.9072     6.1905    1478.18    27.7381    27.7392 0.0000e+00
    764.000     3.7954     3.7953   3.263583   3.263699     2.1904    -0.3801     0.3629    34.9057 1.8601e+03    755.409    34.9056    34.9071     6.1899    1478.20    27.7380    27.7392 0.0000e+00
    765.000     3.7961     3.7959   3.263682   3.263807     2.1882    -0.3851     0.3647    34.9057 1.8820e+03    756.396    34.9055    34.9071     6.1827    1478.22    27.7379    27.7392 0.0000e+00
    766.000     3.7960     3.7963   3.263708   3.263883     2.1871    -0.3836     0.3692    34.9057 1.7732e+03    757.383    34.9054    34.9072     6.1793    1478.23    27.7378    27.7392 0.0000e+00
    767.000     3.7938     3.7940   3.263574   3.263703     2.1871    -0.3719     0.3680    34.9057 1.5742e+03    758.370    34.9056    34.9069     6.1806    1478.24    27.7381    27.7392 0.0000e+00
    768.000     3.7931     3.7936   3.263532   3.263733     2.1871    -0.3693     0.3656    34.9056 1.4774e+03    759.357    34.9053    34.9072     6.1813    1478.25    27.7380    27.7395 0.0000e+00
    769.000     3.7916     3.7919   3.263471   3.263601     2.1871    -0.3658     0.3659    34.9059 1.5047e+03    760.343    34.9057    34.9069     6.1827    1478.26    27.7385    27.7394 0.0000e+00
    770.000     3.7919     3.7917   3.263545   3.263656     2.1871    -0.3440     0.3968    34.9059 1.5683e+03    761.330    34.9057    34.9072     6.1831    1478.28    27.7385    27.7397 0.0000e+00
    771.000     3.7920     3.7918   3.263590   3.263702     2.1871    -0.3651     0.3804    34.9057 1.6181e+03    762.317    34.9056    34.9071     6.1842    1478.30    27.7384    27.7396 0.0000e+00
    772.000     3.7922     3.7921   3.263654   3.263769     2.1872    -0.3774     0.3666    34.9057 1.7212e+03    763.304    34.9056    34.9071     6.1850    1478.32    27.7384    27.7396 0.0000e+00
    773.000     3.7930     3.7929   3.263756   3.263878     2.1871    -0.3653     0.3686    34.9055 1.8102e+03    764.291    34.9055    34.9070     6.1855    1478.33    27.7382    27.7394 0.0000e+00
    774.000     3.7925     3.7923   3.263773   3.263880     2.1872    -0.3908     0.3628    34.9058 1.8560e+03    765.278    34.9057    34.9072     6.1866    1478.35    27.7384    27.7396 0.0000e+00
    775.000     3.7919     3.7919   3.263777   3.263889     2.1872    -0.3748     0.3664    34.9058 1.8947e+03    766.265    34.9058    34.9072     6.1875    1478.36    27.7386    27.7397 0.0000e+00
    776.000     3.7920     3.7920   3.263838   3.263951     2.1870    -0.3697     0.3682    34.9060 1.9333e+03    767.252    34.9059    34.9073     6.1876    1478.38    27.7387    27.7397 0.0000e+00
    777.000     3.7920     3.7919   3.263853   3.263996     2.1862    -0.3698     0.3681    34.9058 1.9523e+03    768.239    34.9057    34.9074     6.1856    1478.40    27.7385    27.7399 0.0000e+00
    778.000     3.7914     3.7914   3.263842   3.263971     2.1860    -0.3743     0.3699    34.9057 1.9450e+03    769.226    34.9057    34.9071     6.1856    1478.41    27.7385    27.7397 0.0000e+00
    779.000     3.7908     3.7908   3.263812   3.263948     2.1860    -0.3816     0.3726    34.9055 1.9399e+03    770.212    34.9054    34.9070     6.1865    1478.42    27.7384    27.7397 0.0000e+00
    780.000     3.7901     3.7901   3.263806   3.263916     2.1865    -0.3634     0.3645    34.9056 1.8425e+03    771.199    34.9055    34.9069     6.1895    1478.44    27.7385    27.7397 0.0000e+00
    781.000     3.7893     3.7892   3.263775   3.263893     2.1862    -0.3735     0.3628    34.9056 1.9023e+03    772.186    34.9055    34.9070     6.1893    1478.45    27.7386    27.7398 0.0000e+00
    782.000     3.7881     3.7884   3.263691   3.263862     2.1862    -0.3883     0.3629    34.9055 1.9546e+03    773.173    34.9052    34.9070     6.1902    1478.46    27.7386    27.7399 0.0000e+00
    783.000     3.7871     3.7869   3.263658   3.263763     2.1861    -0.3560     0.3674    34.9056 1.9485e+03    774.160    34.9054    34.9068     6.1907    1478.47    27.7388    27.7400 0.0000e+00
    784.000     3.7857     3.7853   3.263536   3.263636     2.1863    -0.3536     0.3664    34.9053 1.8852e+03    775.147    34.9049    34.9065     6.1926    1478.48    27.7386    27.7399 0.0000e+00
    785.000     3.7848     3.7845   3.263532   3.263642     2.1860    -0.3712     0.3630    34.9055 1.8662e+03    776.134    34.9053    34.9069     6.1925    1478.50    27.7390    27.7403 0.0000e+00
    786.000     3.7841     3.7841   3.263509   3.263635     2.1859    -0.3643     0.3605    34.9054 1.8344e+03    777.120    34.9052    34.9067     6.1931    1478.51    27.7390    27.7402 0.0000e+00
    787.000     3.7830     3.7833   3.263441   3.263606     2.1856    -0.3667     0.3648    34.9053 1.8981e+03    778.107    34.9051    34.9067     6.1929    1478.52    27.7390    27.7402 0.0000e+00
    788.000     3.7814     3.7815   3.263335   3.263475     2.1856    -0.3587     0.3683    34.9053 1.9260e+03    779.094    34.9050    34.9065     6.1940    1478.53    27.7391    27.7403 0.0000e+00
    789.000     3.7802     3.7804   3.263286   3.263427     2.1851    -0.3459     0.3680    34.9053 1.9375e+03    780.081    34.9051    34.9067     6.1930    1478.55    27.7393    27.7405 0.0000e+00
    790.000     3.7796     3.7796   3.263263   3.263384     2.1847    -0.3090     0.3773    34.9052 1.9494e+03    781.068    34.9049    34.9065     6.1925    1478.56    27.7392    27.7405 0.0000e+00
    791.000     3.7781     3.7781   3.263174   3.263295     2.1847    -0.3595     0.3727    34.9052 1.9597e+03    782.055    34.9050    34.9065     6.1935    1478.57    27.7394    27.7406 0.0000e+00
    792.000     3.7781     3.7781   3.263250   3.263358     2.1844    -0.3707     0.3684    34.9054 1.9619e+03    783.041    34.9053    34.9066     6.1932    1478.59    27.7397    27.7408 0.0000e+00
    793.000     3.7790     3.7789   3.263365   3.263471     2.1842    -0.3545     0.3753    34.9053 1.9591e+03    784.028    34.9052    34.9066     6.1933    1478.61    27.7396    27.7407 0.0000e+00
    794.000     3.7789     3.7791   3.263381   3.263523     2.1832    -0.3678     0.3813    34.9051 1.9508e+03    785.015    34.9050    34.9066     6.1905    1478.62    27.7394    27.7406 0.0000e+00
    795.000     3.7783     3.7784   3.263369   3.263498     2.1828    -0.3584     0.3663    34.9051 1.9458e+03    786.002    34.9050    34.9065     6.1899    1478.64    27.7395    27.7406 0.0000e+00
    796.000     3.7762     3.7764   3.263201   3.263359     2.1833    -0.3574     0.3629    34.9050 1.9484e+03    786.989    34.9047    34.9064     6.1928    1478.64    27.7395    27.7408 0.0000e+00
    797.000     3.7759     3.7755   3.263225   3.263316     2.1836    -0.3712     0.3668    34.9050 1.9566e+03    787.975    34.9048    34.9063     6.1948    1478.66    27.7396    27.7408 0.0000e+00
    798.000     3.7758     3.7758   3.263276   3.263401     2.1834    -0.3719     0.3604    34.9051 1.9591e+03    788.962    34.9050    34.9065     6.1949    1478.67    27.7398    27.7410 0.0000e+00
    799.000     3.7751     3.7747   3.263226   3.263327     2.1827    -0.3670     0.3620    34.9049 1.9591e+03    789.949    34.9046    34.9062     6.1931    1478.69    27.7395    27.7408 0.0000e+00
    800.000     3.7726     3.7723   3.263047   3.263152     2.1824    -0.3874     0.3629    34.9049 1.9605e+03    790.936    34.9046    34.9063     6.1933    1478.69    27.7398    27.7411 0.0000e+00
    801.000     3.7714     3.7715   3.263003   3.263132     2.1824    -0.3627     0.3663    34.9051 1.9610e+03    791.923    34.9049    34.9063     6.1944    1478.71    27.7401    27.7412 0.0000e+00
    802.000     3.7711     3.7711   3.263001   3.263137     2.1822    -0.3601     0.3683    34.9049 1.9618e+03    792.909    34.9046    34.9062     6.1945    1478.72    27.7399    27.7412 0.0000e+00
    803.000     3.7690     3.7692   3.262806   3.262985     2.1824    -0.3919     0.3683    34.9047 1.9622e+03    793.896    34.9040    34.9060     6.1964    1478.73    27.7397    27.7412 0.0000e+00
    804.000     3.7637     3.7631   3.262347   3.262406     2.1824    -0.3691     0.3682    34.9042 1.9615e+03    794.883    34.9037    34.9050     6.1982    1478.72    27.7399    27.7411 0.0000e+00
    805.000     3.7617     3.7614   3.262215   3.262323     2.1824    -0.2883     0.4233    34.9044 1.9233e+03    795.870    34.9037    34.9053     6.1992    1478.73    27.7402    27.7415 0.0000e+00
    806.000     3.7601     3.7599   3.262160   3.262263     2.1814    -0.3686     0.3614    34.9045 1.7982e+03    796.856    34.9042    34.9057     6.1966    1478.74    27.7408    27.7420 0.0000e+00
