Ship_data/Irminger/Irminger-5/ctd/process/dar30-03016.cnv
* Sea-Bird SBE 9 Data File:
* FileName = D:\Data\ar30-03016.hdr
* Software Version Seasave V 7.23.2
* Temperature SN = 4312
* Conductivity SN = 2148
* Number of Bytes Per Scan = 44
* Number of Voltage Words = 5
* Number of Scans Averaged by the Deck Unit = 1
* NMEA Latitude = 59 52.71 N
* NMEA Longitude = 041 08.31 W
* NMEA UTC (Time) = Jun 17 2018  12:01:00
** Cruise ID: ar30-03
** Chief Sci: Macdonald
** Station #: 016
** Site ID: Irminger 5 OSNAP M1
** cast at osnap mooring M1
# nquan = 18
# nvalues = 2072                        
# units = specified
# name 0 = prDM: Pressure, Digiquartz [db]
# name 1 = t090C: Temperature [ITS-90, deg C]
# name 2 = t190C: Temperature, 2 [ITS-90, deg C]
# name 3 = c0S/m: Conductivity [S/m]
# name 4 = c1S/m: Conductivity, 2 [S/m]
# name 5 = sbeox0V: Oxygen raw, SBE 43 [V]
# name 6 = flECO-AFL: Fluorescence, WET Labs ECO-AFL/FL [mg/m^3]
# name 7 = turbWETntu0: Turbidity, WET Labs ECO [NTU]
# name 8 = sal00: Salinity, Practical [PSU]
# name 9 = spar: SPAR/Surface Irradiance
# name 10 = depSM: Depth [salt water, m], lat = 59.8785
# name 11 = sal00: Salinity, Practical [PSU]
# name 12 = sal11: Salinity, Practical, 2 [PSU]
# name 13 = sbeox0ML/L: Oxygen, SBE 43 [ml/l], WS = 2
# name 14 = svCM: Sound Velocity [Chen-Millero, m/s]
# name 15 = sigma-é00: Density [sigma-theta, kg/m^3]
# name 16 = sigma-é11: Density, 2 [sigma-theta, kg/m^3]
# name 17 = flag: flag
# span 0 =      4.000,   2075.000       
# span 1 =     2.1683,     6.3118       
# span 2 =     2.1688,     6.3128       
# span 3 =   3.171278,   3.446223       
# span 4 =   3.171386,   3.446704       
# span 5 =     1.8912,     2.9716       
# span 6 =    -0.4182,    18.3218       
# span 7 =     0.3433,     0.7165       
# span 8 =    34.7858,    34.9265       
# span 9 = 1.3062e+03, 2.9526e+03       
# span 10 =      3.962,   2045.317      
# span 11 =    34.7858,    34.9263      
# span 12 =    34.7901,    34.9271      
# span 13 =     5.9640,     7.6998      
# span 14 =    1473.13,    1493.10      
# span 15 =    27.3431,    27.8804      
# span 16 =    27.3464,    27.8807      
# span 17 = 0.0000e+00, 0.0000e+00      
# interval = decibars: 1                
# start_time = Jun 17 2018 12:01:00 [System UTC, first data scan.]
# bad_flag = -9.990e-29
*END*
[from data line 403]
    407.000     4.3538     4.3535   3.298412   3.298568     2.2927    -0.3830     0.3706    34.9147 2.6030e+03    402.770    34.9138    34.9159     6.1746    1474.65    27.6832    27.6848 0.0000e+00
    408.000     4.3526     4.3525   3.298361   3.298526     2.2934    -0.3870     0.3709    34.9146 2.5841e+03    403.759    34.9139    34.9159     6.1780    1474.66    27.6834    27.6850 0.0000e+00
    409.000     4.3525     4.3522   3.298416   3.298566     2.2932    -0.3652     0.3683    34.9147 2.5706e+03    404.747    34.9141    34.9162     6.1783    1474.68    27.6836    27.6852 0.0000e+00
    410.000     4.3518     4.3514   3.298410   3.298542     2.2929    -0.3683     0.3678    34.9148 2.5626e+03    405.736    34.9143    34.9162     6.1783    1474.69    27.6838    27.6853 0.0000e+00
    411.000     4.3518     4.3516   3.298460   3.298615     2.2929    -0.3661     0.3686    34.9148 2.5555e+03    406.725    34.9143    34.9163     6.1790    1474.71    27.6838    27.6854 0.0000e+00
    412.000     4.3518     4.3516   3.298506   3.298656     2.2928    -0.3929     0.3725    34.9147 2.5474e+03    407.713    34.9143    34.9163     6.1793    1474.72    27.6838    27.6854 0.0000e+00
    413.000     4.3509     4.3507   3.298451   3.298619     2.2922    -0.3904     0.3726    34.9147 2.5414e+03    408.702    34.9141    34.9163     6.1783    1474.74    27.6837    27.6855 0.0000e+00
    414.000     4.3498     4.3495   3.298423   3.298574     2.2921    -0.3922     0.3726    34.9149 2.5366e+03    409.690    34.9145    34.9165     6.1789    1474.75    27.6842    27.6858 0.0000e+00
    415.000     4.3477     4.3477   3.298278   3.298460     2.2915    -0.3740     0.3739    34.9152 2.5341e+03    410.679    34.9144    34.9165     6.1781    1474.76    27.6843    27.6861 0.0000e+00
    416.000     4.3481     4.3479   3.298369   3.298512     2.2895    -0.3606     0.3756    34.9148 2.5578e+03    411.668    34.9145    34.9164     6.1719    1474.78    27.6844    27.6859 0.0000e+00
    417.000     4.3362     4.3360   3.297184   3.297467     2.2869    -0.3639     0.3725    34.9147 2.6015e+03    412.656    34.9126    34.9162     6.1656    1474.74    27.6842    27.6870 0.0000e+00
    418.000     4.3170     4.3176   3.295286   3.295661     2.2861    -0.3774     0.3703    34.9131 2.6157e+03    413.645    34.9100    34.9139     6.1668    1474.67    27.6842    27.6872 0.0000e+00
    419.000     4.2980     4.2978   3.293522   3.293793     2.2882    -0.3889     0.3697    34.9118 2.6240e+03    414.633    34.9089    34.9122     6.1781    1474.61    27.6854    27.6880 0.0000e+00
    420.000     4.2899     4.2898   3.292898   3.293069     2.2911    -0.3901     0.3725    34.9115 2.6282e+03    415.622    34.9095    34.9116     6.1903    1474.59    27.6868    27.6884 0.0000e+00
    421.000     4.2869     4.2868   3.292619   3.292821     2.2938    -0.3680     0.3772    34.9109 2.6324e+03    416.611    34.9088    34.9113     6.2008    1474.60    27.6865    27.6885 0.0000e+00
    422.000     4.2824     4.2823   3.292229   3.292417     2.2970    -0.3621     0.3760    34.9105 2.6354e+03    417.599    34.9086    34.9108     6.2136    1474.59    27.6868    27.6886 0.0000e+00
    423.000     4.2819     4.2817   3.292288   3.292419     2.2993    -0.3634     0.3727    34.9105 2.6387e+03    418.588    34.9091    34.9109     6.2223    1474.61    27.6873    27.6888 0.0000e+00
    424.000     4.2820     4.2818   3.292331   3.292472     2.3019    -0.3663     0.3726    34.9103 2.6493e+03    419.576    34.9090    34.9109     6.2324    1474.63    27.6872    27.6888 0.0000e+00
    425.000     4.2806     4.2803   3.292244   3.292369     2.3043    -0.3897     0.3681    34.9101 2.6769e+03    420.565    34.9090    34.9108     6.2416    1474.64    27.6873    27.6888 0.0000e+00
    426.000     4.2794     4.2790   3.292126   3.292295     2.3063    -0.3737     0.3739    34.9097 2.7056e+03    421.553    34.9084    34.9107     6.2496    1474.65    27.6870    27.6889 0.0000e+00
    427.000     4.2749     4.2763   3.291775   3.292073     2.3081    -0.3649     0.3732    34.9093 2.7209e+03    422.542    34.9084    34.9104     6.2573    1474.65    27.6875    27.6890 0.0000e+00
    428.000     4.2733     4.2724   3.291643   3.291728     2.3094    -0.3697     0.3726    34.9090 2.7270e+03    423.530    34.9081    34.9100     6.2631    1474.65    27.6875    27.6891 0.0000e+00
    429.000     4.2751     4.2752   3.291888   3.292064     2.3101    -0.3637     0.3726    34.9093 2.7235e+03    424.519    34.9085    34.9105     6.2661    1474.68    27.6876    27.6892 0.0000e+00
    430.000     4.2662     4.2671   3.290917   3.291244     2.3106    -0.3432     0.3726    34.9079 2.7162e+03    425.508    34.9060    34.9089     6.2702    1474.66    27.6866    27.6888 0.0000e+00
    431.000     4.2611     4.2614   3.290510   3.290761     2.3110    -0.3579     0.3844    34.9076 2.7073e+03    426.496    34.9060    34.9087     6.2732    1474.65    27.6872    27.6892 0.0000e+00
    432.000     4.2552     4.2555   3.289968   3.290201     2.3123    -0.3642     0.3921    34.9068 2.6963e+03    427.485    34.9053    34.9078     6.2795    1474.64    27.6872    27.6891 0.0000e+00
    433.000     4.2509     4.2515   3.289602   3.289869     2.3143    -0.3684     0.3706    34.9066 2.6819e+03    428.473    34.9051    34.9075     6.2879    1474.64    27.6875    27.6894 0.0000e+00
    434.000     4.2453     4.2465   3.289092   3.289408     2.3165    -0.3669     0.3711    34.9059 2.6609e+03    429.462    34.9044    34.9068     6.2975    1474.63    27.6876    27.6894 0.0000e+00
    435.000     4.2332     4.2337   3.287910   3.288186     2.3205    -0.3545     0.3742    34.9047 2.6230e+03    430.450    34.9027    34.9054     6.3144    1474.60    27.6875    27.6896 0.0000e+00
    436.000     4.2281     4.2277   3.287589   3.287730     2.3250    -0.3529     0.3777    34.9053 2.5843e+03    431.439    34.9038    34.9059     6.3315    1474.59    27.6890    27.6907 0.0000e+00
    437.000     4.2149     4.2146   3.286352   3.286541     2.3254    -0.3470     0.3775    34.9046 2.5631e+03    432.427    34.9027    34.9052     6.3359    1474.55    27.6895    27.6915 0.0000e+00
    438.000     4.2086     4.2077   3.285779   3.285919     2.3260    -0.3642     0.3737    34.9041 2.5488e+03    433.416    34.9020    34.9046     6.3400    1474.54    27.6896    27.6918 0.0000e+00
    439.000     4.2003     4.2005   3.284966   3.285262     2.3269    -0.3490     0.3726    34.9035 2.5370e+03    434.404    34.9006    34.9039     6.3453    1474.52    27.6894    27.6920 0.0000e+00
    440.000     4.1832     4.1832   3.283322   3.283611     2.3278    -0.3516     0.3742    34.9020 2.5263e+03    435.393    34.8988    34.9023     6.3523    1474.47    27.6898    27.6925 0.0000e+00
    441.000     4.1762     4.1762   3.282838   3.283008     2.3295    -0.3682     0.3776    34.9020 2.5156e+03    436.381    34.9000    34.9020     6.3602    1474.46    27.6915    27.6931 0.0000e+00
    442.000     4.1672     4.1658   3.281878   3.282019     2.3317    -0.3650     0.3775    34.9011 2.5048e+03    437.370    34.8976    34.9008     6.3704    1474.43    27.6906    27.6932 0.0000e+00
    443.000     4.1600     4.1597   3.281308   3.281506     2.3345    -0.3230     0.3855    34.9007 2.4866e+03    438.358    34.8981    34.9007     6.3821    1474.42    27.6917    27.6938 0.0000e+00
    444.000     4.1529     4.1528   3.280746   3.280892     2.3387    -0.3445     0.3793    34.9002 2.4547e+03    439.346    34.8984    34.9002     6.3988    1474.41    27.6927    27.6942 0.0000e+00
    445.000     4.1481     4.1488   3.280318   3.280591     2.3423    -0.3453     0.3774    34.8999 2.4680e+03    440.335    34.8979    34.9004     6.4131    1474.40    27.6928    27.6947 0.0000e+00
    446.000     4.1303     4.1268   3.278426   3.278504     2.3425    -0.3480     0.3775    34.8987 2.5054e+03    441.323    34.8938    34.8985     6.4180    1474.34    27.6915    27.6955 0.0000e+00
    447.000     4.1114     4.1114   3.277042   3.277214     2.3429    -0.3445     0.3775    34.8993 2.5361e+03    442.312    34.8970    34.8989     6.4231    1474.28    27.6960    27.6975 0.0000e+00
    448.000     4.1091     4.1091   3.276779   3.277009     2.3435    -0.3439     0.3775    34.8986 2.5644e+03    443.300    34.8957    34.8984     6.4264    1474.29    27.6952    27.6974 0.0000e+00
    449.000     4.0899     4.0893   3.274785   3.275146     2.3448    -0.3428     0.3778    34.8974 2.5858e+03    444.289    34.8919    34.8968     6.4354    1474.22    27.6942    27.6982 0.0000e+00
    450.000     4.0675     4.0678   3.273035   3.273295     2.3458    -0.3639     0.3775    34.8982 2.5904e+03    445.277    34.8945    34.8973     6.4434    1474.14    27.6986    27.7008 0.0000e+00
    451.000     4.0611     4.0608   3.272541   3.272696     2.3474    -0.3645     0.3775    34.8980 2.5741e+03    446.266    34.8949    34.8970     6.4508    1474.13    27.6996    27.7014 0.0000e+00
    452.000     4.0561     4.0557   3.272161   3.272297     2.3490    -0.3608     0.3791    34.8977 2.5561e+03    447.254    34.8951    34.8971     6.4584    1474.13    27.7003    27.7020 0.0000e+00
    453.000     4.0530     4.0528   3.271935   3.272095     2.3491    -0.3524     0.3848    34.8975 2.5571e+03    448.242    34.8952    34.8973     6.4600    1474.13    27.7008    27.7025 0.0000e+00
    454.000     4.0488     4.0489   3.271629   3.271811     2.3489    -0.3696     0.3811    34.8977 2.5720e+03    449.231    34.8955    34.8975     6.4609    1474.13    27.7014    27.7030 0.0000e+00
    455.000     4.0471     4.0470   3.271550   3.271693     2.3487    -0.3645     0.3775    34.8977 2.5836e+03    450.219    34.8959    34.8977     6.4612    1474.14    27.7019    27.7034 0.0000e+00
    456.000     4.0432     4.0432   3.271192   3.271399     2.3478    -0.3645     0.3775    34.8975 2.5925e+03    451.208    34.8952    34.8976     6.4595    1474.14    27.7018    27.7037 0.0000e+00
    457.000     4.0406     4.0404   3.271039   3.271207     2.3477    -0.3475     0.3747    34.8975 2.5972e+03    452.196    34.8956    34.8978     6.4604    1474.15    27.7024    27.7041 0.0000e+00
    458.000     4.0358     4.0358   3.270657   3.270835     2.3475    -0.3600     0.3758    34.8974 2.5952e+03    453.184    34.8956    34.8978     6.4615    1474.15    27.7029    27.7046 0.0000e+00
    459.000     4.0330     4.0329   3.270515   3.270667     2.3473    -0.3620     0.3775    34.8977 2.5796e+03    454.173    34.8964    34.8983     6.4620    1474.15    27.7038    27.7053 0.0000e+00
    460.000     4.0329     4.0326   3.270543   3.270683     2.3462    -0.3418     0.3775    34.8974 2.5617e+03    455.161    34.8963    34.8983     6.4592    1474.17    27.7038    27.7054 0.0000e+00
    461.000     4.0325     4.0323   3.270567   3.270711     2.3452    -0.3612     0.3775    34.8974 2.5491e+03    456.150    34.8965    34.8984     6.4566    1474.18    27.7040    27.7055 0.0000e+00
    462.000     4.0330     4.0328   3.270709   3.270822     2.3450    -0.3671     0.3753    34.8977 2.5376e+03    457.138    34.8971    34.8987     6.4566    1474.20    27.7044    27.7057 0.0000e+00
    463.000     4.0317     4.0313   3.270581   3.270756     2.3450    -0.3608     0.3726    34.8978 2.5254e+03    458.126    34.8964    34.8989     6.4577    1474.21    27.7040    27.7060 0.0000e+00
    464.000     4.0269     4.0267   3.270225   3.270384     2.3450    -0.3639     0.3726    34.8978 2.5116e+03    459.115    34.8967    34.8988     6.4591    1474.21    27.7048    27.7065 0.0000e+00
    465.000     4.0234     4.0238   3.269917   3.270158     2.3439    -0.3557     0.3748    34.8976 2.4987e+03    460.103    34.8963    34.8988     6.4568    1474.21    27.7048    27.7067 0.0000e+00
    466.000     4.0192     4.0195   3.269559   3.269794     2.3428    -0.3455     0.3774    34.8973 2.4779e+03    461.091    34.8960    34.8984     6.4545    1474.21    27.7050    27.7069 0.0000e+00
    467.000     4.0119     4.0120   3.268951   3.269136     2.3423    -0.3439     0.3817    34.8973 2.4466e+03    462.080    34.8960    34.8981     6.4548    1474.19    27.7058    27.7074 0.0000e+00
    468.000     4.0062     4.0063   3.268540   3.268723     2.3416    -0.3734     0.3725    34.8977 2.4352e+03    463.068    34.8966    34.8986     6.4541    1474.19    27.7068    27.7085 0.0000e+00
    469.000     4.0012     4.0012   3.268082   3.268317     2.3400    -0.3794     0.3746    34.8977 2.4437e+03    464.056    34.8960    34.8988     6.4504    1474.18    27.7069    27.7091 0.0000e+00
    470.000     3.9867     3.9867   3.266697   3.266943     2.3394    -0.3670     0.3758    34.8966 2.4515e+03    465.045    34.8944    34.8973     6.4516    1474.14    27.7072    27.7095 0.0000e+00
    471.000     3.9819     3.9821   3.266454   3.266617     2.3401    -0.3632     0.3741    34.8970 2.4587e+03    466.033    34.8960    34.8977     6.4559    1474.13    27.7090    27.7103 0.0000e+00
    472.000     3.9850     3.9848   3.266845   3.266956     2.3402    -0.3688     0.3775    34.8976 2.4581e+03    467.021    34.8969    34.8984     6.4562    1474.17    27.7094    27.7106 0.0000e+00
    473.000     3.9891     3.9885   3.267371   3.267416     2.3402    -0.3678     0.3775    34.8985 2.4484e+03    468.010    34.8983    34.8994     6.4563    1474.20    27.7100    27.7110 0.0000e+00
    474.000     3.9899     3.9901   3.267444   3.267655     2.3395    -0.3651     0.3775    34.8986 2.4337e+03    468.998    34.8977    34.9000     6.4548    1474.22    27.7095    27.7113 0.0000e+00
    475.000     3.9913     3.9920   3.267816   3.267958     2.3383    -0.3664     0.3775    34.8997 2.4210e+03    469.986    34.9001    34.9011     6.4508    1474.25    27.7112    27.7120 0.0000e+00
    476.000     3.9998     3.9998   3.268705   3.268823     2.3353    -0.3761     0.3756    34.9009 2.4005e+03    470.975    34.9012    34.9025     6.4397    1474.30    27.7112    27.7123 0.0000e+00
    477.000     4.0032     4.0032   3.269111   3.269272     2.3290    -0.3703     0.3697    34.9019 2.3859e+03    471.963    34.9018    34.9037     6.4178    1474.33    27.7113    27.7129 0.0000e+00
    478.000     4.0010     4.0012   3.268937   3.269150     2.3242    -0.3845     0.3723    34.9020 2.3889e+03    472.951    34.9015    34.9038     6.4021    1474.34    27.7114    27.7132 0.0000e+00
    479.000     4.0009     4.0012   3.269027   3.269207     2.3213    -0.3491     0.3727    34.9023 2.3954e+03    473.940    34.9022    34.9040     6.3927    1474.35    27.7120    27.7134 0.0000e+00
    480.000     3.9994     3.9994   3.268892   3.269063     2.3193    -0.3841     0.3726    34.9019 2.4118e+03    474.928    34.9016    34.9037     6.3868    1474.36    27.7117    27.7133 0.0000e+00
    481.000     3.9987     3.9985   3.268871   3.269009     2.3177    -0.3643     0.3726    34.9019 2.4316e+03    475.916    34.9016    34.9035     6.3822    1474.38    27.7117    27.7132 0.0000e+00
    482.000     3.9993     3.9994   3.269007   3.269171     2.3168    -0.3521     0.3726    34.9020 2.4518e+03    476.905    34.9020    34.9039     6.3797    1474.40    27.7120    27.7135 0.0000e+00
    483.000     3.9996     4.0006   3.269082   3.269336     2.3158    -0.3461     0.3726    34.9020 2.4639e+03    477.893    34.9021    34.9040     6.3769    1474.41    27.7120    27.7135 0.0000e+00
    484.000     3.9988     3.9990   3.269023   3.269215     2.3150    -0.3649     0.3726    34.9018 2.4620e+03    478.881    34.9017    34.9037     6.3752    1474.43    27.7118    27.7134 0.0000e+00
    485.000     4.0001     3.9998   3.269246   3.269355     2.3145    -0.3621     0.3691    34.9022 2.4835e+03    479.869    34.9024    34.9040     6.3739    1474.45    27.7123    27.7136 0.0000e+00
