Ship_data/Irminger/Irminger-5/ctd/process/dar30-03002.cnv
* Sea-Bird SBE 9 Data File:
* FileName = D:\Data\ar30-03002.hdr
* Software Version Seasave V 7.23.2
* Temperature SN = 4230
* Conductivity SN = 2148
* Number of Bytes Per Scan = 44
* Number of Voltage Words = 5
* Number of Scans Averaged by the Deck Unit = 1
* NMEA Latitude = 62 29.54 N
* NMEA Longitude = 029 47.91 W
* NMEA UTC (Time) = Jun 06 2018  13:17:52
** Cruise ID: ar30-03
** Chief Sci: Macdonald
** Station #: 002
** Site ID: Irminger5 release testing
# nquan = 18
# nvalues = 865                         
# units = specified
# name 0 = prDM: Pressure, Digiquartz [db]
# name 1 = t090C: Temperature [ITS-90, deg C]
# name 2 = t190C: Temperature, 2 [ITS-90, deg C]
# name 3 = c0S/m: Conductivity [S/m]
# name 4 = c1S/m: Conductivity, 2 [S/m]
# name 5 = sbeox0V: Oxygen raw, SBE 43 [V]
# name 6 = flECO-AFL: Fluorescence, WET Labs ECO-AFL/FL [mg/m^3]
# name 7 = turbWETntu0: Turbidity, WET Labs ECO [NTU]
# name 8 = sal00: Salinity, Practical [PSU]
# name 9 = spar: SPAR/Surface Irradiance
# name 10 = depSM: Depth [salt water, m], lat = 62.4923
# name 11 = sal00: Salinity, Practical [PSU]
# name 12 = sal11: Salinity, Practical, 2 [PSU]
# name 13 = sbeox0ML/L: Oxygen, SBE 43 [ml/l], WS = 2
# name 14 = svCM: Sound Velocity [Chen-Millero, m/s]
# name 15 = sigma-é00: Density [sigma-theta, kg/m^3]
# name 16 = sigma-é11: Density, 2 [sigma-theta, kg/m^3]
# name 17 = flag: flag
# span 0 =      5.000,    869.000       
# span 1 =     4.3195,     7.2976       
# span 2 =     4.3201,     7.2973       
# span 3 =   3.318438,   3.553879       
# span 4 =   3.318556,   3.554014       
# span 5 =     2.1076,     2.8078       
# span 6 =    -0.4134,     4.9301       
# span 7 =     0.3556,     0.6784       
# span 8 =    34.9216,    34.9852       
# span 9 = 4.6292e+02, 7.9140e+02       
# span 10 =      4.952,    858.841      
# span 11 =    34.9166,    34.9927      
# span 12 =    34.9214,    34.9882      
# span 13 =     5.7566,     7.0045      
# span 14 =    1478.71,    1482.23      
# span 15 =    27.3566,    27.7153      
# span 16 =    27.3576,    27.7159      
# span 17 = 0.0000e+00, 0.0000e+00      
# interval = decibars: 1                
# start_time = Jun 06 2018 13:17:52 [System UTC, first data scan.]
# bad_flag = -9.990e-29
*END*
[from data line 805]
    810.000     4.4403     4.4407   3.326514   3.326595     2.1369    -0.3565     0.3595    34.9433 7.4941e+02    800.643    34.9427    34.9432     5.9244    1481.69    27.7003    27.7006 0.0000e+00
    811.000     4.4383     4.4393   3.326410   3.326552     2.1369    -0.3632     0.3601    34.9438 7.4329e+02    801.630    34.9430    34.9436     5.9255    1481.70    27.7008    27.7012 0.0000e+00
    812.000     4.4370     4.4375   3.326352   3.326460     2.1361    -0.3645     0.3586    34.9440 7.3668e+02    802.617    34.9431    34.9439     5.9238    1481.71    27.7010    27.7016 0.0000e+00
    813.000     4.4347     4.4353   3.326187   3.326296     2.1355    -0.3596     0.3605    34.9439 7.2973e+02    803.603    34.9431    34.9438     5.9226    1481.71    27.7013    27.7017 0.0000e+00
    814.000     4.4312     4.4317   3.325758   3.325950     2.1346    -0.3671     0.3586    34.9433 7.2294e+02    804.590    34.9413    34.9430     5.9206    1481.71    27.7002    27.7015 0.0000e+00
    815.000     4.4261     4.4267   3.325368   3.325527     2.1346    -0.3772     0.3586    34.9433 7.1627e+02    805.576    34.9416    34.9428     5.9222    1481.71    27.7010    27.7019 0.0000e+00
    816.000     4.4200     4.4203   3.324634   3.324886     2.1345    -0.3876     0.3585    34.9422 7.1056e+02    806.563    34.9389    34.9415     5.9235    1481.70    27.6996    27.7016 0.0000e+00
    817.000     4.4055     4.4062   3.323032   3.323445     2.1347    -0.3866     0.3580    34.9400 7.0580e+02    807.549    34.9349    34.9390     5.9278    1481.65    27.6979    27.7011 0.0000e+00
    818.000     4.3967     4.3972   3.322665   3.322731     2.1350    -0.3678     0.3589    34.9409 7.0393e+02    808.536    34.9394    34.9396     5.9309    1481.64    27.7025    27.7026 0.0000e+00
    819.000     4.3967     4.3972   3.322766   3.322790     2.1357    -0.3646     0.3600    34.9410 7.0411e+02    809.522    34.9400    34.9398     5.9341    1481.65    27.7029    27.7028 0.0000e+00
    820.000     4.4061     4.4074   3.323772   3.323899     2.1368    -0.3721     0.3585    34.9421 7.3194e+02    810.509    34.9414    34.9416     5.9371    1481.71    27.7031    27.7031 0.0000e+00
    821.000     4.4072     4.4084   3.324163   3.324139     2.1344    -0.3656     0.3631    34.9421 7.6382e+02    811.495    34.9443    34.9428     5.9290    1481.73    27.7053    27.7039 0.0000e+00
    822.000     4.4109     4.4112   3.324176   3.324370     2.1346    -0.3634     0.3629    34.9422 7.5451e+02    812.482    34.9401    34.9420     5.9302    1481.76    27.7015    27.7030 0.0000e+00
    823.000     4.4039     4.4043   3.323891   3.323934     2.1345    -0.3743     0.3623    34.9439 7.4549e+02    813.468    34.9436    34.9436     5.9315    1481.75    27.7051    27.7051 0.0000e+00
    824.000     4.4058     4.4061   3.324188   3.324201     2.1345    -0.3854     0.3584    34.9446 7.3511e+02    814.454    34.9445    34.9444     5.9319    1481.78    27.7056    27.7055 0.0000e+00
    825.000     4.4078     4.4082   3.324428   3.324459     2.1345    -0.3872     0.3591    34.9448 7.2440e+02    815.441    34.9447    34.9447     5.9323    1481.80    27.7055    27.7055 0.0000e+00
    826.000     4.4078     4.4080   3.324443   3.324512     2.1336    -0.3894     0.3591    34.9451 7.1654e+02    816.427    34.9444    34.9450     5.9297    1481.82    27.7053    27.7058 0.0000e+00
    827.000     4.4063     4.4067   3.324347   3.324432     2.1330    -0.3841     0.3590    34.9450 7.0977e+02    817.414    34.9443    34.9449     5.9288    1481.83    27.7054    27.7059 0.0000e+00
    828.000     4.4048     4.4053   3.324230   3.324356     2.1318    -0.3804     0.3584    34.9450 7.0710e+02    818.400    34.9440    34.9449     5.9254    1481.84    27.7054    27.7060 0.0000e+00
    829.000     4.4028     4.4041   3.324083   3.324249     2.1290    -0.3659     0.3580    34.9445 7.2977e+02    819.387    34.9440    34.9445     5.9164    1481.85    27.7055    27.7058 0.0000e+00
    830.000     4.3999     4.4002   3.323836   3.323910     2.1270    -0.3620     0.3590    34.9442 7.6769e+02    820.373    34.9436    34.9441     5.9103    1481.85    27.7056    27.7059 0.0000e+00
    831.000     4.3954     4.3959   3.323452   3.323555     2.1253    -0.3868     0.3687    34.9440 7.6439e+02    821.360    34.9433    34.9440     5.9056    1481.85    27.7058    27.7063 0.0000e+00
    832.000     4.3881     4.3876   3.322729   3.322766     2.1252    -0.3700     0.3600    34.9434 7.5727e+02    822.346    34.9420    34.9429     5.9071    1481.83    27.7056    27.7064 0.0000e+00
    833.000     4.3791     4.3798   3.321907   3.322043     2.1257    -0.3609     0.3562    34.9426 7.5315e+02    823.332    34.9413    34.9422     5.9112    1481.81    27.7060    27.7066 0.0000e+00
    834.000     4.3743     4.3747   3.321444   3.321560     2.1267    -0.3603     0.3597    34.9421 7.5012e+02    824.319    34.9404    34.9414     5.9161    1481.81    27.7058    27.7066 0.0000e+00
    835.000     4.3716     4.3722   3.321342   3.321410     2.1273    -0.3603     0.3587    34.9422 7.4712e+02    825.305    34.9416    34.9418     5.9196    1481.82    27.7071    27.7072 0.0000e+00
    836.000     4.3721     4.3722   3.321421   3.321480     2.1283    -0.3653     0.3593    34.9424 7.4437e+02    826.292    34.9415    34.9420     5.9239    1481.83    27.7070    27.7074 0.0000e+00
    837.000     4.3712     4.3715   3.321389   3.321470     2.1284    -0.3562     0.3618    34.9424 7.4175e+02    827.278    34.9415    34.9422     5.9254    1481.85    27.7071    27.7076 0.0000e+00
    838.000     4.3703     4.3708   3.321376   3.321452     2.1288    -0.3577     0.3629    34.9426 7.3881e+02    828.265    34.9418    34.9421     5.9277    1481.86    27.7075    27.7076 0.0000e+00
    839.000     4.3691     4.3701   3.321290   3.321442     2.1291    -0.3838     0.3611    34.9424 7.3705e+02    829.251    34.9416    34.9423     5.9297    1481.87    27.7074    27.7078 0.0000e+00
    840.000     4.3684     4.3687   3.321307   3.321359     2.1296    -0.3790     0.3589    34.9425 7.3676e+02    830.237    34.9420    34.9423     5.9322    1481.89    27.7078    27.7080 0.0000e+00
    841.000     4.3696     4.3698   3.321532   3.321548     2.1292    -0.3642     0.3576    34.9431 7.3691e+02    831.224    34.9429    34.9428     5.9315    1481.91    27.7084    27.7083 0.0000e+00
    842.000     4.3719     4.3727   3.321743   3.321831     2.1283    -0.3612     0.3610    34.9428 7.5714e+02    832.210    34.9424    34.9425     5.9285    1481.93    27.7078    27.7078 0.0000e+00
    843.000     4.3732     4.3735   3.322142   3.322089     2.1283    -0.3844     0.3641    34.9441 7.6560e+02    833.196    34.9452    34.9442     5.9291    1481.96    27.7098    27.7091 0.0000e+00
    844.000     4.3788     4.3789   3.322746   3.322765     2.1274    -0.3846     0.3629    34.9455 7.6176e+02    834.183    34.9458    34.9460     5.9256    1482.00    27.7098    27.7099 0.0000e+00
    845.000     4.3828     4.3827   3.323260   3.323249     2.1254    -0.3873     0.3613    34.9465 7.5737e+02    835.169    34.9472    34.9471     5.9184    1482.03    27.7104    27.7103 0.0000e+00
    846.000     4.3833     4.3836   3.323324   3.323380     2.1240    -0.3860     0.3586    34.9466 7.5302e+02    836.156    34.9468    34.9471     5.9138    1482.05    27.7101    27.7103 0.0000e+00
    847.000     4.3834     4.3837   3.323381   3.323434     2.1219    -0.3625     0.3628    34.9467 7.4883e+02    837.142    34.9469    34.9472     5.9072    1482.07    27.7101    27.7103 0.0000e+00
    848.000     4.3836     4.3842   3.323462   3.323524     2.1202    -0.3612     0.3616    34.9468 7.4515e+02    838.128    34.9472    34.9472     5.9016    1482.09    27.7103    27.7103 0.0000e+00
    849.000     4.3840     4.3839   3.323519   3.323559     2.1184    -0.3603     0.3581    34.9469 7.4152e+02    839.115    34.9469    34.9474     5.8957    1482.11    27.7101    27.7105 0.0000e+00
    850.000     4.3832     4.3847   3.323447   3.323687     2.1168    -0.3603     0.3624    34.9467 7.3864e+02    840.101    34.9464    34.9475     5.8908    1482.12    27.7098    27.7105 0.0000e+00
    851.000     4.3820     4.3833   3.323392   3.323567     2.1152    -0.3579     0.3614    34.9465 7.3691e+02    841.087    34.9465    34.9471     5.8860    1482.13    27.7100    27.7104 0.0000e+00
    852.000     4.3816     4.3826   3.323386   3.323503     2.1142    -0.3657     0.3586    34.9463 7.4540e+02    842.074    34.9463    34.9467     5.8829    1482.14    27.7099    27.7101 0.0000e+00
    853.000     4.3812     4.3814   3.323436   3.323472     2.1129    -0.3580     0.3632    34.9467 7.6240e+02    843.060    34.9468    34.9471     5.8792    1482.16    27.7103    27.7105 0.0000e+00
    854.000     4.3823     4.3822   3.323626   3.323625     2.1126    -0.3842     0.3596    34.9471 7.6407e+02    844.046    34.9473    34.9474     5.8785    1482.18    27.7107    27.7107 0.0000e+00
    855.000     4.3827     4.3835   3.323730   3.323822     2.1119    -0.3860     0.3570    34.9475 7.6301e+02    845.033    34.9476    34.9479     5.8768    1482.20    27.7108    27.7110 0.0000e+00
    856.000     4.3826     4.3831   3.323776   3.323831     2.1112    -0.3840     0.3556    34.9476 7.6005e+02    846.019    34.9477    34.9479     5.8748    1482.22    27.7110    27.7110 0.0000e+00
    857.000     4.3811     4.3815   3.323640   3.323724     2.1099    -0.3655     0.3576    34.9478 7.5599e+02    847.005    34.9473    34.9478     5.8710    1482.23    27.7108    27.7112 0.0000e+00
    858.000     4.3673     4.3684   3.322113   3.322516     2.1089    -0.3595     0.3591    34.9470 7.5081e+02    847.992    34.9434    34.9470     5.8708    1482.18    27.7092    27.7119 0.0000e+00
    859.000     4.3504     4.3509   3.320770   3.320957     2.1089    -0.3618     0.3593    34.9473 7.4498e+02    848.978    34.9449    34.9466     5.8740    1482.13    27.7122    27.7135 0.0000e+00
    860.000     4.3451     4.3452   3.320428   3.320491     2.1089    -0.3617     0.3587    34.9472 7.3898e+02    849.964    34.9460    34.9466     5.8755    1482.13    27.7136    27.7141 0.0000e+00
    861.000     4.3437     4.3441   3.320351   3.320410     2.1088    -0.3818     0.3586    34.9471 7.3391e+02    850.951    34.9461    34.9463     5.8763    1482.14    27.7139    27.7140 0.0000e+00
    862.000     4.3489     4.3508   3.320794   3.321035     2.1086    -0.3538     0.3606    34.9464 7.5066e+02    851.937    34.9452    34.9461     5.8754    1482.17    27.7126    27.7132 0.0000e+00
    863.000     4.3420     4.3428   3.320255   3.320398     2.1077    -0.3681     0.3589    34.9467 7.7199e+02    852.923    34.9457    34.9465     5.8740    1482.16    27.7138    27.7143 0.0000e+00
    864.000     4.3388     4.3393   3.320024   3.320120     2.1076    -0.3839     0.3601    34.9467 7.7011e+02    853.909    34.9458    34.9464     5.8747    1482.17    27.7142    27.7147 0.0000e+00
    865.000     4.3351     4.3357   3.319605   3.319790     2.1077    -0.3688     0.3592    34.9462 7.6611e+02    854.896    34.9444    34.9458     5.8765    1482.16    27.7135    27.7146 0.0000e+00
    866.000     4.3288     4.3293   3.319156   3.319239 -9.990e-29    -0.3549     0.3600    34.9462 7.6039e+02    855.882    34.9452    34.9457 -9.990e-29    1482.16    27.7148    27.7151 0.0000e+00
    867.000     4.3277     4.3280   3.319109   3.319183 -9.990e-29    -0.3774     0.3588    34.9463 7.5378e+02    856.868    34.9453    34.9458 -9.990e-29    1482.17    27.7150    27.7154 0.0000e+00
    868.000     4.3256     4.3261   3.318912   3.319054 -9.990e-29    -0.3823     0.3584    34.9461 7.4753e+02    857.854    34.9446    34.9458 -9.990e-29    1482.18    27.7147    27.7156 0.0000e+00
    869.000     4.3195     4.3201   3.318438   3.318556 -9.990e-29    -0.3800     0.3585    34.9463 7.4171e+02    858.841    34.9446    34.9454 -9.990e-29    1482.17    27.7153    27.7159 0.0000e+00
