Ship_data/Irminger/Irminger-5/ctd/process/dar30-03017.cnv
* Sea-Bird SBE 9 Data File:
* FileName = D:\Data\ar30-03017.hdr
* Software Version Seasave V 7.23.2
* Temperature SN = 4312
* Conductivity SN = 2148
* Number of Bytes Per Scan = 44
* Number of Voltage Words = 5
* Number of Scans Averaged by the Deck Unit = 1
* NMEA Latitude = 59 51.17 N
* NMEA Longitude = 040 42.29 W
* NMEA UTC (Time) = Jun 18 2018  13:04:33
** Cruise ID: ar30-03
** Chief Sci: Macdonald
** Station #: 017
** Site ID: Irminger 5 OSNAP M2
# nquan = 18
# nvalues = 2491                        
# units = specified
# name 0 = prDM: Pressure, Digiquartz [db]
# name 1 = t090C: Temperature [ITS-90, deg C]
# name 2 = t190C: Temperature, 2 [ITS-90, deg C]
# name 3 = c0S/m: Conductivity [S/m]
# name 4 = c1S/m: Conductivity, 2 [S/m]
# name 5 = sbeox0V: Oxygen raw, SBE 43 [V]
# name 6 = flECO-AFL: Fluorescence, WET Labs ECO-AFL/FL [mg/m^3]
# name 7 = turbWETntu0: Turbidity, WET Labs ECO [NTU]
# name 8 = sal00: Salinity, Practical [PSU]
# name 9 = spar: SPAR/Surface Irradiance
# name 10 = depSM: Depth [salt water, m], lat = 59.8528
# name 11 = sal00: Salinity, Practical [PSU]
# name 12 = sal11: Salinity, Practical, 2 [PSU]
# name 13 = sbeox0ML/L: Oxygen, SBE 43 [ml/l], WS = 2
# name 14 = svCM: Sound Velocity [Chen-Millero, m/s]
# name 15 = sigma-é00: Density [sigma-theta, kg/m^3]
# name 16 = sigma-é11: Density, 2 [sigma-theta, kg/m^3]
# name 17 = flag: flag
# span 0 =      4.000,   2494.000       
# span 1 =     1.5085,     6.5474       
# span 2 =     1.5092,     6.5475       
# span 3 =   3.130507,   3.475756       
# span 4 =   3.130590,   3.475894       
# span 5 =     1.8188,     2.8224       
# span 6 =    -0.4193,     8.1276       
# span 7 =     0.3433,     0.7129       
# span 8 =    34.8589,    34.9257       
# span 9 = 8.6155e+02, 1.9884e+03       
# span 10 =      3.962,   2455.926      
# span 11 =    34.8546,    34.9256      
# span 12 =    34.8599,    34.9262      
# span 13 =     5.9332,     7.2844      
# span 14 =    1471.63,    1497.27      
# span 15 =    27.3815,    27.9311      
# span 16 =    27.3830,    27.9310      
# span 17 = 0.0000e+00, 0.0000e+00      
# interval = decibars: 1                
# start_time = Jun 18 2018 13:04:33 [System UTC, first data scan.]
# bad_flag = -9.990e-29
*END*
[from data line 1367]
   1371.000     3.3811     3.3816   3.250176   3.250285     2.0693    -0.3874     0.3543    34.8742 9.8294e+02   1353.633    34.8743    34.8751     6.2898    1486.48    27.7585    27.7591 0.0000e+00
   1372.000     3.3826     3.3832   3.250383   3.250502     2.0691    -0.3791     0.3524    34.8745 9.8755e+02   1354.617    34.8747    34.8755     6.2893    1486.50    27.7587    27.7592 0.0000e+00
   1373.000     3.3891     3.3893   3.251230   3.251213     2.0686    -0.3805     0.3520    34.8763 9.9004e+02   1355.601    34.8774    34.8769     6.2869    1486.55    27.7603    27.7598 0.0000e+00
   1374.000     3.3921     3.3927   3.251507   3.251606     2.0678    -0.3881     0.3519    34.8764 9.8819e+02   1356.585    34.8770    34.8776     6.2840    1486.58    27.7597    27.7600 0.0000e+00
   1375.000     3.3925     3.3929   3.251537   3.251657     2.0668    -0.3892     0.3547    34.8764 9.8600e+02   1357.569    34.8765    34.8775     6.2806    1486.59    27.7592    27.7600 0.0000e+00
   1376.000     3.3946     3.3944   3.251848   3.251871     2.0656    -0.3796     0.3522    34.8769 9.8497e+02   1358.554    34.8775    34.8779     6.2762    1486.62    27.7598    27.7601 0.0000e+00
   1377.000     3.4034     3.4076   3.252951   3.253297     2.0646    -0.3746     0.3563    34.8788 9.8845e+02   1359.538    34.8808    34.8805     6.2715    1486.68    27.7616    27.7610 0.0000e+00
   1378.000     3.4166     3.4148   3.254225   3.254086     2.0633    -0.3854     0.3583    34.8804 9.9343e+02   1360.522    34.8815    34.8817     6.2648    1486.75    27.7609    27.7613 0.0000e+00
   1379.000     3.4208     3.4196   3.254741   3.254653     2.0615    -0.3797     0.3542    34.8814 9.9656e+02   1361.506    34.8827    34.8829     6.2577    1486.79    27.7615    27.7618 0.0000e+00
   1380.000     3.4240     3.4254   3.255027   3.255273     2.0597    -0.3861     0.3547    34.8816 9.9788e+02   1362.490    34.8822    34.8837     6.2507    1486.82    27.7608    27.7618 0.0000e+00
   1381.000     3.4078     3.4082   3.253011   3.253432     2.0580    -0.3880     0.3551    34.8782 9.9803e+02   1363.474    34.8748    34.8795     6.2478    1486.76    27.7564    27.7601 0.0000e+00
   1382.000     3.3901     3.3904   3.251688   3.251770     2.0571    -0.3914     0.3554    34.8776 9.9777e+02   1364.458    34.8773    34.8779     6.2477    1486.70    27.7601    27.7606 0.0000e+00
   1383.000     3.3922     3.3916   3.252053   3.251948     2.0568    -0.3887     0.3517    34.8780 9.9754e+02   1365.442    34.8789    34.8783     6.2472    1486.73    27.7612    27.7608 0.0000e+00
   1384.000     3.3990     3.3997   3.252710   3.252792     2.0567    -0.3903     0.3503    34.8786 9.9560e+02   1366.426    34.8790    34.8793     6.2463    1486.78    27.7607    27.7608 0.0000e+00
   1385.000     3.4029     3.4023   3.253104   3.253086     2.0559    -0.3875     0.3514    34.8790 9.9088e+02   1367.410    34.8792    34.8796     6.2432    1486.81    27.7604    27.7608 0.0000e+00
   1386.000     3.4143     3.4162   3.254567   3.254633     2.0556    -0.3847     0.3633    34.8816 9.8387e+02   1368.394    34.8839    34.8828     6.2407    1486.88    27.7631    27.7621 0.0000e+00
   1387.000     3.4241     3.4249   3.255474   3.255555     2.0551    -0.3870     0.3569    34.8826 9.7846e+02   1369.378    34.8839    34.8841     6.2379    1486.94    27.7622    27.7623 0.0000e+00
   1388.000     3.4287     3.4287   3.255947   3.255993     2.0540    -0.3815     0.3487    34.8835 9.7422e+02   1370.362    34.8842    34.8847     6.2333    1486.97    27.7620    27.7624 0.0000e+00
   1389.000     3.4264     3.4272   3.255709   3.255871     2.0531    -0.3639     0.3500    34.8829 9.7265e+02   1371.347    34.8832    34.8844     6.2310    1486.98    27.7615    27.7623 0.0000e+00
   1390.000     3.4220     3.4225   3.255264   3.255437     2.0521    -0.3661     0.3541    34.8823 9.7342e+02   1372.331    34.8821    34.8837     6.2284    1486.98    27.7610    27.7622 0.0000e+00
   1391.000     3.4186     3.4186   3.255037   3.255100     2.0508    -0.3757     0.3529    34.8823 9.7941e+02   1373.315    34.8825    34.8833     6.2248    1486.98    27.7616    27.7622 0.0000e+00
   1392.000     3.4192     3.4192   3.255163   3.255207     2.0496    -0.3848     0.3496    34.8826 9.9339e+02   1374.299    34.8829    34.8834     6.2205    1487.00    27.7619    27.7623 0.0000e+00
   1393.000     3.4195     3.4196   3.255242   3.255306     2.0483    -0.3668     0.3528    34.8827 1.0069e+03   1375.283    34.8830    34.8837     6.2160    1487.02    27.7620    27.7625 0.0000e+00
   1394.000     3.4195     3.4197   3.255280   3.255368     2.0472    -0.3736     0.3487    34.8828 9.9736e+02   1376.267    34.8830    34.8838     6.2123    1487.03    27.7620    27.7626 0.0000e+00
   1395.000     3.4192     3.4198   3.255326   3.255415     2.0465    -0.3831     0.3551    34.8827 9.8306e+02   1377.251    34.8833    34.8838     6.2105    1487.05    27.7623    27.7626 0.0000e+00
   1396.000     3.4318     3.4314   3.256844   3.256712     2.0460    -0.3703     0.3531    34.8858 9.7107e+02   1378.235    34.8876    34.8865     6.2067    1487.13    27.7645    27.7636 0.0000e+00
   1397.000     3.4375     3.4383   3.257347   3.257461     2.0454    -0.3659     0.3505    34.8863 9.6758e+02   1379.219    34.8871    34.8876     6.2045    1487.17    27.7635    27.7639 0.0000e+00
   1398.000     3.4373     3.4389   3.257354   3.257567     2.0446    -0.3861     0.3553    34.8864 9.7137e+02   1380.203    34.8868    34.8877     6.2020    1487.18    27.7634    27.7639 0.0000e+00
   1399.000     3.4375     3.4370   3.257375   3.257410     2.0434    -0.3708     0.3540    34.8863 9.7570e+02   1381.187    34.8864    34.8874     6.1979    1487.20    27.7630    27.7638 0.0000e+00
   1400.000     3.4337     3.4352   3.257062   3.257285     2.0425    -0.3755     0.3552    34.8860 9.8105e+02   1382.171    34.8862    34.8872     6.1957    1487.20    27.7632    27.7639 0.0000e+00
   1401.000     3.4327     3.4329   3.257022   3.257102     2.0421    -0.3816     0.3550    34.8860 9.8737e+02   1383.155    34.8863    34.8870     6.1950    1487.21    27.7634    27.7639 0.0000e+00
   1402.000     3.4324     3.4327   3.257029   3.257102     2.0406    -0.3772     0.3533    34.8859 9.9568e+02   1384.139    34.8861    34.8867     6.1899    1487.23    27.7633    27.7637 0.0000e+00
   1403.000     3.4326     3.4330   3.257113   3.257195     2.0393    -0.3799     0.3550    34.8861 9.9240e+02   1385.123    34.8864    34.8870     6.1854    1487.24    27.7635    27.7640 0.0000e+00
   1404.000     3.4329     3.4331   3.257192   3.257237     2.0385    -0.3468     0.3550    34.8863 9.8773e+02   1386.107    34.8866    34.8869     6.1830    1487.26    27.7636    27.7639 0.0000e+00
   1405.000     3.4327     3.4331   3.257209   3.257292     2.0385    -0.3760     0.3540    34.8864 9.8656e+02   1387.091    34.8865    34.8871     6.1839    1487.28    27.7636    27.7640 0.0000e+00
   1406.000     3.4334     3.4336   3.257349   3.257390     2.0385    -0.3856     0.3531    34.8865 9.8772e+02   1388.075    34.8869    34.8872     6.1846    1487.30    27.7638    27.7641 0.0000e+00
   1407.000     3.4346     3.4348   3.257488   3.257561     2.0382    -0.3880     0.3533    34.8866 9.9064e+02   1389.058    34.8868    34.8875     6.1840    1487.32    27.7637    27.7642 0.0000e+00
   1408.000     3.4352     3.4357   3.257613   3.257705     2.0373    -0.3719     0.3553    34.8869 9.9003e+02   1390.042    34.8872    34.8877     6.1810    1487.34    27.7639    27.7643 0.0000e+00
   1409.000     3.4360     3.4362   3.257745   3.257798     2.0364    -0.3633     0.3547    34.8871 9.8801e+02   1391.026    34.8874    34.8879     6.1780    1487.36    27.7640    27.7644 0.0000e+00
   1410.000     3.4381     3.4384   3.258054   3.258100     2.0362    -0.3596     0.3546    34.8877 9.8878e+02   1392.010    34.8883    34.8886     6.1774    1487.39    27.7646    27.7647 0.0000e+00
   1411.000     3.4400     3.4414   3.258267   3.258459     2.0359    -0.3841     0.3507    34.8879 9.9453e+02   1392.994    34.8883    34.8892     6.1768    1487.41    27.7644    27.7649 0.0000e+00
   1412.000     3.4416     3.4422   3.258471   3.258565     2.0350    -0.3867     0.3506    34.8881 1.0093e+03   1393.978    34.8885    34.8891     6.1737    1487.44    27.7644    27.7648 0.0000e+00
   1413.000     3.4423     3.4424   3.258571   3.258629     2.0350    -0.3723     0.3528    34.8882 1.0291e+03   1394.962    34.8886    34.8891     6.1746    1487.45    27.7644    27.7648 0.0000e+00
   1414.000     3.4440     3.4445   3.258858   3.258925     2.0345    -0.3855     0.3607    34.8889 1.0231e+03   1395.946    34.8896    34.8899     6.1727    1487.48    27.7651    27.7653 0.0000e+00
   1415.000     3.4467     3.4470   3.259154   3.259216     2.0337    -0.3866     0.3588    34.8894 1.0158e+03   1396.930    34.8899    34.8902     6.1698    1487.51    27.7650    27.7653 0.0000e+00
   1416.000     3.4472     3.4474   3.259242   3.259307     2.0333    -0.3904     0.3536    34.8895 1.0110e+03   1397.914    34.8898    34.8904     6.1690    1487.53    27.7650    27.7654 0.0000e+00
   1417.000     3.4470     3.4474   3.259254   3.259340     2.0322    -0.3871     0.3445    34.8895 1.0120e+03   1398.898    34.8897    34.8904     6.1654    1487.54    27.7649    27.7654 0.0000e+00
   1418.000     3.4462     3.4466   3.259218   3.259308     2.0311    -0.3788     0.3518    34.8894 1.0218e+03   1399.882    34.8896    34.8902     6.1619    1487.56    27.7649    27.7654 0.0000e+00
   1419.000     3.4463     3.4466   3.259303   3.259361     2.0301    -0.3761     0.3559    34.8896 1.0348e+03   1400.866    34.8900    34.8904     6.1585    1487.57    27.7652    27.7655 0.0000e+00
   1420.000     3.4480     3.4482   3.259532   3.259583     2.0297    -0.3921     0.3552    34.8903 1.0448e+03   1401.850    34.8905    34.8909     6.1576    1487.60    27.7654    27.7658 0.0000e+00
   1421.000     3.4483     3.4486   3.259621   3.259676     2.0288    -0.3928     0.3560    34.8904 1.0520e+03   1402.833    34.8907    34.8911     6.1547    1487.62    27.7656    27.7659 0.0000e+00
   1422.000     3.4489     3.4491   3.259709   3.259779     2.0287    -0.4082     0.3510    34.8905 1.0558e+03   1403.817    34.8907    34.8912     6.1549    1487.64    27.7655    27.7659 0.0000e+00
   1423.000     3.4489     3.4491   3.259746   3.259811     2.0277    -0.3636     0.3554    34.8904 1.0589e+03   1404.801    34.8906    34.8912     6.1515    1487.65    27.7654    27.7659 0.0000e+00
   1424.000     3.4491     3.4493   3.259804   3.259872     2.0272    -0.3689     0.3531    34.8903 1.0628e+03   1405.785    34.8906    34.8911     6.1505    1487.67    27.7654    27.7659 0.0000e+00
   1425.000     3.4490     3.4493   3.259869   3.259941     2.0269    -0.3899     0.3620    34.8907 1.0666e+03   1406.769    34.8909    34.8915     6.1503    1487.69    27.7657    27.7661 0.0000e+00
   1426.000     3.4504     3.4507   3.260095   3.260149     2.0265    -0.3882     0.3547    34.8913 1.0691e+03   1407.753    34.8916    34.8920     6.1488    1487.71    27.7661    27.7664 0.0000e+00
   1427.000     3.4511     3.4514   3.260202   3.260255     2.0263    -0.3607     0.3506    34.8914 1.0678e+03   1408.737    34.8917    34.8920     6.1487    1487.73    27.7661    27.7664 0.0000e+00
   1428.000     3.4522     3.4521   3.260349   3.260380     2.0254    -0.3856     0.3504    34.8915 1.0644e+03   1409.721    34.8918    34.8922     6.1460    1487.75    27.7661    27.7665 0.0000e+00
   1429.000     3.4521     3.4521   3.260364   3.260421     2.0251    -0.3649     0.3536    34.8915 1.0626e+03   1410.704    34.8916    34.8922     6.1456    1487.77    27.7660    27.7665 0.0000e+00
   1430.000     3.4503     3.4508   3.260244   3.260345     2.0251    -0.3857     0.3515    34.8915 1.0669e+03   1411.688    34.8915    34.8922     6.1467    1487.78    27.7661    27.7667 0.0000e+00
   1431.000     3.4495     3.4503   3.260211   3.260324     2.0247    -0.3710     0.3503    34.8914 1.0784e+03   1412.672    34.8915    34.8920     6.1460    1487.79    27.7662    27.7665 0.0000e+00
   1432.000     3.4488     3.4492   3.260175   3.260267     2.0239    -0.3631     0.3503    34.8914 1.0988e+03   1413.656    34.8913    34.8919     6.1437    1487.80    27.7661    27.7666 0.0000e+00
   1433.000     3.4497     3.4496   3.260337   3.260359     2.0239    -0.3642     0.3507    34.8916 1.1411e+03   1414.640    34.8918    34.8921     6.1442    1487.82    27.7664    27.7667 0.0000e+00
   1434.000     3.4510     3.4512   3.260537   3.260596     2.0240    -0.3734     0.3553    34.8921 1.1801e+03   1415.624    34.8923    34.8927     6.1450    1487.85    27.7667    27.7670 0.0000e+00
   1435.000     3.4519     3.4523   3.260703   3.260761     2.0240    -0.3855     0.3556    34.8925 1.1648e+03   1416.608    34.8928    34.8930     6.1456    1487.87    27.7670    27.7672 0.0000e+00
   1436.000     3.4527     3.4530   3.260802   3.260885     2.0238    -0.3628     0.3585    34.8925 1.1222e+03   1417.591    34.8926    34.8933     6.1456    1487.89    27.7668    27.7673 0.0000e+00
   1437.000     3.4524     3.4526   3.260801   3.260883     2.0227    -0.3814     0.3568    34.8924 1.0992e+03   1418.575    34.8925    34.8932     6.1421    1487.90    27.7667    27.7673 0.0000e+00
   1438.000     3.4519     3.4521   3.260791   3.260857     2.0224    -0.3863     0.3553    34.8923 1.0847e+03   1419.559    34.8924    34.8929     6.1416    1487.92    27.7667    27.7671 0.0000e+00
   1439.000     3.4520     3.4522   3.260870   3.260921     2.0219    -0.3866     0.3549    34.8925 1.0781e+03   1420.543    34.8927    34.8931     6.1403    1487.93    27.7669    27.7673 0.0000e+00
   1440.000     3.4527     3.4531   3.260977   3.261056     2.0216    -0.3742     0.3551    34.8926 1.0895e+03   1421.527    34.8927    34.8933     6.1399    1487.95    27.7669    27.7674 0.0000e+00
   1441.000     3.4520     3.4530   3.260944   3.261088     2.0205    -0.3860     0.3543    34.8926 1.1628e+03   1422.510    34.8926    34.8932     6.1365    1487.97    27.7669    27.7673 0.0000e+00
   1442.000     3.4530     3.4532   3.261146   3.261200     2.0203    -0.3801     0.3476    34.8932 1.1614e+03   1423.494    34.8934    34.8938     6.1362    1487.99    27.7675    27.7678 0.0000e+00
   1443.000     3.4537     3.4537   3.261273   3.261297     2.0194    -0.3731     0.3470    34.8934 1.1558e+03   1424.478    34.8937    34.8940     6.1332    1488.01    27.7677    27.7679 0.0000e+00
   1444.000     3.4550     3.4552   3.261460   3.261508     2.0191    -0.3855     0.3554    34.8938 1.1448e+03   1425.462    34.8940    34.8944     6.1325    1488.03    27.7678    27.7681 0.0000e+00
   1445.000     3.4555     3.4558   3.261553   3.261600     2.0181    -0.3886     0.3547    34.8939 1.1286e+03   1426.446    34.8941    34.8944     6.1293    1488.05    27.7678    27.7680 0.0000e+00
   1446.000     3.4557     3.4559   3.261625   3.261665     2.0179    -0.3860     0.3554    34.8940 1.1118e+03   1427.429    34.8942    34.8946     6.1291    1488.07    27.7679    27.7682 0.0000e+00
   1447.000     3.4561     3.4563   3.261695   3.261756     2.0177    -0.3841     0.3544    34.8941 1.0973e+03   1428.413    34.8942    34.8946     6.1292    1488.09    27.7679    27.7682 0.0000e+00
   1448.000     3.4584     3.4581   3.262031   3.261986     2.0169    -0.3835     0.3519    34.8945 1.0869e+03   1429.397    34.8953    34.8951     6.1263    1488.11    27.7685    27.7684 0.0000e+00
   1449.000     3.4617     3.4604   3.262376   3.262262     2.0160    -0.3867     0.3506    34.8949 1.0860e+03   1430.381    34.8953    34.8954     6.1229    1488.15    27.7682    27.7684 0.0000e+00
   1450.000     3.4631     3.4636   3.262550   3.262644     2.0146    -0.3730     0.3556    34.8952 1.1109e+03   1431.365    34.8954    34.8961     6.1177    1488.17    27.7682    27.7687 0.0000e+00
