Ship_data/Irminger/Irminger-5/ctd/process/dar30-03014.cnv
* Sea-Bird SBE 9 Data File:
* FileName = D:\Data\ar30-03014.hdr
* Software Version Seasave V 7.23.2
* Temperature SN = 4312
* Conductivity SN = 2148
* Number of Bytes Per Scan = 44
* Number of Voltage Words = 5
* Number of Scans Averaged by the Deck Unit = 1
* NMEA Latitude = 59 44.59 N
* NMEA Longitude = 039 35.05 W
* NMEA UTC (Time) = Jun 15 2018  15:52:39
** Cruise ID: ar30-03
** Chief Sci: Macdonald
** Station #: 014
** Site ID: Irminger 5 OSNAP CAB
** Full ocean depth cast at OSNAP CAB site. 3 bottom releases tested.
# nquan = 18
# nvalues = 2792                        
# units = specified
# name 0 = prDM: Pressure, Digiquartz [db]
# name 1 = t090C: Temperature [ITS-90, deg C]
# name 2 = t190C: Temperature, 2 [ITS-90, deg C]
# name 3 = c0S/m: Conductivity [S/m]
# name 4 = c1S/m: Conductivity, 2 [S/m]
# name 5 = sbeox0V: Oxygen raw, SBE 43 [V]
# name 6 = flECO-AFL: Fluorescence, WET Labs ECO-AFL/FL [mg/m^3]
# name 7 = turbWETntu0: Turbidity, WET Labs ECO [NTU]
# name 8 = sal00: Salinity, Practical [PSU]
# name 9 = spar: SPAR/Surface Irradiance
# name 10 = depSM: Depth [salt water, m], lat = 59.7432
# name 11 = sal00: Salinity, Practical [PSU]
# name 12 = sal11: Salinity, Practical, 2 [PSU]
# name 13 = sbeox0ML/L: Oxygen, SBE 43 [ml/l], WS = 2
# name 14 = svCM: Sound Velocity [Chen-Millero, m/s]
# name 15 = sigma-é00: Density [sigma-theta, kg/m^3]
# name 16 = sigma-é11: Density, 2 [sigma-theta, kg/m^3]
# name 17 = flag: flag
# span 0 =      4.000,   2795.000       
# span 1 =     1.3661,     6.2555       
# span 2 =     1.3675,     6.2557       
# span 3 =   3.131151,   3.445468       
# span 4 =   3.131259,   3.445800       
# span 5 =     1.7752,     2.7588       
# span 6 =    -0.4136,     1.9826       
# span 7 =     0.3417,     0.6758       
# span 8 =    34.8358,    34.9287       
# span 9 = 5.5289e+02, 1.1618e+03       
# span 10 =      3.962,   2750.435      
# span 11 =    34.8331,    34.9285      
# span 12 =    34.8377,    34.9287      
# span 13 =     5.9239,     7.1904      
# span 14 =    1469.66,    1502.44      
# span 15 =    27.3892,    27.9419      
# span 16 =    27.3920,    27.9416      
# span 17 = 0.0000e+00, 0.0000e+00      
# interval = decibars: 1                
# start_time = Jun 15 2018 15:52:39 [System UTC, first data scan.]
# bad_flag = -9.990e-29
*END*
[from data line 2252]
   2256.000     3.1048     3.1057   3.266309   3.266382     1.8125    -0.3580     0.3436    34.9282 6.1341e+02   2222.811    34.9281    34.9281     5.9435    1500.21    27.8345    27.8344 0.0000e+00
   2257.000     3.1035     3.1039   3.266165   3.266232     1.8125    -0.3612     0.3460    34.9279 6.1212e+02   2223.791    34.9273    34.9277     5.9443    1500.22    27.8340    27.8342 0.0000e+00
   2258.000     3.0945     3.0949   3.265230   3.265342     1.8125    -0.3708     0.3488    34.9265 6.0905e+02   2224.771    34.9252    34.9261     5.9468    1500.19    27.8332    27.8338 0.0000e+00
   2259.000     3.0828     3.0852   3.264112   3.264404     1.8125    -0.3787     0.3484    34.9249 6.0187e+02   2225.751    34.9238    34.9247     5.9494    1500.16    27.8331    27.8336 0.0000e+00
   2260.000     3.0697     3.0705   3.262760   3.262918     1.8131    -0.3697     0.3515    34.9231 6.0022e+02   2226.731    34.9209    34.9220     5.9553    1500.12    27.8320    27.8328 0.0000e+00
   2261.000     3.0585     3.0595   3.261779   3.261891     1.8139    -0.3861     0.3455    34.9221 6.0355e+02   2227.711    34.9207    34.9209     5.9616    1500.08    27.8328    27.8329 0.0000e+00
   2262.000     3.0528     3.0537   3.261161   3.261339     1.8139    -0.3918     0.3438    34.9210 6.0619e+02   2228.691    34.9188    34.9199     5.9636    1500.07    27.8318    27.8326 0.0000e+00
   2263.000     3.0433     3.0449   3.260262   3.260471     1.8149    -0.3938     0.3449    34.9197 6.0820e+02   2229.671    34.9177    34.9185     5.9704    1500.05    27.8318    27.8323 0.0000e+00
   2264.000     3.0382     3.0392   3.259829   3.259969     1.8152    -0.3918     0.3437    34.9192 6.0883e+02   2230.651    34.9174    34.9180     5.9736    1500.04    27.8320    27.8324 0.0000e+00
   2265.000     3.0307     3.0309   3.259060   3.259179     1.8163    -0.3761     0.3483    34.9182 6.0861e+02   2231.632    34.9157    34.9168     5.9804    1500.03    27.8313    27.8322 0.0000e+00
   2266.000     3.0254     3.0259   3.258651   3.258730     1.8172    -0.3762     0.3502    34.9178 6.0686e+02   2232.612    34.9158    34.9163     5.9863    1500.02    27.8319    27.8322 0.0000e+00
   2267.000     3.0216     3.0223   3.258367   3.258428     1.8183    -0.3884     0.3507    34.9174 6.0513e+02   2233.592    34.9161    34.9160     5.9926    1500.02    27.8325    27.8324 0.0000e+00
   2268.000     3.0220     3.0228   3.258438   3.258507     1.8195    -0.3740     0.3507    34.9172 6.0444e+02   2234.572    34.9160    34.9160     5.9992    1500.04    27.8324    27.8323 0.0000e+00
   2269.000     3.0209     3.0209   3.258361   3.258354     1.8212    -0.3782     0.3511    34.9169 6.0630e+02   2235.552    34.9157    34.9157     6.0079    1500.05    27.8323    27.8322 0.0000e+00
   2270.000     3.0166     3.0174   3.257988   3.258064     1.8229    -0.3682     0.3540    34.9164 6.0707e+02   2236.532    34.9154    34.9155     6.0169    1500.05    27.8324    27.8324 0.0000e+00
   2271.000     3.0159     3.0166   3.257979   3.258046     1.8227    -0.3691     0.3492    34.9164 6.0547e+02   2237.512    34.9156    34.9156     6.0172    1500.07    27.8326    27.8325 0.0000e+00
   2272.000     3.0154     3.0161   3.257925   3.258037     1.8232    -0.3707     0.3432    34.9163 6.0462e+02   2238.492    34.9150    34.9155     6.0200    1500.08    27.8322    27.8325 0.0000e+00
   2273.000     3.0101     3.0105   3.257445   3.257496     1.8232    -0.3925     0.3437    34.9155 6.0405e+02   2239.472    34.9144    34.9145     6.0218    1500.07    27.8322    27.8322 0.0000e+00
   2274.000     3.0088     3.0092   3.257395   3.257425     1.8235    -0.3938     0.3473    34.9155 6.0405e+02   2240.452    34.9147    34.9146     6.0244    1500.08    27.8325    27.8324 0.0000e+00
   2275.000     3.0064     3.0066   3.257148   3.257195     1.8238    -0.3927     0.3511    34.9151 6.0437e+02   2241.432    34.9138    34.9142     6.0269    1500.09    27.8320    27.8323 0.0000e+00
   2276.000     3.0028     3.0032   3.256874   3.256932     1.8239    -0.3691     0.3515    34.9148 6.0527e+02   2242.412    34.9139    34.9141     6.0287    1500.09    27.8324    27.8325 0.0000e+00
   2277.000     3.0043     3.0054   3.257079   3.257158     1.8242    -0.3776     0.3527    34.9145 6.1067e+02   2243.392    34.9142    34.9140     6.0305    1500.12    27.8326    27.8324 0.0000e+00
   2278.000     3.0014     3.0019   3.256733   3.256868     1.8244    -0.3933     0.3501    34.9144 6.1375e+02   2244.372    34.9126    34.9137     6.0327    1500.12    27.8316    27.8324 0.0000e+00
   2279.000     2.9944     2.9951   3.256100   3.256258     1.8241    -0.3939     0.3505    34.9140 6.1193e+02   2245.352    34.9120    34.9132     6.0334    1500.10    27.8317    27.8326 0.0000e+00
   2280.000     2.9872     2.9877   3.255589   3.255646     1.8241    -0.3895     0.3503    34.9141 6.0974e+02   2246.332    34.9131    34.9132     6.0355    1500.09    27.8333    27.8333 0.0000e+00
   2281.000     2.9855     2.9858   3.255491   3.255521     1.8240    -0.3715     0.3505    34.9142 6.0679e+02   2247.312    34.9132    34.9132     6.0362    1500.10    27.8335    27.8335 0.0000e+00
   2282.000     2.9836     2.9843   3.255347   3.255436     1.8241    -0.3771     0.3486    34.9141 6.0540e+02   2248.292    34.9131    34.9134     6.0378    1500.11    27.8335    27.8337 0.0000e+00
   2283.000     2.9814     2.9822   3.255136   3.255242     1.8240    -0.3921     0.3435    34.9137 6.0311e+02   2249.272    34.9124    34.9128     6.0386    1500.12    27.8332    27.8335 0.0000e+00
   2284.000     2.9783     2.9790   3.254912   3.254986     1.8244    -0.3781     0.3475    34.9135 6.0215e+02   2250.252    34.9125    34.9127     6.0415    1500.12    27.8336    27.8336 0.0000e+00
   2285.000     2.9796     2.9808   3.255075   3.255178     1.8247    -0.3806     0.3515    34.9132 6.0917e+02   2251.232    34.9126    34.9126     6.0434    1500.14    27.8336    27.8335 0.0000e+00
   2286.000     2.9809     2.9816   3.255253   3.255312     1.8252    -0.3935     0.3519    34.9134 6.2014e+02   2252.212    34.9129    34.9128     6.0463    1500.17    27.8337    27.8336 0.0000e+00
   2287.000     2.9779     2.9779   3.255011   3.255041     1.8250    -0.4128     0.3509    34.9133 6.1760e+02   2253.192    34.9127    34.9131     6.0468    1500.17    27.8338    27.8341 0.0000e+00
   2288.000     2.9768     2.9774   3.254994   3.255036     1.8253    -0.4028     0.3505    34.9135 6.1487e+02   2254.172    34.9132    34.9130     6.0489    1500.18    27.8343    27.8341 0.0000e+00
   2289.000     2.9767     2.9774   3.255008   3.255068     1.8249    -0.3899     0.3503    34.9134 6.1163e+02   2255.152    34.9129    34.9130     6.0481    1500.20    27.8341    27.8341 0.0000e+00
   2290.000     2.9756     2.9764   3.254955   3.255036     1.8249    -0.3920     0.3465    34.9136 6.0811e+02   2256.132    34.9130    34.9131     6.0492    1500.21    27.8343    27.8343 0.0000e+00
   2291.000     2.9750     2.9757   3.254937   3.255004     1.8252    -0.3906     0.3439    34.9134 6.0536e+02   2257.112    34.9130    34.9130     6.0511    1500.22    27.8343    27.8343 0.0000e+00
   2292.000     2.9745     2.9752   3.254941   3.255004     1.8249    -0.3774     0.3493    34.9134 6.0453e+02   2258.092    34.9131    34.9131     6.0507    1500.24    27.8344    27.8344 0.0000e+00
   2293.000     2.9743     2.9749   3.254949   3.255002     1.8248    -0.3730     0.3529    34.9133 6.0538e+02   2259.071    34.9130    34.9130     6.0511    1500.26    27.8344    27.8343 0.0000e+00
   2294.000     2.9759     2.9768   3.255125   3.255203     1.8247    -0.3719     0.3535    34.9131 6.1797e+02   2260.051    34.9129    34.9128     6.0514    1500.28    27.8342    27.8341 0.0000e+00
   2295.000     2.9742     2.9751   3.255036   3.255111     1.8245    -0.3717     0.3521    34.9134 6.1825e+02   2261.031    34.9131    34.9131     6.0514    1500.29    27.8345    27.8344 0.0000e+00
   2296.000     2.9740     2.9746   3.255172   3.255162     1.8246    -0.3729     0.3521    34.9139 6.1783e+02   2262.011    34.9145    34.9138     6.0528    1500.31    27.8357    27.8350 0.0000e+00
   2297.000     2.9772     2.9772   3.255568   3.255506     1.8245    -0.3911     0.3512    34.9148 6.1694e+02   2262.991    34.9153    34.9146     6.0525    1500.34    27.8360    27.8355 0.0000e+00
   2298.000     2.9830     2.9835   3.256230   3.256241     1.8242    -0.3939     0.3510    34.9161 6.1555e+02   2263.971    34.9166    34.9163     6.0507    1500.38    27.8366    27.8363 0.0000e+00
   2299.000     2.9839     2.9843   3.256282   3.256340     1.8236    -0.3882     0.3505    34.9161 6.1406e+02   2264.951    34.9158    34.9162     6.0485    1500.40    27.8359    27.8361 0.0000e+00
   2300.000     2.9713     2.9719   3.254969   3.255119     1.8230    -0.3886     0.3549    34.9145 6.1273e+02   2265.931    34.9130    34.9142     6.0489    1500.36    27.8347    27.8356 0.0000e+00
   2301.000     2.9686     2.9692   3.254892   3.254934     1.8224    -0.3921     0.3552    34.9147 6.1189e+02   2266.911    34.9145    34.9144     6.0473    1500.37    27.8362    27.8361 0.0000e+00
   2302.000     2.9700     2.9712   3.255050   3.255176     1.8216    -0.3707     0.3516    34.9147 6.1487e+02   2267.891    34.9145    34.9146     6.0443    1500.39    27.8361    27.8361 0.0000e+00
   2303.000     2.9729     2.9740   3.255467   3.255537     1.8213    -0.3696     0.3461    34.9155 6.1795e+02   2268.870    34.9159    34.9155     6.0433    1500.42    27.8369    27.8366 0.0000e+00
   2304.000     2.9758     2.9767   3.255784   3.255853     1.8209    -0.3743     0.3514    34.9159 6.1835e+02   2269.850    34.9161    34.9160     6.0417    1500.45    27.8368    27.8367 0.0000e+00
   2305.000     2.9794     2.9800   3.256353   3.256289     1.8211    -0.3901     0.3518    34.9171 6.1829e+02   2270.830    34.9186    34.9173     6.0423    1500.49    27.8386    27.8374 0.0000e+00
   2306.000     2.9937     2.9947   3.258094   3.257969     1.8206    -0.3794     0.3475    34.9207 6.1798e+02   2271.810    34.9239    34.9213     6.0385    1500.57    27.8415    27.8394 0.0000e+00
   2307.000     3.0062     3.0072   3.259324   3.259348     1.8206    -0.3672     0.3433    34.9229 6.1750e+02   2272.790    34.9249    34.9241     6.0368    1500.64    27.8412    27.8405 0.0000e+00
   2308.000     3.0094     3.0105   3.259638   3.259696     1.8195    -0.3682     0.3508    34.9234 6.1771e+02   2273.770    34.9248    34.9244     6.0320    1500.67    27.8408    27.8404 0.0000e+00
   2309.000     3.0125     3.0132   3.260008   3.260028     1.8188    -0.3791     0.3482    34.9242 6.1787e+02   2274.750    34.9255    34.9250     6.0291    1500.70    27.8411    27.8407 0.0000e+00
   2310.000     3.0136     3.0143   3.260138   3.260186     1.8162    -0.3878     0.3488    34.9245 6.1875e+02   2275.729    34.9254    34.9252     6.0179    1500.73    27.8410    27.8408 0.0000e+00
   2311.000     3.0139     3.0146   3.260205   3.260270     1.8126    -0.3794     0.3519    34.9248 6.2034e+02   2276.709    34.9254    34.9254     6.0019    1500.74    27.8410    27.8409 0.0000e+00
   2312.000     3.0137     3.0143   3.260269   3.260312     1.8107    -0.3697     0.3443    34.9253 6.2024e+02   2277.689    34.9259    34.9258     5.9943    1500.76    27.8414    27.8412 0.0000e+00
   2313.000     3.0136     3.0143   3.260286   3.260358     1.8100    -0.3838     0.3483    34.9253 6.2035e+02   2278.669    34.9258    34.9259     5.9917    1500.78    27.8413    27.8413 0.0000e+00
   2314.000     3.0127     3.0135   3.260231   3.260299     1.8093    -0.3831     0.3502    34.9253 6.2023e+02   2279.649    34.9255    34.9256     5.9896    1500.79    27.8412    27.8412 0.0000e+00
   2315.000     3.0105     3.0111   3.260002   3.260101     1.8084    -0.3746     0.3496    34.9249 6.2014e+02   2280.629    34.9247    34.9253     5.9863    1500.80    27.8408    27.8412 0.0000e+00
   2316.000     3.0024     3.0039   3.259206   3.259395     1.8073    -0.3772     0.3438    34.9238 6.2006e+02   2281.609    34.9232    34.9240     5.9838    1500.78    27.8403    27.8408 0.0000e+00
   2317.000     2.9965     2.9969   3.258709   3.258746     1.8070    -0.3915     0.3440    34.9235 6.2024e+02   2282.589    34.9231    34.9231     5.9840    1500.77    27.8407    27.8407 0.0000e+00
   2318.000     2.9938     2.9955   3.258477   3.258662     1.8069    -0.3866     0.3454    34.9231 6.2148e+02   2283.568    34.9228    34.9231     5.9851    1500.77    27.8407    27.8408 0.0000e+00
   2319.000     2.9927     2.9941   3.258398   3.258548     1.8069    -0.3666     0.3504    34.9229 6.2433e+02   2284.548    34.9224    34.9227     5.9861    1500.79    27.8405    27.8407 0.0000e+00
   2320.000     2.9918     2.9928   3.258360   3.258455     1.8069    -0.3719     0.3439    34.9227 6.2652e+02   2285.528    34.9225    34.9225     5.9866    1500.80    27.8407    27.8406 0.0000e+00
   2321.000     2.9912     2.9922   3.258319   3.258435     1.8070    -0.3894     0.3515    34.9226 6.2735e+02   2286.508    34.9222    34.9224     5.9883    1500.81    27.8405    27.8406 0.0000e+00
   2322.000     2.9873     2.9881   3.257936   3.258046     1.8069    -0.3671     0.3501    34.9220 6.2666e+02   2287.488    34.9212    34.9217     5.9893    1500.81    27.8401    27.8404 0.0000e+00
   2323.000     2.9829     2.9837   3.257608   3.257652     1.8069    -0.3917     0.3434    34.9218 6.2501e+02   2288.468    34.9214    34.9212     5.9905    1500.81    27.8407    27.8404 0.0000e+00
   2324.000     2.9832     2.9840   3.257668   3.257739     1.8071    -0.3725     0.3438    34.9217 6.2388e+02   2289.447    34.9214    34.9214     5.9921    1500.83    27.8406    27.8405 0.0000e+00
   2325.000     2.9845     2.9849   3.257868   3.257878     1.8071    -0.3676     0.3436    34.9221 6.2357e+02   2290.427    34.9220    34.9217     5.9927    1500.85    27.8410    27.8407 0.0000e+00
   2326.000     2.9856     2.9861   3.258054   3.258080     1.8071    -0.3710     0.3487    34.9226 6.2427e+02   2291.407    34.9226    34.9224     5.9934    1500.87    27.8414    27.8412 0.0000e+00
   2327.000     2.9897     2.9903   3.258603   3.258629     1.8071    -0.3750     0.3511    34.9241 6.2588e+02   2292.386    34.9243    34.9240     5.9934    1500.91    27.8424    27.8421 0.0000e+00
   2328.000     2.9902     2.9910   3.258710   3.258765     1.8070    -0.3901     0.3529    34.9245 6.2825e+02   2293.366    34.9246    34.9244     5.9937    1500.93    27.8425    27.8424 0.0000e+00
   2329.000     2.9901     2.9907   3.258718   3.258777     1.8061    -0.3897     0.3502    34.9245 6.2949e+02   2294.346    34.9243    34.9244     5.9904    1500.95    27.8423    27.8424 0.0000e+00
   2330.000     2.9880     2.9887   3.258546   3.258611     1.8055    -0.3897     0.3495    34.9243 6.2993e+02   2295.326    34.9241    34.9241     5.9887    1500.95    27.8424    27.8423 0.0000e+00
   2331.000     2.9871     2.9878   3.258507   3.258568     1.8047    -0.3681     0.3506    34.9241 6.3059e+02   2296.306    34.9240    34.9240     5.9858    1500.97    27.8424    27.8423 0.0000e+00
   2332.000     2.9868     2.9879   3.258456   3.258614     1.8046    -0.3816     0.3510    34.9239 6.3104e+02   2297.285    34.9233    34.9240     5.9864    1500.98    27.8418    27.8423 0.0000e+00
   2333.000     2.9799     2.9808   3.257843   3.257950     1.8040    -0.3752     0.3499    34.9235 6.3128e+02   2298.265    34.9227    34.9231     5.9858    1500.97    27.8420    27.8422 0.0000e+00
   2334.000     2.9729     2.9737   3.257205   3.257291     1.8035    -0.3677     0.3461    34.9228 6.3147e+02   2299.245    34.9221    34.9223     5.9854    1500.95    27.8422    27.8422 0.0000e+00
