Ship_data/Irminger/Irminger-5/ctd/process/dar30-03019.cnv
* Sea-Bird SBE 9 Data File:
* FileName = D:\Data\ar30-03019.hdr
* Software Version Seasave V 7.23.2
* Temperature SN = 4312
* Conductivity SN = 2148
* Number of Bytes Per Scan = 44
* Number of Voltage Words = 5
* Number of Scans Averaged by the Deck Unit = 1
* NMEA Latitude = 59 55.88 N
* NMEA Longitude = 041 18.96 W
* NMEA UTC (Time) = Jun 18 2018  20:06:05
** Cruise ID: ar30-03
** Chief Sci: Macdonald
** Station #: 019
** Site ID: Irminger 5 OSNAP C01
# nquan = 18
# nvalues = 1956                        
# units = specified
# name 0 = prDM: Pressure, Digiquartz [db]
# name 1 = t090C: Temperature [ITS-90, deg C]
# name 2 = t190C: Temperature, 2 [ITS-90, deg C]
# name 3 = c0S/m: Conductivity [S/m]
# name 4 = c1S/m: Conductivity, 2 [S/m]
# name 5 = sbeox0V: Oxygen raw, SBE 43 [V]
# name 6 = flECO-AFL: Fluorescence, WET Labs ECO-AFL/FL [mg/m^3]
# name 7 = turbWETntu0: Turbidity, WET Labs ECO [NTU]
# name 8 = sal00: Salinity, Practical [PSU]
# name 9 = spar: SPAR/Surface Irradiance
# name 10 = depSM: Depth [salt water, m], lat = 59.9313
# name 11 = sal00: Salinity, Practical [PSU]
# name 12 = sal11: Salinity, Practical, 2 [PSU]
# name 13 = sbeox0ML/L: Oxygen, SBE 43 [ml/l], WS = 2
# name 14 = svCM: Sound Velocity [Chen-Millero, m/s]
# name 15 = sigma-é00: Density [sigma-theta, kg/m^3]
# name 16 = sigma-é11: Density, 2 [sigma-theta, kg/m^3]
# name 17 = flag: flag
# span 0 =      3.000,   1958.000       
# span 1 =     2.3629,     6.5881       
# span 2 =     2.3634,     6.5802       
# span 3 =   3.184880,   3.477114       
# span 4 =   3.184938,   3.476461       
# span 5 =     1.9041,     2.8923       
# span 6 =    -0.4096,     9.8889       
# span 7 =     0.3482,     0.7888       
# span 8 =    34.8232,    34.9350       
# span 9 = 8.5665e+02, 2.1999e+03       
# span 10 =      2.972,   1930.511      
# span 11 =    34.8181,    34.9344      
# span 12 =    34.8218,    34.9361      
# span 13 =     6.0147,     7.3951      
# span 14 =    1471.85,    1492.00      
# span 15 =    27.3557,    27.8702      
# span 16 =    27.3573,    27.8705      
# span 17 = 0.0000e+00, 0.0000e+00      
# interval = decibars: 1                
# start_time = Jun 18 2018 20:06:05 [System UTC, first data scan.]
# bad_flag = -9.990e-29
*END*
[from data line 1126]
   1129.000     3.5265     3.5266   3.255215   3.255325     2.0860    -0.3573     0.3629    34.9029 1.8405e+03   1115.332    34.9028    34.9040     6.1337    1483.11    27.7653    27.7663 0.0000e+00
   1130.000     3.5261     3.5266   3.255211   3.255350     2.0854    -0.3479     0.3641    34.9028 1.7042e+03   1116.317    34.9027    34.9038     6.1324    1483.12    27.7653    27.7661 0.0000e+00
   1131.000     3.5259     3.5261   3.255248   3.255351     2.0850    -0.3467     0.3673    34.9028 1.5319e+03   1117.303    34.9028    34.9039     6.1315    1483.14    27.7654    27.7662 0.0000e+00
   1132.000     3.5260     3.5260   3.255288   3.255375     2.0849    -0.3616     0.3589    34.9028 1.5632e+03   1118.288    34.9027    34.9038     6.1321    1483.15    27.7653    27.7662 0.0000e+00
   1133.000     3.5256     3.5261   3.255291   3.255424     2.0847    -0.3596     0.3627    34.9027 1.5563e+03   1119.273    34.9026    34.9037     6.1321    1483.17    27.7653    27.7661 0.0000e+00
   1134.000     3.5250     3.5252   3.255286   3.255389     2.0839    -0.3583     0.3667    34.9028 1.5441e+03   1120.258    34.9027    34.9037     6.1300    1483.18    27.7654    27.7662 0.0000e+00
   1135.000     3.5249     3.5250   3.255314   3.255427     2.0838    -0.3649     0.3602    34.9028 1.7069e+03   1121.244    34.9027    34.9039     6.1303    1483.20    27.7654    27.7664 0.0000e+00
   1136.000     3.5245     3.5246   3.255352   3.255428     2.0837    -0.3640     0.3659    34.9030 1.7066e+03   1122.229    34.9030    34.9038     6.1307    1483.21    27.7658    27.7663 0.0000e+00
   1137.000     3.5249     3.5249   3.255420   3.255519     2.0835    -0.3548     0.3778    34.9030 1.5919e+03   1123.214    34.9029    34.9041     6.1308    1483.23    27.7656    27.7666 0.0000e+00
   1138.000     3.5242     3.5245   3.255381   3.255503     2.0836    -0.2658     0.4513    34.9027 1.4423e+03   1124.199    34.9026    34.9038     6.1321    1483.24    27.7655    27.7664 0.0000e+00
   1139.000     3.5241     3.5242   3.255434   3.255525     2.0828    -0.3428     0.3914    34.9028 1.4057e+03   1125.184    34.9028    34.9039     6.1297    1483.26    27.7657    27.7665 0.0000e+00
   1140.000     3.5235     3.5236   3.255410   3.255503     2.0827    -0.3679     0.3636    34.9028 1.3613e+03   1126.170    34.9028    34.9038     6.1302    1483.27    27.7657    27.7665 0.0000e+00
   1141.000     3.5233     3.5232   3.255436   3.255520     2.0825    -0.3650     0.3582    34.9028 1.5234e+03   1127.155    34.9027    34.9038     6.1302    1483.29    27.7656    27.7665 0.0000e+00
   1142.000     3.5224     3.5224   3.255409   3.255485     2.0825    -0.3641     0.3618    34.9029 1.7716e+03   1128.140    34.9028    34.9038     6.1312    1483.30    27.7658    27.7666 0.0000e+00
   1143.000     3.5209     3.5209   3.255325   3.255420     2.0825    -0.3712     0.3629    34.9030 1.7903e+03   1129.125    34.9029    34.9040     6.1323    1483.31    27.7660    27.7670 0.0000e+00
   1144.000     3.5206     3.5208   3.255356   3.255461     2.0820    -0.3690     0.3629    34.9032 1.7889e+03   1130.110    34.9031    34.9042     6.1312    1483.33    27.7663    27.7671 0.0000e+00
   1145.000     3.5211     3.5212   3.255458   3.255534     2.0817    -0.3642     0.3629    34.9033 1.7959e+03   1131.095    34.9033    34.9041     6.1308    1483.35    27.7664    27.7670 0.0000e+00
   1146.000     3.5212     3.5214   3.255497   3.255590     2.0813    -0.3656     0.3629    34.9032 1.8026e+03   1132.081    34.9031    34.9041     6.1299    1483.37    27.7662    27.7670 0.0000e+00
   1147.000     3.5215     3.5218   3.255565   3.255676     2.0813    -0.3655     0.3629    34.9030 1.8035e+03   1133.066    34.9031    34.9042     6.1307    1483.38    27.7662    27.7670 0.0000e+00
   1148.000     3.5225     3.5226   3.255687   3.255773     2.0813    -0.3585     0.3629    34.9029 1.8009e+03   1134.051    34.9030    34.9040     6.1313    1483.40    27.7660    27.7668 0.0000e+00
   1149.000     3.5220     3.5214   3.255684   3.255720     2.0807    -0.3719     0.3600    34.9030 1.8011e+03   1135.036    34.9030    34.9040     6.1298    1483.42    27.7660    27.7670 0.0000e+00
   1150.000     3.5218     3.5218   3.255716   3.255802     2.0801    -0.3691     0.3664    34.9030 1.8017e+03   1136.021    34.9030    34.9040     6.1285    1483.43    27.7661    27.7669 0.0000e+00
   1151.000     3.5223     3.5223   3.255791   3.255878     2.0796    -0.3625     0.3617    34.9029 1.7883e+03   1137.006    34.9029    34.9039     6.1272    1483.45    27.7660    27.7668 0.0000e+00
   1152.000     3.5219     3.5219   3.255812   3.255894     2.0789    -0.3661     0.3602    34.9031 1.7768e+03   1137.992    34.9031    34.9041     6.1255    1483.47    27.7662    27.7670 0.0000e+00
   1153.000     3.5222     3.5224   3.255879   3.255982     2.0789    -0.3644     0.3612    34.9031 1.7762e+03   1138.977    34.9030    34.9041     6.1259    1483.49    27.7661    27.7670 0.0000e+00
   1154.000     3.5164     3.5170   3.255332   3.255492     2.0788    -0.3678     0.3588    34.9029 1.7866e+03   1139.962    34.9022    34.9034     6.1275    1483.48    27.7661    27.7669 0.0000e+00
   1155.000     3.5146     3.5147   3.255324   3.255419     2.0787    -0.3662     0.3630    34.9036 1.7972e+03   1140.947    34.9035    34.9045     6.1280    1483.49    27.7672    27.7680 0.0000e+00
   1156.000     3.5154     3.5151   3.255439   3.255492     2.0780    -0.3639     0.3629    34.9036 1.8068e+03   1141.932    34.9036    34.9044     6.1261    1483.51    27.7672    27.7679 0.0000e+00
   1157.000     3.5161     3.5158   3.255538   3.255593     2.0774    -0.3735     0.3648    34.9035 1.8154e+03   1142.917    34.9034    34.9044     6.1243    1483.53    27.7670    27.7678 0.0000e+00
   1158.000     3.5162     3.5161   3.255572   3.255653     2.0766    -0.3786     0.3682    34.9033 1.8224e+03   1143.902    34.9032    34.9043     6.1221    1483.54    27.7669    27.7677 0.0000e+00
   1159.000     3.5160     3.5161   3.255594   3.255690     2.0758    -0.3761     0.3679    34.9033 1.8202e+03   1144.887    34.9032    34.9042     6.1198    1483.56    27.7669    27.7677 0.0000e+00
   1160.000     3.5152     3.5153   3.255549   3.255661     2.0754    -0.3693     0.3642    34.9032 1.8044e+03   1145.872    34.9030    34.9042     6.1191    1483.57    27.7669    27.7677 0.0000e+00
   1161.000     3.5122     3.5132   3.255336   3.255521     2.0759    -0.3653     0.3587    34.9034 1.7895e+03   1146.858    34.9031    34.9043     6.1226    1483.58    27.7672    27.7681 0.0000e+00
   1162.000     3.5119     3.5137   3.255369   3.255605     2.0763    -0.3867     0.3625    34.9035 1.7824e+03   1147.843    34.9034    34.9043     6.1247    1483.59    27.7674    27.7680 0.0000e+00
   1163.000     3.5120     3.5120   3.255437   3.255503     2.0765    -0.3870     0.3579    34.9036 1.7890e+03   1148.828    34.9035    34.9043     6.1263    1483.61    27.7676    27.7682 0.0000e+00
   1164.000     3.5122     3.5122   3.255502   3.255588     2.0763    -0.3668     0.3580    34.9036 1.8050e+03   1149.813    34.9036    34.9046     6.1266    1483.63    27.7676    27.7684 0.0000e+00
   1165.000     3.5130     3.5131   3.255621   3.255709     2.0753    -0.3710     0.3664    34.9037 1.8242e+03   1150.798    34.9037    34.9045     6.1232    1483.65    27.7676    27.7683 0.0000e+00
   1166.000     3.5132     3.5133   3.255649   3.255765     2.0753    -0.3584     0.3757    34.9034 1.8390e+03   1151.783    34.9033    34.9045     6.1238    1483.66    27.7673    27.7682 0.0000e+00
   1167.000     3.5129     3.5129   3.255682   3.255755     2.0753    -0.3325     0.3883    34.9035 1.8511e+03   1152.768    34.9034    34.9043     6.1246    1483.68    27.7674    27.7681 0.0000e+00
   1168.000     3.5118     3.5115   3.255610   3.255679     2.0753    -0.3630     0.3611    34.9034 1.8532e+03   1153.753    34.9032    34.9044     6.1256    1483.69    27.7674    27.7684 0.0000e+00
   1169.000     3.5108     3.5108   3.255572   3.255668     2.0747    -0.3468     0.3702    34.9035 1.8375e+03   1154.738    34.9034    34.9045     6.1242    1483.70    27.7676    27.7685 0.0000e+00
   1170.000     3.5103     3.5107   3.255563   3.255686     2.0739    -0.3661     0.3624    34.9034 1.7724e+03   1155.723    34.9033    34.9043     6.1223    1483.72    27.7676    27.7684 0.0000e+00
   1171.000     3.5102     3.5104   3.255610   3.255717     2.0735    -0.3688     0.3629    34.9034 1.5384e+03   1156.708    34.9034    34.9045     6.1213    1483.73    27.7677    27.7686 0.0000e+00
   1172.000     3.5102     3.5103   3.255670   3.255755     2.0740    -0.3891     0.3629    34.9036 1.6137e+03   1157.693    34.9036    34.9045     6.1240    1483.75    27.7679    27.7686 0.0000e+00
   1173.000     3.5103     3.5105   3.255717   3.255818     2.0740    -0.3692     0.3629    34.9036 1.7876e+03   1158.678    34.9036    34.9046     6.1250    1483.77    27.7679    27.7686 0.0000e+00
   1174.000     3.5104     3.5106   3.255771   3.255871     2.0741    -0.3652     0.3629    34.9036 1.8178e+03   1159.663    34.9036    34.9046     6.1260    1483.79    27.7679    27.7686 0.0000e+00
   1175.000     3.5104     3.5105   3.255815   3.255921     2.0740    -0.3603     0.3629    34.9036 1.8115e+03   1160.648    34.9037    34.9047     6.1265    1483.80    27.7679    27.7688 0.0000e+00
   1176.000     3.5106     3.5108   3.255882   3.255990     2.0734    -0.3621     0.3635    34.9037 1.7995e+03   1161.633    34.9037    34.9047     6.1249    1483.82    27.7679    27.7688 0.0000e+00
   1177.000     3.5107     3.5108   3.255926   3.256007     2.0730    -0.3701     0.3634    34.9036 1.7515e+03   1162.618    34.9036    34.9045     6.1241    1483.84    27.7679    27.7686 0.0000e+00
   1178.000     3.5104     3.5105   3.255937   3.256030     2.0729    -0.3660     0.3669    34.9035 1.6909e+03   1163.603    34.9035    34.9045     6.1245    1483.85    27.7679    27.7686 0.0000e+00
   1179.000     3.5105     3.5104   3.255982   3.256057     2.0724    -0.3553     0.3682    34.9035 1.6224e+03   1164.588    34.9035    34.9045     6.1235    1483.87    27.7678    27.7686 0.0000e+00
   1180.000     3.5101     3.5103   3.256004   3.256105     2.0713    -0.3682     0.3671    34.9036 1.3831e+03   1165.573    34.9036    34.9047     6.1201    1483.88    27.7680    27.7688 0.0000e+00
   1181.000     3.5101     3.5102   3.256044   3.256139     2.0706    -0.3644     0.3627    34.9036 1.5299e+03   1166.558    34.9036    34.9046     6.1179    1483.90    27.7680    27.7687 0.0000e+00
   1182.000     3.5098     3.5100   3.256068   3.256169     2.0704    -0.3639     0.3629    34.9036 1.5577e+03   1167.543    34.9037    34.9047     6.1180    1483.92    27.7681    27.7689 0.0000e+00
   1183.000     3.5097     3.5098   3.256094   3.256197     2.0698    -0.3701     0.3629    34.9037 1.4763e+03   1168.528    34.9037    34.9047     6.1167    1483.93    27.7681    27.7689 0.0000e+00
   1184.000     3.5095     3.5098   3.256130   3.256232     2.0695    -0.3651     0.3629    34.9037 1.3689e+03   1169.513    34.9037    34.9047     6.1163    1483.95    27.7682    27.7689 0.0000e+00
   1185.000     3.5097     3.5097   3.256197   3.256272     2.0696    -0.3641     0.3592    34.9038 1.1397e+03   1170.498    34.9038    34.9047     6.1173    1483.97    27.7682    27.7689 0.0000e+00
   1186.000     3.5098     3.5099   3.256238   3.256325     2.0702    -0.3642     0.3581    34.9037 1.0699e+03   1171.483    34.9037    34.9046     6.1205    1483.98    27.7681    27.7688 0.0000e+00
   1187.000     3.5102     3.5101   3.256313   3.256398     2.0705    -0.3882     0.3584    34.9036 1.1504e+03   1172.468    34.9036    34.9048     6.1224    1484.00    27.7680    27.7689 0.0000e+00
   1188.000     3.5098     3.5099   3.256312   3.256413     2.0703    -0.3933     0.3580    34.9036 1.2760e+03   1173.453    34.9035    34.9047     6.1225    1484.02    27.7680    27.7689 0.0000e+00
   1189.000     3.5096     3.5098   3.256346   3.256444     2.0693    -0.3700     0.3605    34.9037 1.4029e+03   1174.438    34.9036    34.9047     6.1196    1484.03    27.7681    27.7689 0.0000e+00
   1190.000     3.5092     3.5094   3.256355   3.256453     2.0692    -0.3836     0.3670    34.9037 1.5494e+03   1175.423    34.9037    34.9047     6.1200    1484.05    27.7682    27.7690 0.0000e+00
   1191.000     3.5092     3.5093   3.256398   3.256492     2.0689    -0.3665     0.3613    34.9037 1.6844e+03   1176.408    34.9037    34.9047     6.1194    1484.06    27.7682    27.7690 0.0000e+00
   1192.000     3.5091     3.5093   3.256443   3.256535     2.0684    -0.3640     0.3674    34.9038 1.8004e+03   1177.393    34.9039    34.9048     6.1184    1484.08    27.7684    27.7690 0.0000e+00
   1193.000     3.5093     3.5094   3.256503   3.256585     2.0682    -0.3417     0.3627    34.9038 1.8029e+03   1178.378    34.9038    34.9047     6.1183    1484.10    27.7683    27.7690 0.0000e+00
   1194.000     3.5093     3.5094   3.256538   3.256622     2.0681    -0.3682     0.3629    34.9037 1.7715e+03   1179.363    34.9037    34.9047     6.1186    1484.11    27.7682    27.7690 0.0000e+00
   1195.000     3.5092     3.5092   3.256569   3.256655     2.0681    -0.3643     0.3629    34.9037 1.7658e+03   1180.348    34.9037    34.9047     6.1195    1484.13    27.7682    27.7690 0.0000e+00
   1196.000     3.5092     3.5093   3.256601   3.256709     2.0681    -0.3702     0.3629    34.9036 1.7231e+03   1181.333    34.9036    34.9047     6.1203    1484.15    27.7682    27.7691 0.0000e+00
   1197.000     3.5091     3.5092   3.256652   3.256742     2.0676    -0.3721     0.3613    34.9038 1.6635e+03   1182.318    34.9038    34.9048     6.1192    1484.16    27.7684    27.7691 0.0000e+00
   1198.000     3.5091     3.5092   3.256698   3.256788     2.0669    -0.3880     0.3600    34.9038 1.6020e+03   1183.303    34.9038    34.9048     6.1172    1484.18    27.7684    27.7691 0.0000e+00
   1199.000     3.5091     3.5092   3.256732   3.256839     2.0669    -0.3850     0.3639    34.9038 1.5978e+03   1184.288    34.9037    34.9049     6.1180    1484.20    27.7683    27.7692 0.0000e+00
   1200.000     3.5092     3.5093   3.256785   3.256877     2.0668    -0.3593     0.3694    34.9037 1.6227e+03   1185.273    34.9038    34.9048     6.1184    1484.21    27.7683    27.7691 0.0000e+00
   1201.000     3.5089     3.5091   3.256805   3.256902     2.0668    -0.3827     0.3678    34.9038 1.6534e+03   1186.257    34.9038    34.9047     6.1194    1484.23    27.7684    27.7691 0.0000e+00
   1202.000     3.5082     3.5086   3.256762   3.256893     2.0669    -0.3703     0.3593    34.9036 1.7471e+03   1187.242    34.9035    34.9046     6.1206    1484.24    27.7682    27.7691 0.0000e+00
   1203.000     3.5069     3.5068   3.256702   3.256783     2.0663    -0.3853     0.3623    34.9037 1.7533e+03   1188.227    34.9037    34.9047     6.1193    1484.25    27.7685    27.7693 0.0000e+00
   1204.000     3.5067     3.5068   3.256748   3.256835     2.0654    -0.3390     0.3846    34.9039 1.7819e+03   1189.212    34.9039    34.9049     6.1167    1484.27    27.7687    27.7695 0.0000e+00
   1205.000     3.5048     3.5032   3.256526   3.256503     2.0645    -0.3452     0.3640    34.9034 1.7762e+03   1190.197    34.9028    34.9042     6.1143    1484.28    27.7680    27.7693 0.0000e+00
   1206.000     3.5022     3.5029   3.256480   3.256592     2.0645    -0.3610     0.3591    34.9044 1.7830e+03   1191.182    34.9045    34.9050     6.1152    1484.28    27.7697    27.7700 0.0000e+00
   1207.000     3.5031     3.5040   3.256529   3.256695     2.0645    -0.3649     0.3615    34.9039 1.7989e+03   1192.167    34.9036    34.9046     6.1159    1484.30    27.7688    27.7696 0.0000e+00
   1208.000     3.5007     3.5035   3.256391   3.256766     2.0645    -0.3691     0.3629    34.9042 1.7679e+03   1193.152    34.9040    34.9055     6.1171    1484.31    27.7694    27.7703 0.0000e+00
