Ship_data/Irminger/Irminger-5/ctd/process/dar30-03016.cnv
* Sea-Bird SBE 9 Data File:
* FileName = D:\Data\ar30-03016.hdr
* Software Version Seasave V 7.23.2
* Temperature SN = 4312
* Conductivity SN = 2148
* Number of Bytes Per Scan = 44
* Number of Voltage Words = 5
* Number of Scans Averaged by the Deck Unit = 1
* NMEA Latitude = 59 52.71 N
* NMEA Longitude = 041 08.31 W
* NMEA UTC (Time) = Jun 17 2018  12:01:00
** Cruise ID: ar30-03
** Chief Sci: Macdonald
** Station #: 016
** Site ID: Irminger 5 OSNAP M1
** cast at osnap mooring M1
# nquan = 18
# nvalues = 2072                        
# units = specified
# name 0 = prDM: Pressure, Digiquartz [db]
# name 1 = t090C: Temperature [ITS-90, deg C]
# name 2 = t190C: Temperature, 2 [ITS-90, deg C]
# name 3 = c0S/m: Conductivity [S/m]
# name 4 = c1S/m: Conductivity, 2 [S/m]
# name 5 = sbeox0V: Oxygen raw, SBE 43 [V]
# name 6 = flECO-AFL: Fluorescence, WET Labs ECO-AFL/FL [mg/m^3]
# name 7 = turbWETntu0: Turbidity, WET Labs ECO [NTU]
# name 8 = sal00: Salinity, Practical [PSU]
# name 9 = spar: SPAR/Surface Irradiance
# name 10 = depSM: Depth [salt water, m], lat = 59.8785
# name 11 = sal00: Salinity, Practical [PSU]
# name 12 = sal11: Salinity, Practical, 2 [PSU]
# name 13 = sbeox0ML/L: Oxygen, SBE 43 [ml/l], WS = 2
# name 14 = svCM: Sound Velocity [Chen-Millero, m/s]
# name 15 = sigma-é00: Density [sigma-theta, kg/m^3]
# name 16 = sigma-é11: Density, 2 [sigma-theta, kg/m^3]
# name 17 = flag: flag
# span 0 =      4.000,   2075.000       
# span 1 =     2.1683,     6.3118       
# span 2 =     2.1688,     6.3128       
# span 3 =   3.171278,   3.446223       
# span 4 =   3.171386,   3.446704       
# span 5 =     1.8912,     2.9716       
# span 6 =    -0.4182,    18.3218       
# span 7 =     0.3433,     0.7165       
# span 8 =    34.7858,    34.9265       
# span 9 = 1.3062e+03, 2.9526e+03       
# span 10 =      3.962,   2045.317      
# span 11 =    34.7858,    34.9263      
# span 12 =    34.7901,    34.9271      
# span 13 =     5.9640,     7.6998      
# span 14 =    1473.13,    1493.10      
# span 15 =    27.3431,    27.8804      
# span 16 =    27.3464,    27.8807      
# span 17 = 0.0000e+00, 0.0000e+00      
# interval = decibars: 1                
# start_time = Jun 17 2018 12:01:00 [System UTC, first data scan.]
# bad_flag = -9.990e-29
*END*
[from data line 1609]
   1613.000     3.1341     3.1344   3.241559   3.241637     1.9603    -0.3898     0.3569    34.9125 2.5037e+03   1591.653    34.9124    34.9130     6.0790    1489.52    27.8139    27.8143 0.0000e+00
   1614.000     3.1340     3.1344   3.241595   3.241671     1.9595    -0.3891     0.3515    34.9126 2.4844e+03   1592.636    34.9125    34.9130     6.0765    1489.53    27.8140    27.8143 0.0000e+00
   1615.000     3.1337     3.1342   3.241618   3.241701     1.9589    -0.3835     0.3528    34.9126 2.4038e+03   1593.619    34.9125    34.9131     6.0748    1489.55    27.8140    27.8144 0.0000e+00
   1616.000     3.1337     3.1341   3.241667   3.241740     1.9584    -0.3676     0.3580    34.9126 2.2688e+03   1594.602    34.9126    34.9131     6.0732    1489.56    27.8141    27.8145 0.0000e+00
   1617.000     3.1335     3.1339   3.241673   3.241757     1.9577    -0.3870     0.3555    34.9125 2.1852e+03   1595.585    34.9124    34.9130     6.0712    1489.58    27.8140    27.8144 0.0000e+00
   1618.000     3.1320     3.1310   3.241532   3.241541     1.9576    -0.3833     0.3542    34.9123 2.1383e+03   1596.568    34.9119    34.9130     6.0717    1489.59    27.8137    27.8147 0.0000e+00
   1619.000     3.1298     3.1301   3.241425   3.241497     1.9566    -0.3824     0.3560    34.9126 2.0462e+03   1597.551    34.9124    34.9130     6.0690    1489.60    27.8144    27.8148 0.0000e+00
   1620.000     3.1299     3.1303   3.241469   3.241550     1.9563    -0.3692     0.3588    34.9124 1.8433e+03   1598.534    34.9123    34.9129     6.0685    1489.62    27.8142    27.8147 0.0000e+00
   1621.000     3.1290     3.1292   3.241469   3.241545     1.9556    -0.3935     0.3546    34.9129 1.9274e+03   1599.517    34.9128    34.9135     6.0665    1489.63    27.8147    27.8153 0.0000e+00
   1622.000     3.1283     3.1286   3.241454   3.241539     1.9553    -0.3895     0.3545    34.9130 2.0508e+03   1600.500    34.9128    34.9136     6.0660    1489.64    27.8149    27.8154 0.0000e+00
   1623.000     3.1280     3.1284   3.241492   3.241570     1.9553    -0.3873     0.3557    34.9131 2.1406e+03   1601.483    34.9131    34.9136     6.0669    1489.66    27.8151    27.8155 0.0000e+00
   1624.000     3.1284     3.1287   3.241559   3.241641     1.9552    -0.3938     0.3580    34.9131 2.0973e+03   1602.466    34.9130    34.9137     6.0673    1489.68    27.8150    27.8155 0.0000e+00
   1625.000     3.1285     3.1289   3.241615   3.241688     1.9548    -0.3886     0.3548    34.9130 2.0850e+03   1603.449    34.9130    34.9135     6.0665    1489.69    27.8150    27.8154 0.0000e+00
   1626.000     3.1287     3.1290   3.241667   3.241755     1.9547    -0.3754     0.3536    34.9130 2.1146e+03   1604.432    34.9130    34.9137     6.0665    1489.71    27.8150    27.8155 0.0000e+00
   1627.000     3.1286     3.1288   3.241701   3.241770     1.9542    -0.3795     0.3540    34.9131 2.3908e+03   1605.415    34.9130    34.9136     6.0655    1489.73    27.8150    27.8155 0.0000e+00
   1628.000     3.1270     3.1274   3.241612   3.241713     1.9540    -0.3634     0.3538    34.9133 2.5862e+03   1606.398    34.9131    34.9139     6.0656    1489.74    27.8152    27.8158 0.0000e+00
   1629.000     3.1248     3.1252   3.241483   3.241575     1.9533    -0.3630     0.3571    34.9137 2.6024e+03   1607.381    34.9134    34.9141     6.0640    1489.75    27.8157    27.8162 0.0000e+00
   1630.000     3.1223     3.1227   3.241323   3.241406     1.9530    -0.3848     0.3549    34.9140 2.5951e+03   1608.364    34.9137    34.9143     6.0636    1489.75    27.8161    27.8166 0.0000e+00
   1631.000     3.1195     3.1200   3.241148   3.241236     1.9527    -0.3844     0.3552    34.9144 2.5902e+03   1609.347    34.9141    34.9146     6.0638    1489.76    27.8167    27.8171 0.0000e+00
   1632.000     3.1178     3.1182   3.241057   3.241148     1.9517    -0.3757     0.3562    34.9146 2.5865e+03   1610.329    34.9143    34.9149     6.0605    1489.77    27.8170    27.8175 0.0000e+00
   1633.000     3.1164     3.1168   3.240975   3.241080     1.9517    -0.3917     0.3536    34.9147 2.5843e+03   1611.312    34.9143    34.9151     6.0615    1489.78    27.8172    27.8178 0.0000e+00
   1634.000     3.1143     3.1148   3.240867   3.240969     1.9506    -0.3938     0.3540    34.9151 2.5810e+03   1612.295    34.9147    34.9154     6.0582    1489.79    27.8177    27.8183 0.0000e+00
   1635.000     3.1115     3.1127   3.240660   3.240850     1.9505    -0.3911     0.3504    34.9153 2.5775e+03   1613.278    34.9147    34.9157     6.0588    1489.79    27.8180    27.8186 0.0000e+00
   1636.000     3.1065     3.1072   3.240198   3.240396     1.9503    -0.3847     0.3505    34.9155 2.5722e+03   1614.261    34.9140    34.9157     6.0598    1489.79    27.8179    27.8192 0.0000e+00
   1637.000     3.1010     3.1014   3.239897   3.239968     1.9495    -0.3651     0.3548    34.9164 2.5641e+03   1615.244    34.9158    34.9162     6.0582    1489.78    27.8198    27.8201 0.0000e+00
   1638.000     3.1006     3.1014   3.239883   3.240000     1.9491    -0.3877     0.3575    34.9161 2.5560e+03   1616.227    34.9155    34.9161     6.0572    1489.80    27.8196    27.8200 0.0000e+00
   1639.000     3.0991     3.1006   3.239785   3.239961     1.9475    -0.3824     0.3524    34.9159 2.5781e+03   1617.210    34.9155    34.9160     6.0518    1489.81    27.8197    27.8200 0.0000e+00
   1640.000     3.0977     3.0981   3.239774   3.239849     1.9469    -0.3741     0.3531    34.9166 2.5958e+03   1618.193    34.9163    34.9167     6.0501    1489.82    27.8206    27.8208 0.0000e+00
   1641.000     3.0977     3.0980   3.239807   3.239882     1.9467    -0.3690     0.3570    34.9165 2.5967e+03   1619.176    34.9162    34.9168     6.0500    1489.83    27.8205    27.8209 0.0000e+00
   1642.000     3.0977     3.0979   3.239853   3.239928     1.9458    -0.3682     0.3580    34.9165 2.5984e+03   1620.158    34.9162    34.9169     6.0469    1489.85    27.8205    27.8210 0.0000e+00
   1643.000     3.0976     3.0981   3.239876   3.239973     1.9456    -0.3669     0.3540    34.9165 2.6009e+03   1621.141    34.9162    34.9168     6.0470    1489.87    27.8205    27.8209 0.0000e+00
   1644.000     3.0972     3.0977   3.239886   3.239973     1.9453    -0.3612     0.3534    34.9164 2.5961e+03   1622.124    34.9161    34.9167     6.0468    1489.88    27.8205    27.8209 0.0000e+00
   1645.000     3.0968     3.0974   3.239903   3.239973     1.9451    -0.3449     0.3541    34.9165 2.5858e+03   1623.107    34.9162    34.9165     6.0466    1489.90    27.8206    27.8208 0.0000e+00
   1646.000     3.0958     3.0960   3.239841   3.239914     1.9444    -0.3498     0.3544    34.9165 2.5770e+03   1624.090    34.9161    34.9168     6.0447    1489.91    27.8206    27.8211 0.0000e+00
   1647.000     3.0950     3.0954   3.239803   3.239893     1.9443    -0.3718     0.3540    34.9163 2.5750e+03   1625.073    34.9160    34.9166     6.0453    1489.92    27.8206    27.8211 0.0000e+00
   1648.000     3.0944     3.0945   3.239771   3.239830     1.9434    -0.3692     0.3542    34.9161 2.4794e+03   1626.056    34.9158    34.9164     6.0425    1489.94    27.8205    27.8210 0.0000e+00
   1649.000     3.0946     3.0952   3.239865   3.239952     1.9432    -0.3727     0.3520    34.9163 2.2046e+03   1627.039    34.9162    34.9166     6.0423    1489.95    27.8208    27.8211 0.0000e+00
   1650.000     3.0930     3.0934   3.239760   3.239840     1.9432    -0.3713     0.3519    34.9164 2.2386e+03   1628.021    34.9161    34.9167     6.0434    1489.96    27.8209    27.8214 0.0000e+00
   1651.000     3.0914     3.0917   3.239681   3.239760     1.9432    -0.3866     0.3534    34.9167 2.2997e+03   1629.004    34.9164    34.9171     6.0442    1489.97    27.8213    27.8218 0.0000e+00
   1652.000     3.0898     3.0901   3.239613   3.239697     1.9428    -0.3910     0.3507    34.9170 2.3458e+03   1629.987    34.9168    34.9174     6.0438    1489.99    27.8218    27.8222 0.0000e+00
   1653.000     3.0892     3.0895   3.239591   3.239670     1.9424    -0.3883     0.3503    34.9171 2.3680e+03   1630.970    34.9167    34.9173     6.0429    1490.00    27.8218    27.8222 0.0000e+00
   1654.000     3.0876     3.0879   3.239496   3.239583     1.9420    -0.3873     0.3533    34.9171 2.3913e+03   1631.953    34.9168    34.9174     6.0422    1490.01    27.8220    27.8225 0.0000e+00
   1655.000     3.0863     3.0868   3.239439   3.239540     1.9420    -0.3762     0.3516    34.9173 2.4407e+03   1632.936    34.9169    34.9176     6.0431    1490.02    27.8222    27.8227 0.0000e+00
   1656.000     3.0852     3.0858   3.239382   3.239485     1.9417    -0.3676     0.3514    34.9173 2.5172e+03   1633.918    34.9169    34.9175     6.0430    1490.03    27.8223    27.8227 0.0000e+00
   1657.000     3.0744     3.0802   3.238357   3.238996     1.9408    -0.3845     0.3538    34.9167 2.5743e+03   1634.901    34.9156    34.9171     6.0417    1490.00    27.8222    27.8229 0.0000e+00
   1658.000     3.0698     3.0706   3.238022   3.238135     1.9408    -0.3786     0.3561    34.9165 2.6021e+03   1635.884    34.9159    34.9165     6.0433    1490.00    27.8230    27.8233 0.0000e+00
   1659.000     3.0686     3.0687   3.237921   3.237989     1.9408    -0.3828     0.3555    34.9162 2.6275e+03   1636.867    34.9156    34.9163     6.0443    1490.01    27.8228    27.8233 0.0000e+00
   1660.000     3.0684     3.0689   3.237977   3.238047     1.9407    -0.3689     0.3537    34.9162 2.6296e+03   1637.849    34.9159    34.9162     6.0447    1490.03    27.8231    27.8233 0.0000e+00
   1661.000     3.0685     3.0690   3.238045   3.238119     1.9405    -0.3684     0.3506    34.9164 2.6272e+03   1638.832    34.9161    34.9165     6.0449    1490.04    27.8232    27.8235 0.0000e+00
   1662.000     3.0696     3.0695   3.238196   3.238206     1.9402    -0.3822     0.3518    34.9164 2.6195e+03   1639.815    34.9163    34.9165     6.0443    1490.07    27.8233    27.8235 0.0000e+00
   1663.000     3.0684     3.0686   3.238086   3.238158     1.9398    -0.3873     0.3539    34.9162 2.6173e+03   1640.798    34.9158    34.9164     6.0436    1490.08    27.8230    27.8234 0.0000e+00
   1664.000     3.0660     3.0660   3.237929   3.237984     1.9398    -0.3682     0.3539    34.9164 2.6167e+03   1641.781    34.9159    34.9166     6.0445    1490.08    27.8233    27.8239 0.0000e+00
   1665.000     3.0657     3.0662   3.237973   3.238044     1.9396    -0.3720     0.3545    34.9165 2.6148e+03   1642.763    34.9163    34.9166     6.0445    1490.10    27.8237    27.8238 0.0000e+00
   1666.000     3.0656     3.0661   3.237978   3.238084     1.9396    -0.3701     0.3547    34.9163 2.6090e+03   1643.746    34.9160    34.9167     6.0454    1490.11    27.8234    27.8239 0.0000e+00
   1667.000     3.0658     3.0664   3.238058   3.238143     1.9396    -0.3694     0.3547    34.9164 2.6042e+03   1644.729    34.9162    34.9166     6.0461    1490.13    27.8236    27.8238 0.0000e+00
   1668.000     3.0664     3.0671   3.238143   3.238237     1.9393    -0.3858     0.3527    34.9162 2.5997e+03   1645.712    34.9160    34.9165     6.0456    1490.15    27.8234    27.8237 0.0000e+00
   1669.000     3.0662     3.0668   3.238184   3.238275     1.9387    -0.3723     0.3544    34.9165 2.6090e+03   1646.694    34.9163    34.9168     6.0440    1490.17    27.8237    27.8240 0.0000e+00
   1670.000     3.0645     3.0649   3.238032   3.238140     1.9384    -0.3861     0.3579    34.9163 2.6059e+03   1647.677    34.9158    34.9167     6.0437    1490.18    27.8234    27.8241 0.0000e+00
   1671.000     3.0618     3.0622   3.237873   3.237949     1.9383    -0.3985     0.3565    34.9167 2.6053e+03   1648.660    34.9163    34.9168     6.0447    1490.18    27.8241    27.8244 0.0000e+00
   1672.000     3.0601     3.0603   3.237762   3.237849     1.9384    -0.4136     0.3546    34.9166 2.6035e+03   1649.643    34.9163    34.9171     6.0461    1490.19    27.8242    27.8248 0.0000e+00
   1673.000     3.0588     3.0591   3.237709   3.237788     1.9379    -0.3735     0.3498    34.9168 2.5970e+03   1650.625    34.9165    34.9171     6.0450    1490.20    27.8245    27.8250 0.0000e+00
   1674.000     3.0576     3.0581   3.237632   3.237749     1.9373    -0.3801     0.3529    34.9169 2.5845e+03   1651.608    34.9163    34.9172     6.0432    1490.22    27.8245    27.8251 0.0000e+00
   1675.000     3.0528     3.0533   3.237231   3.237358     1.9372    -0.3802     0.3541    34.9169 2.5765e+03   1652.591    34.9161    34.9171     6.0445    1490.21    27.8248    27.8255 0.0000e+00
   1676.000     3.0485     3.0492   3.236911   3.237037     1.9369    -0.3684     0.3513    34.9170 2.5832e+03   1653.574    34.9163    34.9171     6.0446    1490.21    27.8253    27.8259 0.0000e+00
   1677.000     3.0444     3.0451   3.236616   3.236728     1.9361    -0.3682     0.3537    34.9173 2.6033e+03   1654.556    34.9167    34.9173     6.0428    1490.21    27.8260    27.8264 0.0000e+00
   1678.000     3.0431     3.0437   3.236554   3.236662     1.9360    -0.3716     0.3539    34.9174 2.6058e+03   1655.539    34.9168    34.9175     6.0434    1490.22    27.8262    27.8267 0.0000e+00
   1679.000     3.0406     3.0411   3.236377   3.236478     1.9360    -0.3676     0.3534    34.9176 2.6041e+03   1656.522    34.9169    34.9175     6.0447    1490.23    27.8265    27.8270 0.0000e+00
   1680.000     3.0390     3.0396   3.236324   3.236409     1.9354    -0.3661     0.3534    34.9178 2.5972e+03   1657.505    34.9174    34.9178     6.0433    1490.24    27.8271    27.8274 0.0000e+00
   1681.000     3.0390     3.0395   3.236358   3.236448     1.9349    -0.3671     0.3533    34.9177 2.5890e+03   1658.487    34.9173    34.9179     6.0417    1490.25    27.8270    27.8274 0.0000e+00
   1682.000     3.0386     3.0394   3.236356   3.236468     1.9345    -0.3677     0.3513    34.9176 2.5981e+03   1659.470    34.9173    34.9177     6.0408    1490.27    27.8270    27.8273 0.0000e+00
   1683.000     3.0369     3.0373   3.236238   3.236336     1.9335    -0.3685     0.3522    34.9176 2.6239e+03   1660.453    34.9171    34.9179     6.0379    1490.28    27.8271    27.8276 0.0000e+00
   1684.000     3.0362     3.0363   3.236244   3.236321     1.9334    -0.3674     0.3537    34.9178 2.6221e+03   1661.435    34.9175    34.9183     6.0385    1490.29    27.8274    27.8281 0.0000e+00
   1685.000     3.0344     3.0349   3.236095   3.236225     1.9330    -0.3732     0.3558    34.9179 2.6166e+03   1662.418    34.9171    34.9181     6.0377    1490.30    27.8273    27.8280 0.0000e+00
   1686.000     3.0301     3.0302   3.235761   3.235859     1.9324    -0.3691     0.3628    34.9180 2.6015e+03   1663.401    34.9172    34.9182     6.0366    1490.30    27.8277    27.8286 0.0000e+00
   1687.000     3.0275     3.0278   3.235603   3.235699     1.9324    -0.3797     0.3561    34.9182 2.5883e+03   1664.383    34.9175    34.9183     6.0378    1490.31    27.8283    27.8289 0.0000e+00
   1688.000     3.0255     3.0261   3.235428   3.235565     1.9322    -0.3938     0.3502    34.9182 2.5834e+03   1665.366    34.9170    34.9181     6.0383    1490.31    27.8281    27.8289 0.0000e+00
   1689.000     3.0208     3.0219   3.235070   3.235211     1.9315    -0.3702     0.3542    34.9180 2.5847e+03   1666.349    34.9173    34.9178     6.0370    1490.31    27.8287    27.8290 0.0000e+00
   1690.000     3.0178     3.0180   3.234797   3.234881     1.9312    -0.3796     0.3556    34.9175 2.6128e+03   1667.331    34.9166    34.9175     6.0370    1490.31    27.8285    27.8291 0.0000e+00
   1691.000     3.0100     3.0104   3.234156   3.234267     1.9309    -0.3910     0.3543    34.9176 2.6308e+03   1668.314    34.9168    34.9177     6.0379    1490.30    27.8293    27.8299 0.0000e+00
