Ship_data/Irminger/Irminger-5/ctd/process/dar30-03008.cnv
* Sea-Bird SBE 9 Data File:
* FileName = D:\Data\ar30-03008.hdr
* Software Version Seasave V 7.23.2
* Temperature SN = 4312
* Conductivity SN = 2148
* Number of Bytes Per Scan = 44
* Number of Voltage Words = 5
* Number of Scans Averaged by the Deck Unit = 1
* NMEA Latitude = 59 43.05 N
* NMEA Longitude = 039 20.61 W
* NMEA UTC (Time) = Jun 11 2018  15:14:36
** Cruise ID: ar30-03
** Chief Sci: Macdonald
** Station #: 008
** Site ID: Irminger 5 FLMB
** ctd cast at FLMB with bottom release testing
# nquan = 18
# nvalues = 2837                        
# units = specified
# name 0 = prDM: Pressure, Digiquartz [db]
# name 1 = t090C: Temperature [ITS-90, deg C]
# name 2 = t190C: Temperature, 2 [ITS-90, deg C]
# name 3 = c0S/m: Conductivity [S/m]
# name 4 = c1S/m: Conductivity, 2 [S/m]
# name 5 = sbeox0V: Oxygen raw, SBE 43 [V]
# name 6 = flECO-AFL: Fluorescence, WET Labs ECO-AFL/FL [mg/m^3]
# name 7 = turbWETntu0: Turbidity, WET Labs ECO [NTU]
# name 8 = sal00: Salinity, Practical [PSU]
# name 9 = spar: SPAR/Surface Irradiance
# name 10 = depSM: Depth [salt water, m], lat = 59.7175
# name 11 = sal00: Salinity, Practical [PSU]
# name 12 = sal11: Salinity, Practical, 2 [PSU]
# name 13 = sbeox0ML/L: Oxygen, SBE 43 [ml/l], WS = 2
# name 14 = svCM: Sound Velocity [Chen-Millero, m/s]
# name 15 = sigma-é00: Density [sigma-theta, kg/m^3]
# name 16 = sigma-é11: Density, 2 [sigma-theta, kg/m^3]
# name 17 = flag: flag
# span 0 =      4.000,   2840.000       
# span 1 =     1.4483,     5.9051       
# span 2 =     1.4492,     5.9047       
# span 3 =   3.136254,   3.417254       
# span 4 =   3.136315,   3.417356       
# span 5 =     1.5267,     2.7875       
# span 6 =    -0.4345,     6.0453       
# span 7 =     0.3433,     0.6512       
# span 8 =    34.8689,    34.9313       
# span 9 = 4.8529e+02, 7.0268e+02       
# span 10 =      3.962,   2794.432      
# span 11 =    34.8678,    34.9307      
# span 12 =    34.8696,    34.9330      
# span 13 =     5.2605,     7.1960      
# span 14 =    1472.40,    1502.91      
# span 15 =    27.4614,    27.9374      
# span 16 =    27.4631,    27.9371      
# span 17 = 0.0000e+00, 0.0000e+00      
# interval = decibars: 1                
# start_time = Jun 11 2018 15:14:36 [System UTC, first data scan.]
# bad_flag = -9.990e-29
*END*
[from data line 1207]
   1211.000     3.4664     3.4665   3.250910   3.250973     2.1428    -0.3922     0.3541    34.8736 6.8313e+02   1196.127    34.8735    34.8741     6.4342    1484.17    27.7484    27.7489 0.0000e+00
   1212.000     3.4658     3.4661   3.250915   3.250982     2.1423    -0.3832     0.3551    34.8737 6.8316e+02   1197.112    34.8736    34.8742     6.4333    1484.19    27.7486    27.7490 0.0000e+00
   1213.000     3.4659     3.4662   3.250969   3.251034     2.1419    -0.3694     0.3548    34.8736 6.8181e+02   1198.097    34.8737    34.8741     6.4322    1484.21    27.7486    27.7489 0.0000e+00
   1214.000     3.4664     3.4666   3.251046   3.251117     2.1419    -0.3905     0.3583    34.8736 6.8132e+02   1199.081    34.8736    34.8742     6.4332    1484.22    27.7485    27.7490 0.0000e+00
   1215.000     3.4666     3.4668   3.251100   3.251163     2.1419    -0.3924     0.3582    34.8735 6.7909e+02   1200.066    34.8735    34.8741     6.4338    1484.24    27.7484    27.7489 0.0000e+00
   1216.000     3.4668     3.4671   3.251158   3.251232     2.1408    -0.3913     0.3576    34.8735 6.8016e+02   1201.051    34.8735    34.8740     6.4305    1484.26    27.7484    27.7488 0.0000e+00
   1217.000     3.4667     3.4669   3.251207   3.251267     2.1407    -0.3689     0.3545    34.8736 6.8300e+02   1202.036    34.8736    34.8741     6.4307    1484.28    27.7485    27.7489 0.0000e+00
   1218.000     3.4670     3.4671   3.251285   3.251331     2.1405    -0.3673     0.3581    34.8737 6.8451e+02   1203.021    34.8738    34.8742     6.4307    1484.29    27.7486    27.7490 0.0000e+00
   1219.000     3.4667     3.4668   3.251279   3.251335     2.1406    -0.3794     0.3565    34.8735 6.8444e+02   1204.006    34.8735    34.8741     6.4322    1484.31    27.7485    27.7489 0.0000e+00
   1220.000     3.4664     3.4667   3.251317   3.251377     2.1404    -0.3869     0.3542    34.8737 6.8342e+02   1204.990    34.8737    34.8742     6.4322    1484.32    27.7486    27.7490 0.0000e+00
   1221.000     3.4666     3.4667   3.251355   3.251418     2.1407    -0.3695     0.3547    34.8736 6.8213e+02   1205.975    34.8735    34.8741     6.4342    1484.34    27.7485    27.7489 0.0000e+00
   1222.000     3.4660     3.4663   3.251336   3.251409     2.1412    -0.3920     0.3544    34.8734 6.8104e+02   1206.960    34.8734    34.8740     6.4371    1484.36    27.7484    27.7489 0.0000e+00
   1223.000     3.4655     3.4658   3.251346   3.251420     2.1408    -0.3939     0.3556    34.8735 6.8164e+02   1207.945    34.8735    34.8741     6.4364    1484.37    27.7486    27.7490 0.0000e+00
   1224.000     3.4655     3.4656   3.251385   3.251437     2.1407    -0.3885     0.3537    34.8735 6.8273e+02   1208.930    34.8735    34.8740     6.4370    1484.39    27.7486    27.7490 0.0000e+00
   1225.000     3.4655     3.4656   3.251428   3.251478     2.1409    -0.3926     0.3538    34.8735 6.8301e+02   1209.915    34.8735    34.8740     6.4386    1484.40    27.7486    27.7490 0.0000e+00
   1226.000     3.4657     3.4659   3.251492   3.251559     2.1407    -0.3938     0.3541    34.8735 6.8331e+02   1210.899    34.8736    34.8741     6.4387    1484.42    27.7487    27.7491 0.0000e+00
   1227.000     3.4658     3.4658   3.251529   3.251584     2.1398    -0.3904     0.3531    34.8734 6.8316e+02   1211.884    34.8734    34.8740     6.4359    1484.44    27.7485    27.7490 0.0000e+00
   1228.000     3.4656     3.4657   3.251549   3.251611     2.1395    -0.3811     0.3519    34.8733 6.8380e+02   1212.869    34.8733    34.8740     6.4354    1484.45    27.7485    27.7490 0.0000e+00
   1229.000     3.4656     3.4658   3.251582   3.251658     2.1383    -0.3768     0.3536    34.8732 6.8776e+02   1213.854    34.8732    34.8739     6.4318    1484.47    27.7484    27.7490 0.0000e+00
   1230.000     3.4654     3.4656   3.251626   3.251690     2.1376    -0.3935     0.3566    34.8734 6.9158e+02   1214.839    34.8734    34.8740     6.4298    1484.49    27.7486    27.7490 0.0000e+00
   1231.000     3.4656     3.4657   3.251679   3.251748     2.1372    -0.3938     0.3578    34.8733 6.9408e+02   1215.823    34.8734    34.8741     6.4290    1484.50    27.7486    27.7491 0.0000e+00
   1232.000     3.4657     3.4659   3.251751   3.251799     2.1371    -0.3928     0.3547    34.8735 6.9452e+02   1216.808    34.8736    34.8740     6.4294    1484.52    27.7487    27.7490 0.0000e+00
   1233.000     3.4662     3.4663   3.251848   3.251895     2.1369    -0.3910     0.3538    34.8736 6.9429e+02   1217.793    34.8737    34.8741     6.4295    1484.54    27.7488    27.7491 0.0000e+00
   1234.000     3.4669     3.4670   3.251972   3.252009     2.1364    -0.3909     0.3578    34.8737 6.9281e+02   1218.778    34.8739    34.8743     6.4279    1484.56    27.7489    27.7492 0.0000e+00
   1235.000     3.4675     3.4669   3.252069   3.252053     2.1365    -0.3791     0.3555    34.8738 6.9147e+02   1219.762    34.8739    34.8744     6.4294    1484.58    27.7489    27.7493 0.0000e+00
   1236.000     3.4692     3.4690   3.252293   3.252312     2.1364    -0.3689     0.3568    34.8741 6.8972e+02   1220.747    34.8744    34.8747     6.4294    1484.60    27.7490    27.7493 0.0000e+00
   1237.000     3.4695     3.4694   3.252342   3.252382     2.1366    -0.3814     0.3564    34.8740 6.9043e+02   1221.732    34.8741    34.8747     6.4309    1484.62    27.7488    27.7493 0.0000e+00
   1238.000     3.4700     3.4702   3.252440   3.252511     2.1368    -0.3919     0.3541    34.8741 6.9368e+02   1222.717    34.8742    34.8748     6.4326    1484.64    27.7489    27.7493 0.0000e+00
   1239.000     3.4707     3.4707   3.252552   3.252608     2.1360    -0.3905     0.3545    34.8741 6.9568e+02   1223.702    34.8743    34.8750     6.4302    1484.66    27.7489    27.7494 0.0000e+00
   1240.000     3.4707     3.4706   3.252594   3.252642     2.1359    -0.3763     0.3548    34.8742 6.9680e+02   1224.686    34.8743    34.8749     6.4305    1484.68    27.7489    27.7494 0.0000e+00
   1241.000     3.4705     3.4706   3.252624   3.252669     2.1359    -0.3789     0.3554    34.8742 6.9861e+02   1225.671    34.8743    34.8748     6.4314    1484.69    27.7489    27.7493 0.0000e+00
   1242.000     3.4711     3.4712   3.252729   3.252774     2.1354    -0.3923     0.3545    34.8743 6.9887e+02   1226.656    34.8745    34.8749     6.4300    1484.71    27.7490    27.7493 0.0000e+00
   1243.000     3.4715     3.4716   3.252786   3.252846     2.1340    -0.3921     0.3552    34.8742 6.9772e+02   1227.641    34.8742    34.8748     6.4253    1484.73    27.7488    27.7492 0.0000e+00
   1244.000     3.4709     3.4711   3.252796   3.252862     2.1334    -0.3929     0.3548    34.8743 6.9504e+02   1228.625    34.8744    34.8750     6.4241    1484.74    27.7490    27.7495 0.0000e+00
   1245.000     3.4709     3.4711   3.252830   3.252894     2.1334    -0.3938     0.3626    34.8743 6.9328e+02   1229.610    34.8744    34.8749     6.4248    1484.76    27.7490    27.7494 0.0000e+00
   1246.000     3.4709     3.4710   3.252879   3.252927     2.1335    -0.3804     0.3612    34.8743 6.9219e+02   1230.595    34.8745    34.8749     6.4260    1484.78    27.7491    27.7494 0.0000e+00
   1247.000     3.4715     3.4716   3.252979   3.253031     2.1328    -0.3712     0.3582    34.8744 6.9228e+02   1231.579    34.8745    34.8750     6.4239    1484.80    27.7490    27.7494 0.0000e+00
   1248.000     3.4716     3.4718   3.253016   3.253081     2.1322    -0.3695     0.3580    34.8743 6.9489e+02   1232.564    34.8743    34.8749     6.4225    1484.81    27.7489    27.7493 0.0000e+00
   1249.000     3.4716     3.4717   3.253051   3.253108     2.1324    -0.3940     0.3552    34.8742 7.0268e+02   1233.549    34.8743    34.8748     6.4240    1484.83    27.7488    27.7492 0.0000e+00
   1250.000     3.4714     3.4715   3.253096   3.253144     2.1324    -0.3762     0.3580    34.8744 7.0176e+02   1234.533    34.8745    34.8749     6.4248    1484.85    27.7490    27.7494 0.0000e+00
   1251.000     3.4718     3.4719   3.253175   3.253229     2.1323    -0.3644     0.3573    34.8744 6.9919e+02   1235.518    34.8745    34.8750     6.4253    1484.86    27.7490    27.7494 0.0000e+00
   1252.000     3.4718     3.4717   3.253212   3.253237     2.1319    -0.3628     0.3542    34.8744 6.9728e+02   1236.503    34.8745    34.8749     6.4247    1484.88    27.7490    27.7493 0.0000e+00
   1253.000     3.4714     3.4714   3.253211   3.253258     2.1312    -0.3687     0.3540    34.8743 6.9659e+02   1237.488    34.8744    34.8748     6.4226    1484.90    27.7490    27.7493 0.0000e+00
   1254.000     3.4713     3.4713   3.253227   3.253277     2.1308    -0.3760     0.3543    34.8741 6.9796e+02   1238.472    34.8741    34.8747     6.4221    1484.91    27.7488    27.7492 0.0000e+00
   1255.000     3.4711     3.4714   3.253272   3.253334     2.1305    -0.3915     0.3568    34.8742 6.9969e+02   1239.457    34.8743    34.8748     6.4216    1484.93    27.7490    27.7493 0.0000e+00
   1256.000     3.4711     3.4713   3.253321   3.253379     2.1300    -0.3892     0.3574    34.8743 7.0034e+02   1240.442    34.8744    34.8749     6.4206    1484.94    27.7490    27.7494 0.0000e+00
   1257.000     3.4709     3.4710   3.253329   3.253393     2.1299    -0.3701     0.3556    34.8742 7.0065e+02   1241.426    34.8743    34.8749     6.4209    1484.96    27.7490    27.7495 0.0000e+00
   1258.000     3.4708     3.4711   3.253365   3.253434     2.1299    -0.3829     0.3528    34.8742 7.0151e+02   1242.411    34.8742    34.8748     6.4218    1484.98    27.7490    27.7494 0.0000e+00
   1259.000     3.4707     3.4709   3.253396   3.253457     2.1299    -0.3901     0.3558    34.8742 7.0195e+02   1243.396    34.8742    34.8748     6.4227    1484.99    27.7490    27.7494 0.0000e+00
   1260.000     3.4701     3.4705   3.253360   3.253436     2.1297    -0.3862     0.3588    34.8740 7.0115e+02   1244.380    34.8739    34.8745     6.4229    1485.01    27.7488    27.7492 0.0000e+00
   1261.000     3.4692     3.4693   3.253314   3.253375     2.1277    -0.3794     0.3527    34.8739 6.9935e+02   1245.365    34.8738    34.8744     6.4161    1485.02    27.7488    27.7493 0.0000e+00
   1262.000     3.4688     3.4689   3.253336   3.253393     2.1274    -0.3936     0.3505    34.8740 6.9965e+02   1246.349    34.8740    34.8746     6.4158    1485.03    27.7490    27.7494 0.0000e+00
   1263.000     3.4688     3.4689   3.253375   3.253435     2.1275    -0.3927     0.3544    34.8740 7.0092e+02   1247.334    34.8740    34.8746     6.4167    1485.05    27.7490    27.7494 0.0000e+00
   1264.000     3.4683     3.4685   3.253367   3.253428     2.1275    -0.3694     0.3579    34.8739 7.0098e+02   1248.319    34.8739    34.8744     6.4177    1485.06    27.7490    27.7494 0.0000e+00
   1265.000     3.4682     3.4685   3.253394   3.253464     2.1275    -0.3699     0.3564    34.8739 7.0077e+02   1249.303    34.8738    34.8744     6.4188    1485.08    27.7490    27.7494 0.0000e+00
   1266.000     3.4682     3.4684   3.253427   3.253499     2.1275    -0.3818     0.3534    34.8738 7.0110e+02   1250.288    34.8737    34.8743     6.4197    1485.10    27.7489    27.7493 0.0000e+00
   1267.000     3.4681     3.4683   3.253470   3.253535     2.1273    -0.3742     0.3538    34.8738 7.0113e+02   1251.273    34.8738    34.8744     6.4195    1485.11    27.7489    27.7494 0.0000e+00
   1268.000     3.4682     3.4684   3.253543   3.253596     2.1263    -0.3896     0.3531    34.8740 7.0045e+02   1252.257    34.8741    34.8745     6.4165    1485.13    27.7492    27.7495 0.0000e+00
   1269.000     3.4691     3.4692   3.253663   3.253716     2.1262    -0.3707     0.3489    34.8740 6.9848e+02   1253.242    34.8741    34.8746     6.4167    1485.15    27.7491    27.7495 0.0000e+00
   1270.000     3.4686     3.4690   3.253650   3.253736     2.1259    -0.3710     0.3525    34.8739 6.9580e+02   1254.226    34.8739    34.8746     6.4163    1485.17    27.7490    27.7495 0.0000e+00
   1271.000     3.4685     3.4691   3.253712   3.253793     2.1251    -0.3772     0.3536    34.8741 6.9280e+02   1255.211    34.8742    34.8746     6.4140    1485.18    27.7493    27.7495 0.0000e+00
   1272.000     3.4692     3.4694   3.253799   3.253855     2.1251    -0.3932     0.3543    34.8740 6.9024e+02   1256.196    34.8740    34.8746     6.4147    1485.20    27.7491    27.7495 0.0000e+00
   1273.000     3.4689     3.4690   3.253809   3.253868     2.1251    -0.3938     0.3558    34.8740 6.8924e+02   1257.180    34.8741    34.8746     6.4156    1485.22    27.7491    27.7495 0.0000e+00
   1274.000     3.4689     3.4690   3.253864   3.253908     2.1251    -0.3864     0.3566    34.8741 6.8989e+02   1258.165    34.8741    34.8745     6.4165    1485.23    27.7492    27.7495 0.0000e+00
   1275.000     3.4690     3.4691   3.253902   3.253959     2.1251    -0.3778     0.3531    34.8740 6.8990e+02   1259.149    34.8740    34.8746     6.4173    1485.25    27.7491    27.7496 0.0000e+00
   1276.000     3.4689     3.4690   3.253936   3.253996     2.1251    -0.3936     0.3521    34.8740 6.8959e+02   1260.134    34.8740    34.8746     6.4182    1485.27    27.7491    27.7495 0.0000e+00
   1277.000     3.4685     3.4687   3.253941   3.254004     2.1251    -0.3797     0.3525    34.8740 6.8586e+02   1261.119    34.8740    34.8745     6.4192    1485.28    27.7491    27.7496 0.0000e+00
   1278.000     3.4682     3.4684   3.253958   3.254010     2.1248    -0.3885     0.3572    34.8740 6.8193e+02   1262.103    34.8740    34.8744     6.4189    1485.30    27.7492    27.7495 0.0000e+00
   1279.000     3.4678     3.4680   3.253963   3.254022     2.1242    -0.3800     0.3563    34.8740 6.7896e+02   1263.088    34.8740    34.8744     6.4173    1485.31    27.7492    27.7495 0.0000e+00
   1280.000     3.4673     3.4674   3.253941   3.254010     2.1239    -0.3801     0.3523    34.8739 6.7673e+02   1264.072    34.8738    34.8744     6.4171    1485.33    27.7491    27.7496 0.0000e+00
   1281.000     3.4657     3.4657   3.253841   3.253888     2.1239    -0.3892     0.3504    34.8739 6.7351e+02   1265.057    34.8738    34.8743     6.4182    1485.34    27.7493    27.7497 0.0000e+00
   1282.000     3.4658     3.4661   3.253901   3.253956     2.1235    -0.3737     0.3538    34.8738 6.7019e+02   1266.041    34.8738    34.8742     6.4177    1485.35    27.7493    27.7496 0.0000e+00
   1283.000     3.4654     3.4657   3.253882   3.253970     2.1227    -0.4040     0.3544    34.8737 6.6908e+02   1267.026    34.8735    34.8743     6.4151    1485.37    27.7491    27.7497 0.0000e+00
   1284.000     3.4645     3.4647   3.253841   3.253897     2.1227    -0.3834     0.3542    34.8736 6.6925e+02   1268.010    34.8735    34.8739     6.4163    1485.38    27.7492    27.7495 0.0000e+00
   1285.000     3.4645     3.4646   3.253866   3.253929     2.1227    -0.3923     0.3545    34.8734 6.6965e+02   1268.995    34.8733    34.8739     6.4171    1485.40    27.7491    27.7495 0.0000e+00
   1286.000     3.4644     3.4643   3.253912   3.253952     2.1224    -0.3919     0.3572    34.8735 6.6598e+02   1269.979    34.8734    34.8740     6.4167    1485.41    27.7492    27.7496 0.0000e+00
   1287.000     3.4640     3.4642   3.253949   3.253988     2.1225    -0.3813     0.3563    34.8737 6.6155e+02   1270.964    34.8738    34.8741     6.4181    1485.43    27.7495    27.7497 0.0000e+00
   1288.000     3.4650     3.4652   3.254092   3.254139     2.1220    -0.3704     0.3540    34.8739 6.5852e+02   1271.948    34.8739    34.8743     6.4168    1485.45    27.7495    27.7498 0.0000e+00
   1289.000     3.4651     3.4652   3.254140   3.254181     2.1216    -0.3930     0.3498    34.8739 6.5653e+02   1272.933    34.8739    34.8742     6.4161    1485.47    27.7495    27.7497 0.0000e+00
