Ship_data/Irminger/Irminger-5/ctd/process/dar30-03009.cnv
* Sea-Bird SBE 9 Data File:
* FileName = D:\Data\ar30-03009.hdr
* Software Version Seasave V 7.23.2
* Temperature SN = 4312
* Conductivity SN = 2148
* Number of Bytes Per Scan = 44
* Number of Voltage Words = 5
* Number of Scans Averaged by the Deck Unit = 1
* NMEA Latitude = 59 49.83 N
* NMEA Longitude = 039 13.28 W
* NMEA UTC (Time) = Jun 12 2018  18:03:09
** Cruise ID: ar30-03
** Chief Sci: Macdonald
** Station #: 009
** Site ID: Irminger 5 test cast
** test cast to 130m
# nquan = 18
# nvalues = 133                         
# units = specified
# name 0 = prDM: Pressure, Digiquartz [db]
# name 1 = t090C: Temperature [ITS-90, deg C]
# name 2 = t190C: Temperature, 2 [ITS-90, deg C]
# name 3 = c0S/m: Conductivity [S/m]
# name 4 = c1S/m: Conductivity, 2 [S/m]
# name 5 = sbeox0V: Oxygen raw, SBE 43 [V]
# name 6 = flECO-AFL: Fluorescence, WET Labs ECO-AFL/FL [mg/m^3]
# name 7 = turbWETntu0: Turbidity, WET Labs ECO [NTU]
# name 8 = sal00: Salinity, Practical [PSU]
# name 9 = spar: SPAR/Surface Irradiance
# name 10 = depSM: Depth [salt water, m], lat = 59.8305
# name 11 = sal00: Salinity, Practical [PSU]
# name 12 = sal11: Salinity, Practical, 2 [PSU]
# name 13 = sbeox0ML/L: Oxygen, SBE 43 [ml/l], WS = 2
# name 14 = svCM: Sound Velocity [Chen-Millero, m/s]
# name 15 = sigma-é00: Density [sigma-theta, kg/m^3]
# name 16 = sigma-é11: Density, 2 [sigma-theta, kg/m^3]
# name 17 = flag: flag
# span 0 =      3.000,    135.000       
# span 1 =     4.9598,     6.1436       
# span 2 =     4.9599,     6.1426       
# span 3 =   3.336150,   3.438374       
# span 4 =   3.336267,   3.438507       
# span 5 =     2.4647,     2.8865       
# span 6 =    -0.1468,     7.2023       
# span 7 =     0.4091,     0.6503       
# span 8 =    34.8598,    34.8899       
# span 9 = 2.8552e+02, 3.1242e+02       
# span 10 =      2.972,    133.685      
# span 11 =    34.8579,    34.8898      
# span 12 =    34.8607,    34.8917      
# span 13 =     6.4298,     7.4662      
# span 14 =    1472.33,    1475.23      
# span 15 =    27.4312,    27.5782      
# span 16 =    27.4335,    27.5795      
# span 17 = 0.0000e+00, 0.0000e+00      
# interval = decibars: 1                
# start_time = Jun 12 2018 18:03:09 [System UTC, first data scan.]
# bad_flag = -9.990e-29
*END*
      3.000     6.1427     6.1426   3.438216   3.438434     2.8846     2.8762     0.5510    34.8698 2.9036e+02      2.972    34.8698    34.8723     7.4506    1475.19    27.4315    27.4335 0.0000e+00
      4.000     6.1424     6.1425   3.438326   3.438507     2.8865     3.0486     0.5639    34.8706 2.9126e+02      3.962    34.8708    34.8727     7.4575    1475.21    27.4323    27.4338 0.0000e+00
      5.000     6.1436     6.1406   3.438374   3.438360     2.8864     3.2912     0.5533    34.8703 2.8956e+02      4.953    34.8696    34.8725     7.4582    1475.23    27.4312    27.4339 0.0000e+00
      6.000     6.1391     6.1403   3.438169   3.438434     2.8865     3.2696     0.5534    34.8710 2.8875e+02      5.943    34.8713    34.8731     7.4601    1475.23    27.4332    27.4345 0.0000e+00
      7.000     6.1200     6.1185   3.436216   3.436389     2.8864     3.3479     0.5534    34.8703 2.8826e+02      6.934    34.8684    34.8719     7.4644    1475.17    27.4334    27.4364 0.0000e+00
      8.000     6.1034     6.0992   3.434963   3.434490     2.8815     3.8105     0.5349    34.8716 2.9543e+02      7.925    34.8709    34.8699     7.4530    1475.12    27.4375    27.4373 0.0000e+00
      9.000     6.0715     6.1055   3.430980   3.435214     2.8746     3.7973     0.5632    34.8691 2.9155e+02      8.915    34.8583    34.8710     7.4389    1475.00    27.4317    27.4374 0.0000e+00
     10.000     5.9309     5.9380   3.418850   3.419730     2.8720     4.1305     0.5600    34.8738 2.8820e+02      9.906    34.8655    34.8682     7.4578    1474.46    27.4554    27.4566 0.0000e+00
     11.000     5.9045     5.9042   3.416751   3.416927     2.8727     4.8498     0.5701    34.8743 2.8552e+02     10.896    34.8685    34.8708     7.4658    1474.38    27.4611    27.4629 0.0000e+00
     12.000     5.8969     5.8969   3.416099   3.416295     2.8721     5.0846     0.6002    34.8732 2.8786e+02     11.887    34.8684    34.8707     7.4662    1474.37    27.4620    27.4638 0.0000e+00
     13.000     5.8920     5.8917   3.415800   3.415949     2.8659     6.0134     0.5949    34.8723 2.9368e+02     12.877    34.8695    34.8716     7.4486    1474.36    27.4635    27.4652 0.0000e+00
     14.000     5.8876     5.8876   3.415491   3.415678     2.8594     5.8525     0.5791    34.8723 2.9252e+02     13.868    34.8701    34.8722     7.4299    1474.36    27.4645    27.4662 0.0000e+00
     15.000     5.8857     5.8856   3.415370   3.415565     2.8565     6.0180     0.5963    34.8722 2.9214e+02     14.858    34.8702    34.8724     7.4218    1474.37    27.4648    27.4667 0.0000e+00
     16.000     5.8847     5.8848   3.415361   3.415547     2.8539     6.4865     0.5983    34.8723 2.9086e+02     15.849    34.8706    34.8726     7.4149    1474.39    27.4653    27.4669 0.0000e+00
     17.000     5.8827     5.8819   3.415240   3.415345     2.8451     6.4629     0.5880    34.8720 2.9148e+02     16.839    34.8707    34.8727     7.3885    1474.39    27.4657    27.4674 0.0000e+00
     18.000     5.8794     5.8790   3.415008   3.415183     2.8381     6.3724     0.5941    34.8719 2.9373e+02     17.830    34.8710    34.8733     7.3680    1474.40    27.4663    27.4682 0.0000e+00
     19.000     5.8777     5.8777   3.414906   3.415083     2.8359     6.3637     0.5851    34.8720 2.9270e+02     18.820    34.8711    34.8730     7.3622    1474.41    27.4666    27.4682 0.0000e+00
     20.000     5.8768     5.8767   3.414883   3.415036     2.8334     6.3449     0.5821    34.8719 2.9219e+02     19.811    34.8712    34.8731     7.3555    1474.42    27.4668    27.4683 0.0000e+00
     21.000     5.8757     5.8755   3.414847   3.414993     2.8273     6.4894     0.5908    34.8719 2.9329e+02     20.801    34.8714    34.8733     7.3374    1474.43    27.4671    27.4687 0.0000e+00
     22.000     5.8745     5.8743   3.414773   3.414928     2.8248     6.8855     0.5870    34.8717 2.9255e+02     21.792    34.8712    34.8733     7.3304    1474.44    27.4672    27.4688 0.0000e+00
     23.000     5.8732     5.8729   3.414712   3.414859     2.8228     7.2023     0.6079    34.8718 2.9156e+02     22.782    34.8714    34.8734     7.3255    1474.46    27.4675    27.4691 0.0000e+00
     24.000     5.8713     5.8712   3.414582   3.414741     2.8207     6.8037     0.5892    34.8717 2.9168e+02     23.773    34.8714    34.8733     7.3201    1474.46    27.4677    27.4693 0.0000e+00
     25.000     5.8707     5.8705   3.414570   3.414726     2.8171     6.6665     0.5965    34.8716 2.9405e+02     24.763    34.8713    34.8734     7.3096    1474.48    27.4678    27.4694 0.0000e+00
     26.000     5.8697     5.8693   3.414532   3.414681     2.8111     6.6048     0.6102    34.8717 2.9565e+02     25.754    34.8714    34.8735     7.2918    1474.49    27.4680    27.4697 0.0000e+00
     27.000     5.8681     5.8676   3.414439   3.414575     2.8094     6.3001     0.6019    34.8718 2.9335e+02     26.744    34.8715    34.8735     7.2877    1474.50    27.4682    27.4699 0.0000e+00
     28.000     5.8666     5.8663   3.414349   3.414517     2.8071     6.1035     0.5799    34.8718 2.9133e+02     27.734    34.8715    34.8737     7.2817    1474.51    27.4685    27.4702 0.0000e+00
     29.000     5.8656     5.8654   3.414322   3.414484     2.8026     5.9418     0.5740    34.8719 2.9250e+02     28.725    34.8717    34.8738     7.2686    1474.52    27.4688    27.4704 0.0000e+00
     30.000     5.8637     5.8632   3.414189   3.414347     2.7979     5.9998     0.5797    34.8720 2.9692e+02     29.715    34.8716    34.8740     7.2551    1474.53    27.4689    27.4709 0.0000e+00
     31.000     5.8600     5.8598   3.413932   3.414092     2.7952     5.4722     0.5591    34.8724 2.9564e+02     30.706    34.8720    34.8741     7.2482    1474.54    27.4697    27.4714 0.0000e+00
     32.000     5.8563     5.8562   3.413662   3.413841     2.7905     5.9246     0.5700    34.8727 2.9295e+02     31.696    34.8723    34.8744     7.2348    1474.54    27.4704    27.4721 0.0000e+00
     33.000     5.8516     5.8512   3.413327   3.413484     2.7825     5.7194     0.5868    34.8733 2.9186e+02     32.687    34.8728    34.8751     7.2111    1474.54    27.4714    27.4733 0.0000e+00
     34.000     5.8414     5.8419   3.412478   3.412749     2.7751     6.0627     0.5768    34.8742 2.9335e+02     33.677    34.8731    34.8758     7.1907    1474.51    27.4730    27.4750 0.0000e+00
     35.000     5.8227     5.8219   3.410914   3.411107     2.7676     4.8358     0.5706    34.8760 2.9466e+02     34.668    34.8743    34.8772     7.1712    1474.46    27.4763    27.4787 0.0000e+00
     36.000     5.8141     5.8137   3.410271   3.410454     2.7601     4.5695     0.5617    34.8768 2.9439e+02     35.658    34.8753    34.8778     7.1499    1474.44    27.4782    27.4802 0.0000e+00
     37.000     5.8012     5.8002   3.409199   3.409331     2.7474     4.7054     0.5782    34.8774 2.9383e+02     36.648    34.8760    34.8785     7.1129    1474.40    27.4803    27.4824 0.0000e+00
     38.000     5.7902     5.7902   3.408309   3.408522     2.7371     4.9503     0.5832    34.8781 2.9436e+02     37.639    34.8766    34.8791     7.0828    1474.38    27.4822    27.4842 0.0000e+00
     39.000     5.7757     5.7729   3.407053   3.407061     2.7317     5.5946     0.6096    34.8789 2.9340e+02     38.629    34.8768    34.8799     7.0692    1474.34    27.4842    27.4870 0.0000e+00
     40.000     5.7619     5.7608   3.405943   3.406058     2.7245     5.9704     0.6503    34.8798 2.9407e+02     39.620    34.8780    34.8804     7.0498    1474.30    27.4869    27.4890 0.0000e+00
     41.000     5.7551     5.7538   3.405330   3.405482     2.7143     6.8429     0.6394    34.8797 2.9575e+02     40.610    34.8776    34.8806     7.0195    1474.29    27.4874    27.4900 0.0000e+00
     42.000     5.7215     5.7210   3.402423   3.402654     2.7024     4.9181     0.6006    34.8815 2.9277e+02     41.600    34.8787    34.8819     6.9886    1474.17    27.4925    27.4951 0.0000e+00
     43.000     5.6867     5.6849   3.399367   3.399535     2.6865     4.2422     0.5907    34.8832 2.9302e+02     42.591    34.8795    34.8832     6.9451    1474.05    27.4975    27.5006 0.0000e+00
     44.000     5.6593     5.6595   3.397024   3.397312     2.6699     3.5207     0.5602    34.8840 2.9618e+02     43.581    34.8807    34.8837     6.8977    1473.96    27.5018    27.5042 0.0000e+00
     45.000     5.6187     5.6166   3.393281   3.393538     2.6551     2.6533     0.5379    34.8851 2.9552e+02     44.571    34.8795    34.8846     6.8587    1473.81    27.5060    27.5102 0.0000e+00
     46.000     5.5922     5.5917   3.391219   3.391395     2.6413     2.0435     0.5066    34.8866 2.9454e+02     45.562    34.8829    34.8855     6.8199    1473.73    27.5119    27.5140 0.0000e+00
     47.000     5.5866     5.5866   3.390838   3.390996     2.6252     1.5852     0.5095    34.8863 2.9438e+02     46.552    34.8839    34.8857     6.7705    1473.72    27.5134    27.5148 0.0000e+00
     48.000     5.5915     5.5910   3.391587   3.391662     2.6159     1.4403     0.4704    34.8879 2.9525e+02     47.543    34.8868    34.8881     6.7404    1473.76    27.5151    27.5162 0.0000e+00
     49.000     5.5950     5.5954   3.392013   3.392193     2.6127     1.4069     0.4804    34.8884 2.9652e+02     48.533    34.8875    34.8892     6.7305    1473.79    27.5152    27.5165 0.0000e+00
     50.000     5.5969     5.5963   3.392229   3.392331     2.6119     1.0974     0.4753    34.8884 2.9616e+02     49.523    34.8875    34.8893     6.7285    1473.82    27.5150    27.5165 0.0000e+00
     51.000     5.5980     5.5975   3.392416   3.392540     2.6097     1.3166     0.4984    34.8886 2.9562e+02     50.514    34.8879    34.8899     6.7223    1473.84    27.5152    27.5168 0.0000e+00
     52.000     5.5985     5.5987   3.392520   3.392727     2.6073     0.9613     0.4663    34.8884 2.9516e+02     51.504    34.8881    34.8902     6.7153    1473.86    27.5153    27.5170 0.0000e+00
     53.000     5.5988     5.5986   3.392621   3.392777     2.6069     0.6100     0.4641    34.8888 2.9672e+02     52.494    34.8884    34.8904     6.7150    1473.87    27.5156    27.5171 0.0000e+00
     54.000     5.5988     5.5986   3.392677   3.392835     2.6058     0.5779     0.4592    34.8888 2.9627e+02     53.485    34.8886    34.8905     6.7121    1473.89    27.5157    27.5172 0.0000e+00
     55.000     5.5988     5.5987   3.392738   3.392890     2.6049     0.5647     0.4523    34.8889 2.9565e+02     54.475    34.8887    34.8906     6.7101    1473.91    27.5158    27.5173 0.0000e+00
     56.000     5.5992     5.5992   3.392826   3.392997     2.6030     0.6890     0.4581    34.8889 2.9637e+02     55.465    34.8887    34.8907     6.7050    1473.93    27.5158    27.5173 0.0000e+00
     57.000     5.5999     5.6000   3.393008   3.393162     2.6005     0.7047     0.4607    34.8895 2.9825e+02     56.456    34.8896    34.8912     6.6978    1473.95    27.5163    27.5176 0.0000e+00
     58.000     5.6015     5.6015   3.393218   3.393380     2.6006     0.7980     0.4757    34.8897 2.9663e+02     57.446    34.8898    34.8917     6.6985    1473.97    27.5164    27.5178 0.0000e+00
     59.000     5.5993     5.5990   3.393000   3.393203     2.5993     0.8443     0.4915    34.8899 2.9618e+02     58.436    34.8891    34.8917     6.6958    1473.98    27.5161    27.5182 0.0000e+00
     60.000     5.5889     5.5887   3.392109   3.392280     2.5981     0.7389     0.4760    34.8899 2.9428e+02     59.426    34.8891    34.8913     6.6944    1473.95    27.5174    27.5192 0.0000e+00
     61.000     5.5855     5.5857   3.391873   3.392058     2.5968     0.3423     0.4406    34.8898 2.9908e+02     60.417    34.8895    34.8914     6.6918    1473.95    27.5181    27.5196 0.0000e+00
     62.000     5.5793     5.5797   3.391362   3.391544     2.5949     0.5004     0.4379    34.8899 3.0015e+02     61.407    34.8895    34.8912     6.6877    1473.95    27.5189    27.5202 0.0000e+00
     63.000     5.5782     5.5780   3.391288   3.391439     2.5955     0.6676     0.4574    34.8897 2.9503e+02     62.397    34.8893    34.8912     6.6905    1473.96    27.5188    27.5204 0.0000e+00
     64.000     5.5777     5.5774   3.391272   3.391429     2.5957     0.3775     0.4750    34.8895 2.9282e+02     63.388    34.8891    34.8912     6.6923    1473.97    27.5188    27.5205 0.0000e+00
     65.000     5.5760     5.5760   3.391175   3.391346     2.5957     0.3083     0.4499    34.8897 2.9328e+02     64.378    34.8892    34.8912     6.6933    1473.98    27.5191    27.5207 0.0000e+00
     66.000     5.5725     5.5718   3.390847   3.390974     2.5937     0.3694     0.4480    34.8892 2.9978e+02     65.368    34.8887    34.8908     6.6885    1473.98    27.5191    27.5208 0.0000e+00
     67.000     5.5602     5.5607   3.389714   3.389957     2.5909     0.5284     0.4616    34.8890 2.9890e+02     66.358    34.8880    34.8902     6.6824    1473.95    27.5201    27.5218 0.0000e+00
     68.000     5.5551     5.5551   3.389270   3.389506     2.5907     0.4318     0.4463    34.8890 2.9657e+02     67.349    34.8877    34.8903     6.6834    1473.94    27.5205    27.5226 0.0000e+00
     69.000     5.5493     5.5496   3.388834   3.389034     2.5904     0.5857     0.4648    34.8889 2.9614e+02     68.339    34.8881    34.8901     6.6844    1473.94    27.5215    27.5231 0.0000e+00
     70.000     5.5488     5.5481   3.388817   3.388929     2.5896     0.7399     0.4760    34.8886 3.0114e+02     69.329    34.8879    34.8899     6.6828    1473.95    27.5215    27.5231 0.0000e+00
     71.000     5.5363     5.5355   3.387636   3.387768     2.5880     0.7499     0.4751    34.8880 3.0405e+02     70.319    34.8869    34.8892     6.6806    1473.92    27.5222    27.5241 0.0000e+00
     72.000     5.5233     5.5226   3.386316   3.386535     2.5873     0.5381     0.4664    34.8870 2.9993e+02     71.310    34.8848    34.8880     6.6818    1473.88    27.5221    27.5248 0.0000e+00
     73.000     5.5086     5.5080   3.385023   3.385196     2.5864     0.6367     0.4691    34.8866 2.9810e+02     72.300    34.8847    34.8873     6.6820    1473.84    27.5239    27.5260 0.0000e+00
     74.000     5.4913     5.4923   3.383362   3.383710     2.5842     0.6173     0.4764    34.8855 3.0195e+02     73.290    34.8832    34.8861     6.6789    1473.78    27.5248    27.5270 0.0000e+00
     75.000     5.4563     5.4563   3.380096   3.380349     2.5786     0.5937     0.4528    34.8845 3.0534e+02     74.280    34.8816    34.8845     6.6678    1473.65    27.5278    27.5301 0.0000e+00
     76.000     5.4310     5.4312   3.377655   3.378030     2.5744     0.6358     0.4691    34.8838 3.0133e+02     75.271    34.8794    34.8835     6.6595    1473.57    27.5292    27.5324 0.0000e+00
     77.000     5.3880     5.3894   3.373646   3.374162     2.5699     0.4623     0.4768    34.8831 3.0079e+02     76.261    34.8776    34.8821     6.6535    1473.41    27.5330    27.5363 0.0000e+00
     78.000     5.3734     5.3811   3.372679   3.373550     2.5655     0.5465     0.4819    34.8833 3.0223e+02     77.251    34.8812    34.8832     6.6425    1473.37    27.5376    27.5382 0.0000e+00
     79.000     5.3786     5.3721   3.372885   3.372693     2.5594     0.3587     0.4565    34.8818 3.0712e+02     78.241    34.8776    34.8821     6.6229    1473.40    27.5341    27.5385 0.0000e+00
     80.000     5.3283     5.3290   3.368201   3.368626     2.5563     0.5591     0.4659    34.8810 3.0573e+02     79.231    34.8756    34.8798     6.6225    1473.21    27.5386    27.5418 0.0000e+00
     81.000     5.3050     5.3053   3.366218   3.366494     2.5540     0.4420     0.5084    34.8809 3.0402e+02     80.222    34.8766    34.8794     6.6197    1473.14    27.5422    27.5444 0.0000e+00
     82.000     5.2937     5.2945   3.365265   3.365560     2.5498     0.5641     0.4777    34.8805 3.0263e+02     81.212    34.8769    34.8795     6.6088    1473.11    27.5438    27.5457 0.0000e+00
