Ship_data/Irminger/Irminger-5/ctd/process/dar30-03017.cnv
* Sea-Bird SBE 9 Data File:
* FileName = D:\Data\ar30-03017.hdr
* Software Version Seasave V 7.23.2
* Temperature SN = 4312
* Conductivity SN = 2148
* Number of Bytes Per Scan = 44
* Number of Voltage Words = 5
* Number of Scans Averaged by the Deck Unit = 1
* NMEA Latitude = 59 51.17 N
* NMEA Longitude = 040 42.29 W
* NMEA UTC (Time) = Jun 18 2018  13:04:33
** Cruise ID: ar30-03
** Chief Sci: Macdonald
** Station #: 017
** Site ID: Irminger 5 OSNAP M2
# nquan = 18
# nvalues = 2491                        
# units = specified
# name 0 = prDM: Pressure, Digiquartz [db]
# name 1 = t090C: Temperature [ITS-90, deg C]
# name 2 = t190C: Temperature, 2 [ITS-90, deg C]
# name 3 = c0S/m: Conductivity [S/m]
# name 4 = c1S/m: Conductivity, 2 [S/m]
# name 5 = sbeox0V: Oxygen raw, SBE 43 [V]
# name 6 = flECO-AFL: Fluorescence, WET Labs ECO-AFL/FL [mg/m^3]
# name 7 = turbWETntu0: Turbidity, WET Labs ECO [NTU]
# name 8 = sal00: Salinity, Practical [PSU]
# name 9 = spar: SPAR/Surface Irradiance
# name 10 = depSM: Depth [salt water, m], lat = 59.8528
# name 11 = sal00: Salinity, Practical [PSU]
# name 12 = sal11: Salinity, Practical, 2 [PSU]
# name 13 = sbeox0ML/L: Oxygen, SBE 43 [ml/l], WS = 2
# name 14 = svCM: Sound Velocity [Chen-Millero, m/s]
# name 15 = sigma-é00: Density [sigma-theta, kg/m^3]
# name 16 = sigma-é11: Density, 2 [sigma-theta, kg/m^3]
# name 17 = flag: flag
# span 0 =      4.000,   2494.000       
# span 1 =     1.5085,     6.5474       
# span 2 =     1.5092,     6.5475       
# span 3 =   3.130507,   3.475756       
# span 4 =   3.130590,   3.475894       
# span 5 =     1.8188,     2.8224       
# span 6 =    -0.4193,     8.1276       
# span 7 =     0.3433,     0.7129       
# span 8 =    34.8589,    34.9257       
# span 9 = 8.6155e+02, 1.9884e+03       
# span 10 =      3.962,   2455.926      
# span 11 =    34.8546,    34.9256      
# span 12 =    34.8599,    34.9262      
# span 13 =     5.9332,     7.2844      
# span 14 =    1471.63,    1497.27      
# span 15 =    27.3815,    27.9311      
# span 16 =    27.3830,    27.9310      
# span 17 = 0.0000e+00, 0.0000e+00      
# interval = decibars: 1                
# start_time = Jun 18 2018 13:04:33 [System UTC, first data scan.]
# bad_flag = -9.990e-29
*END*
[from data line 724]
    728.000     3.5571     3.5574   3.239156   3.239292     2.2371    -0.3865     0.3629    34.8870 1.0181e+03    719.880    34.8864    34.8878     6.3735    1476.57    27.7462    27.7472 0.0000e+00
    729.000     3.5558     3.5564   3.239040   3.239230     2.2371    -0.3667     0.3629    34.8866 1.0090e+03    720.867    34.8860    34.8876     6.3745    1476.58    27.7459    27.7472 0.0000e+00
    730.000     3.5561     3.5556   3.239177   3.239223     2.2373    -0.3616     0.3629    34.8869 9.9842e+02    721.854    34.8868    34.8878     6.3761    1476.60    27.7465    27.7474 0.0000e+00
    731.000     3.5553     3.5563   3.239103   3.239319     2.2371    -0.3644     0.3629    34.8866 9.9012e+02    722.841    34.8862    34.8876     6.3763    1476.62    27.7461    27.7472 0.0000e+00
    732.000     3.5532     3.5530   3.238909   3.239029     2.2374    -0.3614     0.3629    34.8863 9.8782e+02    723.829    34.8856    34.8872     6.3787    1476.62    27.7459    27.7472 0.0000e+00
    733.000     3.5485     3.5506   3.238513   3.238840     2.2382    -0.3821     0.3624    34.8858 9.9556e+02    724.816    34.8853    34.8870     6.3835    1476.62    27.7462    27.7472 0.0000e+00
    734.000     3.5478     3.5478   3.238507   3.238609     2.2383    -0.3750     0.3608    34.8857 1.0066e+03    725.803    34.8854    34.8867     6.3847    1476.63    27.7463    27.7473 0.0000e+00
    735.000     3.5430     3.5421   3.237951   3.238071     2.2383    -0.3639     0.3601    34.8849 1.0082e+03    726.790    34.8834    34.8858     6.3865    1476.63    27.7452    27.7472 0.0000e+00
    736.000     3.5381     3.5380   3.237573   3.237719     2.2372    -0.3721     0.3602    34.8848 1.0003e+03    727.777    34.8836    34.8854     6.3842    1476.62    27.7458    27.7473 0.0000e+00
    737.000     3.5260     3.5291   3.236343   3.236840     2.2372    -0.3875     0.3628    34.8829 9.9004e+02    728.764    34.8812    34.8839     6.3871    1476.59    27.7451    27.7469 0.0000e+00
    738.000     3.5239     3.5236   3.236223   3.236351     2.2378    -0.3863     0.3629    34.8830 9.8042e+02    729.751    34.8815    34.8833     6.3903    1476.59    27.7455    27.7470 0.0000e+00
    739.000     3.5188     3.5189   3.235825   3.235954     2.2387    -0.3840     0.3629    34.8825 9.7190e+02    730.738    34.8816    34.8830     6.3955    1476.59    27.7461    27.7472 0.0000e+00
    740.000     3.5198     3.5199   3.235974   3.236071     2.2400    -0.3898     0.3585    34.8826 9.6649e+02    731.725    34.8817    34.8828     6.4009    1476.61    27.7462    27.7470 0.0000e+00
    741.000     3.5193     3.5194   3.235937   3.236050     2.2415    -0.3772     0.3624    34.8821 9.7656e+02    732.712    34.8814    34.8826     6.4073    1476.62    27.7459    27.7469 0.0000e+00
    742.000     3.5187     3.5191   3.235942   3.236088     2.2429    -0.3616     0.3971    34.8821 9.9248e+02    733.699    34.8815    34.8829     6.4137    1476.64    27.7461    27.7471 0.0000e+00
    743.000     3.5200     3.5204   3.236162   3.236280     2.2431    -0.3870     0.3582    34.8823 9.8946e+02    734.686    34.8822    34.8833     6.4147    1476.66    27.7465    27.7473 0.0000e+00
    744.000     3.5219     3.5220   3.236361   3.236480     2.2430    -0.3854     0.3671    34.8825 9.7975e+02    735.674    34.8821    34.8834     6.4149    1476.68    27.7463    27.7473 0.0000e+00
    745.000     3.5219     3.5222   3.236416   3.236555     2.2423    -0.3845     0.3645    34.8825 9.6685e+02    736.661    34.8822    34.8835     6.4131    1476.70    27.7463    27.7474 0.0000e+00
    746.000     3.5208     3.5209   3.236319   3.236454     2.2411    -0.3692     0.3604    34.8822 9.5501e+02    737.648    34.8818    34.8832     6.4099    1476.71    27.7461    27.7473 0.0000e+00
    747.000     3.5154     3.5159   3.235818   3.236013     2.2401    -0.3555     0.3601    34.8819 9.4887e+02    738.635    34.8810    34.8828     6.4081    1476.71    27.7460    27.7474 0.0000e+00
    748.000     3.5102     3.5103   3.235334   3.235488     2.2406    -0.3573     0.3612    34.8811 9.4774e+02    739.622    34.8802    34.8819     6.4117    1476.70    27.7459    27.7473 0.0000e+00
    749.000     3.5097     3.5094   3.235385   3.235461     2.2408    -0.3771     0.3603    34.8811 9.5037e+02    740.609    34.8807    34.8820     6.4134    1476.71    27.7464    27.7474 0.0000e+00
    750.000     3.5090     3.5083   3.235320   3.235382     2.2409    -0.3892     0.3631    34.8808 9.5804e+02    741.596    34.8802    34.8817     6.4144    1476.73    27.7460    27.7473 0.0000e+00
    751.000     3.5057     3.5056   3.235035   3.235167     2.2409    -0.3957     0.3631    34.8806 9.6427e+02    742.583    34.8797    34.8814     6.4159    1476.73    27.7460    27.7474 0.0000e+00
    752.000     3.4962     3.4980   3.234092   3.234428     2.2413    -0.3691     0.3596    34.8794 9.6232e+02    743.570    34.8781    34.8802     6.4202    1476.70    27.7457    27.7472 0.0000e+00
    753.000     3.4944     3.4944   3.234032   3.234138     2.2422    -0.3771     0.3582    34.8795 9.5625e+02    744.557    34.8788    34.8800     6.4246    1476.71    27.7463    27.7474 0.0000e+00
    754.000     3.4921     3.4920   3.233834   3.233944     2.2430    -0.3828     0.3608    34.8791 9.5028e+02    745.544    34.8783    34.8798     6.4286    1476.72    27.7463    27.7474 0.0000e+00
    755.000     3.4923     3.4920   3.233894   3.233984     2.2444    -0.3778     0.3649    34.8790 9.4728e+02    746.531    34.8783    34.8797     6.4347    1476.74    27.7462    27.7474 0.0000e+00
    756.000     3.4904     3.4903   3.233761   3.233860     2.2443    -0.3779     0.3640    34.8788 9.5088e+02    747.518    34.8782    34.8795     6.4355    1476.74    27.7463    27.7473 0.0000e+00
    757.000     3.4896     3.4896   3.233731   3.233840     2.2442    -0.3886     0.3581    34.8786 9.5955e+02    748.505    34.8782    34.8795     6.4361    1476.76    27.7464    27.7474 0.0000e+00
    758.000     3.4898     3.4898   3.233819   3.233910     2.2437    -0.3657     0.3617    34.8788 9.6410e+02    749.492    34.8785    34.8796     6.4351    1476.78    27.7466    27.7475 0.0000e+00
    759.000     3.4890     3.4887   3.233760   3.233844     2.2431    -0.3789     0.3593    34.8787 9.6026e+02    750.479    34.8781    34.8794     6.4338    1476.79    27.7464    27.7474 0.0000e+00
    760.000     3.4854     3.4852   3.233394   3.233526     2.2429    -0.3871     0.3600    34.8780 9.5522e+02    751.466    34.8770    34.8788     6.4347    1476.79    27.7459    27.7474 0.0000e+00
    761.000     3.4832     3.4831   3.233306   3.233395     2.2427    -0.3852     0.3632    34.8782 9.5250e+02    752.453    34.8777    34.8789     6.4350    1476.80    27.7467    27.7476 0.0000e+00
    762.000     3.4831     3.4827   3.233321   3.233390     2.2429    -0.3870     0.3631    34.8779 9.5425e+02    753.440    34.8775    34.8787     6.4368    1476.81    27.7465    27.7475 0.0000e+00
    763.000     3.4811     3.4807   3.233139   3.233240     2.2439    -0.3877     0.3626    34.8776 9.6165e+02    754.427    34.8769    34.8786     6.4417    1476.82    27.7462    27.7476 0.0000e+00
    764.000     3.4784     3.4781   3.232923   3.233009     2.2449    -0.3869     0.3604    34.8772 9.7932e+02    755.414    34.8768    34.8781     6.4465    1476.82    27.7464    27.7475 0.0000e+00
    765.000     3.4778     3.4778   3.232931   3.233051     2.2448    -0.3538     0.3631    34.8773 9.9814e+02    756.400    34.8769    34.8783     6.4470    1476.84    27.7466    27.7477 0.0000e+00
    766.000     3.4751     3.4732   3.232605   3.232597     2.2446    -0.3746     0.3600    34.8766 9.9849e+02    757.387    34.8754    34.8773     6.4479    1476.84    27.7457    27.7474 0.0000e+00
    767.000     3.4725     3.4731   3.232529   3.232678     2.2443    -0.3857     0.3583    34.8768 9.8908e+02    758.374    34.8767    34.8778     6.4478    1476.85    27.7469    27.7478 0.0000e+00
    768.000     3.4743     3.4747   3.232745   3.232860     2.2428    -0.3873     0.3580    34.8769 9.7608e+02    759.361    34.8769    34.8779     6.4430    1476.87    27.7469    27.7477 0.0000e+00
    769.000     3.4743     3.4741   3.232736   3.232830     2.2431    -0.3670     0.3619    34.8767 9.6328e+02    760.348    34.8762    34.8776     6.4447    1476.89    27.7464    27.7475 0.0000e+00
    770.000     3.4728     3.4730   3.232642   3.232765     2.2428    -0.3819     0.3628    34.8764 9.6411e+02    761.335    34.8761    34.8775     6.4448    1476.90    27.7465    27.7475 0.0000e+00
    771.000     3.4725     3.4722   3.232661   3.232738     2.2428    -0.3882     0.3629    34.8765 9.9047e+02    762.322    34.8762    34.8774     6.4456    1476.91    27.7466    27.7476 0.0000e+00
    772.000     3.4715     3.4715   3.232583   3.232714     2.2422    -0.3699     0.3599    34.8764 1.0032e+03    763.309    34.8758    34.8774     6.4448    1476.93    27.7464    27.7476 0.0000e+00
    773.000     3.4654     3.4655   3.231975   3.232156     2.2421    -0.3652     0.3603    34.8756 1.0065e+03    764.296    34.8745    34.8766     6.4460    1476.91    27.7459    27.7476 0.0000e+00
    774.000     3.4633     3.4633   3.231902   3.232002     2.2419    -0.3635     0.3628    34.8757 1.0030e+03    765.283    34.8753    34.8765     6.4465    1476.92    27.7468    27.7477 0.0000e+00
    775.000     3.4640     3.4641   3.231993   3.232119     2.2421    -0.3635     0.3631    34.8755 9.9661e+02    766.270    34.8752    34.8765     6.4482    1476.94    27.7466    27.7476 0.0000e+00
    776.000     3.4636     3.4638   3.231996   3.232120     2.2422    -0.3826     0.3626    34.8754 9.8772e+02    767.257    34.8751    34.8764     6.4494    1476.96    27.7466    27.7476 0.0000e+00
    777.000     3.4645     3.4639   3.232143   3.232178     2.2422    -0.3642     0.3598    34.8755 9.8912e+02    768.243    34.8753    34.8764     6.4501    1476.98    27.7467    27.7476 0.0000e+00
    778.000     3.4643     3.4645   3.232182   3.232302     2.2422    -0.3610     0.3629    34.8755 1.0020e+03    769.230    34.8755    34.8767     6.4508    1476.99    27.7469    27.7478 0.0000e+00
    779.000     3.4633     3.4624   3.232012   3.232110     2.2418    -0.3674     0.3637    34.8752 1.0087e+03    770.217    34.8740    34.8761     6.4505    1477.00    27.7458    27.7475 0.0000e+00
    780.000     3.4563     3.4562   3.231442   3.231568     2.2412    -0.3620     0.3684    34.8746 1.0087e+03    771.204    34.8741    34.8757     6.4505    1476.99    27.7466    27.7478 0.0000e+00
    781.000     3.4561     3.4563   3.231490   3.231613     2.2410    -0.3795     0.3642    34.8747 1.0038e+03    772.191    34.8744    34.8757     6.4505    1477.01    27.7468    27.7478 0.0000e+00
    782.000     3.4550     3.4550   3.231388   3.231519     2.2410    -0.3796     0.3629    34.8743 9.9450e+02    773.178    34.8738    34.8754     6.4516    1477.02    27.7465    27.7477 0.0000e+00
    783.000     3.4535     3.4535   3.231301   3.231416     2.2414    -0.3782     0.3602    34.8742 9.9054e+02    774.165    34.8738    34.8752     6.4541    1477.03    27.7466    27.7477 0.0000e+00
    784.000     3.4531     3.4533   3.231306   3.231432     2.2424    -0.3889     0.3592    34.8741 1.0046e+03    775.152    34.8738    34.8751     6.4588    1477.04    27.7466    27.7476 0.0000e+00
    785.000     3.4527     3.4526   3.231328   3.231426     2.2423    -0.3885     0.3630    34.8742 1.0159e+03    776.138    34.8740    34.8752     6.4592    1477.06    27.7468    27.7478 0.0000e+00
    786.000     3.4527     3.4526   3.231381   3.231471     2.2423    -0.3840     0.3629    34.8742 1.0173e+03    777.125    34.8740    34.8753     6.4600    1477.08    27.7469    27.7479 0.0000e+00
    787.000     3.4525     3.4523   3.231391   3.231492     2.2415    -0.3639     0.3629    34.8741 1.0118e+03    778.112    34.8738    34.8752     6.4580    1477.09    27.7467    27.7479 0.0000e+00
    788.000     3.4526     3.4527   3.231456   3.231564     2.2411    -0.3827     0.3593    34.8741 1.0032e+03    779.099    34.8740    34.8752     6.4574    1477.11    27.7469    27.7478 0.0000e+00
    789.000     3.4511     3.4512   3.231288   3.231457     2.2410    -0.3721     0.3713    34.8737 9.9776e+02    780.086    34.8731    34.8750     6.4582    1477.12    27.7463    27.7478 0.0000e+00
    790.000     3.4458     3.4464   3.230809   3.231014     2.2398    -0.3774     0.3669    34.8733 1.0007e+03    781.073    34.8724    34.8743     6.4554    1477.11    27.7463    27.7477 0.0000e+00
    791.000     3.4401     3.4399   3.230334   3.230436     2.2386    -0.3852     0.3628    34.8728 1.0115e+03    782.060    34.8723    34.8737     6.4529    1477.10    27.7468    27.7479 0.0000e+00
    792.000     3.4398     3.4398   3.230360   3.230468     2.2375    -0.3651     0.3553    34.8727 1.0223e+03    783.046    34.8724    34.8737     6.4496    1477.12    27.7468    27.7479 0.0000e+00
    793.000     3.4396     3.4394   3.230376   3.230482     2.2374    -0.3618     0.3688    34.8727 1.0274e+03    784.033    34.8723    34.8737     6.4501    1477.13    27.7468    27.7480 0.0000e+00
    794.000     3.4382     3.4381   3.230276   3.230397     2.2374    -0.3851     0.3600    34.8726 1.0250e+03    785.020    34.8721    34.8737     6.4513    1477.14    27.7468    27.7480 0.0000e+00
    795.000     3.4354     3.4353   3.230074   3.230178     2.2374    -0.3884     0.3572    34.8725 1.0181e+03    786.007    34.8721    34.8734     6.4526    1477.15    27.7470    27.7481 0.0000e+00
    796.000     3.4357     3.4356   3.230150   3.230246     2.2375    -0.3772     0.3640    34.8725 1.0113e+03    786.994    34.8722    34.8735     6.4536    1477.17    27.7471    27.7481 0.0000e+00
    797.000     3.4352     3.4357   3.230122   3.230292     2.2386    -0.3811     0.3672    34.8723 1.0171e+03    787.980    34.8719    34.8733     6.4586    1477.18    27.7469    27.7480 0.0000e+00
    798.000     3.4328     3.4338   3.229983   3.230169     2.2387    -0.3920     0.3605    34.8724 1.0313e+03    788.967    34.8721    34.8733     6.4603    1477.19    27.7474    27.7482 0.0000e+00
    799.000     3.4333     3.4332   3.230101   3.230179     2.2387    -0.3863     0.3585    34.8726 1.0331e+03    789.954    34.8725    34.8736     6.4610    1477.21    27.7476    27.7485 0.0000e+00
    800.000     3.4335     3.4332   3.230134   3.230242     2.2387    -0.3840     0.3630    34.8725 1.0314e+03    790.941    34.8723    34.8738     6.4618    1477.22    27.7474    27.7487 0.0000e+00
    801.000     3.4330     3.4330   3.230145   3.230247     2.2387    -0.3818     0.3633    34.8725 1.0297e+03    791.928    34.8724    34.8735     6.4628    1477.24    27.7476    27.7485 0.0000e+00
    802.000     3.4330     3.4333   3.230183   3.230330     2.2387    -0.3898     0.3629    34.8725 1.0307e+03    792.914    34.8723    34.8737     6.4636    1477.25    27.7475    27.7486 0.0000e+00
    803.000     3.4326     3.4331   3.230181   3.230329     2.2376    -0.3684     0.3629    34.8723 1.0360e+03    793.901    34.8721    34.8734     6.4605    1477.27    27.7474    27.7484 0.0000e+00
    804.000     3.4331     3.4329   3.230255   3.230351     2.2363    -0.3775     0.3630    34.8721 1.0616e+03    794.888    34.8720    34.8734     6.4566    1477.29    27.7473    27.7484 0.0000e+00
    805.000     3.4338     3.4332   3.230370   3.230433     2.2359    -0.3934     0.3629    34.8723 1.0666e+03    795.875    34.8721    34.8735     6.4558    1477.31    27.7473    27.7485 0.0000e+00
    806.000     3.4317     3.4322   3.230211   3.230395     2.2354    -0.3868     0.3631    34.8722 1.0574e+03    796.861    34.8719    34.8735     6.4549    1477.31    27.7474    27.7486 0.0000e+00
    807.000     3.4326     3.4325   3.230371   3.230457     2.2350    -0.3685     0.3629    34.8723 1.0492e+03    797.848    34.8723    34.8735     6.4543    1477.33    27.7476    27.7485 0.0000e+00
