Ship_data/Irminger/Irminger-5/ctd/process/dar30-03013.cnv
* Sea-Bird SBE 9 Data File:
* FileName = D:\Data\ar30-03013.hdr
* Software Version Seasave V 7.23.2
* Temperature SN = 4312
* Conductivity SN = 2148
* Number of Bytes Per Scan = 44
* Number of Voltage Words = 5
* Number of Scans Averaged by the Deck Unit = 1
* NMEA Latitude = 59 46.82 N
* NMEA Longitude = 039 49.61 W
* NMEA UTC (Time) = Jun 14 2018  20:15:22
** Cruise ID: ar30-03
** Chief Sci: Macdonald
** Station #: 013
** Site ID: Irminger 5 test cast
** test cast to 130 meters
# nquan = 18
# nvalues = 132                         
# units = specified
# name 0 = prDM: Pressure, Digiquartz [db]
# name 1 = t090C: Temperature [ITS-90, deg C]
# name 2 = t190C: Temperature, 2 [ITS-90, deg C]
# name 3 = c0S/m: Conductivity [S/m]
# name 4 = c1S/m: Conductivity, 2 [S/m]
# name 5 = sbeox0V: Oxygen raw, SBE 43 [V]
# name 6 = flECO-AFL: Fluorescence, WET Labs ECO-AFL/FL [mg/m^3]
# name 7 = turbWETntu0: Turbidity, WET Labs ECO [NTU]
# name 8 = sal00: Salinity, Practical [PSU]
# name 9 = spar: SPAR/Surface Irradiance
# name 10 = depSM: Depth [salt water, m], lat = 59.7803
# name 11 = sal00: Salinity, Practical [PSU]
# name 12 = sal11: Salinity, Practical, 2 [PSU]
# name 13 = sbeox0ML/L: Oxygen, SBE 43 [ml/l], WS = 2
# name 14 = svCM: Sound Velocity [Chen-Millero, m/s]
# name 15 = sigma-é00: Density [sigma-theta, kg/m^3]
# name 16 = sigma-é11: Density, 2 [sigma-theta, kg/m^3]
# name 17 = flag: flag
# span 0 =      3.000,    134.000       
# span 1 =     4.3363,     6.0800       
# span 2 =     4.3362,     6.0804       
# span 3 =   3.282135,   3.430193       
# span 4 =   3.282317,   3.430391       
# span 5 =     2.5147,     2.7569       
# span 6 =    -0.1589,     2.5742       
# span 7 =     0.4094,     0.6308       
# span 8 =    34.8426,    34.8953       
# span 9 = 4.1589e+02, 4.2906e+02       
# span 10 =      2.972,    132.696      
# span 11 =    34.8270,    34.8926      
# span 12 =    34.8426,    34.8952      
# span 13 =     6.6667,     7.1578      
# span 14 =    1469.85,    1474.93      
# span 15 =    27.4186,    27.6620      
# span 16 =    27.4200,    27.6637      
# span 17 = 0.0000e+00, 0.0000e+00      
# interval = decibars: 1                
# start_time = Jun 14 2018 20:15:22 [System UTC, first data scan.]
# bad_flag = -9.990e-29
*END*
      3.000     6.0627     6.0624   3.428534   3.428691     2.7431     0.8624     0.5369    34.8426 4.2689e+02      2.972    34.8428    34.8449     7.0230    1474.84    27.4205    27.4222 0.0000e+00
      4.000     6.0800     6.0804   3.430193   3.430391     2.7429     0.8785     0.5369    34.8431 4.2497e+02      3.962    34.8432    34.8451     7.0202    1474.93    27.4186    27.4200 0.0000e+00
      5.000     6.0588     6.0565   3.428246   3.428254     2.7413     0.9241     0.5382    34.8435 4.2677e+02      4.953    34.8426    34.8450     7.0198    1474.86    27.4209    27.4231 0.0000e+00
      6.000     6.0452     6.0630   3.426895   3.428853     2.7410     0.9654     0.5438    34.8432 4.2906e+02      5.943    34.8408    34.8446     7.0225    1474.82    27.4212    27.4219 0.0000e+00
      7.000     6.0050     5.9972   3.423251   3.422808     2.7401     0.9817     0.5412    34.8437 4.2783e+02      6.934    34.8405    34.8435     7.0275    1474.68    27.4261    27.4294 0.0000e+00
      8.000     5.9849     5.9769   3.421693   3.421092     2.7421     1.0423     0.5363    34.8440 4.2467e+02      7.925    34.8431    34.8445     7.0384    1474.62    27.4307    27.4329 0.0000e+00
      9.000     6.0079     6.0037   3.423867   3.423536     2.7433     1.0348     0.5339    34.8435 4.2430e+02      8.915    34.8434    34.8440     7.0389    1474.73    27.4281    27.4291 0.0000e+00
     10.000     6.0185     6.0126   3.424865   3.424427     2.7423     1.0355     0.5333    34.8435 4.2859e+02      9.906    34.8432    34.8444     7.0347    1474.78    27.4266    27.4283 0.0000e+00
     11.000     5.9984     6.0022   3.422961   3.423537     2.7420     1.0486     0.5435    34.8434 4.2869e+02     10.896    34.8419    34.8446     7.0384    1474.72    27.4281    27.4297 0.0000e+00
     12.000     6.0214     6.0180   3.425419   3.425071     2.7402     1.0168     0.5380    34.8440 4.2622e+02     11.887    34.8456    34.8451     7.0293    1474.83    27.4281    27.4282 0.0000e+00
     13.000     5.7943     5.8533   3.403160   3.409909     2.7352     0.9952     0.5325    34.8450 4.2475e+02     12.877    34.8270    34.8426     7.0559    1473.92    27.4421    27.4471 0.0000e+00
     14.000     5.7141     5.7126   3.397465   3.397488     2.7448     1.3828     0.5726    34.8519 4.2682e+02     13.868    34.8445    34.8464     7.1005    1473.64    27.4661    27.4677 0.0000e+00
     15.000     5.6975     5.6979   3.396032   3.396264     2.7524     1.6752     0.5667    34.8514 4.2746e+02     14.858    34.8449    34.8471     7.1287    1473.59    27.4685    27.4702 0.0000e+00
     16.000     5.6696     5.6701   3.393650   3.393916     2.7569     1.6600     0.5756    34.8521 4.2534e+02     15.849    34.8461    34.8487     7.1487    1473.50    27.4729    27.4749 0.0000e+00
     17.000     5.6345     5.6350   3.390661   3.390935     2.7564     1.6480     0.5720    34.8535 4.2574e+02     16.839    34.8479    34.8504     7.1544    1473.38    27.4787    27.4806 0.0000e+00
     18.000     5.6037     5.6045   3.387922   3.388300     2.7542     1.7495     0.5977    34.8543 4.2789e+02     17.830    34.8480    34.8515     7.1539    1473.27    27.4826    27.4853 0.0000e+00
     19.000     5.5635     5.5621   3.384548   3.384604     2.7529     1.6668     0.5733    34.8555 4.2619e+02     18.820    34.8506    34.8528     7.1578    1473.13    27.4896    27.4915 0.0000e+00
     20.000     5.5561     5.5567   3.384001   3.384191     2.7502     1.7652     0.6121    34.8550 4.2587e+02     19.811    34.8515    34.8531     7.1515    1473.12    27.4912    27.4924 0.0000e+00
     21.000     5.5525     5.5548   3.383682   3.384098     2.7475     1.8437     0.5954    34.8545 4.2683e+02     20.801    34.8511    34.8534     7.1446    1473.12    27.4914    27.4929 0.0000e+00
     22.000     5.5383     5.5379   3.382558   3.382674     2.7453     1.8506     0.6158    34.8549 4.2547e+02     21.792    34.8524    34.8541     7.1410    1473.08    27.4941    27.4956 0.0000e+00
     23.000     5.5365     5.5361   3.382453   3.382576     2.7428     2.0007     0.6028    34.8546 4.2547e+02     22.782    34.8526    34.8544     7.1342    1473.09    27.4946    27.4960 0.0000e+00
     24.000     5.5338     5.5344   3.382265   3.382492     2.7421     2.3452     0.5863    34.8543 4.2762e+02     23.773    34.8527    34.8547     7.1335    1473.09    27.4950    27.4965 0.0000e+00
     25.000     5.5247     5.5246   3.381455   3.381668     2.7410     2.5427     0.6060    34.8544 4.2575e+02     24.763    34.8524    34.8549     7.1327    1473.07    27.4958    27.4978 0.0000e+00
     26.000     5.5161     5.5162   3.380793   3.380958     2.7374     2.5742     0.6071    34.8546 4.2465e+02     25.754    34.8531    34.8550     7.1234    1473.06    27.4975    27.4990 0.0000e+00
     27.000     5.5128     5.5130   3.380532   3.380722     2.7324     2.3551     0.5850    34.8543 4.2711e+02     26.744    34.8530    34.8550     7.1092    1473.06    27.4978    27.4994 0.0000e+00
     28.000     5.5031     5.5030   3.379709   3.379887     2.7284     2.4315     0.6221    34.8547 4.2509e+02     27.735    34.8532    34.8554     7.0989    1473.04    27.4991    27.5009 0.0000e+00
     29.000     5.4861     5.4871   3.378158   3.378515     2.7228     2.4597     0.6031    34.8552 4.2350e+02     28.725    34.8526    34.8557     7.0853    1472.98    27.5007    27.5031 0.0000e+00
     30.000     5.3864     5.3877   3.369393   3.369885     2.7101     2.3623     0.6308    34.8611 4.2732e+02     29.716    34.8552    34.8595     7.0633    1472.60    27.5150    27.5182 0.0000e+00
     31.000     5.3435     5.3422   3.365715   3.365942     2.7004     2.2940     0.5936    34.8628 4.2638e+02     30.706    34.8570    34.8610     7.0409    1472.45    27.5216    27.5249 0.0000e+00
     32.000     5.3287     5.3311   3.364477   3.365014     2.6937     1.9264     0.5583    34.8633 4.2499e+02     31.696    34.8577    34.8614     7.0229    1472.41    27.5239    27.5266 0.0000e+00
     33.000     5.2554     5.2565   3.358083   3.358537     2.6825     1.9255     0.5586    34.8668 4.2601e+02     32.687    34.8600    34.8640     7.0009    1472.13    27.5345    27.5375 0.0000e+00
     34.000     5.2099     5.2075   3.354342   3.354350     2.6704     2.2409     0.5846    34.8688 4.2274e+02     33.677    34.8638    34.8664     6.9711    1471.97    27.5430    27.5453 0.0000e+00
     35.000     5.1915     5.1915   3.352781   3.353061     2.6662     1.8311     0.5620    34.8698 4.2434e+02     34.668    34.8645    34.8677     6.9616    1471.91    27.5457    27.5482 0.0000e+00
     36.000     5.1635     5.1646   3.350465   3.350808     2.6621     1.8163     0.5539    34.8714 4.2855e+02     35.658    34.8665    34.8692     6.9543    1471.82    27.5506    27.5526 0.0000e+00
     37.000     5.1430     5.1431   3.348931   3.349123     2.6571     1.9239     0.5507    34.8732 4.2618e+02     36.649    34.8696    34.8716     6.9426    1471.75    27.5555    27.5571 0.0000e+00
     38.000     5.1343     5.1339   3.348342   3.348501     2.6534     1.8668     0.5791    34.8743 4.2061e+02     37.639    34.8713    34.8736     6.9329    1471.74    27.5579    27.5597 0.0000e+00
     39.000     5.1264     5.1259   3.347750   3.347912     2.6511     1.6815     0.5408    34.8750 4.2293e+02     38.629    34.8722    34.8746     6.9279    1471.72    27.5596    27.5615 0.0000e+00
     40.000     5.1103     5.1109   3.346469   3.346716     2.6480     1.8067     0.5411    34.8762 4.2811e+02     39.620    34.8737    34.8759     6.9216    1471.68    27.5626    27.5643 0.0000e+00
     41.000     5.1005     5.1007   3.345791   3.345991     2.6438     1.8458     0.5443    34.8775 4.2353e+02     40.610    34.8756    34.8777     6.9105    1471.65    27.5653    27.5669 0.0000e+00
     42.000     5.0928     5.0931   3.345210   3.345457     2.6407     1.5584     0.5365    34.8785 4.2154e+02     41.601    34.8764    34.8789     6.9027    1471.64    27.5668    27.5688 0.0000e+00
     43.000     5.0859     5.0867   3.344702   3.344958     2.6378     1.6850     0.5289    34.8789 4.2399e+02     42.591    34.8772    34.8794     6.8954    1471.63    27.5683    27.5699 0.0000e+00
     44.000     5.0749     5.0749   3.343748   3.343976     2.6337     1.7524     0.5346    34.8792 4.2694e+02     43.581    34.8771    34.8798     6.8849    1471.60    27.5695    27.5717 0.0000e+00
     45.000     5.0442     5.0440   3.340882   3.341133     2.6284     1.5823     0.5254    34.8786 4.2550e+02     44.572    34.8755    34.8787     6.8742    1471.49    27.5719    27.5744 0.0000e+00
     46.000     5.0229     5.0236   3.339037   3.339334     2.6216     1.5624     0.5254    34.8787 4.2249e+02     45.562    34.8759    34.8786     6.8568    1471.42    27.5747    27.5767 0.0000e+00
     47.000     5.0028     5.0020   3.337208   3.337379     2.6131     1.4858     0.5245    34.8780 4.2329e+02     46.552    34.8753    34.8780     6.8337    1471.36    27.5765    27.5788 0.0000e+00
     48.000     4.9931     4.9935   3.336398   3.336622     2.6078     1.4775     0.5093    34.8774 4.2540e+02     47.543    34.8755    34.8777     6.8193    1471.33    27.5778    27.5795 0.0000e+00
     49.000     4.9858     4.9857   3.335742   3.335960     2.6060     1.4235     0.5094    34.8770 4.2520e+02     48.533    34.8750    34.8776     6.8158    1471.32    27.5783    27.5803 0.0000e+00
     50.000     4.9828     4.9825   3.335576   3.335738     2.6033     1.4044     0.5012    34.8770 4.2268e+02     49.523    34.8757    34.8778     6.8082    1471.32    27.5792    27.5809 0.0000e+00
     51.000     4.9823     4.9822   3.335594   3.335786     2.6003     1.4398     0.5014    34.8768 4.2421e+02     50.514    34.8758    34.8782     6.7995    1471.34    27.5794    27.5812 0.0000e+00
     52.000     4.9789     4.9787   3.335302   3.335495     2.5995     1.3233     0.5015    34.8766 4.2667e+02     51.504    34.8755    34.8779     6.7984    1471.34    27.5795    27.5815 0.0000e+00
     53.000     4.9732     4.9732   3.334806   3.335001     2.5983     1.3025     0.5090    34.8761 4.2434e+02     52.494    34.8752    34.8774     6.7964    1471.33    27.5800    27.5817 0.0000e+00
     54.000     4.9742     4.9745   3.334997   3.335206     2.5958     1.3731     0.4972    34.8763 4.2243e+02     53.485    34.8759    34.8779     6.7889    1471.35    27.5804    27.5820 0.0000e+00
     55.000     4.9546     4.9535   3.333046   3.333309     2.5925     1.3204     0.4959    34.8762 4.2376e+02     54.475    34.8731    34.8774     6.7827    1471.29    27.5805    27.5840 0.0000e+00
     56.000     4.9136     4.9134   3.329624   3.329844     2.5874     1.0799     0.4826    34.8784 4.2488e+02     55.465    34.8759    34.8787     6.7742    1471.14    27.5874    27.5896 0.0000e+00
     57.000     4.9053     4.9053   3.329031   3.329224     2.5819     0.8931     0.4698    34.8789 4.2485e+02     56.456    34.8771    34.8794     6.7585    1471.13    27.5894    27.5912 0.0000e+00
     58.000     4.8987     4.8988   3.328526   3.328738     2.5781     0.7223     0.4687    34.8792 4.2319e+02     57.446    34.8777    34.8800     6.7480    1471.12    27.5906    27.5924 0.0000e+00
     59.000     4.8936     4.8939   3.328137   3.328371     2.5745     0.6861     0.4641    34.8794 4.2139e+02     58.436    34.8780    34.8804     6.7380    1471.11    27.5914    27.5933 0.0000e+00
     60.000     4.8874     4.8872   3.327697   3.327877     2.5734     0.6566     0.4641    34.8800 4.2355e+02     59.427    34.8788    34.8811     6.7365    1471.10    27.5928    27.5946 0.0000e+00
     61.000     4.8849     4.8850   3.327527   3.327726     2.5721     0.5895     0.4593    34.8799 4.2464e+02     60.417    34.8789    34.8812     6.7336    1471.11    27.5932    27.5949 0.0000e+00
     62.000     4.8823     4.8823   3.327357   3.327546     2.5706     0.6476     0.4544    34.8800 4.2356e+02     61.407    34.8792    34.8814     6.7301    1471.12    27.5937    27.5955 0.0000e+00
     63.000     4.8694     4.8700   3.326247   3.326563     2.5695     0.5889     0.4563    34.8811 4.2250e+02     62.398    34.8793    34.8823     6.7295    1471.08    27.5953    27.5976 0.0000e+00
     64.000     4.8510     4.8511   3.324825   3.325054     2.5673     0.5078     0.4536    34.8831 4.2254e+02     63.388    34.8815    34.8841     6.7264    1471.02    27.5992    27.6012 0.0000e+00
     65.000     4.8421     4.8419   3.324105   3.324298     2.5648     0.4165     0.4536    34.8836 4.2232e+02     64.378    34.8819    34.8844     6.7206    1471.00    27.6005    27.6025 0.0000e+00
     66.000     4.8318     4.8326   3.323254   3.323553     2.5622     0.4373     0.4490    34.8839 4.2273e+02     65.368    34.8823    34.8850     6.7146    1470.98    27.6020    27.6040 0.0000e+00
     67.000     4.8130     4.8132   3.321648   3.321939     2.5594     0.4435     0.4589    34.8851 4.2280e+02     66.359    34.8828    34.8860     6.7097    1470.92    27.6045    27.6070 0.0000e+00
     68.000     4.7822     4.7828   3.318883   3.319312     2.5565     0.3239     0.4500    34.8867 4.2263e+02     67.349    34.8824    34.8868     6.7066    1470.81    27.6077    27.6112 0.0000e+00
     69.000     4.7406     4.7420   3.315543   3.315896     2.5525     0.3142     0.4421    34.8898 4.2248e+02     68.339    34.8867    34.8893     6.7015    1470.66    27.6159    27.6178 0.0000e+00
     70.000     4.7297     4.7300   3.314702   3.314931     2.5490     0.2972     0.4475    34.8900 4.2248e+02     69.329    34.8877    34.8902     6.6927    1470.63    27.6180    27.6199 0.0000e+00
     71.000     4.7167     4.7170   3.313612   3.313874     2.5467     0.2191     0.4418    34.8909 4.2155e+02     70.320    34.8882    34.8910     6.6881    1470.60    27.6198    27.6220 0.0000e+00
     72.000     4.6897     4.6902   3.311265   3.311643     2.5448     0.1742     0.4339    34.8928 4.2249e+02     71.310    34.8886    34.8925     6.6876    1470.51    27.6232    27.6263 0.0000e+00
     73.000     4.6635     4.6641   3.309235   3.309507     2.5416     0.1689     0.4353    34.8948 4.2429e+02     72.300    34.8920    34.8945     6.6823    1470.42    27.6288    27.6308 0.0000e+00
     74.000     4.6532     4.6532   3.308389   3.308604     2.5385     0.1572     0.4311    34.8949 4.2217e+02     73.290    34.8924    34.8950     6.6748    1470.39    27.6304    27.6324 0.0000e+00
     75.000     4.6436     4.6436   3.307525   3.307813     2.5367     0.0949     0.4313    34.8948 4.1898e+02     74.281    34.8919    34.8952     6.6716    1470.37    27.6310    27.6337 0.0000e+00
     76.000     4.6156     4.6169   3.305112   3.305458     2.5349     0.0996     0.4289    34.8953 4.2248e+02     75.271    34.8926    34.8952     6.6715    1470.27    27.6347    27.6367 0.0000e+00
     77.000     4.5974     4.5978   3.303463   3.303767     2.5323     0.1032     0.4435    34.8949 4.2619e+02     76.261    34.8920    34.8951     6.6667    1470.21    27.6363    27.6387 0.0000e+00
     78.000     4.5736     4.5753   3.301250   3.301723     2.5312     0.0485     0.4990    34.8944 4.2302e+02     77.251    34.8906    34.8943     6.6682    1470.13    27.6378    27.6406 0.0000e+00
     79.000     4.5543     4.5554   3.299667   3.300013     2.5311     0.0432     0.4350    34.8948 4.1913e+02     78.242    34.8918    34.8947     6.6723    1470.07    27.6409    27.6431 0.0000e+00
     80.000     4.5381     4.5379   3.298325   3.298501     2.5302     0.0541     0.4218    34.8948 4.2167e+02     79.232    34.8926    34.8949     6.6729    1470.02    27.6434    27.6452 0.0000e+00
     81.000     4.5293     4.5291   3.297546   3.297754     2.5287     0.0248     0.4265    34.8946 4.2486e+02     80.222    34.8922    34.8949     6.6703    1470.00    27.6440    27.6462 0.0000e+00
     82.000     4.5181     4.5205   3.296552   3.297004     2.5284    -0.0111     0.4229    34.8941 4.2306e+02     81.212    34.8919    34.8946     6.6723    1469.97    27.6450    27.6470 0.0000e+00
