Ship_data/Irminger/Irminger-5/ctd/process/dar30-03019.cnv
* Sea-Bird SBE 9 Data File:
* FileName = D:\Data\ar30-03019.hdr
* Software Version Seasave V 7.23.2
* Temperature SN = 4312
* Conductivity SN = 2148
* Number of Bytes Per Scan = 44
* Number of Voltage Words = 5
* Number of Scans Averaged by the Deck Unit = 1
* NMEA Latitude = 59 55.88 N
* NMEA Longitude = 041 18.96 W
* NMEA UTC (Time) = Jun 18 2018  20:06:05
** Cruise ID: ar30-03
** Chief Sci: Macdonald
** Station #: 019
** Site ID: Irminger 5 OSNAP C01
# nquan = 18
# nvalues = 1956                        
# units = specified
# name 0 = prDM: Pressure, Digiquartz [db]
# name 1 = t090C: Temperature [ITS-90, deg C]
# name 2 = t190C: Temperature, 2 [ITS-90, deg C]
# name 3 = c0S/m: Conductivity [S/m]
# name 4 = c1S/m: Conductivity, 2 [S/m]
# name 5 = sbeox0V: Oxygen raw, SBE 43 [V]
# name 6 = flECO-AFL: Fluorescence, WET Labs ECO-AFL/FL [mg/m^3]
# name 7 = turbWETntu0: Turbidity, WET Labs ECO [NTU]
# name 8 = sal00: Salinity, Practical [PSU]
# name 9 = spar: SPAR/Surface Irradiance
# name 10 = depSM: Depth [salt water, m], lat = 59.9313
# name 11 = sal00: Salinity, Practical [PSU]
# name 12 = sal11: Salinity, Practical, 2 [PSU]
# name 13 = sbeox0ML/L: Oxygen, SBE 43 [ml/l], WS = 2
# name 14 = svCM: Sound Velocity [Chen-Millero, m/s]
# name 15 = sigma-é00: Density [sigma-theta, kg/m^3]
# name 16 = sigma-é11: Density, 2 [sigma-theta, kg/m^3]
# name 17 = flag: flag
# span 0 =      3.000,   1958.000       
# span 1 =     2.3629,     6.5881       
# span 2 =     2.3634,     6.5802       
# span 3 =   3.184880,   3.477114       
# span 4 =   3.184938,   3.476461       
# span 5 =     1.9041,     2.8923       
# span 6 =    -0.4096,     9.8889       
# span 7 =     0.3482,     0.7888       
# span 8 =    34.8232,    34.9350       
# span 9 = 8.5665e+02, 2.1999e+03       
# span 10 =      2.972,   1930.511      
# span 11 =    34.8181,    34.9344      
# span 12 =    34.8218,    34.9361      
# span 13 =     6.0147,     7.3951      
# span 14 =    1471.85,    1492.00      
# span 15 =    27.3557,    27.8702      
# span 16 =    27.3573,    27.8705      
# span 17 = 0.0000e+00, 0.0000e+00      
# interval = decibars: 1                
# start_time = Jun 18 2018 20:06:05 [System UTC, first data scan.]
# bad_flag = -9.990e-29
*END*
[from data line 1287]
   1290.000     3.4306     3.4306   3.253839   3.253900     2.0380    -0.3634     0.3629    34.9066 1.7764e+03   1273.896    34.9064    34.9071     6.0894    1485.38    27.7787    27.7793 0.0000e+00
   1291.000     3.4360     3.4354   3.254419   3.254421     2.0376    -0.3463     0.3619    34.9068 1.8142e+03   1274.880    34.9071    34.9077     6.0879    1485.42    27.7788    27.7794 0.0000e+00
   1292.000     3.4367     3.4367   3.254472   3.254503     2.0372    -0.3625     0.3579    34.9062 1.8137e+03   1275.865    34.9064    34.9068     6.0869    1485.44    27.7782    27.7785 0.0000e+00
   1293.000     3.4371     3.4361   3.254532   3.254535     2.0371    -0.3640     0.3580    34.9065 1.8338e+03   1276.849    34.9062    34.9073     6.0871    1485.46    27.7780    27.7789 0.0000e+00
   1294.000     3.4353     3.4357   3.254388   3.254544     2.0368    -0.3514     0.3622    34.9061 1.8309e+03   1277.834    34.9059    34.9073     6.0870    1485.47    27.7779    27.7790 0.0000e+00
   1295.000     3.4294     3.4336   3.253769   3.254284     2.0369    -0.3210     0.3873    34.9056 1.8116e+03   1278.818    34.9043    34.9059     6.0893    1485.46    27.7772    27.7781 0.0000e+00
   1296.000     3.4251     3.4260   3.253616   3.253743     2.0368    -0.3294     0.3816    34.9067 1.7938e+03   1279.803    34.9065    34.9071     6.0905    1485.46    27.7794    27.7797 0.0000e+00
   1297.000     3.4249     3.4248   3.253599   3.253678     2.0372    -0.3377     0.3834    34.9064 1.7199e+03   1280.787    34.9060    34.9070     6.0929    1485.47    27.7790    27.7798 0.0000e+00
   1298.000     3.4219     3.4218   3.253315   3.253414     2.0369    -0.2439     0.4663    34.9061 1.6332e+03   1281.771    34.9053    34.9065     6.0929    1485.47    27.7788    27.7797 0.0000e+00
   1299.000     3.4133     3.4138   3.252577   3.252739     2.0366    -0.3718     0.3687    34.9062 1.5472e+03   1282.756    34.9051    34.9066     6.0940    1485.46    27.7794    27.7805 0.0000e+00
   1300.000     3.4102     3.4106   3.252442   3.252555     2.0356    -0.3674     0.3665    34.9069 1.5791e+03   1283.740    34.9062    34.9072     6.0912    1485.46    27.7806    27.7813 0.0000e+00
   1301.000     3.4093     3.4094   3.252391   3.252480     2.0355    -0.3871     0.3579    34.9067 1.6219e+03   1284.725    34.9061    34.9071     6.0917    1485.47    27.7806    27.7814 0.0000e+00
   1302.000     3.4082     3.4086   3.252372   3.252463     2.0351    -0.3602     0.3629    34.9070 1.6277e+03   1285.709    34.9065    34.9073     6.0913    1485.49    27.7811    27.7816 0.0000e+00
   1303.000     3.4081     3.4085   3.252406   3.252510     2.0347    -0.3463     0.3629    34.9069 1.6669e+03   1286.694    34.9066    34.9074     6.0902    1485.50    27.7811    27.7817 0.0000e+00
   1304.000     3.4082     3.4084   3.252443   3.252526     2.0346    -0.3538     0.3615    34.9068 1.6843e+03   1287.678    34.9064    34.9071     6.0906    1485.52    27.7810    27.7816 0.0000e+00
   1305.000     3.4081     3.4084   3.252482   3.252572     2.0344    -0.3668     0.3583    34.9068 1.6790e+03   1288.663    34.9065    34.9073     6.0908    1485.53    27.7811    27.7817 0.0000e+00
   1306.000     3.4085     3.4087   3.252553   3.252647     2.0341    -0.3520     0.3616    34.9067 1.7220e+03   1289.647    34.9064    34.9073     6.0905    1485.55    27.7810    27.7816 0.0000e+00
   1307.000     3.4083     3.4085   3.252584   3.252671     2.0334    -0.3495     0.3680    34.9067 1.7938e+03   1290.631    34.9065    34.9073     6.0882    1485.57    27.7810    27.7817 0.0000e+00
   1308.000     3.4074     3.4077   3.252538   3.252641     2.0332    -0.3458     0.3630    34.9067 1.8292e+03   1291.616    34.9064    34.9073     6.0885    1485.58    27.7811    27.7818 0.0000e+00
   1309.000     3.4060     3.4066   3.252433   3.252581     2.0332    -0.3803     0.3665    34.9066 1.8027e+03   1292.600    34.9061    34.9072     6.0896    1485.59    27.7810    27.7819 0.0000e+00
   1310.000     3.4040     3.4043   3.252307   3.252425     2.0332    -0.3910     0.3664    34.9065 1.7766e+03   1293.585    34.9062    34.9072     6.0907    1485.60    27.7813    27.7821 0.0000e+00
   1311.000     3.4030     3.4034   3.252269   3.252370     2.0331    -0.3836     0.3629    34.9066 1.7870e+03   1294.569    34.9063    34.9071     6.0914    1485.61    27.7815    27.7821 0.0000e+00
   1312.000     3.4002     3.4002   3.252012   3.252091     2.0324    -0.3655     0.3649    34.9063 1.7819e+03   1295.553    34.9056    34.9067     6.0896    1485.62    27.7812    27.7820 0.0000e+00
   1313.000     3.3923     3.3922   3.251365   3.251450     2.0321    -0.3623     0.3679    34.9065 1.8022e+03   1296.538    34.9058    34.9070     6.0905    1485.60    27.7821    27.7831 0.0000e+00
   1314.000     3.3909     3.3911   3.251310   3.251416     2.0320    -0.3675     0.3637    34.9068 1.8359e+03   1297.522    34.9062    34.9072     6.0913    1485.61    27.7826    27.7834 0.0000e+00
   1315.000     3.3907     3.3907   3.251384   3.251444     2.0319    -0.3702     0.3668    34.9070 1.8524e+03   1298.507    34.9068    34.9075     6.0919    1485.63    27.7830    27.7836 0.0000e+00
   1316.000     3.3908     3.3908   3.251396   3.251491     2.0314    -0.3605     0.3678    34.9068 1.8565e+03   1299.491    34.9063    34.9074     6.0906    1485.64    27.7827    27.7836 0.0000e+00
   1317.000     3.3899     3.3901   3.251378   3.251462     2.0308    -0.3513     0.3675    34.9068 1.8346e+03   1300.475    34.9065    34.9073     6.0889    1485.66    27.7829    27.7836 0.0000e+00
   1318.000     3.3901     3.3904   3.251444   3.251548     2.0301    -0.3689     0.3629    34.9068 1.8051e+03   1301.460    34.9066    34.9075     6.0869    1485.68    27.7829    27.7837 0.0000e+00
   1319.000     3.3901     3.3904   3.251473   3.251576     2.0296    -0.3509     0.3629    34.9068 1.7868e+03   1302.444    34.9065    34.9074     6.0857    1485.69    27.7829    27.7836 0.0000e+00
   1320.000     3.3902     3.3905   3.251519   3.251623     2.0293    -0.3730     0.3672    34.9066 1.7786e+03   1303.428    34.9064    34.9073     6.0855    1485.71    27.7828    27.7835 0.0000e+00
   1321.000     3.3899     3.3904   3.251550   3.251642     2.0288    -0.3664     0.3632    34.9067 1.8095e+03   1304.413    34.9065    34.9071     6.0842    1485.72    27.7830    27.7834 0.0000e+00
   1322.000     3.3899     3.3902   3.251601   3.251698     2.0283    -0.3700     0.3628    34.9068 1.8284e+03   1305.397    34.9066    34.9075     6.0832    1485.74    27.7831    27.7837 0.0000e+00
   1323.000     3.3892     3.3897   3.251568   3.251690     2.0284    -0.3881     0.3629    34.9067 1.8364e+03   1306.381    34.9065    34.9075     6.0842    1485.75    27.7831    27.7837 0.0000e+00
   1324.000     3.3868     3.3877   3.251350   3.251515     2.0283    -0.3913     0.3629    34.9065 1.8371e+03   1307.366    34.9060    34.9070     6.0852    1485.76    27.7829    27.7836 0.0000e+00
   1325.000     3.3851     3.3857   3.251276   3.251427     2.0281    -0.3797     0.3629    34.9067 1.8360e+03   1308.350    34.9063    34.9075     6.0855    1485.77    27.7833    27.7842 0.0000e+00
   1326.000     3.3841     3.3844   3.251270   3.251354     2.0278    -0.3462     0.3629    34.9070 1.8319e+03   1309.334    34.9068    34.9075     6.0853    1485.78    27.7838    27.7843 0.0000e+00
   1327.000     3.3840     3.3841   3.251293   3.251364     2.0271    -0.3686     0.3629    34.9070 1.8257e+03   1310.319    34.9067    34.9075     6.0833    1485.80    27.7837    27.7843 0.0000e+00
   1328.000     3.3835     3.3835   3.251284   3.251364     2.0271    -0.3830     0.3648    34.9069 1.8166e+03   1311.303    34.9067    34.9076     6.0840    1485.81    27.7838    27.7845 0.0000e+00
   1329.000     3.3831     3.3833   3.251276   3.251369     2.0261    -0.3501     0.3794    34.9068 1.8073e+03   1312.287    34.9065    34.9074     6.0810    1485.83    27.7836    27.7844 0.0000e+00
   1330.000     3.3832     3.3834   3.251304   3.251410     2.0254    -0.3560     0.3636    34.9063 1.8199e+03   1313.272    34.9061    34.9073     6.0789    1485.85    27.7834    27.7842 0.0000e+00
   1331.000     3.3788     3.3789   3.251008   3.251093     2.0247    -0.3638     0.3680    34.9071 1.8200e+03   1314.256    34.9069    34.9077     6.0776    1485.84    27.7844    27.7851 0.0000e+00
   1332.000     3.3790     3.3792   3.251075   3.251165     2.0247    -0.3663     0.3645    34.9070 1.8170e+03   1315.240    34.9069    34.9077     6.0785    1485.86    27.7844    27.7850 0.0000e+00
   1333.000     3.3794     3.3795   3.251166   3.251235     2.0245    -0.3652     0.3622    34.9072 1.8186e+03   1316.225    34.9071    34.9078     6.0783    1485.88    27.7845    27.7851 0.0000e+00
   1334.000     3.3792     3.3791   3.251163   3.251222     2.0248    -0.3447     0.3583    34.9069 1.8198e+03   1317.209    34.9067    34.9076     6.0801    1485.90    27.7842    27.7850 0.0000e+00
   1335.000     3.3780     3.3780   3.251090   3.251173     2.0248    -0.3606     0.3580    34.9069 1.8249e+03   1318.193    34.9067    34.9076     6.0812    1485.91    27.7843    27.7851 0.0000e+00
   1336.000     3.3777     3.3778   3.251129   3.251208     2.0248    -0.3670     0.3609    34.9070 1.8285e+03   1319.177    34.9069    34.9077     6.0820    1485.92    27.7845    27.7852 0.0000e+00
   1337.000     3.3775     3.3777   3.251134   3.251227     2.0248    -0.3233     0.4136    34.9069 1.8302e+03   1320.162    34.9067    34.9076     6.0829    1485.94    27.7844    27.7851 0.0000e+00
   1338.000     3.3774     3.3779   3.251189   3.251300     2.0248    -0.3417     0.3980    34.9070 1.8247e+03   1321.146    34.9070    34.9077     6.0837    1485.95    27.7846    27.7852 0.0000e+00
   1339.000     3.3772     3.3774   3.251204   3.251280     2.0248    -0.3710     0.3607    34.9069 1.8144e+03   1322.130    34.9068    34.9076     6.0846    1485.97    27.7846    27.7851 0.0000e+00
   1340.000     3.3776     3.3773   3.251281   3.251330     2.0245    -0.3693     0.3594    34.9069 1.8095e+03   1323.115    34.9068    34.9077     6.0843    1485.99    27.7846    27.7852 0.0000e+00
   1341.000     3.3750     3.3768   3.251027   3.251278     2.0237    -0.3683     0.3601    34.9066 1.8217e+03   1324.099    34.9060    34.9071     6.0823    1485.99    27.7841    27.7848 0.0000e+00
   1342.000     3.3715     3.3723   3.250824   3.250961     2.0236    -0.3697     0.3629    34.9071 1.8305e+03   1325.083    34.9068    34.9076     6.0831    1486.00    27.7851    27.7857 0.0000e+00
   1343.000     3.3704     3.3703   3.250773   3.250849     2.0236    -0.3940     0.3629    34.9073 1.8347e+03   1326.067    34.9069    34.9079     6.0841    1486.01    27.7853    27.7861 0.0000e+00
   1344.000     3.3689     3.3695   3.250689   3.250825     2.0236    -0.3821     0.3629    34.9074 1.8370e+03   1327.052    34.9070    34.9079     6.0852    1486.02    27.7855    27.7862 0.0000e+00
   1345.000     3.3681     3.3681   3.250669   3.250737     2.0236    -0.3711     0.3629    34.9074 1.8331e+03   1328.036    34.9071    34.9079     6.0861    1486.03    27.7857    27.7863 0.0000e+00
   1346.000     3.3679     3.3683   3.250705   3.250810     2.0236    -0.3843     0.3629    34.9074 1.8247e+03   1329.020    34.9072    34.9080     6.0868    1486.05    27.7858    27.7864 0.0000e+00
   1347.000     3.3676     3.3680   3.250716   3.250807     2.0231    -0.3526     0.3658    34.9073 1.8052e+03   1330.004    34.9071    34.9079     6.0857    1486.06    27.7858    27.7863 0.0000e+00
   1348.000     3.3673     3.3673   3.250736   3.250815     2.0226    -0.3482     0.3626    34.9074 1.8022e+03   1330.989    34.9072    34.9082     6.0845    1486.08    27.7859    27.7867 0.0000e+00
   1349.000     3.3675     3.3676   3.250819   3.250890     2.0224    -0.3621     0.3581    34.9074 1.8066e+03   1331.973    34.9074    34.9082     6.0846    1486.10    27.7861    27.7866 0.0000e+00
   1350.000     3.3697     3.3702   3.251092   3.251185     2.0224    -0.3658     0.3658    34.9078 1.8115e+03   1332.957    34.9079    34.9085     6.0850    1486.12    27.7862    27.7867 0.0000e+00
   1351.000     3.3702     3.3705   3.251136   3.251220     2.0218    -0.3566     0.3752    34.9073 1.8183e+03   1333.941    34.9073    34.9080     6.0833    1486.14    27.7857    27.7862 0.0000e+00
   1352.000     3.3699     3.3694   3.251099   3.251151     2.0217    -0.3273     0.3889    34.9070 1.8222e+03   1334.925    34.9068    34.9079     6.0837    1486.16    27.7853    27.7863 0.0000e+00
   1353.000     3.3683     3.3685   3.251028   3.251130     2.0212    -0.3309     0.3919    34.9073 1.8242e+03   1335.910    34.9071    34.9081     6.0828    1486.17    27.7858    27.7866 0.0000e+00
   1354.000     3.3676     3.3680   3.251023   3.251126     2.0202    -0.3473     0.3683    34.9074 1.8216e+03   1336.894    34.9073    34.9081     6.0798    1486.18    27.7860    27.7866 0.0000e+00
   1355.000     3.3675     3.3675   3.251055   3.251126     2.0191    -0.3888     0.3639    34.9074 1.8138e+03   1337.878    34.9073    34.9081     6.0762    1486.20    27.7860    27.7866 0.0000e+00
   1356.000     3.3650     3.3655   3.250811   3.250941     2.0188    -0.3737     0.3710    34.9070 1.7974e+03   1338.862    34.9065    34.9076     6.0759    1486.20    27.7856    27.7864 0.0000e+00
   1357.000     3.3596     3.3601   3.250445   3.250557     2.0188    -0.3679     0.3596    34.9076 1.7921e+03   1339.846    34.9074    34.9081     6.0776    1486.20    27.7868    27.7874 0.0000e+00
   1358.000     3.3603     3.3603   3.250522   3.250586     2.0188    -0.3894     0.3625    34.9074 1.7906e+03   1340.831    34.9070    34.9078     6.0784    1486.22    27.7865    27.7871 0.0000e+00
   1359.000     3.3583     3.3586   3.250410   3.250513     2.0188    -0.3771     0.3629    34.9075 1.7948e+03   1341.815    34.9073    34.9083     6.0795    1486.22    27.7869    27.7876 0.0000e+00
   1360.000     3.3585     3.3587   3.250469   3.250559     2.0185    -0.3707     0.3629    34.9076 1.7970e+03   1342.799    34.9073    34.9081     6.0791    1486.24    27.7869    27.7875 0.0000e+00
   1361.000     3.3579     3.3579   3.250462   3.250531     2.0179    -0.3909     0.3629    34.9076 1.7937e+03   1343.783    34.9074    34.9082     6.0774    1486.26    27.7870    27.7877 0.0000e+00
   1362.000     3.3566     3.3568   3.250361   3.250467     2.0177    -0.3708     0.3762    34.9074 1.7922e+03   1344.767    34.9070    34.9081     6.0777    1486.27    27.7869    27.7877 0.0000e+00
   1363.000     3.3560     3.3566   3.250372   3.250502     2.0171    -0.3681     0.3630    34.9075 1.7952e+03   1345.751    34.9073    34.9082     6.0762    1486.28    27.7871    27.7878 0.0000e+00
   1364.000     3.3555     3.3558   3.250381   3.250474     2.0168    -0.3682     0.3647    34.9075 1.8080e+03   1346.736    34.9074    34.9082     6.0762    1486.30    27.7872    27.7879 0.0000e+00
   1365.000     3.3539     3.3535   3.250220   3.250284     2.0170    -0.3678     0.3629    34.9072 1.8192e+03   1347.720    34.9067    34.9078     6.0778    1486.30    27.7868    27.7878 0.0000e+00
   1366.000     3.3491     3.3494   3.249825   3.249947     2.0169    -0.3690     0.3629    34.9073 1.8210e+03   1348.704    34.9065    34.9077     6.0789    1486.30    27.7872    27.7881 0.0000e+00
   1367.000     3.3462     3.3464   3.249662   3.249766     2.0163    -0.3606     0.3629    34.9076 1.8156e+03   1349.688    34.9072    34.9082     6.0779    1486.31    27.7880    27.7888 0.0000e+00
   1368.000     3.3468     3.3469   3.249798   3.249883     2.0164    -0.3812     0.3660    34.9080 1.8094e+03   1350.672    34.9077    34.9086     6.0789    1486.33    27.7884    27.7891 0.0000e+00
