Ship_data/Irminger/Irminger-5/ctd/process/uar30-03012.cnv
* Sea-Bird SBE 9 Data File:
* FileName = D:\Data\ar30-03012.hdr
* Software Version Seasave V 7.23.2
* Temperature SN = 4312
* Conductivity SN = 2148
* Number of Bytes Per Scan = 44
* Number of Voltage Words = 5
* Number of Scans Averaged by the Deck Unit = 1
* NMEA Latitude = 59 40.85 N
* NMEA Longitude = 038 56.40 W
* NMEA UTC (Time) = Jun 13 2018  17:00:29
** Cruise ID: ar30-03
** Chief Sci: Macdonald
** Station #: 012
** Site ID: Irminger 5 OSNAP CV4
# nquan = 18
# nvalues = 2942                        
# units = specified
# name 0 = prDM: Pressure, Digiquartz [db]
# name 1 = t090C: Temperature [ITS-90, deg C]
# name 2 = t190C: Temperature, 2 [ITS-90, deg C]
# name 3 = c0S/m: Conductivity [S/m]
# name 4 = c1S/m: Conductivity, 2 [S/m]
# name 5 = sbeox0V: Oxygen raw, SBE 43 [V]
# name 6 = flECO-AFL: Fluorescence, WET Labs ECO-AFL/FL [mg/m^3]
# name 7 = turbWETntu0: Turbidity, WET Labs ECO [NTU]
# name 8 = sal00: Salinity, Practical [PSU]
# name 9 = spar: SPAR/Surface Irradiance
# name 10 = depSM: Depth [salt water, m], lat = 59.6808
# name 11 = sal00: Salinity, Practical [PSU]
# name 12 = sal11: Salinity, Practical, 2 [PSU]
# name 13 = sbeox0ML/L: Oxygen, SBE 43 [ml/l], WS = 2
# name 14 = svCM: Sound Velocity [Chen-Millero, m/s]
# name 15 = sigma-é00: Density [sigma-theta, kg/m^3]
# name 16 = sigma-é11: Density, 2 [sigma-theta, kg/m^3]
# name 17 = flag: flag
# span 0 =      5.000,   2946.000       
# span 1 =     1.4581,     5.1283       
# span 2 =     1.4606,     5.1302       
# span 3 =   3.144596,   3.344898       
# span 4 =   3.145077,   3.345234       
# span 5 =     1.4626,     2.7076       
# span 6 =    -0.4145,     1.3244       
# span 7 =     0.3433,     0.5902       
# span 8 =    34.5250,    34.9314       
# span 9 = 3.6834e+02, 7.6083e+02       
# span 10 =      4.953,   2898.030      
# span 11 =    34.5279,    34.9318      
# span 12 =    34.8540,    34.9319      
# span 13 =     4.7690,     7.0851      
# span 14 =    1469.31,    1505.67      
# span 15 =    27.5451,    27.9483      
# span 16 =    27.5465,    27.9401      
# span 17 = 0.0000e+00, 0.0000e+00      
# interval = decibars: 1                
# start_time = Jun 13 2018 17:00:29 [System UTC, first data scan.]
# bad_flag = -9.990e-29
*END*
[from data line 1850]
   1096.000     3.2961     3.2962   3.229487   3.229575     2.1950    -0.3911     0.3631    34.8568 6.5877e+02   1082.839    34.8568    34.8578     6.5721    1481.52    27.7504    27.7512 0.0000e+00
   1095.000     3.2963     3.2963   3.229451   3.229541     2.1951    -0.3890     0.3658    34.8567 7.0290e+02   1081.853    34.8567    34.8578     6.5714    1481.51    27.7503    27.7512 0.0000e+00
   1094.000     3.2961     3.2960   3.229401   3.229496     2.1954    -0.3876     0.3678    34.8568 6.5755e+02   1080.868    34.8568    34.8580     6.5717    1481.49    27.7504    27.7514 0.0000e+00
   1093.000     3.2959     3.2959   3.229343   3.229432     2.1960    -0.3781     0.3632    34.8568 5.9054e+02   1079.882    34.8568    34.8579     6.5732    1481.47    27.7504    27.7513 0.0000e+00
   1092.000     3.2961     3.2962   3.229307   3.229387     2.1963    -0.3632     0.3629    34.8567 5.9750e+02   1078.897    34.8567    34.8576     6.5736    1481.46    27.7503    27.7510 0.0000e+00
   1091.000     3.2967     3.2968   3.229325   3.229410     2.1963    -0.3639     0.3635    34.8567 6.0379e+02   1077.911    34.8568    34.8577     6.5726    1481.44    27.7503    27.7511 0.0000e+00
   1090.000     3.2971     3.2971   3.229328   3.229417     2.1963    -0.3860     0.3681    34.8568 6.1267e+02   1076.926    34.8569    34.8580     6.5719    1481.43    27.7503    27.7512 0.0000e+00
   1089.000     3.2973     3.2974   3.229305   3.229398     2.1963    -0.3903     0.3690    34.8569 6.2996e+02   1075.941    34.8569    34.8580     6.5710    1481.41    27.7504    27.7512 0.0000e+00
   1088.000     3.2972     3.2972   3.229256   3.229344     2.1965    -0.3876     0.3683    34.8570 6.5261e+02   1074.955    34.8570    34.8580     6.5707    1481.39    27.7504    27.7512 0.0000e+00
   1087.000     3.2971     3.2968   3.229192   3.229257     2.1974    -0.3845     0.3713    34.8569 6.1921e+02   1073.970    34.8569    34.8580     6.5735    1481.38    27.7503    27.7512 0.0000e+00
   1086.000     3.2972     3.2970   3.229152   3.229213     2.1975    -0.3888     0.3683    34.8568 5.9846e+02   1072.984    34.8568    34.8577     6.5729    1481.36    27.7502    27.7510 0.0000e+00
   1085.000     3.2973     3.2971   3.229124   3.229196     2.1975    -0.3858     0.3682    34.8569 6.0213e+02   1071.999    34.8569    34.8579     6.5720    1481.34    27.7503    27.7511 0.0000e+00
   1084.000     3.2970     3.2970   3.229054   3.229138     2.1975    -0.3876     0.3682    34.8569 6.1300e+02   1071.013    34.8568    34.8578     6.5714    1481.33    27.7503    27.7511 0.0000e+00
   1083.000     3.2969     3.2967   3.228994   3.229068     2.1975    -0.3649     0.3629    34.8568 6.2869e+02   1070.028    34.8568    34.8578     6.5703    1481.31    27.7502    27.7511 0.0000e+00
   1082.000     3.2970     3.2969   3.228961   3.229041     2.1979    -0.3626     0.3633    34.8568 6.4894e+02   1069.042    34.8568    34.8578     6.5711    1481.29    27.7502    27.7510 0.0000e+00
   1081.000     3.2970     3.2969   3.228914   3.228993     2.1986    -0.3916     0.3684    34.8568 6.2540e+02   1068.057    34.8567    34.8578     6.5731    1481.28    27.7502    27.7510 0.0000e+00
   1080.000     3.2962     3.2962   3.228789   3.228875     2.1985    -0.3909     0.3687    34.8568 6.0405e+02   1067.071    34.8566    34.8576     6.5721    1481.26    27.7501    27.7509 0.0000e+00
   1079.000     3.2949     3.2947   3.228621   3.228675     2.1985    -0.3478     0.3685    34.8567 6.0062e+02   1066.086    34.8564    34.8574     6.5714    1481.23    27.7501    27.7509 0.0000e+00
   1078.000     3.2934     3.2929   3.228409   3.228452     2.1986    -0.3721     0.3680    34.8565 6.0552e+02   1065.100    34.8561    34.8571     6.5711    1481.21    27.7500    27.7508 0.0000e+00
   1077.000     3.2916     3.2916   3.228188   3.228285     2.1986    -0.3874     0.3658    34.8561 6.1279e+02   1064.115    34.8558    34.8570     6.5708    1481.19    27.7499    27.7509 0.0000e+00
   1076.000     3.2904     3.2901   3.228022   3.228095     2.1988    -0.3751     0.3654    34.8559 6.1912e+02   1063.129    34.8556    34.8568     6.5707    1481.16    27.7499    27.7508 0.0000e+00
   1075.000     3.2896     3.2895   3.227911   3.227998     2.1997    -0.3662     0.3687    34.8559 6.2804e+02   1062.144    34.8556    34.8568     6.5737    1481.14    27.7499    27.7508 0.0000e+00
   1074.000     3.2891     3.2890   3.227816   3.227891     2.2002    -0.3809     0.3678    34.8558 6.2160e+02   1061.158    34.8556    34.8565     6.5748    1481.13    27.7499    27.7507 0.0000e+00
   1073.000     3.2883     3.2881   3.227691   3.227742     2.2011    -0.3895     0.3635    34.8557 6.0573e+02   1060.173    34.8554    34.8563     6.5775    1481.10    27.7498    27.7506 0.0000e+00
   1072.000     3.2869     3.2865   3.227484   3.227556     2.2014    -0.3629     0.3686    34.8553 6.0813e+02   1059.187    34.8550    34.8563     6.5781    1481.08    27.7496    27.7507 0.0000e+00
   1071.000     3.2859     3.2857   3.227350   3.227429     2.2020    -0.3866     0.3637    34.8552 6.1487e+02   1058.202    34.8549    34.8561     6.5797    1481.06    27.7497    27.7507 0.0000e+00
   1070.000     3.2854     3.2853   3.227268   3.227339     2.2024    -0.3711     0.3663    34.8552 6.2161e+02   1057.216    34.8550    34.8559     6.5806    1481.04    27.7498    27.7505 0.0000e+00
   1069.000     3.2853     3.2852   3.227212   3.227293     2.2027    -0.3775     0.3659    34.8552 6.2621e+02   1056.231    34.8549    34.8560     6.5808    1481.03    27.7497    27.7506 0.0000e+00
   1068.000     3.2852     3.2852   3.227175   3.227259     2.2034    -0.3833     0.3639    34.8552 6.2943e+02   1055.245    34.8551    34.8561     6.5828    1481.01    27.7498    27.7506 0.0000e+00
   1067.000     3.2853     3.2852   3.227131   3.227208     2.2036    -0.3770     0.3678    34.8552 6.2670e+02   1054.260    34.8550    34.8560     6.5827    1480.99    27.7498    27.7506 0.0000e+00
   1066.000     3.2852     3.2851   3.227068   3.227144     2.2047    -0.3879     0.3645    34.8550 6.0385e+02   1053.274    34.8549    34.8559     6.5861    1480.97    27.7497    27.7505 0.0000e+00
   1065.000     3.2854     3.2854   3.227044   3.227127     2.2047    -0.3853     0.3678    34.8550 6.0103e+02   1052.288    34.8549    34.8559     6.5852    1480.96    27.7497    27.7504 0.0000e+00
   1064.000     3.2858     3.2858   3.227048   3.227133     2.2049    -0.3653     0.3680    34.8550 6.1231e+02   1051.303    34.8550    34.8560     6.5848    1480.94    27.7497    27.7505 0.0000e+00
   1063.000     3.2863     3.2862   3.227060   3.227144     2.2056    -0.3732     0.3685    34.8552 6.2354e+02   1050.317    34.8552    34.8562     6.5866    1480.93    27.7498    27.7506 0.0000e+00
   1062.000     3.2865     3.2864   3.227042   3.227118     2.2058    -0.3876     0.3678    34.8552 6.2991e+02   1049.332    34.8552    34.8562     6.5866    1480.91    27.7498    27.7506 0.0000e+00
   1061.000     3.2872     3.2866   3.227066   3.227094     2.2059    -0.3882     0.3664    34.8553 6.3196e+02   1048.346    34.8553    34.8563     6.5861    1480.90    27.7498    27.7506 0.0000e+00
   1060.000     3.2881     3.2877   3.227105   3.227150     2.2068    -0.3881     0.3628    34.8553 6.2716e+02   1047.361    34.8553    34.8563     6.5885    1480.89    27.7497    27.7506 0.0000e+00
   1059.000     3.2886     3.2885   3.227104   3.227190     2.2071    -0.3876     0.3629    34.8552 6.1509e+02   1046.375    34.8553    34.8564     6.5889    1480.87    27.7496    27.7505 0.0000e+00
   1058.000     3.2891     3.2892   3.227126   3.227214     2.2071    -0.3889     0.3663    34.8554 6.0977e+02   1045.390    34.8555    34.8565     6.5876    1480.86    27.7497    27.7506 0.0000e+00
   1057.000     3.2899     3.2899   3.227168   3.227255     2.2071    -0.3769     0.3681    34.8556 6.1106e+02   1044.404    34.8557    34.8568     6.5866    1480.85    27.7499    27.7507 0.0000e+00
   1056.000     3.2906     3.2903   3.227194   3.227257     2.2071    -0.3699     0.3693    34.8556 6.1992e+02   1043.418    34.8558    34.8569     6.5858    1480.83    27.7498    27.7507 0.0000e+00
   1055.000     3.2912     3.2909   3.227213   3.227276     2.2071    -0.3783     0.3716    34.8558 6.3098e+02   1042.433    34.8559    34.8570     6.5848    1480.82    27.7498    27.7507 0.0000e+00
   1054.000     3.2917     3.2916   3.227208   3.227297     2.2072    -0.3672     0.3680    34.8558 6.3625e+02   1041.447    34.8559    34.8570     6.5841    1480.80    27.7498    27.7507 0.0000e+00
   1053.000     3.2921     3.2920   3.227203   3.227287     2.2072    -0.3636     0.3683    34.8558 6.3749e+02   1040.461    34.8559    34.8569     6.5834    1480.79    27.7497    27.7506 0.0000e+00
   1052.000     3.2926     3.2926   3.227226   3.227294     2.2072    -0.3806     0.3679    34.8560 6.3144e+02   1039.476    34.8561    34.8570     6.5824    1480.78    27.7499    27.7505 0.0000e+00
   1051.000     3.2932     3.2933   3.227229   3.227324     2.2073    -0.3764     0.3679    34.8559 6.1406e+02   1038.490    34.8560    34.8571     6.5816    1480.76    27.7497    27.7506 0.0000e+00
   1050.000     3.2943     3.2948   3.227300   3.227445     2.2073    -0.3909     0.3678    34.8561 6.0891e+02   1037.505    34.8563    34.8574     6.5806    1480.75    27.7498    27.7507 0.0000e+00
   1049.000     3.2953     3.2956   3.227361   3.227484     2.2075    -0.3868     0.3665    34.8562 6.1354e+02   1036.519    34.8564    34.8576     6.5805    1480.74    27.7498    27.7507 0.0000e+00
   1048.000     3.2956     3.2954   3.227335   3.227416     2.2081    -0.3856     0.3631    34.8563 6.2167e+02   1035.533    34.8563    34.8575     6.5816    1480.72    27.7497    27.7507 0.0000e+00
   1047.000     3.2948     3.2947   3.227218   3.227290     2.2078    -0.3640     0.3680    34.8563 6.2806e+02   1034.548    34.8562    34.8573     6.5798    1480.70    27.7497    27.7506 0.0000e+00
   1046.000     3.2943     3.2942   3.227132   3.227209     2.2081    -0.3840     0.3680    34.8562 6.3229e+02   1033.562    34.8562    34.8573     6.5803    1480.68    27.7498    27.7506 0.0000e+00
   1045.000     3.2940     3.2940   3.227057   3.227135     2.2080    -0.3710     0.3671    34.8561 6.3630e+02   1032.576    34.8561    34.8571     6.5791    1480.67    27.7497    27.7505 0.0000e+00
   1044.000     3.2939     3.2937   3.226984   3.227069     2.2082    -0.3848     0.3645    34.8560 6.3197e+02   1031.591    34.8560    34.8572     6.5793    1480.65    27.7496    27.7505 0.0000e+00
   1043.000     3.2937     3.2936   3.226920   3.226997     2.2083    -0.3749     0.3678    34.8560 6.1120e+02   1030.605    34.8559    34.8570     6.5785    1480.63    27.7496    27.7504 0.0000e+00
   1042.000     3.2936     3.2936   3.226879   3.226962     2.2092    -0.3888     0.3682    34.8561 6.0442e+02   1029.619    34.8561    34.8570     6.5812    1480.61    27.7497    27.7504 0.0000e+00
   1041.000     3.2937     3.2935   3.226839   3.226919     2.2100    -0.4015     0.3688    34.8560 6.1207e+02   1028.634    34.8560    34.8571     6.5836    1480.60    27.7496    27.7505 0.0000e+00
   1040.000     3.2937     3.2936   3.226791   3.226881     2.2100    -0.3961     0.3686    34.8560 6.2021e+02   1027.648    34.8559    34.8571     6.5827    1480.58    27.7495    27.7505 0.0000e+00
   1039.000     3.2935     3.2935   3.226736   3.226821     2.2105    -0.4133     0.3684    34.8561 6.2513e+02   1026.662    34.8560    34.8570     6.5836    1480.56    27.7496    27.7504 0.0000e+00
   1038.000     3.2934     3.2933   3.226675   3.226760     2.2106    -0.3879     0.3683    34.8560 6.2827e+02   1025.677    34.8559    34.8570     6.5831    1480.55    27.7495    27.7504 0.0000e+00
   1037.000     3.2932     3.2931   3.226637   3.226717     2.2107    -0.3867     0.3680    34.8562 6.2907e+02   1024.691    34.8562    34.8572     6.5828    1480.53    27.7497    27.7506 0.0000e+00
   1036.000     3.2932     3.2930   3.226585   3.226665     2.2108    -0.3891     0.3680    34.8561 6.2252e+02   1023.705    34.8561    34.8572     6.5823    1480.51    27.7496    27.7506 0.0000e+00
   1035.000     3.2934     3.2932   3.226547   3.226617     2.2111    -0.3923     0.3684    34.8559 6.0154e+02   1022.720    34.8559    34.8569     6.5825    1480.50    27.7495    27.7503 0.0000e+00
   1034.000     3.2936     3.2936   3.226522   3.226611     2.2118    -0.3835     0.3692    34.8559 6.0292e+02   1021.734    34.8559    34.8570     6.5845    1480.48    27.7495    27.7503 0.0000e+00
   1033.000     3.2939     3.2938   3.226523   3.226599     2.2119    -0.3696     0.3686    34.8561 6.1182e+02   1020.748    34.8561    34.8572     6.5839    1480.47    27.7496    27.7504 0.0000e+00
   1032.000     3.2941     3.2940   3.226489   3.226577     2.2120    -0.3667     0.3643    34.8561 6.2319e+02   1019.763    34.8560    34.8572     6.5835    1480.45    27.7495    27.7504 0.0000e+00
   1031.000     3.2940     3.2939   3.226440   3.226528     2.2120    -0.3767     0.3655    34.8560 6.3001e+02   1018.777    34.8560    34.8572     6.5826    1480.43    27.7495    27.7504 0.0000e+00
   1030.000     3.2939     3.2938   3.226392   3.226469     2.2121    -0.3715     0.3680    34.8560 6.3047e+02   1017.791    34.8560    34.8571     6.5819    1480.42    27.7495    27.7504 0.0000e+00
   1029.000     3.2939     3.2938   3.226336   3.226417     2.2122    -0.3867     0.3681    34.8559 6.2201e+02   1016.805    34.8559    34.8570     6.5816    1480.40    27.7494    27.7503 0.0000e+00
   1028.000     3.2939     3.2938   3.226299   3.226377     2.2119    -0.3864     0.3726    34.8561 6.1169e+02   1015.820    34.8560    34.8570     6.5795    1480.38    27.7495    27.7503 0.0000e+00
   1027.000     3.2941     3.2939   3.226281   3.226349     2.2120    -0.3902     0.3640    34.8561 6.0637e+02   1014.834    34.8561    34.8571     6.5792    1480.37    27.7495    27.7503 0.0000e+00
   1026.000     3.2945     3.2944   3.226276   3.226358     2.2125    -0.3879     0.3669    34.8561 6.0829e+02   1013.848    34.8562    34.8572     6.5803    1480.35    27.7495    27.7503 0.0000e+00
   1025.000     3.2947     3.2946   3.226256   3.226333     2.2130    -0.3865     0.3678    34.8562 6.1625e+02   1012.862    34.8562    34.8572     6.5810    1480.34    27.7495    27.7504 0.0000e+00
   1024.000     3.2946     3.2944   3.226192   3.226280     2.2131    -0.3862     0.3714    34.8561 6.2414e+02   1011.877    34.8561    34.8573     6.5806    1480.32    27.7494    27.7504 0.0000e+00
   1023.000     3.2944     3.2943   3.226143   3.226221     2.2132    -0.3865     0.3698    34.8562 6.2683e+02   1010.891    34.8562    34.8572     6.5803    1480.30    27.7495    27.7503 0.0000e+00
   1022.000     3.2942     3.2942   3.226088   3.226173     2.2137    -0.3908     0.3681    34.8562 6.2031e+02   1009.905    34.8562    34.8572     6.5812    1480.29    27.7496    27.7504 0.0000e+00
   1021.000     3.2943     3.2942   3.226044   3.226113     2.2142    -0.4028     0.3685    34.8562 6.0782e+02   1008.919    34.8561    34.8571     6.5825    1480.27    27.7495    27.7502 0.0000e+00
   1020.000     3.2941     3.2937   3.225962   3.226028     2.2143    -0.3699     0.3677    34.8560 6.0966e+02   1007.934    34.8559    34.8570     6.5819    1480.25    27.7493    27.7503 0.0000e+00
   1019.000     3.2937     3.2936   3.225897   3.225972     2.2143    -0.3869     0.3680    34.8561 6.1534e+02   1006.948    34.8560    34.8571     6.5813    1480.23    27.7494    27.7503 0.0000e+00
   1018.000     3.2935     3.2934   3.225841   3.225918     2.2151    -0.3850     0.3678    34.8561 6.2015e+02   1005.962    34.8561    34.8571     6.5835    1480.22    27.7495    27.7503 0.0000e+00
