Ship_data/Irminger/Irminger-5/ctd/process/uar30-03021.cnv
* Sea-Bird SBE 9 Data File:
* FileName = D:\Data\ar30-03021.hdr
* Software Version Seasave V 7.23.2
* Temperature SN = 4312
* Conductivity SN = 2148
* Number of Bytes Per Scan = 44
* Number of Voltage Words = 5
* Number of Scans Averaged by the Deck Unit = 1
* NMEA Latitude = 59 51.42 N
* NMEA Longitude = 039 13.43 W
* NMEA UTC (Time) = Jun 19 2018  18:21:51
** Cruise ID: ar30-03
** Chief Sci: Macdonald
** Station #: 021
** Site ID: Irminger 5 Gliders 2
** ctd cast to 1000 meters near OOI gliders
# nquan = 18
# nvalues = 1013                        
# units = specified
# name 0 = prDM: Pressure, Digiquartz [db]
# name 1 = t090C: Temperature [ITS-90, deg C]
# name 2 = t190C: Temperature, 2 [ITS-90, deg C]
# name 3 = c0S/m: Conductivity [S/m]
# name 4 = c1S/m: Conductivity, 2 [S/m]
# name 5 = sbeox0V: Oxygen raw, SBE 43 [V]
# name 6 = flECO-AFL: Fluorescence, WET Labs ECO-AFL/FL [mg/m^3]
# name 7 = turbWETntu0: Turbidity, WET Labs ECO [NTU]
# name 8 = sal00: Salinity, Practical [PSU]
# name 9 = spar: SPAR/Surface Irradiance
# name 10 = depSM: Depth [salt water, m], lat = 59.857
# name 11 = sal00: Salinity, Practical [PSU]
# name 12 = sal11: Salinity, Practical, 2 [PSU]
# name 13 = sbeox0ML/L: Oxygen, SBE 43 [ml/l], WS = 2
# name 14 = svCM: Sound Velocity [Chen-Millero, m/s]
# name 15 = sigma-é00: Density [sigma-theta, kg/m^3]
# name 16 = sigma-é11: Density, 2 [sigma-theta, kg/m^3]
# name 17 = flag: flag
# span 0 =      3.000,   1015.000       
# span 1 =     3.2984,     6.6104       
# span 2 =     3.2983,     6.5945       
# span 3 =   3.217008,   3.479684       
# span 4 =   3.217006,   3.478462       
# span 5 =     2.1895,     2.9086       
# span 6 =    -0.4145,     8.2688       
# span 7 =     0.3534,     0.9521       
# span 8 =    34.8506,    34.8964       
# span 9 = 3.3739e+02, 7.0910e+02       
# span 10 =      2.972,   1002.991      
# span 11 =    34.8552,    34.8980      
# span 12 =    34.8569,    34.8991      
# span 13 =     6.3976,     7.4395      
# span 14 =    1468.70,    1480.20      
# span 15 =    27.3582,    27.7492      
# span 16 =    27.3625,    27.7501      
# span 17 = 0.0000e+00, 0.0000e+00      
# interval = decibars: 1                
# start_time = Jun 19 2018 18:21:51 [System UTC, first data scan.]
# bad_flag = -9.990e-29
*END*
[from data line 805]
    210.000     3.8259     3.8253   3.239672   3.239734     2.4016    -0.3870     0.3925    34.8839 5.0787e+02    207.917    34.8836    34.8850     6.4771    1469.18    27.7131    27.7143 0.0000e+00
    209.000     3.8261     3.8254   3.239617   3.239689     2.4019    -0.3884     0.3889    34.8835 5.0936e+02    206.927    34.8833    34.8849     6.4772    1469.17    27.7129    27.7142 0.0000e+00
    208.000     3.8262     3.8256   3.239601   3.239699     2.4031    -0.3783     0.3871    34.8837 5.1020e+02    205.938    34.8835    34.8853     6.4806    1469.15    27.7130    27.7145 0.0000e+00
    207.000     3.8261     3.8286   3.239563   3.239933     2.4042    -0.3900     0.3880    34.8835 5.0951e+02    204.948    34.8837    34.8854     6.4835    1469.13    27.7132    27.7143 0.0000e+00
    206.000     3.8379     3.8345   3.240714   3.240463     2.4041    -0.3915     0.3891    34.8845 5.1090e+02    203.958    34.8855    34.8861     6.4801    1469.17    27.7134    27.7142 0.0000e+00
    205.000     3.8548     3.8558   3.242292   3.242535     2.4002    -0.3688     0.4020    34.8862 5.1727e+02    202.969    34.8868    34.8886     6.4631    1469.23    27.7127    27.7140 0.0000e+00
    204.000     3.8722     3.8726   3.243899   3.244086     2.3978    -0.3760     0.3857    34.8879 5.5558e+02    201.979    34.8879    34.8897     6.4508    1469.28    27.7118    27.7132 0.0000e+00
    203.000     3.8769     3.8777   3.244251   3.244466     2.3982    -0.3775     0.3889    34.8870 5.6603e+02    200.990    34.8876    34.8894     6.4506    1469.29    27.7111    27.7124 0.0000e+00
    202.000     3.8830     3.8838   3.244763   3.245006     2.3982    -0.3620     0.3868    34.8875 5.6636e+02    200.000    34.8878    34.8899     6.4488    1469.30    27.7106    27.7122 0.0000e+00
    201.000     3.8848     3.8880   3.244942   3.245356     2.3983    -0.3691     0.3968    34.8876 5.6878e+02    199.010    34.8885    34.8901     6.4477    1469.29    27.7110    27.7119 0.0000e+00
    200.000     3.8901     3.8907   3.245390   3.245578     2.3991    -0.3627     0.3833    34.8880 5.7110e+02    198.021    34.8888    34.8904     6.4489    1469.29    27.7106    27.7118 0.0000e+00
    199.000     3.8926     3.8928   3.245569   3.245726     2.3991    -0.3650     0.3866    34.8881 5.7250e+02    197.031    34.8888    34.8905     6.4477    1469.29    27.7103    27.7117 0.0000e+00
    198.000     3.8916     3.8909   3.245382   3.245473     2.3992    -0.3681     0.3889    34.8880 5.7287e+02    196.041    34.8882    34.8900     6.4474    1469.27    27.7100    27.7115 0.0000e+00
    197.000     3.8902     3.8873   3.245188   3.245063     2.4005    -0.3835     0.3878    34.8879 5.7079e+02    195.052    34.8880    34.8895     6.4512    1469.24    27.7099    27.7114 0.0000e+00
    196.000     3.8865     3.8858   3.244771   3.244814     2.4017    -0.3887     0.3836    34.8875 5.6804e+02    194.062    34.8875    34.8887     6.4551    1469.21    27.7099    27.7110 0.0000e+00
    195.000     3.8862     3.8849   3.244656   3.244670     2.4029    -0.3836     0.3860    34.8870 5.6796e+02    193.072    34.8869    34.8885     6.4584    1469.19    27.7095    27.7109 0.0000e+00
    194.000     3.8870     3.8897   3.244751   3.245085     2.4034    -0.3651     0.3939    34.8869 5.6920e+02    192.083    34.8877    34.8889     6.4589    1469.18    27.7100    27.7107 0.0000e+00
    193.000     3.8992     3.9017   3.245848   3.246203     2.4035    -0.3665     0.3860    34.8866 5.7150e+02    191.093    34.8884    34.8900     6.4563    1469.22    27.7093    27.7103 0.0000e+00
    192.000     3.9105     3.9057   3.247010   3.246620     2.4040    -0.3680     0.3913    34.8886 5.7310e+02    190.104    34.8907    34.8913     6.4553    1469.25    27.7100    27.7109 0.0000e+00
    191.000     3.9266     3.9249   3.248282   3.248358     2.4038    -0.3855     0.3893    34.8885 5.7253e+02    189.114    34.8893    34.8920     6.4511    1469.30    27.7072    27.7095 0.0000e+00
    190.000     3.9258     3.9327   3.248313   3.249114     2.4038    -0.3696     0.3877    34.8899 5.7098e+02    188.124    34.8911    34.8932     6.4502    1469.28    27.7087    27.7097 0.0000e+00
    189.000     3.9318     3.9385   3.248873   3.249648     2.4040    -0.3687     0.3922    34.8896 5.7090e+02    187.135    34.8919    34.8940     6.4488    1469.29    27.7087    27.7097 0.0000e+00
    188.000     3.9384     3.9451   3.249462   3.250237     2.4037    -0.3856     0.3929    34.8906 5.7184e+02    186.145    34.8924    34.8945     6.4459    1469.30    27.7084    27.7094 0.0000e+00
    187.000     3.9497     3.9497   3.250474   3.250700     2.4027    -0.3757     0.3865    34.8916 5.7410e+02    185.155    34.8929    34.8957     6.4399    1469.34    27.7076    27.7098 0.0000e+00
    186.000     3.9576     3.9495   3.251176   3.250631     2.4017    -0.3678     0.3883    34.8914 5.7529e+02    184.165    34.8935    34.8956     6.4341    1469.35    27.7073    27.7098 0.0000e+00
    185.000     3.9624     3.9640   3.251515   3.251961     2.4014    -0.3680     0.3880    34.8917 5.7232e+02    183.176    34.8929    34.8965     6.4314    1469.36    27.7063    27.7090 0.0000e+00
    184.000     3.9629     3.9700   3.251660   3.252502     2.4004    -0.3685     0.3896    34.8930 5.6988e+02    182.186    34.8946    34.8971     6.4271    1469.34    27.7076    27.7088 0.0000e+00
    183.000     3.9755     3.9838   3.252983   3.253743     2.4003    -0.3613     0.3883    34.8942 5.6930e+02    181.196    34.8976    34.8977     6.4235    1469.38    27.7087    27.7079 0.0000e+00
    182.000     3.9861     3.9886   3.253896   3.254196     2.4003    -0.3713     0.3877    34.8951 5.7061e+02    180.207    34.8977    34.8985     6.4211    1469.41    27.7076    27.7080 0.0000e+00
    181.000     3.9926     3.9933   3.254413   3.254587     2.4014    -0.3621     0.3890    34.8953 5.7293e+02    179.217    34.8974    34.8988     6.4226    1469.42    27.7067    27.7077 0.0000e+00
    180.000     3.9997     3.9971   3.254996   3.254891     2.4015    -0.3645     0.3886    34.8954 5.7754e+02    178.227    34.8974    34.8988     6.4212    1469.43    27.7059    27.7074 0.0000e+00
    179.000     4.0002     4.0028   3.255000   3.255371     2.4021    -0.3747     0.3877    34.8963 5.7838e+02    177.237    34.8974    34.8991     6.4220    1469.42    27.7059    27.7070 0.0000e+00
    178.000     4.0025     4.0020   3.255146   3.255221     2.4040    -0.3803     0.3873    34.8958 5.7116e+02    176.248    34.8973    34.8987     6.4275    1469.41    27.7055    27.7067 0.0000e+00
    177.000     4.0112     4.0129   3.255934   3.256153     2.4046    -0.3799     0.3901    34.8955 5.6838e+02    175.258    34.8980    34.8987     6.4271    1469.43    27.7052    27.7056 0.0000e+00
    176.000     4.0179     4.0190   3.256452   3.256655     2.4052    -0.3640     0.3935    34.8957 5.6855e+02    174.268    34.8975    34.8987     6.4272    1469.44    27.7041    27.7049 0.0000e+00
    175.000     4.0199     4.0206   3.256552   3.256759     2.4054    -0.3702     0.3893    34.8958 5.6887e+02    173.279    34.8971    34.8988     6.4266    1469.44    27.7036    27.7049 0.0000e+00
    174.000     4.0215     4.0223   3.256690   3.256886     2.4062    -0.3640     0.3842    34.8959 5.7119e+02    172.289    34.8975    34.8990     6.4283    1469.43    27.7037    27.7048 0.0000e+00
    173.000     4.0236     4.0234   3.256806   3.256931     2.4068    -0.3865     0.3880    34.8960 5.7477e+02    171.299    34.8972    34.8990     6.4290    1469.42    27.7033    27.7047 0.0000e+00
    172.000     4.0246     4.0230   3.256865   3.256866     2.4085    -0.3780     0.3890    34.8964 5.7925e+02    170.309    34.8974    34.8991     6.4338    1469.41    27.7033    27.7048 0.0000e+00
    171.000     4.0250     4.0249   3.256782   3.256943     2.4107    -0.3686     0.3867    34.8961 5.7499e+02    169.320    34.8966    34.8986     6.4403    1469.39    27.7026    27.7042 0.0000e+00
    170.000     4.0236     4.0225   3.256563   3.256607     2.4103    -0.3733     0.3867    34.8960 5.7071e+02    168.330    34.8960    34.8977     6.4384    1469.37    27.7023    27.7037 0.0000e+00
    169.000     4.0118     4.0000   3.254903   3.253934     2.4101    -0.3848     0.3932    34.8927 5.6867e+02    167.340    34.8893    34.8904     6.4391    1469.29    27.6982    27.7003 0.0000e+00
    168.000     3.9900     3.9817   3.252340   3.251749     2.4108    -0.3616     0.3901    34.8859 5.6887e+02    166.350    34.8827    34.8845     6.4447    1469.18    27.6951    27.6974 0.0000e+00
    167.000     3.9810     3.9773   3.251444   3.251161     2.4126    -0.3464     0.3894    34.8838 5.7063e+02    165.360    34.8821    34.8827     6.4515    1469.12    27.6956    27.6965 0.0000e+00
    166.000     3.9757     3.9728   3.250775   3.250673     2.4161    -0.3661     0.3969    34.8817 5.7407e+02    164.371    34.8803    34.8822     6.4638    1469.08    27.6947    27.6965 0.0000e+00
    165.000     3.9687     3.9674   3.249906   3.249916     2.4212    -0.3646     0.3941    34.8796 5.7907e+02    163.381    34.8779    34.8795     6.4812    1469.03    27.6936    27.6950 0.0000e+00
    164.000     3.9697     3.9766   3.250020   3.250973     2.4296    -0.3405     0.3950    34.8794 5.8065e+02    162.391    34.8788    34.8828     6.5088    1469.02    27.6941    27.6966 0.0000e+00
    163.000     3.9712     3.9723   3.250175   3.250441     2.4358    -0.3440     0.3906    34.8795 5.7270e+02    161.401    34.8796    34.8815     6.5285    1469.01    27.6946    27.6961 0.0000e+00
    162.000     3.9866     3.9982   3.251561   3.252682     2.4390    -0.3696     0.3927    34.8787 5.6893e+02    160.411    34.8802    34.8812     6.5357    1469.06    27.6935    27.6931 0.0000e+00
    161.000     4.0250     4.0374   3.255130   3.256179     2.4410    -0.3487     0.3973    34.8770 5.6867e+02    159.422    34.8824    34.8816     6.5350    1469.21    27.6912    27.6893 0.0000e+00
    160.000     4.0414     4.0491   3.256496   3.257311     2.4436    -0.3338     0.3973    34.8794 5.7125e+02    158.432    34.8817    34.8832     6.5399    1469.26    27.6890    27.6893 0.0000e+00
    159.000     4.0510     4.0503   3.257389   3.257437     2.4475    -0.3318     0.3971    34.8803 5.7509e+02    157.442    34.8826    34.8839     6.5506    1469.29    27.6887    27.6898 0.0000e+00
    158.000     4.0536     4.0548   3.257521   3.257793     2.4516    -0.3172     0.3973    34.8805 5.7769e+02    156.452    34.8820    34.8840     6.5630    1469.28    27.6879    27.6893 0.0000e+00
    157.000     4.0548     4.0565   3.257603   3.257887     2.4550    -0.3148     0.3990    34.8808 5.7813e+02    155.462    34.8822    34.8838     6.5733    1469.27    27.6879    27.6890 0.0000e+00
    156.000     4.0554     4.0554   3.257562   3.257694     2.4581    -0.3224     0.4019    34.8805 5.7666e+02    154.473    34.8816    34.8832     6.5831    1469.25    27.6874    27.6886 0.0000e+00
    155.000     4.0552     4.0549   3.257459   3.257560     2.4613    -0.3003     0.4019    34.8803 5.7483e+02    153.483    34.8812    34.8827     6.5928    1469.24    27.6871    27.6883 0.0000e+00
    154.000     4.0550     4.0543   3.257391   3.257479     2.4677    -0.3013     0.4040    34.8804 5.7396e+02    152.493    34.8812    34.8829     6.6138    1469.22    27.6870    27.6885 0.0000e+00
    153.000     4.0549     4.0541   3.257289   3.257391     2.4746    -0.3011     0.3964    34.8802 5.6958e+02    151.503    34.8805    34.8827     6.6361    1469.20    27.6865    27.6883 0.0000e+00
    152.000     4.0531     4.0528   3.257075   3.257184     2.4757    -0.3013     0.3972    34.8802 5.7012e+02    150.513    34.8805    34.8821     6.6392    1469.18    27.6867    27.6880 0.0000e+00
    151.000     4.0525     4.0524   3.256764   3.256886     2.4957    -0.2886     0.4062    34.8779 5.6887e+02    149.523    34.8780    34.8795     6.7060    1469.15    27.6847    27.6860 0.0000e+00
    150.000     4.0546     4.0538   3.256865   3.256948     2.4968    -0.3087     0.4021    34.8773 5.6264e+02    148.533    34.8775    34.8793     6.7083    1469.15    27.6841    27.6856 0.0000e+00
    149.000     4.0585     4.0577   3.257200   3.257259     2.4966    -0.3176     0.3998    34.8774 5.6458e+02    147.544    34.8779    34.8795     6.7064    1469.15    27.6840    27.6854 0.0000e+00
    148.000     4.0665     4.0645   3.257949   3.257841     2.4966    -0.2872     0.4004    34.8780 5.6806e+02    146.554    34.8788    34.8796     6.7038    1469.16    27.6839    27.6848 0.0000e+00
    147.000     4.0749     4.0765   3.258662   3.258924     2.4962    -0.2937     0.3986    34.8780 5.7023e+02    145.564    34.8789    34.8803     6.7003    1469.18    27.6831    27.6840 0.0000e+00
    146.000     4.0760     4.0777   3.258719   3.258993     2.4960    -0.2971     0.4105    34.8782 5.7061e+02    144.574    34.8789    34.8804     6.6983    1469.17    27.6830    27.6840 0.0000e+00
    145.000     4.0795     4.0801   3.258998   3.259195     2.4956    -0.2935     0.4139    34.8784 5.6924e+02    143.584    34.8791    34.8808     6.6955    1469.17    27.6827    27.6840 0.0000e+00
    144.000     4.0817     4.0818   3.259143   3.259291     2.4953    -0.2840     0.4019    34.8784 5.6793e+02    142.594    34.8790    34.8806     6.6934    1469.16    27.6825    27.6837 0.0000e+00
    143.000     4.0825     4.0827   3.259181   3.259346     2.4953    -0.2903     0.4004    34.8786 5.6638e+02    141.604    34.8791    34.8808     6.6924    1469.15    27.6824    27.6838 0.0000e+00
    142.000     4.0844     4.0863   3.259322   3.259643     2.4955    -0.3019     0.3970    34.8786 5.6564e+02    140.614    34.8793    34.8811     6.6918    1469.14    27.6824    27.6836 0.0000e+00
    141.000     4.0877     4.0895   3.259579   3.259885     2.4953    -0.3001     0.3975    34.8787 5.6574e+02    139.624    34.8794    34.8812     6.6897    1469.14    27.6821    27.6833 0.0000e+00
    140.000     4.0907     4.0912   3.259813   3.259987     2.4951    -0.2991     0.4017    34.8787 5.6648e+02    138.635    34.8796    34.8811     6.6875    1469.14    27.6819    27.6831 0.0000e+00
    139.000     4.0921     4.0927   3.259910   3.260088     2.4943    -0.2874     0.3987    34.8789 5.6801e+02    137.645    34.8797    34.8812     6.6838    1469.13    27.6819    27.6830 0.0000e+00
    138.000     4.0947     4.0947   3.260065   3.260237     2.4940    -0.3022     0.3973    34.8788 5.6918e+02    136.655    34.8794    34.8814     6.6816    1469.12    27.6813    27.6829 0.0000e+00
    137.000     4.0961     4.0975   3.260167   3.260437     2.4943    -0.2857     0.3982    34.8791 5.7100e+02    135.665    34.8796    34.8813     6.6813    1469.11    27.6814    27.6825 0.0000e+00
    136.000     4.0977     4.1013   3.260283   3.260696     2.4953    -0.2838     0.3993    34.8794 5.7112e+02    134.675    34.8798    34.8809     6.6837    1469.10    27.6814    27.6818 0.0000e+00
    135.000     4.0984     4.1015   3.260291   3.260697     2.4943    -0.2828     0.3972    34.8792 5.6889e+02    133.685    34.8798    34.8813     6.6793    1469.09    27.6812    27.6821 0.0000e+00
    134.000     4.1029     4.1035   3.260629   3.260816     2.4936    -0.2964     0.4002    34.8788 5.6653e+02    132.695    34.8795    34.8811     6.6752    1469.09    27.6805    27.6817 0.0000e+00
    133.000     4.1062     4.1074   3.260786   3.260993     2.4929    -0.3010     0.4020    34.8777 5.6545e+02    131.705    34.8784    34.8796     6.6715    1469.08    27.6793    27.6801 0.0000e+00
    132.000     4.1058     4.1047   3.260454   3.260526     2.4929    -0.3276     0.3971    34.8760 5.6448e+02    130.715    34.8754    34.8775     6.6708    1469.06    27.6769    27.6788 0.0000e+00
