Ship_data/Irminger/Irminger-5/ctd/process/uar30-03012.cnv
* Sea-Bird SBE 9 Data File:
* FileName = D:\Data\ar30-03012.hdr
* Software Version Seasave V 7.23.2
* Temperature SN = 4312
* Conductivity SN = 2148
* Number of Bytes Per Scan = 44
* Number of Voltage Words = 5
* Number of Scans Averaged by the Deck Unit = 1
* NMEA Latitude = 59 40.85 N
* NMEA Longitude = 038 56.40 W
* NMEA UTC (Time) = Jun 13 2018  17:00:29
** Cruise ID: ar30-03
** Chief Sci: Macdonald
** Station #: 012
** Site ID: Irminger 5 OSNAP CV4
# nquan = 18
# nvalues = 2942                        
# units = specified
# name 0 = prDM: Pressure, Digiquartz [db]
# name 1 = t090C: Temperature [ITS-90, deg C]
# name 2 = t190C: Temperature, 2 [ITS-90, deg C]
# name 3 = c0S/m: Conductivity [S/m]
# name 4 = c1S/m: Conductivity, 2 [S/m]
# name 5 = sbeox0V: Oxygen raw, SBE 43 [V]
# name 6 = flECO-AFL: Fluorescence, WET Labs ECO-AFL/FL [mg/m^3]
# name 7 = turbWETntu0: Turbidity, WET Labs ECO [NTU]
# name 8 = sal00: Salinity, Practical [PSU]
# name 9 = spar: SPAR/Surface Irradiance
# name 10 = depSM: Depth [salt water, m], lat = 59.6808
# name 11 = sal00: Salinity, Practical [PSU]
# name 12 = sal11: Salinity, Practical, 2 [PSU]
# name 13 = sbeox0ML/L: Oxygen, SBE 43 [ml/l], WS = 2
# name 14 = svCM: Sound Velocity [Chen-Millero, m/s]
# name 15 = sigma-é00: Density [sigma-theta, kg/m^3]
# name 16 = sigma-é11: Density, 2 [sigma-theta, kg/m^3]
# name 17 = flag: flag
# span 0 =      5.000,   2946.000       
# span 1 =     1.4581,     5.1283       
# span 2 =     1.4606,     5.1302       
# span 3 =   3.144596,   3.344898       
# span 4 =   3.145077,   3.345234       
# span 5 =     1.4626,     2.7076       
# span 6 =    -0.4145,     1.3244       
# span 7 =     0.3433,     0.5902       
# span 8 =    34.5250,    34.9314       
# span 9 = 3.6834e+02, 7.6083e+02       
# span 10 =      4.953,   2898.030      
# span 11 =    34.5279,    34.9318      
# span 12 =    34.8540,    34.9319      
# span 13 =     4.7690,     7.0851      
# span 14 =    1469.31,    1505.67      
# span 15 =    27.5451,    27.9483      
# span 16 =    27.5465,    27.9401      
# span 17 = 0.0000e+00, 0.0000e+00      
# interval = decibars: 1                
# start_time = Jun 13 2018 17:00:29 [System UTC, first data scan.]
# bad_flag = -9.990e-29
*END*
[from data line 1769]
   1177.000     3.2882     3.2881   3.232158   3.232234     2.1746    -0.3890     0.3629    34.8560 5.8336e+02   1162.642    34.8557    34.8567     6.5630    1482.83    27.7509    27.7517 0.0000e+00
   1176.000     3.2881     3.2884   3.232122   3.232226     2.1748    -0.3777     0.3652    34.8560 5.8261e+02   1161.657    34.8558    34.8568     6.5631    1482.81    27.7510    27.7518 0.0000e+00
   1175.000     3.2889     3.2884   3.232141   3.232171     2.1757    -0.3830     0.3628    34.8559 5.7629e+02   1160.672    34.8558    34.8566     6.5657    1482.80    27.7509    27.7516 0.0000e+00
   1174.000     3.2874     3.2872   3.231954   3.232011     2.1759    -0.3909     0.3629    34.8559 5.7438e+02   1159.687    34.8557    34.8565     6.5656    1482.78    27.7509    27.7516 0.0000e+00
   1173.000     3.2868     3.2865   3.231839   3.231900     2.1761    -0.3801     0.3629    34.8557 5.7673e+02   1158.702    34.8554    34.8565     6.5657    1482.76    27.7508    27.7517 0.0000e+00
   1172.000     3.2864     3.2862   3.231759   3.231825     2.1763    -0.3646     0.3629    34.8556 5.8138e+02   1157.717    34.8554    34.8564     6.5658    1482.74    27.7508    27.7516 0.0000e+00
   1171.000     3.2863     3.2863   3.231710   3.231797     2.1771    -0.3616     0.3629    34.8556 5.8610e+02   1156.731    34.8554    34.8564     6.5682    1482.72    27.7508    27.7516 0.0000e+00
   1170.000     3.2865     3.2865   3.231693   3.231784     2.1775    -0.3838     0.3670    34.8557 5.8829e+02   1155.746    34.8556    34.8566     6.5689    1482.71    27.7509    27.7517 0.0000e+00
   1169.000     3.2866     3.2864   3.231656   3.231722     2.1781    -0.3786     0.3654    34.8556 5.7705e+02   1154.761    34.8555    34.8565     6.5702    1482.69    27.7508    27.7516 0.0000e+00
   1168.000     3.2869     3.2871   3.231645   3.231743     2.1782    -0.3677     0.3643    34.8556 5.7077e+02   1153.776    34.8555    34.8565     6.5698    1482.68    27.7508    27.7516 0.0000e+00
   1167.000     3.2875     3.2880   3.231668   3.231793     2.1783    -0.3671     0.3657    34.8556 5.7220e+02   1152.791    34.8556    34.8567     6.5691    1482.66    27.7508    27.7516 0.0000e+00
   1166.000     3.2878     3.2880   3.231652   3.231757     2.1783    -0.3741     0.3668    34.8558 5.7771e+02   1151.806    34.8557    34.8567     6.5681    1482.65    27.7509    27.7516 0.0000e+00
   1165.000     3.2875     3.2874   3.231586   3.231657     2.1783    -0.3842     0.3632    34.8558 5.8523e+02   1150.821    34.8557    34.8566     6.5673    1482.63    27.7509    27.7516 0.0000e+00
   1164.000     3.2873     3.2871   3.231516   3.231593     2.1783    -0.3667     0.3631    34.8557 5.9190e+02   1149.836    34.8556    34.8567     6.5665    1482.61    27.7508    27.7517 0.0000e+00
   1163.000     3.2874     3.2872   3.231486   3.231555     2.1787    -0.3649     0.3685    34.8557 5.9056e+02   1148.851    34.8557    34.8567     6.5672    1482.60    27.7509    27.7517 0.0000e+00
   1162.000     3.2871     3.2868   3.231417   3.231480     2.1795    -0.3637     0.3648    34.8557 5.7714e+02   1147.866    34.8556    34.8567     6.5696    1482.58    27.7508    27.7517 0.0000e+00
   1161.000     3.2866     3.2865   3.231320   3.231377     2.1797    -0.3773     0.3681    34.8556 5.7227e+02   1146.881    34.8555    34.8564     6.5698    1482.56    27.7507    27.7515 0.0000e+00
   1160.000     3.2865     3.2865   3.231268   3.231344     2.1802    -0.3851     0.3664    34.8557 5.7828e+02   1145.896    34.8556    34.8564     6.5708    1482.54    27.7508    27.7515 0.0000e+00
   1159.000     3.2864     3.2865   3.231210   3.231299     2.1805    -0.3846     0.3629    34.8556 5.8696e+02   1144.910    34.8555    34.8564     6.5711    1482.52    27.7507    27.7515 0.0000e+00
   1158.000     3.2865     3.2867   3.231189   3.231288     2.1807    -0.3598     0.3629    34.8556 5.9790e+02   1143.925    34.8556    34.8566     6.5710    1482.51    27.7508    27.7516 0.0000e+00
   1157.000     3.2871     3.2876   3.231206   3.231323     2.1807    -0.3850     0.3676    34.8556 6.0586e+02   1142.940    34.8556    34.8566     6.5700    1482.49    27.7508    27.7515 0.0000e+00
   1156.000     3.2878     3.2881   3.231232   3.231347     2.1812    -0.3901     0.3680    34.8557 5.9947e+02   1141.955    34.8557    34.8568     6.5711    1482.48    27.7508    27.7516 0.0000e+00
   1155.000     3.2883     3.2883   3.231238   3.231324     2.1819    -0.3893     0.3643    34.8558 5.8650e+02   1140.970    34.8559    34.8568     6.5728    1482.47    27.7508    27.7516 0.0000e+00
   1154.000     3.2885     3.2886   3.231210   3.231302     2.1819    -0.3990     0.3629    34.8558 5.8003e+02   1139.985    34.8558    34.8568     6.5718    1482.45    27.7508    27.7515 0.0000e+00
   1153.000     3.2889     3.2889   3.231194   3.231272     2.1824    -0.3802     0.3629    34.8557 5.8441e+02   1139.000    34.8557    34.8567     6.5731    1482.44    27.7506    27.7514 0.0000e+00
   1152.000     3.2890     3.2890   3.231165   3.231254     2.1825    -0.4117     0.3634    34.8557 5.9086e+02   1138.014    34.8557    34.8568     6.5725    1482.42    27.7506    27.7515 0.0000e+00
   1151.000     3.2891     3.2892   3.231138   3.231230     2.1827    -0.3898     0.3680    34.8558 5.9373e+02   1137.029    34.8558    34.8568     6.5725    1482.40    27.7507    27.7515 0.0000e+00
   1150.000     3.2892     3.2892   3.231119   3.231191     2.1830    -0.3873     0.3637    34.8560 5.9539e+02   1136.044    34.8560    34.8568     6.5726    1482.39    27.7508    27.7515 0.0000e+00
   1149.000     3.2892     3.2891   3.231071   3.231143     2.1830    -0.3878     0.3629    34.8560 5.9595e+02   1135.059    34.8560    34.8569     6.5721    1482.37    27.7508    27.7516 0.0000e+00
   1148.000     3.2892     3.2891   3.231028   3.231109     2.1830    -0.3873     0.3671    34.8559 5.9651e+02   1134.074    34.8559    34.8570     6.5709    1482.35    27.7507    27.7516 0.0000e+00
   1147.000     3.2892     3.2890   3.230975   3.231043     2.1832    -0.3823     0.3682    34.8559 5.9538e+02   1133.089    34.8558    34.8568     6.5711    1482.34    27.7507    27.7515 0.0000e+00
   1146.000     3.2890     3.2890   3.230917   3.231001     2.1835    -0.3750     0.3680    34.8559 5.9737e+02   1132.103    34.8559    34.8569     6.5711    1482.32    27.7507    27.7515 0.0000e+00
   1145.000     3.2892     3.2895   3.230900   3.231004     2.1843    -0.4135     0.3680    34.8560 5.9585e+02   1131.118    34.8560    34.8569     6.5735    1482.30    27.7508    27.7514 0.0000e+00
   1144.000     3.2900     3.2906   3.230936   3.231076     2.1843    -0.3867     0.3629    34.8559 5.9446e+02   1130.133    34.8560    34.8571     6.5725    1482.29    27.7507    27.7515 0.0000e+00
   1143.000     3.2906     3.2907   3.230952   3.231053     2.1845    -0.3876     0.3670    34.8561 5.9429e+02   1129.148    34.8561    34.8572     6.5722    1482.28    27.7507    27.7516 0.0000e+00
   1142.000     3.2907     3.2905   3.230911   3.230990     2.1843    -0.3734     0.3640    34.8561 5.9598e+02   1128.163    34.8561    34.8571     6.5706    1482.26    27.7507    27.7515 0.0000e+00
   1141.000     3.2905     3.2904   3.230850   3.230927     2.1843    -0.3871     0.3675    34.8560 6.0373e+02   1127.177    34.8560    34.8571     6.5700    1482.24    27.7506    27.7515 0.0000e+00
   1140.000     3.2908     3.2907   3.230839   3.230923     2.1848    -0.3896     0.3678    34.8560 6.1889e+02   1126.192    34.8561    34.8572     6.5708    1482.23    27.7507    27.7516 0.0000e+00
   1139.000     3.2910     3.2911   3.230823   3.230920     2.1852    -0.3880     0.3614    34.8561 6.1948e+02   1125.207    34.8562    34.8573     6.5715    1482.21    27.7507    27.7516 0.0000e+00
   1138.000     3.2913     3.2912   3.230810   3.230890     2.1850    -0.3722     0.3592    34.8562 5.9659e+02   1124.222    34.8562    34.8572     6.5698    1482.20    27.7507    27.7515 0.0000e+00
   1137.000     3.2914     3.2914   3.230770   3.230846     2.1855    -0.3867     0.3629    34.8561 5.8797e+02   1123.237    34.8562    34.8571     6.5709    1482.18    27.7507    27.7514 0.0000e+00
   1136.000     3.2914     3.2916   3.230727   3.230823     2.1855    -0.3830     0.3629    34.8561 5.9001e+02   1122.251    34.8561    34.8571     6.5700    1482.16    27.7506    27.7514 0.0000e+00
   1135.000     3.2917     3.2918   3.230726   3.230804     2.1860    -0.3846     0.3692    34.8563 5.9552e+02   1121.266    34.8564    34.8572     6.5710    1482.15    27.7508    27.7514 0.0000e+00
   1134.000     3.2919     3.2920   3.230688   3.230783     2.1861    -0.3912     0.3678    34.8562 6.0426e+02   1120.281    34.8562    34.8572     6.5706    1482.13    27.7506    27.7514 0.0000e+00
   1133.000     3.2920     3.2920   3.230671   3.230757     2.1866    -0.3900     0.3687    34.8564 6.1426e+02   1119.296    34.8564    34.8574     6.5717    1482.12    27.7507    27.7516 0.0000e+00
   1132.000     3.2920     3.2920   3.230626   3.230717     2.1867    -0.3853     0.3685    34.8564 6.2285e+02   1118.310    34.8564    34.8574     6.5712    1482.10    27.7507    27.7516 0.0000e+00
   1131.000     3.2918     3.2917   3.230579   3.230656     2.1864    -0.3733     0.3644    34.8565 6.0158e+02   1117.325    34.8565    34.8575     6.5691    1482.08    27.7509    27.7516 0.0000e+00
   1130.000     3.2920     3.2920   3.230526   3.230607     2.1866    -0.3763     0.3686    34.8562 5.8406e+02   1116.340    34.8562    34.8572     6.5692    1482.07    27.7506    27.7514 0.0000e+00
   1129.000     3.2920     3.2921   3.230494   3.230585     2.1867    -0.3916     0.3677    34.8563 5.9342e+02   1115.355    34.8563    34.8573     6.5689    1482.05    27.7506    27.7514 0.0000e+00
   1128.000     3.2924     3.2926   3.230508   3.230594     2.1867    -0.4145     0.3626    34.8564 6.0070e+02   1114.369    34.8565    34.8573     6.5679    1482.04    27.7508    27.7514 0.0000e+00
   1127.000     3.2928     3.2927   3.230484   3.230581     2.1873    -0.4011     0.3629    34.8564 6.0538e+02   1113.384    34.8564    34.8576     6.5691    1482.02    27.7506    27.7516 0.0000e+00
   1126.000     3.2927     3.2928   3.230444   3.230539     2.1879    -0.3882     0.3637    34.8565 6.0674e+02   1112.399    34.8565    34.8575     6.5706    1482.00    27.7507    27.7515 0.0000e+00
   1125.000     3.2929     3.2929   3.230430   3.230504     2.1879    -0.3883     0.3711    34.8566 6.0542e+02   1111.414    34.8566    34.8575     6.5697    1481.99    27.7508    27.7515 0.0000e+00
   1124.000     3.2930     3.2927   3.230380   3.230448     2.1879    -0.3768     0.3651    34.8565 5.9930e+02   1110.428    34.8565    34.8575     6.5689    1481.97    27.7507    27.7515 0.0000e+00
   1123.000     3.2930     3.2929   3.230337   3.230407     2.1879    -0.3691     0.3636    34.8564 6.0027e+02   1109.443    34.8565    34.8574     6.5683    1481.96    27.7506    27.7514 0.0000e+00
   1122.000     3.2938     3.2938   3.230369   3.230456     2.1890    -0.3462     0.3589    34.8564 6.0195e+02   1108.458    34.8565    34.8575     6.5712    1481.94    27.7506    27.7514 0.0000e+00
   1121.000     3.2943     3.2943   3.230376   3.230465     2.1891    -0.4014     0.3621    34.8566 6.0069e+02   1107.472    34.8566    34.8576     6.5707    1481.93    27.7506    27.7514 0.0000e+00
   1120.000     3.2944     3.2945   3.230345   3.230442     2.1891    -0.3798     0.3629    34.8565 5.9958e+02   1106.487    34.8565    34.8576     6.5700    1481.91    27.7505    27.7514 0.0000e+00
   1119.000     3.2946     3.2946   3.230315   3.230402     2.1895    -0.3794     0.3657    34.8565 6.0060e+02   1105.502    34.8565    34.8576     6.5707    1481.90    27.7505    27.7513 0.0000e+00
   1118.000     3.2946     3.2946   3.230275   3.230368     2.1891    -0.3930     0.3681    34.8566 6.0611e+02   1104.516    34.8566    34.8577     6.5682    1481.88    27.7505    27.7514 0.0000e+00
   1117.000     3.2946     3.2946   3.230242   3.230335     2.1894    -0.3909     0.3683    34.8566 6.1222e+02   1103.531    34.8567    34.8578     6.5686    1481.86    27.7506    27.7515 0.0000e+00
   1116.000     3.2946     3.2945   3.230205   3.230278     2.1894    -0.3662     0.3633    34.8567 6.1470e+02   1102.546    34.8567    34.8577     6.5674    1481.85    27.7506    27.7514 0.0000e+00
   1115.000     3.2945     3.2944   3.230152   3.230226     2.1902    -0.3779     0.3629    34.8567 6.0983e+02   1101.561    34.8567    34.8578     6.5700    1481.83    27.7506    27.7515 0.0000e+00
   1114.000     3.2944     3.2944   3.230098   3.230177     2.1903    -0.3667     0.3629    34.8567 5.9426e+02   1100.575    34.8567    34.8576     6.5693    1481.81    27.7506    27.7514 0.0000e+00
   1113.000     3.2946     3.2946   3.230066   3.230147     2.1905    -0.3890     0.3629    34.8566 5.8757e+02   1099.590    34.8566    34.8576     6.5693    1481.80    27.7505    27.7513 0.0000e+00
   1112.000     3.2947     3.2948   3.230041   3.230127     2.1912    -0.3892     0.3675    34.8567 5.9304e+02   1098.605    34.8567    34.8576     6.5712    1481.78    27.7506    27.7513 0.0000e+00
   1111.000     3.2948     3.2950   3.230008   3.230095     2.1913    -0.3868     0.3678    34.8568 6.0347e+02   1097.619    34.8567    34.8576     6.5707    1481.76    27.7506    27.7513 0.0000e+00
   1110.000     3.2949     3.2950   3.229975   3.230057     2.1915    -0.3881     0.3683    34.8567 6.1191e+02   1096.634    34.8567    34.8576     6.5705    1481.75    27.7506    27.7513 0.0000e+00
   1109.000     3.2949     3.2949   3.229934   3.230006     2.1915    -0.3866     0.3680    34.8568 6.1277e+02   1095.649    34.8568    34.8577     6.5696    1481.73    27.7506    27.7513 0.0000e+00
   1108.000     3.2947     3.2946   3.229887   3.229958     2.1915    -0.3885     0.3684    34.8569 6.0941e+02   1094.663    34.8569    34.8579     6.5688    1481.71    27.7507    27.7515 0.0000e+00
   1107.000     3.2949     3.2947   3.229825   3.229906     2.1914    -0.3872     0.3636    34.8566 5.9206e+02   1093.678    34.8565    34.8576     6.5677    1481.70    27.7504    27.7513 0.0000e+00
   1106.000     3.2948     3.2950   3.229796   3.229877     2.1916    -0.3860     0.3683    34.8567 5.8239e+02   1092.692    34.8567    34.8575     6.5675    1481.68    27.7505    27.7512 0.0000e+00
   1105.000     3.2951     3.2952   3.229771   3.229860     2.1914    -0.3903     0.3690    34.8567 5.8579e+02   1091.707    34.8567    34.8576     6.5660    1481.67    27.7505    27.7512 0.0000e+00
   1104.000     3.2952     3.2952   3.229731   3.229825     2.1923    -0.3857     0.3677    34.8566 6.0159e+02   1090.722    34.8566    34.8577     6.5686    1481.65    27.7504    27.7513 0.0000e+00
   1103.000     3.2949     3.2948   3.229661   3.229740     2.1926    -0.3865     0.3681    34.8567 6.1893e+02   1089.736    34.8566    34.8577     6.5688    1481.63    27.7504    27.7513 0.0000e+00
   1102.000     3.2946     3.2945   3.229601   3.229681     2.1927    -0.3866     0.3680    34.8567 6.1894e+02   1088.751    34.8567    34.8577     6.5683    1481.61    27.7505    27.7514 0.0000e+00
   1101.000     3.2950     3.2948   3.229594   3.229657     2.1929    -0.4032     0.3650    34.8567 6.1409e+02   1087.766    34.8567    34.8577     6.5684    1481.60    27.7504    27.7513 0.0000e+00
   1100.000     3.2948     3.2945   3.229530   3.229594     2.1933    -0.3767     0.3674    34.8567 5.9947e+02   1086.780    34.8567    34.8578     6.5692    1481.58    27.7505    27.7514 0.0000e+00
   1099.000     3.2948     3.2949   3.229491   3.229568     2.1939    -0.3907     0.3678    34.8566 5.9004e+02   1085.795    34.8567    34.8575     6.5705    1481.57    27.7505    27.7511 0.0000e+00
   1098.000     3.2957     3.2956   3.229524   3.229600     2.1939    -0.3880     0.3678    34.8567 5.9526e+02   1084.809    34.8567    34.8576     6.5694    1481.55    27.7504    27.7511 0.0000e+00
