Ship_data/Irminger/Irminger-5/ctd/process/uar30-03012.cnv
* Sea-Bird SBE 9 Data File:
* FileName = D:\Data\ar30-03012.hdr
* Software Version Seasave V 7.23.2
* Temperature SN = 4312
* Conductivity SN = 2148
* Number of Bytes Per Scan = 44
* Number of Voltage Words = 5
* Number of Scans Averaged by the Deck Unit = 1
* NMEA Latitude = 59 40.85 N
* NMEA Longitude = 038 56.40 W
* NMEA UTC (Time) = Jun 13 2018  17:00:29
** Cruise ID: ar30-03
** Chief Sci: Macdonald
** Station #: 012
** Site ID: Irminger 5 OSNAP CV4
# nquan = 18
# nvalues = 2942                        
# units = specified
# name 0 = prDM: Pressure, Digiquartz [db]
# name 1 = t090C: Temperature [ITS-90, deg C]
# name 2 = t190C: Temperature, 2 [ITS-90, deg C]
# name 3 = c0S/m: Conductivity [S/m]
# name 4 = c1S/m: Conductivity, 2 [S/m]
# name 5 = sbeox0V: Oxygen raw, SBE 43 [V]
# name 6 = flECO-AFL: Fluorescence, WET Labs ECO-AFL/FL [mg/m^3]
# name 7 = turbWETntu0: Turbidity, WET Labs ECO [NTU]
# name 8 = sal00: Salinity, Practical [PSU]
# name 9 = spar: SPAR/Surface Irradiance
# name 10 = depSM: Depth [salt water, m], lat = 59.6808
# name 11 = sal00: Salinity, Practical [PSU]
# name 12 = sal11: Salinity, Practical, 2 [PSU]
# name 13 = sbeox0ML/L: Oxygen, SBE 43 [ml/l], WS = 2
# name 14 = svCM: Sound Velocity [Chen-Millero, m/s]
# name 15 = sigma-é00: Density [sigma-theta, kg/m^3]
# name 16 = sigma-é11: Density, 2 [sigma-theta, kg/m^3]
# name 17 = flag: flag
# span 0 =      5.000,   2946.000       
# span 1 =     1.4581,     5.1283       
# span 2 =     1.4606,     5.1302       
# span 3 =   3.144596,   3.344898       
# span 4 =   3.145077,   3.345234       
# span 5 =     1.4626,     2.7076       
# span 6 =    -0.4145,     1.3244       
# span 7 =     0.3433,     0.5902       
# span 8 =    34.5250,    34.9314       
# span 9 = 3.6834e+02, 7.6083e+02       
# span 10 =      4.953,   2898.030      
# span 11 =    34.5279,    34.9318      
# span 12 =    34.8540,    34.9319      
# span 13 =     4.7690,     7.0851      
# span 14 =    1469.31,    1505.67      
# span 15 =    27.5451,    27.9483      
# span 16 =    27.5465,    27.9401      
# span 17 = 0.0000e+00, 0.0000e+00      
# interval = decibars: 1                
# start_time = Jun 13 2018 17:00:29 [System UTC, first data scan.]
# bad_flag = -9.990e-29
*END*
[from data line 2815]
    131.000     4.2495     4.2492   3.275186   3.275292     2.4707    -0.3663     0.3959    34.8964 4.0011e+02    129.727    34.8980    34.8995     6.5694    1469.67    27.6796    27.6808 0.0000e+00
    130.000     4.2492     4.2505   3.275039   3.275313     2.4692    -0.3656     0.3984    34.8960 3.9882e+02    128.737    34.8971    34.8989     6.5637    1469.65    27.6789    27.6802 0.0000e+00
    129.000     4.2476     4.2475   3.274750   3.274880     2.4690    -0.3438     0.3968    34.8954 3.9800e+02    127.747    34.8959    34.8975     6.5625    1469.63    27.6781    27.6794 0.0000e+00
    128.000     4.2483     4.2511   3.274760   3.275053     2.4704    -0.3416     0.3949    34.8946 3.9942e+02    126.757    34.8958    34.8963     6.5662    1469.61    27.6780    27.6781 0.0000e+00
    127.000     4.2569     4.2565   3.275473   3.275529     2.4718    -0.3446     0.3958    34.8939 4.0016e+02    125.767    34.8956    34.8967     6.5684    1469.63    27.6769    27.6778 0.0000e+00
    126.000     4.2668     4.2653   3.276321   3.276230     2.4732    -0.3530     0.3964    34.8937 4.0011e+02    124.777    34.8957    34.8963     6.5705    1469.66    27.6758    27.6765 0.0000e+00
    125.000     4.2727     4.2722   3.276750   3.276822     2.4740    -0.3683     0.3936    34.8938 3.9935e+02    123.787    34.8951    34.8964     6.5714    1469.66    27.6747    27.6759 0.0000e+00
    124.000     4.2740     4.2756   3.276865   3.277109     2.4749    -0.3370     0.3935    34.8944 3.9769e+02    122.797    34.8956    34.8967     6.5734    1469.65    27.6750    27.6757 0.0000e+00
    123.000     4.2755     4.2797   3.276980   3.277465     2.4759    -0.3353     0.3946    34.8946 3.9730e+02    121.807    34.8959    34.8972     6.5754    1469.64    27.6750    27.6756 0.0000e+00
    122.000     4.2808     4.2834   3.277372   3.277776     2.4756    -0.3403     0.3968    34.8943 3.9756e+02    120.817    34.8955    34.8975     6.5726    1469.65    27.6741    27.6755 0.0000e+00
    121.000     4.2843     4.2858   3.277692   3.277943     2.4751    -0.3454     0.3931    34.8949 3.9740e+02    119.827    34.8961    34.8974     6.5695    1469.65    27.6743    27.6751 0.0000e+00
    120.000     4.2852     4.2860   3.277683   3.277858     2.4749    -0.3433     0.3930    34.8946 3.9654e+02    118.837    34.8955    34.8968     6.5678    1469.63    27.6737    27.6746 0.0000e+00
    119.000     4.2871     4.2869   3.277771   3.277876     2.4752    -0.3426     0.3940    34.8943 3.9573e+02    117.847    34.8952    34.8966     6.5677    1469.63    27.6732    27.6743 0.0000e+00
    118.000     4.2877     4.2875   3.277746   3.277843     2.4763    -0.3473     0.3939    34.8940 3.9562e+02    116.857    34.8947    34.8961     6.5705    1469.61    27.6727    27.6739 0.0000e+00
    117.000     4.2882     4.2877   3.277726   3.277793     2.4778    -0.3461     0.3970    34.8938 3.9569e+02    115.867    34.8944    34.8959     6.5746    1469.60    27.6725    27.6737 0.0000e+00
    116.000     4.2888     4.2886   3.277725   3.277836     2.4795    -0.3512     0.3971    34.8939 3.9551e+02    114.877    34.8944    34.8959     6.5791    1469.58    27.6724    27.6736 0.0000e+00
    115.000     4.2903     4.2908   3.277794   3.277947     2.4812    -0.3540     0.3957    34.8935 3.9586e+02    113.887    34.8942    34.8955     6.5839    1469.57    27.6720    27.6730 0.0000e+00
    114.000     4.2914     4.2917   3.277851   3.277982     2.4823    -0.3308     0.3937    34.8937 3.9560e+02    112.897    34.8942    34.8954     6.5865    1469.56    27.6719    27.6729 0.0000e+00
    113.000     4.2927     4.2927   3.277905   3.278038     2.4835    -0.3344     0.3935    34.8934 3.9452e+02    111.907    34.8940    34.8956     6.5894    1469.55    27.6716    27.6729 0.0000e+00
    112.000     4.2931     4.2929   3.277899   3.277993     2.4844    -0.3380     0.3954    34.8937 3.9338e+02    110.917    34.8940    34.8954     6.5913    1469.53    27.6716    27.6727 0.0000e+00
    111.000     4.2924     4.2918   3.277741   3.277812     2.4849    -0.3352     0.3971    34.8933 3.9373e+02    109.927    34.8934    34.8950     6.5924    1469.51    27.6712    27.6725 0.0000e+00
    110.000     4.2920     4.2917   3.277658   3.277728     2.4860    -0.3312     0.3932    34.8932 3.9541e+02    108.937    34.8935    34.8946     6.5953    1469.50    27.6713    27.6722 0.0000e+00
    109.000     4.2920     4.2910   3.277575   3.277601     2.4876    -0.3294     0.3947    34.8928 3.9690e+02    107.947    34.8930    34.8944     6.5996    1469.48    27.6708    27.6721 0.0000e+00
    108.000     4.2900     4.2891   3.277294   3.277335     2.4902    -0.3192     0.3959    34.8924 3.9412e+02    106.956    34.8924    34.8938     6.6080    1469.45    27.6706    27.6718 0.0000e+00
    107.000     4.2888     4.2868   3.277066   3.276947     2.4932    -0.3140     0.3971    34.8915 3.8959e+02    105.966    34.8915    34.8921     6.6172    1469.43    27.6700    27.6707 0.0000e+00
    106.000     4.2947     4.2902   3.277500   3.277248     2.4994    -0.3077     0.3995    34.8907 3.9052e+02    104.976    34.8909    34.8926     6.6361    1469.44    27.6689    27.6707 0.0000e+00
    105.000     4.3009     4.3001   3.277577   3.277703     2.5196    -0.2808     0.4022    34.8857 3.8701e+02    103.986    34.8858    34.8881     6.7016    1469.44    27.6642    27.6660 0.0000e+00
    104.000     4.3002     4.2988   3.277600   3.277658     2.5199    -0.3123     0.4020    34.8873 3.9012e+02    102.996    34.8874    34.8895     6.7017    1469.42    27.6655    27.6673 0.0000e+00
    103.000     4.3030     4.3005   3.277719   3.277679     2.5216    -0.2662     0.4052    34.8861 3.8964e+02    102.006    34.8863    34.8885     6.7061    1469.42    27.6643    27.6663 0.0000e+00
    102.000     4.3064     4.3044   3.277904   3.277877     2.5251    -0.2567     0.4018    34.8850 3.8464e+02    101.016    34.8854    34.8873     6.7161    1469.42    27.6632    27.6649 0.0000e+00
    101.000     4.3088     4.3089   3.278081   3.278188     2.5267    -0.2866     0.4036    34.8851 3.8532e+02    100.026    34.8855    34.8867     6.7201    1469.41    27.6630    27.6640 0.0000e+00
    100.000     4.3120     4.3126   3.278292   3.278441     2.5280    -0.2795     0.4073    34.8848 3.8804e+02     99.036    34.8851    34.8862     6.7231    1469.41    27.6624    27.6632 0.0000e+00
     99.000     4.3124     4.3118   3.278237   3.278325     2.5321    -0.2555     0.4097    34.8844 3.8605e+02     98.046    34.8846    34.8863     6.7360    1469.39    27.6619    27.6633 0.0000e+00
     98.000     4.3120     4.3114   3.278144   3.278221     2.5351    -0.2457     0.4107    34.8844 3.8207e+02     97.055    34.8845    34.8861     6.7452    1469.37    27.6619    27.6632 0.0000e+00
     97.000     4.3141     4.3134   3.278252   3.278295     2.5356    -0.2644     0.4085    34.8837 3.8459e+02     96.065    34.8841    34.8853     6.7456    1469.36    27.6613    27.6623 0.0000e+00
     96.000     4.3174     4.3173   3.278469   3.278543     2.5357    -0.2655     0.4112    34.8831 3.8712e+02     95.075    34.8837    34.8846     6.7445    1469.36    27.6606    27.6614 0.0000e+00
     95.000     4.3201     4.3181   3.278586   3.278554     2.5360    -0.2407     0.4061    34.8825 3.8785e+02     94.085    34.8828    34.8845     6.7440    1469.35    27.6596    27.6612 0.0000e+00
     94.000     4.3202     4.3188   3.278530   3.278537     2.5369    -0.2042     0.4119    34.8823 3.8141e+02     93.095    34.8825    34.8841     6.7462    1469.34    27.6594    27.6608 0.0000e+00
     93.000     4.3194     4.3185   3.278384   3.278445     2.5377    -0.2393     0.4111    34.8821 3.8131e+02     92.105    34.8822    34.8839     6.7479    1469.32    27.6592    27.6606 0.0000e+00
     92.000     4.3220     4.3224   3.278565   3.278679     2.5390    -0.2446     0.4071    34.8816 3.8422e+02     91.115    34.8821    34.8830     6.7510    1469.31    27.6588    27.6595 0.0000e+00
     91.000     4.3296     4.3290   3.279185   3.279223     2.5398    -0.2210     0.5902    34.8812 3.8669e+02     90.124    34.8819    34.8830     6.7513    1469.33    27.6578    27.6588 0.0000e+00
     90.000     4.3351     4.3346   3.279666   3.279698     2.5402    -0.1975     0.4043    34.8815 3.8237e+02     89.134    34.8824    34.8832     6.7509    1469.33    27.6576    27.6583 0.0000e+00
     89.000     4.3454     4.3399   3.280552   3.280140     2.5405    -0.2203     0.4117    34.8815 3.7825e+02     88.144    34.8824    34.8834     6.7491    1469.36    27.6565    27.6579 0.0000e+00
     88.000     4.3491     4.3527   3.280838   3.281406     2.5407    -0.2202     0.4117    34.8816 3.7924e+02     87.154    34.8824    34.8853     6.7483    1469.36    27.6561    27.6580 0.0000e+00
     87.000     4.3718     4.3720   3.283037   3.283135     2.5405    -0.2035     0.4096    34.8827 3.8378e+02     86.164    34.8848    34.8857     6.7426    1469.44    27.6556    27.6562 0.0000e+00
     86.000     4.3861     4.3863   3.284360   3.284561     2.5398    -0.2124     0.4108    34.8845 3.7971e+02     85.174    34.8859    34.8880     6.7370    1469.48    27.6548    27.6564 0.0000e+00
     85.000     4.3865     4.3840   3.284352   3.284376     2.5389    -0.2177     0.4105    34.8848 3.7599e+02     84.183    34.8859    34.8888     6.7330    1469.47    27.6548    27.6573 0.0000e+00
     84.000     4.3925     4.3911   3.284985   3.284987     2.5392    -0.2185     0.4117    34.8862 3.7814e+02     83.193    34.8875    34.8890     6.7320    1469.48    27.6554    27.6567 0.0000e+00
     83.000     4.3992     4.3978   3.285530   3.285547     2.5386    -0.2282     0.4141    34.8864 3.7946e+02     82.203    34.8874    34.8890     6.7278    1469.49    27.6545    27.6560 0.0000e+00
     82.000     4.4026     4.4025   3.285796   3.285924     2.5380    -0.2372     0.4119    34.8864 3.7554e+02     81.213    34.8874    34.8890     6.7245    1469.49    27.6542    27.6555 0.0000e+00
     81.000     4.4078     4.4099   3.286263   3.286613     2.5380    -0.2375     0.4117    34.8871 3.7433e+02     80.223    34.8880    34.8899     6.7228    1469.49    27.6541    27.6553 0.0000e+00
     80.000     4.4151     4.4170   3.286949   3.287230     2.5371    -0.2325     0.4131    34.8875 3.7752e+02     79.232    34.8889    34.8902     6.7175    1469.51    27.6540    27.6548 0.0000e+00
     79.000     4.4231     4.4175   3.287655   3.287238     2.5373    -0.2053     0.4129    34.8884 3.7910e+02     78.242    34.8893    34.8903     6.7158    1469.53    27.6534    27.6549 0.0000e+00
     78.000     4.4238     4.4186   3.287589   3.287225     2.5388    -0.1998     0.4118    34.8877 3.7431e+02     77.252    34.8883    34.8896     6.7196    1469.51    27.6525    27.6541 0.0000e+00
     77.000     4.4245     4.4239   3.287641   3.287694     2.5392    -0.2203     0.4159    34.8882 3.7301e+02     76.262    34.8887    34.8900     6.7200    1469.50    27.6528    27.6539 0.0000e+00
     76.000     4.4236     4.4227   3.287460   3.287506     2.5399    -0.2287     0.4145    34.8879 3.7408e+02     75.271    34.8881    34.8896     6.7216    1469.48    27.6524    27.6537 0.0000e+00
     75.000     4.4215     4.4206   3.287103   3.287194     2.5414    -0.1958     0.4118    34.8864 3.7864e+02     74.281    34.8866    34.8886     6.7264    1469.45    27.6514    27.6531 0.0000e+00
     74.000     4.4232     4.4240   3.287176   3.287379     2.5437    -0.1597     0.4076    34.8859 3.7570e+02     73.291    34.8862    34.8877     6.7327    1469.44    27.6510    27.6520 0.0000e+00
     73.000     4.4257     4.4252   3.287374   3.287453     2.5446    -0.1757     0.4143    34.8861 3.7236e+02     72.301    34.8865    34.8879     6.7342    1469.43    27.6509    27.6521 0.0000e+00
     72.000     4.4304     4.4298   3.287791   3.287827     2.5448    -0.1789     0.4162    34.8864 3.7379e+02     71.311    34.8870    34.8880     6.7334    1469.44    27.6507    27.6516 0.0000e+00
     71.000     4.4335     4.4355   3.288039   3.288312     2.5451    -0.1789     0.4171    34.8866 3.7729e+02     70.320    34.8871    34.8882     6.7327    1469.43    27.6505    27.6511 0.0000e+00
     70.000     4.4387     4.4361   3.288396   3.288362     2.5449    -0.1479     0.4117    34.8860 3.7491e+02     69.330    34.8864    34.8887     6.7303    1469.44    27.6493    27.6515 0.0000e+00
     69.000     4.4391     4.4382   3.288408   3.288457     2.5449    -0.1927     0.4117    34.8862 3.7281e+02     68.340    34.8866    34.8882     6.7294    1469.42    27.6495    27.6508 0.0000e+00
     68.000     4.4480     4.4444   3.289364   3.288997     2.5451    -0.1987     0.4161    34.8877 3.7298e+02     67.349    34.8890    34.8885     6.7276    1469.45    27.6504    27.6504 0.0000e+00
     67.000     4.4596     4.4599   3.290263   3.290392     2.5458    -0.1717     0.4149    34.8867 3.7483e+02     66.359    34.8879    34.8890     6.7268    1469.48    27.6482    27.6491 0.0000e+00
     66.000     4.4676     4.4672   3.290962   3.291089     2.5450    -0.1369     0.4146    34.8875 3.7459e+02     65.369    34.8882    34.8900     6.7220    1469.49    27.6476    27.6491 0.0000e+00
     65.000     4.4671     4.4682   3.290951   3.291143     2.5448    -0.1687     0.4083    34.8884 3.7306e+02     64.379    34.8891    34.8902     6.7206    1469.48    27.6483    27.6491 0.0000e+00
     64.000     4.4715     4.4723   3.291285   3.291471     2.5451    -0.1613     0.4096    34.8880 3.7316e+02     63.388    34.8889    34.8902     6.7198    1469.48    27.6477    27.6486 0.0000e+00
     63.000     4.4755     4.4749   3.291576   3.291651     2.5454    -0.1416     0.4176    34.8881 3.7413e+02     62.398    34.8887    34.8902     6.7193    1469.48    27.6470    27.6483 0.0000e+00
     62.000     4.4744     4.4730   3.291376   3.291437     2.5463    -0.0868     0.4157    34.8878 3.7227e+02     61.408    34.8880    34.8902     6.7217    1469.46    27.6467    27.6485 0.0000e+00
     61.000     4.4718     4.4725   3.290979   3.291278     2.5480    -0.0737     0.4219    34.8867 3.7032e+02     60.417    34.8867    34.8894     6.7270    1469.43    27.6458    27.6479 0.0000e+00
     60.000     4.4600     4.4616   3.289590   3.289866     2.5536    -0.0583     0.4137    34.8834 3.7031e+02     59.427    34.8834    34.8849     6.7467    1469.36    27.6445    27.6456 0.0000e+00
     59.000     4.4655     4.4636   3.290069   3.290039     2.5516    -0.0266     0.4186    34.8837 3.7075e+02     58.437    34.8837    34.8853     6.7383    1469.37    27.6442    27.6456 0.0000e+00
     58.000     4.4667     4.4664   3.290118   3.290216     2.5528    -0.0623     0.4166    34.8834 3.7073e+02     57.447    34.8835    34.8850     6.7413    1469.35    27.6439    27.6451 0.0000e+00
     57.000     4.4682     4.4683   3.290225   3.290342     2.5537    -0.0747     0.4197    34.8835 3.7532e+02     56.456    34.8837    34.8850     6.7430    1469.34    27.6439    27.6448 0.0000e+00
     56.000     4.4723     4.4698   3.290510   3.290412     2.5530    -0.0131     0.4148    34.8830 3.7295e+02     55.466    34.8833    34.8848     6.7389    1469.34    27.6431    27.6446 0.0000e+00
     55.000     4.4760     4.4753   3.290797   3.290831     2.5534    -0.0049     0.4172    34.8829 3.7147e+02     54.476    34.8833    34.8845     6.7390    1469.34    27.6427    27.6437 0.0000e+00
     54.000     4.4925     4.4923   3.292160   3.292217     2.5550    -0.0030     0.4198    34.8801 3.7351e+02     53.485    34.8825    34.8833     6.7403    1469.39    27.6402    27.6409 0.0000e+00
     53.000     4.5318     4.5339   3.295599   3.295691     2.5585     0.0328     0.4289    34.8778 3.7488e+02     52.495    34.8818    34.8807     6.7442    1469.54    27.6353    27.6342 0.0000e+00
