Ship_data/Irminger/Irminger-5/ctd/process/uar30-03018.cnv
* Sea-Bird SBE 9 Data File:
* FileName = D:\Data\ar30-03018.hdr
* Software Version Seasave V 7.23.2
* Temperature SN = 4312
* Conductivity SN = 2148
* Number of Bytes Per Scan = 44
* Number of Voltage Words = 5
* Number of Scans Averaged by the Deck Unit = 1
* NMEA Latitude = 59 52.87 N
* NMEA Longitude = 040 53.94 W
* NMEA UTC (Time) = Jun 18 2018  16:05:20
** Cruise ID: ar30-03
** Chief Sci: Macdonald
** Station #: 018
** Site ID: Irminger 5 OSNAP C12
** Cast at OSNAP site C12 between M1 and M2 moorings
# nquan = 18
# nvalues = 2318                        
# units = specified
# name 0 = prDM: Pressure, Digiquartz [db]
# name 1 = t090C: Temperature [ITS-90, deg C]
# name 2 = t190C: Temperature, 2 [ITS-90, deg C]
# name 3 = c0S/m: Conductivity [S/m]
# name 4 = c1S/m: Conductivity, 2 [S/m]
# name 5 = sbeox0V: Oxygen raw, SBE 43 [V]
# name 6 = flECO-AFL: Fluorescence, WET Labs ECO-AFL/FL [mg/m^3]
# name 7 = turbWETntu0: Turbidity, WET Labs ECO [NTU]
# name 8 = sal00: Salinity, Practical [PSU]
# name 9 = spar: SPAR/Surface Irradiance
# name 10 = depSM: Depth [salt water, m], lat = 59.8812
# name 11 = sal00: Salinity, Practical [PSU]
# name 12 = sal11: Salinity, Practical, 2 [PSU]
# name 13 = sbeox0ML/L: Oxygen, SBE 43 [ml/l], WS = 2
# name 14 = svCM: Sound Velocity [Chen-Millero, m/s]
# name 15 = sigma-é00: Density [sigma-theta, kg/m^3]
# name 16 = sigma-é11: Density, 2 [sigma-theta, kg/m^3]
# name 17 = flag: flag
# span 0 =      3.000,   2320.000       
# span 1 =     1.7589,     6.6513       
# span 2 =     1.7596,     6.6538       
# span 3 =   3.145856,   3.484476       
# span 4 =   3.145918,   3.484993       
# span 5 =     1.8483,     2.8118       
# span 6 =    -0.4140,     5.4583       
# span 7 =     0.3500,     0.6067       
# span 8 =    34.8546,    34.9219       
# span 9 = 7.4235e+02, 1.6372e+03       
# span 10 =      2.972,   2285.503      
# span 11 =    34.8618,    34.9227      
# span 12 =    34.8638,    34.9234      
# span 13 =     5.9559,     7.1911      
# span 14 =    1473.16,    1495.42      
# span 15 =    27.3593,    27.9117      
# span 16 =    27.3597,    27.9119      
# span 17 = 0.0000e+00, 0.0000e+00      
# interval = decibars: 1                
# start_time = Jun 18 2018 16:05:20 [System UTC, first data scan.]
# bad_flag = -9.990e-29
*END*
[from data line 1126]
   1194.000     3.3972     3.3971   3.243669   3.243771     2.1298    -0.3908     0.3632    34.8690 8.9946e+02   1179.368    34.8691    34.8704     6.3813    1483.59    27.7514    27.7524 0.0000e+00
   1193.000     3.3962     3.3962   3.243534   3.243635     2.1301    -0.3720     0.3581    34.8690 8.9641e+02   1178.383    34.8690    34.8702     6.3819    1483.57    27.7514    27.7524 0.0000e+00
   1192.000     3.3958     3.3957   3.243462   3.243554     2.1296    -0.3822     0.3608    34.8690 8.9347e+02   1177.398    34.8691    34.8703     6.3793    1483.55    27.7515    27.7525 0.0000e+00
   1191.000     3.3962     3.3962   3.243472   3.243563     2.1305    -0.3971     0.3606    34.8692 8.6916e+02   1176.413    34.8692    34.8703     6.3817    1483.54    27.7516    27.7525 0.0000e+00
   1190.000     3.3959     3.3960   3.243357   3.243477     2.1311    -0.3938     0.3632    34.8688 8.6265e+02   1175.428    34.8687    34.8700     6.3834    1483.52    27.7512    27.7522 0.0000e+00
   1189.000     3.3957     3.3957   3.243307   3.243403     2.1319    -0.3748     0.3629    34.8689 8.6333e+02   1174.443    34.8689    34.8700     6.3856    1483.50    27.7514    27.7522 0.0000e+00
   1188.000     3.3973     3.3982   3.243415   3.243595     2.1318    -0.3811     0.3612    34.8686 8.6556e+02   1173.458    34.8690    34.8701     6.3844    1483.49    27.7513    27.7521 0.0000e+00
   1187.000     3.3996     3.4011   3.243608   3.243830     2.1318    -0.3922     0.3588    34.8689 8.6836e+02   1172.473    34.8693    34.8704     6.3831    1483.49    27.7513    27.7520 0.0000e+00
   1186.000     3.4011     3.4023   3.243719   3.243914     2.1318    -0.3938     0.3612    34.8692 8.7234e+02   1171.488    34.8695    34.8706     6.3820    1483.48    27.7513    27.7521 0.0000e+00
   1185.000     3.4023     3.4030   3.243796   3.243943     2.1318    -0.3938     0.3628    34.8694 8.7711e+02   1170.503    34.8697    34.8707     6.3809    1483.47    27.7514    27.7521 0.0000e+00
   1184.000     3.4035     3.4040   3.243870   3.244005     2.1322    -0.3938     0.3629    34.8696 8.8429e+02   1169.518    34.8699    34.8709     6.3812    1483.46    27.7513    27.7521 0.0000e+00
   1183.000     3.4037     3.4033   3.243854   3.243910     2.1328    -0.3929     0.3616    34.8698 8.8120e+02   1168.533    34.8700    34.8711     6.3830    1483.44    27.7514    27.7523 0.0000e+00
   1182.000     3.4034     3.4033   3.243757   3.243833     2.1331    -0.3913     0.3630    34.8694 8.3967e+02   1167.548    34.8696    34.8707     6.3830    1483.42    27.7511    27.7520 0.0000e+00
   1181.000     3.4035     3.4033   3.243727   3.243795     2.1330    -0.3937     0.3600    34.8695 8.3119e+02   1166.563    34.8696    34.8707     6.3821    1483.41    27.7511    27.7520 0.0000e+00
   1180.000     3.4039     3.4043   3.243726   3.243867     2.1333    -0.3901     0.3583    34.8696 8.3277e+02   1165.578    34.8697    34.8710     6.3822    1483.39    27.7512    27.7522 0.0000e+00
   1179.000     3.4061     3.4065   3.243927   3.244048     2.1341    -0.3718     0.3580    34.8699 8.4900e+02   1164.593    34.8703    34.8713     6.3841    1483.38    27.7514    27.7522 0.0000e+00
   1178.000     3.4074     3.4082   3.244001   3.244175     2.1343    -0.3894     0.3583    34.8700 8.6737e+02   1163.608    34.8703    34.8715     6.3840    1483.37    27.7513    27.7522 0.0000e+00
   1177.000     3.4088     3.4098   3.244100   3.244296     2.1348    -0.3873     0.3857    34.8702 8.8807e+02   1162.623    34.8705    34.8718     6.3846    1483.36    27.7513    27.7522 0.0000e+00
   1176.000     3.4109     3.4113   3.244283   3.244394     2.1347    -0.3729     0.4719    34.8704 9.0622e+02   1161.638    34.8710    34.8719     6.3831    1483.36    27.7515    27.7521 0.0000e+00
   1175.000     3.4125     3.4127   3.244378   3.244498     2.1345    -0.3733     0.3764    34.8706 9.1396e+02   1160.653    34.8710    34.8722     6.3813    1483.35    27.7513    27.7522 0.0000e+00
   1174.000     3.4129     3.4123   3.244385   3.244423     2.1341    -0.3808     0.3631    34.8709 8.8758e+02   1159.668    34.8711    34.8722     6.3789    1483.33    27.7513    27.7523 0.0000e+00
   1173.000     3.4124     3.4122   3.244283   3.244354     2.1337    -0.3918     0.3685    34.8708 8.5548e+02   1158.683    34.8710    34.8720     6.3763    1483.31    27.7513    27.7521 0.0000e+00
   1172.000     3.4137     3.4139   3.244388   3.244470     2.1343    -0.3731     0.3628    34.8711 8.6368e+02   1157.698    34.8713    34.8721     6.3775    1483.30    27.7514    27.7521 0.0000e+00
   1171.000     3.4152     3.4162   3.244510   3.244682     2.1342    -0.3901     0.3680    34.8712 8.8059e+02   1156.713    34.8717    34.8727     6.3764    1483.29    27.7515    27.7523 0.0000e+00
   1170.000     3.4174     3.4183   3.244665   3.244831     2.1342    -0.3938     0.3689    34.8714 8.9801e+02   1155.728    34.8718    34.8728     6.3752    1483.28    27.7514    27.7522 0.0000e+00
   1169.000     3.4188     3.4190   3.244763   3.244884     2.1342    -0.3938     0.3650    34.8716 9.0588e+02   1154.743    34.8720    34.8731     6.3741    1483.27    27.7514    27.7523 0.0000e+00
   1168.000     3.4199     3.4203   3.244830   3.244957     2.1345    -0.3924     0.3578    34.8718 8.9824e+02   1153.758    34.8721    34.8732     6.3739    1483.26    27.7514    27.7522 0.0000e+00
   1167.000     3.4224     3.4252   3.245022   3.245390     2.1343    -0.3931     0.3648    34.8716 8.9061e+02   1152.773    34.8722    34.8736     6.3721    1483.26    27.7513    27.7521 0.0000e+00
   1166.000     3.4273     3.4318   3.245478   3.246021     2.1346    -0.3938     0.3661    34.8722 9.0203e+02   1151.787    34.8730    34.8747     6.3714    1483.26    27.7514    27.7524 0.0000e+00
   1165.000     3.4339     3.4384   3.246126   3.246664     2.1345    -0.3920     0.3608    34.8728 9.2947e+02   1150.802    34.8742    34.8758     6.3691    1483.27    27.7517    27.7526 0.0000e+00
   1164.000     3.4417     3.4453   3.246873   3.247308     2.1342    -0.3861     0.3586    34.8742 9.9675e+02   1149.817    34.8754    34.8768     6.3655    1483.29    27.7519    27.7527 0.0000e+00
   1163.000     3.4455     3.4469   3.247194   3.247437     2.1334    -0.3816     0.3602    34.8748 9.8573e+02   1148.832    34.8757    34.8772     6.3612    1483.29    27.7518    27.7528 0.0000e+00
   1162.000     3.4461     3.4472   3.247204   3.247417     2.1330    -0.3939     0.3629    34.8749 9.7939e+02   1147.847    34.8757    34.8770     6.3584    1483.28    27.7517    27.7527 0.0000e+00
   1161.000     3.4472     3.4482   3.247280   3.247484     2.1328    -0.3938     0.3629    34.8753 9.5898e+02   1146.862    34.8760    34.8773     6.3568    1483.27    27.7518    27.7528 0.0000e+00
   1160.000     3.4492     3.4501   3.247446   3.247636     2.1319    -0.3840     0.3651    34.8757 9.4180e+02   1145.877    34.8764    34.8776     6.3521    1483.26    27.7519    27.7529 0.0000e+00
   1159.000     3.4525     3.4534   3.247730   3.247927     2.1317    -0.3826     0.3667    34.8758 9.4102e+02   1144.892    34.8767    34.8781     6.3499    1483.26    27.7519    27.7529 0.0000e+00
   1158.000     3.4547     3.4557   3.247897   3.248106     2.1316    -0.3932     0.3667    34.8763 9.5878e+02   1143.907    34.8769    34.8783     6.3480    1483.25    27.7518    27.7528 0.0000e+00
   1157.000     3.4557     3.4575   3.247967   3.248221     2.1313    -0.3806     0.3660    34.8764 9.8135e+02   1142.922    34.8771    34.8783     6.3461    1483.24    27.7519    27.7527 0.0000e+00
   1156.000     3.4582     3.4593   3.248170   3.248356     2.1315    -0.3732     0.3629    34.8767 1.0027e+03   1141.937    34.8775    34.8786     6.3453    1483.23    27.7519    27.7527 0.0000e+00
   1155.000     3.4602     3.4613   3.248334   3.248516     2.1310    -0.3700     0.3629    34.8772 1.0271e+03   1140.951    34.8778    34.8788     6.3425    1483.22    27.7520    27.7527 0.0000e+00
   1154.000     3.4613     3.4615   3.248418   3.248526     2.1306    -0.3894     0.3629    34.8775 1.0658e+03   1139.966    34.8781    34.8792     6.3396    1483.21    27.7521    27.7530 0.0000e+00
   1153.000     3.4620     3.4618   3.248432   3.248509     2.1305    -0.3930     0.3677    34.8776 9.8192e+02   1138.981    34.8781    34.8792     6.3384    1483.20    27.7520    27.7530 0.0000e+00
   1152.000     3.4625     3.4620   3.248430   3.248476     2.1305    -0.3737     0.3679    34.8776 9.6912e+02   1137.996    34.8781    34.8792     6.3374    1483.18    27.7520    27.7529 0.0000e+00
   1151.000     3.4629     3.4630   3.248420   3.248526     2.1304    -0.3707     0.3613    34.8777 9.9507e+02   1137.011    34.8780    34.8792     6.3363    1483.17    27.7518    27.7528 0.0000e+00
   1150.000     3.4625     3.4627   3.248334   3.248447     2.1305    -0.3813     0.3602    34.8777 1.0203e+03   1136.026    34.8779    34.8791     6.3358    1483.15    27.7518    27.7527 0.0000e+00
   1149.000     3.4626     3.4627   3.248316   3.248424     2.1303    -0.3941     0.3661    34.8778 1.0099e+03   1135.041    34.8781    34.8792     6.3343    1483.13    27.7520    27.7528 0.0000e+00
   1148.000     3.4633     3.4633   3.248329   3.248422     2.1303    -0.3858     0.3668    34.8777 9.9928e+02   1134.056    34.8780    34.8791     6.3334    1483.12    27.7518    27.7527 0.0000e+00
   1147.000     3.4640     3.4643   3.248360   3.248490     2.1301    -0.3714     0.3621    34.8779 9.8059e+02   1133.070    34.8782    34.8794     6.3316    1483.11    27.7519    27.7528 0.0000e+00
   1146.000     3.4655     3.4664   3.248478   3.248649     2.1304    -0.3715     0.3592    34.8781 9.7689e+02   1132.085    34.8785    34.8796     6.3316    1483.10    27.7520    27.7528 0.0000e+00
   1145.000     3.4679     3.4687   3.248673   3.248843     2.1306    -0.3734     0.3681    34.8783 9.6617e+02   1131.100    34.8788    34.8800     6.3310    1483.09    27.7520    27.7528 0.0000e+00
   1144.000     3.4692     3.4703   3.248748   3.248968     2.1315    -0.3899     0.3635    34.8785 9.7127e+02   1130.115    34.8789    34.8803     6.3337    1483.08    27.7519    27.7529 0.0000e+00
   1143.000     3.4699     3.4707   3.248775   3.248972     2.1317    -0.3750     0.3684    34.8786 9.9325e+02   1129.130    34.8789    34.8804     6.3333    1483.07    27.7519    27.7530 0.0000e+00
   1142.000     3.4710     3.4713   3.248840   3.248968     2.1317    -0.3932     0.3657    34.8787 1.0003e+03   1128.144    34.8790    34.8802     6.3323    1483.06    27.7518    27.7527 0.0000e+00
   1141.000     3.4711     3.4707   3.248799   3.248870     2.1323    -0.3892     0.3583    34.8788 9.9896e+02   1127.159    34.8790    34.8802     6.3339    1483.04    27.7518    27.7528 0.0000e+00
   1140.000     3.4704     3.4701   3.248684   3.248749     2.1329    -0.3745     0.3588    34.8788 1.0124e+03   1126.174    34.8789    34.8799     6.3355    1483.02    27.7517    27.7526 0.0000e+00
   1139.000     3.4700     3.4698   3.248594   3.248682     2.1331    -0.3920     0.3630    34.8787 9.8502e+02   1125.189    34.8787    34.8800     6.3356    1483.00    27.7517    27.7527 0.0000e+00
   1138.000     3.4691     3.4688   3.248462   3.248542     2.1336    -0.3757     0.3631    34.8785 9.9263e+02   1124.204    34.8786    34.8798     6.3367    1482.98    27.7516    27.7526 0.0000e+00
   1137.000     3.4683     3.4682   3.248341   3.248425     2.1340    -0.3884     0.3629    34.8785 9.8316e+02   1123.219    34.8785    34.8796     6.3377    1482.96    27.7517    27.7525 0.0000e+00
   1136.000     3.4684     3.4683   3.248296   3.248388     2.1340    -0.3842     0.3610    34.8784 9.8008e+02   1122.233    34.8783    34.8796     6.3369    1482.94    27.7515    27.7525 0.0000e+00
   1135.000     3.4669     3.4667   3.248092   3.248175     2.1332    -0.3836     0.3636    34.8781 9.7775e+02   1121.248    34.8780    34.8792     6.3333    1482.92    27.7513    27.7523 0.0000e+00
   1134.000     3.4662     3.4656   3.247957   3.248012     2.1330    -0.3878     0.3688    34.8779 9.7103e+02   1120.263    34.8777    34.8789     6.3318    1482.90    27.7511    27.7522 0.0000e+00
   1133.000     3.4651     3.4649   3.247812   3.247887     2.1329    -0.3710     0.3689    34.8778 9.7589e+02   1119.278    34.8776    34.8787     6.3306    1482.88    27.7512    27.7521 0.0000e+00
   1132.000     3.4647     3.4645   3.247732   3.247809     2.1329    -0.3859     0.3623    34.8778 9.8106e+02   1118.292    34.8776    34.8787     6.3299    1482.86    27.7512    27.7521 0.0000e+00
   1131.000     3.4643     3.4639   3.247630   3.247709     2.1329    -0.3924     0.3581    34.8775 9.8924e+02   1117.307    34.8773    34.8786     6.3291    1482.84    27.7510    27.7521 0.0000e+00
   1130.000     3.4635     3.4633   3.247511   3.247604     2.1331    -0.3937     0.3586    34.8774 9.9812e+02   1116.322    34.8772    34.8786     6.3292    1482.82    27.7510    27.7521 0.0000e+00
   1129.000     3.4631     3.4635   3.247455   3.247591     2.1344    -0.3938     0.3626    34.8775 1.0327e+03   1115.337    34.8775    34.8787     6.3336    1482.80    27.7512    27.7522 0.0000e+00
   1128.000     3.4630     3.4632   3.247393   3.247510     2.1364    -0.3822     0.3620    34.8775 1.0192e+03   1114.351    34.8773    34.8786     6.3406    1482.79    27.7511    27.7521 0.0000e+00
   1127.000     3.4632     3.4630   3.247358   3.247435     2.1376    -0.3795     0.3654    34.8773 9.4768e+02   1113.366    34.8772    34.8784     6.3445    1482.77    27.7510    27.7520 0.0000e+00
   1126.000     3.4626     3.4625   3.247239   3.247337     2.1378    -0.3719     0.3629    34.8772 9.5351e+02   1112.381    34.8770    34.8782     6.3443    1482.75    27.7509    27.7519 0.0000e+00
   1125.000     3.4620     3.4620   3.247143   3.247234     2.1378    -0.3715     0.3629    34.8771 1.0479e+03   1111.396    34.8770    34.8781     6.3436    1482.73    27.7509    27.7518 0.0000e+00
   1124.000     3.4620     3.4619   3.247090   3.247181     2.1378    -0.3717     0.3583    34.8771 1.0337e+03   1110.410    34.8769    34.8780     6.3428    1482.72    27.7509    27.7518 0.0000e+00
   1123.000     3.4617     3.4616   3.247023   3.247107     2.1378    -0.3795     0.3603    34.8771 1.0978e+03   1109.425    34.8769    34.8781     6.3420    1482.70    27.7509    27.7518 0.0000e+00
   1122.000     3.4611     3.4607   3.246916   3.246970     2.1378    -0.3934     0.3628    34.8771 1.2589e+03   1108.440    34.8768    34.8779     6.3416    1482.68    27.7509    27.7518 0.0000e+00
   1121.000     3.4601     3.4599   3.246777   3.246857     2.1390    -0.4107     0.3630    34.8769 1.3845e+03   1107.455    34.8767    34.8779     6.3455    1482.66    27.7509    27.7518 0.0000e+00
   1120.000     3.4601     3.4605   3.246720   3.246880     2.1413    -0.4013     0.3601    34.8766 1.1018e+03   1106.469    34.8766    34.8780     6.3536    1482.64    27.7507    27.7518 0.0000e+00
   1119.000     3.4598     3.4596   3.246630   3.246717     2.1415    -0.3935     0.3627    34.8765 1.1249e+03   1105.484    34.8763    34.8775     6.3536    1482.62    27.7506    27.7516 0.0000e+00
   1118.000     3.4585     3.4582   3.246465   3.246528     2.1418    -0.3938     0.3597    34.8765 1.1769e+03   1104.499    34.8762    34.8773     6.3542    1482.60    27.7506    27.7515 0.0000e+00
   1117.000     3.4570     3.4567   3.246264   3.246342     2.1427    -0.3938     0.3603    34.8762 1.1391e+03   1103.513    34.8759    34.8771     6.3570    1482.58    27.7505    27.7515 0.0000e+00
   1116.000     3.4564     3.4563   3.246165   3.246257     2.1434    -0.3909     0.3628    34.8760 1.0846e+03   1102.528    34.8758    34.8771     6.3589    1482.56    27.7505    27.7515 0.0000e+00
   1115.000     3.4563     3.4564   3.246118   3.246226     2.1445    -0.3784     0.3629    34.8760 1.1096e+03   1101.543    34.8759    34.8771     6.3625    1482.54    27.7505    27.7515 0.0000e+00
