Ship_data/Irminger/Irminger-5/ctd/process/uar30-03012.cnv
* Sea-Bird SBE 9 Data File:
* FileName = D:\Data\ar30-03012.hdr
* Software Version Seasave V 7.23.2
* Temperature SN = 4312
* Conductivity SN = 2148
* Number of Bytes Per Scan = 44
* Number of Voltage Words = 5
* Number of Scans Averaged by the Deck Unit = 1
* NMEA Latitude = 59 40.85 N
* NMEA Longitude = 038 56.40 W
* NMEA UTC (Time) = Jun 13 2018  17:00:29
** Cruise ID: ar30-03
** Chief Sci: Macdonald
** Station #: 012
** Site ID: Irminger 5 OSNAP CV4
# nquan = 18
# nvalues = 2942                        
# units = specified
# name 0 = prDM: Pressure, Digiquartz [db]
# name 1 = t090C: Temperature [ITS-90, deg C]
# name 2 = t190C: Temperature, 2 [ITS-90, deg C]
# name 3 = c0S/m: Conductivity [S/m]
# name 4 = c1S/m: Conductivity, 2 [S/m]
# name 5 = sbeox0V: Oxygen raw, SBE 43 [V]
# name 6 = flECO-AFL: Fluorescence, WET Labs ECO-AFL/FL [mg/m^3]
# name 7 = turbWETntu0: Turbidity, WET Labs ECO [NTU]
# name 8 = sal00: Salinity, Practical [PSU]
# name 9 = spar: SPAR/Surface Irradiance
# name 10 = depSM: Depth [salt water, m], lat = 59.6808
# name 11 = sal00: Salinity, Practical [PSU]
# name 12 = sal11: Salinity, Practical, 2 [PSU]
# name 13 = sbeox0ML/L: Oxygen, SBE 43 [ml/l], WS = 2
# name 14 = svCM: Sound Velocity [Chen-Millero, m/s]
# name 15 = sigma-é00: Density [sigma-theta, kg/m^3]
# name 16 = sigma-é11: Density, 2 [sigma-theta, kg/m^3]
# name 17 = flag: flag
# span 0 =      5.000,   2946.000       
# span 1 =     1.4581,     5.1283       
# span 2 =     1.4606,     5.1302       
# span 3 =   3.144596,   3.344898       
# span 4 =   3.145077,   3.345234       
# span 5 =     1.4626,     2.7076       
# span 6 =    -0.4145,     1.3244       
# span 7 =     0.3433,     0.5902       
# span 8 =    34.5250,    34.9314       
# span 9 = 3.6834e+02, 7.6083e+02       
# span 10 =      4.953,   2898.030      
# span 11 =    34.5279,    34.9318      
# span 12 =    34.8540,    34.9319      
# span 13 =     4.7690,     7.0851      
# span 14 =    1469.31,    1505.67      
# span 15 =    27.5451,    27.9483      
# span 16 =    27.5465,    27.9401      
# span 17 = 0.0000e+00, 0.0000e+00      
# interval = decibars: 1                
# start_time = Jun 13 2018 17:00:29 [System UTC, first data scan.]
# bad_flag = -9.990e-29
*END*
[from data line 724]
   2222.000     3.1580     3.1587   3.269678   3.269736     1.8271    -0.3891     0.3531    34.9278 4.8030e+02   2189.496    34.9282    34.9281     5.9739    1499.86    27.8294    27.8293 0.0000e+00
   2221.000     3.1585     3.1593   3.269687   3.269744     1.8270    -0.3636     0.3540    34.9279 4.8093e+02   2188.515    34.9282    34.9280     5.9730    1499.85    27.8294    27.8292 0.0000e+00
   2220.000     3.1591     3.1597   3.269696   3.269745     1.8270    -0.3697     0.3534    34.9279 4.8130e+02   2187.535    34.9281    34.9281     5.9721    1499.83    27.8293    27.8292 0.0000e+00
   2219.000     3.1591     3.1595   3.269658   3.269693     1.8270    -0.3854     0.3504    34.9280 4.8088e+02   2186.555    34.9282    34.9282     5.9712    1499.81    27.8293    27.8293 0.0000e+00
   2218.000     3.1581     3.1586   3.269520   3.269561     1.8270    -0.3667     0.3533    34.9279 4.7966e+02   2185.575    34.9281    34.9280     5.9706    1499.79    27.8293    27.8292 0.0000e+00
   2217.000     3.1629     3.1646   3.269947   3.270041     1.8278    -0.3593     0.3541    34.9278 4.8049e+02   2184.594    34.9285    34.9279     5.9726    1499.80    27.8292    27.8286 0.0000e+00
   2216.000     3.1654     3.1674   3.270101   3.270256     1.8281    -0.3677     0.3531    34.9278 4.8092e+02   2183.614    34.9283    34.9279     5.9727    1499.79    27.8288    27.8284 0.0000e+00
   2215.000     3.1681     3.1693   3.270311   3.270400     1.8282    -0.3906     0.3534    34.9277 4.8091e+02   2182.634    34.9283    34.9281     5.9717    1499.79    27.8286    27.8283 0.0000e+00
   2214.000     3.1693     3.1704   3.270375   3.270476     1.8282    -0.3915     0.3542    34.9279 4.8143e+02   2181.654    34.9283    34.9283     5.9710    1499.77    27.8285    27.8284 0.0000e+00
   2213.000     3.1700     3.1708   3.270407   3.270466     1.8282    -0.3905     0.3512    34.9280 4.8214e+02   2180.673    34.9284    34.9283     5.9701    1499.76    27.8285    27.8283 0.0000e+00
   2212.000     3.1701     3.1709   3.270373   3.270443     1.8282    -0.3737     0.3524    34.9281 4.8288e+02   2179.693    34.9284    34.9284     5.9694    1499.74    27.8284    27.8283 0.0000e+00
   2211.000     3.1693     3.1712   3.270269   3.270423     1.8283    -0.3666     0.3537    34.9281 4.8316e+02   2178.713    34.9284    34.9283     5.9691    1499.72    27.8285    27.8283 0.0000e+00
   2210.000     3.1707     3.1715   3.270343   3.270398     1.8286    -0.3701     0.3540    34.9281 4.8346e+02   2177.732    34.9283    34.9282     5.9692    1499.71    27.8283    27.8281 0.0000e+00
   2209.000     3.1708     3.1714   3.270312   3.270362     1.8292    -0.3734     0.3531    34.9281 4.8339e+02   2176.752    34.9283    34.9283     5.9712    1499.70    27.8283    27.8282 0.0000e+00
   2208.000     3.1705     3.1710   3.270247   3.270290     1.8294    -0.3696     0.3536    34.9282 4.8434e+02   2175.772    34.9283    34.9283     5.9713    1499.68    27.8283    27.8282 0.0000e+00
   2207.000     3.1703     3.1709   3.270179   3.270220     1.8293    -0.3856     0.3533    34.9282 4.8537e+02   2174.791    34.9283    34.9281     5.9702    1499.66    27.8283    27.8281 0.0000e+00
   2206.000     3.1707     3.1714   3.270169   3.270210     1.8295    -0.3921     0.3531    34.9280 4.8557e+02   2173.811    34.9281    34.9279     5.9702    1499.64    27.8281    27.8278 0.0000e+00
   2205.000     3.1720     3.1728   3.270233   3.270294     1.8295    -0.3875     0.3495    34.9278 4.8571e+02   2172.831    34.9280    34.9279     5.9692    1499.63    27.8279    27.8278 0.0000e+00
   2204.000     3.1729     3.1735   3.270274   3.270323     1.8297    -0.3867     0.3526    34.9279 4.8528e+02   2171.850    34.9281    34.9279     5.9691    1499.62    27.8278    27.8277 0.0000e+00
   2203.000     3.1734     3.1742   3.270281   3.270343     1.8303    -0.3899     0.3533    34.9279 4.8504e+02   2170.870    34.9281    34.9279     5.9713    1499.61    27.8278    27.8276 0.0000e+00
   2202.000     3.1741     3.1747   3.270293   3.270350     1.8306    -0.3752     0.3509    34.9278 4.8523e+02   2169.890    34.9280    34.9280     5.9717    1499.59    27.8277    27.8276 0.0000e+00
   2201.000     3.1745     3.1751   3.270301   3.270360     1.8307    -0.3665     0.3524    34.9279 4.8622e+02   2168.909    34.9281    34.9281     5.9713    1499.58    27.8277    27.8277 0.0000e+00
   2200.000     3.1752     3.1757   3.270322   3.270352     1.8307    -0.3678     0.3539    34.9279 4.8834e+02   2167.929    34.9281    34.9279     5.9704    1499.56    27.8276    27.8275 0.0000e+00
   2199.000     3.1755     3.1765   3.270324   3.270396     1.8308    -0.3640     0.3536    34.9281 4.8993e+02   2166.948    34.9282    34.9280     5.9698    1499.55    27.8277    27.8274 0.0000e+00
   2198.000     3.1767     3.1779   3.270408   3.270502     1.8310    -0.3854     0.3539    34.9282 4.9013e+02   2165.968    34.9285    34.9283     5.9698    1499.54    27.8278    27.8275 0.0000e+00
   2197.000     3.1794     3.1811   3.270638   3.270753     1.8314    -0.3905     0.3555    34.9282 4.8990e+02   2164.988    34.9288    34.9284     5.9704    1499.53    27.8277    27.8273 0.0000e+00
   2196.000     3.1819     3.1828   3.270821   3.270873     1.8316    -0.3901     0.3559    34.9284 4.8957e+02   2164.008    34.9288    34.9285     5.9701    1499.52    27.8275    27.8273 0.0000e+00
   2195.000     3.1832     3.1836   3.270893   3.270915     1.8320    -0.3801     0.3508    34.9285 4.8840e+02   2163.027    34.9288    34.9287     5.9707    1499.51    27.8274    27.8273 0.0000e+00
   2194.000     3.1839     3.1860   3.270893   3.271081     1.8320    -0.3821     0.3532    34.9283 4.8801e+02   2162.047    34.9285    34.9286     5.9699    1499.50    27.8271    27.8270 0.0000e+00
   2193.000     3.1873     3.1881   3.271174   3.271234     1.8321    -0.3721     0.3497    34.9282 4.8991e+02   2161.066    34.9288    34.9286     5.9689    1499.50    27.8270    27.8268 0.0000e+00
   2192.000     3.1890     3.1903   3.271284   3.271390     1.8322    -0.3879     0.3532    34.9283 4.9323e+02   2160.086    34.9287    34.9286     5.9685    1499.49    27.8268    27.8266 0.0000e+00
   2191.000     3.1901     3.1911   3.271349   3.271426     1.8324    -0.3701     0.3531    34.9285 4.9546e+02   2159.105    34.9288    34.9287     5.9683    1499.47    27.8268    27.8266 0.0000e+00
   2190.000     3.1907     3.1918   3.271372   3.271466     1.8324    -0.3680     0.3531    34.9287 4.9498e+02   2158.125    34.9290    34.9289     5.9674    1499.46    27.8268    27.8267 0.0000e+00
   2189.000     3.1913     3.1922   3.271384   3.271461     1.8326    -0.3662     0.3534    34.9286 4.9452e+02   2157.145    34.9289    34.9289     5.9674    1499.45    27.8267    27.8266 0.0000e+00
   2188.000     3.1915     3.1924   3.271358   3.271434     1.8326    -0.3650     0.3531    34.9286 4.9365e+02   2156.164    34.9288    34.9289     5.9666    1499.43    27.8266    27.8266 0.0000e+00
   2187.000     3.1917     3.1930   3.271348   3.271456     1.8329    -0.3649     0.3574    34.9287 4.9222e+02   2155.184    34.9290    34.9289     5.9672    1499.41    27.8267    27.8266 0.0000e+00
   2186.000     3.1924     3.1933   3.271367   3.271445     1.8330    -0.3506     0.3534    34.9288 4.9207e+02   2154.204    34.9290    34.9290     5.9670    1499.40    27.8266    27.8266 0.0000e+00
   2185.000     3.1935     3.1948   3.271425   3.271516     1.8332    -0.3691     0.3521    34.9286 4.9558e+02   2153.223    34.9290    34.9287     5.9669    1499.39    27.8266    27.8262 0.0000e+00
   2184.000     3.1960     3.1970   3.271606   3.271683     1.8332    -0.3785     0.3514    34.9286 4.9898e+02   2152.243    34.9290    34.9288     5.9656    1499.38    27.8263    27.8260 0.0000e+00
   2183.000     3.1974     3.1978   3.271703   3.271731     1.8332    -0.3913     0.3531    34.9287 5.0126e+02   2151.262    34.9291    34.9290     5.9646    1499.37    27.8262    27.8261 0.0000e+00
   2182.000     3.1982     3.1987   3.271737   3.271766     1.8338    -0.3834     0.3552    34.9288 5.0156e+02   2150.282    34.9291    34.9290     5.9661    1499.36    27.8262    27.8261 0.0000e+00
   2181.000     3.1986     3.1992   3.271725   3.271776     1.8342    -0.3679     0.3573    34.9289 5.0065e+02   2149.301    34.9291    34.9291     5.9674    1499.34    27.8261    27.8261 0.0000e+00
   2180.000     3.1988     3.1999   3.271708   3.271795     1.8345    -0.3681     0.3498    34.9289 4.9896e+02   2148.321    34.9291    34.9290     5.9677    1499.33    27.8261    27.8259 0.0000e+00
   2179.000     3.1996     3.2007   3.271745   3.271832     1.8345    -0.3684     0.3543    34.9289 4.9724e+02   2147.341    34.9292    34.9290     5.9667    1499.31    27.8261    27.8258 0.0000e+00
   2178.000     3.2011     3.2016   3.271851   3.271880     1.8345    -0.3831     0.3541    34.9290 4.9728e+02   2146.360    34.9293    34.9292     5.9657    1499.30    27.8260    27.8259 0.0000e+00
   2177.000     3.2008     3.2005   3.271771   3.271726     1.8345    -0.3666     0.3513    34.9290 5.0104e+02   2145.380    34.9291    34.9290     5.9650    1499.29    27.8259    27.8259 0.0000e+00
   2176.000     3.2021     3.2029   3.271844   3.271919     1.8345    -0.3644     0.3526    34.9288 5.0524e+02   2144.399    34.9292    34.9292     5.9640    1499.27    27.8258    27.8258 0.0000e+00
   2175.000     3.2030     3.2036   3.271884   3.271948     1.8345    -0.3730     0.3522    34.9290 5.0730e+02   2143.419    34.9292    34.9292     5.9631    1499.26    27.8257    27.8257 0.0000e+00
   2174.000     3.2029     3.2034   3.271847   3.271892     1.8350    -0.3945     0.3489    34.9291 5.0825e+02   2142.438    34.9293    34.9293     5.9649    1499.24    27.8258    27.8258 0.0000e+00
   2173.000     3.2033     3.2040   3.271849   3.271908     1.8356    -0.3731     0.3523    34.9292 5.0862e+02   2141.458    34.9294    34.9293     5.9664    1499.23    27.8259    27.8257 0.0000e+00
   2172.000     3.2044     3.2046   3.271913   3.271927     1.8356    -0.3657     0.3560    34.9292 5.0747e+02   2140.477    34.9294    34.9294     5.9658    1499.22    27.8258    27.8258 0.0000e+00
   2171.000     3.2038     3.2037   3.271797   3.271799     1.8356    -0.3764     0.3541    34.9292 5.0339e+02   2139.497    34.9292    34.9293     5.9651    1499.20    27.8257    27.8257 0.0000e+00
   2170.000     3.2049     3.2064   3.271884   3.271974     1.8358    -0.3743     0.3513    34.9291 5.0361e+02   2138.516    34.9296    34.9290     5.9650    1499.18    27.8258    27.8253 0.0000e+00
   2169.000     3.2092     3.2109   3.272244   3.272357     1.8359    -0.3880     0.3490    34.9291 5.0528e+02   2137.536    34.9298    34.9293     5.9637    1499.19    27.8256    27.8250 0.0000e+00
   2168.000     3.2119     3.2129   3.272446   3.272516     1.8365    -0.3846     0.3482    34.9293 5.0811e+02   2136.555    34.9297    34.9295     5.9655    1499.18    27.8253    27.8250 0.0000e+00
   2167.000     3.2127     3.2133   3.272465   3.272503     1.8369    -0.3786     0.3487    34.9293 5.1072e+02   2135.575    34.9296    34.9294     5.9663    1499.17    27.8251    27.8249 0.0000e+00
   2166.000     3.2132     3.2136   3.272469   3.272509     1.8369    -0.3662     0.3505    34.9293 5.1387e+02   2134.594    34.9296    34.9296     5.9655    1499.15    27.8250    27.8251 0.0000e+00
   2165.000     3.2126     3.2135   3.272364   3.272442     1.8369    -0.3831     0.3510    34.9294 5.1543e+02   2133.614    34.9295    34.9294     5.9648    1499.13    27.8250    27.8249 0.0000e+00
   2164.000     3.2127     3.2138   3.272336   3.272420     1.8371    -0.3891     0.3531    34.9292 5.1355e+02   2132.633    34.9295    34.9294     5.9648    1499.12    27.8250    27.8248 0.0000e+00
   2163.000     3.2141     3.2154   3.272443   3.272524     1.8372    -0.3889     0.3534    34.9294 5.1214e+02   2131.653    34.9297    34.9294     5.9641    1499.11    27.8250    27.8247 0.0000e+00
   2162.000     3.2158     3.2163   3.272553   3.272578     1.8373    -0.3859     0.3533    34.9295 5.1082e+02   2130.672    34.9297    34.9296     5.9635    1499.10    27.8249    27.8247 0.0000e+00
   2161.000     3.2163     3.2169   3.272542   3.272587     1.8379    -0.3708     0.3534    34.9293 5.1373e+02   2129.692    34.9296    34.9295     5.9653    1499.08    27.8247    27.8246 0.0000e+00
   2160.000     3.2179     3.2191   3.272671   3.272734     1.8381    -0.3909     0.3534    34.9294 5.1859e+02   2128.711    34.9298    34.9294     5.9654    1499.07    27.8248    27.8243 0.0000e+00
   2159.000     3.2214     3.2229   3.272937   3.273035     1.8383    -0.3711     0.3537    34.9293 5.2082e+02   2127.730    34.9298    34.9295     5.9646    1499.07    27.8244    27.8240 0.0000e+00
   2158.000     3.2230     3.2240   3.273030   3.273115     1.8383    -0.3640     0.3557    34.9293 5.2149e+02   2126.750    34.9297    34.9297     5.9638    1499.06    27.8242    27.8241 0.0000e+00
   2157.000     3.2239     3.2246   3.273069   3.273123     1.8386    -0.3673     0.3567    34.9294 5.2147e+02   2125.770    34.9298    34.9296     5.9641    1499.05    27.8241    27.8239 0.0000e+00
   2156.000     3.2237     3.2243   3.273015   3.273060     1.8388    -0.3663     0.3521    34.9295 5.1956e+02   2124.789    34.9297    34.9297     5.9643    1499.03    27.8241    27.8240 0.0000e+00
   2155.000     3.2239     3.2239   3.272953   3.272974     1.8394    -0.3931     0.3489    34.9292 5.2108e+02   2123.808    34.9293    34.9296     5.9661    1499.01    27.8238    27.8240 0.0000e+00
   2154.000     3.2243     3.2254   3.272972   3.273032     1.8393    -0.3912     0.3489    34.9292 5.2521e+02   2122.828    34.9295    34.9292     5.9646    1499.00    27.8239    27.8235 0.0000e+00
   2153.000     3.2260     3.2266   3.273078   3.273113     1.8398    -0.3700     0.3532    34.9293 5.2733e+02   2121.847    34.9296    34.9293     5.9658    1498.99    27.8237    27.8235 0.0000e+00
   2152.000     3.2270     3.2282   3.273140   3.273207     1.8398    -0.3657     0.3534    34.9292 5.2867e+02   2120.867    34.9296    34.9292     5.9651    1498.98    27.8237    27.8232 0.0000e+00
   2151.000     3.2297     3.2306   3.273298   3.273367     1.8400    -0.3644     0.3537    34.9288 5.2925e+02   2119.886    34.9292    34.9290     5.9646    1498.97    27.8231    27.8228 0.0000e+00
   2150.000     3.2307     3.2311   3.273346   3.273372     1.8400    -0.3661     0.3545    34.9289 5.2729e+02   2118.906    34.9292    34.9291     5.9638    1498.96    27.8230    27.8229 0.0000e+00
   2149.000     3.2304     3.2302   3.273289   3.273263     1.8400    -0.3823     0.3546    34.9290 5.2359e+02   2117.925    34.9292    34.9291     5.9633    1498.94    27.8230    27.8230 0.0000e+00
   2148.000     3.2303     3.2299   3.273215   3.273183     1.8406    -0.3687     0.3564    34.9288 5.2484e+02   2116.944    34.9290    34.9290     5.9650    1498.92    27.8228    27.8229 0.0000e+00
   2147.000     3.2336     3.2324   3.273469   3.273351     1.8411    -0.3670     0.3557    34.9285 5.3150e+02   2115.964    34.9290    34.9288     5.9661    1498.92    27.8226    27.8225 0.0000e+00
   2146.000     3.2353     3.2363   3.273594   3.273663     1.8415    -0.3758     0.3546    34.9287 5.3605e+02   2114.983    34.9291    34.9289     5.9665    1498.91    27.8224    27.8222 0.0000e+00
   2145.000     3.2367     3.2377   3.273690   3.273756     1.8416    -0.3934     0.3551    34.9289 5.3898e+02   2114.002    34.9293    34.9290     5.9660    1498.90    27.8225    27.8222 0.0000e+00
   2144.000     3.2372     3.2380   3.273683   3.273740     1.8419    -0.3693     0.3550    34.9289 5.3956e+02   2113.022    34.9292    34.9290     5.9663    1498.88    27.8223    27.8221 0.0000e+00
   2143.000     3.2383     3.2383   3.273754   3.273742     1.8419    -0.3700     0.3538    34.9290 5.3827e+02   2112.041    34.9293    34.9291     5.9656    1498.87    27.8223    27.8222 0.0000e+00
