Ship_data/Irminger/Irminger-5/ctd/process/uar30-03021.cnv
* Sea-Bird SBE 9 Data File:
* FileName = D:\Data\ar30-03021.hdr
* Software Version Seasave V 7.23.2
* Temperature SN = 4312
* Conductivity SN = 2148
* Number of Bytes Per Scan = 44
* Number of Voltage Words = 5
* Number of Scans Averaged by the Deck Unit = 1
* NMEA Latitude = 59 51.42 N
* NMEA Longitude = 039 13.43 W
* NMEA UTC (Time) = Jun 19 2018  18:21:51
** Cruise ID: ar30-03
** Chief Sci: Macdonald
** Station #: 021
** Site ID: Irminger 5 Gliders 2
** ctd cast to 1000 meters near OOI gliders
# nquan = 18
# nvalues = 1013                        
# units = specified
# name 0 = prDM: Pressure, Digiquartz [db]
# name 1 = t090C: Temperature [ITS-90, deg C]
# name 2 = t190C: Temperature, 2 [ITS-90, deg C]
# name 3 = c0S/m: Conductivity [S/m]
# name 4 = c1S/m: Conductivity, 2 [S/m]
# name 5 = sbeox0V: Oxygen raw, SBE 43 [V]
# name 6 = flECO-AFL: Fluorescence, WET Labs ECO-AFL/FL [mg/m^3]
# name 7 = turbWETntu0: Turbidity, WET Labs ECO [NTU]
# name 8 = sal00: Salinity, Practical [PSU]
# name 9 = spar: SPAR/Surface Irradiance
# name 10 = depSM: Depth [salt water, m], lat = 59.857
# name 11 = sal00: Salinity, Practical [PSU]
# name 12 = sal11: Salinity, Practical, 2 [PSU]
# name 13 = sbeox0ML/L: Oxygen, SBE 43 [ml/l], WS = 2
# name 14 = svCM: Sound Velocity [Chen-Millero, m/s]
# name 15 = sigma-é00: Density [sigma-theta, kg/m^3]
# name 16 = sigma-é11: Density, 2 [sigma-theta, kg/m^3]
# name 17 = flag: flag
# span 0 =      3.000,   1015.000       
# span 1 =     3.2984,     6.6104       
# span 2 =     3.2983,     6.5945       
# span 3 =   3.217008,   3.479684       
# span 4 =   3.217006,   3.478462       
# span 5 =     2.1895,     2.9086       
# span 6 =    -0.4145,     8.2688       
# span 7 =     0.3534,     0.9521       
# span 8 =    34.8506,    34.8964       
# span 9 = 3.3739e+02, 7.0910e+02       
# span 10 =      2.972,   1002.991      
# span 11 =    34.8552,    34.8980      
# span 12 =    34.8569,    34.8991      
# span 13 =     6.3976,     7.4395      
# span 14 =    1468.70,    1480.20      
# span 15 =    27.3582,    27.7492      
# span 16 =    27.3625,    27.7501      
# span 17 = 0.0000e+00, 0.0000e+00      
# interval = decibars: 1                
# start_time = Jun 19 2018 18:21:51 [System UTC, first data scan.]
# bad_flag = -9.990e-29
*END*
[from data line 242]
    773.000     3.3516     3.3513   3.220842   3.220946     2.2526    -0.3918     0.3629    34.8623 5.7458e+02    764.296    34.8622    34.8638     6.5061    1476.42    27.7471    27.7483 0.0000e+00
    772.000     3.3519     3.3521   3.220850   3.220987     2.2526    -0.3744     0.3629    34.8623 5.7490e+02    763.309    34.8625    34.8639     6.5052    1476.40    27.7473    27.7484 0.0000e+00
    771.000     3.3540     3.3549   3.221017   3.221226     2.2528    -0.3860     0.3674    34.8624 5.7201e+02    762.322    34.8628    34.8643     6.5046    1476.39    27.7473    27.7484 0.0000e+00
    770.000     3.3579     3.3586   3.221328   3.221525     2.2526    -0.3765     0.3627    34.8625 5.6879e+02    761.335    34.8629    34.8645     6.5024    1476.39    27.7470    27.7482 0.0000e+00
    769.000     3.3584     3.3585   3.221344   3.221489     2.2521    -0.3941     0.3642    34.8629 5.6878e+02    760.348    34.8631    34.8648     6.4995    1476.38    27.7471    27.7484 0.0000e+00
    768.000     3.3569     3.3556   3.221134   3.221153     2.2519    -0.3879     0.3685    34.8628 5.7072e+02    759.361    34.8627    34.8643     6.4982    1476.36    27.7469    27.7483 0.0000e+00
    767.000     3.3535     3.3525   3.220736   3.220772     2.2518    -0.3725     0.3686    34.8625 5.7236e+02    758.374    34.8621    34.8635     6.4976    1476.33    27.7467    27.7480 0.0000e+00
    766.000     3.3521     3.3512   3.220581   3.220604     2.2525    -0.3689     0.3691    34.8623 5.7346e+02    757.387    34.8622    34.8635     6.4995    1476.30    27.7470    27.7481 0.0000e+00
    765.000     3.3509     3.3503   3.220403   3.220474     2.2527    -0.3780     0.3661    34.8621 5.7323e+02    756.400    34.8619    34.8634     6.4995    1476.28    27.7468    27.7481 0.0000e+00
    764.000     3.3496     3.3486   3.220234   3.220248     2.2527    -0.3938     0.3629    34.8619 5.7127e+02    755.413    34.8617    34.8630     6.4989    1476.26    27.7468    27.7479 0.0000e+00
    763.000     3.3491     3.3481   3.220142   3.220164     2.2527    -0.3788     0.3660    34.8618 5.6946e+02    754.426    34.8617    34.8631     6.4983    1476.24    27.7468    27.7480 0.0000e+00
    762.000     3.3482     3.3478   3.220010   3.220090     2.2539    -0.3677     0.3643    34.8617 5.7031e+02    753.439    34.8616    34.8630     6.5021    1476.22    27.7468    27.7480 0.0000e+00
    761.000     3.3482     3.3480   3.219962   3.220059     2.2547    -0.4089     0.3680    34.8617 5.7180e+02    752.452    34.8615    34.8629     6.5043    1476.20    27.7468    27.7479 0.0000e+00
    760.000     3.3483     3.3482   3.219917   3.220018     2.2552    -0.3923     0.3624    34.8615 5.7254e+02    751.465    34.8615    34.8628     6.5050    1476.19    27.7467    27.7477 0.0000e+00
    759.000     3.3483     3.3482   3.219872   3.219986     2.2554    -0.3917     0.3582    34.8615 5.7081e+02    750.478    34.8614    34.8630     6.5051    1476.17    27.7467    27.7479 0.0000e+00
    758.000     3.3482     3.3483   3.219827   3.219949     2.2552    -0.3916     0.3682    34.8616 5.6981e+02    749.491    34.8616    34.8629     6.5035    1476.15    27.7468    27.7478 0.0000e+00
    757.000     3.3484     3.3484   3.219800   3.219921     2.2553    -0.3831     0.3669    34.8616 5.6859e+02    748.504    34.8615    34.8630     6.5029    1476.14    27.7467    27.7479 0.0000e+00
    756.000     3.3482     3.3480   3.219739   3.219840     2.2557    -0.3679     0.3630    34.8617 5.6833e+02    747.517    34.8616    34.8630     6.5038    1476.12    27.7467    27.7479 0.0000e+00
    755.000     3.3476     3.3475   3.219639   3.219743     2.2564    -0.3698     0.3631    34.8616 5.6973e+02    746.530    34.8615    34.8629     6.5053    1476.10    27.7467    27.7479 0.0000e+00
    754.000     3.3474     3.3471   3.219568   3.219671     2.2565    -0.3803     0.3679    34.8615 5.7251e+02    745.543    34.8614    34.8630     6.5052    1476.08    27.7467    27.7480 0.0000e+00
    753.000     3.3475     3.3476   3.219540   3.219671     2.2564    -0.3832     0.3670    34.8615 5.7234e+02    744.556    34.8615    34.8630     6.5037    1476.07    27.7467    27.7479 0.0000e+00
    752.000     3.3474     3.3472   3.219473   3.219577     2.2562    -0.3832     0.3606    34.8615 5.6676e+02    743.569    34.8613    34.8628     6.5024    1476.05    27.7466    27.7478 0.0000e+00
    751.000     3.3472     3.3471   3.219404   3.219524     2.2564    -0.3739     0.3587    34.8613 5.6448e+02    742.582    34.8612    34.8628     6.5022    1476.03    27.7465    27.7478 0.0000e+00
    750.000     3.3472     3.3473   3.219383   3.219500     2.2566    -0.3743     0.3630    34.8615 5.6536e+02    741.595    34.8615    34.8628     6.5020    1476.02    27.7467    27.7478 0.0000e+00
    749.000     3.3476     3.3480   3.219377   3.219528     2.2571    -0.3743     0.3629    34.8615 5.6770e+02    740.608    34.8615    34.8629     6.5028    1476.00    27.7467    27.7478 0.0000e+00
    748.000     3.3486     3.3491   3.219442   3.219602     2.2567    -0.3939     0.3629    34.8616 5.7225e+02    739.621    34.8618    34.8631     6.5006    1475.99    27.7468    27.7478 0.0000e+00
    747.000     3.3503     3.3501   3.219578   3.219666     2.2566    -0.3770     0.3629    34.8619 5.7592e+02    738.634    34.8621    34.8634     6.4990    1475.98    27.7469    27.7479 0.0000e+00
    746.000     3.3513     3.3505   3.219608   3.219653     2.2564    -0.3720     0.3629    34.8619 5.7907e+02    737.647    34.8619    34.8634     6.4973    1475.97    27.7467    27.7479 0.0000e+00
    745.000     3.3504     3.3498   3.219487   3.219557     2.2574    -0.3822     0.3686    34.8619 5.7100e+02    736.660    34.8620    34.8634     6.5002    1475.95    27.7468    27.7480 0.0000e+00
    744.000     3.3507     3.3504   3.219441   3.219537     2.2576    -0.3904     0.3678    34.8616 5.6478e+02    735.673    34.8617    34.8631     6.5002    1475.93    27.7465    27.7476 0.0000e+00
    743.000     3.3515     3.3524   3.219507   3.219689     2.2576    -0.3928     0.3636    34.8618 5.6621e+02    734.686    34.8620    34.8634     6.4992    1475.92    27.7467    27.7477 0.0000e+00
    742.000     3.3529     3.3532   3.219593   3.219740     2.2577    -0.3938     0.3666    34.8620 5.6946e+02    733.699    34.8621    34.8636     6.4984    1475.91    27.7467    27.7478 0.0000e+00
    741.000     3.3530     3.3529   3.219558   3.219668     2.2583    -0.3865     0.3678    34.8622 5.7384e+02    732.712    34.8622    34.8636     6.4997    1475.89    27.7467    27.7478 0.0000e+00
    740.000     3.3529     3.3529   3.219518   3.219634     2.2589    -0.3699     0.3630    34.8622 5.7732e+02    731.725    34.8623    34.8637     6.5011    1475.88    27.7467    27.7479 0.0000e+00
    739.000     3.3531     3.3530   3.219484   3.219604     2.2589    -0.3698     0.3683    34.8622 5.7853e+02    730.738    34.8622    34.8638     6.5001    1475.86    27.7467    27.7479 0.0000e+00
    738.000     3.3542     3.3538   3.219550   3.219634     2.2582    -0.3894     0.3643    34.8622 5.7686e+02    729.751    34.8623    34.8638     6.4965    1475.85    27.7467    27.7479 0.0000e+00
    737.000     3.3545     3.3542   3.219536   3.219628     2.2573    -0.3814     0.3661    34.8623 5.7241e+02    728.764    34.8624    34.8638     6.4925    1475.83    27.7467    27.7478 0.0000e+00
    736.000     3.3554     3.3552   3.219573   3.219677     2.2578    -0.3733     0.3663    34.8624 5.6908e+02    727.777    34.8625    34.8639     6.4931    1475.82    27.7466    27.7478 0.0000e+00
    735.000     3.3554     3.3554   3.219522   3.219675     2.2589    -0.3875     0.3683    34.8624 5.6996e+02    726.790    34.8624    34.8641     6.4965    1475.81    27.7466    27.7480 0.0000e+00
    734.000     3.3556     3.3556   3.219522   3.219643     2.2594    -0.3834     0.3683    34.8626 5.7149e+02    725.803    34.8626    34.8641     6.4973    1475.79    27.7467    27.7479 0.0000e+00
    733.000     3.3559     3.3559   3.219501   3.219630     2.2600    -0.3722     0.3672    34.8625 5.7414e+02    724.815    34.8626    34.8642     6.4986    1475.78    27.7467    27.7479 0.0000e+00
    732.000     3.3559     3.3560   3.219459   3.219588     2.2606    -0.3916     0.3630    34.8626 5.7632e+02    723.828    34.8626    34.8641     6.4999    1475.76    27.7467    27.7479 0.0000e+00
    731.000     3.3566     3.3563   3.219489   3.219580     2.2613    -0.3917     0.3682    34.8627 5.7737e+02    722.841    34.8628    34.8642     6.5016    1475.75    27.7467    27.7479 0.0000e+00
    730.000     3.3570     3.3571   3.219471   3.219592     2.2613    -0.3939     0.3668    34.8626 5.7679e+02    721.854    34.8626    34.8641     6.5009    1475.73    27.7466    27.7477 0.0000e+00
    729.000     3.3575     3.3574   3.219459   3.219578     2.2610    -0.3938     0.3628    34.8625 5.7589e+02    720.867    34.8626    34.8640     6.4989    1475.72    27.7465    27.7476 0.0000e+00
    728.000     3.3576     3.3575   3.219441   3.219556     2.2610    -0.3922     0.3647    34.8627 5.7463e+02    719.880    34.8627    34.8642     6.4980    1475.70    27.7466    27.7477 0.0000e+00
    727.000     3.3578     3.3578   3.219405   3.219530     2.2614    -0.3929     0.3674    34.8626 5.7281e+02    718.893    34.8627    34.8642     6.4985    1475.68    27.7465    27.7477 0.0000e+00
    726.000     3.3578     3.3577   3.219365   3.219479     2.2618    -0.3938     0.3637    34.8626 5.7195e+02    717.906    34.8627    34.8641     6.4992    1475.67    27.7465    27.7476 0.0000e+00
    725.000     3.3576     3.3577   3.219301   3.219416     2.2626    -0.3921     0.3718    34.8626 5.7225e+02    716.919    34.8626    34.8640     6.5011    1475.65    27.7465    27.7475 0.0000e+00
    724.000     3.3579     3.3580   3.219276   3.219416     2.2626    -0.3905     0.3632    34.8626 5.7472e+02    715.931    34.8626    34.8641     6.5003    1475.63    27.7464    27.7476 0.0000e+00
    723.000     3.3583     3.3583   3.219278   3.219410     2.2626    -0.3909     0.3689    34.8626 5.7728e+02    714.944    34.8627    34.8643     6.4993    1475.62    27.7464    27.7477 0.0000e+00
    722.000     3.3584     3.3582   3.219247   3.219353     2.2626    -0.3912     0.3679    34.8627 5.7826e+02    713.957    34.8628    34.8643     6.4986    1475.60    27.7465    27.7477 0.0000e+00
    721.000     3.3585     3.3581   3.219208   3.219304     2.2626    -0.3859     0.3684    34.8626 5.7685e+02    712.970    34.8626    34.8642     6.4976    1475.59    27.7463    27.7477 0.0000e+00
    720.000     3.3585     3.3584   3.219158   3.219276     2.2626    -0.3714     0.3684    34.8626 5.7525e+02    711.983    34.8626    34.8641     6.4968    1475.57    27.7463    27.7476 0.0000e+00
    719.000     3.3584     3.3584   3.219111   3.219232     2.2630    -0.3713     0.3682    34.8627 5.7436e+02    710.996    34.8626    34.8642     6.4976    1475.55    27.7464    27.7476 0.0000e+00
    718.000     3.3585     3.3584   3.219063   3.219183     2.2638    -0.3699     0.3680    34.8626 5.7517e+02    710.008    34.8626    34.8641     6.4997    1475.54    27.7463    27.7475 0.0000e+00
    717.000     3.3585     3.3585   3.219038   3.219161     2.2642    -0.3699     0.3680    34.8627 5.7663e+02    709.021    34.8627    34.8642     6.5003    1475.52    27.7464    27.7476 0.0000e+00
    716.000     3.3584     3.3583   3.218986   3.219097     2.2650    -0.3844     0.3683    34.8628 5.7846e+02    708.034    34.8627    34.8642     6.5022    1475.51    27.7464    27.7476 0.0000e+00
    715.000     3.3583     3.3581   3.218940   3.219044     2.2650    -0.3790     0.3678    34.8628 5.7975e+02    707.047    34.8628    34.8643     6.5017    1475.49    27.7465    27.7477 0.0000e+00
    714.000     3.3582     3.3580   3.218882   3.218994     2.2649    -0.3968     0.3656    34.8628 5.7690e+02    706.060    34.8628    34.8643     6.5002    1475.47    27.7464    27.7477 0.0000e+00
    713.000     3.3583     3.3581   3.218845   3.218946     2.2651    -0.3933     0.3683    34.8628 5.7242e+02    705.073    34.8628    34.8642     6.5001    1475.46    27.7465    27.7476 0.0000e+00
    712.000     3.3591     3.3587   3.218879   3.218971     2.2644    -0.3921     0.3652    34.8629 5.7861e+02    704.085    34.8629    34.8644     6.4968    1475.44    27.7465    27.7477 0.0000e+00
    711.000     3.3590     3.3585   3.218851   3.218923     2.2648    -0.3796     0.3672    34.8631 5.7960e+02    703.098    34.8631    34.8645     6.4974    1475.43    27.7466    27.7478 0.0000e+00
    710.000     3.3622     3.3622   3.219118   3.219232     2.2666    -0.3867     0.3679    34.8635 5.7849e+02    702.111    34.8635    34.8649     6.5024    1475.42    27.7466    27.7477 0.0000e+00
    709.000     3.3626     3.3624   3.219089   3.219197     2.2671    -0.3772     0.3664    34.8632 5.7316e+02    701.124    34.8632    34.8647     6.5033    1475.41    27.7464    27.7476 0.0000e+00
    708.000     3.3633     3.3632   3.219131   3.219235     2.2667    -0.3718     0.3655    34.8634 5.7304e+02    700.137    34.8635    34.8649     6.5010    1475.40    27.7465    27.7476 0.0000e+00
    707.000     3.3639     3.3639   3.219136   3.219270     2.2674    -0.3814     0.3658    34.8634 5.7273e+02    699.149    34.8635    34.8651     6.5025    1475.38    27.7464    27.7477 0.0000e+00
    706.000     3.3639     3.3638   3.219093   3.219205     2.2676    -0.3924     0.3683    34.8635 5.7209e+02    698.162    34.8635    34.8650     6.5023    1475.36    27.7464    27.7476 0.0000e+00
    705.000     3.3640     3.3640   3.219071   3.219187     2.2680    -0.3815     0.3653    34.8636 5.7241e+02    697.175    34.8636    34.8650     6.5032    1475.35    27.7465    27.7476 0.0000e+00
    704.000     3.3645     3.3651   3.219096   3.219261     2.2689    -0.3827     0.3658    34.8637 5.7322e+02    696.188    34.8639    34.8652     6.5053    1475.33    27.7467    27.7477 0.0000e+00
    703.000     3.3674     3.3679   3.219319   3.219504     2.2692    -0.3935     0.3656    34.8638 5.7305e+02    695.200    34.8640    34.8657     6.5052    1475.33    27.7465    27.7478 0.0000e+00
    702.000     3.3692     3.3692   3.219448   3.219574     2.2697    -0.3788     0.3628    34.8640 5.7295e+02    694.213    34.8642    34.8657     6.5059    1475.32    27.7464    27.7477 0.0000e+00
    701.000     3.3696     3.3697   3.219448   3.219588     2.2696    -0.3836     0.3669    34.8641 5.7289e+02    693.226    34.8643    34.8659     6.5047    1475.31    27.7465    27.7477 0.0000e+00
    700.000     3.3701     3.3702   3.219445   3.219583     2.2698    -0.3921     0.3688    34.8642 5.7304e+02    692.239    34.8643    34.8659     6.5043    1475.29    27.7464    27.7477 0.0000e+00
    699.000     3.3703     3.3702   3.219425   3.219538     2.2700    -0.3765     0.3687    34.8642 5.7304e+02    691.251    34.8644    34.8659     6.5042    1475.28    27.7465    27.7477 0.0000e+00
    698.000     3.3701     3.3698   3.219355   3.219464     2.2709    -0.3814     0.3709    34.8643 5.7201e+02    690.264    34.8643    34.8659     6.5066    1475.26    27.7464    27.7477 0.0000e+00
    697.000     3.3691     3.3688   3.219219   3.219308     2.2719    -0.3921     0.3656    34.8643 5.7057e+02    689.277    34.8642    34.8656     6.5099    1475.24    27.7464    27.7476 0.0000e+00
    696.000     3.3681     3.3679   3.219069   3.219180     2.2723    -0.3809     0.3628    34.8640 5.6861e+02    688.290    34.8640    34.8656     6.5104    1475.22    27.7463    27.7476 0.0000e+00
    695.000     3.3681     3.3680   3.219030   3.219146     2.2721    -0.3781     0.3669    34.8640 5.6855e+02    687.302    34.8641    34.8655     6.5089    1475.20    27.7464    27.7476 0.0000e+00
