Ship_data/Irminger/Irminger-5/ctd/process/uar30-03018.cnv
* Sea-Bird SBE 9 Data File:
* FileName = D:\Data\ar30-03018.hdr
* Software Version Seasave V 7.23.2
* Temperature SN = 4312
* Conductivity SN = 2148
* Number of Bytes Per Scan = 44
* Number of Voltage Words = 5
* Number of Scans Averaged by the Deck Unit = 1
* NMEA Latitude = 59 52.87 N
* NMEA Longitude = 040 53.94 W
* NMEA UTC (Time) = Jun 18 2018  16:05:20
** Cruise ID: ar30-03
** Chief Sci: Macdonald
** Station #: 018
** Site ID: Irminger 5 OSNAP C12
** Cast at OSNAP site C12 between M1 and M2 moorings
# nquan = 18
# nvalues = 2318                        
# units = specified
# name 0 = prDM: Pressure, Digiquartz [db]
# name 1 = t090C: Temperature [ITS-90, deg C]
# name 2 = t190C: Temperature, 2 [ITS-90, deg C]
# name 3 = c0S/m: Conductivity [S/m]
# name 4 = c1S/m: Conductivity, 2 [S/m]
# name 5 = sbeox0V: Oxygen raw, SBE 43 [V]
# name 6 = flECO-AFL: Fluorescence, WET Labs ECO-AFL/FL [mg/m^3]
# name 7 = turbWETntu0: Turbidity, WET Labs ECO [NTU]
# name 8 = sal00: Salinity, Practical [PSU]
# name 9 = spar: SPAR/Surface Irradiance
# name 10 = depSM: Depth [salt water, m], lat = 59.8812
# name 11 = sal00: Salinity, Practical [PSU]
# name 12 = sal11: Salinity, Practical, 2 [PSU]
# name 13 = sbeox0ML/L: Oxygen, SBE 43 [ml/l], WS = 2
# name 14 = svCM: Sound Velocity [Chen-Millero, m/s]
# name 15 = sigma-é00: Density [sigma-theta, kg/m^3]
# name 16 = sigma-é11: Density, 2 [sigma-theta, kg/m^3]
# name 17 = flag: flag
# span 0 =      3.000,   2320.000       
# span 1 =     1.7589,     6.6513       
# span 2 =     1.7596,     6.6538       
# span 3 =   3.145856,   3.484476       
# span 4 =   3.145918,   3.484993       
# span 5 =     1.8483,     2.8118       
# span 6 =    -0.4140,     5.4583       
# span 7 =     0.3500,     0.6067       
# span 8 =    34.8546,    34.9219       
# span 9 = 7.4235e+02, 1.6372e+03       
# span 10 =      2.972,   2285.503      
# span 11 =    34.8618,    34.9227      
# span 12 =    34.8638,    34.9234      
# span 13 =     5.9559,     7.1911      
# span 14 =    1473.16,    1495.42      
# span 15 =    27.3593,    27.9117      
# span 16 =    27.3597,    27.9119      
# span 17 = 0.0000e+00, 0.0000e+00      
# interval = decibars: 1                
# start_time = Jun 18 2018 16:05:20 [System UTC, first data scan.]
# bad_flag = -9.990e-29
*END*
[from data line 81]
   2239.000     1.9647     1.9642   3.162270   3.162251     1.8603    -0.3814     0.3571    34.8902 9.3821e+02   2206.124    34.8917    34.8920     6.3528    1494.96    27.9001    27.9004 0.0000e+00
   2238.000     1.9655     1.9660   3.162317   3.162364     1.8601    -0.3762     0.3546    34.8905 9.4207e+02   2205.144    34.8920    34.8920     6.3511    1494.94    27.9003    27.9003 0.0000e+00
   2237.000     1.9680     1.9706   3.162520   3.162721     1.8596    -0.3742     0.3509    34.8906 9.5242e+02   2204.164    34.8922    34.8918     6.3474    1494.94    27.9003    27.8998 0.0000e+00
   2236.000     1.9724     1.9736   3.162864   3.162969     1.8598    -0.3815     0.3529    34.8907 9.6433e+02   2203.183    34.8922    34.8922     6.3465    1494.94    27.8999    27.8998 0.0000e+00
   2235.000     1.9754     1.9768   3.163100   3.163225     1.8595    -0.3910     0.3581    34.8909 9.7488e+02   2202.203    34.8924    34.8924     6.3439    1494.94    27.8998    27.8997 0.0000e+00
   2234.000     1.9785     1.9791   3.163319   3.163374     1.8595    -0.3762     0.3580    34.8910 9.8209e+02   2201.223    34.8923    34.8922     6.3423    1494.93    27.8995    27.8994 0.0000e+00
   2233.000     1.9809     1.9801   3.163491   3.163428     1.8587    -0.3825     0.3577    34.8914 9.6592e+02   2200.243    34.8922    34.8923     6.3375    1494.93    27.8993    27.8993 0.0000e+00
   2232.000     1.9857     1.9873   3.163853   3.164005     1.8584    -0.3793     0.3582    34.8917 9.8096e+02   2199.263    34.8920    34.8922     6.3341    1494.93    27.8987    27.8987 0.0000e+00
   2231.000     1.9900     1.9905   3.164249   3.164285     1.8583    -0.3832     0.3596    34.8926 9.6335e+02   2198.282    34.8927    34.8926     6.3322    1494.93    27.8989    27.8988 0.0000e+00
   2230.000     1.9904     1.9909   3.164225   3.164257     1.8582    -0.3750     0.3580    34.8923 1.1620e+03   2197.302    34.8925    34.8924     6.3305    1494.92    27.8987    27.8986 0.0000e+00
   2229.000     1.9913     1.9919   3.164246   3.164299     1.8583    -0.3825     0.3581    34.8922 1.1895e+03   2196.322    34.8922    34.8922     6.3301    1494.91    27.8984    27.8984 0.0000e+00
   2228.000     1.9923     1.9923   3.164302   3.164296     1.8590    -0.3876     0.3581    34.8923 1.1970e+03   2195.342    34.8924    34.8923     6.3325    1494.89    27.8985    27.8984 0.0000e+00
   2227.000     1.9951     1.9924   3.164519   3.164287     1.8595    -0.3839     0.3580    34.8922 1.1881e+03   2194.362    34.8925    34.8926     6.3333    1494.89    27.8984    27.8986 0.0000e+00
   2226.000     1.9974     1.9975   3.164658   3.164654     1.8604    -0.3930     0.3533    34.8919 1.1646e+03   2193.381    34.8923    34.8921     6.3366    1494.88    27.8980    27.8979 0.0000e+00
   2225.000     2.0064     2.0059   3.165581   3.165351     1.8610    -0.3916     0.3531    34.8915 1.1693e+03   2192.401    34.8944    34.8921     6.3367    1494.91    27.8990    27.8972 0.0000e+00
   2224.000     2.0322     2.0350   3.167759   3.167880     1.8618    -0.3938     0.3550    34.8905 1.1886e+03   2191.421    34.8939    34.8924     6.3350    1495.00    27.8966    27.8952 0.0000e+00
   2223.000     2.0488     2.0582   3.169225   3.169961     1.8619    -0.3860     0.3551    34.8909 1.2022e+03   2190.441    34.8946    34.8934     6.3314    1495.06    27.8959    27.8942 0.0000e+00
   2222.000     2.0609     2.0647   3.170187   3.170531     1.8619    -0.3733     0.3582    34.8915 1.2108e+03   2189.460    34.8939    34.8939     6.3284    1495.09    27.8943    27.8941 0.0000e+00
   2221.000     2.0673     2.0700   3.170737   3.170953     1.8619    -0.3743     0.3580    34.8914 1.2148e+03   2188.480    34.8942    34.8940     6.3264    1495.11    27.8941    27.8937 0.0000e+00
   2220.000     2.0706     2.0701   3.171051   3.171004     1.8619    -0.3728     0.3556    34.8926 1.2022e+03   2187.500    34.8949    34.8949     6.3249    1495.10    27.8944    27.8945 0.0000e+00
   2219.000     2.0791     2.0753   3.171704   3.171353     1.8619    -0.3737     0.3569    34.8926 1.1635e+03   2186.520    34.8944    34.8941     6.3226    1495.12    27.8933    27.8934 0.0000e+00
   2218.000     2.0774     2.0779   3.171485   3.171575     1.8614    -0.3783     0.3535    34.8926 1.1229e+03   2185.540    34.8940    34.8946     6.3198    1495.10    27.8931    27.8936 0.0000e+00
   2217.000     2.0829     2.0838   3.171949   3.172014     1.8614    -0.3851     0.3558    34.8924 1.1249e+03   2184.559    34.8943    34.8941     6.3177    1495.11    27.8929    27.8927 0.0000e+00
   2216.000     2.0905     2.0910   3.172622   3.172625     1.8612    -0.3723     0.3581    34.8922 1.1364e+03   2183.579    34.8948    34.8943     6.3147    1495.12    27.8927    27.8923 0.0000e+00
   2215.000     2.1077     2.1130   3.174059   3.174504     1.8608    -0.3726     0.3582    34.8919 1.1431e+03   2182.599    34.8944    34.8942     6.3086    1495.18    27.8911    27.8905 0.0000e+00
   2214.000     2.1146     2.1184   3.174717   3.175012     1.8607    -0.3725     0.3589    34.8933 1.1441e+03   2181.618    34.8956    34.8951     6.3063    1495.20    27.8915    27.8908 0.0000e+00
   2213.000     2.1203     2.1231   3.175155   3.175390     1.8607    -0.3780     0.3580    34.8934 1.1410e+03   2180.638    34.8954    34.8952     6.3045    1495.20    27.8909    27.8905 0.0000e+00
   2212.000     2.1233     2.1248   3.175340   3.175509     1.8607    -0.3902     0.3578    34.8930 1.1358e+03   2179.658    34.8948    34.8953     6.3032    1495.20    27.8902    27.8904 0.0000e+00
   2211.000     2.1246     2.1275   3.175423   3.175673     1.8607    -0.3741     0.3538    34.8935 1.1281e+03   2178.677    34.8950    34.8949     6.3021    1495.19    27.8902    27.8899 0.0000e+00
   2210.000     2.1276     2.1296   3.175652   3.175822     1.8607    -0.3713     0.3627    34.8934 1.1173e+03   2177.697    34.8951    34.8950     6.3005    1495.18    27.8900    27.8898 0.0000e+00
   2209.000     2.1304     2.1331   3.175841   3.176108     1.8607    -0.3884     0.3565    34.8937 1.1016e+03   2176.717    34.8949    34.8952     6.2995    1495.18    27.8896    27.8897 0.0000e+00
   2208.000     2.1333     2.1358   3.176126   3.176342     1.8606    -0.3788     0.3536    34.8938 1.0859e+03   2175.737    34.8957    34.8956     6.2976    1495.18    27.8901    27.8898 0.0000e+00
   2207.000     2.1410     2.1432   3.176736   3.176889     1.8608    -0.3607     0.3537    34.8938 1.0772e+03   2174.756    34.8954    34.8949     6.2959    1495.19    27.8892    27.8887 0.0000e+00
   2206.000     2.1413     2.1464   3.176737   3.177146     1.8608    -0.3792     0.3542    34.8943 1.0774e+03   2173.776    34.8956    34.8951     6.2951    1495.18    27.8893    27.8886 0.0000e+00
   2205.000     2.1460     2.1472   3.177074   3.177188     1.8607    -0.3941     0.3536    34.8939 1.0827e+03   2172.796    34.8951    34.8953     6.2932    1495.18    27.8886    27.8886 0.0000e+00
   2204.000     2.1476     2.1496   3.177185   3.177336     1.8606    -0.3904     0.3541    34.8941 1.0812e+03   2171.815    34.8953    34.8949     6.2917    1495.17    27.8886    27.8882 0.0000e+00
   2203.000     2.1541     2.1549   3.177737   3.177779     1.8605    -0.3707     0.3576    34.8941 1.0686e+03   2170.835    34.8955    34.8952     6.2889    1495.18    27.8883    27.8880 0.0000e+00
   2202.000     2.1590     2.1597   3.178130   3.178169     1.8607    -0.3743     0.3538    34.8941 1.0529e+03   2169.855    34.8955    34.8953     6.2884    1495.19    27.8879    27.8876 0.0000e+00
   2201.000     2.1636     2.1661   3.178534   3.178724     1.8608    -0.3938     0.3536    34.8947 1.0386e+03   2168.875    34.8961    34.8957     6.2870    1495.19    27.8879    27.8874 0.0000e+00
   2200.000     2.1673     2.1711   3.178836   3.179125     1.8605    -0.3938     0.3574    34.8947 1.0266e+03   2167.894    34.8963    34.8958     6.2840    1495.19    27.8878    27.8871 0.0000e+00
   2199.000     2.1716     2.1757   3.179176   3.179500     1.8604    -0.3808     0.3582    34.8950 1.0167e+03   2166.914    34.8963    34.8959     6.2820    1495.19    27.8875    27.8869 0.0000e+00
   2198.000     2.1751     2.1796   3.179447   3.179811     1.8599    -0.3744     0.3580    34.8949 1.0132e+03   2165.933    34.8964    34.8960     6.2783    1495.19    27.8873    27.8866 0.0000e+00
   2197.000     2.1782     2.1817   3.179672   3.179925     1.8602    -0.3734     0.3580    34.8951 1.0155e+03   2164.953    34.8962    34.8956     6.2781    1495.19    27.8869    27.8861 0.0000e+00
   2196.000     2.1857     2.1909   3.180260   3.180729     1.8604    -0.3728     0.3580    34.8944 1.0212e+03   2163.973    34.8959    34.8960     6.2770    1495.20    27.8860    27.8857 0.0000e+00
   2195.000     2.1887     2.1931   3.180486   3.180888     1.8606    -0.3743     0.3560    34.8945 1.0236e+03   2162.992    34.8960    34.8962     6.2764    1495.20    27.8858    27.8856 0.0000e+00
   2194.000     2.1960     2.1947   3.181067   3.181026     1.8608    -0.3881     0.3569    34.8945 1.0200e+03   2162.012    34.8957    34.8966     6.2756    1495.21    27.8850    27.8859 0.0000e+00
   2193.000     2.1996     2.2033   3.181402   3.181752     1.8608    -0.3930     0.3558    34.8948 1.0076e+03   2161.031    34.8964    34.8967     6.2741    1495.21    27.8853    27.8853 0.0000e+00
   2192.000     2.2056     2.2092   3.181908   3.182230     1.8610    -0.3700     0.3553    34.8952 9.9432e+02   2160.051    34.8967    34.8967     6.2731    1495.22    27.8851    27.8848 0.0000e+00
   2191.000     2.2097     2.2129   3.182237   3.182501     1.8609    -0.3904     0.3542    34.8954 9.8647e+02   2159.071    34.8968    34.8966     6.2710    1495.22    27.8848    27.8844 0.0000e+00
   2190.000     2.2121     2.2169   3.182434   3.182834     1.8611    -0.3939     0.3553    34.8956 9.8306e+02   2158.090    34.8971    34.8968     6.2705    1495.22    27.8848    27.8843 0.0000e+00
   2189.000     2.2166     2.2199   3.182782   3.183053     1.8613    -0.3907     0.3549    34.8956 9.8334e+02   2157.110    34.8970    34.8968     6.2696    1495.22    27.8844    27.8840 0.0000e+00
   2188.000     2.2186     2.2203   3.182914   3.183075     1.8615    -0.3728     0.3547    34.8958 9.8256e+02   2156.130    34.8969    34.8971     6.2695    1495.21    27.8842    27.8842 0.0000e+00
   2187.000     2.2217     2.2235   3.183168   3.183314     1.8610    -0.3898     0.3551    34.8960 9.7944e+02   2155.149    34.8972    34.8971     6.2660    1495.21    27.8842    27.8839 0.0000e+00
   2186.000     2.2217     2.2246   3.183097   3.183352     1.8608    -0.3832     0.3584    34.8962 9.7420e+02   2154.169    34.8968    34.8969     6.2644    1495.19    27.8839    27.8837 0.0000e+00
   2185.000     2.2222     2.2250   3.183090   3.183332     1.8609    -0.3728     0.3580    34.8959 9.7713e+02   2153.188    34.8967    34.8966     6.2637    1495.18    27.8837    27.8834 0.0000e+00
   2184.000     2.2242     2.2280   3.183272   3.183560     1.8608    -0.3731     0.3562    34.8961 9.7865e+02   2152.208    34.8973    34.8967     6.2621    1495.17    27.8840    27.8832 0.0000e+00
   2183.000     2.2305     2.2337   3.183786   3.184034     1.8608    -0.3743     0.3551    34.8961 9.8089e+02   2151.228    34.8973    34.8969     6.2601    1495.18    27.8835    27.8829 0.0000e+00
   2182.000     2.2325     2.2335   3.183883   3.183986     1.8609    -0.3703     0.3581    34.8961 9.8222e+02   2150.247    34.8969    34.8970     6.2594    1495.17    27.8830    27.8830 0.0000e+00
   2181.000     2.2327     2.2336   3.183884   3.183944     1.8609    -0.3720     0.3521    34.8964 9.8366e+02   2149.267    34.8971    34.8969     6.2586    1495.15    27.8832    27.8829 0.0000e+00
   2180.000     2.2331     2.2337   3.183872   3.183919     1.8609    -0.3703     0.3546    34.8963 9.8144e+02   2148.286    34.8970    34.8969     6.2577    1495.14    27.8830    27.8829 0.0000e+00
   2179.000     2.2344     2.2334   3.183955   3.183871     1.8608    -0.3731     0.3577    34.8965 9.6883e+02   2147.306    34.8971    34.8971     6.2560    1495.13    27.8830    27.8831 0.0000e+00
   2178.000     2.2342     2.2340   3.183865   3.183848     1.8604    -0.3873     0.3546    34.8963 9.5798e+02   2146.325    34.8967    34.8967     6.2537    1495.11    27.8827    27.8827 0.0000e+00
   2177.000     2.2365     2.2392   3.184047   3.184266     1.8609    -0.3742     0.3539    34.8960 9.6648e+02   2145.345    34.8969    34.8968     6.2548    1495.10    27.8827    27.8824 0.0000e+00
   2176.000     2.2416     2.2456   3.184485   3.184795     1.8612    -0.3693     0.3565    34.8962 9.7056e+02   2144.365    34.8974    34.8968     6.2541    1495.11    27.8826    27.8818 0.0000e+00
   2175.000     2.2472     2.2489   3.184916   3.185053     1.8617    -0.3743     0.3580    34.8961 9.7318e+02   2143.384    34.8971    34.8969     6.2546    1495.12    27.8820    27.8817 0.0000e+00
   2174.000     2.2481     2.2485   3.184946   3.184989     1.8621    -0.3700     0.3583    34.8963 9.7515e+02   2142.404    34.8969    34.8971     6.2557    1495.10    27.8817    27.8818 0.0000e+00
   2173.000     2.2486     2.2487   3.184972   3.184973     1.8622    -0.3883     0.3582    34.8965 9.7556e+02   2141.423    34.8972    34.8972     6.2551    1495.09    27.8819    27.8819 0.0000e+00
   2172.000     2.2503     2.2508   3.185066   3.185099     1.8622    -0.3780     0.3549    34.8965 9.6960e+02   2140.443    34.8971    34.8970     6.2540    1495.08    27.8817    27.8815 0.0000e+00
   2171.000     2.2502     2.2514   3.184982   3.185107     1.8628    -0.3890     0.3542    34.8963 9.6152e+02   2139.462    34.8966    34.8968     6.2560    1495.06    27.8813    27.8814 0.0000e+00
   2170.000     2.2514     2.2540   3.185082   3.185291     1.8633    -0.3723     0.3542    34.8963 9.5947e+02   2138.482    34.8970    34.8968     6.2573    1495.05    27.8815    27.8812 0.0000e+00
   2169.000     2.2541     2.2563   3.185279   3.185463     1.8633    -0.3916     0.3534    34.8965 9.6070e+02   2137.501    34.8971    34.8970     6.2560    1495.04    27.8813    27.8811 0.0000e+00
   2168.000     2.2549     2.2556   3.185311   3.185364     1.8635    -0.3810     0.3541    34.8966 9.6386e+02   2136.521    34.8970    34.8969     6.2560    1495.03    27.8812    27.8811 0.0000e+00
   2167.000     2.2546     2.2551   3.185233   3.185287     1.8635    -0.3737     0.3562    34.8966 9.6692e+02   2135.540    34.8970    34.8970     6.2550    1495.01    27.8812    27.8812 0.0000e+00
   2166.000     2.2541     2.2548   3.185157   3.185223     1.8637    -0.3753     0.3553    34.8967 9.6892e+02   2134.560    34.8970    34.8970     6.2551    1494.99    27.8813    27.8812 0.0000e+00
   2165.000     2.2538     2.2545   3.185075   3.185144     1.8635    -0.3937     0.3549    34.8967 9.7144e+02   2133.579    34.8968    34.8969     6.2538    1494.98    27.8811    27.8812 0.0000e+00
   2164.000     2.2536     2.2541   3.185022   3.185066     1.8638    -0.3938     0.3540    34.8967 9.7658e+02   2132.599    34.8969    34.8969     6.2542    1494.96    27.8812    27.8811 0.0000e+00
   2163.000     2.2542     2.2554   3.185050   3.185141     1.8644    -0.3754     0.3536    34.8967 9.8388e+02   2131.618    34.8970    34.8969     6.2560    1494.94    27.8812    27.8811 0.0000e+00
   2162.000     2.2559     2.2573   3.185158   3.185274     1.8644    -0.3703     0.3551    34.8968 9.9058e+02   2130.638    34.8971    34.8970     6.2548    1494.93    27.8812    27.8810 0.0000e+00
   2161.000     2.2593     2.2621   3.185430   3.185647     1.8648    -0.3735     0.3546    34.8965 9.9449e+02   2129.657    34.8972    34.8968     6.2552    1494.93    27.8810    27.8804 0.0000e+00
