Ship_data/Irminger/Irminger-5/ctd/process/uar30-03018.cnv
* Sea-Bird SBE 9 Data File:
* FileName = D:\Data\ar30-03018.hdr
* Software Version Seasave V 7.23.2
* Temperature SN = 4312
* Conductivity SN = 2148
* Number of Bytes Per Scan = 44
* Number of Voltage Words = 5
* Number of Scans Averaged by the Deck Unit = 1
* NMEA Latitude = 59 52.87 N
* NMEA Longitude = 040 53.94 W
* NMEA UTC (Time) = Jun 18 2018  16:05:20
** Cruise ID: ar30-03
** Chief Sci: Macdonald
** Station #: 018
** Site ID: Irminger 5 OSNAP C12
** Cast at OSNAP site C12 between M1 and M2 moorings
# nquan = 18
# nvalues = 2318                        
# units = specified
# name 0 = prDM: Pressure, Digiquartz [db]
# name 1 = t090C: Temperature [ITS-90, deg C]
# name 2 = t190C: Temperature, 2 [ITS-90, deg C]
# name 3 = c0S/m: Conductivity [S/m]
# name 4 = c1S/m: Conductivity, 2 [S/m]
# name 5 = sbeox0V: Oxygen raw, SBE 43 [V]
# name 6 = flECO-AFL: Fluorescence, WET Labs ECO-AFL/FL [mg/m^3]
# name 7 = turbWETntu0: Turbidity, WET Labs ECO [NTU]
# name 8 = sal00: Salinity, Practical [PSU]
# name 9 = spar: SPAR/Surface Irradiance
# name 10 = depSM: Depth [salt water, m], lat = 59.8812
# name 11 = sal00: Salinity, Practical [PSU]
# name 12 = sal11: Salinity, Practical, 2 [PSU]
# name 13 = sbeox0ML/L: Oxygen, SBE 43 [ml/l], WS = 2
# name 14 = svCM: Sound Velocity [Chen-Millero, m/s]
# name 15 = sigma-é00: Density [sigma-theta, kg/m^3]
# name 16 = sigma-é11: Density, 2 [sigma-theta, kg/m^3]
# name 17 = flag: flag
# span 0 =      3.000,   2320.000       
# span 1 =     1.7589,     6.6513       
# span 2 =     1.7596,     6.6538       
# span 3 =   3.145856,   3.484476       
# span 4 =   3.145918,   3.484993       
# span 5 =     1.8483,     2.8118       
# span 6 =    -0.4140,     5.4583       
# span 7 =     0.3500,     0.6067       
# span 8 =    34.8546,    34.9219       
# span 9 = 7.4235e+02, 1.6372e+03       
# span 10 =      2.972,   2285.503      
# span 11 =    34.8618,    34.9227      
# span 12 =    34.8638,    34.9234      
# span 13 =     5.9559,     7.1911      
# span 14 =    1473.16,    1495.42      
# span 15 =    27.3593,    27.9117      
# span 16 =    27.3597,    27.9119      
# span 17 = 0.0000e+00, 0.0000e+00      
# interval = decibars: 1                
# start_time = Jun 18 2018 16:05:20 [System UTC, first data scan.]
# bad_flag = -9.990e-29
*END*
[from data line 1046]
   1274.000     3.4530     3.4530   3.253205   3.253293     2.0832    -0.3923     0.3584    34.8834 8.9515e+02   1258.148    34.8831    34.8842     6.2532    1485.18    27.7579    27.7588 0.0000e+00
   1273.000     3.4523     3.4521   3.253084   3.253140     2.0832    -0.3926     0.3580    34.8832 8.9803e+02   1257.164    34.8829    34.8839     6.2525    1485.16    27.7578    27.7586 0.0000e+00
   1272.000     3.4507     3.4507   3.252862   3.252952     2.0832    -0.3937     0.3624    34.8829 8.9807e+02   1256.179    34.8824    34.8836     6.2519    1485.13    27.7575    27.7585 0.0000e+00
   1271.000     3.4514     3.4518   3.252950   3.253072     2.0853    -0.3859     0.3599    34.8833 8.7791e+02   1255.195    34.8833    34.8843     6.2591    1485.12    27.7582    27.7589 0.0000e+00
   1270.000     3.4513     3.4515   3.252842   3.252946     2.0844    -0.3920     0.3582    34.8829 8.7209e+02   1254.210    34.8826    34.8837     6.2550    1485.10    27.7576    27.7584 0.0000e+00
   1269.000     3.4506     3.4508   3.252725   3.252843     2.0846    -0.3855     0.3580    34.8827 8.7575e+02   1253.225    34.8825    34.8837     6.2549    1485.08    27.7576    27.7585 0.0000e+00
   1268.000     3.4495     3.4493   3.252571   3.252633     2.0850    -0.3558     0.3580    34.8825 8.8429e+02   1252.241    34.8823    34.8833     6.2558    1485.06    27.7575    27.7584 0.0000e+00
   1267.000     3.4458     3.4463   3.252143   3.252291     2.0884    -0.3890     0.3605    34.8817 9.1860e+02   1251.256    34.8817    34.8829     6.2693    1485.03    27.7574    27.7583 0.0000e+00
   1266.000     3.4458     3.4457   3.252097   3.252178     2.0881    -0.3845     0.3612    34.8816 1.0717e+03   1250.272    34.8816    34.8826     6.2672    1485.01    27.7573    27.7581 0.0000e+00
   1265.000     3.4456     3.4450   3.252014   3.252040     2.0894    -0.3900     0.3598    34.8814 1.3579e+03   1249.287    34.8813    34.8822     6.2716    1484.99    27.7571    27.7579 0.0000e+00
   1264.000     3.4451     3.4441   3.251929   3.251889     2.0896    -0.3736     0.3632    34.8814 1.3031e+03   1248.302    34.8813    34.8820     6.2718    1484.98    27.7571    27.7577 0.0000e+00
   1263.000     3.4444     3.4438   3.251801   3.251827     2.0899    -0.3856     0.3621    34.8812 1.1826e+03   1247.318    34.8811    34.8820     6.2722    1484.96    27.7570    27.7578 0.0000e+00
   1262.000     3.4437     3.4433   3.251683   3.251730     2.0893    -0.3583     0.3604    34.8811 1.1437e+03   1246.333    34.8809    34.8819     6.2690    1484.94    27.7569    27.7577 0.0000e+00
   1261.000     3.4432     3.4433   3.251582   3.251679     2.0902    -0.3718     0.3630    34.8809 1.1028e+03   1245.349    34.8808    34.8818     6.2721    1484.92    27.7569    27.7577 0.0000e+00
   1260.000     3.4430     3.4420   3.251514   3.251491     2.0904    -0.3724     0.3629    34.8808 1.2008e+03   1244.364    34.8806    34.8815     6.2718    1484.90    27.7568    27.7575 0.0000e+00
   1259.000     3.4412     3.4406   3.251267   3.251294     2.0911    -0.3784     0.3634    34.8805 1.2333e+03   1243.379    34.8801    34.8811     6.2742    1484.88    27.7564    27.7573 0.0000e+00
   1258.000     3.4401     3.4397   3.251104   3.251153     2.0914    -0.3969     0.3618    34.8801 1.2248e+03   1242.395    34.8799    34.8809     6.2746    1484.85    27.7564    27.7572 0.0000e+00
   1257.000     3.4393     3.4390   3.250981   3.251038     2.0916    -0.3970     0.3601    34.8799 1.4890e+03   1241.410    34.8797    34.8807     6.2749    1484.83    27.7563    27.7572 0.0000e+00
   1256.000     3.4380     3.4376   3.250806   3.250835     2.0925    -0.3695     0.3605    34.8798 1.2319e+03   1240.425    34.8796    34.8803     6.2778    1484.81    27.7563    27.7570 0.0000e+00
   1255.000     3.4376     3.4367   3.250700   3.250693     2.0933    -0.3734     0.3606    34.8795 1.0823e+03   1239.441    34.8792    34.8800     6.2802    1484.79    27.7561    27.7568 0.0000e+00
   1254.000     3.4360     3.4353   3.250474   3.250497     2.0939    -0.3743     0.3618    34.8792 1.1179e+03   1238.456    34.8787    34.8797     6.2821    1484.77    27.7558    27.7567 0.0000e+00
   1253.000     3.4349     3.4347   3.250324   3.250394     2.0947    -0.3734     0.3585    34.8789 1.2893e+03   1237.471    34.8786    34.8796     6.2849    1484.75    27.7559    27.7567 0.0000e+00
   1252.000     3.4344     3.4347   3.250224   3.250337     2.0955    -0.3773     0.3615    34.8787 1.1411e+03   1236.487    34.8784    34.8795     6.2870    1484.73    27.7557    27.7565 0.0000e+00
   1251.000     3.4342     3.4342   3.250145   3.250234     2.0960    -0.3852     0.3600    34.8784 1.3533e+03   1235.502    34.8782    34.8793     6.2886    1484.71    27.7556    27.7565 0.0000e+00
   1250.000     3.4338     3.4337   3.250047   3.250118     2.0964    -0.3859     0.3600    34.8782 1.2016e+03   1234.517    34.8780    34.8789     6.2892    1484.69    27.7554    27.7562 0.0000e+00
   1249.000     3.4337     3.4336   3.249999   3.250072     2.0972    -0.3938     0.3582    34.8782 1.1942e+03   1233.533    34.8780    34.8789     6.2914    1484.67    27.7554    27.7562 0.0000e+00
   1248.000     3.4334     3.4334   3.249928   3.249995     2.0976    -0.3973     0.3583    34.8781 1.4467e+03   1232.548    34.8779    34.8787     6.2925    1484.66    27.7554    27.7561 0.0000e+00
   1247.000     3.4334     3.4334   3.249873   3.249974     2.0987    -0.4127     0.3580    34.8781 1.1904e+03   1231.563    34.8779    34.8790     6.2960    1484.64    27.7554    27.7563 0.0000e+00
   1246.000     3.4330     3.4329   3.249794   3.249876     2.0989    -0.3963     0.3551    34.8781 1.1089e+03   1230.578    34.8778    34.8789     6.2960    1484.62    27.7554    27.7562 0.0000e+00
   1245.000     3.4324     3.4320   3.249691   3.249737     2.0999    -0.3929     0.3597    34.8779 1.1510e+03   1229.594    34.8777    34.8787     6.2993    1484.60    27.7553    27.7561 0.0000e+00
   1244.000     3.4317     3.4320   3.249577   3.249700     2.1000    -0.3854     0.3608    34.8778 1.0693e+03   1228.609    34.8776    34.8788     6.2989    1484.58    27.7553    27.7562 0.0000e+00
   1243.000     3.4319     3.4321   3.249528   3.249653     2.1007    -0.3724     0.3592    34.8775 1.0690e+03   1227.624    34.8773    34.8786     6.3006    1484.57    27.7550    27.7561 0.0000e+00
   1242.000     3.4312     3.4311   3.249416   3.249476     2.1012    -0.4064     0.3580    34.8774 1.0796e+03   1226.640    34.8773    34.8781     6.3022    1484.55    27.7550    27.7557 0.0000e+00
   1241.000     3.4308     3.4307   3.249311   3.249381     2.1012    -0.4014     0.3615    34.8771 1.0705e+03   1225.655    34.8769    34.8779     6.3014    1484.53    27.7548    27.7556 0.0000e+00
   1240.000     3.4305     3.4304   3.249220   3.249305     2.1020    -0.3930     0.3628    34.8768 1.0589e+03   1224.670    34.8767    34.8777     6.3036    1484.51    27.7546    27.7555 0.0000e+00
   1239.000     3.4305     3.4305   3.249172   3.249268     2.1024    -0.3927     0.3629    34.8768 1.0538e+03   1223.685    34.8766    34.8777     6.3046    1484.49    27.7545    27.7554 0.0000e+00
   1238.000     3.4304     3.4302   3.249116   3.249195     2.1024    -0.3737     0.3599    34.8766 1.0288e+03   1222.701    34.8765    34.8776     6.3039    1484.48    27.7545    27.7554 0.0000e+00
   1237.000     3.4301     3.4301   3.249043   3.249129     2.1024    -0.3847     0.3611    34.8767 1.0299e+03   1221.716    34.8765    34.8775     6.3031    1484.46    27.7545    27.7553 0.0000e+00
   1236.000     3.4297     3.4296   3.248969   3.249037     2.1029    -0.3908     0.3612    34.8766 1.0254e+03   1220.731    34.8765    34.8775     6.3043    1484.44    27.7545    27.7553 0.0000e+00
   1235.000     3.4293     3.4292   3.248878   3.248954     2.1037    -0.3911     0.3596    34.8765 1.0530e+03   1219.746    34.8763    34.8774     6.3064    1484.42    27.7544    27.7553 0.0000e+00
   1234.000     3.4289     3.4291   3.248796   3.248913     2.1037    -0.3802     0.3607    34.8765 1.0600e+03   1218.762    34.8763    34.8776     6.3059    1484.40    27.7545    27.7554 0.0000e+00
   1233.000     3.4288     3.4289   3.248738   3.248842     2.1050    -0.3917     0.3628    34.8763 1.0216e+03   1217.777    34.8762    34.8773     6.3101    1484.39    27.7544    27.7552 0.0000e+00
   1232.000     3.4283     3.4278   3.248634   3.248680     2.1051    -0.3914     0.3633    34.8762 9.9186e+02   1216.792    34.8761    34.8771     6.3100    1484.37    27.7543    27.7551 0.0000e+00
   1231.000     3.4279     3.4271   3.248545   3.248548     2.1060    -0.3939     0.3629    34.8761 9.7247e+02   1215.807    34.8759    34.8768     6.3125    1484.35    27.7542    27.7550 0.0000e+00
   1230.000     3.4261     3.4258   3.248311   3.248354     2.1066    -0.3938     0.3629    34.8758 9.6291e+02   1214.823    34.8755    34.8764     6.3144    1484.32    27.7540    27.7548 0.0000e+00
   1229.000     3.4255     3.4250   3.248196   3.248244     2.1074    -0.3938     0.3629    34.8756 9.6696e+02   1213.838    34.8753    34.8764     6.3168    1484.30    27.7540    27.7549 0.0000e+00
   1228.000     3.4245     3.4234   3.248019   3.248039     2.1079    -0.4099     0.3629    34.8753 9.7781e+02   1212.853    34.8748    34.8762     6.3182    1484.28    27.7536    27.7548 0.0000e+00
   1227.000     3.4222     3.4214   3.247766   3.247772     2.1086    -0.4047     0.3629    34.8752 9.9497e+02   1211.868    34.8747    34.8756     6.3204    1484.26    27.7537    27.7546 0.0000e+00
   1226.000     3.4207     3.4196   3.247572   3.247563     2.1092    -0.3942     0.3629    34.8749 1.0119e+03   1210.884    34.8745    34.8755     6.3224    1484.23    27.7537    27.7546 0.0000e+00
   1225.000     3.4188     3.4186   3.247314   3.247406     2.1096    -0.3901     0.3627    34.8743 1.0316e+03   1209.899    34.8739    34.8753     6.3234    1484.21    27.7534    27.7545 0.0000e+00
   1224.000     3.4187     3.4192   3.247284   3.247442     2.1098    -0.3712     0.3578    34.8744 1.0211e+03   1208.914    34.8742    34.8755     6.3236    1484.19    27.7536    27.7547 0.0000e+00
   1223.000     3.4156     3.4147   3.246814   3.246908     2.1106    -0.3892     0.3580    34.8736 1.0077e+03   1207.929    34.8723    34.8744     6.3263    1484.16    27.7524    27.7542 0.0000e+00
   1222.000     3.4118     3.4128   3.246528   3.246657     2.1115    -0.3906     0.3626    34.8733 9.7414e+02   1206.944    34.8735    34.8739     6.3299    1484.13    27.7537    27.7540 0.0000e+00
   1221.000     3.4038     3.4021   3.245575   3.245529     2.1123    -0.3744     0.3578    34.8726 9.5610e+02   1205.959    34.8711    34.8723     6.3335    1484.07    27.7526    27.7537 0.0000e+00
   1220.000     3.4007     3.3992   3.245178   3.245133     2.1127    -0.3914     0.3583    34.8712 9.6097e+02   1204.975    34.8701    34.8712     6.3348    1484.04    27.7521    27.7531 0.0000e+00
   1219.000     3.3966     3.3941   3.244667   3.244555     2.1130    -0.3724     0.3627    34.8704 9.8094e+02   1203.990    34.8689    34.8702     6.3360    1484.01    27.7515    27.7528 0.0000e+00
   1218.000     3.3927     3.3916   3.244263   3.244270     2.1135    -0.3704     0.3619    34.8698 1.0459e+03   1203.005    34.8687    34.8699     6.3377    1483.97    27.7517    27.7528 0.0000e+00
   1217.000     3.3901     3.3884   3.243971   3.243889     2.1139    -0.3679     0.3582    34.8696 1.1155e+03   1202.020    34.8685    34.8693     6.3393    1483.95    27.7517    27.7526 0.0000e+00
   1216.000     3.3891     3.3875   3.243811   3.243754     2.1156    -0.3881     0.3617    34.8691 1.2257e+03   1201.035    34.8681    34.8692     6.3450    1483.92    27.7515    27.7525 0.0000e+00
   1215.000     3.3882     3.3885   3.243703   3.243824     2.1182    -0.3855     0.3628    34.8689 1.3042e+03   1200.051    34.8683    34.8694     6.3547    1483.90    27.7518    27.7526 0.0000e+00
   1214.000     3.3883     3.3879   3.243650   3.243701     2.1212    -0.3674     0.3596    34.8685 9.9192e+02   1199.066    34.8681    34.8691     6.3657    1483.89    27.7516    27.7525 0.0000e+00
   1213.000     3.3879     3.3867   3.243554   3.243554     2.1217    -0.3725     0.3579    34.8686 9.4343e+02   1198.081    34.8679    34.8691     6.3668    1483.87    27.7515    27.7525 0.0000e+00
   1212.000     3.3862     3.3854   3.243331   3.243366     2.1223    -0.3743     0.3608    34.8682 9.1962e+02   1197.096    34.8675    34.8688     6.3688    1483.84    27.7513    27.7524 0.0000e+00
   1211.000     3.3851     3.3845   3.243192   3.243238     2.1226    -0.3731     0.3632    34.8681 9.1857e+02   1196.111    34.8675    34.8687     6.3694    1483.82    27.7515    27.7524 0.0000e+00
   1210.000     3.3844     3.3841   3.243082   3.243142     2.1229    -0.3926     0.3629    34.8680 9.3283e+02   1195.126    34.8675    34.8685     6.3698    1483.80    27.7514    27.7523 0.0000e+00
   1209.000     3.3841     3.3840   3.243018   3.243100     2.1231    -0.3798     0.3629    34.8679 9.5878e+02   1194.141    34.8675    34.8686     6.3697    1483.79    27.7515    27.7524 0.0000e+00
   1208.000     3.3838     3.3837   3.242957   3.243047     2.1250    -0.3818     0.3610    34.8679 9.6319e+02   1193.156    34.8676    34.8688     6.3763    1483.77    27.7516    27.7525 0.0000e+00
   1207.000     3.3846     3.3844   3.242965   3.243047     2.1258    -0.3912     0.3629    34.8676 9.2154e+02   1192.172    34.8674    34.8686     6.3788    1483.75    27.7514    27.7523 0.0000e+00
   1206.000     3.3847     3.3846   3.242946   3.243021     2.1265    -0.3938     0.3632    34.8678 9.1435e+02   1191.187    34.8675    34.8686     6.3806    1483.74    27.7514    27.7523 0.0000e+00
   1205.000     3.3850     3.3853   3.242937   3.243056     2.1270    -0.3790     0.3595    34.8678 9.1223e+02   1190.202    34.8677    34.8688     6.3816    1483.72    27.7515    27.7524 0.0000e+00
   1204.000     3.3858     3.3862   3.242998   3.243099     2.1270    -0.3743     0.3580    34.8680 9.1200e+02   1189.217    34.8680    34.8688     6.3806    1483.71    27.7517    27.7523 0.0000e+00
   1203.000     3.3864     3.3873   3.243009   3.243170     2.1270    -0.3544     0.3580    34.8680 9.1238e+02   1188.232    34.8680    34.8690     6.3796    1483.70    27.7516    27.7524 0.0000e+00
   1202.000     3.3873     3.3878   3.243063   3.243183     2.1276    -0.3508     0.3580    34.8682 9.1268e+02   1187.247    34.8682    34.8691     6.3813    1483.68    27.7517    27.7524 0.0000e+00
   1201.000     3.3880     3.3878   3.243088   3.243149     2.1274    -0.3699     0.3584    34.8683 9.0896e+02   1186.262    34.8683    34.8693     6.3795    1483.67    27.7517    27.7525 0.0000e+00
   1200.000     3.3870     3.3865   3.242954   3.243004     2.1285    -0.4026     0.3626    34.8683 8.8718e+02   1185.277    34.8682    34.8693     6.3831    1483.65    27.7517    27.7527 0.0000e+00
   1199.000     3.3873     3.3868   3.242921   3.242945     2.1295    -0.4068     0.3601    34.8680 8.9159e+02   1184.292    34.8681    34.8689     6.3859    1483.63    27.7516    27.7523 0.0000e+00
   1198.000     3.3882     3.3882   3.242963   3.243058     2.1295    -0.3937     0.3629    34.8681 9.0065e+02   1183.307    34.8681    34.8692     6.3851    1483.62    27.7515    27.7524 0.0000e+00
   1197.000     3.3908     3.3919   3.243257   3.243366     2.1295    -0.3925     0.3629    34.8684 9.0423e+02   1182.323    34.8694    34.8696     6.3838    1483.62    27.7523    27.7523 0.0000e+00
   1196.000     3.3964     3.3977   3.243724   3.243920     2.1295    -0.3939     0.3629    34.8689 9.0333e+02   1181.338    34.8695    34.8705     6.3821    1483.62    27.7518    27.7525 0.0000e+00
