Ship_data/Irminger/Irminger-5/ctd/process/uar30-03013.cnv
* Sea-Bird SBE 9 Data File:
* FileName = D:\Data\ar30-03013.hdr
* Software Version Seasave V 7.23.2
* Temperature SN = 4312
* Conductivity SN = 2148
* Number of Bytes Per Scan = 44
* Number of Voltage Words = 5
* Number of Scans Averaged by the Deck Unit = 1
* NMEA Latitude = 59 46.82 N
* NMEA Longitude = 039 49.61 W
* NMEA UTC (Time) = Jun 14 2018  20:15:22
** Cruise ID: ar30-03
** Chief Sci: Macdonald
** Station #: 013
** Site ID: Irminger 5 test cast
** test cast to 130 meters
# nquan = 18
# nvalues = 132                         
# units = specified
# name 0 = prDM: Pressure, Digiquartz [db]
# name 1 = t090C: Temperature [ITS-90, deg C]
# name 2 = t190C: Temperature, 2 [ITS-90, deg C]
# name 3 = c0S/m: Conductivity [S/m]
# name 4 = c1S/m: Conductivity, 2 [S/m]
# name 5 = sbeox0V: Oxygen raw, SBE 43 [V]
# name 6 = flECO-AFL: Fluorescence, WET Labs ECO-AFL/FL [mg/m^3]
# name 7 = turbWETntu0: Turbidity, WET Labs ECO [NTU]
# name 8 = sal00: Salinity, Practical [PSU]
# name 9 = spar: SPAR/Surface Irradiance
# name 10 = depSM: Depth [salt water, m], lat = 59.7803
# name 11 = sal00: Salinity, Practical [PSU]
# name 12 = sal11: Salinity, Practical, 2 [PSU]
# name 13 = sbeox0ML/L: Oxygen, SBE 43 [ml/l], WS = 2
# name 14 = svCM: Sound Velocity [Chen-Millero, m/s]
# name 15 = sigma-é00: Density [sigma-theta, kg/m^3]
# name 16 = sigma-é11: Density, 2 [sigma-theta, kg/m^3]
# name 17 = flag: flag
# span 0 =      2.000,    133.000       
# span 1 =     4.3351,     6.0684       
# span 2 =     4.3380,     6.0545       
# span 3 =   3.282070,   3.428872       
# span 4 =   3.282390,   3.427738       
# span 5 =     2.5136,     2.7662       
# span 6 =    -0.2180,     2.3856       
# span 7 =     0.4092,     0.6077       
# span 8 =    34.8367,    34.8933       
# span 9 = 3.5900e+02, 4.1567e+02       
# span 10 =      1.981,    131.706      
# span 11 =    34.8412,    34.8951      
# span 12 =    34.8430,    34.8961      
# span 13 =     6.6659,     7.1861      
# span 14 =    1469.79,    1474.85      
# span 15 =    27.4186,    27.6620      
# span 16 =    27.4217,    27.6631      
# span 17 = 0.0000e+00, 0.0000e+00      
# interval = decibars: 1                
# start_time = Jun 14 2018 20:15:22 [System UTC, first data scan.]
# bad_flag = -9.990e-29
*END*
    133.000     4.3351     4.3387   3.282070   3.282552     2.5136    -0.1219     0.4154    34.8874 4.1450e+02    131.706    34.8874    34.8893     6.6996    1470.04    27.6620    27.6631 0.0000e+00
    132.000     4.3389     4.3386   3.282338   3.282486     2.5154    -0.1968     0.4105    34.8871 4.1455e+02    130.716    34.8871    34.8891     6.7042    1470.04    27.6613    27.6629 0.0000e+00
    131.000     4.3382     4.3380   3.282230   3.282390     2.5154    -0.2155     0.4114    34.8872 4.1410e+02    129.726    34.8871    34.8892     6.7036    1470.02    27.6614    27.6630 0.0000e+00
    130.000     4.3386     4.3394   3.282229   3.282446     2.5156    -0.2180     0.4092    34.8871 4.1431e+02    128.736    34.8872    34.8889     6.7032    1470.01    27.6614    27.6626 0.0000e+00
    129.000     4.3406     4.3415   3.282354   3.282591     2.5159    -0.2180     0.4111    34.8870 4.1478e+02    127.746    34.8871    34.8890     6.7030    1470.00    27.6611    27.6625 0.0000e+00
    128.000     4.3421     4.3423   3.282440   3.282629     2.5166    -0.2150     0.4118    34.8870 4.1428e+02    126.756    34.8871    34.8891     6.7042    1469.99    27.6609    27.6625 0.0000e+00
    127.000     4.3438     4.3434   3.282523   3.282671     2.5167    -0.1890     0.4143    34.8866 4.1354e+02    125.766    34.8868    34.8890     6.7034    1469.98    27.6605    27.6622 0.0000e+00
    126.000     4.3444     4.3446   3.282523   3.282729     2.5172    -0.2041     0.4137    34.8867 4.1367e+02    124.776    34.8868    34.8889     6.7041    1469.97    27.6604    27.6621 0.0000e+00
    125.000     4.3447     4.3455   3.282525   3.282710     2.5179    -0.2059     0.4120    34.8868 4.1381e+02    123.786    34.8870    34.8883     6.7054    1469.95    27.6605    27.6614 0.0000e+00
    124.000     4.3459     4.3462   3.282579   3.282787     2.5181    -0.1987     0.4120    34.8867 4.1372e+02    122.796    34.8869    34.8889     6.7049    1469.94    27.6603    27.6619 0.0000e+00
    123.000     4.3465     4.3469   3.282589   3.282798     2.5182    -0.1984     0.4120    34.8868 4.1360e+02    121.806    34.8869    34.8889     6.7044    1469.93    27.6602    27.6618 0.0000e+00
    122.000     4.3467     4.3469   3.282560   3.282765     2.5189    -0.1984     0.4119    34.8868 4.1340e+02    120.816    34.8869    34.8891     6.7058    1469.91    27.6602    27.6619 0.0000e+00
    121.000     4.3468     4.3470   3.282524   3.282719     2.5195    -0.1984     0.4134    34.8868 4.1340e+02    119.826    34.8869    34.8890     6.7068    1469.89    27.6602    27.6618 0.0000e+00
    120.000     4.3473     4.3476   3.282523   3.282722     2.5203    -0.1984     0.4167    34.8867 4.1358e+02    118.836    34.8868    34.8889     6.7085    1469.88    27.6601    27.6617 0.0000e+00
    119.000     4.3475     4.3481   3.282503   3.282712     2.5204    -0.1984     0.4161    34.8868 4.1385e+02    117.846    34.8869    34.8888     6.7081    1469.86    27.6601    27.6615 0.0000e+00
    118.000     4.3502     4.3505   3.282696   3.282885     2.5205    -0.1929     0.4117    34.8865 4.1430e+02    116.856    34.8869    34.8888     6.7072    1469.86    27.6598    27.6613 0.0000e+00
    117.000     4.3524     4.3536   3.282844   3.283113     2.5208    -0.1791     0.4105    34.8865 4.1367e+02    115.866    34.8868    34.8888     6.7069    1469.85    27.6595    27.6609 0.0000e+00
    116.000     4.3540     4.3555   3.282935   3.283256     2.5216    -0.1884     0.4190    34.8864 4.1342e+02    114.876    34.8868    34.8889     6.7081    1469.84    27.6593    27.6608 0.0000e+00
    115.000     4.3568     4.3583   3.283137   3.283476     2.5220    -0.1984     0.4205    34.8863 4.1340e+02    113.886    34.8867    34.8891     6.7083    1469.84    27.6589    27.6606 0.0000e+00
    114.000     4.3594     4.3631   3.283383   3.283860     2.5230    -0.1984     0.4147    34.8866 4.1358e+02    112.896    34.8874    34.8891     6.7101    1469.83    27.6591    27.6601 0.0000e+00
    113.000     4.3667     4.3694   3.283959   3.284428     2.5240    -0.1877     0.4139    34.8863 4.1349e+02    111.906    34.8870    34.8897     6.7113    1469.85    27.6581    27.6599 0.0000e+00
    112.000     4.3708     4.3743   3.284361   3.284842     2.5240    -0.1789     0.4147    34.8869 4.1358e+02    110.916    34.8880    34.8900     6.7098    1469.85    27.6584    27.6596 0.0000e+00
    111.000     4.3777     4.3786   3.284935   3.285198     2.5229    -0.1912     0.4166    34.8872 4.1245e+02    109.926    34.8879    34.8901     6.7041    1469.86    27.6576    27.6592 0.0000e+00
    110.000     4.3799     4.3815   3.285110   3.285408     2.5221    -0.1984     0.4141    34.8874 4.1115e+02    108.936    34.8883    34.8901     6.7001    1469.85    27.6576    27.6588 0.0000e+00
    109.000     4.3842     4.3868   3.285469   3.285859     2.5216    -0.1858     0.4119    34.8874 4.1158e+02    107.946    34.8885    34.8903     6.6969    1469.85    27.6573    27.6584 0.0000e+00
    108.000     4.3914     4.3899   3.286050   3.286101     2.5222    -0.1632     0.4157    34.8871 4.1402e+02    106.956    34.8883    34.8905     6.6967    1469.87    27.6563    27.6582 0.0000e+00
    107.000     4.3946     4.3970   3.286294   3.286700     2.5229    -0.1593     0.4168    34.8874 4.1567e+02    105.966    34.8883    34.8905     6.6974    1469.86    27.6560    27.6575 0.0000e+00
    106.000     4.3986     4.4003   3.286644   3.286960     2.5228    -0.1600     0.4227    34.8877 4.1485e+02    104.975    34.8887    34.8906     6.6956    1469.87    27.6559    27.6572 0.0000e+00
    105.000     4.4026     4.4006   3.286915   3.286913     2.5231    -0.1243     0.4198    34.8875 4.1123e+02    103.985    34.8882    34.8903     6.6952    1469.86    27.6550    27.6569 0.0000e+00
    104.000     4.4069     4.4063   3.287303   3.287387     2.5238    -0.1300     0.4166    34.8877 4.1219e+02    102.995    34.8888    34.8904     6.6957    1469.87    27.6550    27.6564 0.0000e+00
    103.000     4.4087     4.4089   3.287409   3.287595     2.5235    -0.1521     0.4142    34.8881 4.1460e+02    102.005    34.8887    34.8907     6.6935    1469.86    27.6547    27.6563 0.0000e+00
    102.000     4.4083     4.4078   3.287353   3.287459     2.5238    -0.1177     0.4175    34.8885 4.1339e+02    101.015    34.8889    34.8908     6.6938    1469.84    27.6550    27.6565 0.0000e+00
    101.000     4.4109     4.4094   3.287521   3.287555     2.5242    -0.0824     0.4210    34.8881 4.1070e+02    100.025    34.8887    34.8907     6.6938    1469.83    27.6545    27.6562 0.0000e+00
    100.000     4.4154     4.4153   3.287870   3.288060     2.5244    -0.1290     0.4177    34.8881 4.1118e+02     99.035    34.8886    34.8909     6.6927    1469.84    27.6539    27.6557 0.0000e+00
     99.000     4.4200     4.4207   3.288254   3.288488     2.5253    -0.1203     0.4213    34.8880 4.1452e+02     98.045    34.8888    34.8908     6.6939    1469.84    27.6535    27.6550 0.0000e+00
     98.000     4.4245     4.4241   3.288616   3.288750     2.5255    -0.1397     0.4167    34.8883 4.1488e+02     97.055    34.8888    34.8909     6.6931    1469.84    27.6530    27.6547 0.0000e+00
     97.000     4.4242     4.4227   3.288556   3.288597     2.5257    -0.0680     0.4203    34.8887 4.1149e+02     96.065    34.8890    34.8910     6.6930    1469.82    27.6532    27.6550 0.0000e+00
     96.000     4.4263     4.4266   3.288673   3.288874     2.5263    -0.0916     0.4137    34.8883 4.1076e+02     95.074    34.8887    34.8908     6.6938    1469.82    27.6528    27.6544 0.0000e+00
     95.000     4.4282     4.4286   3.288801   3.289019     2.5276    -0.1329     0.4166    34.8885 4.1229e+02     94.084    34.8888    34.8909     6.6967    1469.81    27.6526    27.6542 0.0000e+00
     94.000     4.4312     4.4300   3.289062   3.289092     2.5281    -0.0909     0.4175    34.8888 4.1233e+02     93.094    34.8891    34.8908     6.6969    1469.80    27.6525    27.6540 0.0000e+00
     93.000     4.4330     4.4333   3.289160   3.289354     2.5289    -0.1129     0.4215    34.8886 4.1051e+02     92.104    34.8889    34.8909     6.6985    1469.79    27.6522    27.6537 0.0000e+00
     92.000     4.4354     4.4349   3.289349   3.289455     2.5290    -0.1100     0.4201    34.8888 4.1276e+02     91.114    34.8891    34.8909     6.6976    1469.79    27.6521    27.6535 0.0000e+00
     91.000     4.4545     4.4512   3.291008   3.290870     2.5304    -0.0021     0.4244    34.8890 4.0891e+02     90.124    34.8890    34.8910     6.6979    1469.85    27.6499    27.6518 0.0000e+00
     90.000     4.4526     4.4506   3.290807   3.290766     2.5316    -0.0724     0.4214    34.8893 4.0709e+02     89.134    34.8892    34.8909     6.7012    1469.83    27.6502    27.6518 0.0000e+00
     89.000     4.4531     4.4521   3.290811   3.290851     2.5312    -0.0892     0.4197    34.8892 4.0504e+02     88.143    34.8893    34.8908     6.6990    1469.81    27.6502    27.6515 0.0000e+00
     88.000     4.4560     4.4544   3.291040   3.291035     2.5307    -0.1142     0.4174    34.8892 4.0840e+02     87.153    34.8895    34.8911     6.6961    1469.81    27.6501    27.6515 0.0000e+00
     87.000     4.4628     4.4633   3.291619   3.291826     2.5302    -0.1057     0.4244    34.8891 4.0903e+02     86.163    34.8897    34.8916     6.6923    1469.82    27.6494    27.6509 0.0000e+00
     86.000     4.4689     4.4695   3.292152   3.292346     2.5301    -0.0872     0.4219    34.8895 4.0703e+02     85.173    34.8900    34.8917     6.6900    1469.83    27.6490    27.6503 0.0000e+00
     85.000     4.4707     4.4703   3.292254   3.292370     2.5302    -0.0862     0.4243    34.8895 4.0654e+02     84.183    34.8898    34.8916     6.6891    1469.82    27.6486    27.6501 0.0000e+00
     84.000     4.4738     4.4789   3.292505   3.293042     2.5309    -0.0931     0.4264    34.8892 4.0603e+02     83.193    34.8900    34.8909     6.6901    1469.82    27.6485    27.6486 0.0000e+00
     83.000     4.4839     4.4866   3.293372   3.293781     2.5316    -0.0945     0.4233    34.8892 4.0478e+02     82.202    34.8901    34.8920     6.6896    1469.84    27.6474    27.6486 0.0000e+00
     82.000     4.4900     4.4890   3.293990   3.293976     2.5322    -0.0839     0.4224    34.8906 4.0598e+02     81.212    34.8914    34.8923     6.6896    1469.85    27.6478    27.6486 0.0000e+00
     81.000     4.4957     4.4972   3.294455   3.294601     2.5320    -0.0146     0.4241    34.8907 4.0848e+02     80.222    34.8915    34.8916     6.6870    1469.86    27.6472    27.6471 0.0000e+00
     80.000     4.5056     4.5037   3.295245   3.295261     2.5319    -0.0766     0.4181    34.8899 4.0662e+02     79.232    34.8908    34.8929     6.6844    1469.88    27.6456    27.6475 0.0000e+00
     79.000     4.5051     4.5125   3.295214   3.295968     2.5318    -0.0794     0.4232    34.8906 4.0443e+02     78.242    34.8915    34.8925     6.6831    1469.87    27.6462    27.6461 0.0000e+00
     78.000     4.5281     4.5283   3.297189   3.297416     2.5310    -0.0670     0.4222    34.8896 4.0656e+02     77.251    34.8909    34.8934     6.6754    1469.94    27.6431    27.6451 0.0000e+00
     77.000     4.5328     4.5434   3.297613   3.298743     2.5314    -0.0538     0.4214    34.8907 4.0508e+02     76.261    34.8915    34.8936     6.6753    1469.95    27.6431    27.6435 0.0000e+00
     76.000     4.5537     4.5452   3.299429   3.299030     2.5325    -0.0235     0.4284    34.8893 4.0623e+02     75.271    34.8913    34.8956     6.6743    1470.02    27.6406    27.6449 0.0000e+00
     75.000     4.5588     4.5662   3.299831   3.300710     2.5325    -0.0075     0.4305    34.8900 4.0634e+02     74.281    34.8911    34.8937     6.6725    1470.02    27.6398    27.6411 0.0000e+00
     74.000     4.5863     4.5777   3.302258   3.301911     2.5328    -0.0115     0.4300    34.8889 4.0375e+02     73.290    34.8911    34.8961     6.6679    1470.12    27.6368    27.6417 0.0000e+00
     73.000     4.6013     4.6101   3.303478   3.304474     2.5343    -0.0028     0.4343    34.8882 4.0584e+02     72.300    34.8902    34.8925     6.6694    1470.16    27.6344    27.6353 0.0000e+00
     72.000     4.6165     4.6224   3.304802   3.305618     2.5348     0.0216     0.4449    34.8881 4.0572e+02     71.310    34.8901    34.8935     6.6675    1470.21    27.6326    27.6346 0.0000e+00
     71.000     4.6254     4.6319   3.305980   3.306422     2.5359     0.1223     0.4269    34.8933 4.0271e+02     70.320    34.8951    34.8935     6.6686    1470.23    27.6356    27.6335 0.0000e+00
     70.000     4.6538     4.6577   3.308096   3.308748     2.5368     0.0256     0.4341    34.8888 4.0652e+02     69.329    34.8905    34.8940     6.6659    1470.33    27.6287    27.6311 0.0000e+00
     69.000     4.6669     4.6677   3.309357   3.309392     2.5384     0.1383     0.4356    34.8893 4.0550e+02     68.339    34.8920    34.8915     6.6677    1470.37    27.6284    27.6279 0.0000e+00
     68.000     4.6865     4.6853   3.310926   3.310964     2.5412     0.1597     0.4418    34.8881 4.0225e+02     67.349    34.8903    34.8919     6.6729    1470.43    27.6248    27.6262 0.0000e+00
     67.000     4.7085     4.7139   3.312719   3.313352     2.5431     0.1325     0.4395    34.8864 4.0461e+02     66.359    34.8886    34.8902     6.6744    1470.50    27.6210    27.6217 0.0000e+00
     66.000     4.7479     4.7639   3.315855   3.317232     2.5459     0.1544     0.4469    34.8804 4.0501e+02     65.368    34.8842    34.8834     6.6761    1470.64    27.6131    27.6106 0.0000e+00
     65.000     4.7700     4.7734   3.317965   3.318099     2.5491     0.2419     0.4534    34.8840 4.0385e+02     64.378    34.8861    34.8841     6.6818    1470.72    27.6121    27.6101 0.0000e+00
     64.000     4.7951     4.8165   3.319777   3.321868     2.5535     0.2764     0.4413    34.8783 4.0278e+02     63.388    34.8814    34.8833     6.6912    1470.80    27.6055    27.6045 0.0000e+00
     63.000     4.8170     4.8118   3.321685   3.321342     2.5569     0.3063     0.4455    34.8787 4.0423e+02     62.398    34.8811    34.8827     6.6974    1470.87    27.6027    27.6045 0.0000e+00
     62.000     4.8407     4.8245   3.323738   3.322489     2.5610     0.4397     0.4518    34.8781 4.0341e+02     61.407    34.8807    34.8832     6.7057    1470.95    27.5997    27.6035 0.0000e+00
     61.000     4.8515     4.8623   3.324557   3.325578     2.5626     0.3721     0.4567    34.8776 4.0252e+02     60.417    34.8794    34.8800     6.7085    1470.97    27.5974    27.5966 0.0000e+00
     60.000     4.8671     4.8525   3.325920   3.324813     2.5686     0.4629     0.4548    34.8802 3.9707e+02     59.427    34.8795    34.8819     6.7243    1471.02    27.5956    27.5992 0.0000e+00
     59.000     4.8692     4.8606   3.326050   3.325409     2.5694     0.3578     0.4512    34.8790 3.9440e+02     58.436    34.8793    34.8809     6.7258    1471.01    27.5953    27.5975 0.0000e+00
     58.000     4.8850     4.8803   3.327271   3.327006     2.5693     0.4166     0.4529    34.8769 3.9467e+02     57.446    34.8775    34.8793     6.7219    1471.06    27.5920    27.5940 0.0000e+00
     57.000     4.8858     4.8870   3.327291   3.327593     2.5701     0.4131     0.4666    34.8773 3.9618e+02     56.456    34.8774    34.8796     6.7234    1471.05    27.5919    27.5935 0.0000e+00
     56.000     4.8921     4.8870   3.327842   3.327519     2.5719     0.5892     0.4579    34.8771 3.9579e+02     55.465    34.8777    34.8793     6.7275    1471.06    27.5913    27.5932 0.0000e+00
     55.000     4.8985     4.8983   3.328301   3.328381     2.5740     0.6510     0.4611    34.8762 3.9252e+02     54.475    34.8769    34.8780     6.7322    1471.06    27.5899    27.5909 0.0000e+00
     54.000     4.9011     4.9017   3.328477   3.328668     2.5755     0.5439     0.4575    34.8761 3.9273e+02     53.485    34.8768    34.8783     6.7357    1471.06    27.5895    27.5907 0.0000e+00
