Ship_data/Irminger/Irminger-5/ctd/process/uar30-03021.cnv
* Sea-Bird SBE 9 Data File:
* FileName = D:\Data\ar30-03021.hdr
* Software Version Seasave V 7.23.2
* Temperature SN = 4312
* Conductivity SN = 2148
* Number of Bytes Per Scan = 44
* Number of Voltage Words = 5
* Number of Scans Averaged by the Deck Unit = 1
* NMEA Latitude = 59 51.42 N
* NMEA Longitude = 039 13.43 W
* NMEA UTC (Time) = Jun 19 2018  18:21:51
** Cruise ID: ar30-03
** Chief Sci: Macdonald
** Station #: 021
** Site ID: Irminger 5 Gliders 2
** ctd cast to 1000 meters near OOI gliders
# nquan = 18
# nvalues = 1013                        
# units = specified
# name 0 = prDM: Pressure, Digiquartz [db]
# name 1 = t090C: Temperature [ITS-90, deg C]
# name 2 = t190C: Temperature, 2 [ITS-90, deg C]
# name 3 = c0S/m: Conductivity [S/m]
# name 4 = c1S/m: Conductivity, 2 [S/m]
# name 5 = sbeox0V: Oxygen raw, SBE 43 [V]
# name 6 = flECO-AFL: Fluorescence, WET Labs ECO-AFL/FL [mg/m^3]
# name 7 = turbWETntu0: Turbidity, WET Labs ECO [NTU]
# name 8 = sal00: Salinity, Practical [PSU]
# name 9 = spar: SPAR/Surface Irradiance
# name 10 = depSM: Depth [salt water, m], lat = 59.857
# name 11 = sal00: Salinity, Practical [PSU]
# name 12 = sal11: Salinity, Practical, 2 [PSU]
# name 13 = sbeox0ML/L: Oxygen, SBE 43 [ml/l], WS = 2
# name 14 = svCM: Sound Velocity [Chen-Millero, m/s]
# name 15 = sigma-é00: Density [sigma-theta, kg/m^3]
# name 16 = sigma-é11: Density, 2 [sigma-theta, kg/m^3]
# name 17 = flag: flag
# span 0 =      3.000,   1015.000       
# span 1 =     3.2984,     6.6104       
# span 2 =     3.2983,     6.5945       
# span 3 =   3.217008,   3.479684       
# span 4 =   3.217006,   3.478462       
# span 5 =     2.1895,     2.9086       
# span 6 =    -0.4145,     8.2688       
# span 7 =     0.3534,     0.9521       
# span 8 =    34.8506,    34.8964       
# span 9 = 3.3739e+02, 7.0910e+02       
# span 10 =      2.972,   1002.991      
# span 11 =    34.8552,    34.8980      
# span 12 =    34.8569,    34.8991      
# span 13 =     6.3976,     7.4395      
# span 14 =    1468.70,    1480.20      
# span 15 =    27.3582,    27.7492      
# span 16 =    27.3625,    27.7501      
# span 17 = 0.0000e+00, 0.0000e+00      
# interval = decibars: 1                
# start_time = Jun 19 2018 18:21:51 [System UTC, first data scan.]
# bad_flag = -9.990e-29
*END*
[from data line 724]
    291.000     3.7113     3.7094   3.233403   3.233336     2.3716    -0.3656     0.3901    34.8867 4.5745e+02    288.057    34.8869    34.8882     6.4617    1470.03    27.7280    27.7292 0.0000e+00
    290.000     3.7100     3.7100   3.233199   3.233323     2.3731    -0.3900     0.3777    34.8862 4.5707e+02    287.068    34.8863    34.8879     6.4664    1470.01    27.7277    27.7289 0.0000e+00
    289.000     3.7101     3.7098   3.233151   3.233253     2.3742    -0.3681     0.3820    34.8860 4.5762e+02    286.078    34.8863    34.8878     6.4694    1470.00    27.7276    27.7288 0.0000e+00
    288.000     3.7125     3.7125   3.233338   3.233473     2.3755    -0.3638     0.3880    34.8859 4.5714e+02    285.089    34.8865    34.8881     6.4727    1469.99    27.7275    27.7288 0.0000e+00
    287.000     3.7175     3.7207   3.233766   3.234180     2.3765    -0.3823     0.3885    34.8859 4.5635e+02    284.100    34.8867    34.8883     6.4744    1469.99    27.7272    27.7281 0.0000e+00
    286.000     3.7226     3.7257   3.234176   3.234637     2.3776    -0.3906     0.3801    34.8859 4.5565e+02    283.111    34.8868    34.8890     6.4766    1470.00    27.7268    27.7282 0.0000e+00
    285.000     3.7266     3.7299   3.234540   3.234982     2.3787    -0.3751     0.3848    34.8866 4.5544e+02    282.122    34.8874    34.8892     6.4787    1470.00    27.7268    27.7279 0.0000e+00
    284.000     3.7298     3.7312   3.234773   3.235077     2.3799    -0.3658     0.3886    34.8868 4.5627e+02    281.132    34.8874    34.8895     6.4813    1470.00    27.7265    27.7280 0.0000e+00
    283.000     3.7317     3.7315   3.234929   3.235065     2.3801    -0.3775     0.3818    34.8869 4.5863e+02    280.143    34.8877    34.8896     6.4808    1469.99    27.7265    27.7280 0.0000e+00
    282.000     3.7322     3.7332   3.234926   3.235160     2.3800    -0.3888     0.3822    34.8872 4.6067e+02    279.154    34.8876    34.8895     6.4798    1469.98    27.7264    27.7278 0.0000e+00
    281.000     3.7337     3.7366   3.235029   3.235444     2.3800    -0.3879     0.3788    34.8871 4.6108e+02    278.165    34.8878    34.8897     6.4786    1469.97    27.7264    27.7276 0.0000e+00
    280.000     3.7375     3.7405   3.235344   3.235773     2.3810    -0.3869     0.3828    34.8873 4.5940e+02    277.175    34.8882    34.8901     6.4804    1469.97    27.7263    27.7275 0.0000e+00
    279.000     3.7410     3.7431   3.235643   3.235982     2.3816    -0.3709     0.3884    34.8877 4.5829e+02    276.186    34.8885    34.8903     6.4810    1469.96    27.7261    27.7274 0.0000e+00
    278.000     3.7446     3.7472   3.235944   3.236314     2.3826    -0.3742     0.3886    34.8877 4.5803e+02    275.197    34.8888    34.8905     6.4829    1469.96    27.7260    27.7271 0.0000e+00
    277.000     3.7484     3.7501   3.236244   3.236547     2.3836    -0.3784     0.3871    34.8880 4.5909e+02    274.208    34.8888    34.8906     6.4850    1469.96    27.7257    27.7269 0.0000e+00
    276.000     3.7509     3.7512   3.236408   3.236604     2.3846    -0.3740     0.3863    34.8881 4.6251e+02    273.218    34.8887    34.8908     6.4873    1469.96    27.7253    27.7269 0.0000e+00
    275.000     3.7519     3.7523   3.236465   3.236669     2.3860    -0.3757     0.3865    34.8882 4.6538e+02    272.229    34.8889    34.8908     6.4911    1469.94    27.7254    27.7269 0.0000e+00
    274.000     3.7544     3.7555   3.236630   3.236893     2.3871    -0.3641     0.3843    34.8882 4.6591e+02    271.240    34.8888    34.8907     6.4936    1469.94    27.7250    27.7265 0.0000e+00
    273.000     3.7550     3.7554   3.236642   3.236829     2.3885    -0.3785     0.3840    34.8882 4.6537e+02    270.251    34.8887    34.8906     6.4974    1469.92    27.7249    27.7263 0.0000e+00
    272.000     3.7556     3.7555   3.236639   3.236781     2.3886    -0.3881     0.3872    34.8882 4.6465e+02    269.261    34.8886    34.8905     6.4968    1469.91    27.7248    27.7262 0.0000e+00
    271.000     3.7553     3.7552   3.236560   3.236711     2.3897    -0.3900     0.3859    34.8882 4.6386e+02    268.272    34.8886    34.8905     6.4999    1469.89    27.7247    27.7262 0.0000e+00
    270.000     3.7548     3.7545   3.236440   3.236570     2.3898    -0.3858     0.3888    34.8880 4.6579e+02    267.283    34.8882    34.8901     6.4994    1469.87    27.7245    27.7260 0.0000e+00
    269.000     3.7535     3.7517   3.236243   3.236224     2.3901    -0.3675     0.3847    34.8878 4.6799e+02    266.293    34.8877    34.8895     6.5000    1469.85    27.7242    27.7258 0.0000e+00
    268.000     3.7501     3.7484   3.235843   3.235830     2.3910    -0.3688     0.3843    34.8875 4.7011e+02    265.304    34.8871    34.8888     6.5027    1469.82    27.7241    27.7256 0.0000e+00
    267.000     3.7466     3.7443   3.235396   3.235319     2.3914    -0.3641     0.3822    34.8866 4.7038e+02    264.315    34.8861    34.8876     6.5039    1469.79    27.7236    27.7250 0.0000e+00
    266.000     3.7450     3.7442   3.235161   3.235216     2.3922    -0.3624     0.3784    34.8858 4.6981e+02    263.326    34.8855    34.8870     6.5061    1469.76    27.7233    27.7246 0.0000e+00
    265.000     3.7436     3.7426   3.234934   3.234970     2.3933    -0.3631     0.3833    34.8852 4.6988e+02    262.336    34.8849    34.8864     6.5094    1469.74    27.7229    27.7242 0.0000e+00
    264.000     3.7425     3.7416   3.234793   3.234835     2.3944    -0.3857     0.3887    34.8851 4.7120e+02    261.347    34.8849    34.8863     6.5125    1469.72    27.7230    27.7242 0.0000e+00
    263.000     3.7416     3.7417   3.234622   3.234797     2.3952    -0.3723     0.3869    34.8845 4.7461e+02    260.358    34.8843    34.8863     6.5147    1469.70    27.7227    27.7242 0.0000e+00
    262.000     3.7417     3.7412   3.234575   3.234670     2.3963    -0.3768     0.3865    34.8843 4.7652e+02    259.368    34.8842    34.8859     6.5173    1469.68    27.7225    27.7239 0.0000e+00
    261.000     3.7419     3.7420   3.234533   3.234690     2.3972    -0.4049     0.3836    34.8842 4.7574e+02    258.379    34.8840    34.8858     6.5198    1469.67    27.7224    27.7238 0.0000e+00
    260.000     3.7422     3.7423   3.234524   3.234676     2.3982    -0.3763     0.3856    34.8842 4.7386e+02    257.390    34.8841    34.8858     6.5222    1469.65    27.7224    27.7238 0.0000e+00
    259.000     3.7426     3.7426   3.234509   3.234645     2.3986    -0.3606     0.3837    34.8841 4.7274e+02    256.400    34.8840    34.8858     6.5228    1469.64    27.7223    27.7237 0.0000e+00
    258.000     3.7440     3.7436   3.234607   3.234710     2.3991    -0.3692     0.3838    34.8841 4.7383e+02    255.411    34.8843    34.8860     6.5233    1469.63    27.7224    27.7237 0.0000e+00
    257.000     3.7463     3.7467   3.234818   3.234974     2.3995    -0.3650     0.3843    34.8844 4.7669e+02    254.422    34.8849    34.8863     6.5234    1469.62    27.7226    27.7237 0.0000e+00
    256.000     3.7505     3.7507   3.235118   3.235312     2.3997    -0.3871     0.3840    34.8843 4.8013e+02    253.432    34.8846    34.8867     6.5224    1469.62    27.7219    27.7235 0.0000e+00
    255.000     3.7523     3.7522   3.235276   3.235417     2.3997    -0.3712     0.3879    34.8847 4.8357e+02    252.443    34.8850    34.8868     6.5214    1469.61    27.7221    27.7235 0.0000e+00
    254.000     3.7566     3.7570   3.235652   3.235832     2.3993    -0.3785     0.3854    34.8850 4.8396e+02    251.453    34.8855    34.8873     6.5183    1469.62    27.7220    27.7234 0.0000e+00
    253.000     3.7624     3.7645   3.236188   3.236478     2.3982    -0.3832     0.3888    34.8852 4.8018e+02    250.464    34.8863    34.8876     6.5128    1469.62    27.7221    27.7229 0.0000e+00
    252.000     3.7737     3.7767   3.237236   3.237669     2.3984    -0.3710     0.3848    34.8857 4.7965e+02    249.475    34.8873    34.8893     6.5106    1469.66    27.7217    27.7230 0.0000e+00
    251.000     3.7846     3.7867   3.238300   3.238631     2.3984    -0.3789     0.3847    34.8870 4.8144e+02    248.485    34.8890    34.8907     6.5076    1469.69    27.7219    27.7231 0.0000e+00
    250.000     3.7922     3.7948   3.239060   3.239388     2.3983    -0.3833     0.3853    34.8884 4.8465e+02    247.496    34.8904    34.8916     6.5051    1469.71    27.7223    27.7230 0.0000e+00
    249.000     3.7980     3.7979   3.239479   3.239640     2.3980    -0.3633     0.3849    34.8887 4.8700e+02    246.507    34.8899    34.8918     6.5023    1469.71    27.7213    27.7228 0.0000e+00
    248.000     3.8035     3.8026   3.240003   3.240062     2.3976    -0.3895     0.3877    34.8891 4.8878e+02    245.517    34.8908    34.8925     6.4992    1469.72    27.7214    27.7229 0.0000e+00
    247.000     3.8059     3.8054   3.240141   3.240261     2.3970    -0.3777     0.3841    34.8893 4.8685e+02    244.528    34.8904    34.8924     6.4959    1469.71    27.7209    27.7225 0.0000e+00
    246.000     3.8066     3.8074   3.240136   3.240385     2.3970    -0.3646     0.3855    34.8895 4.8492e+02    243.538    34.8902    34.8922     6.4946    1469.70    27.7206    27.7222 0.0000e+00
    245.000     3.8063     3.8078   3.240096   3.240367     2.3963    -0.3714     0.3858    34.8895 4.8506e+02    242.549    34.8905    34.8921     6.4917    1469.68    27.7209    27.7220 0.0000e+00
    244.000     3.8089     3.8088   3.240260   3.240427     2.3963    -0.3858     0.3778    34.8895 4.8660e+02    241.560    34.8902    34.8924     6.4904    1469.68    27.7204    27.7221 0.0000e+00
    243.000     3.8111     3.8113   3.240457   3.240598     2.3971    -0.3927     0.3826    34.8896 4.9027e+02    240.570    34.8908    34.8923     6.4916    1469.67    27.7206    27.7218 0.0000e+00
    242.000     3.8193     3.8159   3.241176   3.240979     2.3971    -0.3686     0.3835    34.8896 4.9355e+02    239.581    34.8912    34.8925     6.4894    1469.69    27.7201    27.7215 0.0000e+00
    241.000     3.8232     3.8183   3.241527   3.241184     2.3971    -0.3894     0.3851    34.8906 4.9332e+02    238.591    34.8918    34.8929     6.4878    1469.69    27.7201    27.7215 0.0000e+00
    240.000     3.8292     3.8307   3.241960   3.242285     2.3971    -0.3896     0.3873    34.8902 4.9012e+02    237.602    34.8911    34.8934     6.4861    1469.70    27.7190    27.7207 0.0000e+00
    239.000     3.8324     3.8352   3.242294   3.242671     2.3979    -0.3889     0.3844    34.8907 4.8878e+02    236.612    34.8922    34.8937     6.4872    1469.70    27.7196    27.7204 0.0000e+00
    238.000     3.8387     3.8393   3.242822   3.243033     2.3983    -0.3917     0.3842    34.8908 4.8966e+02    235.623    34.8923    34.8942     6.4867    1469.71    27.7190    27.7204 0.0000e+00
    237.000     3.8421     3.8422   3.243080   3.243252     2.3990    -0.3725     0.3839    34.8913 4.9166e+02    234.633    34.8923    34.8942     6.4877    1469.70    27.7186    27.7201 0.0000e+00
    236.000     3.8438     3.8444   3.243199   3.243410     2.4006    -0.3858     0.3842    34.8915 4.9461e+02    233.644    34.8925    34.8944     6.4921    1469.69    27.7186    27.7200 0.0000e+00
    235.000     3.8445     3.8446   3.243217   3.243381     2.4020    -0.3705     0.3878    34.8917 4.9771e+02    232.655    34.8925    34.8943     6.4958    1469.68    27.7185    27.7200 0.0000e+00
    234.000     3.8444     3.8449   3.243148   3.243368     2.4026    -0.3656     0.3848    34.8917 4.9871e+02    231.665    34.8923    34.8944     6.4970    1469.66    27.7184    27.7200 0.0000e+00
    233.000     3.8473     3.8429   3.243392   3.243132     2.4029    -0.3679     0.3841    34.8918 4.9595e+02    230.676    34.8927    34.8943     6.4969    1469.66    27.7183    27.7201 0.0000e+00
    232.000     3.8498     3.8486   3.243537   3.243594     2.4032    -0.3816     0.3843    34.8917 4.9352e+02    229.686    34.8922    34.8942     6.4965    1469.65    27.7177    27.7194 0.0000e+00
    231.000     3.8498     3.8505   3.243501   3.243691     2.4024    -0.3793     0.3850    34.8918 4.9306e+02    228.697    34.8924    34.8939     6.4930    1469.64    27.7179    27.7189 0.0000e+00
    230.000     3.8490     3.8476   3.243282   3.243331     2.4019    -0.3647     0.3838    34.8913 4.9438e+02    227.707    34.8911    34.8932     6.4908    1469.62    27.7169    27.7187 0.0000e+00
    229.000     3.8433     3.8405   3.242594   3.242529     2.4016    -0.3870     0.3836    34.8902 4.9629e+02    226.718    34.8895    34.8918     6.4899    1469.57    27.7162    27.7183 0.0000e+00
    228.000     3.8401     3.8394   3.242283   3.242352     2.4009    -0.3896     0.3847    34.8897 4.9962e+02    225.728    34.8898    34.8914     6.4871    1469.54    27.7167    27.7181 0.0000e+00
    227.000     3.8420     3.8416   3.242396   3.242542     2.3996    -0.3893     0.3887    34.8895 5.0230e+02    224.739    34.8897    34.8918     6.4814    1469.54    27.7165    27.7182 0.0000e+00
    226.000     3.8431     3.8419   3.242453   3.242516     2.3976    -0.3918     0.3818    34.8895 5.0292e+02    223.749    34.8897    34.8918     6.4737    1469.52    27.7164    27.7181 0.0000e+00
    225.000     3.8465     3.8465   3.242735   3.242884     2.3958    -0.3675     0.3842    34.8896 5.0137e+02    222.760    34.8900    34.8918     6.4662    1469.52    27.7163    27.7177 0.0000e+00
    224.000     3.8500     3.8491   3.243033   3.243093     2.3952    -0.3706     0.3853    34.8898 5.0090e+02    221.770    34.8904    34.8920     6.4625    1469.52    27.7162    27.7176 0.0000e+00
    223.000     3.8550     3.8506   3.243461   3.243200     2.3946    -0.3846     0.3756    34.8900 4.9929e+02    220.781    34.8907    34.8922     6.4588    1469.53    27.7159    27.7176 0.0000e+00
    222.000     3.8567     3.8566   3.243552   3.243708     2.3939    -0.3614     0.3835    34.8904 4.9899e+02    219.791    34.8906    34.8925     6.4554    1469.52    27.7156    27.7172 0.0000e+00
    221.000     3.8558     3.8560   3.243426   3.243611     2.3936    -0.3432     0.3844    34.8903 5.0007e+02    218.802    34.8906    34.8925     6.4537    1469.50    27.7157    27.7172 0.0000e+00
    220.000     3.8550     3.8544   3.243295   3.243387     2.3934    -0.3813     0.3880    34.8903 5.0217e+02    217.812    34.8903    34.8921     6.4522    1469.48    27.7156    27.7171 0.0000e+00
    219.000     3.8518     3.8516   3.242877   3.243042     2.3933    -0.3784     0.3870    34.8900 5.0398e+02    216.823    34.8893    34.8915     6.4517    1469.45    27.7151    27.7168 0.0000e+00
    218.000     3.8431     3.8413   3.241985   3.241924     2.3933    -0.3700     0.3842    34.8893 5.0559e+02    215.833    34.8885    34.8896     6.4524    1469.39    27.7153    27.7164 0.0000e+00
    217.000     3.8322     3.8341   3.240728   3.241115     2.3937    -0.3897     0.3835    34.8874 5.0671e+02    214.844    34.8857    34.8883     6.4549    1469.33    27.7142    27.7161 0.0000e+00
    216.000     3.8216     3.8246   3.239624   3.240090     2.3955    -0.3787     0.3840    34.8854 5.0578e+02    213.854    34.8843    34.8867     6.4619    1469.26    27.7142    27.7158 0.0000e+00
    215.000     3.8199     3.8278   3.239456   3.240385     2.3981    -0.3854     0.3875    34.8852 5.0433e+02    212.864    34.8847    34.8873     6.4705    1469.24    27.7147    27.7160 0.0000e+00
    214.000     3.8225     3.8212   3.239598   3.239599     2.3997    -0.3860     0.3885    34.8845 5.0519e+02    211.875    34.8842    34.8855     6.4744    1469.23    27.7140    27.7152 0.0000e+00
    213.000     3.8239     3.8249   3.239702   3.239875     2.4006    -0.3840     0.3889    34.8845 5.0575e+02    210.885    34.8844    34.8855     6.4765    1469.22    27.7140    27.7148 0.0000e+00
    212.000     3.8275     3.8280   3.239950   3.240135     2.4007    -0.3678     0.3891    34.8842 5.0620e+02    209.896    34.8841    34.8858     6.4753    1469.22    27.7134    27.7147 0.0000e+00
