Ship_data/Irminger/Irminger-5/ctd/process/uar30-03021.cnv
* Sea-Bird SBE 9 Data File:
* FileName = D:\Data\ar30-03021.hdr
* Software Version Seasave V 7.23.2
* Temperature SN = 4312
* Conductivity SN = 2148
* Number of Bytes Per Scan = 44
* Number of Voltage Words = 5
* Number of Scans Averaged by the Deck Unit = 1
* NMEA Latitude = 59 51.42 N
* NMEA Longitude = 039 13.43 W
* NMEA UTC (Time) = Jun 19 2018  18:21:51
** Cruise ID: ar30-03
** Chief Sci: Macdonald
** Station #: 021
** Site ID: Irminger 5 Gliders 2
** ctd cast to 1000 meters near OOI gliders
# nquan = 18
# nvalues = 1013                        
# units = specified
# name 0 = prDM: Pressure, Digiquartz [db]
# name 1 = t090C: Temperature [ITS-90, deg C]
# name 2 = t190C: Temperature, 2 [ITS-90, deg C]
# name 3 = c0S/m: Conductivity [S/m]
# name 4 = c1S/m: Conductivity, 2 [S/m]
# name 5 = sbeox0V: Oxygen raw, SBE 43 [V]
# name 6 = flECO-AFL: Fluorescence, WET Labs ECO-AFL/FL [mg/m^3]
# name 7 = turbWETntu0: Turbidity, WET Labs ECO [NTU]
# name 8 = sal00: Salinity, Practical [PSU]
# name 9 = spar: SPAR/Surface Irradiance
# name 10 = depSM: Depth [salt water, m], lat = 59.857
# name 11 = sal00: Salinity, Practical [PSU]
# name 12 = sal11: Salinity, Practical, 2 [PSU]
# name 13 = sbeox0ML/L: Oxygen, SBE 43 [ml/l], WS = 2
# name 14 = svCM: Sound Velocity [Chen-Millero, m/s]
# name 15 = sigma-é00: Density [sigma-theta, kg/m^3]
# name 16 = sigma-é11: Density, 2 [sigma-theta, kg/m^3]
# name 17 = flag: flag
# span 0 =      3.000,   1015.000       
# span 1 =     3.2984,     6.6104       
# span 2 =     3.2983,     6.5945       
# span 3 =   3.217008,   3.479684       
# span 4 =   3.217006,   3.478462       
# span 5 =     2.1895,     2.9086       
# span 6 =    -0.4145,     8.2688       
# span 7 =     0.3534,     0.9521       
# span 8 =    34.8506,    34.8964       
# span 9 = 3.3739e+02, 7.0910e+02       
# span 10 =      2.972,   1002.991      
# span 11 =    34.8552,    34.8980      
# span 12 =    34.8569,    34.8991      
# span 13 =     6.3976,     7.4395      
# span 14 =    1468.70,    1480.20      
# span 15 =    27.3582,    27.7492      
# span 16 =    27.3625,    27.7501      
# span 17 = 0.0000e+00, 0.0000e+00      
# interval = decibars: 1                
# start_time = Jun 19 2018 18:21:51 [System UTC, first data scan.]
# bad_flag = -9.990e-29
*END*
[from data line 965]
     50.000     4.4288     4.4289   3.286413   3.286572     2.5299    -0.0035     0.4278    34.8844 3.4811e+02     49.523    34.8843    34.8861     6.6654    1469.07    27.6486    27.6500 0.0000e+00
     49.000     4.4283     4.4285   3.286296   3.286465     2.5295    -0.0136     0.4182    34.8841 3.4925e+02     48.533    34.8841    34.8858     6.6635    1469.05    27.6485    27.6498 0.0000e+00
     48.000     4.4284     4.4282   3.286181   3.286366     2.5302     0.0129     0.4265    34.8832 3.4879e+02     47.542    34.8831    34.8855     6.6648    1469.03    27.6477    27.6496 0.0000e+00
     47.000     4.4298     4.4299   3.286113   3.286378     2.5294     0.0164     0.4210    34.8812 3.4516e+02     46.552    34.8813    34.8843     6.6610    1469.02    27.6461    27.6485 0.0000e+00
     46.000     4.4382     4.4425   3.286849   3.287251     2.5300     0.0058     0.4215    34.8801 3.4617e+02     45.562    34.8817    34.8819     6.6607    1469.04    27.6454    27.6452 0.0000e+00
     45.000     4.4917     4.4768   3.291990   3.290657     2.5301    -0.0290     0.4215    34.8809 3.4840e+02     44.571    34.8862    34.8862     6.6508    1469.25    27.6431    27.6448 0.0000e+00
     44.000     4.4813     4.4770   3.290596   3.290397     2.5254     0.0607     0.4218    34.8817 3.4585e+02     43.581    34.8813    34.8834     6.6363    1469.18    27.6404    27.6426 0.0000e+00
     43.000     4.5382     4.5291   3.296126   3.295307     2.5280     0.0201     0.4212    34.8831 3.4379e+02     42.591    34.8867    34.8866     6.6339    1469.41    27.6384    27.6393 0.0000e+00
     42.000     4.5477     4.5500   3.296968   3.297425     2.5280    -0.0221     0.4250    34.8845 3.4582e+02     41.600    34.8871    34.8900     6.6313    1469.43    27.6376    27.6397 0.0000e+00
     41.000     4.5672     4.5675   3.298520   3.298893     2.5294     0.0420     0.4241    34.8823 3.4506e+02     40.610    34.8852    34.8893     6.6318    1469.49    27.6340    27.6372 0.0000e+00
     40.000     4.6079     4.6188   3.302344   3.303520     2.5329     0.0300     0.4251    34.8823 3.4248e+02     39.619    34.8876    34.8900     6.6353    1469.65    27.6313    27.6320 0.0000e+00
     39.000     4.6737     4.6617   3.308405   3.307407     2.5368     0.0271     0.4263    34.8830 3.4403e+02     38.629    34.8898    34.8908     6.6356    1469.90    27.6256    27.6278 0.0000e+00
     38.000     4.7064     4.6845   3.310906   3.309345     2.5402     0.1673     0.4367    34.8817 3.4486e+02     37.639    34.8851    34.8899     6.6405    1470.01    27.6182    27.6245 0.0000e+00
     37.000     4.7007     4.7074   3.310364   3.311005     2.5424     0.1601     0.4335    34.8826 3.4178e+02     36.648    34.8854    34.8858     6.6478    1469.97    27.6191    27.6187 0.0000e+00
     36.000     4.7309     4.7365   3.312840   3.313617     2.5452     0.1318     0.4353    34.8788 3.4078e+02     35.658    34.8830    34.8862     6.6509    1470.08    27.6137    27.6157 0.0000e+00
     35.000     4.7691     4.7734   3.316202   3.316812     2.5474     0.1337     0.4376    34.8779 3.4205e+02     34.667    34.8826    34.8852     6.6504    1470.22    27.6091    27.6107 0.0000e+00
     34.000     4.7830     4.7780   3.317515   3.317187     2.5502     0.2556     0.4438    34.8808 3.4401e+02     33.677    34.8839    34.8853     6.6564    1470.26    27.6085    27.6102 0.0000e+00
     33.000     4.7817     4.7809   3.317259   3.317397     2.5502     0.2974     0.4439    34.8812 3.3739e+02     32.687    34.8828    34.8852     6.6559    1470.24    27.6078    27.6098 0.0000e+00
     32.000     4.7945     4.7972   3.318285   3.318654     2.5530     0.3087     0.4425    34.8799 3.4159e+02     31.696    34.8818    34.8833     6.6620    1470.27    27.6056    27.6064 0.0000e+00
     31.000     4.8916     4.8929   3.326610   3.326846     2.5711     0.7814     0.4749    34.8769 3.3969e+02     30.706    34.8773    34.8787     6.7031    1470.64    27.5909    27.5918 0.0000e+00
     30.000     4.8990     4.8967   3.327137   3.327099     2.5751     0.7114     0.4723    34.8763 3.4185e+02     29.715    34.8762    34.8782     6.7140    1470.66    27.5891    27.5910 0.0000e+00
     29.000     4.8954     4.8926   3.326794   3.326697     2.5725     0.6844     0.4735    34.8765 3.4298e+02     28.725    34.8765    34.8784     6.7051    1470.63    27.5897    27.5916 0.0000e+00
     28.000     4.8991     4.8944   3.327038   3.326784     2.5730     0.8422     0.4791    34.8755 3.3879e+02     27.734    34.8760    34.8780     6.7054    1470.62    27.5890    27.5910 0.0000e+00
     27.000     4.9102     4.9074   3.327857   3.327749     2.5758     0.7453     0.4765    34.8736 3.4134e+02     26.744    34.8744    34.8761     6.7118    1470.65    27.5864    27.5881 0.0000e+00
     26.000     4.9421     4.9239   3.330714   3.329161     2.5831     1.3189     0.5113    34.8728 3.4409e+02     25.754    34.8747    34.8758     6.7291    1470.76    27.5829    27.5859 0.0000e+00
     25.000     4.9811     4.9518   3.333975   3.331567     2.5930     1.3896     0.5144    34.8699 3.3976e+02     24.763    34.8722    34.8749     6.7535    1470.90    27.5764    27.5820 0.0000e+00
     24.000     4.9921     4.9839   3.335100   3.334444     2.5978     1.8159     0.5431    34.8718 3.4389e+02     23.773    34.8743    34.8752     6.7661    1470.93    27.5767    27.5785 0.0000e+00
     23.000     4.9973     4.9770   3.335427   3.333822     2.6073     2.2322     0.5629    34.8718 3.4458e+02     22.782    34.8732    34.8758     6.7951    1470.94    27.5753    27.5797 0.0000e+00
     22.000     5.0389     5.0326   3.339233   3.338764     2.6099     1.8409     0.6042    34.8697 3.4304e+02     21.792    34.8743    34.8754     6.7951    1471.09    27.5713    27.5729 0.0000e+00
     21.000     5.0584     5.0243   3.340945   3.337994     2.6185     1.8867     0.5796    34.8726 3.4450e+02     20.801    34.8742    34.8757     6.8186    1471.15    27.5689    27.5741 0.0000e+00
     20.000     5.0859     5.0498   3.343270   3.340191     2.6236     1.7983     0.5682    34.8699 3.4193e+02     19.811    34.8728    34.8750     6.8293    1471.25    27.5646    27.5705 0.0000e+00
     19.000     5.1100     5.0939   3.345609   3.344289     2.6265     1.5727     0.5844    34.8705 3.4556e+02     18.820    34.8752    34.8768     6.8334    1471.33    27.5637    27.5668 0.0000e+00
     18.000     5.1512     5.0963   3.349138   3.344303     2.6425     2.1517     0.6210    34.8709 3.4579e+02     17.830    34.8735    34.8750     6.8768    1471.48    27.5574    27.5651 0.0000e+00
     17.000     5.1711     5.1368   3.350523   3.347830     2.6566     1.9764     0.5999    34.8677 3.4489e+02     16.839    34.8693    34.8740     6.9180    1471.54    27.5517    27.5595 0.0000e+00
     16.000     5.7126     5.7087   3.398667   3.398405     2.8176     6.6351     0.8061    34.8576 3.5152e+02     15.849    34.8589    34.8599     7.3334    1473.69    27.4778    27.4791 0.0000e+00
     15.000     5.8706     5.8301   3.413066   3.409585     2.8181     7.1409     0.8277    34.8554 3.5176e+02     14.858    34.8596    34.8619     7.3042    1474.30    27.4583    27.4653 0.0000e+00
     14.000     5.9916     5.9762   3.424115   3.422396     2.8284     8.0621     0.8291    34.8506 3.4908e+02     13.868    34.8604    34.8569     7.3133    1474.76    27.4436    27.4428 0.0000e+00
     13.000     6.1138     6.0968   3.435200   3.433380     2.8360     7.9271     0.8204    34.8508 3.5154e+02     12.877    34.8603    34.8573     7.3138    1475.23    27.4279    27.4277 0.0000e+00
     12.000     6.1829     6.1633   3.441339   3.439756     2.8512     8.2688     0.8508    34.8533 3.5248e+02     11.887    34.8589    34.8613     7.3477    1475.49    27.4178    27.4222 0.0000e+00
     11.000     6.1719     6.1608   3.440429   3.439362     2.8622     8.2101     0.9521    34.8570 3.4775e+02     10.896    34.8605    34.8599     7.3833    1475.43    27.4204    27.4215 0.0000e+00
     10.000     6.1953     6.1992   3.442346   3.442887     2.8635     7.9822     0.8551    34.8556 3.5215e+02      9.906    34.8585    34.8606     7.3820    1475.50    27.4158    27.4170 0.0000e+00
      9.000     6.2227     6.2132   3.444929   3.444106     2.8787     8.2041     0.8784    34.8572 3.5272e+02      8.915    34.8599    34.8605     7.4234    1475.60    27.4134    27.4151 0.0000e+00
      8.000     6.2506     6.2432   3.447321   3.446653     2.8846     7.3235     0.8473    34.8568 3.5122e+02      7.925    34.8587    34.8588     7.4360    1475.69    27.4087    27.4098 0.0000e+00
      7.000     6.2557     6.2563   3.447785   3.447871     2.8856     7.1620     0.8919    34.8575 3.5236e+02      6.934    34.8593    34.8596     7.4370    1475.69    27.4085    27.4087 0.0000e+00
      6.000     6.2888     6.2738   3.450688   3.449520     2.8877     6.3464     0.8660    34.8569 3.5212e+02      5.943    34.8584    34.8606     7.4365    1475.81    27.4035    27.4072 0.0000e+00
      5.000     6.3073     6.3032   3.452383   3.452124     2.8894     6.6191     0.8691    34.8576 3.5227e+02      4.953    34.8590    34.8602     7.4374    1475.86    27.4015    27.4030 0.0000e+00
      4.000     6.3498     6.3426   3.456647   3.455497     2.8923     6.4870     0.8203    34.8589 3.5643e+02      3.962    34.8638    34.8582     7.4372    1476.02    27.3997    27.3962 0.0000e+00
      3.000     6.6104     6.5945   3.479684   3.478462     2.9086     7.8161     0.8922    34.8526 3.5720e+02      2.972    34.8552    34.8578     7.4395    1477.01    27.3582    27.3625 0.0000e+00
