Ship_data/Irminger/Irminger-5/ctd/process/uar30-03023.cnv
* Sea-Bird SBE 9 Data File:
* FileName = D:\Data\ar30-03023.hdr
* Software Version Seasave V 7.23.2
* Temperature SN = 4312
* Conductivity SN = 2148
* Number of Bytes Per Scan = 44
* Number of Voltage Words = 5
* Number of Scans Averaged by the Deck Unit = 1
* NMEA Latitude = 62 03.51 N
* NMEA Longitude = 032 13.91 W
* NMEA UTC (Time) = Jun 22 2018  20:07:00
** Cruise ID: ar30-03
** Chief Sci: Macdonald
** Station #: 023
** Site ID: Irminger 5 CL2
# nquan = 18
# nvalues = 155                         
# units = specified
# name 0 = prDM: Pressure, Digiquartz [db]
# name 1 = t090C: Temperature [ITS-90, deg C]
# name 2 = t190C: Temperature, 2 [ITS-90, deg C]
# name 3 = c0S/m: Conductivity [S/m]
# name 4 = c1S/m: Conductivity, 2 [S/m]
# name 5 = sbeox0V: Oxygen raw, SBE 43 [V]
# name 6 = flECO-AFL: Fluorescence, WET Labs ECO-AFL/FL [mg/m^3]
# name 7 = turbWETntu0: Turbidity, WET Labs ECO [NTU]
# name 8 = sal00: Salinity, Practical [PSU]
# name 9 = spar: SPAR/Surface Irradiance
# name 10 = depSM: Depth [salt water, m], lat = 62.0585
# name 11 = sal00: Salinity, Practical [PSU]
# name 12 = sal11: Salinity, Practical, 2 [PSU]
# name 13 = sbeox0ML/L: Oxygen, SBE 43 [ml/l], WS = 2
# name 14 = svCM: Sound Velocity [Chen-Millero, m/s]
# name 15 = sigma-é00: Density [sigma-theta, kg/m^3]
# name 16 = sigma-é11: Density, 2 [sigma-theta, kg/m^3]
# name 17 = flag: flag
# span 0 =      1.000,    155.000       
# span 1 =     5.0926,     7.2827       
# span 2 =     5.1136,     7.2825       
# span 3 =   3.351025,   3.544236       
# span 4 =   3.351141,   3.544127       
# span 5 =     2.3877,     2.7650       
# span 6 =    -0.3653,     4.1054       
# span 7 =     0.3839,     0.6976       
# span 8 =    34.8507,    34.9151       
# span 9 = 1.5536e+02, 3.0522e+02       
# span 10 =      0.990,    153.456      
# span 11 =    34.8629,    34.9158      
# span 12 =    34.8692,    34.9179      
# span 13 =     6.1428,     6.8786      
# span 14 =    1472.88,    1479.95      
# span 15 =    27.2747,    27.5869      
# span 16 =    27.2762,    27.5866      
# span 17 = 0.0000e+00, 0.0000e+00      
# interval = decibars: 1                
# start_time = Jun 22 2018 20:08:34 [System UTC, first data scan.]
# bad_flag = -9.990e-29
*END*
[from data line 81]
     74.000     5.5139     5.5201   3.385662   3.386137     2.5567    -0.0777     0.4341    34.8807 1.9219e+02     73.277    34.8860    34.8850     6.5867    1473.87    27.5243    27.5227 0.0000e+00
     73.000     5.5436     5.5439   3.388241   3.388337     2.5599    -0.0582     0.4493    34.8801 1.9439e+02     72.287    34.8852    34.8860     6.5912    1473.98    27.5200    27.5206 0.0000e+00
     72.000     5.5395     5.5360   3.387654   3.387553     2.5689     0.0074     0.4487    34.8816 1.9412e+02     71.297    34.8833    34.8858     6.6201    1473.94    27.5190    27.5214 0.0000e+00
     71.000     5.5412     5.5439   3.387775   3.388131     2.5714    -0.0315     0.4531    34.8816 1.9133e+02     70.307    34.8833    34.8846     6.6267    1473.93    27.5188    27.5195 0.0000e+00
     70.000     5.5501     5.5485   3.388560   3.388559     2.5725     0.0426     0.4629    34.8821 1.9307e+02     69.317    34.8836    34.8853     6.6281    1473.95    27.5179    27.5194 0.0000e+00
     69.000     5.5539     5.5513   3.388812   3.388676     2.5735     0.0596     0.4425    34.8815 1.9534e+02     68.327    34.8831    34.8843     6.6296    1473.95    27.5170    27.5183 0.0000e+00
     68.000     5.5706     5.5718   3.390433   3.390576     2.5750     0.0240     0.4474    34.8806 1.9614e+02     67.337    34.8848    34.8852     6.6308    1474.00    27.5163    27.5164 0.0000e+00
     67.000     5.5922     5.5808   3.392166   3.391296     2.5812     0.1465     0.4579    34.8820 1.9350e+02     66.347    34.8827    34.8846     6.6461    1474.07    27.5120    27.5149 0.0000e+00
     66.000     5.6101     5.6253   3.393971   3.395225     2.5840     0.1350     0.4648    34.8814 1.9124e+02     65.357    34.8853    34.8839     6.6511    1474.13    27.5118    27.5088 0.0000e+00
     65.000     5.6430     5.6374   3.396914   3.396385     2.5865     0.1337     0.4763    34.8803 1.9282e+02     64.367    34.8853    34.8851     6.6528    1474.24    27.5077    27.5082 0.0000e+00
     64.000     5.6763     5.6664   3.399848   3.398969     2.5927     0.2406     0.4711    34.8804 1.9484e+02     63.377    34.8848    34.8850     6.6661    1474.36    27.5032    27.5046 0.0000e+00
     63.000     5.6847     5.6806   3.400435   3.400192     2.6037     0.3583     0.4873    34.8805 1.9547e+02     62.386    34.8833    34.8848     6.6989    1474.38    27.5009    27.5026 0.0000e+00
     62.000     5.6872     5.6883   3.400551   3.400801     2.6044     0.3547     0.4743    34.8811 1.9357e+02     61.396    34.8825    34.8842     6.7000    1474.37    27.5000    27.5012 0.0000e+00
     61.000     5.7007     5.6938   3.401857   3.401183     2.6075     0.3367     0.4685    34.8803 1.9267e+02     60.406    34.8839    34.8834     6.7066    1474.41    27.4994    27.4999 0.0000e+00
     60.000     5.7472     5.7509   3.406121   3.406003     2.6097     0.2762     0.5005    34.8760 1.9352e+02     59.416    34.8848    34.8796     6.7047    1474.58    27.4943    27.4897 0.0000e+00
     59.000     5.7923     5.8012   3.409785   3.410459     2.6115     0.2696     0.5060    34.8732 1.9496e+02     58.426    34.8804    34.8788     6.7019    1474.74    27.4852    27.4828 0.0000e+00
     58.000     5.8265     5.8223   3.412638   3.412389     2.6137     0.3663     0.4882    34.8724 1.9556e+02     57.436    34.8779    34.8795     6.7026    1474.85    27.4789    27.4807 0.0000e+00
     57.000     5.8241     5.8319   3.412383   3.413182     2.6214     0.6859     0.4962    34.8753 1.9443e+02     56.446    34.8780    34.8790     6.7266    1474.83    27.4793    27.4791 0.0000e+00
     56.000     5.8250     5.8446   3.412225   3.414296     2.6284     0.5719     0.4631    34.8762 1.9263e+02     55.456    34.8758    34.8791     6.7479    1474.81    27.4774    27.4776 0.0000e+00
     55.000     5.8263     5.8332   3.412618   3.413196     2.6308     0.5160     0.4825    34.8760 1.9358e+02     54.465    34.8794    34.8789     6.7541    1474.80    27.4801    27.4788 0.0000e+00
     54.000     5.8541     5.8557   3.415392   3.415149     2.6333     0.5090     0.4839    34.8748 1.9486e+02     53.475    34.8827    34.8783     6.7562    1474.90    27.4792    27.4755 0.0000e+00
     53.000     5.9162     5.9283   3.420807   3.421400     2.6361     0.5237     0.4803    34.8706 1.9615e+02     52.485    34.8805    34.8748     6.7539    1475.13    27.4696    27.4635 0.0000e+00
     52.000     5.9486     5.9318   3.423011   3.421780     2.6509     1.1103     0.5192    34.8704 1.9563e+02     51.495    34.8726    34.8759     6.7948    1475.23    27.4592    27.4639 0.0000e+00
     51.000     5.9367     5.9301   3.422003   3.421563     2.6576     1.0488     0.5351    34.8717 1.9139e+02     50.505    34.8739    34.8758     6.8169    1475.17    27.4617    27.4640 0.0000e+00
     50.000     5.9427     5.9386   3.422457   3.422245     2.6591     0.9623     0.5157    34.8719 1.9311e+02     49.515    34.8734    34.8752     6.8198    1475.18    27.4605    27.4625 0.0000e+00
     49.000     5.9569     6.0189   3.423534   3.429083     2.6635     1.1375     0.5070    34.8678 1.9620e+02     48.524    34.8715    34.8703     6.8304    1475.21    27.4572    27.4483 0.0000e+00
     48.000     6.1121     6.1443   3.437913   3.440813     2.6787     1.3267     0.5549    34.8537 1.9827e+02     47.534    34.8746    34.8740     6.8508    1475.82    27.4397    27.4351 0.0000e+00
     47.000     6.5412     6.5789   3.479259   3.481039     2.6895     1.4688     0.5914    34.8507 1.9903e+02     46.544    34.8985    34.8798     6.8093    1477.52    27.4020    27.3822 0.0000e+00
     46.000     6.5399     6.5177   3.475889   3.474746     2.6794     2.3159     0.5617    34.8746 1.9447e+02     45.554    34.8629    34.8728     6.7788    1477.45    27.3741    27.3849 0.0000e+00
     45.000     6.6689     6.7078   3.490937   3.493433     2.6940     1.9918     0.6031    34.8740 1.9541e+02     44.564    34.8992    34.8872     6.7999    1477.98    27.3855    27.3707 0.0000e+00
     44.000     6.8203     6.8425   3.504636   3.505934     2.6953     2.0815     0.5918    34.8748 1.9814e+02     43.573    34.8974    34.8892     6.7777    1478.55    27.3634    27.3538 0.0000e+00
     43.000     6.8227     6.7880   3.504110   3.500856     2.6916     2.2809     0.5731    34.8789 1.9706e+02     42.583    34.8896    34.8889     6.7654    1478.54    27.3569    27.3611 0.0000e+00
     42.000     7.0161     7.0290   3.521882   3.522966     2.6959     2.5504     0.6087    34.8890 2.0618e+02     41.593    34.8899    34.8888     6.7456    1479.27    27.3304    27.3277 0.0000e+00
     41.000     7.0860     7.0944   3.528101   3.529025     2.6954     2.5529     0.6218    34.8891 2.0665e+02     40.603    34.8881    34.8898     6.7318    1479.52    27.3192    27.3194 0.0000e+00
     40.000     7.0823     7.1037   3.527833   3.529849     2.6971     2.4697     0.6164    34.8887 2.0706e+02     39.613    34.8894    34.8899     6.7368    1479.49    27.3207    27.3181 0.0000e+00
     39.000     7.0990     7.1278   3.529173   3.531889     2.6986     2.6615     0.5832    34.8871 2.0916e+02     38.622    34.8877    34.8885     6.7377    1479.54    27.3170    27.3136 0.0000e+00
     38.000     7.1305     7.1465   3.532164   3.533633     2.7000     2.6943     0.5931    34.8858 2.1058e+02     37.632    34.8892    34.8891     6.7358    1479.65    27.3138    27.3115 0.0000e+00
     37.000     7.1528     7.1676   3.534081   3.535480     2.6995     3.1102     0.6089    34.8884 2.0980e+02     36.642    34.8882    34.8886     6.7299    1479.71    27.3098    27.3080 0.0000e+00
     36.000     7.1548     7.1780   3.534292   3.536350     2.7004     2.7245     0.5976    34.8874 2.0918e+02     35.652    34.8890    34.8881     6.7313    1479.71    27.3102    27.3062 0.0000e+00
     35.000     7.1706     7.1858   3.535672   3.537019     2.7011     2.5963     0.6346    34.8864 2.1060e+02     34.661    34.8887    34.8881     6.7300    1479.75    27.3077    27.3051 0.0000e+00
     34.000     7.1946     7.2015   3.537719   3.538355     2.7016     2.8270     0.6133    34.8851 2.1215e+02     33.671    34.8873    34.8873     6.7268    1479.83    27.3032    27.3023 0.0000e+00
     33.000     7.1927     7.1997   3.537476   3.538117     2.7007     2.9423     0.6089    34.8856 2.1245e+02     32.681    34.8871    34.8871     6.7236    1479.80    27.3033    27.3023 0.0000e+00
     32.000     7.2014     7.2068   3.538240   3.538717     2.7008     2.8602     0.6474    34.8855 2.1347e+02     31.691    34.8871    34.8869     6.7217    1479.82    27.3021    27.3011 0.0000e+00
     31.000     7.2101     7.2134   3.538933   3.539313     2.7030     2.7251     0.6593    34.8850 2.1363e+02     30.700    34.8865    34.8873     6.7261    1479.83    27.3003    27.3005 0.0000e+00
     30.000     7.2225     7.2206   3.540025   3.539961     2.7044     2.8783     0.6529    34.8850 2.1442e+02     29.710    34.8864    34.8877     6.7273    1479.87    27.2985    27.2998 0.0000e+00
     29.000     7.2185     7.2201   3.539700   3.539842     2.7059     3.1458     0.5857    34.8864 2.1509e+02     28.720    34.8874    34.8873     6.7319    1479.84    27.2998    27.2995 0.0000e+00
     28.000     7.2261     7.2287   3.540345   3.540598     2.7075     2.7572     0.5879    34.8859 2.1571e+02     27.730    34.8873    34.8874     6.7345    1479.85    27.2987    27.2984 0.0000e+00
     27.000     7.2320     7.2345   3.540851   3.541154     2.7086     2.8282     0.5915    34.8862 2.1669e+02     26.739    34.8873    34.8881     6.7362    1479.85    27.2978    27.2981 0.0000e+00
     26.000     7.2358     7.2385   3.541151   3.541498     2.7106     3.4552     0.6356    34.8870 2.1921e+02     25.749    34.8873    34.8884     6.7406    1479.85    27.2972    27.2977 0.0000e+00
     25.000     7.2615     7.2565   3.543568   3.543189     2.7172     3.4575     0.6024    34.8881 2.3968e+02     24.759    34.8883    34.8892     6.7558    1479.94    27.2944    27.2958 0.0000e+00
     24.000     7.2710     7.2667   3.544236   3.543990     2.7252     3.6148     0.5882    34.8866 2.4752e+02     23.769    34.8866    34.8882     6.7777    1479.95    27.2917    27.2936 0.0000e+00
     23.000     7.2669     7.2641   3.543907   3.543731     2.7245     3.4200     0.5864    34.8876 2.5099e+02     22.778    34.8876    34.8885     6.7755    1479.92    27.2930    27.2941 0.0000e+00
     22.000     7.2660     7.2632   3.543807   3.543623     2.7224     3.7435     0.6040    34.8879 2.5049e+02     21.788    34.8879    34.8887     6.7684    1479.90    27.2934    27.2945 0.0000e+00
     21.000     7.2637     7.2602   3.543501   3.543320     2.7234     4.1054     0.6976    34.8875 2.5260e+02     20.798    34.8873    34.8890     6.7710    1479.88    27.2933    27.2950 0.0000e+00
     20.000     7.2666     7.2666   3.543583   3.543619     2.7235     3.4324     0.5933    34.8857 2.5390e+02     19.807    34.8858    34.8863     6.7700    1479.87    27.2917    27.2920 0.0000e+00
     19.000     7.2767     7.2739   3.544107   3.544027     2.7328     3.6592     0.5907    34.8816 2.5504e+02     18.817    34.8819    34.8839     6.7958    1479.89    27.2871    27.2891 0.0000e+00
     18.000     7.2734     7.2735   3.543914   3.543972     2.7349     3.8296     0.6384    34.8836 2.5776e+02     17.827    34.8837    34.8841     6.8018    1479.86    27.2890    27.2893 0.0000e+00
     17.000     7.2777     7.2780   3.544046   3.544127     2.7374     3.5777     0.5966    34.8812 2.7816e+02     16.836    34.8812    34.8818     6.8081    1479.86    27.2864    27.2869 0.0000e+00
     16.000     7.2804     7.2805   3.543924   3.543998     2.7446     3.6119     0.5833    34.8776 2.8390e+02     15.846    34.8776    34.8784     6.8289    1479.85    27.2831    27.2837 0.0000e+00
     15.000     7.2813     7.2810   3.543803   3.543862     2.7466     3.5963     0.5952    34.8759 2.8737e+02     14.856    34.8759    34.8769     6.8340    1479.83    27.2817    27.2825 0.0000e+00
     14.000     7.2813     7.2814   3.543729   3.543774     2.7485     3.6197     0.5804    34.8756 2.8661e+02     13.865    34.8756    34.8760     6.8389    1479.82    27.2814    27.2817 0.0000e+00
     13.000     7.2814     7.2817   3.543643   3.543676     2.7505     3.7611     0.6041    34.8751 2.8642e+02     12.875    34.8750    34.8751     6.8440    1479.80    27.2810    27.2810 0.0000e+00
     12.000     7.2824     7.2824   3.543477   3.543523     2.7517     3.6737     0.5860    34.8728 2.8860e+02     11.885    34.8727    34.8733     6.8469    1479.78    27.2790    27.2794 0.0000e+00
     11.000     7.2822     7.2820   3.543324   3.543446     2.7542     3.5924     0.5932    34.8717 2.8887e+02     10.894    34.8717    34.8733     6.8536    1479.77    27.2782    27.2795 0.0000e+00
     10.000     7.2827     7.2825   3.543212   3.543328     2.7542     3.7076     0.5750    34.8706 2.8582e+02      9.904    34.8706    34.8720     6.8526    1479.75    27.2772    27.2783 0.0000e+00
      9.000     7.2825     7.2824   3.543143   3.543258     2.7559     3.6348     0.5775    34.8705 2.8842e+02      8.914    34.8705    34.8718     6.8570    1479.73    27.2771    27.2782 0.0000e+00
      8.000     7.2824     7.2821   3.543054   3.543149     2.7594     3.6610     0.5944    34.8702 2.9515e+02      7.923    34.8702    34.8714     6.8669    1479.71    27.2769    27.2779 0.0000e+00
      7.000     7.2822     7.2820   3.542993   3.543101     2.7602     3.6433     0.5843    34.8701 2.9077e+02      6.933    34.8701    34.8715     6.8684    1479.70    27.2769    27.2780 0.0000e+00
      6.000     7.2824     7.2822   3.542956   3.543046     2.7627     3.6799     0.5798    34.8701 2.9197e+02      5.942    34.8700    34.8712     6.8750    1479.68    27.2768    27.2778 0.0000e+00
      5.000     7.2823     7.2820   3.542806   3.542892     2.7632     3.6458     0.5914    34.8692 2.9530e+02      4.952    34.8690    34.8702     6.8758    1479.66    27.2760    27.2769 0.0000e+00
      4.000     7.2821     7.2819   3.542650   3.542749     2.7631     3.5358     0.6067    34.8682 2.9827e+02      3.962    34.8680    34.8693     6.8748    1479.65    27.2752    27.2763 0.0000e+00
      3.000     7.2819     7.2817   3.542527   3.542679     2.7634     3.3789     0.6064    34.8673 2.9977e+02      2.971    34.8673    34.8692     6.8748    1479.63    27.2747    27.2762 0.0000e+00
      2.000     7.2821     7.2818   3.542545   3.542646     2.7649     3.4726     0.5819    34.8679 3.0381e+02      1.981    34.8679    34.8693     6.8786    1479.61    27.2751    27.2762 0.0000e+00
      1.000     7.2817     7.2814   3.542479   3.542578     2.7650     3.2383     0.5882    34.8680 3.0522e+02      0.990    34.8680    34.8694     6.8780    1479.59    27.2752    27.2763 0.0000e+00
