Ship_data/Irminger/Irminger-5/ctd/process/uar30-03013.cnv
* Sea-Bird SBE 9 Data File:
* FileName = D:\Data\ar30-03013.hdr
* Software Version Seasave V 7.23.2
* Temperature SN = 4312
* Conductivity SN = 2148
* Number of Bytes Per Scan = 44
* Number of Voltage Words = 5
* Number of Scans Averaged by the Deck Unit = 1
* NMEA Latitude = 59 46.82 N
* NMEA Longitude = 039 49.61 W
* NMEA UTC (Time) = Jun 14 2018  20:15:22
** Cruise ID: ar30-03
** Chief Sci: Macdonald
** Station #: 013
** Site ID: Irminger 5 test cast
** test cast to 130 meters
# nquan = 18
# nvalues = 132                         
# units = specified
# name 0 = prDM: Pressure, Digiquartz [db]
# name 1 = t090C: Temperature [ITS-90, deg C]
# name 2 = t190C: Temperature, 2 [ITS-90, deg C]
# name 3 = c0S/m: Conductivity [S/m]
# name 4 = c1S/m: Conductivity, 2 [S/m]
# name 5 = sbeox0V: Oxygen raw, SBE 43 [V]
# name 6 = flECO-AFL: Fluorescence, WET Labs ECO-AFL/FL [mg/m^3]
# name 7 = turbWETntu0: Turbidity, WET Labs ECO [NTU]
# name 8 = sal00: Salinity, Practical [PSU]
# name 9 = spar: SPAR/Surface Irradiance
# name 10 = depSM: Depth [salt water, m], lat = 59.7803
# name 11 = sal00: Salinity, Practical [PSU]
# name 12 = sal11: Salinity, Practical, 2 [PSU]
# name 13 = sbeox0ML/L: Oxygen, SBE 43 [ml/l], WS = 2
# name 14 = svCM: Sound Velocity [Chen-Millero, m/s]
# name 15 = sigma-é00: Density [sigma-theta, kg/m^3]
# name 16 = sigma-é11: Density, 2 [sigma-theta, kg/m^3]
# name 17 = flag: flag
# span 0 =      2.000,    133.000       
# span 1 =     4.3351,     6.0684       
# span 2 =     4.3380,     6.0545       
# span 3 =   3.282070,   3.428872       
# span 4 =   3.282390,   3.427738       
# span 5 =     2.5136,     2.7662       
# span 6 =    -0.2180,     2.3856       
# span 7 =     0.4092,     0.6077       
# span 8 =    34.8367,    34.8933       
# span 9 = 3.5900e+02, 4.1567e+02       
# span 10 =      1.981,    131.706      
# span 11 =    34.8412,    34.8951      
# span 12 =    34.8430,    34.8961      
# span 13 =     6.6659,     7.1861      
# span 14 =    1469.79,    1474.85      
# span 15 =    27.4186,    27.6620      
# span 16 =    27.4217,    27.6631      
# span 17 = 0.0000e+00, 0.0000e+00      
# interval = decibars: 1                
# start_time = Jun 14 2018 20:15:22 [System UTC, first data scan.]
# bad_flag = -9.990e-29
*END*
[from data line 81]
     52.000     4.9475     4.9451   3.332234   3.332239     2.5821     0.8927     0.4789    34.8707 3.9500e+02     51.504    34.8728    34.8754     6.7474    1471.21    27.5811    27.5833 0.0000e+00
     51.000     4.9582     4.9565   3.333273   3.333290     2.5855     0.9626     0.4836    34.8727 3.9195e+02     50.514    34.8742    34.8761     6.7559    1471.24    27.5809    27.5826 0.0000e+00
     50.000     4.9660     4.9645   3.333989   3.333887     2.5890     1.0811     0.4909    34.8734 3.9296e+02     49.523    34.8749    34.8752     6.7648    1471.25    27.5805    27.5810 0.0000e+00
     49.000     4.9703     4.9714   3.334334   3.334542     2.5917     0.9879     0.4917    34.8737 3.9327e+02     48.533    34.8749    34.8761     6.7719    1471.26    27.5800    27.5809 0.0000e+00
     48.000     4.9754     4.9735   3.334754   3.334707     2.5933     1.1000     0.5101    34.8738 3.9127e+02     47.543    34.8749    34.8764     6.7755    1471.26    27.5794    27.5808 0.0000e+00
     47.000     4.9828     4.9784   3.335328   3.335109     2.5956     1.2555     0.5062    34.8734 3.9328e+02     46.552    34.8744    34.8765     6.7807    1471.27    27.5781    27.5803 0.0000e+00
     46.000     4.9849     4.9834   3.335505   3.335500     2.5982     1.1631     0.4974    34.8740 3.9402e+02     45.562    34.8748    34.8763     6.7878    1471.27    27.5782    27.5796 0.0000e+00
     45.000     4.9930     4.9926   3.336185   3.336270     2.6001     1.1619     0.5080    34.8738 3.9063e+02     44.572    34.8747    34.8761     6.7916    1471.28    27.5772    27.5784 0.0000e+00
     44.000     4.9982     5.0000   3.336583   3.336914     2.6038     1.3628     0.5150    34.8735 3.8928e+02     43.581    34.8744    34.8764     6.8019    1471.29    27.5763    27.5777 0.0000e+00
     43.000     5.0101     5.0091   3.337667   3.337683     2.6060     1.2908     0.5157    34.8735 3.9331e+02     42.591    34.8750    34.8763     6.8060    1471.32    27.5754    27.5766 0.0000e+00
     42.000     5.0213     5.0257   3.338392   3.339226     2.6079     1.1690     0.5190    34.8705 3.9339e+02     41.601    34.8723    34.8773     6.8094    1471.34    27.5720    27.5754 0.0000e+00
     41.000     5.0349     5.0438   3.339873   3.340888     2.6121     1.3297     0.5159    34.8741 3.8820e+02     40.610    34.8757    34.8781     6.8195    1471.39    27.5731    27.5739 0.0000e+00
     40.000     5.0567     5.0467   3.341846   3.341084     2.6164     1.4627     0.5194    34.8740 3.8969e+02     39.620    34.8763    34.8779     6.8287    1471.46    27.5710    27.5734 0.0000e+00
     39.000     5.0678     5.0654   3.342787   3.342702     2.6201     1.3391     0.5220    34.8743 3.9227e+02     38.629    34.8761    34.8776     6.8381    1471.49    27.5695    27.5710 0.0000e+00
     38.000     5.0708     5.0709   3.343004   3.343154     2.6240     1.5302     0.5284    34.8748 3.8987e+02     37.639    34.8760    34.8776     6.8490    1471.49    27.5691    27.5703 0.0000e+00
     37.000     5.0880     5.0878   3.344438   3.344522     2.6277     1.7004     0.5282    34.8734 3.8738e+02     36.649    34.8751    34.8763     6.8570    1471.54    27.5663    27.5673 0.0000e+00
     36.000     5.0945     5.0953   3.344920   3.345081     2.6328     1.4638     0.5348    34.8731 3.8910e+02     35.658    34.8745    34.8755     6.8717    1471.55    27.5650    27.5657 0.0000e+00
     35.000     5.1122     5.1064   3.346150   3.345806     2.6380     1.6057     0.5331    34.8690 3.9133e+02     34.668    34.8707    34.8728     6.8845    1471.60    27.5600    27.5623 0.0000e+00
     34.000     5.1157     5.1103   3.346384   3.346102     2.6414     1.4903     0.5308    34.8692 3.8911e+02     33.677    34.8702    34.8727     6.8939    1471.59    27.5592    27.5617 0.0000e+00
     33.000     5.1433     5.1317   3.348770   3.347830     2.6468     2.0357     0.5454    34.8649 3.8515e+02     32.687    34.8696    34.8708     6.9057    1471.69    27.5554    27.5578 0.0000e+00
     32.000     5.2311     5.2195   3.356180   3.355191     2.6537     1.6894     0.5438    34.8586 3.8936e+02     31.696    34.8639    34.8646     6.9115    1472.02    27.5404    27.5424 0.0000e+00
     31.000     5.2808     5.2698   3.360742   3.359689     2.6651     1.8944     0.5628    34.8593 3.8985e+02     30.706    34.8651    34.8645     6.9386    1472.21    27.5355    27.5363 0.0000e+00
     30.000     5.4774     5.4717   3.377371   3.377070     2.7138     2.2168     0.5758    34.8545 3.7941e+02     29.716    34.8522    34.8546     7.0591    1472.97    27.5016    27.5042 0.0000e+00
     29.000     5.4183     5.4177   3.372348   3.372393     2.7000     2.0377     0.5614    34.8564 3.7663e+02     28.725    34.8565    34.8576     7.0244    1472.72    27.5121    27.5131 0.0000e+00
     28.000     5.4193     5.4194   3.372386   3.372514     2.7003     2.1723     0.5669    34.8562 3.7804e+02     27.735    34.8563    34.8577     7.0241    1472.70    27.5118    27.5129 0.0000e+00
     27.000     5.4289     5.4262   3.373211   3.373042     2.7020     1.9587     0.5672    34.8555 3.7921e+02     26.744    34.8563    34.8573     7.0271    1472.73    27.5107    27.5117 0.0000e+00
     26.000     5.4416     5.4360   3.374157   3.373823     2.7055     2.0698     0.5630    34.8539 3.7570e+02     25.754    34.8546    34.8565     7.0352    1472.76    27.5077    27.5099 0.0000e+00
     25.000     5.4518     5.4531   3.375111   3.375218     2.7082     2.0339     0.5600    34.8539 3.7553e+02     24.763    34.8554    34.8552     7.0411    1472.78    27.5071    27.5068 0.0000e+00
     24.000     5.4789     5.4744   3.377451   3.377083     2.7106     2.0928     0.5665    34.8520 3.7747e+02     23.773    34.8546    34.8551     7.0429    1472.88    27.5032    27.5041 0.0000e+00
     23.000     5.4886     5.4875   3.378185   3.378189     2.7146     2.1176     0.5689    34.8520 3.7753e+02     22.782    34.8535    34.8546     7.0531    1472.90    27.5011    27.5021 0.0000e+00
     22.000     5.4883     5.4781   3.378108   3.377336     2.7186     2.2696     0.5719    34.8524 3.7482e+02     21.792    34.8534    34.8551     7.0650    1472.88    27.5011    27.5037 0.0000e+00
     21.000     5.4941     5.4953   3.378524   3.378736     2.7196     2.2646     0.5665    34.8516 3.7515e+02     20.801    34.8527    34.8539     7.0662    1472.89    27.4998    27.5006 0.0000e+00
     20.000     5.5002     5.4987   3.379072   3.379022     2.7224     2.3435     0.5712    34.8521 3.7524e+02     19.811    34.8531    34.8541     7.0731    1472.89    27.4994    27.5003 0.0000e+00
     19.000     5.5073     5.5043   3.379592   3.379410     2.7280     2.3856     0.5762    34.8514 3.7555e+02     18.820    34.8523    34.8532     7.0889    1472.90    27.4978    27.4989 0.0000e+00
     18.000     5.5078     5.5075   3.379611   3.379689     2.7299     2.2704     0.5825    34.8517 3.7510e+02     17.830    34.8525    34.8537     7.0939    1472.89    27.4979    27.4989 0.0000e+00
     17.000     5.5099     5.5087   3.379754   3.379752     2.7313     2.3153     0.5889    34.8519 3.7320e+02     16.839    34.8525    34.8537     7.0969    1472.88    27.4976    27.4987 0.0000e+00
     16.000     5.5300     5.5240   3.381594   3.381134     2.7378     2.2146     0.5864    34.8517 3.7438e+02     15.849    34.8532    34.8541     7.1132    1472.95    27.4958    27.4972 0.0000e+00
     15.000     5.5506     5.5529   3.383455   3.383770     2.7622     1.8922     0.5963    34.8540 3.6761e+02     14.858    34.8536    34.8548     7.1861    1473.01    27.4935    27.4942 0.0000e+00
     14.000     5.5644     5.5629   3.384584   3.384553     2.7576     1.9735     0.5727    34.8515 3.6400e+02     13.868    34.8527    34.8539     7.1680    1473.05    27.4911    27.4923 0.0000e+00
     13.000     5.5957     5.6054   3.387313   3.388173     2.7591     1.8848     0.5708    34.8490 3.6483e+02     12.877    34.8519    34.8517     7.1663    1473.16    27.4866    27.4853 0.0000e+00
     12.000     5.6268     5.6225   3.389951   3.389690     2.7610     1.7220     0.5943    34.8476 3.6607e+02     11.887    34.8504    34.8519     7.1656    1473.27    27.4815    27.4833 0.0000e+00
     11.000     5.6405     5.6382   3.391104   3.391062     2.7632     1.7404     0.5791    34.8482 3.6386e+02     10.896    34.8498    34.8518     7.1694    1473.30    27.4794    27.4812 0.0000e+00
     10.000     5.6452     5.6578   3.391547   3.392640     2.7654     1.7691     0.6077    34.8482 3.6146e+02      9.906    34.8506    34.8499     7.1744    1473.31    27.4794    27.4773 0.0000e+00
      9.000     5.6802     5.6860   3.394623   3.395061     2.7662     1.7687     0.5886    34.8459 3.6396e+02      8.915    34.8499    34.8489     7.1697    1473.43    27.4745    27.4730 0.0000e+00
      8.000     5.7322     5.7153   3.398821   3.397481     2.7649     1.4804     0.5640    34.8403 3.6503e+02      7.925    34.8444    34.8467     7.1553    1473.61    27.4637    27.4676 0.0000e+00
      7.000     5.7698     5.7601   3.402095   3.401443     2.7619     1.3626     0.5651    34.8380 3.6371e+02      6.934    34.8433    34.8459     7.1382    1473.75    27.4581    27.4614 0.0000e+00
      6.000     5.8120     5.7929   3.405783   3.404218     2.7585     1.3803     0.5522    34.8373 3.6260e+02      5.943    34.8422    34.8441     7.1192    1473.90    27.4519    27.4558 0.0000e+00
      5.000     5.8708     5.8477   3.411007   3.409072     2.7555     1.1897     0.5427    34.8367 3.6137e+02      4.953    34.8412    34.8432     7.0982    1474.11    27.4437    27.4482 0.0000e+00
      4.000     5.9070     5.9225   3.414457   3.415946     2.7564     1.1620     0.5408    34.8372 3.6264e+02      3.962    34.8435    34.8444     7.0934    1474.24    27.4409    27.4397 0.0000e+00
      3.000     5.9517     5.9566   3.418449   3.419033     2.7527     1.0519     0.5750    34.8388 3.6290e+02      2.972    34.8431    34.8448     7.0729    1474.40    27.4350    27.4356 0.0000e+00
      2.000     6.0684     6.0545   3.428872   3.427738     2.7453     0.8768     0.5200    34.8426 3.5900e+02      1.981    34.8413    34.8430     7.0282    1474.85    27.4186    27.4217 0.0000e+00
