Ship_data/Irminger/Irminger-5/ctd/process/uar30-03018.cnv
* Sea-Bird SBE 9 Data File:
* FileName = D:\Data\ar30-03018.hdr
* Software Version Seasave V 7.23.2
* Temperature SN = 4312
* Conductivity SN = 2148
* Number of Bytes Per Scan = 44
* Number of Voltage Words = 5
* Number of Scans Averaged by the Deck Unit = 1
* NMEA Latitude = 59 52.87 N
* NMEA Longitude = 040 53.94 W
* NMEA UTC (Time) = Jun 18 2018  16:05:20
** Cruise ID: ar30-03
** Chief Sci: Macdonald
** Station #: 018
** Site ID: Irminger 5 OSNAP C12
** Cast at OSNAP site C12 between M1 and M2 moorings
# nquan = 18
# nvalues = 2318                        
# units = specified
# name 0 = prDM: Pressure, Digiquartz [db]
# name 1 = t090C: Temperature [ITS-90, deg C]
# name 2 = t190C: Temperature, 2 [ITS-90, deg C]
# name 3 = c0S/m: Conductivity [S/m]
# name 4 = c1S/m: Conductivity, 2 [S/m]
# name 5 = sbeox0V: Oxygen raw, SBE 43 [V]
# name 6 = flECO-AFL: Fluorescence, WET Labs ECO-AFL/FL [mg/m^3]
# name 7 = turbWETntu0: Turbidity, WET Labs ECO [NTU]
# name 8 = sal00: Salinity, Practical [PSU]
# name 9 = spar: SPAR/Surface Irradiance
# name 10 = depSM: Depth [salt water, m], lat = 59.8812
# name 11 = sal00: Salinity, Practical [PSU]
# name 12 = sal11: Salinity, Practical, 2 [PSU]
# name 13 = sbeox0ML/L: Oxygen, SBE 43 [ml/l], WS = 2
# name 14 = svCM: Sound Velocity [Chen-Millero, m/s]
# name 15 = sigma-é00: Density [sigma-theta, kg/m^3]
# name 16 = sigma-é11: Density, 2 [sigma-theta, kg/m^3]
# name 17 = flag: flag
# span 0 =      3.000,   2320.000       
# span 1 =     1.7589,     6.6513       
# span 2 =     1.7596,     6.6538       
# span 3 =   3.145856,   3.484476       
# span 4 =   3.145918,   3.484993       
# span 5 =     1.8483,     2.8118       
# span 6 =    -0.4140,     5.4583       
# span 7 =     0.3500,     0.6067       
# span 8 =    34.8546,    34.9219       
# span 9 = 7.4235e+02, 1.6372e+03       
# span 10 =      2.972,   2285.503      
# span 11 =    34.8618,    34.9227      
# span 12 =    34.8638,    34.9234      
# span 13 =     5.9559,     7.1911      
# span 14 =    1473.16,    1495.42      
# span 15 =    27.3593,    27.9117      
# span 16 =    27.3597,    27.9119      
# span 17 = 0.0000e+00, 0.0000e+00      
# interval = decibars: 1                
# start_time = Jun 18 2018 16:05:20 [System UTC, first data scan.]
# bad_flag = -9.990e-29
*END*
[from data line 2091]
    229.000     4.7416     4.7440   3.324680   3.325005     2.4076    -0.3143     0.4004    34.9062 7.5410e+02    226.717    34.9070    34.9082     6.3566    1473.31    27.6333    27.6340 0.0000e+00
    228.000     4.7456     4.7461   3.324957   3.325117     2.4100    -0.3011     0.4023    34.9059 7.7172e+02    225.728    34.9065    34.9078     6.3631    1473.31    27.6325    27.6334 0.0000e+00
    227.000     4.7477     4.7477   3.325074   3.325222     2.4117    -0.3070     0.4022    34.9057 7.8752e+02    224.738    34.9062    34.9079     6.3678    1473.30    27.6319    27.6333 0.0000e+00
    226.000     4.7486     4.7502   3.325152   3.325401     2.4123    -0.3310     0.4082    34.9060 7.9065e+02    223.749    34.9067    34.9079     6.3688    1473.29    27.6322    27.6330 0.0000e+00
    225.000     4.7525     4.7530   3.325491   3.325645     2.4125    -0.3352     0.4045    34.9062 7.8582e+02    222.759    34.9071    34.9084     6.3678    1473.29    27.6321    27.6331 0.0000e+00
    224.000     4.7544     4.7546   3.325624   3.325762     2.4132    -0.3352     0.4012    34.9066 7.7939e+02    221.770    34.9071    34.9085     6.3691    1473.28    27.6319    27.6330 0.0000e+00
    223.000     4.7571     4.7556   3.325859   3.325834     2.4132    -0.3243     0.3976    34.9068 7.7570e+02    220.780    34.9076    34.9089     6.3677    1473.28    27.6320    27.6332 0.0000e+00
    222.000     4.7600     4.7602   3.326044   3.326214     2.4142    -0.3180     0.3971    34.9066 7.8179e+02    219.791    34.9072    34.9090     6.3698    1473.27    27.6313    27.6327 0.0000e+00
    221.000     4.7621     4.7670   3.326299   3.326859     2.4154    -0.3353     0.3973    34.9075 7.9248e+02    218.801    34.9085    34.9099     6.3726    1473.27    27.6321    27.6326 0.0000e+00
    220.000     4.7686     4.7703   3.326897   3.327143     2.4160    -0.3352     0.3971    34.9078 7.9687e+02    217.812    34.9092    34.9103     6.3725    1473.28    27.6319    27.6326 0.0000e+00
    219.000     4.7755     4.7788   3.327458   3.327944     2.4159    -0.3224     0.3991    34.9082 7.9527e+02    216.822    34.9091    34.9112     6.3702    1473.29    27.6310    27.6323 0.0000e+00
    218.000     4.7866     4.7785   3.328447   3.327840     2.4141    -0.2954     0.4005    34.9080 7.8353e+02    215.833    34.9094    34.9108     6.3616    1473.32    27.6300    27.6320 0.0000e+00
    217.000     4.7927     4.7976   3.329200   3.329575     2.4126    -0.3013     0.4066    34.9097 7.7720e+02    214.843    34.9123    34.9115     6.3547    1473.33    27.6316    27.6304 0.0000e+00
    216.000     4.8110     4.8154   3.331127   3.331350     2.4122    -0.3327     0.4074    34.9110 7.8640e+02    213.854    34.9160    34.9140     6.3495    1473.40    27.6324    27.6304 0.0000e+00
    215.000     4.8434     4.8403   3.333903   3.333677     2.4114    -0.3353     0.4012    34.9112 7.9924e+02    212.864    34.9148    34.9155     6.3405    1473.51    27.6278    27.6287 0.0000e+00
    214.000     4.8556     4.8558   3.335015   3.335126     2.4101    -0.3364     0.3974    34.9120 8.1163e+02    211.875    34.9155    34.9165     6.3335    1473.54    27.6269    27.6277 0.0000e+00
    213.000     4.8650     4.8664   3.335976   3.336068     2.4087    -0.3492     0.3977    34.9136 8.2106e+02    210.885    34.9174    34.9169     6.3262    1473.57    27.6273    27.6268 0.0000e+00
    212.000     4.8730     4.8748   3.336507   3.336880     2.4068    -0.3386     0.4013    34.9132 8.2512e+02    209.895    34.9156    34.9180     6.3180    1473.58    27.6250    27.6267 0.0000e+00
    211.000     4.8753     4.8721   3.336773   3.336565     2.4053    -0.3283     0.3979    34.9142 8.1695e+02    208.906    34.9169    34.9178     6.3117    1473.58    27.6257    27.6268 0.0000e+00
    210.000     4.8797     4.8790   3.337074   3.337090     2.4030    -0.3141     0.3970    34.9147 8.0114e+02    207.916    34.9163    34.9172     6.3026    1473.58    27.6247    27.6255 0.0000e+00
    209.000     4.8775     4.8794   3.336824   3.337173     2.4024    -0.3195     0.4005    34.9145 7.9818e+02    206.927    34.9162    34.9182     6.3003    1473.55    27.6249    27.6263 0.0000e+00
    208.000     4.8829     4.8844   3.337376   3.337553     2.4024    -0.3027     0.4019    34.9152 8.0365e+02    205.937    34.9175    34.9180     6.2983    1473.56    27.6253    27.6255 0.0000e+00
    207.000     4.8935     4.8950   3.338283   3.338537     2.4011    -0.3008     0.3963    34.9153 8.0940e+02    204.948    34.9174    34.9188     6.2914    1473.59    27.6240    27.6250 0.0000e+00
    206.000     4.9036     4.9063   3.339291   3.339572     2.3994    -0.3296     0.3961    34.9164 8.1422e+02    203.958    34.9190    34.9195     6.2834    1473.61    27.6241    27.6242 0.0000e+00
    205.000     4.9118     4.9050   3.339952   3.339453     2.3980    -0.3133     0.3951    34.9165 8.1845e+02    202.968    34.9187    34.9200     6.2766    1473.63    27.6229    27.6248 0.0000e+00
    204.000     4.9142     4.9086   3.340159   3.339743     2.3962    -0.3171     0.3984    34.9179 8.2840e+02    201.979    34.9191    34.9201     6.2692    1473.62    27.6230    27.6244 0.0000e+00
    203.000     4.9161     4.9111   3.340305   3.339922     2.3952    -0.3330     0.3956    34.9183 8.3083e+02    200.989    34.9193    34.9201     6.2650    1473.62    27.6229    27.6241 0.0000e+00
    202.000     4.9315     4.9308   3.341633   3.341698     2.3947    -0.3308     0.3988    34.9193 8.1402e+02    200.000    34.9191    34.9206     6.2600    1473.66    27.6209    27.6222 0.0000e+00
    201.000     4.9328     4.9316   3.341703   3.341720     2.3937    -0.3458     0.3945    34.9190 7.9703e+02    199.010    34.9191    34.9205     6.2556    1473.65    27.6208    27.6221 0.0000e+00
    200.000     4.9345     4.9324   3.341826   3.341754     2.3939    -0.3378     0.3997    34.9191 7.9240e+02    198.020    34.9192    34.9206     6.2553    1473.64    27.6207    27.6220 0.0000e+00
    199.000     4.9339     4.9321   3.341718   3.341680     2.3937    -0.3401     0.4007    34.9193 7.9229e+02    197.031    34.9192    34.9206     6.2539    1473.62    27.6207    27.6220 0.0000e+00
    198.000     4.9358     4.9373   3.341908   3.342130     2.3936    -0.3471     0.3970    34.9194 7.9484e+02    196.041    34.9199    34.9208     6.2524    1473.61    27.6210    27.6216 0.0000e+00
    197.000     4.9410     4.9442   3.342370   3.342728     2.3937    -0.3383     0.3977    34.9193 7.9873e+02    195.051    34.9203    34.9211     6.2509    1473.62    27.6207    27.6210 0.0000e+00
    196.000     4.9508     4.9527   3.343167   3.343514     2.3946    -0.3548     0.3996    34.9187 8.0336e+02    194.062    34.9198    34.9218     6.2516    1473.64    27.6192    27.6206 0.0000e+00
    195.000     4.9555     4.9513   3.343598   3.343342     2.3952    -0.3573     0.3989    34.9196 8.0440e+02    193.072    34.9205    34.9219     6.2519    1473.65    27.6192    27.6208 0.0000e+00
    194.000     4.9526     4.9461   3.343268   3.342780     2.3963    -0.3425     0.3964    34.9202 7.9734e+02    192.082    34.9202    34.9213     6.2554    1473.62    27.6193    27.6210 0.0000e+00
    193.000     4.9567     4.9585   3.343658   3.343883     2.3976    -0.3352     0.3957    34.9197 7.8960e+02    191.093    34.9209    34.9217     6.2579    1473.62    27.6194    27.6198 0.0000e+00
    192.000     4.9627     4.9643   3.344177   3.344389     2.3980    -0.3326     0.3977    34.9199 7.8584e+02    190.103    34.9211    34.9220     6.2575    1473.63    27.6189    27.6193 0.0000e+00
    191.000     4.9659     4.9658   3.344387   3.344505     2.3981    -0.3352     0.3978    34.9202 7.8476e+02    189.113    34.9208    34.9223     6.2566    1473.62    27.6182    27.6194 0.0000e+00
    190.000     4.9669     4.9672   3.344443   3.344599     2.3979    -0.3352     0.3963    34.9202 7.8639e+02    188.124    34.9210    34.9224     6.2550    1473.61    27.6182    27.6194 0.0000e+00
    189.000     4.9687     4.9694   3.344585   3.344742     2.3982    -0.3341     0.3938    34.9204 7.8880e+02    187.134    34.9212    34.9223     6.2548    1473.60    27.6182    27.6190 0.0000e+00
    188.000     4.9718     4.9739   3.344832   3.345081     2.3978    -0.3352     0.4010    34.9202 7.9184e+02    186.144    34.9213    34.9221     6.2521    1473.60    27.6179    27.6183 0.0000e+00
    187.000     4.9803     4.9792   3.345488   3.345554     2.3979    -0.3446     0.3986    34.9195 7.9400e+02    185.155    34.9206    34.9225     6.2505    1473.62    27.6164    27.6180 0.0000e+00
    186.000     4.9852     4.9865   3.345874   3.346125     2.3982    -0.3450     0.3973    34.9195 7.9510e+02    184.165    34.9204    34.9220     6.2497    1473.62    27.6156    27.6167 0.0000e+00
    185.000     4.9855     4.9881   3.345813   3.346244     2.3977    -0.3360     0.3973    34.9192 7.9411e+02    183.175    34.9199    34.9222     6.2472    1473.60    27.6152    27.6167 0.0000e+00
    184.000     4.9881     4.9896   3.346072   3.346296     2.3989    -0.3484     0.3971    34.9196 7.9185e+02    182.186    34.9208    34.9218     6.2500    1473.60    27.6155    27.6162 0.0000e+00
    183.000     4.9913     4.9917   3.346283   3.346443     2.4004    -0.3361     0.3978    34.9196 7.8909e+02    181.196    34.9204    34.9219     6.2536    1473.59    27.6149    27.6160 0.0000e+00
    182.000     4.9926     4.9917   3.346333   3.346396     2.4014    -0.3466     0.3973    34.9195 7.8724e+02    180.206    34.9201    34.9218     6.2559    1473.58    27.6145    27.6159 0.0000e+00
    181.000     4.9919     4.9918   3.346236   3.346345     2.4021    -0.3145     0.3973    34.9197 7.8831e+02    179.217    34.9202    34.9216     6.2576    1473.56    27.6146    27.6158 0.0000e+00
    180.000     4.9927     4.9927   3.346254   3.346367     2.4029    -0.3035     0.3974    34.9196 7.8892e+02    178.227    34.9201    34.9215     6.2593    1473.55    27.6144    27.6155 0.0000e+00
    179.000     4.9947     4.9952   3.346350   3.346547     2.4037    -0.3048     0.4114    34.9192 7.8740e+02    177.237    34.9197    34.9215     6.2608    1473.54    27.6139    27.6153 0.0000e+00
    178.000     4.9962     4.9978   3.346483   3.346733     2.4037    -0.3333     0.4026    34.9196 7.8495e+02    176.247    34.9202    34.9214     6.2598    1473.53    27.6141    27.6149 0.0000e+00
    177.000     4.9983     4.9993   3.346611   3.346826     2.4043    -0.3341     0.3956    34.9193 7.8228e+02    175.258    34.9200    34.9214     6.2606    1473.52    27.6137    27.6147 0.0000e+00
    176.000     5.0000     4.9998   3.346715   3.346834     2.4048    -0.3352     0.3953    34.9194 7.8055e+02    174.268    34.9199    34.9216     6.2612    1473.51    27.6134    27.6148 0.0000e+00
    175.000     5.0003     5.0004   3.346690   3.346830     2.4055    -0.3352     0.3979    34.9195 7.7971e+02    173.278    34.9199    34.9214     6.2625    1473.50    27.6134    27.6146 0.0000e+00
    174.000     5.0010     5.0004   3.346720   3.346800     2.4066    -0.3285     0.3976    34.9195 7.8110e+02    172.288    34.9200    34.9216     6.2650    1473.49    27.6133    27.6147 0.0000e+00
    173.000     5.0016     5.0017   3.346712   3.346853     2.4077    -0.3019     0.3997    34.9195 7.8396e+02    171.299    34.9198    34.9213     6.2681    1473.47    27.6131    27.6143 0.0000e+00
    172.000     5.0020     5.0020   3.346651   3.346779     2.4081    -0.3361     0.3988    34.9190 7.8624e+02    170.309    34.9192    34.9208     6.2684    1473.46    27.6126    27.6138 0.0000e+00
    171.000     5.0023     5.0027   3.346633   3.346784     2.4087    -0.3523     0.3953    34.9189 7.8607e+02    169.319    34.9192    34.9206     6.2696    1473.44    27.6126    27.6136 0.0000e+00
    170.000     5.0064     5.0091   3.346930   3.347224     2.4092    -0.3308     0.3966    34.9180 7.8481e+02    168.329    34.9190    34.9195     6.2697    1473.44    27.6119    27.6120 0.0000e+00
    169.000     5.0131     5.0143   3.347395   3.347608     2.4107    -0.3101     0.4045    34.9171 7.8224e+02    167.340    34.9178    34.9190     6.2727    1473.45    27.6102    27.6110 0.0000e+00
    168.000     5.0151     5.0154   3.347494   3.347643     2.4128    -0.3312     0.4107    34.9168 7.7862e+02    166.350    34.9174    34.9189     6.2784    1473.44    27.6096    27.6107 0.0000e+00
    167.000     5.0152     5.0146   3.347417   3.347515     2.4153    -0.3041     0.4022    34.9167 7.7290e+02    165.360    34.9170    34.9187     6.2861    1473.42    27.6092    27.6107 0.0000e+00
    166.000     5.0155     5.0148   3.347403   3.347455     2.4172    -0.3002     0.4008    34.9165 7.6765e+02    164.370    34.9170    34.9183     6.2913    1473.41    27.6092    27.6103 0.0000e+00
    165.000     5.0186     5.0178   3.347592   3.347680     2.4201    -0.2838     0.3991    34.9160 7.6573e+02    163.381    34.9165    34.9183     6.2995    1473.41    27.6084    27.6100 0.0000e+00
    164.000     5.0202     5.0211   3.347706   3.347922     2.4229    -0.2831     0.4042    34.9161 7.6936e+02    162.391    34.9167    34.9182     6.3078    1473.40    27.6084    27.6095 0.0000e+00
    163.000     5.0225     5.0243   3.347905   3.348158     2.4251    -0.3103     0.4086    34.9162 7.7371e+02    161.401    34.9170    34.9181     6.3138    1473.39    27.6084    27.6090 0.0000e+00
    162.000     5.0266     5.0268   3.348194   3.348349     2.4272    -0.3357     0.4081    34.9161 7.7725e+02    160.411    34.9167    34.9182     6.3191    1473.39    27.6076    27.6088 0.0000e+00
    161.000     5.0271     5.0269   3.348200   3.348325     2.4283    -0.3009     0.4024    34.9162 7.7901e+02    159.421    34.9167    34.9184     6.3218    1473.37    27.6076    27.6090 0.0000e+00
    160.000     5.0281     5.0285   3.348231   3.348392     2.4303    -0.3010     0.4070    34.9161 7.7719e+02    158.432    34.9165    34.9180     6.3274    1473.36    27.6073    27.6084 0.0000e+00
    159.000     5.0285     5.0281   3.348209   3.348303     2.4322    -0.3051     0.3995    34.9160 7.7338e+02    157.442    34.9164    34.9179     6.3329    1473.35    27.6071    27.6084 0.0000e+00
    158.000     5.0294     5.0294   3.348243   3.348380     2.4328    -0.3086     0.3980    34.9159 7.6920e+02    156.452    34.9164    34.9179     6.3340    1473.33    27.6070    27.6083 0.0000e+00
    157.000     5.0305     5.0307   3.348278   3.348454     2.4336    -0.3326     0.4018    34.9158 7.6551e+02    155.462    34.9161    34.9180     6.3356    1473.32    27.6067    27.6081 0.0000e+00
    156.000     5.0320     5.0320   3.348383   3.348511     2.4351    -0.3007     0.3991    34.9159 7.6175e+02    154.472    34.9163    34.9178     6.3395    1473.31    27.6067    27.6078 0.0000e+00
    155.000     5.0345     5.0346   3.348545   3.348684     2.4365    -0.3067     0.4258    34.9156 7.5988e+02    153.482    34.9162    34.9176     6.3426    1473.31    27.6062    27.6073 0.0000e+00
    154.000     5.0394     5.0412   3.348994   3.349274     2.4380    -0.2958     0.4171    34.9160 7.6308e+02    152.493    34.9167    34.9181     6.3461    1473.31    27.6061    27.6070 0.0000e+00
    153.000     5.0418     5.0430   3.349174   3.349404     2.4400    -0.2949     0.4065    34.9161 7.6735e+02    151.503    34.9169    34.9182     6.3512    1473.30    27.6059    27.6068 0.0000e+00
    152.000     5.0427     5.0431   3.349154   3.349296     2.4411    -0.3018     0.4260    34.9158 7.7061e+02    150.513    34.9161    34.9174     6.3540    1473.29    27.6052    27.6062 0.0000e+00
    151.000     5.0438     5.0442   3.349171   3.349315     2.4414    -0.3265     0.4018    34.9152 7.7282e+02    149.523    34.9157    34.9170     6.3540    1473.28    27.6047    27.6057 0.0000e+00
