Ship_data/Irminger/Irminger-4/ctd/process/ar21_009.ros
* Sea-Bird SBE 9 Data File:
* FileName = D:\Data\AR21_009.hdr
* Software Version Seasave V 7.23.2
* Temperature SN = 4155
* Conductivity SN = 2645
* Number of Bytes Per Scan = 40
* Number of Voltage Words = 5
* Number of Scans Averaged by the Deck Unit = 1
* NMEA Latitude = 59 58.27 N
* NMEA Longitude = 039 30.81 W
* NMEA UTC (Time) = Aug 06 2017  21:22:51
** Test cast to check pump1 and acoustic device for James
# nquan = 15
# nvalues = 1176                                  
# units = specified
# name 0 = prDM: Pressure, Digiquartz [db]
# name 1 = t090C: Temperature [ITS-90, deg C]
# name 2 = t190C: Temperature, 2 [ITS-90, deg C]
# name 3 = c0S/m: Conductivity [S/m]
# name 4 = c1S/m: Conductivity, 2 [S/m]
# name 5 = sbeox0V: Oxygen raw, SBE 43 [V]
# name 6 = flECO-AFL: Fluorescence, WET Labs ECO-AFL/FL [mg/m^3]
# name 7 = turbWETntu0: Turbidity, WET Labs ECO [NTU]
# name 8 = sal00: Salinity, Practical [PSU]
# name 9 = spar: SPAR/Surface Irradiance
# name 10 = par: PAR/Irradiance, Biospherical/Licor
# name 11 = cpar: CPAR/Corrected Irradiance [%]
# name 12 = scan: Scan Count
# name 13 = nbf: Bottles Fired
# name 14 = flag:  0.000e+00
# interval = seconds: 0.0416667
# start_time = Aug 06 2017 21:22:51 [NMEA time, header]
# bad_flag = -9.990e-29
*END*
[from data line 772]
    407.497     3.6236     3.6253   3.231177   3.231054     2.1129    -0.3938     0.3580    34.8908 1.8835e+00 1.0000e-12 5.3093e-11      54120         16  0.000e+00
    407.489     3.6238     3.6249   3.231202   3.231074     2.1129    -0.3938     0.3580    34.8909 3.7670e+00 1.0000e-12 2.6547e-11      54121         16  0.000e+00
    407.376     3.6233     3.6251   3.231159   3.231054     2.1141    -0.3938     0.3580    34.8910 1.8835e+00 1.0000e-12 5.3093e-11      54122         16  0.000e+00
    407.433     3.6236     3.6249   3.231153   3.231023     2.1154    -0.3938     0.3580    34.8905 0.0000e+00 1.0000e-12 9.9999e+04      54123         16  0.000e+00
    407.368     3.6234     3.6248   3.231159   3.231054     2.1129    -0.3938     0.3629    34.8909 1.8835e+00 1.0000e-12 5.3093e-11      54124         16  0.000e+00
    407.320     3.6234     3.6249   3.231141   3.231023     2.1129    -0.3743     0.3580    34.8907 0.0000e+00 1.0000e-12 9.9999e+04      54125         16  0.000e+00
    407.247     3.6231     3.6248   3.231117   3.231030     2.1141    -0.3938     0.3580    34.8907 0.0000e+00 1.0000e-12 9.9999e+04      54126         16  0.000e+00
    407.255     3.6230     3.6247   3.231098   3.231023     2.1154    -0.3938     0.3580    34.8907 0.0000e+00 1.0000e-12 9.9999e+04      54127         16  0.000e+00
    407.191     3.6230     3.6247   3.231104   3.231030     2.1141    -0.3938     0.3580    34.8908 3.7670e+00 1.0000e-12 2.6547e-11      54128         16  0.000e+00
    407.135     3.6228     3.6247   3.231068   3.231023     2.1129    -0.3938     0.3580    34.8906 1.8835e+00 1.0000e-12 5.3093e-11      54129         16  0.000e+00
    407.143     3.6228     3.6246   3.231104   3.230980     2.1141    -0.3938     0.3580    34.8910 0.0000e+00 1.0000e-12 9.9999e+04      54130         16  0.000e+00
    407.014     3.6228     3.6243   3.231092   3.230973     2.1141    -0.3743     0.3580    34.8909 0.0000e+00 1.0000e-12 9.9999e+04      54131         16  0.000e+00
    236.498     3.8593     3.8597   3.245450   3.245214     2.1383    -0.3743     0.3629    34.9026 1.8835e+00 1.0000e-12 5.3093e-11      58195         17  0.000e+00
    236.378     3.8595     3.8594   3.245444   3.245258     2.1395    -0.3743     0.3629    34.9023 0.0000e+00 1.0000e-12 9.9999e+04      58196         17  0.000e+00
    236.442     3.8593     3.8590   3.245402   3.245214     2.1395    -0.3743     0.3629    34.9020 1.8835e+00 1.0000e-12 5.3093e-11      58197         17  0.000e+00
    236.378     3.8586     3.8595   3.245365   3.245163     2.1395    -0.3743     0.3629    34.9023 1.8835e+00 1.0000e-12 5.3093e-11      58198         17  0.000e+00
    236.322     3.8586     3.8592   3.245371   3.245163     2.1395    -0.3743     0.3629    34.9024 1.8835e+00 1.0000e-12 5.3093e-11      58199         17  0.000e+00
    236.322     3.8583     3.8594   3.245341   3.245163     2.1383    -0.3743     0.3629    34.9023 1.8835e+00 1.0000e-12 5.3093e-11      58200         17  0.000e+00
    236.129     3.8583     3.8586   3.245304   3.245156     2.1395    -0.3743     0.3629    34.9020 0.0000e+00 1.0000e-12 9.9999e+04      58201         17  0.000e+00
    236.499     3.8577     3.8582   3.245256   3.245062     2.1395    -0.3743     0.3629    34.9019 0.0000e+00 1.0000e-12 9.9999e+04      58202         17  0.000e+00
    236.201     3.8574     3.8578   3.245238   3.244961     2.1395    -0.3743     0.3629    34.9022 1.8835e+00 1.0000e-12 5.3093e-11      58203         17  0.000e+00
    236.201     3.8572     3.8573   3.245219   3.244988     2.1395    -0.3743     0.3629    34.9022 0.0000e+00 1.0000e-12 9.9999e+04      58204         17  0.000e+00
    236.201     3.8572     3.8572   3.245189   3.244910     2.1395    -0.3743     0.3678    34.9018 0.0000e+00 1.0000e-12 9.9999e+04      58205         17  0.000e+00
    236.145     3.8564     3.8573   3.245086   3.244930     2.1395    -0.3938     0.3726    34.9014 0.0000e+00 1.0000e-12 9.9999e+04      58206         17  0.000e+00
    236.145     3.8555     3.8570   3.244995   3.244910     2.1395    -0.3938     0.3726    34.9014 0.0000e+00 1.0000e-12 9.9999e+04      58207         17  0.000e+00
    236.145     3.8552     3.8573   3.244970   3.244910     2.1395    -0.3938     0.3726    34.9013 1.8835e+00 1.0000e-12 5.3093e-11      58208         17  0.000e+00
    236.024     3.8545     3.8578   3.244904   3.244937     2.1395    -0.3938     0.3726    34.9014 0.0000e+00 1.0000e-12 9.9999e+04      58209         17  0.000e+00
    236.145     3.8545     3.8572   3.244898   3.244910     2.1395    -0.3938     0.3726    34.9012 1.8835e+00 1.0000e-12 5.3093e-11      58210         17  0.000e+00
    235.968     3.8545     3.8565   3.244891   3.244880     2.1395    -0.3938     0.3726    34.9013 1.8835e+00 1.0000e-12 5.3093e-11      58211         17  0.000e+00
    236.081     3.8542     3.8560   3.244879   3.244809     2.1395    -0.3938     0.3726    34.9014 1.8835e+00 1.0000e-12 5.3093e-11      58212         17  0.000e+00
    235.968     3.8542     3.8557   3.244897   3.244785     2.1395    -0.3938     0.3726    34.9017 0.0000e+00 1.0000e-12 9.9999e+04      58213         17  0.000e+00
    235.904     3.8539     3.8556   3.244818   3.244708     2.1395    -0.3938     0.3726    34.9011 1.8835e+00 1.0000e-12 5.3093e-11      58214         17  0.000e+00
    236.081     3.8541     3.8560   3.244806   3.244758     2.1395    -0.3938     0.3726    34.9007 3.7670e+00 1.0000e-12 2.6547e-11      58215         17  0.000e+00
    235.904     3.8544     3.8562   3.244849   3.244829     2.1395    -0.3938     0.3726    34.9010 1.8835e+00 1.0000e-12 5.3093e-11      58216         17  0.000e+00
    235.904     3.8544     3.8564   3.244897   3.244836     2.1395    -0.3938     0.3726    34.9015 1.8835e+00 1.0000e-12 5.3093e-11      58217         17  0.000e+00
    235.904     3.8544     3.8559   3.244891   3.244785     2.1395    -0.3938     0.3726    34.9015 0.0000e+00 1.0000e-12 9.9999e+04      58218         17  0.000e+00
    235.847     3.8539     3.8551   3.244837   3.244809     2.1395    -0.3938     0.3726    34.9014 0.0000e+00 1.0000e-12 9.9999e+04      58219         17  0.000e+00
    235.847     3.8539     3.8543   3.244818   3.244735     2.1395    -0.3938     0.3726    34.9012 0.0000e+00 1.0000e-12 9.9999e+04      58220         17  0.000e+00
    235.847     3.8541     3.8540   3.244837   3.244579     2.1395    -0.3938     0.3726    34.9012 0.0000e+00 1.0000e-12 9.9999e+04      58221         17  0.000e+00
    235.847     3.8537     3.8543   3.244849   3.244549     2.1395    -0.3938     0.3726    34.9017 1.8835e+00 1.0000e-12 5.3093e-11      58222         17  0.000e+00
    235.783     3.8544     3.8542   3.244849   3.244556     2.1395    -0.3938     0.3726    34.9010 0.0000e+00 1.0000e-12 9.9999e+04      58223         17  0.000e+00
    235.719     3.8545     3.8542   3.244891   3.244606     2.1395    -0.3938     0.3726    34.9014 0.0000e+00 1.0000e-12 9.9999e+04      58224         17  0.000e+00
    235.783     3.8552     3.8542   3.244952   3.244579     2.1395    -0.3938     0.3726    34.9013 1.8835e+00 1.0000e-12 5.3093e-11      58225         17  0.000e+00
    235.727     3.8550     3.8542   3.244928   3.244529     2.1395    -0.3938     0.3726    34.9013 1.8835e+00 1.0000e-12 5.3093e-11      58226         17  0.000e+00
    235.671     3.8550     3.8543   3.244910   3.244549     2.1395    -0.3938     0.3726    34.9011 0.0000e+00 1.0000e-12 9.9999e+04      58227         17  0.000e+00
    235.727     3.8551     3.8543   3.244928   3.244556     2.1395    -0.3938     0.3726    34.9012 1.8835e+00 1.0000e-12 5.3093e-11      58228         17  0.000e+00
    235.671     3.8550     3.8542   3.244940   3.244606     2.1407    -0.3938     0.3726    34.9015 0.0000e+00 1.0000e-12 9.9999e+04      58229         17  0.000e+00
    235.671     3.8547     3.8542   3.244897   3.244579     2.1407    -0.3938     0.3726    34.9013 0.0000e+00 1.0000e-12 9.9999e+04      58230         17  0.000e+00
    235.606     3.8539     3.8540   3.244879   3.244556     2.1395    -0.3938     0.3726    34.9020 1.8835e+00 1.0000e-12 5.3093e-11      58231         17  0.000e+00
    235.606     3.8539     3.8542   3.244837   3.244579     2.1395    -0.3938     0.3726    34.9015 1.8835e+00 1.0000e-12 5.3093e-11      58232         17  0.000e+00
    235.550     3.8541     3.8537   3.244861   3.244549     2.1395    -0.3938     0.3726    34.9016 1.8835e+00 1.0000e-12 5.3093e-11      58233         17  0.000e+00
    235.550     3.8550     3.8540   3.244946   3.244556     2.1395    -0.3938     0.3726    34.9016 0.0000e+00 1.0000e-12 9.9999e+04      58234         17  0.000e+00
    235.550     3.8551     3.8537   3.244970   3.244505     2.1395    -0.3938     0.3726    34.9018 1.8835e+00 1.0000e-12 5.3093e-11      58235         17  0.000e+00
    235.486     3.8555     3.8537   3.244970   3.244529     2.1395    -0.3938     0.3726    34.9014 0.0000e+00 1.0000e-12 9.9999e+04      58236         17  0.000e+00
    235.486     3.8551     3.8538   3.244928   3.244529     2.1395    -0.3938     0.3726    34.9013 1.8835e+00 1.0000e-12 5.3093e-11      58237         17  0.000e+00
    235.486     3.8550     3.8538   3.244867   3.244525     2.1395    -0.3938     0.3726    34.9007 1.8835e+00 1.0000e-12 5.3093e-11      58238         17  0.000e+00
    235.429     3.8541     3.8538   3.244782   3.244529     2.1395    -0.3938     0.3726    34.9007 1.8835e+00 1.0000e-12 5.3093e-11      58239         17  0.000e+00
    235.429     3.8532     3.8543   3.244648   3.244529     2.1395    -0.3938     0.3726    34.9000 1.8835e+00 1.0000e-12 5.3093e-11      58240         17  0.000e+00
    235.429     3.8523     3.8551   3.244654   3.244579     2.1395    -0.3938     0.3775    34.9011 1.8835e+00 1.0000e-12 5.3093e-11      58241         17  0.000e+00
    235.124     3.8518     3.8551   3.244630   3.244555     2.1407    -0.3938     0.3726    34.9015 0.0000e+00 1.0000e-12 9.9999e+04      58242         17  0.000e+00
    235.606     3.8518     3.8548   3.244618   3.244606     2.1407    -0.3938     0.3726    34.9011 1.8835e+00 1.0000e-12 5.3093e-11      58243         17  0.000e+00
    216.308     3.8561     3.8580   3.243598   3.243382     2.1480    -0.3547     0.3726    34.8948 0.0000e+00 1.0000e-12 9.9999e+04      58677         18  0.000e+00
    216.244     3.8563     3.8585   3.243646   3.243507     2.1480    -0.3743     0.3726    34.8952 1.8835e+00 1.0000e-12 5.3093e-11      58678         18  0.000e+00
    216.340     3.8568     3.8585   3.243695   3.243460     2.1480    -0.3743     0.3726    34.8952 0.0000e+00 1.0000e-12 9.9999e+04      58679         18  0.000e+00
    216.131     3.8571     3.8582   3.243780   3.243483     2.1480    -0.3743     0.3726    34.8961 1.8835e+00 1.0000e-12 5.3093e-11      58680         18  0.000e+00
    216.220     3.8590     3.8577   3.243895   3.243409     2.1480    -0.3743     0.3726    34.8953 3.7670e+00 1.0000e-12 2.6547e-11      58681         18  0.000e+00
    216.067     3.8623     3.8580   3.244102   3.243433     2.1480    -0.3743     0.3726    34.8943 0.0000e+00 1.0000e-12 9.9999e+04      58682         18  0.000e+00
    216.099     3.8662     3.8591   3.244363   3.243510     2.1480    -0.3547     0.3726    34.8933 3.7670e+00 1.0000e-12 2.6547e-11      58683         18  0.000e+00
    216.067     3.8694     3.8592   3.244630   3.243585     2.1480    -0.3743     0.3726    34.8931 1.8835e+00 1.0000e-12 5.3093e-11      58684         18  0.000e+00
    215.987     3.8695     3.8590   3.244715   3.243662     2.1480    -0.3743     0.3726    34.8940 0.0000e+00 1.0000e-12 9.9999e+04      58685         18  0.000e+00
    215.946     3.8686     3.8582   3.244685   3.243608     2.1480    -0.3743     0.3726    34.8947 1.8835e+00 1.0000e-12 5.3093e-11      58686         18  0.000e+00
    215.890     3.8689     3.8578   3.244624   3.243561     2.1480    -0.3743     0.3726    34.8936 1.8835e+00 1.0000e-12 5.3093e-11      58687         18  0.000e+00
    215.922     3.8695     3.8578   3.244672   3.243510     2.1480    -0.3743     0.3726    34.8935 1.8835e+00 1.0000e-12 5.3093e-11      58688         18  0.000e+00
    215.770     3.8702     3.8581   3.244697   3.243483     2.1480    -0.3743     0.3726    34.8932 1.8835e+00 1.0000e-12 5.3093e-11      58689         18  0.000e+00
    215.802     3.8710     3.8583   3.244715   3.243510     2.1480    -0.3743     0.3726    34.8926 1.8835e+00 1.0000e-12 5.3093e-11      58690         18  0.000e+00
    215.770     3.8705     3.8594   3.244709   3.243483     2.1480    -0.3547     0.3726    34.8930 1.8835e+00 1.0000e-12 5.3093e-11      58691         18  0.000e+00
    215.745     3.8687     3.8607   3.244630   3.243584     2.1480    -0.3743     0.3726    34.8939 3.7670e+00 1.0000e-12 2.6547e-11      58692         18  0.000e+00
    215.713     3.8679     3.8618   3.244539   3.243662     2.1480    -0.3743     0.3726    34.8938 0.0000e+00 1.0000e-12 9.9999e+04      58693         18  0.000e+00
    215.625     3.8668     3.8613   3.244454   3.243783     2.1480    -0.3743     0.3726    34.8940 0.0000e+00 1.0000e-12 9.9999e+04      58694         18  0.000e+00
    215.593     3.8662     3.8608   3.244411   3.243763     2.1480    -0.3547     0.3726    34.8942 1.8835e+00 1.0000e-12 5.3093e-11      58695         18  0.000e+00
    215.569     3.8651     3.8600   3.244332   3.243763     2.1480    -0.3547     0.3726    34.8944 1.8835e+00 1.0000e-12 5.3093e-11      58696         18  0.000e+00
    215.537     3.8643     3.8604   3.244290   3.243713     2.1480    -0.3743     0.3726    34.8948 1.8835e+00 1.0000e-12 5.3093e-11      58697         18  0.000e+00
    215.472     3.8639     3.8615   3.244278   3.243713     2.1480    -0.3547     0.3726    34.8950 1.8835e+00 1.0000e-12 5.3093e-11      58698         18  0.000e+00
    215.448     3.8651     3.8623   3.244344   3.243713     2.1480    -0.3547     0.3726    34.8946 0.0000e+00 1.0000e-12 9.9999e+04      58699         18  0.000e+00
    215.472     3.8660     3.8630   3.244411   3.243787     2.1480    -0.3743     0.3726    34.8944 1.8835e+00 1.0000e-12 5.3093e-11      58700         18  0.000e+00
    215.392     3.8671     3.8631   3.244514   3.243834     2.1480    -0.3743     0.3726    34.8945 1.8835e+00 1.0000e-12 5.3093e-11      58701         18  0.000e+00
    215.360     3.8681     3.8625   3.244587   3.243942     2.1480    -0.3743     0.3726    34.8943 1.8835e+00 1.0000e-12 5.3093e-11      58702         18  0.000e+00
    215.328     3.8687     3.8628   3.244697   3.243915     2.1480    -0.3743     0.3726    34.8950 1.8835e+00 1.0000e-12 5.3093e-11      58703         18  0.000e+00
    215.295     3.8702     3.8626   3.244727   3.243891     2.1480    -0.3743     0.3726    34.8938 1.8835e+00 1.0000e-12 5.3093e-11      58704         18  0.000e+00
    215.271     3.8710     3.8630   3.244763   3.243837     2.1480    -0.3743     0.3726    34.8934 1.8835e+00 1.0000e-12 5.3093e-11      58705         18  0.000e+00
    215.239     3.8690     3.8631   3.244575   3.243837     2.1480    -0.3743     0.3726    34.8933 1.8835e+00 1.0000e-12 5.3093e-11      58706         18  0.000e+00
    215.207     3.8675     3.8630   3.244448   3.243864     2.1480    -0.3547     0.3726    34.8934 0.0000e+00 1.0000e-12 9.9999e+04      58707         18  0.000e+00
    215.119     3.8658     3.8630   3.244387   3.243810     2.1480    -0.3547     0.3726    34.8945 0.0000e+00 1.0000e-12 9.9999e+04      58708         18  0.000e+00
    215.151     3.8654     3.8628   3.244326   3.243814     2.1480    -0.3743     0.3726    34.8942 1.8835e+00 1.0000e-12 5.3093e-11      58709         18  0.000e+00
    215.119     3.8641     3.8628   3.244290   3.243891     2.1480    -0.3743     0.3726    34.8952 1.8835e+00 1.0000e-12 5.3093e-11      58710         18  0.000e+00
