Ship_data/Irminger/Irminger-4/ctd/process/ar21_010.ros
* Sea-Bird SBE 9 Data File:
* FileName = D:\Data\AR21_010.hdr
* Software Version Seasave V 7.23.2
* Temperature SN = 4155
* Conductivity SN = 2645
* Number of Bytes Per Scan = 40
* Number of Voltage Words = 5
* Number of Scans Averaged by the Deck Unit = 1
* NMEA Latitude = 59 42.97 N
* NMEA Longitude = 039 20.29 W
* NMEA UTC (Time) = Aug 07 2017  16:14:21
# nquan = 15
# nvalues = 588                                   
# units = specified
# name 0 = prDM: Pressure, Digiquartz [db]
# name 1 = t090C: Temperature [ITS-90, deg C]
# name 2 = t190C: Temperature, 2 [ITS-90, deg C]
# name 3 = c0S/m: Conductivity [S/m]
# name 4 = c1S/m: Conductivity, 2 [S/m]
# name 5 = sbeox0V: Oxygen raw, SBE 43 [V]
# name 6 = flECO-AFL: Fluorescence, WET Labs ECO-AFL/FL [mg/m^3]
# name 7 = turbWETntu0: Turbidity, WET Labs ECO [NTU]
# name 8 = sal00: Salinity, Practical [PSU]
# name 9 = spar: SPAR/Surface Irradiance
# name 10 = par: PAR/Irradiance, Biospherical/Licor
# name 11 = cpar: CPAR/Corrected Irradiance [%]
# name 12 = scan: Scan Count
# name 13 = nbf: Bottles Fired
# name 14 = flag:  0.000e+00
# interval = seconds: 0.0416667
# start_time = Aug 07 2017 16:14:21 [NMEA time, header]
# bad_flag = -9.990e-29
*END*
[from data line 482]
     96.387     4.7768     4.7721   3.324000   3.322990     2.1729    -0.3547     0.3726    34.9326 0.0000e+00 1.0000e-12 9.9999e+04     158567         10  0.000e+00
     96.443     4.7787     4.7727   3.324472   3.323277     2.1742    -0.3547     0.3726    34.9361 0.0000e+00 1.0000e-12 9.9999e+04     158568         10  0.000e+00
     96.451     4.7829     4.7730   3.325171   3.323328     2.1742    -0.3743     0.3726    34.9398 1.8835e+00 1.0000e-12 5.3093e-11     158569         10  0.000e+00
     96.451     4.7927     4.7733   3.326722   3.323198     2.1742    -0.3743     0.3726    34.9476 1.8835e+00 1.0000e-12 5.3093e-11     158570         10  0.000e+00
     96.508     4.8119     4.7735   3.328556   3.323225     2.1729    -0.3743     0.3726    34.9487 1.8835e+00 1.0000e-12 5.3093e-11     158571         10  0.000e+00
     96.508     4.8220     4.7749   3.329095   3.323249     2.1729    -0.3938     0.3726    34.9443 1.8835e+00 1.0000e-12 5.3093e-11     158572         10  0.000e+00
     96.508     4.8257     4.7766   3.328936   3.323300     2.1742    -0.3938     0.3775    34.9386 1.8835e+00 1.0000e-12 5.3093e-11     158573         10  0.000e+00
     96.508     4.8249     4.7777   3.328623   3.323532     2.1729    -0.3938     0.3726    34.9358 0.0000e+00 1.0000e-12 9.9999e+04     158574         10  0.000e+00
     65.717     5.1307     5.1453   3.355096   3.356360     2.2076    -0.3547     0.3629    34.9385 1.8835e+00 1.0000e-12 5.3093e-11     161097         11  0.000e+00
     65.757     5.1310     5.1476   3.355151   3.356531     2.2076    -0.3352     0.3629    34.9388 0.0000e+00 1.0000e-12 9.9999e+04     161098         11  0.000e+00
     65.717     5.1318     5.1519   3.355170   3.356778     2.2076    -0.3547     0.3629    34.9382 1.8835e+00 1.0000e-12 5.3093e-11     161099         11  0.000e+00
     65.701     5.1313     5.1530   3.355188   3.357025     2.2076    -0.3547     0.3629    34.9389 1.8835e+00 1.0000e-12 5.3093e-11     161100         11  0.000e+00
     65.717     5.1313     5.1533   3.355201   3.357014     2.2076    -0.3547     0.3629    34.9391 0.0000e+00 1.0000e-12 9.9999e+04     161101         11  0.000e+00
     65.757     5.1318     5.1516   3.355182   3.356895     2.2076    -0.3352     0.3629    34.9383 0.0000e+00 1.0000e-12 9.9999e+04     161102         11  0.000e+00
     65.717     5.1321     5.1517   3.355213   3.356778     2.2076    -0.3352     0.3629    34.9384 0.0000e+00 1.0000e-12 9.9999e+04     161103         11  0.000e+00
     65.821     5.1320     5.1567   3.355250   3.356843     2.2076    -0.3547     0.3629    34.9389 0.0000e+00 1.0000e-12 9.9999e+04     161104         11  0.000e+00
     65.717     5.1335     5.1630   3.355354   3.357131     2.2076    -0.3352     0.3629    34.9385 1.8835e+00 1.0000e-12 5.3093e-11     161105         11  0.000e+00
     65.757     5.1358     5.1681   3.355471   3.357669     2.2076    -0.3352     0.3629    34.9374 0.0000e+00 1.0000e-12 9.9999e+04     161106         11  0.000e+00
     65.781     5.1368     5.1710   3.355570   3.358176     2.2076    -0.3352     0.3629    34.9375 1.8835e+00 1.0000e-12 5.3093e-11     161107         11  0.000e+00
     65.757     5.1368     5.1743   3.355594   3.358532     2.2076    -0.3352     0.3629    34.9378 1.8835e+00 1.0000e-12 5.3093e-11     161108         11  0.000e+00
     65.781     5.1371     5.1744   3.355687   3.358906     2.2076    -0.3547     0.3629    34.9385 1.8835e+00 1.0000e-12 5.3093e-11     161109         11  0.000e+00
     65.821     5.1396     5.1752   3.355828   3.359273     2.2076    -0.3547     0.3629    34.9376 1.8835e+00 1.0000e-12 5.3093e-11     161110         11  0.000e+00
     65.781     5.1413     5.1735   3.355963   3.359293     2.2076    -0.3352     0.3629    34.9374 0.0000e+00 1.0000e-12 9.9999e+04     161111         11  0.000e+00
     65.821     5.1410     5.1713   3.355994   3.359218     2.2076    -0.3352     0.3629    34.9380 1.8835e+00 1.0000e-12 5.3093e-11     161112         11  0.000e+00
     65.781     5.1415     5.1697   3.355926   3.358933     2.2076    -0.3547     0.3629    34.9368 0.0000e+00 1.0000e-12 9.9999e+04     161113         11  0.000e+00
     65.821     5.1401     5.1700   3.355834   3.358560     2.2076    -0.3547     0.3678    34.9371 3.7670e+00 1.0000e-12 2.6547e-11     161114         11  0.000e+00
     65.837     5.1392     5.1698   3.355766   3.358488     2.2076    -0.3547     0.3678    34.9373 1.8835e+00 1.0000e-12 5.3093e-11     161115         11  0.000e+00
     65.821     5.1382     5.1694   3.355730   3.358409     2.2076    -0.3547     0.3726    34.9379 1.8835e+00 1.0000e-12 5.3093e-11     161116         11  0.000e+00
     65.837     5.1368     5.1695   3.355674   3.358402     2.2076    -0.3547     0.3678    34.9387 1.8835e+00 1.0000e-12 5.3093e-11     161117         11  0.000e+00
     65.821     5.1358     5.1690   3.355613   3.358385     2.2076    -0.3352     0.3678    34.9390 1.8835e+00 1.0000e-12 5.3093e-11     161118         11  0.000e+00
     65.645     5.1354     5.1679   3.355594   3.358306     2.2076    -0.3547     0.3678    34.9393 1.8835e+00 1.0000e-12 5.3093e-11     161119         11  0.000e+00
     66.070     5.1353     5.1667   3.355576   3.358245     2.2076    -0.3547     0.3678    34.9390 1.8835e+00 1.0000e-12 5.3093e-11     161120         11  0.000e+00
     65.877     5.1353     5.1665   3.355545   3.358121     2.2076    -0.3547     0.3678    34.9387 1.8835e+00 1.0000e-12 5.3093e-11     161121         11  0.000e+00
     65.893     5.1352     5.1672   3.355422   3.358087     2.2076    -0.3547     0.3678    34.9374 0.0000e+00 1.0000e-12 9.9999e+04     161122         11  0.000e+00
     65.877     5.1336     5.1676   3.355317   3.358149     2.2076    -0.3352     0.3678    34.9380 3.7670e+00 1.0000e-12 2.6547e-11     161123         11  0.000e+00
     65.893     5.1329     5.1662   3.355293   3.358227     2.2076    -0.3547     0.3678    34.9384 1.8835e+00 1.0000e-12 5.3093e-11     161124         11  0.000e+00
     65.942     5.1327     5.1662   3.355274   3.358138     2.2064    -0.3352     0.3678    34.9383 0.0000e+00 1.0000e-12 9.9999e+04     161125         11  0.000e+00
     65.893     5.1313     5.1675   3.355127   3.358097     2.2076    -0.3352     0.3726    34.9381 1.8835e+00 1.0000e-12 5.3093e-11     161126         11  0.000e+00
     65.942     5.1297     5.1668   3.354985   3.358330     2.2076    -0.3547     0.3678    34.9381 1.8835e+00 1.0000e-12 5.3093e-11     161127         11  0.000e+00
     65.958     5.1279     5.1681   3.354844   3.358375     2.2076    -0.3547     0.3678    34.9384 3.7670e+00 1.0000e-12 2.6547e-11     161128         11  0.000e+00
     65.942     5.1273     5.1698   3.354893   3.358330     2.2076    -0.3352     0.3726    34.9396 0.0000e+00 1.0000e-12 9.9999e+04     161129         11  0.000e+00
     65.958     5.1282     5.1711   3.355016   3.358505     2.2076    -0.3547     0.3678    34.9400 1.8835e+00 1.0000e-12 5.3093e-11     161130         11  0.000e+00
     65.998     5.1292     5.1723   3.355047   3.358724     2.2064    -0.3547     0.3678    34.9393 1.8835e+00 1.0000e-12 5.3093e-11     161131         11  0.000e+00
     65.958     5.1295     5.1741   3.355090   3.358803     2.2076    -0.3547     0.3678    34.9395 0.0000e+00 1.0000e-12 9.9999e+04     161132         11  0.000e+00
     65.998     5.1302     5.1760   3.355151   3.358926     2.2076    -0.3352     0.3678    34.9395 1.8835e+00 1.0000e-12 5.3093e-11     161133         11  0.000e+00
     66.014     5.1300     5.1769   3.355188   3.358957     2.2076    -0.3547     0.3726    34.9401 1.8835e+00 1.0000e-12 5.3093e-11     161134         11  0.000e+00
     65.998     5.1300     5.1790   3.355158   3.358906     2.2076    -0.3547     0.3678    34.9398 3.7670e+00 1.0000e-12 2.6547e-11     161135         11  0.000e+00
     66.070     5.1297     5.1833   3.355139   3.359163     2.2076    -0.3547     0.3678    34.9399 1.8835e+00 1.0000e-12 5.3093e-11     161136         11  0.000e+00
     66.054     5.1300     5.1858   3.355121   3.359821     2.2076    -0.3352     0.3678    34.9393 1.8835e+00 1.0000e-12 5.3093e-11     161137         11  0.000e+00
     66.014     5.1303     5.1851   3.355151   3.360212     2.2076    -0.3547     0.3726    34.9394 0.0000e+00 1.0000e-12 9.9999e+04     161138         11  0.000e+00
     66.118     5.1316     5.1845   3.355170   3.360109     2.2076    -0.3547     0.3726    34.9382 3.7670e+00 1.0000e-12 2.6547e-11     161139         11  0.000e+00
     66.014     5.1320     5.1830   3.355238   3.359818     2.2076    -0.3547     0.3726    34.9386 1.8835e+00 1.0000e-12 5.3093e-11     161140         11  0.000e+00
     66.118     5.1332     5.1821   3.355262   3.359794     2.2076    -0.3352     0.3726    34.9376 1.8835e+00 1.0000e-12 5.3093e-11     161141         11  0.000e+00
     66.070     5.1337     5.1827   3.355262   3.359770     2.2076    -0.3547     0.3726    34.9371 1.8835e+00 1.0000e-12 5.3093e-11     161142         11  0.000e+00
     66.118     5.1342     5.1755   3.355373   3.359739     2.2076    -0.3547     0.3726    34.9378 1.8835e+00 1.0000e-12 5.3093e-11     161143         11  0.000e+00
     66.134     5.1406     5.1699   3.355687   3.359533     2.2076    -0.3547     0.3726    34.9348 1.8835e+00 1.0000e-12 5.3093e-11     161144         11  0.000e+00
     66.118     5.1437     5.1769   3.355982   3.358855     2.2076    -0.3547     0.3726    34.9349 0.0000e+00 1.0000e-12 9.9999e+04     161145         11  0.000e+00
     36.582     6.2513     6.2517   3.454159   3.454922     2.3034     0.6416     0.3873    34.9201 1.8835e+00 1.0000e-12 5.3093e-11     163460         12  0.000e+00
     36.525     6.2513     6.2486   3.454470   3.454947     2.3034     0.6416     0.3824    34.9236 3.7670e+00 1.0000e-12 2.6547e-11     163461         12  0.000e+00
     36.582     6.2507     6.2451   3.454563   3.454839     2.3034     0.6416     0.3873    34.9253 1.8835e+00 1.0000e-12 5.3093e-11     163462         12  0.000e+00
     36.469     6.2499     6.2434   3.454607   3.454784     2.3034     0.6416     0.3824    34.9267 1.8835e+00 1.0000e-12 5.3093e-11     163463         12  0.000e+00
     36.582     6.2491     6.2433   3.454488   3.454676     2.3034     0.6416     0.3824    34.9261 0.0000e+00 1.0000e-12 9.9999e+04     163464         12  0.000e+00
     36.525     6.2452     6.2444   3.454277   3.454655     2.3046     0.6416     0.3775    34.9278 0.0000e+00 1.0000e-12 9.9999e+04     163465         12  0.000e+00
     36.582     6.2368     6.2459   3.453960   3.454624     2.3046     0.6416     0.3726    34.9328 1.8835e+00 1.0000e-12 5.3093e-11     163466         12  0.000e+00
     36.606     6.2223     6.2475   3.453599   3.454648     2.3046     0.6416     0.3726    34.9436 1.8835e+00 1.0000e-12 5.3093e-11     163467         12  0.000e+00
     36.582     6.2069     6.2488   3.453319   3.454676     2.3046     0.6416     0.3726    34.9564 1.8835e+00 1.0000e-12 5.3093e-11     163468         12  0.000e+00
     36.582     6.1992     6.2496   3.453301   3.454783     2.3046     0.6416     0.3726    34.9641 1.8835e+00 1.0000e-12 5.3093e-11     163469         12  0.000e+00
     36.525     6.2039     6.2506   3.453500   3.454863     2.3046     0.6416     0.3775    34.9616 1.8835e+00 1.0000e-12 5.3093e-11     163470         12  0.000e+00
     36.582     6.2154     6.2515   3.453873   3.455030     2.3058     0.6416     0.3726    34.9539 1.8835e+00 1.0000e-12 5.3093e-11     163471         12  0.000e+00
     36.582     6.2290     6.2525   3.454202   3.455134     2.3058     0.6416     0.3775    34.9436 1.8835e+00 1.0000e-12 5.3093e-11     163472         12  0.000e+00
     36.526     6.2392     6.2523   3.454482   3.455186     2.3058     0.6416     0.3775    34.9363 1.8835e+00 1.0000e-12 5.3093e-11     163473         12  0.000e+00
     36.582     6.2453     6.2522   3.454632   3.455079     2.3071     0.6416     0.3726    34.9316 1.8835e+00 1.0000e-12 5.3093e-11     163474         12  0.000e+00
     36.526     6.2481     6.2517   3.454700   3.454756     2.3071     0.6416     0.3726    34.9296 1.8835e+00 1.0000e-12 5.3093e-11     163475         12  0.000e+00
     36.550     6.2497     6.2514   3.454812   3.454520     2.3071     0.6416     0.3726    34.9291 1.8835e+00 1.0000e-12 5.3093e-11     163476         12  0.000e+00
     36.526     6.2517     6.2511   3.454887   3.454409     2.3071     0.6416     0.3726    34.9280 1.8835e+00 1.0000e-12 5.3093e-11     163477         12  0.000e+00
     36.526     6.2525     6.2506   3.454992   3.454488     2.3071     0.6416     0.3726    34.9283 3.7670e+00 1.0000e-12 2.6547e-11     163478         12  0.000e+00
     36.526     6.2518     6.2499   3.454893   3.454436     2.3071     0.6416     0.3726    34.9279 1.8835e+00 1.0000e-12 5.3093e-11     163479         12  0.000e+00
     36.469     6.2491     6.2502   3.454700   3.454353     2.3083     0.6416     0.3726    34.9286 1.8835e+00 1.0000e-12 5.3093e-11     163480         12  0.000e+00
     36.526     6.2483     6.2504   3.454638   3.454329     2.3071     0.6416     0.3726    34.9287 1.8835e+00 1.0000e-12 5.3093e-11     163481         12  0.000e+00
     36.469     6.2486     6.2492   3.454669   3.454308     2.3083     0.6416     0.3775    34.9287 1.8835e+00 1.0000e-12 5.3093e-11     163482         12  0.000e+00
     36.469     6.2491     6.2433   3.454712   3.454221     2.3083     0.6416     0.3726    34.9287 1.8835e+00 1.0000e-12 5.3093e-11     163483         12  0.000e+00
     36.429     6.2500     6.2387   3.454625   3.454086     2.3083     0.6416     0.3726    34.9268 1.8835e+00 1.0000e-12 5.3093e-11     163484         12  0.000e+00
     36.469     6.2502     6.2369   3.454588   3.453791     2.3083     0.6416     0.3775    34.9261 0.0000e+00 1.0000e-12 9.9999e+04     163485         12  0.000e+00
     36.405     6.2495     6.2357   3.454551   3.453524     2.3083     0.6416     0.3726    34.9264 1.8835e+00 1.0000e-12 5.3093e-11     163486         12  0.000e+00
     36.405     6.2509     6.2343   3.454619   3.453336     2.3095     0.6416     0.3775    34.9258 1.8835e+00 1.0000e-12 5.3093e-11     163487         12  0.000e+00
     36.405     6.2476     6.2343   3.454451   3.453201     2.3095     0.6416     0.3726    34.9273 1.8835e+00 1.0000e-12 5.3093e-11     163488         12  0.000e+00
     36.349     6.2489     6.2370   3.454376   3.453065     2.3095     0.6416     0.3726    34.9251 0.0000e+00 1.0000e-12 9.9999e+04     163489         12  0.000e+00
     36.349     6.2517     6.2407   3.454557   3.453291     2.3095     0.6416     0.3726    34.9243 1.8835e+00 1.0000e-12 5.3093e-11     163490         12  0.000e+00
     36.349     6.2517     6.2423   3.454675   3.453603     2.3095     0.6416     0.3726    34.9257 0.0000e+00 1.0000e-12 9.9999e+04     163491         12  0.000e+00
     36.285     6.2515     6.2388   3.454687   3.453739     2.3095     0.6416     0.3678    34.9260 0.0000e+00 1.0000e-12 9.9999e+04     163492         12  0.000e+00
     36.309     6.2517     6.2382   3.454781   3.453655     2.3095     0.6416     0.3726    34.9269 1.8835e+00 1.0000e-12 5.3093e-11     163493         12  0.000e+00
     36.285     6.2583     6.2384   3.455086   3.453416     2.3107     0.6416     0.3678    34.9235 1.8835e+00 1.0000e-12 5.3093e-11     163494         12  0.000e+00
     36.229     6.2633     6.2381   3.455384   3.453256     2.3107     0.6416     0.3678    34.9217 1.8835e+00 1.0000e-12 5.3093e-11     163495         12  0.000e+00
     36.229     6.2666     6.2379   3.455608   3.453149     2.3107     0.6416     0.3678    34.9209 1.8835e+00 1.0000e-12 5.3093e-11     163496         12  0.000e+00
     36.173     6.2664     6.2363   3.455695   3.453065     2.3119     0.6416     0.3726    34.9221 1.8835e+00 1.0000e-12 5.3093e-11     163497         12  0.000e+00
     36.173     6.2682     6.2346   3.455820   3.452878     2.3119     0.6416     0.3726    34.9216 0.0000e+00 1.0000e-12 9.9999e+04     163498         12  0.000e+00
