Ship_data/Irminger/Irminger-4/ctd/process/ar21_001.cnv
* Sea-Bird SBE 9 Data File:
* FileName = D:\Data\AR21_001.hdr
* Software Version Seasave V 7.23.2
* Temperature SN = 4155
* Conductivity SN = 2645
* Number of Bytes Per Scan = 40
* Number of Voltage Words = 5
* Number of Scans Averaged by the Deck Unit = 1
* NMEA Latitude = 50 47.11 N
* NMEA Longitude = 047 17.72 W
* NMEA UTC (Time) = Aug 02 2017  11:23:00
# nquan = 21
# nvalues = 2007                        
# units = specified
# name 0 = prDM: Pressure, Digiquartz [db]
# name 1 = t090C: Temperature [ITS-90, deg C]
# name 2 = t190C: Temperature, 2 [ITS-90, deg C]
# name 3 = c0S/m: Conductivity [S/m]
# name 4 = c1S/m: Conductivity, 2 [S/m]
# name 5 = sbeox0V: Oxygen raw, SBE 43 [V]
# name 6 = flECO-AFL: Fluorescence, WET Labs ECO-AFL/FL [mg/m^3]
# name 7 = turbWETntu0: Turbidity, WET Labs ECO [NTU]
# name 8 = sal00: Salinity, Practical [PSU]
# name 9 = spar: SPAR/Surface Irradiance
# name 10 = par: PAR/Irradiance, Biospherical/Licor
# name 11 = cpar: CPAR/Corrected Irradiance [%]
# name 12 = depSM: Depth [salt water, m], lat = 50.7852
# name 13 = sal00: Salinity, Practical [PSU]
# name 14 = sal11: Salinity, Practical, 2 [PSU]
# name 15 = sbeox0ML/L: Oxygen, SBE 43 [ml/l], WS = 2
# name 16 = svCM: Sound Velocity [Chen-Millero, m/s]
# name 17 = sigma-é00: Density [sigma-theta, kg/m^3]
# name 18 = sigma-é11: Density, 2 [sigma-theta, kg/m^3]
# name 19 = avgsvCM: Average Sound Velocity [Chen-Millero, m/s], minP = 20, minS = 20
# name 20 = flag: flag
# span 0 =      2.017,   1017.256       
# span 1 =     3.1991,    10.5334       
# span 2 =     3.2014,    10.5458       
# span 3 =   3.162380,   3.743633       
# span 4 =   3.162345,   3.744386       
# span 5 =     1.5338,     2.5519       
# span 6 =    -0.4143,     1.8267       
# span 7 =     0.3407,     0.5361       
# span 8 =    33.8250,    34.9262       
# span 9 = -5.079e-02, 1.5109e+00       
# span 10 = -2.697e-07, 9.7089e+02      
# span 11 = 2.2487e+04, 1.0270e+05      
# span 12 =      2.000,   1006.000      
# span 13 =    33.8262,    34.9260      
# span 14 =    33.8249,    34.8735      
# span 15 =     3.8771,     6.1229      
# span 16 =    1464.15,    1490.36      
# span 17 =    25.9460,    27.7892      
# span 18 =    25.9408,    27.7514      
# span 19 =       0.00,    1485.22      
# span 20 = 0.0000e+00, 0.0000e+00      
# interval = meters: 1                  
# start_time = Aug 02 2017 11:23:00 [NMEA time, header]
# bad_flag = -9.990e-29
*END*
[from data line 1035]
    983.809     3.3386     3.3406   3.228857   3.229169     1.7052    -0.3901     0.3564    34.8621 7.4813e-01 1.0000e-12 6.3163e+04    973.000    34.8621    34.8636     4.5484    1479.85    27.7497    27.7508    1472.91 0.0000e+00
    982.795     3.3382     3.3406   3.228810   3.229123     1.7137    -0.3826     0.3482    34.8624 1.1377e+00 1.0000e-12 4.3466e+04    972.000    34.8624    34.8636     4.5801    1479.83    27.7500    27.7508    1472.91 0.0000e+00
    981.782     3.3382     3.3406   3.228740   3.229054     1.7213    -0.3941     0.3547    34.8621 6.5170e-01 1.0000e-12 6.5268e+04    971.000    34.8621    34.8633     4.6084    1479.81    27.7498    27.7505    1472.91 0.0000e+00
    980.768     3.3382     3.3404   3.228714   3.228985     1.7243    -0.3852     0.3529    34.8624 5.2485e-01 1.0000e-12 7.2133e+04    970.000    34.8623    34.8632     4.6193    1479.80    27.7499    27.7505    1472.91 0.0000e+00
    979.755     3.3379     3.3401   3.228660   3.228924     1.7300    -0.3643     0.3497    34.8626 7.2425e-01 1.0000e-12 6.1547e+04    969.000    34.8625    34.8633     4.6404    1479.78    27.7502    27.7506    1472.91 0.0000e+00
    978.741     3.3375     3.3395   3.228567   3.228841     1.7592    -0.3825     0.3533    34.8623 6.9350e-01 1.0000e-12 6.3744e+04    968.000    34.8623    34.8635     4.7511    1479.76    27.7500    27.7507    1472.91 0.0000e+00
    977.728     3.3377     3.3400   3.228459   3.228819     1.7700    -0.3840     0.3492    34.8614 1.0107e+00 1.0000e-12 5.0150e+04    967.000    34.8614    34.8632     4.7915    1479.74    27.7492    27.7505    1472.91 0.0000e+00
    976.714     3.3374     3.3395   3.228413   3.228722     1.7652    -0.3921     0.3521    34.8618 7.5712e-01 1.0000e-12 5.9856e+04    966.000    34.8617    34.8631     4.7724    1479.73    27.7495    27.7504    1472.91 0.0000e+00
    975.701     3.3368     3.3388   3.228359   3.228612     1.7601    -0.3772     0.3522    34.8622 8.6991e-01 1.0000e-12 5.7679e+04    965.000    34.8621    34.8630     4.7524    1479.71    27.7499    27.7504    1472.91 0.0000e+00
    974.688     3.3364     3.3384   3.228328   3.228525     1.7561    -0.3818     0.3529    34.8629 1.3770e+00 1.0000e-12 2.6884e+04    964.000    34.8628    34.8629     4.7368    1479.69    27.7505    27.7504    1472.91 0.0000e+00
    973.674     3.3361     3.3380   3.228284   3.228432     1.7530    -0.3895     0.3533    34.8631 4.9491e-01 1.0000e-12 7.3723e+04    963.000    34.8630    34.8628     4.7244    1479.67    27.7507    27.7503    1472.91 0.0000e+00
    972.661     3.3359     3.3379   3.228210   3.228390     1.7434    -0.3799     0.3521    34.8630 6.4581e-01 1.0000e-12 6.5712e+04    962.000    34.8630    34.8629     4.6875    1479.65    27.7506    27.7504    1472.91 0.0000e+00
    971.647     3.3359     3.3382   3.228082   3.228334     1.7270    -0.3680     0.3608    34.8620 7.2657e-01 1.0000e-12 6.1424e+04    961.000    34.8619    34.8625     4.6243    1479.64    27.7497    27.7500    1472.91 0.0000e+00
    970.634     3.3358     3.3381   3.228077   3.228280     1.7279    -0.3683     0.3629    34.8625 1.0223e+00 1.0000e-12 4.5721e+04    960.000    34.8625    34.8625     4.6274    1479.62    27.7502    27.7500    1472.91 0.0000e+00
    969.620     3.3359     3.3382   3.228049   3.228234     1.7312    -0.3910     0.3551    34.8627 1.0278e+00 1.0000e-12 4.5429e+04    959.000    34.8625    34.8623     4.6392    1479.60    27.7503    27.7499    1472.91 0.0000e+00
    968.607     3.3361     3.3387   3.227992   3.228247     1.7379    -0.3862     0.3531    34.8623 1.0139e+00 1.0000e-12 4.6169e+04    958.000    34.8622    34.8625     4.6640    1479.59    27.7500    27.7499    1472.91 0.0000e+00
    967.594     3.3366     3.3390   3.227924   3.228250     1.7474    -0.3732     0.3531    34.8615 1.4013e+00 1.0000e-12 2.5600e+04    957.000    34.8614    34.8627     4.6995    1479.57    27.7493    27.7501    1472.91 0.0000e+00
    966.580     3.3368     3.3392   3.227894   3.228232     1.7608    -0.3769     0.3531    34.8613 5.1645e-01 1.0000e-12 7.2579e+04    956.000    34.8613    34.8629     4.7496    1479.55    27.7492    27.7502    1472.91 0.0000e+00
    965.567     3.3374     3.3394   3.227895   3.228197     1.8051    -0.3771     0.3539    34.8613 6.3506e-01 1.0000e-12 6.6282e+04    955.000    34.8612    34.8627     4.9173    1479.54    27.7491    27.7501    1472.91 0.0000e+00
    964.553     3.3376     3.3399   3.227874   3.228182     1.8157    -0.3711     0.3519    34.8613 1.0947e+00 1.0000e-12 4.1880e+04    954.000    34.8612    34.8625     4.9566    1479.52    27.7490    27.7498    1472.91 0.0000e+00
    963.540     3.3379     3.3398   3.227831   3.228152     1.8203    -0.3678     0.3496    34.8610 8.8292e-01 1.0000e-12 5.3123e+04    953.000    34.8609    34.8628     4.9734    1479.51    27.7488    27.7501    1472.91 0.0000e+00
    962.527     3.3384     3.3403   3.227792   3.228153     1.8254    -0.3832     0.3521    34.8605 1.0375e+00 1.0000e-12 4.4913e+04    952.000    34.8605    34.8628     4.9920    1479.49    27.7484    27.7500    1472.91 0.0000e+00
    961.513     3.3405     3.3411   3.227745   3.228204     1.8157    -0.3752     0.3517    34.8581 9.1880e-01 1.0000e-12 5.4191e+04    951.000    34.8582    34.8631     4.9546    1479.48    27.7463    27.7502    1472.91 0.0000e+00
    960.500     3.3412     3.3419   3.227773   3.228211     1.7679    -0.3743     0.3512    34.8581 5.8315e-01 1.0000e-12 6.9067e+04    950.000    34.8583    34.8628     4.7723    1479.47    27.7463    27.7499    1472.91 0.0000e+00
    959.486     3.3409     3.3420   3.227832   3.228176     1.7674    -0.3939     0.3543    34.8597 5.7953e-01 1.0000e-12 7.6974e+04    949.000    34.8599    34.8628     4.7697    1479.45    27.7476    27.7498    1472.91 0.0000e+00
    958.473     3.3416     3.3428   3.227836   3.228205     1.7713    -0.3938     0.3524    34.8597 6.7263e-01 1.0000e-12 6.4291e+04    948.000    34.8597    34.8629     4.7841    1479.44    27.7474    27.7498    1472.91 0.0000e+00
    957.460     3.3429     3.3432   3.227798   3.228240     1.7778    -0.3938     0.3491    34.8584 5.8877e-01 1.0000e-12 6.8740e+04    947.000    34.8584    34.8634     4.8077    1479.43    27.7462    27.7502    1472.91 0.0000e+00
    956.446     3.3435     3.3447   3.227923   3.228345     1.7978    -0.3928     0.3532    34.8597 7.0659e-01 1.0000e-12 6.4959e+04    946.000    34.8598    34.8636     4.8830    1479.41    27.7473    27.7502    1472.91 0.0000e+00
    955.433     3.3428     3.3447   3.227923   3.228263     1.7968    -0.3926     0.3525    34.8610 9.4473e-01 1.0000e-12 4.9811e+04    945.000    34.8610    34.8632     4.8784    1479.40    27.7483    27.7498    1472.91 0.0000e+00
    954.420     3.3437     3.3461   3.227909   3.228354     1.7940    -0.3938     0.3503    34.8604 8.0868e-01 1.0000e-12 6.4129e+04    944.000    34.8605    34.8632     4.8673    1479.38    27.7478    27.7497    1472.91 0.0000e+00
    953.406     3.3452     3.3472   3.227890   3.228425     1.7943    -0.3783     0.3535    34.8591 1.2146e+00 1.0000e-12 4.2654e+04    943.000    34.8592    34.8634     4.8673    1479.37    27.7466    27.7498    1472.91 0.0000e+00
    952.393     3.3460     3.3472   3.227883   3.228388     1.7970    -0.3742     0.3534    34.8587 5.4981e-01 1.0000e-12 7.0763e+04    942.000    34.8588    34.8635     4.8771    1479.36    27.7462    27.7499    1472.91 0.0000e+00
    951.380     3.3454     3.3477   3.227945   3.228403     1.8085    -0.3852     0.3518    34.8606 5.5270e-01 1.0000e-12 7.0655e+04    941.000    34.8607    34.8638     4.9198    1479.34    27.7477    27.7500    1472.91 0.0000e+00
    950.366     3.3450     3.3477   3.227905   3.228335     1.7961    -0.3769     0.3539    34.8612 1.1503e+00 1.0000e-12 4.4101e+04    940.000    34.8612    34.8634     4.8723    1479.32    27.7482    27.7497    1472.91 0.0000e+00
    949.353     3.3460     3.3488   3.227910   3.228386     1.7912    -0.3675     0.3544    34.8606 4.8784e-01 1.0000e-12 7.3983e+04    939.000    34.8607    34.8634     4.8531    1479.31    27.7477    27.7496    1472.91 0.0000e+00
    948.340     3.3472     3.3498   3.227908   3.228450     1.7888    -0.3730     0.3545    34.8598 8.1518e-01 1.0000e-12 5.6719e+04    938.000    34.8599    34.8636     4.8430    1479.29    27.7469    27.7496    1472.91 0.0000e+00
    947.326     3.3476     3.3499   3.227916   3.228409     1.7888    -0.3848     0.3538    34.8600 8.7958e-01 1.0000e-12 5.3300e+04    937.000    34.8601    34.8635     4.8424    1479.28    27.7470    27.7496    1472.91 0.0000e+00
    946.313     3.3475     3.3496   3.227879   3.228358     1.7933    -0.3853     0.3539    34.8602 1.0463e+00 1.0000e-12 4.4449e+04    936.000    34.8603    34.8638     4.8587    1479.26    27.7472    27.7498    1472.91 0.0000e+00
    945.300     3.3475     3.3498   3.227952   3.228327     1.8118    -0.3642     0.3540    34.8616 -1.479e-02 1.0000e-12 1.0078e+05    935.000    34.8617    34.8637     4.9283    1479.25    27.7483    27.7497    1472.91 0.0000e+00
    944.286     3.3477     3.3500   3.227950   3.228288     1.8164    -0.3729     0.3535    34.8620 2.6927e-01 1.0000e-12 8.5703e+04    934.000    34.8619    34.8635     4.9448    1479.23    27.7485    27.7495    1472.91 0.0000e+00
    943.273     3.3478     3.3499   3.227905   3.228246     1.8206    -0.3720     0.3542    34.8619 1.0571e+00 1.0000e-12 4.3876e+04    933.000    34.8618    34.8637     4.9602    1479.22    27.7484    27.7497    1472.91 0.0000e+00
    942.260     3.3481     3.3496   3.227892   3.228190     1.8326    -0.3846     0.3514    34.8618 6.6252e-01 1.0000e-12 6.5660e+04    932.000    34.8619    34.8638     5.0048    1479.20    27.7484    27.7498    1472.91 0.0000e+00
    941.247     3.3495     3.3502   3.227794   3.228171     1.8157    -0.3742     0.3541    34.8598 9.4406e-01 1.0000e-12 4.9869e+04    931.000    34.8598    34.8636     4.9399    1479.19    27.7466    27.7495    1472.91 0.0000e+00
    940.233     3.3492     3.3506   3.227780   3.228156     1.8083    -0.3796     0.3536    34.8604 8.5648e-01 1.0000e-12 5.9052e+04    930.000    34.8605    34.8635     4.9114    1479.17    27.7471    27.7494    1472.91 0.0000e+00
    939.220     3.3495     3.3508   3.227737   3.228153     1.8002    -0.3825     0.3540    34.8602 8.6911e-01 1.0000e-12 6.1504e+04    929.000    34.8602    34.8637     4.8802    1479.15    27.7469    27.7496    1472.91 0.0000e+00
    938.207     3.3499     3.3522   3.227678   3.228235     1.7901    -0.3846     0.3533    34.8595 9.4081e-01 1.0000e-12 5.5632e+04    928.000    34.8595    34.8638     4.8412    1479.14    27.7463    27.7495    1472.91 0.0000e+00
    937.193     3.3509     3.3526   3.227633   3.228246     1.7744    -0.3861     0.3532    34.8583 7.4939e-01 1.0000e-12 6.1796e+04    927.000    34.8584    34.8640     4.7811    1479.12    27.7453    27.7496    1472.91 0.0000e+00
    936.180     3.3515     3.3526   3.227754   3.228159     1.7626    -0.3910     0.3494    34.8599 9.2493e-01 1.0000e-12 5.7743e+04    926.000    34.8598    34.8635     4.7358    1479.11    27.7464    27.7492    1472.91 0.0000e+00
    935.167     3.3526     3.3537   3.227743   3.228231     1.7656    -0.3910     0.3494    34.8589 7.1828e-01 1.0000e-12 6.1889e+04    925.000    34.8590    34.8637     4.7462    1479.10    27.7456    27.7493    1472.91 0.0000e+00
    934.154     3.3535     3.3557   3.227760   3.228375     1.7677    -0.3926     0.3545    34.8587 7.7494e-01 1.0000e-12 5.8855e+04    924.000    34.8588    34.8638     4.7534    1479.09    27.7453    27.7491    1472.91 0.0000e+00
    933.140     3.3539     3.3558   3.227742   3.228352     1.7704    -0.3783     0.3538    34.8586 5.6732e-01 1.0000e-12 7.4824e+04    923.000    34.8587    34.8639     4.7629    1479.07    27.7452    27.7492    1472.91 0.0000e+00
    932.127     3.3537     3.3556   3.227751   3.228302     1.7807    -0.3871     0.3536    34.8594 7.1809e-01 1.0000e-12 6.4752e+04    922.000    34.8595    34.8641     4.8014    1479.05    27.7459    27.7494    1472.91 0.0000e+00
    931.114     3.3537     3.3558   3.227634   3.228262     1.7879    -0.3795     0.3518    34.8587 7.8720e-01 1.0000e-12 5.8056e+04    921.000    34.8587    34.8639     4.8280    1479.04    27.7452    27.7492    1472.91 0.0000e+00
    930.101     3.3536     3.3557   3.227633   3.228199     1.7840    -0.3931     0.3487    34.8592 4.5537e-01 1.0000e-12 7.9263e+04    920.000    34.8592    34.8639     4.8125    1479.02    27.7456    27.7492    1472.91 0.0000e+00
    929.088     3.3533     3.3548   3.227626   3.228064     1.7795    -0.3783     0.3523    34.8600 8.2621e-01 1.0000e-12 6.4102e+04    919.000    34.8600    34.8637     4.7949    1479.00    27.7463    27.7491    1472.91 0.0000e+00
    928.074     3.3522     3.3534   3.227641   3.227877     1.7767    -0.3851     0.3531    34.8619 6.2935e-01 1.0000e-12 6.6646e+04    918.000    34.8619    34.8634     4.7839    1478.98    27.7479    27.7490    1472.91 0.0000e+00
    927.061     3.3512     3.3525   3.227628   3.227716     1.7751    -0.3925     0.3531    34.8634 6.2783e-01 1.0000e-12 7.3333e+04    917.000    34.8633    34.8631     4.7774    1478.96    27.7491    27.7488    1472.91 0.0000e+00
    926.048     3.3494     3.3498   3.227611   3.227395     1.7757    -0.3910     0.3538    34.8657 1.2091e+00 1.0000e-12 4.2948e+04    916.000    34.8655    34.8626     4.7790    1478.94    27.7511    27.7487    1472.91 0.0000e+00
    925.035     3.3474     3.3485   3.227525   3.227227     1.7778    -0.3897     0.3538    34.8675 6.8603e-01 1.0000e-12 6.3753e+04    915.000    34.8672    34.8625     4.7867    1478.92    27.7526    27.7487    1472.91 0.0000e+00
    924.021     3.3464     3.3474   3.227422   3.227060     1.7825    -0.3924     0.3535    34.8679 8.0525e-01 1.0000e-12 5.7246e+04    914.000    34.8676    34.8622     4.8037    1478.90    27.7530    27.7486    1472.91 0.0000e+00
    923.008     3.3453     3.3472   3.227280   3.227037     1.7895    -0.3938     0.3541    34.8680 4.7702e-01 1.0000e-12 7.4673e+04    913.000    34.8676    34.8627     4.8298    1478.88    27.7531    27.7489    1472.91 0.0000e+00
    921.995     3.3449     3.3466   3.227049   3.226927     1.8039    -0.3758     0.3527    34.8660 9.4916e-01 1.0000e-12 5.4951e+04    912.000    34.8658    34.8625     4.8838    1478.86    27.7516    27.7488    1472.91 0.0000e+00
    920.982     3.3441     3.3463   3.226855   3.226835     1.8142    -0.3953     0.3514    34.8650 1.0277e+00 1.0000e-12 4.4980e+04    911.000    34.8648    34.8622     4.9222    1478.83    27.7510    27.7487    1472.91 0.0000e+00
    919.969     3.3444     3.3470   3.226778   3.226848     1.8131    -0.3938     0.3534    34.8643 1.0360e+00 1.0000e-12 4.4994e+04    910.000    34.8641    34.8621     4.9172    1478.82    27.7503    27.7485    1472.91 0.0000e+00
    918.956     3.3451     3.3477   3.226704   3.226870     1.8119    -0.3926     0.3498    34.8631 9.4214e-01 1.0000e-12 4.9978e+04    909.000    34.8630    34.8622     4.9121    1478.80    27.7494    27.7485    1472.91 0.0000e+00
    917.942     3.3455     3.3477   3.226641   3.226804     1.8119    -0.3787     0.3531    34.8624 5.7832e-01 1.0000e-12 7.7012e+04    908.000    34.8623    34.8620     4.9114    1478.79    27.7488    27.7483    1472.91 0.0000e+00
    916.929     3.3440     3.3451   3.226579   3.226511     1.8122    -0.3700     0.3535    34.8638 5.3778e-01 1.0000e-12 7.1381e+04    907.000    34.8637    34.8617     4.9119    1478.77    27.7500    27.7484    1472.91 0.0000e+00
    915.916     3.3419     3.3440   3.226541   3.226358     1.8151    -0.3894     0.3535    34.8663 6.7081e-01 1.0000e-12 6.4384e+04    906.000    34.8661    34.8616     4.9222    1478.74    27.7521    27.7484    1472.91 0.0000e+00
