Ship_data/Irminger/Irminger-4/ctd/process/ar21999.ros
* Sea-Bird SBE 9 Data File:
* FileName = D:\Data\ar20001.hdr
* Software Version Seasave V 7.23.2
* Temperature SN = 4155
* Conductivity SN = 2645
* Number of Bytes Per Scan = 40
* Number of Voltage Words = 5
* Number of Scans Averaged by the Deck Unit = 1
* NMEA Latitude = 39 53.23 N
* NMEA Longitude = 071 21.61 W
* NMEA UTC (Time) = Jul 06 2017  23:27:03
# nquan = 15
# nvalues = 588                                   
# units = specified
# name 0 = prDM: Pressure, Digiquartz [db]
# name 1 = t090C: Temperature [ITS-90, deg C]
# name 2 = t190C: Temperature, 2 [ITS-90, deg C]
# name 3 = c0S/m: Conductivity [S/m]
# name 4 = c1S/m: Conductivity, 2 [S/m]
# name 5 = sbeox0V: Oxygen raw, SBE 43 [V]
# name 6 = flECO-AFL: Fluorescence, WET Labs ECO-AFL/FL [mg/m^3]
# name 7 = turbWETntu0: Turbidity, WET Labs ECO [NTU]
# name 8 = sal00: Salinity, Practical [PSU]
# name 9 = spar: SPAR/Surface Irradiance
# name 10 = par: PAR/Irradiance, Biospherical/Licor
# name 11 = cpar: CPAR/Corrected Irradiance [%]
# name 12 = scan: Scan Count
# name 13 = nbf: Bottles Fired
# name 14 = flag:  0.000e+00
# interval = seconds: 0.0416667
# start_time = Jul 06 2017 23:27:03 [NMEA time, header]
# bad_flag = -9.990e-29
*END*
[from data line 193]
    204.671    10.6217    10.6235   3.911440   3.911296     1.4021    -0.3743     0.3433    35.3450 5.2738e+01 1.0000e-12 1.8962e-12      32107          4  0.000e+00
    204.591    10.6216    10.6233   3.911447   3.911266     1.4021    -0.3743     0.3433    35.3453 5.0854e+01 1.0000e-12 1.9664e-12      32108          4  0.000e+00
    204.671    10.6214    10.6236   3.911414   3.911296     1.4021    -0.3547     0.3433    35.3451 5.0854e+01 1.0000e-12 1.9664e-12      32109          4  0.000e+00
    179.171    11.2721    11.2781   3.980199   3.980560     1.4681    -0.3352     0.3482    35.4179 4.7087e+01 1.0000e-12 2.1237e-12      35835          5  0.000e+00
    179.171    11.2721    11.2783   3.980205   3.980501     1.4681    -0.3352     0.3482    35.4180 4.7087e+01 1.0000e-12 2.1237e-12      35836          5  0.000e+00
    179.107    11.2721    11.2779   3.980219   3.980501     1.4681    -0.3352     0.3482    35.4182 4.7087e+01 1.0000e-12 2.1237e-12      35837          5  0.000e+00
    179.227    11.2721    11.2779   3.980199   3.980531     1.4681    -0.3352     0.3482    35.4179 4.7087e+01 1.0000e-12 2.1237e-12      35838          5  0.000e+00
    179.107    11.2719    11.2778   3.980205   3.980467     1.4681    -0.3352     0.3482    35.4182 4.7087e+01 1.0000e-12 2.1237e-12      35839          5  0.000e+00
    179.051    11.2718    11.2776   3.980166   3.980467     1.4681    -0.3352     0.3482    35.4180 4.8971e+01 1.0000e-12 2.0420e-12      35840          5  0.000e+00
    179.107    11.2718    11.2776   3.980199   3.980467     1.4681    -0.3352     0.3433    35.4183 4.7087e+01 1.0000e-12 2.1237e-12      35841          5  0.000e+00
    179.107    11.2716    11.2773   3.980199   3.980467     1.4681    -0.3352     0.3433    35.4185 4.7087e+01 1.0000e-12 2.1237e-12      35842          5  0.000e+00
    179.107    11.2721    11.2775   3.980205   3.980438     1.4681    -0.3352     0.3482    35.4180 4.7087e+01 1.0000e-12 2.1237e-12      35843          5  0.000e+00
    179.107    11.2721    11.2775   3.980219   3.980467     1.4681    -0.3352     0.3482    35.4182 4.7087e+01 1.0000e-12 2.1237e-12      35844          5  0.000e+00
    179.051    11.2723    11.2773   3.980219   3.980408     1.4681    -0.3352     0.3482    35.4180 4.7087e+01 1.0000e-12 2.1237e-12      35845          5  0.000e+00
    179.107    11.2724    11.2775   3.980219   3.980467     1.4681    -0.3352     0.3433    35.4179 4.7087e+01 1.0000e-12 2.1237e-12      35846          5  0.000e+00
    179.051    11.2726    11.2775   3.980238   3.980438     1.4681    -0.3352     0.3433    35.4179 4.8971e+01 1.0000e-12 2.0420e-12      35847          5  0.000e+00
    179.107    11.2728    11.2775   3.980271   3.980467     1.4681    -0.3352     0.3433    35.4181 4.7087e+01 1.0000e-12 2.1237e-12      35848          5  0.000e+00
    178.995    11.2729    11.2775   3.980284   3.980438     1.4681    -0.3352     0.3433    35.4181 4.8971e+01 1.0000e-12 2.0420e-12      35849          5  0.000e+00
    179.051    11.2731    11.2775   3.980284   3.980408     1.4681    -0.3352     0.3433    35.4179 4.7087e+01 1.0000e-12 2.1237e-12      35850          5  0.000e+00
    179.051    11.2731    11.2776   3.980311   3.980438     1.4681    -0.3352     0.3433    35.4181 4.7087e+01 1.0000e-12 2.1237e-12      35851          5  0.000e+00
    179.051    11.2730    11.2776   3.980298   3.980438     1.4681    -0.3352     0.3433    35.4182 4.8971e+01 1.0000e-12 2.0420e-12      35852          5  0.000e+00
    178.995    11.2730    11.2778   3.980311   3.980438     1.4681    -0.3352     0.3433    35.4183 4.7087e+01 1.0000e-12 2.1237e-12      35853          5  0.000e+00
    179.052    11.2731    11.2776   3.980324   3.980467     1.4681    -0.3352     0.3433    35.4183 4.7087e+01 1.0000e-12 2.1237e-12      35854          5  0.000e+00
    178.995    11.2733    11.2778   3.980324   3.980438     1.4681    -0.3352     0.3433    35.4182 4.7087e+01 1.0000e-12 2.1237e-12      35855          5  0.000e+00
    178.995    11.2736    11.2776   3.980311   3.980560     1.4681    -0.3352     0.3433    35.4177 4.8971e+01 1.0000e-12 2.0420e-12      35856          5  0.000e+00
    178.995    11.2736    11.2779   3.980317   3.980438     1.4681    -0.3352     0.3433    35.4178 4.7087e+01 1.0000e-12 2.1237e-12      35857          5  0.000e+00
    178.995    11.2734    11.2776   3.980297   3.980438     1.4681    -0.3352     0.3433    35.4177 4.8971e+01 1.0000e-12 2.0420e-12      35858          5  0.000e+00
    178.996    11.2734    11.2781   3.980363   3.980471     1.4681    -0.3352     0.3433    35.4184 4.7087e+01 1.0000e-12 2.1237e-12      35859          5  0.000e+00
    178.996    11.2738    11.2776   3.980370   3.980501     1.4681    -0.3547     0.3433    35.4181 4.7087e+01 1.0000e-12 2.1237e-12      35860          5  0.000e+00
    178.931    11.2740    11.2779   3.980357   3.980501     1.4681    -0.3352     0.3433    35.4178 4.7087e+01 1.0000e-12 2.1237e-12      35861          5  0.000e+00
    178.996    11.2738    11.2779   3.980357   3.980467     1.4681    -0.3352     0.3433    35.4180 4.7087e+01 1.0000e-12 2.1237e-12      35862          5  0.000e+00
    178.996    11.2738    11.2779   3.980337   3.980467     1.4681    -0.3352     0.3433    35.4178 4.7087e+01 1.0000e-12 2.1237e-12      35863          5  0.000e+00
    178.932    11.2736    11.2778   3.980324   3.980467     1.4681    -0.3352     0.3433    35.4179 4.7087e+01 1.0000e-12 2.1237e-12      35864          5  0.000e+00
    178.932    11.2734    11.2778   3.980370   3.980501     1.4681    -0.3352     0.3433    35.4185 4.8971e+01 1.0000e-12 2.0420e-12      35865          5  0.000e+00
    178.996    11.2734    11.2779   3.980416   3.980467     1.4681    -0.3352     0.3433    35.4189 4.7087e+01 1.0000e-12 2.1237e-12      35866          5  0.000e+00
    178.932    11.2736    11.2778   3.980376   3.980501     1.4681    -0.3352     0.3433    35.4184 4.7087e+01 1.0000e-12 2.1237e-12      35867          5  0.000e+00
    178.932    11.2740    11.2779   3.980409   3.980438     1.4681    -0.3352     0.3433    35.4184 4.7087e+01 1.0000e-12 2.1237e-12      35868          5  0.000e+00
    178.932    11.2743    11.2778   3.980403   3.980501     1.4681    -0.3352     0.3433    35.4180 4.8971e+01 1.0000e-12 2.0420e-12      35869          5  0.000e+00
    178.932    11.2741    11.2779   3.980416   3.980438     1.4681    -0.3547     0.3433    35.4183 4.7087e+01 1.0000e-12 2.1237e-12      35870          5  0.000e+00
    178.932    11.2740    11.2779   3.980376   3.980530     1.4681    -0.3352     0.3433    35.4180 4.7087e+01 1.0000e-12 2.1237e-12      35871          5  0.000e+00
    178.932    11.2738    11.2778   3.980409   3.980438     1.4681    -0.3352     0.3482    35.4185 4.7087e+01 1.0000e-12 2.1237e-12      35872          5  0.000e+00
    178.932    11.2738    11.2779   3.980403   3.980501     1.4681    -0.3352     0.3482    35.4185 4.7087e+01 1.0000e-12 2.1237e-12      35873          5  0.000e+00
    178.932    11.2734    11.2778   3.980416   3.980530     1.4681    -0.3352     0.3482    35.4189 4.8971e+01 1.0000e-12 2.0420e-12      35874          5  0.000e+00
    178.932    11.2728    11.2779   3.980403   3.980501     1.4681    -0.3352     0.3482    35.4194 4.7087e+01 1.0000e-12 2.1237e-12      35875          5  0.000e+00
    178.932    11.2728    11.2779   3.980390   3.980530     1.4681    -0.3352     0.3482    35.4193 4.7087e+01 1.0000e-12 2.1237e-12      35876          5  0.000e+00
    178.932    11.2731    11.2779   3.980416   3.980438     1.4681    -0.3352     0.3482    35.4192 4.7087e+01 1.0000e-12 2.1237e-12      35877          5  0.000e+00
    178.932    11.2731    11.2779   3.980429   3.980438     1.4669    -0.3547     0.3482    35.4194 4.7087e+01 1.0000e-12 2.1237e-12      35878          5  0.000e+00
    178.932    11.2733    11.2779   3.980429   3.980530     1.4681    -0.3352     0.3482    35.4192 4.7087e+01 1.0000e-12 2.1237e-12      35879          5  0.000e+00
    178.932    11.2741    11.2779   3.980449   3.980501     1.4681    -0.3352     0.3433    35.4186 4.7087e+01 1.0000e-12 2.1237e-12      35880          5  0.000e+00
    178.932    11.2741    11.2778   3.980462   3.980530     1.4681    -0.3352     0.3433    35.4188 4.8971e+01 1.0000e-12 2.0420e-12      35881          5  0.000e+00
    178.876    11.2739    11.2776   3.980462   3.980467     1.4681    -0.3352     0.3482    35.4190 4.7087e+01 1.0000e-12 2.1237e-12      35882          5  0.000e+00
    178.932    11.2734    11.2778   3.980482   3.980467     1.4669    -0.3352     0.3482    35.4196 4.7087e+01 1.0000e-12 2.1237e-12      35883          5  0.000e+00
    138.798    12.1875    12.1889   4.074487   4.074320     1.7811    -0.3743     0.3433    35.4894 3.3903e+01 1.0000e-12 2.9496e-12      41902          6  0.000e+00
    138.790    12.1874    12.1889   4.074547   4.074346     1.7811    -0.3743     0.3433    35.4900 3.3903e+01 1.0000e-12 2.9496e-12      41903          6  0.000e+00
    138.726    12.1873    12.1889   4.074533   4.074406     1.7811    -0.3743     0.3433    35.4901 3.2019e+01 1.0000e-12 3.1231e-12      41904          6  0.000e+00
    138.847    12.1873    12.1888   4.074527   4.074312     1.7811    -0.3743     0.3433    35.4899 3.2019e+01 1.0000e-12 3.1231e-12      41905          6  0.000e+00
    138.791    12.1873    12.1889   4.074534   4.074346     1.7811    -0.3743     0.3433    35.4900 3.2019e+01 1.0000e-12 3.1231e-12      41906          6  0.000e+00
    138.799    12.1873    12.1888   4.074553   4.074346     1.7811    -0.3743     0.3433    35.4903 3.3903e+01 1.0000e-12 2.9496e-12      41907          6  0.000e+00
    138.791    12.1875    12.1888   4.074533   4.074376     1.7811    -0.3743     0.3433    35.4899 3.3903e+01 1.0000e-12 2.9496e-12      41908          6  0.000e+00
    138.847    12.1877    12.1887   4.074527   4.074376     1.7811    -0.3743     0.3433    35.4896 3.3903e+01 1.0000e-12 2.9496e-12      41909          6  0.000e+00
    138.791    12.1874    12.1888   4.074553   4.074383     1.7811    -0.3743     0.3433    35.4901 3.3903e+01 1.0000e-12 2.9496e-12      41910          6  0.000e+00
    138.791    12.1878    12.1889   4.074567   4.074312     1.7811    -0.3743     0.3433    35.4899 3.2019e+01 1.0000e-12 3.1231e-12      41911          6  0.000e+00
    138.799    12.1878    12.1888   4.074567   4.074376     1.7811    -0.3743     0.3433    35.4899 3.3903e+01 1.0000e-12 2.9496e-12      41912          6  0.000e+00
    138.791    12.1877    12.1888   4.074540   4.074376     1.7811    -0.3743     0.3433    35.4898 3.3903e+01 1.0000e-12 2.9496e-12      41913          6  0.000e+00
    138.847    12.1876    12.1889   4.074534   4.074312     1.7811    -0.3743     0.3433    35.4897 3.3903e+01 1.0000e-12 2.9496e-12      41914          6  0.000e+00
    138.727    12.1873    12.1886   4.074527   4.074312     1.7823    -0.3743     0.3433    35.4900 3.2019e+01 1.0000e-12 3.1231e-12      41915          6  0.000e+00
    138.847    12.1875    12.1883   4.074553   4.074346     1.7811    -0.3743     0.3433    35.4900 3.2019e+01 1.0000e-12 3.1231e-12      41916          6  0.000e+00
    138.799    12.1874    12.1885   4.074547   4.074383     1.7823    -0.3743     0.3433    35.4900 3.3903e+01 1.0000e-12 2.9496e-12      41917          6  0.000e+00
    138.847    12.1875    12.1884   4.074534   4.074282     1.7811    -0.3743     0.3433    35.4898 3.2019e+01 1.0000e-12 3.1231e-12      41918          6  0.000e+00
    138.791    12.1875    12.1883   4.074527   4.074376     1.7811    -0.3743     0.3433    35.4898 3.3903e+01 1.0000e-12 2.9496e-12      41919          6  0.000e+00
    138.847    12.1873    12.1884   4.074553   4.074346     1.7811    -0.3743     0.3433    35.4902 3.2019e+01 1.0000e-12 3.1231e-12      41920          6  0.000e+00
    138.791    12.1874    12.1883   4.074567   4.074376     1.7811    -0.3743     0.3433    35.4902 3.3903e+01 1.0000e-12 2.9496e-12      41921          6  0.000e+00
    138.799    12.1875    12.1882   4.074534   4.074346     1.7823    -0.3743     0.3433    35.4899 3.3903e+01 1.0000e-12 2.9496e-12      41922          6  0.000e+00
    138.848    12.1877    12.1883   4.074527   4.074312     1.7811    -0.3743     0.3433    35.4896 3.2019e+01 1.0000e-12 3.1231e-12      41923          6  0.000e+00
    138.791    12.1875    12.1882   4.074533   4.074282     1.7811    -0.3743     0.3433    35.4899 3.2019e+01 1.0000e-12 3.1231e-12      41924          6  0.000e+00
    138.848    12.1873    12.1883   4.074507   4.074290     1.7811    -0.3743     0.3433    35.4898 3.2019e+01 1.0000e-12 3.1231e-12      41925          6  0.000e+00
    138.792    12.1875    12.1884   4.074514   4.074346     1.7811    -0.3743     0.3433    35.4897 3.3903e+01 1.0000e-12 2.9496e-12      41926          6  0.000e+00
    138.864    12.1871    12.1885   4.074527   4.074346     1.7811    -0.3352     0.3482    35.4901 3.3903e+01 1.0000e-12 2.9496e-12      41927          6  0.000e+00
    138.792    12.1873    12.1886   4.074534   4.074346     1.7811    -0.3352     0.3482    35.4901 3.3903e+01 1.0000e-12 2.9496e-12      41928          6  0.000e+00
    138.848    12.1875    12.1884   4.074500   4.074312     1.7811    -0.3547     0.3482    35.4895 3.2019e+01 1.0000e-12 3.1231e-12      41929          6  0.000e+00
    138.792    12.1871    12.1883   4.074547   4.074346     1.7823    -0.3352     0.3433    35.4903 3.3903e+01 1.0000e-12 2.9496e-12      41930          6  0.000e+00
    138.848    12.1871    12.1883   4.074547   4.074376     1.7823    -0.3352     0.3433    35.4903 3.2019e+01 1.0000e-12 3.1231e-12      41931          6  0.000e+00
    138.800    12.1873    12.1883   4.074534   4.074354     1.7823    -0.3352     0.3482    35.4901 3.3903e+01 1.0000e-12 2.9496e-12      41932          6  0.000e+00
    138.848    12.1870    12.1883   4.074527   4.074282     1.7823    -0.3352     0.3482    35.4903 3.3903e+01 1.0000e-12 2.9496e-12      41933          6  0.000e+00
    138.792    12.1870    12.1883   4.074527   4.074346     1.7823    -0.3352     0.3482    35.4903 3.2019e+01 1.0000e-12 3.1231e-12      41934          6  0.000e+00
    138.792    12.1869    12.1887   4.074534   4.074376     1.7823    -0.3352     0.3482    35.4904 3.2019e+01 1.0000e-12 3.1231e-12      41935          6  0.000e+00
    138.848    12.1871    12.1888   4.074527   4.074346     1.7811    -0.3352     0.3482    35.4901 3.2019e+01 1.0000e-12 3.1231e-12      41936          6  0.000e+00
    138.800    12.1870    12.1888   4.074527   4.074376     1.7811    -0.3352     0.3482    35.4903 3.3903e+01 1.0000e-12 2.9496e-12      41937          6  0.000e+00
    138.792    12.1870    12.1892   4.074534   4.074346     1.7823    -0.3352     0.3433    35.4904 3.3903e+01 1.0000e-12 2.9496e-12      41938          6  0.000e+00
    138.792    12.1869    12.1889   4.074534   4.074346     1.7811    -0.3352     0.3482    35.4904 3.2019e+01 1.0000e-12 3.1231e-12      41939          6  0.000e+00
    138.848    12.1868    12.1890   4.074527   4.074383     1.7823    -0.3352     0.3482    35.4904 3.3903e+01 1.0000e-12 2.9496e-12      41940          6  0.000e+00
    138.792    12.1870    12.1889   4.074527   4.074376     1.7823    -0.3352     0.3482    35.4903 3.3903e+01 1.0000e-12 2.9496e-12      41941          6  0.000e+00
    138.864    12.1871    12.1891   4.074553   4.074346     1.7823    -0.3352     0.3482    35.4904 3.3903e+01 1.0000e-12 2.9496e-12      41942          6  0.000e+00
    138.792    12.1871    12.1892   4.074567   4.074346     1.7823    -0.3352     0.3482    35.4906 3.3903e+01 1.0000e-12 2.9496e-12      41943          6  0.000e+00
    138.792    12.1873    12.1891   4.074514   4.074376     1.7823    -0.3352     0.3482    35.4898 3.3903e+01 1.0000e-12 2.9496e-12      41944          6  0.000e+00
    138.849    12.1871    12.1888   4.074520   4.074376     1.7823    -0.3352     0.3433    35.4900 3.2019e+01 1.0000e-12 3.1231e-12      41945          6  0.000e+00
