Ship_data/Irminger/Irminger-4/ctd/process/ar21_007.ros
* Sea-Bird SBE 9 Data File:
* FileName = D:\Data\AR21_007.hdr
* Software Version Seasave V 7.23.2
* Temperature SN = 4155
* Conductivity SN = 2645
* Number of Bytes Per Scan = 40
* Number of Voltage Words = 5
* Number of Scans Averaged by the Deck Unit = 1
* NMEA Latitude = 59 55.58 N
* NMEA Longitude = 039 30.97 W
* NMEA UTC (Time) = Aug 05 2017  20:24:20
# nquan = 15
# nvalues = 539                                   
# units = specified
# name 0 = prDM: Pressure, Digiquartz [db]
# name 1 = t090C: Temperature [ITS-90, deg C]
# name 2 = t190C: Temperature, 2 [ITS-90, deg C]
# name 3 = c0S/m: Conductivity [S/m]
# name 4 = c1S/m: Conductivity, 2 [S/m]
# name 5 = sbeox0V: Oxygen raw, SBE 43 [V]
# name 6 = flECO-AFL: Fluorescence, WET Labs ECO-AFL/FL [mg/m^3]
# name 7 = turbWETntu0: Turbidity, WET Labs ECO [NTU]
# name 8 = sal00: Salinity, Practical [PSU]
# name 9 = spar: SPAR/Surface Irradiance
# name 10 = par: PAR/Irradiance, Biospherical/Licor
# name 11 = cpar: CPAR/Corrected Irradiance [%]
# name 12 = scan: Scan Count
# name 13 = nbf: Bottles Fired
# name 14 = flag:  0.000e+00
# interval = seconds: 0.0416667
# start_time = Aug 05 2017 20:24:20 [NMEA time, header]
# bad_flag = -9.990e-29
*END*
[from data line 482]
     15.769     8.4557     8.4698   3.644034   3.645712     2.4192     0.6807     0.4068    34.7836 3.7670e+00 1.0000e-12 2.6547e-11      94870         10  0.000e+00
     15.825     8.4474     8.4701   3.643564   3.645712     2.4192     0.6807     0.4068    34.7868 1.8835e+00 1.0000e-12 5.3093e-11      94871         10  0.000e+00
     15.833     8.4464     8.4702   3.643799   3.645769     2.4192     0.6807     0.4068    34.7902 1.8835e+00 1.0000e-12 5.3093e-11      94872         10  0.000e+00
     15.825     8.4472     8.4706   3.643958   3.645769     2.4192     0.6807     0.4117    34.7911 1.8835e+00 1.0000e-12 5.3093e-11      94873         10  0.000e+00
     15.833     8.4475     8.4709   3.643945   3.645826     2.4192     0.6807     0.4117    34.7907 1.8835e+00 1.0000e-12 5.3093e-11      94874         10  0.000e+00
     15.881     8.4465     8.4711   3.643970   3.645851     2.4180     0.6807     0.4068    34.7919 1.8835e+00 1.0000e-12 5.3093e-11      94875         10  0.000e+00
     15.945     8.4475     8.4717   3.644231   3.645851     2.4180     0.7002     0.4117    34.7937 1.8835e+00 1.0000e-12 5.3093e-11      94876         10  0.000e+00
     15.946     8.4514     8.4723   3.644549   3.645908     2.4180     0.7002     0.4068    34.7933 1.8835e+00 1.0000e-12 5.3093e-11      94877         10  0.000e+00
      2.899     8.4972     8.5041   3.648026   3.648326     2.4250     0.6611     0.4019    34.7912 0.0000e+00 1.0000e-12 9.9999e+04      97041         11  0.000e+00
      2.899     8.4964     8.5058   3.647968   3.648355     2.4250     0.6611     0.4019    34.7914 1.8835e+00 1.0000e-12 5.3093e-11      97042         11  0.000e+00
      2.955     8.4960     8.5069   3.647930   3.648469     2.4250     0.6611     0.4019    34.7914 1.8835e+00 1.0000e-12 5.3093e-11      97043         11  0.000e+00
      2.714     8.4958     8.5079   3.647937   3.648607     2.4250     0.6611     0.4019    34.7918 0.0000e+00 1.0000e-12 9.9999e+04      97044         11  0.000e+00
      2.955     8.4956     8.5084   3.647968   3.648750     2.4250     0.6611     0.4019    34.7921 1.8835e+00 1.0000e-12 5.3093e-11      97045         11  0.000e+00
      2.835     8.4963     8.5089   3.648000   3.648803     2.4238     0.6611     0.4019    34.7919 1.8835e+00 1.0000e-12 5.3093e-11      97046         11  0.000e+00
      2.835     8.4971     8.5097   3.648057   3.648807     2.4238     0.6611     0.4019    34.7917 1.8835e+00 1.0000e-12 5.3093e-11      97047         11  0.000e+00
      2.835     8.4981     8.5097   3.648172   3.648835     2.4250     0.6611     0.4019    34.7919 0.0000e+00 1.0000e-12 9.9999e+04      97048         11  0.000e+00
      2.835     8.4992     8.5100   3.648280   3.648892     2.4250     0.6611     0.4019    34.7919 3.7670e+00 1.0000e-12 2.6547e-11      97049         11  0.000e+00
      2.835     8.4989     8.5103   3.648375   3.648892     2.4250     0.6611     0.4019    34.7933 3.7670e+00 1.0000e-12 2.6547e-11      97050         11  0.000e+00
      2.899     8.4996     8.5107   3.648445   3.648892     2.4238     0.6611     0.4068    34.7933 1.8835e+00 1.0000e-12 5.3093e-11      97051         11  0.000e+00
      2.779     8.5004     8.5107   3.648489   3.649002     2.4238     0.6611     0.4019    34.7931 1.8835e+00 1.0000e-12 5.3093e-11      97052         11  0.000e+00
      2.779     8.5014     8.5109   3.648521   3.648974     2.4250     0.6611     0.4019    34.7924 1.8835e+00 1.0000e-12 5.3093e-11      97053         11  0.000e+00
      2.835     8.5021     8.5107   3.648578   3.648974     2.4238     0.6611     0.4019    34.7923 1.8835e+00 1.0000e-12 5.3093e-11      97054         11  0.000e+00
      2.779     8.5032     8.5110   3.648578   3.649002     2.4238     0.6611     0.4068    34.7912 1.8835e+00 1.0000e-12 5.3093e-11      97055         11  0.000e+00
      2.835     8.5035     8.5109   3.648610   3.649031     2.4250     0.6611     0.4019    34.7912 0.0000e+00 1.0000e-12 9.9999e+04      97056         11  0.000e+00
      2.779     8.5040     8.5109   3.648648   3.648974     2.4250     0.6611     0.4019    34.7912 3.7670e+00 1.0000e-12 2.6547e-11      97057         11  0.000e+00
      2.779     8.5043     8.5109   3.648706   3.648974     2.4250     0.6416     0.4019    34.7915 1.8835e+00 1.0000e-12 5.3093e-11      97058         11  0.000e+00
      2.835     8.5043     8.5109   3.648725   3.648949     2.4250     0.6416     0.4019    34.7916 0.0000e+00 1.0000e-12 9.9999e+04      97059         11  0.000e+00
      2.779     8.5042     8.5107   3.648706   3.648949     2.4238     0.6416     0.4019    34.7916 1.8835e+00 1.0000e-12 5.3093e-11      97060         11  0.000e+00
      2.779     8.5046     8.5110   3.648737   3.648949     2.4238     0.6416     0.4019    34.7915 1.8835e+00 1.0000e-12 5.3093e-11      97061         11  0.000e+00
      2.779     8.5050     8.5110   3.648775   3.649002     2.4238     0.6416     0.4019    34.7915 1.8835e+00 1.0000e-12 5.3093e-11      97062         11  0.000e+00
      2.779     8.5055     8.5109   3.648769   3.648974     2.4250     0.6416     0.4019    34.7910 3.7670e+00 1.0000e-12 2.6547e-11      97063         11  0.000e+00
      2.779     8.5051     8.5109   3.648801   3.648974     2.4238     0.6416     0.4019    34.7917 0.0000e+00 1.0000e-12 9.9999e+04      97064         11  0.000e+00
      2.779     8.5056     8.5105   3.648820   3.648974     2.4238     0.6416     0.4019    34.7914 0.0000e+00 1.0000e-12 9.9999e+04      97065         11  0.000e+00
      2.779     8.5061     8.5107   3.648826   3.648949     2.4250     0.6416     0.4019    34.7909 1.8835e+00 1.0000e-12 5.3093e-11      97066         11  0.000e+00
      2.779     8.5065     8.5105   3.648896   3.648974     2.4238     0.6416     0.4019    34.7914 0.0000e+00 1.0000e-12 9.9999e+04      97067         11  0.000e+00
      2.779     8.5067     8.5103   3.648903   3.648920     2.4250     0.6416     0.4019    34.7912 1.8835e+00 1.0000e-12 5.3093e-11      97068         11  0.000e+00
      2.779     8.5068     8.5100   3.648890   3.648917     2.4238     0.6416     0.4019    34.7910 5.6504e+00 1.0000e-12 1.7698e-11      97069         11  0.000e+00
      2.835     8.5065     8.5097   3.648890   3.648863     2.4238     0.6416     0.4019    34.7913 3.7670e+00 1.0000e-12 2.6547e-11      97070         11  0.000e+00
      2.779     8.5058     8.5096   3.648814   3.648892     2.4250     0.6416     0.4019    34.7912 0.0000e+00 1.0000e-12 9.9999e+04      97071         11  0.000e+00
      2.779     8.5060     8.5094   3.648807   3.648863     2.4250     0.6416     0.4019    34.7909 1.8835e+00 1.0000e-12 5.3093e-11      97072         11  0.000e+00
      2.779     8.5060     8.5092   3.648801   3.648778     2.4250     0.6416     0.4019    34.7908 1.8835e+00 1.0000e-12 5.3093e-11      97073         11  0.000e+00
      2.835     8.5060     8.5089   3.648814   3.648864     2.4250     0.6416     0.4019    34.7909 1.8835e+00 1.0000e-12 5.3093e-11      97074         11  0.000e+00
      2.779     8.5062     8.5092   3.648845   3.648860     2.4250     0.6416     0.4019    34.7911 1.8835e+00 1.0000e-12 5.3093e-11      97075         11  0.000e+00
      2.835     8.5061     8.5090   3.648839   3.648807     2.4250     0.6416     0.4019    34.7910 1.8835e+00 1.0000e-12 5.3093e-11      97076         11  0.000e+00
      2.779     8.5063     8.5092   3.648871   3.648863     2.4250     0.6416     0.4019    34.7913 1.8835e+00 1.0000e-12 5.3093e-11      97077         11  0.000e+00
      2.836     8.5066     8.5092   3.648909   3.648892     2.4250     0.6416     0.4019    34.7913 3.7670e+00 1.0000e-12 2.6547e-11      97078         11  0.000e+00
      2.836     8.5066     8.5096   3.648903   3.648835     2.4238     0.6416     0.4019    34.7913 0.0000e+00 1.0000e-12 9.9999e+04      97079         11  0.000e+00
      2.900     8.5065     8.5094   3.648890   3.648892     2.4250     0.6416     0.4019    34.7912 3.7670e+00 1.0000e-12 2.6547e-11      97080         11  0.000e+00
      2.780     8.5066     8.5094   3.648909   3.648860     2.4250     0.6416     0.4019    34.7913 3.7670e+00 1.0000e-12 2.6547e-11      97081         11  0.000e+00
      2.900     8.5067     8.5092   3.648877   3.648835     2.4250     0.6416     0.4019    34.7909 1.8835e+00 1.0000e-12 5.3093e-11      97082         11  0.000e+00
      2.900     8.5063     8.5095   3.648858   3.648835     2.4250     0.6416     0.3971    34.7911 3.7670e+00 1.0000e-12 2.6547e-11      97083         11  0.000e+00
      2.836     8.5056     8.5094   3.648737   3.648864     2.4250     0.6416     0.3971    34.7905 1.8835e+00 1.0000e-12 5.3093e-11      97084         11  0.000e+00
      2.956     8.5053     8.5092   3.648712   3.648807     2.4250     0.6416     0.3971    34.7904 0.0000e+00 1.0000e-12 9.9999e+04      97085         11  0.000e+00
      2.836     8.5051     8.5092   3.648680   3.648864     2.4250     0.6416     0.3971    34.7903 0.0000e+00 1.0000e-12 9.9999e+04      97086         11  0.000e+00
      2.956     8.5043     8.5094   3.648566   3.648888     2.4250     0.6416     0.3971    34.7899 1.8835e+00 1.0000e-12 5.3093e-11      97087         11  0.000e+00
      2.956     8.5037     8.5094   3.648578   3.648835     2.4250     0.6416     0.3971    34.7907 3.7670e+00 1.0000e-12 2.6547e-11      97088         11  0.000e+00
      2.956     8.5032     8.5087   3.648598   3.648835     2.4250     0.6416     0.3971    34.7913 1.8835e+00 1.0000e-12 5.3093e-11      97089         11  0.000e+00
