Ship_data/Irminger/Irminger-4/ctd/process/ar21999.ros
* Sea-Bird SBE 9 Data File:
* FileName = D:\Data\ar20001.hdr
* Software Version Seasave V 7.23.2
* Temperature SN = 4155
* Conductivity SN = 2645
* Number of Bytes Per Scan = 40
* Number of Voltage Words = 5
* Number of Scans Averaged by the Deck Unit = 1
* NMEA Latitude = 39 53.23 N
* NMEA Longitude = 071 21.61 W
* NMEA UTC (Time) = Jul 06 2017  23:27:03
# nquan = 15
# nvalues = 588                                   
# units = specified
# name 0 = prDM: Pressure, Digiquartz [db]
# name 1 = t090C: Temperature [ITS-90, deg C]
# name 2 = t190C: Temperature, 2 [ITS-90, deg C]
# name 3 = c0S/m: Conductivity [S/m]
# name 4 = c1S/m: Conductivity, 2 [S/m]
# name 5 = sbeox0V: Oxygen raw, SBE 43 [V]
# name 6 = flECO-AFL: Fluorescence, WET Labs ECO-AFL/FL [mg/m^3]
# name 7 = turbWETntu0: Turbidity, WET Labs ECO [NTU]
# name 8 = sal00: Salinity, Practical [PSU]
# name 9 = spar: SPAR/Surface Irradiance
# name 10 = par: PAR/Irradiance, Biospherical/Licor
# name 11 = cpar: CPAR/Corrected Irradiance [%]
# name 12 = scan: Scan Count
# name 13 = nbf: Bottles Fired
# name 14 = flag:  0.000e+00
# interval = seconds: 0.0416667
# start_time = Jul 06 2017 23:27:03 [NMEA time, header]
# bad_flag = -9.990e-29
*END*
[from data line 290]
    138.608    12.1871    12.1886   4.074514   4.074346     1.7823    -0.3352     0.3482    35.4901 3.3903e+01 1.0000e-12 2.9496e-12      41947          6  0.000e+00
    139.041    12.1871    12.1887   4.074527   4.074384     1.7823    -0.3352     0.3482    35.4900 3.2019e+01 1.0000e-12 3.1231e-12      41948          6  0.000e+00
    138.793    12.1873    12.1888   4.074507   4.074376     1.7823    -0.3352     0.3482    35.4898 3.2019e+01 1.0000e-12 3.1231e-12      41949          6  0.000e+00
    138.849    12.1873    12.1886   4.074540   4.074346     1.7823    -0.3352     0.3482    35.4901 3.2019e+01 1.0000e-12 3.1231e-12      41950          6  0.000e+00
    103.612    12.4202    12.4076   4.090881   4.089427     1.9363    -0.3547     0.3482    35.4437 2.6369e+01 1.0000e-12 3.7924e-12      46283          7  0.000e+00
    103.596    12.4202    12.4081   4.090861   4.089427     1.9363    -0.3352     0.3482    35.4435 2.8252e+01 1.0000e-12 3.5395e-12      46284          7  0.000e+00
    103.612    12.4204    12.4079   4.090868   4.089427     1.9351    -0.3352     0.3482    35.4434 2.8252e+01 1.0000e-12 3.5395e-12      46285          7  0.000e+00
    103.652    12.4204    12.4079   4.090908   4.089393     1.9363    -0.3547     0.3482    35.4437 2.8252e+01 1.0000e-12 3.5395e-12      46286          7  0.000e+00
    103.733    12.4207    12.4078   4.090921   4.089427     1.9363    -0.3547     0.3482    35.4435 2.8252e+01 1.0000e-12 3.5395e-12      46287          7  0.000e+00
    103.596    12.4209    12.4081   4.090941   4.089487     1.9363    -0.3352     0.3482    35.4436 2.8252e+01 1.0000e-12 3.5395e-12      46288          7  0.000e+00
    103.556    12.4212    12.4081   4.091007   4.089427     1.9363    -0.3352     0.3482    35.4439 2.8252e+01 1.0000e-12 3.5395e-12      46289          7  0.000e+00
    103.773    12.4217    12.4083   4.091074   4.089487     1.9363    -0.3352     0.3482    35.4440 2.8252e+01 1.0000e-12 3.5395e-12      46290          7  0.000e+00
    103.612    12.4224    12.4083   4.091147   4.089457     1.9363    -0.3352     0.3482    35.4442 2.6369e+01 1.0000e-12 3.7924e-12      46291          7  0.000e+00
    103.709    12.4226    12.4089   4.091247   4.089491     1.9363    -0.3352     0.3482    35.4449 2.8252e+01 1.0000e-12 3.5395e-12      46292          7  0.000e+00
    103.669    12.4229    12.4091   4.091380   4.089521     1.9363    -0.3352     0.3482    35.4459 2.8252e+01 1.0000e-12 3.5395e-12      46293          7  0.000e+00
    103.709    12.4247    12.4094   4.091466   4.089551     1.9363    -0.3352     0.3482    35.4450 2.8252e+01 1.0000e-12 3.5395e-12      46294          7  0.000e+00
    103.733    12.4251    12.4093   4.091406   4.089581     1.9363    -0.3352     0.3482    35.4441 2.6369e+01 1.0000e-12 3.7924e-12      46295          7  0.000e+00
    103.709    12.4244    12.4093   4.091307   4.089551     1.9363    -0.3352     0.3482    35.4437 2.8252e+01 1.0000e-12 3.5395e-12      46296          7  0.000e+00
    103.669    12.4239    12.4096   4.091300   4.089551     1.9363    -0.3352     0.3482    35.4442 2.8252e+01 1.0000e-12 3.5395e-12      46297          7  0.000e+00
    103.773    12.4247    12.4103   4.091406   4.089551     1.9363    -0.3352     0.3482    35.4444 2.6369e+01 1.0000e-12 3.7924e-12      46298          7  0.000e+00
    103.733    12.4258    12.4111   4.091446   4.089614     1.9363    -0.3352     0.3482    35.4438 2.8252e+01 1.0000e-12 3.5395e-12      46299          7  0.000e+00
    103.773    12.4268    12.4110   4.091473   4.089708     1.9363    -0.3352     0.3482    35.4431 2.6369e+01 1.0000e-12 3.7924e-12      46300          7  0.000e+00
    103.733    12.4276    12.4108   4.091460   4.089678     1.9363    -0.3352     0.3482    35.4422 2.6369e+01 1.0000e-12 3.7924e-12      46301          7  0.000e+00
    103.774    12.4273    12.4101   4.091347   4.089581     1.9363    -0.3352     0.3482    35.4414 2.6369e+01 1.0000e-12 3.7924e-12      46302          7  0.000e+00
    103.790    12.4261    12.4101   4.091387   4.089614     1.9363    -0.3352     0.3482    35.4429 2.8252e+01 1.0000e-12 3.5395e-12      46303          7  0.000e+00
    103.790    12.4253    12.4097   4.091433   4.089644     1.9363    -0.3352     0.3433    35.4441 2.6369e+01 1.0000e-12 3.7924e-12      46304          7  0.000e+00
    103.830    12.4260    12.4087   4.091526   4.089644     1.9363    -0.3352     0.3482    35.4444 2.8252e+01 1.0000e-12 3.5395e-12      46305          7  0.000e+00
    103.790    12.4270    12.4089   4.091586   4.089678     1.9363    -0.3352     0.3482    35.4440 2.8252e+01 1.0000e-12 3.5395e-12      46306          7  0.000e+00
    103.830    12.4276    12.4088   4.091699   4.089614     1.9363    -0.3352     0.3482    35.4445 2.6369e+01 1.0000e-12 3.7924e-12      46307          7  0.000e+00
    103.846    12.4286    12.4091   4.091752   4.089614     1.9363    -0.3352     0.3482    35.4440 2.6369e+01 1.0000e-12 3.7924e-12      46308          7  0.000e+00
    103.830    12.4291    12.4095   4.091772   4.089708     1.9375    -0.3352     0.3433    35.4438 2.6369e+01 1.0000e-12 3.7924e-12      46309          7  0.000e+00
    103.846    12.4296    12.4099   4.091846   4.089675     1.9375    -0.3743     0.3482    35.4440 2.6369e+01 1.0000e-12 3.7924e-12      46310          7  0.000e+00
    103.886    12.4310    12.4100   4.091979   4.089738     1.9375    -0.3743     0.3482    35.4440 2.6369e+01 1.0000e-12 3.7924e-12      46311          7  0.000e+00
    103.846    12.4321    12.4098   4.092078   4.089738     1.9363    -0.3743     0.3482    35.4439 2.6369e+01 1.0000e-12 3.7924e-12      46312          7  0.000e+00
    103.886    12.4332    12.4110   4.092138   4.089675     1.9363    -0.3743     0.3482    35.4434 2.6369e+01 1.0000e-12 3.7924e-12      46313          7  0.000e+00
    103.911    12.4335    12.4113   4.091999   4.089708     1.9363    -0.3743     0.3482    35.4418 2.6369e+01 1.0000e-12 3.7924e-12      46314          7  0.000e+00
    103.887    12.4310    12.4106   4.091846   4.089802     1.9363    -0.3743     0.3482    35.4427 2.8252e+01 1.0000e-12 3.5395e-12      46315          7  0.000e+00
    103.911    12.4307    12.4103   4.091653   4.089708     1.9363    -0.3743     0.3482    35.4411 2.6369e+01 1.0000e-12 3.7924e-12      46316          7  0.000e+00
    103.951    12.4261    12.4098   4.091200   4.089645     1.9363    -0.3743     0.3482    35.4410 2.8252e+01 1.0000e-12 3.5395e-12      46317          7  0.000e+00
    103.911    12.4209    12.4097   4.090662   4.089615     1.9363    -0.3743     0.3482    35.4408 2.6369e+01 1.0000e-12 3.7924e-12      46318          7  0.000e+00
    103.951    12.4163    12.4093   4.090236   4.089645     1.9363    -0.3743     0.3482    35.4409 2.6369e+01 1.0000e-12 3.7924e-12      46319          7  0.000e+00
    103.967    12.4130    12.4090   4.089977   4.089615     1.9363    -0.3743     0.3482    35.4416 2.8252e+01 1.0000e-12 3.5395e-12      46320          7  0.000e+00
    103.887    12.4104    12.4086   4.089817   4.089551     1.9375    -0.3743     0.3482    35.4424 2.8252e+01 1.0000e-12 3.5395e-12      46321          7  0.000e+00
    103.967    12.4086    12.4083   4.089757   4.089551     1.9363    -0.3743     0.3482    35.4436 2.8252e+01 1.0000e-12 3.5395e-12      46322          7  0.000e+00
    104.007    12.4078    12.4083   4.089691   4.089551     1.9375    -0.3743     0.3482    35.4437 2.8252e+01 1.0000e-12 3.5395e-12      46323          7  0.000e+00
    103.967    12.4069    12.4081   4.089724   4.089487     1.9363    -0.3743     0.3482    35.4449 2.6369e+01 1.0000e-12 3.7924e-12      46324          7  0.000e+00
    104.007    12.4065    12.4080   4.089691   4.089521     1.9375    -0.3743     0.3482    35.4449 2.8252e+01 1.0000e-12 3.5395e-12      46325          7  0.000e+00
    103.967    12.4067    12.4083   4.089697   4.089521     1.9363    -0.3743     0.3482    35.4448 2.8252e+01 1.0000e-12 3.5395e-12      46326          7  0.000e+00
    104.008    12.4065    12.4085   4.089684   4.089457     1.9375    -0.3743     0.3482    35.4448 2.8252e+01 1.0000e-12 3.5395e-12      46327          7  0.000e+00
    104.032    12.4062    12.4079   4.089651   4.089487     1.9375    -0.3743     0.3482    35.4447 2.6369e+01 1.0000e-12 3.7924e-12      46328          7  0.000e+00
    104.008    12.4061    12.4076   4.089637   4.089487     1.9375    -0.3743     0.3482    35.4448 2.6369e+01 1.0000e-12 3.7924e-12      46329          7  0.000e+00
    103.968    12.4062    12.4071   4.089691   4.089427     1.9375    -0.3743     0.3482    35.4452 2.8252e+01 1.0000e-12 3.5395e-12      46330          7  0.000e+00
    104.072    12.4074    12.4064   4.089757   4.089393     1.9363    -0.3743     0.3482    35.4447 2.8252e+01 1.0000e-12 3.5395e-12      46331          7  0.000e+00
     78.772    12.3135    12.3122   4.064777   4.064328     2.0304    -0.3352     0.3531    35.3022 2.4485e+01 1.0000e-12 4.0841e-12      50176          8  0.000e+00
     78.829    12.3134    12.3119   4.064757   4.064298     2.0304    -0.3352     0.3531    35.3021 2.4485e+01 1.0000e-12 4.0841e-12      50177          8  0.000e+00
     78.532    12.3136    12.3114   4.064810   4.064204     2.0304    -0.3352     0.3531    35.3025 2.4485e+01 1.0000e-12 4.0841e-12      50178          8  0.000e+00
     78.829    12.3137    12.3119   4.064910   4.064171     2.0304    -0.3352     0.3531    35.3032 2.4485e+01 1.0000e-12 4.0841e-12      50179          8  0.000e+00
     78.773    12.3145    12.3119   4.064936   4.064141     2.0304    -0.3352     0.3531    35.3028 2.4485e+01 1.0000e-12 4.0841e-12      50180          8  0.000e+00
     78.652    12.3145    12.3117   4.064989   4.064174     2.0304    -0.3352     0.3531    35.3033 2.4485e+01 1.0000e-12 4.0841e-12      50181          8  0.000e+00
     78.829    12.3145    12.3116   4.064929   4.064141     2.0304    -0.3352     0.3531    35.3026 2.4485e+01 1.0000e-12 4.0841e-12      50182          8  0.000e+00
     78.773    12.3142    12.3119   4.064923   4.064174     2.0304    -0.3352     0.3531    35.3029 2.4485e+01 1.0000e-12 4.0841e-12      50183          8  0.000e+00
     78.829    12.3141    12.3121   4.064916   4.064204     2.0304    -0.3352     0.3531    35.3030 2.4485e+01 1.0000e-12 4.0841e-12      50184          8  0.000e+00
     78.773    12.3138    12.3127   4.064903   4.064234     2.0304    -0.3352     0.3531    35.3031 2.4485e+01 1.0000e-12 4.0841e-12      50185          8  0.000e+00
     78.829    12.3139    12.3125   4.064850   4.064264     2.0304    -0.3352     0.3531    35.3025 2.4485e+01 1.0000e-12 4.0841e-12      50186          8  0.000e+00
     78.829    12.3136    12.3125   4.064830   4.064328     2.0304    -0.3352     0.3580    35.3026 2.4485e+01 1.0000e-12 4.0841e-12      50187          8  0.000e+00
     78.829    12.3130    12.3125   4.064750   4.064328     2.0304    -0.3352     0.3580    35.3023 2.4485e+01 1.0000e-12 4.0841e-12      50188          8  0.000e+00
     78.829    12.3129    12.3129   4.064744   4.064328     2.0304    -0.3352     0.3580    35.3023 2.4485e+01 1.0000e-12 4.0841e-12      50189          8  0.000e+00
     78.829    12.3122    12.3131   4.064677   4.064361     2.0304    -0.3352     0.3580    35.3024 2.4485e+01 1.0000e-12 4.0841e-12      50190          8  0.000e+00
     78.893    12.3116    12.3127   4.064651   4.064391     2.0304    -0.3352     0.3580    35.3027 2.4485e+01 1.0000e-12 4.0841e-12      50191          8  0.000e+00
     78.773    12.3118    12.3124   4.064631   4.064358     2.0304    -0.3352     0.3580    35.3024 2.4485e+01 1.0000e-12 4.0841e-12      50192          8  0.000e+00
     78.950    12.3114    12.3122   4.064598   4.064268     2.0304    -0.3352     0.3580    35.3024 2.4485e+01 1.0000e-12 4.0841e-12      50193          8  0.000e+00
     78.894    12.3114    12.3119   4.064585   4.064234     2.0304    -0.3352     0.3580    35.3022 2.4485e+01 1.0000e-12 4.0841e-12      50194          8  0.000e+00
     78.894    12.3107    12.3117   4.064505   4.064264     2.0304    -0.3352     0.3580    35.3021 2.4485e+01 1.0000e-12 4.0841e-12      50195          8  0.000e+00
     78.894    12.3109    12.3115   4.064425   4.064234     2.0304    -0.3352     0.3580    35.3012 2.4485e+01 1.0000e-12 4.0841e-12      50196          8  0.000e+00
     78.894    12.3105    12.3112   4.064425   4.064141     2.0304    -0.3352     0.3580    35.3015 2.4485e+01 1.0000e-12 4.0841e-12      50197          8  0.000e+00
     78.950    12.3100    12.3109   4.064339   4.064111     2.0304    -0.3352     0.3580    35.3011 2.4485e+01 1.0000e-12 4.0841e-12      50198          8  0.000e+00
     78.894    12.3090    12.3107   4.064319   4.064077     2.0304    -0.3352     0.3580    35.3019 2.4485e+01 1.0000e-12 4.0841e-12      50199          8  0.000e+00
     78.894    12.3096    12.3105   4.064332   4.064111     2.0304    -0.3352     0.3580    35.3015 2.4485e+01 1.0000e-12 4.0841e-12      50200          8  0.000e+00
     78.950    12.3093    12.3105   4.064359   4.064081     2.0304    -0.3352     0.3580    35.3020 2.4485e+01 1.0000e-12 4.0841e-12      50201          8  0.000e+00
     78.894    12.3095    12.3104   4.064419   4.064077     2.0304    -0.3352     0.3580    35.3024 2.4485e+01 1.0000e-12 4.0841e-12      50202          8  0.000e+00
     78.950    12.3102    12.3104   4.064465   4.064081     2.0304    -0.3352     0.3580    35.3022 2.4485e+01 1.0000e-12 4.0841e-12      50203          8  0.000e+00
     78.950    12.3114    12.3102   4.064558   4.063988     2.0304    -0.3352     0.3580    35.3019 2.4485e+01 1.0000e-12 4.0841e-12      50204          8  0.000e+00
     78.950    12.3122    12.3098   4.064631   4.063984     2.0304    -0.3352     0.3580    35.3019 2.4485e+01 1.0000e-12 4.0841e-12      50205          8  0.000e+00
     78.894    12.3127    12.3098   4.064677   4.063987     2.0304    -0.3352     0.3580    35.3019 2.4485e+01 1.0000e-12 4.0841e-12      50206          8  0.000e+00
     79.006    12.3130    12.3098   4.064711   4.064017     2.0304    -0.3352     0.3580    35.3019 2.4485e+01 1.0000e-12 4.0841e-12      50207          8  0.000e+00
     78.894    12.3133    12.3095   4.064744   4.064047     2.0304    -0.3352     0.3580    35.3020 2.4485e+01 1.0000e-12 4.0841e-12      50208          8  0.000e+00
     78.950    12.3132    12.3097   4.064677   4.063988     2.0304    -0.3352     0.3580    35.3014 2.4485e+01 1.0000e-12 4.0841e-12      50209          8  0.000e+00
     78.950    12.3130    12.3100   4.064677   4.064081     2.0304    -0.3352     0.3580    35.3016 2.4485e+01 1.0000e-12 4.0841e-12      50210          8  0.000e+00
     78.950    12.3127    12.3100   4.064691   4.064047     2.0304    -0.3352     0.3580    35.3020 2.4485e+01 1.0000e-12 4.0841e-12      50211          8  0.000e+00
     78.950    12.3133    12.3102   4.064691   4.064051     2.0304    -0.3352     0.3580    35.3015 2.4485e+01 1.0000e-12 4.0841e-12      50212          8  0.000e+00
     79.007    12.3137    12.3104   4.064664   4.064051     2.0304    -0.3352     0.3580    35.3008 2.4485e+01 1.0000e-12 4.0841e-12      50213          8  0.000e+00
     78.951    12.3139    12.3105   4.064704   4.064017     2.0304    -0.3352     0.3580    35.3010 2.4485e+01 1.0000e-12 4.0841e-12      50214          8  0.000e+00
     78.951    12.3141    12.3105   4.064664   4.064081     2.0304    -0.3352     0.3580    35.3005 2.4485e+01 1.0000e-12 4.0841e-12      50215          8  0.000e+00
     78.951    12.3136    12.3107   4.064644   4.064081     2.0304    -0.3352     0.3580    35.3007 2.4485e+01 1.0000e-12 4.0841e-12      50216          8  0.000e+00
     78.951    12.3130    12.3107   4.064651   4.064081     2.0304    -0.3352     0.3580    35.3013 2.4485e+01 1.0000e-12 4.0841e-12      50217          8  0.000e+00
