Ship_data/Irminger/Irminger-4/ctd/process/ar21_009.ros
* Sea-Bird SBE 9 Data File:
* FileName = D:\Data\AR21_009.hdr
* Software Version Seasave V 7.23.2
* Temperature SN = 4155
* Conductivity SN = 2645
* Number of Bytes Per Scan = 40
* Number of Voltage Words = 5
* Number of Scans Averaged by the Deck Unit = 1
* NMEA Latitude = 59 58.27 N
* NMEA Longitude = 039 30.81 W
* NMEA UTC (Time) = Aug 06 2017  21:22:51
** Test cast to check pump1 and acoustic device for James
# nquan = 15
# nvalues = 1176                                  
# units = specified
# name 0 = prDM: Pressure, Digiquartz [db]
# name 1 = t090C: Temperature [ITS-90, deg C]
# name 2 = t190C: Temperature, 2 [ITS-90, deg C]
# name 3 = c0S/m: Conductivity [S/m]
# name 4 = c1S/m: Conductivity, 2 [S/m]
# name 5 = sbeox0V: Oxygen raw, SBE 43 [V]
# name 6 = flECO-AFL: Fluorescence, WET Labs ECO-AFL/FL [mg/m^3]
# name 7 = turbWETntu0: Turbidity, WET Labs ECO [NTU]
# name 8 = sal00: Salinity, Practical [PSU]
# name 9 = spar: SPAR/Surface Irradiance
# name 10 = par: PAR/Irradiance, Biospherical/Licor
# name 11 = cpar: CPAR/Corrected Irradiance [%]
# name 12 = scan: Scan Count
# name 13 = nbf: Bottles Fired
# name 14 = flag:  0.000e+00
# interval = seconds: 0.0416667
# start_time = Aug 06 2017 21:22:51 [NMEA time, header]
# bad_flag = -9.990e-29
*END*
[from data line 482]
    757.572     3.4259     3.4266   3.227499   3.227309     2.0284    -0.3352     0.3580    34.8710 1.8835e+00 1.0000e-12 5.3093e-11      45793         10  0.000e+00
    757.637     3.4257     3.4268   3.227499   3.227316     2.0284    -0.3547     0.3580    34.8712 1.8835e+00 1.0000e-12 5.3093e-11      45794         10  0.000e+00
    757.515     3.4255     3.4266   3.227517   3.227386     2.0284    -0.3547     0.3580    34.8716 1.8835e+00 1.0000e-12 5.3093e-11      45795         10  0.000e+00
    757.515     3.4257     3.4269   3.227511   3.227366     2.0284    -0.3352     0.3580    34.8714 1.8835e+00 1.0000e-12 5.3093e-11      45796         10  0.000e+00
    757.450     3.4257     3.4269   3.227517   3.227343     2.0284    -0.3352     0.3580    34.8715 1.8835e+00 1.0000e-12 5.3093e-11      45797         10  0.000e+00
    757.394     3.4258     3.4268   3.227529   3.227359     2.0284    -0.3547     0.3580    34.8715 3.7670e+00 1.0000e-12 2.6547e-11      45798         10  0.000e+00
    757.394     3.4259     3.4271   3.227511   3.227343     2.0284    -0.3547     0.3580    34.8713 1.8835e+00 1.0000e-12 5.3093e-11      45799         10  0.000e+00
    757.337     3.4254     3.4273   3.227498   3.227393     2.0296    -0.3352     0.3580    34.8717 1.8835e+00 1.0000e-12 5.3093e-11      45800         10  0.000e+00
    725.757     3.4500     3.4513   3.228507   3.228417     2.0345    -0.3938     0.3580    34.8742 1.8835e+00 1.0000e-12 5.3093e-11      46545         11  0.000e+00
    725.636     3.4497     3.4510   3.228513   3.228406     2.0358    -0.3938     0.3580    34.8747 0.0000e+00 1.0000e-12 9.9999e+04      46546         11  0.000e+00
    725.676     3.4497     3.4512   3.228501   3.228393     2.0358    -0.3938     0.3580    34.8745 1.8835e+00 1.0000e-12 5.3093e-11      46547         11  0.000e+00
    725.636     3.4495     3.4510   3.228495   3.228332     2.0358    -0.3938     0.3580    34.8746 1.8835e+00 1.0000e-12 5.3093e-11      46548         11  0.000e+00
    725.579     3.4494     3.4510   3.228476   3.228366     2.0345    -0.3938     0.3580    34.8746 0.0000e+00 1.0000e-12 9.9999e+04      46549         11  0.000e+00
    725.522     3.4492     3.4510   3.228464   3.228342     2.0345    -0.3938     0.3580    34.8747 0.0000e+00 1.0000e-12 9.9999e+04      46550         11  0.000e+00
    725.522     3.4492     3.4508   3.228446   3.228383     2.0358    -0.3938     0.3580    34.8744 1.8835e+00 1.0000e-12 5.3093e-11      46551         11  0.000e+00
    725.441     3.4492     3.4505   3.228452   3.228342     2.0358    -0.3938     0.3580    34.8746 1.8835e+00 1.0000e-12 5.3093e-11      46552         11  0.000e+00
    725.457     3.4495     3.4508   3.228464   3.228305     2.0358    -0.3938     0.3580    34.8744 1.8835e+00 1.0000e-12 5.3093e-11      46553         11  0.000e+00
    725.401     3.4494     3.4512   3.228464   3.228342     2.0358    -0.3938     0.3580    34.8745 3.7670e+00 1.0000e-12 2.6547e-11      46554         11  0.000e+00
    725.336     3.4496     3.4515   3.228464   3.228342     2.0358    -0.3743     0.3580    34.8744 0.0000e+00 1.0000e-12 9.9999e+04      46555         11  0.000e+00
    725.336     3.4497     3.4520   3.228464   3.228406     2.0358    -0.3743     0.3531    34.8743 0.0000e+00 1.0000e-12 9.9999e+04      46556         11  0.000e+00
    725.279     3.4494     3.4518   3.228482   3.228416     2.0358    -0.3743     0.3531    34.8748 1.8835e+00 1.0000e-12 5.3093e-11      46557         11  0.000e+00
    725.255     3.4497     3.4510   3.228476   3.228433     2.0358    -0.3743     0.3531    34.8745 1.8835e+00 1.0000e-12 5.3093e-11      46558         11  0.000e+00
    725.214     3.4497     3.4510   3.228446   3.228366     2.0358    -0.3743     0.3531    34.8741 1.8835e+00 1.0000e-12 5.3093e-11      46559         11  0.000e+00
    725.214     3.4494     3.4513   3.228452   3.228315     2.0358    -0.3743     0.3531    34.8745 1.8835e+00 1.0000e-12 5.3093e-11      46560         11  0.000e+00
    725.093     3.4495     3.4513   3.228422   3.228356     2.0358    -0.3743     0.3531    34.8741 1.8835e+00 1.0000e-12 5.3093e-11      46561         11  0.000e+00
    725.157     3.4494     3.4507   3.228446   3.228315     2.0358    -0.3743     0.3580    34.8744 1.8835e+00 1.0000e-12 5.3093e-11      46562         11  0.000e+00
    725.076     3.4494     3.4504   3.228446   3.228342     2.0358    -0.3743     0.3531    34.8745 0.0000e+00 1.0000e-12 9.9999e+04      46563         11  0.000e+00
    725.036     3.4494     3.4502   3.228434   3.228305     2.0358    -0.3547     0.3580    34.8743 0.0000e+00 1.0000e-12 9.9999e+04      46564         11  0.000e+00
    725.036     3.4492     3.4500   3.228416   3.228292     2.0358    -0.3743     0.3531    34.8743 1.8835e+00 1.0000e-12 5.3093e-11      46565         11  0.000e+00
    724.979     3.4490     3.4500   3.228403   3.228282     2.0358    -0.3743     0.3531    34.8744 0.0000e+00 1.0000e-12 9.9999e+04      46566         11  0.000e+00
    724.914     3.4491     3.4500   3.228403   3.228292     2.0358    -0.3743     0.3531    34.8744 0.0000e+00 1.0000e-12 9.9999e+04      46567         11  0.000e+00
    724.914     3.4491     3.4502   3.228403   3.228292     2.0358    -0.3743     0.3531    34.8744 1.8835e+00 1.0000e-12 5.3093e-11      46568         11  0.000e+00
    724.898     3.4489     3.4500   3.228385   3.228305     2.0358    -0.3743     0.3531    34.8744 3.7670e+00 1.0000e-12 2.6547e-11      46569         11  0.000e+00
    724.858     3.4492     3.4500   3.228379   3.228265     2.0358    -0.3743     0.3531    34.8740 1.8835e+00 1.0000e-12 5.3093e-11      46570         11  0.000e+00
    724.793     3.4492     3.4502   3.228416   3.228282     2.0358    -0.3743     0.3531    34.8745 0.0000e+00 1.0000e-12 9.9999e+04      46571         11  0.000e+00
    724.793     3.4494     3.4504   3.228434   3.228214     2.0358    -0.3743     0.3580    34.8745 0.0000e+00 1.0000e-12 9.9999e+04      46572         11  0.000e+00
    724.793     3.4504     3.4505   3.228519   3.228292     2.0358    -0.3743     0.3531    34.8745 0.0000e+00 1.0000e-12 9.9999e+04      46573         11  0.000e+00
    724.712     3.4507     3.4510   3.228549   3.228282     2.0358    -0.3743     0.3531    34.8746 0.0000e+00 1.0000e-12 9.9999e+04      46574         11  0.000e+00
    724.671     3.4512     3.4508   3.228591   3.228292     2.0358    -0.3743     0.3531    34.8746 1.8835e+00 1.0000e-12 5.3093e-11      46575         11  0.000e+00
    724.671     3.4511     3.4505   3.228591   3.228332     2.0358    -0.3743     0.3531    34.8746 1.8835e+00 1.0000e-12 5.3093e-11      46576         11  0.000e+00
    724.615     3.4515     3.4504   3.228622   3.228292     2.0358    -0.3743     0.3531    34.8746 1.8835e+00 1.0000e-12 5.3093e-11      46577         11  0.000e+00
    724.615     3.4516     3.4504   3.228658   3.228265     2.0358    -0.3743     0.3531    34.8749 0.0000e+00 1.0000e-12 9.9999e+04      46578         11  0.000e+00
    724.590     3.4519     3.4504   3.228670   3.228282     2.0358    -0.3743     0.3531    34.8748 1.8835e+00 1.0000e-12 5.3093e-11      46579         11  0.000e+00
    724.493     3.4521     3.4505   3.228670   3.228265     2.0358    -0.3938     0.3531    34.8746 0.0000e+00 1.0000e-12 9.9999e+04      46580         11  0.000e+00
    724.493     3.4521     3.4507   3.228670   3.228265     2.0358    -0.3938     0.3580    34.8746 1.8835e+00 1.0000e-12 5.3093e-11      46581         11  0.000e+00
    724.493     3.4520     3.4505   3.228652   3.228255     2.0358    -0.3938     0.3531    34.8745 1.8835e+00 1.0000e-12 5.3093e-11      46582         11  0.000e+00
    724.493     3.4512     3.4507   3.228573   3.228292     2.0358    -0.3938     0.3580    34.8744 1.8835e+00 1.0000e-12 5.3093e-11      46583         11  0.000e+00
    724.355     3.4505     3.4508   3.228512   3.228305     2.0358    -0.3938     0.3580    34.8745 1.8835e+00 1.0000e-12 5.3093e-11      46584         11  0.000e+00
    724.436     3.4499     3.4510   3.228476   3.228292     2.0358    -0.3938     0.3580    34.8747 1.8835e+00 1.0000e-12 5.3093e-11      46585         11  0.000e+00
    724.372     3.4499     3.4512   3.228446   3.228315     2.0358    -0.3938     0.3531    34.8744 0.0000e+00 1.0000e-12 9.9999e+04      46586         11  0.000e+00
    724.315     3.4495     3.4508   3.228452   3.228305     2.0358    -0.3938     0.3580    34.8748 1.8835e+00 1.0000e-12 5.3093e-11      46587         11  0.000e+00
    724.315     3.4496     3.4508   3.228446   3.228315     2.0358    -0.3938     0.3531    34.8747 0.0000e+00 1.0000e-12 9.9999e+04      46588         11  0.000e+00
    724.112     3.4498     3.4508   3.228452   3.228305     2.0358    -0.3938     0.3531    34.8746 1.8835e+00 1.0000e-12 5.3093e-11      46589         11  0.000e+00
    724.372     3.4496     3.4507   3.228464   3.228292     2.0358    -0.3743     0.3531    34.8749 1.8835e+00 1.0000e-12 5.3093e-11      46590         11  0.000e+00
    724.250     3.4497     3.4510   3.228446   3.228265     2.0358    -0.3938     0.3531    34.8746 0.0000e+00 1.0000e-12 9.9999e+04      46591         11  0.000e+00
    724.193     3.4497     3.4508   3.228452   3.228254     2.0358    -0.3938     0.3531    34.8747 1.8835e+00 1.0000e-12 5.3093e-11      46592         11  0.000e+00
    724.128     3.4497     3.4510   3.228446   3.228291     2.0358    -0.3938     0.3580    34.8746 1.8835e+00 1.0000e-12 5.3093e-11      46593         11  0.000e+00
    689.969     3.4729     3.4773   3.229180   3.229328     2.0456    -0.4133     0.3629    34.8768 0.0000e+00 1.0000e-12 9.9999e+04      47416         12  0.000e+00
    689.726     3.4726     3.4773   3.229168   3.229317     2.0456    -0.4133     0.3629    34.8771 1.8835e+00 1.0000e-12 5.3093e-11      47417         12  0.000e+00
    689.790     3.4727     3.4777   3.229199   3.229355     2.0456    -0.4133     0.3629    34.8773 1.8835e+00 1.0000e-12 5.3093e-11      47418         12  0.000e+00
    689.790     3.4728     3.4776   3.229217   3.229341     2.0456    -0.4133     0.3629    34.8774 1.8835e+00 1.0000e-12 5.3093e-11      47419         12  0.000e+00
    689.669     3.4729     3.4772   3.229174   3.229355     2.0456    -0.4133     0.3629    34.8768 1.8835e+00 1.0000e-12 5.3093e-11      47420         12  0.000e+00
    689.669     3.4733     3.4769   3.229180   3.229291     2.0456    -0.4133     0.3629    34.8765 1.8835e+00 1.0000e-12 5.3093e-11      47421         12  0.000e+00
    689.604     3.4734     3.4771   3.229229   3.229267     2.0456    -0.4133     0.3629    34.8771 3.7670e+00 1.0000e-12 2.6547e-11      47422         12  0.000e+00
    689.491     3.4737     3.4773   3.229265   3.229354     2.0456    -0.4133     0.3629    34.8772 0.0000e+00 1.0000e-12 9.9999e+04      47423         12  0.000e+00
    689.588     3.4741     3.4774   3.229302   3.229291     2.0456    -0.4133     0.3629    34.8772 0.0000e+00 1.0000e-12 9.9999e+04      47424         12  0.000e+00
    689.426     3.4743     3.4773   3.229332   3.229328     2.0456    -0.4133     0.3629    34.8774 1.8835e+00 1.0000e-12 5.3093e-11      47425         12  0.000e+00
    689.369     3.4744     3.4782   3.229338   3.229341     2.0456    -0.4133     0.3629    34.8774 1.8835e+00 1.0000e-12 5.3093e-11      47426         12  0.000e+00
    689.369     3.4747     3.4792   3.229380   3.229354     2.0456    -0.4133     0.3580    34.8776 0.0000e+00 1.0000e-12 9.9999e+04      47427         12  0.000e+00
    689.304     3.4753     3.4795   3.229392   3.229469     2.0456    -0.4133     0.3580    34.8771 1.8835e+00 1.0000e-12 5.3093e-11      47428         12  0.000e+00
    689.248     3.4758     3.4795   3.229423   3.229519     2.0456    -0.4133     0.3580    34.8770 1.8835e+00 1.0000e-12 5.3093e-11      47429         12  0.000e+00
    689.183     3.4763     3.4796   3.229471   3.229607     2.0456    -0.4133     0.3580    34.8771 1.8835e+00 1.0000e-12 5.3093e-11      47430         12  0.000e+00
    689.126     3.4771     3.4795   3.229550   3.229519     2.0456    -0.4133     0.3580    34.8772 1.8835e+00 1.0000e-12 5.3093e-11      47431         12  0.000e+00
    689.126     3.4775     3.4795   3.229574   3.229556     2.0456    -0.4133     0.3580    34.8770 1.8835e+00 1.0000e-12 5.3093e-11      47432         12  0.000e+00
    689.005     3.4774     3.4795   3.229598   3.229543     2.0456    -0.4133     0.3580    34.8775 1.8835e+00 1.0000e-12 5.3093e-11      47433         12  0.000e+00
    689.005     3.4777     3.4795   3.229605   3.229556     2.0456    -0.4133     0.3580    34.8773 0.0000e+00 1.0000e-12 9.9999e+04      47434         12  0.000e+00
    688.932     3.4774     3.4795   3.229562   3.229519     2.0456    -0.4133     0.3580    34.8771 0.0000e+00 1.0000e-12 9.9999e+04      47435         12  0.000e+00
    688.826     3.4771     3.4798   3.229562   3.229580     2.0456    -0.4133     0.3580    34.8775 1.8835e+00 1.0000e-12 5.3093e-11      47436         12  0.000e+00
    688.826     3.4771     3.4803   3.229538   3.229543     2.0468    -0.4133     0.3580    34.8772 1.8835e+00 1.0000e-12 5.3093e-11      47437         12  0.000e+00
    688.762     3.4769     3.4803   3.229538   3.229593     2.0456    -0.4133     0.3580    34.8775 1.8835e+00 1.0000e-12 5.3093e-11      47438         12  0.000e+00
    688.705     3.4769     3.4804   3.229526   3.229630     2.0456    -0.4133     0.3580    34.8773 0.0000e+00 1.0000e-12 9.9999e+04      47439         12  0.000e+00
    688.640     3.4771     3.4801   3.229538   3.229593     2.0456    -0.4133     0.3580    34.8773 0.0000e+00 1.0000e-12 9.9999e+04      47440         12  0.000e+00
    688.583     3.4775     3.4805   3.229586   3.229580     2.0456    -0.4133     0.3580    34.8774 0.0000e+00 1.0000e-12 9.9999e+04      47441         12  0.000e+00
    688.519     3.4787     3.4807   3.229653   3.229620     2.0456    -0.4133     0.3580    34.8771 0.0000e+00 1.0000e-12 9.9999e+04      47442         12  0.000e+00
    688.462     3.4795     3.4807   3.229726   3.229607     2.0456    -0.4133     0.3580    34.8771 0.0000e+00 1.0000e-12 9.9999e+04      47443         12  0.000e+00
    688.405     3.4798     3.4812   3.229810   3.229671     2.0456    -0.4133     0.3580    34.8778 1.8835e+00 1.0000e-12 5.3093e-11      47444         12  0.000e+00
    688.340     3.4799     3.4814   3.229823   3.229681     2.0456    -0.4133     0.3580    34.8779 1.8835e+00 1.0000e-12 5.3093e-11      47445         12  0.000e+00
    688.097     3.4799     3.4814   3.229792   3.229694     2.0456    -0.4133     0.3580    34.8776 0.0000e+00 1.0000e-12 9.9999e+04      47446         12  0.000e+00
    688.389     3.4793     3.4817   3.229762   3.229657     2.0456    -0.4133     0.3580    34.8778 1.8835e+00 1.0000e-12 5.3093e-11      47447         12  0.000e+00
    688.162     3.4795     3.4823   3.229738   3.229721     2.0456    -0.4133     0.3580    34.8774 0.0000e+00 1.0000e-12 9.9999e+04      47448         12  0.000e+00
    688.097     3.4791     3.4827   3.229768   3.229745     2.0456    -0.4133     0.3580    34.8782 0.0000e+00 1.0000e-12 9.9999e+04      47449         12  0.000e+00
    687.976     3.4791     3.4827   3.229744   3.229731     2.0456    -0.4133     0.3580    34.8780 1.8835e+00 1.0000e-12 5.3093e-11      47450         12  0.000e+00
    687.976     3.4790     3.4828   3.229701   3.229771     2.0468    -0.3938     0.3580    34.8776 1.8835e+00 1.0000e-12 5.3093e-11      47451         12  0.000e+00
    687.919     3.4795     3.4828   3.229780   3.229805     2.0456    -0.3938     0.3580    34.8781 1.8835e+00 1.0000e-12 5.3093e-11      47452         12  0.000e+00
    687.862     3.4807     3.4830   3.229835   3.229795     2.0456    -0.3743     0.3580    34.8774 1.8835e+00 1.0000e-12 5.3093e-11      47453         12  0.000e+00
    687.798     3.4819     3.4836   3.229901   3.229832     2.0468    -0.3938     0.3580    34.8770 0.0000e+00 1.0000e-12 9.9999e+04      47454         12  0.000e+00
