Ship_data/Irminger/Irminger-4/ctd/process/ar21_008.ros
* Sea-Bird SBE 9 Data File:
* FileName = D:\Data\AR21_008.hdr
* Software Version Seasave V 7.23.2
* Temperature SN = 4155
* Conductivity SN = 2645
* Number of Bytes Per Scan = 40
* Number of Voltage Words = 5
* Number of Scans Averaged by the Deck Unit = 1
* NMEA Latitude = 59 58.25 N
* NMEA Longitude = 039 30.62 W
* NMEA UTC (Time) = Aug 06 2017  14:47:54
# nquan = 15
# nvalues = 588                                   
# units = specified
# name 0 = prDM: Pressure, Digiquartz [db]
# name 1 = t090C: Temperature [ITS-90, deg C]
# name 2 = t190C: Temperature, 2 [ITS-90, deg C]
# name 3 = c0S/m: Conductivity [S/m]
# name 4 = c1S/m: Conductivity, 2 [S/m]
# name 5 = sbeox0V: Oxygen raw, SBE 43 [V]
# name 6 = flECO-AFL: Fluorescence, WET Labs ECO-AFL/FL [mg/m^3]
# name 7 = turbWETntu0: Turbidity, WET Labs ECO [NTU]
# name 8 = sal00: Salinity, Practical [PSU]
# name 9 = spar: SPAR/Surface Irradiance
# name 10 = par: PAR/Irradiance, Biospherical/Licor
# name 11 = cpar: CPAR/Corrected Irradiance [%]
# name 12 = scan: Scan Count
# name 13 = nbf: Bottles Fired
# name 14 = flag:  0.000e+00
# interval = seconds: 0.0416667
# start_time = Aug 06 2017 14:47:54 [NMEA time, header]
# bad_flag = -9.990e-29
*END*
[from data line 290]
   1218.888     3.3206     3.3226   3.237601   3.237015     1.6105    -0.3938     0.3482    34.8651 1.8835e+00 1.0000e-12 5.3093e-11     112580          6  0.000e+00
   1218.921     3.3204     3.3229   3.237601   3.237049     1.6093    -0.3938     0.3482    34.8653 1.8835e+00 1.0000e-12 5.3093e-11     112581          6  0.000e+00
   1218.831     3.3206     3.3226   3.237601   3.237042     1.6093    -0.3938     0.3531    34.8651 0.0000e+00 1.0000e-12 9.9999e+04     112582          6  0.000e+00
   1218.888     3.3204     3.3226   3.237589   3.237015     1.6093    -0.3938     0.3482    34.8651 0.0000e+00 1.0000e-12 9.9999e+04     112583          6  0.000e+00
   1016.478     3.3322     3.3485   3.229204   3.230992     1.6613    -0.3938     0.3531    34.8560 1.8835e+00 1.0000e-12 5.3093e-11     118879          7  0.000e+00
   1016.535     3.3323     3.3485   3.229168   3.230986     1.6600    -0.3938     0.3531    34.8555 1.8835e+00 1.0000e-12 5.3093e-11     118880          7  0.000e+00
   1016.535     3.3322     3.3487   3.229210   3.230992     1.6600    -0.3938     0.3531    34.8561 0.0000e+00 1.0000e-12 9.9999e+04     118881          7  0.000e+00
   1016.543     3.3321     3.3485   3.229198   3.230986     1.6600    -0.3938     0.3531    34.8561 0.0000e+00 1.0000e-12 9.9999e+04     118882          7  0.000e+00
   1016.478     3.3321     3.3485   3.229198   3.230942     1.6600    -0.3938     0.3531    34.8561 0.0000e+00 1.0000e-12 9.9999e+04     118883          7  0.000e+00
   1016.600     3.3321     3.3487   3.229186   3.230962     1.6600    -0.3938     0.3531    34.8559 1.8835e+00 1.0000e-12 5.3093e-11     118884          7  0.000e+00
   1016.543     3.3321     3.3486   3.229174   3.230942     1.6600    -0.3938     0.3531    34.8558 0.0000e+00 1.0000e-12 9.9999e+04     118885          7  0.000e+00
   1016.478     3.3322     3.3487   3.229180   3.230986     1.6600    -0.3938     0.3531    34.8558 3.7670e+00 1.0000e-12 2.6547e-11     118886          7  0.000e+00
   1016.657     3.3321     3.3487   3.229198   3.231019     1.6600    -0.3938     0.3531    34.8560 1.8835e+00 1.0000e-12 5.3093e-11     118887          7  0.000e+00
   1016.543     3.3321     3.3486   3.229210   3.230962     1.6588    -0.3938     0.3580    34.8562 1.8835e+00 1.0000e-12 5.3093e-11     118888          7  0.000e+00
   1016.600     3.3319     3.3485   3.229204   3.230918     1.6600    -0.3938     0.3580    34.8563 1.8835e+00 1.0000e-12 5.3093e-11     118889          7  0.000e+00
   1016.600     3.3319     3.3487   3.229186   3.230962     1.6588    -0.3938     0.3580    34.8561 0.0000e+00 1.0000e-12 9.9999e+04     118890          7  0.000e+00
   1016.600     3.3321     3.3487   3.229198   3.230992     1.6576    -0.3938     0.3580    34.8561 0.0000e+00 1.0000e-12 9.9999e+04     118891          7  0.000e+00
   1016.600     3.3319     3.3486   3.229204   3.230935     1.6576    -0.3938     0.3580    34.8563 0.0000e+00 1.0000e-12 9.9999e+04     118892          7  0.000e+00
   1016.600     3.3321     3.3485   3.229210   3.230992     1.6576    -0.3938     0.3580    34.8562 3.7670e+00 1.0000e-12 2.6547e-11     118893          7  0.000e+00
   1016.600     3.3321     3.3485   3.229204   3.230986     1.6576    -0.3743     0.3580    34.8561 0.0000e+00 1.0000e-12 9.9999e+04     118894          7  0.000e+00
   1016.657     3.3319     3.3488   3.229186   3.230969     1.6576    -0.3938     0.3580    34.8560 0.0000e+00 1.0000e-12 9.9999e+04     118895          7  0.000e+00
   1016.600     3.3321     3.3487   3.229198   3.230986     1.6576    -0.3938     0.3580    34.8561 1.8835e+00 1.0000e-12 5.3093e-11     118896          7  0.000e+00
   1016.600     3.3319     3.3485   3.229204   3.230992     1.6576    -0.3743     0.3580    34.8563 0.0000e+00 1.0000e-12 9.9999e+04     118897          7  0.000e+00
   1016.666     3.3319     3.3488   3.229204   3.230935     1.6563    -0.3938     0.3580    34.8563 1.8835e+00 1.0000e-12 5.3093e-11     118898          7  0.000e+00
   1016.657     3.3319     3.3488   3.229247   3.230992     1.6563    -0.3938     0.3580    34.8568 1.8835e+00 1.0000e-12 5.3093e-11     118899          7  0.000e+00
   1016.657     3.3319     3.3487   3.229204   3.230986     1.6563    -0.3938     0.3580    34.8563 1.8835e+00 1.0000e-12 5.3093e-11     118900          7  0.000e+00
   1016.600     3.3319     3.3488   3.229198   3.230969     1.6563    -0.3938     0.3580    34.8562 0.0000e+00 1.0000e-12 9.9999e+04     118901          7  0.000e+00
   1016.657     3.3318     3.3488   3.229222   3.231013     1.6563    -0.3938     0.3580    34.8566 1.8835e+00 1.0000e-12 5.3093e-11     118902          7  0.000e+00
   1016.658     3.3321     3.3487   3.229216   3.230992     1.6563    -0.3938     0.3580    34.8563 0.0000e+00 1.0000e-12 9.9999e+04     118903          7  0.000e+00
   1016.600     3.3318     3.3488   3.229186   3.230986     1.6563    -0.3938     0.3580    34.8562 0.0000e+00 1.0000e-12 9.9999e+04     118904          7  0.000e+00
   1016.658     3.3321     3.3487   3.229174   3.231019     1.6563    -0.3938     0.3580    34.8557 1.8835e+00 1.0000e-12 5.3093e-11     118905          7  0.000e+00
   1016.666     3.3318     3.3487   3.229216   3.230986     1.6551    -0.3938     0.3580    34.8566 1.8835e+00 1.0000e-12 5.3093e-11     118906          7  0.000e+00
   1016.658     3.3319     3.3486   3.229234   3.230992     1.6563    -0.3938     0.3580    34.8566 1.8835e+00 1.0000e-12 5.3093e-11     118907          7  0.000e+00
   1016.658     3.3319     3.3490   3.229234   3.230986     1.6563    -0.3938     0.3580    34.8566 1.8835e+00 1.0000e-12 5.3093e-11     118908          7  0.000e+00
   1016.601     3.3321     3.3487   3.229216   3.230992     1.6551    -0.3938     0.3580    34.8563 1.8835e+00 1.0000e-12 5.3093e-11     118909          7  0.000e+00
   1016.658     3.3319     3.3486   3.229204   3.230986     1.6539    -0.3938     0.3580    34.8563 0.0000e+00 1.0000e-12 9.9999e+04     118910          7  0.000e+00
   1016.658     3.3319     3.3487   3.229210   3.230969     1.6539    -0.3938     0.3580    34.8563 1.8835e+00 1.0000e-12 5.3093e-11     118911          7  0.000e+00
   1016.601     3.3319     3.3487   3.229204   3.230986     1.6539    -0.3938     0.3580    34.8563 0.0000e+00 1.0000e-12 9.9999e+04     118912          7  0.000e+00
   1016.658     3.3321     3.3486   3.229228   3.231019     1.6539    -0.3743     0.3580    34.8564 0.0000e+00 1.0000e-12 9.9999e+04     118913          7  0.000e+00
   1016.601     3.3319     3.3487   3.229240   3.230986     1.6539    -0.3743     0.3580    34.8567 3.7670e+00 1.0000e-12 2.6547e-11     118914          7  0.000e+00
   1016.666     3.3319     3.3488   3.229216   3.230992     1.6527    -0.3547     0.3531    34.8564 3.7670e+00 1.0000e-12 2.6547e-11     118915          7  0.000e+00
   1016.601     3.3319     3.3488   3.229253   3.231013     1.6527    -0.3743     0.3531    34.8569 0.0000e+00 1.0000e-12 9.9999e+04     118916          7  0.000e+00
   1016.601     3.3321     3.3488   3.229247   3.231019     1.6527    -0.3743     0.3531    34.8566 1.8835e+00 1.0000e-12 5.3093e-11     118917          7  0.000e+00
   1016.658     3.3318     3.3488   3.229216   3.230969     1.6527    -0.3743     0.3531    34.8566 0.0000e+00 1.0000e-12 9.9999e+04     118918          7  0.000e+00
   1016.601     3.3319     3.3488   3.229228   3.231013     1.6527    -0.3743     0.3580    34.8566 0.0000e+00 1.0000e-12 9.9999e+04     118919          7  0.000e+00
   1016.544     3.3321     3.3485   3.229216   3.231019     1.6527    -0.3743     0.3531    34.8563 1.8835e+00 1.0000e-12 5.3093e-11     118920          7  0.000e+00
   1016.601     3.3319     3.3487   3.229204   3.231013     1.6527    -0.3743     0.3580    34.8563 1.8835e+00 1.0000e-12 5.3093e-11     118921          7  0.000e+00
   1016.601     3.3319     3.3488   3.229228   3.230992     1.6527    -0.3743     0.3531    34.8566 0.0000e+00 1.0000e-12 9.9999e+04     118922          7  0.000e+00
   1016.544     3.3321     3.3488   3.229234   3.230986     1.6527    -0.3743     0.3531    34.8565 1.8835e+00 1.0000e-12 5.3093e-11     118923          7  0.000e+00
   1016.601     3.3322     3.3487   3.229240   3.230992     1.6514    -0.3743     0.3531    34.8564 0.0000e+00 1.0000e-12 9.9999e+04     118924          7  0.000e+00
   1016.544     3.3321     3.3488   3.229234   3.230986     1.6514    -0.3743     0.3531    34.8565 0.0000e+00 1.0000e-12 9.9999e+04     118925          7  0.000e+00
   1016.536     3.3321     3.3488   3.229216   3.231043     1.6502    -0.3743     0.3531    34.8563 0.0000e+00 1.0000e-12 9.9999e+04     118926          7  0.000e+00
   1016.536     3.3319     3.3488   3.229247   3.230986     1.6502    -0.3743     0.3531    34.8568 1.8835e+00 1.0000e-12 5.3093e-11     118927          7  0.000e+00
    814.011     3.3941     3.4113   3.226147   3.228384     1.6552    -0.3938     0.3580    34.8590 0.0000e+00 1.0000e-12 9.9999e+04     125360          8  0.000e+00
    813.873     3.3940     3.4114   3.226134   3.228421     1.6552    -0.3938     0.3580    34.8590 0.0000e+00 1.0000e-12 9.9999e+04     125361          8  0.000e+00
    813.889     3.3942     3.4115   3.226146   3.228421     1.6564    -0.3938     0.3580    34.8590 1.8835e+00 1.0000e-12 5.3093e-11     125362          8  0.000e+00
    813.995     3.3941     3.4112   3.226153   3.228384     1.6552    -0.3938     0.3580    34.8591 1.8835e+00 1.0000e-12 5.3093e-11     125363          8  0.000e+00
    813.889     3.3940     3.4115   3.226201   3.228394     1.6552    -0.3938     0.3580    34.8598 1.8835e+00 1.0000e-12 5.3093e-11     125364          8  0.000e+00
    813.930     3.3941     3.4112   3.226147   3.228434     1.6552    -0.3938     0.3580    34.8590 1.8835e+00 1.0000e-12 5.3093e-11     125365          8  0.000e+00
    813.946     3.3939     3.4114   3.226147   3.228421     1.6540    -0.3938     0.3580    34.8593 3.7670e+00 1.0000e-12 2.6547e-11     125366          8  0.000e+00
    813.889     3.3940     3.4115   3.226177   3.228421     1.6540    -0.3938     0.3580    34.8596 1.8835e+00 1.0000e-12 5.3093e-11     125367          8  0.000e+00
    813.995     3.3942     3.4114   3.226147   3.228384     1.6540    -0.3938     0.3580    34.8589 1.8835e+00 1.0000e-12 5.3093e-11     125368          8  0.000e+00
    813.889     3.3940     3.4115   3.226165   3.228394     1.6540    -0.3938     0.3580    34.8594 1.8835e+00 1.0000e-12 5.3093e-11     125369          8  0.000e+00
    813.873     3.3938     3.4115   3.226146   3.228394     1.6540    -0.3938     0.3580    34.8594 0.0000e+00 1.0000e-12 9.9999e+04     125370          8  0.000e+00
    813.946     3.3939     3.4114   3.226147   3.228411     1.6540    -0.3938     0.3580    34.8593 0.0000e+00 1.0000e-12 9.9999e+04     125371          8  0.000e+00
    813.930     3.3940     3.4112   3.226153   3.228370     1.6540    -0.3938     0.3580    34.8593 0.0000e+00 1.0000e-12 9.9999e+04     125372          8  0.000e+00
    813.889     3.3940     3.4117   3.226159   3.228411     1.6540    -0.3938     0.3580    34.8593 1.8835e+00 1.0000e-12 5.3093e-11     125373          8  0.000e+00
    813.946     3.3941     3.4111   3.226153   3.228394     1.6540    -0.3938     0.3580    34.8591 3.7670e+00 1.0000e-12 2.6547e-11     125374          8  0.000e+00
    813.873     3.3939     3.4115   3.226159   3.228370     1.6527    -0.3938     0.3580    34.8595 1.8835e+00 1.0000e-12 5.3093e-11     125375          8  0.000e+00
    813.946     3.3940     3.4115   3.226153   3.228411     1.6527    -0.3938     0.3580    34.8592 1.8835e+00 1.0000e-12 5.3093e-11     125376          8  0.000e+00
    813.930     3.3940     3.4113   3.226159   3.228421     1.6527    -0.3938     0.3580    34.8593 0.0000e+00 1.0000e-12 9.9999e+04     125377          8  0.000e+00
    813.889     3.3940     3.4114   3.226153   3.228411     1.6527    -0.3938     0.3580    34.8592 1.8835e+00 1.0000e-12 5.3093e-11     125378          8  0.000e+00
    813.930     3.3941     3.4114   3.226159   3.228421     1.6515    -0.3938     0.3580    34.8592 0.0000e+00 1.0000e-12 9.9999e+04     125379          8  0.000e+00
    813.889     3.3940     3.4114   3.226153   3.228421     1.6527    -0.3938     0.3580    34.8592 1.8835e+00 1.0000e-12 5.3093e-11     125380          8  0.000e+00
    813.889     3.3941     3.4115   3.226177   3.228384     1.6527    -0.3938     0.3580    34.8594 1.8835e+00 1.0000e-12 5.3093e-11     125381          8  0.000e+00
    813.930     3.3940     3.4115   3.226165   3.228394     1.6527    -0.3938     0.3580    34.8593 1.8835e+00 1.0000e-12 5.3093e-11     125382          8  0.000e+00
    813.889     3.3940     3.4114   3.226153   3.228434     1.6515    -0.3938     0.3580    34.8592 0.0000e+00 1.0000e-12 9.9999e+04     125383          8  0.000e+00
    813.873     3.3941     3.4114   3.226134   3.228370     1.6527    -0.3938     0.3580    34.8589 1.8835e+00 1.0000e-12 5.3093e-11     125384          8  0.000e+00
    813.946     3.3940     3.4112   3.226147   3.228370     1.6527    -0.3938     0.3580    34.8591 0.0000e+00 1.0000e-12 9.9999e+04     125385          8  0.000e+00
    813.873     3.3941     3.4113   3.226159   3.228411     1.6515    -0.3938     0.3580    34.8592 0.0000e+00 1.0000e-12 9.9999e+04     125386          8  0.000e+00
    813.890     3.3940     3.4111   3.226153   3.228421     1.6515    -0.3938     0.3580    34.8592 1.8835e+00 1.0000e-12 5.3093e-11     125387          8  0.000e+00
    813.890     3.3941     3.4115   3.226177   3.228384     1.6515    -0.3938     0.3580    34.8594 1.8835e+00 1.0000e-12 5.3093e-11     125388          8  0.000e+00
    813.873     3.3940     3.4111   3.226165   3.228394     1.6515    -0.3938     0.3580    34.8594 0.0000e+00 1.0000e-12 9.9999e+04     125389          8  0.000e+00
    813.890     3.3942     3.4114   3.226177   3.228394     1.6515    -0.3938     0.3580    34.8594 0.0000e+00 1.0000e-12 9.9999e+04     125390          8  0.000e+00
    813.930     3.3940     3.4112   3.226122   3.228411     1.6515    -0.3938     0.3580    34.8589 0.0000e+00 1.0000e-12 9.9999e+04     125391          8  0.000e+00
    813.890     3.3940     3.4115   3.226183   3.228394     1.6515    -0.3938     0.3580    34.8596 1.8835e+00 1.0000e-12 5.3093e-11     125392          8  0.000e+00
    813.873     3.3943     3.4112   3.226153   3.228370     1.6515    -0.3743     0.3580    34.8590 0.0000e+00 1.0000e-12 9.9999e+04     125393          8  0.000e+00
    813.890     3.3940     3.4111   3.226128   3.228411     1.6515    -0.3938     0.3580    34.8589 0.0000e+00 1.0000e-12 9.9999e+04     125394          8  0.000e+00
    813.890     3.3940     3.4114   3.226146   3.228444     1.6503    -0.3938     0.3580    34.8591 1.8835e+00 1.0000e-12 5.3093e-11     125395          8  0.000e+00
    813.873     3.3941     3.4114   3.226177   3.228384     1.6503    -0.3938     0.3580    34.8594 0.0000e+00 1.0000e-12 9.9999e+04     125396          8  0.000e+00
    813.890     3.3940     3.4114   3.226183   3.228394     1.6503    -0.3938     0.3580    34.8596 1.8835e+00 1.0000e-12 5.3093e-11     125397          8  0.000e+00
    813.873     3.3941     3.4114   3.226189   3.228421     1.6503    -0.3938     0.3580    34.8596 0.0000e+00 1.0000e-12 9.9999e+04     125398          8  0.000e+00
    813.825     3.3939     3.4114   3.226207   3.228360     1.6503    -0.3938     0.3580    34.8601 1.8835e+00 1.0000e-12 5.3093e-11     125399          8  0.000e+00
    813.930     3.3940     3.4114   3.226177   3.228421     1.6503    -0.3938     0.3580    34.8595 0.0000e+00 1.0000e-12 9.9999e+04     125400          8  0.000e+00
    813.825     3.3942     3.4114   3.226177   3.228410     1.6503    -0.3938     0.3580    34.8594 1.8835e+00 1.0000e-12 5.3093e-11     125401          8  0.000e+00
