Ship_data/Irminger/Irminger-4/ctd/process/ar21_011.ros
* Sea-Bird SBE 9 Data File:
* FileName = D:\Data\AR21_011.hdr
* Software Version Seasave V 7.23.2
* Temperature SN = 4155
* Conductivity SN = 2645
* Number of Bytes Per Scan = 40
* Number of Voltage Words = 5
* Number of Scans Averaged by the Deck Unit = 1
* NMEA Latitude = 59 46.18 N
* NMEA Longitude = 039 51.66 W
* NMEA UTC (Time) = Aug 08 2017  15:55:08
# nquan = 15
# nvalues = 539                                   
# units = specified
# name 0 = prDM: Pressure, Digiquartz [db]
# name 1 = t090C: Temperature [ITS-90, deg C]
# name 2 = t190C: Temperature, 2 [ITS-90, deg C]
# name 3 = c0S/m: Conductivity [S/m]
# name 4 = c1S/m: Conductivity, 2 [S/m]
# name 5 = sbeox0V: Oxygen raw, SBE 43 [V]
# name 6 = flECO-AFL: Fluorescence, WET Labs ECO-AFL/FL [mg/m^3]
# name 7 = turbWETntu0: Turbidity, WET Labs ECO [NTU]
# name 8 = sal00: Salinity, Practical [PSU]
# name 9 = spar: SPAR/Surface Irradiance
# name 10 = par: PAR/Irradiance, Biospherical/Licor
# name 11 = cpar: CPAR/Corrected Irradiance [%]
# name 12 = scan: Scan Count
# name 13 = nbf: Bottles Fired
# name 14 = flag:  0.000e+00
# interval = seconds: 0.0416667
# start_time = Aug 08 2017 15:55:08 [NMEA time, header]
# bad_flag = -9.990e-29
*END*
[from data line 386]
    136.396     4.3149     4.3148   3.283082   3.283018     2.1567    -0.3547     0.3824    34.9190 1.8835e+00 1.0000e-12 5.3093e-11     149365          8  0.000e+00
    136.396     4.3141     4.3148   3.283107   3.283042     2.1567    -0.3547     0.3678    34.9200 1.8835e+00 1.0000e-12 5.3093e-11     149366          8  0.000e+00
    136.396     4.3139     4.3152   3.283095   3.283042     2.1567    -0.3547     0.3629    34.9202 1.8835e+00 1.0000e-12 5.3093e-11     149367          8  0.000e+00
    136.340     4.3135     4.3155   3.283070   3.282991     2.1567    -0.3547     0.3629    34.9204 0.0000e+00 1.0000e-12 9.9999e+04     149368          8  0.000e+00
    136.396     4.3136     4.3157   3.283076   3.283018     2.1567    -0.3547     0.3678    34.9202 1.8835e+00 1.0000e-12 5.3093e-11     149369          8  0.000e+00
    136.396     4.3137     4.3150   3.283107   3.282991     2.1567    -0.3352     0.3629    34.9206 1.8835e+00 1.0000e-12 5.3093e-11     149370          8  0.000e+00
     96.290     4.4741     4.4744   3.294722   3.294481     2.1694    -0.3352     0.3873    34.9091 3.7670e+00 1.0000e-12 2.6547e-11     151867          9  0.000e+00
     96.242     4.4741     4.4743   3.294741   3.294488     2.1694    -0.3352     0.3824    34.9094 1.8835e+00 1.0000e-12 5.3093e-11     151868          9  0.000e+00
     96.355     4.4738     4.4746   3.294753   3.294464     2.1694    -0.3352     0.3824    34.9098 0.0000e+00 1.0000e-12 9.9999e+04     151869          9  0.000e+00
     96.299     4.4740     4.4744   3.294704   3.294481     2.1694    -0.3352     0.3873    34.9091 1.8835e+00 1.0000e-12 5.3093e-11     151870          9  0.000e+00
     96.299     4.4741     4.4743   3.294735   3.294464     2.1694    -0.3352     0.3873    34.9093 1.8835e+00 1.0000e-12 5.3093e-11     151871          9  0.000e+00
     96.355     4.4745     4.4747   3.294728   3.294509     2.1694    -0.3352     0.3873    34.9088 0.0000e+00 1.0000e-12 9.9999e+04     151872          9  0.000e+00
     96.355     4.4746     4.4747   3.294735   3.294515     2.1694    -0.3352     0.3824    34.9087 3.7670e+00 1.0000e-12 2.6547e-11     151873          9  0.000e+00
     96.299     4.4746     4.4747   3.294747   3.294509     2.1694    -0.3352     0.3873    34.9089 1.8835e+00 1.0000e-12 5.3093e-11     151874          9  0.000e+00
     96.299     4.4747     4.4747   3.294771   3.294515     2.1694    -0.3352     0.3873    34.9090 0.0000e+00 1.0000e-12 9.9999e+04     151875          9  0.000e+00
     96.355     4.4746     4.4748   3.294777   3.294539     2.1694    -0.3157     0.3873    34.9092 1.8835e+00 1.0000e-12 5.3093e-11     151876          9  0.000e+00
     96.299     4.4749     4.4747   3.294759   3.294481     2.1682    -0.3352     0.3873    34.9087 0.0000e+00 1.0000e-12 9.9999e+04     151877          9  0.000e+00
     96.355     4.4749     4.4748   3.294765   3.294488     2.1682    -0.3352     0.3824    34.9087 1.8835e+00 1.0000e-12 5.3093e-11     151878          9  0.000e+00
     96.299     4.4747     4.4746   3.294777   3.294536     2.1694    -0.3352     0.3873    34.9091 1.8835e+00 1.0000e-12 5.3093e-11     151879          9  0.000e+00
     96.355     4.4747     4.4747   3.294796   3.294539     2.1694    -0.3352     0.3824    34.9093 1.8835e+00 1.0000e-12 5.3093e-11     151880          9  0.000e+00
     96.299     4.4747     4.4748   3.294826   3.294488     2.1694    -0.3352     0.3873    34.9097 3.7670e+00 1.0000e-12 2.6547e-11     151881          9  0.000e+00
     96.299     4.4751     4.4749   3.294820   3.294509     2.1694    -0.3352     0.3824    34.9093 1.8835e+00 1.0000e-12 5.3093e-11     151882          9  0.000e+00
     96.355     4.4751     4.4748   3.294893   3.294515     2.1694    -0.3352     0.3824    34.9101 1.8835e+00 1.0000e-12 5.3093e-11     151883          9  0.000e+00
     96.299     4.4752     4.4751   3.294881   3.294509     2.1682    -0.3352     0.3824    34.9098 0.0000e+00 1.0000e-12 9.9999e+04     151884          9  0.000e+00
     96.299     4.4754     4.4749   3.294844   3.294539     2.1682    -0.3547     0.3775    34.9092 3.7670e+00 1.0000e-12 2.6547e-11     151885          9  0.000e+00
     96.291     4.4756     4.4750   3.294875   3.294509     2.1694    -0.3547     0.3726    34.9094 1.8835e+00 1.0000e-12 5.3093e-11     151886          9  0.000e+00
     96.299     4.4756     4.4749   3.294875   3.294539     2.1682    -0.3547     0.3726    34.9094 0.0000e+00 1.0000e-12 9.9999e+04     151887          9  0.000e+00
     96.299     4.4756     4.4751   3.294887   3.294488     2.1682    -0.3352     0.3726    34.9095 3.7670e+00 1.0000e-12 2.6547e-11     151888          9  0.000e+00
     96.243     4.4757     4.4751   3.294893   3.294481     2.1682    -0.3547     0.3726    34.9095 1.8835e+00 1.0000e-12 5.3093e-11     151889          9  0.000e+00
     96.299     4.4756     4.4751   3.294875   3.294539     2.1682    -0.3352     0.3726    34.9094 1.8835e+00 1.0000e-12 5.3093e-11     151890          9  0.000e+00
     96.299     4.4757     4.4753   3.294851   3.294536     2.1694    -0.3547     0.3726    34.9089 1.8835e+00 1.0000e-12 5.3093e-11     151891          9  0.000e+00
     96.243     4.4756     4.4751   3.294857   3.294515     2.1694    -0.3547     0.3726    34.9092 1.8835e+00 1.0000e-12 5.3093e-11     151892          9  0.000e+00
     96.299     4.4756     4.4749   3.294869   3.294539     2.1682    -0.3547     0.3726    34.9093 0.0000e+00 1.0000e-12 9.9999e+04     151893          9  0.000e+00
     96.243     4.4756     4.4748   3.294863   3.294481     2.1682    -0.3547     0.3726    34.9093 1.8835e+00 1.0000e-12 5.3093e-11     151894          9  0.000e+00
     96.243     4.4756     4.4751   3.294887   3.294515     2.1682    -0.3547     0.3726    34.9096 1.8835e+00 1.0000e-12 5.3093e-11     151895          9  0.000e+00
     96.235     4.4756     4.4748   3.294918   3.294536     2.1682    -0.3352     0.3726    34.9099 1.8835e+00 1.0000e-12 5.3093e-11     151896          9  0.000e+00
     96.243     4.4757     4.4751   3.294881   3.294590     2.1682    -0.3352     0.3726    34.9093 1.8835e+00 1.0000e-12 5.3093e-11     151897          9  0.000e+00
     96.179     4.4757     4.4755   3.294863   3.294610     2.1682    -0.3547     0.3726    34.9092 1.8835e+00 1.0000e-12 5.3093e-11     151898          9  0.000e+00
     96.243     4.4756     4.4754   3.294906   3.294617     2.1682    -0.3547     0.3726    34.9098 1.8835e+00 1.0000e-12 5.3093e-11     151899          9  0.000e+00
     96.179     4.4756     4.4755   3.294924   3.294641     2.1682    -0.3547     0.3726    34.9100 1.8835e+00 1.0000e-12 5.3093e-11     151900          9  0.000e+00
     96.179     4.4761     4.4759   3.294905   3.294665     2.1682    -0.3547     0.3726    34.9093 1.8835e+00 1.0000e-12 5.3093e-11     151901          9  0.000e+00
     96.179     4.4761     4.4765   3.294912   3.294668     2.1682    -0.3547     0.3726    34.9094 0.0000e+00 1.0000e-12 9.9999e+04     151902          9  0.000e+00
     96.179     4.4762     4.4768   3.294948   3.294587     2.1682    -0.3547     0.3726    34.9096 3.7670e+00 1.0000e-12 2.6547e-11     151903          9  0.000e+00
     96.179     4.4761     4.4769   3.294960   3.294695     2.1682    -0.3352     0.3726    34.9099 0.0000e+00 1.0000e-12 9.9999e+04     151904          9  0.000e+00
     96.122     4.4762     4.4773   3.294954   3.294695     2.1682    -0.3547     0.3726    34.9097 0.0000e+00 1.0000e-12 9.9999e+04     151905          9  0.000e+00
     96.114     4.4759     4.4769   3.294918   3.294689     2.1682    -0.3352     0.3726    34.9097 1.8835e+00 1.0000e-12 5.3093e-11     151906          9  0.000e+00
     96.002     4.4759     4.4762   3.294899   3.294695     2.1682    -0.3547     0.3726    34.9095 1.8835e+00 1.0000e-12 5.3093e-11     151907          9  0.000e+00
     96.243     4.4762     4.4757   3.294942   3.294610     2.1682    -0.3352     0.3873    34.9095 0.0000e+00 1.0000e-12 9.9999e+04     151908          9  0.000e+00
     96.123     4.4765     4.4754   3.294960   3.294617     2.1682    -0.2961     0.4459    34.9095 1.8835e+00 1.0000e-12 5.3093e-11     151909          9  0.000e+00
     96.058     4.4770     4.4755   3.294973   3.294617     2.1682    -0.2766     0.4703    34.9092 1.8835e+00 1.0000e-12 5.3093e-11     151910          9  0.000e+00
     96.123     4.4770     4.4756   3.294948   3.294587     2.1682    -0.2766     0.4752    34.9088 1.8835e+00 1.0000e-12 5.3093e-11     151911          9  0.000e+00
     96.058     4.4770     4.4760   3.294948   3.294641     2.1694    -0.2766     0.4752    34.9089 1.8835e+00 1.0000e-12 5.3093e-11     151912          9  0.000e+00
     96.058     4.4770     4.4762   3.294997   3.294638     2.1682    -0.2766     0.4703    34.9095 1.8835e+00 1.0000e-12 5.3093e-11     151913          9  0.000e+00
     96.002     4.4767     4.4764   3.294930   3.294695     2.1682    -0.2961     0.4703    34.9090 1.8835e+00 1.0000e-12 5.3093e-11     151914          9  0.000e+00
     96.058     4.4765     4.4762   3.294918   3.294610     2.1682    -0.2961     0.4703    34.9090 1.8835e+00 1.0000e-12 5.3093e-11     151915          9  0.000e+00
     65.849     4.8405     4.8330   3.326234   3.325494     2.2005    -0.1203     0.3678    34.9079 0.0000e+00 1.0000e-12 9.9999e+04     154432         10  0.000e+00
     65.809     4.8425     4.8327   3.326252   3.325494     2.2005    -0.1203     0.3678    34.9061 1.8835e+00 1.0000e-12 5.3093e-11     154433         10  0.000e+00
     65.849     4.8429     4.8323   3.326320   3.325415     2.2005    -0.1203     0.3678    34.9064 0.0000e+00 1.0000e-12 9.9999e+04     154434         10  0.000e+00
     65.689     4.8430     4.8318   3.326283   3.325364     2.2005    -0.1203     0.3726    34.9060 0.0000e+00 1.0000e-12 9.9999e+04     154435         10  0.000e+00
     65.849     4.8397     4.8316   3.326166   3.325310     2.2005    -0.1203     0.3726    34.9080 1.8835e+00 1.0000e-12 5.3093e-11     154436         10  0.000e+00
     65.753     4.8384     4.8313   3.326044   3.325364     2.2005    -0.1203     0.3726    34.9080 1.8835e+00 1.0000e-12 5.3093e-11     154437         10  0.000e+00
     65.849     4.8360     4.8310   3.325989   3.325340     2.2005    -0.1203     0.3726    34.9098 1.8835e+00 1.0000e-12 5.3093e-11     154438         10  0.000e+00
     65.793     4.8337     4.8313   3.325976   3.325364     2.2005    -0.1203     0.3678    34.9121 1.8835e+00 1.0000e-12 5.3093e-11     154439         10  0.000e+00
     65.865     4.8328     4.8315   3.326001   3.325391     2.2005    -0.1203     0.3678    34.9133 1.8835e+00 1.0000e-12 5.3093e-11     154440         10  0.000e+00
     65.793     4.8345     4.8311   3.326215   3.325313     2.2005    -0.1203     0.3726    34.9140 0.0000e+00 1.0000e-12 9.9999e+04     154441         10  0.000e+00
     65.865     4.8375     4.8289   3.326528   3.325313     2.2005    -0.1203     0.3678    34.9146 0.0000e+00 1.0000e-12 9.9999e+04     154442         10  0.000e+00
     65.849     4.8408     4.8283   3.326798   3.325340     2.2005    -0.1203     0.3726    34.9142 0.0000e+00 1.0000e-12 9.9999e+04     154443         10  0.000e+00
     65.865     4.8438     4.8298   3.327068   3.325364     2.2005    -0.1203     0.3678    34.9142 1.8835e+00 1.0000e-12 5.3093e-11     154444         10  0.000e+00
     65.913     4.8465     4.8310   3.327294   3.325467     2.2005    -0.1203     0.3678    34.9140 1.8835e+00 1.0000e-12 5.3093e-11     154445         10  0.000e+00
     65.865     4.8486     4.8311   3.327503   3.325494     2.2005    -0.1203     0.3726    34.9142 1.8835e+00 1.0000e-12 5.3093e-11     154446         10  0.000e+00
     65.913     4.8523     4.8320   3.327656   3.325545     2.2005    -0.1203     0.3726    34.9121 1.8835e+00 1.0000e-12 5.3093e-11     154447         10  0.000e+00
     65.865     4.8532     4.8321   3.327687   3.325572     2.2005    -0.1203     0.3678    34.9115 1.8835e+00 1.0000e-12 5.3093e-11     154448         10  0.000e+00
     65.913     4.8536     4.8314   3.327791   3.325651     2.2005    -0.1203     0.3726    34.9123 0.0000e+00 1.0000e-12 9.9999e+04     154449         10  0.000e+00
     65.865     4.8537     4.8321   3.327852   3.325415     2.2005    -0.1203     0.3726    34.9129 0.0000e+00 1.0000e-12 9.9999e+04     154450         10  0.000e+00
     65.913     4.8513     4.8319   3.327865   3.325132     2.1992    -0.1203     0.3678    34.9156 1.8835e+00 1.0000e-12 5.3093e-11     154451         10  0.000e+00
     65.929     4.8507     4.8295   3.327883   3.325081     2.2005    -0.1398     0.3678    34.9164 1.8835e+00 1.0000e-12 5.3093e-11     154452         10  0.000e+00
     65.970     4.8511     4.8286   3.327957   3.324870     2.2005    -0.1398     0.3678    34.9168 3.7670e+00 1.0000e-12 2.6547e-11     154453         10  0.000e+00
     65.865     4.8510     4.8297   3.327981   3.324794     2.2005    -0.1398     0.3678    34.9173 3.7670e+00 1.0000e-12 2.6547e-11     154454         10  0.000e+00
     65.970     4.8528     4.8278   3.328055   3.325026     2.2005    -0.1398     0.3726    34.9162 3.7670e+00 1.0000e-12 2.6547e-11     154455         10  0.000e+00
     65.929     4.8542     4.8263   3.328122   3.325054     2.2005    -0.1398     0.3726    34.9155 1.8835e+00 1.0000e-12 5.3093e-11     154456         10  0.000e+00
     66.026     4.8563     4.8284   3.328202   3.324897     2.2005    -0.1398     0.3726    34.9142 1.8835e+00 1.0000e-12 5.3093e-11     154457         10  0.000e+00
     65.929     4.8584     4.8286   3.328343   3.324716     2.1992    -0.1398     0.3678    34.9137 1.8835e+00 1.0000e-12 5.3093e-11     154458         10  0.000e+00
     65.970     4.8590     4.8309   3.328441   3.324716     2.1992    -0.1398     0.3678    34.9142 1.8835e+00 1.0000e-12 5.3093e-11     154459         10  0.000e+00
     65.986     4.8600     4.8330   3.328509   3.325003     2.1992    -0.1398     0.3678    34.9139 1.8835e+00 1.0000e-12 5.3093e-11     154460         10  0.000e+00
     66.026     4.8608     4.8331   3.328545   3.325286     2.1992    -0.1398     0.3726    34.9134 1.8835e+00 1.0000e-12 5.3093e-11     154461         10  0.000e+00
     65.986     4.8645     4.8355   3.328699   3.325753     2.2005    -0.1398     0.3726    34.9114 1.8835e+00 1.0000e-12 5.3093e-11     154462         10  0.000e+00
     66.026     4.8672     4.8384   3.328852   3.325961     2.1992    -0.1398     0.3678    34.9103 0.0000e+00 1.0000e-12 9.9999e+04     154463         10  0.000e+00
     66.042     4.8678     4.8439   3.328932   3.326142     2.1992    -0.1398     0.3678    34.9106 1.8835e+00 1.0000e-12 5.3093e-11     154464         10  0.000e+00
     65.970     4.8678     4.8480   3.329061   3.326661     2.1992    -0.1398     0.3726    34.9122 0.0000e+00 1.0000e-12 9.9999e+04     154465         10  0.000e+00
     66.042     4.8694     4.8513   3.329245   3.327128     2.1992    -0.1398     0.3678    34.9125 0.0000e+00 1.0000e-12 9.9999e+04     154466         10  0.000e+00
     66.026     4.8719     4.8531   3.329398   3.327350     2.2005    -0.1398     0.3726    34.9117 0.0000e+00 1.0000e-12 9.9999e+04     154467         10  0.000e+00
     66.042     4.8737     4.8526   3.329527   3.327128     2.2005    -0.1398     0.3678    34.9113 1.8835e+00 1.0000e-12 5.3093e-11     154468         10  0.000e+00
     66.090     4.8748     4.8414   3.329582   3.326893     2.2005    -0.1398     0.3678    34.9107 0.0000e+00 1.0000e-12 9.9999e+04     154469         10  0.000e+00
     66.042     4.8755     4.8274   3.329704   3.325856     2.1992    -0.1398     0.3678    34.9115 1.8835e+00 1.0000e-12 5.3093e-11     154470         10  0.000e+00
     66.090     4.8760     4.8195   3.329741   3.324406     2.2005    -0.1398     0.3678    34.9114 1.8835e+00 1.0000e-12 5.3093e-11     154471         10  0.000e+00
