Ship_data/Irminger/Irminger-4/ctd/process/ar21_008.ros
* Sea-Bird SBE 9 Data File:
* FileName = D:\Data\AR21_008.hdr
* Software Version Seasave V 7.23.2
* Temperature SN = 4155
* Conductivity SN = 2645
* Number of Bytes Per Scan = 40
* Number of Voltage Words = 5
* Number of Scans Averaged by the Deck Unit = 1
* NMEA Latitude = 59 58.25 N
* NMEA Longitude = 039 30.62 W
* NMEA UTC (Time) = Aug 06 2017  14:47:54
# nquan = 15
# nvalues = 588                                   
# units = specified
# name 0 = prDM: Pressure, Digiquartz [db]
# name 1 = t090C: Temperature [ITS-90, deg C]
# name 2 = t190C: Temperature, 2 [ITS-90, deg C]
# name 3 = c0S/m: Conductivity [S/m]
# name 4 = c1S/m: Conductivity, 2 [S/m]
# name 5 = sbeox0V: Oxygen raw, SBE 43 [V]
# name 6 = flECO-AFL: Fluorescence, WET Labs ECO-AFL/FL [mg/m^3]
# name 7 = turbWETntu0: Turbidity, WET Labs ECO [NTU]
# name 8 = sal00: Salinity, Practical [PSU]
# name 9 = spar: SPAR/Surface Irradiance
# name 10 = par: PAR/Irradiance, Biospherical/Licor
# name 11 = cpar: CPAR/Corrected Irradiance [%]
# name 12 = scan: Scan Count
# name 13 = nbf: Bottles Fired
# name 14 = flag:  0.000e+00
# interval = seconds: 0.0416667
# start_time = Aug 06 2017 14:47:54 [NMEA time, header]
# bad_flag = -9.990e-29
*END*
[from data line 482]
    409.022     3.6132     3.6147   3.230238   3.230111     2.1193    -0.3743     0.3678    34.8898 0.0000e+00 1.0000e-12 9.9999e+04     138126         10  0.000e+00
    409.030     3.6132     3.6148   3.230214   3.230122     2.1193    -0.3743     0.3678    34.8895 1.8835e+00 1.0000e-12 5.3093e-11     138127         10  0.000e+00
    409.022     3.6130     3.6147   3.230214   3.230088     2.1193    -0.3743     0.3678    34.8898 0.0000e+00 1.0000e-12 9.9999e+04     138128         10  0.000e+00
    409.087     3.6130     3.6148   3.230238   3.230098     2.1217    -0.3743     0.3678    34.8900 1.8835e+00 1.0000e-12 5.3093e-11     138129         10  0.000e+00
    408.966     3.6130     3.6147   3.230238   3.230111     2.1205    -0.3743     0.3678    34.8901 1.8835e+00 1.0000e-12 5.3093e-11     138130         10  0.000e+00
    409.031     3.6129     3.6145   3.230268   3.230071     2.1193    -0.3547     0.3678    34.8906 1.8835e+00 1.0000e-12 5.3093e-11     138131         10  0.000e+00
    409.022     3.6132     3.6147   3.230238   3.230162     2.1193    -0.3547     0.3678    34.8898 3.7670e+00 1.0000e-12 2.6547e-11     138132         10  0.000e+00
    409.079     3.6129     3.6145   3.230226   3.230122     2.1193    -0.3743     0.3678    34.8900 1.8835e+00 1.0000e-12 5.3093e-11     138133         10  0.000e+00
    207.437     3.9498     3.9510   3.252544   3.252371     2.1421    -0.3743     0.3726    34.9064 0.0000e+00 1.0000e-12 9.9999e+04     144511         11  0.000e+00
    207.405     3.9501     3.9512   3.252519   3.252341     2.1409    -0.3743     0.3726    34.9058 0.0000e+00 1.0000e-12 9.9999e+04     144512         11  0.000e+00
    207.341     3.9500     3.9505   3.252525   3.252391     2.1421    -0.3743     0.3726    34.9060 1.8835e+00 1.0000e-12 5.3093e-11     144513         11  0.000e+00
    207.493     3.9497     3.9513   3.252538   3.252395     2.1409    -0.3743     0.3726    34.9064 0.0000e+00 1.0000e-12 9.9999e+04     144514         11  0.000e+00
    207.341     3.9498     3.9510   3.252544   3.252368     2.1409    -0.3743     0.3726    34.9064 1.8835e+00 1.0000e-12 5.3093e-11     144515         11  0.000e+00
    207.405     3.9496     3.9508   3.252556   3.252371     2.1409    -0.3547     0.3678    34.9067 1.8835e+00 1.0000e-12 5.3093e-11     144516         11  0.000e+00
    207.437     3.9495     3.9508   3.252501   3.252341     2.1409    -0.3743     0.3678    34.9062 0.0000e+00 1.0000e-12 9.9999e+04     144517         11  0.000e+00
    207.405     3.9492     3.9504   3.252525   3.252395     2.1409    -0.3743     0.3678    34.9069 1.8835e+00 1.0000e-12 5.3093e-11     144518         11  0.000e+00
    207.405     3.9490     3.9507   3.252544   3.252391     2.1409    -0.3547     0.3678    34.9072 1.8835e+00 1.0000e-12 5.3093e-11     144519         11  0.000e+00
    207.381     3.9490     3.9503   3.252556   3.252371     2.1409    -0.3743     0.3678    34.9074 1.8835e+00 1.0000e-12 5.3093e-11     144520         11  0.000e+00
    207.341     3.9490     3.9507   3.252550   3.252391     2.1409    -0.3547     0.3678    34.9073 1.8835e+00 1.0000e-12 5.3093e-11     144521         11  0.000e+00
    207.381     3.9489     3.9510   3.252538   3.252368     2.1409    -0.3743     0.3726    34.9073 0.0000e+00 1.0000e-12 9.9999e+04     144522         11  0.000e+00
    207.405     3.9494     3.9512   3.252519   3.252320     2.1409    -0.3743     0.3678    34.9066 1.8835e+00 1.0000e-12 5.3093e-11     144523         11  0.000e+00
    207.341     3.9496     3.9512   3.252465   3.252391     2.1421    -0.3547     0.3678    34.9057 0.0000e+00 1.0000e-12 9.9999e+04     144524         11  0.000e+00
    207.381     3.9497     3.9510   3.252465   3.252344     2.1409    -0.3547     0.3678    34.9056 1.8835e+00 1.0000e-12 5.3093e-11     144525         11  0.000e+00
    207.405     3.9494     3.9508   3.252465   3.252368     2.1409    -0.3743     0.3678    34.9059 0.0000e+00 1.0000e-12 9.9999e+04     144526         11  0.000e+00
    207.341     3.9494     3.9507   3.252471   3.252344     2.1409    -0.3743     0.3678    34.9060 0.0000e+00 1.0000e-12 9.9999e+04     144527         11  0.000e+00
    207.317     3.9491     3.9510   3.252477   3.252368     2.1421    -0.3743     0.3678    34.9064 0.0000e+00 1.0000e-12 9.9999e+04     144528         11  0.000e+00
    207.341     3.9494     3.9507   3.252495   3.252320     2.1421    -0.3743     0.3678    34.9063 0.0000e+00 1.0000e-12 9.9999e+04     144529         11  0.000e+00
    207.405     3.9489     3.9508   3.252489   3.252341     2.1409    -0.3743     0.3678    34.9067 0.0000e+00 1.0000e-12 9.9999e+04     144530         11  0.000e+00
    207.317     3.9486     3.9507   3.252483   3.252341     2.1409    -0.3743     0.3678    34.9071 0.0000e+00 1.0000e-12 9.9999e+04     144531         11  0.000e+00
    207.341     3.9484     3.9505   3.252501   3.252320     2.1409    -0.3743     0.3678    34.9075 0.0000e+00 1.0000e-12 9.9999e+04     144532         11  0.000e+00
    207.341     3.9488     3.9507   3.252465   3.252341     2.1409    -0.3743     0.3678    34.9066 1.8835e+00 1.0000e-12 5.3093e-11     144533         11  0.000e+00
    207.317     3.9488     3.9505   3.252465   3.252344     2.1409    -0.3743     0.3678    34.9067 1.8835e+00 1.0000e-12 5.3093e-11     144534         11  0.000e+00
    207.285     3.9486     3.9505   3.252465   3.252368     2.1409    -0.3547     0.3678    34.9069 1.8835e+00 1.0000e-12 5.3093e-11     144535         11  0.000e+00
    207.405     3.9487     3.9507   3.252452   3.252344     2.1409    -0.3743     0.3678    34.9066 1.8835e+00 1.0000e-12 5.3093e-11     144536         11  0.000e+00
    207.317     3.9489     3.9507   3.252446   3.252317     2.1409    -0.3743     0.3678    34.9063 0.0000e+00 1.0000e-12 9.9999e+04     144537         11  0.000e+00
    207.285     3.9489     3.9508   3.252465   3.252371     2.1409    -0.3547     0.3678    34.9065 1.8835e+00 1.0000e-12 5.3093e-11     144538         11  0.000e+00
    207.341     3.9492     3.9508   3.252440   3.252341     2.1409    -0.3743     0.3726    34.9059 0.0000e+00 1.0000e-12 9.9999e+04     144539         11  0.000e+00
    207.317     3.9493     3.9507   3.252440   3.252368     2.1409    -0.3547     0.3726    34.9058 0.0000e+00 1.0000e-12 9.9999e+04     144540         11  0.000e+00
    207.341     3.9490     3.9508   3.252428   3.252344     2.1409    -0.3743     0.3726    34.9059 0.0000e+00 1.0000e-12 9.9999e+04     144541         11  0.000e+00
    207.285     3.9494     3.9505   3.252416   3.252368     2.1409    -0.3743     0.3726    34.9054 1.8835e+00 1.0000e-12 5.3093e-11     144542         11  0.000e+00
    207.317     3.9492     3.9505   3.252446   3.252371     2.1409    -0.3547     0.3726    34.9060 3.7670e+00 1.0000e-12 2.6547e-11     144543         11  0.000e+00
    207.285     3.9493     3.9507   3.252428   3.252341     2.1409    -0.3743     0.3726    34.9057 1.8835e+00 1.0000e-12 5.3093e-11     144544         11  0.000e+00
    207.341     3.9494     3.9507   3.252434   3.252371     2.1409    -0.3743     0.3726    34.9056 1.8835e+00 1.0000e-12 5.3093e-11     144545         11  0.000e+00
    207.317     3.9489     3.9507   3.252465   3.252368     2.1409    -0.3743     0.3726    34.9065 0.0000e+00 1.0000e-12 9.9999e+04     144546         11  0.000e+00
    207.285     3.9488     3.9510   3.252440   3.252371     2.1409    -0.3743     0.3726    34.9064 1.8835e+00 1.0000e-12 5.3093e-11     144547         11  0.000e+00
    207.317     3.9487     3.9507   3.252422   3.252341     2.1409    -0.3743     0.3726    34.9063 1.8835e+00 1.0000e-12 5.3093e-11     144548         11  0.000e+00
    207.285     3.9484     3.9508   3.252416   3.252391     2.1409    -0.3547     0.3726    34.9065 1.8835e+00 1.0000e-12 5.3093e-11     144549         11  0.000e+00
    207.341     3.9484     3.9508   3.252398   3.252344     2.1409    -0.3743     0.3726    34.9062 1.8835e+00 1.0000e-12 5.3093e-11     144550         11  0.000e+00
    207.317     3.9483     3.9510   3.252440   3.252368     2.1409    -0.3547     0.3726    34.9069 1.8835e+00 1.0000e-12 5.3093e-11     144551         11  0.000e+00
    207.285     3.9480     3.9508   3.252428   3.252344     2.1409    -0.3547     0.3726    34.9070 1.8835e+00 1.0000e-12 5.3093e-11     144552         11  0.000e+00
    207.341     3.9483     3.9508   3.252416   3.252391     2.1409    -0.3743     0.3726    34.9066 1.8835e+00 1.0000e-12 5.3093e-11     144553         11  0.000e+00
    207.261     3.9481     3.9510   3.252434   3.252344     2.1409    -0.3743     0.3726    34.9070 0.0000e+00 1.0000e-12 9.9999e+04     144554         11  0.000e+00
    207.341     3.9483     3.9510   3.252452   3.252391     2.1409    -0.3743     0.3726    34.9070 0.0000e+00 1.0000e-12 9.9999e+04     144555         11  0.000e+00
    207.341     3.9484     3.9508   3.252428   3.252344     2.1409    -0.3547     0.3726    34.9066 0.0000e+00 1.0000e-12 9.9999e+04     144556         11  0.000e+00
    207.317     3.9486     3.9510   3.252458   3.252368     2.1409    -0.3743     0.3726    34.9068 1.8835e+00 1.0000e-12 5.3093e-11     144557         11  0.000e+00
    207.285     3.9489     3.9508   3.252458   3.252368     2.1409    -0.3743     0.3726    34.9064 1.8835e+00 1.0000e-12 5.3093e-11     144558         11  0.000e+00
    207.341     3.9492     3.9508   3.252489   3.252371     2.1409    -0.3743     0.3726    34.9065 1.8835e+00 1.0000e-12 5.3093e-11     144559         11  0.000e+00
    145.908     4.1232     4.1217   3.265572   3.265065     2.1560    -0.3547     0.3678    34.9101 1.8835e+00 1.0000e-12 5.3093e-11     147496         12  0.000e+00
    145.843     4.1230     4.1215   3.265548   3.265166     2.1548    -0.3743     0.3678    34.9101 0.0000e+00 1.0000e-12 9.9999e+04     147497         12  0.000e+00
    145.787     4.1232     4.1214   3.265554   3.265142     2.1560    -0.3743     0.3678    34.9100 1.8835e+00 1.0000e-12 5.3093e-11     147498         12  0.000e+00
    145.843     4.1232     4.1215   3.265602   3.265142     2.1548    -0.3743     0.3678    34.9105 1.8835e+00 1.0000e-12 5.3093e-11     147499         12  0.000e+00
    145.747     4.1232     4.1214   3.265602   3.265115     2.1548    -0.3743     0.3678    34.9105 0.0000e+00 1.0000e-12 9.9999e+04     147500         12  0.000e+00
    145.843     4.1235     4.1214   3.265608   3.265153     2.1560    -0.3547     0.3678    34.9103 1.8835e+00 1.0000e-12 5.3093e-11     147501         12  0.000e+00
    145.787     4.1235     4.1217   3.265614   3.265142     2.1560    -0.3743     0.3678    34.9104 1.8835e+00 1.0000e-12 5.3093e-11     147502         12  0.000e+00
    145.787     4.1240     4.1215   3.265602   3.265115     2.1560    -0.3547     0.3726    34.9097 1.8835e+00 1.0000e-12 5.3093e-11     147503         12  0.000e+00
    145.787     4.1240     4.1217   3.265627   3.265142     2.1560    -0.3547     0.3678    34.9100 3.7670e+00 1.0000e-12 2.6547e-11     147504         12  0.000e+00
    145.787     4.1241     4.1217   3.265645   3.265115     2.1548    -0.3743     0.3678    34.9101 0.0000e+00 1.0000e-12 9.9999e+04     147505         12  0.000e+00
    145.787     4.1239     4.1217   3.265645   3.265153     2.1560    -0.3547     0.3678    34.9103 0.0000e+00 1.0000e-12 9.9999e+04     147506         12  0.000e+00
    145.723     4.1243     4.1217   3.265645   3.265166     2.1548    -0.3743     0.3678    34.9100 0.0000e+00 1.0000e-12 9.9999e+04     147507         12  0.000e+00
    145.723     4.1240     4.1215   3.265651   3.265142     2.1548    -0.3743     0.3678    34.9103 3.7670e+00 1.0000e-12 2.6547e-11     147508         12  0.000e+00
    145.723     4.1241     4.1217   3.265645   3.265166     2.1560    -0.3743     0.3726    34.9101 1.8835e+00 1.0000e-12 5.3093e-11     147509         12  0.000e+00
    145.747     4.1238     4.1217   3.265627   3.265142     2.1560    -0.3547     0.3678    34.9102 3.7670e+00 1.0000e-12 2.6547e-11     147510         12  0.000e+00
    145.723     4.1236     4.1217   3.265633   3.265166     2.1560    -0.3743     0.3678    34.9105 3.7670e+00 1.0000e-12 2.6547e-11     147511         12  0.000e+00
    145.723     4.1237     4.1217   3.265627   3.265129     2.1548    -0.3743     0.3678    34.9103 1.8835e+00 1.0000e-12 5.3093e-11     147512         12  0.000e+00
    145.723     4.1240     4.1217   3.265639   3.265115     2.1560    -0.3547     0.3678    34.9102 0.0000e+00 1.0000e-12 9.9999e+04     147513         12  0.000e+00
    145.667     4.1240     4.1217   3.265645   3.265166     2.1535    -0.3743     0.3678    34.9103 0.0000e+00 1.0000e-12 9.9999e+04     147514         12  0.000e+00
    145.667     4.1236     4.1218   3.265608   3.265142     2.1548    -0.3547     0.3678    34.9102 0.0000e+00 1.0000e-12 9.9999e+04     147515         12  0.000e+00
    145.723     4.1238     4.1217   3.265651   3.265142     2.1548    -0.3547     0.3678    34.9105 1.8835e+00 1.0000e-12 5.3093e-11     147516         12  0.000e+00
    145.667     4.1238     4.1218   3.265633   3.265166     2.1560    -0.3743     0.3678    34.9103 1.8835e+00 1.0000e-12 5.3093e-11     147517         12  0.000e+00
    145.667     4.1241     4.1217   3.265657   3.265180     2.1560    -0.3743     0.3678    34.9103 1.8835e+00 1.0000e-12 5.3093e-11     147518         12  0.000e+00
    145.723     4.1238     4.1217   3.265675   3.265166     2.1560    -0.3743     0.3678    34.9108 1.8835e+00 1.0000e-12 5.3093e-11     147519         12  0.000e+00
    145.667     4.1238     4.1218   3.265681   3.265166     2.1560    -0.3938     0.3726    34.9109 1.8835e+00 1.0000e-12 5.3093e-11     147520         12  0.000e+00
    145.627     4.1236     4.1217   3.265675   3.265142     2.1560    -0.3938     0.3678    34.9110 0.0000e+00 1.0000e-12 9.9999e+04     147521         12  0.000e+00
    145.667     4.1238     4.1217   3.265700   3.265166     2.1548    -0.3938     0.3678    34.9111 0.0000e+00 1.0000e-12 9.9999e+04     147522         12  0.000e+00
    145.667     4.1240     4.1215   3.265681   3.265166     2.1560    -0.3938     0.3678    34.9107 1.8835e+00 1.0000e-12 5.3093e-11     147523         12  0.000e+00
    145.667     4.1244     4.1215   3.265675   3.265152     2.1560    -0.3938     0.3678    34.9102 0.0000e+00 1.0000e-12 9.9999e+04     147524         12  0.000e+00
    145.611     4.1245     4.1217   3.265724   3.265142     2.1548    -0.3938     0.3678    34.9107 0.0000e+00 1.0000e-12 9.9999e+04     147525         12  0.000e+00
    145.667     4.1245     4.1217   3.265712   3.265142     2.1535    -0.3938     0.3678    34.9106 3.7670e+00 1.0000e-12 2.6547e-11     147526         12  0.000e+00
    145.667     4.1245     4.1217   3.265730   3.265193     2.1548    -0.3938     0.3678    34.9108 1.8835e+00 1.0000e-12 5.3093e-11     147527         12  0.000e+00
    145.667     4.1248     4.1215   3.265736   3.265142     2.1548    -0.3938     0.3678    34.9105 0.0000e+00 1.0000e-12 9.9999e+04     147528         12  0.000e+00
    145.611     4.1248     4.1217   3.265736   3.265142     2.1560    -0.3938     0.3678    34.9106 1.8835e+00 1.0000e-12 5.3093e-11     147529         12  0.000e+00
    145.667     4.1247     4.1215   3.265742   3.265152     2.1548    -0.3938     0.3678    34.9107 1.8835e+00 1.0000e-12 5.3093e-11     147530         12  0.000e+00
    145.627     4.1251     4.1214   3.265712   3.265115     2.1535    -0.3938     0.3678    34.9099 1.8835e+00 1.0000e-12 5.3093e-11     147531         12  0.000e+00
    145.667     4.1248     4.1214   3.265754   3.265142     2.1560    -0.3938     0.3678    34.9108 3.7670e+00 1.0000e-12 2.6547e-11     147532         12  0.000e+00
    145.611     4.1253     4.1215   3.265742   3.265115     2.1548    -0.3743     0.3678    34.9101 1.8835e+00 1.0000e-12 5.3093e-11     147533         12  0.000e+00
    145.667     4.1253     4.1217   3.265736   3.265115     2.1548    -0.3938     0.3678    34.9100 0.0000e+00 1.0000e-12 9.9999e+04     147534         12  0.000e+00
