Ship_data/Irminger/Irminger-4/ctd/process/ar21_011.ros
* Sea-Bird SBE 9 Data File:
* FileName = D:\Data\AR21_011.hdr
* Software Version Seasave V 7.23.2
* Temperature SN = 4155
* Conductivity SN = 2645
* Number of Bytes Per Scan = 40
* Number of Voltage Words = 5
* Number of Scans Averaged by the Deck Unit = 1
* NMEA Latitude = 59 46.18 N
* NMEA Longitude = 039 51.66 W
* NMEA UTC (Time) = Aug 08 2017  15:55:08
# nquan = 15
# nvalues = 539                                   
# units = specified
# name 0 = prDM: Pressure, Digiquartz [db]
# name 1 = t090C: Temperature [ITS-90, deg C]
# name 2 = t190C: Temperature, 2 [ITS-90, deg C]
# name 3 = c0S/m: Conductivity [S/m]
# name 4 = c1S/m: Conductivity, 2 [S/m]
# name 5 = sbeox0V: Oxygen raw, SBE 43 [V]
# name 6 = flECO-AFL: Fluorescence, WET Labs ECO-AFL/FL [mg/m^3]
# name 7 = turbWETntu0: Turbidity, WET Labs ECO [NTU]
# name 8 = sal00: Salinity, Practical [PSU]
# name 9 = spar: SPAR/Surface Irradiance
# name 10 = par: PAR/Irradiance, Biospherical/Licor
# name 11 = cpar: CPAR/Corrected Irradiance [%]
# name 12 = scan: Scan Count
# name 13 = nbf: Bottles Fired
# name 14 = flag:  0.000e+00
# interval = seconds: 0.0416667
# start_time = Aug 08 2017 15:55:08 [NMEA time, header]
# bad_flag = -9.990e-29
*END*
[from data line 193]
   1527.612     3.5606     3.5623   3.276916   3.276882     1.7620    -0.3547     0.3482    34.9246 1.8835e+00 1.0000e-12 5.3093e-11     105975          4  0.000e+00
   1527.554     3.5607     3.5621   3.276934   3.276861     1.7633    -0.3743     0.3531    34.9247 1.8835e+00 1.0000e-12 5.3093e-11     105976          4  0.000e+00
   1527.612     3.5607     3.5621   3.276947   3.276861     1.7633    -0.3743     0.3531    34.9248 1.8835e+00 1.0000e-12 5.3093e-11     105977          4  0.000e+00
    762.276     3.4068     3.4080   3.225846   3.225749     2.0312    -0.3938     0.3629    34.8690 0.0000e+00 1.0000e-12 9.9999e+04     129092          5  0.000e+00
    762.220     3.4066     3.4079   3.225864   3.225779     2.0312    -0.3938     0.3629    34.8695 0.0000e+00 1.0000e-12 9.9999e+04     129093          5  0.000e+00
    762.220     3.4065     3.4079   3.225852   3.225729     2.0300    -0.3743     0.3629    34.8695 0.0000e+00 1.0000e-12 9.9999e+04     129094          5  0.000e+00
    762.341     3.4063     3.4080   3.225846   3.225752     2.0300    -0.3938     0.3629    34.8695 0.0000e+00 1.0000e-12 9.9999e+04     129095          5  0.000e+00
    762.155     3.4063     3.4079   3.225864   3.225749     2.0312    -0.3938     0.3629    34.8698 0.0000e+00 1.0000e-12 9.9999e+04     129096          5  0.000e+00
    762.342     3.4063     3.4079   3.225858   3.225752     2.0312    -0.3938     0.3629    34.8697 0.0000e+00 1.0000e-12 9.9999e+04     129097          5  0.000e+00
    762.277     3.4065     3.4080   3.225846   3.225752     2.0312    -0.3938     0.3629    34.8694 1.8835e+00 1.0000e-12 5.3093e-11     129098          5  0.000e+00
    762.333     3.4063     3.4082   3.225864   3.225749     2.0312    -0.3938     0.3629    34.8698 0.0000e+00 1.0000e-12 9.9999e+04     129099          5  0.000e+00
    762.285     3.4063     3.4079   3.225827   3.225779     2.0312    -0.3938     0.3629    34.8693 1.8835e+00 1.0000e-12 5.3093e-11     129100          5  0.000e+00
    762.334     3.4063     3.4081   3.225815   3.225752     2.0312    -0.3938     0.3629    34.8692 1.8835e+00 1.0000e-12 5.3093e-11     129101          5  0.000e+00
    762.342     3.4063     3.4080   3.225858   3.225729     2.0312    -0.3938     0.3629    34.8697 1.8835e+00 1.0000e-12 5.3093e-11     129102          5  0.000e+00
    762.334     3.4063     3.4079   3.225858   3.225776     2.0312    -0.3938     0.3629    34.8697 1.8835e+00 1.0000e-12 5.3093e-11     129103          5  0.000e+00
    762.342     3.4063     3.4080   3.225846   3.225803     2.0312    -0.3938     0.3629    34.8695 1.8835e+00 1.0000e-12 5.3093e-11     129104          5  0.000e+00
    762.334     3.4063     3.4079   3.225827   3.225779     2.0312    -0.3938     0.3629    34.8693 0.0000e+00 1.0000e-12 9.9999e+04     129105          5  0.000e+00
    762.407     3.4062     3.4077   3.225821   3.225779     2.0312    -0.3938     0.3629    34.8694 1.8835e+00 1.0000e-12 5.3093e-11     129106          5  0.000e+00
    762.334     3.4062     3.4075   3.225834   3.225725     2.0312    -0.3938     0.3629    34.8695 1.8835e+00 1.0000e-12 5.3093e-11     129107          5  0.000e+00
    762.407     3.4063     3.4079   3.225864   3.225729     2.0312    -0.3938     0.3629    34.8697 1.8835e+00 1.0000e-12 5.3093e-11     129108          5  0.000e+00
    762.399     3.4063     3.4078   3.225852   3.225729     2.0312    -0.3938     0.3629    34.8696 1.8835e+00 1.0000e-12 5.3093e-11     129109          5  0.000e+00
    762.399     3.4062     3.4077   3.225846   3.225729     2.0312    -0.3938     0.3629    34.8697 1.8835e+00 1.0000e-12 5.3093e-11     129110          5  0.000e+00
    762.407     3.4063     3.4077   3.225864   3.225749     2.0312    -0.3938     0.3629    34.8697 1.8835e+00 1.0000e-12 5.3093e-11     129111          5  0.000e+00
    762.456     3.4062     3.4077   3.225834   3.225752     2.0312    -0.3938     0.3629    34.8695 1.8835e+00 1.0000e-12 5.3093e-11     129112          5  0.000e+00
    762.407     3.4062     3.4077   3.225834   3.225779     2.0312    -0.3938     0.3629    34.8695 1.8835e+00 1.0000e-12 5.3093e-11     129113          5  0.000e+00
    762.456     3.4063     3.4077   3.225846   3.225752     2.0312    -0.3938     0.3629    34.8695 3.7670e+00 1.0000e-12 2.6547e-11     129114          5  0.000e+00
    762.464     3.4062     3.4077   3.225846   3.225776     2.0312    -0.3938     0.3629    34.8696 1.8835e+00 1.0000e-12 5.3093e-11     129115          5  0.000e+00
    762.456     3.4062     3.4076   3.225864   3.225752     2.0312    -0.3743     0.3726    34.8698 1.8835e+00 1.0000e-12 5.3093e-11     129116          5  0.000e+00
    762.464     3.4063     3.4077   3.225852   3.225729     2.0312    -0.3547     0.3726    34.8695 1.8835e+00 1.0000e-12 5.3093e-11     129117          5  0.000e+00
    762.521     3.4062     3.4077   3.225846   3.225776     2.0300    -0.3743     0.3726    34.8696 1.8835e+00 1.0000e-12 5.3093e-11     129118          5  0.000e+00
    762.464     3.4062     3.4077   3.225846   3.225729     2.0312    -0.3743     0.3726    34.8696 1.8835e+00 1.0000e-12 5.3093e-11     129119          5  0.000e+00
    762.521     3.4060     3.4079   3.225846   3.225779     2.0312    -0.3743     0.3726    34.8698 1.8835e+00 1.0000e-12 5.3093e-11     129120          5  0.000e+00
    762.521     3.4062     3.4077   3.225846   3.225752     2.0312    -0.3743     0.3726    34.8696 1.8835e+00 1.0000e-12 5.3093e-11     129121          5  0.000e+00
    762.529     3.4063     3.4079   3.225828   3.225749     2.0312    -0.3743     0.3726    34.8692 1.8835e+00 1.0000e-12 5.3093e-11     129122          5  0.000e+00
    762.521     3.4062     3.4079   3.225834   3.225752     2.0312    -0.3743     0.3726    34.8695 3.7670e+00 1.0000e-12 2.6547e-11     129123          5  0.000e+00
    762.586     3.4062     3.4076   3.225828   3.225752     2.0312    -0.3547     0.3726    34.8693 0.0000e+00 1.0000e-12 9.9999e+04     129124          5  0.000e+00
    762.521     3.4062     3.4077   3.225834   3.225729     2.0312    -0.3743     0.3726    34.8695 0.0000e+00 1.0000e-12 9.9999e+04     129125          5  0.000e+00
    762.586     3.4062     3.4079   3.225864   3.225776     2.0312    -0.3743     0.3726    34.8698 1.8835e+00 1.0000e-12 5.3093e-11     129126          5  0.000e+00
    762.578     3.4062     3.4077   3.225876   3.225752     2.0312    -0.3743     0.3726    34.8699 1.8835e+00 1.0000e-12 5.3093e-11     129127          5  0.000e+00
    762.586     3.4062     3.4077   3.225834   3.225752     2.0312    -0.3743     0.3726    34.8694 0.0000e+00 1.0000e-12 9.9999e+04     129128          5  0.000e+00
    762.578     3.4062     3.4079   3.225840   3.225752     2.0312    -0.3743     0.3726    34.8695 1.8835e+00 1.0000e-12 5.3093e-11     129129          5  0.000e+00
    762.643     3.4062     3.4075   3.225821   3.225749     2.0312    -0.3743     0.3726    34.8692 3.7670e+00 1.0000e-12 2.6547e-11     129130          5  0.000e+00
    762.578     3.4065     3.4079   3.225840   3.225779     2.0312    -0.3743     0.3726    34.8692 1.8835e+00 1.0000e-12 5.3093e-11     129131          5  0.000e+00
    762.578     3.4063     3.4078   3.225864   3.225779     2.0312    -0.3743     0.3726    34.8696 1.8835e+00 1.0000e-12 5.3093e-11     129132          5  0.000e+00
    762.643     3.4062     3.4077   3.225870   3.225753     2.0312    -0.3743     0.3726    34.8698 1.8835e+00 1.0000e-12 5.3093e-11     129133          5  0.000e+00
    762.643     3.4063     3.4079   3.225876   3.225749     2.0312    -0.3743     0.3726    34.8697 1.8835e+00 1.0000e-12 5.3093e-11     129134          5  0.000e+00
    762.708     3.4060     3.4075   3.225834   3.225729     2.0312    -0.3743     0.3726    34.8695 1.8835e+00 1.0000e-12 5.3093e-11     129135          5  0.000e+00
    762.643     3.4062     3.4079   3.225815   3.225753     2.0312    -0.3743     0.3726    34.8692 1.8835e+00 1.0000e-12 5.3093e-11     129136          5  0.000e+00
    762.643     3.4063     3.4077   3.225840   3.225776     2.0312    -0.3743     0.3726    34.8693 3.7670e+00 1.0000e-12 2.6547e-11     129137          5  0.000e+00
    762.643     3.4062     3.4077   3.225864   3.225753     2.0312    -0.3743     0.3726    34.8698 1.8835e+00 1.0000e-12 5.3093e-11     129138          5  0.000e+00
    762.708     3.4062     3.4077   3.225858   3.225753     2.0312    -0.3743     0.3726    34.8696 1.8835e+00 1.0000e-12 5.3093e-11     129139          5  0.000e+00
    762.643     3.4063     3.4078   3.225821   3.225779     2.0312    -0.3743     0.3726    34.8691 0.0000e+00 1.0000e-12 9.9999e+04     129140          5  0.000e+00
    357.695     3.7380     3.7397   3.240158   3.240034     2.1091    -0.3938     0.3678    34.9031 0.0000e+00 1.0000e-12 9.9999e+04     140399          6  0.000e+00
    357.711     3.7382     3.7395   3.240152   3.240034     2.1091    -0.3938     0.3726    34.9028 1.8835e+00 1.0000e-12 5.3093e-11     140400          6  0.000e+00
    357.816     3.7380     3.7397   3.240122   3.240028     2.1091    -0.3938     0.3678    34.9025 3.7670e+00 1.0000e-12 2.6547e-11     140401          6  0.000e+00
    357.655     3.7381     3.7397   3.240134   3.240007     2.1091    -0.3938     0.3678    34.9027 3.7670e+00 1.0000e-12 2.6547e-11     140402          6  0.000e+00
    357.768     3.7382     3.7397   3.240146   3.240034     2.1091    -0.3938     0.3678    34.9027 1.8835e+00 1.0000e-12 5.3093e-11     140403          6  0.000e+00
    357.760     3.7379     3.7395   3.240164   3.239984     2.1091    -0.3938     0.3629    34.9032 3.7670e+00 1.0000e-12 2.6547e-11     140404          6  0.000e+00
    357.711     3.7381     3.7397   3.240158   3.240034     2.1091    -0.3938     0.3629    34.9030 1.8835e+00 1.0000e-12 5.3093e-11     140405          6  0.000e+00
    357.760     3.7382     3.7396   3.240146   3.240034     2.1091    -0.3938     0.3629    34.9027 1.8835e+00 1.0000e-12 5.3093e-11     140406          6  0.000e+00
    357.711     3.7381     3.7394   3.240164   3.240034     2.1091    -0.3938     0.3629    34.9031 3.7670e+00 1.0000e-12 2.6547e-11     140407          6  0.000e+00
    357.768     3.7380     3.7395   3.240158   3.239984     2.1104    -0.3938     0.3629    34.9030 1.8835e+00 1.0000e-12 5.3093e-11     140408          6  0.000e+00
    357.760     3.7381     3.7397   3.240146   3.240034     2.1104    -0.3938     0.3629    34.9028 1.8835e+00 1.0000e-12 5.3093e-11     140409          6  0.000e+00
    357.768     3.7380     3.7397   3.240146   3.240034     2.1091    -0.3938     0.3629    34.9029 0.0000e+00 1.0000e-12 9.9999e+04     140410          6  0.000e+00
    357.760     3.7379     3.7395   3.240122   3.240034     2.1091    -0.3938     0.3629    34.9027 0.0000e+00 1.0000e-12 9.9999e+04     140411          6  0.000e+00
    357.833     3.7379     3.7395   3.240134   3.240035     2.1091    -0.3938     0.3629    34.9028 3.7670e+00 1.0000e-12 2.6547e-11     140412          6  0.000e+00
    357.768     3.7382     3.7395   3.240128   3.240035     2.1104    -0.3938     0.3629    34.9025 1.8835e+00 1.0000e-12 5.3093e-11     140413          6  0.000e+00
    357.816     3.7379     3.7394   3.240115   3.240008     2.1091    -0.3938     0.3629    34.9026 1.8835e+00 1.0000e-12 5.3093e-11     140414          6  0.000e+00
    357.768     3.7379     3.7394   3.240134   3.240035     2.1091    -0.3938     0.3629    34.9029 1.8835e+00 1.0000e-12 5.3093e-11     140415          6  0.000e+00
    357.816     3.7381     3.7394   3.240128   3.240008     2.1091    -0.3938     0.3629    34.9026 3.7670e+00 1.0000e-12 2.6547e-11     140416          6  0.000e+00
    357.833     3.7380     3.7394   3.240158   3.240035     2.1091    -0.3938     0.3629    34.9030 3.7670e+00 1.0000e-12 2.6547e-11     140417          6  0.000e+00
    357.833     3.7379     3.7392   3.240158   3.239984     2.1091    -0.3938     0.3629    34.9031 1.8835e+00 1.0000e-12 5.3093e-11     140418          6  0.000e+00
    357.873     3.7380     3.7392   3.240164   3.240008     2.1091    -0.3938     0.3629    34.9030 3.7670e+00 1.0000e-12 2.6547e-11     140419          6  0.000e+00
    357.889     3.7381     3.7392   3.240158   3.240008     2.1091    -0.3938     0.3629    34.9029 3.7670e+00 1.0000e-12 2.6547e-11     140420          6  0.000e+00
    357.873     3.7382     3.7394   3.240128   3.239984     2.1091    -0.3938     0.3629    34.9024 1.8835e+00 1.0000e-12 5.3093e-11     140421          6  0.000e+00
    357.889     3.7380     3.7392   3.240152   3.239984     2.1104    -0.3938     0.3629    34.9029 1.8835e+00 1.0000e-12 5.3093e-11     140422          6  0.000e+00
    357.889     3.7379     3.7394   3.240152   3.240035     2.1104    -0.3938     0.3629    34.9030 1.8835e+00 1.0000e-12 5.3093e-11     140423          6  0.000e+00
    357.938     3.7379     3.7392   3.240146   3.239984     2.1091    -0.3938     0.3629    34.9029 1.8835e+00 1.0000e-12 5.3093e-11     140424          6  0.000e+00
    357.889     3.7379     3.7392   3.240146   3.239977     2.1091    -0.3938     0.3629    34.9029 1.8835e+00 1.0000e-12 5.3093e-11     140425          6  0.000e+00
    357.994     3.7377     3.7394   3.240146   3.240008     2.1091    -0.3938     0.3629    34.9031 1.8835e+00 1.0000e-12 5.3093e-11     140426          6  0.000e+00
    357.954     3.7377     3.7394   3.240146   3.239984     2.1091    -0.3938     0.3629    34.9031 1.8835e+00 1.0000e-12 5.3093e-11     140427          6  0.000e+00
    358.010     3.7379     3.7395   3.240128   3.240035     2.1091    -0.3743     0.3678    34.9027 0.0000e+00 1.0000e-12 9.9999e+04     140428          6  0.000e+00
    357.938     3.7379     3.7394   3.240134   3.240058     2.1091    -0.3938     0.3678    34.9027 1.8835e+00 1.0000e-12 5.3093e-11     140429          6  0.000e+00
    358.010     3.7377     3.7391   3.240103   3.240008     2.1091    -0.3938     0.3678    34.9025 0.0000e+00 1.0000e-12 9.9999e+04     140430          6  0.000e+00
    358.059     3.7375     3.7394   3.240103   3.240008     2.1091    -0.3938     0.3678    34.9027 1.8835e+00 1.0000e-12 5.3093e-11     140431          6  0.000e+00
    358.010     3.7374     3.7391   3.240116   3.239984     2.1091    -0.3938     0.3678    34.9030 3.7670e+00 1.0000e-12 2.6547e-11     140432          6  0.000e+00
    358.075     3.7377     3.7392   3.240116   3.240035     2.1091    -0.3938     0.3726    34.9027 1.8835e+00 1.0000e-12 5.3093e-11     140433          6  0.000e+00
    358.115     3.7376     3.7392   3.240110   3.240008     2.1091    -0.3938     0.3678    34.9027 1.8835e+00 1.0000e-12 5.3093e-11     140434          6  0.000e+00
    358.075     3.7377     3.7392   3.240134   3.240008     2.1091    -0.3938     0.3678    34.9029 1.8835e+00 1.0000e-12 5.3093e-11     140435          6  0.000e+00
    358.115     3.7376     3.7391   3.240128   3.239957     2.1091    -0.3938     0.3678    34.9029 1.8835e+00 1.0000e-12 5.3093e-11     140436          6  0.000e+00
    358.131     3.7377     3.7395   3.240134   3.240008     2.1091    -0.3938     0.3678    34.9028 0.0000e+00 1.0000e-12 9.9999e+04     140437          6  0.000e+00
    358.131     3.7376     3.7395   3.240128   3.240008     2.1091    -0.3938     0.3678    34.9029 1.8835e+00 1.0000e-12 5.3093e-11     140438          6  0.000e+00
    358.115     3.7377     3.7395   3.240176   3.240058     2.1091    -0.3938     0.3678    34.9034 1.8835e+00 1.0000e-12 5.3093e-11     140439          6  0.000e+00
    358.188     3.7380     3.7400   3.240201   3.240035     2.1091    -0.3938     0.3678    34.9033 3.7670e+00 1.0000e-12 2.6547e-11     140440          6  0.000e+00
    358.172     3.7381     3.7400   3.240182   3.240085     2.1091    -0.3938     0.3678    34.9030 1.8835e+00 1.0000e-12 5.3093e-11     140441          6  0.000e+00
    358.188     3.7382     3.7399   3.240195   3.240058     2.1091    -0.3938     0.3678    34.9031 1.8835e+00 1.0000e-12 5.3093e-11     140442          6  0.000e+00
