Ship_data/Irminger/Irminger-4/ctd/process/ar21_007.ros
* Sea-Bird SBE 9 Data File:
* FileName = D:\Data\AR21_007.hdr
* Software Version Seasave V 7.23.2
* Temperature SN = 4155
* Conductivity SN = 2645
* Number of Bytes Per Scan = 40
* Number of Voltage Words = 5
* Number of Scans Averaged by the Deck Unit = 1
* NMEA Latitude = 59 55.58 N
* NMEA Longitude = 039 30.97 W
* NMEA UTC (Time) = Aug 05 2017  20:24:20
# nquan = 15
# nvalues = 539                                   
# units = specified
# name 0 = prDM: Pressure, Digiquartz [db]
# name 1 = t090C: Temperature [ITS-90, deg C]
# name 2 = t190C: Temperature, 2 [ITS-90, deg C]
# name 3 = c0S/m: Conductivity [S/m]
# name 4 = c1S/m: Conductivity, 2 [S/m]
# name 5 = sbeox0V: Oxygen raw, SBE 43 [V]
# name 6 = flECO-AFL: Fluorescence, WET Labs ECO-AFL/FL [mg/m^3]
# name 7 = turbWETntu0: Turbidity, WET Labs ECO [NTU]
# name 8 = sal00: Salinity, Practical [PSU]
# name 9 = spar: SPAR/Surface Irradiance
# name 10 = par: PAR/Irradiance, Biospherical/Licor
# name 11 = cpar: CPAR/Corrected Irradiance [%]
# name 12 = scan: Scan Count
# name 13 = nbf: Bottles Fired
# name 14 = flag:  0.000e+00
# interval = seconds: 0.0416667
# start_time = Aug 05 2017 20:24:20 [NMEA time, header]
# bad_flag = -9.990e-29
*END*
[from data line 193]
    487.294     3.6070     3.6088   3.233052   3.233302     1.6640    -0.3938     0.3580    34.8881 3.7670e+00 1.0000e-12 2.6547e-11      72334          4  0.000e+00
    487.294     3.6070     3.6089   3.233070   3.233302     1.6640    -0.3938     0.3580    34.8883 1.8835e+00 1.0000e-12 5.3093e-11      72335          4  0.000e+00
    487.351     3.6073     3.6090   3.233058   3.233325     1.6640    -0.3938     0.3580    34.8878 1.8835e+00 1.0000e-12 5.3093e-11      72336          4  0.000e+00
    254.710     3.8945     3.8965   3.249842   3.249745     2.1321    -0.3547     0.3629    34.9075 0.0000e+00 1.0000e-12 9.9999e+04      79519          5  0.000e+00
    254.710     3.8943     3.8965   3.249824   3.249715     2.1321    -0.3547     0.3629    34.9075 3.7670e+00 1.0000e-12 2.6547e-11      79520          5  0.000e+00
    254.767     3.8945     3.8962   3.249800   3.249745     2.1321    -0.3547     0.3629    34.9070 0.0000e+00 1.0000e-12 9.9999e+04      79521          5  0.000e+00
    254.831     3.8948     3.8960   3.249830   3.249766     2.1321    -0.3352     0.3629    34.9070 1.8835e+00 1.0000e-12 5.3093e-11      79522          5  0.000e+00
    254.711     3.8948     3.8962   3.249866   3.249745     2.1321    -0.3547     0.3629    34.9075 1.8835e+00 1.0000e-12 5.3093e-11      79523          5  0.000e+00
    254.767     3.8946     3.8962   3.249860   3.249739     2.1321    -0.3547     0.3629    34.9076 1.8835e+00 1.0000e-12 5.3093e-11      79524          5  0.000e+00
    254.775     3.8948     3.8959   3.249818   3.249766     2.1321    -0.3352     0.3629    34.9069 0.0000e+00 1.0000e-12 9.9999e+04      79525          5  0.000e+00
    254.831     3.8948     3.8956   3.249860   3.249718     2.1321    -0.3547     0.3629    34.9074 1.8835e+00 1.0000e-12 5.3093e-11      79526          5  0.000e+00
    254.831     3.8948     3.8955   3.249836   3.249739     2.1309    -0.3547     0.3629    34.9071 0.0000e+00 1.0000e-12 9.9999e+04      79527          5  0.000e+00
    254.888     3.8946     3.8951   3.249879   3.249668     2.1309    -0.3547     0.3629    34.9077 1.8835e+00 1.0000e-12 5.3093e-11      79528          5  0.000e+00
    254.888     3.8950     3.8953   3.249903   3.249637     2.1309    -0.3547     0.3629    34.9076 0.0000e+00 1.0000e-12 9.9999e+04      79529          5  0.000e+00
    254.888     3.8949     3.8951   3.249854   3.249644     2.1321    -0.3547     0.3629    34.9071 1.8835e+00 1.0000e-12 5.3093e-11      79530          5  0.000e+00
    254.888     3.8950     3.8955   3.249842   3.249637     2.1309    -0.3547     0.3629    34.9069 1.8835e+00 1.0000e-12 5.3093e-11      79531          5  0.000e+00
    254.952     3.8951     3.8954   3.249866   3.249637     2.1321    -0.3352     0.3629    34.9070 3.7670e+00 1.0000e-12 2.6547e-11      79532          5  0.000e+00
    254.944     3.8950     3.8955   3.249879   3.249644     2.1309    -0.3547     0.3629    34.9073 1.8835e+00 1.0000e-12 5.3093e-11      79533          5  0.000e+00
    255.009     3.8950     3.8956   3.249897   3.249665     2.1321    -0.3547     0.3629    34.9075 0.0000e+00 1.0000e-12 9.9999e+04      79534          5  0.000e+00
    255.009     3.8950     3.8959   3.249885   3.249668     2.1321    -0.3352     0.3629    34.9074 1.8835e+00 1.0000e-12 5.3093e-11      79535          5  0.000e+00
    255.065     3.8954     3.8965   3.249915   3.249715     2.1321    -0.3547     0.3629    34.9072 1.8835e+00 1.0000e-12 5.3093e-11      79536          5  0.000e+00
    255.073     3.8954     3.8964   3.249927   3.249746     2.1321    -0.3547     0.3629    34.9074 1.8835e+00 1.0000e-12 5.3093e-11      79537          5  0.000e+00
    255.073     3.8958     3.8965   3.249976   3.249793     2.1309    -0.3547     0.3629    34.9076 0.0000e+00 1.0000e-12 9.9999e+04      79538          5  0.000e+00
    255.065     3.8959     3.8964   3.249952   3.249766     2.1309    -0.3547     0.3629    34.9071 1.8835e+00 1.0000e-12 5.3093e-11      79539          5  0.000e+00
    255.130     3.8959     3.8962   3.249933   3.249769     2.1309    -0.3547     0.3678    34.9069 1.8835e+00 1.0000e-12 5.3093e-11      79540          5  0.000e+00
    255.130     3.8954     3.8962   3.249933   3.249766     2.1321    -0.3547     0.3678    34.9074 1.8835e+00 1.0000e-12 5.3093e-11      79541          5  0.000e+00
    255.186     3.8953     3.8962   3.249909   3.249746     2.1309    -0.3743     0.3678    34.9072 0.0000e+00 1.0000e-12 9.9999e+04      79542          5  0.000e+00
    255.186     3.8953     3.8960   3.249897   3.249793     2.1321    -0.3743     0.3678    34.9071 1.8835e+00 1.0000e-12 5.3093e-11      79543          5  0.000e+00
    255.242     3.8951     3.8958   3.249867   3.249719     2.1321    -0.3743     0.3678    34.9069 1.8835e+00 1.0000e-12 5.3093e-11      79544          5  0.000e+00
    255.186     3.8950     3.8959   3.249848   3.249766     2.1309    -0.3743     0.3678    34.9068 3.7670e+00 1.0000e-12 2.6547e-11      79545          5  0.000e+00
    255.307     3.8946     3.8958   3.249848   3.249766     2.1321    -0.3743     0.3726    34.9071 3.7670e+00 1.0000e-12 2.6547e-11      79546          5  0.000e+00
    255.243     3.8945     3.8956   3.249848   3.249719     2.1321    -0.3743     0.3678    34.9073 1.8835e+00 1.0000e-12 5.3093e-11      79547          5  0.000e+00
    255.307     3.8941     3.8957   3.249818   3.249688     2.1321    -0.3743     0.3678    34.9073 1.8835e+00 1.0000e-12 5.3093e-11      79548          5  0.000e+00
    255.363     3.8940     3.8956   3.249812   3.249695     2.1321    -0.3743     0.3726    34.9073 1.8835e+00 1.0000e-12 5.3093e-11      79549          5  0.000e+00
    255.363     3.8937     3.8955   3.249800   3.249739     2.1321    -0.3743     0.3678    34.9075 1.8835e+00 1.0000e-12 5.3093e-11      79550          5  0.000e+00
    255.363     3.8937     3.8957   3.249788   3.249695     2.1321    -0.3743     0.3678    34.9074 1.8835e+00 1.0000e-12 5.3093e-11      79551          5  0.000e+00
    255.428     3.8938     3.8957   3.249806   3.249715     2.1321    -0.3743     0.3726    34.9074 0.0000e+00 1.0000e-12 9.9999e+04      79552          5  0.000e+00
    255.363     3.8937     3.8956   3.249800   3.249715     2.1321    -0.3743     0.3678    34.9075 1.8835e+00 1.0000e-12 5.3093e-11      79553          5  0.000e+00
    255.484     3.8937     3.8953   3.249824   3.249668     2.1309    -0.3743     0.3678    34.9077 0.0000e+00 1.0000e-12 9.9999e+04      79554          5  0.000e+00
    255.484     3.8941     3.8953   3.249842   3.249688     2.1321    -0.3743     0.3726    34.9075 1.8835e+00 1.0000e-12 5.3093e-11      79555          5  0.000e+00
    255.484     3.8940     3.8950   3.249806   3.249668     2.1321    -0.3743     0.3726    34.9072 1.8835e+00 1.0000e-12 5.3093e-11      79556          5  0.000e+00
    255.549     3.8943     3.8946   3.249830   3.249665     2.1321    -0.3547     0.3726    34.9071 3.7670e+00 1.0000e-12 2.6547e-11      79557          5  0.000e+00
    255.541     3.8943     3.8946   3.249867   3.249644     2.1321    -0.3743     0.3678    34.9075 1.8835e+00 1.0000e-12 5.3093e-11      79558          5  0.000e+00
    255.549     3.8943     3.8947   3.249861   3.249614     2.1321    -0.3743     0.3726    34.9075 3.7670e+00 1.0000e-12 2.6547e-11      79559          5  0.000e+00
    255.605     3.8940     3.8946   3.249842   3.249638     2.1321    -0.3743     0.3678    34.9076 1.8835e+00 1.0000e-12 5.3093e-11      79560          5  0.000e+00
    255.605     3.8940     3.8949   3.249824   3.249644     2.1321    -0.3743     0.3678    34.9074 0.0000e+00 1.0000e-12 9.9999e+04      79561          5  0.000e+00
    255.605     3.8941     3.8948   3.249800   3.249638     2.1321    -0.3743     0.3678    34.9069 1.8835e+00 1.0000e-12 5.3093e-11      79562          5  0.000e+00
    255.726     3.8938     3.8955   3.249806   3.249617     2.1321    -0.3743     0.3678    34.9072 3.7670e+00 1.0000e-12 2.6547e-11      79563          5  0.000e+00
    255.661     3.8938     3.8954   3.249818   3.249665     2.1309    -0.3743     0.3678    34.9074 0.0000e+00 1.0000e-12 9.9999e+04      79564          5  0.000e+00
    255.661     3.8940     3.8957   3.249788   3.249695     2.1321    -0.3743     0.3678    34.9069 1.8835e+00 1.0000e-12 5.3093e-11      79565          5  0.000e+00
    255.726     3.8940     3.8960   3.249782   3.249766     2.1321    -0.3938     0.3726    34.9068 1.8835e+00 1.0000e-12 5.3093e-11      79566          5  0.000e+00
    255.782     3.8938     3.8958   3.249788   3.249739     2.1309    -0.3938     0.3678    34.9070 0.0000e+00 1.0000e-12 9.9999e+04      79567          5  0.000e+00
    133.810     4.3096     4.3088   3.281868   3.281532     2.1596    -0.3743     0.3775    34.9116 1.8835e+00 1.0000e-12 5.3093e-11      83885          6  0.000e+00
    133.810     4.3097     4.3083   3.281856   3.281556     2.1608    -0.3547     0.3775    34.9113 3.7670e+00 1.0000e-12 2.6547e-11      83886          6  0.000e+00
    133.810     4.3094     4.3078   3.281856   3.281532     2.1596    -0.3743     0.3775    34.9116 1.8835e+00 1.0000e-12 5.3093e-11      83887          6  0.000e+00
    133.810     4.3093     4.3076   3.281874   3.281532     2.1608    -0.3743     0.3775    34.9120 1.8835e+00 1.0000e-12 5.3093e-11      83888          6  0.000e+00
    133.810     4.3099     4.3075   3.281886   3.281505     2.1596    -0.3547     0.3775    34.9115 0.0000e+00 1.0000e-12 9.9999e+04      83889          6  0.000e+00
    133.746     4.3097     4.3077   3.281904   3.281481     2.1596    -0.3547     0.3775    34.9119 1.8835e+00 1.0000e-12 5.3093e-11      83890          6  0.000e+00
    133.778     4.3090     4.3078   3.281917   3.281532     2.1596    -0.3547     0.3775    34.9129 1.8835e+00 1.0000e-12 5.3093e-11      83891          6  0.000e+00
    133.810     4.3085     4.3075   3.281917   3.281505     2.1596    -0.3547     0.3775    34.9134 1.8835e+00 1.0000e-12 5.3093e-11      83892          6  0.000e+00
    133.746     4.3090     4.3070   3.281935   3.281505     2.1596    -0.3743     0.3775    34.9131 1.8835e+00 1.0000e-12 5.3093e-11      83893          6  0.000e+00
    133.746     4.3096     4.3069   3.282038   3.281505     2.1596    -0.3743     0.3775    34.9136 1.8835e+00 1.0000e-12 5.3093e-11      83894          6  0.000e+00
    133.746     4.3110     4.3068   3.282106   3.281454     2.1608    -0.3547     0.3775    34.9130 1.8835e+00 1.0000e-12 5.3093e-11      83895          6  0.000e+00
    133.810     4.3127     4.3073   3.282167   3.281556     2.1596    -0.3547     0.3775    34.9119 0.0000e+00 1.0000e-12 9.9999e+04      83896          6  0.000e+00
    133.746     4.3133     4.3073   3.282185   3.281515     2.1596    -0.3547     0.3775    34.9115 3.7670e+00 1.0000e-12 2.6547e-11      83897          6  0.000e+00
    133.746     4.3138     4.3073   3.282203   3.281583     2.1596    -0.3547     0.3775    34.9112 1.8835e+00 1.0000e-12 5.3093e-11      83898          6  0.000e+00
    133.746     4.3136     4.3078   3.282215   3.281556     2.1596    -0.3743     0.3775    34.9115 1.8835e+00 1.0000e-12 5.3093e-11      83899          6  0.000e+00
    133.778     4.3141     4.3076   3.282234   3.281556     2.1596    -0.3743     0.3775    34.9111 1.8835e+00 1.0000e-12 5.3093e-11      83900          6  0.000e+00
    133.746     4.3144     4.3067   3.282264   3.281532     2.1608    -0.3743     0.3726    34.9113 0.0000e+00 1.0000e-12 9.9999e+04      83901          6  0.000e+00
    133.746     4.3143     4.3062   3.282258   3.281532     2.1608    -0.3743     0.3678    34.9113 1.8835e+00 1.0000e-12 5.3093e-11      83902          6  0.000e+00
    133.746     4.3144     4.3072   3.282264   3.281532     2.1608    -0.3743     0.3678    34.9112 1.8835e+00 1.0000e-12 5.3093e-11      83903          6  0.000e+00
    133.810     4.3142     4.3078   3.282209   3.281532     2.1596    -0.3547     0.3678    34.9107 1.8835e+00 1.0000e-12 5.3093e-11      83904          6  0.000e+00
    133.746     4.3138     4.3082   3.282203   3.281583     2.1596    -0.3743     0.3678    34.9112 0.0000e+00 1.0000e-12 9.9999e+04      83905          6  0.000e+00
    133.746     4.3137     4.3079   3.282197   3.281610     2.1596    -0.3743     0.3678    34.9111 3.7670e+00 1.0000e-12 2.6547e-11      83906          6  0.000e+00
    133.746     4.3138     4.3075   3.282228   3.281556     2.1596    -0.3743     0.3678    34.9115 1.8835e+00 1.0000e-12 5.3093e-11      83907          6  0.000e+00
    133.810     4.3139     4.3075   3.282203   3.281532     2.1596    -0.3743     0.3678    34.9110 3.7670e+00 1.0000e-12 2.6547e-11      83908          6  0.000e+00
    133.722     4.3132     4.3083   3.282185   3.281532     2.1596    -0.3547     0.3678    34.9116 1.8835e+00 1.0000e-12 5.3093e-11      83909          6  0.000e+00
    133.811     4.3133     4.3090   3.282167   3.281610     2.1596    -0.3743     0.3678    34.9113 1.8835e+00 1.0000e-12 5.3093e-11      83910          6  0.000e+00
    133.811     4.3133     4.3097   3.282197   3.281610     2.1608    -0.3743     0.3726    34.9116 0.0000e+00 1.0000e-12 9.9999e+04      83911          6  0.000e+00
    133.811     4.3133     4.3103   3.282215   3.281634     2.1608    -0.3743     0.3678    34.9118 1.8835e+00 1.0000e-12 5.3093e-11      83912          6  0.000e+00
    133.811     4.3132     4.3107   3.282234   3.281735     2.1596    -0.3547     0.3678    34.9122 1.8835e+00 1.0000e-12 5.3093e-11      83913          6  0.000e+00
    133.811     4.3140     4.3114   3.282264   3.281763     2.1596    -0.3547     0.3726    34.9116 1.8835e+00 1.0000e-12 5.3093e-11      83914          6  0.000e+00
    133.811     4.3144     4.3121   3.282319   3.281763     2.1596    -0.3547     0.3678    34.9118 3.7670e+00 1.0000e-12 2.6547e-11      83915          6  0.000e+00
    133.811     4.3148     4.3117   3.282337   3.281837     2.1596    -0.3743     0.3678    34.9117 3.7670e+00 1.0000e-12 2.6547e-11      83916          6  0.000e+00
    133.811     4.3150     4.3105   3.282337   3.281864     2.1608    -0.3743     0.3678    34.9114 3.7670e+00 1.0000e-12 2.6547e-11      83917          6  0.000e+00
    133.867     4.3151     4.3097   3.282356   3.281735     2.1596    -0.3743     0.3678    34.9116 1.8835e+00 1.0000e-12 5.3093e-11      83918          6  0.000e+00
    133.779     4.3150     4.3102   3.282386   3.281583     2.1596    -0.3743     0.3678    34.9120 1.8835e+00 1.0000e-12 5.3093e-11      83919          6  0.000e+00
    133.867     4.3148     4.3102   3.282356   3.281556     2.1596    -0.3547     0.3678    34.9119 1.8835e+00 1.0000e-12 5.3093e-11      83920          6  0.000e+00
    133.923     4.3140     4.3094   3.282319   3.281661     2.1608    -0.3547     0.3678    34.9122 0.0000e+00 1.0000e-12 9.9999e+04      83921          6  0.000e+00
    133.867     4.3138     4.3094   3.282289   3.281634     2.1608    -0.3743     0.3678    34.9121 1.8835e+00 1.0000e-12 5.3093e-11      83922          6  0.000e+00
    133.867     4.3140     4.3094   3.282295   3.281610     2.1596    -0.3743     0.3678    34.9119 1.8835e+00 1.0000e-12 5.3093e-11      83923          6  0.000e+00
    133.867     4.3146     4.3101   3.282350   3.281556     2.1596    -0.3743     0.3678    34.9120 3.7670e+00 1.0000e-12 2.6547e-11      83924          6  0.000e+00
    133.923     4.3145     4.3103   3.282325   3.281583     2.1596    -0.3743     0.3678    34.9117 1.8835e+00 1.0000e-12 5.3093e-11      83925          6  0.000e+00
    133.923     4.3144     4.3109   3.282350   3.281668     2.1596    -0.3547     0.3678    34.9121 1.8835e+00 1.0000e-12 5.3093e-11      83926          6  0.000e+00
    133.988     4.3144     4.3107   3.282350   3.281763     2.1608    -0.3743     0.3678    34.9121 1.8835e+00 1.0000e-12 5.3093e-11      83927          6  0.000e+00
    133.899     4.3139     4.3115   3.282356   3.281786     2.1596    -0.3547     0.3678    34.9127 1.8835e+00 1.0000e-12 5.3093e-11      83928          6  0.000e+00
