Ship_data/Irminger/Irminger-4/ctd/process/ar21999.ros
* Sea-Bird SBE 9 Data File:
* FileName = D:\Data\ar20001.hdr
* Software Version Seasave V 7.23.2
* Temperature SN = 4155
* Conductivity SN = 2645
* Number of Bytes Per Scan = 40
* Number of Voltage Words = 5
* Number of Scans Averaged by the Deck Unit = 1
* NMEA Latitude = 39 53.23 N
* NMEA Longitude = 071 21.61 W
* NMEA UTC (Time) = Jul 06 2017  23:27:03
# nquan = 15
# nvalues = 588                                   
# units = specified
# name 0 = prDM: Pressure, Digiquartz [db]
# name 1 = t090C: Temperature [ITS-90, deg C]
# name 2 = t190C: Temperature, 2 [ITS-90, deg C]
# name 3 = c0S/m: Conductivity [S/m]
# name 4 = c1S/m: Conductivity, 2 [S/m]
# name 5 = sbeox0V: Oxygen raw, SBE 43 [V]
# name 6 = flECO-AFL: Fluorescence, WET Labs ECO-AFL/FL [mg/m^3]
# name 7 = turbWETntu0: Turbidity, WET Labs ECO [NTU]
# name 8 = sal00: Salinity, Practical [PSU]
# name 9 = spar: SPAR/Surface Irradiance
# name 10 = par: PAR/Irradiance, Biospherical/Licor
# name 11 = cpar: CPAR/Corrected Irradiance [%]
# name 12 = scan: Scan Count
# name 13 = nbf: Bottles Fired
# name 14 = flag:  0.000e+00
# interval = seconds: 0.0416667
# start_time = Jul 06 2017 23:27:03 [NMEA time, header]
# bad_flag = -9.990e-29
*END*
[from data line 97]
    280.173     8.6130     8.6161   3.704271   3.706735     1.1548    -0.3352     0.3433    35.1396 5.4621e+01 1.0000e-12 1.8308e-12      24260          2  0.000e+00
    239.584     9.9068     9.9178   3.827270   3.838133     1.0999    -0.3352     0.3433    35.1671 5.4621e+01 1.0000e-12 1.8308e-12      28564          3  0.000e+00
    239.527     9.9068     9.9175   3.827270   3.838133     1.1011    -0.3352     0.3433    35.1671 5.4621e+01 1.0000e-12 1.8308e-12      28565          3  0.000e+00
    239.584     9.9068     9.9180   3.827283   3.838089     1.1011    -0.3352     0.3433    35.1672 5.4621e+01 1.0000e-12 1.8308e-12      28566          3  0.000e+00
    239.527     9.9068     9.9184   3.827289   3.838133     1.1011    -0.3352     0.3433    35.1673 5.4621e+01 1.0000e-12 1.8308e-12      28567          3  0.000e+00
    239.527     9.9070     9.9186   3.827289   3.838191     1.1011    -0.3352     0.3433    35.1671 5.4621e+01 1.0000e-12 1.8308e-12      28568          3  0.000e+00
    239.584     9.9068     9.9190   3.827289   3.838253     1.0999    -0.3352     0.3433    35.1673 5.4621e+01 1.0000e-12 1.8308e-12      28569          3  0.000e+00
    239.584     9.9072     9.9190   3.827270   3.838268     1.1011    -0.3352     0.3433    35.1667 5.4621e+01 1.0000e-12 1.8308e-12      28570          3  0.000e+00
    239.528     9.9070     9.9194   3.827276   3.838253     1.0999    -0.3547     0.3433    35.1670 5.4621e+01 1.0000e-12 1.8308e-12      28571          3  0.000e+00
    239.640     9.9070     9.9193   3.827328   3.838282     1.0999    -0.3547     0.3433    35.1675 5.4621e+01 1.0000e-12 1.8308e-12      28572          3  0.000e+00
    239.528     9.9073     9.9193   3.827309   3.838370     1.1011    -0.3352     0.3433    35.1670 5.4621e+01 1.0000e-12 1.8308e-12      28573          3  0.000e+00
    239.584     9.9072     9.9190   3.827341   3.838326     1.1011    -0.3352     0.3433    35.1675 5.4621e+01 1.0000e-12 1.8308e-12      28574          3  0.000e+00
    239.648     9.9075     9.9194   3.827309   3.838312     1.1011    -0.3547     0.3433    35.1668 5.4621e+01 1.0000e-12 1.8308e-12      28575          3  0.000e+00
    239.584     9.9073     9.9203   3.827315   3.838312     1.0999    -0.3547     0.3433    35.1671 5.4621e+01 1.0000e-12 1.8308e-12      28576          3  0.000e+00
    239.584     9.9075     9.9206   3.827328   3.838355     1.1011    -0.3352     0.3433    35.1670 5.4621e+01 1.0000e-12 1.8308e-12      28577          3  0.000e+00
    239.584     9.9077     9.9207   3.827347   3.838399     1.1011    -0.3352     0.3433    35.1671 5.4621e+01 1.0000e-12 1.8308e-12      28578          3  0.000e+00
    239.648     9.9078     9.9206   3.827354   3.838399     1.1011    -0.3547     0.3433    35.1670 5.4621e+01 1.0000e-12 1.8308e-12      28579          3  0.000e+00
    239.640     9.9078     9.9203   3.827334   3.838370     1.1011    -0.3352     0.3385    35.1668 5.4621e+01 1.0000e-12 1.8308e-12      28580          3  0.000e+00
    239.584     9.9078     9.9206   3.827347   3.838388     1.1011    -0.3352     0.3385    35.1669 5.4621e+01 1.0000e-12 1.8308e-12      28581          3  0.000e+00
    239.641     9.9078     9.9205   3.827341   3.838457     1.1011    -0.3352     0.3385    35.1668 5.4621e+01 1.0000e-12 1.8308e-12      28582          3  0.000e+00
    239.649     9.9077     9.9205   3.827373   3.838428     1.1011    -0.3352     0.3336    35.1673 5.4621e+01 1.0000e-12 1.8308e-12      28583          3  0.000e+00
    239.641     9.9078     9.9201   3.827373   3.838428     1.1011    -0.3352     0.3385    35.1672 5.4621e+01 1.0000e-12 1.8308e-12      28584          3  0.000e+00
    239.641     9.9075     9.9202   3.827360   3.838417     1.1011    -0.3352     0.3385    35.1673 5.4621e+01 1.0000e-12 1.8308e-12      28585          3  0.000e+00
    239.641     9.9075     9.9198   3.827373   3.838341     1.1011    -0.3352     0.3385    35.1675 5.4621e+01 1.0000e-12 1.8308e-12      28586          3  0.000e+00
    239.649     9.9075     9.9200   3.827367   3.838370     1.0999    -0.3547     0.3385    35.1674 5.4621e+01 1.0000e-12 1.8308e-12      28587          3  0.000e+00
    239.641     9.9075     9.9193   3.827360   3.838341     1.0999    -0.3547     0.3385    35.1673 5.4621e+01 1.0000e-12 1.8308e-12      28588          3  0.000e+00
    239.705     9.9072     9.9189   3.827380   3.838355     1.0999    -0.3352     0.3385    35.1678 5.4621e+01 1.0000e-12 1.8308e-12      28589          3  0.000e+00
    239.641     9.9073     9.9186   3.827347   3.838341     1.1011    -0.3547     0.3385    35.1674 5.4621e+01 1.0000e-12 1.8308e-12      28590          3  0.000e+00
    239.705     9.9072     9.9195   3.827373   3.838341     1.0999    -0.3352     0.3385    35.1677 5.6504e+01 1.0000e-12 1.7698e-12      28591          3  0.000e+00
    239.641     9.9072     9.9199   3.827412   3.838355     1.1011    -0.3547     0.3385    35.1682 5.4621e+01 1.0000e-12 1.8308e-12      28592          3  0.000e+00
    239.705     9.9073     9.9193   3.827393   3.838341     1.1011    -0.3352     0.3385    35.1678 5.4621e+01 1.0000e-12 1.8308e-12      28593          3  0.000e+00
    239.705     9.9073     9.9185   3.827412   3.838282     1.1011    -0.3352     0.3385    35.1680 5.4621e+01 1.0000e-12 1.8308e-12      28594          3  0.000e+00
    239.649     9.9072     9.9181   3.827380   3.838312     1.1011    -0.3352     0.3385    35.1678 5.4621e+01 1.0000e-12 1.8308e-12      28595          3  0.000e+00
    239.762     9.9075     9.9189   3.827380   3.838268     1.1011    -0.3352     0.3385    35.1675 5.4621e+01 1.0000e-12 1.8308e-12      28596          3  0.000e+00
    239.706     9.9075     9.9191   3.827438   3.838191     1.0999    -0.3352     0.3385    35.1681 5.4621e+01 1.0000e-12 1.8308e-12      28597          3  0.000e+00
    239.706     9.9077     9.9193   3.827386   3.838253     1.1011    -0.3352     0.3385    35.1674 5.4621e+01 1.0000e-12 1.8308e-12      28598          3  0.000e+00
    239.706     9.9077     9.9195   3.827399   3.838253     1.0999    -0.3352     0.3385    35.1675 5.4621e+01 1.0000e-12 1.8308e-12      28599          3  0.000e+00
    239.762     9.9078     9.9196   3.827419   3.838268     1.1011    -0.3352     0.3385    35.1676 5.4621e+01 1.0000e-12 1.8308e-12      28600          3  0.000e+00
    239.706     9.9080     9.9196   3.827425   3.838253     1.0999    -0.3547     0.3385    35.1675 5.4621e+01 1.0000e-12 1.8308e-12      28601          3  0.000e+00
    239.706     9.9080     9.9191   3.827425   3.838282     1.0999    -0.3547     0.3385    35.1675 5.4621e+01 1.0000e-12 1.8308e-12      28602          3  0.000e+00
    239.762     9.9081     9.9191   3.827380   3.838297     1.1011    -0.3352     0.3385    35.1670 5.6504e+01 1.0000e-12 1.7698e-12      28603          3  0.000e+00
    239.706     9.9083     9.9193   3.827406   3.838282     1.1011    -0.3547     0.3385    35.1670 5.4621e+01 1.0000e-12 1.8308e-12      28604          3  0.000e+00
    239.762     9.9083     9.9196   3.827425   3.838282     1.0999    -0.3352     0.3433    35.1672 5.6504e+01 1.0000e-12 1.7698e-12      28605          3  0.000e+00
    239.762     9.9083     9.9193   3.827367   3.838312     1.1011    -0.3352     0.3433    35.1666 5.4621e+01 1.0000e-12 1.8308e-12      28606          3  0.000e+00
    239.706     9.9085     9.9197   3.827380   3.838326     1.1011    -0.3352     0.3433    35.1665 5.4621e+01 1.0000e-12 1.8308e-12      28607          3  0.000e+00
    239.762     9.9083     9.9201   3.827412   3.838399     1.1011    -0.3352     0.3433    35.1670 5.4621e+01 1.0000e-12 1.8308e-12      28608          3  0.000e+00
    239.762     9.9085     9.9201   3.827380   3.838370     1.1011    -0.3352     0.3433    35.1665 5.4621e+01 1.0000e-12 1.8308e-12      28609          3  0.000e+00
    239.762     9.9087     9.9201   3.827360   3.838399     1.1011    -0.3352     0.3433    35.1661 5.4621e+01 1.0000e-12 1.8308e-12      28610          3  0.000e+00
    239.762     9.9085     9.9200   3.827360   3.838388     1.1011    -0.3352     0.3433    35.1663 5.4621e+01 1.0000e-12 1.8308e-12      28611          3  0.000e+00
    239.762     9.9087     9.9201   3.827341   3.838370     1.1011    -0.3352     0.3433    35.1659 5.4621e+01 1.0000e-12 1.8308e-12      28612          3  0.000e+00
    204.557    10.6219    10.6233   3.911480   3.911296     1.4021    -0.3352     0.3482    35.3453 5.0854e+01 1.0000e-12 1.9664e-12      32061          4  0.000e+00
    204.645    10.6218    10.6233   3.911447   3.911266     1.4021    -0.3352     0.3482    35.3451 5.2738e+01 1.0000e-12 1.8962e-12      32062          4  0.000e+00
    204.492    10.6217    10.6231   3.911466   3.911295     1.4021    -0.3352     0.3482    35.3454 5.2738e+01 1.0000e-12 1.8962e-12      32063          4  0.000e+00
    204.645    10.6216    10.6233   3.911466   3.911296     1.4021    -0.3352     0.3482    35.3454 5.2738e+01 1.0000e-12 1.8962e-12      32064          4  0.000e+00
    204.557    10.6217    10.6233   3.911486   3.911329     1.4021    -0.3352     0.3482    35.3455 5.2738e+01 1.0000e-12 1.8962e-12      32065          4  0.000e+00
    204.645    10.6216    10.6233   3.911473   3.911296     1.4021    -0.3352     0.3482    35.3455 5.0854e+01 1.0000e-12 1.9664e-12      32066          4  0.000e+00
    204.613    10.6214    10.6233   3.911427   3.911296     1.4021    -0.3547     0.3482    35.3453 5.2738e+01 1.0000e-12 1.8962e-12      32067          4  0.000e+00
    204.589    10.6216    10.6231   3.911499   3.911266     1.4021    -0.3743     0.3482    35.3458 5.2738e+01 1.0000e-12 1.8962e-12      32068          4  0.000e+00
    204.613    10.6217    10.6235   3.911480   3.911329     1.4021    -0.3352     0.3482    35.3454 5.2738e+01 1.0000e-12 1.8962e-12      32069          4  0.000e+00
    204.645    10.6218    10.6235   3.911486   3.911329     1.4021    -0.3352     0.3482    35.3455 5.2738e+01 1.0000e-12 1.8962e-12      32070          4  0.000e+00
    204.613    10.6217    10.6237   3.911460   3.911329     1.4021    -0.3352     0.3433    35.3452 5.2738e+01 1.0000e-12 1.8962e-12      32071          4  0.000e+00
    204.670    10.6219    10.6233   3.911486   3.911296     1.4021    -0.3352     0.3482    35.3453 5.2738e+01 1.0000e-12 1.8962e-12      32072          4  0.000e+00
    204.589    10.6215    10.6233   3.911499   3.911296     1.4021    -0.3352     0.3433    35.3458 5.2738e+01 1.0000e-12 1.8962e-12      32073          4  0.000e+00
    204.670    10.6219    10.6233   3.911519   3.911358     1.4021    -0.3352     0.3482    35.3456 5.2738e+01 1.0000e-12 1.8962e-12      32074          4  0.000e+00
    204.646    10.6219    10.6233   3.911519   3.911266     1.4021    -0.3352     0.3482    35.3457 5.2738e+01 1.0000e-12 1.8962e-12      32075          4  0.000e+00
    204.670    10.6222    10.6235   3.911506   3.911296     1.4021    -0.3352     0.3482    35.3452 5.2738e+01 1.0000e-12 1.8962e-12      32076          4  0.000e+00
    204.646    10.6224    10.6233   3.911545   3.911329     1.4021    -0.3352     0.3482    35.3454 5.0854e+01 1.0000e-12 1.9664e-12      32077          4  0.000e+00
    204.670    10.6224    10.6235   3.911519   3.911296     1.4021    -0.3352     0.3482    35.3452 5.2738e+01 1.0000e-12 1.8962e-12      32078          4  0.000e+00
    204.710    10.6224    10.6234   3.911558   3.911329     1.4021    -0.3547     0.3482    35.3455 5.2738e+01 1.0000e-12 1.8962e-12      32079          4  0.000e+00
    204.670    10.6229    10.6235   3.911545   3.911329     1.4021    -0.3352     0.3482    35.3450 5.2738e+01 1.0000e-12 1.8962e-12      32080          4  0.000e+00
    204.646    10.6226    10.6233   3.911551   3.911329     1.4021    -0.3352     0.3482    35.3453 5.2738e+01 1.0000e-12 1.8962e-12      32081          4  0.000e+00
    204.670    10.6224    10.6235   3.911564   3.911296     1.4021    -0.3352     0.3482    35.3456 5.2738e+01 1.0000e-12 1.8962e-12      32082          4  0.000e+00
    204.525    10.6224    10.6235   3.911525   3.911329     1.4021    -0.3352     0.3482    35.3453 5.2738e+01 1.0000e-12 1.8962e-12      32083          4  0.000e+00
    204.855    10.6222    10.6233   3.911506   3.911296     1.4021    -0.3352     0.3482    35.3451 5.2738e+01 1.0000e-12 1.8962e-12      32084          4  0.000e+00
    204.734    10.6223    10.6234   3.911519   3.911329     1.4021    -0.3352     0.3482    35.3453 5.2738e+01 1.0000e-12 1.8962e-12      32085          4  0.000e+00
    204.710    10.6220    10.6235   3.911551   3.911296     1.4021    -0.3352     0.3482    35.3458 5.2738e+01 1.0000e-12 1.8962e-12      32086          4  0.000e+00
    204.670    10.6221    10.6233   3.911558   3.911329     1.4021    -0.3352     0.3482    35.3459 5.2738e+01 1.0000e-12 1.8962e-12      32087          4  0.000e+00
    204.710    10.6220    10.6235   3.911538   3.911296     1.4021    -0.3352     0.3482    35.3457 5.2738e+01 1.0000e-12 1.8962e-12      32088          4  0.000e+00
    204.670    10.6219    10.6233   3.911512   3.911296     1.4021    -0.3352     0.3482    35.3456 5.2738e+01 1.0000e-12 1.8962e-12      32089          4  0.000e+00
    204.711    10.6220    10.6233   3.911519   3.911329     1.4021    -0.3352     0.3482    35.3455 5.2738e+01 1.0000e-12 1.8962e-12      32090          4  0.000e+00
    204.735    10.6226    10.6234   3.911493   3.911358     1.4021    -0.3352     0.3433    35.3447 5.2738e+01 1.0000e-12 1.8962e-12      32091          4  0.000e+00
    204.646    10.6222    10.6233   3.911519   3.911266     1.4021    -0.3743     0.3433    35.3454 5.2738e+01 1.0000e-12 1.8962e-12      32092          4  0.000e+00
    204.735    10.6224    10.6233   3.911512   3.911329     1.4021    -0.3743     0.3433    35.3450 5.2738e+01 1.0000e-12 1.8962e-12      32093          4  0.000e+00
    204.711    10.6226    10.6235   3.911519   3.911296     1.4021    -0.3743     0.3433    35.3450 5.0854e+01 1.0000e-12 1.9664e-12      32094          4  0.000e+00
    204.671    10.6223    10.6235   3.911519   3.911329     1.4021    -0.3743     0.3433    35.3453 5.0854e+01 1.0000e-12 1.9664e-12      32095          4  0.000e+00
    204.671    10.6220    10.6235   3.911506   3.911358     1.4021    -0.3743     0.3433    35.3454 5.2738e+01 1.0000e-12 1.8962e-12      32096          4  0.000e+00
    204.711    10.6223    10.6234   3.911499   3.911358     1.4021    -0.3743     0.3433    35.3451 5.2738e+01 1.0000e-12 1.8962e-12      32097          4  0.000e+00
    204.671    10.6222    10.6233   3.911499   3.911329     1.4021    -0.3743     0.3433    35.3451 5.2738e+01 1.0000e-12 1.8962e-12      32098          4  0.000e+00
    204.711    10.6219    10.6235   3.911506   3.911296     1.4021    -0.3743     0.3433    35.3455 5.2738e+01 1.0000e-12 1.8962e-12      32099          4  0.000e+00
    204.671    10.6220    10.6233   3.911506   3.911358     1.4021    -0.3743     0.3433    35.3454 5.2738e+01 1.0000e-12 1.8962e-12      32100          4  0.000e+00
    204.647    10.6221    10.6235   3.911499   3.911296     1.4021    -0.3743     0.3433    35.3453 5.2738e+01 1.0000e-12 1.8962e-12      32101          4  0.000e+00
    204.671    10.6220    10.6235   3.911499   3.911329     1.4021    -0.3743     0.3433    35.3453 5.0854e+01 1.0000e-12 1.9664e-12      32102          4  0.000e+00
    204.647    10.6220    10.6234   3.911486   3.911329     1.4021    -0.3743     0.3433    35.3452 5.0854e+01 1.0000e-12 1.9664e-12      32103          4  0.000e+00
    204.671    10.6219    10.6233   3.911493   3.911329     1.4021    -0.3743     0.3433    35.3454 5.2738e+01 1.0000e-12 1.8962e-12      32104          4  0.000e+00
    204.711    10.6220    10.6233   3.911473   3.911296     1.4021    -0.3743     0.3433    35.3450 5.2738e+01 1.0000e-12 1.8962e-12      32105          4  0.000e+00
