Ship_data/Irminger/Irminger-4/ctd/process/ar21_010.ros
* Sea-Bird SBE 9 Data File:
* FileName = D:\Data\AR21_010.hdr
* Software Version Seasave V 7.23.2
* Temperature SN = 4155
* Conductivity SN = 2645
* Number of Bytes Per Scan = 40
* Number of Voltage Words = 5
* Number of Scans Averaged by the Deck Unit = 1
* NMEA Latitude = 59 42.97 N
* NMEA Longitude = 039 20.29 W
* NMEA UTC (Time) = Aug 07 2017  16:14:21
# nquan = 15
# nvalues = 588                                   
# units = specified
# name 0 = prDM: Pressure, Digiquartz [db]
# name 1 = t090C: Temperature [ITS-90, deg C]
# name 2 = t190C: Temperature, 2 [ITS-90, deg C]
# name 3 = c0S/m: Conductivity [S/m]
# name 4 = c1S/m: Conductivity, 2 [S/m]
# name 5 = sbeox0V: Oxygen raw, SBE 43 [V]
# name 6 = flECO-AFL: Fluorescence, WET Labs ECO-AFL/FL [mg/m^3]
# name 7 = turbWETntu0: Turbidity, WET Labs ECO [NTU]
# name 8 = sal00: Salinity, Practical [PSU]
# name 9 = spar: SPAR/Surface Irradiance
# name 10 = par: PAR/Irradiance, Biospherical/Licor
# name 11 = cpar: CPAR/Corrected Irradiance [%]
# name 12 = scan: Scan Count
# name 13 = nbf: Bottles Fired
# name 14 = flag:  0.000e+00
# interval = seconds: 0.0416667
# start_time = Aug 07 2017 16:14:21 [NMEA time, header]
# bad_flag = -9.990e-29
*END*
[from data line 290]
    763.164     3.4713     3.4741   3.232314   3.232378     2.0252    -0.3938     0.3580    34.8774 1.8835e+00 1.0000e-12 5.3093e-11     137344          6  0.000e+00
    763.050     3.4713     3.4741   3.232332   3.232324     2.0252    -0.3938     0.3580    34.8777 1.8835e+00 1.0000e-12 5.3093e-11     137345          6  0.000e+00
    763.294     3.4715     3.4741   3.232344   3.232378     2.0252    -0.3938     0.3580    34.8775 1.8835e+00 1.0000e-12 5.3093e-11     137346          6  0.000e+00
    763.229     3.4714     3.4742   3.232338   3.232375     2.0252    -0.3938     0.3580    34.8775 1.8835e+00 1.0000e-12 5.3093e-11     137347          6  0.000e+00
    357.596     3.6863     3.6879   3.234594   3.234497     2.1175    -0.3938     0.3678    34.8918 0.0000e+00 1.0000e-12 9.9999e+04     148437          7  0.000e+00
    357.668     3.6865     3.6880   3.234600   3.234524     2.1175    -0.3938     0.3678    34.8916 1.8835e+00 1.0000e-12 5.3093e-11     148438          7  0.000e+00
    357.717     3.6862     3.6879   3.234588   3.234497     2.1175    -0.3938     0.3678    34.8917 1.8835e+00 1.0000e-12 5.3093e-11     148439          7  0.000e+00
    357.612     3.6863     3.6879   3.234600   3.234497     2.1175    -0.3938     0.3678    34.8918 1.8835e+00 1.0000e-12 5.3093e-11     148440          7  0.000e+00
    357.669     3.6861     3.6878   3.234612   3.234521     2.1175    -0.3938     0.3678    34.8922 1.8835e+00 1.0000e-12 5.3093e-11     148441          7  0.000e+00
    357.717     3.6865     3.6879   3.234570   3.234474     2.1175    -0.3938     0.3678    34.8912 1.8835e+00 1.0000e-12 5.3093e-11     148442          7  0.000e+00
    357.725     3.6862     3.6883   3.234612   3.234497     2.1175    -0.3743     0.3678    34.8921 1.8835e+00 1.0000e-12 5.3093e-11     148443          7  0.000e+00
    357.717     3.6864     3.6879   3.234618   3.234470     2.1175    -0.3938     0.3678    34.8919 0.0000e+00 1.0000e-12 9.9999e+04     148444          7  0.000e+00
    357.725     3.6862     3.6879   3.234594   3.234474     2.1175    -0.3938     0.3678    34.8918 0.0000e+00 1.0000e-12 9.9999e+04     148445          7  0.000e+00
    357.789     3.6862     3.6878   3.234600   3.234470     2.1175    -0.3743     0.3726    34.8919 1.8835e+00 1.0000e-12 5.3093e-11     148446          7  0.000e+00
    357.773     3.6862     3.6876   3.234606   3.234521     2.1175    -0.3743     0.3726    34.8919 1.8835e+00 1.0000e-12 5.3093e-11     148447          7  0.000e+00
    357.790     3.6862     3.6881   3.234630   3.234501     2.1175    -0.3743     0.3726    34.8923 0.0000e+00 1.0000e-12 9.9999e+04     148448          7  0.000e+00
    357.612     3.6861     3.6878   3.234642   3.234497     2.1175    -0.3743     0.3726    34.8926 1.8835e+00 1.0000e-12 5.3093e-11     148449          7  0.000e+00
    358.072     3.6863     3.6876   3.234637   3.234470     2.1175    -0.3743     0.3726    34.8920 1.8835e+00 1.0000e-12 5.3093e-11     148450          7  0.000e+00
    357.846     3.6860     3.6878   3.234600   3.234501     2.1175    -0.3547     0.3726    34.8920 1.8835e+00 1.0000e-12 5.3093e-11     148451          7  0.000e+00
    357.894     3.6862     3.6878   3.234624   3.234497     2.1175    -0.3547     0.3726    34.8921 0.0000e+00 1.0000e-12 9.9999e+04     148452          7  0.000e+00
    357.910     3.6862     3.6876   3.234618   3.234497     2.1175    -0.3743     0.3726    34.8920 1.8835e+00 1.0000e-12 5.3093e-11     148453          7  0.000e+00
    357.910     3.6862     3.6878   3.234606   3.234497     2.1175    -0.3743     0.3726    34.8918 0.0000e+00 1.0000e-12 9.9999e+04     148454          7  0.000e+00
    357.951     3.6862     3.6878   3.234606   3.234524     2.1175    -0.3743     0.3726    34.8919 0.0000e+00 1.0000e-12 9.9999e+04     148455          7  0.000e+00
    357.967     3.6862     3.6878   3.234588   3.234497     2.1175    -0.3743     0.3726    34.8916 1.8835e+00 1.0000e-12 5.3093e-11     148456          7  0.000e+00
    358.015     3.6859     3.6876   3.234624   3.234497     2.1175    -0.3743     0.3726    34.8923 0.0000e+00 1.0000e-12 9.9999e+04     148457          7  0.000e+00
    358.023     3.6862     3.6878   3.234618   3.234501     2.1175    -0.3743     0.3726    34.8920 1.8835e+00 1.0000e-12 5.3093e-11     148458          7  0.000e+00
    358.023     3.6862     3.6878   3.234624   3.234521     2.1175    -0.3743     0.3726    34.8921 1.8835e+00 1.0000e-12 5.3093e-11     148459          7  0.000e+00
    358.072     3.6864     3.6876   3.234655   3.234497     2.1175    -0.3743     0.3726    34.8922 1.8835e+00 1.0000e-12 5.3093e-11     148460          7  0.000e+00
    358.088     3.6860     3.6876   3.234606   3.234450     2.1175    -0.3743     0.3726    34.8920 1.8835e+00 1.0000e-12 5.3093e-11     148461          7  0.000e+00
    358.072     3.6862     3.6876   3.234600   3.234521     2.1187    -0.3743     0.3726    34.8917 0.0000e+00 1.0000e-12 9.9999e+04     148462          7  0.000e+00
    358.144     3.6860     3.6878   3.234624   3.234521     2.1187    -0.3547     0.3726    34.8921 0.0000e+00 1.0000e-12 9.9999e+04     148463          7  0.000e+00
    358.144     3.6860     3.6878   3.234600   3.234501     2.1175    -0.3547     0.3726    34.8919 0.0000e+00 1.0000e-12 9.9999e+04     148464          7  0.000e+00
    358.193     3.6861     3.6878   3.234600   3.234521     2.1175    -0.3743     0.3726    34.8918 1.8835e+00 1.0000e-12 5.3093e-11     148465          7  0.000e+00
    358.209     3.6858     3.6875   3.234631   3.234497     2.1175    -0.3743     0.3726    34.8924 1.8835e+00 1.0000e-12 5.3093e-11     148466          7  0.000e+00
    358.193     3.6861     3.6878   3.234618   3.234521     2.1175    -0.3743     0.3726    34.8920 0.0000e+00 1.0000e-12 9.9999e+04     148467          7  0.000e+00
    358.209     3.6860     3.6876   3.234606   3.234474     2.1175    -0.3743     0.3726    34.8919 1.8835e+00 1.0000e-12 5.3093e-11     148468          7  0.000e+00
    358.265     3.6860     3.6875   3.234631   3.234521     2.1175    -0.3743     0.3726    34.8922 1.8835e+00 1.0000e-12 5.3093e-11     148469          7  0.000e+00
    358.314     3.6859     3.6878   3.234618   3.234497     2.1175    -0.3743     0.3726    34.8921 1.8835e+00 1.0000e-12 5.3093e-11     148470          7  0.000e+00
    358.330     3.6860     3.6876   3.234606   3.234501     2.1175    -0.3743     0.3678    34.8918 3.7670e+00 1.0000e-12 2.6547e-11     148471          7  0.000e+00
    358.314     3.6860     3.6878   3.234624   3.234548     2.1175    -0.3743     0.3678    34.8921 1.8835e+00 1.0000e-12 5.3093e-11     148472          7  0.000e+00
    358.330     3.6861     3.6876   3.234618   3.234497     2.1175    -0.3743     0.3678    34.8919 0.0000e+00 1.0000e-12 9.9999e+04     148473          7  0.000e+00
    358.427     3.6858     3.6876   3.234631   3.234501     2.1175    -0.3743     0.3678    34.8923 1.8835e+00 1.0000e-12 5.3093e-11     148474          7  0.000e+00
    358.386     3.6861     3.6878   3.234637   3.234521     2.1175    -0.3743     0.3678    34.8921 3.7670e+00 1.0000e-12 2.6547e-11     148475          7  0.000e+00
    358.386     3.6860     3.6876   3.234618   3.234521     2.1175    -0.3743     0.3678    34.8919 1.8835e+00 1.0000e-12 5.3093e-11     148476          7  0.000e+00
    358.427     3.6860     3.6878   3.234606   3.234501     2.1187    -0.3743     0.3678    34.8918 1.8835e+00 1.0000e-12 5.3093e-11     148477          7  0.000e+00
    358.443     3.6859     3.6876   3.234606   3.234521     2.1174    -0.3743     0.3678    34.8919 1.8835e+00 1.0000e-12 5.3093e-11     148478          7  0.000e+00
    358.491     3.6862     3.6876   3.234631   3.234521     2.1174    -0.3743     0.3678    34.8919 1.8835e+00 1.0000e-12 5.3093e-11     148479          7  0.000e+00
    358.443     3.6859     3.6878   3.234637   3.234497     2.1187    -0.3547     0.3678    34.8922 1.8835e+00 1.0000e-12 5.3093e-11     148480          7  0.000e+00
    358.564     3.6860     3.6876   3.234637   3.234501     2.1187    -0.3743     0.3678    34.8921 1.8835e+00 1.0000e-12 5.3093e-11     148481          7  0.000e+00
    358.491     3.6858     3.6876   3.234600   3.234497     2.1174    -0.3743     0.3678    34.8919 1.8835e+00 1.0000e-12 5.3093e-11     148482          7  0.000e+00
    358.508     3.6862     3.6878   3.234618   3.234497     2.1174    -0.3743     0.3678    34.8917 1.8835e+00 1.0000e-12 5.3093e-11     148483          7  0.000e+00
    358.548     3.6862     3.6876   3.234600   3.234501     2.1174    -0.3547     0.3678    34.8915 1.8835e+00 1.0000e-12 5.3093e-11     148484          7  0.000e+00
    358.564     3.6862     3.6876   3.234619   3.234548     2.1174    -0.3743     0.3678    34.8917 1.8835e+00 1.0000e-12 5.3093e-11     148485          7  0.000e+00
    186.586     4.2114     4.2100   3.275745   3.275461     2.1292    -0.3938     0.3726    34.9149 1.8835e+00 1.0000e-12 5.3093e-11     153863          8  0.000e+00
    186.586     4.2111     4.2096   3.275702   3.275387     2.1292    -0.3938     0.3726    34.9148 1.8835e+00 1.0000e-12 5.3093e-11     153864          8  0.000e+00
    186.530     4.2109     4.2090   3.275684   3.275275     2.1292    -0.3938     0.3726    34.9148 3.7670e+00 1.0000e-12 2.6547e-11     153865          8  0.000e+00
    186.530     4.2107     4.2086   3.275684   3.275258     2.1280    -0.3938     0.3726    34.9149 1.8835e+00 1.0000e-12 5.3093e-11     153866          8  0.000e+00
    186.643     4.2106     4.2082   3.275666   3.275285     2.1280    -0.3938     0.3726    34.9148 1.8835e+00 1.0000e-12 5.3093e-11     153867          8  0.000e+00
    186.466     4.2106     4.2079   3.275672   3.275197     2.1292    -0.3938     0.3726    34.9150 0.0000e+00 1.0000e-12 9.9999e+04     153868          8  0.000e+00
    186.466     4.2103     4.2078   3.275641   3.275156     2.1292    -0.3938     0.3726    34.9149 0.0000e+00 1.0000e-12 9.9999e+04     153869          8  0.000e+00
    186.530     4.2106     4.2079   3.275623   3.275129     2.1292    -0.3938     0.3726    34.9144 1.8835e+00 1.0000e-12 5.3093e-11     153870          8  0.000e+00
    186.466     4.2103     4.2078   3.275647   3.275072     2.1292    -0.3938     0.3726    34.9150 1.8835e+00 1.0000e-12 5.3093e-11     153871          8  0.000e+00
    186.466     4.2103     4.2074   3.275635   3.275078     2.1292    -0.3938     0.3726    34.9149 1.8835e+00 1.0000e-12 5.3093e-11     153872          8  0.000e+00
    186.466     4.2101     4.2065   3.275623   3.275078     2.1292    -0.3938     0.3726    34.9149 1.8835e+00 1.0000e-12 5.3093e-11     153873          8  0.000e+00
    186.418     4.2099     4.2052   3.275580   3.274994     2.1292    -0.3938     0.3726    34.9146 3.7670e+00 1.0000e-12 2.6547e-11     153874          8  0.000e+00
    186.410     4.2099     4.2044   3.275562   3.274953     2.1292    -0.3938     0.3726    34.9144 1.8835e+00 1.0000e-12 5.3093e-11     153875          8  0.000e+00
    186.410     4.2096     4.2042   3.275562   3.274841     2.1280    -0.3743     0.3726    34.9147 3.7670e+00 1.0000e-12 2.6547e-11     153876          8  0.000e+00
    186.410     4.2096     4.2043   3.275525   3.274824     2.1280    -0.3743     0.3726    34.9143 1.8835e+00 1.0000e-12 5.3093e-11     153877          8  0.000e+00
    186.354     4.2092     4.2045   3.275507   3.274797     2.1292    -0.3938     0.3726    34.9146 0.0000e+00 1.0000e-12 9.9999e+04     153878          8  0.000e+00
    186.410     4.2083     4.2044   3.275416   3.274841     2.1292    -0.3938     0.3726    34.9144 3.7670e+00 1.0000e-12 2.6547e-11     153879          8  0.000e+00
    186.354     4.2080     4.2042   3.275385   3.274797     2.1292    -0.3938     0.3726    34.9144 1.8835e+00 1.0000e-12 5.3093e-11     153880          8  0.000e+00
    186.354     4.2069     4.2035   3.275276   3.274797     2.1280    -0.3938     0.3726    34.9143 0.0000e+00 1.0000e-12 9.9999e+04     153881          8  0.000e+00
    186.354     4.2061     4.2034   3.275257   3.274763     2.1280    -0.3938     0.3726    34.9149 0.0000e+00 1.0000e-12 9.9999e+04     153882          8  0.000e+00
    186.289     4.2053     4.2030   3.275202   3.274746     2.1280    -0.3938     0.3775    34.9152 1.8835e+00 1.0000e-12 5.3093e-11     153883          8  0.000e+00
    186.289     4.2055     4.2030   3.275178   3.274746     2.1280    -0.3938     0.3726    34.9147 0.0000e+00 1.0000e-12 9.9999e+04     153884          8  0.000e+00
    186.289     4.2059     4.2030   3.275178   3.274736     2.1280    -0.3938     0.3726    34.9142 3.7670e+00 1.0000e-12 2.6547e-11     153885          8  0.000e+00
    186.354     4.2059     4.2032   3.275178   3.274723     2.1280    -0.3938     0.3726    34.9142 0.0000e+00 1.0000e-12 9.9999e+04     153886          8  0.000e+00
    186.233     4.2056     4.2035   3.275178   3.274712     2.1280    -0.3938     0.3726    34.9145 1.8835e+00 1.0000e-12 5.3093e-11     153887          8  0.000e+00
    186.241     4.2059     4.2034   3.275196   3.274746     2.1280    -0.3743     0.3726    34.9144 0.0000e+00 1.0000e-12 9.9999e+04     153888          8  0.000e+00
    186.289     4.2061     4.2036   3.275209   3.274723     2.1292    -0.3938     0.3726    34.9143 1.8835e+00 1.0000e-12 5.3093e-11     153889          8  0.000e+00
    186.233     4.2059     4.2034   3.275190   3.274685     2.1280    -0.3938     0.3726    34.9144 0.0000e+00 1.0000e-12 9.9999e+04     153890          8  0.000e+00
    186.233     4.2059     4.2035   3.275196   3.274723     2.1280    -0.3938     0.3726    34.9144 1.8835e+00 1.0000e-12 5.3093e-11     153891          8  0.000e+00
    186.233     4.2055     4.2035   3.275190   3.274696     2.1280    -0.3938     0.3726    34.9148 1.8835e+00 1.0000e-12 5.3093e-11     153892          8  0.000e+00
    186.233     4.2058     4.2035   3.275196   3.274736     2.1280    -0.3938     0.3726    34.9146 1.8835e+00 1.0000e-12 5.3093e-11     153893          8  0.000e+00
    186.233     4.2056     4.2032   3.275209   3.274672     2.1280    -0.3938     0.3726    34.9149 1.8835e+00 1.0000e-12 5.3093e-11     153894          8  0.000e+00
    186.233     4.2053     4.2028   3.275209   3.274621     2.1280    -0.3938     0.3726    34.9153 1.8835e+00 1.0000e-12 5.3093e-11     153895          8  0.000e+00
    186.233     4.2056     4.2029   3.275227   3.274635     2.1280    -0.3938     0.3726    34.9151 1.8835e+00 1.0000e-12 5.3093e-11     153896          8  0.000e+00
    186.169     4.2058     4.2030   3.275221   3.274645     2.1280    -0.3743     0.3726    34.9149 1.8835e+00 1.0000e-12 5.3093e-11     153897          8  0.000e+00
    186.233     4.2059     4.2029   3.275190   3.274635     2.1280    -0.3938     0.3726    34.9144 1.8835e+00 1.0000e-12 5.3093e-11     153898          8  0.000e+00
    186.169     4.2063     4.2027   3.275178   3.274672     2.1280    -0.3938     0.3726    34.9139 3.7670e+00 1.0000e-12 2.6547e-11     153899          8  0.000e+00
    186.233     4.2066     4.2027   3.275221   3.274672     2.1280    -0.3938     0.3726    34.9140 1.8835e+00 1.0000e-12 5.3093e-11     153900          8  0.000e+00
    186.185     4.2064     4.2025   3.275239   3.274662     2.1280    -0.3938     0.3726    34.9144 1.8835e+00 1.0000e-12 5.3093e-11     153901          8  0.000e+00
    186.233     4.2066     4.2027   3.275257   3.274594     2.1292    -0.3938     0.3726    34.9145 1.8835e+00 1.0000e-12 5.3093e-11     153902          8  0.000e+00
    186.169     4.2066     4.2027   3.275245   3.274621     2.1280    -0.3743     0.3726    34.9144 1.8835e+00 1.0000e-12 5.3093e-11     153903          8  0.000e+00
    186.169     4.2066     4.2028   3.275276   3.274611     2.1292    -0.3938     0.3726    34.9147 1.8835e+00 1.0000e-12 5.3093e-11     153904          8  0.000e+00
