Ship_data/Irminger/Irminger-4/ctd/process/ar21_011.ros
* Sea-Bird SBE 9 Data File:
* FileName = D:\Data\AR21_011.hdr
* Software Version Seasave V 7.23.2
* Temperature SN = 4155
* Conductivity SN = 2645
* Number of Bytes Per Scan = 40
* Number of Voltage Words = 5
* Number of Scans Averaged by the Deck Unit = 1
* NMEA Latitude = 59 46.18 N
* NMEA Longitude = 039 51.66 W
* NMEA UTC (Time) = Aug 08 2017  15:55:08
# nquan = 15
# nvalues = 539                                   
# units = specified
# name 0 = prDM: Pressure, Digiquartz [db]
# name 1 = t090C: Temperature [ITS-90, deg C]
# name 2 = t190C: Temperature, 2 [ITS-90, deg C]
# name 3 = c0S/m: Conductivity [S/m]
# name 4 = c1S/m: Conductivity, 2 [S/m]
# name 5 = sbeox0V: Oxygen raw, SBE 43 [V]
# name 6 = flECO-AFL: Fluorescence, WET Labs ECO-AFL/FL [mg/m^3]
# name 7 = turbWETntu0: Turbidity, WET Labs ECO [NTU]
# name 8 = sal00: Salinity, Practical [PSU]
# name 9 = spar: SPAR/Surface Irradiance
# name 10 = par: PAR/Irradiance, Biospherical/Licor
# name 11 = cpar: CPAR/Corrected Irradiance [%]
# name 12 = scan: Scan Count
# name 13 = nbf: Bottles Fired
# name 14 = flag:  0.000e+00
# interval = seconds: 0.0416667
# start_time = Aug 08 2017 15:55:08 [NMEA time, header]
# bad_flag = -9.990e-29
*END*
   2694.428     1.6359     1.6368   3.151132   3.151056     1.6128    -0.3938     0.3482    34.8893 1.8835e+00 1.0000e-12 5.3093e-11      71819          1  0.000e+00
   2694.302     1.6356     1.6370   3.151156   3.151070     1.6140    -0.3938     0.3482    34.8900 1.8835e+00 1.0000e-12 5.3093e-11      71820          1  0.000e+00
   2694.436     1.6353     1.6370   3.151150   3.151080     1.6128    -0.3938     0.3482    34.8902 3.7670e+00 1.0000e-12 2.6547e-11      71821          1  0.000e+00
   2694.370     1.6357     1.6370   3.151198   3.151070     1.6128    -0.3938     0.3482    34.8904 1.8835e+00 1.0000e-12 5.3093e-11      71822          1  0.000e+00
   2694.370     1.6359     1.6372   3.151168   3.151070     1.6115    -0.3938     0.3482    34.8898 0.0000e+00 1.0000e-12 9.9999e+04      71823          1  0.000e+00
   2694.370     1.6359     1.6370   3.151156   3.151080     1.6128    -0.3938     0.3482    34.8896 1.8835e+00 1.0000e-12 5.3093e-11      71824          1  0.000e+00
   2694.370     1.6359     1.6372   3.151192   3.151093     1.6128    -0.3938     0.3482    34.8901 0.0000e+00 1.0000e-12 9.9999e+04      71825          1  0.000e+00
   2694.303     1.6361     1.6372   3.151198   3.151106     1.6128    -0.3938     0.3531    34.8900 0.0000e+00 1.0000e-12 9.9999e+04      71826          1  0.000e+00
   2694.370     1.6364     1.6372   3.151264   3.151093     1.6128    -0.3938     0.3482    34.8905 0.0000e+00 1.0000e-12 9.9999e+04      71827          1  0.000e+00
   2694.311     1.6367     1.6373   3.151198   3.151093     1.6128    -0.3938     0.3482    34.8893 1.8835e+00 1.0000e-12 5.3093e-11      71828          1  0.000e+00
   2694.303     1.6371     1.6373   3.151192   3.151106     1.6128    -0.3938     0.3482    34.8889 1.8835e+00 1.0000e-12 5.3093e-11      71829          1  0.000e+00
   2694.303     1.6373     1.6376   3.151276   3.151093     1.6128    -0.3938     0.3482    34.8896 1.8835e+00 1.0000e-12 5.3093e-11      71830          1  0.000e+00
   2694.303     1.6378     1.6376   3.151312   3.151093     1.6128    -0.3938     0.3482    34.8895 0.0000e+00 1.0000e-12 9.9999e+04      71831          1  0.000e+00
   2694.311     1.6384     1.6376   3.151354   3.151156     1.6128    -0.3938     0.3482    34.8894 1.8835e+00 1.0000e-12 5.3093e-11      71832          1  0.000e+00
   2694.236     1.6388     1.6375   3.151372   3.151120     1.6128    -0.3938     0.3531    34.8893 1.8835e+00 1.0000e-12 5.3093e-11      71833          1  0.000e+00
   2694.236     1.6388     1.6375   3.151372   3.151130     1.6128    -0.3938     0.3482    34.8893 1.8835e+00 1.0000e-12 5.3093e-11      71834          1  0.000e+00
   2694.236     1.6389     1.6376   3.151396   3.151143     1.6128    -0.3938     0.3531    34.8895 0.0000e+00 1.0000e-12 9.9999e+04      71835          1  0.000e+00
   2694.177     1.6391     1.6378   3.151420   3.151120     1.6128    -0.3938     0.3482    34.8896 1.8835e+00 1.0000e-12 5.3093e-11      71836          1  0.000e+00
   2694.236     1.6393     1.6378   3.151414   3.151106     1.6128    -0.3938     0.3531    34.8892 3.7670e+00 1.0000e-12 2.6547e-11      71837          1  0.000e+00
   2694.177     1.6399     1.6378   3.151438   3.151166     1.6128    -0.3938     0.3482    34.8890 0.0000e+00 1.0000e-12 9.9999e+04      71838          1  0.000e+00
   2694.119     1.6403     1.6379   3.151480   3.151130     1.6128    -0.3938     0.3482    34.8890 1.8835e+00 1.0000e-12 5.3093e-11      71839          1  0.000e+00
   2694.177     1.6406     1.6379   3.151528   3.151143     1.6128    -0.3938     0.3531    34.8893 1.8835e+00 1.0000e-12 5.3093e-11      71840          1  0.000e+00
   2694.111     1.6405     1.6382   3.151504   3.151143     1.6128    -0.3938     0.3482    34.8891 1.8835e+00 1.0000e-12 5.3093e-11      71841          1  0.000e+00
   2694.111     1.6406     1.6379   3.151528   3.151179     1.6128    -0.3938     0.3482    34.8893 1.8835e+00 1.0000e-12 5.3093e-11      71842          1  0.000e+00
   2694.052     1.6405     1.6381   3.151504   3.151166     1.6128    -0.3938     0.3531    34.8892 1.8835e+00 1.0000e-12 5.3093e-11      71843          1  0.000e+00
   2694.044     1.6403     1.6381   3.151504   3.151179     1.6128    -0.3938     0.3531    34.8893 1.8835e+00 1.0000e-12 5.3093e-11      71844          1  0.000e+00
   2694.044     1.6402     1.6382   3.151516   3.151193     1.6128    -0.3938     0.3482    34.8896 1.8835e+00 1.0000e-12 5.3093e-11      71845          1  0.000e+00
   2693.985     1.6405     1.6379   3.151534   3.151166     1.6128    -0.3938     0.3482    34.8896 0.0000e+00 1.0000e-12 9.9999e+04      71846          1  0.000e+00
   2693.985     1.6405     1.6379   3.151546   3.151179     1.6128    -0.3938     0.3482    34.8897 1.8835e+00 1.0000e-12 5.3093e-11      71847          1  0.000e+00
   2693.985     1.6406     1.6382   3.151564   3.151143     1.6128    -0.3938     0.3531    34.8898 0.0000e+00 1.0000e-12 9.9999e+04      71848          1  0.000e+00
   2693.918     1.6412     1.6384   3.151576   3.151229     1.6128    -0.3938     0.3482    34.8894 3.7670e+00 1.0000e-12 2.6547e-11      71849          1  0.000e+00
   2693.927     1.6416     1.6382   3.151612   3.151166     1.6128    -0.3938     0.3482    34.8894 0.0000e+00 1.0000e-12 9.9999e+04      71850          1  0.000e+00
   2693.918     1.6418     1.6384   3.151618   3.151193     1.6128    -0.3938     0.3531    34.8893 1.8835e+00 1.0000e-12 5.3093e-11      71851          1  0.000e+00
   2693.918     1.6421     1.6388   3.151618   3.151203     1.6128    -0.3938     0.3531    34.8889 0.0000e+00 1.0000e-12 9.9999e+04      71852          1  0.000e+00
   2693.793     1.6421     1.6386   3.151660   3.151216     1.6128    -0.3938     0.3531    34.8895 1.8835e+00 1.0000e-12 5.3093e-11      71853          1  0.000e+00
   2693.860     1.6427     1.6387   3.151636   3.151203     1.6128    -0.3938     0.3482    34.8885 1.8835e+00 1.0000e-12 5.3093e-11      71854          1  0.000e+00
   2693.793     1.6424     1.6387   3.151696   3.151216     1.6128    -0.3743     0.3482    34.8896 1.8835e+00 1.0000e-12 5.3093e-11      71855          1  0.000e+00
   2693.793     1.6424     1.6387   3.151696   3.151216     1.6128    -0.3743     0.3482    34.8896 1.8835e+00 1.0000e-12 5.3093e-11      71856          1  0.000e+00
   2693.734     1.6423     1.6387   3.151678   3.151203     1.6128    -0.3743     0.3531    34.8895 0.0000e+00 1.0000e-12 9.9999e+04      71857          1  0.000e+00
   2693.793     1.6421     1.6391   3.151678   3.151266     1.6128    -0.3743     0.3482    34.8897 1.8835e+00 1.0000e-12 5.3093e-11      71858          1  0.000e+00
   2693.726     1.6422     1.6393   3.151678   3.151216     1.6128    -0.3743     0.3531    34.8896 1.8835e+00 1.0000e-12 5.3093e-11      71859          1  0.000e+00
   2693.475     1.6421     1.6395   3.151660   3.151203     1.6128    -0.3743     0.3482    34.8897 0.0000e+00 1.0000e-12 9.9999e+04      71860          1  0.000e+00
   2693.860     1.6421     1.6401   3.151624   3.151266     1.6115    -0.3743     0.3531    34.8890 1.8835e+00 1.0000e-12 5.3093e-11      71861          1  0.000e+00
   2693.601     1.6423     1.6404   3.151642   3.151303     1.6128    -0.3743     0.3482    34.8891 1.8835e+00 1.0000e-12 5.3093e-11      71862          1  0.000e+00
   2693.668     1.6427     1.6409   3.151666   3.151366     1.6128    -0.3743     0.3482    34.8890 1.8835e+00 1.0000e-12 5.3093e-11      71863          1  0.000e+00
   2693.601     1.6435     1.6411   3.151726   3.151389     1.6128    -0.3743     0.3531    34.8889 0.0000e+00 1.0000e-12 9.9999e+04      71864          1  0.000e+00
   2693.534     1.6441     1.6412   3.151774   3.151402     1.6128    -0.3743     0.3531    34.8889 0.0000e+00 1.0000e-12 9.9999e+04      71865          1  0.000e+00
   2693.601     1.6453     1.6417   3.151858   3.151439     1.6128    -0.3743     0.3531    34.8886 1.8835e+00 1.0000e-12 5.3093e-11      71866          1  0.000e+00
   2693.542     1.6455     1.6423   3.151942   3.151452     1.6128    -0.3743     0.3482    34.8894 1.8835e+00 1.0000e-12 5.3093e-11      71867          1  0.000e+00
   2030.592     3.0929     3.0949   3.256307   3.256232     1.6648    -0.3743     0.3385    34.9286 0.0000e+00 1.0000e-12 9.9999e+04      90338          2  0.000e+00
   2030.526     3.0931     3.0949   3.256319   3.256246     1.6648    -0.3743     0.3433    34.9286 1.8835e+00 1.0000e-12 5.3093e-11      90339          2  0.000e+00
   2030.526     3.0931     3.0949   3.256307   3.256320     1.6648    -0.3743     0.3385    34.9285 0.0000e+00 1.0000e-12 9.9999e+04      90340          2  0.000e+00
   2030.633     3.0932     3.0947   3.256319   3.256246     1.6648    -0.3743     0.3385    34.9284 1.8835e+00 1.0000e-12 5.3093e-11      90341          2  0.000e+00
   2030.526     3.0931     3.0950   3.256313   3.256283     1.6648    -0.3743     0.3433    34.9285 0.0000e+00 1.0000e-12 9.9999e+04      90342          2  0.000e+00
   2030.526     3.0931     3.0950   3.256319   3.256296     1.6648    -0.3743     0.3433    34.9286 1.8835e+00 1.0000e-12 5.3093e-11      90343          2  0.000e+00
   2030.592     3.0929     3.0949   3.256289   3.256246     1.6648    -0.3743     0.3385    34.9284 1.8835e+00 1.0000e-12 5.3093e-11      90344          2  0.000e+00
   2030.576     3.0931     3.0949   3.256313   3.256306     1.6648    -0.3743     0.3385    34.9285 1.8835e+00 1.0000e-12 5.3093e-11      90345          2  0.000e+00
   2030.526     3.0931     3.0949   3.256331   3.256269     1.6648    -0.3743     0.3385    34.9288 1.8835e+00 1.0000e-12 5.3093e-11      90346          2  0.000e+00
   2030.592     3.0931     3.0952   3.256289   3.256269     1.6648    -0.3743     0.3433    34.9282 1.8835e+00 1.0000e-12 5.3093e-11      90347          2  0.000e+00
   2030.526     3.0931     3.0950   3.256289   3.256246     1.6648    -0.3743     0.3433    34.9283 0.0000e+00 1.0000e-12 9.9999e+04      90348          2  0.000e+00
   2030.576     3.0931     3.0952   3.256337   3.256232     1.6648    -0.3743     0.3433    34.9288 0.0000e+00 1.0000e-12 9.9999e+04      90349          2  0.000e+00
   2030.526     3.0931     3.0949   3.256295   3.256269     1.6648    -0.3743     0.3433    34.9283 1.8835e+00 1.0000e-12 5.3093e-11      90350          2  0.000e+00
   2030.592     3.0929     3.0949   3.256313   3.256269     1.6648    -0.3743     0.3385    34.9287 1.8835e+00 1.0000e-12 5.3093e-11      90351          2  0.000e+00
   2030.593     3.0931     3.0950   3.256307   3.256296     1.6648    -0.3743     0.3385    34.9284 1.8835e+00 1.0000e-12 5.3093e-11      90352          2  0.000e+00
   2030.510     3.0929     3.0949   3.256319   3.256306     1.6648    -0.3743     0.3433    34.9288 1.8835e+00 1.0000e-12 5.3093e-11      90353          2  0.000e+00
   2030.593     3.0931     3.0950   3.256313   3.256269     1.6636    -0.3743     0.3385    34.9285 0.0000e+00 1.0000e-12 9.9999e+04      90354          2  0.000e+00
   2030.526     3.0931     3.0949   3.256319   3.256269     1.6648    -0.3743     0.3433    34.9286 3.7670e+00 1.0000e-12 2.6547e-11      90355          2  0.000e+00
   2030.593     3.0932     3.0950   3.256307   3.256256     1.6648    -0.3743     0.3433    34.9283 1.8835e+00 1.0000e-12 5.3093e-11      90356          2  0.000e+00
   2030.576     3.0931     3.0950   3.256282   3.256246     1.6648    -0.3743     0.3385    34.9282 1.8835e+00 1.0000e-12 5.3093e-11      90357          2  0.000e+00
   2030.593     3.0931     3.0949   3.256289   3.256269     1.6648    -0.3743     0.3433    34.9282 1.8835e+00 1.0000e-12 5.3093e-11      90358          2  0.000e+00
   2030.527     3.0931     3.0950   3.256295   3.256246     1.6648    -0.3743     0.3433    34.9283 1.8835e+00 1.0000e-12 5.3093e-11      90359          2  0.000e+00
   2030.576     3.0932     3.0950   3.256282   3.256283     1.6648    -0.3743     0.3385    34.9280 0.0000e+00 1.0000e-12 9.9999e+04      90360          2  0.000e+00
   2030.593     3.0932     3.0949   3.256289   3.256269     1.6648    -0.3938     0.3385    34.9281 1.8835e+00 1.0000e-12 5.3093e-11      90361          2  0.000e+00
   2030.593     3.0931     3.0950   3.256319   3.256269     1.6648    -0.3938     0.3385    34.9286 1.8835e+00 1.0000e-12 5.3093e-11      90362          2  0.000e+00
   2030.593     3.0931     3.0950   3.256331   3.256306     1.6648    -0.3938     0.3385    34.9287 1.8835e+00 1.0000e-12 5.3093e-11      90363          2  0.000e+00
   2030.576     3.0931     3.0950   3.256331   3.256269     1.6636    -0.3938     0.3385    34.9287 0.0000e+00 1.0000e-12 9.9999e+04      90364          2  0.000e+00
   2030.651     3.0929     3.0949   3.256325   3.256296     1.6636    -0.3938     0.3433    34.9288 0.0000e+00 1.0000e-12 9.9999e+04      90365          2  0.000e+00
   2030.527     3.0931     3.0950   3.256313   3.256269     1.6636    -0.3938     0.3385    34.9285 0.0000e+00 1.0000e-12 9.9999e+04      90366          2  0.000e+00
   2030.593     3.0932     3.0949   3.256319   3.256232     1.6636    -0.3938     0.3385    34.9284 1.8835e+00 1.0000e-12 5.3093e-11      90367          2  0.000e+00
   2030.635     3.0931     3.0949   3.256325   3.256269     1.6636    -0.3938     0.3385    34.9286 0.0000e+00 1.0000e-12 9.9999e+04      90368          2  0.000e+00
   2030.651     3.0931     3.0950   3.256289   3.256296     1.6648    -0.3938     0.3433    34.9282 0.0000e+00 1.0000e-12 9.9999e+04      90369          2  0.000e+00
   2030.593     3.0929     3.0947   3.256289   3.256283     1.6648    -0.3938     0.3433    34.9284 1.8835e+00 1.0000e-12 5.3093e-11      90370          2  0.000e+00
   2030.651     3.0931     3.0950   3.256295   3.256269     1.6648    -0.3938     0.3385    34.9283 0.0000e+00 1.0000e-12 9.9999e+04      90371          2  0.000e+00
   2030.577     3.0931     3.0949   3.256343   3.256296     1.6648    -0.3938     0.3433    34.9289 1.8835e+00 1.0000e-12 5.3093e-11      90372          2  0.000e+00
   2030.651     3.0929     3.0949   3.256337   3.256269     1.6648    -0.3938     0.3385    34.9290 3.7670e+00 1.0000e-12 2.6547e-11      90373          2  0.000e+00
   2030.651     3.0932     3.0949   3.256289   3.256306     1.6648    -0.3938     0.3433    34.9280 1.8835e+00 1.0000e-12 5.3093e-11      90374          2  0.000e+00
   2030.594     3.0931     3.0947   3.256289   3.256246     1.6648    -0.3938     0.3433    34.9282 1.8835e+00 1.0000e-12 5.3093e-11      90375          2  0.000e+00
   2030.701     3.0929     3.0950   3.256319   3.256269     1.6648    -0.3938     0.3433    34.9287 1.8835e+00 1.0000e-12 5.3093e-11      90376          2  0.000e+00
   2030.652     3.0929     3.0949   3.256325   3.256283     1.6648    -0.3938     0.3433    34.9288 1.8835e+00 1.0000e-12 5.3093e-11      90377          2  0.000e+00
   2030.652     3.0931     3.0949   3.256289   3.256246     1.6648    -0.3938     0.3433    34.9282 1.8835e+00 1.0000e-12 5.3093e-11      90378          2  0.000e+00
   2030.652     3.0931     3.0949   3.256313   3.256269     1.6648    -0.3938     0.3433    34.9285 0.0000e+00 1.0000e-12 9.9999e+04      90379          2  0.000e+00
   2030.701     3.0929     3.0949   3.256307   3.256269     1.6648    -0.3938     0.3385    34.9286 1.8835e+00 1.0000e-12 5.3093e-11      90380          2  0.000e+00
   2030.718     3.0931     3.0949   3.256276   3.256256     1.6648    -0.3938     0.3385    34.9280 1.8835e+00 1.0000e-12 5.3093e-11      90381          2  0.000e+00
   2030.652     3.0931     3.0945   3.256289   3.256269     1.6648    -0.3938     0.3385    34.9282 1.8835e+00 1.0000e-12 5.3093e-11      90382          2  0.000e+00
   2030.718     3.0931     3.0947   3.256301   3.256269     1.6648    -0.3938     0.3433    34.9283 1.8835e+00 1.0000e-12 5.3093e-11      90383          2  0.000e+00
   2030.702     3.0928     3.0949   3.256295   3.256306     1.6648    -0.3938     0.3385    34.9286 1.8835e+00 1.0000e-12 5.3093e-11      90384          2  0.000e+00
