Ship_data/Irminger/Irminger-4/ctd/process/ar21_007.ros
* Sea-Bird SBE 9 Data File:
* FileName = D:\Data\AR21_007.hdr
* Software Version Seasave V 7.23.2
* Temperature SN = 4155
* Conductivity SN = 2645
* Number of Bytes Per Scan = 40
* Number of Voltage Words = 5
* Number of Scans Averaged by the Deck Unit = 1
* NMEA Latitude = 59 55.58 N
* NMEA Longitude = 039 30.97 W
* NMEA UTC (Time) = Aug 05 2017  20:24:20
# nquan = 15
# nvalues = 539                                   
# units = specified
# name 0 = prDM: Pressure, Digiquartz [db]
# name 1 = t090C: Temperature [ITS-90, deg C]
# name 2 = t190C: Temperature, 2 [ITS-90, deg C]
# name 3 = c0S/m: Conductivity [S/m]
# name 4 = c1S/m: Conductivity, 2 [S/m]
# name 5 = sbeox0V: Oxygen raw, SBE 43 [V]
# name 6 = flECO-AFL: Fluorescence, WET Labs ECO-AFL/FL [mg/m^3]
# name 7 = turbWETntu0: Turbidity, WET Labs ECO [NTU]
# name 8 = sal00: Salinity, Practical [PSU]
# name 9 = spar: SPAR/Surface Irradiance
# name 10 = par: PAR/Irradiance, Biospherical/Licor
# name 11 = cpar: CPAR/Corrected Irradiance [%]
# name 12 = scan: Scan Count
# name 13 = nbf: Bottles Fired
# name 14 = flag:  0.000e+00
# interval = seconds: 0.0416667
# start_time = Aug 05 2017 20:24:20 [NMEA time, header]
# bad_flag = -9.990e-29
*END*
   1521.281     3.5709     3.5740   3.276158   3.276829     1.5888    -0.3938     0.3385    34.9078 1.8835e+00 1.0000e-12 5.3093e-11      40281          1  0.000e+00
   1521.281     3.5709     3.5741   3.276170   3.276808     1.5888    -0.3938     0.3385    34.9080 1.8835e+00 1.0000e-12 5.3093e-11      40282          1  0.000e+00
   1521.281     3.5713     3.5742   3.276170   3.276781     1.5888    -0.3938     0.3385    34.9076 1.8835e+00 1.0000e-12 5.3093e-11      40283          1  0.000e+00
   1521.346     3.5711     3.5739   3.276170   3.276829     1.5888    -0.3938     0.3385    34.9078 1.8835e+00 1.0000e-12 5.3093e-11      40284          1  0.000e+00
   1521.281     3.5711     3.5742   3.276170   3.276781     1.5888    -0.3938     0.3385    34.9078 3.7670e+00 1.0000e-12 2.6547e-11      40285          1  0.000e+00
   1521.281     3.5713     3.5739   3.276189   3.276808     1.5888    -0.3938     0.3385    34.9078 1.8835e+00 1.0000e-12 5.3093e-11      40286          1  0.000e+00
   1521.281     3.5711     3.5739   3.276134   3.276832     1.5888    -0.3938     0.3433    34.9074 1.8835e+00 1.0000e-12 5.3093e-11      40287          1  0.000e+00
   1521.281     3.5711     3.5740   3.276152   3.276802     1.5888    -0.3938     0.3385    34.9076 1.8835e+00 1.0000e-12 5.3093e-11      40288          1  0.000e+00
   1521.281     3.5711     3.5742   3.276152   3.276808     1.5888    -0.3938     0.3433    34.9076 1.8835e+00 1.0000e-12 5.3093e-11      40289          1  0.000e+00
   1521.223     3.5713     3.5740   3.276140   3.276808     1.5888    -0.3938     0.3433    34.9073 1.8835e+00 1.0000e-12 5.3093e-11      40290          1  0.000e+00
   1521.281     3.5711     3.5739   3.276140   3.276802     1.5901    -0.3938     0.3433    34.9075 3.7670e+00 1.0000e-12 2.6547e-11      40291          1  0.000e+00
   1521.224     3.5711     3.5741   3.276158   3.276808     1.5901    -0.3938     0.3433    34.9077 0.0000e+00 1.0000e-12 9.9999e+04      40292          1  0.000e+00
   1521.281     3.5714     3.5742   3.276152   3.276808     1.5901    -0.3938     0.3385    34.9073 0.0000e+00 1.0000e-12 9.9999e+04      40293          1  0.000e+00
   1521.224     3.5711     3.5739   3.276140   3.276832     1.5901    -0.3938     0.3385    34.9075 1.8835e+00 1.0000e-12 5.3093e-11      40294          1  0.000e+00
   1521.281     3.5711     3.5742   3.276140   3.276778     1.5901    -0.3938     0.3385    34.9075 3.7670e+00 1.0000e-12 2.6547e-11      40295          1  0.000e+00
   1521.224     3.5713     3.5742   3.276158   3.276781     1.5901    -0.3938     0.3433    34.9075 1.8835e+00 1.0000e-12 5.3093e-11      40296          1  0.000e+00
   1521.224     3.5711     3.5741   3.276152   3.276808     1.5913    -0.3938     0.3433    34.9076 1.8835e+00 1.0000e-12 5.3093e-11      40297          1  0.000e+00
   1521.224     3.5711     3.5740   3.276158   3.276778     1.5913    -0.3938     0.3433    34.9077 3.7670e+00 1.0000e-12 2.6547e-11      40298          1  0.000e+00
   1521.224     3.5713     3.5741   3.276152   3.276808     1.5913    -0.3938     0.3433    34.9074 0.0000e+00 1.0000e-12 9.9999e+04      40299          1  0.000e+00
   1521.224     3.5713     3.5742   3.276140   3.276808     1.5913    -0.3938     0.3385    34.9073 1.8835e+00 1.0000e-12 5.3093e-11      40300          1  0.000e+00
   1521.224     3.5713     3.5742   3.276121   3.276808     1.5913    -0.3743     0.3433    34.9071 1.8835e+00 1.0000e-12 5.3093e-11      40301          1  0.000e+00
   1521.158     3.5713     3.5742   3.276152   3.276829     1.5913    -0.3743     0.3433    34.9075 0.0000e+00 1.0000e-12 9.9999e+04      40302          1  0.000e+00
   1521.224     3.5711     3.5741   3.276152   3.276781     1.5925    -0.3743     0.3433    34.9076 1.8835e+00 1.0000e-12 5.3093e-11      40303          1  0.000e+00
   1521.158     3.5713     3.5741   3.276158   3.276781     1.5925    -0.3743     0.3433    34.9075 1.8835e+00 1.0000e-12 5.3093e-11      40304          1  0.000e+00
   1521.101     3.5714     3.5740   3.276152   3.276829     1.5925    -0.3743     0.3482    34.9073 3.7670e+00 1.0000e-12 2.6547e-11      40305          1  0.000e+00
   1521.224     3.5713     3.5741   3.276158   3.276808     1.5925    -0.3743     0.3433    34.9075 1.8835e+00 1.0000e-12 5.3093e-11      40306          1  0.000e+00
   1521.158     3.5713     3.5740   3.276103   3.276781     1.5925    -0.3743     0.3482    34.9069 1.8835e+00 1.0000e-12 5.3093e-11      40307          1  0.000e+00
   1521.159     3.5713     3.5741   3.276121   3.276781     1.5925    -0.3743     0.3433    34.9071 1.8835e+00 1.0000e-12 5.3093e-11      40308          1  0.000e+00
   1521.159     3.5713     3.5739   3.276140   3.276802     1.5925    -0.3743     0.3482    34.9073 1.8835e+00 1.0000e-12 5.3093e-11      40309          1  0.000e+00
   1521.101     3.5714     3.5742   3.276140   3.276781     1.5925    -0.3743     0.3433    34.9072 3.7670e+00 1.0000e-12 2.6547e-11      40310          1  0.000e+00
   1521.159     3.5713     3.5737   3.276140   3.276781     1.5925    -0.3743     0.3433    34.9073 1.8835e+00 1.0000e-12 5.3093e-11      40311          1  0.000e+00
   1521.101     3.5714     3.5737   3.276140   3.276778     1.5938    -0.3743     0.3482    34.9072 1.8835e+00 1.0000e-12 5.3093e-11      40312          1  0.000e+00
   1521.101     3.5713     3.5739   3.276158   3.276781     1.5938    -0.3743     0.3482    34.9076 3.7670e+00 1.0000e-12 2.6547e-11      40313          1  0.000e+00
   1521.101     3.5713     3.5740   3.276128   3.276781     1.5938    -0.3743     0.3433    34.9072 0.0000e+00 1.0000e-12 9.9999e+04      40314          1  0.000e+00
   1521.101     3.5713     3.5739   3.276109   3.276808     1.5950    -0.3743     0.3433    34.9070 1.8835e+00 1.0000e-12 5.3093e-11      40315          1  0.000e+00
   1521.101     3.5713     3.5741   3.276109   3.276778     1.5950    -0.3743     0.3433    34.9070 1.8835e+00 1.0000e-12 5.3093e-11      40316          1  0.000e+00
   1521.036     3.5714     3.5739   3.276127   3.276781     1.5938    -0.3743     0.3433    34.9071 1.8835e+00 1.0000e-12 5.3093e-11      40317          1  0.000e+00
   1521.101     3.5713     3.5739   3.276121   3.276781     1.5950    -0.3743     0.3433    34.9071 3.7670e+00 1.0000e-12 2.6547e-11      40318          1  0.000e+00
   1521.036     3.5714     3.5739   3.276109   3.276778     1.5950    -0.3743     0.3482    34.9069 1.8835e+00 1.0000e-12 5.3093e-11      40319          1  0.000e+00
   1521.036     3.5714     3.5739   3.276109   3.276757     1.5950    -0.3743     0.3482    34.9069 1.8835e+00 1.0000e-12 5.3093e-11      40320          1  0.000e+00
   1521.036     3.5713     3.5741   3.276127   3.276781     1.5962    -0.3743     0.3433    34.9072 1.8835e+00 1.0000e-12 5.3093e-11      40321          1  0.000e+00
   1521.036     3.5714     3.5740   3.276121   3.276781     1.5962    -0.3743     0.3433    34.9070 1.8835e+00 1.0000e-12 5.3093e-11      40322          1  0.000e+00
   1521.036     3.5713     3.5741   3.276127   3.276751     1.5962    -0.3743     0.3433    34.9072 0.0000e+00 1.0000e-12 9.9999e+04      40323          1  0.000e+00
   1520.978     3.5716     3.5740   3.276121   3.276808     1.5962    -0.3743     0.3433    34.9069 0.0000e+00 1.0000e-12 9.9999e+04      40324          1  0.000e+00
   1521.036     3.5714     3.5739   3.276109   3.276757     1.5962    -0.3743     0.3433    34.9069 1.8835e+00 1.0000e-12 5.3093e-11      40325          1  0.000e+00
   1520.979     3.5714     3.5740   3.276091   3.276778     1.5975    -0.3938     0.3433    34.9067 1.8835e+00 1.0000e-12 5.3093e-11      40326          1  0.000e+00
   1520.979     3.5714     3.5739   3.276097   3.276808     1.5975    -0.3938     0.3433    34.9067 3.7670e+00 1.0000e-12 2.6547e-11      40327          1  0.000e+00
   1520.979     3.5714     3.5739   3.276127   3.276781     1.5975    -0.3938     0.3433    34.9071 1.8835e+00 1.0000e-12 5.3093e-11      40328          1  0.000e+00
   1520.979     3.5716     3.5737   3.276097   3.276802     1.5975    -0.3938     0.3433    34.9066 1.8835e+00 1.0000e-12 5.3093e-11      40329          1  0.000e+00
   1013.310     3.3487     3.3497   3.230840   3.230968     1.6973    -0.3743     0.3580    34.8598 0.0000e+00 1.0000e-12 9.9999e+04      55504          2  0.000e+00
   1013.310     3.3490     3.3499   3.230846   3.230961     1.6973    -0.3743     0.3580    34.8595 0.0000e+00 1.0000e-12 9.9999e+04      55505          2  0.000e+00
   1013.440     3.3488     3.3497   3.230864   3.230968     1.6960    -0.3743     0.3580    34.8599 1.8835e+00 1.0000e-12 5.3093e-11      55506          2  0.000e+00
   1013.244     3.3489     3.3497   3.230840   3.230961     1.6960    -0.3743     0.3580    34.8596 0.0000e+00 1.0000e-12 9.9999e+04      55507          2  0.000e+00
   1013.318     3.3488     3.3497   3.230846   3.230917     1.6960    -0.3743     0.3580    34.8597 1.8835e+00 1.0000e-12 5.3093e-11      55508          2  0.000e+00
   1013.367     3.3488     3.3499   3.230846   3.230961     1.6960    -0.3743     0.3580    34.8597 0.0000e+00 1.0000e-12 9.9999e+04      55509          2  0.000e+00
   1013.310     3.3491     3.3497   3.230846   3.230941     1.6960    -0.3743     0.3580    34.8594 3.7670e+00 1.0000e-12 2.6547e-11      55510          2  0.000e+00
   1013.375     3.3487     3.3500   3.230834   3.230934     1.6948    -0.3743     0.3580    34.8597 0.0000e+00 1.0000e-12 9.9999e+04      55511          2  0.000e+00
   1013.310     3.3490     3.3499   3.230834   3.230941     1.6948    -0.3743     0.3580    34.8594 1.8835e+00 1.0000e-12 5.3093e-11      55512          2  0.000e+00
   1013.318     3.3488     3.3499   3.230846   3.230961     1.6948    -0.4133     0.3531    34.8597 0.0000e+00 1.0000e-12 9.9999e+04      55513          2  0.000e+00
   1013.367     3.3489     3.3497   3.230846   3.230991     1.6948    -0.4133     0.3531    34.8596 1.8835e+00 1.0000e-12 5.3093e-11      55514          2  0.000e+00
   1013.310     3.3490     3.3499   3.230846   3.230961     1.6948    -0.4133     0.3531    34.8595 1.8835e+00 1.0000e-12 5.3093e-11      55515          2  0.000e+00
   1013.318     3.3490     3.3499   3.230870   3.230968     1.6936    -0.4133     0.3580    34.8598 0.0000e+00 1.0000e-12 9.9999e+04      55516          2  0.000e+00
   1013.367     3.3488     3.3499   3.230876   3.230934     1.6948    -0.4133     0.3580    34.8600 3.7670e+00 1.0000e-12 2.6547e-11      55517          2  0.000e+00
   1013.318     3.3487     3.3500   3.230858   3.230968     1.6948    -0.4133     0.3531    34.8600 0.0000e+00 1.0000e-12 9.9999e+04      55518          2  0.000e+00
   1013.367     3.3488     3.3502   3.230852   3.230961     1.6948    -0.4133     0.3531    34.8598 1.8835e+00 1.0000e-12 5.3093e-11      55519          2  0.000e+00
   1013.367     3.3488     3.3499   3.230822   3.230968     1.6948    -0.4133     0.3531    34.8594 1.8835e+00 1.0000e-12 5.3093e-11      55520          2  0.000e+00
   1013.318     3.3489     3.3502   3.230840   3.230985     1.6936    -0.4133     0.3531    34.8596 1.8835e+00 1.0000e-12 5.3093e-11      55521          2  0.000e+00
   1013.367     3.3490     3.3500   3.230852   3.230968     1.6936    -0.4133     0.3531    34.8596 1.8835e+00 1.0000e-12 5.3093e-11      55522          2  0.000e+00
   1013.376     3.3488     3.3505   3.230864   3.230985     1.6936    -0.4133     0.3531    34.8599 1.8835e+00 1.0000e-12 5.3093e-11      55523          2  0.000e+00
   1013.367     3.3487     3.3502   3.230858   3.230968     1.6936    -0.4133     0.3531    34.8600 0.0000e+00 1.0000e-12 9.9999e+04      55524          2  0.000e+00
   1013.367     3.3491     3.3500   3.230834   3.230961     1.6936    -0.4133     0.3531    34.8593 1.8835e+00 1.0000e-12 5.3093e-11      55525          2  0.000e+00
   1013.441     3.3488     3.3500   3.230858   3.230991     1.6936    -0.4133     0.3531    34.8598 1.8835e+00 1.0000e-12 5.3093e-11      55526          2  0.000e+00
   1013.368     3.3488     3.3497   3.230840   3.230961     1.6923    -0.4133     0.3531    34.8596 1.8835e+00 1.0000e-12 5.3093e-11      55527          2  0.000e+00
   1013.433     3.3489     3.3499   3.230846   3.230991     1.6936    -0.4133     0.3531    34.8596 3.7670e+00 1.0000e-12 2.6547e-11      55528          2  0.000e+00
   1013.376     3.3488     3.3500   3.230864   3.230941     1.6923    -0.4133     0.3531    34.8599 1.8835e+00 1.0000e-12 5.3093e-11      55529          2  0.000e+00
   1013.433     3.3490     3.3500   3.230858   3.230934     1.6923    -0.4133     0.3531    34.8596 1.8835e+00 1.0000e-12 5.3093e-11      55530          2  0.000e+00
   1013.441     3.3487     3.3499   3.230834   3.231018     1.6923    -0.4133     0.3580    34.8597 0.0000e+00 1.0000e-12 9.9999e+04      55531          2  0.000e+00
   1013.433     3.3489     3.3499   3.230858   3.230961     1.6923    -0.4133     0.3531    34.8597 0.0000e+00 1.0000e-12 9.9999e+04      55532          2  0.000e+00
   1013.433     3.3490     3.3499   3.230840   3.230941     1.6911    -0.4133     0.3531    34.8594 3.7670e+00 1.0000e-12 2.6547e-11      55533          2  0.000e+00
   1013.498     3.3487     3.3499   3.230828   3.230985     1.6911    -0.4133     0.3531    34.8596 3.7670e+00 1.0000e-12 2.6547e-11      55534          2  0.000e+00
   1013.433     3.3487     3.3500   3.230858   3.230968     1.6911    -0.4133     0.3531    34.8599 3.7670e+00 1.0000e-12 2.6547e-11      55535          2  0.000e+00
   1013.498     3.3487     3.3499   3.230858   3.230985     1.6911    -0.4133     0.3531    34.8599 1.8835e+00 1.0000e-12 5.3093e-11      55536          2  0.000e+00
   1013.490     3.3485     3.3499   3.230852   3.230968     1.6911    -0.4133     0.3531    34.8600 0.0000e+00 1.0000e-12 9.9999e+04      55537          2  0.000e+00
   1013.490     3.3487     3.3499   3.230864   3.230985     1.6911    -0.4133     0.3531    34.8600 1.8835e+00 1.0000e-12 5.3093e-11      55538          2  0.000e+00
   1013.564     3.3487     3.3499   3.230858   3.230968     1.6911    -0.4133     0.3531    34.8598 1.8835e+00 1.0000e-12 5.3093e-11      55539          2  0.000e+00
   1013.490     3.3487     3.3497   3.230852   3.231012     1.6899    -0.4133     0.3531    34.8598 1.8835e+00 1.0000e-12 5.3093e-11      55540          2  0.000e+00
   1013.556     3.3485     3.3497   3.230846   3.230968     1.6899    -0.4133     0.3531    34.8599 1.8835e+00 1.0000e-12 5.3093e-11      55541          2  0.000e+00
   1013.564     3.3487     3.3496   3.230846   3.230911     1.6899    -0.4133     0.3531    34.8597 1.8835e+00 1.0000e-12 5.3093e-11      55542          2  0.000e+00
   1013.556     3.3486     3.3496   3.230852   3.230991     1.6911    -0.4133     0.3531    34.8599 1.8835e+00 1.0000e-12 5.3093e-11      55543          2  0.000e+00
   1013.621     3.3487     3.3494   3.230846   3.230911     1.6899    -0.4133     0.3531    34.8597 3.7670e+00 1.0000e-12 2.6547e-11      55544          2  0.000e+00
   1013.556     3.3483     3.3496   3.230870   3.230941     1.6899    -0.4133     0.3531    34.8604 1.8835e+00 1.0000e-12 5.3093e-11      55545          2  0.000e+00
   1013.613     3.3487     3.3496   3.230852   3.230961     1.6899    -0.4133     0.3531    34.8598 1.8835e+00 1.0000e-12 5.3093e-11      55546          2  0.000e+00
   1013.678     3.3487     3.3496   3.230846   3.230968     1.6899    -0.4133     0.3531    34.8596 1.8835e+00 1.0000e-12 5.3093e-11      55547          2  0.000e+00
   1013.613     3.3485     3.3499   3.230870   3.230961     1.6899    -0.4133     0.3531    34.8602 3.7670e+00 1.0000e-12 2.6547e-11      55548          2  0.000e+00
   1013.678     3.3485     3.3499   3.230876   3.230992     1.6899    -0.4133     0.3531    34.8602 0.0000e+00 1.0000e-12 9.9999e+04      55549          2  0.000e+00
   1013.613     3.3486     3.3497   3.230858   3.230961     1.6887    -0.4133     0.3531    34.8600 1.8835e+00 1.0000e-12 5.3093e-11      55550          2  0.000e+00
