Ship_data/Irminger/Irminger-4/ctd/process/ar21_001.cnv
* Sea-Bird SBE 9 Data File:
* FileName = D:\Data\AR21_001.hdr
* Software Version Seasave V 7.23.2
* Temperature SN = 4155
* Conductivity SN = 2645
* Number of Bytes Per Scan = 40
* Number of Voltage Words = 5
* Number of Scans Averaged by the Deck Unit = 1
* NMEA Latitude = 50 47.11 N
* NMEA Longitude = 047 17.72 W
* NMEA UTC (Time) = Aug 02 2017  11:23:00
# nquan = 21
# nvalues = 2007                        
# units = specified
# name 0 = prDM: Pressure, Digiquartz [db]
# name 1 = t090C: Temperature [ITS-90, deg C]
# name 2 = t190C: Temperature, 2 [ITS-90, deg C]
# name 3 = c0S/m: Conductivity [S/m]
# name 4 = c1S/m: Conductivity, 2 [S/m]
# name 5 = sbeox0V: Oxygen raw, SBE 43 [V]
# name 6 = flECO-AFL: Fluorescence, WET Labs ECO-AFL/FL [mg/m^3]
# name 7 = turbWETntu0: Turbidity, WET Labs ECO [NTU]
# name 8 = sal00: Salinity, Practical [PSU]
# name 9 = spar: SPAR/Surface Irradiance
# name 10 = par: PAR/Irradiance, Biospherical/Licor
# name 11 = cpar: CPAR/Corrected Irradiance [%]
# name 12 = depSM: Depth [salt water, m], lat = 50.7852
# name 13 = sal00: Salinity, Practical [PSU]
# name 14 = sal11: Salinity, Practical, 2 [PSU]
# name 15 = sbeox0ML/L: Oxygen, SBE 43 [ml/l], WS = 2
# name 16 = svCM: Sound Velocity [Chen-Millero, m/s]
# name 17 = sigma-é00: Density [sigma-theta, kg/m^3]
# name 18 = sigma-é11: Density, 2 [sigma-theta, kg/m^3]
# name 19 = avgsvCM: Average Sound Velocity [Chen-Millero, m/s], minP = 20, minS = 20
# name 20 = flag: flag
# span 0 =      2.017,   1017.256       
# span 1 =     3.1991,    10.5334       
# span 2 =     3.2014,    10.5458       
# span 3 =   3.162380,   3.743633       
# span 4 =   3.162345,   3.744386       
# span 5 =     1.5338,     2.5519       
# span 6 =    -0.4143,     1.8267       
# span 7 =     0.3407,     0.5361       
# span 8 =    33.8250,    34.9262       
# span 9 = -5.079e-02, 1.5109e+00       
# span 10 = -2.697e-07, 9.7089e+02      
# span 11 = 2.2487e+04, 1.0270e+05      
# span 12 =      2.000,   1006.000      
# span 13 =    33.8262,    34.9260      
# span 14 =    33.8249,    34.8735      
# span 15 =     3.8771,     6.1229      
# span 16 =    1464.15,    1490.36      
# span 17 =    25.9460,    27.7892      
# span 18 =    25.9408,    27.7514      
# span 19 =       0.00,    1485.22      
# span 20 = 0.0000e+00, 0.0000e+00      
# interval = meters: 1                  
# start_time = Aug 02 2017 11:23:00 [NMEA time, header]
# bad_flag = -9.990e-29
*END*
[from data line 621]
    631.410     3.4277     3.4303   3.226242   3.221737     1.6341    -0.3937     0.3480    34.9210 6.7814e-01 1.0000e-12 6.3995e+04    625.000    34.9209    34.8640     4.0742    1474.48    27.7856    27.7399    1470.18 0.0000e+00
    632.422     3.4280     3.4310   3.226252   3.221847     1.6304    -0.3826     0.3471    34.9203 8.8494e-01 1.0000e-12 5.4708e+04    626.000    34.9202    34.8641     4.0611    1474.50    27.7850    27.7399    1470.19 0.0000e+00
    633.434     3.4287     3.4307   3.226227   3.221863     1.6250    -0.3741     0.3494    34.9186 4.2558e-01 1.0000e-12 7.7215e+04    627.000    34.9185    34.8640     4.0421    1474.51    27.7836    27.7399    1470.19 0.0000e+00
    634.446     3.4289     3.4307   3.226228   3.221919     1.6217    -0.3924     0.3499    34.9179 7.4438e-01 1.0000e-12 6.6287e+04    628.000    34.9179    34.8641     4.0308    1474.53    27.7830    27.7400    1470.20 0.0000e+00
    635.458     3.4287     3.4305   3.226241   3.221945     1.6194    -0.3925     0.3512    34.9177 4.9973e-01 1.0000e-12 7.3406e+04    629.000    34.9176    34.8641     4.0228    1474.55    27.7829    27.7400    1470.21 0.0000e+00
    636.469     3.4287     3.4314   3.226267   3.222086     1.6179    -0.3938     0.3509    34.9174 8.7129e-01 1.0000e-12 5.3740e+04    630.000    34.9174    34.8643     4.0179    1474.56    27.7827    27.7401    1470.21 0.0000e+00
    637.481     3.4288     3.4318   3.226309   3.222164     1.6165    -0.4109     0.3475    34.9173 1.2063e-01 1.0000e-12 9.3594e+04    631.000    34.9173    34.8643     4.0136    1474.58    27.7826    27.7400    1470.22 0.0000e+00
    638.493     3.4290     3.4319   3.226340   3.222216     1.6160    -0.4007     0.3451    34.9169 6.6268e-01 1.0000e-12 6.4815e+04    632.000    34.9169    34.8643     4.0122    1474.60    27.7823    27.7400    1470.23 0.0000e+00
    639.505     3.4292     3.4318   3.226376   3.222265     1.6159    -0.3778     0.3455    34.9166 5.3392e-01 1.0000e-12 7.1652e+04    633.000    34.9166    34.8644     4.0123    1474.61    27.7820    27.7401    1470.23 0.0000e+00
    640.517     3.4295     3.4310   3.226383   3.222223     1.6164    -0.3804     0.3481    34.9159 3.6956e-01 1.0000e-12 8.0378e+04    634.000    34.9159    34.8642     4.0148    1474.63    27.7814    27.7401    1470.24 0.0000e+00
    641.529     3.4288     3.4282   3.226358   3.221997     1.6160    -0.3730     0.3481    34.9158 5.2701e-01 1.0000e-12 7.2019e+04    635.000    34.9157    34.8640     4.0140    1474.64    27.7814    27.7402    1470.25 0.0000e+00
    642.540     3.4269     3.4272   3.226347   3.221950     1.6138    -0.3834     0.3501    34.9172 3.4023e-01 1.0000e-12 8.1935e+04    636.000    34.9171    34.8639     4.0063    1474.65    27.7827    27.7402    1470.25 0.0000e+00
    643.552     3.4258     3.4247   3.226357   3.221733     1.6122    -0.3931     0.3487    34.9180 9.1145e-01 1.0000e-12 5.1608e+04    637.000    34.9179    34.8635     4.0012    1474.67    27.7834    27.7401    1470.26 0.0000e+00
    644.564     3.4248     3.4204   3.226392   3.221361     1.6104    -0.3928     0.3464    34.9189 4.9781e-01 1.0000e-12 7.3569e+04    638.000    34.9188    34.8631     3.9952    1474.68    27.7842    27.7402    1470.27 0.0000e+00
    645.576     3.4245     3.4203   3.226429   3.221403     1.6093    -0.3910     0.3470    34.9191 8.2488e-01 1.0000e-12 6.0882e+04    639.000    34.9190    34.8631     3.9920    1474.70    27.7845    27.7403    1470.27 0.0000e+00
    646.588     3.4246     3.4209   3.226458   3.221506     1.6086    -0.3721     0.3512    34.9188 7.7235e-01 1.0000e-12 5.9112e+04    640.000    34.9187    34.8632     3.9900    1474.71    27.7842    27.7403    1470.28 0.0000e+00
    647.600     3.4242     3.4214   3.226492   3.221612     1.6087    -0.3706     0.3513    34.9191 7.6733e-01 1.0000e-12 5.9259e+04    641.000    34.9190    34.8634     3.9910    1474.73    27.7845    27.7404    1470.29 0.0000e+00
    648.611     3.4225     3.4216   3.226489   3.221684     1.6090    -0.3910     0.3465    34.9204 5.4490e-01 1.0000e-12 7.1069e+04    642.000    34.9202    34.8635     3.9927    1474.74    27.7856    27.7404    1470.30 0.0000e+00
    649.623     3.4212     3.4218   3.226501   3.221754     1.6092    -0.3714     0.3496    34.9214 8.0868e-01 1.0000e-12 5.7064e+04    643.000    34.9213    34.8636     3.9940    1474.75    27.7866    27.7405    1470.30 0.0000e+00
    650.635     3.4209     3.4220   3.226523   3.221816     1.6098    -0.3688     0.3504    34.9215 5.1837e-01 1.0000e-12 7.2478e+04    644.000    34.9213    34.8636     3.9969    1474.77    27.7867    27.7405    1470.31 0.0000e+00
    651.647     3.4209     3.4224   3.226557   3.221902     1.6104    -0.3843     0.3475    34.9212 3.3922e-01 1.0000e-12 8.1989e+04    645.000    34.9211    34.8637     3.9996    1474.79    27.7865    27.7405    1470.32 0.0000e+00
    652.659     3.4212     3.4223   3.226590   3.221941     1.6116    -0.3929     0.3456    34.9208 6.0040e-01 1.0000e-12 6.8122e+04    646.000    34.9207    34.8636     4.0045    1474.80    27.7862    27.7405    1470.32 0.0000e+00
    653.671     3.4214     3.4221   3.226605   3.221975     1.6130    -0.3739     0.3504    34.9202 8.2043e-01 1.0000e-12 5.9841e+04    647.000    34.9201    34.8638     4.0098    1474.82    27.7857    27.7407    1470.33 0.0000e+00
    654.683     3.4210     3.4222   3.226617   3.222034     1.6140    -0.3711     0.3465    34.9203 7.8567e-01 1.0000e-12 6.2429e+04    648.000    34.9202    34.8638     4.0140    1474.83    27.7858    27.7407    1470.34 0.0000e+00
    655.695     3.4208     3.4220   3.226630   3.222057     1.6144    -0.3684     0.3511    34.9201 7.5366e-01 1.0000e-12 6.0021e+04    649.000    34.9201    34.8638     4.0163    1474.85    27.7857    27.7407    1470.34 0.0000e+00
    656.707     3.4208     3.4211   3.226655   3.222025     1.6152    -0.3728     0.3511    34.9198 9.5015e-01 1.0000e-12 5.3906e+04    650.000    34.9197    34.8638     4.0195    1474.87    27.7855    27.7408    1470.35 0.0000e+00
    657.719     3.4207     3.4207   3.226672   3.222047     1.6154    -0.3873     0.3473    34.9196 8.1615e-01 1.0000e-12 5.6574e+04    651.000    34.9195    34.8640     4.0211    1474.88    27.7853    27.7410    1470.36 0.0000e+00
    658.730     3.4205     3.4208   3.226690   3.222101     1.6165    -0.3922     0.3484    34.9195 6.0572e-01 1.0000e-12 6.7840e+04    652.000    34.9194    34.8640     4.0254    1474.90    27.7852    27.7410    1470.36 0.0000e+00
    659.742     3.4203     3.4205   3.226710   3.222120     1.6172    -0.3770     0.3503    34.9194 6.7601e-01 1.0000e-12 6.7999e+04    653.000    34.9194    34.8640     4.0285    1474.91    27.7852    27.7411    1470.37 0.0000e+00
    660.754     3.4201     3.4202   3.226725   3.222133     1.6176    -0.4053     0.3501    34.9192 4.0690e-01 1.0000e-12 7.8444e+04    654.000    34.9192    34.8640     4.0307    1474.93    27.7851    27.7411    1470.38 0.0000e+00
    661.766     3.4198     3.4193   3.226725   3.222095     1.6176    -0.3736     0.3532    34.9191 2.8963e-01 1.0000e-12 8.4622e+04    655.000    34.9190    34.8639     4.0311    1474.94    27.7850    27.7411    1470.39 0.0000e+00
    662.778     3.4188     3.4183   3.226731   3.222054     1.6174    -0.3889     0.3473    34.9197 8.2535e-01 1.0000e-12 6.4981e+04    656.000    34.9196    34.8640     4.0310    1474.96    27.7856    27.7413    1470.39 0.0000e+00
    663.790     3.4182     3.4180   3.226760   3.222073     1.6169    -0.3717     0.3504    34.9201 6.9790e-01 1.0000e-12 6.3223e+04    657.000    34.9200    34.8640     4.0300    1474.97    27.7860    27.7413    1470.40 0.0000e+00
    664.802     3.4179     3.4177   3.226790   3.222093     1.6168    -0.3698     0.3473    34.9202 4.5733e-01 1.0000e-12 7.5718e+04    658.000    34.9202    34.8639     4.0302    1474.99    27.7861    27.7413    1470.41 0.0000e+00
    665.814     3.4178     3.4171   3.226814   3.222066     1.6172    -0.3789     0.3470    34.9201 8.1410e-01 1.0000e-12 6.2864e+04    659.000    34.9200    34.8637     4.0322    1475.00    27.7860    27.7412    1470.41 0.0000e+00
    666.826     3.4176     3.4168   3.226842   3.222099     1.6178    -0.3930     0.3468    34.9200 6.5690e-01 1.0000e-12 7.0105e+04    660.000    34.9200    34.8639     4.0347    1475.02    27.7861    27.7414    1470.42 0.0000e+00
    667.838     3.4173     3.4171   3.226866   3.222183     1.6194    -0.3827     0.3504    34.9202 7.9889e-01 1.0000e-12 6.3258e+04    661.000    34.9202    34.8640     4.0411    1475.04    27.7862    27.7415    1470.43 0.0000e+00
    668.850     3.4171     3.4168   3.226861   3.222194     1.6217    -0.3717     0.3491    34.9198 6.6145e-01 1.0000e-12 6.7758e+04    662.000    34.9198    34.8640     4.0500    1475.05    27.7859    27.7414    1470.43 0.0000e+00
    669.862     3.4163     3.4168   3.226873   3.222244     1.6221    -0.3939     0.3508    34.9202 2.6767e-01 1.0000e-12 8.5777e+04    663.000    34.9202    34.8640     4.0522    1475.06    27.7863    27.7415    1470.44 0.0000e+00
    670.874     3.4161     3.4159   3.226887   3.222193     1.6219    -0.3938     0.3513    34.9202 8.1716e-01 1.0000e-12 5.6614e+04    664.000    34.9201    34.8639     4.0521    1475.08    27.7863    27.7415    1470.45 0.0000e+00
    671.886     3.4160     3.4151   3.226914   3.222160     1.6221    -0.3938     0.3539    34.9200 1.0837e+00 1.0000e-12 4.7349e+04    665.000    34.9200    34.8638     4.0533    1475.10    27.7862    27.7415    1470.46 0.0000e+00
    672.898     3.4157     3.4146   3.226945   3.222177     1.6223    -0.3930     0.3523    34.9202 8.2540e-01 1.0000e-12 5.6296e+04    666.000    34.9201    34.8640     4.0544    1475.11    27.7864    27.7417    1470.46 0.0000e+00
    673.910     3.4153     3.4146   3.226966   3.222218     1.6227    -0.3808     0.3500    34.9203 4.2759e-01 1.0000e-12 7.7297e+04    667.000    34.9202    34.8640     4.0567    1475.13    27.7865    27.7417    1470.47 0.0000e+00
    674.922     3.4151     3.4144   3.226986   3.222240     1.6238    -0.3792     0.3528    34.9202 2.8570e-01 1.0000e-12 8.4831e+04    668.000    34.9201    34.8639     4.0611    1475.14    27.7864    27.7417    1470.48 0.0000e+00
    675.934     3.4149     3.4143   3.227017   3.222274     1.6252    -0.3920     0.3525    34.9202 3.9099e-01 1.0000e-12 7.9240e+04    669.000    34.9202    34.8638     4.0668    1475.16    27.7865    27.7416    1470.48 0.0000e+00
    676.946     3.4147     3.4144   3.227041   3.222320     1.6269    -0.3822     0.3488    34.9202 2.9455e-01 1.0000e-12 8.4360e+04    670.000    34.9201    34.8638     4.0738    1475.17    27.7865    27.7416    1470.49 0.0000e+00
    677.958     3.4150     3.4144   3.227039   3.222371     1.6282    -0.3723     0.3508    34.9194 5.7640e-01 1.0000e-12 6.9396e+04    671.000    34.9193    34.8639     4.0787    1475.19    27.7858    27.7417    1470.50 0.0000e+00
    678.970     3.4150     3.4141   3.227048   3.222393     1.6286    -0.3718     0.3497    34.9189 9.3594e-01 1.0000e-12 5.4409e+04    672.000    34.9189    34.8639     4.0808    1475.21    27.7855    27.7417    1470.50 0.0000e+00
    679.982     3.4147     3.4141   3.227061   3.222440     1.6289    -0.3696     0.3455    34.9188 8.0871e-01 1.0000e-12 5.7109e+04    673.000    34.9188    34.8640     4.0824    1475.22    27.7854    27.7418    1470.51 0.0000e+00
    680.994     3.4144     3.4141   3.227086   3.222489     1.6287    -0.3714     0.3465    34.9189 7.5234e-01 1.0000e-12 6.0055e+04    674.000    34.9189    34.8640     4.0823    1475.24    27.7855    27.7418    1470.52 0.0000e+00
    682.006     3.4142     3.4137   3.227105   3.222489     1.6295    -0.3853     0.3488    34.9189 3.6876e-01 1.0000e-12 8.0421e+04    675.000    34.9188    34.8638     4.0859    1475.25    27.7855    27.7417    1470.53 0.0000e+00
    683.018     3.4139     3.4125   3.227130   3.222423     1.6298    -0.3918     0.3490    34.9189 7.5199e-01 1.0000e-12 6.0074e+04    676.000    34.9189    34.8638     4.0875    1475.27    27.7856    27.7418    1470.53 0.0000e+00
    684.030     3.4135     3.4113   3.227161   3.222343     1.6303    -0.3938     0.3463    34.9191 4.7813e-01 1.0000e-12 7.4614e+04    677.000    34.9191    34.8636     4.0901    1475.29    27.7858    27.7418    1470.54 0.0000e+00
    685.042     3.4129     3.4098   3.227184   3.222244     1.6315    -0.3938     0.3467    34.9196 4.9113e-01 1.0000e-12 7.3923e+04    678.000    34.9195    34.8635     4.0950    1475.30    27.7862    27.7418    1470.55 0.0000e+00
    686.054     3.4123     3.4092   3.227227   3.222231     1.6329    -0.3851     0.3513    34.9202 5.1336e-01 1.0000e-12 7.2743e+04    679.000    34.9202    34.8634     4.1007    1475.31    27.7868    27.7418    1470.55 0.0000e+00
    687.066     3.4130     3.4086   3.227255   3.222212     1.6346    -0.3699     0.3485    34.9192 4.8209e-01 1.0000e-12 7.4403e+04    680.000    34.9192    34.8633     4.1071    1475.33    27.7860    27.7418    1470.56 0.0000e+00
    688.078     3.4133     3.4082   3.227240   3.222222     1.6350    -0.3798     0.3503    34.9183 8.3037e-01 1.0000e-12 5.5912e+04    681.000    34.9182    34.8633     4.1093    1475.35    27.7852    27.7419    1470.57 0.0000e+00
    689.090     3.4128     3.4082   3.227242   3.222279     1.6344    -0.3827     0.3475    34.9182 4.7301e-01 1.0000e-12 7.4886e+04    682.000    34.9182    34.8634     4.1075    1475.36    27.7852    27.7420    1470.57 0.0000e+00
    690.102     3.4120     3.4082   3.227235   3.222324     1.6337    -0.3680     0.3507    34.9185 2.3306e-01 1.0000e-12 8.7625e+04    683.000    34.9184    34.8634     4.1057    1475.38    27.7855    27.7420    1470.58 0.0000e+00
    691.114     3.4110     3.4081   3.227247   3.222344     1.6336    -0.3854     0.3505    34.9191 1.4913e-01 1.0000e-12 9.2081e+04    684.000    34.9191    34.8633     4.1059    1475.39    27.7861    27.7419    1470.59 0.0000e+00
    692.127     3.4102     3.4077   3.227274   3.222363     1.6338    -0.3936     0.3507    34.9197 4.5975e-01 1.0000e-12 7.5590e+04    685.000    34.9197    34.8634     4.1072    1475.41    27.7867    27.7421    1470.59 0.0000e+00
    693.139     3.4093     3.4064   3.227309   3.222281     1.6338    -0.3938     0.3510    34.9206 1.1802e+00 1.0000e-12 4.4187e+04    686.000    34.9205    34.8632     4.1079    1475.42    27.7874    27.7420    1470.60 0.0000e+00
    694.151     3.4085     3.4044   3.227344   3.222136     1.6345    -0.3938     0.3500    34.9214 8.2628e-01 1.0000e-12 5.6467e+04    687.000    34.9213    34.8631     4.1112    1475.43    27.7882    27.7422    1470.61 0.0000e+00
    695.163     3.4075     3.4032   3.227401   3.222064     1.6365    -0.3927     0.3504    34.9226 4.1148e-01 1.0000e-12 7.8153e+04    688.000    34.9225    34.8630     4.1192    1475.45    27.7892    27.7422    1470.62 0.0000e+00
    696.175     3.4031     3.4040   3.226456   3.222178     1.6347    -0.3854     0.3503    34.9164 5.5847e-01 1.0000e-12 7.0349e+04    689.000    34.9153    34.8630     4.1137    1475.44    27.7839    27.7421    1470.62 0.0000e+00
    697.187     3.4022     3.4027   3.225758   3.222124     1.6309    -0.3926     0.3491    34.9080 8.2401e-01 1.0000e-12 5.6250e+04    690.000    34.9074    34.8632     4.1009    1475.44    27.7777    27.7424    1470.63 0.0000e+00
    698.199     3.4019     3.4026   3.225662   3.222158     1.6286    -0.3911     0.3510    34.9063 4.1574e-01 1.0000e-12 7.7926e+04    691.000    34.9060    34.8632     4.0930    1475.45    27.7767    27.7424    1470.64 0.0000e+00
    699.211     3.4017     3.4026   3.225682   3.222203     1.6265    -0.3714     0.3503    34.9060 7.7703e-01 1.0000e-12 5.8744e+04    692.000    34.9059    34.8632     4.0857    1475.47    27.7766    27.7424    1470.64 0.0000e+00
