Ship_data/Irminger/Irminger-4/ctd/process/ar21_007.cnv
* Sea-Bird SBE 9 Data File:
* FileName = D:\Data\AR21_007.hdr
* Software Version Seasave V 7.23.2
* Temperature SN = 4155
* Conductivity SN = 2645
* Number of Bytes Per Scan = 40
* Number of Voltage Words = 5
* Number of Scans Averaged by the Deck Unit = 1
* NMEA Latitude = 59 55.58 N
* NMEA Longitude = 039 30.97 W
* NMEA UTC (Time) = Aug 05 2017  20:24:20
# nquan = 21
# nvalues = 2999                        
# units = specified
# name 0 = prDM: Pressure, Digiquartz [db]
# name 1 = t090C: Temperature [ITS-90, deg C]
# name 2 = t190C: Temperature, 2 [ITS-90, deg C]
# name 3 = c0S/m: Conductivity [S/m]
# name 4 = c1S/m: Conductivity, 2 [S/m]
# name 5 = sbeox0V: Oxygen raw, SBE 43 [V]
# name 6 = flECO-AFL: Fluorescence, WET Labs ECO-AFL/FL [mg/m^3]
# name 7 = turbWETntu0: Turbidity, WET Labs ECO [NTU]
# name 8 = sal00: Salinity, Practical [PSU]
# name 9 = spar: SPAR/Surface Irradiance
# name 10 = par: PAR/Irradiance, Biospherical/Licor
# name 11 = cpar: CPAR/Corrected Irradiance [%]
# name 12 = depSM: Depth [salt water, m], lat = 59.9263
# name 13 = sal00: Salinity, Practical [PSU]
# name 14 = sal11: Salinity, Practical, 2 [PSU]
# name 15 = sbeox0ML/L: Oxygen, SBE 43 [ml/l], WS = 2
# name 16 = svCM: Sound Velocity [Chen-Millero, m/s]
# name 17 = sigma-é00: Density [sigma-theta, kg/m^3]
# name 18 = sigma-é11: Density, 2 [sigma-theta, kg/m^3]
# name 19 = avgsvCM: Average Sound Velocity [Chen-Millero, m/s], minP = 20, minS = 20
# name 20 = flag: flag
# span 0 =      3.029,   1521.823       
# span 1 =     3.3016,     8.5322       
# span 2 =     3.3033,     8.5335       
# span 3 =   3.226811,   3.651416       
# span 4 =   3.227012,   3.651159       
# span 5 =     1.5620,     2.4259       
# span 6 =    -0.4149,     0.8114       
# span 7 =     0.3387,     0.4387       
# span 8 =    34.7875,    34.9986       
# span 9 = 2.3672e-01, 2.5566e+00       
# span 10 = 1.0000e-12, 1.0000e-12      
# span 11 = -1.137e+03, 8.7431e+04      
# span 12 =      3.000,   1502.000      
# span 13 =    34.7721,    34.9983      
# span 14 =    34.7825,    34.9498      
# span 15 =     3.8832,     5.7740      
# span 16 =    1469.21,    1489.81      
# span 17 =    27.0293,    27.8450      
# span 18 =    27.0260,    27.7717      
# span 19 =       0.00,    1481.93      
# span 20 = 0.0000e+00, 0.0000e+00      
# interval = meters: 1                  
# start_time = Aug 05 2017 20:24:20 [NMEA time, header]
# bad_flag = -9.990e-29
*END*
[from data line 1725]
   1292.137     3.3117     3.3138   3.239884   3.239209     1.7366    -0.3924     0.3491    34.8648 1.8256e+00 1.0000e-12 2.1261e+04   1276.000    34.8647    34.8544     4.8629    1484.86    27.7567    27.7483    1477.69 0.0000e+00
   1291.121     3.3115     3.3134   3.239926   3.239131     1.7393    -0.3872     0.3490    34.8659 1.7686e+00 1.0000e-12 1.5056e+04   1275.000    34.8659    34.8543     4.8729    1484.84    27.7578    27.7483    1477.69 0.0000e+00
   1290.105     3.3114     3.3133   3.240059   3.239076     1.7346    -0.4009     0.3461    34.8681 1.8854e+00 1.0000e-12 1.8981e+04   1274.000    34.8681    34.8544     4.8536    1484.83    27.7595    27.7483    1477.69 0.0000e+00
   1289.090     3.3112     3.3134   3.239963   3.239025     1.7257    -0.3936     0.3494    34.8679 1.8090e+00 1.0000e-12 1.5284e+04   1273.000    34.8677    34.8542     4.8175    1484.81    27.7591    27.7482    1477.69 0.0000e+00
   1288.074     3.3109     3.3130   3.239725   3.238951     1.7195    -0.3938     0.3490    34.8661 1.5673e+00 1.0000e-12 2.2285e+04   1272.000    34.8657    34.8541     4.7924    1484.79    27.7576    27.7482    1477.69 0.0000e+00
   1287.058     3.3107     3.3124   3.239416   3.238837     1.7155    -0.3938     0.3460    34.8631 1.5293e+00 1.0000e-12 3.7891e+04   1271.000    34.8627    34.8540     4.7764    1484.77    27.7552    27.7481    1477.69 0.0000e+00
   1286.042     3.3100     3.3120   3.239218   3.238753     1.7147    -0.3881     0.3459    34.8619 1.7723e+00 1.0000e-12 2.3553e+04   1270.000    34.8616    34.8539     4.7724    1484.74    27.7544    27.7481    1477.69 0.0000e+00
   1285.027     3.3095     3.3116   3.239108   3.238684     1.7161    -0.3735     0.3493    34.8615 1.9883e+00 1.0000e-12 6.3559e+03   1269.000    34.8613    34.8540     4.7777    1484.73    27.7542    27.7482    1477.69 0.0000e+00
   1284.011     3.3094     3.3114   3.239036   3.238627     1.7217    -0.3733     0.3458    34.8612 1.8843e+00 1.0000e-12 1.9899e+04   1268.000    34.8610    34.8540     4.7993    1484.71    27.7540    27.7482    1477.69 0.0000e+00
   1282.995     3.3090     3.3112   3.239005   3.238564     1.7308    -0.3873     0.3477    34.8617 1.8835e+00 1.0000e-12 1.4363e+04   1267.000    34.8616    34.8541     4.8347    1484.69    27.7545    27.7483    1477.69 0.0000e+00
   1281.980     3.3086     3.3107   3.238939   3.238473     1.7396    -0.3934     0.3483    34.8620 1.6048e+00 1.0000e-12 2.4852e+04   1266.000    34.8618    34.8540     4.8687    1484.67    27.7547    27.7482    1477.69 0.0000e+00
   1280.964     3.3081     3.3106   3.238772   3.238402     1.7416    -0.3925     0.3526    34.8610 1.7849e+00 1.0000e-12 1.4264e+04   1265.000    34.8609    34.8538     4.8762    1484.65    27.7540    27.7481    1477.69 0.0000e+00
   1279.948     3.3082     3.3108   3.238703   3.238375     1.7392    -0.3984     0.3480    34.8606 1.6699e+00 1.0000e-12 2.8347e+04   1264.000    34.8604    34.8537     4.8660    1484.63    27.7536    27.7480    1477.69 0.0000e+00
   1278.932     3.3084     3.3109   3.238548   3.238332     1.7376    -0.4138     0.3444    34.8592 1.8905e+00 1.0000e-12 1.8449e+04   1263.000    34.8589    34.8537     4.8590    1484.62    27.7524    27.7479    1477.69 0.0000e+00
   1277.917     3.3084     3.3108   3.238415   3.238281     1.7373    -0.3839     0.3483    34.8580 1.8835e+00 1.0000e-12 1.5279e+04   1262.000    34.8578    34.8536     4.8572    1484.60    27.7514    27.7479    1477.69 0.0000e+00
   1276.901     3.3083     3.3105   3.238342   3.238223     1.7389    -0.3738     0.3482    34.8577 1.4633e+00 1.0000e-12 2.9114e+04   1261.000    34.8576    34.8538     4.8631    1484.58    27.7513    27.7480    1477.69 0.0000e+00
   1275.885     3.3081     3.3104   3.238268   3.238167     1.7425    -0.3743     0.3530    34.8575 1.8772e+00 1.0000e-12 2.0134e+04   1260.000    34.8573    34.8537     4.8765    1484.56    27.7511    27.7480    1477.69 0.0000e+00
   1274.870     3.3080     3.3102   3.238229   3.238111     1.7481    -0.3802     0.3507    34.8576 1.3088e+00 1.0000e-12 4.3189e+04   1259.000    34.8576    34.8538     4.8983    1484.54    27.7513    27.7480    1477.69 0.0000e+00
   1273.854     3.3078     3.3100   3.238152   3.238054     1.7596    -0.3843     0.3467    34.8575 1.4348e+00 1.0000e-12 3.0606e+04   1258.000    34.8574    34.8539     4.9432    1484.53    27.7511    27.7481    1477.69 0.0000e+00
   1272.838     3.3075     3.3098   3.238080   3.237989     1.7868    -0.3828     0.3501    34.8573 2.2402e+00 1.0000e-12 1.1274e+04   1257.000    34.8573    34.8537     5.0499    1484.51    27.7511    27.7480    1477.69 0.0000e+00
   1271.823     3.3076     3.3101   3.238039   3.237957     1.7861    -0.3859     0.3476    34.8574 1.4101e+00 1.0000e-12 3.0105e+04   1256.000    34.8573    34.8536     5.0465    1484.49    27.7510    27.7479    1477.69 0.0000e+00
   1270.807     3.3076     3.3100   3.237932   3.237911     1.7851    -0.3938     0.3451    34.8566 1.7485e+00 1.0000e-12 1.4306e+04   1255.000    34.8564    34.8536     5.0420    1484.47    27.7504    27.7479    1477.69 0.0000e+00
   1269.791     3.3075     3.3099   3.237841   3.237847     1.7841    -0.3938     0.3493    34.8561 1.5948e+00 1.0000e-12 2.3015e+04   1254.000    34.8560    34.8535     5.0372    1484.46    27.7500    27.7478    1477.69 0.0000e+00
   1268.776     3.3074     3.3097   3.237793   3.237789     1.7840    -0.3938     0.3487    34.8561 2.4079e+00 1.0000e-12 8.9033e+03   1253.000    34.8560    34.8535     5.0362    1484.44    27.7500    27.7478    1477.69 0.0000e+00
   1267.760     3.3073     3.3097   3.237749   3.237742     1.7853    -0.3938     0.3443    34.8562 1.7198e+00 1.0000e-12 1.5564e+04   1252.000    34.8561    34.8535     5.0409    1484.42    27.7501    27.7478    1477.69 0.0000e+00
   1266.744     3.3072     3.3095   3.237689   3.237687     1.7876    -0.3884     0.3457    34.8562 1.4875e+00 1.0000e-12 2.1251e+04   1251.000    34.8560    34.8536     5.0492    1484.40    27.7501    27.7479    1477.69 0.0000e+00
   1265.729     3.3071     3.3094   3.237650   3.237646     1.7913    -0.3747     0.3484    34.8563 1.7564e+00 1.0000e-12 1.8838e+04   1250.000    34.8562    34.8537     5.0633    1484.39    27.7502    27.7480    1477.69 0.0000e+00
   1264.713     3.3069     3.3091   3.237566   3.237586     1.8025    -0.3865     0.3480    34.8560 1.7571e+00 1.0000e-12 1.9211e+04   1249.000    34.8559    34.8539     5.1067    1484.37    27.7500    27.7481    1477.69 0.0000e+00
   1263.698     3.3067     3.3093   3.237503   3.237526     1.8112    -0.3735     0.3495    34.8559 1.8911e+00 1.0000e-12 1.8721e+04   1248.000    34.8558    34.8534     5.1405    1484.35    27.7499    27.7477    1477.69 0.0000e+00
   1262.682     3.3069     3.3095   3.237426   3.237511     1.8104    -0.3860     0.3490    34.8555 1.6019e+00 1.0000e-12 2.2954e+04   1247.000    34.8553    34.8535     5.1366    1484.33    27.7495    27.7478    1477.69 0.0000e+00
   1261.666     3.3071     3.3097   3.237364   3.237483     1.8092    -0.3939     0.3487    34.8549 1.1927e+00 1.0000e-12 3.6559e+04   1246.000    34.8548    34.8535     5.1312    1484.32    27.7491    27.7478    1477.69 0.0000e+00
   1260.651     3.3073     3.3098   3.237319   3.237459     1.8091    -0.3938     0.3501    34.8547 1.5618e+00 1.0000e-12 2.6721e+04   1245.000    34.8546    34.8536     5.1302    1484.30    27.7489    27.7478    1477.69 0.0000e+00
   1259.635     3.3074     3.3099   3.237280   3.237422     1.8098    -0.3922     0.3486    34.8546 2.0487e+00 1.0000e-12 8.0191e+03   1244.000    34.8545    34.8536     5.1322    1484.28    27.7488    27.7478    1477.69 0.0000e+00
   1258.620     3.3075     3.3099   3.237249   3.237384     1.8107    -0.3938     0.3474    34.8547 2.0404e+00 1.0000e-12 1.6431e+04   1243.000    34.8546    34.8537     5.1350    1484.27    27.7489    27.7479    1477.69 0.0000e+00
   1257.604     3.3073     3.3095   3.237215   3.237316     1.8125    -0.3938     0.3439    34.8550 1.6560e+00 1.0000e-12 1.9807e+04   1242.000    34.8549    34.8537     5.1415    1484.25    27.7491    27.7480    1477.69 0.0000e+00
   1256.588     3.3068     3.3091   3.237148   3.237239     1.8200    -0.3963     0.3490    34.8552 1.6823e+00 1.0000e-12 2.1357e+04   1241.000    34.8551    34.8538     5.1705    1484.23    27.7493    27.7481    1477.69 0.0000e+00
   1255.573     3.3071     3.3094   3.237069   3.237217     1.8260    -0.3911     0.3514    34.8544 1.8970e+00 1.0000e-12 1.9888e+04   1240.000    34.8544    34.8537     5.1937    1484.22    27.7487    27.7479    1477.69 0.0000e+00
   1254.557     3.3070     3.3092   3.237026   3.237135     1.8220    -0.3825     0.3516    34.8546 1.4884e+00 1.0000e-12 2.6292e+04   1239.000    34.8546    34.8535     5.1770    1484.20    27.7488    27.7478    1477.69 0.0000e+00
   1253.542     3.3065     3.3084   3.236983   3.237013     1.8175    -0.3939     0.3495    34.8551 1.7609e+00 1.0000e-12 1.9931e+04   1238.000    34.8550    34.8534     5.1587    1484.18    27.7492    27.7477    1477.69 0.0000e+00
   1252.526     3.3056     3.3075   3.236923   3.236876     1.8137    -0.3938     0.3482    34.8559 1.6287e+00 1.0000e-12 2.0000e+04   1237.000    34.8558    34.8532     5.1430    1484.16    27.7499    27.7477    1477.69 0.0000e+00
   1251.510     3.3050     3.3068   3.236873   3.236762     1.8104    -0.3938     0.3502    34.8565 2.1938e+00 1.0000e-12 7.2237e+03   1236.000    34.8563    34.8531     5.1293    1484.14    27.7504    27.7476    1477.69 0.0000e+00
   1250.495     3.3047     3.3065   3.236806   3.236699     1.8078    -0.3938     0.3531    34.8566 2.0185e+00 1.0000e-12 1.4264e+04   1235.000    34.8564    34.8532     5.1186    1484.12    27.7505    27.7477    1477.69 0.0000e+00
   1249.479     3.3043     3.3065   3.236713   3.236646     1.8063    -0.3821     0.3560    34.8564 1.6340e+00 1.0000e-12 1.9975e+04   1234.000    34.8562    34.8531     5.1121    1484.11    27.7503    27.7477    1477.69 0.0000e+00
   1248.464     3.3041     3.3064   3.236649   3.236609     1.8062    -0.3783     0.3563    34.8563 1.6018e+00 1.0000e-12 2.9732e+04   1233.000    34.8561    34.8532     5.1111    1484.09    27.7503    27.7478    1477.69 0.0000e+00
   1247.448     3.3037     3.3058   3.236543   3.236521     1.8051    -0.3934     0.3510    34.8559 1.6971e+00 1.0000e-12 2.3158e+04   1232.000    34.8558    34.8533     5.1061    1484.07    27.7501    27.7479    1477.69 0.0000e+00
   1246.433     3.3035     3.3060   3.236416   3.236468     1.8041    -0.4149     0.3481    34.8552 1.8983e+00 1.0000e-12 2.2235e+04   1231.000    34.8551    34.8531     5.1016    1484.05    27.7495    27.7477    1477.69 0.0000e+00
   1245.417     3.3035     3.3059   3.236373   3.236412     1.8049    -0.4087     0.3500    34.8551 1.5486e+00 1.0000e-12 3.5393e+04   1230.000    34.8550    34.8530     5.1039    1484.03    27.7495    27.7476    1477.69 0.0000e+00
   1244.401     3.3035     3.3059   3.236308   3.236369     1.8040    -0.3935     0.3539    34.8550 1.8892e+00 1.0000e-12 2.8455e+04   1229.000    34.8548    34.8530     5.0999    1484.02    27.7493    27.7476    1477.69 0.0000e+00
   1243.386     3.3033     3.3055   3.236246   3.236286     1.8036    -0.3938     0.3507    34.8549 1.7483e+00 1.0000e-12 2.1396e+04   1228.000    34.8547    34.8529     5.0976    1484.00    27.7492    27.7475    1477.69 0.0000e+00
   1242.370     3.3031     3.3055   3.236186   3.236247     1.8037    -0.3923     0.3490    34.8549 1.3093e+00 1.0000e-12 3.0656e+04   1227.000    34.8548    34.8530     5.0972    1483.98    27.7493    27.7476    1477.69 0.0000e+00
   1241.355     3.3030     3.3053   3.236144   3.236188     1.8041    -0.3938     0.3482    34.8550 1.6220e+00 1.0000e-12 2.0338e+04   1226.000    34.8549    34.8529     5.0982    1483.96    27.7493    27.7476    1477.69 0.0000e+00
   1240.339     3.3029     3.3052   3.236094   3.236150     1.8056    -0.3872     0.3488    34.8550 1.2340e+00 1.0000e-12 3.4728e+04   1225.000    34.8549    34.8532     5.1035    1483.95    27.7494    27.7478    1477.69 0.0000e+00
   1239.324     3.3028     3.3049   3.236024   3.236086     1.8074    -0.3871     0.3488    34.8548 1.7539e+00 1.0000e-12 1.6542e+04   1224.000    34.8547    34.8532     5.1099    1483.93    27.7492    27.7478    1477.69 0.0000e+00
   1238.308     3.3026     3.3049   3.235948   3.236027     1.8103    -0.3943     0.3488    34.8546 1.6545e+00 1.0000e-12 1.9611e+04   1223.000    34.8545    34.8530     5.1206    1483.91    27.7491    27.7476    1477.69 0.0000e+00
   1237.293     3.3026     3.3051   3.235889   3.235993     1.8094    -0.3938     0.3448    34.8544 1.8852e+00 1.0000e-12 2.1758e+04   1222.000    34.8543    34.8529     5.1165    1483.89    27.7489    27.7475    1477.69 0.0000e+00
   1236.277     3.3027     3.3056   3.235829   3.235996     1.8069    -0.3748     0.3493    34.8542 1.6911e+00 1.0000e-12 1.9962e+04   1221.000    34.8541    34.8529     5.1062    1483.88    27.7487    27.7475    1477.69 0.0000e+00
   1235.262     3.3033     3.3068   3.235776   3.236070     1.8029    -0.3844     0.3489    34.8534 1.2029e+00 1.0000e-12 4.6134e+04   1220.000    34.8533    34.8531     5.0897    1483.86    27.7480    27.7475    1477.69 0.0000e+00
   1234.246     3.3044     3.3073   3.235729   3.236081     1.7983    -0.3840     0.3490    34.8520 1.4116e+00 1.0000e-12 2.5104e+04   1219.000    34.8520    34.8532     5.0707    1483.85    27.7469    27.7476    1477.69 0.0000e+00
   1233.231     3.3047     3.3073   3.235689   3.236053     1.7950    -0.3757     0.3488    34.8518 1.9770e+00 1.0000e-12 1.2157e+04   1218.000    34.8518    34.8534     5.0568    1483.83    27.7467    27.7477    1477.69 0.0000e+00
   1232.215     3.3049     3.3075   3.235680   3.236025     1.7933    -0.3933     0.3488    34.8519 1.4802e+00 1.0000e-12 2.7317e+04   1217.000    34.8520    34.8534     5.0495    1483.82    27.7468    27.7476    1477.69 0.0000e+00
   1231.200     3.3050     3.3072   3.235659   3.235954     1.7920    -0.3938     0.3489    34.8521 1.2622e+00 1.0000e-12 3.7772e+04   1216.000    34.8521    34.8534     5.0439    1483.80    27.7469    27.7477    1477.69 0.0000e+00
   1230.185     3.3049     3.3072   3.235614   3.235921     1.7911    -0.3959     0.3521    34.8522 1.7550e+00 1.0000e-12 2.5595e+04   1215.000    34.8522    34.8535     5.0397    1483.78    27.7470    27.7477    1477.69 0.0000e+00
   1229.169     3.3047     3.3070   3.235565   3.235860     1.7872    -0.4058     0.3492    34.8524 1.7139e+00 1.0000e-12 2.6552e+04   1214.000    34.8524    34.8535     5.0236    1483.76    27.7471    27.7478    1477.69 0.0000e+00
   1228.154     3.3045     3.3070   3.235512   3.235795     1.7806    -0.3931     0.3492    34.8525 1.9760e+00 1.0000e-12 1.6103e+04   1213.000    34.8524    34.8532     4.9971    1483.75    27.7471    27.7475    1477.69 0.0000e+00
   1227.138     3.3044     3.3062   3.235461   3.235680     1.7739    -0.3828     0.3503    34.8525 1.8811e+00 1.0000e-12 8.8654e+03   1212.000    34.8525    34.8532     4.9698    1483.73    27.7472    27.7476    1477.69 0.0000e+00
   1226.123     3.3037     3.3056   3.235434   3.235580     1.7680    -0.3827     0.3487    34.8535 1.5324e+00 1.0000e-12 2.3493e+04   1211.000    34.8534    34.8532     4.9461    1483.71    27.7480    27.7476    1477.69 0.0000e+00
   1225.107     3.3031     3.3054   3.235384   3.235508     1.7633    -0.3874     0.3495    34.8540 1.5837e+00 1.0000e-12 1.6097e+04   1210.000    34.8539    34.8530     4.9272    1483.69    27.7485    27.7475    1477.69 0.0000e+00
   1224.092     3.3029     3.3051   3.235348   3.235438     1.7614    -0.3736     0.3502    34.8544 1.8768e+00 1.0000e-12 1.0131e+04   1209.000    34.8543    34.8530     4.9188    1483.67    27.7488    27.7475    1477.69 0.0000e+00
