Ship_data/Irminger/Irminger-4/ctd/process/ar21_012.ros
* Sea-Bird SBE 9 Data File:
* FileName = D:\Data\AR21_012.hdr
* Software Version Seasave V 7.23.2
* Temperature SN = 4155
* Conductivity SN = 2645
* Number of Bytes Per Scan = 40
* Number of Voltage Words = 5
* Number of Scans Averaged by the Deck Unit = 1
* NMEA Latitude = 59 51.21 N
* NMEA Longitude = 039 07.69 W
* NMEA UTC (Time) = Aug 09 2017  13:01:16
# nquan = 15
# nvalues = 588                                   
# units = specified
# name 0 = prDM: Pressure, Digiquartz [db]
# name 1 = t090C: Temperature [ITS-90, deg C]
# name 2 = t190C: Temperature, 2 [ITS-90, deg C]
# name 3 = c0S/m: Conductivity [S/m]
# name 4 = c1S/m: Conductivity, 2 [S/m]
# name 5 = sbeox0V: Oxygen raw, SBE 43 [V]
# name 6 = flECO-AFL: Fluorescence, WET Labs ECO-AFL/FL [mg/m^3]
# name 7 = turbWETntu0: Turbidity, WET Labs ECO [NTU]
# name 8 = sal00: Salinity, Practical [PSU]
# name 9 = spar: SPAR/Surface Irradiance
# name 10 = par: PAR/Irradiance, Biospherical/Licor
# name 11 = cpar: CPAR/Corrected Irradiance [%]
# name 12 = scan: Scan Count
# name 13 = nbf: Bottles Fired
# name 14 = flag:  0.000e+00
# interval = seconds: 0.0416667
# start_time = Aug 09 2017 13:01:16 [NMEA time, header]
# bad_flag = -9.990e-29
*END*
[from data line 290]
    406.131     3.7707     3.7729   3.245437   3.245338     2.0957    -0.3743     0.3629    34.9052 1.8835e+00 1.0000e-12 5.3093e-11      50204          6  0.000e+00
    406.067     3.7711     3.7725   3.245437   3.245318     2.0957    -0.3743     0.3629    34.9048 0.0000e+00 1.0000e-12 9.9999e+04      50205          6  0.000e+00
    406.252     3.7711     3.7725   3.245437   3.245318     2.0957    -0.3743     0.3629    34.9047 0.0000e+00 1.0000e-12 9.9999e+04      50206          6  0.000e+00
    406.131     3.7707     3.7725   3.245455   3.245318     2.0957    -0.3743     0.3629    34.9054 0.0000e+00 1.0000e-12 9.9999e+04      50207          6  0.000e+00
     54.172     6.1316     6.0744   3.440738   3.435944     2.2927     0.1532     0.3824    34.8831 0.0000e+00 1.0000e-12 9.9999e+04      61700          7  0.000e+00
     54.116     6.1289     6.0732   3.440850   3.435913     2.2915     0.1337     0.3873    34.8872 1.8835e+00 1.0000e-12 5.3093e-11      61701          7  0.000e+00
     54.140     6.1280     6.0701   3.441347   3.435993     2.2915     0.1532     0.3824    34.8937 0.0000e+00 1.0000e-12 9.9999e+04      61702          7  0.000e+00
     54.236     6.1346     6.0706   3.441725   3.436072     2.2915     0.1532     0.3824    34.8911 1.8835e+00 1.0000e-12 5.3093e-11      61703          7  0.000e+00
     54.236     6.1412     6.0727   3.442061   3.436207     2.2927     0.1532     0.3873    34.8881 1.8835e+00 1.0000e-12 5.3093e-11      61704          7  0.000e+00
     54.084     6.1457     6.0754   3.442359   3.436418     2.2927     0.1532     0.3824    34.8869 0.0000e+00 1.0000e-12 9.9999e+04      61705          7  0.000e+00
     54.116     6.1513     6.0777   3.442520   3.436581     2.2927     0.1532     0.3824    34.8830 0.0000e+00 1.0000e-12 9.9999e+04      61706          7  0.000e+00
     54.236     6.1511     6.0788   3.442595   3.436689     2.2927     0.1532     0.3824    34.8840 1.8835e+00 1.0000e-12 5.3093e-11      61707          7  0.000e+00
     54.140     6.1501     6.0798   3.442682   3.436689     2.2927     0.1727     0.3873    34.8860 0.0000e+00 1.0000e-12 9.9999e+04      61708          7  0.000e+00
     54.172     6.1488     6.0825   3.442825   3.436792     2.2927     0.1923     0.3873    34.8889 0.0000e+00 1.0000e-12 9.9999e+04      61709          7  0.000e+00
     54.172     6.1504     6.0848   3.442955   3.436875     2.2927     0.1923     0.3873    34.8887 1.8835e+00 1.0000e-12 5.3093e-11      61710          7  0.000e+00
     54.236     6.1503     6.0891   3.443030   3.437142     2.2927     0.1923     0.3873    34.8897 1.8835e+00 1.0000e-12 5.3093e-11      61711          7  0.000e+00
     54.140     6.1513     6.0920   3.443098   3.437516     2.2940     0.1923     0.3873    34.8895 0.0000e+00 1.0000e-12 9.9999e+04      61712          7  0.000e+00
     54.172     6.1514     6.0950   3.443067   3.437994     2.2940     0.1923     0.3824    34.8890 1.8835e+00 1.0000e-12 5.3093e-11      61713          7  0.000e+00
     54.172     6.1519     6.0971   3.443030   3.438209     2.2940     0.1923     0.3873    34.8881 1.8835e+00 1.0000e-12 5.3093e-11      61714          7  0.000e+00
     54.196     6.1530     6.0996   3.442949   3.438368     2.2940     0.1923     0.3824    34.8860 0.0000e+00 1.0000e-12 9.9999e+04      61715          7  0.000e+00
     54.172     6.1518     6.0975   3.442676   3.438316     2.2940     0.1923     0.3824    34.8842 1.8835e+00 1.0000e-12 5.3093e-11      61716          7  0.000e+00
     54.116     6.1504     6.0985   3.442402   3.438181     2.2940     0.1923     0.3873    34.8825 0.0000e+00 1.0000e-12 9.9999e+04      61717          7  0.000e+00
     53.996     6.1496     6.0993   3.442315   3.438129     2.2952     0.1923     0.3824    34.8825 0.0000e+00 1.0000e-12 9.9999e+04      61718          7  0.000e+00
     54.317     6.1465     6.0977   3.442291   3.437914     2.2952     0.1923     0.3824    34.8852 0.0000e+00 1.0000e-12 9.9999e+04      61719          7  0.000e+00
     54.172     6.1453     6.0967   3.442229   3.437488     2.2952     0.1923     0.3824    34.8859 1.8835e+00 1.0000e-12 5.3093e-11      61720          7  0.000e+00
     54.173     6.1457     6.0961   3.442005   3.437353     2.2952     0.1923     0.3824    34.8829 0.0000e+00 1.0000e-12 9.9999e+04      61721          7  0.000e+00
     54.140     6.1448     6.0929   3.441725   3.437222     2.2952     0.1923     0.3824    34.8807 0.0000e+00 1.0000e-12 9.9999e+04      61722          7  0.000e+00
     54.116     6.1364     6.0895   3.441427   3.437007     2.2964     0.1923     0.3873    34.8860 1.8835e+00 1.0000e-12 5.3093e-11      61723          7  0.000e+00
     54.173     6.1293     6.0842   3.440949   3.436633     2.2964     0.1923     0.3873    34.8879 0.0000e+00 1.0000e-12 9.9999e+04      61724          7  0.000e+00
     54.141     6.1246     6.0792   3.440185   3.436314     2.2964     0.1923     0.3824    34.8842 0.0000e+00 1.0000e-12 9.9999e+04      61725          7  0.000e+00
     54.117     6.1196     6.0752   3.439651   3.436263     2.2964     0.1923     0.3873    34.8833 0.0000e+00 1.0000e-12 9.9999e+04      61726          7  0.000e+00
     54.117     6.1137     6.0729   3.439471   3.436418     2.2964     0.1923     0.3824    34.8873 1.8835e+00 1.0000e-12 5.3093e-11      61727          7  0.000e+00
     54.061     6.0978     6.0701   3.438955   3.436152     2.2964     0.1923     0.3824    34.8979 0.0000e+00 1.0000e-12 9.9999e+04      61728          7  0.000e+00
     54.141     6.0893     6.0724   3.438074   3.435837     2.2964     0.1923     0.3873    34.8966 1.8835e+00 1.0000e-12 5.3093e-11      61729          7  0.000e+00
     54.117     6.0893     6.0786   3.437508   3.435885     2.2976     0.1923     0.3824    34.8903 1.8835e+00 1.0000e-12 5.3093e-11      61730          7  0.000e+00
     54.061     6.0868     6.0764   3.437465   3.435778     2.2964     0.1727     0.3824    34.8924 1.8835e+00 1.0000e-12 5.3093e-11      61731          7  0.000e+00
     54.085     6.0828     6.0709   3.437602   3.435432     2.2964     0.1727     0.3922    34.8980 0.0000e+00 1.0000e-12 9.9999e+04      61732          7  0.000e+00
     54.061     6.0784     6.0670   3.437807   3.435224     2.2976     0.1727     0.3971    34.9049 1.8835e+00 1.0000e-12 5.3093e-11      61733          7  0.000e+00
     54.061     6.0828     6.0655   3.438204   3.435058     2.2976     0.1532     0.3922    34.9048 0.0000e+00 1.0000e-12 9.9999e+04      61734          7  0.000e+00
     54.021     6.0960     6.0625   3.438303   3.434819     2.2976     0.1727     0.3971    34.8924 1.8835e+00 1.0000e-12 5.3093e-11      61735          7  0.000e+00
     54.061     6.1017     6.0577   3.437738   3.434632     2.2976     0.1727     0.3922    34.8802 1.8835e+00 1.0000e-12 5.3093e-11      61736          7  0.000e+00
     54.061     6.0934     6.0506   3.436881   3.434372     2.2976     0.1727     0.3922    34.8790 0.0000e+00 1.0000e-12 9.9999e+04      61737          7  0.000e+00
     53.997     6.0778     6.0454   3.435515   3.433857     2.2976     0.1727     0.3922    34.8797 0.0000e+00 1.0000e-12 9.9999e+04      61738          7  0.000e+00
     53.965     6.0411     6.0381   3.433343   3.433455     2.2976     0.1727     0.3922    34.8930 0.0000e+00 1.0000e-12 9.9999e+04      61739          7  0.000e+00
     53.997     6.0122     6.0323   3.431401   3.433189     2.2988     0.1727     0.3922    34.9008 0.0000e+00 1.0000e-12 9.9999e+04      61740          7  0.000e+00
     53.997     5.9920     6.0317   3.430253   3.432950     2.2988     0.1727     0.3971    34.9087 0.0000e+00 1.0000e-12 9.9999e+04      61741          7  0.000e+00
     53.965     5.9794     6.0303   3.429738   3.432721     2.2988     0.1727     0.3922    34.9159 1.8835e+00 1.0000e-12 5.3093e-11      61742          7  0.000e+00
     53.941     5.9769     6.0266   3.429738   3.432548     2.2988     0.1727     0.3922    34.9185 0.0000e+00 1.0000e-12 9.9999e+04      61743          7  0.000e+00
     53.941     5.9782     6.0263   3.429813   3.432282     2.2976     0.1727     0.3971    34.9180 1.8835e+00 1.0000e-12 5.3093e-11      61744          7  0.000e+00
     53.885     5.9839     6.0271   3.429831   3.431963     2.2976     0.1727     0.3922    34.9124 0.0000e+00 1.0000e-12 9.9999e+04      61745          7  0.000e+00
     53.965     5.9998     6.0257   3.429924   3.431776     2.2976     0.1727     0.3922    34.8970 1.8835e+00 1.0000e-12 5.3093e-11      61746          7  0.000e+00
     53.885     6.0065     6.0230   3.429608   3.431828     2.2988     0.1727     0.3971    34.8865 1.8835e+00 1.0000e-12 5.3093e-11      61747          7  0.000e+00
     53.885     5.9811     6.0218   3.428752   3.431801     2.2988     0.1727     0.3922    34.9030 1.8835e+00 1.0000e-12 5.3093e-11      61748          7  0.000e+00
     53.256     5.9426     5.9531   3.426854   3.425464     2.2842     0.1532     0.3775    34.9216 0.0000e+00 1.0000e-12 9.9999e+04      61900          8  0.000e+00
     53.232     5.9482     5.9556   3.427549   3.425377     2.2842     0.1532     0.3775    34.9237 0.0000e+00 1.0000e-12 9.9999e+04      61901          8  0.000e+00
     53.352     5.9515     5.9580   3.427890   3.425623     2.2842     0.1532     0.3775    34.9241 0.0000e+00 1.0000e-12 9.9999e+04      61902          8  0.000e+00
     53.232     5.9562     5.9570   3.427964   3.425730     2.2842     0.1532     0.3775    34.9202 1.8835e+00 1.0000e-12 5.3093e-11      61903          8  0.000e+00
     53.320     5.9730     5.9600   3.428274   3.425491     2.2842     0.1532     0.3775    34.9063 1.8835e+00 1.0000e-12 5.3093e-11      61904          8  0.000e+00
     53.352     5.9912     5.9587   3.429000   3.425837     2.2842     0.1532     0.3775    34.8957 0.0000e+00 1.0000e-12 9.9999e+04      61905          8  0.000e+00
     53.296     6.0111     5.9579   3.429881   3.426103     2.2842     0.1532     0.3775    34.8851 0.0000e+00 1.0000e-12 9.9999e+04      61906          8  0.000e+00
     53.296     6.0207     5.9560   3.430482   3.426179     2.2854     0.1532     0.3775    34.8821 1.8835e+00 1.0000e-12 5.3093e-11      61907          8  0.000e+00
     53.320     6.0190     5.9549   3.430979   3.426048     2.2854     0.1532     0.3775    34.8894 0.0000e+00 1.0000e-12 9.9999e+04      61908          8  0.000e+00
     53.353     6.0228     5.9544   3.431959   3.425809     2.2842     0.1532     0.3775    34.8966 0.0000e+00 1.0000e-12 9.9999e+04      61909          8  0.000e+00
     53.353     6.0356     5.9577   3.433194   3.425782     2.2842     0.1532     0.3775    34.8973 0.0000e+00 1.0000e-12 9.9999e+04      61910          8  0.000e+00
     53.377     6.0515     5.9622   3.434305   3.425782     2.2842     0.1532     0.3775    34.8935 1.8835e+00 1.0000e-12 5.3093e-11      61911          8  0.000e+00
     53.353     6.0567     5.9637   3.434516   3.426100     2.2842     0.1532     0.3775    34.8905 0.0000e+00 1.0000e-12 9.9999e+04      61912          8  0.000e+00
     53.353     6.0492     5.9635   3.434019   3.426235     2.2842     0.1532     0.3775    34.8926 1.8835e+00 1.0000e-12 5.3093e-11      61913          8  0.000e+00
     53.353     6.0476     5.9632   3.434019   3.426127     2.2842     0.1532     0.3775    34.8943 1.8835e+00 1.0000e-12 5.3093e-11      61914          8  0.000e+00
     53.441     6.0518     5.9651   3.434746   3.426394     2.2842     0.1337     0.3775    34.8981 0.0000e+00 1.0000e-12 9.9999e+04      61915          8  0.000e+00
     53.353     6.0565     5.9654   3.435112   3.426715     2.2842     0.1532     0.3775    34.8974 1.8835e+00 1.0000e-12 5.3093e-11      61916          8  0.000e+00
     53.417     6.0491     5.9627   3.434975   3.426926     2.2842     0.1532     0.3775    34.9035 1.8835e+00 1.0000e-12 5.3093e-11      61917          8  0.000e+00
     53.441     6.0482     5.9596   3.435211   3.426795     2.2842     0.1532     0.3775    34.9071 1.8835e+00 1.0000e-12 5.3093e-11      61918          8  0.000e+00
     53.353     6.0575     5.9561   3.435733   3.426338     2.2842     0.1532     0.3775    34.9034 0.0000e+00 1.0000e-12 9.9999e+04      61919          8  0.000e+00
     53.473     6.0653     5.9539   3.435832   3.426024     2.2842     0.1532     0.3775    34.8965 1.8835e+00 1.0000e-12 5.3093e-11      61920          8  0.000e+00
     53.417     6.0667     5.9543   3.435720   3.425809     2.2842     0.1532     0.3775    34.8937 0.0000e+00 1.0000e-12 9.9999e+04      61921          8  0.000e+00
     53.441     6.0724     5.9592   3.435646   3.425917     2.2854     0.1532     0.3775    34.8870 0.0000e+00 1.0000e-12 9.9999e+04      61922          8  0.000e+00
     53.473     6.0732     5.9656   3.435584   3.426370     2.2854     0.1532     0.3775    34.8855 0.0000e+00 1.0000e-12 9.9999e+04      61923          8  0.000e+00
     53.473     6.0721     5.9676   3.435435   3.426926     2.2854     0.1337     0.3775    34.8850 1.8835e+00 1.0000e-12 5.3093e-11      61924          8  0.000e+00
     53.233     6.0671     5.9693   3.435267   3.427033     2.2854     0.1337     0.3775    34.8883 0.0000e+00 1.0000e-12 9.9999e+04      61925          8  0.000e+00
     53.674     6.0669     5.9727   3.435317   3.426978     2.2854     0.1337     0.3775    34.8888 1.8835e+00 1.0000e-12 5.3093e-11      61926          8  0.000e+00
     53.529     6.0671     5.9758   3.435509   3.427327     2.2854     0.1337     0.3775    34.8909 0.0000e+00 1.0000e-12 9.9999e+04      61927          8  0.000e+00
     53.473     6.0744     5.9768   3.435937   3.427566     2.2866     0.1337     0.3775    34.8883 1.8835e+00 1.0000e-12 5.3093e-11      61928          8  0.000e+00
     53.497     6.0790     5.9737   3.436291   3.427514     2.2866     0.1337     0.3775    34.8875 1.8835e+00 1.0000e-12 5.3093e-11      61929          8  0.000e+00
     53.530     6.0804     5.9708   3.436509   3.427272     2.2866     0.1337     0.3775    34.8885 0.0000e+00 1.0000e-12 9.9999e+04      61930          8  0.000e+00
     53.530     6.0818     5.9699   3.436813   3.426902     2.2866     0.1337     0.3775    34.8905 1.8835e+00 1.0000e-12 5.3093e-11      61931          8  0.000e+00
     53.530     6.0866     5.9667   3.437086   3.426715     2.2866     0.1337     0.3775    34.8887 1.8835e+00 1.0000e-12 5.3093e-11      61932          8  0.000e+00
     53.554     6.0888     5.9645   3.437446   3.426501     2.2866     0.1337     0.3775    34.8904 0.0000e+00 1.0000e-12 9.9999e+04      61933          8  0.000e+00
     53.594     6.0905     5.9643   3.437850   3.426446     2.2866     0.1337     0.3775    34.8932 0.0000e+00 1.0000e-12 9.9999e+04      61934          8  0.000e+00
     53.530     6.0952     5.9671   3.437912   3.426581     2.2878     0.1337     0.3775    34.8891 0.0000e+00 1.0000e-12 9.9999e+04      61935          8  0.000e+00
     53.618     6.0898     5.9667   3.437316   3.426819     2.2878     0.1337     0.3775    34.8878 1.8835e+00 1.0000e-12 5.3093e-11      61936          8  0.000e+00
     53.594     6.0827     5.9680   3.436651   3.426715     2.2878     0.1337     0.3775    34.8877 1.8835e+00 1.0000e-12 5.3093e-11      61937          8  0.000e+00
     53.594     6.0731     5.9697   3.436173   3.426874     2.2878     0.1337     0.3775    34.8922 0.0000e+00 1.0000e-12 9.9999e+04      61938          8  0.000e+00
     53.594     6.0667     5.9677   3.435993   3.427168     2.2878     0.1337     0.3775    34.8967 1.8835e+00 1.0000e-12 5.3093e-11      61939          8  0.000e+00
     53.618     6.0686     5.9659   3.436409   3.427034     2.2878     0.1337     0.3775    34.8995 1.8835e+00 1.0000e-12 5.3093e-11      61940          8  0.000e+00
     53.650     6.0882     5.9784   3.437788   3.426950     2.2878     0.1337     0.3775    34.8948 0.0000e+00 1.0000e-12 9.9999e+04      61941          8  0.000e+00
