Ship_data/Irminger/Irminger-4/ctd/process/ar21_006.ros
* Sea-Bird SBE 9 Data File:
* FileName = D:\Data\AR21_006.hdr
* Software Version Seasave V 7.23.2
* Temperature SN = 4155
* Conductivity SN = 2645
* Number of Bytes Per Scan = 40
* Number of Voltage Words = 5
* Number of Scans Averaged by the Deck Unit = 1
* NMEA Latitude = 50 47.19 N
* NMEA Longitude = 047 19.09 W
* NMEA UTC (Time) = Aug 02 2017  19:20:56
# nquan = 15
# nvalues = 245                                   
# units = specified
# name 0 = prDM: Pressure, Digiquartz [db]
# name 1 = t090C: Temperature [ITS-90, deg C]
# name 2 = t190C: Temperature, 2 [ITS-90, deg C]
# name 3 = c0S/m: Conductivity [S/m]
# name 4 = c1S/m: Conductivity, 2 [S/m]
# name 5 = sbeox0V: Oxygen raw, SBE 43 [V]
# name 6 = flECO-AFL: Fluorescence, WET Labs ECO-AFL/FL [mg/m^3]
# name 7 = turbWETntu0: Turbidity, WET Labs ECO [NTU]
# name 8 = sal00: Salinity, Practical [PSU]
# name 9 = spar: SPAR/Surface Irradiance
# name 10 = par: PAR/Irradiance, Biospherical/Licor
# name 11 = cpar: CPAR/Corrected Irradiance [%]
# name 12 = scan: Scan Count
# name 13 = nbf: Bottles Fired
# name 14 = flag:  0.000e+00
# interval = seconds: 0.0416667
# start_time = Aug 02 2017 19:20:56 [NMEA time, header]
# bad_flag = -9.990e-29
*END*
[from data line 97]
    811.608     3.3666     3.3681   3.223631   3.224102     1.7921    -0.3938     0.3580    34.8594 0.0000e+00 1.0000e-12 9.9999e+04      89584          2  0.000e+00
    811.408     3.3669     3.3696   3.223759   3.224156     1.7774    -0.3743     0.3531    34.8607 0.0000e+00 1.0000e-12 9.9999e+04      89857          3  0.000e+00
    811.424     3.3669     3.3693   3.223789   3.224180     1.7774    -0.3743     0.3580    34.8611 1.8835e+00 1.0000e-12 5.3093e-11      89858          3  0.000e+00
    811.530     3.3668     3.3693   3.223789   3.224153     1.7774    -0.3743     0.3580    34.8611 0.0000e+00 1.0000e-12 9.9999e+04      89859          3  0.000e+00
    811.368     3.3669     3.3693   3.223795   3.224180     1.7774    -0.3743     0.3580    34.8612 0.0000e+00 1.0000e-12 9.9999e+04      89860          3  0.000e+00
    811.424     3.3667     3.3694   3.223765   3.224180     1.7774    -0.3743     0.3531    34.8610 1.8835e+00 1.0000e-12 5.3093e-11      89861          3  0.000e+00
    811.530     3.3668     3.3693   3.223765   3.224156     1.7774    -0.3743     0.3531    34.8608 1.8835e+00 1.0000e-12 5.3093e-11      89862          3  0.000e+00
    811.368     3.3670     3.3694   3.223777   3.224153     1.7774    -0.3743     0.3531    34.8608 1.8835e+00 1.0000e-12 5.3093e-11      89863          3  0.000e+00
    811.465     3.3669     3.3694   3.223783   3.224203     1.7774    -0.3743     0.3531    34.8610 0.0000e+00 1.0000e-12 9.9999e+04      89864          3  0.000e+00
    811.489     3.3668     3.3692   3.223777   3.224153     1.7786    -0.3743     0.3531    34.8610 0.0000e+00 1.0000e-12 9.9999e+04      89865          3  0.000e+00
    811.408     3.3670     3.3693   3.223777   3.224180     1.7774    -0.3743     0.3531    34.8608 1.8835e+00 1.0000e-12 5.3093e-11      89866          3  0.000e+00
    811.489     3.3669     3.3693   3.223795   3.224230     1.7786    -0.3743     0.3531    34.8611 1.8835e+00 1.0000e-12 5.3093e-11      89867          3  0.000e+00
    811.465     3.3670     3.3694   3.223789   3.224180     1.7774    -0.3938     0.3531    34.8610 1.8835e+00 1.0000e-12 5.3093e-11      89868          3  0.000e+00
    811.425     3.3667     3.3691   3.223795   3.224153     1.7774    -0.3938     0.3531    34.8613 0.0000e+00 1.0000e-12 9.9999e+04      89869          3  0.000e+00
    811.465     3.3668     3.3694   3.223789   3.224153     1.7774    -0.3938     0.3531    34.8611 1.8835e+00 1.0000e-12 5.3093e-11      89870          3  0.000e+00
    811.490     3.3669     3.3691   3.223795   3.224180     1.7774    -0.3938     0.3580    34.8611 0.0000e+00 1.0000e-12 9.9999e+04      89871          3  0.000e+00
    811.465     3.3670     3.3691   3.223747   3.224180     1.7774    -0.3743     0.3531    34.8604 0.0000e+00 1.0000e-12 9.9999e+04      89872          3  0.000e+00
    811.425     3.3670     3.3691   3.223759   3.224180     1.7774    -0.3938     0.3531    34.8606 1.8835e+00 1.0000e-12 5.3093e-11      89873          3  0.000e+00
    811.465     3.3669     3.3691   3.223759   3.224153     1.7774    -0.3938     0.3531    34.8607 1.8835e+00 1.0000e-12 5.3093e-11      89874          3  0.000e+00
    811.490     3.3669     3.3691   3.223765   3.224129     1.7774    -0.3938     0.3531    34.8608 1.8835e+00 1.0000e-12 5.3093e-11      89875          3  0.000e+00
    811.408     3.3667     3.3693   3.223759   3.224180     1.7774    -0.3938     0.3531    34.8610 1.8835e+00 1.0000e-12 5.3093e-11      89876          3  0.000e+00
    811.490     3.3669     3.3691   3.223789   3.224129     1.7761    -0.3938     0.3531    34.8611 1.8835e+00 1.0000e-12 5.3093e-11      89877          3  0.000e+00
    811.408     3.3667     3.3691   3.223765   3.224156     1.7761    -0.3938     0.3531    34.8610 1.8835e+00 1.0000e-12 5.3093e-11      89878          3  0.000e+00
    811.490     3.3668     3.3690   3.223734   3.224153     1.7761    -0.3938     0.3531    34.8605 1.8835e+00 1.0000e-12 5.3093e-11      89879          3  0.000e+00
    811.408     3.3669     3.3691   3.223759   3.224153     1.7761    -0.3938     0.3531    34.8607 1.8835e+00 1.0000e-12 5.3093e-11      89880          3  0.000e+00
    811.425     3.3669     3.3692   3.223759   3.224180     1.7761    -0.3938     0.3531    34.8607 1.8835e+00 1.0000e-12 5.3093e-11      89881          3  0.000e+00
    811.465     3.3668     3.3693   3.223765   3.224180     1.7761    -0.3938     0.3531    34.8608 1.8835e+00 1.0000e-12 5.3093e-11      89882          3  0.000e+00
    811.368     3.3669     3.3693   3.223734   3.224153     1.7761    -0.3938     0.3580    34.8605 0.0000e+00 1.0000e-12 9.9999e+04      89883          3  0.000e+00
    811.409     3.3669     3.3693   3.223777   3.224180     1.7761    -0.3938     0.3531    34.8610 0.0000e+00 1.0000e-12 9.9999e+04      89884          3  0.000e+00
    811.425     3.3670     3.3696   3.223807   3.224180     1.7761    -0.3938     0.3531    34.8612 1.8835e+00 1.0000e-12 5.3093e-11      89885          3  0.000e+00
    811.409     3.3669     3.3693   3.223783   3.224180     1.7761    -0.3938     0.3531    34.8610 1.8835e+00 1.0000e-12 5.3093e-11      89886          3  0.000e+00
    811.368     3.3669     3.3693   3.223734   3.224180     1.7749    -0.3938     0.3531    34.8605 1.8835e+00 1.0000e-12 5.3093e-11      89887          3  0.000e+00
    811.409     3.3668     3.3694   3.223734   3.224153     1.7749    -0.3938     0.3531    34.8605 0.0000e+00 1.0000e-12 9.9999e+04      89888          3  0.000e+00
    811.368     3.3669     3.3694   3.223771   3.224180     1.7749    -0.3938     0.3531    34.8609 0.0000e+00 1.0000e-12 9.9999e+04      89889          3  0.000e+00
    811.344     3.3669     3.3696   3.223753   3.224153     1.7749    -0.3938     0.3531    34.8607 0.0000e+00 1.0000e-12 9.9999e+04      89890          3  0.000e+00
    811.368     3.3670     3.3694   3.223746   3.224153     1.7749    -0.3938     0.3531    34.8605 0.0000e+00 1.0000e-12 9.9999e+04      89891          3  0.000e+00
    811.344     3.3670     3.3696   3.223765   3.224203     1.7737    -0.3938     0.3531    34.8607 0.0000e+00 1.0000e-12 9.9999e+04      89892          3  0.000e+00
    811.368     3.3669     3.3696   3.223759   3.224180     1.7737    -0.3938     0.3531    34.8608 1.8835e+00 1.0000e-12 5.3093e-11      89893          3  0.000e+00
    811.344     3.3670     3.3698   3.223753   3.224180     1.7737    -0.3938     0.3531    34.8606 1.8835e+00 1.0000e-12 5.3093e-11      89894          3  0.000e+00
    811.303     3.3669     3.3699   3.223746   3.224180     1.7749    -0.3938     0.3531    34.8607 1.8835e+00 1.0000e-12 5.3093e-11      89895          3  0.000e+00
    811.344     3.3670     3.3699   3.223728   3.224180     1.7737    -0.3938     0.3531    34.8603 3.7670e+00 1.0000e-12 2.6547e-11      89896          3  0.000e+00
    811.303     3.3670     3.3699   3.223734   3.224180     1.7737    -0.3938     0.3531    34.8604 1.8835e+00 1.0000e-12 5.3093e-11      89897          3  0.000e+00
    811.287     3.3669     3.3699   3.223728   3.224180     1.7737    -0.3938     0.3531    34.8604 0.0000e+00 1.0000e-12 9.9999e+04      89898          3  0.000e+00
    811.303     3.3670     3.3698   3.223759   3.224180     1.7737    -0.3938     0.3531    34.8606 1.8835e+00 1.0000e-12 5.3093e-11      89899          3  0.000e+00
    811.287     3.3670     3.3697   3.223734   3.224207     1.7724    -0.3938     0.3531    34.8604 1.8835e+00 1.0000e-12 5.3093e-11      89900          3  0.000e+00
    811.246     3.3670     3.3696   3.223734   3.224180     1.7724    -0.3938     0.3531    34.8604 1.8835e+00 1.0000e-12 5.3093e-11      89901          3  0.000e+00
    811.222     3.3669     3.3696   3.223746   3.224180     1.7724    -0.3938     0.3531    34.8607 0.0000e+00 1.0000e-12 9.9999e+04      89902          3  0.000e+00
    811.303     3.3670     3.3696   3.223722   3.224180     1.7724    -0.3938     0.3531    34.8603 0.0000e+00 1.0000e-12 9.9999e+04      89903          3  0.000e+00
    811.246     3.3670     3.3697   3.223716   3.224153     1.7724    -0.3938     0.3531    34.8602 1.8835e+00 1.0000e-12 5.3093e-11      89904          3  0.000e+00
    811.222     3.3669     3.3696   3.223716   3.224207     1.7724    -0.3938     0.3531    34.8603 1.8835e+00 1.0000e-12 5.3093e-11      89905          3  0.000e+00
    304.590     3.4851     3.4867   3.210386   3.210349     1.7778    -0.3743     0.3629    34.8450 1.8835e+00 1.0000e-12 5.3093e-11     103248          4  0.000e+00
    304.646     3.4852     3.4867   3.210392   3.210366     1.7778    -0.3547     0.3629    34.8450 1.8835e+00 1.0000e-12 5.3093e-11     103249          4  0.000e+00
    304.606     3.4853     3.4867   3.210404   3.210349     1.7791    -0.3743     0.3629    34.8450 0.0000e+00 1.0000e-12 9.9999e+04     103250          4  0.000e+00
    304.767     3.4852     3.4867   3.210386   3.210366     1.7791    -0.3743     0.3629    34.8448 0.0000e+00 1.0000e-12 9.9999e+04     103251          4  0.000e+00
    304.703     3.4851     3.4865   3.210416   3.210399     1.7791    -0.3743     0.3629    34.8453 1.8835e+00 1.0000e-12 5.3093e-11     103252          4  0.000e+00
    304.727     3.4850     3.4868   3.210435   3.210342     1.7791    -0.3743     0.3629    34.8456 1.8835e+00 1.0000e-12 5.3093e-11     103253          4  0.000e+00
    304.823     3.4852     3.4868   3.210423   3.210400     1.7803    -0.3743     0.3629    34.8452 1.8835e+00 1.0000e-12 5.3093e-11     103254          4  0.000e+00
    304.823     3.4852     3.4867   3.210429   3.210393     1.7815    -0.3743     0.3629    34.8452 0.0000e+00 1.0000e-12 9.9999e+04     103255          4  0.000e+00
    304.888     3.4852     3.4867   3.210416   3.210349     1.7815    -0.3743     0.3629    34.8451 1.8835e+00 1.0000e-12 5.3093e-11     103256          4  0.000e+00
    304.904     3.4850     3.4867   3.210423   3.210366     1.7815    -0.3743     0.3629    34.8453 1.8835e+00 1.0000e-12 5.3093e-11     103257          4  0.000e+00
    304.888     3.4852     3.4866   3.210435   3.210349     1.7815    -0.3743     0.3629    34.8453 0.0000e+00 1.0000e-12 9.9999e+04     103258          4  0.000e+00
    305.001     3.4852     3.4863   3.210435   3.210393     1.7815    -0.3743     0.3629    34.8452 0.0000e+00 1.0000e-12 9.9999e+04     103259          4  0.000e+00
    305.025     3.4853     3.4868   3.210417   3.210349     1.7827    -0.3743     0.3629    34.8449 1.8835e+00 1.0000e-12 5.3093e-11     103260          4  0.000e+00
    305.065     3.4850     3.4865   3.210404   3.210393     1.7840    -0.3743     0.3629    34.8450 1.8835e+00 1.0000e-12 5.3093e-11     103261          4  0.000e+00
    305.065     3.4852     3.4868   3.210423   3.210376     1.7840    -0.3743     0.3678    34.8451 1.8835e+00 1.0000e-12 5.3093e-11     103262          4  0.000e+00
    305.146     3.4851     3.4865   3.210423   3.210393     1.7840    -0.3743     0.3678    34.8452 1.8835e+00 1.0000e-12 5.3093e-11     103263          4  0.000e+00
    305.186     3.4852     3.4865   3.210429   3.210366     1.7840    -0.3743     0.3678    34.8451 0.0000e+00 1.0000e-12 9.9999e+04     103264          4  0.000e+00
    305.186     3.4850     3.4865   3.210435   3.210400     1.7852    -0.3743     0.3678    34.8453 1.8835e+00 1.0000e-12 5.3093e-11     103265          4  0.000e+00
    305.202     3.4854     3.4866   3.210453   3.210343     1.7852    -0.3743     0.3678    34.8452 1.8835e+00 1.0000e-12 5.3093e-11     103266          4  0.000e+00
    305.299     3.4850     3.4867   3.210441   3.210400     1.7864    -0.3743     0.3678    34.8453 1.8835e+00 1.0000e-12 5.3093e-11     103267          4  0.000e+00
    305.299     3.4850     3.4867   3.210435   3.210366     1.7864    -0.3743     0.3678    34.8453 0.0000e+00 1.0000e-12 9.9999e+04     103268          4  0.000e+00
    305.387     3.4852     3.4865   3.210435   3.210376     1.7864    -0.3743     0.3678    34.8451 1.8835e+00 1.0000e-12 5.3093e-11     103269          4  0.000e+00
    305.363     3.4851     3.4865   3.210453   3.210366     1.7876    -0.3743     0.3678    34.8454 0.0000e+00 1.0000e-12 9.9999e+04     103270          4  0.000e+00
    305.419     3.4852     3.4867   3.210477   3.210427     1.7888    -0.3743     0.3678    34.8456 0.0000e+00 1.0000e-12 9.9999e+04     103271          4  0.000e+00
    305.444     3.4850     3.4867   3.210483   3.210366     1.7888    -0.3743     0.3678    34.8458 1.8835e+00 1.0000e-12 5.3093e-11     103272          4  0.000e+00
    305.540     3.4850     3.4867   3.210447   3.210376     1.7888    -0.3743     0.3678    34.8453 1.8835e+00 1.0000e-12 5.3093e-11     103273          4  0.000e+00
    305.540     3.4851     3.4867   3.210453   3.210417     1.7901    -0.3743     0.3678    34.8453 0.0000e+00 1.0000e-12 9.9999e+04     103274          4  0.000e+00
    305.564     3.4852     3.4867   3.210459   3.210376     1.7913    -0.3743     0.3678    34.8453 0.0000e+00 1.0000e-12 9.9999e+04     103275          4  0.000e+00
    305.597     3.4849     3.4863   3.210441   3.210366     1.7913    -0.3743     0.3678    34.8453 1.8835e+00 1.0000e-12 5.3093e-11     103276          4  0.000e+00
    305.661     3.4851     3.4868   3.210453   3.210400     1.7913    -0.3743     0.3678    34.8452 0.0000e+00 1.0000e-12 9.9999e+04     103277          4  0.000e+00
    305.685     3.4850     3.4865   3.210459   3.210393     1.7925    -0.3743     0.3678    34.8453 1.8835e+00 1.0000e-12 5.3093e-11     103278          4  0.000e+00
    305.718     3.4850     3.4865   3.210459   3.210376     1.7937    -0.3743     0.3678    34.8453 0.0000e+00 1.0000e-12 9.9999e+04     103279          4  0.000e+00
    305.718     3.4850     3.4867   3.210459   3.210417     1.7937    -0.3743     0.3678    34.8453 3.7670e+00 1.0000e-12 2.6547e-11     103280          4  0.000e+00
    305.798     3.4851     3.4865   3.210471   3.210427     1.7937    -0.3743     0.3678    34.8454 1.8835e+00 1.0000e-12 5.3093e-11     103281          4  0.000e+00
    305.838     3.4850     3.4866   3.210483   3.210443     1.7950    -0.3743     0.3678    34.8456 0.0000e+00 1.0000e-12 9.9999e+04     103282          4  0.000e+00
    305.838     3.4850     3.4865   3.210489   3.210417     1.7962    -0.3743     0.3678    34.8456 1.8835e+00 1.0000e-12 5.3093e-11     103283          4  0.000e+00
    305.863     3.4847     3.4863   3.210508   3.210400     1.7962    -0.3743     0.3678    34.8462 0.0000e+00 1.0000e-12 9.9999e+04     103284          4  0.000e+00
    305.895     3.4850     3.4868   3.210501   3.210417     1.7962    -0.3743     0.3678    34.8457 0.0000e+00 1.0000e-12 9.9999e+04     103285          4  0.000e+00
    305.959     3.4849     3.4865   3.210532   3.210400     1.7986    -0.3743     0.3678    34.8462 0.0000e+00 1.0000e-12 9.9999e+04     103286          4  0.000e+00
    305.983     3.4850     3.4867   3.210483   3.210417     1.7986    -0.3938     0.3678    34.8455 1.8835e+00 1.0000e-12 5.3093e-11     103287          4  0.000e+00
    305.959     3.4851     3.4865   3.210477   3.210427     1.7986    -0.3938     0.3678    34.8454 0.0000e+00 1.0000e-12 9.9999e+04     103288          4  0.000e+00
    306.016     3.4850     3.4866   3.210526   3.210393     1.7986    -0.3938     0.3678    34.8460 0.0000e+00 1.0000e-12 9.9999e+04     103289          4  0.000e+00
    306.040     3.4850     3.4865   3.210544   3.210400     1.7999    -0.3938     0.3678    34.8462 0.0000e+00 1.0000e-12 9.9999e+04     103290          4  0.000e+00
    306.080     3.4849     3.4865   3.210532   3.210393     1.8011    -0.3938     0.3678    34.8462 0.0000e+00 1.0000e-12 9.9999e+04     103291          4  0.000e+00
    306.080     3.4851     3.4867   3.210520   3.210400     1.8011    -0.3938     0.3678    34.8458 0.0000e+00 1.0000e-12 9.9999e+04     103292          4  0.000e+00
