Ship_data/Irminger/Irminger-4/ctd/process/ar21999.ros
* Sea-Bird SBE 9 Data File:
* FileName = D:\Data\ar20001.hdr
* Software Version Seasave V 7.23.2
* Temperature SN = 4155
* Conductivity SN = 2645
* Number of Bytes Per Scan = 40
* Number of Voltage Words = 5
* Number of Scans Averaged by the Deck Unit = 1
* NMEA Latitude = 39 53.23 N
* NMEA Longitude = 071 21.61 W
* NMEA UTC (Time) = Jul 06 2017  23:27:03
# nquan = 15
# nvalues = 588                                   
# units = specified
# name 0 = prDM: Pressure, Digiquartz [db]
# name 1 = t090C: Temperature [ITS-90, deg C]
# name 2 = t190C: Temperature, 2 [ITS-90, deg C]
# name 3 = c0S/m: Conductivity [S/m]
# name 4 = c1S/m: Conductivity, 2 [S/m]
# name 5 = sbeox0V: Oxygen raw, SBE 43 [V]
# name 6 = flECO-AFL: Fluorescence, WET Labs ECO-AFL/FL [mg/m^3]
# name 7 = turbWETntu0: Turbidity, WET Labs ECO [NTU]
# name 8 = sal00: Salinity, Practical [PSU]
# name 9 = spar: SPAR/Surface Irradiance
# name 10 = par: PAR/Irradiance, Biospherical/Licor
# name 11 = cpar: CPAR/Corrected Irradiance [%]
# name 12 = scan: Scan Count
# name 13 = nbf: Bottles Fired
# name 14 = flag:  0.000e+00
# interval = seconds: 0.0416667
# start_time = Jul 06 2017 23:27:03 [NMEA time, header]
# bad_flag = -9.990e-29
*END*
[from data line 482]
     38.943    12.4404    12.4445   4.007709   4.007545     2.2183     0.1337     0.4019    34.6487 1.6951e+01 6.5873e-02 3.8860e-01      58811         10  0.000e+00
     38.735    12.4425    12.4463   4.007768   4.007738     2.2183     0.1337     0.4019    34.6474 1.6951e+01 6.7141e-02 3.9608e-01      58812         10  0.000e+00
     38.735    12.4447    12.4475   4.007847   4.007827     2.2171     0.1532     0.3971    34.6462 1.6951e+01 6.7141e-02 3.9608e-01      58813         10  0.000e+00
     38.735    12.4453    12.4474   4.007867   4.007983     2.2171     0.1337     0.4019    34.6458 1.8835e+01 6.7141e-02 3.5647e-01      58814         10  0.000e+00
     38.735    12.4445    12.4472   4.007906   4.008005     2.2171     0.1337     0.4019    34.6469 1.6951e+01 6.7141e-02 3.9608e-01      58815         10  0.000e+00
     38.735    12.4452    12.4475   4.007986   4.007920     2.2171     0.1337     0.4019    34.6471 1.6951e+01 6.7141e-02 3.9608e-01      58816         10  0.000e+00
     38.767    12.4474    12.4474   4.008045   4.007950     2.2171     0.1337     0.4019    34.6456 1.8835e+01 6.5873e-02 3.4974e-01      58817         10  0.000e+00
     38.735    12.4485    12.4477   4.008098   4.007950     2.2171     0.1337     0.4019    34.6451 1.8835e+01 6.5873e-02 3.4974e-01      58818         10  0.000e+00
     28.372    13.3865    13.2108   4.083930   4.069037     2.3526     1.0323     0.4361    34.5150 1.5068e+01 1.9562e-01 1.2983e+00      62101         11  0.000e+00
     28.316    13.3712    13.2018   4.083132   4.068464     2.3538     1.0519     0.4361    34.5214 1.5068e+01 1.9562e-01 1.2983e+00      62102         11  0.000e+00
     28.492    13.3673    13.1932   4.080653   4.067623     2.3526     1.0519     0.4361    34.5015 1.5068e+01 1.9562e-01 1.2983e+00      62103         11  0.000e+00
     28.316    13.3372    13.1898   4.075744   4.066691     2.3538     1.0323     0.4313    34.4825 1.5068e+01 1.9562e-01 1.2983e+00      62104         11  0.000e+00
     28.372    13.2726    13.1991   4.070771   4.066163     2.3538     0.9933     0.4361    34.4940 1.5068e+01 1.9562e-01 1.2983e+00      62105         11  0.000e+00
     28.492    13.2265    13.2125   4.067745   4.066537     2.3538     0.9542     0.4361    34.5071 1.5068e+01 1.9562e-01 1.2983e+00      62106         11  0.000e+00
     28.372    13.2011    13.2172   4.066338   4.067723     2.3526     0.9542     0.4313    34.5169 1.6951e+01 1.9562e-01 1.1540e+00      62107         11  0.000e+00
     28.492    13.1870    13.2093   4.065701   4.068622     2.3526     0.9542     0.4361    34.5237 1.5068e+01 1.9399e-01 1.2875e+00      62108         11  0.000e+00
     28.436    13.1786    13.2221   4.065416   4.067873     2.3538     0.9542     0.4361    34.5286 1.5068e+01 1.9399e-01 1.2875e+00      62109         11  0.000e+00
     28.436    13.1752    13.2114   4.065317   4.067375     2.3538     0.9737     0.4361    34.5308 1.5068e+01 1.9399e-01 1.2875e+00      62110         11  0.000e+00
     28.492    13.1732    13.2035   4.065244   4.067252     2.3526     0.9542     0.4313    34.5319 1.5068e+01 1.9237e-01 1.2767e+00      62111         11  0.000e+00
     28.276    13.1712    13.2039   4.065044   4.066597     2.3526     0.9737     0.4361    34.5319 1.5068e+01 1.9237e-01 1.2767e+00      62112         11  0.000e+00
     28.725    13.1678    13.1925   4.064660   4.066728     2.3526     0.9542     0.4361    34.5312 1.5068e+01 1.9237e-01 1.2767e+00      62113         11  0.000e+00
     28.493    13.1626    13.1851   4.064209   4.066317     2.3526     0.9542     0.4361    34.5318 1.5068e+01 1.9237e-01 1.2767e+00      62114         11  0.000e+00
     28.549    13.1585    13.1848   4.063990   4.065509     2.3526     0.9737     0.4361    34.5333 1.5068e+01 1.9075e-01 1.2659e+00      62115         11  0.000e+00
     28.549    13.1585    13.1888   4.064030   4.065572     2.3538     0.9542     0.4361    34.5337 1.6951e+01 1.9075e-01 1.1253e+00      62116         11  0.000e+00
     28.493    13.1631    13.1863   4.064394   4.066197     2.3526     0.9542     0.4361    34.5331 1.5068e+01 1.9075e-01 1.2659e+00      62117         11  0.000e+00
     28.549    13.1658    13.1804   4.064647   4.066381     2.3526     0.9542     0.4313    34.5330 1.5068e+01 1.9075e-01 1.2659e+00      62118         11  0.000e+00
     28.613    13.1663    13.1778   4.064613   4.065696     2.3526     0.9737     0.4361    34.5322 1.5068e+01 1.9075e-01 1.2659e+00      62119         11  0.000e+00
     28.437    13.1663    13.1751   4.064607   4.065262     2.3526     0.9542     0.4361    34.5322 1.5068e+01 1.8913e-01 1.2552e+00      62120         11  0.000e+00
     28.669    13.1672    13.1673   4.064574   4.064982     2.3526     0.9737     0.4361    34.5310 1.5068e+01 1.8913e-01 1.2552e+00      62121         11  0.000e+00
     28.613    13.1670    13.1603   4.064315   4.064671     2.3526     0.9542     0.4313    34.5287 1.6951e+01 1.8913e-01 1.1157e+00      62122         11  0.000e+00
     28.613    13.1607    13.1555   4.063811   4.064050     2.3526     0.9542     0.4361    34.5296 1.5068e+01 1.8913e-01 1.2552e+00      62123         11  0.000e+00
     28.613    13.1552    13.1530   4.063486   4.063366     2.3526     0.9542     0.4361    34.5316 1.5068e+01 1.8913e-01 1.2552e+00      62124         11  0.000e+00
     28.613    13.1519    13.1514   4.063340   4.062958     2.3514     0.9737     0.4361    34.5331 1.5068e+01 1.8752e-01 1.2445e+00      62125         11  0.000e+00
     28.669    13.1501    13.1477   4.063234   4.062775     2.3514     0.9542     0.4361    34.5338 1.5068e+01 1.8752e-01 1.2445e+00      62126         11  0.000e+00
     28.613    13.1496    13.1432   4.063260   4.062648     2.3514     0.9542     0.4361    34.5345 1.5068e+01 1.8752e-01 1.2445e+00      62127         11  0.000e+00
     28.613    13.1519    13.1408   4.063254   4.062435     2.3514     0.9542     0.4361    34.5323 1.5068e+01 1.8752e-01 1.2445e+00      62128         11  0.000e+00
     28.670    13.1509    13.1405   4.063061   4.062154     2.3502     0.8174     0.4313    34.5314 1.5068e+01 1.8591e-01 1.2338e+00      62129         11  0.000e+00
     28.638    13.1478    13.1403   4.062836   4.061930     2.3502     0.7588     0.4361    34.5321 1.5068e+01 1.8591e-01 1.2338e+00      62130         11  0.000e+00
     28.726    13.1518    13.1403   4.063201   4.062061     2.3502     0.7393     0.4361    34.5319 1.5068e+01 1.8591e-01 1.2338e+00      62131         11  0.000e+00
     28.670    13.1580    13.1406   4.063691   4.061993     2.3502     0.7588     0.4361    34.5309 1.5068e+01 1.8591e-01 1.2338e+00      62132         11  0.000e+00
     28.670    13.1599    13.1396   4.063811   4.061937     2.3489     0.7588     0.4313    34.5304 1.5068e+01 1.8591e-01 1.2338e+00      62133         11  0.000e+00
     28.670    13.1531    13.1422   4.063492   4.061814     2.3489     0.7588     0.4313    34.5335 1.5068e+01 1.8591e-01 1.2338e+00      62134         11  0.000e+00
     28.670    13.1491    13.1472   4.063307   4.061870     2.3477     0.7588     0.4361    34.5354 1.5068e+01 1.8431e-01 1.2232e+00      62135         11  0.000e+00
     28.670    13.1536    13.1499   4.063439   4.062311     2.3477     0.7588     0.4361    34.5325 1.5068e+01 1.8431e-01 1.2232e+00      62136         11  0.000e+00
     28.670    13.1582    13.1523   4.063618   4.062584     2.3477     0.7588     0.4313    34.5301 1.5068e+01 1.8431e-01 1.2232e+00      62137         11  0.000e+00
     28.726    13.1597    13.1540   4.063771   4.062745     2.3477     0.7588     0.4361    34.5301 1.5068e+01 1.8431e-01 1.2232e+00      62138         11  0.000e+00
     28.670    13.1624    13.1551   4.063857   4.062868     2.3477     0.7588     0.4361    34.5285 1.5068e+01 1.8431e-01 1.2232e+00      62139         11  0.000e+00
     28.670    13.1611    13.1548   4.063857   4.062958     2.3465     0.7588     0.4361    34.5297 1.5068e+01 1.8431e-01 1.2232e+00      62140         11  0.000e+00
     28.726    13.1604    13.1543   4.063864   4.063026     2.3465     0.7588     0.4361    34.5304 1.5068e+01 1.8271e-01 1.2126e+00      62141         11  0.000e+00
     28.670    13.1612    13.1543   4.063778   4.062992     2.3465     0.7588     0.4361    34.5288 1.5068e+01 1.8271e-01 1.2126e+00      62142         11  0.000e+00
     28.726    13.1618    13.1543   4.063605   4.062988     2.3465     0.7588     0.4361    34.5267 1.5068e+01 1.8271e-01 1.2126e+00      62143         11  0.000e+00
     28.670    13.1606    13.1535   4.063512   4.062809     2.3453     0.7588     0.4313    34.5269 1.6951e+01 1.8271e-01 1.0779e+00      62144         11  0.000e+00
     28.670    13.1579    13.1536   4.063413   4.062775     2.3453     0.7588     0.4361    34.5284 1.6951e+01 1.8271e-01 1.0779e+00      62145         11  0.000e+00
     28.726    13.1544    13.1533   4.063386   4.062801     2.3441     0.7588     0.4361    34.5313 1.6951e+01 1.8271e-01 1.0779e+00      62146         11  0.000e+00
     28.454    13.1533    13.1531   4.063360   4.062838     2.3441     0.7588     0.4361    34.5322 1.5068e+01 1.8271e-01 1.2126e+00      62147         11  0.000e+00
     28.911    13.1534    13.1535   4.063400   4.062835     2.3428     0.7588     0.4361    34.5322 1.5068e+01 1.8271e-01 1.2126e+00      62148         11  0.000e+00
     28.670    13.1552    13.1548   4.063552   4.062902     2.3428     0.7588     0.4361    34.5322 1.5068e+01 1.8271e-01 1.2126e+00      62149         11  0.000e+00
     13.362    17.8923    17.8451   4.456088   4.451831     2.5541     0.1727     0.4947    33.9442 1.3184e+01 1.2077e+00 9.1598e+00      64362         12  0.000e+00
     13.194    17.8928    17.8406   4.455957   4.451831     2.5541     0.1727     0.4947    33.9427 1.3184e+01 1.2077e+00 9.1598e+00      64363         12  0.000e+00
     13.242    17.8921    17.8375   4.455854   4.451628     2.5528     0.1923     0.4947    33.9424 1.3184e+01 1.2121e+00 9.1938e+00      64364         12  0.000e+00
     13.306    17.8935    17.8375   4.455943   4.451628     2.5541     0.1923     0.4947    33.9420 1.3184e+01 1.2121e+00 9.1938e+00      64365         12  0.000e+00
     13.370    17.8953    17.8437   4.456040   4.451593     2.5541     0.1727     0.4947    33.9413 1.3184e+01 1.2166e+00 9.2279e+00      64366         12  0.000e+00
     13.242    17.8949    17.8477   4.456115   4.451764     2.5541     0.1727     0.4996    33.9423 1.5068e+01 1.2166e+00 8.0744e+00      64367         12  0.000e+00
     13.258    17.8958    17.8519   4.456191   4.452303     2.5541     0.1727     0.4947    33.9422 1.3184e+01 1.2211e+00 9.2621e+00      64368         12  0.000e+00
     13.242    17.8978    17.8564   4.456356   4.452576     2.5541     0.1923     0.4947    33.9419 1.3184e+01 1.2211e+00 9.2621e+00      64369         12  0.000e+00
     13.186    17.9016    17.8604   4.456487   4.452677     2.5541     0.1923     0.4947    33.9399 1.3184e+01 1.2211e+00 9.2621e+00      64370         12  0.000e+00
     13.258    17.9059    17.8600   4.456542   4.452845     2.5541     0.1727     0.4947    33.9368 1.5068e+01 1.2211e+00 8.1043e+00      64371         12  0.000e+00
     13.242    17.9082    17.8587   4.456666   4.452775     2.5541     0.1727     0.4947    33.9359 1.5068e+01 1.2257e+00 8.1343e+00      64372         12  0.000e+00
     13.186    17.9097    17.8580   4.456852   4.452576     2.5541     0.1727     0.4947    33.9363 1.3184e+01 1.2257e+00 9.2964e+00      64373         12  0.000e+00
     13.194    17.9093    17.8561   4.456873   4.452506     2.5541     0.1727     0.4947    33.9368 1.3184e+01 1.2302e+00 9.3308e+00      64374         12  0.000e+00
     13.186    17.9100    17.8529   4.456942   4.452541     2.5541     0.1727     0.4947    33.9368 1.5068e+01 1.2302e+00 8.1644e+00      64375         12  0.000e+00
     13.018    17.9188    17.8501   4.457286   4.452369     2.5541     0.1727     0.4947    33.9325 1.3184e+01 1.2348e+00 9.3653e+00      64376         12  0.000e+00
     13.307    17.9267    17.8504   4.457568   4.452404     2.5541     0.1923     0.4996    33.9282 1.3184e+01 1.2348e+00 9.3653e+00      64377         12  0.000e+00
     13.122    17.9247    17.8522   4.457568   4.452404     2.5541     0.1727     0.4947    33.9299 1.3184e+01 1.2393e+00 9.3998e+00      64378         12  0.000e+00
     13.194    17.9183    17.8467   4.457548   4.452541     2.5541     0.1727     0.4947    33.9351 1.3184e+01 1.2439e+00 9.4345e+00      64379         12  0.000e+00
     13.122    17.9133    17.8406   4.457603   4.452237     2.5541     0.1727     0.4947    33.9397 1.3184e+01 1.2439e+00 9.4345e+00      64380         12  0.000e+00
     13.122    17.9130    17.8301   4.457513   4.451729     2.5541     0.1923     0.4947    33.9392 1.3184e+01 1.2485e+00 9.4693e+00      64381         12  0.000e+00
     13.138    17.9103    17.8220   4.457389   4.451289     2.5541     0.1923     0.4996    33.9404 1.3184e+01 1.2531e+00 9.5042e+00      64382         12  0.000e+00
     13.123    17.9088    17.8252   4.457217   4.450953     2.5541     0.2118     0.5045    33.9402 1.3184e+01 1.2531e+00 9.5042e+00      64383         12  0.000e+00
     13.066    17.9075    17.8349   4.457024   4.450883     2.5541     0.2118     0.5045    33.9396 1.3184e+01 1.2577e+00 9.5392e+00      64384         12  0.000e+00
     13.139    17.9068    17.8373   4.456948   4.451222     2.5541     0.2118     0.5045    33.9395 1.3184e+01 1.2577e+00 9.5392e+00      64385         12  0.000e+00
     13.067    17.9056    17.8436   4.456935   4.451495     2.5541     0.2118     0.5045    33.9404 1.5068e+01 1.2623e+00 8.3774e+00      64386         12  0.000e+00
     13.083    17.9047    17.8493   4.456942   4.451796     2.5541     0.2118     0.5045    33.9413 1.5068e+01 1.2669e+00 8.4082e+00      64387         12  0.000e+00
     13.123    17.9068    17.8509   4.456962   4.452069     2.5541     0.2118     0.5045    33.9396 1.3184e+01 1.2716e+00 9.6447e+00      64388         12  0.000e+00
     13.067    17.9085    17.8533   4.456948   4.452439     2.5541     0.2118     0.5045    33.9381 1.5068e+01 1.2716e+00 8.4391e+00      64389         12  0.000e+00
     13.083    17.9077    17.8535   4.456886   4.452642     2.5541     0.2118     0.5045    33.9383 1.5068e+01 1.2763e+00 8.4700e+00      64390         12  0.000e+00
     13.067    17.9062    17.8552   4.456838   4.452674     2.5541     0.2118     0.5045    33.9392 1.3184e+01 1.2763e+00 9.6800e+00      64391         12  0.000e+00
     13.067    17.9045    17.8548   4.456804   4.452506     2.5541     0.2118     0.5045    33.9402 1.3184e+01 1.2809e+00 9.7155e+00      64392         12  0.000e+00
     13.083    17.9044    17.8510   4.456790   4.452303     2.5541     0.2118     0.5045    33.9402 1.3184e+01 1.2809e+00 9.7155e+00      64393         12  0.000e+00
     13.011    17.9048    17.8533   4.456811   4.451998     2.5541     0.2118     0.5045    33.9400 1.5068e+01 1.2856e+00 8.5322e+00      64394         12  0.000e+00
     13.083    17.9050    17.8605   4.456907   4.451897     2.5541     0.2118     0.5045    33.9407 1.3184e+01 1.2856e+00 9.7511e+00      64395         12  0.000e+00
     13.067    17.9078    17.8676   4.456914   4.451932     2.5541     0.2118     0.5045    33.9384 1.3184e+01 1.2903e+00 9.7867e+00      64396         12  0.000e+00
     13.011    17.9089    17.8740   4.456845   4.452100     2.5541     0.2118     0.5045    33.9369 1.3184e+01 1.2903e+00 9.7867e+00      64397         12  0.000e+00
     13.083    17.9072    17.8730   4.456804   4.452201     2.5541     0.2118     0.5045    33.9380 1.3184e+01 1.2950e+00 9.8225e+00      64398         12  0.000e+00
     13.067    17.9075    17.8735   4.456873   4.452439     2.5541     0.2118     0.5045    33.9383 1.3184e+01 1.2950e+00 9.8225e+00      64399         12  0.000e+00
     12.843    17.9108    17.8880   4.456955   4.452743     2.5541     0.2118     0.5045    33.9363 1.5068e+01 1.2950e+00 8.5947e+00      64400         12  0.000e+00
