Ship_data/Irminger/Irminger-4/ctd/process/ar21_007.ros
* Sea-Bird SBE 9 Data File:
* FileName = D:\Data\AR21_007.hdr
* Software Version Seasave V 7.23.2
* Temperature SN = 4155
* Conductivity SN = 2645
* Number of Bytes Per Scan = 40
* Number of Voltage Words = 5
* Number of Scans Averaged by the Deck Unit = 1
* NMEA Latitude = 59 55.58 N
* NMEA Longitude = 039 30.97 W
* NMEA UTC (Time) = Aug 05 2017  20:24:20
# nquan = 15
# nvalues = 539                                   
# units = specified
# name 0 = prDM: Pressure, Digiquartz [db]
# name 1 = t090C: Temperature [ITS-90, deg C]
# name 2 = t190C: Temperature, 2 [ITS-90, deg C]
# name 3 = c0S/m: Conductivity [S/m]
# name 4 = c1S/m: Conductivity, 2 [S/m]
# name 5 = sbeox0V: Oxygen raw, SBE 43 [V]
# name 6 = flECO-AFL: Fluorescence, WET Labs ECO-AFL/FL [mg/m^3]
# name 7 = turbWETntu0: Turbidity, WET Labs ECO [NTU]
# name 8 = sal00: Salinity, Practical [PSU]
# name 9 = spar: SPAR/Surface Irradiance
# name 10 = par: PAR/Irradiance, Biospherical/Licor
# name 11 = cpar: CPAR/Corrected Irradiance [%]
# name 12 = scan: Scan Count
# name 13 = nbf: Bottles Fired
# name 14 = flag:  0.000e+00
# interval = seconds: 0.0416667
# start_time = Aug 05 2017 20:24:20 [NMEA time, header]
# bad_flag = -9.990e-29
*END*
[from data line 97]
   1013.678     3.3485     3.3499   3.230895   3.230961     1.6887    -0.4133     0.3531    34.8604 1.8835e+00 1.0000e-12 5.3093e-11      55552          2  0.000e+00
    507.294     3.6137     3.6153   3.231827   3.234874     1.6017    -0.3938     0.3580    34.8556 1.8835e+00 1.0000e-12 5.3093e-11      69898          3  0.000e+00
    507.286     3.6137     3.6150   3.231833   3.234847     1.6005    -0.3938     0.3580    34.8557 1.8835e+00 1.0000e-12 5.3093e-11      69899          3  0.000e+00
    507.294     3.6139     3.6147   3.231845   3.234847     1.6005    -0.3938     0.3580    34.8556 1.8835e+00 1.0000e-12 5.3093e-11      69900          3  0.000e+00
    507.286     3.6139     3.6148   3.231845   3.234851     1.6005    -0.3938     0.3580    34.8556 0.0000e+00 1.0000e-12 9.9999e+04      69901          3  0.000e+00
    507.294     3.6135     3.6153   3.231845   3.234797     1.6005    -0.3938     0.3580    34.8560 1.8835e+00 1.0000e-12 5.3093e-11      69902          3  0.000e+00
    507.286     3.6137     3.6154   3.231839   3.234797     1.6005    -0.3743     0.3580    34.8557 1.8835e+00 1.0000e-12 5.3093e-11      69903          3  0.000e+00
    507.295     3.6139     3.6156   3.231827   3.234871     1.6005    -0.3938     0.3580    34.8553 1.8835e+00 1.0000e-12 5.3093e-11      69904          3  0.000e+00
    507.238     3.6135     3.6159   3.231815   3.234925     1.6005    -0.3938     0.3580    34.8556 1.8835e+00 1.0000e-12 5.3093e-11      69905          3  0.000e+00
    507.287     3.6137     3.6162   3.231833   3.234949     1.6005    -0.3938     0.3580    34.8557 1.8835e+00 1.0000e-12 5.3093e-11      69906          3  0.000e+00
    507.238     3.6137     3.6162   3.231845   3.234949     1.5993    -0.3938     0.3580    34.8558 0.0000e+00 1.0000e-12 9.9999e+04      69907          3  0.000e+00
    507.287     3.6137     3.6162   3.231845   3.234925     1.5993    -0.3938     0.3580    34.8558 1.8835e+00 1.0000e-12 5.3093e-11      69908          3  0.000e+00
    507.295     3.6137     3.6161   3.231827   3.234972     1.5993    -0.3938     0.3580    34.8556 3.7670e+00 1.0000e-12 2.6547e-11      69909          3  0.000e+00
    507.230     3.6137     3.6161   3.231839   3.234949     1.5993    -0.3938     0.3580    34.8558 5.6504e+00 1.0000e-12 1.7698e-11      69910          3  0.000e+00
    507.238     3.6136     3.6162   3.231845   3.234949     1.5993    -0.3938     0.3580    34.8559 0.0000e+00 1.0000e-12 9.9999e+04      69911          3  0.000e+00
    507.230     3.6135     3.6162   3.231827   3.234952     1.5981    -0.3938     0.3580    34.8558 1.8835e+00 1.0000e-12 5.3093e-11      69912          3  0.000e+00
    507.238     3.6137     3.6161   3.231839   3.234922     1.5981    -0.3938     0.3580    34.8558 1.8835e+00 1.0000e-12 5.3093e-11      69913          3  0.000e+00
    507.238     3.6135     3.6159   3.231821   3.234972     1.5981    -0.3938     0.3580    34.8557 1.8835e+00 1.0000e-12 5.3093e-11      69914          3  0.000e+00
    507.230     3.6137     3.6159   3.231857   3.234925     1.5981    -0.3938     0.3580    34.8560 1.8835e+00 1.0000e-12 5.3093e-11      69915          3  0.000e+00
    507.238     3.6135     3.6159   3.231839   3.235023     1.5981    -0.3938     0.3580    34.8559 1.8835e+00 1.0000e-12 5.3093e-11      69916          3  0.000e+00
    507.230     3.6135     3.6162   3.231857   3.234949     1.5981    -0.3938     0.3580    34.8562 1.8835e+00 1.0000e-12 5.3093e-11      69917          3  0.000e+00
    507.239     3.6138     3.6162   3.231827   3.234972     1.5981    -0.3938     0.3580    34.8555 1.8835e+00 1.0000e-12 5.3093e-11      69918          3  0.000e+00
    507.230     3.6134     3.6162   3.231857   3.234925     1.5981    -0.3938     0.3580    34.8563 1.8835e+00 1.0000e-12 5.3093e-11      69919          3  0.000e+00
    507.174     3.6135     3.6162   3.231875   3.234972     1.5968    -0.3938     0.3580    34.8564 3.7670e+00 1.0000e-12 2.6547e-11      69920          3  0.000e+00
    507.231     3.6135     3.6162   3.231851   3.234922     1.5968    -0.3938     0.3580    34.8561 1.8835e+00 1.0000e-12 5.3093e-11      69921          3  0.000e+00
    507.174     3.6135     3.6159   3.231827   3.234925     1.5968    -0.3938     0.3580    34.8558 1.8835e+00 1.0000e-12 5.3093e-11      69922          3  0.000e+00
    507.239     3.6135     3.6159   3.231881   3.234922     1.5968    -0.3938     0.3580    34.8564 1.8835e+00 1.0000e-12 5.3093e-11      69923          3  0.000e+00
    507.231     3.6134     3.6157   3.231857   3.234847     1.5956    -0.3938     0.3580    34.8563 1.8835e+00 1.0000e-12 5.3093e-11      69924          3  0.000e+00
    507.239     3.6135     3.6148   3.231839   3.234898     1.5968    -0.4133     0.3580    34.8559 3.7670e+00 1.0000e-12 2.6547e-11      69925          3  0.000e+00
    507.174     3.6134     3.6145   3.231863   3.234901     1.5956    -0.4133     0.3580    34.8564 1.8835e+00 1.0000e-12 5.3093e-11      69926          3  0.000e+00
    507.239     3.6134     3.6148   3.231851   3.234922     1.5968    -0.4133     0.3580    34.8562 0.0000e+00 1.0000e-12 9.9999e+04      69927          3  0.000e+00
    507.174     3.6137     3.6151   3.231887   3.234922     1.5956    -0.4133     0.3580    34.8564 1.8835e+00 1.0000e-12 5.3093e-11      69928          3  0.000e+00
    507.239     3.6135     3.6154   3.231863   3.234952     1.5956    -0.4133     0.3580    34.8562 1.8835e+00 1.0000e-12 5.3093e-11      69929          3  0.000e+00
    507.231     3.6135     3.6161   3.231863   3.234972     1.5956    -0.4133     0.3580    34.8562 1.8835e+00 1.0000e-12 5.3093e-11      69930          3  0.000e+00
    507.239     3.6138     3.6167   3.231851   3.234972     1.5956    -0.4133     0.3580    34.8558 1.8835e+00 1.0000e-12 5.3093e-11      69931          3  0.000e+00
    507.231     3.6135     3.6172   3.231887   3.235050     1.5956    -0.4133     0.3580    34.8565 1.8835e+00 1.0000e-12 5.3093e-11      69932          3  0.000e+00
    507.239     3.6132     3.6172   3.231887   3.235053     1.5944    -0.4133     0.3580    34.8568 1.8835e+00 1.0000e-12 5.3093e-11      69933          3  0.000e+00
    507.239     3.6135     3.6173   3.231875   3.235050     1.5944    -0.4133     0.3580    34.8564 0.0000e+00 1.0000e-12 9.9999e+04      69934          3  0.000e+00
    507.288     3.6135     3.6174   3.231893   3.235073     1.5944    -0.4133     0.3580    34.8566 1.8835e+00 1.0000e-12 5.3093e-11      69935          3  0.000e+00
    507.239     3.6135     3.6175   3.231887   3.235077     1.5944    -0.4133     0.3580    34.8565 1.8835e+00 1.0000e-12 5.3093e-11      69936          3  0.000e+00
    507.231     3.6134     3.6177   3.231875   3.235073     1.5956    -0.4133     0.3580    34.8565 1.8835e+00 1.0000e-12 5.3093e-11      69937          3  0.000e+00
    507.296     3.6134     3.6172   3.231893   3.235073     1.5944    -0.4133     0.3580    34.8567 1.8835e+00 1.0000e-12 5.3093e-11      69938          3  0.000e+00
    507.231     3.6135     3.6165   3.231887   3.235100     1.5944    -0.4133     0.3580    34.8565 1.8835e+00 1.0000e-12 5.3093e-11      69939          3  0.000e+00
    507.296     3.6135     3.6161   3.231887   3.235053     1.5932    -0.4133     0.3580    34.8565 1.8835e+00 1.0000e-12 5.3093e-11      69940          3  0.000e+00
    507.288     3.6137     3.6164   3.231881   3.235073     1.5944    -0.4133     0.3580    34.8563 1.8835e+00 1.0000e-12 5.3093e-11      69941          3  0.000e+00
    507.296     3.6137     3.6165   3.231875   3.235100     1.5944    -0.4133     0.3580    34.8562 0.0000e+00 1.0000e-12 9.9999e+04      69942          3  0.000e+00
    507.296     3.6137     3.6164   3.231887   3.235053     1.5932    -0.4133     0.3580    34.8563 1.8835e+00 1.0000e-12 5.3093e-11      69943          3  0.000e+00
    507.288     3.6137     3.6164   3.231900   3.235023     1.5932    -0.4133     0.3580    34.8565 0.0000e+00 1.0000e-12 9.9999e+04      69944          3  0.000e+00
    507.361     3.6138     3.6162   3.231863   3.234999     1.5932    -0.4133     0.3580    34.8559 1.8835e+00 1.0000e-12 5.3093e-11      69945          3  0.000e+00
    507.288     3.6139     3.6156   3.231900   3.234949     1.5932    -0.4133     0.3580    34.8563 1.8835e+00 1.0000e-12 5.3093e-11      69946          3  0.000e+00
    487.349     3.6070     3.6088   3.233052   3.233275     1.6738    -0.3743     0.3580    34.8881 1.8835e+00 1.0000e-12 5.3093e-11      72288          4  0.000e+00
    487.349     3.6069     3.6086   3.233070   3.233302     1.6726    -0.3743     0.3580    34.8885 1.8835e+00 1.0000e-12 5.3093e-11      72289          4  0.000e+00
    487.236     3.6069     3.6088   3.233058   3.233298     1.6726    -0.3743     0.3580    34.8884 1.8835e+00 1.0000e-12 5.3093e-11      72290          4  0.000e+00
    487.292     3.6070     3.6086   3.233052   3.233275     1.6726    -0.3743     0.3580    34.8881 3.7670e+00 1.0000e-12 2.6547e-11      72291          4  0.000e+00
    487.470     3.6070     3.6086   3.233052   3.233298     1.6726    -0.3743     0.3580    34.8881 1.8835e+00 1.0000e-12 5.3093e-11      72292          4  0.000e+00
    487.236     3.6069     3.6086   3.233070   3.233302     1.6726    -0.3743     0.3580    34.8885 1.8835e+00 1.0000e-12 5.3093e-11      72293          4  0.000e+00
    487.349     3.6069     3.6086   3.233064   3.233275     1.6726    -0.3743     0.3580    34.8884 1.8835e+00 1.0000e-12 5.3093e-11      72294          4  0.000e+00
    487.349     3.6070     3.6088   3.233052   3.233325     1.6726    -0.3743     0.3580    34.8881 0.0000e+00 1.0000e-12 9.9999e+04      72295          4  0.000e+00
    487.292     3.6069     3.6088   3.233052   3.233325     1.6714    -0.3743     0.3580    34.8883 1.8835e+00 1.0000e-12 5.3093e-11      72296          4  0.000e+00
    487.236     3.6070     3.6086   3.233028   3.233302     1.6714    -0.3743     0.3580    34.8878 3.7670e+00 1.0000e-12 2.6547e-11      72297          4  0.000e+00
    487.478     3.6069     3.6086   3.233040   3.233275     1.6714    -0.3743     0.3580    34.8880 1.8835e+00 1.0000e-12 5.3093e-11      72298          4  0.000e+00
    487.236     3.6070     3.6086   3.233052   3.233302     1.6714    -0.3938     0.3580    34.8881 1.8835e+00 1.0000e-12 5.3093e-11      72299          4  0.000e+00
    487.349     3.6068     3.6086   3.233046   3.233275     1.6714    -0.3938     0.3580    34.8882 0.0000e+00 1.0000e-12 9.9999e+04      72300          4  0.000e+00
    487.349     3.6069     3.6088   3.233052   3.233298     1.6701    -0.3938     0.3580    34.8882 0.0000e+00 1.0000e-12 9.9999e+04      72301          4  0.000e+00
    487.293     3.6069     3.6088   3.233034   3.233302     1.6701    -0.3938     0.3580    34.8880 3.7670e+00 1.0000e-12 2.6547e-11      72302          4  0.000e+00
    487.349     3.6069     3.6086   3.233058   3.233275     1.6701    -0.3938     0.3580    34.8883 1.8835e+00 1.0000e-12 5.3093e-11      72303          4  0.000e+00
    487.293     3.6069     3.6088   3.233040   3.233275     1.6689    -0.3938     0.3580    34.8881 1.8835e+00 1.0000e-12 5.3093e-11      72304          4  0.000e+00
    487.293     3.6069     3.6086   3.233040   3.233325     1.6689    -0.3938     0.3580    34.8881 0.0000e+00 1.0000e-12 9.9999e+04      72305          4  0.000e+00
    487.349     3.6069     3.6088   3.233070   3.233248     1.6689    -0.3938     0.3580    34.8885 3.7670e+00 1.0000e-12 2.6547e-11      72306          4  0.000e+00
    487.293     3.6070     3.6084   3.233058   3.233325     1.6689    -0.3938     0.3580    34.8882 3.7670e+00 1.0000e-12 2.6547e-11      72307          4  0.000e+00
    487.293     3.6068     3.6088   3.233046   3.233302     1.6689    -0.3743     0.3580    34.8882 1.8835e+00 1.0000e-12 5.3093e-11      72308          4  0.000e+00
    487.350     3.6069     3.6088   3.233070   3.233275     1.6689    -0.3938     0.3580    34.8885 1.8835e+00 1.0000e-12 5.3093e-11      72309          4  0.000e+00
    487.293     3.6069     3.6086   3.233082   3.233302     1.6689    -0.3938     0.3580    34.8886 1.8835e+00 1.0000e-12 5.3093e-11      72310          4  0.000e+00
    487.293     3.6069     3.6086   3.233058   3.233325     1.6689    -0.3938     0.3580    34.8883 1.8835e+00 1.0000e-12 5.3093e-11      72311          4  0.000e+00
    487.293     3.6069     3.6088   3.233052   3.233275     1.6689    -0.3938     0.3580    34.8883 1.8835e+00 1.0000e-12 5.3093e-11      72312          4  0.000e+00
    487.293     3.6069     3.6088   3.233070   3.233302     1.6689    -0.3938     0.3580    34.8885 0.0000e+00 1.0000e-12 9.9999e+04      72313          4  0.000e+00
    487.293     3.6069     3.6088   3.233058   3.233275     1.6689    -0.3938     0.3580    34.8883 0.0000e+00 1.0000e-12 9.9999e+04      72314          4  0.000e+00
    487.293     3.6067     3.6088   3.233046   3.233302     1.6677    -0.3938     0.3580    34.8884 1.8835e+00 1.0000e-12 5.3093e-11      72315          4  0.000e+00
    487.293     3.6070     3.6088   3.233070   3.233302     1.6677    -0.3938     0.3580    34.8884 0.0000e+00 1.0000e-12 9.9999e+04      72316          4  0.000e+00
    487.293     3.6067     3.6088   3.233082   3.233275     1.6665    -0.3938     0.3580    34.8888 1.8835e+00 1.0000e-12 5.3093e-11      72317          4  0.000e+00
    487.293     3.6070     3.6086   3.233058   3.233302     1.6665    -0.3938     0.3580    34.8882 1.8835e+00 1.0000e-12 5.3093e-11      72318          4  0.000e+00
    487.293     3.6069     3.6086   3.233052   3.233302     1.6665    -0.3938     0.3580    34.8883 1.8835e+00 1.0000e-12 5.3093e-11      72319          4  0.000e+00
    487.302     3.6069     3.6088   3.233070   3.233275     1.6665    -0.3938     0.3580    34.8885 0.0000e+00 1.0000e-12 9.9999e+04      72320          4  0.000e+00
    487.294     3.6069     3.6088   3.233058   3.233302     1.6665    -0.3938     0.3580    34.8883 3.7670e+00 1.0000e-12 2.6547e-11      72321          4  0.000e+00
    487.294     3.6067     3.6088   3.233070   3.233298     1.6665    -0.3938     0.3580    34.8887 1.8835e+00 1.0000e-12 5.3093e-11      72322          4  0.000e+00
    487.294     3.6067     3.6086   3.233040   3.233275     1.6665    -0.3938     0.3580    34.8883 1.8835e+00 1.0000e-12 5.3093e-11      72323          4  0.000e+00
    487.294     3.6068     3.6089   3.233040   3.233325     1.6665    -0.3938     0.3580    34.8882 0.0000e+00 1.0000e-12 9.9999e+04      72324          4  0.000e+00
    487.294     3.6069     3.6088   3.233046   3.233275     1.6652    -0.3938     0.3580    34.8882 1.8835e+00 1.0000e-12 5.3093e-11      72325          4  0.000e+00
    487.294     3.6069     3.6089   3.233052   3.233325     1.6652    -0.3938     0.3580    34.8883 1.8835e+00 1.0000e-12 5.3093e-11      72326          4  0.000e+00
    487.294     3.6067     3.6090   3.233052   3.233352     1.6652    -0.3938     0.3580    34.8885 1.8835e+00 1.0000e-12 5.3093e-11      72327          4  0.000e+00
    487.294     3.6069     3.6088   3.233070   3.233298     1.6640    -0.3938     0.3580    34.8885 1.8835e+00 1.0000e-12 5.3093e-11      72328          4  0.000e+00
    487.294     3.6070     3.6090   3.233058   3.233275     1.6640    -0.3743     0.3580    34.8882 0.0000e+00 1.0000e-12 9.9999e+04      72329          4  0.000e+00
    487.294     3.6067     3.6086   3.233070   3.233352     1.6640    -0.3938     0.3629    34.8887 1.8835e+00 1.0000e-12 5.3093e-11      72330          4  0.000e+00
    487.350     3.6067     3.6088   3.233058   3.233298     1.6640    -0.3743     0.3580    34.8885 1.8835e+00 1.0000e-12 5.3093e-11      72331          4  0.000e+00
    487.294     3.6070     3.6088   3.233046   3.233325     1.6640    -0.3938     0.3580    34.8881 3.7670e+00 1.0000e-12 2.6547e-11      72332          4  0.000e+00
