Ship_data/Irminger/Irminger-4/ctd/process/ar21_012.ros
* Sea-Bird SBE 9 Data File:
* FileName = D:\Data\AR21_012.hdr
* Software Version Seasave V 7.23.2
* Temperature SN = 4155
* Conductivity SN = 2645
* Number of Bytes Per Scan = 40
* Number of Voltage Words = 5
* Number of Scans Averaged by the Deck Unit = 1
* NMEA Latitude = 59 51.21 N
* NMEA Longitude = 039 07.69 W
* NMEA UTC (Time) = Aug 09 2017  13:01:16
# nquan = 15
# nvalues = 588                                   
# units = specified
# name 0 = prDM: Pressure, Digiquartz [db]
# name 1 = t090C: Temperature [ITS-90, deg C]
# name 2 = t190C: Temperature, 2 [ITS-90, deg C]
# name 3 = c0S/m: Conductivity [S/m]
# name 4 = c1S/m: Conductivity, 2 [S/m]
# name 5 = sbeox0V: Oxygen raw, SBE 43 [V]
# name 6 = flECO-AFL: Fluorescence, WET Labs ECO-AFL/FL [mg/m^3]
# name 7 = turbWETntu0: Turbidity, WET Labs ECO [NTU]
# name 8 = sal00: Salinity, Practical [PSU]
# name 9 = spar: SPAR/Surface Irradiance
# name 10 = par: PAR/Irradiance, Biospherical/Licor
# name 11 = cpar: CPAR/Corrected Irradiance [%]
# name 12 = scan: Scan Count
# name 13 = nbf: Bottles Fired
# name 14 = flag:  0.000e+00
# interval = seconds: 0.0416667
# start_time = Aug 09 2017 13:01:16 [NMEA time, header]
# bad_flag = -9.990e-29
*END*
[from data line 97]
   1013.031     3.3916     3.3933   3.235249   3.235158     1.9641    -0.3938     0.3531    34.8671 1.8835e+00 1.0000e-12 5.3093e-11      30812          2  0.000e+00
    810.075     3.5223     3.5238   3.239390   3.239263     2.0033    -0.3743     0.3531    34.8832 0.0000e+00 1.0000e-12 9.9999e+04      37592          3  0.000e+00
    810.059     3.5218     3.5239   3.239408   3.239314     2.0033    -0.3743     0.3531    34.8840 0.0000e+00 1.0000e-12 9.9999e+04      37593          3  0.000e+00
    809.954     3.5221     3.5238   3.239408   3.239280     2.0033    -0.3547     0.3580    34.8837 0.0000e+00 1.0000e-12 9.9999e+04      37594          3  0.000e+00
    810.059     3.5219     3.5239   3.239414   3.239314     2.0033    -0.3743     0.3531    34.8839 0.0000e+00 1.0000e-12 9.9999e+04      37595          3  0.000e+00
    810.076     3.5218     3.5239   3.239408   3.239314     2.0033    -0.3743     0.3580    34.8839 0.0000e+00 1.0000e-12 9.9999e+04      37596          3  0.000e+00
    810.019     3.5218     3.5238   3.239414   3.239290     2.0033    -0.3743     0.3531    34.8840 0.0000e+00 1.0000e-12 9.9999e+04      37597          3  0.000e+00
    810.124     3.5220     3.5238   3.239378   3.239341     2.0033    -0.3743     0.3580    34.8834 1.8835e+00 1.0000e-12 5.3093e-11      37598          3  0.000e+00
    810.076     3.5218     3.5236   3.239360   3.239263     2.0045    -0.3743     0.3531    34.8834 0.0000e+00 1.0000e-12 9.9999e+04      37599          3  0.000e+00
    810.124     3.5217     3.5238   3.239384   3.239290     2.0033    -0.3743     0.3531    34.8838 0.0000e+00 1.0000e-12 9.9999e+04      37600          3  0.000e+00
    810.019     3.5218     3.5236   3.239396   3.239314     2.0045    -0.3743     0.3531    34.8839 0.0000e+00 1.0000e-12 9.9999e+04      37601          3  0.000e+00
    810.124     3.5218     3.5234   3.239396   3.239263     2.0033    -0.3743     0.3580    34.8838 0.0000e+00 1.0000e-12 9.9999e+04      37602          3  0.000e+00
    810.141     3.5218     3.5235   3.239396   3.239263     2.0033    -0.3743     0.3580    34.8838 1.8835e+00 1.0000e-12 5.3093e-11      37603          3  0.000e+00
    810.125     3.5218     3.5235   3.239396   3.239290     2.0033    -0.3743     0.3531    34.8838 0.0000e+00 1.0000e-12 9.9999e+04      37604          3  0.000e+00
    810.076     3.5218     3.5236   3.239414   3.239314     2.0033    -0.3743     0.3531    34.8840 0.0000e+00 1.0000e-12 9.9999e+04      37605          3  0.000e+00
    810.141     3.5218     3.5234   3.239408   3.239307     2.0045    -0.3743     0.3531    34.8839 0.0000e+00 1.0000e-12 9.9999e+04      37606          3  0.000e+00
    810.182     3.5218     3.5238   3.239414   3.239314     2.0033    -0.3743     0.3482    34.8840 0.0000e+00 1.0000e-12 9.9999e+04      37607          3  0.000e+00
    810.141     3.5216     3.5235   3.239420   3.239263     2.0033    -0.3743     0.3482    34.8843 0.0000e+00 1.0000e-12 9.9999e+04      37608          3  0.000e+00
    810.182     3.5220     3.5236   3.239408   3.239314     2.0033    -0.3743     0.3482    34.8837 0.0000e+00 1.0000e-12 9.9999e+04      37609          3  0.000e+00
    810.141     3.5218     3.5236   3.239378   3.239263     2.0045    -0.3743     0.3482    34.8835 0.0000e+00 1.0000e-12 9.9999e+04      37610          3  0.000e+00
    810.182     3.5218     3.5235   3.239384   3.239263     2.0033    -0.3743     0.3482    34.8836 0.0000e+00 1.0000e-12 9.9999e+04      37611          3  0.000e+00
    810.263     3.5218     3.5236   3.239414   3.239290     2.0045    -0.3743     0.3531    34.8839 1.8835e+00 1.0000e-12 5.3093e-11      37612          3  0.000e+00
    810.125     3.5218     3.5235   3.239426   3.239263     2.0033    -0.3743     0.3482    34.8841 1.8835e+00 1.0000e-12 5.3093e-11      37613          3  0.000e+00
    810.263     3.5218     3.5233   3.239408   3.239314     2.0045    -0.3743     0.3482    34.8839 0.0000e+00 1.0000e-12 9.9999e+04      37614          3  0.000e+00
    810.198     3.5220     3.5236   3.239414   3.239290     2.0033    -0.3743     0.3531    34.8838 1.8835e+00 1.0000e-12 5.3093e-11      37615          3  0.000e+00
    810.247     3.5218     3.5233   3.239426   3.239314     2.0033    -0.3743     0.3531    34.8841 0.0000e+00 1.0000e-12 9.9999e+04      37616          3  0.000e+00
    810.198     3.5218     3.5233   3.239445   3.239314     2.0045    -0.3743     0.3482    34.8843 0.0000e+00 1.0000e-12 9.9999e+04      37617          3  0.000e+00
    810.247     3.5217     3.5236   3.239439   3.239290     2.0045    -0.3743     0.3482    34.8844 0.0000e+00 1.0000e-12 9.9999e+04      37618          3  0.000e+00
    810.263     3.5218     3.5238   3.239384   3.239331     2.0045    -0.3743     0.3531    34.8836 0.0000e+00 1.0000e-12 9.9999e+04      37619          3  0.000e+00
    810.304     3.5218     3.5235   3.239408   3.239290     2.0045    -0.3743     0.3482    34.8838 0.0000e+00 1.0000e-12 9.9999e+04      37620          3  0.000e+00
    810.263     3.5218     3.5236   3.239408   3.239314     2.0033    -0.3743     0.3482    34.8839 0.0000e+00 1.0000e-12 9.9999e+04      37621          3  0.000e+00
    810.263     3.5218     3.5238   3.239396   3.239314     2.0033    -0.3743     0.3482    34.8837 1.8835e+00 1.0000e-12 5.3093e-11      37622          3  0.000e+00
    810.304     3.5218     3.5236   3.239378   3.239290     2.0033    -0.3743     0.3531    34.8835 1.8835e+00 1.0000e-12 5.3093e-11      37623          3  0.000e+00
    810.320     3.5220     3.5236   3.239402   3.239314     2.0045    -0.3743     0.3482    34.8836 0.0000e+00 1.0000e-12 9.9999e+04      37624          3  0.000e+00
    810.304     3.5217     3.5236   3.239402   3.239314     2.0045    -0.3743     0.3482    34.8839 0.0000e+00 1.0000e-12 9.9999e+04      37625          3  0.000e+00
    810.320     3.5218     3.5236   3.239414   3.239314     2.0045    -0.3743     0.3531    34.8839 0.0000e+00 1.0000e-12 9.9999e+04      37626          3  0.000e+00
    810.304     3.5216     3.5236   3.239384   3.239314     2.0045    -0.3743     0.3482    34.8837 0.0000e+00 1.0000e-12 9.9999e+04      37627          3  0.000e+00
    810.320     3.5217     3.5235   3.239384   3.239314     2.0033    -0.3743     0.3482    34.8837 0.0000e+00 1.0000e-12 9.9999e+04      37628          3  0.000e+00
    810.361     3.5217     3.5236   3.239396   3.239314     2.0033    -0.3743     0.3531    34.8838 0.0000e+00 1.0000e-12 9.9999e+04      37629          3  0.000e+00
    810.321     3.5217     3.5236   3.239378   3.239314     2.0045    -0.3743     0.3482    34.8836 0.0000e+00 1.0000e-12 9.9999e+04      37630          3  0.000e+00
    810.321     3.5217     3.5235   3.239408   3.239280     2.0045    -0.3743     0.3482    34.8840 0.0000e+00 1.0000e-12 9.9999e+04      37631          3  0.000e+00
    810.361     3.5217     3.5236   3.239384   3.239290     2.0045    -0.3743     0.3482    34.8837 0.0000e+00 1.0000e-12 9.9999e+04      37632          3  0.000e+00
    810.321     3.5215     3.5235   3.239366   3.239314     2.0045    -0.3743     0.3482    34.8837 0.0000e+00 1.0000e-12 9.9999e+04      37633          3  0.000e+00
    810.426     3.5215     3.5234   3.239360   3.239290     2.0045    -0.3547     0.3531    34.8835 0.0000e+00 1.0000e-12 9.9999e+04      37634          3  0.000e+00
    810.321     3.5215     3.5233   3.239366   3.239290     2.0045    -0.3547     0.3531    34.8836 0.0000e+00 1.0000e-12 9.9999e+04      37635          3  0.000e+00
    810.426     3.5215     3.5235   3.239366   3.239290     2.0033    -0.3743     0.3482    34.8836 0.0000e+00 1.0000e-12 9.9999e+04      37636          3  0.000e+00
    810.264     3.5213     3.5233   3.239366   3.239263     2.0045    -0.3743     0.3482    34.8839 0.0000e+00 1.0000e-12 9.9999e+04      37637          3  0.000e+00
    810.508     3.5215     3.5236   3.239348   3.239290     2.0033    -0.3743     0.3482    34.8833 0.0000e+00 1.0000e-12 9.9999e+04      37638          3  0.000e+00
    810.361     3.5213     3.5235   3.239335   3.239263     2.0045    -0.3743     0.3482    34.8835 1.8835e+00 1.0000e-12 5.3093e-11      37639          3  0.000e+00
    810.386     3.5213     3.5233   3.239354   3.239290     2.0033    -0.3743     0.3531    34.8837 0.0000e+00 1.0000e-12 9.9999e+04      37640          3  0.000e+00
    810.203     3.5210     3.5236   3.239299   3.239314     2.0033    -0.3938     0.3482    34.8835 0.0000e+00 1.0000e-12 9.9999e+04      37769          4  0.000e+00
    810.252     3.5210     3.5233   3.239317   3.239314     2.0033    -0.3938     0.3482    34.8836 1.8835e+00 1.0000e-12 5.3093e-11      37770          4  0.000e+00
    810.203     3.5209     3.5230   3.239317   3.239263     2.0033    -0.3938     0.3531    34.8838 1.8835e+00 1.0000e-12 5.3093e-11      37771          4  0.000e+00
    810.268     3.5207     3.5228   3.239293   3.239263     2.0045    -0.3938     0.3482    34.8837 1.8835e+00 1.0000e-12 5.3093e-11      37772          4  0.000e+00
    810.309     3.5207     3.5227   3.239317   3.239240     2.0045    -0.3938     0.3482    34.8839 1.8835e+00 1.0000e-12 5.3093e-11      37773          4  0.000e+00
    810.268     3.5207     3.5225   3.239311   3.239213     2.0033    -0.3938     0.3482    34.8839 0.0000e+00 1.0000e-12 9.9999e+04      37774          4  0.000e+00
    810.365     3.5205     3.5225   3.239305   3.239129     2.0033    -0.3938     0.3482    34.8840 1.8835e+00 1.0000e-12 5.3093e-11      37775          4  0.000e+00
    810.325     3.5207     3.5222   3.239311   3.239162     2.0045    -0.3938     0.3531    34.8839 1.8835e+00 1.0000e-12 5.3093e-11      37776          4  0.000e+00
    810.430     3.5205     3.5225   3.239293   3.239189     2.0045    -0.3938     0.3531    34.8838 0.0000e+00 1.0000e-12 9.9999e+04      37777          4  0.000e+00
    810.390     3.5207     3.5222   3.239299   3.239189     2.0033    -0.3938     0.3580    34.8837 1.8835e+00 1.0000e-12 5.3093e-11      37778          4  0.000e+00
    810.390     3.5205     3.5223   3.239311   3.239189     2.0033    -0.3938     0.3580    34.8840 0.0000e+00 1.0000e-12 9.9999e+04      37779          4  0.000e+00
    810.487     3.5205     3.5225   3.239293   3.239213     2.0045    -0.3743     0.3531    34.8837 0.0000e+00 1.0000e-12 9.9999e+04      37780          4  0.000e+00
    810.447     3.5203     3.5225   3.239299   3.239240     2.0033    -0.3938     0.3531    34.8840 0.0000e+00 1.0000e-12 9.9999e+04      37781          4  0.000e+00
    810.487     3.5204     3.5223   3.239257   3.239213     2.0033    -0.3938     0.3531    34.8834 0.0000e+00 1.0000e-12 9.9999e+04      37782          4  0.000e+00
    810.447     3.5204     3.5222   3.239269   3.239139     2.0045    -0.3938     0.3531    34.8836 0.0000e+00 1.0000e-12 9.9999e+04      37783          4  0.000e+00
    810.552     3.5202     3.5220   3.239281   3.239162     2.0033    -0.3938     0.3531    34.8839 1.8835e+00 1.0000e-12 5.3093e-11      37784          4  0.000e+00
    810.569     3.5201     3.5219   3.239281   3.239162     2.0045    -0.3938     0.3531    34.8840 1.8835e+00 1.0000e-12 5.3093e-11      37785          4  0.000e+00
    810.553     3.5199     3.5220   3.239238   3.239139     2.0045    -0.3743     0.3531    34.8837 0.0000e+00 1.0000e-12 9.9999e+04      37786          4  0.000e+00
    810.626     3.5200     3.5219   3.239220   3.239156     2.0033    -0.3938     0.3531    34.8833 1.8835e+00 1.0000e-12 5.3093e-11      37787          4  0.000e+00
    810.569     3.5199     3.5220   3.239238   3.239139     2.0045    -0.3938     0.3531    34.8837 0.0000e+00 1.0000e-12 9.9999e+04      37788          4  0.000e+00
    810.674     3.5196     3.5219   3.239232   3.239162     2.0045    -0.3938     0.3531    34.8839 0.0000e+00 1.0000e-12 9.9999e+04      37789          4  0.000e+00
    810.626     3.5197     3.5220   3.239202   3.239162     2.0033    -0.3938     0.3531    34.8834 0.0000e+00 1.0000e-12 9.9999e+04      37790          4  0.000e+00
    810.674     3.5196     3.5219   3.239226   3.239162     2.0045    -0.3938     0.3531    34.8838 0.0000e+00 1.0000e-12 9.9999e+04      37791          4  0.000e+00
    810.691     3.5196     3.5219   3.239226   3.239162     2.0033    -0.3938     0.3531    34.8838 0.0000e+00 1.0000e-12 9.9999e+04      37792          4  0.000e+00
    810.731     3.5194     3.5219   3.239202   3.239162     2.0033    -0.3938     0.3531    34.8837 0.0000e+00 1.0000e-12 9.9999e+04      37793          4  0.000e+00
    810.691     3.5197     3.5218   3.239232   3.239162     2.0033    -0.3938     0.3580    34.8838 0.0000e+00 1.0000e-12 9.9999e+04      37794          4  0.000e+00
    810.813     3.5197     3.5219   3.239251   3.239189     2.0033    -0.3938     0.3531    34.8839 0.0000e+00 1.0000e-12 9.9999e+04      37795          4  0.000e+00
    810.731     3.5197     3.5215   3.239232   3.239112     2.0033    -0.3938     0.3531    34.8837 1.8835e+00 1.0000e-12 5.3093e-11      37796          4  0.000e+00
    810.748     3.5196     3.5215   3.239220   3.239139     2.0045    -0.3938     0.3531    34.8837 0.0000e+00 1.0000e-12 9.9999e+04      37797          4  0.000e+00
    810.853     3.5199     3.5215   3.239220   3.239156     2.0045    -0.3938     0.3531    34.8833 0.0000e+00 1.0000e-12 9.9999e+04      37798          4  0.000e+00
    810.748     3.5199     3.5215   3.239257   3.239139     2.0045    -0.3938     0.3531    34.8838 0.0000e+00 1.0000e-12 9.9999e+04      37799          4  0.000e+00
    810.853     3.5202     3.5214   3.239299   3.239139     2.0045    -0.3743     0.3531    34.8840 0.0000e+00 1.0000e-12 9.9999e+04      37800          4  0.000e+00
    810.626     3.5201     3.5212   3.239269   3.239112     2.0045    -0.3743     0.3531    34.8838 0.0000e+00 1.0000e-12 9.9999e+04      37801          4  0.000e+00
    811.056     3.5199     3.5215   3.239269   3.239139     2.0033    -0.3547     0.3531    34.8838 0.0000e+00 1.0000e-12 9.9999e+04      37802          4  0.000e+00
    810.918     3.5201     3.5215   3.239263   3.239112     2.0033    -0.3743     0.3531    34.8836 0.0000e+00 1.0000e-12 9.9999e+04      37803          4  0.000e+00
    810.870     3.5197     3.5215   3.239251   3.239139     2.0045    -0.3743     0.3580    34.8839 0.0000e+00 1.0000e-12 9.9999e+04      37804          4  0.000e+00
    810.854     3.5197     3.5214   3.239208   3.239112     2.0033    -0.3547     0.3531    34.8834 0.0000e+00 1.0000e-12 9.9999e+04      37805          4  0.000e+00
    810.870     3.5198     3.5215   3.239232   3.239139     2.0033    -0.3743     0.3531    34.8835 0.0000e+00 1.0000e-12 9.9999e+04      37806          4  0.000e+00
    810.935     3.5199     3.5217   3.239251   3.239139     2.0033    -0.3743     0.3531    34.8837 0.0000e+00 1.0000e-12 9.9999e+04      37807          4  0.000e+00
    810.919     3.5197     3.5215   3.239245   3.239112     2.0033    -0.3743     0.3531    34.8838 0.0000e+00 1.0000e-12 9.9999e+04      37808          4  0.000e+00
    810.935     3.5199     3.5214   3.239226   3.239129     2.0045    -0.3743     0.3531    34.8834 1.8835e+00 1.0000e-12 5.3093e-11      37809          4  0.000e+00
    810.919     3.5199     3.5217   3.239220   3.239139     2.0033    -0.3547     0.3531    34.8833 1.8835e+00 1.0000e-12 5.3093e-11      37810          4  0.000e+00
    810.935     3.5196     3.5215   3.239239   3.239139     2.0033    -0.3743     0.3531    34.8838 1.8835e+00 1.0000e-12 5.3093e-11      37811          4  0.000e+00
    810.919     3.5198     3.5215   3.239232   3.239139     2.0033    -0.3743     0.3580    34.8835 0.0000e+00 1.0000e-12 9.9999e+04      37812          4  0.000e+00
    810.935     3.5199     3.5215   3.239220   3.239112     2.0033    -0.3547     0.3531    34.8833 1.8835e+00 1.0000e-12 5.3093e-11      37813          4  0.000e+00
