Ship_data/Irminger/Irminger-4/ctd/process/ar21_008.ros
* Sea-Bird SBE 9 Data File:
* FileName = D:\Data\AR21_008.hdr
* Software Version Seasave V 7.23.2
* Temperature SN = 4155
* Conductivity SN = 2645
* Number of Bytes Per Scan = 40
* Number of Voltage Words = 5
* Number of Scans Averaged by the Deck Unit = 1
* NMEA Latitude = 59 58.25 N
* NMEA Longitude = 039 30.62 W
* NMEA UTC (Time) = Aug 06 2017  14:47:54
# nquan = 15
# nvalues = 588                                   
# units = specified
# name 0 = prDM: Pressure, Digiquartz [db]
# name 1 = t090C: Temperature [ITS-90, deg C]
# name 2 = t190C: Temperature, 2 [ITS-90, deg C]
# name 3 = c0S/m: Conductivity [S/m]
# name 4 = c1S/m: Conductivity, 2 [S/m]
# name 5 = sbeox0V: Oxygen raw, SBE 43 [V]
# name 6 = flECO-AFL: Fluorescence, WET Labs ECO-AFL/FL [mg/m^3]
# name 7 = turbWETntu0: Turbidity, WET Labs ECO [NTU]
# name 8 = sal00: Salinity, Practical [PSU]
# name 9 = spar: SPAR/Surface Irradiance
# name 10 = par: PAR/Irradiance, Biospherical/Licor
# name 11 = cpar: CPAR/Corrected Irradiance [%]
# name 12 = scan: Scan Count
# name 13 = nbf: Bottles Fired
# name 14 = flag:  0.000e+00
# interval = seconds: 0.0416667
# start_time = Aug 06 2017 14:47:54 [NMEA time, header]
# bad_flag = -9.990e-29
*END*
[from data line 193]
   1828.079     3.3421     3.3455   3.265966   3.270399     1.4862    -0.3938     0.3433    34.8781 1.8835e+00 1.0000e-12 5.3093e-11      94808          4  0.000e+00
   1828.112     3.3420     3.3456   3.265984   3.270399     1.4849    -0.3938     0.3482    34.8785 0.0000e+00 1.0000e-12 9.9999e+04      94809          4  0.000e+00
   1828.079     3.3419     3.3456   3.265984   3.270426     1.4849    -0.3938     0.3482    34.8786 0.0000e+00 1.0000e-12 9.9999e+04      94810          4  0.000e+00
   1523.511     3.5861     3.5893   3.278067   3.279006     1.5141    -0.3938     0.3482    34.9134 1.8835e+00 1.0000e-12 5.3093e-11     103781          5  0.000e+00
   1523.511     3.5861     3.5891   3.278067   3.278955     1.5141    -0.3938     0.3482    34.9134 0.0000e+00 1.0000e-12 9.9999e+04     103782          5  0.000e+00
   1523.511     3.5861     3.5891   3.278036   3.279009     1.5141    -0.3938     0.3482    34.9130 1.8835e+00 1.0000e-12 5.3093e-11     103783          5  0.000e+00
   1523.634     3.5861     3.5893   3.278067   3.278955     1.5141    -0.3938     0.3482    34.9133 0.0000e+00 1.0000e-12 9.9999e+04     103784          5  0.000e+00
   1523.577     3.5861     3.5891   3.278067   3.278955     1.5141    -0.3938     0.3531    34.9134 0.0000e+00 1.0000e-12 9.9999e+04     103785          5  0.000e+00
   1523.577     3.5863     3.5893   3.278055   3.278982     1.5141    -0.3938     0.3482    34.9130 1.8835e+00 1.0000e-12 5.3093e-11     103786          5  0.000e+00
   1523.634     3.5861     3.5891   3.278055   3.278982     1.5141    -0.3938     0.3482    34.9132 0.0000e+00 1.0000e-12 9.9999e+04     103787          5  0.000e+00
   1523.577     3.5864     3.5893   3.278055   3.278982     1.5128    -0.3938     0.3482    34.9128 0.0000e+00 1.0000e-12 9.9999e+04     103788          5  0.000e+00
   1523.634     3.5863     3.5888   3.278012   3.278982     1.5128    -0.3938     0.3531    34.9125 1.8835e+00 1.0000e-12 5.3093e-11     103789          5  0.000e+00
   1523.635     3.5863     3.5889   3.278061   3.278931     1.5128    -0.3938     0.3482    34.9130 1.8835e+00 1.0000e-12 5.3093e-11     103790          5  0.000e+00
   1523.635     3.5863     3.5891   3.278067   3.278955     1.5128    -0.3938     0.3531    34.9131 0.0000e+00 1.0000e-12 9.9999e+04     103791          5  0.000e+00
   1523.635     3.5864     3.5891   3.278012   3.278982     1.5116    -0.3938     0.3482    34.9123 0.0000e+00 1.0000e-12 9.9999e+04     103792          5  0.000e+00
   1523.700     3.5864     3.5891   3.278037   3.278982     1.5116    -0.3938     0.3531    34.9126 0.0000e+00 1.0000e-12 9.9999e+04     103793          5  0.000e+00
   1523.635     3.5864     3.5896   3.278073   3.279033     1.5116    -0.3938     0.3482    34.9130 0.0000e+00 1.0000e-12 9.9999e+04     103794          5  0.000e+00
   1523.700     3.5864     3.5894   3.278085   3.279033     1.5116    -0.3938     0.3482    34.9131 0.0000e+00 1.0000e-12 9.9999e+04     103795          5  0.000e+00
   1523.700     3.5864     3.5896   3.278067   3.279033     1.5116    -0.3938     0.3482    34.9129 1.8835e+00 1.0000e-12 5.3093e-11     103796          5  0.000e+00
   1523.700     3.5864     3.5896   3.278037   3.279006     1.5116    -0.3938     0.3482    34.9126 0.0000e+00 1.0000e-12 9.9999e+04     103797          5  0.000e+00
   1523.700     3.5862     3.5896   3.278043   3.279056     1.5116    -0.3938     0.3482    34.9129 0.0000e+00 1.0000e-12 9.9999e+04     103798          5  0.000e+00
   1523.701     3.5864     3.5897   3.278055   3.279033     1.5104    -0.3938     0.3482    34.9128 0.0000e+00 1.0000e-12 9.9999e+04     103799          5  0.000e+00
   1523.701     3.5866     3.5896   3.278037   3.279033     1.5104    -0.3938     0.3482    34.9124 0.0000e+00 1.0000e-12 9.9999e+04     103800          5  0.000e+00
   1523.701     3.5867     3.5897   3.278024   3.279056     1.5104    -0.3938     0.3531    34.9121 0.0000e+00 1.0000e-12 9.9999e+04     103801          5  0.000e+00
   1523.758     3.5866     3.5896   3.278049   3.279033     1.5104    -0.3938     0.3482    34.9125 1.8835e+00 1.0000e-12 5.3093e-11     103802          5  0.000e+00
   1523.701     3.5864     3.5897   3.278079   3.279033     1.5091    -0.3938     0.3531    34.9131 3.7670e+00 1.0000e-12 2.6547e-11     103803          5  0.000e+00
   1523.758     3.5866     3.5894   3.278067   3.279033     1.5091    -0.3938     0.3531    34.9127 3.7670e+00 1.0000e-12 2.6547e-11     103804          5  0.000e+00
   1523.701     3.5864     3.5897   3.278012   3.279033     1.5091    -0.3938     0.3531    34.9123 3.7670e+00 1.0000e-12 2.6547e-11     103805          5  0.000e+00
   1523.758     3.5864     3.5897   3.278037   3.279033     1.5091    -0.3938     0.3482    34.9125 1.8835e+00 1.0000e-12 5.3093e-11     103806          5  0.000e+00
   1523.701     3.5867     3.5896   3.278037   3.279006     1.5091    -0.3938     0.3482    34.9123 0.0000e+00 1.0000e-12 9.9999e+04     103807          5  0.000e+00
   1523.701     3.5864     3.5896   3.278024   3.279056     1.5091    -0.3938     0.3482    34.9124 1.8835e+00 1.0000e-12 5.3093e-11     103808          5  0.000e+00
   1523.758     3.5864     3.5896   3.278043   3.279006     1.5091    -0.3743     0.3482    34.9126 0.0000e+00 1.0000e-12 9.9999e+04     103809          5  0.000e+00
   1523.701     3.5864     3.5897   3.278055   3.279060     1.5091    -0.3938     0.3482    34.9128 1.8835e+00 1.0000e-12 5.3093e-11     103810          5  0.000e+00
   1523.758     3.5866     3.5894   3.278037   3.279006     1.5091    -0.3938     0.3482    34.9124 1.8835e+00 1.0000e-12 5.3093e-11     103811          5  0.000e+00
   1523.701     3.5864     3.5896   3.278043   3.279033     1.5091    -0.3938     0.3482    34.9126 1.8835e+00 1.0000e-12 5.3093e-11     103812          5  0.000e+00
   1523.701     3.5867     3.5893   3.278055   3.279006     1.5091    -0.3938     0.3482    34.9125 0.0000e+00 1.0000e-12 9.9999e+04     103813          5  0.000e+00
   1523.701     3.5866     3.5896   3.278055   3.279056     1.5079    -0.3938     0.3482    34.9126 1.8835e+00 1.0000e-12 5.3093e-11     103814          5  0.000e+00
   1523.701     3.5867     3.5894   3.278061   3.279006     1.5079    -0.3938     0.3482    34.9126 0.0000e+00 1.0000e-12 9.9999e+04     103815          5  0.000e+00
   1523.759     3.5866     3.5896   3.278055   3.279033     1.5079    -0.3938     0.3482    34.9126 0.0000e+00 1.0000e-12 9.9999e+04     103816          5  0.000e+00
   1523.635     3.5866     3.5894   3.278055   3.279033     1.5079    -0.3938     0.3482    34.9127 0.0000e+00 1.0000e-12 9.9999e+04     103817          5  0.000e+00
   1523.701     3.5867     3.5896   3.278012   3.279006     1.5079    -0.3938     0.3482    34.9120 1.8835e+00 1.0000e-12 5.3093e-11     103818          5  0.000e+00
   1523.701     3.5864     3.5896   3.278037   3.279033     1.5067    -0.3938     0.3482    34.9126 1.8835e+00 1.0000e-12 5.3093e-11     103819          5  0.000e+00
   1523.635     3.5866     3.5894   3.278055   3.279033     1.5067    -0.3938     0.3482    34.9127 0.0000e+00 1.0000e-12 9.9999e+04     103820          5  0.000e+00
   1523.701     3.5867     3.5896   3.278055   3.279009     1.5067    -0.3938     0.3482    34.9125 1.8835e+00 1.0000e-12 5.3093e-11     103821          5  0.000e+00
   1523.635     3.5864     3.5896   3.278036   3.279056     1.5067    -0.3938     0.3482    34.9126 1.8835e+00 1.0000e-12 5.3093e-11     103822          5  0.000e+00
   1523.701     3.5866     3.5894   3.278006   3.279006     1.5067    -0.3938     0.3482    34.9121 1.8835e+00 1.0000e-12 5.3093e-11     103823          5  0.000e+00
   1523.636     3.5866     3.5897   3.278036   3.279033     1.5067    -0.3938     0.3482    34.9124 3.7670e+00 1.0000e-12 2.6547e-11     103824          5  0.000e+00
   1523.578     3.5866     3.5896   3.278036   3.279033     1.5067    -0.3938     0.3482    34.9125 0.0000e+00 1.0000e-12 9.9999e+04     103825          5  0.000e+00
   1523.636     3.5864     3.5896   3.278012   3.279006     1.5054    -0.3938     0.3482    34.9123 0.0000e+00 1.0000e-12 9.9999e+04     103826          5  0.000e+00
   1523.636     3.5867     3.5896   3.278043   3.279033     1.5067    -0.3938     0.3482    34.9124 0.0000e+00 1.0000e-12 9.9999e+04     103827          5  0.000e+00
   1523.578     3.5866     3.5894   3.278012   3.279006     1.5067    -0.3938     0.3482    34.9122 0.0000e+00 1.0000e-12 9.9999e+04     103828          5  0.000e+00
   1523.578     3.5866     3.5894   3.278012   3.279006     1.5054    -0.3938     0.3482    34.9122 0.0000e+00 1.0000e-12 9.9999e+04     103829          5  0.000e+00
   1218.707     3.3209     3.3224   3.237595   3.237042     1.6216    -0.3938     0.3482    34.8648 1.8835e+00 1.0000e-12 5.3093e-11     112535          6  0.000e+00
   1218.732     3.3211     3.3223   3.237577   3.236999     1.6216    -0.3938     0.3482    34.8644 1.8835e+00 1.0000e-12 5.3093e-11     112536          6  0.000e+00
   1218.707     3.3209     3.3221   3.237613   3.236992     1.6216    -0.3938     0.3482    34.8650 1.8835e+00 1.0000e-12 5.3093e-11     112537          6  0.000e+00
   1218.707     3.3210     3.3222   3.237613   3.236992     1.6216    -0.3938     0.3482    34.8649 0.0000e+00 1.0000e-12 9.9999e+04     112538          6  0.000e+00
   1218.797     3.3209     3.3223   3.237619   3.237042     1.6204    -0.3938     0.3482    34.8651 1.8835e+00 1.0000e-12 5.3093e-11     112539          6  0.000e+00
   1218.707     3.3209     3.3220   3.237613   3.236992     1.6216    -0.3938     0.3482    34.8650 1.8835e+00 1.0000e-12 5.3093e-11     112540          6  0.000e+00
   1218.707     3.3207     3.3221   3.237589   3.236975     1.6216    -0.3938     0.3482    34.8649 1.8835e+00 1.0000e-12 5.3093e-11     112541          6  0.000e+00
   1218.797     3.3209     3.3222   3.237595   3.236992     1.6204    -0.3938     0.3531    34.8648 1.8835e+00 1.0000e-12 5.3093e-11     112542          6  0.000e+00
   1218.765     3.3208     3.3222   3.237583   3.236992     1.6192    -0.3938     0.3580    34.8647 0.0000e+00 1.0000e-12 9.9999e+04     112543          6  0.000e+00
   1218.765     3.3207     3.3223   3.237613   3.236992     1.6192    -0.3938     0.3580    34.8652 1.8835e+00 1.0000e-12 5.3093e-11     112544          6  0.000e+00
   1218.797     3.3207     3.3224   3.237613   3.237015     1.6192    -0.3938     0.3580    34.8651 1.8835e+00 1.0000e-12 5.3093e-11     112545          6  0.000e+00
   1218.765     3.3207     3.3223   3.237601   3.236999     1.6192    -0.3938     0.3580    34.8650 3.7670e+00 1.0000e-12 2.6547e-11     112546          6  0.000e+00
   1218.830     3.3207     3.3226   3.237607   3.237042     1.6192    -0.3938     0.3580    34.8651 0.0000e+00 1.0000e-12 9.9999e+04     112547          6  0.000e+00
   1218.797     3.3207     3.3228   3.237583   3.237042     1.6179    -0.3938     0.3580    34.8648 1.8835e+00 1.0000e-12 5.3093e-11     112548          6  0.000e+00
   1218.765     3.3208     3.3224   3.237613   3.237042     1.6179    -0.3938     0.3580    34.8651 0.0000e+00 1.0000e-12 9.9999e+04     112549          6  0.000e+00
   1218.830     3.3207     3.3224   3.237631   3.237066     1.6192    -0.3938     0.3580    34.8654 1.8835e+00 1.0000e-12 5.3093e-11     112550          6  0.000e+00
   1218.855     3.3207     3.3224   3.237589   3.237049     1.6179    -0.3938     0.3580    34.8648 0.0000e+00 1.0000e-12 9.9999e+04     112551          6  0.000e+00
   1218.830     3.3207     3.3224   3.237613   3.237015     1.6179    -0.3938     0.3580    34.8651 0.0000e+00 1.0000e-12 9.9999e+04     112552          6  0.000e+00
   1218.830     3.3206     3.3224   3.237577   3.237042     1.6179    -0.3938     0.3580    34.8649 0.0000e+00 1.0000e-12 9.9999e+04     112553          6  0.000e+00
   1218.798     3.3207     3.3223   3.237565   3.237015     1.6167    -0.3938     0.3580    34.8646 0.0000e+00 1.0000e-12 9.9999e+04     112554          6  0.000e+00
   1218.888     3.3206     3.3223   3.237613   3.237015     1.6167    -0.3938     0.3580    34.8653 0.0000e+00 1.0000e-12 9.9999e+04     112555          6  0.000e+00
   1218.830     3.3207     3.3224   3.237613   3.237026     1.6167    -0.3938     0.3580    34.8651 0.0000e+00 1.0000e-12 9.9999e+04     112556          6  0.000e+00
   1218.920     3.3207     3.3223   3.237601   3.237015     1.6167    -0.3938     0.3580    34.8649 1.8835e+00 1.0000e-12 5.3093e-11     112557          6  0.000e+00
   1218.830     3.3206     3.3223   3.237619   3.236992     1.6167    -0.3938     0.3580    34.8654 0.0000e+00 1.0000e-12 9.9999e+04     112558          6  0.000e+00
   1218.888     3.3205     3.3223   3.237595   3.237015     1.6155    -0.3938     0.3580    34.8651 3.7670e+00 1.0000e-12 2.6547e-11     112559          6  0.000e+00
   1218.855     3.3206     3.3223   3.237595   3.236992     1.6155    -0.3938     0.3580    34.8651 3.7670e+00 1.0000e-12 2.6547e-11     112560          6  0.000e+00
   1218.888     3.3206     3.3221   3.237583   3.237026     1.6142    -0.3938     0.3580    34.8649 0.0000e+00 1.0000e-12 9.9999e+04     112561          6  0.000e+00
   1218.888     3.3206     3.3223   3.237589   3.237015     1.6142    -0.3938     0.3580    34.8650 0.0000e+00 1.0000e-12 9.9999e+04     112562          6  0.000e+00
   1218.855     3.3207     3.3221   3.237601   3.236992     1.6142    -0.3938     0.3580    34.8650 1.8835e+00 1.0000e-12 5.3093e-11     112563          6  0.000e+00
   1218.888     3.3206     3.3224   3.237619   3.236992     1.6142    -0.3938     0.3580    34.8653 1.8835e+00 1.0000e-12 5.3093e-11     112564          6  0.000e+00
   1218.888     3.3207     3.3224   3.237595   3.237015     1.6142    -0.3938     0.3629    34.8649 0.0000e+00 1.0000e-12 9.9999e+04     112565          6  0.000e+00
   1218.921     3.3207     3.3221   3.237577   3.236999     1.6142    -0.3938     0.3580    34.8647 0.0000e+00 1.0000e-12 9.9999e+04     112566          6  0.000e+00
   1218.888     3.3206     3.3223   3.237589   3.236992     1.6142    -0.3938     0.3531    34.8650 1.8835e+00 1.0000e-12 5.3093e-11     112567          6  0.000e+00
   1218.888     3.3207     3.3223   3.237601   3.237015     1.6142    -0.3938     0.3482    34.8650 1.8835e+00 1.0000e-12 5.3093e-11     112568          6  0.000e+00
   1218.921     3.3206     3.3224   3.237601   3.237015     1.6130    -0.3938     0.3482    34.8651 1.8835e+00 1.0000e-12 5.3093e-11     112569          6  0.000e+00
   1218.888     3.3208     3.3224   3.237601   3.237042     1.6130    -0.3743     0.3482    34.8649 1.8835e+00 1.0000e-12 5.3093e-11     112570          6  0.000e+00
   1218.888     3.3207     3.3226   3.237607   3.237026     1.6130    -0.3938     0.3482    34.8650 1.8835e+00 1.0000e-12 5.3093e-11     112571          6  0.000e+00
   1218.855     3.3204     3.3228   3.237625   3.237042     1.6118    -0.3938     0.3482    34.8656 1.8835e+00 1.0000e-12 5.3093e-11     112572          6  0.000e+00
   1218.888     3.3206     3.3229   3.237589   3.237066     1.6118    -0.3938     0.3482    34.8650 0.0000e+00 1.0000e-12 9.9999e+04     112573          6  0.000e+00
   1218.888     3.3206     3.3229   3.237589   3.237066     1.6118    -0.3938     0.3531    34.8650 1.8835e+00 1.0000e-12 5.3093e-11     112574          6  0.000e+00
   1218.921     3.3209     3.3229   3.237601   3.236992     1.6118    -0.3938     0.3531    34.8648 0.0000e+00 1.0000e-12 9.9999e+04     112575          6  0.000e+00
   1218.888     3.3205     3.3229   3.237583   3.237100     1.6118    -0.3938     0.3482    34.8650 1.8835e+00 1.0000e-12 5.3093e-11     112576          6  0.000e+00
   1218.888     3.3206     3.3228   3.237577   3.236992     1.6105    -0.3938     0.3531    34.8648 1.8835e+00 1.0000e-12 5.3093e-11     112577          6  0.000e+00
   1218.921     3.3206     3.3230   3.237595   3.237042     1.6105    -0.3938     0.3531    34.8650 1.8835e+00 1.0000e-12 5.3093e-11     112578          6  0.000e+00
