Ship_data/Irminger/Irminger-4/ctd/process/ar21_007.cnv
* Sea-Bird SBE 9 Data File:
* FileName = D:\Data\AR21_007.hdr
* Software Version Seasave V 7.23.2
* Temperature SN = 4155
* Conductivity SN = 2645
* Number of Bytes Per Scan = 40
* Number of Voltage Words = 5
* Number of Scans Averaged by the Deck Unit = 1
* NMEA Latitude = 59 55.58 N
* NMEA Longitude = 039 30.97 W
* NMEA UTC (Time) = Aug 05 2017  20:24:20
# nquan = 21
# nvalues = 2999                        
# units = specified
# name 0 = prDM: Pressure, Digiquartz [db]
# name 1 = t090C: Temperature [ITS-90, deg C]
# name 2 = t190C: Temperature, 2 [ITS-90, deg C]
# name 3 = c0S/m: Conductivity [S/m]
# name 4 = c1S/m: Conductivity, 2 [S/m]
# name 5 = sbeox0V: Oxygen raw, SBE 43 [V]
# name 6 = flECO-AFL: Fluorescence, WET Labs ECO-AFL/FL [mg/m^3]
# name 7 = turbWETntu0: Turbidity, WET Labs ECO [NTU]
# name 8 = sal00: Salinity, Practical [PSU]
# name 9 = spar: SPAR/Surface Irradiance
# name 10 = par: PAR/Irradiance, Biospherical/Licor
# name 11 = cpar: CPAR/Corrected Irradiance [%]
# name 12 = depSM: Depth [salt water, m], lat = 59.9263
# name 13 = sal00: Salinity, Practical [PSU]
# name 14 = sal11: Salinity, Practical, 2 [PSU]
# name 15 = sbeox0ML/L: Oxygen, SBE 43 [ml/l], WS = 2
# name 16 = svCM: Sound Velocity [Chen-Millero, m/s]
# name 17 = sigma-é00: Density [sigma-theta, kg/m^3]
# name 18 = sigma-é11: Density, 2 [sigma-theta, kg/m^3]
# name 19 = avgsvCM: Average Sound Velocity [Chen-Millero, m/s], minP = 20, minS = 20
# name 20 = flag: flag
# span 0 =      3.029,   1521.823       
# span 1 =     3.3016,     8.5322       
# span 2 =     3.3033,     8.5335       
# span 3 =   3.226811,   3.651416       
# span 4 =   3.227012,   3.651159       
# span 5 =     1.5620,     2.4259       
# span 6 =    -0.4149,     0.8114       
# span 7 =     0.3387,     0.4387       
# span 8 =    34.7875,    34.9986       
# span 9 = 2.3672e-01, 2.5566e+00       
# span 10 = 1.0000e-12, 1.0000e-12      
# span 11 = -1.137e+03, 8.7431e+04      
# span 12 =      3.000,   1502.000      
# span 13 =    34.7721,    34.9983      
# span 14 =    34.7825,    34.9498      
# span 15 =     3.8832,     5.7740      
# span 16 =    1469.21,    1489.81      
# span 17 =    27.0293,    27.8450      
# span 18 =    27.0260,    27.7717      
# span 19 =       0.00,    1481.93      
# span 20 = 0.0000e+00, 0.0000e+00      
# interval = meters: 1                  
# start_time = Aug 05 2017 20:24:20 [NMEA time, header]
# bad_flag = -9.990e-29
*END*
[from data line 69]
     72.698     4.8589     4.8607   3.329654   3.329622     2.1940    -0.3410     0.3651    34.9289 8.8975e-01 1.0000e-12 5.4461e+04     72.000    34.9248    34.9225     5.4571    1471.25    27.6327    27.6306    1476.02 0.0000e+00
     73.708     4.8127     4.8129   3.325114   3.324947     2.1920    -0.3390     0.3542    34.9246 1.2625e+00 1.0000e-12 3.6789e+04     73.000    34.9199    34.9178     5.4582    1471.08    27.6341    27.6324    1475.95 0.0000e+00
     74.717     4.7687     4.7682   3.320521   3.320523     2.1899    -0.3373     0.3625    34.9203 8.6872e-01 1.0000e-12 5.7448e+04     74.000    34.9121    34.9127     5.4586    1470.90    27.6329    27.6334    1475.89 0.0000e+00
     75.727     4.7043     4.7052   3.314441   3.314492     2.1890    -0.3365     0.3616    34.9167 1.1815e+00 1.0000e-12 4.7041e+04     75.000    34.9085    34.9080     5.4662    1470.65    27.6373    27.6369    1475.81 0.0000e+00
     76.737     4.6845     4.6862   3.313114   3.312908     2.1901    -0.3415     0.3596    34.9168 1.2182e+00 1.0000e-12 3.7815e+04     76.000    34.9132    34.9090     5.4733    1470.59    27.6433    27.6398    1475.75 0.0000e+00
     77.747     4.7124     4.7150   3.316528   3.316425     2.1918    -0.3499     0.3612    34.9246 1.3656e+00 1.0000e-12 3.0690e+04     77.000    34.9232    34.9192     5.4750    1470.74    27.6481    27.6447    1475.68 0.0000e+00
     78.757     4.7183     4.7204   3.317502   3.317205     2.1909    -0.3473     0.3617    34.9276 1.2516e+00 1.0000e-12 4.6442e+04     78.000    34.9278    34.9221     5.4719    1470.78    27.6511    27.6464    1475.62 0.0000e+00
     79.767     4.7259     4.7279   3.318242   3.318123     2.1888    -0.3582     0.3579    34.9292 1.4158e+00 1.0000e-12 2.8831e+04     79.000    34.9279    34.9244     5.4645    1470.83    27.6504    27.6473    1475.56 0.0000e+00
     80.777     4.7177     4.7201   3.317510   3.317457     2.1858    -0.3666     0.3582    34.9291 9.1961e-01 1.0000e-12 5.3545e+04     80.000    34.9275    34.9243     5.4566    1470.81    27.6509    27.6482    1475.50 0.0000e+00
     81.787     4.7065     4.7095   3.316497   3.316500     2.1810    -0.3446     0.3582    34.9285 1.2312e+00 1.0000e-12 4.2806e+04     81.000    34.9269    34.9237     5.4433    1470.78    27.6518    27.6489    1475.44 0.0000e+00
     82.797     4.7117     4.7137   3.317579   3.317249     2.1802    -0.3443     0.3583    34.9317 9.8968e-01 1.0000e-12 4.7162e+04     82.000    34.9335    34.9275     5.4405    1470.83    27.6564    27.6514    1475.38 0.0000e+00
     83.807     4.7178     4.7188   3.317914   3.317737     2.1787    -0.3342     0.3580    34.9315 1.1499e+00 1.0000e-12 3.8947e+04     83.000    34.9305    34.9273     5.4354    1470.87    27.6533    27.6507    1475.33 0.0000e+00
     84.816     4.7136     4.7156   3.317709   3.317641     2.1771    -0.3605     0.3630    34.9332 1.5292e+00 1.0000e-12 2.6931e+04     84.000    34.9319    34.9290     5.4316    1470.87    27.6550    27.6525    1475.27 0.0000e+00
     85.826     4.7081     4.7049   3.317245   3.316679     2.1741    -0.3548     0.3569    34.9319 1.1055e+00 1.0000e-12 4.5000e+04     85.000    34.9317    34.9285     5.4232    1470.86    27.6554    27.6533    1475.22 0.0000e+00
     86.836     4.6790     4.6754   3.314143   3.313912     2.1717    -0.3679     0.3591    34.9311 1.0440e+00 1.0000e-12 4.4496e+04     86.000    34.9256    34.9267     5.4207    1470.75    27.6539    27.6552    1475.17 0.0000e+00
     87.846     4.6722     4.6741   3.314506   3.314197     2.1706    -0.3538     0.3626    34.9360 8.3961e-01 1.0000e-12 5.5422e+04     87.000    34.9366    34.9309     5.4184    1470.75    27.6634    27.6586    1475.12 0.0000e+00
     88.856     4.6727     4.6744   3.314288   3.314280     2.1690    -0.3453     0.3610    34.9357 1.2108e+00 1.0000e-12 4.0541e+04     88.000    34.9329    34.9310     5.4140    1470.77    27.6604    27.6587    1475.07 0.0000e+00
     89.866     4.6689     4.6661   3.314078   3.313504     2.1665    -0.3670     0.3614    34.9347 1.1855e+00 1.0000e-12 3.8845e+04     89.000    34.9339    34.9301     5.4070    1470.77    27.6616    27.6590    1475.00 0.0000e+00
     90.876     4.6506     4.6469   3.312004   3.311743     2.1640    -0.3543     0.3629    34.9334 1.1991e+00 1.0000e-12 4.0978e+04     90.000    34.9284    34.9293     5.4025    1470.70    27.6593    27.6604    1474.98 0.0000e+00
     91.886     4.6254     4.6272   3.310157   3.310037     2.1628    -0.3558     0.3623    34.9351 1.1509e+00 1.0000e-12 4.4455e+04     91.000    34.9328    34.9295     5.4026    1470.62    27.6657    27.6629    1474.93 0.0000e+00
     92.896     4.6217     4.6234   3.309863   3.309735     2.1624    -0.3671     0.3585    34.9348 9.9060e-01 1.0000e-12 5.2667e+04     92.000    34.9327    34.9295     5.4028    1470.62    27.6660    27.6633    1474.88 0.0000e+00
     93.906     4.6166     4.6183   3.309414   3.309298     2.1624    -0.3660     0.3582    34.9342 1.0702e+00 1.0000e-12 4.3555e+04     93.000    34.9323    34.9292     5.4041    1470.62    27.6663    27.6636    1474.83 0.0000e+00
     94.916     4.6187     4.6159   3.309638   3.309090     2.1631    -0.3659     0.3604    34.9332 1.1100e+00 1.0000e-12 4.7329e+04     94.000    34.9322    34.9287     5.4068    1470.64    27.6660    27.6635    1474.77 0.0000e+00
     95.926     4.5990     4.6008   3.307871   3.307759     2.1618    -0.3695     0.3580    34.9334 1.0987e+00 1.0000e-12 4.5833e+04     95.000    34.9318    34.9285     5.4062    1470.58    27.6678    27.6651    1474.74 0.0000e+00
     96.936     4.5908     4.5927   3.306982   3.306995     2.1603    -0.3476     0.3587    34.9324 1.4566e+00 1.0000e-12 2.7210e+04     96.000    34.9295    34.9276     5.4031    1470.56    27.6669    27.6652    1474.70 0.0000e+00
     97.946     4.5507     4.5532   3.303124   3.303202     2.1598    -0.3667     0.3605    34.9300 1.0220e+00 1.0000e-12 5.0485e+04     97.000    34.9260    34.9243     5.4084    1470.41    27.6687    27.6670    1474.65 0.0000e+00
     98.956     4.5336     4.5344   3.301709   3.301475     2.1596    -0.3531     0.3633    34.9290 1.1078e+00 1.0000e-12 4.2302e+04     98.000    34.9269    34.9233     5.4108    1470.35    27.6713    27.6683    1474.61 0.0000e+00
     99.966     4.5121     4.5142   3.299505   3.299533     2.1590    -0.3598     0.3672    34.9268 1.5854e+00 1.0000e-12 2.3444e+04     99.000    34.9232    34.9213     5.4129    1470.28    27.6707    27.6690    1474.57 0.0000e+00
    100.976     4.4900     4.4917   3.297559   3.297442     2.1588    -0.3743     0.3583    34.9258 1.3296e+00 1.0000e-12 3.5289e+04    100.000    34.9232    34.9200     5.4160    1470.20    27.6732    27.6705    1474.52 0.0000e+00
    101.986     4.4875     4.4893   3.297420   3.297278     2.1597    -0.3590     0.3571    34.9255 1.0183e+00 1.0000e-12 5.1648e+04    101.000    34.9236    34.9201     5.4202    1470.21    27.6738    27.6708    1474.48 0.0000e+00
    102.996     4.4870     4.4888   3.297411   3.297281     2.1595    -0.3512     0.3552    34.9251 1.2092e+00 1.0000e-12 4.3512e+04    102.000    34.9235    34.9201     5.4202    1470.23    27.6737    27.6709    1474.44 0.0000e+00
    104.006     4.4808     4.4820   3.296861   3.296684     2.1591    -0.3696     0.3582    34.9247 1.2410e+00 1.0000e-12 3.6438e+04    103.000    34.9230    34.9197     5.4205    1470.22    27.6741    27.6713    1474.40 0.0000e+00
    105.016     4.4801     4.4795   3.296857   3.296498     2.1600    -0.3649     0.3603    34.9239 1.1015e+00 1.0000e-12 4.8135e+04    104.000    34.9232    34.9196     5.4242    1470.23    27.6743    27.6715    1474.33 0.0000e+00
    106.026     4.4741     4.4775   3.296347   3.296371     2.1593    -0.3686     0.3581    34.9235 1.4793e+00 1.0000e-12 2.6631e+04    105.000    34.9231    34.9196     5.4236    1470.22    27.6749    27.6718    1474.32 0.0000e+00
    107.036     4.4726     4.4743   3.296259   3.296108     2.1591    -0.3757     0.3569    34.9234 1.1155e+00 1.0000e-12 4.7613e+04    106.000    34.9230    34.9195     5.4238    1470.23    27.6750    27.6720    1474.28 0.0000e+00
    108.046     4.4681     4.4699   3.295834   3.295727     2.1588    -0.3652     0.3584    34.9230 1.3710e+00 1.0000e-12 3.8885e+04    107.000    34.9223    34.9191     5.4244    1470.23    27.6749    27.6722    1474.24 0.0000e+00
    109.056     4.4576     4.4596   3.294849   3.294785     2.1582    -0.3671     0.3582    34.9226 8.1957e-01 1.0000e-12 5.9931e+04    108.000    34.9212    34.9184     5.4247    1470.20    27.6753    27.6728    1474.21 0.0000e+00
    110.066     4.4495     4.4514   3.294151   3.294046     2.1580    -0.3674     0.3557    34.9222 9.9390e-01 1.0000e-12 5.3068e+04    109.000    34.9210    34.9178     5.4260    1470.18    27.6760    27.6732    1474.17 0.0000e+00
    111.076     4.4457     4.4475   3.293829   3.293710     2.1575    -0.3817     0.3530    34.9219 1.1119e+00 1.0000e-12 4.0754e+04    110.000    34.9208    34.9175     5.4256    1470.18    27.6762    27.6734    1474.13 0.0000e+00
    112.086     4.4413     4.4430   3.293443   3.293341     2.1573    -0.3835     0.3528    34.9217 1.2190e+00 1.0000e-12 4.1176e+04    111.000    34.9203    34.9173     5.4263    1470.18    27.6763    27.6737    1474.10 0.0000e+00
    113.096     4.4310     4.4328   3.292367   3.292365     2.1564    -0.3627     0.3585    34.9208 1.2972e+00 1.0000e-12 4.3829e+04    112.000    34.9179    34.9160     5.4257    1470.15    27.6756    27.6739    1474.06 0.0000e+00
    114.106     4.4192     4.4210   3.291348   3.291328     2.1554    -0.3663     0.3752    34.9206 1.1120e+00 1.0000e-12 4.0893e+04    113.000    34.9179    34.9158     5.4246    1470.12    27.6769    27.6750    1474.02 0.0000e+00
    115.117     4.3976     4.4010   3.289396   3.289423     2.1554    -0.3776     0.3599    34.9193 9.1135e-01 1.0000e-12 5.1613e+04    114.000    34.9172    34.9140     5.4287    1470.05    27.6787    27.6758    1473.99 0.0000e+00
    116.127     4.3894     4.3923   3.288575   3.288625     2.1550    -0.3721     0.3588    34.9181 1.1878e+00 1.0000e-12 3.9533e+04    115.000    34.9158    34.9132     5.4292    1470.03    27.6784    27.6761    1473.96 0.0000e+00
    117.137     4.3672     4.3677   3.286228   3.286168     2.1543    -0.3829     0.3571    34.9155 1.2291e+00 1.0000e-12 3.9118e+04    116.000    34.9111    34.9098     5.4311    1469.95    27.6772    27.6761    1473.92 0.0000e+00
    118.147     4.3482     4.3500   3.284581   3.284526     2.1539    -0.3663     0.3566    34.9145 1.2188e+00 1.0000e-12 3.5319e+04    117.000    34.9112    34.9086     5.4333    1469.88    27.6794    27.6770    1473.89 0.0000e+00
    119.157     4.3372     4.3393   3.283501   3.283525     2.1539    -0.3674     0.3591    34.9136 9.9778e-01 1.0000e-12 5.2889e+04    118.000    34.9095    34.9076     5.4356    1469.85    27.6792    27.6775    1473.85 0.0000e+00
    120.167     4.3158     4.3171   3.281344   3.281342     2.1539    -0.3803     0.3583    34.9114 1.0589e+00 1.0000e-12 5.0027e+04    119.000    34.9063    34.9049     5.4396    1469.78    27.6789    27.6777    1473.82 0.0000e+00
    121.177     4.3046     4.3062   3.280510   3.280440     2.1539    -0.3851     0.3575    34.9117 9.4202e-01 1.0000e-12 5.0000e+04    120.000    34.9077    34.9052     5.4420    1469.75    27.6813    27.6791    1473.78 0.0000e+00
    122.187     4.2955     4.2972   3.279754   3.279640     2.1545    -0.3614     0.3554    34.9112 1.3310e+00 1.0000e-12 3.3467e+04    121.000    34.9079    34.9048     5.4460    1469.73    27.6824    27.6798    1473.75 0.0000e+00
    123.197     4.2914     4.2931   3.279536   3.279387     2.1556    -0.3436     0.3563    34.9116 1.1562e+00 1.0000e-12 4.5045e+04    122.000    34.9091    34.9056     5.4510    1469.73    27.6839    27.6808    1473.72 0.0000e+00
    124.207     4.2930     4.2945   3.279854   3.279664     2.1572    -0.3562     0.3588    34.9124 1.2780e+00 1.0000e-12 3.2036e+04    123.000    34.9106    34.9068     5.4567    1469.76    27.6849    27.6817    1473.69 0.0000e+00
    125.217     4.2956     4.2973   3.280222   3.280075     2.1576    -0.3476     0.3583    34.9132 1.2093e+00 1.0000e-12 3.9450e+04    124.000    34.9117    34.9082     5.4583    1469.78    27.6855    27.6825    1473.65 0.0000e+00
    126.228     4.2939     4.2956   3.280162   3.280028     2.1578    -0.3682     0.3559    34.9138 1.2348e+00 1.0000e-12 3.4324e+04    125.000    34.9123    34.9089     5.4598    1469.79    27.6861    27.6832    1473.62 0.0000e+00
    127.238     4.2906     4.2925   3.279849   3.279798     2.1575    -0.3910     0.3667    34.9135 1.1761e+00 1.0000e-12 4.1802e+04    126.000    34.9115    34.9088     5.4603    1469.80    27.6859    27.6835    1473.59 0.0000e+00
    128.248     4.2777     4.2790   3.278319   3.278497     2.1568    -0.3429     0.3988    34.9097 1.6107e+00 1.0000e-12 2.4615e+04    127.000    34.9065    34.9073     5.4607    1469.75    27.6833    27.6838    1473.56 0.0000e+00
    129.258     4.2651     4.2669   3.277635   3.277475     2.1567    -0.3829     0.3619    34.9131 1.8912e+00 1.0000e-12 1.6439e+04    128.000    34.9113    34.9075     5.4627    1469.72    27.6885    27.6852    1473.53 0.0000e+00
    130.268     4.2663     4.2678   3.277843   3.277651     2.1565    -0.3786     0.3564    34.9133 1.3618e+00 1.0000e-12 3.3286e+04    129.000    34.9120    34.9081     5.4627    1469.75    27.6889    27.6856    1473.50 0.0000e+00
    131.278     4.2670     4.2687   3.277979   3.277799     2.1563    -0.3654     0.3585    34.9133 1.4384e+00 1.0000e-12 2.9504e+04    130.000    34.9122    34.9084     5.4627    1469.77    27.6890    27.6858    1473.47 0.0000e+00
    132.288     4.2686     4.2704   3.278179   3.278022     2.1562    -0.3472     0.3580    34.9134 1.0069e+00 1.0000e-12 5.1822e+04    131.000    34.9123    34.9086     5.4627    1469.79    27.6889    27.6858    1473.45 0.0000e+00
    133.299     4.2630     4.2646   3.277590   3.277518     2.1556    -0.3635     0.3557    34.9130 1.3899e+00 1.0000e-12 3.0431e+04    132.000    34.9107    34.9083     5.4623    1469.78    27.6883    27.6861    1473.42 0.0000e+00
    134.309     4.2522     4.2533   3.276701   3.276518     2.1549    -0.3674     0.3586    34.9128 1.4918e+00 1.0000e-12 2.7415e+04    133.000    34.9112    34.9078     5.4624    1469.75    27.6898    27.6870    1473.39 0.0000e+00
    135.319     4.2468     4.2487   3.276256   3.276132     2.1550    -0.3532     0.3601    34.9123 8.4822e-01 1.0000e-12 5.7293e+04    134.000    34.9111    34.9076     5.4641    1469.75    27.6903    27.6874    1473.36 0.0000e+00
    136.329     4.2464     4.2484   3.276299   3.276163     2.1540    -0.3683     0.3654    34.9123 1.1175e+00 1.0000e-12 4.9893e+04    135.000    34.9115    34.9078     5.4617    1469.76    27.6907    27.6875    1473.33 0.0000e+00
    137.339     4.2410     4.2427   3.275669   3.275612     2.1540    -0.3650     0.3646    34.9115 1.4436e+00 1.0000e-12 2.9208e+04    136.000    34.9092    34.9068     5.4631    1469.75    27.6895    27.6873    1473.31 0.0000e+00
    138.350     4.2348     4.2365   3.275290   3.275133     2.1539    -0.3660     0.3601    34.9118 1.3378e+00 1.0000e-12 2.8505e+04    137.000    34.9108    34.9071     5.4644    1469.75    27.6914    27.6883    1473.28 0.0000e+00
    139.360     4.2348     4.2366   3.275355   3.275213     2.1539    -0.3686     0.3588    34.9121 8.7554e-01 1.0000e-12 5.3514e+04    138.000    34.9110    34.9075     5.4652    1469.76    27.6916    27.6886    1473.26 0.0000e+00
    140.370     4.2326     4.2344   3.275284   3.275139     2.1537    -0.3650     0.3589    34.9128 1.6880e+00 1.0000e-12 2.2539e+04    139.000    34.9119    34.9083     5.4657    1469.77    27.6925    27.6895    1473.23 0.0000e+00
