Ship_data/Irminger/Irminger-4/ctd/process/ar21_010.ros
* Sea-Bird SBE 9 Data File:
* FileName = D:\Data\AR21_010.hdr
* Software Version Seasave V 7.23.2
* Temperature SN = 4155
* Conductivity SN = 2645
* Number of Bytes Per Scan = 40
* Number of Voltage Words = 5
* Number of Scans Averaged by the Deck Unit = 1
* NMEA Latitude = 59 42.97 N
* NMEA Longitude = 039 20.29 W
* NMEA UTC (Time) = Aug 07 2017  16:14:21
# nquan = 15
# nvalues = 588                                   
# units = specified
# name 0 = prDM: Pressure, Digiquartz [db]
# name 1 = t090C: Temperature [ITS-90, deg C]
# name 2 = t190C: Temperature, 2 [ITS-90, deg C]
# name 3 = c0S/m: Conductivity [S/m]
# name 4 = c1S/m: Conductivity, 2 [S/m]
# name 5 = sbeox0V: Oxygen raw, SBE 43 [V]
# name 6 = flECO-AFL: Fluorescence, WET Labs ECO-AFL/FL [mg/m^3]
# name 7 = turbWETntu0: Turbidity, WET Labs ECO [NTU]
# name 8 = sal00: Salinity, Practical [PSU]
# name 9 = spar: SPAR/Surface Irradiance
# name 10 = par: PAR/Irradiance, Biospherical/Licor
# name 11 = cpar: CPAR/Corrected Irradiance [%]
# name 12 = scan: Scan Count
# name 13 = nbf: Bottles Fired
# name 14 = flag:  0.000e+00
# interval = seconds: 0.0416667
# start_time = Aug 07 2017 16:14:21 [NMEA time, header]
# bad_flag = -9.990e-29
*END*
[from data line 193]
   1521.413     3.5524     3.5543   3.274665   3.274636     1.7859    -0.3938     0.3482    34.9096 1.8835e+00 1.0000e-12 5.3093e-11     116540          4  0.000e+00
   1521.413     3.5526     3.5541   3.274714   3.274626     1.7859    -0.3938     0.3482    34.9100 1.8835e+00 1.0000e-12 5.3093e-11     116541          4  0.000e+00
   1521.470     3.5527     3.5542   3.274714   3.274636     1.7859    -0.3938     0.3482    34.9098 1.8835e+00 1.0000e-12 5.3093e-11     116542          4  0.000e+00
   1015.251     3.3736     3.3742   3.233648   3.233467     1.9669    -0.3743     0.3531    34.8660 3.7670e+00 1.0000e-12 2.6547e-11     129982          5  0.000e+00
   1015.121     3.3735     3.3739   3.233624   3.233414     1.9669    -0.3938     0.3580    34.8659 1.8835e+00 1.0000e-12 5.3093e-11     129983          5  0.000e+00
   1015.366     3.3736     3.3740   3.233624   3.233468     1.9669    -0.3938     0.3531    34.8656 0.0000e+00 1.0000e-12 9.9999e+04     129984          5  0.000e+00
   1015.129     3.3734     3.3740   3.233612   3.233414     1.9669    -0.3938     0.3531    34.8658 1.8835e+00 1.0000e-12 5.3093e-11     129985          5  0.000e+00
   1015.186     3.3738     3.3740   3.233618   3.233467     1.9669    -0.3938     0.3531    34.8654 0.0000e+00 1.0000e-12 9.9999e+04     129986          5  0.000e+00
   1014.942     3.3737     3.3742   3.233630   3.233467     1.9669    -0.3938     0.3531    34.8658 1.8835e+00 1.0000e-12 5.3093e-11     129987          5  0.000e+00
   1015.423     3.3737     3.3743   3.233612   3.233464     1.9669    -0.3938     0.3531    34.8653 0.0000e+00 1.0000e-12 9.9999e+04     129988          5  0.000e+00
   1015.243     3.3735     3.3743   3.233618   3.233491     1.9681    -0.3938     0.3531    34.8657 0.0000e+00 1.0000e-12 9.9999e+04     129989          5  0.000e+00
   1015.252     3.3734     3.3742   3.233648   3.233491     1.9681    -0.3938     0.3531    34.8661 0.0000e+00 1.0000e-12 9.9999e+04     129990          5  0.000e+00
   1015.186     3.3737     3.3742   3.233642   3.233491     1.9669    -0.3938     0.3531    34.8658 0.0000e+00 1.0000e-12 9.9999e+04     129991          5  0.000e+00
   1015.243     3.3735     3.3743   3.233630   3.233467     1.9669    -0.3938     0.3531    34.8659 0.0000e+00 1.0000e-12 9.9999e+04     129992          5  0.000e+00
   1015.186     3.3736     3.3743   3.233630   3.233467     1.9669    -0.3938     0.3531    34.8658 0.0000e+00 1.0000e-12 9.9999e+04     129993          5  0.000e+00
   1015.244     3.3733     3.3743   3.233630   3.233464     1.9669    -0.3938     0.3531    34.8660 3.7670e+00 1.0000e-12 2.6547e-11     129994          5  0.000e+00
   1015.252     3.3734     3.3743   3.233612   3.233441     1.9669    -0.3938     0.3580    34.8657 1.8835e+00 1.0000e-12 5.3093e-11     129995          5  0.000e+00
   1015.244     3.3733     3.3742   3.233606   3.233491     1.9669    -0.3743     0.3531    34.8658 3.7670e+00 1.0000e-12 2.6547e-11     129996          5  0.000e+00
   1015.309     3.3735     3.3740   3.233618   3.233468     1.9669    -0.3938     0.3531    34.8657 0.0000e+00 1.0000e-12 9.9999e+04     129997          5  0.000e+00
   1015.252     3.3734     3.3739   3.233612   3.233467     1.9669    -0.3938     0.3580    34.8657 1.8835e+00 1.0000e-12 5.3093e-11     129998          5  0.000e+00
   1015.309     3.3734     3.3734   3.233624   3.233414     1.9669    -0.3938     0.3580    34.8658 1.8835e+00 1.0000e-12 5.3093e-11     129999          5  0.000e+00
   1015.252     3.3732     3.3734   3.233612   3.233417     1.9669    -0.3938     0.3531    34.8660 0.0000e+00 1.0000e-12 9.9999e+04     130000          5  0.000e+00
   1015.309     3.3731     3.3737   3.233606   3.233390     1.9669    -0.3938     0.3531    34.8659 1.8835e+00 1.0000e-12 5.3093e-11     130001          5  0.000e+00
   1015.309     3.3731     3.3733   3.233606   3.233414     1.9669    -0.3938     0.3531    34.8659 1.8835e+00 1.0000e-12 5.3093e-11     130002          5  0.000e+00
   1015.374     3.3730     3.3733   3.233606   3.233417     1.9669    -0.3938     0.3531    34.8660 1.8835e+00 1.0000e-12 5.3093e-11     130003          5  0.000e+00
   1015.366     3.3728     3.3733   3.233539   3.233363     1.9669    -0.3938     0.3531    34.8654 0.0000e+00 1.0000e-12 9.9999e+04     130004          5  0.000e+00
   1015.374     3.3726     3.3733   3.233557   3.233417     1.9669    -0.3938     0.3531    34.8658 1.8835e+00 1.0000e-12 5.3093e-11     130005          5  0.000e+00
   1015.366     3.3729     3.3736   3.233557   3.233366     1.9681    -0.3938     0.3531    34.8656 1.8835e+00 1.0000e-12 5.3093e-11     130006          5  0.000e+00
   1015.366     3.3728     3.3731   3.233563   3.233363     1.9681    -0.3938     0.3580    34.8657 0.0000e+00 1.0000e-12 9.9999e+04     130007          5  0.000e+00
   1015.431     3.3725     3.3733   3.233551   3.233340     1.9669    -0.3938     0.3531    34.8658 1.8835e+00 1.0000e-12 5.3093e-11     130008          5  0.000e+00
   1015.423     3.3721     3.3733   3.233503   3.233417     1.9681    -0.3938     0.3531    34.8657 1.8835e+00 1.0000e-12 5.3093e-11     130009          5  0.000e+00
   1015.496     3.3717     3.3730   3.233460   3.233363     1.9681    -0.3938     0.3531    34.8656 1.8835e+00 1.0000e-12 5.3093e-11     130010          5  0.000e+00
   1015.488     3.3713     3.3730   3.233394   3.233316     1.9681    -0.3938     0.3531    34.8652 0.0000e+00 1.0000e-12 9.9999e+04     130011          5  0.000e+00
   1015.488     3.3712     3.3728   3.233406   3.233340     1.9681    -0.3938     0.3531    34.8655 1.8835e+00 1.0000e-12 5.3093e-11     130012          5  0.000e+00
   1015.497     3.3713     3.3723   3.233442   3.233289     1.9681    -0.3938     0.3580    34.8658 1.8835e+00 1.0000e-12 5.3093e-11     130013          5  0.000e+00
   1015.545     3.3711     3.3722   3.233454   3.233316     1.9669    -0.3938     0.3580    34.8661 1.8835e+00 1.0000e-12 5.3093e-11     130014          5  0.000e+00
   1015.554     3.3713     3.3715   3.233448   3.233313     1.9669    -0.3938     0.3629    34.8658 1.8835e+00 1.0000e-12 5.3093e-11     130015          5  0.000e+00
   1015.611     3.3715     3.3709   3.233497   3.233266     1.9681    -0.3938     0.3580    34.8662 1.8835e+00 1.0000e-12 5.3093e-11     130016          5  0.000e+00
   1015.611     3.3721     3.3697   3.233533   3.233138     1.9681    -0.3938     0.3580    34.8660 0.0000e+00 1.0000e-12 9.9999e+04     130017          5  0.000e+00
   1015.619     3.3721     3.3688   3.233563   3.233010     1.9681    -0.3938     0.3580    34.8663 1.8835e+00 1.0000e-12 5.3093e-11     130018          5  0.000e+00
   1015.668     3.3718     3.3680   3.233509   3.232912     1.9681    -0.3938     0.3580    34.8659 1.8835e+00 1.0000e-12 5.3093e-11     130019          5  0.000e+00
   1015.668     3.3719     3.3672   3.233466   3.232858     1.9681    -0.3938     0.3580    34.8654 1.8835e+00 1.0000e-12 5.3093e-11     130020          5  0.000e+00
   1015.741     3.3708     3.3668   3.233388   3.232733     1.9681    -0.3938     0.3580    34.8655 0.0000e+00 1.0000e-12 9.9999e+04     130021          5  0.000e+00
   1015.733     3.3702     3.3671   3.233303   3.232760     1.9681    -0.3938     0.3580    34.8651 1.8835e+00 1.0000e-12 5.3093e-11     130022          5  0.000e+00
   1015.741     3.3695     3.3667   3.233236   3.232780     1.9669    -0.3938     0.3580    34.8651 1.8835e+00 1.0000e-12 5.3093e-11     130023          5  0.000e+00
   1015.790     3.3684     3.3664   3.233157   3.232760     1.9669    -0.3743     0.3580    34.8652 1.8835e+00 1.0000e-12 5.3093e-11     130024          5  0.000e+00
   1015.790     3.3673     3.3662   3.233042   3.232757     1.9669    -0.3938     0.3580    34.8650 0.0000e+00 1.0000e-12 9.9999e+04     130025          5  0.000e+00
   1015.855     3.3668     3.3659   3.232969   3.232760     1.9681    -0.3938     0.3580    34.8647 0.0000e+00 1.0000e-12 9.9999e+04     130026          5  0.000e+00
   1015.855     3.3658     3.3658   3.232915   3.232733     1.9681    -0.3743     0.3580    34.8652 1.8835e+00 1.0000e-12 5.3093e-11     130027          5  0.000e+00
   1015.921     3.3651     3.3666   3.232781   3.232679     1.9669    -0.3938     0.3580    34.8642 1.8835e+00 1.0000e-12 5.3093e-11     130028          5  0.000e+00
   1015.912     3.3643     3.3672   3.232721   3.232760     1.9681    -0.3938     0.3580    34.8644 1.8835e+00 1.0000e-12 5.3093e-11     130029          5  0.000e+00
   1015.912     3.3637     3.3677   3.232733   3.232909     1.9681    -0.3938     0.3580    34.8652 1.8835e+00 1.0000e-12 5.3093e-11     130030          5  0.000e+00
    761.718     3.4734     3.4758   3.232471   3.232499     2.0252    -0.3938     0.3629    34.8778 1.8835e+00 1.0000e-12 5.3093e-11     137299          6  0.000e+00
    762.262     3.4734     3.4758   3.232477   3.232452     2.0264    -0.3938     0.3629    34.8776 1.8835e+00 1.0000e-12 5.3093e-11     137300          6  0.000e+00
    762.019     3.4734     3.4758   3.232507   3.232479     2.0252    -0.3938     0.3629    34.8781 0.0000e+00 1.0000e-12 9.9999e+04     137301          6  0.000e+00
    761.905     3.4733     3.4757   3.232477   3.232448     2.0252    -0.3938     0.3629    34.8779 1.8835e+00 1.0000e-12 5.3093e-11     137302          6  0.000e+00
    762.076     3.4732     3.4758   3.232477   3.232479     2.0252    -0.3938     0.3629    34.8779 1.8835e+00 1.0000e-12 5.3093e-11     137303          6  0.000e+00
    762.027     3.4737     3.4760   3.232507   3.232448     2.0252    -0.3938     0.3629    34.8778 1.8835e+00 1.0000e-12 5.3093e-11     137304          6  0.000e+00
    762.076     3.4734     3.4761   3.232495   3.232452     2.0252    -0.3938     0.3580    34.8779 1.8835e+00 1.0000e-12 5.3093e-11     137305          6  0.000e+00
    762.084     3.4734     3.4758   3.232471   3.232475     2.0264    -0.3938     0.3580    34.8777 3.7670e+00 1.0000e-12 2.6547e-11     137306          6  0.000e+00
    762.141     3.4734     3.4760   3.232495   3.232502     2.0252    -0.3938     0.3580    34.8779 0.0000e+00 1.0000e-12 9.9999e+04     137307          6  0.000e+00
    762.084     3.4734     3.4758   3.232477   3.232502     2.0264    -0.3938     0.3580    34.8777 1.8835e+00 1.0000e-12 5.3093e-11     137308          6  0.000e+00
    762.197     3.4732     3.4760   3.232459   3.232475     2.0252    -0.3938     0.3580    34.8776 1.8835e+00 1.0000e-12 5.3093e-11     137309          6  0.000e+00
    762.149     3.4733     3.4758   3.232501   3.232502     2.0252    -0.3743     0.3580    34.8781 1.8835e+00 1.0000e-12 5.3093e-11     137310          6  0.000e+00
    762.262     3.4733     3.4757   3.232447   3.232499     2.0252    -0.3743     0.3580    34.8774 1.8835e+00 1.0000e-12 5.3093e-11     137311          6  0.000e+00
    762.206     3.4730     3.4757   3.232447   3.232502     2.0252    -0.3743     0.3580    34.8777 1.8835e+00 1.0000e-12 5.3093e-11     137312          6  0.000e+00
    762.262     3.4728     3.4755   3.232441   3.232452     2.0252    -0.3938     0.3580    34.8778 3.7670e+00 1.0000e-12 2.6547e-11     137313          6  0.000e+00
    762.319     3.4724     3.4757   3.232380   3.232475     2.0252    -0.3938     0.3580    34.8775 3.7670e+00 1.0000e-12 2.6547e-11     137314          6  0.000e+00
    762.327     3.4726     3.4757   3.232368   3.232479     2.0264    -0.3938     0.3580    34.8771 1.8835e+00 1.0000e-12 5.3093e-11     137315          6  0.000e+00
    762.319     3.4716     3.4757   3.232356   3.232448     2.0252    -0.3938     0.3580    34.8780 1.8835e+00 1.0000e-12 5.3093e-11     137316          6  0.000e+00
    762.327     3.4718     3.4759   3.232338   3.232479     2.0252    -0.3938     0.3580    34.8776 1.8835e+00 1.0000e-12 5.3093e-11     137317          6  0.000e+00
    762.441     3.4713     3.4757   3.232295   3.232479     2.0252    -0.3938     0.3580    34.8775 1.8835e+00 1.0000e-12 5.3093e-11     137318          6  0.000e+00
    762.384     3.4714     3.4755   3.232301   3.232475     2.0252    -0.3938     0.3580    34.8775 1.8835e+00 1.0000e-12 5.3093e-11     137319          6  0.000e+00
    762.441     3.4716     3.4755   3.232356   3.232479     2.0252    -0.3938     0.3580    34.8779 3.7670e+00 1.0000e-12 2.6547e-11     137320          6  0.000e+00
    762.449     3.4718     3.4753   3.232368   3.232475     2.0252    -0.3938     0.3580    34.8779 0.0000e+00 1.0000e-12 9.9999e+04     137321          6  0.000e+00
    762.563     3.4718     3.4757   3.232350   3.232428     2.0252    -0.3938     0.3580    34.8777 1.8835e+00 1.0000e-12 5.3093e-11     137322          6  0.000e+00
    762.506     3.4718     3.4755   3.232362   3.232425     2.0252    -0.3938     0.3580    34.8778 1.8835e+00 1.0000e-12 5.3093e-11     137323          6  0.000e+00
    762.563     3.4721     3.4750   3.232411   3.232479     2.0252    -0.3938     0.3580    34.8780 1.8835e+00 1.0000e-12 5.3093e-11     137324          6  0.000e+00
    762.571     3.4724     3.4745   3.232447   3.232452     2.0252    -0.3938     0.3580    34.8781 0.0000e+00 1.0000e-12 9.9999e+04     137325          6  0.000e+00
    762.620     3.4721     3.4745   3.232417   3.232374     2.0252    -0.3938     0.3580    34.8781 1.8835e+00 1.0000e-12 5.3093e-11     137326          6  0.000e+00
    762.685     3.4721     3.4742   3.232374   3.232378     2.0264    -0.3938     0.3580    34.8775 1.8835e+00 1.0000e-12 5.3093e-11     137327          6  0.000e+00
    762.628     3.4718     3.4744   3.232350   3.232324     2.0264    -0.3938     0.3580    34.8776 0.0000e+00 1.0000e-12 9.9999e+04     137328          6  0.000e+00
    762.685     3.4718     3.4742   3.232362   3.232327     2.0264    -0.3938     0.3580    34.8777 1.8835e+00 1.0000e-12 5.3093e-11     137329          6  0.000e+00
    762.750     3.4716     3.4744   3.232356   3.232327     2.0252    -0.3938     0.3580    34.8778 0.0000e+00 1.0000e-12 9.9999e+04     137330          6  0.000e+00
    762.806     3.4716     3.4745   3.232338   3.232347     2.0252    -0.3938     0.3580    34.8776 1.8835e+00 1.0000e-12 5.3093e-11     137331          6  0.000e+00
    762.750     3.4718     3.4749   3.232338   3.232378     2.0252    -0.3938     0.3580    34.8774 0.0000e+00 1.0000e-12 9.9999e+04     137332          6  0.000e+00
    762.863     3.4718     3.4747   3.232380   3.232425     2.0252    -0.3938     0.3580    34.8778 1.8835e+00 1.0000e-12 5.3093e-11     137333          6  0.000e+00
    762.871     3.4722     3.4749   3.232399   3.232401     2.0264    -0.3938     0.3580    34.8776 1.8835e+00 1.0000e-12 5.3093e-11     137334          6  0.000e+00
    762.863     3.4718     3.4745   3.232392   3.232425     2.0264    -0.3938     0.3580    34.8780 0.0000e+00 1.0000e-12 9.9999e+04     137335          6  0.000e+00
    762.863     3.4721     3.4742   3.232417   3.232378     2.0264    -0.3938     0.3580    34.8779 1.8835e+00 1.0000e-12 5.3093e-11     137336          6  0.000e+00
    762.993     3.4719     3.4742   3.232405   3.232351     2.0264    -0.3938     0.3580    34.8779 1.8835e+00 1.0000e-12 5.3093e-11     137337          6  0.000e+00
    762.928     3.4720     3.4744   3.232417   3.232347     2.0252    -0.3938     0.3580    34.8780 1.8835e+00 1.0000e-12 5.3093e-11     137338          6  0.000e+00
    763.050     3.4723     3.4745   3.232411   3.232378     2.0252    -0.3938     0.3580    34.8776 1.8835e+00 1.0000e-12 5.3093e-11     137339          6  0.000e+00
    762.985     3.4721     3.4747   3.232399   3.232374     2.0252    -0.3938     0.3580    34.8776 0.0000e+00 1.0000e-12 9.9999e+04     137340          6  0.000e+00
    763.050     3.4719     3.4749   3.232399   3.232378     2.0252    -0.3938     0.3580    34.8778 1.8835e+00 1.0000e-12 5.3093e-11     137341          6  0.000e+00
    763.107     3.4721     3.4745   3.232380   3.232428     2.0252    -0.3938     0.3580    34.8774 1.8835e+00 1.0000e-12 5.3093e-11     137342          6  0.000e+00
