Ship_data/Irminger/Irminger-4/ctd/process/ar21_011.ros
* Sea-Bird SBE 9 Data File:
* FileName = D:\Data\AR21_011.hdr
* Software Version Seasave V 7.23.2
* Temperature SN = 4155
* Conductivity SN = 2645
* Number of Bytes Per Scan = 40
* Number of Voltage Words = 5
* Number of Scans Averaged by the Deck Unit = 1
* NMEA Latitude = 59 46.18 N
* NMEA Longitude = 039 51.66 W
* NMEA UTC (Time) = Aug 08 2017  15:55:08
# nquan = 15
# nvalues = 539                                   
# units = specified
# name 0 = prDM: Pressure, Digiquartz [db]
# name 1 = t090C: Temperature [ITS-90, deg C]
# name 2 = t190C: Temperature, 2 [ITS-90, deg C]
# name 3 = c0S/m: Conductivity [S/m]
# name 4 = c1S/m: Conductivity, 2 [S/m]
# name 5 = sbeox0V: Oxygen raw, SBE 43 [V]
# name 6 = flECO-AFL: Fluorescence, WET Labs ECO-AFL/FL [mg/m^3]
# name 7 = turbWETntu0: Turbidity, WET Labs ECO [NTU]
# name 8 = sal00: Salinity, Practical [PSU]
# name 9 = spar: SPAR/Surface Irradiance
# name 10 = par: PAR/Irradiance, Biospherical/Licor
# name 11 = cpar: CPAR/Corrected Irradiance [%]
# name 12 = scan: Scan Count
# name 13 = nbf: Bottles Fired
# name 14 = flag:  0.000e+00
# interval = seconds: 0.0416667
# start_time = Aug 08 2017 15:55:08 [NMEA time, header]
# bad_flag = -9.990e-29
*END*
[from data line 97]
   2030.718     3.0929     3.0950   3.256307   3.256269     1.6648    -0.4133     0.3433    34.9285 0.0000e+00 1.0000e-12 9.9999e+04      90386          2  0.000e+00
   1832.701     3.2669     3.2687   3.263685   3.263689     1.7008    -0.3938     0.3482    34.9282 1.8835e+00 1.0000e-12 5.3093e-11      96722          3  0.000e+00
   1832.825     3.2670     3.2688   3.263716   3.263632     1.7008    -0.3938     0.3531    34.9284 0.0000e+00 1.0000e-12 9.9999e+04      96723          3  0.000e+00
   1832.644     3.2669     3.2685   3.263685   3.263665     1.7008    -0.3938     0.3482    34.9283 1.8835e+00 1.0000e-12 5.3093e-11      96724          3  0.000e+00
   1832.768     3.2670     3.2684   3.263685   3.263638     1.7008    -0.3938     0.3482    34.9280 1.8835e+00 1.0000e-12 5.3093e-11      96725          3  0.000e+00
   1832.792     3.2669     3.2685   3.263709   3.263638     1.7008    -0.3938     0.3482    34.9285 1.8835e+00 1.0000e-12 5.3093e-11      96726          3  0.000e+00
   1832.768     3.2670     3.2686   3.263703   3.263638     1.7008    -0.3938     0.3482    34.9283 0.0000e+00 1.0000e-12 9.9999e+04      96727          3  0.000e+00
   1832.702     3.2670     3.2684   3.263716   3.263665     1.7008    -0.3938     0.3482    34.9284 0.0000e+00 1.0000e-12 9.9999e+04      96728          3  0.000e+00
   1832.702     3.2669     3.2688   3.263703   3.263689     1.7008    -0.3938     0.3482    34.9284 0.0000e+00 1.0000e-12 9.9999e+04      96729          3  0.000e+00
   1832.644     3.2669     3.2688   3.263715   3.263638     1.7008    -0.3938     0.3482    34.9286 0.0000e+00 1.0000e-12 9.9999e+04      96730          3  0.000e+00
   1832.702     3.2669     3.2687   3.263722   3.263638     1.7008    -0.3938     0.3482    34.9287 1.8835e+00 1.0000e-12 5.3093e-11      96731          3  0.000e+00
   1832.735     3.2669     3.2688   3.263728   3.263689     1.7008    -0.3938     0.3433    34.9287 1.8835e+00 1.0000e-12 5.3093e-11      96732          3  0.000e+00
   1832.644     3.2667     3.2685   3.263703   3.263638     1.7008    -0.3938     0.3433    34.9286 1.8835e+00 1.0000e-12 5.3093e-11      96733          3  0.000e+00
   1832.644     3.2670     3.2685   3.263715   3.263665     1.7008    -0.3938     0.3433    34.9285 0.0000e+00 1.0000e-12 9.9999e+04      96734          3  0.000e+00
   1832.644     3.2667     3.2686   3.263703   3.263638     1.6996    -0.3938     0.3433    34.9286 1.8835e+00 1.0000e-12 5.3093e-11      96735          3  0.000e+00
   1832.644     3.2669     3.2685   3.263715   3.263655     1.7008    -0.3938     0.3433    34.9286 1.8835e+00 1.0000e-12 5.3093e-11      96736          3  0.000e+00
   1832.644     3.2669     3.2686   3.263722   3.263665     1.7008    -0.3938     0.3433    34.9287 0.0000e+00 1.0000e-12 9.9999e+04      96737          3  0.000e+00
   1832.611     3.2667     3.2687   3.263703   3.263665     1.7008    -0.3938     0.3433    34.9286 0.0000e+00 1.0000e-12 9.9999e+04      96738          3  0.000e+00
   1832.578     3.2667     3.2686   3.263715   3.263665     1.7008    -0.3938     0.3433    34.9288 1.8835e+00 1.0000e-12 5.3093e-11      96739          3  0.000e+00
   1832.644     3.2667     3.2687   3.263703   3.263665     1.6996    -0.3938     0.3433    34.9286 0.0000e+00 1.0000e-12 9.9999e+04      96740          3  0.000e+00
   1832.578     3.2666     3.2687   3.263691   3.263638     1.7008    -0.3938     0.3433    34.9287 1.8835e+00 1.0000e-12 5.3093e-11      96741          3  0.000e+00
   1832.578     3.2667     3.2686   3.263715   3.263638     1.7008    -0.3938     0.3433    34.9288 0.0000e+00 1.0000e-12 9.9999e+04      96742          3  0.000e+00
   1832.578     3.2667     3.2685   3.263703   3.263665     1.7008    -0.3938     0.3433    34.9287 1.8835e+00 1.0000e-12 5.3093e-11      96743          3  0.000e+00
   1832.512     3.2667     3.2684   3.263691   3.263665     1.7008    -0.3938     0.3433    34.9285 1.8835e+00 1.0000e-12 5.3093e-11      96744          3  0.000e+00
   1832.546     3.2666     3.2687   3.263697   3.263665     1.7008    -0.3938     0.3433    34.9288 3.7670e+00 1.0000e-12 2.6547e-11      96745          3  0.000e+00
   1832.579     3.2667     3.2687   3.263691   3.263665     1.7008    -0.3938     0.3433    34.9285 1.8835e+00 1.0000e-12 5.3093e-11      96746          3  0.000e+00
   1832.513     3.2667     3.2686   3.263697   3.263638     1.7008    -0.3938     0.3433    34.9286 3.7670e+00 1.0000e-12 2.6547e-11      96747          3  0.000e+00
   1832.579     3.2669     3.2685   3.263691   3.263638     1.7008    -0.3938     0.3433    34.9284 1.8835e+00 1.0000e-12 5.3093e-11      96748          3  0.000e+00
   1832.513     3.2666     3.2686   3.263697   3.263655     1.7008    -0.3938     0.3433    34.9288 1.8835e+00 1.0000e-12 5.3093e-11      96749          3  0.000e+00
   1832.513     3.2669     3.2684   3.263673   3.263638     1.7008    -0.3938     0.3433    34.9282 1.8835e+00 1.0000e-12 5.3093e-11      96750          3  0.000e+00
   1832.546     3.2669     3.2684   3.263703   3.263638     1.7008    -0.3938     0.3433    34.9285 1.8835e+00 1.0000e-12 5.3093e-11      96751          3  0.000e+00
   1832.513     3.2669     3.2685   3.263703   3.263665     1.7008    -0.3938     0.3433    34.9285 1.8835e+00 1.0000e-12 5.3093e-11      96752          3  0.000e+00
   1832.513     3.2667     3.2685   3.263697   3.263665     1.7008    -0.3938     0.3433    34.9286 1.8835e+00 1.0000e-12 5.3093e-11      96753          3  0.000e+00
   1832.513     3.2669     3.2686   3.263691   3.263638     1.7008    -0.3938     0.3433    34.9284 1.8835e+00 1.0000e-12 5.3093e-11      96754          3  0.000e+00
   1832.579     3.2669     3.2685   3.263715   3.263638     1.7008    -0.3938     0.3433    34.9286 0.0000e+00 1.0000e-12 9.9999e+04      96755          3  0.000e+00
   1832.513     3.2669     3.2684   3.263703   3.263665     1.7008    -0.3938     0.3433    34.9285 1.8835e+00 1.0000e-12 5.3093e-11      96756          3  0.000e+00
   1832.546     3.2666     3.2684   3.263697   3.263638     1.7008    -0.3938     0.3433    34.9288 0.0000e+00 1.0000e-12 9.9999e+04      96757          3  0.000e+00
   1832.513     3.2667     3.2685   3.263691   3.263638     1.7008    -0.3938     0.3433    34.9285 1.8835e+00 1.0000e-12 5.3093e-11      96758          3  0.000e+00
   1832.513     3.2666     3.2686   3.263673   3.263665     1.6996    -0.3938     0.3433    34.9285 3.7670e+00 1.0000e-12 2.6547e-11      96759          3  0.000e+00
   1832.579     3.2667     3.2685   3.263685   3.263611     1.7008    -0.3938     0.3433    34.9284 1.8835e+00 1.0000e-12 5.3093e-11      96760          3  0.000e+00
   1832.513     3.2667     3.2686   3.263673   3.263665     1.7008    -0.3938     0.3433    34.9283 1.8835e+00 1.0000e-12 5.3093e-11      96761          3  0.000e+00
   1832.579     3.2666     3.2687   3.263703   3.263665     1.7008    -0.3938     0.3433    34.9288 0.0000e+00 1.0000e-12 9.9999e+04      96762          3  0.000e+00
   1832.546     3.2666     3.2686   3.263685   3.263655     1.7008    -0.3938     0.3433    34.9286 1.8835e+00 1.0000e-12 5.3093e-11      96763          3  0.000e+00
   1832.579     3.2667     3.2685   3.263685   3.263638     1.7008    -0.3938     0.3433    34.9284 1.8835e+00 1.0000e-12 5.3093e-11      96764          3  0.000e+00
   1832.579     3.2664     3.2684   3.263673   3.263665     1.7008    -0.3938     0.3433    34.9286 3.7670e+00 1.0000e-12 2.6547e-11      96765          3  0.000e+00
   1832.646     3.2667     3.2686   3.263703   3.263638     1.6996    -0.3938     0.3433    34.9286 0.0000e+00 1.0000e-12 9.9999e+04      96766          3  0.000e+00
   1832.580     3.2667     3.2685   3.263703   3.263638     1.7008    -0.3938     0.3433    34.9287 0.0000e+00 1.0000e-12 9.9999e+04      96767          3  0.000e+00
   1832.646     3.2666     3.2686   3.263673   3.263638     1.6996    -0.3938     0.3433    34.9284 1.8835e+00 1.0000e-12 5.3093e-11      96768          3  0.000e+00
   1832.580     3.2667     3.2685   3.263685   3.263665     1.6996    -0.3938     0.3433    34.9284 1.8835e+00 1.0000e-12 5.3093e-11      96769          3  0.000e+00
   1832.613     3.2664     3.2684   3.263697   3.263665     1.7008    -0.3938     0.3433    34.9289 1.8835e+00 1.0000e-12 5.3093e-11      96770          3  0.000e+00
   1527.922     3.5612     3.5624   3.276947   3.276882     1.7620    -0.3938     0.3482    34.9242 3.7670e+00 1.0000e-12 2.6547e-11     105929          4  0.000e+00
   1527.988     3.5612     3.5626   3.276953   3.276861     1.7620    -0.3938     0.3531    34.9242 1.8835e+00 1.0000e-12 5.3093e-11     105930          4  0.000e+00
   1527.865     3.5610     3.5624   3.276947   3.276861     1.7620    -0.3938     0.3531    34.9244 1.8835e+00 1.0000e-12 5.3093e-11     105931          4  0.000e+00
   1527.922     3.5607     3.5624   3.276965   3.276906     1.7620    -0.3938     0.3531    34.9249 1.8835e+00 1.0000e-12 5.3093e-11     105932          4  0.000e+00
   1528.046     3.5608     3.5626   3.276977   3.276861     1.7620    -0.3938     0.3531    34.9249 1.8835e+00 1.0000e-12 5.3093e-11     105933          4  0.000e+00
   1527.865     3.5609     3.5624   3.276959   3.276912     1.7620    -0.3938     0.3531    34.9247 1.8835e+00 1.0000e-12 5.3093e-11     105934          4  0.000e+00
   1527.988     3.5610     3.5624   3.276965   3.276912     1.7620    -0.3938     0.3531    34.9246 1.8835e+00 1.0000e-12 5.3093e-11     105935          4  0.000e+00
   1527.923     3.5610     3.5626   3.276977   3.276933     1.7620    -0.3743     0.3531    34.9247 1.8835e+00 1.0000e-12 5.3093e-11     105936          4  0.000e+00
   1527.865     3.5609     3.5624   3.276959   3.276885     1.7620    -0.3743     0.3531    34.9247 1.8835e+00 1.0000e-12 5.3093e-11     105937          4  0.000e+00
   1527.923     3.5612     3.5624   3.276947   3.276861     1.7620    -0.3743     0.3531    34.9242 1.8835e+00 1.0000e-12 5.3093e-11     105938          4  0.000e+00
   1527.865     3.5610     3.5624   3.276971   3.276882     1.7620    -0.3743     0.3531    34.9247 0.0000e+00 1.0000e-12 9.9999e+04     105939          4  0.000e+00
   1527.865     3.5609     3.5628   3.276910   3.276912     1.7620    -0.3743     0.3531    34.9241 0.0000e+00 1.0000e-12 9.9999e+04     105940          4  0.000e+00
   1527.923     3.5610     3.5624   3.276953   3.276912     1.7633    -0.3743     0.3531    34.9245 1.8835e+00 1.0000e-12 5.3093e-11     105941          4  0.000e+00
   1527.800     3.5610     3.5626   3.276959   3.276861     1.7620    -0.3743     0.3531    34.9246 1.8835e+00 1.0000e-12 5.3093e-11     105942          4  0.000e+00
   1527.923     3.5610     3.5624   3.276965   3.276882     1.7620    -0.3743     0.3482    34.9246 1.8835e+00 1.0000e-12 5.3093e-11     105943          4  0.000e+00
   1527.800     3.5610     3.5626   3.276977   3.276885     1.7620    -0.3743     0.3531    34.9248 0.0000e+00 1.0000e-12 9.9999e+04     105944          4  0.000e+00
   1527.800     3.5609     3.5628   3.276977   3.276861     1.7620    -0.3547     0.3531    34.9250 0.0000e+00 1.0000e-12 9.9999e+04     105945          4  0.000e+00
   1527.865     3.5610     3.5624   3.276977   3.276905     1.7620    -0.3743     0.3531    34.9248 1.8835e+00 1.0000e-12 5.3093e-11     105946          4  0.000e+00
   1527.800     3.5609     3.5627   3.276941   3.276861     1.7633    -0.3743     0.3531    34.9245 0.0000e+00 1.0000e-12 9.9999e+04     105947          4  0.000e+00
   1527.800     3.5610     3.5626   3.276941   3.276885     1.7620    -0.3743     0.3531    34.9244 1.8835e+00 1.0000e-12 5.3093e-11     105948          4  0.000e+00
   1527.800     3.5609     3.5627   3.276947   3.276861     1.7620    -0.3743     0.3531    34.9246 0.0000e+00 1.0000e-12 9.9999e+04     105949          4  0.000e+00
   1527.800     3.5609     3.5626   3.276965   3.276882     1.7620    -0.3743     0.3531    34.9248 1.8835e+00 1.0000e-12 5.3093e-11     105950          4  0.000e+00
   1527.734     3.5610     3.5627   3.276977   3.276885     1.7620    -0.3743     0.3531    34.9248 0.0000e+00 1.0000e-12 9.9999e+04     105951          4  0.000e+00
   1527.800     3.5610     3.5626   3.276934   3.276885     1.7620    -0.3743     0.3482    34.9243 1.8835e+00 1.0000e-12 5.3093e-11     105952          4  0.000e+00
   1527.742     3.5607     3.5626   3.276934   3.276885     1.7608    -0.3743     0.3482    34.9246 1.8835e+00 1.0000e-12 5.3093e-11     105953          4  0.000e+00
   1527.734     3.5609     3.5626   3.276947   3.276882     1.7620    -0.3743     0.3531    34.9246 3.7670e+00 1.0000e-12 2.6547e-11     105954          4  0.000e+00
   1527.800     3.5607     3.5626   3.276947   3.276885     1.7633    -0.3743     0.3531    34.9248 0.0000e+00 1.0000e-12 9.9999e+04     105955          4  0.000e+00
   1527.677     3.5607     3.5628   3.276971   3.276885     1.7633    -0.3743     0.3482    34.9251 0.0000e+00 1.0000e-12 9.9999e+04     105956          4  0.000e+00
   1527.734     3.5609     3.5623   3.276959   3.276855     1.7633    -0.3547     0.3531    34.9248 1.8835e+00 1.0000e-12 5.3093e-11     105957          4  0.000e+00
   1527.743     3.5607     3.5624   3.276947   3.276912     1.7633    -0.3743     0.3482    34.9248 1.8835e+00 1.0000e-12 5.3093e-11     105958          4  0.000e+00
   1527.677     3.5609     3.5624   3.276947   3.276885     1.7633    -0.3743     0.3531    34.9247 1.8835e+00 1.0000e-12 5.3093e-11     105959          4  0.000e+00
   1527.611     3.5607     3.5624   3.276928   3.276861     1.7620    -0.3743     0.3531    34.9246 1.8835e+00 1.0000e-12 5.3093e-11     105960          4  0.000e+00
   1527.800     3.5610     3.5624   3.276916   3.276882     1.7620    -0.3743     0.3482    34.9241 1.8835e+00 1.0000e-12 5.3093e-11     105961          4  0.000e+00
   1527.677     3.5609     3.5624   3.276959   3.276885     1.7620    -0.3743     0.3482    34.9248 1.8835e+00 1.0000e-12 5.3093e-11     105962          4  0.000e+00
   1527.677     3.5610     3.5624   3.276910   3.276885     1.7620    -0.3743     0.3531    34.9241 1.8835e+00 1.0000e-12 5.3093e-11     105963          4  0.000e+00
   1527.619     3.5607     3.5624   3.276934   3.276855     1.7620    -0.3743     0.3482    34.9247 1.8835e+00 1.0000e-12 5.3093e-11     105964          4  0.000e+00
   1527.677     3.5607     3.5623   3.276953   3.276885     1.7620    -0.3547     0.3482    34.9249 1.8835e+00 1.0000e-12 5.3093e-11     105965          4  0.000e+00
   1527.677     3.5607     3.5624   3.276947   3.276861     1.7620    -0.3743     0.3531    34.9248 0.0000e+00 1.0000e-12 9.9999e+04     105966          4  0.000e+00
   1527.611     3.5607     3.5623   3.276928   3.276885     1.7620    -0.3547     0.3531    34.9246 1.8835e+00 1.0000e-12 5.3093e-11     105967          4  0.000e+00
   1527.611     3.5607     3.5624   3.276934   3.276855     1.7620    -0.3743     0.3482    34.9247 1.8835e+00 1.0000e-12 5.3093e-11     105968          4  0.000e+00
   1527.677     3.5604     3.5624   3.276928   3.276912     1.7620    -0.3743     0.3531    34.9249 0.0000e+00 1.0000e-12 9.9999e+04     105969          4  0.000e+00
   1527.554     3.5608     3.5624   3.276934   3.276885     1.7633    -0.3743     0.3531    34.9247 0.0000e+00 1.0000e-12 9.9999e+04     105970          4  0.000e+00
   1527.611     3.5606     3.5623   3.276928   3.276882     1.7620    -0.3743     0.3531    34.9248 1.8835e+00 1.0000e-12 5.3093e-11     105971          4  0.000e+00
   1527.611     3.5607     3.5623   3.276934   3.276861     1.7620    -0.3743     0.3482    34.9247 1.8835e+00 1.0000e-12 5.3093e-11     105972          4  0.000e+00
   1527.611     3.5606     3.5624   3.276928   3.276885     1.7620    -0.3743     0.3531    34.9248 1.8835e+00 1.0000e-12 5.3093e-11     105973          4  0.000e+00
