Ship_data/Irminger/Irminger-4/ctd/process/ar21_003.ros
* Sea-Bird SBE 9 Data File:
* FileName = D:\Data\AR21_003.hdr
* Software Version Seasave V 7.23.2
* Temperature SN = 4155
* Conductivity SN = 2645
* Number of Bytes Per Scan = 40
* Number of Voltage Words = 5
* Number of Scans Averaged by the Deck Unit = 1
* NMEA Latitude = 50 47.14 N
* NMEA Longitude = 047 18.31 W
* NMEA UTC (Time) = Aug 02 2017  14:13:54
# nquan = 15
# nvalues = 49                                    
# units = specified
# name 0 = prDM: Pressure, Digiquartz [db]
# name 1 = t090C: Temperature [ITS-90, deg C]
# name 2 = t190C: Temperature, 2 [ITS-90, deg C]
# name 3 = c0S/m: Conductivity [S/m]
# name 4 = c1S/m: Conductivity, 2 [S/m]
# name 5 = sbeox0V: Oxygen raw, SBE 43 [V]
# name 6 = flECO-AFL: Fluorescence, WET Labs ECO-AFL/FL [mg/m^3]
# name 7 = turbWETntu0: Turbidity, WET Labs ECO [NTU]
# name 8 = sal00: Salinity, Practical [PSU]
# name 9 = spar: SPAR/Surface Irradiance
# name 10 = par: PAR/Irradiance, Biospherical/Licor
# name 11 = cpar: CPAR/Corrected Irradiance [%]
# name 12 = scan: Scan Count
# name 13 = nbf: Bottles Fired
# name 14 = flag:  0.000e+00
# interval = seconds: 0.0416667
# start_time = Aug 02 2017 14:13:54 [NMEA time, header]
# bad_flag = -9.990e-29
*END*
   1010.659     3.3457     3.3479   3.230967   3.231092     1.7133    -0.3938     0.3482    34.8658 0.0000e+00 1.0000e-12 9.9999e+04      85129          1  0.000e+00
   1010.659     3.3456     3.3480   3.230967   3.231112     1.7133    -0.3938     0.3482    34.8659 1.8835e+00 1.0000e-12 5.3093e-11      85130          1  0.000e+00
   1010.602     3.3458     3.3477   3.231039   3.231092     1.7133    -0.3938     0.3482    34.8667 1.8835e+00 1.0000e-12 5.3093e-11      85131          1  0.000e+00
   1010.480     3.3456     3.3479   3.231027   3.231085     1.7133    -0.3938     0.3482    34.8667 0.0000e+00 1.0000e-12 9.9999e+04      85132          1  0.000e+00
   1010.537     3.3457     3.3479   3.230985   3.231068     1.7133    -0.3938     0.3531    34.8661 0.0000e+00 1.0000e-12 9.9999e+04      85133          1  0.000e+00
   1010.537     3.3455     3.3479   3.230991   3.231112     1.7133    -0.3938     0.3482    34.8664 0.0000e+00 1.0000e-12 9.9999e+04      85134          1  0.000e+00
   1010.480     3.3456     3.3475   3.230991   3.231119     1.7133    -0.3938     0.3482    34.8663 1.8835e+00 1.0000e-12 5.3093e-11      85135          1  0.000e+00
   1010.414     3.3458     3.3477   3.230997   3.231085     1.7121    -0.3938     0.3482    34.8662 0.0000e+00 1.0000e-12 9.9999e+04      85136          1  0.000e+00
   1010.414     3.3459     3.3477   3.231009   3.231068     1.7121    -0.3938     0.3531    34.8663 1.8835e+00 1.0000e-12 5.3093e-11      85137          1  0.000e+00
   1010.357     3.3458     3.3477   3.231009   3.231061     1.7121    -0.3743     0.3531    34.8664 1.8835e+00 1.0000e-12 5.3093e-11      85138          1  0.000e+00
   1010.357     3.3458     3.3477   3.230960   3.231068     1.7121    -0.3743     0.3482    34.8658 3.7670e+00 1.0000e-12 2.6547e-11      85139          1  0.000e+00
   1010.300     3.3457     3.3477   3.230972   3.231061     1.7108    -0.3743     0.3531    34.8661 1.8835e+00 1.0000e-12 5.3093e-11      85140          1  0.000e+00
   1010.357     3.3456     3.3480   3.230997   3.231068     1.7108    -0.3743     0.3482    34.8664 1.8835e+00 1.0000e-12 5.3093e-11      85141          1  0.000e+00
   1010.235     3.3458     3.3480   3.230985   3.231061     1.7108    -0.3743     0.3482    34.8662 0.0000e+00 1.0000e-12 9.9999e+04      85142          1  0.000e+00
   1010.235     3.3456     3.3477   3.230979   3.231068     1.7108    -0.3743     0.3482    34.8663 1.8835e+00 1.0000e-12 5.3093e-11      85143          1  0.000e+00
   1010.235     3.3457     3.3477   3.230979   3.231085     1.7108    -0.3743     0.3482    34.8662 0.0000e+00 1.0000e-12 9.9999e+04      85144          1  0.000e+00
   1010.235     3.3456     3.3479   3.230991   3.231068     1.7096    -0.3743     0.3482    34.8664 1.8835e+00 1.0000e-12 5.3093e-11      85145          1  0.000e+00
   1010.113     3.3456     3.3479   3.230948   3.231085     1.7096    -0.3743     0.3482    34.8660 1.8835e+00 1.0000e-12 5.3093e-11      85146          1  0.000e+00
   1010.170     3.3458     3.3477   3.230985   3.231068     1.7084    -0.3743     0.3482    34.8662 1.8835e+00 1.0000e-12 5.3093e-11      85147          1  0.000e+00
   1010.113     3.3457     3.3479   3.230960   3.231061     1.7084    -0.3743     0.3482    34.8660 0.0000e+00 1.0000e-12 9.9999e+04      85148          1  0.000e+00
   1010.113     3.3456     3.3477   3.230997   3.231068     1.7084    -0.3743     0.3482    34.8666 1.8835e+00 1.0000e-12 5.3093e-11      85149          1  0.000e+00
   1010.056     3.3456     3.3478   3.231009   3.231085     1.7084    -0.3743     0.3482    34.8667 0.0000e+00 1.0000e-12 9.9999e+04      85150          1  0.000e+00
   1010.113     3.3456     3.3480   3.230985   3.231091     1.7072    -0.3743     0.3531    34.8664 0.0000e+00 1.0000e-12 9.9999e+04      85151          1  0.000e+00
   1009.991     3.3457     3.3479   3.231003   3.231061     1.7072    -0.3743     0.3482    34.8666 1.8835e+00 1.0000e-12 5.3093e-11      85152          1  0.000e+00
   1010.048     3.3455     3.3477   3.230985   3.231091     1.7072    -0.3743     0.3482    34.8666 3.7670e+00 1.0000e-12 2.6547e-11      85153          1  0.000e+00
   1009.991     3.3456     3.3479   3.230972   3.231085     1.7059    -0.3743     0.3482    34.8663 0.0000e+00 1.0000e-12 9.9999e+04      85154          1  0.000e+00
   1009.934     3.3457     3.3479   3.231003   3.231091     1.7059    -0.3743     0.3482    34.8666 1.8835e+00 1.0000e-12 5.3093e-11      85155          1  0.000e+00
   1009.991     3.3458     3.3478   3.231009   3.231034     1.7059    -0.3743     0.3482    34.8666 0.0000e+00 1.0000e-12 9.9999e+04      85156          1  0.000e+00
   1009.991     3.3456     3.3479   3.230984   3.231091     1.7059    -0.3547     0.3531    34.8665 1.8835e+00 1.0000e-12 5.3093e-11      85157          1  0.000e+00
   1009.934     3.3456     3.3475   3.230960   3.231118     1.7059    -0.3743     0.3482    34.8662 1.8835e+00 1.0000e-12 5.3093e-11      85158          1  0.000e+00
   1009.934     3.3457     3.3480   3.230966   3.231085     1.7059    -0.3743     0.3482    34.8662 0.0000e+00 1.0000e-12 9.9999e+04      85159          1  0.000e+00
   1009.934     3.3456     3.3477   3.230991   3.231068     1.7047    -0.3743     0.3482    34.8666 1.8835e+00 1.0000e-12 5.3093e-11      85160          1  0.000e+00
   1009.869     3.3456     3.3477   3.230991   3.231085     1.7047    -0.3743     0.3482    34.8666 1.8835e+00 1.0000e-12 5.3093e-11      85161          1  0.000e+00
   1009.934     3.3458     3.3477   3.230997   3.231041     1.7047    -0.3743     0.3531    34.8665 1.8835e+00 1.0000e-12 5.3093e-11      85162          1  0.000e+00
   1009.934     3.3455     3.3479   3.230984   3.231085     1.7035    -0.3938     0.3531    34.8666 1.8835e+00 1.0000e-12 5.3093e-11      85163          1  0.000e+00
   1009.869     3.3455     3.3477   3.230960   3.231068     1.7035    -0.3938     0.3531    34.8664 0.0000e+00 1.0000e-12 9.9999e+04      85164          1  0.000e+00
   1009.869     3.3455     3.3477   3.230991   3.231061     1.7035    -0.3938     0.3531    34.8668 0.0000e+00 1.0000e-12 9.9999e+04      85165          1  0.000e+00
   1009.991     3.3456     3.3477   3.230984   3.231091     1.7035    -0.3938     0.3531    34.8665 1.8835e+00 1.0000e-12 5.3093e-11      85166          1  0.000e+00
   1009.869     3.3455     3.3475   3.230978   3.231061     1.7022    -0.3938     0.3531    34.8666 0.0000e+00 1.0000e-12 9.9999e+04      85167          1  0.000e+00
   1009.934     3.3456     3.3477   3.230997   3.231068     1.7022    -0.3938     0.3531    34.8666 1.8835e+00 1.0000e-12 5.3093e-11      85168          1  0.000e+00
   1009.869     3.3456     3.3475   3.231003   3.231061     1.7022    -0.3938     0.3531    34.8668 0.0000e+00 1.0000e-12 9.9999e+04      85169          1  0.000e+00
   1009.934     3.3457     3.3475   3.230966   3.231068     1.7022    -0.3938     0.3531    34.8662 0.0000e+00 1.0000e-12 9.9999e+04      85170          1  0.000e+00
   1009.934     3.3455     3.3475   3.230991   3.231034     1.7010    -0.3938     0.3531    34.8667 1.8835e+00 1.0000e-12 5.3093e-11      85171          1  0.000e+00
   1009.934     3.3458     3.3474   3.230984   3.231068     1.7010    -0.3938     0.3531    34.8663 1.8835e+00 1.0000e-12 5.3093e-11      85172          1  0.000e+00
   1009.934     3.3455     3.3475   3.230978   3.231061     1.7010    -0.3938     0.3531    34.8666 1.8835e+00 1.0000e-12 5.3093e-11      85173          1  0.000e+00
   1009.934     3.3457     3.3474   3.230978   3.231068     1.6998    -0.3938     0.3531    34.8663 0.0000e+00 1.0000e-12 9.9999e+04      85174          1  0.000e+00
   1009.991     3.3458     3.3472   3.230972   3.231034     1.6998    -0.3938     0.3531    34.8662 1.8835e+00 1.0000e-12 5.3093e-11      85175          1  0.000e+00
   1009.991     3.3456     3.3474   3.230978   3.231068     1.6998    -0.3938     0.3531    34.8664 1.8835e+00 1.0000e-12 5.3093e-11      85176          1  0.000e+00
   1009.991     3.3456     3.3475   3.230997   3.231061     1.6998    -0.3938     0.3531    34.8666 1.8835e+00 1.0000e-12 5.3093e-11      85177          1  0.000e+00
