Ship_data/Irminger/Irminger-4/ctd/process/ar21_006.ros
* Sea-Bird SBE 9 Data File:
* FileName = D:\Data\AR21_006.hdr
* Software Version Seasave V 7.23.2
* Temperature SN = 4155
* Conductivity SN = 2645
* Number of Bytes Per Scan = 40
* Number of Voltage Words = 5
* Number of Scans Averaged by the Deck Unit = 1
* NMEA Latitude = 50 47.19 N
* NMEA Longitude = 047 19.09 W
* NMEA UTC (Time) = Aug 02 2017  19:20:56
# nquan = 15
# nvalues = 245                                   
# units = specified
# name 0 = prDM: Pressure, Digiquartz [db]
# name 1 = t090C: Temperature [ITS-90, deg C]
# name 2 = t190C: Temperature, 2 [ITS-90, deg C]
# name 3 = c0S/m: Conductivity [S/m]
# name 4 = c1S/m: Conductivity, 2 [S/m]
# name 5 = sbeox0V: Oxygen raw, SBE 43 [V]
# name 6 = flECO-AFL: Fluorescence, WET Labs ECO-AFL/FL [mg/m^3]
# name 7 = turbWETntu0: Turbidity, WET Labs ECO [NTU]
# name 8 = sal00: Salinity, Practical [PSU]
# name 9 = spar: SPAR/Surface Irradiance
# name 10 = par: PAR/Irradiance, Biospherical/Licor
# name 11 = cpar: CPAR/Corrected Irradiance [%]
# name 12 = scan: Scan Count
# name 13 = nbf: Bottles Fired
# name 14 = flag:  0.000e+00
# interval = seconds: 0.0416667
# start_time = Aug 02 2017 19:20:56 [NMEA time, header]
# bad_flag = -9.990e-29
*END*
   1014.425     3.3276     3.3291   3.229385   3.229406     1.6887    -0.3938     0.3482    34.8641 0.0000e+00 1.0000e-12 9.9999e+04      83377          1  0.000e+00
   1014.425     3.3277     3.3295   3.229361   3.229342     1.6887    -0.3938     0.3531    34.8638 1.8835e+00 1.0000e-12 5.3093e-11      83378          1  0.000e+00
   1014.360     3.3276     3.3296   3.229391   3.229355     1.6887    -0.3938     0.3482    34.8643 0.0000e+00 1.0000e-12 9.9999e+04      83379          1  0.000e+00
   1014.425     3.3277     3.3296   3.229391   3.229392     1.6887    -0.3938     0.3531    34.8641 1.8835e+00 1.0000e-12 5.3093e-11      83380          1  0.000e+00
   1014.368     3.3279     3.3293   3.229361   3.229379     1.6887    -0.3938     0.3482    34.8636 0.0000e+00 1.0000e-12 9.9999e+04      83381          1  0.000e+00
   1014.303     3.3281     3.3294   3.229355   3.229392     1.6887    -0.3938     0.3482    34.8633 0.0000e+00 1.0000e-12 9.9999e+04      83382          1  0.000e+00
   1014.303     3.3277     3.3295   3.229373   3.229369     1.6887    -0.3938     0.3531    34.8640 0.0000e+00 1.0000e-12 9.9999e+04      83383          1  0.000e+00
   1014.303     3.3277     3.3294   3.229404   3.229379     1.6887    -0.3938     0.3482    34.8643 1.8835e+00 1.0000e-12 5.3093e-11      83384          1  0.000e+00
   1014.246     3.3277     3.3296   3.229367   3.229392     1.6887    -0.3938     0.3482    34.8639 0.0000e+00 1.0000e-12 9.9999e+04      83385          1  0.000e+00
   1014.238     3.3277     3.3298   3.229373   3.229379     1.6874    -0.3938     0.3482    34.8640 0.0000e+00 1.0000e-12 9.9999e+04      83386          1  0.000e+00
   1014.238     3.3280     3.3296   3.229403   3.229392     1.6874    -0.3938     0.3482    34.8641 0.0000e+00 1.0000e-12 9.9999e+04      83387          1  0.000e+00
   1014.181     3.3279     3.3299   3.229367   3.229406     1.6887    -0.3938     0.3482    34.8638 1.8835e+00 1.0000e-12 5.3093e-11      83388          1  0.000e+00
   1014.181     3.3277     3.3299   3.229349   3.229419     1.6874    -0.3938     0.3482    34.8637 0.0000e+00 1.0000e-12 9.9999e+04      83389          1  0.000e+00
   1014.124     3.3279     3.3299   3.229416   3.229406     1.6862    -0.3938     0.3482    34.8644 1.8835e+00 1.0000e-12 5.3093e-11      83390          1  0.000e+00
   1014.116     3.3281     3.3298   3.229379   3.229419     1.6874    -0.3938     0.3531    34.8637 1.8835e+00 1.0000e-12 5.3093e-11      83391          1  0.000e+00
   1014.059     3.3279     3.3301   3.229391   3.229392     1.6874    -0.3938     0.3531    34.8641 0.0000e+00 1.0000e-12 9.9999e+04      83392          1  0.000e+00
   1014.059     3.3281     3.3299   3.229367   3.229429     1.6874    -0.3938     0.3531    34.8636 1.8835e+00 1.0000e-12 5.3093e-11      83393          1  0.000e+00
   1014.059     3.3279     3.3299   3.229349   3.229392     1.6874    -0.3938     0.3482    34.8636 1.8835e+00 1.0000e-12 5.3093e-11      83394          1  0.000e+00
   1014.002     3.3281     3.3298   3.229355   3.229456     1.6874    -0.3938     0.3531    34.8635 1.8835e+00 1.0000e-12 5.3093e-11      83395          1  0.000e+00
   1014.059     3.3281     3.3299   3.229397   3.229392     1.6862    -0.3938     0.3531    34.8640 3.7670e+00 1.0000e-12 2.6547e-11      83396          1  0.000e+00
   1013.936     3.3281     3.3299   3.229391   3.229429     1.6862    -0.3938     0.3482    34.8640 1.8835e+00 1.0000e-12 5.3093e-11      83397          1  0.000e+00
   1013.936     3.3279     3.3301   3.229361   3.229419     1.6862    -0.3938     0.3482    34.8638 0.0000e+00 1.0000e-12 9.9999e+04      83398          1  0.000e+00
   1013.936     3.3282     3.3299   3.229349   3.229419     1.6862    -0.3938     0.3531    34.8633 1.8835e+00 1.0000e-12 5.3093e-11      83399          1  0.000e+00
   1013.936     3.3279     3.3298   3.229373   3.229429     1.6862    -0.3938     0.3531    34.8640 1.8835e+00 1.0000e-12 5.3093e-11      83400          1  0.000e+00
   1013.871     3.3281     3.3298   3.229361   3.229392     1.6862    -0.3938     0.3531    34.8636 1.8835e+00 1.0000e-12 5.3093e-11      83401          1  0.000e+00
   1013.879     3.3281     3.3302   3.229349   3.229406     1.6862    -0.3938     0.3531    34.8635 0.0000e+00 1.0000e-12 9.9999e+04      83402          1  0.000e+00
   1013.814     3.3281     3.3301   3.229355   3.229443     1.6862    -0.3938     0.3580    34.8636 1.8835e+00 1.0000e-12 5.3093e-11      83403          1  0.000e+00
   1013.814     3.3281     3.3301   3.229397   3.229429     1.6862    -0.3938     0.3531    34.8641 1.8835e+00 1.0000e-12 5.3093e-11      83404          1  0.000e+00
   1013.757     3.3281     3.3301   3.229367   3.229419     1.6862    -0.3938     0.3531    34.8638 1.8835e+00 1.0000e-12 5.3093e-11      83405          1  0.000e+00
   1013.814     3.3280     3.3299   3.229349   3.229456     1.6862    -0.3938     0.3531    34.8637 0.0000e+00 1.0000e-12 9.9999e+04      83406          1  0.000e+00
   1013.757     3.3281     3.3299   3.229349   3.229419     1.6850    -0.3938     0.3531    34.8636 3.7670e+00 1.0000e-12 2.6547e-11      83407          1  0.000e+00
   1013.692     3.3277     3.3302   3.229355   3.229392     1.6850    -0.3938     0.3531    34.8641 0.0000e+00 1.0000e-12 9.9999e+04      83408          1  0.000e+00
   1013.757     3.3281     3.3299   3.229349   3.229406     1.6850    -0.3938     0.3531    34.8636 0.0000e+00 1.0000e-12 9.9999e+04      83409          1  0.000e+00
   1013.692     3.3279     3.3299   3.229355   3.229419     1.6850    -0.3938     0.3531    34.8639 1.8835e+00 1.0000e-12 5.3093e-11      83410          1  0.000e+00
   1013.692     3.3280     3.3298   3.229349   3.229429     1.6850    -0.3938     0.3531    34.8637 0.0000e+00 1.0000e-12 9.9999e+04      83411          1  0.000e+00
   1013.635     3.3282     3.3301   3.229331   3.229419     1.6850    -0.3938     0.3531    34.8633 1.8835e+00 1.0000e-12 5.3093e-11      83412          1  0.000e+00
   1013.635     3.3281     3.3301   3.229343   3.229406     1.6837    -0.3938     0.3531    34.8636 1.8835e+00 1.0000e-12 5.3093e-11      83413          1  0.000e+00
   1013.635     3.3281     3.3299   3.229367   3.229443     1.6837    -0.3938     0.3531    34.8639 1.8835e+00 1.0000e-12 5.3093e-11      83414          1  0.000e+00
   1013.578     3.3280     3.3301   3.229343   3.229392     1.6837    -0.3938     0.3531    34.8637 0.0000e+00 1.0000e-12 9.9999e+04      83415          1  0.000e+00
   1013.570     3.3282     3.3299   3.229343   3.229406     1.6837    -0.3938     0.3531    34.8634 1.8835e+00 1.0000e-12 5.3093e-11      83416          1  0.000e+00
   1013.570     3.3281     3.3301   3.229331   3.229419     1.6837    -0.3938     0.3531    34.8635 0.0000e+00 1.0000e-12 9.9999e+04      83417          1  0.000e+00
   1013.578     3.3281     3.3302   3.229324   3.229456     1.6837    -0.3938     0.3531    34.8634 1.8835e+00 1.0000e-12 5.3093e-11      83418          1  0.000e+00
   1013.513     3.3282     3.3301   3.229361   3.229419     1.6837    -0.3938     0.3531    34.8637 0.0000e+00 1.0000e-12 9.9999e+04      83419          1  0.000e+00
   1013.513     3.3281     3.3302   3.229343   3.229379     1.6837    -0.3938     0.3531    34.8636 1.8835e+00 1.0000e-12 5.3093e-11      83420          1  0.000e+00
   1013.513     3.3281     3.3299   3.229343   3.229419     1.6837    -0.3938     0.3531    34.8636 0.0000e+00 1.0000e-12 9.9999e+04      83421          1  0.000e+00
   1013.456     3.3279     3.3301   3.229330   3.229419     1.6837    -0.3938     0.3531    34.8637 1.8835e+00 1.0000e-12 5.3093e-11      83422          1  0.000e+00
   1013.513     3.3281     3.3299   3.229324   3.229429     1.6825    -0.3938     0.3531    34.8634 1.8835e+00 1.0000e-12 5.3093e-11      83423          1  0.000e+00
   1013.456     3.3282     3.3299   3.229318   3.229392     1.6825    -0.4133     0.3531    34.8632 0.0000e+00 1.0000e-12 9.9999e+04      83424          1  0.000e+00
   1013.391     3.3281     3.3299   3.229343   3.229406     1.6837    -0.4133     0.3482    34.8636 1.8835e+00 1.0000e-12 5.3093e-11      83425          1  0.000e+00
    810.089     3.3662     3.3683   3.223601   3.224055     1.7639    -0.3743     0.3580    34.8602 1.8835e+00 1.0000e-12 5.3093e-11      89536          2  0.000e+00
    810.072     3.3664     3.3684   3.223601   3.224001     1.7639    -0.3547     0.3580    34.8601 1.8835e+00 1.0000e-12 5.3093e-11      89537          2  0.000e+00
    810.089     3.3664     3.3683   3.223601   3.224001     1.7663    -0.3743     0.3580    34.8601 1.8835e+00 1.0000e-12 5.3093e-11      89538          2  0.000e+00
    810.072     3.3662     3.3685   3.223601   3.224028     1.7663    -0.3743     0.3580    34.8602 0.0000e+00 1.0000e-12 9.9999e+04      89539          2  0.000e+00
    810.154     3.3664     3.3683   3.223576   3.224052     1.7675    -0.3743     0.3580    34.8597 0.0000e+00 1.0000e-12 9.9999e+04      89540          2  0.000e+00
    810.129     3.3662     3.3684   3.223619   3.224055     1.7688    -0.3743     0.3580    34.8604 1.8835e+00 1.0000e-12 5.3093e-11      89541          2  0.000e+00
    810.154     3.3666     3.3686   3.223583   3.224052     1.7700    -0.3743     0.3580    34.8596 1.8835e+00 1.0000e-12 5.3093e-11      89542          2  0.000e+00
    810.251     3.3664     3.3685   3.223595   3.224078     1.7700    -0.3743     0.3580    34.8599 1.8835e+00 1.0000e-12 5.3093e-11      89543          2  0.000e+00
    810.211     3.3666     3.3685   3.223601   3.224052     1.7700    -0.3743     0.3580    34.8598 0.0000e+00 1.0000e-12 9.9999e+04      89544          2  0.000e+00
    810.251     3.3662     3.3683   3.223601   3.224052     1.7712    -0.3743     0.3580    34.8601 1.8835e+00 1.0000e-12 5.3093e-11      89545          2  0.000e+00
    810.276     3.3664     3.3685   3.223589   3.224052     1.7724    -0.3743     0.3580    34.8598 1.8835e+00 1.0000e-12 5.3093e-11      89546          2  0.000e+00
    810.316     3.3664     3.3686   3.223589   3.224055     1.7724    -0.3743     0.3580    34.8598 0.0000e+00 1.0000e-12 9.9999e+04      89547          2  0.000e+00
    810.397     3.3662     3.3685   3.223601   3.224052     1.7737    -0.3743     0.3580    34.8601 1.8835e+00 1.0000e-12 5.3093e-11      89548          2  0.000e+00
    810.373     3.3665     3.3683   3.223619   3.224052     1.7749    -0.3547     0.3580    34.8600 1.8835e+00 1.0000e-12 5.3093e-11      89549          2  0.000e+00
    810.397     3.3664     3.3683   3.223570   3.224102     1.7749    -0.3743     0.3580    34.8595 1.8835e+00 1.0000e-12 5.3093e-11      89550          2  0.000e+00
    810.438     3.3662     3.3685   3.223601   3.224079     1.7761    -0.3743     0.3580    34.8600 0.0000e+00 1.0000e-12 9.9999e+04      89551          2  0.000e+00
    810.454     3.3664     3.3682   3.223613   3.224055     1.7774    -0.3743     0.3580    34.8600 0.0000e+00 1.0000e-12 9.9999e+04      89552          2  0.000e+00
    810.495     3.3664     3.3681   3.223643   3.224052     1.7774    -0.3938     0.3580    34.8604 3.7670e+00 1.0000e-12 2.6547e-11      89553          2  0.000e+00
    810.576     3.3664     3.3682   3.223619   3.224052     1.7774    -0.3938     0.3580    34.8600 0.0000e+00 1.0000e-12 9.9999e+04      89554          2  0.000e+00
    810.552     3.3664     3.3685   3.223577   3.224052     1.7786    -0.3938     0.3580    34.8595 3.7670e+00 1.0000e-12 2.6547e-11      89555          2  0.000e+00
    810.576     3.3664     3.3683   3.223595   3.224052     1.7798    -0.3938     0.3580    34.8597 0.0000e+00 1.0000e-12 9.9999e+04      89556          2  0.000e+00
    810.617     3.3662     3.3683   3.223601   3.224079     1.7810    -0.3938     0.3580    34.8600 0.0000e+00 1.0000e-12 9.9999e+04      89557          2  0.000e+00
    810.698     3.3664     3.3683   3.223583   3.224055     1.7810    -0.3938     0.3580    34.8595 0.0000e+00 1.0000e-12 9.9999e+04      89558          2  0.000e+00
    810.674     3.3664     3.3683   3.223619   3.224079     1.7810    -0.3938     0.3580    34.8600 0.0000e+00 1.0000e-12 9.9999e+04      89559          2  0.000e+00
    810.698     3.3662     3.3683   3.223583   3.224079     1.7823    -0.3938     0.3580    34.8597 1.8835e+00 1.0000e-12 5.3093e-11      89560          2  0.000e+00
    810.739     3.3664     3.3684   3.223595   3.224102     1.7823    -0.3938     0.3580    34.8597 1.8835e+00 1.0000e-12 5.3093e-11      89561          2  0.000e+00
    810.820     3.3664     3.3683   3.223619   3.224052     1.7835    -0.3938     0.3580    34.8599 1.8835e+00 1.0000e-12 5.3093e-11      89562          2  0.000e+00
    810.795     3.3662     3.3685   3.223631   3.224129     1.7835    -0.3938     0.3580    34.8602 1.8835e+00 1.0000e-12 5.3093e-11      89563          2  0.000e+00
    810.877     3.3664     3.3682   3.223631   3.224052     1.7847    -0.3938     0.3580    34.8600 1.8835e+00 1.0000e-12 5.3093e-11      89564          2  0.000e+00
    810.860     3.3664     3.3681   3.223613   3.224102     1.7847    -0.3938     0.3580    34.8598 1.8835e+00 1.0000e-12 5.3093e-11      89565          2  0.000e+00
    810.942     3.3662     3.3685   3.223619   3.224052     1.7860    -0.3938     0.3580    34.8600 1.8835e+00 1.0000e-12 5.3093e-11      89566          2  0.000e+00
    810.982     3.3662     3.3685   3.223631   3.224079     1.7860    -0.3938     0.3580    34.8602 1.8835e+00 1.0000e-12 5.3093e-11      89567          2  0.000e+00
    810.999     3.3662     3.3683   3.223607   3.224102     1.7872    -0.3938     0.3580    34.8598 0.0000e+00 1.0000e-12 9.9999e+04      89568          2  0.000e+00
    811.039     3.3664     3.3683   3.223625   3.224106     1.7872    -0.3938     0.3580    34.8599 0.0000e+00 1.0000e-12 9.9999e+04      89569          2  0.000e+00
    811.064     3.3662     3.3685   3.223565   3.224079     1.7884    -0.3938     0.3580    34.8593 0.0000e+00 1.0000e-12 9.9999e+04      89570          2  0.000e+00
    811.104     3.3664     3.3683   3.223656   3.224052     1.7884    -0.3938     0.3580    34.8602 0.0000e+00 1.0000e-12 9.9999e+04      89571          2  0.000e+00
    811.120     3.3662     3.3684   3.223631   3.224079     1.7896    -0.3938     0.3580    34.8601 1.8835e+00 1.0000e-12 5.3093e-11      89572          2  0.000e+00
    811.218     3.3660     3.3683   3.223619   3.224052     1.7896    -0.3938     0.3580    34.8601 0.0000e+00 1.0000e-12 9.9999e+04      89573          2  0.000e+00
    811.177     3.3666     3.3683   3.223613   3.224129     1.7896    -0.3938     0.3580    34.8594 0.0000e+00 1.0000e-12 9.9999e+04      89574          2  0.000e+00
    811.283     3.3664     3.3683   3.223643   3.224102     1.7896    -0.3938     0.3580    34.8600 0.0000e+00 1.0000e-12 9.9999e+04      89575          2  0.000e+00
    811.242     3.3662     3.3684   3.223601   3.224102     1.7909    -0.3938     0.3580    34.8597 0.0000e+00 1.0000e-12 9.9999e+04      89576          2  0.000e+00
    811.340     3.3666     3.3685   3.223613   3.224102     1.7909    -0.3938     0.3580    34.8594 0.0000e+00 1.0000e-12 9.9999e+04      89577          2  0.000e+00
    811.364     3.3664     3.3683   3.223631   3.224079     1.7909    -0.3938     0.3580    34.8598 0.0000e+00 1.0000e-12 9.9999e+04      89578          2  0.000e+00
    811.405     3.3664     3.3682   3.223631   3.224102     1.7921    -0.3938     0.3580    34.8597 1.8835e+00 1.0000e-12 5.3093e-11      89579          2  0.000e+00
    811.421     3.3664     3.3684   3.223613   3.224156     1.7921    -0.3938     0.3580    34.8595 1.8835e+00 1.0000e-12 5.3093e-11      89580          2  0.000e+00
    811.462     3.3664     3.3685   3.223601   3.224102     1.7921    -0.3938     0.3580    34.8594 0.0000e+00 1.0000e-12 9.9999e+04      89581          2  0.000e+00
    811.486     3.3665     3.3683   3.223601   3.224102     1.7921    -0.3938     0.3580    34.8592 1.8835e+00 1.0000e-12 5.3093e-11      89582          2  0.000e+00
