Ship_data/Irminger/Irminger-4/ctd/process/ar21_006.ros
* Sea-Bird SBE 9 Data File:
* FileName = D:\Data\AR21_006.hdr
* Software Version Seasave V 7.23.2
* Temperature SN = 4155
* Conductivity SN = 2645
* Number of Bytes Per Scan = 40
* Number of Voltage Words = 5
* Number of Scans Averaged by the Deck Unit = 1
* NMEA Latitude = 50 47.19 N
* NMEA Longitude = 047 19.09 W
* NMEA UTC (Time) = Aug 02 2017  19:20:56
# nquan = 15
# nvalues = 245                                   
# units = specified
# name 0 = prDM: Pressure, Digiquartz [db]
# name 1 = t090C: Temperature [ITS-90, deg C]
# name 2 = t190C: Temperature, 2 [ITS-90, deg C]
# name 3 = c0S/m: Conductivity [S/m]
# name 4 = c1S/m: Conductivity, 2 [S/m]
# name 5 = sbeox0V: Oxygen raw, SBE 43 [V]
# name 6 = flECO-AFL: Fluorescence, WET Labs ECO-AFL/FL [mg/m^3]
# name 7 = turbWETntu0: Turbidity, WET Labs ECO [NTU]
# name 8 = sal00: Salinity, Practical [PSU]
# name 9 = spar: SPAR/Surface Irradiance
# name 10 = par: PAR/Irradiance, Biospherical/Licor
# name 11 = cpar: CPAR/Corrected Irradiance [%]
# name 12 = scan: Scan Count
# name 13 = nbf: Bottles Fired
# name 14 = flag:  0.000e+00
# interval = seconds: 0.0416667
# start_time = Aug 02 2017 19:20:56 [NMEA time, header]
# bad_flag = -9.990e-29
*END*
[from data line 193]
    306.137     3.4849     3.4867   3.210520   3.210400     1.8023    -0.3938     0.3678    34.8460 0.0000e+00 1.0000e-12 9.9999e+04     103294          4  0.000e+00
    306.193     3.4849     3.4867   3.210520   3.210393     1.8023    -0.3938     0.3678    34.8460 3.7670e+00 1.0000e-12 2.6547e-11     103295          4  0.000e+00
    306.161     3.4850     3.4865   3.210520   3.210400     1.8047    -0.3938     0.3726    34.8458 1.8835e+00 1.0000e-12 5.3093e-11     103296          4  0.000e+00
    305.067     3.4850     3.4871   3.210423   3.210366     1.8011    -0.3938     0.3629    34.8452 1.8835e+00 1.0000e-12 5.3093e-11     103461          5  0.000e+00
    305.067     3.4851     3.4873   3.210441   3.210426     1.7998    -0.3938     0.3629    34.8454 1.8835e+00 1.0000e-12 5.3093e-11     103462          5  0.000e+00
    305.147     3.4850     3.4871   3.210471   3.210393     1.7998    -0.3938     0.3629    34.8458 1.8835e+00 1.0000e-12 5.3093e-11     103463          5  0.000e+00
    305.067     3.4849     3.4873   3.210483   3.210400     1.7998    -0.3938     0.3629    34.8461 1.8835e+00 1.0000e-12 5.3093e-11     103464          5  0.000e+00
    304.946     3.4853     3.4871   3.210453   3.210416     1.7998    -0.3938     0.3629    34.8454 0.0000e+00 1.0000e-12 9.9999e+04     103465          5  0.000e+00
    305.027     3.4849     3.4872   3.210453   3.210376     1.7998    -0.3743     0.3629    34.8458 0.0000e+00 1.0000e-12 9.9999e+04     103466          5  0.000e+00
    305.003     3.4852     3.4873   3.210423   3.210416     1.7998    -0.3938     0.3629    34.8451 0.0000e+00 1.0000e-12 9.9999e+04     103467          5  0.000e+00
    305.003     3.4852     3.4871   3.210441   3.210400     1.7986    -0.3938     0.3629    34.8453 1.8835e+00 1.0000e-12 5.3093e-11     103468          5  0.000e+00
    304.946     3.4851     3.4870   3.210441   3.210393     1.7986    -0.3938     0.3629    34.8455 1.8835e+00 1.0000e-12 5.3093e-11     103469          5  0.000e+00
    304.970     3.4852     3.4871   3.210453   3.210400     1.7986    -0.3938     0.3629    34.8455 1.8835e+00 1.0000e-12 5.3093e-11     103470          5  0.000e+00
    304.946     3.4850     3.4873   3.210441   3.210366     1.7986    -0.3938     0.3629    34.8455 0.0000e+00 1.0000e-12 9.9999e+04     103471          5  0.000e+00
    304.890     3.4852     3.4870   3.210465   3.210376     1.7986    -0.3938     0.3629    34.8457 1.8835e+00 1.0000e-12 5.3093e-11     103472          5  0.000e+00
    304.906     3.4849     3.4871   3.210465   3.210393     1.7986    -0.3938     0.3678    34.8460 3.7670e+00 1.0000e-12 2.6547e-11     103473          5  0.000e+00
    304.890     3.4853     3.4872   3.210423   3.210376     1.7974    -0.3938     0.3629    34.8450 1.8835e+00 1.0000e-12 5.3093e-11     103474          5  0.000e+00
    304.890     3.4850     3.4871   3.210404   3.210416     1.7974    -0.3938     0.3678    34.8451 1.8835e+00 1.0000e-12 5.3093e-11     103475          5  0.000e+00
    304.906     3.4850     3.4871   3.210441   3.210376     1.7974    -0.3938     0.3629    34.8456 1.8835e+00 1.0000e-12 5.3093e-11     103476          5  0.000e+00
    304.825     3.4851     3.4871   3.210441   3.210393     1.7962    -0.3938     0.3629    34.8455 1.8835e+00 1.0000e-12 5.3093e-11     103477          5  0.000e+00
    304.825     3.4850     3.4873   3.210435   3.210426     1.7962    -0.3743     0.3629    34.8455 3.7670e+00 1.0000e-12 2.6547e-11     103478          5  0.000e+00
    304.850     3.4850     3.4871   3.210435   3.210393     1.7962    -0.3938     0.3629    34.8455 0.0000e+00 1.0000e-12 9.9999e+04     103479          5  0.000e+00
    304.825     3.4854     3.4871   3.210453   3.210416     1.7974    -0.3743     0.3629    34.8454 0.0000e+00 1.0000e-12 9.9999e+04     103480          5  0.000e+00
    304.825     3.4850     3.4870   3.210429   3.210400     1.7962    -0.3743     0.3629    34.8455 0.0000e+00 1.0000e-12 9.9999e+04     103481          5  0.000e+00
    304.793     3.4850     3.4870   3.210447   3.210416     1.7962    -0.3743     0.3629    34.8457 3.7670e+00 1.0000e-12 2.6547e-11     103482          5  0.000e+00
    304.769     3.4852     3.4871   3.210423   3.210376     1.7962    -0.3743     0.3629    34.8452 0.0000e+00 1.0000e-12 9.9999e+04     103483          5  0.000e+00
    304.769     3.4852     3.4871   3.210441   3.210366     1.7962    -0.3743     0.3629    34.8454 0.0000e+00 1.0000e-12 9.9999e+04     103484          5  0.000e+00
    304.648     3.4852     3.4870   3.210441   3.210399     1.7962    -0.3743     0.3629    34.8455 0.0000e+00 1.0000e-12 9.9999e+04     103485          5  0.000e+00
    304.906     3.4850     3.4871   3.210453   3.210366     1.7962    -0.3547     0.3629    34.8457 1.8835e+00 1.0000e-12 5.3093e-11     103486          5  0.000e+00
    304.769     3.4852     3.4870   3.210423   3.210399     1.7949    -0.3547     0.3629    34.8452 1.8835e+00 1.0000e-12 5.3093e-11     103487          5  0.000e+00
    304.705     3.4851     3.4871   3.210422   3.210366     1.7949    -0.3743     0.3629    34.8454 1.8835e+00 1.0000e-12 5.3093e-11     103488          5  0.000e+00
    304.729     3.4850     3.4872   3.210422   3.210349     1.7949    -0.3743     0.3629    34.8454 1.8835e+00 1.0000e-12 5.3093e-11     103489          5  0.000e+00
    304.769     3.4850     3.4870   3.210447   3.210416     1.7949    -0.3743     0.3629    34.8457 3.7670e+00 1.0000e-12 2.6547e-11     103490          5  0.000e+00
    304.705     3.4851     3.4870   3.210441   3.210399     1.7949    -0.3743     0.3629    34.8456 0.0000e+00 1.0000e-12 9.9999e+04     103491          5  0.000e+00
    304.729     3.4852     3.4870   3.210435   3.210366     1.7949    -0.3743     0.3629    34.8454 1.8835e+00 1.0000e-12 5.3093e-11     103492          5  0.000e+00
    304.705     3.4850     3.4873   3.210453   3.210376     1.7949    -0.3743     0.3629    34.8458 3.7670e+00 1.0000e-12 2.6547e-11     103493          5  0.000e+00
    304.769     3.4853     3.4871   3.210441   3.210393     1.7937    -0.3743     0.3629    34.8453 0.0000e+00 1.0000e-12 9.9999e+04     103494          5  0.000e+00
    304.729     3.4851     3.4870   3.210435   3.210426     1.7949    -0.3743     0.3629    34.8455 1.8835e+00 1.0000e-12 5.3093e-11     103495          5  0.000e+00
    304.705     3.4850     3.4871   3.210453   3.210366     1.7937    -0.3743     0.3629    34.8458 0.0000e+00 1.0000e-12 9.9999e+04     103496          5  0.000e+00
    304.705     3.4850     3.4869   3.210441   3.210399     1.7937    -0.3743     0.3629    34.8457 1.8835e+00 1.0000e-12 5.3093e-11     103497          5  0.000e+00
    304.729     3.4850     3.4870   3.210441   3.210393     1.7937    -0.3743     0.3629    34.8456 0.0000e+00 1.0000e-12 9.9999e+04     103498          5  0.000e+00
    304.705     3.4851     3.4871   3.210441   3.210393     1.7937    -0.3743     0.3629    34.8456 1.8835e+00 1.0000e-12 5.3093e-11     103499          5  0.000e+00
    304.705     3.4852     3.4870   3.210453   3.210349     1.7937    -0.3743     0.3629    34.8456 0.0000e+00 1.0000e-12 9.9999e+04     103500          5  0.000e+00
    304.705     3.4850     3.4871   3.210459   3.210416     1.7937    -0.3743     0.3629    34.8459 1.8835e+00 1.0000e-12 5.3093e-11     103501          5  0.000e+00
    304.729     3.4852     3.4868   3.210441   3.210376     1.7937    -0.3743     0.3629    34.8454 1.8835e+00 1.0000e-12 5.3093e-11     103502          5  0.000e+00
    304.705     3.4850     3.4870   3.210453   3.210393     1.7937    -0.3743     0.3629    34.8458 0.0000e+00 1.0000e-12 9.9999e+04     103503          5  0.000e+00
    304.705     3.4850     3.4872   3.210441   3.210376     1.7937    -0.3743     0.3629    34.8457 1.8835e+00 1.0000e-12 5.3093e-11     103504          5  0.000e+00
    304.729     3.4852     3.4868   3.210453   3.210366     1.7937    -0.3743     0.3629    34.8456 0.0000e+00 1.0000e-12 9.9999e+04     103505          5  0.000e+00
    304.705     3.4851     3.4870   3.210459   3.210426     1.7925    -0.3743     0.3629    34.8458 0.0000e+00 1.0000e-12 9.9999e+04     103506          5  0.000e+00
    304.705     3.4852     3.4871   3.210429   3.210393     1.7925    -0.3743     0.3629    34.8454 0.0000e+00 1.0000e-12 9.9999e+04     103507          5  0.000e+00
    304.729     3.4852     3.4870   3.210410   3.210376     1.7925    -0.3743     0.3629    34.8451 1.8835e+00 1.0000e-12 5.3093e-11     103508          5  0.000e+00
    304.769     3.4852     3.4870   3.210423   3.210393     1.7925    -0.3743     0.3629    34.8452 0.0000e+00 1.0000e-12 9.9999e+04     103509          5  0.000e+00
