Ship_data/Irminger/Irminger-4/ctd/process/ar21_009.ros
* Sea-Bird SBE 9 Data File:
* FileName = D:\Data\AR21_009.hdr
* Software Version Seasave V 7.23.2
* Temperature SN = 4155
* Conductivity SN = 2645
* Number of Bytes Per Scan = 40
* Number of Voltage Words = 5
* Number of Scans Averaged by the Deck Unit = 1
* NMEA Latitude = 59 58.27 N
* NMEA Longitude = 039 30.81 W
* NMEA UTC (Time) = Aug 06 2017  21:22:51
** Test cast to check pump1 and acoustic device for James
# nquan = 15
# nvalues = 1176                                  
# units = specified
# name 0 = prDM: Pressure, Digiquartz [db]
# name 1 = t090C: Temperature [ITS-90, deg C]
# name 2 = t190C: Temperature, 2 [ITS-90, deg C]
# name 3 = c0S/m: Conductivity [S/m]
# name 4 = c1S/m: Conductivity, 2 [S/m]
# name 5 = sbeox0V: Oxygen raw, SBE 43 [V]
# name 6 = flECO-AFL: Fluorescence, WET Labs ECO-AFL/FL [mg/m^3]
# name 7 = turbWETntu0: Turbidity, WET Labs ECO [NTU]
# name 8 = sal00: Salinity, Practical [PSU]
# name 9 = spar: SPAR/Surface Irradiance
# name 10 = par: PAR/Irradiance, Biospherical/Licor
# name 11 = cpar: CPAR/Corrected Irradiance [%]
# name 12 = scan: Scan Count
# name 13 = nbf: Bottles Fired
# name 14 = flag:  0.000e+00
# interval = seconds: 0.0416667
# start_time = Aug 06 2017 21:22:51 [NMEA time, header]
# bad_flag = -9.990e-29
*END*
[from data line 386]
    859.449     3.3928     3.3941   3.228724   3.228660     2.0000    -0.3743     0.3580    34.8675 1.8835e+00 1.0000e-12 5.3093e-11      43381          8  0.000e+00
    859.408     3.3929     3.3941   3.228749   3.228627     2.0000    -0.3743     0.3531    34.8677 1.8835e+00 1.0000e-12 5.3093e-11      43382          8  0.000e+00
    859.327     3.3930     3.3942   3.228785   3.228637     2.0000    -0.3938     0.3531    34.8681 0.0000e+00 1.0000e-12 9.9999e+04      43383          8  0.000e+00
    859.221     3.3932     3.3944   3.228779   3.228627     2.0000    -0.3938     0.3531    34.8678 0.0000e+00 1.0000e-12 9.9999e+04      43384          8  0.000e+00
    859.205     3.3933     3.3947   3.228791   3.228637     2.0000    -0.3938     0.3531    34.8679 0.0000e+00 1.0000e-12 9.9999e+04      43385          8  0.000e+00
    859.099     3.3931     3.3946   3.228779   3.228687     2.0000    -0.3938     0.3580    34.8680 0.0000e+00 1.0000e-12 9.9999e+04      43386          8  0.000e+00
    811.192     3.4063     3.4071   3.227988   3.227804     2.0123    -0.3938     0.3580    34.8695 1.8835e+00 1.0000e-12 5.3093e-11      44531          9  0.000e+00
    811.095     3.4060     3.4072   3.227988   3.227814     2.0123    -0.3938     0.3580    34.8700 0.0000e+00 1.0000e-12 9.9999e+04      44532          9  0.000e+00
    811.136     3.4062     3.4071   3.227988   3.227814     2.0123    -0.3938     0.3580    34.8697 1.8835e+00 1.0000e-12 5.3093e-11      44533          9  0.000e+00
    811.030     3.4062     3.4071   3.228006   3.227804     2.0123    -0.3938     0.3580    34.8700 0.0000e+00 1.0000e-12 9.9999e+04      44534          9  0.000e+00
    811.071     3.4062     3.4071   3.228000   3.227814     2.0123    -0.3938     0.3580    34.8699 0.0000e+00 1.0000e-12 9.9999e+04      44535          9  0.000e+00
    810.973     3.4060     3.4071   3.227970   3.227814     2.0123    -0.3938     0.3580    34.8698 1.8835e+00 1.0000e-12 5.3093e-11      44536          9  0.000e+00
    810.949     3.4063     3.4069   3.227958   3.227780     2.0136    -0.3938     0.3580    34.8693 1.8835e+00 1.0000e-12 5.3093e-11      44537          9  0.000e+00
    810.908     3.4062     3.4072   3.227958   3.227787     2.0136    -0.3938     0.3580    34.8695 1.8835e+00 1.0000e-12 5.3093e-11      44538          9  0.000e+00
    810.648     3.4060     3.4071   3.227958   3.227831     2.0136    -0.3938     0.3580    34.8698 0.0000e+00 1.0000e-12 9.9999e+04      44539          9  0.000e+00
    811.030     3.4060     3.4072   3.227940   3.227787     2.0123    -0.3938     0.3580    34.8694 0.0000e+00 1.0000e-12 9.9999e+04      44540          9  0.000e+00
    810.730     3.4058     3.4071   3.227945   3.227814     2.0136    -0.3938     0.3580    34.8698 1.8835e+00 1.0000e-12 5.3093e-11      44541          9  0.000e+00
    810.713     3.4060     3.4071   3.227939   3.227831     2.0136    -0.3938     0.3580    34.8695 1.8835e+00 1.0000e-12 5.3093e-11      44542          9  0.000e+00
    810.730     3.4060     3.4071   3.227927   3.227814     2.0136    -0.3938     0.3580    34.8694 0.0000e+00 1.0000e-12 9.9999e+04      44543          9  0.000e+00
    810.648     3.4060     3.4071   3.227945   3.227763     2.0136    -0.3938     0.3580    34.8696 0.0000e+00 1.0000e-12 9.9999e+04      44544          9  0.000e+00
    810.543     3.4062     3.4069   3.227939   3.227804     2.0136    -0.3938     0.3580    34.8695 1.8835e+00 1.0000e-12 5.3093e-11      44545          9  0.000e+00
    810.592     3.4062     3.4072   3.227927   3.227763     2.0136    -0.3938     0.3580    34.8693 1.8835e+00 1.0000e-12 5.3093e-11      44546          9  0.000e+00
    810.486     3.4060     3.4069   3.227945   3.227787     2.0136    -0.3938     0.3580    34.8698 1.8835e+00 1.0000e-12 5.3093e-11      44547          9  0.000e+00
    810.470     3.4062     3.4071   3.227958   3.227780     2.0123    -0.3938     0.3580    34.8697 1.8835e+00 1.0000e-12 5.3093e-11      44548          9  0.000e+00
    810.429     3.4063     3.4071   3.227958   3.227763     2.0123    -0.3938     0.3580    34.8696 1.8835e+00 1.0000e-12 5.3093e-11      44549          9  0.000e+00
    810.405     3.4065     3.4069   3.227939   3.227804     2.0123    -0.3938     0.3580    34.8692 0.0000e+00 1.0000e-12 9.9999e+04      44550          9  0.000e+00
    810.307     3.4065     3.4071   3.227970   3.227787     2.0136    -0.3938     0.3580    34.8696 1.8835e+00 1.0000e-12 5.3093e-11      44551          9  0.000e+00
    810.283     3.4063     3.4071   3.228006   3.227763     2.0136    -0.3938     0.3580    34.8702 0.0000e+00 1.0000e-12 9.9999e+04      44552          9  0.000e+00
    810.243     3.4065     3.4069   3.227976   3.227753     2.0123    -0.3938     0.3580    34.8697 1.8835e+00 1.0000e-12 5.3093e-11      44553          9  0.000e+00
    810.226     3.4065     3.4069   3.227939   3.227763     2.0123    -0.3938     0.3580    34.8693 1.8835e+00 1.0000e-12 5.3093e-11      44554          9  0.000e+00
    810.186     3.4066     3.4069   3.227970   3.227787     2.0136    -0.3938     0.3580    34.8695 1.8835e+00 1.0000e-12 5.3093e-11      44555          9  0.000e+00
    810.121     3.4066     3.4071   3.227988   3.227780     2.0136    -0.3938     0.3580    34.8698 1.8835e+00 1.0000e-12 5.3093e-11      44556          9  0.000e+00
    810.040     3.4066     3.4069   3.227945   3.227736     2.0136    -0.3938     0.3580    34.8693 0.0000e+00 1.0000e-12 9.9999e+04      44557          9  0.000e+00
    810.064     3.4066     3.4069   3.227945   3.227736     2.0123    -0.3938     0.3580    34.8693 1.8835e+00 1.0000e-12 5.3093e-11      44558          9  0.000e+00
    809.983     3.4068     3.4071   3.227957   3.227729     2.0136    -0.3938     0.3580    34.8693 0.0000e+00 1.0000e-12 9.9999e+04      44559          9  0.000e+00
    809.942     3.4066     3.4071   3.227976   3.227763     2.0136    -0.3938     0.3580    34.8697 3.7670e+00 1.0000e-12 2.6547e-11      44560          9  0.000e+00
    809.861     3.4066     3.4071   3.227969   3.227736     2.0136    -0.3938     0.3580    34.8697 1.8835e+00 1.0000e-12 5.3093e-11      44561          9  0.000e+00
    809.877     3.4066     3.4072   3.227957   3.227702     2.0136    -0.3938     0.3580    34.8695 1.8835e+00 1.0000e-12 5.3093e-11      44562          9  0.000e+00
    809.804     3.4066     3.4075   3.227957   3.227787     2.0136    -0.3938     0.3580    34.8696 1.8835e+00 1.0000e-12 5.3093e-11      44563          9  0.000e+00
    809.764     3.4068     3.4077   3.227939   3.227753     2.0136    -0.3938     0.3580    34.8692 1.8835e+00 1.0000e-12 5.3093e-11      44564          9  0.000e+00
    809.682     3.4066     3.4082   3.227945   3.227786     2.0136    -0.3938     0.3580    34.8695 1.8835e+00 1.0000e-12 5.3093e-11      44565          9  0.000e+00
    809.699     3.4063     3.4079   3.227939   3.227813     2.0136    -0.3938     0.3580    34.8697 1.8835e+00 1.0000e-12 5.3093e-11      44566          9  0.000e+00
    809.617     3.4068     3.4079   3.227945   3.227854     2.0136    -0.3938     0.3580    34.8693 1.8835e+00 1.0000e-12 5.3093e-11      44567          9  0.000e+00
    809.577     3.4063     3.4079   3.227939   3.227813     2.0136    -0.3938     0.3580    34.8698 1.8835e+00 1.0000e-12 5.3093e-11      44568          9  0.000e+00
    809.496     3.4066     3.4080   3.227927   3.227813     2.0136    -0.3938     0.3580    34.8694 0.0000e+00 1.0000e-12 9.9999e+04      44569          9  0.000e+00
    809.520     3.4066     3.4080   3.227927   3.227803     2.0136    -0.3938     0.3580    34.8694 1.8835e+00 1.0000e-12 5.3093e-11      44570          9  0.000e+00
    809.439     3.4065     3.4082   3.227945   3.227837     2.0136    -0.3938     0.3580    34.8698 1.8835e+00 1.0000e-12 5.3093e-11      44571          9  0.000e+00
    809.398     3.4066     3.4079   3.227939   3.227813     2.0136    -0.3938     0.3580    34.8696 0.0000e+00 1.0000e-12 9.9999e+04      44572          9  0.000e+00
    809.317     3.4066     3.4082   3.227945   3.227830     2.0136    -0.3938     0.3580    34.8697 1.8835e+00 1.0000e-12 5.3093e-11      44573          9  0.000e+00
    809.276     3.4065     3.4082   3.227939   3.227786     2.0136    -0.3938     0.3580    34.8698 1.8835e+00 1.0000e-12 5.3093e-11      44574          9  0.000e+00
    809.260     3.4066     3.4082   3.227927   3.227830     2.0136    -0.3938     0.3580    34.8695 1.8835e+00 1.0000e-12 5.3093e-11      44575          9  0.000e+00
    809.220     3.4066     3.4082   3.227927   3.227786     2.0136    -0.3938     0.3580    34.8695 1.8835e+00 1.0000e-12 5.3093e-11      44576          9  0.000e+00
    809.138     3.4065     3.4082   3.227927   3.227813     2.0148    -0.3938     0.3580    34.8697 1.8835e+00 1.0000e-12 5.3093e-11      44577          9  0.000e+00
    809.098     3.4066     3.4082   3.227945   3.227830     2.0136    -0.3938     0.3580    34.8698 0.0000e+00 1.0000e-12 9.9999e+04      44578          9  0.000e+00
    809.074     3.4066     3.4083   3.227915   3.227813     2.0136    -0.3938     0.3580    34.8695 1.8835e+00 1.0000e-12 5.3093e-11      44579          9  0.000e+00
    759.689     3.4215     3.4228   3.227220   3.227091     2.0284    -0.3938     0.3580    34.8712 1.8835e+00 1.0000e-12 5.3093e-11      45752         10  0.000e+00
    759.697     3.4216     3.4230   3.227214   3.227084     2.0271    -0.3938     0.3580    34.8711 0.0000e+00 1.0000e-12 9.9999e+04      45753         10  0.000e+00
    759.510     3.4215     3.4228   3.227184   3.227141     2.0271    -0.3938     0.3580    34.8709 0.0000e+00 1.0000e-12 9.9999e+04      45754         10  0.000e+00
    759.632     3.4213     3.4230   3.227190   3.227064     2.0284    -0.3938     0.3531    34.8712 0.0000e+00 1.0000e-12 9.9999e+04      45755         10  0.000e+00
    759.510     3.4215     3.4232   3.227220   3.227091     2.0284    -0.4133     0.3531    34.8713 0.0000e+00 1.0000e-12 9.9999e+04      45756         10  0.000e+00
    759.453     3.4216     3.4232   3.227214   3.227084     2.0284    -0.4133     0.3482    34.8712 3.7670e+00 1.0000e-12 2.6547e-11      45757         10  0.000e+00
    759.389     3.4215     3.4230   3.227202   3.227114     2.0284    -0.4133     0.3482    34.8712 0.0000e+00 1.0000e-12 9.9999e+04      45758         10  0.000e+00
    759.332     3.4214     3.4232   3.227184   3.227064     2.0284    -0.4133     0.3531    34.8711 1.8835e+00 1.0000e-12 5.3093e-11      45759         10  0.000e+00
    759.324     3.4214     3.4230   3.227154   3.227108     2.0284    -0.4133     0.3482    34.8708 1.8835e+00 1.0000e-12 5.3093e-11      45760         10  0.000e+00
    759.267     3.4216     3.4232   3.227160   3.227040     2.0284    -0.4133     0.3482    34.8707 0.0000e+00 1.0000e-12 9.9999e+04      45761         10  0.000e+00
    759.145     3.4214     3.4230   3.227172   3.227091     2.0284    -0.4133     0.3482    34.8711 1.8835e+00 1.0000e-12 5.3093e-11      45762         10  0.000e+00
    759.210     3.4216     3.4232   3.227154   3.227084     2.0284    -0.4133     0.3482    34.8706 1.8835e+00 1.0000e-12 5.3093e-11      45763         10  0.000e+00
    759.080     3.4217     3.4233   3.227208   3.227091     2.0284    -0.4133     0.3531    34.8712 1.8835e+00 1.0000e-12 5.3093e-11      45764         10  0.000e+00
    759.032     3.4217     3.4235   3.227214   3.227040     2.0271    -0.4133     0.3531    34.8713 0.0000e+00 1.0000e-12 9.9999e+04      45765         10  0.000e+00
    759.024     3.4220     3.4236   3.227202   3.227057     2.0284    -0.4133     0.3531    34.8709 1.8835e+00 1.0000e-12 5.3093e-11      45766         10  0.000e+00
    758.910     3.4221     3.4238   3.227184   3.227114     2.0284    -0.4133     0.3482    34.8706 1.8835e+00 1.0000e-12 5.3093e-11      45767         10  0.000e+00
    758.902     3.4223     3.4240   3.227263   3.227114     2.0284    -0.4133     0.3482    34.8713 1.8835e+00 1.0000e-12 5.3093e-11      45768         10  0.000e+00
    758.845     3.4227     3.4240   3.227293   3.227134     2.0284    -0.4133     0.3531    34.8713 1.8835e+00 1.0000e-12 5.3093e-11      45769         10  0.000e+00
    758.780     3.4228     3.4241   3.227275   3.227165     2.0284    -0.4133     0.3482    34.8710 1.8835e+00 1.0000e-12 5.3093e-11      45770         10  0.000e+00
    758.724     3.4227     3.4244   3.227244   3.227165     2.0284    -0.4133     0.3531    34.8708 3.7670e+00 1.0000e-12 2.6547e-11      45771         10  0.000e+00
    758.659     3.4226     3.4246   3.227250   3.227158     2.0284    -0.4133     0.3482    34.8710 0.0000e+00 1.0000e-12 9.9999e+04      45772         10  0.000e+00
    758.667     3.4225     3.4246   3.227281   3.227165     2.0284    -0.4133     0.3531    34.8714 1.8835e+00 1.0000e-12 5.3093e-11      45773         10  0.000e+00
    758.537     3.4230     3.4246   3.227275   3.227192     2.0296    -0.4133     0.3531    34.8709 0.0000e+00 1.0000e-12 9.9999e+04      45774         10  0.000e+00
    758.545     3.4231     3.4249   3.227305   3.227208     2.0284    -0.4133     0.3482    34.8712 1.8835e+00 1.0000e-12 5.3093e-11      45775         10  0.000e+00
    758.424     3.4235     3.4249   3.227341   3.227215     2.0284    -0.4133     0.3482    34.8712 0.0000e+00 1.0000e-12 9.9999e+04      45776         10  0.000e+00
    758.424     3.4236     3.4246   3.227353   3.227215     2.0284    -0.4133     0.3482    34.8713 0.0000e+00 1.0000e-12 9.9999e+04      45777         10  0.000e+00
    758.359     3.4235     3.4248   3.227335   3.227185     2.0284    -0.4133     0.3482    34.8712 1.8835e+00 1.0000e-12 5.3093e-11      45778         10  0.000e+00
    758.367     3.4234     3.4251   3.227323   3.227215     2.0284    -0.3938     0.3531    34.8711 1.8835e+00 1.0000e-12 5.3093e-11      45779         10  0.000e+00
    758.237     3.4237     3.4256   3.227341   3.227191     2.0284    -0.3547     0.3580    34.8712 0.0000e+00 1.0000e-12 9.9999e+04      45780         10  0.000e+00
    758.180     3.4241     3.4259   3.227371   3.227286     2.0284    -0.3352     0.3629    34.8711 1.8835e+00 1.0000e-12 5.3093e-11      45781         10  0.000e+00
    758.180     3.4249     3.4257   3.227420   3.227242     2.0284    -0.3547     0.3580    34.8708 0.0000e+00 1.0000e-12 9.9999e+04      45782         10  0.000e+00
    758.123     3.4257     3.4257   3.227505   3.227265     2.0296    -0.3352     0.3580    34.8710 0.0000e+00 1.0000e-12 9.9999e+04      45783         10  0.000e+00
    758.059     3.4257     3.4260   3.227529   3.227309     2.0296    -0.3352     0.3580    34.8713 3.7670e+00 1.0000e-12 2.6547e-11      45784         10  0.000e+00
    758.002     3.4260     3.4263   3.227529   3.227292     2.0284    -0.3352     0.3580    34.8711 1.8835e+00 1.0000e-12 5.3093e-11      45785         10  0.000e+00
    757.937     3.4260     3.4265   3.227486   3.227343     2.0284    -0.3547     0.3580    34.8705 1.8835e+00 1.0000e-12 5.3093e-11      45786         10  0.000e+00
    757.945     3.4255     3.4263   3.227468   3.227336     2.0284    -0.3547     0.3580    34.8709 1.8835e+00 1.0000e-12 5.3093e-11      45787         10  0.000e+00
    757.702     3.4257     3.4262   3.227486   3.227316     2.0284    -0.3547     0.3580    34.8710 0.0000e+00 1.0000e-12 9.9999e+04      45788         10  0.000e+00
    757.937     3.4255     3.4260   3.227480   3.227343     2.0284    -0.3547     0.3580    34.8710 3.7670e+00 1.0000e-12 2.6547e-11      45789         10  0.000e+00
    757.823     3.4253     3.4262   3.227486   3.227309     2.0284    -0.3352     0.3629    34.8714 1.8835e+00 1.0000e-12 5.3093e-11      45790         10  0.000e+00
    757.694     3.4251     3.4260   3.227456   3.227292     2.0284    -0.3547     0.3580    34.8714 0.0000e+00 1.0000e-12 9.9999e+04      45791         10  0.000e+00
