Ship_data/Irminger/Irminger-4/ctd/process/ar21_010.ros
* Sea-Bird SBE 9 Data File:
* FileName = D:\Data\AR21_010.hdr
* Software Version Seasave V 7.23.2
* Temperature SN = 4155
* Conductivity SN = 2645
* Number of Bytes Per Scan = 40
* Number of Voltage Words = 5
* Number of Scans Averaged by the Deck Unit = 1
* NMEA Latitude = 59 42.97 N
* NMEA Longitude = 039 20.29 W
* NMEA UTC (Time) = Aug 07 2017  16:14:21
# nquan = 15
# nvalues = 588                                   
# units = specified
# name 0 = prDM: Pressure, Digiquartz [db]
# name 1 = t090C: Temperature [ITS-90, deg C]
# name 2 = t190C: Temperature, 2 [ITS-90, deg C]
# name 3 = c0S/m: Conductivity [S/m]
# name 4 = c1S/m: Conductivity, 2 [S/m]
# name 5 = sbeox0V: Oxygen raw, SBE 43 [V]
# name 6 = flECO-AFL: Fluorescence, WET Labs ECO-AFL/FL [mg/m^3]
# name 7 = turbWETntu0: Turbidity, WET Labs ECO [NTU]
# name 8 = sal00: Salinity, Practical [PSU]
# name 9 = spar: SPAR/Surface Irradiance
# name 10 = par: PAR/Irradiance, Biospherical/Licor
# name 11 = cpar: CPAR/Corrected Irradiance [%]
# name 12 = scan: Scan Count
# name 13 = nbf: Bottles Fired
# name 14 = flag:  0.000e+00
# interval = seconds: 0.0416667
# start_time = Aug 07 2017 16:14:21 [NMEA time, header]
# bad_flag = -9.990e-29
*END*
   2641.967     2.1203     2.1213   3.191907   3.191819     1.6185    -0.3743     0.3531    34.8951 1.8835e+00 1.0000e-12 5.3093e-11      85099          1  0.000e+00
   2642.001     2.1201     2.1211   3.191901   3.191819     1.6185    -0.3743     0.3531    34.8952 3.7670e+00 1.0000e-12 2.6547e-11      85100          1  0.000e+00
   2641.808     2.1202     2.1214   3.191907   3.191849     1.6185    -0.3743     0.3482    34.8952 1.8835e+00 1.0000e-12 5.3093e-11      85101          1  0.000e+00
   2641.808     2.1201     2.1216   3.191919   3.191842     1.6185    -0.3743     0.3482    34.8955 1.8835e+00 1.0000e-12 5.3093e-11      85102          1  0.000e+00
   2641.842     2.1200     2.1215   3.191931   3.191849     1.6185    -0.3743     0.3482    34.8958 1.8835e+00 1.0000e-12 5.3093e-11      85103          1  0.000e+00
   2641.750     2.1199     2.1216   3.191931   3.191869     1.6198    -0.3743     0.3482    34.8959 1.8835e+00 1.0000e-12 5.3093e-11      85104          1  0.000e+00
   2641.750     2.1201     2.1215   3.191889   3.191849     1.6198    -0.3743     0.3482    34.8952 1.8835e+00 1.0000e-12 5.3093e-11      85105          1  0.000e+00
   2641.717     2.1201     2.1219   3.191895   3.191842     1.6198    -0.3743     0.3531    34.8952 0.0000e+00 1.0000e-12 9.9999e+04      85106          1  0.000e+00
   2641.625     2.1201     2.1216   3.191901   3.191869     1.6198    -0.3938     0.3531    34.8954 0.0000e+00 1.0000e-12 9.9999e+04      85107          1  0.000e+00
   2641.683     2.1204     2.1218   3.191925   3.191872     1.6198    -0.3938     0.3531    34.8953 1.8835e+00 1.0000e-12 5.3093e-11      85108          1  0.000e+00
   2641.591     2.1204     2.1216   3.191931   3.191842     1.6198    -0.3938     0.3531    34.8954 1.8835e+00 1.0000e-12 5.3093e-11      85109          1  0.000e+00
   2641.558     2.1203     2.1218   3.191913   3.191849     1.6210    -0.3938     0.3531    34.8954 0.0000e+00 1.0000e-12 9.9999e+04      85110          1  0.000e+00
   2641.558     2.1202     2.1217   3.191907   3.191892     1.6210    -0.3938     0.3531    34.8954 1.8835e+00 1.0000e-12 5.3093e-11      85111          1  0.000e+00
   2641.524     2.1204     2.1219   3.191943   3.191842     1.6210    -0.3938     0.3531    34.8956 1.8835e+00 1.0000e-12 5.3093e-11      85112          1  0.000e+00
   2641.491     2.1203     2.1216   3.191919   3.191872     1.6223    -0.3938     0.3531    34.8955 1.8835e+00 1.0000e-12 5.3093e-11      85113          1  0.000e+00
   2641.491     2.1205     2.1216   3.191943   3.191842     1.6210    -0.3938     0.3531    34.8955 0.0000e+00 1.0000e-12 9.9999e+04      85114          1  0.000e+00
   2641.399     2.1206     2.1217   3.191961   3.191822     1.6198    -0.3938     0.3531    34.8957 1.8835e+00 1.0000e-12 5.3093e-11      85115          1  0.000e+00
   2641.491     2.1206     2.1216   3.191949   3.191842     1.6198    -0.3743     0.3531    34.8955 1.8835e+00 1.0000e-12 5.3093e-11      85116          1  0.000e+00
   2641.366     2.1208     2.1218   3.191949   3.191842     1.6185    -0.3938     0.3531    34.8954 0.0000e+00 1.0000e-12 9.9999e+04      85117          1  0.000e+00
   2641.433     2.1207     2.1215   3.191919   3.191822     1.6198    -0.3938     0.3531    34.8951 0.0000e+00 1.0000e-12 9.9999e+04      85118          1  0.000e+00
   2641.332     2.1204     2.1218   3.191943   3.191869     1.6198    -0.3938     0.3531    34.8957 0.0000e+00 1.0000e-12 9.9999e+04      85119          1  0.000e+00
   2641.366     2.1206     2.1216   3.191943   3.191799     1.6185    -0.3938     0.3531    34.8955 0.0000e+00 1.0000e-12 9.9999e+04      85120          1  0.000e+00
   2641.366     2.1207     2.1218   3.191937   3.191842     1.6185    -0.3938     0.3531    34.8953 3.7670e+00 1.0000e-12 2.6547e-11      85121          1  0.000e+00
   2641.399     2.1204     2.1217   3.191949   3.191842     1.6185    -0.3938     0.3531    34.8957 1.8835e+00 1.0000e-12 5.3093e-11      85122          1  0.000e+00
   2641.299     2.1206     2.1218   3.191943   3.191849     1.6185    -0.3938     0.3531    34.8955 1.8835e+00 1.0000e-12 5.3093e-11      85123          1  0.000e+00
   2641.366     2.1205     2.1216   3.191949   3.191869     1.6185    -0.3938     0.3531    34.8956 0.0000e+00 1.0000e-12 9.9999e+04      85124          1  0.000e+00
   2641.333     2.1208     2.1217   3.191943   3.191872     1.6198    -0.3938     0.3531    34.8953 0.0000e+00 1.0000e-12 9.9999e+04      85125          1  0.000e+00
   2641.299     2.1206     2.1218   3.191949   3.191869     1.6198    -0.3938     0.3531    34.8956 0.0000e+00 1.0000e-12 9.9999e+04      85126          1  0.000e+00
   2641.366     2.1209     2.1216   3.191943   3.191819     1.6198    -0.3938     0.3531    34.8951 1.8835e+00 1.0000e-12 5.3093e-11      85127          1  0.000e+00
   2641.333     2.1209     2.1217   3.191937   3.191872     1.6185    -0.3938     0.3531    34.8951 3.7670e+00 1.0000e-12 2.6547e-11      85128          1  0.000e+00
   2641.299     2.1208     2.1219   3.191949   3.191892     1.6173    -0.3938     0.3531    34.8954 1.8835e+00 1.0000e-12 5.3093e-11      85129          1  0.000e+00
   2641.366     2.1208     2.1221   3.191943   3.191849     1.6173    -0.3938     0.3531    34.8953 1.8835e+00 1.0000e-12 5.3093e-11      85130          1  0.000e+00
   2641.333     2.1204     2.1216   3.191949   3.191869     1.6185    -0.3938     0.3531    34.8958 1.8835e+00 1.0000e-12 5.3093e-11      85131          1  0.000e+00
   2641.366     2.1204     2.1220   3.191943   3.191896     1.6185    -0.3938     0.3531    34.8957 1.8835e+00 1.0000e-12 5.3093e-11      85132          1  0.000e+00
   2641.366     2.1204     2.1221   3.191937   3.191869     1.6186    -0.3938     0.3531    34.8956 0.0000e+00 1.0000e-12 9.9999e+04      85133          1  0.000e+00
   2641.208     2.1204     2.1221   3.191931   3.191869     1.6186    -0.3938     0.3531    34.8956 1.8835e+00 1.0000e-12 5.3093e-11      85134          1  0.000e+00
   2641.492     2.1207     2.1222   3.191955   3.191946     1.6186    -0.3938     0.3531    34.8955 1.8835e+00 1.0000e-12 5.3093e-11      85135          1  0.000e+00
   2641.434     2.1206     2.1224   3.191937   3.191919     1.6198    -0.3938     0.3531    34.8954 1.8835e+00 1.0000e-12 5.3093e-11      85136          1  0.000e+00
   2641.367     2.1208     2.1224   3.191973   3.191923     1.6186    -0.3938     0.3531    34.8957 3.7670e+00 1.0000e-12 2.6547e-11      85137          1  0.000e+00
   2641.459     2.1205     2.1224   3.191992   3.191943     1.6186    -0.3938     0.3531    34.8961 0.0000e+00 1.0000e-12 9.9999e+04      85138          1  0.000e+00
   2641.434     2.1208     2.1225   3.191967   3.191943     1.6173    -0.3938     0.3531    34.8956 0.0000e+00 1.0000e-12 9.9999e+04      85139          1  0.000e+00
   2641.492     2.1206     2.1226   3.191961   3.191923     1.6186    -0.3938     0.3531    34.8957 0.0000e+00 1.0000e-12 9.9999e+04      85140          1  0.000e+00
   2641.526     2.1207     2.1227   3.191973   3.191966     1.6198    -0.3938     0.3531    34.8957 1.8835e+00 1.0000e-12 5.3093e-11      85141          1  0.000e+00
   2641.492     2.1206     2.1227   3.191949   3.191973     1.6198    -0.3938     0.3580    34.8955 3.7670e+00 1.0000e-12 2.6547e-11      85142          1  0.000e+00
   2641.559     2.1206     2.1231   3.191955   3.191966     1.6211    -0.3938     0.3531    34.8956 1.8835e+00 1.0000e-12 5.3093e-11      85143          1  0.000e+00
   2641.593     2.1206     2.1229   3.191937   3.191993     1.6211    -0.3938     0.3531    34.8953 1.8835e+00 1.0000e-12 5.3093e-11      85144          1  0.000e+00
   2641.626     2.1205     2.1226   3.191955   3.191996     1.6211    -0.3938     0.3531    34.8956 0.0000e+00 1.0000e-12 9.9999e+04      85145          1  0.000e+00
   2641.626     2.1206     2.1225   3.191974   3.191966     1.6186    -0.3938     0.3531    34.8958 1.8835e+00 1.0000e-12 5.3093e-11      85146          1  0.000e+00
   2641.718     2.1204     2.1226   3.191949   3.191896     1.6198    -0.3938     0.3531    34.8956 1.8835e+00 1.0000e-12 5.3093e-11      85147          1  0.000e+00
   2234.352     3.0283     3.0299   3.258470   3.258419     1.6411    -0.3743     0.3385    34.9256 0.0000e+00 1.0000e-12 9.9999e+04      96343          2  0.000e+00
   2234.601     3.0286     3.0299   3.258494   3.258419     1.6411    -0.3743     0.3385    34.9255 1.8835e+00 1.0000e-12 5.3093e-11      96344          2  0.000e+00
   2234.476     3.0288     3.0300   3.258488   3.258419     1.6411    -0.3743     0.3385    34.9252 0.0000e+00 1.0000e-12 9.9999e+04      96345          2  0.000e+00
   2234.418     3.0287     3.0299   3.258494   3.258419     1.6411    -0.3743     0.3433    34.9255 0.0000e+00 1.0000e-12 9.9999e+04      96346          2  0.000e+00
   2234.543     3.0288     3.0302   3.258531   3.258436     1.6411    -0.3547     0.3433    34.9257 1.8835e+00 1.0000e-12 5.3093e-11      96347          2  0.000e+00
   2234.418     3.0287     3.0299   3.258500   3.258470     1.6411    -0.3743     0.3433    34.9256 0.0000e+00 1.0000e-12 9.9999e+04      96348          2  0.000e+00
   2234.477     3.0288     3.0300   3.258476   3.258446     1.6411    -0.3743     0.3385    34.9251 0.0000e+00 1.0000e-12 9.9999e+04      96349          2  0.000e+00
   2234.418     3.0293     3.0300   3.258476   3.258419     1.6411    -0.3743     0.3385    34.9246 0.0000e+00 1.0000e-12 9.9999e+04      96350          2  0.000e+00
   2234.419     3.0293     3.0301   3.258524   3.258368     1.6411    -0.3743     0.3385    34.9252 0.0000e+00 1.0000e-12 9.9999e+04      96351          2  0.000e+00
   2234.419     3.0293     3.0305   3.258549   3.258446     1.6399    -0.3743     0.3385    34.9255 0.0000e+00 1.0000e-12 9.9999e+04      96352          2  0.000e+00
   2234.419     3.0290     3.0303   3.258549   3.258463     1.6411    -0.3743     0.3433    34.9258 1.8835e+00 1.0000e-12 5.3093e-11      96353          2  0.000e+00
   2234.419     3.0293     3.0306   3.258549   3.258470     1.6411    -0.3743     0.3385    34.9255 3.7670e+00 1.0000e-12 2.6547e-11      96354          2  0.000e+00
   2234.352     3.0293     3.0303   3.258524   3.258497     1.6411    -0.3743     0.3433    34.9253 1.8835e+00 1.0000e-12 5.3093e-11      96355          2  0.000e+00
   2234.419     3.0295     3.0305   3.258531   3.258470     1.6411    -0.3743     0.3433    34.9251 0.0000e+00 1.0000e-12 9.9999e+04      96356          2  0.000e+00
   2234.352     3.0293     3.0304   3.258531   3.258521     1.6411    -0.3743     0.3385    34.9253 0.0000e+00 1.0000e-12 9.9999e+04      96357          2  0.000e+00
   2234.352     3.0295     3.0308   3.258537   3.258463     1.6411    -0.3743     0.3433    34.9252 1.8835e+00 1.0000e-12 5.3093e-11      96358          2  0.000e+00
   2234.352     3.0290     3.0307   3.258512   3.258521     1.6411    -0.3743     0.3385    34.9254 0.0000e+00 1.0000e-12 9.9999e+04      96359          2  0.000e+00
   2234.352     3.0288     3.0307   3.258488   3.258497     1.6411    -0.3743     0.3385    34.9253 1.8835e+00 1.0000e-12 5.3093e-11      96360          2  0.000e+00
   2234.352     3.0286     3.0308   3.258500   3.258521     1.6411    -0.3743     0.3385    34.9257 0.0000e+00 1.0000e-12 9.9999e+04      96361          2  0.000e+00
   2234.353     3.0288     3.0307   3.258506   3.258548     1.6411    -0.3743     0.3385    34.9255 0.0000e+00 1.0000e-12 9.9999e+04      96362          2  0.000e+00
   2234.286     3.0285     3.0308   3.258488   3.258521     1.6411    -0.3743     0.3385    34.9257 1.8835e+00 1.0000e-12 5.3093e-11      96363          2  0.000e+00
   2234.353     3.0283     3.0310   3.258500   3.258541     1.6411    -0.3743     0.3385    34.9260 0.0000e+00 1.0000e-12 9.9999e+04      96364          2  0.000e+00
   2234.286     3.0283     3.0307   3.258506   3.258548     1.6411    -0.3743     0.3385    34.9261 1.8835e+00 1.0000e-12 5.3093e-11      96365          2  0.000e+00
   2234.353     3.0282     3.0310   3.258488   3.258470     1.6411    -0.3743     0.3385    34.9260 1.8835e+00 1.0000e-12 5.3093e-11      96366          2  0.000e+00
   2234.286     3.0283     3.0307   3.258494   3.258521     1.6411    -0.3743     0.3385    34.9259 3.7670e+00 1.0000e-12 2.6547e-11      96367          2  0.000e+00
   2234.286     3.0285     3.0309   3.258488   3.258521     1.6411    -0.3743     0.3385    34.9257 1.8835e+00 1.0000e-12 5.3093e-11      96368          2  0.000e+00
   2234.228     3.0282     3.0308   3.258500   3.258487     1.6411    -0.3743     0.3433    34.9262 1.8835e+00 1.0000e-12 5.3093e-11      96369          2  0.000e+00
   2234.353     3.0286     3.0307   3.258506   3.258521     1.6411    -0.3938     0.3433    34.9257 1.8835e+00 1.0000e-12 5.3093e-11      96370          2  0.000e+00
   2234.228     3.0285     3.0307   3.258506   3.258497     1.6411    -0.3938     0.3433    34.9259 1.8835e+00 1.0000e-12 5.3093e-11      96371          2  0.000e+00
   2234.286     3.0288     3.0308   3.258518   3.258521     1.6411    -0.3938     0.3433    34.9257 3.7670e+00 1.0000e-12 2.6547e-11      96372          2  0.000e+00
   2234.286     3.0287     3.0307   3.258518   3.258470     1.6411    -0.3938     0.3433    34.9259 1.8835e+00 1.0000e-12 5.3093e-11      96373          2  0.000e+00
   2234.228     3.0286     3.0308   3.258470   3.258520     1.6411    -0.3938     0.3433    34.9254 1.8835e+00 1.0000e-12 5.3093e-11      96374          2  0.000e+00
   2234.287     3.0283     3.0305   3.258488   3.258541     1.6411    -0.3938     0.3433    34.9259 3.7670e+00 1.0000e-12 2.6547e-11      96375          2  0.000e+00
   2234.228     3.0282     3.0307   3.258488   3.258497     1.6411    -0.3938     0.3433    34.9260 1.8835e+00 1.0000e-12 5.3093e-11      96376          2  0.000e+00
   2234.287     3.0285     3.0303   3.258476   3.258470     1.6411    -0.3938     0.3433    34.9256 1.8835e+00 1.0000e-12 5.3093e-11      96377          2  0.000e+00
   2234.229     3.0285     3.0303   3.258500   3.258470     1.6411    -0.3938     0.3433    34.9259 1.8835e+00 1.0000e-12 5.3093e-11      96378          2  0.000e+00
   2234.229     3.0285     3.0304   3.258494   3.258497     1.6411    -0.3938     0.3433    34.9258 1.8835e+00 1.0000e-12 5.3093e-11      96379          2  0.000e+00
   2234.229     3.0285     3.0305   3.258476   3.258497     1.6411    -0.3938     0.3433    34.9256 1.8835e+00 1.0000e-12 5.3093e-11      96380          2  0.000e+00
   2234.287     3.0285     3.0303   3.258458   3.258487     1.6411    -0.3938     0.3433    34.9253 0.0000e+00 1.0000e-12 9.9999e+04      96381          2  0.000e+00
   2234.229     3.0285     3.0304   3.258451   3.258470     1.6411    -0.3938     0.3433    34.9253 1.8835e+00 1.0000e-12 5.3093e-11      96382          2  0.000e+00
   2234.229     3.0280     3.0305   3.258488   3.258497     1.6411    -0.3938     0.3433    34.9262 0.0000e+00 1.0000e-12 9.9999e+04      96383          2  0.000e+00
   2234.229     3.0280     3.0305   3.258445   3.258497     1.6411    -0.3938     0.3482    34.9257 1.8835e+00 1.0000e-12 5.3093e-11      96384          2  0.000e+00
   2234.229     3.0279     3.0304   3.258458   3.258497     1.6411    -0.3938     0.3433    34.9260 1.8835e+00 1.0000e-12 5.3093e-11      96385          2  0.000e+00
   2234.229     3.0279     3.0307   3.258433   3.258487     1.6411    -0.3938     0.3433    34.9257 0.0000e+00 1.0000e-12 9.9999e+04      96386          2  0.000e+00
   2234.229     3.0278     3.0304   3.258439   3.258497     1.6411    -0.3938     0.3433    34.9258 1.8835e+00 1.0000e-12 5.3093e-11      96387          2  0.000e+00
   2234.229     3.0282     3.0305   3.258445   3.258520     1.6411    -0.3938     0.3433    34.9255 1.8835e+00 1.0000e-12 5.3093e-11      96388          2  0.000e+00
   2234.229     3.0283     3.0307   3.258445   3.258520     1.6411    -0.3938     0.3433    34.9254 1.8835e+00 1.0000e-12 5.3093e-11      96389          2  0.000e+00
