Ship_data/Irminger/Irminger-4/ctd/process/ar21_009.ros
* Sea-Bird SBE 9 Data File:
* FileName = D:\Data\AR21_009.hdr
* Software Version Seasave V 7.23.2
* Temperature SN = 4155
* Conductivity SN = 2645
* Number of Bytes Per Scan = 40
* Number of Voltage Words = 5
* Number of Scans Averaged by the Deck Unit = 1
* NMEA Latitude = 59 58.27 N
* NMEA Longitude = 039 30.81 W
* NMEA UTC (Time) = Aug 06 2017  21:22:51
** Test cast to check pump1 and acoustic device for James
# nquan = 15
# nvalues = 1176                                  
# units = specified
# name 0 = prDM: Pressure, Digiquartz [db]
# name 1 = t090C: Temperature [ITS-90, deg C]
# name 2 = t190C: Temperature, 2 [ITS-90, deg C]
# name 3 = c0S/m: Conductivity [S/m]
# name 4 = c1S/m: Conductivity, 2 [S/m]
# name 5 = sbeox0V: Oxygen raw, SBE 43 [V]
# name 6 = flECO-AFL: Fluorescence, WET Labs ECO-AFL/FL [mg/m^3]
# name 7 = turbWETntu0: Turbidity, WET Labs ECO [NTU]
# name 8 = sal00: Salinity, Practical [PSU]
# name 9 = spar: SPAR/Surface Irradiance
# name 10 = par: PAR/Irradiance, Biospherical/Licor
# name 11 = cpar: CPAR/Corrected Irradiance [%]
# name 12 = scan: Scan Count
# name 13 = nbf: Bottles Fired
# name 14 = flag:  0.000e+00
# interval = seconds: 0.0416667
# start_time = Aug 06 2017 21:22:51 [NMEA time, header]
# bad_flag = -9.990e-29
*END*
[from data line 868]
    215.239     3.8633     3.8632   3.244247   3.243915     2.1480    -0.3743     0.3726    34.8955 0.0000e+00 1.0000e-12 9.9999e+04      58712         18  0.000e+00
    215.062     3.8633     3.8631   3.244247   3.243942     2.1480    -0.3743     0.3726    34.8956 0.0000e+00 1.0000e-12 9.9999e+04      58713         18  0.000e+00
    214.910     3.8636     3.8626   3.244290   3.243911     2.1480    -0.3743     0.3726    34.8958 1.8835e+00 1.0000e-12 5.3093e-11      58714         18  0.000e+00
    214.998     3.8639     3.8625   3.244326   3.243915     2.1480    -0.3743     0.3726    34.8959 1.8835e+00 1.0000e-12 5.3093e-11      58715         18  0.000e+00
    214.853     3.8644     3.8618   3.244405   3.243915     2.1480    -0.3743     0.3726    34.8964 1.8835e+00 1.0000e-12 5.3093e-11      58716         18  0.000e+00
    214.878     3.8652     3.8623   3.244472   3.243837     2.1480    -0.3743     0.3726    34.8963 1.8835e+00 1.0000e-12 5.3093e-11      58717         18  0.000e+00
    214.853     3.8667     3.8632   3.244575   3.243864     2.1480    -0.3743     0.3726    34.8960 1.8835e+00 1.0000e-12 5.3093e-11      58718         18  0.000e+00
    214.821     3.8681     3.8637   3.244624   3.243864     2.1480    -0.3547     0.3726    34.8951 1.8835e+00 1.0000e-12 5.3093e-11      58719         18  0.000e+00
    214.797     3.8684     3.8643   3.244702   3.244043     2.1480    -0.3743     0.3726    34.8957 0.0000e+00 1.0000e-12 9.9999e+04      58720         18  0.000e+00
    214.765     3.8686     3.8640   3.244727   3.244036     2.1480    -0.3743     0.3726    34.8958 3.7670e+00 1.0000e-12 2.6547e-11      58721         18  0.000e+00
    214.677     3.8687     3.8640   3.244727   3.244067     2.1480    -0.3547     0.3726    34.8957 1.8835e+00 1.0000e-12 5.3093e-11      58722         18  0.000e+00
    214.701     3.8687     3.8637   3.244708   3.243965     2.1480    -0.3743     0.3726    34.8955 1.8835e+00 1.0000e-12 5.3093e-11      58723         18  0.000e+00
    214.620     3.8694     3.8636   3.244696   3.243965     2.1480    -0.3743     0.3726    34.8947 1.8835e+00 1.0000e-12 5.3093e-11      58724         18  0.000e+00
    214.644     3.8694     3.8638   3.244715   3.243942     2.1480    -0.3743     0.3726    34.8949 0.0000e+00 1.0000e-12 9.9999e+04      58725         18  0.000e+00
    194.726     4.0055     4.0071   3.256868   3.256782     2.1455    -0.3743     0.3726    34.9055 1.8835e+00 1.0000e-12 5.3093e-11      59197         19  0.000e+00
    194.662     4.0052     4.0073   3.256856   3.256745     2.1455    -0.3743     0.3726    34.9057 0.0000e+00 1.0000e-12 9.9999e+04      59198         19  0.000e+00
    194.662     4.0051     4.0074   3.256868   3.256755     2.1455    -0.3743     0.3726    34.9059 1.8835e+00 1.0000e-12 5.3093e-11      59199         19  0.000e+00
    194.549     4.0055     4.0073   3.256880   3.256782     2.1455    -0.3938     0.3726    34.9057 1.8835e+00 1.0000e-12 5.3093e-11      59200         19  0.000e+00
    194.710     4.0053     4.0074   3.256899   3.256782     2.1455    -0.3938     0.3726    34.9061 1.8835e+00 1.0000e-12 5.3093e-11      59201         19  0.000e+00
    194.549     4.0058     4.0072   3.256911   3.256772     2.1455    -0.3938     0.3726    34.9057 1.8835e+00 1.0000e-12 5.3093e-11      59202         19  0.000e+00
    194.549     4.0061     4.0077   3.256923   3.256806     2.1455    -0.3938     0.3726    34.9055 1.8835e+00 1.0000e-12 5.3093e-11      59203         19  0.000e+00
    194.549     4.0059     4.0076   3.256935   3.256782     2.1455    -0.3743     0.3726    34.9059 1.8835e+00 1.0000e-12 5.3093e-11      59204         19  0.000e+00
    194.429     4.0065     4.0081   3.256941   3.256782     2.1455    -0.3938     0.3726    34.9055 0.0000e+00 1.0000e-12 9.9999e+04      59205         19  0.000e+00
    194.485     4.0063     4.0081   3.256935   3.256806     2.1455    -0.3938     0.3726    34.9056 1.8835e+00 1.0000e-12 5.3093e-11      59206         19  0.000e+00
    194.429     4.0068     4.0079   3.256935   3.256847     2.1455    -0.3938     0.3726    34.9050 0.0000e+00 1.0000e-12 9.9999e+04      59207         19  0.000e+00
    194.429     4.0069     4.0079   3.256953   3.256806     2.1455    -0.3938     0.3726    34.9051 0.0000e+00 1.0000e-12 9.9999e+04      59208         19  0.000e+00
    194.372     4.0070     4.0081   3.256990   3.256806     2.1455    -0.3938     0.3726    34.9055 0.0000e+00 1.0000e-12 9.9999e+04      59209         19  0.000e+00
    194.348     4.0073     4.0082   3.257020   3.256833     2.1455    -0.3938     0.3726    34.9056 0.0000e+00 1.0000e-12 9.9999e+04      59210         19  0.000e+00
    194.308     4.0074     4.0084   3.257002   3.256846     2.1455    -0.3938     0.3726    34.9052 3.7670e+00 1.0000e-12 2.6547e-11      59211         19  0.000e+00
    194.308     4.0077     4.0082   3.256996   3.256833     2.1455    -0.3938     0.3726    34.9049 0.0000e+00 1.0000e-12 9.9999e+04      59212         19  0.000e+00
    194.308     4.0076     4.0085   3.257002   3.256833     2.1455    -0.3938     0.3726    34.9051 1.8835e+00 1.0000e-12 5.3093e-11      59213         19  0.000e+00
    194.188     4.0074     4.0085   3.257038   3.256884     2.1443    -0.3938     0.3726    34.9057 1.8835e+00 1.0000e-12 5.3093e-11      59214         19  0.000e+00
    194.252     4.0077     4.0086   3.256996   3.256873     2.1455    -0.3938     0.3726    34.9049 0.0000e+00 1.0000e-12 9.9999e+04      59215         19  0.000e+00
    194.188     4.0079     4.0085   3.256990   3.256857     2.1455    -0.3743     0.3726    34.9046 0.0000e+00 1.0000e-12 9.9999e+04      59216         19  0.000e+00
    194.188     4.0077     4.0084   3.256996   3.256833     2.1443    -0.3938     0.3726    34.9049 1.8835e+00 1.0000e-12 5.3093e-11      59217         19  0.000e+00
    194.131     4.0079     4.0084   3.257020   3.256833     2.1443    -0.3938     0.3726    34.9050 1.8835e+00 1.0000e-12 5.3093e-11      59218         19  0.000e+00
    194.051     4.0080     4.0081   3.257002   3.256857     2.1443    -0.3938     0.3726    34.9047 0.0000e+00 1.0000e-12 9.9999e+04      59219         19  0.000e+00
    194.131     4.0079     4.0084   3.256996   3.256823     2.1455    -0.3938     0.3726    34.9047 0.0000e+00 1.0000e-12 9.9999e+04      59220         19  0.000e+00
    194.011     4.0080     4.0082   3.257020   3.256833     2.1455    -0.3938     0.3726    34.9049 1.8835e+00 1.0000e-12 5.3093e-11      59221         19  0.000e+00
    194.075     4.0083     4.0083   3.257026   3.256833     2.1455    -0.3938     0.3726    34.9047 1.8835e+00 1.0000e-12 5.3093e-11      59222         19  0.000e+00
    194.011     4.0078     4.0084   3.257026   3.256806     2.1455    -0.3938     0.3726    34.9053 1.8835e+00 1.0000e-12 5.3093e-11      59223         19  0.000e+00
    193.955     4.0079     4.0084   3.257014   3.256796     2.1455    -0.3938     0.3678    34.9051 1.8835e+00 1.0000e-12 5.3093e-11      59224         19  0.000e+00
    193.955     4.0078     4.0084   3.256996   3.256884     2.1455    -0.3938     0.3678    34.9050 0.0000e+00 1.0000e-12 9.9999e+04      59225         19  0.000e+00
    193.890     4.0076     4.0084   3.256996   3.256856     2.1443    -0.3938     0.3678    34.9052 0.0000e+00 1.0000e-12 9.9999e+04      59226         19  0.000e+00
    193.890     4.0076     4.0082   3.257002   3.256806     2.1443    -0.3938     0.3678    34.9053 0.0000e+00 1.0000e-12 9.9999e+04      59227         19  0.000e+00
    193.890     4.0077     4.0084   3.257014   3.256833     2.1443    -0.3938     0.3678    34.9053 0.0000e+00 1.0000e-12 9.9999e+04      59228         19  0.000e+00
    193.818     4.0079     4.0084   3.257026   3.256846     2.1455    -0.3938     0.3726    34.9053 1.8835e+00 1.0000e-12 5.3093e-11      59229         19  0.000e+00
    193.834     4.0079     4.0084   3.257002   3.256806     2.1443    -0.3938     0.3678    34.9050 1.8835e+00 1.0000e-12 5.3093e-11      59230         19  0.000e+00
    193.778     4.0079     4.0085   3.256978   3.256833     2.1443    -0.3938     0.3726    34.9047 3.7670e+00 1.0000e-12 2.6547e-11      59231         19  0.000e+00
    193.714     4.0076     4.0084   3.256971   3.256856     2.1443    -0.3938     0.3678    34.9050 1.8835e+00 1.0000e-12 5.3093e-11      59232         19  0.000e+00
    193.714     4.0074     4.0087   3.256984   3.256823     2.1455    -0.3743     0.3678    34.9053 1.8835e+00 1.0000e-12 5.3093e-11      59233         19  0.000e+00
    193.657     4.0074     4.0082   3.256996   3.256833     2.1455    -0.3938     0.3678    34.9055 3.7670e+00 1.0000e-12 2.6547e-11      59234         19  0.000e+00
    193.657     4.0074     4.0084   3.256935   3.256856     2.1455    -0.3743     0.3678    34.9048 0.0000e+00 1.0000e-12 9.9999e+04      59235         19  0.000e+00
    193.593     4.0071     4.0085   3.256965   3.256833     2.1455    -0.3743     0.3678    34.9055 1.8835e+00 1.0000e-12 5.3093e-11      59236         19  0.000e+00
    193.593     4.0074     4.0084   3.256977   3.256796     2.1443    -0.3938     0.3678    34.9053 0.0000e+00 1.0000e-12 9.9999e+04      59237         19  0.000e+00
    193.537     4.0078     4.0085   3.256990   3.256833     2.1443    -0.3938     0.3678    34.9052 1.8835e+00 1.0000e-12 5.3093e-11      59238         19  0.000e+00
    193.521     4.0077     4.0087   3.257014   3.256806     2.1443    -0.3938     0.3678    34.9055 1.8835e+00 1.0000e-12 5.3093e-11      59239         19  0.000e+00
    193.481     4.0079     4.0089   3.257008   3.256833     2.1455    -0.3938     0.3678    34.9052 1.8835e+00 1.0000e-12 5.3093e-11      59240         19  0.000e+00
    193.416     4.0077     4.0089   3.257014   3.256833     2.1455    -0.3938     0.3678    34.9056 1.8835e+00 1.0000e-12 5.3093e-11      59241         19  0.000e+00
    193.416     4.0080     4.0087   3.257026   3.256846     2.1443    -0.3938     0.3678    34.9053 0.0000e+00 1.0000e-12 9.9999e+04      59242         19  0.000e+00
    193.360     4.0078     4.0087   3.257032   3.256856     2.1443    -0.3938     0.3678    34.9058 1.8835e+00 1.0000e-12 5.3093e-11      59243         19  0.000e+00
    193.360     4.0079     4.0087   3.257069   3.256833     2.1443    -0.3938     0.3678    34.9060 1.8835e+00 1.0000e-12 5.3093e-11      59244         19  0.000e+00
    193.240     4.0080     4.0087   3.257069   3.256806     2.1443    -0.3938     0.3726    34.9059 1.8835e+00 1.0000e-12 5.3093e-11      59245         19  0.000e+00
    170.463     4.0803     4.0841   3.262530   3.262424     2.1527    -0.3743     0.3824    34.9063 1.8835e+00 1.0000e-12 5.3093e-11      59786         20  0.000e+00
    170.407     4.0808     4.0850   3.262561   3.262474     2.1527    -0.3547     0.3824    34.9062 1.8835e+00 1.0000e-12 5.3093e-11      59787         20  0.000e+00
    170.287     4.0814     4.0858   3.262591   3.262627     2.1527    -0.3547     0.3824    34.9059 1.8835e+00 1.0000e-12 5.3093e-11      59788         20  0.000e+00
    170.343     4.0819     4.0866   3.262646   3.262701     2.1527    -0.3743     0.3824    34.9060 0.0000e+00 1.0000e-12 9.9999e+04      59789         20  0.000e+00
    170.287     4.0817     4.0866   3.262664   3.262830     2.1527    -0.3547     0.3824    34.9065 1.8835e+00 1.0000e-12 5.3093e-11      59790         20  0.000e+00
    170.166     4.0810     4.0868   3.262640   3.262806     2.1527    -0.3743     0.3824    34.9070 1.8835e+00 1.0000e-12 5.3093e-11      59791         20  0.000e+00
    170.231     4.0831     4.0865   3.262719   3.262779     2.1527    -0.3743     0.3824    34.9057 0.0000e+00 1.0000e-12 9.9999e+04      59792         20  0.000e+00
    170.054     4.0848     4.0868   3.262859   3.262752     2.1527    -0.3743     0.3873    34.9056 0.0000e+00 1.0000e-12 9.9999e+04      59793         20  0.000e+00
    170.110     4.0856     4.0870   3.262944   3.262728     2.1527    -0.3743     0.3824    34.9058 1.8835e+00 1.0000e-12 5.3093e-11      59794         20  0.000e+00
    169.990     4.0859     4.0875   3.262999   3.262752     2.1527    -0.3743     0.3824    34.9062 1.8835e+00 1.0000e-12 5.3093e-11      59795         20  0.000e+00
    169.933     4.0863     4.0879   3.262999   3.262823     2.1527    -0.3547     0.3824    34.9058 1.8835e+00 1.0000e-12 5.3093e-11      59796         20  0.000e+00
    169.933     4.0863     4.0885   3.263029   3.262829     2.1527    -0.3547     0.3824    34.9062 1.8835e+00 1.0000e-12 5.3093e-11      59797         20  0.000e+00
    169.813     4.0864     4.0894   3.263023   3.262931     2.1527    -0.3743     0.3824    34.9060 1.8835e+00 1.0000e-12 5.3093e-11      59798         20  0.000e+00
    169.869     4.0866     4.0900   3.263017   3.262958     2.1527    -0.3547     0.3824    34.9058 1.8835e+00 1.0000e-12 5.3093e-11      59799         20  0.000e+00
    169.693     4.0867     4.0913   3.263011   3.263032     2.1527    -0.3743     0.3824    34.9056 1.8835e+00 1.0000e-12 5.3093e-11      59800         20  0.000e+00
    169.757     4.0874     4.0916   3.263035   3.263110     2.1527    -0.3547     0.3824    34.9052 0.0000e+00 1.0000e-12 9.9999e+04      59801         20  0.000e+00
    169.572     4.0875     4.0919   3.263041   3.263188     2.1527    -0.3743     0.3824    34.9052 0.0000e+00 1.0000e-12 9.9999e+04      59802         20  0.000e+00
    169.693     4.0874     4.0921   3.263108   3.263212     2.1527    -0.3743     0.3824    34.9061 1.8835e+00 1.0000e-12 5.3093e-11      59803         20  0.000e+00
    169.516     4.0882     4.0922   3.263133   3.263239     2.1527    -0.3743     0.3775    34.9056 1.8835e+00 1.0000e-12 5.3093e-11      59804         20  0.000e+00
    169.516     4.0890     4.0926   3.263175   3.263212     2.1527    -0.3938     0.3726    34.9053 1.8835e+00 1.0000e-12 5.3093e-11      59805         20  0.000e+00
    169.460     4.0894     4.0927   3.263218   3.263262     2.1527    -0.3938     0.3726    34.9053 0.0000e+00 1.0000e-12 9.9999e+04      59806         20  0.000e+00
    169.395     4.0906     4.0921   3.263309   3.263262     2.1527    -0.3743     0.3726    34.9052 1.8835e+00 1.0000e-12 5.3093e-11      59807         20  0.000e+00
    169.339     4.0920     4.0913   3.263431   3.263262     2.1527    -0.3938     0.3726    34.9052 1.8835e+00 1.0000e-12 5.3093e-11      59808         20  0.000e+00
    169.283     4.0934     4.0911   3.263504   3.263205     2.1527    -0.3743     0.3726    34.9045 0.0000e+00 1.0000e-12 9.9999e+04      59809         20  0.000e+00
    169.283     4.0937     4.0902   3.263516   3.263161     2.1527    -0.3938     0.3726    34.9044 1.8835e+00 1.0000e-12 5.3093e-11      59810         20  0.000e+00
    169.219     4.0938     4.0905   3.263546   3.263161     2.1527    -0.3938     0.3726    34.9047 0.0000e+00 1.0000e-12 9.9999e+04      59811         20  0.000e+00
    169.163     4.0936     4.0921   3.263571   3.263083     2.1527    -0.3938     0.3726    34.9052 1.8835e+00 1.0000e-12 5.3093e-11      59812         20  0.000e+00
    169.098     4.0933     4.0917   3.263565   3.263137     2.1527    -0.3938     0.3726    34.9055 1.8835e+00 1.0000e-12 5.3093e-11      59813         20  0.000e+00
    169.042     4.0928     4.0922   3.263504   3.263188     2.1527    -0.3938     0.3726    34.9053 1.8835e+00 1.0000e-12 5.3093e-11      59814         20  0.000e+00
    169.098     4.0930     4.0934   3.263473   3.263211     2.1527    -0.3938     0.3726    34.9048 0.0000e+00 1.0000e-12 9.9999e+04      59815         20  0.000e+00
    168.986     4.0930     4.0938   3.263467   3.263289     2.1527    -0.3743     0.3726    34.9047 1.8835e+00 1.0000e-12 5.3093e-11      59816         20  0.000e+00
    168.922     4.0917     4.0943   3.263424   3.263364     2.1527    -0.3938     0.3726    34.9056 1.8835e+00 1.0000e-12 5.3093e-11      59817         20  0.000e+00
