Ship_data/Irminger/Irminger-4/ctd/process/ar21_012.ros
* Sea-Bird SBE 9 Data File:
* FileName = D:\Data\AR21_012.hdr
* Software Version Seasave V 7.23.2
* Temperature SN = 4155
* Conductivity SN = 2645
* Number of Bytes Per Scan = 40
* Number of Voltage Words = 5
* Number of Scans Averaged by the Deck Unit = 1
* NMEA Latitude = 59 51.21 N
* NMEA Longitude = 039 07.69 W
* NMEA UTC (Time) = Aug 09 2017  13:01:16
# nquan = 15
# nvalues = 588                                   
# units = specified
# name 0 = prDM: Pressure, Digiquartz [db]
# name 1 = t090C: Temperature [ITS-90, deg C]
# name 2 = t190C: Temperature, 2 [ITS-90, deg C]
# name 3 = c0S/m: Conductivity [S/m]
# name 4 = c1S/m: Conductivity, 2 [S/m]
# name 5 = sbeox0V: Oxygen raw, SBE 43 [V]
# name 6 = flECO-AFL: Fluorescence, WET Labs ECO-AFL/FL [mg/m^3]
# name 7 = turbWETntu0: Turbidity, WET Labs ECO [NTU]
# name 8 = sal00: Salinity, Practical [PSU]
# name 9 = spar: SPAR/Surface Irradiance
# name 10 = par: PAR/Irradiance, Biospherical/Licor
# name 11 = cpar: CPAR/Corrected Irradiance [%]
# name 12 = scan: Scan Count
# name 13 = nbf: Bottles Fired
# name 14 = flag:  0.000e+00
# interval = seconds: 0.0416667
# start_time = Aug 09 2017 13:01:16 [NMEA time, header]
# bad_flag = -9.990e-29
*END*
[from data line 482]
     33.220     7.4072     7.3069   3.552570   3.542912     2.3816     0.5830     0.3873    34.8358 1.8835e+00 1.0000e-12 5.3093e-11      64321         10  0.000e+00
     33.220     7.4278     7.3064   3.553948   3.542832     2.3816     0.5830     0.3873    34.8301 1.8835e+00 1.0000e-12 5.3093e-11      64322         10  0.000e+00
     33.220     7.4414     7.3124   3.554576   3.542948     2.3816     0.5830     0.3922    34.8232 0.0000e+00 1.0000e-12 9.9999e+04      64323         10  0.000e+00
     33.244     7.4454     7.3157   3.554413   3.543214     2.3816     0.5635     0.3873    34.8174 1.8835e+00 1.0000e-12 5.3093e-11      64324         10  0.000e+00
     33.284     7.4413     7.3165   3.553759   3.543710     2.3816     0.5635     0.3922    34.8144 0.0000e+00 1.0000e-12 9.9999e+04      64325         10  0.000e+00
     33.284     7.4276     7.3167   3.552947   3.543769     2.3816     0.5635     0.3922    34.8193 0.0000e+00 1.0000e-12 9.9999e+04      64326         10  0.000e+00
     33.220     7.4173     7.3191   3.552545   3.543323     2.3816     0.5635     0.3873    34.8253 1.8835e+00 1.0000e-12 5.3093e-11      64327         10  0.000e+00
     33.340     7.4192     7.3176   3.552620   3.543271     2.3816     0.5635     0.3922    34.8241 1.8835e+00 1.0000e-12 5.3093e-11      64328         10  0.000e+00
      6.090     8.7674     8.7671   3.667090   3.666888     2.3935     0.2313     0.3873    34.7254 1.8835e+00 1.0000e-12 5.3093e-11      67046         11  0.000e+00
      5.977     8.7690     8.7664   3.667199   3.666802     2.3935     0.2313     0.3873    34.7250 0.0000e+00 1.0000e-12 9.9999e+04      67047         11  0.000e+00
      6.154     8.7706     8.7666   3.667256   3.666802     2.3935     0.2313     0.3873    34.7239 0.0000e+00 1.0000e-12 9.9999e+04      67048         11  0.000e+00
      6.154     8.7714     8.7666   3.667269   3.666802     2.3935     0.2313     0.3922    34.7233 0.0000e+00 1.0000e-12 9.9999e+04      67049         11  0.000e+00
      6.034     8.7717     8.7671   3.667250   3.666802     2.3935     0.2313     0.3922    34.7228 1.8835e+00 1.0000e-12 5.3093e-11      67050         11  0.000e+00
      6.154     8.7730     8.7687   3.667256   3.666802     2.3935     0.2313     0.3873    34.7216 1.8835e+00 1.0000e-12 5.3093e-11      67051         11  0.000e+00
      6.034     8.7742     8.7717   3.667269   3.666888     2.3947     0.2313     0.3922    34.7206 0.0000e+00 1.0000e-12 9.9999e+04      67052         11  0.000e+00
      6.090     8.7719     8.7745   3.667237   3.667084     2.3947     0.2313     0.3922    34.7225 0.0000e+00 1.0000e-12 9.9999e+04      67053         11  0.000e+00
      6.154     8.7698     8.7748   3.667167   3.667198     2.3935     0.2313     0.3873    34.7238 0.0000e+00 1.0000e-12 9.9999e+04      67054         11  0.000e+00
      6.034     8.7688     8.7740   3.667141   3.667141     2.3947     0.2313     0.3922    34.7246 0.0000e+00 1.0000e-12 9.9999e+04      67055         11  0.000e+00
      6.154     8.7682     8.7735   3.667141   3.667141     2.3935     0.2313     0.3922    34.7251 1.8835e+00 1.0000e-12 5.3093e-11      67056         11  0.000e+00
      6.090     8.7690     8.7731   3.667116   3.667084     2.3935     0.2313     0.3873    34.7241 0.0000e+00 1.0000e-12 9.9999e+04      67057         11  0.000e+00
      6.154     8.7690     8.7726   3.667103   3.667084     2.3935     0.2313     0.3873    34.7239 0.0000e+00 1.0000e-12 9.9999e+04      67058         11  0.000e+00
      6.154     8.7688     8.7723   3.667103   3.667084     2.3935     0.2313     0.3922    34.7241 3.7670e+00 1.0000e-12 2.6547e-11      67059         11  0.000e+00
      6.090     8.7686     8.7720   3.667084   3.667112     2.3935     0.2313     0.3922    34.7241 0.0000e+00 1.0000e-12 9.9999e+04      67060         11  0.000e+00
      6.090     8.7676     8.7722   3.667071   3.667141     2.3935     0.2313     0.3922    34.7250 0.0000e+00 1.0000e-12 9.9999e+04      67061         11  0.000e+00
      6.154     8.7673     8.7719   3.667071   3.667170     2.3947     0.2313     0.3873    34.7252 0.0000e+00 1.0000e-12 9.9999e+04      67062         11  0.000e+00
      6.090     8.7676     8.7716   3.667122   3.667112     2.3947     0.2313     0.3922    34.7255 0.0000e+00 1.0000e-12 9.9999e+04      67063         11  0.000e+00
      6.154     8.7685     8.7712   3.667129   3.667084     2.3947     0.2313     0.3922    34.7247 0.0000e+00 1.0000e-12 9.9999e+04      67064         11  0.000e+00
      6.090     8.7690     8.7714   3.667161   3.667084     2.3947     0.2313     0.3971    34.7246 0.0000e+00 1.0000e-12 9.9999e+04      67065         11  0.000e+00
      6.154     8.7690     8.7712   3.667154   3.666973     2.3947     0.2313     0.3922    34.7244 1.8835e+00 1.0000e-12 5.3093e-11      67066         11  0.000e+00
      6.090     8.7690     8.7714   3.667161   3.666973     2.3947     0.2313     0.3971    34.7246 0.0000e+00 1.0000e-12 9.9999e+04      67067         11  0.000e+00
      6.090     8.7688     8.7715   3.667173   3.667002     2.3947     0.2313     0.3971    34.7249 0.0000e+00 1.0000e-12 9.9999e+04      67068         11  0.000e+00
      6.154     8.7686     8.7716   3.667154   3.666973     2.3947     0.2313     0.3971    34.7248 1.8835e+00 1.0000e-12 5.3093e-11      67069         11  0.000e+00
      6.090     8.7685     8.7719   3.667141   3.667030     2.3947     0.2313     0.3922    34.7249 1.8835e+00 1.0000e-12 5.3093e-11      67070         11  0.000e+00
      6.090     8.7682     8.7719   3.667141   3.667059     2.3960     0.2313     0.3922    34.7251 1.8835e+00 1.0000e-12 5.3093e-11      67071         11  0.000e+00
      6.090     8.7683     8.7719   3.667116   3.667084     2.3947     0.2313     0.3922    34.7248 0.0000e+00 1.0000e-12 9.9999e+04      67072         11  0.000e+00
      6.090     8.7681     8.7719   3.667129   3.667112     2.3947     0.2313     0.3971    34.7250 1.8835e+00 1.0000e-12 5.3093e-11      67073         11  0.000e+00
      6.090     8.7679     8.7717   3.667090   3.667030     2.3947     0.2313     0.3971    34.7248 1.8835e+00 1.0000e-12 5.3093e-11      67074         11  0.000e+00
      6.090     8.7677     8.7713   3.667110   3.667002     2.3947     0.2313     0.3971    34.7252 0.0000e+00 1.0000e-12 9.9999e+04      67075         11  0.000e+00
      6.091     8.7676     8.7709   3.667110   3.667002     2.3947     0.2313     0.3971    34.7253 1.8835e+00 1.0000e-12 5.3093e-11      67076         11  0.000e+00
      6.091     8.7674     8.7705   3.667084   3.666945     2.3947     0.2313     0.3922    34.7252 1.8835e+00 1.0000e-12 5.3093e-11      67077         11  0.000e+00
      6.091     8.7673     8.7704   3.667071   3.666916     2.3947     0.2313     0.3971    34.7252 0.0000e+00 1.0000e-12 9.9999e+04      67078         11  0.000e+00
      6.035     8.7668     8.7700   3.667027   3.666945     2.3947     0.2313     0.3971    34.7253 0.0000e+00 1.0000e-12 9.9999e+04      67079         11  0.000e+00
      6.091     8.7668     8.7692   3.667008   3.666859     2.3947     0.2313     0.3922    34.7251 1.8835e+00 1.0000e-12 5.3093e-11      67080         11  0.000e+00
      6.035     8.7665     8.7680   3.667008   3.666888     2.3947     0.2313     0.3971    34.7254 0.0000e+00 1.0000e-12 9.9999e+04      67081         11  0.000e+00
      6.091     8.7663     8.7661   3.667008   3.666831     2.3960     0.2313     0.3971    34.7256 0.0000e+00 1.0000e-12 9.9999e+04      67082         11  0.000e+00
      6.035     8.7663     8.7648   3.667008   3.666745     2.3960     0.2313     0.3971    34.7256 0.0000e+00 1.0000e-12 9.9999e+04      67083         11  0.000e+00
      6.035     8.7663     8.7631   3.667008   3.666717     2.3947     0.2313     0.3971    34.7256 0.0000e+00 1.0000e-12 9.9999e+04      67084         11  0.000e+00
      6.035     8.7666     8.7622   3.667008   3.666549     2.3960     0.2313     0.3971    34.7253 0.0000e+00 1.0000e-12 9.9999e+04      67085         11  0.000e+00
      6.035     8.7663     8.7605   3.666963   3.666463     2.3960     0.2118     0.3971    34.7251 0.0000e+00 1.0000e-12 9.9999e+04      67086         11  0.000e+00
      6.035     8.7660     8.7592   3.666938   3.666292     2.3960     0.2313     0.3922    34.7252 0.0000e+00 1.0000e-12 9.9999e+04      67087         11  0.000e+00
      6.035     8.7653     8.7582   3.666893   3.666182     2.3960     0.2313     0.3922    34.7254 0.0000e+00 1.0000e-12 9.9999e+04      67088         11  0.000e+00
      5.979     8.7644     8.7562   3.666829   3.666096     2.3960     0.2313     0.3922    34.7256 0.0000e+00 1.0000e-12 9.9999e+04      67089         11  0.000e+00
      6.035     8.7640     8.7531   3.666810   3.665953     2.3947     0.2313     0.3873    34.7258 0.0000e+00 1.0000e-12 9.9999e+04      67090         11  0.000e+00
      5.979     8.7643     8.7508   3.666810   3.665868     2.3960     0.2313     0.3922    34.7255 1.8835e+00 1.0000e-12 5.3093e-11      67091         11  0.000e+00
      5.979     8.7643     8.7490   3.666791   3.665729     2.3960     0.2313     0.3922    34.7253 0.0000e+00 1.0000e-12 9.9999e+04      67092         11  0.000e+00
      6.035     8.7636     8.7480   3.666708   3.665586     2.3947     0.2313     0.3873    34.7250 0.0000e+00 1.0000e-12 9.9999e+04      67093         11  0.000e+00
      5.915     8.7626     8.7474   3.666606   3.665558     2.3959     0.2313     0.3922    34.7251 1.8835e+00 1.0000e-12 5.3093e-11      67094         11  0.000e+00
      5.686     8.7552     8.7577   3.666333   3.666235     2.3935     0.2118     0.3873    34.7295 1.8835e+00 1.0000e-12 5.3093e-11      67224         12  0.000e+00
      5.743     8.7551     8.7577   3.666345   3.666235     2.3935     0.2118     0.3873    34.7297 1.8835e+00 1.0000e-12 5.3093e-11      67225         12  0.000e+00
      5.622     8.7556     8.7575   3.666333   3.666228     2.3935     0.2118     0.3873    34.7292 0.0000e+00 1.0000e-12 9.9999e+04      67226         12  0.000e+00
      5.807     8.7556     8.7574   3.666345   3.666264     2.3935     0.2118     0.3922    34.7292 0.0000e+00 1.0000e-12 9.9999e+04      67227         12  0.000e+00
      5.622     8.7561     8.7574   3.666377   3.666235     2.3947     0.2118     0.3922    34.7291 0.0000e+00 1.0000e-12 9.9999e+04      67228         12  0.000e+00
      5.743     8.7571     8.7577   3.666409   3.666235     2.3947     0.2118     0.3873    34.7284 1.8835e+00 1.0000e-12 5.3093e-11      67229         12  0.000e+00
      5.687     8.7579     8.7584   3.666492   3.666264     2.3935     0.2118     0.3922    34.7285 1.8835e+00 1.0000e-12 5.3093e-11      67230         12  0.000e+00
      5.687     8.7586     8.7589   3.666498   3.666292     2.3935     0.2118     0.3873    34.7280 0.0000e+00 1.0000e-12 9.9999e+04      67231         12  0.000e+00
      5.743     8.7588     8.7585   3.666498   3.666292     2.3935     0.2118     0.3873    34.7277 0.0000e+00 1.0000e-12 9.9999e+04      67232         12  0.000e+00
      5.687     8.7588     8.7582   3.666511   3.666321     2.3947     0.2118     0.3922    34.7279 0.0000e+00 1.0000e-12 9.9999e+04      67233         12  0.000e+00
      5.743     8.7594     8.7585   3.666536   3.666292     2.3935     0.2118     0.3873    34.7275 0.0000e+00 1.0000e-12 9.9999e+04      67234         12  0.000e+00
      5.743     8.7591     8.7584   3.666549   3.666264     2.3947     0.2118     0.3922    34.7280 1.8835e+00 1.0000e-12 5.3093e-11      67235         12  0.000e+00
      5.687     8.7588     8.7587   3.666530   3.666321     2.3947     0.2118     0.3922    34.7281 0.0000e+00 1.0000e-12 9.9999e+04      67236         12  0.000e+00
      5.743     8.7588     8.7585   3.666536   3.666321     2.3947     0.2118     0.3873    34.7282 1.8835e+00 1.0000e-12 5.3093e-11      67237         12  0.000e+00
      5.743     8.7588     8.7580   3.666530   3.666321     2.3947     0.2118     0.3873    34.7281 1.8835e+00 1.0000e-12 5.3093e-11      67238         12  0.000e+00
      5.623     8.7589     8.7577   3.666517   3.666292     2.3947     0.2118     0.3922    34.7279 0.0000e+00 1.0000e-12 9.9999e+04      67239         12  0.000e+00
      5.863     8.7593     8.7582   3.666536   3.666235     2.3947     0.2118     0.3922    34.7276 0.0000e+00 1.0000e-12 9.9999e+04      67240         12  0.000e+00
      5.687     8.7591     8.7580   3.666530   3.666292     2.3935     0.2118     0.3873    34.7278 1.8835e+00 1.0000e-12 5.3093e-11      67241         12  0.000e+00
      5.743     8.7592     8.7578   3.666562   3.666264     2.3947     0.2118     0.3873    34.7280 0.0000e+00 1.0000e-12 9.9999e+04      67242         12  0.000e+00
      5.799     8.7589     8.7577   3.666511   3.666264     2.3947     0.2118     0.3922    34.7277 0.0000e+00 1.0000e-12 9.9999e+04      67243         12  0.000e+00
      5.687     8.7584     8.7577   3.666485   3.666264     2.3947     0.2118     0.3922    34.7280 1.8835e+00 1.0000e-12 5.3093e-11      67244         12  0.000e+00
      5.807     8.7580     8.7575   3.666486   3.666264     2.3947     0.2118     0.3922    34.7284 1.8835e+00 1.0000e-12 5.3093e-11      67245         12  0.000e+00
      5.743     8.7576     8.7576   3.666498   3.666292     2.3947     0.2118     0.3873    34.7289 1.8835e+00 1.0000e-12 5.3093e-11      67246         12  0.000e+00
      5.743     8.7572     8.7572   3.666466   3.666235     2.3947     0.2118     0.3922    34.7289 0.0000e+00 1.0000e-12 9.9999e+04      67247         12  0.000e+00
      5.743     8.7571     8.7570   3.666454   3.666292     2.3947     0.2118     0.3922    34.7289 0.0000e+00 1.0000e-12 9.9999e+04      67248         12  0.000e+00
      5.743     8.7572     8.7572   3.666454   3.666206     2.3959     0.2118     0.3922    34.7289 1.8835e+00 1.0000e-12 5.3093e-11      67249         12  0.000e+00
      5.807     8.7569     8.7567   3.666454   3.666264     2.3947     0.2118     0.3873    34.7291 1.8835e+00 1.0000e-12 5.3093e-11      67250         12  0.000e+00
      5.743     8.7569     8.7566   3.666454   3.666206     2.3947     0.2118     0.3873    34.7291 0.0000e+00 1.0000e-12 9.9999e+04      67251         12  0.000e+00
      5.743     8.7569     8.7551   3.666454   3.666264     2.3947     0.2118     0.3922    34.7291 0.0000e+00 1.0000e-12 9.9999e+04      67252         12  0.000e+00
      5.807     8.7567     8.7544   3.666454   3.666256     2.3947     0.2118     0.3922    34.7293 0.0000e+00 1.0000e-12 9.9999e+04      67253         12  0.000e+00
      5.743     8.7567     8.7539   3.666409   3.666182     2.3947     0.2118     0.3873    34.7288 0.0000e+00 1.0000e-12 9.9999e+04      67254         12  0.000e+00
      5.799     8.7566     8.7522   3.666409   3.666207     2.3947     0.2118     0.3873    34.7289 1.8835e+00 1.0000e-12 5.3093e-11      67255         12  0.000e+00
      5.808     8.7556     8.7513   3.666422   3.666153     2.3959     0.2118     0.3922    34.7300 1.8835e+00 1.0000e-12 5.3093e-11      67256         12  0.000e+00
      5.808     8.7556     8.7508   3.666422   3.666039     2.3959     0.2118     0.3922    34.7300 0.0000e+00 1.0000e-12 9.9999e+04      67257         12  0.000e+00
      5.808     8.7560     8.7505   3.666441   3.666067     2.3947     0.2118     0.3922    34.7299 0.0000e+00 1.0000e-12 9.9999e+04      67258         12  0.000e+00
      5.744     8.7558     8.7508   3.666435   3.666067     2.3959     0.2118     0.3922    34.7300 0.0000e+00 1.0000e-12 9.9999e+04      67259         12  0.000e+00
      5.808     8.7555     8.7511   3.666435   3.666067     2.3959     0.2118     0.3922    34.7303 1.8835e+00 1.0000e-12 5.3093e-11      67260         12  0.000e+00
      5.808     8.7543     8.7508   3.666384   3.666039     2.3959     0.2118     0.3922    34.7309 0.0000e+00 1.0000e-12 9.9999e+04      67261         12  0.000e+00
      5.800     8.7515     8.7500   3.666307   3.666067     2.3959     0.2118     0.3922    34.7329 1.8835e+00 1.0000e-12 5.3093e-11      67262         12  0.000e+00
