Ship_data/Irminger/Irminger-4/ctd/process/ar21_001.cnv
* Sea-Bird SBE 9 Data File:
* FileName = D:\Data\AR21_001.hdr
* Software Version Seasave V 7.23.2
* Temperature SN = 4155
* Conductivity SN = 2645
* Number of Bytes Per Scan = 40
* Number of Voltage Words = 5
* Number of Scans Averaged by the Deck Unit = 1
* NMEA Latitude = 50 47.11 N
* NMEA Longitude = 047 17.72 W
* NMEA UTC (Time) = Aug 02 2017  11:23:00
# nquan = 21
# nvalues = 2007                        
# units = specified
# name 0 = prDM: Pressure, Digiquartz [db]
# name 1 = t090C: Temperature [ITS-90, deg C]
# name 2 = t190C: Temperature, 2 [ITS-90, deg C]
# name 3 = c0S/m: Conductivity [S/m]
# name 4 = c1S/m: Conductivity, 2 [S/m]
# name 5 = sbeox0V: Oxygen raw, SBE 43 [V]
# name 6 = flECO-AFL: Fluorescence, WET Labs ECO-AFL/FL [mg/m^3]
# name 7 = turbWETntu0: Turbidity, WET Labs ECO [NTU]
# name 8 = sal00: Salinity, Practical [PSU]
# name 9 = spar: SPAR/Surface Irradiance
# name 10 = par: PAR/Irradiance, Biospherical/Licor
# name 11 = cpar: CPAR/Corrected Irradiance [%]
# name 12 = depSM: Depth [salt water, m], lat = 50.7852
# name 13 = sal00: Salinity, Practical [PSU]
# name 14 = sal11: Salinity, Practical, 2 [PSU]
# name 15 = sbeox0ML/L: Oxygen, SBE 43 [ml/l], WS = 2
# name 16 = svCM: Sound Velocity [Chen-Millero, m/s]
# name 17 = sigma-é00: Density [sigma-theta, kg/m^3]
# name 18 = sigma-é11: Density, 2 [sigma-theta, kg/m^3]
# name 19 = avgsvCM: Average Sound Velocity [Chen-Millero, m/s], minP = 20, minS = 20
# name 20 = flag: flag
# span 0 =      2.017,   1017.256       
# span 1 =     3.1991,    10.5334       
# span 2 =     3.2014,    10.5458       
# span 3 =   3.162380,   3.743633       
# span 4 =   3.162345,   3.744386       
# span 5 =     1.5338,     2.5519       
# span 6 =    -0.4143,     1.8267       
# span 7 =     0.3407,     0.5361       
# span 8 =    33.8250,    34.9262       
# span 9 = -5.079e-02, 1.5109e+00       
# span 10 = -2.697e-07, 9.7089e+02      
# span 11 = 2.2487e+04, 1.0270e+05      
# span 12 =      2.000,   1006.000      
# span 13 =    33.8262,    34.9260      
# span 14 =    33.8249,    34.8735      
# span 15 =     3.8771,     6.1229      
# span 16 =    1464.15,    1490.36      
# span 17 =    25.9460,    27.7892      
# span 18 =    25.9408,    27.7514      
# span 19 =       0.00,    1485.22      
# span 20 = 0.0000e+00, 0.0000e+00      
# interval = meters: 1                  
# start_time = Aug 02 2017 11:23:00 [NMEA time, header]
# bad_flag = -9.990e-29
*END*
[from data line 759]
    771.084     3.3971     3.4021   3.227015   3.225541     1.5599    -0.3938     0.3448    34.8887 7.2703e-01 1.0000e-12 6.1399e+04    763.000    34.8888    34.8658     3.8793    1476.61    27.7639    27.7451    1471.14 0.0000e+00
    772.096     3.3973     3.4029   3.227059   3.225665     1.5592    -0.3938     0.3458    34.8883 4.1187e-01 1.0000e-12 7.8131e+04    764.000    34.8886    34.8659     3.8771    1476.63    27.7637    27.7451    1471.15 0.0000e+00
    773.109     3.3978     3.4021   3.227147   3.225618     1.5600    -0.3928     0.3488    34.8883 3.9698e-01 1.0000e-12 7.8922e+04    765.000    34.8886    34.8656     3.8804    1476.65    27.7637    27.7449    1471.16 0.0000e+00
    774.121     3.3987     3.4014   3.227053   3.225581     1.5639    -0.3812     0.3498    34.8860 5.3123e-01 1.0000e-12 7.2966e+04    766.000    34.8859    34.8654     3.8954    1476.67    27.7615    27.7449    1471.17 0.0000e+00
    775.134     3.3991     3.3992   3.226733   3.225409     1.5635    -0.3729     0.3407    34.8807 4.6629e-01 1.0000e-12 7.5154e+04    767.000    34.8811    34.8651     3.8944    1476.68    27.7576    27.7448    1471.17 0.0000e+00
    776.146     3.3982     3.3973   3.226940   3.225279     1.5609    -0.3897     0.3492    34.8839 9.4938e-01 1.0000e-12 4.9594e+04    768.000    34.8841    34.8651     3.8854    1476.69    27.7601    27.7450    1471.18 0.0000e+00
    777.159     3.3983     3.3962   3.227035   3.225223     1.5594    -0.3927     0.3533    34.8845 6.9521e-01 1.0000e-12 6.3088e+04    769.000    34.8846    34.8650     3.8803    1476.71    27.7605    27.7451    1471.19 0.0000e+00
    778.171     3.3984     3.3989   3.227124   3.225541     1.5591    -0.3927     0.3534    34.8849 4.0845e-01 1.0000e-12 7.8313e+04    770.000    34.8851    34.8655     3.8797    1476.73    27.7608    27.7452    1471.19 0.0000e+00
    779.184     3.3985     3.4005   3.227200   3.225748     1.5592    -0.3719     0.3505    34.8852 4.4325e-01 1.0000e-12 7.6466e+04    771.000    34.8853    34.8657     3.8807    1476.75    27.7611    27.7452    1471.20 0.0000e+00
    780.196     3.3985     3.4002   3.227245   3.225774     1.5603    -0.3857     0.3474    34.8852 4.4317e-01 1.0000e-12 7.6470e+04    772.000    34.8853    34.8658     3.8852    1476.76    27.7611    27.7453    1471.21 0.0000e+00
    781.209     3.3984     3.3976   3.227292   3.225550     1.5627    -0.3938     0.3470    34.8853 8.2489e-01 1.0000e-12 5.6203e+04    773.000    34.8854    34.8653     3.8946    1476.78    27.7611    27.7452    1471.22 0.0000e+00
    782.221     3.3982     3.3972   3.227314   3.225587     1.5655    -0.3938     0.3451    34.8853 -2.024e-02 1.0000e-12 1.0107e+05    774.000    34.8854    34.8657     3.9056    1476.80    27.7611    27.7455    1471.22 0.0000e+00
    783.234     3.3979     3.3978   3.227346   3.225677     1.5693    -0.3769     0.3494    34.8855 4.0809e-01 1.0000e-12 7.8332e+04    775.000    34.8855    34.8656     3.9201    1476.81    27.7613    27.7454    1471.23 0.0000e+00
    784.246     3.3973     3.3982   3.227343   3.225744     1.5766    -0.3802     0.3490    34.8857 6.8929e-01 1.0000e-12 6.4752e+04    776.000    34.8856    34.8655     3.9477    1476.83    27.7615    27.7453    1471.24 0.0000e+00
    785.259     3.3964     3.3974   3.227179   3.225719     1.5833    -0.3810     0.3484    34.8842 1.0245e+00 1.0000e-12 4.8090e+04    777.000    34.8841    34.8655     3.9731    1476.84    27.7603    27.7454    1471.24 0.0000e+00
    786.271     3.3955     3.3968   3.227141   3.225705     1.5821    -0.3899     0.3500    34.8841 5.5638e-01 1.0000e-12 7.0365e+04    778.000    34.8840    34.8654     3.9694    1476.85    27.7604    27.7454    1471.25 0.0000e+00
    787.284     3.3951     3.3965   3.227182   3.225721     1.5803    -0.3702     0.3543    34.8845 3.6461e-01 1.0000e-12 8.0641e+04    779.000    34.8845    34.8654     3.9634    1476.87    27.7607    27.7454    1471.26 0.0000e+00
    788.296     3.3951     3.3965   3.227248   3.225777     1.5791    -0.3838     0.3525    34.8846 5.5877e-01 1.0000e-12 7.0332e+04    780.000    34.8847    34.8655     3.9593    1476.88    27.7609    27.7455    1471.27 0.0000e+00
    789.309     3.3953     3.3966   3.227310   3.225842     1.5783    -0.3924     0.3505    34.8847 7.5196e-01 1.0000e-12 6.0076e+04    781.000    34.8847    34.8656     3.9567    1476.90    27.7610    27.7456    1471.27 0.0000e+00
    790.322     3.3954     3.3950   3.227376   3.225711     1.5783    -0.3938     0.3507    34.8848 1.0698e+00 1.0000e-12 5.0201e+04    782.000    34.8848    34.8653     3.9574    1476.92    27.7610    27.7455    1471.28 0.0000e+00
    791.334     3.3954     3.3927   3.227419   3.225542     1.5789    -0.3938     0.3501    34.8848 7.2261e-01 1.0000e-12 6.1597e+04    783.000    34.8849    34.8651     3.9602    1476.93    27.7611    27.7456    1471.29 0.0000e+00
    792.347     3.3951     3.3906   3.227448   3.225367     1.5802    -0.3938     0.3515    34.8849 2.5819e-01 1.0000e-12 8.6291e+04    784.000    34.8850    34.8648     3.9655    1476.95    27.7612    27.7455    1471.29 0.0000e+00
    793.359     3.3945     3.3895   3.227502   3.225303     1.5823    -0.3926     0.3509    34.8857 8.5185e-01 1.0000e-12 5.4772e+04    785.000    34.8857    34.8647     3.9737    1476.97    27.7618    27.7456    1471.30 0.0000e+00
    794.372     3.3936     3.3892   3.227563   3.225312     1.5851    -0.3876     0.3495    34.8868 4.7503e-01 1.0000e-12 7.4778e+04    786.000    34.8868    34.8646     3.9847    1476.98    27.7628    27.7455    1471.31 0.0000e+00
    795.384     3.3896     3.3917   3.226890   3.225583     1.5937    -0.3733     0.3470    34.8831 7.3954e-01 1.0000e-12 6.2197e+04    787.000    34.8825    34.8646     4.0178    1476.97    27.7598    27.7453    1471.32 0.0000e+00
    796.397     3.3888     3.3900   3.226055   3.225494     1.5916    -0.3900     0.3499    34.8732 1.0062e+00 1.0000e-12 4.6569e+04    788.000    34.8728    34.8648     4.0110    1476.97    27.7521    27.7456    1471.32 0.0000e+00
    797.410     3.3880     3.3902   3.226046   3.225567     1.5937    -0.3733     0.3513    34.8731 2.1162e-01 1.0000e-12 8.8764e+04    789.000    34.8731    34.8650     4.0192    1476.99    27.7524    27.7458    1471.33 0.0000e+00
    798.422     3.3882     3.3906   3.226125   3.225665     1.5959    -0.3708     0.3501    34.8732 4.9983e-01 1.0000e-12 7.3462e+04    790.000    34.8732    34.8651     4.0281    1477.01    27.7525    27.7459    1471.34 0.0000e+00
    799.435     3.3882     3.3932   3.226230   3.225985     1.5982    -0.3723     0.3507    34.8738 7.4839e-01 1.0000e-12 6.0265e+04    791.000    34.8739    34.8657     4.0369    1477.02    27.7531    27.7460    1471.35 0.0000e+00
    800.447     3.3885     3.3940   3.226334   3.226105     1.6009    -0.3707     0.3509    34.8743 5.0910e-01 1.0000e-12 8.2234e+04    792.000    34.8744    34.8658     4.0474    1477.04    27.7534    27.7460    1471.35 0.0000e+00
    801.460     3.3890     3.3938   3.226478   3.226124     1.6037    -0.4055     0.3497    34.8748 6.6876e-01 1.0000e-12 6.4717e+04    793.000    34.8750    34.8656     4.0584    1477.06    27.7539    27.7460    1471.36 0.0000e+00
    802.473     3.3898     3.3934   3.226625   3.226128     1.6073    -0.4078     0.3493    34.8752 7.2809e-01 1.0000e-12 6.1343e+04    794.000    34.8754    34.8656     4.0720    1477.08    27.7541    27.7460    1471.37 0.0000e+00
    803.485     3.3902     3.3924   3.226808   3.226084     1.6111    -0.3793     0.3504    34.8766 7.3999e-01 1.0000e-12 6.0711e+04    795.000    34.8767    34.8656     4.0867    1477.10    27.7551    27.7461    1471.37 0.0000e+00
    804.498     3.3903     3.3903   3.226948   3.225935     1.6097    -0.3913     0.3513    34.8776 4.3886e-01 1.0000e-12 7.9316e+04    796.000    34.8776    34.8655     4.0820    1477.12    27.7559    27.7462    1471.38 0.0000e+00
    805.510     3.3893     3.3883   3.226959   3.225773     1.6056    -0.3829     0.3502    34.8784 5.1541e-01 1.0000e-12 7.2557e+04    797.000    34.8784    34.8652     4.0676    1477.13    27.7566    27.7462    1471.39 0.0000e+00
    806.523     3.3890     3.3873   3.227030   3.225724     1.6025    -0.3710     0.3485    34.8790 2.9403e-01 1.0000e-12 8.4388e+04    798.000    34.8790    34.8651     4.0565    1477.15    27.7571    27.7462    1471.40 0.0000e+00
    807.536     3.3886     3.3883   3.227149   3.225876     1.5989    -0.3733     0.3420    34.8802 4.9800e-01 1.0000e-12 7.3559e+04    799.000    34.8803    34.8653     4.0437    1477.17    27.7582    27.7463    1471.40 0.0000e+00
    808.548     3.3885     3.3881   3.227265   3.225903     1.5951    -0.3723     0.3453    34.8813 6.5754e-01 1.0000e-12 6.5088e+04    800.000    34.8813    34.8653     4.0301    1477.19    27.7590    27.7463    1471.41 0.0000e+00
    809.561     3.3892     3.3862   3.227362   3.225757     1.5911    -0.3851     0.3477    34.8811 2.0872e-01 1.0000e-12 8.8918e+04    801.000    34.8812    34.8651     4.0155    1477.20    27.7589    27.7463    1471.42 0.0000e+00
    810.574     3.3895     3.3852   3.227427   3.225695     1.5875    -0.3851     0.3508    34.8811 8.5660e-01 1.0000e-12 6.0248e+04    802.000    34.8811    34.8648     4.0027    1477.22    27.7588    27.7462    1471.42 0.0000e+00
    811.586     3.3887     3.3856   3.227480   3.225781     1.5841    -0.3731     0.3504    34.8820 8.3710e-01 1.0000e-12 6.1111e+04    803.000    34.8820    34.8650     3.9906    1477.24    27.7596    27.7463    1471.43 0.0000e+00
    812.599     3.3879     3.3843   3.227547   3.225702     1.5812    -0.3733     0.3462    34.8831 1.1197e+00 1.0000e-12 4.0749e+04    804.000    34.8832    34.8648     3.9805    1477.25    27.7606    27.7463    1471.44 0.0000e+00
    813.612     3.3869     3.3820   3.227632   3.225523     1.5780    -0.3898     0.3497    34.8847 6.7925e-01 1.0000e-12 6.7563e+04    805.000    34.8847    34.8647     3.9692    1477.27    27.7619    27.7464    1471.45 0.0000e+00
    814.624     3.3871     3.3823   3.227701   3.225599     1.5730    -0.3936     0.3526    34.8849 4.1487e-01 1.0000e-12 7.7680e+04    806.000    34.8849    34.8647     3.9513    1477.28    27.7620    27.7464    1471.45 0.0000e+00
    815.637     3.3864     3.3824   3.227735   3.225656     1.5690    -0.3938     0.3462    34.8855 5.3193e-01 1.0000e-12 7.1758e+04    807.000    34.8854    34.8648     3.9368    1477.30    27.7625    27.7465    1471.46 0.0000e+00
    816.650     3.3853     3.3823   3.227791   3.225699     1.5667    -0.3921     0.3505    34.8868 2.4945e-01 1.0000e-12 8.6755e+04    808.000    34.8868    34.8648     3.9290    1477.31    27.7637    27.7465    1471.47 0.0000e+00
    817.662     3.3844     3.3831   3.227856   3.225838     1.5644    -0.3937     0.3499    34.8881 5.6065e-01 1.0000e-12 7.0232e+04    809.000    34.8880    34.8651     3.9210    1477.33    27.7648    27.7466    1471.47 0.0000e+00
    818.675     3.3845     3.3834   3.227914   3.225907     1.5620    -0.3711     0.3469    34.8881 8.1532e-01 1.0000e-12 6.0033e+04    810.000    34.8880    34.8651     3.9127    1477.34    27.7649    27.7466    1471.48 0.0000e+00
    819.688     3.3857     3.3834   3.227962   3.225956     1.5606    -0.3743     0.3540    34.8867 4.8760e-01 1.0000e-12 7.4073e+04    811.000    34.8867    34.8651     3.9077    1477.36    27.7637    27.7467    1471.49 0.0000e+00
    820.700     3.3859     3.3818   3.227994   3.225835     1.5595    -0.3728     0.3492    34.8865 4.0141e-01 1.0000e-12 8.6008e+04    812.000    34.8864    34.8649     3.9043    1477.38    27.7634    27.7467    1471.50 0.0000e+00
    821.713     3.3855     3.3818   3.228007   3.225896     1.5597    -0.3714     0.3508    34.8865 1.2678e+00 1.0000e-12 4.7478e+04    813.000    34.8865    34.8651     3.9056    1477.40    27.7636    27.7468    1471.50 0.0000e+00
    822.726     3.3845     3.3827   3.228030   3.226023     1.5600    -0.3701     0.3493    34.8872 8.0108e-01 1.0000e-12 5.7251e+04    814.000    34.8873    34.8651     3.9072    1477.41    27.7643    27.7467    1471.51 0.0000e+00
    823.739     3.3836     3.3819   3.228072   3.225971     1.5606    -0.3838     0.3495    34.8882 6.3880e-01 1.0000e-12 6.6083e+04    815.000    34.8882    34.8648     3.9099    1477.42    27.7651    27.7466    1471.52 0.0000e+00
    824.751     3.3828     3.3801   3.228145   3.225843     1.5619    -0.3932     0.3499    34.8894 4.5588e-01 1.0000e-12 7.5795e+04    816.000    34.8894    34.8646     3.9154    1477.44    27.7662    27.7466    1471.52 0.0000e+00
    825.764     3.3803     3.3799   3.228018   3.225864     1.5664    -0.3867     0.3468    34.8903 8.5766e-01 1.0000e-12 5.7971e+04    817.000    34.8900    34.8646     3.9329    1477.45    27.7669    27.7466    1471.53 0.0000e+00
    826.777     3.3790     3.3797   3.227926   3.225905     1.5649    -0.3940     0.3460    34.8897 4.7918e-01 1.0000e-12 7.4471e+04    818.000    34.8898    34.8647     3.9280    1477.46    27.7669    27.7468    1471.54 0.0000e+00
    827.789     3.3812     3.3803   3.228076   3.225988     1.5637    -0.3741     0.3532    34.8886 7.0871e-01 1.0000e-12 6.8691e+04    819.000    34.8886    34.8646     3.9239    1477.48    27.7657    27.7466    1471.55 0.0000e+00
    828.802     3.3814     3.3787   3.228119   3.225890     1.5625    -0.3743     0.3549    34.8885 6.7172e-01 1.0000e-12 6.4158e+04    820.000    34.8884    34.8645     3.9197    1477.50    27.7655    27.7467    1471.55 0.0000e+00
    829.815     3.3810     3.3766   3.228127   3.225737     1.5626    -0.3929     0.3492    34.8885 9.5202e-01 1.0000e-12 4.9454e+04    821.000    34.8884    34.8644     3.9208    1477.51    27.7656    27.7468    1471.56 0.0000e+00
    830.828     3.3802     3.3765   3.228128   3.225776     1.5630    -0.3863     0.3482    34.8889 7.2560e-01 1.0000e-12 6.1475e+04    822.000    34.8888    34.8645     3.9229    1477.53    27.7660    27.7470    1471.57 0.0000e+00
    831.840     3.3791     3.3771   3.228131   3.225883     1.5639    -0.3744     0.3456    34.8895 5.1607e-01 1.0000e-12 7.2600e+04    823.000    34.8894    34.8646     3.9268    1477.54    27.7666    27.7470    1471.58 0.0000e+00
    832.853     3.3784     3.3780   3.228200   3.226017     1.5656    -0.3771     0.3468    34.8905 4.0379e-01 1.0000e-12 7.8561e+04    824.000    34.8905    34.8647     3.9337    1477.56    27.7675    27.7470    1471.58 0.0000e+00
    833.866     3.3778     3.3782   3.228346   3.226088     1.5677    -0.3931     0.3506    34.8923 3.3540e-01 1.0000e-12 8.2192e+04    825.000    34.8924    34.8648     3.9422    1477.57    27.7691    27.7470    1471.59 0.0000e+00
    834.879     3.3783     3.3792   3.228245   3.226207     1.5781    -0.3735     0.3463    34.8902 5.8055e-01 1.0000e-12 7.0158e+04    826.000    34.8901    34.8646     3.9816    1477.59    27.7672    27.7468    1471.60 0.0000e+00
    835.892     3.3770     3.3792   3.227966   3.226264     1.5834    -0.3886     0.3465    34.8875 3.4104e-01 1.0000e-12 8.1887e+04    827.000    34.8876    34.8648     4.0020    1477.60    27.7654    27.7470    1471.60 0.0000e+00
    836.904     3.3787     3.3775   3.228292   3.226128     1.5835    -0.3809     0.3456    34.8888 9.0630e-01 1.0000e-12 5.1881e+04    828.000    34.8891    34.8645     4.0027    1477.62    27.7664    27.7469    1471.61 0.0000e+00
    837.917     3.3800     3.3760   3.228404   3.226038     1.5839    -0.3728     0.3469    34.8885 6.2317e-01 1.0000e-12 6.6913e+04    829.000    34.8886    34.8645     4.0047    1477.64    27.7658    27.7470    1471.62 0.0000e+00
    838.930     3.3788     3.3761   3.228362   3.226095     1.5845    -0.3713     0.3505    34.8889 5.7927e-01 1.0000e-12 6.9244e+04    830.000    34.8888    34.8645     4.0074    1477.66    27.7662    27.7470    1471.63 0.0000e+00
