Ship_data/Irminger/Irminger-4/ctd/process/ar21_001.cnv
* Sea-Bird SBE 9 Data File:
* FileName = D:\Data\AR21_001.hdr
* Software Version Seasave V 7.23.2
* Temperature SN = 4155
* Conductivity SN = 2645
* Number of Bytes Per Scan = 40
* Number of Voltage Words = 5
* Number of Scans Averaged by the Deck Unit = 1
* NMEA Latitude = 50 47.11 N
* NMEA Longitude = 047 17.72 W
* NMEA UTC (Time) = Aug 02 2017  11:23:00
# nquan = 21
# nvalues = 2007                        
# units = specified
# name 0 = prDM: Pressure, Digiquartz [db]
# name 1 = t090C: Temperature [ITS-90, deg C]
# name 2 = t190C: Temperature, 2 [ITS-90, deg C]
# name 3 = c0S/m: Conductivity [S/m]
# name 4 = c1S/m: Conductivity, 2 [S/m]
# name 5 = sbeox0V: Oxygen raw, SBE 43 [V]
# name 6 = flECO-AFL: Fluorescence, WET Labs ECO-AFL/FL [mg/m^3]
# name 7 = turbWETntu0: Turbidity, WET Labs ECO [NTU]
# name 8 = sal00: Salinity, Practical [PSU]
# name 9 = spar: SPAR/Surface Irradiance
# name 10 = par: PAR/Irradiance, Biospherical/Licor
# name 11 = cpar: CPAR/Corrected Irradiance [%]
# name 12 = depSM: Depth [salt water, m], lat = 50.7852
# name 13 = sal00: Salinity, Practical [PSU]
# name 14 = sal11: Salinity, Practical, 2 [PSU]
# name 15 = sbeox0ML/L: Oxygen, SBE 43 [ml/l], WS = 2
# name 16 = svCM: Sound Velocity [Chen-Millero, m/s]
# name 17 = sigma-é00: Density [sigma-theta, kg/m^3]
# name 18 = sigma-é11: Density, 2 [sigma-theta, kg/m^3]
# name 19 = avgsvCM: Average Sound Velocity [Chen-Millero, m/s], minP = 20, minS = 20
# name 20 = flag: flag
# span 0 =      2.017,   1017.256       
# span 1 =     3.1991,    10.5334       
# span 2 =     3.2014,    10.5458       
# span 3 =   3.162380,   3.743633       
# span 4 =   3.162345,   3.744386       
# span 5 =     1.5338,     2.5519       
# span 6 =    -0.4143,     1.8267       
# span 7 =     0.3407,     0.5361       
# span 8 =    33.8250,    34.9262       
# span 9 = -5.079e-02, 1.5109e+00       
# span 10 = -2.697e-07, 9.7089e+02      
# span 11 = 2.2487e+04, 1.0270e+05      
# span 12 =      2.000,   1006.000      
# span 13 =    33.8262,    34.9260      
# span 14 =    33.8249,    34.8735      
# span 15 =     3.8771,     6.1229      
# span 16 =    1464.15,    1490.36      
# span 17 =    25.9460,    27.7892      
# span 18 =    25.9408,    27.7514      
# span 19 =       0.00,    1485.22      
# span 20 = 0.0000e+00, 0.0000e+00      
# interval = meters: 1                  
# start_time = Aug 02 2017 11:23:00 [NMEA time, header]
# bad_flag = -9.990e-29
*END*
[from data line 207]
    212.949     3.4291     3.4306   3.199147   3.199110     2.1333    -0.3441     0.3576    34.8204 5.7496e-01 1.0000e-12 6.9736e+04    211.000    34.8197    34.8176     5.5752    1467.48    27.7019    27.7000    1468.10 0.0000e+00
    213.959     3.4258     3.4271   3.198890   3.198814     2.1340    -0.3626     0.3586    34.8200 1.0054e+00 1.0000e-12 5.3301e+04    212.000    34.8195    34.8173     5.5786    1467.48    27.7020    27.7001    1468.10 0.0000e+00
    214.969     3.4249     3.4262   3.198910   3.198800     2.1341    -0.3606     0.3590    34.8201 3.9248e-01 1.0000e-12 7.9329e+04    213.000    34.8202    34.8175     5.5799    1467.50    27.7026    27.7004    1468.10 0.0000e+00
    215.979     3.4279     3.4293   3.199249   3.199177     2.1340    -0.3611     0.3576    34.8207 5.0803e-01 1.0000e-12 7.3027e+04    214.000    34.8206    34.8182     5.5798    1467.52    27.7026    27.7006    1468.09 0.0000e+00
    216.988     3.4316     3.4323   3.199748   3.199555     2.1340    -0.3435     0.3576    34.8216 2.9020e-01 1.0000e-12 8.4591e+04    215.000    34.8221    34.8190     5.5800    1467.56    27.7035    27.7010    1468.09 0.0000e+00
    217.998     3.4380     3.4394   3.200491   3.200336     2.1338    -0.3649     0.3567    34.8227 4.0043e-01 1.0000e-12 7.8739e+04    216.000    34.8236    34.8202     5.5789    1467.60    27.7041    27.7013    1468.09 0.0000e+00
    219.008     3.4416     3.4433   3.200829   3.200766     2.1341    -0.3455     0.3519    34.8229 6.6607e-01 1.0000e-12 6.4636e+04    217.000    34.8232    34.8207     5.5801    1467.64    27.7034    27.7013    1468.09 0.0000e+00
    220.018     3.4405     3.4422   3.200736   3.200702     2.1340    -0.3535     0.3540    34.8228 4.4442e-01 1.0000e-12 7.6404e+04    218.000    34.8228    34.8206     5.5806    1467.65    27.7032    27.7013    1468.08 0.0000e+00
    221.028     3.4360     3.4378   3.200346   3.200331     2.1335    -0.3639     0.3569    34.8227 3.9678e-01 1.0000e-12 7.8933e+04    219.000    34.8223    34.8202     5.5805    1467.64    27.7033    27.7015    1468.08 0.0000e+00
    222.037     3.4279     3.4298   3.199589   3.199596     2.1330    -0.3622     0.3566    34.8220 4.4853e-01 1.0000e-12 7.6185e+04    220.000    34.8213    34.8194     5.5808    1467.63    27.7033    27.7016    1468.08 0.0000e+00
    223.047     3.4280     3.4296   3.199726   3.199669     2.1331    -0.3859     0.3519    34.8224 2.4062e-01 1.0000e-12 8.7224e+04    221.000    34.8223    34.8199     5.5818    1467.64    27.7041    27.7020    1468.08 0.0000e+00
    224.057     3.4350     3.4376   3.200738   3.200588     2.1339    -0.3450     0.3568    34.8242 4.9358e-01 1.0000e-12 7.8181e+04    222.000    34.8265    34.8219     5.5842    1467.69    27.7067    27.7028    1468.08 0.0000e+00
    225.067     3.4533     3.4551   3.202485   3.202416     2.1339    -0.3463     0.3527    34.8265 4.4054e-01 1.0000e-12 7.6698e+04    223.000    34.8274    34.8246     5.5819    1467.79    27.7057    27.7033    1468.08 0.0000e+00
    226.077     3.4500     3.4522   3.202136   3.202190     2.1327    -0.3749     0.3525    34.8263 6.3771e-01 1.0000e-12 6.6141e+04    224.000    34.8261    34.8244     5.5792    1467.79    27.7050    27.7034    1468.07 0.0000e+00
    227.087     3.4395     3.4417   3.201217   3.201224     2.1319    -0.3506     0.3564    34.8258 5.5374e-01 1.0000e-12 7.0599e+04    225.000    34.8257    34.8234     5.5787    1467.76    27.7057    27.7037    1468.07 0.0000e+00
    228.096     3.4396     3.4406   3.201365   3.201161     2.1312    -0.3611     0.3526    34.8261 9.3600e-01 1.0000e-12 5.0304e+04    226.000    34.8268    34.8233     5.5768    1467.78    27.7066    27.7037    1468.07 0.0000e+00
    229.106     3.4442     3.4452   3.201786   3.201681     2.1308    -0.3509     0.3547    34.8263 7.5468e-01 1.0000e-12 5.9931e+04    227.000    34.8265    34.8242     5.5756    1467.82    27.7059    27.7039    1468.07 0.0000e+00
    230.116     3.4445     3.4460   3.201870   3.201797     2.1306    -0.3403     0.3576    34.8264 2.4434e-01 1.0000e-12 8.7026e+04    228.000    34.8266    34.8241     5.5755    1467.83    27.7060    27.7038    1468.07 0.0000e+00
    231.126     3.4435     3.4451   3.201786   3.201749     2.1303    -0.3420     0.3569    34.8263 3.2738e-01 1.0000e-12 8.2617e+04    229.000    34.8262    34.8240     5.5755    1467.85    27.7057    27.7038    1468.07 0.0000e+00
    232.136     3.4385     3.4403   3.201298   3.201332     2.1306    -0.3462     0.3546    34.8259 9.6710e-01 1.0000e-12 5.3273e+04    230.000    34.8250    34.8235     5.5780    1467.84    27.7053    27.7039    1468.07 0.0000e+00
    233.146     3.4315     3.4331   3.200762   3.200692     2.1307    -0.3584     0.3518    34.8258 4.1537e-01 1.0000e-12 8.0645e+04    231.000    34.8255    34.8230     5.5803    1467.83    27.7064    27.7042    1468.07 0.0000e+00
    234.155     3.4411     3.4424   3.201864   3.201720     2.1310    -0.3620     0.3502    34.8271 5.6430e-01 1.0000e-12 7.2540e+04    232.000    34.8280    34.8248     5.5803    1467.89    27.7074    27.7047    1468.06 0.0000e+00
    235.165     3.4502     3.4521   3.202794   3.202744     2.1317    -0.3552     0.3564    34.8283 5.4643e-01 1.0000e-12 7.0935e+04    233.000    34.8289    34.8262     5.5819    1467.94    27.7073    27.7049    1468.06 0.0000e+00
    236.175     3.4476     3.4488   3.202650   3.202504     2.1317    -0.3890     0.3527    34.8287 7.1681e-01 1.0000e-12 6.1942e+04    234.000    34.8293    34.8264     5.5832    1467.95    27.7078    27.7054    1468.06 0.0000e+00
    237.185     3.4583     3.4605   3.203959   3.203813     2.1308    -0.3656     0.3570    34.8308 2.3149e-01 1.0000e-12 8.7709e+04    235.000    34.8331    34.8290     5.5789    1468.02    27.7098    27.7064    1468.06 0.0000e+00
    238.195     3.4669     3.4686   3.204628   3.204643     2.1304    -0.3608     0.3554    34.8314 4.3265e-01 1.0000e-12 7.7028e+04    236.000    34.8314    34.8298     5.5769    1468.07    27.7077    27.7061    1468.06 0.0000e+00
    239.205     3.4580     3.4620   3.203767   3.204012     2.1295    -0.3660     0.3530    34.8304 5.4099e-01 1.0000e-12 7.1276e+04    237.000    34.8301    34.8286     5.5761    1468.04    27.7074    27.7059    1468.06 0.0000e+00
    240.215     3.4546     3.4561   3.203648   3.203503     2.1292    -0.3610     0.3525    34.8305 7.0255e-01 1.0000e-12 6.2699e+04    238.000    34.8317    34.8283     5.5764    1468.05    27.7090    27.7062    1468.06 0.0000e+00
    241.225     3.4697     3.4685   3.205302   3.204844     2.1295    -0.3619     0.3531    34.8327 7.8770e-01 1.0000e-12 6.3117e+04    239.000    34.8349    34.8307     5.5755    1468.13    27.7102    27.7069    1468.06 0.0000e+00
    242.234     3.4769     3.4788   3.205914   3.205875     2.1293    -0.3623     0.3564    34.8330 4.1183e-01 1.0000e-12 7.8671e+04    240.000    34.8341    34.8315     5.5746    1468.18    27.7088    27.7066    1468.06 0.0000e+00
    243.244     3.4831     3.4838   3.206614   3.206432     2.1287    -0.3647     0.3546    34.8340 7.6199e-01 1.0000e-12 6.2032e+04    241.000    34.8352    34.8323     5.5723    1468.22    27.7091    27.7068    1468.06 0.0000e+00
    244.254     3.4865     3.4878   3.206994   3.206884     2.1281    -0.3629     0.3576    34.8347 7.8439e-01 1.0000e-12 6.2507e+04    242.000    34.8356    34.8330     5.5704    1468.26    27.7091    27.7069    1468.07 0.0000e+00
    245.264     3.4917     3.4931   3.207652   3.207525     2.1275    -0.3586     0.3580    34.8359 8.9435e-01 1.0000e-12 5.2610e+04    243.000    34.8374    34.8344     5.5682    1468.30    27.7101    27.7075    1468.07 0.0000e+00
    246.274     3.4934     3.4953   3.207795   3.207778     2.1268    -0.3424     0.3573    34.8360 5.7312e-01 1.0000e-12 7.4449e+04    244.000    34.8368    34.8345     5.5662    1468.32    27.7094    27.7074    1468.07 0.0000e+00
    247.284     3.4929     3.4942   3.207801   3.207706     2.1256    -0.3524     0.3551    34.8361 5.5405e-01 1.0000e-12 7.0622e+04    245.000    34.8368    34.8343     5.5628    1468.33    27.7095    27.7073    1468.07 0.0000e+00
    248.294     3.4836     3.4862   3.206624   3.206908     2.1246    -0.3602     0.3532    34.8346 4.4684e-01 1.0000e-12 7.6275e+04    246.000    34.8321    34.8327     5.5618    1468.30    27.7066    27.7069    1468.07 0.0000e+00
    249.304     3.4617     3.4638   3.204656   3.204803     2.1240    -0.3612     0.3577    34.8334 4.9819e-01 1.0000e-12 7.3549e+04    247.000    34.8313    34.8308     5.5638    1468.23    27.7081    27.7075    1468.07 0.0000e+00
    250.314     3.4522     3.4534   3.203891   3.203839     2.1236    -0.3644     0.3556    34.8330 2.7424e-01 1.0000e-12 8.5439e+04    248.000    34.8317    34.8297     5.5647    1468.20    27.7094    27.7077    1468.07 0.0000e+00
    251.324     3.4499     3.4513   3.203790   3.203724     2.1238    -0.3630     0.3516    34.8330 3.9469e-01 1.0000e-12 7.9044e+04    249.000    34.8323    34.8300     5.5666    1468.21    27.7101    27.7081    1468.07 0.0000e+00
    252.334     3.4497     3.4513   3.203832   3.203783     2.1240    -0.3635     0.3535    34.8332 6.9479e-01 1.0000e-12 6.3111e+04    250.000    34.8325    34.8302     5.5679    1468.23    27.7103    27.7083    1468.07 0.0000e+00
    253.344     3.4506     3.4525   3.204019   3.203955     2.1258    -0.3580     0.3589    34.8332 3.6031e-01 1.0000e-12 8.0869e+04    251.000    34.8333    34.8304     5.5748    1468.25    27.7108    27.7084    1468.07 0.0000e+00
    254.354     3.4808     3.4805   3.207449   3.206938     2.1274    -0.3660     0.3519    34.8380 4.4886e-01 1.0000e-12 8.0978e+04    252.000    34.8416    34.8358     5.5760    1468.40    27.7145    27.7099    1468.07 0.0000e+00
    255.364     3.4920     3.4941   3.208282   3.208286     2.1272    -0.3837     0.3523    34.8385 5.5527e-01 1.0000e-12 7.0460e+04    253.000    34.8392    34.8370     5.5742    1468.46    27.7115    27.7095    1468.07 0.0000e+00
    256.374     3.4863     3.4889   3.207736   3.207822     2.1261    -0.3439     0.3528    34.8381 2.3693e-01 1.0000e-12 8.7420e+04    254.000    34.8381    34.8364     5.5722    1468.46    27.7112    27.7096    1468.08 0.0000e+00
    257.384     3.4827     3.4849   3.207515   3.207503     2.1249    -0.3520     0.3552    34.8383 6.7328e-01 1.0000e-12 7.1406e+04    255.000    34.8388    34.8363     5.5693    1468.46    27.7121    27.7099    1468.08 0.0000e+00
    258.394     3.4824     3.4841   3.207511   3.207468     2.1238    -0.3607     0.3610    34.8381 4.7374e-01 1.0000e-12 7.4948e+04    256.000    34.8385    34.8362     5.5664    1468.47    27.7119    27.7099    1468.08 0.0000e+00
    259.404     3.4821     3.4837   3.207555   3.207467     2.1236    -0.3644     0.3539    34.8384 4.0491e-01 1.0000e-12 7.8501e+04    257.000    34.8388    34.8360     5.5664    1468.49    27.7122    27.7098    1468.08 0.0000e+00
    260.414     3.4816     3.4832   3.207550   3.207480     2.1235    -0.3596     0.3516    34.8384 8.2801e-01 1.0000e-12 6.2347e+04    258.000    34.8388    34.8362     5.5669    1468.50    27.7122    27.7100    1468.08 0.0000e+00
    261.423     3.4816     3.4832   3.207598   3.207533     2.1235    -0.3619     0.3523    34.8384 4.9353e-01 1.0000e-12 7.3756e+04    259.000    34.8387    34.8362     5.5674    1468.52    27.7122    27.7100    1468.08 0.0000e+00
    262.434     3.4818     3.4832   3.207648   3.207576     2.1228    -0.3621     0.3526    34.8383 6.9349e-01 1.0000e-12 6.3180e+04    260.000    34.8386    34.8362     5.5660    1468.54    27.7121    27.7100    1468.09 0.0000e+00
    263.443     3.4828     3.4837   3.207761   3.207645     2.1218    -0.3591     0.3574    34.8381 8.2257e-01 1.0000e-12 5.8090e+04    261.000    34.8383    34.8359     5.5629    1468.56    27.7118    27.7098    1468.09 0.0000e+00
    264.453     3.4974     3.5005   3.209607   3.209499     2.1224    -0.3690     0.3533    34.8414 4.2533e-01 1.0000e-12 8.3545e+04    262.000    34.8443    34.8397     5.5633    1468.64    27.7151    27.7112    1468.09 0.0000e+00
    265.464     3.5036     3.5046   3.210060   3.209897     2.1223    -0.3650     0.3568    34.8414 3.7367e-01 1.0000e-12 7.9892e+04    263.000    34.8427    34.8396     5.5628    1468.68    27.7132    27.7107    1468.09 0.0000e+00
    266.474     3.5073     3.5086   3.210552   3.210386     2.1222    -0.3628     0.3705    34.8424 7.9342e-01 1.0000e-12 5.7874e+04    264.000    34.8440    34.8407     5.5625    1468.72    27.7139    27.7111    1468.09 0.0000e+00
    267.484     3.5101     3.5112   3.210789   3.210682     2.1214    -0.3680     0.3638    34.8426 6.2137e-01 1.0000e-12 6.7009e+04    265.000    34.8434    34.8409     5.5599    1468.75    27.7131    27.7111    1468.10 0.0000e+00
    268.494     3.5094     3.5109   3.210854   3.210730     2.1219    -0.3913     0.3515    34.8430 3.0292e-01 1.0000e-12 8.3916e+04    266.000    34.8443    34.8412     5.5627    1468.76    27.7140    27.7114    1468.10 0.0000e+00
    269.504     3.5131     3.5145   3.211298   3.211171     2.1212    -0.3758     0.3520    34.8436 4.3476e-01 1.0000e-12 7.6917e+04    267.000    34.8452    34.8422     5.5603    1468.79    27.7143    27.7118    1468.10 0.0000e+00
    270.514     3.5172     3.5182   3.211770   3.211612     2.1209    -0.3638     0.3520    34.8444 2.9002e-01 1.0000e-12 8.4601e+04    268.000    34.8459    34.8429     5.5593    1468.83    27.7144    27.7120    1468.10 0.0000e+00
    271.524     3.5183     3.5199   3.211884   3.211826     2.1199    -0.3504     0.3518    34.8447 5.0982e-01 1.0000e-12 7.2932e+04    269.000    34.8456    34.8431     5.5565    1468.85    27.7141    27.7120    1468.11 0.0000e+00
    272.534     3.5164     3.5176   3.211714   3.211636     2.1192    -0.3408     0.3529    34.8445 7.8575e-01 1.0000e-12 6.1983e+04    270.000    34.8450    34.8428     5.5551    1468.86    27.7138    27.7120    1468.11 0.0000e+00
    273.544     3.5143     3.5164   3.211523   3.211531     2.1176    -0.3639     0.3545    34.8439 4.2245e-01 1.0000e-12 7.8894e+04    271.000    34.8444    34.8422     5.5507    1468.86    27.7136    27.7116    1468.11 0.0000e+00
    274.554     3.5136     3.5147   3.211495   3.211440     2.1164    -0.3620     0.3570    34.8444 4.9539e-01 1.0000e-12 7.3673e+04    272.000    34.8442    34.8424     5.5473    1468.88    27.7135    27.7120    1468.12 0.0000e+00
    275.564     3.5055     3.5067   3.210684   3.210674     2.1160    -0.3621     0.3568    34.8437 8.2171e-01 1.0000e-12 5.6372e+04    273.000    34.8426    34.8412     5.5480    1468.86    27.7130    27.7118    1468.12 0.0000e+00
    276.574     3.4977     3.4987   3.210009   3.209962     2.1150    -0.3631     0.3573    34.8432 4.0416e-01 1.0000e-12 7.8541e+04    274.000    34.8423    34.8406     5.5465    1468.84    27.7136    27.7121    1468.12 0.0000e+00
    277.584     3.4937     3.4947   3.209660   3.209598     2.1144    -0.3504     0.3548    34.8429 6.7524e-01 1.0000e-12 6.4149e+04    275.000    34.8418    34.8400     5.5457    1468.84    27.7135    27.7120    1468.12 0.0000e+00
    278.594     3.4902     3.4911   3.209447   3.209321     2.1146    -0.3392     0.3524    34.8427 5.3633e-01 1.0000e-12 7.1524e+04    276.000    34.8424    34.8399     5.5476    1468.84    27.7144    27.7123    1468.13 0.0000e+00
    279.604     3.4841     3.4844   3.208763   3.208677     2.1145    -0.3548     0.3552    34.8418 1.0600e+00 1.0000e-12 4.3719e+04    277.000    34.8402    34.8388     5.5490    1468.83    27.7132    27.7121    1468.13 0.0000e+00
    280.614     3.4810     3.4827   3.208607   3.208564     2.1143    -0.3631     0.3576    34.8418 2.5147e-01 1.0000e-12 8.6648e+04    278.000    34.8410    34.8387     5.5497    1468.83    27.7142    27.7122    1468.13 0.0000e+00
