Ship_data/Irminger/Irminger-4/ctd/process/ar21_004.ros
* Sea-Bird SBE 9 Data File:
* FileName = D:\Data\AR21_004.hdr
* Software Version Seasave V 7.23.2
* Temperature SN = 4155
* Conductivity SN = 2645
* Number of Bytes Per Scan = 40
* Number of Voltage Words = 5
* Number of Scans Averaged by the Deck Unit = 1
* NMEA Latitude = 50 47.19 N
* NMEA Longitude = 047 19.09 W
* NMEA UTC (Time) = Aug 02 2017  15:55:19
# nquan = 15
# nvalues = 49                                    
# units = specified
# name 0 = prDM: Pressure, Digiquartz [db]
# name 1 = t090C: Temperature [ITS-90, deg C]
# name 2 = t190C: Temperature, 2 [ITS-90, deg C]
# name 3 = c0S/m: Conductivity [S/m]
# name 4 = c1S/m: Conductivity, 2 [S/m]
# name 5 = sbeox0V: Oxygen raw, SBE 43 [V]
# name 6 = flECO-AFL: Fluorescence, WET Labs ECO-AFL/FL [mg/m^3]
# name 7 = turbWETntu0: Turbidity, WET Labs ECO [NTU]
# name 8 = sal00: Salinity, Practical [PSU]
# name 9 = spar: SPAR/Surface Irradiance
# name 10 = par: PAR/Irradiance, Biospherical/Licor
# name 11 = cpar: CPAR/Corrected Irradiance [%]
# name 12 = scan: Scan Count
# name 13 = nbf: Bottles Fired
# name 14 = flag:  0.000e+00
# interval = seconds: 0.0416667
# start_time = Aug 02 2017 15:55:19 [NMEA time, header]
# bad_flag = -9.990e-29
*END*
   1012.840     3.3435     3.3455   3.230943   3.231042     1.6990    -0.4133     0.3580    34.8667 1.8835e+00 1.0000e-12 5.3093e-11      98878          1  0.000e+00
   1012.840     3.3436     3.3454   3.230949   3.231035     1.6990    -0.4133     0.3580    34.8667 0.0000e+00 1.0000e-12 9.9999e+04      98879          1  0.000e+00
   1012.905     3.3435     3.3453   3.230967   3.231069     1.6990    -0.4133     0.3580    34.8670 1.8835e+00 1.0000e-12 5.3093e-11      98880          1  0.000e+00
   1012.962     3.3435     3.3453   3.230973   3.231012     1.6978    -0.4133     0.3580    34.8670 0.0000e+00 1.0000e-12 9.9999e+04      98881          1  0.000e+00
   1013.028     3.3435     3.3453   3.230943   3.231018     1.6978    -0.4133     0.3580    34.8666 0.0000e+00 1.0000e-12 9.9999e+04      98882          1  0.000e+00
   1013.028     3.3436     3.3455   3.230961   3.231012     1.6990    -0.4133     0.3580    34.8667 1.8835e+00 1.0000e-12 5.3093e-11      98883          1  0.000e+00
   1013.093     3.3435     3.3455   3.230973   3.231042     1.6990    -0.4133     0.3580    34.8670 1.8835e+00 1.0000e-12 5.3093e-11      98884          1  0.000e+00
   1013.150     3.3435     3.3453   3.230961   3.231062     1.6990    -0.4133     0.3580    34.8668 0.0000e+00 1.0000e-12 9.9999e+04      98885          1  0.000e+00
   1013.215     3.3434     3.3453   3.230949   3.231018     1.6990    -0.4133     0.3580    34.8668 0.0000e+00 1.0000e-12 9.9999e+04      98886          1  0.000e+00
   1013.207     3.3438     3.3453   3.230943   3.231035     1.6990    -0.4133     0.3580    34.8663 1.8835e+00 1.0000e-12 5.3093e-11      98887          1  0.000e+00
   1013.272     3.3435     3.3453   3.230973   3.231042     1.6990    -0.4133     0.3580    34.8669 1.8835e+00 1.0000e-12 5.3093e-11      98888          1  0.000e+00
   1013.329     3.3435     3.3455   3.230979   3.231062     1.6990    -0.4133     0.3580    34.8669 0.0000e+00 1.0000e-12 9.9999e+04      98889          1  0.000e+00
   1013.451     3.3438     3.3453   3.230973   3.231018     1.6990    -0.4133     0.3580    34.8665 0.0000e+00 1.0000e-12 9.9999e+04      98890          1  0.000e+00
   1013.394     3.3437     3.3453   3.231004   3.231035     1.6990    -0.4133     0.3580    34.8670 0.0000e+00 1.0000e-12 9.9999e+04      98891          1  0.000e+00
   1013.517     3.3437     3.3455   3.231010   3.231042     1.6990    -0.4133     0.3580    34.8670 3.7670e+00 1.0000e-12 2.6547e-11      98892          1  0.000e+00
   1013.582     3.3437     3.3453   3.231004   3.231035     1.6990    -0.4133     0.3580    34.8669 0.0000e+00 1.0000e-12 9.9999e+04      98893          1  0.000e+00
   1013.574     3.3438     3.3453   3.230992   3.231042     1.6990    -0.4133     0.3580    34.8667 0.0000e+00 1.0000e-12 9.9999e+04      98894          1  0.000e+00
   1013.696     3.3437     3.3452   3.230980   3.231062     1.6978    -0.4133     0.3580    34.8666 1.8835e+00 1.0000e-12 5.3093e-11      98895          1  0.000e+00
   1013.761     3.3435     3.3453   3.231004   3.231042     1.6978    -0.4133     0.3580    34.8670 0.0000e+00 1.0000e-12 9.9999e+04      98896          1  0.000e+00
   1013.517     3.3438     3.3454   3.231010   3.231062     1.6978    -0.4133     0.3580    34.8669 3.7670e+00 1.0000e-12 2.6547e-11      98897          1  0.000e+00
   1014.063     3.3436     3.3452   3.231004   3.231069     1.6990    -0.4133     0.3580    34.8667 1.8835e+00 1.0000e-12 5.3093e-11      98898          1  0.000e+00
   1013.875     3.3437     3.3453   3.230992   3.231035     1.6990    -0.4133     0.3580    34.8666 0.0000e+00 1.0000e-12 9.9999e+04      98899          1  0.000e+00
   1013.940     3.3434     3.3456   3.230998   3.231120     1.6978    -0.3938     0.3580    34.8670 1.8835e+00 1.0000e-12 5.3093e-11      98900          1  0.000e+00
   1013.998     3.3437     3.3453   3.230986   3.231062     1.6990    -0.3743     0.3580    34.8665 1.8835e+00 1.0000e-12 5.3093e-11      98901          1  0.000e+00
   1014.063     3.3436     3.3455   3.231004   3.231069     1.6978    -0.3743     0.3531    34.8667 3.7670e+00 1.0000e-12 2.6547e-11      98902          1  0.000e+00
   1014.120     3.3435     3.3451   3.230986   3.231069     1.6978    -0.3743     0.3531    34.8666 1.8835e+00 1.0000e-12 5.3093e-11      98903          1  0.000e+00
   1014.185     3.3434     3.3453   3.231016   3.231086     1.6978    -0.3743     0.3580    34.8671 0.0000e+00 1.0000e-12 9.9999e+04      98904          1  0.000e+00
   1014.242     3.3437     3.3453   3.231022   3.231069     1.6978    -0.3743     0.3531    34.8668 0.0000e+00 1.0000e-12 9.9999e+04      98905          1  0.000e+00
   1014.307     3.3436     3.3451   3.231010   3.231086     1.6978    -0.3743     0.3580    34.8667 0.0000e+00 1.0000e-12 9.9999e+04      98906          1  0.000e+00
   1014.372     3.3438     3.3453   3.231022   3.231093     1.6990    -0.3743     0.3531    34.8666 1.8835e+00 1.0000e-12 5.3093e-11      98907          1  0.000e+00
   1014.429     3.3435     3.3453   3.230998   3.231063     1.6990    -0.3743     0.3531    34.8666 0.0000e+00 1.0000e-12 9.9999e+04      98908          1  0.000e+00
   1014.430     3.3435     3.3453   3.231040   3.231093     1.6978    -0.3743     0.3580    34.8671 1.8835e+00 1.0000e-12 5.3093e-11      98909          1  0.000e+00
   1014.552     3.3438     3.3453   3.231022   3.231113     1.6978    -0.3743     0.3580    34.8665 0.0000e+00 1.0000e-12 9.9999e+04      98910          1  0.000e+00
   1014.430     3.3435     3.3455   3.231010   3.231069     1.6978    -0.3743     0.3580    34.8667 1.8835e+00 1.0000e-12 5.3093e-11      98911          1  0.000e+00
   1014.796     3.3435     3.3453   3.231010   3.231086     1.6978    -0.3743     0.3580    34.8665 1.8835e+00 1.0000e-12 5.3093e-11      98912          1  0.000e+00
   1014.674     3.3436     3.3453   3.231047   3.231093     1.6978    -0.3743     0.3531    34.8669 1.8835e+00 1.0000e-12 5.3093e-11      98913          1  0.000e+00
   1014.739     3.3435     3.3453   3.231028   3.231113     1.6978    -0.3743     0.3531    34.8668 0.0000e+00 1.0000e-12 9.9999e+04      98914          1  0.000e+00
   1014.796     3.3437     3.3451   3.231028   3.231093     1.6990    -0.3743     0.3531    34.8666 0.0000e+00 1.0000e-12 9.9999e+04      98915          1  0.000e+00
   1014.861     3.3435     3.3450   3.231035   3.231063     1.6978    -0.3743     0.3531    34.8668 1.8835e+00 1.0000e-12 5.3093e-11      98916          1  0.000e+00
   1014.910     3.3436     3.3450   3.231041   3.231093     1.6978    -0.3743     0.3531    34.8667 1.8835e+00 1.0000e-12 5.3093e-11      98917          1  0.000e+00
   1014.976     3.3435     3.3451   3.231059   3.231086     1.6978    -0.3743     0.3531    34.8670 1.8835e+00 1.0000e-12 5.3093e-11      98918          1  0.000e+00
   1015.041     3.3437     3.3448   3.231047   3.231069     1.6978    -0.3743     0.3531    34.8667 1.8835e+00 1.0000e-12 5.3093e-11      98919          1  0.000e+00
   1015.033     3.3434     3.3452   3.231065   3.231086     1.6978    -0.3743     0.3580    34.8672 1.8835e+00 1.0000e-12 5.3093e-11      98920          1  0.000e+00
   1015.163     3.3436     3.3450   3.231047   3.231093     1.6978    -0.3743     0.3531    34.8667 1.8835e+00 1.0000e-12 5.3093e-11      98921          1  0.000e+00
   1015.155     3.3437     3.3450   3.231035   3.231113     1.6978    -0.3743     0.3531    34.8665 0.0000e+00 1.0000e-12 9.9999e+04      98922          1  0.000e+00
   1015.220     3.3435     3.3450   3.231065   3.231093     1.6978    -0.3743     0.3531    34.8670 1.8835e+00 1.0000e-12 5.3093e-11      98923          1  0.000e+00
   1015.285     3.3435     3.3446   3.231047   3.231086     1.6978    -0.3743     0.3531    34.8667 1.8835e+00 1.0000e-12 5.3093e-11      98924          1  0.000e+00
   1015.342     3.3436     3.3447   3.231071   3.231070     1.6978    -0.3938     0.3531    34.8669 0.0000e+00 1.0000e-12 9.9999e+04      98925          1  0.000e+00
   1015.342     3.3437     3.3445   3.231059   3.231063     1.6978    -0.3938     0.3482    34.8667 1.8835e+00 1.0000e-12 5.3093e-11      98926          1  0.000e+00
