Ship_data/Irminger/Irminger-4/ctd/process/ar21_008.ros
* Sea-Bird SBE 9 Data File:
* FileName = D:\Data\AR21_008.hdr
* Software Version Seasave V 7.23.2
* Temperature SN = 4155
* Conductivity SN = 2645
* Number of Bytes Per Scan = 40
* Number of Voltage Words = 5
* Number of Scans Averaged by the Deck Unit = 1
* NMEA Latitude = 59 58.25 N
* NMEA Longitude = 039 30.62 W
* NMEA UTC (Time) = Aug 06 2017  14:47:54
# nquan = 15
# nvalues = 588                                   
# units = specified
# name 0 = prDM: Pressure, Digiquartz [db]
# name 1 = t090C: Temperature [ITS-90, deg C]
# name 2 = t190C: Temperature, 2 [ITS-90, deg C]
# name 3 = c0S/m: Conductivity [S/m]
# name 4 = c1S/m: Conductivity, 2 [S/m]
# name 5 = sbeox0V: Oxygen raw, SBE 43 [V]
# name 6 = flECO-AFL: Fluorescence, WET Labs ECO-AFL/FL [mg/m^3]
# name 7 = turbWETntu0: Turbidity, WET Labs ECO [NTU]
# name 8 = sal00: Salinity, Practical [PSU]
# name 9 = spar: SPAR/Surface Irradiance
# name 10 = par: PAR/Irradiance, Biospherical/Licor
# name 11 = cpar: CPAR/Corrected Irradiance [%]
# name 12 = scan: Scan Count
# name 13 = nbf: Bottles Fired
# name 14 = flag:  0.000e+00
# interval = seconds: 0.0416667
# start_time = Aug 06 2017 14:47:54 [NMEA time, header]
# bad_flag = -9.990e-29
*END*
[from data line 97]
   2541.356     1.9596     1.9596   3.172626   3.173645     1.4397    -0.3938     0.3580    34.8787 1.8835e+00 1.0000e-12 5.3093e-11      74264          2  0.000e+00
   2132.886     2.9159     2.9222   3.243225   3.244318     1.4351    -0.3743     0.3433    34.9104 0.0000e+00 1.0000e-12 9.9999e+04      85972          3  0.000e+00
   2132.936     2.9162     2.9220   3.243243   3.244338     1.4351    -0.3743     0.3482    34.9103 1.8835e+00 1.0000e-12 5.3093e-11      85973          3  0.000e+00
   2132.886     2.9165     2.9220   3.243255   3.244368     1.4351    -0.3743     0.3433    34.9101 1.8835e+00 1.0000e-12 5.3093e-11      85974          3  0.000e+00
   2132.886     2.9167     2.9221   3.243255   3.244341     1.4351    -0.3743     0.3433    34.9099 0.0000e+00 1.0000e-12 9.9999e+04      85975          3  0.000e+00
   2132.886     2.9168     2.9220   3.243274   3.244341     1.4351    -0.3743     0.3433    34.9101 0.0000e+00 1.0000e-12 9.9999e+04      85976          3  0.000e+00
   2132.870     2.9168     2.9220   3.243261   3.244341     1.4339    -0.3743     0.3433    34.9099 0.0000e+00 1.0000e-12 9.9999e+04      85977          3  0.000e+00
   2132.820     2.9172     2.9222   3.243280   3.244368     1.4339    -0.3743     0.3482    34.9097 1.8835e+00 1.0000e-12 5.3093e-11      85978          3  0.000e+00
   2132.886     2.9172     2.9222   3.243267   3.244368     1.4351    -0.3743     0.3482    34.9096 1.8835e+00 1.0000e-12 5.3093e-11      85979          3  0.000e+00
   2132.812     2.9172     2.9219   3.243273   3.244338     1.4339    -0.3743     0.3482    34.9097 1.8835e+00 1.0000e-12 5.3093e-11      85980          3  0.000e+00
   2132.820     2.9176     2.9219   3.243280   3.244368     1.4351    -0.3743     0.3482    34.9093 1.8835e+00 1.0000e-12 5.3093e-11      85981          3  0.000e+00
   2132.754     2.9176     2.9217   3.243280   3.244318     1.4339    -0.3743     0.3433    34.9093 0.0000e+00 1.0000e-12 9.9999e+04      85982          3  0.000e+00
   2132.754     2.9180     2.9219   3.243280   3.244341     1.4351    -0.3743     0.3482    34.9089 0.0000e+00 1.0000e-12 9.9999e+04      85983          3  0.000e+00
   2132.812     2.9177     2.9217   3.243298   3.244291     1.4339    -0.3547     0.3433    34.9094 1.8835e+00 1.0000e-12 5.3093e-11      85984          3  0.000e+00
   2132.754     2.9181     2.9219   3.243292   3.244318     1.4351    -0.3743     0.3433    34.9089 1.8835e+00 1.0000e-12 5.3093e-11      85985          3  0.000e+00
   2132.754     2.9183     2.9217   3.243280   3.244318     1.4351    -0.3743     0.3482    34.9086 0.0000e+00 1.0000e-12 9.9999e+04      85986          3  0.000e+00
   2132.754     2.9183     2.9214   3.243298   3.244314     1.4339    -0.3743     0.3433    34.9088 0.0000e+00 1.0000e-12 9.9999e+04      85987          3  0.000e+00
   2132.746     2.9181     2.9219   3.243292   3.244318     1.4351    -0.3743     0.3482    34.9089 0.0000e+00 1.0000e-12 9.9999e+04      85988          3  0.000e+00
   2132.696     2.9183     2.9216   3.243280   3.244341     1.4351    -0.3743     0.3433    34.9086 0.0000e+00 1.0000e-12 9.9999e+04      85989          3  0.000e+00
   2132.754     2.9184     2.9217   3.243298   3.244318     1.4351    -0.3743     0.3433    34.9087 1.8835e+00 1.0000e-12 5.3093e-11      85990          3  0.000e+00
   2132.696     2.9184     2.9217   3.243292   3.244318     1.4339    -0.3743     0.3433    34.9086 0.0000e+00 1.0000e-12 9.9999e+04      85991          3  0.000e+00
   2132.688     2.9187     2.9219   3.243298   3.244368     1.4351    -0.3743     0.3482    34.9084 0.0000e+00 1.0000e-12 9.9999e+04      85992          3  0.000e+00
   2132.696     2.9186     2.9219   3.243292   3.244341     1.4351    -0.3743     0.3433    34.9085 1.8835e+00 1.0000e-12 5.3093e-11      85993          3  0.000e+00
   2132.696     2.9186     2.9220   3.243298   3.244338     1.4351    -0.3743     0.3433    34.9085 1.8835e+00 1.0000e-12 5.3093e-11      85994          3  0.000e+00
   2132.696     2.9186     2.9220   3.243328   3.244419     1.4351    -0.3743     0.3433    34.9089 0.0000e+00 1.0000e-12 9.9999e+04      85995          3  0.000e+00
   2132.688     2.9186     2.9222   3.243322   3.244392     1.4351    -0.3743     0.3433    34.9088 1.8835e+00 1.0000e-12 5.3093e-11      85996          3  0.000e+00
   2132.696     2.9189     2.9222   3.243292   3.244392     1.4351    -0.3743     0.3385    34.9081 1.8835e+00 1.0000e-12 5.3093e-11      85997          3  0.000e+00
   2132.630     2.9186     2.9220   3.243298   3.244392     1.4351    -0.3743     0.3433    34.9086 1.8835e+00 1.0000e-12 5.3093e-11      85998          3  0.000e+00
   2132.696     2.9189     2.9222   3.243310   3.244368     1.4351    -0.3743     0.3385    34.9083 0.0000e+00 1.0000e-12 9.9999e+04      85999          3  0.000e+00
   2132.621     2.9188     2.9221   3.243310   3.244392     1.4351    -0.3743     0.3433    34.9084 1.8835e+00 1.0000e-12 5.3093e-11      86000          3  0.000e+00
   2132.696     2.9189     2.9223   3.243328   3.244389     1.4339    -0.3743     0.3385    34.9085 0.0000e+00 1.0000e-12 9.9999e+04      86001          3  0.000e+00
   2132.696     2.9188     2.9222   3.243340   3.244368     1.4351    -0.3743     0.3385    34.9088 1.8835e+00 1.0000e-12 5.3093e-11      86002          3  0.000e+00
   2132.622     2.9189     2.9222   3.243340   3.244368     1.4351    -0.3743     0.3433    34.9087 1.8835e+00 1.0000e-12 5.3093e-11      86003          3  0.000e+00
   2132.696     2.9191     2.9225   3.243322   3.244392     1.4351    -0.3743     0.3385    34.9083 0.0000e+00 1.0000e-12 9.9999e+04      86004          3  0.000e+00
   2132.696     2.9191     2.9225   3.243310   3.244368     1.4339    -0.3743     0.3385    34.9081 1.8835e+00 1.0000e-12 5.3093e-11      86005          3  0.000e+00
   2132.630     2.9189     2.9225   3.243328   3.244443     1.4339    -0.3743     0.3433    34.9086 1.8835e+00 1.0000e-12 5.3093e-11      86006          3  0.000e+00
   2132.688     2.9191     2.9225   3.243322   3.244392     1.4351    -0.3743     0.3433    34.9083 1.8835e+00 1.0000e-12 5.3093e-11      86007          3  0.000e+00
   2132.696     2.9191     2.9227   3.243328   3.244416     1.4351    -0.3743     0.3385    34.9083 0.0000e+00 1.0000e-12 9.9999e+04      86008          3  0.000e+00
   2132.630     2.9192     2.9227   3.243322   3.244419     1.4351    -0.3743     0.3385    34.9082 3.7670e+00 1.0000e-12 2.6547e-11      86009          3  0.000e+00
   2132.696     2.9192     2.9225   3.243328   3.244419     1.4351    -0.3743     0.3433    34.9082 1.8835e+00 1.0000e-12 5.3093e-11      86010          3  0.000e+00
   2132.688     2.9192     2.9225   3.243322   3.244392     1.4351    -0.3743     0.3385    34.9081 1.8835e+00 1.0000e-12 5.3093e-11      86011          3  0.000e+00
   2132.630     2.9194     2.9222   3.243352   3.244443     1.4351    -0.3743     0.3433    34.9084 0.0000e+00 1.0000e-12 9.9999e+04      86012          3  0.000e+00
   2132.697     2.9194     2.9222   3.243371   3.244392     1.4351    -0.3743     0.3433    34.9086 1.8835e+00 1.0000e-12 5.3093e-11      86013          3  0.000e+00
   2132.697     2.9194     2.9225   3.243352   3.244392     1.4351    -0.3743     0.3433    34.9083 1.8835e+00 1.0000e-12 5.3093e-11      86014          3  0.000e+00
   2132.688     2.9195     2.9222   3.243358   3.244416     1.4351    -0.3743     0.3385    34.9083 0.0000e+00 1.0000e-12 9.9999e+04      86015          3  0.000e+00
   2132.697     2.9196     2.9220   3.243371   3.244419     1.4351    -0.3743     0.3385    34.9083 0.0000e+00 1.0000e-12 9.9999e+04      86016          3  0.000e+00
   2132.697     2.9195     2.9222   3.243371   3.244392     1.4351    -0.3743     0.3385    34.9084 3.7670e+00 1.0000e-12 2.6547e-11      86017          3  0.000e+00
   2132.697     2.9197     2.9222   3.243352   3.244392     1.4351    -0.3743     0.3433    34.9080 0.0000e+00 1.0000e-12 9.9999e+04      86018          3  0.000e+00
   2132.689     2.9197     2.9222   3.243358   3.244368     1.4351    -0.3743     0.3433    34.9080 3.7670e+00 1.0000e-12 2.6547e-11      86019          3  0.000e+00
   2132.755     2.9197     2.9224   3.243371   3.244392     1.4351    -0.3743     0.3433    34.9082 1.8835e+00 1.0000e-12 5.3093e-11      86020          3  0.000e+00
   1828.763     3.3405     3.3475   3.265899   3.270602     1.4924    -0.3743     0.3531    34.8787 0.0000e+00 1.0000e-12 9.9999e+04      94762          4  0.000e+00
   1828.639     3.3405     3.3475   3.265911   3.270555     1.4924    -0.3743     0.3482    34.8789 1.8835e+00 1.0000e-12 5.3093e-11      94763          4  0.000e+00
   1828.705     3.3405     3.3474   3.265893   3.270579     1.4924    -0.3938     0.3482    34.8786 1.8835e+00 1.0000e-12 5.3093e-11      94764          4  0.000e+00
   1828.730     3.3407     3.3475   3.265881   3.270606     1.4924    -0.4133     0.3482    34.8783 1.8835e+00 1.0000e-12 5.3093e-11      94765          4  0.000e+00
   1828.639     3.3407     3.3479   3.265881   3.270606     1.4924    -0.4133     0.3433    34.8784 0.0000e+00 1.0000e-12 9.9999e+04      94766          4  0.000e+00
   1828.639     3.3405     3.3477   3.265887   3.270629     1.4924    -0.4133     0.3433    34.8786 0.0000e+00 1.0000e-12 9.9999e+04      94767          4  0.000e+00
   1828.640     3.3407     3.3480   3.265857   3.270629     1.4924    -0.4133     0.3433    34.8781 0.0000e+00 1.0000e-12 9.9999e+04      94768          4  0.000e+00
   1828.673     3.3405     3.3479   3.265899   3.270602     1.4924    -0.4133     0.3433    34.8787 1.8835e+00 1.0000e-12 5.3093e-11      94769          4  0.000e+00
   1828.640     3.3403     3.3480   3.265887   3.270606     1.4924    -0.4133     0.3433    34.8788 0.0000e+00 1.0000e-12 9.9999e+04      94770          4  0.000e+00
   1828.640     3.3407     3.3480   3.265881   3.270629     1.4924    -0.4133     0.3433    34.8784 1.8835e+00 1.0000e-12 5.3093e-11      94771          4  0.000e+00
   1828.640     3.3404     3.3479   3.265924   3.270602     1.4924    -0.4133     0.3482    34.8792 1.8835e+00 1.0000e-12 5.3093e-11      94772          4  0.000e+00
   1828.607     3.3404     3.3475   3.265899   3.270578     1.4924    -0.4133     0.3433    34.8789 0.0000e+00 1.0000e-12 9.9999e+04      94773          4  0.000e+00
   1828.640     3.3405     3.3474   3.265905   3.270602     1.4924    -0.4133     0.3433    34.8789 1.8835e+00 1.0000e-12 5.3093e-11      94774          4  0.000e+00
   1828.640     3.3402     3.3475   3.265911   3.270555     1.4911    -0.4133     0.3482    34.8792 1.8835e+00 1.0000e-12 5.3093e-11      94775          4  0.000e+00
   1828.582     3.3402     3.3474   3.265893   3.270578     1.4911    -0.4133     0.3482    34.8790 1.8835e+00 1.0000e-12 5.3093e-11      94776          4  0.000e+00
   1828.582     3.3404     3.3474   3.265881   3.270578     1.4911    -0.4133     0.3433    34.8787 0.0000e+00 1.0000e-12 9.9999e+04      94777          4  0.000e+00
   1828.607     3.3402     3.3469   3.265869   3.270555     1.4911    -0.4133     0.3482    34.8788 1.8835e+00 1.0000e-12 5.3093e-11      94778          4  0.000e+00
   1828.582     3.3402     3.3466   3.265899   3.270578     1.4911    -0.4133     0.3433    34.8791 1.8835e+00 1.0000e-12 5.3093e-11      94779          4  0.000e+00
   1828.582     3.3402     3.3462   3.265887   3.270501     1.4911    -0.4133     0.3482    34.8789 0.0000e+00 1.0000e-12 9.9999e+04      94780          4  0.000e+00
   1828.516     3.3402     3.3463   3.265881   3.270501     1.4899    -0.4133     0.3482    34.8789 0.0000e+00 1.0000e-12 9.9999e+04      94781          4  0.000e+00
   1828.541     3.3400     3.3464   3.265899   3.270528     1.4899    -0.4133     0.3482    34.8793 3.7670e+00 1.0000e-12 2.6547e-11      94782          4  0.000e+00
   1828.516     3.3400     3.3462   3.265893   3.270501     1.4899    -0.4133     0.3482    34.8793 1.8835e+00 1.0000e-12 5.3093e-11      94783          4  0.000e+00
   1828.516     3.3402     3.3461   3.265923   3.270501     1.4899    -0.4133     0.3433    34.8794 1.8835e+00 1.0000e-12 5.3093e-11      94784          4  0.000e+00
   1828.458     3.3400     3.3460   3.265923   3.270477     1.4899    -0.4133     0.3433    34.8796 1.8835e+00 1.0000e-12 5.3093e-11      94785          4  0.000e+00
   1828.483     3.3400     3.3459   3.265899   3.270501     1.4899    -0.4133     0.3433    34.8793 0.0000e+00 1.0000e-12 9.9999e+04      94786          4  0.000e+00
   1828.516     3.3402     3.3458   3.265881   3.270450     1.4899    -0.4133     0.3433    34.8789 1.8835e+00 1.0000e-12 5.3093e-11      94787          4  0.000e+00
   1828.458     3.3402     3.3458   3.265905   3.270426     1.4899    -0.3938     0.3433    34.8792 1.8835e+00 1.0000e-12 5.3093e-11      94788          4  0.000e+00
   1828.392     3.3402     3.3456   3.265911   3.270450     1.4887    -0.3938     0.3433    34.8793 0.0000e+00 1.0000e-12 9.9999e+04      94789          4  0.000e+00
   1828.417     3.3403     3.3458   3.265911   3.270450     1.4899    -0.3938     0.3433    34.8792 1.8835e+00 1.0000e-12 5.3093e-11      94790          4  0.000e+00
   1828.392     3.3407     3.3458   3.265917   3.270399     1.4887    -0.3938     0.3482    34.8789 1.8835e+00 1.0000e-12 5.3093e-11      94791          4  0.000e+00
   1828.393     3.3410     3.3458   3.265911   3.270426     1.4874    -0.3938     0.3433    34.8785 1.8835e+00 1.0000e-12 5.3093e-11      94792          4  0.000e+00
   1828.393     3.3413     3.3458   3.265893   3.270399     1.4874    -0.3938     0.3433    34.8779 1.8835e+00 1.0000e-12 5.3093e-11      94793          4  0.000e+00
   1828.360     3.3415     3.3458   3.265923   3.270423     1.4874    -0.3938     0.3433    34.8782 0.0000e+00 1.0000e-12 9.9999e+04      94794          4  0.000e+00
   1828.327     3.3415     3.3458   3.265966   3.270399     1.4874    -0.3938     0.3433    34.8787 1.8835e+00 1.0000e-12 5.3093e-11      94795          4  0.000e+00
   1828.327     3.3417     3.3455   3.265936   3.270450     1.4874    -0.3938     0.3433    34.8781 1.8835e+00 1.0000e-12 5.3093e-11      94796          4  0.000e+00
   1828.269     3.3417     3.3458   3.265929   3.270399     1.4874    -0.3938     0.3482    34.8781 1.8835e+00 1.0000e-12 5.3093e-11      94797          4  0.000e+00
   1828.294     3.3418     3.3454   3.265942   3.270399     1.4874    -0.3938     0.3482    34.8781 3.7670e+00 1.0000e-12 2.6547e-11      94798          4  0.000e+00
   1828.269     3.3420     3.3456   3.265984   3.270372     1.4874    -0.3938     0.3482    34.8784 0.0000e+00 1.0000e-12 9.9999e+04      94799          4  0.000e+00
   1828.269     3.3418     3.3458   3.265960   3.270399     1.4874    -0.3938     0.3433    34.8783 0.0000e+00 1.0000e-12 9.9999e+04      94800          4  0.000e+00
   1828.170     3.3420     3.3456   3.265942   3.270423     1.4862    -0.3938     0.3433    34.8780 1.8835e+00 1.0000e-12 5.3093e-11      94801          4  0.000e+00
   1828.269     3.3418     3.3455   3.265990   3.270375     1.4862    -0.3938     0.3433    34.8787 1.8835e+00 1.0000e-12 5.3093e-11      94802          4  0.000e+00
   1828.203     3.3420     3.3455   3.265990   3.270399     1.4862    -0.3938     0.3433    34.8785 0.0000e+00 1.0000e-12 9.9999e+04      94803          4  0.000e+00
   1828.145     3.3418     3.3458   3.265948   3.270372     1.4874    -0.3938     0.3482    34.8782 1.8835e+00 1.0000e-12 5.3093e-11      94804          4  0.000e+00
   1828.170     3.3420     3.3455   3.265990   3.270399     1.4862    -0.3938     0.3433    34.8785 1.8835e+00 1.0000e-12 5.3093e-11      94805          4  0.000e+00
   1828.145     3.3421     3.3458   3.265978   3.270372     1.4862    -0.3938     0.3433    34.8783 1.8835e+00 1.0000e-12 5.3093e-11      94806          4  0.000e+00
