Ship_data/Irminger/Irminger-4/ctd/process/ar21_007.cnv
* Sea-Bird SBE 9 Data File:
* FileName = D:\Data\AR21_007.hdr
* Software Version Seasave V 7.23.2
* Temperature SN = 4155
* Conductivity SN = 2645
* Number of Bytes Per Scan = 40
* Number of Voltage Words = 5
* Number of Scans Averaged by the Deck Unit = 1
* NMEA Latitude = 59 55.58 N
* NMEA Longitude = 039 30.97 W
* NMEA UTC (Time) = Aug 05 2017  20:24:20
# nquan = 21
# nvalues = 2999                        
# units = specified
# name 0 = prDM: Pressure, Digiquartz [db]
# name 1 = t090C: Temperature [ITS-90, deg C]
# name 2 = t190C: Temperature, 2 [ITS-90, deg C]
# name 3 = c0S/m: Conductivity [S/m]
# name 4 = c1S/m: Conductivity, 2 [S/m]
# name 5 = sbeox0V: Oxygen raw, SBE 43 [V]
# name 6 = flECO-AFL: Fluorescence, WET Labs ECO-AFL/FL [mg/m^3]
# name 7 = turbWETntu0: Turbidity, WET Labs ECO [NTU]
# name 8 = sal00: Salinity, Practical [PSU]
# name 9 = spar: SPAR/Surface Irradiance
# name 10 = par: PAR/Irradiance, Biospherical/Licor
# name 11 = cpar: CPAR/Corrected Irradiance [%]
# name 12 = depSM: Depth [salt water, m], lat = 59.9263
# name 13 = sal00: Salinity, Practical [PSU]
# name 14 = sal11: Salinity, Practical, 2 [PSU]
# name 15 = sbeox0ML/L: Oxygen, SBE 43 [ml/l], WS = 2
# name 16 = svCM: Sound Velocity [Chen-Millero, m/s]
# name 17 = sigma-é00: Density [sigma-theta, kg/m^3]
# name 18 = sigma-é11: Density, 2 [sigma-theta, kg/m^3]
# name 19 = avgsvCM: Average Sound Velocity [Chen-Millero, m/s], minP = 20, minS = 20
# name 20 = flag: flag
# span 0 =      3.029,   1521.823       
# span 1 =     3.3016,     8.5322       
# span 2 =     3.3033,     8.5335       
# span 3 =   3.226811,   3.651416       
# span 4 =   3.227012,   3.651159       
# span 5 =     1.5620,     2.4259       
# span 6 =    -0.4149,     0.8114       
# span 7 =     0.3387,     0.4387       
# span 8 =    34.7875,    34.9986       
# span 9 = 2.3672e-01, 2.5566e+00       
# span 10 = 1.0000e-12, 1.0000e-12      
# span 11 = -1.137e+03, 8.7431e+04      
# span 12 =      3.000,   1502.000      
# span 13 =    34.7721,    34.9983      
# span 14 =    34.7825,    34.9498      
# span 15 =     3.8832,     5.7740      
# span 16 =    1469.21,    1489.81      
# span 17 =    27.0293,    27.8450      
# span 18 =    27.0260,    27.7717      
# span 19 =       0.00,    1481.93      
# span 20 = 0.0000e+00, 0.0000e+00      
# interval = meters: 1                  
# start_time = Aug 05 2017 20:24:20 [NMEA time, header]
# bad_flag = -9.990e-29
*END*
[from data line 1587]
   1432.358     3.4810     3.4813   3.264645   3.262744     1.6537    -0.3766     0.3412    34.9111 1.7061e+00 1.0000e-12 1.4672e+04   1414.000    34.9103    34.8873     4.5940    1487.97    27.7782    27.7598    1477.69 0.0000e+00
   1431.342     3.4790     3.4810   3.264348   3.262669     1.6614    -0.3743     0.3402    34.9100 1.8121e+00 1.0000e-12 1.7761e+04   1413.000    34.9094    34.8873     4.6245    1487.94    27.7776    27.7598    1477.69 0.0000e+00
   1430.325     3.4767     3.4792   3.264219   3.262440     1.6697    -0.3826     0.3444    34.9113 1.5943e+00 1.0000e-12 2.2749e+04   1412.000    34.9107    34.8869     4.6576    1487.92    27.7789    27.7597    1477.69 0.0000e+00
   1429.309     3.4761     3.4783   3.264011   3.262305     1.6715    -0.3754     0.3447    34.9098 2.0535e+00 1.0000e-12 1.0889e+04   1411.000    34.9095    34.8867     4.6642    1487.90    27.7780    27.7596    1477.69 0.0000e+00
   1428.292     3.4759     3.4784   3.263972   3.262259     1.6693    -0.4138     0.3406    34.9101 1.7867e+00 1.0000e-12 1.5038e+04   1410.000    34.9096    34.8866     4.6548    1487.88    27.7781    27.7595    1477.69 0.0000e+00
   1427.276     3.4756     3.4775   3.263589   3.262104     1.6675    -0.3778     0.3446    34.9069 1.6475e+00 1.0000e-12 1.8765e+04   1409.000    34.9060    34.8863     4.6470    1487.86    27.7752    27.7593    1477.69 0.0000e+00
   1426.260     3.4746     3.4765   3.263230   3.261978     1.6665    -0.3659     0.3445    34.9039 2.1181e+00 1.0000e-12 1.7615e+04   1408.000    34.9032    34.8863     4.6428    1487.83    27.7731    27.7594    1477.69 0.0000e+00
   1425.243     3.4742     3.4762   3.262981   3.261913     1.6664    -0.3557     0.3455    34.9017 1.2474e+00 1.0000e-12 3.9094e+04   1407.000    34.9012    34.8863     4.6417    1487.81    27.7715    27.7595    1477.69 0.0000e+00
   1424.227     3.4736     3.4756   3.262841   3.261806     1.6684    -0.3934     0.3452    34.9011 2.2306e+00 1.0000e-12 5.1656e+03   1406.000    34.9007    34.8862     4.6493    1487.79    27.7712    27.7594    1477.69 0.0000e+00
   1423.210     3.4727     3.4745   3.262814   3.261652     1.6724    -0.3938     0.3418    34.9021 1.5770e+00 1.0000e-12 2.4775e+04   1405.000    34.9018    34.8861     4.6649    1487.77    27.7721    27.7594    1477.69 0.0000e+00
   1422.194     3.4707     3.4706   3.262840   3.261204     1.6760    -0.3938     0.3409    34.9050 1.4495e+00 1.0000e-12 2.6912e+04   1404.000    34.9048    34.8854     4.6790    1487.75    27.7747    27.7592    1477.69 0.0000e+00
   1421.178     3.4700     3.4707   3.262958   3.261189     1.6768    -0.3752     0.3445    34.9076 1.7495e+00 1.0000e-12 2.4175e+04   1403.000    34.9074    34.8856     4.6816    1487.73    27.7769    27.7594    1477.69 0.0000e+00
   1420.161     3.4678     3.4693   3.262940   3.260967     1.6714    -0.3755     0.3457    34.9103 1.4229e+00 1.0000e-12 2.8562e+04   1402.000    34.9100    34.8849     4.6594    1487.71    27.7791    27.7590    1477.69 0.0000e+00
   1419.145     3.4662     3.4662   3.263058   3.260588     1.6614    -0.3942     0.3475    34.9138 1.6088e+00 1.0000e-12 2.5863e+04   1401.000    34.9136    34.8842     4.6188    1487.69    27.7821    27.7587    1477.69 0.0000e+00
   1418.129     3.4631     3.4639   3.262888   3.260292     1.6545    -0.3927     0.3455    34.9160 1.9892e+00 1.0000e-12 1.1070e+04   1400.000    34.9154    34.8837     4.5910    1487.66    27.7838    27.7585    1477.69 0.0000e+00
   1417.112     3.4577     3.4555   3.262400   3.259356     1.6501    -0.3741     0.3450    34.9171 2.1361e+00 1.0000e-12 1.3356e+04   1399.000    34.9158    34.8818     4.5734    1487.62    27.7847    27.7578    1477.69 0.0000e+00
   1416.096     3.4528     3.4531   3.261823   3.259034     1.6477    -0.3743     0.3451    34.9161 2.5566e+00 1.0000e-12 7.1368e+03   1398.000    34.9146    34.8811     4.5637    1487.58    27.7842    27.7574    1477.69 0.0000e+00
   1415.079     3.4500     3.4504   3.261181   3.258690     1.6478    -0.3743     0.3448    34.9120 1.6018e+00 1.0000e-12 1.5316e+04   1397.000    34.9104    34.8804     4.5640    1487.55    27.7811    27.7571    1477.69 0.0000e+00
   1414.063     3.4490     3.4494   3.260695   3.258543     1.6509    -0.3855     0.3443    34.9074 1.8720e+00 1.0000e-12 2.6220e+04   1396.000    34.9062    34.8802     4.5760    1487.52    27.7779    27.7570    1477.69 0.0000e+00
   1413.047     3.4483     3.4490   3.260268   3.258458     1.6567    -0.3934     0.3452    34.9034 2.0029e+00 1.0000e-12 7.6504e+03   1395.000    34.9024    34.8801     4.5990    1487.50    27.7748    27.7570    1477.69 0.0000e+00
   1412.030     3.4469     3.4485   3.260067   3.258376     1.6670    -0.3759     0.3448    34.9028 1.3766e+00 1.0000e-12 3.4141e+04   1394.000    34.9020    34.8801     4.6400    1487.48    27.7747    27.7571    1477.69 0.0000e+00
   1411.014     3.4448     3.4473   3.259253   3.258217     1.6941    -0.3925     0.3435    34.8956 1.8355e+00 1.0000e-12 2.4466e+04   1393.000    34.8951    34.8800     4.7484    1487.44    27.7693    27.7571    1477.69 0.0000e+00
   1409.998     3.4455     3.4480   3.259420   3.258214     1.7011    -0.3938     0.3489    34.8970 1.8832e+00 1.0000e-12 8.7325e+03   1392.000    34.8967    34.8797     4.7755    1487.43    27.7706    27.7568    1477.69 0.0000e+00
   1408.981     3.4452     3.4474   3.259376   3.258092     1.7036    -0.3938     0.3456    34.8977 2.3894e+00 1.0000e-12 6.6518e+03   1391.000    34.8971    34.8795     4.7853    1487.41    27.7709    27.7566    1477.69 0.0000e+00
   1407.965     3.4445     3.4453   3.258988   3.257819     1.7042    -0.3938     0.3474    34.8945 1.9897e+00 1.0000e-12 1.9112e+04   1390.000    34.8938    34.8790     4.7872    1487.39    27.7683    27.7564    1477.69 0.0000e+00
   1406.949     3.4426     3.4437   3.258759   3.257605     1.7043    -0.3938     0.3502    34.8941 1.7322e+00 1.0000e-12 1.5303e+04   1389.000    34.8935    34.8786     4.7873    1487.36    27.7682    27.7563    1477.69 0.0000e+00
   1405.932     3.4413     3.4424   3.258628   3.257430     1.7056    -0.3938     0.3444    34.8944 1.6498e+00 1.0000e-12 2.4810e+04   1388.000    34.8939    34.8784     4.7918    1487.34    27.7687    27.7562    1477.69 0.0000e+00
   1404.916     3.4391     3.4399   3.258512   3.257138     1.7072    -0.3871     0.3437    34.8957 1.6156e+00 1.0000e-12 1.4676e+04   1387.000    34.8953    34.8781     4.7979    1487.32    27.7700    27.7562    1477.69 0.0000e+00
   1403.900     3.4393     3.4380   3.258420   3.256905     1.7100    -0.3736     0.3418    34.8950 1.7898e+00 1.0000e-12 2.3598e+04   1386.000    34.8945    34.8778     4.8085    1487.30    27.7694    27.7561    1477.69 0.0000e+00
   1402.884     3.4339     3.4347   3.258025   3.256502     1.7138    -0.3782     0.3481    34.8967 1.5114e+00 1.0000e-12 3.0457e+04   1385.000    34.8960    34.8770     4.8240    1487.26    27.7711    27.7558    1477.69 0.0000e+00
   1401.867     3.4333     3.4365   3.257648   3.256648     1.7181    -0.3937     0.3477    34.8929 1.8362e+00 1.0000e-12 8.8293e+03   1384.000    34.8926    34.8773     4.8405    1487.24    27.7684    27.7559    1477.69 0.0000e+00
   1400.851     3.4323     3.4346   3.257730   3.256377     1.7177    -0.3938     0.3409    34.8955 1.4708e+00 1.0000e-12 3.0629e+04   1383.000    34.8952    34.8767     4.8384    1487.22    27.7705    27.7556    1477.69 0.0000e+00
   1399.835     3.4301     3.4292   3.257569   3.255796     1.7162    -0.3938     0.3441    34.8968 1.6850e+00 1.0000e-12 2.1064e+04   1382.000    34.8961    34.8759     4.8320    1487.19    27.7715    27.7554    1477.69 0.0000e+00
   1398.819     3.4255     3.4246   3.257257   3.255251     1.7135    -0.3938     0.3440    34.8985 1.2952e+00 1.0000e-12 3.7489e+04   1381.000    34.8978    34.8749     4.8212    1487.16    27.7732    27.7550    1477.69 0.0000e+00
   1397.802     3.4227     3.4234   3.257007   3.255068     1.7113    -0.3938     0.3452    34.8991 1.6497e+00 1.0000e-12 1.8660e+04   1380.000    34.8982    34.8744     4.8122    1487.13    27.7739    27.7547    1477.69 0.0000e+00
   1396.786     3.4207     3.4220   3.256741   3.254885     1.7100    -0.3938     0.3442    34.8985 1.7673e+00 1.0000e-12 1.2420e+04   1379.000    34.8977    34.8742     4.8063    1487.11    27.7736    27.7548    1477.69 0.0000e+00
   1395.770     3.4201     3.4225   3.256477   3.254914     1.7094    -0.3928     0.3475    34.8965 2.0842e+00 1.0000e-12 1.0511e+04   1378.000    34.8957    34.8746     4.8035    1487.08    27.7721    27.7550    1477.69 0.0000e+00
   1394.754     3.4184     3.4220   3.256324   3.254821     1.7103    -0.3847     0.3485    34.8968 1.6876e+00 1.0000e-12 2.1837e+04   1377.000    34.8962    34.8744     4.8068    1487.06    27.7726    27.7549    1477.69 0.0000e+00
   1393.737     3.4180     3.4190   3.256235   3.254452     1.7110    -0.3875     0.3462    34.8966 1.8280e+00 1.0000e-12 1.1770e+04   1376.000    34.8961    34.8738     4.8092    1487.04    27.7726    27.7547    1477.69 0.0000e+00
   1392.721     3.4156     3.4176   3.256387   3.254269     1.7084    -0.3934     0.3465    34.9010 1.7595e+00 1.0000e-12 1.6290e+04   1375.000    34.9009    34.8736     4.7980    1487.02    27.7766    27.7546    1477.69 0.0000e+00
   1391.705     3.4166     3.4172   3.256717   3.254194     1.7020    -0.3877     0.3510    34.9046 1.6637e+00 1.0000e-12 2.3254e+04   1374.000    34.9043    34.8736     4.7715    1487.01    27.7792    27.7547    1477.69 0.0000e+00
   1390.688     3.4151     3.4165   3.256451   3.254063     1.6942    -0.3740     0.3452    34.9040 1.8878e+00 1.0000e-12 1.5858e+04   1373.000    34.9032    34.8733     4.7401    1486.99    27.7785    27.7545    1477.69 0.0000e+00
   1389.672     3.4136     3.4140   3.256011   3.253763     1.6876    -0.3831     0.3433    34.9008 1.5987e+00 1.0000e-12 3.0113e+04   1372.000    34.9001    34.8729     4.7135    1486.96    27.7761    27.7544    1477.69 0.0000e+00
   1388.656     3.4106     3.4109   3.255620   3.253382     1.6821    -0.4146     0.3404    34.8998 1.1720e+00 1.0000e-12 4.8111e+04   1371.000    34.8991    34.8722     4.6911    1486.93    27.7756    27.7541    1477.69 0.0000e+00
   1387.640     3.4069     3.4072   3.255314   3.252945     1.6790    -0.3943     0.3487    34.9007 2.1083e+00 1.0000e-12 1.4848e+04   1370.000    34.8999    34.8713     4.6785    1486.90    27.7766    27.7538    1477.69 0.0000e+00
   1386.624     3.4052     3.4052   3.255019   3.252709     1.6774    -0.3802     0.3482    34.8995 1.5085e+00 1.0000e-12 2.9957e+04   1369.000    34.8988    34.8711     4.6716    1486.87    27.7759    27.7538    1477.69 0.0000e+00
   1385.607     3.4043     3.4042   3.254727   3.252553     1.6779    -0.3836     0.3490    34.8973 1.4867e+00 1.0000e-12 3.6942e+04   1368.000    34.8967    34.8709     4.6735    1486.85    27.7742    27.7537    1477.69 0.0000e+00
   1384.591     3.4029     3.4037   3.254573   3.252459     1.6803    -0.3928     0.3451    34.8974 1.8056e+00 1.0000e-12 1.5365e+04   1367.000    34.8969    34.8708     4.6825    1486.83    27.7746    27.7537    1477.69 0.0000e+00
   1383.575     3.4013     3.4033   3.254395   3.252385     1.6837    -0.3938     0.3433    34.8974 1.5776e+00 1.0000e-12 2.9158e+04   1366.000    34.8969    34.8708     4.6956    1486.80    27.7747    27.7537    1477.69 0.0000e+00
   1382.559     3.3998     3.4018   3.254449   3.252177     1.6845    -0.3938     0.3438    34.8999 1.8493e+00 1.0000e-12 1.8753e+04   1365.000    34.8997    34.8705     4.6986    1486.78    27.7771    27.7536    1477.69 0.0000e+00
   1381.543     3.3991     3.4022   3.254603   3.252164     1.6811    -0.3848     0.3426    34.9031 1.8163e+00 1.0000e-12 1.4306e+04   1364.000    34.9028    34.8704     4.6841    1486.77    27.7796    27.7535    1477.69 0.0000e+00
   1380.526     3.3993     3.4008   3.254368   3.251981     1.6766    -0.3826     0.3450    34.9009 1.7937e+00 1.0000e-12 1.9061e+04   1363.000    34.9002    34.8702     4.6656    1486.75    27.7775    27.7534    1477.69 0.0000e+00
   1379.510     3.3979     3.3974   3.253850   3.251589     1.6735    -0.3929     0.3443    34.8967 1.7938e+00 1.0000e-12 2.3842e+04   1362.000    34.8960    34.8697     4.6529    1486.72    27.7743    27.7533    1477.69 0.0000e+00
   1378.494     3.3954     3.3954   3.253516   3.251336     1.6708    -0.3938     0.3460    34.8960 1.6751e+00 1.0000e-12 2.2234e+04   1361.000    34.8953    34.8692     4.6419    1486.69    27.7739    27.7531    1477.69 0.0000e+00
   1377.478     3.3933     3.3945   3.253140   3.251196     1.6702    -0.3938     0.3444    34.8942 1.7785e+00 1.0000e-12 2.2222e+04   1360.000    34.8935    34.8691     4.6391    1486.66    27.7727    27.7531    1477.69 0.0000e+00
   1376.462     3.3922     3.3937   3.252909   3.251082     1.6717    -0.3938     0.3449    34.8930 2.1786e+00 1.0000e-12 1.0593e+04   1359.000    34.8924    34.8690     4.6449    1486.64    27.7720    27.7531    1477.69 0.0000e+00
   1375.446     3.3911     3.3932   3.252711   3.250983     1.6752    -0.3938     0.3465    34.8922 1.8931e+00 1.0000e-12 8.4039e+03   1358.000    34.8917    34.8689     4.6585    1486.62    27.7715    27.7530    1477.69 0.0000e+00
   1374.429     3.3905     3.3926   3.252643   3.250880     1.6806    -0.3816     0.3467    34.8924 1.7523e+00 1.0000e-12 2.1098e+04   1357.000    34.8921    34.8688     4.6792    1486.60    27.7718    27.7530    1477.69 0.0000e+00
   1373.413     3.3903     3.3920   3.252873   3.250778     1.6849    -0.4037     0.3486    34.8956 1.6383e+00 1.0000e-12 2.9185e+04   1356.000    34.8955    34.8687     4.6956    1486.58    27.7745    27.7530    1477.69 0.0000e+00
   1372.397     3.3896     3.3924   3.252868   3.250762     1.6846    -0.3759     0.3412    34.8971 1.5822e+00 1.0000e-12 3.5987e+04   1355.000    34.8968    34.8687     4.6942    1486.57    27.7756    27.7529    1477.69 0.0000e+00
   1371.381     3.3889     3.3902   3.252679   3.250514     1.6821    -0.3735     0.3445    34.8962 1.7247e+00 1.0000e-12 2.1024e+04   1354.000    34.8958    34.8685     4.6838    1486.54    27.7749    27.7530    1477.69 0.0000e+00
   1370.365     3.3870     3.3873   3.252346   3.250167     1.6789    -0.3931     0.3402    34.8949 2.1448e+00 1.0000e-12 2.2748e+04   1353.000    34.8943    34.8680     4.6705    1486.52    27.7739    27.7529    1477.69 0.0000e+00
   1369.349     3.3848     3.3864   3.252021   3.250025     1.6761    -0.3938     0.3486    34.8937 1.3047e+00 1.0000e-12 3.3602e+04   1352.000    34.8933    34.8677     4.6590    1486.49    27.7733    27.7527    1477.69 0.0000e+00
   1368.333     3.3829     3.3849   3.251796   3.249859     1.6737    -0.3938     0.3443    34.8937 1.5604e+00 1.0000e-12 2.1515e+04   1351.000    34.8931    34.8678     4.6490    1486.46    27.7733    27.7530    1477.69 0.0000e+00
   1367.317     3.3815     3.3824   3.251540   3.249521     1.6724    -0.3938     0.3440    34.8926 2.0718e+00 1.0000e-12 1.4154e+04   1350.000    34.8921    34.8670     4.6436    1486.44    27.7726    27.7525    1477.69 0.0000e+00
   1366.300     3.3804     3.3803   3.251225   3.249260     1.6723    -0.3938     0.3478    34.8907 1.7803e+00 1.0000e-12 2.1151e+04   1349.000    34.8899    34.8666     4.6426    1486.42    27.7710    27.7524    1477.69 0.0000e+00
   1365.284     3.3784     3.3783   3.250964   3.249019     1.6737    -0.3938     0.3465    34.8899 1.6382e+00 1.0000e-12 2.6075e+04   1348.000    34.8894    34.8663     4.6481    1486.39    27.7708    27.7523    1477.69 0.0000e+00
   1364.268     3.3771     3.3772   3.250857   3.248848     1.6760    -0.3931     0.3440    34.8905 1.6801e+00 1.0000e-12 1.8150e+04   1347.000    34.8901    34.8659     4.6568    1486.37    27.7714    27.7521    1477.69 0.0000e+00
