Ship_data/Irminger/Irminger-4/ctd/process/ar21_007.cnv
* Sea-Bird SBE 9 Data File:
* FileName = D:\Data\AR21_007.hdr
* Software Version Seasave V 7.23.2
* Temperature SN = 4155
* Conductivity SN = 2645
* Number of Bytes Per Scan = 40
* Number of Voltage Words = 5
* Number of Scans Averaged by the Deck Unit = 1
* NMEA Latitude = 59 55.58 N
* NMEA Longitude = 039 30.97 W
* NMEA UTC (Time) = Aug 05 2017  20:24:20
# nquan = 21
# nvalues = 2999                        
# units = specified
# name 0 = prDM: Pressure, Digiquartz [db]
# name 1 = t090C: Temperature [ITS-90, deg C]
# name 2 = t190C: Temperature, 2 [ITS-90, deg C]
# name 3 = c0S/m: Conductivity [S/m]
# name 4 = c1S/m: Conductivity, 2 [S/m]
# name 5 = sbeox0V: Oxygen raw, SBE 43 [V]
# name 6 = flECO-AFL: Fluorescence, WET Labs ECO-AFL/FL [mg/m^3]
# name 7 = turbWETntu0: Turbidity, WET Labs ECO [NTU]
# name 8 = sal00: Salinity, Practical [PSU]
# name 9 = spar: SPAR/Surface Irradiance
# name 10 = par: PAR/Irradiance, Biospherical/Licor
# name 11 = cpar: CPAR/Corrected Irradiance [%]
# name 12 = depSM: Depth [salt water, m], lat = 59.9263
# name 13 = sal00: Salinity, Practical [PSU]
# name 14 = sal11: Salinity, Practical, 2 [PSU]
# name 15 = sbeox0ML/L: Oxygen, SBE 43 [ml/l], WS = 2
# name 16 = svCM: Sound Velocity [Chen-Millero, m/s]
# name 17 = sigma-é00: Density [sigma-theta, kg/m^3]
# name 18 = sigma-é11: Density, 2 [sigma-theta, kg/m^3]
# name 19 = avgsvCM: Average Sound Velocity [Chen-Millero, m/s], minP = 20, minS = 20
# name 20 = flag: flag
# span 0 =      3.029,   1521.823       
# span 1 =     3.3016,     8.5322       
# span 2 =     3.3033,     8.5335       
# span 3 =   3.226811,   3.651416       
# span 4 =   3.227012,   3.651159       
# span 5 =     1.5620,     2.4259       
# span 6 =    -0.4149,     0.8114       
# span 7 =     0.3387,     0.4387       
# span 8 =    34.7875,    34.9986       
# span 9 = 2.3672e-01, 2.5566e+00       
# span 10 = 1.0000e-12, 1.0000e-12      
# span 11 = -1.137e+03, 8.7431e+04      
# span 12 =      3.000,   1502.000      
# span 13 =    34.7721,    34.9983      
# span 14 =    34.7825,    34.9498      
# span 15 =     3.8832,     5.7740      
# span 16 =    1469.21,    1489.81      
# span 17 =    27.0293,    27.8450      
# span 18 =    27.0260,    27.7717      
# span 19 =       0.00,    1481.93      
# span 20 = 0.0000e+00, 0.0000e+00      
# interval = meters: 1                  
# start_time = Aug 05 2017 20:24:20 [NMEA time, header]
# bad_flag = -9.990e-29
*END*
      3.029     8.5230     8.5246   3.650478   3.650268     2.4223     0.6036     0.3875    34.7917 1.1903e+00 1.0000e-12 4.2709e+04      3.000    34.7917    34.7879     5.6071    1484.23    27.0304    27.0272       0.00 0.0000e+00
      4.038     8.5322     8.5335   3.651417   3.651159     2.4223     0.5813     0.3907    34.7919 1.2622e+00 1.0000e-12 4.0040e+04      4.000    34.7921    34.7881     5.6065    1484.28    27.0293    27.0260       0.00 0.0000e+00
      5.048     8.5224     8.5186   3.650422   3.649801     2.4216     0.5845     0.3897    34.7919 1.2553e+00 1.0000e-12 3.7157e+04      5.000    34.7907    34.7879     5.6066    1484.26    27.0298    27.0282       0.00 0.0000e+00
      6.057     8.5109     8.5148   3.649468   3.649497     2.4202     0.5994     0.3882    34.7921 1.3008e+00 1.0000e-12 3.3039e+04      6.000    34.7914    34.7879     5.6048    1484.23    27.0322    27.0288       0.00 0.0000e+00
      7.067     8.5032     8.5038   3.648741   3.648522     2.4202     0.6020     0.3916    34.7918 1.1177e+00 1.0000e-12 4.3583e+04      7.000    34.7908    34.7879     5.6065    1484.22    27.0329    27.0305       0.00 0.0000e+00
      8.076     8.4991     8.4997   3.648471   3.648149     2.4189     0.6209     0.3835    34.7922 1.3713e+00 1.0000e-12 3.8551e+04      8.000    34.7915    34.7876     5.6040    1484.22    27.0341    27.0309       0.00 0.0000e+00
      9.086     8.4782     8.4829   3.646349   3.646621     2.4185     0.6220     0.3855    34.7919 1.1620e+00 1.0000e-12 4.1816e+04      9.000    34.7891    34.7874     5.6063    1484.16    27.0355    27.0335       0.00 0.0000e+00
     10.095     8.4455     8.4454   3.643409   3.643183     2.4176     0.6239     0.3881    34.7925 9.4033e-01 1.0000e-12 5.0053e+04     10.000    34.7898    34.7874     5.6086    1484.05    27.0411    27.0392       0.00 0.0000e+00
     11.105     8.4347     8.4338   3.642613   3.642170     2.4187     0.6431     0.3918    34.7929 1.1803e+00 1.0000e-12 4.6546e+04     11.000    34.7914    34.7877     5.6141    1484.03    27.0441    27.0412       0.00 0.0000e+00
     12.115     8.4122     8.4154   3.640427   3.640438     2.4178     0.6655     0.3886    34.7926 1.3708e+00 1.0000e-12 3.1034e+04     12.000    34.7900    34.7870     5.6152    1483.96    27.0464    27.0436       0.00 0.0000e+00
     13.124     8.3999     8.4222   3.639407   3.641265     2.4180     0.6889     0.3897    34.7926 1.0608e+00 1.0000e-12 4.3470e+04     13.000    34.7908    34.7886     5.6181    1483.93    27.0490    27.0438       0.00 0.0000e+00
     14.134     8.4068     8.4154   3.640548   3.640679     2.4212     0.6650     0.3938    34.7932 8.7902e-01 1.0000e-12 5.3329e+04     14.000    34.7956    34.7885     5.6272    1483.98    27.0517    27.0448       0.00 0.0000e+00
     15.143     8.4855     8.4878   3.647629   3.647457     2.4221     0.6685     0.4307    34.7910 1.1963e+00 1.0000e-12 4.1438e+04     15.000    34.7926    34.7885     5.6200    1484.29    27.0372    27.0336       0.00 0.0000e+00
     16.153     8.4206     8.4333   3.641090   3.642290     2.4179     0.6211     0.3888    34.7906 1.1211e+00 1.0000e-12 4.2570e+04     16.000    34.7868    34.7870     5.6173    1484.06    27.0426    27.0409       0.00 0.0000e+00
     17.162     8.3945     8.3980   3.639125   3.639098     2.4163     0.6663     0.3910    34.7925 1.2908e+00 1.0000e-12 3.1439e+04     17.000    34.7912    34.7875     5.6167    1483.98    27.0502    27.0467       0.00 0.0000e+00
     18.172     8.3290     8.3348   3.631669   3.632812     2.4097     0.6542     0.3938    34.7889 9.4863e-01 1.0000e-12 5.4792e+04     18.000    34.7761    34.7825     5.6071    1483.73    27.0484    27.0525       0.00 0.0000e+00
     19.182     8.1371     8.1364   3.614630   3.614498     2.4018     0.6621     0.3889    34.7940 1.0220e+00 1.0000e-12 4.7754e+04     19.000    34.7838    34.7831     5.6098    1483.04    27.0837    27.0832       0.00 0.0000e+00
     20.191     7.8631     7.8746   3.588215   3.590645     2.3887     0.6723     0.3863    34.8026 1.0417e+00 1.0000e-12 4.7346e+04     20.000    34.7721    34.7868     5.6089    1482.01    27.1155    27.1254     972.89 0.0000e+00
     21.201     7.5741     7.5767   3.564195   3.564880     2.3807     0.6692     0.3847    34.8271 1.1107e+00 1.0000e-12 4.1036e+04     21.000    34.8005    34.8054     5.6237    1480.96    27.1803    27.1838    1481.07 0.0000e+00
     22.210     7.4307     7.4320   3.552486   3.552496     2.3795     0.6029     0.3794    34.8369 1.3344e+00 1.0000e-12 3.9581e+04     22.000    34.8167    34.8155     5.6401    1480.45    27.2138    27.2127    1481.93 0.0000e+00
     23.220     7.3388     7.3405   3.544313   3.544632     2.3778     0.6186     0.3743    34.8408 1.2531e+00 1.0000e-12 3.5427e+04     23.000    34.8194    34.8212     5.6482    1480.12    27.2291    27.2303    1481.85 0.0000e+00
     24.230     7.1383     7.1409   3.526589   3.527338     2.3709     0.6132     0.3778    34.8554 1.1414e+00 1.0000e-12 4.2431e+04     24.000    34.8270    34.8326     5.6556    1479.37    27.2634    27.2675    1481.77 0.0000e+00
     25.239     6.9624     6.9629   3.511549   3.512242     2.3613     0.6029     0.3772    34.8694 1.2718e+00 1.0000e-12 3.5695e+04     25.000    34.8389    34.8461     5.6512    1478.72    27.2974    27.3030    1481.66 0.0000e+00
     26.249     6.7136     6.7153   3.490170   3.490833     2.3550     0.5862     0.3787    34.8863 1.0086e+00 1.0000e-12 5.0886e+04     26.000    34.8546    34.8602     5.6673    1477.79    27.3440    27.3482    1481.51 0.0000e+00
     27.259     6.5471     6.5507   3.476203   3.476746     2.3493     0.6277     0.3977    34.8946 1.3913e+00 1.0000e-12 2.7407e+04     27.000    34.8685    34.8709     5.6735    1477.18    27.3774    27.3788    1481.38 0.0000e+00
     28.268     6.2835     6.2852   3.452830   3.453537     2.3355     0.4853     0.3718    34.9084 1.4000e+00 1.0000e-12 3.1522e+04     28.000    34.8764    34.8826     5.6691    1476.17    27.4187    27.4233    1481.21 0.0000e+00
     29.278     6.0653     6.0662   3.433027   3.433687     2.3239     0.3382     0.3723    34.9122 1.4821e+00 1.0000e-12 3.2162e+04     29.000    34.8773    34.8838     5.6653    1475.33    27.4477    27.4527    1481.02 0.0000e+00
     30.288     5.9636     5.9661   3.424558   3.424906     2.3142     0.3199     0.3687    34.9143 1.2708e+00 1.0000e-12 3.9543e+04     30.000    34.8858    34.8872     5.6502    1474.95    27.4675    27.4683    1480.83 0.0000e+00
     31.297     5.9081     5.9112   3.419459   3.419815     2.3061     0.3718     0.3759    34.9108 1.1268e+00 1.0000e-12 4.3423e+04     31.000    34.8849    34.8857     5.6336    1474.75    27.4738    27.4741    1480.62 0.0000e+00
     32.307     5.8533     5.8696   3.415573   3.416840     2.3001     0.4522     0.3733    34.9151 1.1866e+00 1.0000e-12 4.2255e+04     32.000    34.8969    34.8944     5.6229    1474.56    27.4902    27.4862    1480.43 0.0000e+00
     33.317     5.8197     5.8302   3.413892   3.414322     2.2946     0.5141     0.3728    34.9232 1.1400e+00 1.0000e-12 3.9100e+04     33.000    34.9120    34.9061     5.6109    1474.46    27.5065    27.5004    1480.23 0.0000e+00
     34.326     5.7757     5.7780   3.409249   3.409921     2.2891     0.5443     0.3739    34.9239 1.1299e+00 1.0000e-12 4.5073e+04     34.000    34.9043    34.9095     5.6009    1474.30    27.5059    27.5098    1480.08 0.0000e+00
     35.336     5.6852     5.6873   3.402080   3.402408     2.2825     0.6218     0.3943    34.9334 1.1509e+00 1.0000e-12 4.4446e+04     35.000    34.9159    34.9175     5.5933    1473.97    27.5264    27.5274    1479.91 0.0000e+00
     36.346     5.6283     5.6304   3.397174   3.397721     2.2734     0.5325     0.3780    34.9388 1.4461e+00 1.0000e-12 3.2204e+04     36.000    34.9185    34.9225     5.5737    1473.76    27.5355    27.5384    1479.73 0.0000e+00
     37.355     5.5507     5.5661   3.391082   3.391954     2.2581     0.3509     0.3711    34.9395 1.1442e+00 1.0000e-12 4.1808e+04     37.000    34.9290    34.9230     5.5366    1473.48    27.5534    27.5468    1479.57 0.0000e+00
     38.365     5.5767     5.5975   3.393143   3.395291     2.2499     0.3036     0.3651    34.9386 1.1476e+00 1.0000e-12 4.2817e+04     38.000    34.9251    34.9279     5.5079    1473.59    27.5471    27.5468    1479.41 0.0000e+00
     39.375     5.5166     5.5177   3.390194   3.389991     2.2463     0.2894     0.3693    34.9595 1.1067e+00 1.0000e-12 4.7206e+04     39.000    34.9533    34.9498     5.5049    1473.40    27.5769    27.5740    1479.25 0.0000e+00
     40.384     5.4926     5.4945   3.387054   3.387470     2.2416     0.1192     0.3618    34.9547 4.5746e-01 1.0000e-12 7.5587e+04     40.000    34.9418    34.9446     5.4944    1473.31    27.5707    27.5727    1479.09 0.0000e+00
     41.394     5.4432     5.4437   3.382319   3.382631     2.2364     0.0407     0.3597    34.9520 9.9669e-01 1.0000e-12 4.7082e+04     41.000    34.9384    34.9415     5.4860    1473.12    27.5740    27.5764    1478.96 0.0000e+00
     42.404     5.3702     5.3719   3.375280   3.375555     2.2327    -0.0002     0.3625    34.9467 1.2182e+00 1.0000e-12 3.8538e+04     42.000    34.9331    34.9346     5.4855    1472.84    27.5787    27.5797    1478.82 0.0000e+00
     43.414     5.3917     5.4234   3.377309   3.380430     2.2312     0.0720     0.3602    34.9432 1.6582e+00 1.0000e-12 2.0783e+04     43.000    34.9335    34.9363     5.4785    1472.94    27.5764    27.5748    1478.66 0.0000e+00
     44.423     5.3141     5.3239   3.370438   3.371069     2.2297     0.0848     0.3632    34.9438 1.6308e+00 1.0000e-12 2.0101e+04     44.000    34.9349    34.9320     5.4855    1472.65    27.5869    27.5834    1478.54 0.0000e+00
     45.433     5.3047     5.3061   3.370196   3.369949     2.2292     0.0349     0.3638    34.9466 1.2094e+00 1.0000e-12 3.5638e+04     45.000    34.9415    34.9371     5.4857    1472.64    27.5933    27.5896    1478.41 0.0000e+00
     46.443     5.3293     5.3313   3.373462   3.373142     2.2279    -0.0185     0.3586    34.9555 1.4533e+00 1.0000e-12 3.3426e+04     46.000    34.9528    34.9471     5.4783    1472.77    27.5993    27.5945    1478.28 0.0000e+00
     47.453     5.3419     5.3609   3.374264   3.375441     2.2245    -0.0298     0.3600    34.9518 1.3857e+00 1.0000e-12 3.3728e+04     47.000    34.9483    34.9421     5.4664    1472.83    27.5942    27.5870    1478.12 0.0000e+00
     48.462     5.2841     5.2940   3.369061   3.369722     2.2215    -0.0404     0.3580    34.9543 1.2286e+00 1.0000e-12 4.3467e+04     48.000    34.9483    34.9455     5.4660    1472.61    27.6012    27.5978    1478.05 0.0000e+00
     49.472     5.2590     5.2611   3.366832   3.366843     2.2193    -0.1508     0.3582    34.9537 1.5198e+00 1.0000e-12 2.3257e+04     49.000    34.9484    34.9463     5.4632    1472.53    27.6042    27.6024    1477.94 0.0000e+00
     50.482     5.2528     5.2547   3.366592   3.366439     2.2175    -0.2144     0.3571    34.9544 1.4157e+00 1.0000e-12 3.3632e+04     50.000    34.9515    34.9478     5.4591    1472.52    27.6075    27.6043    1477.83 0.0000e+00
     51.492     5.2494     5.2500   3.366272   3.366123     2.2153    -0.2142     0.3583    34.9546 1.4778e+00 1.0000e-12 2.6853e+04     51.000    34.9509    34.9485     5.4533    1472.52    27.6074    27.6055    1477.73 0.0000e+00
     52.501     5.2295     5.2318   3.364419   3.364362     2.2143    -0.2465     0.3565    34.9528 1.3458e+00 1.0000e-12 3.3819e+04     52.000    34.9497    34.9467     5.4535    1472.46    27.6088    27.6062    1477.62 0.0000e+00
     53.511     5.2032     5.2045   3.361841   3.361714     2.2136    -0.2506     0.3596    34.9500 1.1430e+00 1.0000e-12 4.4579e+04     53.000    34.9470    34.9442     5.4559    1472.37    27.6098    27.6075    1477.52 0.0000e+00
     54.521     5.1862     5.1879   3.360220   3.360233     2.2125    -0.2549     0.3558    34.9497 1.3075e+00 1.0000e-12 3.8335e+04     54.000    34.9455    34.9439     5.4555    1472.31    27.6107    27.6092    1477.43 0.0000e+00
     55.531     5.1586     5.1600   3.357432   3.357490     2.2110    -0.2578     0.3571    34.9473 9.9123e-01 1.0000e-12 4.7577e+04     55.000    34.9417    34.9409     5.4558    1472.21    27.6110    27.6102    1477.33 0.0000e+00
     56.540     5.1257     5.1278   3.354245   3.354372     2.2092    -0.2677     0.3571    34.9447 1.3131e+00 1.0000e-12 3.6305e+04     56.000    34.9388    34.9380     5.4555    1472.09    27.6125    27.6117    1477.24 0.0000e+00
     57.550     5.0992     5.1120   3.351946   3.352841     2.2094    -0.2718     0.3576    34.9424 1.1942e+00 1.0000e-12 3.8183e+04     57.000    34.9394    34.9363     5.4604    1472.00    27.6162    27.6122    1477.15 0.0000e+00
     58.560     5.0796     5.0809   3.350176   3.350007     2.2085    -0.2650     0.3571    34.9416 1.2109e+00 1.0000e-12 3.5543e+04     58.000    34.9389    34.9356     5.4614    1471.94    27.6181    27.6153    1477.06 0.0000e+00
     59.570     5.0778     5.0798   3.350200   3.350081     2.2078    -0.3067     0.3580    34.9430 1.2553e+00 1.0000e-12 3.3349e+04     59.000    34.9405    34.9370     5.4599    1471.95    27.6196    27.6166    1476.97 0.0000e+00
     60.580     5.0701     5.0715   3.349484   3.349340     2.2071    -0.2875     0.3582    34.9426 1.0480e+00 1.0000e-12 4.4358e+04     60.000    34.9397    34.9367     5.4596    1471.93    27.6199    27.6173    1476.89 0.0000e+00
     61.589     5.0626     5.0643   3.348988   3.348834     2.2064    -0.3040     0.3580    34.9431 1.2421e+00 1.0000e-12 3.6806e+04     61.000    34.9414    34.9378     5.4591    1471.92    27.6221    27.6190    1476.80 0.0000e+00
     62.599     5.0635     5.0653   3.349320   3.349163     2.2050    -0.2973     0.3580    34.9449 1.0357e+00 1.0000e-12 4.4701e+04     62.000    34.9437    34.9400     5.4550    1471.94    27.6238    27.6207    1476.72 0.0000e+00
     63.609     5.0584     5.0603   3.348895   3.348771     2.2038    -0.3165     0.3582    34.9450 1.3213e+00 1.0000e-12 3.6586e+04     63.000    34.9436    34.9402     5.4527    1471.94    27.6243    27.6215    1476.65 0.0000e+00
     64.619     5.0560     5.0588   3.348810   3.348822     2.2030    -0.3193     0.3613    34.9457 1.1805e+00 1.0000e-12 4.0533e+04     64.000    34.9446    34.9418     5.4511    1471.95    27.6254    27.6229    1476.57 0.0000e+00
     65.629     5.0538     5.0563   3.348852   3.348761     2.2016    -0.3382     0.3565    34.9475 1.0784e+00 1.0000e-12 4.5541e+04     65.000    34.9468    34.9431     5.4476    1471.96    27.6274    27.6242    1476.50 0.0000e+00
     66.639     5.0540     5.0560   3.348912   3.348789     2.1994    -0.3333     0.3552    34.9474 8.5612e-01 1.0000e-12 5.9386e+04     66.000    34.9468    34.9432     5.4411    1471.98    27.6274    27.6244    1476.43 0.0000e+00
     67.648     5.0258     5.0255   3.345420   3.345617     2.1963    -0.3394     0.3610    34.9429 1.1050e+00 1.0000e-12 4.1196e+04     67.000    34.9354    34.9380     5.4364    1471.86    27.6217    27.6238    1476.36 0.0000e+00
     68.658     4.9571     4.9577   3.339015   3.339015     2.1944    -0.3469     0.3599    34.9385 1.2137e+00 1.0000e-12 4.1196e+04     68.000    34.9326    34.9319     5.4410    1471.60    27.6275    27.6269    1476.30 0.0000e+00
     69.668     4.9144     4.9149   3.335025   3.334817     2.1939    -0.3415     0.3574    34.9346 1.0884e+00 1.0000e-12 4.5814e+04     69.000    34.9306    34.9276     5.4462    1471.44    27.6308    27.6284    1476.22 0.0000e+00
     70.678     4.8913     4.8923   3.332710   3.332607     2.1941    -0.3344     0.3580    34.9318 1.1705e+00 1.0000e-12 3.7792e+04     70.000    34.9274    34.9252     5.4512    1471.36    27.6310    27.6291    1476.16 0.0000e+00
