Ship_data/Irminger/Irminger-4/ctd/process/ar21_012.ros
* Sea-Bird SBE 9 Data File:
* FileName = D:\Data\AR21_012.hdr
* Software Version Seasave V 7.23.2
* Temperature SN = 4155
* Conductivity SN = 2645
* Number of Bytes Per Scan = 40
* Number of Voltage Words = 5
* Number of Scans Averaged by the Deck Unit = 1
* NMEA Latitude = 59 51.21 N
* NMEA Longitude = 039 07.69 W
* NMEA UTC (Time) = Aug 09 2017  13:01:16
# nquan = 15
# nvalues = 588                                   
# units = specified
# name 0 = prDM: Pressure, Digiquartz [db]
# name 1 = t090C: Temperature [ITS-90, deg C]
# name 2 = t190C: Temperature, 2 [ITS-90, deg C]
# name 3 = c0S/m: Conductivity [S/m]
# name 4 = c1S/m: Conductivity, 2 [S/m]
# name 5 = sbeox0V: Oxygen raw, SBE 43 [V]
# name 6 = flECO-AFL: Fluorescence, WET Labs ECO-AFL/FL [mg/m^3]
# name 7 = turbWETntu0: Turbidity, WET Labs ECO [NTU]
# name 8 = sal00: Salinity, Practical [PSU]
# name 9 = spar: SPAR/Surface Irradiance
# name 10 = par: PAR/Irradiance, Biospherical/Licor
# name 11 = cpar: CPAR/Corrected Irradiance [%]
# name 12 = scan: Scan Count
# name 13 = nbf: Bottles Fired
# name 14 = flag:  0.000e+00
# interval = seconds: 0.0416667
# start_time = Aug 09 2017 13:01:16 [NMEA time, header]
# bad_flag = -9.990e-29
*END*
   1013.026     3.3914     3.3936   3.235249   3.235158     1.9628    -0.3743     0.3482    34.8673 0.0000e+00 1.0000e-12 9.9999e+04      30587          1  0.000e+00
   1012.969     3.3914     3.3939   3.235261   3.235209     1.9628    -0.3743     0.3482    34.8675 1.8835e+00 1.0000e-12 5.3093e-11      30588          1  0.000e+00
   1013.091     3.3916     3.3938   3.235261   3.235185     1.9640    -0.3743     0.3482    34.8672 0.0000e+00 1.0000e-12 9.9999e+04      30589          1  0.000e+00
   1012.904     3.3914     3.3936   3.235279   3.235232     1.9628    -0.3743     0.3531    34.8677 0.0000e+00 1.0000e-12 9.9999e+04      30590          1  0.000e+00
   1012.969     3.3916     3.3936   3.235285   3.235232     1.9628    -0.3743     0.3531    34.8676 0.0000e+00 1.0000e-12 9.9999e+04      30591          1  0.000e+00
   1013.026     3.3916     3.3936   3.235267   3.235182     1.9628    -0.3743     0.3482    34.8673 1.8835e+00 1.0000e-12 5.3093e-11      30592          1  0.000e+00
   1012.847     3.3916     3.3936   3.235243   3.235185     1.9628    -0.3547     0.3531    34.8671 1.8835e+00 1.0000e-12 5.3093e-11      30593          1  0.000e+00
   1012.969     3.3917     3.3937   3.235273   3.235182     1.9628    -0.3743     0.3531    34.8673 0.0000e+00 1.0000e-12 9.9999e+04      30594          1  0.000e+00
   1012.904     3.3918     3.3936   3.235291   3.235209     1.9628    -0.3743     0.3482    34.8675 1.8835e+00 1.0000e-12 5.3093e-11      30595          1  0.000e+00
   1012.912     3.3917     3.3934   3.235267   3.235161     1.9628    -0.3743     0.3482    34.8672 0.0000e+00 1.0000e-12 9.9999e+04      30596          1  0.000e+00
   1012.847     3.3916     3.3934   3.235261   3.235182     1.9628    -0.3743     0.3482    34.8673 1.8835e+00 1.0000e-12 5.3093e-11      30597          1  0.000e+00
   1012.847     3.3917     3.3936   3.235279   3.235208     1.9628    -0.3743     0.3482    34.8674 0.0000e+00 1.0000e-12 9.9999e+04      30598          1  0.000e+00
   1012.847     3.3916     3.3934   3.235291   3.235158     1.9628    -0.3743     0.3531    34.8677 0.0000e+00 1.0000e-12 9.9999e+04      30599          1  0.000e+00
   1012.847     3.3916     3.3936   3.235285   3.235185     1.9628    -0.3743     0.3531    34.8676 0.0000e+00 1.0000e-12 9.9999e+04      30600          1  0.000e+00
   1012.847     3.3916     3.3938   3.235285   3.235182     1.9628    -0.3547     0.3482    34.8676 1.8835e+00 1.0000e-12 5.3093e-11      30601          1  0.000e+00
   1012.847     3.3916     3.3934   3.235285   3.235208     1.9628    -0.3743     0.3482    34.8676 0.0000e+00 1.0000e-12 9.9999e+04      30602          1  0.000e+00
   1012.782     3.3917     3.3936   3.235267   3.235161     1.9628    -0.3743     0.3482    34.8673 0.0000e+00 1.0000e-12 9.9999e+04      30603          1  0.000e+00
   1012.790     3.3916     3.3934   3.235279   3.235208     1.9628    -0.3743     0.3482    34.8675 0.0000e+00 1.0000e-12 9.9999e+04      30604          1  0.000e+00
   1012.782     3.3916     3.3936   3.235267   3.235182     1.9628    -0.3743     0.3531    34.8674 1.8835e+00 1.0000e-12 5.3093e-11      30605          1  0.000e+00
   1012.790     3.3919     3.3936   3.235243   3.235182     1.9628    -0.3743     0.3531    34.8668 1.8835e+00 1.0000e-12 5.3093e-11      30606          1  0.000e+00
   1012.782     3.3916     3.3936   3.235249   3.235212     1.9616    -0.3938     0.3482    34.8672 0.0000e+00 1.0000e-12 9.9999e+04      30607          1  0.000e+00
   1012.725     3.3916     3.3936   3.235243   3.235158     1.9628    -0.3938     0.3482    34.8672 0.0000e+00 1.0000e-12 9.9999e+04      30608          1  0.000e+00
   1012.790     3.3916     3.3934   3.235267   3.235208     1.9628    -0.3938     0.3531    34.8674 0.0000e+00 1.0000e-12 9.9999e+04      30609          1  0.000e+00
   1012.725     3.3916     3.3934   3.235267   3.235212     1.9628    -0.3938     0.3482    34.8675 0.0000e+00 1.0000e-12 9.9999e+04      30610          1  0.000e+00
   1012.725     3.3916     3.3936   3.235261   3.235181     1.9628    -0.3938     0.3482    34.8674 0.0000e+00 1.0000e-12 9.9999e+04      30611          1  0.000e+00
   1012.725     3.3916     3.3936   3.235261   3.235158     1.9628    -0.3938     0.3482    34.8674 0.0000e+00 1.0000e-12 9.9999e+04      30612          1  0.000e+00
   1012.725     3.3917     3.3934   3.235279   3.235181     1.9628    -0.3938     0.3482    34.8675 0.0000e+00 1.0000e-12 9.9999e+04      30613          1  0.000e+00
   1012.725     3.3916     3.3934   3.235285   3.235185     1.9628    -0.3938     0.3482    34.8677 0.0000e+00 1.0000e-12 9.9999e+04      30614          1  0.000e+00
   1012.725     3.3917     3.3936   3.235267   3.235181     1.9628    -0.3743     0.3482    34.8673 1.8835e+00 1.0000e-12 5.3093e-11      30615          1  0.000e+00
   1012.725     3.3918     3.3934   3.235303   3.235181     1.9628    -0.3938     0.3531    34.8677 0.0000e+00 1.0000e-12 9.9999e+04      30616          1  0.000e+00
   1012.725     3.3918     3.3937   3.235279   3.235185     1.9628    -0.3938     0.3482    34.8674 0.0000e+00 1.0000e-12 9.9999e+04      30617          1  0.000e+00
   1012.725     3.3919     3.3934   3.235279   3.235181     1.9628    -0.3938     0.3531    34.8673 0.0000e+00 1.0000e-12 9.9999e+04      30618          1  0.000e+00
   1012.725     3.3918     3.3936   3.235285   3.235181     1.9628    -0.3938     0.3531    34.8675 1.8835e+00 1.0000e-12 5.3093e-11      30619          1  0.000e+00
   1012.660     3.3917     3.3938   3.235249   3.235181     1.9628    -0.3938     0.3531    34.8671 1.8835e+00 1.0000e-12 5.3093e-11      30620          1  0.000e+00
   1012.725     3.3916     3.3936   3.235267   3.235212     1.9628    -0.3938     0.3433    34.8674 1.8835e+00 1.0000e-12 5.3093e-11      30621          1  0.000e+00
   1012.725     3.3919     3.3938   3.235285   3.235181     1.9628    -0.3938     0.3433    34.8674 1.8835e+00 1.0000e-12 5.3093e-11      30622          1  0.000e+00
   1012.725     3.3916     3.3937   3.235267   3.235208     1.9640    -0.3938     0.3482    34.8674 0.0000e+00 1.0000e-12 9.9999e+04      30623          1  0.000e+00
   1012.725     3.3916     3.3938   3.235261   3.235212     1.9628    -0.3938     0.3482    34.8674 0.0000e+00 1.0000e-12 9.9999e+04      30624          1  0.000e+00
   1012.725     3.3919     3.3938   3.235279   3.235208     1.9628    -0.3938     0.3482    34.8673 1.8835e+00 1.0000e-12 5.3093e-11      30625          1  0.000e+00
   1012.725     3.3916     3.3938   3.235291   3.235208     1.9628    -0.3743     0.3482    34.8677 0.0000e+00 1.0000e-12 9.9999e+04      30626          1  0.000e+00
   1012.725     3.3916     3.3938   3.235285   3.235208     1.9628    -0.3938     0.3482    34.8677 1.8835e+00 1.0000e-12 5.3093e-11      30627          1  0.000e+00
   1012.725     3.3918     3.3937   3.235267   3.235161     1.9628    -0.3938     0.3482    34.8673 0.0000e+00 1.0000e-12 9.9999e+04      30628          1  0.000e+00
   1012.782     3.3919     3.3936   3.235261   3.235182     1.9628    -0.3938     0.3531    34.8670 1.8835e+00 1.0000e-12 5.3093e-11      30629          1  0.000e+00
   1012.725     3.3917     3.3938   3.235297   3.235181     1.9628    -0.3938     0.3433    34.8677 0.0000e+00 1.0000e-12 9.9999e+04      30630          1  0.000e+00
   1012.725     3.3918     3.3936   3.235279   3.235185     1.9640    -0.3938     0.3433    34.8674 1.8835e+00 1.0000e-12 5.3093e-11      30631          1  0.000e+00
   1012.790     3.3920     3.3938   3.235297   3.235208     1.9628    -0.3938     0.3433    34.8673 0.0000e+00 1.0000e-12 9.9999e+04      30632          1  0.000e+00
   1012.725     3.3918     3.3936   3.235297   3.235158     1.9640    -0.3938     0.3433    34.8676 1.8835e+00 1.0000e-12 5.3093e-11      30633          1  0.000e+00
   1012.725     3.3919     3.3936   3.235267   3.235208     1.9628    -0.3938     0.3433    34.8672 0.0000e+00 1.0000e-12 9.9999e+04      30634          1  0.000e+00
   1012.790     3.3916     3.3936   3.235279   3.235212     1.9628    -0.3938     0.3433    34.8675 0.0000e+00 1.0000e-12 9.9999e+04      30635          1  0.000e+00
   1013.030     3.3909     3.3930   3.235200   3.235158     1.9628    -0.4133     0.3433    34.8672 0.0000e+00 1.0000e-12 9.9999e+04      30764          2  0.000e+00
   1013.095     3.3911     3.3931   3.235219   3.235134     1.9628    -0.4133     0.3433    34.8672 0.0000e+00 1.0000e-12 9.9999e+04      30765          2  0.000e+00
   1013.038     3.3911     3.3930   3.235231   3.235158     1.9628    -0.4133     0.3433    34.8674 0.0000e+00 1.0000e-12 9.9999e+04      30766          2  0.000e+00
   1013.217     3.3911     3.3928   3.235249   3.235158     1.9628    -0.4133     0.3433    34.8675 1.8835e+00 1.0000e-12 5.3093e-11      30767          2  0.000e+00
   1013.095     3.3913     3.3928   3.235219   3.235131     1.9628    -0.4133     0.3433    34.8670 0.0000e+00 1.0000e-12 9.9999e+04      30768          2  0.000e+00
   1013.095     3.3909     3.3926   3.235219   3.235111     1.9628    -0.4133     0.3433    34.8674 0.0000e+00 1.0000e-12 9.9999e+04      30769          2  0.000e+00
   1013.095     3.3910     3.3928   3.235231   3.235107     1.9628    -0.4133     0.3433    34.8675 0.0000e+00 1.0000e-12 9.9999e+04      30770          2  0.000e+00
   1013.160     3.3909     3.3924   3.235231   3.235108     1.9628    -0.4133     0.3433    34.8675 0.0000e+00 1.0000e-12 9.9999e+04      30771          2  0.000e+00
   1013.095     3.3911     3.3928   3.235231   3.235111     1.9628    -0.4133     0.3433    34.8673 1.8835e+00 1.0000e-12 5.3093e-11      30772          2  0.000e+00
   1013.152     3.3911     3.3926   3.235231   3.235158     1.9628    -0.4133     0.3433    34.8674 0.0000e+00 1.0000e-12 9.9999e+04      30773          2  0.000e+00
   1013.095     3.3910     3.3926   3.235231   3.235131     1.9628    -0.4133     0.3433    34.8675 0.0000e+00 1.0000e-12 9.9999e+04      30774          2  0.000e+00
   1013.152     3.3911     3.3926   3.235249   3.235111     1.9641    -0.4133     0.3433    34.8675 0.0000e+00 1.0000e-12 9.9999e+04      30775          2  0.000e+00
   1013.095     3.3911     3.3926   3.235261   3.235107     1.9641    -0.3938     0.3433    34.8678 1.8835e+00 1.0000e-12 5.3093e-11      30776          2  0.000e+00
   1013.095     3.3913     3.3926   3.235261   3.235131     1.9641    -0.3938     0.3433    34.8675 0.0000e+00 1.0000e-12 9.9999e+04      30777          2  0.000e+00
   1013.152     3.3911     3.3925   3.235243   3.235108     1.9641    -0.3938     0.3433    34.8675 0.0000e+00 1.0000e-12 9.9999e+04      30778          2  0.000e+00
   1013.160     3.3911     3.3930   3.235249   3.235111     1.9628    -0.3938     0.3433    34.8675 0.0000e+00 1.0000e-12 9.9999e+04      30779          2  0.000e+00
   1013.095     3.3916     3.3930   3.235279   3.235131     1.9628    -0.3938     0.3433    34.8674 1.8835e+00 1.0000e-12 5.3093e-11      30780          2  0.000e+00
   1013.152     3.3914     3.3928   3.235267   3.235108     1.9641    -0.3743     0.3433    34.8675 0.0000e+00 1.0000e-12 9.9999e+04      30781          2  0.000e+00
   1013.095     3.3916     3.3926   3.235243   3.235084     1.9641    -0.3938     0.3433    34.8670 0.0000e+00 1.0000e-12 9.9999e+04      30782          2  0.000e+00
   1013.152     3.3916     3.3926   3.235249   3.235131     1.9641    -0.3938     0.3433    34.8671 0.0000e+00 1.0000e-12 9.9999e+04      30783          2  0.000e+00
   1013.095     3.3913     3.3928   3.235243   3.235107     1.9628    -0.3743     0.3433    34.8673 1.8835e+00 1.0000e-12 5.3093e-11      30784          2  0.000e+00
   1013.152     3.3916     3.3928   3.235249   3.235158     1.9641    -0.3743     0.3433    34.8671 0.0000e+00 1.0000e-12 9.9999e+04      30785          2  0.000e+00
   1013.095     3.3916     3.3930   3.235261   3.235111     1.9641    -0.3938     0.3433    34.8672 0.0000e+00 1.0000e-12 9.9999e+04      30786          2  0.000e+00
   1013.095     3.3911     3.3926   3.235261   3.235107     1.9641    -0.3938     0.3433    34.8677 0.0000e+00 1.0000e-12 9.9999e+04      30787          2  0.000e+00
   1013.152     3.3916     3.3928   3.235261   3.235158     1.9641    -0.3938     0.3433    34.8672 0.0000e+00 1.0000e-12 9.9999e+04      30788          2  0.000e+00
   1013.095     3.3911     3.3926   3.235243   3.235060     1.9628    -0.3938     0.3433    34.8675 0.0000e+00 1.0000e-12 9.9999e+04      30789          2  0.000e+00
   1013.095     3.3912     3.3928   3.235231   3.235131     1.9628    -0.3938     0.3433    34.8672 0.0000e+00 1.0000e-12 9.9999e+04      30790          2  0.000e+00
   1013.095     3.3910     3.3928   3.235231   3.235107     1.9628    -0.3938     0.3433    34.8675 0.0000e+00 1.0000e-12 9.9999e+04      30791          2  0.000e+00
   1013.161     3.3910     3.3926   3.235231   3.235108     1.9641    -0.3938     0.3433    34.8675 0.0000e+00 1.0000e-12 9.9999e+04      30792          2  0.000e+00
   1013.096     3.3911     3.3927   3.235249   3.235134     1.9641    -0.3938     0.3433    34.8676 0.0000e+00 1.0000e-12 9.9999e+04      30793          2  0.000e+00
   1013.030     3.3911     3.3930   3.235261   3.235107     1.9628    -0.3938     0.3433    34.8677 0.0000e+00 1.0000e-12 9.9999e+04      30794          2  0.000e+00
   1013.161     3.3914     3.3926   3.235243   3.235131     1.9628    -0.3938     0.3433    34.8672 0.0000e+00 1.0000e-12 9.9999e+04      30795          2  0.000e+00
   1013.096     3.3913     3.3928   3.235249   3.235111     1.9628    -0.3938     0.3433    34.8674 0.0000e+00 1.0000e-12 9.9999e+04      30796          2  0.000e+00
   1013.030     3.3912     3.3928   3.235261   3.235131     1.9628    -0.3938     0.3433    34.8676 0.0000e+00 1.0000e-12 9.9999e+04      30797          2  0.000e+00
   1013.096     3.3913     3.3930   3.235243   3.235107     1.9641    -0.3938     0.3433    34.8673 1.8835e+00 1.0000e-12 5.3093e-11      30798          2  0.000e+00
   1013.096     3.3913     3.3929   3.235249   3.235158     1.9628    -0.3938     0.3433    34.8674 3.7670e+00 1.0000e-12 2.6547e-11      30799          2  0.000e+00
   1013.096     3.3912     3.3928   3.235261   3.235111     1.9641    -0.3938     0.3531    34.8676 0.0000e+00 1.0000e-12 9.9999e+04      30800          2  0.000e+00
   1013.031     3.3914     3.3931   3.235243   3.235131     1.9641    -0.3938     0.3531    34.8672 0.0000e+00 1.0000e-12 9.9999e+04      30801          2  0.000e+00
   1013.096     3.3912     3.3928   3.235231   3.235131     1.9641    -0.3938     0.3531    34.8672 1.8835e+00 1.0000e-12 5.3093e-11      30802          2  0.000e+00
   1013.096     3.3914     3.3930   3.235249   3.235134     1.9628    -0.3938     0.3580    34.8672 1.8835e+00 1.0000e-12 5.3093e-11      30803          2  0.000e+00
   1013.096     3.3916     3.3929   3.235279   3.235131     1.9641    -0.3938     0.3531    34.8674 0.0000e+00 1.0000e-12 9.9999e+04      30804          2  0.000e+00
   1013.031     3.3912     3.3931   3.235267   3.235131     1.9641    -0.3938     0.3531    34.8677 0.0000e+00 1.0000e-12 9.9999e+04      30805          2  0.000e+00
   1013.096     3.3911     3.3930   3.235261   3.235158     1.9641    -0.3938     0.3531    34.8677 0.0000e+00 1.0000e-12 9.9999e+04      30806          2  0.000e+00
   1013.096     3.3914     3.3933   3.235261   3.235161     1.9628    -0.3938     0.3531    34.8674 0.0000e+00 1.0000e-12 9.9999e+04      30807          2  0.000e+00
   1013.039     3.3913     3.3931   3.235261   3.235182     1.9628    -0.3938     0.3531    34.8676 0.0000e+00 1.0000e-12 9.9999e+04      30808          2  0.000e+00
   1013.096     3.3912     3.3930   3.235261   3.235158     1.9641    -0.3938     0.3531    34.8676 1.8835e+00 1.0000e-12 5.3093e-11      30809          2  0.000e+00
   1013.096     3.3913     3.3931   3.235261   3.235161     1.9641    -0.3938     0.3531    34.8675 0.0000e+00 1.0000e-12 9.9999e+04      30810          2  0.000e+00
