Ship_data/Irminger/Irminger-4/ctd/process/dar21_008.cnv
* Sea-Bird SBE 9 Data File:
* FileName = D:\Data\AR21_008.hdr
* Software Version Seasave V 7.23.2
* Temperature SN = 4155
* Conductivity SN = 2645
* Number of Bytes Per Scan = 40
* Number of Voltage Words = 5
* Number of Scans Averaged by the Deck Unit = 1
* NMEA Latitude = 59 58.25 N
* NMEA Longitude = 039 30.62 W
* NMEA UTC (Time) = Aug 06 2017  14:47:54
# nquan = 21
# nvalues = 2599                        
# units = specified
# name 0 = prDM: Pressure, Digiquartz [db]
# name 1 = t090C: Temperature [ITS-90, deg C]
# name 2 = t190C: Temperature, 2 [ITS-90, deg C]
# name 3 = c0S/m: Conductivity [S/m]
# name 4 = c1S/m: Conductivity, 2 [S/m]
# name 5 = sbeox0V: Oxygen raw, SBE 43 [V]
# name 6 = flECO-AFL: Fluorescence, WET Labs ECO-AFL/FL [mg/m^3]
# name 7 = turbWETntu0: Turbidity, WET Labs ECO [NTU]
# name 8 = sal00: Salinity, Practical [PSU]
# name 9 = spar: SPAR/Surface Irradiance
# name 10 = par: PAR/Irradiance, Biospherical/Licor
# name 11 = cpar: CPAR/Corrected Irradiance [%]
# name 12 = depSM: Depth [salt water, m], lat = 59.9708
# name 13 = sal00: Salinity, Practical [PSU]
# name 14 = sal11: Salinity, Practical, 2 [PSU]
# name 15 = sbeox0ML/L: Oxygen, SBE 43 [ml/l], WS = 2
# name 16 = svCM: Sound Velocity [Chen-Millero, m/s]
# name 17 = sigma-é00: Density [sigma-theta, kg/m^3]
# name 18 = sigma-é11: Density, 2 [sigma-theta, kg/m^3]
# name 19 = avgsvCM: Average Sound Velocity [Chen-Millero, m/s], minP = 20, minS = 20
# name 20 = flag: flag
# span 0 =      5.048,   2644.302       
# span 1 =     1.8026,     8.5323       
# span 2 =     1.8135,     8.5332       
# span 3 =   3.169782,   3.652002       
# span 4 =   3.164589,   3.651774       
# span 5 =     1.2069,     2.4120       
# span 6 =    -0.4139,     1.5091       
# span 7 =     0.3310,     0.4820       
# span 8 =    34.7743,    35.2668       
# span 9 = 1.9822e-01, 2.0993e+00       
# span 10 = 1.0000e-12, 1.0000e-12      
# span 11 = 1.3444e+04, 8.9475e+04      
# span 12 =      5.000,   2603.000      
# span 13 =    34.7747,    35.2651      
# span 14 =    34.7908,    34.9299      
# span 15 =     3.2110,     5.6968      
# span 16 =    1469.13,    1501.38      
# span 17 =    27.0337,    28.1727      
# span 18 =    27.0307,    27.9128      
# span 19 =       0.00,    1505.20      
# span 20 = 0.0000e+00, 0.0000e+00      
# interval = meters: 1                  
# start_time = Aug 06 2017 14:47:54 [NMEA time, header]
# bad_flag = -9.990e-29
*END*
[from data line 552]
    563.065     3.5350     3.5367   3.229782   3.229635     2.0839    -0.3880     0.3491    34.8852 1.1723e+00 1.0000e-12 4.1482e+04    557.000    34.8852    34.8817     5.6381    1473.76    27.7461    27.7432    1471.59 0.0000e+00
    564.077     3.5346     3.5363   3.229771   3.229646     2.0832    -0.3700     0.3444    34.8851 8.1996e-01 1.0000e-12 5.6590e+04    558.000    34.8850    34.8817     5.6365    1473.78    27.7460    27.7432    1471.59 0.0000e+00
    565.090     3.5340     3.5357   3.229766   3.229637     2.0829    -0.3690     0.3443    34.8850 9.4153e-01 1.0000e-12 5.0011e+04    559.000    34.8850    34.8816     5.6362    1473.79    27.7461    27.7432    1471.60 0.0000e+00
    566.102     3.5341     3.5358   3.229828   3.229692     2.0827    -0.3728     0.3461    34.8851 1.2906e+00 1.0000e-12 3.9709e+04    560.000    34.8851    34.8817     5.6363    1473.81    27.7461    27.7433    1471.60 0.0000e+00
    567.114     3.5331     3.5345   3.229744   3.229584     2.0823    -0.3818     0.3495    34.8849 1.0140e+00 1.0000e-12 5.0238e+04    561.000    34.8846    34.8813     5.6357    1473.82    27.7459    27.7431    1471.60 0.0000e+00
    568.126     3.5314     3.5330   3.229651   3.229521     2.0816    -0.3854     0.3514    34.8848 1.1481e+00 1.0000e-12 3.8993e+04    562.000    34.8848    34.8815     5.6340    1473.83    27.7462    27.7434    1471.61 0.0000e+00
    569.139     3.5316     3.5333   3.229701   3.229566     2.0816    -0.3774     0.3528    34.8847 8.9272e-01 1.0000e-12 5.2602e+04    563.000    34.8847    34.8813     5.6349    1473.85    27.7461    27.7432    1471.61 0.0000e+00
    570.151     3.5315     3.5331   3.229752   3.229609     2.0815    -0.4112     0.3492    34.8848 2.7388e-01 1.0000e-12 8.5458e+04    564.000    34.8848    34.8814     5.6354    1473.86    27.7462    27.7433    1471.62 0.0000e+00
    571.163     3.5318     3.5334   3.229825   3.229681     2.0814    -0.3901     0.3502    34.8848 5.4437e-01 1.0000e-12 7.1097e+04    565.000    34.8848    34.8814     5.6357    1473.88    27.7462    27.7433    1471.62 0.0000e+00
    572.176     3.5318     3.5334   3.229853   3.229709     2.0814    -0.3706     0.3450    34.8847 9.5688e-01 1.0000e-12 5.3190e+04    566.000    34.8846    34.8812     5.6363    1473.90    27.7461    27.7432    1471.62 0.0000e+00
    573.188     3.5316     3.5331   3.229874   3.229735     2.0811    -0.3854     0.3478    34.8846 9.0847e-01 1.0000e-12 5.1672e+04    567.000    34.8845    34.8813     5.6359    1473.91    27.7460    27.7432    1471.63 0.0000e+00
    574.200     3.5303     3.5319   3.229798   3.229658     2.0809    -0.3773     0.3437    34.8846 9.0400e-01 1.0000e-12 5.2003e+04    568.000    34.8845    34.8811     5.6361    1473.92    27.7461    27.7433    1471.63 0.0000e+00
    575.213     3.5299     3.5314   3.229815   3.229680     2.0807    -0.3895     0.3440    34.8847 1.4732e+00 1.0000e-12 2.6124e+04    569.000    34.8846    34.8813     5.6362    1473.94    27.7462    27.7435    1471.64 0.0000e+00
    576.225     3.5299     3.5314   3.229857   3.229713     2.0804    -0.3828     0.3438    34.8846 1.2596e+00 1.0000e-12 3.7878e+04    570.000    34.8846    34.8813     5.6360    1473.95    27.7462    27.7434    1471.64 0.0000e+00
    577.237     3.5297     3.5313   3.229892   3.229747     2.0803    -0.3715     0.3440    34.8847 1.1980e+00 1.0000e-12 4.0937e+04    571.000    34.8847    34.8812     5.6366    1473.97    27.7463    27.7434    1471.64 0.0000e+00
    578.250     3.5297     3.5312   3.229938   3.229791     2.0802    -0.4128     0.3480    34.8847 5.9467e-01 1.0000e-12 6.8391e+04    572.000    34.8847    34.8812     5.6367    1473.99    27.7463    27.7434    1471.65 0.0000e+00
    579.262     3.5295     3.5309   3.229956   3.229808     2.0801    -0.3895     0.4454    34.8847 9.3924e-01 1.0000e-12 5.0132e+04    573.000    34.8846    34.8812     5.6371    1474.00    27.7463    27.7435    1471.65 0.0000e+00
    580.274     3.5289     3.5306   3.229946   3.229811     2.0798    -0.3922     0.3515    34.8846 1.2732e+00 1.0000e-12 4.0222e+04    574.000    34.8845    34.8811     5.6368    1474.02    27.7463    27.7434    1471.66 0.0000e+00
    581.287     3.5286     3.5302   3.229967   3.229824     2.0793    -0.3704     0.3482    34.8846 9.1240e-01 1.0000e-12 5.1625e+04    575.000    34.8845    34.8812     5.6359    1474.03    27.7463    27.7435    1471.66 0.0000e+00
    582.299     3.5287     3.5303   3.230023   3.229877     2.0785    -0.3743     0.3480    34.8846 1.2348e+00 1.0000e-12 3.4442e+04    576.000    34.8846    34.8811     5.6338    1474.05    27.7464    27.7435    1471.66 0.0000e+00
    583.311     3.5287     3.5303   3.230071   3.229928     2.0779    -0.3918     0.3478    34.8846 9.8747e-01 1.0000e-12 4.7572e+04    577.000    34.8846    34.8812     5.6325    1474.07    27.7464    27.7435    1471.67 0.0000e+00
    584.324     3.5285     3.5301   3.230086   3.229957     2.0778    -0.3920     0.3453    34.8846 8.1363e-01 1.0000e-12 5.6801e+04    578.000    34.8845    34.8812     5.6327    1474.08    27.7463    27.7436    1471.67 0.0000e+00
    585.336     3.5278     3.5293   3.230053   3.229915     2.0777    -0.3928     0.3547    34.8844 1.2788e+00 1.0000e-12 4.7570e+04    579.000    34.8843    34.8810     5.6335    1474.10    27.7462    27.7435    1471.68 0.0000e+00
    586.348     3.5269     3.5286   3.230016   3.229889     2.0769    -0.3712     0.3491    34.8843 7.1123e-01 1.0000e-12 6.2064e+04    580.000    34.8842    34.8809     5.6314    1474.11    27.7463    27.7435    1471.68 0.0000e+00
    587.361     3.5248     3.5266   3.229838   3.229724     2.0764    -0.3869     0.3498    34.8841 2.9746e-01 1.0000e-12 8.4206e+04    581.000    34.8838    34.8806     5.6306    1474.12    27.7462    27.7434    1471.69 0.0000e+00
    588.373     3.5231     3.5248   3.229742   3.229600     2.0758    -0.3877     0.3446    34.8841 1.0219e+00 1.0000e-12 4.8600e+04    582.000    34.8839    34.8805     5.6295    1474.13    27.7464    27.7435    1471.69 0.0000e+00
    589.385     3.5229     3.5245   3.229769   3.229640     2.0754    -0.3783     0.3440    34.8840 1.1046e+00 1.0000e-12 4.4807e+04    583.000    34.8839    34.8806     5.6289    1474.14    27.7465    27.7437    1471.69 0.0000e+00
    590.398     3.5229     3.5244   3.229813   3.229676     2.0753    -0.4022     0.3460    34.8840 1.0288e+00 1.0000e-12 4.9900e+04    584.000    34.8839    34.8806     5.6291    1474.16    27.7465    27.7437    1471.70 0.0000e+00
    591.410     3.5228     3.5246   3.229854   3.229722     2.0750    -0.4091     0.3499    34.8841 7.2636e-01 1.0000e-12 6.1341e+04    585.000    34.8840    34.8805     5.6287    1474.17    27.7465    27.7436    1471.70 0.0000e+00
    592.423     3.5225     3.5241   3.229865   3.229729     2.0742    -0.3921     0.3487    34.8840 5.5723e-01 1.0000e-12 7.0414e+04    586.000    34.8839    34.8805     5.6267    1474.19    27.7466    27.7437    1471.71 0.0000e+00
    593.435     3.5222     3.5238   3.229888   3.229743     2.0740    -0.3928     0.3504    34.8840 8.4958e-01 1.0000e-12 5.4893e+04    587.000    34.8839    34.8805     5.6270    1474.21    27.7466    27.7437    1471.71 0.0000e+00
    594.448     3.5218     3.5235   3.229881   3.229757     2.0739    -0.3921     0.3496    34.8838 1.2736e+00 1.0000e-12 3.6816e+04    588.000    34.8837    34.8805     5.6273    1474.22    27.7465    27.7437    1471.72 0.0000e+00
    595.460     3.5219     3.5235   3.229950   3.229814     2.0736    -0.3756     0.3492    34.8839 4.0464e-01 1.0000e-12 7.8656e+04    589.000    34.8839    34.8806     5.6268    1474.24    27.7466    27.7438    1471.72 0.0000e+00
    596.472     3.5225     3.5241   3.230039   3.229908     2.0733    -0.3880     0.3458    34.8839 7.8491e-01 1.0000e-12 5.8326e+04    590.000    34.8838    34.8806     5.6267    1474.26    27.7465    27.7437    1471.72 0.0000e+00
    597.485     3.5223     3.5239   3.230061   3.229932     2.0729    -0.3842     0.3467    34.8838 1.1082e+00 1.0000e-12 4.7932e+04    591.000    34.8838    34.8805     5.6257    1474.27    27.7465    27.7437    1471.73 0.0000e+00
    598.497     3.5222     3.5239   3.230110   3.229974     2.0728    -0.3779     0.3487    34.8839 8.9599e-01 1.0000e-12 5.6324e+04    592.000    34.8839    34.8805     5.6261    1474.29    27.7466    27.7437    1471.73 0.0000e+00
    599.510     3.5221     3.5238   3.230152   3.230020     2.0720    -0.3846     0.3513    34.8839 8.9203e-01 1.0000e-12 5.7917e+04    593.000    34.8839    34.8806     5.6243    1474.31    27.7466    27.7439    1471.74 0.0000e+00
    600.522     3.5229     3.5246   3.230278   3.230144     2.0719    -0.3733     0.3442    34.8841 1.1493e+00 1.0000e-12 3.9011e+04    594.000    34.8841    34.8807     5.6242    1474.33    27.7467    27.7438    1471.74 0.0000e+00
    601.534     3.5223     3.5241   3.230247   3.230140     2.0711    -0.3926     0.3497    34.8839 1.0909e+00 1.0000e-12 4.7303e+04    595.000    34.8838    34.8806     5.6223    1474.34    27.7465    27.7438    1471.75 0.0000e+00
    602.547     3.5217     3.5236   3.230252   3.230142     2.0706    -0.3784     0.3487    34.8839 1.1641e+00 1.0000e-12 4.2969e+04    596.000    34.8840    34.8807     5.6213    1474.35    27.7467    27.7439    1471.75 0.0000e+00
    603.559     3.5220     3.5236   3.230306   3.230173     2.0704    -0.3847     0.3492    34.8839 7.9228e-01 1.0000e-12 5.8028e+04    597.000    34.8838    34.8805     5.6213    1474.37    27.7466    27.7438    1471.75 0.0000e+00
    604.572     3.5213     3.5229   3.230273   3.230146     2.0696    -0.3931     0.3497    34.8837 1.1869e+00 1.0000e-12 4.0695e+04    598.000    34.8836    34.8804     5.6194    1474.38    27.7465    27.7437    1471.76 0.0000e+00
    605.584     3.5182     3.5195   3.230003   3.229843     2.0695    -0.3925     0.3474    34.8834 1.1291e+00 1.0000e-12 3.9987e+04    599.000    34.8831    34.8798     5.6203    1474.39    27.7464    27.7436    1471.76 0.0000e+00
    606.597     3.5171     3.5187   3.229961   3.229814     2.0696    -0.3655     0.3447    34.8833 8.2764e-01 1.0000e-12 5.6058e+04    600.000    34.8832    34.8798     5.6215    1474.40    27.7466    27.7437    1471.77 0.0000e+00
    607.609     3.5172     3.5189   3.230022   3.229880     2.0696    -0.3712     0.3488    34.8833 9.0449e-01 1.0000e-12 5.1977e+04    601.000    34.8833    34.8799     5.6222    1474.42    27.7467    27.7438    1471.77 0.0000e+00
    608.622     3.5172     3.5188   3.230056   3.229914     2.0694    -0.3777     0.3467    34.8834 1.0254e+00 1.0000e-12 5.0031e+04    602.000    34.8833    34.8798     5.6221    1474.43    27.7466    27.7438    1471.78 0.0000e+00
    609.634     3.5171     3.5189   3.230097   3.229974     2.0687    -0.4132     0.3451    34.8833 1.3859e+00 1.0000e-12 3.6910e+04    603.000    34.8833    34.8799     5.6204    1474.45    27.7467    27.7438    1471.78 0.0000e+00
    610.647     3.5167     3.5184   3.230081   3.229957     2.0681    -0.3936     0.3438    34.8832 8.4951e-01 1.0000e-12 5.4765e+04    604.000    34.8830    34.8797     5.6193    1474.46    27.7465    27.7437    1471.78 0.0000e+00
    611.659     3.5166     3.5180   3.230120   3.229974     2.0682    -0.4108     0.3435    34.8831 1.0977e+00 1.0000e-12 5.0017e+04    605.000    34.8831    34.8797     5.6203    1474.48    27.7466    27.7438    1471.79 0.0000e+00
    612.672     3.5168     3.5183   3.230202   3.230053     2.0682    -0.3689     0.3495    34.8833 1.0124e+00 1.0000e-12 5.3925e+04    606.000    34.8833    34.8799     5.6208    1474.50    27.7467    27.7439    1471.79 0.0000e+00
    613.684     3.5177     3.5193   3.230349   3.230198     2.0682    -0.3884     0.3484    34.8834 1.0549e+00 1.0000e-12 4.7974e+04    607.000    34.8835    34.8800     5.6214    1474.52    27.7469    27.7439    1471.80 0.0000e+00
    614.697     3.5192     3.5209   3.230538   3.230407     2.0682    -0.3925     0.3450    34.8835 8.7211e-01 1.0000e-12 5.7262e+04    608.000    34.8836    34.8803     5.6221    1474.54    27.7467    27.7440    1471.80 0.0000e+00
    615.709     3.5194     3.5204   3.230620   3.230400     2.0681    -0.3827     0.3495    34.8838 8.2788e-01 1.0000e-12 6.8201e+04    609.000    34.8839    34.8801     5.6223    1474.56    27.7470    27.7439    1471.81 0.0000e+00
    616.722     3.5186     3.5205   3.230559   3.230459     2.0673    -0.3673     0.3542    34.8835 1.0839e+00 1.0000e-12 4.6989e+04    610.000    34.8834    34.8802     5.6205    1474.57    27.7467    27.7439    1471.81 0.0000e+00
    617.734     3.5182     3.5202   3.230578   3.230489     2.0664    -0.3915     0.3478    34.8835 6.4826e-01 1.0000e-12 6.5456e+04    611.000    34.8835    34.8804     5.6178    1474.59    27.7468    27.7441    1471.82 0.0000e+00
    618.747     3.5186     3.5204   3.230633   3.230532     2.0662    -0.3910     0.3441    34.8834 5.3964e-01 1.0000e-12 7.1348e+04    612.000    34.8833    34.8801     5.6179    1474.61    27.7466    27.7439    1471.82 0.0000e+00
    619.759     3.5170     3.5186   3.230551   3.230402     2.0659    -0.3739     0.3474    34.8834 1.1465e+00 1.0000e-12 3.9128e+04    613.000    34.8834    34.8800     5.6178    1474.62    27.7469    27.7440    1471.83 0.0000e+00
    620.772     3.5169     3.5183   3.230575   3.230416     2.0658    -0.3654     0.3489    34.8834 7.4939e-01 1.0000e-12 6.3704e+04    614.000    34.8833    34.8799     5.6181    1474.63    27.7468    27.7440    1471.83 0.0000e+00
    621.784     3.5164     3.5180   3.230560   3.230432     2.0658    -0.3669     0.3496    34.8832 1.1191e+00 1.0000e-12 4.7617e+04    615.000    34.8832    34.8799     5.6190    1474.65    27.7467    27.7439    1471.83 0.0000e+00
    622.797     3.5165     3.5186   3.230638   3.230553     2.0658    -0.3917     0.3497    34.8834 7.5694e-01 1.0000e-12 5.9598e+04    616.000    34.8834    34.8801     5.6195    1474.66    27.7469    27.7441    1471.84 0.0000e+00
    623.809     3.5166     3.5185   3.230676   3.230576     2.0651    -0.3920     0.3489    34.8833 1.0785e+00 1.0000e-12 4.2738e+04    617.000    34.8832    34.8799     5.6179    1474.68    27.7468    27.7440    1471.84 0.0000e+00
    624.822     3.5143     3.5160   3.230506   3.230367     2.0645    -0.3929     0.3477    34.8832 5.1408e-01 1.0000e-12 7.2705e+04    618.000    34.8831    34.8796     5.6169    1474.69    27.7469    27.7439    1471.85 0.0000e+00
    625.835     3.5138     3.5154   3.230500   3.230355     2.0641    -0.3905     0.3544    34.8831 1.2582e+00 1.0000e-12 3.3196e+04    619.000    34.8830    34.8796     5.6163    1474.70    27.7469    27.7440    1471.85 0.0000e+00
    626.847     3.5141     3.5157   3.230564   3.230431     2.0635    -0.4092     0.3575    34.8830 9.1355e-01 1.0000e-12 5.9879e+04    620.000    34.8829    34.8797     5.6147    1474.72    27.7468    27.7441    1471.86 0.0000e+00
    627.860     3.5103     3.5121   3.230187   3.230089     2.0631    -0.3960     0.3500    34.8826 1.0594e+00 1.0000e-12 4.4031e+04    621.000    34.8820    34.8788     5.6147    1474.72    27.7464    27.7437    1471.86 0.0000e+00
    628.872     3.5082     3.5097   3.230084   3.229946     2.0625    -0.3921     0.3447    34.8825 6.0327e-01 1.0000e-12 6.7970e+04    622.000    34.8824    34.8791     5.6137    1474.73    27.7470    27.7442    1471.87 0.0000e+00
    629.885     3.5095     3.5111   3.230266   3.230125     2.0621    -0.3917     0.3472    34.8827 6.0544e-01 1.0000e-12 7.5042e+04    623.000    34.8826    34.8792     5.6126    1474.75    27.7470    27.7442    1471.87 0.0000e+00
    630.897     3.5090     3.5110   3.230258   3.230147     2.0617    -0.3773     0.3478    34.8827 1.2828e+00 1.0000e-12 3.5076e+04    624.000    34.8826    34.8791     5.6119    1474.76    27.7471    27.7441    1471.88 0.0000e+00
