Ship_data/Irminger/Irminger-4/ctd/process/dar21_008.cnv
* Sea-Bird SBE 9 Data File:
* FileName = D:\Data\AR21_008.hdr
* Software Version Seasave V 7.23.2
* Temperature SN = 4155
* Conductivity SN = 2645
* Number of Bytes Per Scan = 40
* Number of Voltage Words = 5
* Number of Scans Averaged by the Deck Unit = 1
* NMEA Latitude = 59 58.25 N
* NMEA Longitude = 039 30.62 W
* NMEA UTC (Time) = Aug 06 2017  14:47:54
# nquan = 21
# nvalues = 2599                        
# units = specified
# name 0 = prDM: Pressure, Digiquartz [db]
# name 1 = t090C: Temperature [ITS-90, deg C]
# name 2 = t190C: Temperature, 2 [ITS-90, deg C]
# name 3 = c0S/m: Conductivity [S/m]
# name 4 = c1S/m: Conductivity, 2 [S/m]
# name 5 = sbeox0V: Oxygen raw, SBE 43 [V]
# name 6 = flECO-AFL: Fluorescence, WET Labs ECO-AFL/FL [mg/m^3]
# name 7 = turbWETntu0: Turbidity, WET Labs ECO [NTU]
# name 8 = sal00: Salinity, Practical [PSU]
# name 9 = spar: SPAR/Surface Irradiance
# name 10 = par: PAR/Irradiance, Biospherical/Licor
# name 11 = cpar: CPAR/Corrected Irradiance [%]
# name 12 = depSM: Depth [salt water, m], lat = 59.9708
# name 13 = sal00: Salinity, Practical [PSU]
# name 14 = sal11: Salinity, Practical, 2 [PSU]
# name 15 = sbeox0ML/L: Oxygen, SBE 43 [ml/l], WS = 2
# name 16 = svCM: Sound Velocity [Chen-Millero, m/s]
# name 17 = sigma-é00: Density [sigma-theta, kg/m^3]
# name 18 = sigma-é11: Density, 2 [sigma-theta, kg/m^3]
# name 19 = avgsvCM: Average Sound Velocity [Chen-Millero, m/s], minP = 20, minS = 20
# name 20 = flag: flag
# span 0 =      5.048,   2644.302       
# span 1 =     1.8026,     8.5323       
# span 2 =     1.8135,     8.5332       
# span 3 =   3.169782,   3.652002       
# span 4 =   3.164589,   3.651774       
# span 5 =     1.2069,     2.4120       
# span 6 =    -0.4139,     1.5091       
# span 7 =     0.3310,     0.4820       
# span 8 =    34.7743,    35.2668       
# span 9 = 1.9822e-01, 2.0993e+00       
# span 10 = 1.0000e-12, 1.0000e-12      
# span 11 = 1.3444e+04, 8.9475e+04      
# span 12 =      5.000,   2603.000      
# span 13 =    34.7747,    35.2651      
# span 14 =    34.7908,    34.9299      
# span 15 =     3.2110,     5.6968      
# span 16 =    1469.13,    1501.38      
# span 17 =    27.0337,    28.1727      
# span 18 =    27.0307,    27.9128      
# span 19 =       0.00,    1505.20      
# span 20 = 0.0000e+00, 0.0000e+00      
# interval = meters: 1                  
# start_time = Aug 06 2017 14:47:54 [NMEA time, header]
# bad_flag = -9.990e-29
*END*
[from data line 1242]
   1262.686     3.3331     3.3372   3.242693   3.240430     1.3250    -0.3789     0.3401    34.8904 1.1656e+00 1.0000e-12 4.7615e+04   1247.000    34.8905    34.8590     3.2161    1484.49    27.7751    27.7496    1475.67 0.0000e+00
   1263.702     3.3336     3.3374   3.242737   3.240488     1.3257    -0.3830     0.3399    34.8899 1.1307e+00 1.0000e-12 4.5044e+04   1248.000    34.8900    34.8590     3.2192    1484.51    27.7747    27.7496    1475.68 0.0000e+00
   1264.718     3.3337     3.3374   3.242780   3.240536     1.3258    -0.3938     0.3418    34.8897 7.9256e-01 1.0000e-12 6.3183e+04   1249.000    34.8898    34.8591     3.2201    1484.53    27.7745    27.7496    1475.68 0.0000e+00
   1265.733     3.3341     3.3374   3.242814   3.240573     1.3251    -0.3938     0.3483    34.8892 9.4375e-01 1.0000e-12 4.9822e+04   1250.000    34.8893    34.8590     3.2179    1484.55    27.7741    27.7496    1475.69 0.0000e+00
   1266.749     3.3345     3.3369   3.242871   3.240561     1.3251    -0.3921     0.3438    34.8890 1.0647e+00 1.0000e-12 5.2176e+04   1251.000    34.8891    34.8589     3.2181    1484.56    27.7739    27.7496    1475.70 0.0000e+00
   1267.765     3.3347     3.3369   3.242913   3.240603     1.3248    -0.3724     0.3408    34.8887 8.9954e-01 1.0000e-12 5.2173e+04   1252.000    34.8889    34.8589     3.2175    1484.58    27.7737    27.7496    1475.71 0.0000e+00
   1268.780     3.3349     3.3368   3.242957   3.240649     1.3249    -0.3937     0.3438    34.8886 1.1974e+00 1.0000e-12 4.0953e+04   1253.000    34.8887    34.8590     3.2184    1484.60    27.7736    27.7497    1475.71 0.0000e+00
   1269.796     3.3349     3.3369   3.243001   3.240689     1.3248    -0.3938     0.3396    34.8886 1.1320e+00 1.0000e-12 4.7807e+04   1254.000    34.8887    34.8589     3.2184    1484.62    27.7736    27.7496    1475.72 0.0000e+00
   1270.812     3.3349     3.3367   3.243049   3.240714     1.3246    -0.3971     0.3411    34.8886 1.3812e+00 1.0000e-12 2.9999e+04   1255.000    34.8887    34.8589     3.2180    1484.63    27.7736    27.7496    1475.73 0.0000e+00
   1271.827     3.3350     3.3367   3.243099   3.240757     1.3248    -0.3978     0.3426    34.8887 8.4766e-01 1.0000e-12 5.8328e+04   1256.000    34.8887    34.8589     3.2192    1484.65    27.7736    27.7496    1475.73 0.0000e+00
   1272.843     3.3349     3.3368   3.243143   3.240810     1.3249    -0.3815     0.3414    34.8888 1.5728e+00 1.0000e-12 2.5325e+04   1257.000    34.8888    34.8589     3.2197    1484.67    27.7737    27.7496    1475.74 0.0000e+00
   1273.859     3.3349     3.3373   3.243179   3.240910     1.3249    -0.3939     0.3445    34.8887 1.2541e+00 1.0000e-12 3.8157e+04   1258.000    34.8887    34.8591     3.2202    1484.68    27.7736    27.7497    1475.75 0.0000e+00
   1274.874     3.3350     3.3398   3.243235   3.241240     1.3249    -0.3918     0.3438    34.8887 1.2242e+00 1.0000e-12 4.5024e+04   1259.000    34.8888    34.8598     3.2206    1484.70    27.7737    27.7501    1475.76 0.0000e+00
   1275.890     3.3353     3.3415   3.243280   3.241455     1.3249    -0.3735     0.3399    34.8884 1.1666e+00 1.0000e-12 3.8165e+04   1260.000    34.8885    34.8601     3.2210    1484.72    27.7734    27.7501    1475.76 0.0000e+00
   1276.906     3.3359     3.3422   3.243320   3.241562     1.3246    -0.3918     0.3402    34.8877 8.4842e-01 1.0000e-12 5.9940e+04   1261.000    34.8878    34.8601     3.2205    1484.74    27.7728    27.7501    1475.77 0.0000e+00
   1277.921     3.3367     3.3423   3.243371   3.241609     1.3245    -0.3938     0.3433    34.8869 1.1556e+00 1.0000e-12 4.2507e+04   1262.000    34.8870    34.8601     3.2201    1484.76    27.7721    27.7501    1475.78 0.0000e+00
   1278.937     3.3369     3.3428   3.243437   3.241695     1.3246    -0.3933     0.3528    34.8870 9.5067e-01 1.0000e-12 4.9683e+04   1263.000    34.8871    34.8601     3.2211    1484.77    27.7722    27.7500    1475.78 0.0000e+00
   1279.953     3.3360     3.3429   3.243493   3.241759     1.3249    -0.3939     0.3384    34.8882 9.7458e-01 1.0000e-12 4.8256e+04   1264.000    34.8882    34.8601     3.2229    1484.79    27.7732    27.7501    1475.79 0.0000e+00
   1280.968     3.3373     3.3432   3.243528   3.241831     1.3255    -0.4068     0.3404    34.8867 1.2920e+00 1.0000e-12 3.5547e+04   1265.000    34.8868    34.8602     3.2254    1484.81    27.7719    27.7501    1475.80 0.0000e+00
   1281.984     3.3386     3.3446   3.243568   3.242044     1.3261    -0.3880     0.3379    34.8851 1.5758e+00 1.0000e-12 2.1927e+04   1266.000    34.8853    34.8607     3.2281    1484.83    27.7706    27.7504    1475.80 0.0000e+00
   1283.000     3.3391     3.3457   3.243614   3.242182     1.3264    -0.3772     0.3376    34.8847 7.0396e-01 1.0000e-12 6.2435e+04   1267.000    34.8848    34.8607     3.2299    1484.85    27.7702    27.7503    1475.81 0.0000e+00
   1284.016     3.3396     3.3482   3.243672   3.242525     1.3262    -0.3941     0.3437    34.8843 1.1150e+00 1.0000e-12 4.6796e+04   1268.000    34.8845    34.8617     3.2295    1484.87    27.7698    27.7508    1475.82 0.0000e+00
   1285.031     3.3404     3.3499   3.243722   3.242716     1.3262    -0.3938     0.3413    34.8835 1.1900e+00 1.0000e-12 4.2081e+04   1269.000    34.8837    34.8616     3.2296    1484.89    27.7691    27.7506    1475.83 0.0000e+00
   1286.047     3.3421     3.3516   3.243774   3.242941     1.3262    -0.3814     0.3376    34.8818 1.1130e+00 1.0000e-12 5.0001e+04   1270.000    34.8820    34.8619     3.2299    1484.91    27.7677    27.7508    1475.83 0.0000e+00
   1287.063     3.3434     3.3522   3.243831   3.243031     1.3261    -0.3875     0.3383    34.8806 1.1637e+00 1.0000e-12 5.0000e+04   1271.000    34.8808    34.8619     3.2298    1484.93    27.7666    27.7507    1475.84 0.0000e+00
   1288.078     3.3422     3.3532   3.243882   3.243181     1.3262    -0.3781     0.3397    34.8821 8.7036e-01 1.0000e-12 5.6528e+04   1272.000    34.8822    34.8622     3.2308    1484.94    27.7679    27.7508    1475.85 0.0000e+00
   1289.094     3.3433     3.3534   3.243927   3.243246     1.3269    -0.3945     0.3394    34.8808 1.3221e+00 1.0000e-12 4.1706e+04   1273.000    34.8810    34.8622     3.2341    1484.96    27.7668    27.7508    1475.85 0.0000e+00
   1290.110     3.3455     3.3556   3.243979   3.243514     1.3275    -0.3938     0.3403    34.8787 1.0211e+00 1.0000e-12 4.5525e+04   1274.000    34.8789    34.8626     3.2366    1484.99    27.7649    27.7509    1475.86 0.0000e+00
   1291.126     3.3466     3.3558   3.244022   3.243588     1.3277    -0.3990     0.3387    34.8774 1.3133e+00 1.0000e-12 3.4668e+04   1275.000    34.8777    34.8627     3.2380    1485.01    27.7638    27.7510    1475.87 0.0000e+00
   1292.142     3.3476     3.3566   3.244077   3.243707     1.3280    -0.4122     0.3364    34.8765 9.9506e-01 1.0000e-12 5.2421e+04   1276.000    34.8767    34.8628     3.2394    1485.03    27.7630    27.7510    1475.88 0.0000e+00
   1293.157     3.3488     3.3577   3.244132   3.243880     1.3280    -0.3938     0.3397    34.8753 9.9131e-01 1.0000e-12 5.2631e+04   1277.000    34.8756    34.8631     3.2398    1485.05    27.7620    27.7512    1475.88 0.0000e+00
   1294.173     3.3500     3.3602   3.244189   3.244188     1.3274    -0.3938     0.3397    34.8742 1.2856e+00 1.0000e-12 4.2214e+04   1278.000    34.8745    34.8637     3.2376    1485.07    27.7610    27.7514    1475.89 0.0000e+00
   1295.189     3.3514     3.3614   3.244233   3.244340     1.3273    -0.3929     0.3372    34.8728 8.6226e-01 1.0000e-12 5.4369e+04   1279.000    34.8731    34.8637     3.2377    1485.09    27.7597    27.7513    1475.90 0.0000e+00
   1296.205     3.3529     3.3630   3.244301   3.244551     1.3272    -0.3938     0.3363    34.8714 1.1531e+00 1.0000e-12 4.4465e+04   1280.000    34.8717    34.8640     3.2374    1485.11    27.7585    27.7514    1475.90 0.0000e+00
   1297.220     3.3509     3.3641   3.244358   3.244710     1.3276    -0.3938     0.3410    34.8738 1.1067e+00 1.0000e-12 5.0125e+04   1281.000    34.8740    34.8642     3.2397    1485.12    27.7605    27.7514    1475.91 0.0000e+00
   1298.236     3.3523     3.3651   3.244409   3.244867     1.3283    -0.3938     0.3410    34.8725 8.2030e-01 1.0000e-12 5.6181e+04   1282.000    34.8727    34.8645     3.2429    1485.14    27.7593    27.7516    1475.92 0.0000e+00
   1299.252     3.3552     3.3656   3.244462   3.244942     1.3286    -0.3929     0.3367    34.8693 8.0673e-01 1.0000e-12 5.7168e+04   1283.000    34.8696    34.8644     3.2444    1485.17    27.7567    27.7515    1475.93 0.0000e+00
   1300.268     3.3563     3.3658   3.244520   3.245005     1.3289    -0.3938     0.3389    34.8684 1.0752e+00 1.0000e-12 4.7656e+04   1284.000    34.8687    34.8644     3.2459    1485.19    27.7558    27.7515    1475.93 0.0000e+00
   1301.284     3.3574     3.3660   3.244571   3.245085     1.3293    -0.3938     0.3400    34.8674 1.2841e+00 1.0000e-12 3.1928e+04   1285.000    34.8677    34.8646     3.2478    1485.21    27.7549    27.7516    1475.94 0.0000e+00
   1302.299     3.3586     3.3662   3.244622   3.245127     1.3292    -0.3758     0.3392    34.8661 1.2228e+00 1.0000e-12 4.5307e+04   1286.000    34.8664    34.8644     3.2476    1485.23    27.7538    27.7515    1475.95 0.0000e+00
   1303.315     3.3602     3.3665   3.244686   3.245203     1.3289    -0.3736     0.3370    34.8646 1.2554e+00 1.0000e-12 3.7104e+04   1287.000    34.8650    34.8645     3.2466    1485.25    27.7525    27.7515    1475.95 0.0000e+00
   1304.331     3.3608     3.3671   3.244762   3.245303     1.3295    -0.3762     0.3372    34.8645 1.0895e+00 1.0000e-12 4.5366e+04   1288.000    34.8647    34.8646     3.2496    1485.27    27.7523    27.7515    1475.96 0.0000e+00
   1305.347     3.3604     3.3673   3.244823   3.245368     1.3299    -0.3946     0.3413    34.8651 1.2380e+00 1.0000e-12 4.2173e+04   1289.000    34.8653    34.8646     3.2515    1485.28    27.7528    27.7516    1475.97 0.0000e+00
   1306.363     3.3611     3.3673   3.244870   3.245414     1.3300    -0.3892     0.3443    34.8644 1.1092e+00 1.0000e-12 5.0241e+04   1290.000    34.8646    34.8646     3.2522    1485.30    27.7522    27.7516    1475.98 0.0000e+00
   1307.379     3.3617     3.3674   3.244936   3.245466     1.3301    -0.3741     0.3400    34.8641 1.1664e+00 1.0000e-12 4.2795e+04   1291.000    34.8644    34.8646     3.2531    1485.32    27.7519    27.7516    1475.98 0.0000e+00
   1308.394     3.3622     3.3678   3.244998   3.245548     1.3300    -0.3732     0.3439    34.8638 3.9739e-01 1.0000e-12 7.8906e+04   1292.000    34.8641    34.8647     3.2530    1485.34    27.7516    27.7516    1475.99 0.0000e+00
   1309.410     3.3628     3.3679   3.245056   3.245599     1.3300    -0.3743     0.3441    34.8634 1.1218e+00 1.0000e-12 5.5269e+04   1293.000    34.8636    34.8646     3.2534    1485.36    27.7512    27.7515    1476.00 0.0000e+00
   1310.426     3.3635     3.3689   3.245109   3.245753     1.3300    -0.3734     0.3414    34.8627 1.3620e+00 1.0000e-12 3.6972e+04   1294.000    34.8630    34.8650     3.2538    1485.38    27.7506    27.7517    1476.00 0.0000e+00
   1311.442     3.3642     3.3698   3.245173   3.245886     1.3300    -0.3736     0.3392    34.8622 1.3016e+00 1.0000e-12 3.4552e+04   1295.000    34.8624    34.8651     3.2542    1485.40    27.7501    27.7517    1476.01 0.0000e+00
   1312.458     3.3636     3.3715   3.245246   3.246105     1.3300    -0.3835     0.3428    34.8633 1.0986e+00 1.0000e-12 4.1670e+04   1296.000    34.8634    34.8654     3.2545    1485.41    27.7510    27.7518    1476.02 0.0000e+00
   1313.474     3.3632     3.3755   3.245324   3.246599     1.3304    -0.3657     0.3409    34.8642 5.6970e-01 1.0000e-12 6.9752e+04   1297.000    34.8643    34.8665     3.2567    1485.43    27.7518    27.7523    1476.03 0.0000e+00
   1314.490     3.3658     3.3768   3.245387   3.246765     1.3312    -0.3908     0.3391    34.8615 9.5499e-01 1.0000e-12 5.4479e+04   1298.000    34.8617    34.8666     3.2602    1485.45    27.7495    27.7523    1476.03 0.0000e+00
   1315.505     3.3673     3.3771   3.245452   3.246842     1.3313    -0.3737     0.3408    34.8602 1.0954e+00 1.0000e-12 4.7112e+04   1299.000    34.8605    34.8667     3.2609    1485.48    27.7483    27.7524    1476.04 0.0000e+00
   1316.521     3.3680     3.3786   3.245509   3.247067     1.3313    -0.3732     0.3392    34.8596 9.9171e-01 1.0000e-12 5.2610e+04   1300.000    34.8598    34.8672     3.2613    1485.50    27.7478    27.7527    1476.05 0.0000e+00
   1317.537     3.3694     3.3818   3.245582   3.247410     1.3313    -0.3858     0.3392    34.8585 9.4261e-01 1.0000e-12 5.0045e+04   1301.000    34.8588    34.8674     3.2614    1485.52    27.7468    27.7525    1476.06 0.0000e+00
   1318.553     3.3715     3.3834   3.245639   3.247626     1.3313    -0.3938     0.3432    34.8565 1.1303e+00 1.0000e-12 5.2002e+04   1302.000    34.8567    34.8678     3.2617    1485.54    27.7450    27.7527    1476.06 0.0000e+00
   1319.569     3.3726     3.3848   3.245714   3.247818     1.3312    -0.3938     0.3414    34.8556 1.4406e+00 1.0000e-12 3.6835e+04   1303.000    34.8559    34.8681     3.2616    1485.56    27.7442    27.7528    1476.07 0.0000e+00
   1320.585     3.3721     3.3859   3.245782   3.247967     1.3312    -0.3919     0.3437    34.8565 1.0915e+00 1.0000e-12 4.5212e+04   1304.000    34.8567    34.8683     3.2622    1485.58    27.7449    27.7528    1476.08 0.0000e+00
   1321.601     3.3729     3.3855   3.245859   3.247969     1.3317    -0.3749     0.3410    34.8561 8.4959e-01 1.0000e-12 5.4701e+04   1305.000    34.8563    34.8681     3.2647    1485.60    27.7445    27.7527    1476.08 0.0000e+00
   1322.617     3.3747     3.3862   3.245937   3.248096     1.3323    -0.3942     0.3473    34.8546 1.1837e+00 1.0000e-12 4.1408e+04   1306.000    34.8549    34.8684     3.2674    1485.62    27.7432    27.7529    1476.09 0.0000e+00
   1323.633     3.3762     3.3887   3.245999   3.248413     1.3326    -0.3928     0.3396    34.8532 7.5157e-01 1.0000e-12 6.5100e+04   1307.000    34.8535    34.8690     3.2688    1485.64    27.7420    27.7532    1476.10 0.0000e+00
   1324.648     3.3775     3.3894   3.246065   3.248520     1.3327    -0.3734     0.3396    34.8521 1.4325e+00 1.0000e-12 3.3450e+04   1308.000    34.8524    34.8690     3.2696    1485.66    27.7410    27.7531    1476.11 0.0000e+00
   1325.664     3.3791     3.3923   3.246141   3.248899     1.3330    -0.3733     0.3399    34.8507 1.1272e+00 1.0000e-12 4.5111e+04   1309.000    34.8510    34.8700     3.2709    1485.68    27.7398    27.7536    1476.11 0.0000e+00
   1326.680     3.3814     3.3948   3.246204   3.249166     1.3329    -0.3859     0.3374    34.8485 1.0879e+00 1.0000e-12 4.6120e+04   1310.000    34.8489    34.8700     3.2708    1485.71    27.7378    27.7534    1476.12 0.0000e+00
   1327.696     3.3832     3.3953   3.246285   3.249262     1.3329    -0.3780     0.3367    34.8470 9.7760e-01 1.0000e-12 4.8130e+04   1311.000    34.8474    34.8701     3.2712    1485.73    27.7364    27.7535    1476.13 0.0000e+00
   1328.712     3.3826     3.3958   3.246364   3.249343     1.3334    -0.3881     0.3383    34.8482 1.0937e+00 1.0000e-12 4.5159e+04   1312.000    34.8484    34.8701     3.2738    1485.75    27.7374    27.7534    1476.13 0.0000e+00
   1329.728     3.3833     3.3958   3.246442   3.249390     1.3341    -0.3777     0.3438    34.8479 1.1996e+00 1.0000e-12 3.6280e+04   1313.000    34.8482    34.8701     3.2767    1485.76    27.7371    27.7534    1476.14 0.0000e+00
   1330.744     3.3851     3.3960   3.246517   3.249458     1.3342    -0.4137     0.3406    34.8463 9.3885e-01 1.0000e-12 5.0153e+04   1314.000    34.8466    34.8702     3.2776    1485.79    27.7357    27.7535    1476.15 0.0000e+00
