Ship_data/Irminger/Irminger-4/ctd/process/dar21_012.cnv
* Sea-Bird SBE 9 Data File:
* FileName = D:\Data\AR21_012.hdr
* Software Version Seasave V 7.23.2
* Temperature SN = 4155
* Conductivity SN = 2645
* Number of Bytes Per Scan = 40
* Number of Voltage Words = 5
* Number of Scans Averaged by the Deck Unit = 1
* NMEA Latitude = 59 51.21 N
* NMEA Longitude = 039 07.69 W
* NMEA UTC (Time) = Aug 09 2017  13:01:16
# nquan = 21
# nvalues = 1000                        
# units = specified
# name 0 = prDM: Pressure, Digiquartz [db]
# name 1 = t090C: Temperature [ITS-90, deg C]
# name 2 = t190C: Temperature, 2 [ITS-90, deg C]
# name 3 = c0S/m: Conductivity [S/m]
# name 4 = c1S/m: Conductivity, 2 [S/m]
# name 5 = sbeox0V: Oxygen raw, SBE 43 [V]
# name 6 = flECO-AFL: Fluorescence, WET Labs ECO-AFL/FL [mg/m^3]
# name 7 = turbWETntu0: Turbidity, WET Labs ECO [NTU]
# name 8 = sal00: Salinity, Practical [PSU]
# name 9 = spar: SPAR/Surface Irradiance
# name 10 = par: PAR/Irradiance, Biospherical/Licor
# name 11 = cpar: CPAR/Corrected Irradiance [%]
# name 12 = depSM: Depth [salt water, m], lat = 59.8535
# name 13 = sal00: Salinity, Practical [PSU]
# name 14 = sal11: Salinity, Practical, 2 [PSU]
# name 15 = sbeox0ML/L: Oxygen, SBE 43 [ml/l], WS = 2
# name 16 = svCM: Sound Velocity [Chen-Millero, m/s]
# name 17 = sigma-é00: Density [sigma-theta, kg/m^3]
# name 18 = sigma-é11: Density, 2 [sigma-theta, kg/m^3]
# name 19 = avgsvCM: Average Sound Velocity [Chen-Millero, m/s], minP = 20, minS = 20
# name 20 = flag: flag
# span 0 =      3.029,   1013.995       
# span 1 =     3.3900,     8.7813       
# span 2 =     3.3912,     8.7845       
# span 3 =   3.234869,   3.668134       
# span 4 =   3.154770,   3.654729       
# span 5 =     1.9614,     2.3889       
# span 6 =    -0.4137,     0.6426       
# span 7 =     0.3406,     0.4257       
# span 8 =    34.7221,    34.9549       
# span 9 = -4.810e-01, 1.1365e+00       
# span 10 = 1.0000e-12, 1.0000e-12      
# span 11 = 4.2746e+04, 1.2464e+05      
# span 12 =      3.000,   1002.000      
# span 13 =    34.7223,    34.9500      
# span 14 =    29.3711,    35.1615      
# span 15 =     5.3860,     5.6314      
# span 16 =    1470.21,    1485.17      
# span 17 =    26.9356,    27.7504      
# span 18 =    22.7459,    27.7477      
# span 19 =       0.00,    1482.44      
# span 20 = 0.0000e+00, 0.0000e+00      
# interval = meters: 1                  
# start_time = Aug 09 2017 13:01:16 [NMEA time, header]
# bad_flag = -9.990e-29
*END*
[from data line 966]
    980.522     3.4305     3.4315   3.237769   3.237588     1.9632    -0.3877     0.3591    34.8730 6.5161e-01 1.0000e-12 6.6516e+04    969.000    34.8727    34.8695     5.5131    1480.20    27.7494    27.7468    1474.61 0.0000e+00
    981.536     3.4277     3.4292   3.237538   3.237417     1.9635    -0.3810     0.3506    34.8728 3.0298e-01 1.0000e-12 8.3923e+04    970.000    34.8724    34.8693     5.5154    1480.20    27.7495    27.7469    1474.61 0.0000e+00
    982.550     3.4266     3.4282   3.237475   3.237354     1.9636    -0.3769     0.3495    34.8727 5.4416e-01 1.0000e-12 7.6348e+04    971.000    34.8723    34.8691     5.5166    1480.21    27.7495    27.7468    1474.62 0.0000e+00
    983.564     3.4235     3.4255   3.237206   3.237114     1.9637    -0.3919     0.3485    34.8722 3.9475e-01 1.0000e-12 7.8978e+04    972.000    34.8718    34.8686     5.5184    1480.22    27.7494    27.7467    1474.63 0.0000e+00
    984.579     3.4219     3.4236   3.237098   3.236990     1.9644    -0.3726     0.3453    34.8720 6.4883e-01 1.0000e-12 6.7451e+04    973.000    34.8717    34.8686     5.5217    1480.23    27.7495    27.7468    1474.63 0.0000e+00
    985.593     3.4230     3.4243   3.237222   3.237096     1.9645    -0.3931     0.3486    34.8720 4.7651e-01 1.0000e-12 7.4627e+04    974.000    34.8716    34.8686     5.5229    1480.25    27.7493    27.7468    1474.64 0.0000e+00
    986.607     3.4150     3.4191   3.236450   3.236577     1.9643    -0.3825     0.3586    34.8709 3.9654e-01 1.0000e-12 7.8945e+04    975.000    34.8703    34.8674     5.5243    1480.23    27.7490    27.7464    1474.64 0.0000e+00
    987.622     3.4116     3.4130   3.236191   3.236049     1.9649    -0.3915     0.3481    34.8706 5.7831e-01 1.0000e-12 7.0963e+04    976.000    34.8702    34.8670     5.5277    1480.23    27.7493    27.7466    1474.65 0.0000e+00
    988.636     3.4122     3.4140   3.236289   3.236201     1.9665    -0.3759     0.3433    34.8704 4.2172e-01 1.0000e-12 7.7199e+04    977.000    34.8703    34.8673     5.5344    1480.25    27.7493    27.7467    1474.65 0.0000e+00
    989.650     3.4130     3.4149   3.236441   3.236341     1.9662    -0.3942     0.3480    34.8708 5.4067e-01 1.0000e-12 7.1293e+04    978.000    34.8708    34.8675     5.5340    1480.27    27.7496    27.7468    1474.66 0.0000e+00
    990.664     3.4122     3.4136   3.236351   3.236239     1.9661    -0.3807     0.3534    34.8705 8.0890e-01 1.0000e-12 5.7052e+04    979.000    34.8699    34.8671     5.5342    1480.28    27.7491    27.7466    1474.67 0.0000e+00
    991.679     3.4073     3.4092   3.235944   3.235837     1.9661    -0.3810     0.3554    34.8702 7.7968e-01 1.0000e-12 6.2014e+04    980.000    34.8698    34.8665     5.5357    1480.28    27.7494    27.7466    1474.67 0.0000e+00
    992.693     3.4066     3.4082   3.235905   3.235788     1.9660    -0.3808     0.3479    34.8698 5.2740e-01 1.0000e-12 7.3347e+04    981.000    34.8696    34.8664     5.5364    1480.29    27.7493    27.7466    1474.68 0.0000e+00
    993.707     3.4065     3.4083   3.235959   3.235846     1.9661    -0.3941     0.3430    34.8698 4.1159e-01 1.0000e-12 7.8046e+04    982.000    34.8698    34.8665     5.5376    1480.31    27.7495    27.7467    1474.68 0.0000e+00
    994.722     3.4083     3.4104   3.236197   3.236110     1.9662    -0.3932     0.3471    34.8701 5.3262e-01 1.0000e-12 7.4927e+04    983.000    34.8701    34.8669     5.5384    1480.34    27.7496    27.7468    1474.69 0.0000e+00
    995.736     3.4083     3.4103   3.236227   3.236143     1.9660    -0.3938     0.3481    34.8701 4.6832e-01 1.0000e-12 7.4999e+04    984.000    34.8700    34.8669     5.5381    1480.35    27.7495    27.7468    1474.69 0.0000e+00
    996.750     3.4079     3.4099   3.236206   3.236134     1.9652    -0.3817     0.3484    34.8698 7.3327e-01 1.0000e-12 6.1068e+04    985.000    34.8697    34.8667     5.5360    1480.37    27.7493    27.7467    1474.70 0.0000e+00
    997.765     3.4058     3.4079   3.236055   3.235976     1.9649    -0.3686     0.3490    34.8697 3.6931e-01 1.0000e-12 8.0391e+04    986.000    34.8695    34.8664     5.5359    1480.37    27.7494    27.7467    1474.71 0.0000e+00
    998.779     3.4054     3.4071   3.236069   3.235951     1.9643    -0.3969     0.3529    34.8697 3.1536e-01 1.0000e-12 8.3256e+04    987.000    34.8697    34.8664     5.5344    1480.39    27.7495    27.7468    1474.71 0.0000e+00
    999.793     3.4047     3.4064   3.236020   3.235919     1.9636    -0.3815     0.3482    34.8694 4.3993e-01 1.0000e-12 7.6642e+04    988.000    34.8693    34.8663     5.5326    1480.40    27.7493    27.7467    1474.72 0.0000e+00
   1000.808     3.4031     3.4052   3.235910   3.235845     1.9628    -0.3821     0.3533    34.8692 7.3129e-01 1.0000e-12 6.5088e+04    989.000    34.8691    34.8661     5.5307    1480.41    27.7493    27.7468    1474.72 0.0000e+00
   1001.822     3.4016     3.4038   3.235814   3.235733     1.9629    -0.3933     0.3518    34.8692 6.6466e-01 1.0000e-12 6.7650e+04    990.000    34.8690    34.8657     5.5320    1480.42    27.7494    27.7466    1474.73 0.0000e+00
   1002.836     3.3992     3.4013   3.235590   3.235526     1.9637    -0.3925     0.3494    34.8688 6.6840e-01 1.0000e-12 6.4454e+04    991.000    34.8684    34.8654     5.5361    1480.43    27.7492    27.7466    1474.74 0.0000e+00
   1003.851     3.3980     3.3997   3.235522   3.235421     1.9640    -0.3931     0.3514    34.8685 6.6752e-01 1.0000e-12 6.4559e+04    992.000    34.8684    34.8653     5.5381    1480.44    27.7493    27.7466    1474.74 0.0000e+00
   1004.865     3.3973     3.3987   3.235514   3.235369     1.9639    -0.3805     0.3473    34.8685 6.8548e-01 1.0000e-12 6.3605e+04    993.000    34.8684    34.8652     5.5385    1480.45    27.7494    27.7467    1474.75 0.0000e+00
   1005.880     3.3919     3.3953   3.234959   3.235027     1.9636    -0.3915     0.3462    34.8678 5.2720e-01 1.0000e-12 7.2008e+04    994.000    34.8670    34.8643     5.5390    1480.45    27.7488    27.7463    1474.75 0.0000e+00
   1006.894     3.3900     3.3917   3.234869   3.234758     1.9636    -0.3928     0.3502    34.8676 7.9474e-01 1.0000e-12 6.0078e+04    995.000    34.8674    34.8642     5.5401    1480.46    27.7493    27.7466    1474.76 0.0000e+00
   1007.908     3.3900     3.3912   3.234895   3.234744     1.9639    -0.3833     0.3485    34.8674 3.8312e-01 1.0000e-12 8.1080e+04    996.000    34.8672    34.8642     5.5419    1480.47    27.7492    27.7466    1474.76 0.0000e+00
   1008.923     3.3907     3.3923   3.235044   3.234919     1.9643    -0.3752     0.3534    34.8677 8.3593e-01 1.0000e-12 5.8791e+04    997.000    34.8677    34.8645     5.5440    1480.49    27.7495    27.7467    1474.77 0.0000e+00
   1009.937     3.3912     3.3929   3.235136   3.235015     1.9643    -0.3815     0.3461    34.8678 3.0485e-01 1.0000e-12 8.3876e+04    998.000    34.8678    34.8645     5.5447    1480.51    27.7495    27.7467    1474.77 0.0000e+00
   1010.952     3.3916     3.3937   3.235187   3.235132     1.9641    -0.3847     0.3506    34.8675 8.0790e-01 1.0000e-12 5.9854e+04    999.000    34.8675    34.8645     5.5447    1480.53    27.7492    27.7466    1474.78 0.0000e+00
   1011.966     3.3910     3.3936   3.235204   3.235162     1.9637    -0.3924     0.3460    34.8678 3.1970e-01 1.0000e-12 8.3058e+04   1000.000    34.8678    34.8645     5.5441    1480.54    27.7495    27.7466    1474.79 0.0000e+00
   1012.980     3.3917     3.3935   3.235286   3.235194     1.9631    -0.3855     0.3486    34.8675 6.0961e-01 1.0000e-12 6.8803e+04   1001.000    34.8675    34.8645     5.5423    1480.56    27.7492    27.7467    1474.79 0.0000e+00
   1013.995     3.3921     3.3945   3.235317   3.235315     1.9649    -0.3296     0.3568    34.8670 -4.810e-01 1.0000e-12 1.2464e+05   1002.000    34.8668    34.8643     5.5498    1480.58    27.7487    27.7464    1474.79 0.0000e+00
