Ship_data/Irminger/Irminger-4/ctd/process/dar21_009.cnv
* Sea-Bird SBE 9 Data File:
* FileName = D:\Data\AR21_009.hdr
* Software Version Seasave V 7.23.2
* Temperature SN = 4155
* Conductivity SN = 2645
* Number of Bytes Per Scan = 40
* Number of Voltage Words = 5
* Number of Scans Averaged by the Deck Unit = 1
* NMEA Latitude = 59 58.27 N
* NMEA Longitude = 039 30.81 W
* NMEA UTC (Time) = Aug 06 2017  21:22:51
** Test cast to check pump1 and acoustic device for James
# nquan = 21
# nvalues = 1201                        
# units = specified
# name 0 = prDM: Pressure, Digiquartz [db]
# name 1 = t090C: Temperature [ITS-90, deg C]
# name 2 = t190C: Temperature, 2 [ITS-90, deg C]
# name 3 = c0S/m: Conductivity [S/m]
# name 4 = c1S/m: Conductivity, 2 [S/m]
# name 5 = sbeox0V: Oxygen raw, SBE 43 [V]
# name 6 = flECO-AFL: Fluorescence, WET Labs ECO-AFL/FL [mg/m^3]
# name 7 = turbWETntu0: Turbidity, WET Labs ECO [NTU]
# name 8 = sal00: Salinity, Practical [PSU]
# name 9 = spar: SPAR/Surface Irradiance
# name 10 = par: PAR/Irradiance, Biospherical/Licor
# name 11 = cpar: CPAR/Corrected Irradiance [%]
# name 12 = depSM: Depth [salt water, m], lat = 59.9712
# name 13 = sal00: Salinity, Practical [PSU]
# name 14 = sal11: Salinity, Practical, 2 [PSU]
# name 15 = sbeox0ML/L: Oxygen, SBE 43 [ml/l], WS = 2
# name 16 = svCM: Sound Velocity [Chen-Millero, m/s]
# name 17 = sigma-é00: Density [sigma-theta, kg/m^3]
# name 18 = sigma-é11: Density, 2 [sigma-theta, kg/m^3]
# name 19 = avgsvCM: Average Sound Velocity [Chen-Millero, m/s], minP = 20, minS = 20
# name 20 = flag: flag
# span 0 =      3.029,   1218.004       
# span 1 =     3.3216,     8.5355       
# span 2 =     3.3233,     8.5378       
# span 3 =   3.227431,   3.651881       
# span 4 =   3.227321,   3.651858       
# span 5 =     1.9184,     2.4102       
# span 6 =    -0.4135,     0.7190       
# span 7 =     0.3403,     0.6143       
# span 8 =    34.7876,    34.9239       
# span 9 = 3.8150e-01, 2.3369e+00       
# span 10 = 1.0000e-12, 1.0000e-12      
# span 11 = -2.690e+04, 8.1952e+04      
# span 12 =      3.000,   1203.000      
# span 13 =    34.7776,    34.9248      
# span 14 =    34.7839,    34.9207      
# span 15 =     5.3833,     5.6284      
# span 16 =    1469.04,    1484.42      
# span 17 =    27.0255,    27.7507      
# span 18 =    27.0220,    27.7482      
# span 19 =       0.00,    1484.11      
# span 20 = 0.0000e+00, 0.0000e+00      
# interval = meters: 1                  
# start_time = Aug 06 2017 21:22:51 [NMEA time, header]
# bad_flag = -9.990e-29
*END*
[from data line 897]
    910.558     3.3794     3.3811   3.229716   3.229614     1.9852    -0.3768     0.3478    34.8670 1.2814e+00 1.0000e-12 3.6454e+04    900.000    34.8670    34.8639     5.5540    1478.82    27.7492    27.7466    1473.47 0.0000e+00
    911.572     3.3791     3.3808   3.229733   3.229629     1.9856    -0.3925     0.3485    34.8670 1.0490e+00 1.0000e-12 4.9846e+04    901.000    34.8670    34.8639     5.5564    1478.83    27.7493    27.7467    1473.48 0.0000e+00
    912.586     3.3787     3.3804   3.229737   3.229647     1.9853    -0.3726     0.3482    34.8670 1.0598e+00 1.0000e-12 4.3599e+04    902.000    34.8669    34.8640     5.5561    1478.85    27.7493    27.7468    1473.48 0.0000e+00
    913.599     3.3787     3.3803   3.229777   3.229671     1.9855    -0.3851     0.3526    34.8669 1.1304e+00 1.0000e-12 3.9982e+04    903.000    34.8669    34.8638     5.5575    1478.86    27.7492    27.7466    1473.49 0.0000e+00
    914.613     3.3785     3.3801   3.229799   3.229695     1.9856    -0.3935     0.3492    34.8669 1.1136e+00 1.0000e-12 4.5252e+04    904.000    34.8668    34.8638     5.5587    1478.88    27.7492    27.7467    1473.50 0.0000e+00
    915.627     3.3781     3.3799   3.229799   3.229708     1.9855    -0.3924     0.3465    34.8668 8.7756e-01 1.0000e-12 5.6991e+04    905.000    34.8667    34.8637     5.5591    1478.89    27.7491    27.7466    1473.50 0.0000e+00
    916.641     3.3775     3.3793   3.229785   3.229693     1.9849    -0.3939     0.3486    34.8667 8.1219e-01 1.0000e-12 5.6741e+04    906.000    34.8666    34.8636     5.5575    1478.91    27.7492    27.7466    1473.51 0.0000e+00
    917.655     3.3764     3.3781   3.229719   3.229628     1.9846    -0.3930     0.3478    34.8666 1.1363e+00 1.0000e-12 4.7827e+04    907.000    34.8665    34.8636     5.5576    1478.92    27.7492    27.7467    1473.51 0.0000e+00
    918.669     3.3753     3.3770   3.229648   3.229569     1.9841    -0.3938     0.3492    34.8665 9.8291e-01 1.0000e-12 5.2493e+04    908.000    34.8663    34.8635     5.5563    1478.93    27.7491    27.7467    1473.52 0.0000e+00
    919.683     3.3747     3.3765   3.229642   3.229550     1.9837    -0.3927     0.3482    34.8664 1.5014e+00 1.0000e-12 2.5562e+04    909.000    34.8663    34.8634     5.5559    1478.95    27.7492    27.7467    1473.53 0.0000e+00
    920.697     3.3740     3.3756   3.229628   3.229511     1.9835    -0.3927     0.3494    34.8665 1.1072e+00 1.0000e-12 4.1206e+04    910.000    34.8664    34.8633     5.5557    1478.96    27.7494    27.7467    1473.53 0.0000e+00
    921.711     3.3741     3.3757   3.229676   3.229558     1.9833    -0.3870     0.3477    34.8664 1.4358e+00 1.0000e-12 2.9573e+04    911.000    34.8664    34.8633     5.5559    1478.98    27.7493    27.7467    1473.54 0.0000e+00
    922.725     3.3745     3.3762   3.229754   3.229650     1.9825    -0.3764     0.3476    34.8663 1.0400e+00 1.0000e-12 4.9371e+04    912.000    34.8663    34.8633     5.5536    1478.99    27.7492    27.7467    1473.54 0.0000e+00
    923.739     3.3750     3.3766   3.229849   3.229733     1.9825    -0.3926     0.3462    34.8664 1.2599e+00 1.0000e-12 3.7754e+04    913.000    34.8664    34.8633     5.5543    1479.01    27.7493    27.7467    1473.55 0.0000e+00
    924.753     3.3746     3.3764   3.229852   3.229767     1.9824    -0.3696     0.3441    34.8664 9.9506e-01 1.0000e-12 4.6821e+04    914.000    34.8663    34.8634     5.5544    1479.03    27.7492    27.7468    1473.56 0.0000e+00
    925.767     3.3739     3.3751   3.229829   3.229679     1.9823    -0.3946     0.3488    34.8664 1.4493e+00 1.0000e-12 3.2898e+04    915.000    34.8663    34.8631     5.5550    1479.04    27.7493    27.7467    1473.56 0.0000e+00
    926.781     3.3730     3.3749   3.229787   3.229698     1.9823    -0.4099     0.3528    34.8662 1.0969e+00 1.0000e-12 4.1940e+04    916.000    34.8662    34.8631     5.5561    1479.06    27.7493    27.7467    1473.57 0.0000e+00
    927.795     3.3733     3.3750   3.229863   3.229755     1.9812    -0.3884     0.3508    34.8663 1.2910e+00 1.0000e-12 3.1456e+04    917.000    34.8663    34.8631     5.5526    1479.07    27.7494    27.7467    1473.57 0.0000e+00
    928.809     3.3732     3.3749   3.229886   3.229793     1.9815    -0.3811     0.3593    34.8662 7.2769e-01 1.0000e-12 6.1364e+04    918.000    34.8662    34.8632     5.5543    1479.09    27.7493    27.7468    1473.58 0.0000e+00
    929.823     3.3728     3.3744   3.229885   3.229780     1.9813    -0.3797     0.3574    34.8661 1.0646e+00 1.0000e-12 4.7597e+04    919.000    34.8660    34.8630     5.5542    1479.10    27.7492    27.7467    1473.59 0.0000e+00
    930.837     3.3721     3.3736   3.229861   3.229754     1.9813    -0.3953     0.3469    34.8661 1.0204e+00 1.0000e-12 4.5847e+04    920.000    34.8660    34.8630     5.5551    1479.12    27.7493    27.7467    1473.59 0.0000e+00
    931.851     3.3715     3.3731   3.229856   3.229744     1.9813    -0.3885     0.3484    34.8661 1.3476e+00 1.0000e-12 3.2351e+04    921.000    34.8660    34.8630     5.5562    1479.13    27.7494    27.7468    1473.60 0.0000e+00
    932.865     3.3711     3.3729   3.229853   3.229764     1.9813    -0.3697     0.3494    34.8659 9.5527e-01 1.0000e-12 4.9106e+04    922.000    34.8659    34.8629     5.5568    1479.15    27.7493    27.7467    1473.60 0.0000e+00
    933.879     3.3708     3.3726   3.229880   3.229780     1.9810    -0.3901     0.3438    34.8660 1.1517e+00 1.0000e-12 4.7809e+04    923.000    34.8659    34.8629     5.5564    1479.16    27.7494    27.7468    1473.61 0.0000e+00
    934.893     3.3706     3.3724   3.229909   3.229801     1.9808    -0.3938     0.3533    34.8660 1.2542e+00 1.0000e-12 3.3524e+04    924.000    34.8660    34.8628     5.5566    1479.18    27.7494    27.7468    1473.61 0.0000e+00
    935.908     3.3706     3.3724   3.229946   3.229837     1.9805    -0.3895     0.3496    34.8660 1.0495e+00 1.0000e-12 4.9751e+04    925.000    34.8659    34.8627     5.5561    1479.20    27.7494    27.7467    1473.62 0.0000e+00
    936.922     3.3706     3.3723   3.229977   3.229868     1.9807    -0.3811     0.3468    34.8658 1.4549e+00 1.0000e-12 2.9805e+04    926.000    34.8657    34.8626     5.5577    1479.21    27.7493    27.7466    1473.63 0.0000e+00
    937.936     3.3707     3.3724   3.230028   3.229926     1.9812    -0.3839     0.3484    34.8658 1.3156e+00 1.0000e-12 3.8308e+04    927.000    34.8658    34.8627     5.5602    1479.23    27.7493    27.7467    1473.63 0.0000e+00
    938.950     3.3701     3.3719   3.230022   3.229929     1.9810    -0.3939     0.3435    34.8658 8.9574e-01 1.0000e-12 5.2345e+04    928.000    34.8658    34.8627     5.5603    1479.24    27.7494    27.7468    1473.64 0.0000e+00
    939.964     3.3693     3.3710   3.229986   3.229891     1.9806    -0.3938     0.3490    34.8657 7.5352e-01 1.0000e-12 6.4989e+04    929.000    34.8656    34.8627     5.5598    1479.26    27.7493    27.7468    1473.65 0.0000e+00
    940.978     3.3688     3.3705   3.229990   3.229873     1.9799    -0.3901     0.3447    34.8658 1.0755e+00 1.0000e-12 4.7659e+04    930.000    34.8657    34.8624     5.5577    1479.27    27.7494    27.7467    1473.65 0.0000e+00
    941.992     3.3681     3.3698   3.229967   3.229861     1.9794    -0.3929     0.3473    34.8656 1.1888e+00 1.0000e-12 4.3305e+04    931.000    34.8656    34.8626     5.5566    1479.29    27.7495    27.7469    1473.66 0.0000e+00
    943.006     3.3683     3.3700   3.230031   3.229920     1.9800    -0.3938     0.3465    34.8657 1.0281e+00 1.0000e-12 4.5445e+04    932.000    34.8656    34.8625     5.5599    1479.30    27.7494    27.7468    1473.66 0.0000e+00
    944.020     3.3682     3.3699   3.230051   3.229942     1.9810    -0.3864     0.3454    34.8655 1.2545e+00 1.0000e-12 3.8131e+04    933.000    34.8655    34.8624     5.5642    1479.32    27.7494    27.7467    1473.67 0.0000e+00
    945.034     3.3681     3.3697   3.230082   3.229973     1.9799    -0.3847     0.3485    34.8655 9.3308e-01 1.0000e-12 5.0328e+04    934.000    34.8655    34.8624     5.5609    1479.34    27.7494    27.7468    1473.67 0.0000e+00
    946.048     3.3679     3.3695   3.230108   3.229990     1.9790    -0.4034     0.3468    34.8656 1.1493e+00 1.0000e-12 4.2129e+04    935.000    34.8655    34.8623     5.5582    1479.35    27.7494    27.7467    1473.68 0.0000e+00
    947.063     3.3676     3.3693   3.230131   3.230034     1.9785    -0.3926     0.3528    34.8655 1.0938e+00 1.0000e-12 4.5150e+04    936.000    34.8655    34.8625     5.5570    1479.37    27.7494    27.7469    1473.69 0.0000e+00
    948.077     3.3672     3.3690   3.230133   3.230035     1.9779    -0.3745     0.3445    34.8655 1.1128e+00 1.0000e-12 4.0954e+04    937.000    34.8654    34.8623     5.5555    1479.38    27.7494    27.7468    1473.69 0.0000e+00
    949.091     3.3671     3.3688   3.230162   3.230059     1.9780    -0.3863     0.3464    34.8653 1.4333e+00 1.0000e-12 2.8637e+04    938.000    34.8654    34.8623     5.5569    1479.40    27.7494    27.7468    1473.70 0.0000e+00
    950.105     3.3671     3.3688   3.230208   3.230097     1.9777    -0.3937     0.3453    34.8654 1.3121e+00 1.0000e-12 4.3252e+04    939.000    34.8654    34.8622     5.5564    1479.42    27.7494    27.7468    1473.71 0.0000e+00
    951.119     3.3671     3.3688   3.230252   3.230156     1.9777    -0.3938     0.3508    34.8654 1.1782e+00 1.0000e-12 3.7544e+04    940.000    34.8654    34.8624     5.5573    1479.43    27.7494    27.7469    1473.71 0.0000e+00
    952.133     3.3669     3.3686   3.230269   3.230161     1.9777    -0.3938     0.3476    34.8653 1.2830e+00 1.0000e-12 4.0053e+04    941.000    34.8653    34.8622     5.5579    1479.45    27.7494    27.7468    1473.72 0.0000e+00
    953.147     3.3662     3.3679   3.230239   3.230138     1.9776    -0.3929     0.3502    34.8652 1.2267e+00 1.0000e-12 3.4616e+04    942.000    34.8651    34.8622     5.5586    1479.46    27.7493    27.7468    1473.72 0.0000e+00
    954.161     3.3643     3.3659   3.230090   3.229986     1.9775    -0.3796     0.3505    34.8651 1.1025e+00 1.0000e-12 4.9552e+04    943.000    34.8649    34.8619     5.5589    1479.47    27.7493    27.7468    1473.73 0.0000e+00
    955.176     3.3637     3.3654   3.230092   3.229984     1.9771    -0.3723     0.3448    34.8650 1.3192e+00 1.0000e-12 3.3788e+04    944.000    34.8649    34.8618     5.5585    1479.48    27.7494    27.7468    1473.74 0.0000e+00
    956.190     3.3636     3.3653   3.230132   3.230028     1.9771    -0.3850     0.3481    34.8651 1.3342e+00 1.0000e-12 2.9113e+04    945.000    34.8650    34.8620     5.5591    1479.50    27.7495    27.7469    1473.74 0.0000e+00
    957.204     3.3633     3.3651   3.230148   3.230045     1.9771    -0.3930     0.3480    34.8650 1.1637e+00 1.0000e-12 3.8216e+04    946.000    34.8650    34.8619     5.5600    1479.52    27.7495    27.7469    1473.75 0.0000e+00
    958.218     3.3633     3.3650   3.230173   3.230075     1.9768    -0.3929     0.3467    34.8649 1.1124e+00 1.0000e-12 4.5537e+04    947.000    34.8648    34.8618     5.5594    1479.53    27.7494    27.7468    1473.75 0.0000e+00
    959.232     3.3632     3.3649   3.230213   3.230114     1.9765    -0.3938     0.3435    34.8649 1.1042e+00 1.0000e-12 4.8251e+04    948.000    34.8649    34.8618     5.5591    1479.55    27.7494    27.7469    1473.76 0.0000e+00
    960.246     3.3633     3.3649   3.230269   3.230166     1.9765    -0.3764     0.3437    34.8649 1.0436e+00 1.0000e-12 4.8141e+04    949.000    34.8649    34.8619     5.5599    1479.57    27.7495    27.7470    1473.77 0.0000e+00
    961.260     3.3633     3.3650   3.230334   3.230213     1.9762    -0.4076     0.3778    34.8651 1.2312e+00 1.0000e-12 3.9684e+04    950.000    34.8651    34.8618     5.5594    1479.58    27.7496    27.7469    1473.77 0.0000e+00
    962.275     3.3635     3.3652   3.230383   3.230278     1.9764    -0.4003     0.3604    34.8650 1.1662e+00 1.0000e-12 4.2843e+04    951.000    34.8650    34.8619     5.5609    1479.60    27.7496    27.7470    1473.78 0.0000e+00
    963.289     3.3634     3.3651   3.230413   3.230313     1.9763    -0.3828     0.3483    34.8650 6.8041e-01 1.0000e-12 6.8864e+04    952.000    34.8649    34.8619     5.5612    1479.62    27.7495    27.7469    1473.78 0.0000e+00
    964.303     3.3634     3.3651   3.230469   3.230357     1.9755    -0.3712     0.3513    34.8650 1.2117e+00 1.0000e-12 4.0036e+04    953.000    34.8651    34.8619     5.5589    1479.63    27.7496    27.7469    1473.79 0.0000e+00
    965.317     3.3640     3.3657   3.230571   3.230464     1.9752    -0.3682     0.3501    34.8651 1.0545e+00 1.0000e-12 4.3745e+04    954.000    34.8651    34.8620     5.5586    1479.65    27.7496    27.7470    1473.80 0.0000e+00
    966.331     3.3640     3.3657   3.230603   3.230507     1.9749    -0.3784     0.3447    34.8650 1.0989e+00 1.0000e-12 4.1656e+04    955.000    34.8650    34.8620     5.5580    1479.67    27.7495    27.7470    1473.80 0.0000e+00
    967.346     3.3633     3.3650   3.230572   3.230473     1.9750    -0.3927     0.3463    34.8649 1.2734e+00 1.0000e-12 3.9347e+04    956.000    34.8648    34.8618     5.5591    1479.68    27.7495    27.7469    1473.81 0.0000e+00
    968.360     3.3622     3.3639   3.230512   3.230412     1.9742    -0.3938     0.3434    34.8649 1.0495e+00 1.0000e-12 4.4181e+04    957.000    34.8647    34.8617     5.5571    1479.70    27.7495    27.7469    1473.82 0.0000e+00
    969.374     3.3610     3.3628   3.230443   3.230340     1.9741    -0.3701     0.3469    34.8648 9.8534e-01 1.0000e-12 4.7685e+04    958.000    34.8647    34.8616     5.5577    1479.71    27.7496    27.7469    1473.82 0.0000e+00
    970.388     3.3609     3.3627   3.230478   3.230381     1.9738    -0.3889     0.3474    34.8647 7.2476e-01 1.0000e-12 6.1520e+04    959.000    34.8647    34.8616     5.5574    1479.72    27.7496    27.7470    1473.83 0.0000e+00
    971.403     3.3610     3.3626   3.230524   3.230412     1.9737    -0.3823     0.3450    34.8646 1.3350e+00 1.0000e-12 4.0993e+04    960.000    34.8646    34.8615     5.5576    1479.74    27.7496    27.7469    1473.83 0.0000e+00
    972.417     3.3612     3.3629   3.230591   3.230484     1.9735    -0.3715     0.3453    34.8647 1.2093e+00 1.0000e-12 4.0037e+04    961.000    34.8647    34.8616     5.5577    1479.76    27.7496    27.7470    1473.84 0.0000e+00
    973.431     3.3609     3.3628   3.230608   3.230519     1.9730    -0.3711     0.3472    34.8647 9.1755e-01 1.0000e-12 5.4526e+04    962.000    34.8646    34.8616     5.5566    1479.77    27.7496    27.7470    1473.85 0.0000e+00
    974.445     3.3607     3.3624   3.230633   3.230531     1.9728    -0.3709     0.3516    34.8646 8.4185e-01 1.0000e-12 5.5184e+04    963.000    34.8646    34.8616     5.5565    1479.79    27.7496    27.7471    1473.85 0.0000e+00
    975.460     3.3606     3.3623   3.230670   3.230563     1.9729    -0.3888     0.3452    34.8646 9.8363e-01 1.0000e-12 5.2153e+04    964.000    34.8647    34.8615     5.5576    1479.81    27.7496    27.7470    1473.86 0.0000e+00
    976.474     3.3612     3.3628   3.230784   3.230667     1.9729    -0.3937     0.3465    34.8647 8.8890e-01 1.0000e-12 5.2920e+04    965.000    34.8648    34.8617     5.5583    1479.83    27.7497    27.7471    1473.86 0.0000e+00
    977.488     3.3613     3.3631   3.230833   3.230723     1.9721    -0.3938     0.3462    34.8648 8.9216e-01 1.0000e-12 5.7878e+04    966.000    34.8648    34.8616     5.5558    1479.84    27.7497    27.7470    1473.87 0.0000e+00
    978.502     3.3612     3.3629   3.230850   3.230749     1.9722    -0.3931     0.3473    34.8647 1.1138e+00 1.0000e-12 4.0919e+04    967.000    34.8646    34.8616     5.5569    1479.86    27.7496    27.7470    1473.88 0.0000e+00
