Ship_data/Irminger/Irminger-4/ctd/process/dar21999.cnv
* Sea-Bird SBE 9 Data File:
* FileName = D:\Data\ar20001.hdr
* Software Version Seasave V 7.23.2
* Temperature SN = 4155
* Conductivity SN = 2645
* Number of Bytes Per Scan = 40
* Number of Voltage Words = 5
* Number of Scans Averaged by the Deck Unit = 1
* NMEA Latitude = 39 53.23 N
* NMEA Longitude = 071 21.61 W
* NMEA UTC (Time) = Jul 06 2017  23:27:03
# nquan = 20
# nvalues = 290                         
# units = specified
# name 0 = prDM: Pressure, Digiquartz [db]
# name 1 = t090C: Temperature [ITS-90, deg C]
# name 2 = t190C: Temperature, 2 [ITS-90, deg C]
# name 3 = c0S/m: Conductivity [S/m]
# name 4 = c1S/m: Conductivity, 2 [S/m]
# name 5 = sbeox0V: Oxygen raw, SBE 43 [V]
# name 6 = flECO-AFL: Fluorescence, WET Labs ECO-AFL/FL [mg/m^3]
# name 7 = turbWETntu0: Turbidity, WET Labs ECO [NTU]
# name 8 = sal00: Salinity, Practical [PSU]
# name 9 = spar: SPAR/Surface Irradiance
# name 10 = par: PAR/Irradiance, Biospherical/Licor
# name 11 = cpar: CPAR/Corrected Irradiance [%]
# name 12 = depSM: Depth [salt water, m], lat = 39.8872
# name 13 = sal00: Salinity, Practical [PSU]
# name 14 = sal11: Salinity, Practical, 2 [PSU]
# name 15 = sbeox0ML/L: Oxygen, SBE 43 [ml/l], WS = 2
# name 16 = svCM: Sound Velocity [Chen-Millero, m/s]
# name 17 = sigma-é00: Density [sigma-theta, kg/m^3]
# name 18 = sigma-é11: Density, 2 [sigma-theta, kg/m^3]
# name 19 = flag: flag
# span 0 =     14.108,    305.562       
# span 1 =     8.2356,    17.4181       
# span 2 =     8.2351,    17.4105       
# span 3 =   3.672176,   4.425798       
# span 4 =   3.670309,   4.425230       
# span 5 =     1.0732,     2.5352       
# span 6 =    -0.3565,     0.9543       
# span 7 =     0.3286,     0.4899       
# span 8 =    34.0887,    35.4987       
# span 9 = 4.8782e+01, 7.7910e+01       
# span 10 = -6.126e-08, 8.3017e+00      
# span 11 = -9.814e-08, 1.0630e+01      
# span 12 =     14.000,    303.000      
# span 13 =    34.0814,    35.4968      
# span 14 =    34.0830,    35.4946      
# span 15 =     1.7236,     4.9773      
# span 16 =    1488.52,    1513.26      
# span 17 =    24.7100,    27.4063      
# span 18 =    24.7130,    27.3557      
# span 19 = 0.0000e+00, 0.0000e+00      
# interval = meters: 1                  
# start_time = Jul 06 2017 23:27:03 [NMEA time, header]
# bad_flag = -9.990e-29
*END*
     14.108    17.4181    17.4105   4.425798   4.425230     2.5352     0.2508     0.4716    34.0887 7.7910e+01 8.3017e+00 1.0630e+01     14.000    34.0814    34.0830     4.9773    1513.26    24.7100    24.7130 0.0000e+00
     15.116    17.1377    17.1411   4.404171   4.405031     2.4973     0.1811     0.4899    34.1708 7.1730e+01 6.6873e+00 9.3205e+00     15.000    34.1307    34.1352     4.9079    1512.50    24.8150    24.8177 0.0000e+00
     16.124    16.8151    16.8154   4.377059   4.377214     2.4970     0.2379     0.4510    34.2034 7.1540e+01 5.7902e+00 8.0937e+00     16.000    34.1682    34.1694     4.9356    1511.59    24.9200    24.9209 0.0000e+00
     17.132    16.7053    16.7058   4.368160   4.368218     2.4975     0.3003     0.4394    34.2116 7.1650e+01 5.1507e+00 7.1888e+00     17.000    34.1837    34.1838     4.9469    1511.29    24.9577    24.9577 0.0000e+00
     18.140    16.4675    16.4679   4.347178   4.347575     2.4929     0.3308     0.4397    34.2337 7.1567e+01 4.5326e+00 6.3334e+00     18.000    34.2025    34.2056     4.9571    1510.61    25.0275    25.0298 0.0000e+00
     19.147    16.2452    16.2474   4.326983   4.327693     2.4872     0.3337     0.4375    34.2484 7.1572e+01 4.0108e+00 5.6039e+00     19.000    34.2148    34.2191     4.9634    1509.96    25.0882    25.0911 0.0000e+00
     20.155    16.0153    16.0157   4.307539   4.307729     2.4829     0.3776     0.4351    34.2691 7.1431e+01 3.4823e+00 4.8753e+00     20.000    34.2402    34.2415     4.9737    1509.30    25.1604    25.1613 0.0000e+00
     21.163    15.6139    15.6204   4.272041   4.273482     2.4664     0.4170     0.4336    34.3105 7.1480e+01 3.1075e+00 4.3475e+00     21.000    34.2707    34.2780     4.9690    1508.10    25.2745    25.2787 0.0000e+00
     22.171    15.1456    15.1545   4.233126   4.235360     2.4420     0.5404     0.4339    34.3811 7.1441e+01 2.7301e+00 3.8217e+00     22.000    34.3286    34.3410     4.9496    1506.72    25.4229    25.4306 0.0000e+00
     23.179    14.6730    14.6779   4.196502   4.196638     2.4242     0.7237     0.4312    34.4473 7.1152e+01 2.3874e+00 3.3558e+00     23.000    34.4111    34.4080     4.9470    1505.33    25.5897    25.5863 0.0000e+00
     24.186    14.0065    14.0190   4.130966   4.135661     2.3642     0.9543     0.4398    34.4881 7.1447e+01 2.1013e+00 2.9409e+00     24.000    34.3986    34.4309     4.8559    1503.17    25.7200    25.7424 0.0000e+00
     25.194    13.2156    13.2184   4.066472   4.066960     2.3150     0.9143     0.4269    34.5664 7.0926e+01 1.8124e+00 2.5554e+00     25.000    34.5063    34.5084     4.7995    1500.74    25.9675    25.9685 0.0000e+00
     26.202    13.0128    13.0131   4.050248   4.050021     2.2845     0.6416     0.4142    34.5797 7.0741e+01 1.5596e+00 2.2050e+00     26.000    34.5365    34.5341     4.7377    1500.12    26.0319    26.0300 0.0000e+00
     27.210    12.9859    12.9900   4.049047   4.049025     2.2809     0.4676     0.4090    34.5822 7.0880e+01 1.3779e+00 1.9441e+00     27.000    34.5492    34.5453     4.7308    1500.06    26.0472    26.0433 0.0000e+00
     28.218    12.9365    12.9390   4.046394   4.046402     2.2761     0.4142     0.4095    34.5962 7.0454e+01 1.2334e+00 1.7510e+00     28.000    34.5686    34.5664     4.7227    1499.94    26.0721    26.0699 0.0000e+00
     29.226    12.8219    12.8257   4.037250   4.037767     2.2655     0.3565     0.4105    34.6154 7.0174e+01 1.1046e+00 1.5744e+00     29.000    34.5857    34.5873     4.7056    1499.59    26.1082    26.1086 0.0000e+00
     30.234    12.7330    12.7353   4.029993   4.029997     2.2550     0.2881     0.4033    34.6188 7.0062e+01 9.6220e-01 1.3734e+00     30.000    34.5974    34.5953     4.6861    1499.32    26.1349    26.1328 0.0000e+00
     31.241    12.6930    12.6948   4.027042   4.026947     2.2497     0.3274     0.4035    34.6199 7.0262e+01 8.6117e-01 1.2258e+00     31.000    34.6054    34.6028     4.6761    1499.22    26.1490    26.1466 0.0000e+00
     32.249    12.6650    12.6667   4.024393   4.024376     2.2479     0.2462     0.3967    34.6188 6.9982e+01 7.8446e-01 1.1211e+00     32.000    34.6052    34.6035     4.6745    1499.14    26.1544    26.1528 0.0000e+00
     33.257    12.6022    12.6042   4.018611   4.018970     2.2397     0.1857     0.3945    34.6237 6.9927e+01 6.9843e-01 9.9887e-01     33.000    34.6070    34.6087     4.6590    1498.95    26.1681    26.1691 0.0000e+00
     34.265    12.4574    12.4594   4.007133   4.007118     2.2227     0.1833     0.3923    34.6420 6.9797e+01 6.3486e-01 9.0966e-01     34.000    34.6295    34.6275     4.6272    1498.50    26.2140    26.2121 0.0000e+00
     35.273    12.4055    12.4068   4.003695   4.003584     2.2123     0.1564     0.3891    34.6543 6.9748e+01 5.8516e-01 8.3897e-01     35.000    34.6437    34.6415     4.6040    1498.36    26.2352    26.2332 0.0000e+00
     36.281    12.3954    12.3975   4.003069   4.003027     2.2084     0.1016     0.3838    34.6556 6.9471e+01 5.2345e-01 7.5345e-01     36.000    34.6466    34.6443     4.5951    1498.35    26.2394    26.2372 0.0000e+00
     37.289    12.3722    12.3552   4.002429   4.001083     2.1998     0.0983     0.3883    34.6677 6.9749e+01 4.6710e-01 6.6964e-01     37.000    34.6615    34.6642     4.5742    1498.30    26.2555    26.2608 0.0000e+00
     38.297    12.2972    12.2992   4.000861   4.000675     2.1875     0.0838     0.3834    34.7206 6.9757e+01 4.4165e-01 6.3311e-01     38.000    34.7153    34.7116     4.5470    1498.13    26.3118    26.3086 0.0000e+00
     39.304    12.2945    12.2965   4.003622   4.003484     2.1780     0.0388     0.3815    34.7490 6.9629e+01 3.9927e-01 5.7343e-01     39.000    34.7441    34.7409     4.5211    1498.17    26.3347    26.3319 0.0000e+00
     40.312    12.2935    12.2952   4.003744   4.003640     2.1682     0.0371     0.3840    34.7501 6.9102e+01 3.5824e-01 5.1849e-01     40.000    34.7458    34.7432     4.4953    1498.19    26.3363    26.3339 0.0000e+00
     41.320    12.2543    12.2540   4.002177   4.002076     2.1593     0.0686     0.3761    34.7713 6.9540e+01 3.3222e-01 4.7776e-01     41.000    34.7666    34.7659     4.4748    1498.09    26.3600    26.3595 0.0000e+00
     42.328    12.1374    12.1391   4.001266   4.001130     2.1428     0.0299     0.3742    34.8720 6.9234e+01 3.0744e-01 4.4409e-01     42.000    34.8662    34.8633     4.4385    1497.83    26.4599    26.4574 0.0000e+00
     43.336    12.0798    12.0823   3.998470   3.998553     2.1249    -0.0565     0.3717    34.9002 6.8874e+01 2.7945e-01 4.0580e-01     43.000    34.8923    34.8909     4.3949    1497.68    26.4913    26.4897 0.0000e+00
     44.344    12.0462    12.0473   3.995351   3.995152     2.1117    -0.0830     0.3677    34.8980 6.8644e+01 2.5648e-01 3.7371e-01     44.000    34.8930    34.8900     4.3627    1497.59    26.4983    26.4957 0.0000e+00
     45.352    12.0635    12.0658   3.998169   3.998008     2.1096    -0.0999     0.3652    34.9061 6.8437e+01 2.3999e-01 3.5073e-01     45.000    34.9038    34.9001     4.3558    1497.68    26.5034    26.5000 0.0000e+00
     46.360    12.0678    12.0717   3.999017   3.999210     2.1068    -0.1197     0.3615    34.9105 6.8330e+01 2.2048e-01 3.2270e-01     46.000    34.9076    34.9058     4.3481    1497.71    26.5055    26.5034 0.0000e+00
     47.368    12.0370    12.0382   3.996764   3.996620     2.1051    -0.1031     0.3629    34.9168 6.8062e+01 2.0446e-01 3.0043e-01     47.000    34.9140    34.9115     4.3468    1497.63    26.5164    26.5143 0.0000e+00
     48.376    12.0086    12.0098   3.996437   3.996426     2.1008    -0.1178     0.3733    34.9411 6.8163e+01 1.9410e-01 2.8479e-01     48.000    34.9371    34.9358     4.3374    1497.58    26.5398    26.5386 0.0000e+00
     49.384    11.9190    11.9206   3.991537   3.991515     2.0940    -0.1576     0.3639    34.9785 6.8050e+01 1.8161e-01 2.6690e-01     49.000    34.9728    34.9711     4.3266    1497.33    26.5847    26.5830 0.0000e+00
     50.392    11.8887    11.8908   3.990817   3.990691     2.0911    -0.1851     0.3573    34.9979 6.7825e+01 1.6663e-01 2.4567e-01     50.000    34.9938    34.9907     4.3215    1497.27    26.6068    26.6039 0.0000e+00
     51.400    11.8844    11.8862   3.991910   3.991693     2.0880    -0.1897     0.3582    35.0094 6.8022e+01 1.5403e-01 2.2644e-01     51.000    35.0081    35.0043     4.3135    1497.29    26.6187    26.6154 0.0000e+00
     52.408    11.8933    11.8953   3.996973   3.996714     2.0859    -0.2081     0.3548    35.0486 6.7800e+01 1.4725e-01 2.1719e-01     52.000    35.0489    35.0445     4.3064    1497.39    26.6487    26.6450 0.0000e+00
     53.416    11.9016    11.9034   4.000001   3.999748     2.0832    -0.2315     0.3460    35.0698 6.7692e+01 1.3837e-01 2.0444e-01     53.000    35.0703    35.0660     4.2982    1497.46    26.6639    26.6602 0.0000e+00
     54.424    11.9090    11.9109   4.002287   4.002121     2.0790    -0.2426     0.3492    35.0856 6.7511e+01 1.2793e-01 1.8952e-01     54.000    35.0852    35.0818     4.2862    1497.52    26.6740    26.6710 0.0000e+00
     55.432    11.9131    11.9149   4.003561   4.003368     2.0748    -0.2364     0.3427    35.0935 6.7635e+01 1.1969e-01 1.7698e-01     55.000    35.0933    35.0897     4.2749    1497.56    26.6796    26.6765 0.0000e+00
     56.440    11.9139    11.9161   4.004493   4.004419     2.0739    -0.2453     0.3433    35.1001 6.7400e+01 1.1417e-01 1.6940e-01     56.000    35.1013    35.0984     4.2727    1497.58    26.6856    26.6830 0.0000e+00
     57.448    11.9246    11.9267   4.007603   4.007447     2.0722    -0.2687     0.3485    35.1201 6.7301e+01 1.0733e-01 1.5950e-01     57.000    35.1212    35.1177     4.2670    1497.66    26.6991    26.6960 0.0000e+00
     58.456    11.9300    11.9322   4.009172   4.009068     2.0690    -0.2765     0.3484    35.1305 6.6885e+01 9.9675e-02 1.4905e-01     58.000    35.1310    35.1279     4.2581    1497.71    26.7057    26.7029 0.0000e+00
     59.464    11.9666    11.9703   4.015558   4.015290     2.0685    -0.2770     0.3433    35.1526 6.6631e+01 9.3733e-02 1.4070e-01     59.000    35.1585    35.1524     4.2531    1497.88    26.7201    26.7147 0.0000e+00
     60.472    12.0418    12.0432   4.026373   4.025979     2.0659    -0.2654     0.3471    35.1876 6.6675e+01 8.8499e-02 1.3276e-01     60.000    35.1927    35.1875     4.2390    1498.20    26.7323    26.7280 0.0000e+00
     61.480    12.0629    12.0644   4.028998   4.028812     2.0610    -0.2817     0.3449    35.1953 6.6454e+01 8.3293e-02 1.2536e-01     61.000    35.1980    35.1948     4.2243    1498.29    26.7324    26.7296 0.0000e+00
     62.488    12.0734    12.0773   4.030434   4.030529     2.0583    -0.2820     0.3433    35.1990 6.6111e+01 7.8539e-02 1.1881e-01     62.000    35.2017    35.1989     4.2163    1498.35    26.7333    26.7304 0.0000e+00
     63.496    12.0763    12.0795   4.030777   4.030831     2.0566    -0.2815     0.3434    35.2001 6.5923e+01 7.4061e-02 1.1235e-01     63.000    35.2018    35.1993     4.2120    1498.38    26.7328    26.7303 0.0000e+00
     64.504    12.0771    12.0797   4.030895   4.030844     2.0541    -0.2890     0.3433    35.2004 6.5990e+01 6.9118e-02 1.0474e-01     64.000    35.2018    35.1988     4.2056    1498.39    26.7327    26.7299 0.0000e+00
     65.512    12.0812    12.0843   4.031462   4.031469     2.0543    -0.2889     0.3435    35.2017 6.6021e+01 6.5149e-02 9.8680e-02     65.000    35.2029    35.2001     4.2064    1498.43    26.7328    26.7301 0.0000e+00
     66.520    12.0904    12.0917   4.032730   4.032492     2.0541    -0.2773     0.3484    35.2047 6.5925e+01 6.1374e-02 9.3101e-02     66.000    35.2062    35.2026     4.2054    1498.48    26.7336    26.7306 0.0000e+00
     67.528    12.0975    12.1000   4.033682   4.033606     2.0517    -0.2942     0.3447    35.2071 6.5870e+01 5.7547e-02 8.7367e-02     67.000    35.2084    35.2052     4.1988    1498.52    26.7340    26.7311 0.0000e+00
     68.536    12.1211    12.1247   4.037377   4.037298     2.0522    -0.2960     0.3435    35.2182 6.5918e+01 5.4320e-02 8.2409e-02     68.000    35.2217    35.2175     4.1981    1498.63    26.7398    26.7358 0.0000e+00
     69.544    12.1720    12.1773   4.044821   4.045019     2.0507    -0.2881     0.3434    35.2415 6.5845e+01 5.0927e-02 7.7347e-02     69.000    35.2457    35.2427     4.1895    1498.85    26.7487    26.7453 0.0000e+00
     70.552    12.1991    12.2030   4.048557   4.048647     2.0483    -0.2959     0.3400    35.2528 6.5698e+01 4.7947e-02 7.2982e-02     70.000    35.2560    35.2532     4.1810    1498.97    26.7514    26.7485 0.0000e+00
     71.560    12.2054    12.2077   4.049351   4.049283     2.0460    -0.2929     0.3431    35.2552 6.5553e+01 4.4671e-02 6.8147e-02     71.000    35.2574    35.2545     4.1747    1499.01    26.7513    26.7486 0.0000e+00
     72.568    12.2141    12.2155   4.050652   4.050431     2.0432    -0.2926     0.3433    35.2593 6.5545e+01 4.1856e-02 6.3868e-02     72.000    35.2614    35.2579     4.1667    1499.06    26.7528    26.7498 0.0000e+00
     73.576    12.2423    12.2426   4.055013   4.054394     2.0408    -0.2963     0.3433    35.2722 6.5367e+01 3.9430e-02 6.0328e-02     73.000    35.2767    35.2704     4.1579    1499.20    26.7592    26.7543 0.0000e+00
     74.584    12.2782    12.2805   4.060066   4.059870     2.0391    -0.2961     0.3433    35.2877 6.4911e+01 3.6520e-02 5.6268e-02     74.000    35.2915    35.2875     4.1502    1499.35    26.7638    26.7602 0.0000e+00
     75.592    12.2990    12.2981   4.063108   4.062455     2.0376    -0.2961     0.3433    35.2972 6.4603e+01 3.4321e-02 5.3132e-02     75.000    35.3011    35.2955     4.1447    1499.45    26.7672    26.7630 0.0000e+00
     76.600    12.3180    12.3209   4.065752   4.065719     2.0338    -0.3043     0.3396    35.3058 6.4971e+01 3.2248e-02 4.9646e-02     76.000    35.3084    35.3053     4.1332    1499.54    26.7691    26.7662 0.0000e+00
     77.608    12.3292    12.3320   4.067298   4.067368     2.0331    -0.2973     0.3430    35.3107 6.4894e+01 3.0339e-02 4.6758e-02     77.000    35.3124    35.3104     4.1307    1499.60    26.7701    26.7680 0.0000e+00
     78.616    12.3390    12.3398   4.069027   4.068573     2.0322    -0.3062     0.3433    35.3160 6.4269e+01 2.8128e-02 4.3766e-02     78.000    35.3194    35.3143     4.1277    1499.66    26.7737    26.7696 0.0000e+00
     79.625    12.3676    12.3688   4.073209   4.072870     2.0297    -0.2925     0.3395    35.3291 6.4146e+01 2.6000e-02 4.0532e-02     79.000    35.3326    35.3282     4.1186    1499.79    26.7783    26.7747 0.0000e+00
     80.633    12.3881    12.3902   4.076037   4.075906     2.0252    -0.2967     0.3423    35.3380 6.4238e+01 2.4431e-02 3.8039e-02     80.000    35.3402    35.3370     4.1052    1499.88    26.7803    26.7774 0.0000e+00
     81.641    12.4000    12.4015   4.077761   4.077515     2.0236    -0.2980     0.3384    35.3426 6.4571e+01 2.3162e-02 3.5878e-02     81.000    35.3453    35.3414     4.1001    1499.94    26.7819    26.7786 0.0000e+00
     82.649    12.4220    12.4238   4.081000   4.080717     2.0228    -0.3103     0.3370    35.3517 6.4211e+01 2.1547e-02 3.3558e-02     82.000    35.3554    35.3510     4.0963    1500.05    26.7855    26.7817 0.0000e+00
     83.657    12.4693    12.4716   4.088000   4.087726     2.0185    -0.3049     0.3390    35.3731 6.4070e+01 1.9697e-02 3.0743e-02     83.000    35.3781    35.3734     4.0806    1500.25    26.7939    26.7897 0.0000e+00
     84.665    12.5365    12.5400   4.098468   4.098283     2.0104    -0.3095     0.3391    35.4091 6.4037e+01 1.7832e-02 2.7848e-02     84.000    35.4156    35.4105     4.0525    1500.54    26.8097    26.8051 0.0000e+00
     85.673    12.5666    12.5683   4.102612   4.102428     2.0035    -0.3135     0.3421    35.4229 6.4038e+01 1.6358e-02 2.5544e-02     85.000    35.4268    35.4234     4.0318    1500.67    26.8125    26.8096 0.0000e+00
