Ship_data/Irminger/Irminger-4/ctd/process/dar21_009.cnv
* Sea-Bird SBE 9 Data File:
* FileName = D:\Data\AR21_009.hdr
* Software Version Seasave V 7.23.2
* Temperature SN = 4155
* Conductivity SN = 2645
* Number of Bytes Per Scan = 40
* Number of Voltage Words = 5
* Number of Scans Averaged by the Deck Unit = 1
* NMEA Latitude = 59 58.27 N
* NMEA Longitude = 039 30.81 W
* NMEA UTC (Time) = Aug 06 2017  21:22:51
** Test cast to check pump1 and acoustic device for James
# nquan = 21
# nvalues = 1201                        
# units = specified
# name 0 = prDM: Pressure, Digiquartz [db]
# name 1 = t090C: Temperature [ITS-90, deg C]
# name 2 = t190C: Temperature, 2 [ITS-90, deg C]
# name 3 = c0S/m: Conductivity [S/m]
# name 4 = c1S/m: Conductivity, 2 [S/m]
# name 5 = sbeox0V: Oxygen raw, SBE 43 [V]
# name 6 = flECO-AFL: Fluorescence, WET Labs ECO-AFL/FL [mg/m^3]
# name 7 = turbWETntu0: Turbidity, WET Labs ECO [NTU]
# name 8 = sal00: Salinity, Practical [PSU]
# name 9 = spar: SPAR/Surface Irradiance
# name 10 = par: PAR/Irradiance, Biospherical/Licor
# name 11 = cpar: CPAR/Corrected Irradiance [%]
# name 12 = depSM: Depth [salt water, m], lat = 59.9712
# name 13 = sal00: Salinity, Practical [PSU]
# name 14 = sal11: Salinity, Practical, 2 [PSU]
# name 15 = sbeox0ML/L: Oxygen, SBE 43 [ml/l], WS = 2
# name 16 = svCM: Sound Velocity [Chen-Millero, m/s]
# name 17 = sigma-é00: Density [sigma-theta, kg/m^3]
# name 18 = sigma-é11: Density, 2 [sigma-theta, kg/m^3]
# name 19 = avgsvCM: Average Sound Velocity [Chen-Millero, m/s], minP = 20, minS = 20
# name 20 = flag: flag
# span 0 =      3.029,   1218.004       
# span 1 =     3.3216,     8.5355       
# span 2 =     3.3233,     8.5378       
# span 3 =   3.227431,   3.651881       
# span 4 =   3.227321,   3.651858       
# span 5 =     1.9184,     2.4102       
# span 6 =    -0.4135,     0.7190       
# span 7 =     0.3403,     0.6143       
# span 8 =    34.7876,    34.9239       
# span 9 = 3.8150e-01, 2.3369e+00       
# span 10 = 1.0000e-12, 1.0000e-12      
# span 11 = -2.690e+04, 8.1952e+04      
# span 12 =      3.000,   1203.000      
# span 13 =    34.7776,    34.9248      
# span 14 =    34.7839,    34.9207      
# span 15 =     5.3833,     5.6284      
# span 16 =    1469.04,    1484.42      
# span 17 =    27.0255,    27.7507      
# span 18 =    27.0220,    27.7482      
# span 19 =       0.00,    1484.11      
# span 20 = 0.0000e+00, 0.0000e+00      
# interval = meters: 1                  
# start_time = Aug 06 2017 21:22:51 [NMEA time, header]
# bad_flag = -9.990e-29
*END*
      3.029     8.5257     8.5271   3.651039   3.650852     2.4102     0.4782     0.3858    34.7950 1.1304e+00 1.0000e-12 4.4301e+04      3.000    34.7950    34.7916     5.5712    1484.24    27.0326    27.0297       0.00 0.0000e+00
      4.038     8.5355     8.5378   3.651321   3.651161     2.4068     0.4595     0.4452    34.7876 1.2268e+00 1.0000e-12 3.9967e+04      4.000    34.7878    34.7839     5.5609    1484.29    27.0255    27.0220       0.00 0.0000e+00
      5.048     8.5302     8.5329   3.650960   3.650884     2.4081     0.4921     0.4248    34.7887 9.1678e-01 1.0000e-12 5.4378e+04      5.000    34.7888    34.7852     5.5662    1484.28    27.0271    27.0239       0.00 0.0000e+00
      6.057     8.5301     8.5317   3.650926   3.650743     2.4079     0.4531     0.3851    34.7878 1.2447e+00 1.0000e-12 3.9043e+04      6.000    34.7880    34.7844     5.5661    1484.30    27.0265    27.0234       0.00 0.0000e+00
      7.067     8.5346     8.5367   3.651881   3.651558     2.4077     0.4893     0.3874    34.7931 1.2555e+00 1.0000e-12 3.6383e+04      7.000    34.7931    34.7877     5.5657    1484.34    27.0298    27.0253       0.00 0.0000e+00
      8.076     8.5243     8.5259   3.651298   3.651103     2.4079     0.4366     0.3874    34.7969 1.0234e+00 1.0000e-12 5.0691e+04      8.000    34.7967    34.7930     5.5681    1484.32    27.0343    27.0311       0.00 0.0000e+00
      9.086     8.5194     8.5209   3.650854   3.650675     2.4081     0.4628     0.3900    34.7969 9.7886e-01 1.0000e-12 4.9858e+04      9.000    34.7964    34.7929     5.5699    1484.32    27.0348    27.0319       0.00 0.0000e+00
     10.095     8.5123     8.5142   3.650210   3.650055     2.4079     0.4246     0.3841    34.7967 1.2091e+00 1.0000e-12 3.5768e+04     10.000    34.7960    34.7925     5.5712    1484.31    27.0356    27.0326       0.00 0.0000e+00
     11.105     8.5146     8.5170   3.650461   3.650293     2.4074     0.4236     0.3827    34.7956 1.0598e+00 1.0000e-12 4.7601e+04     11.000    34.7959    34.7918     5.5701    1484.33    27.0352    27.0316       0.00 0.0000e+00
     12.115     8.5034     8.5043   3.649390   3.649155     2.4058     0.4343     0.3845    34.7959 1.1426e+00 1.0000e-12 3.9561e+04     12.000    34.7951    34.7917     5.5677    1484.31    27.0363    27.0335       0.00 0.0000e+00
     13.124     8.5173     8.5129   3.650711   3.649949     2.4054     0.4564     0.4012    34.7944 1.0197e+00 1.0000e-12 4.5859e+04     13.000    34.7949    34.7912     5.5654    1484.38    27.0340    27.0318       0.00 0.0000e+00
     14.134     8.5234     8.5354   3.651347   3.651858     2.4063     0.4564     0.3912    34.7935 9.0807e-01 1.0000e-12 5.1787e+04     14.000    34.7951    34.7888     5.5678    1484.42    27.0333    27.0264       0.00 0.0000e+00
     15.143     8.5201     8.5265   3.650593   3.651045     2.4054     0.4891     0.3839    34.7917 1.1419e+00 1.0000e-12 4.4324e+04     15.000    34.7900    34.7884     5.5666    1484.41    27.0298    27.0275       0.00 0.0000e+00
     16.153     8.4435     8.4471   3.643627   3.643618     2.4018     0.5207     0.3940    34.7941 1.0537e+00 1.0000e-12 4.5864e+04     16.000    34.7911    34.7875     5.5668    1484.15    27.0425    27.0391       0.00 0.0000e+00
     17.162     8.4175     8.4209   3.641170   3.641129     2.3995     0.5414     0.3878    34.7937 1.1302e+00 1.0000e-12 4.6668e+04     17.000    34.7903    34.7864     5.5643    1484.06    27.0459    27.0424       0.00 0.0000e+00
     18.172     8.4176     8.4108   3.641469   3.640512     2.3994     0.5098     0.3850    34.7944 7.6469e-01 1.0000e-12 5.9823e+04     18.000    34.7929    34.7894     5.5644    1484.08    27.0479    27.0463       0.00 0.0000e+00
     19.182     8.4126     8.4100   3.640973   3.640407     2.4007     0.4752     0.3831    34.7937 9.7011e-01 1.0000e-12 4.9756e+04     19.000    34.7920    34.7885     5.5698    1484.08    27.0481    27.0457       0.00 0.0000e+00
     20.191     8.4210     8.4233   3.641824   3.641710     2.4035     0.4741     0.3843    34.7933 9.0743e-01 1.0000e-12 5.1620e+04     20.000    34.7923    34.7887     5.5777    1484.13    27.0470    27.0438     939.82 0.0000e+00
     21.201     8.3972     8.4039   3.638905   3.639683     2.4002     0.4857     0.3893    34.7912 1.0729e+00 1.0000e-12 4.3037e+04     21.000    34.7842    34.7859     5.5719    1484.05    27.0444    27.0446    1469.88 0.0000e+00
     22.211     8.3024     8.3042   3.630841   3.630690     2.3983     0.4626     0.3878    34.7961 1.0315e+00 1.0000e-12 4.5232e+04     22.000    34.7917    34.7883     5.5793    1483.72    27.0648    27.0619    1484.11 0.0000e+00
     23.220     8.2690     8.2707   3.627681   3.627602     2.3958     0.4638     0.3878    34.7960 7.3369e-01 1.0000e-12 6.1045e+04     23.000    34.7905    34.7880     5.5770    1483.61    27.0690    27.0668    1484.09 0.0000e+00
     24.230     8.1966     8.1989   3.620727   3.620934     2.3931     0.4710     0.3853    34.7969 9.8529e-01 1.0000e-12 5.4280e+04     24.000    34.7875    34.7875     5.5797    1483.35    27.0777    27.0773    1484.06 0.0000e+00
     25.239     8.0799     8.0814   3.610511   3.610363     2.3921     0.5323     0.3962    34.8015 9.6325e-01 1.0000e-12 5.6239e+04     25.000    34.7936    34.7905     5.5928    1482.94    27.1001    27.0974    1484.03 0.0000e+00
     26.249     8.0707     8.0734   3.609877   3.609766     2.3923     0.5316     0.3829    34.8014 7.7260e-01 1.0000e-12 5.9252e+04     26.000    34.7954    34.7916     5.5951    1482.92    27.1029    27.0995    1483.98 0.0000e+00
     27.259     8.0516     8.0557   3.608180   3.608229     2.3923     0.5198     0.3812    34.8010 1.3191e+00 1.0000e-12 3.7250e+04     27.000    34.7957    34.7922     5.5984    1482.86    27.1061    27.1027    1483.94 0.0000e+00
     28.268     8.0407     8.0425   3.607306   3.607133     2.3931     0.5516     0.3969    34.8008 9.0497e-01 1.0000e-12 5.1750e+04     28.000    34.7966    34.7930     5.6029    1482.84    27.1084    27.1053    1483.90 0.0000e+00
     29.278     7.9449     7.9501   3.596720   3.598079     2.3794     0.5214     0.3793    34.8020 1.1414e+00 1.0000e-12 3.9402e+04     29.000    34.7776    34.7871     5.5763    1482.47    27.1078    27.1145    1483.87 0.0000e+00
     30.288     7.4559     7.4586   3.553674   3.554124     2.3658     0.5307     0.3828    34.8306 8.7803e-01 1.0000e-12 5.3382e+04     30.000    34.8003    34.8025     5.6016    1480.66    27.1974    27.1987    1483.79 0.0000e+00
     31.297     7.3789     7.3811   3.547859   3.547797     2.3664     0.5362     0.3819    34.8337 7.1531e-01 1.0000e-12 6.2021e+04     31.000    34.8138    34.8108     5.6142    1480.40    27.2191    27.2164    1483.67 0.0000e+00
     32.307     7.2763     7.3409   3.539200   3.544416     2.3631     0.5614     0.3862    34.8373 9.2580e-01 1.0000e-12 5.4859e+04     32.000    34.8220    34.8139     5.6189    1480.03    27.2402    27.2245    1483.57 0.0000e+00
     33.317     7.1282     7.1290   3.524779   3.525892     2.3498     0.5639     0.3833    34.8458 1.2761e+00 1.0000e-12 3.2100e+04     33.000    34.8127    34.8242     5.5999    1479.47    27.2538    27.2627    1483.45 0.0000e+00
     34.326     6.7999     6.8009   3.495364   3.496819     2.3410     0.5635     0.3822    34.8671 7.9902e-01 1.0000e-12 5.7577e+04     34.000    34.8204    34.8354     5.6191    1478.22    27.3053    27.3170    1483.31 0.0000e+00
     35.336     6.6635     6.6651   3.486557   3.486068     2.3352     0.5734     0.3789    34.8837 1.2307e+00 1.0000e-12 3.8911e+04     35.000    34.8609    34.8539     5.6197    1477.76    27.3559    27.3501    1483.16 0.0000e+00
     36.346     6.6460     6.6617   3.484434   3.485517     2.3281     0.6480     0.3799    34.8729 9.6127e-01 1.0000e-12 4.9692e+04     36.000    34.8547    34.8507     5.6014    1477.70    27.3533    27.3481    1482.99 0.0000e+00
     37.355     6.4350     6.4354   3.465524   3.465759     2.3200     0.6669     0.3775    34.8841 9.0923e-01 1.0000e-12 5.1696e+04     37.000    34.8587    34.8609     5.6067    1476.89    27.3848    27.3865    1482.84 0.0000e+00
     38.365     6.3525     6.3535   3.458127   3.458452     2.3133     0.6493     0.3800    34.8863 1.0426e+00 1.0000e-12 4.4646e+04     38.000    34.8598    34.8625     5.5984    1476.59    27.3966    27.3985    1482.68 0.0000e+00
     39.375     6.1992     6.2009   3.445343   3.445201     2.3062     0.6714     0.3787    34.8933 8.5996e-01 1.0000e-12 5.6197e+04     39.000    34.8731    34.8697     5.5983    1476.02    27.4272    27.4243    1482.52 0.0000e+00
     40.385     6.0703     6.0684   3.433296   3.433329     2.2950     0.7190     0.3774    34.8944 1.1491e+00 1.0000e-12 4.1413e+04     40.000    34.8694    34.8718     5.5828    1475.52    27.4409    27.4431    1482.35 0.0000e+00
     41.394     5.9262     5.9284   3.420655   3.420931     2.2876     0.6583     0.3831    34.8998 1.1850e+00 1.0000e-12 3.7116e+04     41.000    34.8745    34.8753     5.5807    1474.97    27.4634    27.4638    1482.17 0.0000e+00
     42.404     5.8600     5.8624   3.415521   3.415348     2.2846     0.5766     0.3793    34.9010 1.0958e+00 1.0000e-12 4.3274e+04     42.000    34.8842    34.8797     5.5811    1474.74    27.4795    27.4756    1481.97 0.0000e+00
     43.414     5.8362     5.8346   3.413045   3.412897     2.2831     0.6318     0.3736    34.8963 8.9340e-01 1.0000e-12 5.5762e+04     43.000    34.8802    34.8801     5.5806    1474.65    27.4793    27.4795    1481.82 0.0000e+00
     44.423     5.7344     5.7357   3.403914   3.404034     2.2794     0.5175     0.3825    34.8991 9.4101e-01 1.0000e-12 5.0116e+04     44.000    34.8811    34.8811     5.5845    1474.27    27.4928    27.4927    1481.66 0.0000e+00
     45.433     5.6616     5.6604   3.397818   3.397501     2.2748     0.4743     0.3804    34.9018 8.1272e-01 1.0000e-12 5.6849e+04     45.000    34.8866    34.8841     5.5809    1474.00    27.5062    27.5044    1481.50 0.0000e+00
     46.443     5.5924     5.5921   3.391843   3.391561     2.2679     0.5114     0.3776    34.9019 9.2294e-01 1.0000e-12 5.3876e+04     46.000    34.8896    34.8867     5.5698    1473.74    27.5171    27.5149    1481.32 0.0000e+00
     47.453     5.5493     5.5515   3.387895   3.388014     2.2595     0.4983     0.3769    34.9012 1.2023e+00 1.0000e-12 3.9014e+04     47.000    34.8887    34.8878     5.5501    1473.59    27.5218    27.5208    1481.15 0.0000e+00
     48.462     5.4509     5.4514   3.378307   3.378757     2.2531     0.4417     0.3726    34.9013 6.5380e-01 1.0000e-12 6.5258e+04     48.000    34.8806    34.8853     5.5450    1473.20    27.5274    27.5310    1480.99 0.0000e+00
     49.472     5.3171     5.3170   3.366333   3.366713     2.2451     0.3825     0.3726    34.9051 9.6232e-01 1.0000e-12 4.8907e+04     49.000    34.8819    34.8863     5.5395    1472.68    27.5446    27.5481    1480.82 0.0000e+00
     50.482     5.1454     5.1989   3.351946   3.356246     2.2324     0.3667     0.3740    34.9089 8.9608e-01 1.0000e-12 5.5722e+04     50.000    34.8947    34.8885     5.5245    1472.02    27.5752    27.5639    1480.63 0.0000e+00
     51.492     5.0527     5.0460   3.343283   3.342650     2.2250     0.3503     0.3726    34.9080 7.7028e-01 1.0000e-12 5.9098e+04     51.000    34.8910    34.8907     5.5150    1471.65    27.5832    27.5838    1480.48 0.0000e+00
     52.502     5.0221     5.0243   3.341006   3.340909     2.2239     0.1584     0.3726    34.9090 1.2473e+00 1.0000e-12 3.3776e+04     52.000    34.8962    34.8927     5.5165    1471.55    27.5909    27.5878    1480.31 0.0000e+00
     53.511     5.0049     5.0068   3.339495   3.339324     2.2230     0.0886     0.3706    34.9073 9.0662e-01 1.0000e-12 5.6312e+04     53.000    34.8961    34.8922     5.5169    1471.50    27.5929    27.5895    1480.14 0.0000e+00
     54.521     4.9815     4.9837   3.337465   3.337342     2.2220     0.1304     0.3673    34.9048 6.7738e-01 1.0000e-12 6.5022e+04     54.000    34.8966    34.8928     5.5176    1471.42    27.5959    27.5927    1479.97 0.0000e+00
     55.531     4.9548     4.9564   3.335239   3.335025     2.2207     0.0893     0.3713    34.9054 1.0247e+00 1.0000e-12 4.5582e+04     55.000    34.8982    34.8940     5.5179    1471.33    27.6003    27.5969    1479.82 0.0000e+00
     56.541     4.9317     4.9336   3.333073   3.332961     2.2191     0.0391     0.3704    34.9040 7.6914e-01 1.0000e-12 6.1256e+04     56.000    34.8967    34.8934     5.5170    1471.25    27.6019    27.5990    1479.66 0.0000e+00
     57.550     4.9088     4.9108   3.331172   3.331000     2.2176     0.0536     0.3673    34.9034 7.0756e-01 1.0000e-12 6.2492e+04     57.000    34.8980    34.8940     5.5164    1471.18    27.6056    27.6021    1479.52 0.0000e+00
     58.560     4.8951     4.8969   3.329798   3.329753     2.2152     0.0449     0.3653    34.9020 1.0403e+00 1.0000e-12 4.7662e+04     58.000    34.8960    34.8935     5.5115    1471.13    27.6055    27.6033    1479.37 0.0000e+00
     59.570     4.8423     4.8439   3.324801   3.324837     2.2137     0.0198     0.3678    34.9011 1.0203e+00 1.0000e-12 4.5750e+04     59.000    34.8927    34.8914     5.5151    1470.93    27.6090    27.6078    1479.23 0.0000e+00
     60.580     4.8123     4.8142   3.322321   3.322238     2.2132    -0.0148     0.3678    34.9015 8.0299e-01 1.0000e-12 5.9929e+04     60.000    34.8948    34.8918     5.5185    1470.83    27.6141    27.6115    1479.09 0.0000e+00
     61.590     4.7824     4.7844   3.319760   3.319700     2.2119    -0.0191     0.3650    34.9001 1.0074e+00 1.0000e-12 4.7542e+04     61.000    34.8959    34.8931     5.5194    1470.72    27.6184    27.6160    1478.95 0.0000e+00
     62.599     4.7622     4.7640   3.317772   3.317737     2.2100    -0.0299     0.3662    34.8992 7.3390e-01 1.0000e-12 6.4665e+04     62.000    34.8934    34.8911     5.5172    1470.65    27.6187    27.6167    1478.81 0.0000e+00
     63.609     4.7295     4.7312   3.315160   3.315047     2.2087    -0.0440     0.3720    34.9021 8.4997e-01 1.0000e-12 5.4892e+04     63.000    34.8968    34.8936     5.5183    1470.54    27.6251    27.6224    1478.68 0.0000e+00
     64.619     4.7134     4.7151   3.313832   3.313720     2.2048    -0.0345     0.3700    34.9022 7.2247e-01 1.0000e-12 6.1641e+04     64.000    34.8976    34.8945     5.5086    1470.49    27.6276    27.6249    1478.54 0.0000e+00
     65.629     4.6894     4.6907   3.311686   3.311492     2.1993    -0.0545     0.3696    34.9010 8.6612e-01 1.0000e-12 5.7910e+04     65.000    34.8973    34.8937     5.4951    1470.41    27.6300    27.6271    1478.42 0.0000e+00
     66.639     4.6749     4.6768   3.310325   3.310244     2.1964    -0.0844     0.3691    34.9005 1.0042e+00 1.0000e-12 4.6689e+04     66.000    34.8961    34.8932     5.4885    1470.37    27.6307    27.6283    1478.29 0.0000e+00
     67.649     4.6211     4.6228   3.305230   3.305203     2.1932    -0.1164     0.3632    34.8985 7.8663e-01 1.0000e-12 5.8235e+04     67.000    34.8926    34.8905     5.4868    1470.16    27.6340    27.6322    1478.19 0.0000e+00
     68.659     4.5970     4.5989   3.303500   3.303348     2.1902    -0.1427     0.6143    34.9011 6.9619e-01 1.0000e-12 6.5143e+04     68.000    34.8973    34.8935     5.4813    1470.08    27.6404    27.6372    1478.05 0.0000e+00
     69.668     4.5678     4.5692   3.300516   3.300494     2.1886    -0.2074     0.3568    34.8986 1.0754e+00 1.0000e-12 4.2818e+04     69.000    34.8925    34.8908     5.4812    1469.97    27.6399    27.6384    1477.95 0.0000e+00
     70.678     4.5412     4.5428   3.298295   3.298108     2.1873    -0.2380     0.3653    34.8984 8.1729e-01 1.0000e-12 5.6607e+04     70.000    34.8941    34.8902     5.4817    1469.88    27.6441    27.6408    1477.83 0.0000e+00
