Ship_data/Irminger/Irminger-4/ctd/process/dar21_005.cnv
* Sea-Bird SBE 9 Data File:
* FileName = D:\Data\AR21_005.hdr
* Software Version Seasave V 7.23.2
* Temperature SN = 4155
* Conductivity SN = 2645
* Number of Bytes Per Scan = 40
* Number of Voltage Words = 5
* Number of Scans Averaged by the Deck Unit = 1
* NMEA Latitude = 50 47.19 N
* NMEA Longitude = 047 19.09 W
* NMEA UTC (Time) = Aug 02 2017  17:41:30
# nquan = 21
# nvalues = 1003                        
# units = specified
# name 0 = prDM: Pressure, Digiquartz [db]
# name 1 = t090C: Temperature [ITS-90, deg C]
# name 2 = t190C: Temperature, 2 [ITS-90, deg C]
# name 3 = c0S/m: Conductivity [S/m]
# name 4 = c1S/m: Conductivity, 2 [S/m]
# name 5 = sbeox0V: Oxygen raw, SBE 43 [V]
# name 6 = flECO-AFL: Fluorescence, WET Labs ECO-AFL/FL [mg/m^3]
# name 7 = turbWETntu0: Turbidity, WET Labs ECO [NTU]
# name 8 = sal00: Salinity, Practical [PSU]
# name 9 = spar: SPAR/Surface Irradiance
# name 10 = par: PAR/Irradiance, Biospherical/Licor
# name 11 = cpar: CPAR/Corrected Irradiance [%]
# name 12 = depSM: Depth [salt water, m], lat = 50.7865
# name 13 = sal00: Salinity, Practical [PSU]
# name 14 = sal11: Salinity, Practical, 2 [PSU]
# name 15 = sbeox0ML/L: Oxygen, SBE 43 [ml/l], WS = 2
# name 16 = svCM: Sound Velocity [Chen-Millero, m/s]
# name 17 = sigma-é00: Density [sigma-theta, kg/m^3]
# name 18 = sigma-é11: Density, 2 [sigma-theta, kg/m^3]
# name 19 = avgsvCM: Average Sound Velocity [Chen-Millero, m/s], minP = 20, minS = 20
# name 20 = flag: flag
# span 0 =      4.035,   1017.257       
# span 1 =     3.1944,    10.9374       
# span 2 =     3.1959,    10.9164       
# span 3 =   3.161105,   3.780334       
# span 4 =   3.161106,   3.778175       
# span 5 =     1.5594,     2.4779       
# span 6 =    -0.4144,     2.4342       
# span 7 =     0.3438,     0.5410       
# span 8 =    33.8186,    34.9347       
# span 9 = 1.7428e-03, 1.8880e+00       
# span 10 = 1.0000e-12, 1.0000e-12      
# span 11 = 1.1447e+04, 9.9930e+04      
# span 12 =      4.000,   1006.000      
# span 13 =    33.8076,    34.9339      
# span 14 =    33.8136,    34.8703      
# span 15 =     3.8757,     5.8436      
# span 16 =    1464.17,    1491.80      
# span 17 =    25.8692,    27.7985      
# span 18 =    25.8706,    27.7518      
# span 19 =       0.00,    1488.41      
# span 20 = 0.0000e+00, 0.0000e+00      
# interval = meters: 1                  
# start_time = Aug 02 2017 17:41:30 [NMEA time, header]
# bad_flag = -9.990e-29
*END*
[from data line 621]
    631.410     3.4441     3.4433   3.227196   3.223182     1.6088    -0.3951     0.3482    34.9150 6.6139e-01 1.0000e-12 6.4415e+04    625.000    34.9148    34.8675     3.9809    1474.54    27.7791    27.7414    1470.20 0.0000e+00
    632.422     3.4435     3.4425   3.227231   3.223157     1.6092    -0.3800     0.3487    34.9155 8.2075e-01 1.0000e-12 6.0835e+04    626.000    34.9154    34.8675     3.9826    1474.56    27.7796    27.7415    1470.21 0.0000e+00
    633.434     3.4435     3.4412   3.227269   3.223078     1.6098    -0.3724     0.3488    34.9154 1.0732e+00 1.0000e-12 4.2506e+04    627.000    34.9153    34.8674     3.9854    1474.57    27.7795    27.7416    1470.21 0.0000e+00
    634.446     3.4435     3.4404   3.227296   3.223045     1.6106    -0.3821     0.3484    34.9152 3.7753e-01 1.0000e-12 7.9955e+04    628.000    34.9150    34.8674     3.9887    1474.59    27.7794    27.7416    1470.22 0.0000e+00
    635.458     3.4426     3.4396   3.227326   3.223015     1.6113    -0.3937     0.3469    34.9160 8.5069e-01 1.0000e-12 5.9327e+04    629.000    34.9159    34.8673     3.9921    1474.60    27.7801    27.7416    1470.23 0.0000e+00
    636.469     3.4415     3.4369   3.227360   3.222791     1.6122    -0.3858     0.3450    34.9170 9.4371e-01 1.0000e-12 4.9791e+04    630.000    34.9169    34.8669     3.9959    1474.62    27.7811    27.7417    1470.23 0.0000e+00
    637.481     3.4408     3.4341   3.227385   3.222567     1.6131    -0.3739     0.3483    34.9175 9.4174e-01 1.0000e-12 5.4283e+04    631.000    34.9173    34.8666     3.9996    1474.63    27.7815    27.7417    1470.24 0.0000e+00
    638.493     3.4390     3.4337   3.227401   3.222572     1.6143    -0.3733     0.3510    34.9192 6.1080e-01 1.0000e-12 6.7553e+04    632.000    34.9190    34.8666     4.0049    1474.64    27.7830    27.7417    1470.25 0.0000e+00
    639.505     3.4334     3.4336   3.227413   3.222620     1.6142    -0.3934     0.3486    34.9249 1.0668e+00 1.0000e-12 4.8003e+04    633.000    34.9246    34.8668     4.0053    1474.64    27.7880    27.7419    1470.26 0.0000e+00
    640.517     3.4327     3.4342   3.227449   3.222727     1.6128    -0.3738     0.3487    34.9255 5.5206e-01 1.0000e-12 7.5712e+04    634.000    34.9252    34.8669     4.0011    1474.66    27.7886    27.7419    1470.26 0.0000e+00
    641.529     3.4329     3.4349   3.227487   3.222851     1.6125    -0.3882     0.3630    34.9251 6.6559e-01 1.0000e-12 6.4619e+04    635.000    34.9249    34.8671     4.0005    1474.67    27.7883    27.7420    1470.27 0.0000e+00
    642.540     3.4336     3.4349   3.227528   3.222888     1.6128    -0.3864     0.3641    34.9243 8.2815e-01 1.0000e-12 5.6030e+04    636.000    34.9241    34.8670     4.0018    1474.69    27.7876    27.7420    1470.28 0.0000e+00
    643.552     3.4346     3.4342   3.227570   3.222864     1.6133    -0.3729     0.3531    34.9232 6.9043e-01 1.0000e-12 6.3342e+04    637.000    34.9230    34.8669     4.0041    1474.71    27.7867    27.7420    1470.28 0.0000e+00
    644.564     3.4359     3.4334   3.227595   3.222834     1.6154    -0.3903     0.3492    34.9215 5.2532e-01 1.0000e-12 7.2108e+04    638.000    34.9214    34.8669     4.0121    1474.73    27.7852    27.7420    1470.29 0.0000e+00
    645.576     3.4347     3.4323   3.227585   3.222773     1.6182    -0.3965     0.3454    34.9222 6.7303e-01 1.0000e-12 6.4266e+04    639.000    34.9220    34.8668     4.0231    1474.74    27.7859    27.7420    1470.30 0.0000e+00
    646.588     3.4319     3.4314   3.227598   3.222736     1.6177    -0.4090     0.3469    34.9248 1.1444e+00 1.0000e-12 3.9241e+04    640.000    34.9246    34.8667     4.0219    1474.75    27.7882    27.7421    1470.30 0.0000e+00
    647.600     3.4317     3.4308   3.227633   3.222722     1.6168    -0.3939     0.3531    34.9248 7.0939e-01 1.0000e-12 6.8542e+04    641.000    34.9247    34.8666     4.0195    1474.77    27.7883    27.7421    1470.31 0.0000e+00
    648.612     3.4316     3.4295   3.227666   3.222633     1.6164    -0.3927     0.3492    34.9248 4.1091e-01 1.0000e-12 7.8017e+04    642.000    34.9247    34.8665     4.0186    1474.78    27.7883    27.7421    1470.32 0.0000e+00
    649.623     3.4322     3.4271   3.227703   3.222433     1.6170    -0.3938     0.3489    34.9240 6.2527e-01 1.0000e-12 6.6802e+04    643.000    34.9240    34.8661     4.0210    1474.80    27.7877    27.7420    1470.33 0.0000e+00
    650.635     3.4340     3.4242   3.227741   3.222215     1.6184    -0.3839     0.3509    34.9219 8.9698e-01 1.0000e-12 5.6273e+04    644.000    34.9219    34.8660     4.0265    1474.82    27.7859    27.7422    1470.33 0.0000e+00
    651.647     3.4350     3.4233   3.227762   3.222162     1.6214    -0.3844     0.3506    34.9206 4.9276e-01 1.0000e-12 7.7544e+04    645.000    34.9206    34.8658     4.0378    1474.84    27.7847    27.7421    1470.34 0.0000e+00
    652.659     3.4333     3.4267   3.227773   3.222568     1.6237    -0.3814     0.3482    34.9220 2.5528e-01 1.0000e-12 8.6421e+04    646.000    34.9220    34.8666     4.0470    1474.86    27.7860    27.7425    1470.35 0.0000e+00
    653.671     3.4317     3.4279   3.227796   3.222745     1.6259    -0.3821     0.3482    34.9235 9.4649e-01 1.0000e-12 4.9748e+04    647.000    34.9234    34.8668     4.0555    1474.87    27.7873    27.7425    1470.35 0.0000e+00
    654.683     3.4307     3.4298   3.227819   3.222983     1.6278    -0.3899     0.3482    34.9243 4.8365e-01 1.0000e-12 7.4321e+04    648.000    34.9242    34.8671     4.0632    1474.88    27.7880    27.7426    1470.36 0.0000e+00
    655.695     3.4300     3.4297   3.227838   3.223002     1.6301    -0.3820     0.3466    34.9248 6.4037e-01 1.0000e-12 6.8979e+04    649.000    34.9246    34.8670     4.0722    1474.89    27.7885    27.7425    1470.37 0.0000e+00
    656.707     3.4304     3.4302   3.227837   3.223116     1.6325    -0.3767     0.3488    34.9238 4.1237e-01 1.0000e-12 7.7844e+04    650.000    34.9238    34.8672     4.0815    1474.91    27.7877    27.7427    1470.37 0.0000e+00
    657.719     3.4303     3.4304   3.227838   3.223186     1.6325    -0.3758     0.3484    34.9233 3.7403e-01 1.0000e-12 8.4339e+04    651.000    34.9232    34.8673     4.0819    1474.93    27.7873    27.7427    1470.38 0.0000e+00
    658.731     3.4305     3.4282   3.227871   3.222991     1.6323    -0.4091     0.3478    34.9230 3.1270e-01 1.0000e-12 8.3320e+04    652.000    34.9230    34.8668     4.0818    1474.94    27.7871    27.7426    1470.39 0.0000e+00
    659.742     3.4306     3.4226   3.227914   3.222507     1.6324    -0.3740     0.3447    34.9228 6.3059e-01 1.0000e-12 6.6519e+04    653.000    34.9228    34.8663     4.0827    1474.96    27.7870    27.7427    1470.39 0.0000e+00
    660.754     3.4311     3.4180   3.227952   3.222070     1.6331    -0.3733     0.3438    34.9222 7.5226e-01 1.0000e-12 6.0059e+04    654.000    34.9222    34.8655     4.0855    1474.98    27.7865    27.7425    1470.40 0.0000e+00
    661.766     3.4309     3.4157   3.227981   3.221910     1.6343    -0.3851     0.3467    34.9222 1.0562e+00 1.0000e-12 4.3924e+04    655.000    34.9222    34.8655     4.0905    1475.00    27.7865    27.7427    1470.41 0.0000e+00
    662.778     3.4294     3.4139   3.228018   3.221766     1.6359    -0.3930     0.3483    34.9238 3.1630e-01 1.0000e-12 8.3206e+04    656.000    34.9237    34.8652     4.0971    1475.01    27.7878    27.7426    1470.42 0.0000e+00
    663.790     3.4272     3.4132   3.228045   3.221736     1.6379    -0.3928     0.3482    34.9260 8.4524e-01 1.0000e-12 5.5123e+04    657.000    34.9259    34.8650     4.1051    1475.02    27.7898    27.7426    1470.42 0.0000e+00
    664.802     3.4258     3.4142   3.228072   3.221893     1.6414    -0.3938     0.3487    34.9273 6.7015e-01 1.0000e-12 6.4419e+04    658.000    34.9272    34.8653     4.1185    1475.03    27.7909    27.7427    1470.43 0.0000e+00
    665.814     3.4265     3.4162   3.228019   3.222149     1.6462    -0.3802     0.3505    34.9253 5.3415e-01 1.0000e-12 7.1640e+04    659.000    34.9252    34.8657     4.1365    1475.05    27.7893    27.7428    1470.44 0.0000e+00
    666.826     3.4247     3.4147   3.228030   3.222044     1.6455    -0.3803     0.3508    34.9268 1.2352e+00 1.0000e-12 3.4419e+04    660.000    34.9267    34.8655     4.1346    1475.06    27.7907    27.7429    1470.44 0.0000e+00
    667.838     3.4225     3.4143   3.228067   3.222055     1.6453    -0.3785     0.3490    34.9291 8.2384e-01 1.0000e-12 5.6259e+04    661.000    34.9290    34.8656     4.1345    1475.07    27.7927    27.7430    1470.45 0.0000e+00
    668.850     3.4208     3.4142   3.228100   3.222098     1.6452    -0.3943     0.3491    34.9309 7.7363e-01 1.0000e-12 5.8925e+04    662.000    34.9307    34.8656     4.1351    1475.08    27.7943    27.7430    1470.46 0.0000e+00
    669.862     3.4210     3.4137   3.228140   3.222099     1.6460    -0.3916     0.3482    34.9306 5.2279e-01 1.0000e-12 7.2243e+04    663.000    34.9304    34.8656     4.1383    1475.10    27.7941    27.7431    1470.46 0.0000e+00
    670.874     3.4232     3.4113   3.228184   3.221903     1.6471    -0.3927     0.3488    34.9281 6.2548e-01 1.0000e-12 6.6790e+04    664.000    34.9280    34.8653     4.1428    1475.12    27.7919    27.7431    1470.47 0.0000e+00
    671.886     3.4246     3.4096   3.228216   3.221796     1.6492    -0.3938     0.3485    34.9264 7.2911e-01 1.0000e-12 6.1289e+04    665.000    34.9265    34.8653     4.1508    1475.14    27.7906    27.7432    1470.48 0.0000e+00
    672.898     3.4239     3.4087   3.228234   3.221752     1.6516    -0.3938     0.3489    34.9269 5.2108e-01 1.0000e-12 7.2333e+04    666.000    34.9268    34.8651     4.1604    1475.16    27.7909    27.7432    1470.49 0.0000e+00
    673.910     3.4233     3.4079   3.228239   3.221708     1.6553    -0.3928     0.3485    34.9271 6.3812e-01 1.0000e-12 6.6119e+04    667.000    34.9270    34.8650     4.1744    1475.17    27.7911    27.7432    1470.49 0.0000e+00
    674.922     3.4260     3.4074   3.228223   3.221708     1.6587    -0.4043     0.3486    34.9233 5.5069e-01 1.0000e-12 7.3184e+04    668.000    34.9234    34.8650     4.1870    1475.19    27.7880    27.7432    1470.50 0.0000e+00
    675.934     3.4274     3.4061   3.228217   3.221651     1.6604    -0.3912     0.3484    34.9212 6.9425e-01 1.0000e-12 6.7850e+04    669.000    34.9213    34.8651     4.1937    1475.21    27.7862    27.7434    1470.51 0.0000e+00
    676.946     3.4263     3.4058   3.228239   3.221663     1.6606    -0.3959     0.3487    34.9221 8.9149e-01 1.0000e-12 5.2682e+04    670.000    34.9222    34.8650     4.1950    1475.23    27.7870    27.7434    1470.51 0.0000e+00
    677.958     3.4223     3.4057   3.228238   3.221702     1.6612    -0.4140     0.3492    34.9260 1.1386e+00 1.0000e-12 3.9548e+04    671.000    34.9259    34.8650     4.1980    1475.23    27.7904    27.7434    1470.52 0.0000e+00
    678.970     3.4187     3.4059   3.228248   3.221769     1.6618    -0.3984     0.3458    34.9296 7.8018e-01 1.0000e-12 6.4041e+04    672.000    34.9294    34.8652     4.2012    1475.24    27.7935    27.7435    1470.53 0.0000e+00
    679.982     3.4164     3.4062   3.228259   3.221834     1.6631    -0.3832     0.3478    34.9317 7.0599e-01 1.0000e-12 6.2497e+04    673.000    34.9314    34.8651     4.2069    1475.25    27.7954    27.7435    1470.53 0.0000e+00
    680.994     3.4185     3.4065   3.228276   3.221915     1.6651    -0.3593     0.3484    34.9290 9.1482e-01 1.0000e-12 5.1429e+04    674.000    34.9289    34.8652     4.2146    1475.27    27.7931    27.7435    1470.54 0.0000e+00
    682.006     3.4249     3.4065   3.228302   3.221968     1.6668    -0.3915     0.3492    34.9217 8.6942e-01 1.0000e-12 6.1511e+04    675.000    34.9217    34.8653     4.2207    1475.30    27.7868    27.7436    1470.55 0.0000e+00
    683.018     3.4239     3.4065   3.228308   3.222014     1.6682    -0.3732     0.3485    34.9223 3.7482e-01 1.0000e-12 8.0070e+04    676.000    34.9223    34.8652     4.2263    1475.32    27.7874    27.7436    1470.56 0.0000e+00
    684.030     3.4206     3.4068   3.228312   3.222081     1.6686    -0.3899     0.3487    34.9254 7.9838e-01 1.0000e-12 5.7611e+04    677.000    34.9253    34.8653     4.2288    1475.32    27.7901    27.7436    1470.56 0.0000e+00
    685.042     3.4178     3.4071   3.228319   3.222151     1.6693    -0.3831     0.3485    34.9281 7.5340e-01 1.0000e-12 5.9999e+04    678.000    34.9279    34.8653     4.2320    1475.33    27.7925    27.7435    1470.57 0.0000e+00
    686.054     3.4162     3.4071   3.228330   3.222214     1.6701    -0.3730     0.3494    34.9294 9.0284e-01 1.0000e-12 5.2065e+04    679.000    34.9293    34.8654     4.2357    1475.34    27.7937    27.7437    1470.58 0.0000e+00
    687.066     3.4275     3.4073   3.228344   3.222265     1.6703    -0.3809     0.3529    34.9166 6.0414e-01 1.0000e-12 6.7924e+04    680.000    34.9168    34.8653     4.2362    1475.39    27.7827    27.7436    1470.58 0.0000e+00
    688.078     3.4466     3.4073   3.228363   3.222319     1.6700    -0.3921     0.3488    34.8954 1.1614e+00 1.0000e-12 4.2576e+04    681.000    34.8961    34.8654     4.2337    1475.46    27.7643    27.7436    1470.59 0.0000e+00
    689.090     3.4344     3.4074   3.228345   3.222381     1.6703    -0.3725     0.3536    34.9081 9.9240e-01 1.0000e-12 5.9351e+04    682.000    34.9084    34.8655     4.2366    1475.44    27.7753    27.7437    1470.60 0.0000e+00
    690.102     3.4274     3.4064   3.228331   3.222319     1.6704    -0.3854     0.3511    34.9151 1.0968e+00 1.0000e-12 4.1981e+04    683.000    34.9152    34.8653     4.2381    1475.44    27.7814    27.7437    1470.61 0.0000e+00
    691.115     3.4225     3.4056   3.228330   3.222298     1.6706    -0.3940     0.3482    34.9198 7.7899e-01 1.0000e-12 5.8640e+04    684.000    34.9198    34.8653     4.2398    1475.44    27.7856    27.7438    1470.61 0.0000e+00
    692.127     3.4189     3.4049   3.228340   3.222270     1.6715    -0.3779     0.3486    34.9234 4.7785e-01 1.0000e-12 8.2777e+04    685.000    34.9232    34.8653     4.2440    1475.45    27.7886    27.7438    1470.62 0.0000e+00
    693.139     3.4159     3.4040   3.228352   3.222225     1.6718    -0.3690     0.3500    34.9263 3.4346e-01 1.0000e-12 8.1829e+04    686.000    34.9260    34.8652     4.2460    1475.45    27.7912    27.7438    1470.63 0.0000e+00
    694.151     3.4130     3.4034   3.228357   3.222222     1.6718    -0.3730     0.3521    34.9291 1.1293e+00 1.0000e-12 4.6704e+04    687.000    34.9287    34.8652     4.2469    1475.46    27.7936    27.7439    1470.63 0.0000e+00
    695.163     3.4052     3.4045   3.228142   3.222343     1.6716    -0.3770     0.3505    34.9347 6.1636e-01 1.0000e-12 6.7123e+04    688.000    34.9339    34.8650     4.2473    1475.45    27.7985    27.7436    1470.64 0.0000e+00
    696.175     3.4032     3.4037   3.226907   3.222327     1.6628    -0.3820     0.3521    34.9209 6.2783e-01 1.0000e-12 6.6666e+04    689.000    34.9207    34.8650     4.2164    1475.44    27.7882    27.7438    1470.65 0.0000e+00
    697.187     3.4032     3.4034   3.227159   3.222345     1.6601    -0.3939     0.3489    34.9232 8.8051e-01 1.0000e-12 5.3250e+04    690.000    34.9232    34.8651     4.2071    1475.46    27.7902    27.7439    1470.65 0.0000e+00
    698.199     3.4028     3.4027   3.227247   3.222332     1.6566    -0.3938     0.3482    34.9244 7.8419e-01 1.0000e-12 5.8365e+04    691.000    34.9241    34.8651     4.1948    1475.48    27.7910    27.7439    1470.66 0.0000e+00
    699.211     3.4025     3.4030   3.227223   3.222414     1.6542    -0.3938     0.3491    34.9240 6.2396e-01 1.0000e-12 6.6871e+04    692.000    34.9236    34.8652     4.1866    1475.49    27.7906    27.7440    1470.67 0.0000e+00
