Ship_data/Irminger/Irminger-4/ctd/process/dar21_008.cnv
* Sea-Bird SBE 9 Data File:
* FileName = D:\Data\AR21_008.hdr
* Software Version Seasave V 7.23.2
* Temperature SN = 4155
* Conductivity SN = 2645
* Number of Bytes Per Scan = 40
* Number of Voltage Words = 5
* Number of Scans Averaged by the Deck Unit = 1
* NMEA Latitude = 59 58.25 N
* NMEA Longitude = 039 30.62 W
* NMEA UTC (Time) = Aug 06 2017  14:47:54
# nquan = 21
# nvalues = 2599                        
# units = specified
# name 0 = prDM: Pressure, Digiquartz [db]
# name 1 = t090C: Temperature [ITS-90, deg C]
# name 2 = t190C: Temperature, 2 [ITS-90, deg C]
# name 3 = c0S/m: Conductivity [S/m]
# name 4 = c1S/m: Conductivity, 2 [S/m]
# name 5 = sbeox0V: Oxygen raw, SBE 43 [V]
# name 6 = flECO-AFL: Fluorescence, WET Labs ECO-AFL/FL [mg/m^3]
# name 7 = turbWETntu0: Turbidity, WET Labs ECO [NTU]
# name 8 = sal00: Salinity, Practical [PSU]
# name 9 = spar: SPAR/Surface Irradiance
# name 10 = par: PAR/Irradiance, Biospherical/Licor
# name 11 = cpar: CPAR/Corrected Irradiance [%]
# name 12 = depSM: Depth [salt water, m], lat = 59.9708
# name 13 = sal00: Salinity, Practical [PSU]
# name 14 = sal11: Salinity, Practical, 2 [PSU]
# name 15 = sbeox0ML/L: Oxygen, SBE 43 [ml/l], WS = 2
# name 16 = svCM: Sound Velocity [Chen-Millero, m/s]
# name 17 = sigma-é00: Density [sigma-theta, kg/m^3]
# name 18 = sigma-é11: Density, 2 [sigma-theta, kg/m^3]
# name 19 = avgsvCM: Average Sound Velocity [Chen-Millero, m/s], minP = 20, minS = 20
# name 20 = flag: flag
# span 0 =      5.048,   2644.302       
# span 1 =     1.8026,     8.5323       
# span 2 =     1.8135,     8.5332       
# span 3 =   3.169782,   3.652002       
# span 4 =   3.164589,   3.651774       
# span 5 =     1.2069,     2.4120       
# span 6 =    -0.4139,     1.5091       
# span 7 =     0.3310,     0.4820       
# span 8 =    34.7743,    35.2668       
# span 9 = 1.9822e-01, 2.0993e+00       
# span 10 = 1.0000e-12, 1.0000e-12      
# span 11 = 1.3444e+04, 8.9475e+04      
# span 12 =      5.000,   2603.000      
# span 13 =    34.7747,    35.2651      
# span 14 =    34.7908,    34.9299      
# span 15 =     3.2110,     5.6968      
# span 16 =    1469.13,    1501.38      
# span 17 =    27.0337,    28.1727      
# span 18 =    27.0307,    27.9128      
# span 19 =       0.00,    1505.20      
# span 20 = 0.0000e+00, 0.0000e+00      
# interval = meters: 1                  
# start_time = Aug 06 2017 14:47:54 [NMEA time, header]
# bad_flag = -9.990e-29
*END*
[from data line 2483]
   2526.788     2.0158     2.0013   3.201308   3.176792     1.2133    -0.3891     0.3498    35.1774 8.3859e-01 1.0000e-12 5.5692e+04   2488.000    35.1769    34.8921     3.3967    1500.43    28.1270    27.8996    1484.86 0.0000e+00
   2527.810     2.0133     2.0007   3.201102   3.176783     1.2134    -0.3937     0.3524    35.1771 1.0477e+00 1.0000e-12 5.6015e+04   2489.000    35.1765    34.8922     3.3980    1500.44    28.1269    27.8998    1484.87 0.0000e+00
   2528.831     2.0107     2.0005   3.200903   3.176815     1.2132    -0.3938     0.3571    35.1769 1.0205e+00 1.0000e-12 5.4180e+04   2490.000    35.1764    34.8923     3.3980    1500.44    28.1270    27.8998    1484.87 0.0000e+00
   2529.853     2.0089     2.0004   3.200696   3.176836     1.2136    -0.3767     0.3541    35.1759 1.0988e+00 1.0000e-12 4.5826e+04   2491.000    35.1753    34.8921     3.4007    1500.45    28.1263    27.8997    1484.88 0.0000e+00
   2530.874     2.0074     2.0002   3.200475   3.176860     1.2137    -0.3742     0.3533    35.1743 1.2871e+00 1.0000e-12 4.0831e+04   2492.000    35.1737    34.8922     3.4015    1500.46    28.1251    27.8998    1484.89 0.0000e+00
   2531.896     2.0062     1.9994   3.200297   3.176818     1.2140    -0.3866     0.3531    35.1729 1.4374e+00 1.0000e-12 3.3216e+04   2493.000    35.1724    34.8920     3.4037    1500.47    28.1242    27.8997    1484.89 0.0000e+00
   2532.917     2.0050     1.9948   3.200143   3.176433     1.2143    -0.3817     0.3559    35.1718 9.8272e-01 1.0000e-12 5.7347e+04   2494.000    35.1713    34.8918     3.4058    1500.48    28.1234    27.8999    1484.90 0.0000e+00
   2533.939     2.0035     1.9887   3.199986   3.175927     1.2144    -0.3823     0.3560    35.1710 1.1959e+00 1.0000e-12 4.1112e+04   2495.000    35.1705    34.8916     3.4068    1500.49    28.1229    27.9002    1484.90 0.0000e+00
   2534.961     2.0012     1.9867   3.199819   3.175823     1.2146    -0.3934     0.3551    35.1710 1.4237e+00 1.0000e-12 4.0030e+04   2496.000    35.1705    34.8919     3.4085    1500.50    28.1230    27.9007    1484.91 0.0000e+00
   2535.982     1.9987     1.9833   3.199694   3.175532     1.2151    -0.3752     0.3580    35.1716 1.4645e+00 1.0000e-12 3.3413e+04   2497.000    35.1711    34.8915     3.4115    1500.50    28.1238    27.9006    1484.92 0.0000e+00
   2537.004     2.0001     1.9785   3.199592   3.175154     1.2153    -0.3782     0.3550    35.1683 1.3172e+00 1.0000e-12 2.9970e+04   2498.000    35.1679    34.8916     3.4131    1500.52    28.1210    27.9011    1484.92 0.0000e+00
   2538.026     1.9999     1.9762   3.199333   3.175002     1.2155    -0.3929     0.3531    35.1650 1.5804e+00 1.0000e-12 3.1986e+04   2499.000    35.1644    34.8917     3.4147    1500.53    28.1183    27.9013    1484.93 0.0000e+00
   2539.047     1.9954     1.9750   3.199026   3.174930     1.2153    -0.3781     0.3570    35.1657 1.3732e+00 1.0000e-12 3.1821e+04   2500.000    35.1650    34.8916     3.4146    1500.53    28.1192    27.9013    1484.94 0.0000e+00
   2540.069     1.9920     1.9738   3.198810   3.174869     1.2155    -0.3868     0.3580    35.1662 1.2266e+00 1.0000e-12 3.4948e+04   2501.000    35.1656    34.8916     3.4161    1500.54    28.1199    27.9015    1484.94 0.0000e+00
   2541.091     1.9898     1.9734   3.198646   3.174867     1.2151    -0.3850     0.3560    35.1660 1.5064e+00 1.0000e-12 3.0007e+04   2502.000    35.1654    34.8916     3.4150    1500.54    28.1199    27.9015    1484.95 0.0000e+00
   2542.112     1.9870     1.9729   3.198489   3.174866     1.2152    -0.3788     0.3519    35.1667 1.2498e+00 1.0000e-12 3.3411e+04   2503.000    35.1660    34.8917     3.4162    1500.55    28.1206    27.9016    1484.95 0.0000e+00
   2543.134     1.9835     1.9724   3.198372   3.174869     1.2155    -0.3867     0.3508    35.1685 1.3552e+00 1.0000e-12 3.2012e+04   2504.000    35.1679    34.8917     3.4182    1500.55    28.1224    27.9016    1484.96 0.0000e+00
   2544.156     1.9817     1.9720   3.198351   3.174865     1.2156    -0.3739     0.3516    35.1697 1.7596e+00 1.0000e-12 2.4810e+04   2505.000    35.1692    34.8916     3.4196    1500.57    28.1236    27.9016    1484.97 0.0000e+00
   2545.177     1.9869     1.9686   3.198282   3.174591     1.2155    -0.3980     0.3483    35.1626 1.4967e+00 1.0000e-12 3.3681e+04   2506.000    35.1622    34.8914     3.4189    1500.60    28.1176    27.9017    1484.97 0.0000e+00
   2546.199     1.9884     1.9666   3.197997   3.174472     1.2153    -0.3971     0.3600    35.1570 9.5182e-01 1.0000e-12 5.7887e+04   2507.000    35.1565    34.8916     3.4187    1500.61    28.1129    27.9020    1484.98 0.0000e+00
   2547.221     1.9846     1.9663   3.197630   3.174497     1.2150    -0.3777     0.3553    35.1562 1.0279e+00 1.0000e-12 4.5378e+04   2508.000    35.1557    34.8917     3.4179    1500.61    28.1125    27.9022    1484.98 0.0000e+00
   2548.242     1.9817     1.9652   3.197392   3.174439     1.2146    -0.3734     0.3569    35.1559 1.4520e+00 1.0000e-12 2.7417e+04   2509.000    35.1554    34.8917     3.4168    1500.62    28.1125    27.9022    1484.99 0.0000e+00
   2549.264     1.9794     1.9640   3.197258   3.174352     1.2143    -0.3623     0.3580    35.1562 1.2607e+00 1.0000e-12 3.3181e+04   2510.000    35.1558    34.8914     3.4163    1500.62    28.1130    27.9021    1485.00 0.0000e+00
   2550.286     1.9860     1.9610   3.197451   3.174120     1.2138    -0.3757     0.3540    35.1506 1.3385e+00 1.0000e-12 3.6852e+04   2511.000    35.1505    34.8914     3.4135    1500.66    28.1083    27.9023    1485.00 0.0000e+00
   2551.307     1.9801     1.9574   3.197344   3.173848     1.2134    -0.3884     0.3518    35.1551 1.2229e+00 1.0000e-12 4.3591e+04   2512.000    35.1550    34.8914     3.4124    1500.66    28.1124    27.9026    1485.01 0.0000e+00
   2552.329     1.9962     1.9561   3.197158   3.173780     1.2126    -0.3749     0.3531    35.1351 1.3725e+00 1.0000e-12 3.6233e+04   2513.000    35.1350    34.8915     3.4081    1500.72    28.0951    27.9028    1485.02 0.0000e+00
   2553.351     1.9885     1.9532   3.196859   3.173545     1.2122    -0.3910     0.3493    35.1391 6.7481e-01 1.0000e-12 6.7760e+04   2514.000    35.1391    34.8912     3.4072    1500.71    28.0990    27.9028    1485.02 0.0000e+00
   2554.373     2.0038     1.9526   3.196704   3.173544     1.2108    -0.3883     0.3522    35.1199 1.2527e+00 1.0000e-12 4.0777e+04   2515.000    35.1202    34.8913     3.3997    1500.77    28.0827    27.9029    1485.03 0.0000e+00
   2555.394     2.0426     1.9520   3.196233   3.173544     1.2097    -0.3724     0.3554    35.0712 9.9065e-01 1.0000e-12 5.0353e+04   2516.000    35.0721    34.8915     3.3918    1500.89    28.0411    27.9031    1485.03 0.0000e+00
   2556.416     2.0441     1.9523   3.195920   3.173615     1.2104    -0.3871     0.3579    35.0651 1.6443e+00 1.0000e-12 2.1692e+04   2517.000    35.0662    34.8916     3.3958    1500.91    28.0362    27.9031    1485.04 0.0000e+00
   2557.438     2.0595     1.9520   3.195670   3.173624     1.2138    -0.3754     0.3562    35.0449 1.2353e+00 1.0000e-12 3.6877e+04   2518.000    35.0461    34.8915     3.4114    1500.96    28.0190    27.9031    1485.05 0.0000e+00
   2558.459     2.0823     1.9502   3.195269   3.173495     1.2220    -0.3776     0.3609    35.0147 1.1410e+00 1.0000e-12 4.5091e+04   2519.000    35.0162    34.8914     3.4499    1501.04    27.9932    27.9032    1485.05 0.0000e+00
   2559.481     2.0758     1.9482   3.194448   3.173379     1.2348    -0.3881     0.3756    35.0121 1.3543e+00 1.0000e-12 3.8399e+04   2520.000    35.0126    34.8916     3.5135    1501.03    27.9908    27.9035    1485.06 0.0000e+00
   2560.503     1.9914     1.9490   3.193805   3.173498     1.2406    -0.3736     0.4041    35.0972 1.1692e+00 1.0000e-12 4.1377e+04   2521.000    35.0951    34.8918     3.5492    1500.79    28.0635    27.9036    1485.07 0.0000e+00
   2561.525     1.9697     1.9478   3.193529   3.173406     1.2447    -0.3742     0.3702    35.1169 1.2525e+00 1.0000e-12 4.2386e+04   2522.000    35.1146    34.8915     3.5711    1500.73    28.0808    27.9034    1485.07 0.0000e+00
   2562.546     1.9843     1.9464   3.193278   3.173341     1.2522    -0.3737     0.3630    35.0964 1.2386e+00 1.0000e-12 3.9620e+04   2523.000    35.0953    34.8916     3.6074    1500.79    28.0642    27.9037    1485.08 0.0000e+00
   2563.568     2.0446     1.9446   3.193391   3.173211     1.2566    -0.3750     0.3679    35.0305 1.1166e+00 1.0000e-12 4.8120e+04   2524.000    35.0313    34.8915     3.6238    1500.98    28.0083    27.9037    1485.08 0.0000e+00
   2564.590     2.0571     1.9444   3.193168   3.173231     1.2593    -0.3837     0.3705    35.0136 1.3586e+00 1.0000e-12 3.8471e+04   2525.000    35.0147    34.8915     3.6365    1501.03    27.9940    27.9037    1485.09 0.0000e+00
   2565.612     2.0729     1.9452   3.192747   3.173341     1.2645    -0.3790     0.3659    34.9910 1.2015e+00 1.0000e-12 4.3930e+04   2526.000    34.9921    34.8915     3.6610    1501.09    27.9747    27.9037    1485.10 0.0000e+00
   2566.633     2.0420     1.9444   3.192103   3.173312     1.2696    -0.3759     0.3724    35.0170 1.2802e+00 1.0000e-12 3.6062e+04   2527.000    35.0169    34.8915     3.6892    1501.01    27.9969    27.9037    1485.10 0.0000e+00
   2567.655     2.0095     1.9435   3.191591   3.173282     1.2730    -0.3855     0.3711    35.0462 1.3007e+00 1.0000e-12 3.8118e+04   2528.000    35.0451    34.8916     3.7091    1500.92    28.0221    27.9039    1485.11 0.0000e+00
   2568.677     1.9928     1.9429   3.191246   3.173251     1.2749    -0.3652     0.3728    35.0597 1.1851e+00 1.0000e-12 4.1781e+04   2529.000    35.0583    34.8914     3.7203    1500.88    28.0340    27.9038    1485.12 0.0000e+00
   2569.699     2.0121     1.9360   3.190979   3.172661     1.2770    -0.3843     0.3635    35.0343 9.6175e-01 1.0000e-12 5.3063e+04   2530.000    35.0338    34.8911     3.7297    1500.95    28.0128    27.9041    1485.12 0.0000e+00
   2570.720     1.9945     1.9311   3.190389   3.172272     1.2786    -0.3754     0.3734    35.0460 1.6267e+00 1.0000e-12 2.8570e+04   2531.000    35.0450    34.8911     3.7394    1500.91    28.0231    27.9045    1485.13 0.0000e+00
   2571.742     1.9532     1.9272   3.189988   3.171980     1.2786    -0.3743     0.3613    35.0861 1.5796e+00 1.0000e-12 2.9032e+04   2532.000    35.0841    34.8912     3.7439    1500.80    28.0577    27.9048    1485.13 0.0000e+00
   2572.764     1.9486     1.9264   3.189793   3.171943     1.2785    -0.3813     0.3671    35.0878 1.1051e+00 1.0000e-12 4.4328e+04   2533.000    35.0861    34.8911     3.7440    1500.80    28.0597    27.9048    1485.14 0.0000e+00
   2573.786     1.9637     1.9255   3.189572   3.171906     1.2777    -0.3670     0.3570    35.0676 1.2513e+00 1.0000e-12 3.9041e+04   2534.000    35.0667    34.8911     3.7398    1500.85    28.0430    27.9049    1485.15 0.0000e+00
   2574.808     1.9644     1.9244   3.189205   3.171849     1.2764    -0.3842     0.3581    35.0617 9.9630e-01 1.0000e-12 5.1330e+04   2535.000    35.0610    34.8911     3.7339    1500.87    28.0383    27.9050    1485.15 0.0000e+00
   2575.830     1.9573     1.9219   3.188862   3.171665     1.2753    -0.3718     0.3601    35.0646 1.5011e+00 1.0000e-12 3.0530e+04   2536.000    35.0639    34.8911     3.7297    1500.86    28.0412    27.9052    1485.16 0.0000e+00
   2576.851     1.9544     1.9215   3.188518   3.171680     1.2737    -0.3734     0.3605    35.0631 1.7047e+00 1.0000e-12 2.7284e+04   2537.000    35.0624    34.8912     3.7231    1500.86    28.0402    27.9053    1485.16 0.0000e+00
   2577.873     1.9435     1.9207   3.188183   3.171647     1.2730    -0.3734     0.3646    35.0703 1.2348e+00 1.0000e-12 5.0337e+04   2538.000    35.0695    34.8911     3.7209    1500.84    28.0467    27.9053    1485.17 0.0000e+00
   2578.895     1.9420     1.9197   3.187926   3.171592     1.2712    -0.3735     0.3587    35.0681 1.4346e+00 1.0000e-12 3.1910e+04   2539.000    35.0675    34.8911     3.7127    1500.85    28.0452    27.9053    1485.18 0.0000e+00
   2579.917     1.9417     1.9187   3.187599   3.171552     1.2694    -0.3860     0.3656    35.0639 1.2181e+00 1.0000e-12 4.1590e+04   2540.000    35.0633    34.8911     3.7049    1500.86    28.0419    27.9055    1485.18 0.0000e+00
   2580.939     1.9339     1.9170   3.187278   3.171421     1.2681    -0.3939     0.3656    35.0680 1.1012e+00 1.0000e-12 4.8864e+04   2541.000    35.0673    34.8909     3.6999    1500.84    28.0457    27.9055    1485.19 0.0000e+00
   2581.960     1.9296     1.9138   3.187014   3.171183     1.2666    -0.3938     0.3633    35.0688 1.2917e+00 1.0000e-12 3.8734e+04   2542.000    35.0681    34.8909     3.6933    1500.84    28.0467    27.9057    1485.19 0.0000e+00
   2582.982     1.9322     1.9131   3.186815   3.171172     1.2648    -0.3759     0.3830    35.0629 1.0161e+00 1.0000e-12 5.5606e+04   2543.000    35.0625    34.8910     3.6849    1500.87    28.0420    27.9058    1485.20 0.0000e+00
   2584.004     1.9372     1.9119   3.186362   3.171098     1.2629    -0.3835     0.3597    35.0513 1.5881e+00 1.0000e-12 2.1875e+04   2544.000    35.0510    34.8910     3.6757    1500.89    28.0324    27.9059    1485.21 0.0000e+00
   2585.026     1.9171     1.9102   3.186083   3.170987     1.2618    -0.3845     0.3632    35.0695 8.8447e-01 1.0000e-12 5.9946e+04   2545.000    35.0687    34.8909     3.6727    1500.84    28.0482    27.9060    1485.21 0.0000e+00
   2586.048     1.9131     1.9088   3.185962   3.170902     1.2609    -0.3738     0.3613    35.0720 1.0644e+00 1.0000e-12 5.0158e+04   2546.000    35.0711    34.8909     3.6694    1500.85    28.0504    27.9061    1485.22 0.0000e+00
   2587.070     1.9187     1.9079   3.185664   3.170855     1.2587    -0.3839     0.3795    35.0613 1.2460e+00 1.0000e-12 3.9535e+04   2547.000    35.0609    34.8908     3.6586    1500.87    28.0418    27.9061    1485.23 0.0000e+00
   2588.092     1.9277     1.9064   3.185796   3.170769     1.2571    -0.3931     0.3726    35.0521 1.3567e+00 1.0000e-12 4.4016e+04   2548.000    35.0523    34.8909     3.6506    1500.92    28.0342    27.9063    1485.23 0.0000e+00
   2589.114     1.9542     1.9053   3.185861   3.170713     1.2565    -0.3938     0.3715    35.0233 1.0827e+00 1.0000e-12 4.6372e+04   2549.000    35.0241    34.8909     3.6457    1501.01    28.0096    27.9064    1485.24 0.0000e+00
   2590.135     1.9735     1.9046   3.185693   3.170681     1.2553    -0.3878     0.3667    34.9998 1.0858e+00 1.0000e-12 4.6176e+04   2550.000    35.0008    34.8908     3.6388    1501.08    27.9894    27.9063    1485.24 0.0000e+00
   2591.157     1.9525     1.9038   3.185057   3.170664     1.2549    -0.3936     0.3680    35.0152 1.5882e+00 1.0000e-12 3.6617e+04   2551.000    35.0151    34.8909     3.6395    1501.03    28.0025    27.9065    1485.25 0.0000e+00
   2592.179     1.9269     1.9025   3.184755   3.170578     1.2551    -0.3788     0.3620    35.0393 1.1576e+00 1.0000e-12 4.8297e+04   2552.000    35.0385    34.8908     3.6432    1500.97    28.0232    27.9065    1485.26 0.0000e+00
   2593.201     1.9342     1.8995   3.184583   3.170344     1.2546    -0.3928     0.3628    35.0285 1.2786e+00 1.0000e-12 4.3393e+04   2553.000    35.0281    34.8907     3.6405    1501.00    28.0143    27.9067    1485.26 0.0000e+00
   2594.223     1.9348     1.8974   3.184090   3.170205     1.2540    -0.3776     0.3654    35.0212 1.3967e+00 1.0000e-12 3.3431e+04   2554.000    35.0208    34.8907     3.6381    1501.01    28.0085    27.9068    1485.27 0.0000e+00
   2595.245     1.9101     1.8951   3.183811   3.170047     1.2539    -0.3737     0.3726    35.0446 1.2955e+00 1.0000e-12 3.7479e+04   2555.000    35.0435    34.8907     3.6406    1500.95    28.0285    27.9070    1485.27 0.0000e+00
