Ship_data/Irminger/Irminger-4/ctd/process/dar21_012.cnv
* Sea-Bird SBE 9 Data File:
* FileName = D:\Data\AR21_012.hdr
* Software Version Seasave V 7.23.2
* Temperature SN = 4155
* Conductivity SN = 2645
* Number of Bytes Per Scan = 40
* Number of Voltage Words = 5
* Number of Scans Averaged by the Deck Unit = 1
* NMEA Latitude = 59 51.21 N
* NMEA Longitude = 039 07.69 W
* NMEA UTC (Time) = Aug 09 2017  13:01:16
# nquan = 21
# nvalues = 1000                        
# units = specified
# name 0 = prDM: Pressure, Digiquartz [db]
# name 1 = t090C: Temperature [ITS-90, deg C]
# name 2 = t190C: Temperature, 2 [ITS-90, deg C]
# name 3 = c0S/m: Conductivity [S/m]
# name 4 = c1S/m: Conductivity, 2 [S/m]
# name 5 = sbeox0V: Oxygen raw, SBE 43 [V]
# name 6 = flECO-AFL: Fluorescence, WET Labs ECO-AFL/FL [mg/m^3]
# name 7 = turbWETntu0: Turbidity, WET Labs ECO [NTU]
# name 8 = sal00: Salinity, Practical [PSU]
# name 9 = spar: SPAR/Surface Irradiance
# name 10 = par: PAR/Irradiance, Biospherical/Licor
# name 11 = cpar: CPAR/Corrected Irradiance [%]
# name 12 = depSM: Depth [salt water, m], lat = 59.8535
# name 13 = sal00: Salinity, Practical [PSU]
# name 14 = sal11: Salinity, Practical, 2 [PSU]
# name 15 = sbeox0ML/L: Oxygen, SBE 43 [ml/l], WS = 2
# name 16 = svCM: Sound Velocity [Chen-Millero, m/s]
# name 17 = sigma-é00: Density [sigma-theta, kg/m^3]
# name 18 = sigma-é11: Density, 2 [sigma-theta, kg/m^3]
# name 19 = avgsvCM: Average Sound Velocity [Chen-Millero, m/s], minP = 20, minS = 20
# name 20 = flag: flag
# span 0 =      3.029,   1013.995       
# span 1 =     3.3900,     8.7813       
# span 2 =     3.3912,     8.7845       
# span 3 =   3.234869,   3.668134       
# span 4 =   3.154770,   3.654729       
# span 5 =     1.9614,     2.3889       
# span 6 =    -0.4137,     0.6426       
# span 7 =     0.3406,     0.4257       
# span 8 =    34.7221,    34.9549       
# span 9 = -4.810e-01, 1.1365e+00       
# span 10 = 1.0000e-12, 1.0000e-12      
# span 11 = 4.2746e+04, 1.2464e+05      
# span 12 =      3.000,   1002.000      
# span 13 =    34.7223,    34.9500      
# span 14 =    29.3711,    35.1615      
# span 15 =     5.3860,     5.6314      
# span 16 =    1470.21,    1485.17      
# span 17 =    26.9356,    27.7504      
# span 18 =    22.7459,    27.7477      
# span 19 =       0.00,    1482.44      
# span 20 = 0.0000e+00, 0.0000e+00      
# interval = meters: 1                  
# start_time = Aug 09 2017 13:01:16 [NMEA time, header]
# bad_flag = -9.990e-29
*END*
[from data line 414]
    421.393     3.7554     3.7578   3.244760   3.244647     2.0877    -0.3630     0.3541    34.9052 2.6575e-01 1.0000e-12 8.5889e+04    417.000    34.9053    34.9013     5.5137    1472.38    27.7391    27.7357    1472.51 0.0000e+00
    422.405     3.7558     3.7578   3.244840   3.244701     2.0877    -0.3625     0.3529    34.9053 3.7760e-01 1.0000e-12 7.9951e+04    418.000    34.9052    34.9015     5.5141    1472.40    27.7390    27.7359    1472.51 0.0000e+00
    423.416     3.7549     3.7570   3.244791   3.244661     2.0873    -0.3677     0.3499    34.9051 3.1464e-01 1.0000e-12 8.3294e+04    419.000    34.9050    34.9013     5.5138    1472.41    27.7390    27.7358    1472.51 0.0000e+00
    424.428     3.7536     3.7556   3.244699   3.244581     2.0870    -0.3669     0.3503    34.9050 3.1391e-01 1.0000e-12 8.3333e+04    420.000    34.9048    34.9012     5.5136    1472.43    27.7390    27.7359    1472.51 0.0000e+00
    425.439     3.7516     3.7532   3.244557   3.244399     2.0866    -0.3745     0.3511    34.9050 4.3770e-01 1.0000e-12 7.6760e+04    421.000    34.9047    34.9011     5.5130    1472.43    27.7391    27.7360    1472.51 0.0000e+00
    426.451     3.7504     3.7524   3.244508   3.244385     2.0863    -0.3724     0.3515    34.9050 3.6668e-01 1.0000e-12 8.0531e+04    422.000    34.9048    34.9012     5.5131    1472.45    27.7393    27.7362    1472.51 0.0000e+00
    427.463     3.7498     3.7521   3.244497   3.244401     2.0862    -0.3706     0.3525    34.9050 5.0187e-01 1.0000e-12 7.3353e+04    423.000    34.9048    34.9012     5.5137    1472.46    27.7394    27.7363    1472.51 0.0000e+00
    428.474     3.7489     3.7507   3.244446   3.244319     2.0863    -0.3932     0.3538    34.9049 7.1637e-01 1.0000e-12 6.1965e+04    424.000    34.9046    34.9012     5.5148    1472.47    27.7393    27.7364    1472.51 0.0000e+00
    429.486     3.7445     3.7467   3.243927   3.243911     2.0859    -0.3891     0.3502    34.9044 3.2360e-01 1.0000e-12 8.2818e+04    425.000    34.9025    34.9000     5.5148    1472.47    27.7381    27.7358    1472.51 0.0000e+00
    430.497     3.7324     3.7364   3.242947   3.242979     2.0860    -0.3913     0.3505    34.9036 2.4773e-01 1.0000e-12 8.6847e+04    426.000    34.9032    34.8994     5.5176    1472.43    27.7398    27.7364    1472.51 0.0000e+00
    431.509     3.7351     3.7393   3.243332   3.243365     2.0860    -0.3775     0.3505    34.9043 3.3376e-01 1.0000e-12 8.2279e+04    427.000    34.9044    34.9003     5.5179    1472.46    27.7406    27.7368    1472.51 0.0000e+00
    432.521     3.7365     3.7381   3.243411   3.243249     2.0860    -0.3682     0.3507    34.9039 7.1354e-01 1.0000e-12 6.2115e+04    428.000    34.9032    34.8997     5.5185    1472.48    27.7395    27.7365    1472.51 0.0000e+00
    433.532     3.7314     3.7331   3.242946   3.242782     2.0856    -0.3872     0.3535    34.9034 3.5657e-01 1.0000e-12 8.1068e+04    429.000    34.9026    34.8988     5.5188    1472.48    27.7395    27.7363    1472.51 0.0000e+00
    434.544     3.7321     3.7340   3.243093   3.242953     2.0858    -0.3675     0.3506    34.9034 4.8905e-01 1.0000e-12 7.4034e+04    430.000    34.9031    34.8994     5.5198    1472.50    27.7398    27.7367    1472.51 0.0000e+00
    435.555     3.7322     3.7340   3.243173   3.243014     2.0859    -0.3809     0.3520    34.9035 3.7609e-01 1.0000e-12 8.0032e+04    431.000    34.9034    34.8995     5.5209    1472.52    27.7401    27.7368    1472.51 0.0000e+00
    436.567     3.7315     3.7332   3.243107   3.242948     2.0860    -0.3916     0.3499    34.9034 2.4130e-01 1.0000e-12 8.7188e+04    432.000    34.9028    34.8992     5.5224    1472.53    27.7397    27.7366    1472.51 0.0000e+00
    437.579     3.7273     3.7286   3.242728   3.242555     2.0860    -0.3909     0.3534    34.9029 3.7782e-01 1.0000e-12 7.9940e+04    433.000    34.9022    34.8988     5.5238    1472.53    27.7397    27.7368    1472.51 0.0000e+00
    438.590     3.7229     3.7258   3.242341   3.242306     2.0862    -0.3836     0.3519    34.9025 8.9848e-01 1.0000e-12 5.2296e+04    434.000    34.9018    34.8982     5.5257    1472.53    27.7397    27.7366    1472.51 0.0000e+00
    439.602     3.7203     3.7247   3.242033   3.242189     2.0857    -0.3884     0.3521    34.9018 2.9568e-01 1.0000e-12 8.4301e+04    435.000    34.9003    34.8975     5.5254    1472.53    27.7388    27.7362    1472.51 0.0000e+00
    440.614     3.7111     3.7140   3.241280   3.241222     2.0859    -0.3889     0.3556    34.9012 3.3670e-01 1.0000e-12 8.2123e+04    436.000    34.9006    34.8968     5.5279    1472.51    27.7400    27.7367    1472.51 0.0000e+00
    441.625     3.7131     3.7150   3.241538   3.241406     2.0860    -0.3843     0.3543    34.9013 1.1048e-01 1.0000e-12 9.4133e+04    437.000    34.9010    34.8973     5.5287    1472.53    27.7401    27.7370    1472.51 0.0000e+00
    442.637     3.7153     3.7170   3.241802   3.241660     2.0860    -0.3654     0.3564    34.9015 8.3128e-01 1.0000e-12 6.2674e+04    438.000    34.9013    34.8977     5.5292    1472.56    27.7401    27.7371    1472.51 0.0000e+00
    443.649     3.7161     3.7183   3.241929   3.241817     2.0859    -0.3912     0.3558    34.9017 5.6139e-01 1.0000e-12 7.0096e+04    439.000    34.9014    34.8977     5.5296    1472.58    27.7401    27.7370    1472.51 0.0000e+00
    444.660     3.7165     3.7182   3.242057   3.241892     2.0859    -0.3595     0.3507    34.9019 2.1428e-01 1.0000e-12 8.8622e+04    440.000    34.9019    34.8981     5.5302    1472.60    27.7405    27.7373    1472.51 0.0000e+00
    445.672     3.7158     3.7183   3.241935   3.241880     2.0860    -0.3637     0.3497    34.9015 4.3304e-01 1.0000e-12 7.7008e+04    441.000    34.9006    34.8974     5.5313    1472.61    27.7396    27.7368    1472.51 0.0000e+00
    446.684     3.7118     3.7139   3.241696   3.241554     2.0861    -0.3680     0.3500    34.9018 9.8248e-01 1.0000e-12 5.8193e+04    442.000    34.9015    34.8976     5.5329    1472.61    27.7407    27.7374    1472.51 0.0000e+00
    447.695     3.7101     3.7121   3.241541   3.241416     2.0860    -0.3658     0.3499    34.9015 3.2265e-01 1.0000e-12 8.2791e+04    443.000    34.9010    34.8974     5.5337    1472.62    27.7405    27.7374    1472.51 0.0000e+00
    448.707     3.7087     3.7106   3.241487   3.241351     2.0857    -0.3838     0.3519    34.9016 4.8935e-01 1.0000e-12 7.4018e+04    444.000    34.9013    34.8975     5.5335    1472.63    27.7408    27.7377    1472.51 0.0000e+00
    449.719     3.7091     3.7111   3.241596   3.241458     2.0859    -0.3660     0.3518    34.9018 5.8567e-01 1.0000e-12 6.8904e+04    445.000    34.9016    34.8978     5.5347    1472.65    27.7410    27.7379    1472.51 0.0000e+00
    450.730     3.7096     3.7117   3.241703   3.241568     2.0853    -0.3794     0.3492    34.9019 4.6862e-01 1.0000e-12 7.5119e+04    446.000    34.9017    34.8980     5.5332    1472.67    27.7411    27.7379    1472.51 0.0000e+00
    451.742     3.7096     3.7116   3.241729   3.241611     2.0850    -0.3667     0.3510    34.9018 2.1396e-01 1.0000e-12 8.8639e+04    447.000    34.9016    34.8981     5.5330    1472.69    27.7410    27.7380    1472.51 0.0000e+00
    452.754     3.7093     3.7112   3.241765   3.241631     2.0847    -0.3681     0.3497    34.9019 1.6825e-01 1.0000e-12 9.1066e+04    448.000    34.9018    34.8981     5.5327    1472.70    27.7412    27.7381    1472.51 0.0000e+00
    453.766     3.7094     3.7115   3.241821   3.241701     2.0844    -0.3837     0.3503    34.9019 2.9898e-01 1.0000e-12 8.4125e+04    449.000    34.9018    34.8981     5.5325    1472.72    27.7412    27.7381    1472.52 0.0000e+00
    454.777     3.7093     3.7113   3.241848   3.241719     2.0841    -0.3865     0.3568    34.9018 2.9739e-01 1.0000e-12 8.4210e+04    450.000    34.9016    34.8980     5.5322    1472.73    27.7411    27.7380    1472.52 0.0000e+00
    455.789     3.7084     3.7105   3.241822   3.241691     2.0835    -0.3795     0.3619    34.9019 1.9359e-01 1.0000e-12 8.9721e+04    451.000    34.9018    34.8980     5.5309    1472.75    27.7413    27.7381    1472.52 0.0000e+00
    456.801     3.7081     3.7103   3.241844   3.241713     2.0834    -0.3667     0.3576    34.9019 9.5658e-02 1.0000e-12 9.4920e+04    452.000    34.9018    34.8979     5.5314    1472.76    27.7414    27.7381    1472.52 0.0000e+00
    457.813     3.7070     3.7089   3.241769   3.241624     2.0833    -0.3658     0.3500    34.9018 3.2643e-01 1.0000e-12 8.2668e+04    453.000    34.9015    34.8978     5.5318    1472.77    27.7413    27.7381    1472.52 0.0000e+00
    458.824     3.7054     3.7076   3.241672   3.241559     2.0834    -0.3764     0.3497    34.9017 5.6473e-01 1.0000e-12 7.0016e+04    454.000    34.9015    34.8979     5.5331    1472.78    27.7414    27.7383    1472.52 0.0000e+00
    459.836     3.7058     3.7077   3.241761   3.241622     2.0837    -0.3795     0.3494    34.9017 4.5936e-01 1.0000e-12 7.5610e+04    455.000    34.9016    34.8979     5.5350    1472.80    27.7415    27.7383    1472.52 0.0000e+00
    460.848     3.7059     3.7080   3.241809   3.241690     2.0836    -0.3897     0.3498    34.9017 8.9519e-01 1.0000e-12 5.2471e+04    456.000    34.9016    34.8980     5.5353    1472.82    27.7415    27.7384    1472.52 0.0000e+00
    461.859     3.7055     3.7076   3.241802   3.241688     2.0837    -0.3648     0.3552    34.9017 3.9175e-01 1.0000e-12 7.9200e+04    457.000    34.9014    34.8978     5.5364    1472.83    27.7414    27.7383    1472.52 0.0000e+00
    462.871     3.7032     3.7051   3.241636   3.241463     2.0835    -0.3663     0.3513    34.9016 2.1800e-01 1.0000e-12 8.8425e+04    458.000    34.9013    34.8972     5.5370    1472.84    27.7415    27.7381    1472.52 0.0000e+00
    463.883     3.7017     3.7037   3.241536   3.241406     2.0835    -0.3674     0.3502    34.9015 4.4619e-01 1.0000e-12 7.6310e+04    459.000    34.9012    34.8975     5.5377    1472.85    27.7416    27.7385    1472.52 0.0000e+00
    464.895     3.7013     3.7033   3.241556   3.241426     2.0829    -0.3841     0.3505    34.9014 3.9762e-01 1.0000e-12 7.8888e+04    460.000    34.9012    34.8976     5.5363    1472.87    27.7417    27.7386    1472.52 0.0000e+00
    465.907     3.7004     3.7024   3.241502   3.241384     2.0823    -0.3685     0.3568    34.9013 3.1436e-01 1.0000e-12 8.3309e+04    461.000    34.9010    34.8975     5.5351    1472.88    27.7416    27.7386    1472.52 0.0000e+00
    466.918     3.6990     3.7011   3.241422   3.241307     2.0820    -0.3764     0.3514    34.9012 5.3702e-01 1.0000e-12 7.1487e+04    462.000    34.9010    34.8974     5.5350    1472.89    27.7417    27.7387    1472.52 0.0000e+00
    467.930     3.6980     3.7000   3.241370   3.241249     2.0814    -0.3807     0.3513    34.9012 8.4287e-01 1.0000e-12 5.5249e+04    463.000    34.9010    34.8974     5.5339    1472.90    27.7418    27.7387    1472.52 0.0000e+00
    468.942     3.6973     3.6994   3.241349   3.241228     2.0812    -0.3676     0.3495    34.9011 9.4581e-01 1.0000e-12 4.9784e+04    464.000    34.9009    34.8973     5.5341    1472.92    27.7418    27.7387    1472.53 0.0000e+00
    469.954     3.6965     3.6986   3.241314   3.241198     2.0810    -0.3796     0.3491    34.9010 1.7318e-01 1.0000e-12 9.0804e+04    465.000    34.9008    34.8972     5.5342    1472.93    27.7418    27.7388    1472.53 0.0000e+00
    470.966     3.6958     3.6979   3.241304   3.241183     2.0812    -0.3741     0.3515    34.9011 5.7443e-01 1.0000e-12 6.9501e+04    466.000    34.9009    34.8972     5.5357    1472.94    27.7420    27.7389    1472.53 0.0000e+00
    471.977     3.6953     3.6974   3.241291   3.241179     2.0812    -0.3725     0.3523    34.9009 6.9315e-02 1.0000e-12 9.6319e+04    467.000    34.9007    34.8972     5.5365    1472.96    27.7419    27.7389    1472.53 0.0000e+00
    472.989     3.6948     3.6968   3.241297   3.241171     2.0810    -0.3856     0.3486    34.9009 5.4421e-01 1.0000e-12 7.1106e+04    468.000    34.9008    34.8971     5.5365    1472.97    27.7420    27.7389    1472.53 0.0000e+00
    474.001     3.6943     3.6960   3.241294   3.241145     2.0805    -0.3893     0.3509    34.9009 6.3123e-01 1.0000e-12 6.6485e+04    469.000    34.9008    34.8971     5.5358    1472.99    27.7421    27.7390    1472.53 0.0000e+00
    475.013     3.6935     3.6956   3.241252   3.241144     2.0799    -0.3883     0.3558    34.9008 3.7792e-01 1.0000e-12 7.9934e+04    470.000    34.9005    34.8970     5.5345    1473.00    27.7420    27.7389    1472.53 0.0000e+00
    476.025     3.6924     3.6945   3.241195   3.241076     2.0800    -0.3813     0.3601    34.9007 4.2438e-01 1.0000e-12 7.7468e+04    471.000    34.9005    34.8968     5.5356    1473.01    27.7421    27.7389    1472.53 0.0000e+00
    477.036     3.6920     3.6941   3.241206   3.241089     2.0799    -0.3618     0.3507    34.9007 3.0068e-01 1.0000e-12 8.4035e+04    472.000    34.9005    34.8969     5.5362    1473.03    27.7421    27.7391    1472.53 0.0000e+00
    478.048     3.6916     3.6937   3.241208   3.241102     2.0797    -0.3810     0.3500    34.9006 6.7644e-01 1.0000e-12 6.8529e+04    473.000    34.9004    34.8969     5.5362    1473.04    27.7421    27.7391    1472.53 0.0000e+00
    479.060     3.6910     3.6930   3.241170   3.241055     2.0799    -0.3733     0.3493    34.9005 3.9771e-01 1.0000e-12 7.8902e+04    474.000    34.9001    34.8966     5.5378    1473.05    27.7419    27.7389    1472.54 0.0000e+00
    480.072     3.6886     3.6906   3.241003   3.240884     2.0798    -0.3618     0.3511    34.9004 6.5359e-01 1.0000e-12 6.5298e+04    475.000    34.9001    34.8965     5.5383    1473.06    27.7422    27.7391    1472.54 0.0000e+00
    481.084     3.6878     3.6899   3.240972   3.240851     2.0798    -0.3645     0.3497    34.9003 5.8824e-01 1.0000e-12 6.8768e+04    476.000    34.9001    34.8963     5.5395    1473.07    27.7422    27.7390    1472.54 0.0000e+00
    482.096     3.6874     3.6894   3.240986   3.240857     2.0799    -0.3883     0.3580    34.9003 5.2737e-01 1.0000e-12 7.2000e+04    477.000    34.9001    34.8964     5.5403    1473.09    27.7423    27.7392    1472.54 0.0000e+00
    483.107     3.6870     3.6890   3.240986   3.240863     2.0799    -0.3876     0.3502    34.9002 3.4608e-01 1.0000e-12 8.1625e+04    478.000    34.9000    34.8963     5.5414    1473.10    27.7422    27.7391    1472.54 0.0000e+00
    484.119     3.6865     3.6887   3.240986   3.240885     2.0796    -0.3710     0.3562    34.9001 4.5871e-01 1.0000e-12 7.5645e+04    479.000    34.8999    34.8964     5.5411    1473.12    27.7422    27.7392    1472.54 0.0000e+00
    485.131     3.6853     3.6874   3.240903   3.240801     2.0790    -0.3657     0.3552    34.8999 2.4266e-01 1.0000e-12 8.7116e+04    480.000    34.8997    34.8962     5.5400    1473.13    27.7422    27.7392    1472.54 0.0000e+00
    486.143     3.6849     3.6870   3.240917   3.240797     2.0789    -0.3784     0.3510    34.9000 1.6448e-01 1.0000e-12 9.1266e+04    481.000    34.8997    34.8961     5.5402    1473.15    27.7423    27.7392    1472.54 0.0000e+00
    487.155     3.6822     3.6840   3.240693   3.240528     2.0788    -0.3742     0.3498    34.8996 9.0892e-01 1.0000e-12 5.6582e+04    482.000    34.8995    34.8955     5.5410    1473.15    27.7423    27.7390    1472.54 0.0000e+00
    488.167     3.6814     3.6831   3.240635   3.240479     2.0790    -0.3703     0.3531    34.8995 2.7937e-01 1.0000e-12 8.5142e+04    483.000    34.8991    34.8954     5.5428    1473.16    27.7421    27.7390    1472.55 0.0000e+00
    489.179     3.6784     3.6796   3.240371   3.240181     2.0787    -0.3869     0.3527    34.8991 3.4301e-01 1.0000e-12 8.1788e+04    484.000    34.8985    34.8950     5.5429    1473.17    27.7420    27.7391    1472.55 0.0000e+00
