Ship_data/Irminger/Irminger-4/ctd/process/dar21_005.cnv
* Sea-Bird SBE 9 Data File:
* FileName = D:\Data\AR21_005.hdr
* Software Version Seasave V 7.23.2
* Temperature SN = 4155
* Conductivity SN = 2645
* Number of Bytes Per Scan = 40
* Number of Voltage Words = 5
* Number of Scans Averaged by the Deck Unit = 1
* NMEA Latitude = 50 47.19 N
* NMEA Longitude = 047 19.09 W
* NMEA UTC (Time) = Aug 02 2017  17:41:30
# nquan = 21
# nvalues = 1003                        
# units = specified
# name 0 = prDM: Pressure, Digiquartz [db]
# name 1 = t090C: Temperature [ITS-90, deg C]
# name 2 = t190C: Temperature, 2 [ITS-90, deg C]
# name 3 = c0S/m: Conductivity [S/m]
# name 4 = c1S/m: Conductivity, 2 [S/m]
# name 5 = sbeox0V: Oxygen raw, SBE 43 [V]
# name 6 = flECO-AFL: Fluorescence, WET Labs ECO-AFL/FL [mg/m^3]
# name 7 = turbWETntu0: Turbidity, WET Labs ECO [NTU]
# name 8 = sal00: Salinity, Practical [PSU]
# name 9 = spar: SPAR/Surface Irradiance
# name 10 = par: PAR/Irradiance, Biospherical/Licor
# name 11 = cpar: CPAR/Corrected Irradiance [%]
# name 12 = depSM: Depth [salt water, m], lat = 50.7865
# name 13 = sal00: Salinity, Practical [PSU]
# name 14 = sal11: Salinity, Practical, 2 [PSU]
# name 15 = sbeox0ML/L: Oxygen, SBE 43 [ml/l], WS = 2
# name 16 = svCM: Sound Velocity [Chen-Millero, m/s]
# name 17 = sigma-é00: Density [sigma-theta, kg/m^3]
# name 18 = sigma-é11: Density, 2 [sigma-theta, kg/m^3]
# name 19 = avgsvCM: Average Sound Velocity [Chen-Millero, m/s], minP = 20, minS = 20
# name 20 = flag: flag
# span 0 =      4.035,   1017.257       
# span 1 =     3.1944,    10.9374       
# span 2 =     3.1959,    10.9164       
# span 3 =   3.161105,   3.780334       
# span 4 =   3.161106,   3.778175       
# span 5 =     1.5594,     2.4779       
# span 6 =    -0.4144,     2.4342       
# span 7 =     0.3438,     0.5410       
# span 8 =    33.8186,    34.9347       
# span 9 = 1.7428e-03, 1.8880e+00       
# span 10 = 1.0000e-12, 1.0000e-12      
# span 11 = 1.1447e+04, 9.9930e+04      
# span 12 =      4.000,   1006.000      
# span 13 =    33.8076,    34.9339      
# span 14 =    33.8136,    34.8703      
# span 15 =     3.8757,     5.8436      
# span 16 =    1464.17,    1491.80      
# span 17 =    25.8692,    27.7985      
# span 18 =    25.8706,    27.7518      
# span 19 =       0.00,    1488.41      
# span 20 = 0.0000e+00, 0.0000e+00      
# interval = meters: 1                  
# start_time = Aug 02 2017 17:41:30 [NMEA time, header]
# bad_flag = -9.990e-29
*END*
[from data line 345]
    352.343     3.4962     3.4975   3.214568   3.214495     2.0976    -0.3825     0.3505    34.8572 5.5375e-01 1.0000e-12 7.0469e+04    349.000    34.8574    34.8552     5.5403    1470.10    27.7263    27.7244    1468.49 0.0000e+00
    353.353     3.4972     3.4986   3.214753   3.214667     2.0971    -0.3583     0.3499    34.8577 6.7561e-01 1.0000e-12 6.7798e+04    350.000    34.8581    34.8555     5.5391    1470.12    27.7267    27.7245    1468.49 0.0000e+00
    354.364     3.4988     3.5001   3.214991   3.214912     2.0965    -0.3641     0.3479    34.8584 1.0079e+00 1.0000e-12 4.6365e+04    351.000    34.8587    34.8563     5.5377    1470.14    27.7270    27.7250    1468.50 0.0000e+00
    355.374     3.4988     3.5003   3.215014   3.214988     2.0950    -0.3933     0.3440    34.8582 1.0148e+00 1.0000e-12 4.6122e+04    352.000    34.8584    34.8565     5.5332    1470.16    27.7269    27.7252    1468.50 0.0000e+00
    356.385     3.4990     3.5004   3.215103   3.215069     2.0950    -0.3902     0.3511    34.8584 6.7240e-01 1.0000e-12 6.4299e+04    353.000    34.8587    34.8567     5.5337    1470.18    27.7270    27.7254    1468.51 0.0000e+00
    357.395     3.4994     3.5009   3.215212   3.215127     2.0943    -0.3884     0.3541    34.8585 8.6177e-01 1.0000e-12 6.3636e+04    354.000    34.8591    34.8564     5.5320    1470.20    27.7273    27.7251    1468.51 0.0000e+00
    358.406     3.5000     3.5013   3.215312   3.215229     2.0941    -0.3921     0.3519    34.8588 1.0949e+00 1.0000e-12 4.2007e+04    355.000    34.8590    34.8566     5.5320    1470.21    27.7272    27.7252    1468.51 0.0000e+00
    359.416     3.4992     3.5005   3.215255   3.215189     2.0935    -0.3898     0.3484    34.8587 9.5067e-01 1.0000e-12 4.9526e+04    356.000    34.8587    34.8564     5.5307    1470.23    27.7270    27.7251    1468.52 0.0000e+00
    360.427     3.4996     3.5009   3.215320   3.215264     2.0927    -0.3727     0.3497    34.8583 7.4849e-01 1.0000e-12 6.0260e+04    357.000    34.8585    34.8564     5.5286    1470.25    27.7269    27.7251    1468.52 0.0000e+00
    361.437     3.4989     3.5005   3.215332   3.215225     2.0888    -0.3914     0.3536    34.8586 7.2288e-01 1.0000e-12 6.1619e+04    358.000    34.8588    34.8558     5.5159    1470.26    27.7271    27.7246    1468.53 0.0000e+00
    362.448     3.4984     3.4997   3.215342   3.215252     2.0885    -0.3923     0.3535    34.8589 1.0138e+00 1.0000e-12 5.3856e+04    359.000    34.8589    34.8564     5.5155    1470.27    27.7273    27.7252    1468.53 0.0000e+00
    363.458     3.4985     3.4999   3.215403   3.215311     2.0882    -0.3938     0.3544    34.8588 5.2165e-01 1.0000e-12 7.2426e+04    360.000    34.8590    34.8564     5.5153    1470.29    27.7274    27.7252    1468.54 0.0000e+00
    364.469     3.4987     3.5002   3.215484   3.215425     2.0882    -0.3901     0.3540    34.8590 6.9027e-01 1.0000e-12 6.3351e+04    361.000    34.8592    34.8569     5.5159    1470.31    27.7275    27.7256    1468.54 0.0000e+00
    365.479     3.4990     3.5006   3.215584   3.215525     2.0878    -0.3923     0.3520    34.8592 4.3419e-01 1.0000e-12 7.6947e+04    362.000    34.8595    34.8571     5.5150    1470.33    27.7278    27.7257    1468.55 0.0000e+00
    366.490     3.4993     3.5007   3.215625   3.215655     2.0871    -0.3938     0.3484    34.8593 5.3437e-01 1.0000e-12 7.1628e+04    363.000    34.8592    34.8581     5.5134    1470.34    27.7275    27.7265    1468.55 0.0000e+00
    367.500     3.5004     3.5028   3.215687   3.215930     2.0840    -0.3925     0.3489    34.8578 7.5404e-01 1.0000e-12 5.9965e+04    364.000    34.8582    34.8586     5.5030    1470.36    27.7266    27.7267    1468.56 0.0000e+00
    368.511     3.5019     3.5041   3.215816   3.216053     2.0760    -0.3843     0.3491    34.8574 5.2209e-01 1.0000e-12 7.2280e+04    365.000    34.8576    34.8580     5.4755    1470.39    27.7260    27.7261    1468.56 0.0000e+00
    369.521     3.5020     3.5048   3.215877   3.216136     2.0570    -0.3824     0.3468    34.8575 9.5293e-01 1.0000e-12 5.9272e+04    366.000    34.8577    34.8578     5.4098    1470.40    27.7260    27.7259    1468.57 0.0000e+00
    370.532     3.5024     3.5044   3.215917   3.216107     1.9777    -0.3886     0.3497    34.8570 6.0265e-01 1.0000e-12 6.8394e+04    367.000    34.8571    34.8574     5.1331    1470.42    27.7256    27.7256    1468.57 0.0000e+00
    371.542     3.5024     3.5055   3.215969   3.216279     1.9330    -0.3964     0.3527    34.8571 4.3432e-01 1.0000e-12 7.6855e+04    368.000    34.8573    34.8576     4.9776    1470.44    27.7257    27.7257    1468.58 0.0000e+00
    372.553     3.5035     3.5056   3.216301   3.216292     1.9351    -0.4144     0.3488    34.8587 8.0558e-01 1.0000e-12 5.7228e+04    369.000    34.8595    34.8572     4.9854    1470.46    27.7274    27.7253    1468.58 0.0000e+00
    373.563     3.5043     3.5059   3.216480   3.216391     1.9462    -0.4040     0.3487    34.8599 5.0010e-01 1.0000e-12 8.2993e+04    370.000    34.8603    34.8575     5.0248    1470.48    27.7279    27.7255    1468.59 0.0000e+00
    374.574     3.5048     3.5062   3.216597   3.216556     1.9593    -0.3679     0.3503    34.8604 6.3268e-01 1.0000e-12 6.6021e+04    371.000    34.8606    34.8586     5.0709    1470.50    27.7282    27.7264    1468.59 0.0000e+00
    375.584     3.5045     3.5063   3.216577   3.216657     1.9719    -0.3727     0.3503    34.8601 9.5040e-01 1.0000e-12 4.9540e+04    372.000    34.8602    34.8592     5.1160    1470.52    27.7278    27.7269    1468.60 0.0000e+00
    376.595     3.5044     3.5062   3.216612   3.216672     1.9829    -0.3743     0.3531    34.8599 5.3782e-01 1.0000e-12 7.1445e+04    373.000    34.8601    34.8589     5.1551    1470.53    27.7278    27.7267    1468.60 0.0000e+00
    377.605     3.5044     3.5062   3.216652   3.216712     1.9897    -0.3809     0.3517    34.8599 7.6534e-01 1.0000e-12 5.9365e+04    374.000    34.8600    34.8588     5.1795    1470.55    27.7277    27.7266    1468.61 0.0000e+00
    378.616     3.5045     3.5056   3.216680   3.216671     1.9900    -0.3907     0.3488    34.8596 5.9496e-01 1.0000e-12 6.8411e+04    375.000    34.8597    34.8584     5.1812    1470.57    27.7275    27.7263    1468.61 0.0000e+00
    379.627     3.5044     3.5058   3.216720   3.216730     1.9623    -0.3825     0.3492    34.8597 7.7233e-01 1.0000e-12 6.0722e+04    376.000    34.8597    34.8584     5.0851    1470.58    27.7275    27.7263    1468.62 0.0000e+00
    380.637     3.5044     3.5055   3.216775   3.216745     1.9258    -0.3775     0.3499    34.8598 1.0439e+00 1.0000e-12 4.8057e+04    377.000    34.8599    34.8584     4.9577    1470.60    27.7277    27.7263    1468.63 0.0000e+00
    381.648     3.5046     3.5057   3.216837   3.216815     1.9029    -0.3936     0.3525    34.8598 3.2343e-01 1.0000e-12 8.2872e+04    378.000    34.8599    34.8584     4.8782    1470.62    27.7276    27.7263    1468.63 0.0000e+00
    382.658     3.5045     3.5059   3.216884   3.216893     1.8791    -0.3825     0.3506    34.8599 4.5299e-01 1.0000e-12 7.5949e+04    379.000    34.8600    34.8586     4.7954    1470.63    27.7277    27.7264    1468.64 0.0000e+00
    383.669     3.5045     3.5061   3.216937   3.216973     1.8574    -0.3787     0.3525    34.8600 6.0058e-01 1.0000e-12 7.2699e+04    380.000    34.8601    34.8587     4.7201    1470.65    27.7278    27.7266    1468.64 0.0000e+00
    384.679     3.5045     3.5074   3.216996   3.217168     1.8429    -0.3877     0.3492    34.8602 4.7131e-01 1.0000e-12 7.4992e+04    381.000    34.8603    34.8592     4.6699    1470.67    27.7280    27.7268    1468.65 0.0000e+00
    385.690     3.5046     3.5084   3.217057   3.217316     1.8317    -0.3924     0.3536    34.8602 4.3359e-01 1.0000e-12 7.6979e+04    382.000    34.8603    34.8594     4.6315    1470.68    27.7280    27.7269    1468.65 0.0000e+00
    386.701     3.5048     3.5086   3.217120   3.217392     1.8214    -0.3857     0.3531    34.8602 6.3659e-01 1.0000e-12 6.6201e+04    383.000    34.8603    34.8595     4.5960    1470.70    27.7280    27.7270    1468.66 0.0000e+00
    387.711     3.5052     3.5087   3.217159   3.217443     1.8110    -0.3731     0.3531    34.8597 4.4308e-01 1.0000e-12 7.6475e+04    384.000    34.8598    34.8595     4.5598    1470.72    27.7276    27.7270    1468.66 0.0000e+00
    388.722     3.5055     3.5089   3.217210   3.217501     1.7985    -0.3699     0.3494    34.8595 7.6649e-01 1.0000e-12 5.9304e+04    385.000    34.8596    34.8595     4.5166    1470.74    27.7273    27.7269    1468.67 0.0000e+00
    389.733     3.5059     3.5118   3.217271   3.217852     1.7825    -0.3730     0.3526    34.8593 5.6579e-01 1.0000e-12 6.9960e+04    386.000    34.8594    34.8600     4.4613    1470.75    27.7271    27.7271    1468.67 0.0000e+00
    390.743     3.5065     3.5187   3.217325   3.218609     1.7645    -0.3876     0.3531    34.8586 8.3263e-01 1.0000e-12 5.8752e+04    387.000    34.8587    34.8612     4.3987    1470.77    27.7266    27.7274    1468.68 0.0000e+00
    391.754     3.5086     3.5189   3.217394   3.218688     1.7465    -0.3718     0.3508    34.8567 6.5785e-01 1.0000e-12 6.7769e+04    388.000    34.8568    34.8614     4.3360    1470.80    27.7249    27.7275    1468.68 0.0000e+00
    392.764     3.5101     3.5147   3.217466   3.218308     1.7315    -0.3701     0.3499    34.8553 6.4887e-01 1.0000e-12 6.5415e+04    389.000    34.8555    34.8608     4.2835    1470.82    27.7236    27.7274    1468.69 0.0000e+00
    393.775     3.5105     3.5125   3.217529   3.218150     1.7222    -0.3704     0.3499    34.8551 6.5914e-01 1.0000e-12 6.5004e+04    390.000    34.8553    34.8607     4.2517    1470.83    27.7235    27.7276    1468.69 0.0000e+00
    394.786     3.5108     3.5109   3.217590   3.218037     1.7150    -0.3719     0.3541    34.8549 8.7623e-01 1.0000e-12 5.3478e+04    391.000    34.8551    34.8604     4.2267    1470.85    27.7233    27.7275    1468.70 0.0000e+00
    395.796     3.5110     3.5091   3.217642   3.217917     1.7085    -0.3720     0.3518    34.8548 3.5922e-01 1.0000e-12 8.0927e+04    392.000    34.8550    34.8603     4.2045    1470.87    27.7232    27.7276    1468.71 0.0000e+00
    396.807     3.5110     3.5090   3.217699   3.217945     1.7019    -0.3712     0.3498    34.8550 8.8022e-01 1.0000e-12 5.8417e+04    393.000    34.8551    34.8602     4.1820    1470.89    27.7233    27.7276    1468.71 0.0000e+00
    397.818     3.5107     3.5090   3.217754   3.218002     1.6946    -0.3734     0.3534    34.8555 5.1098e-01 1.0000e-12 7.2832e+04    394.000    34.8556    34.8604     4.1568    1470.90    27.7237    27.7277    1468.72 0.0000e+00
    398.828     3.5101     3.5088   3.217813   3.218027     1.6866    -0.3930     0.3491    34.8563 6.9689e-01 1.0000e-12 6.6689e+04    395.000    34.8564    34.8603     4.1293    1470.92    27.7244    27.7277    1468.72 0.0000e+00
    399.839     3.5093     3.5083   3.217874   3.218027     1.6771    -0.3815     0.3493    34.8573 2.8085e-01 1.0000e-12 8.4935e+04    396.000    34.8574    34.8604     4.0965    1470.93    27.7253    27.7278    1468.73 0.0000e+00
    400.850     3.5082     3.5079   3.217936   3.218045     1.6692    -0.3890     0.3542    34.8588 7.5602e-01 1.0000e-12 5.9860e+04    397.000    34.8588    34.8604     4.0695    1470.95    27.7266    27.7279    1468.73 0.0000e+00
    401.860     3.5070     3.5079   3.218003   3.218088     1.6643    -0.3929     0.3513    34.8603 4.9136e-01 1.0000e-12 7.3911e+04    398.000    34.8604    34.8605     4.0531    1470.96    27.7279    27.7279    1468.74 0.0000e+00
    402.871     3.5068     3.5070   3.218065   3.218040     1.6602    -0.3852     0.3522    34.8608 8.2744e-01 1.0000e-12 5.6068e+04    399.000    34.8608    34.8603     4.0391    1470.98    27.7283    27.7279    1468.74 0.0000e+00
    403.882     3.5069     3.5037   3.218117   3.217793     1.6562    -0.3735     0.3531    34.8607 6.8674e-01 1.0000e-12 6.3538e+04    400.000    34.8608    34.8602     4.0257    1470.99    27.7283    27.7281    1468.75 0.0000e+00
    404.892     3.5065     3.5033   3.218176   3.217797     1.6512    -0.3931     0.3507    34.8614 5.9512e-01 1.0000e-12 6.8403e+04    401.000    34.8614    34.8602     4.0085    1471.01    27.7288    27.7282    1468.76 0.0000e+00
    405.903     3.5051     3.5031   3.218252   3.217821     1.6452    -0.3926     0.3506    34.8632 4.8014e-01 1.0000e-12 7.7475e+04    402.000    34.8632    34.8602     3.9881    1471.02    27.7304    27.7282    1468.76 0.0000e+00
    406.914     3.5028     3.5030   3.218323   3.217869     1.6411    -0.3928     0.3539    34.8661 9.4547e-01 1.0000e-12 4.9778e+04    403.000    34.8660    34.8603     3.9744    1471.03    27.7329    27.7283    1468.77 0.0000e+00
    407.924     3.5018     3.5028   3.218373   3.217913     1.6376    -0.3927     0.3501    34.8671 7.2911e-01 1.0000e-12 6.6933e+04    404.000    34.8671    34.8605     3.9629    1471.05    27.7338    27.7284    1468.77 0.0000e+00
    408.935     3.5016     3.5029   3.218438   3.217968     1.6354    -0.3833     0.3483    34.8676 3.8642e-01 1.0000e-12 7.9635e+04    405.000    34.8675    34.8605     3.9555    1471.06    27.7342    27.7284    1468.78 0.0000e+00
    409.946     3.5017     3.5028   3.218497   3.218005     1.6329    -0.3782     0.3487    34.8677 7.8964e-01 1.0000e-12 5.8075e+04    406.000    34.8676    34.8605     3.9472    1471.08    27.7343    27.7285    1468.78 0.0000e+00
    410.957     3.5017     3.5024   3.218557   3.218028     1.6307    -0.3884     0.3486    34.8678 8.2877e-01 1.0000e-12 5.5997e+04    407.000    34.8678    34.8607     3.9400    1471.10    27.7344    27.7287    1468.79 0.0000e+00
    411.967     3.5014     3.5018   3.218624   3.218030     1.6285    -0.3788     0.3486    34.8684 4.4495e-01 1.0000e-12 7.6375e+04    408.000    34.8684    34.8608     3.9330    1471.11    27.7349    27.7288    1468.79 0.0000e+00
    412.978     3.5006     3.5015   3.218688   3.218059     1.6263    -0.3934     0.3504    34.8695 5.7704e-01 1.0000e-12 7.3847e+04    409.000    34.8694    34.8609     3.9258    1471.13    27.7358    27.7290    1468.80 0.0000e+00
    413.989     3.5001     3.5011   3.218747   3.218075     1.6250    -0.3894     0.3522    34.8702 7.7009e-01 1.0000e-12 6.3658e+04    410.000    34.8701    34.8610     3.9216    1471.14    27.7364    27.7291    1468.81 0.0000e+00
    415.000     3.4999     3.5022   3.218805   3.218259     1.6235    -0.3744     0.3496    34.8705 4.3006e-01 1.0000e-12 7.7193e+04    411.000    34.8705    34.8615     3.9171    1471.16    27.7368    27.7294    1468.81 0.0000e+00
    416.010     3.5002     3.5037   3.218868   3.218466     1.6222    -0.3921     0.3484    34.8704 5.7773e-01 1.0000e-12 6.9326e+04    412.000    34.8704    34.8618     3.9129    1471.18    27.7367    27.7295    1468.82 0.0000e+00
    417.021     3.5008     3.5038   3.218928   3.218530     1.6217    -0.3892     0.3461    34.8699 3.0685e-01 1.0000e-12 8.3707e+04    413.000    34.8699    34.8619     3.9115    1471.19    27.7363    27.7296    1468.82 0.0000e+00
    418.032     3.5013     3.5033   3.218990   3.218527     1.6206    -0.3733     0.3487    34.8696 5.1849e-01 1.0000e-12 7.2471e+04    414.000    34.8696    34.8618     3.9081    1471.21    27.7359    27.7296    1468.83 0.0000e+00
    419.043     3.5014     3.5029   3.219062   3.218540     1.6188    -0.3744     0.3465    34.8697 5.2542e-01 1.0000e-12 7.4541e+04    415.000    34.8698    34.8619     3.9022    1471.23    27.7361    27.7296    1468.84 0.0000e+00
    420.053     3.5011     3.5013   3.219128   3.218439     1.6166    -0.3947     0.3525    34.8703 6.9223e-01 1.0000e-12 6.3140e+04    416.000    34.8704    34.8619     3.8951    1471.25    27.7366    27.7298    1468.84 0.0000e+00
