Ship_data/Irminger/Irminger-4/ctd/process/dar21_004.cnv
* Sea-Bird SBE 9 Data File:
* FileName = D:\Data\AR21_004.hdr
* Software Version Seasave V 7.23.2
* Temperature SN = 4155
* Conductivity SN = 2645
* Number of Bytes Per Scan = 40
* Number of Voltage Words = 5
* Number of Scans Averaged by the Deck Unit = 1
* NMEA Latitude = 50 47.19 N
* NMEA Longitude = 047 19.09 W
* NMEA UTC (Time) = Aug 02 2017  15:55:19
# nquan = 21
# nvalues = 1002                        
# units = specified
# name 0 = prDM: Pressure, Digiquartz [db]
# name 1 = t090C: Temperature [ITS-90, deg C]
# name 2 = t190C: Temperature, 2 [ITS-90, deg C]
# name 3 = c0S/m: Conductivity [S/m]
# name 4 = c1S/m: Conductivity, 2 [S/m]
# name 5 = sbeox0V: Oxygen raw, SBE 43 [V]
# name 6 = flECO-AFL: Fluorescence, WET Labs ECO-AFL/FL [mg/m^3]
# name 7 = turbWETntu0: Turbidity, WET Labs ECO [NTU]
# name 8 = sal00: Salinity, Practical [PSU]
# name 9 = spar: SPAR/Surface Irradiance
# name 10 = par: PAR/Irradiance, Biospherical/Licor
# name 11 = cpar: CPAR/Corrected Irradiance [%]
# name 12 = depSM: Depth [salt water, m], lat = 50.7865
# name 13 = sal00: Salinity, Practical [PSU]
# name 14 = sal11: Salinity, Practical, 2 [PSU]
# name 15 = sbeox0ML/L: Oxygen, SBE 43 [ml/l], WS = 2
# name 16 = svCM: Sound Velocity [Chen-Millero, m/s]
# name 17 = sigma-é00: Density [sigma-theta, kg/m^3]
# name 18 = sigma-é11: Density, 2 [sigma-theta, kg/m^3]
# name 19 = avgsvCM: Average Sound Velocity [Chen-Millero, m/s], minP = 20, minS = 20
# name 20 = flag: flag
# span 0 =      5.044,   1017.257       
# span 1 =     3.1967,    10.8451       
# span 2 =     3.1982,    10.8561       
# span 3 =   3.160649,   3.773925       
# span 4 =   3.160541,   3.774168       
# span 5 =     1.5005,     2.4654       
# span 6 =    -0.4144,     1.9228       
# span 7 =     0.3417,     0.5491       
# span 8 =    33.8346,    34.9346       
# span 9 = 4.2863e-01, 2.0955e+00       
# span 10 = 1.0000e-12, 1.0000e-12      
# span 11 = 6.0725e+03, 8.1334e+04      
# span 12 =      5.000,   1006.000      
# span 13 =    33.8230,    34.9344      
# span 14 =    33.8331,    34.8704      
# span 15 =     3.7281,     5.8106      
# span 16 =    1464.15,    1491.51      
# span 17 =    25.8961,    27.8038      
# span 18 =    25.8940,    27.7523      
# span 19 =       0.00,    1538.40      
# span 20 = 0.0000e+00, 0.0000e+00      
# interval = meters: 1                  
# start_time = Aug 02 2017 15:55:19 [NMEA time, header]
# bad_flag = -9.990e-29
*END*
[from data line 69]
     74.659     3.2366     3.2381   3.160803   3.160686     2.2039    -0.2962     0.3716    34.6395 1.1333e+00 1.0000e-12 3.9935e+04     74.000    34.6384    34.6353     5.7521    1464.17    27.5748    27.5722    1472.03 0.0000e+00
     75.668     3.2380     3.2396   3.161610   3.161334     2.2039    -0.3242     0.3749    34.6466 1.0989e+00 1.0000e-12 4.9950e+04     75.000    34.6461    34.6410     5.7520    1464.20    27.5808    27.5767    1471.94 0.0000e+00
     76.677     3.2375     3.2391   3.162252   3.162114     2.2027    -0.3372     0.3731    34.6543 1.3404e+00 1.0000e-12 2.9004e+04     76.000    34.6538    34.6505     5.7486    1464.22    27.5870    27.5842    1471.83 0.0000e+00
     77.686     3.2375     3.2389   3.163056   3.162919     2.2002    -0.3312     0.3712    34.6634 1.2620e+00 1.0000e-12 3.4403e+04     77.000    34.6630    34.6599     5.7405    1464.25    27.5944    27.5918    1471.73 0.0000e+00
     78.695     3.2398     3.2414   3.163476   3.163373     2.1969    -0.3346     0.3691    34.6653 9.4714e-01 1.0000e-12 5.1143e+04     78.000    34.6651    34.6622     5.7295    1464.28    27.5959    27.5934    1471.63 0.0000e+00
     79.704     3.2428     3.2443   3.164124   3.163999     2.1949    -0.3215     0.3777    34.6690 1.5586e+00 1.0000e-12 2.2133e+04     79.000    34.6692    34.6660     5.7229    1464.32    27.5988    27.5962    1471.55 0.0000e+00
     80.713     3.2506     3.2517   3.165385   3.165111     2.1942    -0.3499     0.3687    34.6739 8.4336e-01 1.0000e-12 5.5080e+04     80.000    34.6756    34.6711     5.7196    1464.37    27.6032    27.5995    1471.45 0.0000e+00
     81.722     3.2543     3.2558   3.166181   3.166080     2.1929    -0.3365     0.3696    34.6806 1.1583e+00 1.0000e-12 3.8503e+04     81.000    34.6807    34.6778     5.7155    1464.41    27.6069    27.6045    1471.36 0.0000e+00
     82.732     3.2560     3.2575   3.166762   3.166622     2.1913    -0.3205     0.3699    34.6847 8.8210e-01 1.0000e-12 5.6069e+04     82.000    34.6854    34.6820     5.7101    1464.44    27.6105    27.6077    1471.28 0.0000e+00
     83.741     3.2569     3.2587   3.166798   3.166866     2.1883    -0.3471     0.3735    34.6840 1.0107e+00 1.0000e-12 4.5246e+04     83.000    34.6843    34.6832     5.7006    1464.46    27.6096    27.6085    1471.19 0.0000e+00
     84.750     3.2560     3.2577   3.167149   3.167019     2.1877    -0.3353     0.3886    34.6884 9.4260e-01 1.0000e-12 4.9954e+04     84.000    34.6889    34.6856     5.6993    1464.48    27.6133    27.6105    1471.12 0.0000e+00
     85.759     3.2590     3.2608   3.167685   3.167532     2.1864    -0.3489     0.3657    34.6905 1.0518e+00 1.0000e-12 5.0000e+04     85.000    34.6917    34.6879     5.6952    1464.51    27.6152    27.6121    1471.04 0.0000e+00
     86.768     3.2589     3.2605   3.167950   3.167849     2.1851    -0.3481     0.3619    34.6943 1.2937e+00 1.0000e-12 4.0955e+04     86.000    34.6945    34.6915     5.6913    1464.53    27.6175    27.6150    1470.96 0.0000e+00
     87.777     3.2584     3.2598   3.167826   3.167829     2.1835    -0.3448     0.3723    34.6928 9.7204e-01 1.0000e-12 5.1385e+04     87.000    34.6929    34.6914     5.6867    1464.54    27.6163    27.6150    1470.88 0.0000e+00
     88.786     3.2597     3.2626   3.168322   3.168272     2.1841    -0.3521     0.3694    34.6942 1.5023e+00 1.0000e-12 3.3484e+04     88.000    34.6970    34.6933     5.6893    1464.57    27.6194    27.6162    1470.81 0.0000e+00
     89.796     3.2688     3.2705   3.169678   3.169588     2.1837    -0.3498     0.3668    34.7027 9.3453e-01 1.0000e-12 5.0212e+04     89.000    34.7031    34.7001     5.6868    1464.63    27.6234    27.6209    1470.75 0.0000e+00
     90.805     3.2574     3.2591   3.168706   3.168721     2.1826    -0.3476     0.3690    34.7043 1.2861e+00 1.0000e-12 3.6939e+04     90.000    34.7030    34.7014     5.6856    1464.60    27.6245    27.6230    1470.67 0.0000e+00
     91.814     3.2542     3.2569   3.168210   3.168118     2.1807    -0.3494     0.3671    34.6999 1.2056e+00 1.0000e-12 3.8416e+04     91.000    34.6999    34.6958     5.6807    1464.60    27.6223    27.6188    1470.58 0.0000e+00
     92.823     3.2590     3.2611   3.168418   3.168446     2.1794    -0.3532     0.3669    34.6963 1.4182e+00 1.0000e-12 2.4634e+04     92.000    34.6967    34.6948     5.6763    1464.63    27.6193    27.6176    1470.54 0.0000e+00
     93.832     3.2238     3.2257   3.165293   3.165776     2.1780    -0.3476     0.3690    34.7025 1.3261e+00 1.0000e-12 3.5712e+04     93.000    34.6959    34.6997     5.6780    1464.50    27.6220    27.6249    1470.48 0.0000e+00
     94.841     3.1974     3.1990   3.163936   3.163830     2.1772    -0.3349     0.3694    34.7089 1.4684e+00 1.0000e-12 2.7583e+04     94.000    34.7072    34.7042     5.6797    1464.42    27.6335    27.6310    1470.41 0.0000e+00
     95.851     3.1967     3.1982   3.164110   3.163980     2.1761    -0.3319     0.3700    34.7108 8.6023e-01 1.0000e-12 5.4299e+04     95.000    34.7096    34.7063     5.6767    1464.44    27.6355    27.6328    1470.35 0.0000e+00
     96.860     3.2093     3.2205   3.165165   3.165669     2.1772    -0.3418     0.3682    34.7088 1.0930e+00 1.0000e-12 4.6431e+04     96.000    34.7083    34.7023     5.6792    1464.50    27.6333    27.6275    1470.27 0.0000e+00
     97.869     3.2053     3.2088   3.165306   3.165271     2.1771    -0.3352     0.3648    34.7141 1.1304e+00 1.0000e-12 3.9969e+04     97.000    34.7137    34.7095     5.6800    1464.51    27.6380    27.6343    1470.23 0.0000e+00
     98.878     3.2072     3.2081   3.166102   3.165843     2.1776    -0.3352     0.3652    34.7200 7.8525e-01 1.0000e-12 5.8308e+04     98.000    34.7208    34.7167     5.6822    1464.54    27.6435    27.6401    1470.17 0.0000e+00
     99.887     3.2118     3.2133   3.166576   3.166455     2.1775    -0.3352     0.3683    34.7211 1.2509e+00 1.0000e-12 4.1833e+04     99.000    34.7210    34.7180     5.6816    1464.58    27.6432    27.6406    1470.11 0.0000e+00
    100.897     3.2129     3.2144   3.166842   3.166728     2.1771    -0.3482     0.3645    34.7225 1.2557e+00 1.0000e-12 3.3920e+04    100.000    34.7226    34.7196     5.6810    1464.60    27.6444    27.6418    1470.06 0.0000e+00
    101.906     3.2136     3.2167   3.166896   3.166713     2.1761    -0.3438     0.3659    34.7220 1.2250e+00 1.0000e-12 3.9851e+04    101.000    34.7218    34.7163     5.6781    1464.62    27.6437    27.6391    1470.00 0.0000e+00
    102.915     3.2117     3.2132   3.167176   3.167068     2.1757    -0.3485     0.3668    34.7267 9.7858e-01 1.0000e-12 4.8032e+04    102.000    34.7268    34.7238     5.6777    1464.64    27.6478    27.6453    1469.95 0.0000e+00
    103.924     3.2135     3.2150   3.167462   3.167343     2.1749    -0.3518     0.3654    34.7275 1.1134e+00 1.0000e-12 4.0885e+04    103.000    34.7277    34.7246     5.6753    1464.66    27.6484    27.6459    1469.90 0.0000e+00
    104.933     3.2166     3.2181   3.167920   3.167782     2.1746    -0.3493     0.3647    34.7289 1.2491e+00 1.0000e-12 3.6126e+04    104.000    34.7294    34.7261     5.6745    1464.69    27.6495    27.6467    1469.85 0.0000e+00
    105.943     3.2191     3.2209   3.167617   3.167591     2.1737    -0.3382     0.3674    34.7226 9.4570e-01 1.0000e-12 5.1395e+04    105.000    34.7225    34.7202     5.6720    1464.71    27.6438    27.6418    1469.78 0.0000e+00
    106.952     3.2178     3.2211   3.167877   3.167898     2.1748    -0.3499     0.3705    34.7244 1.5113e+00 1.0000e-12 2.4791e+04    106.000    34.7264    34.7231     5.6764    1464.73    27.6470    27.6441    1469.75 0.0000e+00
    107.961     3.2327     3.2349   3.170136   3.170021     2.1748    -0.3467     0.3675    34.7356 8.9083e-01 1.0000e-12 5.2917e+04    107.000    34.7374    34.7335     5.6744    1464.82    27.6543    27.6511    1469.70 0.0000e+00
    108.970     3.2332     3.2391   3.169917   3.170491     2.1735    -0.3477     0.3631    34.7331 1.1089e+00 1.0000e-12 4.6634e+04    108.000    34.7336    34.7342     5.6708    1464.84    27.6513    27.6512    1469.65 0.0000e+00
    109.980     3.2528     3.2556   3.172565   3.172413     2.1735    -0.3337     0.3703    34.7413 1.2957e+00 1.0000e-12 3.1000e+04    109.000    34.7441    34.7393     5.6682    1464.95    27.6578    27.6537    1469.61 0.0000e+00
    110.989     3.2611     3.2625   3.173452   3.173267     2.1735    -0.3443     0.3665    34.7435 1.3813e+00 1.0000e-12 4.0011e+04    110.000    34.7454    34.7417     5.6674    1465.00    27.6581    27.6550    1469.57 0.0000e+00
    111.998     3.2723     3.2738   3.174959   3.174681     2.1733    -0.3535     0.3642    34.7474 1.2546e+00 1.0000e-12 4.6724e+04    111.000    34.7511    34.7461     5.6656    1465.07    27.6616    27.6574    1469.53 0.0000e+00
    113.007     3.2784     3.2800   3.175445   3.175368     2.1726    -0.3511     0.3586    34.7486 1.1771e+00 1.0000e-12 4.3747e+04    112.000    34.7499    34.7472     5.6628    1465.12    27.6600    27.6578    1469.49 0.0000e+00
    114.017     3.2767     3.2781   3.175503   3.175359     2.1719    -0.3393     0.3664    34.7503 1.2205e+00 1.0000e-12 4.1065e+04    113.000    34.7518    34.7485     5.6614    1465.13    27.6617    27.6590    1469.45 0.0000e+00
    115.026     3.2789     3.2804   3.175878   3.175769     2.1710    -0.3428     0.3638    34.7521 9.4776e-01 1.0000e-12 5.6796e+04    114.000    34.7535    34.7505     5.6589    1465.16    27.6628    27.6604    1469.41 0.0000e+00
    116.035     3.2816     3.2831   3.176220   3.176122     2.1696    -0.3651     0.3621    34.7530 8.7521e-01 1.0000e-12 5.3105e+04    115.000    34.7541    34.7513     5.6544    1465.18    27.6631    27.6607    1469.38 0.0000e+00
    117.045     3.2813     3.2826   3.176200   3.176115     2.1686    -0.3698     0.3656    34.7530 8.2644e-01 1.0000e-12 6.0304e+04    116.000    34.7537    34.7512     5.6516    1465.20    27.6628    27.6607    1469.34 0.0000e+00
    118.054     3.2774     3.2789   3.175987   3.175881     2.1675    -0.3529     0.3597    34.7540 1.0662e+00 1.0000e-12 4.7742e+04    117.000    34.7547    34.7518     5.6491    1465.20    27.6639    27.6616    1469.31 0.0000e+00
    119.063     3.2781     3.2796   3.176259   3.176146     2.1663    -0.3665     0.3582    34.7558 1.4017e+00 1.0000e-12 2.9751e+04    118.000    34.7567    34.7537     5.6458    1465.22    27.6655    27.6630    1469.27 0.0000e+00
    120.072     3.2789     3.2803   3.176453   3.176353     2.1650    -0.3682     0.3583    34.7571 1.1090e+00 1.0000e-12 4.1184e+04    119.000    34.7576    34.7549     5.6419    1465.24    27.6662    27.6639    1469.24 0.0000e+00
    121.082     3.2806     3.2821   3.176797   3.176660     2.1646    -0.3542     0.3601    34.7585 6.1022e-01 1.0000e-12 6.7601e+04    120.000    34.7594    34.7562     5.6409    1465.27    27.6675    27.6647    1469.20 0.0000e+00
    122.091     3.2857     3.2872   3.177421   3.177314     2.1635    -0.3709     0.3634    34.7601 8.3558e-01 1.0000e-12 6.3881e+04    121.000    34.7610    34.7581     5.6369    1465.31    27.6682    27.6658    1469.17 0.0000e+00
    123.100     3.2867     3.2882   3.177600   3.177505     2.1627    -0.3669     0.3581    34.7608 1.4278e+00 1.0000e-12 2.3987e+04    122.000    34.7615    34.7587     5.6347    1465.33    27.6685    27.6662    1469.14 0.0000e+00
    124.110     3.2888     3.2903   3.177919   3.177814     2.1619    -0.3572     0.3603    34.7617 1.3920e+00 1.0000e-12 2.6095e+04    123.000    34.7625    34.7596     5.6326    1465.36    27.6691    27.6667    1469.11 0.0000e+00
    125.119     3.2895     3.2910   3.178072   3.177973     2.1609    -0.3700     0.3657    34.7625 1.4304e+00 1.0000e-12 3.5746e+04    124.000    34.7630    34.7603     5.6298    1465.38    27.6695    27.6672    1469.08 0.0000e+00
    126.128     3.2897     3.2912   3.178250   3.178126     2.1600    -0.3721     0.3676    34.7637 1.2578e+00 1.0000e-12 4.8002e+04    125.000    34.7644    34.7614     5.6273    1465.40    27.6706    27.6681    1469.05 0.0000e+00
    127.138     3.2941     3.2957   3.178922   3.178788     2.1604    -0.3716     0.3650    34.7660 1.0181e+00 1.0000e-12 4.5345e+04    126.000    34.7673    34.7639     5.6285    1465.44    27.6725    27.6696    1469.02 0.0000e+00
    128.147     3.3004     3.3017   3.179745   3.179549     2.1608    -0.3696     0.3661    34.7684 1.2264e+00 1.0000e-12 5.3241e+04    127.000    34.7699    34.7662     5.6295    1465.48    27.6740    27.6709    1468.99 0.0000e+00
    129.156     3.3038     3.3054   3.180089   3.179994     2.1612    -0.3513     0.3693    34.7691 1.2105e+00 1.0000e-12 4.2496e+04    128.000    34.7699    34.7670     5.6312    1465.51    27.6737    27.6712    1468.96 0.0000e+00
    130.166     3.3047     3.3063   3.180401   3.180227     2.1612    -0.3622     0.3666    34.7704 9.2940e-01 1.0000e-12 5.0327e+04    129.000    34.7721    34.7684     5.6317    1465.54    27.6754    27.6722    1468.94 0.0000e+00
    131.175     3.3164     3.3172   3.181749   3.181500     2.1612    -0.3927     0.3575    34.7733 1.3162e+00 1.0000e-12 3.0121e+04    130.000    34.7753    34.7715     5.6304    1465.61    27.6768    27.6736    1468.91 0.0000e+00
    132.184     3.3217     3.3229   3.182234   3.182124     2.1610    -0.3556     0.3640    34.7738 1.1964e+00 1.0000e-12 3.6477e+04    131.000    34.7750    34.7723     5.6298    1465.65    27.6760    27.6738    1468.89 0.0000e+00
    133.194     3.3151     3.3187   3.181536   3.181685     2.1594    -0.3721     0.3625    34.7729 1.1317e+00 1.0000e-12 4.3799e+04    132.000    34.7731    34.7710     5.6261    1465.63    27.6752    27.6732    1468.86 0.0000e+00
    134.203     3.3166     3.3181   3.181852   3.181749     2.1592    -0.3712     0.3599    34.7742 1.1589e+00 1.0000e-12 4.6068e+04    133.000    34.7747    34.7719     5.6257    1465.66    27.6763    27.6739    1468.84 0.0000e+00
    135.213     3.3195     3.3212   3.182307   3.182155     2.1591    -0.3668     0.3651    34.7750 1.4447e+00 1.0000e-12 3.0989e+04    134.000    34.7766    34.7729     5.6255    1465.69    27.6775    27.6744    1468.81 0.0000e+00
    136.222     3.3200     3.3215   3.182225   3.182224     2.1588    -0.3672     0.3655    34.7750 1.3729e+00 1.0000e-12 3.6146e+04    135.000    34.7745    34.7729     5.6253    1465.70    27.6758    27.6744    1468.79 0.0000e+00
    137.231     3.3163     3.3177   3.182140   3.182012     2.1588    -0.3501     0.3689    34.7761 1.4119e+00 1.0000e-12 2.5195e+04    136.000    34.7769    34.7738     5.6265    1465.71    27.6781    27.6755    1468.77 0.0000e+00
    138.241     3.3173     3.3187   3.182310   3.182210     2.1585    -0.3517     0.3678    34.7768 1.1611e+00 1.0000e-12 4.5983e+04    137.000    34.7773    34.7745     5.6261    1465.73    27.6783    27.6760    1468.75 0.0000e+00
    139.250     3.3174     3.3191   3.182397   3.182321     2.1580    -0.3718     0.3595    34.7772 1.6584e+00 1.0000e-12 2.3686e+04    138.000    34.7776    34.7750     5.6251    1465.75    27.6786    27.6763    1468.72 0.0000e+00
    140.260     3.3180     3.3194   3.182500   3.182407     2.1577    -0.3863     0.3586    34.7774 7.8058e-01 1.0000e-12 5.8908e+04    139.000    34.7777    34.7751     5.6246    1465.76    27.6786    27.6764    1468.70 0.0000e+00
    141.269     3.3202     3.3239   3.182755   3.182901     2.1576    -0.3724     0.3586    34.7773 1.1918e+00 1.0000e-12 3.9463e+04    140.000    34.7779    34.7756     5.6248    1465.79    27.6785    27.6764    1468.68 0.0000e+00
    142.278     3.3351     3.3376   3.184383   3.184311     2.1575    -0.3729     0.3579    34.7798 1.3342e+00 1.0000e-12 3.2933e+04    141.000    34.7810    34.7775     5.6228    1465.87    27.6796    27.6766    1468.66 0.0000e+00
