Ship_data/Irminger/Irminger-4/ctd/process/dar21999.cnv
* Sea-Bird SBE 9 Data File:
* FileName = D:\Data\ar20001.hdr
* Software Version Seasave V 7.23.2
* Temperature SN = 4155
* Conductivity SN = 2645
* Number of Bytes Per Scan = 40
* Number of Voltage Words = 5
* Number of Scans Averaged by the Deck Unit = 1
* NMEA Latitude = 39 53.23 N
* NMEA Longitude = 071 21.61 W
* NMEA UTC (Time) = Jul 06 2017  23:27:03
# nquan = 20
# nvalues = 290                         
# units = specified
# name 0 = prDM: Pressure, Digiquartz [db]
# name 1 = t090C: Temperature [ITS-90, deg C]
# name 2 = t190C: Temperature, 2 [ITS-90, deg C]
# name 3 = c0S/m: Conductivity [S/m]
# name 4 = c1S/m: Conductivity, 2 [S/m]
# name 5 = sbeox0V: Oxygen raw, SBE 43 [V]
# name 6 = flECO-AFL: Fluorescence, WET Labs ECO-AFL/FL [mg/m^3]
# name 7 = turbWETntu0: Turbidity, WET Labs ECO [NTU]
# name 8 = sal00: Salinity, Practical [PSU]
# name 9 = spar: SPAR/Surface Irradiance
# name 10 = par: PAR/Irradiance, Biospherical/Licor
# name 11 = cpar: CPAR/Corrected Irradiance [%]
# name 12 = depSM: Depth [salt water, m], lat = 39.8872
# name 13 = sal00: Salinity, Practical [PSU]
# name 14 = sal11: Salinity, Practical, 2 [PSU]
# name 15 = sbeox0ML/L: Oxygen, SBE 43 [ml/l], WS = 2
# name 16 = svCM: Sound Velocity [Chen-Millero, m/s]
# name 17 = sigma-é00: Density [sigma-theta, kg/m^3]
# name 18 = sigma-é11: Density, 2 [sigma-theta, kg/m^3]
# name 19 = flag: flag
# span 0 =     14.108,    305.562       
# span 1 =     8.2356,    17.4181       
# span 2 =     8.2351,    17.4105       
# span 3 =   3.672176,   4.425798       
# span 4 =   3.670309,   4.425230       
# span 5 =     1.0732,     2.5352       
# span 6 =    -0.3565,     0.9543       
# span 7 =     0.3286,     0.4899       
# span 8 =    34.0887,    35.4987       
# span 9 = 4.8782e+01, 7.7910e+01       
# span 10 = -6.126e-08, 8.3017e+00      
# span 11 = -9.814e-08, 1.0630e+01      
# span 12 =     14.000,    303.000      
# span 13 =    34.0814,    35.4968      
# span 14 =    34.0830,    35.4946      
# span 15 =     1.7236,     4.9773      
# span 16 =    1488.52,    1513.26      
# span 17 =    24.7100,    27.4063      
# span 18 =    24.7130,    27.3557      
# span 19 = 0.0000e+00, 0.0000e+00      
# interval = meters: 1                  
# start_time = Jul 06 2017 23:27:03 [NMEA time, header]
# bad_flag = -9.990e-29
*END*
[from data line 73]
     87.689    12.5835    12.5853   4.105097   4.104899     1.9952    -0.3234     0.3367    35.4308 6.3981e+01 1.4250e-02 2.2271e-02     87.000    35.4340    35.4303     4.0087    1500.77    26.8149    26.8116 0.0000e+00
     88.698    12.5974    12.5994   4.107113   4.106925     1.9933    -0.3214     0.3371    35.4366 6.3690e+01 1.2899e-02 2.0257e-02     88.000    35.4398    35.4362     4.0029    1500.84    26.8167    26.8134 0.0000e+00
     89.706    12.6144    12.6161   4.109593   4.109439     1.9884    -0.3169     0.3387    35.4454 6.3814e+01 1.1812e-02 1.8513e-02     89.000    35.4473    35.4442     3.9886    1500.92    26.8191    26.8164 0.0000e+00
     90.714    12.6102    12.6119   4.109179   4.109076     1.9871    -0.3351     0.3402    35.4459 6.3614e+01 1.0993e-02 1.7281e-02     90.000    35.4468    35.4443     3.9858    1500.92    26.8196    26.8173 0.0000e+00
     91.722    12.6070    12.6087   4.108924   4.108780     1.9838    -0.3214     0.3424    35.4458 6.3661e+01 9.6065e-03 1.5091e-02     91.000    35.4469    35.4440     3.9776    1500.93    26.8203    26.8177 0.0000e+00
     92.730    12.6105    12.6121   4.109503   4.109329     1.9816    -0.3151     0.3381    35.4480 6.3521e+01 8.8327e-03 1.3907e-02     92.000    35.4488    35.4456     3.9720    1500.96    26.8211    26.8184 0.0000e+00
     93.738    12.6180    12.6195   4.110777   4.110525     1.9814    -0.3168     0.3366    35.4518 6.3178e+01 7.9426e-03 1.2575e-02     93.000    35.4536    35.4497     3.9712    1501.01    26.8234    26.8201 0.0000e+00
     94.747    12.6278    12.6296   4.112196   4.112016     1.9797    -0.3138     0.3366    35.4561 6.3216e+01 6.9228e-03 1.0951e-02     94.000    35.4576    35.4542     3.9662    1501.06    26.8245    26.8216 0.0000e+00
     95.755    12.6091    12.6069   4.110297   4.109919     1.9728    -0.3030     0.3352    35.4582 6.3090e+01 6.3247e-03 1.0028e-02     95.000    35.4565    35.4549     3.9497    1501.01    26.8274    26.8266 0.0000e+00
     96.763    12.5618    12.5639   4.105281   4.105211     1.9673    -0.3370     0.3384    35.4536 6.3357e+01 5.5753e-03 8.8028e-03     96.000    35.4522    35.4495     3.9392    1500.86    26.8335    26.8310 0.0000e+00
     97.771    12.5471    12.5499   4.103722   4.103752     1.9640    -0.3275     0.3384    35.4524 6.2794e+01 4.5639e-03 7.2678e-03     97.000    35.4506    35.4482     3.9322    1500.83    26.8351    26.8328 0.0000e+00
     98.779    12.5272    12.5300   4.101536   4.101682     1.9593    -0.3193     0.3385    35.4506 6.2728e+01 3.3947e-03 5.4129e-03     98.000    35.4478    35.4466     3.9214    1500.78    26.8370    26.8354 0.0000e+00
     99.787    12.4737    12.4731   4.095849   4.095654     1.9526    -0.3204     0.3374    35.4470 6.2783e+01 3.2212e-03 5.1307e-03     99.000    35.4429    35.4415     3.9085    1500.61    26.8437    26.8428 0.0000e+00
    100.796    12.4611    12.4628   4.094754   4.094628     1.9498    -0.3243     0.3336    35.4461 6.2604e+01 2.4120e-03 3.8534e-03    100.000    35.4438    35.4409     3.9022    1500.58    26.8469    26.8443 0.0000e+00
    101.804    12.4572    12.4589   4.094387   4.094263     1.9479    -0.3252     0.3336    35.4454 6.2392e+01 1.7936e-03 2.8745e-03    101.000    35.4435    35.4406     3.8980    1500.59    26.8475    26.8449 0.0000e+00
    102.812    12.4565    12.4581   4.094405   4.094261     1.9483    -0.3233     0.3354    35.4450 6.2419e+01 9.7444e-04 1.5630e-03    102.000    35.4438    35.4409     3.8995    1500.60    26.8479    26.8453 0.0000e+00
    103.820    12.4562    12.4581   4.094432   4.094338     1.9481    -0.3325     0.3376    35.4450 6.2795e+01 2.9968e-04 4.7543e-04    103.000    35.4440    35.4412     3.8996    1500.62    26.8481    26.8456 0.0000e+00
    104.829    12.4536    12.4553   4.094187   4.094087     1.9474    -0.3306     0.3385    35.4447 6.2393e+01 2.2274e-04 3.5711e-04    104.000    35.4436    35.4410     3.8984    1500.62    26.8484    26.8460 0.0000e+00
    105.837    12.4428    12.4449   4.093014   4.093024     1.9457    -0.3156     0.3385    35.4439 6.2265e+01 4.5857e-05 7.3468e-05    105.000    35.4420    35.4401     3.8952    1500.60    26.8493    26.8474 0.0000e+00
    106.845    12.4062    12.4091   4.089254   4.089442     1.9401    -0.3162     0.3350    35.4434 6.2209e+01 -6.126e-08 -9.814e-08    106.000    35.4397    35.4388     3.8834    1500.49    26.8546    26.8534 0.0000e+00
    107.853    12.3714    12.3729   4.085576   4.085690     1.9349    -0.3157     0.3365    35.4413 6.2222e+01 1.0000e-12 1.6072e-12    107.000    35.4365    35.4362     3.8728    1500.39    26.8590    26.8585 0.0000e+00
    108.861    12.3390    12.3405   4.082364   4.082318     1.9300    -0.3157     0.3359    35.4393 6.2155e+01 1.0000e-12 1.6089e-12    108.000    35.4356    35.4337     3.8623    1500.29    26.8647    26.8629 0.0000e+00
    109.870    12.3278    12.3292   4.081423   4.081321     1.9257    -0.3164     0.3414    35.4398 6.2155e+01 1.0000e-12 1.6089e-12    109.000    35.4366    35.4343     3.8521    1500.27    26.8677    26.8656 0.0000e+00
    110.878    12.3104    12.3118   4.080049   4.079987     1.9207    -0.3157     0.3324    35.4430 6.2374e+01 1.0000e-12 1.6034e-12    110.000    35.4393    35.4373     3.8405    1500.24    26.8732    26.8714 0.0000e+00
    111.886    12.2958    12.2970   4.079134   4.079010     1.9138    -0.3157     0.3366    35.4467 6.2151e+01 1.0000e-12 1.6091e-12    111.000    35.4437    35.4414     3.8230    1500.21    26.8795    26.8775 0.0000e+00
    112.894    12.2910    12.2927   4.078938   4.078806     1.9078    -0.3157     0.3385    35.4484 6.2079e+01 1.0000e-12 1.6109e-12    112.000    35.4460    35.4431     3.8076    1500.21    26.8822    26.8797 0.0000e+00
    113.903    12.2870    12.2885   4.078876   4.078753     1.9019    -0.3157     0.3385    35.4509 6.2238e+01 1.0000e-12 1.6068e-12    113.000    35.4487    35.4460     3.7922    1500.22    26.8851    26.8828 0.0000e+00
    114.911    12.2849    12.2865   4.079007   4.078889     1.8967    -0.3157     0.3385    35.4533 6.2154e+01 1.0000e-12 1.6089e-12    114.000    35.4515    35.4489     3.7787    1500.23    26.8877    26.8854 0.0000e+00
    115.919    12.2840    12.2856   4.079208   4.079069     1.8923    -0.3157     0.3385    35.4555 6.2155e+01 1.0000e-12 1.6089e-12    115.000    35.4539    35.4510     3.7671    1500.25    26.8898    26.8872 0.0000e+00
    116.928    12.2828    12.2843   4.079409   4.079263     1.8884    -0.3157     0.3430    35.4580 6.2082e+01 1.0000e-12 1.6108e-12    116.000    35.4565    35.4536     3.7570    1500.26    26.8921    26.8896 0.0000e+00
    117.936    12.2816    12.2832   4.079565   4.079414     1.8855    -0.3127     0.3333    35.4600 6.2088e+01 1.0000e-12 1.6107e-12    117.000    35.4587    35.4558     3.7496    1500.28    26.8941    26.8915 0.0000e+00
    118.944    12.2801    12.2817   4.079627   4.079499     1.8829    -0.2990     0.3342    35.4615 6.2157e+01 1.0000e-12 1.6088e-12    118.000    35.4604    35.4576     3.7430    1500.29    26.8957    26.8932 0.0000e+00
    119.952    12.2786    12.2801   4.079661   4.079511     1.8800    -0.3169     0.3385    35.4628 6.2155e+01 1.0000e-12 1.6089e-12    119.000    35.4617    35.4588     3.7358    1500.30    26.8970    26.8945 0.0000e+00
    120.961    12.2733    12.2752   4.079482   4.079379     1.8756    -0.3165     0.3340    35.4657 6.2155e+01 1.0000e-12 1.6089e-12    120.000    35.4644    35.4616     3.7245    1500.31    26.9002    26.8976 0.0000e+00
    121.969    12.2647    12.2663   4.079089   4.078997     1.8704    -0.3157     0.3377    35.4699 6.2080e+01 1.0000e-12 1.6109e-12    121.000    35.4684    35.4659     3.7114    1500.30    26.9050    26.9027 0.0000e+00
    122.977    12.2592    12.2609   4.078916   4.078785     1.8642    -0.3164     0.3343    35.4725 6.2225e+01 1.0000e-12 1.6071e-12    122.000    35.4714    35.4686     3.6955    1500.30    26.9084    26.9059 0.0000e+00
    123.986    12.2574    12.2590   4.078886   4.078753     1.8592    -0.3164     0.3331    35.4736 6.2023e+01 1.0000e-12 1.6124e-12    123.000    35.4725    35.4696     3.6823    1500.31    26.9096    26.9071 0.0000e+00
    124.994    12.2526    12.2542   4.078684   4.078566     1.8551    -0.3157     0.3295    35.4757 6.2074e+01 1.0000e-12 1.6110e-12    124.000    35.4745    35.4719     3.6718    1500.32    26.9122    26.9098 0.0000e+00
    126.002    12.2472    12.2487   4.078478   4.078368     1.8519    -0.3157     0.3334    35.4785 6.2070e+01 1.0000e-12 1.6112e-12    125.000    35.4773    35.4747     3.6640    1500.32    26.9154    26.9131 0.0000e+00
    127.011    12.2439    12.2454   4.078399   4.078279     1.8493    -0.3167     0.3336    35.4802 6.2154e+01 1.0000e-12 1.6089e-12    126.000    35.4792    35.4765     3.6577    1500.32    26.9175    26.9152 0.0000e+00
    128.019    12.2403    12.2419   4.078338   4.078216     1.8468    -0.3157     0.3373    35.4825 6.2155e+01 1.0000e-12 1.6089e-12    127.000    35.4815    35.4788     3.6513    1500.33    26.9201    26.9177 0.0000e+00
    129.027    12.2309    12.2322   4.077750   4.077672     1.8410    -0.3157     0.3384    35.4861 6.1934e+01 1.0000e-12 1.6148e-12    128.000    35.4843    35.4823     3.6368    1500.32    26.9241    26.9223 0.0000e+00
    130.036    12.2181    12.2198   4.076794   4.076704     1.8320    -0.3157     0.3385    35.4883 6.2078e+01 1.0000e-12 1.6111e-12    129.000    35.4866    35.4842     3.6134    1500.30    26.9284    26.9262 0.0000e+00
    131.044    12.2149    12.2165   4.076608   4.076488     1.8247    -0.3314     0.3385    35.4887 6.1950e+01 1.0000e-12 1.6143e-12    130.000    35.4875    35.4848     3.5942    1500.30    26.9297    26.9273 0.0000e+00
    132.052    12.2136    12.2153   4.076760   4.076605     1.8193    -0.3353     0.3385    35.4905 6.2081e+01 1.0000e-12 1.6109e-12    131.000    35.4897    35.4866     3.5798    1500.32    26.9317    26.9290 0.0000e+00
    133.061    12.2144    12.2161   4.076966   4.076839     1.8159    -0.3352     0.3340    35.4913 6.1999e+01 1.0000e-12 1.6130e-12    132.000    35.4905    35.4877     3.5709    1500.34    26.9322    26.9297 0.0000e+00
    134.069    12.2115    12.2132   4.076760   4.076661     1.8131    -0.3187     0.3336    35.4919 6.1832e+01 1.0000e-12 1.6175e-12    133.000    35.4908    35.4882     3.5639    1500.35    26.9330    26.9307 0.0000e+00
    135.077    12.2044    12.2056   4.076158   4.076080     1.8096    -0.3166     0.3336    35.4929 6.1813e+01 1.0000e-12 1.6180e-12    134.000    35.4913    35.4894     3.5555    1500.34    26.9348    26.9331 0.0000e+00
    136.086    12.1951    12.1961   4.075387   4.075225     1.8048    -0.3314     0.3336    35.4935 6.1812e+01 1.0000e-12 1.6180e-12    135.000    35.4921    35.4896     3.5435    1500.32    26.9373    26.9352 0.0000e+00
    137.094    12.1905    12.1914   4.075004   4.074838     1.7992    -0.3353     0.3336    35.4937 6.1777e+01 1.0000e-12 1.6190e-12    136.000    35.4923    35.4899     3.5289    1500.33    26.9383    26.9363 0.0000e+00
    138.103    12.1847    12.1869   4.074478   4.074414     1.7935    -0.3352     0.3310    35.4934 6.1661e+01 1.0000e-12 1.6221e-12    137.000    35.4922    35.4896     3.5142    1500.32    26.9394    26.9370 0.0000e+00
    139.111    12.1795    12.1807   4.073992   4.073863     1.7879    -0.3264     0.3337    35.4935 6.1070e+01 1.0000e-12 1.6379e-12    138.000    35.4920    35.4896     3.4995    1500.32    26.9403    26.9382 0.0000e+00
    140.119    12.1677    12.1690   4.073375   4.073280     1.7798    -0.3159     0.3354    35.4986 6.1431e+01 1.0000e-12 1.6282e-12    139.000    35.4968    35.4946     3.4787    1500.30    26.9463    26.9444 0.0000e+00
    141.128    12.1303    12.1321   4.069401   4.069675     1.7654    -0.3318     0.3373    35.4987 6.1526e+01 1.0000e-12 1.6257e-12    140.000    35.4931    35.4941     3.4424    1500.19    26.9507    26.9511 0.0000e+00
    142.136    12.0794    12.0817   4.064380   4.064498     1.7458    -0.3179     0.3286    35.4969 6.1933e+01 1.0000e-12 1.6148e-12    141.000    35.4921    35.4911     3.3927    1500.03    26.9598    26.9585 0.0000e+00
    143.145    12.0611    12.0620   4.062595   4.062522     1.7306    -0.3351     0.3287    35.4960 6.1760e+01 1.0000e-12 1.6194e-12    142.000    35.4916    35.4900     3.3528    1499.99    26.9629    26.9616 0.0000e+00
    144.153    12.0489    12.0502   4.061465   4.061359     1.7193    -0.3211     0.3360    35.4956 6.1565e+01 1.0000e-12 1.6246e-12    143.000    35.4918    35.4895     3.3229    1499.96    26.9655    26.9634 0.0000e+00
    145.161    12.0438    12.0451   4.061028   4.060881     1.7101    -0.3263     0.3360    35.4949 6.1528e+01 1.0000e-12 1.6256e-12    144.000    35.4918    35.4892     3.2986    1499.96    26.9665    26.9642 0.0000e+00
    146.170    12.0418    12.0441   4.060832   4.060831     1.7025    -0.3304     0.3348    35.4944 6.1005e+01 1.0000e-12 1.6396e-12    145.000    35.4915    35.4892     3.2782    1499.97    26.9666    26.9644 0.0000e+00
    147.178    12.0369    12.0382   4.060362   4.060211     1.6962    -0.3177     0.3369    35.4938 6.1169e+01 1.0000e-12 1.6352e-12    146.000    35.4911    35.4884     3.2614    1499.97    26.9673    26.9650 0.0000e+00
    148.187    12.0277    12.0290   4.059363   4.059272     1.6891    -0.3275     0.3337    35.4925 6.1435e+01 1.0000e-12 1.6281e-12    147.000    35.4896    35.4875     3.2432    1499.95    26.9680    26.9660 0.0000e+00
    149.195    12.0202    12.0207   4.058669   4.058431     1.6829    -0.3182     0.3336    35.4918 6.1816e+01 1.0000e-12 1.6179e-12    148.000    35.4895    35.4867     3.2269    1499.94    26.9693    26.9671 0.0000e+00
    150.204    12.0121    12.0135   4.057548   4.057653     1.6782    -0.3157     0.3336    35.4902 6.1636e+01 1.0000e-12 1.6227e-12    149.000    35.4858    35.4855     3.2150    1499.93    26.9681    26.9676 0.0000e+00
    151.212    11.9868    11.9888   4.054804   4.055020     1.6709    -0.3167     0.3359    35.4881 6.1265e+01 1.0000e-12 1.6326e-12    150.000    35.4827    35.4829     3.1973    1499.85    26.9705    26.9703 0.0000e+00
    152.220    11.9322    11.9340   4.048924   4.049277     1.6582    -0.3233     0.3384    35.4846 6.0929e+01 1.0000e-12 1.6416e-12    151.000    35.4766    35.4784     3.1664    1499.68    26.9763    26.9773 0.0000e+00
    153.229    11.8917    11.8933   4.045081   4.045167     1.6400    -0.3347     0.3363    35.4833 6.1008e+01 1.0000e-12 1.6395e-12    152.000    35.4771    35.4764     3.1193    1499.56    26.9845    26.9836 0.0000e+00
    154.237    11.8418    11.8413   4.039121   4.039469     1.6206    -0.3352     0.3336    35.4777 6.1177e+01 1.0000e-12 1.6350e-12    153.000    35.4658    35.4697     3.0694    1499.39    26.9852    26.9883 0.0000e+00
    155.246    11.7478    11.7483   4.029621   4.029784     1.5999    -0.3237     0.3366    35.4724 6.1397e+01 1.0000e-12 1.6291e-12    154.000    35.4617    35.4629     3.0187    1499.08    26.9998    27.0007 0.0000e+00
    156.254    11.6903    11.6918   4.023701   4.023852     1.5816    -0.3042     0.3384    35.4681 6.0914e+01 1.0000e-12 1.6420e-12    155.000    35.4579    35.4580     2.9720    1498.89    27.0078    27.0076 0.0000e+00
    157.263    11.6736    11.6739   4.022272   4.022097     1.5676    -0.3170     0.3361    35.4671 6.0955e+01 1.0000e-12 1.6409e-12    156.000    35.4594    35.4574     2.9345    1498.85    27.0122    27.0105 0.0000e+00
    158.271    11.6653    11.6678   4.021485   4.021508     1.5573    -0.3309     0.3351    35.4659 6.0671e+01 1.0000e-12 1.6485e-12    157.000    35.4591    35.4569     2.9069    1498.84    27.0135    27.0113 0.0000e+00
