Ship_data/Irminger/Irminger-4/ctd/process/dar21999.cnv
* Sea-Bird SBE 9 Data File:
* FileName = D:\Data\ar20001.hdr
* Software Version Seasave V 7.23.2
* Temperature SN = 4155
* Conductivity SN = 2645
* Number of Bytes Per Scan = 40
* Number of Voltage Words = 5
* Number of Scans Averaged by the Deck Unit = 1
* NMEA Latitude = 39 53.23 N
* NMEA Longitude = 071 21.61 W
* NMEA UTC (Time) = Jul 06 2017  23:27:03
# nquan = 20
# nvalues = 290                         
# units = specified
# name 0 = prDM: Pressure, Digiquartz [db]
# name 1 = t090C: Temperature [ITS-90, deg C]
# name 2 = t190C: Temperature, 2 [ITS-90, deg C]
# name 3 = c0S/m: Conductivity [S/m]
# name 4 = c1S/m: Conductivity, 2 [S/m]
# name 5 = sbeox0V: Oxygen raw, SBE 43 [V]
# name 6 = flECO-AFL: Fluorescence, WET Labs ECO-AFL/FL [mg/m^3]
# name 7 = turbWETntu0: Turbidity, WET Labs ECO [NTU]
# name 8 = sal00: Salinity, Practical [PSU]
# name 9 = spar: SPAR/Surface Irradiance
# name 10 = par: PAR/Irradiance, Biospherical/Licor
# name 11 = cpar: CPAR/Corrected Irradiance [%]
# name 12 = depSM: Depth [salt water, m], lat = 39.8872
# name 13 = sal00: Salinity, Practical [PSU]
# name 14 = sal11: Salinity, Practical, 2 [PSU]
# name 15 = sbeox0ML/L: Oxygen, SBE 43 [ml/l], WS = 2
# name 16 = svCM: Sound Velocity [Chen-Millero, m/s]
# name 17 = sigma-é00: Density [sigma-theta, kg/m^3]
# name 18 = sigma-é11: Density, 2 [sigma-theta, kg/m^3]
# name 19 = flag: flag
# span 0 =     14.108,    305.562       
# span 1 =     8.2356,    17.4181       
# span 2 =     8.2351,    17.4105       
# span 3 =   3.672176,   4.425798       
# span 4 =   3.670309,   4.425230       
# span 5 =     1.0732,     2.5352       
# span 6 =    -0.3565,     0.9543       
# span 7 =     0.3286,     0.4899       
# span 8 =    34.0887,    35.4987       
# span 9 = 4.8782e+01, 7.7910e+01       
# span 10 = -6.126e-08, 8.3017e+00      
# span 11 = -9.814e-08, 1.0630e+01      
# span 12 =     14.000,    303.000      
# span 13 =    34.0814,    35.4968      
# span 14 =    34.0830,    35.4946      
# span 15 =     1.7236,     4.9773      
# span 16 =    1488.52,    1513.26      
# span 17 =    24.7100,    27.4063      
# span 18 =    24.7130,    27.3557      
# span 19 = 0.0000e+00, 0.0000e+00      
# interval = meters: 1                  
# start_time = Jul 06 2017 23:27:03 [NMEA time, header]
# bad_flag = -9.990e-29
*END*
[from data line 218]
    233.921    10.1211    10.1221   3.859661   3.859535     1.3783    -0.3353     0.3336    35.2939 5.6123e+01 1.0000e-12 1.7821e-12    232.000    35.2923    35.2901     2.5194    1494.47    27.1642    27.1623 0.0000e+00
    234.930    10.1158    10.1181   3.859230   3.859167     1.3783    -0.3193     0.3312    35.2936 5.6305e+01 1.0000e-12 1.7763e-12    233.000    35.2927    35.2898     2.5199    1494.47    27.1654    27.1628 0.0000e+00
    235.939    10.1141    10.1159   3.859083   3.858979     1.3787    -0.3347     0.3336    35.2932 5.6122e+01 1.0000e-12 1.7822e-12    234.000    35.2924    35.2895     2.5215    1494.48    27.1655    27.1630 0.0000e+00
    236.948    10.1109    10.1122   3.858779   3.858627     1.3784    -0.3285     0.3364    35.2927 5.6207e+01 1.0000e-12 1.7794e-12    235.000    35.2919    35.2891     2.5214    1494.49    27.1657    27.1633 0.0000e+00
    237.957    10.1035    10.1052   3.858006   3.857936     1.3781    -0.3280     0.3339    35.2919 5.5593e+01 1.0000e-12 1.7993e-12    236.000    35.2907    35.2884     2.5212    1494.48    27.1661    27.1640 0.0000e+00
    238.966    10.0835    10.0825   3.855934   3.855587     1.3767    -0.3457     0.3377    35.2901 5.6234e+01 1.0000e-12 1.7785e-12    237.000    35.2887    35.2860     2.5186    1494.42    27.1679    27.1660 0.0000e+00
    239.975    10.0667    10.0688   3.854085   3.854149     1.3763    -0.3411     0.3384    35.2882 5.6006e+01 1.0000e-12 1.7859e-12    238.000    35.2857    35.2843     2.5186    1494.37    27.1685    27.1670 0.0000e+00
    240.983    10.0149    10.0161   3.848264   3.848504     1.3750    -0.3226     0.3371    35.2823 5.5297e+01 1.0000e-12 1.8089e-12    239.000    35.2761    35.2774     2.5182    1494.19    27.1700    27.1708 0.0000e+00
    241.992     9.9680     9.9695   3.843756   3.843703     1.3737    -0.3321     0.3321    35.2791 5.5003e+01 1.0000e-12 1.8184e-12    240.000    35.2753    35.2733     2.5174    1494.04    27.1774    27.1756 0.0000e+00
    243.001     9.9318     9.9330   3.839882   3.839883     1.3710    -0.3278     0.3361    35.2749 5.5289e+01 1.0000e-12 1.8092e-12    241.000    35.2705    35.2693     2.5122    1493.92    27.1798    27.1787 0.0000e+00
    244.010     9.9013     9.9032   3.836814   3.836802     1.3696    -0.3399     0.3360    35.2722 5.5165e+01 1.0000e-12 1.8132e-12    242.000    35.2684    35.2663     2.5101    1493.82    27.1834    27.1815 0.0000e+00
    245.019     9.8840     9.8852   3.835078   3.834970     1.3693    -0.3341     0.3362    35.2704 5.4842e+01 1.0000e-12 1.8236e-12    243.000    35.2670    35.2647     2.5105    1493.78    27.1853    27.1833 0.0000e+00
    246.028     9.8529     9.8549   3.831760   3.831825     1.3678    -0.3480     0.3335    35.2671 5.4737e+01 1.0000e-12 1.8270e-12    244.000    35.2628    35.2615     2.5084    1493.68    27.1873    27.1859 0.0000e+00
    247.037     9.8335     9.8346   3.829963   3.829800     1.3672    -0.3362     0.3384    35.2657 5.4696e+01 1.0000e-12 1.8285e-12    245.000    35.2629    35.2601     2.5080    1493.62    27.1907    27.1883 0.0000e+00
    248.046     9.8250     9.8263   3.829088   3.828991     1.3677    -0.3351     0.3370    35.2644 5.4654e+01 1.0000e-12 1.8297e-12    246.000    35.2617    35.2594     2.5104    1493.61    27.1912    27.1892 0.0000e+00
    249.055     9.8095     9.8110   3.827571   3.827451     1.3672    -0.3301     0.3435    35.2631 5.4674e+01 1.0000e-12 1.8291e-12    247.000    35.2608    35.2581     2.5099    1493.57    27.1932    27.1908 0.0000e+00
    250.064     9.7870     9.7885   3.824955   3.825064     1.3666    -0.3331     0.3394    35.2600 5.4571e+01 1.0000e-12 1.8325e-12    248.000    35.2554    35.2551     2.5099    1493.50    27.1928    27.1923 0.0000e+00
    251.073     9.7207     9.7221   3.818075   3.818183     1.3659    -0.3337     0.3368    35.2548 5.4511e+01 1.0000e-12 1.8346e-12    249.000    35.2490    35.2487     2.5122    1493.27    27.1990    27.1985 0.0000e+00
    252.081     9.6788     9.6797   3.813955   3.813839     1.3662    -0.3285     0.3411    35.2515 5.4332e+01 1.0000e-12 1.8408e-12    250.000    35.2471    35.2450     2.5156    1493.13    27.2046    27.2028 0.0000e+00
    253.090     9.6504     9.6501   3.811140   3.810836     1.3667    -0.3271     0.3362    35.2489 5.4516e+01 1.0000e-12 1.8345e-12    251.000    35.2454    35.2425     2.5191    1493.04    27.2080    27.2058 0.0000e+00
    254.099     9.6479     9.6506   3.810953   3.810960     1.3671    -0.3352     0.3433    35.2482 5.4396e+01 1.0000e-12 1.8386e-12    252.000    35.2455    35.2429     2.5209    1493.05    27.2085    27.2060 0.0000e+00
    255.108     9.6289     9.6346   3.808907   3.809336     1.3671    -0.3325     0.3391    35.2459 5.4234e+01 1.0000e-12 1.8442e-12    253.000    35.2425    35.2413     2.5224    1492.99    27.2094    27.2075 0.0000e+00
    256.117     9.6192     9.6210   3.808136   3.807981     1.3671    -0.3270     0.3419    35.2456 5.4259e+01 1.0000e-12 1.8434e-12    254.000    35.2436    35.2402     2.5230    1492.97    27.2119    27.2089 0.0000e+00
    257.126     9.5955     9.5977   3.805496   3.805574     1.3670    -0.3249     0.3406    35.2428 5.3488e+01 1.0000e-12 1.8701e-12    255.000    35.2391    35.2377     2.5245    1492.90    27.2124    27.2109 0.0000e+00
    258.135     9.5662     9.5687   3.802577   3.802625     1.3673    -0.3319     0.3416    35.2403 5.3870e+01 1.0000e-12 1.8569e-12    256.000    35.2371    35.2353     2.5274    1492.81    27.2157    27.2139 0.0000e+00
    259.144     9.5177     9.5189   3.797317   3.797441     1.3675    -0.3352     0.3400    35.2358 5.3559e+01 1.0000e-12 1.8677e-12    257.000    35.2299    35.2300     2.5313    1492.64    27.2181    27.2180 0.0000e+00
    260.153     9.4864     9.4881   3.794384   3.794367     1.3680    -0.3352     0.3385    35.2339 5.3052e+01 1.0000e-12 1.8853e-12    258.000    35.2297    35.2279     2.5349    1492.54    27.2233    27.2215 0.0000e+00
    261.162     9.4661     9.4677   3.792370   3.792302     1.3691    -0.3326     0.3434    35.2319 5.3211e+01 1.0000e-12 1.8797e-12    259.000    35.2283    35.2261     2.5398    1492.48    27.2255    27.2235 0.0000e+00
    262.171     9.4389     9.4404   3.789477   3.789502     1.3688    -0.3352     0.3442    35.2291 5.3068e+01 1.0000e-12 1.8847e-12    260.000    35.2246    35.2234     2.5410    1492.40    27.2272    27.2260 0.0000e+00
    263.180     9.3991     9.4003   3.785343   3.785405     1.3682    -0.3301     0.3427    35.2259 5.2986e+01 1.0000e-12 1.8876e-12    261.000    35.2204    35.2198     2.5419    1492.26    27.2304    27.2298 0.0000e+00
    264.189     9.2986     9.3007   3.774786   3.775143     1.3693    -0.3351     0.3762    35.2182 5.2862e+01 1.0000e-12 1.8919e-12    262.000    35.2091    35.2107     2.5514    1491.90    27.2381    27.2390 0.0000e+00
    265.198     9.2248     9.2252   3.767282   3.767443     1.3718    -0.3356     0.3427    35.2126 5.2772e+01 1.0000e-12 1.8950e-12    263.000    35.2031    35.2044     2.5636    1491.64    27.2456    27.2465 0.0000e+00
    266.207     9.1343     9.1354   3.758371   3.758368     1.3748    -0.3352     0.3433    35.2069 5.2817e+01 1.0000e-12 1.8934e-12    264.000    35.1988    35.1977     2.5784    1491.32    27.2569    27.2559 0.0000e+00
    267.216     9.0987     9.0980   3.754781   3.754607     1.3770    -0.3352     0.3415    35.2038 5.2737e+01 1.0000e-12 1.8962e-12    265.000    35.1960    35.1948     2.5875    1491.20    27.2605    27.2597 0.0000e+00
    268.225     9.0489     9.0506   3.749823   3.749868     1.3791    -0.3322     0.3401    35.2002 5.2665e+01 1.0000e-12 1.8989e-12    266.000    35.1928    35.1916     2.5970    1491.03    27.2661    27.2649 0.0000e+00
    269.234     9.0097     9.0109   3.746102   3.745975     1.3822    -0.3347     0.3413    35.1976 5.2636e+01 1.0000e-12 1.9000e-12    267.000    35.1921    35.1896     2.6092    1490.90    27.2719    27.2697 0.0000e+00
    270.243     8.9961     8.9975   3.744709   3.744677     1.3839    -0.3334     0.3416    35.1960 5.2565e+01 1.0000e-12 1.9026e-12    268.000    35.1905    35.1888     2.6155    1490.87    27.2728    27.2712 0.0000e+00
    271.252     8.9708     8.9727   3.742207   3.742224     1.3842    -0.3312     0.3352    35.1942 5.2627e+01 1.0000e-12 1.9004e-12    269.000    35.1888    35.1871     2.6183    1490.79    27.2755    27.2740 0.0000e+00
    272.261     8.9391     8.9407   3.739122   3.739074     1.3862    -0.3353     0.3398    35.1920 5.2434e+01 1.0000e-12 1.9075e-12    270.000    35.1873    35.1852     2.6263    1490.69    27.2795    27.2776 0.0000e+00
    273.270     8.9170     8.9173   3.736950   3.736762     1.3884    -0.3525     0.3405    35.1898 5.2616e+01 1.0000e-12 1.9007e-12    271.000    35.1858    35.1837     2.6348    1490.62    27.2819    27.2801 0.0000e+00
    274.279     8.8973     8.8982   3.735022   3.734907     1.3891    -0.3350     0.3426    35.1886 5.2370e+01 1.0000e-12 1.9099e-12    272.000    35.1847    35.1826     2.6385    1490.56    27.2841    27.2824 0.0000e+00
    275.288     8.8825     8.8843   3.733576   3.733561     1.3897    -0.3352     0.3386    35.1875 5.2170e+01 1.0000e-12 1.9173e-12    273.000    35.1836    35.1817     2.6414    1490.52    27.2857    27.2839 0.0000e+00
    276.297     8.8251     8.8270   3.727666   3.727787     1.3905    -0.3340     0.3392    35.1835 5.1900e+01 1.0000e-12 1.9274e-12    274.000    35.1778    35.1773     2.6478    1490.32    27.2903    27.2896 0.0000e+00
    277.306     8.7758     8.7767   3.722778   3.722761     1.3924    -0.3338     0.3434    35.1805 5.2115e+01 1.0000e-12 1.9194e-12    275.000    35.1747    35.1737     2.6571    1490.15    27.2957    27.2947 0.0000e+00
    278.316     8.7313     8.7321   3.718371   3.718343     1.3937    -0.3355     0.3408    35.1778 5.1889e+01 1.0000e-12 1.9278e-12    276.000    35.1720    35.1708     2.6643    1490.00    27.3006    27.2996 0.0000e+00
    279.325     8.6801     8.6808   3.713279   3.713210     1.3964    -0.3352     0.3436    35.1743 5.1638e+01 1.0000e-12 1.9372e-12    277.000    35.1685    35.1672     2.6760    1489.82    27.3060    27.3048 0.0000e+00
    280.334     8.6504     8.6521   3.710401   3.710405     1.3985    -0.3352     0.3459    35.1726 5.1691e+01 1.0000e-12 1.9352e-12    278.000    35.1672    35.1655     2.6846    1489.73    27.3097    27.3081 0.0000e+00
    281.343     8.6244     8.6263   3.707869   3.707870     1.4005    -0.3352     0.3424    35.1707 5.1646e+01 1.0000e-12 1.9369e-12    279.000    35.1657    35.1639     2.6925    1489.65    27.3126    27.3109 0.0000e+00
    282.352     8.6098     8.6113   3.706585   3.706452     1.4033    -0.3345     0.3384    35.1696 5.1260e+01 1.0000e-12 1.9513e-12    280.000    35.1662    35.1633     2.7024    1489.61    27.3153    27.3128 0.0000e+00
    283.361     8.6014     8.6029   3.705780   3.705678     1.4048    -0.3352     0.3406    35.1686 5.1177e+01 1.0000e-12 1.9544e-12    281.000    35.1655    35.1629     2.7078    1489.59    27.3161    27.3138 0.0000e+00
    284.370     8.5926     8.5938   3.704982   3.704843     1.4057    -0.3352     0.3434    35.1680 5.1258e+01 1.0000e-12 1.9513e-12    282.000    35.1654    35.1627     2.7113    1489.58    27.3174    27.3151 0.0000e+00
    285.379     8.5800     8.5811   3.703721   3.703604     1.4062    -0.3352     0.3422    35.1668 5.0977e+01 1.0000e-12 1.9618e-12    283.000    35.1641    35.1618     2.7142    1489.54    27.3183    27.3163 0.0000e+00
    286.388     8.5625     8.5640   3.701812   3.701916     1.4062    -0.3332     0.3359    35.1653 5.0999e+01 1.0000e-12 1.9610e-12    284.000    35.1607    35.1604     2.7157    1489.49    27.3185    27.3180 0.0000e+00
    287.397     8.5022     8.5030   3.695990   3.695930     1.4080    -0.3352     0.3416    35.1632 5.0933e+01 1.0000e-12 1.9635e-12    285.000    35.1586    35.1571     2.7252    1489.28    27.3262    27.3249 0.0000e+00
    288.406     8.4806     8.4824   3.694028   3.693953     1.4124    -0.3352     0.3413    35.1621 5.0889e+01 1.0000e-12 1.9651e-12    286.000    35.1588    35.1563     2.7404    1489.22    27.3297    27.3274 0.0000e+00
    289.416     8.4356     8.4364   3.688972   3.689281     1.4141    -0.3308     0.3387    35.1581 5.0914e+01 1.0000e-12 1.9642e-12    287.000    35.1494    35.1519     2.7489    1489.05    27.3293    27.3312 0.0000e+00
    290.425     8.3704     8.3707   3.683060   3.682935     1.4178    -0.3501     0.3404    35.1569 5.0890e+01 1.0000e-12 1.9651e-12    288.000    35.1511    35.1495     2.7649    1488.83    27.3407    27.3394 0.0000e+00
    291.434     8.3381     8.3409   3.679988   3.680055     1.4246    -0.3334     0.3406    35.1547 5.0810e+01 1.0000e-12 1.9682e-12    289.000    35.1501    35.1481     2.7880    1488.72    27.3450    27.3429 0.0000e+00
    292.443     8.3070     8.3092   3.676946   3.676958     1.4272    -0.3352     0.3454    35.1530 5.0711e+01 1.0000e-12 1.9722e-12    290.000    35.1482    35.1462     2.7984    1488.62    27.3483    27.3464 0.0000e+00
    293.452     8.2987     8.3005   3.676287   3.676197     1.4300    -0.3565     0.3398    35.1524 5.0897e+01 1.0000e-12 1.9648e-12    291.000    35.1490    35.1462     2.8079    1488.61    27.3502    27.3477 0.0000e+00
    294.461     8.2886     8.2903   3.675300   3.675245     1.4316    -0.3343     0.3420    35.1514 5.0736e+01 1.0000e-12 1.9711e-12    292.000    35.1481    35.1458     2.8140    1488.59    27.3511    27.3490 0.0000e+00
    295.470     8.2710     8.2731   3.673651   3.673606     1.4336    -0.3356     0.3425    35.1504 5.0756e+01 1.0000e-12 1.9704e-12    293.000    35.1476    35.1451     2.8215    1488.54    27.3534    27.3511 0.0000e+00
    296.480     8.2668     8.2686   3.673346   3.673238     1.4349    -0.3352     0.3434    35.1502 5.0855e+01 1.0000e-12 1.9664e-12    294.000    35.1481    35.1452     2.8261    1488.54    27.3544    27.3518 0.0000e+00
    297.489     8.2616     8.2629   3.672844   3.672714     1.4357    -0.3352     0.3414    35.1495 5.0310e+01 1.0000e-12 1.9882e-12    295.000    35.1474    35.1448     2.8293    1488.53    27.3547    27.3524 0.0000e+00
    298.498     8.2544     8.2559   3.672251   3.672102     1.4360    -0.3335     0.3359    35.1490 5.0841e+01 1.0000e-12 1.9669e-12    296.000    35.1478    35.1447     2.8312    1488.52    27.3561    27.3534 0.0000e+00
    299.507     8.2475     8.2496   3.672176   3.671576     1.4254    -0.3346     0.3428    35.1544 5.0480e+01 1.0000e-12 1.9814e-12    297.000    35.1535    35.1449     2.7995    1488.52    27.3616    27.3546 0.0000e+00
    300.516     8.2426     8.2426   3.673048   3.670887     1.4005    -0.3356     0.3430    35.1678 5.0177e+01 1.0000e-12 1.9936e-12    298.000    35.1672    35.1440     2.7236    1488.54    27.3731    27.3550 0.0000e+00
    301.525     8.2382     8.2399   3.674890   3.670651     1.3223    -0.3408     0.3395    35.1912 5.0494e+01 1.0000e-12 1.9809e-12    299.000    35.1907    35.1438     2.4846    1488.57    27.3923    27.3552 0.0000e+00
    302.535     8.2385     8.2403   3.675515   3.670743     1.2861    -0.3352     0.3510    35.1968 5.0345e+01 1.0000e-12 1.9868e-12    300.000    35.1966    35.1439     2.3742    1488.59    27.3969    27.3552 0.0000e+00
    303.544     8.2384     8.2398   3.676390   3.670725     1.2453    -0.3526     0.3438    35.2058 4.9811e+01 1.0000e-12 2.0083e-12    301.000    35.2055    35.1437     2.2495    1488.62    27.4039    27.3552 0.0000e+00
    304.553     8.2371     8.2351   3.676574   3.670309     1.2209    -0.3263     0.3402    35.2083 4.9781e+01 1.0000e-12 2.0095e-12    302.000    35.2083    35.1435     2.1751    1488.63    27.4063    27.3557 0.0000e+00
    305.562     8.2356     8.2417   3.675862   3.670934     1.0732    -0.3331     0.3908    35.2018 4.8782e+01 1.0000e-12 2.0499e-12    303.000    35.2018    35.1431     1.7236    1488.64    27.4014    27.3544 0.0000e+00
