Ship_data/Irminger/Irminger-4/ctd/process/dar21_004.cnv
* Sea-Bird SBE 9 Data File:
* FileName = D:\Data\AR21_004.hdr
* Software Version Seasave V 7.23.2
* Temperature SN = 4155
* Conductivity SN = 2645
* Number of Bytes Per Scan = 40
* Number of Voltage Words = 5
* Number of Scans Averaged by the Deck Unit = 1
* NMEA Latitude = 50 47.19 N
* NMEA Longitude = 047 19.09 W
* NMEA UTC (Time) = Aug 02 2017  15:55:19
# nquan = 21
# nvalues = 1002                        
# units = specified
# name 0 = prDM: Pressure, Digiquartz [db]
# name 1 = t090C: Temperature [ITS-90, deg C]
# name 2 = t190C: Temperature, 2 [ITS-90, deg C]
# name 3 = c0S/m: Conductivity [S/m]
# name 4 = c1S/m: Conductivity, 2 [S/m]
# name 5 = sbeox0V: Oxygen raw, SBE 43 [V]
# name 6 = flECO-AFL: Fluorescence, WET Labs ECO-AFL/FL [mg/m^3]
# name 7 = turbWETntu0: Turbidity, WET Labs ECO [NTU]
# name 8 = sal00: Salinity, Practical [PSU]
# name 9 = spar: SPAR/Surface Irradiance
# name 10 = par: PAR/Irradiance, Biospherical/Licor
# name 11 = cpar: CPAR/Corrected Irradiance [%]
# name 12 = depSM: Depth [salt water, m], lat = 50.7865
# name 13 = sal00: Salinity, Practical [PSU]
# name 14 = sal11: Salinity, Practical, 2 [PSU]
# name 15 = sbeox0ML/L: Oxygen, SBE 43 [ml/l], WS = 2
# name 16 = svCM: Sound Velocity [Chen-Millero, m/s]
# name 17 = sigma-é00: Density [sigma-theta, kg/m^3]
# name 18 = sigma-é11: Density, 2 [sigma-theta, kg/m^3]
# name 19 = avgsvCM: Average Sound Velocity [Chen-Millero, m/s], minP = 20, minS = 20
# name 20 = flag: flag
# span 0 =      5.044,   1017.257       
# span 1 =     3.1967,    10.8451       
# span 2 =     3.1982,    10.8561       
# span 3 =   3.160649,   3.773925       
# span 4 =   3.160541,   3.774168       
# span 5 =     1.5005,     2.4654       
# span 6 =    -0.4144,     1.9228       
# span 7 =     0.3417,     0.5491       
# span 8 =    33.8346,    34.9346       
# span 9 = 4.2863e-01, 2.0955e+00       
# span 10 = 1.0000e-12, 1.0000e-12      
# span 11 = 6.0725e+03, 8.1334e+04      
# span 12 =      5.000,   1006.000      
# span 13 =    33.8230,    34.9344      
# span 14 =    33.8331,    34.8704      
# span 15 =     3.7281,     5.8106      
# span 16 =    1464.15,    1491.51      
# span 17 =    25.8961,    27.8038      
# span 18 =    25.8940,    27.7523      
# span 19 =       0.00,    1538.40      
# span 20 = 0.0000e+00, 0.0000e+00      
# interval = meters: 1                  
# start_time = Aug 02 2017 15:55:19 [NMEA time, header]
# bad_flag = -9.990e-29
*END*
[from data line 276]
    283.645     3.4977     3.4992   3.210556   3.210494     2.1151    -0.3725     0.3504    34.8453 1.0151e+00 1.0000e-12 5.4835e+04    281.000    34.8450    34.8426     5.5519    1468.96    27.7158    27.7137    1468.09 0.0000e+00
    284.655     3.4953     3.4968   3.210386   3.210327     2.1146    -0.3926     0.3538    34.8453 1.2799e+00 1.0000e-12 3.1979e+04    282.000    34.8450    34.8427     5.5513    1468.97    27.7160    27.7140    1468.10 0.0000e+00
    285.665     3.4940     3.4949   3.210345   3.210203     2.1140    -0.3821     0.3550    34.8455 6.3374e-01 1.0000e-12 6.9887e+04    283.000    34.8453    34.8426     5.5499    1468.98    27.7164    27.7142    1468.10 0.0000e+00
    286.675     3.4919     3.4937   3.210182   3.210140     2.1140    -0.3698     0.3523    34.8453 1.1029e+00 1.0000e-12 4.1345e+04    284.000    34.8450    34.8427     5.5512    1468.99    27.7164    27.7143    1468.10 0.0000e+00
    287.685     3.4917     3.4927   3.210199   3.210092     2.1141    -0.3697     0.3514    34.8451 8.8327e-01 1.0000e-12 5.9075e+04    285.000    34.8449    34.8426     5.5524    1469.00    27.7163    27.7144    1468.11 0.0000e+00
    288.695     3.4919     3.4933   3.210312   3.210202     2.1143    -0.3708     0.3502    34.8454 7.7530e-01 1.0000e-12 5.8823e+04    286.000    34.8455    34.8427     5.5538    1469.02    27.7168    27.7144    1468.11 0.0000e+00
    289.705     3.4939     3.4950   3.210545   3.210412     2.1141    -0.3851     0.3501    34.8455 1.3034e+00 1.0000e-12 3.5091e+04    287.000    34.8457    34.8429     5.5535    1469.04    27.7167    27.7144    1468.11 0.0000e+00
    290.715     3.4978     3.4990   3.211045   3.210879     2.1149    -0.3806     0.3555    34.8461 1.1731e+00 1.0000e-12 4.2460e+04    288.000    34.8469    34.8437     5.5563    1469.08    27.7173    27.7146    1468.12 0.0000e+00
    291.726     3.5134     3.5146   3.212674   3.212536     2.1150    -0.3934     0.3550    34.8485 9.5774e-01 1.0000e-12 5.2069e+04    289.000    34.8492    34.8464     5.5547    1469.16    27.7177    27.7152    1468.12 0.0000e+00
    292.736     3.5127     3.5145   3.212643   3.212577     2.1148    -0.3736     0.3553    34.8485 1.4723e+00 1.0000e-12 2.1728e+04    290.000    34.8490    34.8463     5.5550    1469.18    27.7176    27.7152    1468.12 0.0000e+00
    293.746     3.5148     3.5159   3.212932   3.212781     2.1144    -0.3710     0.3517    34.8488 1.0423e+00 1.0000e-12 5.0272e+04    291.000    34.8498    34.8467     5.5538    1469.20    27.7180    27.7154    1468.13 0.0000e+00
    294.756     3.5181     3.5193   3.213297   3.213156     2.1139    -0.3682     0.3507    34.8494 1.2899e+00 1.0000e-12 4.3876e+04    292.000    34.8501    34.8471     5.5525    1469.23    27.7179    27.7154    1468.13 0.0000e+00
    295.766     3.5189     3.5202   3.213385   3.213295     2.1138    -0.3645     0.3507    34.8493 6.7478e-01 1.0000e-12 6.4216e+04    293.000    34.8498    34.8473     5.5526    1469.25    27.7176    27.7154    1468.13 0.0000e+00
    296.776     3.5187     3.5201   3.213414   3.213331     2.1128    -0.3709     0.3505    34.8493 1.3406e+00 1.0000e-12 3.4804e+04    294.000    34.8497    34.8473     5.5500    1469.27    27.7175    27.7155    1468.14 0.0000e+00
    297.787     3.5186     3.5200   3.213444   3.213364     2.1124    -0.3724     0.3501    34.8493 1.4315e+00 1.0000e-12 2.8799e+04    295.000    34.8497    34.8472     5.5493    1469.29    27.7175    27.7154    1468.14 0.0000e+00
    298.797     3.5187     3.5200   3.213505   3.213420     2.1119    -0.3701     0.3524    34.8494 9.5926e-01 1.0000e-12 5.2252e+04    296.000    34.8498    34.8473     5.5481    1469.30    27.7176    27.7155    1468.15 0.0000e+00
    299.807     3.5143     3.5157   3.213109   3.213060     2.1104    -0.3709     0.3549    34.8493 1.4314e+00 1.0000e-12 3.0176e+04    297.000    34.8491    34.8470     5.5444    1469.30    27.7175    27.7157    1468.15 0.0000e+00
    300.817     3.5100     3.5113   3.212773   3.212703     2.1102    -0.3723     0.3487    34.8495 1.2401e+00 1.0000e-12 3.3451e+04    298.000    34.8492    34.8469     5.5451    1469.30    27.7180    27.7161    1468.15 0.0000e+00
    301.827     3.5078     3.5093   3.212634   3.212558     2.1101    -0.3713     0.3518    34.8493 6.7387e-01 1.0000e-12 6.4221e+04    299.000    34.8493    34.8468     5.5460    1469.31    27.7183    27.7162    1468.16 0.0000e+00
    302.837     3.5076     3.5091   3.212672   3.212592     2.1101    -0.3880     0.3513    34.8494 1.7064e+00 1.0000e-12 2.0153e+04    300.000    34.8494    34.8468     5.5466    1469.32    27.7184    27.7162    1468.16 0.0000e+00
    303.848     3.5089     3.5104   3.212881   3.212775     2.1101    -0.3820     0.3533    34.8496 1.0570e+00 1.0000e-12 4.9518e+04    301.000    34.8499    34.8471     5.5473    1469.35    27.7187    27.7163    1468.17 0.0000e+00
    304.858     3.5114     3.5130   3.213196   3.213086     2.1101    -0.3742     0.3577    34.8501 6.6268e-01 1.0000e-12 6.4785e+04    302.000    34.8505    34.8475     5.5476    1469.37    27.7190    27.7164    1468.17 0.0000e+00
    305.868     3.5129     3.5142   3.213357   3.213257     2.1091    -0.3722     0.3516    34.8501 1.2238e+00 1.0000e-12 4.0282e+04    303.000    34.8503    34.8477     5.5446    1469.40    27.7186    27.7164    1468.17 0.0000e+00
    306.878     3.5141     3.5153   3.213556   3.213431     2.1085    -0.3878     0.3502    34.8505 6.4900e-01 1.0000e-12 6.5729e+04    304.000    34.8509    34.8480     5.5428    1469.42    27.7190    27.7166    1468.18 0.0000e+00
    307.888     3.5188     3.5205   3.214152   3.214022     2.1079    -0.3831     0.3507    34.8513 9.3790e-01 1.0000e-12 5.5142e+04    305.000    34.8524    34.8491     5.5408    1469.46    27.7198    27.7169    1468.18 0.0000e+00
    308.899     3.5292     3.5306   3.215293   3.215119     2.1077    -0.3694     0.3525    34.8529 1.0823e+00 1.0000e-12 4.6418e+04    306.000    34.8545    34.8509     5.5393    1469.52    27.7204    27.7174    1468.19 0.0000e+00
    309.909     3.5349     3.5365   3.215821   3.215754     2.1067    -0.3718     0.3527    34.8535 1.0811e+00 1.0000e-12 4.7445e+04    307.000    34.8542    34.8516     5.5355    1469.56    27.7196    27.7174    1468.19 0.0000e+00
    310.919     3.5358     3.5372   3.215967   3.215883     2.1053    -0.3715     0.3533    34.8539 1.2512e+00 1.0000e-12 4.0687e+04    308.000    34.8545    34.8519     5.5313    1469.58    27.7197    27.7176    1468.19 0.0000e+00
    311.929     3.5361     3.5375   3.216050   3.215952     2.1047    -0.3731     0.3497    34.8541 1.0563e+00 1.0000e-12 4.3792e+04    309.000    34.8546    34.8519     5.5299    1469.60    27.7198    27.7175    1468.20 0.0000e+00
    312.940     3.5361     3.5376   3.216090   3.216010     2.1041    -0.3743     0.3528    34.8541 1.4199e+00 1.0000e-12 2.4613e+04    310.000    34.8545    34.8520     5.5286    1469.61    27.7198    27.7176    1468.20 0.0000e+00
    313.950     3.5353     3.5367   3.216037   3.215960     2.1039    -0.3743     0.3549    34.8541 7.3410e-01 1.0000e-12 6.1024e+04    311.000    34.8542    34.8517     5.5288    1469.63    27.7196    27.7175    1468.21 0.0000e+00
    314.960     3.5345     3.5358   3.216050   3.215941     2.1035    -0.3728     0.3520    34.8542 1.2260e+00 1.0000e-12 3.4907e+04    312.000    34.8547    34.8519     5.5281    1469.64    27.7201    27.7178    1468.21 0.0000e+00
    315.970     3.5352     3.5365   3.216204   3.216071     2.1028    -0.3730     0.3492    34.8546 9.4524e-01 1.0000e-12 4.9814e+04    313.000    34.8552    34.8522     5.5264    1469.66    27.7204    27.7179    1468.22 0.0000e+00
    316.981     3.5371     3.5381   3.216428   3.216300     2.1027    -0.3925     0.3498    34.8548 1.2353e+00 1.0000e-12 4.2207e+04    314.000    34.8552    34.8527     5.5265    1469.69    27.7203    27.7182    1468.22 0.0000e+00
    317.991     3.5386     3.5399   3.216614   3.216522     2.1021    -0.3835     0.3504    34.8550 1.2423e+00 1.0000e-12 3.4071e+04    315.000    34.8554    34.8529     5.5248    1469.71    27.7203    27.7181    1468.23 0.0000e+00
    319.001     3.5389     3.5401   3.216699   3.216612     2.1013    -0.3725     0.3547    34.8554 9.8117e-01 1.0000e-12 5.1039e+04    316.000    34.8556    34.8532     5.5228    1469.73    27.7204    27.7183    1468.23 0.0000e+00
    320.012     3.5349     3.5366   3.216323   3.216305     2.1004    -0.3825     0.3545    34.8552 1.0205e+00 1.0000e-12 4.5785e+04    317.000    34.8548    34.8527     5.5210    1469.73    27.7202    27.7184    1468.24 0.0000e+00
    321.022     3.5296     3.5310   3.215822   3.215798     2.1003    -0.3831     0.3525    34.8547 1.2830e+00 1.0000e-12 4.0931e+04    318.000    34.8538    34.8521     5.5221    1469.72    27.7199    27.7184    1468.24 0.0000e+00
    322.032     3.5197     3.5216   3.214944   3.214944     2.0994    -0.3658     0.3524    34.8540 1.3179e+00 1.0000e-12 3.0185e+04    319.000    34.8533    34.8512     5.5214    1469.69    27.7205    27.7187    1468.25 0.0000e+00
    323.042     3.5175     3.5193   3.214779   3.214768     2.0994    -0.3729     0.3580    34.8538 1.0049e+00 1.0000e-12 4.6649e+04    320.000    34.8531    34.8511     5.5223    1469.70    27.7206    27.7187    1468.25 0.0000e+00
    324.053     3.5128     3.5148   3.214330   3.214363     2.0992    -0.3701     0.3560    34.8533 9.4472e-01 1.0000e-12 5.5063e+04    321.000    34.8522    34.8504     5.5231    1469.70    27.7203    27.7187    1468.25 0.0000e+00
    325.063     3.5059     3.5070   3.213703   3.213643     2.0992    -0.3696     0.3519    34.8529 1.1558e+00 1.0000e-12 3.8890e+04    322.000    34.8516    34.8496     5.5249    1469.68    27.7205    27.7188    1468.26 0.0000e+00
    326.073     3.5007     3.5020   3.213279   3.213215     2.0992    -0.3826     0.3554    34.8525 9.9056e-01 1.0000e-12 5.2693e+04    323.000    34.8515    34.8492     5.5265    1469.68    27.7209    27.7190    1468.26 0.0000e+00
    327.084     3.4969     3.4984   3.212939   3.212892     2.0986    -0.3837     0.3571    34.8520 1.1364e+00 1.0000e-12 3.9427e+04    324.000    34.8509    34.8487     5.5259    1469.68    27.7208    27.7189    1468.27 0.0000e+00
    328.094     3.4949     3.4962   3.212823   3.212741     2.0985    -0.3745     0.3557    34.8518 1.1762e+00 1.0000e-12 3.7550e+04    325.000    34.8511    34.8486     5.5265    1469.68    27.7212    27.7191    1468.27 0.0000e+00
    329.104     3.4941     3.4958   3.212798   3.212752     2.0992    -0.3642     0.3528    34.8516 7.6493e-01 1.0000e-12 5.9387e+04    326.000    34.8510    34.8487     5.5299    1469.70    27.7212    27.7192    1468.28 0.0000e+00
    330.115     3.5057     3.5081   3.214202   3.214073     2.1004    -0.3796     0.3506    34.8536 1.4386e+00 1.0000e-12 2.7591e+04    327.000    34.8550    34.8509     5.5327    1469.77    27.7233    27.7198    1468.28 0.0000e+00
    331.125     3.5194     3.5215   3.215688   3.215530     2.1006    -0.3759     0.3544    34.8557 1.1898e+00 1.0000e-12 4.6160e+04    328.000    34.8576    34.8535     5.5319    1469.85    27.7240    27.7205    1468.29 0.0000e+00
    332.135     3.5287     3.5303   3.216488   3.216449     2.1002    -0.3801     0.3507    34.8565 7.6595e-01 1.0000e-12 5.9126e+04    329.000    34.8567    34.8546     5.5298    1469.90    27.7224    27.7206    1468.29 0.0000e+00
    333.146     3.5248     3.5264   3.216174   3.216115     2.0994    -0.3925     0.3461    34.8563 1.3477e+00 1.0000e-12 2.8446e+04    330.000    34.8566    34.8542     5.5283    1469.90    27.7227    27.7206    1468.30 0.0000e+00
    334.156     3.5245     3.5258   3.216217   3.216118     2.0992    -0.3938     0.3500    34.8564 9.3781e-01 1.0000e-12 5.7421e+04    331.000    34.8569    34.8543     5.5284    1469.92    27.7230    27.7208    1468.30 0.0000e+00
    335.166     3.5247     3.5261   3.216258   3.216189     2.0986    -0.3921     0.3515    34.8563 7.8041e-01 1.0000e-12 5.8366e+04    332.000    34.8566    34.8543     5.5270    1469.93    27.7227    27.7208    1468.31 0.0000e+00
    336.177     3.5255     3.5272   3.216463   3.216362     2.0981    -0.3719     0.3583    34.8568 1.2316e+00 1.0000e-12 4.2100e+04    333.000    34.8577    34.8547     5.5260    1469.96    27.7235    27.7210    1468.31 0.0000e+00
    337.187     3.5278     3.5292   3.216704   3.216615     2.0975    -0.3731     0.3554    34.8571 1.0001e+00 1.0000e-12 4.7000e+04    334.000    34.8576    34.8550     5.5244    1469.98    27.7232    27.7210    1468.32 0.0000e+00
    338.197     3.5278     3.5294   3.216727   3.216674     2.0970    -0.3794     0.3509    34.8569 8.8079e-01 1.0000e-12 5.3236e+04    335.000    34.8573    34.8549     5.5231    1470.00    27.7230    27.7210    1468.32 0.0000e+00
    339.208     3.5277     3.5285   3.216774   3.216608     2.0951    -0.3836     0.3520    34.8572 5.1949e-01 1.0000e-12 7.2418e+04    336.000    34.8574    34.8545     5.5174    1470.01    27.7231    27.7207    1468.33 0.0000e+00
    340.218     3.5267     3.5282   3.216753   3.216668     2.0946    -0.4000     0.3508    34.8574 7.2660e-01 1.0000e-12 6.1422e+04    337.000    34.8577    34.8550     5.5164    1470.03    27.7234    27.7212    1468.33 0.0000e+00
    341.228     3.5302     3.5322   3.217285   3.217147     2.0946    -0.4138     0.3511    34.8583 1.2728e+00 1.0000e-12 3.2425e+04    338.000    34.8598    34.8561     5.5166    1470.06    27.7247    27.7216    1468.34 0.0000e+00
    342.239     3.5360     3.5377   3.217886   3.217750     2.0946    -0.3972     0.3473    34.8591 1.0250e+00 1.0000e-12 4.5579e+04    339.000    34.8602    34.8568     5.5165    1470.10    27.7246    27.7217    1468.34 0.0000e+00
    343.249     3.5377     3.5392   3.218041   3.217946     2.0946    -0.3676     0.3451    34.8592 5.2050e-01 1.0000e-12 8.1334e+04    340.000    34.8598    34.8571     5.5170    1470.13    27.7241    27.7217    1468.35 0.0000e+00
    344.260     3.5383     3.5396   3.218141   3.218054     2.0943    -0.3689     0.3460    34.8592 6.8096e-01 1.0000e-12 6.4054e+04    341.000    34.8598    34.8573     5.5165    1470.14    27.7240    27.7219    1468.35 0.0000e+00
    345.270     3.5390     3.5404   3.218273   3.218180     2.0940    -0.3897     0.3510    34.8595 9.9730e-01 1.0000e-12 4.7050e+04    342.000    34.8600    34.8574     5.5162    1470.16    27.7241    27.7219    1468.36 0.0000e+00
    346.280     3.5369     3.5383   3.218086   3.218032     2.0931    -0.3814     0.3505    34.8595 1.1232e+00 1.0000e-12 4.0364e+04    343.000    34.8595    34.8574     5.5141    1470.17    27.7239    27.7221    1468.36 0.0000e+00
    347.291     3.5360     3.5378   3.218037   3.218091     2.0880    -0.3728     0.3481    34.8592 1.0669e+00 1.0000e-12 4.6146e+04    344.000    34.8594    34.8581     5.4970    1470.18    27.7239    27.7227    1468.37 0.0000e+00
    348.301     3.5375     3.5389   3.218226   3.218092     2.0782    -0.3753     0.3538    34.8592 1.1942e+00 1.0000e-12 4.0361e+04    345.000    34.8595    34.8564     5.4635    1470.21    27.7238    27.7212    1468.37 0.0000e+00
    349.312     3.5376     3.5391   3.218348   3.218259     2.0836    -0.3684     0.3553    34.8599 6.5671e-01 1.0000e-12 6.5115e+04    346.000    34.8602    34.8576     5.4830    1470.23    27.7244    27.7222    1468.38 0.0000e+00
    350.322     3.5296     3.5321   3.217356   3.217574     2.0845    -0.3732     0.3515    34.8588 1.0470e+00 1.0000e-12 4.4409e+04    347.000    34.8563    34.8563     5.4883    1470.20    27.7221    27.7218    1468.38 0.0000e+00
    351.333     3.5131     3.5138   3.215962   3.215872     2.0851    -0.3658     0.3501    34.8580 1.5257e+00 1.0000e-12 2.5186e+04    348.000    34.8567    34.8548     5.4936    1470.15    27.7241    27.7225    1468.39 0.0000e+00
