Ship_data/Irminger/Irminger-4/ctd/process/dar21_007.cnv
* Sea-Bird SBE 9 Data File:
* FileName = D:\Data\AR21_007.hdr
* Software Version Seasave V 7.23.2
* Temperature SN = 4155
* Conductivity SN = 2645
* Number of Bytes Per Scan = 40
* Number of Voltage Words = 5
* Number of Scans Averaged by the Deck Unit = 1
* NMEA Latitude = 59 55.58 N
* NMEA Longitude = 039 30.97 W
* NMEA UTC (Time) = Aug 05 2017  20:24:20
# nquan = 21
# nvalues = 1500                        
# units = specified
# name 0 = prDM: Pressure, Digiquartz [db]
# name 1 = t090C: Temperature [ITS-90, deg C]
# name 2 = t190C: Temperature, 2 [ITS-90, deg C]
# name 3 = c0S/m: Conductivity [S/m]
# name 4 = c1S/m: Conductivity, 2 [S/m]
# name 5 = sbeox0V: Oxygen raw, SBE 43 [V]
# name 6 = flECO-AFL: Fluorescence, WET Labs ECO-AFL/FL [mg/m^3]
# name 7 = turbWETntu0: Turbidity, WET Labs ECO [NTU]
# name 8 = sal00: Salinity, Practical [PSU]
# name 9 = spar: SPAR/Surface Irradiance
# name 10 = par: PAR/Irradiance, Biospherical/Licor
# name 11 = cpar: CPAR/Corrected Irradiance [%]
# name 12 = depSM: Depth [salt water, m], lat = 59.9263
# name 13 = sal00: Salinity, Practical [PSU]
# name 14 = sal11: Salinity, Practical, 2 [PSU]
# name 15 = sbeox0ML/L: Oxygen, SBE 43 [ml/l], WS = 2
# name 16 = svCM: Sound Velocity [Chen-Millero, m/s]
# name 17 = sigma-é00: Density [sigma-theta, kg/m^3]
# name 18 = sigma-é11: Density, 2 [sigma-theta, kg/m^3]
# name 19 = avgsvCM: Average Sound Velocity [Chen-Millero, m/s], minP = 20, minS = 20
# name 20 = flag: flag
# span 0 =      3.029,   1521.823       
# span 1 =     3.3044,     8.5322       
# span 2 =     3.3033,     8.5335       
# span 3 =   3.233059,   3.651417       
# span 4 =   3.227012,   3.651159       
# span 5 =     1.5620,     2.4223       
# span 6 =    -0.4141,     0.6889       
# span 7 =     0.3387,     0.4307       
# span 8 =    34.7875,    34.9986       
# span 9 = 2.3672e-01, 2.5055e+00       
# span 10 = 1.0000e-12, 1.0000e-12      
# span 11 = -3.739e+02, 8.7431e+04      
# span 12 =      3.000,   1502.000      
# span 13 =    34.7721,    34.9983      
# span 14 =    34.7825,    34.9498      
# span 15 =     4.0003,     5.6735      
# span 16 =    1469.21,    1489.77      
# span 17 =    27.0293,    27.8450      
# span 18 =    27.0260,    27.7713      
# span 19 =       0.00,    1481.93      
# span 20 = 0.0000e+00, 0.0000e+00      
# interval = meters: 1                  
# start_time = Aug 05 2017 20:24:20 [NMEA time, header]
# bad_flag = -9.990e-29
*END*
[from data line 1380]
   1400.851     3.4074     3.4285   3.251522   3.255778     1.5856    -0.3529     0.3442    34.8471 1.9878e+00 1.0000e-12 1.1892e+04   1383.000    34.8475    34.8760     4.3137    1487.05    27.7349    27.7556    1476.77 0.0000e+00
   1401.867     3.4120     3.4303   3.251585   3.256036     1.5856    -0.3774     0.3416    34.8424 1.3082e+00 1.0000e-12 3.0878e+04   1384.000    34.8429    34.8766     4.3139    1487.08    27.7308    27.7559    1476.78 0.0000e+00
   1402.884     3.4160     3.4342   3.251668   3.256480     1.5852    -0.3894     0.3409    34.8386 1.8805e+00 1.0000e-12 1.5758e+02   1385.000    34.8391    34.8773     4.3123    1487.11    27.7274    27.7561    1476.79 0.0000e+00
   1403.900     3.4200     3.4352   3.251765   3.256641     1.5853    -0.3743     0.3482    34.8349 1.7938e+00 1.0000e-12 1.9048e+04   1386.000    34.8355    34.8776     4.3130    1487.14    27.7241    27.7562    1476.79 0.0000e+00
   1404.916     3.4241     3.4367   3.251890   3.256829     1.5854    -0.3891     0.3463    34.8315 1.5720e+00 1.0000e-12 2.9880e+04   1387.000    34.8322    34.8777     4.3134    1487.17    27.7211    27.7562    1476.80 0.0000e+00
   1405.932     3.4203     3.4370   3.252023   3.256893     1.5860    -0.3834     0.3392    34.8369 1.7908e+00 1.0000e-12 1.3151e+04   1388.000    34.8373    34.8777     4.3169    1487.18    27.7255    27.7562    1476.81 0.0000e+00
   1406.949     3.4120     3.4384   3.252126   3.257102     1.5860    -0.3944     0.3438    34.8467 1.9667e+00 1.0000e-12 1.5450e+04   1389.000    34.8468    34.8782     4.3183    1487.17    27.7340    27.7564    1476.81 0.0000e+00
   1407.965     3.4146     3.4398   3.252209   3.257274     1.5863    -0.3938     0.3408    34.8444 2.0774e+00 1.0000e-12 4.5043e+03   1390.000    34.8446    34.8783     4.3196    1487.20    27.7319    27.7564    1476.82 0.0000e+00
   1408.981     3.4195     3.4409   3.252280   3.257443     1.5858    -0.3938     0.3395    34.8394 1.4439e+00 1.0000e-12 2.8569e+04   1391.000    34.8397    34.8786     4.3178    1487.23    27.7276    27.7565    1476.83 0.0000e+00
   1409.998     3.4240     3.4427   3.252379   3.257671     1.5856    -0.3938     0.3414    34.8352 1.8765e+00 1.0000e-12 2.3876e+04   1392.000    34.8356    34.8789     4.3170    1487.26    27.7239    27.7566    1476.84 0.0000e+00
   1411.014     3.4277     3.4443   3.252474   3.257884     1.5853    -0.3938     0.3442    34.8318 1.4269e+00 1.0000e-12 2.9811e+04   1393.000    34.8323    34.8793     4.3161    1487.29    27.7209    27.7568    1476.84 0.0000e+00
   1412.030     3.4310     3.4456   3.252560   3.258080     1.5851    -0.3938     0.3404    34.8288 1.9519e+00 1.0000e-12 1.8546e+04   1394.000    34.8294    34.8797     4.3155    1487.31    27.7183    27.7570    1476.85 0.0000e+00
   1413.047     3.4339     3.4467   3.252674   3.258229     1.5849    -0.3907     0.3407    34.8266 1.9622e+00 1.0000e-12 1.2716e+04   1395.000    34.8272    34.8798     4.3148    1487.34    27.7162    27.7570    1476.86 0.0000e+00
   1414.063     3.4349     3.4468   3.252797   3.258286     1.5846    -0.3743     0.3426    34.8265 1.5477e+00 1.0000e-12 3.0495e+04   1396.000    34.8271    34.8798     4.3144    1487.36    27.7161    27.7570    1476.87 0.0000e+00
   1415.079     3.4293     3.4467   3.252924   3.258309     1.5843    -0.3854     0.3482    34.8337 1.8262e+00 1.0000e-12 2.3948e+04   1397.000    34.8340    34.8798     4.3143    1487.36    27.7221    27.7570    1476.87 0.0000e+00
   1416.096     3.4256     3.4471   3.253017   3.258423     1.5842    -0.3786     0.3434    34.8384 1.8109e+00 1.0000e-12 1.5201e+04   1398.000    34.8385    34.8802     4.3146    1487.37    27.7261    27.7573    1476.88 0.0000e+00
   1417.112     3.4278     3.4480   3.253111   3.258575     1.5835    -0.3742     0.3409    34.8365 1.5979e+00 1.0000e-12 1.4994e+04   1399.000    34.8367    34.8805     4.3120    1487.39    27.7245    27.7574    1476.89 0.0000e+00
   1418.129     3.4315     3.4491   3.253218   3.258730     1.5828    -0.3743     0.3427    34.8333 1.7257e+00 1.0000e-12 2.4937e+04   1400.000    34.8336    34.8807     4.3096    1487.42    27.7216    27.7575    1476.90 0.0000e+00
   1419.145     3.4347     3.4499   3.253332   3.258857     1.5820    -0.3743     0.3414    34.8307 1.5570e+00 1.0000e-12 2.6080e+04   1401.000    34.8311    34.8809     4.3065    1487.45    27.7193    27.7576    1476.90 0.0000e+00
   1420.161     3.4372     3.4507   3.253427   3.258990     1.5815    -0.3743     0.3434    34.8286 2.3813e+00 1.0000e-12 4.1747e+03   1402.000    34.8290    34.8810     4.3050    1487.47    27.7175    27.7576    1476.91 0.0000e+00
   1421.178     3.4390     3.4517   3.253527   3.259150     1.5812    -0.3743     0.3424    34.8274 1.7070e+00 1.0000e-12 1.8291e+04   1403.000    34.8278    34.8814     4.3041    1487.50    27.7163    27.7579    1476.92 0.0000e+00
   1422.194     3.4405     3.4587   3.253633   3.259957     1.5804    -0.3743     0.3409    34.8266 1.4557e+00 1.0000e-12 4.0888e+04   1404.000    34.8271    34.8832     4.3014    1487.52    27.7156    27.7586    1476.93 0.0000e+00
   1423.210     3.4428     3.4623   3.253727   3.260373     1.5795    -0.3733     0.3416    34.8248 1.6037e+00 1.0000e-12 2.4701e+04   1405.000    34.8253    34.8837     4.2979    1487.54    27.7139    27.7587    1476.93 0.0000e+00
   1424.227     3.4461     3.4643   3.253830   3.260634     1.5792    -0.3743     0.3452    34.8219 2.2373e+00 1.0000e-12 4.1735e+03   1406.000    34.8225    34.8843     4.2970    1487.57    27.7114    27.7589    1476.94 0.0000e+00
   1425.243     3.4496     3.4704   3.253929   3.261331     1.5790    -0.3743     0.3447    34.8189 2.1540e+00 1.0000e-12 1.8753e+04   1407.000    34.8195    34.8856     4.2966    1487.60    27.7087    27.7594    1476.95 0.0000e+00
   1426.260     3.4532     3.4736   3.254041   3.261715     1.5783    -0.3928     0.3452    34.8158 1.4215e+00 1.0000e-12 2.9045e+04   1408.000    34.8164    34.8862     4.2938    1487.63    27.7059    27.7596    1476.96 0.0000e+00
   1427.276     3.4567     3.4758   3.254177   3.261989     1.5780    -0.3932     0.3472    34.8132 1.8243e+00 1.0000e-12 1.1659e+04   1409.000    34.8138    34.8867     4.2929    1487.66    27.7035    27.7598    1476.96 0.0000e+00
   1428.292     3.4475     3.4766   3.254310   3.262120     1.5778    -0.3812     0.3419    34.8244 1.8852e+00 1.0000e-12 1.4377e+04   1410.000    34.8246    34.8868     4.2935    1487.65    27.7130    27.7599    1476.97 0.0000e+00
   1429.309     3.4413     3.4765   3.254453   3.262151     1.5775    -0.3901     0.3436    34.8323 1.4773e+00 1.0000e-12 2.8148e+04   1411.000    34.8324    34.8868     4.2932    1487.65    27.7198    27.7599    1476.98 0.0000e+00
   1430.325     3.4461     3.4767   3.254566   3.262209     1.5768    -0.3725     0.3405    34.8279 1.9999e+00 1.0000e-12 1.4422e+04   1412.000    34.8281    34.8869     4.2906    1487.68    27.7160    27.7599    1476.99 0.0000e+00
   1431.342     3.4523     3.4767   3.254652   3.262249     1.5768    -0.3922     0.3446    34.8217 1.3064e+00 1.0000e-12 4.2108e+04   1413.000    34.8221    34.8868     4.2905    1487.72    27.7106    27.7599    1476.99 0.0000e+00
   1432.358     3.4572     3.4768   3.254729   3.262313     1.5766    -0.3939     0.3429    34.8169 1.7632e+00 1.0000e-12 1.3369e+04   1414.000    34.8173    34.8869     4.2899    1487.75    27.7063    27.7599    1477.00 0.0000e+00
   1433.375     3.4611     3.4771   3.254817   3.262383     1.5757    -0.3938     0.3391    34.8132 2.0115e+00 1.0000e-12 1.3324e+04   1415.000    34.8138    34.8869     4.2865    1487.78    27.7032    27.7599    1477.01 0.0000e+00
   1434.391     3.4644     3.4772   3.254888   3.262427     1.5757    -0.3786     0.3440    34.8100 8.1916e-01 1.0000e-12 5.6707e+04   1416.000    34.8107    34.8869     4.2865    1487.80    27.7003    27.7599    1477.02 0.0000e+00
   1435.407     3.4672     3.4771   3.254986   3.262453     1.5756    -0.3733     0.3442    34.8076 1.7498e+00 1.0000e-12 1.2487e+04   1417.000    34.8083    34.8867     4.2865    1487.83    27.6982    27.7598    1477.03 0.0000e+00
   1436.424     3.4698     3.4775   3.255109   3.262530     1.5756    -0.3770     0.3436    34.8059 1.7413e+00 1.0000e-12 2.2265e+04   1418.000    34.8066    34.8868     4.2869    1487.85    27.6966    27.7598    1477.03 0.0000e+00
   1437.440     3.4662     3.4776   3.255440   3.262565     1.5767    -0.3777     0.3429    34.8133 1.4182e+00 1.0000e-12 3.0279e+04   1419.000    34.8138    34.8866     4.2922    1487.87    27.7027    27.7597    1477.04 0.0000e+00
   1438.457     3.4288     3.4791   3.255857   3.262818     1.5777    -0.3742     0.3483    34.8584 1.3582e+00 1.0000e-12 3.9039e+04   1420.000    34.8578    34.8875     4.3002    1487.78    27.7413    27.7603    1477.05 0.0000e+00
   1439.473     3.4286     3.4873   3.255982   3.263749     1.5802    -0.3941     0.3485    34.8597 1.4414e+00 1.0000e-12 3.5244e+04   1421.000    34.8590    34.8894     4.3107    1487.80    27.7423    27.7610    1477.05 0.0000e+00
   1440.490     3.4443     3.4905   3.256112   3.264130     1.5830    -0.3803     0.3464    34.8436 1.6491e+00 1.0000e-12 3.1229e+04   1422.000    34.8434    34.8900     4.3208    1487.86    27.7284    27.7612    1477.06 0.0000e+00
   1441.506     3.4552     3.4934   3.256206   3.264480     1.5860    -0.3741     0.3442    34.8323 1.4063e+00 1.0000e-12 2.4832e+04   1423.000    34.8325    34.8906     4.3328    1487.91    27.7187    27.7614    1477.07 0.0000e+00
   1442.523     3.4630     3.4950   3.256294   3.264718     1.5890    -0.3743     0.3402    34.8244 1.7833e+00 1.0000e-12 2.5000e+04   1424.000    34.8248    34.8912     4.3446    1487.95    27.7118    27.7617    1477.08 0.0000e+00
   1443.539     3.4706     3.5015   3.256416   3.265444     1.5923    -0.3903     0.3437    34.8171 1.2436e+00 1.0000e-12 3.4658e+04   1425.000    34.8178    34.8925     4.3577    1487.99    27.7055    27.7621    1477.09 0.0000e+00
   1444.556     3.4781     3.5022   3.256563   3.265559     1.5956    -0.3786     0.3479    34.8102 1.3603e+00 1.0000e-12 3.4496e+04   1426.000    34.8110    34.8926     4.3706    1488.03    27.6994    27.7621    1477.09 0.0000e+00
   1445.572     3.4722     3.5027   3.256693   3.265646     1.5987    -0.3893     0.3402    34.8178 1.6335e+00 1.0000e-12 1.9936e+04   1427.000    34.8183    34.8926     4.3844    1488.03    27.7058    27.7621    1477.10 0.0000e+00
   1446.589     3.4639     3.5036   3.256805   3.265826     1.6007    -0.3742     0.3395    34.8277 1.3438e+00 1.0000e-12 3.2209e+04   1428.000    34.8279    34.8933     4.3939    1488.03    27.7142    27.7625    1477.11 0.0000e+00
   1447.605     3.4673     3.5088   3.256916   3.266390     1.6015    -0.3827     0.3418    34.8248 2.2866e+00 1.0000e-12 1.3170e+04   1429.000    34.8251    34.8940     4.3973    1488.05    27.7117    27.7626    1477.12 0.0000e+00
   1448.622     3.4751     3.5120   3.257028   3.266795     1.6016    -0.4099     0.3432    34.8173 1.6905e+00 1.0000e-12 1.3658e+04   1430.000    34.8177    34.8949     4.3974    1488.09    27.7051    27.7630    1477.12 0.0000e+00
   1449.638     3.4829     3.5139   3.257155   3.267008     1.6007    -0.3884     0.3408    34.8099 1.4855e+00 1.0000e-12 3.3826e+04   1431.000    34.8106    34.8949     4.3936    1488.13    27.6986    27.7629    1477.13 0.0000e+00
   1450.655     3.4887     3.5121   3.257267   3.266872     1.5998    -0.3777     0.3471    34.8044 1.3110e+00 1.0000e-12 3.9104e+04   1432.000    34.8052    34.8947     4.3899    1488.17    27.6937    27.7629    1477.14 0.0000e+00
   1451.671     3.4920     3.5103   3.257390   3.266710     1.5988    -0.3922     0.3532    34.8019 1.6198e+00 1.0000e-12 2.3539e+04   1433.000    34.8027    34.8942     4.3861    1488.20    27.6914    27.7627    1477.15 0.0000e+00
   1452.688     3.4928     3.5088   3.257495   3.266608     1.5974    -0.3737     0.3435    34.8019 1.6979e+00 1.0000e-12 1.4701e+04   1434.000    34.8026    34.8940     4.3809    1488.22    27.6913    27.7627    1477.15 0.0000e+00
   1453.704     3.4925     3.5086   3.257597   3.266638     1.5965    -0.3911     0.3447    34.8030 1.9679e+00 1.0000e-12 9.1160e+03   1435.000    34.8036    34.8941     4.3778    1488.23    27.6922    27.7628    1477.16 0.0000e+00
   1454.721     3.4921     3.5075   3.257706   3.266550     1.5953    -0.3789     0.3446    34.8042 1.4895e+00 1.0000e-12 2.9768e+04   1436.000    34.8048    34.8938     4.3737    1488.25    27.6932    27.7626    1477.17 0.0000e+00
   1455.737     3.4878     3.5071   3.257851   3.266577     1.5939    -0.3857     0.3413    34.8102 1.7260e+00 1.0000e-12 1.9133e+04   1437.000    34.8106    34.8939     4.3691    1488.26    27.6982    27.7628    1477.18 0.0000e+00
   1456.754     3.4712     3.5081   3.257998   3.266733     1.5921    -0.3817     0.3419    34.8295 1.9518e+00 1.0000e-12 1.6030e+04   1438.000    34.8293    34.8942     4.3641    1488.23    27.7147    27.7630    1477.18 0.0000e+00
   1457.770     3.4720     3.5110   3.258126   3.267095     1.5909    -0.3851     0.3441    34.8296 1.5890e+00 1.0000e-12 2.0135e+04   1439.000    34.8295    34.8950     4.3594    1488.25    27.7148    27.7633    1477.19 0.0000e+00
   1458.787     3.4796     3.5143   3.258241   3.267483     1.5899    -0.3774     0.3454    34.8222 1.5862e+00 1.0000e-12 1.5809e+04   1440.000    34.8224    34.8957     4.3553    1488.29    27.7084    27.7635    1477.20 0.0000e+00
   1459.803     3.4877     3.5162   3.258348   3.267729     1.5886    -0.3935     0.3482    34.8142 1.7801e+00 1.0000e-12 1.0640e+04   1441.000    34.8146    34.8961     4.3500    1488.33    27.7014    27.7637    1477.21 0.0000e+00
   1460.820     3.4949     3.5196   3.258488   3.268131     1.5874    -0.3938     0.3452    34.8076 1.9658e+00 1.0000e-12 1.8045e+04   1442.000    34.8082    34.8967     4.3448    1488.37    27.6957    27.7639    1477.21 0.0000e+00
   1461.837     3.5014     3.5228   3.258641   3.268483     1.5861    -0.3938     0.3440    34.8019 1.6253e+00 1.0000e-12 2.4110e+04   1443.000    34.8026    34.8970     4.3397    1488.41    27.6906    27.7638    1477.22 0.0000e+00
   1462.853     3.5053     3.5241   3.258795   3.268691     1.5846    -0.3895     0.3435    34.7991 1.6741e+00 1.0000e-12 2.2227e+04   1444.000    34.7998    34.8976     4.3336    1488.44    27.6880    27.7641    1477.23 0.0000e+00
   1463.870     3.5039     3.5249   3.258920   3.268813     1.5831    -0.3743     0.3416    34.8016 1.6267e+00 1.0000e-12 1.8184e+04   1445.000    34.8022    34.8977     4.3284    1488.45    27.6901    27.7642    1477.24 0.0000e+00
   1464.886     3.5037     3.5251   3.259027   3.268883     1.5819    -0.3743     0.3409    34.8027 1.9635e+00 1.0000e-12 1.3711e+04   1446.000    34.8032    34.8978     4.3243    1488.47    27.6909    27.7642    1477.25 0.0000e+00
   1465.903     3.5055     3.5247   3.259145   3.268910     1.5809    -0.3743     0.3397    34.8017 1.5075e+00 1.0000e-12 2.4982e+04   1447.000    34.8023    34.8980     4.3206    1488.49    27.6899    27.7645    1477.25 0.0000e+00
   1466.919     3.5077     3.5262   3.259273   3.269119     1.5800    -0.3910     0.3402    34.8004 1.5407e+00 1.0000e-12 2.7248e+04   1448.000    34.8010    34.8984     4.3173    1488.52    27.6887    27.7646    1477.26 0.0000e+00
   1467.936     3.5101     3.5271   3.259395   3.269249     1.5790    -0.3930     0.3443    34.7988 1.8060e+00 1.0000e-12 1.2805e+04   1449.000    34.7994    34.8985     4.3136    1488.54    27.6872    27.7646    1477.27 0.0000e+00
   1468.953     3.5121     3.5245   3.259529   3.269026     1.5780    -0.3938     0.3435    34.7978 1.7304e+00 1.0000e-12 3.2660e+04   1450.000    34.7984    34.8981     4.3098    1488.56    27.6862    27.7646    1477.28 0.0000e+00
