Ship_data/Irminger/Irminger-4/ctd/process/dar21_005.cnv
* Sea-Bird SBE 9 Data File:
* FileName = D:\Data\AR21_005.hdr
* Software Version Seasave V 7.23.2
* Temperature SN = 4155
* Conductivity SN = 2645
* Number of Bytes Per Scan = 40
* Number of Voltage Words = 5
* Number of Scans Averaged by the Deck Unit = 1
* NMEA Latitude = 50 47.19 N
* NMEA Longitude = 047 19.09 W
* NMEA UTC (Time) = Aug 02 2017  17:41:30
# nquan = 21
# nvalues = 1003                        
# units = specified
# name 0 = prDM: Pressure, Digiquartz [db]
# name 1 = t090C: Temperature [ITS-90, deg C]
# name 2 = t190C: Temperature, 2 [ITS-90, deg C]
# name 3 = c0S/m: Conductivity [S/m]
# name 4 = c1S/m: Conductivity, 2 [S/m]
# name 5 = sbeox0V: Oxygen raw, SBE 43 [V]
# name 6 = flECO-AFL: Fluorescence, WET Labs ECO-AFL/FL [mg/m^3]
# name 7 = turbWETntu0: Turbidity, WET Labs ECO [NTU]
# name 8 = sal00: Salinity, Practical [PSU]
# name 9 = spar: SPAR/Surface Irradiance
# name 10 = par: PAR/Irradiance, Biospherical/Licor
# name 11 = cpar: CPAR/Corrected Irradiance [%]
# name 12 = depSM: Depth [salt water, m], lat = 50.7865
# name 13 = sal00: Salinity, Practical [PSU]
# name 14 = sal11: Salinity, Practical, 2 [PSU]
# name 15 = sbeox0ML/L: Oxygen, SBE 43 [ml/l], WS = 2
# name 16 = svCM: Sound Velocity [Chen-Millero, m/s]
# name 17 = sigma-é00: Density [sigma-theta, kg/m^3]
# name 18 = sigma-é11: Density, 2 [sigma-theta, kg/m^3]
# name 19 = avgsvCM: Average Sound Velocity [Chen-Millero, m/s], minP = 20, minS = 20
# name 20 = flag: flag
# span 0 =      4.035,   1017.257       
# span 1 =     3.1944,    10.9374       
# span 2 =     3.1959,    10.9164       
# span 3 =   3.161105,   3.780334       
# span 4 =   3.161106,   3.778175       
# span 5 =     1.5594,     2.4779       
# span 6 =    -0.4144,     2.4342       
# span 7 =     0.3438,     0.5410       
# span 8 =    33.8186,    34.9347       
# span 9 = 1.7428e-03, 1.8880e+00       
# span 10 = 1.0000e-12, 1.0000e-12      
# span 11 = 1.1447e+04, 9.9930e+04      
# span 12 =      4.000,   1006.000      
# span 13 =    33.8076,    34.9339      
# span 14 =    33.8136,    34.8703      
# span 15 =     3.8757,     5.8436      
# span 16 =    1464.17,    1491.80      
# span 17 =    25.8692,    27.7985      
# span 18 =    25.8706,    27.7518      
# span 19 =       0.00,    1488.41      
# span 20 = 0.0000e+00, 0.0000e+00      
# interval = meters: 1                  
# start_time = Aug 02 2017 17:41:30 [NMEA time, header]
# bad_flag = -9.990e-29
*END*
[from data line 759]
    771.084     3.3878     3.3860   3.228181   3.224024     1.5806    -0.3938     0.3531    34.9127 1.2106e+00 1.0000e-12 5.4290e+04    763.000    34.9127    34.8647     3.9562    1476.60    27.7839    27.7457    1471.17 0.0000e+00
    772.096     3.3888     3.3857   3.228208   3.224045     1.5806    -0.3938     0.3531    34.9114 9.2602e-01 1.0000e-12 4.9721e+04    764.000    34.9115    34.8648     3.9564    1476.62    27.7828    27.7458    1471.17 0.0000e+00
    773.109     3.3884     3.3851   3.228242   3.224038     1.5816    -0.3938     0.3521    34.9117 9.4174e-01 1.0000e-12 6.0443e+04    765.000    34.9118    34.8648     3.9608    1476.64    27.7831    27.7459    1471.18 0.0000e+00
    774.121     3.3880     3.3851   3.228268   3.224094     1.5830    -0.3938     0.3486    34.9119 1.0289e+00 1.0000e-12 4.5193e+04    766.000    34.9120    34.8650     3.9666    1476.65    27.7833    27.7461    1471.19 0.0000e+00
    775.134     3.3875     3.3852   3.228294   3.224139     1.5849    -0.3864     0.3482    34.9123 1.0144e+00 1.0000e-12 4.6140e+04    767.000    34.9123    34.8649     3.9740    1476.67    27.7836    27.7460    1471.20 0.0000e+00
    776.146     3.3866     3.3850   3.228342   3.224163     1.5889    -0.3750     0.3486    34.9133 5.2449e-01 1.0000e-12 7.2152e+04    768.000    34.9133    34.8648     3.9895    1476.68    27.7845    27.7459    1471.20 0.0000e+00
    777.159     3.3840     3.3855   3.227923   3.224260     1.5986    -0.3874     0.3534    34.9105 4.7069e-01 1.0000e-12 7.5009e+04    769.000    34.9105    34.8649     4.0263    1476.69    27.7825    27.7460    1471.21 0.0000e+00
    778.171     3.3846     3.3843   3.228157   3.224190     1.5979    -0.3782     0.3521    34.9121 9.8339e-01 1.0000e-12 5.1190e+04    770.000    34.9121    34.8648     4.0243    1476.71    27.7837    27.7460    1471.22 0.0000e+00
    779.184     3.3856     3.3841   3.228240   3.224214     1.5964    -0.3859     0.3500    34.9115 1.0205e+00 1.0000e-12 4.5736e+04    771.000    34.9115    34.8648     4.0188    1476.73    27.7832    27.7460    1471.22 0.0000e+00
    780.196     3.3851     3.3839   3.228276   3.224254     1.5957    -0.3767     0.3515    34.9120 2.4079e-01 1.0000e-12 8.7215e+04    772.000    34.9120    34.8649     4.0170    1476.74    27.7836    27.7462    1471.23 0.0000e+00
    781.209     3.3839     3.3840   3.228292   3.224300     1.5951    -0.3939     0.3537    34.9129 6.3015e-01 1.0000e-12 6.6543e+04    773.000    34.9129    34.8649     4.0152    1476.76    27.7844    27.7461    1471.24 0.0000e+00
    782.221     3.3833     3.3840   3.228300   3.224354     1.5949    -0.3928     0.3507    34.9131 4.0639e-01 1.0000e-12 7.8423e+04    774.000    34.9131    34.8649     4.0154    1476.77    27.7847    27.7462    1471.25 0.0000e+00
    783.234     3.3832     3.3837   3.228333   3.224358     1.5949    -0.3609     0.3497    34.9132 9.0838e-01 1.0000e-12 5.1771e+04    775.000    34.9131    34.8648     4.0157    1476.79    27.7847    27.7461    1471.25 0.0000e+00
    784.246     3.3831     3.3828   3.228353   3.224322     1.5949    -0.3697     0.3538    34.9130 6.0976e-01 1.0000e-12 6.7625e+04    776.000    34.9129    34.8648     4.0162    1476.80    27.7846    27.7462    1471.26 0.0000e+00
    785.259     3.3820     3.3822   3.228354   3.224304     1.5949    -0.3929     0.3489    34.9136 5.3799e-01 1.0000e-12 7.1436e+04    777.000    34.9135    34.8647     4.0169    1476.82    27.7852    27.7462    1471.27 0.0000e+00
    786.271     3.3811     3.3814   3.228372   3.224277     1.5949    -0.3927     0.3494    34.9143 1.0783e+00 1.0000e-12 4.2749e+04    778.000    34.9142    34.8647     4.0175    1476.83    27.7858    27.7463    1471.27 0.0000e+00
    787.284     3.3805     3.3814   3.228389   3.224318     1.5946    -0.3938     0.3483    34.9146 7.1674e-01 1.0000e-12 6.1945e+04    779.000    34.9145    34.8647     4.0170    1476.84    27.7861    27.7463    1471.28 0.0000e+00
    788.297     3.3804     3.3803   3.228422   3.224255     1.5944    -0.3885     0.3476    34.9145 9.3989e-01 1.0000e-12 5.4607e+04    780.000    34.9144    34.8646     4.0170    1476.86    27.7861    27.7463    1471.29 0.0000e+00
    789.309     3.3802     3.3796   3.228438   3.224234     1.5940    -0.3829     0.3529    34.9145 7.2427e-01 1.0000e-12 6.3817e+04    781.000    34.9143    34.8645     4.0160    1476.88    27.7860    27.7463    1471.30 0.0000e+00
    790.322     3.3781     3.3791   3.228395   3.224225     1.5919    -0.3715     0.3489    34.9156 6.0449e-01 1.0000e-12 6.7766e+04    782.000    34.9155    34.8644     4.0088    1476.89    27.7872    27.7463    1471.30 0.0000e+00
    791.334     3.3775     3.3788   3.228394   3.224250     1.5893    -0.3874     0.3531    34.9158 1.1532e+00 1.0000e-12 4.9930e+04    783.000    34.9157    34.8644     3.9998    1476.90    27.7874    27.7464    1471.31 0.0000e+00
    792.347     3.3773     3.3790   3.228412   3.224319     1.5875    -0.4033     0.3540    34.9156 8.8098e-01 1.0000e-12 5.3000e+04    784.000    34.9155    34.8645     3.9937    1476.92    27.7873    27.7464    1471.32 0.0000e+00
    793.359     3.3773     3.3790   3.228463   3.224356     1.5860    -0.4132     0.3544    34.9156 1.0028e+00 1.0000e-12 4.6756e+04    785.000    34.9156    34.8645     3.9887    1476.93    27.7873    27.7464    1471.32 0.0000e+00
    794.372     3.3774     3.3790   3.228510   3.224409     1.5850    -0.3752     0.3501    34.9156 3.6999e-01 1.0000e-12 8.0355e+04    786.000    34.9155    34.8645     3.9855    1476.95    27.7873    27.7464    1471.33 0.0000e+00
    795.384     3.3776     3.3793   3.228551   3.224476     1.5846    -0.3817     0.3501    34.9154 4.4880e-01 1.0000e-12 7.6171e+04    787.000    34.9153    34.8645     3.9846    1476.97    27.7871    27.7464    1471.34 0.0000e+00
    796.397     3.3778     3.3796   3.228585   3.224543     1.5851    -0.3799     0.3539    34.9150 6.6770e-01 1.0000e-12 6.7766e+04    788.000    34.9149    34.8645     3.9869    1476.98    27.7868    27.7464    1471.34 0.0000e+00
    797.410     3.3779     3.3796   3.228581   3.224593     1.5859    -0.3886     0.3550    34.9143 9.7938e-01 1.0000e-12 4.7947e+04    789.000    34.9143    34.8645     3.9905    1477.00    27.7863    27.7464    1471.35 0.0000e+00
    798.422     3.3779     3.3796   3.228580   3.224642     1.5861    -0.3745     0.3544    34.9138 8.2105e-01 1.0000e-12 5.6407e+04    790.000    34.9137    34.8645     3.9917    1477.02    27.7858    27.7464    1471.36 0.0000e+00
    799.435     3.3779     3.3797   3.228595   3.224684     1.5856    -0.3909     0.3498    34.9134 9.6266e-01 1.0000e-12 4.8889e+04    791.000    34.9133    34.8645     3.9902    1477.03    27.7855    27.7464    1471.37 0.0000e+00
    800.447     3.3779     3.3791   3.228589   3.224674     1.5838    -0.4044     0.3518    34.9128 6.4336e-01 1.0000e-12 6.8989e+04    792.000    34.9128    34.8644     3.9844    1477.05    27.7851    27.7464    1471.37 0.0000e+00
    801.460     3.3774     3.3778   3.228595   3.224602     1.5824    -0.3841     0.3505    34.9129 5.9312e-01 1.0000e-12 6.8439e+04    793.000    34.9128    34.8644     3.9797    1477.06    27.7852    27.7465    1471.38 0.0000e+00
    802.473     3.3767     3.3758   3.228631   3.224460     1.5815    -0.3768     0.3482    34.9135 1.1388e+00 1.0000e-12 4.6313e+04    794.000    34.9135    34.8643     3.9769    1477.08    27.7858    27.7466    1471.39 0.0000e+00
    803.485     3.3763     3.3753   3.228672   3.224453     1.5806    -0.3938     0.3502    34.9138 7.5364e-01 1.0000e-12 5.9991e+04    795.000    34.9138    34.8642     3.9742    1477.09    27.7861    27.7466    1471.40 0.0000e+00
    804.498     3.3764     3.3751   3.228715   3.224475     1.5807    -0.3938     0.3498    34.9138 5.9534e-01 1.0000e-12 6.8391e+04    796.000    34.9138    34.8642     3.9751    1477.11    27.7860    27.7467    1471.40 0.0000e+00
    805.510     3.3763     3.3750   3.228760   3.224517     1.5820    -0.3928     0.3493    34.9138 4.0660e-01 1.0000e-12 7.8412e+04    797.000    34.9138    34.8642     3.9804    1477.13    27.7861    27.7467    1471.41 0.0000e+00
    806.523     3.3763     3.3748   3.228781   3.224536     1.5840    -0.3928     0.3493    34.9136 7.4342e-01 1.0000e-12 6.0529e+04    798.000    34.9136    34.8642     3.9883    1477.14    27.7859    27.7466    1471.42 0.0000e+00
    807.536     3.3735     3.3748   3.228691   3.224573     1.5860    -0.3849     0.3495    34.9151 8.1876e-01 1.0000e-12 6.0060e+04    799.000    34.9149    34.8641     3.9966    1477.15    27.7873    27.7466    1471.42 0.0000e+00
    808.548     3.3728     3.3742   3.228619   3.224586     1.5832    -0.3840     0.3492    34.9145 7.8303e-01 1.0000e-12 6.2639e+04    800.000    34.9143    34.8643     3.9866    1477.16    27.7869    27.7468    1471.43 0.0000e+00
    809.561     3.3726     3.3742   3.228649   3.224627     1.5804    -0.3712     0.3498    34.9144 4.5596e-01 1.0000e-12 7.5593e+04    801.000    34.9144    34.8644     3.9770    1477.18    27.7869    27.7469    1471.44 0.0000e+00
    810.574     3.3726     3.3740   3.228724   3.224638     1.5788    -0.3955     0.3541    34.9147 8.3325e-01 1.0000e-12 5.5760e+04    802.000    34.9147    34.8642     3.9715    1477.20    27.7872    27.7468    1471.44 0.0000e+00
    811.586     3.3728     3.3740   3.228797   3.224701     1.5778    -0.3853     0.3517    34.9148 2.5811e-01 1.0000e-12 8.6295e+04    803.000    34.9148    34.8643     3.9681    1477.21    27.7873    27.7469    1471.45 0.0000e+00
    812.599     3.3730     3.3739   3.228855   3.224728     1.5778    -0.3726     0.3496    34.9148 1.0221e+00 1.0000e-12 4.5734e+04    804.000    34.9148    34.8643     3.9687    1477.23    27.7873    27.7469    1471.46 0.0000e+00
    813.612     3.3733     3.3737   3.228922   3.224741     1.5786    -0.3777     0.3507    34.9147 1.7526e+00 1.0000e-12 1.5593e+04    805.000    34.9147    34.8640     3.9724    1477.25    27.7872    27.7467    1471.47 0.0000e+00
    814.624     3.3734     3.3735   3.228951   3.224788     1.5796    -0.3950     0.3537    34.9144 1.2222e+00 1.0000e-12 4.3445e+04    806.000    34.9144    34.8643     3.9764    1477.27    27.7870    27.7469    1471.47 0.0000e+00
    815.637     3.3734     3.3731   3.229002   3.224782     1.5831    -0.3798     0.3534    34.9144 7.1057e-01 1.0000e-12 6.2520e+04    807.000    34.9145    34.8642     3.9898    1477.28    27.7870    27.7469    1471.48 0.0000e+00
    816.650     3.3725     3.3739   3.228047   3.224877     1.5944    -0.3862     0.3532    34.9041 8.8813e-01 1.0000e-12 5.7586e+04    808.000    34.9035    34.8639     4.0328    1477.28    27.7783    27.7466    1471.49 0.0000e+00
    817.662     3.3719     3.3730   3.226638   3.224859     1.5948    -0.3711     0.3557    34.8866 5.7417e-01 1.0000e-12 6.9306e+04    809.000    34.8867    34.8641     4.0354    1477.27    27.7649    27.7468    1471.49 0.0000e+00
    818.675     3.3707     3.3719   3.226787   3.224792     1.5971    -0.3744     0.3581    34.8892 9.6279e-01 1.0000e-12 4.8882e+04    810.000    34.8892    34.8640     4.0446    1477.29    27.7671    27.7469    1471.50 0.0000e+00
    819.688     3.3703     3.3715   3.226902   3.224815     1.5996    -0.3743     0.3535    34.8903 4.1407e-01 1.0000e-12 7.8015e+04    811.000    34.8904    34.8641     4.0545    1477.30    27.7681    27.7470    1471.51 0.0000e+00
    820.701     3.3704     3.3704   3.227080   3.224749     1.6024    -0.3723     0.3531    34.8917 1.8880e+00 1.0000e-12 1.9821e+04    812.000    34.8919    34.8640     4.0654    1477.32    27.7693    27.7470    1471.52 0.0000e+00
    821.713     3.3704     3.3697   3.227274   3.224732     1.6049    -0.3510     0.3539    34.8935 3.8438e-01 1.0000e-12 7.8897e+04    813.000    34.8938    34.8640     4.0753    1477.34    27.7708    27.7471    1471.52 0.0000e+00
    822.726     3.3704     3.3693   3.227431   3.224735     1.6069    -0.3600     0.3531    34.8949 2.7504e-01 1.0000e-12 8.5397e+04    814.000    34.8951    34.8639     4.0830    1477.36    27.7718    27.7471    1471.53 0.0000e+00
    823.739     3.3705     3.3692   3.227580   3.224764     1.6089    -0.3915     0.3536    34.8962 5.3472e-01 1.0000e-12 7.1609e+04    815.000    34.8963    34.8638     4.0911    1477.38    27.7728    27.7470    1471.54 0.0000e+00
    824.751     3.3692     3.3697   3.227339   3.224844     1.6106    -0.3935     0.3475    34.8946 6.5812e-01 1.0000e-12 6.5057e+04    816.000    34.8942    34.8637     4.0982    1477.39    27.7713    27.7469    1471.54 0.0000e+00
    825.764     3.3678     3.3687   3.226717   3.224807     1.6154    -0.3938     0.3498    34.8877 6.5194e-01 1.0000e-12 6.5386e+04    817.000    34.8877    34.8638     4.1170    1477.39    27.7662    27.7471    1471.55 0.0000e+00
    826.777     3.3663     3.3673   3.226817   3.224723     1.6194    -0.3938     0.3493    34.8900 6.5515e-01 1.0000e-12 6.5215e+04    818.000    34.8900    34.8638     4.1326    1477.40    27.7682    27.7472    1471.56 0.0000e+00
    827.790     3.3659     3.3664   3.226954   3.224684     1.6224    -0.3927     0.3536    34.8915 4.1867e-01 1.0000e-12 7.7771e+04    819.000    34.8915    34.8637     4.1442    1477.42    27.7695    27.7472    1471.57 0.0000e+00
    828.802     3.3659     3.3659   3.227141   3.224673     1.6235    -0.3938     0.3505    34.8931 6.6748e-01 1.0000e-12 6.4561e+04    820.000    34.8932    34.8636     4.1486    1477.44    27.7708    27.7472    1471.57 0.0000e+00
    829.815     3.3661     3.3655   3.227306   3.224696     1.6233    -0.3851     0.3500    34.8944 4.6656e-01 1.0000e-12 7.5228e+04    821.000    34.8945    34.8638     4.1485    1477.46    27.7718    27.7474    1471.58 0.0000e+00
    830.828     3.3665     3.3650   3.227433   3.224697     1.6227    -0.3719     0.3499    34.8950 9.9942e-01 1.0000e-12 5.2845e+04    822.000    34.8950    34.8638     4.1466    1477.48    27.7722    27.7475    1471.59 0.0000e+00
    831.841     3.3669     3.3642   3.227536   3.224651     1.6202    -0.3871     0.3493    34.8952 1.0875e+00 1.0000e-12 5.2641e+04    823.000    34.8953    34.8636     4.1380    1477.50    27.7724    27.7474    1471.59 0.0000e+00
    832.853     3.3672     3.3626   3.227648   3.224552     1.6165    -0.3786     0.3463    34.8958 3.3664e-01 1.0000e-12 8.2742e+04    824.000    34.8958    34.8635     4.1245    1477.52    27.7728    27.7475    1471.60 0.0000e+00
    833.866     3.3665     3.3624   3.227722   3.224576     1.6094    -0.3967     0.3468    34.8969 8.9363e-01 1.0000e-12 5.5050e+04    825.000    34.8969    34.8635     4.0988    1477.53    27.7738    27.7475    1471.61 0.0000e+00
    834.879     3.3640     3.3623   3.227753   3.224597     1.6014    -0.3821     0.3521    34.8995 9.7762e-01 1.0000e-12 5.1813e+04    826.000    34.8995    34.8634     4.0699    1477.54    27.7761    27.7474    1471.62 0.0000e+00
    835.892     3.3631     3.3623   3.227831   3.224655     1.5948    -0.3926     0.3523    34.9009 6.9613e-01 1.0000e-12 6.2900e+04    827.000    34.9008    34.8635     4.0456    1477.56    27.7772    27.7476    1471.62 0.0000e+00
    836.904     3.3626     3.3623   3.227915   3.224692     1.5897    -0.3918     0.3497    34.9018 8.6008e-02 1.0000e-12 9.5433e+04    828.000    34.9018    34.8634     4.0274    1477.57    27.7780    27.7475    1471.63 0.0000e+00
    837.917     3.3623     3.3623   3.228002   3.224735     1.5852    -0.3928     0.3490    34.9027 5.8926e-01 1.0000e-12 7.3919e+04    829.000    34.9027    34.8634     4.0109    1477.59    27.7788    27.7475    1471.64 0.0000e+00
    838.930     3.3623     3.3621   3.228084   3.224759     1.5812    -0.3938     0.3491    34.9031 6.8163e-01 1.0000e-12 6.8381e+04    830.000    34.9031    34.8633     3.9965    1477.61    27.7791    27.7474    1471.64 0.0000e+00
