Ship_data/Irminger/Irminger-4/ctd/process/dar21_012.cnv
* Sea-Bird SBE 9 Data File:
* FileName = D:\Data\AR21_012.hdr
* Software Version Seasave V 7.23.2
* Temperature SN = 4155
* Conductivity SN = 2645
* Number of Bytes Per Scan = 40
* Number of Voltage Words = 5
* Number of Scans Averaged by the Deck Unit = 1
* NMEA Latitude = 59 51.21 N
* NMEA Longitude = 039 07.69 W
* NMEA UTC (Time) = Aug 09 2017  13:01:16
# nquan = 21
# nvalues = 1000                        
# units = specified
# name 0 = prDM: Pressure, Digiquartz [db]
# name 1 = t090C: Temperature [ITS-90, deg C]
# name 2 = t190C: Temperature, 2 [ITS-90, deg C]
# name 3 = c0S/m: Conductivity [S/m]
# name 4 = c1S/m: Conductivity, 2 [S/m]
# name 5 = sbeox0V: Oxygen raw, SBE 43 [V]
# name 6 = flECO-AFL: Fluorescence, WET Labs ECO-AFL/FL [mg/m^3]
# name 7 = turbWETntu0: Turbidity, WET Labs ECO [NTU]
# name 8 = sal00: Salinity, Practical [PSU]
# name 9 = spar: SPAR/Surface Irradiance
# name 10 = par: PAR/Irradiance, Biospherical/Licor
# name 11 = cpar: CPAR/Corrected Irradiance [%]
# name 12 = depSM: Depth [salt water, m], lat = 59.8535
# name 13 = sal00: Salinity, Practical [PSU]
# name 14 = sal11: Salinity, Practical, 2 [PSU]
# name 15 = sbeox0ML/L: Oxygen, SBE 43 [ml/l], WS = 2
# name 16 = svCM: Sound Velocity [Chen-Millero, m/s]
# name 17 = sigma-é00: Density [sigma-theta, kg/m^3]
# name 18 = sigma-é11: Density, 2 [sigma-theta, kg/m^3]
# name 19 = avgsvCM: Average Sound Velocity [Chen-Millero, m/s], minP = 20, minS = 20
# name 20 = flag: flag
# span 0 =      3.029,   1013.995       
# span 1 =     3.3900,     8.7813       
# span 2 =     3.3912,     8.7845       
# span 3 =   3.234869,   3.668134       
# span 4 =   3.154770,   3.654729       
# span 5 =     1.9614,     2.3889       
# span 6 =    -0.4137,     0.6426       
# span 7 =     0.3406,     0.4257       
# span 8 =    34.7221,    34.9549       
# span 9 = -4.810e-01, 1.1365e+00       
# span 10 = 1.0000e-12, 1.0000e-12      
# span 11 = 4.2746e+04, 1.2464e+05      
# span 12 =      3.000,   1002.000      
# span 13 =    34.7223,    34.9500      
# span 14 =    29.3711,    35.1615      
# span 15 =     5.3860,     5.6314      
# span 16 =    1470.21,    1485.17      
# span 17 =    26.9356,    27.7504      
# span 18 =    22.7459,    27.7477      
# span 19 =       0.00,    1482.44      
# span 20 = 0.0000e+00, 0.0000e+00      
# interval = meters: 1                  
# start_time = Aug 09 2017 13:01:16 [NMEA time, header]
# bad_flag = -9.990e-29
*END*
[from data line 690]
    700.771     3.5741     3.5761   3.239738   3.239636     2.0391    -0.3711     0.3494    34.8898 4.5167e-01 1.0000e-12 7.6004e+04    693.000    34.8897    34.8863     5.5702    1476.20    27.7469    27.7440    1473.17 0.0000e+00
    701.784     3.5729     3.5750   3.239657   3.239568     2.0385    -0.3907     0.3491    34.8896 4.9189e-01 1.0000e-12 7.3883e+04    694.000    34.8895    34.8862     5.5690    1476.21    27.7468    27.7440    1473.17 0.0000e+00
    702.797     3.5715     3.5734   3.239578   3.239459     2.0381    -0.3697     0.3499    34.8895 8.9144e-01 1.0000e-12 5.2670e+04    695.000    34.8894    34.8861     5.5684    1476.22    27.7469    27.7441    1473.18 0.0000e+00
    703.810     3.5712     3.5731   3.239587   3.239488     2.0376    -0.4116     0.3450    34.8895 4.0988e-01 1.0000e-12 7.8237e+04    696.000    34.8893    34.8861     5.5677    1476.24    27.7469    27.7441    1473.18 0.0000e+00
    704.823     3.5701     3.5720   3.239523   3.239410     2.0373    -0.3942     0.3581    34.8893 3.7586e-01 1.0000e-12 8.0044e+04    697.000    34.8892    34.8859     5.5672    1476.25    27.7469    27.7440    1473.18 0.0000e+00
    705.836     3.5693     3.5713   3.239495   3.239387     2.0367    -0.3873     0.3623    34.8893 1.5755e-01 1.0000e-12 9.1634e+04    698.000    34.8892    34.8858     5.5660    1476.26    27.7470    27.7441    1473.19 0.0000e+00
    706.849     3.5690     3.5708   3.239505   3.239393     2.0366    -0.3721     0.3501    34.8892 3.7427e-01 1.0000e-12 8.0128e+04    699.000    34.8891    34.8858     5.5664    1476.28    27.7469    27.7442    1473.19 0.0000e+00
    707.862     3.5685     3.5704   3.239503   3.239387     2.0365    -0.3840     0.3438    34.8891 2.4030e-01 1.0000e-12 8.7241e+04    700.000    34.8891    34.8857     5.5670    1476.29    27.7470    27.7441    1473.20 0.0000e+00
    708.874     3.5685     3.5703   3.239551   3.239429     2.0360    -0.3706     0.3445    34.8892 5.3921e-01 1.0000e-12 7.1371e+04    701.000    34.8891    34.8858     5.5656    1476.31    27.7470    27.7442    1473.20 0.0000e+00
    709.887     3.5683     3.5702   3.239573   3.239464     2.0355    -0.3804     0.3456    34.8891 4.9583e-01 1.0000e-12 7.3674e+04    702.000    34.8890    34.8857     5.5647    1476.33    27.7470    27.7442    1473.21 0.0000e+00
    710.900     3.5677     3.5695   3.239541   3.239423     2.0351    -0.4137     0.3496    34.8890 5.2351e-01 1.0000e-12 7.2205e+04    703.000    34.8888    34.8854     5.5640    1476.34    27.7468    27.7440    1473.21 0.0000e+00
    711.913     3.5666     3.5684   3.239498   3.239377     2.0350    -0.3916     0.3492    34.8890 6.0205e-01 1.0000e-12 6.8035e+04    704.000    34.8889    34.8855     5.5646    1476.35    27.7471    27.7442    1473.22 0.0000e+00
    712.926     3.5661     3.5679   3.239490   3.239365     2.0352    -0.3727     0.3492    34.8889 4.5159e-01 1.0000e-12 7.6023e+04    705.000    34.8888    34.8855     5.5660    1476.37    27.7470    27.7442    1473.22 0.0000e+00
    713.939     3.5657     3.5677   3.239496   3.239392     2.0345    -0.3896     0.3497    34.8889 5.7328e-01 1.0000e-12 6.9562e+04    706.000    34.8888    34.8854     5.5644    1476.38    27.7471    27.7442    1473.22 0.0000e+00
    714.952     3.5661     3.5678   3.239580   3.239448     2.0343    -0.3889     0.3439    34.8888 1.0356e-01 1.0000e-12 9.4501e+04    707.000    34.8889    34.8855     5.5643    1476.40    27.7471    27.7442    1473.23 0.0000e+00
    715.965     3.5661     3.5682   3.239619   3.239530     2.0340    -0.3907     0.3488    34.8888 5.7957e-01 1.0000e-12 6.9228e+04    708.000    34.8887    34.8855     5.5641    1476.42    27.7470    27.7442    1473.23 0.0000e+00
    716.978     3.5647     3.5668   3.239511   3.239422     2.0340    -0.3781     0.3487    34.8886 2.5712e-01 1.0000e-12 8.6348e+04    709.000    34.8884    34.8851     5.5648    1476.43    27.7469    27.7441    1473.24 0.0000e+00
    717.991     3.5640     3.5658   3.239494   3.239380     2.0340    -0.3836     0.3492    34.8886 3.1970e-01 1.0000e-12 8.3026e+04    710.000    34.8885    34.8852     5.5657    1476.44    27.7470    27.7442    1473.24 0.0000e+00
    719.004     3.5632     3.5650   3.239467   3.239346     2.0332    -0.3918     0.3500    34.8886 6.1847e-01 1.0000e-12 6.7163e+04    711.000    34.8885    34.8851     5.5638    1476.45    27.7471    27.7442    1473.25 0.0000e+00
    720.017     3.5628     3.5647   3.239477   3.239361     2.0330    -0.3905     0.3453    34.8886 5.4893e-01 1.0000e-12 7.0855e+04    712.000    34.8884    34.8851     5.5637    1476.47    27.7471    27.7443    1473.25 0.0000e+00
    721.030     3.5625     3.5647   3.239493   3.239410     2.0327    -0.3919     0.3468    34.8885 5.3819e-01 1.0000e-12 7.1425e+04    713.000    34.8884    34.8851     5.5634    1476.48    27.7471    27.7443    1473.26 0.0000e+00
    722.043     3.5620     3.5640   3.239495   3.239399     2.0324    -0.3852     0.3504    34.8885 1.0667e+00 1.0000e-12 4.9702e+04    714.000    34.8885    34.8852     5.5632    1476.50    27.7473    27.7445    1473.26 0.0000e+00
    723.056     3.5623     3.5643   3.239572   3.239459     2.0321    -0.3663     0.3548    34.8886 6.9413e-01 1.0000e-12 6.2930e+04    715.000    34.8885    34.8851     5.5627    1476.52    27.7472    27.7443    1473.26 0.0000e+00
    724.069     3.5620     3.5639   3.239571   3.239475     2.0319    -0.3838     0.3544    34.8884 3.6929e-01 1.0000e-12 8.0392e+04    716.000    34.8883    34.8851     5.5627    1476.53    27.7471    27.7444    1473.27 0.0000e+00
    725.082     3.5615     3.5629   3.239564   3.239409     2.0314    -0.3862     0.3547    34.8883 3.1457e-01 1.0000e-12 8.3297e+04    717.000    34.8882    34.8848     5.5618    1476.55    27.7471    27.7443    1473.27 0.0000e+00
    726.095     3.5613     3.5634   3.239595   3.239507     2.0311    -0.3724     0.3508    34.8883 4.8261e-01 1.0000e-12 7.4376e+04    718.000    34.8883    34.8849     5.5616    1476.56    27.7472    27.7443    1473.28 0.0000e+00
    727.108     3.5606     3.5626   3.239568   3.239462     2.0309    -0.3781     0.3497    34.8882 1.8543e-01 1.0000e-12 9.0154e+04    719.000    34.8881    34.8848     5.5616    1476.58    27.7471    27.7443    1473.28 0.0000e+00
    728.121     3.5600     3.5616   3.239546   3.239424     2.0307    -0.3542     0.3457    34.8881 3.0035e-01 1.0000e-12 8.4053e+04    720.000    34.8880    34.8848     5.5615    1476.59    27.7472    27.7444    1473.29 0.0000e+00
    729.135     3.5591     3.5608   3.239506   3.239378     2.0302    -0.3685     0.3526    34.8881 5.1029e-01 1.0000e-12 7.2907e+04    721.000    34.8879    34.8846     5.5609    1476.60    27.7471    27.7443    1473.29 0.0000e+00
    730.148     3.5578     3.5597   3.239423   3.239311     2.0299    -0.3827     0.3515    34.8880 4.4805e-01 1.0000e-12 7.6211e+04    722.000    34.8878    34.8844     5.5606    1476.61    27.7472    27.7443    1473.30 0.0000e+00
    731.161     3.5571     3.5591   3.239415   3.239293     2.0296    -0.3909     0.3808    34.8880 2.9486e-01 1.0000e-12 8.4344e+04    723.000    34.8879    34.8843     5.5602    1476.63    27.7473    27.7443    1473.30 0.0000e+00
    732.174     3.5569     3.5588   3.239432   3.239312     2.0295    -0.3876     0.4170    34.8879 6.9876e-01 1.0000e-12 6.8227e+04    724.000    34.8878    34.8844     5.5606    1476.64    27.7473    27.7444    1473.31 0.0000e+00
    733.187     3.5566     3.5585   3.239443   3.239343     2.0294    -0.3674     0.3474    34.8878 3.0753e-01 1.0000e-12 8.3583e+04    725.000    34.8877    34.8844     5.5611    1476.66    27.7472    27.7445    1473.31 0.0000e+00
    734.200     3.5560     3.5578   3.239429   3.239310     2.0290    -0.3883     0.3492    34.8878 4.7398e-01 1.0000e-12 7.4834e+04    726.000    34.8876    34.8843     5.5606    1476.67    27.7473    27.7444    1473.32 0.0000e+00
    735.213     3.5547     3.5565   3.239339   3.239223     2.0275    -0.3774     0.3499    34.8877 3.7841e-01 1.0000e-12 7.9908e+04    727.000    34.8875    34.8841     5.5561    1476.68    27.7473    27.7444    1473.32 0.0000e+00
    736.226     3.5537     3.5556   3.239294   3.239182     2.0275    -0.3604     0.3507    34.8876 4.4437e-01 1.0000e-12 7.6406e+04    728.000    34.8874    34.8841     5.5570    1476.70    27.7473    27.7445    1473.32 0.0000e+00
    737.239     3.5534     3.5553   3.239313   3.239200     2.0270    -0.3648     0.3494    34.8875 5.9910e-01 1.0000e-12 6.8191e+04    729.000    34.8874    34.8840     5.5559    1476.71    27.7473    27.7445    1473.33 0.0000e+00
    738.252     3.5531     3.5550   3.239328   3.239211     2.0268    -0.3901     0.3489    34.8875 3.2801e-01 1.0000e-12 8.2584e+04    730.000    34.8874    34.8840     5.5559    1476.73    27.7474    27.7445    1473.33 0.0000e+00
    739.265     3.5529     3.5547   3.239347   3.239235     2.0266    -0.3727     0.3522    34.8874 4.8929e-01 1.0000e-12 7.4022e+04    731.000    34.8873    34.8840     5.5558    1476.74    27.7473    27.7445    1473.34 0.0000e+00
    740.278     3.5530     3.5549   3.239409   3.239301     2.0261    -0.3700     0.3499    34.8875 4.0193e-01 1.0000e-12 8.2304e+04    732.000    34.8875    34.8841     5.5549    1476.76    27.7475    27.7446    1473.34 0.0000e+00
    741.291     3.5533     3.5552   3.239491   3.239374     2.0258    -0.3844     0.3501    34.8876 3.8969e-01 1.0000e-12 7.9310e+04    733.000    34.8875    34.8841     5.5542    1476.78    27.7475    27.7445    1473.35 0.0000e+00
    742.305     3.5534     3.5552   3.239553   3.239429     2.0250    -0.3667     0.3509    34.8876 7.6807e-01 1.0000e-12 5.9220e+04    734.000    34.8876    34.8842     5.5521    1476.80    27.7476    27.7447    1473.35 0.0000e+00
    743.318     3.5538     3.5558   3.239628   3.239537     2.0246    -0.3664     0.3634    34.8877 3.6150e-01 1.0000e-12 8.0806e+04    735.000    34.8876    34.8844     5.5512    1476.82    27.7475    27.7448    1473.36 0.0000e+00
    744.331     3.5510     3.5530   3.239372   3.239264     2.0239    -0.3935     0.3546    34.8874 7.1628e-01 1.0000e-12 6.1970e+04    736.000    34.8869    34.8835     5.5500    1476.82    27.7473    27.7443    1473.36 0.0000e+00
    745.344     3.5477     3.5495   3.239092   3.238972     2.0235    -0.3727     0.3538    34.8870 4.1135e-01 1.0000e-12 7.8159e+04    737.000    34.8866    34.8832     5.5497    1476.82    27.7474    27.7445    1473.37 0.0000e+00
    746.357     3.5465     3.5484   3.239050   3.238935     2.0230    -0.3521     0.3513    34.8870 4.2802e-01 1.0000e-12 7.7275e+04    738.000    34.8868    34.8834     5.5488    1476.83    27.7476    27.7447    1473.37 0.0000e+00
    747.370     3.5457     3.5478   3.239008   3.238906     2.0225    -0.3755     0.3496    34.8869 6.3879e-01 1.0000e-12 6.6084e+04    739.000    34.8866    34.8832     5.5480    1476.85    27.7475    27.7446    1473.38 0.0000e+00
    748.383     3.5452     3.5470   3.239000   3.238878     2.0221    -0.3925     0.3491    34.8867 6.9811e-01 1.0000e-12 6.6666e+04    740.000    34.8865    34.8831     5.5472    1476.86    27.7475    27.7447    1473.38 0.0000e+00
    749.396     3.5448     3.5467   3.239008   3.238886     2.0217    -0.3709     0.3498    34.8866 6.9759e-01 1.0000e-12 6.3119e+04    741.000    34.8865    34.8831     5.5466    1476.88    27.7476    27.7447    1473.39 0.0000e+00
    750.410     3.5455     3.5474   3.239132   3.239010     2.0209    -0.4133     0.3439    34.8867 3.5148e-01 1.0000e-12 8.1338e+04    742.000    34.8867    34.8833     5.5443    1476.90    27.7477    27.7447    1473.39 0.0000e+00
    751.423     3.5460     3.5480   3.239204   3.239109     2.0209    -0.3922     0.3568    34.8866 7.5138e-01 1.0000e-12 6.0106e+04    743.000    34.8866    34.8832     5.5451    1476.91    27.7475    27.7447    1473.39 0.0000e+00
    752.436     3.5461     3.5480   3.239270   3.239149     2.0207    -0.3923     0.3513    34.8867 3.1303e-01 1.0000e-12 8.3379e+04    744.000    34.8867    34.8832     5.5449    1476.93    27.7476    27.7446    1473.40 0.0000e+00
    753.449     3.5458     3.5478   3.239268   3.239167     2.0203    -0.3720     0.3498    34.8865 5.7841e-01 1.0000e-12 6.9289e+04    745.000    34.8865    34.8831     5.5443    1476.95    27.7475    27.7446    1473.40 0.0000e+00
    754.462     3.5457     3.5476   3.239315   3.239201     2.0201    -0.3677     0.3491    34.8866 5.5768e-01 1.0000e-12 7.4149e+04    746.000    34.8866    34.8833     5.5443    1476.96    27.7476    27.7448    1473.41 0.0000e+00
    755.475     3.5455     3.5474   3.239342   3.239225     2.0200    -0.3666     0.3493    34.8866 4.8955e-01 1.0000e-12 7.3908e+04    747.000    34.8865    34.8832     5.5446    1476.98    27.7476    27.7447    1473.41 0.0000e+00
    756.489     3.5442     3.5458   3.239232   3.239096     2.0199    -0.3929     0.3504    34.8864 5.6533e-01 1.0000e-12 6.9984e+04    748.000    34.8861    34.8828     5.5450    1476.99    27.7474    27.7446    1473.42 0.0000e+00
    757.502     3.5435     3.5454   3.239236   3.239122     2.0199    -0.3715     0.3495    34.8864 3.9918e-01 1.0000e-12 7.8805e+04    749.000    34.8864    34.8830     5.5459    1477.00    27.7476    27.7448    1473.42 0.0000e+00
    758.515     3.5437     3.5456   3.239300   3.239182     2.0198    -0.3808     0.3494    34.8864 4.6845e-01 1.0000e-12 7.5128e+04    750.000    34.8864    34.8830     5.5462    1477.02    27.7476    27.7447    1473.43 0.0000e+00
    759.528     3.5437     3.5456   3.239332   3.239225     2.0198    -0.3897     0.3514    34.8863 5.6343e-01 1.0000e-12 7.0085e+04    751.000    34.8862    34.8829     5.5469    1477.04    27.7475    27.7447    1473.43 0.0000e+00
    760.541     3.5436     3.5457   3.239363   3.239274     2.0196    -0.3877     0.3517    34.8862 4.7263e-01 1.0000e-12 7.4906e+04    752.000    34.8862    34.8829     5.5472    1477.05    27.7475    27.7447    1473.44 0.0000e+00
    761.555     3.5433     3.5451   3.239375   3.239265     2.0196    -0.3892     0.3492    34.8862 6.1218e-01 1.0000e-12 6.7497e+04    753.000    34.8862    34.8829     5.5478    1477.07    27.7476    27.7447    1473.44 0.0000e+00
    762.568     3.5436     3.5454   3.239456   3.239344     2.0186    -0.3929     0.3503    34.8863 3.3132e-01 1.0000e-12 8.2409e+04    754.000    34.8863    34.8830     5.5447    1477.09    27.7476    27.7448    1473.45 0.0000e+00
    763.581     3.5439     3.5459   3.239551   3.239456     2.0183    -0.3883     0.3499    34.8864 1.8213e-01 1.0000e-12 9.0329e+04    755.000    34.8865    34.8832     5.5443    1477.11    27.7478    27.7450    1473.45 0.0000e+00
    764.594     3.5450     3.5471   3.239715   3.239627     2.0176    -0.3907     0.3503    34.8866 8.9293e-01 1.0000e-12 5.2591e+04    756.000    34.8868    34.8835     5.5426    1477.13    27.7479    27.7451    1473.46 0.0000e+00
    765.608     3.5456     3.5476   3.239832   3.239720     2.0173    -0.3906     0.3478    34.8869 7.0520e-01 1.0000e-12 6.2558e+04    757.000    34.8870    34.8836     5.5420    1477.15    27.7480    27.7451    1473.46 0.0000e+00
    766.621     3.5457     3.5476   3.239872   3.239766     2.0161    -0.3932     0.3452    34.8868 4.1461e-01 1.0000e-12 7.7986e+04    758.000    34.8869    34.8836     5.5382    1477.16    27.7479    27.7451    1473.47 0.0000e+00
    767.634     3.5457     3.5473   3.239935   3.239777     2.0152    -0.3655     0.3435    34.8870 5.5274e-01 1.0000e-12 7.0653e+04    759.000    34.8870    34.8835     5.5357    1477.18    27.7481    27.7451    1473.47 0.0000e+00
    768.647     3.5460     3.5479   3.239998   3.239880     2.0150    -0.3900     0.3447    34.8869 4.2490e-01 1.0000e-12 7.7440e+04    760.000    34.8870    34.8836     5.5356    1477.20    27.7480    27.7451    1473.48 0.0000e+00
