Ship_data/Irminger/Irminger-4/ctd/process/dar21_009.cnv
* Sea-Bird SBE 9 Data File:
* FileName = D:\Data\AR21_009.hdr
* Software Version Seasave V 7.23.2
* Temperature SN = 4155
* Conductivity SN = 2645
* Number of Bytes Per Scan = 40
* Number of Voltage Words = 5
* Number of Scans Averaged by the Deck Unit = 1
* NMEA Latitude = 59 58.27 N
* NMEA Longitude = 039 30.81 W
* NMEA UTC (Time) = Aug 06 2017  21:22:51
** Test cast to check pump1 and acoustic device for James
# nquan = 21
# nvalues = 1201                        
# units = specified
# name 0 = prDM: Pressure, Digiquartz [db]
# name 1 = t090C: Temperature [ITS-90, deg C]
# name 2 = t190C: Temperature, 2 [ITS-90, deg C]
# name 3 = c0S/m: Conductivity [S/m]
# name 4 = c1S/m: Conductivity, 2 [S/m]
# name 5 = sbeox0V: Oxygen raw, SBE 43 [V]
# name 6 = flECO-AFL: Fluorescence, WET Labs ECO-AFL/FL [mg/m^3]
# name 7 = turbWETntu0: Turbidity, WET Labs ECO [NTU]
# name 8 = sal00: Salinity, Practical [PSU]
# name 9 = spar: SPAR/Surface Irradiance
# name 10 = par: PAR/Irradiance, Biospherical/Licor
# name 11 = cpar: CPAR/Corrected Irradiance [%]
# name 12 = depSM: Depth [salt water, m], lat = 59.9712
# name 13 = sal00: Salinity, Practical [PSU]
# name 14 = sal11: Salinity, Practical, 2 [PSU]
# name 15 = sbeox0ML/L: Oxygen, SBE 43 [ml/l], WS = 2
# name 16 = svCM: Sound Velocity [Chen-Millero, m/s]
# name 17 = sigma-é00: Density [sigma-theta, kg/m^3]
# name 18 = sigma-é11: Density, 2 [sigma-theta, kg/m^3]
# name 19 = avgsvCM: Average Sound Velocity [Chen-Millero, m/s], minP = 20, minS = 20
# name 20 = flag: flag
# span 0 =      3.029,   1218.004       
# span 1 =     3.3216,     8.5355       
# span 2 =     3.3233,     8.5378       
# span 3 =   3.227431,   3.651881       
# span 4 =   3.227321,   3.651858       
# span 5 =     1.9184,     2.4102       
# span 6 =    -0.4135,     0.7190       
# span 7 =     0.3403,     0.6143       
# span 8 =    34.7876,    34.9239       
# span 9 = 3.8150e-01, 2.3369e+00       
# span 10 = 1.0000e-12, 1.0000e-12      
# span 11 = -2.690e+04, 8.1952e+04      
# span 12 =      3.000,   1203.000      
# span 13 =    34.7776,    34.9248      
# span 14 =    34.7839,    34.9207      
# span 15 =     5.3833,     5.6284      
# span 16 =    1469.04,    1484.42      
# span 17 =    27.0255,    27.7507      
# span 18 =    27.0220,    27.7482      
# span 19 =       0.00,    1484.11      
# span 20 = 0.0000e+00, 0.0000e+00      
# interval = meters: 1                  
# start_time = Aug 06 2017 21:22:51 [NMEA time, header]
# bad_flag = -9.990e-29
*END*
[from data line 69]
     72.698     4.5100     4.5101   3.295534   3.295243     2.1846    -0.2424     0.3620    34.8964 1.0920e+00 1.0000e-12 4.7044e+04     72.000    34.8935    34.8900     5.4788    1469.79    27.6472    27.6443    1477.61 0.0000e+00
     73.708     4.5049     4.5065   3.295317   3.295077     2.1844    -0.2495     0.3614    34.8977 8.7265e-01 1.0000e-12 5.7520e+04     73.000    34.8958    34.8912     5.4797    1469.78    27.6496    27.6457    1477.50 0.0000e+00
     74.718     4.5149     4.5145   3.296597   3.296018     2.1844    -0.2730     0.3794    34.8998 9.3949e-01 1.0000e-12 5.2545e+04     74.000    34.8997    34.8933     5.4786    1469.85    27.6516    27.6465    1477.40 0.0000e+00
     75.728     4.5336     4.5346   3.298463   3.298230     2.1845    -0.2764     0.3675    34.9022 9.4174e-01 1.0000e-12 5.6292e+04     75.000    34.9013    34.8976     5.4767    1469.94    27.6508    27.6477    1477.28 0.0000e+00
     76.737     4.5267     4.5275   3.297840   3.297604     2.1835    -0.2759     0.3678    34.9019 9.0883e-01 1.0000e-12 5.8656e+04     76.000    34.9007    34.8971     5.4755    1469.93    27.6511    27.6481    1477.20 0.0000e+00
     77.747     4.5234     4.5236   3.297632   3.297260     2.1826    -0.2686     0.3662    34.9019 1.0441e+00 1.0000e-12 4.7408e+04     77.000    34.9013    34.8966     5.4735    1469.93    27.6519    27.6482    1477.10 0.0000e+00
     78.757     4.5137     4.5161   3.296649   3.296567     2.1802    -0.2875     0.3622    34.9006 6.4352e-01 1.0000e-12 6.7315e+04     78.000    34.8994    34.8959     5.4680    1469.91    27.6514    27.6484    1477.00 0.0000e+00
     79.767     4.4918     4.4930   3.294605   3.294441     2.1773    -0.2760     0.3697    34.9000 6.5381e-01 1.0000e-12 6.5210e+04     79.000    34.8980    34.8948     5.4626    1469.83    27.6528    27.6501    1476.91 0.0000e+00
     80.777     4.4812     4.4832   3.294028   3.293844     2.1755    -0.2892     0.3679    34.9029 7.0822e-01 1.0000e-12 6.2398e+04     80.000    34.9018    34.8976     5.4586    1469.81    27.6570    27.6534    1476.83 0.0000e+00
     81.787     4.4818     4.4836   3.294229   3.294043     2.1748    -0.3066     0.3678    34.9040 8.6469e-01 1.0000e-12 5.4090e+04     81.000    34.9031    34.8989     5.4572    1469.83    27.6579    27.6544    1476.74 0.0000e+00
     82.797     4.4763     4.4781   3.293775   3.293613     2.1744    -0.3039     0.3704    34.9042 9.6204e-01 1.0000e-12 5.5789e+04     82.000    34.9030    34.8991     5.4572    1469.82    27.6585    27.6552    1476.66 0.0000e+00
     83.807     4.4750     4.4769   3.293880   3.293682     2.1725    -0.3140     0.3637    34.9054 1.1277e+00 1.0000e-12 4.4283e+04     83.000    34.9051    34.9007     5.4519    1469.84    27.6603    27.6566    1476.57 0.0000e+00
     84.817     4.4882     4.4906   3.295862   3.295622     2.1734    -0.2957     0.3667    34.9126 8.4365e-01 1.0000e-12 5.5079e+04     84.000    34.9139    34.9085     5.4531    1469.92    27.6658    27.6613    1476.49 0.0000e+00
     85.827     4.4957     4.4977   3.296637   3.296454     2.1734    -0.3127     0.3634    34.9142 6.0290e-01 1.0000e-12 6.9834e+04     85.000    34.9144    34.9102     5.4527    1469.97    27.6655    27.6619    1476.42 0.0000e+00
     86.837     4.4957     4.4984   3.296642   3.296618     2.1732    -0.3373     0.3683    34.9145 9.4033e-01 1.0000e-12 4.9825e+04     86.000    34.9140    34.9108     5.4530    1469.98    27.6651    27.6623    1476.34 0.0000e+00
     87.847     4.4783     4.4834   3.295064   3.295246     2.1717    -0.3214     0.3631    34.9146 6.8563e-01 1.0000e-12 6.3597e+04     87.000    34.9133    34.9100     5.4514    1469.93    27.6665    27.6633    1476.27 0.0000e+00
     88.857     4.4662     4.4691   3.294055   3.293974     2.1693    -0.3350     0.3667    34.9145 9.0884e-01 1.0000e-12 5.1746e+04     88.000    34.9137    34.9096     5.4457    1469.90    27.6681    27.6646    1476.20 0.0000e+00
     89.866     4.4610     4.4628   3.293624   3.293446     2.1674    -0.3431     0.3650    34.9143 8.4123e-01 1.0000e-12 6.0704e+04     89.000    34.9136    34.9095     5.4411    1469.89    27.6687    27.6652    1476.12 0.0000e+00
     90.876     4.4598     4.4617   3.293554   3.293386     2.1678    -0.3359     0.3681    34.9141 9.3937e-01 1.0000e-12 5.0251e+04     90.000    34.9135    34.9095     5.4433    1469.90    27.6687    27.6653    1476.05 0.0000e+00
     91.886     4.4594     4.4619   3.293574   3.293458     2.1679    -0.3425     0.3704    34.9140 1.0120e+00 1.0000e-12 4.6270e+04     91.000    34.9136    34.9095     5.4444    1469.92    27.6689    27.6653    1475.98 0.0000e+00
     92.896     4.4616     4.4637   3.293847   3.293677     2.1684    -0.3569     0.3754    34.9141 8.9267e-01 1.0000e-12 5.2605e+04     92.000    34.9139    34.9096     5.4465    1469.94    27.6689    27.6652    1475.92 0.0000e+00
     93.906     4.4541     4.4548   3.293115   3.292861     2.1683    -0.3492     0.3659    34.9137 1.1131e+00 1.0000e-12 4.9005e+04     93.000    34.9127    34.9090     5.4479    1469.93    27.6687    27.6657    1475.85 0.0000e+00
     94.916     4.4438     4.4427   3.292193   3.291760     2.1677    -0.3435     0.3653    34.9133 1.0211e+00 1.0000e-12 4.5558e+04     94.000    34.9122    34.9083     5.4483    1469.90    27.6695    27.6665    1475.79 0.0000e+00
     95.926     4.4250     4.4265   3.290502   3.290308     2.1672    -0.3599     0.3659    34.9128 7.6320e-01 1.0000e-12 6.1193e+04     95.000    34.9117    34.9078     5.4500    1469.84    27.6711    27.6679    1475.73 0.0000e+00
     96.936     4.4215     4.4232   3.290247   3.290078     2.1660    -0.3645     0.3680    34.9129 9.2491e-01 1.0000e-12 5.0796e+04     96.000    34.9118    34.9080     5.4475    1469.84    27.6716    27.6684    1475.66 0.0000e+00
     97.946     4.4088     4.4102   3.289000   3.288859     2.1655    -0.3495     0.3678    34.9120 8.6688e-01 1.0000e-12 5.8018e+04     97.000    34.9100    34.9069     5.4483    1469.80    27.6716    27.6689    1475.61 0.0000e+00
     98.956     4.3997     4.4015   3.288202   3.288081     2.1644    -0.3566     0.3671    34.9115 4.4827e-01 1.0000e-12 7.6278e+04     98.000    34.9097    34.9063     5.4470    1469.78    27.6723    27.6695    1475.55 0.0000e+00
     99.966     4.3916     4.3912   3.287595   3.287203     2.1625    -0.3738     0.3623    34.9117 9.6527e-01 1.0000e-12 4.8750e+04     99.000    34.9106    34.9064     5.4426    1469.77    27.6740    27.6707    1475.49 0.0000e+00
    100.976     4.3739     4.3747   3.285883   3.285685     2.1616    -0.3683     0.3629    34.9108 8.1911e-01 1.0000e-12 5.6510e+04    100.000    34.9086    34.9054     5.4429    1469.71    27.6743    27.6717    1475.43 0.0000e+00
    101.986     4.3669     4.3687   3.285428   3.285251     2.1613    -0.3535     0.3633    34.9116 9.7759e-01 1.0000e-12 5.2309e+04    101.000    34.9101    34.9062     5.4436    1469.70    27.6763    27.6730    1475.37 0.0000e+00
    102.996     4.3635     4.3655   3.285247   3.285087     2.1610    -0.3703     0.3628    34.9123 8.9946e-01 1.0000e-12 5.4312e+04    102.000    34.9111    34.9071     5.4440    1469.70    27.6774    27.6740    1475.32 0.0000e+00
    104.006     4.3696     4.3712   3.286138   3.285875     2.1600    -0.3630     0.3647    34.9142 9.4990e-01 1.0000e-12 5.0843e+04    103.000    34.9145    34.9098     5.4401    1469.75    27.6795    27.6756    1475.26 0.0000e+00
    105.016     4.3900     4.3924   3.288384   3.288191     2.1594    -0.3725     0.3659    34.9174 1.1697e+00 1.0000e-12 3.7877e+04    104.000    34.9189    34.9140     5.4356    1469.85    27.6807    27.6766    1475.21 0.0000e+00
    106.026     4.3971     4.3992   3.288918   3.288859     2.1555    -0.3603     0.3641    34.9175 7.4303e-01 1.0000e-12 6.2688e+04    105.000    34.9171    34.9141     5.4227    1469.90    27.6786    27.6760    1475.16 0.0000e+00
    107.036     4.3942     4.3958   3.288813   3.288649     2.1543    -0.3512     0.3719    34.9185 9.7604e-01 1.0000e-12 5.1872e+04    106.000    34.9184    34.9147     5.4197    1469.90    27.6800    27.6769    1475.11 0.0000e+00
    108.046     4.3898     4.3919   3.288429   3.288309     2.1534    -0.3715     0.3655    34.9183 5.5300e-01 1.0000e-12 7.0692e+04    107.000    34.9179    34.9143     5.4181    1469.90    27.6801    27.6769    1475.06 0.0000e+00
    109.057     4.3818     4.3829   3.287661   3.287481     2.1523    -0.3726     0.3631    34.9179 1.0053e+00 1.0000e-12 4.9620e+04    108.000    34.9168    34.9136     5.4166    1469.88    27.6800    27.6773    1475.01 0.0000e+00
    110.067     4.3719     4.3736   3.286830   3.286670     2.1509    -0.3720     0.3679    34.9176 9.3987e-01 1.0000e-12 5.0000e+04    109.000    34.9170    34.9133     5.4139    1469.86    27.6813    27.6781    1474.96 0.0000e+00
    111.077     4.3708     4.3725   3.286807   3.286637     2.1504    -0.3712     0.3603    34.9178 7.9364e-01 1.0000e-12 5.7863e+04    110.000    34.9174    34.9135     5.4132    1469.87    27.6817    27.6784    1474.92 0.0000e+00
    112.087     4.3720     4.3740   3.287061   3.286868     2.1512    -0.3702     0.3580    34.9184 6.9335e-01 1.0000e-12 6.3187e+04    111.000    34.9186    34.9142     5.4163    1469.89    27.6825    27.6788    1474.87 0.0000e+00
    113.097     4.3758     4.3771   3.287468   3.287261     2.1518    -0.3692     0.3603    34.9190 1.1688e+00 1.0000e-12 3.7943e+04    112.000    34.9187    34.9150     5.4184    1469.93    27.6823    27.6791    1474.83 0.0000e+00
    114.107     4.3572     4.3576   3.285506   3.285315     2.1495    -0.3585     0.3734    34.9172 6.7217e-01 1.0000e-12 6.4312e+04    113.000    34.9147    34.9121     5.4144    1469.86    27.6811    27.6789    1474.78 0.0000e+00
    115.117     4.3306     4.3345   3.283063   3.283110     2.1495    -0.3616     0.3709    34.9154 9.0881e-01 1.0000e-12 5.1748e+04    114.000    34.9135    34.9100     5.4192    1469.77    27.6831    27.6799    1474.74 0.0000e+00
    116.127     4.3430     4.3455   3.285167   3.284622     2.1509    -0.3512     0.3677    34.9194 8.8628e-01 1.0000e-12 5.2944e+04    115.000    34.9248    34.9157     5.4224    1469.85    27.6906    27.6831    1474.70 0.0000e+00
    117.137     4.3797     4.3823   3.288435   3.288281     2.1507    -0.3719     0.3629    34.9225 1.0600e+00 1.0000e-12 4.9990e+04    116.000    34.9238    34.9193     5.4168    1470.01    27.6859    27.6820    1474.66 0.0000e+00
    118.147     4.3857     4.3872   3.289065   3.288896     2.1496    -0.3710     0.3634    34.9239 6.2302e-01 1.0000e-12 6.6852e+04    117.000    34.9244    34.9207     5.4133    1470.06    27.6857    27.6827    1474.61 0.0000e+00
    119.157     4.3747     4.3759   3.287940   3.287806     2.1463    -0.3577     0.3629    34.9232 8.0445e-01 1.0000e-12 6.0805e+04    118.000    34.9222    34.9193     5.4046    1470.03    27.6852    27.6827    1474.58 0.0000e+00
    120.167     4.3629     4.3645   3.286952   3.286797     2.1432    -0.3661     0.3636    34.9230 6.4405e-01 1.0000e-12 6.5798e+04    119.000    34.9225    34.9189     5.3968    1469.99    27.6867    27.6837    1474.54 0.0000e+00
    121.177     4.3582     4.3601   3.286579   3.286433     2.1410    -0.3602     0.3680    34.9230 1.0873e+00 1.0000e-12 4.5932e+04    120.000    34.9225    34.9188     5.3910    1469.99    27.6873    27.6841    1474.50 0.0000e+00
    122.188     4.3558     4.3571   3.286237   3.286157     2.1383    -0.3624     0.3708    34.9226 8.9618e-01 1.0000e-12 5.2325e+04    121.000    34.9205    34.9182     5.3833    1469.99    27.6859    27.6839    1474.46 0.0000e+00
    123.198     4.3193     4.3194   3.282513   3.282375     2.1374    -0.3929     0.3767    34.9191 9.9488e-01 1.0000e-12 4.7178e+04    122.000    34.9147    34.9129     5.3865    1469.85    27.6852    27.6839    1474.43 0.0000e+00
    124.208     4.3073     4.3097   3.281677   3.281583     2.1367    -0.3928     0.3624    34.9188 6.8433e-01 1.0000e-12 6.3666e+04    123.000    34.9170    34.9133     5.3866    1469.82    27.6884    27.6852    1474.39 0.0000e+00
    125.218     4.2855     4.2855   3.279029   3.279085     2.1367    -0.3926     0.3629    34.9156 8.2985e-01 1.0000e-12 5.5940e+04    124.000    34.9083    34.9090     5.3907    1469.74    27.6839    27.6844    1474.35 0.0000e+00
    126.228     4.2555     4.2587   3.276504   3.276566     2.1376    -0.3774     0.3650    34.9142 9.4010e-01 1.0000e-12 5.0087e+04    125.000    34.9098    34.9071     5.3988    1469.63    27.6883    27.6858    1474.31 0.0000e+00
    127.238     4.2492     4.2513   3.276059   3.275908     2.1401    -0.3720     0.3677    34.9136 5.4883e-01 1.0000e-12 7.0860e+04    126.000    34.9107    34.9066     5.4088    1469.62    27.6897    27.6862    1474.27 0.0000e+00
    128.248     4.2413     4.2456   3.275244   3.275396     2.1426    -0.3329     0.3883    34.9119 8.4217e-01 1.0000e-12 5.5286e+04    127.000    34.9088    34.9060     5.4190    1469.61    27.6890    27.6864    1474.24 0.0000e+00
    129.258     4.1928     4.1917   3.269961   3.269845     2.1426    -0.3804     0.3640    34.9061 7.6560e-01 1.0000e-12 6.3136e+04    128.000    34.8972    34.8970     5.4273    1469.41    27.6850    27.6850    1474.20 0.0000e+00
    130.269     4.1465     4.1478   3.265648   3.265638     2.1440    -0.3910     0.3689    34.9022 9.8555e-01 1.0000e-12 5.2430e+04    129.000    34.8947    34.8932     5.4395    1469.23    27.6880    27.6866    1474.16 0.0000e+00
    131.279     4.1260     4.1277   3.263943   3.263785     2.1459    -0.3904     0.3725    34.9010 6.7375e-01 1.0000e-12 6.4361e+04    130.000    34.8958    34.8921     5.4495    1469.16    27.6910    27.6879    1474.12 0.0000e+00
    132.289     4.1256     4.1268   3.264233   3.263863     2.1471    -0.3905     0.3647    34.9017 1.1371e+00 1.0000e-12 3.9629e+04    131.000    34.8991    34.8934     5.4544    1469.18    27.6937    27.6890    1474.09 0.0000e+00
    133.299     4.1243     4.1316   3.263781   3.264333     2.1489    -0.3769     0.3629    34.9004 9.0247e-01 1.0000e-12 5.2084e+04    132.000    34.8946    34.8934     5.4615    1469.18    27.6903    27.6885    1474.05 0.0000e+00
    134.309     4.1182     4.1198   3.263490   3.263269     2.1501    -0.3695     0.3609    34.9004 8.6379e-01 1.0000e-12 5.4138e+04    133.000    34.8970    34.8928     5.4671    1469.18    27.6928    27.6893    1474.01 0.0000e+00
    135.319     4.1177     4.1202   3.263502   3.263381     2.1504    -0.3718     0.3612    34.9000 9.9725e-01 1.0000e-12 4.7052e+04    134.000    34.8971    34.8931     5.4688    1469.19    27.6930    27.6895    1473.98 0.0000e+00
    136.330     4.1170     4.1189   3.263489   3.263332     2.1529    -0.3543     0.3649    34.8998 7.2163e-01 1.0000e-12 6.5000e+04    135.000    34.8972    34.8933     5.4778    1469.21    27.6932    27.6898    1473.94 0.0000e+00
    137.340     4.1161     4.1178   3.263537   3.263329     2.1556    -0.3524     0.3947    34.8997 1.0240e+00 1.0000e-12 4.9502e+04    136.000    34.8981    34.8939     5.4876    1469.22    27.6940    27.6904    1473.91 0.0000e+00
    138.350     4.1214     4.1232   3.264135   3.263956     2.1572    -0.3673     0.3676    34.9006 8.5500e-01 1.0000e-12 5.4577e+04    137.000    34.8991    34.8950     5.4930    1469.26    27.6942    27.6908    1473.87 0.0000e+00
    139.360     4.1189     4.1212   3.263947   3.263852     2.1570    -0.3493     0.3678    34.9008 6.3016e-01 1.0000e-12 6.6542e+04    138.000    34.8990    34.8954     5.4935    1469.27    27.6943    27.6913    1473.84 0.0000e+00
    140.370     4.1153     4.1176   3.263666   3.263557     2.1570    -0.3891     0.3680    34.9004 6.5861e-01 1.0000e-12 6.5032e+04    139.000    34.8989    34.8952     5.4944    1469.27    27.6947    27.6915    1473.80 0.0000e+00
