Ship_data/Irminger/Irminger-4/ctd/process/dar21_007.cnv
* Sea-Bird SBE 9 Data File:
* FileName = D:\Data\AR21_007.hdr
* Software Version Seasave V 7.23.2
* Temperature SN = 4155
* Conductivity SN = 2645
* Number of Bytes Per Scan = 40
* Number of Voltage Words = 5
* Number of Scans Averaged by the Deck Unit = 1
* NMEA Latitude = 59 55.58 N
* NMEA Longitude = 039 30.97 W
* NMEA UTC (Time) = Aug 05 2017  20:24:20
# nquan = 21
# nvalues = 1500                        
# units = specified
# name 0 = prDM: Pressure, Digiquartz [db]
# name 1 = t090C: Temperature [ITS-90, deg C]
# name 2 = t190C: Temperature, 2 [ITS-90, deg C]
# name 3 = c0S/m: Conductivity [S/m]
# name 4 = c1S/m: Conductivity, 2 [S/m]
# name 5 = sbeox0V: Oxygen raw, SBE 43 [V]
# name 6 = flECO-AFL: Fluorescence, WET Labs ECO-AFL/FL [mg/m^3]
# name 7 = turbWETntu0: Turbidity, WET Labs ECO [NTU]
# name 8 = sal00: Salinity, Practical [PSU]
# name 9 = spar: SPAR/Surface Irradiance
# name 10 = par: PAR/Irradiance, Biospherical/Licor
# name 11 = cpar: CPAR/Corrected Irradiance [%]
# name 12 = depSM: Depth [salt water, m], lat = 59.9263
# name 13 = sal00: Salinity, Practical [PSU]
# name 14 = sal11: Salinity, Practical, 2 [PSU]
# name 15 = sbeox0ML/L: Oxygen, SBE 43 [ml/l], WS = 2
# name 16 = svCM: Sound Velocity [Chen-Millero, m/s]
# name 17 = sigma-é00: Density [sigma-theta, kg/m^3]
# name 18 = sigma-é11: Density, 2 [sigma-theta, kg/m^3]
# name 19 = avgsvCM: Average Sound Velocity [Chen-Millero, m/s], minP = 20, minS = 20
# name 20 = flag: flag
# span 0 =      3.029,   1521.823       
# span 1 =     3.3044,     8.5322       
# span 2 =     3.3033,     8.5335       
# span 3 =   3.233059,   3.651417       
# span 4 =   3.227012,   3.651159       
# span 5 =     1.5620,     2.4223       
# span 6 =    -0.4141,     0.6889       
# span 7 =     0.3387,     0.4307       
# span 8 =    34.7875,    34.9986       
# span 9 = 2.3672e-01, 2.5055e+00       
# span 10 = 1.0000e-12, 1.0000e-12      
# span 11 = -3.739e+02, 8.7431e+04      
# span 12 =      3.000,   1502.000      
# span 13 =    34.7721,    34.9983      
# span 14 =    34.7825,    34.9498      
# span 15 =     4.0003,     5.6735      
# span 16 =    1469.21,    1489.77      
# span 17 =    27.0293,    27.8450      
# span 18 =    27.0260,    27.7713      
# span 19 =       0.00,    1481.93      
# span 20 = 0.0000e+00, 0.0000e+00      
# interval = meters: 1                  
# start_time = Aug 05 2017 20:24:20 [NMEA time, header]
# bad_flag = -9.990e-29
*END*
[from data line 897]
    910.554     3.3875     3.3844   3.238300   3.229962     1.6442    -0.3739     0.3458    34.9616 1.7170e+00 1.0000e-12 2.2422e+04    900.000    34.9613    34.8646     4.2666    1478.97    27.8237    27.7469    1473.54 0.0000e+00
    911.568     3.3868     3.3839   3.238369   3.229950     1.6445    -0.3902     0.3525    34.9627 1.5239e+00 1.0000e-12 2.7204e+04    901.000    34.9624    34.8644     4.2684    1478.99    27.8246    27.7467    1473.55 0.0000e+00
    912.582     3.3951     3.3837   3.238467   3.229976     1.6436    -0.3826     0.3474    34.9540 1.4619e+00 1.0000e-12 3.6226e+04    902.000    34.9542    34.8645     4.2647    1479.03    27.8173    27.7468    1473.56 0.0000e+00
    913.596     3.4073     3.3836   3.238554   3.230021     1.6430    -0.4132     0.3461    34.9413 1.7030e+00 1.0000e-12 1.9124e+04    903.000    34.9416    34.8645     4.2619    1479.08    27.8061    27.7469    1473.56 0.0000e+00
    914.610     3.4015     3.3834   3.238487   3.230037     1.6428    -0.3952     0.3500    34.9464 1.4151e+00 1.0000e-12 3.1146e+04    904.000    34.9465    34.8645     4.2622    1479.08    27.8106    27.7469    1473.57 0.0000e+00
    915.624     3.3968     3.3826   3.238417   3.230001     1.6421    -0.3938     0.3511    34.9502 1.6255e+00 1.0000e-12 2.6810e+04    905.000    34.9502    34.8643     4.2608    1479.08    27.8140    27.7468    1473.57 0.0000e+00
    916.638     3.3932     3.3828   3.238376   3.230065     1.6418    -0.3938     0.3530    34.9531 1.5955e+00 1.0000e-12 2.3246e+04    906.000    34.9530    34.8644     4.2604    1479.09    27.8165    27.7469    1473.58 0.0000e+00
    917.652     3.3904     3.3814   3.238364   3.229962     1.6419    -0.3804     0.3531    34.9554 1.2782e+00 1.0000e-12 5.3939e+04    907.000    34.9553    34.8641     4.2618    1479.09    27.8186    27.7468    1473.59 0.0000e+00
    918.666     3.3882     3.3814   3.238370   3.230014     1.6421    -0.3742     0.3537    34.9574 2.0026e+00 1.0000e-12 5.3357e+03    908.000    34.9572    34.8642     4.2631    1479.10    27.8204    27.7469    1473.59 0.0000e+00
    919.680     3.3857     3.3814   3.238400   3.230056     1.6423    -0.3920     0.3551    34.9599 1.6977e+00 1.0000e-12 2.0441e+04    909.000    34.9597    34.8642     4.2645    1479.11    27.8227    27.7469    1473.60 0.0000e+00
    920.694     3.3839     3.3818   3.238489   3.230145     1.6432    -0.3937     0.3529    34.9624 1.6795e+00 1.0000e-12 1.9726e+04    910.000    34.9622    34.8642     4.2689    1479.13    27.8248    27.7469    1473.60 0.0000e+00
    921.708     3.3936     3.3823   3.238720   3.230229     1.6446    -0.3938     0.3510    34.9537 1.5133e+00 1.0000e-12 3.0270e+04    911.000    34.9540    34.8643     4.2739    1479.17    27.8174    27.7469    1473.61 0.0000e+00
    922.722     3.4119     3.3818   3.238929   3.230228     1.6463    -0.3938     0.3509    34.9359 1.8841e+00 1.0000e-12 1.8163e+04    912.000    34.9365    34.8642     4.2789    1479.24    27.8016    27.7469    1473.62 0.0000e+00
    923.736     3.4052     3.3817   3.238881   3.230261     1.6478    -0.3927     0.3471    34.9423 1.2544e+00 1.0000e-12 3.8931e+04    913.000    34.9425    34.8642     4.2857    1479.24    27.8071    27.7469    1473.62 0.0000e+00
    924.750     3.3986     3.3801   3.238811   3.230150     1.6487    -0.3927     0.3468    34.9482 1.3288e+00 1.0000e-12 3.5327e+04    914.000    34.9482    34.8640     4.2904    1479.24    27.8123    27.7469    1473.63 0.0000e+00
    925.764     3.3932     3.3790   3.238745   3.230095     1.6503    -0.3729     0.3550    34.9527 1.6497e+00 1.0000e-12 1.2381e+04    915.000    34.9526    34.8640     4.2975    1479.24    27.8163    27.7470    1473.63 0.0000e+00
    926.778     3.3893     3.3786   3.238723   3.230091     1.6511    -0.3733     0.3536    34.9562 1.8799e+00 1.0000e-12 1.4259e+04    916.000    34.9560    34.8639     4.3014    1479.24    27.8194    27.7469    1473.64 0.0000e+00
    927.792     3.3855     3.3790   3.238757   3.230168     1.6522    -0.3742     0.3519    34.9602 1.5009e+00 1.0000e-12 3.2856e+04    917.000    34.9600    34.8639     4.3064    1479.25    27.8230    27.7469    1473.65 0.0000e+00
    928.806     3.3829     3.3799   3.238804   3.230312     1.6528    -0.3736     0.3499    34.9630 1.6210e+00 1.0000e-12 2.7703e+04    918.000    34.9627    34.8640     4.3097    1479.26    27.8254    27.7470    1473.65 0.0000e+00
    929.820     3.3840     3.3806   3.238848   3.230430     1.6529    -0.4029     0.3497    34.9618 1.3127e+00 1.0000e-12 3.0413e+04    919.000    34.9615    34.8642     4.3105    1479.28    27.8244    27.7471    1473.66 0.0000e+00
    930.834     3.3864     3.3809   3.238851   3.230503     1.6529    -0.3989     0.3527    34.9586 1.3914e+00 1.0000e-12 3.9057e+04    920.000    34.9585    34.8643     4.3109    1479.30    27.8217    27.7471    1473.67 0.0000e+00
    931.848     3.3874     3.3811   3.238856   3.230560     1.6529    -0.3938     0.3517    34.9571 1.6930e+00 1.0000e-12 2.5097e+04    921.000    34.9570    34.8642     4.3114    1479.32    27.8204    27.7470    1473.67 0.0000e+00
    932.862     3.3873     3.3809   3.238888   3.230591     1.6523    -0.3938     0.3503    34.9570 1.8831e+00 1.0000e-12 1.6683e+04    922.000    34.9569    34.8642     4.3097    1479.34    27.8204    27.7470    1473.68 0.0000e+00
    933.876     3.3894     3.3805   3.238957   3.230584     1.6510    -0.3928     0.3475    34.9550 1.1894e+00 1.0000e-12 3.6730e+04    923.000    34.9550    34.8641     4.3053    1479.36    27.8187    27.7470    1473.68 0.0000e+00
    934.890     3.3956     3.3806   3.239002   3.230646     1.6496    -0.3821     0.3479    34.9483 1.8753e+00 1.0000e-12 1.8078e+04    924.000    34.9484    34.8642     4.2998    1479.39    27.8128    27.7471    1473.69 0.0000e+00
    935.904     3.3945     3.3798   3.238945   3.230603     1.6481    -0.3744     0.3480    34.9483 2.0779e+00 1.0000e-12 1.0667e+04    925.000    34.9483    34.8640     4.2947    1479.41    27.8129    27.7470    1473.70 0.0000e+00
    936.918     3.3914     3.3785   3.238881   3.230519     1.6470    -0.3743     0.3501    34.9505 1.6769e+00 1.0000e-12 3.3182e+04    926.000    34.9504    34.8639     4.2917    1479.41    27.8148    27.7470    1473.70 0.0000e+00
    937.932     3.3884     3.3767   3.238831   3.230384     1.6459    -0.3743     0.3533    34.9526 1.6488e+00 1.0000e-12 1.9189e+04    927.000    34.9525    34.8636     4.2884    1479.42    27.8168    27.7470    1473.71 0.0000e+00
    938.946     3.3856     3.3759   3.238808   3.230342     1.6449    -0.3859     0.3512    34.9548 2.0059e+00 1.0000e-12 1.3381e+04    928.000    34.9546    34.8634     4.2852    1479.43    27.8187    27.7469    1473.71 0.0000e+00
    939.960     3.3829     3.3753   3.238817   3.230335     1.6440    -0.3927     0.3480    34.9573 1.6873e+00 1.0000e-12 2.1004e+04    929.000    34.9571    34.8635     4.2830    1479.43    27.8210    27.7470    1473.72 0.0000e+00
    940.975     3.3801     3.3756   3.238877   3.230407     1.6433    -0.3883     0.3489    34.9604 1.7401e+00 1.0000e-12 2.9064e+04    930.000    34.9602    34.8634     4.2809    1479.44    27.8238    27.7470    1473.73 0.0000e+00
    941.989     3.3807     3.3749   3.239012   3.230379     1.6426    -0.3835     0.3540    34.9609 1.6851e+00 1.0000e-12 1.8391e+04    931.000    34.9608    34.8634     4.2788    1479.46    27.8242    27.7470    1473.73 0.0000e+00
    943.003     3.3922     3.3749   3.239139   3.230442     1.6421    -0.3773     0.3529    34.9492 1.5771e+00 1.0000e-12 2.5991e+04    932.000    34.9494    34.8635     4.2764    1479.51    27.8140    27.7471    1473.74 0.0000e+00
    944.017     3.3925     3.3756   3.239140   3.230550     1.6419    -0.3898     0.3500    34.9484 1.5074e+00 1.0000e-12 2.0047e+04    933.000    34.9486    34.8636     4.2763    1479.53    27.8133    27.7471    1473.74 0.0000e+00
    945.031     3.3894     3.3757   3.239121   3.230597     1.6419    -0.3763     0.3493    34.9511 1.7083e+00 1.0000e-12 2.7132e+04    934.000    34.9511    34.8635     4.2772    1479.54    27.8157    27.7471    1473.75 0.0000e+00
    946.045     3.3860     3.3753   3.239075   3.230607     1.6417    -0.3938     0.3502    34.9538 1.4133e+00 1.0000e-12 2.9993e+04    935.000    34.9537    34.8635     4.2774    1479.54    27.8180    27.7471    1473.76 0.0000e+00
    947.059     3.3835     3.3751   3.239037   3.230623     1.6409    -0.3938     0.3462    34.9556 1.5238e+00 1.0000e-12 2.3858e+04    936.000    34.9554    34.8635     4.2750    1479.55    27.8196    27.7471    1473.76 0.0000e+00
    948.073     3.3815     3.3747   3.239037   3.230633     1.6404    -0.3783     0.3490    34.9572 1.8846e+00 1.0000e-12 2.1044e+04    937.000    34.9570    34.8635     4.2738    1479.56    27.8211    27.7471    1473.77 0.0000e+00
    949.087     3.3797     3.3739   3.239035   3.230593     1.6400    -0.3844     0.3471    34.9586 1.6199e+00 1.0000e-12 1.4425e+04    938.000    34.9584    34.8632     4.2730    1479.57    27.8224    27.7471    1473.78 0.0000e+00
    950.101     3.3782     3.3722   3.239072   3.230471     1.6395    -0.3935     0.3463    34.9601 1.5577e+00 1.0000e-12 2.5734e+04    939.000    34.9599    34.8631     4.2720    1479.59    27.8238    27.7471    1473.78 0.0000e+00
    951.116     3.3769     3.3722   3.239129   3.230519     1.6390    -0.3931     0.3479    34.9616 1.5471e+00 1.0000e-12 3.5778e+04    940.000    34.9614    34.8631     4.2706    1479.60    27.8251    27.7472    1473.79 0.0000e+00
    952.130     3.3804     3.3719   3.239218   3.230542     1.6385    -0.3768     0.3496    34.9582 2.0050e+00 1.0000e-12 2.0226e+04    941.000    34.9582    34.8632     4.2691    1479.63    27.8222    27.7472    1473.79 0.0000e+00
    953.144     3.3884     3.3710   3.239292   3.230478     1.6383    -0.3891     0.3496    34.9499 1.3968e+00 1.0000e-12 2.4339e+04    942.000    34.9501    34.8629     4.2682    1479.67    27.8150    27.7471    1473.80 0.0000e+00
    954.158     3.3872     3.3701   3.239264   3.230444     1.6381    -0.3791     0.3503    34.9504 1.8092e+00 1.0000e-12 2.9223e+04    943.000    34.9505    34.8629     4.2680    1479.68    27.8154    27.7472    1473.81 0.0000e+00
    955.172     3.3831     3.3695   3.239213   3.230432     1.6378    -0.3941     0.3496    34.9538 1.7019e+00 1.0000e-12 1.8828e+04    944.000    34.9537    34.8629     4.2677    1479.68    27.8184    27.7472    1473.81 0.0000e+00
    956.186     3.3796     3.3688   3.239176   3.230400     1.6372    -0.3938     0.3459    34.9566 1.1651e+00 1.0000e-12 3.8126e+04    945.000    34.9564    34.8627     4.2665    1479.69    27.8209    27.7472    1473.82 0.0000e+00
    957.200     3.3768     3.3685   3.239153   3.230416     1.6363    -0.3938     0.3541    34.9588 1.3643e+00 1.0000e-12 3.3234e+04    946.000    34.9586    34.8627     4.2640    1479.70    27.8229    27.7472    1473.83 0.0000e+00
    958.215     3.3744     3.3685   3.239145   3.230457     1.6358    -0.3938     0.3504    34.9608 1.5080e+00 1.0000e-12 2.9973e+04    947.000    34.9606    34.8626     4.2630    1479.71    27.8247    27.7472    1473.83 0.0000e+00
    959.229     3.3726     3.3688   3.239156   3.230520     1.6347    -0.3938     0.3498    34.9624 1.6873e+00 1.0000e-12 2.1615e+04    948.000    34.9621    34.8626     4.2596    1479.72    27.8261    27.7471    1473.84 0.0000e+00
    960.243     3.3714     3.3679   3.239189   3.230481     1.6349    -0.3938     0.3476    34.9635 1.4736e+00 1.0000e-12 3.4810e+04    949.000    34.9632    34.8625     4.2608    1479.73    27.8272    27.7471    1473.84 0.0000e+00
    961.257     3.3707     3.3668   3.239237   3.230422     1.6346    -0.3938     0.3482    34.9643 1.8034e+00 1.0000e-12 1.6757e+04    950.000    34.9640    34.8625     4.2605    1479.74    27.8279    27.7472    1473.85 0.0000e+00
    962.271     3.3710     3.3673   3.239288   3.230509     1.6346    -0.3938     0.3516    34.9640 1.5792e+00 1.0000e-12 2.8148e+04    951.000    34.9638    34.8625     4.2610    1479.76    27.8276    27.7472    1473.86 0.0000e+00
    963.285     3.3734     3.3672   3.239357   3.230541     1.6346    -0.3931     0.3486    34.9617 1.8186e+00 1.0000e-12 1.7237e+04    952.000    34.9616    34.8624     4.2614    1479.79    27.8257    27.7472    1473.86 0.0000e+00
    964.300     3.3783     3.3645   3.239434   3.230275     1.6346    -0.3911     0.3486    34.9566 1.5176e+00 1.0000e-12 2.1765e+04    953.000    34.9567    34.8616     4.2615    1479.82    27.8213    27.7467    1473.87 0.0000e+00
    965.314     3.3835     3.3634   3.239469   3.230247     1.6346    -0.3724     0.3468    34.9509 1.5609e+00 1.0000e-12 2.7990e+04    954.000    34.9510    34.8619     4.2616    1479.85    27.8163    27.7471    1473.87 0.0000e+00
    966.328     3.3810     3.3633   3.239389   3.230283     1.6343    -0.3784     0.3487    34.9522 1.7855e+00 1.0000e-12 2.1018e+04    955.000    34.9522    34.8619     4.2610    1479.86    27.8175    27.7471    1473.88 0.0000e+00
    967.342     3.3771     3.3630   3.239316   3.230289     1.6336    -0.3936     0.3492    34.9551 1.3857e+00 1.0000e-12 3.3197e+04    956.000    34.9550    34.8618     4.2594    1479.86    27.8201    27.7471    1473.89 0.0000e+00
    968.356     3.3736     3.3630   3.239265   3.230334     1.6334    -0.3938     0.3492    34.9578 1.7505e+00 1.0000e-12 3.3333e+04    957.000    34.9576    34.8618     4.2597    1479.87    27.8225    27.7471    1473.89 0.0000e+00
    969.371     3.3709     3.3626   3.239239   3.230341     1.6332    -0.3925     0.3492    34.9598 1.5153e+00 1.0000e-12 2.6892e+04    958.000    34.9596    34.8617     4.2597    1479.87    27.8244    27.7471    1473.90 0.0000e+00
    970.385     3.3683     3.3620   3.239272   3.230321     1.6327    -0.3737     0.3533    34.9625 1.8753e+00 1.0000e-12 1.0877e+04    959.000    34.9623    34.8617     4.2587    1479.88    27.8268    27.7471    1473.91 0.0000e+00
    971.399     3.3653     3.3617   3.239348   3.230332     1.6325    -0.3842     0.3510    34.9661 1.6624e+00 1.0000e-12 2.5582e+04    960.000    34.9659    34.8615     4.2586    1479.89    27.8299    27.7470    1473.91 0.0000e+00
    972.413     3.3725     3.3604   3.239527   3.230243     1.6314    -0.3941     0.3495    34.9596 1.5918e+00 1.0000e-12 2.6936e+04    961.000    34.9598    34.8614     4.2543    1479.93    27.8244    27.7470    1473.92 0.0000e+00
    973.428     3.3826     3.3593   3.239603   3.230180     1.6312    -0.3938     0.3503    34.9492 1.9832e+00 1.0000e-12 1.0502e+04    962.000    34.9495    34.8613     4.2532    1479.98    27.8152    27.7471    1473.92 0.0000e+00
    974.442     3.3775     3.3584   3.239545   3.230147     1.6312    -0.3938     0.3482    34.9535 2.0091e+00 1.0000e-12 6.6586e+03    963.000    34.9536    34.8613     4.2541    1479.98    27.8190    27.7471    1473.93 0.0000e+00
    975.456     3.3730     3.3583   3.239467   3.230176     1.6321    -0.3938     0.3498    34.9571 1.6335e+00 1.0000e-12 3.9900e+04    964.000    34.9570    34.8612     4.2586    1479.98    27.8221    27.7472    1473.94 0.0000e+00
    976.470     3.3696     3.3581   3.239422   3.230197     1.6322    -0.3938     0.3486    34.9597 1.4793e+00 1.0000e-12 2.8528e+04    965.000    34.9595    34.8611     4.2598    1479.99    27.8245    27.7471    1473.94 0.0000e+00
    977.484     3.3669     3.3578   3.239434   3.230209     1.6330    -0.3938     0.3485    34.9622 1.3287e+00 1.0000e-12 2.9416e+04    966.000    34.9621    34.8610     4.2640    1479.99    27.8268    27.7470    1473.95 0.0000e+00
    978.499     3.3636     3.3575   3.239484   3.230226     1.6338    -0.3938     0.3493    34.9658 1.7754e+00 1.0000e-12 2.4370e+04    967.000    34.9656    34.8610     4.2678    1480.00    27.8300    27.7471    1473.96 0.0000e+00
