Ship_data/Irminger/Irminger-4/ctd/process/dar21_005.cnv
* Sea-Bird SBE 9 Data File:
* FileName = D:\Data\AR21_005.hdr
* Software Version Seasave V 7.23.2
* Temperature SN = 4155
* Conductivity SN = 2645
* Number of Bytes Per Scan = 40
* Number of Voltage Words = 5
* Number of Scans Averaged by the Deck Unit = 1
* NMEA Latitude = 50 47.19 N
* NMEA Longitude = 047 19.09 W
* NMEA UTC (Time) = Aug 02 2017  17:41:30
# nquan = 21
# nvalues = 1003                        
# units = specified
# name 0 = prDM: Pressure, Digiquartz [db]
# name 1 = t090C: Temperature [ITS-90, deg C]
# name 2 = t190C: Temperature, 2 [ITS-90, deg C]
# name 3 = c0S/m: Conductivity [S/m]
# name 4 = c1S/m: Conductivity, 2 [S/m]
# name 5 = sbeox0V: Oxygen raw, SBE 43 [V]
# name 6 = flECO-AFL: Fluorescence, WET Labs ECO-AFL/FL [mg/m^3]
# name 7 = turbWETntu0: Turbidity, WET Labs ECO [NTU]
# name 8 = sal00: Salinity, Practical [PSU]
# name 9 = spar: SPAR/Surface Irradiance
# name 10 = par: PAR/Irradiance, Biospherical/Licor
# name 11 = cpar: CPAR/Corrected Irradiance [%]
# name 12 = depSM: Depth [salt water, m], lat = 50.7865
# name 13 = sal00: Salinity, Practical [PSU]
# name 14 = sal11: Salinity, Practical, 2 [PSU]
# name 15 = sbeox0ML/L: Oxygen, SBE 43 [ml/l], WS = 2
# name 16 = svCM: Sound Velocity [Chen-Millero, m/s]
# name 17 = sigma-é00: Density [sigma-theta, kg/m^3]
# name 18 = sigma-é11: Density, 2 [sigma-theta, kg/m^3]
# name 19 = avgsvCM: Average Sound Velocity [Chen-Millero, m/s], minP = 20, minS = 20
# name 20 = flag: flag
# span 0 =      4.035,   1017.257       
# span 1 =     3.1944,    10.9374       
# span 2 =     3.1959,    10.9164       
# span 3 =   3.161105,   3.780334       
# span 4 =   3.161106,   3.778175       
# span 5 =     1.5594,     2.4779       
# span 6 =    -0.4144,     2.4342       
# span 7 =     0.3438,     0.5410       
# span 8 =    33.8186,    34.9347       
# span 9 = 1.7428e-03, 1.8880e+00       
# span 10 = 1.0000e-12, 1.0000e-12      
# span 11 = 1.1447e+04, 9.9930e+04      
# span 12 =      4.000,   1006.000      
# span 13 =    33.8076,    34.9339      
# span 14 =    33.8136,    34.8703      
# span 15 =     3.8757,     5.8436      
# span 16 =    1464.17,    1491.80      
# span 17 =    25.8692,    27.7985      
# span 18 =    25.8706,    27.7518      
# span 19 =       0.00,    1488.41      
# span 20 = 0.0000e+00, 0.0000e+00      
# interval = meters: 1                  
# start_time = Aug 02 2017 17:41:30 [NMEA time, header]
# bad_flag = -9.990e-29
*END*
[from data line 897]
    910.850     3.3471     3.3466   3.230430   3.226471     1.6233    -0.3742     0.3487    34.9099 8.1179e-01 1.0000e-12 5.6899e+04    901.000    34.9098    34.8628     4.1944    1478.74    27.7865    27.7490    1472.16 0.0000e+00
    911.864     3.3503     3.3470   3.230516   3.226521     1.6201    -0.3815     0.3493    34.9069 4.7347e-01 1.0000e-12 7.6611e+04    902.000    34.9070    34.8624     4.1827    1478.77    27.7839    27.7487    1472.17 0.0000e+00
    912.877     3.3675     3.3466   3.230726   3.226573     1.6227    -0.3690     0.3514    34.8898 9.5481e-01 1.0000e-12 5.5726e+04    903.000    34.8905    34.8629     4.1912    1478.83    27.7692    27.7491    1472.17 0.0000e+00
    913.890     3.3745     3.3516   3.230782   3.227141     1.6265    -0.3704     0.3535    34.8824 6.1875e-01 1.0000e-12 6.6967e+04    904.000    34.8832    34.8639     4.2056    1478.87    27.7626    27.7495    1472.18 0.0000e+00
    914.903     3.3712     3.3545   3.230762   3.227464     1.6294    -0.3910     0.3531    34.8855 5.7910e-01 1.0000e-12 6.9253e+04    905.000    34.8860    34.8642     4.2173    1478.88    27.7652    27.7494    1472.19 0.0000e+00
    915.916     3.3679     3.3553   3.230737   3.227590     1.6323    -0.3924     0.3535    34.8882 5.7953e-01 1.0000e-12 6.9230e+04    906.000    34.8887    34.8644     4.2292    1478.88    27.7677    27.7495    1472.19 0.0000e+00
    916.929     3.3649     3.3578   3.230734   3.227897     1.6348    -0.3726     0.3485    34.8910 2.6486e-01 1.0000e-12 8.5937e+04    907.000    34.8913    34.8648     4.2394    1478.89    27.7701    27.7496    1472.20 0.0000e+00
    917.942     3.3623     3.3600   3.230747   3.228157     1.6371    -0.3802     0.3485    34.8936 8.1161e-01 1.0000e-12 6.3019e+04    908.000    34.8938    34.8651     4.2489    1478.90    27.7723    27.7497    1472.21 0.0000e+00
    918.956     3.3602     3.3618   3.230774   3.228399     1.6392    -0.3949     0.3489    34.8956 5.5282e-01 1.0000e-12 7.0969e+04    909.000    34.8958    34.8655     4.2577    1478.91    27.7741    27.7498    1472.22 0.0000e+00
    919.969     3.3581     3.3593   3.230473   3.228150     1.6428    -0.3881     0.3500    34.8941 5.1054e-01 1.0000e-12 7.2893e+04    910.000    34.8939    34.8647     4.2719    1478.92    27.7728    27.7494    1472.23 0.0000e+00
    920.982     3.3564     3.3614   3.230037   3.228434     1.6368    -0.3929     0.3532    34.8896 8.5392e-01 1.0000e-12 5.4662e+04    911.000    34.8899    34.8653     4.2504    1478.92    27.7697    27.7497    1472.23 0.0000e+00
    921.995     3.3575     3.3545   3.230294   3.227775     1.6356    -0.3799     0.3496    34.8912 5.3549e-01 1.0000e-12 7.4125e+04    912.000    34.8913    34.8642     4.2463    1478.94    27.7708    27.7495    1472.24 0.0000e+00
    923.008     3.3579     3.3496   3.230350   3.227324     1.6345    -0.3932     0.3495    34.8909 9.9039e-01 1.0000e-12 4.7373e+04    913.000    34.8910    34.8635     4.2424    1478.96    27.7705    27.7494    1472.25 0.0000e+00
    924.022     3.3560     3.3494   3.230342   3.227354     1.6331    -0.3966     0.3506    34.8925 7.1671e-01 1.0000e-12 6.6723e+04    914.000    34.8924    34.8635     4.2378    1478.97    27.7718    27.7494    1472.25 0.0000e+00
    925.035     3.3536     3.3495   3.230320   3.227408     1.6309    -0.4077     0.3523    34.8942 8.6480e-01 1.0000e-12 5.4226e+04    915.000    34.8941    34.8635     4.2303    1478.98    27.7735    27.7494    1472.26 0.0000e+00
    926.048     3.3503     3.3511   3.230161   3.227584     1.6137    -0.3818     0.3467    34.8956 7.2048e-01 1.0000e-12 6.4136e+04    916.000    34.8953    34.8635     4.1665    1478.98    27.7747    27.7493    1472.27 0.0000e+00
    927.061     3.3501     3.3564   3.228746   3.228228     1.6124    -0.3743     0.3531    34.8782 5.5511e-01 1.0000e-12 7.0539e+04    917.000    34.8780    34.8650     4.1626    1478.98    27.7609    27.7500    1472.27 0.0000e+00
    928.074     3.3512     3.3558   3.228773   3.228163     1.6241    -0.3938     0.3531    34.8765 1.3450e+00 1.0000e-12 3.5729e+04    918.000    34.8766    34.8643     4.2074    1479.00    27.7597    27.7495    1472.28 0.0000e+00
    929.088     3.3522     3.3476   3.228860   3.227432     1.6374    -0.3925     0.3515    34.8759 8.8548e-01 1.0000e-12 5.3087e+04    919.000    34.8760    34.8638     4.2579    1479.02    27.7591    27.7499    1472.29 0.0000e+00
    930.101     3.3517     3.3470   3.228932   3.227419     1.6510    -0.3938     0.3493    34.8768 7.5796e-01 1.0000e-12 5.9757e+04    920.000    34.8769    34.8637     4.3099    1479.03    27.7599    27.7498    1472.30 0.0000e+00
    931.114     3.3507     3.3481   3.229035   3.227574     1.6655    -0.3757     0.3495    34.8785 1.3748e+00 1.0000e-12 3.2162e+04    921.000    34.8786    34.8638     4.3653    1479.05    27.7614    27.7499    1472.30 0.0000e+00
    932.127     3.3499     3.3520   3.229047   3.227976     1.7027    -0.3858     0.3494    34.8792 6.6344e-01 1.0000e-12 6.3827e+04    922.000    34.8791    34.8641     4.5064    1479.06    27.7619    27.7497    1472.31 0.0000e+00
    933.141     3.3517     3.3508   3.228616   3.227931     1.7406    -0.3934     0.3486    34.8714 1.0042e+00 1.0000e-12 5.4056e+04    923.000    34.8715    34.8643     4.6505    1479.08    27.7557    27.7500    1472.32 0.0000e+00
    934.154     3.3509     3.3512   3.228673   3.228040     1.7452    -0.3938     0.3486    34.8724 4.9520e-01 1.0000e-12 7.4052e+04    924.000    34.8725    34.8646     4.6685    1479.09    27.7565    27.7502    1472.33 0.0000e+00
    935.167     3.3505     3.3520   3.228757   3.228163     1.7464    -0.3938     0.3493    34.8734 7.1360e-01 1.0000e-12 6.2112e+04    925.000    34.8735    34.8648     4.6735    1479.11    27.7574    27.7503    1472.33 0.0000e+00
    936.180     3.3504     3.3554   3.228829   3.228556     1.7468    -0.3750     0.3490    34.8737 4.4614e-01 1.0000e-12 7.6312e+04    926.000    34.8739    34.8652     4.6756    1479.13    27.7577    27.7503    1472.34 0.0000e+00
    937.194     3.3505     3.3554   3.228929   3.228577     1.7454    -0.3824     0.3489    34.8744 8.9620e-01 1.0000e-12 5.2417e+04    927.000    34.8745    34.8650     4.6711    1479.14    27.7582    27.7501    1472.35 0.0000e+00
    938.207     3.3515     3.3550   3.228837   3.228556     1.7594    -0.3980     0.3489    34.8717 6.7890e-01 1.0000e-12 6.8606e+04    928.000    34.8718    34.8647     4.7244    1479.16    27.7559    27.7499    1472.36 0.0000e+00
    939.220     3.3508     3.3552   3.228719   3.228674     1.7814    -0.3938     0.3504    34.8702 1.0255e+00 1.0000e-12 4.5574e+04    929.000    34.8706    34.8653     4.8085    1479.17    27.7550    27.7504    1472.36 0.0000e+00
    940.233     3.3509     3.3575   3.228849   3.228936     1.7826    -0.3938     0.3483    34.8712 3.6531e-01 1.0000e-12 8.0604e+04    930.000    34.8714    34.8655     4.8135    1479.19    27.7557    27.7504    1472.37 0.0000e+00
    941.247     3.3509     3.3577   3.228950   3.228999     1.7820    -0.3938     0.3494    34.8720 6.2194e-01 1.0000e-12 6.6978e+04    931.000    34.8721    34.8655     4.8119    1479.21    27.7563    27.7503    1472.38 0.0000e+00
    942.260     3.3511     3.3569   3.229025   3.228945     1.7809    -0.3876     0.3501    34.8723 5.0791e-01 1.0000e-12 7.3033e+04    932.000    34.8723    34.8652     4.8084    1479.23    27.7564    27.7502    1472.38 0.0000e+00
    943.273     3.3530     3.3564   3.229022   3.228928     1.7798    -0.3829     0.3530    34.8697 7.3432e-01 1.0000e-12 6.2957e+04    933.000    34.8697    34.8650     4.8047    1479.25    27.7541    27.7501    1472.39 0.0000e+00
    944.287     3.3539     3.3572   3.229016   3.229063     1.7983    -0.3821     0.3482    34.8678 9.4236e-01 1.0000e-12 4.9962e+04    934.000    34.8682    34.8652     4.8753    1479.27    27.7529    27.7502    1472.40 0.0000e+00
    945.300     3.3540     3.3560   3.229155   3.228977     1.7952    -0.3709     0.3490    34.8689 5.6687e-01 1.0000e-12 6.9902e+04    935.000    34.8691    34.8650     4.8641    1479.29    27.7536    27.7501    1472.41 0.0000e+00
    946.313     3.3539     3.3539   3.229244   3.228824     1.7907    -0.3881     0.3485    34.8697 4.2080e-01 1.0000e-12 7.7657e+04    936.000    34.8698    34.8648     4.8475    1479.30    27.7542    27.7502    1472.41 0.0000e+00
    947.326     3.3525     3.3514   3.229296   3.228587     1.7718    -0.3879     0.3514    34.8714 6.2286e-01 1.0000e-12 6.9282e+04    937.000    34.8714    34.8641     4.7769    1479.32    27.7556    27.7499    1472.42 0.0000e+00
    948.340     3.3547     3.3565   3.229292   3.229155     1.7661    -0.3938     0.3497    34.8683 7.7603e-01 1.0000e-12 5.8791e+04    938.000    34.8685    34.8649     4.7559    1479.34    27.7531    27.7501    1472.43 0.0000e+00
    949.353     3.3549     3.3457   3.229391   3.228116     1.7651    -0.3731     0.3490    34.8688 1.1787e+00 1.0000e-12 3.7421e+04    939.000    34.8690    34.8635     4.7526    1479.36    27.7535    27.7499    1472.44 0.0000e+00
    950.366     3.3551     3.3430   3.229480   3.227925     1.7633    -0.3813     0.3494    34.8692 4.9374e-01 1.0000e-12 7.3785e+04    940.000    34.8693    34.8635     4.7462    1479.37    27.7537    27.7502    1472.44 0.0000e+00
    951.380     3.3549     3.3433   3.229538   3.227988     1.7600    -0.3935     0.3491    34.8695 6.5931e-01 1.0000e-12 6.4995e+04    941.000    34.8696    34.8634     4.7344    1479.39    27.7540    27.7501    1472.45 0.0000e+00
    952.393     3.3527     3.3430   3.229582   3.228005     1.7544    -0.3750     0.3496    34.8720 6.2915e-01 1.0000e-12 7.0613e+04    942.000    34.8720    34.8634     4.7143    1479.40    27.7561    27.7501    1472.46 0.0000e+00
    953.406     3.3499     3.3464   3.229236   3.228377     1.7602    -0.3932     0.3497    34.8702 5.7726e-01 1.0000e-12 6.9155e+04    943.000    34.8703    34.8637     4.7371    1479.40    27.7550    27.7501    1472.47 0.0000e+00
    954.420     3.3496     3.3495   3.229314   3.228789     1.7607    -0.3882     0.3503    34.8710 6.7234e-01 1.0000e-12 6.4303e+04    944.000    34.8711    34.8648     4.7395    1479.42    27.7557    27.7507    1472.47 0.0000e+00
    955.433     3.3507     3.3507   3.229387   3.228940     1.7589    -0.3746     0.3510    34.8701 8.0370e-01 1.0000e-12 5.7328e+04    945.000    34.8702    34.8648     4.7333    1479.44    27.7549    27.7506    1472.48 0.0000e+00
    956.446     3.3513     3.3507   3.229451   3.228982     1.7558    -0.3743     0.3492    34.8698 7.0987e-01 1.0000e-12 6.8339e+04    946.000    34.8698    34.8648     4.7220    1479.46    27.7545    27.7506    1472.49 0.0000e+00
    957.460     3.3498     3.3504   3.229367   3.228960     1.7534    -0.3786     0.3507    34.8700 9.9031e-01 1.0000e-12 5.2688e+04    947.000    34.8699    34.8643     4.7140    1479.47    27.7548    27.7502    1472.50 0.0000e+00
    958.473     3.3481     3.3505   3.229244   3.229021     1.7895    -0.3865     0.3496    34.8695 7.0568e-01 1.0000e-12 6.2521e+04    948.000    34.8697    34.8644     4.8519    1479.48    27.7548    27.7503    1472.50 0.0000e+00
    959.487     3.3484     3.3463   3.229382   3.228648     1.7960    -0.3773     0.3497    34.8705 8.2413e-01 1.0000e-12 5.6244e+04    949.000    34.8705    34.8639     4.8771    1479.50    27.7554    27.7503    1472.51 0.0000e+00
    960.500     3.3484     3.3430   3.229451   3.228377     1.7943    -0.3921     0.3522    34.8707 6.9938e-01 1.0000e-12 6.6516e+04    950.000    34.8708    34.8637     4.8712    1479.52    27.7556    27.7504    1472.52 0.0000e+00
    961.513     3.3477     3.3451   3.229521   3.228642     1.7862    -0.3822     0.3513    34.8719 9.2746e-01 1.0000e-12 5.6859e+04    951.000    34.8719    34.8641     4.8411    1479.53    27.7565    27.7506    1472.52 0.0000e+00
    962.527     3.3444     3.3446   3.229413   3.228600     1.7499    -0.3782     0.3482    34.8737 4.7133e-01 1.0000e-12 7.3160e+04    952.000    34.8736    34.8635     4.7042    1479.54    27.7582    27.7502    1472.53 0.0000e+00
    963.540     3.3435     3.3460   3.229177   3.228821     1.7363    -0.3937     0.3469    34.8712 4.1970e-01 1.0000e-12 7.7716e+04    953.000    34.8711    34.8642     4.6537    1479.55    27.7564    27.7506    1472.54 0.0000e+00
    964.553     3.3436     3.3436   3.229237   3.228610     1.7421    -0.3885     0.3482    34.8713 5.0370e-01 1.0000e-12 7.3256e+04    954.000    34.8713    34.8637     4.6764    1479.56    27.7565    27.7504    1472.55 0.0000e+00
    965.567     3.3438     3.3422   3.229306   3.228516     1.7475    -0.3742     0.3580    34.8713 5.2330e-01 1.0000e-12 7.2216e+04    955.000    34.8713    34.8636     4.6972    1479.58    27.7565    27.7505    1472.55 0.0000e+00
    966.580     3.3437     3.3423   3.229383   3.228565     1.7512    -0.3889     0.3472    34.8719 3.2461e-01 1.0000e-12 8.2765e+04    956.000    34.8719    34.8635     4.7120    1479.60    27.7570    27.7504    1472.56 0.0000e+00
    967.594     3.3418     3.3438   3.229258   3.228753     1.7342    -0.3758     0.3512    34.8720 8.8554e-01 1.0000e-12 5.2984e+04    957.000    34.8719    34.8636     4.6483    1479.61    27.7571    27.7504    1472.57 0.0000e+00
    968.607     3.3411     3.3438   3.229215   3.228815     1.7311    -0.3800     0.3474    34.8716 7.2873e-01 1.0000e-12 6.1309e+04    958.000    34.8716    34.8639     4.6372    1479.62    27.7570    27.7506    1472.58 0.0000e+00
    969.620     3.3413     3.3446   3.229303   3.228939     1.7312    -0.3804     0.3453    34.8718 9.4214e-01 1.0000e-12 6.0524e+04    959.000    34.8718    34.8640     4.6382    1479.64    27.7572    27.7506    1472.58 0.0000e+00
    970.634     3.3417     3.3446   3.229407   3.228986     1.7292    -0.3870     0.3465    34.8722 4.6175e-01 1.0000e-12 7.5280e+04    960.000    34.8722    34.8640     4.6311    1479.66    27.7574    27.7506    1472.59 0.0000e+00
    971.647     3.3419     3.3451   3.229469   3.229085     1.7253    -0.3775     0.3495    34.8721 5.4162e-01 1.0000e-12 7.1243e+04    961.000    34.8721    34.8641     4.6169    1479.67    27.7574    27.7507    1472.60 0.0000e+00
    972.661     3.3430     3.3457   3.229482   3.229170     1.7106    -0.3932     0.3491    34.8706 6.1271e-01 1.0000e-12 6.8495e+04    962.000    34.8706    34.8640     4.5614    1479.69    27.7561    27.7506    1472.61 0.0000e+00
    973.674     3.3438     3.3458   3.229298   3.229254     1.7069    -0.3938     0.3492    34.8669 1.1212e+00 1.0000e-12 4.0491e+04    963.000    34.8670    34.8643     4.5479    1479.71    27.7531    27.7508    1472.61 0.0000e+00
    974.688     3.3440     3.3469   3.229373   3.229416     1.7157    -0.3788     0.3486    34.8671 5.4972e-01 1.0000e-12 7.0813e+04    964.000    34.8672    34.8646     4.5821    1479.73    27.7533    27.7509    1472.62 0.0000e+00
    975.701     3.3441     3.3477   3.229429   3.229549     1.7262    -0.3741     0.3489    34.8671 3.9869e-01 1.0000e-12 7.8831e+04    965.000    34.8672    34.8648     4.6225    1479.74    27.7533    27.7510    1472.63 0.0000e+00
    976.715     3.3444     3.3474   3.229506   3.229550     1.7362    -0.3743     0.3495    34.8672 3.9623e-01 1.0000e-12 7.8962e+04    966.000    34.8673    34.8647     4.6613    1479.76    27.7533    27.7509    1472.63 0.0000e+00
    977.728     3.3454     3.3477   3.229587   3.229607     1.7548    -0.3847     0.3465    34.8667 6.3370e-01 1.0000e-12 7.1671e+04    967.000    34.8667    34.8645     4.7324    1479.78    27.7528    27.7508    1472.64 0.0000e+00
    978.741     3.3457     3.3477   3.229684   3.229676     1.7706    -0.3876     0.3462    34.8669 5.9479e-01 1.0000e-12 6.8427e+04    968.000    34.8670    34.8648     4.7930    1479.80    27.7529    27.7510    1472.65 0.0000e+00
