Ship_data/Irminger/Irminger-4/ctd/process/dar21_007.cnv
* Sea-Bird SBE 9 Data File:
* FileName = D:\Data\AR21_007.hdr
* Software Version Seasave V 7.23.2
* Temperature SN = 4155
* Conductivity SN = 2645
* Number of Bytes Per Scan = 40
* Number of Voltage Words = 5
* Number of Scans Averaged by the Deck Unit = 1
* NMEA Latitude = 59 55.58 N
* NMEA Longitude = 039 30.97 W
* NMEA UTC (Time) = Aug 05 2017  20:24:20
# nquan = 21
# nvalues = 1500                        
# units = specified
# name 0 = prDM: Pressure, Digiquartz [db]
# name 1 = t090C: Temperature [ITS-90, deg C]
# name 2 = t190C: Temperature, 2 [ITS-90, deg C]
# name 3 = c0S/m: Conductivity [S/m]
# name 4 = c1S/m: Conductivity, 2 [S/m]
# name 5 = sbeox0V: Oxygen raw, SBE 43 [V]
# name 6 = flECO-AFL: Fluorescence, WET Labs ECO-AFL/FL [mg/m^3]
# name 7 = turbWETntu0: Turbidity, WET Labs ECO [NTU]
# name 8 = sal00: Salinity, Practical [PSU]
# name 9 = spar: SPAR/Surface Irradiance
# name 10 = par: PAR/Irradiance, Biospherical/Licor
# name 11 = cpar: CPAR/Corrected Irradiance [%]
# name 12 = depSM: Depth [salt water, m], lat = 59.9263
# name 13 = sal00: Salinity, Practical [PSU]
# name 14 = sal11: Salinity, Practical, 2 [PSU]
# name 15 = sbeox0ML/L: Oxygen, SBE 43 [ml/l], WS = 2
# name 16 = svCM: Sound Velocity [Chen-Millero, m/s]
# name 17 = sigma-é00: Density [sigma-theta, kg/m^3]
# name 18 = sigma-é11: Density, 2 [sigma-theta, kg/m^3]
# name 19 = avgsvCM: Average Sound Velocity [Chen-Millero, m/s], minP = 20, minS = 20
# name 20 = flag: flag
# span 0 =      3.029,   1521.823       
# span 1 =     3.3044,     8.5322       
# span 2 =     3.3033,     8.5335       
# span 3 =   3.233059,   3.651417       
# span 4 =   3.227012,   3.651159       
# span 5 =     1.5620,     2.4223       
# span 6 =    -0.4141,     0.6889       
# span 7 =     0.3387,     0.4307       
# span 8 =    34.7875,    34.9986       
# span 9 = 2.3672e-01, 2.5055e+00       
# span 10 = 1.0000e-12, 1.0000e-12      
# span 11 = -3.739e+02, 8.7431e+04      
# span 12 =      3.000,   1502.000      
# span 13 =    34.7721,    34.9983      
# span 14 =    34.7825,    34.9498      
# span 15 =     4.0003,     5.6735      
# span 16 =    1469.21,    1489.77      
# span 17 =    27.0293,    27.8450      
# span 18 =    27.0260,    27.7713      
# span 19 =       0.00,    1481.93      
# span 20 = 0.0000e+00, 0.0000e+00      
# interval = meters: 1                  
# start_time = Aug 05 2017 20:24:20 [NMEA time, header]
# bad_flag = -9.990e-29
*END*
[from data line 1104]
   1120.543     3.3241     3.3174   3.241859   3.232306     1.6200    -0.3938     0.3506    34.9628 1.6345e+00 1.0000e-12 2.9420e+04   1107.000    34.9628    34.8554     4.2990    1482.19    27.8325    27.7474    1474.86 0.0000e+00
   1121.558     3.3297     3.3172   3.241918   3.232331     1.6207    -0.3938     0.3480    34.9569 1.3920e+00 1.0000e-12 2.6084e+04   1108.000    34.9570    34.8553     4.3016    1482.22    27.8274    27.7474    1474.86 0.0000e+00
   1122.573     3.3288     3.3162   3.241906   3.232271     1.6212    -0.3866     0.3506    34.9572 1.5673e+00 1.0000e-12 2.5014e+04   1109.000    34.9573    34.8552     4.3044    1482.23    27.8277    27.7474    1474.87 0.0000e+00
   1123.588     3.3264     3.3155   3.241914   3.232255     1.6213    -0.3823     0.3445    34.9595 1.3293e+00 1.0000e-12 3.3200e+04   1110.000    34.9594    34.8552     4.3056    1482.24    27.8297    27.7475    1474.88 0.0000e+00
   1124.603     3.3247     3.3150   3.241929   3.232248     1.6211    -0.3812     0.3452    34.9609 1.6441e+00 1.0000e-12 2.2457e+04   1111.000    34.9608    34.8551     4.3054    1482.25    27.8310    27.7475    1474.88 0.0000e+00
   1125.617     3.3250     3.3150   3.241917   3.232293     1.6210    -0.3879     0.3451    34.9600 1.6260e+00 1.0000e-12 2.7491e+04   1112.000    34.9599    34.8551     4.3057    1482.27    27.8301    27.7475    1474.89 0.0000e+00
   1126.632     3.3245     3.3151   3.241866   3.232343     1.6204    -0.3818     0.3448    34.9594 1.6988e+00 1.0000e-12 1.4337e+04   1113.000    34.9593    34.8551     4.3040    1482.28    27.8297    27.7475    1474.90 0.0000e+00
   1127.647     3.3232     3.3150   3.241810   3.232379     1.6198    -0.3789     0.3473    34.9596 1.7721e+00 1.0000e-12 1.7627e+04   1114.000    34.9594    34.8552     4.3022    1482.30    27.8300    27.7476    1474.90 0.0000e+00
   1128.662     3.3217     3.3146   3.241776   3.232372     1.6195    -0.3936     0.3537    34.9604 1.2199e+00 1.0000e-12 4.9478e+04   1115.000    34.9602    34.8549     4.3018    1482.31    27.8308    27.7474    1474.91 0.0000e+00
   1129.677     3.3200     3.3140   3.241742   3.232361     1.6194    -0.3938     0.3483    34.9612 1.6427e+00 1.0000e-12 1.9132e+04   1116.000    34.9610    34.8550     4.3023    1482.32    27.8316    27.7475    1474.92 0.0000e+00
   1130.692     3.3184     3.3141   3.241762   3.232406     1.6188    -0.3938     0.3457    34.9626 1.5742e+00 1.0000e-12 1.6789e+04   1117.000    34.9625    34.8549     4.3008    1482.33    27.8329    27.7474    1474.92 0.0000e+00
   1131.707     3.3164     3.3141   3.241859   3.232442     1.6184    -0.3938     0.3470    34.9654 1.6270e+00 1.0000e-12 2.0074e+04   1118.000    34.9653    34.8548     4.2999    1482.34    27.8353    27.7474    1474.93 0.0000e+00
   1132.722     3.3405     3.3138   3.242594   3.232467     1.6183    -0.3938     0.3464    34.9466 1.5411e+00 1.0000e-12 2.7042e+04   1119.000    34.9478    34.8548     4.2978    1482.44    27.8191    27.7474    1474.94 0.0000e+00
   1133.737     3.3570     3.3137   3.243131   3.232498     1.6217    -0.3865     0.3482    34.9350 1.1848e+00 1.0000e-12 3.6978e+04   1120.000    34.9362    34.8549     4.3096    1482.51    27.8083    27.7475    1474.94 0.0000e+00
   1134.752     3.3586     3.3136   3.243117   3.232541     1.6256    -0.3729     0.3444    34.9330 1.6682e+00 1.0000e-12 1.7391e+04   1121.000    34.9338    34.8549     4.3251    1482.53    27.8062    27.7476    1474.95 0.0000e+00
   1135.767     3.3466     3.3136   3.242955   3.232570     1.6287    -0.3923     0.3454    34.9438 1.8817e+00 1.0000e-12 1.4312e+04   1122.000    34.9441    34.8548     4.3391    1482.51    27.8156    27.7475    1474.96 0.0000e+00
   1136.782     3.3388     3.3134   3.242799   3.232603     1.6311    -0.3938     0.3461    34.9500 1.8835e+00 1.0000e-12 2.8332e+04   1123.000    34.9500    34.8548     4.3496    1482.50    27.8211    27.7475    1474.96 0.0000e+00
   1137.797     3.3326     3.3135   3.242708   3.232651     1.6336    -0.3938     0.3501    34.9551 1.7384e+00 1.0000e-12 2.3070e+04   1124.000    34.9550    34.8548     4.3607    1482.50    27.8256    27.7475    1474.97 0.0000e+00
   1138.812     3.3276     3.3135   3.242651   3.232697     1.6352    -0.3938     0.3488    34.9593 1.7584e+00 1.0000e-12 1.3088e+04   1125.000    34.9591    34.8549     4.3680    1482.50    27.8294    27.7476    1474.98 0.0000e+00
   1139.827     3.3227     3.3135   3.242654   3.232731     1.6375    -0.3938     0.3492    34.9642 1.4185e+00 1.0000e-12 2.9715e+04   1126.000    34.9639    34.8547     4.3777    1482.50    27.8337    27.7474    1474.98 0.0000e+00
   1140.842     3.3192     3.3134   3.242777   3.232772     1.6403    -0.3938     0.3479    34.9689 1.5565e+00 1.0000e-12 2.2869e+04   1127.000    34.9686    34.8547     4.3897    1482.51    27.8378    27.7475    1474.99 0.0000e+00
   1141.858     3.3274     3.3114   3.242834   3.232605     1.6431    -0.3938     0.3447    34.9599 1.6176e+00 1.0000e-12 2.1372e+04   1128.000    34.9599    34.8544     4.4001    1482.55    27.8301    27.7474    1475.00 0.0000e+00
   1142.873     3.3512     3.3109   3.243064   3.232594     1.6424    -0.3763     0.3457    34.9362 1.5565e+00 1.0000e-12 1.7075e+04   1129.000    34.9369    34.8543     4.3958    1482.64    27.8095    27.7474    1475.00 0.0000e+00
   1143.888     3.3416     3.3107   3.242977   3.232620     1.6407    -0.3947     0.3454    34.9455 1.5875e+00 1.0000e-12 3.2320e+04   1130.000    34.9456    34.8543     4.3909    1482.63    27.8173    27.7474    1475.01 0.0000e+00
   1144.903     3.3323     3.3104   3.242811   3.232646     1.6400    -0.3746     0.3439    34.9530 1.6511e+00 1.0000e-12 2.4678e+04   1131.000    34.9529    34.8543     4.3896    1482.61    27.8240    27.7475    1475.02 0.0000e+00
   1145.918     3.3265     3.3104   3.242689   3.232688     1.6393    -0.3743     0.3458    34.9575 1.8867e+00 1.0000e-12 6.8952e+03   1132.000    34.9571    34.8543     4.3882    1482.61    27.8280    27.7475    1475.02 0.0000e+00
   1146.933     3.3226     3.3104   3.242597   3.232735     1.6387    -0.3743     0.3448    34.9600 2.0150e+00 1.0000e-12 2.1107e+04   1133.000    34.9596    34.8544     4.3866    1482.61    27.8303    27.7475    1475.03 0.0000e+00
   1147.948     3.3198     3.3104   3.242564   3.232785     1.6378    -0.3743     0.3456    34.9621 1.4666e+00 1.0000e-12 3.0478e+04   1134.000    34.9617    34.8545     4.3840    1482.62    27.8323    27.7476    1475.04 0.0000e+00
   1148.963     3.3171     3.3104   3.242548   3.232809     1.6369    -0.3743     0.3456    34.9643 1.7528e+00 1.0000e-12 1.3625e+04   1135.000    34.9639    34.8542     4.3815    1482.63    27.8343    27.7474    1475.04 0.0000e+00
   1149.978     3.3142     3.3105   3.242582   3.232854     1.6360    -0.3910     0.3490    34.9672 2.0570e+00 1.0000e-12 1.0157e+04   1136.000    34.9669    34.8542     4.3788    1482.64    27.8369    27.7474    1475.05 0.0000e+00
   1150.993     3.3105     3.3107   3.242494   3.232913     1.6326    -0.3938     0.3526    34.9697 1.6405e+00 1.0000e-12 2.5087e+04   1137.000    34.9692    34.8541     4.3666    1482.64    27.8392    27.7473    1475.06 0.0000e+00
   1152.008     3.3172     3.3102   3.242994   3.232920     1.6263    -0.3938     0.3482    34.9669 2.1893e+00 1.0000e-12 1.3505e+04   1138.000    34.9675    34.8542     4.3417    1482.69    27.8372    27.7475    1475.06 0.0000e+00
   1153.023     3.3391     3.3087   3.243369   3.232819     1.6256    -0.3938     0.3496    34.9475 1.7445e+00 1.0000e-12 2.7088e+04   1139.000    34.9482    34.8540     4.3377    1482.77    27.8197    27.7475    1475.07 0.0000e+00
   1154.038     3.3417     3.3084   3.243371   3.232829     1.6258    -0.3938     0.3493    34.9443 1.8877e+00 1.0000e-12 2.1254e+04   1140.000    34.9449    34.8540     4.3385    1482.79    27.8168    27.7475    1475.08 0.0000e+00
   1155.053     3.3335     3.3082   3.243239   3.232863     1.6265    -0.3888     0.3490    34.9514 1.7240e+00 1.0000e-12 1.6590e+04   1141.000    34.9515    34.8541     4.3428    1482.78    27.8229    27.7476    1475.08 0.0000e+00
   1156.068     3.3281     3.3082   3.243111   3.232901     1.6275    -0.3740     0.3499    34.9553 1.0873e+00 1.0000e-12 5.0607e+04   1142.000    34.9552    34.8541     4.3479    1482.78    27.8264    27.7475    1475.09 0.0000e+00
   1157.084     3.3237     3.3083   3.243033   3.232952     1.6287    -0.3727     0.3483    34.9586 9.5052e-01 1.0000e-12 5.7867e+04   1143.000    34.9585    34.8540     4.3534    1482.79    27.8294    27.7475    1475.10 0.0000e+00
   1158.099     3.3198     3.3082   3.243016   3.232970     1.6293    -0.3729     0.3452    34.9620 1.5993e+00 1.0000e-12 2.2256e+04   1144.000    34.9619    34.8539     4.3567    1482.79    27.8325    27.7474    1475.10 0.0000e+00
   1159.114     3.3145     3.3078   3.243086   3.232965     1.6315    -0.3821     0.3474    34.9683 1.5998e+00 1.0000e-12 2.5298e+04   1145.000    34.9679    34.8537     4.3662    1482.79    27.8379    27.7473    1475.11 0.0000e+00
   1160.129     3.3071     3.3081   3.242584   3.233041     1.6317    -0.3907     0.3447    34.9692 1.4531e+00 1.0000e-12 2.5911e+04   1146.000    34.9693    34.8538     4.3687    1482.78    27.8396    27.7474    1475.12 0.0000e+00
   1161.144     3.3196     3.3079   3.243293   3.233079     1.6303    -0.3939     0.3453    34.9634 1.6047e+00 1.0000e-12 1.4699e+04   1147.000    34.9638    34.8539     4.3625    1482.84    27.8341    27.7475    1475.12 0.0000e+00
   1162.159     3.3311     3.3077   3.243505   3.233097     1.6307    -0.3798     0.3483    34.9531 2.1114e+00 1.0000e-12 2.3636e+04   1148.000    34.9536    34.8538     4.3632    1482.90    27.8249    27.7475    1475.13 0.0000e+00
   1163.174     3.3309     3.3075   3.243503   3.233137     1.6311    -0.3742     0.3482    34.9530 1.6234e+00 1.0000e-12 1.3140e+04   1149.000    34.9533    34.8540     4.3654    1482.91    27.8247    27.7476    1475.14 0.0000e+00
   1164.190     3.3256     3.3073   3.243395   3.233150     1.6320    -0.3728     0.3441    34.9572 1.3237e+00 1.0000e-12 2.9722e+04   1150.000    34.9572    34.8538     4.3703    1482.91    27.8283    27.7475    1475.14 0.0000e+00
   1165.205     3.3217     3.3064   3.243300   3.233099     1.6331    -0.3852     0.3458    34.9597 1.6456e+00 1.0000e-12 2.5028e+04   1151.000    34.9597    34.8537     4.3755    1482.91    27.8306    27.7475    1475.15 0.0000e+00
   1166.220     3.3177     3.3059   3.243283   3.233094     1.6341    -0.3935     0.3458    34.9632 1.1661e+00 1.0000e-12 4.9242e+04   1152.000    34.9632    34.8536     4.3802    1482.92    27.8338    27.7475    1475.16 0.0000e+00
   1167.235     3.3136     3.3055   3.243359   3.233091     1.6353    -0.3938     0.3489    34.9681 1.5777e+00 1.0000e-12 2.7348e+04   1153.000    34.9680    34.8534     4.3859    1482.92    27.8380    27.7474    1475.16 0.0000e+00
   1168.250     3.3141     3.3055   3.243414   3.233133     1.6369    -0.3938     0.3485    34.9677 1.8838e+00 1.0000e-12 1.6406e+04   1154.000    34.9676    34.8535     4.3928    1482.94    27.8377    27.7474    1475.17 0.0000e+00
   1169.265     3.3307     3.3054   3.243605   3.233176     1.6362    -0.3938     0.3447    34.9512 1.3496e+00 1.0000e-12 3.7156e+04   1155.000    34.9517    34.8536     4.3891    1483.01    27.8234    27.7475    1475.18 0.0000e+00
   1170.281     3.3303     3.3054   3.243567   3.233218     1.6357    -0.4019     0.3446    34.9508 1.9981e+00 1.0000e-12 1.4280e+04   1156.000    34.9510    34.8535     4.3876    1483.02    27.8229    27.7475    1475.18 0.0000e+00
   1171.296     3.3234     3.3054   3.243453   3.233264     1.6353    -0.4110     0.3458    34.9565 1.8852e+00 1.0000e-12 1.1182e+04   1157.000    34.9565    34.8536     4.3874    1483.02    27.8280    27.7475    1475.19 0.0000e+00
   1172.311     3.3185     3.3054   3.243351   3.233300     1.6347    -0.3927     0.3492    34.9602 1.5107e+00 1.0000e-12 2.6503e+04   1158.000    34.9600    34.8535     4.3859    1483.02    27.8313    27.7475    1475.20 0.0000e+00
   1173.326     3.3150     3.3053   3.243285   3.233337     1.6343    -0.3808     0.3471    34.9627 1.6745e+00 1.0000e-12 2.2213e+04   1159.000    34.9625    34.8535     4.3857    1483.02    27.8336    27.7475    1475.20 0.0000e+00
   1174.341     3.3118     3.3052   3.243302   3.233368     1.6332    -0.3743     0.3456    34.9658 1.6018e+00 1.0000e-12 2.9908e+04   1160.000    34.9655    34.8534     4.3822    1483.03    27.8363    27.7475    1475.21 0.0000e+00
   1175.357     3.3091     3.3053   3.243416   3.233412     1.6322    -0.3825     0.3473    34.9694 1.5533e+00 1.0000e-12 2.6627e+04   1161.000    34.9692    34.8534     4.3788    1483.04    27.8395    27.7474    1475.22 0.0000e+00
   1176.372     3.3177     3.3054   3.243593   3.233466     1.6299    -0.3944     0.3472    34.9616 1.7172e+00 1.0000e-12 2.3074e+04   1162.000    34.9617    34.8534     4.3700    1483.09    27.8327    27.7475    1475.22 0.0000e+00
   1177.387     3.3333     3.3059   3.243705   3.233557     1.6284    -0.3938     0.3477    34.9454 1.2928e+00 1.0000e-12 3.0976e+04   1163.000    34.9459    34.8535     4.3628    1483.15    27.8186    27.7475    1475.23 0.0000e+00
   1178.402     3.3264     3.3065   3.243597   3.233672     1.6270    -0.3938     0.3473    34.9514 1.8750e+00 1.0000e-12 1.5231e+04   1164.000    34.9515    34.8537     4.3587    1483.14    27.8237    27.7476    1475.24 0.0000e+00
   1179.417     3.3208     3.3077   3.243488   3.233858     1.6260    -0.3904     0.3496    34.9557 1.2256e+00 1.0000e-12 3.5084e+04   1165.000    34.9556    34.8541     4.3560    1483.14    27.8276    27.7478    1475.24 0.0000e+00
   1180.433     3.3168     3.3078   3.243413   3.233891     1.6247    -0.3744     0.3490    34.9586 1.6720e+00 1.0000e-12 3.3343e+04   1166.000    34.9584    34.8539     4.3519    1483.14    27.8302    27.7477    1475.25 0.0000e+00
   1181.448     3.3140     3.3071   3.243366   3.233866     1.6237    -0.3880     0.3456    34.9605 1.7724e+00 1.0000e-12 1.7687e+04   1167.000    34.9603    34.8538     4.3491    1483.15    27.8320    27.7476    1475.26 0.0000e+00
   1182.463     3.3118     3.3070   3.243366   3.233898     1.6226    -0.3845     0.3434    34.9624 1.6159e+00 1.0000e-12 3.3184e+04   1168.000    34.9622    34.8538     4.3456    1483.16    27.8337    27.7477    1475.26 0.0000e+00
   1183.478     3.3099     3.3070   3.243400   3.233949     1.6212    -0.3806     0.3433    34.9642 1.7106e+00 1.0000e-12 2.7377e+04   1169.000    34.9640    34.8538     4.3407    1483.17    27.8354    27.7477    1475.27 0.0000e+00
   1184.494     3.3087     3.3065   3.243488   3.233934     1.6199    -0.3934     0.3464    34.9660 1.7015e+00 1.0000e-12 1.6453e+04   1170.000    34.9658    34.8537     4.3363    1483.19    27.8369    27.7476    1475.28 0.0000e+00
   1185.509     3.3121     3.3065   3.243625   3.233980     1.6184    -0.3938     0.3459    34.9634 1.5396e+00 1.0000e-12 2.4314e+04   1171.000    34.9634    34.8537     4.3306    1483.22    27.8346    27.7476    1475.28 0.0000e+00
   1186.524     3.3198     3.3069   3.243697   3.234067     1.6174    -0.3759     0.3449    34.9554 1.7542e+00 1.0000e-12 1.7697e+04   1172.000    34.9555    34.8538     4.3267    1483.25    27.8276    27.7477    1475.29 0.0000e+00
   1187.539     3.3195     3.3069   3.243660   3.234106     1.6163    -0.3937     0.3461    34.9548 1.6207e+00 1.0000e-12 2.2963e+04   1173.000    34.9548    34.8537     4.3228    1483.27    27.8271    27.7477    1475.30 0.0000e+00
   1188.555     3.3168     3.3070   3.243610   3.234154     1.6155    -0.3738     0.3546    34.9567 1.8906e+00 1.0000e-12 1.6498e+04   1174.000    34.9566    34.8538     4.3207    1483.28    27.8288    27.7477    1475.30 0.0000e+00
