Ship_data/Irminger/Irminger-4/ctd/process/dar21_004.cnv
* Sea-Bird SBE 9 Data File:
* FileName = D:\Data\AR21_004.hdr
* Software Version Seasave V 7.23.2
* Temperature SN = 4155
* Conductivity SN = 2645
* Number of Bytes Per Scan = 40
* Number of Voltage Words = 5
* Number of Scans Averaged by the Deck Unit = 1
* NMEA Latitude = 50 47.19 N
* NMEA Longitude = 047 19.09 W
* NMEA UTC (Time) = Aug 02 2017  15:55:19
# nquan = 21
# nvalues = 1002                        
# units = specified
# name 0 = prDM: Pressure, Digiquartz [db]
# name 1 = t090C: Temperature [ITS-90, deg C]
# name 2 = t190C: Temperature, 2 [ITS-90, deg C]
# name 3 = c0S/m: Conductivity [S/m]
# name 4 = c1S/m: Conductivity, 2 [S/m]
# name 5 = sbeox0V: Oxygen raw, SBE 43 [V]
# name 6 = flECO-AFL: Fluorescence, WET Labs ECO-AFL/FL [mg/m^3]
# name 7 = turbWETntu0: Turbidity, WET Labs ECO [NTU]
# name 8 = sal00: Salinity, Practical [PSU]
# name 9 = spar: SPAR/Surface Irradiance
# name 10 = par: PAR/Irradiance, Biospherical/Licor
# name 11 = cpar: CPAR/Corrected Irradiance [%]
# name 12 = depSM: Depth [salt water, m], lat = 50.7865
# name 13 = sal00: Salinity, Practical [PSU]
# name 14 = sal11: Salinity, Practical, 2 [PSU]
# name 15 = sbeox0ML/L: Oxygen, SBE 43 [ml/l], WS = 2
# name 16 = svCM: Sound Velocity [Chen-Millero, m/s]
# name 17 = sigma-é00: Density [sigma-theta, kg/m^3]
# name 18 = sigma-é11: Density, 2 [sigma-theta, kg/m^3]
# name 19 = avgsvCM: Average Sound Velocity [Chen-Millero, m/s], minP = 20, minS = 20
# name 20 = flag: flag
# span 0 =      5.044,   1017.257       
# span 1 =     3.1967,    10.8451       
# span 2 =     3.1982,    10.8561       
# span 3 =   3.160649,   3.773925       
# span 4 =   3.160541,   3.774168       
# span 5 =     1.5005,     2.4654       
# span 6 =    -0.4144,     1.9228       
# span 7 =     0.3417,     0.5491       
# span 8 =    33.8346,    34.9346       
# span 9 = 4.2863e-01, 2.0955e+00       
# span 10 = 1.0000e-12, 1.0000e-12      
# span 11 = 6.0725e+03, 8.1334e+04      
# span 12 =      5.000,   1006.000      
# span 13 =    33.8230,    34.9344      
# span 14 =    33.8331,    34.8704      
# span 15 =     3.7281,     5.8106      
# span 16 =    1464.15,    1491.51      
# span 17 =    25.8961,    27.8038      
# span 18 =    25.8940,    27.7523      
# span 19 =       0.00,    1538.40      
# span 20 = 0.0000e+00, 0.0000e+00      
# interval = meters: 1                  
# start_time = Aug 02 2017 15:55:19 [NMEA time, header]
# bad_flag = -9.990e-29
*END*
[from data line 621]
    632.422     3.4314     3.4329   3.227154   3.222215     1.6002    -0.3938     0.3507    34.9275 1.0770e+00 1.0000e-12 4.2745e+04    626.000    34.9274    34.8664     3.9511    1474.52    27.7904    27.7416    1470.18 0.0000e+00
    633.434     3.4313     3.4330   3.227181   3.222266     1.5994    -0.3922     0.3491    34.9273 7.9614e-01 1.0000e-12 5.7730e+04    627.000    34.9272    34.8664     3.9487    1474.54    27.7903    27.7416    1470.19 0.0000e+00
    634.446     3.4314     3.4329   3.227222   3.222315     1.5990    -0.3925     0.3482    34.9272 8.7701e-01 1.0000e-12 5.3436e+04    628.000    34.9271    34.8665     3.9479    1474.55    27.7902    27.7417    1470.20 0.0000e+00
    635.458     3.4315     3.4330   3.227271   3.222360     1.5992    -0.3938     0.3454    34.9271 1.2094e+00 1.0000e-12 4.7230e+04    629.000    34.9271    34.8664     3.9493    1474.57    27.7901    27.7416    1470.20 0.0000e+00
    636.469     3.4314     3.4336   3.227091   3.222439     1.5999    -0.3841     0.3487    34.9247 1.1611e+00 1.0000e-12 3.8564e+04    630.000    34.9244    34.8663     3.9523    1474.58    27.7880    27.7414    1470.21 0.0000e+00
    637.481     3.4309     3.4323   3.226487   3.222387     1.5945    -0.3736     0.3513    34.9176 1.3392e+00 1.0000e-12 2.8824e+04    631.000    34.9172    34.8665     3.9334    1474.59    27.7823    27.7417    1470.22 0.0000e+00
    638.493     3.4297     3.4304   3.226389   3.222262     1.5921    -0.3743     0.3535    34.9169 1.0176e+00 1.0000e-12 4.5973e+04    632.000    34.9167    34.8664     3.9255    1474.60    27.7821    27.7418    1470.23 0.0000e+00
    639.505     3.4292     3.4302   3.226391   3.222280     1.5902    -0.3840     0.3517    34.9168 9.4205e-01 1.0000e-12 4.9983e+04    633.000    34.9168    34.8663     3.9191    1474.61    27.7822    27.7418    1470.23 0.0000e+00
    640.517     3.4293     3.4297   3.226443   3.222292     1.5877    -0.4144     0.3499    34.9168 1.0304e+00 1.0000e-12 4.5292e+04    634.000    34.9168    34.8665     3.9105    1474.63    27.7822    27.7420    1470.24 0.0000e+00
    641.529     3.4294     3.4293   3.226539   3.222292     1.5857    -0.4100     0.3490    34.9172 1.0996e+00 1.0000e-12 4.1619e+04    635.000    34.9173    34.8663     3.9036    1474.65    27.7826    27.7419    1470.25 0.0000e+00
    642.540     3.4292     3.4291   3.226634   3.222327     1.5833    -0.3941     0.3496    34.9181 1.3407e+00 1.0000e-12 2.8818e+04    636.000    34.9181    34.8664     3.8955    1474.67    27.7833    27.7420    1470.25 0.0000e+00
    643.552     3.4288     3.4285   3.226760   3.222301     1.5805    -0.3938     0.3498    34.9194 1.4810e+00 1.0000e-12 3.3005e+04    637.000    34.9195    34.8662     3.8858    1474.68    27.7844    27.7419    1470.26 0.0000e+00
    644.564     3.4271     3.4289   3.226325   3.222374     1.5732    -0.3815     0.3490    34.9160 1.0866e+00 1.0000e-12 4.5905e+04    638.000    34.9155    34.8661     3.8600    1474.69    27.7814    27.7418    1470.27 0.0000e+00
    645.576     3.4248     3.4265   3.225296   3.222197     1.5673    -0.3719     0.3512    34.9053 1.1320e+00 1.0000e-12 3.9587e+04    639.000    34.9051    34.8661     3.8398    1474.68    27.7733    27.7420    1470.27 0.0000e+00
    646.588     3.4246     3.4264   3.225311   3.222249     1.5674    -0.3721     0.3535    34.9051 1.0427e+00 1.0000e-12 5.0444e+04    640.000    34.9050    34.8662     3.8407    1474.70    27.7732    27.7421    1470.28 0.0000e+00
    647.600     3.4246     3.4261   3.225423   3.222272     1.5673    -0.3744     0.3486    34.9056 1.1844e+00 1.0000e-12 3.6809e+04    641.000    34.9058    34.8663     3.8409    1474.71    27.7739    27.7423    1470.29 0.0000e+00
    648.612     3.4245     3.4258   3.225602   3.222285     1.5674    -0.3727     0.3505    34.9073 1.3093e+00 1.0000e-12 3.0484e+04    642.000    34.9075    34.8662     3.8417    1474.73    27.7752    27.7422    1470.29 0.0000e+00
    649.623     3.4246     3.4254   3.225760   3.222288     1.5662    -0.3728     0.3497    34.9085 1.0015e+00 1.0000e-12 4.6826e+04    643.000    34.9087    34.8662     3.8379    1474.75    27.7762    27.7423    1470.30 0.0000e+00
    650.635     3.4248     3.4250   3.225888   3.222297     1.5653    -0.3866     0.3510    34.9094 1.4738e+00 1.0000e-12 2.8802e+04    644.000    34.9095    34.8662     3.8350    1474.77    27.7769    27.7423    1470.31 0.0000e+00
    651.647     3.4249     3.4249   3.226003   3.222324     1.5645    -0.3934     0.3497    34.9102 1.2254e+00 1.0000e-12 4.2081e+04    645.000    34.9103    34.8660     3.8325    1474.79    27.7775    27.7422    1470.31 0.0000e+00
    652.659     3.4248     3.4254   3.226129   3.222418     1.5629    -0.4110     0.3535    34.9113 1.2522e+00 1.0000e-12 3.8460e+04    646.000    34.9113    34.8661     3.8273    1474.81    27.7783    27.7422    1470.32 0.0000e+00
    653.671     3.4246     3.4256   3.226184   3.222481     1.5586    -0.3734     0.3521    34.9118 8.4753e-01 1.0000e-12 5.4665e+04    647.000    34.9117    34.8661     3.8119    1474.82    27.7786    27.7422    1470.33 0.0000e+00
    654.683     3.4237     3.4258   3.226008   3.222568     1.5535    -0.3783     0.3494    34.9101 1.0415e+00 1.0000e-12 5.1697e+04    648.000    34.9100    34.8664     3.7943    1474.83    27.7774    27.7425    1470.34 0.0000e+00
    655.695     3.4241     3.4259   3.225986   3.222625     1.5496    -0.3870     0.3500    34.9088 1.1327e+00 1.0000e-12 3.9669e+04    649.000    34.9088    34.8665     3.7803    1474.85    27.7764    27.7425    1470.34 0.0000e+00
    656.707     3.4242     3.4249   3.226089   3.222576     1.5457    -0.3776     0.3557    34.9093 1.2007e+00 1.0000e-12 4.5619e+04    650.000    34.9093    34.8664     3.7669    1474.87    27.7768    27.7425    1470.35 0.0000e+00
    657.719     3.4240     3.4247   3.226219   3.222605     1.5424    -0.3913     0.3502    34.9105 1.1652e+00 1.0000e-12 3.7911e+04    651.000    34.9106    34.8664     3.7551    1474.88    27.7778    27.7426    1470.36 0.0000e+00
    658.731     3.4239     3.4246   3.226325   3.222644     1.5396    -0.3732     0.3492    34.9113 1.0854e+00 1.0000e-12 4.2370e+04    652.000    34.9114    34.8664     3.7454    1474.90    27.7785    27.7426    1470.36 0.0000e+00
    659.742     3.4239     3.4246   3.226413   3.222684     1.5371    -0.3922     0.3495    34.9119 1.0645e+00 1.0000e-12 5.2200e+04    653.000    34.9120    34.8663     3.7369    1474.92    27.7790    27.7425    1470.37 0.0000e+00
    660.754     3.4239     3.4231   3.226471   3.222586     1.5355    -0.3757     0.3497    34.9121 9.8035e-01 1.0000e-12 4.8318e+04    654.000    34.9121    34.8663     3.7316    1474.94    27.7791    27.7426    1470.38 0.0000e+00
    661.766     3.4231     3.4236   3.226491   3.222686     1.5344    -0.3940     0.3450    34.9128 1.3071e+00 1.0000e-12 3.4487e+04    655.000    34.9127    34.8664     3.7281    1474.95    27.7797    27.7427    1470.38 0.0000e+00
    662.778     3.4223     3.4232   3.226488   3.222699     1.5342    -0.3938     0.3447    34.9130 1.1623e+00 1.0000e-12 4.3073e+04    656.000    34.9129    34.8665     3.7281    1474.96    27.7799    27.7428    1470.39 0.0000e+00
    663.790     3.4219     3.4217   3.226513   3.222596     1.5344    -0.3938     0.3446    34.9131 1.1777e+00 1.0000e-12 4.3788e+04    657.000    34.9131    34.8663     3.7291    1474.98    27.7801    27.7428    1470.40 0.0000e+00
    664.802     3.4216     3.4200   3.226552   3.222473     1.5346    -0.3839     0.3470    34.9133 8.1765e-01 1.0000e-12 5.6475e+04    658.000    34.9133    34.8660     3.7304    1474.99    27.7803    27.7428    1470.41 0.0000e+00
    665.814     3.4215     3.4193   3.226604   3.222426     1.5358    -0.3728     0.3486    34.9136 1.3485e+00 1.0000e-12 2.8403e+04    659.000    34.9136    34.8658     3.7355    1475.01    27.7805    27.7426    1470.41 0.0000e+00
    666.826     3.4212     3.4174   3.226675   3.222300     1.5378    -0.3894     0.3490    34.9142 5.2462e-01 1.0000e-12 7.2145e+04    660.000    34.9142    34.8657     3.7430    1475.03    27.7811    27.7427    1470.42 0.0000e+00
    667.838     3.4193     3.4185   3.226551   3.222429     1.5436    -0.3769     0.3517    34.9145 1.1210e+00 1.0000e-12 4.4622e+04    661.000    34.9142    34.8656     3.7650    1475.04    27.7813    27.7425    1470.43 0.0000e+00
    668.850     3.4167     3.4185   3.225924   3.222485     1.5455    -0.3949     0.3480    34.9093 8.0870e-01 1.0000e-12 5.6600e+04    662.000    34.9089    34.8657     3.7728    1475.03    27.7773    27.7426    1470.43 0.0000e+00
    669.862     3.4159     3.4160   3.225769   3.222299     1.5434    -0.3938     0.3440    34.9076 1.0948e+00 1.0000e-12 4.1875e+04    663.000    34.9074    34.8655     3.7657    1475.05    27.7762    27.7428    1470.44 0.0000e+00
    670.874     3.4145     3.4148   3.225828   3.222229     1.5413    -0.3938     0.3472    34.9091 6.3285e-01 1.0000e-12 7.2994e+04    664.000    34.9090    34.8654     3.7589    1475.06    27.7776    27.7428    1470.45 0.0000e+00
    671.886     3.4145     3.4144   3.225985   3.222239     1.5396    -0.3938     0.3441    34.9103 1.4301e+00 1.0000e-12 4.0960e+04    665.000    34.9104    34.8655     3.7528    1475.08    27.7787    27.7429    1470.45 0.0000e+00
    672.898     3.4148     3.4144   3.226141   3.222281     1.5381    -0.3923     0.3452    34.9113 1.1564e+00 1.0000e-12 4.6200e+04    666.000    34.9114    34.8655     3.7481    1475.10    27.7795    27.7429    1470.46 0.0000e+00
    673.910     3.4153     3.4144   3.226266   3.222337     1.5370    -0.3938     0.3478    34.9117 1.1989e+00 1.0000e-12 3.6294e+04    667.000    34.9118    34.8655     3.7445    1475.12    27.7798    27.7430    1470.47 0.0000e+00
    674.922     3.4158     3.4145   3.226350   3.222391     1.5361    -0.3938     0.3497    34.9117 1.1589e+00 1.0000e-12 4.6196e+04    668.000    34.9118    34.8656     3.7414    1475.13    27.7797    27.7430    1470.47 0.0000e+00
    675.934     3.4155     3.4144   3.226448   3.222429     1.5356    -0.3926     0.3474    34.9127 4.9065e-01 1.0000e-12 7.4170e+04    669.000    34.9127    34.8656     3.7403    1475.15    27.7805    27.7430    1470.48 0.0000e+00
    676.946     3.4153     3.4145   3.226525   3.222482     1.5365    -0.3937     0.3474    34.9134 1.0123e+00 1.0000e-12 4.9279e+04    670.000    34.9133    34.8656     3.7439    1475.17    27.7810    27.7430    1470.49 0.0000e+00
    677.958     3.4138     3.4146   3.226387   3.222524     1.5400    -0.3859     0.3494    34.9130 1.1528e+00 1.0000e-12 4.0094e+04    671.000    34.9128    34.8654     3.7574    1475.18    27.7807    27.7429    1470.50 0.0000e+00
    678.970     3.4126     3.4144   3.226060   3.222557     1.5389    -0.3941     0.3494    34.9098 1.0506e+00 1.0000e-12 4.4153e+04    672.000    34.9096    34.8655     3.7542    1475.19    27.7783    27.7430    1470.50 0.0000e+00
    679.982     3.4126     3.4144   3.226029   3.222608     1.5369    -0.3826     0.3494    34.9088 6.7381e-01 1.0000e-12 6.4225e+04    673.000    34.9087    34.8656     3.7474    1475.20    27.7776    27.7431    1470.51 0.0000e+00
    680.994     3.4126     3.4142   3.226171   3.222637     1.5353    -0.3744     0.3491    34.9096 1.2884e+00 1.0000e-12 3.7780e+04    674.000    34.9098    34.8657     3.7418    1475.22    27.7785    27.7432    1470.52 0.0000e+00
    682.006     3.4127     3.4136   3.226363   3.222641     1.5339    -0.3720     0.3511    34.9113 1.1067e+00 1.0000e-12 4.7123e+04    675.000    34.9115    34.8658     3.7373    1475.24    27.7798    27.7433    1470.52 0.0000e+00
    683.018     3.4130     3.4131   3.226508   3.222639     1.5332    -0.3733     0.3496    34.9123 8.9758e-01 1.0000e-12 5.2363e+04    676.000    34.9124    34.8658     3.7351    1475.26    27.7805    27.7433    1470.53 0.0000e+00
    684.030     3.4138     3.4131   3.226602   3.222682     1.5339    -0.3845     0.3493    34.9120 9.8305e-01 1.0000e-12 4.7806e+04    677.000    34.9121    34.8658     3.7383    1475.28    27.7802    27.7434    1470.54 0.0000e+00
    685.042     3.4146     3.4130   3.226660   3.222718     1.5362    -0.3928     0.3494    34.9113 6.3070e-01 1.0000e-12 6.6514e+04    678.000    34.9114    34.8657     3.7468    1475.30    27.7796    27.7433    1470.54 0.0000e+00
    686.054     3.4144     3.4126   3.226693   3.222719     1.5394    -0.3928     0.3485    34.9115 1.1744e+00 1.0000e-12 3.7646e+04    679.000    34.9115    34.8656     3.7593    1475.31    27.7797    27.7433    1470.55 0.0000e+00
    687.066     3.4139     3.4116   3.226744   3.222666     1.5437    -0.3938     0.3460    34.9120 9.0005e-01 1.0000e-12 5.2213e+04    680.000    34.9121    34.8655     3.7753    1475.33    27.7802    27.7433    1470.56 0.0000e+00
    688.078     3.4135     3.4111   3.226789   3.222674     1.5490    -0.3938     0.3497    34.9126 1.0143e+00 1.0000e-12 5.3847e+04    681.000    34.9126    34.8656     3.7952    1475.34    27.7807    27.7434    1470.57 0.0000e+00
    689.090     3.4129     3.4109   3.226810   3.222685     1.5558    -0.3933     0.3550    34.9129 1.3973e+00 1.0000e-12 3.1536e+04    682.000    34.9129    34.8655     3.8205    1475.36    27.7810    27.7434    1470.57 0.0000e+00
    690.102     3.4122     3.4103   3.226803   3.222687     1.5621    -0.3796     0.3565    34.9130 1.2067e+00 1.0000e-12 3.5807e+04    683.000    34.9130    34.8656     3.8444    1475.37    27.7811    27.7435    1470.58 0.0000e+00
    691.115     3.4115     3.4095   3.226821   3.222667     1.5666    -0.3566     0.3922    34.9134 7.9194e-01 1.0000e-12 5.7953e+04    684.000    34.9134    34.8656     3.8613    1475.39    27.7816    27.7436    1470.59 0.0000e+00
    692.127     3.4105     3.4087   3.226844   3.222639     1.5701    -0.3848     0.3497    34.9143 9.7149e-01 1.0000e-12 5.1089e+04    685.000    34.9142    34.8656     3.8745    1475.40    27.7823    27.7437    1470.59 0.0000e+00
    693.139     3.4100     3.4086   3.226847   3.222677     1.5716    -0.3865     0.3498    34.9143 9.8781e-01 1.0000e-12 5.2445e+04    686.000    34.9143    34.8657     3.8807    1475.41    27.7824    27.7438    1470.60 0.0000e+00
    694.151     3.4094     3.4086   3.226909   3.222721     1.5728    -0.3940     0.3494    34.9151 1.1820e+00 1.0000e-12 4.3530e+04    687.000    34.9151    34.8656     3.8855    1475.43    27.7831    27.7438    1470.61 0.0000e+00
    695.163     3.4088     3.4085   3.226971   3.222754     1.5741    -0.3923     0.3448    34.9160 4.2863e-01 1.0000e-12 7.7191e+04    688.000    34.9160    34.8656     3.8910    1475.44    27.7839    27.7437    1470.61 0.0000e+00
    696.175     3.4084     3.4079   3.227021   3.222747     1.5759    -0.3821     0.3483    34.9164 1.2795e+00 1.0000e-12 3.2069e+04    689.000    34.9164    34.8656     3.8982    1475.46    27.7843    27.7438    1470.62 0.0000e+00
    697.187     3.4082     3.4066   3.227087   3.222658     1.5783    -0.3741     0.3494    34.9168 1.3052e+00 1.0000e-12 4.6487e+04    690.000    34.9169    34.8654     3.9075    1475.48    27.7847    27.7438    1470.63 0.0000e+00
    698.199     3.4080     3.4061   3.227140   3.222670     1.5817    -0.3743     0.3540    34.9173 1.7498e+00 1.0000e-12 1.4591e+04    691.000    34.9172    34.8656     3.9202    1475.49    27.7850    27.7440    1470.64 0.0000e+00
    699.211     3.4077     3.4063   3.227207   3.222726     1.5863    -0.3754     0.3537    34.9178 1.1543e+00 1.0000e-12 4.4282e+04    692.000    34.9178    34.8655     3.9376    1475.51    27.7855    27.7439    1470.64 0.0000e+00
    700.223     3.4081     3.4059   3.227273   3.222730     1.5938    -0.3847     0.3499    34.9177 9.4354e-01 1.0000e-12 5.3089e+04    693.000    34.9176    34.8655     3.9658    1475.53    27.7853    27.7439    1470.65 0.0000e+00
