Ship_data/Irminger/Irminger-4/ctd/process/dar21_009.cnv
* Sea-Bird SBE 9 Data File:
* FileName = D:\Data\AR21_009.hdr
* Software Version Seasave V 7.23.2
* Temperature SN = 4155
* Conductivity SN = 2645
* Number of Bytes Per Scan = 40
* Number of Voltage Words = 5
* Number of Scans Averaged by the Deck Unit = 1
* NMEA Latitude = 59 58.27 N
* NMEA Longitude = 039 30.81 W
* NMEA UTC (Time) = Aug 06 2017  21:22:51
** Test cast to check pump1 and acoustic device for James
# nquan = 21
# nvalues = 1201                        
# units = specified
# name 0 = prDM: Pressure, Digiquartz [db]
# name 1 = t090C: Temperature [ITS-90, deg C]
# name 2 = t190C: Temperature, 2 [ITS-90, deg C]
# name 3 = c0S/m: Conductivity [S/m]
# name 4 = c1S/m: Conductivity, 2 [S/m]
# name 5 = sbeox0V: Oxygen raw, SBE 43 [V]
# name 6 = flECO-AFL: Fluorescence, WET Labs ECO-AFL/FL [mg/m^3]
# name 7 = turbWETntu0: Turbidity, WET Labs ECO [NTU]
# name 8 = sal00: Salinity, Practical [PSU]
# name 9 = spar: SPAR/Surface Irradiance
# name 10 = par: PAR/Irradiance, Biospherical/Licor
# name 11 = cpar: CPAR/Corrected Irradiance [%]
# name 12 = depSM: Depth [salt water, m], lat = 59.9712
# name 13 = sal00: Salinity, Practical [PSU]
# name 14 = sal11: Salinity, Practical, 2 [PSU]
# name 15 = sbeox0ML/L: Oxygen, SBE 43 [ml/l], WS = 2
# name 16 = svCM: Sound Velocity [Chen-Millero, m/s]
# name 17 = sigma-é00: Density [sigma-theta, kg/m^3]
# name 18 = sigma-é11: Density, 2 [sigma-theta, kg/m^3]
# name 19 = avgsvCM: Average Sound Velocity [Chen-Millero, m/s], minP = 20, minS = 20
# name 20 = flag: flag
# span 0 =      3.029,   1218.004       
# span 1 =     3.3216,     8.5355       
# span 2 =     3.3233,     8.5378       
# span 3 =   3.227431,   3.651881       
# span 4 =   3.227321,   3.651858       
# span 5 =     1.9184,     2.4102       
# span 6 =    -0.4135,     0.7190       
# span 7 =     0.3403,     0.6143       
# span 8 =    34.7876,    34.9239       
# span 9 = 3.8150e-01, 2.3369e+00       
# span 10 = 1.0000e-12, 1.0000e-12      
# span 11 = -2.690e+04, 8.1952e+04      
# span 12 =      3.000,   1203.000      
# span 13 =    34.7776,    34.9248      
# span 14 =    34.7839,    34.9207      
# span 15 =     5.3833,     5.6284      
# span 16 =    1469.04,    1484.42      
# span 17 =    27.0255,    27.7507      
# span 18 =    27.0220,    27.7482      
# span 19 =       0.00,    1484.11      
# span 20 = 0.0000e+00, 0.0000e+00      
# interval = meters: 1                  
# start_time = Aug 06 2017 21:22:51 [NMEA time, header]
# bad_flag = -9.990e-29
*END*
[from data line 276]
    281.847     3.7699     3.7714   3.239122   3.238981     2.1279    -0.3792     0.3600    34.8983 1.1557e+00 1.0000e-12 4.1886e+04    279.000    34.8977    34.8944     5.5503    1470.14    27.7306    27.7278    1471.69 0.0000e+00
    282.858     3.7592     3.7609   3.238140   3.238015     2.1280    -0.3738     0.3578    34.8979 1.0154e+00 1.0000e-12 5.0758e+04    280.000    34.8969    34.8936     5.5532    1470.11    27.7310    27.7282    1471.69 0.0000e+00
    283.869     3.7544     3.7559   3.237754   3.237606     2.1278    -0.3728     0.3643    34.8977 9.7705e-01 1.0000e-12 5.1836e+04    281.000    34.8968    34.8935     5.5540    1470.11    27.7315    27.7287    1471.68 0.0000e+00
    284.880     3.7525     3.7542   3.237658   3.237511     2.1280    -0.3718     0.3650    34.8977 9.8243e-01 1.0000e-12 4.7999e+04    282.000    34.8971    34.8936     5.5557    1470.12    27.7319    27.7289    1471.68 0.0000e+00
    285.891     3.7505     3.7524   3.237492   3.237382     2.1280    -0.3918     0.3583    34.8976 1.0333e+00 1.0000e-12 4.5137e+04    283.000    34.8967    34.8934     5.5567    1470.13    27.7318    27.7290    1471.67 0.0000e+00
    286.902     3.7480     3.7498   3.237332   3.237190     2.1283    -0.3938     0.3635    34.8976 7.9933e-01 1.0000e-12 6.2688e+04    284.000    34.8970    34.8934     5.5589    1470.13    27.7323    27.7292    1471.66 0.0000e+00
    287.913     3.7464     3.7482   3.237228   3.237094     2.1283    -0.3807     0.3605    34.8975 1.1489e+00 1.0000e-12 3.9148e+04    285.000    34.8969    34.8934     5.5600    1470.14    27.7324    27.7294    1471.66 0.0000e+00
    288.923     3.7457     3.7476   3.237217   3.237093     2.1290    -0.3881     0.3580    34.8974 1.2097e+00 1.0000e-12 3.5772e+04    286.000    34.8969    34.8934     5.5631    1470.16    27.7325    27.7295    1471.65 0.0000e+00
    289.934     3.7445     3.7462   3.237136   3.236997     2.1295    -0.3738     0.3636    34.8973 1.0329e+00 1.0000e-12 4.5159e+04    287.000    34.8967    34.8932     5.5658    1470.17    27.7324    27.7295    1471.65 0.0000e+00
    290.945     3.7428     3.7447   3.237014   3.236899     2.1295    -0.3943     0.3579    34.8972 1.1493e+00 1.0000e-12 3.8980e+04    288.000    34.8965    34.8931     5.5668    1470.18    27.7324    27.7295    1471.64 0.0000e+00
    291.956     3.7382     3.7400   3.236547   3.236466     2.1289    -0.4129     0.3680    34.8966 7.6220e-01 1.0000e-12 6.4178e+04    289.000    34.8953    34.8924     5.5661    1470.17    27.7320    27.7295    1471.64 0.0000e+00
    292.967     3.7277     3.7296   3.235617   3.235515     2.1293    -0.3957     0.3592    34.8961 9.4045e-01 1.0000e-12 5.0103e+04    290.000    34.8948    34.8916     5.5700    1470.15    27.7326    27.7299    1471.63 0.0000e+00
    293.978     3.7237     3.7259   3.235309   3.235221     2.1293    -0.3921     0.3582    34.8958 8.5697e-01 1.0000e-12 5.4500e+04    291.000    34.8948    34.8914     5.5712    1470.15    27.7330    27.7301    1471.63 0.0000e+00
    294.989     3.7189     3.7207   3.234828   3.234739     2.1297    -0.3929     0.3635    34.8952 1.2646e+00 1.0000e-12 4.2595e+04    292.000    34.8936    34.8907     5.5741    1470.14    27.7326    27.7301    1471.62 0.0000e+00
    296.000     3.7141     3.7160   3.234462   3.234351     2.1297    -0.3802     0.3610    34.8949 9.3341e-01 1.0000e-12 5.0189e+04    293.000    34.8938    34.8905     5.5758    1470.14    27.7332    27.7304    1471.62 0.0000e+00
    297.011     3.7122     3.7141   3.234339   3.234202     2.1304    -0.3718     0.3608    34.8947 7.8342e-01 1.0000e-12 5.8405e+04    294.000    34.8939    34.8903     5.5789    1470.15    27.7335    27.7304    1471.61 0.0000e+00
    298.022     3.7123     3.7142   3.234404   3.234264     2.1307    -0.3847     0.3610    34.8947 1.0437e+00 1.0000e-12 4.4584e+04    295.000    34.8940    34.8903     5.5809    1470.16    27.7336    27.7305    1471.61 0.0000e+00
    299.033     3.7122     3.7142   3.234427   3.234322     2.1306    -0.3727     0.3643    34.8944 1.0027e+00 1.0000e-12 5.0850e+04    296.000    34.8938    34.8904     5.5814    1470.18    27.7335    27.7306    1471.60 0.0000e+00
    300.044     3.7115     3.7134   3.234423   3.234293     2.1309    -0.3899     0.3595    34.8945 1.2960e+00 1.0000e-12 3.5216e+04    297.000    34.8940    34.8904     5.5832    1470.19    27.7337    27.7306    1471.60 0.0000e+00
    301.055     3.7113     3.7131   3.234446   3.234305     2.1309    -0.3693     0.3653    34.8944 1.1296e+00 1.0000e-12 4.5027e+04    298.000    34.8939    34.8903     5.5839    1470.21    27.7336    27.7306    1471.59 0.0000e+00
    302.066     3.7111     3.7128   3.234479   3.234324     2.1310    -0.3681     0.3589    34.8944 1.0899e+00 1.0000e-12 4.2068e+04    299.000    34.8940    34.8903     5.5849    1470.22    27.7337    27.7306    1471.59 0.0000e+00
    303.077     3.7103     3.7121   3.234439   3.234306     2.1312    -0.3746     0.3585    34.8942 9.3473e-01 1.0000e-12 5.0372e+04    300.000    34.8938    34.8902     5.5864    1470.24    27.7337    27.7306    1471.58 0.0000e+00
    304.088     3.7103     3.7122   3.234493   3.234365     2.1315    -0.3858     0.3652    34.8942 9.8790e-01 1.0000e-12 4.7549e+04    301.000    34.8939    34.8904     5.5883    1470.25    27.7338    27.7307    1471.58 0.0000e+00
    305.099     3.7099     3.7116   3.234498   3.234355     2.1314    -0.3937     0.3660    34.8941 1.0538e+00 1.0000e-12 4.4049e+04    302.000    34.8938    34.8903     5.5886    1470.27    27.7337    27.7308    1471.58 0.0000e+00
    306.110     3.7094     3.7113   3.234484   3.234366     2.1311    -0.3931     0.3649    34.8940 9.7383e-01 1.0000e-12 5.1761e+04    303.000    34.8936    34.8902     5.5885    1470.28    27.7336    27.7307    1471.57 0.0000e+00
    307.121     3.7083     3.7102   3.234439   3.234303     2.1306    -0.3532     0.3590    34.8940 1.1191e+00 1.0000e-12 5.1854e+04    304.000    34.8938    34.8901     5.5876    1470.29    27.7339    27.7308    1471.57 0.0000e+00
    308.132     3.7076     3.7093   3.234392   3.234258     2.1308    -0.3910     0.3646    34.8938 1.0191e+00 1.0000e-12 4.5763e+04    305.000    34.8934    34.8900     5.5892    1470.31    27.7337    27.7308    1471.56 0.0000e+00
    309.143     3.7070     3.7093   3.234401   3.234316     2.1304    -0.3913     0.3684    34.8937 1.2306e+00 1.0000e-12 4.3452e+04    306.000    34.8936    34.8901     5.5887    1470.32    27.7339    27.7309    1471.56 0.0000e+00
    310.154     3.7073     3.7095   3.234476   3.234382     2.1302    -0.3929     0.3659    34.8938 1.2284e+00 1.0000e-12 3.4827e+04    307.000    34.8936    34.8901     5.5888    1470.34    27.7338    27.7309    1471.55 0.0000e+00
    311.165     3.7070     3.7088   3.234505   3.234355     2.1300    -0.3913     0.3679    34.8938 5.9803e-01 1.0000e-12 6.8248e+04    308.000    34.8937    34.8900     5.5889    1470.36    27.7340    27.7309    1471.55 0.0000e+00
    312.176     3.7066     3.7083   3.234452   3.234341     2.1298    -0.3742     0.3838    34.8936 8.0802e-01 1.0000e-12 5.7099e+04    309.000    34.8930    34.8898     5.5889    1470.37    27.7335    27.7307    1471.55 0.0000e+00
    313.187     3.7054     3.7061   3.234507   3.234217     2.1301    -0.3706     0.3700    34.8939 7.9788e-01 1.0000e-12 6.1306e+04    310.000    34.8944    34.8901     5.5909    1470.38    27.7347    27.7312    1471.54 0.0000e+00
    314.198     3.7140     3.7150   3.235442   3.235191     2.1302    -0.3891     0.3590    34.8951 8.2868e-01 1.0000e-12 5.6009e+04    311.000    34.8958    34.8917     5.5905    1470.44    27.7350    27.7316    1471.54 0.0000e+00
    315.209     3.7173     3.7191   3.235746   3.235639     2.1295    -0.3930     0.3546    34.8954 9.9022e-01 1.0000e-12 4.7426e+04    312.000    34.8954    34.8922     5.5884    1470.47    27.7343    27.7316    1471.54 0.0000e+00
    316.220     3.7134     3.7151   3.235427   3.235296     2.1290    -0.3938     0.3569    34.8954 1.1113e+00 1.0000e-12 4.7043e+04    313.000    34.8952    34.8918     5.5879    1470.47    27.7346    27.7317    1471.53 0.0000e+00
    317.231     3.7125     3.7141   3.235398   3.235262     2.1279    -0.3919     0.3583    34.8955 1.1673e+00 1.0000e-12 4.2759e+04    314.000    34.8953    34.8919     5.5850    1470.48    27.7347    27.7319    1471.53 0.0000e+00
    318.242     3.7051     3.7067   3.234734   3.234608     2.1266    -0.3814     0.3584    34.8952 1.1211e+00 1.0000e-12 4.0602e+04    315.000    34.8947    34.8914     5.5824    1470.46    27.7350    27.7323    1471.53 0.0000e+00
    319.253     3.7019     3.7037   3.234501   3.234372     2.1259    -0.3754     0.3583    34.8951 6.5274e-01 1.0000e-12 6.5344e+04    316.000    34.8948    34.8913     5.5812    1470.47    27.7354    27.7325    1471.52 0.0000e+00
    320.265     3.6966     3.6988   3.233966   3.233918     2.1261    -0.3938     0.3565    34.8945 8.7069e-01 1.0000e-12 5.3772e+04    317.000    34.8934    34.8906     5.5835    1470.46    27.7349    27.7324    1471.52 0.0000e+00
    321.276     3.6934     3.6951   3.233778   3.233622     2.1261    -0.3938     0.3554    34.8944 8.0705e-01 1.0000e-12 5.7151e+04    318.000    34.8941    34.8904     5.5847    1470.46    27.7357    27.7326    1471.52 0.0000e+00
    322.287     3.6934     3.6949   3.233807   3.233637     2.1261    -0.3938     0.3581    34.8944 8.9438e-01 1.0000e-12 5.2514e+04    319.000    34.8939    34.8903     5.5854    1470.48    27.7356    27.7325    1471.51 0.0000e+00
    323.298     3.6920     3.6936   3.233707   3.233580     2.1261    -0.3938     0.3686    34.8941 6.4618e-01 1.0000e-12 7.0972e+04    320.000    34.8936    34.8903     5.5864    1470.49    27.7355    27.7327    1471.51 0.0000e+00
    324.309     3.6917     3.6936   3.233730   3.233611     2.1262    -0.3784     0.3612    34.8941 1.1225e+00 1.0000e-12 4.0242e+04    321.000    34.8937    34.8902     5.5877    1470.51    27.7356    27.7327    1471.51 0.0000e+00
    325.320     3.6905     3.6923   3.233652   3.233534     2.1263    -0.3743     0.3582    34.8939 7.5483e-01 1.0000e-12 5.9923e+04    322.000    34.8935    34.8901     5.5887    1470.52    27.7356    27.7327    1471.50 0.0000e+00
    326.331     3.6885     3.6906   3.233486   3.233397     2.1262    -0.3735     0.3582    34.8937 1.1332e+00 1.0000e-12 3.9835e+04    323.000    34.8930    34.8897     5.5897    1470.53    27.7354    27.7326    1471.50 0.0000e+00
    327.342     3.6851     3.6870   3.233217   3.233103     2.1260    -0.3847     0.3627    34.8934 1.1101e+00 1.0000e-12 4.1062e+04    324.000    34.8929    34.8895     5.5903    1470.53    27.7357    27.7327    1471.50 0.0000e+00
    328.353     3.6830     3.6849   3.233078   3.232957     2.1257    -0.3700     0.3647    34.8933 1.0857e+00 1.0000e-12 4.6360e+04    325.000    34.8929    34.8895     5.5903    1470.54    27.7359    27.7330    1471.49 0.0000e+00
    329.364     3.6814     3.6831   3.232954   3.232827     2.1260    -0.3734     0.3579    34.8932 6.2346e-01 1.0000e-12 7.1669e+04    326.000    34.8926    34.8892     5.5923    1470.55    27.7358    27.7330    1471.49 0.0000e+00
    330.376     3.6795     3.6812   3.232821   3.232685     2.1260    -0.3733     0.3580    34.8931 7.5691e-01 1.0000e-12 6.4819e+04    327.000    34.8925    34.8891     5.5934    1470.55    27.7360    27.7331    1471.49 0.0000e+00
    331.387     3.6793     3.6809   3.232905   3.232723     2.1261    -0.3881     0.3548    34.8933 1.4314e+00 1.0000e-12 2.8766e+04    328.000    34.8932    34.8893     5.5943    1470.57    27.7365    27.7333    1471.49 0.0000e+00
    332.398     3.6795     3.6807   3.232940   3.232746     2.1262    -0.3918     0.3565    34.8932 9.8620e-01 1.0000e-12 4.7584e+04    329.000    34.8928    34.8893     5.5953    1470.59    27.7362    27.7332    1471.48 0.0000e+00
    333.409     3.6761     3.6773   3.232642   3.232460     2.1261    -0.3929     0.3616    34.8929 6.5830e-01 1.0000e-12 6.5048e+04    330.000    34.8924    34.8889     5.5965    1470.59    27.7362    27.7333    1471.48 0.0000e+00
    334.420     3.6778     3.6791   3.232881   3.232697     2.1269    -0.4042     0.3608    34.8931 7.0370e-01 1.0000e-12 6.8570e+04    331.000    34.8929    34.8893     5.5994    1470.61    27.7365    27.7334    1471.48 0.0000e+00
    335.431     3.6775     3.6790   3.232877   3.232726     2.1262    -0.3784     0.3643    34.8929 7.5504e-01 1.0000e-12 5.9694e+04    332.000    34.8926    34.8892     5.5979    1470.63    27.7362    27.7334    1471.47 0.0000e+00
    336.442     3.6715     3.6707   3.232170   3.231888     2.1262    -0.3937     0.3644    34.8918 6.8525e-01 1.0000e-12 6.3617e+04    333.000    34.8900    34.8875     5.5996    1470.62    27.7348    27.7328    1471.47 0.0000e+00
    337.454     3.6608     3.6623   3.231323   3.231156     2.1261    -0.4126     0.3582    34.8914 7.0548e-01 1.0000e-12 6.2543e+04    334.000    34.8907    34.8871     5.6018    1470.59    27.7364    27.7334    1471.47 0.0000e+00
    338.465     3.6596     3.6621   3.231230   3.231182     2.1257    -0.3858     0.3557    34.8911 1.0385e+00 1.0000e-12 5.0740e+04    335.000    34.8904    34.8870     5.6015    1470.60    27.7363    27.7334    1471.47 0.0000e+00
    339.476     3.6569     3.6581   3.230978   3.230802     2.1259    -0.3815     0.3558    34.8906 1.0284e+00 1.0000e-12 4.5601e+04    336.000    34.8896    34.8863     5.6033    1470.60    27.7359    27.7332    1471.46 0.0000e+00
    340.487     3.6536     3.6552   3.230731   3.230582     2.1261    -0.3916     0.3620    34.8903 8.9047e-01 1.0000e-12 5.2722e+04    337.000    34.8896    34.8861     5.6053    1470.61    27.7363    27.7334    1471.46 0.0000e+00
    341.498     3.6538     3.6556   3.230817   3.230680     2.1268    -0.3848     0.3578    34.8903 7.7966e-01 1.0000e-12 5.8605e+04    338.000    34.8899    34.8864     5.6082    1470.63    27.7365    27.7335    1471.46 0.0000e+00
    342.509     3.6563     3.6585   3.231163   3.231055     2.1274    -0.3776     0.3559    34.8908 1.3219e+00 1.0000e-12 3.4150e+04    339.000    34.8908    34.8872     5.6108    1470.65    27.7370    27.7339    1471.46 0.0000e+00
    343.521     3.6590     3.6619   3.231496   3.231445     2.1277    -0.3914     0.3573    34.8912 1.4982e+00 1.0000e-12 2.5790e+04    340.000    34.8914    34.8877     5.6119    1470.68    27.7372    27.7339    1471.45 0.0000e+00
    344.532     3.6631     3.6650   3.231979   3.231831     2.1273    -0.3899     0.3543    34.8919 9.8862e-01 1.0000e-12 5.4224e+04    341.000    34.8923    34.8884     5.6108    1470.72    27.7375    27.7342    1471.45 0.0000e+00
    345.543     3.6642     3.6659   3.232093   3.231951     2.1269    -0.3725     0.3621    34.8919 1.0045e+00 1.0000e-12 4.6498e+04    342.000    34.8919    34.8884     5.6099    1470.74    27.7371    27.7341    1471.45 0.0000e+00
    346.554     3.6638     3.6657   3.232091   3.231968     2.1270    -0.3706     0.3638    34.8918 9.4166e-01 1.0000e-12 5.0004e+04    343.000    34.8917    34.8883     5.6111    1470.75    27.7370    27.7340    1471.45 0.0000e+00
    347.565     3.6629     3.6647   3.232042   3.231920     2.1261    -0.3929     0.3549    34.8917 1.0501e+00 1.0000e-12 4.4246e+04    344.000    34.8916    34.8882     5.6088    1470.76    27.7370    27.7341    1471.45 0.0000e+00
    348.577     3.6613     3.6631   3.231931   3.231805     2.1252    -0.3872     0.3564    34.8916 7.8767e-01 1.0000e-12 5.8180e+04    345.000    34.8914    34.8880     5.6066    1470.77    27.7370    27.7341    1471.44 0.0000e+00
    349.588     3.6603     3.6623   3.231901   3.231781     2.1249    -0.3730     0.3624    34.8917 9.8843e-01 1.0000e-12 4.7521e+04    346.000    34.8916    34.8881     5.6065    1470.79    27.7372    27.7342    1471.44 0.0000e+00
