Ship_data/Irminger/Irminger-4/ctd/process/dar21999.cnv
* Sea-Bird SBE 9 Data File:
* FileName = D:\Data\ar20001.hdr
* Software Version Seasave V 7.23.2
* Temperature SN = 4155
* Conductivity SN = 2645
* Number of Bytes Per Scan = 40
* Number of Voltage Words = 5
* Number of Scans Averaged by the Deck Unit = 1
* NMEA Latitude = 39 53.23 N
* NMEA Longitude = 071 21.61 W
* NMEA UTC (Time) = Jul 06 2017  23:27:03
# nquan = 20
# nvalues = 290                         
# units = specified
# name 0 = prDM: Pressure, Digiquartz [db]
# name 1 = t090C: Temperature [ITS-90, deg C]
# name 2 = t190C: Temperature, 2 [ITS-90, deg C]
# name 3 = c0S/m: Conductivity [S/m]
# name 4 = c1S/m: Conductivity, 2 [S/m]
# name 5 = sbeox0V: Oxygen raw, SBE 43 [V]
# name 6 = flECO-AFL: Fluorescence, WET Labs ECO-AFL/FL [mg/m^3]
# name 7 = turbWETntu0: Turbidity, WET Labs ECO [NTU]
# name 8 = sal00: Salinity, Practical [PSU]
# name 9 = spar: SPAR/Surface Irradiance
# name 10 = par: PAR/Irradiance, Biospherical/Licor
# name 11 = cpar: CPAR/Corrected Irradiance [%]
# name 12 = depSM: Depth [salt water, m], lat = 39.8872
# name 13 = sal00: Salinity, Practical [PSU]
# name 14 = sal11: Salinity, Practical, 2 [PSU]
# name 15 = sbeox0ML/L: Oxygen, SBE 43 [ml/l], WS = 2
# name 16 = svCM: Sound Velocity [Chen-Millero, m/s]
# name 17 = sigma-é00: Density [sigma-theta, kg/m^3]
# name 18 = sigma-é11: Density, 2 [sigma-theta, kg/m^3]
# name 19 = flag: flag
# span 0 =     14.108,    305.562       
# span 1 =     8.2356,    17.4181       
# span 2 =     8.2351,    17.4105       
# span 3 =   3.672176,   4.425798       
# span 4 =   3.670309,   4.425230       
# span 5 =     1.0732,     2.5352       
# span 6 =    -0.3565,     0.9543       
# span 7 =     0.3286,     0.4899       
# span 8 =    34.0887,    35.4987       
# span 9 = 4.8782e+01, 7.7910e+01       
# span 10 = -6.126e-08, 8.3017e+00      
# span 11 = -9.814e-08, 1.0630e+01      
# span 12 =     14.000,    303.000      
# span 13 =    34.0814,    35.4968      
# span 14 =    34.0830,    35.4946      
# span 15 =     1.7236,     4.9773      
# span 16 =    1488.52,    1513.26      
# span 17 =    24.7100,    27.4063      
# span 18 =    24.7130,    27.3557      
# span 19 = 0.0000e+00, 0.0000e+00      
# interval = meters: 1                  
# start_time = Jul 06 2017 23:27:03 [NMEA time, header]
# bad_flag = -9.990e-29
*END*
[from data line 145]
    160.288    11.6601    11.6617   4.021156   4.021019     1.5455    -0.3347     0.3337    35.4648 6.0647e+01 1.0000e-12 1.6491e-12    159.000    35.4599    35.4571     2.8753    1498.86    27.0152    27.0126 0.0000e+00
    161.297    11.6592    11.6608   4.021082   4.020979     1.5416    -0.3297     0.3351    35.4641 6.0596e+01 1.0000e-12 1.6505e-12    160.000    35.4596    35.4570     2.8648    1498.87    27.0151    27.0128 0.0000e+00
    162.305    11.6485    11.6515   4.019882   4.020043     1.5380    -0.3263     0.3360    35.4626 6.0930e+01 1.0000e-12 1.6416e-12    161.000    35.4576    35.4563     2.8559    1498.85    27.0156    27.0140 0.0000e+00
    163.314    11.6374    11.6388   4.018826   4.018739     1.5354    -0.3238     0.3364    35.4616 6.0790e+01 1.0000e-12 1.6453e-12    162.000    35.4573    35.4551     2.8497    1498.83    27.0175    27.0155 0.0000e+00
    164.322    11.6266    11.6289   4.017779   4.017737     1.5330    -0.3160     0.3405    35.4606 6.0744e+01 1.0000e-12 1.6465e-12    163.000    35.4569    35.4543     2.8440    1498.81    27.0192    27.0168 0.0000e+00
    165.331    11.6237    11.6250   4.017337   4.017359     1.5303    -0.3213     0.3407    35.4597 6.0652e+01 1.0000e-12 1.6490e-12    164.000    35.4549    35.4538     2.8371    1498.81    27.0182    27.0172 0.0000e+00
    166.339    11.5905    11.5933   4.013395   4.013827     1.5270    -0.3333     0.3337    35.4550 6.0361e+01 1.0000e-12 1.6568e-12    165.000    35.4473    35.4488     2.8305    1498.70    27.0186    27.0193 0.0000e+00
    167.348    11.5398    11.5416   4.008246   4.008369     1.5219    -0.3168     0.3336    35.4513 6.0339e+01 1.0000e-12 1.6574e-12    166.000    35.4445    35.4440     2.8196    1498.54    27.0260    27.0252 0.0000e+00
    168.356    11.5101    11.5088   4.005110   4.004867     1.5155    -0.3157     0.3336    35.4480 6.0341e+01 1.0000e-12 1.6573e-12    167.000    35.4415    35.4403     2.8042    1498.45    27.0292    27.0285 0.0000e+00
    169.365    11.4797    11.4812   4.001667   4.001877     1.5100    -0.3239     0.3354    35.4442 6.0749e+01 1.0000e-12 1.6464e-12    168.000    35.4361    35.4367     2.7911    1498.36    27.0307    27.0309 0.0000e+00
    170.373    11.4491    11.4501   3.998768   3.998657     1.5058    -0.3302     0.3372    35.4421 6.0558e+01 1.0000e-12 1.6515e-12    169.000    35.4363    35.4342     2.7815    1498.27    27.0365    27.0348 0.0000e+00
    171.382    11.4301    11.4296   3.996441   3.996384     1.5019    -0.3165     0.3338    35.4389 6.0381e+01 1.0000e-12 1.6562e-12    170.000    35.4310    35.4309     2.7723    1498.21    27.0360    27.0360 0.0000e+00
    172.391    11.4081    11.4093   3.994467   3.994367     1.4980    -0.3157     0.3381    35.4377 6.0362e+01 1.0000e-12 1.6568e-12    171.000    35.4321    35.4299     2.7628    1498.16    27.0410    27.0391 0.0000e+00
    173.399    11.4025    11.4036   3.993924   3.993798     1.4938    -0.3169     0.3343    35.4366 6.0336e+01 1.0000e-12 1.6575e-12    172.000    35.4316    35.4293     2.7519    1498.15    27.0417    27.0397 0.0000e+00
    174.408    11.3920    11.3934   3.992873   3.992761     1.4903    -0.3163     0.3336    35.4351 6.0330e+01 1.0000e-12 1.6576e-12    173.000    35.4308    35.4283     2.7430    1498.13    27.0430    27.0408 0.0000e+00
    175.416    11.3740    11.3744   3.990800   3.990722     1.4874    -0.3157     0.3336    35.4327 6.0429e+01 1.0000e-12 1.6550e-12    174.000    35.4270    35.4259     2.7363    1498.08    27.0435    27.0425 0.0000e+00
    176.425    11.3576    11.3592   3.989233   3.989170     1.4849    -0.3225     0.3319    35.4313 6.0460e+01 1.0000e-12 1.6541e-12    175.000    35.4268    35.4247     2.7306    1498.04    27.0463    27.0444 0.0000e+00
    177.433    11.3493    11.3510   3.988312   3.988324     1.4828    -0.3352     0.3287    35.4300 6.0271e+01 1.0000e-12 1.6592e-12    176.000    35.4252    35.4237     2.7256    1498.03    27.0467    27.0452 0.0000e+00
    178.442    11.3354    11.3370   3.986753   3.986820     1.4807    -0.3168     0.3333    35.4281 6.0271e+01 1.0000e-12 1.6592e-12    177.000    35.4226    35.4218     2.7210    1497.99    27.0473    27.0463 0.0000e+00
    179.450    11.3168    11.3184   3.984827   3.984864     1.4782    -0.3166     0.3369    35.4262 6.0108e+01 1.0000e-12 1.6638e-12    178.000    35.4209    35.4198     2.7156    1497.94    27.0494    27.0482 0.0000e+00
    180.459    11.2956    11.2975   3.982638   3.982660     1.4759    -0.3164     0.3351    35.4240 6.0199e+01 1.0000e-12 1.6612e-12    179.000    35.4190    35.4175     2.7105    1497.88    27.0519    27.0503 0.0000e+00
    181.468    11.2800    11.2818   3.981103   3.981039     1.4730    -0.3157     0.3302    35.4223 6.0057e+01 1.0000e-12 1.6653e-12    180.000    35.4183    35.4160     2.7036    1497.85    27.0542    27.0521 0.0000e+00
    182.476    11.2712    11.2725   3.980234   3.980123     1.4707    -0.3229     0.3337    35.4211 6.0045e+01 1.0000e-12 1.6656e-12    181.000    35.4177    35.4153     2.6982    1497.83    27.0554    27.0533 0.0000e+00
    183.485    11.2684    11.2692   3.979958   3.979807     1.4694    -0.3331     0.3336    35.4207 6.0271e+01 1.0000e-12 1.6592e-12    182.000    35.4172    35.4149     2.6951    1497.84    27.0555    27.0536 0.0000e+00
    184.493    11.2438    11.2459   3.976819   3.977155     1.4677    -0.3158     0.3336    35.4163 6.0271e+01 1.0000e-12 1.6593e-12    183.000    35.4092    35.4104     2.6922    1497.76    27.0539    27.0544 0.0000e+00
    185.502    11.2163    11.2182   3.974376   3.974371     1.4652    -0.3157     0.3336    35.4153 6.0271e+01 1.0000e-12 1.6592e-12    184.000    35.4108    35.4090     2.6870    1497.68    27.0602    27.0584 0.0000e+00
    186.511    11.2040    11.2059   3.973013   3.973051     1.4625    -0.3165     0.3336    35.4134 6.0192e+01 1.0000e-12 1.6614e-12    185.000    35.4086    35.4072     2.6804    1497.65    27.0608    27.0593 0.0000e+00
    187.519    11.1751    11.1768   3.969709   3.969905     1.4598    -0.3157     0.3336    35.4097 6.0193e+01 1.0000e-12 1.6614e-12    186.000    35.4031    35.4033     2.6752    1497.56    27.0618    27.0617 0.0000e+00
    188.528    11.1527    11.1548   3.967644   3.967695     1.4577    -0.3307     0.3371    35.4084 6.0109e+01 1.0000e-12 1.6638e-12    187.000    35.4035    35.4020     2.6706    1497.50    27.0663    27.0648 0.0000e+00
    189.537    11.1388    11.1407   3.966206   3.966146     1.4551    -0.3203     0.3347    35.4065 6.0055e+01 1.0000e-12 1.6653e-12    188.000    35.4022    35.3997     2.6646    1497.47    27.0678    27.0655 0.0000e+00
    190.545    11.0986    11.0980   3.961176   3.961447     1.4523    -0.3156     0.3336    35.4002 6.0014e+01 1.0000e-12 1.6665e-12    189.000    35.3901    35.3934     2.6595    1497.33    27.0658    27.0685 0.0000e+00
    191.554    11.0565    11.0579   3.957273   3.957318     1.4487    -0.3157     0.3297    35.3980 5.9879e+01 1.0000e-12 1.6703e-12    190.000    35.3913    35.3904     2.6522    1497.20    27.0744    27.0734 0.0000e+00
    192.563    11.0211    11.0243   3.953194   3.953664     1.4449    -0.3164     0.3363    35.3931 6.0120e+01 1.0000e-12 1.6635e-12    191.000    35.3842    35.3858     2.6437    1497.09    27.0753    27.0760 0.0000e+00
    193.571    10.9638    10.9656   3.947304   3.947407     1.4410    -0.3164     0.3345    35.3882 6.0132e+01 1.0000e-12 1.6631e-12    192.000    35.3801    35.3793     2.6364    1496.90    27.0826    27.0817 0.0000e+00
    194.580    10.9485    10.9471   3.945772   3.945520     1.4378    -0.3157     0.3336    35.3862 5.9701e+01 1.0000e-12 1.6754e-12    193.000    35.3789    35.3778     2.6286    1496.86    27.0845    27.0839 0.0000e+00
    195.589    10.9264    10.9273   3.943531   3.943466     1.4353    -0.3166     0.3379    35.3840 6.0023e+01 1.0000e-12 1.6662e-12    194.000    35.3774    35.3758     2.6232    1496.80    27.0873    27.0859 0.0000e+00
    196.597    10.9138    10.9156   3.942406   3.942292     1.4338    -0.3156     0.3347    35.3830 5.9890e+01 1.0000e-12 1.6700e-12    195.000    35.3778    35.3749     2.6201    1496.77    27.0900    27.0874 0.0000e+00
    197.606    10.9151    10.9163   3.942642   3.942438     1.4327    -0.3165     0.3364    35.3826 5.9447e+01 1.0000e-12 1.6826e-12    196.000    35.3784    35.3753     2.6171    1496.79    27.0902    27.0875 0.0000e+00
    198.615    10.9088    10.9091   3.941715   3.941674     1.4312    -0.3157     0.3358    35.3808 5.9098e+01 1.0000e-12 1.6925e-12    197.000    35.3748    35.3741     2.6135    1496.78    27.0886    27.0879 0.0000e+00
    199.623    10.8724    10.8749   3.937763   3.937981     1.4284    -0.3165     0.3334    35.3767 5.9428e+01 1.0000e-12 1.6831e-12    198.000    35.3698    35.3696     2.6081    1496.66    27.0912    27.0906 0.0000e+00
    200.632    10.8366    10.8384   3.933808   3.934085     1.4249    -0.3157     0.3336    35.3728 5.9647e+01 1.0000e-12 1.6769e-12    199.000    35.3643    35.3653     2.6008    1496.55    27.0934    27.0939 0.0000e+00
    201.641    10.7638    10.7649   3.925526   3.926042     1.4203    -0.3157     0.3336    35.3639 5.9409e+01 1.0000e-12 1.6837e-12    200.000    35.3509    35.3550     2.5922    1496.29    27.0961    27.0991 0.0000e+00
    202.649    10.6980    10.6991   3.918938   3.919171     1.4160    -0.3175     0.3313    35.3589 5.8887e+01 1.0000e-12 1.6985e-12    201.000    35.3477    35.3490     2.5842    1496.07    27.1054    27.1063 0.0000e+00
    203.658    10.6582    10.6599   3.914914   3.915082     1.4122    -0.3157     0.3330    35.3553 5.8895e+01 1.0000e-12 1.6983e-12    202.000    35.3452    35.3453     2.5758    1495.95    27.1106    27.1104 0.0000e+00
    204.667    10.6255    10.6271   3.911685   3.911648     1.4075    -0.3222     0.3368    35.3515 5.9263e+01 1.0000e-12 1.6878e-12    203.000    35.3438    35.3419     2.5646    1495.85    27.1153    27.1136 0.0000e+00
    205.675    10.6155    10.6176   3.910838   3.910751     1.4037    -0.3217     0.3334    35.3498 5.9331e+01 1.0000e-12 1.6859e-12    204.000    35.3445    35.3416     2.5549    1495.83    27.1177    27.1151 0.0000e+00
    206.684    10.6121    10.6128   3.910315   3.910256     1.4028    -0.3347     0.3336    35.3483 5.9578e+01 1.0000e-12 1.6789e-12    205.000    35.3420    35.3408     2.5527    1495.83    27.1164    27.1153 0.0000e+00
    207.693    10.5834    10.5861   3.907413   3.907472     1.4020    -0.3244     0.3336    35.3456 5.8715e+01 1.0000e-12 1.7034e-12    206.000    35.3401    35.3381     2.5524    1495.74    27.1200    27.1180 0.0000e+00
    208.702    10.5641    10.5656   3.905375   3.905344     1.4000    -0.3276     0.3313    35.3430 5.8632e+01 1.0000e-12 1.7057e-12    207.000    35.3377    35.3360     2.5481    1495.69    27.1216    27.1200 0.0000e+00
    209.710    10.5109    10.5100   3.899514   3.899425     1.3972    -0.3216     0.3369    35.3369 5.8491e+01 1.0000e-12 1.7098e-12    208.000    35.3296    35.3296     2.5434    1495.51    27.1247    27.1249 0.0000e+00
    210.719    10.4786    10.4796   3.896352   3.896274     1.3953    -0.3250     0.3337    35.3342 5.8587e+01 1.0000e-12 1.7070e-12    209.000    35.3284    35.3267     2.5403    1495.41    27.1295    27.1280 0.0000e+00
    211.728    10.4531    10.4552   3.893791   3.893754     1.3927    -0.3246     0.3352    35.3309 5.8580e+01 1.0000e-12 1.7072e-12    210.000    35.3268    35.3244     2.5346    1495.33    27.1327    27.1305 0.0000e+00
    212.737    10.4217    10.4233   3.890239   3.890357     1.3901    -0.3183     0.3341    35.3267 5.8514e+01 1.0000e-12 1.7091e-12    211.000    35.3208    35.3204     2.5293    1495.23    27.1337    27.1330 0.0000e+00
    213.745    10.3970    10.3989   3.887875   3.887860     1.3881    -0.3286     0.3383    35.3248 5.8393e+01 1.0000e-12 1.7125e-12    212.000    35.3204    35.3184     2.5252    1495.16    27.1376    27.1358 0.0000e+00
    214.754    10.3829    10.3858   3.886452   3.886531     1.3865    -0.3251     0.3344    35.3228 5.8358e+01 1.0000e-12 1.7136e-12    213.000    35.3192    35.3171     2.5217    1495.12    27.1392    27.1371 0.0000e+00
    215.763    10.3436    10.3455   3.882190   3.882252     1.3840    -0.3276     0.3335    35.3184 5.8389e+01 1.0000e-12 1.7126e-12    214.000    35.3136    35.3124     2.5172    1494.99    27.1418    27.1405 0.0000e+00
    216.772    10.3137    10.3160   3.879158   3.879197     1.3824    -0.3353     0.3336    35.3155 5.8436e+01 1.0000e-12 1.7113e-12    215.000    35.3114    35.3095     2.5147    1494.90    27.1453    27.1434 0.0000e+00
    217.780    10.3049    10.3058   3.878363   3.878189     1.3814    -0.3356     0.3375    35.3144 5.8308e+01 1.0000e-12 1.7151e-12    216.000    35.3115    35.3088     2.5125    1494.89    27.1469    27.1446 0.0000e+00
    218.789    10.3006    10.3024   3.877984   3.877891     1.3805    -0.3265     0.3359    35.3135 5.8228e+01 1.0000e-12 1.7175e-12    217.000    35.3113    35.3085     2.5105    1494.89    27.1476    27.1451 0.0000e+00
    219.798    10.2955    10.2974   3.877497   3.877420     1.3805    -0.3285     0.3364    35.3127 5.7893e+01 1.0000e-12 1.7277e-12    218.000    35.3108    35.3082     2.5113    1494.89    27.1481    27.1457 0.0000e+00
    220.807    10.2799    10.2807   3.875772   3.875671     1.3802    -0.3348     0.3382    35.3107 5.7869e+01 1.0000e-12 1.7284e-12    219.000    35.3080    35.3062     2.5114    1494.84    27.1486    27.1471 0.0000e+00
    221.815    10.2602    10.2625   3.873781   3.873800     1.3799    -0.3271     0.3366    35.3088 5.7722e+01 1.0000e-12 1.7329e-12    220.000    35.3064    35.3044     2.5122    1494.79    27.1508    27.1489 0.0000e+00
    222.824    10.2434    10.2456   3.872033   3.872058     1.3795    -0.3188     0.3335    35.3069 5.7609e+01 1.0000e-12 1.7363e-12    221.000    35.3045    35.3027     2.5121    1494.74    27.1523    27.1505 0.0000e+00
    223.833    10.2273    10.2285   3.870421   3.870295     1.3796    -0.3279     0.3363    35.3054 5.7556e+01 1.0000e-12 1.7379e-12    222.000    35.3033    35.3009     2.5137    1494.70    27.1541    27.1521 0.0000e+00
    224.842    10.2164    10.2167   3.869344   3.869111     1.3798    -0.3345     0.3343    35.3043 5.7035e+01 1.0000e-12 1.7537e-12    223.000    35.3024    35.2998     2.5152    1494.68    27.1554    27.1533 0.0000e+00
    225.851    10.2061    10.2072   3.868292   3.868159     1.3800    -0.3352     0.3329    35.3031 5.6852e+01 1.0000e-12 1.7592e-12    224.000    35.3013    35.2989     2.5169    1494.66    27.1563    27.1543 0.0000e+00
    226.859    10.1951    10.1972   3.867197   3.867148     1.3799    -0.3265     0.3336    35.3020 5.7083e+01 1.0000e-12 1.7522e-12    225.000    35.3004    35.2979     2.5174    1494.63    27.1576    27.1552 0.0000e+00
    227.868    10.1870    10.1916   3.866352   3.866599     1.3798    -0.3273     0.3336    35.3009 5.6520e+01 1.0000e-12 1.7693e-12    226.000    35.2992    35.2972     2.5179    1494.62    27.1580    27.1557 0.0000e+00
    228.877    10.1663    10.1685   3.864148   3.864180     1.3797    -0.3190     0.3336    35.2989 5.6700e+01 1.0000e-12 1.7638e-12    227.000    35.2964    35.2946     2.5192    1494.56    27.1595    27.1577 0.0000e+00
    229.886    10.1549    10.1567   3.863096   3.862996     1.3796    -0.3337     0.3357    35.2979 5.6582e+01 1.0000e-12 1.7674e-12    228.000    35.2964    35.2936     2.5200    1494.53    27.1614    27.1590 0.0000e+00
    230.895    10.1458    10.1462   3.862165   3.861943     1.3793    -0.3349     0.3332    35.2967 5.6535e+01 1.0000e-12 1.7689e-12    229.000    35.2952    35.2926     2.5199    1494.52    27.1621    27.1600 0.0000e+00
    231.904    10.1404    10.1417   3.861663   3.861509     1.3791    -0.3357     0.3361    35.2962 5.6556e+01 1.0000e-12 1.7683e-12    230.000    35.2949    35.2921     2.5200    1494.51    27.1628    27.1604 0.0000e+00
