Ship_data/Irminger/Irminger-4/ctd/process/dar21_007.cnv
* Sea-Bird SBE 9 Data File:
* FileName = D:\Data\AR21_007.hdr
* Software Version Seasave V 7.23.2
* Temperature SN = 4155
* Conductivity SN = 2645
* Number of Bytes Per Scan = 40
* Number of Voltage Words = 5
* Number of Scans Averaged by the Deck Unit = 1
* NMEA Latitude = 59 55.58 N
* NMEA Longitude = 039 30.97 W
* NMEA UTC (Time) = Aug 05 2017  20:24:20
# nquan = 21
# nvalues = 1500                        
# units = specified
# name 0 = prDM: Pressure, Digiquartz [db]
# name 1 = t090C: Temperature [ITS-90, deg C]
# name 2 = t190C: Temperature, 2 [ITS-90, deg C]
# name 3 = c0S/m: Conductivity [S/m]
# name 4 = c1S/m: Conductivity, 2 [S/m]
# name 5 = sbeox0V: Oxygen raw, SBE 43 [V]
# name 6 = flECO-AFL: Fluorescence, WET Labs ECO-AFL/FL [mg/m^3]
# name 7 = turbWETntu0: Turbidity, WET Labs ECO [NTU]
# name 8 = sal00: Salinity, Practical [PSU]
# name 9 = spar: SPAR/Surface Irradiance
# name 10 = par: PAR/Irradiance, Biospherical/Licor
# name 11 = cpar: CPAR/Corrected Irradiance [%]
# name 12 = depSM: Depth [salt water, m], lat = 59.9263
# name 13 = sal00: Salinity, Practical [PSU]
# name 14 = sal11: Salinity, Practical, 2 [PSU]
# name 15 = sbeox0ML/L: Oxygen, SBE 43 [ml/l], WS = 2
# name 16 = svCM: Sound Velocity [Chen-Millero, m/s]
# name 17 = sigma-é00: Density [sigma-theta, kg/m^3]
# name 18 = sigma-é11: Density, 2 [sigma-theta, kg/m^3]
# name 19 = avgsvCM: Average Sound Velocity [Chen-Millero, m/s], minP = 20, minS = 20
# name 20 = flag: flag
# span 0 =      3.029,   1521.823       
# span 1 =     3.3044,     8.5322       
# span 2 =     3.3033,     8.5335       
# span 3 =   3.233059,   3.651417       
# span 4 =   3.227012,   3.651159       
# span 5 =     1.5620,     2.4223       
# span 6 =    -0.4141,     0.6889       
# span 7 =     0.3387,     0.4307       
# span 8 =    34.7875,    34.9986       
# span 9 = 2.3672e-01, 2.5055e+00       
# span 10 = 1.0000e-12, 1.0000e-12      
# span 11 = -3.739e+02, 8.7431e+04      
# span 12 =      3.000,   1502.000      
# span 13 =    34.7721,    34.9983      
# span 14 =    34.7825,    34.9498      
# span 15 =     4.0003,     5.6735      
# span 16 =    1469.21,    1489.77      
# span 17 =    27.0293,    27.8450      
# span 18 =    27.0260,    27.7713      
# span 19 =       0.00,    1481.93      
# span 20 = 0.0000e+00, 0.0000e+00      
# interval = meters: 1                  
# start_time = Aug 05 2017 20:24:20 [NMEA time, header]
# bad_flag = -9.990e-29
*END*
[from data line 207]
    212.106     3.9100     3.9119   3.248970   3.248791     2.1412    -0.3927     0.3593    34.9029 9.8681e-01 1.0000e-12 5.2348e+04    210.000    34.9037    34.8996     5.5237    1469.59    27.7205    27.7171    1472.01 0.0000e+00
    213.117     3.9146     3.9164   3.249418   3.249290     2.1405    -0.3710     0.3563    34.9033 1.5475e+00 1.0000e-12 4.1248e+04    211.000    34.9036    34.9002     5.5216    1469.63    27.7200    27.7171    1472.00 0.0000e+00
    214.128     3.9115     3.9140   3.249038   3.249079     2.1400    -0.3718     0.3574    34.9027 1.0658e+00 1.0000e-12 4.3717e+04    212.000    34.9018    34.8997     5.5211    1469.63    27.7189    27.7169    1471.99 0.0000e+00
    215.138     3.9048     3.9069   3.248491   3.248396     2.1395    -0.3691     0.3593    34.9022 1.5079e+00 1.0000e-12 3.9990e+04    213.000    34.9019    34.8985     5.5210    1469.62    27.7196    27.7167    1471.98 0.0000e+00
    216.149     3.9040     3.9057   3.248482   3.248355     2.1393    -0.3460     0.3748    34.9021 1.3601e+00 1.0000e-12 2.7759e+04    214.000    34.9021    34.8987     5.5213    1469.63    27.7199    27.7170    1471.96 0.0000e+00
    217.159     3.9046     3.9062   3.248598   3.248451     2.1394    -0.3462     0.3723    34.9023 1.2341e+00 1.0000e-12 3.4477e+04    215.000    34.9023    34.8988     5.5221    1469.65    27.7200    27.7170    1471.95 0.0000e+00
    218.170     3.9074     3.9091   3.248946   3.248792     2.1398    -0.3576     0.3621    34.9027 1.2373e+00 1.0000e-12 4.2528e+04    216.000    34.9029    34.8993     5.5237    1469.68    27.7202    27.7171    1471.94 0.0000e+00
    219.180     3.9086     3.9102   3.249104   3.248970     2.1392    -0.3663     0.3581    34.9029 1.1155e+00 1.0000e-12 4.5351e+04    217.000    34.9030    34.8997     5.5223    1469.70    27.7201    27.7174    1471.93 0.0000e+00
    220.191     3.9071     3.9087   3.249015   3.248901     2.1386    -0.3874     0.3582    34.9032 1.4295e+00 1.0000e-12 3.2081e+04    218.000    34.9030    34.8998     5.5211    1469.71    27.7203    27.7176    1471.92 0.0000e+00
    221.202     3.9047     3.9064   3.248861   3.248747     2.1380    -0.3707     0.3637    34.9033 1.5812e+00 1.0000e-12 2.1400e+04    219.000    34.9031    34.8999     5.5203    1469.72    27.7207    27.7179    1471.91 0.0000e+00
    222.212     3.9039     3.9055   3.248837   3.248715     2.1373    -0.3799     0.3600    34.9033 7.8294e-01 1.0000e-12 5.8479e+04    220.000    34.9032    34.8999     5.5186    1469.73    27.7208    27.7181    1471.90 0.0000e+00
    223.223     3.9032     3.9048   3.248813   3.248676     2.1367    -0.3873     0.3545    34.9032 1.5664e+00 1.0000e-12 2.7900e+04    221.000    34.9030    34.8997     5.5175    1469.75    27.7207    27.7179    1471.89 0.0000e+00
    224.233     3.8979     3.8991   3.248279   3.248142     2.1365    -0.3482     0.3546    34.9027 1.1436e+00 1.0000e-12 4.4469e+04    222.000    34.9018    34.8989     5.5186    1469.74    27.7204    27.7179    1471.88 0.0000e+00
    225.244     3.8907     3.8922   3.247632   3.247530     2.1368    -0.3861     0.3577    34.9021 1.2519e+00 1.0000e-12 3.3685e+04    223.000    34.9012    34.8984     5.5213    1469.73    27.7206    27.7182    1471.87 0.0000e+00
    226.255     3.8888     3.8907   3.247574   3.247465     2.1370    -0.3863     0.3553    34.9024 1.3287e+00 1.0000e-12 3.8184e+04    224.000    34.9020    34.8986     5.5229    1469.74    27.7215    27.7186    1471.86 0.0000e+00
    227.265     3.8887     3.8904   3.247627   3.247489     2.1369    -0.3941     0.3544    34.9024 1.5488e+00 1.0000e-12 2.6870e+04    225.000    34.9021    34.8988     5.5235    1469.75    27.7216    27.7187    1471.85 0.0000e+00
    228.276     3.8893     3.8909   3.247748   3.247602     2.1372    -0.3788     0.3622    34.9027 8.5936e-01 1.0000e-12 5.4416e+04    226.000    34.9025    34.8990     5.5250    1469.77    27.7218    27.7188    1471.85 0.0000e+00
    229.287     3.8881     3.8897   3.247646   3.247520     2.1369    -0.3653     0.3654    34.9026 1.7682e+00 1.0000e-12 2.1636e+04    227.000    34.9019    34.8988     5.5250    1469.78    27.7215    27.7188    1471.84 0.0000e+00
    230.297     3.8801     3.8812   3.246874   3.246745     2.1362    -0.3698     0.3621    34.9021 1.3705e+00 1.0000e-12 2.7616e+04    228.000    34.9007    34.8980     5.5247    1469.76    27.7214    27.7191    1471.83 0.0000e+00
    231.308     3.8759     3.8778   3.246591   3.246493     2.1357    -0.3694     0.3560    34.9019 1.2335e+00 1.0000e-12 3.9166e+04    229.000    34.9012    34.8980     5.5243    1469.76    27.7222    27.7195    1471.82 0.0000e+00
    232.318     3.8721     3.8735   3.246230   3.246107     2.1357    -0.3680     0.3560    34.9014 9.7364e-01 1.0000e-12 4.7927e+04    230.000    34.9004    34.8975     5.5255    1469.76    27.7220    27.7195    1471.81 0.0000e+00
    233.329     3.8704     3.8720   3.246172   3.246032     2.1356    -0.3685     0.3553    34.9016 1.9495e+00 1.0000e-12 1.1251e+04    231.000    34.9011    34.8977     5.5262    1469.77    27.7227    27.7198    1471.80 0.0000e+00
    234.340     3.8706     3.8723   3.246264   3.246130     2.1356    -0.3678     0.3558    34.9018 1.4713e+00 1.0000e-12 2.5732e+04    232.000    34.9014    34.8980     5.5267    1469.79    27.7229    27.7200    1471.79 0.0000e+00
    235.350     3.8711     3.8728   3.246390   3.246245     2.1357    -0.3718     0.3535    34.9020 9.1453e-01 1.0000e-12 5.5439e+04    233.000    34.9017    34.8982     5.5278    1469.81    27.7231    27.7202    1471.78 0.0000e+00
    236.361     3.8717     3.8734   3.246519   3.246372     2.1358    -0.3912     0.3521    34.9024 1.5886e+00 1.0000e-12 1.9368e+04    234.000    34.9021    34.8986     5.5289    1469.83    27.7234    27.7204    1471.77 0.0000e+00
    237.372     3.8720     3.8737   3.246612   3.246473     2.1355    -0.3907     0.3574    34.9026 1.0579e+00 1.0000e-12 4.3854e+04    235.000    34.9024    34.8990     5.5286    1469.85    27.7236    27.7207    1471.77 0.0000e+00
    238.382     3.8735     3.8752   3.246851   3.246724     2.1350    -0.3841     0.3567    34.9031 1.1983e+00 1.0000e-12 4.0914e+04    236.000    34.9031    34.8997     5.5271    1469.87    27.7240    27.7211    1471.76 0.0000e+00
    239.393     3.8728     3.8745   3.246856   3.246711     2.1349    -0.3704     0.3580    34.9034 1.2243e+00 1.0000e-12 4.0000e+04    237.000    34.9034    34.8998     5.5277    1469.89    27.7243    27.7213    1471.75 0.0000e+00
    240.404     3.8750     3.8768   3.247151   3.247018     2.1350    -0.3908     0.3546    34.9039 1.2243e+00 1.0000e-12 4.4971e+04    238.000    34.9039    34.9005     5.5283    1469.91    27.7245    27.7216    1471.74 0.0000e+00
    241.414     3.8742     3.8760   3.247134   3.247001     2.1348    -0.3706     0.3552    34.9040 8.2947e-01 1.0000e-12 5.6221e+04    239.000    34.9040    34.9006     5.5286    1469.93    27.7247    27.7218    1471.73 0.0000e+00
    242.425     3.8763     3.8785   3.247407   3.247304     2.1347    -0.3667     0.3658    34.9045 1.5219e+00 1.0000e-12 3.3946e+04    240.000    34.9045    34.9010     5.5285    1469.95    27.7249    27.7218    1471.73 0.0000e+00
    243.436     3.8772     3.8787   3.247556   3.247379     2.1345    -0.3691     0.3555    34.9046 1.6326e+00 1.0000e-12 1.9962e+04    241.000    34.9048    34.9011     5.5286    1469.97    27.7250    27.7219    1471.72 0.0000e+00
    244.447     3.8790     3.8805   3.247747   3.247607     2.1338    -0.3789     0.3542    34.9046 1.1130e+00 1.0000e-12 4.9195e+04    242.000    34.9047    34.9013     5.5266    1470.00    27.7247    27.7219    1471.71 0.0000e+00
    245.457     3.8799     3.8811   3.247933   3.247733     2.1336    -0.3825     0.3540    34.9049 1.3712e+00 1.0000e-12 3.5867e+04    243.000    34.9054    34.9017     5.5266    1470.02    27.7252    27.7221    1471.71 0.0000e+00
    246.468     3.8844     3.8861   3.248479   3.248310     2.1332    -0.3673     0.3536    34.9058 8.5614e-01 1.0000e-12 5.5272e+04    244.000    34.9065    34.9026     5.5253    1470.05    27.7256    27.7224    1471.70 0.0000e+00
    247.479     3.8877     3.8898   3.248869   3.248740     2.1326    -0.3773     0.3545    34.9063 1.5760e+00 1.0000e-12 2.8231e+04    245.000    34.9071    34.9033     5.5232    1470.09    27.7258    27.7226    1471.69 0.0000e+00
    248.489     3.8925     3.8941   3.249384   3.249243     2.1321    -0.3779     0.3544    34.9070 6.0743e-01 1.0000e-12 6.7492e+04    246.000    34.9075    34.9041     5.5215    1470.12    27.7256    27.7228    1471.69 0.0000e+00
    249.500     3.8944     3.8963   3.249649   3.249511     2.1320    -0.3597     0.3534    34.9074 1.3339e+00 1.0000e-12 3.8549e+04    247.000    34.9082    34.9045     5.5216    1470.15    27.7260    27.7229    1471.68 0.0000e+00
    250.511     3.8981     3.8999   3.250102   3.249943     2.1318    -0.3490     0.3499    34.9081 1.1831e+00 1.0000e-12 3.7521e+04    248.000    34.9091    34.9052     5.5211    1470.18    27.7263    27.7230    1471.67 0.0000e+00
    251.522     3.8997     3.9014   3.250284   3.250133     2.1314    -0.3670     0.3559    34.9083 1.5306e+00 1.0000e-12 2.4989e+04    249.000    34.9089    34.9053     5.5200    1470.20    27.7260    27.7230    1471.67 0.0000e+00
    252.532     3.8992     3.9010   3.250245   3.250133     2.1310    -0.3826     0.3525    34.9082 1.5990e+00 1.0000e-12 2.0141e+04    250.000    34.9085    34.9053     5.5197    1470.22    27.7257    27.7230    1471.66 0.0000e+00
    253.543     3.8982     3.8997   3.250199   3.250056     2.1308    -0.3786     0.3504    34.9082 1.0075e+00 1.0000e-12 5.1038e+04    251.000    34.9084    34.9051     5.5199    1470.23    27.7258    27.7230    1471.66 0.0000e+00
    254.554     3.8896     3.8912   3.249376   3.249258     2.1297    -0.3729     0.3572    34.9075 9.6041e-01 1.0000e-12 5.3258e+04    252.000    34.9072    34.9041     5.5182    1470.21    27.7257    27.7231    1471.65 0.0000e+00
    255.565     3.8883     3.8898   3.249341   3.249192     2.1291    -0.3731     0.3595    34.9077 1.1864e+00 1.0000e-12 3.6825e+04    253.000    34.9077    34.9043     5.5171    1470.22    27.7263    27.7234    1471.64 0.0000e+00
    256.575     3.8891     3.8909   3.249502   3.249373     2.1284    -0.3873     0.3504    34.9080 1.0624e+00 1.0000e-12 4.3595e+04    254.000    34.9082    34.9048     5.5151    1470.24    27.7266    27.7237    1471.64 0.0000e+00
    257.586     3.8903     3.8920   3.249675   3.249533     2.1287    -0.3444     0.3867    34.9084 1.1522e+00 1.0000e-12 5.0090e+04    255.000    34.9084    34.9050     5.5167    1470.26    27.7267    27.7237    1471.63 0.0000e+00
    258.597     3.8903     3.8924   3.249855   3.249690     2.1289    -0.3437     0.3848    34.9091 1.1776e+00 1.0000e-12 3.7308e+04    256.000    34.9100    34.9058     5.5182    1470.28    27.7279    27.7244    1471.63 0.0000e+00
    259.608     3.8945     3.8966   3.250263   3.250167     2.1288    -0.3704     0.3585    34.9097 1.5278e+00 1.0000e-12 2.5088e+04    257.000    34.9099    34.9065     5.5178    1470.32    27.7274    27.7245    1471.62 0.0000e+00
    260.618     3.8944     3.8962   3.250308   3.250171     2.1282    -0.3652     0.3564    34.9097 1.5069e+00 1.0000e-12 2.0030e+04    258.000    34.9100    34.9065     5.5167    1470.33    27.7275    27.7245    1471.62 0.0000e+00
    261.629     3.8964     3.8976   3.250577   3.250378     2.1282    -0.3724     0.3566    34.9100 7.0462e-01 1.0000e-12 6.2589e+04    259.000    34.9105    34.9068     5.5170    1470.36    27.7277    27.7246    1471.61 0.0000e+00
    262.640     3.8956     3.8973   3.250497   3.250379     2.1273    -0.3903     0.3572    34.9098 1.3861e+00 1.0000e-12 3.5919e+04    260.000    34.9098    34.9066     5.5148    1470.37    27.7272    27.7245    1471.61 0.0000e+00
    263.651     3.8925     3.8952   3.250249   3.250220     2.1264    -0.3688     0.3550    34.9096 1.2995e+00 1.0000e-12 3.2157e+04    261.000    34.9096    34.9064     5.5129    1470.37    27.7274    27.7246    1471.60 0.0000e+00
    264.662     3.8917     3.8932   3.250224   3.250080     2.1256    -0.3837     0.3584    34.9098 1.3594e+00 1.0000e-12 3.1980e+04    262.000    34.9097    34.9064     5.5109    1470.39    27.7275    27.7248    1471.60 0.0000e+00
    265.672     3.8882     3.8907   3.249901   3.249866     2.1245    -0.4141     0.3663    34.9094 1.6392e+00 1.0000e-12 1.2872e+04    263.000    34.9090    34.9059     5.5087    1470.39    27.7274    27.7246    1471.59 0.0000e+00
    266.683     3.8875     3.8894   3.249907   3.249811     2.1241    -0.3930     0.3557    34.9096 2.3672e-01 1.0000e-12 8.7431e+04    264.000    34.9092    34.9061     5.5079    1470.40    27.7276    27.7250    1471.59 0.0000e+00
    267.694     3.8856     3.8873   3.249780   3.249658     2.1240    -0.3921     0.3542    34.9094 1.1411e+00 1.0000e-12 3.9413e+04    265.000    34.9092    34.9059     5.5088    1470.41    27.7278    27.7250    1471.59 0.0000e+00
    268.705     3.8855     3.8873   3.249837   3.249706     2.1234    -0.3708     0.3546    34.9095 1.1605e+00 1.0000e-12 3.8384e+04    266.000    34.9095    34.9060     5.5074    1470.43    27.7280    27.7251    1471.58 0.0000e+00
    269.716     3.8853     3.8871   3.249820   3.249734     2.1232    -0.3715     0.3542    34.9093 1.8761e+00 1.0000e-12 7.4614e+03    267.000    34.9089    34.9060     5.5074    1470.44    27.7276    27.7251    1471.58 0.0000e+00
    270.727     3.8829     3.8845   3.249619   3.249508     2.1226    -0.3636     0.3563    34.9091 9.6686e-01 1.0000e-12 4.8856e+04    268.000    34.9085    34.9055     5.5067    1470.45    27.7276    27.7250    1471.57 0.0000e+00
    271.737     3.8807     3.8823   3.249463   3.249319     2.1222    -0.3734     0.3547    34.9086 1.2858e+00 1.0000e-12 3.7105e+04    269.000    34.9084    34.9050     5.5063    1470.46    27.7277    27.7249    1471.57 0.0000e+00
    272.748     3.8733     3.8719   3.248553   3.248328     2.1213    -0.3695     0.3751    34.9075 1.6640e+00 1.0000e-12 1.8644e+04    270.000    34.9049    34.9038     5.5052    1470.44    27.7257    27.7249    1471.56 0.0000e+00
    273.759     3.8549     3.8565   3.247084   3.246953     2.1211    -0.3706     0.3576    34.9075 1.7700e+00 1.0000e-12 1.2258e+04    271.000    34.9065    34.9032     5.5078    1470.38    27.7289    27.7261    1471.56 0.0000e+00
    274.770     3.8543     3.8556   3.247074   3.246905     2.1211    -0.3687     0.3545    34.9073 7.9714e-01 1.0000e-12 5.7611e+04    272.000    34.9065    34.9031     5.5087    1470.39    27.7289    27.7261    1471.56 0.0000e+00
    275.781     3.8531     3.8548   3.246841   3.246821     2.1209    -0.3726     0.3560    34.9066 7.8480e-01 1.0000e-12 5.8332e+04    273.000    34.9044    34.9024     5.5090    1470.40    27.7274    27.7256    1471.55 0.0000e+00
    276.792     3.8436     3.8451   3.245999   3.245928     2.1210    -0.3637     0.3554    34.9060 1.3067e+00 1.0000e-12 3.0626e+04    274.000    34.9039    34.9015     5.5115    1470.38    27.7280    27.7259    1471.55 0.0000e+00
    277.803     3.8387     3.8403   3.245693   3.245558     2.1213    -0.3715     0.3559    34.9061 1.7493e+00 1.0000e-12 2.1421e+04    275.000    34.9050    34.9016     5.5139    1470.37    27.7294    27.7265    1471.54 0.0000e+00
    278.813     3.8377     3.8398   3.245621   3.245537     2.1215    -0.3702     0.3545    34.9059 1.1195e+00 1.0000e-12 4.1193e+04    276.000    34.9047    34.9015     5.5155    1470.39    27.7292    27.7264    1471.54 0.0000e+00
    279.824     3.8345     3.8369   3.245327   3.245298     2.1221    -0.3771     0.3600    34.9053 1.4625e+00 1.0000e-12 2.9389e+04    277.000    34.9040    34.9011     5.5188    1470.39    27.7290    27.7264    1471.53 0.0000e+00
