Ship_data/Irminger/Irminger-4/ctd/process/dar21_008.cnv
* Sea-Bird SBE 9 Data File:
* FileName = D:\Data\AR21_008.hdr
* Software Version Seasave V 7.23.2
* Temperature SN = 4155
* Conductivity SN = 2645
* Number of Bytes Per Scan = 40
* Number of Voltage Words = 5
* Number of Scans Averaged by the Deck Unit = 1
* NMEA Latitude = 59 58.25 N
* NMEA Longitude = 039 30.62 W
* NMEA UTC (Time) = Aug 06 2017  14:47:54
# nquan = 21
# nvalues = 2599                        
# units = specified
# name 0 = prDM: Pressure, Digiquartz [db]
# name 1 = t090C: Temperature [ITS-90, deg C]
# name 2 = t190C: Temperature, 2 [ITS-90, deg C]
# name 3 = c0S/m: Conductivity [S/m]
# name 4 = c1S/m: Conductivity, 2 [S/m]
# name 5 = sbeox0V: Oxygen raw, SBE 43 [V]
# name 6 = flECO-AFL: Fluorescence, WET Labs ECO-AFL/FL [mg/m^3]
# name 7 = turbWETntu0: Turbidity, WET Labs ECO [NTU]
# name 8 = sal00: Salinity, Practical [PSU]
# name 9 = spar: SPAR/Surface Irradiance
# name 10 = par: PAR/Irradiance, Biospherical/Licor
# name 11 = cpar: CPAR/Corrected Irradiance [%]
# name 12 = depSM: Depth [salt water, m], lat = 59.9708
# name 13 = sal00: Salinity, Practical [PSU]
# name 14 = sal11: Salinity, Practical, 2 [PSU]
# name 15 = sbeox0ML/L: Oxygen, SBE 43 [ml/l], WS = 2
# name 16 = svCM: Sound Velocity [Chen-Millero, m/s]
# name 17 = sigma-é00: Density [sigma-theta, kg/m^3]
# name 18 = sigma-é11: Density, 2 [sigma-theta, kg/m^3]
# name 19 = avgsvCM: Average Sound Velocity [Chen-Millero, m/s], minP = 20, minS = 20
# name 20 = flag: flag
# span 0 =      5.048,   2644.302       
# span 1 =     1.8026,     8.5323       
# span 2 =     1.8135,     8.5332       
# span 3 =   3.169782,   3.652002       
# span 4 =   3.164589,   3.651774       
# span 5 =     1.2069,     2.4120       
# span 6 =    -0.4139,     1.5091       
# span 7 =     0.3310,     0.4820       
# span 8 =    34.7743,    35.2668       
# span 9 = 1.9822e-01, 2.0993e+00       
# span 10 = 1.0000e-12, 1.0000e-12      
# span 11 = 1.3444e+04, 8.9475e+04      
# span 12 =      5.000,   2603.000      
# span 13 =    34.7747,    35.2651      
# span 14 =    34.7908,    34.9299      
# span 15 =     3.2110,     5.6968      
# span 16 =    1469.13,    1501.38      
# span 17 =    27.0337,    28.1727      
# span 18 =    27.0307,    27.9128      
# span 19 =       0.00,    1505.20      
# span 20 = 0.0000e+00, 0.0000e+00      
# interval = meters: 1                  
# start_time = Aug 06 2017 14:47:54 [NMEA time, header]
# bad_flag = -9.990e-29
*END*
[from data line 1173]
   1192.620     3.3208     3.3214   3.240318   3.235822     1.3409    -0.3940     0.3444    34.9109 1.1743e+00 1.0000e-12 3.7654e+04   1178.000    34.9109    34.8563     3.2496    1483.30    27.7920    27.7484    1475.19 0.0000e+00
   1193.635     3.3207     3.3212   3.240354   3.235842     1.3406    -0.3938     0.3435    34.9109 8.8920e-01 1.0000e-12 5.7687e+04   1179.000    34.9109    34.8563     3.2490    1483.32    27.7920    27.7484    1475.20 0.0000e+00
   1194.651     3.3205     3.3204   3.240383   3.235796     1.3400    -0.3929     0.3416    34.9109 1.2360e+00 1.0000e-12 3.8717e+04   1180.000    34.9109    34.8560     3.2471    1483.33    27.7921    27.7483    1475.21 0.0000e+00
   1195.666     3.3203     3.3203   3.240405   3.235833     1.3394    -0.3900     0.3483    34.9109 1.2798e+00 1.0000e-12 3.9983e+04   1181.000    34.9109    34.8561     3.2455    1483.35    27.7920    27.7483    1475.21 0.0000e+00
   1196.681     3.3201     3.3208   3.240437   3.235921     1.3393    -0.3796     0.3452    34.9109 9.8473e-01 1.0000e-12 5.1535e+04   1182.000    34.9110    34.8561     3.2453    1483.37    27.7921    27.7483    1475.22 0.0000e+00
   1197.696     3.3201     3.3201   3.240478   3.235903     1.3388    -0.4025     0.3431    34.9109 9.1377e-01 1.0000e-12 6.0527e+04   1183.000    34.9109    34.8561     3.2440    1483.38    27.7921    27.7484    1475.23 0.0000e+00
   1198.712     3.3203     3.3209   3.240500   3.236025     1.3384    -0.3992     0.3430    34.9105 9.0923e-01 1.0000e-12 5.8601e+04   1184.000    34.9105    34.8562     3.2427    1483.40    27.7918    27.7484    1475.23 0.0000e+00
   1199.727     3.3199     3.3201   3.240515   3.235977     1.3384    -0.3752     0.3404    34.9106 1.3086e+00 1.0000e-12 3.9213e+04   1185.000    34.9106    34.8560     3.2429    1483.42    27.7919    27.7483    1475.24 0.0000e+00
   1200.742     3.3195     3.3195   3.240555   3.235971     1.3380    -0.3743     0.3428    34.9109 1.3871e+00 1.0000e-12 3.1648e+04   1186.000    34.9109    34.8560     3.2422    1483.43    27.7922    27.7483    1475.25 0.0000e+00
   1201.758     3.3193     3.3188   3.240593   3.235932     1.3380    -0.3821     0.3419    34.9110 1.5067e+00 1.0000e-12 2.5004e+04   1187.000    34.9110    34.8557     3.2426    1483.45    27.7923    27.7482    1475.25 0.0000e+00
   1202.773     3.3191     3.3183   3.240621   3.235933     1.3376    -0.3874     0.3396    34.9111 9.7849e-01 1.0000e-12 4.7971e+04   1188.000    34.9111    34.8558     3.2414    1483.46    27.7924    27.7483    1475.26 0.0000e+00
   1203.788     3.3187     3.3185   3.240654   3.235999     1.3369    -0.3807     0.3399    34.9114 1.1172e+00 1.0000e-12 4.8152e+04   1189.000    34.9114    34.8558     3.2393    1483.48    27.7927    27.7483    1475.27 0.0000e+00
   1204.804     3.3183     3.3187   3.240680   3.236068     1.3368    -0.4016     0.3419    34.9116 1.1296e+00 1.0000e-12 4.8005e+04   1190.000    34.9116    34.8559     3.2390    1483.49    27.7929    27.7484    1475.28 0.0000e+00
   1205.819     3.3182     3.3202   3.240710   3.236269     1.3362    -0.4048     0.3458    34.9116 1.1463e+00 1.0000e-12 4.7828e+04   1191.000    34.9116    34.8562     3.2374    1483.51    27.7929    27.7485    1475.28 0.0000e+00
   1206.834     3.3183     3.3206   3.240744   3.236345     1.3358    -0.3850     0.3469    34.9113 1.1131e+00 1.0000e-12 4.9991e+04   1192.000    34.9113    34.8562     3.2362    1483.53    27.7927    27.7485    1475.29 0.0000e+00
   1207.850     3.3185     3.3199   3.240769   3.236326     1.3355    -0.3780     0.3457    34.9109 1.2558e+00 1.0000e-12 4.2849e+04   1193.000    34.9109    34.8562     3.2355    1483.54    27.7924    27.7485    1475.29 0.0000e+00
   1208.865     3.3186     3.3204   3.240808   3.236410     1.3351    -0.3936     0.3474    34.9108 1.2557e+00 1.0000e-12 3.7558e+04   1194.000    34.9108    34.8562     3.2342    1483.56    27.7922    27.7485    1475.30 0.0000e+00
   1209.880     3.3186     3.3211   3.240839   3.236522     1.3345    -0.3938     0.3413    34.9106 1.1188e+00 1.0000e-12 4.4309e+04   1195.000    34.9106    34.8563     3.2324    1483.58    27.7921    27.7485    1475.31 0.0000e+00
   1210.896     3.3187     3.3223   3.240867   3.236691     1.3341    -0.3847     0.3424    34.9103 1.1300e+00 1.0000e-12 4.0019e+04   1196.000    34.9103    34.8565     3.2310    1483.60    27.7918    27.7486    1475.32 0.0000e+00
   1211.911     3.3191     3.3226   3.240893   3.236761     1.3339    -0.3848     0.3460    34.9097 1.5487e+00 1.0000e-12 3.0122e+04   1197.000    34.9097    34.8565     3.2308    1483.61    27.7914    27.7486    1475.32 0.0000e+00
   1212.927     3.3196     3.3226   3.240927   3.236810     1.3338    -0.3941     0.3439    34.9090 1.2460e+00 1.0000e-12 3.7745e+04   1198.000    34.9090    34.8565     3.2309    1483.63    27.7908    27.7486    1475.33 0.0000e+00
   1213.942     3.3200     3.3227   3.240957   3.236869     1.3334    -0.3938     0.3399    34.9084 1.0351e+00 1.0000e-12 5.5067e+04   1199.000    34.9085    34.8566     3.2296    1483.65    27.7903    27.7487    1475.34 0.0000e+00
   1214.958     3.3202     3.3228   3.240999   3.236920     1.3331    -0.3876     0.3387    34.9082 1.1903e+00 1.0000e-12 4.2042e+04   1200.000    34.9083    34.8566     3.2289    1483.67    27.7901    27.7486    1475.34 0.0000e+00
   1215.973     3.3203     3.3229   3.241022   3.236959     1.3329    -0.3749     0.3435    34.9079 7.9729e-01 1.0000e-12 5.7532e+04   1201.000    34.9079    34.8565     3.2284    1483.68    27.7899    27.7486    1475.35 0.0000e+00
   1216.988     3.3205     3.3228   3.241056   3.236993     1.3322    -0.3877     0.3403    34.9075 9.7227e-01 1.0000e-12 5.9204e+04   1202.000    34.9076    34.8564     3.2259    1483.70    27.7896    27.7485    1475.36 0.0000e+00
   1218.004     3.3207     3.3227   3.241091   3.237013     1.3319    -0.3737     0.3430    34.9072 1.2537e+00 1.0000e-12 4.0136e+04   1203.000    34.9073    34.8563     3.2253    1483.72    27.7893    27.7485    1475.36 0.0000e+00
   1219.019     3.3208     3.3228   3.241118   3.237068     1.3317    -0.3844     0.3435    34.9069 1.1556e+00 1.0000e-12 4.2391e+04   1204.000    34.9069    34.8564     3.2249    1483.74    27.7890    27.7485    1475.37 0.0000e+00
   1220.035     3.3208     3.3228   3.241148   3.237118     1.3313    -0.3929     0.3387    34.9067 1.2787e+00 1.0000e-12 4.3971e+04   1205.000    34.9068    34.8564     3.2238    1483.75    27.7889    27.7485    1475.38 0.0000e+00
   1221.050     3.3209     3.3228   3.241178   3.237168     1.3310    -0.3938     0.3427    34.9065 1.1771e+00 1.0000e-12 4.1663e+04   1206.000    34.9066    34.8565     3.2231    1483.77    27.7887    27.7486    1475.38 0.0000e+00
   1222.065     3.3209     3.3228   3.241200   3.237205     1.3307    -0.3938     0.3415    34.9062 6.7328e-01 1.0000e-12 6.4155e+04   1207.000    34.9062    34.8564     3.2223    1483.79    27.7885    27.7486    1475.39 0.0000e+00
   1223.081     3.3210     3.3229   3.241241   3.237265     1.3306    -0.3938     0.3394    34.9061 1.1398e+00 1.0000e-12 4.4595e+04   1208.000    34.9062    34.8565     3.2223    1483.80    27.7884    27.7486    1475.40 0.0000e+00
   1224.096     3.3210     3.3230   3.241280   3.237312     1.3302    -0.3938     0.3415    34.9060 8.9902e-01 1.0000e-12 5.2411e+04   1209.000    34.9061    34.8565     3.2212    1483.82    27.7884    27.7486    1475.41 0.0000e+00
   1225.112     3.3211     3.3230   3.241317   3.237353     1.3296    -0.3938     0.3426    34.9058 9.3956e-01 1.0000e-12 5.4461e+04   1210.000    34.9059    34.8564     3.2191    1483.84    27.7882    27.7485    1475.41 0.0000e+00
   1226.127     3.3211     3.3231   3.241346   3.237402     1.3295    -0.3938     0.3411    34.9057 1.0820e+00 1.0000e-12 4.6422e+04   1211.000    34.9057    34.8564     3.2195    1483.85    27.7881    27.7485    1475.42 0.0000e+00
   1227.143     3.3212     3.3232   3.241375   3.237462     1.3292    -0.3938     0.3436    34.9054 1.3299e+00 1.0000e-12 3.3093e+04   1212.000    34.9054    34.8564     3.2185    1483.87    27.7879    27.7486    1475.43 0.0000e+00
   1228.158     3.3214     3.3230   3.241411   3.237480     1.3286    -0.3938     0.3439    34.9052 8.6262e-01 1.0000e-12 5.4146e+04   1213.000    34.9052    34.8563     3.2168    1483.89    27.7877    27.7485    1475.43 0.0000e+00
   1229.173     3.3214     3.3233   3.241441   3.237573     1.3284    -0.3930     0.3425    34.9049 1.4902e+00 1.0000e-12 2.9204e+04   1214.000    34.9050    34.8566     3.2164    1483.90    27.7875    27.7487    1475.44 0.0000e+00
   1230.189     3.3215     3.3244   3.241470   3.237718     1.3284    -0.3938     0.3402    34.9047 8.2601e-01 1.0000e-12 5.9769e+04   1215.000    34.9048    34.8567     3.2168    1483.92    27.7873    27.7487    1475.45 0.0000e+00
   1231.204     3.3217     3.3257   3.241502   3.237915     1.3283    -0.3930     0.3424    34.9043 1.0264e+00 1.0000e-12 4.5381e+04   1216.000    34.9044    34.8571     3.2168    1483.94    27.7870    27.7489    1475.45 0.0000e+00
   1232.220     3.3222     3.3266   3.241545   3.238041     1.3278    -0.3833     0.3436    34.9038 6.1613e-01 1.0000e-12 6.7287e+04   1217.000    34.9039    34.8572     3.2151    1483.96    27.7866    27.7489    1475.46 0.0000e+00
   1233.235     3.3227     3.3266   3.241585   3.238088     1.3277    -0.3831     0.3433    34.9032 1.3206e+00 1.0000e-12 3.4900e+04   1218.000    34.9032    34.8572     3.2150    1483.97    27.7860    27.7489    1475.47 0.0000e+00
   1234.251     3.3230     3.3268   3.241624   3.238145     1.3271    -0.4137     0.3392    34.9028 9.3753e-01 1.0000e-12 5.0167e+04   1219.000    34.9029    34.8572     3.2132    1483.99    27.7858    27.7489    1475.47 0.0000e+00
   1235.266     3.3234     3.3270   3.241659   3.238206     1.3269    -0.3754     0.3440    34.9023 8.2243e-01 1.0000e-12 6.4781e+04   1220.000    34.9024    34.8572     3.2129    1484.01    27.7853    27.7489    1475.48 0.0000e+00
   1236.282     3.3238     3.3272   3.241703   3.238264     1.3263    -0.3902     0.3397    34.9019 1.0546e+00 1.0000e-12 4.7058e+04   1221.000    34.9020    34.8572     3.2110    1484.03    27.7849    27.7488    1475.49 0.0000e+00
   1237.297     3.3237     3.3273   3.241742   3.238325     1.3266    -0.3769     0.3427    34.9020 1.3037e+00 1.0000e-12 3.3646e+04   1222.000    34.9021    34.8572     3.2124    1484.04    27.7850    27.7489    1475.50 0.0000e+00
   1238.313     3.3245     3.3275   3.241752   3.238384     1.3271    -0.3921     0.3436    34.9007 8.9381e-01 1.0000e-12 5.2522e+04   1223.000    34.9008    34.8573     3.2148    1484.06    27.7839    27.7489    1475.50 0.0000e+00
   1239.328     3.3250     3.3276   3.241786   3.238446     1.3271    -0.3928     0.3410    34.9000 1.2883e+00 1.0000e-12 4.2115e+04   1224.000    34.9002    34.8573     3.2151    1484.08    27.7834    27.7490    1475.51 0.0000e+00
   1240.344     3.3251     3.3276   3.241835   3.238482     1.3270    -0.3938     0.3405    34.9000 1.3301e+00 1.0000e-12 3.5204e+04   1225.000    34.9001    34.8573     3.2152    1484.10    27.7834    27.7490    1475.52 0.0000e+00
   1241.359     3.3251     3.3276   3.241875   3.238515     1.3268    -0.3938     0.3397    34.8999 1.1313e+00 1.0000e-12 4.9912e+04   1226.000    34.9000    34.8572     3.2148    1484.12    27.7833    27.7489    1475.52 0.0000e+00
   1242.375     3.3253     3.3277   3.241905   3.238579     1.3267    -0.3929     0.3436    34.8996 1.0783e+00 1.0000e-12 4.7709e+04   1227.000    34.8997    34.8573     3.2149    1484.13    27.7830    27.7489    1475.53 0.0000e+00
   1243.391     3.3254     3.3287   3.241942   3.238717     1.3260    -0.3938     0.3428    34.8994 1.0109e+00 1.0000e-12 4.6462e+04   1228.000    34.8995    34.8574     3.2125    1484.15    27.7828    27.7490    1475.54 0.0000e+00
   1244.406     3.3257     3.3293   3.241985   3.238824     1.3261    -0.3938     0.3388    34.8991 9.6947e-01 1.0000e-12 5.1621e+04   1229.000    34.8992    34.8575     3.2132    1484.17    27.7826    27.7490    1475.54 0.0000e+00
   1245.422     3.3260     3.3301   3.242018   3.238951     1.3260    -0.3938     0.3402    34.8987 8.2732e-01 1.0000e-12 5.6044e+04   1230.000    34.8987    34.8577     3.2133    1484.19    27.7822    27.7491    1475.55 0.0000e+00
   1246.437     3.3265     3.3304   3.242049   3.239037     1.3260    -0.3938     0.3398    34.8979 1.7127e+00 1.0000e-12 2.7258e+04   1231.000    34.8980    34.8579     3.2138    1484.20    27.7816    27.7492    1475.56 0.0000e+00
   1247.453     3.3269     3.3307   3.242088   3.239101     1.3260    -0.3938     0.3435    34.8974 9.4846e-01 1.0000e-12 5.4307e+04   1232.000    34.8976    34.8578     3.2142    1484.22    27.7812    27.7491    1475.57 0.0000e+00
   1248.468     3.3272     3.3309   3.242127   3.239166     1.3260    -0.3938     0.3462    34.8971 1.4010e+00 1.0000e-12 3.5481e+04   1233.000    34.8972    34.8579     3.2146    1484.24    27.7809    27.7492    1475.57 0.0000e+00
   1249.484     3.3275     3.3312   3.242162   3.239245     1.3260    -0.3938     0.3405    34.8967 9.0881e-01 1.0000e-12 6.1282e+04   1234.000    34.8968    34.8580     3.2148    1484.26    27.7805    27.7492    1475.58 0.0000e+00
   1250.499     3.3279     3.3316   3.242213   3.239327     1.3258    -0.3938     0.3404    34.8964 1.2988e+00 1.0000e-12 3.1308e+04   1235.000    34.8965    34.8580     3.2146    1484.27    27.7803    27.7492    1475.59 0.0000e+00
   1251.515     3.3283     3.3322   3.242249   3.239434     1.3253    -0.3931     0.3400    34.8958 1.4788e+00 1.0000e-12 2.8583e+04   1236.000    34.8960    34.8581     3.2131    1484.29    27.7798    27.7492    1475.59 0.0000e+00
   1252.530     3.3285     3.3328   3.242294   3.239559     1.3253    -0.3859     0.3392    34.8957 1.0787e+00 1.0000e-12 4.5926e+04   1237.000    34.8958    34.8584     3.2136    1484.31    27.7797    27.7494    1475.60 0.0000e+00
   1253.546     3.3289     3.3335   3.242323   3.239663     1.3257    -0.3828     0.3441    34.8951 1.2086e+00 1.0000e-12 4.8099e+04   1238.000    34.8952    34.8584     3.2152    1484.33    27.7792    27.7494    1475.61 0.0000e+00
   1254.562     3.3295     3.3344   3.242362   3.239809     1.3255    -0.3828     0.3459    34.8943 1.0650e+00 1.0000e-12 4.3492e+04   1239.000    34.8945    34.8587     3.2150    1484.35    27.7785    27.7495    1475.61 0.0000e+00
   1255.577     3.3300     3.3354   3.242398   3.239944     1.3259    -0.3735     0.3425    34.8938 7.2357e-01 1.0000e-12 6.1583e+04   1240.000    34.8939    34.8588     3.2168    1484.36    27.7781    27.7495    1475.62 0.0000e+00
   1256.593     3.3305     3.3358   3.242443   3.240042     1.3257    -0.3743     0.3433    34.8932 1.2814e+00 1.0000e-12 4.5536e+04   1241.000    34.8933    34.8590     3.2166    1484.38    27.7776    27.7496    1475.63 0.0000e+00
   1257.608     3.3311     3.3362   3.242487   3.240117     1.3254    -0.3769     0.3507    34.8926 1.0351e+00 1.0000e-12 4.5454e+04   1242.000    34.8927    34.8590     3.2158    1484.40    27.7770    27.7496    1475.64 0.0000e+00
   1258.624     3.3318     3.3365   3.242523   3.240175     1.3251    -0.3925     0.3399    34.8918 1.4966e+00 1.0000e-12 2.5436e+04   1243.000    34.8919    34.8588     3.2149    1484.42    27.7763    27.7495    1475.64 0.0000e+00
   1259.640     3.3324     3.3365   3.242568   3.240224     1.3248    -0.3924     0.3397    34.8912 9.1771e-01 1.0000e-12 5.5002e+04   1244.000    34.8913    34.8589     3.2143    1484.44    27.7758    27.7495    1475.65 0.0000e+00
   1260.655     3.3327     3.3368   3.242623   3.240285     1.3248    -0.3725     0.3389    34.8910 1.1364e+00 1.0000e-12 4.3368e+04   1245.000    34.8911    34.8588     3.2145    1484.46    27.7756    27.7495    1475.66 0.0000e+00
