Ship_data/Irminger/Irminger-4/ctd/process/dar21_004.cnv
* Sea-Bird SBE 9 Data File:
* FileName = D:\Data\AR21_004.hdr
* Software Version Seasave V 7.23.2
* Temperature SN = 4155
* Conductivity SN = 2645
* Number of Bytes Per Scan = 40
* Number of Voltage Words = 5
* Number of Scans Averaged by the Deck Unit = 1
* NMEA Latitude = 50 47.19 N
* NMEA Longitude = 047 19.09 W
* NMEA UTC (Time) = Aug 02 2017  15:55:19
# nquan = 21
# nvalues = 1002                        
# units = specified
# name 0 = prDM: Pressure, Digiquartz [db]
# name 1 = t090C: Temperature [ITS-90, deg C]
# name 2 = t190C: Temperature, 2 [ITS-90, deg C]
# name 3 = c0S/m: Conductivity [S/m]
# name 4 = c1S/m: Conductivity, 2 [S/m]
# name 5 = sbeox0V: Oxygen raw, SBE 43 [V]
# name 6 = flECO-AFL: Fluorescence, WET Labs ECO-AFL/FL [mg/m^3]
# name 7 = turbWETntu0: Turbidity, WET Labs ECO [NTU]
# name 8 = sal00: Salinity, Practical [PSU]
# name 9 = spar: SPAR/Surface Irradiance
# name 10 = par: PAR/Irradiance, Biospherical/Licor
# name 11 = cpar: CPAR/Corrected Irradiance [%]
# name 12 = depSM: Depth [salt water, m], lat = 50.7865
# name 13 = sal00: Salinity, Practical [PSU]
# name 14 = sal11: Salinity, Practical, 2 [PSU]
# name 15 = sbeox0ML/L: Oxygen, SBE 43 [ml/l], WS = 2
# name 16 = svCM: Sound Velocity [Chen-Millero, m/s]
# name 17 = sigma-é00: Density [sigma-theta, kg/m^3]
# name 18 = sigma-é11: Density, 2 [sigma-theta, kg/m^3]
# name 19 = avgsvCM: Average Sound Velocity [Chen-Millero, m/s], minP = 20, minS = 20
# name 20 = flag: flag
# span 0 =      5.044,   1017.257       
# span 1 =     3.1967,    10.8451       
# span 2 =     3.1982,    10.8561       
# span 3 =   3.160649,   3.773925       
# span 4 =   3.160541,   3.774168       
# span 5 =     1.5005,     2.4654       
# span 6 =    -0.4144,     1.9228       
# span 7 =     0.3417,     0.5491       
# span 8 =    33.8346,    34.9346       
# span 9 = 4.2863e-01, 2.0955e+00       
# span 10 = 1.0000e-12, 1.0000e-12      
# span 11 = 6.0725e+03, 8.1334e+04      
# span 12 =      5.000,   1006.000      
# span 13 =    33.8230,    34.9344      
# span 14 =    33.8331,    34.8704      
# span 15 =     3.7281,     5.8106      
# span 16 =    1464.15,    1491.51      
# span 17 =    25.8961,    27.8038      
# span 18 =    25.8940,    27.7523      
# span 19 =       0.00,    1538.40      
# span 20 = 0.0000e+00, 0.0000e+00      
# interval = meters: 1                  
# start_time = Aug 02 2017 15:55:19 [NMEA time, header]
# bad_flag = -9.990e-29
*END*
[from data line 207]
    213.959     3.4358     3.4373   3.199986   3.199906     2.1343    -0.3714     0.3549    34.8217 1.2239e+00 1.0000e-12 4.2308e+04    212.000    34.8220    34.8195     5.5782    1467.53    27.7030    27.7009    1468.04 0.0000e+00
    214.969     3.4362     3.4376   3.200075   3.199986     2.1344    -0.3910     0.3767    34.8219 1.0025e+00 1.0000e-12 4.6953e+04    213.000    34.8221    34.8196     5.5790    1467.55    27.7031    27.7009    1468.04 0.0000e+00
    215.979     3.4370     3.4383   3.200231   3.200131     2.1335    -0.3778     0.3632    34.8223 9.0696e-01 1.0000e-12 5.1846e+04    214.000    34.8227    34.8201     5.5766    1467.57    27.7034    27.7012    1468.04 0.0000e+00
    216.989     3.4365     3.4379   3.200252   3.200165     2.1333    -0.3800     0.3563    34.8227 9.9413e-01 1.0000e-12 4.9056e+04    215.000    34.8228    34.8203     5.5768    1467.58    27.7036    27.7015    1468.04 0.0000e+00
    217.998     3.4365     3.4379   3.200310   3.200226     2.1332    -0.3718     0.3540    34.8229 9.7307e-01 1.0000e-12 5.1884e+04    216.000    34.8230    34.8205     5.5770    1467.60    27.7037    27.7016    1468.04 0.0000e+00
    219.008     3.4366     3.4380   3.200377   3.200275     2.1328    -0.3675     0.3558    34.8230 9.8257e-01 1.0000e-12 5.2167e+04    217.000    34.8231    34.8204     5.5766    1467.61    27.7039    27.7016    1468.03 0.0000e+00
    220.018     3.4369     3.4384   3.200435   3.200372     2.1328    -0.3724     0.3581    34.8228 8.5966e-01 1.0000e-12 5.8897e+04    218.000    34.8229    34.8206     5.5772    1467.63    27.7037    27.7017    1468.03 0.0000e+00
    221.028     3.4361     3.4373   3.200416   3.200325     2.1321    -0.3924     0.3547    34.8230 1.2976e+00 1.0000e-12 3.6765e+04    219.000    34.8231    34.8206     5.5755    1467.65    27.7039    27.7018    1468.03 0.0000e+00
    222.037     3.4352     3.4367   3.200390   3.200310     2.1321    -0.3755     0.3542    34.8231 7.8859e-01 1.0000e-12 5.7900e+04    220.000    34.8231    34.8206     5.5765    1467.66    27.7040    27.7019    1468.03 0.0000e+00
    223.047     3.4353     3.4367   3.200447   3.200359     2.1320    -0.3718     0.3567    34.8231 1.5828e+00 1.0000e-12 2.2098e+04    221.000    34.8232    34.8206     5.5768    1467.68    27.7041    27.7018    1468.03 0.0000e+00
    224.057     3.4352     3.4366   3.200489   3.200397     2.1320    -0.3732     0.3580    34.8232 9.3652e-01 1.0000e-12 5.0226e+04    222.000    34.8232    34.8206     5.5776    1467.69    27.7041    27.7019    1468.02 0.0000e+00
    225.067     3.4349     3.4364   3.200504   3.200421     2.1320    -0.3714     0.3580    34.8232 1.2225e+00 1.0000e-12 3.5091e+04    223.000    34.8232    34.8206     5.5784    1467.71    27.7041    27.7019    1468.02 0.0000e+00
    226.077     3.4345     3.4359   3.200502   3.200422     2.1319    -0.3707     0.3580    34.8231 1.0314e+00 1.0000e-12 4.5241e+04    224.000    34.8230    34.8206     5.5788    1467.72    27.7041    27.7020    1468.02 0.0000e+00
    227.087     3.4337     3.4350   3.200482   3.200395     2.1318    -0.3700     0.3561    34.8231 7.9109e-01 1.0000e-12 5.7998e+04    225.000    34.8231    34.8206     5.5794    1467.73    27.7042    27.7021    1468.02 0.0000e+00
    228.096     3.4348     3.4362   3.200687   3.200590     2.1320    -0.3715     0.3589    34.8235 9.3332e-01 1.0000e-12 5.0447e+04    226.000    34.8238    34.8212     5.5804    1467.76    27.7046    27.7024    1468.02 0.0000e+00
    229.106     3.4387     3.4402   3.201141   3.201053     2.1315    -0.3718     0.3529    34.8244 1.4326e+00 1.0000e-12 3.0438e+04    227.000    34.8246    34.8219     5.5791    1467.79    27.7049    27.7026    1468.02 0.0000e+00
    230.116     3.4372     3.4386   3.201071   3.200987     2.1312    -0.3715     0.3542    34.8247 1.0660e+00 1.0000e-12 5.0571e+04    228.000    34.8248    34.8223     5.5789    1467.80    27.7052    27.7031    1468.02 0.0000e+00
    231.126     3.4365     3.4380   3.201104   3.200996     2.1316    -0.3661     0.3580    34.8251 1.2576e+00 1.0000e-12 3.3149e+04    229.000    34.8254    34.8225     5.5811    1467.82    27.7057    27.7033    1468.02 0.0000e+00
    232.136     3.4374     3.4386   3.201238   3.201135     2.1313    -0.3708     0.3580    34.8253 1.1980e+00 1.0000e-12 3.6393e+04    230.000    34.8255    34.8229     5.5808    1467.84    27.7058    27.7036    1468.02 0.0000e+00
    233.146     3.4378     3.4391   3.201340   3.201228     2.1316    -0.3948     0.3543    34.8254 8.4174e-01 1.0000e-12 5.5309e+04    231.000    34.8257    34.8229     5.5822    1467.85    27.7059    27.7036    1468.01 0.0000e+00
    234.155     3.4442     3.4457   3.202232   3.202000     2.1311    -0.3938     0.3549    34.8269 6.7206e-01 1.0000e-12 6.4318e+04    232.000    34.8291    34.8247     5.5803    1467.90    27.7080    27.7043    1468.01 0.0000e+00
    235.165     3.4514     3.4526   3.202856   3.202732     2.1305    -0.3927     0.3582    34.8276 7.7184e-01 1.0000e-12 5.9020e+04    233.000    34.8284    34.8255     5.5776    1467.95    27.7067    27.7043    1468.01 0.0000e+00
    236.175     3.4478     3.4497   3.202459   3.202438     2.1298    -0.3861     0.3567    34.8267 1.1385e+00 1.0000e-12 4.3477e+04    234.000    34.8268    34.8246     5.5766    1467.95    27.7058    27.7039    1468.01 0.0000e+00
    237.185     3.4513     3.4536   3.203000   3.202962     2.1294    -0.3694     0.3584    34.8280 7.1859e-01 1.0000e-12 6.1794e+04    235.000    34.8290    34.8261     5.5754    1467.98    27.7073    27.7047    1468.01 0.0000e+00
    238.195     3.4539     3.4555   3.203428   3.203231     2.1297    -0.3707     0.3566    34.8288 2.0955e+00 1.0000e-12 7.4824e+03    236.000    34.8308    34.8268     5.5767    1468.01    27.7085    27.7051    1468.01 0.0000e+00
    239.205     3.4635     3.4648   3.204368   3.204213     2.1294    -0.3724     0.3539    34.8301 1.2723e+00 1.0000e-12 3.1310e+04    237.000    34.8314    34.8282     5.5750    1468.07    27.7080    27.7053    1468.01 0.0000e+00
    240.215     3.4649     3.4662   3.204558   3.204410     2.1293    -0.3723     0.3536    34.8303 9.0939e-01 1.0000e-12 5.1717e+04    238.000    34.8317    34.8285     5.5751    1468.09    27.7080    27.7054    1468.01 0.0000e+00
    241.225     3.4648     3.4654   3.204399   3.204367     2.1291    -0.3495     0.3559    34.8301 1.4034e+00 1.0000e-12 2.5490e+04    239.000    34.8293    34.8282     5.5753    1468.11    27.7062    27.7052    1468.01 0.0000e+00
    242.235     3.4575     3.4589   3.203823   3.203764     2.1288    -0.3515     0.3551    34.8296 1.2480e+00 1.0000e-12 5.1531e+04    240.000    34.8296    34.8274     5.5762    1468.09    27.7071    27.7053    1468.01 0.0000e+00
    243.244     3.4572     3.4588   3.203948   3.203845     2.1284    -0.3710     0.3565    34.8301 9.3489e-01 1.0000e-12 5.6386e+04    241.000    34.8309    34.8279     5.5755    1468.11    27.7082    27.7057    1468.02 0.0000e+00
    244.254     3.4584     3.4594   3.204048   3.203925     2.1279    -0.3760     0.3570    34.8299 1.1807e+00 1.0000e-12 4.1432e+04    242.000    34.8302    34.8276     5.5743    1468.13    27.7075    27.7054    1468.02 0.0000e+00
    245.264     3.4651     3.4690   3.205019   3.205045     2.1286    -0.3909     0.3558    34.8318 1.0794e+00 1.0000e-12 4.2322e+04    243.000    34.8342    34.8303     5.5760    1468.18    27.7101    27.7066    1468.02 0.0000e+00
    246.274     3.4754     3.4770   3.206047   3.205912     2.1284    -0.3927     0.3568    34.8335 1.3034e+00 1.0000e-12 4.3818e+04    244.000    34.8349    34.8316     5.5744    1468.24    27.7097    27.7069    1468.02 0.0000e+00
    247.284     3.4838     3.4844   3.207016   3.206778     2.1282    -0.3938     0.3587    34.8354 6.6134e-01 1.0000e-12 6.4659e+04    245.000    34.8372    34.8336     5.5732    1468.30    27.7106    27.7077    1468.02 0.0000e+00
    248.294     3.4848     3.4864   3.207025   3.206971     2.1275    -0.3938     0.3510    34.8350 1.1405e+00 1.0000e-12 3.9448e+04    246.000    34.8356    34.8333     5.5713    1468.31    27.7093    27.7073    1468.02 0.0000e+00
    249.304     3.4817     3.4830   3.206768   3.206704     2.1269    -0.3776     0.3505    34.8351 9.9575e-01 1.0000e-12 5.9019e+04    247.000    34.8353    34.8331     5.5707    1468.32    27.7093    27.7075    1468.02 0.0000e+00
    250.314     3.4761     3.4768   3.206251   3.206142     2.1263    -0.3510     0.3507    34.8345 1.2314e+00 1.0000e-12 4.4564e+04    248.000    34.8344    34.8324     5.5703    1468.31    27.7092    27.7075    1468.02 0.0000e+00
    251.324     3.4708     3.4720   3.205802   3.205706     2.1259    -0.3940     0.3508    34.8343 9.8415e-01 1.0000e-12 4.7441e+04    249.000    34.8342    34.8317     5.5704    1468.30    27.7095    27.7075    1468.02 0.0000e+00
    252.334     3.4690     3.4706   3.205660   3.205611     2.1249    -0.3939     0.3558    34.8341 1.1853e+00 1.0000e-12 3.7067e+04    250.000    34.8338    34.8316     5.5679    1468.31    27.7095    27.7075    1468.02 0.0000e+00
    253.344     3.4641     3.4658   3.205169   3.205179     2.1247    -0.3801     0.3548    34.8334 9.4884e-01 1.0000e-12 4.9623e+04    251.000    34.8327    34.8310     5.5689    1468.31    27.7090    27.7075    1468.02 0.0000e+00
    254.354     3.4605     3.4623   3.204937   3.204896     2.1247    -0.3717     0.3544    34.8333 1.1074e+00 1.0000e-12 4.3161e+04    252.000    34.8332    34.8308     5.5700    1468.31    27.7098    27.7077    1468.03 0.0000e+00
    255.364     3.4624     3.4637   3.205208   3.205098     2.1246    -0.3724     0.3588    34.8336 5.6231e-01 1.0000e-12 6.9577e+04    253.000    34.8339    34.8312     5.5703    1468.33    27.7101    27.7079    1468.03 0.0000e+00
    256.374     3.4668     3.4682   3.205760   3.205626     2.1247    -0.3689     0.3520    34.8345 5.6358e-01 1.0000e-12 7.0077e+04    254.000    34.8352    34.8321     5.5706    1468.37    27.7108    27.7082    1468.03 0.0000e+00
    257.384     3.4713     3.4725   3.206248   3.206132     2.1243    -0.3912     0.3510    34.8354 8.9965e-01 1.0000e-12 6.1839e+04    255.000    34.8358    34.8331     5.5691    1468.41    27.7108    27.7085    1468.03 0.0000e+00
    258.394     3.4715     3.4728   3.206357   3.206235     2.1236    -0.3938     0.3541    34.8357 1.4893e+00 1.0000e-12 2.0892e+04    256.000    34.8362    34.8334     5.5672    1468.42    27.7112    27.7088    1468.03 0.0000e+00
    259.404     3.4731     3.4744   3.206556   3.206460     2.1238    -0.3843     0.3552    34.8360 8.6465e-01 1.0000e-12 5.4092e+04    257.000    34.8364    34.8338     5.5685    1468.45    27.7112    27.7090    1468.03 0.0000e+00
    260.414     3.4754     3.4768   3.206885   3.206762     2.1235    -0.3750     0.3542    34.8365 8.3504e-01 1.0000e-12 6.1452e+04    258.000    34.8373    34.8343     5.5678    1468.48    27.7117    27.7092    1468.03 0.0000e+00
    261.424     3.4804     3.4820   3.207474   3.207351     2.1235    -0.4135     0.3549    34.8375 1.1912e+00 1.0000e-12 4.2017e+04    259.000    34.8386    34.8354     5.5678    1468.51    27.7122    27.7095    1468.04 0.0000e+00
    262.434     3.4841     3.4860   3.207898   3.207812     2.1235    -0.3758     0.3514    34.8380 1.0341e+00 1.0000e-12 4.5034e+04    260.000    34.8391    34.8360     5.5679    1468.55    27.7122    27.7096    1468.04 0.0000e+00
    263.444     3.4887     3.4903   3.208364   3.208299     2.1232    -0.3724     0.3537    34.8387 1.2918e+00 1.0000e-12 4.1478e+04    261.000    34.8393    34.8368     5.5669    1468.58    27.7120    27.7098    1468.04 0.0000e+00
    264.454     3.4870     3.4884   3.208213   3.208152     2.1222    -0.3754     0.3568    34.8385 8.5337e-01 1.0000e-12 5.4511e+04    262.000    34.8387    34.8365     5.5644    1468.59    27.7117    27.7098    1468.04 0.0000e+00
    265.464     3.4834     3.4848   3.207977   3.207867     2.1221    -0.3810     0.3534    34.8387 9.7513e-01 1.0000e-12 5.1392e+04    263.000    34.8391    34.8363     5.5655    1468.59    27.7124    27.7100    1468.04 0.0000e+00
    266.474     3.4851     3.4864   3.208137   3.208086     2.1219    -0.3704     0.3535    34.8391 1.2396e+00 1.0000e-12 3.4054e+04    264.000    34.8387    34.8367     5.5652    1468.62    27.7119    27.7102    1468.05 0.0000e+00
    267.484     3.4807     3.4825   3.207948   3.207812     2.1217    -0.3703     0.3539    34.8394 1.0300e+00 1.0000e-12 4.5315e+04    265.000    34.8407    34.8371     5.5659    1468.62    27.7139    27.7108    1468.05 0.0000e+00
    268.494     3.4959     3.4965   3.209508   3.209280     2.1219    -0.3725     0.3522    34.8413 1.0272e+00 1.0000e-12 4.5460e+04    266.000    34.8426    34.8392     5.5648    1468.70    27.7139    27.7111    1468.05 0.0000e+00
    269.504     3.4979     3.4996   3.209676   3.209626     2.1215    -0.3726     0.3521    34.8414 7.8087e-01 1.0000e-12 5.8541e+04    267.000    34.8419    34.8395     5.5639    1468.73    27.7132    27.7111    1468.05 0.0000e+00
    270.514     3.5030     3.5045   3.210508   3.210250     2.1212    -0.3783     0.3544    34.8431 1.1882e+00 1.0000e-12 4.1953e+04    268.000    34.8459    34.8411     5.5627    1468.77    27.7159    27.7119    1468.06 0.0000e+00
    271.524     3.5216     3.5228   3.212309   3.212184     2.1208    -0.3914     0.3543    34.8458 1.5217e+00 1.0000e-12 2.4219e+04    269.000    34.8472    34.8443     5.5590    1468.86    27.7151    27.7127    1468.06 0.0000e+00
    272.534     3.5144     3.5158   3.211471   3.211500     2.1197    -0.3743     0.3546    34.8448 1.0596e+00 1.0000e-12 4.9990e+04    270.000    34.8442    34.8430     5.5571    1468.85    27.7134    27.7123    1468.06 0.0000e+00
    273.544     3.5042     3.5055   3.210596   3.210569     2.1186    -0.3835     0.3518    34.8443 1.0903e+00 1.0000e-12 4.7382e+04    271.000    34.8441    34.8423     5.5558    1468.82    27.7143    27.7128    1468.06 0.0000e+00
    274.554     3.5011     3.5022   3.210402   3.210295     2.1180    -0.3777     0.3526    34.8444 1.0082e+00 1.0000e-12 4.6419e+04    272.000    34.8445    34.8420     5.5549    1468.82    27.7149    27.7128    1468.07 0.0000e+00
    275.564     3.4987     3.5001   3.210221   3.210135     2.1170    -0.3812     0.3573    34.8441 9.3281e-01 1.0000e-12 5.5868e+04    273.000    34.8443    34.8417     5.5524    1468.83    27.7150    27.7129    1468.07 0.0000e+00
    276.574     3.4988     3.4999   3.210282   3.210169     2.1167    -0.3727     0.3570    34.8443 1.2080e+00 1.0000e-12 3.5509e+04    274.000    34.8444    34.8418     5.5523    1468.85    27.7151    27.7130    1468.07 0.0000e+00
    277.584     3.4992     3.5005   3.210405   3.210283     2.1166    -0.3619     0.3710    34.8445 1.2965e+00 1.0000e-12 3.7510e+04    275.000    34.8449    34.8420     5.5523    1468.87    27.7155    27.7131    1468.08 0.0000e+00
    278.594     3.5011     3.5024   3.210650   3.210543     2.1165    -0.3459     0.3931    34.8449 1.0033e+00 1.0000e-12 5.2619e+04    276.000    34.8452    34.8425     5.5525    1468.89    27.7156    27.7133    1468.08 0.0000e+00
    279.604     3.5027     3.5039   3.210864   3.210736     2.1165    -0.3671     0.3592    34.8451 1.1904e+00 1.0000e-12 3.7037e+04    277.000    34.8456    34.8427     5.5531    1468.92    27.7157    27.7133    1468.08 0.0000e+00
    280.614     3.5032     3.5043   3.210942   3.210827     2.1160    -0.3701     0.3543    34.8452 1.2556e+00 1.0000e-12 3.3335e+04    278.000    34.8454    34.8429     5.5520    1468.93    27.7156    27.7134    1468.08 0.0000e+00
    281.624     3.5029     3.5044   3.210975   3.210909     2.1158    -0.3730     0.3532    34.8455 1.1075e+00 1.0000e-12 4.5133e+04    279.000    34.8456    34.8432     5.5521    1468.95    27.7157    27.7136    1468.09 0.0000e+00
