Ship_data/Irminger/Irminger-4/ctd/process/dar21_012.cnv
* Sea-Bird SBE 9 Data File:
* FileName = D:\Data\AR21_012.hdr
* Software Version Seasave V 7.23.2
* Temperature SN = 4155
* Conductivity SN = 2645
* Number of Bytes Per Scan = 40
* Number of Voltage Words = 5
* Number of Scans Averaged by the Deck Unit = 1
* NMEA Latitude = 59 51.21 N
* NMEA Longitude = 039 07.69 W
* NMEA UTC (Time) = Aug 09 2017  13:01:16
# nquan = 21
# nvalues = 1000                        
# units = specified
# name 0 = prDM: Pressure, Digiquartz [db]
# name 1 = t090C: Temperature [ITS-90, deg C]
# name 2 = t190C: Temperature, 2 [ITS-90, deg C]
# name 3 = c0S/m: Conductivity [S/m]
# name 4 = c1S/m: Conductivity, 2 [S/m]
# name 5 = sbeox0V: Oxygen raw, SBE 43 [V]
# name 6 = flECO-AFL: Fluorescence, WET Labs ECO-AFL/FL [mg/m^3]
# name 7 = turbWETntu0: Turbidity, WET Labs ECO [NTU]
# name 8 = sal00: Salinity, Practical [PSU]
# name 9 = spar: SPAR/Surface Irradiance
# name 10 = par: PAR/Irradiance, Biospherical/Licor
# name 11 = cpar: CPAR/Corrected Irradiance [%]
# name 12 = depSM: Depth [salt water, m], lat = 59.8535
# name 13 = sal00: Salinity, Practical [PSU]
# name 14 = sal11: Salinity, Practical, 2 [PSU]
# name 15 = sbeox0ML/L: Oxygen, SBE 43 [ml/l], WS = 2
# name 16 = svCM: Sound Velocity [Chen-Millero, m/s]
# name 17 = sigma-é00: Density [sigma-theta, kg/m^3]
# name 18 = sigma-é11: Density, 2 [sigma-theta, kg/m^3]
# name 19 = avgsvCM: Average Sound Velocity [Chen-Millero, m/s], minP = 20, minS = 20
# name 20 = flag: flag
# span 0 =      3.029,   1013.995       
# span 1 =     3.3900,     8.7813       
# span 2 =     3.3912,     8.7845       
# span 3 =   3.234869,   3.668134       
# span 4 =   3.154770,   3.654729       
# span 5 =     1.9614,     2.3889       
# span 6 =    -0.4137,     0.6426       
# span 7 =     0.3406,     0.4257       
# span 8 =    34.7221,    34.9549       
# span 9 = -4.810e-01, 1.1365e+00       
# span 10 = 1.0000e-12, 1.0000e-12      
# span 11 = 4.2746e+04, 1.2464e+05      
# span 12 =      3.000,   1002.000      
# span 13 =    34.7223,    34.9500      
# span 14 =    29.3711,    35.1615      
# span 15 =     5.3860,     5.6314      
# span 16 =    1470.21,    1485.17      
# span 17 =    26.9356,    27.7504      
# span 18 =    22.7459,    27.7477      
# span 19 =       0.00,    1482.44      
# span 20 = 0.0000e+00, 0.0000e+00      
# interval = meters: 1                  
# start_time = Aug 09 2017 13:01:16 [NMEA time, header]
# bad_flag = -9.990e-29
*END*
[from data line 828]
    840.600     3.5096     3.5116   3.239605   3.239481     1.9930    -0.3887     0.3432    34.8833 5.6138e-01 1.0000e-12 7.0072e+04    831.000    34.8833    34.8798     5.5119    1478.23    27.7492    27.7461    1473.84 0.0000e+00
    841.613     3.5104     3.5125   3.239749   3.239643     1.9927    -0.3902     0.3436    34.8835 6.3080e-01 1.0000e-12 6.6508e+04    832.000    34.8837    34.8802     5.5113    1478.25    27.7494    27.7464    1473.84 0.0000e+00
    842.627     3.5110     3.5129   3.239832   3.239709     1.9921    -0.3892     0.3442    34.8835 3.3464e-01 1.0000e-12 8.2232e+04    833.000    34.8835    34.8800     5.5096    1478.27    27.7492    27.7463    1473.85 0.0000e+00
    843.641     3.5111     3.5128   3.239907   3.239766     1.9921    -0.3866     0.3481    34.8837 5.8024e-01 1.0000e-12 6.9192e+04    834.000    34.8838    34.8802     5.5103    1478.29    27.7494    27.7464    1473.85 0.0000e+00
    844.654     3.5117     3.5136   3.239999   3.239886     1.9918    -0.3902     0.3463    34.8836 4.4763e-01 1.0000e-12 7.6233e+04    835.000    34.8837    34.8804     5.5099    1478.31    27.7493    27.7465    1473.86 0.0000e+00
    845.668     3.5120     3.5139   3.240075   3.239972     1.9911    -0.3855     0.3436    34.8836 6.2629e-01 1.0000e-12 6.6747e+04    836.000    34.8837    34.8805     5.5080    1478.32    27.7493    27.7465    1473.86 0.0000e+00
    846.681     3.5124     3.5143   3.240156   3.240045     1.9907    -0.3791     0.3469    34.8837 2.9310e-01 1.0000e-12 8.4438e+04    837.000    34.8838    34.8804     5.5070    1478.34    27.7493    27.7464    1473.87 0.0000e+00
    847.695     3.5125     3.5144   3.240217   3.240093     1.9902    -0.3774     0.3474    34.8837 3.0141e-01 1.0000e-12 8.3997e+04    838.000    34.8838    34.8804     5.5059    1478.36    27.7494    27.7464    1473.87 0.0000e+00
    848.709     3.5129     3.5150   3.240300   3.240200     1.9896    -0.3777     0.3519    34.8839 5.7489e-01 1.0000e-12 6.9476e+04    839.000    34.8839    34.8805     5.5046    1478.38    27.7494    27.7465    1473.88 0.0000e+00
    849.722     3.5135     3.5153   3.240417   3.240289     1.9894    -0.3809     0.3519    34.8840 3.8731e-01 1.0000e-12 7.9436e+04    840.000    34.8842    34.8807     5.5043    1478.40    27.7495    27.7466    1473.89 0.0000e+00
    850.736     3.5136     3.5155   3.240449   3.240330     1.9887    -0.3923     0.3472    34.8839 7.8892e-01 1.0000e-12 5.8113e+04    841.000    34.8839    34.8805     5.5023    1478.42    27.7493    27.7464    1473.89 0.0000e+00
    851.750     3.5124     3.5145   3.240378   3.240294     1.9883    -0.3774     0.3448    34.8838 6.0892e-01 1.0000e-12 7.1172e+04    842.000    34.8838    34.8805     5.5020    1478.43    27.7494    27.7465    1473.90 0.0000e+00
    852.763     3.5116     3.5132   3.240352   3.240211     1.9876    -0.3822     0.3533    34.8838 3.4881e-01 1.0000e-12 8.1480e+04    843.000    34.8838    34.8804     5.5001    1478.44    27.7494    27.7465    1473.90 0.0000e+00
    853.777     3.5111     3.5132   3.240344   3.240256     1.9871    -0.3707     0.3454    34.8837 7.4271e-01 1.0000e-12 6.0567e+04    844.000    34.8837    34.8804     5.4992    1478.45    27.7494    27.7466    1473.91 0.0000e+00
    854.790     3.5110     3.5130   3.240381   3.240279     1.9871    -0.3710     0.3750    34.8837 4.6595e-01 1.0000e-12 7.5261e+04    845.000    34.8837    34.8804     5.4996    1478.47    27.7494    27.7466    1473.91 0.0000e+00
    855.804     3.5102     3.5125   3.240342   3.240269     1.9866    -0.3834     0.3503    34.8837 5.6740e-01 1.0000e-12 6.9874e+04    846.000    34.8836    34.8802     5.4989    1478.48    27.7494    27.7465    1473.92 0.0000e+00
    856.818     3.5100     3.5122   3.240380   3.240289     1.9859    -0.3904     0.3441    34.8837 6.6577e-01 1.0000e-12 6.4651e+04    847.000    34.8837    34.8803     5.4970    1478.50    27.7495    27.7466    1473.92 0.0000e+00
    857.831     3.5087     3.5105   3.240257   3.240139     1.9858    -0.3856     0.3433    34.8834 9.9731e-02 1.0000e-12 9.4704e+04    848.000    34.8831    34.8797     5.4977    1478.51    27.7492    27.7464    1473.93 0.0000e+00
    858.845     3.5065     3.5083   3.240093   3.239977     1.9859    -0.3905     0.3439    34.8832 9.1301e-01 1.0000e-12 5.7606e+04    849.000    34.8829    34.8796     5.4988    1478.52    27.7493    27.7465    1473.93 0.0000e+00
    859.859     3.5054     3.5076   3.240026   3.239943     1.9855    -0.3915     0.3485    34.8830 6.7648e-01 1.0000e-12 6.4038e+04    850.000    34.8827    34.8795     5.4984    1478.53    27.7492    27.7464    1473.94 0.0000e+00
    860.872     3.5050     3.5073   3.240039   3.239947     1.9856    -0.3726     0.3488    34.8830 3.0887e-01 1.0000e-12 8.3601e+04    851.000    34.8829    34.8793     5.4995    1478.55    27.7494    27.7464    1473.94 0.0000e+00
    861.886     3.5053     3.5076   3.240110   3.240041     1.9857    -0.3875     0.3484    34.8829 3.2201e-01 1.0000e-12 8.2903e+04    852.000    34.8829    34.8795     5.5007    1478.56    27.7494    27.7465    1473.95 0.0000e+00
    862.900     3.5021     3.5053   3.239811   3.239838     1.9854    -0.3717     0.3448    34.8826 5.2317e-01 1.0000e-12 7.2222e+04    853.000    34.8821    34.8790     5.5006    1478.57    27.7491    27.7463    1473.95 0.0000e+00
    863.914     3.5006     3.5025   3.239750   3.239638     1.9849    -0.3646     0.3481    34.8826 5.9932e-01 1.0000e-12 6.8180e+04    854.000    34.8825    34.8791     5.4997    1478.58    27.7495    27.7466    1473.96 0.0000e+00
    864.927     3.5011     3.5028   3.239835   3.239712     1.9847    -0.3846     0.3462    34.8825 6.6471e-01 1.0000e-12 6.4708e+04    855.000    34.8824    34.8791     5.4998    1478.60    27.7495    27.7467    1473.97 0.0000e+00
    865.941     3.5011     3.5030   3.239887   3.239776     1.9848    -0.3769     0.3473    34.8825 7.0512e-01 1.0000e-12 6.2562e+04    856.000    34.8825    34.8792     5.5008    1478.61    27.7495    27.7467    1473.97 0.0000e+00
    866.955     3.5012     3.5031   3.239932   3.239820     1.9851    -0.3676     0.3479    34.8826 4.4971e-01 1.0000e-12 7.6122e+04    857.000    34.8825    34.8791     5.5026    1478.63    27.7495    27.7466    1473.98 0.0000e+00
    867.968     3.5010     3.5030   3.239951   3.239843     1.9847    -0.3854     0.3441    34.8824 4.2000e-01 1.0000e-12 7.7700e+04    858.000    34.8823    34.8789     5.5020    1478.65    27.7494    27.7465    1473.98 0.0000e+00
    868.982     3.5011     3.5030   3.240011   3.239890     1.9847    -0.3749     0.3475    34.8825 5.3789e-01 1.0000e-12 7.1441e+04    859.000    34.8825    34.8789     5.5028    1478.66    27.7495    27.7465    1473.99 0.0000e+00
    869.996     3.5009     3.5030   3.240045   3.239942     1.9847    -0.3894     0.3441    34.8825 5.3814e-01 1.0000e-12 7.4945e+04    860.000    34.8825    34.8790     5.5033    1478.68    27.7496    27.7466    1473.99 0.0000e+00
    871.010     3.5005     3.5026   3.240033   3.239940     1.9846    -0.3717     0.3518    34.8824 2.9846e-01 1.0000e-12 8.4109e+04    861.000    34.8822    34.8789     5.5037    1478.69    27.7494    27.7466    1474.00 0.0000e+00
    872.023     3.4988     3.5008   3.239908   3.239815     1.9842    -0.3851     0.3492    34.8823 5.6719e-01 1.0000e-12 6.9886e+04    862.000    34.8821    34.8788     5.5033    1478.70    27.7495    27.7467    1474.00 0.0000e+00
    873.037     3.4981     3.5003   3.239906   3.239812     1.9835    -0.3906     0.3470    34.8823 3.0487e-01 1.0000e-12 8.3813e+04    863.000    34.8822    34.8788     5.5015    1478.72    27.7497    27.7467    1474.01 0.0000e+00
    874.051     3.4986     3.5006   3.240008   3.239888     1.9835    -0.3842     0.3434    34.8824 5.1842e-01 1.0000e-12 7.7913e+04    864.000    34.8824    34.8788     5.5020    1478.74    27.7497    27.7467    1474.01 0.0000e+00
    875.065     3.4979     3.4999   3.239958   3.239859     1.9830    -0.3696     0.3436    34.8821 5.1351e-01 1.0000e-12 7.2639e+04    865.000    34.8821    34.8787     5.5010    1478.75    27.7496    27.7467    1474.02 0.0000e+00
    876.078     3.4986     3.5006   3.240075   3.239964     1.9826    -0.3906     0.3433    34.8822 2.5741e-01 1.0000e-12 8.6332e+04    866.000    34.8822    34.8787     5.5002    1478.77    27.7496    27.7466    1474.03 0.0000e+00
    877.092     3.4984     3.5004   3.240104   3.240000     1.9825    -0.3891     0.3444    34.8822 6.1550e-01 1.0000e-12 7.1470e+04    867.000    34.8822    34.8788     5.5006    1478.78    27.7496    27.7468    1474.03 0.0000e+00
    878.106     3.4983     3.5003   3.240134   3.240022     1.9825    -0.3885     0.3456    34.8822 4.3273e-01 1.0000e-12 7.6978e+04    868.000    34.8821    34.8787     5.5012    1478.80    27.7496    27.7467    1474.04 0.0000e+00
    879.120     3.4975     3.4994   3.240092   3.239982     1.9824    -0.3899     0.3462    34.8821 4.9984e-01 1.0000e-12 7.3461e+04    869.000    34.8819    34.8786     5.5017    1478.81    27.7495    27.7467    1474.04 0.0000e+00
    880.133     3.4969     3.4988   3.240092   3.239965     1.9823    -0.3721     0.3485    34.8821 4.4346e-01 1.0000e-12 7.6455e+04    870.000    34.8820    34.8785     5.5023    1478.83    27.7497    27.7466    1474.05 0.0000e+00
    881.147     3.4956     3.4979   3.240002   3.239935     1.9819    -0.3912     0.3437    34.8819 4.9710e-01 1.0000e-12 7.3607e+04    871.000    34.8818    34.8785     5.5017    1478.84    27.7496    27.7468    1474.05 0.0000e+00
    882.161     3.4956     3.4976   3.240052   3.239969     1.9817    -0.3904     0.3525    34.8820 6.6891e-01 1.0000e-12 6.4485e+04    872.000    34.8820    34.8787     5.5017    1478.86    27.7498    27.7470    1474.06 0.0000e+00
    883.175     3.4957     3.4975   3.240113   3.239977     1.9813    -0.3866     0.3522    34.8821 2.5150e-01 1.0000e-12 8.6646e+04    873.000    34.8820    34.8784     5.5010    1478.87    27.7498    27.7467    1474.06 0.0000e+00
    884.189     3.4951     3.4968   3.240077   3.239951     1.9810    -0.3666     0.3472    34.8818 3.4804e-01 1.0000e-12 8.1521e+04    874.000    34.8817    34.8783     5.5006    1478.89    27.7496    27.7467    1474.07 0.0000e+00
    885.202     3.4945     3.4962   3.240086   3.239938     1.9810    -0.3692     0.3474    34.8819 7.6473e-01 1.0000e-12 5.9397e+04    875.000    34.8818    34.8783     5.5013    1478.90    27.7498    27.7468    1474.07 0.0000e+00
    886.216     3.4945     3.4966   3.240127   3.240024     1.9803    -0.3702     0.3444    34.8820 6.6758e-01 1.0000e-12 6.4555e+04    876.000    34.8819    34.8784     5.4994    1478.92    27.7499    27.7469    1474.08 0.0000e+00
    887.230     3.4959     3.4978   3.240330   3.240206     1.9807    -0.3909     0.3435    34.8821 5.3473e-01 1.0000e-12 7.1609e+04    877.000    34.8822    34.8788     5.5017    1478.94    27.7500    27.7471    1474.09 0.0000e+00
    888.244     3.4964     3.4984   3.240422   3.240302     1.9803    -0.3917     0.3435    34.8823 4.0031e-01 1.0000e-12 7.8746e+04    878.000    34.8823    34.8787     5.5008    1478.96    27.7500    27.7470    1474.09 0.0000e+00
    889.258     3.4964     3.4984   3.240462   3.240358     1.9797    -0.3902     0.3458    34.8822 8.6769e-01 1.0000e-12 5.3931e+04    879.000    34.8823    34.8789     5.4993    1478.98    27.7500    27.7471    1474.10 0.0000e+00
    890.271     3.4963     3.4982   3.240491   3.240380     1.9793    -0.3897     0.3476    34.8822 7.8532e-01 1.0000e-12 5.8305e+04    880.000    34.8822    34.8788     5.4983    1478.99    27.7500    27.7470    1474.10 0.0000e+00
    891.285     3.4960     3.4978   3.240508   3.240390     1.9788    -0.3823     0.3473    34.8822 3.4635e-01 1.0000e-12 8.1610e+04    881.000    34.8822    34.8788     5.4972    1479.01    27.7500    27.7471    1474.11 0.0000e+00
    892.299     3.4954     3.4974   3.240503   3.240389     1.9785    -0.3751     0.3446    34.8822 6.8872e-01 1.0000e-12 6.3433e+04    882.000    34.8822    34.8787     5.4969    1479.02    27.7500    27.7471    1474.11 0.0000e+00
    893.313     3.4946     3.4965   3.240459   3.240343     1.9783    -0.3906     0.3477    34.8821 5.4164e-01 1.0000e-12 7.5890e+04    883.000    34.8820    34.8786     5.4972    1479.04    27.7499    27.7471    1474.12 0.0000e+00
    894.327     3.4942     3.4961   3.240456   3.240342     1.9775    -0.3881     0.3465    34.8820 5.5720e-01 1.0000e-12 7.4165e+04    884.000    34.8819    34.8785     5.4948    1479.05    27.7499    27.7470    1474.12 0.0000e+00
    895.341     3.4929     3.4945   3.240361   3.240225     1.9773    -0.3793     0.3412    34.8818 8.5114e-01 1.0000e-12 5.4624e+04    885.000    34.8816    34.8783     5.4951    1479.06    27.7498    27.7470    1474.13 0.0000e+00
    896.355     3.4909     3.4928   3.240208   3.240090     1.9771    -0.3691     0.3431    34.8816 6.3985e-01 1.0000e-12 6.6028e+04    886.000    34.8813    34.8779     5.4954    1479.07    27.7498    27.7469    1474.14 0.0000e+00
    897.368     3.4894     3.4916   3.240114   3.240036     1.9769    -0.3880     0.3470    34.8815 6.2686e-01 1.0000e-12 7.1669e+04    887.000    34.8813    34.8780     5.4957    1479.08    27.7499    27.7471    1474.14 0.0000e+00
    898.382     3.4884     3.4905   3.240070   3.239962     1.9767    -0.3907     0.3446    34.8814 4.0969e-01 1.0000e-12 7.8046e+04    888.000    34.8813    34.8778     5.4957    1479.09    27.7501    27.7471    1474.15 0.0000e+00
    899.396     3.4881     3.4899   3.240081   3.239958     1.9763    -0.3906     0.3439    34.8814 4.1855e-01 1.0000e-12 7.7777e+04    889.000    34.8813    34.8778     5.4950    1479.11    27.7501    27.7472    1474.15 0.0000e+00
    900.410     3.4878     3.4898   3.240093   3.239993     1.9760    -0.3939     0.3483    34.8813 7.3723e-01 1.0000e-12 6.6497e+04    890.000    34.8812    34.8778     5.4948    1479.12    27.7501    27.7471    1474.16 0.0000e+00
    901.424     3.4877     3.4897   3.240124   3.240017     1.9750    -0.3672     0.3435    34.8812 6.2539e-01 1.0000e-12 6.6666e+04    891.000    34.8811    34.8777     5.4916    1479.14    27.7500    27.7471    1474.16 0.0000e+00
    902.438     3.4873     3.4894   3.240120   3.240031     1.9750    -0.3835     0.3433    34.8811 4.4972e-01 1.0000e-12 7.6122e+04    892.000    34.8809    34.8777     5.4925    1479.16    27.7499    27.7471    1474.17 0.0000e+00
    903.452     3.4872     3.4892   3.240142   3.240047     1.9750    -0.3906     0.3463    34.8810 5.0601e-01 1.0000e-12 7.5139e+04    893.000    34.8809    34.8776     5.4933    1479.17    27.7499    27.7471    1474.17 0.0000e+00
    904.466     3.4875     3.4895   3.240232   3.240128     1.9750    -0.3729     0.3452    34.8811 4.9737e-01 1.0000e-12 7.3412e+04    894.000    34.8811    34.8777     5.4937    1479.19    27.7500    27.7471    1474.18 0.0000e+00
    905.479     3.4869     3.4890   3.240225   3.240127     1.9748    -0.3885     0.3461    34.8811 4.4735e-01 1.0000e-12 7.6248e+04    895.000    34.8811    34.8777     5.4939    1479.20    27.7501    27.7472    1474.19 0.0000e+00
    906.493     3.4867     3.4888   3.240246   3.240154     1.9746    -0.3727     0.3491    34.8810 3.0935e-01 1.0000e-12 8.9319e+04    896.000    34.8810    34.8776     5.4938    1479.22    27.7501    27.7472    1474.19 0.0000e+00
    907.507     3.4870     3.4887   3.240315   3.240198     1.9742    -0.3766     0.3474    34.8811 7.7719e-01 1.0000e-12 5.8716e+04    897.000    34.8810    34.8778     5.4931    1479.24    27.7501    27.7473    1474.20 0.0000e+00
    908.521     3.4869     3.4886   3.240357   3.240217     1.9741    -0.3918     0.3478    34.8811 8.9539e-01 1.0000e-12 5.7163e+04    898.000    34.8811    34.8775     5.4933    1479.25    27.7501    27.7471    1474.20 0.0000e+00
