Ship_data/Irminger/Irminger-4/ctd/process/uar21_008.cnv
* Sea-Bird SBE 9 Data File:
* FileName = D:\Data\AR21_008.hdr
* Software Version Seasave V 7.23.2
* Temperature SN = 4155
* Conductivity SN = 2645
* Number of Bytes Per Scan = 40
* Number of Voltage Words = 5
* Number of Scans Averaged by the Deck Unit = 1
* NMEA Latitude = 59 58.25 N
* NMEA Longitude = 039 30.62 W
* NMEA UTC (Time) = Aug 06 2017  14:47:54
# nquan = 21
# nvalues = 2598                        
# units = specified
# name 0 = prDM: Pressure, Digiquartz [db]
# name 1 = t090C: Temperature [ITS-90, deg C]
# name 2 = t190C: Temperature, 2 [ITS-90, deg C]
# name 3 = c0S/m: Conductivity [S/m]
# name 4 = c1S/m: Conductivity, 2 [S/m]
# name 5 = sbeox0V: Oxygen raw, SBE 43 [V]
# name 6 = flECO-AFL: Fluorescence, WET Labs ECO-AFL/FL [mg/m^3]
# name 7 = turbWETntu0: Turbidity, WET Labs ECO [NTU]
# name 8 = sal00: Salinity, Practical [PSU]
# name 9 = spar: SPAR/Surface Irradiance
# name 10 = par: PAR/Irradiance, Biospherical/Licor
# name 11 = cpar: CPAR/Corrected Irradiance [%]
# name 12 = depSM: Depth [salt water, m], lat = 59.9708
# name 13 = sal00: Salinity, Practical [PSU]
# name 14 = sal11: Salinity, Practical, 2 [PSU]
# name 15 = sbeox0ML/L: Oxygen, SBE 43 [ml/l], WS = 2
# name 16 = svCM: Sound Velocity [Chen-Millero, m/s]
# name 17 = sigma-é00: Density [sigma-theta, kg/m^3]
# name 18 = sigma-é11: Density, 2 [sigma-theta, kg/m^3]
# name 19 = avgsvCM: Average Sound Velocity [Chen-Millero, m/s], minP = 20, minS = 20
# name 20 = flag: flag
# span 0 =      5.048,   2643.280       
# span 1 =     1.8147,     8.4291       
# span 2 =     1.8166,     8.4108       
# span 3 =   3.164289,   3.642148       
# span 4 =   3.164612,   3.640143       
# span 5 =     1.3485,     2.4245       
# span 6 =    -0.4145,     0.9480       
# span 7 =     0.3354,     0.4309       
# span 8 =    34.7721,    34.9466       
# span 9 = 3.9447e-01, 2.0983e+00       
# span 10 = 1.0000e-12, 1.0000e-12      
# span 11 = 9.8517e+03, 7.7002e+04      
# span 12 =      5.000,   2602.000      
# span 13 =    34.7782,    34.9452      
# span 14 =    34.7763,    34.9292      
# span 15 =     3.7502,     5.7558      
# span 16 =    1469.00,    1501.21      
# span 17 =    27.0477,    27.9489      
# span 18 =    27.0472,    27.9124      
# span 19 =    1485.56,    1485.56      
# span 20 = 0.0000e+00, 0.0000e+00      
# interval = meters: 1                  
# start_time = Aug 06 2017 14:47:54 [NMEA time, header]
# bad_flag = -9.990e-29
*END*
[from data line 1242]
   1377.483     3.4477     3.4495   3.258883   3.257092     1.6741    -0.3777     0.3493    34.9047 1.0646e+00 1.0000e-12 4.7825e+04   1360.000    34.9044    34.8811     4.6472    1486.91    27.7762    27.7575    1485.56 0.0000e+00
   1376.467     3.4470     3.4478   3.258654   3.256871     1.6737    -0.3928     0.3494    34.9035 1.0359e+00 1.0000e-12 5.4996e+04   1359.000    34.9029    34.8808     4.6450    1486.88    27.7750    27.7574    1485.56 0.0000e+00
   1375.450     3.4454     3.4452   3.258330   3.256558     1.6725    -0.3927     0.3496    34.9017 1.2614e+00 1.0000e-12 3.8464e+04   1358.000    34.9012    34.8803     4.6400    1486.86    27.7739    27.7572    1485.56 0.0000e+00
   1374.434     3.4433     3.4447   3.258116   3.256471     1.6722    -0.3771     0.3487    34.9019 1.3688e+00 1.0000e-12 3.6385e+04   1357.000    34.9014    34.8803     4.6384    1486.83    27.7742    27.7573    1485.56 0.0000e+00
   1373.418     3.4423     3.4443   3.257914   3.256386     1.6728    -0.3733     0.3522    34.9010 1.2556e+00 1.0000e-12 3.3331e+04   1356.000    34.9006    34.8802     4.6404    1486.81    27.7737    27.7572    1485.56 0.0000e+00
   1372.402     3.4398     3.4441   3.257801   3.256336     1.6756    -0.4015     0.3505    34.9027 1.0608e+00 1.0000e-12 4.3678e+04   1355.000    34.9023    34.8803     4.6511    1486.79    27.7753    27.7573    1485.56 0.0000e+00
   1371.386     3.4396     3.4424   3.258070   3.256105     1.6788    -0.3888     0.3533    34.9063 1.2017e+00 1.0000e-12 4.2394e+04   1354.000    34.9063    34.8799     4.6631    1486.77    27.7785    27.7571    1485.56 0.0000e+00
   1370.370     3.4395     3.4414   3.258168   3.255969     1.6779    -0.3741     0.3531    34.9085 1.1858e+00 1.0000e-12 4.8199e+04   1353.000    34.9081    34.8799     4.6591    1486.76    27.7799    27.7572    1485.56 0.0000e+00
   1369.354     3.4392     3.4385   3.257874   3.255610     1.6752    -0.3801     0.3534    34.9059 9.4422e-01 1.0000e-12 5.4930e+04   1352.000    34.9054    34.8791     4.6476    1486.74    27.7778    27.7569    1485.56 0.0000e+00
   1368.338     3.4356     3.4336   3.257464   3.255042     1.6727    -0.3935     0.3527    34.9055 1.1616e+00 1.0000e-12 4.3093e+04   1351.000    34.9048    34.8781     4.6377    1486.70    27.7776    27.7565    1485.56 0.0000e+00
   1367.321     3.4318     3.4310   3.257098   3.254719     1.6710    -0.3938     0.3489    34.9057 1.0497e+00 1.0000e-12 4.4400e+04   1350.000    34.9050    34.8775     4.6309    1486.67    27.7781    27.7563    1485.56 0.0000e+00
   1366.305     3.4290     3.4298   3.256853   3.254545     1.6705    -0.3938     0.3530    34.9062 1.2281e+00 1.0000e-12 3.4795e+04   1349.000    34.9056    34.8772     4.6285    1486.64    27.7789    27.7562    1485.56 0.0000e+00
   1365.289     3.4287     3.4310   3.256611   3.254645     1.6720    -0.3930     0.3502    34.9041 1.3087e+00 1.0000e-12 3.0517e+04   1348.000    34.9035    34.8777     4.6340    1486.62    27.7772    27.7564    1485.56 0.0000e+00
   1364.273     3.4283     3.4290   3.256306   3.254386     1.6756    -0.3790     0.3521    34.9013 1.0541e+00 1.0000e-12 4.4033e+04   1347.000    34.9008    34.8772     4.6479    1486.60    27.7751    27.7562    1485.56 0.0000e+00
   1363.257     3.4266     3.4284   3.256079   3.254259     1.6799    -0.4055     0.3531    34.9007 1.2307e+00 1.0000e-12 4.1432e+04   1346.000    34.9004    34.8768     4.6648    1486.57    27.7749    27.7559    1485.56 0.0000e+00
   1362.241     3.4251     3.4273   3.256111   3.254104     1.6824    -0.3935     0.3485    34.9032 1.3057e+00 1.0000e-12 3.4448e+04   1345.000    34.9029    34.8766     4.6740    1486.55    27.7771    27.7559    1485.56 0.0000e+00
   1361.225     3.4251     3.4266   3.256051   3.253982     1.6823    -0.3929     0.3494    34.9031 7.5584e-01 1.0000e-12 5.9764e+04   1344.000    34.9027    34.8764     4.6731    1486.54    27.7769    27.7558    1485.56 0.0000e+00
   1360.209     3.4243     3.4250   3.255728   3.253786     1.6814    -0.3929     0.3734    34.9008 1.2674e+00 1.0000e-12 4.2463e+04   1343.000    34.9002    34.8762     4.6692    1486.51    27.7749    27.7558    1485.56 0.0000e+00
   1359.193     3.4232     3.4243   3.255371   3.253663     1.6811    -0.3928     0.3562    34.8983 5.9545e-01 1.0000e-12 6.8395e+04   1342.000    34.8976    34.8760     4.6674    1486.49    27.7730    27.7557    1485.56 0.0000e+00
   1358.177     3.4222     3.4238   3.255069   3.253558     1.6809    -0.4056     0.3507    34.8962 1.5916e+00 1.0000e-12 2.9462e+04   1341.000    34.8956    34.8759     4.6662    1486.47    27.7715    27.7556    1485.56 0.0000e+00
   1357.160     3.4217     3.4236   3.254925   3.253505     1.6829    -0.4036     0.3513    34.8951 1.4561e+00 1.0000e-12 4.0855e+04   1340.000    34.8949    34.8759     4.6737    1486.45    27.7709    27.7557    1485.56 0.0000e+00
   1356.144     3.4213     3.4234   3.254919   3.253443     1.6869    -0.3931     0.3536    34.8959 1.0314e+00 1.0000e-12 4.8413e+04   1339.000    34.8957    34.8759     4.6889    1486.43    27.7717    27.7557    1485.56 0.0000e+00
   1355.128     3.4211     3.4231   3.254831   3.253366     1.6902    -0.3754     0.3536    34.8957 1.4341e+00 1.0000e-12 3.0806e+04   1338.000    34.8954    34.8758     4.7018    1486.41    27.7714    27.7556    1485.56 0.0000e+00
   1354.112     3.4209     3.4215   3.254642   3.253121     1.6911    -0.3943     0.3502    34.8942 7.6788e-01 1.0000e-12 5.9049e+04   1337.000    34.8939    34.8751     4.7048    1486.39    27.7702    27.7551    1485.56 0.0000e+00
   1353.096     3.4195     3.4143   3.254478   3.252350     1.6898    -0.3743     0.3494    34.8943 9.7864e-01 1.0000e-12 5.2024e+04   1336.000    34.8939    34.8741     4.6992    1486.37    27.7704    27.7550    1485.56 0.0000e+00
   1352.080     3.4145     3.4100   3.254332   3.251834     1.6883    -0.3936     0.3535    34.8984 1.0267e+00 1.0000e-12 4.5537e+04   1335.000    34.8980    34.8729     4.6932    1486.33    27.7741    27.7545    1485.56 0.0000e+00
   1351.064     3.4107     3.4070   3.254137   3.251470     1.6860    -0.3753     0.3499    34.9008 7.0977e-01 1.0000e-12 6.2315e+04   1334.000    34.9002    34.8723     4.6838    1486.30    27.7762    27.7543    1485.56 0.0000e+00
   1350.048     3.4064     3.4063   3.253978   3.251337     1.6845    -0.3910     0.3494    34.9040 9.8583e-01 1.0000e-12 5.7157e+04   1333.000    34.9034    34.8720     4.6777    1486.27    27.7791    27.7541    1485.56 0.0000e+00
   1349.032     3.4051     3.4045   3.253813   3.251096     1.6838    -0.3769     0.3493    34.9040 1.1133e+00 1.0000e-12 4.9980e+04   1332.000    34.9034    34.8716     4.6742    1486.25    27.7792    27.7539    1485.56 0.0000e+00
   1348.016     3.4038     3.4045   3.253525   3.251022     1.6836    -0.3743     0.3487    34.9026 1.6959e+00 1.0000e-12 2.8868e+04   1331.000    34.9018    34.8712     4.6733    1486.23    27.7781    27.7536    1485.56 0.0000e+00
   1347.000     3.4015     3.4017   3.253285   3.250726     1.6840    -0.3840     0.3467    34.9025 1.5406e+00 1.0000e-12 2.9593e+04   1330.000    34.9019    34.8711     4.6742    1486.20    27.7784    27.7538    1485.56 0.0000e+00
   1345.984     3.4003     3.4004   3.253089   3.250542     1.6848    -0.3788     0.3484    34.9018 1.4442e+00 1.0000e-12 3.3326e+04   1329.000    34.9013    34.8708     4.6772    1486.18    27.7780    27.7537    1485.56 0.0000e+00
   1344.968     3.3998     3.4015   3.253073   3.250615     1.6845    -0.4091     0.3539    34.9025 1.2000e+00 1.0000e-12 3.5825e+04   1328.000    34.9022    34.8710     4.6753    1486.16    27.7787    27.7537    1485.56 0.0000e+00
   1343.952     3.3989     3.3994   3.252955   3.250327     1.6832    -0.3730     0.3538    34.9028 1.5281e+00 1.0000e-12 2.3683e+04   1327.000    34.9022    34.8703     4.6697    1486.14    27.7789    27.7534    1485.56 0.0000e+00
   1342.936     3.3976     3.3975   3.252696   3.250094     1.6812    -0.3917     0.3499    34.9018 1.2593e+00 1.0000e-12 3.3205e+04   1326.000    34.9011    34.8701     4.6613    1486.11    27.7781    27.7534    1485.56 0.0000e+00
   1341.920     3.3958     3.3971   3.252242   3.250013     1.6800    -0.3938     0.3528    34.8988 1.4821e+00 1.0000e-12 4.1919e+04   1325.000    34.8980    34.8700     4.6565    1486.09    27.7758    27.7533    1485.56 0.0000e+00
   1340.904     3.3953     3.3967   3.251807   3.249922     1.6800    -0.3938     0.3514    34.8946 1.3719e+00 1.0000e-12 3.6467e+04   1324.000    34.8938    34.8699     4.6558    1486.06    27.7725    27.7532    1485.56 0.0000e+00
   1339.888     3.3950     3.3955   3.251518   3.249774     1.6819    -0.3938     0.3507    34.8917 1.0270e+00 1.0000e-12 5.0012e+04   1323.000    34.8913    34.8699     4.6631    1486.04    27.7705    27.7533    1485.56 0.0000e+00
   1338.872     3.3932     3.3939   3.251487   3.249557     1.6864    -0.3938     0.3510    34.8936 1.2754e+00 1.0000e-12 3.5864e+04   1322.000    34.8933    34.8695     4.6802    1486.02    27.7722    27.7532    1485.56 0.0000e+00
   1337.856     3.3922     3.3944   3.251416   3.249570     1.6918    -0.3938     0.3507    34.8944 1.4317e+00 1.0000e-12 3.4459e+04   1321.000    34.8940    34.8696     4.7012    1486.00    27.7729    27.7532    1485.56 0.0000e+00
   1336.840     3.3921     3.3944   3.251263   3.249514     1.6947    -0.3931     0.3535    34.8931 1.4816e+00 1.0000e-12 2.8372e+04   1320.000    34.8928    34.8694     4.7125    1485.98    27.7719    27.7531    1485.56 0.0000e+00
   1335.824     3.3922     3.3945   3.251184   3.249485     1.6951    -0.3928     0.3536    34.8927 1.1784e+00 1.0000e-12 4.2624e+04   1319.000    34.8923    34.8696     4.7135    1485.96    27.7715    27.7532    1485.56 0.0000e+00
   1334.808     3.3920     3.3949   3.250939   3.249491     1.6938    -0.3938     0.3549    34.8907 1.0299e+00 1.0000e-12 5.0307e+04   1318.000    34.8901    34.8697     4.7075    1485.94    27.7698    27.7532    1485.56 0.0000e+00
   1333.792     3.3925     3.3949   3.250611   3.249451     1.6934    -0.3909     0.3555    34.8866 1.1287e+00 1.0000e-12 4.5071e+04   1317.000    34.8862    34.8697     4.7054    1485.92    27.7666    27.7532    1485.56 0.0000e+00
   1332.776     3.3928     3.3946   3.250432   3.249381     1.6925    -0.3864     0.3568    34.8844 1.5177e+00 1.0000e-12 3.3541e+04   1316.000    34.8842    34.8698     4.7012    1485.90    27.7649    27.7533    1485.56 0.0000e+00
   1331.760     3.3927     3.3945   3.250441   3.249327     1.6929    -0.3788     0.3523    34.8850 1.1268e+00 1.0000e-12 4.4154e+04   1315.000    34.8849    34.8697     4.7022    1485.89    27.7655    27.7533    1485.56 0.0000e+00
   1330.744     3.3911     3.3908   3.250373   3.248897     1.6941    -0.3934     0.3515    34.8865 1.0542e+00 1.0000e-12 5.2717e+04   1314.000    34.8863    34.8690     4.7065    1485.86    27.7668    27.7530    1485.56 0.0000e+00
   1329.728     3.3900     3.3913   3.250358   3.248900     1.6948    -0.3938     0.3502    34.8880 1.1571e+00 1.0000e-12 4.1647e+04   1313.000    34.8878    34.8691     4.7087    1485.85    27.7681    27.7530    1485.56 0.0000e+00
   1328.712     3.3896     3.3916   3.250287   3.248892     1.6933    -0.3938     0.3538    34.8882 1.2834e+00 1.0000e-12 3.1879e+04   1312.000    34.8879    34.8691     4.7025    1485.83    27.7682    27.7530    1485.56 0.0000e+00
   1327.696     3.3897     3.3918   3.250050   3.248867     1.6914    -0.3938     0.3499    34.8860 8.4336e-01 1.0000e-12 6.0701e+04   1311.000    34.8855    34.8691     4.6941    1485.81    27.7663    27.7530    1485.56 0.0000e+00
   1326.680     3.3897     3.3911   3.249766   3.248765     1.6904    -0.3809     0.3496    34.8831 9.4081e-01 1.0000e-12 5.0099e+04   1310.000    34.8826    34.8692     4.6896    1485.79    27.7640    27.7531    1485.56 0.0000e+00
   1325.664     3.3887     3.3901   3.249551   3.248614     1.6901    -0.3786     0.3499    34.8819 1.1525e+00 1.0000e-12 4.4404e+04   1309.000    34.8816    34.8690     4.6880    1485.76    27.7632    27.7530    1485.56 0.0000e+00
   1324.649     3.3878     3.3897   3.249451   3.248530     1.6925    -0.3893     0.3526    34.8820 1.1466e+00 1.0000e-12 3.9272e+04   1308.000    34.8819    34.8689     4.6972    1485.74    27.7635    27.7530    1485.56 0.0000e+00
   1323.633     3.3872     3.3890   3.249368   3.248426     1.6985    -0.3807     0.3509    34.8822 1.1759e+00 1.0000e-12 3.7565e+04   1307.000    34.8820    34.8688     4.7203    1485.72    27.7637    27.7530    1485.56 0.0000e+00
   1322.617     3.3861     3.3884   3.249324   3.248310     1.7052    -0.3940     0.3510    34.8832 1.4299e+00 1.0000e-12 4.2484e+04   1306.000    34.8831    34.8686     4.7466    1485.70    27.7647    27.7529    1485.56 0.0000e+00
   1321.601     3.3859     3.3881   3.249309   3.248228     1.7072    -0.3758     0.3529    34.8839 1.3088e+00 1.0000e-12 3.0290e+04   1305.000    34.8837    34.8685     4.7539    1485.69    27.7652    27.7528    1485.56 0.0000e+00
   1320.585     3.3859     3.3862   3.249201   3.247997     1.7066    -0.3722     0.3506    34.8832 1.0298e+00 1.0000e-12 4.5325e+04   1304.000    34.8829    34.8682     4.7510    1485.67    27.7645    27.7528    1485.56 0.0000e+00
   1319.569     3.3836     3.3831   3.248998   3.247623     1.7057    -0.3732     0.3514    34.8839 1.5760e+00 1.0000e-12 2.8657e+04   1303.000    34.8835    34.8676     4.7469    1485.64    27.7652    27.7525    1485.56 0.0000e+00
   1318.553     3.3814     3.3817   3.248812   3.247421     1.7047    -0.3732     0.3531    34.8846 1.4646e+00 1.0000e-12 3.3346e+04   1302.000    34.8841    34.8672     4.7427    1485.62    27.7659    27.7524    1485.56 0.0000e+00
   1317.537     3.3790     3.3801   3.248669   3.247217     1.7042    -0.3742     0.3536    34.8859 1.6981e+00 1.0000e-12 3.3333e+04   1301.000    34.8855    34.8669     4.7403    1485.59    27.7672    27.7523    1485.56 0.0000e+00
   1316.521     3.3772     3.3789   3.248587   3.247055     1.7044    -0.3932     0.3492    34.8873 9.6698e-01 1.0000e-12 4.9448e+04   1300.000    34.8869    34.8668     4.7405    1485.57    27.7685    27.7523    1485.56 0.0000e+00
   1315.505     3.3767     3.3780   3.248475   3.246915     1.7061    -0.3938     0.3497    34.8869 1.2265e+00 1.0000e-12 4.3951e+04   1299.000    34.8866    34.8666     4.7467    1485.55    27.7683    27.7522    1485.56 0.0000e+00
   1314.490     3.3762     3.3777   3.248402   3.246829     1.7062    -0.3938     0.3504    34.8871 1.5045e+00 1.0000e-12 3.6064e+04   1298.000    34.8868    34.8664     4.7464    1485.53    27.7685    27.7521    1485.56 0.0000e+00
   1313.474     3.3745     3.3758   3.248212   3.246596     1.7053    -0.3794     0.3495    34.8873 1.2293e+00 1.0000e-12 4.3452e+04   1297.000    34.8868    34.8661     4.7427    1485.51    27.7686    27.7520    1485.56 0.0000e+00
   1312.458     3.3718     3.3715   3.247936   3.246105     1.7034    -0.3840     0.3515    34.8875 1.2553e+00 1.0000e-12 4.1687e+04   1296.000    34.8869    34.8653     4.7351    1485.48    27.7690    27.7518    1485.56 0.0000e+00
   1311.442     3.3692     3.3706   3.247698   3.245959     1.7024    -0.3823     0.3511    34.8878 9.4957e-01 1.0000e-12 5.4224e+04   1295.000    34.8873    34.8651     4.7305    1485.45    27.7695    27.7517    1485.56 0.0000e+00
   1310.426     3.3687     3.3699   3.247504   3.245854     1.7017    -0.3814     0.3489    34.8866 9.4174e-01 1.0000e-12 4.9949e+04   1294.000    34.8860    34.8651     4.7274    1485.43    27.7686    27.7517    1485.56 0.0000e+00
   1309.410     3.3675     3.3692   3.247338   3.245749     1.7017    -0.4015     0.3506    34.8862 6.7950e-01 1.0000e-12 6.3922e+04   1293.000    34.8858    34.8651     4.7270    1485.41    27.7685    27.7518    1485.56 0.0000e+00
