Ship_data/Irminger/Irminger-4/ctd/process/uar21_009.cnv
* Sea-Bird SBE 9 Data File:
* FileName = D:\Data\AR21_009.hdr
* Software Version Seasave V 7.23.2
* Temperature SN = 4155
* Conductivity SN = 2645
* Number of Bytes Per Scan = 40
* Number of Voltage Words = 5
* Number of Scans Averaged by the Deck Unit = 1
* NMEA Latitude = 59 58.27 N
* NMEA Longitude = 039 30.81 W
* NMEA UTC (Time) = Aug 06 2017  21:22:51
** Test cast to check pump1 and acoustic device for James
# nquan = 21
# nvalues = 1201                        
# units = specified
# name 0 = prDM: Pressure, Digiquartz [db]
# name 1 = t090C: Temperature [ITS-90, deg C]
# name 2 = t190C: Temperature, 2 [ITS-90, deg C]
# name 3 = c0S/m: Conductivity [S/m]
# name 4 = c1S/m: Conductivity, 2 [S/m]
# name 5 = sbeox0V: Oxygen raw, SBE 43 [V]
# name 6 = flECO-AFL: Fluorescence, WET Labs ECO-AFL/FL [mg/m^3]
# name 7 = turbWETntu0: Turbidity, WET Labs ECO [NTU]
# name 8 = sal00: Salinity, Practical [PSU]
# name 9 = spar: SPAR/Surface Irradiance
# name 10 = par: PAR/Irradiance, Biospherical/Licor
# name 11 = cpar: CPAR/Corrected Irradiance [%]
# name 12 = depSM: Depth [salt water, m], lat = 59.9712
# name 13 = sal00: Salinity, Practical [PSU]
# name 14 = sal11: Salinity, Practical, 2 [PSU]
# name 15 = sbeox0ML/L: Oxygen, SBE 43 [ml/l], WS = 2
# name 16 = svCM: Sound Velocity [Chen-Millero, m/s]
# name 17 = sigma-é00: Density [sigma-theta, kg/m^3]
# name 18 = sigma-é11: Density, 2 [sigma-theta, kg/m^3]
# name 19 = avgsvCM: Average Sound Velocity [Chen-Millero, m/s], minP = 20, minS = 20
# name 20 = flag: flag
# span 0 =      2.019,   1216.988       
# span 1 =     3.3218,     8.5234       
# span 2 =     3.3234,     8.5276       
# span 3 =   3.227203,   3.650458       
# span 4 =   3.227091,   3.650368       
# span 5 =     1.9196,     2.4137       
# span 6 =    -0.4153,     0.7800       
# span 7 =     0.3401,     0.8595       
# span 8 =    34.7694,    34.9139       
# span 9 = 5.9370e-01, 2.0094e+00       
# span 10 = 1.0000e-12, 1.0000e-12      
# span 11 = 8.2818e+03, 7.3056e+04      
# span 12 =      2.000,   1202.000      
# span 13 =    34.7790,    34.9157      
# span 14 =    34.7775,    34.9123      
# span 15 =     5.4528,     5.7080      
# span 16 =    1469.42,    1484.26      
# span 17 =    27.0289,    27.7505      
# span 18 =    27.0251,    27.7480      
# span 19 =    1475.41,    1475.41      
# span 20 = 0.0000e+00, 0.0000e+00      
# interval = meters: 1                  
# start_time = Aug 06 2017 21:22:51 [NMEA time, header]
# bad_flag = -9.990e-29
*END*
[from data line 966]
    238.383     3.8614     3.8626   3.245747   3.245613     2.1391    -0.3710     0.3726    34.9027 1.2567e+00 1.0000e-12 3.8860e+04    236.000    34.9028    34.9000     5.5432    1469.82    27.7250    27.7226    1475.41 0.0000e+00
    237.373     3.8589     3.8592   3.245492   3.245210     2.1395    -0.3735     0.3726    34.9027 1.2280e+00 1.0000e-12 4.3546e+04    235.000    34.9029    34.8993     5.5442    1469.79    27.7254    27.7225    1475.41 0.0000e+00
    236.362     3.8574     3.8582   3.245211   3.245039     2.1398    -0.3789     0.3665    34.9019 1.1717e+00 1.0000e-12 4.0585e+04    234.000    34.9018    34.8989     5.5446    1469.77    27.7246    27.7222    1475.41 0.0000e+00
    235.351     3.8539     3.8539   3.244808   3.244510     2.1407    -0.3926     0.3730    34.9012 1.2643e+00 1.0000e-12 3.8249e+04    233.000    34.9013    34.8977     5.5477    1469.74    27.7246    27.7217    1475.41 0.0000e+00
    234.341     3.8534     3.8531   3.244653   3.244384     2.1408    -0.3716     0.3683    34.9010 1.5168e+00 1.0000e-12 2.4466e+04    232.000    34.9005    34.8976     5.5471    1469.72    27.7240    27.7217    1475.41 0.0000e+00
    233.330     3.8455     3.8422   3.243730   3.243153     2.1408    -0.3943     0.3677    34.9001 1.3258e+00 1.0000e-12 3.5512e+04    231.000    34.8984    34.8951     5.5477    1469.67    27.7231    27.7208    1475.41 0.0000e+00
    232.319     3.8375     3.8376   3.242849   3.242584     2.1415    -0.3924     0.3720    34.8981 1.6175e+00 1.0000e-12 2.1277e+04    230.000    34.8970    34.8938     5.5507    1469.61    27.7228    27.7202    1475.41 0.0000e+00
    231.309     3.8363     3.8386   3.242688   3.242643     2.1420    -0.3883     0.3727    34.8975 1.0375e+00 1.0000e-12 4.4802e+04    229.000    34.8969    34.8940     5.5518    1469.59    27.7228    27.7203    1475.41 0.0000e+00
    230.298     3.8345     3.8383   3.242421   3.242551     2.1433    -0.3669     0.3685    34.8967 1.6613e+00 1.0000e-12 2.3244e+04    228.000    34.8962    34.8937     5.5559    1469.57    27.7224    27.7200    1475.41 0.0000e+00
    229.287     3.8335     3.8360   3.242242   3.242252     2.1446    -0.3680     0.3728    34.8962 1.3560e+00 1.0000e-12 3.5376e+04    227.000    34.8957    34.8931     5.5597    1469.55    27.7221    27.7198    1475.41 0.0000e+00
    228.277     3.8330     3.8343   3.242149   3.241991     2.1456    -0.3693     0.3686    34.8959 1.3971e+00 1.0000e-12 3.7170e+04    226.000    34.8957    34.8924     5.5626    1469.53    27.7221    27.7194    1475.41 0.0000e+00
    227.266     3.8325     3.8335   3.242014   3.241826     2.1461    -0.3905     0.3726    34.8959 1.3683e+00 1.0000e-12 2.6701e+04    225.000    34.8951    34.8918     5.5635    1469.51    27.7218    27.7190    1475.41 0.0000e+00
    226.255     3.8302     3.8330   3.241715   3.241628     2.1462    -0.3916     0.3691    34.8946 1.2129e+00 1.0000e-12 4.7816e+04    224.000    34.8946    34.8905     5.5636    1469.48    27.7216    27.7180    1475.41 0.0000e+00
    225.245     3.8351     3.8382   3.242063   3.242062     2.1467    -0.3939     0.3680    34.8941 9.8844e-01 1.0000e-12 4.7058e+04    223.000    34.8940    34.8907     5.5639    1469.48    27.7206    27.7177    1475.41 0.0000e+00
    224.234     3.8339     3.8358   3.241891   3.241796     2.1466    -0.3926     0.3678    34.8943 1.8003e+00 1.0000e-12 2.2692e+04    222.000    34.8938    34.8907     5.5628    1469.46    27.7205    27.7178    1475.41 0.0000e+00
    223.224     3.8331     3.8347   3.241788   3.241679     2.1473    -0.3744     0.3681    34.8941 9.1243e-01 1.0000e-12 5.2398e+04    221.000    34.8940    34.8909     5.5647    1469.44    27.7208    27.7182    1475.41 0.0000e+00
    222.213     3.8347     3.8356   3.241874   3.241693     2.1479    -0.3915     0.3704    34.8939 1.3661e+00 1.0000e-12 3.6996e+04    220.000    34.8939    34.8907     5.5658    1469.43    27.7205    27.7179    1475.41 0.0000e+00
    221.202     3.8370     3.8365   3.242009   3.241708     2.1480    -0.3931     0.3718    34.8936 1.2753e+00 1.0000e-12 3.5690e+04    219.000    34.8935    34.8905     5.5651    1469.43    27.7200    27.7177    1475.41 0.0000e+00
    220.192     3.8386     3.8440   3.242144   3.242355     2.1480    -0.3725     0.3682    34.8933 1.0768e+00 1.0000e-12 4.2840e+04    218.000    34.8940    34.8908     5.5640    1469.42    27.7202    27.7171    1475.41 0.0000e+00
    219.181     3.8480     3.8548   3.243002   3.243325     2.1481    -0.3852     0.3683    34.8936 9.4105e-01 1.0000e-12 5.0036e+04    217.000    34.8948    34.8914     5.5620    1469.44    27.7199    27.7165    1475.41 0.0000e+00
    218.171     3.8560     3.8562   3.243679   3.243433     2.1480    -0.3814     0.3683    34.8939 1.3935e+00 1.0000e-12 3.1345e+04    216.000    34.8949    34.8918     5.5598    1469.46    27.7191    27.7166    1475.41 0.0000e+00
    217.160     3.8582     3.8578   3.243825   3.243537     2.1480    -0.3684     0.3690    34.8944 1.4844e+00 1.0000e-12 3.1579e+04    215.000    34.8948    34.8918     5.5587    1469.45    27.7188    27.7165    1475.41 0.0000e+00
    216.149     3.8621     3.8577   3.244196   3.243519     2.1483    -0.3686     0.3726    34.8942 1.4126e+00 1.0000e-12 4.1671e+04    214.000    34.8957    34.8923     5.5584    1469.45    27.7191    27.7168    1475.41 0.0000e+00
    215.139     3.8664     3.8627   3.244545   3.243925     2.1488    -0.3691     0.3726    34.8950 1.4445e+00 1.0000e-12 2.6448e+04    213.000    34.8958    34.8923     5.5587    1469.45    27.7187    27.7163    1475.41 0.0000e+00
    214.128     3.8694     3.8664   3.244766   3.244223     2.1489    -0.3787     0.3752    34.8951 1.1119e+00 1.0000e-12 5.2176e+04    212.000    34.8958    34.8925     5.5580    1469.45    27.7184    27.7161    1475.41 0.0000e+00
    213.118     3.8722     3.8757   3.245055   3.245055     2.1490    -0.3806     0.3751    34.8952 1.2914e+00 1.0000e-12 3.0961e+04    211.000    34.8967    34.8931     5.5569    1469.44    27.7189    27.7156    1475.41 0.0000e+00
    212.107     3.8871     3.8877   3.246336   3.246150     2.1492    -0.3816     0.3751    34.8952 1.4890e+00 1.0000e-12 2.5070e+04    210.000    34.8968    34.8938     5.5548    1469.49    27.7174    27.7150    1475.41 0.0000e+00
    211.097     3.8937     3.8930   3.246856   3.246542     2.1494    -0.3904     0.3755    34.8953 1.2595e+00 1.0000e-12 3.7298e+04    209.000    34.8964    34.8934     5.5536    1469.50    27.7164    27.7141    1475.41 0.0000e+00
    210.086     3.8918     3.8893   3.246634   3.246228     2.1491    -0.3922     0.3726    34.8958 8.6300e-01 1.0000e-12 5.4177e+04    208.000    34.8963    34.8942     5.5521    1469.48    27.7165    27.7151    1475.41 0.0000e+00
    209.076     3.8943     3.9053   3.247025   3.247643     2.1492    -0.3848     0.3726    34.8962 1.3764e+00 1.0000e-12 3.1528e+04    207.000    34.8989    34.8946     5.5512    1469.47    27.7183    27.7137    1475.41 0.0000e+00
    208.065     3.9121     3.9133   3.248602   3.248366     2.1491    -0.3797     0.3726    34.8974 1.4314e+00 1.0000e-12 2.8000e+04    206.000    34.8993    34.8952     5.5476    1469.53    27.7167    27.7134    1475.41 0.0000e+00
    207.055     3.9218     3.9170   3.249386   3.248620     2.1492    -0.3941     0.3700    34.8969 8.7327e-01 1.0000e-12 5.9924e+04    205.000    34.8988    34.8948     5.5455    1469.55    27.7154    27.7127    1475.41 0.0000e+00
    206.044     3.9275     3.9320   3.250003   3.250071     2.1491    -0.3931     0.3718    34.8987 1.2156e+00 1.0000e-12 3.8991e+04    204.000    34.9007    34.8967     5.5436    1469.56    27.7163    27.7126    1475.41 0.0000e+00
    205.033     3.9357     3.9448   3.250773   3.251412     2.1491    -0.3693     0.3684    34.8996 1.2562e+00 1.0000e-12 3.8080e+04    203.000    34.9016    34.8995     5.5414    1469.58    27.7161    27.7135    1475.41 0.0000e+00
    204.023     3.9572     3.9644   3.252823   3.253072     2.1490    -0.3835     0.3717    34.9004 1.3644e+00 1.0000e-12 3.3148e+04    202.000    34.9037    34.8990     5.5373    1469.66    27.7155    27.7111    1475.41 0.0000e+00
    203.012     3.9649     3.9677   3.253463   3.253484     2.1489    -0.3847     0.3748    34.9009 1.4445e+00 1.0000e-12 2.9207e+04    201.000    34.9037    34.9010     5.5348    1469.67    27.7148    27.7123    1475.41 0.0000e+00
    202.002     3.9722     3.9712   3.254110   3.253844     2.1480    -0.3706     0.3776    34.9016 1.3581e+00 1.0000e-12 3.9152e+04    200.000    34.9042    34.9021     5.5300    1469.69    27.7144    27.7128    1475.41 0.0000e+00
    200.991     3.9759     3.9768   3.254430   3.254302     2.1476    -0.3944     0.3685    34.9024 1.2477e+00 1.0000e-12 3.2909e+04    199.000    34.9046    34.9021     5.5275    1469.69    27.7143    27.7122    1475.41 0.0000e+00
    199.981     3.9793     3.9838   3.254771   3.254939     2.1467    -0.3868     0.3722    34.9036 1.2876e+00 1.0000e-12 3.4181e+04    198.000    34.9056    34.9028     5.5229    1469.69    27.7147    27.7120    1475.41 0.0000e+00
    198.970     3.9825     3.9871   3.254997   3.255159     2.1455    -0.3694     0.3703    34.9040 1.0866e+00 1.0000e-12 4.2057e+04    197.000    34.9054    34.9024     5.5177    1469.68    27.7142    27.7114    1475.41 0.0000e+00
    197.960     3.9908     3.9887   3.255728   3.255231     2.1458    -0.3837     0.3686    34.9033 1.2031e+00 1.0000e-12 4.0886e+04    196.000    34.9058    34.9022     5.5167    1469.70    27.7137    27.7110    1475.41 0.0000e+00
    196.949     4.0043     4.0087   3.257023   3.257105     2.1455    -0.3819     0.3686    34.9043 1.2547e+00 1.0000e-12 3.3466e+04    195.000    34.9073    34.9037     5.5129    1469.74    27.7135    27.7102    1475.41 0.0000e+00
    195.939     4.0074     4.0081   3.257173   3.257018     2.1452    -0.3681     0.3688    34.9048 1.1896e+00 1.0000e-12 5.2615e+04    194.000    34.9064    34.9039     5.5109    1469.74    27.7124    27.7103    1475.41 0.0000e+00
    194.929     4.0063     4.0070   3.257053   3.256880     2.1448    -0.3741     0.3727    34.9054 1.3086e+00 1.0000e-12 3.3984e+04    193.000    34.9067    34.9039     5.5088    1469.72    27.7128    27.7105    1475.41 0.0000e+00
    193.918     4.0077     4.0084   3.257102   3.256932     2.1451    -0.3915     0.3702    34.9052 1.2742e+00 1.0000e-12 4.1168e+04    192.000    34.9064    34.9035     5.5091    1469.71    27.7123    27.7100    1475.41 0.0000e+00
    192.908     4.0076     4.0088   3.257026   3.256882     2.1455    -0.3745     0.3680    34.9053 1.2062e+00 1.0000e-12 4.0014e+04    191.000    34.9061    34.9031     5.5095    1469.69    27.7122    27.7097    1475.41 0.0000e+00
    191.897     4.0077     4.0112   3.256994   3.257035     2.1458    -0.3706     0.3758    34.9052 1.3439e+00 1.0000e-12 3.3404e+04    190.000    34.9062    34.9029     5.5097    1469.67    27.7122    27.7092    1475.41 0.0000e+00
    190.887     4.0087     4.0107   3.256982   3.256926     2.1462    -0.3702     0.3745    34.9048 1.3874e+00 1.0000e-12 3.6806e+04    189.000    34.9055    34.9027     5.5105    1469.66    27.7115    27.7091    1475.41 0.0000e+00
    189.876     4.0053     4.0069   3.256557   3.256494     2.1461    -0.3720     0.3714    34.9046 1.8699e+00 1.0000e-12 1.1816e+04    188.000    34.9046    34.9022     5.5098    1469.63    27.7112    27.7091    1475.41 0.0000e+00
    188.866     4.0027     4.0056   3.256239   3.256303     2.1456    -0.3692     0.3686    34.9041 1.6884e+00 1.0000e-12 2.6075e+04    187.000    34.9041    34.9018     5.5079    1469.60    27.7110    27.7089    1475.41 0.0000e+00
    187.855     4.0001     4.0024   3.255958   3.255909     2.1463    -0.3703     0.3687    34.9039 1.2973e+00 1.0000e-12 3.5603e+04    186.000    34.9041    34.9011     5.5098    1469.57    27.7113    27.7087    1475.41 0.0000e+00
    186.845     4.0005     4.0017   3.255950   3.255791     2.1468    -0.3715     0.3742    34.9037 1.1577e+00 1.0000e-12 4.4009e+04    185.000    34.9041    34.9009     5.5107    1469.56    27.7113    27.7086    1475.41 0.0000e+00
    185.835     4.0015     4.0013   3.255974   3.255677     2.1473    -0.3656     0.3743    34.9036 1.4173e+00 1.0000e-12 2.7833e+04    184.000    34.9039    34.9006     5.5115    1469.55    27.7110    27.7084    1475.41 0.0000e+00
    184.824     4.0045     4.0061   3.256246   3.256012     2.1474    -0.3878     0.3771    34.9040 1.5557e+00 1.0000e-12 2.1747e+04    183.000    34.9045    34.9001     5.5108    1469.54    27.7111    27.7074    1475.41 0.0000e+00
    183.814     4.0174     4.0271   3.257429   3.257919     2.1482    -0.3926     0.3741    34.9025 1.6607e+00 1.0000e-12 2.3509e+04    182.000    34.9053    34.9009     5.5106    1469.58    27.7104    27.7059    1475.41 0.0000e+00
    182.803     4.0351     4.0443   3.258965   3.259506     2.1490    -0.3906     0.3711    34.9029 9.5479e-01 1.0000e-12 4.9520e+04    181.000    34.9053    34.9020     5.5101    1469.64    27.7086    27.7049    1475.41 0.0000e+00
    181.793     4.0444     4.0489   3.259867   3.259960     2.1499    -0.3917     0.3686    34.9038 1.2780e+00 1.0000e-12 3.2147e+04    180.000    34.9067    34.9030     5.5109    1469.66    27.7087    27.7053    1475.41 0.0000e+00
    180.782     4.0536     4.0497   3.260624   3.260122     2.1509    -0.3876     0.3734    34.9050 1.2809e+00 1.0000e-12 3.5942e+04    179.000    34.9065    34.9046     5.5123    1469.68    27.7076    27.7065    1475.41 0.0000e+00
    179.772     4.0565     4.0555   3.260937   3.260533     2.1515    -0.3503     0.3775    34.9059 1.1451e+00 1.0000e-12 3.9249e+04    178.000    34.9077    34.9039     5.5130    1469.68    27.7082    27.7053    1475.41 0.0000e+00
    178.762     4.0622     4.0595   3.261441   3.260908     2.1507    -0.3548     0.3752    34.9070 1.0537e+00 1.0000e-12 5.2155e+04    177.000    34.9081    34.9047     5.5088    1469.69    27.7079    27.7054    1475.41 0.0000e+00
    177.751     4.0622     4.0684   3.261365   3.261680     2.1507    -0.3692     0.3701    34.9063 1.6393e+00 1.0000e-12 2.6021e+04    176.000    34.9078    34.9050     5.5079    1469.67    27.7077    27.7047    1475.41 0.0000e+00
    176.741     4.0712     4.0733   3.262162   3.262103     2.1513    -0.3719     0.3777    34.9067 1.4887e+00 1.0000e-12 2.4982e+04    175.000    34.9082    34.9053     5.5078    1469.69    27.7071    27.7045    1475.41 0.0000e+00
    175.731     4.0729     4.0710   3.262238   3.261891     2.1521    -0.3697     0.3750    34.9068 1.2199e+00 1.0000e-12 3.9065e+04    174.000    34.9079    34.9057     5.5096    1469.68    27.7066    27.7051    1475.41 0.0000e+00
    174.720     4.0730     4.0761   3.262224   3.262220     2.1527    -0.3704     0.3683    34.9068 1.1291e+00 1.0000e-12 4.4054e+04    173.000    34.9082    34.9048     5.5108    1469.67    27.7068    27.7038    1475.41 0.0000e+00
    173.710     4.0774     4.0792   3.262577   3.262447     2.1528    -0.3684     0.3692    34.9073 1.5449e+00 1.0000e-12 2.6552e+04    172.000    34.9082    34.9048     5.5097    1469.67    27.7063    27.7034    1475.41 0.0000e+00
    172.699     4.0779     4.0786   3.262554   3.262350     2.1527    -0.3787     0.3708    34.9071 1.1554e+00 1.0000e-12 4.1895e+04    171.000    34.9079    34.9047     5.5088    1469.65    27.7061    27.7035    1475.41 0.0000e+00
    171.689     4.0775     4.0793   3.262467   3.262313     2.1527    -0.3936     0.3680    34.9071 1.6849e+00 1.0000e-12 1.8400e+04    170.000    34.9079    34.9042     5.5081    1469.64    27.7061    27.7029    1475.41 0.0000e+00
    170.679     4.0796     4.0822   3.262541   3.262500     2.1527    -0.3743     0.3770    34.9063 1.4987e+00 1.0000e-12 2.0039e+04    169.000    34.9071    34.9038     5.5071    1469.63    27.7052    27.7023    1475.41 0.0000e+00
