Ship_data/Irminger/Irminger-4/ctd/process/uar21_006.cnv
* Sea-Bird SBE 9 Data File:
* FileName = D:\Data\AR21_006.hdr
* Software Version Seasave V 7.23.2
* Temperature SN = 4155
* Conductivity SN = 2645
* Number of Bytes Per Scan = 40
* Number of Voltage Words = 5
* Number of Scans Averaged by the Deck Unit = 1
* NMEA Latitude = 50 47.19 N
* NMEA Longitude = 047 19.09 W
* NMEA UTC (Time) = Aug 02 2017  19:20:56
# nquan = 21
# nvalues = 1004                        
# units = specified
# name 0 = prDM: Pressure, Digiquartz [db]
# name 1 = t090C: Temperature [ITS-90, deg C]
# name 2 = t190C: Temperature, 2 [ITS-90, deg C]
# name 3 = c0S/m: Conductivity [S/m]
# name 4 = c1S/m: Conductivity, 2 [S/m]
# name 5 = sbeox0V: Oxygen raw, SBE 43 [V]
# name 6 = flECO-AFL: Fluorescence, WET Labs ECO-AFL/FL [mg/m^3]
# name 7 = turbWETntu0: Turbidity, WET Labs ECO [NTU]
# name 8 = sal00: Salinity, Practical [PSU]
# name 9 = spar: SPAR/Surface Irradiance
# name 10 = par: PAR/Irradiance, Biospherical/Licor
# name 11 = cpar: CPAR/Corrected Irradiance [%]
# name 12 = depSM: Depth [salt water, m], lat = 50.7865
# name 13 = sal00: Salinity, Practical [PSU]
# name 14 = sal11: Salinity, Practical, 2 [PSU]
# name 15 = sbeox0ML/L: Oxygen, SBE 43 [ml/l], WS = 2
# name 16 = svCM: Sound Velocity [Chen-Millero, m/s]
# name 17 = sigma-é00: Density [sigma-theta, kg/m^3]
# name 18 = sigma-é11: Density, 2 [sigma-theta, kg/m^3]
# name 19 = avgsvCM: Average Sound Velocity [Chen-Millero, m/s], minP = 20, minS = 20
# name 20 = flag: flag
# span 0 =      2.017,   1016.243       
# span 1 =     3.2017,    11.0026       
# span 2 =     3.2013,    11.0700       
# span 3 =   3.159719,   3.788438       
# span 4 =   3.159635,   3.794290       
# span 5 =     1.7036,     2.5529       
# span 6 =    -0.4149,     1.9523       
# span 7 =     0.3482,     0.5485       
# span 8 =    33.8408,    34.8786       
# span 9 = 3.7179e-01, 2.0484e+00       
# span 10 = 1.0000e-12, 1.0000e-12      
# span 11 = 6.9797e+03, 8.0260e+04      
# span 12 =      2.000,   1005.000      
# span 13 =    33.8437,    34.8776      
# span 14 =    33.8382,    34.8682      
# span 15 =     4.3971,     6.0925      
# span 16 =    1464.06,    1492.02      
# span 17 =    25.8748,    27.7522      
# span 18 =    25.8581,    27.7512      
# span 19 =    1473.00,    1473.00      
# span 20 = 0.0000e+00, 0.0000e+00      
# interval = meters: 1                  
# start_time = Aug 02 2017 19:20:56 [NMEA time, header]
# bad_flag = -9.990e-29
*END*
[from data line 483]
    527.222     3.5018     3.4970   3.223146   3.223141     1.8308    -0.3913     0.3580    34.8601 1.0601e+00 1.0000e-12 4.3758e+04    522.000    34.8602    34.8653     4.7144    1473.00    27.7292    27.7337    1473.00 0.0000e+00
    526.211     3.4958     3.4927   3.223257   3.222687     1.8303    -0.3823     0.3583    34.8687 1.2186e+00 1.0000e-12 4.1179e+04    521.000    34.8685    34.8650     4.7128    1472.97    27.7364    27.7339    1473.00 0.0000e+00
    525.199     3.4926     3.4935   3.223226   3.222712     1.8318    -0.3742     0.3572    34.8725 1.3885e+00 1.0000e-12 2.6256e+04    520.000    34.8721    34.8649     4.7179    1472.94    27.7395    27.7337    1473.00 0.0000e+00
    524.188     3.4928     3.4943   3.223043   3.222748     1.8373    -0.3743     0.3538    34.8707 9.3892e-01 1.0000e-12 5.0149e+04    519.000    34.8702    34.8651     4.7369    1472.92    27.7380    27.7338    1473.00 0.0000e+00
    523.177     3.4932     3.4943   3.222832   3.222714     1.8451    -0.3901     0.3580    34.8682 1.3921e+00 1.0000e-12 3.7126e+04    518.000    34.8678    34.8652     4.7640    1472.90    27.7361    27.7338    1473.00 0.0000e+00
    522.166     3.4925     3.4941   3.222636   3.222643     1.8523    -0.3828     0.3602    34.8670 1.4249e+00 1.0000e-12 2.9830e+04    517.000    34.8667    34.8651     4.7893    1472.88    27.7352    27.7338    1473.00 0.0000e+00
    521.154     3.4920     3.4937   3.222494   3.222553     1.8537    -0.3936     0.3592    34.8664 1.0906e+00 1.0000e-12 4.5168e+04    516.000    34.8662    34.8650     4.7936    1472.86    27.7348    27.7337    1473.00 0.0000e+00
    520.143     3.4916     3.4903   3.222393   3.222117     1.8505    -0.3938     0.3580    34.8661 1.4527e+00 1.0000e-12 3.4501e+04    515.000    34.8659    34.8640     4.7817    1472.85    27.7346    27.7332    1473.00 0.0000e+00
    519.132     3.4891     3.4866   3.222308   3.221709     1.8479    -0.3938     0.3580    34.8683 1.0642e+00 1.0000e-12 4.3124e+04    514.000    34.8680    34.8635     4.7722    1472.82    27.7366    27.7333    1473.00 0.0000e+00
    518.121     3.4858     3.4859   3.222225   3.221545     1.8464    -0.3927     0.3580    34.8716 1.6946e+00 1.0000e-12 2.7263e+04    513.000    34.8712    34.8629     4.7665    1472.79    27.7394    27.7328    1473.00 0.0000e+00
    517.109     3.4842     3.4853   3.222125   3.221434     1.8477    -0.3938     0.3580    34.8726 1.0885e+00 1.0000e-12 4.7721e+04    512.000    34.8722    34.8627     4.7707    1472.77    27.7404    27.7327    1473.00 0.0000e+00
    516.098     3.4832     3.4846   3.221954   3.221325     1.8506    -0.3938     0.3580    34.8723 9.8927e-01 1.0000e-12 4.7373e+04    511.000    34.8717    34.8627     4.7803    1472.75    27.7401    27.7328    1473.00 0.0000e+00
    515.087     3.4830     3.4851   3.221760   3.221340     1.8562    -0.3938     0.3582    34.8706 1.4038e+00 1.0000e-12 3.7706e+04    510.000    34.8702    34.8629     4.8000    1472.73    27.7389    27.7329    1473.00 0.0000e+00
    514.076     3.4826     3.4843   3.221602   3.221218     1.8638    -0.3932     0.3568    34.8696 1.2805e+00 1.0000e-12 3.5552e+04    509.000    34.8692    34.8628     4.8263    1472.71    27.7382    27.7328    1473.00 0.0000e+00
    513.065     3.4820     3.4841   3.221473   3.221134     1.8674    -0.3796     0.3594    34.8692 1.3928e+00 1.0000e-12 2.9746e+04    508.000    34.8689    34.8626     4.8389    1472.69    27.7379    27.7327    1473.00 0.0000e+00
    512.053     3.4819     3.4842   3.221386   3.221089     1.8664    -0.3846     0.3629    34.8687 1.2539e+00 1.0000e-12 4.3027e+04    507.000    34.8684    34.8624     4.8344    1472.68    27.7376    27.7325    1473.00 0.0000e+00
    511.042     3.4822     3.4849   3.221263   3.221095     1.8635    -0.3930     0.3629    34.8675 1.3339e+00 1.0000e-12 3.3360e+04    506.000    34.8672    34.8623     4.8238    1472.66    27.7366    27.7324    1473.00 0.0000e+00
    510.031     3.4828     3.4848   3.221177   3.221045     1.8587    -0.3931     0.3631    34.8662 1.5307e+00 1.0000e-12 2.6072e+04    505.000    34.8660    34.8624     4.8057    1472.64    27.7356    27.7325    1473.00 0.0000e+00
    509.020     3.4832     3.4854   3.221077   3.221056     1.8533    -0.3799     0.3631    34.8652 1.1355e+00 1.0000e-12 3.9502e+04    504.000    34.8650    34.8624     4.7859    1472.63    27.7347    27.7324    1473.00 0.0000e+00
    508.008     3.4837     3.4870   3.220982   3.221160     1.8502    -0.3730     0.3629    34.8640 1.0308e+00 1.0000e-12 4.5270e+04    503.000    34.8638    34.8625     4.7743    1472.61    27.7337    27.7323    1473.00 0.0000e+00
    506.997     3.4848     3.4894   3.220903   3.221355     1.8487    -0.3782     0.3614    34.8623 1.2244e+00 1.0000e-12 4.5000e+04    502.000    34.8622    34.8628     4.7682    1472.60    27.7323    27.7323    1473.00 0.0000e+00
    505.986     3.4865     3.4894   3.220863   3.221342     1.8484    -0.3931     0.3581    34.8605 1.0439e+00 1.0000e-12 4.9788e+04    501.000    34.8605    34.8632     4.7663    1472.58    27.7308    27.7326    1473.00 0.0000e+00
    504.975     3.4880     3.4915   3.220836   3.221502     1.8514    -0.3933     0.3580    34.8591 1.3916e+00 1.0000e-12 3.1640e+04    500.000    34.8592    34.8634     4.7760    1472.57    27.7296    27.7326    1473.00 0.0000e+00
    503.964     3.4894     3.4917   3.220846   3.221484     1.8556    -0.3926     0.3581    34.8583 1.3075e+00 1.0000e-12 3.6669e+04    499.000    34.8583    34.8635     4.7903    1472.56    27.7287    27.7327    1473.00 0.0000e+00
    502.953     3.4905     3.4950   3.220807   3.221723     1.8566    -0.3735     0.3631    34.8571 1.2877e+00 1.0000e-12 3.1386e+04    498.000    34.8572    34.8634     4.7933    1472.55    27.7277    27.7322    1473.00 0.0000e+00
    501.941     3.4938     3.5067   3.220840   3.222838     1.8573    -0.3850     0.3629    34.8544 9.9559e-01 1.0000e-12 4.7141e+04    497.000    34.8546    34.8648     4.7947    1472.54    27.7253    27.7322    1473.00 0.0000e+00
    500.930     3.5042     3.5154   3.220921   3.223676     1.8585    -0.3924     0.3626    34.8444 8.8029e-01 1.0000e-12 5.9858e+04    496.000    34.8450    34.8661     4.7972    1472.56    27.7167    27.7324    1473.00 0.0000e+00
    499.919     3.5103     3.5148   3.221097   3.223601     1.8621    -0.3925     0.3583    34.8402 9.9743e-01 1.0000e-12 4.7419e+04    495.000    34.8412    34.8664     4.8088    1472.56    27.7130    27.7326    1473.00 0.0000e+00
    498.908     3.5127     3.5165   3.221657   3.223728     1.8713    -0.3800     0.3614    34.8446 1.0819e+00 1.0000e-12 4.2559e+04    494.000    34.8459    34.8667     4.8403    1472.56    27.7165    27.7327    1473.00 0.0000e+00
    497.897     3.5181     3.5181   3.222428   3.223836     1.9001    -0.3919     0.3574    34.8495 1.3748e+00 1.0000e-12 3.5162e+04    493.000    34.8500    34.8669     4.9411    1472.57    27.7192    27.7327    1473.00 0.0000e+00
    496.886     3.5160     3.5187   3.222195   3.223837     1.9046    -0.3709     0.3580    34.8495 1.3181e+00 1.0000e-12 3.4971e+04    492.000    34.8499    34.8667     4.9569    1472.55    27.7194    27.7325    1473.00 0.0000e+00
    495.875     3.5174     3.5213   3.222361   3.224025     1.9029    -0.3730     0.3583    34.8501 1.4126e+00 1.0000e-12 3.7499e+04    491.000    34.8509    34.8668     4.9498    1472.54    27.7200    27.7323    1473.00 0.0000e+00
    494.863     3.5193     3.5240   3.222585   3.224236     1.9002    -0.3929     0.3580    34.8515 9.9564e-01 1.0000e-12 4.6866e+04    490.000    34.8522    34.8669     4.9393    1472.53    27.7208    27.7321    1473.00 0.0000e+00
    493.852     3.5213     3.5238   3.222743   3.224161     1.8991    -0.3858     0.3597    34.8518 1.1329e+00 1.0000e-12 3.9852e+04    489.000    34.8524    34.8668     4.9344    1472.52    27.7208    27.7321    1473.00 0.0000e+00
    492.841     3.5215     3.5233   3.222801   3.224075     1.8997    -0.3742     0.3629    34.8530 1.2953e+00 1.0000e-12 4.3759e+04    488.000    34.8535    34.8669     4.9357    1472.51    27.7217    27.7321    1473.00 0.0000e+00
    491.830     3.5213     3.5229   3.222795   3.224018     1.9028    -0.3733     0.3592    34.8538 1.1934e+00 1.0000e-12 3.7092e+04    487.000    34.8542    34.8671     4.9463    1472.49    27.7222    27.7323    1473.00 0.0000e+00
    490.819     3.5211     3.5229   3.222914   3.223950     1.9066    -0.3865     0.3583    34.8559 1.2338e+00 1.0000e-12 3.7118e+04    486.000    34.8563    34.8669     4.9590    1472.48    27.7239    27.7322    1473.00 0.0000e+00
    489.808     3.5208     3.5227   3.223002   3.223862     1.9101    -0.3934     0.3629    34.8581 1.2731e+00 1.0000e-12 3.7846e+04    485.000    34.8583    34.8666     4.9708    1472.46    27.7255    27.7320    1473.00 0.0000e+00
    488.797     3.5208     3.5225   3.222865   3.223786     1.9117    -0.3938     0.3598    34.8570 1.0216e+00 1.0000e-12 4.5790e+04    484.000    34.8572    34.8664     4.9757    1472.44    27.7247    27.7318    1473.00 0.0000e+00
    487.786     3.5205     3.5218   3.222850   3.223658     1.9101    -0.3790     0.3609    34.8577 1.4171e+00 1.0000e-12 2.4763e+04    483.000    34.8579    34.8661     4.9695    1472.43    27.7252    27.7317    1473.00 0.0000e+00
    486.775     3.5194     3.5204   3.222798   3.223446     1.9060    -0.3789     0.3632    34.8588 1.0679e+00 1.0000e-12 4.3299e+04    482.000    34.8589    34.8656     4.9545    1472.41    27.7262    27.7314    1473.00 0.0000e+00
    485.763     3.5183     3.5199   3.222761   3.223353     1.9006    -0.3877     0.3618    34.8601 1.3720e+00 1.0000e-12 3.6315e+04    481.000    34.8602    34.8656     4.9347    1472.39    27.7272    27.7314    1473.00 0.0000e+00
    484.752     3.5180     3.5197   3.222743   3.223274     1.8951    -0.3735     0.3591    34.8609 1.3105e+00 1.0000e-12 3.0456e+04    480.000    34.8609    34.8654     4.9146    1472.37    27.7278    27.7313    1473.00 0.0000e+00
    483.741     3.5180     3.5197   3.222677   3.223230     1.8891    -0.3733     0.3631    34.8607 1.0648e+00 1.0000e-12 4.3468e+04    479.000    34.8606    34.8654     4.8928    1472.35    27.7276    27.7313    1473.00 0.0000e+00
    482.730     3.5180     3.5198   3.222448   3.223191     1.8805    -0.3801     0.3629    34.8586 1.5362e+00 1.0000e-12 2.7436e+04    478.000    34.8584    34.8654     4.8615    1472.33    27.7259    27.7313    1473.00 0.0000e+00
    481.719     3.5179     3.5197   3.222204   3.223132     1.8657    -0.3939     0.3662    34.8560 1.1544e+00 1.0000e-12 4.1128e+04    477.000    34.8561    34.8654     4.8084    1472.31    27.7240    27.7312    1473.00 0.0000e+00
    480.708     3.5179     3.5194   3.222277   3.223023     1.8537    -0.3727     0.3577    34.8575 1.5355e+00 1.0000e-12 2.3301e+04    476.000    34.8576    34.8649     4.7655    1472.30    27.7252    27.7308    1473.00 0.0000e+00
    479.697     3.5171     3.5161   3.222324   3.222618     1.8488    -0.3906     0.3624    34.8594 1.7758e+00 1.0000e-12 1.7569e+04    475.000    34.8595    34.8641     4.7474    1472.28    27.7268    27.7305    1473.00 0.0000e+00
    478.686     3.5138     3.5135   3.222385   3.222294     1.8473    -0.3924     0.3629    34.8643 1.7373e+00 1.0000e-12 1.5299e+04    474.000    34.8643    34.8635     4.7416    1472.26    27.7309    27.7303    1473.00 0.0000e+00
    477.675     3.5119     3.5138   3.222378   3.222256     1.8492    -0.3939     0.3629    34.8670 1.4956e+00 1.0000e-12 2.7209e+04    473.000    34.8668    34.8633     4.7481    1472.23    27.7331    27.7301    1473.00 0.0000e+00
    476.664     3.5117     3.5136   3.222260   3.222209     1.8552    -0.3938     0.3599    34.8664 1.3804e+00 1.0000e-12 2.6666e+04    472.000    34.8661    34.8635     4.7688    1472.22    27.7325    27.7303    1473.00 0.0000e+00
    475.653     3.5118     3.5138   3.222089   3.222196     1.8648    -0.3890     0.3580    34.8648 1.5958e+00 1.0000e-12 2.0155e+04    471.000    34.8645    34.8637     4.8022    1472.20    27.7312    27.7304    1473.00 0.0000e+00
    474.642     3.5122     3.5138   3.221939   3.222148     1.8835    -0.3875     0.3597    34.8630 1.3675e+00 1.0000e-12 3.0439e+04    470.000    34.8629    34.8637     4.8677    1472.18    27.7299    27.7304    1473.00 0.0000e+00
    473.631     3.5119     3.5142   3.221747   3.222108     1.8937    -0.3942     0.3614    34.8615 1.2064e+00 1.0000e-12 3.5756e+04    469.000    34.8613    34.8633     4.9034    1472.16    27.7287    27.7301    1473.00 0.0000e+00
    472.620     3.5122     3.5145   3.221688   3.222077     1.8908    -0.3927     0.3580    34.8610 1.8841e+00 1.0000e-12 2.2209e+04    468.000    34.8609    34.8632     4.8925    1472.14    27.7283    27.7299    1473.00 0.0000e+00
    471.609     3.5127     3.5151   3.221682   3.222074     1.8886    -0.3912     0.3580    34.8609 1.1173e+00 1.0000e-12 4.0302e+04    467.000    34.8608    34.8629     4.8840    1472.13    27.7282    27.7297    1473.00 0.0000e+00
    470.598     3.5130     3.5152   3.221684   3.222032     1.8869    -0.3761     0.3611    34.8612 1.0084e+00 1.0000e-12 4.6459e+04    466.000    34.8611    34.8630     4.8773    1472.11    27.7284    27.7297    1473.00 0.0000e+00
    469.587     3.5133     3.5155   3.221658   3.222008     1.8878    -0.3729     0.3628    34.8611 8.7653e-01 1.0000e-12 5.3462e+04    465.000    34.8610    34.8629     4.8797    1472.10    27.7283    27.7296    1473.00 0.0000e+00
    468.576     3.5134     3.5156   3.221637   3.221977     1.8913    -0.3905     0.3594    34.8613 8.7860e-01 1.0000e-12 5.3352e+04    464.000    34.8612    34.8630     4.8914    1472.08    27.7284    27.7296    1473.00 0.0000e+00
    467.565     3.5133     3.5151   3.221592   3.221904     1.8971    -0.3926     0.3601    34.8614 1.5310e+00 1.0000e-12 2.9204e+04    463.000    34.8613    34.8631     4.9113    1472.07    27.7285    27.7298    1473.00 0.0000e+00
    466.554     3.5124     3.5146   3.221511   3.221805     1.9039    -0.3878     0.3627    34.8619 1.1531e+00 1.0000e-12 4.6939e+04    462.000    34.8618    34.8630     4.9349    1472.05    27.7290    27.7297    1473.00 0.0000e+00
    465.543     3.5115     3.5128   3.221391   3.221573     1.9059    -0.3834     0.3602    34.8620 9.2318e-01 1.0000e-12 5.1243e+04    461.000    34.8619    34.8627     4.9413    1472.03    27.7292    27.7296    1473.00 0.0000e+00
    464.532     3.5108     3.5117   3.221388   3.221401     1.8969    -0.3722     0.3605    34.8633 1.3396e+00 1.0000e-12 3.3301e+04    460.000    34.8632    34.8624     4.9088    1472.01    27.7302    27.7295    1473.00 0.0000e+00
    463.521     3.5110     3.5108   3.221259   3.221221     1.8871    -0.3743     0.3630    34.8621 1.8317e+00 1.0000e-12 1.5120e+04    459.000    34.8620    34.8617     4.8736    1471.99    27.7293    27.7291    1473.00 0.0000e+00
    462.510     3.5079     3.5051   3.221200   3.220628     1.8831    -0.3943     0.3632    34.8652 1.2026e+00 1.0000e-12 4.1865e+04    458.000    34.8651    34.8612     4.8592    1471.97    27.7320    27.7292    1473.00 0.0000e+00
    461.499     3.5004     3.4952   3.221130   3.219558     1.8805    -0.3802     0.3601    34.8733 8.6250e-01 1.0000e-12 5.3922e+04    457.000    34.8729    34.8595     4.8502    1471.93    27.7389    27.7288    1473.00 0.0000e+00
    460.488     3.4951     3.4939   3.221010   3.219366     1.8805    -0.3744     0.3583    34.8783 1.2496e+00 1.0000e-12 3.3655e+04    456.000    34.8776    34.8591     4.8500    1471.89    27.7432    27.7286    1473.00 0.0000e+00
    459.477     3.4919     3.4945   3.220670   3.219401     1.8837    -0.3924     0.3628    34.8786 1.1099e+00 1.0000e-12 4.1070e+04    455.000    34.8775    34.8594     4.8611    1471.86    27.7434    27.7288    1473.00 0.0000e+00
