Ship_data/Irminger/Irminger-4/ctd/process/uar21_012.cnv
* Sea-Bird SBE 9 Data File:
* FileName = D:\Data\AR21_012.hdr
* Software Version Seasave V 7.23.2
* Temperature SN = 4155
* Conductivity SN = 2645
* Number of Bytes Per Scan = 40
* Number of Voltage Words = 5
* Number of Scans Averaged by the Deck Unit = 1
* NMEA Latitude = 59 51.21 N
* NMEA Longitude = 039 07.69 W
* NMEA UTC (Time) = Aug 09 2017  13:01:16
# nquan = 21
# nvalues = 999                         
# units = specified
# name 0 = prDM: Pressure, Digiquartz [db]
# name 1 = t090C: Temperature [ITS-90, deg C]
# name 2 = t190C: Temperature, 2 [ITS-90, deg C]
# name 3 = c0S/m: Conductivity [S/m]
# name 4 = c1S/m: Conductivity, 2 [S/m]
# name 5 = sbeox0V: Oxygen raw, SBE 43 [V]
# name 6 = flECO-AFL: Fluorescence, WET Labs ECO-AFL/FL [mg/m^3]
# name 7 = turbWETntu0: Turbidity, WET Labs ECO [NTU]
# name 8 = sal00: Salinity, Practical [PSU]
# name 9 = spar: SPAR/Surface Irradiance
# name 10 = par: PAR/Irradiance, Biospherical/Licor
# name 11 = cpar: CPAR/Corrected Irradiance [%]
# name 12 = depSM: Depth [salt water, m], lat = 59.8535
# name 13 = sal00: Salinity, Practical [PSU]
# name 14 = sal11: Salinity, Practical, 2 [PSU]
# name 15 = sbeox0ML/L: Oxygen, SBE 43 [ml/l], WS = 2
# name 16 = svCM: Sound Velocity [Chen-Millero, m/s]
# name 17 = sigma-é00: Density [sigma-theta, kg/m^3]
# name 18 = sigma-é11: Density, 2 [sigma-theta, kg/m^3]
# name 19 = avgsvCM: Average Sound Velocity [Chen-Millero, m/s], minP = 20, minS = 20
# name 20 = flag: flag
# span 0 =      3.029,   1012.980       
# span 1 =     3.3907,     8.7737       
# span 2 =     3.3926,     8.7796       
# span 3 =   3.234832,   3.667286       
# span 4 =   3.234773,   3.667353       
# span 5 =     1.9636,     2.4206       
# span 6 =    -0.4187,     0.6607       
# span 7 =     0.3429,     0.4543       
# span 8 =    34.7221,    34.9451       
# span 9 = 1.6353e-01, 1.3884e+00       
# span 10 = 1.0000e-12, 1.0000e-12      
# span 11 = 3.2261e+04, 9.1317e+04      
# span 12 =      3.000,   1001.000      
# span 13 =    34.7229,    34.9483      
# span 14 =    34.7178,    34.9434      
# span 15 =     5.4190,     5.6784      
# span 16 =    1470.32,    1485.07      
# span 17 =    26.9372,    27.7502      
# span 18 =    26.9323,    27.7475      
# span 19 =    1474.79,    1474.79      
# span 20 = 0.0000e+00, 0.0000e+00      
# interval = meters: 1                  
# start_time = Aug 09 2017 13:01:16 [NMEA time, header]
# bad_flag = -9.990e-29
*END*
[from data line 621]
    383.969     3.7798     3.7775   3.245114   3.244615     2.1031    -0.3899     0.3677    34.9030 7.0267e-01 1.0000e-12 6.5779e+04    380.000    34.9035    34.9001     5.5367    1471.87    27.7350    27.7325    1474.79 0.0000e+00
    382.957     3.7825     3.7804   3.245303   3.244856     2.1031    -0.3933     0.3627    34.9032 9.5001e-01 1.0000e-12 5.2495e+04    379.000    34.9034    34.9003     5.5354    1471.86    27.7346    27.7324    1474.79 0.0000e+00
    381.946     3.7900     3.7803   3.246044   3.244802     2.1036    -0.3915     0.3664    34.9035 4.8721e-01 1.0000e-12 7.3997e+04    378.000    34.9049    34.9004     5.5351    1471.88    27.7350    27.7325    1474.79 0.0000e+00
    380.935     3.7963     3.7888   3.246580   3.245578     2.1037    -0.3919     0.3648    34.9043 9.4924e-01 1.0000e-12 5.4688e+04    377.000    34.9051    34.9012     5.5339    1471.89    27.7346    27.7322    1474.79 0.0000e+00
    379.923     3.7993     3.8002   3.246874   3.246618     2.1037    -0.3939     0.3628    34.9048 5.4515e-01 1.0000e-12 7.0942e+04    376.000    34.9060    34.9020     5.5328    1471.89    27.7349    27.7316    1474.79 0.0000e+00
    378.912     3.8019     3.8023   3.247070   3.246833     2.1035    -0.3938     0.3629    34.9052 6.6510e-01 1.0000e-12 6.4687e+04    375.000    34.9061    34.9028     5.5309    1471.88    27.7347    27.7321    1474.79 0.0000e+00
    377.900     3.8032     3.8040   3.247154   3.246956     2.1033    -0.3938     0.3629    34.9056 5.9027e-01 1.0000e-12 6.8660e+04    374.000    34.9063    34.9031     5.5293    1471.87    27.7347    27.7321    1474.79 0.0000e+00
    376.889     3.8032     3.8043   3.247095   3.246943     2.1030    -0.3819     0.3654    34.9057 6.9017e-01 1.0000e-12 6.3356e+04    373.000    34.9060    34.9030     5.5276    1471.85    27.7345    27.7320    1474.79 0.0000e+00
    375.878     3.8026     3.8040   3.247008   3.246851     2.1030    -0.3779     0.3666    34.9057 3.5455e-01 1.0000e-12 8.1175e+04    372.000    34.9062    34.9029     5.5267    1471.83    27.7348    27.7320    1474.79 0.0000e+00
    374.866     3.8031     3.8045   3.247014   3.246871     2.1029    -0.3917     0.3633    34.9058 7.7685e-01 1.0000e-12 5.8754e+04    371.000    34.9063    34.9031     5.5259    1471.82    27.7347    27.7321    1474.79 0.0000e+00
    373.855     3.8033     3.8049   3.246986   3.246860     2.1028    -0.3812     0.3658    34.9059 5.9102e-01 1.0000e-12 6.8620e+04    370.000    34.9062    34.9031     5.5248    1471.80    27.7347    27.7320    1474.79 0.0000e+00
    372.844     3.8044     3.8049   3.247037   3.246793     2.1029    -0.3921     0.3586    34.9059 7.0205e-01 1.0000e-12 6.2726e+04    369.000    34.9063    34.9028     5.5241    1471.79    27.7346    27.7318    1474.79 0.0000e+00
    371.832     3.8091     3.8096   3.247459   3.247211     2.1029    -0.3938     0.3627    34.9060 8.0927e-01 1.0000e-12 6.1884e+04    368.000    34.9069    34.9033     5.5225    1471.80    27.7346    27.7317    1474.79 0.0000e+00
    370.821     3.8143     3.8165   3.247928   3.247840     2.1030    -0.3759     0.3671    34.9061 6.6869e-01 1.0000e-12 6.4628e+04    367.000    34.9074    34.9040     5.5214    1471.80    27.7344    27.7315    1474.79 0.0000e+00
    369.810     3.8211     3.8216   3.248552   3.248291     2.1032    -0.3768     0.3668    34.9069 7.5166e-01 1.0000e-12 6.0091e+04    366.000    34.9081    34.9045     5.5204    1471.82    27.7343    27.7314    1474.79 0.0000e+00
    368.799     3.8261     3.8237   3.248985   3.248457     2.1035    -0.3936     0.3629    34.9072 7.7522e-01 1.0000e-12 5.8840e+04    365.000    34.9086    34.9049     5.5198    1471.82    27.7342    27.7315    1474.79 0.0000e+00
    367.787     3.8315     3.8300   3.249531   3.249017     2.1038    -0.3729     0.3629    34.9084 7.3404e-01 1.0000e-12 6.6379e+04    364.000    34.9099    34.9053     5.5193    1471.83    27.7347    27.7312    1474.79 0.0000e+00
    366.776     3.8368     3.8309   3.249935   3.249084     2.1043    -0.3717     0.3629    34.9082 7.3682e-01 1.0000e-12 6.1114e+04    363.000    34.9096    34.9057     5.5193    1471.83    27.7339    27.7314    1474.79 0.0000e+00
    365.765     3.8377     3.8316   3.249981   3.249117     2.1043    -0.3852     0.3629    34.9088 9.8798e-01 1.0000e-12 5.3495e+04    362.000    34.9097    34.9059     5.5184    1471.82    27.7339    27.7314    1474.79 0.0000e+00
    364.753     3.8399     3.8390   3.250132   3.249776     2.1041    -0.3769     0.3607    34.9090 9.6793e-01 1.0000e-12 5.4311e+04    361.000    34.9097    34.9065     5.5169    1471.81    27.7336    27.7312    1474.79 0.0000e+00
    363.742     3.8408     3.8417   3.250138   3.249945     2.1036    -0.3840     0.3667    34.9089 9.0073e-01 1.0000e-12 5.6088e+04    360.000    34.9093    34.9061     5.5141    1471.80    27.7332    27.7306    1474.79 0.0000e+00
    362.731     3.8397     3.8387   3.250026   3.249628     2.1031    -0.3733     0.3647    34.9090 1.0072e+00 1.0000e-12 4.6091e+04    359.000    34.9097    34.9061     5.5119    1471.78    27.7336    27.7309    1474.79 0.0000e+00
    361.720     3.8417     3.8435   3.250149   3.250038     2.1031    -0.3920     0.3728    34.9090 5.1450e-01 1.0000e-12 7.2683e+04    358.000    34.9096    34.9064     5.5110    1471.77    27.7333    27.7307    1474.79 0.0000e+00
    360.708     3.8430     3.8446   3.250206   3.250090     2.1031    -0.3928     0.3632    34.9090 6.5776e-01 1.0000e-12 7.0023e+04    357.000    34.9095    34.9063     5.5101    1471.76    27.7331    27.7304    1474.79 0.0000e+00
    359.697     3.8432     3.8441   3.250165   3.249994     2.1031    -0.3758     0.3629    34.9088 6.8398e-01 1.0000e-12 6.3865e+04    356.000    34.9093    34.9063     5.5091    1471.74    27.7330    27.7304    1474.79 0.0000e+00
    358.686     3.8441     3.8441   3.250197   3.249960     2.1028    -0.3690     0.3672    34.9089 7.7722e-01 1.0000e-12 6.2104e+04    355.000    34.9093    34.9065     5.5075    1471.73    27.7329    27.7306    1474.79 0.0000e+00
    357.674     3.8452     3.8452   3.250239   3.249981     2.1020    -0.3904     0.3673    34.9088 7.5351e-01 1.0000e-12 6.3327e+04    354.000    34.9091    34.9061     5.5036    1471.72    27.7326    27.7301    1474.79 0.0000e+00
    356.663     3.8455     3.8462   3.250227   3.250018     2.1018    -0.3930     0.3628    34.9088 1.0230e+00 1.0000e-12 4.5650e+04    353.000    34.9092    34.9060     5.5021    1471.70    27.7326    27.7300    1474.79 0.0000e+00
    355.652     3.8463     3.8471   3.250248   3.250057     2.1018    -0.3890     0.3629    34.9089 7.0763e-01 1.0000e-12 6.2429e+04    352.000    34.9092    34.9060     5.5013    1471.69    27.7325    27.7299    1474.79 0.0000e+00
    354.641     3.8458     3.8472   3.250156   3.250023     2.1019    -0.3701     0.3629    34.9090 5.3398e-01 1.0000e-12 7.6521e+04    351.000    34.9092    34.9061     5.5010    1471.67    27.7325    27.7300    1474.79 0.0000e+00
    353.630     3.8459     3.8471   3.250131   3.249963     2.1018    -0.3925     0.3629    34.9089 2.7462e-01 1.0000e-12 8.5271e+04    350.000    34.9093    34.9060     5.4999    1471.66    27.7326    27.7299    1474.79 0.0000e+00
    352.618     3.8472     3.8482   3.250184   3.250010     2.1012    -0.3930     0.3629    34.9088 6.2980e-01 1.0000e-12 6.6561e+04    349.000    34.9091    34.9059     5.4970    1471.64    27.7323    27.7297    1474.79 0.0000e+00
    351.607     3.8505     3.8496   3.250468   3.250081     2.1004    -0.3922     0.3629    34.9089 7.5273e-01 1.0000e-12 6.4013e+04    348.000    34.9095    34.9059     5.4930    1471.64    27.7323    27.7295    1474.79 0.0000e+00
    350.596     3.8513     3.8500   3.250478   3.250076     2.1008    -0.3901     0.3673    34.9089 9.1076e-01 1.0000e-12 5.5341e+04    347.000    34.9093    34.9059     5.4936    1471.63    27.7320    27.7295    1474.79 0.0000e+00
    349.585     3.8523     3.8514   3.250523   3.250143     2.1019    -0.3893     0.3634    34.9091 5.7822e-01 1.0000e-12 6.9285e+04    346.000    34.9094    34.9057     5.4963    1471.62    27.7320    27.7292    1474.79 0.0000e+00
    348.573     3.8539     3.8532   3.250652   3.250297     2.1017    -0.3719     0.3677    34.9094 7.0569e-01 1.0000e-12 6.6679e+04    345.000    34.9097    34.9062     5.4947    1471.61    27.7321    27.7294    1474.79 0.0000e+00
    347.562     3.8554     3.8540   3.250731   3.250323     2.1018    -0.3756     0.3629    34.9093 7.3964e-01 1.0000e-12 6.0767e+04    344.000    34.9096    34.9062     5.4942    1471.60    27.7318    27.7293    1474.79 0.0000e+00
    346.551     3.8552     3.8546   3.250645   3.250341     2.1018    -0.3914     0.3629    34.9091 5.6940e-01 1.0000e-12 6.9768e+04    343.000    34.9093    34.9063     5.4937    1471.58    27.7316    27.7293    1474.79 0.0000e+00
    345.540     3.8563     3.8563   3.250699   3.250422     2.1022    -0.3921     0.3609    34.9090 7.4453e-01 1.0000e-12 6.0470e+04    342.000    34.9093    34.9061     5.4940    1471.57    27.7315    27.7289    1474.79 0.0000e+00
    344.529     3.8590     3.8596   3.250941   3.250712     2.1030    -0.3906     0.3595    34.9095 3.7767e-01 1.0000e-12 7.9947e+04    341.000    34.9100    34.9065     5.4957    1471.56    27.7317    27.7289    1474.79 0.0000e+00
    343.517     3.8610     3.8621   3.251086   3.250907     2.1030    -0.3916     0.3629    34.9095 1.0477e+00 1.0000e-12 4.4376e+04    340.000    34.9101    34.9067     5.4945    1471.55    27.7316    27.7288    1474.79 0.0000e+00
    342.506     3.8625     3.8635   3.251169   3.250998     2.1030    -0.3926     0.3629    34.9097 4.7185e-01 1.0000e-12 7.4947e+04    339.000    34.9100    34.9069     5.4936    1471.54    27.7314    27.7288    1474.79 0.0000e+00
    341.495     3.8637     3.8647   3.251242   3.251060     2.1030    -0.3927     0.3604    34.9098 6.2949e-01 1.0000e-12 6.6578e+04    338.000    34.9101    34.9069     5.4926    1471.53    27.7313    27.7287    1474.79 0.0000e+00
    340.484     3.8657     3.8649   3.251377   3.251049     2.1030    -0.3899     0.3597    34.9097 5.6614e-01 1.0000e-12 6.9941e+04    337.000    34.9102    34.9071     5.4916    1471.52    27.7312    27.7288    1474.79 0.0000e+00
    339.473     3.8673     3.8671   3.251521   3.251208     2.1030    -0.3825     0.3627    34.9100 7.9014e-01 1.0000e-12 5.8048e+04    336.000    34.9107    34.9072     5.4906    1471.51    27.7315    27.7287    1474.79 0.0000e+00
    338.462     3.8728     3.8709   3.251989   3.251547     2.1029    -0.3742     0.3633    34.9103 5.6858e-01 1.0000e-12 6.9812e+04    335.000    34.9109    34.9077     5.4886    1471.52    27.7310    27.7287    1474.79 0.0000e+00
    337.450     3.8748     3.8729   3.252114   3.251668     2.1027    -0.3916     0.3661    34.9104 7.1320e-01 1.0000e-12 6.5552e+04    334.000    34.9109    34.9076     5.4872    1471.51    27.7308    27.7284    1474.79 0.0000e+00
    336.439     3.8795     3.8771   3.252607   3.251989     2.1030    -0.3833     0.3653    34.9109 4.3387e-01 1.0000e-12 7.7034e+04    333.000    34.9123    34.9074     5.4865    1471.52    27.7314    27.7278    1474.79 0.0000e+00
    335.428     3.8869     3.8861   3.253270   3.252848     2.1030    -0.3733     0.3689    34.9116 6.8662e-01 1.0000e-12 6.8120e+04    332.000    34.9128    34.9086     5.4848    1471.53    27.7311    27.7278    1474.79 0.0000e+00
    334.417     3.8906     3.8904   3.253588   3.253264     2.1031    -0.3881     0.3680    34.9126 1.1631e+00 1.0000e-12 4.3008e+04    331.000    34.9132    34.9095     5.4840    1471.53    27.7310    27.7281    1474.79 0.0000e+00
    333.406     3.8930     3.8953   3.253807   3.253724     2.1030    -0.3688     0.3626    34.9129 5.9427e-01 1.0000e-12 6.8151e+04    330.000    34.9138    34.9104     5.4822    1471.53    27.7312    27.7283    1474.79 0.0000e+00
    332.395     3.8954     3.8969   3.253956   3.253830     2.1030    -0.3696     0.3629    34.9128 5.3706e-01 1.0000e-12 7.1485e+04    329.000    34.9136    34.9105     5.4812    1471.52    27.7308    27.7282    1474.79 0.0000e+00
    331.384     3.8963     3.8970   3.254009   3.253758     2.1030    -0.3734     0.3629    34.9131 8.9818e-01 1.0000e-12 5.7091e+04    328.000    34.9138    34.9101     5.4803    1471.51    27.7309    27.7279    1474.79 0.0000e+00
    330.372     3.8983     3.8971   3.254142   3.253750     2.1030    -0.3844     0.3629    34.9131 8.0776e-01 1.0000e-12 5.7142e+04    327.000    34.9138    34.9104     5.4793    1471.50    27.7306    27.7281    1474.79 0.0000e+00
    329.361     3.8992     3.8969   3.254174   3.253674     2.1033    -0.3928     0.3629    34.9131 5.7663e-01 1.0000e-12 6.9384e+04    326.000    34.9138    34.9103     5.4797    1471.49    27.7305    27.7280    1474.79 0.0000e+00
    328.350     3.9011     3.9002   3.254313   3.253947     2.1038    -0.3924     0.3668    34.9133 6.0586e-01 1.0000e-12 7.1454e+04    325.000    34.9139    34.9105     5.4801    1471.48    27.7305    27.7278    1474.79 0.0000e+00
    327.339     3.9036     3.9015   3.254492   3.254035     2.1043    -0.3805     0.3688    34.9135 7.8869e-01 1.0000e-12 5.8048e+04    324.000    34.9139    34.9108     5.4809    1471.47    27.7302    27.7279    1474.79 0.0000e+00
    326.328     3.9044     3.9036   3.254517   3.254174     2.1043    -0.4053     0.3681    34.9134 4.1411e-01 1.0000e-12 7.8013e+04    323.000    34.9140    34.9108     5.4801    1471.46    27.7301    27.7277    1474.79 0.0000e+00
    325.317     3.9050     3.9027   3.254516   3.254050     2.1048    -0.3800     0.3635    34.9134 4.9186e-01 1.0000e-12 7.3885e+04    322.000    34.9138    34.9107     5.4810    1471.44    27.7299    27.7277    1474.79 0.0000e+00
    324.306     3.9059     3.9069   3.254559   3.254382     2.1051    -0.3754     0.3611    34.9135 1.1808e+00 1.0000e-12 4.7702e+04    321.000    34.9139    34.9108     5.4811    1471.43    27.7299    27.7273    1474.79 0.0000e+00
    323.295     3.9061     3.9080   3.254527   3.254426     2.1052    -0.3916     0.3681    34.9135 7.7262e-01 1.0000e-12 5.8904e+04    320.000    34.9139    34.9107     5.4807    1471.41    27.7298    27.7271    1474.79 0.0000e+00
    322.284     3.9076     3.9090   3.254622   3.254469     2.1053    -0.3729     0.3680    34.9135 8.3809e-01 1.0000e-12 6.1147e+04    319.000    34.9140    34.9107     5.4802    1471.40    27.7297    27.7270    1474.79 0.0000e+00
    321.273     3.9090     3.9097   3.254687   3.254492     2.1056    -0.4046     0.3680    34.9136 8.3710e-01 1.0000e-12 5.5572e+04    318.000    34.9139    34.9107     5.4802    1471.39    27.7295    27.7269    1474.79 0.0000e+00
    320.262     3.9083     3.9102   3.254624   3.254488     2.1054    -0.4187     0.3666    34.9137 4.5353e-01 1.0000e-12 7.5920e+04    317.000    34.9144    34.9107     5.4789    1471.37    27.7300    27.7269    1474.79 0.0000e+00
    319.250     3.9112     3.9124   3.254807   3.254645     2.1057    -0.3925     0.3657    34.9137 4.1357e-01 1.0000e-12 7.8042e+04    316.000    34.9140    34.9108     5.4786    1471.37    27.7294    27.7267    1474.79 0.0000e+00
    318.239     3.9138     3.9144   3.255037   3.254799     2.1054    -0.3770     0.3686    34.9140 6.5695e-01 1.0000e-12 7.1107e+04    315.000    34.9145    34.9110     5.4767    1471.36    27.7295    27.7267    1474.79 0.0000e+00
    317.228     3.9148     3.9150   3.255037   3.254793     2.1054    -0.3792     0.3660    34.9138 4.6938e-01 1.0000e-12 7.5030e+04    314.000    34.9140    34.9109     5.4759    1471.35    27.7290    27.7265    1474.79 0.0000e+00
    316.217     3.9148     3.9154   3.255011   3.254779     2.1054    -0.4079     0.3593    34.9139 6.2947e-01 1.0000e-12 6.6579e+04    313.000    34.9143    34.9108     5.4750    1471.34    27.7292    27.7264    1474.79 0.0000e+00
