Ship_data/Irminger/Irminger-4/ctd/process/uar21_008.cnv
* Sea-Bird SBE 9 Data File:
* FileName = D:\Data\AR21_008.hdr
* Software Version Seasave V 7.23.2
* Temperature SN = 4155
* Conductivity SN = 2645
* Number of Bytes Per Scan = 40
* Number of Voltage Words = 5
* Number of Scans Averaged by the Deck Unit = 1
* NMEA Latitude = 59 58.25 N
* NMEA Longitude = 039 30.62 W
* NMEA UTC (Time) = Aug 06 2017  14:47:54
# nquan = 21
# nvalues = 2598                        
# units = specified
# name 0 = prDM: Pressure, Digiquartz [db]
# name 1 = t090C: Temperature [ITS-90, deg C]
# name 2 = t190C: Temperature, 2 [ITS-90, deg C]
# name 3 = c0S/m: Conductivity [S/m]
# name 4 = c1S/m: Conductivity, 2 [S/m]
# name 5 = sbeox0V: Oxygen raw, SBE 43 [V]
# name 6 = flECO-AFL: Fluorescence, WET Labs ECO-AFL/FL [mg/m^3]
# name 7 = turbWETntu0: Turbidity, WET Labs ECO [NTU]
# name 8 = sal00: Salinity, Practical [PSU]
# name 9 = spar: SPAR/Surface Irradiance
# name 10 = par: PAR/Irradiance, Biospherical/Licor
# name 11 = cpar: CPAR/Corrected Irradiance [%]
# name 12 = depSM: Depth [salt water, m], lat = 59.9708
# name 13 = sal00: Salinity, Practical [PSU]
# name 14 = sal11: Salinity, Practical, 2 [PSU]
# name 15 = sbeox0ML/L: Oxygen, SBE 43 [ml/l], WS = 2
# name 16 = svCM: Sound Velocity [Chen-Millero, m/s]
# name 17 = sigma-é00: Density [sigma-theta, kg/m^3]
# name 18 = sigma-é11: Density, 2 [sigma-theta, kg/m^3]
# name 19 = avgsvCM: Average Sound Velocity [Chen-Millero, m/s], minP = 20, minS = 20
# name 20 = flag: flag
# span 0 =      5.048,   2643.280       
# span 1 =     1.8147,     8.4291       
# span 2 =     1.8166,     8.4108       
# span 3 =   3.164289,   3.642148       
# span 4 =   3.164612,   3.640143       
# span 5 =     1.3485,     2.4245       
# span 6 =    -0.4145,     0.9480       
# span 7 =     0.3354,     0.4309       
# span 8 =    34.7721,    34.9466       
# span 9 = 3.9447e-01, 2.0983e+00       
# span 10 = 1.0000e-12, 1.0000e-12      
# span 11 = 9.8517e+03, 7.7002e+04      
# span 12 =      5.000,   2602.000      
# span 13 =    34.7782,    34.9452      
# span 14 =    34.7763,    34.9292      
# span 15 =     3.7502,     5.7558      
# span 16 =    1469.00,    1501.21      
# span 17 =    27.0477,    27.9489      
# span 18 =    27.0472,    27.9124      
# span 19 =    1485.56,    1485.56      
# span 20 = 0.0000e+00, 0.0000e+00      
# interval = meters: 1                  
# start_time = Aug 06 2017 14:47:54 [NMEA time, header]
# bad_flag = -9.990e-29
*END*
[from data line 621]
   2009.456     3.1761     3.1806   3.260347   3.263101     1.5597    -0.3940     0.3436    34.8986 1.0763e+00 1.0000e-12 4.2740e+04   1981.000    34.8990    34.9271     4.5858    1496.32    27.8026    27.8247    1485.56 0.0000e+00
   2008.437     3.1783     3.1830   3.260664   3.263272     1.5578    -0.3938     0.3446    34.9005 1.1811e+00 1.0000e-12 3.7289e+04   1980.000    34.9010    34.9271     4.5769    1496.32    27.8040    27.8244    1485.56 0.0000e+00
   2007.418     3.1810     3.1854   3.260827   3.263471     1.5567    -0.3938     0.3399    34.9002 8.4314e-01 1.0000e-12 6.1991e+04   1979.000    34.9005    34.9274     4.5708    1496.31    27.8034    27.8244    1485.56 0.0000e+00
   2006.399     3.1810     3.1842   3.260896   3.263321     1.5556    -0.3753     0.3438    34.9015 1.0175e+00 1.0000e-12 4.9770e+04   1978.000    34.9018    34.9274     4.5653    1496.30    27.8044    27.8245    1485.56 0.0000e+00
   2005.380     3.1834     3.1897   3.260896   3.263824     1.5551    -0.3935     0.3411    34.8997 1.0332e+00 1.0000e-12 5.1641e+04   1977.000    34.8998    34.9281     4.5624    1496.29    27.8026    27.8246    1485.56 0.0000e+00
   2004.361     3.1861     3.1902   3.260381   3.263834     1.5555    -0.3938     0.3454    34.8914 1.1289e+00 1.0000e-12 4.4093e+04   1976.000    34.8913    34.9282     4.5634    1496.27    27.7955    27.8246    1485.56 0.0000e+00
   2003.341     3.1862     3.1947   3.260326   3.264178     1.5547    -0.3938     0.3434    34.8904 1.3140e+00 1.0000e-12 3.6745e+04   1975.000    34.8910    34.9280     4.5595    1496.25    27.7953    27.8240    1485.56 0.0000e+00
   2002.322     3.1930     3.1993   3.260704   3.264561     1.5538    -0.3938     0.3414    34.8880 1.2548e+00 1.0000e-12 3.8108e+04   1974.000    34.8889    34.9281     4.5539    1496.26    27.7929    27.8237    1485.56 0.0000e+00
   2001.303     3.1963     3.2022   3.261085   3.264798     1.5522    -0.3938     0.3411    34.8896 9.4497e-01 1.0000e-12 4.9877e+04   1973.000    34.8904    34.9284     4.5459    1496.26    27.7938    27.8237    1485.56 0.0000e+00
   2000.284     3.1992     3.2022   3.261330   3.264759     1.5518    -0.3938     0.3409    34.8899 9.4174e-01 1.0000e-12 5.4423e+04   1972.000    34.8907    34.9284     4.5432    1496.26    27.7938    27.8236    1485.56 0.0000e+00
   1999.265     3.1999     3.2007   3.261565   3.264596     1.5512    -0.3938     0.3451    34.8926 1.2329e+00 1.0000e-12 4.3304e+04   1971.000    34.8932    34.9286     4.5400    1496.24    27.7958    27.8239    1485.56 0.0000e+00
   1998.246     3.2003     3.2019   3.261674   3.264644     1.5518    -0.3922     0.3404    34.8943 1.2052e+00 1.0000e-12 4.4004e+04   1970.000    34.8947    34.9283     4.5418    1496.23    27.7969    27.8236    1485.56 0.0000e+00
   1997.227     3.2008     3.2037   3.261652   3.264762     1.5525    -0.3740     0.3405    34.8939 1.3423e+00 1.0000e-12 3.2659e+04   1969.000    34.8943    34.9284     4.5442    1496.22    27.7965    27.8235    1485.56 0.0000e+00
   1996.208     3.2021     3.2042   3.261645   3.264774     1.5531    -0.3885     0.3416    34.8930 1.1596e+00 1.0000e-12 4.9944e+04   1968.000    34.8934    34.9284     4.5462    1496.20    27.7957    27.8235    1485.56 0.0000e+00
   1995.188     3.2029     3.2047   3.261622   3.264738     1.5525    -0.3745     0.3451    34.8924 1.1855e+00 1.0000e-12 4.0861e+04   1967.000    34.8927    34.9280     4.5426    1496.19    27.7950    27.8231    1485.56 0.0000e+00
   1994.169     3.2018     3.2034   3.261710   3.264549     1.5511    -0.3743     0.3452    34.8951 1.4181e+00 1.0000e-12 2.8884e+04   1966.000    34.8954    34.9276     4.5361    1496.17    27.7973    27.8228    1485.56 0.0000e+00
   1993.150     3.2004     3.2011   3.261839   3.264230     1.5492    -0.3743     0.3446    34.8985 1.3333e+00 1.0000e-12 3.3380e+04   1965.000    34.8989    34.9267     4.5272    1496.15    27.8002    27.8223    1485.56 0.0000e+00
   1992.131     3.1992     3.1980   3.262138   3.263852     1.5472    -0.3733     0.3443    34.9038 1.1376e+00 1.0000e-12 3.9754e+04   1964.000    34.9043    34.9259     4.5179    1496.14    27.8046    27.8220    1485.56 0.0000e+00
   1991.112     3.1965     3.1964   3.262413   3.263606     1.5464    -0.3732     0.3447    34.9106 1.3573e+00 1.0000e-12 3.8903e+04   1963.000    34.9109    34.9252     4.5142    1496.12    27.8101    27.8215    1485.56 0.0000e+00
   1990.093     3.1942     3.1938   3.262552   3.263266     1.5458    -0.3743     0.3458    34.9155 1.0305e+00 1.0000e-12 4.5101e+04   1962.000    34.9155    34.9244     4.5109    1496.10    27.8140    27.8212    1485.56 0.0000e+00
   1989.074     3.1922     3.1937   3.262513   3.263237     1.5459    -0.3891     0.3450    34.9177 9.7820e-01 1.0000e-12 5.5275e+04   1961.000    34.9176    34.9247     4.5112    1496.07    27.8159    27.8214    1485.56 0.0000e+00
   1988.055     3.1912     3.1926   3.262323   3.263054     1.5483    -0.3858     0.3470    34.9172 1.1735e+00 1.0000e-12 4.2471e+04   1960.000    34.9169    34.9242     4.5211    1496.05    27.8154    27.8211    1485.56 0.0000e+00
   1987.036     3.1900     3.1918   3.261962   3.262920     1.5507    -0.3871     0.3461    34.9147 1.2349e+00 1.0000e-12 3.8225e+04   1959.000    34.9144    34.9239     4.5310    1496.02    27.8134    27.8209    1485.56 0.0000e+00
   1986.017     3.1895     3.1917   3.261858   3.262850     1.5505    -0.3790     0.3413    34.9142 9.7943e-01 1.0000e-12 5.8855e+04   1958.000    34.9141    34.9236     4.5297    1496.01    27.8133    27.8207    1485.56 0.0000e+00
   1984.998     3.1896     3.1959   3.262020   3.263167     1.5499    -0.3826     0.3421    34.9163 8.9043e-01 1.0000e-12 5.2539e+04   1957.000    34.9164    34.9235     4.5264    1495.99    27.8151    27.8202    1485.56 0.0000e+00
   1983.979     3.1940     3.2019   3.262173   3.263748     1.5495    -0.3924     0.3447    34.9140 1.6403e+00 1.0000e-12 2.4347e+04   1956.000    34.9141    34.9246     4.5237    1495.99    27.8129    27.8205    1485.56 0.0000e+00
   1982.960     3.1994     3.2080   3.262178   3.264267     1.5495    -0.3938     0.3450    34.9088 7.5885e-01 1.0000e-12 6.5442e+04   1955.000    34.9089    34.9248     4.5225    1495.99    27.8082    27.8201    1485.56 0.0000e+00
   1981.941     3.2019     3.2060   3.262152   3.264013     1.5510    -0.3929     0.3425    34.9062 9.8069e-01 1.0000e-12 4.8061e+04   1954.000    34.9065    34.9243     4.5279    1495.98    27.8060    27.8199    1485.56 0.0000e+00
   1980.922     3.2032     3.2066   3.262045   3.264116     1.5544    -0.3938     0.3443    34.9041 8.8733e-01 1.0000e-12 5.5880e+04   1953.000    34.9043    34.9255     4.5423    1495.96    27.8041    27.8207    1485.56 0.0000e+00
   1979.902     3.2073     3.2128   3.261887   3.264668     1.5598    -0.3793     0.3450    34.8984 1.4119e+00 1.0000e-12 2.7648e+04   1952.000    34.8986    34.9259     4.5649    1495.96    27.7992    27.8205    1485.56 0.0000e+00
   1978.884     3.2097     3.2133   3.261777   3.264636     1.5613    -0.3820     0.3446    34.8950 1.0554e+00 1.0000e-12 4.8361e+04   1951.000    34.8953    34.9256     4.5705    1495.95    27.7963    27.8202    1485.56 0.0000e+00
   1977.865     3.2107     3.2173   3.261885   3.265023     1.5605    -0.3738     0.3430    34.8953 8.2178e-01 1.0000e-12 5.6076e+04   1950.000    34.8959    34.9264     4.5661    1495.93    27.7968    27.8205    1485.56 0.0000e+00
   1976.845     3.2148     3.2199   3.262235   3.265229     1.5594    -0.3733     0.3414    34.8954 7.5205e-01 1.0000e-12 6.0071e+04   1949.000    34.8963    34.9266     4.5600    1495.93    27.7966    27.8204    1485.56 0.0000e+00
   1975.827     3.2172     3.2205   3.262571   3.265252     1.5582    -0.3731     0.3448    34.8974 7.0726e-01 1.0000e-12 6.2449e+04   1948.000    34.8983    34.9267     4.5541    1495.93    27.7980    27.8204    1485.56 0.0000e+00
   1974.807     3.2184     3.2218   3.262910   3.265346     1.5578    -0.3876     0.3444    34.9008 1.0895e+00 1.0000e-12 4.7405e+04   1947.000    34.9015    34.9269     4.5514    1495.92    27.8005    27.8205    1485.56 0.0000e+00
   1973.788     3.2197     3.2218   3.263019   3.265319     1.5588    -0.3826     0.3451    34.9015 1.0984e+00 1.0000e-12 4.5890e+04   1946.000    34.9020    34.9272     4.5551    1495.91    27.8007    27.8206    1485.56 0.0000e+00
   1972.769     3.2208     3.2231   3.263075   3.265396     1.5620    -0.3743     0.3450    34.9015 1.0190e+00 1.0000e-12 4.6135e+04   1945.000    34.9020    34.9272     4.5680    1495.90    27.8006    27.8205    1485.56 0.0000e+00
   1971.750     3.2235     3.2246   3.263235   3.265492     1.5655    -0.3836     0.3432    34.9012 1.1605e+00 1.0000e-12 4.4325e+04   1944.000    34.9015    34.9272     4.5822    1495.89    27.8000    27.8204    1485.56 0.0000e+00
   1970.732     3.2236     3.2244   3.263083   3.265414     1.5651    -0.3943     0.3426    34.8998 1.1113e+00 1.0000e-12 4.5498e+04   1943.000    34.9000    34.9270     4.5799    1495.87    27.7988    27.8202    1485.56 0.0000e+00
   1969.713     3.2236     3.2273   3.263164   3.265627     1.5639    -0.3829     0.3453    34.9009 8.7937e-01 1.0000e-12 5.3047e+04   1942.000    34.9015    34.9269     4.5744    1495.86    27.7999    27.8199    1485.56 0.0000e+00
   1968.693     3.2251     3.2284   3.263538   3.265683     1.5623    -0.3776     0.3436    34.9042 1.2528e+00 1.0000e-12 3.8997e+04   1941.000    34.9049    34.9269     4.5665    1495.85    27.8025    27.8198    1485.56 0.0000e+00
   1967.675     3.2259     3.2286   3.263759   3.265651     1.5619    -0.3941     0.3407    34.9067 1.3307e+00 1.0000e-12 3.5237e+04   1940.000    34.9072    34.9268     4.5638    1495.84    27.8042    27.8197    1485.56 0.0000e+00
   1966.656     3.2259     3.2283   3.263903   3.265594     1.5615    -0.3938     0.3407    34.9090 1.1274e+00 1.0000e-12 5.0195e+04   1939.000    34.9094    34.9269     4.5616    1495.83    27.8060    27.8198    1485.56 0.0000e+00
   1965.637     3.2260     3.2287   3.263911   3.265586     1.5627    -0.3938     0.3444    34.9096 1.1301e+00 1.0000e-12 4.8076e+04   1938.000    34.9099    34.9269     4.5660    1495.81    27.8064    27.8197    1485.56 0.0000e+00
   1964.618     3.2267     3.2291   3.263963   3.265582     1.5658    -0.3796     0.3449    34.9099 1.2146e+00 1.0000e-12 3.8689e+04   1937.000    34.9102    34.9270     4.5785    1495.80    27.8066    27.8198    1485.56 0.0000e+00
   1963.599     3.2270     3.2292   3.263956   3.265548     1.5688    -0.3945     0.3404    34.9102 1.1753e+00 1.0000e-12 4.0730e+04   1936.000    34.9102    34.9270     4.5910    1495.78    27.8066    27.8197    1485.56 0.0000e+00
   1962.580     3.2275     3.2309   3.263817   3.265654     1.5695    -0.3846     0.3426    34.9085 1.2579e+00 1.0000e-12 3.7411e+04   1935.000    34.9086    34.9269     4.5934    1495.77    27.8052    27.8195    1485.56 0.0000e+00
   1961.561     3.2293     3.2350   3.263863   3.265987     1.5691    -0.3782     0.3454    34.9073 1.3669e+00 1.0000e-12 3.3071e+04   1934.000    34.9077    34.9271     4.5910    1495.75    27.8043    27.8192    1485.56 0.0000e+00
   1960.542     3.2328     3.2364   3.264080   3.266091     1.5683    -0.3943     0.3445    34.9066 1.3172e+00 1.0000e-12 3.5051e+04   1933.000    34.9072    34.9273     4.5863    1495.75    27.8035    27.8193    1485.56 0.0000e+00
   1959.523     3.2344     3.2376   3.264212   3.266162     1.5676    -0.3938     0.3417    34.9071 8.8257e-01 1.0000e-12 6.3792e+04   1932.000    34.9075    34.9273     4.5827    1495.74    27.8037    27.8192    1485.56 0.0000e+00
   1958.504     3.2349     3.2378   3.264306   3.266140     1.5675    -0.3779     0.3438    34.9082 9.4144e-01 1.0000e-12 5.0079e+04   1931.000    34.9086    34.9274     4.5814    1495.73    27.8044    27.8192    1485.56 0.0000e+00
   1957.485     3.2352     3.2368   3.264291   3.266011     1.5684    -0.3743     0.3420    34.9083 1.3619e+00 1.0000e-12 3.6614e+04   1930.000    34.9085    34.9274     4.5848    1495.71    27.8044    27.8193    1485.56 0.0000e+00
   1956.466     3.2360     3.2380   3.264229   3.266101     1.5701    -0.3743     0.3401    34.9073 1.1142e+00 1.0000e-12 4.4505e+04   1929.000    34.9075    34.9277     4.5911    1495.70    27.8034    27.8194    1485.56 0.0000e+00
   1955.447     3.2371     3.2402   3.264132   3.266232     1.5708    -0.3882     0.3478    34.9056 1.5197e+00 1.0000e-12 3.2236e+04   1928.000    34.9057    34.9274     4.5936    1495.68    27.8019    27.8190    1485.56 0.0000e+00
   1954.428     3.2375     3.2395   3.263969   3.266132     1.5697    -0.3889     0.3450    34.9036 9.9311e-01 1.0000e-12 5.0553e+04   1927.000    34.9038    34.9274     4.5882    1495.66    27.8004    27.8191    1485.56 0.0000e+00
   1953.409     3.2369     3.2403   3.264062   3.266153     1.5669    -0.3740     0.3448    34.9057 6.4958e-01 1.0000e-12 6.9871e+04   1926.000    34.9060    34.9273     4.5757    1495.65    27.8021    27.8189    1485.56 0.0000e+00
   1952.391     3.2378     3.2407   3.264186   3.266109     1.5639    -0.3743     0.3459    34.9067 1.4465e+00 1.0000e-12 3.7631e+04   1925.000    34.9071    34.9269     4.5617    1495.64    27.8029    27.8185    1485.56 0.0000e+00
   1951.372     3.2381     3.2409   3.264378   3.266082     1.5611    -0.3944     0.3416    34.9091 1.1579e+00 1.0000e-12 4.2999e+04   1924.000    34.9094    34.9268     4.5490    1495.62    27.8048    27.8184    1485.56 0.0000e+00
   1950.353     3.2386     3.2411   3.264544   3.266041     1.5590    -0.3758     0.3376    34.9112 1.0634e+00 1.0000e-12 5.2281e+04   1923.000    34.9115    34.9266     4.5390    1495.61    27.8064    27.8182    1485.56 0.0000e+00
   1949.334     3.2388     3.2412   3.264541   3.266015     1.5577    -0.3912     0.3438    34.9116 1.1464e+00 1.0000e-12 4.3484e+04   1922.000    34.9117    34.9267     4.5327    1495.59    27.8065    27.8182    1485.56 0.0000e+00
   1948.315     3.2391     3.2409   3.264523   3.265959     1.5573    -0.3763     0.3413    34.9115 1.0527e+00 1.0000e-12 4.8100e+04   1921.000    34.9116    34.9268     4.5305    1495.58    27.8064    27.8184    1485.56 0.0000e+00
   1947.296     3.2394     3.2418   3.264566   3.265992     1.5582    -0.3914     0.3445    34.9122 1.1949e+00 1.0000e-12 4.3266e+04   1920.000    34.9123    34.9268     4.5339    1495.56    27.8069    27.8183    1485.56 0.0000e+00
   1946.277     3.2398     3.2419   3.264452   3.265961     1.5585    -0.3884     0.3413    34.9110 9.1116e-01 1.0000e-12 5.1668e+04   1919.000    34.9110    34.9268     4.5345    1495.55    27.8059    27.8182    1485.56 0.0000e+00
   1945.258     3.2402     3.2434   3.264398   3.266043     1.5578    -0.3783     0.3411    34.9103 9.4297e-01 1.0000e-12 5.4652e+04   1918.000    34.9104    34.9267     4.5309    1495.53    27.8053    27.8180    1485.56 0.0000e+00
   1944.240     3.2409     3.2444   3.264498   3.266085     1.5568    -0.3903     0.3438    34.9112 8.9625e-01 1.0000e-12 5.2349e+04   1917.000    34.9114    34.9266     4.5255    1495.52    27.8061    27.8178    1485.56 0.0000e+00
   1943.221     3.2418     3.2455   3.264617   3.266160     1.5562    -0.3720     0.3409    34.9122 1.2466e+00 1.0000e-12 3.8456e+04   1916.000    34.9124    34.9268     4.5223    1495.51    27.8067    27.8179    1485.56 0.0000e+00
   1942.202     3.2431     3.2465   3.264723   3.266210     1.5553    -0.4115     0.3414    34.9124 1.0457e+00 1.0000e-12 4.9470e+04   1915.000    34.9127    34.9268     4.5175    1495.49    27.8068    27.8178    1485.56 0.0000e+00
   1941.183     3.2438     3.2463   3.264789   3.266144     1.5556    -0.3805     0.3442    34.9131 1.1108e+00 1.0000e-12 4.5579e+04   1914.000    34.9133    34.9268     4.5182    1495.48    27.8073    27.8178    1485.56 0.0000e+00
