Ship_data/Irminger/Irminger-4/ctd/process/uar21_012.cnv
* Sea-Bird SBE 9 Data File:
* FileName = D:\Data\AR21_012.hdr
* Software Version Seasave V 7.23.2
* Temperature SN = 4155
* Conductivity SN = 2645
* Number of Bytes Per Scan = 40
* Number of Voltage Words = 5
* Number of Scans Averaged by the Deck Unit = 1
* NMEA Latitude = 59 51.21 N
* NMEA Longitude = 039 07.69 W
* NMEA UTC (Time) = Aug 09 2017  13:01:16
# nquan = 21
# nvalues = 999                         
# units = specified
# name 0 = prDM: Pressure, Digiquartz [db]
# name 1 = t090C: Temperature [ITS-90, deg C]
# name 2 = t190C: Temperature, 2 [ITS-90, deg C]
# name 3 = c0S/m: Conductivity [S/m]
# name 4 = c1S/m: Conductivity, 2 [S/m]
# name 5 = sbeox0V: Oxygen raw, SBE 43 [V]
# name 6 = flECO-AFL: Fluorescence, WET Labs ECO-AFL/FL [mg/m^3]
# name 7 = turbWETntu0: Turbidity, WET Labs ECO [NTU]
# name 8 = sal00: Salinity, Practical [PSU]
# name 9 = spar: SPAR/Surface Irradiance
# name 10 = par: PAR/Irradiance, Biospherical/Licor
# name 11 = cpar: CPAR/Corrected Irradiance [%]
# name 12 = depSM: Depth [salt water, m], lat = 59.8535
# name 13 = sal00: Salinity, Practical [PSU]
# name 14 = sal11: Salinity, Practical, 2 [PSU]
# name 15 = sbeox0ML/L: Oxygen, SBE 43 [ml/l], WS = 2
# name 16 = svCM: Sound Velocity [Chen-Millero, m/s]
# name 17 = sigma-é00: Density [sigma-theta, kg/m^3]
# name 18 = sigma-é11: Density, 2 [sigma-theta, kg/m^3]
# name 19 = avgsvCM: Average Sound Velocity [Chen-Millero, m/s], minP = 20, minS = 20
# name 20 = flag: flag
# span 0 =      3.029,   1012.980       
# span 1 =     3.3907,     8.7737       
# span 2 =     3.3926,     8.7796       
# span 3 =   3.234832,   3.667286       
# span 4 =   3.234773,   3.667353       
# span 5 =     1.9636,     2.4206       
# span 6 =    -0.4187,     0.6607       
# span 7 =     0.3429,     0.4543       
# span 8 =    34.7221,    34.9451       
# span 9 = 1.6353e-01, 1.3884e+00       
# span 10 = 1.0000e-12, 1.0000e-12      
# span 11 = 3.2261e+04, 9.1317e+04      
# span 12 =      3.000,   1001.000      
# span 13 =    34.7229,    34.9483      
# span 14 =    34.7178,    34.9434      
# span 15 =     5.4190,     5.6784      
# span 16 =    1470.32,    1485.07      
# span 17 =    26.9372,    27.7502      
# span 18 =    26.9323,    27.7475      
# span 19 =    1474.79,    1474.79      
# span 20 = 0.0000e+00, 0.0000e+00      
# interval = meters: 1                  
# start_time = Aug 09 2017 13:01:16 [NMEA time, header]
# bad_flag = -9.990e-29
*END*
[from data line 414]
    593.430     3.6030     3.6050   3.237735   3.237654     2.0688    -0.3929     0.3580    34.8916 5.7829e-01 1.0000e-12 6.9296e+04    587.000    34.8918    34.8887     5.5951    1474.56    27.7449    27.7422    1474.79 0.0000e+00
    592.417     3.6033     3.6050   3.237727   3.237615     2.0688    -0.3797     0.3580    34.8917 5.7323e-01 1.0000e-12 6.9565e+04    586.000    34.8919    34.8888     5.5943    1474.54    27.7449    27.7423    1474.79 0.0000e+00
    591.405     3.6033     3.6048   3.237670   3.237553     2.0689    -0.3861     0.3561    34.8917 1.3429e+00 1.0000e-12 3.2261e+04    585.000    34.8918    34.8887     5.5940    1474.52    27.7449    27.7422    1474.79 0.0000e+00
    590.392     3.6037     3.6051   3.237663   3.237521     2.0689    -0.3923     0.3542    34.8917 7.9489e-01 1.0000e-12 6.1644e+04    584.000    34.8918    34.8886     5.5931    1474.51    27.7448    27.7421    1474.79 0.0000e+00
    589.380     3.6038     3.6054   3.237634   3.237519     2.0691    -0.3938     0.3538    34.8918 5.5557e-01 1.0000e-12 7.0462e+04    583.000    34.8918    34.8887     5.5931    1474.49    27.7448    27.7422    1474.79 0.0000e+00
    588.368     3.6036     3.6055   3.237572   3.237480     2.0695    -0.3902     0.3545    34.8918 5.5807e-01 1.0000e-12 7.0370e+04    582.000    34.8919    34.8887     5.5939    1474.48    27.7449    27.7422    1474.79 0.0000e+00
    587.355     3.6038     3.6055   3.237537   3.237429     2.0695    -0.3813     0.3572    34.8918 5.2063e-01 1.0000e-12 7.5711e+04    581.000    34.8918    34.8887     5.5930    1474.46    27.7448    27.7421    1474.79 0.0000e+00
    586.343     3.6050     3.6074   3.237616   3.237546     2.0700    -0.4008     0.3540    34.8918 4.7157e-01 1.0000e-12 7.5012e+04    580.000    34.8920    34.8886     5.5938    1474.45    27.7448    27.7419    1474.79 0.0000e+00
    585.331     3.6059     3.6085   3.237662   3.237636     2.0700    -0.3734     0.3559    34.8919 4.4853e-01 1.0000e-12 7.6185e+04    579.000    34.8921    34.8891     5.5931    1474.44    27.7448    27.7421    1474.79 0.0000e+00
    584.318     3.6071     3.6090   3.237721   3.237640     2.0702    -0.3944     0.3586    34.8920 5.2541e-01 1.0000e-12 7.2103e+04    578.000    34.8921    34.8891     5.5930    1474.42    27.7447    27.7421    1474.79 0.0000e+00
    583.306     3.6069     3.6088   3.237655   3.237587     2.0701    -0.3916     0.3583    34.8921 8.4858e-01 1.0000e-12 5.4946e+04    577.000    34.8921    34.8892     5.5917    1474.41    27.7447    27.7422    1474.79 0.0000e+00
    582.293     3.6058     3.6075   3.237515   3.237410     2.0700    -0.4019     0.3591    34.8921 4.4011e-01 1.0000e-12 7.6633e+04    576.000    34.8921    34.8890     5.5907    1474.38    27.7448    27.7421    1474.79 0.0000e+00
    581.281     3.6055     3.6073   3.237450   3.237344     2.0700    -0.4082     0.3585    34.8921 1.0148e+00 1.0000e-12 5.5764e+04    575.000    34.8921    34.8890     5.5902    1474.37    27.7448    27.7422    1474.79 0.0000e+00
    580.269     3.6057     3.6079   3.237433   3.237358     2.0700    -0.3944     0.3564    34.8922 6.6910e-01 1.0000e-12 6.5486e+04    574.000    34.8923    34.8891     5.5894    1474.35    27.7449    27.7421    1474.79 0.0000e+00
    579.256     3.6060     3.6080   3.237407   3.237324     2.0701    -0.3932     0.3547    34.8922 4.9714e-01 1.0000e-12 7.3604e+04    573.000    34.8922    34.8890     5.5890    1474.34    27.7448    27.7421    1474.79 0.0000e+00
    578.244     3.6057     3.6076   3.237326   3.237242     2.0708    -0.3938     0.3581    34.8921 1.0312e+00 1.0000e-12 4.5251e+04    572.000    34.8921    34.8890     5.5906    1474.32    27.7447    27.7421    1474.79 0.0000e+00
    577.232     3.6058     3.6074   3.237299   3.237171     2.0711    -0.3930     0.3580    34.8921 6.7707e-01 1.0000e-12 6.4051e+04    571.000    34.8922    34.8889     5.5910    1474.30    27.7448    27.7420    1474.79 0.0000e+00
    576.219     3.6065     3.6084   3.237310   3.237225     2.0717    -0.3938     0.3580    34.8921 4.9482e-01 1.0000e-12 7.3728e+04    570.000    34.8921    34.8890     5.5923    1474.29    27.7447    27.7420    1474.79 0.0000e+00
    575.207     3.6074     3.6092   3.237342   3.237255     2.0724    -0.3929     0.3580    34.8920 7.7580e-01 1.0000e-12 6.8073e+04    569.000    34.8921    34.8891     5.5940    1474.27    27.7446    27.7420    1474.79 0.0000e+00
    574.195     3.6079     3.6103   3.237353   3.237311     2.0727    -0.3938     0.3582    34.8921 9.0086e-01 1.0000e-12 5.6515e+04    568.000    34.8922    34.8891     5.5943    1474.26    27.7446    27.7419    1474.79 0.0000e+00
    573.183     3.6091     3.6109   3.237419   3.237323     2.0730    -0.3755     0.3580    34.8922 7.2034e-01 1.0000e-12 6.6510e+04    567.000    34.8923    34.8892     5.5945    1474.25    27.7446    27.7419    1474.79 0.0000e+00
    572.170     3.6094     3.6112   3.237400   3.237317     2.0730    -0.3873     0.3554    34.8922 7.1752e-01 1.0000e-12 6.1887e+04    566.000    34.8923    34.8893     5.5937    1474.23    27.7445    27.7419    1474.79 0.0000e+00
    571.158     3.6088     3.6105   3.237304   3.237197     2.0726    -0.3938     0.3547    34.8923 5.4951e-01 1.0000e-12 7.0824e+04    565.000    34.8923    34.8892     5.5915    1474.21    27.7445    27.7419    1474.79 0.0000e+00
    570.146     3.6085     3.6103   3.237221   3.237123     2.0731    -0.3931     0.3549    34.8921 5.3800e-01 1.0000e-12 7.1435e+04    564.000    34.8921    34.8891     5.5925    1474.20    27.7444    27.7418    1474.79 0.0000e+00
    569.133     3.6091     3.6111   3.237233   3.237144     2.0733    -0.3931     0.3578    34.8921 5.5797e-01 1.0000e-12 7.4061e+04    563.000    34.8922    34.8890     5.5926    1474.18    27.7444    27.7417    1474.79 0.0000e+00
    568.121     3.6097     3.6116   3.237234   3.237153     2.0728    -0.3694     0.3580    34.8920 5.9999e-01 1.0000e-12 7.2704e+04    562.000    34.8921    34.8892     5.5898    1474.17    27.7443    27.7418    1474.79 0.0000e+00
    567.109     3.6115     3.6133   3.237362   3.237256     2.0729    -0.3874     0.3547    34.8920 9.8943e-01 1.0000e-12 4.7434e+04    561.000    34.8923    34.8891     5.5893    1474.16    27.7442    27.7416    1474.79 0.0000e+00
    566.097     3.6126     3.6147   3.237434   3.237373     2.0735    -0.3937     0.3569    34.8923 6.9784e-01 1.0000e-12 6.2949e+04    560.000    34.8924    34.8895     5.5903    1474.15    27.7443    27.7417    1474.79 0.0000e+00
    565.084     3.6135     3.6152   3.237478   3.237373     2.0737    -0.3938     0.3582    34.8924 8.4324e-01 1.0000e-12 5.5229e+04    559.000    34.8926    34.8895     5.5904    1474.13    27.7443    27.7417    1474.79 0.0000e+00
    564.072     3.6138     3.6158   3.237463   3.237386     2.0737    -0.3930     0.3605    34.8925 8.6366e-01 1.0000e-12 5.8416e+04    558.000    34.8926    34.8895     5.5896    1474.12    27.7443    27.7416    1474.79 0.0000e+00
    563.060     3.6147     3.6161   3.237517   3.237365     2.0743    -0.3802     0.3607    34.8927 4.1337e-01 1.0000e-12 7.7939e+04    557.000    34.8929    34.8895     5.5909    1474.11    27.7444    27.7416    1474.79 0.0000e+00
    562.048     3.6153     3.6171   3.237521   3.237426     2.0748    -0.3877     0.3586    34.8928 6.4934e-01 1.0000e-12 6.5524e+04    556.000    34.8929    34.8898     5.5918    1474.09    27.7443    27.7417    1474.79 0.0000e+00
    561.035     3.6154     3.6176   3.237497   3.237433     2.0749    -0.3732     0.3552    34.8928 6.7851e-01 1.0000e-12 6.8045e+04    555.000    34.8929    34.8898     5.5915    1474.08    27.7443    27.7416    1474.79 0.0000e+00
    560.023     3.6161     3.6177   3.237513   3.237396     2.0749    -0.3892     0.3551    34.8928 6.7805e-01 1.0000e-12 6.3968e+04    554.000    34.8930    34.8898     5.5907    1474.06    27.7443    27.7416    1474.79 0.0000e+00
    559.011     3.6171     3.6186   3.237572   3.237439     2.0746    -0.3722     0.3544    34.8929 6.0825e-01 1.0000e-12 6.7705e+04    553.000    34.8931    34.8899     5.5886    1474.05    27.7443    27.7416    1474.79 0.0000e+00
    557.999     3.6186     3.6201   3.237681   3.237544     2.0738    -0.3685     0.3552    34.8930 3.0915e-01 1.0000e-12 8.7820e+04    552.000    34.8934    34.8901     5.5848    1474.04    27.7443    27.7416    1474.79 0.0000e+00
    556.986     3.6214     3.6226   3.237911   3.237762     2.0737    -0.3934     0.3630    34.8933 8.1765e-01 1.0000e-12 5.6499e+04    551.000    34.8937    34.8906     5.5832    1474.04    27.7443    27.7418    1474.79 0.0000e+00
    555.974     3.6232     3.6250   3.238029   3.237940     2.0737    -0.3926     0.3588    34.8934 8.2444e-01 1.0000e-12 6.2632e+04    550.000    34.8938    34.8907     5.5822    1474.03    27.7442    27.7416    1474.79 0.0000e+00
    554.962     3.6241     3.6262   3.238081   3.238027     2.0740    -0.3916     0.3580    34.8937 6.2918e-01 1.0000e-12 6.6637e+04    549.000    34.8939    34.8910     5.5823    1474.01    27.7442    27.7417    1474.79 0.0000e+00
    553.950     3.6243     3.6266   3.238071   3.238022     2.0738    -0.3929     0.3568    34.8938 7.0207e-01 1.0000e-12 7.0608e+04    548.000    34.8941    34.8910     5.5810    1474.00    27.7444    27.7416    1474.79 0.0000e+00
    552.938     3.6254     3.6269   3.238135   3.238003     2.0736    -0.3785     0.3590    34.8941 7.1992e-01 1.0000e-12 6.7700e+04    547.000    34.8943    34.8911     5.5793    1473.99    27.7443    27.7417    1474.79 0.0000e+00
    551.925     3.6253     3.6268   3.238070   3.237933     2.0737    -0.3881     0.3558    34.8939 8.2112e-01 1.0000e-12 6.5162e+04    546.000    34.8941    34.8909     5.5790    1473.97    27.7442    27.7415    1474.79 0.0000e+00
    550.913     3.6254     3.6274   3.238045   3.237967     2.0734    -0.3790     0.3547    34.8940 7.1803e-01 1.0000e-12 6.1921e+04    545.000    34.8942    34.8912     5.5772    1473.95    27.7443    27.7417    1474.79 0.0000e+00
    549.901     3.6262     3.6285   3.238071   3.238016     2.0735    -0.3832     0.3563    34.8941 5.5159e-01 1.0000e-12 7.0714e+04    544.000    34.8943    34.8912     5.5764    1473.94    27.7442    27.7416    1474.79 0.0000e+00
    548.889     3.6266     3.6288   3.238061   3.237988     2.0736    -0.3938     0.3614    34.8941 8.4453e-01 1.0000e-12 5.5161e+04    543.000    34.8943    34.8911     5.5762    1473.93    27.7442    27.7414    1474.79 0.0000e+00
    547.877     3.6284     3.6298   3.238181   3.238032     2.0736    -0.3931     0.3628    34.8940 9.0557e-01 1.0000e-12 5.5547e+04    542.000    34.8943    34.8911     5.5750    1473.92    27.7440    27.7413    1474.79 0.0000e+00
    546.865     3.6291     3.6310   3.238195   3.238099     2.0732    -0.3938     0.3549    34.8941 6.2775e-01 1.0000e-12 6.6669e+04    541.000    34.8943    34.8911     5.5729    1473.90    27.7440    27.7412    1474.79 0.0000e+00
    545.852     3.6294     3.6312   3.238177   3.238072     2.0732    -0.3938     0.3581    34.8941 8.5821e-01 1.0000e-12 5.4435e+04    540.000    34.8943    34.8911     5.5719    1473.89    27.7439    27.7412    1474.79 0.0000e+00
    544.840     3.6296     3.6315   3.238149   3.238066     2.0730    -0.3712     0.3582    34.8941 4.6919e-01 1.0000e-12 7.5088e+04    539.000    34.8943    34.8913     5.5705    1473.87    27.7439    27.7413    1474.79 0.0000e+00
    543.828     3.6308     3.6325   3.238220   3.238103     2.0738    -0.3721     0.3580    34.8941 3.0872e-01 1.0000e-12 8.3608e+04    538.000    34.8944    34.8912     5.5723    1473.86    27.7438    27.7411    1474.79 0.0000e+00
    542.816     3.6318     3.6334   3.238272   3.238156     2.0735    -0.3805     0.3580    34.8942 4.1556e-01 1.0000e-12 7.7936e+04    537.000    34.8945    34.8914     5.5706    1473.85    27.7438    27.7412    1474.79 0.0000e+00
    541.804     3.6329     3.6346   3.238336   3.238224     2.0737    -0.3923     0.3585    34.8943 5.1910e-01 1.0000e-12 7.2439e+04    536.000    34.8946    34.8914     5.5704    1473.84    27.7438    27.7411    1474.79 0.0000e+00
    540.792     3.6337     3.6347   3.238355   3.238183     2.0739    -0.3726     0.3582    34.8944 3.9728e-01 1.0000e-12 7.8906e+04    535.000    34.8945    34.8914     5.5701    1473.82    27.7436    27.7411    1474.79 0.0000e+00
    539.779     3.6335     3.6353   3.238321   3.238223     2.0739    -0.3800     0.3583    34.8946 8.4503e-01 1.0000e-12 6.0425e+04    534.000    34.8948    34.8917     5.5695    1473.81    27.7439    27.7412    1474.79 0.0000e+00
    538.767     3.6345     3.6363   3.238368   3.238253     2.0740    -0.3935     0.3581    34.8947 9.1291e-01 1.0000e-12 5.8008e+04    533.000    34.8949    34.8916     5.5688    1473.79    27.7438    27.7411    1474.79 0.0000e+00
    537.755     3.6354     3.6369   3.238407   3.238275     2.0738    -0.3922     0.3627    34.8948 7.8413e-01 1.0000e-12 6.6710e+04    532.000    34.8949    34.8917     5.5674    1473.78    27.7438    27.7411    1474.79 0.0000e+00
    536.743     3.6359     3.6378   3.238405   3.238318     2.0740    -0.3938     0.3596    34.8947 9.8518e-01 1.0000e-12 5.7209e+04    531.000    34.8949    34.8919     5.5671    1473.77    27.7437    27.7411    1474.79 0.0000e+00
    535.731     3.6372     3.6384   3.238486   3.238329     2.0737    -0.3929     0.3582    34.8948 8.9770e-01 1.0000e-12 5.2423e+04    530.000    34.8950    34.8918     5.5653    1473.75    27.7437    27.7410    1474.79 0.0000e+00
    534.719     3.6377     3.6395   3.238497   3.238387     2.0737    -0.3938     0.3589    34.8950 7.1817e-01 1.0000e-12 6.1870e+04    529.000    34.8952    34.8919     5.5645    1473.74    27.7438    27.7410    1474.79 0.0000e+00
    533.707     3.6383     3.6401   3.238513   3.238409     2.0737    -0.3814     0.3611    34.8951 5.6652e-01 1.0000e-12 6.9921e+04    528.000    34.8953    34.8921     5.5637    1473.73    27.7437    27.7410    1474.79 0.0000e+00
    532.695     3.6390     3.6407   3.238520   3.238412     2.0737    -0.3924     0.3606    34.8950 7.0915e-01 1.0000e-12 6.6604e+04    527.000    34.8952    34.8920     5.5629    1473.71    27.7436    27.7409    1474.79 0.0000e+00
    531.682     3.6393     3.6407   3.238503   3.238373     2.0737    -0.4060     0.3578    34.8951 7.1840e-01 1.0000e-12 6.6666e+04    526.000    34.8952    34.8921     5.5621    1473.70    27.7436    27.7410    1474.79 0.0000e+00
    530.670     3.6393     3.6408   3.238461   3.238334     2.0743    -0.3936     0.3567    34.8951 6.7179e-01 1.0000e-12 6.7880e+04    525.000    34.8952    34.8921     5.5633    1473.68    27.7436    27.7409    1474.79 0.0000e+00
    529.658     3.6400     3.6413   3.238466   3.238324     2.0749    -0.3799     0.3545    34.8950 7.8530e-01 1.0000e-12 5.8289e+04    524.000    34.8951    34.8919     5.5645    1473.67    27.7434    27.7407    1474.79 0.0000e+00
    528.646     3.6402     3.6418   3.238442   3.238329     2.0752    -0.3715     0.3564    34.8950 8.0711e-01 1.0000e-12 5.7147e+04    523.000    34.8952    34.8920     5.5649    1473.65    27.7434    27.7407    1474.79 0.0000e+00
    527.634     3.6406     3.6425   3.238449   3.238340     2.0759    -0.3812     0.3579    34.8950 1.3884e+00 1.0000e-12 3.4286e+04    522.000    34.8953    34.8920     5.5666    1473.64    27.7434    27.7406    1474.79 0.0000e+00
    526.622     3.6424     3.6434   3.238563   3.238384     2.0763    -0.3801     0.3580    34.8951 6.7243e-01 1.0000e-12 6.4772e+04    521.000    34.8953    34.8920     5.5669    1473.63    27.7433    27.7406    1474.79 0.0000e+00
    525.610     3.6437     3.6444   3.238646   3.238434     2.0763    -0.3797     0.3584    34.8951 3.0612e-01 1.0000e-12 8.3746e+04    520.000    34.8954    34.8921     5.5662    1473.62    27.7432    27.7406    1474.79 0.0000e+00
