Ship_data/Irminger/Irminger-4/ctd/process/uar21_008.cnv
* Sea-Bird SBE 9 Data File:
* FileName = D:\Data\AR21_008.hdr
* Software Version Seasave V 7.23.2
* Temperature SN = 4155
* Conductivity SN = 2645
* Number of Bytes Per Scan = 40
* Number of Voltage Words = 5
* Number of Scans Averaged by the Deck Unit = 1
* NMEA Latitude = 59 58.25 N
* NMEA Longitude = 039 30.62 W
* NMEA UTC (Time) = Aug 06 2017  14:47:54
# nquan = 21
# nvalues = 2598                        
# units = specified
# name 0 = prDM: Pressure, Digiquartz [db]
# name 1 = t090C: Temperature [ITS-90, deg C]
# name 2 = t190C: Temperature, 2 [ITS-90, deg C]
# name 3 = c0S/m: Conductivity [S/m]
# name 4 = c1S/m: Conductivity, 2 [S/m]
# name 5 = sbeox0V: Oxygen raw, SBE 43 [V]
# name 6 = flECO-AFL: Fluorescence, WET Labs ECO-AFL/FL [mg/m^3]
# name 7 = turbWETntu0: Turbidity, WET Labs ECO [NTU]
# name 8 = sal00: Salinity, Practical [PSU]
# name 9 = spar: SPAR/Surface Irradiance
# name 10 = par: PAR/Irradiance, Biospherical/Licor
# name 11 = cpar: CPAR/Corrected Irradiance [%]
# name 12 = depSM: Depth [salt water, m], lat = 59.9708
# name 13 = sal00: Salinity, Practical [PSU]
# name 14 = sal11: Salinity, Practical, 2 [PSU]
# name 15 = sbeox0ML/L: Oxygen, SBE 43 [ml/l], WS = 2
# name 16 = svCM: Sound Velocity [Chen-Millero, m/s]
# name 17 = sigma-é00: Density [sigma-theta, kg/m^3]
# name 18 = sigma-é11: Density, 2 [sigma-theta, kg/m^3]
# name 19 = avgsvCM: Average Sound Velocity [Chen-Millero, m/s], minP = 20, minS = 20
# name 20 = flag: flag
# span 0 =      5.048,   2643.280       
# span 1 =     1.8147,     8.4291       
# span 2 =     1.8166,     8.4108       
# span 3 =   3.164289,   3.642148       
# span 4 =   3.164612,   3.640143       
# span 5 =     1.3485,     2.4245       
# span 6 =    -0.4145,     0.9480       
# span 7 =     0.3354,     0.4309       
# span 8 =    34.7721,    34.9466       
# span 9 = 3.9447e-01, 2.0983e+00       
# span 10 = 1.0000e-12, 1.0000e-12      
# span 11 = 9.8517e+03, 7.7002e+04      
# span 12 =      5.000,   2602.000      
# span 13 =    34.7782,    34.9452      
# span 14 =    34.7763,    34.9292      
# span 15 =     3.7502,     5.7558      
# span 16 =    1469.00,    1501.21      
# span 17 =    27.0477,    27.9489      
# span 18 =    27.0472,    27.9124      
# span 19 =    1485.56,    1485.56      
# span 20 = 0.0000e+00, 0.0000e+00      
# interval = meters: 1                  
# start_time = Aug 06 2017 14:47:54 [NMEA time, header]
# bad_flag = -9.990e-29
*END*
[from data line 1449]
   1167.239     3.3197     3.3219   3.234558   3.234760     1.7604    -0.3925     0.3579    34.8560 1.3388e+00 1.0000e-12 3.3217e+04   1153.000    34.8559    34.8560     4.8762    1482.80    27.7480    27.7479    1485.56 0.0000e+00
   1166.224     3.3197     3.3219   3.234496   3.234720     1.7664    -0.4054     0.3534    34.8558 1.0507e+00 1.0000e-12 5.0106e+04   1152.000    34.8558    34.8561     4.8991    1482.79    27.7479    27.7479    1485.56 0.0000e+00
   1165.209     3.3197     3.3220   3.234416   3.234679     1.7702    -0.3952     0.3527    34.8554 1.2571e+00 1.0000e-12 3.3211e+04   1151.000    34.8553    34.8560     4.9132    1482.77    27.7475    27.7478    1485.56 0.0000e+00
   1164.194     3.3197     3.3223   3.234362   3.234668     1.7700    -0.3930     0.3576    34.8552 1.2000e+00 1.0000e-12 4.0719e+04   1150.000    34.8552    34.8560     4.9120    1482.75    27.7474    27.7479    1485.56 0.0000e+00
   1163.179     3.3203     3.3231   3.234321   3.234690     1.7687    -0.3928     0.3543    34.8546 1.7888e+00 1.0000e-12 2.0016e+04   1149.000    34.8546    34.8560     4.9061    1482.74    27.7468    27.7478    1485.56 0.0000e+00
   1162.163     3.3207     3.3230   3.234283   3.234650     1.7666    -0.3918     0.3536    34.8543 1.2176e+00 1.0000e-12 4.5292e+04   1148.000    34.8542    34.8561     4.8972    1482.72    27.7465    27.7478    1485.56 0.0000e+00
   1161.148     3.3208     3.3230   3.234236   3.234600     1.7653    -0.3938     0.3533    34.8541 1.0318e+00 1.0000e-12 5.0108e+04   1147.000    34.8541    34.8561     4.8915    1482.70    27.7464    27.7478    1485.56 0.0000e+00
   1160.133     3.3207     3.3228   3.234188   3.234550     1.7634    -0.3938     0.3520    34.8542 7.3601e-01 1.0000e-12 6.0906e+04   1146.000    34.8541    34.8562     4.8837    1482.69    27.7465    27.7479    1485.56 0.0000e+00
   1159.118     3.3206     3.3227   3.234155   3.234498     1.7618    -0.3938     0.3508    34.8544 9.0812e-01 1.0000e-12 5.5210e+04   1145.000    34.8544    34.8562     4.8767    1482.67    27.7466    27.7479    1485.56 0.0000e+00
   1158.103     3.3205     3.3227   3.234131   3.234446     1.7617    -0.3938     0.3558    34.8547 1.4991e+00 1.0000e-12 2.8808e+04   1144.000    34.8547    34.8562     4.8755    1482.65    27.7469    27.7479    1485.56 0.0000e+00
   1157.088     3.3205     3.3226   3.234078   3.234388     1.7611    -0.3938     0.3580    34.8547 1.1385e+00 1.0000e-12 4.3809e+04   1143.000    34.8546    34.8561     4.8727    1482.64    27.7468    27.7478    1485.56 0.0000e+00
   1156.073     3.3204     3.3225   3.234040   3.234343     1.7597    -0.3930     0.3580    34.8548 1.3915e+00 1.0000e-12 3.4806e+04   1142.000    34.8548    34.8562     4.8665    1482.62    27.7470    27.7479    1485.56 0.0000e+00
   1155.058     3.3202     3.3223   3.234012   3.234282     1.7592    -0.3938     0.3560    34.8552 1.5659e+00 1.0000e-12 2.9283e+04   1141.000    34.8551    34.8561     4.8638    1482.60    27.7472    27.7478    1485.56 0.0000e+00
   1154.042     3.3201     3.3223   3.233960   3.234234     1.7582    -0.3831     0.3557    34.8552 1.2390e+00 1.0000e-12 3.8819e+04   1140.000    34.8551    34.8561     4.8594    1482.58    27.7472    27.7478    1485.56 0.0000e+00
   1153.027     3.3201     3.3223   3.233913   3.234194     1.7570    -0.3808     0.3562    34.8551 1.1776e+00 1.0000e-12 4.1646e+04   1139.000    34.8551    34.8561     4.8543    1482.57    27.7472    27.7478    1485.56 0.0000e+00
   1152.012     3.3203     3.3223   3.233880   3.234156     1.7566    -0.3841     0.3540    34.8550 1.1588e+00 1.0000e-12 4.2316e+04   1138.000    34.8550    34.8562     4.8520    1482.55    27.7471    27.7479    1485.56 0.0000e+00
   1150.997     3.3206     3.3230   3.233811   3.234177     1.7558    -0.3830     0.3534    34.8544 1.1041e+00 1.0000e-12 4.8274e+04   1137.000    34.8543    34.8563     4.8481    1482.54    27.7466    27.7479    1485.56 0.0000e+00
   1149.982     3.3207     3.3236   3.233744   3.234184     1.7537    -0.4069     0.3537    34.8541 1.1299e+00 1.0000e-12 4.8002e+04   1136.000    34.8540    34.8562     4.8394    1482.52    27.7463    27.7477    1485.56 0.0000e+00
   1148.967     3.3212     3.3242   3.233699   3.234200     1.7514    -0.3994     0.3566    34.8534 1.1659e+00 1.0000e-12 4.2864e+04   1135.000    34.8534    34.8562     4.8295    1482.50    27.7458    27.7477    1485.56 0.0000e+00
   1147.952     3.3217     3.3243   3.233667   3.234173     1.7500    -0.3937     0.3561    34.8531 1.1660e+00 1.0000e-12 4.7690e+04   1134.000    34.8531    34.8564     4.8235    1482.49    27.7454    27.7478    1485.56 0.0000e+00
   1146.937     3.3219     3.3242   3.233632   3.234121     1.7490    -0.3938     0.3532    34.8529 1.2301e+00 1.0000e-12 3.4424e+04   1133.000    34.8529    34.8563     4.8190    1482.47    27.7452    27.7478    1485.56 0.0000e+00
   1145.922     3.3221     3.3240   3.233598   3.234075     1.7482    -0.3938     0.3537    34.8529 1.2315e+00 1.0000e-12 3.8468e+04   1132.000    34.8529    34.8565     4.8153    1482.46    27.7452    27.7479    1485.56 0.0000e+00
   1144.907     3.3219     3.3239   3.233566   3.234015     1.7488    -0.3938     0.3559    34.8532 1.0862e+00 1.0000e-12 5.0030e+04   1131.000    34.8532    34.8564     4.8170    1482.44    27.7455    27.7479    1485.56 0.0000e+00
   1143.892     3.3218     3.3240   3.233533   3.233978     1.7494    -0.3938     0.3555    34.8534 1.2809e+00 1.0000e-12 4.3996e+04   1130.000    34.8534    34.8564     4.8188    1482.42    27.7457    27.7479    1485.56 0.0000e+00
   1142.877     3.3218     3.3243   3.233516   3.233961     1.7504    -0.3827     0.3561    34.8537 1.1460e+00 1.0000e-12 4.3476e+04   1129.000    34.8537    34.8564     4.8219    1482.40    27.7459    27.7478    1485.56 0.0000e+00
   1141.862     3.3221     3.3246   3.233498   3.233948     1.7511    -0.3741     0.3606    34.8538 1.2299e+00 1.0000e-12 3.4619e+04   1128.000    34.8538    34.8564     4.8238    1482.39    27.7459    27.7478    1485.56 0.0000e+00
   1140.847     3.3225     3.3251   3.233447   3.233954     1.7517    -0.3820     0.3593    34.8532 1.0631e+00 1.0000e-12 4.3555e+04   1127.000    34.8532    34.8565     4.8255    1482.37    27.7454    27.7478    1485.56 0.0000e+00
   1139.832     3.3233     3.3262   3.233410   3.234013     1.7518    -0.4024     0.3529    34.8525 1.2028e+00 1.0000e-12 4.5517e+04   1126.000    34.8525    34.8566     4.8252    1482.36    27.7447    27.7477    1485.56 0.0000e+00
   1138.816     3.3234     3.3263   3.233358   3.233975     1.7517    -0.3984     0.3533    34.8522 1.2827e+00 1.0000e-12 3.1682e+04   1125.000    34.8522    34.8565     4.8241    1482.34    27.7445    27.7477    1485.56 0.0000e+00
   1137.801     3.3238     3.3257   3.233315   3.233895     1.7511    -0.3726     0.3556    34.8518 1.2312e+00 1.0000e-12 3.8504e+04   1124.000    34.8518    34.8567     4.8211    1482.33    27.7441    27.7479    1485.56 0.0000e+00
   1136.786     3.3239     3.3257   3.233291   3.233852     1.7501    -0.3820     0.3563    34.8519 8.6099e-01 1.0000e-12 5.4199e+04   1123.000    34.8519    34.8567     4.8166    1482.31    27.7442    27.7479    1485.56 0.0000e+00
   1135.771     3.3240     3.3270   3.233282   3.233928     1.7494    -0.3935     0.3562    34.8522 1.1077e+00 1.0000e-12 4.5637e+04   1122.000    34.8522    34.8568     4.8132    1482.29    27.7444    27.7478    1485.56 0.0000e+00
   1134.756     3.3248     3.3274   3.233281   3.233923     1.7497    -0.3938     0.3567    34.8518 1.1902e+00 1.0000e-12 3.6771e+04   1121.000    34.8519    34.8568     4.8137    1482.28    27.7441    27.7477    1485.56 0.0000e+00
   1133.741     3.3251     3.3276   3.233303   3.233909     1.7509    -0.3929     0.3543    34.8523 1.3461e+00 1.0000e-12 4.7669e+04   1120.000    34.8524    34.8570     4.8176    1482.27    27.7444    27.7479    1485.56 0.0000e+00
   1132.726     3.3252     3.3275   3.233285   3.233847     1.7540    -0.3929     0.3540    34.8524 9.5166e-01 1.0000e-12 5.4375e+04   1119.000    34.8525    34.8569     4.8289    1482.25    27.7445    27.7478    1485.56 0.0000e+00
   1131.711     3.3253     3.3273   3.233282   3.233795     1.7598    -0.3770     0.3538    34.8529 1.2224e+00 1.0000e-12 3.5278e+04   1118.000    34.8529    34.8569     4.8510    1482.23    27.7449    27.7478    1485.56 0.0000e+00
   1130.696     3.3253     3.3273   3.233196   3.233748     1.7665    -0.3941     0.3542    34.8524 1.3809e+00 1.0000e-12 4.0817e+04   1117.000    34.8524    34.8569     4.8764    1482.22    27.7444    27.7478    1485.56 0.0000e+00
   1129.681     3.3252     3.3273   3.233136   3.233696     1.7681    -0.3748     0.3574    34.8523 1.1742e+00 1.0000e-12 3.7454e+04   1116.000    34.8523    34.8568     4.8820    1482.20    27.7443    27.7477    1485.56 0.0000e+00
   1128.666     3.3251     3.3274   3.233119   3.233651     1.7680    -0.4029     0.3580    34.8526 1.3628e+00 1.0000e-12 3.8907e+04   1115.000    34.8527    34.8567     4.8809    1482.18    27.7447    27.7476    1485.56 0.0000e+00
   1127.651     3.3251     3.3275   3.233136   3.233619     1.7679    -0.4025     0.3561    34.8534 1.3603e+00 1.0000e-12 3.3330e+04   1114.000    34.8534    34.8567     4.8797    1482.17    27.7452    27.7476    1485.56 0.0000e+00
   1126.636     3.3252     3.3276   3.233150   3.233588     1.7681    -0.3938     0.3543    34.8540 1.0598e+00 1.0000e-12 4.9978e+04   1113.000    34.8540    34.8567     4.8799    1482.15    27.7457    27.7476    1485.56 0.0000e+00
   1125.621     3.3253     3.3274   3.233132   3.233534     1.7701    -0.4121     0.3625    34.8543 1.0279e+00 1.0000e-12 5.0000e+04   1112.000    34.8543    34.8568     4.8868    1482.13    27.7459    27.7477    1485.56 0.0000e+00
   1124.606     3.3252     3.3274   3.233050   3.233500     1.7753    -0.3798     0.3660    34.8539 1.2286e+00 1.0000e-12 4.3974e+04   1111.000    34.8539    34.8569     4.9064    1482.12    27.7455    27.7478    1485.56 0.0000e+00
   1123.592     3.3252     3.3273   3.233010   3.233443     1.7817    -0.4059     0.3548    34.8539 1.7157e+00 1.0000e-12 2.2758e+04   1110.000    34.8539    34.8568     4.9305    1482.10    27.7456    27.7477    1485.56 0.0000e+00
   1122.577     3.3252     3.3274   3.232934   3.233394     1.7820    -0.3976     0.3570    34.8537 1.4265e+00 1.0000e-12 3.2151e+04   1109.000    34.8536    34.8567     4.9311    1482.08    27.7453    27.7476    1485.56 0.0000e+00
   1121.562     3.3251     3.3274   3.232880   3.233348     1.7801    -0.3783     0.3544    34.8535 1.4654e+00 1.0000e-12 3.3353e+04   1108.000    34.8535    34.8567     4.9231    1482.06    27.7452    27.7476    1485.56 0.0000e+00
   1120.547     3.3251     3.3274   3.232889   3.233300     1.7776    -0.3801     0.3536    34.8542 8.5569e-01 1.0000e-12 6.0173e+04   1107.000    34.8542    34.8566     4.9127    1482.05    27.7458    27.7475    1485.56 0.0000e+00
   1119.532     3.3250     3.3271   3.232884   3.233234     1.7762    -0.3931     0.3534    34.8547 1.4815e+00 1.0000e-12 2.6890e+04   1106.000    34.8547    34.8567     4.9068    1482.03    27.7462    27.7476    1485.56 0.0000e+00
   1118.517     3.3249     3.3269   3.232865   3.233179     1.7760    -0.3929     0.3542    34.8552 1.4359e+00 1.0000e-12 3.7794e+04   1105.000    34.8552    34.8568     4.9052    1482.02    27.7466    27.7477    1485.56 0.0000e+00
   1117.502     3.3246     3.3267   3.232810   3.233124     1.7787    -0.3925     0.3573    34.8554 1.2662e+00 1.0000e-12 4.9297e+04   1104.000    34.8553    34.8568     4.9153    1482.00    27.7467    27.7477    1485.56 0.0000e+00
   1116.487     3.3244     3.3264   3.232726   3.233049     1.7839    -0.3840     0.3580    34.8551 1.4598e+00 1.0000e-12 3.6699e+04   1103.000    34.8550    34.8567     4.9347    1481.98    27.7465    27.7477    1485.56 0.0000e+00
   1115.472     3.3243     3.3265   3.232617   3.232996     1.7845    -0.3962     0.3580    34.8545 1.2676e+00 1.0000e-12 3.1608e+04   1102.000    34.8544    34.8566     4.9366    1481.96    27.7460    27.7475    1485.56 0.0000e+00
   1114.457     3.3243     3.3267   3.232553   3.232965     1.7816    -0.4006     0.3558    34.8542 1.0654e+00 1.0000e-12 4.3435e+04   1101.000    34.8542    34.8565     4.9246    1481.94    27.7458    27.7475    1485.56 0.0000e+00
   1113.442     3.3244     3.3270   3.232545   3.232960     1.7782    -0.3915     0.3555    34.8545 1.6870e+00 1.0000e-12 2.7456e+04   1100.000    34.8544    34.8566     4.9107    1481.93    27.7460    27.7475    1485.56 0.0000e+00
   1112.427     3.3248     3.3273   3.232533   3.232955     1.7752    -0.3916     0.3580    34.8544 1.4641e+00 1.0000e-12 2.7778e+04   1099.000    34.8544    34.8568     4.8983    1481.91    27.7459    27.7476    1485.56 0.0000e+00
   1111.412     3.3250     3.3274   3.232517   3.232916     1.7730    -0.3688     0.3582    34.8545 1.0930e+00 1.0000e-12 4.6765e+04   1098.000    34.8545    34.8567     4.8894    1481.90    27.7459    27.7475    1485.56 0.0000e+00
   1110.397     3.3253     3.3276   3.232473   3.232898     1.7730    -0.3872     0.3619    34.8542 5.8875e-01 1.0000e-12 6.8888e+04   1097.000    34.8542    34.8569     4.8886    1481.88    27.7457    27.7476    1485.56 0.0000e+00
   1109.383     3.3253     3.3276   3.232394   3.232858     1.7756    -0.3928     0.3554    34.8537 1.1091e+00 1.0000e-12 4.6228e+04   1096.000    34.8537    34.8569     4.8980    1481.86    27.7453    27.7476    1485.56 0.0000e+00
   1108.368     3.3255     3.3276   3.232301   3.232814     1.7768    -0.3807     0.3536    34.8530 1.2638e+00 1.0000e-12 3.9011e+04   1095.000    34.8529    34.8569     4.9019    1481.85    27.7446    27.7476    1485.56 0.0000e+00
   1107.353     3.3255     3.3278   3.232222   3.232784     1.7734    -0.3878     0.3570    34.8526 9.3350e-01 1.0000e-12 5.4943e+04   1094.000    34.8525    34.8568     4.8881    1481.83    27.7443    27.7475    1485.56 0.0000e+00
   1106.338     3.3259     3.3290   3.232202   3.232860     1.7699    -0.3918     0.3559    34.8524 1.0933e+00 1.0000e-12 4.7230e+04   1093.000    34.8524    34.8569     4.8740    1481.81    27.7442    27.7475    1485.56 0.0000e+00
   1105.323     3.3265     3.3294   3.232219   3.232861     1.7667    -0.3938     0.3534    34.8524 1.1082e+00 1.0000e-12 4.1078e+04   1092.000    34.8525    34.8570     4.8609    1481.80    27.7442    27.7475    1485.56 0.0000e+00
   1104.308     3.3272     3.3296   3.232237   3.232837     1.7657    -0.3938     0.3534    34.8524 1.1518e+00 1.0000e-12 4.4506e+04   1091.000    34.8525    34.8571     4.8562    1481.79    27.7441    27.7475    1485.56 0.0000e+00
   1103.293     3.3274     3.3293   3.232228   3.232757     1.7660    -0.3927     0.3542    34.8526 1.2935e+00 1.0000e-12 4.2024e+04   1090.000    34.8526    34.8570     4.8568    1481.77    27.7442    27.7475    1485.56 0.0000e+00
   1102.278     3.3272     3.3294   3.232210   3.232736     1.7700    -0.3931     0.3606    34.8531 1.3178e+00 1.0000e-12 4.0046e+04   1089.000    34.8532    34.8572     4.8717    1481.75    27.7446    27.7476    1485.56 0.0000e+00
   1101.264     3.3275     3.3296   3.232254   3.232722     1.7790    -0.3924     0.3528    34.8539 8.6211e-01 1.0000e-12 5.8294e+04   1088.000    34.8539    34.8572     4.9055    1481.74    27.7452    27.7476    1485.56 0.0000e+00
   1100.249     3.3275     3.3297   3.232182   3.232669     1.7827    -0.3734     0.3534    34.8536 1.5137e+00 1.0000e-12 3.0432e+04   1087.000    34.8536    34.8570     4.9193    1481.72    27.7449    27.7475    1485.56 0.0000e+00
   1099.234     3.3275     3.3298   3.232124   3.232621     1.7840    -0.3964     0.3542    34.8534 1.7912e+00 1.0000e-12 1.5424e+04   1086.000    34.8534    34.8569     4.9238    1481.70    27.7448    27.7474    1485.56 0.0000e+00
