Ship_data/Irminger/Irminger-4/ctd/process/uar21_006.cnv
* Sea-Bird SBE 9 Data File:
* FileName = D:\Data\AR21_006.hdr
* Software Version Seasave V 7.23.2
* Temperature SN = 4155
* Conductivity SN = 2645
* Number of Bytes Per Scan = 40
* Number of Voltage Words = 5
* Number of Scans Averaged by the Deck Unit = 1
* NMEA Latitude = 50 47.19 N
* NMEA Longitude = 047 19.09 W
* NMEA UTC (Time) = Aug 02 2017  19:20:56
# nquan = 21
# nvalues = 1004                        
# units = specified
# name 0 = prDM: Pressure, Digiquartz [db]
# name 1 = t090C: Temperature [ITS-90, deg C]
# name 2 = t190C: Temperature, 2 [ITS-90, deg C]
# name 3 = c0S/m: Conductivity [S/m]
# name 4 = c1S/m: Conductivity, 2 [S/m]
# name 5 = sbeox0V: Oxygen raw, SBE 43 [V]
# name 6 = flECO-AFL: Fluorescence, WET Labs ECO-AFL/FL [mg/m^3]
# name 7 = turbWETntu0: Turbidity, WET Labs ECO [NTU]
# name 8 = sal00: Salinity, Practical [PSU]
# name 9 = spar: SPAR/Surface Irradiance
# name 10 = par: PAR/Irradiance, Biospherical/Licor
# name 11 = cpar: CPAR/Corrected Irradiance [%]
# name 12 = depSM: Depth [salt water, m], lat = 50.7865
# name 13 = sal00: Salinity, Practical [PSU]
# name 14 = sal11: Salinity, Practical, 2 [PSU]
# name 15 = sbeox0ML/L: Oxygen, SBE 43 [ml/l], WS = 2
# name 16 = svCM: Sound Velocity [Chen-Millero, m/s]
# name 17 = sigma-é00: Density [sigma-theta, kg/m^3]
# name 18 = sigma-é11: Density, 2 [sigma-theta, kg/m^3]
# name 19 = avgsvCM: Average Sound Velocity [Chen-Millero, m/s], minP = 20, minS = 20
# name 20 = flag: flag
# span 0 =      2.017,   1016.243       
# span 1 =     3.2017,    11.0026       
# span 2 =     3.2013,    11.0700       
# span 3 =   3.159719,   3.788438       
# span 4 =   3.159635,   3.794290       
# span 5 =     1.7036,     2.5529       
# span 6 =    -0.4149,     1.9523       
# span 7 =     0.3482,     0.5485       
# span 8 =    33.8408,    34.8786       
# span 9 = 3.7179e-01, 2.0484e+00       
# span 10 = 1.0000e-12, 1.0000e-12      
# span 11 = 6.9797e+03, 8.0260e+04      
# span 12 =      2.000,   1005.000      
# span 13 =    33.8437,    34.8776      
# span 14 =    33.8382,    34.8682      
# span 15 =     4.3971,     6.0925      
# span 16 =    1464.06,    1492.02      
# span 17 =    25.8748,    27.7522      
# span 18 =    25.8581,    27.7512      
# span 19 =    1473.00,    1473.00      
# span 20 = 0.0000e+00, 0.0000e+00      
# interval = meters: 1                  
# start_time = Aug 02 2017 19:20:56 [NMEA time, header]
# bad_flag = -9.990e-29
*END*
[from data line 690]
    317.991     3.4935     3.4956   3.212115   3.211895     1.8943    -0.3872     0.3680    34.8496 9.6734e-01 1.0000e-12 5.7543e+04    315.000    34.8495    34.8446     4.8099    1469.51    27.7200    27.7159    1473.00 0.0000e+00
    316.981     3.4931     3.4925   3.211987   3.211514     1.8913    -0.3734     0.3677    34.8491 1.7056e+00 1.0000e-12 2.1406e+04    314.000    34.8489    34.8439     4.7991    1469.49    27.7196    27.7156    1473.00 0.0000e+00
    315.970     3.4895     3.4891   3.211872   3.211113     1.8920    -0.3730     0.3678    34.8523 1.5295e+00 1.0000e-12 1.8719e+04    313.000    34.8520    34.8433     4.8011    1469.46    27.7224    27.7154    1473.00 0.0000e+00
    314.960     3.4870     3.4884   3.211756   3.210999     1.8950    -0.3742     0.3678    34.8542 7.5401e-01 1.0000e-12 5.9967e+04    312.000    34.8538    34.8432     4.8113    1469.44    27.7240    27.7155    1473.00 0.0000e+00
    313.950     3.4862     3.4879   3.211558   3.210908     1.9013    -0.3743     0.3678    34.8534 9.4705e-01 1.0000e-12 5.8254e+04    311.000    34.8528    34.8432     4.8325    1469.42    27.7233    27.7155    1473.00 0.0000e+00
    312.940     3.4859     3.4878   3.211362   3.210853     1.9102    -0.3938     0.3678    34.8518 1.1298e+00 1.0000e-12 4.0027e+04    310.000    34.8513    34.8432     4.8631    1469.40    27.7221    27.7155    1473.00 0.0000e+00
    311.929     3.4857     3.4874   3.211201   3.210777     1.9214    -0.3811     0.3678    34.8506 1.1079e+00 1.0000e-12 4.1178e+04    309.000    34.8502    34.8432     4.9013    1469.38    27.7213    27.7155    1473.00 0.0000e+00
    310.919     3.4852     3.4872   3.211123   3.210717     1.9321    -0.3792     0.3662    34.8505 1.2507e+00 1.0000e-12 3.3594e+04    308.000    34.8503    34.8433     4.9381    1469.36    27.7214    27.7156    1473.00 0.0000e+00
    309.909     3.4845     3.4865   3.211136   3.210609     1.9307    -0.3896     0.3662    34.8519 1.1814e+00 1.0000e-12 4.0232e+04    307.000    34.8517    34.8433     4.9324    1469.34    27.7226    27.7157    1473.00 0.0000e+00
    308.899     3.4847     3.4870   3.210958   3.210577     1.9073    -0.3783     0.3642    34.8503 7.9145e-01 1.0000e-12 6.3252e+04    306.000    34.8500    34.8429     4.8505    1469.33    27.7212    27.7153    1473.00 0.0000e+00
    307.888     3.4845     3.4867   3.210789   3.210483     1.9011    -0.3742     0.3632    34.8489 8.2463e-01 1.0000e-12 6.2486e+04    305.000    34.8486    34.8427     4.8287    1469.31    27.7201    27.7151    1473.00 0.0000e+00
    306.878     3.4846     3.4866   3.210663   3.210438     1.8982    -0.3729     0.3629    34.8478 8.8035e-01 1.0000e-12 5.3100e+04    304.000    34.8476    34.8428     4.8177    1469.29    27.7193    27.7152    1473.00 0.0000e+00
    305.868     3.4849     3.4868   3.210600   3.210404     1.8984    -0.3902     0.3678    34.8472 1.4554e+00 1.0000e-12 3.6231e+04    303.000    34.8471    34.8427     4.8180    1469.27    27.7188    27.7152    1473.00 0.0000e+00
    304.858     3.4846     3.4864   3.210617   3.210344     1.8871    -0.3890     0.3665    34.8482 1.1748e+00 1.0000e-12 3.9604e+04    302.000    34.8482    34.8429     4.7780    1469.26    27.7197    27.7153    1473.00 0.0000e+00
    303.848     3.4857     3.4874   3.210316   3.210391     1.7775    -0.3823     0.3679    34.8439 1.0257e+00 1.0000e-12 4.6883e+04    301.000    34.8439    34.8430     4.3971    1469.24    27.7162    27.7153    1473.00 0.0000e+00
    302.837     3.4867     3.4887   3.210298   3.210450     1.8479    -0.3759     0.3678    34.8431 1.2548e+00 1.0000e-12 3.3386e+04    300.000    34.8431    34.8428     4.6408    1469.23    27.7155    27.7151    1473.00 0.0000e+00
    301.827     3.4870     3.4888   3.210266   3.210408     1.8640    -0.3726     0.3682    34.8431 1.4159e+00 1.0000e-12 3.3333e+04    299.000    34.8430    34.8428     4.6960    1469.21    27.7154    27.7150    1473.00 0.0000e+00
    300.817     3.4866     3.4882   3.210237   3.210309     1.8839    -0.3742     0.3678    34.8437 1.4830e+00 1.0000e-12 3.1671e+04    298.000    34.8437    34.8428     4.7643    1469.19    27.7159    27.7151    1473.00 0.0000e+00
    299.807     3.4851     3.4872   3.210193   3.210174     1.9104    -0.3820     0.3697    34.8453 1.1259e+00 1.0000e-12 4.7799e+04    297.000    34.8453    34.8428     4.8557    1469.17    27.7173    27.7151    1473.00 0.0000e+00
    298.797     3.4854     3.4886   3.210130   3.210279     1.9163    -0.3956     0.3656    34.8448 1.4606e+00 1.0000e-12 2.2940e+04    296.000    34.8448    34.8432     4.8757    1469.16    27.7169    27.7153    1473.00 0.0000e+00
    297.787     3.4853     3.4874   3.210045   3.210082     1.9005    -0.3764     0.3669    34.8445 1.1761e+00 1.0000e-12 4.1362e+04    295.000    34.8444    34.8425     4.8203    1469.14    27.7166    27.7149    1473.00 0.0000e+00
    296.776     3.4844     3.4867   3.209960   3.209934     1.8969    -0.3742     0.3638    34.8450 8.8432e-01 1.0000e-12 5.2949e+04    294.000    34.8449    34.8421     4.8070    1469.12    27.7170    27.7146    1473.00 0.0000e+00
    295.766     3.4843     3.4862   3.209898   3.209772     1.8985    -0.3830     0.3629    34.8449 1.1826e+00 1.0000e-12 4.3579e+04    293.000    34.8448    34.8413     4.8120    1469.10    27.7170    27.7140    1473.00 0.0000e+00
    294.756     3.4842     3.4862   3.209811   3.209717     1.9033    -0.3939     0.3629    34.8446 8.7595e-01 1.0000e-12 6.6897e+04    292.000    34.8444    34.8411     4.8281    1469.08    27.7167    27.7139    1473.00 0.0000e+00
    293.746     3.4841     3.4862   3.209719   3.209660     1.9094    -0.3756     0.3629    34.8441 1.2115e+00 1.0000e-12 4.2809e+04    291.000    34.8439    34.8410     4.8487    1469.07    27.7163    27.7138    1473.00 0.0000e+00
    292.736     3.4842     3.4863   3.209651   3.209620     1.9174    -0.3729     0.3639    34.8437 1.7658e+00 1.0000e-12 1.9669e+04    290.000    34.8436    34.8410     4.8756    1469.05    27.7161    27.7137    1473.00 0.0000e+00
    291.726     3.4843     3.4863   3.209564   3.209589     1.9262    -0.3732     0.3677    34.8432 1.0633e+00 1.0000e-12 4.3863e+04    289.000    34.8430    34.8411     4.9056    1469.03    27.7155    27.7138    1473.00 0.0000e+00
    290.715     3.4840     3.4858   3.209502   3.209480     1.9345    -0.3893     0.3678    34.8432 6.7424e-01 1.0000e-12 6.4202e+04    288.000    34.8431    34.8409     4.9336    1469.02    27.7157    27.7137    1473.00 0.0000e+00
    289.705     3.4838     3.4855   3.209451   3.209396     1.9404    -0.3792     0.3679    34.8433 1.1911e+00 1.0000e-12 4.6018e+04    287.000    34.8432    34.8408     4.9534    1469.00    27.7158    27.7136    1473.00 0.0000e+00
    288.695     3.4838     3.4856   3.209366   3.209358     1.9375    -0.3720     0.3683    34.8429 1.3687e+00 1.0000e-12 3.1661e+04    286.000    34.8428    34.8408     4.9428    1468.98    27.7154    27.7136    1473.00 0.0000e+00
    287.685     3.4838     3.4859   3.209292   3.209326     1.9198    -0.3832     0.3705    34.8425 1.2858e+00 1.0000e-12 3.5632e+04    285.000    34.8424    34.8406     4.8810    1468.96    27.7151    27.7134    1473.00 0.0000e+00
    286.675     3.4838     3.4861   3.209215   3.209286     1.9067    -0.3729     0.3728    34.8421 1.1939e+00 1.0000e-12 4.1189e+04    284.000    34.8420    34.8404     4.8349    1468.95    27.7148    27.7133    1473.00 0.0000e+00
    285.665     3.4844     3.4878   3.209141   3.209367     1.9024    -0.3944     0.3629    34.8412 1.2976e+00 1.0000e-12 4.3831e+04    283.000    34.8411    34.8402     4.8194    1468.93    27.7140    27.7129    1473.00 0.0000e+00
    284.655     3.4860     3.4889   3.209089   3.209416     1.9019    -0.3873     0.3645    34.8394 1.4117e+00 1.0000e-12 3.3416e+04    282.000    34.8393    34.8402     4.8167    1468.92    27.7124    27.7128    1473.00 0.0000e+00
    283.645     3.4868     3.4891   3.209064   3.209411     1.9051    -0.3733     0.3684    34.8386 1.2626e+00 1.0000e-12 3.3333e+04    281.000    34.8387    34.8404     4.8271    1468.91    27.7118    27.7129    1473.00 0.0000e+00
    282.634     3.4873     3.4898   3.209086   3.209432     1.9114    -0.3742     0.3678    34.8388 1.3152e+00 1.0000e-12 3.0174e+04    280.000    34.8389    34.8405     4.8484    1468.89    27.7119    27.7129    1473.00 0.0000e+00
    281.624     3.4878     3.4898   3.209096   3.209382     1.9199    -0.3707     0.3682    34.8389 1.1969e+00 1.0000e-12 3.6452e+04    279.000    34.8391    34.8404     4.8771    1468.88    27.7120    27.7129    1473.00 0.0000e+00
    280.614     3.4877     3.4890   3.209084   3.209275     1.9315    -0.3729     0.3668    34.8396 1.2546e+00 1.0000e-12 3.3390e+04    278.000    34.8396    34.8405     4.9165    1468.86    27.7124    27.7130    1473.00 0.0000e+00
    279.604     3.4870     3.4876   3.209077   3.209078     1.9463    -0.3749     0.3632    34.8408 1.1566e+00 1.0000e-12 4.2540e+04    277.000    34.8409    34.8403     4.9669    1468.84    27.7135    27.7129    1473.00 0.0000e+00
    278.594     3.4859     3.4891   3.208935   3.209218     1.9894    -0.3922     0.3679    34.8409 1.1293e+00 1.0000e-12 4.1232e+04    276.000    34.8408    34.8409     5.1157    1468.82    27.7136    27.7133    1473.00 0.0000e+00
    277.584     3.4872     3.4892   3.208850   3.209139     1.9690    -0.3744     0.3629    34.8390 1.0604e+00 1.0000e-12 4.3726e+04    275.000    34.8390    34.8404     5.0443    1468.81    27.7120    27.7129    1473.00 0.0000e+00
    276.574     3.4864     3.4881   3.208781   3.208976     1.9613    -0.3729     0.3714    34.8397 1.3381e+00 1.0000e-12 3.5917e+04    274.000    34.8396    34.8401     5.0170    1468.79    27.7125    27.7127    1473.00 0.0000e+00
    275.564     3.4860     3.4885   3.208764   3.208977     1.9562    -0.3708     0.3726    34.8404 1.0343e+00 1.0000e-12 4.5243e+04    273.000    34.8404    34.8402     4.9987    1468.77    27.7132    27.7128    1473.00 0.0000e+00
    274.554     3.4884     3.4916   3.208732   3.209212     1.9533    -0.3698     0.3683    34.8379 8.7393e-01 1.0000e-12 5.3600e+04    272.000    34.8379    34.8403     4.9877    1468.76    27.7109    27.7126    1473.00 0.0000e+00
    273.544     3.4908     3.4945   3.208689   3.209452     1.9534    -0.3725     0.3678    34.8353 1.0269e+00 1.0000e-12 4.5476e+04    271.000    34.8354    34.8407     4.9872    1468.75    27.7087    27.7126    1473.00 0.0000e+00
    272.534     3.4927     3.4949   3.208704   3.209453     1.9562    -0.3743     0.3678    34.8339 1.3770e+00 1.0000e-12 2.6889e+04    270.000    34.8341    34.8407     4.9959    1468.74    27.7075    27.7126    1473.00 0.0000e+00
    271.524     3.4930     3.4952   3.208736   3.209443     1.9608    -0.3743     0.3678    34.8345 1.4656e+00 1.0000e-12 3.3389e+04    269.000    34.8348    34.8409     5.0112    1468.73    27.7080    27.7127    1473.00 0.0000e+00
    270.514     3.4934     3.4961   3.208829   3.209486     1.9655    -0.3898     0.3703    34.8357 1.2046e+00 1.0000e-12 3.6522e+04    268.000    34.8360    34.8410     5.0266    1468.71    27.7089    27.7126    1473.00 0.0000e+00
    269.504     3.4943     3.4958   3.208962   3.209413     1.9683    -0.3823     0.3715    34.8370 1.3891e+00 1.0000e-12 3.1930e+04    267.000    34.8372    34.8410     5.0354    1468.70    27.7098    27.7127    1473.00 0.0000e+00
    268.494     3.4946     3.4960   3.208842   3.209351     1.9629    -0.3726     0.3682    34.8359 1.4401e+00 1.0000e-12 2.3180e+04    266.000    34.8359    34.8406     5.0163    1468.69    27.7087    27.7123    1473.00 0.0000e+00
    267.484     3.4928     3.4949   3.208848   3.209181     1.9585    -0.3874     0.3677    34.8383 7.8009e-01 1.0000e-12 5.8582e+04    265.000    34.8385    34.8403     5.0006    1468.67    27.7109    27.7122    1473.00 0.0000e+00
    266.474     3.4923     3.4933   3.208871   3.208926     1.9552    -0.3926     0.3678    34.8399 1.1812e+00 1.0000e-12 4.5463e+04    264.000    34.8399    34.8395     4.9885    1468.65    27.7121    27.7117    1473.00 0.0000e+00
    265.464     3.4910     3.4925   3.208831   3.208782     1.9539    -0.3754     0.3678    34.8414 1.3830e+00 1.0000e-12 3.9951e+04    263.000    34.8413    34.8392     4.9837    1468.63    27.7133    27.7115    1473.00 0.0000e+00
    264.454     3.4904     3.4915   3.208742   3.208634     1.9552    -0.3768     0.3678    34.8416 1.1358e+00 1.0000e-12 4.0000e+04    262.000    34.8415    34.8390     4.9873    1468.61    27.7136    27.7114    1473.00 0.0000e+00
    263.444     3.4894     3.4909   3.208630   3.208543     1.9586    -0.3925     0.3678    34.8419 1.0910e+00 1.0000e-12 4.2074e+04    261.000    34.8418    34.8390     4.9988    1468.59    27.7139    27.7115    1473.00 0.0000e+00
    262.434     3.4894     3.4909   3.208517   3.208492     1.9617    -0.3746     0.3678    34.8411 9.4402e-01 1.0000e-12 4.9879e+04    260.000    34.8410    34.8390     5.0086    1468.57    27.7132    27.7115    1473.00 0.0000e+00
    261.424     3.4903     3.4916   3.208372   3.208487     1.9539    -0.3846     0.3650    34.8388 1.0464e+00 1.0000e-12 4.4444e+04    259.000    34.8387    34.8388     4.9810    1468.56    27.7113    27.7113    1473.00 0.0000e+00
    260.414     3.4914     3.4925   3.208292   3.208519     1.9384    -0.3755     0.3673    34.8372 1.2667e+00 1.0000e-12 3.7126e+04    258.000    34.8372    34.8387     4.9270    1468.54    27.7100    27.7111    1473.00 0.0000e+00
    259.404     3.4936     3.4938   3.208254   3.208586     1.9287    -0.3720     0.3678    34.8348 1.0419e+00 1.0000e-12 5.0269e+04    257.000    34.8349    34.8386     4.8925    1468.53    27.7079    27.7109    1473.00 0.0000e+00
    258.394     3.4960     3.4993   3.208205   3.208989     1.9213    -0.3743     0.3660    34.8323 8.8368e-01 1.0000e-12 5.2990e+04    256.000    34.8323    34.8382     4.8661    1468.52    27.7057    27.7100    1473.00 0.0000e+00
    257.384     3.4969     3.4997   3.208180   3.208979     1.9150    -0.3743     0.3645    34.8314 1.1667e+00 1.0000e-12 3.8058e+04    255.000    34.8316    34.8382     4.8436    1468.51    27.7050    27.7100    1473.00 0.0000e+00
    256.374     3.4953     3.4983   3.208214   3.208822     1.9117    -0.3924     0.3741    34.8342 1.1545e+00 1.0000e-12 3.8703e+04    254.000    34.8343    34.8384     4.8317    1468.49    27.7073    27.7103    1473.00 0.0000e+00
    255.364     3.4939     3.4951   3.208219   3.208430     1.9109    -0.3811     0.3709    34.8363 1.2435e+00 1.0000e-12 3.6305e+04    253.000    34.8363    34.8376     4.8285    1468.47    27.7090    27.7100    1473.00 0.0000e+00
    254.354     3.4921     3.4935   3.208179   3.208203     1.9085    -0.3866     0.3676    34.8385 1.2336e+00 1.0000e-12 3.8009e+04    252.000    34.8384    34.8372     4.8199    1468.45    27.7108    27.7097    1473.00 0.0000e+00
    253.344     3.4922     3.4969   3.208149   3.208472     1.9060    -0.3739     0.3678    34.8385 1.4180e+00 1.0000e-12 2.9760e+04    251.000    34.8385    34.8373     4.8105    1468.43    27.7109    27.7095    1473.00 0.0000e+00
    252.334     3.4996     3.5072   3.208090   3.209403     1.9048    -0.3729     0.3678    34.8303 1.2469e+00 1.0000e-12 4.0558e+04    250.000    34.8303    34.8381     4.8049    1468.44    27.7037    27.7091    1473.00 0.0000e+00
    251.324     3.5062     3.5091   3.208020   3.209571     1.9071    -0.3718     0.3719    34.8226 1.0517e+00 1.0000e-12 4.3897e+04    249.000    34.8230    34.8386     4.8118    1468.44    27.6972    27.7094    1473.00 0.0000e+00
    250.314     3.5063     3.5078   3.208175   3.209387     1.9117    -0.3768     0.3717    34.8247 1.1284e+00 1.0000e-12 4.6597e+04    248.000    34.8254    34.8383     4.8269    1468.42    27.6991    27.7092    1473.00 0.0000e+00
