Ship_data/Irminger/Irminger-4/ctd/process/uar21_006.cnv
* Sea-Bird SBE 9 Data File:
* FileName = D:\Data\AR21_006.hdr
* Software Version Seasave V 7.23.2
* Temperature SN = 4155
* Conductivity SN = 2645
* Number of Bytes Per Scan = 40
* Number of Voltage Words = 5
* Number of Scans Averaged by the Deck Unit = 1
* NMEA Latitude = 50 47.19 N
* NMEA Longitude = 047 19.09 W
* NMEA UTC (Time) = Aug 02 2017  19:20:56
# nquan = 21
# nvalues = 1004                        
# units = specified
# name 0 = prDM: Pressure, Digiquartz [db]
# name 1 = t090C: Temperature [ITS-90, deg C]
# name 2 = t190C: Temperature, 2 [ITS-90, deg C]
# name 3 = c0S/m: Conductivity [S/m]
# name 4 = c1S/m: Conductivity, 2 [S/m]
# name 5 = sbeox0V: Oxygen raw, SBE 43 [V]
# name 6 = flECO-AFL: Fluorescence, WET Labs ECO-AFL/FL [mg/m^3]
# name 7 = turbWETntu0: Turbidity, WET Labs ECO [NTU]
# name 8 = sal00: Salinity, Practical [PSU]
# name 9 = spar: SPAR/Surface Irradiance
# name 10 = par: PAR/Irradiance, Biospherical/Licor
# name 11 = cpar: CPAR/Corrected Irradiance [%]
# name 12 = depSM: Depth [salt water, m], lat = 50.7865
# name 13 = sal00: Salinity, Practical [PSU]
# name 14 = sal11: Salinity, Practical, 2 [PSU]
# name 15 = sbeox0ML/L: Oxygen, SBE 43 [ml/l], WS = 2
# name 16 = svCM: Sound Velocity [Chen-Millero, m/s]
# name 17 = sigma-é00: Density [sigma-theta, kg/m^3]
# name 18 = sigma-é11: Density, 2 [sigma-theta, kg/m^3]
# name 19 = avgsvCM: Average Sound Velocity [Chen-Millero, m/s], minP = 20, minS = 20
# name 20 = flag: flag
# span 0 =      2.017,   1016.243       
# span 1 =     3.2017,    11.0026       
# span 2 =     3.2013,    11.0700       
# span 3 =   3.159719,   3.788438       
# span 4 =   3.159635,   3.794290       
# span 5 =     1.7036,     2.5529       
# span 6 =    -0.4149,     1.9523       
# span 7 =     0.3482,     0.5485       
# span 8 =    33.8408,    34.8786       
# span 9 = 3.7179e-01, 2.0484e+00       
# span 10 = 1.0000e-12, 1.0000e-12      
# span 11 = 6.9797e+03, 8.0260e+04      
# span 12 =      2.000,   1005.000      
# span 13 =    33.8437,    34.8776      
# span 14 =    33.8382,    34.8682      
# span 15 =     4.3971,     6.0925      
# span 16 =    1464.06,    1492.02      
# span 17 =    25.8748,    27.7522      
# span 18 =    25.8581,    27.7512      
# span 19 =    1473.00,    1473.00      
# span 20 = 0.0000e+00, 0.0000e+00      
# interval = meters: 1                  
# start_time = Aug 02 2017 19:20:56 [NMEA time, header]
# bad_flag = -9.990e-29
*END*
[from data line 138]
    876.407     3.3499     3.3504   3.225176   3.225294     1.8652    -0.3938     0.3533    34.8619 9.4056e-01 1.0000e-12 5.0062e+04    867.000    34.8618    34.8627     5.0841    1478.12    27.7476    27.7483    1473.00 0.0000e+00
    875.394     3.3489     3.3491   3.225130   3.225120     1.8597    -0.3938     0.3531    34.8629 1.2532e+00 1.0000e-12 4.4488e+04    866.000    34.8628    34.8624     5.0631    1478.10    27.7486    27.7482    1473.00 0.0000e+00
    874.381     3.3474     3.3483   3.225104   3.224992     1.8542    -0.3938     0.3535    34.8648 1.5945e+00 1.0000e-12 1.4461e+04    865.000    34.8646    34.8623     5.0417    1478.08    27.7501    27.7482    1473.00 0.0000e+00
    873.368     3.3464     3.3483   3.225068   3.224962     1.8485    -0.3938     0.3537    34.8659 1.0932e+00 1.0000e-12 4.1957e+04    864.000    34.8657    34.8624     5.0199    1478.06    27.7511    27.7483    1473.00 0.0000e+00
    872.355     3.3464     3.3485   3.224992   3.224926     1.8433    -0.3800     0.3531    34.8656 9.4482e-01 1.0000e-12 5.5289e+04    863.000    34.8653    34.8624     4.9996    1478.04    27.7508    27.7482    1473.00 0.0000e+00
    871.342     3.3465     3.3485   3.224878   3.224877     1.8391    -0.3834     0.3531    34.8647 1.3251e+00 1.0000e-12 2.9923e+04    862.000    34.8645    34.8623     4.9832    1478.02    27.7501    27.7481    1473.00 0.0000e+00
    870.329     3.3465     3.3484   3.224784   3.224834     1.8362    -0.4077     0.3543    34.8640 1.4104e+00 1.0000e-12 2.9147e+04    861.000    34.8638    34.8624     4.9719    1478.01    27.7496    27.7483    1473.00 0.0000e+00
    869.316     3.3464     3.3485   3.224692   3.224796     1.8340    -0.3862     0.3564    34.8635 1.3455e+00 1.0000e-12 3.5698e+04    860.000    34.8633    34.8624     4.9629    1477.99    27.7492    27.7482    1473.00 0.0000e+00
    868.303     3.3466     3.3486   3.224616   3.224770     1.8304    -0.3831     0.3558    34.8629 1.2759e+00 1.0000e-12 3.5483e+04    859.000    34.8628    34.8625     4.9489    1477.97    27.7487    27.7482    1473.00 0.0000e+00
    867.290     3.3474     3.3492   3.224552   3.224783     1.8223    -0.3930     0.3526    34.8618 1.1380e+00 1.0000e-12 4.3748e+04    858.000    34.8617    34.8625     4.9179    1477.96    27.7478    27.7483    1473.00 0.0000e+00
    866.277     3.3481     3.3506   3.224479   3.224849     1.8131    -0.3939     0.3609    34.8607 1.3094e+00 1.0000e-12 3.7554e+04    857.000    34.8606    34.8624     4.8824    1477.94    27.7468    27.7480    1473.00 0.0000e+00
    865.264     3.3485     3.3536   3.224430   3.225078     1.8095    -0.3925     0.3543    34.8601 1.0145e+00 1.0000e-12 5.2810e+04    856.000    34.8601    34.8624     4.8685    1477.93    27.7464    27.7477    1473.00 0.0000e+00
    864.251     3.3504     3.3542   3.224419   3.225096     1.8082    -0.3938     0.3542    34.8584 1.3043e+00 1.0000e-12 3.0745e+04    855.000    34.8585    34.8626     4.8625    1477.92    27.7449    27.7478    1473.00 0.0000e+00
    863.238     3.3517     3.3542   3.224453   3.225037     1.8088    -0.3938     0.3531    34.8579 1.0238e+00 1.0000e-12 4.5643e+04    854.000    34.8581    34.8624     4.8639    1477.90    27.7444    27.7476    1473.00 0.0000e+00
    862.225     3.3519     3.3541   3.224516   3.224995     1.8119    -0.3906     0.3539    34.8589 1.4092e+00 1.0000e-12 3.3441e+04    853.000    34.8591    34.8625     4.8751    1477.89    27.7452    27.7477    1473.00 0.0000e+00
    861.213     3.3520     3.3539   3.224553   3.224930     1.8167    -0.3938     0.3531    34.8599 1.5066e+00 1.0000e-12 2.0022e+04    852.000    34.8600    34.8625     4.8922    1477.87    27.7459    27.7477    1473.00 0.0000e+00
    860.200     3.3518     3.3538   3.224550   3.224880     1.8239    -0.3893     0.3531    34.8606 1.3056e+00 1.0000e-12 3.8311e+04    851.000    34.8607    34.8626     4.9186    1477.86    27.7465    27.7478    1473.00 0.0000e+00
    859.187     3.3517     3.3537   3.224525   3.224836     1.8322    -0.3725     0.3537    34.8610 8.9912e-01 1.0000e-12 5.2627e+04    850.000    34.8611    34.8627     4.9492    1477.84    27.7468    27.7479    1473.00 0.0000e+00
    858.174     3.3516     3.3535   3.224512   3.224785     1.8575    -0.3802     0.3540    34.8614 1.4792e+00 1.0000e-12 3.1423e+04    849.000    34.8615    34.8628     5.0429    1477.82    27.7471    27.7480    1473.00 0.0000e+00
    857.161     3.3518     3.3541   3.224421   3.224763     1.8695    -0.3944     0.3582    34.8608 1.5474e+00 1.0000e-12 1.7512e+04    848.000    34.8608    34.8624     5.0871    1477.81    27.7465    27.7476    1473.00 0.0000e+00
    856.148     3.3519     3.3542   3.224420   3.224731     1.8667    -0.3844     0.3548    34.8611 1.4445e+00 1.0000e-12 2.3305e+04    847.000    34.8611    34.8625     5.0760    1477.79    27.7468    27.7476    1473.00 0.0000e+00
    855.135     3.3521     3.3550   3.224373   3.224755     1.8652    -0.3746     0.3495    34.8609 1.1672e+00 1.0000e-12 3.8029e+04    846.000    34.8609    34.8624     5.0698    1477.77    27.7466    27.7475    1473.00 0.0000e+00
    854.122     3.3527     3.3558   3.224339   3.224797     1.8640    -0.3711     0.3506    34.8604 1.1007e+00 1.0000e-12 4.9609e+04    845.000    34.8604    34.8626     5.0646    1477.76    27.7461    27.7476    1473.00 0.0000e+00
    853.109     3.3542     3.3570   3.224304   3.224887     1.8636    -0.3742     0.3537    34.8589 1.5029e+00 1.0000e-12 2.6889e+04    844.000    34.8589    34.8629     5.0623    1477.75    27.7448    27.7477    1473.00 0.0000e+00
    852.097     3.3549     3.3575   3.224262   3.224888     1.8636    -0.3735     0.3533    34.8580 1.2718e+00 1.0000e-12 3.2904e+04    843.000    34.8581    34.8630     5.0614    1477.73    27.7441    27.7477    1473.00 0.0000e+00
    851.084     3.3556     3.3572   3.224322   3.224833     1.8628    -0.3777     0.3538    34.8585 1.0508e+00 1.0000e-12 4.6718e+04    842.000    34.8586    34.8631     5.0576    1477.72    27.7444    27.7478    1473.00 0.0000e+00
    850.071     3.3557     3.3574   3.224274   3.224793     1.8599    -0.3931     0.3533    34.8585 1.2545e+00 1.0000e-12 3.3410e+04    841.000    34.8586    34.8630     5.0461    1477.70    27.7443    27.7477    1473.00 0.0000e+00
    849.058     3.3554     3.3575   3.224171   3.224748     1.8536    -0.3697     0.3538    34.8581 1.2844e+00 1.0000e-12 4.0970e+04    840.000    34.8581    34.8629     5.0222    1477.68    27.7440    27.7476    1473.00 0.0000e+00
    848.045     3.3553     3.3578   3.224087   3.224717     1.8442    -0.3727     0.3580    34.8578 1.3593e+00 1.0000e-12 3.1661e+04    839.000    34.8578    34.8627     4.9862    1477.67    27.7437    27.7474    1473.00 0.0000e+00
    847.032     3.3559     3.3587   3.224044   3.224773     1.8349    -0.3921     0.3535    34.8571 1.1270e+00 1.0000e-12 4.5177e+04    838.000    34.8572    34.8629     4.9506    1477.65    27.7432    27.7474    1473.00 0.0000e+00
    846.020     3.3564     3.3594   3.224030   3.224791     1.8259    -0.3928     0.3534    34.8570 1.6052e+00 1.0000e-12 2.9866e+04    837.000    34.8570    34.8629     4.9164    1477.64    27.7430    27.7474    1473.00 0.0000e+00
    845.007     3.3575     3.3609   3.224032   3.224890     1.8178    -0.3938     0.3561    34.8563 1.3449e+00 1.0000e-12 2.8568e+04    836.000    34.8564    34.8631     4.8856    1477.62    27.7424    27.7474    1473.00 0.0000e+00
    843.994     3.3580     3.3630   3.224026   3.225064     1.8109    -0.3928     0.3581    34.8562 1.5173e+00 1.0000e-12 3.0093e+04    835.000    34.8563    34.8634     4.8587    1477.61    27.7423    27.7474    1473.00 0.0000e+00
    842.981     3.3611     3.3643   3.224007   3.225167     1.8040    -0.3851     0.3566    34.8532 1.2005e+00 1.0000e-12 4.0162e+04    834.000    34.8533    34.8638     4.8323    1477.60    27.7396    27.7476    1473.00 0.0000e+00
    841.968     3.3619     3.3638   3.223943   3.225055     1.7981    -0.3727     0.3508    34.8521 1.2109e+00 1.0000e-12 3.5655e+04    833.000    34.8522    34.8635     4.8096    1477.59    27.7386    27.7475    1473.00 0.0000e+00
    840.956     3.3608     3.3626   3.223891   3.224899     1.7937    -0.3735     0.3517    34.8532 1.0958e+00 1.0000e-12 4.1818e+04    832.000    34.8533    34.8634     4.7925    1477.57    27.7395    27.7475    1473.00 0.0000e+00
    839.943     3.3607     3.3616   3.223929   3.224736     1.7916    -0.3846     0.3566    34.8542 1.3103e+00 1.0000e-12 3.5247e+04    831.000    34.8544    34.8631     4.7842    1477.55    27.7404    27.7473    1473.00 0.0000e+00
    838.930     3.3602     3.3613   3.223961   3.224652     1.7897    -0.3924     0.3569    34.8557 9.5517e-01 1.0000e-12 4.9465e+04    830.000    34.8558    34.8630     4.7764    1477.53    27.7416    27.7472    1473.00 0.0000e+00
    837.917     3.3595     3.3609   3.223993   3.224567     1.7889    -0.3938     0.3536    34.8574 1.3156e+00 1.0000e-12 3.5113e+04    829.000    34.8575    34.8629     4.7728    1477.52    27.7430    27.7472    1473.00 0.0000e+00
    836.904     3.3592     3.3607   3.224050   3.224520     1.7895    -0.3859     0.3566    34.8590 1.2589e+00 1.0000e-12 3.6292e+04    828.000    34.8590    34.8630     4.7744    1477.50    27.7443    27.7473    1473.00 0.0000e+00
    835.892     3.3587     3.3605   3.224009   3.224460     1.7929    -0.3837     0.3565    34.8595 1.2394e+00 1.0000e-12 3.6599e+04    827.000    34.8595    34.8631     4.7866    1477.48    27.7447    27.7474    1473.00 0.0000e+00
    834.879     3.3585     3.3605   3.223940   3.224396     1.7955    -0.3776     0.3535    34.8595 1.1834e+00 1.0000e-12 4.0930e+04    826.000    34.8595    34.8628     4.7954    1477.47    27.7447    27.7471    1473.00 0.0000e+00
    833.866     3.3585     3.3607   3.223904   3.224354     1.7963    -0.3915     0.3545    34.8597 1.2549e+00 1.0000e-12 3.8907e+04    825.000    34.8596    34.8626     4.7980    1477.45    27.7448    27.7470    1473.00 0.0000e+00
    832.853     3.3586     3.3607   3.223907   3.224303     1.7971    -0.3733     0.3540    34.8601 1.7596e+00 1.0000e-12 1.2816e+04    824.000    34.8601    34.8626     4.8002    1477.43    27.7451    27.7470    1473.00 0.0000e+00
    831.841     3.3586     3.3605   3.223882   3.224246     1.7985    -0.3729     0.3559    34.8604 1.3437e+00 1.0000e-12 3.5802e+04    823.000    34.8603    34.8626     4.8049    1477.42    27.7453    27.7469    1473.00 0.0000e+00
    830.828     3.3584     3.3602   3.223852   3.224181     1.8025    -0.3731     0.3580    34.8608 8.2349e-01 1.0000e-12 5.6270e+04    822.000    34.8607    34.8627     4.8190    1477.40    27.7456    27.7470    1473.00 0.0000e+00
    829.815     3.3581     3.3601   3.223803   3.224116     1.8085    -0.3530     0.3541    34.8610 1.1009e+00 1.0000e-12 4.7288e+04    821.000    34.8609    34.8626     4.8409    1477.38    27.7458    27.7469    1473.00 0.0000e+00
    828.802     3.3580     3.3600   3.223738   3.224069     1.8164    -0.3770     0.3534    34.8608 1.1982e+00 1.0000e-12 3.6824e+04    820.000    34.8608    34.8627     4.8695    1477.36    27.7457    27.7471    1473.00 0.0000e+00
    827.790     3.3578     3.3596   3.223703   3.223991     1.8268    -0.4008     0.3537    34.8612 1.3688e+00 1.0000e-12 3.4050e+04    819.000    34.8611    34.8626     4.9079    1477.35    27.7460    27.7470    1473.00 0.0000e+00
    826.777     3.3576     3.3597   3.223602   3.223932     1.8341    -0.3931     0.3546    34.8607 1.0700e+00 1.0000e-12 4.6091e+04    818.000    34.8607    34.8624     4.9346    1477.33    27.7456    27.7468    1473.00 0.0000e+00
    825.764     3.3576     3.3602   3.223530   3.223922     1.8340    -0.3938     0.3581    34.8604 1.4757e+00 1.0000e-12 2.1559e+04    817.000    34.8603    34.8622     4.9335    1477.31    27.7454    27.7466    1473.00 0.0000e+00
    824.751     3.3583     3.3623   3.223508   3.224081     1.8339    -0.3938     0.3533    34.8598 1.2479e+00 1.0000e-12 4.0655e+04    816.000    34.8598    34.8625     4.9322    1477.30    27.7449    27.7466    1473.00 0.0000e+00
    823.739     3.3602     3.3634   3.223502   3.224133     1.8338    -0.3765     0.3534    34.8582 7.4121e-01 1.0000e-12 6.0485e+04    815.000    34.8582    34.8624     4.9310    1477.29    27.7434    27.7465    1473.00 0.0000e+00
    822.726     3.3613     3.3635   3.223480   3.224111     1.8339    -0.3547     0.3534    34.8573 1.3814e+00 1.0000e-12 3.9995e+04    814.000    34.8574    34.8626     4.9306    1477.27    27.7427    27.7466    1473.00 0.0000e+00
    821.713     3.3617     3.3638   3.223484   3.224102     1.8359    -0.3708     0.3574    34.8575 1.2573e+00 1.0000e-12 4.4387e+04    813.000    34.8575    34.8627     4.9374    1477.26    27.7427    27.7466    1473.00 0.0000e+00
    820.701     3.3619     3.3639   3.223509   3.224071     1.8405    -0.3853     0.3551    34.8580 1.0663e+00 1.0000e-12 4.9470e+04    812.000    34.8582    34.8628     4.9540    1477.24    27.7432    27.7467    1473.00 0.0000e+00
    819.688     3.3623     3.3645   3.223659   3.224077     1.8546    -0.3806     0.3536    34.8601 1.2298e+00 1.0000e-12 4.0526e+04    811.000    34.8601    34.8627     5.0055    1477.23    27.7447    27.7466    1473.00 0.0000e+00
    818.675     3.3622     3.3645   3.223490   3.224008     1.8588    -0.3770     0.3538    34.8587 1.3227e+00 1.0000e-12 3.4748e+04    810.000    34.8587    34.8625     5.0205    1477.21    27.7436    27.7464    1473.00 0.0000e+00
    817.662     3.3622     3.3653   3.223468   3.224033     1.8581    -0.3940     0.3534    34.8588 1.2549e+00 1.0000e-12 4.0061e+04    809.000    34.8589    34.8625     5.0173    1477.20    27.7438    27.7463    1473.00 0.0000e+00
    816.650     3.3632     3.3663   3.223503   3.224096     1.8564    -0.3938     0.3569    34.8587 1.0146e+00 1.0000e-12 5.3823e+04    808.000    34.8588    34.8627     5.0100    1477.18    27.7435    27.7464    1473.00 0.0000e+00
    815.637     3.3641     3.3668   3.223502   3.224104     1.8560    -0.3938     0.3580    34.8583 1.5843e+00 1.0000e-12 2.4233e+04    807.000    34.8584    34.8627     5.0078    1477.17    27.7431    27.7463    1473.00 0.0000e+00
    814.624     3.3645     3.3674   3.223513   3.224125     1.8566    -0.3766     0.3580    34.8585 9.2464e-01 1.0000e-12 5.8018e+04    806.000    34.8586    34.8629     5.0094    1477.15    27.7433    27.7464    1473.00 0.0000e+00
    813.612     3.3651     3.3674   3.223507   3.224098     1.8595    -0.3743     0.3574    34.8584 1.4313e+00 1.0000e-12 2.9910e+04    805.000    34.8585    34.8631     5.0193    1477.14    27.7431    27.7465    1473.00 0.0000e+00
    812.599     3.3652     3.3674   3.223498   3.224061     1.8591    -0.3924     0.3569    34.8586 1.0838e+00 1.0000e-12 4.3626e+04    804.000    34.8588    34.8631     5.0172    1477.12    27.7433    27.7466    1473.00 0.0000e+00
    811.586     3.3649     3.3675   3.223496   3.223994     1.8410    -0.3927     0.3555    34.8595 1.1518e+00 1.0000e-12 5.0076e+04    803.000    34.8595    34.8628     4.9491    1477.11    27.7439    27.7463    1473.00 0.0000e+00
    810.574     3.3654     3.3676   3.223476   3.223971     1.8357    -0.3868     0.3551    34.8593 9.4625e-01 1.0000e-12 5.8895e+04    802.000    34.8594    34.8629     4.9288    1477.09    27.7437    27.7463    1473.00 0.0000e+00
    809.561     3.3664     3.3685   3.223608   3.224030     1.7580    -0.3837     0.3550    34.8604 1.2107e+00 1.0000e-12 3.7594e+04    801.000    34.8604    34.8633     4.6393    1477.08    27.7445    27.7465    1473.00 0.0000e+00
    808.548     3.3680     3.3704   3.224026   3.224153     1.7036    -0.3961     0.3541    34.8643 1.0074e+00 1.0000e-12 4.9251e+04    800.000    34.8643    34.8632     4.4362    1477.08    27.7474    27.7463    1473.00 0.0000e+00
