Ship_data/Irminger/Irminger-4/ctd/process/uar21_009.cnv
* Sea-Bird SBE 9 Data File:
* FileName = D:\Data\AR21_009.hdr
* Software Version Seasave V 7.23.2
* Temperature SN = 4155
* Conductivity SN = 2645
* Number of Bytes Per Scan = 40
* Number of Voltage Words = 5
* Number of Scans Averaged by the Deck Unit = 1
* NMEA Latitude = 59 58.27 N
* NMEA Longitude = 039 30.81 W
* NMEA UTC (Time) = Aug 06 2017  21:22:51
** Test cast to check pump1 and acoustic device for James
# nquan = 21
# nvalues = 1201                        
# units = specified
# name 0 = prDM: Pressure, Digiquartz [db]
# name 1 = t090C: Temperature [ITS-90, deg C]
# name 2 = t190C: Temperature, 2 [ITS-90, deg C]
# name 3 = c0S/m: Conductivity [S/m]
# name 4 = c1S/m: Conductivity, 2 [S/m]
# name 5 = sbeox0V: Oxygen raw, SBE 43 [V]
# name 6 = flECO-AFL: Fluorescence, WET Labs ECO-AFL/FL [mg/m^3]
# name 7 = turbWETntu0: Turbidity, WET Labs ECO [NTU]
# name 8 = sal00: Salinity, Practical [PSU]
# name 9 = spar: SPAR/Surface Irradiance
# name 10 = par: PAR/Irradiance, Biospherical/Licor
# name 11 = cpar: CPAR/Corrected Irradiance [%]
# name 12 = depSM: Depth [salt water, m], lat = 59.9712
# name 13 = sal00: Salinity, Practical [PSU]
# name 14 = sal11: Salinity, Practical, 2 [PSU]
# name 15 = sbeox0ML/L: Oxygen, SBE 43 [ml/l], WS = 2
# name 16 = svCM: Sound Velocity [Chen-Millero, m/s]
# name 17 = sigma-é00: Density [sigma-theta, kg/m^3]
# name 18 = sigma-é11: Density, 2 [sigma-theta, kg/m^3]
# name 19 = avgsvCM: Average Sound Velocity [Chen-Millero, m/s], minP = 20, minS = 20
# name 20 = flag: flag
# span 0 =      2.019,   1216.988       
# span 1 =     3.3218,     8.5234       
# span 2 =     3.3234,     8.5276       
# span 3 =   3.227203,   3.650458       
# span 4 =   3.227091,   3.650368       
# span 5 =     1.9196,     2.4137       
# span 6 =    -0.4153,     0.7800       
# span 7 =     0.3401,     0.8595       
# span 8 =    34.7694,    34.9139       
# span 9 = 5.9370e-01, 2.0094e+00       
# span 10 = 1.0000e-12, 1.0000e-12      
# span 11 = 8.2818e+03, 7.3056e+04      
# span 12 =      2.000,   1202.000      
# span 13 =    34.7790,    34.9157      
# span 14 =    34.7775,    34.9123      
# span 15 =     5.4528,     5.7080      
# span 16 =    1469.42,    1484.26      
# span 17 =    27.0289,    27.7505      
# span 18 =    27.0251,    27.7480      
# span 19 =    1475.41,    1475.41      
# span 20 = 0.0000e+00, 0.0000e+00      
# interval = meters: 1                  
# start_time = Aug 06 2017 21:22:51 [NMEA time, header]
# bad_flag = -9.990e-29
*END*
[from data line 276]
    936.922     3.3705     3.3714   3.229935   3.229781     1.9813    -0.3844     0.3522    34.8654 1.6271e+00 1.0000e-12 1.7901e+04    926.000    34.8654    34.8625     5.5598    1479.21    27.7490    27.7466    1475.41 0.0000e+00
    935.908     3.3704     3.3717   3.229891   3.229761     1.9813    -0.4027     0.3510    34.8654 1.2128e+00 1.0000e-12 3.5804e+04    925.000    34.8654    34.8626     5.5592    1479.19    27.7491    27.7466    1475.41 0.0000e+00
    934.893     3.3705     3.3716   3.229842   3.229712     1.9814    -0.3934     0.3540    34.8652 8.5734e-01 1.0000e-12 5.4480e+04    924.000    34.8653    34.8625     5.5588    1479.18    27.7489    27.7466    1475.41 0.0000e+00
    933.879     3.3707     3.3720   3.229806   3.229703     1.9821    -0.3938     0.3541    34.8652 9.9354e-01 1.0000e-12 4.7249e+04    923.000    34.8652    34.8625     5.5608    1479.16    27.7488    27.7465    1475.41 0.0000e+00
    932.865     3.3706     3.3723   3.229775   3.229677     1.9826    -0.3938     0.3537    34.8654 1.3489e+00 1.0000e-12 3.3768e+04    922.000    34.8654    34.8625     5.5617    1479.15    27.7490    27.7465    1475.41 0.0000e+00
    931.851     3.3707     3.3723   3.229739   3.229640     1.9826    -0.3926     0.3534    34.8655 1.2961e+00 1.0000e-12 3.1289e+04    921.000    34.8655    34.8625     5.5610    1479.13    27.7490    27.7465    1475.41 0.0000e+00
    930.837     3.3706     3.3722   3.229690   3.229593     1.9827    -0.3938     0.3573    34.8654 1.3908e+00 1.0000e-12 2.6159e+04    920.000    34.8654    34.8626     5.5609    1479.11    27.7490    27.7466    1475.41 0.0000e+00
    929.823     3.3705     3.3720   3.229637   3.229531     1.9832    -0.4038     0.3525    34.8655 1.1398e+00 1.0000e-12 4.1624e+04    919.000    34.8655    34.8626     5.5620    1479.09    27.7490    27.7466    1475.41 0.0000e+00
    928.809     3.3704     3.3720   3.229568   3.229476     1.9827    -0.3937     0.3514    34.8653 1.0134e+00 1.0000e-12 4.6180e+04    918.000    34.8652    34.8625     5.5593    1479.08    27.7488    27.7465    1475.41 0.0000e+00
    927.795     3.3704     3.3720   3.229522   3.229429     1.9826    -0.3938     0.3529    34.8653 9.4105e-01 1.0000e-12 5.0036e+04    917.000    34.8653    34.8624     5.5582    1479.06    27.7489    27.7464    1475.41 0.0000e+00
    926.781     3.3703     3.3720   3.229479   3.229388     1.9827    -0.3929     0.3543    34.8654 1.3435e+00 1.0000e-12 3.3407e+04    916.000    34.8653    34.8625     5.5579    1479.04    27.7489    27.7465    1475.41 0.0000e+00
    925.767     3.3705     3.3720   3.229458   3.229352     1.9828    -0.3900     0.3543    34.8654 1.2301e+00 1.0000e-12 3.4919e+04    915.000    34.8654    34.8626     5.5574    1479.03    27.7489    27.7465    1475.41 0.0000e+00
    924.753     3.3708     3.3722   3.229450   3.229331     1.9831    -0.3784     0.3545    34.8655 1.3881e+00 1.0000e-12 3.3402e+04    914.000    34.8655    34.8626     5.5579    1479.01    27.7490    27.7466    1475.41 0.0000e+00
    923.739     3.3709     3.3724   3.229409   3.229296     1.9838    -0.3930     0.3557    34.8655 1.5224e+00 1.0000e-12 3.2228e+04    913.000    34.8655    34.8626     5.5598    1479.00    27.7489    27.7465    1475.41 0.0000e+00
    922.725     3.3712     3.3726   3.229388   3.229263     1.9839    -0.3928     0.3563    34.8655 1.2274e+00 1.0000e-12 4.4866e+04    912.000    34.8654    34.8625     5.5593    1478.98    27.7489    27.7464    1475.41 0.0000e+00
    921.711     3.3715     3.3731   3.229384   3.229281     1.9848    -0.3926     0.3534    34.8655 1.1764e+00 1.0000e-12 3.7379e+04    911.000    34.8656    34.8626     5.5621    1478.96    27.7489    27.7464    1475.41 0.0000e+00
    920.697     3.3721     3.3737   3.229395   3.229295     1.9851    -0.3918     0.3539    34.8656 1.1892e+00 1.0000e-12 3.6859e+04    910.000    34.8656    34.8627     5.5621    1478.95    27.7489    27.7464    1475.41 0.0000e+00
    919.683     3.3727     3.3741   3.229424   3.229296     1.9853    -0.3929     0.3535    34.8657 1.5469e+00 1.0000e-12 2.5707e+04    909.000    34.8658    34.8628     5.5622    1478.94    27.7490    27.7465    1475.41 0.0000e+00
    918.669     3.3734     3.3743   3.229442   3.229281     1.9864    -0.3812     0.3532    34.8657 1.2759e+00 1.0000e-12 4.0592e+04    908.000    34.8658    34.8630     5.5653    1478.92    27.7489    27.7466    1475.41 0.0000e+00
    917.655     3.3735     3.3746   3.229389   3.229251     1.9862    -0.3945     0.3506    34.8657 1.4846e+00 1.0000e-12 2.5293e+04    907.000    34.8657    34.8628     5.5639    1478.91    27.7488    27.7464    1475.41 0.0000e+00
    916.641     3.3740     3.3748   3.229394   3.229218     1.9863    -0.3778     0.3447    34.8656 1.3436e+00 1.0000e-12 3.8253e+04    906.000    34.8657    34.8628     5.5636    1478.89    27.7488    27.7463    1475.41 0.0000e+00
    915.627     3.3752     3.3765   3.229482   3.229352     1.9863    -0.3813     0.3493    34.8658 1.6720e+00 1.0000e-12 2.6775e+04    905.000    34.8660    34.8630     5.5626    1478.88    27.7489    27.7464    1475.41 0.0000e+00
    914.613     3.3757     3.3773   3.229482   3.229389     1.9865    -0.3892     0.3535    34.8659 1.2689e+00 1.0000e-12 3.8500e+04    904.000    34.8660    34.8632     5.5626    1478.87    27.7489    27.7464    1475.41 0.0000e+00
    913.599     3.3762     3.3776   3.229502   3.229376     1.9866    -0.3929     0.3531    34.8661 1.0315e+00 1.0000e-12 4.5334e+04    903.000    34.8662    34.8632     5.5623    1478.85    27.7489    27.7464    1475.41 0.0000e+00
    912.586     3.3763     3.3776   3.229460   3.229339     1.9871    -0.3938     0.3488    34.8661 1.4207e+00 1.0000e-12 3.1326e+04    902.000    34.8662    34.8633     5.5633    1478.83    27.7489    27.7465    1475.41 0.0000e+00
    911.572     3.3765     3.3777   3.229445   3.229311     1.9873    -0.3938     0.3491    34.8662 1.6770e+00 1.0000e-12 3.3360e+04    901.000    34.8663    34.8634     5.5631    1478.82    27.7489    27.7466    1475.41 0.0000e+00
    910.558     3.3768     3.3779   3.229420   3.229269     1.9873    -0.4009     0.3515    34.8661 1.1236e+00 1.0000e-12 4.3918e+04    900.000    34.8661    34.8632     5.5626    1478.80    27.7488    27.7464    1475.41 0.0000e+00
    909.544     3.3769     3.3783   3.229387   3.229279     1.9873    -0.4074     0.3538    34.8661 1.4753e+00 1.0000e-12 3.4748e+04    899.000    34.8662    34.8634     5.5618    1478.79    27.7488    27.7465    1475.41 0.0000e+00
    908.530     3.3770     3.3785   3.229355   3.229244     1.9874    -0.3907     0.3538    34.8661 1.3502e+00 1.0000e-12 3.7969e+04    898.000    34.8662    34.8634     5.5612    1478.77    27.7488    27.7464    1475.41 0.0000e+00
    907.516     3.3773     3.3785   3.229344   3.229204     1.9873    -0.3763     0.3535    34.8663 1.6306e+00 1.0000e-12 3.4864e+04    897.000    34.8664    34.8634     5.5601    1478.75    27.7489    27.7464    1475.41 0.0000e+00
    906.502     3.3778     3.3787   3.229336   3.229186     1.9875    -0.3927     0.3550    34.8663 1.2211e+00 1.0000e-12 3.5691e+04    896.000    34.8663    34.8635     5.5603    1478.74    27.7488    27.7465    1475.41 0.0000e+00
    905.488     3.3780     3.3790   3.229323   3.229175     1.9875    -0.3841     0.3543    34.8662 1.2108e+00 1.0000e-12 3.9555e+04    895.000    34.8664    34.8636     5.5594    1478.72    27.7488    27.7465    1475.41 0.0000e+00
    904.474     3.3787     3.3791   3.229325   3.229125     1.9872    -0.3849     0.3545    34.8661 8.4573e-01 1.0000e-12 5.9294e+04    894.000    34.8663    34.8634     5.5575    1478.71    27.7487    27.7464    1475.41 0.0000e+00
    903.460     3.3789     3.3802   3.229329   3.229193     1.9874    -0.3820     0.3538    34.8665 1.1411e+00 1.0000e-12 4.9657e+04    893.000    34.8665    34.8636     5.5575    1478.70    27.7489    27.7464    1475.41 0.0000e+00
    902.446     3.3793     3.3810   3.229311   3.229224     1.9876    -0.3775     0.3550    34.8664 1.2564e+00 1.0000e-12 4.4412e+04    892.000    34.8665    34.8636     5.5572    1478.68    27.7488    27.7463    1475.41 0.0000e+00
    901.432     3.3796     3.3813   3.229314   3.229218     1.9876    -0.3937     0.3552    34.8666 1.3872e+00 1.0000e-12 3.6875e+04    891.000    34.8667    34.8637     5.5564    1478.66    27.7489    27.7464    1475.41 0.0000e+00
    900.419     3.3799     3.3810   3.229287   3.229145     1.9880    -0.3921     0.3548    34.8666 1.4743e+00 1.0000e-12 3.0417e+04    890.000    34.8666    34.8638     5.5572    1478.65    27.7488    27.7464    1475.41 0.0000e+00
    899.405     3.3801     3.3812   3.229268   3.229122     1.9887    -0.4092     0.3547    34.8666 1.3348e+00 1.0000e-12 3.5553e+04    889.000    34.8667    34.8638     5.5589    1478.63    27.7488    27.7464    1475.41 0.0000e+00
    898.391     3.3802     3.3813   3.229221   3.229096     1.9894    -0.3873     0.3567    34.8666 1.1931e+00 1.0000e-12 4.3323e+04    888.000    34.8666    34.8638     5.5609    1478.62    27.7487    27.7464    1475.41 0.0000e+00
    897.377     3.3802     3.3815   3.229174   3.229065     1.9899    -0.3795     0.3522    34.8665 1.5220e+00 1.0000e-12 3.0742e+04    887.000    34.8665    34.8638     5.5621    1478.60    27.7487    27.7464    1475.41 0.0000e+00
    896.363     3.3806     3.3816   3.229172   3.229034     1.9907    -0.3929     0.3499    34.8666 1.5928e+00 1.0000e-12 2.3174e+04    886.000    34.8666    34.8638     5.5643    1478.58    27.7487    27.7464    1475.41 0.0000e+00
    895.349     3.3807     3.3821   3.229133   3.229021     1.9913    -0.3929     0.3522    34.8665 1.7103e+00 1.0000e-12 1.8263e+04    885.000    34.8666    34.8637     5.5657    1478.57    27.7486    27.7462    1475.41 0.0000e+00
    894.335     3.3808     3.3824   3.229108   3.228998     1.9913    -0.3938     0.3539    34.8666 1.3599e+00 1.0000e-12 3.3350e+04    884.000    34.8667    34.8636     5.5650    1478.55    27.7487    27.7461    1475.41 0.0000e+00
    893.321     3.3808     3.3824   3.229068   3.228962     1.9913    -0.3928     0.3536    34.8667 1.1903e+00 1.0000e-12 4.2069e+04    883.000    34.8667    34.8638     5.5643    1478.54    27.7487    27.7463    1475.41 0.0000e+00
    892.308     3.3810     3.3825   3.229040   3.228944     1.9913    -0.3721     0.3541    34.8666 1.4956e+00 1.0000e-12 3.0426e+04    882.000    34.8667    34.8639     5.5635    1478.52    27.7487    27.7463    1475.41 0.0000e+00
    891.294     3.3812     3.3825   3.229020   3.228908     1.9920    -0.3707     0.3456    34.8667 1.0115e+00 1.0000e-12 4.6954e+04    881.000    34.8667    34.8641     5.5655    1478.50    27.7487    27.7464    1475.41 0.0000e+00
    890.280     3.3829     3.3829   3.229150   3.228888     1.9925    -0.3919     0.3543    34.8669 1.1983e+00 1.0000e-12 3.8663e+04    880.000    34.8670    34.8639     5.5663    1478.49    27.7488    27.7463    1475.41 0.0000e+00
    889.266     3.3832     3.3836   3.229106   3.228900     1.9926    -0.3745     0.3538    34.8666 1.1099e+00 1.0000e-12 4.5715e+04    879.000    34.8667    34.8639     5.5658    1478.48    27.7485    27.7462    1475.41 0.0000e+00
    888.252     3.3836     3.3843   3.229133   3.228934     1.9928    -0.3706     0.3567    34.8669 1.6433e+00 1.0000e-12 1.8988e+04    878.000    34.8671    34.8640     5.5659    1478.46    27.7487    27.7462    1475.41 0.0000e+00
    887.238     3.3843     3.3857   3.229142   3.229021     1.9936    -0.3728     0.3580    34.8669 1.4838e+00 1.0000e-12 2.8343e+04    877.000    34.8670    34.8641     5.5678    1478.45    27.7486    27.7461    1475.41 0.0000e+00
    886.225     3.3846     3.3857   3.229120   3.228994     1.9934    -0.3920     0.3536    34.8670 1.2166e+00 1.0000e-12 4.2552e+04    876.000    34.8670    34.8643     5.5665    1478.43    27.7486    27.7463    1475.41 0.0000e+00
    885.211     3.3845     3.3858   3.229076   3.228945     1.9933    -0.3938     0.3555    34.8671 1.2927e+00 1.0000e-12 4.3727e+04    875.000    34.8671    34.8642     5.5654    1478.42    27.7487    27.7462    1475.41 0.0000e+00
    884.197     3.3845     3.3859   3.229045   3.228933     1.9935    -0.3854     0.3564    34.8672 1.1013e+00 1.0000e-12 4.2409e+04    874.000    34.8672    34.8644     5.5652    1478.40    27.7487    27.7464    1475.41 0.0000e+00
    883.183     3.3845     3.3860   3.229004   3.228900     1.9936    -0.3894     0.3533    34.8673 1.2156e+00 1.0000e-12 3.5462e+04    873.000    34.8673    34.8644     5.5651    1478.38    27.7488    27.7463    1475.41 0.0000e+00
    882.169     3.3847     3.3861   3.228957   3.228850     1.9938    -0.3768     0.3533    34.8670 1.4409e+00 1.0000e-12 3.3258e+04    872.000    34.8671    34.8643     5.5649    1478.37    27.7486    27.7462    1475.41 0.0000e+00
    881.156     3.3847     3.3862   3.228916   3.228806     1.9941    -0.3836     0.3564    34.8670 1.7944e+00 1.0000e-12 2.3793e+04    871.000    34.8671    34.8642     5.5655    1478.35    27.7486    27.7461    1475.41 0.0000e+00
    880.142     3.3848     3.3864   3.228879   3.228788     1.9947    -0.3872     0.3569    34.8671 9.5667e-01 1.0000e-12 5.4999e+04    870.000    34.8671    34.8643     5.5670    1478.33    27.7485    27.7462    1475.41 0.0000e+00
    879.128     3.3849     3.3864   3.228857   3.228748     1.9946    -0.3749     0.3535    34.8672 7.0624e-01 1.0000e-12 6.2779e+04    869.000    34.8672    34.8643     5.5658    1478.32    27.7486    27.7462    1475.41 0.0000e+00
    878.114     3.3852     3.3862   3.228837   3.228700     1.9949    -0.4115     0.3538    34.8672 1.2570e+00 1.0000e-12 3.7599e+04    868.000    34.8672    34.8644     5.5662    1478.30    27.7486    27.7463    1475.41 0.0000e+00
    877.100     3.3852     3.3866   3.228800   3.228693     1.9951    -0.3943     0.3566    34.8673 9.5016e-01 1.0000e-12 4.9664e+04    867.000    34.8673    34.8645     5.5662    1478.29    27.7487    27.7463    1475.41 0.0000e+00
    876.087     3.3854     3.3868   3.228771   3.228668     1.9954    -0.3925     0.3531    34.8673 1.3506e+00 1.0000e-12 3.1633e+04    866.000    34.8672    34.8645     5.5665    1478.27    27.7486    27.7463    1475.41 0.0000e+00
    875.073     3.3858     3.3868   3.228758   3.228610     1.9957    -0.3922     0.3560    34.8672 1.1198e+00 1.0000e-12 4.0384e+04    865.000    34.8672    34.8643     5.5667    1478.26    27.7485    27.7461    1475.41 0.0000e+00
    874.059     3.3866     3.3877   3.228792   3.228649     1.9955    -0.3938     0.3546    34.8672 9.4049e-01 1.0000e-12 5.0066e+04    864.000    34.8673    34.8644     5.5652    1478.24    27.7485    27.7461    1475.41 0.0000e+00
    873.045     3.3873     3.3889   3.228817   3.228707     1.9961    -0.3926     0.3544    34.8672 1.2435e+00 1.0000e-12 3.3979e+04    863.000    34.8673    34.8643     5.5664    1478.23    27.7484    27.7459    1475.41 0.0000e+00
    872.032     3.3877     3.3897   3.228819   3.228753     1.9962    -0.3730     0.3538    34.8674 1.4787e+00 1.0000e-12 2.1491e+04    862.000    34.8675    34.8646     5.5663    1478.21    27.7485    27.7460    1475.41 0.0000e+00
    871.018     3.3885     3.3899   3.228857   3.228734     1.9964    -0.3788     0.3537    34.8675 1.1122e+00 1.0000e-12 4.6765e+04    861.000    34.8676    34.8647     5.5660    1478.20    27.7485    27.7461    1475.41 0.0000e+00
    870.004     3.3887     3.3901   3.228847   3.228724     1.9970    -0.3902     0.3533    34.8677 1.3127e+00 1.0000e-12 3.2987e+04    860.000    34.8678    34.8649     5.5675    1478.18    27.7487    27.7462    1475.41 0.0000e+00
    868.990     3.3890     3.3900   3.228791   3.228647     1.9975    -0.3731     0.3545    34.8674 1.5257e+00 1.0000e-12 2.4371e+04    859.000    34.8674    34.8646     5.5687    1478.17    27.7483    27.7460    1475.41 0.0000e+00
