Ship_data/Irminger/Irminger-4/ctd/process/uar21_006.cnv
* Sea-Bird SBE 9 Data File:
* FileName = D:\Data\AR21_006.hdr
* Software Version Seasave V 7.23.2
* Temperature SN = 4155
* Conductivity SN = 2645
* Number of Bytes Per Scan = 40
* Number of Voltage Words = 5
* Number of Scans Averaged by the Deck Unit = 1
* NMEA Latitude = 50 47.19 N
* NMEA Longitude = 047 19.09 W
* NMEA UTC (Time) = Aug 02 2017  19:20:56
# nquan = 21
# nvalues = 1004                        
# units = specified
# name 0 = prDM: Pressure, Digiquartz [db]
# name 1 = t090C: Temperature [ITS-90, deg C]
# name 2 = t190C: Temperature, 2 [ITS-90, deg C]
# name 3 = c0S/m: Conductivity [S/m]
# name 4 = c1S/m: Conductivity, 2 [S/m]
# name 5 = sbeox0V: Oxygen raw, SBE 43 [V]
# name 6 = flECO-AFL: Fluorescence, WET Labs ECO-AFL/FL [mg/m^3]
# name 7 = turbWETntu0: Turbidity, WET Labs ECO [NTU]
# name 8 = sal00: Salinity, Practical [PSU]
# name 9 = spar: SPAR/Surface Irradiance
# name 10 = par: PAR/Irradiance, Biospherical/Licor
# name 11 = cpar: CPAR/Corrected Irradiance [%]
# name 12 = depSM: Depth [salt water, m], lat = 50.7865
# name 13 = sal00: Salinity, Practical [PSU]
# name 14 = sal11: Salinity, Practical, 2 [PSU]
# name 15 = sbeox0ML/L: Oxygen, SBE 43 [ml/l], WS = 2
# name 16 = svCM: Sound Velocity [Chen-Millero, m/s]
# name 17 = sigma-é00: Density [sigma-theta, kg/m^3]
# name 18 = sigma-é11: Density, 2 [sigma-theta, kg/m^3]
# name 19 = avgsvCM: Average Sound Velocity [Chen-Millero, m/s], minP = 20, minS = 20
# name 20 = flag: flag
# span 0 =      2.017,   1016.243       
# span 1 =     3.2017,    11.0026       
# span 2 =     3.2013,    11.0700       
# span 3 =   3.159719,   3.788438       
# span 4 =   3.159635,   3.794290       
# span 5 =     1.7036,     2.5529       
# span 6 =    -0.4149,     1.9523       
# span 7 =     0.3482,     0.5485       
# span 8 =    33.8408,    34.8786       
# span 9 = 3.7179e-01, 2.0484e+00       
# span 10 = 1.0000e-12, 1.0000e-12      
# span 11 = 6.9797e+03, 8.0260e+04      
# span 12 =      2.000,   1005.000      
# span 13 =    33.8437,    34.8776      
# span 14 =    33.8382,    34.8682      
# span 15 =     4.3971,     6.0925      
# span 16 =    1464.06,    1492.02      
# span 17 =    25.8748,    27.7522      
# span 18 =    25.8581,    27.7512      
# span 19 =    1473.00,    1473.00      
# span 20 = 0.0000e+00, 0.0000e+00      
# interval = meters: 1                  
# start_time = Aug 02 2017 19:20:56 [NMEA time, header]
# bad_flag = -9.990e-29
*END*
[from data line 897]
    108.970     3.2209     3.2225   3.168463   3.168448     2.1696    -0.3702     0.3777    34.7301 1.5784e+00 1.0000e-12 2.4860e+04    108.000    34.7291    34.7272     5.6597    1464.78    27.6489    27.6472    1473.00 0.0000e+00
    107.961     3.2176     3.2182   3.167897   3.167812     2.1702    -0.3644     0.3786    34.7283 1.0662e+00 1.0000e-12 4.3223e+04    107.000    34.7264    34.7246     5.6617    1464.74    27.6470    27.6456    1473.00 0.0000e+00
    106.952     3.2141     3.2162   3.167484   3.167549     2.1709    -0.3492     0.3831    34.7267 1.0763e+00 1.0000e-12 4.2857e+04    106.000    34.7256    34.7241     5.6639    1464.71    27.6467    27.6454    1473.00 0.0000e+00
    105.943     3.2160     3.2184   3.167732   3.167774     2.1716    -0.3651     0.3793    34.7279 7.6116e-01 1.0000e-12 5.9587e+04    105.000    34.7272    34.7252     5.6653    1464.71    27.6478    27.6459    1473.00 0.0000e+00
    104.933     3.2127     3.2141   3.167254   3.167228     2.1733    -0.3577     0.3797    34.7260 1.2164e+00 1.0000e-12 3.6418e+04    104.000    34.7255    34.7237     5.6709    1464.67    27.6468    27.6451    1473.00 0.0000e+00
    103.924     3.2143     3.2168   3.167386   3.167504     2.1745    -0.3508     0.3752    34.7261 1.1115e+00 1.0000e-12 4.3530e+04    103.000    34.7259    34.7247     5.6737    1464.66    27.6469    27.6457    1473.00 0.0000e+00
    102.915     3.2098     3.2095   3.166462   3.166198     2.1766    -0.3574     0.3752    34.7203 1.2423e+00 1.0000e-12 4.0426e+04    102.000    34.7201    34.7172     5.6812    1464.62    27.6427    27.6405    1473.00 0.0000e+00
    101.906     3.2096     3.2106   3.166364   3.166251     2.1768    -0.3501     0.3772    34.7197 1.6287e+00 1.0000e-12 2.1726e+04    101.000    34.7197    34.7173     5.6812    1464.60    27.6424    27.6404    1473.00 0.0000e+00
    100.897     3.2093     3.2103   3.166181   3.166096     2.1770    -0.3532     0.3775    34.7185 1.1284e+00 1.0000e-12 4.0060e+04    100.000    34.7184    34.7162     5.6812    1464.58    27.6414    27.6396    1473.00 0.0000e+00
     99.887     3.2088     3.2100   3.166048   3.165994     2.1771    -0.3497     0.3799    34.7179 1.1087e+00 1.0000e-12 4.3969e+04     99.000    34.7179    34.7159     5.6808    1464.56    27.6410    27.6393    1473.00 0.0000e+00
     98.878     3.2089     3.2099   3.165976   3.165887     2.1770    -0.3444     0.3776    34.7175 1.0942e+00 1.0000e-12 4.4155e+04     98.000    34.7174    34.7152     5.6800    1464.55    27.6406    27.6388    1473.00 0.0000e+00
     97.869     3.2088     3.2099   3.165889   3.165779     2.1778    -0.3365     0.3832    34.7170 8.3339e-01 1.0000e-12 5.9476e+04     97.000    34.7170    34.7145     5.6817    1464.53    27.6403    27.6382    1473.00 0.0000e+00
     96.860     3.2087     3.2096   3.165760   3.165600     2.1781    -0.3495     0.3775    34.7163 1.0292e+00 1.0000e-12 4.5318e+04     96.000    34.7161    34.7132     5.6822    1464.51    27.6396    27.6372    1473.00 0.0000e+00
     95.851     3.2083     3.2096   3.165470   3.165493     2.1780    -0.3515     0.3775    34.7139 1.5627e+00 1.0000e-12 2.5260e+04     95.000    34.7136    34.7125     5.6812    1464.49    27.6376    27.6366    1473.00 0.0000e+00
     94.841     3.2078     3.2088   3.165249   3.165087     2.1785    -0.3441     0.3775    34.7122 9.2854e-01 1.0000e-12 5.0973e+04     94.000    34.7120    34.7090     5.6825    1464.47    27.6363    27.6339    1473.00 0.0000e+00
     93.832     3.2075     3.2084   3.165014   3.164864     2.1791    -0.3391     0.3775    34.7102 9.9648e-01 1.0000e-12 5.0081e+04     93.000    34.7100    34.7073     5.6837    1464.45    27.6348    27.6326    1473.00 0.0000e+00
     92.823     3.2067     3.2074   3.164828   3.164594     2.1808    -0.3556     0.3812    34.7091 1.3717e+00 1.0000e-12 3.0472e+04     92.000    34.7091    34.7056     5.6890    1464.43    27.6342    27.6313    1473.00 0.0000e+00
     91.814     3.2068     3.2074   3.164634   3.164475     2.1810    -0.3478     0.3775    34.7079 1.4449e+00 1.0000e-12 2.9238e+04     91.000    34.7073    34.7047     5.6889    1464.41    27.6327    27.6306    1473.00 0.0000e+00
     90.805     3.2050     3.2053   3.164202   3.164014     2.1814    -0.3456     0.3775    34.7052 8.8106e-01 1.0000e-12 5.3243e+04     90.000    34.7045    34.7019     5.6898    1464.38    27.6307    27.6285    1473.00 0.0000e+00
     89.796     3.2020     3.2013   3.163473   3.163172     2.1814    -0.3520     0.3839    34.7008 6.7028e-01 1.0000e-12 6.4412e+04     89.000    34.6995    34.6966     5.6900    1464.35    27.6269    27.6247    1473.00 0.0000e+00
     88.786     3.2021     3.2029   3.163385   3.163012     2.1819    -0.3400     0.3808    34.6988 1.4083e+00 1.0000e-12 3.0642e+04     88.000    34.6989    34.6934     5.6910    1464.33    27.6264    27.6220    1473.00 0.0000e+00
     87.777     3.2021     3.2028   3.163136   3.163103     2.1841    -0.3361     0.3862    34.6966 1.0903e+00 1.0000e-12 4.4932e+04     87.000    34.6964    34.6953     5.6976    1464.31    27.6244    27.6235    1473.00 0.0000e+00
     86.768     3.2017     3.2023   3.162928   3.163022     2.1850    -0.3345     0.3801    34.6950 1.0376e+00 1.0000e-12 5.1890e+04     86.000    34.6948    34.6953     5.7000    1464.29    27.6232    27.6236    1473.00 0.0000e+00
     85.759     3.2037     3.2040   3.162921   3.162869     2.1858    -0.3493     0.3775    34.6931 1.1447e+00 1.0000e-12 3.9142e+04     85.000    34.6931    34.6922     5.7019    1464.28    27.6217    27.6209    1473.00 0.0000e+00
     84.750     3.2070     3.2085   3.162985   3.162942     2.1865    -0.3393     0.3846    34.6908 9.9857e-01 1.0000e-12 4.6982e+04     84.000    34.6910    34.6888     5.7030    1464.27    27.6197    27.6177    1473.00 0.0000e+00
     83.741     3.2104     3.2109   3.163019   3.162905     2.1866    -0.3461     0.3954    34.6883 1.2033e+00 1.0000e-12 3.6112e+04     83.000    34.6883    34.6864     5.7022    1464.27    27.6172    27.6156    1473.00 0.0000e+00
     82.732     3.2097     3.2100   3.162571   3.162408     2.1870    -0.3468     0.3836    34.6844 1.3373e+00 1.0000e-12 3.0540e+04     82.000    34.6842    34.6819     5.7031    1464.24    27.6139    27.6121    1473.00 0.0000e+00
     81.722     3.2099     3.2086   3.161958   3.161483     2.1886    -0.3458     0.3794    34.6768 1.2796e+00 1.0000e-12 3.5188e+04     81.000    34.6770    34.6727     5.7081    1464.22    27.6082    27.6049    1473.00 0.0000e+00
     80.713     3.2102     3.2083   3.161874   3.161355     2.1901    -0.3609     0.3806    34.6768 1.2720e+00 1.0000e-12 3.2263e+04     80.000    34.6763    34.6721     5.7125    1464.20    27.6076    27.6044    1473.00 0.0000e+00
     79.704     3.2064     3.2066   3.160923   3.160766     2.1907    -0.3583     0.3776    34.6704 1.0316e+00 1.0000e-12 4.9697e+04     79.000    34.6694    34.6672     5.7144    1464.16    27.6025    27.6007    1473.00 0.0000e+00
     78.695     3.2053     3.2061   3.160280   3.160147     2.1920    -0.3511     0.3747    34.6638 6.7458e-01 1.0000e-12 6.4374e+04     78.000    34.6633    34.6608     5.7185    1464.13    27.5977    27.5956    1473.00 0.0000e+00
     77.686     3.2051     3.2061   3.159971   3.159872     2.1933    -0.3473     0.3781    34.6606 1.1147e+00 1.0000e-12 4.8946e+04     77.000    34.6603    34.6581     5.7225    1464.11    27.5953    27.5934    1473.00 0.0000e+00
     76.677     3.2053     3.2063   3.159760   3.159798     2.1983    -0.3345     0.3834    34.6581 1.2353e+00 1.0000e-12 4.1337e+04     76.000    34.6581    34.6574     5.7388    1464.09    27.5935    27.5929    1473.00 0.0000e+00
     75.668     3.2058     3.2068   3.159756   3.159703     2.1995    -0.3333     0.3774    34.6581 1.2564e+00 1.0000e-12 3.7997e+04     75.000    34.6581    34.6564     5.7420    1464.08    27.5934    27.5920    1473.00 0.0000e+00
     74.659     3.2074     3.2081   3.159719   3.159635     2.1999    -0.3352     0.3775    34.6566 1.4112e+00 1.0000e-12 3.1311e+04     74.000    34.6565    34.6547     5.7423    1464.07    27.5920    27.5905    1473.00 0.0000e+00
     73.650     3.2115     3.2136   3.159824   3.159770     2.2006    -0.3317     0.3775    34.6534 1.3292e+00 1.0000e-12 2.9403e+04     73.000    34.6539    34.6511     5.7434    1464.06    27.5896    27.5871    1473.00 0.0000e+00
     72.641     3.2191     3.2232   3.160082   3.160134     2.2016    -0.3342     0.3775    34.6489 1.3339e+00 1.0000e-12 3.3123e+04     72.000    34.6494    34.6457     5.7449    1464.07    27.5853    27.5819    1473.00 0.0000e+00
     71.631     3.2218     3.2214   3.160154   3.160011     2.2037    -0.3349     0.3820    34.6477 1.1149e+00 1.0000e-12 4.8430e+04     71.000    34.6480    34.6467     5.7511    1464.07    27.5839    27.5829    1473.00 0.0000e+00
     70.622     3.2247     3.2247   3.160258   3.160115     2.2040    -0.3466     0.3830    34.6462 8.6305e-01 1.0000e-12 5.8342e+04     70.000    34.6468    34.6450     5.7508    1464.06    27.5826    27.5812    1473.00 0.0000e+00
     69.613     3.2330     3.2376   3.160620   3.160714     2.2052    -0.3510     0.3777    34.6420 1.1073e+00 1.0000e-12 4.1354e+04     69.000    34.6428    34.6389     5.7531    1464.07    27.5787    27.5751    1473.00 0.0000e+00
     68.604     3.2529     3.2517   3.161624   3.161338     2.2069    -0.3412     0.3775    34.6326 1.4645e+00 1.0000e-12 3.0567e+04     68.000    34.6343    34.6320     5.7552    1464.13    27.5699    27.5683    1473.00 0.0000e+00
     67.595     3.2580     3.2675   3.161711   3.161981     2.2080    -0.3349     0.3825    34.6295 1.0753e+00 1.0000e-12 4.7364e+04     67.000    34.6304    34.6235     5.7575    1464.13    27.5664    27.5599    1473.00 0.0000e+00
     66.586     3.2733     3.2834   3.162365   3.162625     2.2097    -0.3279     0.3855    34.6213 1.0758e+00 1.0000e-12 4.4306e+04     66.000    34.6225    34.6148     5.7602    1464.17    27.5586    27.5515    1473.00 0.0000e+00
     65.577     3.2968     3.2971   3.163402   3.163212     2.2122    -0.3215     0.3857    34.6087 1.1411e+00 1.0000e-12 4.3729e+04     65.000    34.6105    34.6078     5.7644    1464.24    27.5468    27.5446    1473.00 0.0000e+00
     64.568     3.3008     3.3046   3.163496   3.163562     2.2135    -0.3349     0.3849    34.6067 1.1713e+00 1.0000e-12 4.8726e+04     64.000    34.6078    34.6046     5.7678    1464.23    27.5443    27.5414    1473.00 0.0000e+00
     63.559     3.3047     3.3080   3.163725   3.163713     2.2145    -0.3329     0.3824    34.6057 1.1591e+00 1.0000e-12 3.8469e+04     63.000    34.6070    34.6034     5.7696    1464.23    27.5433    27.5401    1473.00 0.0000e+00
     62.550     3.3091     3.3122   3.163960   3.163961     2.2153    -0.3343     0.3812    34.6043 1.0659e+00 1.0000e-12 4.3406e+04     62.000    34.6057    34.6024     5.7710    1464.23    27.5418    27.5389    1473.00 0.0000e+00
     61.541     3.3134     3.3159   3.164180   3.164164     2.2158    -0.3324     0.3838    34.6032 1.2382e+00 1.0000e-12 4.1249e+04     61.000    34.6043    34.6015     5.7714    1464.23    27.5403    27.5378    1473.00 0.0000e+00
     60.532     3.3182     3.3187   3.164425   3.164284     2.2161    -0.3099     0.3939    34.6017 1.3519e+00 1.0000e-12 3.3560e+04     60.000    34.6027    34.6006     5.7707    1464.24    27.5385    27.5368    1473.00 0.0000e+00
     59.523     3.3217     3.3259   3.164603   3.164649     2.2168    -0.3180     0.3913    34.6006 1.4415e+00 1.0000e-12 4.1241e+04     59.000    34.6017    34.5978     5.7718    1464.23    27.5374    27.5339    1473.00 0.0000e+00
     58.514     3.3295     3.3363   3.165009   3.165183     2.2175    -0.3342     0.3829    34.5977 8.3226e-01 1.0000e-12 5.5670e+04     58.000    34.5989    34.5937     5.7724    1464.25    27.5344    27.5296    1473.00 0.0000e+00
     57.505     3.3371     3.3356   3.165129   3.164958     2.2189    -0.3128     0.3889    34.5916 1.2369e+00 1.0000e-12 3.9291e+04     57.000    34.5928    34.5924     5.7752    1464.25    27.5288    27.5286    1473.00 0.0000e+00
     56.496     3.3415     3.3408   3.165452   3.165256     2.2204    -0.3234     0.3881    34.5922 1.3322e+00 1.0000e-12 4.0649e+04     56.000    34.5925    34.5909     5.7788    1464.26    27.5281    27.5269    1473.00 0.0000e+00
     55.487     3.3401     3.3430   3.165150   3.165079     2.2202    -0.3133     0.3921    34.5905 1.2066e+00 1.0000e-12 4.6680e+04     55.000    34.5910    34.5870     5.7779    1464.23    27.5271    27.5236    1473.00 0.0000e+00
     54.478     3.3459     3.3468   3.165336   3.165186     2.2209    -0.3261     0.3856    34.5869 1.0446e+00 1.0000e-12 5.0037e+04     54.000    34.5876    34.5848     5.7786    1464.23    27.5238    27.5215    1473.00 0.0000e+00
     53.469     3.3575     3.3648   3.165872   3.166044     2.2223    -0.3107     0.3905    34.5810 8.9392e-01 1.0000e-12 5.2428e+04     53.000    34.5822    34.5765     5.7807    1464.26    27.5184    27.5131    1473.00 0.0000e+00
     52.460     3.3645     3.3656   3.166134   3.166059     2.2230    -0.3106     0.3919    34.5776 1.1127e+00 1.0000e-12 4.5506e+04     52.000    34.5785    34.5764     5.7815    1464.27    27.5147    27.5130    1473.00 0.0000e+00
     51.451     3.3856     3.3914   3.167358   3.167432     2.2248    -0.2874     0.3878    34.5698 1.1198e+00 1.0000e-12 4.1552e+04     51.000    34.5713    34.5660     5.7836    1464.33    27.5069    27.5021    1473.00 0.0000e+00
     50.442     3.4071     3.4136   3.168175   3.168287     2.2260    -0.2901     0.3874    34.5570 9.0298e-01 1.0000e-12 5.5568e+04     50.000    34.5588    34.5533     5.7840    1464.39    27.4949    27.4899    1473.00 0.0000e+00
     49.433     3.4118     3.4257   3.168392   3.168831     2.2276    -0.2954     0.3910    34.5547 1.2317e+00 1.0000e-12 4.1478e+04     49.000    34.5570    34.5475     5.7878    1464.39    27.4930    27.4841    1473.00 0.0000e+00
     48.424     3.4464     3.4533   3.170725   3.170932     2.2307    -0.2978     0.3922    34.5456 1.2089e+00 1.0000e-12 3.7822e+04     48.000    34.5489    34.5439     5.7921    1464.51    27.4832    27.4786    1473.00 0.0000e+00
     47.415     3.4957     3.4853   3.173735   3.172720     2.2347    -0.2781     0.3976    34.5301 1.1938e+00 1.0000e-12 4.0752e+04     47.000    34.5332    34.5321     5.7975    1464.68    27.4659    27.4660    1473.00 0.0000e+00
     46.406     3.5038     3.5144   3.173473   3.173808     2.2369    -0.2924     0.3930    34.5197 1.1543e+00 1.0000e-12 4.1940e+04     46.000    34.5220    34.5148     5.8034    1464.69    27.4561    27.4493    1473.00 0.0000e+00
     45.397     3.5422     3.5639   3.176271   3.177595     2.2398    -0.2790     0.3937    34.5108 1.0214e+00 1.0000e-12 4.8486e+04     45.000    34.5154    34.5083     5.8062    1464.82    27.4472    27.4394    1473.00 0.0000e+00
     44.388     3.5907     3.6537   3.179903   3.183874     2.2430    -0.2802     0.3916    34.5032 1.1436e+00 1.0000e-12 3.8954e+04     44.000    34.5082    34.4891     5.8086    1465.00    27.4366    27.4152    1473.00 0.0000e+00
     43.379     3.6589     3.6913   3.184586   3.186486     2.2481    -0.2628     0.4014    34.4860 1.3117e+00 1.0000e-12 3.5345e+04     43.000    34.4927    34.4811     5.8147    1465.25    27.4175    27.4051    1473.00 0.0000e+00
     42.371     3.7627     3.7933   3.191859   3.193726     2.2533    -0.2679     0.4105    34.4609 1.0964e+00 1.0000e-12 5.2440e+04     42.000    34.4705    34.4605     5.8152    1465.64    27.3895    27.3784    1473.00 0.0000e+00
     41.362     3.7600     3.8778   3.191266   3.199371     2.2527    -0.2587     0.4063    34.4643 1.2549e+00 1.0000e-12 3.8955e+04     41.000    34.4668    34.4393     5.8130    1465.61    27.3868    27.3530    1473.00 0.0000e+00
