Ship_data/Irminger/Irminger-4/ctd/process/uar21_012.cnv
* Sea-Bird SBE 9 Data File:
* FileName = D:\Data\AR21_012.hdr
* Software Version Seasave V 7.23.2
* Temperature SN = 4155
* Conductivity SN = 2645
* Number of Bytes Per Scan = 40
* Number of Voltage Words = 5
* Number of Scans Averaged by the Deck Unit = 1
* NMEA Latitude = 59 51.21 N
* NMEA Longitude = 039 07.69 W
* NMEA UTC (Time) = Aug 09 2017  13:01:16
# nquan = 21
# nvalues = 999                         
# units = specified
# name 0 = prDM: Pressure, Digiquartz [db]
# name 1 = t090C: Temperature [ITS-90, deg C]
# name 2 = t190C: Temperature, 2 [ITS-90, deg C]
# name 3 = c0S/m: Conductivity [S/m]
# name 4 = c1S/m: Conductivity, 2 [S/m]
# name 5 = sbeox0V: Oxygen raw, SBE 43 [V]
# name 6 = flECO-AFL: Fluorescence, WET Labs ECO-AFL/FL [mg/m^3]
# name 7 = turbWETntu0: Turbidity, WET Labs ECO [NTU]
# name 8 = sal00: Salinity, Practical [PSU]
# name 9 = spar: SPAR/Surface Irradiance
# name 10 = par: PAR/Irradiance, Biospherical/Licor
# name 11 = cpar: CPAR/Corrected Irradiance [%]
# name 12 = depSM: Depth [salt water, m], lat = 59.8535
# name 13 = sal00: Salinity, Practical [PSU]
# name 14 = sal11: Salinity, Practical, 2 [PSU]
# name 15 = sbeox0ML/L: Oxygen, SBE 43 [ml/l], WS = 2
# name 16 = svCM: Sound Velocity [Chen-Millero, m/s]
# name 17 = sigma-é00: Density [sigma-theta, kg/m^3]
# name 18 = sigma-é11: Density, 2 [sigma-theta, kg/m^3]
# name 19 = avgsvCM: Average Sound Velocity [Chen-Millero, m/s], minP = 20, minS = 20
# name 20 = flag: flag
# span 0 =      3.029,   1012.980       
# span 1 =     3.3907,     8.7737       
# span 2 =     3.3926,     8.7796       
# span 3 =   3.234832,   3.667286       
# span 4 =   3.234773,   3.667353       
# span 5 =     1.9636,     2.4206       
# span 6 =    -0.4187,     0.6607       
# span 7 =     0.3429,     0.4543       
# span 8 =    34.7221,    34.9451       
# span 9 = 1.6353e-01, 1.3884e+00       
# span 10 = 1.0000e-12, 1.0000e-12      
# span 11 = 3.2261e+04, 9.1317e+04      
# span 12 =      3.000,   1001.000      
# span 13 =    34.7229,    34.9483      
# span 14 =    34.7178,    34.9434      
# span 15 =     5.4190,     5.6784      
# span 16 =    1470.32,    1485.07      
# span 17 =    26.9372,    27.7502      
# span 18 =    26.9323,    27.7475      
# span 19 =    1474.79,    1474.79      
# span 20 = 0.0000e+00, 0.0000e+00      
# interval = meters: 1                  
# start_time = Aug 09 2017 13:01:16 [NMEA time, header]
# bad_flag = -9.990e-29
*END*
[from data line 69]
    942.997     3.4702     3.4733   3.240185   3.240168     1.9683    -0.3713     0.3510    34.8785 4.7547e-01 1.0000e-12 7.9256e+04    932.000    34.8789    34.8753     5.4988    1479.75    27.7502    27.7471    1474.79 0.0000e+00
    941.983     3.4745     3.4782   3.240560   3.240605     1.9681    -0.3855     0.3498    34.8780 6.3191e-01 1.0000e-12 6.6319e+04    931.000    34.8793    34.8759     5.4968    1479.75    27.7501    27.7471    1474.79 0.0000e+00
    940.969     3.4810     3.4834   3.241132   3.241107     1.9681    -0.3840     0.3482    34.8789 5.8858e-01 1.0000e-12 6.8750e+04    930.000    34.8798    34.8769     5.4950    1479.77    27.7499    27.7473    1474.79 0.0000e+00
    939.955     3.4824     3.4842   3.241244   3.241159     1.9680    -0.3712     0.3435    34.8796 3.3897e-01 1.0000e-12 8.2002e+04    929.000    34.8802    34.8772     5.4936    1479.75    27.7501    27.7475    1474.79 0.0000e+00
    938.941     3.4821     3.4843   3.241165   3.241122     1.9676    -0.3699     0.3483    34.8797 6.7189e-01 1.0000e-12 6.4326e+04    928.000    34.8801    34.8772     5.4917    1479.74    27.7500    27.7475    1474.79 0.0000e+00
    937.927     3.4830     3.4845   3.241220   3.241103     1.9673    -0.3712     0.3454    34.8799 6.4848e-01 1.0000e-12 6.8608e+04    927.000    34.8803    34.8773     5.4894    1479.72    27.7501    27.7475    1474.79 0.0000e+00
    936.913     3.4833     3.4849   3.241201   3.241094     1.9670    -0.3759     0.3520    34.8799 6.2687e-01 1.0000e-12 6.6565e+04    926.000    34.8802    34.8772     5.4876    1479.71    27.7500    27.7474    1474.79 0.0000e+00
    935.899     3.4830     3.4847   3.241121   3.241035     1.9665    -0.3927     0.3454    34.8798 9.2539e-01 1.0000e-12 5.0868e+04    925.000    34.8801    34.8773     5.4852    1479.69    27.7499    27.7475    1474.79 0.0000e+00
    934.885     3.4836     3.4856   3.241132   3.241049     1.9666    -0.3930     0.3509    34.8799 6.2563e-01 1.0000e-12 6.6783e+04    924.000    34.8802    34.8771     5.4846    1479.68    27.7499    27.7472    1474.79 0.0000e+00
    933.871     3.4840     3.4859   3.241129   3.241042     1.9669    -0.3876     0.3450    34.8800 6.8437e-01 1.0000e-12 6.8167e+04    923.000    34.8802    34.8772     5.4851    1479.66    27.7499    27.7473    1474.79 0.0000e+00
    932.857     3.4844     3.4862   3.241122   3.241033     1.9670    -0.3662     0.3497    34.8800 7.9232e-01 1.0000e-12 5.7964e+04    922.000    34.8803    34.8773     5.4848    1479.65    27.7499    27.7473    1474.79 0.0000e+00
    931.843     3.4845     3.4859   3.241094   3.240960     1.9673    -0.3691     0.3487    34.8802 8.1841e-01 1.0000e-12 5.6547e+04    921.000    34.8803    34.8772     5.4848    1479.63    27.7499    27.7473    1474.79 0.0000e+00
    930.829     3.4845     3.4863   3.241054   3.240962     1.9673    -0.3715     0.3497    34.8802 4.6837e-01 1.0000e-12 7.5132e+04    920.000    34.8804    34.8773     5.4843    1479.61    27.7500    27.7474    1474.79 0.0000e+00
    929.815     3.4849     3.4864   3.241041   3.240925     1.9673    -0.3924     0.3521    34.8802 7.9802e-01 1.0000e-12 6.0934e+04    919.000    34.8804    34.8773     5.4835    1479.60    27.7499    27.7473    1474.79 0.0000e+00
    928.800     3.4848     3.4864   3.240988   3.240881     1.9672    -0.3924     0.3541    34.8803 4.7823e-01 1.0000e-12 7.4500e+04    918.000    34.8804    34.8773     5.4824    1479.58    27.7499    27.7473    1474.79 0.0000e+00
    927.786     3.4847     3.4864   3.240922   3.240823     1.9671    -0.3929     0.3496    34.8801 4.2798e-01 1.0000e-12 7.7276e+04    917.000    34.8801    34.8772     5.4812    1479.56    27.7497    27.7472    1474.79 0.0000e+00
    926.772     3.4845     3.4862   3.240867   3.240769     1.9674    -0.3909     0.3487    34.8802 8.3871e-01 1.0000e-12 6.0364e+04    916.000    34.8802    34.8772     5.4819    1479.55    27.7498    27.7472    1474.79 0.0000e+00
    925.758     3.4843     3.4860   3.240801   3.240695     1.9677    -0.3892     0.3503    34.8802 2.7186e-01 1.0000e-12 8.5589e+04    915.000    34.8802    34.8771     5.4823    1479.53    27.7498    27.7472    1474.79 0.0000e+00
    924.745     3.4839     3.4856   3.240702   3.240619     1.9677    -0.3712     0.3541    34.8800 1.0440e+00 1.0000e-12 4.9216e+04    914.000    34.8800    34.8772     5.4817    1479.51    27.7496    27.7473    1474.79 0.0000e+00
    923.730     3.4837     3.4852   3.240656   3.240535     1.9683    -0.3709     0.3537    34.8801 4.9408e-01 1.0000e-12 7.3790e+04    913.000    34.8801    34.8771     5.4831    1479.49    27.7498    27.7472    1474.79 0.0000e+00
    922.716     3.4834     3.4850   3.240574   3.240467     1.9691    -0.3726     0.3487    34.8801 7.3380e-01 1.0000e-12 6.5331e+04    912.000    34.8801    34.8770     5.4855    1479.47    27.7497    27.7472    1474.79 0.0000e+00
    921.703     3.4830     3.4847   3.240489   3.240391     1.9696    -0.3894     0.3545    34.8800 5.4426e-01 1.0000e-12 7.0985e+04    911.000    34.8800    34.8770     5.4865    1479.45    27.7497    27.7472    1474.79 0.0000e+00
    920.689     3.4826     3.4845   3.240415   3.240324     1.9702    -0.3714     0.3503    34.8801 1.0110e+00 1.0000e-12 5.3960e+04    910.000    34.8800    34.8769     5.4883    1479.44    27.7498    27.7471    1474.79 0.0000e+00
    919.675     3.4817     3.4837   3.240286   3.240211     1.9709    -0.3705     0.3490    34.8800 3.5274e-01 1.0000e-12 8.1159e+04    909.000    34.8799    34.8769     5.4904    1479.42    27.7498    27.7472    1474.79 0.0000e+00
    918.661     3.4817     3.4834   3.240234   3.240134     1.9709    -0.3673     0.3442    34.8799 5.1647e-01 1.0000e-12 7.2578e+04    908.000    34.8799    34.8768     5.4897    1479.40    27.7497    27.7471    1474.79 0.0000e+00
    917.647     3.4813     3.4832   3.240141   3.240059     1.9713    -0.3781     0.3517    34.8798 4.3400e-01 1.0000e-12 7.6957e+04    907.000    34.8797    34.8767     5.4905    1479.38    27.7496    27.7471    1474.79 0.0000e+00
    916.633     3.4815     3.4836   3.240122   3.240057     1.9718    -0.3907     0.3533    34.8798 5.6295e-01 1.0000e-12 7.0111e+04    906.000    34.8798    34.8767     5.4917    1479.36    27.7497    27.7470    1474.79 0.0000e+00
    915.619     3.4824     3.4845   3.240149   3.240095     1.9723    -0.3918     0.3493    34.8797 4.7240e-01 1.0000e-12 7.4918e+04    905.000    34.8797    34.8768     5.4924    1479.35    27.7495    27.7470    1474.79 0.0000e+00
    914.605     3.4827     3.4846   3.240153   3.240070     1.9730    -0.3511     0.3497    34.8799 4.9063e-01 1.0000e-12 7.3950e+04    904.000    34.8800    34.8769     5.4945    1479.34    27.7497    27.7470    1474.79 0.0000e+00
    913.591     3.4829     3.4844   3.240140   3.240001     1.9733    -0.3860     0.3504    34.8801 5.8188e-01 1.0000e-12 7.2456e+04    903.000    34.8801    34.8768     5.4946    1479.32    27.7497    27.7470    1474.79 0.0000e+00
    912.577     3.4828     3.4850   3.240079   3.240028     1.9734    -0.3688     0.3501    34.8800 7.2630e-01 1.0000e-12 6.1391e+04    902.000    34.8800    34.8770     5.4945    1479.30    27.7497    27.7471    1474.79 0.0000e+00
    911.563     3.4837     3.4859   3.240124   3.240059     1.9740    -0.3719     0.3496    34.8801 7.0584e-01 1.0000e-12 6.2524e+04    901.000    34.8801    34.8769     5.4957    1479.29    27.7497    27.7469    1474.79 0.0000e+00
    910.549     3.4846     3.4863   3.240160   3.240049     1.9743    -0.3909     0.3509    34.8801 8.4262e-01 1.0000e-12 5.8668e+04    900.000    34.8801    34.8770     5.4959    1479.28    27.7496    27.7469    1474.79 0.0000e+00
    909.535     3.4847     3.4866   3.240118   3.240035     1.9744    -0.3893     0.3491    34.8800 8.7875e-01 1.0000e-12 5.6678e+04    899.000    34.8800    34.8770     5.4958    1479.26    27.7495    27.7469    1474.79 0.0000e+00
    908.521     3.4859     3.4876   3.240198   3.240093     1.9745    -0.3739     0.3478    34.8801 4.6178e-01 1.0000e-12 7.5408e+04    898.000    34.8803    34.8772     5.4953    1479.25    27.7495    27.7469    1474.79 0.0000e+00
    907.507     3.4862     3.4880   3.240192   3.240096     1.9745    -0.3795     0.3516    34.8802 6.9649e-01 1.0000e-12 6.3021e+04    897.000    34.8803    34.8773     5.4945    1479.23    27.7496    27.7470    1474.79 0.0000e+00
    906.493     3.4867     3.4884   3.240184   3.240092     1.9745    -0.3927     0.3553    34.8802 5.8788e-01 1.0000e-12 6.8787e+04    896.000    34.8803    34.8773     5.4937    1479.22    27.7495    27.7469    1474.79 0.0000e+00
    905.479     3.4868     3.4885   3.240155   3.240056     1.9749    -0.3701     0.3432    34.8804 7.5523e-01 1.0000e-12 5.9902e+04    895.000    34.8804    34.8774     5.4942    1479.20    27.7495    27.7470    1474.79 0.0000e+00
    904.466     3.4869     3.4887   3.240136   3.240032     1.9750    -0.3718     0.3433    34.8804 8.2392e-01 1.0000e-12 5.6255e+04    894.000    34.8805    34.8774     5.4940    1479.19    27.7496    27.7470    1474.79 0.0000e+00
    903.452     3.4870     3.4887   3.240098   3.239996     1.9749    -0.3714     0.3440    34.8805 6.6621e-01 1.0000e-12 6.4628e+04    893.000    34.8805    34.8775     5.4929    1479.17    27.7496    27.7470    1474.79 0.0000e+00
    902.438     3.4869     3.4889   3.240063   3.239977     1.9756    -0.3717     0.3490    34.8806 6.0817e-01 1.0000e-12 6.7710e+04    892.000    34.8807    34.8776     5.4949    1479.15    27.7497    27.7471    1474.79 0.0000e+00
    901.424     3.4872     3.4890   3.240031   3.239938     1.9754    -0.3938     0.3523    34.8805 7.6495e-01 1.0000e-12 5.9386e+04    891.000    34.8806    34.8775     5.4933    1479.14    27.7496    27.7470    1474.79 0.0000e+00
    900.410     3.4875     3.4895   3.240007   3.239933     1.9750    -0.3901     0.3493    34.8804 7.1672e-01 1.0000e-12 6.1946e+04    890.000    34.8804    34.8775     5.4910    1479.12    27.7495    27.7469    1474.79 0.0000e+00
    899.396     3.4881     3.4900   3.240029   3.239952     1.9751    -0.3926     0.3494    34.8804 5.8792e-01 1.0000e-12 6.8785e+04    889.000    34.8806    34.8777     5.4905    1479.11    27.7495    27.7470    1474.79 0.0000e+00
    898.382     3.4889     3.4907   3.240062   3.239970     1.9754    -0.3881     0.3493    34.8807 5.3706e-01 1.0000e-12 7.8781e+04    888.000    34.8807    34.8776     5.4910    1479.09    27.7496    27.7469    1474.79 0.0000e+00
    897.368     3.4889     3.4907   3.240018   3.239922     1.9755    -0.3689     0.3433    34.8807 7.5516e-01 1.0000e-12 5.9847e+04    887.000    34.8807    34.8776     5.4903    1479.08    27.7495    27.7469    1474.79 0.0000e+00
    896.355     3.4890     3.4907   3.239986   3.239882     1.9755    -0.3785     0.3476    34.8807 6.7199e-01 1.0000e-12 6.4321e+04    886.000    34.8808    34.8776     5.4898    1479.06    27.7496    27.7469    1474.79 0.0000e+00
    895.341     3.4889     3.4908   3.239938   3.239851     1.9760    -0.3937     0.3536    34.8808 6.2815e-01 1.0000e-12 6.6649e+04    885.000    34.8808    34.8777     5.4909    1479.04    27.7496    27.7469    1474.79 0.0000e+00
    894.327     3.4892     3.4908   3.239927   3.239819     1.9769    -0.3728     0.3441    34.8808 6.0078e-01 1.0000e-12 6.8102e+04    884.000    34.8809    34.8778     5.4934    1479.03    27.7496    27.7470    1474.79 0.0000e+00
    893.313     3.4894     3.4910   3.239914   3.239791     1.9771    -0.3824     0.3509    34.8810 5.3049e-01 1.0000e-12 7.1834e+04    883.000    34.8810    34.8779     5.4934    1479.01    27.7497    27.7470    1474.79 0.0000e+00
    892.299     3.4896     3.4919   3.239878   3.239830     1.9783    -0.3573     0.3673    34.8808 9.4104e-01 1.0000e-12 5.5473e+04    882.000    34.8809    34.8779     5.4974    1479.00    27.7496    27.7469    1474.79 0.0000e+00
    891.285     3.4903     3.4927   3.239888   3.239862     1.9783    -0.3641     0.3652    34.8807 5.1556e-01 1.0000e-12 7.2156e+04    881.000    34.8808    34.8780     5.4963    1478.98    27.7494    27.7469    1474.79 0.0000e+00
    890.271     3.4914     3.4938   3.239965   3.239928     1.9789    -0.3930     0.3523    34.8808 2.9575e-01 1.0000e-12 8.4297e+04    880.000    34.8811    34.8780     5.4976    1478.97    27.7495    27.7469    1474.79 0.0000e+00
    889.258     3.4939     3.4960   3.240170   3.240094     1.9788    -0.3914     0.3496    34.8810 4.6219e-01 1.0000e-12 7.5460e+04    879.000    34.8814    34.8783     5.4963    1478.97    27.7496    27.7468    1474.79 0.0000e+00
    888.244     3.4957     3.4976   3.240295   3.240209     1.9794    -0.3924     0.3503    34.8814 9.3026e-01 1.0000e-12 5.0609e+04    878.000    34.8816    34.8785     5.4975    1478.96    27.7495    27.7469    1474.79 0.0000e+00
    887.230     3.4957     3.4980   3.240270   3.240207     1.9795    -0.3772     0.3500    34.8816 5.7179e-01 1.0000e-12 6.9641e+04    877.000    34.8818    34.8785     5.4972    1478.94    27.7497    27.7468    1474.79 0.0000e+00
    886.216     3.4967     3.4986   3.240321   3.240231     1.9796    -0.3733     0.3487    34.8816 7.5419e-01 1.0000e-12 5.9957e+04    876.000    34.8818    34.8787     5.4965    1478.93    27.7495    27.7469    1474.79 0.0000e+00
    885.202     3.4972     3.4985   3.240324   3.240192     1.9796    -0.3714     0.3488    34.8818 7.9493e-01 1.0000e-12 5.7794e+04    875.000    34.8819    34.8789     5.4958    1478.91    27.7496    27.7471    1474.79 0.0000e+00
    884.189     3.4976     3.4993   3.240326   3.240210     1.9800    -0.3843     0.3486    34.8818 5.1958e-01 1.0000e-12 7.2413e+04    874.000    34.8820    34.8788     5.4964    1478.90    27.7496    27.7469    1474.79 0.0000e+00
    883.175     3.4977     3.4995   3.240279   3.240187     1.9806    -0.3934     0.3440    34.8817 5.1920e-01 1.0000e-12 7.5993e+04    873.000    34.8818    34.8788     5.4980    1478.88    27.7494    27.7469    1474.79 0.0000e+00
    882.161     3.4978     3.4992   3.240234   3.240111     1.9805    -0.3851     0.3498    34.8817 7.6683e-01 1.0000e-12 6.6685e+04    872.000    34.8817    34.8788     5.4969    1478.87    27.7494    27.7469    1474.79 0.0000e+00
    881.147     3.4969     3.4986   3.240104   3.240011     1.9803    -0.3742     0.3497    34.8817 6.5869e-01 1.0000e-12 7.0016e+04    871.000    34.8816    34.8787     5.4955    1478.84    27.7493    27.7469    1474.79 0.0000e+00
    880.133     3.4963     3.4981   3.239986   3.239897     1.9802    -0.3945     0.3544    34.8815 4.4134e-01 1.0000e-12 7.6399e+04    870.000    34.8815    34.8785     5.4945    1478.83    27.7493    27.7467    1474.79 0.0000e+00
    879.120     3.4957     3.4975   3.239890   3.239802     1.9807    -0.3726     0.3500    34.8815 4.1775e-01 1.0000e-12 7.7820e+04    869.000    34.8814    34.8785     5.4959    1478.81    27.7493    27.7468    1474.79 0.0000e+00
    878.106     3.4956     3.4973   3.239834   3.239727     1.9807    -0.3858     0.3507    34.8815 4.1855e-01 1.0000e-12 7.7777e+04    868.000    34.8814    34.8783     5.4951    1478.79    27.7493    27.7467    1474.79 0.0000e+00
    877.092     3.4955     3.4973   3.239777   3.239685     1.9808    -0.3840     0.3518    34.8813 4.2828e-01 1.0000e-12 7.7261e+04    867.000    34.8813    34.8784     5.4947    1478.77    27.7492    27.7467    1474.79 0.0000e+00
    876.078     3.4953     3.4971   3.239712   3.239612     1.9809    -0.3729     0.3523    34.8813 6.0005e-01 1.0000e-12 7.2080e+04    866.000    34.8813    34.8782     5.4945    1478.75    27.7492    27.7466    1474.79 0.0000e+00
    875.065     3.4950     3.4968   3.239628   3.239536     1.9819    -0.3806     0.3469    34.8812 8.9989e-01 1.0000e-12 5.5932e+04    865.000    34.8811    34.8781     5.4975    1478.74    27.7491    27.7465    1474.79 0.0000e+00
