Ship_data/Irminger/Irminger-4/ctd/process/uar21_008.cnv
* Sea-Bird SBE 9 Data File:
* FileName = D:\Data\AR21_008.hdr
* Software Version Seasave V 7.23.2
* Temperature SN = 4155
* Conductivity SN = 2645
* Number of Bytes Per Scan = 40
* Number of Voltage Words = 5
* Number of Scans Averaged by the Deck Unit = 1
* NMEA Latitude = 59 58.25 N
* NMEA Longitude = 039 30.62 W
* NMEA UTC (Time) = Aug 06 2017  14:47:54
# nquan = 21
# nvalues = 2598                        
# units = specified
# name 0 = prDM: Pressure, Digiquartz [db]
# name 1 = t090C: Temperature [ITS-90, deg C]
# name 2 = t190C: Temperature, 2 [ITS-90, deg C]
# name 3 = c0S/m: Conductivity [S/m]
# name 4 = c1S/m: Conductivity, 2 [S/m]
# name 5 = sbeox0V: Oxygen raw, SBE 43 [V]
# name 6 = flECO-AFL: Fluorescence, WET Labs ECO-AFL/FL [mg/m^3]
# name 7 = turbWETntu0: Turbidity, WET Labs ECO [NTU]
# name 8 = sal00: Salinity, Practical [PSU]
# name 9 = spar: SPAR/Surface Irradiance
# name 10 = par: PAR/Irradiance, Biospherical/Licor
# name 11 = cpar: CPAR/Corrected Irradiance [%]
# name 12 = depSM: Depth [salt water, m], lat = 59.9708
# name 13 = sal00: Salinity, Practical [PSU]
# name 14 = sal11: Salinity, Practical, 2 [PSU]
# name 15 = sbeox0ML/L: Oxygen, SBE 43 [ml/l], WS = 2
# name 16 = svCM: Sound Velocity [Chen-Millero, m/s]
# name 17 = sigma-é00: Density [sigma-theta, kg/m^3]
# name 18 = sigma-é11: Density, 2 [sigma-theta, kg/m^3]
# name 19 = avgsvCM: Average Sound Velocity [Chen-Millero, m/s], minP = 20, minS = 20
# name 20 = flag: flag
# span 0 =      5.048,   2643.280       
# span 1 =     1.8147,     8.4291       
# span 2 =     1.8166,     8.4108       
# span 3 =   3.164289,   3.642148       
# span 4 =   3.164612,   3.640143       
# span 5 =     1.3485,     2.4245       
# span 6 =    -0.4145,     0.9480       
# span 7 =     0.3354,     0.4309       
# span 8 =    34.7721,    34.9466       
# span 9 = 3.9447e-01, 2.0983e+00       
# span 10 = 1.0000e-12, 1.0000e-12      
# span 11 = 9.8517e+03, 7.7002e+04      
# span 12 =      5.000,   2602.000      
# span 13 =    34.7782,    34.9452      
# span 14 =    34.7763,    34.9292      
# span 15 =     3.7502,     5.7558      
# span 16 =    1469.00,    1501.21      
# span 17 =    27.0477,    27.9489      
# span 18 =    27.0472,    27.9124      
# span 19 =    1485.56,    1485.56      
# span 20 = 0.0000e+00, 0.0000e+00      
# interval = meters: 1                  
# start_time = Aug 06 2017 14:47:54 [NMEA time, header]
# bad_flag = -9.990e-29
*END*
[from data line 1380]
   1237.297     3.3244     3.3263   3.238654   3.238191     1.7236    -0.3917     0.3535    34.8645 9.9474e-01 1.0000e-12 5.7844e+04   1222.000    34.8643    34.8568     4.7753    1484.00    27.7548    27.7486    1485.56 0.0000e+00
   1236.282     3.3240     3.3256   3.238527   3.238086     1.7235    -0.3748     0.3576    34.8640 1.1338e+00 1.0000e-12 4.4652e+04   1221.000    34.8638    34.8568     4.7742    1483.98    27.7544    27.7487    1485.56 0.0000e+00
   1235.266     3.3235     3.3253   3.238436   3.238004     1.7246    -0.3725     0.3517    34.8639 1.1129e+00 1.0000e-12 4.5457e+04   1220.000    34.8637    34.8566     4.7783    1483.96    27.7544    27.7486    1485.56 0.0000e+00
   1234.251     3.3231     3.3253   3.238359   3.237965     1.7281    -0.3871     0.3516    34.8639 1.0865e+00 1.0000e-12 4.6157e+04   1219.000    34.8637    34.8567     4.7913    1483.94    27.7545    27.7486    1485.56 0.0000e+00
   1233.235     3.3225     3.3245   3.238336   3.237848     1.7325    -0.3916     0.3531    34.8646 9.3778e-01 1.0000e-12 5.0105e+04   1218.000    34.8645    34.8566     4.8079    1483.92    27.7552    27.7486    1485.56 0.0000e+00
   1232.220     3.3224     3.3246   3.238290   3.237804     1.7339    -0.3721     0.3501    34.8648 1.5568e+00 1.0000e-12 4.0395e+04   1217.000    34.8647    34.8565     4.8129    1483.91    27.7553    27.7486    1485.56 0.0000e+00
   1231.204     3.3222     3.3243   3.238173   3.237730     1.7336    -0.3770     0.3541    34.8642 9.2963e-01 1.0000e-12 5.4827e+04   1216.000    34.8640    34.8565     4.8113    1483.89    27.7547    27.7485    1485.56 0.0000e+00
   1230.189     3.3220     3.3240   3.238039   3.237653     1.7332    -0.3941     0.3538    34.8633 1.2897e+00 1.0000e-12 3.6071e+04   1215.000    34.8631    34.8563     4.8092    1483.87    27.7540    27.7484    1485.56 0.0000e+00
   1229.173     3.3218     3.3238   3.237931   3.237589     1.7328    -0.3938     0.3579    34.8627 9.0202e-01 1.0000e-12 5.2168e+04   1214.000    34.8625    34.8563     4.8069    1483.85    27.7536    27.7485    1485.56 0.0000e+00
   1228.158     3.3216     3.3237   3.237838   3.237545     1.7334    -0.3911     0.3536    34.8623 1.4277e+00 1.0000e-12 2.8894e+04   1213.000    34.8622    34.8564     4.8087    1483.83    27.7533    27.7485    1485.56 0.0000e+00
   1227.143     3.3214     3.3236   3.237759   3.237490     1.7355    -0.3937     0.3539    34.8620 9.1818e-01 1.0000e-12 5.5270e+04   1212.000    34.8619    34.8564     4.8162    1483.81    27.7531    27.7485    1485.56 0.0000e+00
   1226.127     3.3214     3.3235   3.237733   3.237442     1.7377    -0.3931     0.3540    34.8622 1.2674e+00 1.0000e-12 3.9763e+04   1211.000    34.8622    34.8564     4.8242    1483.80    27.7533    27.7485    1485.56 0.0000e+00
   1225.112     3.3213     3.3234   3.237677   3.237380     1.7388    -0.3932     0.3541    34.8622 1.3183e+00 1.0000e-12 3.9996e+04   1210.000    34.8621    34.8563     4.8280    1483.78    27.7533    27.7484    1485.56 0.0000e+00
   1224.096     3.3212     3.3235   3.237625   3.237354     1.7378    -0.3881     0.3596    34.8621 1.0429e+00 1.0000e-12 4.8359e+04   1209.000    34.8621    34.8564     4.8236    1483.76    27.7532    27.7485    1485.56 0.0000e+00
   1223.081     3.3213     3.3235   3.237573   3.237312     1.7350    -0.3801     0.3597    34.8620 1.3094e+00 1.0000e-12 3.8252e+04   1208.000    34.8619    34.8564     4.8117    1483.75    27.7531    27.7485    1485.56 0.0000e+00
   1222.065     3.3213     3.3235   3.237471   3.237266     1.7309    -0.3935     0.3533    34.8613 1.1341e+00 1.0000e-12 4.3871e+04   1207.000    34.8612    34.8564     4.7950    1483.73    27.7525    27.7484    1485.56 0.0000e+00
   1221.050     3.3213     3.3235   3.237340   3.237220     1.7278    -0.3922     0.3550    34.8602 6.6858e-01 1.0000e-12 6.4615e+04   1206.000    34.8601    34.8563     4.7823    1483.71    27.7517    27.7484    1485.56 0.0000e+00
   1220.035     3.3212     3.3232   3.237238   3.237163     1.7279    -0.3882     0.3534    34.8596 9.7718e-01 1.0000e-12 5.3022e+04   1205.000    34.8596    34.8565     4.7820    1483.69    27.7512    27.7485    1485.56 0.0000e+00
   1219.019     3.3210     3.3230   3.237195   3.237104     1.7472    -0.3904     0.3628    34.8598 1.2172e+00 1.0000e-12 4.0580e+04   1204.000    34.8598    34.8565     4.8571    1483.67    27.7514    27.7486    1485.56 0.0000e+00
   1218.004     3.3203     3.3230   3.237518   3.237039     1.5453    -0.3845     0.3469    34.8649 1.0880e+00 1.0000e-12 5.1252e+04   1203.000    34.8649    34.8563     4.0639    1483.66    27.7555    27.7484    1485.56 0.0000e+00
   1216.988     3.3202     3.3228   3.237324   3.236964     1.5080    -0.3901     0.3526    34.8632 1.5918e+00 1.0000e-12 2.5218e+04   1202.000    34.8632    34.8562     3.9171    1483.64    27.7542    27.7483    1485.56 0.0000e+00
   1215.973     3.3199     3.3218   3.237169   3.236826     1.5151    -0.3739     0.3494    34.8623 1.1065e+00 1.0000e-12 4.4830e+04   1201.000    34.8621    34.8560     3.9445    1483.62    27.7533    27.7483    1485.56 0.0000e+00
   1214.958     3.3194     3.3216   3.237021   3.236762     1.5266    -0.3743     0.3510    34.8615 1.2603e+00 1.0000e-12 4.4444e+04   1200.000    34.8614    34.8560     3.9892    1483.60    27.7528    27.7483    1485.56 0.0000e+00
   1213.942     3.3193     3.3215   3.236924   3.236720     1.5473    -0.3743     0.3539    34.8609 1.4902e+00 1.0000e-12 3.6142e+04   1199.000    34.8609    34.8561     4.0698    1483.58    27.7524    27.7483    1485.56 0.0000e+00
   1212.927     3.3191     3.3214   3.236848   3.236659     1.5694    -0.3926     0.3539    34.8608 1.1698e+00 1.0000e-12 5.0326e+04   1198.000    34.8607    34.8560     4.1561    1483.57    27.7522    27.7483    1485.56 0.0000e+00
   1211.911     3.3192     3.3215   3.236763   3.236609     1.5875    -0.3939     0.3535    34.8602 1.1112e+00 1.0000e-12 4.5331e+04   1197.000    34.8601    34.8559     4.2267    1483.55    27.7518    27.7482    1485.56 0.0000e+00
   1210.896     3.3191     3.3213   3.236666   3.236552     1.6040    -0.3921     0.3575    34.8597 1.2819e+00 1.0000e-12 4.0969e+04   1196.000    34.8596    34.8559     4.2908    1483.53    27.7513    27.7482    1485.56 0.0000e+00
   1209.880     3.3189     3.3211   3.236591   3.236504     1.6207    -0.3790     0.3549    34.8595 1.4522e+00 1.0000e-12 3.6449e+04   1195.000    34.8594    34.8560     4.3558    1483.51    27.7512    27.7483    1485.56 0.0000e+00
   1208.865     3.3187     3.3209   3.236526   3.236441     1.6391    -0.3874     0.3531    34.8594 1.3471e+00 1.0000e-12 3.9238e+04   1194.000    34.8594    34.8560     4.4273    1483.49    27.7512    27.7483    1485.56 0.0000e+00
   1207.850     3.3186     3.3207   3.236479   3.236378     1.6588    -0.3931     0.3544    34.8595 1.2577e+00 1.0000e-12 4.2352e+04   1193.000    34.8594    34.8559     4.5041    1483.48    27.7512    27.7483    1485.56 0.0000e+00
   1206.834     3.3186     3.3206   3.236428   3.236330     1.6742    -0.3924     0.3590    34.8594 1.4842e+00 1.0000e-12 2.8304e+04   1192.000    34.8593    34.8560     4.5638    1483.46    27.7512    27.7483    1485.56 0.0000e+00
   1205.819     3.3188     3.3212   3.236359   3.236321     1.6827    -0.3881     0.3496    34.8590 1.1588e+00 1.0000e-12 5.2923e+04   1191.000    34.8588    34.8558     4.5964    1483.44    27.7507    27.7481    1485.56 0.0000e+00
   1204.804     3.3190     3.3216   3.236270   3.236320     1.6871    -0.3737     0.3535    34.8581 1.2209e+00 1.0000e-12 3.4589e+04   1190.000    34.8580    34.8559     4.6130    1483.43    27.7501    27.7481    1485.56 0.0000e+00
   1203.788     3.3193     3.3218   3.236191   3.236308     1.6919    -0.3911     0.3494    34.8573 8.8385e-01 1.0000e-12 5.3073e+04   1189.000    34.8572    34.8561     4.6312    1483.41    27.7494    27.7482    1485.56 0.0000e+00
   1202.773     3.3196     3.3216   3.236134   3.236250     1.6978    -0.3918     0.3542    34.8568 1.0331e+00 1.0000e-12 5.0052e+04   1188.000    34.8568    34.8561     4.6539    1483.39    27.7490    27.7483    1485.56 0.0000e+00
   1201.758     3.3199     3.3216   3.236095   3.236219     1.7066    -0.3938     0.3556    34.8565 9.0656e-01 1.0000e-12 5.1962e+04   1187.000    34.8565    34.8562     4.6877    1483.38    27.7488    27.7483    1485.56 0.0000e+00
   1200.742     3.3198     3.3218   3.236047   3.236195     1.7185    -0.3938     0.3507    34.8565 1.0287e+00 1.0000e-12 4.5383e+04   1186.000    34.8565    34.8562     4.7336    1483.36    27.7488    27.7483    1485.56 0.0000e+00
   1199.727     3.3199     3.3220   3.236004   3.236161     1.7268    -0.3938     0.3488    34.8566 7.4731e-01 1.0000e-12 6.4411e+04   1185.000    34.8565    34.8562     4.7656    1483.34    27.7488    27.7483    1485.56 0.0000e+00
   1198.712     3.3200     3.3222   3.235946   3.236136     1.7296    -0.3938     0.3534    34.8562 1.2079e+00 1.0000e-12 4.0426e+04   1184.000    34.8562    34.8561     4.7759    1483.33    27.7485    27.7482    1485.56 0.0000e+00
   1197.696     3.3202     3.3228   3.235892   3.236147     1.7307    -0.3751     0.3539    34.8559 1.0895e+00 1.0000e-12 4.2115e+04   1183.000    34.8558    34.8561     4.7795    1483.31    27.7481    27.7481    1485.56 0.0000e+00
   1196.681     3.3205     3.3230   3.235836   3.236128     1.7313    -0.3850     0.3509    34.8554 1.6922e+00 1.0000e-12 2.5082e+04   1182.000    34.8554    34.8562     4.7810    1483.30    27.7477    27.7482    1485.56 0.0000e+00
   1195.666     3.3209     3.3231   3.235802   3.236101     1.7317    -0.3927     0.3509    34.8551 1.4615e+00 1.0000e-12 3.1646e+04   1181.000    34.8551    34.8563     4.7820    1483.28    27.7475    27.7482    1485.56 0.0000e+00
   1194.651     3.3211     3.3230   3.235763   3.236054     1.7336    -0.4043     0.3537    34.8549 1.2195e+00 1.0000e-12 4.1750e+04   1180.000    34.8549    34.8564     4.7887    1483.26    27.7473    27.7483    1485.56 0.0000e+00
   1193.635     3.3211     3.3231   3.235713   3.236014     1.7369    -0.3967     0.3533    34.8548 1.4030e+00 1.0000e-12 3.1961e+04   1179.000    34.8548    34.8563     4.8010    1483.25    27.7472    27.7482    1485.56 0.0000e+00
   1192.620     3.3211     3.3232   3.235655   3.235976     1.7372    -0.3929     0.3531    34.8547 1.3450e+00 1.0000e-12 3.8129e+04   1178.000    34.8547    34.8563     4.8017    1483.23    27.7471    27.7482    1485.56 0.0000e+00
   1191.605     3.3211     3.3236   3.235612   3.235967     1.7360    -0.3930     0.3535    34.8547 1.0586e+00 1.0000e-12 4.8031e+04   1177.000    34.8546    34.8563     4.7964    1483.21    27.7471    27.7481    1485.56 0.0000e+00
   1190.589     3.3214     3.3236   3.235585   3.235941     1.7348    -0.3938     0.3503    34.8546 1.3280e+00 1.0000e-12 4.1807e+04   1176.000    34.8546    34.8564     4.7909    1483.20    27.7470    27.7483    1485.56 0.0000e+00
   1189.574     3.3215     3.3235   3.235547   3.235885     1.7329    -0.3739     0.3536    34.8545 1.0208e+00 1.0000e-12 4.9828e+04   1175.000    34.8545    34.8564     4.7830    1483.18    27.7469    27.7482    1485.56 0.0000e+00
   1188.559     3.3214     3.3235   3.235501   3.235837     1.7321    -0.3922     0.3502    34.8546 8.2930e-01 1.0000e-12 5.9969e+04   1174.000    34.8545    34.8564     4.7791    1483.16    27.7469    27.7482    1485.56 0.0000e+00
   1187.544     3.3213     3.3234   3.235469   3.235780     1.7317    -0.3929     0.3536    34.8548 1.1703e+00 1.0000e-12 3.7814e+04   1173.000    34.8548    34.8563     4.7769    1483.15    27.7472    27.7481    1485.56 0.0000e+00
   1186.528     3.3212     3.3234   3.235442   3.235731     1.7321    -0.3930     0.3535    34.8551 1.3106e+00 1.0000e-12 3.9132e+04   1172.000    34.8551    34.8563     4.7777    1483.13    27.7474    27.7481    1485.56 0.0000e+00
   1185.513     3.3212     3.3233   3.235406   3.235684     1.7325    -0.3938     0.3537    34.8553 1.3102e+00 1.0000e-12 3.0590e+04   1171.000    34.8552    34.8563     4.7787    1483.11    27.7475    27.7482    1485.56 0.0000e+00
   1184.498     3.3211     3.3232   3.235365   3.235641     1.7336    -0.3921     0.3531    34.8553 8.1800e-01 1.0000e-12 5.6569e+04   1170.000    34.8553    34.8564     4.7825    1483.10    27.7475    27.7482    1485.56 0.0000e+00
   1183.483     3.3211     3.3232   3.235311   3.235586     1.7350    -0.3922     0.3568    34.8553 1.1311e+00 1.0000e-12 4.3961e+04   1169.000    34.8552    34.8563     4.7872    1483.08    27.7475    27.7481    1485.56 0.0000e+00
   1182.467     3.3209     3.3231   3.235271   3.235535     1.7359    -0.3938     0.3547    34.8555 1.4489e+00 1.0000e-12 4.0970e+04   1168.000    34.8555    34.8563     4.7901    1483.06    27.7477    27.7482    1485.56 0.0000e+00
   1181.452     3.3207     3.3229   3.235220   3.235471     1.7371    -0.3938     0.3533    34.8556 1.0944e+00 1.0000e-12 4.5892e+04   1167.000    34.8555    34.8562     4.7942    1483.04    27.7477    27.7481    1485.56 0.0000e+00
   1180.437     3.3206     3.3228   3.235181   3.235427     1.7373    -0.3938     0.3531    34.8557 1.3675e+00 1.0000e-12 2.7527e+04   1166.000    34.8557    34.8563     4.7945    1483.03    27.7479    27.7481    1485.56 0.0000e+00
   1179.422     3.3205     3.3227   3.235133   3.235370     1.7376    -0.3757     0.3535    34.8559 1.1858e+00 1.0000e-12 4.4455e+04   1165.000    34.8558    34.8562     4.7949    1483.01    27.7480    27.7481    1485.56 0.0000e+00
   1178.406     3.3204     3.3226   3.235084   3.235307     1.7381    -0.3725     0.3531    34.8559 8.9366e-01 1.0000e-12 5.6824e+04   1164.000    34.8559    34.8562     4.7965    1482.99    27.7480    27.7480    1485.56 0.0000e+00
   1177.391     3.3202     3.3224   3.235034   3.235250     1.7390    -0.3891     0.3534    34.8559 1.0375e+00 1.0000e-12 4.9922e+04   1163.000    34.8559    34.8562     4.7991    1482.97    27.7480    27.7481    1485.56 0.0000e+00
   1176.376     3.3201     3.3223   3.234987   3.235198     1.7399    -0.3928     0.3560    34.8560 6.6245e-01 1.0000e-12 6.9828e+04   1162.000    34.8560    34.8562     4.8022    1482.96    27.7481    27.7481    1485.56 0.0000e+00
   1175.361     3.3201     3.3223   3.234953   3.235143     1.7418    -0.3938     0.3565    34.8562 1.2233e+00 1.0000e-12 4.0053e+04   1161.000    34.8561    34.8561     4.8088    1482.94    27.7482    27.7480    1485.56 0.0000e+00
   1174.345     3.3200     3.3222   3.234901   3.235096     1.7453    -0.3923     0.3548    34.8561 9.3848e-01 1.0000e-12 5.0115e+04   1160.000    34.8561    34.8561     4.8219    1482.92    27.7482    27.7480    1485.56 0.0000e+00
   1173.330     3.3200     3.3221   3.234845   3.235047     1.7512    -0.3938     0.3580    34.8561 9.9734e-01 1.0000e-12 5.2951e+04   1159.000    34.8560    34.8562     4.8444    1482.91    27.7481    27.7480    1485.56 0.0000e+00
   1172.315     3.3199     3.3221   3.234777   3.234993     1.7561    -0.3938     0.3548    34.8559 8.7071e-01 1.0000e-12 5.7271e+04   1158.000    34.8558    34.8561     4.8627    1482.89    27.7479    27.7480    1485.56 0.0000e+00
   1171.300     3.3199     3.3220   3.234717   3.234946     1.7575    -0.3938     0.3541    34.8557 1.4364e+00 1.0000e-12 2.7931e+04   1157.000    34.8556    34.8561     4.8676    1482.87    27.7478    27.7480    1485.56 0.0000e+00
   1170.285     3.3199     3.3220   3.234685   3.234890     1.7574    -0.4118     0.3581    34.8558 9.3126e-01 1.0000e-12 6.0686e+04   1156.000    34.8558    34.8559     4.8666    1482.85    27.7479    27.7478    1485.56 0.0000e+00
   1169.270     3.3198     3.3220   3.234639   3.234850     1.7569    -0.4133     0.3549    34.8559 7.9310e-01 1.0000e-12 5.7895e+04   1155.000    34.8558    34.8560     4.8641    1482.84    27.7479    27.7479    1485.56 0.0000e+00
