Ship_data/Irminger/Irminger-4/ctd/process/uar21_009.cnv
* Sea-Bird SBE 9 Data File:
* FileName = D:\Data\AR21_009.hdr
* Software Version Seasave V 7.23.2
* Temperature SN = 4155
* Conductivity SN = 2645
* Number of Bytes Per Scan = 40
* Number of Voltage Words = 5
* Number of Scans Averaged by the Deck Unit = 1
* NMEA Latitude = 59 58.27 N
* NMEA Longitude = 039 30.81 W
* NMEA UTC (Time) = Aug 06 2017  21:22:51
** Test cast to check pump1 and acoustic device for James
# nquan = 21
# nvalues = 1201                        
# units = specified
# name 0 = prDM: Pressure, Digiquartz [db]
# name 1 = t090C: Temperature [ITS-90, deg C]
# name 2 = t190C: Temperature, 2 [ITS-90, deg C]
# name 3 = c0S/m: Conductivity [S/m]
# name 4 = c1S/m: Conductivity, 2 [S/m]
# name 5 = sbeox0V: Oxygen raw, SBE 43 [V]
# name 6 = flECO-AFL: Fluorescence, WET Labs ECO-AFL/FL [mg/m^3]
# name 7 = turbWETntu0: Turbidity, WET Labs ECO [NTU]
# name 8 = sal00: Salinity, Practical [PSU]
# name 9 = spar: SPAR/Surface Irradiance
# name 10 = par: PAR/Irradiance, Biospherical/Licor
# name 11 = cpar: CPAR/Corrected Irradiance [%]
# name 12 = depSM: Depth [salt water, m], lat = 59.9712
# name 13 = sal00: Salinity, Practical [PSU]
# name 14 = sal11: Salinity, Practical, 2 [PSU]
# name 15 = sbeox0ML/L: Oxygen, SBE 43 [ml/l], WS = 2
# name 16 = svCM: Sound Velocity [Chen-Millero, m/s]
# name 17 = sigma-é00: Density [sigma-theta, kg/m^3]
# name 18 = sigma-é11: Density, 2 [sigma-theta, kg/m^3]
# name 19 = avgsvCM: Average Sound Velocity [Chen-Millero, m/s], minP = 20, minS = 20
# name 20 = flag: flag
# span 0 =      2.019,   1216.988       
# span 1 =     3.3218,     8.5234       
# span 2 =     3.3234,     8.5276       
# span 3 =   3.227203,   3.650458       
# span 4 =   3.227091,   3.650368       
# span 5 =     1.9196,     2.4137       
# span 6 =    -0.4153,     0.7800       
# span 7 =     0.3401,     0.8595       
# span 8 =    34.7694,    34.9139       
# span 9 = 5.9370e-01, 2.0094e+00       
# span 10 = 1.0000e-12, 1.0000e-12      
# span 11 = 8.2818e+03, 7.3056e+04      
# span 12 =      2.000,   1202.000      
# span 13 =    34.7790,    34.9157      
# span 14 =    34.7775,    34.9123      
# span 15 =     5.4528,     5.7080      
# span 16 =    1469.42,    1484.26      
# span 17 =    27.0289,    27.7505      
# span 18 =    27.0251,    27.7480      
# span 19 =    1475.41,    1475.41      
# span 20 = 0.0000e+00, 0.0000e+00      
# interval = meters: 1                  
# start_time = Aug 06 2017 21:22:51 [NMEA time, header]
# bad_flag = -9.990e-29
*END*
[from data line 552]
    657.226     3.4978     3.5000   3.230232   3.230170     2.0543    -0.3938     0.3564    34.8800 1.2800e+00 1.0000e-12 3.2105e+04    650.000    34.8802    34.8771     5.6062    1475.15    27.7465    27.7438    1475.41 0.0000e+00
    656.214     3.4988     3.5003   3.230280   3.230178     2.0538    -0.3911     0.3580    34.8801 1.5634e+00 1.0000e-12 2.4006e+04    649.000    34.8802    34.8774     5.6035    1475.14    27.7464    27.7440    1475.41 0.0000e+00
    655.201     3.5000     3.5007   3.230345   3.230163     2.0531    -0.3922     0.3582    34.8801 1.3829e+00 1.0000e-12 3.5371e+04    648.000    34.8803    34.8773     5.6000    1475.12    27.7463    27.7439    1475.41 0.0000e+00
    654.188     3.4997     3.5012   3.230281   3.230174     2.0522    -0.3929     0.3580    34.8802 1.1044e+00 1.0000e-12 4.1097e+04    647.000    34.8804    34.8775     5.5961    1475.11    27.7464    27.7440    1475.41 0.0000e+00
    653.176     3.5010     3.5023   3.230365   3.230240     2.0529    -0.3811     0.3580    34.8804 1.4123e+00 1.0000e-12 3.0010e+04    646.000    34.8806    34.8776     5.5979    1475.10    27.7464    27.7439    1475.41 0.0000e+00
    652.163     3.5012     3.5025   3.230353   3.230208     2.0538    -0.3802     0.3603    34.8805 1.7128e+00 1.0000e-12 2.6175e+04    645.000    34.8807    34.8776     5.6001    1475.08    27.7464    27.7439    1475.41 0.0000e+00
    651.150     3.5014     3.5029   3.230318   3.230217     2.0543    -0.3922     0.3582    34.8805 1.1799e+00 1.0000e-12 4.4458e+04    644.000    34.8806    34.8778     5.6011    1475.06    27.7464    27.7440    1475.41 0.0000e+00
    650.137     3.5012     3.5028   3.230244   3.230150     2.0545    -0.3759     0.3567    34.8805 1.2371e+00 1.0000e-12 3.7887e+04    643.000    34.8805    34.8776     5.6012    1475.05    27.7463    27.7439    1475.41 0.0000e+00
    649.125     3.5008     3.5025   3.230151   3.230070     2.0547    -0.3852     0.3583    34.8804 1.3202e+00 1.0000e-12 4.0031e+04    642.000    34.8803    34.8775     5.6012    1475.03    27.7462    27.7438    1475.41 0.0000e+00
    648.112     3.4998     3.5013   3.230012   3.229904     2.0548    -0.3918     0.3607    34.8804 1.5205e+00 1.0000e-12 3.8134e+04    641.000    34.8803    34.8774     5.6012    1475.01    27.7463    27.7438    1475.41 0.0000e+00
    647.099     3.4993     3.5007   3.229913   3.229797     2.0554    -0.3937     0.3612    34.8803 1.3177e+00 1.0000e-12 3.4898e+04    640.000    34.8802    34.8773     5.6028    1474.99    27.7462    27.7438    1475.41 0.0000e+00
    646.087     3.4991     3.5006   3.229849   3.229740     2.0554    -0.3925     0.3580    34.8802 1.5061e+00 1.0000e-12 3.3338e+04    639.000    34.8802    34.8772     5.6020    1474.97    27.7462    27.7437    1475.41 0.0000e+00
    645.074     3.4990     3.5006   3.229799   3.229697     2.0559    -0.3916     0.3580    34.8802 1.0866e+00 1.0000e-12 4.1300e+04    638.000    34.8802    34.8772     5.6032    1474.95    27.7462    27.7437    1475.41 0.0000e+00
    644.061     3.4993     3.5011   3.229768   3.229686     2.0565    -0.3929     0.3620    34.8801 8.5299e-01 1.0000e-12 5.9312e+04    637.000    34.8801    34.8771     5.6045    1474.94    27.7461    27.7436    1475.41 0.0000e+00
    643.049     3.5002     3.5021   3.229818   3.229736     2.0569    -0.3938     0.3580    34.8801 1.4589e+00 1.0000e-12 3.3590e+04    636.000    34.8802    34.8772     5.6052    1474.93    27.7461    27.7435    1475.41 0.0000e+00
    642.036     3.5006     3.5023   3.229810   3.229709     2.0570    -0.3972     0.3551    34.8802 1.4404e+00 1.0000e-12 2.9428e+04    635.000    34.8802    34.8772     5.6047    1474.91    27.7461    27.7435    1475.41 0.0000e+00
    641.024     3.5009     3.5027   3.229806   3.229721     2.0578    -0.4133     0.3580    34.8803 1.3878e+00 1.0000e-12 2.6315e+04    634.000    34.8804    34.8774     5.6068    1474.89    27.7462    27.7436    1475.41 0.0000e+00
    640.011     3.5009     3.5026   3.229767   3.229660     2.0588    -0.3942     0.3580    34.8803 1.2585e+00 1.0000e-12 3.7259e+04    633.000    34.8804    34.8774     5.6094    1474.88    27.7462    27.7436    1475.41 0.0000e+00
    638.998     3.5017     3.5031   3.229804   3.229685     2.0597    -0.3809     0.3561    34.8806 1.2699e+00 1.0000e-12 3.9489e+04    632.000    34.8806    34.8777     5.6120    1474.87    27.7463    27.7438    1475.41 0.0000e+00
    637.986     3.5028     3.5041   3.229851   3.229723     2.0604    -0.3881     0.3572    34.8804 1.4184e+00 1.0000e-12 3.0187e+04    631.000    34.8805    34.8776     5.6136    1474.85    27.7461    27.7437    1475.41 0.0000e+00
    636.973     3.5027     3.5050   3.229782   3.229750     2.0605    -0.3743     0.3549    34.8803 1.3699e+00 1.0000e-12 4.5412e+04    630.000    34.8804    34.8775     5.6133    1474.84    27.7460    27.7435    1475.41 0.0000e+00
    635.960     3.5047     3.5065   3.229946   3.229850     2.0611    -0.3908     0.3579    34.8804 1.3313e+00 1.0000e-12 3.0107e+04    629.000    34.8807    34.8776     5.6144    1474.83    27.7460    27.7434    1475.41 0.0000e+00
    634.948     3.5053     3.5071   3.229959   3.229869     2.0616    -0.3938     0.3621    34.8806 1.0811e+00 1.0000e-12 4.2601e+04    628.000    34.8807    34.8777     5.6152    1474.81    27.7460    27.7434    1475.41 0.0000e+00
    633.935     3.5058     3.5075   3.229977   3.229873     2.0615    -0.3901     0.3613    34.8808 1.5355e+00 1.0000e-12 3.1117e+04    627.000    34.8809    34.8780     5.6141    1474.80    27.7461    27.7435    1475.41 0.0000e+00
    632.923     3.5062     3.5075   3.229960   3.229841     2.0616    -0.3916     0.3534    34.8808 1.2555e+00 1.0000e-12 4.4451e+04    626.000    34.8809    34.8781     5.6136    1474.78    27.7460    27.7437    1475.41 0.0000e+00
    631.910     3.5063     3.5083   3.229950   3.229871     2.0618    -0.4067     0.3576    34.8811 1.3644e+00 1.0000e-12 3.3858e+04    625.000    34.8812    34.8781     5.6136    1474.77    27.7462    27.7436    1475.41 0.0000e+00
    630.897     3.5068     3.5084   3.229948   3.229852     2.0621    -0.4030     0.3605    34.8811 1.6864e+00 1.0000e-12 1.6155e+04    624.000    34.8811    34.8783     5.6137    1474.75    27.7461    27.7437    1475.41 0.0000e+00
    629.885     3.5069     3.5088   3.229904   3.229835     2.0623    -0.4134     0.3569    34.8810 1.0938e+00 1.0000e-12 4.6077e+04    623.000    34.8811    34.8782     5.6137    1474.74    27.7461    27.7436    1475.41 0.0000e+00
    628.872     3.5088     3.5123   3.230037   3.230106     2.0623    -0.3978     0.3539    34.8808 1.2303e+00 1.0000e-12 3.9032e+04    622.000    34.8811    34.8783     5.6129    1474.73    27.7459    27.7433    1475.41 0.0000e+00
    627.860     3.5114     3.5142   3.230270   3.230268     2.0626    -0.3919     0.3564    34.8814 9.8361e-01 1.0000e-12 4.7723e+04    621.000    34.8818    34.8787     5.6129    1474.72    27.7462    27.7435    1475.41 0.0000e+00
    626.847     3.5133     3.5147   3.230389   3.230278     2.0631    -0.3927     0.3566    34.8813 1.2605e+00 1.0000e-12 3.3074e+04    620.000    34.8817    34.8788     5.6135    1474.72    27.7459    27.7435    1475.41 0.0000e+00
    625.835     3.5138     3.5149   3.230413   3.230251     2.0637    -0.3938     0.3551    34.8818 1.4110e+00 1.0000e-12 3.4982e+04    619.000    34.8820    34.8789     5.6149    1474.70    27.7461    27.7435    1475.41 0.0000e+00
    624.822     3.5129     3.5151   3.230285   3.230227     2.0640    -0.3908     0.3620    34.8818 1.6472e+00 1.0000e-12 2.4462e+04    618.000    34.8819    34.8789     5.6154    1474.68    27.7461    27.7435    1475.41 0.0000e+00
    623.809     3.5136     3.5151   3.230314   3.230193     2.0643    -0.3871     0.3563    34.8819 1.4109e+00 1.0000e-12 3.4445e+04    617.000    34.8821    34.8790     5.6156    1474.67    27.7462    27.7436    1475.41 0.0000e+00
    622.797     3.5138     3.5153   3.230285   3.230171     2.0648    -0.3718     0.3560    34.8820 1.1691e+00 1.0000e-12 4.1211e+04    616.000    34.8821    34.8790     5.6164    1474.65    27.7461    27.7436    1475.41 0.0000e+00
    621.784     3.5137     3.5156   3.230214   3.230136     2.0653    -0.3699     0.3585    34.8818 1.1452e+00 1.0000e-12 4.3564e+04    615.000    34.8818    34.8789     5.6176    1474.63    27.7460    27.7434    1475.41 0.0000e+00
    620.772     3.5147     3.5163   3.230263   3.230154     2.0653    -0.3814     0.3583    34.8817 1.1894e+00 1.0000e-12 3.6861e+04    614.000    34.8819    34.8789     5.6166    1474.62    27.7459    27.7434    1475.41 0.0000e+00
    619.759     3.5153     3.5168   3.230284   3.230172     2.0656    -0.3875     0.3570    34.8819 1.2857e+00 1.0000e-12 3.1738e+04    613.000    34.8820    34.8791     5.6172    1474.61    27.7459    27.7434    1475.41 0.0000e+00
    618.747     3.5154     3.5170   3.230246   3.230137     2.0663    -0.3775     0.3562    34.8820 1.2062e+00 1.0000e-12 3.9919e+04    612.000    34.8820    34.8790     5.6187    1474.59    27.7459    27.7433    1475.41 0.0000e+00
    617.734     3.5155     3.5170   3.230219   3.230107     2.0665    -0.3946     0.3615    34.8821 1.3313e+00 1.0000e-12 3.3006e+04    611.000    34.8822    34.8791     5.6188    1474.57    27.7460    27.7434    1475.41 0.0000e+00
    616.722     3.5157     3.5170   3.230179   3.230062     2.0666    -0.3931     0.3580    34.8820 1.3254e+00 1.0000e-12 2.9590e+04    610.000    34.8820    34.8792     5.6183    1474.56    27.7459    27.7435    1475.41 0.0000e+00
    615.709     3.5160     3.5176   3.230157   3.230061     2.0666    -0.3928     0.3609    34.8818 1.4900e+00 1.0000e-12 2.6254e+04    609.000    34.8820    34.8790     5.6176    1474.54    27.7458    27.7433    1475.41 0.0000e+00
    614.697     3.5165     3.5185   3.230157   3.230100     2.0671    -0.3860     0.3617    34.8819 1.4123e+00 1.0000e-12 3.5039e+04    608.000    34.8820    34.8791     5.6186    1474.53    27.7457    27.7432    1475.41 0.0000e+00
    613.684     3.5169     3.5186   3.230169   3.230063     2.0677    -0.3761     0.3582    34.8822 9.8659e-01 1.0000e-12 4.7619e+04    607.000    34.8822    34.8792     5.6197    1474.51    27.7459    27.7433    1475.41 0.0000e+00
    612.672     3.5172     3.5186   3.230157   3.230032     2.0683    -0.3887     0.3586    34.8822 9.4254e-01 1.0000e-12 6.2236e+04    606.000    34.8823    34.8793     5.6212    1474.50    27.7459    27.7434    1475.41 0.0000e+00
    611.659     3.5172     3.5189   3.230108   3.230015     2.0688    -0.3709     0.3599    34.8822 1.2683e+00 1.0000e-12 3.6102e+04    605.000    34.8823    34.8793     5.6224    1474.48    27.7459    27.7434    1475.41 0.0000e+00
    610.647     3.5177     3.5190   3.230123   3.229987     2.0690    -0.3863     0.3630    34.8823 1.5252e+00 1.0000e-12 2.3962e+04    604.000    34.8824    34.8794     5.6221    1474.47    27.7459    27.7434    1475.41 0.0000e+00
    609.634     3.5178     3.5194   3.230052   3.229954     2.0693    -0.3909     0.3629    34.8820 1.3172e+00 1.0000e-12 3.5065e+04    603.000    34.8820    34.8792     5.6226    1474.45    27.7456    27.7432    1475.41 0.0000e+00
    608.622     3.5186     3.5206   3.230108   3.230038     2.0699    -0.3938     0.3629    34.8821 1.1302e+00 1.0000e-12 3.9996e+04    602.000    34.8823    34.8793     5.6239    1474.44    27.7458    27.7432    1475.41 0.0000e+00
    607.609     3.5196     3.5214   3.230148   3.230067     2.0702    -0.3938     0.3629    34.8822 1.7329e+00 1.0000e-12 2.8868e+04    601.000    34.8823    34.8794     5.6239    1474.43    27.7457    27.7432    1475.41 0.0000e+00
    606.597     3.5199     3.5215   3.230142   3.230044     2.0704    -0.3924     0.3629    34.8824 1.4599e+00 1.0000e-12 3.0688e+04    600.000    34.8825    34.8796     5.6238    1474.41    27.7458    27.7433    1475.41 0.0000e+00
    605.584     3.5201     3.5214   3.230124   3.229996     2.0706    -0.3917     0.3601    34.8825 1.0678e+00 1.0000e-12 4.3716e+04    599.000    34.8826    34.8796     5.6238    1474.39    27.7458    27.7433    1475.41 0.0000e+00
    604.572     3.5202     3.5217   3.230104   3.229989     2.0703    -0.3931     0.3569    34.8827 1.2136e+00 1.0000e-12 3.9198e+04    598.000    34.8827    34.8798     5.6220    1474.38    27.7459    27.7434    1475.41 0.0000e+00
    603.559     3.5205     3.5218   3.230056   3.229934     2.0711    -0.3920     0.3575    34.8824 1.2837e+00 1.0000e-12 3.1872e+04    597.000    34.8824    34.8795     5.6242    1474.36    27.7456    27.7432    1475.41 0.0000e+00
    602.547     3.5210     3.5225   3.230064   3.229958     2.0714    -0.3798     0.3580    34.8824 1.2558e+00 1.0000e-12 3.8856e+04    596.000    34.8825    34.8796     5.6244    1474.35    27.7456    27.7432    1475.41 0.0000e+00
    601.534     3.5220     3.5238   3.230138   3.230034     2.0714    -0.3768     0.3580    34.8825 1.4096e+00 1.0000e-12 3.7527e+04    595.000    34.8828    34.8797     5.6235    1474.34    27.7458    27.7431    1475.41 0.0000e+00
    600.522     3.5235     3.5244   3.230240   3.230074     2.0714    -0.3938     0.3580    34.8828 1.2184e+00 1.0000e-12 3.5290e+04    594.000    34.8830    34.8800     5.6225    1474.33    27.7457    27.7433    1475.41 0.0000e+00
    599.510     3.5239     3.5244   3.230240   3.230039     2.0714    -0.3745     0.3580    34.8830 1.2977e+00 1.0000e-12 3.3400e+04    593.000    34.8831    34.8801     5.6216    1474.31    27.7458    27.7434    1475.41 0.0000e+00
    598.497     3.5242     3.5248   3.230206   3.230018     2.0713    -0.3838     0.3580    34.8829 1.3570e+00 1.0000e-12 4.4168e+04    592.000    34.8830    34.8800     5.6204    1474.30    27.7457    27.7433    1475.41 0.0000e+00
    597.485     3.5240     3.5253   3.230142   3.230003     2.0712    -0.3795     0.3613    34.8829 1.4716e+00 1.0000e-12 3.4974e+04    591.000    34.8830    34.8799     5.6196    1474.28    27.7457    27.7431    1475.41 0.0000e+00
    596.472     3.5251     3.5266   3.230208   3.230094     2.0712    -0.3831     0.3631    34.8829 1.3183e+00 1.0000e-12 3.5000e+04    590.000    34.8830    34.8801     5.6186    1474.27    27.7456    27.7431    1475.41 0.0000e+00
    595.460     3.5253     3.5267   3.230178   3.230067     2.0712    -0.3822     0.3608    34.8830 1.1961e+00 1.0000e-12 4.1029e+04    589.000    34.8831    34.8802     5.6179    1474.25    27.7456    27.7432    1475.41 0.0000e+00
    594.448     3.5255     3.5266   3.230153   3.230011     2.0713    -0.3804     0.3578    34.8830 1.4705e+00 1.0000e-12 3.6096e+04    588.000    34.8831    34.8802     5.6176    1474.23    27.7456    27.7432    1475.41 0.0000e+00
    593.435     3.5258     3.5270   3.230128   3.229995     2.0713    -0.3922     0.3580    34.8830 1.4114e+00 1.0000e-12 2.9826e+04    587.000    34.8830    34.8801     5.6165    1474.22    27.7455    27.7430    1475.41 0.0000e+00
    592.423     3.5259     3.5276   3.230108   3.230013     2.0712    -0.3938     0.3582    34.8831 1.5857e+00 1.0000e-12 2.6324e+04    586.000    34.8832    34.8802     5.6155    1474.20    27.7456    27.7431    1475.41 0.0000e+00
    591.410     3.5267     3.5280   3.230141   3.230021     2.0717    -0.3938     0.3541    34.8831 1.3224e+00 1.0000e-12 3.8565e+04    585.000    34.8832    34.8805     5.6166    1474.19    27.7456    27.7432    1475.41 0.0000e+00
    590.398     3.5268     3.5290   3.230109   3.230074     2.0728    -0.3928     0.3578    34.8833 1.2072e+00 1.0000e-12 4.6929e+04    584.000    34.8834    34.8805     5.6196    1474.17    27.7457    27.7432    1475.41 0.0000e+00
    589.385     3.5274     3.5296   3.230124   3.230061     2.0737    -0.3931     0.3607    34.8833 1.5300e+00 1.0000e-12 2.2578e+04    583.000    34.8834    34.8803     5.6222    1474.16    27.7456    27.7430    1475.41 0.0000e+00
