Ship_data/Irminger/Irminger-4/ctd/process/uar21_012.cnv
* Sea-Bird SBE 9 Data File:
* FileName = D:\Data\AR21_012.hdr
* Software Version Seasave V 7.23.2
* Temperature SN = 4155
* Conductivity SN = 2645
* Number of Bytes Per Scan = 40
* Number of Voltage Words = 5
* Number of Scans Averaged by the Deck Unit = 1
* NMEA Latitude = 59 51.21 N
* NMEA Longitude = 039 07.69 W
* NMEA UTC (Time) = Aug 09 2017  13:01:16
# nquan = 21
# nvalues = 999                         
# units = specified
# name 0 = prDM: Pressure, Digiquartz [db]
# name 1 = t090C: Temperature [ITS-90, deg C]
# name 2 = t190C: Temperature, 2 [ITS-90, deg C]
# name 3 = c0S/m: Conductivity [S/m]
# name 4 = c1S/m: Conductivity, 2 [S/m]
# name 5 = sbeox0V: Oxygen raw, SBE 43 [V]
# name 6 = flECO-AFL: Fluorescence, WET Labs ECO-AFL/FL [mg/m^3]
# name 7 = turbWETntu0: Turbidity, WET Labs ECO [NTU]
# name 8 = sal00: Salinity, Practical [PSU]
# name 9 = spar: SPAR/Surface Irradiance
# name 10 = par: PAR/Irradiance, Biospherical/Licor
# name 11 = cpar: CPAR/Corrected Irradiance [%]
# name 12 = depSM: Depth [salt water, m], lat = 59.8535
# name 13 = sal00: Salinity, Practical [PSU]
# name 14 = sal11: Salinity, Practical, 2 [PSU]
# name 15 = sbeox0ML/L: Oxygen, SBE 43 [ml/l], WS = 2
# name 16 = svCM: Sound Velocity [Chen-Millero, m/s]
# name 17 = sigma-é00: Density [sigma-theta, kg/m^3]
# name 18 = sigma-é11: Density, 2 [sigma-theta, kg/m^3]
# name 19 = avgsvCM: Average Sound Velocity [Chen-Millero, m/s], minP = 20, minS = 20
# name 20 = flag: flag
# span 0 =      3.029,   1012.980       
# span 1 =     3.3907,     8.7737       
# span 2 =     3.3926,     8.7796       
# span 3 =   3.234832,   3.667286       
# span 4 =   3.234773,   3.667353       
# span 5 =     1.9636,     2.4206       
# span 6 =    -0.4187,     0.6607       
# span 7 =     0.3429,     0.4543       
# span 8 =    34.7221,    34.9451       
# span 9 = 1.6353e-01, 1.3884e+00       
# span 10 = 1.0000e-12, 1.0000e-12      
# span 11 = 3.2261e+04, 9.1317e+04      
# span 12 =      3.000,   1001.000      
# span 13 =    34.7229,    34.9483      
# span 14 =    34.7178,    34.9434      
# span 15 =     5.4190,     5.6784      
# span 16 =    1470.32,    1485.07      
# span 17 =    26.9372,    27.7502      
# span 18 =    26.9323,    27.7475      
# span 19 =    1474.79,    1474.79      
# span 20 = 0.0000e+00, 0.0000e+00      
# interval = meters: 1                  
# start_time = Aug 09 2017 13:01:16 [NMEA time, header]
# bad_flag = -9.990e-29
*END*
[from data line 345]
    663.296     3.5705     3.5722   3.237665   3.237558     2.0528    -0.3931     0.3505    34.8886 4.7826e-01 1.0000e-12 7.4607e+04    656.000    34.8886    34.8855     5.5933    1475.57    27.7461    27.7434    1474.79 0.0000e+00
    662.284     3.5704     3.5730   3.237613   3.237578     2.0535    -0.3919     0.3529    34.8886 7.8907e-01 1.0000e-12 5.8105e+04    655.000    34.8885    34.8854     5.5952    1475.55    27.7460    27.7433    1474.79 0.0000e+00
    661.271     3.5703     3.5722   3.237556   3.237464     2.0540    -0.3770     0.3545    34.8885 6.0447e-01 1.0000e-12 6.7906e+04    654.000    34.8885    34.8853     5.5964    1475.53    27.7460    27.7433    1474.79 0.0000e+00
    660.258     3.5708     3.5731   3.237562   3.237509     2.0542    -0.3874     0.3540    34.8885 8.7807e-01 1.0000e-12 5.3380e+04    653.000    34.8885    34.8855     5.5961    1475.52    27.7460    27.7433    1474.79 0.0000e+00
    659.246     3.5720     3.5739   3.237621   3.237542     2.0546    -0.3786     0.3547    34.8886 8.5589e-01 1.0000e-12 6.3815e+04    652.000    34.8885    34.8855     5.5967    1475.51    27.7458    27.7433    1474.79 0.0000e+00
    658.233     3.5712     3.5726   3.237510   3.237372     2.0547    -0.3930     0.3548    34.8887 2.4274e-01 1.0000e-12 8.7068e+04    651.000    34.8886    34.8854     5.5965    1475.49    27.7459    27.7433    1474.79 0.0000e+00
    657.220     3.5701     3.5718   3.237352   3.237249     2.0550    -0.3931     0.3553    34.8885 4.8244e-01 1.0000e-12 7.4385e+04    650.000    34.8884    34.8853     5.5971    1475.46    27.7459    27.7433    1474.79 0.0000e+00
    656.207     3.5698     3.5721   3.237296   3.237226     2.0553    -0.3837     0.3551    34.8887 6.4953e-01 1.0000e-12 6.5514e+04    649.000    34.8886    34.8853     5.5974    1475.45    27.7461    27.7432    1474.79 0.0000e+00
    655.195     3.5693     3.5709   3.237179   3.237063     2.0559    -0.3716     0.3540    34.8883 8.5572e-01 1.0000e-12 5.4567e+04    648.000    34.8882    34.8852     5.5990    1475.43    27.7458    27.7432    1474.79 0.0000e+00
    654.182     3.5691     3.5707   3.237108   3.236983     2.0563    -0.3789     0.3561    34.8882 5.3917e-01 1.0000e-12 7.6120e+04    647.000    34.8881    34.8849     5.5997    1475.41    27.7458    27.7431    1474.79 0.0000e+00
    653.169     3.5694     3.5710   3.237094   3.236972     2.0569    -0.3903     0.3582    34.8882 5.2349e-01 1.0000e-12 7.2300e+04    646.000    34.8882    34.8850     5.6010    1475.39    27.7458    27.7431    1474.79 0.0000e+00
    652.157     3.5699     3.5715   3.237084   3.236974     2.0575    -0.3677     0.3585    34.8882 2.8560e-01 1.0000e-12 8.4836e+04    645.000    34.8881    34.8851     5.6025    1475.38    27.7457    27.7431    1474.79 0.0000e+00
    651.144     3.5697     3.5715   3.237026   3.236935     2.0579    -0.3741     0.3580    34.8883 4.0702e-01 1.0000e-12 7.8389e+04    644.000    34.8882    34.8852     5.6032    1475.36    27.7457    27.7432    1474.79 0.0000e+00
    650.131     3.5699     3.5716   3.237020   3.236897     2.0586    -0.3743     0.3553    34.8884 7.3029e-01 1.0000e-12 6.1226e+04    643.000    34.8884    34.8852     5.6049    1475.35    27.7458    27.7431    1474.79 0.0000e+00
    649.119     3.5704     3.5721   3.237017   3.236893     2.0589    -0.3950     0.3553    34.8884 2.5136e-01 1.0000e-12 8.6653e+04    642.000    34.8884    34.8851     5.6053    1475.33    27.7458    27.7431    1474.79 0.0000e+00
    648.106     3.5707     3.5735   3.237001   3.236999     2.0589    -0.3983     0.3549    34.8884 6.0376e-01 1.0000e-12 6.7944e+04    641.000    34.8884    34.8854     5.6046    1475.32    27.7458    27.7431    1474.79 0.0000e+00
    647.093     3.5731     3.5761   3.237206   3.237188     2.0601    -0.4066     0.3559    34.8884 5.3965e-01 1.0000e-12 7.1348e+04    640.000    34.8888    34.8854     5.6078    1475.31    27.7459    27.7429    1474.79 0.0000e+00
    646.081     3.5761     3.5775   3.237430   3.237298     2.0604    -0.3705     0.3582    34.8886 7.9035e-01 1.0000e-12 5.8037e+04    639.000    34.8888    34.8858     5.6076    1475.31    27.7456    27.7430    1474.79 0.0000e+00
    645.068     3.5771     3.5785   3.237484   3.237338     2.0604    -0.3910     0.3585    34.8887 5.3891e-01 1.0000e-12 7.1387e+04    638.000    34.8889    34.8858     5.6066    1475.29    27.7456    27.7429    1474.79 0.0000e+00
    644.055     3.5773     3.5789   3.237487   3.237361     2.0602    -0.3776     0.3584    34.8891 6.2720e-01 1.0000e-12 6.6699e+04    637.000    34.8893    34.8861     5.6050    1475.28    27.7458    27.7431    1474.79 0.0000e+00
    643.043     3.5788     3.5803   3.237583   3.237452     2.0602    -0.3899     0.3585    34.8893 7.8784e-01 1.0000e-12 5.8170e+04    636.000    34.8894    34.8862     5.6043    1475.27    27.7458    27.7431    1474.79 0.0000e+00
    642.030     3.5783     3.5800   3.237488   3.237379     2.0601    -0.3933     0.3581    34.8893 7.2589e-01 1.0000e-12 6.1459e+04    635.000    34.8894    34.8862     5.6032    1475.25    27.7458    27.7431    1474.79 0.0000e+00
    641.018     3.5792     3.5807   3.237530   3.237392     2.0603    -0.3938     0.3580    34.8892 9.4890e-01 1.0000e-12 4.9620e+04    634.000    34.8894    34.8862     5.6030    1475.24    27.7457    27.7430    1474.79 0.0000e+00
    640.005     3.5797     3.5816   3.237527   3.237441     2.0609    -0.3929     0.3566    34.8893 4.9901e-01 1.0000e-12 7.3506e+04    633.000    34.8894    34.8863     5.6042    1475.22    27.7457    27.7430    1474.79 0.0000e+00
    638.992     3.5801     3.5820   3.237523   3.237438     2.0613    -0.3868     0.3558    34.8893 5.1368e-01 1.0000e-12 7.2727e+04    632.000    34.8895    34.8864     5.6051    1475.21    27.7456    27.7430    1474.79 0.0000e+00
    637.980     3.5805     3.5823   3.237524   3.237420     2.0616    -0.3711     0.3583    34.8894 3.7416e-01 1.0000e-12 8.0134e+04    631.000    34.8896    34.8864     5.6054    1475.19    27.7457    27.7430    1474.79 0.0000e+00
    636.967     3.5807     3.5827   3.237500   3.237421     2.0614    -0.3713     0.3560    34.8895 3.7670e-01 1.0000e-12 7.9999e+04    630.000    34.8896    34.8865     5.6037    1475.18    27.7457    27.7430    1474.79 0.0000e+00
    635.954     3.5812     3.5829   3.237503   3.237394     2.0615    -0.3919     0.3507    34.8896 6.8267e-01 1.0000e-12 6.3754e+04    629.000    34.8897    34.8865     5.6033    1475.16    27.7457    27.7430    1474.79 0.0000e+00
    634.942     3.5816     3.5831   3.237518   3.237371     2.0618    -0.3937     0.3539    34.8898 5.8337e-01 1.0000e-12 6.9026e+04    628.000    34.8900    34.8866     5.6034    1475.15    27.7459    27.7431    1474.79 0.0000e+00
    633.929     3.5818     3.5838   3.237481   3.237397     2.0625    -0.3969     0.3549    34.8896 6.4815e-01 1.0000e-12 6.8744e+04    627.000    34.8898    34.8867     5.6054    1475.13    27.7457    27.7430    1474.79 0.0000e+00
    632.917     3.5831     3.5844   3.237538   3.237399     2.0633    -0.4077     0.3554    34.8896 6.2788e-01 1.0000e-12 6.6672e+04    626.000    34.8897    34.8866     5.6072    1475.12    27.7454    27.7429    1474.79 0.0000e+00
    631.904     3.5835     3.5853   3.237546   3.237452     2.0633    -0.3712     0.3557    34.8898 6.5550e-01 1.0000e-12 6.5197e+04    625.000    34.8899    34.8868     5.6065    1475.11    27.7456    27.7430    1474.79 0.0000e+00
    630.891     3.5839     3.5864   3.237556   3.237510     2.0632    -0.3936     0.3747    34.8899 3.5195e-01 1.0000e-12 8.1313e+04    624.000    34.8901    34.8869     5.6054    1475.09    27.7457    27.7429    1474.79 0.0000e+00
    629.879     3.5849     3.5866   3.237598   3.237488     2.0631    -0.3938     0.3586    34.8899 5.6149e-01 1.0000e-12 7.0188e+04    623.000    34.8900    34.8869     5.6040    1475.08    27.7456    27.7429    1474.79 0.0000e+00
    628.866     3.5853     3.5869   3.237587   3.237468     2.0632    -0.3901     0.3576    34.8900 4.3505e-01 1.0000e-12 7.6901e+04    622.000    34.8901    34.8870     5.6038    1475.06    27.7456    27.7429    1474.79 0.0000e+00
    627.854     3.5855     3.5875   3.237563   3.237481     2.0636    -0.3921     0.3544    34.8899 5.4692e-01 1.0000e-12 7.0961e+04    621.000    34.8900    34.8870     5.6044    1475.05    27.7455    27.7428    1474.79 0.0000e+00
    626.841     3.5861     3.5878   3.237571   3.237467     2.0639    -0.3929     0.3551    34.8900 5.1411e-01 1.0000e-12 7.2703e+04    620.000    34.8901    34.8870     5.6044    1475.03    27.7455    27.7428    1474.79 0.0000e+00
    625.829     3.5865     3.5884   3.237570   3.237486     2.0637    -0.3919     0.3540    34.8901 9.0090e-01 1.0000e-12 5.2168e+04    619.000    34.8901    34.8871     5.6031    1475.02    27.7454    27.7428    1474.79 0.0000e+00
    624.816     3.5868     3.5886   3.237562   3.237452     2.0639    -0.3939     0.3556    34.8901 4.0941e-01 1.0000e-12 7.8262e+04    618.000    34.8903    34.8871     5.6028    1475.00    27.7455    27.7428    1474.79 0.0000e+00
    623.804     3.5867     3.5883   3.237508   3.237393     2.0639    -0.3931     0.3555    34.8903 6.3148e-01 1.0000e-12 6.6472e+04    617.000    34.8903    34.8872     5.6022    1474.99    27.7455    27.7429    1474.79 0.0000e+00
    622.791     3.5855     3.5867   3.237312   3.237162     2.0641    -0.3938     0.3594    34.8900 4.6488e-01 1.0000e-12 7.5317e+04    616.000    34.8898    34.8868     5.6025    1474.96    27.7452    27.7427    1474.79 0.0000e+00
    621.779     3.5835     3.5851   3.237085   3.236976     2.0640    -0.3896     0.3578    34.8898 6.3126e-01 1.0000e-12 7.0741e+04    615.000    34.8898    34.8868     5.6015    1474.94    27.7454    27.7429    1474.79 0.0000e+00
    620.766     3.5827     3.5845   3.236940   3.236836     2.0641    -0.3667     0.3565    34.8896 6.6018e-01 1.0000e-12 6.9974e+04    614.000    34.8894    34.8863     5.6012    1474.92    27.7452    27.7425    1474.79 0.0000e+00
    619.753     3.5820     3.5835   3.236823   3.236707     2.0648    -0.3940     0.3580    34.8894 7.5425e-01 1.0000e-12 5.9909e+04    613.000    34.8892    34.8863     5.6032    1474.90    27.7451    27.7426    1474.79 0.0000e+00
    618.741     3.5815     3.5832   3.236747   3.236634     2.0651    -0.3938     0.3580    34.8895 3.7236e-01 1.0000e-12 8.0229e+04    612.000    34.8894    34.8862     5.6036    1474.88    27.7453    27.7426    1474.79 0.0000e+00
    617.728     3.5815     3.5831   3.236696   3.236571     2.0657    -0.3938     0.3557    34.8895 4.5198e-01 1.0000e-12 7.9355e+04    611.000    34.8893    34.8862     5.6050    1474.86    27.7452    27.7425    1474.79 0.0000e+00
    616.716     3.5815     3.5832   3.236632   3.236536     2.0664    -0.3917     0.3541    34.8892 8.4465e-01 1.0000e-12 5.8478e+04    610.000    34.8891    34.8861     5.6068    1474.85    27.7451    27.7425    1474.79 0.0000e+00
    615.703     3.5817     3.5833   3.236613   3.236503     2.0666    -0.3938     0.3578    34.8893 5.4727e-01 1.0000e-12 7.0917e+04    609.000    34.8892    34.8862     5.6068    1474.83    27.7451    27.7425    1474.79 0.0000e+00
    614.691     3.5816     3.5835   3.236570   3.236467     2.0671    -0.3912     0.3544    34.8894 6.7963e-01 1.0000e-12 6.3916e+04    608.000    34.8893    34.8861     5.6081    1474.81    27.7452    27.7424    1474.79 0.0000e+00
    613.678     3.5817     3.5836   3.236531   3.236441     2.0673    -0.3728     0.3584    34.8894 5.7465e-01 1.0000e-12 6.9489e+04    607.000    34.8893    34.8862     5.6078    1474.80    27.7452    27.7425    1474.79 0.0000e+00
    612.666     3.5822     3.5839   3.236534   3.236419     2.0674    -0.3928     0.3543    34.8893 5.6491e-01 1.0000e-12 7.3393e+04    606.000    34.8893    34.8862     5.6074    1474.78    27.7451    27.7425    1474.79 0.0000e+00
    611.653     3.5840     3.5860   3.236673   3.236583     2.0676    -0.3869     0.3561    34.8894 7.4111e-01 1.0000e-12 6.5024e+04    605.000    34.8896    34.8865     5.6072    1474.77    27.7452    27.7425    1474.79 0.0000e+00
    610.641     3.5848     3.5882   3.236698   3.236765     2.0681    -0.3750     0.3578    34.8896 6.5418e-01 1.0000e-12 6.5217e+04    604.000    34.8896    34.8868     5.6080    1474.76    27.7451    27.7425    1474.79 0.0000e+00
    609.628     3.5875     3.5909   3.236907   3.236979     2.0687    -0.3882     0.3559    34.8895 6.2763e-01 1.0000e-12 7.0872e+04    603.000    34.8898    34.8870     5.6092    1474.76    27.7449    27.7424    1474.79 0.0000e+00
    608.616     3.5906     3.5931   3.237183   3.237152     2.0689    -0.3761     0.3586    34.8898 6.8453e-01 1.0000e-12 6.3683e+04    602.000    34.8903    34.8873     5.6087    1474.75    27.7451    27.7424    1474.79 0.0000e+00
    607.604     3.5913     3.5939   3.237220   3.237206     2.0688    -0.4125     0.3580    34.8904 8.8767e-01 1.0000e-12 5.2870e+04    601.000    34.8906    34.8876     5.6075    1474.74    27.7452    27.7425    1474.79 0.0000e+00
    606.591     3.5928     3.5953   3.237317   3.237293     2.0688    -0.4133     0.3559    34.8903 8.0829e-01 1.0000e-12 6.6487e+04    600.000    34.8907    34.8877     5.6063    1474.73    27.7451    27.7425    1474.79 0.0000e+00
    605.579     3.5940     3.5951   3.237381   3.237228     2.0692    -0.3812     0.3546    34.8905 7.3741e-01 1.0000e-12 6.0902e+04    599.000    34.8907    34.8877     5.6069    1474.72    27.7450    27.7425    1474.79 0.0000e+00
    604.566     3.5943     3.5954   3.237381   3.237235     2.0689    -0.3707     0.3570    34.8906 7.3701e-01 1.0000e-12 6.5277e+04    598.000    34.8909    34.8880     5.6051    1474.70    27.7451    27.7427    1474.79 0.0000e+00
    603.554     3.5947     3.5968   3.237387   3.237300     2.0689    -0.3993     0.3574    34.8908 5.5099e-01 1.0000e-12 7.0783e+04    597.000    34.8910    34.8878     5.6043    1474.69    27.7452    27.7424    1474.79 0.0000e+00
    602.541     3.5957     3.5977   3.237410   3.237349     2.0691    -0.4132     0.3546    34.8907 4.8904e-01 1.0000e-12 7.4034e+04    596.000    34.8909    34.8879     5.6038    1474.67    27.7449    27.7424    1474.79 0.0000e+00
    601.529     3.5958     3.5976   3.237407   3.237288     2.0689    -0.3798     0.3577    34.8909 6.6546e-01 1.0000e-12 6.4668e+04    595.000    34.8913    34.8878     5.6026    1474.66    27.7452    27.7423    1474.79 0.0000e+00
    600.516     3.5976     3.5992   3.237509   3.237398     2.0691    -0.3904     0.3554    34.8909 4.6894e-01 1.0000e-12 7.8707e+04    594.000    34.8910    34.8880     5.6020    1474.65    27.7449    27.7423    1474.79 0.0000e+00
    599.504     3.5987     3.6007   3.237579   3.237492     2.0687    -0.3924     0.3604    34.8911 6.0556e-01 1.0000e-12 7.1420e+04    593.000    34.8913    34.8881     5.6000    1474.64    27.7450    27.7422    1474.79 0.0000e+00
    598.492     3.5986     3.6011   3.237529   3.237502     2.0688    -0.3847     0.3557    34.8912 4.3374e-01 1.0000e-12 8.0818e+04    592.000    34.8914    34.8883     5.5996    1474.62    27.7450    27.7423    1474.79 0.0000e+00
    597.479     3.5993     3.6015   3.237557   3.237494     2.0687    -0.3672     0.3582    34.8913 7.4238e-01 1.0000e-12 6.0516e+04    591.000    34.8915    34.8884     5.5984    1474.61    27.7450    27.7423    1474.79 0.0000e+00
    596.467     3.6001     3.6024   3.237580   3.237530     2.0686    -0.3714     0.3575    34.8912 4.6994e-01 1.0000e-12 7.5048e+04    590.000    34.8914    34.8884     5.5971    1474.59    27.7449    27.7422    1474.79 0.0000e+00
    595.454     3.6011     3.6032   3.237637   3.237579     2.0687    -0.3688     0.3542    34.8913 6.2862e-01 1.0000e-12 6.6624e+04    589.000    34.8916    34.8886     5.5964    1474.58    27.7449    27.7423    1474.79 0.0000e+00
