Ship_data/Irminger/Irminger-4/ctd/process/uar21_009.cnv
* Sea-Bird SBE 9 Data File:
* FileName = D:\Data\AR21_009.hdr
* Software Version Seasave V 7.23.2
* Temperature SN = 4155
* Conductivity SN = 2645
* Number of Bytes Per Scan = 40
* Number of Voltage Words = 5
* Number of Scans Averaged by the Deck Unit = 1
* NMEA Latitude = 59 58.27 N
* NMEA Longitude = 039 30.81 W
* NMEA UTC (Time) = Aug 06 2017  21:22:51
** Test cast to check pump1 and acoustic device for James
# nquan = 21
# nvalues = 1201                        
# units = specified
# name 0 = prDM: Pressure, Digiquartz [db]
# name 1 = t090C: Temperature [ITS-90, deg C]
# name 2 = t190C: Temperature, 2 [ITS-90, deg C]
# name 3 = c0S/m: Conductivity [S/m]
# name 4 = c1S/m: Conductivity, 2 [S/m]
# name 5 = sbeox0V: Oxygen raw, SBE 43 [V]
# name 6 = flECO-AFL: Fluorescence, WET Labs ECO-AFL/FL [mg/m^3]
# name 7 = turbWETntu0: Turbidity, WET Labs ECO [NTU]
# name 8 = sal00: Salinity, Practical [PSU]
# name 9 = spar: SPAR/Surface Irradiance
# name 10 = par: PAR/Irradiance, Biospherical/Licor
# name 11 = cpar: CPAR/Corrected Irradiance [%]
# name 12 = depSM: Depth [salt water, m], lat = 59.9712
# name 13 = sal00: Salinity, Practical [PSU]
# name 14 = sal11: Salinity, Practical, 2 [PSU]
# name 15 = sbeox0ML/L: Oxygen, SBE 43 [ml/l], WS = 2
# name 16 = svCM: Sound Velocity [Chen-Millero, m/s]
# name 17 = sigma-é00: Density [sigma-theta, kg/m^3]
# name 18 = sigma-é11: Density, 2 [sigma-theta, kg/m^3]
# name 19 = avgsvCM: Average Sound Velocity [Chen-Millero, m/s], minP = 20, minS = 20
# name 20 = flag: flag
# span 0 =      2.019,   1216.988       
# span 1 =     3.3218,     8.5234       
# span 2 =     3.3234,     8.5276       
# span 3 =   3.227203,   3.650458       
# span 4 =   3.227091,   3.650368       
# span 5 =     1.9196,     2.4137       
# span 6 =    -0.4153,     0.7800       
# span 7 =     0.3401,     0.8595       
# span 8 =    34.7694,    34.9139       
# span 9 = 5.9370e-01, 2.0094e+00       
# span 10 = 1.0000e-12, 1.0000e-12      
# span 11 = 8.2818e+03, 7.3056e+04      
# span 12 =      2.000,   1202.000      
# span 13 =    34.7790,    34.9157      
# span 14 =    34.7775,    34.9123      
# span 15 =     5.4528,     5.7080      
# span 16 =    1469.42,    1484.26      
# span 17 =    27.0289,    27.7505      
# span 18 =    27.0251,    27.7480      
# span 19 =    1475.41,    1475.41      
# span 20 = 0.0000e+00, 0.0000e+00      
# interval = meters: 1                  
# start_time = Aug 06 2017 21:22:51 [NMEA time, header]
# bad_flag = -9.990e-29
*END*
[from data line 759]
    447.700     3.5920     3.5937   3.230016   3.229915     2.1059    -0.4026     0.3629    34.8890 1.2795e+00 1.0000e-12 3.8163e+04    443.000    34.8890    34.8860     5.6226    1472.11    27.7427    27.7401    1475.41 0.0000e+00
    446.688     3.5922     3.5939   3.230001   3.229905     2.1062    -0.3856     0.3608    34.8891 1.2730e+00 1.0000e-12 3.7034e+04    442.000    34.8892    34.8862     5.6228    1472.09    27.7428    27.7403    1475.41 0.0000e+00
    445.676     3.5927     3.5944   3.229989   3.229876     2.1065    -0.4070     0.3633    34.8890 1.1315e+00 1.0000e-12 4.5681e+04    441.000    34.8890    34.8859     5.6232    1472.08    27.7426    27.7399    1475.41 0.0000e+00
    444.665     3.5926     3.5942   3.229918   3.229809     2.1067    -0.4097     0.3592    34.8888 1.3652e+00 1.0000e-12 3.1447e+04    440.000    34.8888    34.8858     5.6232    1472.06    27.7425    27.7399    1475.41 0.0000e+00
    443.653     3.5932     3.5947   3.229929   3.229815     2.1067    -0.3798     0.3618    34.8888 1.4644e+00 1.0000e-12 2.2271e+04    439.000    34.8889    34.8859     5.6222    1472.05    27.7425    27.7399    1475.41 0.0000e+00
    442.641     3.5951     3.5965   3.230088   3.229943     2.1068    -0.3699     0.3612    34.8890 1.2253e+00 1.0000e-12 3.4946e+04    438.000    34.8893    34.8860     5.6216    1472.04    27.7426    27.7398    1475.41 0.0000e+00
    441.629     3.5954     3.5965   3.230046   3.229894     2.1071    -0.3691     0.3587    34.8890 1.3791e+00 1.0000e-12 4.6517e+04    437.000    34.8891    34.8860     5.6217    1472.02    27.7424    27.7398    1475.41 0.0000e+00
    440.618     3.5952     3.5965   3.229994   3.229857     2.1068    -0.3888     0.3624    34.8891 1.0089e+00 1.0000e-12 4.7336e+04    436.000    34.8892    34.8861     5.6202    1472.01    27.7425    27.7399    1475.41 0.0000e+00
    439.606     3.5957     3.5977   3.229994   3.229920     2.1076    -0.3923     0.3629    34.8891 1.1995e+00 1.0000e-12 4.2314e+04    435.000    34.8892    34.8862     5.6219    1471.99    27.7424    27.7398    1475.41 0.0000e+00
    438.594     3.5959     3.5981   3.229970   3.229914     2.1080    -0.3873     0.3629    34.8891 1.2189e+00 1.0000e-12 3.5047e+04    434.000    34.8892    34.8861     5.6225    1471.98    27.7424    27.7397    1475.41 0.0000e+00
    437.583     3.5962     3.5983   3.229929   3.229882     2.1078    -0.3785     0.3614    34.8890 1.3521e+00 1.0000e-12 3.3229e+04    433.000    34.8890    34.8861     5.6212    1471.96    27.7422    27.7397    1475.41 0.0000e+00
    436.571     3.5978     3.5993   3.230052   3.229924     2.1081    -0.3945     0.3588    34.8888 1.3453e+00 1.0000e-12 3.3333e+04    432.000    34.8892    34.8861     5.6211    1471.95    27.7422    27.7396    1475.41 0.0000e+00
    435.560     3.5991     3.6004   3.230128   3.229992     2.1088    -0.3938     0.3629    34.8891 1.3701e+00 1.0000e-12 3.1801e+04    431.000    34.8893    34.8863     5.6228    1471.94    27.7421    27.7396    1475.41 0.0000e+00
    434.548     3.6004     3.6015   3.230227   3.230060     2.1090    -0.3875     0.3616    34.8894 1.2765e+00 1.0000e-12 3.5460e+04    430.000    34.8896    34.8865     5.6224    1471.93    27.7423    27.7396    1475.41 0.0000e+00
    433.536     3.6005     3.6015   3.230165   3.230014     2.1093    -0.3805     0.3607    34.8893 1.2549e+00 1.0000e-12 4.0158e+04    429.000    34.8893    34.8865     5.6227    1471.91    27.7420    27.7397    1475.41 0.0000e+00
    432.525     3.6007     3.6023   3.230139   3.230021     2.1094    -0.3784     0.3605    34.8892 1.3121e+00 1.0000e-12 3.4606e+04    428.000    34.8894    34.8863     5.6225    1471.90    27.7420    27.7394    1475.41 0.0000e+00
    431.513     3.6021     3.6042   3.230216   3.230146     2.1093    -0.3821     0.3567    34.8892 1.4139e+00 1.0000e-12 3.5002e+04    427.000    34.8894    34.8863     5.6209    1471.88    27.7419    27.7392    1475.41 0.0000e+00
    430.501     3.6027     3.6044   3.230219   3.230125     2.1094    -0.3938     0.3557    34.8892 9.9142e-01 1.0000e-12 5.2626e+04    426.000    34.8893    34.8863     5.6205    1471.87    27.7417    27.7392    1475.41 0.0000e+00
    429.490     3.6020     3.6035   3.230109   3.229986     2.1096    -0.3929     0.3627    34.8893 1.3387e+00 1.0000e-12 3.3696e+04    425.000    34.8893    34.8862     5.6205    1471.85    27.7418    27.7392    1475.41 0.0000e+00
    428.478     3.6018     3.6034   3.230042   3.229933     2.1094    -0.3924     0.3590    34.8891 1.6655e+00 1.0000e-12 1.8910e+04    424.000    34.8892    34.8862     5.6194    1471.83    27.7417    27.7392    1475.41 0.0000e+00
    427.467     3.6018     3.6033   3.229995   3.229885     2.1095    -0.3853     0.3631    34.8891 1.1878e+00 1.0000e-12 4.6961e+04    423.000    34.8892    34.8862     5.6190    1471.82    27.7417    27.7392    1475.41 0.0000e+00
    426.455     3.6016     3.6031   3.229919   3.229802     2.1104    -0.3768     0.3611    34.8890 1.3330e+00 1.0000e-12 3.3441e+04    422.000    34.8890    34.8860     5.6214    1471.80    27.7416    27.7391    1475.41 0.0000e+00
    425.443     3.6011     3.6021   3.229816   3.229643     2.1101    -0.3858     0.3592    34.8889 1.1338e+00 1.0000e-12 4.4785e+04    421.000    34.8889    34.8857     5.6195    1471.78    27.7416    27.7389    1475.41 0.0000e+00
    424.432     3.6010     3.6025   3.229763   3.229638     2.1096    -0.3718     0.3624    34.8889 7.7434e-01 1.0000e-12 5.8940e+04    420.000    34.8889    34.8859     5.6173    1471.76    27.7415    27.7390    1475.41 0.0000e+00
    423.420     3.6008     3.6022   3.229699   3.229573     2.1103    -0.3743     0.3585    34.8889 1.6721e+00 1.0000e-12 1.5506e+04    419.000    34.8889    34.8859     5.6190    1471.75    27.7416    27.7390    1475.41 0.0000e+00
    422.409     3.6006     3.6019   3.229631   3.229496     2.1112    -0.3950     0.3631    34.8889 1.5780e+00 1.0000e-12 1.5958e+04    418.000    34.8889    34.8858     5.6214    1471.73    27.7415    27.7390    1475.41 0.0000e+00
    421.397     3.6004     3.6018   3.229564   3.229434     2.1129    -0.3931     0.3638    34.8888 1.3024e+00 1.0000e-12 3.8586e+04    417.000    34.8888    34.8858     5.6267    1471.71    27.7415    27.7390    1475.41 0.0000e+00
    420.385     3.6017     3.6032   3.229661   3.229512     2.1135    -0.3923     0.3668    34.8886 1.5414e+00 1.0000e-12 2.9373e+04    416.000    34.8891    34.8857     5.6277    1471.70    27.7416    27.7388    1475.41 0.0000e+00
    419.374     3.6056     3.6064   3.229913   3.229764     2.1137    -0.3921     0.3628    34.8886 1.1341e+00 1.0000e-12 4.8407e+04    415.000    34.8885    34.8858     5.6272    1471.70    27.7407    27.7385    1475.41 0.0000e+00
    418.362     3.6079     3.6133   3.230183   3.230360     2.1135    -0.3850     0.3622    34.8890 1.4534e+00 1.0000e-12 3.1923e+04    414.000    34.8898    34.8862     5.6254    1471.69    27.7416    27.7381    1475.41 0.0000e+00
    417.351     3.6150     3.6172   3.230790   3.230719     2.1141    -0.3700     0.3587    34.8894 1.5398e+00 1.0000e-12 2.2857e+04    413.000    34.8900    34.8869     5.6254    1471.71    27.7410    27.7383    1475.41 0.0000e+00
    416.339     3.6125     3.6175   3.230477   3.230718     2.1139    -0.3919     0.3630    34.8897 1.3526e+00 1.0000e-12 2.8100e+04    412.000    34.8895    34.8871     5.6246    1471.68    27.7409    27.7384    1475.41 0.0000e+00
    415.328     3.6134     3.6187   3.230594   3.230805     2.1139    -0.3904     0.3633    34.8898 1.4738e+00 1.0000e-12 2.6091e+04    411.000    34.8906    34.8874     5.6234    1471.67    27.7416    27.7385    1475.41 0.0000e+00
    414.316     3.6178     3.6201   3.230948   3.230899     2.1142    -0.3687     0.3683    34.8901 1.3935e+00 1.0000e-12 3.4639e+04    410.000    34.8906    34.8876     5.6231    1471.67    27.7412    27.7386    1475.41 0.0000e+00
    413.305     3.6182     3.6198   3.230932   3.230836     2.1141    -0.3893     0.3632    34.8903 1.6182e+00 1.0000e-12 2.7757e+04    409.000    34.8906    34.8877     5.6221    1471.66    27.7411    27.7387    1475.41 0.0000e+00
    412.293     3.6175     3.6202   3.230837   3.230822     2.1137    -0.3904     0.3629    34.8905 1.2997e+00 1.0000e-12 4.1348e+04    408.000    34.8907    34.8877     5.6199    1471.64    27.7413    27.7386    1475.41 0.0000e+00
    411.282     3.6185     3.6208   3.230872   3.230844     2.1138    -0.3930     0.3629    34.8903 1.4884e+00 1.0000e-12 2.5226e+04    407.000    34.8906    34.8878     5.6193    1471.62    27.7411    27.7386    1475.41 0.0000e+00
    410.270     3.6206     3.6230   3.231018   3.230985     2.1138    -0.3824     0.3629    34.8902 1.0670e+00 1.0000e-12 5.2996e+04    406.000    34.8906    34.8877     5.6185    1471.62    27.7409    27.7383    1475.41 0.0000e+00
    409.259     3.6231     3.6245   3.231220   3.231094     2.1136    -0.3725     0.3644    34.8905 1.4755e+00 1.0000e-12 2.5989e+04    405.000    34.8909    34.8880     5.6165    1471.61    27.7409    27.7384    1475.41 0.0000e+00
    408.247     3.6240     3.6258   3.231256   3.231164     2.1137    -0.3920     0.3680    34.8906 1.1653e+00 1.0000e-12 4.2893e+04    404.000    34.8909    34.8880     5.6158    1471.60    27.7408    27.7382    1475.41 0.0000e+00
    407.236     3.6232     3.6247   3.231138   3.231026     2.1133    -0.3908     0.3597    34.8908 1.1589e+00 1.0000e-12 4.6230e+04    403.000    34.8909    34.8879     5.6140    1471.58    27.7408    27.7383    1475.41 0.0000e+00
    406.224     3.6228     3.6248   3.231048   3.230974     2.1131    -0.3932     0.3673    34.8907 1.1591e+00 1.0000e-12 4.2136e+04    402.000    34.8909    34.8878     5.6127    1471.56    27.7408    27.7382    1475.41 0.0000e+00
    405.213     3.6236     3.6259   3.231089   3.231030     2.1132    -0.3867     0.3628    34.8909 1.0536e+00 1.0000e-12 4.4019e+04    401.000    34.8911    34.8879     5.6121    1471.55    27.7409    27.7381    1475.41 0.0000e+00
    404.201     3.6281     3.6313   3.231480   3.231483     2.1134    -0.3745     0.3629    34.8907 1.2523e+00 1.0000e-12 3.8194e+04    400.000    34.8914    34.8881     5.6114    1471.55    27.7407    27.7377    1475.41 0.0000e+00
    403.190     3.6300     3.6358   3.231621   3.231936     2.1142    -0.3940     0.3629    34.8909 1.3191e+00 1.0000e-12 4.0021e+04    399.000    34.8916    34.8892     5.6130    1471.54    27.7407    27.7382    1475.41 0.0000e+00
    402.178     3.6355     3.6393   3.232120   3.232184     2.1146    -0.3735     0.3629    34.8917 1.5396e+00 1.0000e-12 1.8318e+04    398.000    34.8923    34.8891     5.6127    1471.55    27.7407    27.7377    1475.41 0.0000e+00
    401.167     3.6391     3.6402   3.232433   3.232235     2.1147    -0.3711     0.3713    34.8919 1.3429e+00 1.0000e-12 2.8703e+04    397.000    34.8928    34.8893     5.6118    1471.55    27.7407    27.7378    1475.41 0.0000e+00
    400.155     3.6399     3.6404   3.232442   3.232244     2.1142    -0.3878     0.3681    34.8921 1.4557e+00 1.0000e-12 2.2715e+04    396.000    34.8926    34.8897     5.6091    1471.53    27.7404    27.7381    1475.41 0.0000e+00
    399.144     3.6414     3.6417   3.232565   3.232343     2.1136    -0.3886     0.3630    34.8924 1.2586e+00 1.0000e-12 3.9748e+04    395.000    34.8930    34.8900     5.6063    1471.52    27.7406    27.7382    1475.41 0.0000e+00
    398.132     3.6419     3.6436   3.232544   3.232450     2.1128    -0.3914     0.3612    34.8924 1.2557e+00 1.0000e-12 3.7461e+04    394.000    34.8928    34.8898     5.6025    1471.51    27.7404    27.7378    1475.41 0.0000e+00
    397.121     3.6431     3.6456   3.232612   3.232574     2.1125    -0.3909     0.3597    34.8923 1.5069e+00 1.0000e-12 1.9995e+04    393.000    34.8928    34.8897     5.6004    1471.50    27.7403    27.7376    1475.41 0.0000e+00
    396.109     3.6455     3.6469   3.232772   3.232656     2.1122    -0.3901     0.3630    34.8922 1.5311e+00 1.0000e-12 3.1611e+04    392.000    34.8927    34.8898     5.5984    1471.49    27.7400    27.7375    1475.41 0.0000e+00
    395.098     3.6460     3.6476   3.232778   3.232672     2.1125    -0.3929     0.3629    34.8924 1.5061e+00 1.0000e-12 3.5110e+04    391.000    34.8928    34.8899     5.5988    1471.48    27.7400    27.7375    1475.41 0.0000e+00
    394.086     3.6462     3.6475   3.232748   3.232618     2.1121    -0.3792     0.3631    34.8925 9.4356e-01 1.0000e-12 4.9951e+04    390.000    34.8928    34.8898     5.5965    1471.46    27.7399    27.7375    1475.41 0.0000e+00
    393.075     3.6461     3.6477   3.232702   3.232596     2.1122    -0.3714     0.3630    34.8926 1.3197e+00 1.0000e-12 4.0636e+04    389.000    34.8929    34.8899     5.5960    1471.44    27.7400    27.7375    1475.41 0.0000e+00
    392.064     3.6464     3.6478   3.232660   3.232533     2.1124    -0.3784     0.3665    34.8924 1.0568e+00 1.0000e-12 4.5498e+04    388.000    34.8926    34.8896     5.5962    1471.43    27.7398    27.7372    1475.41 0.0000e+00
    391.052     3.6461     3.6476   3.232576   3.232466     2.1119    -0.3904     0.3628    34.8924 1.3519e+00 1.0000e-12 3.3041e+04    387.000    34.8925    34.8895     5.5937    1471.41    27.7397    27.7372    1475.41 0.0000e+00
    390.041     3.6460     3.6478   3.232534   3.232439     2.1119    -0.3829     0.3629    34.8924 1.5728e+00 1.0000e-12 2.2061e+04    386.000    34.8926    34.8895     5.5927    1471.39    27.7398    27.7372    1475.41 0.0000e+00
    389.029     3.6463     3.6478   3.232498   3.232391     2.1122    -0.3677     0.3629    34.8924 1.1172e+00 1.0000e-12 4.0796e+04    385.000    34.8924    34.8895     5.5932    1471.38    27.7396    27.7371    1475.41 0.0000e+00
    388.018     3.6464     3.6479   3.232474   3.232351     2.1129    -0.3667     0.3678    34.8924 1.4465e+00 1.0000e-12 3.3738e+04    384.000    34.8926    34.8895     5.5949    1471.36    27.7397    27.7371    1475.41 0.0000e+00
    387.007     3.6465     3.6480   3.232442   3.232318     2.1134    -0.3845     0.3686    34.8925 1.4905e+00 1.0000e-12 3.7408e+04    383.000    34.8926    34.8895     5.5959    1471.34    27.7397    27.7371    1475.41 0.0000e+00
    385.995     3.6468     3.6483   3.232420   3.232300     2.1135    -0.3918     0.3642    34.8925 1.2808e+00 1.0000e-12 3.2378e+04    382.000    34.8926    34.8895     5.5954    1471.33    27.7397    27.7370    1475.41 0.0000e+00
    384.984     3.6468     3.6483   3.232382   3.232267     2.1138    -0.3891     0.3660    34.8925 1.3855e+00 1.0000e-12 3.6844e+04    381.000    34.8927    34.8897     5.5958    1471.31    27.7397    27.7372    1475.41 0.0000e+00
    383.972     3.6474     3.6491   3.232374   3.232261     2.1149    -0.3816     0.3590    34.8923 1.4361e+00 1.0000e-12 3.8124e+04    380.000    34.8924    34.8893     5.5988    1471.30    27.7395    27.7368    1475.41 0.0000e+00
    382.961     3.6492     3.6511   3.232488   3.232404     2.1152    -0.4126     0.3628    34.8922 1.5665e+00 1.0000e-12 2.8013e+04    379.000    34.8925    34.8894     5.5989    1471.29    27.7393    27.7367    1475.41 0.0000e+00
    381.950     3.6504     3.6519   3.232562   3.232444     2.1155    -0.3729     0.3629    34.8924 7.6957e-01 1.0000e-12 5.9633e+04    378.000    34.8926    34.8895     5.5989    1471.28    27.7392    27.7367    1475.41 0.0000e+00
    380.938     3.6507     3.6518   3.232536   3.232393     2.1154    -0.3683     0.3629    34.8924 9.9917e-01 1.0000e-12 4.6951e+04    377.000    34.8926    34.8896     5.5977    1471.26    27.7392    27.7368    1475.41 0.0000e+00
    379.927     3.6510     3.6525   3.232548   3.232416     2.1155    -0.3869     0.3668    34.8927 1.0915e+00 1.0000e-12 4.2048e+04    376.000    34.8928    34.8897     5.5973    1471.25    27.7394    27.7367    1475.41 0.0000e+00
