Ship_data/Irminger/Irminger-2/ctd/process/OOI/at30_007.cnv
* Sea-Bird SBE 9 Data File:
* FileName = C:\data\ctd\at30_007.hex
* Software Version Seasave V 7.21f
* Temperature SN = 2265
* Conductivity SN = 3021
* Number of Bytes Per Scan = 40
* Number of Voltage Words = 5
* Number of Scans Averaged by the Deck Unit = 1
* NMEA Latitude = 59 46.29 N
* NMEA Longitude = 039 52.92 W
* NMEA UTC (Time) = Aug 17 2015  23:01:49
** Site of FLMA 2015 -- need to confirm bottom depth
# nquan = 21
# nvalues = 2720                        
# units = specified
# name 0 = prDM: Pressure, Digiquartz [db]
# name 1 = depSM: Depth [salt water, m]
# name 2 = t090C: Temperature [ITS-90, deg C]
# name 3 = t190C: Temperature, 2 [ITS-90, deg C]
# name 4 = c0mS/cm: Conductivity [mS/cm]
# name 5 = c1mS/cm: Conductivity, 2 [mS/cm]
# name 6 = sbeox0ML/L: Oxygen, SBE 43 [ml/l]
# name 7 = sbeox0V: Oxygen raw, SBE 43 [V]
# name 8 = spar: SPAR/Surface Irradiance
# name 9 = flECO-AFL: Fluorescence, WET Labs ECO-AFL/FL [mg/m^3]
# name 10 = v2: Voltage 2
# name 11 = altM: Altimeter [m]
# name 12 = CStarTr0: Beam Transmission, WET Labs C-Star [%]
# name 13 = turbWETntu0: Turbidity, WET Labs ECO [NTU]
# name 14 = scan: Scan Count
# name 15 = sbeox0ML/L: Oxygen, SBE 43 [ml/l], WS = 2
# name 16 = sbeox0dOV/dT: Oxygen, SBE 43 [dov/dt], WS = 2
# name 17 = sal00: Salinity, Practical [PSU]
# name 18 = sal11: Salinity, Practical, 2 [PSU]
# name 19 = nbin: number of scans per bin
# name 20 = flag: flag
# span 0 =      2.000,   2722.000       
# span 1 =      1.981,   2679.045       
# span 2 =     1.4894,     8.5917       
# span 3 =     1.4904,     8.5925       
# span 4 =  31.398456,  36.631599       
# span 5 =  31.399026,  36.631436       
# span 6 =    6.01160,    6.94264       
# span 7 =     1.6864,     2.5338       
# span 8 = 2.1820e+01, 2.3786e+01       
# span 9 =    -0.0363,     1.5522       
# span 10 =     0.0000,     0.0000      
# span 11 =       8.30,      99.96      
# span 12 =    93.8862,    97.8162      
# span 13 =     0.0744,     0.1690      
# span 14 =        716,     153168      
# span 15 =    6.01134,    6.94297      
# span 16 =    0.00000,    0.00000      
# span 17 =    34.8553,    34.9334      
# span 18 =    34.8534,    34.9332      
# span 19 =         29,        136      
# span 20 = 0.0000e+00, 0.0000e+00      
# interval = decibars: 2                
# start_time = Aug 17 2015 23:01:49 [NMEA time, header]
# bad_flag = -9.990e-29
*END*
[from data line 2276]
    888.000    877.765     3.6285     3.6279  32.524815  32.524229    6.60040     2.1055 2.1993e+01    -0.0230     0.0000      98.78    97.7300     0.0755     124063    6.60030    0.00000    34.8860    34.8860         64 0.0000e+00
    886.000    875.792     3.6291     3.6282  32.524481  32.523568    6.60113     2.1060 2.2015e+01    -0.0229     0.0000      98.78    97.7300     0.0755     124127    6.60087    0.00000    34.8860    34.8860         53 0.0000e+00
    884.000    873.820     3.6306     3.6302  32.524948  32.524705    6.60118     2.1066 2.1959e+01    -0.0241     0.0000      98.78    97.7249     0.0755     124172    6.60104    0.00000    34.8860    34.8861         43 0.0000e+00
    882.000    871.847     3.6311     3.6310  32.524646  32.524683    6.60057     2.1068 2.1878e+01    -0.0235     0.0000      98.78    97.7276     0.0755     124216    6.60040    0.00000    34.8862    34.8863         46 0.0000e+00
    880.000    869.874     3.6314     3.6312  32.524056  32.523997    6.60224     2.1077 2.2051e+01    -0.0233     0.0000      98.78    97.7266     0.0755     124263    6.60207    0.00000    34.8862    34.8864         47 0.0000e+00
    878.000    867.901     3.6313     3.6313  32.523259  32.523297    6.60588     2.1090 2.2025e+01    -0.0231     0.0000      98.78    97.7323     0.0755     124322    6.60583    0.00000    34.8864    34.8864         73 0.0000e+00
    876.000    865.928     3.6321     3.6324  32.522936  32.523216    6.60726     2.1097 2.2053e+01    -0.0231     0.0000      98.78    97.7324     0.0755     124383    6.60720    0.00000    34.8862    34.8863         43 0.0000e+00
    874.000    863.956     3.6314     3.6318  32.521369  32.521818    6.60780     2.1103 2.2052e+01    -0.0228     0.0000      98.78    97.7328     0.0755     124421    6.60774    0.00000    34.8861    34.8862         39 0.0000e+00
    872.000    861.983     3.6318     3.6316  32.521000  32.520985    6.61046     2.1113 2.1959e+01    -0.0229     0.0000      98.78    97.7149     0.0755     124469    6.61037    0.00000    34.8863    34.8865         61 0.0000e+00
    870.000    860.010     3.6321     3.6319  32.520516  32.520279    6.61183     2.1121 2.2021e+01    -0.0228     0.0000      98.78    97.7159     0.0755     124535    6.61171    0.00000    34.8865    34.8864         57 0.0000e+00
    868.000    858.037     3.6323     3.6327  32.519626  32.520114    6.60959     2.1120 2.1995e+01    -0.0234     0.0000      98.78    97.7209     0.0755     124577    6.60953    0.00000    34.8862    34.8863         35 0.0000e+00
    866.000    856.064     3.6314     3.6319  32.517925  32.518471    6.60865     2.1121 2.1956e+01    -0.0227     0.0000      98.78    97.7229     0.0755     124613    6.60863    0.00000    34.8862    34.8863         41 0.0000e+00
    864.000    854.091     3.6316     3.6319  32.517414  32.517755    6.61001     2.1129 2.2001e+01    -0.0235     0.0000      98.78    97.7256     0.0755     124677    6.60995    0.00000    34.8864    34.8865         75 0.0000e+00
    862.000    852.118     3.6322     3.6325  32.517019  32.517218    6.60922     2.1131 2.2100e+01    -0.0224     0.0000      98.78    97.7304     0.0755     124732    6.60923    0.00000    34.8863    34.8863         42 0.0000e+00
    860.000    850.145     3.6328     3.6331  32.516673  32.517083    6.60955     2.1136 2.2053e+01    -0.0224     0.0000      98.78    97.7267     0.0755     124772    6.60941    0.00000    34.8863    34.8865         41 0.0000e+00
    858.000    848.172     3.6324     3.6328  32.515451  32.515946    6.61180     2.1146 2.2126e+01    -0.0231     0.0000      98.78    97.7337     0.0755     124819    6.61176    0.00000    34.8863    34.8865         53 0.0000e+00
    856.000    846.199     3.6308     3.6322  32.512859  32.514454    6.61360     2.1153 2.1959e+01    -0.0228     0.0000      98.78    97.7324     0.0755     124871    6.61349    0.00000    34.8860    34.8863         46 0.0000e+00
    854.000    844.226     3.6297     3.6305  32.510881  32.511578    6.61370     2.1157 2.1998e+01    -0.0223     0.0000      98.78    97.7253     0.0755     124911    6.61364    0.00000    34.8859    34.8859         37 0.0000e+00
    852.000    842.253     3.6304     3.6308  32.510816  32.511325    6.61865     2.1174 2.1952e+01    -0.0232     0.0000      98.78    97.7028     0.0755     124956    6.61850    0.00000    34.8860    34.8862         58 0.0000e+00
    850.000    840.280     3.6323     3.6320  32.511799  32.511472    6.62207     2.1187 2.1985e+01    -0.0233     0.0000      98.78    97.7283     0.0755     125021    6.62186    0.00000    34.8862    34.8862         58 0.0000e+00
    848.000    838.306     3.6366     3.6363  32.515252  32.514829    6.62379     2.1197 2.1957e+01    -0.0233     0.0000      98.78    97.7324     0.0755     125067    6.62354    0.00000    34.8868    34.8866         42 0.0000e+00
    846.000    836.333     3.6375     3.6377  32.515245  32.515584    6.62543     2.1205 2.2007e+01    -0.0238     0.0000      98.78    97.7245     0.0755     125111    6.62520    0.00000    34.8870    34.8871         45 0.0000e+00
    844.000    834.360     3.6379     3.6376  32.514865  32.514556    6.62365     2.1205 2.2053e+01    -0.0226     0.0000      98.78    97.7269     0.0755     125155    6.62343    0.00000    34.8871    34.8870         42 0.0000e+00
    842.000    832.387     3.6411     3.6407  32.517267  32.516817    6.62164     2.1206 2.2012e+01    -0.0235     0.0000      98.78    97.7304     0.0755     125199    6.62145    0.00000    34.8875    34.8874         49 0.0000e+00
    840.000    830.414     3.6422     3.6413  32.517520  32.516692    6.62499     2.1219 2.2171e+01    -0.0226     0.0000      98.78    97.7228     0.0755     125252    6.62472    0.00000    34.8877    34.8877         52 0.0000e+00
    838.000    828.441     3.6430     3.6426  32.517306  32.516994    6.62508     2.1223 2.2143e+01    -0.0227     0.0000      98.78    97.7275     0.0755     125298    6.62482    0.00000    34.8877    34.8877         44 0.0000e+00
    836.000    826.467     3.6435     3.6435  32.517028  32.517113    6.62464     2.1227 2.2056e+01    -0.0226     0.0000      98.78    97.7227     0.0755     125345    6.62439    0.00000    34.8879    34.8880         53 0.0000e+00
    834.000    824.494     3.6427     3.6432  32.515380  32.516058    6.62683     2.1235 2.2052e+01    -0.0239     0.0000      98.78    97.7208     0.0755     125407    6.62633    0.00000    34.8878    34.8880         61 0.0000e+00
    832.000    822.521     3.6428     3.6428  32.514402  32.514543    6.62652     2.1239 2.2052e+01    -0.0233     0.0000      98.78    97.7329     0.0755     125456    6.62612    0.00000    34.8876    34.8877         41 0.0000e+00
    830.000    820.547     3.6441     3.6440  32.514847  32.514723    6.62407     2.1238 2.2052e+01    -0.0231     0.0000      98.78    97.7263     0.0755     125494    6.62368    0.00000    34.8878    34.8877         36 0.0000e+00
    828.000    818.574     3.6444     3.6446  32.514399  32.514590    6.62323     2.1241 2.2052e+01    -0.0233     0.0000      98.78    97.7212     0.0755     125531    6.62305    0.00000    34.8879    34.8880         41 0.0000e+00
    826.000    816.601     3.6436     3.6439  32.512792  32.513203    6.62833     2.1257 2.1985e+01    -0.0231     0.0000      98.78    97.7213     0.0755     125584    6.62806    0.00000    34.8879    34.8881         61 0.0000e+00
    824.000    814.628     3.6431     3.6437  32.511238  32.511997    6.62999     2.1265 2.1872e+01    -0.0230     0.0000      98.78    97.7211     0.0755     125637    6.62976    0.00000    34.8877    34.8879         45 0.0000e+00
    822.000    812.654     3.6411     3.6420  32.508376  32.509474    6.62950     2.1267 2.2085e+01    -0.0234     0.0000      98.78    97.7268     0.0755     125683    6.62925    0.00000    34.8874    34.8877         52 0.0000e+00
    820.000    810.681     3.6400     3.6408  32.506474  32.507411    6.63282     2.1278 2.2052e+01    -0.0238     0.0000      98.78    97.7265     0.0755     125739    6.63260    0.00000    34.8873    34.8876         57 0.0000e+00
    818.000    808.707     3.6405     3.6406  32.505972  32.506277    6.63390     2.1285 2.2011e+01    -0.0232     0.0000      98.78    97.7227     0.0755     125793    6.63360    0.00000    34.8873    34.8875         50 0.0000e+00
    816.000    806.734     3.6409     3.6412  32.505535  32.505895    6.63311     2.1288 2.1999e+01    -0.0223     0.0000      98.78    97.7267     0.0755     125838    6.63285    0.00000    34.8873    34.8874         38 0.0000e+00
    814.000    804.760     3.6400     3.6409  32.503724  32.504569    6.63282     2.1291 2.2053e+01    -0.0233     0.0000      98.78    97.7248     0.0755     125872    6.63258    0.00000    34.8872    34.8873         32 0.0000e+00
    812.000    802.787     3.6393     3.6400  32.502148  32.502881    6.63594     2.1302 2.2009e+01    -0.0226     0.0000      98.78    97.7085     0.0755     125907    6.63574    0.00000    34.8871    34.8872         44 0.0000e+00
    810.000    800.814     3.6394     3.6397  32.501494  32.501971    6.63803     2.1312 2.2029e+01    -0.0233     0.0000      98.78    97.7236     0.0755     125979    6.63786    0.00000    34.8873    34.8875         80 0.0000e+00
    808.000    798.840     3.6399     3.6399  32.501025  32.500981    6.63629     2.1312 2.2207e+01    -0.0236     0.0000      98.78    97.7267     0.0755     126031    6.63601    0.00000    34.8872    34.8872         39 0.0000e+00
    806.000    796.867     3.6423     3.6415  32.502678  32.501837    6.63541     2.1315 2.2104e+01    -0.0239     0.0000      98.78    97.7243     0.0755     126070    6.63516    0.00000    34.8876    34.8875         40 0.0000e+00
    804.000    794.893     3.6447     3.6425  32.504383  32.502226    6.63709     2.1324 2.1983e+01    -0.0232     0.0000      98.78    97.7216     0.0755     126118    6.63681    0.00000    34.8882    34.8880         56 0.0000e+00
    802.000    792.920     3.6456     3.6450  32.504236  32.503589    6.63563     2.1325 2.2012e+01    -0.0239     0.0000      98.78    97.7162     0.0755     126173    6.63538    0.00000    34.8881    34.8880         49 0.0000e+00
    800.000    790.946     3.6463     3.6462  32.504081  32.503888    6.63734     2.1334 2.2052e+01    -0.0232     0.0000      98.78    97.7089     0.0755     126215    6.63706    0.00000    34.8882    34.8881         39 0.0000e+00
    798.000    788.972     3.6470     3.6468  32.503957  32.503772    6.63889     2.1343 2.1968e+01    -0.0225     0.0000      98.78    97.7229     0.0755     126257    6.63878    0.00000    34.8884    34.8884         47 0.0000e+00
    796.000    786.999     3.6474     3.6472  32.503462  32.503280    6.63868     2.1346 2.2007e+01    -0.0227     0.0000      98.78    97.7151     0.0755     126304    6.63838    0.00000    34.8884    34.8884         45 0.0000e+00
    794.000    785.025     3.6474     3.6475  32.502743  32.502878    6.63860     2.1350 2.2107e+01    -0.0232     0.0000      98.78    97.7209     0.0755     126358    6.63839    0.00000    34.8886    34.8887         68 0.0000e+00
    792.000    783.051     3.6477     3.6480  32.501880  32.502322    6.63897     2.1355 2.1863e+01    -0.0232     0.0000      98.78    97.7065     0.0755     126419    6.63868    0.00000    34.8883    34.8886         45 0.0000e+00
    790.000    781.078     3.6474     3.6479  32.500753  32.501145    6.64015     2.1362 2.1999e+01    -0.0234     0.0000      98.78    97.7222     0.0755     126458    6.63995    0.00000    34.8883    34.8883         38 0.0000e+00
    788.000    779.104     3.6477     3.6478  32.500209  32.500468    6.64200     2.1371 2.2050e+01    -0.0237     0.0000      98.78    97.7054     0.0755     126500    6.64169    0.00000    34.8884    34.8886         49 0.0000e+00
    786.000    777.130     3.6480     3.6478  32.499710  32.499612    6.64174     2.1375 2.2093e+01    -0.0235     0.0000      98.78    97.7173     0.0755     126554    6.64155    0.00000    34.8885    34.8886         51 0.0000e+00
    784.000    775.157     3.6476     3.6481  32.498229  32.498977    6.64112     2.1377 2.1948e+01    -0.0232     0.0000      98.78    97.7254     0.0755     126597    6.64086    0.00000    34.8883    34.8886         39 0.0000e+00
    782.000    773.183     3.6441     3.6455  32.493916  32.495502    6.64242     2.1383 2.2085e+01    -0.0229     0.0000      98.78    97.7217     0.0755     126639    6.64216    0.00000    34.8878    34.8883         50 0.0000e+00
    780.000    771.209     3.6444     3.6455  32.493428  32.494566    6.64523     2.1394 2.2050e+01    -0.0232     0.0000      98.78    97.7188     0.0755     126700    6.64494    0.00000    34.8880    34.8882         61 0.0000e+00
    778.000    769.236     3.6468     3.6466  32.494917  32.494590    6.63885     2.1384 2.2007e+01    -0.0232     0.0000      98.78    97.7240     0.0755     126751    6.63868    0.00000    34.8883    34.8881         45 0.0000e+00
    776.000    767.262     3.6492     3.6491  32.496465  32.496418    6.63941     2.1391 2.2101e+01    -0.0226     0.0000      98.78    97.7258     0.0755     126794    6.63921    0.00000    34.8886    34.8887         42 0.0000e+00
    774.000    765.288     3.6496     3.6496  32.495964  32.496196    6.63994     2.1396 2.2053e+01    -0.0228     0.0000      98.78    97.7066     0.0755     126838    6.63975    0.00000    34.8886    34.8890         46 0.0000e+00
    772.000    763.314     3.6491     3.6495  32.494684  32.495328    6.64165     2.1405 2.2136e+01    -0.0230     0.0000      98.78    97.7158     0.0755     126886    6.64144    0.00000    34.8886    34.8890         48 0.0000e+00
    770.000    761.340     3.6484     3.6486  32.492983  32.493396    6.64126     2.1408 2.2097e+01    -0.0237     0.0000      98.78    97.7224     0.0755     126932    6.64108    0.00000    34.8885    34.8888         45 0.0000e+00
    768.000    759.366     3.6493     3.6492  32.493246  32.493178    6.64286     2.1416 2.2088e+01    -0.0235     0.0000      98.78    97.7104     0.0755     126981    6.64264    0.00000    34.8888    34.8889         56 0.0000e+00
    766.000    757.392     3.6499     3.6498  32.492910  32.492994    6.64517     2.1426 2.2085e+01    -0.0236     0.0000      98.78    97.7176     0.0755     127041    6.64492    0.00000    34.8889    34.8890         60 0.0000e+00
    764.000    755.418     3.6504     3.6504  32.492401  32.492455    6.64233     2.1424 2.2050e+01    -0.0227     0.0000      98.78    97.7220     0.0755     127094    6.64217    0.00000    34.8888    34.8888         42 0.0000e+00
    762.000    753.444     3.6508     3.6512  32.491904  32.492244    6.63802     2.1418 2.2113e+01    -0.0228     0.0000      98.78    97.7124     0.0755     127129    6.63792    0.00000    34.8888    34.8888         33 0.0000e+00
    760.000    751.470     3.6510     3.6512  32.491352  32.491579    6.63840     2.1423 2.2098e+01    -0.0232     0.0000      98.78    97.7029     0.0755     127165    6.63830    0.00000    34.8890    34.8890         45 0.0000e+00
    758.000    749.497     3.6507     3.6510  32.490252  32.490625    6.64564     2.1445 2.1978e+01    -0.0227     0.0000      98.78    97.7027     0.0755     127225    6.64545    0.00000    34.8890    34.8891         61 0.0000e+00
    756.000    747.523     3.6513     3.6516  32.489758  32.490195    6.64038     2.1436 2.2001e+01    -0.0226     0.0000      98.78    97.7198     0.0755     127271    6.64029    0.00000    34.8888    34.8891         39 0.0000e+00
    754.000    745.549     3.6514     3.6517  32.489133  32.489480    6.64208     2.1445 2.2049e+01    -0.0233     0.0000      98.78    97.7052     0.0755     127317    6.64199    0.00000    34.8891    34.8892         60 0.0000e+00
