Ship_data/Irminger/Irminger-2/ctd/process/OOI/at30_006.cnv
* Sea-Bird SBE 9 Data File:
* FileName = C:\data\ctd\at30_006.hex
* Software Version Seasave V 7.21f
* Temperature SN = 2265
* Conductivity SN = 3021
* Number of Bytes Per Scan = 40
* Number of Voltage Words = 5
* Number of Scans Averaged by the Deck Unit = 1
* NMEA Latitude = 59 51.06 N
* NMEA Longitude = 039 05.71 W
* NMEA UTC (Time) = Aug 17 2015  17:02:11
# nquan = 21
# nvalues = 1013                        
# units = specified
# name 0 = prDM: Pressure, Digiquartz [db]
# name 1 = depSM: Depth [salt water, m]
# name 2 = t090C: Temperature [ITS-90, deg C]
# name 3 = t190C: Temperature, 2 [ITS-90, deg C]
# name 4 = c0mS/cm: Conductivity [mS/cm]
# name 5 = c1mS/cm: Conductivity, 2 [mS/cm]
# name 6 = sbeox0ML/L: Oxygen, SBE 43 [ml/l]
# name 7 = sbeox0V: Oxygen raw, SBE 43 [V]
# name 8 = spar: SPAR/Surface Irradiance
# name 9 = flECO-AFL: Fluorescence, WET Labs ECO-AFL/FL [mg/m^3]
# name 10 = v2: Voltage 2
# name 11 = altM: Altimeter [m]
# name 12 = CStarTr0: Beam Transmission, WET Labs C-Star [%]
# name 13 = turbWETntu0: Turbidity, WET Labs ECO [NTU]
# name 14 = scan: Scan Count
# name 15 = sbeox0ML/L: Oxygen, SBE 43 [ml/l], WS = 2
# name 16 = sbeox0dOV/dT: Oxygen, SBE 43 [dov/dt], WS = 2
# name 17 = sal00: Salinity, Practical [PSU]
# name 18 = sal11: Salinity, Practical, 2 [PSU]
# name 19 = nbin: number of scans per bin
# name 20 = flag: flag
# span 0 =      2.000,   1014.000       
# span 1 =      1.981,   1002.005       
# span 2 =     3.6114,     8.6155       
# span 3 =     3.6122,     8.6160       
# span 4 =  32.392803,  36.671761       
# span 5 =  32.392517,  36.671438       
# span 6 =    6.47022,    6.92520       
# span 7 =     2.0751,     2.5441       
# span 8 = 3.2756e+02, 5.7117e+02       
# span 9 =    -0.0332,     1.7924       
# span 10 =     0.0000,     0.0000      
# span 11 =      57.32,      99.17      
# span 12 =    93.4926,    97.6829      
# span 13 =     0.0738,     0.1283      
# span 14 =        254,      83456      
# span 15 =    6.47015,    6.92567      
# span 16 =    0.00000,    0.00000      
# span 17 =    34.8624,    34.9259      
# span 18 =    34.8624,    34.9258      
# span 19 =         16,        126      
# span 20 = 0.0000e+00, 0.0000e+00      
# interval = decibars: 2                
# start_time = Aug 17 2015 17:02:11 [NMEA time, header]
# bad_flag = -9.990e-29
*END*
[from data line 483]
    968.000    956.654     3.6381     3.6384  32.568235  32.568612    6.61143     2.0921 4.9667e+02    -0.0232     0.0000      98.78    97.6670     0.0780      30360    6.61136    0.00000    34.8862    34.8863         45 0.0000e+00
    970.000    958.626     3.6383     3.6389  32.569423  32.569858    6.60672     2.0906 4.9544e+02    -0.0229     0.0000      98.78    97.6737     0.0780      30400    6.60652    0.00000    34.8864    34.8863         37 0.0000e+00
    972.000    960.598     3.6388     3.6393  32.570688  32.571237    6.60637     2.0901 4.9508e+02    -0.0226     0.0000      98.78    97.6588     0.0780      30443    6.60627    0.00000    34.8864    34.8865         56 0.0000e+00
    974.000    962.570     3.6393     3.6397  32.572131  32.572398    6.60323     2.0890 4.9453e+02    -0.0230     0.0000      98.78    97.6752     0.0780      30507    6.60294    0.00000    34.8864    34.8864         57 0.0000e+00
    976.000    964.542     3.6384     3.6390  32.572060  32.572892    6.60327     2.0886 4.9338e+02    -0.0229     0.0000      98.78    97.6698     0.0780      30550    6.60313    0.00000    34.8863    34.8867         37 0.0000e+00
    978.000    966.514     3.6353     3.6357  32.569863  32.570273    6.60012     2.0873 4.9207e+02    -0.0224     0.0000      98.78    97.6653     0.0780      30590    6.59992    0.00000    34.8860    34.8861         48 0.0000e+00
    980.000    968.486     3.6350     3.6355  32.570437  32.570830    6.59877     2.0865 4.9156e+02    -0.0226     0.0000      98.78    97.6673     0.0780      30647    6.59857    0.00000    34.8859    34.8859         56 0.0000e+00
    982.000    970.458     3.6335     3.6337  32.569744  32.570027    6.59512     2.0852 4.9069e+02    -0.0221     0.0000      98.78    97.6664     0.0780      30697    6.59499    0.00000    34.8857    34.8858         48 0.0000e+00
    984.000    972.429     3.6346     3.6350  32.571790  32.572154    6.59034     2.0837 4.9039e+02    -0.0227     0.0000      98.78    97.6691     0.0780      30748    6.59031    0.00000    34.8859    34.8859         55 0.0000e+00
    986.000    974.402     3.6340     3.6343  32.572031  32.572448    6.58831     2.0828 4.8974e+02    -0.0230     0.0000      98.78    97.6600     0.0780      30800    6.58820    0.00000    34.8859    34.8860         47 0.0000e+00
    988.000    976.373     3.6281     3.6285  32.566870  32.567397    6.58648     2.0817 4.8941e+02    -0.0227     0.0000      98.78    97.6604     0.0780      30845    6.58632    0.00000    34.8849    34.8851         46 0.0000e+00
    990.000    978.345     3.6272     3.6277  32.566683  32.567247    6.58680     2.0813 4.8893e+02    -0.0221     0.0000      98.78    97.6544     0.0780      30892    6.58666    0.00000    34.8846    34.8848         46 0.0000e+00
    992.000    980.317     3.6255     3.6260  32.565962  32.566502    6.59085     2.0818 4.8901e+02    -0.0229     0.0000      98.78    97.6709     0.0780      30936    6.59076    0.00000    34.8845    34.8846         43 0.0000e+00
    994.000    982.289     3.6244     3.6248  32.565636  32.566104    6.59410     2.0821 4.8923e+02    -0.0227     0.0000      98.78    97.6681     0.0780      30986    6.59400    0.00000    34.8842    34.8843         62 0.0000e+00
    996.000    984.260     3.6240     3.6246  32.566140  32.566658    6.60036     2.0831 4.9020e+02    -0.0225     0.0000      98.78    97.6645     0.0780      31055    6.60010    0.00000    34.8842    34.8842         64 0.0000e+00
    998.000    986.232     3.6238     3.6242  32.566869  32.567256    6.60197     2.0831 4.8983e+02    -0.0224     0.0000      98.78    97.6248     0.0780      31106    6.60167    0.00000    34.8843    34.8843         44 0.0000e+00
   1000.000    988.204     3.6231     3.6235  32.566878  32.567257    6.60127     2.0825 4.8918e+02    -0.0222     0.0000      98.78    97.6671     0.0780      31159    6.60108    0.00000    34.8840    34.8840         73 0.0000e+00
   1002.000    990.175     3.6233     3.6237  32.568039  32.568360    6.60036     2.0820 4.9056e+02    -0.0227     0.0000      98.78    97.6720     0.0780      31239    6.60075    0.00000    34.8841    34.8841         74 0.0000e+00
   1004.000    992.147     3.6232     3.6236  32.568782  32.569140    6.59988     2.0814 4.9004e+02    -0.0229     0.0000      98.78    97.6744     0.0780      31313    6.59985    0.00000    34.8841    34.8841         89 0.0000e+00
   1006.000    994.119     3.6234     3.6238  32.569783  32.570093    6.59100     2.0789 4.9149e+02    -0.0223     0.0000      98.78    97.6779     0.0780      31428    6.59079    0.00000    34.8841    34.8840        111 0.0000e+00
   1008.000    996.090     3.6244     3.6249  32.571660  32.572066    6.58476     2.0771 4.9104e+02    -0.0225     0.0000      98.78    97.6734     0.0780      31579    6.58456    0.00000    34.8842    34.8842         96 0.0000e+00
   1010.000    998.062     3.6249     3.6243  32.573068  32.572288    6.58664     2.0771 4.9007e+02    -0.0228     0.0000      98.78    97.6718     0.0780      31842    6.58653    0.00000    34.8843    34.8841        122 0.0000e+00
   1012.000   1000.034     3.6148     3.6152  32.563610  32.564117    6.59039     2.0772 4.8077e+02    -0.0227     0.0000      98.78    97.6694     0.0780      33046    6.59023    0.00000    34.8828    34.8830        120 0.0000e+00
   1014.000   1002.005     3.6114     3.6122  32.561371  32.561729    6.59005     2.0769 4.7521e+02    -0.0229     0.0000      98.78    97.6679     0.0780      38080    6.59130    0.00000    34.8827    34.8823         16 0.0000e+00
   1012.000   1000.034     3.6134     3.6143  32.562224  32.562902    6.59027     2.0770 4.7866e+02    -0.0234     0.0000      98.78    97.6707     0.0780      35767    6.58984    0.00000    34.8826    34.8824         60 0.0000e+00
   1010.000    998.062     3.6178     3.6164  32.565912  32.564186    6.58447     2.0763 4.7936e+02    -0.0227     0.0000      98.78    97.6555     0.0780      35936    6.58419    0.00000    34.8833    34.8828         89 0.0000e+00
   1008.000    996.090     3.6243     3.6237  32.571500  32.570656    6.57662     2.0751 4.8054e+02    -0.0225     0.0000      98.78    97.6818     0.0780      36042    6.57646    0.00000    34.8842    34.8838         69 0.0000e+00
   1006.000    994.119     3.6263     3.6265  32.572480  32.572478    6.57580     2.0754 4.7922e+02    -0.0225     0.0000      98.78    97.6726     0.0780      36164    6.57552    0.00000    34.8843    34.8840         36 0.0000e+00
   1004.000    992.147     3.6268     3.6272  32.572211  32.572538    6.57549     2.0758 4.7724e+02    -0.0231     0.0000      98.78    97.6672     0.0780      36234    6.57537    0.00000    34.8844    34.8844         55 0.0000e+00
   1002.000    990.175     3.6254     3.6261  32.569874  32.570552    6.57443     2.0759 4.7276e+02    -0.0221     0.0000      98.78    97.6642     0.0780      36347    6.57433    0.00000    34.8842    34.8842         51 0.0000e+00
   1000.000    988.204     3.6232     3.6239  32.566854  32.567507    6.57770     2.0770 4.7071e+02    -0.0228     0.0000      98.78    97.6720     0.0780      36413    6.57753    0.00000    34.8839    34.8840         86 0.0000e+00
    998.000    986.232     3.6229     3.6233  32.565664  32.566005    6.58901     2.0800 4.6734e+02    -0.0226     0.0000      98.78    97.6790     0.0780      36521    6.58883    0.00000    34.8838    34.8838         99 0.0000e+00
    996.000    984.260     3.6242     3.6244  32.566180  32.566194    6.58990     2.0807 4.6666e+02    -0.0227     0.0000      98.78    97.6765     0.0780      36587    6.58985    0.00000    34.8841    34.8839         63 0.0000e+00
    994.000    982.289     3.6300     3.6295  32.571216  32.570505    6.58931     2.0812 4.6532e+02    -0.0228     0.0000      98.78    97.6751     0.0780      36677    6.58921    0.00000    34.8849    34.8846        102 0.0000e+00
    992.000    980.317     3.6352     3.6331  32.575456  32.573045    6.58418     2.0807 4.6393e+02    -0.0223     0.0000      98.78    97.6741     0.0780      36751    6.58408    0.00000    34.8856    34.8849         49 0.0000e+00
    990.000    978.345     3.6364     3.6367  32.575957  32.576032    6.58045     2.0802 4.6329e+02    -0.0224     0.0000      98.78    97.6653     0.0780      36793    6.58033    0.00000    34.8858    34.8856         43 0.0000e+00
    988.000    976.373     3.6362     3.6369  32.574932  32.575469    6.57818     2.0801 4.6290e+02    -0.0230     0.0000      98.78    97.6731     0.0780      36856    6.57804    0.00000    34.8859    34.8858         87 0.0000e+00
    986.000    974.402     3.6373     3.6373  32.574926  32.574886    6.57464     2.0797 4.6095e+02    -0.0227     0.0000      98.78    97.6721     0.0780      36936    6.57436    0.00000    34.8858    34.8857         56 0.0000e+00
    984.000    972.430     3.6370     3.6376  32.573834  32.574233    6.57316     2.0797 4.6118e+02    -0.0228     0.0000      98.78    97.6774     0.0780      36978    6.57280    0.00000    34.8858    34.8857         40 0.0000e+00
    982.000    970.458     3.6374     3.6378  32.573461  32.573810    6.57318     2.0802 4.6124e+02    -0.0226     0.0000      98.78    97.6721     0.0780      37026    6.57299    0.00000    34.8860    34.8860         62 0.0000e+00
    980.000    968.486     3.6372     3.6381  32.572284  32.573095    6.57450     2.0809 4.6128e+02    -0.0220     0.0000      98.78    97.6754     0.0780      37089    6.57448    0.00000    34.8858    34.8858         50 0.0000e+00
    978.000    966.514     3.6356     3.6366  32.569712  32.570654    6.57077     2.0803 4.6243e+02    -0.0223     0.0000      98.78    97.6721     0.0780      37130    6.57059    0.00000    34.8855    34.8856         40 0.0000e+00
    976.000    964.542     3.6362     3.6364  32.569377  32.569517    6.57007     2.0806 4.6348e+02    -0.0229     0.0000      98.78    97.6724     0.0780      37172    6.56990    0.00000    34.8854    34.8854         45 0.0000e+00
    974.000    962.570     3.6372     3.6371  32.569524  32.569370    6.57651     2.0826 4.6517e+02    -0.0227     0.0000      98.78    97.6735     0.0780      37219    6.57631    0.00000    34.8856    34.8855         49 0.0000e+00
    972.000    960.598     3.6377     3.6379  32.569218  32.569343    6.58548     2.0851 4.6679e+02    -0.0228     0.0000      98.78    97.6728     0.0780      37279    6.58534    0.00000    34.8857    34.8857         64 0.0000e+00
    970.000    958.626     3.6378     3.6383  32.568383  32.568708    6.58738     2.0860 4.6886e+02    -0.0227     0.0000      98.78    97.6706     0.0780      37327    6.58712    0.00000    34.8857    34.8856         36 0.0000e+00
    968.000    956.654     3.6377     3.6382  32.567402  32.567884    6.58708     2.0863 4.7143e+02    -0.0229     0.0000      98.78    97.6755     0.0780      37361    6.58688    0.00000    34.8856    34.8856         35 0.0000e+00
    966.000    954.682     3.6373     3.6378  32.566312  32.566771    6.58871     2.0871 4.7302e+02    -0.0228     0.0000      98.78    97.6607     0.0780      37411    6.58862    0.00000    34.8858    34.8858         67 0.0000e+00
    964.000    952.710     3.6368     3.6377  32.564795  32.565728    6.58813     2.0873 4.7428e+02    -0.0236     0.0000      98.78    97.6740     0.0780      37470    6.58800    0.00000    34.8856    34.8857         44 0.0000e+00
    962.000    950.738     3.6357     3.6365  32.562824  32.563605    6.58853     2.0878 4.7542e+02    -0.0233     0.0000      98.78    97.6714     0.0780      37509    6.58834    0.00000    34.8854    34.8855         37 0.0000e+00
    960.000    948.766     3.6353     3.6358  32.561646  32.562237    6.58965     2.0884 4.7718e+02    -0.0222     0.0000      98.78    97.6654     0.0780      37552    6.58944    0.00000    34.8854    34.8856         53 0.0000e+00
    958.000    946.794     3.6361     3.6362  32.561680  32.561623    6.59432     2.0900 4.7914e+02    -0.0221     0.0000      98.78    97.6561     0.0780      37615    6.59423    0.00000    34.8857    34.8855         61 0.0000e+00
    956.000    944.822     3.6363     3.6368  32.560749  32.561077    6.59643     2.0909 4.8048e+02    -0.0228     0.0000      98.78    97.6698     0.0780      37660    6.59622    0.00000    34.8855    34.8853         35 0.0000e+00
    954.000    942.850     3.6362     3.6367  32.559713  32.560286    6.59584     2.0912 4.8323e+02    -0.0225     0.0000      98.78    97.6622     0.0780      37693    6.59560    0.00000    34.8853    34.8855         34 0.0000e+00
    952.000    940.878     3.6360     3.6364  32.558863  32.559303    6.59792     2.0921 4.8527e+02    -0.0224     0.0000      98.78    97.6671     0.0780      37736    6.59789    0.00000    34.8856    34.8856         57 0.0000e+00
    950.000    938.906     3.6354     3.6361  32.557300  32.557969    6.60147     2.0933 4.8618e+02    -0.0230     0.0000      98.78    97.6609     0.0780      37801    6.60134    0.00000    34.8853    34.8854         63 0.0000e+00
    948.000    936.933     3.6350     3.6358  32.556107  32.556813    6.60451     2.0944 4.8729e+02    -0.0227     0.0000      98.78    97.6657     0.0780      37855    6.60421    0.00000    34.8853    34.8854         43 0.0000e+00
    946.000    934.961     3.6349     3.6356  32.555075  32.555681    6.60288     2.0944 4.8910e+02    -0.0221     0.0000      98.78    97.6616     0.0780      37890    6.60256    0.00000    34.8853    34.8853         33 0.0000e+00
    944.000    932.989     3.6358     3.6360  32.555245  32.555249    6.60308     2.0949 4.9076e+02    -0.0226     0.0000      98.78    97.6629     0.0780      37928    6.60295    0.00000    34.8855    34.8854         52 0.0000e+00
    942.000    931.017     3.6375     3.6372  32.556145  32.555542    6.60622     2.0962 4.9146e+02    -0.0225     0.0000      98.78    97.6657     0.0780      37995    6.60606    0.00000    34.8859    34.8855         57 0.0000e+00
    940.000    929.044     3.6396     3.6395  32.557311  32.556805    6.60472     2.0963 4.9257e+02    -0.0234     0.0000      98.78    97.6634     0.0780      38033    6.60452    0.00000    34.8860    34.8856         34 0.0000e+00
    938.000    927.072     3.6413     3.6410  32.558158  32.557799    6.60604     2.0971 4.9373e+02    -0.0228     0.0000      98.78    97.6578     0.0780      38072    6.60575    0.00000    34.8863    34.8862         51 0.0000e+00
    936.000    925.100     3.6432     3.6430  32.559179  32.558929    6.60617     2.0976 4.9348e+02    -0.0229     0.0000      98.78    97.6598     0.0780      38134    6.60594    0.00000    34.8865    34.8865         57 0.0000e+00
    934.000    923.128     3.6438     3.6438  32.559007  32.558737    6.60896     2.0987 4.9452e+02    -0.0227     0.0000      98.78    97.6669     0.0780      38176    6.60882    0.00000    34.8867    34.8863         37 0.0000e+00
    932.000    921.155     3.6447     3.6449  32.559031  32.559151    6.60729     2.0988 4.9487e+02    -0.0224     0.0000      98.78    97.6621     0.0780      38214    6.60713    0.00000    34.8868    34.8868         44 0.0000e+00
    930.000    919.183     3.6447     3.6451  32.558242  32.558509    6.60644     2.0990 4.9306e+02    -0.0225     0.0000      98.78    97.6652     0.0780      38272    6.60621    0.00000    34.8869    34.8868         64 0.0000e+00
    928.000    917.211     3.6457     3.6457  32.558261  32.558152    6.61027     2.1003 4.9246e+02    -0.0230     0.0000      98.78    97.6629     0.0780      38324    6.61010    0.00000    34.8869    34.8868         41 0.0000e+00
    926.000    915.238     3.6459     3.6465  32.557596  32.557968    6.61084     2.1009 4.9191e+02    -0.0229     0.0000      98.78    97.6657     0.0780      38362    6.61075    0.00000    34.8869    34.8868         37 0.0000e+00
