Ship_data/Irminger/Irminger-2/ctd/process/OOI/at30_012.ros
* Sea-Bird SBE 9 Data File:
* FileName = C:\data\ctd\at30_012.hex
* Software Version Seasave V 7.21f
* Temperature SN = 2265
* Conductivity SN = 3021
* Number of Bytes Per Scan = 40
* Number of Voltage Words = 5
* Number of Scans Averaged by the Deck Unit = 1
* NMEA Latitude = 59 59.98 N
* NMEA Longitude = 039 28.96 W
* NMEA UTC (Time) = Aug 23 2015  16:50:38
** Cal/Val for HYPM-2
# nquan = 17
# nvalues = 588                                   
# units = specified
# name 0 = prDM: Pressure, Digiquartz [db]
# name 1 = depSM: Depth [salt water, m]
# name 2 = t090C: Temperature [ITS-90, deg C]
# name 3 = t190C: Temperature, 2 [ITS-90, deg C]
# name 4 = c0mS/cm: Conductivity [mS/cm]
# name 5 = c1mS/cm: Conductivity, 2 [mS/cm]
# name 6 = sbeox0ML/L: Oxygen, SBE 43 [ml/l]
# name 7 = sbeox0V: Oxygen raw, SBE 43 [V]
# name 8 = spar: SPAR/Surface Irradiance
# name 9 = flECO-AFL: Fluorescence, WET Labs ECO-AFL/FL [mg/m^3]
# name 10 = v2: Voltage 2
# name 11 = altM: Altimeter [m]
# name 12 = CStarTr0: Beam Transmission, WET Labs C-Star [%]
# name 13 = turbWETntu0: Turbidity, WET Labs ECO [NTU]
# name 14 = scan: Scan Count
# name 15 = nbf: Bottles Fired
# name 16 = flag:  0.000e+00
# interval = seconds: 0.0416667
# start_time = Aug 23 2015 16:50:38 [NMEA time, header]
# bad_flag = -9.990e-29
*END*
[from data line 426]
    608.707    602.083     3.6852     3.6839  32.456565  32.455736    6.59509     2.1652 2.4658e+02    -0.0585     0.0000      98.73    97.7324     0.0707     150185          9  0.000e+00
    608.650    602.026     3.6851     3.6834  32.456385  32.455450    6.59507     2.1652 2.4658e+02    -0.0658     0.0000      98.73    97.7324     0.0707     150186          9  0.000e+00
    608.617    601.994     3.6847     3.6831  32.455904  32.454880    6.59512     2.1652 2.4858e+02    -0.0658     0.0000      98.73    97.7324     0.0682     150187          9  0.000e+00
    608.527    601.905     3.6841     3.6829  32.455062  32.454537    6.59515     2.1652 2.4658e+02    -0.0585     0.0000      98.73    97.7585     0.0707     150188          9  0.000e+00
    608.527    601.905     3.6835     3.6829  32.455002  32.453681    6.59524     2.1652 2.4658e+02    -0.0585     0.0000      98.73    97.7324     0.0682     150189          9  0.000e+00
    608.494    601.873     3.6837     3.6830  32.455302  32.454251    6.59517     2.1652 2.4858e+02    -0.0658     0.0000      98.73    97.7324     0.0707     150190          9  0.000e+00
    608.404    601.784     3.6837     3.6828  32.455002  32.453966    6.59018     2.1640 2.4858e+02    -0.0585     0.0000      98.73    97.7324     0.0707     150191          9  0.000e+00
    608.404    601.784     3.6830     3.6826  32.454400  32.453966    6.59523     2.1652 2.4858e+02    -0.0585     0.0000      98.73    97.7324     0.0707     150192          9  0.000e+00
    608.372    601.751     3.6826     3.6826  32.453859  32.453680    6.59527     2.1652 2.4658e+02    -0.0585     0.0000      98.73    97.7324     0.0707     150193          9  0.000e+00
    608.290    601.671     3.6824     3.6825  32.453859  32.453394    6.59524     2.1652 2.4658e+02    -0.0658     0.0000      98.73    97.7324     0.0707     150194          9  0.000e+00
    608.224    601.606     3.6825     3.6823  32.453739  32.453680    6.59516     2.1652 2.4858e+02    -0.0585     0.0000      98.73    97.7062     0.0707     150195          9  0.000e+00
    608.191    601.574     3.6826     3.6823  32.453859  32.453337    6.59512     2.1652 2.4658e+02    -0.0585     0.0000      98.73    97.6800     0.0707     150196          9  0.000e+00
    608.167    601.549     3.6824     3.6820  32.453739  32.453337    6.59513     2.1652 2.4658e+02    -0.0585     0.0000      98.73    97.6800     0.0707     150197          9  0.000e+00
    608.101    601.485     3.6825     3.6821  32.453738  32.453108    6.59505     2.1652 2.4658e+02    -0.0585     0.0000      98.73    97.7324     0.0707     150198          9  0.000e+00
    608.069    601.452     3.6824     3.6821  32.453858  32.452766    6.59504     2.1652 2.4658e+02    -0.0585     0.0000      98.73    97.7062     0.0707     150199          9  0.000e+00
    405.140    400.927     3.9153     3.9154  32.589419  32.589160    6.46956     2.1879 2.4858e+02    -0.0585     0.0000      98.73    97.7062     0.0707     156965         10  0.000e+00
    405.254    401.040     3.9155     3.9154  32.589539  32.589103    6.46963     2.1879 2.4658e+02    -0.0585     0.0000      98.73    97.7062     0.0707     156966         10  0.000e+00
    405.197    400.984     3.9157     3.9154  32.589419  32.589446    6.46956     2.1879 2.4658e+02    -0.0658     0.0000      98.73    97.7062     0.0707     156967         10  0.000e+00
    405.197    400.984     3.9153     3.9154  32.589298  32.589160    6.46961     2.1879 2.4658e+02    -0.0585     0.0000      98.73    97.7062     0.0707     156968         10  0.000e+00
    405.197    400.984     3.9153     3.9152  32.589419  32.589389    6.46484     2.1866 2.4658e+02    -0.0658     0.0000      98.73    97.7062     0.0707     156969         10  0.000e+00
    405.197    400.984     3.9156     3.9154  32.589419  32.589160    6.46957     2.1879 2.4658e+02    -0.0658     0.0000      98.73    97.7062     0.0707     156970         10  0.000e+00
    405.197    400.984     3.9155     3.9154  32.589479  32.589446    6.46482     2.1866 2.4658e+02    -0.0585     0.0000      98.73    97.7324     0.0707     156971         10  0.000e+00
    405.197    400.984     3.9152     3.9152  32.589539  32.589389    6.46961     2.1879 2.4658e+02    -0.0585     0.0000      98.73    97.7062     0.0707     156972         10  0.000e+00
    405.197    400.984     3.9153     3.9154  32.588997  32.589160    6.46486     2.1866 2.4658e+02    -0.0585     0.0000      98.73    97.7324     0.0707     156973         10  0.000e+00
    405.197    400.984     3.9153     3.9154  32.589359  32.589446    6.46960     2.1879 2.4658e+02    -0.0585     0.0000      98.73    97.7324     0.0682     156974         10  0.000e+00
    405.254    401.040     3.9153     3.9154  32.589359  32.589103    6.46489     2.1866 2.4658e+02    -0.0658     0.0000      98.73    97.7062     0.0707     156975         10  0.000e+00
    405.140    400.927     3.9153     3.9152  32.589057  32.589446    6.46480     2.1866 2.4658e+02    -0.0805     0.0000      98.73    97.7062     0.0707     156976         10  0.000e+00
    405.254    401.040     3.9152     3.9154  32.589238  32.589160    6.46491     2.1866 2.4658e+02    -0.0585     0.0000      98.73    97.7062     0.0707     156977         10  0.000e+00
    405.197    400.984     3.9151     3.9154  32.589058  32.589103    6.46963     2.1879 2.4658e+02    -0.0585     0.0000      98.73    97.7062     0.0707     156978         10  0.000e+00
    405.197    400.984     3.9153     3.9154  32.589118  32.589446    6.46485     2.1866 2.4658e+02    -0.0658     0.0000      98.73    97.7062     0.0707     156979         10  0.000e+00
    405.197    400.984     3.9150     3.9154  32.589178  32.589160    6.46489     2.1866 2.4658e+02    -0.0585     0.0000      98.73    97.7062     0.0707     156980         10  0.000e+00
    405.197    400.984     3.9151     3.9154  32.588997  32.589389    6.46487     2.1866 2.4658e+02    -0.0585     0.0000      98.73    97.7062     0.0707     156981         10  0.000e+00
    405.254    401.040     3.9150     3.9155  32.589118  32.589160    6.46493     2.1866 2.4658e+02    -0.0585     0.0000      98.73    97.7062     0.0707     156982         10  0.000e+00
    405.197    400.984     3.9151     3.9155  32.589238  32.589446    6.46962     2.1879 2.4658e+02    -0.0658     0.0000      98.73    97.7062     0.0707     156983         10  0.000e+00
    405.197    400.984     3.9150     3.9154  32.589299  32.589389    6.46964     2.1878 2.4658e+02    -0.0585     0.0000      98.73    97.7324     0.0707     156984         10  0.000e+00
    405.197    400.984     3.9150     3.9155  32.589058  32.589446    6.46489     2.1866 2.4658e+02    -0.0658     0.0000      98.73    97.7062     0.0707     156985         10  0.000e+00
    405.254    401.040     3.9146     3.9154  32.588937  32.589160    6.46499     2.1866 2.4858e+02    -0.0585     0.0000      98.73    97.7062     0.0707     156986         10  0.000e+00
    405.254    401.040     3.9149     3.9152  32.588636  32.589389    6.46497     2.1866 2.4858e+02    -0.0585     0.0000      98.73    97.7062     0.0707     156987         10  0.000e+00
    405.197    400.984     3.9148     3.9154  32.588576  32.589446    6.46969     2.1878 2.4858e+02    -0.0585     0.0000      98.73    97.6800     0.0707     156988         10  0.000e+00
    405.197    400.984     3.9148     3.9155  32.588817  32.589103    6.46492     2.1866 2.4858e+02    -0.0585     0.0000      98.73    97.6800     0.0707     156989         10  0.000e+00
    405.254    401.040     3.9150     3.9154  32.589058  32.589446    6.46969     2.1878 2.4658e+02    -0.0585     0.0000      98.73    97.6539     0.0707     156990         10  0.000e+00
    405.197    400.984     3.9147     3.9154  32.588997  32.589160    6.46492     2.1866 2.4658e+02    -0.0585     0.0000      98.73    97.6539     0.0707     156991         10  0.000e+00
    405.254    401.040     3.9148     3.9154  32.588937  32.589389    6.46496     2.1866 2.4658e+02    -0.0585     0.0000      98.73    97.6539     0.0707     156992         10  0.000e+00
    405.254    401.040     3.9148     3.9154  32.589359  32.589160    6.46493     2.1866 2.4858e+02    -0.0585     0.0000      98.73    97.6800     0.0707     156993         10  0.000e+00
    405.254    401.040     3.9148     3.9155  32.588998  32.589160    6.46495     2.1866 2.4858e+02    -0.0585     0.0000      98.73    97.7062     0.0707     156994         10  0.000e+00
    405.254    401.040     3.9148     3.9154  32.588697  32.589389    6.46497     2.1866 2.4858e+02    -0.0658     0.0000      98.73    97.6800     0.0707     156995         10  0.000e+00
    405.254    401.040     3.9149     3.9154  32.588636  32.589160    6.46496     2.1866 2.4658e+02    -0.0585     0.0000      98.73    97.7062     0.0707     156996         10  0.000e+00
    405.197    400.984     3.9148     3.9154  32.588997  32.589446    6.46490     2.1866 2.4858e+02    -0.0658     0.0000      98.73    97.7062     0.0707     156997         10  0.000e+00
    405.254    401.040     3.9150     3.9154  32.588757  32.589389    6.46494     2.1866 2.4658e+02    -0.0585     0.0000      98.73    97.7062     0.0682     156998         10  0.000e+00
    405.254    401.040     3.9146     3.9155  32.589058  32.589446    6.46496     2.1866 2.4858e+02    -0.0585     0.0000      98.73    97.6800     0.0707     156999         10  0.000e+00
    405.254    401.040     3.9148     3.9155  32.589238  32.589446    6.46493     2.1866 2.4858e+02    -0.0585     0.0000      98.73    97.7062     0.0707     157000         10  0.000e+00
    405.320    401.105     3.9149     3.9154  32.588938  32.589389    6.46500     2.1866 2.4658e+02    -0.0585     0.0000      98.73    97.7062     0.0707     157001         10  0.000e+00
    405.254    401.040     3.9146     3.9155  32.588877  32.589446    6.46497     2.1866 2.4658e+02    -0.0585     0.0000      98.73    97.6800     0.0682     157002         10  0.000e+00
    405.254    401.040     3.9148     3.9154  32.588937  32.589160    6.46495     2.1866 2.4858e+02    -0.0585     0.0000      98.73    97.7062     0.0707     157003         10  0.000e+00
    405.320    401.105     3.9148     3.9154  32.589058  32.589389    6.46499     2.1866 2.4858e+02    -0.0585     0.0000      98.73    97.7062     0.0707     157004         10  0.000e+00
    405.254    401.040     3.9146     3.9150  32.588998  32.588588    6.46496     2.1866 2.4658e+02    -0.0585     0.0000      98.73    97.7062     0.0707     157005         10  0.000e+00
    405.254    401.040     3.9149     3.9150  32.588937  32.589160    6.46493     2.1866 2.4858e+02    -0.0585     0.0000      98.73    97.6800     0.0707     157006         10  0.000e+00
    405.320    401.105     3.9148     3.9154  32.589118  32.589389    6.46499     2.1866 2.4658e+02    -0.0585     0.0000      98.73    97.7062     0.0707     157007         10  0.000e+00
    405.254    401.040     3.9150     3.9149  32.588937  32.589160    6.46492     2.1866 2.4658e+02    -0.0585     0.0000      98.73    97.7062     0.0707     157008         10  0.000e+00
    405.320    401.105     3.9148     3.9150  32.589118  32.589103    6.46499     2.1866 2.4658e+02    -0.0585     0.0000      98.73    97.7062     0.0707     157009         10  0.000e+00
    405.320    401.105     3.9150     3.9149  32.589058  32.589160    6.46497     2.1866 2.4658e+02    -0.0585     0.0000      98.73    97.7062     0.0682     157010         10  0.000e+00
    405.254    401.040     3.9152     3.9150  32.589058  32.589160    6.46488     2.1866 2.4858e+02    -0.0585     0.0000      98.73    97.7062     0.0682     157011         10  0.000e+00
    405.320    401.105     3.9151     3.9150  32.589178  32.589389    6.46494     2.1866 2.4858e+02    -0.0585     0.0000      98.73    97.7062     0.0707     157012         10  0.000e+00
    405.320    401.105     3.9150     3.9150  32.589239  32.589160    6.46019     2.1854 2.4658e+02    -0.0585     0.0000      98.73    97.7324     0.0707     157013         10  0.000e+00
    202.378    200.372     4.2885     4.2866  32.856998  32.855212    6.38979     2.2286 2.3255e+02    -0.0585     0.0000      98.73    97.6277     0.0707     164035         11  0.000e+00
    202.297    200.291     4.2885     4.2868  32.857058  32.855097    6.39430     2.2298 2.3255e+02    -0.0585     0.0000      98.73    97.6277     0.0707     164036         11  0.000e+00
    202.264    200.259     4.2885     4.2868  32.857178  32.855211    6.38968     2.2286 2.3255e+02    -0.0585     0.0000      98.73    97.6277     0.0707     164037         11  0.000e+00
    202.419    200.412     4.2888     4.2871  32.856998  32.855843    6.39436     2.2298 2.3255e+02    -0.0585     0.0000      98.73    97.6539     0.0707     164038         11  0.000e+00
    202.199    200.195     4.2885     4.2870  32.856816  32.855383    6.38964     2.2286 2.3255e+02    -0.0585     0.0000      98.73    97.6277     0.0707     164039         11  0.000e+00
    202.354    200.348     4.2885     4.2868  32.857058  32.855498    6.39434     2.2298 2.3255e+02    -0.0585     0.0000      98.73    97.6277     0.0707     164040         11  0.000e+00
    202.264    200.259     4.2887     4.2868  32.856997  32.855383    6.38966     2.2286 2.3255e+02    -0.0658     0.0000      98.73    97.6277     0.0682     164041         11  0.000e+00
    202.297    200.291     4.2886     4.2868  32.857058  32.855211    6.39428     2.2298 2.3255e+02    -0.0585     0.0000      98.73    97.6016     0.0682     164042         11  0.000e+00
    202.264    200.259     4.2885     4.2865  32.856997  32.854925    6.38968     2.2286 2.3255e+02    -0.0585     0.0000      98.73    97.6277     0.0707     164043         11  0.000e+00
    202.199    200.195     4.2885     4.2866  32.856876  32.855383    6.38963     2.2286 2.3255e+02    -0.0585     0.0000      98.73    97.6277     0.0707     164044         11  0.000e+00
    202.297    200.291     4.2887     4.2866  32.856876  32.854925    6.38969     2.2286 2.3255e+02    -0.0585     0.0000      98.73    97.6277     0.0707     164045         11  0.000e+00
    202.199    200.195     4.2885     4.2866  32.856876  32.855383    6.38963     2.2286 2.3255e+02    -0.0585     0.0000      98.73    97.6277     0.0707     164046         11  0.000e+00
    202.232    200.227     4.2887     4.2870  32.856695  32.854924    6.39423     2.2298 2.3255e+02    -0.0585     0.0000      98.73    97.6277     0.0682     164047         11  0.000e+00
    202.264    200.259     4.2885     4.2871  32.856393  32.855383    6.38971     2.2286 2.3255e+02    -0.0585     0.0000      98.73    97.6277     0.0707     164048         11  0.000e+00
    202.232    200.227     4.2887     4.2874  32.856695  32.855498    6.39423     2.2298 2.3455e+02    -0.0585     0.0000      98.73    97.6277     0.0707     164049         11  0.000e+00
    202.199    200.195     4.2885     4.2873  32.856876  32.855211    6.38963     2.2286 2.3255e+02    -0.0585     0.0000      98.73    97.6277     0.0707     164050         11  0.000e+00
    202.199    200.195     4.2886     4.2878  32.856695  32.855383    6.38962     2.2286 2.3255e+02    -0.0658     0.0000      98.73    97.6539     0.0707     164051         11  0.000e+00
    202.175    200.171     4.2883     4.2878  32.856755  32.856415    6.39421     2.2298 2.3255e+02    -0.0585     0.0000      98.73    97.6539     0.0707     164052         11  0.000e+00
    202.199    200.195     4.2885     4.2877  32.856876  32.856014    6.38962     2.2286 2.3255e+02    -0.0585     0.0000      98.73    97.6539     0.0682     164053         11  0.000e+00
    202.175    200.171     4.2887     4.2879  32.856695  32.856415    6.39417     2.2298 2.3255e+02    -0.0658     0.0000      98.73    97.6539     0.0682     164054         11  0.000e+00
