Ship_data/Irminger/Irminger-2/ctd/process/OOI/at30_010.ros
* Sea-Bird SBE 9 Data File:
* FileName = C:\data\ctd\at30_010.hex
* Software Version Seasave V 7.21f
* Temperature SN = 2265
* Conductivity SN = 3021
* Number of Bytes Per Scan = 40
* Number of Voltage Words = 5
* Number of Scans Averaged by the Deck Unit = 1
* NMEA Latitude = 59 45.71 N
* NMEA Longitude = 039 52.84 W
* NMEA UTC (Time) = Aug 19 2015  21:15:33
** FLMA 2 post deployment cal
# nquan = 17
# nvalues = 588                                   
# units = specified
# name 0 = prDM: Pressure, Digiquartz [db]
# name 1 = depSM: Depth [salt water, m]
# name 2 = t090C: Temperature [ITS-90, deg C]
# name 3 = t190C: Temperature, 2 [ITS-90, deg C]
# name 4 = c0mS/cm: Conductivity [mS/cm]
# name 5 = c1mS/cm: Conductivity, 2 [mS/cm]
# name 6 = sbeox0ML/L: Oxygen, SBE 43 [ml/l]
# name 7 = sbeox0V: Oxygen raw, SBE 43 [V]
# name 8 = spar: SPAR/Surface Irradiance
# name 9 = flECO-AFL: Fluorescence, WET Labs ECO-AFL/FL [mg/m^3]
# name 10 = v2: Voltage 2
# name 11 = altM: Altimeter [m]
# name 12 = CStarTr0: Beam Transmission, WET Labs C-Star [%]
# name 13 = turbWETntu0: Turbidity, WET Labs ECO [NTU]
# name 14 = scan: Scan Count
# name 15 = nbf: Bottles Fired
# name 16 = flag:  0.000e+00
# interval = seconds: 0.0416667
# start_time = Aug 19 2015 21:15:33 [NMEA time, header]
# bad_flag = -9.990e-29
*END*
[from data line 86]
   2438.326   2401.430     2.6151     2.6162  32.297344  32.297543    6.14400     1.6929 3.0071e+01    -0.0512     0.0000      98.73    97.5493     0.0707      88759          2  0.000e+00
   2438.377   2401.480     2.6154     2.6163  32.297464  32.297885    6.14399     1.6929 3.0071e+01    -0.0512     0.0000      98.73    97.5493     0.0707      88760          2  0.000e+00
   2438.267   2401.372     2.6151     2.6163  32.297464  32.297600    6.14395     1.6929 3.2075e+01    -0.0512     0.0000      98.73    97.5493     0.0707      88761          2  0.000e+00
   2438.377   2401.480     2.6155     2.6162  32.297464  32.297600    6.14398     1.6929 3.0071e+01    -0.0512     0.0000      98.73    97.5754     0.0707      88762          2  0.000e+00
   2438.242   2401.348     2.6154     2.6163  32.297464  32.297885    6.14388     1.6929 3.0071e+01    -0.0512     0.0000      98.73    97.5754     0.0707      88763          2  0.000e+00
   2438.267   2401.372     2.6154     2.6162  32.297464  32.297201    6.14390     1.6929 3.2075e+01    -0.0512     0.0000      98.73    97.5754     0.0707      88764          2  0.000e+00
   2438.183   2401.290     2.6155     2.6163  32.297464  32.297885    6.14382     1.6929 3.2075e+01    -0.0512     0.0000      98.73    97.5754     0.0707      88765          2  0.000e+00
   2438.267   2401.372     2.6154     2.6165  32.297644  32.297315    6.14390     1.6929 3.2075e+01    -0.0512     0.0000      98.73    97.5493     0.0707      88766          2  0.000e+00
   2438.183   2401.290     2.6154     2.6163  32.297584  32.297885    6.14383     1.6929 3.2075e+01    -0.0585     0.0000      98.73    97.5754     0.0707      88767          2  0.000e+00
   2438.141   2401.249     2.6155     2.6165  32.297464  32.297885    6.14379     1.6929 3.0071e+01    -0.0585     0.0000      98.73    97.5754     0.0707      88768          2  0.000e+00
   2438.115   2401.224     2.6154     2.6163  32.297463  32.297543    6.14378     1.6929 3.2075e+01    -0.0512     0.0000      98.73    97.5754     0.0707      88769          2  0.000e+00
   2438.073   2401.183     2.6154     2.6163  32.297043  32.297884    6.13722     1.6916 3.2075e+01    -0.0512     0.0000      98.73    97.5754     0.0707      88770          2  0.000e+00
   2130.839   2100.102     2.9839     2.9849  32.508222  32.508967    6.06250     1.7376 2.8066e+01    -0.0512     0.0000      98.71    97.6277     0.0707      99336          3  0.000e+00
   2130.906   2100.167     2.9839     2.9847  32.508523  32.508853    6.06254     1.7376 2.8066e+01    -0.0585     0.0000      98.73    97.6277     0.0707      99337          3  0.000e+00
   2130.906   2100.167     2.9839     2.9848  32.508824  32.509253    6.06252     1.7376 2.8066e+01    -0.0512     0.0000      98.73    97.6277     0.0707      99338          3  0.000e+00
   2130.847   2100.110     2.9839     2.9847  32.508463  32.508853    6.06250     1.7376 2.8066e+01    -0.0439     0.0000      98.73    97.6277     0.0707      99339          3  0.000e+00
   2130.965   2100.225     2.9837     2.9850  32.508523  32.508853    6.06261     1.7376 2.8066e+01    -0.0512     0.0000      98.73    97.6277     0.0707      99340          3  0.000e+00
   2130.780   2100.044     2.9839     2.9846  32.508462  32.508967    6.06244     1.7376 2.8066e+01    -0.0512     0.0000      98.73    97.6277     0.0707      99341          3  0.000e+00
   2130.973   2100.233     2.9839     2.9846  32.508764  32.508853    6.06879     1.7388 2.8066e+01    -0.0585     0.0000      98.73    97.6277     0.0707      99342          3  0.000e+00
   2130.906   2100.168     2.9837     2.9847  32.508764  32.509253    6.06255     1.7376 2.8066e+01    -0.0512     0.0000      98.73    97.6277     0.0707      99343          3  0.000e+00
   2130.906   2100.168     2.9837     2.9847  32.508643  32.508853    6.06256     1.7376 2.6061e+01    -0.0512     0.0000      98.71    97.6277     0.0707      99344          3  0.000e+00
   2130.906   2100.168     2.9837     2.9847  32.508463  32.509253    6.06257     1.7376 2.6061e+01    -0.0512     0.0000      98.73    97.6277     0.0707      99345          3  0.000e+00
   2130.906   2100.168     2.9837     2.9847  32.508523  32.509139    6.06256     1.7376 2.8066e+01    -0.0512     0.0000      98.73    97.6277     0.0707      99346          3  0.000e+00
   2130.965   2100.225     2.9836     2.9849  32.508644  32.509139    6.06263     1.7376 2.6061e+01    -0.0512     0.0000      98.73    97.6277     0.0682      99347          3  0.000e+00
   2130.847   2100.110     2.9837     2.9846  32.508643  32.508967    6.06251     1.7376 2.6061e+01    -0.0512     0.0000      98.73    97.6277     0.0707      99348          3  0.000e+00
   2130.906   2100.168     2.9836     2.9847  32.508643  32.509139    6.06258     1.7376 2.6061e+01    -0.0512     0.0000      98.73    97.6277     0.0707      99349          3  0.000e+00
   2130.965   2100.225     2.9837     2.9845  32.508463  32.509253    6.06262     1.7376 2.8066e+01    -0.0512     0.0000      98.73    97.6016     0.0707      99350          3  0.000e+00
   2130.906   2100.168     2.9837     2.9849  32.508343  32.508568    6.06257     1.7376 2.8066e+01    -0.0512     0.0000      98.73    97.6277     0.0707      99351          3  0.000e+00
   2130.906   2100.168     2.9837     2.9846  32.508343  32.509139    6.06257     1.7376 2.8066e+01    -0.0585     0.0000      98.73    97.6016     0.0707      99352          3  0.000e+00
   2130.906   2100.168     2.9839     2.9846  32.508343  32.508682    6.06255     1.7376 2.8066e+01    -0.0585     0.0000      98.73    97.6016     0.0707      99353          3  0.000e+00
   2130.906   2100.168     2.9836     2.9847  32.508343  32.509139    6.06260     1.7376 2.6061e+01    -0.0585     0.0000      98.71    97.6016     0.0707      99354          3  0.000e+00
   2130.906   2100.168     2.9837     2.9847  32.508162  32.508682    6.06258     1.7376 2.8066e+01    -0.0512     0.0000      98.73    97.6016     0.0707      99355          3  0.000e+00
   2130.906   2100.168     2.9836     2.9846  32.508643  32.508853    6.06258     1.7376 2.6061e+01    -0.0585     0.0000      98.73    97.6277     0.0707      99356          3  0.000e+00
   2130.906   2100.168     2.9836     2.9843  32.508523  32.508853    6.06259     1.7376 2.6061e+01    -0.0585     0.0000      98.73    97.6277     0.0682      99357          3  0.000e+00
   2130.906   2100.168     2.9839     2.9846  32.508343  32.508682    6.06255     1.7376 2.8066e+01    -0.0585     0.0000      98.73    97.6277     0.0707      99358          3  0.000e+00
   2130.906   2100.168     2.9836     2.9846  32.508523  32.508853    6.06259     1.7376 2.6061e+01    -0.0512     0.0000      98.73    97.6277     0.0707      99359          3  0.000e+00
   2130.907   2100.168     2.9837     2.9846  32.508643  32.508682    6.06256     1.7376 2.8066e+01    -0.0512     0.0000      98.73    97.6016     0.0707      99360          3  0.000e+00
   2130.907   2100.168     2.9837     2.9846  32.508463  32.508853    6.06257     1.7376 2.8066e+01    -0.0585     0.0000      98.71    97.6277     0.0707      99361          3  0.000e+00
   2130.848   2100.111     2.9835     2.9846  32.508162  32.508853    6.06258     1.7376 2.8066e+01    -0.0512     0.0000      98.73    97.6277     0.0707      99362          3  0.000e+00
   2130.907   2100.168     2.9836     2.9847  32.508463  32.508339    6.06259     1.7376 2.6061e+01    -0.0512     0.0000      98.73    97.6277     0.0682      99363          3  0.000e+00
   2130.907   2100.168     2.9836     2.9846  32.508643  32.508568    6.06259     1.7376 2.8066e+01    -0.0585     0.0000      98.73    97.6016     0.0682      99364          3  0.000e+00
   2130.907   2100.168     2.9839     2.9847  32.508643  32.508682    6.06254     1.7376 2.8066e+01    -0.0585     0.0000      98.73    97.6277     0.0707      99365          3  0.000e+00
   2130.840   2100.103     2.9836     2.9846  32.508463  32.508853    6.06254     1.7376 2.6061e+01    -0.0512     0.0000      98.73    97.6277     0.0707      99366          3  0.000e+00
   2130.907   2100.168     2.9836     2.9846  32.508343  32.508568    6.06260     1.7376 2.8066e+01    -0.0512     0.0000      98.71    97.6277     0.0707      99367          3  0.000e+00
   2130.840   2100.103     2.9836     2.9846  32.508523  32.508682    6.06254     1.7376 2.6061e+01    -0.0512     0.0000      98.73    97.6277     0.0707      99368          3  0.000e+00
   2130.907   2100.168     2.9836     2.9845  32.508222  32.508853    6.06261     1.7376 2.8066e+01    -0.0512     0.0000      98.73    97.6016     0.0682      99369          3  0.000e+00
   2130.848   2100.111     2.9837     2.9847  32.508463  32.508682    6.06253     1.7376 2.6061e+01    -0.0512     0.0000      98.73    97.6016     0.0707      99370          3  0.000e+00
   2130.840   2100.103     2.9836     2.9846  32.508463  32.508853    6.06254     1.7376 2.6061e+01    -0.0512     0.0000      98.73    97.6016     0.0707      99371          3  0.000e+00
   2130.907   2100.169     2.9836     2.9846  32.508343  32.508568    6.06881     1.7388 2.6061e+01    -0.0512     0.0000      98.73    97.6277     0.0682      99372          3  0.000e+00
   2130.840   2100.103     2.9837     2.9847  32.508282  32.509253    6.06253     1.7376 2.8066e+01    -0.0585     0.0000      98.73    97.6277     0.0707      99373          3  0.000e+00
   2130.848   2100.111     2.9837     2.9846  32.508342  32.508853    6.06253     1.7376 2.8066e+01    -0.0512     0.0000      98.73    97.6277     0.0707      99374          3  0.000e+00
   2130.840   2100.103     2.9836     2.9846  32.508162  32.508682    6.06256     1.7376 2.6061e+01    -0.0512     0.0000      98.73    97.6277     0.0707      99375          3  0.000e+00
   2130.848   2100.111     2.9837     2.9845  32.508222  32.508567    6.06254     1.7376 2.6061e+01    -0.0512     0.0000      98.73    97.6277     0.0682      99376          3  0.000e+00
   2130.848   2100.111     2.9836     2.9847  32.508342  32.508567    6.06256     1.7376 2.8066e+01    -0.0512     0.0000      98.73    97.6277     0.0707      99377          3  0.000e+00
   2130.907   2100.169     2.9837     2.9846  32.508343  32.508967    6.06879     1.7388 2.8066e+01    -0.0512     0.0000      98.73    97.6277     0.0707      99378          3  0.000e+00
   2130.781   2100.045     2.9836     2.9846  32.508523  32.508224    6.06249     1.7376 2.8066e+01    -0.0585     0.0000      98.73    97.6277     0.0707      99379          3  0.000e+00
   2130.907   2100.169     2.9837     2.9847  32.508643  32.509253    6.06257     1.7376 2.8066e+01    -0.0439     0.0000      98.73    97.6277     0.0707      99380          3  0.000e+00
   2130.848   2100.111     2.9836     2.9846  32.508463  32.509139    6.06255     1.7376 2.8066e+01    -0.0512     0.0000      98.73    97.6016     0.0707      99381          3  0.000e+00
   2130.840   2100.103     2.9837     2.9845  32.508342  32.508682    6.06253     1.7376 2.8066e+01    -0.0585     0.0000      98.73    97.6277     0.0707      99382          3  0.000e+00
   2130.781   2100.046     2.9837     2.9847  32.508342  32.508567    6.06248     1.7376 2.6061e+01    -0.0585     0.0000      98.73    97.6277     0.0707      99383          3  0.000e+00
   2130.907   2100.169     2.9837     2.9847  32.508162  32.508853    6.06259     1.7376 2.6061e+01    -0.0585     0.0000      98.73    97.6277     0.0707      99384          3  0.000e+00
   1826.519   1801.457     3.2567     3.2577  32.626328  32.627064    6.05875     1.7958 2.4056e+01    -0.0512     0.0000      98.73    97.6277     0.0707     109679          4  0.000e+00
   1826.586   1801.523     3.2567     3.2575  32.626509  32.626778    6.05880     1.7958 2.4056e+01    -0.0512     0.0000      98.71    97.6277     0.0707     109680          4  0.000e+00
   1826.552   1801.490     3.2568     3.2575  32.626449  32.627064    6.05286     1.7945 2.4056e+01    -0.0512     0.0000      98.73    97.6277     0.0707     109681          4  0.000e+00
   1826.519   1801.457     3.2567     3.2574  32.626509  32.626263    6.05874     1.7958 2.4056e+01    -0.0585     0.0000      98.73    97.6277     0.0707     109682          4  0.000e+00
   1826.552   1801.490     3.2567     3.2575  32.626449  32.626778    6.05877     1.7958 2.4056e+01    -0.0512     0.0000      98.73    97.6016     0.0707     109683          4  0.000e+00
   1826.586   1801.523     3.2569     3.2572  32.626328  32.626778    6.05878     1.7958 2.6061e+01    -0.0512     0.0000      98.73    97.6277     0.0682     109684          4  0.000e+00
   1826.586   1801.523     3.2567     3.2574  32.626509  32.626778    6.05880     1.7958 2.4056e+01    -0.0512     0.0000      98.73    97.6277     0.0682     109685          4  0.000e+00
   1826.553   1801.490     3.2569     3.2574  32.626208  32.626549    6.05876     1.7958 2.4056e+01    -0.0732     0.0000      98.73    97.6277     0.0707     109686          4  0.000e+00
   1826.586   1801.523     3.2567     3.2571  32.626449  32.626492    6.05880     1.7958 2.4056e+01    -0.0512     0.0000      98.73    97.6277     0.0682     109687          4  0.000e+00
   1826.586   1801.523     3.2569     3.2571  32.626449  32.626149    6.05878     1.7958 2.4056e+01    -0.0512     0.0000      98.73    97.6277     0.0682     109688          4  0.000e+00
   1826.553   1801.490     3.2570     3.2577  32.626328  32.626778    6.05875     1.7958 2.4056e+01    -0.0512     0.0000      98.73    97.6016     0.0707     109689          4  0.000e+00
   1826.586   1801.523     3.2566     3.2571  32.626509  32.626263    6.05882     1.7958 2.4056e+01    -0.0512     0.0000      98.73    97.6277     0.0707     109690          4  0.000e+00
   1826.586   1801.523     3.2567     3.2574  32.626449  32.627064    6.05880     1.7958 2.4056e+01    -0.0512     0.0000      98.73    97.6277     0.0707     109691          4  0.000e+00
   1826.553   1801.490     3.2569     3.2574  32.626328  32.626492    6.05875     1.7958 2.4056e+01    -0.0512     0.0000      98.73    97.6277     0.0707     109692          4  0.000e+00
   1826.586   1801.523     3.2567     3.2575  32.626328  32.626492    6.05880     1.7958 2.4056e+01    -0.0512     0.0000      98.73    97.6277     0.0707     109693          4  0.000e+00
   1826.586   1801.523     3.2569     3.2575  32.626750  32.626835    6.05876     1.7958 2.4056e+01    -0.0512     0.0000      98.73    97.6016     0.0707     109694          4  0.000e+00
   1826.553   1801.490     3.2567     3.2577  32.626509  32.626778    6.05877     1.7958 2.4056e+01    -0.0512     0.0000      98.73    97.6016     0.0707     109695          4  0.000e+00
   1826.586   1801.523     3.2575     3.2577  32.626509  32.627064    6.05869     1.7958 2.4056e+01    -0.0512     0.0000      98.73    97.6016     0.0707     109696          4  0.000e+00
   1826.520   1801.457     3.2571     3.2580  32.627051  32.627064    6.05867     1.7958 2.4056e+01    -0.0512     0.0000      98.73    97.6016     0.0707     109697          4  0.000e+00
   1826.495   1801.433     3.2574     3.2575  32.626810  32.626835    6.05271     1.7945 2.4056e+01    -0.0512     0.0000      98.73    97.6016     0.0682     109698          4  0.000e+00
   1826.586   1801.523     3.2572     3.2579  32.626810  32.627064    6.05871     1.7958 2.6061e+01    -0.0512     0.0000      98.73    97.6016     0.0707     109699          4  0.000e+00
   1826.520   1801.458     3.2574     3.2579  32.626931  32.626778    6.05864     1.7958 2.4056e+01    -0.0512     0.0000      98.73    97.6277     0.0682     109700          4  0.000e+00
   1826.553   1801.490     3.2572     3.2579  32.626750  32.627064    6.05869     1.7958 2.6061e+01    -0.0512     0.0000      98.73    97.6016     0.0682     109701          4  0.000e+00
