Ship_data/Irminger/Irminger-2/ctd/process/OOI/at30_009.ros
* Sea-Bird SBE 9 Data File:
* FileName = C:\data\ctd\at30_009.hex
* Software Version Seasave V 7.21f
* Temperature SN = 2265
* Conductivity SN = 3021
* Number of Bytes Per Scan = 40
* Number of Voltage Words = 5
* Number of Scans Averaged by the Deck Unit = 1
* NMEA Latitude = 59 42.40 N
* NMEA Longitude = 039 19.92 W
* NMEA UTC (Time) = Aug 19 2015  15:06:00
** FLMB 1 for cal
# nquan = 17
# nvalues = 588                                   
# units = specified
# name 0 = prDM: Pressure, Digiquartz [db]
# name 1 = depSM: Depth [salt water, m]
# name 2 = t090C: Temperature [ITS-90, deg C]
# name 3 = t190C: Temperature, 2 [ITS-90, deg C]
# name 4 = c0mS/cm: Conductivity [mS/cm]
# name 5 = c1mS/cm: Conductivity, 2 [mS/cm]
# name 6 = sbeox0ML/L: Oxygen, SBE 43 [ml/l]
# name 7 = sbeox0V: Oxygen raw, SBE 43 [V]
# name 8 = spar: SPAR/Surface Irradiance
# name 9 = flECO-AFL: Fluorescence, WET Labs ECO-AFL/FL [mg/m^3]
# name 10 = v2: Voltage 2
# name 11 = altM: Altimeter [m]
# name 12 = CStarTr0: Beam Transmission, WET Labs C-Star [%]
# name 13 = turbWETntu0: Turbidity, WET Labs ECO [NTU]
# name 14 = scan: Scan Count
# name 15 = nbf: Bottles Fired
# name 16 = flag:  0.000e+00
# interval = seconds: 0.0416667
# start_time = Aug 19 2015 15:06:00 [NMEA time, header]
# bad_flag = -9.990e-29
*END*
[from data line 341]
    972.132    960.740     3.5787     3.5792  32.510991  32.511411    6.59563     2.0849 2.8266e+02    -0.0219     0.0000      98.78    97.5231     0.0731     145884          7  0.000e+00
    972.214    960.821     3.5785     3.5792  32.511051  32.511526    6.60092     2.0861 2.8266e+02    -0.0219     0.0000      98.78    97.5231     0.0731     145885          7  0.000e+00
    769.624    760.973     3.6427     3.6427  32.486715  32.487243    6.63713     2.1396 2.7264e+02    -0.0219     0.0000      98.78    97.5231     0.0731     153332          8  0.000e+00
    769.690    761.038     3.6424     3.6430  32.486414  32.486958    6.63725     2.1396 2.7464e+02    -0.0219     0.0000      98.78    97.5231     0.0731     153333          8  0.000e+00
    769.567    760.916     3.6424     3.6426  32.486534  32.487414    6.63714     2.1396 2.7464e+02    -0.0219     0.0000      98.78    97.5231     0.0731     153334          8  0.000e+00
    769.624    760.973     3.6422     3.6427  32.486414  32.487243    6.63722     2.1396 2.7264e+02    -0.0145     0.0000      98.78    97.5231     0.0731     153335          8  0.000e+00
    769.624    760.973     3.6422     3.6425  32.486474  32.486615    6.63721     2.1396 2.7264e+02    -0.0219     0.0000      98.78    97.4969     0.0731     153336          8  0.000e+00
    769.501    760.852     3.6424     3.6430  32.486775  32.487129    6.63202     2.1383 2.7264e+02    -0.0219     0.0000      98.78    97.4969     0.0731     153337          8  0.000e+00
    769.649    760.997     3.6424     3.6427  32.486474  32.487243    6.63216     2.1383 2.7464e+02    -0.0219     0.0000      98.78    97.5231     0.0731     153338          8  0.000e+00
    769.501    760.852     3.6422     3.6426  32.486715  32.486957    6.64213     2.1408 2.7464e+02    -0.0145     0.0000      98.78    97.5231     0.0731     153339          8  0.000e+00
    769.567    760.916     3.6421     3.6430  32.486474  32.486843    6.62205     2.1359 2.7264e+02    -0.0219     0.0000      98.78    97.5231     0.0731     153340          8  0.000e+00
    769.501    760.852     3.6422     3.6427  32.486294  32.487243    6.63711     2.1396 2.7464e+02    -0.0145     0.0000      98.78    97.4969     0.0731     153341          8  0.000e+00
    769.501    760.852     3.6421     3.6425  32.486294  32.487129    6.63713     2.1396 2.7264e+02    -0.0145     0.0000      98.78    97.4969     0.0731     153342          8  0.000e+00
    769.501    760.852     3.6421     3.6426  32.486294  32.486615    6.63208     2.1383 2.7464e+02    -0.0219     0.0000      98.78    97.4708     0.0731     153343          8  0.000e+00
    769.501    760.852     3.6418     3.6424  32.486474  32.486957    6.63715     2.1396 2.7464e+02    -0.0219     0.0000      98.78    97.4708     0.0731     153344          8  0.000e+00
    769.460    760.811     3.6418     3.6424  32.486414  32.486843    6.63712     2.1396 2.7464e+02    -0.0145     0.0000      98.78    97.4969     0.0731     153345          8  0.000e+00
    769.501    760.852     3.6421     3.6426  32.486474  32.486957    6.63711     2.1396 2.7264e+02    -0.0219     0.0000      98.78    97.4708     0.0731     153346          8  0.000e+00
    769.444    760.795     3.6418     3.6424  32.486173  32.486615    6.63712     2.1396 2.7464e+02    -0.0219     0.0000      98.78    97.4969     0.0731     153347          8  0.000e+00
    769.501    760.852     3.6422     3.6425  32.486173  32.486843    6.63711     2.1396 2.7264e+02    -0.0219     0.0000      98.78    97.4969     0.0731     153348          8  0.000e+00
    769.444    760.795     3.6419     3.6424  32.486113  32.486957    6.63206     2.1383 2.7464e+02    -0.0219     0.0000      98.78    97.4969     0.0731     153349          8  0.000e+00
    769.444    760.795     3.6421     3.6424  32.486173  32.487243    6.62699     2.1371 2.7464e+02    -0.0219     0.0000      98.78    97.5231     0.0731     153350          8  0.000e+00
    769.444    760.795     3.6419     3.6423  32.486474  32.486500    6.63204     2.1383 2.7264e+02    -0.0219     0.0000      98.78    97.5231     0.0731     153351          8  0.000e+00
    769.403    760.754     3.6421     3.6423  32.486414  32.486957    6.63198     2.1383 2.7264e+02    -0.0145     0.0000      98.78    97.5231     0.0731     153352          8  0.000e+00
    769.444    760.795     3.6421     3.6421  32.486293  32.486957    6.63707     2.1396 2.7264e+02    -0.0219     0.0000      98.78    97.4969     0.0731     153353          8  0.000e+00
    769.444    760.795     3.6421     3.6425  32.486474  32.486500    6.62697     2.1371 2.7264e+02    -0.0219     0.0000      98.78    97.5231     0.0731     153354          8  0.000e+00
    769.444    760.795     3.6422     3.6421  32.486594  32.486615    6.63198     2.1383 2.7464e+02    -0.0145     0.0000      98.75    97.5231     0.0731     153355          8  0.000e+00
    769.444    760.795     3.6421     3.6423  32.486414  32.486843    6.63201     2.1383 2.7264e+02    -0.0219     0.0000      98.78    97.4969     0.0731     153356          8  0.000e+00
    769.444    760.795     3.6422     3.6423  32.486474  32.486615    6.62190     2.1359 2.7464e+02    -0.0219     0.0000      98.78    97.4969     0.0731     153357          8  0.000e+00
    769.444    760.795     3.6421     3.6423  32.486414  32.486615    6.62697     2.1371 2.7464e+02    -0.0145     0.0000      98.75    97.5231     0.0731     153358          8  0.000e+00
    769.460    760.811     3.6421     3.6424  32.486474  32.486500    6.63202     2.1383 2.7464e+02    -0.0219     0.0000      98.78    97.4969     0.0731     153359          8  0.000e+00
    769.378    760.730     3.6422     3.6425  32.486594  32.487243    6.63192     2.1383 2.7464e+02    -0.0219     0.0000      98.78    97.5231     0.0731     153360          8  0.000e+00
    769.501    760.852     3.6424     3.6423  32.486594  32.486329    6.63200     2.1383 2.7264e+02    -0.0219     0.0000      98.78    97.5231     0.0731     153361          8  0.000e+00
    769.378    760.730     3.6424     3.6423  32.487015  32.486843    6.63187     2.1383 2.7464e+02    -0.0219     0.0000      98.78    97.4969     0.0731     153362          8  0.000e+00
    769.444    760.795     3.6422     3.6424  32.486774  32.486957    6.63196     2.1383 2.7464e+02    -0.0219     0.0000      98.78    97.5231     0.0731     153363          8  0.000e+00
    769.501    760.852     3.6422     3.6426  32.486414  32.486615    6.63203     2.1383 2.7464e+02    -0.0219     0.0000      98.78    97.4969     0.0731     153364          8  0.000e+00
    769.444    760.795     3.6424     3.6426  32.486474  32.487414    6.61682     2.1346 2.7464e+02    -0.0145     0.0000      98.78    97.5231     0.0731     153365          8  0.000e+00
    769.460    760.811     3.6424     3.6425  32.486775  32.486615    6.63195     2.1383 2.7464e+02    -0.0219     0.0000      98.78    97.5231     0.0731     153366          8  0.000e+00
    769.501    760.852     3.6421     3.6424  32.486715  32.486957    6.62195     2.1359 2.7464e+02    -0.0219     0.0000      98.78    97.5231     0.0731     153367          8  0.000e+00
    769.444    760.795     3.6422     3.6424  32.486774  32.486843    6.63196     2.1383 2.7264e+02    -0.0219     0.0000      98.75    97.4969     0.0731     153368          8  0.000e+00
    769.501    760.852     3.6424     3.6426  32.486714  32.486957    6.63199     2.1383 2.7264e+02    -0.0219     0.0000      98.78    97.4969     0.0731     153369          8  0.000e+00
    769.567    760.917     3.6422     3.6424  32.486775  32.487243    6.62702     2.1371 2.7464e+02    -0.0219     0.0000      98.78    97.4969     0.0731     153370          8  0.000e+00
    769.444    760.795     3.6422     3.6425  32.486714  32.486843    6.63196     2.1383 2.7264e+02    -0.0145     0.0000      98.78    97.4969     0.0731     153371          8  0.000e+00
    769.583    760.933     3.6421     3.6426  32.486594  32.486615    6.63211     2.1383 2.7464e+02    -0.0145     0.0000      98.78    97.4969     0.0731     153372          8  0.000e+00
    769.501    760.852     3.6422     3.6424  32.486414  32.487129    6.63202     2.1383 2.7464e+02    -0.0145     0.0000      98.78    97.4969     0.0731     153373          8  0.000e+00
    769.567    760.917     3.6421     3.6427  32.486715  32.487243    6.63209     2.1383 2.7464e+02    -0.0219     0.0000      98.78    97.5231     0.0731     153374          8  0.000e+00
    769.501    760.852     3.6422     3.6424  32.486474  32.487529    6.63202     2.1383 2.7264e+02    -0.0219     0.0000      98.78    97.5231     0.0731     153375          8  0.000e+00
    769.624    760.973     3.6421     3.6423  32.486474  32.487129    6.63215     2.1383 2.7264e+02    -0.0219     0.0000      98.78    97.4969     0.0731     153376          8  0.000e+00
    769.567    760.917     3.6422     3.6425  32.486594  32.486958    6.63207     2.1383 2.7464e+02    -0.0219     0.0000      98.78    97.4969     0.0731     153377          8  0.000e+00
    769.624    760.973     3.6424     3.6426  32.486775  32.473824    6.63209     2.1383 2.7464e+02    -0.0145     0.0000      98.78    97.4969     0.0731     153378          8  0.000e+00
    769.583    760.933     3.6419     3.6426  32.486895  32.460122    6.63211     2.1383 2.7264e+02    -0.0219     0.0000      98.78    97.5231     0.0731     153379          8  0.000e+00
    769.690    761.038     3.6424     3.6424  32.486475  32.487244    6.63216     2.1383 2.7264e+02    -0.0219     0.0000      98.78    97.5231     0.0731     153380          8  0.000e+00
    567.446    561.340     3.6712     3.6717  32.425843  32.426159    6.62300     2.1804 2.8266e+02    -0.0219     0.0000      98.78    97.5493     0.0731     161305          9  0.000e+00
    567.446    561.340     3.6712     3.6714  32.425663  32.426729    6.62301     2.1804 2.8266e+02    -0.0219     0.0000      98.78    97.5493     0.0731     161306          9  0.000e+00
    567.446    561.340     3.6712     3.6715  32.425543  32.426558    6.62301     2.1804 2.8467e+02    -0.0219     0.0000      98.78    97.5493     0.0731     161307          9  0.000e+00
    567.389    561.283     3.6710     3.6717  32.425963  32.426444    6.62296     2.1804 2.8266e+02    -0.0145     0.0000      98.78    97.5231     0.0731     161308          9  0.000e+00
    567.389    561.283     3.6710     3.6714  32.426324  32.426729    6.62294     2.1804 2.8266e+02    -0.0219     0.0000      98.78    97.5493     0.0731     161309          9  0.000e+00
    567.389    561.283     3.6712     3.6719  32.426023  32.426158    6.62293     2.1804 2.8467e+02    -0.0219     0.0000      98.78    97.5493     0.0731     161310          9  0.000e+00
    567.389    561.283     3.6710     3.6717  32.425663  32.426159    6.62297     2.1804 2.8467e+02    -0.0219     0.0000      98.78    97.5493     0.0731     161311          9  0.000e+00
    567.389    561.283     3.6710     3.6716  32.425543  32.426900    6.62298     2.1804 2.8266e+02    -0.0219     0.0000      98.78    97.5493     0.0731     161312          9  0.000e+00
    567.389    561.283     3.6712     3.6716  32.425723  32.426444    6.62295     2.1804 2.8266e+02    -0.0145     0.0000      98.78    97.5231     0.0731     161313          9  0.000e+00
    567.266    561.162     3.6710     3.6717  32.425843  32.426158    6.62285     2.1804 2.8266e+02    -0.0219     0.0000      98.75    97.5493     0.0731     161314          9  0.000e+00
    567.331    561.226     3.6712     3.6717  32.426023  32.426444    6.62288     2.1804 2.8467e+02    -0.0219     0.0000      98.78    97.5493     0.0731     161315          9  0.000e+00
    567.266    561.162     3.6710     3.6719  32.425963  32.426443    6.62284     2.1804 2.8266e+02    -0.0219     0.0000      98.78    97.5231     0.0731     161316          9  0.000e+00
    567.323    561.218     3.6710     3.6716  32.425843  32.425873    6.62290     2.1804 2.8266e+02    -0.0219     0.0000      98.78    97.5231     0.0731     161317          9  0.000e+00
    567.266    561.162     3.6710     3.6716  32.425843  32.426558    6.62285     2.1804 2.8266e+02    -0.0145     0.0000      98.75    97.5493     0.0731     161318          9  0.000e+00
    567.209    561.105     3.6712     3.6715  32.425662  32.426729    6.62278     2.1804 2.8266e+02    -0.0219     0.0000      98.78    97.5493     0.0731     161319          9  0.000e+00
    567.266    561.162     3.6712     3.6719  32.425722  32.426443    6.62283     2.1804 2.8266e+02    -0.0219     0.0000      98.78    97.5231     0.0731     161320          9  0.000e+00
    567.209    561.105     3.6712     3.6717  32.425842  32.426158    6.62767     2.1816 2.8266e+02    -0.0219     0.0000      98.78    97.5493     0.0731     161321          9  0.000e+00
    567.209    561.105     3.6712     3.6716  32.425662  32.426729    6.62278     2.1804 2.8266e+02    -0.0219     0.0000      98.78    97.5493     0.0731     161322          9  0.000e+00
    567.200    561.097     3.6709     3.6718  32.425722  32.425987    6.62282     2.1804 2.8266e+02    -0.0219     0.0000      98.78    97.5493     0.0731     161323          9  0.000e+00
    567.143    561.041     3.6710     3.6717  32.425842  32.426728    6.62273     2.1804 2.8266e+02    -0.0145     0.0000      98.78    97.5231     0.0731     161324          9  0.000e+00
    567.209    561.105     3.6712     3.6721  32.425842  32.426158    6.60806     2.1767 2.8266e+02    -0.0219     0.0000      98.78    97.5493     0.0731     161325          9  0.000e+00
    567.086    560.984     3.6712     3.6717  32.425662  32.426728    6.62267     2.1804 2.8266e+02    -0.0219     0.0000      98.78    97.5493     0.0731     161326          9  0.000e+00
    567.143    561.041     3.6712     3.6720  32.425722  32.426443    6.62272     2.1804 2.8266e+02    -0.0219     0.0000      98.78    97.5493     0.0731     161327          9  0.000e+00
    567.143    561.041     3.6712     3.6717  32.425842  32.426443    6.61781     2.1792 2.8266e+02    -0.0219     0.0000      98.78    97.5493     0.0731     161328          9  0.000e+00
    567.029    560.927     3.6710     3.6716  32.425842  32.426557    6.62263     2.1804 2.8266e+02    -0.0219     0.0000      98.78    97.5493     0.0731     161329          9  0.000e+00
    567.143    561.041     3.6712     3.6717  32.425842  32.426158    6.62271     2.1804 2.8266e+02    -0.0145     0.0000      98.78    97.5231     0.0731     161330          9  0.000e+00
    567.029    560.927     3.6714     3.6717  32.425842  32.426157    6.62258     2.1804 2.8467e+02    -0.0145     0.0000      98.78    97.5231     0.0731     161331          9  0.000e+00
    567.029    560.927     3.6712     3.6717  32.425842  32.426157    6.62260     2.1804 2.8266e+02    -0.0219     0.0000      98.78    97.5493     0.0731     161332          9  0.000e+00
    567.086    560.984     3.6712     3.6716  32.425662  32.426443    6.62266     2.1804 2.8266e+02    -0.0219     0.0000      98.78    97.5493     0.0731     161333          9  0.000e+00
    566.963    560.863     3.6709     3.6716  32.425541  32.426899    6.62260     2.1804 2.8266e+02    -0.0219     0.0000      98.75    97.5231     0.0731     161334          9  0.000e+00
    567.029    560.927     3.6712     3.6717  32.425361  32.426157    6.62262     2.1804 2.8266e+02    -0.0219     0.0000      98.78    97.4969     0.0731     161335          9  0.000e+00
    566.963    560.863     3.6710     3.6716  32.425421  32.426728    6.62259     2.1804 2.8467e+02    -0.0219     0.0000      98.78    97.5231     0.0731     161336          9  0.000e+00
    566.963    560.863     3.6709     3.6716  32.425722  32.426443    6.62259     2.1804 2.8266e+02    -0.0145     0.0000      98.78    97.4969     0.0731     161337          9  0.000e+00
