Ship_data/Irminger/Irminger-2/ctd/process/OOI/at30_009.ros
* Sea-Bird SBE 9 Data File:
* FileName = C:\data\ctd\at30_009.hex
* Software Version Seasave V 7.21f
* Temperature SN = 2265
* Conductivity SN = 3021
* Number of Bytes Per Scan = 40
* Number of Voltage Words = 5
* Number of Scans Averaged by the Deck Unit = 1
* NMEA Latitude = 59 42.40 N
* NMEA Longitude = 039 19.92 W
* NMEA UTC (Time) = Aug 19 2015  15:06:00
** FLMB 1 for cal
# nquan = 17
# nvalues = 588                                   
# units = specified
# name 0 = prDM: Pressure, Digiquartz [db]
# name 1 = depSM: Depth [salt water, m]
# name 2 = t090C: Temperature [ITS-90, deg C]
# name 3 = t190C: Temperature, 2 [ITS-90, deg C]
# name 4 = c0mS/cm: Conductivity [mS/cm]
# name 5 = c1mS/cm: Conductivity, 2 [mS/cm]
# name 6 = sbeox0ML/L: Oxygen, SBE 43 [ml/l]
# name 7 = sbeox0V: Oxygen raw, SBE 43 [V]
# name 8 = spar: SPAR/Surface Irradiance
# name 9 = flECO-AFL: Fluorescence, WET Labs ECO-AFL/FL [mg/m^3]
# name 10 = v2: Voltage 2
# name 11 = altM: Altimeter [m]
# name 12 = CStarTr0: Beam Transmission, WET Labs C-Star [%]
# name 13 = turbWETntu0: Turbidity, WET Labs ECO [NTU]
# name 14 = scan: Scan Count
# name 15 = nbf: Bottles Fired
# name 16 = flag:  0.000e+00
# interval = seconds: 0.0416667
# start_time = Aug 19 2015 15:06:00 [NMEA time, header]
# bad_flag = -9.990e-29
*END*
[from data line 426]
    566.963    560.863     3.6707     3.6715  32.425421  32.426443    6.62263     2.1804 2.8266e+02    -0.0219     0.0000      98.78    97.5231     0.0731     161339          9  0.000e+00
    566.963    560.863     3.6709     3.6717  32.425962  32.426271    6.62257     2.1804 2.8266e+02    -0.0219     0.0000      98.78    97.5231     0.0731     161340          9  0.000e+00
    566.898    560.798     3.6710     3.6716  32.425721  32.426157    6.62251     2.1804 2.8467e+02    -0.0219     0.0000      98.78    97.5231     0.0731     161341          9  0.000e+00
    566.906    560.806     3.6709     3.6715  32.425361  32.426157    6.62255     2.1804 2.8266e+02    -0.0145     0.0000      98.78    97.5231     0.0731     161342          9  0.000e+00
    566.840    560.741     3.6710     3.6717  32.425661  32.426157    6.62246     2.1804 2.8467e+02    -0.0145     0.0000      98.78    97.5231     0.0731     161343          9  0.000e+00
    566.963    560.863     3.6710     3.6714  32.425421  32.426443    6.62258     2.1804 2.8266e+02    -0.0145     0.0000      98.78    97.5231     0.0731     161344          9  0.000e+00
    566.840    560.741     3.6710     3.6714  32.425421  32.425986    6.61757     2.1792 2.8266e+02    -0.0219     0.0000      98.78    97.5493     0.0731     161345          9  0.000e+00
    566.840    560.741     3.6709     3.6717  32.425541  32.426442    6.62248     2.1804 2.8266e+02    -0.0145     0.0000      98.78    97.5231     0.0731     161346          9  0.000e+00
    566.898    560.798     3.6710     3.6716  32.425361  32.425872    6.62252     2.1804 2.8467e+02    -0.0219     0.0000      98.78    97.5493     0.0731     161347          9  0.000e+00
    566.840    560.741     3.6708     3.6714  32.425661  32.426727    6.62249     2.1804 2.8266e+02    -0.0219     0.0000      98.78    97.5231     0.0731     161348          9  0.000e+00
    566.840    560.741     3.6707     3.6716  32.425661  32.426157    6.62250     2.1804 2.8266e+02    -0.0219     0.0000      98.78    97.5231     0.0731     161349          9  0.000e+00
    566.840    560.741     3.6707     3.6715  32.425361  32.426271    6.62251     2.1804 2.8266e+02    -0.0145     0.0000      98.78    97.5493     0.0731     161350          9  0.000e+00
    566.840    560.741     3.6709     3.6713  32.425240  32.426157    6.62249     2.1804 2.8266e+02    -0.0219     0.0000      98.78    97.5231     0.0731     161351          9  0.000e+00
    566.840    560.741     3.6709     3.6714  32.425421  32.425872    6.62248     2.1804 2.8266e+02    -0.0145     0.0000      98.78    97.5231     0.0731     161352          9  0.000e+00
    566.840    560.741     3.6709     3.6713  32.425721  32.426157    6.62247     2.1804 2.8467e+02    -0.0219     0.0000      98.75    97.5231     0.0731     161353          9  0.000e+00
    364.591    360.844     3.7573     3.7577  32.417513  32.418102    6.59382     2.2213 2.6863e+02    -0.0145     0.0000      98.78    97.4969     0.0731     168691         10  0.000e+00
    364.567    360.820     3.7571     3.7577  32.417512  32.417760    6.58906     2.2201 2.6663e+02    -0.0219     0.0000      98.78    97.4969     0.0731     168692         10  0.000e+00
    364.624    360.876     3.7571     3.7579  32.417513  32.418102    6.59387     2.2213 2.6863e+02    -0.0145     0.0000      98.78    97.4969     0.0731     168693         10  0.000e+00
    364.567    360.820     3.7575     3.7579  32.417512  32.418387    6.58902     2.2201 2.6663e+02    -0.0145     0.0000      98.78    97.4969     0.0731     168694         10  0.000e+00
    364.567    360.820     3.7571     3.7579  32.417693  32.418102    6.58905     2.2201 2.6863e+02    -0.0219     0.0000      98.78    97.4969     0.0731     168695         10  0.000e+00
    364.591    360.844     3.7571     3.7577  32.417813  32.418216    6.58907     2.2201 2.6863e+02    -0.0219     0.0000      98.78    97.4969     0.0731     168696         10  0.000e+00
    364.624    360.876     3.7573     3.7577  32.417633  32.418388    6.58908     2.2201 2.6663e+02    -0.0219     0.0000      98.78    97.4969     0.0731     168697         10  0.000e+00
    364.567    360.820     3.7573     3.7579  32.417512  32.418387    6.58904     2.2201 2.6863e+02    -0.0145     0.0000      98.78    97.4969     0.0731     168698         10  0.000e+00
    364.501    360.755     3.7573     3.7579  32.417512  32.418387    6.58898     2.2201 2.6863e+02    -0.0219     0.0000      98.78    97.4969     0.0731     168699         10  0.000e+00
    364.681    360.932     3.7575     3.7577  32.417513  32.418388    6.58911     2.2201 2.6863e+02    -0.0219     0.0000      98.78    97.4969     0.0731     168700         10  0.000e+00
    364.591    360.844     3.7573     3.7579  32.417693  32.417760    6.58904     2.2201 2.6863e+02    -0.0145     0.0000      98.78    97.5231     0.0731     168701         10  0.000e+00
    364.624    360.876     3.7573     3.7577  32.417813  32.418559    6.58907     2.2201 2.6863e+02    -0.0219     0.0000      98.78    97.5231     0.0731     168702         10  0.000e+00
    364.624    360.876     3.7573     3.7580  32.417813  32.418102    6.59382     2.2213 2.6663e+02    -0.0219     0.0000      98.78    97.4969     0.0731     168703         10  0.000e+00
    364.624    360.876     3.7575     3.7577  32.417633  32.418673    6.57954     2.2176 2.6863e+02    -0.0219     0.0000      98.78    97.4969     0.0731     168704         10  0.000e+00
    364.624    360.876     3.7573     3.7577  32.417513  32.418102    6.59383     2.2213 2.6863e+02    -0.0219     0.0000      98.78    97.4969     0.0731     168705         10  0.000e+00
    364.656    360.908     3.7573     3.7579  32.417513  32.418388    6.58911     2.2201 2.6663e+02    -0.0219     0.0000      98.78    97.4969     0.0731     168706         10  0.000e+00
    364.624    360.876     3.7573     3.7579  32.417693  32.418388    6.58907     2.2200 2.6863e+02    -0.0219     0.0000      98.75    97.5231     0.0731     168707         10  0.000e+00
    364.624    360.876     3.7573     3.7577  32.417813  32.418216    6.58906     2.2200 2.6863e+02    -0.0219     0.0000      98.78    97.5231     0.0731     168708         10  0.000e+00
    364.624    360.876     3.7573     3.7576  32.417633  32.417760    6.59858     2.2225 2.6863e+02    -0.0145     0.0000      98.78    97.5231     0.0731     168709         10  0.000e+00
    364.681    360.932     3.7573     3.7576  32.417333  32.418102    6.59389     2.2213 2.6663e+02    -0.0219     0.0000      98.78    97.5231     0.0731     168710         10  0.000e+00
    364.656    360.908     3.7571     3.7574  32.417393  32.418388    6.58913     2.2200 2.6863e+02    -0.0145     0.0000      98.78    97.5231     0.0731     168711         10  0.000e+00
    364.681    360.932     3.7573     3.7572  32.417513  32.417760    6.58912     2.2200 2.6863e+02    -0.0219     0.0000      98.78    97.4969     0.0731     168712         10  0.000e+00
    364.624    360.876     3.7571     3.7571  32.417513  32.418102    6.58909     2.2200 2.6663e+02    -0.0219     0.0000      98.78    97.5231     0.0731     168713         10  0.000e+00
    364.681    360.932     3.7575     3.7576  32.417513  32.417931    6.58910     2.2200 2.6663e+02    -0.0145     0.0000      98.75    97.5231     0.0731     168714         10  0.000e+00
    364.681    360.932     3.7571     3.7574  32.417513  32.418102    6.58439     2.2188 2.6863e+02    -0.0219     0.0000      98.75    97.5231     0.0731     168715         10  0.000e+00
    364.713    360.965     3.7571     3.7572  32.417333  32.417760    6.58918     2.2200 2.6863e+02    -0.0145     0.0000      98.78    97.4969     0.0731     168716         10  0.000e+00
    364.681    360.932     3.7573     3.7574  32.417212  32.417760    6.58913     2.2200 2.6863e+02    -0.0145     0.0000      98.78    97.5231     0.0731     168717         10  0.000e+00
    364.746    360.997     3.7571     3.7574  32.417633  32.417760    6.58919     2.2200 2.6863e+02    -0.0219     0.0000      98.78    97.4969     0.0731     168718         10  0.000e+00
    364.681    360.932     3.7571     3.7574  32.417393  32.418102    6.58914     2.2200 2.6863e+02    -0.0219     0.0000      98.78    97.5231     0.0731     168719         10  0.000e+00
    364.746    360.997     3.7573     3.7574  32.417393  32.417932    6.58918     2.2200 2.6863e+02    -0.0145     0.0000      98.78    97.5231     0.0731     168720         10  0.000e+00
    364.713    360.965     3.7573     3.7574  32.417152  32.418103    6.58916     2.2200 2.6863e+02    -0.0145     0.0000      98.78    97.5231     0.0731     168721         10  0.000e+00
    364.746    360.997     3.7571     3.7574  32.417333  32.418388    6.58920     2.2200 2.6863e+02    -0.0219     0.0000      98.78    97.5231     0.0731     168722         10  0.000e+00
    364.746    360.997     3.7575     3.7576  32.417693  32.417760    6.58914     2.2200 2.6863e+02    -0.0219     0.0000      98.78    97.5493     0.0731     168723         10  0.000e+00
    364.803    361.053     3.7571     3.7577  32.417633  32.418103    6.58923     2.2200 2.6863e+02    -0.0219     0.0000      98.78    97.5493     0.0731     168724         10  0.000e+00
    364.746    360.997     3.7571     3.7576  32.417693  32.418103    6.58918     2.2200 2.6663e+02    -0.0219     0.0000      98.78    97.5231     0.0731     168725         10  0.000e+00
    364.779    361.029     3.7575     3.7579  32.417814  32.417646    6.58915     2.2200 2.6663e+02    -0.0219     0.0000      98.78    97.5231     0.0731     168726         10  0.000e+00
    364.746    360.997     3.7573     3.7576  32.417633  32.418103    6.58916     2.2200 2.6863e+02    -0.0145     0.0000      98.78    97.5231     0.0731     168727         10  0.000e+00
    364.803    361.053     3.7575     3.7577  32.417513  32.418388    6.58919     2.2200 2.6863e+02    -0.0219     0.0000      98.78    97.5231     0.0731     168728         10  0.000e+00
    364.803    361.053     3.7573     3.7577  32.417693  32.418103    6.58920     2.2200 2.6863e+02    -0.0219     0.0000      98.78    97.5231     0.0731     168729         10  0.000e+00
    364.868    361.118     3.7573     3.7577  32.417634  32.418103    6.58926     2.2200 2.6663e+02    -0.0145     0.0000      98.78    97.5231     0.0731     168730         10  0.000e+00
    364.836    361.086     3.7573     3.7574  32.417934  32.418103    6.58446     2.2188 2.6863e+02    -0.0219     0.0000      98.78    97.5493     0.0731     168731         10  0.000e+00
    364.803    361.053     3.7571     3.7577  32.417934  32.418103    6.58921     2.2200 2.6863e+02    -0.0219     0.0000      98.78    97.5231     0.0731     168732         10  0.000e+00
    364.868    361.118     3.7573     3.7579  32.417393  32.417932    6.58927     2.2200 2.6663e+02    -0.0219     0.0000      98.78    97.5231     0.0731     168733         10  0.000e+00
    364.868    361.118     3.7575     3.7579  32.417634  32.418388    6.58923     2.2200 2.6863e+02    -0.0145     0.0000      98.78    97.5231     0.0731     168734         10  0.000e+00
    364.803    361.053     3.7575     3.7582  32.417814  32.418673    6.58917     2.2200 2.6863e+02    -0.0219     0.0000      98.78    97.4969     0.0731     168735         10  0.000e+00
    364.893    361.142     3.7573     3.7580  32.417814  32.418674    6.58927     2.2200 2.6863e+02    -0.0145     0.0000      98.78    97.5231     0.0731     168736         10  0.000e+00
    364.868    361.118     3.7573     3.7582  32.417814  32.418674    6.58924     2.2200 2.6863e+02    -0.0219     0.0000      98.78    97.5231     0.0731     168737         10  0.000e+00
    364.925    361.174     3.7573     3.7582  32.417994  32.418674    6.58928     2.2200 2.6663e+02    -0.0219     0.0000      98.78    97.5231     0.0731     168738         10  0.000e+00
    364.868    361.118     3.7573     3.7580  32.417934  32.418845    6.58924     2.2200 2.6863e+02    -0.0219     0.0000      98.78    97.5231     0.0731     168739         10  0.000e+00
    162.658    161.065     4.2466     4.2477  32.799031  32.800224    6.42475     2.2448 2.6262e+02    -0.0219     0.0000      98.78    97.4185     0.0731     176309         11  0.000e+00
    162.545    160.953     4.2464     4.2475  32.799030  32.800109    6.42925     2.2460 2.6262e+02    -0.0219     0.0000      98.78    97.3923     0.0731     176310         11  0.000e+00
    162.658    161.065     4.2467     4.2473  32.798849  32.799823    6.42475     2.2448 2.6462e+02    -0.0219     0.0000      98.78    97.3923     0.0731     176311         11  0.000e+00
    162.602    161.009     4.2467     4.2473  32.799091  32.800396    6.42469     2.2448 2.6462e+02    -0.0219     0.0000      98.78    97.4185     0.0731     176312         11  0.000e+00
    162.602    161.009     4.2467     4.2473  32.799091  32.799937    6.42468     2.2448 2.6262e+02    -0.0145     0.0000      98.78    97.4185     0.0731     176313         11  0.000e+00
    162.602    161.009     4.2465     4.2473  32.798849  32.799823    6.42472     2.2448 2.6462e+02    -0.0219     0.0000      98.78    97.3923     0.0731     176314         11  0.000e+00
    162.602    161.009     4.2466     4.2473  32.798970  32.799823    6.42470     2.2448 2.6262e+02    -0.0219     0.0000      98.78    97.3923     0.0731     176315         11  0.000e+00
    162.602    161.009     4.2467     4.2472  32.798849  32.800109    6.42926     2.2460 2.6262e+02    -0.0219     0.0000      98.78    97.3923     0.0731     176316         11  0.000e+00
    162.602    161.009     4.2466     4.2472  32.798789  32.799594    6.42927     2.2460 2.6462e+02    -0.0219     0.0000      98.78    97.4185     0.0731     176317         11  0.000e+00
    162.667    161.073     4.2465     4.2472  32.799151  32.800110    6.42932     2.2460 2.6262e+02    -0.0219     0.0000      98.78    97.4185     0.0731     176318         11  0.000e+00
    162.602    161.009     4.2466     4.2472  32.799030  32.799536    6.42926     2.2460 2.6462e+02    -0.0219     0.0000      98.78    97.4185     0.0731     176319         11  0.000e+00
    162.602    161.009     4.2467     4.2469  32.798608  32.800109    6.42927     2.2460 2.6262e+02    -0.0145     0.0000      98.78    97.3923     0.0731     176320         11  0.000e+00
    162.537    160.945     4.2466     4.2469  32.798668  32.799307    6.42922     2.2460 2.6262e+02    -0.0219     0.0000      98.78    97.3661     0.0731     176321         11  0.000e+00
    162.658    161.065     4.2465     4.2470  32.798789  32.799536    6.43389     2.2473 2.6262e+02    -0.0145     0.0000      98.78    97.3661     0.0731     176322         11  0.000e+00
    162.602    161.009     4.2464     4.2470  32.798789  32.799536    6.42929     2.2460 2.6262e+02    -0.0145     0.0000      98.78    97.3923     0.0731     176323         11  0.000e+00
    162.602    161.009     4.2466     4.2476  32.798789  32.799823    6.42927     2.2460 2.6262e+02    -0.0219     0.0000      98.78    97.3923     0.0731     176324         11  0.000e+00
    162.602    161.009     4.2466     4.2477  32.798970  32.799937    6.42926     2.2460 2.6262e+02    -0.0219     0.0000      98.78    97.4185     0.0731     176325         11  0.000e+00
    162.602    161.009     4.2464     4.2478  32.798970  32.799823    6.42928     2.2460 2.6462e+02    -0.0219     0.0000      98.78    97.4185     0.0731     176326         11  0.000e+00
    162.602    161.009     4.2465     4.2477  32.798849  32.800396    6.42927     2.2460 2.6462e+02    -0.0219     0.0000      98.78    97.4185     0.0731     176327         11  0.000e+00
    162.602    161.009     4.2466     4.2475  32.798970  32.799823    6.42925     2.2460 2.6462e+02    -0.0219     0.0000      98.78    97.3923     0.0731     176328         11  0.000e+00
