Ship_data/Irminger/Irminger-2/ctd/process/OOI/at30_004.ros
* Sea-Bird SBE 9 Data File:
* FileName = C:\data\ctd\at30_004.hex
* Software Version Seasave V 7.21f
* Temperature SN = 2265
* Conductivity SN = 3021
* Number of Bytes Per Scan = 40
* Number of Voltage Words = 5
* Number of Scans Averaged by the Deck Unit = 1
* NMEA Latitude = 59 57.06 N
* NMEA Longitude = 039 25.14 W
* NMEA UTC (Time) = Aug 14 2015  14:16:48
# nquan = 17
# nvalues = 539                                   
# units = specified
# name 0 = prDM: Pressure, Digiquartz [db]
# name 1 = depSM: Depth [salt water, m]
# name 2 = t090C: Temperature [ITS-90, deg C]
# name 3 = t190C: Temperature, 2 [ITS-90, deg C]
# name 4 = c0mS/cm: Conductivity [mS/cm]
# name 5 = c1mS/cm: Conductivity, 2 [mS/cm]
# name 6 = sbeox0ML/L: Oxygen, SBE 43 [ml/l]
# name 7 = sbeox0V: Oxygen raw, SBE 43 [V]
# name 8 = spar: SPAR/Surface Irradiance
# name 9 = flECO-AFL: Fluorescence, WET Labs ECO-AFL/FL [mg/m^3]
# name 10 = v2: Voltage 2
# name 11 = altM: Altimeter [m]
# name 12 = CStarTr0: Beam Transmission, WET Labs C-Star [%]
# name 13 = turbWETntu0: Turbidity, WET Labs ECO [NTU]
# name 14 = scan: Scan Count
# name 15 = nbf: Bottles Fired
# name 16 = flag:  0.000e+00
# interval = seconds: 0.0416667
# start_time = Aug 14 2015 14:16:48 [NMEA time, header]
# bad_flag = -9.990e-29
*END*
[from data line 171]
    253.591    251.047     3.9141     3.9155  32.515698  32.516394    6.49671     2.2280 3.4882e+02    -0.0219     0.0000      98.78    97.2353     0.0780     163408          4  0.000e+00
    253.657    251.112     3.9144     3.9154  32.515638  32.516909    6.50139     2.2292 3.4882e+02    -0.0219     0.0000      98.78    97.2353     0.0780     163409          4  0.000e+00
    253.648    251.104     3.9142     3.9154  32.515638  32.516966    6.50141     2.2292 3.4882e+02    -0.0219     0.0000      98.78    97.2353     0.0780     163410          4  0.000e+00
    253.648    251.104     3.9142     3.9149  32.515698  32.516909    6.50140     2.2292 3.4882e+02    -0.0219     0.0000      98.78    97.2092     0.0780     163411          4  0.000e+00
    253.657    251.112     3.9142     3.9144  32.515518  32.516623    6.50142     2.2292 3.4882e+02    -0.0219     0.0000      98.75    97.2092     0.0780     163412          4  0.000e+00
    253.591    251.047     3.9139     3.9144  32.515578  32.516680    6.50139     2.2292 3.4681e+02    -0.0219     0.0000      98.78    97.2353     0.0780     163413          4  0.000e+00
    253.705    251.160     3.9139     3.9141  32.515879  32.516623    6.49682     2.2279 3.4882e+02    -0.0219     0.0000      98.78    97.2353     0.0780     163414          4  0.000e+00
    253.600    251.055     3.9137     3.9141  32.515337  32.516395    6.50610     2.2304 3.4882e+02    -0.0292     0.0000      98.75    97.2353     0.0780     163415          4  0.000e+00
    253.592    251.047     3.9137     3.9141  32.515097  32.515709    6.49678     2.2279 3.4882e+02    -0.0219     0.0000      98.78    97.2353     0.0780     163416          4  0.000e+00
    253.657    251.112     3.9137     3.9139  32.515097  32.515767    6.50150     2.2292 3.4882e+02    -0.0219     0.0000      98.75    97.2353     0.0780     163417          4  0.000e+00
    253.649    251.104     3.9134     3.9138  32.514916  32.515424    6.50154     2.2292 3.4882e+02    -0.0219     0.0000      98.78    97.2353     0.0780     163418          4  0.000e+00
    253.592    251.048     3.9135     3.9141  32.514916  32.516109    6.50614     2.2304 3.4882e+02    -0.0219     0.0000      98.78    97.2353     0.0780     163419          4  0.000e+00
    253.600    251.056     3.9132     3.9139  32.514616  32.515424    6.49687     2.2279 3.4882e+02    -0.0219     0.0000      98.78    97.2092     0.0804     163420          4  0.000e+00
    253.649    251.104     3.9132     3.9138  32.514916  32.515138    6.50156     2.2292 3.5082e+02    -0.0219     0.0000      98.78    97.2353     0.0780     163421          4  0.000e+00
    253.600    251.056     3.9132     3.9138  32.514676  32.515766    6.50152     2.2292 3.4882e+02    -0.0292     0.0000      98.78    97.2353     0.0780     163422          4  0.000e+00
    253.592    251.048     3.9133     3.9138  32.514676  32.515709    6.50151     2.2292 3.4882e+02    -0.0219     0.0000      98.75    97.2353     0.0780     163423          4  0.000e+00
    253.592    251.048     3.9132     3.9138  32.514976  32.515195    6.50150     2.2292 3.4882e+02    -0.0219     0.0000      98.78    97.2353     0.0780     163424          4  0.000e+00
    253.600    251.056     3.9134     3.9138  32.514676  32.515424    6.50151     2.2292 3.4882e+02    -0.0219     0.0000      98.78    97.2353     0.0780     163425          4  0.000e+00
    253.592    251.048     3.9135     3.9138  32.514916  32.515481    6.50146     2.2292 3.4882e+02    -0.0292     0.0000      98.78    97.2353     0.0780     163426          4  0.000e+00
    253.543    250.999     3.9134     3.9138  32.514916  32.515138    6.50144     2.2292 3.4882e+02    -0.0219     0.0000      98.78    97.2353     0.0780     163427          4  0.000e+00
    253.592    251.048     3.9135     3.9138  32.514976  32.515481    6.50146     2.2292 3.4882e+02    -0.0219     0.0000      98.78    97.2353     0.0780     163428          4  0.000e+00
    253.527    250.983     3.9135     3.9139  32.514916  32.515138    6.50140     2.2292 3.4882e+02    -0.0292     0.0000      98.78    97.2092     0.0780     163429          4  0.000e+00
    253.600    251.056     3.9137     3.9138  32.514916  32.515424    6.50145     2.2292 3.5082e+02    -0.0219     0.0000      98.78    97.2092     0.0780     163430          4  0.000e+00
    253.527    250.983     3.9137     3.9138  32.515036  32.515766    6.50137     2.2292 3.4882e+02    -0.0219     0.0000      98.78    97.2092     0.0780     163431          4  0.000e+00
    253.543    250.999     3.9136     3.9138  32.515097  32.515423    6.49674     2.2279 3.4882e+02    -0.0219     0.0000      98.78    97.2092     0.0780     163432          4  0.000e+00
    131.762    130.478     4.2263     4.2255  32.737328  32.736478    6.55166     2.2845 3.7488e+02    -0.0219     0.0000      98.78    97.1569     0.0780     170924          5  0.000e+00
    131.835    130.551     4.2263     4.2254  32.736906  32.736478    6.55175     2.2845 3.7488e+02    -0.0292     0.0000      98.75    97.1830     0.0780     170925          5  0.000e+00
    131.819    130.535     4.2260     4.2252  32.736846  32.736478    6.55177     2.2845 3.7488e+02    -0.0219     0.0000      98.78    97.1830     0.0780     170926          5  0.000e+00
    131.819    130.535     4.2261     4.2257  32.737027  32.736535    6.55174     2.2845 3.7287e+02    -0.0219     0.0000      98.78    97.1830     0.0780     170927          5  0.000e+00
    131.819    130.535     4.2261     4.2255  32.737148  32.736478    6.55628     2.2857 3.7488e+02    -0.0292     0.0000      98.78    97.1569     0.0780     170928          5  0.000e+00
    131.819    130.535     4.2261     4.2259  32.737027  32.736764    6.55629     2.2857 3.7488e+02    -0.0219     0.0000      98.78    97.1569     0.0780     170929          5  0.000e+00
    131.819    130.535     4.2263     4.2257  32.736846  32.737051    6.55173     2.2845 3.7287e+02    -0.0219     0.0000      98.78    97.1569     0.0780     170930          5  0.000e+00
    131.900    130.615     4.2263     4.2260  32.737088  32.736478    6.55179     2.2845 3.7287e+02    -0.0292     0.0000      98.78    97.1569     0.0780     170931          5  0.000e+00
    131.819    130.535     4.2261     4.2257  32.737027  32.737051    6.55174     2.2845 3.7287e+02    -0.0219     0.0000      98.78    97.1569     0.0780     170932          5  0.000e+00
    131.884    130.599     4.2260     4.2259  32.737027  32.736765    6.55181     2.2845 3.7287e+02    -0.0219     0.0000      98.78    97.1569     0.0780     170933          5  0.000e+00
    131.819    130.535     4.2261     4.2257  32.736786  32.737051    6.55175     2.2845 3.7488e+02    -0.0219     0.0000      98.78    97.1569     0.0780     170934          5  0.000e+00
    131.884    130.599     4.2260     4.2259  32.737027  32.737051    6.55181     2.2845 3.7488e+02    -0.0292     0.0000      98.78    97.1830     0.0780     170935          5  0.000e+00
    131.884    130.599     4.2260     4.2259  32.737148  32.736765    6.55180     2.2845 3.7488e+02    -0.0219     0.0000      98.78    97.1569     0.0780     170936          5  0.000e+00
    131.835    130.551     4.2260     4.2257  32.736967  32.736764    6.55177     2.2845 3.7488e+02    -0.0219     0.0000      98.78    97.1830     0.0780     170937          5  0.000e+00
    131.941    130.655     4.2257     4.2254  32.736907  32.736478    6.55190     2.2845 3.7287e+02    -0.0219     0.0000      98.78    97.1830     0.0780     170938          5  0.000e+00
    131.819    130.535     4.2259     4.2254  32.736725  32.736764    6.55178     2.2845 3.7287e+02    -0.0219     0.0000      98.78    97.1830     0.0780     170939          5  0.000e+00
    131.941    130.655     4.2258     4.2254  32.736726  32.736478    6.55644     2.2857 3.7287e+02    -0.0219     0.0000      98.78    97.1569     0.0780     170940          5  0.000e+00
    131.884    130.599     4.2260     4.2255  32.736726  32.736192    6.55182     2.2845 3.7287e+02    -0.0219     0.0000      98.78    97.1830     0.0780     170941          5  0.000e+00
    131.884    130.599     4.2257     4.2255  32.736484  32.736765    6.55642     2.2857 3.7488e+02    -0.0219     0.0000      98.78    97.1569     0.0780     170942          5  0.000e+00
    131.957    130.672     4.2259     4.2257  32.736666  32.736478    6.54281     2.2820 3.7488e+02    -0.0219     0.0000      98.78    97.1830     0.0780     170943          5  0.000e+00
    131.884    130.599     4.2258     4.2257  32.736484  32.736765    6.55186     2.2845 3.7488e+02    -0.0219     0.0000      98.78    97.1830     0.0780     170944          5  0.000e+00
    131.941    130.655     4.2257     4.2259  32.736545  32.736765    6.55646     2.2857 3.7488e+02    -0.0219     0.0000      98.78    97.1569     0.0780     170945          5  0.000e+00
    131.884    130.599     4.2259     4.2255  32.736364  32.736765    6.55640     2.2857 3.7488e+02    -0.0219     0.0000      98.78    97.1569     0.0780     170946          5  0.000e+00
    131.941    130.656     4.2255     4.2254  32.736545  32.736478    6.55193     2.2845 3.7488e+02    -0.0219     0.0000      98.78    97.1569     0.0780     170947          5  0.000e+00
    131.941    130.656     4.2255     4.2257  32.736666  32.736478    6.55193     2.2845 3.7488e+02    -0.0219     0.0000      98.78    97.1569     0.0780     170948          5  0.000e+00
    131.957    130.672     4.2255     4.2255  32.736605  32.736478    6.55649     2.2857 3.7688e+02    -0.0219     0.0000      98.78    97.1830     0.0780     170949          5  0.000e+00
    131.941    130.656     4.2254     4.2254  32.736424  32.736765    6.55196     2.2845 3.7488e+02    -0.0292     0.0000      98.78    97.1830     0.0780     170950          5  0.000e+00
    131.998    130.712     4.2254     4.2255  32.736364  32.736765    6.55656     2.2857 3.7488e+02    -0.0219     0.0000      98.78    97.1830     0.0780     170951          5  0.000e+00
    131.941    130.656     4.2254     4.2257  32.736364  32.736135    6.55651     2.2857 3.7488e+02    -0.0219     0.0000      98.75    97.1830     0.0780     170952          5  0.000e+00
    131.941    130.656     4.2252     4.2259  32.736304  32.736765    6.55653     2.2857 3.7488e+02    -0.0219     0.0000      98.78    97.1830     0.0780     170953          5  0.000e+00
    131.998    130.712     4.2252     4.2257  32.736304  32.736765    6.56568     2.2881 3.7488e+02    -0.0292     0.0000      98.78    97.1569     0.0780     170954          5  0.000e+00
    132.014    130.728     4.2254     4.2259  32.736545  32.736822    6.55656     2.2857 3.7488e+02    -0.0219     0.0000      98.78    97.1569     0.0780     170955          5  0.000e+00
    131.941    130.656     4.2252     4.2257  32.736364  32.737337    6.55653     2.2857 3.7488e+02    -0.0219     0.0000      98.78    97.1569     0.0780     170956          5  0.000e+00
    131.998    130.712     4.2254     4.2260  32.736304  32.736765    6.55656     2.2857 3.7488e+02    -0.0219     0.0000      98.78    97.1569     0.0780     170957          5  0.000e+00
    131.998    130.712     4.2254     4.2257  32.736183  32.736479    6.55656     2.2857 3.7287e+02    -0.0219     0.0000      98.78    97.1569     0.0780     170958          5  0.000e+00
    131.998    130.712     4.2250     4.2260  32.736183  32.736479    6.55660     2.2857 3.7488e+02    -0.0219     0.0000      98.78    97.1307     0.0780     170959          5  0.000e+00
    131.998    130.712     4.2252     4.2263  32.735882  32.737051    6.55660     2.2857 3.7488e+02    -0.0219     0.0000      98.78    97.1045     0.0780     170960          5  0.000e+00
    132.014    130.728     4.2252     4.2263  32.735942  32.737051    6.55661     2.2857 3.7488e+02    -0.0219     0.0000      98.78    97.1045     0.0780     170961          5  0.000e+00
    131.998    130.712     4.2250     4.2262  32.736002  32.737051    6.55661     2.2857 3.7488e+02    -0.0219     0.0000      98.78    97.1045     0.0780     170962          5  0.000e+00
    132.063    130.776     4.2252     4.2262  32.736244  32.737681    6.55663     2.2857 3.7488e+02    -0.0219     0.0000      98.78    97.1307     0.0780     170963          5  0.000e+00
    131.998    130.712     4.2254     4.2262  32.736183  32.737051    6.56110     2.2869 3.7488e+02    -0.0219     0.0000      98.78    97.1307     0.0780     170964          5  0.000e+00
    131.998    130.712     4.2249     4.2263  32.736063  32.737338    6.56572     2.2881 3.7488e+02    -0.0219     0.0000      98.78    97.1307     0.0780     170965          5  0.000e+00
    132.063    130.776     4.2250     4.2263  32.735761  32.737338    6.55668     2.2857 3.7488e+02    -0.0219     0.0000      98.78    97.1569     0.0780     170966          5  0.000e+00
    132.014    130.728     4.2252     4.2263  32.735942  32.737051    6.55660     2.2857 3.7488e+02    -0.0292     0.0000      98.78    97.1569     0.0780     170967          5  0.000e+00
    132.063    130.777     4.2249     4.2261  32.735882  32.737338    6.56124     2.2869 3.7488e+02    -0.0219     0.0000      98.78    97.1307     0.0780     170968          5  0.000e+00
    131.998    130.712     4.2250     4.2262  32.735882  32.737681    6.55661     2.2857 3.7488e+02    -0.0219     0.0000      98.78    97.1307     0.0804     170969          5  0.000e+00
    132.063    130.777     4.2250     4.2260  32.735822  32.737051    6.55667     2.2857 3.7488e+02    -0.0219     0.0000      98.75    97.1307     0.0780     170970          5  0.000e+00
    132.063    130.777     4.2249     4.2263  32.735942  32.737338    6.55668     2.2857 3.7488e+02    -0.0219     0.0000      98.78    97.1569     0.0780     170971          5  0.000e+00
    131.998    130.712     4.2250     4.2260  32.736002  32.737051    6.56115     2.2869 3.7688e+02    -0.0219     0.0000      98.78    97.1830     0.0780     170972          5  0.000e+00
    101.428    100.447     4.4167     4.4194  32.895152  32.897903    6.59723     2.3128 3.7889e+02    -0.0219     0.0000      98.78    97.0522     0.0780     174742          6  0.000e+00
    101.525    100.544     4.4161     4.4192  32.894548  32.897617    6.59743     2.3128 3.8089e+02    -0.0292     0.0000      98.78    97.0261     0.0780     174743          6  0.000e+00
    101.541    100.560     4.4153     4.4186  32.894185  32.897904    6.59757     2.3128 3.7889e+02    -0.0219     0.0000      98.78    97.0522     0.0780     174744          6  0.000e+00
    101.525    100.544     4.4152     4.4186  32.894125  32.897904    6.59757     2.3128 3.8089e+02    -0.0219     0.0000      98.75    97.0261     0.0780     174745          6  0.000e+00
    101.541    100.560     4.4151     4.4185  32.894246  32.897330    6.59758     2.3128 3.8089e+02    -0.0219     0.0000      98.78    96.9737     0.0780     174746          6  0.000e+00
    101.525    100.544     4.4148     4.4178  32.893944  32.897043    6.59762     2.3128 3.8089e+02    -0.0292     0.0000      98.78    96.9737     0.0780     174747          6  0.000e+00
    101.639    100.656     4.4145     4.4170  32.893340  32.896757    6.59779     2.3128 3.8089e+02    -0.0219     0.0000      98.78    96.9737     0.0780     174748          6  0.000e+00
    101.541    100.560     4.4137     4.4162  32.892796  32.896125    6.59784     2.3128 3.8089e+02    -0.0219     0.0000      98.78    96.9999     0.0780     174749          6  0.000e+00
    101.582    100.600     4.4133     4.4155  32.892433  32.895839    6.59794     2.3128 3.8089e+02    -0.0219     0.0000      98.78    97.0261     0.0780     174750          6  0.000e+00
    101.663    100.680     4.4131     4.4149  32.892313  32.894634    6.60256     2.3140 3.8290e+02    -0.0219     0.0000      98.78    96.9999     0.0780     174751          6  0.000e+00
