Ship_data/Irminger/Irminger-2/ctd/process/OOI/at30_010.ros
* Sea-Bird SBE 9 Data File:
* FileName = C:\data\ctd\at30_010.hex
* Software Version Seasave V 7.21f
* Temperature SN = 2265
* Conductivity SN = 3021
* Number of Bytes Per Scan = 40
* Number of Voltage Words = 5
* Number of Scans Averaged by the Deck Unit = 1
* NMEA Latitude = 59 45.71 N
* NMEA Longitude = 039 52.84 W
* NMEA UTC (Time) = Aug 19 2015  21:15:33
** FLMA 2 post deployment cal
# nquan = 17
# nvalues = 588                                   
# units = specified
# name 0 = prDM: Pressure, Digiquartz [db]
# name 1 = depSM: Depth [salt water, m]
# name 2 = t090C: Temperature [ITS-90, deg C]
# name 3 = t190C: Temperature, 2 [ITS-90, deg C]
# name 4 = c0mS/cm: Conductivity [mS/cm]
# name 5 = c1mS/cm: Conductivity, 2 [mS/cm]
# name 6 = sbeox0ML/L: Oxygen, SBE 43 [ml/l]
# name 7 = sbeox0V: Oxygen raw, SBE 43 [V]
# name 8 = spar: SPAR/Surface Irradiance
# name 9 = flECO-AFL: Fluorescence, WET Labs ECO-AFL/FL [mg/m^3]
# name 10 = v2: Voltage 2
# name 11 = altM: Altimeter [m]
# name 12 = CStarTr0: Beam Transmission, WET Labs C-Star [%]
# name 13 = turbWETntu0: Turbidity, WET Labs ECO [NTU]
# name 14 = scan: Scan Count
# name 15 = nbf: Bottles Fired
# name 16 = flag:  0.000e+00
# interval = seconds: 0.0416667
# start_time = Aug 19 2015 21:15:33 [NMEA time, header]
# bad_flag = -9.990e-29
*END*
[from data line 341]
   1013.138   1001.163     3.4484     3.4488  32.399848  32.400178    6.59838     2.0714 2.2052e+01    -0.0512     0.0000      98.73    97.5231     0.0707     138231          7  0.000e+00
   1013.138   1001.163     3.4484     3.4486  32.400209  32.400178    6.59836     2.0714 2.2052e+01    -0.0512     0.0000      98.73    97.5231     0.0707     138232          7  0.000e+00
    810.223    801.035     3.5936     3.5937  32.456059  32.455801    6.63200     2.1276 2.2052e+01    -0.0512     0.0000      98.73    97.5231     0.0682     145100          8  0.000e+00
    810.223    801.035     3.5937     3.5937  32.455878  32.456086    6.63199     2.1276 2.2052e+01    -0.0512     0.0000      98.73    97.4969     0.0707     145101          8  0.000e+00
    810.215    801.026     3.5935     3.5936  32.455578  32.455801    6.63204     2.1276 2.2052e+01    -0.0512     0.0000      98.73    97.4446     0.0707     145102          8  0.000e+00
    810.166    800.978     3.5936     3.5937  32.455638  32.456086    6.63197     2.1276 2.2052e+01    -0.0585     0.0000      98.73    97.4185     0.0707     145103          8  0.000e+00
    810.223    801.035     3.5937     3.5937  32.455758  32.455801    6.63199     2.1276 2.2052e+01    -0.0658     0.0000      98.73    97.4446     0.0707     145104          8  0.000e+00
    810.338    801.148     3.5936     3.5939  32.455939  32.455801    6.63211     2.1276 2.2052e+01    -0.0512     0.0000      98.73    97.4708     0.0707     145105          8  0.000e+00
    810.223    801.035     3.5936     3.5939  32.455638  32.456086    6.63202     2.1276 2.2052e+01    -0.0512     0.0000      98.73    97.4969     0.0707     145106          8  0.000e+00
    810.289    801.100     3.5936     3.5941  32.455458  32.456086    6.63209     2.1276 2.2052e+01    -0.0512     0.0000      98.73    97.4969     0.0707     145107          8  0.000e+00
    810.273    801.083     3.5932     3.5937  32.455458  32.456086    6.63212     2.1276 2.2052e+01    -0.0512     0.0000      98.73    97.5231     0.0707     145108          8  0.000e+00
    810.347    801.156     3.5936     3.5936  32.455458  32.456372    6.63213     2.1276 2.2052e+01    -0.0512     0.0000      98.73    97.5231     0.0707     145109          8  0.000e+00
    810.224    801.035     3.5932     3.5939  32.455638  32.455515    6.63206     2.1276 2.2052e+01    -0.0512     0.0000      98.73    97.5231     0.0707     145110          8  0.000e+00
    810.339    801.148     3.5934     3.5937  32.455759  32.456086    6.63213     2.1276 2.2052e+01    -0.0512     0.0000      98.73    97.5231     0.0707     145111          8  0.000e+00
    810.289    801.100     3.5936     3.5937  32.455398  32.455801    6.63209     2.1276 2.2052e+01    -0.0512     0.0000      98.73    97.5493     0.0707     145112          8  0.000e+00
    810.347    801.156     3.5934     3.5937  32.455819  32.456086    6.63214     2.1276 2.2052e+01    -0.0512     0.0000      98.73    97.5493     0.0707     145113          8  0.000e+00
    810.339    801.148     3.5932     3.5937  32.456059  32.456086    6.63214     2.1276 2.2052e+01    -0.0512     0.0000      98.73    97.5493     0.0707     145114          8  0.000e+00
    810.347    801.156     3.5934     3.5937  32.455879  32.456372    6.63213     2.1276 2.2052e+01    -0.0512     0.0000      98.73    97.5231     0.0682     145115          8  0.000e+00
    810.347    801.156     3.5935     3.5937  32.455338  32.455801    6.63215     2.1276 2.2052e+01    -0.0512     0.0000      98.73    97.5493     0.0707     145116          8  0.000e+00
    810.339    801.148     3.5936     3.5934  32.455578  32.456086    6.63211     2.1276 2.2052e+01    -0.0512     0.0000      98.73    97.5493     0.0707     145117          8  0.000e+00
    810.347    801.156     3.5934     3.5937  32.455759  32.456086    6.63213     2.1276 2.2052e+01    -0.0512     0.0000      98.73    97.5493     0.0707     145118          8  0.000e+00
    810.347    801.156     3.5934     3.5937  32.455759  32.455801    6.63213     2.1276 2.2052e+01    -0.0512     0.0000      98.73    97.5231     0.0707     145119          8  0.000e+00
    810.396    801.205     3.5934     3.5937  32.455759  32.456372    6.63218     2.1276 2.2052e+01    -0.0512     0.0000      98.73    97.5493     0.0707     145120          8  0.000e+00
    810.347    801.156     3.5934     3.5937  32.455759  32.456086    6.63213     2.1276 2.2052e+01    -0.0585     0.0000      98.73    97.5231     0.0707     145121          8  0.000e+00
    810.347    801.156     3.5934     3.5937  32.455759  32.455801    6.63213     2.1276 2.4056e+01    -0.0512     0.0000      98.73    97.5231     0.0707     145122          8  0.000e+00
    810.396    801.205     3.5936     3.5937  32.455759  32.455801    6.63214     2.1276 2.2052e+01    -0.0585     0.0000      98.73    97.4969     0.0707     145123          8  0.000e+00
    810.404    801.213     3.5932     3.5937  32.455759  32.456087    6.62712     2.1263 2.2052e+01    -0.0512     0.0000      98.73    97.5231     0.0682     145124          8  0.000e+00
    810.347    801.156     3.5936     3.5939  32.455759  32.456372    6.63210     2.1276 2.2052e+01    -0.0512     0.0000      98.73    97.5231     0.0707     145125          8  0.000e+00
    810.396    801.205     3.5936     3.5939  32.455398  32.455801    6.63217     2.1276 2.2052e+01    -0.0512     0.0000      98.73    97.5493     0.0707     145126          8  0.000e+00
    810.347    801.156     3.5934     3.5937  32.455638  32.456372    6.63213     2.1276 2.2052e+01    -0.0512     0.0000      98.73    97.5493     0.0707     145127          8  0.000e+00
    810.404    801.213     3.5936     3.5937  32.455759  32.455516    6.63215     2.1276 2.2052e+01    -0.0512     0.0000      98.73    97.5493     0.0707     145128          8  0.000e+00
    810.339    801.148     3.5934     3.5941  32.455759  32.456086    6.62704     2.1263 2.2052e+01    -0.0512     0.0000      98.73    97.5231     0.0707     145129          8  0.000e+00
    810.347    801.157     3.5936     3.5940  32.455578  32.455801    6.63210     2.1276 2.2052e+01    -0.0512     0.0000      98.73    97.5231     0.0707     145130          8  0.000e+00
    810.347    801.157     3.5934     3.5939  32.455638  32.456086    6.63213     2.1276 2.2052e+01    -0.0512     0.0000      98.73    97.5493     0.0707     145131          8  0.000e+00
    810.396    801.205     3.5934     3.5939  32.455939  32.455801    6.63215     2.1276 2.2052e+01    -0.0512     0.0000      98.73    97.5493     0.0707     145132          8  0.000e+00
    810.290    801.100     3.5932     3.5939  32.455879  32.455801    6.63208     2.1276 2.2052e+01    -0.0512     0.0000      98.73    97.5493     0.0707     145133          8  0.000e+00
    810.405    801.213     3.5936     3.5937  32.455578  32.456087    6.62708     2.1263 2.2052e+01    -0.0512     0.0000      98.73    97.5231     0.0707     145134          8  0.000e+00
    810.339    801.149     3.5934     3.5941  32.455458  32.456086    6.62705     2.1263 2.2052e+01    -0.0512     0.0000      98.73    97.5493     0.0707     145135          8  0.000e+00
    810.290    801.100     3.5936     3.5939  32.455638  32.456086    6.62697     2.1263 2.2052e+01    -0.0512     0.0000      98.73    97.5231     0.0707     145136          8  0.000e+00
    810.347    801.157     3.5935     3.5939  32.455578  32.456086    6.62704     2.1263 2.2052e+01    -0.0512     0.0000      98.73    97.5493     0.0707     145137          8  0.000e+00
    810.273    801.084     3.5936     3.5939  32.455638  32.456086    6.62695     2.1263 2.2052e+01    -0.0512     0.0000      98.73    97.5493     0.0707     145138          8  0.000e+00
    810.290    801.100     3.5936     3.5939  32.455578  32.455801    6.62697     2.1263 2.2052e+01    -0.0585     0.0000      98.73    97.5493     0.0707     145139          8  0.000e+00
    810.290    801.100     3.5936     3.5941  32.455999  32.456086    6.63203     2.1276 2.2052e+01    -0.0512     0.0000      98.73    97.5493     0.0707     145140          8  0.000e+00
    810.273    801.084     3.5934     3.5941  32.455638  32.455801    6.62697     2.1263 2.2052e+01    -0.0512     0.0000      98.73    97.5493     0.0707     145141          8  0.000e+00
    810.224    801.035     3.5937     3.5942  32.455458  32.456086    6.62689     2.1263 2.2052e+01    -0.0732     0.0000      98.73    97.5493     0.0707     145142          8  0.000e+00
    810.290    801.100     3.5936     3.5939  32.455638  32.456372    6.62696     2.1263 2.2052e+01    -0.0512     0.0000      98.73    97.5231     0.0707     145143          8  0.000e+00
    810.216    801.027     3.5935     3.5941  32.455337  32.456086    6.63201     2.1276 2.2052e+01    -0.0512     0.0000      98.73    97.5493     0.0707     145144          8  0.000e+00
    810.224    801.035     3.5937     3.5941  32.455337  32.456371    6.62690     2.1263 2.2052e+01    -0.0512     0.0000      98.73    97.5493     0.0707     145145          8  0.000e+00
    810.224    801.035     3.5939     3.5942  32.455037  32.455801    6.62689     2.1263 2.2052e+01    -0.0512     0.0000      98.73    97.5493     0.0682     145146          8  0.000e+00
    810.166    800.978     3.5936     3.5941  32.455277  32.456086    6.62687     2.1263 2.2052e+01    -0.0512     0.0000      98.73    97.5493     0.0707     145147          8  0.000e+00
    810.150    800.962     3.5936     3.5941  32.455457  32.456086    6.62684     2.1263 2.4056e+01    -0.0512     0.0000      98.73    97.5231     0.0707     145148          8  0.000e+00
    607.739    601.138     3.6416     3.6420  32.413412  32.414989    6.65126     2.1774 2.2052e+01    -0.0512     0.0000      98.73    97.5754     0.0707     151798          9  0.000e+00
    607.804    601.203     3.6414     3.6422  32.413472  32.414361    6.65133     2.1774 2.4056e+01    -0.0512     0.0000      98.73    97.5754     0.0707     151799          9  0.000e+00
    607.829    601.227     3.6414     3.6421  32.413352  32.414361    6.65136     2.1774 2.4056e+01    -0.0512     0.0000      98.73    97.5754     0.0707     151800          9  0.000e+00
    607.804    601.203     3.6416     3.6421  32.413292  32.414361    6.65132     2.1774 2.2052e+01    -0.0512     0.0000      98.73    97.5754     0.0707     151801          9  0.000e+00
    607.804    601.203     3.6414     3.6418  32.413292  32.414076    6.65134     2.1774 2.2052e+01    -0.0512     0.0000      98.73    97.5754     0.0707     151802          9  0.000e+00
    607.829    601.227     3.6418     3.6420  32.413292  32.414361    6.65131     2.1774 2.2052e+01    -0.0512     0.0000      98.73    97.5754     0.0707     151803          9  0.000e+00
    607.862    601.259     3.6416     3.6418  32.413472  32.414590    6.65136     2.1774 2.2052e+01    -0.0512     0.0000      98.73    97.5754     0.0707     151804          9  0.000e+00
    607.829    601.227     3.6414     3.6418  32.413592  32.413791    6.65134     2.1774 2.2052e+01    -0.0512     0.0000      98.73    97.5754     0.0707     151805          9  0.000e+00
    607.919    601.316     3.6414     3.6418  32.413172  32.414076    6.65144     2.1774 2.2052e+01    -0.0512     0.0000      98.73    97.5754     0.0707     151806          9  0.000e+00
    607.804    601.203     3.6416     3.6416  32.413172  32.413506    6.65132     2.1774 2.2052e+01    -0.0512     0.0000      98.73    97.5754     0.0707     151807          9  0.000e+00
    607.944    601.340     3.6409     3.6416  32.413112  32.414077    6.65153     2.1774 2.2052e+01    -0.0512     0.0000      98.73    97.5754     0.0707     151808          9  0.000e+00
    607.862    601.259     3.6408     3.6416  32.412811  32.414076    6.65149     2.1774 2.2052e+01    -0.0512     0.0000      98.73    97.5754     0.0707     151809          9  0.000e+00
    607.862    601.259     3.6405     3.6413  32.412691  32.413791    6.65154     2.1774 2.2052e+01    -0.0512     0.0000      98.73    97.5754     0.0707     151810          9  0.000e+00
    607.886    601.284     3.6403     3.6417  32.412451  32.413677    6.65160     2.1774 2.2052e+01    -0.0512     0.0000      98.73    97.5754     0.0707     151811          9  0.000e+00
    607.919    601.316     3.6405     3.6416  32.412211  32.414076    6.65162     2.1774 2.2052e+01    -0.0439     0.0000      98.73    97.5754     0.0707     151812          9  0.000e+00
    607.919    601.316     3.6403     3.6413  32.412271  32.413791    6.65164     2.1774 2.2052e+01    -0.0512     0.0000      98.73    97.5493     0.0707     151813          9  0.000e+00
    607.886    601.284     3.6405     3.6412  32.412391  32.413506    6.65158     2.1774 2.2052e+01    -0.0512     0.0000      98.73    97.5754     0.0707     151814          9  0.000e+00
    607.919    601.316     3.6405     3.6412  32.412391  32.413791    6.65161     2.1774 2.2052e+01    -0.0512     0.0000      98.73    97.5754     0.0707     151815          9  0.000e+00
    607.919    601.316     3.6405     3.6410  32.412571  32.413506    6.65159     2.1774 2.4056e+01    -0.0512     0.0000      98.73    97.5754     0.0707     151816          9  0.000e+00
    607.886    601.284     3.6405     3.6414  32.412691  32.413221    6.65156     2.1774 2.2052e+01    -0.0512     0.0000      98.73    97.5754     0.0707     151817          9  0.000e+00
    607.919    601.316     3.6405     3.6415  32.412511  32.413677    6.65160     2.1774 2.2052e+01    -0.0512     0.0000      98.73    97.5493     0.0707     151818          9  0.000e+00
    607.919    601.316     3.6403     3.6415  32.412391  32.413791    6.65162     2.1774 2.4056e+01    -0.0512     0.0000      98.73    97.5493     0.0707     151819          9  0.000e+00
    607.887    601.284     3.6401     3.6418  32.412391  32.413506    6.65162     2.1774 2.2052e+01    -0.0512     0.0000      98.73    97.5754     0.0707     151820          9  0.000e+00
    607.862    601.260     3.6401     3.6418  32.412391  32.413791    6.65159     2.1774 2.2052e+01    -0.0512     0.0000      98.73    97.5493     0.0707     151821          9  0.000e+00
    607.862    601.260     3.6403     3.6418  32.412150  32.414076    6.65158     2.1774 2.2052e+01    -0.0512     0.0000      98.73    97.5754     0.0682     151822          9  0.000e+00
    607.944    601.341     3.6400     3.6414  32.411910  32.414362    6.65171     2.1774 2.2052e+01    -0.0512     0.0000      98.73    97.5493     0.0707     151823          9  0.000e+00
    607.862    601.260     3.6399     3.6416  32.411670  32.413962    6.65167     2.1774 2.2052e+01    -0.0512     0.0000      98.73    97.5754     0.0707     151824          9  0.000e+00
    607.805    601.203     3.6399     3.6416  32.411549  32.413506    6.64669     2.1762 2.2052e+01    -0.0512     0.0000      98.73    97.5493     0.0707     151825          9  0.000e+00
    607.944    601.341     3.6397     3.6418  32.411550  32.413791    6.65177     2.1774 2.2052e+01    -0.0512     0.0000      98.73    97.5493     0.0707     151826          9  0.000e+00
    607.805    601.203     3.6399     3.6415  32.411730  32.414076    6.65160     2.1774 2.2052e+01    -0.0512     0.0000      98.73    97.5493     0.0707     151827          9  0.000e+00
    607.862    601.260     3.6407     3.6416  32.412451  32.414076    6.65151     2.1774 2.2052e+01    -0.0512     0.0000      98.73    97.5493     0.0707     151828          9  0.000e+00
    607.829    601.227     3.6413     3.6415  32.413112  32.413791    6.65137     2.1774 2.2052e+01    -0.0512     0.0000      98.73    97.5493     0.0707     151829          9  0.000e+00
    607.862    601.260     3.6414     3.6411  32.413472  32.413791    6.65135     2.1774 2.2052e+01    -0.0512     0.0000      98.73    97.5493     0.0707     151830          9  0.000e+00
