Ship_data/Irminger/Irminger-2/ctd/process/OOI/at30_005.ros
* Sea-Bird SBE 9 Data File:
* FileName = C:\data\ctd\at30_005.hex
* Software Version Seasave V 7.21f
* Temperature SN = 2265
* Conductivity SN = 3021
* Number of Bytes Per Scan = 40
* Number of Voltage Words = 5
* Number of Scans Averaged by the Deck Unit = 1
* NMEA Latitude = 59 59.33 N
* NMEA Longitude = 039 27.67 W
* NMEA UTC (Time) = Aug 14 2015  19:36:17
# nquan = 17
# nvalues = 1176                                  
# units = specified
# name 0 = prDM: Pressure, Digiquartz [db]
# name 1 = depSM: Depth [salt water, m]
# name 2 = t090C: Temperature [ITS-90, deg C]
# name 3 = t190C: Temperature, 2 [ITS-90, deg C]
# name 4 = c0mS/cm: Conductivity [mS/cm]
# name 5 = c1mS/cm: Conductivity, 2 [mS/cm]
# name 6 = sbeox0ML/L: Oxygen, SBE 43 [ml/l]
# name 7 = sbeox0V: Oxygen raw, SBE 43 [V]
# name 8 = spar: SPAR/Surface Irradiance
# name 9 = flECO-AFL: Fluorescence, WET Labs ECO-AFL/FL [mg/m^3]
# name 10 = v2: Voltage 2
# name 11 = altM: Altimeter [m]
# name 12 = CStarTr0: Beam Transmission, WET Labs C-Star [%]
# name 13 = turbWETntu0: Turbidity, WET Labs ECO [NTU]
# name 14 = scan: Scan Count
# name 15 = nbf: Bottles Fired
# name 16 = flag:  0.000e+00
# interval = seconds: 0.0416667
# start_time = Aug 14 2015 19:36:17 [NMEA time, header]
# bad_flag = -9.990e-29
*END*
[from data line 937]
    102.459    101.468     5.1446     5.1486  33.627038  33.630377    6.42054     2.2994 2.8066e+02    -0.0219     0.0000      98.78    97.1045     0.0780     175015         20  0.000e+00
    102.500    101.508     5.1445     5.1485  33.627038  33.630956    6.41617     2.2981 2.7865e+02    -0.0219     0.0000      98.78    97.1045     0.0780     175016         20  0.000e+00
    102.459    101.468     5.1447     5.1488  33.626733  33.630666    6.41613     2.2981 2.7665e+02    -0.0219     0.0000      98.78    97.1045     0.0780     175017         20  0.000e+00
    102.386    101.396     5.1443     5.1496  33.626916  33.631013    6.41610     2.2981 2.7464e+02    -0.0219     0.0000      98.78    97.1045     0.0780     175018         20  0.000e+00
    102.500    101.508     5.1445     5.1501  33.626916  33.631534    6.41617     2.2981 2.7264e+02    -0.0219     0.0000      98.75    97.0784     0.0780     175019         20  0.000e+00
    102.403    101.412     5.1443     5.1508  33.626855  33.632517    6.41612     2.2981 2.6863e+02    -0.0219     0.0000      98.75    97.0522     0.0780     175020         20  0.000e+00
    102.443    101.452     5.1449     5.1520  33.627038  33.632749    6.41606     2.2981 2.6663e+02    -0.0219     0.0000      98.78    97.0784     0.0780     175021         20  0.000e+00
    102.346    101.356     5.1449     5.1523  33.627159  33.633443    6.42039     2.2994 2.6262e+02    -0.0219     0.0000      98.78    97.0784     0.0780     175022         20  0.000e+00
    102.443    101.452     5.1449     5.1521  33.627342  33.634369    6.41604     2.2981 2.6061e+02    -0.0219     0.0000      98.78    97.0784     0.0780     175023         20  0.000e+00
    102.403    101.412     5.1453     5.1528  33.627464  33.634600    6.41596     2.2981 2.5861e+02    -0.0292     0.0000      98.75    97.1045     0.0780     175024         20  0.000e+00
    102.321    101.332     5.1454     5.1530  33.628134  33.634658    6.41584     2.2981 2.5660e+02    -0.0219     0.0000      98.78    97.1045     0.0780     175025         20  0.000e+00
    102.321    101.332     5.1458     5.1531  33.628561  33.635237    6.41578     2.2981 2.5460e+02    -0.0219     0.0000      98.78    97.1307     0.0780     175026         20  0.000e+00
    102.346    101.356     5.1469     5.1527  33.629292  33.635237    6.41563     2.2981 2.5059e+02    -0.0219     0.0000      98.78    97.1307     0.0780     175027         20  0.000e+00
    102.321    101.332     5.1475     5.1524  33.629719  33.635584    6.41550     2.2981 2.4858e+02    -0.0219     0.0000      98.78    97.1307     0.0780     175028         20  0.000e+00
    102.281    101.291     5.1474     5.1521  33.629109  33.634600    6.41551     2.2981 2.4658e+02    -0.0219     0.0000      98.78    97.1045     0.0804     175029         20  0.000e+00
    102.321    101.332     5.1469     5.1524  33.629109  33.634658    6.41561     2.2981 2.4457e+02    -0.0292     0.0000      98.75    97.1307     0.0780     175030         20  0.000e+00
    102.346    101.356     5.1471     5.1530  33.629902  33.634369    6.41557     2.2981 2.4257e+02    -0.0292     0.0000      98.78    97.1307     0.0780     175031         20  0.000e+00
    102.265    101.275     5.1486     5.1533  33.630815  33.634947    6.41526     2.2981 2.4056e+02    -0.0219     0.0000      98.78    97.1307     0.0780     175032         20  0.000e+00
    102.224    101.235     5.1495     5.1534  33.632156  33.635873    6.41505     2.2981 2.3856e+02    -0.0219     0.0000      98.78    97.1307     0.0780     175033         20  0.000e+00
    102.265    101.275     5.1502     5.1537  33.632766  33.635815    6.41497     2.2981 2.3655e+02    -0.0292     0.0000      98.75    97.1307     0.0780     175034         20  0.000e+00
    102.265    101.275     5.1504     5.1536  33.633070  33.635873    6.41051     2.2969 2.3455e+02    -0.0219     0.0000      98.78    97.1307     0.0780     175035         20  0.000e+00
    102.167    101.179     5.1506     5.1537  33.633192  33.635583    6.41040     2.2969 2.3255e+02    -0.0219     0.0000      98.78    97.1045     0.0780     175036         20  0.000e+00
    102.265    101.275     5.1507     5.1541  33.633192  33.636162    6.41047     2.2969 2.3255e+02    -0.0219     0.0000      98.78    97.1307     0.0780     175037         20  0.000e+00
    102.167    101.179     5.1509     5.1550  33.633619  33.635873    6.41034     2.2969 2.3054e+02    -0.0219     0.0000      98.78    97.1307     0.0780     175038         20  0.000e+00
    102.143    101.155     5.1513     5.1559  33.633923  33.636798    6.41025     2.2969 2.2854e+02    -0.0219     0.0000      98.75    97.1307     0.0780     175039         20  0.000e+00
    102.224    101.235     5.1516     5.1560  33.634045  33.637667    6.41028     2.2969 2.2653e+02    -0.0219     0.0000      98.78    97.1307     0.0780     175040         20  0.000e+00
    102.086    101.099     5.1518     5.1564  33.634289  33.637724    6.41012     2.2969 2.2653e+02    -0.0219     0.0000      98.78    97.1307     0.0780     175041         20  0.000e+00
    102.167    101.179     5.1522     5.1572  33.634228  33.638303    6.41014     2.2969 2.2453e+02    -0.0219     0.0000      98.78    97.1569     0.0780     175042         20  0.000e+00
    102.143    101.155     5.1522     5.1579  33.634533  33.638592    6.41453     2.2981 2.2453e+02    -0.0219     0.0000      98.75    97.1307     0.0780     175043         20  0.000e+00
    102.086    101.099     5.1521     5.1588  33.634533  33.639865    6.40565     2.2957 2.2252e+02    -0.0219     0.0000      98.78    97.1045     0.0780     175044         20  0.000e+00
    102.102    101.115     5.1524     5.1597  33.634228  33.641022    6.40565     2.2957 2.2252e+02    -0.0219     0.0000      98.75    97.1045     0.0780     175045         20  0.000e+00
    102.021    101.034     5.1521     5.1607  33.634106  33.641659    6.41004     2.2969 2.2252e+02    -0.0219     0.0000      98.78    97.1045     0.0780     175046         20  0.000e+00
    102.046    101.058     5.1525     5.1608  33.634532  33.642295    6.40998     2.2969 2.2052e+02    -0.0219     0.0000      98.78    97.0784     0.0780     175047         20  0.000e+00
    102.086    101.099     5.1531     5.1604  33.635142  33.642874    6.40992     2.2969 2.2052e+02    -0.0219     0.0000      98.78    97.1045     0.0780     175048         20  0.000e+00
    102.046    101.058     5.1532     5.1604  33.635203  33.642295    6.40987     2.2969 2.2052e+02    -0.0219     0.0000      98.78    97.0784     0.0780     175049         20  0.000e+00
    101.964    100.978     5.1535     5.1608  33.635507  33.641658    6.40975     2.2969 2.1851e+02    -0.0219     0.0000      98.78    97.0784     0.0780     175050         20  0.000e+00
    102.046    101.058     5.1539     5.1621  33.636056  33.642295    6.40974     2.2969 2.1851e+02    -0.0219     0.0000      98.78    97.1045     0.0780     175051         20  0.000e+00
    101.964    100.978     5.1538     5.1626  33.635568  33.643510    6.40970     2.2969 2.2052e+02    -0.0219     0.0000      98.78    97.1045     0.0780     175052         20  0.000e+00
    101.964    100.978     5.1533     5.1630  33.635324  33.644436    6.40978     2.2969 2.1851e+02    -0.0219     0.0000      98.78    97.1045     0.0780     175053         20  0.000e+00
    101.924    100.938     5.1535     5.1639  33.635324  33.645015    6.40972     2.2969 2.1851e+02    -0.0219     0.0000      98.78    97.0784     0.0780     175054         20  0.000e+00
    101.964    100.978     5.1533     5.1649  33.635751  33.645651    6.40976     2.2969 2.1851e+02    -0.0219     0.0000      98.78    97.0784     0.0780     175055         20  0.000e+00
    101.924    100.938     5.1535     5.1652  33.635751  33.646866    6.41411     2.2981 2.1651e+02    -0.0219     0.0000      98.78    97.1045     0.0780     175056         20  0.000e+00
    101.908    100.922     5.1536     5.1649  33.635629  33.646866    6.41408     2.2981 2.1651e+02    -0.0219     0.0000      98.75    97.1045     0.0780     175057         20  0.000e+00
    101.967    100.981     5.1520     5.1553  33.633923  33.637724    6.41862     2.2993 2.2252e+02    -0.0219     0.0000      98.78    97.1045     0.0780     175291         21  0.000e+00
    101.967    100.981     5.1519     5.1555  33.634105  33.637724    6.41863     2.2993 2.2252e+02    -0.0292     0.0000      98.78    97.1307     0.0780     175292         21  0.000e+00
    101.870    100.884     5.1520     5.1558  33.633922  33.637665    6.41854     2.2993 2.2252e+02    -0.0219     0.0000      98.75    97.1307     0.0780     175293         21  0.000e+00
    101.910    100.925     5.1511     5.1559  33.633130  33.637723    6.41873     2.2993 2.2252e+02    -0.0219     0.0000      98.78    97.1307     0.0780     175294         21  0.000e+00
    101.927    100.941     5.1507     5.1563  33.632704  33.638302    6.41438     2.2981 2.2252e+02    -0.0219     0.0000      98.78    97.1307     0.0780     175295         21  0.000e+00
    101.910    100.925     5.1509     5.1579  33.632765  33.638591    6.41877     2.2993 2.2252e+02    -0.0219     0.0000      98.78    97.1045     0.0780     175296         21  0.000e+00
    101.870    100.885     5.1509     5.1589  33.633069  33.639228    6.41429     2.2981 2.2453e+02    -0.0219     0.0000      98.78    97.1045     0.0780     175297         21  0.000e+00
    101.846    100.860     5.1510     5.1597  33.633313  33.641021    6.41425     2.2981 2.2252e+02    -0.0219     0.0000      98.78    97.1307     0.0780     175298         21  0.000e+00
    101.813    100.828     5.1516     5.1598  33.633435  33.641658    6.41415     2.2981 2.2252e+02    -0.0219     0.0000      98.78    97.1307     0.0780     175299         21  0.000e+00
    101.846    100.860     5.1518     5.1595  33.633922  33.642584    6.41853     2.2993 2.2252e+02    -0.0219     0.0000      98.78    97.1045     0.0780     175300         21  0.000e+00
    101.789    100.804     5.1522     5.1594  33.634532  33.642295    6.41841     2.2993 2.2453e+02    -0.0219     0.0000      98.78    97.1307     0.0780     175301         21  0.000e+00
    101.813    100.828     5.1528     5.1595  33.635141  33.641658    6.41391     2.2981 2.2453e+02    -0.0219     0.0000      98.78    97.1307     0.0804     175302         21  0.000e+00
    101.789    100.804     5.1533     5.1598  33.635141  33.641658    6.41382     2.2981 2.2653e+02    -0.0219     0.0000      98.75    97.1307     0.0780     175303         21  0.000e+00
    101.813    100.828     5.1532     5.1604  33.635446  33.641947    6.41827     2.2993 2.3054e+02    -0.0219     0.0000      98.75    97.1045     0.0804     175304         21  0.000e+00
    101.732    100.748     5.1534     5.1605  33.635628  33.642294    6.41374     2.2981 2.3655e+02    -0.0219     0.0000      98.78    97.1045     0.0780     175305         21  0.000e+00
    101.748    100.764     5.1533     5.1608  33.635811  33.642873    6.40050     2.2944 2.4257e+02    -0.0292     0.0000      98.78    97.1045     0.0780     175306         21  0.000e+00
    101.667    100.684     5.1542     5.1605  33.635994  33.642873    6.41357     2.2981 2.5059e+02    -0.0219     0.0000      98.78    97.1045     0.0780     175307         21  0.000e+00
    101.691    100.708     5.1545     5.1607  33.636177  33.642583    6.41354     2.2981 2.6262e+02    -0.0219     0.0000      98.78    97.1045     0.0780     175308         21  0.000e+00
    101.732    100.748     5.1544     5.1611  33.636664  33.643220    6.41357     2.2981 2.7665e+02    -0.0219     0.0000      98.78    97.1045     0.0780     175309         21  0.000e+00
    101.691    100.708     5.1545     5.1611  33.636421  33.643509    6.41353     2.2981 2.9469e+02    -0.0219     0.0000      98.78    97.1307     0.0780     175310         21  0.000e+00
    101.610    100.627     5.1545     5.1615  33.636420  33.643798    6.41346     2.2981 3.1474e+02    -0.0219     0.0000      98.78    97.1045     0.0780     175311         21  0.000e+00
    101.732    100.748     5.1547     5.1617  33.636543  33.644088    6.41795     2.2993 3.3479e+02    -0.0219     0.0000      98.78    97.1307     0.0780     175312         21  0.000e+00
    101.626    100.643     5.1555     5.1618  33.637456  33.643509    6.41330     2.2981 3.5684e+02    -0.0219     0.0000      98.75    97.1045     0.0780     175313         21  0.000e+00
    101.610    100.627     5.1558     5.1620  33.637944  33.644088    6.41322     2.2981 3.8089e+02    -0.0219     0.0000      98.78    97.1307     0.0780     175314         21  0.000e+00
    101.570    100.587     5.1561     5.1618  33.638492  33.644724    6.41313     2.2981 4.0495e+02    -0.0292     0.0000      98.78    97.1307     0.0780     175315         21  0.000e+00
    101.667    100.684     5.1569     5.1620  33.638736  33.644088    6.41309     2.2981 4.2901e+02    -0.0219     0.0000      98.78    97.1045     0.0780     175316         21  0.000e+00
    101.570    100.587     5.1572     5.1621  33.639163  33.644088    6.41295     2.2981 4.5106e+02    -0.0219     0.0000      98.78    97.1045     0.0780     175317         21  0.000e+00
    101.610    100.627     5.1569     5.1621  33.639285  33.644088    6.40860     2.2968 4.6910e+02    -0.0219     0.0000      98.78    97.0784     0.0780     175318         21  0.000e+00
    101.570    100.587     5.1575     5.1621  33.639285  33.644435    6.41290     2.2981 4.8915e+02    -0.0219     0.0000      98.75    97.0522     0.0780     175319         21  0.000e+00
    101.553    100.571     5.1575     5.1620  33.639711  33.644435    6.41287     2.2981 5.0318e+02    -0.0219     0.0000      98.78    97.0522     0.0780     175320         21  0.000e+00
    101.570    100.587     5.1578     5.1623  33.640321  33.644435    6.41282     2.2981 5.1721e+02    -0.0219     0.0000      98.78    97.0522     0.0780     175321         21  0.000e+00
    101.553    100.571     5.1580     5.1621  33.640321  33.644088    6.41278     2.2981 5.2924e+02    -0.0219     0.0000      98.78    97.0784     0.0780     175322         21  0.000e+00
    101.553    100.571     5.1579     5.1620  33.640382  33.643798    6.41279     2.2981 5.3526e+02    -0.0219     0.0000      98.78    97.1045     0.0780     175323         21  0.000e+00
    101.513    100.531     5.1588     5.1621  33.641357  33.644087    6.41259     2.2981 5.4327e+02    -0.0219     0.0000      98.78    97.1045     0.0780     175324         21  0.000e+00
    101.489    100.507     5.1598     5.1621  33.641966  33.643798    6.41242     2.2981 5.4728e+02    -0.0292     0.0000      98.78    97.1045     0.0780     175325         21  0.000e+00
    101.570    100.587     5.1596     5.1623  33.641540  33.644435    6.41253     2.2981 5.5330e+02    -0.0219     0.0000      98.75    97.1307     0.0780     175326         21  0.000e+00
    101.489    100.507     5.1581     5.1624  33.641174  33.644435    6.41267     2.2981 5.5530e+02    -0.0219     0.0000      98.78    97.1307     0.0780     175327         21  0.000e+00
    101.513    100.531     5.1582     5.1631  33.640443  33.644724    6.41271     2.2981 5.5530e+02    -0.0219     0.0000      98.75    97.1307     0.0780     175328         21  0.000e+00
    101.489    100.507     5.1597     5.1634  33.640016  33.645013    6.41253     2.2981 5.5731e+02    -0.0219     0.0000      98.78    97.1045     0.0780     175329         21  0.000e+00
    101.513    100.531     5.1588     5.1636  33.639711  33.645303    6.41267     2.2981 5.5931e+02    -0.0219     0.0000      98.78    97.0784     0.0780     175330         21  0.000e+00
    101.489    100.507     5.1580     5.1631  33.639406  33.645360    6.41276     2.2981 5.5931e+02    -0.0219     0.0000      98.78    97.0784     0.0780     175331         21  0.000e+00
