Ship_data/Irminger/Irminger-2/ctd/process/OOI/at30_003.ros
* Sea-Bird SBE 9 Data File:
* FileName = C:\data\ctd\at30_003.hex
* Software Version Seasave V 7.21f
* Temperature SN = 2265
* Conductivity SN = 3021
* Number of Bytes Per Scan = 40
* Number of Voltage Words = 5
* Number of Scans Averaged by the Deck Unit = 1
* NMEA Latitude = 42 31.25 N
* NMEA Longitude = 062 34.71 W
* NMEA UTC (Time) = Aug 07 2015  17:47:11
# nquan = 17
# nvalues = 588                                   
# units = specified
# name 0 = prDM: Pressure, Digiquartz [db]
# name 1 = depSM: Depth [salt water, m]
# name 2 = t090C: Temperature [ITS-90, deg C]
# name 3 = t190C: Temperature, 2 [ITS-90, deg C]
# name 4 = c0mS/cm: Conductivity [mS/cm]
# name 5 = c1mS/cm: Conductivity, 2 [mS/cm]
# name 6 = sbeox0ML/L: Oxygen, SBE 43 [ml/l]
# name 7 = sbeox0V: Oxygen raw, SBE 43 [V]
# name 8 = spar: SPAR/Surface Irradiance
# name 9 = flECO-AFL: Fluorescence, WET Labs ECO-AFL/FL [mg/m^3]
# name 10 = v2: Voltage 2
# name 11 = altM: Altimeter [m]
# name 12 = CStarTr0: Beam Transmission, WET Labs C-Star [%]
# name 13 = turbWETntu0: Turbidity, WET Labs ECO [NTU]
# name 14 = scan: Scan Count
# name 15 = nbf: Bottles Fired
# name 16 = flag:  0.000e+00
# interval = seconds: 0.0416667
# start_time = Aug 07 2015 17:47:11 [NMEA time, header]
# bad_flag = -9.990e-29
*END*
[from data line 171]
   1010.922   1000.510     4.4039     4.4048  33.338149  33.338510    5.71073     1.9002 1.2670e+03    -0.0219     0.0000      98.78    97.6800     0.0707     141936          4  0.000e+00
   1010.815   1000.404     4.4039     4.4050  33.338209  33.338509    5.71065     1.9002 1.2670e+03    -0.0145     0.0000      98.78    97.6800     0.0707     141937          4  0.000e+00
   1010.922   1000.510     4.4038     4.4050  33.338392  33.338510    5.71074     1.9002 1.2670e+03    -0.0219     0.0000      98.78    97.6800     0.0707     141938          4  0.000e+00
   1010.865   1000.453     4.4041     4.4052  33.338270  33.338509    5.71577     1.9014 1.2670e+03    -0.0145     0.0000      98.78    97.6800     0.0707     141939          4  0.000e+00
   1010.815   1000.405     4.4041     4.4053  33.338209  33.338509    5.71063     1.9002 1.2690e+03    -0.0219     0.0000      98.78    97.6800     0.0707     141940          4  0.000e+00
   1010.865   1000.453     4.4039     4.4054  33.337966  33.338509    5.71580     1.9014 1.2690e+03    -0.0219     0.0000      98.78    97.6800     0.0707     141941          4  0.000e+00
   1010.741   1000.331     4.4039     4.4053  33.338330  33.338797    5.71059     1.9002 1.2710e+03    -0.0219     0.0000      98.78    97.6800     0.0707     141942          4  0.000e+00
   1010.873   1000.462     4.4038     4.4056  33.338331  33.338798    5.71070     1.9002 1.2710e+03    -0.0145     0.0000      98.78    97.6800     0.0707     141943          4  0.000e+00
   1010.741   1000.331     4.4038     4.4060  33.338027  33.339143    5.71062     1.9002 1.2730e+03    -0.0145     0.0000      98.78    97.6800     0.0707     141944          4  0.000e+00
   1010.741   1000.331     4.4039     4.4059  33.337905  33.338797    5.71060     1.9002 1.2730e+03    -0.0219     0.0000      98.78    97.7062     0.0707     141945          4  0.000e+00
   1010.741   1000.331     4.4039     4.4061  33.338088  33.339143    5.71060     1.9002 1.2730e+03    -0.0219     0.0000      98.78    97.7062     0.0707     141946          4  0.000e+00
   1010.749   1000.340     4.4040     4.4060  33.337784  33.339143    5.71060     1.9002 1.2750e+03    -0.0145     0.0000      98.78    97.7062     0.0707     141947          4  0.000e+00
   1010.675   1000.266     4.4038     4.4060  33.338209  33.339143    5.71056     1.9002 1.2750e+03    -0.0219     0.0000      98.78    97.7062     0.0707     141948          4  0.000e+00
   1010.741   1000.331     4.4038     4.4060  33.338088  33.339086    5.71061     1.9002 1.2770e+03    -0.0145     0.0000      98.78    97.7062     0.0707     141949          4  0.000e+00
   1010.626   1000.218     4.4039     4.4061  33.338087  33.339720    5.71051     1.9002 1.2790e+03    -0.0219     0.0000      98.78    97.6800     0.0707     141950          4  0.000e+00
   1010.675   1000.266     4.4039     4.4059  33.337966  33.339720    5.71055     1.9002 1.2790e+03    -0.0219     0.0000      98.78    97.6800     0.0707     141951          4  0.000e+00
   1010.618   1000.209     4.4038     4.4058  33.337844  33.339431    5.71053     1.9002 1.2810e+03    -0.0219     0.0000      98.78    97.6800     0.0707     141952          4  0.000e+00
   1010.626   1000.218     4.4039     4.4058  33.338087  33.339143    5.71050     1.9002 1.2810e+03    -0.0145     0.0000      98.78    97.6800     0.0707     141953          4  0.000e+00
   1010.618   1000.209     4.4039     4.4059  33.338209  33.339431    5.70539     1.8990 1.2810e+03    -0.0145     0.0000      98.78    97.7062     0.0707     141954          4  0.000e+00
   1010.618   1000.209     4.4041     4.4058  33.338209  33.339431    5.71047     1.9002 1.2830e+03    -0.0219     0.0000      98.78    97.7062     0.0707     141955          4  0.000e+00
   1010.568   1000.161     4.4042     4.4060  33.338391  33.339431    5.72062     1.9027 1.2810e+03    -0.0219     0.0000      98.78    97.6800     0.0707     141956          4  0.000e+00
   1010.560   1000.153     4.4044     4.4061  33.338330  33.339143    5.71038     1.9002 1.2830e+03    -0.0145     0.0000      98.78    97.6800     0.0707     141957          4  0.000e+00
   1010.618   1000.209     4.4041     4.4059  33.338391  33.339085    5.71557     1.9014 1.2830e+03    -0.0219     0.0000      98.78    97.6800     0.0707     141958          4  0.000e+00
   1010.502   1000.096     4.4044     4.4063  33.338269  33.339431    5.71034     1.9002 1.2830e+03    -0.0145     0.0000      98.78    97.6800     0.0707     141959          4  0.000e+00
   1010.494   1000.087     4.4043     4.4060  33.338390  33.339431    5.71035     1.9002 1.2850e+03    -0.0145     0.0000      98.78    97.6800     0.0707     141960          4  0.000e+00
    302.355    299.750     9.4154     9.4188  37.886940  37.889695    3.12726     1.4607 1.3873e+03    -0.0219     0.0000      98.78    97.5231     0.0707     161580          5  0.000e+00
    302.290    299.686     9.4157     9.4188  37.887003  37.889574    3.13130     1.4619 1.3913e+03    -0.0219     0.0000      98.78    97.5231     0.0707     161581          5  0.000e+00
    302.298    299.694     9.4153     9.4185  37.886812  37.889392    3.13133     1.4619 1.3973e+03    -0.0219     0.0000      98.78    97.5231     0.0707     161582          5  0.000e+00
    302.298    299.694     9.4143     9.4187  37.886237  37.889392    3.13956     1.4643 1.4033e+03    -0.0219     0.0000      98.78    97.5231     0.0707     161583          5  0.000e+00
    302.347    299.742     9.4137     9.4180  37.885790  37.889271    3.13145     1.4619 1.4053e+03    -0.0145     0.0000      98.78    97.5231     0.0707     161584          5  0.000e+00
    302.355    299.750     9.4130     9.4176  37.885535  37.889696    3.13150     1.4619 1.4093e+03    -0.0219     0.0000      98.78    97.5493     0.0707     161585          5  0.000e+00
    302.347    299.742     9.4130     9.4179  37.885151  37.889029    3.13150     1.4619 1.4093e+03    -0.0145     0.0000      98.78    97.5231     0.0707     161586          5  0.000e+00
    302.298    299.694     9.4128     9.4173  37.885024  37.889029    3.13149     1.4619 1.4113e+03    -0.0219     0.0000      98.78    97.5493     0.0707     161587          5  0.000e+00
    302.355    299.750     9.4130     9.4165  37.885215  37.888908    3.13150     1.4619 1.4133e+03    -0.0219     0.0000      98.78    97.5231     0.0707     161588          5  0.000e+00
    302.404    299.799     9.4128     9.4160  37.885343  37.888362    3.13153     1.4619 1.4153e+03    -0.0219     0.0000      98.78    97.5231     0.0707     161589          5  0.000e+00
    302.356    299.750     9.4126     9.4160  37.884960  37.887332    3.13153     1.4619 1.4193e+03    -0.0145     0.0000      98.78    97.5231     0.0707     161590          5  0.000e+00
    302.356    299.750     9.4119     9.4159  37.884002  37.887574    3.13567     1.4631 1.4233e+03    -0.0219     0.0000      98.78    97.5231     0.0707     161591          5  0.000e+00
    302.404    299.799     9.4116     9.4153  37.883236  37.887332    3.13163     1.4619 1.4294e+03    -0.0219     0.0000      98.78    97.5231     0.0707     161592          5  0.000e+00
    302.421    299.815     9.4113     9.4152  37.883491  37.887029    3.13573     1.4631 1.4314e+03    -0.0145     0.0000      98.78    97.5493     0.0707     161593          5  0.000e+00
    302.405    299.799     9.4114     9.4155  37.883236  37.886604    3.12756     1.4607 1.4314e+03    -0.0219     0.0000      98.78    97.5231     0.0707     161594          5  0.000e+00
    302.421    299.815     9.4113     9.4152  37.883619  37.886362    3.13164     1.4619 1.4294e+03    -0.0219     0.0000      98.78    97.5231     0.0707     161595          5  0.000e+00
    302.421    299.815     9.4119     9.4148  37.883491  37.886362    3.13162     1.4619 1.4273e+03    -0.0145     0.0000      98.78    97.5231     0.0707     161596          5  0.000e+00
    302.470    299.864     9.4119     9.4147  37.883555  37.885999    3.13164     1.4619 1.4253e+03    -0.0219     0.0000      98.78    97.5231     0.0707     161597          5  0.000e+00
    302.421    299.815     9.4114     9.4144  37.883236  37.885938    3.13165     1.4619 1.4233e+03    -0.0145     0.0000      98.78    97.5231     0.0707     161598          5  0.000e+00
    302.470    299.864     9.4108     9.4135  37.882533  37.885696    3.13171     1.4619 1.4253e+03    -0.0219     0.0000      98.78    97.5231     0.0707     161599          5  0.000e+00
    302.478    299.872     9.4103     9.4134  37.882150  37.885029    3.13175     1.4619 1.4314e+03    -0.0219     0.0000      98.78    97.5231     0.0707     161600          5  0.000e+00
    302.421    299.815     9.4104     9.4135  37.882406  37.884907    3.13172     1.4619 1.4374e+03    -0.0145     0.0000      98.78    97.5231     0.0707     161601          5  0.000e+00
    302.527    299.920     9.4103     9.4128  37.882151  37.884302    3.13177     1.4619 1.4454e+03    -0.0219     0.0000      98.78    97.5231     0.0707     161602          5  0.000e+00
    302.421    299.815     9.4102     9.4121  37.881831  37.884301    3.13174     1.4619 1.4494e+03    -0.0219     0.0000      98.78    97.5231     0.0707     161603          5  0.000e+00
    302.470    299.864     9.4098     9.4119  37.881512  37.882968    3.13179     1.4619 1.4554e+03    -0.0219     0.0000      98.78    97.5231     0.0707     161604          5  0.000e+00
    302.543    299.937     9.4097     9.4119  37.881384  37.882544    3.13182     1.4619 1.4594e+03    -0.0145     0.0000      98.78    97.5231     0.0707     161605          5  0.000e+00
    302.478    299.872     9.4099     9.4120  37.881703  37.883332    3.13178     1.4619 1.4614e+03    -0.0219     0.0000      98.78    97.4969     0.0707     161606          5  0.000e+00
    302.584    299.977     9.4092     9.4121  37.881768  37.882665    3.13185     1.4619 1.4634e+03    -0.0219     0.0000      98.78    97.5231     0.0707     161607          5  0.000e+00
    302.478    299.872     9.4091     9.4126  37.880937  37.882907    3.12366     1.4594 1.4634e+03    -0.0145     0.0000      98.78    97.5231     0.0707     161608          5  0.000e+00
    302.527    299.921     9.4093     9.4123  37.880873  37.882968    3.13184     1.4619 1.4654e+03    -0.0219     0.0000      98.78    97.4969     0.0707     161609          5  0.000e+00
    302.544    299.937     9.4091     9.4119  37.881257  37.883332    3.13185     1.4619 1.4674e+03    -0.0145     0.0000      98.78    97.5231     0.0707     161610          5  0.000e+00
    302.544    299.937     9.4087     9.4119  37.880873  37.883332    3.13188     1.4619 1.4694e+03    -0.0145     0.0000      98.78    97.5231     0.0707     161611          5  0.000e+00
    302.584    299.977     9.4081     9.4120  37.880299  37.882908    3.13194     1.4619 1.4715e+03    -0.0219     0.0000      98.78    97.5493     0.0707     161612          5  0.000e+00
    302.544    299.937     9.4075     9.4118  37.880107  37.882665    3.13195     1.4619 1.4735e+03    -0.0219     0.0000      98.78    97.5231     0.0707     161613          5  0.000e+00
    302.584    299.977     9.4074     9.4111  37.880235  37.881999    3.13197     1.4619 1.4755e+03    -0.0145     0.0000      98.78    97.5231     0.0707     161614          5  0.000e+00
    302.544    299.937     9.4075     9.4109  37.880171  37.882544    3.13195     1.4619 1.4775e+03    -0.0145     0.0000      98.78    97.5231     0.0707     161615          5  0.000e+00
    302.601    299.993     9.4083     9.4103  37.880746  37.881635    3.13192     1.4619 1.4795e+03    -0.0219     0.0000      98.78    97.5231     0.0707     161616          5  0.000e+00
    302.584    299.977     9.4089     9.4103  37.881257  37.881332    3.13187     1.4619 1.4775e+03    -0.0145     0.0000      98.78    97.5231     0.0707     161617          5  0.000e+00
    302.601    299.993     9.4089     9.4104  37.880746  37.881332    3.13189     1.4619 1.4755e+03    -0.0145     0.0000      98.78    97.5231     0.0707     161618          5  0.000e+00
    302.544    299.937     9.4087     9.4103  37.880426  37.880908    3.13188     1.4619 1.4735e+03    -0.0219     0.0000      98.78    97.5231     0.0707     161619          5  0.000e+00
    302.650    300.042     9.4088     9.4103  37.880171  37.880969    3.13193     1.4619 1.4715e+03    -0.0219     0.0000      98.78    97.4969     0.0707     161620          5  0.000e+00
    302.601    299.994     9.4090     9.4103  37.880235  37.880968    3.13189     1.4619 1.4694e+03    -0.0145     0.0000      98.78    97.4969     0.0707     161621          5  0.000e+00
    302.585    299.977     9.4083     9.4100  37.879916  37.881332    3.12784     1.4607 1.4694e+03    -0.0145     0.0000      98.78    97.5231     0.0707     161622          5  0.000e+00
    302.658    300.050     9.4079     9.4099  37.879150  37.881211    3.13200     1.4619 1.4694e+03    -0.0219     0.0000      98.78    97.5231     0.0707     161623          5  0.000e+00
    302.601    299.994     9.4071     9.4096  37.878511  37.880302    3.13202     1.4619 1.4694e+03    -0.0219     0.0000      98.78    97.5231     0.0707     161624          5  0.000e+00
    302.650    300.042     9.4070     9.4093  37.878575  37.880302    3.12796     1.4607 1.4715e+03    -0.0145     0.0000      98.78    97.5231     0.0707     161625          5  0.000e+00
    302.601    299.994     9.4070     9.4091  37.878511  37.880241    3.13203     1.4619 1.4715e+03    -0.0219     0.0000      98.78    97.5231     0.0707     161626          5  0.000e+00
    302.650    300.042     9.4065     9.4091  37.878383  37.879635    3.12799     1.4607 1.4715e+03    -0.0219     0.0000      98.78    97.5231     0.0707     161627          5  0.000e+00
    302.658    300.050     9.4066     9.4085  37.878383  37.879999    3.13207     1.4619 1.4674e+03    -0.0219     0.0000      98.78    97.5493     0.0707     161628          5  0.000e+00
    302.429    299.823     9.4096     9.4128  37.881001  37.882665    3.13151     1.4618 1.3612e+03    -0.0219     0.0000      98.78    97.5231     0.0707     162013          6  0.000e+00
    302.478    299.871     9.4090     9.4131  37.880554  37.883332    3.13157     1.4618 1.3592e+03    -0.0219     0.0000      98.78    97.5231     0.0707     162014          6  0.000e+00
    302.429    299.823     9.4091     9.4134  37.880426  37.883938    3.13155     1.4618 1.3572e+03    -0.0219     0.0000      98.78    97.5231     0.0707     162015          6  0.000e+00
    302.478    299.871     9.4092     9.4135  37.880873  37.883998    3.13156     1.4618 1.3512e+03    -0.0219     0.0000      98.78    97.5231     0.0707     162016          6  0.000e+00
    302.429    299.823     9.4101     9.4140  37.881767  37.884301    3.13147     1.4618 1.3452e+03    -0.0145     0.0000      98.78    97.5231     0.0707     162017          6  0.000e+00
    302.429    299.823     9.4110     9.4144  37.882980  37.883634    3.13140     1.4618 1.3391e+03    -0.0219     0.0000      98.78    97.5231     0.0707     162018          6  0.000e+00
    302.412    299.807     9.4121     9.4149  37.884130  37.885271    3.13540     1.4630 1.3251e+03    -0.0219     0.0000      98.78    97.5231     0.0707     162019          6  0.000e+00
    302.429    299.823     9.4125     9.4153  37.884385  37.885028    3.12721     1.4606 1.3151e+03    -0.0219     0.0000      98.78    97.5231     0.0707     162020          6  0.000e+00
    302.412    299.807     9.4122     9.4154  37.884258  37.885998    3.13130     1.4618 1.3031e+03    -0.0219     0.0000      98.78    97.5231     0.0707     162021          6  0.000e+00
    302.429    299.823     9.4120     9.4157  37.884066  37.886241    3.13132     1.4618 1.2970e+03    -0.0219     0.0000      98.78    97.5231     0.0707     162022          6  0.000e+00
