Ship_data/Irminger/Irminger-2/ctd/process/OOI/at30_009.cnv
* Sea-Bird SBE 9 Data File:
* FileName = C:\data\ctd\at30_009.hex
* Software Version Seasave V 7.21f
* Temperature SN = 2265
* Conductivity SN = 3021
* Number of Bytes Per Scan = 40
* Number of Voltage Words = 5
* Number of Scans Averaged by the Deck Unit = 1
* NMEA Latitude = 59 42.40 N
* NMEA Longitude = 039 19.92 W
* NMEA UTC (Time) = Aug 19 2015  15:06:00
** FLMB 1 for cal
# nquan = 21
# nvalues = 2854                        
# units = specified
# name 0 = prDM: Pressure, Digiquartz [db]
# name 1 = depSM: Depth [salt water, m]
# name 2 = t090C: Temperature [ITS-90, deg C]
# name 3 = t190C: Temperature, 2 [ITS-90, deg C]
# name 4 = c0mS/cm: Conductivity [mS/cm]
# name 5 = c1mS/cm: Conductivity, 2 [mS/cm]
# name 6 = sbeox0ML/L: Oxygen, SBE 43 [ml/l]
# name 7 = sbeox0V: Oxygen raw, SBE 43 [V]
# name 8 = spar: SPAR/Surface Irradiance
# name 9 = flECO-AFL: Fluorescence, WET Labs ECO-AFL/FL [mg/m^3]
# name 10 = v2: Voltage 2
# name 11 = altM: Altimeter [m]
# name 12 = CStarTr0: Beam Transmission, WET Labs C-Star [%]
# name 13 = turbWETntu0: Turbidity, WET Labs ECO [NTU]
# name 14 = scan: Scan Count
# name 15 = sbeox0ML/L: Oxygen, SBE 43 [ml/l], WS = 2
# name 16 = sbeox0dOV/dT: Oxygen, SBE 43 [dov/dt], WS = 2
# name 17 = sal00: Salinity, Practical [PSU]
# name 18 = sal11: Salinity, Practical, 2 [PSU]
# name 19 = nbin: number of scans per bin
# name 20 = flag: flag
# span 0 =      2.000,   2856.000       
# span 1 =      1.981,   2810.074       
# span 2 =     1.5359,     8.3321       
# span 3 =     1.5350,     8.3325       
# span 4 =  31.493138,  36.380495       
# span 5 =  31.490707,  36.380703       
# span 6 =    5.98807,    6.97636       
# span 7 =     1.6676,     2.5212       
# span 8 = 2.5073e+02, 4.1920e+02       
# span 9 =    -0.0318,     2.1160       
# span 10 =     0.0000,     0.0000      
# span 11 =      14.92,     104.74      
# span 12 =    92.7624,    97.6017      
# span 13 =     0.0730,     0.1351      
# span 14 =        789,     191069      
# span 15 =    5.98803,    6.97729      
# span 16 =    0.00000,    0.00000      
# span 17 =    34.8422,    34.9409      
# span 18 =    34.8407,    34.9411      
# span 19 =         21,        132      
# span 20 = 0.0000e+00, 0.0000e+00      
# interval = decibars: 2                
# start_time = Aug 19 2015 15:06:00 [NMEA time, header]
# bad_flag = -9.990e-29
*END*
[from data line 1311]
   2626.000   2585.149     2.3928     2.3935  32.168923  32.169180    6.23434     1.6737 3.7704e+02    -0.0207     0.0000      98.78    97.3923     0.0731      70667    6.23426    0.00000    34.9156    34.9152         49 0.0000e+00
   2628.000   2587.105     2.3906     2.3912  32.167660  32.167901    6.23781     1.6740 3.7601e+02    -0.0204     0.0000      98.78    97.3876     0.0731      70709    6.23766    0.00000    34.9155    34.9152         39 0.0000e+00
   2630.000   2589.062     2.3864     2.3871  32.164727  32.165058    6.23822     1.6737 3.7563e+02    -0.0201     0.0000      98.78    97.3838     0.0731      70751    6.23820    0.00000    34.9154    34.9151         46 0.0000e+00
   2632.000   2591.019     2.3814     2.3821  32.160906  32.161272    6.23903     1.6733 3.7823e+02    -0.0194     0.0000      98.78    97.3858     0.0731      70799    6.23871    0.00000    34.9152    34.9150         48 0.0000e+00
   2634.000   2592.976     2.3751     2.3757  32.155963  32.156357    6.24051     1.6731 3.7866e+02    -0.0210     0.0000      98.78    97.3734     0.0731      70844    6.24052    0.00000    34.9150    34.9148         43 0.0000e+00
   2636.000   2594.933     2.3712     2.3719  32.153273  32.153541    6.24210     1.6731 3.7819e+02    -0.0211     0.0000      98.78    97.3697     0.0731      70888    6.24277    0.00000    34.9150    34.9145         46 0.0000e+00
   2638.000   2596.890     2.3682     2.3691  32.151505  32.151970    6.24470     1.6730 3.7940e+02    -0.0192     0.0000      98.78    97.3662     0.0731      70938    6.24456    0.00000    34.9151    34.9148         56 0.0000e+00
   2640.000   2598.846     2.3670     2.3676  32.151119  32.151393    6.24722     1.6732 3.8054e+02    -0.0200     0.0000      98.78    97.3576     0.0731      70998    6.24727    0.00000    34.9149    34.9146         56 0.0000e+00
   2642.000   2600.803     2.3647     2.3653  32.149890  32.150186    6.24979     1.6732 3.7912e+02    -0.0204     0.0000      98.78    97.3612     0.0731      71043    6.24972    0.00000    34.9150    34.9147         38 0.0000e+00
   2644.000   2602.760     2.3618     2.3624  32.147977  32.148331    6.24923     1.6727 3.7816e+02    -0.0209     0.0000      98.78    97.3624     0.0731      71080    6.24922    0.00000    34.9149    34.9146         38 0.0000e+00
   2646.000   2604.717     2.3581     2.3587  32.145354  32.145667    6.24767     1.6720 3.7795e+02    -0.0198     0.0000      98.78    97.3487     0.0731      71124    6.24768    0.00000    34.9147    34.9144         53 0.0000e+00
   2648.000   2606.673     2.3554     2.3561  32.143718  32.143962    6.24658     1.6714 3.7822e+02    -0.0198     0.0000      98.78    97.3481     0.0731      71181    6.24647    0.00000    34.9146    34.9142         53 0.0000e+00
   2650.000   2608.630     2.3543     2.3550  32.143415  32.143709    6.24899     1.6715 3.7694e+02    -0.0200     0.0000      98.78    97.3469     0.0731      71228    6.24886    0.00000    34.9145    34.9141         47 0.0000e+00
   2652.000   2610.587     2.3532     2.3539  32.143211  32.143550    6.25207     1.6717 3.7572e+02    -0.0201     0.0000      98.78    97.3435     0.0731      71278    6.25193    0.00000    34.9145    34.9142         50 0.0000e+00
   2654.000   2612.543     2.3510     2.3517  32.142117  32.142383    6.25487     1.6719 3.7401e+02    -0.0201     0.0000      98.78    97.3399     0.0731      71324    6.25493    0.00000    34.9145    34.9141         42 0.0000e+00
   2656.000   2614.500     2.3469     2.3476  32.139056  32.139535    6.25752     1.6719 3.7278e+02    -0.0202     0.0000      98.78    97.3400     0.0731      71368    6.25746    0.00000    34.9143    34.9141         49 0.0000e+00
   2658.000   2616.456     2.3378     2.3386  32.131582  32.132140    6.25775     1.6714 3.7238e+02    -0.0204     0.0000      98.78    97.3400     0.0731      71420    6.25766    0.00000    34.9140    34.9138         50 0.0000e+00
   2660.000   2618.413     2.3340     2.3347  32.128852  32.129280    6.26266     1.6718 3.6981e+02    -0.0213     0.0000      98.78    97.3400     0.0731      71463    6.26250    0.00000    34.9138    34.9135         38 0.0000e+00
   2662.000   2620.370     2.3318     2.3331  32.127547  32.128406    6.26560     1.6720 3.6834e+02    -0.0199     0.0000      98.78    97.3310     0.0731      71505    6.26544    0.00000    34.9137    34.9133         51 0.0000e+00
   2664.000   2622.326     2.3304     2.3317  32.127079  32.127815    6.26492     1.6715 3.6708e+02    -0.0209     0.0000      98.78    97.3327     0.0731      71568    6.26485    0.00000    34.9136    34.9131         64 0.0000e+00
   2666.000   2624.283     2.3330     2.3339  32.130246  32.130648    6.26379     1.6711 3.6520e+02    -0.0205     0.0000      98.78    97.3147     0.0731      71616    6.26355    0.00000    34.9137    34.9133         38 0.0000e+00
   2668.000   2626.239     2.3339     2.3344  32.131864  32.132068    6.26693     1.6714 3.6398e+02    -0.0203     0.0000      98.78    97.3208     0.0731      71652    6.26695    0.00000    34.9138    34.9136         36 0.0000e+00
   2670.000   2628.196     2.3258     2.3265  32.125270  32.125771    6.26746     1.6709 3.6267e+02    -0.0204     0.0000      98.78    97.3230     0.0731      71697    6.26745    0.00000    34.9136    34.9134         55 0.0000e+00
   2672.000   2630.152     2.3200     2.3205  32.120685  32.120840    6.26839     1.6706 3.6270e+02    -0.0206     0.0000      98.78    97.3337     0.0731      71753    6.26839    0.00000    34.9132    34.9129         51 0.0000e+00
   2674.000   2632.109     2.3180     2.3186  32.119645  32.119785    6.26759     1.6701 3.6267e+02    -0.0204     0.0000      98.78    97.3284     0.0731      71799    6.26757    0.00000    34.9132    34.9127         44 0.0000e+00
   2676.000   2634.065     2.3171     2.3177  32.119622  32.119816    6.26888     1.6700 3.6106e+02    -0.0201     0.0000      98.78    97.3252     0.0731      71843    6.26878    0.00000    34.9132    34.9128         45 0.0000e+00
   2678.000   2636.022     2.3154     2.3162  32.118852  32.119224    6.26992     1.6698 3.6097e+02    -0.0206     0.0000      98.78    97.3166     0.0731      71890    6.26987    0.00000    34.9131    34.9127         52 0.0000e+00
   2680.000   2637.978     2.3148     2.3155  32.119169  32.119392    6.27149     1.6698 3.6284e+02    -0.0204     0.0000      98.78    97.3217     0.0731      71946    6.27147    0.00000    34.9132    34.9127         53 0.0000e+00
   2682.000   2639.935     2.3134     2.3141  32.118640  32.118895    6.27304     1.6699 3.6280e+02    -0.0201     0.0000      98.78    97.3167     0.0731      71989    6.27392    0.00000    34.9131    34.9127         37 0.0000e+00
   2684.000   2641.891     2.3106     2.3112  32.116874  32.117140    6.27572     1.6699 3.6264e+02    -0.0202     0.0000      98.78    97.3206     0.0731      72028    6.27614    0.00000    34.9131    34.9127         45 0.0000e+00
   2686.000   2643.847     2.3095     2.3102  32.116686  32.116919    6.27779     1.6699 3.6429e+02    -0.0205     0.0000      98.78    97.3126     0.0731      72085    6.27796    0.00000    34.9130    34.9125         59 0.0000e+00
   2688.000   2645.803     2.3079     2.3086  32.116142  32.116312    6.27955     1.6699 3.6496e+02    -0.0206     0.0000      98.78    97.3137     0.0731      72132    6.27981    0.00000    34.9131    34.9126         40 0.0000e+00
   2690.000   2647.760     2.3059     2.3066  32.115036  32.115342    6.28180     1.6699 3.6520e+02    -0.0209     0.0000      98.78    97.3128     0.0731      72176    6.28202    0.00000    34.9130    34.9127         52 0.0000e+00
   2692.000   2649.716     2.3039     2.3045  32.114025  32.114257    6.27966     1.6691 3.6688e+02    -0.0201     0.0000      98.78    97.3091     0.0731      72229    6.27958    0.00000    34.9130    34.9126         47 0.0000e+00
   2694.000   2651.673     2.3023     2.3029  32.113295  32.113586    6.28195     1.6692 3.6719e+02    -0.0199     0.0000      98.78    97.3067     0.0731      72269    6.28176    0.00000    34.9129    34.9126         37 0.0000e+00
   2696.000   2653.629     2.2975     2.2981  32.109628  32.109931    6.28233     1.6688 3.6743e+02    -0.0197     0.0000      98.78    97.2958     0.0731      72310    6.28228    0.00000    34.9126    34.9123         51 0.0000e+00
   2698.000   2655.585     2.2927     2.2932  32.105877  32.106051    6.28248     1.6683 3.6942e+02    -0.0204     0.0000      98.78    97.2995     0.0731      72376    6.28243    0.00000    34.9122    34.9119         65 0.0000e+00
   2700.000   2657.541     2.2894     2.2899  32.103730  32.103902    6.28470     1.6683 3.6996e+02    -0.0209     0.0000      98.78    97.2957     0.0731      72422    6.28457    0.00000    34.9122    34.9119         35 0.0000e+00
   2702.000   2659.498     2.2820     2.2825  32.097936  32.098420    6.28856     1.6685 3.6847e+02    -0.0194     0.0000      98.78    97.2888     0.0731      72457    6.28848    0.00000    34.9121    34.9122         38 0.0000e+00
   2704.000   2661.454     2.2718     2.2726  32.089018  32.089566    6.28873     1.6678 3.6827e+02    -0.0202     0.0000      98.78    97.2674     0.0731      72506    6.28857    0.00000    34.9113    34.9111         61 0.0000e+00
   2706.000   2663.410     2.2682     2.2687  32.086367  32.086722    6.28978     1.6676 3.6903e+02    -0.0205     0.0000      98.78    97.2846     0.0731      72561    6.28944    0.00000    34.9110    34.9108         43 0.0000e+00
   2708.000   2665.366     2.2579     2.2585  32.077808  32.078306    6.29284     1.6676 3.6876e+02    -0.0200     0.0000      98.78    97.2774     0.0731      72599    6.29316    0.00000    34.9106    34.9106         39 0.0000e+00
   2710.000   2667.322     2.2484     2.2489  32.069947  32.070311    6.29635     1.6677 3.6837e+02    -0.0208     0.0000      98.78    97.2790     0.0731      72648    6.29694    0.00000    34.9103    34.9101         60 0.0000e+00
   2712.000   2669.279     2.2357     2.2364  32.059094  32.059811    6.30206     1.6679 3.6860e+02    -0.0201     0.0000      98.78    97.2844     0.0731      72704    6.30219    0.00000    34.9096    34.9097         45 0.0000e+00
   2714.000   2671.234     2.2275     2.2283  32.052143  32.052598    6.30698     1.6682 3.6872e+02    -0.0207     0.0000      98.78    97.2891     0.0731      72746    6.30696    0.00000    34.9090    34.9088         45 0.0000e+00
   2716.000   2673.191     2.2233     2.2245  32.048958  32.049803    6.31210     1.6687 3.6828e+02    -0.0202     0.0000      98.78    97.2732     0.0731      72795    6.31213    0.00000    34.9087    34.9084         49 0.0000e+00
   2718.000   2675.147     2.2179     2.2181  32.044268  32.044595    6.31672     1.6690 3.6816e+02    -0.0206     0.0000      98.78    97.2590     0.0731      72839    6.31668    0.00000    34.9078    34.9080         40 0.0000e+00
   2720.000   2677.103     2.2101     2.2095  32.037314  32.036574    6.32434     1.6698 3.6857e+02    -0.0200     0.0000      98.78    97.2618     0.0731      72879    6.32438    0.00000    34.9068    34.9065         43 0.0000e+00
   2722.000   2679.059     2.2022     2.2028  32.030207  32.030573    6.33098     1.6704 3.6934e+02    -0.0200     0.0000      98.78    97.2618     0.0731      72932    6.33093    0.00000    34.9056    34.9054         64 0.0000e+00
   2724.000   2681.015     2.1891     2.1901  32.018055  32.019890    6.34438     1.6721 3.7064e+02    -0.0199     0.0000      98.78    97.2586     0.0731      72993    6.34437    0.00000    34.9038    34.9050         49 0.0000e+00
   2726.000   2682.971     2.1538     2.1542  31.984803  31.985561    6.35735     1.6729 3.7115e+02    -0.0190     0.0000      98.78    97.2665     0.0731      73033    6.35721    0.00000    34.9001    34.9006         36 0.0000e+00
   2728.000   2684.927     2.1385     2.1391  31.971052  31.971473    6.36974     1.6743 3.7098e+02    -0.0204     0.0000      98.78    97.2757     0.0731      73069    6.36974    0.00000    34.8987    34.8986         40 0.0000e+00
   2730.000   2686.883     2.1328     2.1334  31.966481  31.966886    6.38830     1.6772 3.7193e+02    -0.0201     0.0000      98.78    97.2990     0.0731      73121    6.38831    0.00000    34.8983    34.8982         63 0.0000e+00
   2732.000   2688.839     2.1237     2.1241  31.959145  31.959807    6.40987     1.6804 3.7398e+02    -0.0206     0.0000      98.78    97.3080     0.0731      73178    6.40982    0.00000    34.8982    34.8986         46 0.0000e+00
   2734.000   2690.795     2.1016     2.1020  31.940439  31.941157    6.42899     1.6828 3.7458e+02    -0.0205     0.0000      98.78    97.3083     0.0731      73219    6.42899    0.00000    34.8981    34.8985         42 0.0000e+00
   2736.000   2692.751     2.0877     2.0879  31.928966  31.928997    6.44401     1.6847 3.7451e+02    -0.0207     0.0000      98.78    97.3264     0.0731      73265    6.44396    0.00000    34.8980    34.8978         49 0.0000e+00
   2738.000   2694.707     2.0850     2.0853  31.927525  31.927538    6.45371     1.6861 3.7576e+02    -0.0202     0.0000      98.78    97.3281     0.0731      73315    6.45375    0.00000    34.8981    34.8978         48 0.0000e+00
   2740.000   2696.662     2.0762     2.0766  31.920872  31.921281    6.46079     1.6867 3.7727e+02    -0.0208     0.0000      98.78    97.3451     0.0731      73359    6.46057    0.00000    34.8985    34.8986         41 0.0000e+00
   2742.000   2698.618     2.0614     2.0618  31.908802  31.909338    6.46573     1.6868 3.7727e+02    -0.0200     0.0000      98.78    97.3410     0.0731      73402    6.46562    0.00000    34.8987    34.8989         47 0.0000e+00
   2744.000   2700.574     2.0461     2.0465  31.895840  31.896283    6.46973     1.6868 3.7790e+02    -0.0206     0.0000      98.78    97.3405     0.0731      73453    6.47046    0.00000    34.8983    34.8984         53 0.0000e+00
   2746.000   2702.530     2.0278     2.0280  31.880271  31.880784    6.47520     1.6868 3.7897e+02    -0.0203     0.0000      98.78    97.3386     0.0731      73505    6.47553    0.00000    34.8979    34.8983         50 0.0000e+00
   2748.000   2704.486     1.9977     1.9982  31.853779  31.855107    6.48319     1.6868 3.7885e+02    -0.0201     0.0000      98.78    97.3467     0.0731      73553    6.48330    0.00000    34.8968    34.8978         48 0.0000e+00
   2750.000   2706.442     1.9764     1.9772  31.835875  31.836349    6.49017     1.6871 3.7865e+02    -0.0206     0.0000      98.78    97.3366     0.0731      73611    6.49060    0.00000    34.8967    34.8964         72 0.0000e+00
   2752.000   2708.398     1.9752     1.9757  31.836037  31.836210    6.50152     1.6887 3.7869e+02    -0.0203     0.0000      98.78    97.3184     0.0731      73677    6.50141    0.00000    34.8972    34.8969         50 0.0000e+00
   2754.000   2710.353     1.9741     1.9743  31.836177  31.836136    6.51123     1.6901 3.7727e+02    -0.0206     0.0000      98.78    97.3190     0.0731      73740    6.51121    0.00000    34.8977    34.8974         66 0.0000e+00
   2756.000   2712.309     1.9627     1.9639  31.827294  31.828189    6.52393     1.6917 3.7516e+02    -0.0198     0.0000      98.78    97.3186     0.0731      73846    6.52398    0.00000    34.8981    34.8979         89 0.0000e+00
   2758.000   2714.265     1.9416     1.9425  31.809358  31.810635    6.53583     1.6927 3.7221e+02    -0.0204     0.0000      98.78    97.3135     0.0731      73949    6.53585    0.00000    34.8977    34.8983         76 0.0000e+00
   2760.000   2716.221     1.9012     1.9019  31.774584  31.775191    6.54819     1.6932 3.7044e+02    -0.0205     0.0000      98.78    97.3236     0.0731      74021    6.54821    0.00000    34.8975    34.8975         83 0.0000e+00
