Ship_data/Irminger/Irminger-2/ctd/process/OOI/at30_012.cnv
* Sea-Bird SBE 9 Data File:
* FileName = C:\data\ctd\at30_012.hex
* Software Version Seasave V 7.21f
* Temperature SN = 2265
* Conductivity SN = 3021
* Number of Bytes Per Scan = 40
* Number of Voltage Words = 5
* Number of Scans Averaged by the Deck Unit = 1
* NMEA Latitude = 59 59.98 N
* NMEA Longitude = 039 28.96 W
* NMEA UTC (Time) = Aug 23 2015  16:50:38
** Cal/Val for HYPM-2
# nquan = 21
# nvalues = 2693                        
# units = specified
# name 0 = prDM: Pressure, Digiquartz [db]
# name 1 = depSM: Depth [salt water, m]
# name 2 = t090C: Temperature [ITS-90, deg C]
# name 3 = t190C: Temperature, 2 [ITS-90, deg C]
# name 4 = c0mS/cm: Conductivity [mS/cm]
# name 5 = c1mS/cm: Conductivity, 2 [mS/cm]
# name 6 = sbeox0ML/L: Oxygen, SBE 43 [ml/l]
# name 7 = sbeox0V: Oxygen raw, SBE 43 [V]
# name 8 = spar: SPAR/Surface Irradiance
# name 9 = flECO-AFL: Fluorescence, WET Labs ECO-AFL/FL [mg/m^3]
# name 10 = v2: Voltage 2
# name 11 = altM: Altimeter [m]
# name 12 = CStarTr0: Beam Transmission, WET Labs C-Star [%]
# name 13 = turbWETntu0: Turbidity, WET Labs ECO [NTU]
# name 14 = scan: Scan Count
# name 15 = sbeox0ML/L: Oxygen, SBE 43 [ml/l], WS = 2
# name 16 = sbeox0dOV/dT: Oxygen, SBE 43 [dov/dt], WS = 2
# name 17 = sal00: Salinity, Practical [PSU]
# name 18 = sal11: Salinity, Practical, 2 [PSU]
# name 19 = nbin: number of scans per bin
# name 20 = flag: flag
# span 0 =      2.000,   2694.000       
# span 1 =      1.981,   2651.610       
# span 2 =     1.3171,     8.4994       
# span 3 =     1.3177,     8.4998       
# span 4 =  31.231309,  36.581197       
# span 5 =  31.231902,  36.580912       
# span 6 =    6.00283,    6.84755       
# span 7 =     1.6949,     2.5125       
# span 8 = 2.0270e+02, 6.4383e+02       
# span 9 =    -0.0823,     1.8248       
# span 10 =     0.0000,     0.0000      
# span 11 =       8.78,      98.88      
# span 12 =    92.8971,    97.7912      
# span 13 =     0.0676,     0.1358      
# span 14 =       1203,     177540      
# span 15 =    6.00269,    6.84813      
# span 16 =    0.00000,    0.00000      
# span 17 =    34.8283,    34.9547      
# span 18 =    34.8276,    34.9556      
# span 19 =         25,        131      
# span 20 = 0.0000e+00, 0.0000e+00      
# interval = decibars: 2                
# start_time = Aug 23 2015 16:50:38 [NMEA time, header]
# bad_flag = -9.990e-29
*END*
[from data line 1380]
   2626.000   2585.088     1.6865     1.6868  31.534299  31.533317    6.56340     1.7089 5.6127e+02    -0.0615     0.0000      98.73    97.5124     0.0699      82356    6.56329    0.00000    34.8957    34.8942         41 0.0000e+00
   2624.000   2583.131     1.7086     1.7079  31.552311  31.550711    6.56212     1.7098 5.6153e+02    -0.0610     0.0000      98.73    97.5245     0.0699      82399    6.56200    0.00000    34.8951    34.8939         46 0.0000e+00
   2622.000   2581.174     1.7227     1.7196  31.563617  31.560220    6.56101     1.7104 5.6206e+02    -0.0613     0.0000      98.73    97.5420     0.0699      82450    6.56095    0.00000    34.8949    34.8940         54 0.0000e+00
   2620.000   2579.217     1.7303     1.7285  31.569504  31.566986    6.56102     1.7110 5.6226e+02    -0.0608     0.0000      98.73    97.5422     0.0698      82500    6.56076    0.00000    34.8948    34.8937         47 0.0000e+00
   2618.000   2577.260     1.7391     1.7384  31.576151  31.574704    6.55948     1.7113 5.6141e+02    -0.0604     0.0000      98.73    97.5492     0.0698      82547    6.55920    0.00000    34.8946    34.8936         49 0.0000e+00
   2616.000   2575.303     1.7424     1.7425  31.578191  31.577523    6.56200     1.7122 5.5971e+02    -0.0621     0.0000      98.73    97.5493     0.0700      82596    6.56190    0.00000    34.8944    34.8935         45 0.0000e+00
   2614.000   2573.346     1.7451     1.7459  31.579839  31.579705    6.56119     1.7125 5.5936e+02    -0.0606     0.0000      98.73    97.5493     0.0698      82636    6.56113    0.00000    34.8945    34.8936         35 0.0000e+00
   2612.000   2571.389     1.7545     1.7542  31.587591  31.585531    6.55937     1.7125 5.5994e+02    -0.0606     0.0000      98.73    97.5491     0.0703      82670    6.55822    0.00000    34.8949    34.8927         35 0.0000e+00
   2610.000   2569.432     1.7899     1.7872  31.618774  31.615200    6.55699     1.7140 5.6043e+02    -0.0603     0.0000      98.73    97.5314     0.0699      82720    6.55664    0.00000    34.8962    34.8948         78 0.0000e+00
   2608.000   2567.475     1.8096     1.8051  31.635934  31.631062    6.55590     1.7148 5.5574e+02    -0.0604     0.0000      98.73    97.5191     0.0698      82800    6.55586    0.00000    34.8971    34.8960         57 0.0000e+00
   2606.000   2565.518     1.8320     1.8261  31.656217  31.648864    6.54464     1.7138 5.5431e+02    -0.0611     0.0000      98.73    97.5035     0.0705      82843    6.54431    0.00000    34.8990    34.8962         40 0.0000e+00
   2604.000   2563.561     1.8492     1.8483  31.670562  31.668681    6.53600     1.7132 5.5547e+02    -0.0609     0.0000      98.73    97.5064     0.0701      82881    6.53570    0.00000    34.8991    34.8978         37 0.0000e+00
   2602.000   2561.604     1.8620     1.8609  31.680604  31.678563    6.52877     1.7127 5.5405e+02    -0.0613     0.0000      98.73    97.5170     0.0700      82917    6.52858    0.00000    34.8986    34.8973         36 0.0000e+00
   2600.000   2559.647     1.8715     1.8704  31.687748  31.685917    6.51877     1.7115 5.5076e+02    -0.0599     0.0000      98.73    97.5281     0.0701      82956    6.51873    0.00000    34.8981    34.8971         43 0.0000e+00
   2598.000   2557.690     1.8818     1.8813  31.696280  31.694762    6.51026     1.7105 5.4999e+02    -0.0606     0.0000      98.73    97.5370     0.0702      83004    6.50920    0.00000    34.8986    34.8972         52 0.0000e+00
   2596.000   2555.733     1.8919     1.8908  31.704267  31.702405    6.50401     1.7102 5.5092e+02    -0.0596     0.0000      98.73    97.5374     0.0707      83058    6.50370    0.00000    34.8985    34.8973         56 0.0000e+00
   2594.000   2553.776     1.9047     1.9029  31.713935  31.711641    6.49737     1.7098 5.4730e+02    -0.0601     0.0000      98.73    97.5508     0.0702      83123    6.49735    0.00000    34.8975    34.8966         75 0.0000e+00
   2592.000   2551.819     1.9130     1.9137  31.720426  31.719878    6.49006     1.7090 5.4290e+02    -0.0604     0.0000      98.73    97.5558     0.0702      83185    6.48971    0.00000    34.8975    34.8962         42 0.0000e+00
   2590.000   2549.862     1.9242     1.9253  31.729657  31.729526    6.48611     1.7090 5.4294e+02    -0.0599     0.0000      98.73    97.5480     0.0698      83220    6.48585    0.00000    34.8978    34.8965         31 0.0000e+00
   2588.000   2547.904     1.9322     1.9323  31.735950  31.735157    6.48386     1.7092 5.4327e+02    -0.0615     0.0000      98.73    97.5436     0.0701      83250    6.48390    0.00000    34.8979    34.8968         29 0.0000e+00
   2586.000   2545.947     1.9407     1.9403  31.742594  31.741013    6.48208     1.7095 5.4344e+02    -0.0612     0.0000      98.73    97.5409     0.0698      83281    6.48202    0.00000    34.8978    34.8964         35 0.0000e+00
   2584.000   2543.990     1.9567     1.9560  31.755880  31.754394    6.48177     1.7101 5.4251e+02    -0.0599     0.0000      98.73    97.5444     0.0700      83333    6.48093    0.00000    34.8979    34.8969         72 0.0000e+00
   2582.000   2542.032     1.9632     1.9626  31.760849  31.759610    6.48233     1.7108 5.3998e+02    -0.0601     0.0000      98.73    97.5520     0.0706      83426    6.48161    0.00000    34.8980    34.8971         62 0.0000e+00
   2580.000   2540.075     1.9642     1.9639  31.760871  31.759698    6.47769     1.7105 5.3865e+02    -0.0610     0.0000      98.73    97.5493     0.0707      83469    6.47771    0.00000    34.8980    34.8968         38 0.0000e+00
   2578.000   2538.118     1.9810     1.9810  31.776136  31.774362    6.47209     1.7103 5.3933e+02    -0.0592     0.0000      98.73    97.5493     0.0707      83504    6.47205    0.00000    34.8996    34.8974         32 0.0000e+00
   2576.000   2536.161     1.9968     1.9943  31.789802  31.786275    6.46796     1.7104 5.3986e+02    -0.0607     0.0000      98.73    97.5493     0.0700      83536    6.46784    0.00000    34.9003    34.8987         33 0.0000e+00
   2574.000   2534.204     2.0099     2.0082  31.799951  31.797434    6.46616     1.7109 5.3969e+02    -0.0608     0.0000      98.73    97.5495     0.0699      83571    6.46594    0.00000    34.8996    34.8984         38 0.0000e+00
   2572.000   2532.246     2.0239     2.0227  31.811407  31.809164    6.45892     1.7104 5.3971e+02    -0.0607     0.0000      98.73    97.5575     0.0706      83614    6.45889    0.00000    34.8997    34.8982         49 0.0000e+00
   2570.000   2530.289     2.0431     2.0426  31.827808  31.826641    6.44944     1.7096 5.3728e+02    -0.0607     0.0000      98.73    97.5644     0.0703      83697    6.44933    0.00000    34.9001    34.8992         69 0.0000e+00
   2568.000   2528.331     2.0485     2.0461  31.831824  31.828259    6.44243     1.7088 5.3229e+02    -0.0598     0.0000      98.73    97.5674     0.0699      83761    6.44232    0.00000    34.9002    34.8984         34 0.0000e+00
   2566.000   2526.374     2.0649     2.0643  31.846137  31.844246    6.43374     1.7081 5.3208e+02    -0.0600     0.0000      98.73    97.5580     0.0704      83791    6.43373    0.00000    34.9010    34.8993         29 0.0000e+00
   2564.000   2524.417     2.0743     2.0726  31.853991  31.851251    6.43028     1.7081 5.3262e+02    -0.0618     0.0000      98.73    97.5629     0.0700      83820    6.43023    0.00000    34.9016    34.9000         29 0.0000e+00
   2562.000   2522.459     2.0845     2.0829  31.862713  31.860066    6.42986     1.7087 5.3275e+02    -0.0606     0.0000      98.73    97.5672     0.0700      83852    6.42964    0.00000    34.9023    34.9007         36 0.0000e+00
   2560.000   2520.502     2.0951     2.0948  31.871743  31.870501    6.42427     1.7084 5.2981e+02    -0.0599     0.0000      98.73    97.5694     0.0699      83925    6.42402    0.00000    34.9028    34.9017         68 0.0000e+00
   2558.000   2518.544     2.0996     2.0992  31.874853  31.873625    6.41022     1.7063 5.2684e+02    -0.0606     0.0000      98.73    97.5641     0.0700      84018    6.41013    0.00000    34.9028    34.9018         50 0.0000e+00
   2556.000   2516.587     2.1084     2.1079  31.882400  31.880675    6.40141     1.7052 5.2514e+02    -0.0607     0.0000      98.73    97.5706     0.0700      84069    6.40110    0.00000    34.9035    34.9019         57 0.0000e+00
   2554.000   2514.629     2.1269     2.1257  31.899069  31.896995    6.38763     1.7035 5.2444e+02    -0.0605     0.0000      98.73    97.5631     0.0697      84180    6.38608    0.00000    34.9050    34.9038         90 0.0000e+00
   2552.000   2512.672     2.1350     2.1323  31.905723  31.902411    6.36714     1.7005 5.2451e+02    -0.0599     0.0000      98.73    97.5631     0.0701      84375    6.36689    0.00000    34.9054    34.9043         69 0.0000e+00
   2550.000   2510.714     2.1425     2.1423  31.911582  31.910518    6.36005     1.6998 5.2791e+02    -0.0606     0.0000      98.73    97.5710     0.0701      84534    6.35985    0.00000    34.9055    34.9045         96 0.0000e+00
   2548.000   2508.757     2.1474     2.1475  31.915190  31.914500    6.35578     1.6995 5.3009e+02    -0.0600     0.0000      98.73    97.5755     0.0701      84749    6.35578    0.00000    34.9056    34.9047         62 0.0000e+00
   2546.000   2506.800     2.1514     2.1508  31.917836  31.916608    6.35548     1.6998 5.3074e+02    -0.0606     0.0000      98.73    97.5781     0.0701      84857    6.35524    0.00000    34.9055    34.9047         63 0.0000e+00
   2544.000   2504.842     2.1562     2.1560  31.920854  31.920062    6.35254     1.6998 5.3091e+02    -0.0612     0.0000      98.73    97.5847     0.0702      85051    6.35253    0.00000    34.9050    34.9043         62 0.0000e+00
   2542.000   2502.884     2.1614     2.1612  31.924574  31.923766    6.35555     1.7010 5.3367e+02    -0.0603     0.0000      98.73    97.5901     0.0700      85443    6.35604    0.00000    34.9049    34.9042         95 0.0000e+00
   2540.000   2500.927     2.1660     2.1663  31.927889  31.927397    6.35713     1.7016 5.4953e+02    -0.0603     0.0000      98.73    97.5972     0.0699      85929    6.35701    0.00000    34.9050    34.9041        106 0.0000e+00
   2538.000   2498.969     2.1695     2.1702  31.930257  31.930222    6.35767     1.7021 5.3985e+02    -0.0602     0.0000      98.73    97.5965     0.0700      87231    6.35756    0.00000    34.9052    34.9043         94 0.0000e+00
   2536.000   2497.011     2.1731     2.1716  31.932619  31.930598    6.35308     1.7017 5.4074e+02    -0.0596     0.0000      98.73    97.6017     0.0707      87652    6.35298    0.00000    34.9051    34.9042         71 0.0000e+00
   2534.000   2495.054     2.1834     2.1809  31.941428  31.938042    6.35139     1.7021 5.3792e+02    -0.0602     0.0000      98.73    97.5984     0.0702      87711    6.35131    0.00000    34.9057    34.9043         69 0.0000e+00
   2532.000   2493.096     2.1937     2.1932  31.950241  31.948870    6.34620     1.7018 5.3741e+02    -0.0605     0.0000      98.73    97.5958     0.0702      87830    6.34603    0.00000    34.9064    34.9052         63 0.0000e+00
   2530.000   2491.138     2.1976     2.1975  31.953021  31.951748    6.34048     1.7012 5.3496e+02    -0.0601     0.0000      98.73    97.5921     0.0697      87924    6.34032    0.00000    34.9066    34.9052         31 0.0000e+00
   2528.000   2489.181     2.2048     2.2041  31.958711  31.956970    6.33453     1.7006 5.3603e+02    -0.0604     0.0000      98.73    97.5910     0.0702      87953    6.33445    0.00000    34.9068    34.9054         31 0.0000e+00
   2526.000   2487.223     2.2108     2.2095  31.963385  31.961225    6.33447     1.7011 5.3747e+02    -0.0600     0.0000      98.73    97.5889     0.0703      87991    6.33449    0.00000    34.9070    34.9058         50 0.0000e+00
   2524.000   2485.265     2.2289     2.2254  31.979506  31.975280    6.33145     1.7016 5.3830e+02    -0.0609     0.0000      98.73    97.5905     0.0701      88140    6.33151    0.00000    34.9083    34.9069         53 0.0000e+00
   2522.000   2483.308     2.2378     2.2355  31.986926  31.983615    6.32391     1.7007 5.3899e+02    -0.0593     0.0000      98.73    97.5783     0.0703      88173    6.32374    0.00000    34.9087    34.9071         36 0.0000e+00
   2520.000   2481.349     2.2466     2.2455  31.994187  31.991948    6.31833     1.7002 5.4070e+02    -0.0608     0.0000      98.73    97.5812     0.0706      88206    6.31763    0.00000    34.9092    34.9075         32 0.0000e+00
   2518.000   2479.392     2.2590     2.2570  32.004770  32.001717    6.31433     1.7002 5.4307e+02    -0.0602     0.0000      98.73    97.5779     0.0707      88239    6.31364    0.00000    34.9097    34.9081         34 0.0000e+00
   2516.000   2477.434     2.2687     2.2671  32.012704  32.010330    6.31041     1.7002 5.4526e+02    -0.0608     0.0000      98.73    97.5829     0.0706      88279    6.31037    0.00000    34.9100    34.9088         51 0.0000e+00
   2514.000   2475.476     2.2825     2.2808  32.024454  32.022231    6.30054     1.6992 5.4585e+02    -0.0605     0.0000      98.73    97.5905     0.0705      88391    6.30029    0.00000    34.9105    34.9096         60 0.0000e+00
   2512.000   2473.518     2.2871     2.2844  32.028064  32.024156    6.29163     1.6980 5.4719e+02    -0.0614     0.0000      98.73    97.5934     0.0707      88440    6.29149    0.00000    34.9108    34.9090         31 0.0000e+00
   2510.000   2471.560     2.2924     2.2929  32.032036  32.031263    6.28793     1.6978 5.4843e+02    -0.0611     0.0000      98.73    97.5951     0.0707      88467    6.28782    0.00000    34.9110    34.9095         28 0.0000e+00
   2508.000   2469.603     2.2977     2.2977  32.035966  32.034995    6.28534     1.6978 5.4953e+02    -0.0614     0.0000      98.73    97.5993     0.0704      88496    6.28519    0.00000    34.9111    34.9098         30 0.0000e+00
   2506.000   2467.644     2.3030     2.3017  32.039902  32.037818    6.28289     1.6978 5.5020e+02    -0.0601     0.0000      98.73    97.6015     0.0700      88532    6.28257    0.00000    34.9111    34.9099         43 0.0000e+00
   2504.000   2465.687     2.3100     2.3087  32.045407  32.043164    6.27997     1.6978 5.5094e+02    -0.0599     0.0000      98.73    97.6024     0.0701      88583    6.27963    0.00000    34.9113    34.9100         56 0.0000e+00
   2502.000   2463.729     2.3140     2.3136  32.048275  32.046988    6.27774     1.6978 5.5220e+02    -0.0601     0.0000      98.73    97.5856     0.0707      88639    6.27721    0.00000    34.9114    34.9103         59 0.0000e+00
   2500.000   2461.771     2.3182     2.3176  32.051158  32.049841    6.27474     1.6978 5.5146e+02    -0.0595     0.0000      98.73    97.6129     0.0704      88703    6.27463    0.00000    34.9114    34.9104         64 0.0000e+00
   2498.000   2459.813     2.3238     2.3236  32.055573  32.054319    6.26783     1.6970 5.5255e+02    -0.0607     0.0000      98.73    97.6234     0.0702      88756    6.26773    0.00000    34.9117    34.9105         41 0.0000e+00
   2496.000   2457.855     2.3283     2.3286  32.058845  32.058040    6.26260     1.6964 5.5362e+02    -0.0612     0.0000      98.73    97.6262     0.0701      88791    6.26240    0.00000    34.9119    34.9105         32 0.0000e+00
   2494.000   2455.897     2.3338     2.3341  32.063130  32.062347    6.25908     1.6966 5.5356e+02    -0.0599     0.0000      98.73    97.6277     0.0702      88822    6.26060    0.00000    34.9121    34.9109         31 0.0000e+00
   2492.000   2453.939     2.3391     2.3390  32.067080  32.065996    6.25801     1.6966 5.5373e+02    -0.0603     0.0000      98.73    97.6277     0.0699      88856    6.25791    0.00000    34.9122    34.9111         37 0.0000e+00
