Ship_data/Irminger/Irminger-2/ctd/process/OOI/at30_003.cnv
* Sea-Bird SBE 9 Data File:
* FileName = C:\data\ctd\at30_003.hex
* Software Version Seasave V 7.21f
* Temperature SN = 2265
* Conductivity SN = 3021
* Number of Bytes Per Scan = 40
* Number of Voltage Words = 5
* Number of Scans Averaged by the Deck Unit = 1
* NMEA Latitude = 42 31.25 N
* NMEA Longitude = 062 34.71 W
* NMEA UTC (Time) = Aug 07 2015  17:47:11
# nquan = 21
# nvalues = 1515                        
# units = specified
# name 0 = prDM: Pressure, Digiquartz [db]
# name 1 = depSM: Depth [salt water, m]
# name 2 = t090C: Temperature [ITS-90, deg C]
# name 3 = t190C: Temperature, 2 [ITS-90, deg C]
# name 4 = c0mS/cm: Conductivity [mS/cm]
# name 5 = c1mS/cm: Conductivity, 2 [mS/cm]
# name 6 = sbeox0ML/L: Oxygen, SBE 43 [ml/l]
# name 7 = sbeox0V: Oxygen raw, SBE 43 [V]
# name 8 = spar: SPAR/Surface Irradiance
# name 9 = flECO-AFL: Fluorescence, WET Labs ECO-AFL/FL [mg/m^3]
# name 10 = v2: Voltage 2
# name 11 = altM: Altimeter [m]
# name 12 = CStarTr0: Beam Transmission, WET Labs C-Star [%]
# name 13 = turbWETntu0: Turbidity, WET Labs ECO [NTU]
# name 14 = scan: Scan Count
# name 15 = sbeox0ML/L: Oxygen, SBE 43 [ml/l], WS = 2
# name 16 = sbeox0dOV/dT: Oxygen, SBE 43 [dov/dt], WS = 2
# name 17 = sal00: Salinity, Practical [PSU]
# name 18 = sal11: Salinity, Practical, 2 [PSU]
# name 19 = nbin: number of scans per bin
# name 20 = flag: flag
# span 0 =      2.000,   1520.000       
# span 1 =      1.984,   1502.527       
# span 2 =     3.9365,    21.4383       
# span 3 =     3.9372,    21.4389       
# span 4 =  33.125328,  47.405275       
# span 5 =  33.125161,  47.406917       
# span 6 =    3.09227,    6.62129       
# span 7 =     1.4520,     2.8837       
# span 8 = 4.7004e+02, 2.1696e+03       
# span 9 =    -0.0214,     2.1884       
# span 10 =     0.0000,     0.0000      
# span 11 =      77.42,      99.29      
# span 12 =    91.3964,    97.7290      
# span 13 =     0.0680,     0.1636      
# span 14 =        531,     186535      
# span 15 =    3.09207,    6.62227      
# span 16 =    0.00000,    0.00000      
# span 17 =    31.8510,    35.7286      
# span 18 =    31.8505,    35.7276      
# span 19 =         17,        134      
# span 20 = 0.0000e+00, 0.0000e+00      
# interval = decibars: 2                
# start_time = Aug 07 2015 17:47:11 [NMEA time, header]
# bad_flag = -9.990e-29
*END*
[from data line 1104]
    830.000    821.806     4.7648     4.7645  33.601452  33.600757    5.51535     1.8981 1.9760e+03    -0.0199     0.0000      98.78    97.6766     0.0707     146795    5.51529    0.00000    34.9836    34.9832         55 0.0000e+00
    828.000    819.830     4.7644     4.7643  33.599962  33.599615    5.50849     1.8967 1.9086e+03    -0.0200     0.0000      98.78    97.6715     0.0707     146850    5.50833    0.00000    34.9834    34.9830         50 0.0000e+00
    826.000    817.854     4.7644     4.7650  33.598945  33.599048    5.50222     1.8955 1.8002e+03    -0.0205     0.0000      98.78    97.6707     0.0707     146895    5.50199    0.00000    34.9832    34.9827         42 0.0000e+00
    824.000    815.877     4.7638     4.7643  33.597574  33.597770    5.50898     1.8975 1.8995e+03    -0.0204     0.0000      98.78    97.6689     0.0707     146939    5.50875    0.00000    34.9833    34.9829         48 0.0000e+00
    822.000    813.901     4.7643     4.7645  33.597153  33.596847    5.50753     1.8975 1.9112e+03    -0.0205     0.0000      98.78    97.6712     0.0707     146988    5.50729    0.00000    34.9832    34.9826         48 0.0000e+00
    820.000    811.924     4.7664     4.7661  33.598351  33.597428    5.50607     1.8976 1.9210e+03    -0.0202     0.0000      98.78    97.6706     0.0707     147035    5.50587    0.00000    34.9834    34.9827         48 0.0000e+00
    818.000    809.948     4.7707     4.7689  33.601807  33.599478    5.50756     1.8985 1.9379e+03    -0.0196     0.0000      98.78    97.6742     0.0707     147086    5.50744    0.00000    34.9839    34.9831         52 0.0000e+00
    816.000    807.971     4.7787     4.7770  33.608890  33.606206    5.50471     1.8983 1.9452e+03    -0.0200     0.0000      98.78    97.6799     0.0707     147136    5.50385    0.00000    34.9849    34.9835         47 0.0000e+00
    814.000    805.995     4.7899     4.7869  33.618906  33.614995    5.50128     1.8983 1.9324e+03    -0.0199     0.0000      98.78    97.6800     0.0707     147182    5.50085    0.00000    34.9857    34.9843         45 0.0000e+00
    812.000    804.019     4.7992     4.7965  33.627119  33.623608    5.49467     1.8974 1.8527e+03    -0.0199     0.0000      98.78    97.6800     0.0707     147226    5.49444    0.00000    34.9865    34.9853         44 0.0000e+00
    810.000    802.042     4.8039     4.8025  33.630625  33.628684    5.49137     1.8971 1.7544e+03    -0.0197     0.0000      98.78    97.6800     0.0707     147274    5.49119    0.00000    34.9867    34.9859         51 0.0000e+00
    808.000    800.066     4.8064     4.8050  33.631985  33.630129    5.48801     1.8967 1.7604e+03    -0.0205     0.0000      98.78    97.6800     0.0707     147324    5.48789    0.00000    34.9867    34.9860         48 0.0000e+00
    806.000    798.089     4.8080     4.8076  33.632651  33.631691    5.48606     1.8967 1.8237e+03    -0.0198     0.0000      98.78    97.6800     0.0707     147371    5.48598    0.00000    34.9867    34.9861         49 0.0000e+00
    804.000    796.113     4.8097     4.8090  33.633215  33.632182    5.48496     1.8968 1.8652e+03    -0.0199     0.0000      98.78    97.6800     0.0707     147421    5.48478    0.00000    34.9866    34.9862         49 0.0000e+00
    802.000    794.136     4.8117     4.8110  33.634234  33.633041    5.48076     1.8962 1.8647e+03    -0.0206     0.0000      98.78    97.6800     0.0707     147469    5.48051    0.00000    34.9867    34.9861         47 0.0000e+00
    800.000    792.159     4.8132     4.8129  33.634657  33.633941    5.48015     1.8964 1.7389e+03    -0.0202     0.0000      98.78    97.6694     0.0707     147514    5.47997    0.00000    34.9867    34.9861         43 0.0000e+00
    798.000    790.183     4.8153     4.8149  33.635865  33.635011    5.48120     1.8972 1.8417e+03    -0.0206     0.0000      98.78    97.6334     0.0707     147560    5.48113    0.00000    34.9869    34.9863         51 0.0000e+00
    796.000    788.206     4.8200     4.8172  33.639563  33.636186    5.47778     1.8968 1.8725e+03    -0.0194     0.0000      98.78    97.6468     0.0707     147612    5.47748    0.00000    34.9872    34.9863         48 0.0000e+00
    794.000    786.229     4.8279     4.8262  33.646019  33.643663    5.47301     1.8962 1.8715e+03    -0.0202     0.0000      98.78    97.6744     0.0707     147656    5.47275    0.00000    34.9874    34.9865         45 0.0000e+00
    792.000    784.253     4.8354     4.8322  33.652373  33.648759    5.47583     1.8976 1.7736e+03    -0.0202     0.0000      98.78    97.6681     0.0707     147711    5.47568    0.00000    34.9880    34.9872         60 0.0000e+00
    790.000    782.276     4.8400     4.8384  33.655712  33.653319    5.46238     1.8948 1.7945e+03    -0.0198     0.0000      98.78    97.6696     0.0707     147761    5.46229    0.00000    34.9881    34.9870         43 0.0000e+00
    788.000    780.299     4.8433     4.8430  33.657857  33.656908    5.46153     1.8950 1.8714e+03    -0.0201     0.0000      98.78    97.6678     0.0707     147803    5.46146    0.00000    34.9881    34.9874         41 0.0000e+00
    786.000    778.323     4.8456     4.8449  33.659132  33.657912    5.46398     1.8961 1.8643e+03    -0.0203     0.0000      98.78    97.6648     0.0707     147844    5.46385    0.00000    34.9882    34.9876         42 0.0000e+00
    784.000    776.346     4.8549     4.8520  33.667218  33.663778    5.46538     1.8971 1.8266e+03    -0.0198     0.0000      98.78    97.6716     0.0707     147895    5.46517    0.00000    34.9889    34.9879         62 0.0000e+00
    782.000    774.369     4.8639     4.8608  33.674881  33.671295    5.45366     1.8948 1.7769e+03    -0.0203     0.0000      98.78    97.6657     0.0707     147954    5.45342    0.00000    34.9893    34.9884         50 0.0000e+00
    780.000    772.392     4.8695     4.8683  33.679078  33.677261    5.44765     1.8939 1.9194e+03    -0.0203     0.0000      98.78    97.6690     0.0707     147999    5.44740    0.00000    34.9894    34.9885         41 0.0000e+00
    778.000    770.416     4.8758     4.8748  33.684049  33.682392    5.44535     1.8939 1.9363e+03    -0.0203     0.0000      98.78    97.6566     0.0707     148040    5.44512    0.00000    34.9895    34.9887         42 0.0000e+00
    776.000    768.439     4.8791     4.8777  33.686317  33.684582    5.44832     1.8951 1.9350e+03    -0.0208     0.0000      98.78    97.6620     0.0707     148088    5.44801    0.00000    34.9897    34.9891         54 0.0000e+00
    774.000    766.462     4.8799     4.8795  33.686206  33.685288    5.43911     1.8932 1.9033e+03    -0.0208     0.0000      98.78    97.6585     0.0707     148140    5.43898    0.00000    34.9897    34.9891         48 0.0000e+00
    772.000    764.485     4.8809     4.8809  33.686206  33.685814    5.43795     1.8933 1.8885e+03    -0.0203     0.0000      98.78    97.6610     0.0707     148187    5.43785    0.00000    34.9897    34.9892         47 0.0000e+00
    770.000    762.508     4.8818     4.8816  33.686250  33.685529    5.43647     1.8933 1.8476e+03    -0.0193     0.0000      98.78    97.6613     0.0707     148235    5.43623    0.00000    34.9898    34.9893         49 0.0000e+00
    768.000    760.531     4.8847     4.8834  33.688162  33.686327    5.43380     1.8931 1.9139e+03    -0.0204     0.0000      98.78    97.6621     0.0707     148285    5.43361    0.00000    34.9901    34.9893         49 0.0000e+00
    766.000    758.554     4.8888     4.8874  33.691090  33.689160    5.43147     1.8930 1.8997e+03    -0.0202     0.0000      98.78    97.6635     0.0707     148330    5.43130    0.00000    34.9902    34.9893         43 0.0000e+00
    764.000    756.577     4.8924     4.8912  33.693661  33.691916    5.43460     1.8943 1.8656e+03    -0.0195     0.0000      98.78    97.6479     0.0707     148376    5.43447    0.00000    34.9903    34.9896         52 0.0000e+00
    762.000    754.600     4.8947     4.8934  33.694830  33.693089    5.43083     1.8938 1.8695e+03    -0.0202     0.0000      98.78    97.6611     0.0707     148429    5.43063    0.00000    34.9904    34.9897         48 0.0000e+00
    760.000    752.623     4.8982     4.8977  33.697190  33.696133    5.42629     1.8931 1.8999e+03    -0.0203     0.0000      98.78    97.6620     0.0707     148474    5.42602    0.00000    34.9904    34.9897         45 0.0000e+00
    758.000    750.646     4.9004     4.8996  33.698439  33.697174    5.42990     1.8945 1.9015e+03    -0.0196     0.0000      98.78    97.6621     0.0707     148522    5.42965    0.00000    34.9905    34.9900         51 0.0000e+00
    756.000    748.669     4.9029     4.9022  33.699910  33.698628    5.42711     1.8942 1.8553e+03    -0.0201     0.0000      98.78    97.6630     0.0707     148574    5.42682    0.00000    34.9906    34.9900         54 0.0000e+00
    754.000    746.692     4.9044     4.9043  33.700219  33.699662    5.42090     1.8931 1.8282e+03    -0.0202     0.0000      98.78    97.6543     0.0707     148624    5.42071    0.00000    34.9905    34.9900         44 0.0000e+00
    752.000    744.715     4.9056     4.9060  33.700414  33.700253    5.41942     1.8931 1.8527e+03    -0.0203     0.0000      98.78    97.6539     0.0707     148665    5.41927    0.00000    34.9905    34.9899         41 0.0000e+00
    750.000    742.738     4.9079     4.9065  33.701826  33.700116    5.42670     1.8953 1.8432e+03    -0.0204     0.0000      98.78    97.6546     0.0707     148711    5.42638    0.00000    34.9907    34.9902         51 0.0000e+00
    748.000    740.761     4.9108     4.9095  33.703688  33.701955    5.42481     1.8953 1.8069e+03    -0.0203     0.0000      98.78    97.6582     0.0707     148765    5.42452    0.00000    34.9909    34.9902         54 0.0000e+00
    746.000    738.784     4.9123     4.9122  33.704182  33.703540    5.41733     1.8939 1.7869e+03    -0.0196     0.0000      98.78    97.6511     0.0707     148815    5.41719    0.00000    34.9909    34.9902         45 0.0000e+00
    744.000    736.807     4.9147     4.9144  33.705480  33.704671    5.41889     1.8947 1.8215e+03    -0.0205     0.0000      98.78    97.6539     0.0707     148859    5.41870    0.00000    34.9909    34.9903         47 0.0000e+00
    742.000    734.830     4.9162     4.9157  33.705915  33.705068    5.41995     1.8954 1.8535e+03    -0.0199     0.0000      98.78    97.6539     0.0707     148909    5.41974    0.00000    34.9908    34.9904         51 0.0000e+00
    740.000    732.853     4.9194     4.9184  33.708113  33.706474    5.41801     1.8954 1.8665e+03    -0.0197     0.0000      98.78    97.6539     0.0707     148957    5.41782    0.00000    34.9911    34.9902         44 0.0000e+00
    738.000    730.875     4.9232     4.9219  33.710495  33.708872    5.41835     1.8959 1.8827e+03    -0.0210     0.0000      98.78    97.6539     0.0707     149003    5.41814    0.00000    34.9909    34.9904         50 0.0000e+00
    736.000    728.898     4.9261     4.9242  33.712411  33.710166    5.41686     1.8960 1.8894e+03    -0.0202     0.0000      98.78    97.6539     0.0707     149054    5.41668    0.00000    34.9910    34.9904         49 0.0000e+00
    734.000    726.921     4.9388     4.9333  33.723714  33.717528    5.41057     1.8953 1.8845e+03    -0.0198     0.0000      98.78    97.6568     0.0707     149099    5.41047    0.00000    34.9919    34.9904         43 0.0000e+00
    732.000    724.944     4.9447     4.9420  33.728548  33.725512    5.40970     1.8956 1.8697e+03    -0.0195     0.0000      98.78    97.6582     0.0707     149147    5.40955    0.00000    34.9923    34.9916         53 0.0000e+00
    730.000    722.967     4.9479     4.9455  33.730766  33.727852    5.39860     1.8932 1.8213e+03    -0.0201     0.0000      98.78    97.6555     0.0707     149199    5.39836    0.00000    34.9926    34.9917         50 0.0000e+00
    728.000    720.989     4.9561     4.9534  33.738007  33.734261    5.39020     1.8918 1.7622e+03    -0.0200     0.0000      98.78    97.6539     0.0707     149246    5.39005    0.00000    34.9933    34.9918         46 0.0000e+00
    726.000    719.012     4.9685     4.9633  33.749095  33.743539    5.38855     1.8922 1.7356e+03    -0.0202     0.0000      98.78    97.6581     0.0707     149293    5.38840    0.00000    34.9942    34.9932         48 0.0000e+00
    724.000    717.034     4.9748     4.9709  33.754320  33.749793    5.38427     1.8917 1.7511e+03    -0.0203     0.0000      98.78    97.6345     0.0707     149341    5.38420    0.00000    34.9946    34.9935         46 0.0000e+00
    722.000    715.057     4.9811     4.9790  33.759557  33.756803    5.38057     1.8913 1.7681e+03    -0.0207     0.0000      98.78    97.6632     0.0707     149387    5.38044    0.00000    34.9951    34.9942         48 0.0000e+00
    720.000    713.080     4.9857     4.9833  33.762888  33.760190    5.37457     1.8903 1.7511e+03    -0.0202     0.0000      98.78    97.6590     0.0707     149437    5.37433    0.00000    34.9952    34.9945         52 0.0000e+00
    718.000    711.102     4.9918     4.9877  33.767814  33.763157    5.36725     1.8891 1.7205e+03    -0.0201     0.0000      98.78    97.6626     0.0707     149487    5.36714    0.00000    34.9955    34.9944         46 0.0000e+00
    716.000    709.125     4.9972     4.9956  33.772001  33.769885    5.36400     1.8888 1.7109e+03    -0.0197     0.0000      98.78    97.6587     0.0707     149535    5.36381    0.00000    34.9958    34.9950         51 0.0000e+00
    714.000    707.148     5.0002     4.9985  33.773959  33.771827    5.35973     1.8881 1.7273e+03    -0.0205     0.0000      98.78    97.6629     0.0707     149584    5.35941    0.00000    34.9958    34.9952         46 0.0000e+00
    712.000    705.170     5.0036     5.0022  33.776175  33.774379    5.35346     1.8870 1.7382e+03    -0.0200     0.0000      98.78    97.6587     0.0707     149628    5.35325    0.00000    34.9959    34.9953         42 0.0000e+00
    710.000    703.193     5.0099     5.0073  33.781321  33.778121    5.35352     1.8876 1.7343e+03    -0.0200     0.0000      98.78    97.6584     0.0707     149671    5.35329    0.00000    34.9962    34.9953         47 0.0000e+00
    708.000    701.215     5.0212     5.0171  33.791247  33.786978    5.35232     1.8881 1.6418e+03    -0.0193     0.0000      98.78    97.6541     0.0707     149729    5.35208    0.00000    34.9969    34.9963         65 0.0000e+00
    706.000    699.238     5.0222     5.0212  33.791124  33.789275    5.33896     1.8851 1.7272e+03    -0.0199     0.0000      98.78    97.6538     0.0707     149782    5.33884    0.00000    34.9967    34.9957         40 0.0000e+00
    704.000    697.260     5.0353     5.0326  33.802575  33.798540    5.33417     1.8846 1.7052e+03    -0.0193     0.0000      98.78    97.6465     0.0707     149819    5.33389    0.00000    34.9973    34.9955         37 0.0000e+00
    702.000    695.283     5.0594     5.0503  33.824730  33.815084    5.33891     1.8871 1.6641e+03    -0.0199     0.0000      98.78    97.6428     0.0707     149863    5.33875    0.00000    34.9986    34.9970         55 0.0000e+00
    700.000    693.305     5.0682     5.0579  33.832335  33.821513    5.32636     1.8846 1.6022e+03    -0.0207     0.0000      98.78    97.6458     0.0707     149922    5.32615    0.00000    34.9993    34.9976         56 0.0000e+00
    698.000    691.328     5.0771     5.0750  33.839701  33.836576    5.31026     1.8811 1.6116e+03    -0.0201     0.0000      98.78    97.6449     0.0707     149968    5.30996    0.00000    34.9995    34.9981         38 0.0000e+00
    696.000    689.350     5.0876     5.0861  33.848636  33.846451    5.30740     1.8811 1.6200e+03    -0.0194     0.0000      98.78    97.6343     0.0707     150006    5.30714    0.00000    34.9999    34.9989         39 0.0000e+00
