Ship_data/Irminger/Irminger-2/ctd/process/OOI/at30_007.ros
* Sea-Bird SBE 9 Data File:
* FileName = C:\data\ctd\at30_007.hex
* Software Version Seasave V 7.21f
* Temperature SN = 2265
* Conductivity SN = 3021
* Number of Bytes Per Scan = 40
* Number of Voltage Words = 5
* Number of Scans Averaged by the Deck Unit = 1
* NMEA Latitude = 59 46.29 N
* NMEA Longitude = 039 52.92 W
* NMEA UTC (Time) = Aug 17 2015  23:01:49
** Site of FLMA 2015 -- need to confirm bottom depth
# nquan = 17
# nvalues = 1176                                  
# units = specified
# name 0 = prDM: Pressure, Digiquartz [db]
# name 1 = depSM: Depth [salt water, m]
# name 2 = t090C: Temperature [ITS-90, deg C]
# name 3 = t190C: Temperature, 2 [ITS-90, deg C]
# name 4 = c0mS/cm: Conductivity [mS/cm]
# name 5 = c1mS/cm: Conductivity, 2 [mS/cm]
# name 6 = sbeox0ML/L: Oxygen, SBE 43 [ml/l]
# name 7 = sbeox0V: Oxygen raw, SBE 43 [V]
# name 8 = spar: SPAR/Surface Irradiance
# name 9 = flECO-AFL: Fluorescence, WET Labs ECO-AFL/FL [mg/m^3]
# name 10 = v2: Voltage 2
# name 11 = altM: Altimeter [m]
# name 12 = CStarTr0: Beam Transmission, WET Labs C-Star [%]
# name 13 = turbWETntu0: Turbidity, WET Labs ECO [NTU]
# name 14 = scan: Scan Count
# name 15 = nbf: Bottles Fired
# name 16 = flag:  0.000e+00
# interval = seconds: 0.0416667
# start_time = Aug 17 2015 23:01:49 [NMEA time, header]
# bad_flag = -9.990e-29
*END*
[from data line 171]
    622.672    615.886     3.6640     3.6636  32.443386  32.443909    6.64635     2.1740 2.2052e+01    -0.0219     0.0000      98.75    97.7062     0.0755     130459          4  0.000e+00
    622.614    615.829     3.6639     3.6637  32.443205  32.442995    6.64633     2.1740 2.2052e+01    -0.0219     0.0000      98.78    97.7062     0.0755     130460          4  0.000e+00
    622.549    615.765     3.6642     3.6637  32.443265  32.443566    6.64623     2.1740 2.2052e+01    -0.0219     0.0000      98.78    97.6800     0.0755     130461          4  0.000e+00
    622.524    615.740     3.6640     3.6637  32.443566  32.443338    6.64621     2.1740 2.2052e+01    -0.0219     0.0000      98.78    97.7062     0.0755     130462          4  0.000e+00
    622.434    615.651     3.6642     3.6637  32.443265  32.443280    6.64612     2.1740 2.2052e+01    -0.0219     0.0000      98.78    97.7062     0.0755     130463          4  0.000e+00
    622.434    615.651     3.6640     3.6639  32.443265  32.443280    6.64614     2.1740 2.2052e+01    -0.0219     0.0000      98.78    97.7062     0.0755     130464          4  0.000e+00
    622.369    615.587     3.6639     3.6637  32.443024  32.443565    6.64611     2.1740 2.2052e+01    -0.0219     0.0000      98.78    97.7062     0.0755     130465          4  0.000e+00
    622.311    615.530     3.6637     3.6637  32.443024  32.443565    6.64609     2.1740 2.2052e+01    -0.0219     0.0000      98.78    97.7062     0.0755     130466          4  0.000e+00
    622.188    615.409     3.6640     3.6639  32.443084  32.443336    6.64099     2.1728 2.2052e+01    -0.0219     0.0000      98.78    97.7324     0.0755     130467          4  0.000e+00
    622.246    615.465     3.6639     3.6639  32.443084  32.443280    6.64600     2.1740 2.2052e+01    -0.0219     0.0000      98.78    97.7062     0.0755     130468          4  0.000e+00
    622.131    615.352     3.6640     3.6641  32.443264  32.442994    6.64587     2.1740 2.2052e+01    -0.0292     0.0000      98.78    97.7062     0.0755     130469          4  0.000e+00
    622.065    615.287     3.6642     3.6636  32.443384  32.443564    6.65072     2.1753 2.2052e+01    -0.0219     0.0000      98.78    97.7062     0.0755     130470          4  0.000e+00
    622.065    615.287     3.6645     3.6639  32.443804  32.443051    6.64571     2.1740 2.2052e+01    -0.0292     0.0000      98.78    97.7062     0.0755     130471          4  0.000e+00
    621.943    615.166     3.6645     3.6641  32.443323  32.443564    6.65057     2.1753 2.2052e+01    -0.0219     0.0000      98.78    97.6800     0.0755     130472          4  0.000e+00
    621.943    615.166     3.6644     3.6641  32.443263  32.443279    6.64565     2.1740 2.2052e+01    -0.0219     0.0000      98.78    97.6800     0.0755     130473          4  0.000e+00
    621.943    615.166     3.6642     3.6642  32.443383  32.443279    6.65061     2.1753 2.2052e+01    -0.0219     0.0000      98.78    97.6800     0.0755     130474          4  0.000e+00
    621.762    614.988     3.6644     3.6641  32.443443  32.443621    6.65042     2.1753 2.2052e+01    -0.0219     0.0000      98.78    97.6539     0.0755     130475          4  0.000e+00
    621.828    615.053     3.6640     3.6644  32.443563  32.443278    6.64557     2.1740 2.4056e+01    -0.0219     0.0000      98.78    97.6800     0.0755     130476          4  0.000e+00
    621.705    614.932     3.6645     3.6644  32.443683  32.443278    6.65033     2.1753 2.2052e+01    -0.0219     0.0000      98.78    97.6800     0.0755     130477          4  0.000e+00
    621.705    614.932     3.6645     3.6644  32.443683  32.442992    6.64539     2.1740 2.2052e+01    -0.0219     0.0000      98.78    97.7062     0.0755     130478          4  0.000e+00
    621.582    614.810     3.6646     3.6644  32.443683  32.443620    6.64526     2.1740 2.2052e+01    -0.0219     0.0000      98.78    97.7062     0.0755     130479          4  0.000e+00
    621.558    614.786     3.6645     3.6644  32.443262  32.443905    6.64528     2.1740 2.2052e+01    -0.0219     0.0000      98.78    97.7062     0.0755     130480          4  0.000e+00
    621.517    614.746     3.6647     3.6644  32.443743  32.443563    6.64519     2.1740 2.2052e+01    -0.0219     0.0000      98.78    97.7062     0.0755     130481          4  0.000e+00
    621.459    614.689     3.6648     3.6645  32.443803  32.443562    6.64512     2.1740 2.2052e+01    -0.0219     0.0000      98.78    97.7062     0.0755     130482          4  0.000e+00
    621.402    614.632     3.6650     3.6645  32.443862  32.442991    6.64504     2.1740 2.4056e+01    -0.0219     0.0000      98.78    97.7062     0.0755     130483          4  0.000e+00
    612.181    605.525     3.6648     3.6650  32.439686  32.439995    6.64177     2.1752 2.2052e+01    -0.0219     0.0000      98.78    97.6800     0.0755     130705          5  0.000e+00
    612.148    605.493     3.6648     3.6648  32.439806  32.440280    6.64173     2.1752 2.0047e+01    -0.0292     0.0000      98.78    97.6800     0.0755     130706          5  0.000e+00
    612.058    605.404     3.6650     3.6650  32.440047  32.440622    6.64655     2.1764 2.2052e+01    -0.0219     0.0000      98.78    97.6800     0.0755     130707          5  0.000e+00
    612.124    605.469     3.6648     3.6650  32.439927  32.439995    6.64170     2.1752 2.2052e+01    -0.0219     0.0000      98.78    97.6800     0.0755     130708          5  0.000e+00
    612.001    605.347     3.6646     3.6650  32.439626  32.439994    6.64656     2.1764 2.2052e+01    -0.0219     0.0000      98.78    97.6800     0.0755     130709          5  0.000e+00
    612.091    605.436     3.6646     3.6648  32.439686  32.440280    6.64664     2.1764 2.2052e+01    -0.0292     0.0000      98.78    97.6800     0.0755     130710          5  0.000e+00
    611.936    605.283     3.6650     3.6650  32.439806  32.439766    6.64645     2.1764 2.2052e+01    -0.0219     0.0000      98.78    97.6800     0.0755     130711          5  0.000e+00
    611.936    605.283     3.6648     3.6652  32.439625  32.440279    6.64154     2.1752 2.2052e+01    -0.0219     0.0000      98.78    97.6800     0.0755     130712          5  0.000e+00
    612.001    605.347     3.6646     3.6650  32.439505  32.439709    6.64656     2.1764 2.2052e+01    -0.0219     0.0000      98.78    97.6800     0.0755     130713          5  0.000e+00
    611.845    605.194     3.6648     3.6650  32.439926  32.440279    6.63651     2.1740 2.2052e+01    -0.0219     0.0000      98.78    97.7062     0.0755     130714          5  0.000e+00
    611.936    605.283     3.6646     3.6652  32.439746  32.439994    6.64156     2.1752 2.2052e+01    -0.0219     0.0000      98.78    97.7062     0.0755     130715          5  0.000e+00
    611.813    605.161     3.6650     3.6650  32.439926  32.440051    6.64138     2.1752 2.2052e+01    -0.0219     0.0000      98.78    97.7062     0.0755     130716          5  0.000e+00
    611.813    605.161     3.6648     3.6652  32.439926  32.439994    6.64635     2.1764 2.2052e+01    -0.0292     0.0000      98.78    97.7062     0.0755     130717          5  0.000e+00
    611.788    605.137     3.6648     3.6650  32.439805  32.439994    6.64633     2.1764 2.2052e+01    -0.0219     0.0000      98.78    97.7062     0.0755     130718          5  0.000e+00
    611.755    605.105     3.6648     3.6647  32.439805  32.439708    6.64630     2.1764 2.2052e+01    -0.0219     0.0000      98.78    97.7324     0.0755     130719          5  0.000e+00
    611.698    605.048     3.6646     3.6650  32.439805  32.440050    6.64627     2.1764 2.2052e+01    -0.0219     0.0000      98.78    97.7062     0.0755     130720          5  0.000e+00
    611.698    605.048     3.6648     3.6648  32.439625  32.439993    6.64625     2.1764 2.2052e+01    -0.0219     0.0000      98.78    97.7062     0.0755     130721          5  0.000e+00
    611.600    604.951     3.6646     3.6648  32.439504  32.439708    6.64620     2.1764 2.2052e+01    -0.0219     0.0000      98.78    97.7062     0.0755     130722          5  0.000e+00
    611.633    604.983     3.6646     3.6648  32.439504  32.439708    6.64622     2.1764 2.2052e+01    -0.0219     0.0000      98.78    97.7062     0.0755     130723          5  0.000e+00
    611.633    604.983     3.6648     3.6648  32.439324  32.440279    6.64621     2.1764 2.2052e+01    -0.0292     0.0000      98.78    97.7062     0.0755     130724          5  0.000e+00
    611.542    604.894     3.6645     3.6648  32.439444  32.440335    6.64616     2.1764 2.2052e+01    -0.0219     0.0000      98.78    97.7062     0.0755     130725          5  0.000e+00
    611.510    604.862     3.6645     3.6647  32.439504  32.439707    6.64613     2.1764 2.2052e+01    -0.0292     0.0000      98.78    97.7062     0.0755     130726          5  0.000e+00
    611.510    604.862     3.6646     3.6648  32.439324  32.440278    6.64612     2.1764 2.2052e+01    -0.0292     0.0000      98.78    97.7324     0.0755     130727          5  0.000e+00
    611.395    604.749     3.6646     3.6648  32.439203  32.439707    6.65095     2.1776 2.2052e+01    -0.0219     0.0000      98.75    97.7062     0.0755     130728          5  0.000e+00
    611.485    604.838     3.6648     3.6648  32.439384  32.439764    6.64607     2.1764 2.2052e+01    -0.0219     0.0000      98.78    97.7062     0.0755     130729          5  0.000e+00
    611.330    604.684     3.6646     3.6647  32.439323  32.439364    6.64596     2.1764 2.2052e+01    -0.0219     0.0000      98.78    97.7062     0.0755     130730          5  0.000e+00
    611.395    604.749     3.6646     3.6648  32.439383  32.439365    6.64601     2.1764 2.2052e+01    -0.0219     0.0000      98.78    97.6800     0.0755     130731          5  0.000e+00
    611.330    604.684     3.6646     3.6647  32.439323  32.439707    6.64596     2.1764 2.2052e+01    -0.0219     0.0000      98.78    97.7062     0.0755     130732          5  0.000e+00
    611.297    604.652     3.6646     3.6648  32.439263  32.439364    6.64099     2.1752 2.2052e+01    -0.0292     0.0000      98.78    97.6800     0.0755     130733          5  0.000e+00
    611.207    604.563     3.6646     3.6647  32.439383  32.439478    6.64584     2.1764 2.2052e+01    -0.0219     0.0000      98.75    97.6800     0.0755     130734          5  0.000e+00
    611.207    604.563     3.6646     3.6647  32.439323  32.439707    6.64584     2.1764 2.2052e+01    -0.0219     0.0000      98.78    97.6800     0.0755     130735          5  0.000e+00
    611.207    604.563     3.6648     3.6647  32.439623  32.439707    6.64087     2.1752 2.2052e+01    -0.0292     0.0000      98.78    97.7062     0.0755     130736          5  0.000e+00
    611.117    604.474     3.6646     3.6647  32.439803  32.439364    6.64573     2.1764 2.2052e+01    -0.0219     0.0000      98.78    97.7062     0.0755     130737          5  0.000e+00
    611.149    604.506     3.6648     3.6647  32.439623  32.439478    6.64575     2.1764 2.2052e+01    -0.0219     0.0000      98.78    97.7062     0.0755     130738          5  0.000e+00
    611.027    604.385     3.6652     3.6650  32.439322  32.439364    6.64561     2.1764 2.2052e+01    -0.0219     0.0000      98.78    97.7324     0.0755     130739          5  0.000e+00
    611.059    604.417     3.6648     3.6648  32.439202  32.439364    6.65062     2.1776 2.2052e+01    -0.0292     0.0000      98.78    97.7062     0.0755     130740          5  0.000e+00
    610.969    604.328     3.6650     3.6648  32.439442  32.439363    6.64557     2.1764 2.2052e+01    -0.0219     0.0000      98.78    97.7062     0.0755     130741          5  0.000e+00
    610.969    604.328     3.6650     3.6647  32.439562  32.439363    6.63077     2.1727 2.2052e+01    -0.0219     0.0000      98.78    97.7062     0.0755     130742          5  0.000e+00
    610.969    604.328     3.6646     3.6648  32.439322  32.439135    6.64562     2.1764 2.2052e+01    -0.0219     0.0000      98.78    97.6800     0.0755     130743          5  0.000e+00
    610.814    604.175     3.6646     3.6648  32.439382  32.439705    6.64548     2.1764 2.2052e+01    -0.0219     0.0000      98.78    97.6800     0.0755     130744          5  0.000e+00
    610.846    604.207     3.6646     3.6648  32.439322  32.439078    6.64551     2.1764 2.2052e+01    -0.0219     0.0000      98.78    97.6800     0.0755     130745          5  0.000e+00
    610.789    604.150     3.6648     3.6648  32.439021  32.439705    6.64545     2.1764 2.2052e+01    -0.0219     0.0000      98.78    97.7062     0.0755     130746          5  0.000e+00
    610.814    604.175     3.6646     3.6647  32.438901  32.439135    6.64550     2.1764 2.2052e+01    -0.0219     0.0000      98.78    97.7062     0.0755     130747          5  0.000e+00
    610.724    604.086     3.6647     3.6647  32.439081  32.439363    6.65033     2.1776 2.2052e+01    -0.0219     0.0000      98.78    97.7324     0.0755     130748          5  0.000e+00
    610.666    604.029     3.6648     3.6650  32.439020  32.439362    6.65027     2.1776 2.2052e+01    -0.0292     0.0000      98.78    97.7062     0.0755     130749          5  0.000e+00
    610.666    604.029     3.6646     3.6648  32.438720  32.439705    6.65031     2.1776 2.2052e+01    -0.0219     0.0000      98.78    97.7062     0.0755     130750          5  0.000e+00
    610.633    603.997     3.6646     3.6650  32.439020  32.439077    6.64533     2.1764 2.0047e+01    -0.0219     0.0000      98.78    97.7062     0.0755     130751          5  0.000e+00
    610.543    603.908     3.6648     3.6650  32.439020  32.439762    6.64029     2.1752 2.2052e+01    -0.0292     0.0000      98.78    97.7062     0.0755     130752          5  0.000e+00
    610.543    603.908     3.6648     3.6650  32.438900  32.439704    6.64030     2.1752 2.0047e+01    -0.0219     0.0000      98.78    97.6800     0.0755     130753          5  0.000e+00
    604.116    597.559     3.6661     3.6661  32.437557  32.437287    6.64418     2.1776 2.4056e+01    -0.0219     0.0000      98.78    97.7062     0.0755     130891          6  0.000e+00
    604.116    597.559     3.6659     3.6660  32.437077  32.437573    6.64423     2.1776 2.2052e+01    -0.0219     0.0000      98.78    97.7062     0.0755     130892          6  0.000e+00
    603.960    597.406     3.6659     3.6661  32.437256  32.437344    6.64408     2.1776 2.2052e+01    -0.0292     0.0000      98.78    97.7062     0.0755     130893          6  0.000e+00
    604.059    597.503     3.6659     3.6661  32.437437  32.437572    6.64415     2.1776 2.2052e+01    -0.0219     0.0000      98.75    97.7062     0.0755     130894          6  0.000e+00
    603.960    597.406     3.6659     3.6660  32.437497  32.437287    6.64899     2.1788 2.2052e+01    -0.0219     0.0000      98.78    97.7062     0.0755     130895          6  0.000e+00
    603.813    597.260     3.6659     3.6660  32.437256  32.437286    6.64394     2.1776 2.2052e+01    -0.0219     0.0000      98.78    97.7062     0.0755     130896          6  0.000e+00
    603.879    597.325     3.6658     3.6661  32.437136  32.437287    6.64403     2.1776 2.2052e+01    -0.0292     0.0000      98.78    97.7324     0.0755     130897          6  0.000e+00
    603.838    597.284     3.6659     3.6660  32.436955  32.437058    6.64398     2.1776 2.2052e+01    -0.0219     0.0000      98.78    97.7062     0.0755     130898          6  0.000e+00
    603.756    597.204     3.6663     3.6660  32.437256  32.437572    6.64384     2.1776 2.2052e+01    -0.0219     0.0000      98.78    97.7324     0.0755     130899          6  0.000e+00
    603.715    597.163     3.6661     3.6661  32.437436  32.437286    6.64382     2.1776 2.2052e+01    -0.0292     0.0000      98.75    97.7062     0.0755     130900          6  0.000e+00
