Ship_data/Irminger/Irminger-2/ctd/process/OOI/at30_004.ros
* Sea-Bird SBE 9 Data File:
* FileName = C:\data\ctd\at30_004.hex
* Software Version Seasave V 7.21f
* Temperature SN = 2265
* Conductivity SN = 3021
* Number of Bytes Per Scan = 40
* Number of Voltage Words = 5
* Number of Scans Averaged by the Deck Unit = 1
* NMEA Latitude = 59 57.06 N
* NMEA Longitude = 039 25.14 W
* NMEA UTC (Time) = Aug 14 2015  14:16:48
# nquan = 17
# nvalues = 539                                   
# units = specified
# name 0 = prDM: Pressure, Digiquartz [db]
# name 1 = depSM: Depth [salt water, m]
# name 2 = t090C: Temperature [ITS-90, deg C]
# name 3 = t190C: Temperature, 2 [ITS-90, deg C]
# name 4 = c0mS/cm: Conductivity [mS/cm]
# name 5 = c1mS/cm: Conductivity, 2 [mS/cm]
# name 6 = sbeox0ML/L: Oxygen, SBE 43 [ml/l]
# name 7 = sbeox0V: Oxygen raw, SBE 43 [V]
# name 8 = spar: SPAR/Surface Irradiance
# name 9 = flECO-AFL: Fluorescence, WET Labs ECO-AFL/FL [mg/m^3]
# name 10 = v2: Voltage 2
# name 11 = altM: Altimeter [m]
# name 12 = CStarTr0: Beam Transmission, WET Labs C-Star [%]
# name 13 = turbWETntu0: Turbidity, WET Labs ECO [NTU]
# name 14 = scan: Scan Count
# name 15 = nbf: Bottles Fired
# name 16 = flag:  0.000e+00
# interval = seconds: 0.0416667
# start_time = Aug 14 2015 14:16:48 [NMEA time, header]
# bad_flag = -9.990e-29
*END*
[from data line 511]
      1.543      1.528     8.2499     8.2804  36.307662  36.335389    6.67019     2.5399 1.6439e+03    -0.0219     0.0000       8.50    94.4363     0.0780     192227         11  0.000e+00
      1.494      1.480     8.2489     8.2804  36.307034  36.336045    6.67029     2.5399 1.6298e+03    -0.0219     0.0000       8.55    94.4624     0.0780     192228         11  0.000e+00
      1.421      1.408     8.2488     8.2798  36.306908  36.335747    6.67024     2.5399 1.5536e+03    -0.0219     0.0000       8.57    94.4363     0.0804     192229         11  0.000e+00
      1.551      1.536     8.2492     8.2800  36.307348  36.336045    6.67028     2.5399 1.4033e+03    -0.0219     0.0000       8.57    94.4363     0.0780     192230         11  0.000e+00
      1.421      1.408     8.2510     8.2802  36.309232  36.336045    6.66988     2.5399 1.2590e+03    -0.0219     0.0000       8.57    94.4363     0.0780     192231         11  0.000e+00
      1.551      1.536     8.2531     8.2801  36.311179  36.336344    6.66966     2.5399 1.2048e+03    -0.0292     0.0000       8.57    94.4363     0.0780     192232         11  0.000e+00
      1.421      1.408     8.2537     8.2771  36.311681  36.335389    6.66542     2.5387 1.2389e+03    -0.0219     0.0000       8.47    94.4101     0.0780     192233         11  0.000e+00
      1.494      1.480     8.2527     8.2701  36.310739  36.335092    6.67372     2.5411 1.3131e+03    -0.0219     0.0000       8.42    94.3839     0.0780     192234         11  0.000e+00
      1.486      1.472     8.2520     8.2657  36.310425  36.331157    6.67381     2.5411 1.3852e+03    -0.0292     0.0000       8.42    94.3839     0.0780     192235         11  0.000e+00
      1.551      1.536     8.2523     8.2634  36.310928  36.325673    6.66976     2.5399 1.4474e+03    -0.0219     0.0000       8.42    94.4101     0.0780     192236         11  0.000e+00
      1.421      1.408     8.2530     8.2627  36.310864  36.322453    6.66957     2.5399 1.4995e+03    -0.0219     0.0000       8.45    94.4101     0.0780     192237         11  0.000e+00
      1.543      1.528     8.2535     8.2620  36.311681  36.320784    6.66959     2.5399 1.5436e+03    -0.0219     0.0000       8.57    94.4101     0.0780     192238         11  0.000e+00
      1.494      1.480     8.2541     8.2624  36.312749  36.320784    6.66942     2.5399 1.5797e+03    -0.0219     0.0000       8.62    94.4363     0.0780     192239         11  0.000e+00
      1.543      1.528     8.2549     8.2624  36.313440  36.320128    6.66934     2.5399 1.6078e+03    -0.0219     0.0000       8.62    94.4363     0.0780     192240         11  0.000e+00
      1.494      1.480     8.2563     8.2630  36.314570  36.320485    6.66909     2.5399 1.6278e+03    -0.0219     0.0000       8.62    94.4624     0.0780     192241         11  0.000e+00
      1.543      1.528     8.2576     8.2630  36.316077  36.320784    6.66891     2.5399 1.6398e+03    -0.0219     0.0000       8.62    94.4624     0.0780     192242         11  0.000e+00
      1.494      1.480     8.2582     8.2637  36.316328  36.320783    6.67283     2.5411 1.6479e+03    -0.0219     0.0000       8.64    94.4363     0.0780     192243         11  0.000e+00
      1.543      1.528     8.2577     8.2641  36.316266  36.321141    6.67292     2.5411 1.6519e+03    -0.0292     0.0000       8.64    94.4363     0.0780     192244         11  0.000e+00
      1.551      1.536     8.2571     8.2645  36.316203  36.322095    6.67301     2.5411 1.6599e+03    -0.0219     0.0000       8.64    94.4363     0.0804     192245         11  0.000e+00
      1.543      1.528     8.2567     8.2640  36.315261  36.322095    6.66500     2.5387 1.6679e+03    -0.0219     0.0000       8.64    94.4363     0.0780     192246         11  0.000e+00
      1.494      1.480     8.2561     8.2640  36.314695  36.321141    6.66910     2.5399 1.6739e+03    -0.0219     0.0000       8.67    94.4363     0.0780     192247         11  0.000e+00
      1.599      1.584     8.2558     8.2652  36.314570  36.321201    6.66924     2.5399 1.6779e+03    -0.0219     0.0000       8.72    94.4624     0.0804     192248         11  0.000e+00
      1.543      1.528     8.2560     8.2650  36.314193  36.322453    6.65706     2.5362 1.6799e+03    -0.0219     0.0000       8.72    94.4624     0.0780     192249         11  0.000e+00
      1.551      1.536     8.2561     8.2660  36.314005  36.322453    6.66918     2.5399 1.6779e+03    -0.0219     0.0000       8.72    94.4624     0.0780     192250         11  0.000e+00
      1.543      1.528     8.2564     8.2668  36.314884  36.322751    6.66909     2.5399 1.6759e+03    -0.0219     0.0000       8.72    94.4886     0.0780     192251         11  0.000e+00
      1.607      1.592     8.2577     8.2679  36.315701  36.323705    6.66896     2.5399 1.6739e+03    -0.0219     0.0000       8.72    94.4624     0.0780     192252         11  0.000e+00
      1.543      1.528     8.2589     8.2685  36.316831  36.325314    6.66872     2.5399 1.6719e+03    -0.0219     0.0000       8.72    94.4886     0.0780     192253         11  0.000e+00
      1.607      1.592     8.2600     8.2685  36.318087  36.326626    6.66859     2.5399 1.6739e+03    -0.0219     0.0000       8.72    94.4624     0.0780     192254         11  0.000e+00
