Ship_data/Irminger/Irminger-2/ctd/process/OOI/at30_013.ros
* Sea-Bird SBE 9 Data File:
* FileName = C:\data\ctd\at30_013.hex
* Software Version Seasave V 7.21f
* Temperature SN = 2265
* Conductivity SN = 3021
* Number of Bytes Per Scan = 40
* Number of Voltage Words = 5
* Number of Scans Averaged by the Deck Unit = 1
* NMEA Latitude = 59 53.87 N
* NMEA Longitude = 039 34.33 W
* NMEA UTC (Time) = Aug 23 2015  21:20:25
** cal / val for SUMO 2
# nquan = 17
# nvalues = 539                                   
# units = specified
# name 0 = prDM: Pressure, Digiquartz [db]
# name 1 = depSM: Depth [salt water, m]
# name 2 = t090C: Temperature [ITS-90, deg C]
# name 3 = t190C: Temperature, 2 [ITS-90, deg C]
# name 4 = c0mS/cm: Conductivity [mS/cm]
# name 5 = c1mS/cm: Conductivity, 2 [mS/cm]
# name 6 = sbeox0ML/L: Oxygen, SBE 43 [ml/l]
# name 7 = sbeox0V: Oxygen raw, SBE 43 [V]
# name 8 = spar: SPAR/Surface Irradiance
# name 9 = flECO-AFL: Fluorescence, WET Labs ECO-AFL/FL [mg/m^3]
# name 10 = v2: Voltage 2
# name 11 = altM: Altimeter [m]
# name 12 = CStarTr0: Beam Transmission, WET Labs C-Star [%]
# name 13 = turbWETntu0: Turbidity, WET Labs ECO [NTU]
# name 14 = scan: Scan Count
# name 15 = nbf: Bottles Fired
# name 16 = flag:  0.000e+00
# interval = seconds: 0.0416667
# start_time = Aug 23 2015 21:20:25 [NMEA time, header]
# bad_flag = -9.990e-29
*END*
[from data line 86]
   1013.044   1001.059     3.5802     3.5806  32.530071  32.529763    6.53923     2.0634 2.6061e+01    -0.0585     0.0000      98.73    97.7847     0.0682      62879          2  0.000e+00
   1012.995   1001.011     3.5802     3.5810  32.529890  32.530105    6.53919     2.0634 2.8066e+01    -0.0512     0.0000      98.73    97.7585     0.0682      62880          2  0.000e+00
   1012.987   1001.002     3.5802     3.5810  32.529830  32.529763    6.53919     2.0634 2.6061e+01    -0.0512     0.0000      98.73    97.7585     0.0658      62881          2  0.000e+00
   1012.921   1000.937     3.5804     3.5808  32.529830  32.530391    6.53911     2.0634 2.6061e+01    -0.0512     0.0000      98.73    97.7585     0.0682      62882          2  0.000e+00
   1012.937   1000.954     3.5802     3.5810  32.530071  32.530391    6.53392     2.0621 2.6061e+01    -0.0512     0.0000      98.73    97.7847     0.0682      62883          2  0.000e+00
   1012.921   1000.938     3.5804     3.5810  32.530010  32.530391    6.53387     2.0621 2.6061e+01    -0.0585     0.0000      98.73    97.7585     0.0682      62884          2  0.000e+00
   1012.921   1000.938     3.5801     3.5808  32.529709  32.529762    6.53394     2.0621 2.6061e+01    -0.0512     0.0000      98.73    97.7585     0.0682      62885          2  0.000e+00
   1012.797   1000.816     3.5802     3.5810  32.530010  32.530048    6.53379     2.0621 2.6061e+01    -0.0512     0.0000      98.73    97.7585     0.0682      62886          2  0.000e+00
   1012.871   1000.889     3.5804     3.5811  32.530010  32.530391    6.53383     2.0621 2.6061e+01    -0.0512     0.0000      98.73    97.7585     0.0682      62887          2  0.000e+00
   1012.797   1000.816     3.5806     3.5811  32.530070  32.530048    6.53897     2.0634 2.8066e+01    -0.0512     0.0000      98.73    97.7585     0.0682      62888          2  0.000e+00
   1012.740   1000.759     3.5805     3.5811  32.530070  32.529762    6.53892     2.0634 2.6061e+01    -0.0512     0.0000      98.73    97.7847     0.0682      62889          2  0.000e+00
   1012.756   1000.775     3.5807     3.5810  32.529950  32.530390    6.53369     2.0621 2.6061e+01    -0.0512     0.0000      98.73    97.7585     0.0658      62890          2  0.000e+00
    505.554    500.181     3.8293     3.8301  32.549587  32.550213    6.49341     2.1684 2.6061e+01    -0.0512     0.0000      98.73    97.7585     0.0682      77000          3  0.000e+00
    505.546    500.173     3.8293     3.8301  32.549647  32.550555    6.48856     2.1671 2.6061e+01    -0.0512     0.0000      98.73    97.7585     0.0682      77001          3  0.000e+00
    505.604    500.229     3.8295     3.8300  32.549768  32.550498    6.49342     2.1684 2.6061e+01    -0.0512     0.0000      98.73    97.7585     0.0682      77002          3  0.000e+00
    505.620    500.245     3.8295     3.8299  32.549888  32.550270    6.49343     2.1684 2.6061e+01    -0.0585     0.0000      98.73    97.7585     0.0658      77003          3  0.000e+00
    505.604    500.229     3.8292     3.8299  32.549708  32.550213    6.49346     2.1684 2.6061e+01    -0.0512     0.0000      98.73    97.7585     0.0658      77004          3  0.000e+00
    505.661    500.286     3.8293     3.8297  32.549407  32.550270    6.49351     2.1684 2.6061e+01    -0.0512     0.0000      98.73    97.7324     0.0658      77005          3  0.000e+00
    505.620    500.246     3.8292     3.8296  32.549347  32.549870    6.49349     2.1684 2.6061e+01    -0.0512     0.0000      98.73    97.7585     0.0682      77006          3  0.000e+00
    505.661    500.286     3.8293     3.8297  32.549467  32.550270    6.49351     2.1684 2.6061e+01    -0.0512     0.0000      98.73    97.7585     0.0682      77007          3  0.000e+00
    505.734    500.359     3.8290     3.8296  32.549588  32.550499    6.49360     2.1684 2.6061e+01    -0.0512     0.0000      98.73    97.7585     0.0658      77008          3  0.000e+00
    505.726    500.351     3.8290     3.8296  32.549407  32.550270    6.48877     2.1671 2.4056e+01    -0.0512     0.0000      98.73    97.7585     0.0658      77009          3  0.000e+00
    505.661    500.286     3.8289     3.8298  32.549287  32.550499    6.49357     2.1684 2.6061e+01    -0.0585     0.0000      98.73    97.7585     0.0682      77010          3  0.000e+00
    505.800    500.423     3.8290     3.8297  32.549107  32.550213    6.49369     2.1684 2.6061e+01    -0.0512     0.0000      98.73    97.7585     0.0682      77011          3  0.000e+00
    505.726    500.351     3.8289     3.8296  32.549407  32.550270    6.49362     2.1684 2.6061e+01    -0.0512     0.0000      98.73    97.7585     0.0682      77012          3  0.000e+00
    505.784    500.407     3.8290     3.8296  32.549407  32.550213    6.49366     2.1684 2.6061e+01    -0.0512     0.0000      98.73    97.7585     0.0682      77013          3  0.000e+00
    505.800    500.423     3.8288     3.8293  32.549287  32.550556    6.49370     2.1684 2.6061e+01    -0.0512     0.0000      98.73    97.7585     0.0682      77014          3  0.000e+00
    505.849    500.472     3.8289     3.8293  32.549468  32.550214    6.49373     2.1684 2.6061e+01    -0.0585     0.0000      98.73    97.7585     0.0658      77015          3  0.000e+00
    505.784    500.407     3.8286     3.8296  32.549408  32.549699    6.49370     2.1684 2.6061e+01    -0.0512     0.0000      98.73    97.7585     0.0658      77016          3  0.000e+00
    505.923    500.545     3.8290     3.8293  32.549348  32.550214    6.49377     2.1684 2.6061e+01    -0.0512     0.0000      98.73    97.7585     0.0682      77017          3  0.000e+00
    505.849    500.472     3.8288     3.8291  32.549468  32.549985    6.48889     2.1671 2.6061e+01    -0.0512     0.0000      98.73    97.7324     0.0682      77018          3  0.000e+00
    505.906    500.529     3.8289     3.8294  32.549408  32.549299    6.49378     2.1684 2.6061e+01    -0.0512     0.0000      98.73    97.7585     0.0682      77019          3  0.000e+00
    505.923    500.545     3.8288     3.8290  32.549107  32.549357    6.49381     2.1684 2.6061e+01    -0.0512     0.0000      98.73    97.7585     0.0682      77020          3  0.000e+00
    505.964    500.585     3.8290     3.8291  32.549649  32.549871    6.49379     2.1684 2.6061e+01    -0.0512     0.0000      98.73    97.7585     0.0682      77021          3  0.000e+00
    505.906    500.529     3.8288     3.8290  32.549709  32.549699    6.49377     2.1684 2.6061e+01    -0.0512     0.0000      98.73    97.7585     0.0682      77022          3  0.000e+00
    505.980    500.601     3.8289     3.8290  32.549167  32.549871    6.49385     2.1684 2.6061e+01    -0.0512     0.0000      98.73    97.7324     0.0658      77023          3  0.000e+00
    506.029    500.650     3.8286     3.8288  32.549168  32.549300    6.49392     2.1684 2.6061e+01    -0.0512     0.0000      98.73    97.7324     0.0682      77024          3  0.000e+00
    505.980    500.601     3.8286     3.8288  32.548866  32.549357    6.49390     2.1684 2.6061e+01    -0.0512     0.0000      98.73    97.7324     0.0682      77025          3  0.000e+00
    506.029    500.650     3.8284     3.8286  32.548686  32.549586    6.49398     2.1684 2.6061e+01    -0.0512     0.0000      98.73    97.7324     0.0682      77026          3  0.000e+00
    506.029    500.650     3.8282     3.8286  32.548686  32.549357    6.49401     2.1684 2.6061e+01    -0.0512     0.0000      98.73    97.7324     0.0658      77027          3  0.000e+00
    506.103    500.723     3.8282     3.8288  32.548747  32.549586    6.48922     2.1671 2.6061e+01    -0.0512     0.0000      98.73    97.7324     0.0682      77028          3  0.000e+00
    506.087    500.707     3.8284     3.8285  32.548867  32.549071    6.49402     2.1684 2.6061e+01    -0.0512     0.0000      98.73    97.7324     0.0658      77029          3  0.000e+00
    506.152    500.771     3.8282     3.8288  32.548987  32.549300    6.49409     2.1684 2.6061e+01    -0.0512     0.0000      98.73    97.7062     0.0682      77030          3  0.000e+00
    506.103    500.723     3.8285     3.8286  32.548987  32.549071    6.48917     2.1671 2.6061e+01    -0.0512     0.0000      98.73    97.7062     0.0658      77031          3  0.000e+00
    506.152    500.771     3.8284     3.8288  32.549168  32.549872    6.49406     2.1684 2.6061e+01    -0.0512     0.0000      98.73    97.7062     0.0658      77032          3  0.000e+00
    506.152    500.771     3.8285     3.8286  32.549288  32.549357    6.49403     2.1684 2.6061e+01    -0.0512     0.0000      98.73    97.7062     0.0658      77033          3  0.000e+00
    506.160    500.779     3.8284     3.8286  32.549529  32.549300    6.49404     2.1684 2.6061e+01    -0.0512     0.0000      98.73    97.7062     0.0682      77034          3  0.000e+00
    506.209    500.828     3.8288     3.8286  32.549589  32.549700    6.49403     2.1684 2.4056e+01    -0.0512     0.0000      98.73    97.6800     0.0682      77035          3  0.000e+00
    506.209    500.828     3.8286     3.8288  32.549409  32.549300    6.49407     2.1684 2.6061e+01    -0.0512     0.0000      98.73    97.6277     0.0682      77036          3  0.000e+00
    506.226    500.844     3.8285     3.8290  32.549289  32.549586    6.49410     2.1684 2.6061e+01    -0.0585     0.0000      98.73    97.6277     0.0658      77037          3  0.000e+00
    506.209    500.828     3.8288     3.8288  32.549288  32.549700    6.48921     2.1671 2.6061e+01    -0.0512     0.0000      98.73    97.6539     0.0658      77038          3  0.000e+00
    506.267    500.885     3.8286     3.8288  32.549529  32.549586    6.49411     2.1684 2.6061e+01    -0.0512     0.0000      98.73    97.6800     0.0658      77039          3  0.000e+00
    506.283    500.901     3.8286     3.8286  32.549409  32.549072    6.49412     2.1684 2.6061e+01    -0.0439     0.0000      98.73    97.7062     0.0658      77040          3  0.000e+00
    506.267    500.885     3.8284     3.8288  32.549469  32.549301    6.49414     2.1684 2.6061e+01    -0.0512     0.0000      98.73    97.7324     0.0658      77041          3  0.000e+00
    506.267    500.885     3.8286     3.8288  32.549409  32.549358    6.48927     2.1671 2.6061e+01    -0.0512     0.0000      98.73    97.7324     0.0682      77042          3  0.000e+00
    506.340    500.957     3.8286     3.8290  32.549289  32.549872    6.48935     2.1671 2.6061e+01    -0.0512     0.0000      98.73    97.7585     0.0682      77043          3  0.000e+00
    506.267    500.885     3.8284     3.8290  32.549349  32.549358    6.49415     2.1684 2.6061e+01    -0.0512     0.0000      98.73    97.7585     0.0658      77044          3  0.000e+00
    506.332    500.949     3.8286     3.8290  32.549289  32.549872    6.48934     2.1671 2.6061e+01    -0.0585     0.0000      98.73    97.7585     0.0682      77045          3  0.000e+00
    506.406    501.022     3.8286     3.8290  32.548868  32.549358    6.49426     2.1684 2.6061e+01    -0.0512     0.0000      98.73    97.7585     0.0682      77046          3  0.000e+00
    506.332    500.949     3.8286     3.8288  32.549108  32.549872    6.49419     2.1684 2.6061e+01    -0.0512     0.0000      98.73    97.7585     0.0658      77047          3  0.000e+00
    506.389    501.006     3.8285     3.8290  32.549470  32.549358    6.48938     2.1671 2.6061e+01    -0.0512     0.0000      98.73    97.7585     0.0658      77048          3  0.000e+00
    252.676    250.142     4.3428     4.3434  32.930814  32.931272    6.40741     2.2247 2.4056e+01    -0.0512     0.0000      98.73    97.6016     0.0658      85611          4  0.000e+00
    252.668    250.134     4.3430     4.3433  32.930874  32.931445    6.40738     2.2247 2.4056e+01    -0.0512     0.0000      98.73    97.6016     0.0658      85612          4  0.000e+00
    252.725    250.191     4.3428     4.3433  32.930693  32.931445    6.40746     2.2247 2.4056e+01    -0.0512     0.0000      98.73    97.6277     0.0682      85613          4  0.000e+00
    252.619    250.086     4.3430     4.3432  32.931055  32.931272    6.40733     2.2247 2.4056e+01    -0.0512     0.0000      98.73    97.6277     0.0658      85614          4  0.000e+00
    252.725    250.191     4.3430     4.3428  32.931056  32.930813    6.40742     2.2247 2.4056e+01    -0.0512     0.0000      98.73    97.6539     0.0682      85615          4  0.000e+00
    252.676    250.143     4.3428     4.3427  32.930874  32.930985    6.40740     2.2247 2.6061e+01    -0.0512     0.0000      98.73    97.6800     0.0682      85616          4  0.000e+00
    252.668    250.134     4.3428     4.3427  32.930874  32.930813    6.40740     2.2247 2.4056e+01    -0.0512     0.0000      98.73    97.6800     0.0682      85617          4  0.000e+00
    252.668    250.134     4.3428     4.3430  32.930512  32.930526    6.40281     2.2235 2.6061e+01    -0.0512     0.0000      98.73    97.6800     0.0658      85618          4  0.000e+00
    252.676    250.143     4.3428     4.3432  32.930512  32.930641    6.40742     2.2247 2.4056e+01    -0.0512     0.0000      98.73    97.6800     0.0682      85619          4  0.000e+00
    252.725    250.191     4.3427     4.3430  32.930633  32.931445    6.40748     2.2247 2.4056e+01    -0.0512     0.0000      98.73    97.6539     0.0682      85620          4  0.000e+00
    252.676    250.143     4.3425     4.3432  32.930753  32.931100    6.40745     2.2247 2.4056e+01    -0.0512     0.0000      98.73    97.6539     0.0658      85621          4  0.000e+00
    252.668    250.135     4.3426     4.3435  32.930693  32.930985    6.40743     2.2247 2.4056e+01    -0.0512     0.0000      98.73    97.6539     0.0682      85622          4  0.000e+00
    252.668    250.135     4.3425     4.3435  32.930632  32.931100    6.40745     2.2247 2.4056e+01    -0.0512     0.0000      98.73    97.6539     0.0682      85623          4  0.000e+00
    252.676    250.143     4.3427     4.3433  32.930451  32.931559    6.40744     2.2247 2.4056e+01    -0.0512     0.0000      98.73    97.6539     0.0682      85624          4  0.000e+00
    252.725    250.191     4.3420     4.3435  32.930330  32.931445    6.40757     2.2247 2.4056e+01    -0.0512     0.0000      98.73    97.6539     0.0682      85625          4  0.000e+00
    252.676    250.143     4.3423     4.3435  32.930330  32.931445    6.40288     2.2235 2.4056e+01    -0.0512     0.0000      98.73    97.6539     0.0682      85626          4  0.000e+00
    252.668    250.135     4.3425     4.3436  32.930270  32.931272    6.40285     2.2235 2.4056e+01    -0.0512     0.0000      98.73    97.6539     0.0682      85627          4  0.000e+00
    252.725    250.191     4.3430     4.3438  32.930512  32.931732    6.40283     2.2235 2.4056e+01    -0.0512     0.0000      98.73    97.6800     0.0658      85628          4  0.000e+00
    252.733    250.199     4.3434     4.3438  32.931056  32.931445    6.40275     2.2235 2.4056e+01    -0.0512     0.0000      98.73    97.6800     0.0682      85629          4  0.000e+00
    252.668    250.135     4.3436     4.3438  32.931176  32.931846    6.40267     2.2235 2.4056e+01    -0.0585     0.0000      98.73    97.6800     0.0682      85630          4  0.000e+00
    252.676    250.143     4.3433     4.3438  32.930995  32.931732    6.40272     2.2235 2.4056e+01    -0.0512     0.0000      98.73    97.6539     0.0658      85631          4  0.000e+00
    252.725    250.191     4.3433     4.3440  32.930935  32.931559    6.40277     2.2235 2.4056e+01    -0.0512     0.0000      98.73    97.6800     0.0682      85632          4  0.000e+00
    252.733    250.199     4.3430     4.3438  32.930754  32.931732    6.40282     2.2234 2.6061e+01    -0.0512     0.0000      98.73    97.6539     0.0658      85633          4  0.000e+00
