Ship_data/Irminger/Irminger-2/ctd/process/OOI/at30_007.cnv
* Sea-Bird SBE 9 Data File:
* FileName = C:\data\ctd\at30_007.hex
* Software Version Seasave V 7.21f
* Temperature SN = 2265
* Conductivity SN = 3021
* Number of Bytes Per Scan = 40
* Number of Voltage Words = 5
* Number of Scans Averaged by the Deck Unit = 1
* NMEA Latitude = 59 46.29 N
* NMEA Longitude = 039 52.92 W
* NMEA UTC (Time) = Aug 17 2015  23:01:49
** Site of FLMA 2015 -- need to confirm bottom depth
# nquan = 21
# nvalues = 2720                        
# units = specified
# name 0 = prDM: Pressure, Digiquartz [db]
# name 1 = depSM: Depth [salt water, m]
# name 2 = t090C: Temperature [ITS-90, deg C]
# name 3 = t190C: Temperature, 2 [ITS-90, deg C]
# name 4 = c0mS/cm: Conductivity [mS/cm]
# name 5 = c1mS/cm: Conductivity, 2 [mS/cm]
# name 6 = sbeox0ML/L: Oxygen, SBE 43 [ml/l]
# name 7 = sbeox0V: Oxygen raw, SBE 43 [V]
# name 8 = spar: SPAR/Surface Irradiance
# name 9 = flECO-AFL: Fluorescence, WET Labs ECO-AFL/FL [mg/m^3]
# name 10 = v2: Voltage 2
# name 11 = altM: Altimeter [m]
# name 12 = CStarTr0: Beam Transmission, WET Labs C-Star [%]
# name 13 = turbWETntu0: Turbidity, WET Labs ECO [NTU]
# name 14 = scan: Scan Count
# name 15 = sbeox0ML/L: Oxygen, SBE 43 [ml/l], WS = 2
# name 16 = sbeox0dOV/dT: Oxygen, SBE 43 [dov/dt], WS = 2
# name 17 = sal00: Salinity, Practical [PSU]
# name 18 = sal11: Salinity, Practical, 2 [PSU]
# name 19 = nbin: number of scans per bin
# name 20 = flag: flag
# span 0 =      2.000,   2722.000       
# span 1 =      1.981,   2679.045       
# span 2 =     1.4894,     8.5917       
# span 3 =     1.4904,     8.5925       
# span 4 =  31.398456,  36.631599       
# span 5 =  31.399026,  36.631436       
# span 6 =    6.01160,    6.94264       
# span 7 =     1.6864,     2.5338       
# span 8 = 2.1820e+01, 2.3786e+01       
# span 9 =    -0.0363,     1.5522       
# span 10 =     0.0000,     0.0000      
# span 11 =       8.30,      99.96      
# span 12 =    93.8862,    97.8162      
# span 13 =     0.0744,     0.1690      
# span 14 =        716,     153168      
# span 15 =    6.01134,    6.94297      
# span 16 =    0.00000,    0.00000      
# span 17 =    34.8553,    34.9334      
# span 18 =    34.8534,    34.9332      
# span 19 =         29,        136      
# span 20 = 0.0000e+00, 0.0000e+00      
# interval = decibars: 2                
# start_time = Aug 17 2015 23:01:49 [NMEA time, header]
# bad_flag = -9.990e-29
*END*
[from data line 2483]
    474.000    469.002     3.6912     3.6907  32.403839  32.403598    6.63685     2.2051 2.2006e+01    -0.0231     0.0000      98.78    97.7386     0.0755     133983    6.63662    0.00000    34.8932    34.8934         44 0.0000e+00
    472.000    467.026     3.6929     3.6918  32.404705  32.403825    6.63355     2.2048 2.2050e+01    -0.0227     0.0000      98.78    97.7225     0.0755     134033    6.63343    0.00000    34.8934    34.8935         58 0.0000e+00
    470.000    465.049     3.6944     3.6932  32.405175  32.404183    6.63212     2.2048 2.2052e+01    -0.0227     0.0000      98.78    97.7337     0.0755     134090    6.63144    0.00000    34.8935    34.8936         47 0.0000e+00
    468.000    463.072     3.6957     3.6956  32.405537  32.405470    6.62993     2.2049 2.2052e+01    -0.0230     0.0000      98.78    97.7302     0.0755     134128    6.62971    0.00000    34.8936    34.8937         33 0.0000e+00
    466.000    461.095     3.6962     3.6959  32.405197  32.405153    6.63315     2.2062 2.2103e+01    -0.0234     0.0000      98.78    97.7299     0.0755     134161    6.63305    0.00000    34.8937    34.8940         38 0.0000e+00
    464.000    459.119     3.6962     3.6960  32.404479  32.404431    6.63855     2.2080 2.2024e+01    -0.0234     0.0000      98.78    97.7282     0.0755     134217    6.63845    0.00000    34.8939    34.8941         69 0.0000e+00
    462.000    457.142     3.6970     3.6968  32.404207  32.404242    6.63629     2.2079 2.2053e+01    -0.0230     0.0000      98.78    97.7339     0.0755     134279    6.63622    0.00000    34.8939    34.8941         53 0.0000e+00
    460.000    455.165     3.6999     3.6989  32.405974  32.405300    6.63704     2.2087 2.2152e+01    -0.0230     0.0000      98.78    97.7395     0.0755     134326    6.63700    0.00000    34.8940    34.8942         41 0.0000e+00
    458.000    453.188     3.7007     3.7003  32.405963  32.405761    6.63652     2.2090 2.2052e+01    -0.0225     0.0000      98.78    97.7398     0.0755     134362    6.63637    0.00000    34.8942    34.8944         34 0.0000e+00
    456.000    451.212     3.7014     3.7012  32.405769  32.405879    6.63987     2.2103 2.1981e+01    -0.0236     0.0000      98.77    97.7394     0.0755     134403    6.63980    0.00000    34.8943    34.8946         53 0.0000e+00
    454.000    449.235     3.7011     3.7013  32.404732  32.405209    6.64348     2.2117 2.2057e+01    -0.0225     0.0000      98.78    97.7387     0.0755     134468    6.64338    0.00000    34.8944    34.8947         63 0.0000e+00
    452.000    447.258     3.7025     3.7024  32.405137  32.404984    6.64057     2.2114 2.2108e+01    -0.0237     0.0000      98.78    97.7400     0.0755     134514    6.64038    0.00000    34.8944    34.8944         36 0.0000e+00
    450.000    445.281     3.7035     3.7033  32.405103  32.405041    6.63627     2.2108 2.1993e+01    -0.0232     0.0000      98.78    97.7336     0.0755     134548    6.63602    0.00000    34.8945    34.8946         33 0.0000e+00
    448.000    443.304     3.7039     3.7038  32.404797  32.404858    6.63617     2.2112 2.2047e+01    -0.0229     0.0000      98.78    97.7392     0.0755     134592    6.63593    0.00000    34.8947    34.8949         62 0.0000e+00
    446.000    441.327     3.7050     3.7045  32.404899  32.404605    6.63266     2.2108 2.2015e+01    -0.0233     0.0000      98.78    97.7331     0.0755     134658    6.63249    0.00000    34.8948    34.8949         57 0.0000e+00
    444.000    439.350     3.7081     3.7076  32.406965  32.406532    6.62996     2.2108 2.2105e+01    -0.0240     0.0000      98.78    97.7481     0.0755     134703    6.62985    0.00000    34.8949    34.8950         38 0.0000e+00
    442.000    437.373     3.7089     3.7087  32.406813  32.406936    6.63294     2.2120 2.2233e+01    -0.0235     0.0000      98.78    97.7330     0.0755     134741    6.63279    0.00000    34.8950    34.8954         43 0.0000e+00
    440.000    435.396     3.7096     3.7088  32.406621  32.406079    6.63646     2.2133 2.1970e+01    -0.0229     0.0000      98.78    97.7481     0.0755     134794    6.63626    0.00000    34.8951    34.8953         55 0.0000e+00
    438.000    433.419     3.7103     3.7103  32.406399  32.406514    6.63426     2.2133 2.2101e+01    -0.0236     0.0000      98.78    97.7406     0.0755     134841    6.63413    0.00000    34.8951    34.8954         42 0.0000e+00
    436.000    431.442     3.7109     3.7107  32.405953  32.406201    6.63618     2.2142 2.1973e+01    -0.0234     0.0000      98.78    97.7347     0.0755     134884    6.63603    0.00000    34.8951    34.8956         48 0.0000e+00
    434.000    429.465     3.7105     3.7108  32.404877  32.405417    6.63798     2.2151 2.1972e+01    -0.0228     0.0000      98.78    97.7263     0.0755     134935    6.63782    0.00000    34.8952    34.8957         50 0.0000e+00
    432.000    427.488     3.7108     3.7107  32.404181  32.404374    6.63781     2.2155 2.2093e+01    -0.0236     0.0000      98.78    97.7277     0.0755     134982    6.63768    0.00000    34.8952    34.8955         47 0.0000e+00
    430.000    425.511     3.7122     3.7113  32.404616  32.404076    6.63524     2.2154 2.2089e+01    -0.0237     0.0000      98.78    97.7363     0.0755     135035    6.63516    0.00000    34.8953    34.8957         54 0.0000e+00
    428.000    423.534     3.7129     3.7125  32.404484  32.404155    6.63494     2.2158 2.1998e+01    -0.0230     0.0000      98.78    97.7379     0.0755     135080    6.63491    0.00000    34.8955    34.8955         38 0.0000e+00
    426.000    421.557     3.7152     3.7142  32.405653  32.404944    6.63736     2.2169 2.2101e+01    -0.0236     0.0000      98.78    97.7275     0.0755     135116    6.63729    0.00000    34.8955    34.8958         38 0.0000e+00
    424.000    419.580     3.7149     3.7150  32.404704  32.405022    6.63868     2.2177 2.2051e+01    -0.0232     0.0000      98.78    97.7190     0.0755     135171    6.63856    0.00000    34.8957    34.8960         67 0.0000e+00
    422.000    417.603     3.7164     3.7161  32.405089  32.405124    6.63401     2.2170 2.2149e+01    -0.0236     0.0000      98.78    97.7329     0.0755     135225    6.63379    0.00000    34.8957    34.8960         42 0.0000e+00
    420.000    415.626     3.7177     3.7172  32.405420  32.405246    6.63472     2.2177 2.2054e+01    -0.0229     0.0000      98.78    97.7341     0.0755     135266    6.63443    0.00000    34.8958    34.8961         43 0.0000e+00
    418.000    413.648     3.7178     3.7177  32.404733  32.404928    6.63482     2.2181 2.2013e+01    -0.0233     0.0000      98.78    97.7350     0.0755     135315    6.63457    0.00000    34.8959    34.8963         52 0.0000e+00
    416.000    411.671     3.7182     3.7181  32.404196  32.404292    6.63613     2.2189 2.1969e+01    -0.0234     0.0000      98.78    97.7393     0.0755     135366    6.63584    0.00000    34.8959    34.8961         49 0.0000e+00
    414.000    409.694     3.7193     3.7191  32.404310  32.404425    6.63182     2.2183 2.1952e+01    -0.0230     0.0000      98.78    97.7322     0.0755     135410    6.63163    0.00000    34.8960    34.8963         40 0.0000e+00
    412.000    407.717     3.7198     3.7195  32.403864  32.403847    6.63610     2.2199 2.1963e+01    -0.0230     0.0000      98.78    97.7324     0.0755     135451    6.63591    0.00000    34.8960    34.8963         45 0.0000e+00
    410.000    405.740     3.7207     3.7199  32.403936  32.403430    6.63970     2.2213 2.2086e+01    -0.0235     0.0000      98.78    97.7399     0.0755     135501    6.63940    0.00000    34.8962    34.8964         55 0.0000e+00
    408.000    403.762     3.7227     3.7219  32.404913  32.404355    6.63469     2.2206 2.2052e+01    -0.0228     0.0000      98.78    97.7204     0.0755     135555    6.63449    0.00000    34.8963    34.8965         50 0.0000e+00
    406.000    401.785     3.7244     3.7236  32.405645  32.405018    6.63313     2.2207 2.2097e+01    -0.0236     0.0000      98.78    97.6965     0.0755     135601    6.63299    0.00000    34.8964    34.8966         44 0.0000e+00
    404.000    399.808     3.7253     3.7247  32.405623  32.405427    6.63228     2.2210 2.2016e+01    -0.0225     0.0000      98.78    97.7230     0.0755     135647    6.63218    0.00000    34.8966    34.8969         51 0.0000e+00
    402.000    397.830     3.7261     3.7254  32.405576  32.405170    6.63441     2.2220 2.1970e+01    -0.0234     0.0000      98.78    97.7366     0.0755     135701    6.63429    0.00000    34.8967    34.8969         50 0.0000e+00
    400.000    395.853     3.7273     3.7272  32.405696  32.405794    6.63058     2.2215 2.1997e+01    -0.0231     0.0000      98.77    97.7304     0.0755     135743    6.63055    0.00000    34.8967    34.8969         36 0.0000e+00
    398.000    393.876     3.7274     3.7273  32.405011  32.405208    6.63332     2.2227 2.2097e+01    -0.0226     0.0000      98.78    97.7200     0.0755     135779    6.63326    0.00000    34.8968    34.8971         41 0.0000e+00
    396.000    391.898     3.7276     3.7271  32.404335  32.404148    6.64074     2.2250 2.1981e+01    -0.0230     0.0000      98.78    97.7204     0.0755     135831    6.64064    0.00000    34.8969    34.8972         58 0.0000e+00
    394.000    389.921     3.7297     3.7298  32.405491  32.405708    6.63903     2.2250 2.2014e+01    -0.0242     0.0000      98.78    97.7245     0.0755     135886    6.63832    0.00000    34.8970    34.8972         53 0.0000e+00
    392.000    387.943     3.7322     3.7317  32.406944  32.406709    6.63848     2.2255 2.2053e+01    -0.0236     0.0000      98.78    97.7326     0.0755     135939    6.63839    0.00000    34.8972    34.8975         50 0.0000e+00
    390.000    385.966     3.7333     3.7328  32.406999  32.406762    6.63967     2.2263 2.2097e+01    -0.0229     0.0000      98.78    97.7302     0.0755     135985    6.63957    0.00000    34.8972    34.8974         45 0.0000e+00
    388.000    383.989     3.7341     3.7338  32.406817  32.406885    6.63961     2.2268 2.2003e+01    -0.0226     0.0000      98.78    97.7275     0.0755     136029    6.63954    0.00000    34.8972    34.8975         42 0.0000e+00
    386.000    382.011     3.7346     3.7343  32.406422  32.406493    6.63628     2.2264 2.2052e+01    -0.0230     0.0000      98.77    97.7126     0.0755     136069    6.63614    0.00000    34.8972    34.8976         40 0.0000e+00
    384.000    380.033     3.7350     3.7347  32.405980  32.406016    6.63755     2.2272 2.2280e+01    -0.0227     0.0000      98.78    97.7254     0.0755     136115    6.63745    0.00000    34.8974    34.8977         52 0.0000e+00
    382.000    378.056     3.7352     3.7352  32.405119  32.405536    6.63673     2.2273 2.2178e+01    -0.0225     0.0000      98.78    97.7282     0.0755     136166    6.63616    0.00000    34.8973    34.8977         47 0.0000e+00
    380.000    376.078     3.7358     3.7356  32.405006  32.405091    6.63752     2.2280 2.2183e+01    -0.0228     0.0000      98.78    97.7191     0.0755     136217    6.63706    0.00000    34.8975    34.8978         61 0.0000e+00
    378.000    374.101     3.7366     3.7363  32.404728  32.404702    6.63568     2.2281 2.2002e+01    -0.0233     0.0000      98.78    97.7158     0.0755     136277    6.63544    0.00000    34.8974    34.8977         49 0.0000e+00
    376.000    372.123     3.7392     3.7388  32.406390  32.406152    6.63320     2.2280 2.1996e+01    -0.0225     0.0000      98.78    97.7141     0.0755     136316    6.63301    0.00000    34.8977    34.8978         36 0.0000e+00
    374.000    370.146     3.7400     3.7395  32.406195  32.406010    6.63594     2.2292 2.1923e+01    -0.0227     0.0000      98.78    97.7093     0.0755     136357    6.63570    0.00000    34.8977    34.8980         46 0.0000e+00
    372.000    368.168     3.7402     3.7399  32.405454  32.405498    6.63160     2.2286 2.2147e+01    -0.0227     0.0000      98.78    97.7023     0.0755     136403    6.63148    0.00000    34.8977    34.8980         44 0.0000e+00
    370.000    366.190     3.7423     3.7414  32.406670  32.405967    6.62981     2.2287 2.1934e+01    -0.0232     0.0000      98.78    97.7044     0.0755     136447    6.62974    0.00000    34.8979    34.8981         48 0.0000e+00
    368.000    364.213     3.7429     3.7423  32.406454  32.406095    6.62779     2.2286 2.1986e+01    -0.0228     0.0000      98.78    97.7181     0.0755     136504    6.62764    0.00000    34.8981    34.8984         58 0.0000e+00
    366.000    362.235     3.7445     3.7445  32.406953  32.407237    6.62069     2.2273 2.2053e+01    -0.0225     0.0000      98.78    97.7119     0.0755     136551    6.62046    0.00000    34.8981    34.8984         39 0.0000e+00
    364.000    360.257     3.7459     3.7455  32.407538  32.407359    6.62778     2.2296 2.2052e+01    -0.0228     0.0000      98.78    97.7129     0.0755     136593    6.62759    0.00000    34.8984    34.8986         53 0.0000e+00
    362.000    358.280     3.7459     3.7457  32.406556  32.406709    6.62857     2.2302 2.1978e+01    -0.0228     0.0000      98.78    97.7056     0.0755     136657    6.62831    0.00000    34.8983    34.8986         59 0.0000e+00
    360.000    356.302     3.7487     3.7487  32.408290  32.408303    6.62407     2.2297 2.1989e+01    -0.0228     0.0000      98.78    97.7061     0.0755     136698    6.62386    0.00000    34.8985    34.8985         32 0.0000e+00
    358.000    354.324     3.7503     3.7499  32.408866  32.408838    6.62520     2.2305 2.2050e+01    -0.0236     0.0000      98.78    97.6980     0.0755     136729    6.62500    0.00000    34.8986    34.8989         33 0.0000e+00
    356.000    352.347     3.7502     3.7501  32.408109  32.408313    6.63269     2.2329 2.2109e+01    -0.0228     0.0000      98.78    97.6957     0.0755     136779    6.63253    0.00000    34.8988    34.8991         68 0.0000e+00
    354.000    350.369     3.7511     3.7515  32.408103  32.408551    6.63309     2.2334 2.2006e+01    -0.0230     0.0000      98.78    97.6856     0.0755     136840    6.63284    0.00000    34.8989    34.8990         47 0.0000e+00
    352.000    348.391     3.7557     3.7546  32.411488  32.410738    6.62950     2.2332 2.2005e+01    -0.0231     0.0000      98.78    97.6961     0.0755     136882    6.62927    0.00000    34.8992    34.8994         43 0.0000e+00
    350.000    346.413     3.7564     3.7558  32.411359  32.411110    6.63055     2.2339 2.1900e+01    -0.0230     0.0000      98.78    97.6944     0.0755     136931    6.63037    0.00000    34.8993    34.8996         53 0.0000e+00
    348.000    344.435     3.7571     3.7571  32.410974  32.411226    6.62433     2.2328 2.2161e+01    -0.0237     0.0000      98.78    97.7018     0.0755     136979    6.62423    0.00000    34.8992    34.8994         40 0.0000e+00
    346.000    342.457     3.7593     3.7588  32.412196  32.411989    6.62051     2.2324 2.2055e+01    -0.0228     0.0000      98.78    97.7004     0.0755     137017    6.62039    0.00000    34.8994    34.8996         41 0.0000e+00
    344.000    340.480     3.7592     3.7590  32.411382  32.411407    6.62426     2.2338 2.2052e+01    -0.0226     0.0000      98.78    97.6974     0.0755     137068    6.62416    0.00000    34.8996    34.8999         60 0.0000e+00
    342.000    338.502     3.7595     3.7599  32.410657  32.411325    6.62705     2.2350 2.2012e+01    -0.0233     0.0000      98.77    97.6774     0.0755     137127    6.62695    0.00000    34.8995    34.8998         52 0.0000e+00
    340.000    336.524     3.7642     3.7624  32.414173  32.412531    6.62527     2.2352 2.2218e+01    -0.0231     0.0000      98.77    97.6743     0.0755     137170    6.62515    0.00000    34.8997    34.8997         37 0.0000e+00
