Ship_data/Irminger/Irminger-2/ctd/process/OOI/at30_006.ros
* Sea-Bird SBE 9 Data File:
* FileName = C:\data\ctd\at30_006.hex
* Software Version Seasave V 7.21f
* Temperature SN = 2265
* Conductivity SN = 3021
* Number of Bytes Per Scan = 40
* Number of Voltage Words = 5
* Number of Scans Averaged by the Deck Unit = 1
* NMEA Latitude = 59 51.06 N
* NMEA Longitude = 039 05.71 W
* NMEA UTC (Time) = Aug 17 2015  17:02:11
# nquan = 17
# nvalues = 588                                   
# units = specified
# name 0 = prDM: Pressure, Digiquartz [db]
# name 1 = depSM: Depth [salt water, m]
# name 2 = t090C: Temperature [ITS-90, deg C]
# name 3 = t190C: Temperature, 2 [ITS-90, deg C]
# name 4 = c0mS/cm: Conductivity [mS/cm]
# name 5 = c1mS/cm: Conductivity, 2 [mS/cm]
# name 6 = sbeox0ML/L: Oxygen, SBE 43 [ml/l]
# name 7 = sbeox0V: Oxygen raw, SBE 43 [V]
# name 8 = spar: SPAR/Surface Irradiance
# name 9 = flECO-AFL: Fluorescence, WET Labs ECO-AFL/FL [mg/m^3]
# name 10 = v2: Voltage 2
# name 11 = altM: Altimeter [m]
# name 12 = CStarTr0: Beam Transmission, WET Labs C-Star [%]
# name 13 = turbWETntu0: Turbidity, WET Labs ECO [NTU]
# name 14 = scan: Scan Count
# name 15 = nbf: Bottles Fired
# name 16 = flag:  0.000e+00
# interval = seconds: 0.0416667
# start_time = Aug 17 2015 17:02:11 [NMEA time, header]
# bad_flag = -9.990e-29
*END*
[from data line 426]
     31.556     31.256     7.9920     7.9932  36.097086  36.097854    6.69602     2.5279 3.3679e+02    -0.0292     0.0000      98.78    94.0962     0.0804      79870          9  0.000e+00
     31.531     31.232     7.9914     7.9935  36.097149  36.098211    6.69607     2.5279 3.3679e+02    -0.0219     0.0000      98.78    93.9654     0.0804      79871          9  0.000e+00
     31.499     31.200     7.9913     7.9937  36.096961  36.097854    6.69606     2.5279 3.3679e+02    -0.0219     0.0000      98.78    93.8869     0.0780      79872          9  0.000e+00
     31.556     31.256     7.9911     7.9933  36.096836  36.097914    6.69614     2.5279 3.3479e+02    -0.0219     0.0000      98.75    93.9392     0.0804      79873          9  0.000e+00
     31.556     31.256     7.9911     7.9935  36.096711  36.098152    6.69615     2.5279 3.3679e+02    -0.0292     0.0000      98.75    93.9131     0.0780      79874          9  0.000e+00
     31.499     31.200     7.9913     7.9930  36.096961  36.097914    6.70014     2.5291 3.3679e+02    -0.0219     0.0000      98.78    93.6776     0.0780      79875          9  0.000e+00
     31.556     31.256     7.9913     7.9929  36.097149  36.097914    6.69610     2.5279 3.3679e+02    -0.0219     0.0000      98.75    93.5992     0.0780      79876          9  0.000e+00
     31.531     31.232     7.9911     7.9930  36.097212  36.097557    6.69610     2.5279 3.3479e+02    -0.0219     0.0000      98.75    93.7038     0.0780      79877          9  0.000e+00
     31.556     31.256     7.9911     7.9925  36.096961  36.097557    6.69614     2.5279 3.3479e+02    -0.0219     0.0000      98.78    93.8346     0.0780      79878          9  0.000e+00
     31.556     31.256     7.9911     7.9927  36.096899  36.097854    6.69614     2.5279 3.3479e+02    -0.0219     0.0000      98.78    93.9392     0.0780      79879          9  0.000e+00
     31.621     31.320     7.9913     7.9924  36.096648  36.097260    6.69618     2.5279 3.3479e+02    -0.0219     0.0000      98.78    94.0177     0.0780      79880          9  0.000e+00
     31.499     31.200     7.9913     7.9925  36.097024  36.097557    6.69606     2.5279 3.3679e+02    -0.0219     0.0000      98.78    94.0962     0.0780      79881          9  0.000e+00
     31.588     31.288     7.9914     7.9924  36.096961  36.096903    6.70020     2.5291 3.3479e+02    -0.0219     0.0000      98.75    94.1223     0.0780      79882          9  0.000e+00
     31.556     31.256     7.9913     7.9925  36.097087  36.097200    6.70018     2.5291 3.3679e+02    -0.0219     0.0000      98.78    94.1485     0.0780      79883          9  0.000e+00
     31.556     31.256     7.9914     7.9929  36.096711  36.097260    6.70018     2.5291 3.3479e+02    -0.0219     0.0000      98.75    94.1747     0.0780      79884          9  0.000e+00
     31.559     31.259     7.9913     7.9926  36.096773  36.097260    6.68791     2.5254 3.3278e+02    -0.0219     0.0000      98.75    94.1747     0.0780      80027         10  0.000e+00
     31.624     31.323     7.9914     7.9930  36.096836  36.097557    6.69203     2.5267 3.3278e+02    -0.0219     0.0000      98.75    94.1485     0.0804      80028         10  0.000e+00
     31.648     31.347     7.9913     7.9932  36.096899  36.097260    6.68798     2.5254 3.3278e+02    -0.0219     0.0000      98.78    94.1485     0.0780      80029         10  0.000e+00
     31.624     31.323     7.9914     7.9935  36.096648  36.097914    6.69203     2.5267 3.3479e+02    -0.0219     0.0000      98.78    94.1485     0.0780      80030         10  0.000e+00
     31.559     31.259     7.9914     7.9933  36.096523  36.097557    6.67566     2.5218 3.3278e+02    -0.0219     0.0000      98.75    94.1485     0.0780      80031         10  0.000e+00
     31.559     31.259     7.9914     7.9933  36.096773  36.098211    6.68789     2.5254 3.3278e+02    -0.0219     0.0000      98.78    94.1485     0.0804      80032         10  0.000e+00
     31.624     31.323     7.9914     7.9933  36.096398  36.097854    6.68796     2.5254 3.3278e+02    -0.0219     0.0000      98.75    94.1485     0.0780      80033         10  0.000e+00
     31.534     31.235     7.9914     7.9938  36.096711  36.097914    6.68788     2.5254 3.3278e+02    -0.0219     0.0000      98.78    94.1485     0.0780      80034         10  0.000e+00
     31.559     31.259     7.9914     7.9938  36.096899  36.098152    6.68788     2.5254 3.3278e+02    -0.0219     0.0000      98.78    94.1485     0.0780      80035         10  0.000e+00
     31.559     31.259     7.9917     7.9937  36.096648  36.098568    6.69602     2.5279 3.3278e+02    -0.0292     0.0000      98.78    94.1485     0.0780      80036         10  0.000e+00
     31.502     31.203     7.9916     7.9938  36.096961  36.098151    6.68781     2.5254 3.3278e+02    -0.0219     0.0000      98.78    94.1485     0.0780      80037         10  0.000e+00
     31.559     31.259     7.9917     7.9937  36.096773  36.098211    6.68785     2.5254 3.3278e+02    -0.0292     0.0000      98.78    94.1747     0.0780      80038         10  0.000e+00
     31.502     31.203     7.9916     7.9937  36.096961  36.098151    6.68781     2.5254 3.3278e+02    -0.0219     0.0000      98.78    94.1747     0.0780      80039         10  0.000e+00
     31.535     31.235     7.9917     7.9938  36.097400  36.098211    6.68780     2.5254 3.3278e+02    -0.0219     0.0000      98.75    94.1747     0.0780      80040         10  0.000e+00
     31.502     31.203     7.9919     7.9940  36.097086  36.098865    6.68777     2.5254 3.3278e+02    -0.0219     0.0000      98.78    94.1747     0.0780      80041         10  0.000e+00
     31.502     31.203     7.9917     7.9940  36.096898  36.098508    6.68779     2.5254 3.3278e+02    -0.0219     0.0000      98.75    94.1747     0.0780      80042         10  0.000e+00
     31.502     31.203     7.9917     7.9938  36.096836  36.098568    6.68780     2.5254 3.3278e+02    -0.0219     0.0000      98.75    94.1747     0.0780      80043         10  0.000e+00
     31.502     31.203     7.9917     7.9938  36.097086  36.098151    6.69186     2.5267 3.3479e+02    -0.0219     0.0000      98.78    94.1747     0.0780      80044         10  0.000e+00
     31.535     31.235     7.9919     7.9940  36.097149  36.098211    6.68779     2.5254 3.3278e+02    -0.0219     0.0000      98.75    94.1747     0.0780      80045         10  0.000e+00
     31.502     31.203     7.9917     7.9938  36.097024  36.098806    6.68779     2.5254 3.3278e+02    -0.0219     0.0000      98.78    94.1747     0.0780      80046         10  0.000e+00
     31.502     31.203     7.9919     7.9940  36.097086  36.098211    6.68777     2.5254 3.3278e+02    -0.0219     0.0000      98.78    94.1747     0.0780      80047         10  0.000e+00
     31.502     31.203     7.9917     7.9937  36.096773  36.098806    6.68780     2.5254 3.3278e+02    -0.0219     0.0000      98.75    94.1485     0.0780      80048         10  0.000e+00
     31.446     31.147     7.9914     7.9935  36.096585  36.098211    6.68371     2.5242 3.3278e+02    -0.0219     0.0000      98.78    94.1485     0.0780      80049         10  0.000e+00
     31.535     31.235     7.9913     7.9933  36.096335  36.097914    6.68790     2.5254 3.3278e+02    -0.0219     0.0000      98.78    94.1747     0.0780      80050         10  0.000e+00
     31.502     31.203     7.9911     7.9932  36.096209  36.097854    6.68790     2.5254 3.3479e+02    -0.0219     0.0000      95.82    94.2008     0.0780      80051         10  0.000e+00
     31.446     31.147     7.9906     7.9932  36.095770  36.097913    6.68793     2.5254 3.3278e+02    -0.0219     0.0000      90.23    94.1747     0.0780      80052         10  0.000e+00
     31.502     31.203     7.9904     7.9932  36.095395  36.097200    6.68801     2.5254 3.3278e+02    -0.0219     0.0000      88.45    94.2008     0.0780      80053         10  0.000e+00
     31.502     31.203     7.9904     7.9930  36.095457  36.097557    6.68801     2.5254 3.3278e+02    -0.0219     0.0000      88.55    94.2008     0.0780      80054         10  0.000e+00
     31.446     31.147     7.9900     7.9929  36.095395  36.097557    6.68802     2.5254 3.3479e+02    -0.0219     0.0000      88.79    94.2008     0.0780      80055         10  0.000e+00
     31.535     31.236     7.9903     7.9925  36.095270  36.097260    6.68806     2.5254 3.3479e+02    -0.0219     0.0000      88.86    94.2008     0.0780      80056         10  0.000e+00
     31.502     31.203     7.9900     7.9927  36.095269  36.097557    6.69215     2.5267 3.3278e+02    -0.0219     0.0000      88.86    94.2008     0.0780      80057         10  0.000e+00
     31.502     31.203     7.9901     7.9925  36.095269  36.097259    6.68397     2.5242 3.3278e+02    -0.0219     0.0000      88.86    94.2270     0.0780      80058         10  0.000e+00
     31.503     31.203     7.9900     7.9925  36.095269  36.097259    6.68807     2.5254 3.3479e+02    -0.0219     0.0000      88.84    94.2270     0.0780      80059         10  0.000e+00
     31.503     31.203     7.9901     7.9925  36.095269  36.097557    6.68805     2.5254 3.3278e+02    -0.0292     0.0000      88.84    94.2270     0.0780      80060         10  0.000e+00
     31.535     31.236     7.9900     7.9927  36.095270  36.096903    6.68810     2.5254 3.3479e+02    -0.0219     0.0000      88.84    94.2270     0.0780      80061         10  0.000e+00
     31.559     31.260     7.9901     7.9925  36.095458  36.097557    6.68809     2.5254 3.3278e+02    -0.0219     0.0000      88.84    94.2270     0.0780      80062         10  0.000e+00
     31.503     31.204     7.9901     7.9922  36.095583  36.096605    6.68804     2.5254 3.3278e+02    -0.0219     0.0000      88.86    94.2270     0.0780      80063         10  0.000e+00
     31.503     31.204     7.9901     7.9919  36.095395  36.096903    6.68804     2.5254 3.3278e+02    -0.0292     0.0000      88.86    94.1747     0.0780      80064         10  0.000e+00
     31.559     31.260     7.9901     7.9919  36.095270  36.096605    6.68810     2.5254 3.3278e+02    -0.0219     0.0000      88.86    94.1485     0.0780      80065         10  0.000e+00
     31.535     31.236     7.9901     7.9915  36.095270  36.096546    6.68808     2.5254 3.3278e+02    -0.0292     0.0000      93.92    94.1485     0.0780      80066         10  0.000e+00
     31.559     31.260     7.9901     7.9914  36.095458  36.095951    6.69217     2.5267 3.3278e+02    -0.0219     0.0000      98.34    94.1485     0.0780      80067         10  0.000e+00
     31.560     31.260     7.9901     7.9912  36.095583  36.096308    6.69217     2.5267 3.3278e+02    -0.0219     0.0000      99.24    94.1747     0.0780      80068         10  0.000e+00
     31.560     31.260     7.9904     7.9910  36.095583  36.095951    6.69213     2.5267 3.3078e+02    -0.0219     0.0000      99.00    94.1747     0.0780      80069         10  0.000e+00
     31.624     31.324     7.9901     7.9909  36.095583  36.095654    6.69223     2.5267 3.3278e+02    -0.0219     0.0000      98.78    94.2008     0.0780      80070         10  0.000e+00
     31.560     31.260     7.9901     7.9909  36.095583  36.095951    6.69216     2.5267 3.3278e+02    -0.0219     0.0000      98.75    94.0962     0.0780      80071         10  0.000e+00
     31.592     31.292     7.9901     7.9909  36.095395  36.095654    6.69220     2.5267 3.3479e+02    -0.0219     0.0000      98.75    93.8869     0.0780      80072         10  0.000e+00
     31.625     31.324     7.9900     7.9909  36.095458  36.095952    6.68816     2.5254 3.3479e+02    -0.0219     0.0000      98.78    93.8346     0.0780      80073         10  0.000e+00
     31.560     31.260     7.9903     7.9914  36.095583  36.095654    6.69214     2.5267 3.3278e+02    -0.0219     0.0000      98.78    93.8869     0.0780      80074         10  0.000e+00
     31.625     31.324     7.9903     7.9912  36.095583  36.096249    6.67996     2.5230 3.3278e+02    -0.0219     0.0000      98.78    93.9392     0.0780      80075         10  0.000e+00
      1.884      1.866     8.6028     8.6016  36.659480  36.657786    6.54543     2.5188 3.2075e+02    -0.0219     0.0000      98.78    94.3578     0.0780      84791         11  0.000e+00
      1.771      1.754     8.6026     8.6023  36.659164  36.657486    6.54135     2.5176 3.2276e+02    -0.0219     0.0000      98.78    94.3839     0.0780      84792         11  0.000e+00
      1.884      1.866     8.6028     8.6024  36.658786  36.657786    6.54145     2.5176 3.2276e+02    -0.0219     0.0000      98.75    94.3839     0.0804      84793         11  0.000e+00
      1.763      1.746     8.6026     8.6024  36.659101  36.658444    6.54536     2.5188 3.2075e+02    -0.0219     0.0000      98.75    94.3839     0.0804      84794         11  0.000e+00
      1.836      1.818     8.6022     8.6023  36.658849  36.658145    6.54146     2.5176 3.2075e+02    -0.0219     0.0000      98.78    94.3839     0.0780      84795         11  0.000e+00
      1.827      1.810     8.6022     8.6024  36.658660  36.658803    6.54146     2.5176 3.2276e+02    -0.0219     0.0000      98.75    94.3578     0.0780      84796         11  0.000e+00
      1.714      1.698     8.6024     8.6021  36.659101  36.658443    6.54133     2.5176 3.2075e+02    -0.0219     0.0000      98.78    94.3839     0.0780      84797         11  0.000e+00
      1.828      1.810     8.6026     8.6023  36.659542  36.658444    6.54539     2.5188 3.2075e+02    -0.0219     0.0000      98.75    94.3578     0.0780      84798         11  0.000e+00
      1.763      1.746     8.6029     8.6024  36.659353  36.658144    6.54531     2.5188 3.2075e+02    -0.0219     0.0000      98.78    94.3578     0.0780      84799         11  0.000e+00
      1.771      1.754     8.6029     8.6024  36.659542  36.658803    6.54531     2.5188 3.2075e+02    -0.0219     0.0000      98.78    94.3578     0.0804      84800         11  0.000e+00
      1.763      1.746     8.6029     8.6026  36.659668  36.658803    6.54529     2.5188 3.2276e+02    -0.0219     0.0000      98.75    94.3578     0.0780      84801         11  0.000e+00
      1.714      1.698     8.6029     8.6031  36.659416  36.658443    6.54526     2.5188 3.2075e+02    -0.0219     0.0000      98.78    94.3839     0.0780      84802         11  0.000e+00
      1.706      1.690     8.6026     8.6027  36.659290  36.659102    6.54530     2.5188 3.2075e+02    -0.0219     0.0000      98.78    94.3578     0.0780      84803         11  0.000e+00
      1.714      1.698     8.6026     8.6032  36.659101  36.658802    6.54531     2.5188 3.2075e+02    -0.0219     0.0000      98.75    94.3839     0.0780      84804         11  0.000e+00
      1.706      1.690     8.6026     8.6036  36.659479  36.659101    6.54529     2.5188 3.2075e+02    -0.0219     0.0000      98.78    94.3839     0.0780      84805         11  0.000e+00
      1.706      1.690     8.6024     8.6042  36.659164  36.659101    6.54532     2.5188 3.2075e+02    -0.0219     0.0000      98.78    94.3839     0.0780      84806         11  0.000e+00
      1.657      1.642     8.6028     8.6044  36.659164  36.659759    6.54524     2.5188 3.2075e+02    -0.0219     0.0000      98.75    94.3839     0.0804      84807         11  0.000e+00
      1.649      1.634     8.6026     8.6049  36.659542  36.660058    6.54123     2.5176 3.2276e+02    -0.0219     0.0000      98.75    94.3839     0.0780      84808         11  0.000e+00
      1.714      1.698     8.6028     8.6051  36.659416  36.660418    6.54528     2.5188 3.2075e+02    -0.0219     0.0000      98.78    94.3839     0.0780      84809         11  0.000e+00
      1.584      1.570     8.6029     8.6047  36.659542  36.660417    6.54514     2.5188 3.2075e+02    -0.0219     0.0000      98.78    94.4101     0.0780      84810         11  0.000e+00
