Ship_data/Irminger/Irminger-2/ctd/process/OOI/at30_006.ros
* Sea-Bird SBE 9 Data File:
* FileName = C:\data\ctd\at30_006.hex
* Software Version Seasave V 7.21f
* Temperature SN = 2265
* Conductivity SN = 3021
* Number of Bytes Per Scan = 40
* Number of Voltage Words = 5
* Number of Scans Averaged by the Deck Unit = 1
* NMEA Latitude = 59 51.06 N
* NMEA Longitude = 039 05.71 W
* NMEA UTC (Time) = Aug 17 2015  17:02:11
# nquan = 17
# nvalues = 588                                   
# units = specified
# name 0 = prDM: Pressure, Digiquartz [db]
# name 1 = depSM: Depth [salt water, m]
# name 2 = t090C: Temperature [ITS-90, deg C]
# name 3 = t190C: Temperature, 2 [ITS-90, deg C]
# name 4 = c0mS/cm: Conductivity [mS/cm]
# name 5 = c1mS/cm: Conductivity, 2 [mS/cm]
# name 6 = sbeox0ML/L: Oxygen, SBE 43 [ml/l]
# name 7 = sbeox0V: Oxygen raw, SBE 43 [V]
# name 8 = spar: SPAR/Surface Irradiance
# name 9 = flECO-AFL: Fluorescence, WET Labs ECO-AFL/FL [mg/m^3]
# name 10 = v2: Voltage 2
# name 11 = altM: Altimeter [m]
# name 12 = CStarTr0: Beam Transmission, WET Labs C-Star [%]
# name 13 = turbWETntu0: Turbidity, WET Labs ECO [NTU]
# name 14 = scan: Scan Count
# name 15 = nbf: Bottles Fired
# name 16 = flag:  0.000e+00
# interval = seconds: 0.0416667
# start_time = Aug 17 2015 17:02:11 [NMEA time, header]
# bad_flag = -9.990e-29
*END*
   1011.951    999.985     3.6139     3.6135  32.562564  32.561758    6.58758     2.0765 4.7110e+02    -0.0292     0.0000      98.78    97.6800     0.0804      33529          1  0.000e+00
   1012.025   1000.058     3.6139     3.6137  32.562625  32.562215    6.58764     2.0765 4.7110e+02    -0.0219     0.0000      98.78    97.6800     0.0780      33530          1  0.000e+00
   1011.885    999.920     3.6142     3.6135  32.562745  32.562215    6.59269     2.0777 4.7311e+02    -0.0219     0.0000      98.78    97.6800     0.0804      33531          1  0.000e+00
   1011.951    999.985     3.6142     3.6134  32.562564  32.561758    6.59276     2.0777 4.7110e+02    -0.0292     0.0000      98.78    97.6800     0.0780      33532          1  0.000e+00
   1011.951    999.985     3.6142     3.6134  32.562624  32.562215    6.58753     2.0765 4.7110e+02    -0.0219     0.0000      98.78    97.6800     0.0780      33533          1  0.000e+00
   1011.836    999.872     3.6139     3.6134  32.562925  32.561757    6.58746     2.0765 4.7110e+02    -0.0219     0.0000      98.78    97.6800     0.0780      33534          1  0.000e+00
   1011.885    999.920     3.6142     3.6134  32.562985  32.562215    6.58746     2.0765 4.7110e+02    -0.0219     0.0000      98.78    97.6800     0.0780      33535          1  0.000e+00
   1011.885    999.920     3.6144     3.6134  32.562985  32.562043    6.58744     2.0765 4.7311e+02    -0.0219     0.0000      98.78    97.6800     0.0780      33536          1  0.000e+00
   1011.827    999.863     3.6142     3.6137  32.562985  32.561929    6.58741     2.0765 4.7311e+02    -0.0219     0.0000      98.78    97.6800     0.0780      33537          1  0.000e+00
   1011.836    999.872     3.6143     3.6137  32.562985  32.562043    6.58741     2.0765 4.7110e+02    -0.0219     0.0000      98.78    97.6539     0.0780      33538          1  0.000e+00
   1011.761    999.798     3.6142     3.6142  32.562985  32.562214    6.58736     2.0765 4.7110e+02    -0.0292     0.0000      98.78    97.6800     0.0780      33539          1  0.000e+00
   1011.761    999.798     3.6142     3.6139  32.562985  32.562214    6.58736     2.0765 4.7110e+02    -0.0219     0.0000      98.78    97.6800     0.0780      33540          1  0.000e+00
   1011.778    999.815     3.6141     3.6142  32.562804  32.562900    6.58740     2.0765 4.7110e+02    -0.0219     0.0000      98.78    97.6800     0.0780      33541          1  0.000e+00
   1011.704    999.742     3.6142     3.6140  32.562744  32.562500    6.58732     2.0765 4.7110e+02    -0.0292     0.0000      98.78    97.6539     0.0804      33542          1  0.000e+00
   1011.762    999.799     3.6141     3.6143  32.562744  32.562615    6.58739     2.0765 4.7110e+02    -0.0219     0.0000      98.78    97.6539     0.0780      33543          1  0.000e+00
   1011.638    999.677     3.6139     3.6142  32.562563  32.562786    6.58732     2.0765 4.7311e+02    -0.0219     0.0000      98.78    97.6539     0.0780      33544          1  0.000e+00
   1011.712    999.750     3.6134     3.6141  32.562262  32.562614    6.58746     2.0765 4.7110e+02    -0.0292     0.0000      98.78    97.6800     0.0804      33545          1  0.000e+00
   1011.638    999.677     3.6134     3.6142  32.562322  32.562500    6.58740     2.0765 4.7110e+02    -0.0219     0.0000      98.78    97.6800     0.0780      33546          1  0.000e+00
   1011.638    999.677     3.6133     3.6140  32.562443  32.562786    6.58741     2.0765 4.7110e+02    -0.0219     0.0000      98.78    97.6539     0.0780      33547          1  0.000e+00
   1011.654    999.693     3.6133     3.6142  32.561781  32.562328    6.59790     2.0789 4.7110e+02    -0.0219     0.0000      98.78    97.6800     0.0780      33548          1  0.000e+00
   1011.580    999.620     3.6136     3.6140  32.561961  32.562785    6.58734     2.0765 4.7110e+02    -0.0219     0.0000      98.78    97.6800     0.0780      33549          1  0.000e+00
   1011.638    999.677     3.6133     3.6142  32.562142  32.562614    6.58742     2.0765 4.7311e+02    -0.0219     0.0000      98.78    97.6800     0.0780      33550          1  0.000e+00
   1011.580    999.620     3.6134     3.6140  32.562563  32.562500    6.58734     2.0765 4.7311e+02    -0.0219     0.0000      98.78    97.6800     0.0780      33551          1  0.000e+00
   1011.531    999.571     3.6133     3.6142  32.562563  32.562614    6.58732     2.0765 4.7110e+02    -0.0219     0.0000      98.78    97.6800     0.0780      33552          1  0.000e+00
   1011.523    999.563     3.6136     3.6140  32.562262  32.562499    6.59250     2.0777 4.7110e+02    -0.0219     0.0000      98.78    97.6800     0.0780      33553          1  0.000e+00
   1011.523    999.563     3.6136     3.6142  32.562141  32.562785    6.58729     2.0765 4.7110e+02    -0.0219     0.0000      98.78    97.6800     0.0804      33554          1  0.000e+00
   1011.531    999.571     3.6136     3.6139  32.562141  32.562900    6.58730     2.0765 4.7110e+02    -0.0292     0.0000      98.78    97.6800     0.0780      33555          1  0.000e+00
   1011.523    999.563     3.6134     3.6142  32.561961  32.562499    6.59254     2.0777 4.7311e+02    -0.0219     0.0000      98.78    97.6800     0.0780      33556          1  0.000e+00
   1011.457    999.498     3.6136     3.6140  32.562021  32.562328    6.58724     2.0765 4.7110e+02    -0.0219     0.0000      98.78    97.6800     0.0780      33557          1  0.000e+00
   1011.457    999.498     3.6133     3.6144  32.561720  32.562499    6.59252     2.0777 4.7311e+02    -0.0219     0.0000      98.78    97.6800     0.0780      33558          1  0.000e+00
   1011.473    999.514     3.6129     3.6143  32.561720  32.562614    6.58736     2.0765 4.7110e+02    -0.0219     0.0000      98.78    97.6800     0.0780      33559          1  0.000e+00
   1011.457    999.498     3.6131     3.6145  32.561660  32.562785    6.58733     2.0765 4.7311e+02    -0.0219     0.0000      98.78    97.6800     0.0780      33560          1  0.000e+00
   1011.457    999.498     3.6130     3.6143  32.561359  32.562785    6.58736     2.0765 4.7311e+02    -0.0219     0.0000      98.78    97.6800     0.0780      33561          1  0.000e+00
   1011.407    999.449     3.6129     3.6142  32.561238  32.563242    6.59255     2.0777 4.7110e+02    -0.0219     0.0000      98.78    97.6800     0.0780      33562          1  0.000e+00
   1011.399    999.441     3.6128     3.6142  32.561660  32.562785    6.59254     2.0777 4.7110e+02    -0.0219     0.0000      98.78    97.6800     0.0780      33563          1  0.000e+00
   1011.399    999.441     3.6127     3.6142  32.561178  32.562613    6.58737     2.0765 4.7110e+02    -0.0219     0.0000      98.78    97.6539     0.0780      33564          1  0.000e+00
   1011.399    999.441     3.6127     3.6142  32.561359  32.562785    6.59258     2.0777 4.7110e+02    -0.0219     0.0000      98.78    97.6539     0.0780      33565          1  0.000e+00
   1011.407    999.449     3.6128     3.6142  32.561539  32.562613    6.57690     2.0740 4.7311e+02    -0.0219     0.0000      98.78    97.6539     0.0780      33566          1  0.000e+00
   1011.333    999.376     3.6128     3.6140  32.561720  32.562499    6.58726     2.0765 4.7110e+02    -0.0219     0.0000      98.78    97.6539     0.0780      33567          1  0.000e+00
   1011.333    999.376     3.6131     3.6140  32.562021  32.562499    6.58721     2.0765 4.7110e+02    -0.0292     0.0000      98.78    97.6539     0.0780      33568          1  0.000e+00
   1011.407    999.450     3.6134     3.6140  32.561720  32.562613    6.59247     2.0777 4.7110e+02    -0.0219     0.0000      98.78    97.6539     0.0780      33569          1  0.000e+00
   1011.333    999.376     3.6136     3.6139  32.561719  32.562499    6.58716     2.0765 4.7110e+02    -0.0219     0.0000      98.78    97.6539     0.0780      33570          1  0.000e+00
   1011.333    999.376     3.6141     3.6139  32.562502  32.562613    6.58706     2.0765 4.7311e+02    -0.0292     0.0000      98.78    97.6800     0.0780      33571          1  0.000e+00
   1011.333    999.376     3.6141     3.6137  32.562562  32.562499    6.58706     2.0765 4.7311e+02    -0.0219     0.0000      98.78    97.6800     0.0780      33572          1  0.000e+00
   1011.350    999.393     3.6138     3.6139  32.562261  32.562613    6.58713     2.0765 4.7110e+02    -0.0219     0.0000      98.78    97.6800     0.0780      33573          1  0.000e+00
   1011.276    999.320     3.6139     3.6139  32.562562  32.561927    6.58703     2.0765 4.7110e+02    -0.0219     0.0000      98.78    97.6800     0.0780      33574          1  0.000e+00
   1011.333    999.376     3.6141     3.6139  32.562562  32.562499    6.58706     2.0765 4.7311e+02    -0.0292     0.0000      98.78    97.6800     0.0780      33575          1  0.000e+00
   1011.350    999.393     3.6138     3.6137  32.562261  32.562613    6.58191     2.0752 4.7110e+02    -0.0219     0.0000      98.78    97.6800     0.0780      33576          1  0.000e+00
   1011.333    999.377     3.6138     3.6139  32.562321  32.562213    6.58711     2.0765 4.7311e+02    -0.0219     0.0000      98.78    97.6539     0.0804      33577          1  0.000e+00
   1012.630   1000.655     3.6127     3.6132  32.561844  32.562217    6.59381     2.0777 4.6910e+02    -0.0219     0.0000      98.78    97.6800     0.0780      33730          2  0.000e+00
   1012.581   1000.606     3.6125     3.6134  32.561663  32.562046    6.59380     2.0777 4.6910e+02    -0.0219     0.0000      98.78    97.6800     0.0780      33731          2  0.000e+00
   1012.688   1000.712     3.6127     3.6134  32.561543  32.562503    6.59388     2.0777 4.7110e+02    -0.0219     0.0000      98.78    97.7062     0.0804      33732          2  0.000e+00
   1012.564   1000.590     3.6127     3.6137  32.561543  32.562217    6.59377     2.0777 4.6910e+02    -0.0292     0.0000      98.78    97.6800     0.0780      33733          2  0.000e+00
   1012.630   1000.655     3.6125     3.6142  32.561543  32.562617    6.59385     2.0777 4.6910e+02    -0.0292     0.0000      98.78    97.6800     0.0780      33734          2  0.000e+00
   1012.581   1000.606     3.6125     3.6143  32.561362  32.562789    6.59382     2.0777 4.7110e+02    -0.0219     0.0000      98.78    97.6800     0.0780      33735          2  0.000e+00
   1012.564   1000.590     3.6125     3.6143  32.561242  32.563246    6.59381     2.0777 4.6910e+02    -0.0292     0.0000      98.78    97.6800     0.0780      33736          2  0.000e+00
   1012.630   1000.655     3.6124     3.6139  32.561423  32.563417    6.59387     2.0777 4.7110e+02    -0.0219     0.0000      98.78    97.6800     0.0780      33737          2  0.000e+00
   1012.506   1000.533     3.6123     3.6140  32.561362  32.563246    6.59378     2.0777 4.7110e+02    -0.0219     0.0000      98.78    97.6800     0.0780      33738          2  0.000e+00
   1012.581   1000.606     3.6123     3.6145  32.561663  32.562503    6.59383     2.0777 4.6910e+02    -0.0292     0.0000      98.78    97.6800     0.0780      33739          2  0.000e+00
   1012.506   1000.533     3.6129     3.6146  32.562024  32.562788    6.59366     2.0777 4.7110e+02    -0.0219     0.0000      98.78    97.6800     0.0804      33740          2  0.000e+00
   1012.507   1000.533     3.6133     3.6145  32.562145  32.562903    6.59361     2.0777 4.6910e+02    -0.0219     0.0000      98.78    97.6800     0.0780      33741          2  0.000e+00
   1012.515   1000.541     3.6133     3.6145  32.562325  32.563703    6.59361     2.0777 4.7110e+02    -0.0219     0.0000      98.78    97.6800     0.0780      33742          2  0.000e+00
   1012.441   1000.468     3.6136     3.6146  32.562626  32.563531    6.59348     2.0777 4.7110e+02    -0.0292     0.0000      98.78    97.6800     0.0780      33743          2  0.000e+00
   1012.441   1000.468     3.6133     3.6149  32.562746  32.563417    6.59874     2.0790 4.6910e+02    -0.0219     0.0000      98.78    97.6800     0.0780      33744          2  0.000e+00
   1012.441   1000.468     3.6133     3.6146  32.562566  32.563531    6.59353     2.0777 4.7110e+02    -0.0219     0.0000      98.78    97.6800     0.0780      33745          2  0.000e+00
   1012.391   1000.419     3.6131     3.6148  32.562265  32.563417    6.59353     2.0777 4.6910e+02    -0.0292     0.0000      98.78    97.6800     0.0780      33746          2  0.000e+00
   1012.383   1000.411     3.6133     3.6146  32.562144  32.563702    6.59351     2.0777 4.7110e+02    -0.0219     0.0000      98.78    97.6800     0.0780      33747          2  0.000e+00
   1012.383   1000.411     3.6133     3.6143  32.562325  32.563245    6.58827     2.0765 4.7110e+02    -0.0219     0.0000      98.78    97.6800     0.0780      33748          2  0.000e+00
   1012.383   1000.411     3.6134     3.6142  32.562445  32.562502    6.59347     2.0777 4.7110e+02    -0.0219     0.0000      98.78    97.6800     0.0780      33749          2  0.000e+00
   1012.268   1000.297     3.6134     3.6143  32.562445  32.562902    6.59337     2.0777 4.6910e+02    -0.0219     0.0000      98.78    97.6800     0.0780      33750          2  0.000e+00
   1012.259   1000.289     3.6134     3.6145  32.562445  32.563073    6.59336     2.0777 4.7110e+02    -0.0219     0.0000      98.78    97.6800     0.0780      33751          2  0.000e+00
   1012.317   1000.346     3.6133     3.6148  32.562024  32.562902    6.59346     2.0777 4.7110e+02    -0.0219     0.0000      98.78    97.6800     0.0780      33752          2  0.000e+00
   1012.259   1000.289     3.6131     3.6143  32.561843  32.563416    6.59344     2.0777 4.7110e+02    -0.0292     0.0000      98.78    97.6800     0.0780      33753          2  0.000e+00
   1012.210   1000.241     3.6131     3.6145  32.561843  32.563073    6.59340     2.0777 4.7110e+02    -0.0219     0.0000      98.78    97.6800     0.0780      33754          2  0.000e+00
   1012.193   1000.224     3.6129     3.6150  32.561843  32.563530    6.59341     2.0777 4.6910e+02    -0.0219     0.0000      98.78    97.7062     0.0780      33755          2  0.000e+00
   1012.193   1000.224     3.6129     3.6149  32.561843  32.563416    6.58819     2.0765 4.7110e+02    -0.0292     0.0000      98.78    97.7062     0.0804      33756          2  0.000e+00
   1012.152   1000.184     3.6131     3.6150  32.561842  32.563530    6.58813     2.0765 4.6910e+02    -0.0219     0.0000      98.78    97.6800     0.0780      33757          2  0.000e+00
   1012.078   1000.111     3.6129     3.6148  32.561662  32.563701    6.58810     2.0765 4.6910e+02    -0.0219     0.0000      98.78    97.6539     0.0780      33758          2  0.000e+00
   1012.136   1000.168     3.6129     3.6148  32.561963  32.563244    6.59336     2.0778 4.7110e+02    -0.0219     0.0000      98.78    97.6539     0.0780      33759          2  0.000e+00
   1012.078   1000.111     3.6132     3.6150  32.561963  32.563701    6.59328     2.0778 4.7110e+02    -0.0219     0.0000      98.78    97.6800     0.0780      33760          2  0.000e+00
   1012.029   1000.062     3.6133     3.6150  32.562263  32.563415    6.59842     2.0790 4.7110e+02    -0.0219     0.0000      98.78    97.6800     0.0780      33761          2  0.000e+00
   1012.078   1000.111     3.6136     3.6150  32.562625  32.563530    6.59318     2.0778 4.7110e+02    -0.0219     0.0000      98.78    97.6800     0.0780      33762          2  0.000e+00
   1011.955    999.989     3.6133     3.6148  32.562564  32.563987    6.59312     2.0778 4.7110e+02    -0.0219     0.0000      98.78    97.6800     0.0780      33763          2  0.000e+00
   1011.905    999.940     3.6134     3.6151  32.562263  32.563244    6.59307     2.0778 4.7110e+02    -0.0219     0.0000      98.78    97.6539     0.0780      33764          2  0.000e+00
   1012.012   1000.046     3.6138     3.6151  32.562324  32.563987    6.58790     2.0765 4.7110e+02    -0.0219     0.0000      98.78    97.6539     0.0780      33765          2  0.000e+00
