Ship_data/Irminger/Irminger-2/ctd/process/OOI/at30_011.cnv
* Sea-Bird SBE 9 Data File:
* FileName = C:\data\ctd\at30_011.hex
* Software Version Seasave V 7.21f
* Temperature SN = 2265
* Conductivity SN = 3021
* Number of Bytes Per Scan = 40
* Number of Voltage Words = 5
* Number of Scans Averaged by the Deck Unit = 1
* NMEA Latitude = 59 41.19 N
* NMEA Longitude = 039 21.93 W
* NMEA UTC (Time) = Aug 21 2015  19:14:51
** cal val post deployment at FLMB2
# nquan = 21
# nvalues = 2857                        
# units = specified
# name 0 = prDM: Pressure, Digiquartz [db]
# name 1 = depSM: Depth [salt water, m]
# name 2 = t090C: Temperature [ITS-90, deg C]
# name 3 = t190C: Temperature, 2 [ITS-90, deg C]
# name 4 = c0mS/cm: Conductivity [mS/cm]
# name 5 = c1mS/cm: Conductivity, 2 [mS/cm]
# name 6 = sbeox0ML/L: Oxygen, SBE 43 [ml/l]
# name 7 = sbeox0V: Oxygen raw, SBE 43 [V]
# name 8 = spar: SPAR/Surface Irradiance
# name 9 = flECO-AFL: Fluorescence, WET Labs ECO-AFL/FL [mg/m^3]
# name 10 = v2: Voltage 2
# name 11 = altM: Altimeter [m]
# name 12 = CStarTr0: Beam Transmission, WET Labs C-Star [%]
# name 13 = turbWETntu0: Turbidity, WET Labs ECO [NTU]
# name 14 = scan: Scan Count
# name 15 = sbeox0ML/L: Oxygen, SBE 43 [ml/l], WS = 2
# name 16 = sbeox0dOV/dT: Oxygen, SBE 43 [dov/dt], WS = 2
# name 17 = sal00: Salinity, Practical [PSU]
# name 18 = sal11: Salinity, Practical, 2 [PSU]
# name 19 = nbin: number of scans per bin
# name 20 = flag: flag
# span 0 =      2.000,   2858.000       
# span 1 =      1.981,   2812.034       
# span 2 =     1.5246,     8.7298       
# span 3 =     1.5253,     8.7300       
# span 4 =  31.485401,  36.766601       
# span 5 =  31.485595,  36.765933       
# span 6 =    6.00693,    6.99476       
# span 7 =     1.6757,     2.5374       
# span 8 = 1.9531e+02, 1.7177e+03       
# span 9 =    -0.0712,     1.9068       
# span 10 =     0.0000,     0.0000      
# span 11 =      17.75,      98.99      
# span 12 =    93.7140,    97.5233      
# span 13 =     0.0673,     0.1222      
# span 14 =        766,     186772      
# span 15 =    6.00679,    6.99570      
# span 16 =    0.00000,    0.00000      
# span 17 =    34.8480,    34.9371      
# span 18 =    34.8451,    34.9371      
# span 19 =         14,        138      
# span 20 = 0.0000e+00, 0.0000e+00      
# interval = decibars: 2                
# start_time = Aug 21 2015 19:14:51 [NMEA time, header]
# bad_flag = -9.990e-29
*END*
[from data line 897]
   1796.000   1771.495     3.3089     3.3093  32.656004  32.656223    6.06039     1.8031 1.1905e+03    -0.0439     0.0000      98.73    97.4614     0.0707      51668    6.06032    0.00000    34.9244    34.9243         42 0.0000e+00
   1798.000   1773.459     3.3079     3.3084  32.656065  32.656241    6.06222     1.8031 1.2700e+03    -0.0441     0.0000      98.73    97.4644     0.0707      51716    6.06223    0.00000    34.9246    34.9243         56 0.0000e+00
   1800.000   1775.423     3.3110     3.3116  32.660478  32.660804    6.06133     1.8027 1.3506e+03    -0.0441     0.0000      98.73    97.4715     0.0707      51794    6.06127    0.00000    34.9256    34.9253         94 0.0000e+00
   1802.000   1777.388     3.3112     3.3118  32.661866  32.662060    6.05470     1.8009 1.3144e+03    -0.0439     0.0000      98.73    97.4857     0.0707      51864    6.05453    0.00000    34.9261    34.9257         42 0.0000e+00
   1804.000   1779.352     3.3108     3.3113  32.662353  32.662475    6.05378     1.8004 1.3038e+03    -0.0439     0.0000      98.73    97.4828     0.0707      51896    6.05379    0.00000    34.9261    34.9258         30 0.0000e+00
   1806.000   1781.317     3.3103     3.3106  32.662637  32.662845    6.05170     1.7996 1.3197e+03    -0.0442     0.0000      98.73    97.4786     0.0707      51925    6.05147    0.00000    34.9260    34.9259         28 0.0000e+00
   1808.000   1783.281     3.3096     3.3100  32.662955  32.663184    6.05169     1.7992 1.3498e+03    -0.0437     0.0000      98.73    97.4805     0.0707      51955    6.05140    0.00000    34.9262    34.9260         32 0.0000e+00
   1810.000   1785.245     3.3064     3.3069  32.660840  32.661051    6.04732     1.7978 1.4136e+03    -0.0437     0.0000      98.73    97.4817     0.0707      52001    6.04657    0.00000    34.9260    34.9258         63 0.0000e+00
   1812.000   1787.209     3.3054     3.3057  32.660736  32.660717    6.04389     1.7968 1.4525e+03    -0.0443     0.0000      98.73    97.4867     0.0707      52073    6.04385    0.00000    34.9260    34.9257         86 0.0000e+00
   1814.000   1789.173     3.3035     3.3040  32.659841  32.660123    6.04066     1.7957 1.4086e+03    -0.0443     0.0000      98.73    97.4857     0.0707      52150    6.04056    0.00000    34.9260    34.9257         49 0.0000e+00
   1816.000   1791.137     3.3017     3.3019  32.659121  32.659075    6.04295     1.7958 1.4016e+03    -0.0437     0.0000      98.73    97.4884     0.0707      52186    6.04279    0.00000    34.9260    34.9257         32 0.0000e+00
   1818.000   1793.102     3.3008     3.3013  32.659195  32.659451    6.04319     1.7955 1.4055e+03    -0.0441     0.0000      98.73    97.4896     0.0707      52218    6.04301    0.00000    34.9261    34.9259         34 0.0000e+00
   1820.000   1795.066     3.2997     3.3001  32.659104  32.659274    6.04052     1.7946 1.4231e+03    -0.0439     0.0000      98.73    97.4850     0.0707      52252    6.04043    0.00000    34.9262    34.9260         33 0.0000e+00
   1822.000   1797.030     3.2964     3.2969  32.657108  32.657468    6.03841     1.7937 1.4403e+03    -0.0443     0.0000      98.73    97.4831     0.0706      52285    6.03839    0.00000    34.9263    34.9262         34 0.0000e+00
   1824.000   1798.994     3.2955     3.2957  32.656937  32.656946    6.03587     1.7928 1.3713e+03    -0.0441     0.0000      98.73    97.4908     0.0704      52355    6.03583    0.00000    34.9261    34.9259         64 0.0000e+00
   1826.000   1800.958     3.2931     3.2935  32.655635  32.655921    6.03481     1.7922 1.2421e+03    -0.0437     0.0000      98.73    97.4943     0.0707      52441    6.03492    0.00000    34.9261    34.9260         43 0.0000e+00
   1828.000   1802.922     3.2915     3.2919  32.654973  32.655279    6.03734     1.7922 1.1955e+03    -0.0441     0.0000      98.73    97.4854     0.0707      52477    6.03687    0.00000    34.9260    34.9259         33 0.0000e+00
   1830.000   1804.887     3.2872     3.2877  32.651749  32.652113    6.03955     1.7922 1.1729e+03    -0.0444     0.0000      98.73    97.4879     0.0707      52507    6.03921    0.00000    34.9258    34.9257         28 0.0000e+00
   1832.000   1806.851     3.2847     3.2852  32.650252  32.650505    6.04063     1.7920 1.1647e+03    -0.0439     0.0000      98.73    97.4904     0.0707      52535    6.04043    0.00000    34.9257    34.9254         30 0.0000e+00
   1834.000   1808.815     3.2799     3.2817  32.646330  32.647643    6.03983     1.7914 1.1726e+03    -0.0444     0.0000      98.73    97.4868     0.0707      52572    6.03967    0.00000    34.9251    34.9247         52 0.0000e+00
   1836.000   1810.779     3.2793     3.2796  32.646636  32.646813    6.04170     1.7914 1.2186e+03    -0.0437     0.0000      98.73    97.4824     0.0707      52675    6.04153    0.00000    34.9251    34.9250         48 0.0000e+00
   1838.000   1812.743     3.2751     3.2755  32.643556  32.643755    6.04740     1.7921 1.1511e+03    -0.0444     0.0000      98.73    97.4889     0.0707      52709    6.04732    0.00000    34.9249    34.9247         32 0.0000e+00
   1840.000   1814.707     3.2746     3.2751  32.644046  32.644242    6.04948     1.7922 1.0815e+03    -0.0435     0.0000      98.73    97.4868     0.0707      52741    6.04938    0.00000    34.9251    34.9248         35 0.0000e+00
   1842.000   1816.671     3.2733     3.2739  32.643621  32.643952    6.04658     1.7913 1.0076e+03    -0.0439     0.0000      98.73    97.4805     0.0707      52782    6.04656    0.00000    34.9249    34.9247         48 0.0000e+00
   1844.000   1818.634     3.2727     3.2733  32.644013  32.644220    6.04499     1.7906 9.8152e+02    -0.0443     0.0000      98.73    97.4844     0.0707      52838    6.04493    0.00000    34.9251    34.9247         60 0.0000e+00
   1846.000   1820.599     3.2727     3.2732  32.645032  32.645276    6.04424     1.7901 9.8514e+02    -0.0452     0.0000      98.73    97.4912     0.0707      52890    6.04422    0.00000    34.9253    34.9251         41 0.0000e+00
   1848.000   1822.562     3.2726     3.2731  32.646010  32.646197    6.04575     1.7901 9.5432e+02    -0.0443     0.0000      98.73    97.4922     0.0707      52927    6.04566    0.00000    34.9256    34.9253         37 0.0000e+00
   1850.000   1824.526     3.2734     3.2741  32.647859  32.648247    6.04483     1.7896 9.0777e+02    -0.0443     0.0000      98.73    97.4842     0.0707      52980    6.04473    0.00000    34.9260    34.9258         76 0.0000e+00
   1852.000   1826.490     3.2738     3.2743  32.649456  32.649715    6.04405     1.7891 8.7916e+02    -0.0439     0.0000      98.73    97.4951     0.0707      53047    6.04391    0.00000    34.9265    34.9263         44 0.0000e+00
   1854.000   1828.454     3.2730     3.2734  32.649478  32.649669    6.04562     1.7890 8.7850e+02    -0.0441     0.0000      98.73    97.4864     0.0707      53083    6.04542    0.00000    34.9265    34.9262         35 0.0000e+00
   1856.000   1830.418     3.2724     3.2728  32.649830  32.649874    6.04614     1.7888 8.8003e+02    -0.0437     0.0000      98.73    97.4957     0.0707      53120    6.04593    0.00000    34.9265    34.9262         40 0.0000e+00
   1858.000   1832.382     3.2756     3.2760  32.654020  32.654125    6.04433     1.7882 8.6151e+02    -0.0436     0.0000      98.73    97.4969     0.0707      53165    6.04410    0.00000    34.9272    34.9268         50 0.0000e+00
   1860.000   1834.345     3.2743     3.2747  32.653615  32.653840    6.04150     1.7873 8.2142e+02    -0.0444     0.0000      98.73    97.4884     0.0707      53218    6.04134    0.00000    34.9271    34.9269         55 0.0000e+00
   1862.000   1836.309     3.2730     3.2736  32.653178  32.653519    6.04005     1.7866 8.0141e+02    -0.0443     0.0000      98.73    97.4903     0.0707      53274    6.03990    0.00000    34.9270    34.9267         56 0.0000e+00
   1864.000   1838.273     3.2713     3.2713  32.652355  32.652103    6.04330     1.7869 8.0689e+02    -0.0441     0.0000      98.73    97.4821     0.0707      53325    6.04320    0.00000    34.9268    34.9265         43 0.0000e+00
   1866.000   1840.237     3.2693     3.2698  32.651252  32.651523    6.04653     1.7872 8.1851e+02    -0.0437     0.0000      98.73    97.4861     0.0707      53362    6.04645    0.00000    34.9267    34.9265         35 0.0000e+00
   1868.000   1842.200     3.2688     3.2693  32.651858  32.652061    6.04574     1.7866 8.1282e+02    -0.0443     0.0000      98.73    97.4834     0.0707      53406    6.04553    0.00000    34.9269    34.9266         60 0.0000e+00
   1870.000   1844.164     3.2692     3.2698  32.653211  32.653438    6.04603     1.7864 7.9746e+02    -0.0446     0.0000      98.73    97.4778     0.0707      53469    6.04595    0.00000    34.9271    34.9268         53 0.0000e+00
   1872.000   1846.128     3.2687     3.2692  32.653672  32.653926    6.04744     1.7863 8.0507e+02    -0.0437     0.0000      98.73    97.4814     0.0707      53514    6.04737    0.00000    34.9273    34.9271         43 0.0000e+00
   1874.000   1848.091     3.2672     3.2677  32.653320  32.653527    6.04670     1.7858 8.2174e+02    -0.0444     0.0000      98.73    97.4835     0.0707      53557    6.04666    0.00000    34.9274    34.9271         43 0.0000e+00
   1876.000   1850.055     3.2621     3.2626  32.649123  32.649654    6.04622     1.7852 8.3523e+02    -0.0439     0.0000      98.73    97.4861     0.0707      53601    6.04618    0.00000    34.9269    34.9269         45 0.0000e+00
   1878.000   1852.019     3.2608     3.2614  32.648778  32.649043    6.04446     1.7845 8.4214e+02    -0.0449     0.0000      98.73    97.4826     0.0707      53648    6.04445    0.00000    34.9269    34.9265         50 0.0000e+00
   1880.000   1853.983     3.2639     3.2645  32.652876  32.653140    6.04349     1.7840 8.5070e+02    -0.0438     0.0000      98.73    97.4936     0.0707      53702    6.04346    0.00000    34.9275    34.9272         58 0.0000e+00
   1882.000   1855.946     3.2676     3.2682  32.657764  32.657829    6.04428     1.7840 8.6970e+02    -0.0438     0.0000      98.73    97.4936     0.0707      53757    6.04416    0.00000    34.9284    34.9279         51 0.0000e+00
   1884.000   1857.909     3.2704     3.2710  32.661704  32.661894    6.04513     1.7839 8.5345e+02    -0.0439     0.0000      98.73    97.4899     0.0707      53804    6.04493    0.00000    34.9292    34.9289         41 0.0000e+00
   1886.000   1859.873     3.2709     3.2715  32.663128  32.663413    6.04384     1.7834 8.2066e+02    -0.0443     0.0000      98.73    97.4969     0.0707      53843    6.04366    0.00000    34.9295    34.9292         38 0.0000e+00
   1888.000   1861.837     3.2678     3.2685  32.661170  32.661630    6.04291     1.7827 8.1175e+02    -0.0446     0.0000      98.73    97.4969     0.0707      53884    6.04276    0.00000    34.9294    34.9292         48 0.0000e+00
   1890.000   1863.800     3.2639     3.2641  32.658161  32.658139    6.03972     1.7816 8.4677e+02    -0.0438     0.0000      98.73    97.4904     0.0707      53939    6.03966    0.00000    34.9290    34.9287         56 0.0000e+00
   1892.000   1865.764     3.2653     3.2660  32.660815  32.661219    6.03644     1.7807 8.8311e+02    -0.0449     0.0000      98.73    97.4950     0.0707      53989    6.03644    0.00000    34.9296    34.9295         45 0.0000e+00
   1894.000   1867.727     3.2637     3.2642  32.660035  32.660271    6.03697     1.7804 9.1484e+02    -0.0439     0.0000      98.73    97.4968     0.0707      54036    6.03690    0.00000    34.9295    34.9292         56 0.0000e+00
   1896.000   1869.691     3.2637     3.2642  32.660835  32.661051    6.03346     1.7793 9.7617e+02    -0.0436     0.0000      98.73    97.4969     0.0707      54098    6.03339    0.00000    34.9295    34.9292         56 0.0000e+00
   1898.000   1871.654     3.2634     3.2638  32.661499  32.661830    6.03473     1.7792 1.0392e+03    -0.0441     0.0000      98.73    97.4969     0.0707      54141    6.03439    0.00000    34.9296    34.9296         36 0.0000e+00
   1900.000   1873.618     3.2628     3.2634  32.662070  32.662290    6.03581     1.7792 1.0980e+03    -0.0449     0.0000      98.73    97.4969     0.0707      54177    6.03602    0.00000    34.9299    34.9296         37 0.0000e+00
   1902.000   1875.581     3.2629     3.2634  32.663118  32.663348    6.03725     1.7791 1.1415e+03    -0.0442     0.0000      98.73    97.4969     0.0707      54218    6.03709    0.00000    34.9302    34.9299         46 0.0000e+00
   1904.000   1877.545     3.2621     3.2627  32.663358  32.663628    6.03495     1.7783 1.1619e+03    -0.0444     0.0000      98.73    97.4969     0.0707      54268    6.03483    0.00000    34.9303    34.9300         53 0.0000e+00
   1906.000   1879.508     3.2611     3.2616  32.663233  32.663490    6.03125     1.7770 1.2114e+03    -0.0444     0.0000      98.73    97.4969     0.0707      54328    6.03038    0.00000    34.9302    34.9300         72 0.0000e+00
   1908.000   1881.471     3.2608     3.2612  32.663718  32.663981    6.03138     1.7768 1.2527e+03    -0.0442     0.0000      98.73    97.4969     0.0707      54393    6.03108    0.00000    34.9302    34.9300         46 0.0000e+00
   1910.000   1883.435     3.2606     3.2611  32.664354  32.664584    6.03288     1.7768 1.2815e+03    -0.0441     0.0000      98.73    97.4969     0.0707      54429    6.03271    0.00000    34.9302    34.9299         32 0.0000e+00
   1912.000   1885.398     3.2598     3.2603  32.664536  32.664806    6.03334     1.7765 1.3198e+03    -0.0443     0.0000      98.73    97.4969     0.0707      54461    6.03314    0.00000    34.9303    34.9301         35 0.0000e+00
   1914.000   1887.361     3.2586     3.2591  32.664231  32.664495    6.02867     1.7752 1.3575e+03    -0.0439     0.0000      98.73    97.4969     0.0707      54508    6.02860    0.00000    34.9302    34.9300         60 0.0000e+00
   1916.000   1889.324     3.2578     3.2584  32.664375  32.664703    6.02657     1.7744 1.3605e+03    -0.0440     0.0000      98.73    97.4970     0.0707      54570    6.02652    0.00000    34.9303    34.9301         57 0.0000e+00
   1918.000   1891.288     3.2543     3.2548  32.662155  32.662452    6.02877     1.7744 1.3390e+03    -0.0441     0.0000      98.73    97.5010     0.0707      54619    6.02848    0.00000    34.9304    34.9302         42 0.0000e+00
   1920.000   1893.251     3.2519     3.2524  32.660784  32.661100    6.03085     1.7744 1.3341e+03    -0.0445     0.0000      98.73    97.4985     0.0707      54656    6.03051    0.00000    34.9302    34.9302         35 0.0000e+00
   1922.000   1895.214     3.2489     3.2495  32.658965  32.659245    6.03156     1.7741 1.3474e+03    -0.0442     0.0000      98.73    97.4968     0.0707      54693    6.03104    0.00000    34.9303    34.9300         44 0.0000e+00
   1924.000   1897.178     3.2481     3.2487  32.658880  32.659171    6.02869     1.7731 1.3519e+03    -0.0442     0.0000      98.73    97.4969     0.0707      54767    6.02798    0.00000    34.9301    34.9298         80 0.0000e+00
   1926.000   1899.141     3.2443     3.2446  32.656290  32.656571    6.03440     1.7739 1.3496e+03    -0.0445     0.0000      98.73    97.4978     0.0707      54819    6.03429    0.00000    34.9301    34.9301         36 0.0000e+00
   1928.000   1901.104     3.2404     3.2410  32.653503  32.653803    6.03862     1.7744 1.3753e+03    -0.0441     0.0000      98.73    97.4905     0.0707      54853    6.03855    0.00000    34.9299    34.9297         35 0.0000e+00
   1930.000   1903.067     3.2391     3.2395  32.652918  32.653191    6.03847     1.7740 1.3995e+03    -0.0445     0.0000      98.73    97.4965     0.0707      54889    6.03842    0.00000    34.9297    34.9296         37 0.0000e+00
