Ship_data/Irminger/Irminger-2/ctd/process/OOI/at30_009.ros
* Sea-Bird SBE 9 Data File:
* FileName = C:\data\ctd\at30_009.hex
* Software Version Seasave V 7.21f
* Temperature SN = 2265
* Conductivity SN = 3021
* Number of Bytes Per Scan = 40
* Number of Voltage Words = 5
* Number of Scans Averaged by the Deck Unit = 1
* NMEA Latitude = 59 42.40 N
* NMEA Longitude = 039 19.92 W
* NMEA UTC (Time) = Aug 19 2015  15:06:00
** FLMB 1 for cal
# nquan = 17
# nvalues = 588                                   
# units = specified
# name 0 = prDM: Pressure, Digiquartz [db]
# name 1 = depSM: Depth [salt water, m]
# name 2 = t090C: Temperature [ITS-90, deg C]
# name 3 = t190C: Temperature, 2 [ITS-90, deg C]
# name 4 = c0mS/cm: Conductivity [mS/cm]
# name 5 = c1mS/cm: Conductivity, 2 [mS/cm]
# name 6 = sbeox0ML/L: Oxygen, SBE 43 [ml/l]
# name 7 = sbeox0V: Oxygen raw, SBE 43 [V]
# name 8 = spar: SPAR/Surface Irradiance
# name 9 = flECO-AFL: Fluorescence, WET Labs ECO-AFL/FL [mg/m^3]
# name 10 = v2: Voltage 2
# name 11 = altM: Altimeter [m]
# name 12 = CStarTr0: Beam Transmission, WET Labs C-Star [%]
# name 13 = turbWETntu0: Turbidity, WET Labs ECO [NTU]
# name 14 = scan: Scan Count
# name 15 = nbf: Bottles Fired
# name 16 = flag:  0.000e+00
# interval = seconds: 0.0416667
# start_time = Aug 19 2015 15:06:00 [NMEA time, header]
# bad_flag = -9.990e-29
*END*
[from data line 86]
   2437.826   2400.952     2.6999     2.7009  32.370882  32.370847    6.14642     1.6963 3.6085e+02    -0.0219     0.0000      98.78    97.5493     0.0731      95742          2  0.000e+00
   2437.843   2400.968     2.7001     2.7005  32.370822  32.371417    6.14643     1.6963 3.5884e+02    -0.0219     0.0000      98.78    97.5754     0.0731      95743          2  0.000e+00
   2437.692   2400.820     2.6998     2.7009  32.370822  32.371132    6.15288     1.6976 3.5884e+02    -0.0219     0.0000      98.78    97.5493     0.0731      95744          2  0.000e+00
   2437.776   2400.902     2.6999     2.7009  32.371062  32.371132    6.15291     1.6976 3.6085e+02    -0.0219     0.0000      98.78    97.5493     0.0731      95745          2  0.000e+00
   2437.759   2400.886     2.6997     2.7009  32.370702  32.371132    6.14641     1.6963 3.6085e+02    -0.0145     0.0000      98.78    97.5754     0.0731      95746          2  0.000e+00
   2437.717   2400.844     2.6997     2.7009  32.370762  32.371417    6.14638     1.6963 3.6085e+02    -0.0219     0.0000      98.78    97.5754     0.0731      95747          2  0.000e+00
   2437.692   2400.820     2.6998     2.7011  32.370642  32.371417    6.14635     1.6963 3.6085e+02    -0.0219     0.0000      98.78    97.5493     0.0731      95748          2  0.000e+00
   2437.649   2400.778     2.6997     2.7007  32.370702  32.371132    6.14633     1.6963 3.6085e+02    -0.0145     0.0000      98.78    97.5754     0.0731      95749          2  0.000e+00
   2437.633   2400.762     2.6995     2.7009  32.370641  32.371131    6.14634     1.6963 3.6085e+02    -0.0219     0.0000      98.78    97.5754     0.0731      95750          2  0.000e+00
   2437.582   2400.712     2.6998     2.7008  32.370581  32.371131    6.14627     1.6963 3.6085e+02    -0.0145     0.0000      98.78    97.5754     0.0731      95751          2  0.000e+00
   2437.633   2400.762     2.6998     2.7007  32.370341  32.371132    6.14632     1.6963 3.6085e+02    -0.0145     0.0000      98.78    97.5754     0.0731      95752          2  0.000e+00
   2437.582   2400.712     2.6995     2.7007  32.370221  32.370846    6.15286     1.6976 3.6085e+02    -0.0145     0.0000      98.78    97.5493     0.0731      95753          2  0.000e+00
   2131.683   2100.939     3.0771     3.0778  32.591822  32.591661    6.06106     1.7404 3.5684e+02    -0.0219     0.0000      98.78    97.5754     0.0731     105681          3  0.000e+00
   2131.683   2100.939     3.0773     3.0779  32.591701  32.592233    6.06104     1.7404 3.5884e+02    -0.0219     0.0000      98.78    97.6016     0.0731     105682          3  0.000e+00
   2131.683   2100.939     3.0771     3.0779  32.591882  32.591890    6.06106     1.7404 3.5684e+02    -0.0219     0.0000      98.78    97.6016     0.0731     105683          3  0.000e+00
   2131.683   2100.939     3.0769     3.0779  32.591762  32.591947    6.06109     1.7404 3.5684e+02    -0.0145     0.0000      98.78    97.6016     0.0731     105684          3  0.000e+00
   2131.683   2100.939     3.0773     3.0779  32.591701  32.591947    6.05485     1.7392 3.5884e+02    -0.0219     0.0000      98.78    97.6016     0.0731     105685          3  0.000e+00
   2131.683   2100.939     3.0769     3.0776  32.591461  32.592519    6.05491     1.7392 3.5684e+02    -0.0219     0.0000      98.78    97.5754     0.0731     105686          3  0.000e+00
   2131.625   2100.882     3.0771     3.0781  32.591822  32.592232    6.05482     1.7392 3.5884e+02    -0.0145     0.0000      98.78    97.6016     0.0731     105687          3  0.000e+00
   2131.683   2100.939     3.0770     3.0778  32.592003  32.591947    6.05488     1.7392 3.5884e+02    -0.0219     0.0000      98.78    97.5754     0.0731     105688          3  0.000e+00
   2131.683   2100.939     3.0771     3.0781  32.591822  32.592175    6.05487     1.7392 3.5684e+02    -0.0219     0.0000      98.78    97.6016     0.0731     105689          3  0.000e+00
   2131.616   2100.874     3.0771     3.0779  32.591220  32.592576    6.05485     1.7392 3.5684e+02    -0.0219     0.0000      98.78    97.6016     0.0731     105690          3  0.000e+00
   2131.683   2100.939     3.0770     3.0782  32.591762  32.592519    6.05489     1.7392 3.5884e+02    -0.0219     0.0000      98.78    97.6016     0.0731     105691          3  0.000e+00
   2131.625   2100.882     3.0769     3.0781  32.591641  32.592576    6.05485     1.7392 3.5684e+02    -0.0219     0.0000      98.78    97.6016     0.0731     105692          3  0.000e+00
   2131.616   2100.874     3.0769     3.0778  32.591822  32.592232    6.06104     1.7404 3.5684e+02    -0.0145     0.0000      98.78    97.6016     0.0731     105693          3  0.000e+00
   2131.683   2100.939     3.0773     3.0781  32.591762  32.591890    6.06104     1.7404 3.5684e+02    -0.0219     0.0000      98.78    97.6016     0.0731     105694          3  0.000e+00
   2131.616   2100.874     3.0771     3.0779  32.591701  32.591947    6.06101     1.7404 3.5684e+02    -0.0145     0.0000      98.78    97.5754     0.0731     105695          3  0.000e+00
   2131.683   2100.939     3.0769     3.0781  32.591702  32.591947    6.05491     1.7392 3.5684e+02    -0.0219     0.0000      98.78    97.6016     0.0731     105696          3  0.000e+00
   2131.549   2100.808     3.0771     3.0781  32.591460  32.592518    6.05478     1.7392 3.5884e+02    -0.0145     0.0000      98.78    97.6016     0.0731     105697          3  0.000e+00
   2131.683   2100.939     3.0769     3.0779  32.591581  32.592233    6.05490     1.7392 3.5684e+02    -0.0219     0.0000      98.78    97.6016     0.0731     105698          3  0.000e+00
   2131.625   2100.882     3.0770     3.0781  32.591882  32.592232    6.05483     1.7392 3.5884e+02    -0.0219     0.0000      98.78    97.6016     0.0731     105699          3  0.000e+00
   2131.616   2100.874     3.0771     3.0782  32.592002  32.592518    6.05481     1.7392 3.5884e+02    -0.0145     0.0000      98.78    97.6016     0.0731     105700          3  0.000e+00
   2131.625   2100.882     3.0771     3.0779  32.592183  32.591661    6.05480     1.7392 3.5684e+02    -0.0219     0.0000      98.78    97.5754     0.0731     105701          3  0.000e+00
   2131.549   2100.808     3.0772     3.0781  32.591701  32.592575    6.06095     1.7404 3.5684e+02    -0.0219     0.0000      98.78    97.5754     0.0731     105702          3  0.000e+00
   2131.683   2100.939     3.0769     3.0781  32.591641  32.592519    6.05490     1.7392 3.5884e+02    -0.0145     0.0000      98.78    97.5754     0.0731     105703          3  0.000e+00
   2131.549   2100.808     3.0773     3.0779  32.591701  32.592232    6.05474     1.7392 3.5884e+02    -0.0219     0.0000      98.78    97.5754     0.0731     105704          3  0.000e+00
   2131.683   2100.939     3.0773     3.0781  32.591641  32.592175    6.05486     1.7392 3.5884e+02    -0.0145     0.0000      98.78    97.5754     0.0731     105705          3  0.000e+00
   2131.558   2100.816     3.0773     3.0778  32.592123  32.591946    6.05473     1.7392 3.5884e+02    -0.0219     0.0000      98.78    97.6016     0.0731     105706          3  0.000e+00
   2131.616   2100.874     3.0773     3.0781  32.591822  32.592232    6.05479     1.7392 3.5684e+02    -0.0219     0.0000      98.78    97.5754     0.0731     105707          3  0.000e+00
   2131.625   2100.882     3.0771     3.0781  32.591641  32.592518    6.05483     1.7392 3.5684e+02    -0.0219     0.0000      98.78    97.6016     0.0731     105708          3  0.000e+00
   2131.683   2100.939     3.0773     3.0781  32.591882  32.592233    6.05485     1.7392 3.5684e+02    -0.0219     0.0000      98.78    97.5754     0.0731     105709          3  0.000e+00
   2131.625   2100.882     3.0770     3.0779  32.591822  32.592232    6.05484     1.7392 3.5884e+02    -0.0219     0.0000      98.78    97.5754     0.0731     105710          3  0.000e+00
   2131.616   2100.874     3.0769     3.0779  32.591882  32.592175    6.05484     1.7392 3.5684e+02    -0.0145     0.0000      98.78    97.5754     0.0731     105711          3  0.000e+00
   2131.625   2100.882     3.0769     3.0779  32.591762  32.592576    6.04866     1.7379 3.5684e+02    -0.0219     0.0000      98.78    97.6016     0.0731     105712          3  0.000e+00
   2131.625   2100.882     3.0767     3.0779  32.591701  32.592232    6.05488     1.7392 3.5684e+02    -0.0219     0.0000      98.78    97.6016     0.0731     105713          3  0.000e+00
   2131.616   2100.874     3.0769     3.0781  32.591701  32.591889    6.06104     1.7404 3.5884e+02    -0.0145     0.0000      98.78    97.6016     0.0731     105714          3  0.000e+00
   2131.684   2100.940     3.0769     3.0779  32.591280  32.592233    6.05493     1.7392 3.5884e+02    -0.0219     0.0000      98.78    97.6016     0.0731     105715          3  0.000e+00
   2131.616   2100.874     3.0769     3.0781  32.591762  32.591947    6.05484     1.7392 3.5884e+02    -0.0219     0.0000      98.78    97.6016     0.0731     105716          3  0.000e+00
   2131.684   2100.940     3.0769     3.0778  32.591641  32.592175    6.06109     1.7404 3.5684e+02    -0.0145     0.0000      98.78    97.6016     0.0731     105717          3  0.000e+00
   2131.616   2100.874     3.0769     3.0781  32.591822  32.592576    6.05485     1.7392 3.5684e+02    -0.0219     0.0000      98.78    97.6016     0.0731     105718          3  0.000e+00
   2131.625   2100.882     3.0773     3.0779  32.591581  32.592175    6.06101     1.7404 3.5684e+02    -0.0219     0.0000      98.78    97.5754     0.0731     105719          3  0.000e+00
   2131.684   2100.940     3.0768     3.0779  32.591641  32.592233    6.05492     1.7392 3.5684e+02    -0.0219     0.0000      98.78    97.5754     0.0731     105720          3  0.000e+00
   2131.684   2100.940     3.0770     3.0781  32.591461  32.592233    6.05490     1.7392 3.5684e+02    -0.0219     0.0000      98.78    97.6016     0.0731     105721          3  0.000e+00
   2131.684   2100.940     3.0769     3.0779  32.591822  32.591890    6.05489     1.7392 3.5684e+02    -0.0219     0.0000      98.78    97.6016     0.0731     105722          3  0.000e+00
   2131.684   2100.940     3.0769     3.0782  32.592003  32.592576    6.05489     1.7392 3.5884e+02    -0.0145     0.0000      98.78    97.5754     0.0731     105723          3  0.000e+00
   2131.684   2100.940     3.0771     3.0779  32.592003  32.592233    6.05486     1.7392 3.5684e+02    -0.0219     0.0000      98.78    97.6016     0.0731     105724          3  0.000e+00
   2131.684   2100.940     3.0771     3.0781  32.592003  32.592519    6.05486     1.7392 3.5684e+02    -0.0219     0.0000      98.78    97.5754     0.0731     105725          3  0.000e+00
   2131.684   2100.940     3.0772     3.0779  32.591581  32.592233    6.05488     1.7392 3.5684e+02    -0.0145     0.0000      98.78    97.5754     0.0731     105726          3  0.000e+00
   2131.751   2101.005     3.0769     3.0779  32.591641  32.592576    6.05496     1.7392 3.5684e+02    -0.0145     0.0000      98.78    97.6016     0.0731     105727          3  0.000e+00
   2131.742   2100.997     3.0771     3.0781  32.591702  32.592519    6.05492     1.7392 3.5884e+02    -0.0219     0.0000      98.78    97.6016     0.0731     105728          3  0.000e+00
   2131.684   2100.940     3.0770     3.0779  32.591641  32.592233    6.05489     1.7392 3.5884e+02    -0.0219     0.0000      98.78    97.6016     0.0731     105729          3  0.000e+00
   1723.046   1699.825     3.3993     3.4000  32.708264  32.708622    6.05059     1.8165 3.0471e+02    -0.0219     0.0000      98.78    97.5493     0.0731     117846          4  0.000e+00
   1722.921   1699.702     3.3996     3.3999  32.708384  32.708622    6.05624     1.8177 3.0471e+02    -0.0219     0.0000      98.78    97.5493     0.0731     117847          4  0.000e+00
   1722.946   1699.727     3.3996     3.4000  32.708505  32.708908    6.05625     1.8177 3.0471e+02    -0.0219     0.0000      98.78    97.5493     0.0731     117848          4  0.000e+00
   1722.921   1699.702     3.3993     3.3999  32.708565  32.708622    6.05626     1.8177 3.0471e+02    -0.0219     0.0000      98.78    97.5493     0.0731     117849          4  0.000e+00
   1722.796   1699.579     3.3994     3.4000  32.708504  32.708621    6.05615     1.8177 3.0471e+02    -0.0145     0.0000      98.78    97.5493     0.0731     117850          4  0.000e+00
   1722.754   1699.538     3.3996     3.4000  32.708565  32.708908    6.05609     1.8177 3.0471e+02    -0.0145     0.0000      98.78    97.5493     0.0731     117851          4  0.000e+00
   1722.862   1699.645     3.3994     3.4000  32.708505  32.708622    6.05620     1.8177 3.0672e+02    -0.0219     0.0000      98.78    97.5493     0.0731     117852          4  0.000e+00
   1722.629   1699.415     3.3994     3.4000  32.708504  32.708621    6.05601     1.8177 3.0672e+02    -0.0219     0.0000      98.78    97.5493     0.0731     117853          4  0.000e+00
   1722.862   1699.645     3.3994     3.3999  32.708565  32.708622    6.05620     1.8177 3.0471e+02    -0.0145     0.0000      98.78    97.5493     0.0731     117854          4  0.000e+00
   1722.671   1699.456     3.3996     3.3997  32.708323  32.708621    6.05603     1.8177 3.0471e+02    -0.0219     0.0000      98.78    97.5754     0.0731     117855          4  0.000e+00
   1722.696   1699.481     3.3993     3.3999  32.708625  32.708621    6.05607     1.8177 3.0672e+02    -0.0219     0.0000      98.78    97.5493     0.0731     117856          4  0.000e+00
   1722.671   1699.456     3.3993     3.3997  32.708384  32.708621    6.05607     1.8177 3.0471e+02    -0.0145     0.0000      98.78    97.5493     0.0731     117857          4  0.000e+00
   1722.629   1699.415     3.3992     3.3999  32.708444  32.708277    6.05605     1.8177 3.0471e+02    -0.0219     0.0000      98.78    97.5754     0.0731     117858          4  0.000e+00
   1722.612   1699.399     3.3993     3.3999  32.708142  32.709193    6.05023     1.8165 3.0471e+02    -0.0219     0.0000      98.78    97.5754     0.0731     117859          4  0.000e+00
   1722.612   1699.399     3.3993     3.3996  32.708383  32.708621    6.05023     1.8165 3.0471e+02    -0.0145     0.0000      98.78    97.5493     0.0731     117860          4  0.000e+00
   1722.571   1699.358     3.3992     3.3999  32.708564  32.708621    6.05600     1.8177 3.0672e+02    -0.0145     0.0000      98.78    97.5754     0.0731     117861          4  0.000e+00
   1722.612   1699.399     3.3993     3.3997  32.708323  32.708621    6.05602     1.8177 3.0471e+02    -0.0219     0.0000      98.78    97.5754     0.0731     117862          4  0.000e+00
   1722.504   1699.293     3.3990     3.3997  32.708202  32.708620    6.05019     1.8165 3.0672e+02    -0.0219     0.0000      98.78    97.5493     0.0731     117863          4  0.000e+00
   1722.612   1699.399     3.3992     3.3997  32.708263  32.708277    6.05025     1.8165 3.0471e+02    -0.0145     0.0000      98.78    97.5754     0.0731     117864          4  0.000e+00
   1722.546   1699.334     3.3990     3.3997  32.708202  32.708907    6.05601     1.8177 3.0471e+02    -0.0219     0.0000      98.78    97.5754     0.0731     117865          4  0.000e+00
   1722.504   1699.293     3.3992     3.3997  32.708262  32.708277    6.05016     1.8165 3.0471e+02    -0.0219     0.0000      98.78    97.5493     0.0731     117866          4  0.000e+00
   1722.487   1699.276     3.3992     3.3999  32.708202  32.708277    6.05594     1.8177 3.0471e+02    -0.0219     0.0000      98.78    97.5493     0.0731     117867          4  0.000e+00
   1722.546   1699.334     3.3992     3.3997  32.708202  32.708621    6.05599     1.8177 3.0672e+02    -0.0219     0.0000      98.78    97.5754     0.0731     117868          4  0.000e+00
