Ship_data/Irminger/Irminger-2/ctd/process/OOI/at30_011.cnv
* Sea-Bird SBE 9 Data File:
* FileName = C:\data\ctd\at30_011.hex
* Software Version Seasave V 7.21f
* Temperature SN = 2265
* Conductivity SN = 3021
* Number of Bytes Per Scan = 40
* Number of Voltage Words = 5
* Number of Scans Averaged by the Deck Unit = 1
* NMEA Latitude = 59 41.19 N
* NMEA Longitude = 039 21.93 W
* NMEA UTC (Time) = Aug 21 2015  19:14:51
** cal val post deployment at FLMB2
# nquan = 21
# nvalues = 2857                        
# units = specified
# name 0 = prDM: Pressure, Digiquartz [db]
# name 1 = depSM: Depth [salt water, m]
# name 2 = t090C: Temperature [ITS-90, deg C]
# name 3 = t190C: Temperature, 2 [ITS-90, deg C]
# name 4 = c0mS/cm: Conductivity [mS/cm]
# name 5 = c1mS/cm: Conductivity, 2 [mS/cm]
# name 6 = sbeox0ML/L: Oxygen, SBE 43 [ml/l]
# name 7 = sbeox0V: Oxygen raw, SBE 43 [V]
# name 8 = spar: SPAR/Surface Irradiance
# name 9 = flECO-AFL: Fluorescence, WET Labs ECO-AFL/FL [mg/m^3]
# name 10 = v2: Voltage 2
# name 11 = altM: Altimeter [m]
# name 12 = CStarTr0: Beam Transmission, WET Labs C-Star [%]
# name 13 = turbWETntu0: Turbidity, WET Labs ECO [NTU]
# name 14 = scan: Scan Count
# name 15 = sbeox0ML/L: Oxygen, SBE 43 [ml/l], WS = 2
# name 16 = sbeox0dOV/dT: Oxygen, SBE 43 [dov/dt], WS = 2
# name 17 = sal00: Salinity, Practical [PSU]
# name 18 = sal11: Salinity, Practical, 2 [PSU]
# name 19 = nbin: number of scans per bin
# name 20 = flag: flag
# span 0 =      2.000,   2858.000       
# span 1 =      1.981,   2812.034       
# span 2 =     1.5246,     8.7298       
# span 3 =     1.5253,     8.7300       
# span 4 =  31.485401,  36.766601       
# span 5 =  31.485595,  36.765933       
# span 6 =    6.00693,    6.99476       
# span 7 =     1.6757,     2.5374       
# span 8 = 1.9531e+02, 1.7177e+03       
# span 9 =    -0.0712,     1.9068       
# span 10 =     0.0000,     0.0000      
# span 11 =      17.75,      98.99      
# span 12 =    93.7140,    97.5233      
# span 13 =     0.0673,     0.1222      
# span 14 =        766,     186772      
# span 15 =    6.00679,    6.99570      
# span 16 =    0.00000,    0.00000      
# span 17 =    34.8480,    34.9371      
# span 18 =    34.8451,    34.9371      
# span 19 =         14,        138      
# span 20 = 0.0000e+00, 0.0000e+00      
# interval = decibars: 2                
# start_time = Aug 21 2015 19:14:51 [NMEA time, header]
# bad_flag = -9.990e-29
*END*
[from data line 1380]
   2762.000   2718.181     1.7023     1.7031  31.605195  31.605621    6.56979     1.6897 1.3009e+03    -0.0445     0.0000      98.73    96.9416     0.0700      75167    6.56956    0.00000    34.9018    34.9015         53 0.0000e+00
   2764.000   2720.137     1.7029     1.7042  31.606425  31.607311    6.56325     1.6883 1.0932e+03    -0.0441     0.0000      98.73    96.9506     0.0700      75352    6.56318    0.00000    34.9017    34.9014        104 0.0000e+00
   2766.000   2722.092     1.7023     1.7027  31.606688  31.606873    6.56608     1.6885 1.1011e+03    -0.0449     0.0000      98.73    96.9482     0.0701      75408    6.56606    0.00000    34.9018    34.9015         44 0.0000e+00
   2768.000   2724.048     1.7013     1.7018  31.606722  31.606998    6.56777     1.6885 1.1342e+03    -0.0446     0.0000      98.73    96.9399     0.0700      75448    6.56800    0.00000    34.9019    34.9017         42 0.0000e+00
   2770.000   2726.004     1.7010     1.7018  31.607096  31.607532    6.56446     1.6876 1.1184e+03    -0.0442     0.0000      98.73    96.9372     0.0700      75587    6.56456    0.00000    34.9018    34.9015         60 0.0000e+00
   2772.000   2727.959     1.7004     1.7009  31.607283  31.607616    6.56525     1.6874 1.0986e+03    -0.0440     0.0000      98.73    96.9348     0.0698      75677    6.56532    0.00000    34.9017    34.9016         58 0.0000e+00
   2774.000   2729.915     1.7006     1.7012  31.608092  31.608413    6.56603     1.6874 1.0863e+03    -0.0446     0.0000      98.73    96.9400     0.0699      75745    6.56700    0.00000    34.9016    34.9014         78 0.0000e+00
   2776.000   2731.870     1.7001     1.7012  31.608481  31.609048    6.56323     1.6862 1.0523e+03    -0.0443     0.0000      98.73    96.9514     0.0701      75877    6.56227    0.00000    34.9017    34.9012        101 0.0000e+00
   2778.000   2733.826     1.6990     1.6996  31.608338  31.608634    6.56493     1.6862 1.0151e+03    -0.0440     0.0000      98.73    96.9400     0.0697      75967    6.56408    0.00000    34.9017    34.9015         70 0.0000e+00
   2780.000   2735.781     1.6974     1.6982  31.607657  31.608021    6.56661     1.6863 1.0057e+03    -0.0443     0.0000      98.73    96.9365     0.0699      76041    6.56662    0.00000    34.9016    34.9012         96 0.0000e+00
   2782.000   2737.737     1.6972     1.6980  31.608244  31.608691    6.56659     1.6860 9.3092e+02    -0.0443     0.0000      98.73    96.9291     0.0702      76149    6.56655    0.00000    34.9016    34.9013         97 0.0000e+00
   2784.000   2739.692     1.6970     1.6977  31.608822  31.609128    6.56396     1.6851 8.6629e+02    -0.0447     0.0000      98.73    96.9328     0.0699      76243    6.56323    0.00000    34.9017    34.9013         89 0.0000e+00
   2786.000   2741.648     1.6972     1.6978  31.609792  31.610088    6.56398     1.6849 8.4249e+02    -0.0441     0.0000      98.73    96.9369     0.0697      76326    6.56372    0.00000    34.9017    34.9014         73 0.0000e+00
   2788.000   2743.603     1.6972     1.6977  31.610636  31.610927    6.56019     1.6839 8.0009e+02    -0.0444     0.0000      98.73    96.9311     0.0695      76440    6.55998    0.00000    34.9019    34.9016         68 0.0000e+00
   2790.000   2745.559     1.6962     1.6969  31.610609  31.610895    6.56241     1.6840 7.9022e+02    -0.0448     0.0000      98.73    96.9321     0.0697      76513    6.56245    0.00000    34.9019    34.9015         92 0.0000e+00
   2792.000   2747.514     1.6959     1.6966  31.611031  31.611334    6.56414     1.6839 7.6287e+02    -0.0447     0.0000      98.73    96.9449     0.0696      76618    6.56397    0.00000    34.9018    34.9014         96 0.0000e+00
   2794.000   2749.470     1.6957     1.6965  31.611704  31.612025    6.56141     1.6831 7.7995e+02    -0.0444     0.0000      98.73    96.8747     0.0697      76704    6.56097    0.00000    34.9019    34.9015         86 0.0000e+00
   2796.000   2751.425     1.6930     1.6937  31.610218  31.610674    6.56183     1.6829 7.1391e+02    -0.0442     0.0000      98.73    96.9321     0.0700      76829    6.56175    0.00000    34.9020    34.9018         71 0.0000e+00
   2798.000   2753.380     1.6904     1.6909  31.608647  31.608894    6.56525     1.6829 7.1581e+02    -0.0442     0.0000      98.73    96.9023     0.0700      76878    6.56418    0.00000    34.9020    34.9017         49 0.0000e+00
   2800.000   2755.336     1.6863     1.6867  31.605629  31.605922    6.56583     1.6827 6.9232e+02    -0.0438     0.0000      98.73    96.9017     0.0700      76999    6.56572    0.00000    34.9018    34.9017         89 0.0000e+00
   2802.000   2757.291     1.6560     1.6572  31.579644  31.581193    6.57049     1.6822 6.7073e+02    -0.0444     0.0000      98.73    96.9197     0.0704      77102    6.57042    0.00000    34.9014    34.9020         78 0.0000e+00
   2804.000   2759.246     1.6506     1.6512  31.576217  31.576600    6.57572     1.6826 6.7892e+02    -0.0439     0.0000      98.73    96.8937     0.0700      77160    6.57570    0.00000    34.9019    34.9017         57 0.0000e+00
   2806.000   2761.202     1.6450     1.6456  31.572086  31.572447    6.57426     1.6819 6.6909e+02    -0.0444     0.0000      98.73    96.8661     0.0706      77287    6.57448    0.00000    34.9019    34.9018         95 0.0000e+00
   2808.000   2763.157     1.6357     1.6363  31.565072  31.565387    6.57647     1.6819 6.6055e+02    -0.0442     0.0000      98.73    96.8687     0.0707      77389    6.57793    0.00000    34.9024    34.9021         64 0.0000e+00
   2810.000   2765.112     1.6344     1.6349  31.564743  31.564939    6.57909     1.6819 6.4776e+02    -0.0443     0.0000      98.73    96.8467     0.0707      77438    6.58006    0.00000    34.9024    34.9021         54 0.0000e+00
   2812.000   2767.067     1.6331     1.6337  31.564339  31.564539    6.57427     1.6807 6.5050e+02    -0.0450     0.0000      98.73    96.8301     0.0707      77569    6.57521    0.00000    34.9023    34.9020         75 0.0000e+00
   2814.000   2769.023     1.6315     1.6321  31.563615  31.563887    6.57480     1.6803 6.4275e+02    -0.0440     0.0000      98.73    96.8221     0.0707      77650    6.57477    0.00000    34.9023    34.9019         77 0.0000e+00
   2816.000   2770.978     1.6310     1.6316  31.564048  31.564287    6.57242     1.6794 6.5146e+02    -0.0447     0.0000      98.73    96.8328     0.0707      77750    6.57187    0.00000    34.9024    34.9020         69 0.0000e+00
   2818.000   2772.933     1.6308     1.6314  31.564543  31.564797    6.57460     1.6795 6.4934e+02    -0.0442     0.0000      98.73    96.8107     0.0707      77829    6.57427    0.00000    34.9022    34.9019         73 0.0000e+00
   2820.000   2774.888     1.6302     1.6308  31.564891  31.565140    6.57651     1.6796 6.5483e+02    -0.0445     0.0000      98.73    96.7722     0.0707      77943    6.57648    0.00000    34.9024    34.9020         56 0.0000e+00
   2822.000   2776.844     1.6285     1.6292  31.563880  31.564194    6.57878     1.6796 6.5129e+02    -0.0444     0.0000      98.73    96.7882     0.0707      78018    6.57857    0.00000    34.9021    34.9017         97 0.0000e+00
   2824.000   2778.799     1.6243     1.6251  31.560909  31.561249    6.57704     1.6789 6.5547e+02    -0.0446     0.0000      98.73    96.8058     0.0707      78125    6.57726    0.00000    34.9020    34.9016        105 0.0000e+00
   2826.000   2780.754     1.6208     1.6214  31.558516  31.558764    6.57763     1.6786 6.5422e+02    -0.0442     0.0000      98.73    96.7602     0.0704      78208    6.57762    0.00000    34.9018    34.9015         67 0.0000e+00
   2828.000   2782.709     1.6160     1.6170  31.554967  31.555454    6.57892     1.6783 6.5667e+02    -0.0455     0.0000      98.33    96.7533     0.0702      78322    6.57890    0.00000    34.9017    34.9012         80 0.0000e+00
   2830.000   2784.664     1.6107     1.6111  31.551538  31.551643    6.58292     1.6785 6.4412e+02    -0.0451     0.0000      98.73    96.7632     0.0707      78421    6.58292    0.00000    34.9023    34.9019         41 0.0000e+00
   2832.000   2786.619     1.6081     1.6086  31.549889  31.549926    6.58582     1.6787 6.4293e+02    -0.0461     0.0000      95.63    96.7416     0.0706      78476    6.58595    0.00000    34.9021    34.9016         58 0.0000e+00
   2834.000   2788.574     1.6075     1.6083  31.550007  31.550411    6.58766     1.6786 6.4327e+02    -0.0524     0.0000      78.69    96.7409     0.0704      78618    6.58762    0.00000    34.9019    34.9015         83 0.0000e+00
   2836.000   2790.529     1.6019     1.6028  31.545768  31.546300    6.59141     1.6788 6.3530e+02    -0.0557     0.0000      69.71    96.7149     0.0705      78686    6.59131    0.00000    34.9018    34.9014         78 0.0000e+00
   2838.000   2792.484     1.5890     1.5905  31.534937  31.535847    6.59673     1.6790 6.3548e+02    -0.0639     0.0000      44.63    96.7826     0.0703      78782    6.59667    0.00000    34.9013    34.9009        103 0.0000e+00
   2840.000   2794.439     1.5835     1.5842  31.530853  31.531068    6.59871     1.6788 6.3070e+02    -0.0655     0.0000      38.99    96.8229     0.0707      78893    6.59861    0.00000    34.9013    34.9008         76 0.0000e+00
   2842.000   2796.394     1.5776     1.5784  31.526465  31.526827    6.59179     1.6771 6.2127e+02    -0.0477     0.0000      88.32    96.8346     0.0706      79041    6.59167    0.00000    34.9012    34.9008         77 0.0000e+00
   2844.000   2798.349     1.5707     1.5714  31.521258  31.521584    6.60203     1.6783 6.1099e+02    -0.0601     0.0000      49.56    96.8582     0.0703      79180    6.60201    0.00000    34.9013    34.9009         82 0.0000e+00
   2846.000   2800.304     1.5619     1.5627  31.514409  31.514842    6.60253     1.6778 6.0633e+02    -0.0623     0.0000      41.31    96.7967     0.0706      79352    6.60243    0.00000    34.9014    34.9011         86 0.0000e+00
   2848.000   2802.259     1.5531     1.5539  31.507556  31.507960    6.60485     1.6776 5.8989e+02    -0.0617     0.0000      41.22    96.8300     0.0703      79487    6.60477    0.00000    34.9015    34.9011         64 0.0000e+00
   2850.000   2804.214     1.5463     1.5469  31.502146  31.502399    6.60854     1.6777 6.0409e+02    -0.0645     0.0000      24.81    96.8365     0.0707      79637    6.60853    0.00000    34.9012    34.9008         86 0.0000e+00
   2852.000   2806.169     1.5446     1.5453  31.501728  31.501966    6.61121     1.6778 6.0004e+02    -0.0625     0.0000      24.25    96.8362     0.0707      79794    6.61110    0.00000    34.9015    34.9010         51 0.0000e+00
   2854.000   2808.124     1.5300     1.5304  31.489505  31.489700    6.61399     1.6775 5.8715e+02    -0.0590     0.0000      22.25    96.8083     0.0707      79927    6.61384    0.00000    34.9012    34.9010         67 0.0000e+00
   2856.000   2810.079     1.5246     1.5253  31.485401  31.485595    6.61575     1.6772 5.9673e+02    -0.0587     0.0000      20.17    96.7672     0.0707      80527    6.61514    0.00000    34.9010    34.9005         94 0.0000e+00
   2858.000   2812.034     1.5246     1.5260  31.486034  31.486842    6.61850     1.6774 6.9209e+02    -0.0603     0.0000      17.75    96.7413     0.0707      82112    6.61801    0.00000    34.9009    34.9003         14 0.0000e+00
   2856.000   2810.079     1.5255     1.5274  31.485985  31.486929    6.61148     1.6766 6.6070e+02    -0.0585     0.0000      19.10    96.7607     0.0707      81423    6.61155    0.00000    34.9008    34.8999         55 0.0000e+00
   2854.000   2808.124     1.5294     1.5295  31.488746  31.488419    6.60816     1.6765 8.0377e+02    -0.0587     0.0000      21.08    96.7743     0.0707      82029    6.60819    0.00000    34.9009    34.9003         91 0.0000e+00
   2852.000   2806.169     1.5422     1.5425  31.499275  31.499056    6.60564     1.6767 1.1369e+03    -0.0601     0.0000      23.31    96.8296     0.0706      83136    6.60531    0.00000    34.9011    34.9005         90 0.0000e+00
   2850.000   2804.214     1.5444     1.5442  31.500367  31.499458    6.60177     1.6764 1.1508e+03    -0.0626     0.0000      24.76    96.8433     0.0702      83135    6.60157    0.00000    34.9010    34.9001         45 0.0000e+00
   2848.000   2802.259     1.5495     1.5494  31.504166  31.503352    6.59743     1.6762 1.1441e+03    -0.0642     0.0000      26.49    96.8313     0.0702      83176    6.59735    0.00000    34.9012    34.9002         43 0.0000e+00
   2846.000   2800.304     1.5572     1.5551  31.510225  31.507736    6.59927     1.6771 1.0289e+03    -0.0662     0.0000      28.75    96.8269     0.0703      83283    6.59930    0.00000    34.9012    34.9005         64 0.0000e+00
   2844.000   2798.349     1.5603     1.5589  31.512323  31.510309    6.59455     1.6767 9.8178e+02    -0.0561     0.0000      60.55    96.8374     0.0701      83357    6.59455    0.00000    34.9014    34.9005         32 0.0000e+00
   2842.000   2796.394     1.5681     1.5668  31.518466  31.516367    6.58565     1.6757 9.7985e+02    -0.0463     0.0000      94.01    96.8253     0.0703      83386    6.58565    0.00000    34.9016    34.9004         29 0.0000e+00
   2840.000   2794.439     1.5750     1.5722  31.523398  31.520370    6.58862     1.6767 9.6249e+02    -0.0586     0.0000      59.42    96.8350     0.0707      83416    6.58845    0.00000    34.9012    34.9005         33 0.0000e+00
   2838.000   2792.484     1.5780     1.5753  31.525215  31.522563    6.58295     1.6761 8.9608e+02    -0.0480     0.0000      87.39    96.8401     0.0706      83468    6.58283    0.00000    34.9012    34.9008         79 0.0000e+00
   2836.000   2790.529     1.5849     1.5823  31.530485  31.527329    6.58409     1.6769 8.2998e+02    -0.0512     0.0000      79.72    96.8406     0.0702      83544    6.58385    0.00000    34.9012    34.9001         54 0.0000e+00
   2834.000   2788.574     1.5998     1.5951  31.543076  31.537938    6.57787     1.6766 8.3614e+02    -0.0445     0.0000      98.43    96.7753     0.0703      83588    6.57774    0.00000    34.9017    34.9003         45 0.0000e+00
   2832.000   2786.619     1.6083     1.6076  31.549929  31.548625    6.57615     1.6769 8.4216e+02    -0.0437     0.0000      98.73    96.7405     0.0707      83640    6.57589    0.00000    34.9019    34.9011         54 0.0000e+00
   2830.000   2784.664     1.6101     1.6089  31.550843  31.549005    6.57389     1.6769 8.2771e+02    -0.0452     0.0000      98.73    96.7433     0.0707      83684    6.57375    0.00000    34.9020    34.9010         35 0.0000e+00
   2828.000   2782.709     1.6114     1.6121  31.551072  31.551075    6.57242     1.6770 8.1008e+02    -0.0444     0.0000      98.73    96.7370     0.0707      83716    6.57240    0.00000    34.9019    34.9011         32 0.0000e+00
   2826.000   2780.754     1.6170     1.6157  31.555172  31.553424    6.57052     1.6772 7.9077e+02    -0.0448     0.0000      98.73    96.7282     0.0707      83751    6.57056    0.00000    34.9018    34.9010         38 0.0000e+00
   2824.000   2778.799     1.6220     1.6205  31.558812  31.557028    6.57074     1.6777 7.7215e+02    -0.0444     0.0000      98.73    96.7480     0.0707      83803    6.57056    0.00000    34.9018    34.9012         70 0.0000e+00
   2822.000   2776.844     1.6264     1.6254  31.561878  31.560419    6.56990     1.6780 7.6518e+02    -0.0444     0.0000      98.73    96.7572     0.0707      83877    6.56995    0.00000    34.9019    34.9011         69 0.0000e+00
   2820.000   2774.888     1.6291     1.6275  31.563495  31.561549    6.56723     1.6779 7.7633e+02    -0.0447     0.0000      98.73    96.7850     0.0707      83934    6.56713    0.00000    34.9019    34.9012         44 0.0000e+00
