Ship_data/Irminger/Irminger-2/ctd/process/OOI/at30_005.cnv
* Sea-Bird SBE 9 Data File:
* FileName = C:\data\ctd\at30_005.hex
* Software Version Seasave V 7.21f
* Temperature SN = 2265
* Conductivity SN = 3021
* Number of Bytes Per Scan = 40
* Number of Voltage Words = 5
* Number of Scans Averaged by the Deck Unit = 1
* NMEA Latitude = 59 59.33 N
* NMEA Longitude = 039 27.67 W
* NMEA UTC (Time) = Aug 14 2015  19:36:17
# nquan = 21
# nvalues = 2702                        
# units = specified
# name 0 = prDM: Pressure, Digiquartz [db]
# name 1 = depSM: Depth [salt water, m]
# name 2 = t090C: Temperature [ITS-90, deg C]
# name 3 = t190C: Temperature, 2 [ITS-90, deg C]
# name 4 = c0mS/cm: Conductivity [mS/cm]
# name 5 = c1mS/cm: Conductivity, 2 [mS/cm]
# name 6 = sbeox0ML/L: Oxygen, SBE 43 [ml/l]
# name 7 = sbeox0V: Oxygen raw, SBE 43 [V]
# name 8 = spar: SPAR/Surface Irradiance
# name 9 = flECO-AFL: Fluorescence, WET Labs ECO-AFL/FL [mg/m^3]
# name 10 = v2: Voltage 2
# name 11 = altM: Altimeter [m]
# name 12 = CStarTr0: Beam Transmission, WET Labs C-Star [%]
# name 13 = turbWETntu0: Turbidity, WET Labs ECO [NTU]
# name 14 = scan: Scan Count
# name 15 = sbeox0ML/L: Oxygen, SBE 43 [ml/l], WS = 2
# name 16 = sbeox0dOV/dT: Oxygen, SBE 43 [dov/dt], WS = 2
# name 17 = sal00: Salinity, Practical [PSU]
# name 18 = sal11: Salinity, Practical, 2 [PSU]
# name 19 = nbin: number of scans per bin
# name 20 = flag: flag
# span 0 =      2.000,   2704.000       
# span 1 =      1.981,   2661.393       
# span 2 =     1.4170,     8.6858       
# span 3 =     1.4177,     8.6988       
# span 4 =  31.329763,  36.750811       
# span 5 =  31.329984,  36.762190       
# span 6 =    6.01332,    6.92151       
# span 7 =     1.6923,     2.5496       
# span 8 = 2.0436e+02, 1.7396e+03       
# span 9 =    -0.0309,     2.2299       
# span 10 =     0.0000,     0.0000      
# span 11 =       8.73,      99.77      
# span 12 =    92.8909,    97.4608      
# span 13 =     0.0735,     0.1341      
# span 14 =       1526,     181448      
# span 15 =    6.01324,    6.92174      
# span 16 =    0.00000,    0.00000      
# span 17 =    34.8496,    35.0152      
# span 18 =    34.8486,    35.0134      
# span 19 =         25,        129      
# span 20 = 0.0000e+00, 0.0000e+00      
# interval = decibars: 2                
# start_time = Aug 14 2015 19:36:17 [NMEA time, header]
# bad_flag = -9.990e-29
*END*
[from data line 2552]
    300.000    296.956     4.2702     4.2686  32.884192  32.882848    6.41463     2.2129 6.6087e+02    -0.0232     0.0000      98.78    97.2975     0.0780     161867    6.41453    0.00000    34.9414    34.9414         71 0.0000e+00
    298.000    294.978     4.2734     4.2695  32.886329  32.882510    6.40677     2.2113 6.6891e+02    -0.0230     0.0000      98.78    97.2987     0.0780     161924    6.40649    0.00000    34.9416    34.9412         41 0.0000e+00
    296.000    292.999     4.2775     4.2755  32.889389  32.887446    6.40026     2.2103 6.7122e+02    -0.0221     0.0000      98.78    97.2909     0.0780     161959    6.40011    0.00000    34.9419    34.9418         33 0.0000e+00
    294.000    291.021     4.2810     4.2786  32.891806  32.889649    6.40646     2.2125 6.6293e+02    -0.0228     0.0000      98.78    97.2812     0.0780     161995    6.40621    0.00000    34.9421    34.9421         41 0.0000e+00
    292.000    289.043     4.2880     4.2814  32.897775  32.891570    6.41795     2.2163 6.5037e+02    -0.0228     0.0000      98.78    97.2803     0.0780     162044    6.41780    0.00000    34.9428    34.9424         58 0.0000e+00
    290.000    287.064     4.2983     4.2909  32.906723  32.899619    6.41178     2.2156 6.4083e+02    -0.0233     0.0000      98.78    97.2615     0.0780     162105    6.41156    0.00000    34.9435    34.9430         58 0.0000e+00
    288.000    285.086     4.3105     4.3038  32.917646  32.910896    6.40602     2.2150 6.3238e+02    -0.0225     0.0000      98.78    97.2629     0.0780     162156    6.40574    0.00000    34.9446    34.9436         46 0.0000e+00
    286.000    283.107     4.3257     4.3177  32.931577  32.923614    6.41086     2.2175 6.4053e+02    -0.0225     0.0000      98.78    97.2635     0.0780     162202    6.41079    0.00000    34.9460    34.9450         47 0.0000e+00
    284.000    281.129     4.3377     4.3280  32.942346  32.932842    6.40844     2.2178 6.4569e+02    -0.0234     0.0000      98.78    97.2587     0.0780     162248    6.40816    0.00000    34.9470    34.9460         45 0.0000e+00
    282.000    279.151     4.3474     4.3392  32.950886  32.942725    6.40932     2.2190 6.5135e+02    -0.0231     0.0000      98.77    97.2587     0.0780     162293    6.40922    0.00000    34.9479    34.9469         47 0.0000e+00
    280.000    277.172     4.3510     4.3459  32.953470  32.948488    6.41319     2.2206 6.6007e+02    -0.0229     0.0000      98.78    97.2615     0.0780     162340    6.41304    0.00000    34.9481    34.9477         46 0.0000e+00
    278.000    275.194     4.3515     4.3510  32.952952  32.952749    6.41175     2.2207 6.6681e+02    -0.0222     0.0000      98.78    97.2605     0.0780     162387    6.41157    0.00000    34.9480    34.9483         49 0.0000e+00
    276.000    273.215     4.3517     4.3505  32.952337  32.951423    6.41855     2.2229 6.6021e+02    -0.0228     0.0000      98.78    97.2471     0.0780     162445    6.41837    0.00000    34.9482    34.9483         64 0.0000e+00
    274.000    271.237     4.3555     4.3542  32.955057  32.953427    6.41577     2.2228 6.5384e+02    -0.0224     0.0000      98.78    97.2014     0.0780     162499    6.41562    0.00000    34.9484    34.9479         40 0.0000e+00
    272.000    269.258     4.3669     4.3617  32.965338  32.960411    6.40741     2.2215 6.6559e+02    -0.0224     0.0000      98.78    97.2432     0.0780     162536    6.40715    0.00000    34.9496    34.9492         42 0.0000e+00
    270.000    267.280     4.3666     4.3659  32.964056  32.963595    6.42239     2.2260 6.6461e+02    -0.0229     0.0000      98.78    97.2626     0.0780     162625    6.42220    0.00000    34.9494    34.9496         87 0.0000e+00
    268.000    265.301     4.3783     4.3728  32.974738  32.969555    6.41165     2.2241 6.6442e+02    -0.0227     0.0000      98.78    97.2650     0.0780     162724    6.41143    0.00000    34.9506    34.9504         86 0.0000e+00
    266.000    263.322     4.3907     4.3829  32.985940  32.978394    6.40141     2.2224 6.6667e+02    -0.0233     0.0000      98.78    97.2457     0.0780     162830    6.40121    0.00000    34.9518    34.9512        108 0.0000e+00
    264.000    261.344     4.3976     4.3938  32.991884  32.988423    6.39182     2.2206 6.6106e+02    -0.0223     0.0000      98.78    97.2820     0.0780     162934    6.39158    0.00000    34.9526    34.9525         95 0.0000e+00
    262.000    259.365     4.4051     4.4024  32.998384  32.995946    6.38064     2.2184 6.6941e+02    -0.0226     0.0000      98.78    97.2901     0.0780     163024    6.38041    0.00000    34.9534    34.9533         89 0.0000e+00
    260.000    257.387     4.4127     4.4070  33.004664  32.999358    6.38040     2.2191 6.5834e+02    -0.0228     0.0000      98.78    97.3031     0.0780     163136    6.38012    0.00000    34.9538    34.9535        107 0.0000e+00
    258.000    255.408     4.4182     4.4161  33.009436  33.007449    6.37864     2.2194 6.6650e+02    -0.0222     0.0000      98.78    97.2881     0.0780     163237    6.37846    0.00000    34.9546    34.9545         69 0.0000e+00
    256.000    253.429     4.4216     4.4192  33.011544  33.009440    6.37370     2.2187 6.6283e+02    -0.0230     0.0000      98.78    97.2967     0.0780     163351    6.37356    0.00000    34.9546    34.9546         93 0.0000e+00
    254.000    251.451     4.4303     4.4271  33.019116  33.016332    6.37122     2.2188 6.5946e+02    -0.0227     0.0000      98.78    97.2945     0.0780     163520    6.37100    0.00000    34.9554    34.9555         95 0.0000e+00
    252.000    249.472     4.4359     4.4360  33.023941  33.024106    6.36681     2.2184 6.5701e+02    -0.0226     0.0000      98.78    97.2909     0.0780     164176    6.36667    0.00000    34.9562    34.9563        111 0.0000e+00
    250.000    247.493     4.4460     4.4444  33.033176  33.031481    6.36789     2.2196 6.5671e+02    -0.0232     0.0000      98.78    97.3025     0.0780     165232    6.36771    0.00000    34.9574    34.9571         99 0.0000e+00
    248.000    245.514     4.4546     4.4518  33.040768  33.037949    6.36127     2.2187 6.4859e+02    -0.0229     0.0000      98.78    97.3019     0.0780     165361    6.36112    0.00000    34.9583    34.9579        102 0.0000e+00
    246.000    243.535     4.4614     4.4587  33.046497  33.043778    6.35294     2.2172 6.5160e+02    -0.0227     0.0000      98.78    97.2974     0.0780     165449    6.35270    0.00000    34.9590    34.9585         60 0.0000e+00
    244.000    241.557     4.4687     4.4662  33.052804  33.050096    6.34677     2.2163 6.4115e+02    -0.0229     0.0000      98.78    97.2903     0.0780     165493    6.34654    0.00000    34.9596    34.9592         44 0.0000e+00
    242.000    239.578     4.4704     4.4696  33.053785  33.053013    6.35475     2.2190 6.4468e+02    -0.0226     0.0000      98.78    97.3014     0.0780     165559    6.35457    0.00000    34.9600    34.9600         87 0.0000e+00
    240.000    237.599     4.4795     4.4762  33.061569  33.058371    6.34578     2.2174 6.3670e+02    -0.0224     0.0000      98.78    97.2986     0.0780     165637    6.34562    0.00000    34.9606    34.9604         62 0.0000e+00
    238.000    235.620     4.4883     4.4842  33.069098  33.064948    6.34275     2.2175 6.3412e+02    -0.0226     0.0000      98.77    97.2945     0.0780     165689    6.34261    0.00000    34.9613    34.9607         43 0.0000e+00
    236.000    233.641     4.4938     4.4917  33.073514  33.071220    6.33482     2.2160 6.4063e+02    -0.0226     0.0000      98.78    97.2916     0.0780     165725    6.33455    0.00000    34.9617    34.9612         33 0.0000e+00
    234.000    231.662     4.5015     4.4978  33.079922  33.076296    6.33668     2.2173 6.4242e+02    -0.0224     0.0000      98.78    97.2892     0.0780     165761    6.33647    0.00000    34.9622    34.9618         42 0.0000e+00
    232.000    229.684     4.5084     4.5055  33.085865  33.082891    6.35652     2.2234 6.3309e+02    -0.0222     0.0000      98.78    97.2872     0.0780     165816    6.35633    0.00000    34.9629    34.9625         65 0.0000e+00
    230.000    227.705     4.5191     4.5128  33.095169  33.088962    6.35368     2.2235 6.3204e+02    -0.0229     0.0000      98.78    97.2844     0.0780     165879    6.35335    0.00000    34.9636    34.9630         59 0.0000e+00
    228.000    225.726     4.5313     4.5288  33.106342  33.103645    6.34742     2.2229 6.3737e+02    -0.0224     0.0000      98.78    97.3006     0.0780     165932    6.34716    0.00000    34.9649    34.9644         46 0.0000e+00
    226.000    223.747     4.5338     4.5326  33.107716  33.106692    6.34195     2.2220 6.3831e+02    -0.0226     0.0000      98.78    97.2855     0.0780     165974    6.34175    0.00000    34.9649    34.9649         40 0.0000e+00
    224.000    221.768     4.5376     4.5352  33.110500  33.108238    6.34004     2.2221 6.2774e+02    -0.0226     0.0000      98.78    97.2868     0.0780     166014    6.33986    0.00000    34.9652    34.9651         42 0.0000e+00
    222.000    219.789     4.5406     4.5394  33.112441  33.111405    6.34594     2.2242 6.1928e+02    -0.0227     0.0000      98.78    97.2800     0.0780     166057    6.34574    0.00000    34.9654    34.9654         44 0.0000e+00
    220.000    217.810     4.5437     4.5399  33.114657  33.110902    6.35548     2.2274 6.2924e+02    -0.0231     0.0000      98.78    97.2987     0.0780     166111    6.35527    0.00000    34.9657    34.9654         66 0.0000e+00
    218.000    215.831     4.5495     4.5445  33.119335  33.114316    6.35133     2.2270 6.2880e+02    -0.0231     0.0000      98.78    97.2934     0.0780     166177    6.35107    0.00000    34.9663    34.9656         56 0.0000e+00
    216.000    213.852     4.5547     4.5541  33.123375  33.122836    6.34121     2.2250 6.2354e+02    -0.0230     0.0000      98.78    97.2876     0.0780     166222    6.34111    0.00000    34.9666    34.9665         40 0.0000e+00
    214.000    211.873     4.5569     4.5560  33.124623  33.123807    6.33847     2.2248 6.1859e+02    -0.0233     0.0000      98.77    97.2877     0.0780     166260    6.33836    0.00000    34.9668    34.9667         37 0.0000e+00
    212.000    209.893     4.5590     4.5578  33.125778  33.124822    6.34035     2.2258 6.1592e+02    -0.0231     0.0000      98.78    97.2868     0.0780     166299    6.34017    0.00000    34.9670    34.9670         42 0.0000e+00
    210.000    207.914     4.5608     4.5592  33.126599  33.125327    6.35269     2.2296 6.1493e+02    -0.0226     0.0000      98.78    97.2803     0.0780     166350    6.35245    0.00000    34.9671    34.9672         63 0.0000e+00
    208.000    205.935     4.5708     4.5598  33.135221  33.124669    6.35664     2.2316 6.0943e+02    -0.0228     0.0000      98.78    97.2392     0.0780     166422    6.35633    0.00000    34.9677    34.9669         68 0.0000e+00
    206.000    203.956     4.5856     4.5838  33.148977  33.146318    6.34009     2.2283 6.1120e+02    -0.0225     0.0000      98.78    97.2867     0.0780     166471    6.33990    0.00000    34.9692    34.9680         35 0.0000e+00
    204.000    201.977     4.5988     4.5950  33.160971  33.157026    6.32784     2.2260 6.1298e+02    -0.0235     0.0000      98.78    97.2821     0.0780     166502    6.32758    0.00000    34.9704    34.9697         31 0.0000e+00
    202.000    199.997     4.6053     4.6000  33.166513  33.161159    6.33741     2.2293 6.1228e+02    -0.0223     0.0000      98.77    97.2803     0.0780     166536    6.33717    0.00000    34.9711    34.9704         39 0.0000e+00
    200.000    198.018     4.6113     4.6007  33.171383  33.161410    6.36054     2.2363 6.0021e+02    -0.0222     0.0000      98.78    97.2700     0.0780     166588    6.36033    0.00000    34.9715    34.9711         68 0.0000e+00
    198.000    196.039     4.6108     4.6033  33.170346  33.162163    6.36322     2.2375 6.0377e+02    -0.0226     0.0000      98.78    97.2802     0.0780     166659    6.36302    0.00000    34.9719    34.9702         63 0.0000e+00
    196.000    194.060     4.6302     4.6277  33.188008  33.185544    6.35341     2.2361 6.2347e+02    -0.0229     0.0000      98.78    97.2802     0.0780     166711    6.35311    0.00000    34.9732    34.9729         49 0.0000e+00
    194.000    192.081     4.6438     4.6377  33.200478  33.194307    6.34997     2.2363 6.1873e+02    -0.0224     0.0000      98.78    97.2765     0.0780     166760    6.34963    0.00000    34.9744    34.9737         44 0.0000e+00
    192.000    190.101     4.6607     4.6574  33.216051  33.212064    6.33655     2.2339 6.1363e+02    -0.0233     0.0000      98.78    97.2702     0.0780     166797    6.33638    0.00000    34.9760    34.9747         31 0.0000e+00
    190.000    188.122     4.6719     4.6670  33.226154  33.221223    6.32860     2.2327 6.1884e+02    -0.0228     0.0000      98.78    97.2618     0.0780     166827    6.32831    0.00000    34.9770    34.9763         32 0.0000e+00
    188.000    186.143     4.6726     4.6685  33.225922  33.222263    6.34911     2.2387 6.2195e+02    -0.0227     0.0000      98.78    97.2643     0.0780     166872    6.34891    0.00000    34.9770    34.9771         69 0.0000e+00
    186.000    184.163     4.6640     4.6592  33.216463  33.211825    6.36544     2.2432 6.0799e+02    -0.0221     0.0000      98.78    97.2690     0.0780     166969    6.36520    0.00000    34.9761    34.9757         61 0.0000e+00
    184.000    182.184     4.6862     4.6790  33.237375  33.229255    6.33738     2.2371 6.1803e+02    -0.0234     0.0000      98.78    97.2670     0.0780     167011    6.33714    0.00000    34.9782    34.9763         35 0.0000e+00
    182.000    180.205     4.7018     4.6968  33.251346  33.246377    6.33501     2.2376 6.3180e+02    -0.0229     0.0000      98.78    97.2622     0.0780     167046    6.33477    0.00000    34.9792    34.9786         39 0.0000e+00
    180.000    178.225     4.7078     4.7044  33.256178  33.253083    6.35107     2.2427 6.2874e+02    -0.0226     0.0000      98.78    97.2627     0.0780     167144    6.35085    0.00000    34.9795    34.9795         67 0.0000e+00
    178.000    176.246     4.7154     4.7076  33.262786  33.254541    6.34237     2.2411 6.4031e+02    -0.0236     0.0000      98.78    97.2615     0.0780     167268    6.34225    0.00000    34.9803    34.9789         44 0.0000e+00
    176.000    174.266     4.7317     4.7251  33.277832  33.271414    6.35094     2.2446 6.1436e+02    -0.0227     0.0000      98.78    97.2570     0.0780     167357    6.35072    0.00000    34.9817    34.9812         77 0.0000e+00
    174.000    172.287     4.7439     4.7382  33.288684  33.282337    6.35336     2.2463 6.1862e+02    -0.0225     0.0000      98.78    97.2641     0.0780     167472    6.35309    0.00000    34.9827    34.9812         77 0.0000e+00
    172.000    170.307     4.7751     4.7749  33.318479  33.318210    6.34962     2.2472 6.1831e+02    -0.0225     0.0000      98.78    97.2616     0.0780     167552    6.34936    0.00000    34.9856    34.9855         79 0.0000e+00
    170.000    168.328     4.7731     4.7738  33.315588  33.316495    6.34841     2.2472 6.1284e+02    -0.0225     0.0000      98.78    97.2666     0.0780     167657    6.34822    0.00000    34.9854    34.9857         89 0.0000e+00
    168.000    166.348     4.7865     4.7858  33.327811  33.326971    6.35147     2.2491 6.1015e+02    -0.0226     0.0000      98.78    97.2597     0.0780     167750    6.35129    0.00000    34.9866    34.9864         84 0.0000e+00
    166.000    164.369     4.7904     4.7906  33.330837  33.331011    6.34729     2.2486 6.1233e+02    -0.0228     0.0000      98.78    97.2756     0.0780     167856    6.34708    0.00000    34.9870    34.9871        110 0.0000e+00
