Ship_data/Irminger/Irminger-2/ctd/process/OOI/at30_012.ros
* Sea-Bird SBE 9 Data File:
* FileName = C:\data\ctd\at30_012.hex
* Software Version Seasave V 7.21f
* Temperature SN = 2265
* Conductivity SN = 3021
* Number of Bytes Per Scan = 40
* Number of Voltage Words = 5
* Number of Scans Averaged by the Deck Unit = 1
* NMEA Latitude = 59 59.98 N
* NMEA Longitude = 039 28.96 W
* NMEA UTC (Time) = Aug 23 2015  16:50:38
** Cal/Val for HYPM-2
# nquan = 17
# nvalues = 588                                   
# units = specified
# name 0 = prDM: Pressure, Digiquartz [db]
# name 1 = depSM: Depth [salt water, m]
# name 2 = t090C: Temperature [ITS-90, deg C]
# name 3 = t190C: Temperature, 2 [ITS-90, deg C]
# name 4 = c0mS/cm: Conductivity [mS/cm]
# name 5 = c1mS/cm: Conductivity, 2 [mS/cm]
# name 6 = sbeox0ML/L: Oxygen, SBE 43 [ml/l]
# name 7 = sbeox0V: Oxygen raw, SBE 43 [V]
# name 8 = spar: SPAR/Surface Irradiance
# name 9 = flECO-AFL: Fluorescence, WET Labs ECO-AFL/FL [mg/m^3]
# name 10 = v2: Voltage 2
# name 11 = altM: Altimeter [m]
# name 12 = CStarTr0: Beam Transmission, WET Labs C-Star [%]
# name 13 = turbWETntu0: Turbidity, WET Labs ECO [NTU]
# name 14 = scan: Scan Count
# name 15 = nbf: Bottles Fired
# name 16 = flag:  0.000e+00
# interval = seconds: 0.0416667
# start_time = Aug 23 2015 16:50:38 [NMEA time, header]
# bad_flag = -9.990e-29
*END*
[from data line 171]
   1826.773   1801.672     3.2253     3.2276  32.591156  32.592809    6.12401     1.8082 2.4858e+02    -0.0658     0.0000      98.71    97.7324     0.0707     110110          4  0.000e+00
   1826.615   1801.516     3.2260     3.2270  32.591698  32.592409    6.12377     1.8082 2.4858e+02    -0.0585     0.0000      98.73    97.7324     0.0682     110111          4  0.000e+00
   1826.682   1801.582     3.2267     3.2267  32.592541  32.592466    6.12369     1.8082 2.4858e+02    -0.0585     0.0000      98.73    97.7324     0.0707     110112          4  0.000e+00
   1826.715   1801.615     3.2271     3.2267  32.593023  32.591551    6.12364     1.8082 2.4858e+02    -0.0585     0.0000      98.73    97.7324     0.0682     110113          4  0.000e+00
   1826.615   1801.517     3.2269     3.2265  32.592601  32.591894    6.12951     1.8095 2.4858e+02    -0.0658     0.0000      98.73    97.7324     0.0707     110114          4  0.000e+00
   1826.740   1801.640     3.2268     3.2268  32.592481  32.591609    6.12373     1.8082 2.4858e+02    -0.0585     0.0000      98.73    97.7324     0.0707     110115          4  0.000e+00
   1826.590   1801.492     3.2269     3.2269  32.592119  32.591837    6.12951     1.8095 2.4658e+02    -0.0585     0.0000      98.73    97.7324     0.0707     110116          4  0.000e+00
   1826.740   1801.640     3.2268     3.2270  32.592360  32.591609    6.12964     1.8095 2.4858e+02    -0.0658     0.0000      98.73    97.7324     0.0707     110117          4  0.000e+00
   1826.615   1801.517     3.2267     3.2268  32.592239  32.592180    6.12956     1.8095 2.4858e+02    -0.0658     0.0000      98.73    97.7324     0.0707     110118          4  0.000e+00
   1826.648   1801.550     3.2265     3.2265  32.592179  32.592123    6.12961     1.8095 2.4658e+02    -0.0585     0.0000      98.73    97.7324     0.0707     110119          4  0.000e+00
   1826.615   1801.517     3.2264     3.2267  32.592059  32.591894    6.12960     1.8095 2.4858e+02    -0.0585     0.0000      98.73    97.7324     0.0682     110120          4  0.000e+00
   1826.615   1801.517     3.2265     3.2270  32.592300  32.591894    6.12958     1.8095 2.4858e+02    -0.0658     0.0000      98.73    97.7324     0.0707     110121          4  0.000e+00
   1826.648   1801.550     3.2267     3.2268  32.592480  32.591551    6.12367     1.8082 2.4858e+02    -0.0585     0.0000      98.71    97.7324     0.0707     110122          4  0.000e+00
   1826.682   1801.582     3.2268     3.2270  32.592360  32.592180    6.12368     1.8082 2.4658e+02    -0.0585     0.0000      98.73    97.7324     0.0707     110123          4  0.000e+00
   1826.615   1801.517     3.2265     3.2271  32.592420  32.592180    6.12366     1.8082 2.4858e+02    -0.0585     0.0000      98.73    97.7324     0.0707     110124          4  0.000e+00
   1826.649   1801.550     3.2264     3.2274  32.591999  32.592409    6.12372     1.8082 2.4858e+02    -0.0585     0.0000      98.73    97.7324     0.0707     110125          4  0.000e+00
   1826.615   1801.517     3.2265     3.2273  32.591698  32.592180    6.12370     1.8082 2.4858e+02    -0.0585     0.0000      98.73    97.7324     0.0707     110126          4  0.000e+00
   1826.615   1801.517     3.2263     3.2276  32.592059  32.592409    6.12370     1.8082 2.4858e+02    -0.0585     0.0000      98.73    97.7062     0.0707     110127          4  0.000e+00
   1826.649   1801.550     3.2263     3.2275  32.591939  32.593095    6.12964     1.8095 2.4658e+02    -0.0585     0.0000      98.73    97.7062     0.0707     110128          4  0.000e+00
   1826.615   1801.517     3.2261     3.2273  32.591878  32.592466    6.12964     1.8095 2.4658e+02    -0.0658     0.0000      98.73    97.7062     0.0682     110129          4  0.000e+00
   1826.615   1801.517     3.2263     3.2276  32.591938  32.592695    6.12962     1.8095 2.4858e+02    -0.0658     0.0000      98.73    97.7324     0.0682     110130          4  0.000e+00
   1826.649   1801.550     3.2263     3.2271  32.592119  32.592466    6.12373     1.8082 2.4858e+02    -0.0585     0.0000      98.73    97.7324     0.0707     110131          4  0.000e+00
   1826.682   1801.583     3.2265     3.2271  32.592360  32.592809    6.12963     1.8095 2.4858e+02    -0.0585     0.0000      98.73    97.7062     0.0707     110132          4  0.000e+00
   1826.682   1801.583     3.2271     3.2271  32.592721  32.592695    6.12953     1.8095 2.4858e+02    -0.0658     0.0000      98.73    97.7324     0.0707     110133          4  0.000e+00
   1826.590   1801.493     3.2269     3.2275  32.592842  32.592466    6.12947     1.8095 2.4858e+02    -0.0585     0.0000      98.73    97.7062     0.0707     110134          4  0.000e+00
   1519.034   1499.248     3.5635     3.5633  32.769923  32.769367    6.01368     1.8493 2.7665e+02    -0.0585     0.0000      98.73    97.7324     0.0682     119895          5  0.000e+00
   1518.976   1499.191     3.5635     3.5635  32.769802  32.769367    6.01364     1.8493 2.7665e+02    -0.0585     0.0000      98.73    97.7585     0.0707     119896          5  0.000e+00
   1518.976   1499.191     3.5634     3.5635  32.769802  32.769654    6.01366     1.8493 2.7665e+02    -0.0585     0.0000      98.73    97.7585     0.0707     119897          5  0.000e+00
   1518.909   1499.126     3.5635     3.5633  32.769802  32.769940    6.01919     1.8505 2.7665e+02    -0.0585     0.0000      98.73    97.7585     0.0707     119898          5  0.000e+00
   1518.917   1499.134     3.5634     3.5633  32.769802  32.769653    6.01361     1.8493 2.7665e+02    -0.0585     0.0000      98.73    97.7324     0.0707     119899          5  0.000e+00
   1518.976   1499.191     3.5635     3.5631  32.769862  32.769367    6.01924     1.8505 2.7865e+02    -0.0585     0.0000      98.73    97.7585     0.0707     119900          5  0.000e+00
   1518.909   1499.126     3.5637     3.5631  32.769802  32.769596    6.01356     1.8493 2.7665e+02    -0.0585     0.0000      98.73    97.7324     0.0707     119901          5  0.000e+00
   1518.917   1499.134     3.5635     3.5633  32.769983  32.769367    6.01358     1.8493 2.7665e+02    -0.0585     0.0000      98.73    97.7324     0.0707     119902          5  0.000e+00
   1518.851   1499.069     3.5637     3.5631  32.769922  32.769023    6.01912     1.8505 2.7665e+02    -0.0658     0.0000      98.73    97.7324     0.0707     119903          5  0.000e+00
   1518.909   1499.126     3.5639     3.5633  32.770466  32.769367    6.01911     1.8505 2.7665e+02    -0.0585     0.0000      98.73    97.7324     0.0682     119904          5  0.000e+00
   1518.851   1499.069     3.5639     3.5632  32.770526  32.769653    6.01906     1.8505 2.7665e+02    -0.0585     0.0000      98.73    97.7585     0.0707     119905          5  0.000e+00
   1518.851   1499.069     3.5642     3.5631  32.770827  32.769023    6.01341     1.8493 2.7665e+02    -0.0658     0.0000      98.73    97.7585     0.0707     119906          5  0.000e+00
   1518.851   1499.069     3.5643     3.5633  32.771008  32.769596    6.01338     1.8493 2.7665e+02    -0.0585     0.0000      98.73    97.7324     0.0707     119907          5  0.000e+00
   1518.918   1499.134     3.5643     3.5633  32.770828  32.769023    6.01344     1.8493 2.7665e+02    -0.0585     0.0000      98.73    97.7324     0.0707     119908          5  0.000e+00
   1518.851   1499.069     3.5643     3.5633  32.770888  32.769653    6.01899     1.8505 2.7665e+02    -0.0585     0.0000      98.73    97.7324     0.0707     119909          5  0.000e+00
   1518.851   1499.069     3.5643     3.5635  32.771008  32.769367    6.01898     1.8505 2.7865e+02    -0.0585     0.0000      98.73    97.7324     0.0707     119910          5  0.000e+00
   1518.851   1499.069     3.5643     3.5636  32.770827  32.769653    6.01899     1.8505 2.7665e+02    -0.0658     0.0000      98.71    97.7324     0.0707     119911          5  0.000e+00
   1518.851   1499.069     3.5643     3.5633  32.770888  32.769653    6.01899     1.8505 2.7665e+02    -0.0512     0.0000      98.73    97.7324     0.0682     119912          5  0.000e+00
   1518.851   1499.069     3.5643     3.5636  32.771190  32.769653    6.01897     1.8505 2.7665e+02    -0.0585     0.0000      98.73    97.7324     0.0707     119913          5  0.000e+00
   1518.851   1499.069     3.5642     3.5635  32.771129  32.769882    6.01899     1.8505 2.7665e+02    -0.0585     0.0000      98.73    97.7324     0.0707     119914          5  0.000e+00
   1518.909   1499.126     3.5643     3.5635  32.770586  32.769940    6.01905     1.8505 2.7665e+02    -0.0585     0.0000      98.73    97.7324     0.0707     119915          5  0.000e+00
   1518.851   1499.069     3.5645     3.5635  32.770405  32.769653    6.01899     1.8505 2.7665e+02    -0.0585     0.0000      98.73    97.7062     0.0682     119916          5  0.000e+00
   1518.909   1499.126     3.5641     3.5638  32.770224  32.769367    6.01910     1.8505 2.7865e+02    -0.0658     0.0000      98.73    97.7062     0.0707     119917          5  0.000e+00
   1518.909   1499.126     3.5639     3.5637  32.770104  32.769653    6.01912     1.8505 2.7665e+02    -0.0585     0.0000      98.73    97.7062     0.0682     119918          5  0.000e+00
   1518.918   1499.134     3.5635     3.5635  32.770104  32.769653    6.01357     1.8493 2.7665e+02    -0.0585     0.0000      98.73    97.7062     0.0682     119919          5  0.000e+00
   1518.851   1499.069     3.5632     3.5636  32.769741  32.770169    6.01918     1.8505 2.7665e+02    -0.0585     0.0000      98.73    97.7062     0.0707     119920          5  0.000e+00
   1518.976   1499.192     3.5629     3.5636  32.769561  32.769654    6.01932     1.8505 2.7665e+02    -0.0585     0.0000      98.73    97.7324     0.0707     119921          5  0.000e+00
   1518.918   1499.134     3.5631     3.5635  32.769379  32.769940    6.01926     1.8505 2.7665e+02    -0.0658     0.0000      98.73    97.7324     0.0707     119922          5  0.000e+00
   1518.976   1499.192     3.5629     3.5631  32.769621  32.769654    6.01932     1.8505 2.7665e+02    -0.0585     0.0000      98.73    97.7324     0.0707     119923          5  0.000e+00
   1518.976   1499.192     3.5630     3.5630  32.769621  32.769940    6.01930     1.8505 2.7464e+02    -0.0585     0.0000      98.73    97.7324     0.0707     119924          5  0.000e+00
   1519.034   1499.249     3.5632     3.5628  32.769742  32.768737    6.01932     1.8505 2.7464e+02    -0.0585     0.0000      98.73    97.7324     0.0707     119925          5  0.000e+00
   1518.976   1499.192     3.5632     3.5626  32.770224  32.769367    6.01925     1.8505 2.7464e+02    -0.0658     0.0000      98.73    97.7324     0.0707     119926          5  0.000e+00
   1519.043   1499.257     3.5635     3.5626  32.769983  32.768966    6.01927     1.8505 2.7665e+02    -0.0585     0.0000      98.73    97.7324     0.0707     119927          5  0.000e+00
   1518.976   1499.192     3.5635     3.5624  32.769983  32.768737    6.01922     1.8505 2.7665e+02    -0.0585     0.0000      98.73    97.7324     0.0707     119928          5  0.000e+00
   1519.101   1499.314     3.5637     3.5630  32.770104  32.769024    6.01929     1.8505 2.7665e+02    -0.0658     0.0000      98.73    97.7324     0.0707     119929          5  0.000e+00
   1519.043   1499.257     3.5634     3.5631  32.770104  32.769367    6.01929     1.8505 2.7665e+02    -0.0585     0.0000      98.73    97.7324     0.0707     119930          5  0.000e+00
   1519.101   1499.314     3.5637     3.5633  32.770285  32.769654    6.01928     1.8505 2.7665e+02    -0.0585     0.0000      98.73    97.7324     0.0707     119931          5  0.000e+00
   1519.159   1499.372     3.5634     3.5632  32.770406  32.769654    6.01936     1.8505 2.7665e+02    -0.0658     0.0000      98.73    97.7324     0.0682     119932          5  0.000e+00
   1519.101   1499.314     3.5637     3.5630  32.770406  32.769883    6.01928     1.8505 2.7665e+02    -0.0585     0.0000      98.73    97.7324     0.0682     119933          5  0.000e+00
   1519.226   1499.437     3.5641     3.5630  32.770829  32.769654    6.01931     1.8505 2.7665e+02    -0.0585     0.0000      98.73    97.7585     0.0682     119934          5  0.000e+00
   1519.101   1499.314     3.5641     3.5631  32.770587  32.769368    6.01922     1.8505 2.7665e+02    -0.0732     0.0000      98.73    97.7324     0.0707     119935          5  0.000e+00
   1519.284   1499.494     3.5639     3.5636  32.770406  32.769368    6.01379     1.8493 2.7665e+02    -0.0658     0.0000      98.73    97.7324     0.0707     119936          5  0.000e+00
   1519.159   1499.372     3.5637     3.5641  32.769803  32.769941    6.01935     1.8505 2.7665e+02    -0.0658     0.0000      98.73    97.7324     0.0682     119937          5  0.000e+00
   1519.292   1499.503     3.5634     3.5639  32.769562  32.769655    6.01951     1.8505 2.7665e+02    -0.0585     0.0000      98.73    97.7324     0.0707     119938          5  0.000e+00
   1519.284   1499.494     3.5634     3.5639  32.770165  32.770571    6.01947     1.8505 2.7665e+02    -0.0585     0.0000      98.73    97.7585     0.0707     119939          5  0.000e+00
   1519.284   1499.494     3.5634     3.5639  32.770406  32.770457    6.01946     1.8505 2.7665e+02    -0.0585     0.0000      98.73    97.7324     0.0707     119940          5  0.000e+00
   1519.350   1499.560     3.5637     3.5638  32.770407  32.770571    6.01948     1.8505 2.7665e+02    -0.0585     0.0000      98.73    97.7324     0.0707     119941          5  0.000e+00
   1519.350   1499.560     3.5637     3.5633  32.770226  32.770572    6.01948     1.8505 2.7665e+02    -0.0585     0.0000      98.73    97.7585     0.0707     119942          5  0.000e+00
   1519.350   1499.560     3.5637     3.5631  32.770286  32.770228    6.01947     1.8505 2.7665e+02    -0.0658     0.0000      98.71    97.7324     0.0707     119943          5  0.000e+00
   1216.017   1201.041     3.5346     3.5347  32.576574  32.575835    6.42181     1.9945 2.7063e+02    -0.0585     0.0000      98.73    97.7585     0.0682     129267          6  0.000e+00
   1216.075   1201.098     3.5347     3.5349  32.576694  32.576236    6.42183     1.9945 2.7264e+02    -0.0585     0.0000      98.73    97.7585     0.0682     129268          6  0.000e+00
   1216.108   1201.130     3.5345     3.5351  32.576454  32.576236    6.42190     1.9945 2.7063e+02    -0.0585     0.0000      98.73    97.7585     0.0707     129269          6  0.000e+00
   1216.017   1201.041     3.5344     3.5349  32.576393  32.576750    6.42183     1.9945 2.7264e+02    -0.0585     0.0000      98.73    97.7585     0.0682     129270          6  0.000e+00
   1216.075   1201.098     3.5343     3.5347  32.576393  32.575950    6.42189     1.9945 2.7264e+02    -0.0585     0.0000      98.73    97.7585     0.0707     129271          6  0.000e+00
   1216.050   1201.073     3.5345     3.5351  32.576393  32.576407    6.42185     1.9945 2.7264e+02    -0.0585     0.0000      98.73    97.7585     0.0682     129272          6  0.000e+00
   1216.075   1201.098     3.5340     3.5349  32.576333  32.576236    6.42194     1.9945 2.7264e+02    -0.0585     0.0000      98.73    97.7585     0.0707     129273          6  0.000e+00
   1216.017   1201.041     3.5341     3.5349  32.576212  32.577150    6.41650     1.9932 2.7264e+02    -0.0658     0.0000      98.73    97.7847     0.0707     129274          6  0.000e+00
   1216.108   1201.130     3.5341     3.5349  32.576092  32.576407    6.42197     1.9945 2.7063e+02    -0.0585     0.0000      98.73    97.7585     0.0682     129275          6  0.000e+00
   1216.017   1201.041     3.5340     3.5346  32.575851  32.576521    6.42192     1.9945 2.7264e+02    -0.0585     0.0000      98.73    97.7585     0.0707     129276          6  0.000e+00
