Ship_data/Irminger/Irminger-2/ctd/process/OOI/at30_006.cnv
* Sea-Bird SBE 9 Data File:
* FileName = C:\data\ctd\at30_006.hex
* Software Version Seasave V 7.21f
* Temperature SN = 2265
* Conductivity SN = 3021
* Number of Bytes Per Scan = 40
* Number of Voltage Words = 5
* Number of Scans Averaged by the Deck Unit = 1
* NMEA Latitude = 59 51.06 N
* NMEA Longitude = 039 05.71 W
* NMEA UTC (Time) = Aug 17 2015  17:02:11
# nquan = 21
# nvalues = 1013                        
# units = specified
# name 0 = prDM: Pressure, Digiquartz [db]
# name 1 = depSM: Depth [salt water, m]
# name 2 = t090C: Temperature [ITS-90, deg C]
# name 3 = t190C: Temperature, 2 [ITS-90, deg C]
# name 4 = c0mS/cm: Conductivity [mS/cm]
# name 5 = c1mS/cm: Conductivity, 2 [mS/cm]
# name 6 = sbeox0ML/L: Oxygen, SBE 43 [ml/l]
# name 7 = sbeox0V: Oxygen raw, SBE 43 [V]
# name 8 = spar: SPAR/Surface Irradiance
# name 9 = flECO-AFL: Fluorescence, WET Labs ECO-AFL/FL [mg/m^3]
# name 10 = v2: Voltage 2
# name 11 = altM: Altimeter [m]
# name 12 = CStarTr0: Beam Transmission, WET Labs C-Star [%]
# name 13 = turbWETntu0: Turbidity, WET Labs ECO [NTU]
# name 14 = scan: Scan Count
# name 15 = sbeox0ML/L: Oxygen, SBE 43 [ml/l], WS = 2
# name 16 = sbeox0dOV/dT: Oxygen, SBE 43 [dov/dt], WS = 2
# name 17 = sal00: Salinity, Practical [PSU]
# name 18 = sal11: Salinity, Practical, 2 [PSU]
# name 19 = nbin: number of scans per bin
# name 20 = flag: flag
# span 0 =      2.000,   1014.000       
# span 1 =      1.981,   1002.005       
# span 2 =     3.6114,     8.6155       
# span 3 =     3.6122,     8.6160       
# span 4 =  32.392803,  36.671761       
# span 5 =  32.392517,  36.671438       
# span 6 =    6.47022,    6.92520       
# span 7 =     2.0751,     2.5441       
# span 8 = 3.2756e+02, 5.7117e+02       
# span 9 =    -0.0332,     1.7924       
# span 10 =     0.0000,     0.0000      
# span 11 =      57.32,      99.17      
# span 12 =    93.4926,    97.6829      
# span 13 =     0.0738,     0.1283      
# span 14 =        254,      83456      
# span 15 =    6.47015,    6.92567      
# span 16 =    0.00000,    0.00000      
# span 17 =    34.8624,    34.9259      
# span 18 =    34.8624,    34.9258      
# span 19 =         16,        126      
# span 20 = 0.0000e+00, 0.0000e+00      
# interval = decibars: 2                
# start_time = Aug 17 2015 17:02:11 [NMEA time, header]
# bad_flag = -9.990e-29
*END*
[from data line 828]
    370.000    366.188     3.7714     3.7702  32.433601  32.432507    6.58795     2.2192 3.7651e+02    -0.0222     0.0000      98.78    97.6334     0.0780      59910    6.58777    0.00000    34.8991    34.8991         47 0.0000e+00
    368.000    364.210     3.7709     3.7713  32.432231  32.432734    6.59350     2.2211 3.7617e+02    -0.0229     0.0000      98.78    97.6239     0.0780      59957    6.59320    0.00000    34.8990    34.8993         50 0.0000e+00
    366.000    362.233     3.7715     3.7714  32.431807  32.431766    6.59376     2.2216 3.7555e+02    -0.0227     0.0000      98.58    97.6302     0.0780      60007    6.59346    0.00000    34.8990    34.8991         47 0.0000e+00
    364.000    360.255     3.7772     3.7765  32.436551  32.435705    6.59302     2.2221 3.7562e+02    -0.0229     0.0000      98.78    97.6253     0.0780      60048    6.59279    0.00000    34.8997    34.8994         38 0.0000e+00
    362.000    358.277     3.7793     3.7790  32.437638  32.437425    6.59472     2.2231 3.7502e+02    -0.0226     0.0000      98.78    97.6223     0.0780      60089    6.59460    0.00000    34.8998    34.8999         44 0.0000e+00
    360.000    356.300     3.7774     3.7781  32.434686  32.435770    6.60312     2.2256 3.7393e+02    -0.0227     0.0000      98.78    97.6167     0.0780      60138    6.60291    0.00000    34.8994    34.8999         57 0.0000e+00
    358.000    354.322     3.7789     3.7779  32.435144  32.434270    6.60742     2.2272 3.7136e+02    -0.0220     0.0000      98.78    97.6195     0.0780      60200    6.60716    0.00000    34.8994    34.8995         57 0.0000e+00
    356.000    352.344     3.7808     3.7806  32.436026  32.435776    6.60314     2.2267 3.7040e+02    -0.0225     0.0000      98.78    97.6199     0.0780      60244    6.60286    0.00000    34.8995    34.8995         36 0.0000e+00
    354.000    350.366     3.7813     3.7817  32.435635  32.435997    6.60172     2.2268 3.6951e+02    -0.0225     0.0000      85.15    97.5936     0.0780      60278    6.60154    0.00000    34.8996    34.8996         35 0.0000e+00
    352.000    348.388     3.7813     3.7817  32.434836  32.435333    6.60318     2.2276 3.6800e+02    -0.0226     0.0000      91.25    97.6238     0.0780      60331    6.60301    0.00000    34.8997    34.8999         72 0.0000e+00
    350.000    346.411     3.7789     3.7811  32.431147  32.433706    6.59938     2.2269 3.6474e+02    -0.0224     0.0000      99.17    97.6192     0.0780      60392    6.59910    0.00000    34.8989    34.8997         40 0.0000e+00
    348.000    344.433     3.7775     3.7781  32.428831  32.429658    6.60182     2.2279 3.6456e+02    -0.0230     0.0000      98.78    97.6152     0.0780      60425    6.60149    0.00000    34.8988    34.8991         33 0.0000e+00
    346.000    342.455     3.7798     3.7787  32.430243  32.429433    6.60234     2.2286 3.6403e+02    -0.0231     0.0000      98.78    97.6242     0.0780      60468    6.60214    0.00000    34.8991    34.8992         58 0.0000e+00
    344.000    340.477     3.7869     3.7850  32.436333  32.434600    6.59573     2.2277 3.6269e+02    -0.0221     0.0000      98.77    97.6249     0.0780      60530    6.59544    0.00000    34.8998    34.8998         54 0.0000e+00
    342.000    338.499     3.7856     3.7857  32.434128  32.434249    6.59771     2.2286 3.6110e+02    -0.0226     0.0000      57.32    97.6202     0.0780      60574    6.59755    0.00000    34.8996    34.8997         41 0.0000e+00
    340.000    336.521     3.7838     3.7849  32.431184  32.432497    6.59814     2.2291 3.6090e+02    -0.0233     0.0000      91.49    97.6137     0.0780      60616    6.59802    0.00000    34.8992    34.8996         43 0.0000e+00
    338.000    334.544     3.7802     3.7819  32.426382  32.428465    6.59620     2.2289 3.6089e+02    -0.0224     0.0000      98.72    97.6019     0.0780      60660    6.59610    0.00000    34.8984    34.8990         45 0.0000e+00
    336.000    332.566     3.7793     3.7800  32.424602  32.425520    6.59664     2.2293 3.6024e+02    -0.0225     0.0000      98.78    97.5857     0.0780      60712    6.59629    0.00000    34.8982    34.8986         61 0.0000e+00
    334.000    330.588     3.7793     3.7797  32.423688  32.424223    6.59379     2.2291 3.6085e+02    -0.0230     0.0000      98.77    97.6035     0.0780      60781    6.59398    0.00000    34.8983    34.8985         67 0.0000e+00
    332.000    328.610     3.7793     3.7797  32.422719  32.423261    6.59075     2.2287 3.6132e+02    -0.0222     0.0000      98.78    97.6067     0.0780      60832    6.59046    0.00000    34.8982    34.8985         43 0.0000e+00
    330.000    326.632     3.7807     3.7805  32.423279  32.423162    6.59300     2.2298 3.6155e+02    -0.0223     0.0000      98.78    97.6094     0.0780      60878    6.59278    0.00000    34.8985    34.8985         51 0.0000e+00
    328.000    324.654     3.7836     3.7825  32.425130  32.424130    6.59100     2.2299 3.6291e+02    -0.0224     0.0000      98.78    97.6117     0.0780      60928    6.59078    0.00000    34.8986    34.8986         46 0.0000e+00
    326.000    322.676     3.7887     3.7881  32.429239  32.428609    6.58777     2.2297 3.6394e+02    -0.0229     0.0000      98.78    97.6049     0.0780      60973    6.58757    0.00000    34.8991    34.8991         48 0.0000e+00
    324.000    320.698     3.7912     3.7904  32.430611  32.430061    6.58640     2.2299 3.6431e+02    -0.0226     0.0000      98.78    97.5727     0.0780      61026    6.58624    0.00000    34.8992    34.8994         54 0.0000e+00
    322.000    318.720     3.7903     3.7907  32.428799  32.429172    6.58480     2.2299 3.6491e+02    -0.0231     0.0000      98.78    97.6003     0.0780      61075    6.58464    0.00000    34.8991    34.8992         44 0.0000e+00
    320.000    316.741     3.7901     3.7905  32.427770  32.428142    6.58599     2.2307 3.6630e+02    -0.0231     0.0000      98.77    97.5883     0.0780      61122    6.58598    0.00000    34.8991    34.8992         57 0.0000e+00
    318.000    314.763     3.7908     3.7909  32.427435  32.427682    6.58793     2.2317 3.6773e+02    -0.0225     0.0000      98.78    97.5970     0.0780      61185    6.58785    0.00000    34.8991    34.8993         56 0.0000e+00
    316.000    312.785     3.7914     3.7916  32.427053  32.427303    6.58689     2.2319 3.6886e+02    -0.0225     0.0000      98.78    97.5964     0.0780      61227    6.58683    0.00000    34.8991    34.8992         35 0.0000e+00
    314.000    310.807     3.7937     3.7934  32.428545  32.428289    6.58848     2.2328 3.7061e+02    -0.0226     0.0000      98.78    97.5855     0.0780      61264    6.58836    0.00000    34.8995    34.8995         43 0.0000e+00
    312.000    308.829     3.8016     3.8004  32.435247  32.434200    6.58655     2.2331 3.7256e+02    -0.0229     0.0000      98.78    97.5753     0.0780      61319    6.58641    0.00000    34.9002    34.9002         63 0.0000e+00
    310.000    306.850     3.8046     3.8024  32.437355  32.435344    6.59000     2.2346 3.7413e+02    -0.0227     0.0000      98.78    97.5863     0.0780      61375    6.58975    0.00000    34.9005    34.9005         45 0.0000e+00
    308.000    304.872     3.8100     3.8087  32.441999  32.440343    6.58958     2.2352 3.7493e+02    -0.0221     0.0000      98.78    97.5747     0.0780      61415    6.58930    0.00000    34.9014    34.9009         39 0.0000e+00
    306.000    302.894     3.8137     3.8128  32.444446  32.443835    6.58450     2.2345 3.7674e+02    -0.0228     0.0000      98.78    97.5731     0.0780      61457    6.58429    0.00000    34.9015    34.9018         48 0.0000e+00
    304.000    300.916     3.8096     3.8108  32.439252  32.440905    6.58670     2.2353 3.7763e+02    -0.0226     0.0000      98.78    97.5668     0.0780      61517    6.58649    0.00000    34.9008    34.9014         68 0.0000e+00
    302.000    298.938     3.8095     3.8103  32.438150  32.439136    6.58584     2.2354 3.7932e+02    -0.0227     0.0000      98.78    97.5743     0.0780      61575    6.58510    0.00000    34.9007    34.9010         44 0.0000e+00
    300.000    296.959     3.8110     3.8105  32.438946  32.438353    6.58290     2.2353 3.8038e+02    -0.0226     0.0000      98.78    97.5726     0.0780      61614    6.58268    0.00000    34.9010    34.9009         40 0.0000e+00
    298.000    294.981     3.8306     3.8251  32.457446  32.451633    6.57538     2.2347 3.8048e+02    -0.0224     0.0000      98.78    97.5604     0.0780      61661    6.57519    0.00000    34.9033    34.9023         54 0.0000e+00
    296.000    293.003     3.8393     3.8344  32.465237  32.460204    6.57207     2.2347 3.8041e+02    -0.0224     0.0000      98.78    97.5535     0.0780      61712    6.57189    0.00000    34.9044    34.9036         46 0.0000e+00
    294.000    291.024     3.8508     3.8474  32.475792  32.472374    6.57446     2.2363 3.7883e+02    -0.0232     0.0000      98.78    97.5622     0.0780      61760    6.57419    0.00000    34.9058    34.9053         50 0.0000e+00
    292.000    289.046     3.8588     3.8556  32.482865  32.479649    6.57583     2.2375 3.7827e+02    -0.0227     0.0000      98.78    97.5547     0.0780      61809    6.57549    0.00000    34.9068    34.9064         46 0.0000e+00
    290.000    287.068     3.8626     3.8617  32.485659  32.484688    6.57133     2.2369 3.7801e+02    -0.0230     0.0000      98.78    97.5355     0.0780      61852    6.57102    0.00000    34.9072    34.9070         41 0.0000e+00
    288.000    285.089     3.8649     3.8645  32.487015  32.486694    6.56878     2.2368 3.7718e+02    -0.0226     0.0000      98.78    97.5508     0.0780      61898    6.56850    0.00000    34.9074    34.9075         55 0.0000e+00
    286.000    283.111     3.8681     3.8679  32.489047  32.488930    6.56882     2.2374 3.7552e+02    -0.0225     0.0000      98.78    97.5442     0.0780      61967    6.56852    0.00000    34.9075    34.9076         69 0.0000e+00
    284.000    281.132     3.8713     3.8700  32.491237  32.489875    6.56917     2.2382 3.7364e+02    -0.0225     0.0000      73.99    97.5459     0.0780      62016    6.56902    0.00000    34.9078    34.9076         38 0.0000e+00
    282.000    279.154     3.8755     3.8746  32.494301  32.493514    6.56248     2.2370 3.7303e+02    -0.0227     0.0000      98.73    97.5317     0.0780      62053    6.56222    0.00000    34.9081    34.9081         38 0.0000e+00
    280.000    277.175     3.8780     3.8775  32.495790  32.495384    6.56300     2.2377 3.7267e+02    -0.0230     0.0000      98.78    97.5339     0.0780      62092    6.56273    0.00000    34.9082    34.9083         39 0.0000e+00
    278.000    275.197     3.8729     3.8738  32.489398  32.490592    6.56362     2.2381 3.7106e+02    -0.0230     0.0000      98.78    97.5324     0.0780      62144    6.56335    0.00000    34.9072    34.9076         72 0.0000e+00
    276.000    273.218     3.8716     3.8728  32.487007  32.488282    6.55857     2.2372 3.6884e+02    -0.0227     0.0000      98.78    97.5307     0.0780      62210    6.55837    0.00000    34.9067    34.9070         46 0.0000e+00
    274.000    271.240     3.8715     3.8721  32.486017  32.486798    6.56325     2.2388 3.6846e+02    -0.0223     0.0000      98.78    97.5353     0.0780      62248    6.56300    0.00000    34.9067    34.9070         39 0.0000e+00
    272.000    269.261     3.8725     3.8724  32.485944  32.486079    6.56744     2.2405 3.6740e+02    -0.0233     0.0000      98.78    97.5402     0.0780      62293    6.56740    0.00000    34.9067    34.9070         52 0.0000e+00
    270.000    267.283     3.8792     3.8778  32.491522  32.490136    6.56536     2.2407 3.6642e+02    -0.0232     0.0000      98.78    97.5507     0.0780      62353    6.56531    0.00000    34.9073    34.9072         62 0.0000e+00
    268.000    265.304     3.8849     3.8829  32.496404  32.494162    6.56049     2.2401 3.6516e+02    -0.0227     0.0000      98.78    97.5461     0.0780      62405    6.56039    0.00000    34.9081    34.9076         44 0.0000e+00
    266.000    263.326     3.8869     3.8867  32.497345  32.497102    6.55483     2.2391 3.6492e+02    -0.0232     0.0000      98.78    97.5340     0.0780      62444    6.55455    0.00000    34.9082    34.9081         35 0.0000e+00
    264.000    261.347     3.8885     3.8883  32.497863  32.497855    6.55384     2.2394 3.6466e+02    -0.0227     0.0000      98.78    97.5427     0.0780      62480    6.55355    0.00000    34.9082    34.9084         39 0.0000e+00
    262.000    259.368     3.8898     3.8898  32.498234  32.498414    6.55564     2.2404 3.6317e+02    -0.0229     0.0000      98.23    97.5508     0.0780      62541    6.55539    0.00000    34.9084    34.9086         85 0.0000e+00
    260.000    257.389     3.8852     3.8882  32.492228  32.495898    6.55220     2.2397 3.6090e+02    -0.0235     0.0000      96.33    97.5705     0.0780      62607    6.55193    0.00000    34.9072    34.9084         38 0.0000e+00
    258.000    255.411     3.8696     3.8741  32.474925  32.480688    6.55463     2.2400 3.6163e+02    -0.0232     0.0000      98.71    97.5744     0.0780      62640    6.55438    0.00000    34.9043    34.9063         35 0.0000e+00
    256.000    253.432     3.8603     3.8625  32.464603  32.467461    6.55306     2.2396 3.6131e+02    -0.0227     0.0000      98.78    97.5918     0.0780      62684    6.55286    0.00000    34.9030    34.9040         53 0.0000e+00
    254.000    251.454     3.8561     3.8612  32.459368  32.464735    6.54570     2.2380 3.6013e+02    -0.0226     0.0000      98.78    97.6135     0.0780      62737    6.54561    0.00000    34.9022    34.9032         49 0.0000e+00
    252.000    249.475     3.8639     3.8634  32.466400  32.465908    6.54086     2.2375 3.5946e+02    -0.0230     0.0000      98.78    97.5855     0.0780      62786    6.54082    0.00000    34.9034    34.9034         53 0.0000e+00
    250.000    247.496     3.8649     3.8648  32.466421  32.466434    6.54294     2.2386 3.5892e+02    -0.0227     0.0000      98.26    97.6003     0.0780      62840    6.54283    0.00000    34.9034    34.9036         54 0.0000e+00
    248.000    245.517     3.8653     3.8654  32.465723  32.466085    6.54384     2.2392 3.5884e+02    -0.0222     0.0000      79.48    97.6096     0.0780      62890    6.54371    0.00000    34.9033    34.9036         45 0.0000e+00
    246.000    243.538     3.8599     3.8615  32.459204  32.461253    6.53947     2.2383 3.5884e+02    -0.0225     0.0000      98.41    97.6094     0.0780      62935    6.53942    0.00000    34.9024    34.9031         47 0.0000e+00
    244.000    241.560     3.8615     3.8609  32.459877  32.459325    6.53476     2.2376 3.5872e+02    -0.0225     0.0000      98.78    97.5677     0.0780      62986    6.53470    0.00000    34.9025    34.9025         52 0.0000e+00
    242.000    239.581     3.8699     3.8677  32.467163  32.465005    6.52618     2.2361 3.5898e+02    -0.0235     0.0000      98.78    97.5983     0.0780      63036    6.52591    0.00000    34.9034    34.9031         46 0.0000e+00
    240.000    237.602     3.8757     3.8737  32.471963  32.469720    6.52613     2.2368 3.5884e+02    -0.0226     0.0000      98.78    97.5995     0.0780      63077    6.52585    0.00000    34.9039    34.9034         40 0.0000e+00
    238.000    235.623     3.8803     3.8796  32.475334  32.474847    6.52794     2.2380 3.5929e+02    -0.0228     0.0000      98.78    97.5890     0.0780      63125    6.52768    0.00000    34.9042    34.9043         59 0.0000e+00
    236.000    233.644     3.8810     3.8810  32.475040  32.475153    6.52903     2.2388 3.5927e+02    -0.0227     0.0000      98.78    97.5827     0.0780      63188    6.52893    0.00000    34.9041    34.9044         56 0.0000e+00
