Ship_data/Irminger/Irminger-2/ctd/process/OOI/at30_010.ros
* Sea-Bird SBE 9 Data File:
* FileName = C:\data\ctd\at30_010.hex
* Software Version Seasave V 7.21f
* Temperature SN = 2265
* Conductivity SN = 3021
* Number of Bytes Per Scan = 40
* Number of Voltage Words = 5
* Number of Scans Averaged by the Deck Unit = 1
* NMEA Latitude = 59 45.71 N
* NMEA Longitude = 039 52.84 W
* NMEA UTC (Time) = Aug 19 2015  21:15:33
** FLMA 2 post deployment cal
# nquan = 17
# nvalues = 588                                   
# units = specified
# name 0 = prDM: Pressure, Digiquartz [db]
# name 1 = depSM: Depth [salt water, m]
# name 2 = t090C: Temperature [ITS-90, deg C]
# name 3 = t190C: Temperature, 2 [ITS-90, deg C]
# name 4 = c0mS/cm: Conductivity [mS/cm]
# name 5 = c1mS/cm: Conductivity, 2 [mS/cm]
# name 6 = sbeox0ML/L: Oxygen, SBE 43 [ml/l]
# name 7 = sbeox0V: Oxygen raw, SBE 43 [V]
# name 8 = spar: SPAR/Surface Irradiance
# name 9 = flECO-AFL: Fluorescence, WET Labs ECO-AFL/FL [mg/m^3]
# name 10 = v2: Voltage 2
# name 11 = altM: Altimeter [m]
# name 12 = CStarTr0: Beam Transmission, WET Labs C-Star [%]
# name 13 = turbWETntu0: Turbidity, WET Labs ECO [NTU]
# name 14 = scan: Scan Count
# name 15 = nbf: Bottles Fired
# name 16 = flag:  0.000e+00
# interval = seconds: 0.0416667
# start_time = Aug 19 2015 21:15:33 [NMEA time, header]
# bad_flag = -9.990e-29
*END*
   2730.344   2687.208     1.4285     1.4291  31.350965  31.351389    6.64705     1.6985 3.6085e+01    -0.0658     0.0000       9.28    96.9214     0.0707      77801          1  0.000e+00
   2730.344   2687.208     1.4287     1.4293  31.351084  31.350826    6.64701     1.6985 3.4080e+01    -0.0658     0.0000       9.35    96.9214     0.0707      77802          1  0.000e+00
   2730.344   2687.208     1.4286     1.4291  31.350965  31.350826    6.64704     1.6985 3.6085e+01    -0.0585     0.0000       9.35    96.9214     0.0707      77803          1  0.000e+00
   2730.217   2687.083     1.4286     1.4291  31.351084  31.350825    6.64692     1.6985 3.6085e+01    -0.0658     0.0000       9.35    96.8953     0.0707      77804          1  0.000e+00
   2730.344   2687.208     1.4286     1.4291  31.350965  31.351671    6.64705     1.6985 3.6085e+01    -0.0658     0.0000       9.35    96.8953     0.0707      77805          1  0.000e+00
   2730.251   2687.117     1.4288     1.4290  31.351024  31.350825    6.64693     1.6985 3.6085e+01    -0.0658     0.0000       9.38    96.8953     0.0707      77806          1  0.000e+00
   2730.285   2687.150     1.4288     1.4291  31.351084  31.350994    6.64696     1.6985 3.6085e+01    -0.0585     0.0000       9.38    96.8691     0.0707      77807          1  0.000e+00
   2730.285   2687.150     1.4291     1.4290  31.351143  31.350825    6.64691     1.6985 3.6085e+01    -0.0658     0.0000       9.40    96.8953     0.0707      77808          1  0.000e+00
   2730.149   2687.017     1.4290     1.4291  31.351321  31.350825    6.64680     1.6985 3.6085e+01    -0.0658     0.0000       9.38    96.8953     0.0682      77809          1  0.000e+00
   2730.285   2687.150     1.4290     1.4291  31.351084  31.350825    6.64694     1.6985 3.6085e+01    -0.0658     0.0000       9.40    96.8953     0.0682      77810          1  0.000e+00
   2730.217   2687.084     1.4289     1.4291  31.351084  31.350825    6.64689     1.6985 3.4080e+01    -0.0658     0.0000       9.43    96.9214     0.0707      77811          1  0.000e+00
   2730.217   2687.084     1.4290     1.4291  31.350965  31.350825    6.64689     1.6985 3.4080e+01    -0.0585     0.0000       9.45    96.9214     0.0707      77812          1  0.000e+00
   2730.183   2687.050     1.4288     1.4294  31.351262  31.351107    6.63979     1.6973 3.4080e+01    -0.0658     0.0000       9.45    96.8953     0.0682      77813          1  0.000e+00
   2730.217   2687.084     1.4289     1.4290  31.351262  31.351107    6.64689     1.6985 3.6085e+01    -0.0658     0.0000       9.45    96.9214     0.0682      77814          1  0.000e+00
   2730.150   2687.017     1.4290     1.4293  31.351321  31.351107    6.64681     1.6985 3.4080e+01    -0.0658     0.0000       9.45    96.9214     0.0682      77815          1  0.000e+00
   2730.217   2687.084     1.4290     1.4291  31.351440  31.350825    6.64687     1.6985 3.6085e+01    -0.0658     0.0000       9.47    96.9214     0.0707      77816          1  0.000e+00
   2730.150   2687.017     1.4289     1.4293  31.351024  31.351107    6.64685     1.6985 3.4080e+01    -0.0658     0.0000       9.50    96.9214     0.0707      77817          1  0.000e+00
   2730.217   2687.084     1.4291     1.4290  31.350906  31.350825    6.64688     1.6985 3.6085e+01    -0.0658     0.0000       9.50    96.8953     0.0707      77818          1  0.000e+00
   2730.124   2686.993     1.4288     1.4291  31.350905  31.351107    6.64685     1.6985 3.4080e+01    -0.0658     0.0000       9.50    96.8953     0.0682      77819          1  0.000e+00
   2730.150   2687.017     1.4290     1.4290  31.351261  31.351276    6.64683     1.6985 3.4080e+01    -0.0585     0.0000       9.52    96.8953     0.0707      77820          1  0.000e+00
   2730.150   2687.017     1.4289     1.4291  31.351262  31.350825    6.64684     1.6985 3.6085e+01    -0.0658     0.0000       9.52    96.9214     0.0707      77821          1  0.000e+00
   2730.150   2687.017     1.4290     1.4293  31.351143  31.351388    6.64684     1.6985 3.6085e+01    -0.0585     0.0000       9.57    96.9214     0.0707      77822          1  0.000e+00
   2730.218   2687.084     1.4288     1.4293  31.351321  31.351107    6.64692     1.6985 3.4080e+01    -0.0585     0.0000       9.55    96.9214     0.0707      77823          1  0.000e+00
   2730.150   2687.018     1.4289     1.4289  31.351262  31.351107    6.64685     1.6985 3.4080e+01    -0.0585     0.0000       9.55    96.9214     0.0707      77824          1  0.000e+00
   2730.150   2687.018     1.4290     1.4291  31.351321  31.350825    6.64684     1.6985 3.4080e+01    -0.0658     0.0000       9.55    96.8953     0.0682      77825          1  0.000e+00
   2730.124   2686.993     1.4288     1.4293  31.351439  31.351388    6.64684     1.6985 3.4080e+01    -0.0658     0.0000       9.57    96.8953     0.0682      77826          1  0.000e+00
   2730.150   2687.018     1.4287     1.4291  31.351202  31.351107    6.64688     1.6985 3.6085e+01    -0.0585     0.0000       9.60    96.8953     0.0707      77827          1  0.000e+00
   2730.150   2687.018     1.4288     1.4293  31.351143  31.351388    6.64688     1.6985 3.6085e+01    -0.0585     0.0000       9.57    96.8953     0.0707      77828          1  0.000e+00
   2730.218   2687.084     1.4288     1.4293  31.350965  31.351107    6.64695     1.6985 3.4080e+01    -0.0658     0.0000       9.57    96.8691     0.0707      77829          1  0.000e+00
   2730.150   2687.018     1.4287     1.4290  31.351262  31.350825    6.64689     1.6985 3.4080e+01    -0.0585     0.0000       9.60    96.8691     0.0707      77830          1  0.000e+00
   2730.150   2687.018     1.4290     1.4291  31.351440  31.350825    6.63976     1.6973 3.4080e+01    -0.0658     0.0000       9.60    96.8953     0.0707      77831          1  0.000e+00
   2730.218   2687.084     1.4290     1.4291  31.351262  31.350994    6.64692     1.6985 3.4080e+01    -0.0585     0.0000       9.60    96.8953     0.0707      77832          1  0.000e+00
   2730.125   2686.993     1.4286     1.4290  31.351143  31.351388    6.64691     1.6985 3.6085e+01    -0.0658     0.0000       9.62    96.8953     0.0707      77833          1  0.000e+00
   2730.218   2687.084     1.4286     1.4293  31.351143  31.350825    6.64698     1.6985 3.4080e+01    -0.0585     0.0000       9.60    96.8953     0.0707      77834          1  0.000e+00
   2730.218   2687.084     1.4288     1.4291  31.351143  31.351389    6.64696     1.6985 3.6085e+01    -0.0658     0.0000       9.62    96.9214     0.0707      77835          1  0.000e+00
   2730.150   2687.018     1.4289     1.4293  31.351143  31.350825    6.64688     1.6985 3.6085e+01    -0.0658     0.0000       9.62    96.8953     0.0707      77836          1  0.000e+00
   2730.218   2687.084     1.4286     1.4291  31.351143  31.351107    6.64699     1.6985 3.4080e+01    -0.0658     0.0000       9.62    96.8953     0.0707      77837          1  0.000e+00
   2730.218   2687.084     1.4290     1.4293  31.350728  31.351389    6.64696     1.6985 3.6085e+01    -0.0658     0.0000       9.62    96.9214     0.0707      77838          1  0.000e+00
   2730.252   2687.117     1.4288     1.4291  31.350965  31.350825    6.64701     1.6985 3.4080e+01    -0.0658     0.0000       9.62    96.9214     0.0707      77839          1  0.000e+00
   2730.218   2687.084     1.4289     1.4293  31.351143  31.351107    6.64695     1.6985 3.4080e+01    -0.0585     0.0000       9.62    96.9214     0.0707      77840          1  0.000e+00
   2730.218   2687.084     1.4288     1.4291  31.351143  31.351107    6.63989     1.6973 3.6085e+01    -0.0658     0.0000       9.62    96.9214     0.0707      77841          1  0.000e+00
   2730.286   2687.151     1.4286     1.4291  31.351143  31.351107    6.63998     1.6973 3.4080e+01    -0.0658     0.0000       9.62    96.9214     0.0682      77842          1  0.000e+00
   2730.286   2687.151     1.4289     1.4291  31.351143  31.351107    6.64702     1.6985 3.6085e+01    -0.0658     0.0000       9.62    96.9214     0.0707      77843          1  0.000e+00
   2730.218   2687.084     1.4288     1.4291  31.350965  31.351389    6.64699     1.6985 3.6085e+01    -0.0658     0.0000       9.62    96.9214     0.0707      77844          1  0.000e+00
   2730.286   2687.151     1.4290     1.4291  31.351084  31.350994    6.64702     1.6985 3.4080e+01    -0.0658     0.0000       9.62    96.9214     0.0707      77845          1  0.000e+00
   2730.320   2687.184     1.4286     1.4291  31.350965  31.351107    6.64712     1.6985 3.4080e+01    -0.0658     0.0000       9.60    96.9214     0.0707      77846          1  0.000e+00
   2730.345   2687.209     1.4286     1.4290  31.350847  31.351389    6.64006     1.6973 3.6085e+01    -0.0658     0.0000       9.60    96.9214     0.0707      77847          1  0.000e+00
   2730.286   2687.151     1.4285     1.4289  31.351262  31.351107    6.64001     1.6973 3.6085e+01    -0.0658     0.0000       9.60    96.9476     0.0707      77848          1  0.000e+00
   2730.345   2687.209     1.4286     1.4289  31.350847  31.350826    6.64716     1.6985 3.4080e+01    -0.0658     0.0000       9.60    96.9214     0.0707      77849          1  0.000e+00
   2438.561   2401.660     2.6147     2.6157  32.297045  32.297316    6.13766     1.6916 3.2075e+01    -0.0512     0.0000      98.71    97.5754     0.0707      88722          2  0.000e+00
   2438.646   2401.743     2.6147     2.6154  32.296985  32.297316    6.14429     1.6929 3.2075e+01    -0.0585     0.0000      98.73    97.5754     0.0707      88723          2  0.000e+00
   2438.629   2401.727     2.6147     2.6155  32.297045  32.297829    6.13772     1.6916 3.0071e+01    -0.0512     0.0000      98.73    97.5754     0.0707      88724          2  0.000e+00
   2438.587   2401.685     2.6149     2.6155  32.297165  32.297601    6.14421     1.6929 3.0071e+01    -0.0512     0.0000      98.73    97.5754     0.0707      88725          2  0.000e+00
   2438.629   2401.727     2.6147     2.6157  32.296985  32.297316    6.14428     1.6929 3.0071e+01    -0.0512     0.0000      98.73    97.5493     0.0707      88726          2  0.000e+00
   2438.646   2401.743     2.6146     2.6154  32.297045  32.297316    6.14431     1.6929 3.2075e+01    -0.0512     0.0000      98.73    97.5754     0.0707      88727          2  0.000e+00
   2438.629   2401.727     2.6146     2.6155  32.297165  32.297601    6.14429     1.6929 3.0071e+01    -0.0512     0.0000      98.73    97.5493     0.0707      88728          2  0.000e+00
   2438.696   2401.793     2.6144     2.6155  32.297165  32.297203    6.14437     1.6929 3.0071e+01    -0.0512     0.0000      98.71    97.5493     0.0707      88729          2  0.000e+00
   2438.587   2401.685     2.6144     2.6155  32.296985  32.297316    6.13773     1.6916 3.2075e+01    -0.0512     0.0000      98.73    97.5754     0.0707      88730          2  0.000e+00
   2438.696   2401.793     2.6146     2.6155  32.297045  32.297032    6.14436     1.6929 3.0071e+01    -0.0512     0.0000      98.73    97.5754     0.0707      88731          2  0.000e+00
   2438.646   2401.743     2.6146     2.6157  32.297165  32.297601    6.14430     1.6929 3.0071e+01    -0.0512     0.0000      98.71    97.5754     0.0707      88732          2  0.000e+00
   2438.696   2401.793     2.6146     2.6154  32.296985  32.297602    6.14436     1.6929 3.0071e+01    -0.0585     0.0000      98.73    97.5754     0.0707      88733          2  0.000e+00
   2438.713   2401.809     2.6144     2.6157  32.296865  32.297545    6.14440     1.6929 3.2075e+01    -0.0512     0.0000      98.71    97.5754     0.0682      88734          2  0.000e+00
   2438.629   2401.727     2.6146     2.6154  32.297045  32.297601    6.14430     1.6929 3.0071e+01    -0.0512     0.0000      98.73    97.5754     0.0707      88735          2  0.000e+00
   2438.646   2401.743     2.6146     2.6155  32.297165  32.297601    6.14431     1.6929 3.0071e+01    -0.0512     0.0000      98.73    97.5754     0.0707      88736          2  0.000e+00
   2438.696   2401.793     2.6146     2.6155  32.296985  32.297601    6.14436     1.6929 3.0071e+01    -0.0512     0.0000      98.73    97.5493     0.0707      88737          2  0.000e+00
   2438.646   2401.743     2.6146     2.6159  32.297045  32.297886    6.14432     1.6929 3.0071e+01    -0.0512     0.0000      98.73    97.5231     0.0682      88738          2  0.000e+00
   2438.629   2401.727     2.6147     2.6157  32.297165  32.297544    6.14428     1.6929 3.2075e+01    -0.0512     0.0000      98.73    97.5231     0.0707      88739          2  0.000e+00
   2438.646   2401.743     2.6147     2.6159  32.297165  32.297601    6.14430     1.6929 3.2075e+01    -0.0512     0.0000      98.73    97.5231     0.0682      88740          2  0.000e+00
   2438.697   2401.793     2.6146     2.6160  32.297165  32.297886    6.14436     1.6929 3.0071e+01    -0.0512     0.0000      98.73    97.5493     0.0707      88741          2  0.000e+00
   2438.587   2401.686     2.6144     2.6160  32.297165  32.297601    6.14429     1.6929 3.2075e+01    -0.0512     0.0000      98.73    97.5754     0.0707      88742          2  0.000e+00
   2438.697   2401.793     2.6149     2.6159  32.297165  32.297886    6.14432     1.6929 3.0071e+01    -0.0585     0.0000      98.73    97.5754     0.0707      88743          2  0.000e+00
   2438.562   2401.661     2.6147     2.6159  32.297165  32.297544    6.14423     1.6929 3.2075e+01    -0.0512     0.0000      98.73    97.5493     0.0707      88744          2  0.000e+00
   2438.646   2401.744     2.6147     2.6162  32.296985  32.297886    6.14431     1.6929 3.0071e+01    -0.0512     0.0000      98.73    97.5493     0.0707      88745          2  0.000e+00
   2438.562   2401.661     2.6149     2.6159  32.297045  32.297601    6.14422     1.6929 3.0071e+01    -0.0512     0.0000      98.73    97.5754     0.0707      88746          2  0.000e+00
   2438.587   2401.686     2.6146     2.6159  32.296985  32.297601    6.13773     1.6916 3.2075e+01    -0.0512     0.0000      98.71    97.5754     0.0707      88747          2  0.000e+00
   2438.562   2401.661     2.6149     2.6162  32.297285  32.297601    6.14421     1.6929 3.0071e+01    -0.0512     0.0000      98.73    97.5754     0.0682      88748          2  0.000e+00
   2438.587   2401.686     2.6149     2.6162  32.297285  32.297544    6.14423     1.6929 3.2075e+01    -0.0512     0.0000      98.71    97.5493     0.0707      88749          2  0.000e+00
   2438.562   2401.661     2.6149     2.6162  32.297165  32.297886    6.14422     1.6929 3.2075e+01    -0.0512     0.0000      98.73    97.5754     0.0707      88750          2  0.000e+00
   2438.520   2401.620     2.6147     2.6160  32.297345  32.297601    6.14420     1.6929 3.0071e+01    -0.0585     0.0000      98.73    97.5754     0.0707      88751          2  0.000e+00
   2438.503   2401.603     2.6147     2.6160  32.297285  32.297316    6.14419     1.6929 3.2075e+01    -0.0585     0.0000      98.73    97.5754     0.0682      88752          2  0.000e+00
   2438.461   2401.562     2.6149     2.6160  32.296984  32.297316    6.13759     1.6916 3.2075e+01    -0.0512     0.0000      98.73    97.5754     0.0707      88753          2  0.000e+00
   2438.503   2401.603     2.6149     2.6159  32.297045  32.297544    6.13762     1.6916 3.2075e+01    -0.0512     0.0000      98.73    97.5754     0.0707      88754          2  0.000e+00
   2438.461   2401.562     2.6151     2.6160  32.297165  32.297316    6.13756     1.6916 3.0071e+01    -0.0512     0.0000      98.73    97.5754     0.0707      88755          2  0.000e+00
   2438.435   2401.537     2.6148     2.6160  32.297164  32.297601    6.14413     1.6929 3.0071e+01    -0.0512     0.0000      98.73    97.5493     0.0707      88756          2  0.000e+00
   2438.461   2401.562     2.6149     2.6162  32.296984  32.297601    6.14415     1.6929 3.2075e+01    -0.0512     0.0000      98.73    97.5493     0.0707      88757          2  0.000e+00
