Ship_data/Irminger/Irminger-2/ctd/process/OOI/at30_010.ros
* Sea-Bird SBE 9 Data File:
* FileName = C:\data\ctd\at30_010.hex
* Software Version Seasave V 7.21f
* Temperature SN = 2265
* Conductivity SN = 3021
* Number of Bytes Per Scan = 40
* Number of Voltage Words = 5
* Number of Scans Averaged by the Deck Unit = 1
* NMEA Latitude = 59 45.71 N
* NMEA Longitude = 039 52.84 W
* NMEA UTC (Time) = Aug 19 2015  21:15:33
** FLMA 2 post deployment cal
# nquan = 17
# nvalues = 588                                   
# units = specified
# name 0 = prDM: Pressure, Digiquartz [db]
# name 1 = depSM: Depth [salt water, m]
# name 2 = t090C: Temperature [ITS-90, deg C]
# name 3 = t190C: Temperature, 2 [ITS-90, deg C]
# name 4 = c0mS/cm: Conductivity [mS/cm]
# name 5 = c1mS/cm: Conductivity, 2 [mS/cm]
# name 6 = sbeox0ML/L: Oxygen, SBE 43 [ml/l]
# name 7 = sbeox0V: Oxygen raw, SBE 43 [V]
# name 8 = spar: SPAR/Surface Irradiance
# name 9 = flECO-AFL: Fluorescence, WET Labs ECO-AFL/FL [mg/m^3]
# name 10 = v2: Voltage 2
# name 11 = altM: Altimeter [m]
# name 12 = CStarTr0: Beam Transmission, WET Labs C-Star [%]
# name 13 = turbWETntu0: Turbidity, WET Labs ECO [NTU]
# name 14 = scan: Scan Count
# name 15 = nbf: Bottles Fired
# name 16 = flag:  0.000e+00
# interval = seconds: 0.0416667
# start_time = Aug 19 2015 21:15:33 [NMEA time, header]
# bad_flag = -9.990e-29
*END*
[from data line 171]
   1826.461   1801.400     3.2572     3.2577  32.626810  32.626777    6.05861     1.7958 2.4056e+01    -0.0585     0.0000      98.73    97.6277     0.0707     109703          4  0.000e+00
   1826.495   1801.433     3.2571     3.2579  32.626750  32.626777    6.05866     1.7958 2.4056e+01    -0.0512     0.0000      98.73    97.6277     0.0707     109704          4  0.000e+00
   1826.520   1801.458     3.2571     3.2575  32.626629  32.626835    6.05869     1.7958 2.4056e+01    -0.0512     0.0000      98.73    97.6277     0.0707     109705          4  0.000e+00
   1826.495   1801.433     3.2570     3.2579  32.626449  32.627063    6.05869     1.7958 2.4056e+01    -0.0585     0.0000      98.73    97.6277     0.0707     109706          4  0.000e+00
   1826.461   1801.400     3.2574     3.2577  32.626509  32.626777    6.05861     1.7958 2.4056e+01    -0.0512     0.0000      98.73    97.6277     0.0707     109707          4  0.000e+00
   1826.395   1801.335     3.2574     3.2580  32.626810  32.626491    6.05854     1.7958 2.4056e+01    -0.0512     0.0000      98.73    97.6016     0.0707     109708          4  0.000e+00
   1826.428   1801.368     3.2574     3.2577  32.626930  32.627178    6.05856     1.7958 2.4056e+01    -0.0512     0.0000      98.73    97.6016     0.0682     109709          4  0.000e+00
   1826.462   1801.400     3.2577     3.2580  32.626930  32.626777    6.05854     1.7958 2.4056e+01    -0.0512     0.0000      98.73    97.6016     0.0707     109710          4  0.000e+00
   1826.395   1801.335     3.2574     3.2580  32.626749  32.626777    6.05854     1.7958 2.4056e+01    -0.0512     0.0000      98.73    97.6016     0.0707     109711          4  0.000e+00
   1826.370   1801.310     3.2574     3.2587  32.626810  32.627063    6.05852     1.7958 2.4056e+01    -0.0512     0.0000      98.73    97.6016     0.0707     109712          4  0.000e+00
   1826.395   1801.335     3.2574     3.2588  32.626930  32.627177    6.05853     1.7958 2.4056e+01    -0.0512     0.0000      98.73    97.6016     0.0707     109713          4  0.000e+00
   1826.336   1801.278     3.2574     3.2588  32.626930  32.627692    6.05848     1.7958 2.4056e+01    -0.0512     0.0000      98.73    97.6277     0.0707     109714          4  0.000e+00
   1826.370   1801.310     3.2574     3.2585  32.626749  32.627349    6.05851     1.7958 2.4056e+01    -0.0585     0.0000      98.73    97.6016     0.0707     109715          4  0.000e+00
   1826.336   1801.278     3.2575     3.2587  32.626809  32.627063    6.05847     1.7958 2.4056e+01    -0.0512     0.0000      98.73    97.6016     0.0707     109716          4  0.000e+00
   1826.336   1801.278     3.2575     3.2588  32.626930  32.627177    6.05846     1.7958 2.4056e+01    -0.0512     0.0000      98.73    97.6016     0.0707     109717          4  0.000e+00
   1826.303   1801.245     3.2574     3.2587  32.626508  32.627978    6.05848     1.7958 2.4056e+01    -0.0512     0.0000      98.73    97.6277     0.0707     109718          4  0.000e+00
   1826.270   1801.212     3.2575     3.2587  32.626749  32.627692    6.05842     1.7958 2.4056e+01    -0.0512     0.0000      98.73    97.6277     0.0707     109719          4  0.000e+00
   1826.270   1801.212     3.2575     3.2588  32.626930  32.627349    6.05841     1.7958 2.6061e+01    -0.0512     0.0000      98.73    97.6277     0.0707     109720          4  0.000e+00
   1826.236   1801.179     3.2574     3.2590  32.626930  32.627463    6.05840     1.7958 2.4056e+01    -0.0585     0.0000      98.73    97.6277     0.0707     109721          4  0.000e+00
   1826.211   1801.155     3.2575     3.2588  32.626749  32.627692    6.05837     1.7958 2.4056e+01    -0.0439     0.0000      98.73    97.6277     0.0707     109722          4  0.000e+00
   1826.178   1801.122     3.2577     3.2590  32.626628  32.627692    6.05833     1.7958 2.4056e+01    -0.0512     0.0000      98.73    97.6277     0.0707     109723          4  0.000e+00
   1826.211   1801.155     3.2576     3.2588  32.626628  32.627692    6.05837     1.7958 2.2052e+01    -0.0512     0.0000      98.73    97.6016     0.0707     109724          4  0.000e+00
   1826.145   1801.089     3.2575     3.2590  32.626809  32.627463    6.05831     1.7958 2.2052e+01    -0.0512     0.0000      98.73    97.6016     0.0707     109725          4  0.000e+00
   1826.111   1801.057     3.2575     3.2587  32.626748  32.627348    6.05829     1.7958 2.2052e+01    -0.0512     0.0000      98.73    97.6277     0.0707     109726          4  0.000e+00
   1826.212   1801.155     3.2575     3.2588  32.626809  32.627349    6.05836     1.7958 2.4056e+01    -0.0512     0.0000      98.73    97.6277     0.0707     109727          4  0.000e+00
   1520.616   1500.834     3.5347     3.5354  32.745012  32.745084    6.04171     1.8541 2.4056e+01    -0.0512     0.0000      98.73    97.5493     0.0707     120107          5  0.000e+00
   1520.558   1500.776     3.5348     3.5354  32.744891  32.745657    6.04166     1.8541 2.2052e+01    -0.0512     0.0000      98.73    97.5493     0.0707     120108          5  0.000e+00
   1520.616   1500.834     3.5347     3.5355  32.745072  32.745371    6.04172     1.8541 2.4056e+01    -0.0585     0.0000      98.73    97.5754     0.0707     120109          5  0.000e+00
   1520.550   1500.768     3.5347     3.5354  32.745132  32.745371    6.04165     1.8541 2.2052e+01    -0.0512     0.0000      98.73    97.5754     0.0707     120110          5  0.000e+00
   1520.558   1500.776     3.5351     3.5352  32.745011  32.745371    6.04162     1.8541 2.4056e+01    -0.0512     0.0000      98.73    97.5754     0.0707     120111          5  0.000e+00
   1520.550   1500.768     3.5347     3.5352  32.745253  32.745371    6.04165     1.8541 2.4056e+01    -0.0512     0.0000      98.73    97.5754     0.0707     120112          5  0.000e+00
   1520.616   1500.834     3.5347     3.5355  32.745253  32.745084    6.04171     1.8541 2.4056e+01    -0.0512     0.0000      98.73    97.5754     0.0707     120113          5  0.000e+00
   1520.558   1500.776     3.5347     3.5354  32.745192  32.745084    6.04165     1.8541 2.2052e+01    -0.0512     0.0000      98.73    97.5493     0.0707     120114          5  0.000e+00
   1520.550   1500.768     3.5350     3.5354  32.744951  32.745428    6.04163     1.8541 2.4056e+01    -0.0512     0.0000      98.73    97.5493     0.0682     120115          5  0.000e+00
   1520.492   1500.711     3.5348     3.5355  32.745313  32.745084    6.04158     1.8541 2.4056e+01    -0.0512     0.0000      98.73    97.5754     0.0707     120116          5  0.000e+00
   1520.617   1500.834     3.5347     3.5354  32.745313  32.745657    6.04169     1.8541 2.2052e+01    -0.0512     0.0000      98.73    97.5754     0.0707     120117          5  0.000e+00
   1520.492   1500.711     3.5348     3.5352  32.745011  32.745084    6.04159     1.8541 2.4056e+01    -0.0732     0.0000      98.73    97.6016     0.0707     120118          5  0.000e+00
   1520.550   1500.768     3.5350     3.5355  32.745253  32.745371    6.04161     1.8541 2.2052e+01    -0.0439     0.0000      98.73    97.5754     0.0707     120119          5  0.000e+00
   1520.492   1500.711     3.5347     3.5354  32.745071  32.745370    6.03599     1.8529 2.4056e+01    -0.0512     0.0000      98.73    97.5754     0.0707     120120          5  0.000e+00
   1520.550   1500.768     3.5350     3.5355  32.744891  32.744798    6.04163     1.8541 2.4056e+01    -0.0512     0.0000      98.73    97.5754     0.0707     120121          5  0.000e+00
   1520.492   1500.711     3.5347     3.5352  32.745071  32.745370    6.04161     1.8541 2.4056e+01    -0.0512     0.0000      98.73    97.5754     0.0707     120122          5  0.000e+00
   1520.559   1500.777     3.5349     3.5354  32.744951  32.745657    6.04164     1.8541 2.4056e+01    -0.0512     0.0000      98.73    97.5754     0.0707     120123          5  0.000e+00
   1520.492   1500.711     3.5347     3.5352  32.745071  32.745370    6.04161     1.8541 2.4056e+01    -0.0512     0.0000      98.73    97.5754     0.0707     120124          5  0.000e+00
   1520.492   1500.711     3.5348     3.5354  32.745192  32.745370    6.04158     1.8541 2.2052e+01    -0.0512     0.0000      98.73    97.6016     0.0707     120125          5  0.000e+00
   1520.492   1500.711     3.5347     3.5354  32.744951  32.745370    6.04161     1.8541 2.4056e+01    -0.0512     0.0000      98.73    97.5754     0.0707     120126          5  0.000e+00
   1520.492   1500.711     3.5348     3.5354  32.744890  32.745428    6.04159     1.8541 2.4056e+01    -0.0439     0.0000      98.73    97.5754     0.0707     120127          5  0.000e+00
   1520.492   1500.711     3.5347     3.5354  32.745071  32.745084    6.04161     1.8541 2.4056e+01    -0.0512     0.0000      98.73    97.5754     0.0707     120128          5  0.000e+00
   1520.492   1500.711     3.5348     3.5352  32.745192  32.745657    6.04158     1.8541 2.4056e+01    -0.0512     0.0000      98.73    97.5754     0.0682     120129          5  0.000e+00
   1520.426   1500.646     3.5347     3.5355  32.745132  32.745657    6.04154     1.8541 2.4056e+01    -0.0512     0.0000      98.73    97.5754     0.0707     120130          5  0.000e+00
   1520.492   1500.711     3.5348     3.5354  32.745192  32.745370    6.04158     1.8541 2.4056e+01    -0.0512     0.0000      98.73    97.5754     0.0707     120131          5  0.000e+00
   1520.434   1500.654     3.5347     3.5354  32.745192  32.745370    6.04155     1.8541 2.4056e+01    -0.0512     0.0000      98.73    97.5754     0.0707     120132          5  0.000e+00
   1520.492   1500.711     3.5349     3.5355  32.744951  32.745370    6.04158     1.8541 2.4056e+01    -0.0512     0.0000      98.73    97.5754     0.0707     120133          5  0.000e+00
   1520.426   1500.646     3.5347     3.5355  32.744890  32.745657    6.04156     1.8541 2.4056e+01    -0.0512     0.0000      98.73    97.5754     0.0707     120134          5  0.000e+00
   1520.492   1500.712     3.5348     3.5354  32.744890  32.745370    6.04159     1.8541 2.2052e+01    -0.0512     0.0000      98.73    97.6016     0.0707     120135          5  0.000e+00
   1520.426   1500.646     3.5347     3.5352  32.744890  32.745370    6.04155     1.8541 2.4056e+01    -0.0512     0.0000      98.73    97.5754     0.0707     120136          5  0.000e+00
   1520.426   1500.646     3.5348     3.5352  32.745313  32.745370    6.04151     1.8541 2.4056e+01    -0.0512     0.0000      98.73    97.5754     0.0707     120137          5  0.000e+00
   1520.434   1500.654     3.5350     3.5355  32.745071  32.745370    6.04152     1.8541 2.2052e+01    -0.0512     0.0000      98.73    97.5493     0.0707     120138          5  0.000e+00
   1520.492   1500.712     3.5347     3.5352  32.745252  32.745428    6.04158     1.8541 2.4056e+01    -0.0512     0.0000      98.73    97.5493     0.0682     120139          5  0.000e+00
   1520.368   1500.589     3.5348     3.5354  32.745071  32.745084    6.04148     1.8541 2.4056e+01    -0.0512     0.0000      98.71    97.5754     0.0707     120140          5  0.000e+00
   1520.492   1500.712     3.5348     3.5352  32.745071  32.745370    6.04158     1.8541 2.2052e+01    -0.0512     0.0000      98.73    97.5754     0.0707     120141          5  0.000e+00
   1520.368   1500.589     3.5347     3.5355  32.745192  32.745370    6.03587     1.8529 2.4056e+01    -0.0585     0.0000      98.73    97.5754     0.0707     120142          5  0.000e+00
   1520.426   1500.646     3.5348     3.5354  32.745132  32.745084    6.04152     1.8541 2.2052e+01    -0.0512     0.0000      98.73    97.5754     0.0707     120143          5  0.000e+00
   1520.434   1500.654     3.5348     3.5352  32.745373  32.745657    6.04151     1.8541 2.4056e+01    -0.0585     0.0000      98.73    97.5754     0.0707     120144          5  0.000e+00
   1520.426   1500.646     3.5347     3.5354  32.744890  32.745657    6.04155     1.8541 2.2052e+01    -0.0512     0.0000      98.73    97.5493     0.0707     120145          5  0.000e+00
   1520.492   1500.712     3.5349     3.5352  32.745192  32.745084    6.04156     1.8541 2.4056e+01    -0.0585     0.0000      98.73    97.5754     0.0707     120146          5  0.000e+00
   1520.368   1500.589     3.5348     3.5354  32.744890  32.745370    6.04148     1.8541 2.4056e+01    -0.0512     0.0000      98.73    97.5493     0.0707     120147          5  0.000e+00
   1520.426   1500.646     3.5348     3.5352  32.745011  32.745370    6.04152     1.8541 2.4056e+01    -0.0512     0.0000      98.73    97.5493     0.0707     120148          5  0.000e+00
   1520.426   1500.646     3.5347     3.5354  32.745192  32.744797    6.04153     1.8541 2.2052e+01    -0.0512     0.0000      98.73    97.5754     0.0707     120149          5  0.000e+00
   1520.434   1500.655     3.5347     3.5352  32.744951  32.745370    6.04155     1.8541 2.4056e+01    -0.0585     0.0000      98.73    97.5754     0.0707     120150          5  0.000e+00
   1520.426   1500.646     3.5348     3.5354  32.745071  32.745428    6.04152     1.8541 2.4056e+01    -0.0512     0.0000      98.73    97.5754     0.0707     120151          5  0.000e+00
   1520.426   1500.646     3.5347     3.5352  32.745192  32.745370    6.04152     1.8541 2.4056e+01    -0.0512     0.0000      98.73    97.5754     0.0707     120152          5  0.000e+00
   1520.434   1500.655     3.5347     3.5354  32.745132  32.745370    6.04154     1.8541 2.2052e+01    -0.0512     0.0000      98.73    97.5754     0.0707     120153          5  0.000e+00
   1520.426   1500.647     3.5347     3.5354  32.745011  32.745370    6.04154     1.8541 2.2052e+01    -0.0512     0.0000      98.73    97.5754     0.0707     120154          5  0.000e+00
   1520.426   1500.647     3.5347     3.5352  32.744890  32.745657    6.03593     1.8529 2.4056e+01    -0.0512     0.0000      98.73    97.5754     0.0707     120155          5  0.000e+00
   1215.532   1200.586     3.4181     3.4183  32.457216  32.457649    6.58237     2.0262 2.2052e+01    -0.0512     0.0000      98.73    97.5231     0.0707     130560          6  0.000e+00
   1215.532   1200.586     3.4180     3.4186  32.457336  32.457649    6.58238     2.0262 2.2052e+01    -0.0512     0.0000      98.73    97.5231     0.0707     130561          6  0.000e+00
   1215.441   1200.497     3.4181     3.4183  32.457396  32.457078    6.58228     2.0262 2.2052e+01    -0.0585     0.0000      98.73    97.4969     0.0707     130562          6  0.000e+00
   1215.466   1200.521     3.4181     3.4182  32.457156  32.457649    6.57692     2.0250 2.2052e+01    -0.0512     0.0000      98.73    97.5231     0.0682     130563          6  0.000e+00
   1215.466   1200.521     3.4180     3.4184  32.457036  32.457363    6.57694     2.0250 2.4056e+01    -0.0585     0.0000      98.73    97.5231     0.0707     130564          6  0.000e+00
   1215.441   1200.497     3.4181     3.4184  32.457456  32.457363    6.58228     2.0262 2.4056e+01    -0.0512     0.0000      98.73    97.5493     0.0707     130565          6  0.000e+00
   1215.466   1200.521     3.4180     3.4184  32.457216  32.457649    6.58233     2.0262 2.2052e+01    -0.0585     0.0000      98.73    97.5231     0.0682     130566          6  0.000e+00
   1215.408   1200.464     3.4180     3.4184  32.457216  32.457649    6.58227     2.0262 2.2052e+01    -0.0512     0.0000      98.73    97.5231     0.0707     130567          6  0.000e+00
   1215.442   1200.497     3.4181     3.4184  32.457156  32.457649    6.58229     2.0262 2.2052e+01    -0.0512     0.0000      98.73    97.5231     0.0707     130568          6  0.000e+00
   1215.466   1200.521     3.4181     3.4186  32.457216  32.457078    6.58231     2.0262 2.2052e+01    -0.0585     0.0000      98.73    97.5231     0.0707     130569          6  0.000e+00
