Ship_data/Irminger/Irminger-2/ctd/process/OOI/at30_002.cnv
* Sea-Bird SBE 9 Data File:
* FileName = C:\data\ctd\at30_002.hex
* Software Version Seasave V 7.21f
* Temperature SN = 2265
* Conductivity SN = 3021
* Number of Bytes Per Scan = 40
* Number of Voltage Words = 5
* Number of Scans Averaged by the Deck Unit = 1
* NMEA Latitude = 42 32.00 N
* NMEA Longitude = 062 34.74 W
* NMEA UTC (Time) = Aug 07 2015  15:18:09
# nquan = 21
# nvalues = 1514                        
# units = specified
# name 0 = prDM: Pressure, Digiquartz [db]
# name 1 = depSM: Depth [salt water, m]
# name 2 = t090C: Temperature [ITS-90, deg C]
# name 3 = t190C: Temperature, 2 [ITS-90, deg C]
# name 4 = c0mS/cm: Conductivity [mS/cm]
# name 5 = c1mS/cm: Conductivity, 2 [mS/cm]
# name 6 = sbeox0ML/L: Oxygen, SBE 43 [ml/l]
# name 7 = sbeox0V: Oxygen raw, SBE 43 [V]
# name 8 = spar: SPAR/Surface Irradiance
# name 9 = flECO-AFL: Fluorescence, WET Labs ECO-AFL/FL [mg/m^3]
# name 10 = v2: Voltage 2
# name 11 = altM: Altimeter [m]
# name 12 = CStarTr0: Beam Transmission, WET Labs C-Star [%]
# name 13 = turbWETntu0: Turbidity, WET Labs ECO [NTU]
# name 14 = scan: Scan Count
# name 15 = sbeox0ML/L: Oxygen, SBE 43 [ml/l], WS = 2
# name 16 = sbeox0dOV/dT: Oxygen, SBE 43 [dov/dt], WS = 2
# name 17 = sal00: Salinity, Practical [PSU]
# name 18 = sal11: Salinity, Practical, 2 [PSU]
# name 19 = nbin: number of scans per bin
# name 20 = flag: flag
# span 0 =      2.000,   1520.000       
# span 1 =      1.984,   1502.526       
# span 2 =     3.9482,    21.4168       
# span 3 =     3.9485,    21.4348       
# span 4 =  33.136699,  47.265778       
# span 5 =  33.136222,  46.855378       
# span 6 =    3.08638,    6.56351       
# span 7 =     1.4464,     2.8747       
# span 8 = 1.0206e+03, 2.1694e+03       
# span 9 =    -0.0192,     1.4889       
# span 10 =     0.0000,     0.0000      
# span 11 =      81.97,      99.54      
# span 12 =    91.8576,    97.7168      
# span 13 =     0.0679,     0.1629      
# span 14 =        426,     183425      
# span 15 =    3.08617,    6.56423      
# span 16 =    0.00000,    0.00000      
# span 17 =    31.9973,    35.7288      
# span 18 =    31.9968,    35.7261      
# span 19 =         25,        227      
# span 20 = 0.0000e+00, 0.0000e+00      
# interval = decibars: 2                
# start_time = Aug 07 2015 15:18:09 [NMEA time, header]
# bad_flag = -9.990e-29
*END*
[from data line 1035]
    968.000    958.128     4.4266     4.4256  33.341091  33.339444    5.67242     1.8995 2.0112e+03    -0.0117     0.0000      98.78    97.6800     0.0755     153575    5.67222    0.00000    34.9654    34.9646         52 0.0000e+00
    966.000    956.153     4.4300     4.4273  33.343680  33.340351    5.67057     1.8995 2.0100e+03    -0.0112     0.0000      98.78    97.6800     0.0755     153634    5.67040    0.00000    34.9659    34.9649         57 0.0000e+00
    964.000    954.177     4.4360     4.4335  33.348764  33.345317    5.66812     1.8995 2.0092e+03    -0.0114     0.0000      98.78    97.6800     0.0755     153682    5.66801    0.00000    34.9666    34.9652         43 0.0000e+00
    962.000    952.203     4.4421     4.4407  33.353752  33.351587    5.66598     1.8995 2.0013e+03    -0.0115     0.0000      98.78    97.6800     0.0755     153726    5.66555    0.00000    34.9669    34.9659         48 0.0000e+00
    960.000    950.227     4.4442     4.4434  33.354778  33.353632    5.66291     1.8995 1.9942e+03    -0.0117     0.0000      98.78    97.6800     0.0755     153783    5.66379    0.00000    34.9670    34.9665         60 0.0000e+00
    958.000    948.252     4.4486     4.4458  33.358125  33.354451    5.66131     1.8995 2.0016e+03    -0.0115     0.0000      98.78    97.6850     0.0755     153833    5.66164    0.00000    34.9673    34.9660         39 0.0000e+00
    956.000    946.277     4.4578     4.4540  33.366504  33.361720    5.65875     1.8995 2.0025e+03    -0.0119     0.0000      98.78    97.6765     0.0755     153869    5.65865    0.00000    34.9684    34.9668         36 0.0000e+00
    954.000    944.302     4.4574     4.4575  33.365337  33.364842    5.65704     1.8995 1.9961e+03    -0.0123     0.0000      98.78    97.6844     0.0755     153917    5.65728    0.00000    34.9685    34.9678         71 0.0000e+00
    952.000    942.327     4.4614     4.4589  33.368452  33.365225    5.65653     1.8997 1.9882e+03    -0.0114     0.0000      98.78    97.6863     0.0755     153990    5.65599    0.00000    34.9690    34.9677         57 0.0000e+00
    950.000    940.352     4.4766     4.4713  33.382412  33.375813    5.65527     1.9004 2.0070e+03    -0.0123     0.0000      98.78    97.6952     0.0755     154033    5.65512    0.00000    34.9703    34.9681         36 0.0000e+00
    948.000    938.377     4.4873     4.4827  33.392247  33.386289    5.65348     1.9008 2.0083e+03    -0.0114     0.0000      98.78    97.6961     0.0755     154067    5.65340    0.00000    34.9715    34.9694         35 0.0000e+00
    946.000    936.401     4.4877     4.4866  33.391309  33.389973    5.65103     1.9005 1.9983e+03    -0.0117     0.0000      98.78    97.6960     0.0755     154110    5.65094    0.00000    34.9710    34.9706         52 0.0000e+00
    944.000    934.426     4.4880     4.4844  33.390552  33.386660    5.64579     1.8996 1.9860e+03    -0.0109     0.0000      98.78    97.6969     0.0755     154171    5.64554    0.00000    34.9708    34.9701         64 0.0000e+00
    942.000    932.451     4.4883     4.4897  33.389050  33.390061    5.64442     1.8994 2.0016e+03    -0.0118     0.0000      98.78    97.6891     0.0755     154226    5.64337    0.00000    34.9697    34.9695         48 0.0000e+00
    940.000    930.476     4.4883     4.4887  33.387515  33.387532    5.64214     1.8994 2.0036e+03    -0.0116     0.0000      98.78    97.6836     0.0755     154271    5.64192    0.00000    34.9690    34.9686         45 0.0000e+00
    938.000    928.500     4.4923     4.4896  33.390579  33.387402    5.63991     1.8994 2.0046e+03    -0.0115     0.0000      98.78    97.6799     0.0755     154318    5.63982    0.00000    34.9694    34.9685         47 0.0000e+00
    936.000    926.525     4.4958     4.4947  33.393089  33.391257    5.63857     1.8994 2.0049e+03    -0.0126     0.0000      98.78    97.6800     0.0755     154363    5.63787    0.00000    34.9697    34.9687         43 0.0000e+00
    934.000    924.549     4.4971     4.4964  33.393295  33.392183    5.63932     1.9000 2.0047e+03    -0.0123     0.0000      98.78    97.6840     0.0755     154408    5.63847    0.00000    34.9696    34.9690         49 0.0000e+00
    932.000    922.574     4.4975     4.4975  33.392735  33.392352    5.63530     1.8995 2.0094e+03    -0.0116     0.0000      98.78    97.6855     0.0755     154468    5.63519    0.00000    34.9695    34.9690         65 0.0000e+00
    930.000    920.599     4.4985     4.4982  33.392916  33.391740    5.63319     1.8994 2.0117e+03    -0.0121     0.0000      98.78    97.6697     0.0755     154521    5.63297    0.00000    34.9696    34.9686         42 0.0000e+00
    928.000    918.623     4.5035     4.5022  33.396982  33.394882    5.63071     1.8994 2.0052e+03    -0.0119     0.0000      98.78    97.6760     0.0755     154560    5.63081    0.00000    34.9702    34.9690         39 0.0000e+00
    926.000    916.648     4.5056     4.5041  33.398260  33.396258    5.62909     1.8994 2.0036e+03    -0.0120     0.0000      98.78    97.6695     0.0755     154605    5.62895    0.00000    34.9704    34.9697         55 0.0000e+00
    924.000    914.672     4.5093     4.5067  33.400945  33.397755    5.62945     1.9000 2.0127e+03    -0.0118     0.0000      98.78    97.6797     0.0755     154664    5.62938    0.00000    34.9707    34.9697         56 0.0000e+00
    922.000    912.697     4.5202     4.5150  33.410872  33.404601    5.63006     1.9009 2.0204e+03    -0.0127     0.0000      98.78    97.6735     0.0755     154711    5.62993    0.00000    34.9718    34.9700         41 0.0000e+00
    920.000    910.722     4.5225     4.5217  33.412156  33.410629    5.62745     1.9007 2.0119e+03    -0.0124     0.0000      98.78    97.6627     0.0755     154752    5.62737    0.00000    34.9720    34.9711         44 0.0000e+00
    918.000    908.746     4.5238     4.5231  33.412665  33.411420    5.62144     1.8997 2.0076e+03    -0.0118     0.0000      98.78    97.6750     0.0755     154809    5.62140    0.00000    34.9722    34.9715         66 0.0000e+00
    916.000    906.771     4.5243     4.5241  33.411999  33.411266    5.61841     1.8993 2.0256e+03    -0.0119     0.0000      98.78    97.6802     0.0755     154866    5.61834    0.00000    34.9719    34.9713         45 0.0000e+00
    914.000    904.795     4.5247     4.5252  33.411367  33.411076    5.61529     1.8990 2.0240e+03    -0.0114     0.0000      98.78    97.6800     0.0755     154904    5.61544    0.00000    34.9717    34.9709         35 0.0000e+00
    912.000    902.820     4.5253     4.5251  33.410874  33.410330    5.61413     1.8990 2.0245e+03    -0.0118     0.0000      98.78    97.6800     0.0755     154944    5.61395    0.00000    34.9716    34.9711         49 0.0000e+00
    910.000    900.844     4.5258     4.5257  33.410163  33.409734    5.61628     1.8998 2.0128e+03    -0.0118     0.0000      98.78    97.6800     0.0755     155006    5.61604    0.00000    34.9713    34.9709         65 0.0000e+00
    908.000    898.868     4.5280     4.5273  33.411156  33.409911    5.61685     1.9004 2.0020e+03    -0.0128     0.0000      98.78    97.6800     0.0755     155060    5.61658    0.00000    34.9710    34.9704         46 0.0000e+00
    906.000    896.893     4.5307     4.5299  33.412727  33.411225    5.61521     1.9005 2.0055e+03    -0.0128     0.0000      98.78    97.6820     0.0755     155101    5.61497    0.00000    34.9711    34.9702         38 0.0000e+00
    904.000    894.917     4.5303     4.5310  33.411267  33.411505    5.61557     1.9009 2.0147e+03    -0.0122     0.0000      98.78    97.6891     0.0755     155140    5.61530    0.00000    34.9708    34.9704         44 0.0000e+00
    902.000    892.941     4.5305     4.5306  33.410293  33.410016    5.61998     1.9024 2.0175e+03    -0.0122     0.0000      98.78    97.6840     0.0755     155201    5.61980    0.00000    34.9705    34.9701         72 0.0000e+00
    900.000    890.966     4.5406     4.5352  33.419304  33.413134    5.62060     1.9033 2.0282e+03    -0.0109     0.0000      98.78    97.6870     0.0755     155259    5.62057    0.00000    34.9714    34.9699         43 0.0000e+00
    898.000    888.990     4.5512     4.5469  33.428739  33.423548    5.61931     1.9037 2.0208e+03    -0.0120     0.0000      98.78    97.6815     0.0755     155296    5.61920    0.00000    34.9724    34.9707         35 0.0000e+00
    896.000    887.014     4.5553     4.5532  33.431927  33.429225    5.61877     1.9041 2.0049e+03    -0.0118     0.0000      98.78    97.6801     0.0755     155334    5.61866    0.00000    34.9727    34.9718         46 0.0000e+00
    894.000    885.039     4.5579     4.5546  33.433636  33.430007    5.61311     1.9031 2.0058e+03    -0.0116     0.0000      98.78    97.6741     0.0755     155394    5.61283    0.00000    34.9730    34.9722         66 0.0000e+00
    892.000    883.063     4.5621     4.5600  33.436515  33.433801    5.60917     1.9027 2.0156e+03    -0.0122     0.0000      98.78    97.6794     0.0755     155450    5.60891    0.00000    34.9729    34.9720         47 0.0000e+00
    890.000    881.087     4.5644     4.5634  33.437737  33.436236    5.60296     1.9016 2.0390e+03    -0.0116     0.0000      98.78    97.6719     0.0755     155493    5.60282    0.00000    34.9730    34.9723         41 0.0000e+00
    888.000    879.111     4.5658     4.5654  33.438226  33.437227    5.60112     1.9016 2.0269e+03    -0.0115     0.0000      98.78    97.6709     0.0755     155536    5.60100    0.00000    34.9731    34.9724         48 0.0000e+00
    886.000    877.136     4.5683     4.5675  33.439796  33.438514    5.59760     1.9012 2.0124e+03    -0.0125     0.0000      98.78    97.6731     0.0755     155593    5.59745    0.00000    34.9733    34.9727         61 0.0000e+00
    884.000    875.160     4.5721     4.5702  33.442609  33.439827    5.59788     1.9017 2.0161e+03    -0.0122     0.0000      98.78    97.6802     0.0755     155644    5.59780    0.00000    34.9736    34.9723         41 0.0000e+00
    882.000    873.184     4.5829     4.5792  33.452292  33.447676    5.59372     1.9015 2.0202e+03    -0.0116     0.0000      98.78    97.6699     0.0755     155683    5.59362    0.00000    34.9746    34.9731         40 0.0000e+00
    880.000    871.208     4.5893     4.5870  33.457690  33.454676    5.59216     1.9017 2.0196e+03    -0.0129     0.0000      98.78    97.6671     0.0755     155730    5.59213    0.00000    34.9752    34.9741         57 0.0000e+00
    878.000    869.232     4.5918     4.5887  33.459196  33.455629    5.58879     1.9013 2.0151e+03    -0.0119     0.0000      98.78    97.6764     0.0755     155791    5.58858    0.00000    34.9753    34.9744         57 0.0000e+00
    876.000    867.256     4.5966     4.5945  33.462657  33.459931    5.58200     1.9001 2.0155e+03    -0.0119     0.0000      98.78    97.6762     0.0755     155839    5.58179    0.00000    34.9753    34.9744         42 0.0000e+00
    874.000    865.281     4.5993     4.5984  33.464199  33.462721    5.57725     1.8994 2.0108e+03    -0.0124     0.0000      98.78    97.6725     0.0755     155881    5.57703    0.00000    34.9753    34.9746         45 0.0000e+00
    872.000    863.304     4.6009     4.6001  33.464814  33.463571    5.57458     1.8992 1.9833e+03    -0.0115     0.0000      98.78    97.6690     0.0755     155931    5.57441    0.00000    34.9754    34.9748         54 0.0000e+00
    870.000    861.329     4.6069     4.6034  33.469709  33.465618    5.57188     1.8992 1.9736e+03    -0.0126     0.0000      98.78    97.6696     0.0755     155982    5.57205    0.00000    34.9758    34.9747         46 0.0000e+00
    868.000    859.353     4.6147     4.6118  33.476415  33.472739    5.56891     1.8991 1.9948e+03    -0.0128     0.0000      98.78    97.6575     0.0755     156027    5.56886    0.00000    34.9765    34.9752         46 0.0000e+00
    866.000    857.377     4.6190     4.6179  33.479846  33.478099    5.56714     1.8991 2.0226e+03    -0.0116     0.0000      98.78    97.6695     0.0755     156081    5.56684    0.00000    34.9769    34.9760         61 0.0000e+00
    864.000    855.401     4.6219     4.6204  33.481435  33.479442    5.56301     1.8985 2.0418e+03    -0.0116     0.0000      98.78    97.6728     0.0755     156136    5.56272    0.00000    34.9767    34.9760         45 0.0000e+00
    862.000    853.425     4.6261     4.6250  33.484094  33.482470    5.56040     1.8984 2.0349e+03    -0.0120     0.0000      98.78    97.6689     0.0755     156177    5.56016    0.00000    34.9764    34.9757         41 0.0000e+00
    860.000    851.449     4.6290     4.6278  33.485509  33.484004    5.55762     1.8982 2.0355e+03    -0.0121     0.0000      98.78    97.6624     0.0755     156222    5.55742    0.00000    34.9760    34.9756         52 0.0000e+00
    858.000    849.472     4.6332     4.6305  33.488221  33.485275    5.55396     1.8978 2.0300e+03    -0.0128     0.0000      98.78    97.6585     0.0755     156275    5.55383    0.00000    34.9758    34.9753         50 0.0000e+00
    856.000    847.497     4.6387     4.6371  33.492270  33.490287    5.55139     1.8979 2.0285e+03    -0.0119     0.0000      98.78    97.6542     0.0755     156324    5.55188    0.00000    34.9758    34.9752         50 0.0000e+00
    854.000    845.520     4.6435     4.6402  33.496245  33.492344    5.54937     1.8979 2.0356e+03    -0.0123     0.0000      98.78    97.6544     0.0755     156375    5.54980    0.00000    34.9764    34.9753         49 0.0000e+00
    852.000    843.544     4.6490     4.6469  33.500731  33.497873    5.54822     1.8981 2.0345e+03    -0.0122     0.0000      98.78    97.6617     0.0755     156421    5.54815    0.00000    34.9768    34.9757         45 0.0000e+00
    850.000    841.568     4.6513     4.6502  33.502144  33.500423    5.54611     1.8980 2.0345e+03    -0.0121     0.0000      98.78    97.6465     0.0755     156471    5.54608    0.00000    34.9770    34.9763         55 0.0000e+00
    848.000    839.592     4.6545     4.6517  33.504350  33.500990    5.54211     1.8974 2.0276e+03    -0.0121     0.0000      98.78    97.6658     0.0755     156523    5.54189    0.00000    34.9773    34.9763         48 0.0000e+00
    846.000    837.616     4.6631     4.6600  33.511964  33.508061    5.53909     1.8973 2.0297e+03    -0.0120     0.0000      98.78    97.6696     0.0755     156569    5.53879    0.00000    34.9782    34.9769         46 0.0000e+00
    844.000    835.640     4.6686     4.6660  33.516364  33.513203    5.53844     1.8978 2.0330e+03    -0.0115     0.0000      98.78    97.6665     0.0755     156616    5.53846    0.00000    34.9785    34.9776         46 0.0000e+00
    842.000    833.664     4.6729     4.6710  33.519670  33.517201    5.53651     1.8978 2.0376e+03    -0.0112     0.0000      98.78    97.6669     0.0755     156661    5.53633    0.00000    34.9789    34.9780         47 0.0000e+00
    840.000    831.687     4.6745     4.6737  33.520151  33.519106    5.53509     1.8978 2.0461e+03    -0.0121     0.0000      98.78    97.6655     0.0755     156715    5.53464    0.00000    34.9788    34.9784         58 0.0000e+00
    838.000    829.711     4.6753     4.6749  33.519603  33.518885    5.53376     1.8978 2.0531e+03    -0.0119     0.0000      98.78    97.6659     0.0755     156767    5.53309    0.00000    34.9783    34.9779         47 0.0000e+00
    836.000    827.735     4.6804     4.6787  33.523523  33.521295    5.53262     1.8981 2.0575e+03    -0.0123     0.0000      98.78    97.6621     0.0755     156815    5.53223    0.00000    34.9785    34.9777         49 0.0000e+00
    834.000    825.759     4.6832     4.6817  33.525203  33.523179    5.52969     1.8979 2.0683e+03    -0.0119     0.0000      98.78    97.6608     0.0755     156862    5.52953    0.00000    34.9786    34.9778         43 0.0000e+00
