Ship_data/Irminger/Irminger-2/ctd/process/OOI/at30_012.cnv
* Sea-Bird SBE 9 Data File:
* FileName = C:\data\ctd\at30_012.hex
* Software Version Seasave V 7.21f
* Temperature SN = 2265
* Conductivity SN = 3021
* Number of Bytes Per Scan = 40
* Number of Voltage Words = 5
* Number of Scans Averaged by the Deck Unit = 1
* NMEA Latitude = 59 59.98 N
* NMEA Longitude = 039 28.96 W
* NMEA UTC (Time) = Aug 23 2015  16:50:38
** Cal/Val for HYPM-2
# nquan = 21
# nvalues = 2693                        
# units = specified
# name 0 = prDM: Pressure, Digiquartz [db]
# name 1 = depSM: Depth [salt water, m]
# name 2 = t090C: Temperature [ITS-90, deg C]
# name 3 = t190C: Temperature, 2 [ITS-90, deg C]
# name 4 = c0mS/cm: Conductivity [mS/cm]
# name 5 = c1mS/cm: Conductivity, 2 [mS/cm]
# name 6 = sbeox0ML/L: Oxygen, SBE 43 [ml/l]
# name 7 = sbeox0V: Oxygen raw, SBE 43 [V]
# name 8 = spar: SPAR/Surface Irradiance
# name 9 = flECO-AFL: Fluorescence, WET Labs ECO-AFL/FL [mg/m^3]
# name 10 = v2: Voltage 2
# name 11 = altM: Altimeter [m]
# name 12 = CStarTr0: Beam Transmission, WET Labs C-Star [%]
# name 13 = turbWETntu0: Turbidity, WET Labs ECO [NTU]
# name 14 = scan: Scan Count
# name 15 = sbeox0ML/L: Oxygen, SBE 43 [ml/l], WS = 2
# name 16 = sbeox0dOV/dT: Oxygen, SBE 43 [dov/dt], WS = 2
# name 17 = sal00: Salinity, Practical [PSU]
# name 18 = sal11: Salinity, Practical, 2 [PSU]
# name 19 = nbin: number of scans per bin
# name 20 = flag: flag
# span 0 =      2.000,   2694.000       
# span 1 =      1.981,   2651.610       
# span 2 =     1.3171,     8.4994       
# span 3 =     1.3177,     8.4998       
# span 4 =  31.231309,  36.581197       
# span 5 =  31.231902,  36.580912       
# span 6 =    6.00283,    6.84755       
# span 7 =     1.6949,     2.5125       
# span 8 = 2.0270e+02, 6.4383e+02       
# span 9 =    -0.0823,     1.8248       
# span 10 =     0.0000,     0.0000      
# span 11 =       8.78,      98.88      
# span 12 =    92.8971,    97.7912      
# span 13 =     0.0676,     0.1358      
# span 14 =       1203,     177540      
# span 15 =    6.00269,    6.84813      
# span 16 =    0.00000,    0.00000      
# span 17 =    34.8283,    34.9547      
# span 18 =    34.8276,    34.9556      
# span 19 =         25,        131      
# span 20 = 0.0000e+00, 0.0000e+00      
# interval = decibars: 2                
# start_time = Aug 23 2015 16:50:38 [NMEA time, header]
# bad_flag = -9.990e-29
*END*
[from data line 69]
    140.000    138.633     4.5234     4.5224  33.050414  33.050279    6.40019     2.2562 6.0259e+02    -0.0476     0.0000      98.71    97.5162     0.0743       9419    6.40006    0.00000    34.9547    34.9556         48 0.0000e+00
    142.000    140.613     4.5129     4.5147  33.040980  33.043249    6.39169     2.2529 6.0230e+02    -0.0434     0.0000      98.71    97.5210     0.0740       9492    6.39147    0.00000    34.9537    34.9545         71 0.0000e+00
    144.000    142.592     4.5008     4.5023  33.030088  33.032299    6.39168     2.2519 6.0491e+02    -0.0535     0.0000      98.71    97.5089     0.0780       9631    6.39146    0.00000    34.9527    34.9536         53 0.0000e+00
    146.000    144.572     4.4912     4.4913  33.021191  33.021877    6.39301     2.2514 6.0514e+02    -0.0434     0.0000      98.71    97.5210     0.0761       9711    6.39281    0.00000    34.9512    34.9519         75 0.0000e+00
    148.000    146.552     4.4767     4.4768  33.007965  33.009020    6.39160     2.2499 6.0997e+02    -0.0372     0.0000      98.71    97.5292     0.0793       9815    6.39150    0.00000    34.9499    34.9511         54 0.0000e+00
    150.000    148.532     4.4383     4.4419  32.970708  32.975195    6.39252     2.2479 6.0925e+02    -0.0459     0.0000      98.71    97.5278     0.0794       9879    6.39243    0.00000    34.9457    34.9472         72 0.0000e+00
    152.000    150.511     4.3923     4.3934  32.926149  32.928499    6.40650     2.2491 6.1146e+02    -0.0332     0.0000      98.71    97.5093     0.0800      10034    6.40647    0.00000    34.9409    34.9425         55 0.0000e+00
    154.000    152.491     4.3820     4.3817  32.916810  32.916887    6.40054     2.2465 6.1145e+02    -0.0348     0.0000      98.71    97.5306     0.0777      10078    6.40032    0.00000    34.9397    34.9401         61 0.0000e+00
    156.000    154.471     4.3574     4.3610  32.893774  32.897819    6.40479     2.2460 6.0759e+02    -0.0358     0.0000      98.71    97.5116     0.0761      10195    6.40455    0.00000    34.9375    34.9385         84 0.0000e+00
    158.000    156.450     4.3431     4.3435  32.881057  32.881742    6.41463     2.2476 6.0667e+02    -0.0434     0.0000      98.71    97.5350     0.0761      10285    6.41461    0.00000    34.9366    34.9370        105 0.0000e+00
    160.000    158.430     4.3259     4.3262  32.866046  32.866720    6.41349     2.2460 6.0403e+02    -0.0483     0.0000      98.71    97.5391     0.0751      10387    6.41335    0.00000    34.9361    34.9366         83 0.0000e+00
    162.000    160.410     4.3199     4.3199  32.862053  32.862358    6.41322     2.2452 5.9909e+02    -0.0443     0.0000      98.71    97.5380     0.0745      10469    6.41295    0.00000    34.9367    34.9370         77 0.0000e+00
    164.000    162.389     4.3172     4.3175  32.860634  32.861236    6.41332     2.2446 5.9615e+02    -0.0475     0.0000      98.71    97.5589     0.0781      10588    6.41305    0.00000    34.9368    34.9372         78 0.0000e+00
    166.000    164.369     4.3044     4.3047  32.849346  32.850240    6.41037     2.2428 5.9366e+02    -0.0471     0.0000      98.71    97.5525     0.0792      10656    6.41022    0.00000    34.9360    34.9367         71 0.0000e+00
    168.000    166.348     4.2929     4.2928  32.839379  32.839385    6.40846     2.2414 5.9140e+02    -0.0439     0.0000      98.71    97.5609     0.0767      10774    6.40839    0.00000    34.9353    34.9354         79 0.0000e+00
    170.000    168.328     4.2922     4.2921  32.840488  32.840796    6.40830     2.2409 5.9131e+02    -0.0545     0.0000      98.71    97.5619     0.0779      10863    6.40824    0.00000    34.9363    34.9368         48 0.0000e+00
    172.000    170.307     4.2875     4.2875  32.836961  32.837207    6.40509     2.2393 5.9013e+02    -0.0484     0.0000      98.71    97.5610     0.0795      10940    6.40499    0.00000    34.9360    34.9363        110 0.0000e+00
    174.000    172.287     4.2853     4.2852  32.836119  32.836380    6.40687     2.2395 5.8767e+02    -0.0486     0.0000      98.71    97.5583     0.1007      11063    6.40745    0.00000    34.9363    34.9367        102 0.0000e+00
    176.000    174.266     4.2840     4.2841  32.836041  32.836519    6.40372     2.2379 5.8916e+02    -0.0513     0.0000      98.71    97.5624     0.0802      11147    6.40343    0.00000    34.9365    34.9369         82 0.0000e+00
    178.000    176.246     4.2928     4.2916  32.847478  32.846245    6.39870     2.2365 5.8900e+02    -0.0458     0.0000      98.71    97.5756     0.0762      11237    6.39846    0.00000    34.9396    34.9394        103 0.0000e+00
    180.000    178.225     4.2994     4.2993  32.855468  32.855556    6.39317     2.2348 5.9037e+02    -0.0474     0.0000      98.71    97.5742     0.0747      11334    6.39251    0.00000    34.9409    34.9412         91 0.0000e+00
    182.000    180.204     4.3053     4.3053  32.862889  32.863084    6.39132     2.2343 5.9179e+02    -0.0474     0.0000      98.71    97.5847     0.0766      11431    6.39102    0.00000    34.9423    34.9426        107 0.0000e+00
    184.000    182.184     4.3070     4.3071  32.865642  32.865998    6.38501     2.2322 5.9573e+02    -0.0495     0.0000      98.71    97.5658     0.0771      11542    6.38484    0.00000    34.9427    34.9431         84 0.0000e+00
    186.000    184.163     4.3068     4.3068  32.866488  32.866732    6.38977     2.2331 5.9749e+02    -0.0491     0.0000      98.71    97.5821     0.0783      11610    6.38970    0.00000    34.9429    34.9432         73 0.0000e+00
    188.000    186.143     4.3075     4.3074  32.868062  32.868339    6.38929     2.2326 5.9912e+02    -0.0571     0.0000      98.71    97.5782     0.0745      11719    6.38924    0.00000    34.9429    34.9433        101 0.0000e+00
    190.000    188.122     4.3078     4.3078  32.869475  32.869779    6.38987     2.2323 6.0076e+02    -0.0493     0.0000      98.71    97.5859     0.0755      11829    6.38978    0.00000    34.9431    34.9435         86 0.0000e+00
    192.000    190.101     4.3069     4.3069  32.869784  32.870121    6.39019     2.2319 6.0180e+02    -0.0506     0.0000      98.71    97.5971     0.0768      11890    6.39005    0.00000    34.9435    34.9438         52 0.0000e+00
    194.000    192.081     4.3050     4.3051  32.868779  32.869278    6.38940     2.2311 6.0019e+02    -0.0467     0.0000      98.71    97.5900     0.0768      12019    6.38934    0.00000    34.9432    34.9436         91 0.0000e+00
    196.000    194.060     4.2988     4.2987  32.863865  32.864171    6.38685     2.2297 6.0312e+02    -0.0581     0.0000      98.71    97.5596     0.0771      12109    6.38654    0.00000    34.9428    34.9433         60 0.0000e+00
    198.000    196.039     4.2949     4.2941  32.860969  32.860604    6.38497     2.2286 6.0224e+02    -0.0501     0.0000      98.71    97.5893     0.0749      12168    6.38477    0.00000    34.9425    34.9429         76 0.0000e+00
    200.000    198.018     4.2888     4.2883  32.856063  32.856080    6.39196     2.2295 5.9919e+02    -0.0501     0.0000      98.71    97.5956     0.0758      12318    6.39111    0.00000    34.9421    34.9427         76 0.0000e+00
    202.000    199.997     4.2807     4.2806  32.849326  32.849657    6.39501     2.2297 5.9895e+02    -0.0513     0.0000      98.71    97.6053     0.0771      12392    6.39486    0.00000    34.9417    34.9421         60 0.0000e+00
    204.000    201.977     4.2763     4.2763  32.845930  32.846316    6.39466     2.2290 5.9725e+02    -0.0531     0.0000      98.71    97.6071     0.0774      12459    6.39447    0.00000    34.9413    34.9417         73 0.0000e+00
    206.000    203.956     4.2751     4.2738  32.845653  32.844668    6.39366     2.2282 5.9416e+02    -0.0564     0.0000      98.71    97.6097     0.0762      12569    6.39340    0.00000    34.9411    34.9413         82 0.0000e+00
    208.000    205.935     4.2726     4.2727  32.844341  32.844630    6.39601     2.2282 5.9178e+02    -0.0443     0.0000      98.71    97.6160     0.0780      12655    6.39569    0.00000    34.9411    34.9414         49 0.0000e+00
    210.000    207.914     4.2688     4.2683  32.841533  32.841534    6.39454     2.2272 5.9106e+02    -0.0596     0.0000      98.71    97.5918     0.0787      12702    6.39431    0.00000    34.9408    34.9413         52 0.0000e+00
    212.000    209.894     4.2653     4.2650  32.839042  32.839035    6.39473     2.2267 5.9014e+02    -0.0533     0.0000      98.71    97.6039     0.0807      12756    6.39449    0.00000    34.9404    34.9408         52 0.0000e+00
    214.000    211.873     4.2596     4.2596  32.834468  32.835083    6.39593     2.2263 5.8997e+02    -0.0550     0.0000      98.71    97.6041     0.0763      12805    6.39571    0.00000    34.9401    34.9408         48 0.0000e+00
    216.000    213.852     4.2522     4.2524  32.828347  32.828780    6.39783     2.2260 5.8877e+02    -0.0467     0.0000      98.71    97.6052     0.0773      12855    6.39762    0.00000    34.9396    34.9399         52 0.0000e+00
    218.000    215.831     4.2488     4.2487  32.825921  32.826220    6.40069     2.2262 5.8652e+02    -0.0550     0.0000      98.71    97.6141     0.0787      12913    6.40045    0.00000    34.9393    34.9397         68 0.0000e+00
    220.000    217.809     4.2416     4.2416  32.819931  32.820262    6.39991     2.2252 5.8708e+02    -0.0509     0.0000      98.71    97.6119     0.0753      12983    6.39974    0.00000    34.9387    34.9391         61 0.0000e+00
    222.000    219.789     4.2365     4.2371  32.816060  32.817024    6.40121     2.2249 5.8739e+02    -0.0512     0.0000      98.71    97.6118     0.0728      13033    6.40104    0.00000    34.9385    34.9390         41 0.0000e+00
    224.000    221.768     4.2335     4.2332  32.814164  32.814435    6.40496     2.2249 5.8725e+02    -0.0505     0.0000      98.71    97.6141     0.0766      13067    6.40302    0.00000    34.9384    34.9390         31 0.0000e+00
    226.000    223.747     4.2321     4.2319  32.813876  32.814054    6.40539     2.2248 5.8663e+02    -0.0574     0.0000      98.71    97.6207     0.0774      13097    6.40491    0.00000    34.9384    34.9388         29 0.0000e+00
    228.000    225.726     4.2281     4.2280  32.810871  32.811301    6.39710     2.2221 5.8513e+02    -0.0486     0.0000      98.71    97.6171     0.0769      13134    6.39689    0.00000    34.9381    34.9386         47 0.0000e+00
    230.000    227.705     4.2237     4.2226  32.807406  32.806840    6.39629     2.2212 5.8423e+02    -0.0531     0.0000      98.71    97.6265     0.0757      13192    6.39597    0.00000    34.9376    34.9381         75 0.0000e+00
    232.000    229.683     4.2215     4.2197  32.806256  32.805014    6.40094     2.2219 5.8183e+02    -0.0432     0.0000      98.71    97.6232     0.0755      13280    6.40089    0.00000    34.9374    34.9379         74 0.0000e+00
    234.000    231.662     4.2163     4.2161  32.802352  32.802790    6.40817     2.2232 5.8249e+02    -0.0564     0.0000      98.71    97.6252     0.0809      13326    6.40805    0.00000    34.9373    34.9380         34 0.0000e+00
    236.000    233.641     4.2071     4.2069  32.794449  32.794824    6.41337     2.2237 5.8156e+02    -0.0580     0.0000      98.71    97.6293     0.0767      13356    6.41321    0.00000    34.9366    34.9373         29 0.0000e+00
    238.000    235.620     4.2032     4.2031  32.791552  32.791893    6.41087     2.2224 5.8111e+02    -0.0613     0.0000      98.71    97.6229     0.0770      13386    6.41079    0.00000    34.9362    34.9367         31 0.0000e+00
    240.000    237.599     4.1991     4.1991  32.788538  32.788970    6.40396     2.2199 5.8026e+02    -0.0604     0.0000      98.71    97.6268     0.0753      13422    6.40378    0.00000    34.9359    34.9365         44 0.0000e+00
    242.000    239.578     4.1954     4.1953  32.785836  32.785988    6.40074     2.2184 5.7929e+02    -0.0558     0.0000      98.71    97.6251     0.0750      13478    6.40055    0.00000    34.9356    34.9359         70 0.0000e+00
    244.000    241.557     4.1946     4.1942  32.785928  32.785802    6.40075     2.2180 5.7828e+02    -0.0557     0.0000      98.71    97.6269     0.0732      13558    6.40056    0.00000    34.9354    34.9357         72 0.0000e+00
    246.000    243.536     4.1917     4.1916  32.784231  32.784563    6.40697     2.2191 5.7847e+02    -0.0489     0.0000      98.71    97.6359     0.0748      13606    6.40684    0.00000    34.9355    34.9360         36 0.0000e+00
    248.000    245.514     4.1877     4.1874  32.781229  32.781498    6.41146     2.2196 5.7766e+02    -0.0444     0.0000      98.71    97.6276     0.0746      13640    6.41138    0.00000    34.9351    34.9357         34 0.0000e+00
    250.000    247.493     4.1849     4.1847  32.779431  32.779608    6.40894     2.2184 5.7696e+02    -0.0525     0.0000      98.72    97.6288     0.0750      13679    6.40873    0.00000    34.9349    34.9353         45 0.0000e+00
    252.000    249.472     4.1828     4.1826  32.778272  32.778509    6.40759     2.2175 5.7581e+02    -0.0521     0.0000      98.71    97.6315     0.0762      13726    6.40738    0.00000    34.9347    34.9351         47 0.0000e+00
    254.000    251.451     4.1791     4.1791  32.775591  32.775953    6.40921     2.2173 5.7456e+02    -0.0541     0.0000      98.71    97.6327     0.0742      13772    6.40901    0.00000    34.9344    34.9348         45 0.0000e+00
    256.000    253.429     4.1759     4.1760  32.773457  32.773969    6.40915     2.2167 5.7361e+02    -0.0525     0.0000      98.71    97.6385     0.0735      13822    6.40897    0.00000    34.9341    34.9347         57 0.0000e+00
    258.000    255.408     4.1667     4.1667  32.765451  32.765919    6.41295     2.2168 5.7340e+02    -0.0558     0.0000      98.71    97.6329     0.0738      13883    6.41276    0.00000    34.9334    34.9339         61 0.0000e+00
    260.000    257.387     4.1633     4.1632  32.763034  32.763521    6.41698     2.2173 5.7368e+02    -0.0470     0.0000      98.71    97.6285     0.0751      13935    6.41676    0.00000    34.9330    34.9337         42 0.0000e+00
    262.000    259.365     4.1585     4.1585  32.759438  32.759712    6.41665     2.2165 5.7248e+02    -0.0482     0.0000      98.71    97.6284     0.0758      13974    6.41644    0.00000    34.9328    34.9331         39 0.0000e+00
    264.000    261.344     4.1510     4.1508  32.752999  32.753322    6.41569     2.2155 5.7009e+02    -0.0572     0.0000      98.72    97.6367     0.0778      14020    6.41555    0.00000    34.9321    34.9327         55 0.0000e+00
    266.000    263.323     4.1431     4.1431  32.746315  32.746730    6.41972     2.2158 5.7057e+02    -0.0471     0.0000      98.71    97.6290     0.0735      14073    6.41955    0.00000    34.9315    34.9319         46 0.0000e+00
    268.000    265.301     4.1389     4.1388  32.743117  32.743514    6.42027     2.2153 5.7128e+02    -0.0474     0.0000      98.71    97.6404     0.0754      14113    6.42012    0.00000    34.9311    34.9316         38 0.0000e+00
    270.000    267.280     4.1331     4.1330  32.738547  32.738887    6.41832     2.2141 5.6987e+02    -0.0434     0.0000      98.72    97.6400     0.0787      14153    6.41825    0.00000    34.9307    34.9312         43 0.0000e+00
    272.000    269.258     4.1303     4.1304  32.736755  32.737096    6.41447     2.2125 5.6750e+02    -0.0506     0.0000      98.71    97.6367     0.0764      14201    6.41436    0.00000    34.9304    34.9308         58 0.0000e+00
    274.000    271.237     4.1297     4.1292  32.737016  32.736852    6.41611     2.2124 5.6806e+02    -0.0440     0.0000      98.72    97.6268     0.0756      14280    6.41597    0.00000    34.9303    34.9307         79 0.0000e+00
