Ship_data/Irminger/Irminger-2/ctd/process/OOI/at30_007.cnv
* Sea-Bird SBE 9 Data File:
* FileName = C:\data\ctd\at30_007.hex
* Software Version Seasave V 7.21f
* Temperature SN = 2265
* Conductivity SN = 3021
* Number of Bytes Per Scan = 40
* Number of Voltage Words = 5
* Number of Scans Averaged by the Deck Unit = 1
* NMEA Latitude = 59 46.29 N
* NMEA Longitude = 039 52.92 W
* NMEA UTC (Time) = Aug 17 2015  23:01:49
** Site of FLMA 2015 -- need to confirm bottom depth
# nquan = 21
# nvalues = 2720                        
# units = specified
# name 0 = prDM: Pressure, Digiquartz [db]
# name 1 = depSM: Depth [salt water, m]
# name 2 = t090C: Temperature [ITS-90, deg C]
# name 3 = t190C: Temperature, 2 [ITS-90, deg C]
# name 4 = c0mS/cm: Conductivity [mS/cm]
# name 5 = c1mS/cm: Conductivity, 2 [mS/cm]
# name 6 = sbeox0ML/L: Oxygen, SBE 43 [ml/l]
# name 7 = sbeox0V: Oxygen raw, SBE 43 [V]
# name 8 = spar: SPAR/Surface Irradiance
# name 9 = flECO-AFL: Fluorescence, WET Labs ECO-AFL/FL [mg/m^3]
# name 10 = v2: Voltage 2
# name 11 = altM: Altimeter [m]
# name 12 = CStarTr0: Beam Transmission, WET Labs C-Star [%]
# name 13 = turbWETntu0: Turbidity, WET Labs ECO [NTU]
# name 14 = scan: Scan Count
# name 15 = sbeox0ML/L: Oxygen, SBE 43 [ml/l], WS = 2
# name 16 = sbeox0dOV/dT: Oxygen, SBE 43 [dov/dt], WS = 2
# name 17 = sal00: Salinity, Practical [PSU]
# name 18 = sal11: Salinity, Practical, 2 [PSU]
# name 19 = nbin: number of scans per bin
# name 20 = flag: flag
# span 0 =      2.000,   2722.000       
# span 1 =      1.981,   2679.045       
# span 2 =     1.4894,     8.5917       
# span 3 =     1.4904,     8.5925       
# span 4 =  31.398456,  36.631599       
# span 5 =  31.399026,  36.631436       
# span 6 =    6.01160,    6.94264       
# span 7 =     1.6864,     2.5338       
# span 8 = 2.1820e+01, 2.3786e+01       
# span 9 =    -0.0363,     1.5522       
# span 10 =     0.0000,     0.0000      
# span 11 =       8.30,      99.96      
# span 12 =    93.8862,    97.8162      
# span 13 =     0.0744,     0.1690      
# span 14 =        716,     153168      
# span 15 =    6.01134,    6.94297      
# span 16 =    0.00000,    0.00000      
# span 17 =    34.8553,    34.9334      
# span 18 =    34.8534,    34.9332      
# span 19 =         29,        136      
# span 20 = 0.0000e+00, 0.0000e+00      
# interval = decibars: 2                
# start_time = Aug 17 2015 23:01:49 [NMEA time, header]
# bad_flag = -9.990e-29
*END*
[from data line 690]
   1384.000   1366.435     3.6226     3.6230  32.768357  32.768676    6.01600     1.8756 2.2210e+01    -0.0228     0.0000      98.78    97.7616     0.0755      40321    6.01599    0.00000    34.9295    34.9294         50 0.0000e+00
   1386.000   1368.403     3.6220     3.6224  32.768703  32.768962    6.01916     1.8759 2.2050e+01    -0.0229     0.0000      98.78    97.7659     0.0755      40373    6.01905    0.00000    34.9295    34.9294         51 0.0000e+00
   1388.000   1370.371     3.6208     3.6213  32.768327  32.768747    6.02115     1.8759 2.2250e+01    -0.0226     0.0000      98.78    97.7627     0.0755      40422    6.02098    0.00000    34.9294    34.9293         50 0.0000e+00
   1390.000   1372.340     3.6175     3.6177  32.765997  32.766213    6.01980     1.8751 2.2009e+01    -0.0234     0.0000      98.78    97.7679     0.0755      40476    6.01965    0.00000    34.9291    34.9291         54 0.0000e+00
   1392.000   1374.308     3.6117     3.6120  32.761601  32.761872    6.01830     1.8743 2.2271e+01    -0.0231     0.0000      98.78    97.7584     0.0755      40520    6.01821    0.00000    34.9290    34.9290         37 0.0000e+00
   1394.000   1376.276     3.6084     3.6088  32.759232  32.759621    6.01900     1.8739 2.2188e+01    -0.0235     0.0000      98.78    97.7585     0.0755      40560    6.01888    0.00000    34.9287    34.9287         45 0.0000e+00
   1396.000   1378.244     3.6082     3.6086  32.759857  32.760136    6.01689     1.8730 2.2147e+01    -0.0231     0.0000      98.78    97.7655     0.0755      40617    6.01621    0.00000    34.9287    34.9286         62 0.0000e+00
   1398.000   1380.212     3.6082     3.6087  32.761038  32.761247    6.01855     1.8729 2.2050e+01    -0.0237     0.0000      98.78    97.7647     0.0755      40667    6.01744    0.00000    34.9290    34.9287         40 0.0000e+00
   1400.000   1382.180     3.6068     3.6073  32.760726  32.761164    6.01972     1.8729 2.2052e+01    -0.0234     0.0000      98.78    97.7502     0.0755      40706    6.01933    0.00000    34.9291    34.9291         45 0.0000e+00
   1402.000   1384.148     3.6048     3.6051  32.759686  32.760019    6.01687     1.8719 2.2150e+01    -0.0231     0.0000      98.78    97.7504     0.0755      40763    6.01674    0.00000    34.9291    34.9291         63 0.0000e+00
   1404.000   1386.116     3.6029     3.6032  32.759055  32.759284    6.01962     1.8721 2.2189e+01    -0.0221     0.0000      98.78    97.7559     0.0755      40816    6.01942    0.00000    34.9292    34.9292         44 0.0000e+00
   1406.000   1388.084     3.6027     3.6031  32.759895  32.760129    6.02183     1.8722 2.2100e+01    -0.0227     0.0000      98.78    97.7511     0.0755      40859    6.02168    0.00000    34.9295    34.9294         43 0.0000e+00
   1408.000   1390.052     3.6034     3.6038  32.761612  32.761962    6.02076     1.8716 2.2053e+01    -0.0224     0.0000      98.78    97.7542     0.0755      40907    6.02047    0.00000    34.9298    34.9298         54 0.0000e+00
   1410.000   1392.019     3.6038     3.6044  32.763155  32.763446    6.01902     1.8710 2.2097e+01    -0.0232     0.0000      98.78    97.7647     0.0755      40959    6.01886    0.00000    34.9302    34.9300         46 0.0000e+00
   1412.000   1393.987     3.6062     3.6066  32.766782  32.767159    6.01778     1.8704 2.2149e+01    -0.0237     0.0000      98.78    97.7655     0.0755      41000    6.01750    0.00000    34.9310    34.9310         41 0.0000e+00
   1414.000   1395.955     3.6046     3.6047  32.766287  32.766298    6.01697     1.8698 2.2091e+01    -0.0226     0.0000      98.78    97.7586     0.0755      41047    6.01674    0.00000    34.9311    34.9310         53 0.0000e+00
   1416.000   1397.923     3.5994     3.5998  32.761904  32.762560    6.01780     1.8694 2.2015e+01    -0.0227     0.0000      98.78    97.7591     0.0755      41101    6.01755    0.00000    34.9304    34.9308         54 0.0000e+00
   1418.000   1399.891     3.5911     3.5915  32.754550  32.754937    6.01592     1.8684 2.2088e+01    -0.0233     0.0000      98.78    97.7696     0.0755      41158    6.01570    0.00000    34.9294    34.9295         57 0.0000e+00
   1420.000   1401.859     3.5884     3.5887  32.752789  32.753092    6.01818     1.8684 2.2097e+01    -0.0229     0.0000      98.78    97.7636     0.0755      41209    6.01799    0.00000    34.9292    34.9292         45 0.0000e+00
   1422.000   1403.826     3.5836     3.5839  32.749161  32.749529    6.01966     1.8682 2.2052e+01    -0.0226     0.0000      98.78    97.7624     0.0755      41251    6.01940    0.00000    34.9289    34.9291         41 0.0000e+00
   1424.000   1405.794     3.5789     3.5793  32.745478  32.745829    6.01798     1.8673 2.2092e+01    -0.0229     0.0000      98.78    97.7592     0.0755      41295    6.01772    0.00000    34.9285    34.9286         49 0.0000e+00
   1426.000   1407.762     3.5771     3.5775  32.744605  32.744946    6.01678     1.8669 2.2198e+01    -0.0229     0.0000      98.78    97.7621     0.0755      41350    6.01775    0.00000    34.9285    34.9284         56 0.0000e+00
   1428.000   1409.730     3.5743     3.5747  32.743139  32.743725    6.02036     1.8670 2.2137e+01    -0.0231     0.0000      98.78    97.7654     0.0755      41401    6.02031    0.00000    34.9286    34.9289         47 0.0000e+00
   1430.000   1411.697     3.5690     3.5696  32.739081  32.739594    6.02350     1.8670 2.2007e+01    -0.0234     0.0000      98.78    97.7579     0.0755      41446    6.02278    0.00000    34.9285    34.9285         45 0.0000e+00
   1432.000   1413.665     3.5686     3.5691  32.739706  32.740041    6.02448     1.8670 2.2093e+01    -0.0230     0.0000      98.78    97.7585     0.0755      41491    6.02439    0.00000    34.9286    34.9285         47 0.0000e+00
   1434.000   1415.633     3.5678     3.5682  32.739779  32.740047    6.02499     1.8667 2.2224e+01    -0.0227     0.0000      98.78    97.7664     0.0755      41552    6.02486    0.00000    34.9286    34.9285         71 0.0000e+00
   1436.000   1417.601     3.5670     3.5674  32.740262  32.740461    6.02521     1.8664 2.2202e+01    -0.0228     0.0000      98.78    97.7730     0.0755      41608    6.02507    0.00000    34.9290    34.9288         40 0.0000e+00
   1438.000   1419.568     3.5661     3.5666  32.740420  32.740661    6.02473     1.8659 2.2054e+01    -0.0227     0.0000      98.78    97.7671     0.0755      41644    6.02457    0.00000    34.9291    34.9289         37 0.0000e+00
   1440.000   1421.536     3.5639     3.5642  32.739231  32.739494    6.02307     1.8651 2.2052e+01    -0.0226     0.0000      98.78    97.7620     0.0755      41688    6.02292    0.00000    34.9291    34.9290         52 0.0000e+00
   1442.000   1423.504     3.5574     3.5578  32.734166  32.734447    6.02319     1.8645 2.2052e+01    -0.0227     0.0000      98.78    97.7669     0.0755      41744    6.02308    0.00000    34.9289    34.9288         55 0.0000e+00
   1444.000   1425.471     3.5574     3.5579  32.735201  32.735598    6.02265     1.8641 2.2052e+01    -0.0228     0.0000      98.78    97.7682     0.0755      41795    6.02252    0.00000    34.9292    34.9290         50 0.0000e+00
   1446.000   1427.439     3.5572     3.5577  32.735936  32.736127    6.02211     1.8636 2.2182e+01    -0.0224     0.0000      98.78    97.7719     0.0755      41845    6.02196    0.00000    34.9292    34.9290         47 0.0000e+00
   1448.000   1429.406     3.5571     3.5575  32.736631  32.737002    6.02322     1.8635 2.2177e+01    -0.0233     0.0000      98.78    97.7700     0.0755      41891    6.02290    0.00000    34.9292    34.9292         48 0.0000e+00
   1450.000   1431.374     3.5539     3.5544  32.734518  32.734976    6.02484     1.8634 2.2051e+01    -0.0227     0.0000      98.78    97.7699     0.0755      41944    6.02483    0.00000    34.9291    34.9291         56 0.0000e+00
   1452.000   1433.342     3.5500     3.5505  32.731693  32.732112    6.02656     1.8633 2.2005e+01    -0.0236     0.0000      98.78    97.7656     0.0755      41994    6.02650    0.00000    34.9288    34.9288         43 0.0000e+00
   1454.000   1435.309     3.5483     3.5487  32.730938  32.731265    6.02569     1.8627 2.2098e+01    -0.0229     0.0000      98.78    97.7700     0.0755      42036    6.02557    0.00000    34.9288    34.9287         43 0.0000e+00
   1456.000   1437.276     3.5470     3.5475  32.730454  32.730877    6.02519     1.8621 2.2002e+01    -0.0226     0.0000      98.78    97.7664     0.0755      42090    6.02493    0.00000    34.9286    34.9285         71 0.0000e+00
   1458.000   1439.244     3.5456     3.5460  32.730271  32.730502    6.02698     1.8622 2.2056e+01    -0.0227     0.0000      98.78    97.7740     0.0755      42155    6.02700    0.00000    34.9288    34.9286         45 0.0000e+00
   1460.000   1441.211     3.5461     3.5465  32.731852  32.732144    6.02815     1.8621 2.2113e+01    -0.0228     0.0000      98.78    97.7630     0.0755      42190    6.02807    0.00000    34.9292    34.9291         33 0.0000e+00
   1462.000   1443.179     3.5422     3.5426  32.728896  32.729263    6.02374     1.8606 2.2131e+01    -0.0226     0.0000      98.78    97.7586     0.0755      42229    6.02351    0.00000    34.9288    34.9288         50 0.0000e+00
   1464.000   1445.146     3.5413     3.5419  32.729073  32.729499    6.01909     1.8592 2.2117e+01    -0.0230     0.0000      98.78    97.7610     0.0755      42291    6.01891    0.00000    34.9289    34.9288         61 0.0000e+00
   1466.000   1447.114     3.5383     3.5386  32.726948  32.727265    6.01974     1.8589 2.2196e+01    -0.0229     0.0000      98.78    97.7623     0.0755      42339    6.01956    0.00000    34.9286    34.9286         42 0.0000e+00
   1468.000   1449.081     3.5362     3.5367  32.725817  32.726304    6.02068     1.8586 2.2222e+01    -0.0230     0.0000      98.78    97.7663     0.0755      42382    6.02044    0.00000    34.9285    34.9285         47 0.0000e+00
   1470.000   1451.048     3.5336     3.5342  32.724352  32.724864    6.02231     1.8586 2.2052e+01    -0.0234     0.0000      98.78    97.7704     0.0755      42433    6.02241    0.00000    34.9285    34.9285         53 0.0000e+00
   1472.000   1453.015     3.5302     3.5306  32.721936  32.722351    6.02363     1.8585 2.2085e+01    -0.0227     0.0000      98.78    97.7652     0.0755      42488    6.02383    0.00000    34.9282    34.9283         59 0.0000e+00
   1474.000   1454.983     3.5268     3.5274  32.719606  32.720032    6.02356     1.8579 2.2010e+01    -0.0228     0.0000      98.78    97.7743     0.0755      42545    6.02339    0.00000    34.9280    34.9279         50 0.0000e+00
   1476.000   1456.950     3.5245     3.5249  32.718239  32.718520    6.02837     1.8585 2.2107e+01    -0.0229     0.0000      98.78    97.7626     0.0755      42587    6.02829    0.00000    34.9279    34.9277         37 0.0000e+00
   1478.000   1458.917     3.5240     3.5243  32.718568  32.718829    6.02993     1.8585 2.1999e+01    -0.0229     0.0000      98.78    97.7619     0.0755      42624    6.02978    0.00000    34.9279    34.9278         37 0.0000e+00
   1480.000   1460.885     3.5216     3.5222  32.717213  32.717610    6.02850     1.8578 2.2072e+01    -0.0229     0.0000      98.78    97.7678     0.0755      42677    6.02839    0.00000    34.9277    34.9276         77 0.0000e+00
   1482.000   1462.852     3.5216     3.5220  32.718381  32.718710    6.02365     1.8564 2.2248e+01    -0.0229     0.0000      98.78    97.7670     0.0755      42745    6.02362    0.00000    34.9282    34.9281         43 0.0000e+00
   1484.000   1464.819     3.5199     3.5204  32.717846  32.718274    6.02478     1.8562 2.2112e+01    -0.0228     0.0000      98.78    97.7657     0.0755      42779    6.02471    0.00000    34.9283    34.9282         34 0.0000e+00
   1486.000   1466.786     3.5169     3.5174  32.715827  32.716284    6.02368     1.8553 2.2113e+01    -0.0226     0.0000      98.78    97.7632     0.0755      42825    6.02264    0.00000    34.9281    34.9281         65 0.0000e+00
   1488.000   1468.754     3.5142     3.5146  32.714235  32.714596    6.02397     1.8551 2.2048e+01    -0.0223     0.0000      98.78    97.7654     0.0755      42892    6.02397    0.00000    34.9281    34.9280         55 0.0000e+00
   1490.000   1470.721     3.5118     3.5122  32.713071  32.713293    6.02697     1.8553 2.2205e+01    -0.0232     0.0000      98.78    97.7756     0.0755      42937    6.02681    0.00000    34.9282    34.9280         40 0.0000e+00
   1492.000   1472.688     3.5117     3.5122  32.713884  32.714206    6.03130     1.8559 2.2055e+01    -0.0227     0.0000      98.78    97.7665     0.0755      42974    6.03115    0.00000    34.9283    34.9282         36 0.0000e+00
   1494.000   1474.655     3.5101     3.5105  32.713238  32.713651    6.03075     1.8552 2.2052e+01    -0.0236     0.0000      98.78    97.7571     0.0755      43016    6.02975    0.00000    34.9282    34.9282         51 0.0000e+00
   1496.000   1476.622     3.5062     3.5067  32.710647  32.711095    6.03163     1.8551 2.1952e+01    -0.0230     0.0000      98.78    97.7580     0.0755      43075    6.03144    0.00000    34.9282    34.9282         61 0.0000e+00
   1498.000   1478.589     3.5025     3.5029  32.708132  32.708485    6.02945     1.8541 2.2012e+01    -0.0225     0.0000      98.78    97.7605     0.0755      43130    6.02924    0.00000    34.9282    34.9282         49 0.0000e+00
   1500.000   1480.556     3.4999     3.5005  32.706762  32.707128    6.02976     1.8537 2.2181e+01    -0.0228     0.0000      98.78    97.7641     0.0755      43176    6.02952    0.00000    34.9283    34.9282         46 0.0000e+00
   1502.000   1482.523     3.4985     3.4990  32.706130  32.706527    6.02837     1.8527 2.2053e+01    -0.0230     0.0000      98.78    97.7652     0.0755      43226    6.02682    0.00000    34.9281    34.9281         54 0.0000e+00
   1504.000   1484.490     3.4980     3.4983  32.706540  32.706819    6.02821     1.8527 2.2142e+01    -0.0224     0.0000      98.78    97.7692     0.0755      43277    6.02833    0.00000    34.9281    34.9281         45 0.0000e+00
   1506.000   1486.458     3.4929     3.4933  32.702723  32.703106    6.03150     1.8528 2.2147e+01    -0.0228     0.0000      98.78    97.7727     0.0755      43319    6.03142    0.00000    34.9279    34.9280         42 0.0000e+00
   1508.000   1488.425     3.4929     3.4934  32.703870  32.704140    6.03062     1.8523 2.2125e+01    -0.0223     0.0000      98.78    97.7713     0.0755      43367    6.03050    0.00000    34.9283    34.9281         55 0.0000e+00
   1510.000   1490.392     3.4930     3.4933  32.705113  32.705360    6.02999     1.8517 2.2008e+01    -0.0227     0.0000      98.78    97.7534     0.0755      43421    6.02929    0.00000    34.9288    34.9287         48 0.0000e+00
   1512.000   1492.359     3.4892     3.4896  32.702606  32.702901    6.03138     1.8516 2.2163e+01    -0.0236     0.0000      98.78    97.7737     0.0755      43468    6.03108    0.00000    34.9288    34.9287         52 0.0000e+00
   1514.000   1494.326     3.4880     3.4885  32.702317  32.702715    6.03308     1.8517 2.2194e+01    -0.0234     0.0000      98.78    97.7720     0.0755      43526    6.03311    0.00000    34.9287    34.9287         57 0.0000e+00
   1516.000   1496.292     3.4867     3.4871  32.702114  32.702389    6.03246     1.8511 2.2051e+01    -0.0236     0.0000      98.78    97.7691     0.0755      43574    6.03236    0.00000    34.9288    34.9288         42 0.0000e+00
   1518.000   1498.259     3.4844     3.4848  32.701006  32.701357    6.03312     1.8508 2.2237e+01    -0.0234     0.0000      98.78    97.7719     0.0755      43616    6.03300    0.00000    34.9290    34.9289         43 0.0000e+00
