Ship_data/Irminger/Irminger-2/ctd/process/OOI/at30_011.cnv
* Sea-Bird SBE 9 Data File:
* FileName = C:\data\ctd\at30_011.hex
* Software Version Seasave V 7.21f
* Temperature SN = 2265
* Conductivity SN = 3021
* Number of Bytes Per Scan = 40
* Number of Voltage Words = 5
* Number of Scans Averaged by the Deck Unit = 1
* NMEA Latitude = 59 41.19 N
* NMEA Longitude = 039 21.93 W
* NMEA UTC (Time) = Aug 21 2015  19:14:51
** cal val post deployment at FLMB2
# nquan = 21
# nvalues = 2857                        
# units = specified
# name 0 = prDM: Pressure, Digiquartz [db]
# name 1 = depSM: Depth [salt water, m]
# name 2 = t090C: Temperature [ITS-90, deg C]
# name 3 = t190C: Temperature, 2 [ITS-90, deg C]
# name 4 = c0mS/cm: Conductivity [mS/cm]
# name 5 = c1mS/cm: Conductivity, 2 [mS/cm]
# name 6 = sbeox0ML/L: Oxygen, SBE 43 [ml/l]
# name 7 = sbeox0V: Oxygen raw, SBE 43 [V]
# name 8 = spar: SPAR/Surface Irradiance
# name 9 = flECO-AFL: Fluorescence, WET Labs ECO-AFL/FL [mg/m^3]
# name 10 = v2: Voltage 2
# name 11 = altM: Altimeter [m]
# name 12 = CStarTr0: Beam Transmission, WET Labs C-Star [%]
# name 13 = turbWETntu0: Turbidity, WET Labs ECO [NTU]
# name 14 = scan: Scan Count
# name 15 = sbeox0ML/L: Oxygen, SBE 43 [ml/l], WS = 2
# name 16 = sbeox0dOV/dT: Oxygen, SBE 43 [dov/dt], WS = 2
# name 17 = sal00: Salinity, Practical [PSU]
# name 18 = sal11: Salinity, Practical, 2 [PSU]
# name 19 = nbin: number of scans per bin
# name 20 = flag: flag
# span 0 =      2.000,   2858.000       
# span 1 =      1.981,   2812.034       
# span 2 =     1.5246,     8.7298       
# span 3 =     1.5253,     8.7300       
# span 4 =  31.485401,  36.766601       
# span 5 =  31.485595,  36.765933       
# span 6 =    6.00693,    6.99476       
# span 7 =     1.6757,     2.5374       
# span 8 = 1.9531e+02, 1.7177e+03       
# span 9 =    -0.0712,     1.9068       
# span 10 =     0.0000,     0.0000      
# span 11 =      17.75,      98.99      
# span 12 =    93.7140,    97.5233      
# span 13 =     0.0673,     0.1222      
# span 14 =        766,     186772      
# span 15 =    6.00679,    6.99570      
# span 16 =    0.00000,    0.00000      
# span 17 =    34.8480,    34.9371      
# span 18 =    34.8451,    34.9371      
# span 19 =         14,        138      
# span 20 = 0.0000e+00, 0.0000e+00      
# interval = decibars: 2                
# start_time = Aug 21 2015 19:14:51 [NMEA time, header]
# bad_flag = -9.990e-29
*END*
[from data line 1656]
   2402.000   2365.869     2.8156     2.8141  32.464593  32.462585    6.07579     1.6924 3.8545e+02    -0.0447     0.0000      98.73    97.5094     0.0707      96866    6.07639    0.00000    34.9279    34.9270         57 0.0000e+00
   2400.000   2363.910     2.8196     2.8177  32.467292  32.464934    6.07419     1.6924 3.8919e+02    -0.0451     0.0000      98.73    97.2686     0.0707      96919    6.07411    0.00000    34.9279    34.9270         44 0.0000e+00
   2398.000   2361.951     2.8201     2.8205  32.466610  32.466401    6.07196     1.6924 3.9310e+02    -0.0439     0.0000      98.73    97.5176     0.0707      96957    6.07243    0.00000    34.9275    34.9267         34 0.0000e+00
   2396.000   2359.992     2.8198     2.8205  32.465473  32.465671    6.07219     1.6926 3.9414e+02    -0.0442     0.0000      98.73    97.5127     0.0707      96995    6.07197    0.00000    34.9273    34.9268         46 0.0000e+00
   2394.000   2358.033     2.8212     2.8210  32.465698  32.465164    6.07311     1.6931 3.9080e+02    -0.0451     0.0000      98.73    97.5099     0.0707      97049    6.07284    0.00000    34.9270    34.9266         56 0.0000e+00
   2392.000   2356.074     2.8233     2.8230  32.466755  32.465983    6.07416     1.6938 3.8475e+02    -0.0454     0.0000      98.73    97.5141     0.0707      97100    6.07420    0.00000    34.9271    34.9264         49 0.0000e+00
   2390.000   2354.115     2.8250     2.8245  32.467689  32.466586    6.07523     1.6943 3.8581e+02    -0.0443     0.0000      98.73    97.5091     0.0707      97149    6.07520    0.00000    34.9273    34.9265         46 0.0000e+00
   2388.000   2352.156     2.8291     2.8283  32.470641  32.468934    6.07388     1.6945 3.9176e+02    -0.0444     0.0000      98.73    97.5086     0.0707      97191    6.07379    0.00000    34.9274    34.9262         41 0.0000e+00
   2386.000   2350.197     2.8350     2.8334  32.475367  32.473191    6.07376     1.6950 3.9368e+02    -0.0451     0.0000      98.73    97.5090     0.0707      97233    6.07357    0.00000    34.9278    34.9269         44 0.0000e+00
   2384.000   2348.238     2.8384     2.8360  32.477778  32.474841    6.07575     1.6958 3.9049e+02    -0.0437     0.0000      98.73    97.5084     0.0707      97278    6.07570    0.00000    34.9280    34.9270         44 0.0000e+00
   2382.000   2346.279     2.8402     2.8401  32.478556  32.477843    6.07415     1.6958 3.8751e+02    -0.0450     0.0000      98.73    97.5054     0.0707      97323    6.07410    0.00000    34.9280    34.9273         48 0.0000e+00
   2380.000   2344.320     2.8425     2.8418  32.480011  32.478714    6.07271     1.6960 3.8537e+02    -0.0437     0.0000      98.73    97.5079     0.0707      97371    6.07265    0.00000    34.9282    34.9274         48 0.0000e+00
   2378.000   2342.361     2.8462     2.8453  32.482711  32.481252    6.07173     1.6962 3.8853e+02    -0.0443     0.0000      98.73    97.4959     0.0707      97426    6.07159    0.00000    34.9285    34.9277         66 0.0000e+00
   2376.000   2340.401     2.8480     2.8476  32.483502  32.482451    6.06984     1.6962 3.9270e+02    -0.0443     0.0000      98.73    97.5071     0.0707      97491    6.06977    0.00000    34.9285    34.9276         49 0.0000e+00
   2374.000   2338.442     2.8516     2.8512  32.486266  32.484884    6.06741     1.6962 3.9144e+02    -0.0446     0.0000      98.73    97.5156     0.0707      97526    6.06753    0.00000    34.9289    34.9277         30 0.0000e+00
   2372.000   2336.483     2.8545     2.8546  32.488019  32.487324    6.06438     1.6962 3.9027e+02    -0.0450     0.0000      98.73    97.5047     0.0707      97554    6.06536    0.00000    34.9289    34.9280         27 0.0000e+00
   2370.000   2334.524     2.8568     2.8562  32.489357  32.488129    6.06370     1.6962 3.8868e+02    -0.0450     0.0000      98.73    97.4982     0.0707      97583    6.06346    0.00000    34.9290    34.9282         33 0.0000e+00
   2368.000   2332.565     2.8559     2.8562  32.487774  32.487567    6.06874     1.6974 3.8696e+02    -0.0451     0.0000      98.73    97.5019     0.0707      97651    6.06844    0.00000    34.9290    34.9284         67 0.0000e+00
   2366.000   2330.605     2.8598     2.8576  32.490417  32.487629    6.06667     1.6975 3.8914e+02    -0.0445     0.0000      98.73    97.5044     0.0707      97723    6.06648    0.00000    34.9290    34.9279         49 0.0000e+00
   2364.000   2328.646     2.8643     2.8630  32.493926  32.491801    6.06385     1.6975 3.8963e+02    -0.0441     0.0000      98.73    97.5129     0.0707      97766    6.06411    0.00000    34.9293    34.9282         37 0.0000e+00
   2362.000   2326.687     2.8680     2.8683  32.496355  32.495703    6.05929     1.6972 3.9208e+02    -0.0439     0.0000      98.72    97.5102     0.0707      97798    6.06027    0.00000    34.9293    34.9282         28 0.0000e+00
   2360.000   2324.728     2.8694     2.8699  32.496904  32.496480    6.06001     1.6975 3.9431e+02    -0.0445     0.0000      98.73    97.4994     0.0707      97825    6.06002    0.00000    34.9294    34.9284         26 0.0000e+00
   2358.000   2322.769     2.8710     2.8709  32.497470  32.496873    6.05915     1.6977 3.9356e+02    -0.0447     0.0000      98.73    97.5067     0.0707      97854    6.05911    0.00000    34.9294    34.9287         37 0.0000e+00
   2356.000   2320.809     2.8709     2.8713  32.496666  32.496525    6.06557     1.6992 3.8758e+02    -0.0448     0.0000      98.73    97.5039     0.0707      97956    6.06535    0.00000    34.9294    34.9288         65 0.0000e+00
   2354.000   2318.850     2.8745     2.8739  32.499081  32.497543    6.06378     1.6993 3.9160e+02    -0.0447     0.0000      98.73    97.5020     0.0707      98012    6.06358    0.00000    34.9295    34.9282         36 0.0000e+00
   2352.000   2316.891     2.8771     2.8774  32.500471  32.499900    6.06048     1.6990 3.9395e+02    -0.0444     0.0000      98.73    97.5055     0.0707      98045    6.06021    0.00000    34.9293    34.9283         32 0.0000e+00
   2350.000   2314.931     2.8780     2.8790  32.500541  32.500583    6.05783     1.6988 3.9623e+02    -0.0452     0.0000      98.73    97.5116     0.0707      98075    6.05751    0.00000    34.9293    34.9284         28 0.0000e+00
   2348.000   2312.972     2.8791     2.8796  32.500615  32.500435    6.05586     1.6988 3.9614e+02    -0.0442     0.0000      98.73    97.5112     0.0707      98103    6.05551    0.00000    34.9292    34.9285         28 0.0000e+00
   2346.000   2311.012     2.8802     2.8801  32.500859  32.500318    6.05698     1.6994 3.9299e+02    -0.0446     0.0000      98.73    97.5107     0.0707      98132    6.05675    0.00000    34.9293    34.9287         32 0.0000e+00
   2344.000   2309.053     2.8803     2.8803  32.500227  32.499656    6.05842     1.7000 3.9001e+02    -0.0445     0.0000      98.73    97.5078     0.0707      98220    6.05829    0.00000    34.9294    34.9287         46 0.0000e+00
   2342.000   2307.093     2.8816     2.8818  32.500365  32.499748    6.05673     1.7000 3.9722e+02    -0.0453     0.0000      98.73    97.5068     0.0707      98294    6.05656    0.00000    34.9291    34.9282         27 0.0000e+00
   2340.000   2305.134     2.8845     2.8839  32.501901  32.500787    6.05572     1.7002 3.9925e+02    -0.0449     0.0000      98.73    97.5058     0.0707      98321    6.05558    0.00000    34.9288    34.9281         30 0.0000e+00
   2338.000   2303.175     2.8880     2.8859  32.504384  32.501841    6.05861     1.7012 4.0074e+02    -0.0441     0.0000      98.73    97.5060     0.0707      98353    6.05867    0.00000    34.9290    34.9282         34 0.0000e+00
   2336.000   2301.215     2.8924     2.8903  32.507656  32.504845    6.05675     1.7013 3.9754e+02    -0.0460     0.0000      98.73    97.5035     0.0707      98388    6.05678    0.00000    34.9293    34.9281         35 0.0000e+00
   2334.000   2299.256     2.8962     2.8957  32.510296  32.509125    6.05641     1.7017 3.8876e+02    -0.0443     0.0000      98.73    97.5055     0.0707      98425    6.05637    0.00000    34.9294    34.9285         39 0.0000e+00
   2332.000   2297.296     2.8951     2.8947  32.508666  32.507774    6.05952     1.7025 3.8862e+02    -0.0442     0.0000      98.73    97.5073     0.0707      98491    6.05896    0.00000    34.9294    34.9288         84 0.0000e+00
   2330.000   2295.337     2.8992     2.8989  32.511412  32.510360    6.05737     1.7025 3.9864e+02    -0.0448     0.0000      98.73    97.5054     0.0707      98567    6.05684    0.00000    34.9293    34.9284         48 0.0000e+00
   2328.000   2293.377     2.8998     2.9013  32.511089  32.511727    6.05634     1.7026 3.9923e+02    -0.0453     0.0000      98.73    97.5027     0.0707      98607    6.05551    0.00000    34.9293    34.9285         36 0.0000e+00
   2326.000   2291.417     2.9010     2.9021  32.511337  32.511610    6.05541     1.7029 3.9900e+02    -0.0448     0.0000      98.73    97.5021     0.0707      98641    6.05519    0.00000    34.9292    34.9284         33 0.0000e+00
   2324.000   2289.458     2.9017     2.9022  32.511165  32.511021    6.05527     1.7032 3.9604e+02    -0.0446     0.0000      98.73    97.5022     0.0707      98674    6.05510    0.00000    34.9293    34.9285         33 0.0000e+00
   2322.000   2287.498     2.9024     2.9025  32.510912  32.510601    6.05658     1.7038 3.9109e+02    -0.0446     0.0000      98.73    97.5028     0.0707      98710    6.05654    0.00000    34.9292    34.9287         41 0.0000e+00
   2320.000   2285.539     2.9028     2.9029  32.510614  32.510222    6.05821     1.7044 3.9156e+02    -0.0444     0.0000      98.73    97.5135     0.0707      98769    6.05803    0.00000    34.9293    34.9287         79 0.0000e+00
   2318.000   2283.579     2.9057     2.9056  32.512180  32.511510    6.05998     1.7051 3.9674e+02    -0.0442     0.0000      98.73    97.5105     0.0707      98836    6.05965    0.00000    34.9291    34.9284         45 0.0000e+00
   2316.000   2281.619     2.9073     2.9080  32.512739  32.512874    6.06011     1.7055 3.9743e+02    -0.0450     0.0000      98.73    97.5034     0.0707      98875    6.05988    0.00000    34.9290    34.9284         40 0.0000e+00
   2314.000   2279.660     2.9087     2.9090  32.513282  32.513026    6.06083     1.7060 3.9872e+02    -0.0444     0.0000      98.73    97.4977     0.0707      98918    6.06069    0.00000    34.9290    34.9285         44 0.0000e+00
   2312.000   2277.700     2.9101     2.9100  32.513668  32.513022    6.06128     1.7065 3.9824e+02    -0.0439     0.0000      98.73    97.4969     0.0707      98959    6.06114    0.00000    34.9290    34.9284         40 0.0000e+00
   2310.000   2275.740     2.9116     2.9118  32.514237  32.513854    6.06366     1.7073 3.9565e+02    -0.0446     0.0000      98.73    97.5069     0.0707      99002    6.06335    0.00000    34.9290    34.9284         49 0.0000e+00
   2308.000   2273.781     2.9124     2.9126  32.514179  32.513856    6.06345     1.7075 3.9239e+02    -0.0450     0.0000      98.73    97.5033     0.0707      99057    6.06288    0.00000    34.9290    34.9285         54 0.0000e+00
   2306.000   2271.821     2.9134     2.9142  32.514084  32.514159    6.06129     1.7076 3.9548e+02    -0.0444     0.0000      98.73    97.5056     0.0705      99104    6.06158    0.00000    34.9288    34.9281         42 0.0000e+00
   2304.000   2269.861     2.9161     2.9161  32.515821  32.515208    6.05940     1.7076 4.0103e+02    -0.0441     0.0000      98.73    97.5099     0.0702      99147    6.05950    0.00000    34.9290    34.9283         45 0.0000e+00
   2302.000   2267.901     2.9181     2.9177  32.516824  32.516030    6.05773     1.7076 4.0221e+02    -0.0443     0.0000      98.73    97.5038     0.0702      99195    6.05758    0.00000    34.9291    34.9285         53 0.0000e+00
   2300.000   2265.941     2.9195     2.9192  32.517337  32.516558    6.05679     1.7076 3.9259e+02    -0.0442     0.0000      98.73    97.5065     0.0707      99250    6.05573    0.00000    34.9291    34.9286         53 0.0000e+00
   2298.000   2263.982     2.9221     2.9218  32.518730  32.517859    6.05582     1.7079 3.8891e+02    -0.0446     0.0000      98.73    97.5145     0.0707      99299    6.05511    0.00000    34.9290    34.9283         45 0.0000e+00
   2296.000   2262.022     2.9227     2.9235  32.518213  32.518437    6.05598     1.7083 4.0015e+02    -0.0448     0.0000      98.73    97.5119     0.0707      99342    6.05586    0.00000    34.9287    34.9281         42 0.0000e+00
   2294.000   2260.062     2.9230     2.9237  32.517451  32.517591    6.05616     1.7087 4.0536e+02    -0.0439     0.0000      98.73    97.5150     0.0707      99382    6.05595    0.00000    34.9284    34.9278         39 0.0000e+00
   2292.000   2258.102     2.9249     2.9249  32.518156  32.517671    6.05594     1.7090 4.0382e+02    -0.0442     0.0000      98.73    97.5045     0.0699      99422    6.05574    0.00000    34.9282    34.9276         42 0.0000e+00
   2290.000   2256.142     2.9264     2.9260  32.518819  32.518086    6.05858     1.7099 3.9374e+02    -0.0444     0.0000      98.73    97.5133     0.0703      99470    6.05856    0.00000    34.9283    34.9278         57 0.0000e+00
   2288.000   2254.182     2.9278     2.9275  32.519229  32.518415    6.05768     1.7101 3.9476e+02    -0.0451     0.0000      98.73    97.5165     0.0700      99545    6.05766    0.00000    34.9283    34.9276         80 0.0000e+00
   2286.000   2252.222     2.9288     2.9293  32.519058  32.518901    6.05592     1.7101 4.0326e+02    -0.0443     0.0000      98.73    97.5126     0.0706      99601    6.05589    0.00000    34.9280    34.9272         36 0.0000e+00
   2284.000   2250.262     2.9305     2.9317  32.519842  32.520200    6.05631     1.7105 4.0473e+02    -0.0439     0.0000      98.73    97.5073     0.0707      99630    6.05618    0.00000    34.9280    34.9272         28 0.0000e+00
   2282.000   2248.302     2.9326     2.9330  32.520799  32.520525    6.05483     1.7106 4.0495e+02    -0.0444     0.0000      98.73    97.5013     0.0707      99658    6.05468    0.00000    34.9280    34.9272         28 0.0000e+00
   2280.000   2246.343     2.9353     2.9352  32.522421  32.521782    6.05643     1.7113 4.0385e+02    -0.0445     0.0000      98.73    97.5070     0.0707      99690    6.05620    0.00000    34.9279    34.9272         37 0.0000e+00
   2278.000   2244.382     2.9343     2.9340  32.520786  32.520047    6.05955     1.7122 3.9715e+02    -0.0447     0.0000      98.73    97.5050     0.0707      99749    6.05945    0.00000    34.9280    34.9275         89 0.0000e+00
   2276.000   2242.422     2.9362     2.9369  32.521529  32.521619    6.06010     1.7126 3.9664e+02    -0.0442     0.0000      98.73    97.5141     0.0701      99836    6.05964    0.00000    34.9279    34.9272         61 0.0000e+00
   2274.000   2240.462     2.9386     2.9395  32.522973  32.523065    6.05976     1.7126 4.0384e+02    -0.0461     0.0000      98.73    97.5151     0.0702      99879    6.05736    0.00000    34.9279    34.9271         37 0.0000e+00
   2272.000   2238.502     2.9414     2.9420  32.524703  32.524569    6.05954     1.7137 4.0645e+02    -0.0446     0.0000      98.73    97.5113     0.0706      99913    6.06084    0.00000    34.9280    34.9272         34 0.0000e+00
   2270.000   2236.542     2.9436     2.9433  32.525900  32.525107    6.05965     1.7138 4.0713e+02    -0.0450     0.0000      98.73    97.5078     0.0707      99947    6.05948    0.00000    34.9281    34.9274         33 0.0000e+00
   2268.000   2234.582     2.9452     2.9452  32.526472  32.525967    6.06004     1.7138 4.0425e+02    -0.0445     0.0000      98.73    97.5134     0.0707      99980    6.05769    0.00000    34.9280    34.9273         34 0.0000e+00
