Ship_data/Irminger/Irminger-2/ctd/process/OOI/at30_003.cnv
* Sea-Bird SBE 9 Data File:
* FileName = C:\data\ctd\at30_003.hex
* Software Version Seasave V 7.21f
* Temperature SN = 2265
* Conductivity SN = 3021
* Number of Bytes Per Scan = 40
* Number of Voltage Words = 5
* Number of Scans Averaged by the Deck Unit = 1
* NMEA Latitude = 42 31.25 N
* NMEA Longitude = 062 34.71 W
* NMEA UTC (Time) = Aug 07 2015  17:47:11
# nquan = 21
# nvalues = 1515                        
# units = specified
# name 0 = prDM: Pressure, Digiquartz [db]
# name 1 = depSM: Depth [salt water, m]
# name 2 = t090C: Temperature [ITS-90, deg C]
# name 3 = t190C: Temperature, 2 [ITS-90, deg C]
# name 4 = c0mS/cm: Conductivity [mS/cm]
# name 5 = c1mS/cm: Conductivity, 2 [mS/cm]
# name 6 = sbeox0ML/L: Oxygen, SBE 43 [ml/l]
# name 7 = sbeox0V: Oxygen raw, SBE 43 [V]
# name 8 = spar: SPAR/Surface Irradiance
# name 9 = flECO-AFL: Fluorescence, WET Labs ECO-AFL/FL [mg/m^3]
# name 10 = v2: Voltage 2
# name 11 = altM: Altimeter [m]
# name 12 = CStarTr0: Beam Transmission, WET Labs C-Star [%]
# name 13 = turbWETntu0: Turbidity, WET Labs ECO [NTU]
# name 14 = scan: Scan Count
# name 15 = sbeox0ML/L: Oxygen, SBE 43 [ml/l], WS = 2
# name 16 = sbeox0dOV/dT: Oxygen, SBE 43 [dov/dt], WS = 2
# name 17 = sal00: Salinity, Practical [PSU]
# name 18 = sal11: Salinity, Practical, 2 [PSU]
# name 19 = nbin: number of scans per bin
# name 20 = flag: flag
# span 0 =      2.000,   1520.000       
# span 1 =      1.984,   1502.527       
# span 2 =     3.9365,    21.4383       
# span 3 =     3.9372,    21.4389       
# span 4 =  33.125328,  47.405275       
# span 5 =  33.125161,  47.406917       
# span 6 =    3.09227,    6.62129       
# span 7 =     1.4520,     2.8837       
# span 8 = 4.7004e+02, 2.1696e+03       
# span 9 =    -0.0214,     2.1884       
# span 10 =     0.0000,     0.0000      
# span 11 =      77.42,      99.29      
# span 12 =    91.3964,    97.7290      
# span 13 =     0.0680,     0.1636      
# span 14 =        531,     186535      
# span 15 =    3.09207,    6.62227      
# span 16 =    0.00000,    0.00000      
# span 17 =    31.8510,    35.7286      
# span 18 =    31.8505,    35.7276      
# span 19 =         17,        134      
# span 20 = 0.0000e+00, 0.0000e+00      
# interval = decibars: 2                
# start_time = Aug 07 2015 17:47:11 [NMEA time, header]
# bad_flag = -9.990e-29
*END*
[from data line 1311]
    416.000    412.303     7.4626     7.4482  35.997978  35.981118    3.83319     1.6038 1.5758e+03    -0.0198     0.0000      98.78    97.6249     0.0707     156645    3.83293    0.00000    35.1059    35.1021         42 0.0000e+00
    414.000    410.323     7.4988     7.4878  36.031279  36.018941    3.82230     1.6020 1.5687e+03    -0.0198     0.0000      98.78    97.6187     0.0707     156685    3.82204    0.00000    35.1065    35.1042         42 0.0000e+00
    412.000    408.342     7.5253     7.5158  36.056311  36.045201    3.80737     1.5988 1.5962e+03    -0.0196     0.0000      98.78    97.6210     0.0707     156737    3.80712    0.00000    35.1079    35.1055         60 0.0000e+00
    410.000    406.362     7.5647     7.5376  36.094534  36.066345    3.78400     1.5935 1.6077e+03    -0.0200     0.0000      98.78    97.6251     0.0707     156792    3.78367    0.00000    35.1106    35.1074         46 0.0000e+00
    408.000    404.382     7.5985     7.5890  36.126672  36.114543    3.76915     1.5904 1.6056e+03    -0.0201     0.0000      98.78    97.6213     0.0707     156834    3.76890    0.00000    35.1124    35.1088         40 0.0000e+00
    406.000    402.401     7.6295     7.6170  36.155848  36.141743    3.76100     1.5892 1.5950e+03    -0.0195     0.0000      98.78    97.6193     0.0707     156875    3.76082    0.00000    35.1138    35.1111         44 0.0000e+00
    404.000    400.421     7.6434     7.6344  36.168048  36.157743    3.74727     1.5859 1.5788e+03    -0.0198     0.0000      98.78    97.6203     0.0707     156923    3.74700    0.00000    35.1139    35.1118         52 0.0000e+00
    402.000    398.441     7.6755     7.6575  36.198996  36.179553    3.72927     1.5820 1.5456e+03    -0.0194     0.0000      98.78    97.6102     0.0707     156976    3.72903    0.00000    35.1161    35.1132         53 0.0000e+00
    400.000    396.460     7.7044     7.6954  36.226436  36.215388    3.71616     1.5792 1.5126e+03    -0.0202     0.0000      98.78    97.6180     0.0707     157025    3.71589    0.00000    35.1176    35.1147         44 0.0000e+00
    398.000    394.480     7.7190     7.7142  36.239070  36.233094    3.70678     1.5773 1.5157e+03    -0.0189     0.0000      98.78    97.6170     0.0707     157067    3.70660    0.00000    35.1175    35.1159         42 0.0000e+00
    396.000    392.499     7.7368     7.7315  36.255674  36.248769    3.69952     1.5759 1.5176e+03    -0.0200     0.0000      98.78    97.6139     0.0707     157112    3.69929    0.00000    35.1185    35.1164         48 0.0000e+00
    394.000    390.519     7.7503     7.7427  36.268256  36.259287    3.68614     1.5727 1.5137e+03    -0.0195     0.0000      98.78    97.6066     0.0707     157163    3.68598    0.00000    35.1195    35.1174         52 0.0000e+00
    392.000    388.539     7.7797     7.7645  36.296204  36.278676    3.67578     1.5708 1.5179e+03    -0.0186     0.0000      98.78    97.6085     0.0707     157213    3.67551    0.00000    35.1210    35.1175         47 0.0000e+00
    390.000    386.558     7.8247     7.8163  36.338882  36.328589    3.66998     1.5705 1.5298e+03    -0.0199     0.0000      98.78    97.6035     0.0707     157257    3.66969    0.00000    35.1228    35.1202         44 0.0000e+00
    388.000    384.578     7.8543     7.8402  36.366772  36.350777    3.66012     1.5688 1.5394e+03    -0.0205     0.0000      98.78    97.6041     0.0707     157303    3.65991    0.00000    35.1242    35.1211         47 0.0000e+00
    386.000    382.597     7.8822     7.8725  36.393154  36.381680    3.64422     1.5652 1.5368e+03    -0.0204     0.0000      98.78    97.6016     0.0707     157351    3.64400    0.00000    35.1255    35.1229         51 0.0000e+00
    384.000    380.617     7.9183     7.8996  36.427909  36.406847    3.62332     1.5604 1.5272e+03    -0.0205     0.0000      98.78    97.6016     0.0707     157402    3.62312    0.00000    35.1276    35.1237         49 0.0000e+00
    382.000    378.636     7.9651     7.9419  36.472100  36.447010    3.60813     1.5575 1.5037e+03    -0.0197     0.0000      98.78    97.6016     0.0707     157450    3.60783    0.00000    35.1292    35.1254         48 0.0000e+00
    380.000    376.655     7.9908     7.9808  36.496203  36.484427    3.59021     1.5532 1.5224e+03    -0.0200     0.0000      98.78    97.6016     0.0707     157500    3.58997    0.00000    35.1303    35.1276         51 0.0000e+00
    378.000    374.675     8.0243     8.0139  36.527535  36.515312    3.57064     1.5487 1.5235e+03    -0.0197     0.0000      98.78    97.6016     0.0707     157549    3.57035    0.00000    35.1312    35.1286         48 0.0000e+00
    376.000    372.694     8.0626     8.0524  36.563600  36.552146    3.55636     1.5458 1.5172e+03    -0.0196     0.0000      98.78    97.5965     0.0707     157599    3.55614    0.00000    35.1325    35.1304         52 0.0000e+00
    374.000    370.713     8.0742     8.0677  36.573650  36.566056    3.53797     1.5411 1.4730e+03    -0.0196     0.0000      98.78    97.5966     0.0707     157650    3.53774    0.00000    35.1326    35.1310         46 0.0000e+00
    372.000    368.733     8.0992     8.0905  36.597240  36.586445    3.52347     1.5378 1.5182e+03    -0.0199     0.0000      98.78    97.5800     0.0707     157693    3.52331    0.00000    35.1338    35.1310         45 0.0000e+00
    370.000    366.752     8.1530     8.1374  36.648470  36.631913    3.51125     1.5358 1.5242e+03    -0.0198     0.0000      98.78    97.5923     0.0707     157748    3.51101    0.00000    35.1358    35.1337         63 0.0000e+00
    368.000    364.772     8.1916     8.1758  36.685480  36.667392    3.48930     1.5307 1.5068e+03    -0.0193     0.0000      98.78    97.5924     0.0707     157802    3.48909    0.00000    35.1377    35.1342         43 0.0000e+00
    366.000    362.791     8.2162     8.2126  36.708367  36.703077    3.47483     1.5274 1.5170e+03    -0.0196     0.0000      98.78    97.5856     0.0707     157843    3.47453    0.00000    35.1385    35.1365         42 0.0000e+00
    364.000    360.810     8.2336     8.2266  36.724031  36.716181    3.46014     1.5238 1.5449e+03    -0.0195     0.0000      98.78    97.5873     0.0707     157895    3.45993    0.00000    35.1389    35.1375         59 0.0000e+00
    362.000    358.829     8.2626     8.2430  36.751710  36.730337    3.43872     1.5186 1.5354e+03    -0.0187     0.0000      98.78    97.5867     0.0707     157951    3.43853    0.00000    35.1404    35.1371         49 0.0000e+00
    360.000    356.849     8.3131     8.2884  36.800729  36.773074    3.42844     1.5170 1.4919e+03    -0.0196     0.0000      98.78    97.5866     0.0707     157995    3.42818    0.00000    35.1432    35.1384         42 0.0000e+00
    358.000    354.868     8.3372     8.3308  36.822774  36.814747    3.41938     1.5153 1.5149e+03    -0.0199     0.0000      98.78    97.5821     0.0707     158040    3.41917    0.00000    35.1436    35.1415         52 0.0000e+00
    356.000    352.887     8.3583     8.3471  36.843073  36.830073    3.39974     1.5103 1.5310e+03    -0.0196     0.0000      98.78    97.5794     0.0707     158098    3.39952    0.00000    35.1452    35.1425         58 0.0000e+00
    354.000    350.906     8.3930     8.3734  36.876843  36.854532    3.38379     1.5068 1.5376e+03    -0.0198     0.0000      98.78    97.5677     0.0707     158147    3.38360    0.00000    35.1474    35.1432         42 0.0000e+00
    352.000    348.925     8.4293     8.4187  36.911747  36.899215    3.37928     1.5066 1.5357e+03    -0.0196     0.0000      98.78    97.5627     0.0707     158190    3.37914    0.00000    35.1492    35.1465         48 0.0000e+00
    350.000    346.944     8.4606     8.4408  36.942035  36.920966    3.37114     1.5052 1.5274e+03    -0.0193     0.0000      98.78    97.5578     0.0707     158245    3.37093    0.00000    35.1513    35.1486         57 0.0000e+00
    348.000    344.964     8.5112     8.4868  36.992452  36.963830    3.35493     1.5019 1.5164e+03    -0.0198     0.0000      98.78    97.5486     0.0707     158294    3.35463    0.00000    35.1553    35.1493         43 0.0000e+00
    346.000    342.983     8.5633     8.5481  37.043138  37.025035    3.34776     1.5012 1.5164e+03    -0.0197     0.0000      98.78    97.5493     0.0707     158338    3.34743    0.00000    35.1581    35.1541         48 0.0000e+00
    344.000    341.002     8.6183     8.5884  37.095653  37.064725    3.33304     1.4985 1.5163e+03    -0.0197     0.0000      98.78    97.5539     0.0707     158392    3.33281    0.00000    35.1600    35.1570         57 0.0000e+00
    342.000    339.021     8.6400     8.6225  37.115949  37.096112    3.31267     1.4933 1.5064e+03    -0.0197     0.0000      98.78    97.5579     0.0707     158443    3.31240    0.00000    35.1609    35.1573         43 0.0000e+00
    340.000    337.040     8.6608     8.6522  37.135400  37.124910    3.29808     1.4897 1.4962e+03    -0.0190     0.0000      98.78    97.5651     0.0707     158483    3.29788    0.00000    35.1617    35.1591         41 0.0000e+00
    338.000    335.059     8.7299     8.7090  37.202769  37.178788    3.28339     1.4872 1.4929e+03    -0.0196     0.0000      98.78    97.5752     0.0707     158535    3.28314    0.00000    35.1652    35.1606         62 0.0000e+00
    336.000    333.078     8.8117     8.7594  37.283396  37.227656    3.25386     1.4807 1.4892e+03    -0.0194     0.0000      98.78    97.5734     0.0707     158592    3.25362    0.00000    35.1700    35.1631         48 0.0000e+00
    334.000    331.097     8.8405     8.8263  37.311352  37.294137    3.23146     1.4750 1.4873e+03    -0.0197     0.0000      98.78    97.5607     0.0707     158636    3.23117    0.00000    35.1719    35.1678         44 0.0000e+00
    332.000    329.116     8.8594     8.8490  37.329364  37.317470    3.21344     1.4703 1.4879e+03    -0.0200     0.0000      98.78    97.5657     0.0707     158684    3.21319    0.00000    35.1730    35.1708         51 0.0000e+00
    330.000    327.135     8.8900     8.8720  37.359490  37.338803    3.19844     1.4669 1.4769e+03    -0.0198     0.0000      98.78    97.5528     0.0707     158733    3.19829    0.00000    35.1754    35.1715         46 0.0000e+00
    328.000    325.154     8.9181     8.9066  37.387845  37.373754    3.19042     1.4653 1.4788e+03    -0.0189     0.0000      98.78    97.5598     0.0707     158778    3.19017    0.00000    35.1782    35.1749         45 0.0000e+00
    326.000    323.173     8.9549     8.9411  37.425209  37.408842    3.18818     1.4657 1.4822e+03    -0.0202     0.0000      98.78    97.5507     0.0707     158830    3.18793    0.00000    35.1820    35.1785         63 0.0000e+00
    324.000    321.192     8.9906     8.9657  37.460487  37.433550    3.20014     1.4703 1.4005e+03    -0.0197     0.0000      98.78    97.5403     0.0707     158891    3.19991    0.00000    35.1846    35.1811         53 0.0000e+00
    322.000    319.211     9.0352     9.0153  37.505327  37.481361    3.21046     1.4746 1.3968e+03    -0.0191     0.0000      98.78    97.5419     0.0707     158942    3.21027    0.00000    35.1885    35.1831         53 0.0000e+00
    320.000    317.229     9.0932     9.0757  37.564755  37.543602    3.20255     1.4738 1.5173e+03    -0.0200     0.0000      98.78    97.5333     0.0707     159004    3.20227    0.00000    35.1943    35.1895         73 0.0000e+00
    318.000    315.248     9.1350     9.1211  37.606732  37.591197    3.20473     1.4757 1.4870e+03    -0.0196     0.0000      98.78    97.5228     0.0707     159085    3.20458    0.00000    35.1979    35.1954         80 0.0000e+00
    316.000    313.267     9.1573     9.1497  37.628912  37.619017    3.21932     1.4808 1.4683e+03    -0.0194     0.0000      98.78    97.5228     0.0707     159171    3.21914    0.00000    35.2000    35.1972        105 0.0000e+00
    314.000    311.286     9.2125     9.1876  37.684388  37.657331    3.22826     1.4849 1.5299e+03    -0.0197     0.0000      98.78    97.5174     0.0707     159262    3.22800    0.00000    35.2045    35.2008         71 0.0000e+00
    312.000    309.305     9.2395     9.2342  37.710818  37.703881    3.23066     1.4864 1.4869e+03    -0.0199     0.0000      98.78    97.5224     0.0707     159367    3.23039    0.00000    35.2063    35.2043        116 0.0000e+00
    310.000    307.323     9.2675     9.2553  37.738491  37.724105    3.23064     1.4873 1.5405e+03    -0.0194     0.0000      98.78    97.4958     0.0707     159473    3.23039    0.00000    35.2085    35.2055         84 0.0000e+00
    308.000    305.342     9.2929     9.2884  37.763006  37.756842    3.22103     1.4853 1.4806e+03    -0.0192     0.0000      98.78    97.5225     0.0707     159571    3.22084    0.00000    35.2100    35.2080         88 0.0000e+00
    306.000    303.361     9.3387     9.3196  37.809355  37.787752    3.19784     1.4796 1.5308e+03    -0.0196     0.0000      98.78    97.5260     0.0707     159674    3.19763    0.00000    35.2140    35.2103         81 0.0000e+00
    304.000    301.380     9.3805     9.3643  37.851709  37.832002    3.16833     1.4720 1.4604e+03    -0.0200     0.0000      98.78    97.5300     0.0707     159790    3.16812    0.00000    35.2179    35.2133         73 0.0000e+00
    302.000    299.398     9.4266     9.4243  37.898868  37.894793    3.14159     1.4652 1.3875e+03    -0.0198     0.0000      98.78    97.5220     0.0707     161329    3.14135    0.00000    35.2224    35.2205         74 0.0000e+00
    300.000    297.417     9.4765     9.4714  37.950030  37.942687    3.13279     1.4640 1.4314e+03    -0.0201     0.0000      98.78    97.4979     0.0707     162585    3.13262    0.00000    35.2273    35.2247         94 0.0000e+00
    298.000    295.436     9.4963     9.4900  37.969720  37.961587    3.13138     1.4642 1.3977e+03    -0.0187     0.0000      98.78    97.5133     0.0707     162620    3.13109    0.00000    35.2292    35.2270         68 0.0000e+00
    296.000    293.454     9.5231     9.5153  37.997142  37.987157    3.13018     1.4647 1.3772e+03    -0.0194     0.0000      98.78    97.5150     0.0707     162692    3.12997    0.00000    35.2322    35.2296         70 0.0000e+00
    294.000    291.473     9.5630     9.5444  38.038133  38.016039    3.13022     1.4658 1.3722e+03    -0.0197     0.0000      98.78    97.5142     0.0707     162753    3.12999    0.00000    35.2365    35.2318         54 0.0000e+00
    292.000    289.491     9.5852     9.5765  38.060692  38.049887    3.13080     1.4667 1.4168e+03    -0.0187     0.0000      98.78    97.5030     0.0707     162806    3.13064    0.00000    35.2389    35.2363         53 0.0000e+00
    290.000    287.510     9.6100     9.5966  38.086176  38.069737    3.13189     1.4679 1.4604e+03    -0.0201     0.0000      98.78    97.5011     0.0707     162860    3.13178    0.00000    35.2419    35.2380         53 0.0000e+00
    288.000    285.528     9.6739     9.6399  38.153587  38.113141    3.12851     1.4685 1.4444e+03    -0.0195     0.0000      98.78    97.5086     0.0707     162909    3.12838    0.00000    35.2497    35.2413         47 0.0000e+00
    286.000    283.547     9.7582     9.7311  38.243093  38.210251    3.12984     1.4710 1.4145e+03    -0.0194     0.0000      98.78    97.4836     0.0707     162957    3.12956    0.00000    35.2604    35.2530         50 0.0000e+00
    284.000    281.565     9.8207     9.7812  38.309263  38.262309    3.12463     1.4710 1.3592e+03    -0.0193     0.0000      98.78    97.5031     0.0707     163008    3.12438    0.00000    35.2682    35.2586         49 0.0000e+00
    282.000    279.584     9.8642     9.8454  38.352616  38.329775    3.11497     1.4692 1.4199e+03    -0.0196     0.0000      98.78    97.5070     0.0707     163057    3.11465    0.00000    35.2711    35.2661         49 0.0000e+00
