Ship_data/Irminger/Irminger-2/ctd/process/OOI/at30_012.ros
* Sea-Bird SBE 9 Data File:
* FileName = C:\data\ctd\at30_012.hex
* Software Version Seasave V 7.21f
* Temperature SN = 2265
* Conductivity SN = 3021
* Number of Bytes Per Scan = 40
* Number of Voltage Words = 5
* Number of Scans Averaged by the Deck Unit = 1
* NMEA Latitude = 59 59.98 N
* NMEA Longitude = 039 28.96 W
* NMEA UTC (Time) = Aug 23 2015  16:50:38
** Cal/Val for HYPM-2
# nquan = 17
# nvalues = 588                                   
# units = specified
# name 0 = prDM: Pressure, Digiquartz [db]
# name 1 = depSM: Depth [salt water, m]
# name 2 = t090C: Temperature [ITS-90, deg C]
# name 3 = t190C: Temperature, 2 [ITS-90, deg C]
# name 4 = c0mS/cm: Conductivity [mS/cm]
# name 5 = c1mS/cm: Conductivity, 2 [mS/cm]
# name 6 = sbeox0ML/L: Oxygen, SBE 43 [ml/l]
# name 7 = sbeox0V: Oxygen raw, SBE 43 [V]
# name 8 = spar: SPAR/Surface Irradiance
# name 9 = flECO-AFL: Fluorescence, WET Labs ECO-AFL/FL [mg/m^3]
# name 10 = v2: Voltage 2
# name 11 = altM: Altimeter [m]
# name 12 = CStarTr0: Beam Transmission, WET Labs C-Star [%]
# name 13 = turbWETntu0: Turbidity, WET Labs ECO [NTU]
# name 14 = scan: Scan Count
# name 15 = nbf: Bottles Fired
# name 16 = flag:  0.000e+00
# interval = seconds: 0.0416667
# start_time = Aug 23 2015 16:50:38 [NMEA time, header]
# bad_flag = -9.990e-29
*END*
[from data line 511]
    202.175    200.171     4.2885     4.2881  32.856876  32.856874    6.38960     2.2286 2.3255e+02    -0.0585     0.0000      98.73    97.6277     0.0682     164056         11  0.000e+00
    202.143    200.139     4.2885     4.2884  32.857057  32.856415    6.39414     2.2298 2.3255e+02    -0.0585     0.0000      98.73    97.6277     0.0707     164057         11  0.000e+00
    202.232    200.227     4.2885     4.2884  32.856755  32.856587    6.38965     2.2286 2.3255e+02    -0.0585     0.0000      98.73    97.6277     0.0707     164058         11  0.000e+00
    202.086    200.082     4.2886     4.2885  32.856574  32.856415    6.39410     2.2298 2.3255e+02    -0.0658     0.0000      98.73    97.6277     0.0682     164059         11  0.000e+00
    202.143    200.139     4.2887     4.2886  32.856997  32.856702    6.39871     2.2310 2.3255e+02    -0.0585     0.0000      98.73    97.6277     0.0707     164060         11  0.000e+00
    202.118    200.115     4.2887     4.2887  32.856997  32.856874    6.38952     2.2286 2.3255e+02    -0.0585     0.0000      98.73    97.6539     0.0707     164061         11  0.000e+00
    202.143    200.139     4.2887     4.2886  32.857057  32.856702    6.38953     2.2286 2.3255e+02    -0.0658     0.0000      98.73    97.6277     0.0707     164062         11  0.000e+00
    202.118    200.115     4.2887     4.2887  32.856997  32.856587    6.39868     2.2310 2.3255e+02    -0.0585     0.0000      98.73    97.6277     0.0682     164063         11  0.000e+00
    202.086    200.082     4.2885     4.2887  32.856876  32.857046    6.38951     2.2286 2.3255e+02    -0.0658     0.0000      98.73    97.6277     0.0707     164064         11  0.000e+00
    202.118    200.115     4.2887     4.2890  32.856876  32.856874    6.38952     2.2286 2.3255e+02    -0.0732     0.0000      98.73    97.6277     0.0707     164065         11  0.000e+00
    202.086    200.082     4.2887     4.2890  32.856876  32.856702    6.39866     2.2310 2.3255e+02    -0.0585     0.0000      98.73    97.6277     0.0707     164066         11  0.000e+00
    202.086    200.082     4.2885     4.2890  32.856695  32.857332    6.39410     2.2298 2.3054e+02    -0.0585     0.0000      98.73    97.6277     0.0707     164067         11  0.000e+00
    202.118    200.115     4.2886     4.2890  32.856997  32.857161    6.38952     2.2286 2.3054e+02    -0.0585     0.0000      98.73    97.6277     0.0707     164068         11  0.000e+00
    202.086    200.082     4.2887     4.2889  32.856997  32.857332    6.39865     2.2310 2.3054e+02    -0.0658     0.0000      98.73    97.6277     0.0682     164069         11  0.000e+00
    202.053    200.050     4.2885     4.2889  32.856695  32.857504    6.39407     2.2298 2.3054e+02    -0.0585     0.0000      98.73    97.6277     0.0707     164070         11  0.000e+00
    202.086    200.082     4.2885     4.2890  32.856755  32.856702    6.38951     2.2286 2.3255e+02    -0.0585     0.0000      98.73    97.6277     0.0707     164071         11  0.000e+00
    202.053    200.050     4.2887     4.2889  32.857057  32.856702    6.39403     2.2298 2.3255e+02    -0.0585     0.0000      98.73    97.6277     0.0682     164072         11  0.000e+00
    202.021    200.018     4.2887     4.2887  32.856755  32.857160    6.39402     2.2298 2.3255e+02    -0.0585     0.0000      98.73    97.6277     0.0682     164073         11  0.000e+00
    202.053    200.050     4.2887     4.2889  32.856755  32.857332    6.38946     2.2286 2.3255e+02    -0.0585     0.0000      98.73    97.6277     0.0707     164074         11  0.000e+00
    202.021    200.018     4.2885     4.2887  32.856876  32.856873    6.39403     2.2298 2.3255e+02    -0.0585     0.0000      98.73    97.6277     0.0682     164075         11  0.000e+00
    202.086    200.083     4.2885     4.2886  32.856876  32.857046    6.39867     2.2310 2.3255e+02    -0.0585     0.0000      98.73    97.6539     0.0707     164076         11  0.000e+00
    201.996    199.994     4.2885     4.2888  32.856876  32.856701    6.38943     2.2286 2.3255e+02    -0.0585     0.0000      98.73    97.6277     0.0707     164077         11  0.000e+00
    202.021    200.018     4.2887     4.2889  32.856694  32.856873    6.38943     2.2286 2.3255e+02    -0.0585     0.0000      98.73    97.6277     0.0707     164078         11  0.000e+00
    201.996    199.994     4.2885     4.2887  32.856574  32.857045    6.39860     2.2310 2.3255e+02    -0.0585     0.0000      98.73    97.6277     0.0707     164079         11  0.000e+00
    202.021    200.018     4.2887     4.2886  32.856574  32.856874    6.38944     2.2286 2.3255e+02    -0.0585     0.0000      98.73    97.6539     0.0707     164080         11  0.000e+00
    202.053    200.050     4.2887     4.2886  32.856755  32.856702    6.38945     2.2286 2.3255e+02    -0.0658     0.0000      98.73    97.6539     0.0682     164081         11  0.000e+00
    201.964    199.962     4.2887     4.2886  32.856694  32.856587    6.39396     2.2298 2.3255e+02    -0.0585     0.0000      98.73    97.6277     0.0682     164082         11  0.000e+00
    202.021    200.018     4.2885     4.2884  32.856755  32.856701    6.38944     2.2286 2.3255e+02    -0.0585     0.0000      98.73    97.6277     0.0707     164083         11  0.000e+00
    102.298    101.309     4.4818     4.4817  32.961526  32.961613    6.50766     2.2915 2.0648e+02    -0.0585     0.0000      98.73    97.4969     0.0707     170667         12  0.000e+00
    102.258    101.269     4.4814     4.4817  32.961767  32.961613    6.50767     2.2915 2.0648e+02    -0.0585     0.0000      98.73    97.5231     0.0707     170668         12  0.000e+00
    102.299    101.309     4.4812     4.4817  32.960921  32.961556    6.50778     2.2915 2.0648e+02    -0.0585     0.0000      98.73    97.5231     0.0707     170669         12  0.000e+00
    102.315    101.325     4.4815     4.4818  32.961344  32.961900    6.50773     2.2915 2.0648e+02    -0.0585     0.0000      98.73    97.4969     0.0682     170670         12  0.000e+00
    102.234    101.245     4.4814     4.4817  32.961586  32.962187    6.50766     2.2915 2.0648e+02    -0.0585     0.0000      98.73    97.4969     0.0707     170671         12  0.000e+00
    102.372    101.381     4.4817     4.4820  32.961707  32.961843    6.50773     2.2915 2.0648e+02    -0.0585     0.0000      98.73    97.4969     0.0707     170672         12  0.000e+00
    102.355    101.365     4.4817     4.4817  32.961828  32.961614    6.50771     2.2915 2.0648e+02    -0.0585     0.0000      98.73    97.5231     0.0707     170673         12  0.000e+00
    102.299    101.309     4.4821     4.4818  32.962070  32.961900    6.50759     2.2915 2.0648e+02    -0.0658     0.0000      98.73    97.5231     0.0707     170674         12  0.000e+00
    102.372    101.381     4.4814     4.4817  32.961465  32.962475    6.50778     2.2915 2.0448e+02    -0.0658     0.0000      98.73    97.5231     0.0707     170675         12  0.000e+00
    102.412    101.422     4.4810     4.4818  32.961224  32.962130    6.50337     2.2903 2.0648e+02    -0.0585     0.0000      98.73    97.5231     0.0682     170676         12  0.000e+00
    102.372    101.381     4.4811     4.4817  32.961042  32.961901    6.50784     2.2915 2.0648e+02    -0.0658     0.0000      98.73    97.4969     0.0707     170677         12  0.000e+00
    102.356    101.365     4.4810     4.4817  32.960982  32.961614    6.50783     2.2915 2.0648e+02    -0.0585     0.0000      98.73    97.4969     0.0682     170678         12  0.000e+00
    102.372    101.382     4.4813     4.4818  32.961344  32.961843    6.50779     2.2915 2.0648e+02    -0.0585     0.0000      98.73    97.5231     0.0707     170679         12  0.000e+00
    102.413    101.422     4.4806     4.4818  32.960921  32.961614    6.50794     2.2915 2.0648e+02    -0.0585     0.0000      98.73    97.5231     0.0707     170680         12  0.000e+00
    102.413    101.422     4.4799     4.4817  32.961284  32.961901    6.50801     2.2915 2.0648e+02    -0.0512     0.0000      98.73    97.5231     0.0707     170681         12  0.000e+00
    102.437    101.446     4.4804     4.4815  32.961526  32.962188    6.50795     2.2915 2.0648e+02    -0.0658     0.0000      98.73    97.4969     0.0707     170682         12  0.000e+00
    102.478    101.486     4.4808     4.4813  32.961708  32.961557    6.50342     2.2903 2.0648e+02    -0.0585     0.0000      98.73    97.5231     0.0707     170683         12  0.000e+00
    102.437    101.446     4.4811     4.4808  32.961224  32.961614    6.50338     2.2903 2.0648e+02    -0.0585     0.0000      98.73    97.4969     0.0682     170684         12  0.000e+00
    102.413    101.422     4.4808     4.4804  32.961163  32.960982    6.50789     2.2915 2.0648e+02    -0.0585     0.0000      98.73    97.5231     0.0682     170685         12  0.000e+00
    102.494    101.502     4.4807     4.4802  32.960801  32.960925    6.50799     2.2915 2.0648e+02    -0.0585     0.0000      98.73    97.5231     0.0682     170686         12  0.000e+00
    102.478    101.486     4.4807     4.4805  32.960861  32.961270    6.50348     2.2903 2.0648e+02    -0.0585     0.0000      98.73    97.5231     0.0707     170687         12  0.000e+00
    102.494    101.502     4.4812     4.4804  32.961345  32.960695    6.50791     2.2915 2.0648e+02    -0.0585     0.0000      98.73    97.5493     0.0707     170688         12  0.000e+00
    102.478    101.486     4.4818     4.4805  32.961949  32.960695    6.50777     2.2915 2.0648e+02    -0.0585     0.0000      98.73    97.5231     0.0707     170689         12  0.000e+00
    102.478    101.486     4.4820     4.4804  32.962312  32.960638    6.50773     2.2915 2.0648e+02    -0.0585     0.0000      98.73    97.5231     0.0682     170690         12  0.000e+00
    102.494    101.502     4.4823     4.4802  32.962615  32.960982    6.50769     2.2915 2.0648e+02    -0.0585     0.0000      98.73    97.5231     0.0682     170691         12  0.000e+00
    102.478    101.486     4.4823     4.4799  32.962917  32.960982    6.50767     2.2915 2.0648e+02    -0.0585     0.0000      98.73    97.5231     0.0707     170692         12  0.000e+00
    102.559    101.567     4.4820     4.4801  32.962373  32.960638    6.50780     2.2915 2.0648e+02    -0.0585     0.0000      98.73    97.4969     0.0707     170693         12  0.000e+00
    102.478    101.486     4.4820     4.4802  32.962554  32.960408    6.50772     2.2915 2.0648e+02    -0.0585     0.0000      98.73    97.5231     0.0707     170694         12  0.000e+00
    102.559    101.567     4.4822     4.4803  32.962554  32.960696    6.50777     2.2915 2.0648e+02    -0.0585     0.0000      98.73    97.4969     0.0707     170695         12  0.000e+00
    102.535    101.543     4.4828     4.4799  32.962615  32.960696    6.50766     2.2915 2.0648e+02    -0.0585     0.0000      98.73    97.4969     0.0682     170696         12  0.000e+00
    102.478    101.487     4.4831     4.4793  32.962917  32.960638    6.50756     2.2915 2.0448e+02    -0.0585     0.0000      98.73    97.4969     0.0707     170697         12  0.000e+00
    102.559    101.567     4.4831     4.4791  32.962857  32.959777    6.50763     2.2915 2.0648e+02    -0.0585     0.0000      98.73    97.4969     0.0707     170698         12  0.000e+00
    102.535    101.543     4.4833     4.4799  32.962736  32.959203    6.50759     2.2915 2.0648e+02    -0.0585     0.0000      98.73    97.4708     0.0707     170699         12  0.000e+00
    102.494    101.503     4.4804     4.4826  32.960982  32.959145    6.50351     2.2903 2.0448e+02    -0.0585     0.0000      98.73    97.4969     0.0682     170700         12  0.000e+00
    102.478    101.487     4.4733     4.4850  32.956749  32.960408    6.50911     2.2915 2.0448e+02    -0.0585     0.0000      98.73    97.4969     0.0707     170701         12  0.000e+00
    102.559    101.567     4.4694     4.4863  32.952457  32.962188    6.50989     2.2915 2.0648e+02    -0.0585     0.0000      98.73    97.4969     0.0707     170702         12  0.000e+00
    102.535    101.543     4.4672     4.4868  32.949796  32.964255    6.51029     2.2915 2.0648e+02    -0.0585     0.0000      98.73    97.5231     0.0707     170703         12  0.000e+00
    102.478    101.487     4.4664     4.4872  32.948889  32.965518    6.51039     2.2915 2.0648e+02    -0.0585     0.0000      98.73    97.4969     0.0707     170704         12  0.000e+00
    102.559    101.567     4.4656     4.4873  32.947861  32.965805    6.51061     2.2915 2.0648e+02    -0.0585     0.0000      98.73    97.4969     0.0707     170705         12  0.000e+00
    102.535    101.543     4.4650     4.4873  32.947075  32.966092    6.51071     2.2915 2.0648e+02    -0.0585     0.0000      98.73    97.5231     0.0707     170706         12  0.000e+00
    102.494    101.503     4.4650     4.4855  32.946894  32.965805    6.51068     2.2915 2.0648e+02    -0.0585     0.0000      98.73    97.4969     0.0707     170707         12  0.000e+00
    102.478    101.487     4.4651     4.4827  32.947196  32.964600    6.51063     2.2915 2.0448e+02    -0.0585     0.0000      98.73    97.4969     0.0682     170708         12  0.000e+00
    102.559    101.567     4.4656     4.4818  32.947438  32.962763    6.51063     2.2915 2.0648e+02    -0.0658     0.0000      98.73    97.4969     0.0707     170709         12  0.000e+00
    102.478    101.487     4.4660     4.4815  32.947498  32.962475    6.50601     2.2903 2.0648e+02    -0.0585     0.0000      98.73    97.4969     0.0707     170710         12  0.000e+00
    102.535    101.543     4.4661     4.4813  32.947559  32.961844    6.50603     2.2903 2.0448e+02    -0.0585     0.0000      98.73    97.4969     0.0707     170711         12  0.000e+00
    102.438    101.447     4.4664     4.4818  32.948405  32.961614    6.51037     2.2915 2.0648e+02    -0.0585     0.0000      98.73    97.4969     0.0682     170712         12  0.000e+00
    102.478    101.487     4.4669     4.4826  32.948284  32.961901    6.51035     2.2915 2.0648e+02    -0.0585     0.0000      98.73    97.5231     0.0707     170713         12  0.000e+00
    102.495    101.503     4.4671     4.4829  32.948284  32.962762    6.51034     2.2915 2.0448e+02    -0.0585     0.0000      98.73    97.4708     0.0682     170714         12  0.000e+00
    102.478    101.487     4.4671     4.4828  32.948042  32.963107    6.51034     2.2915 2.0648e+02    -0.0585     0.0000      98.73    97.4446     0.0682     170715         12  0.000e+00
