Ship_data/Irminger/Irminger-2/ctd/process/OOI/at30_009.cnv
* Sea-Bird SBE 9 Data File:
* FileName = C:\data\ctd\at30_009.hex
* Software Version Seasave V 7.21f
* Temperature SN = 2265
* Conductivity SN = 3021
* Number of Bytes Per Scan = 40
* Number of Voltage Words = 5
* Number of Scans Averaged by the Deck Unit = 1
* NMEA Latitude = 59 42.40 N
* NMEA Longitude = 039 19.92 W
* NMEA UTC (Time) = Aug 19 2015  15:06:00
** FLMB 1 for cal
# nquan = 21
# nvalues = 2854                        
# units = specified
# name 0 = prDM: Pressure, Digiquartz [db]
# name 1 = depSM: Depth [salt water, m]
# name 2 = t090C: Temperature [ITS-90, deg C]
# name 3 = t190C: Temperature, 2 [ITS-90, deg C]
# name 4 = c0mS/cm: Conductivity [mS/cm]
# name 5 = c1mS/cm: Conductivity, 2 [mS/cm]
# name 6 = sbeox0ML/L: Oxygen, SBE 43 [ml/l]
# name 7 = sbeox0V: Oxygen raw, SBE 43 [V]
# name 8 = spar: SPAR/Surface Irradiance
# name 9 = flECO-AFL: Fluorescence, WET Labs ECO-AFL/FL [mg/m^3]
# name 10 = v2: Voltage 2
# name 11 = altM: Altimeter [m]
# name 12 = CStarTr0: Beam Transmission, WET Labs C-Star [%]
# name 13 = turbWETntu0: Turbidity, WET Labs ECO [NTU]
# name 14 = scan: Scan Count
# name 15 = sbeox0ML/L: Oxygen, SBE 43 [ml/l], WS = 2
# name 16 = sbeox0dOV/dT: Oxygen, SBE 43 [dov/dt], WS = 2
# name 17 = sal00: Salinity, Practical [PSU]
# name 18 = sal11: Salinity, Practical, 2 [PSU]
# name 19 = nbin: number of scans per bin
# name 20 = flag: flag
# span 0 =      2.000,   2856.000       
# span 1 =      1.981,   2810.074       
# span 2 =     1.5359,     8.3321       
# span 3 =     1.5350,     8.3325       
# span 4 =  31.493138,  36.380495       
# span 5 =  31.490707,  36.380703       
# span 6 =    5.98807,    6.97636       
# span 7 =     1.6676,     2.5212       
# span 8 = 2.5073e+02, 4.1920e+02       
# span 9 =    -0.0318,     2.1160       
# span 10 =     0.0000,     0.0000      
# span 11 =      14.92,     104.74      
# span 12 =    92.7624,    97.6017      
# span 13 =     0.0730,     0.1351      
# span 14 =        789,     191069      
# span 15 =    5.98803,    6.97729      
# span 16 =    0.00000,    0.00000      
# span 17 =    34.8422,    34.9409      
# span 18 =    34.8407,    34.9411      
# span 19 =         21,        132      
# span 20 = 0.0000e+00, 0.0000e+00      
# interval = decibars: 2                
# start_time = Aug 19 2015 15:06:00 [NMEA time, header]
# bad_flag = -9.990e-29
*END*
[from data line 1587]
   2534.000   2495.113     2.5080     2.5066  32.234096  32.232156    6.21180     1.6874 3.4796e+02    -0.0202     0.0000      98.78    97.5313     0.0731      91805    6.21160    0.00000    34.9149    34.9140         40 0.0000e+00
   2532.000   2493.155     2.5134     2.5102  32.238234  32.234848    6.21246     1.6880 3.4868e+02    -0.0202     0.0000      98.78    97.5301     0.0731      91852    6.21250    0.00000    34.9151    34.9144         57 0.0000e+00
   2530.000   2491.197     2.5160     2.5131  32.239828  32.236230    6.21161     1.6882 3.4887e+02    -0.0200     0.0000      98.78    97.5379     0.0731      91909    6.21161    0.00000    34.9152    34.9139         48 0.0000e+00
   2528.000   2489.239     2.5220     2.5219  32.244319  32.243487    6.20730     1.6879 3.5089e+02    -0.0209     0.0000      98.78    97.5442     0.0731      91949    6.20723    0.00000    34.9152    34.9143         39 0.0000e+00
   2526.000   2487.281     2.5277     2.5248  32.248912  32.245971    6.20738     1.6885 3.5251e+02    -0.0207     0.0000      98.78    97.5439     0.0731      91997    6.20729    0.00000    34.9156    34.9151         60 0.0000e+00
   2524.000   2485.324     2.5331     2.5285  32.253089  32.247913    6.20927     1.6893 3.5349e+02    -0.0201     0.0000      98.78    97.5429     0.0731      92056    6.20895    0.00000    34.9159    34.9145         46 0.0000e+00
   2522.000   2483.366     2.5429     2.5430  32.261661  32.260921    6.20738     1.6895 3.5596e+02    -0.0207     0.0000      98.78    97.5466     0.0731      92095    6.20705    0.00000    34.9168    34.9157         37 0.0000e+00
   2520.000   2481.408     2.5508     2.5467  32.268248  32.263873    6.20365     1.6896 3.5767e+02    -0.0206     0.0000      98.78    97.5492     0.0731      92137    6.20431    0.00000    34.9172    34.9163         50 0.0000e+00
   2518.000   2479.450     2.5542     2.5493  32.270586  32.265355    6.20168     1.6896 3.5893e+02    -0.0202     0.0000      98.78    97.5493     0.0731      92188    6.20200    0.00000    34.9174    34.9163         45 0.0000e+00
   2516.000   2477.492     2.5646     2.5617  32.279216  32.275735    6.19769     1.6896 3.6002e+02    -0.0201     0.0000      98.78    97.5493     0.0731      92229    6.19850    0.00000    34.9177    34.9165         42 0.0000e+00
   2514.000   2475.535     2.5691     2.5657  32.282216  32.278734    6.19472     1.6895 3.6110e+02    -0.0199     0.0000      98.78    97.5493     0.0731      92282    6.19550    0.00000    34.9175    34.9168         63 0.0000e+00
   2512.000   2473.576     2.5722     2.5738  32.283974  32.284771    6.19174     1.6892 3.6128e+02    -0.0198     0.0000      98.78    97.5493     0.0731      92336    6.19153    0.00000    34.9172    34.9165         42 0.0000e+00
   2510.000   2471.618     2.5741     2.5743  32.284683  32.284355    6.18729     1.6887 3.6285e+02    -0.0202     0.0000      98.78    97.5493     0.0731      92375    6.18703    0.00000    34.9170    34.9164         39 0.0000e+00
   2508.000   2469.661     2.5769     2.5761  32.286325  32.285204    6.18595     1.6889 3.6330e+02    -0.0202     0.0000      98.78    97.5493     0.0731      92422    6.18592    0.00000    34.9169    34.9164         62 0.0000e+00
   2506.000   2467.703     2.5769     2.5771  32.285415  32.285183    6.18670     1.6893 3.6281e+02    -0.0201     0.0000      98.78    97.5493     0.0731      92484    6.18656    0.00000    34.9168    34.9163         46 0.0000e+00
   2504.000   2465.745     2.5802     2.5809  32.287179  32.287119    6.18478     1.6893 3.6461e+02    -0.0212     0.0000      98.78    97.5493     0.0731      92519    6.18457    0.00000    34.9163    34.9155         32 0.0000e+00
   2502.000   2463.787     2.5914     2.5852  32.297039  32.290382    6.18296     1.6897 3.6574e+02    -0.0194     0.0000      98.78    97.5493     0.0731      92552    6.18271    0.00000    34.9173    34.9158         40 0.0000e+00
   2500.000   2461.829     2.5883     2.5877  32.293332  32.292252    6.18644     1.6906 3.6532e+02    -0.0192     0.0000      98.78    97.5485     0.0731      92618    6.18650    0.00000    34.9170    34.9163         74 0.0000e+00
   2498.000   2459.871     2.6060     2.6044  32.309786  32.306221    6.18338     1.6909 3.6598e+02    -0.0207     0.0000      98.78    97.5523     0.0731      92667    6.18327    0.00000    34.9190    34.9163         36 0.0000e+00
   2496.000   2457.913     2.6261     2.6208  32.328400  32.322281    6.17806     1.6909 3.6674e+02    -0.0200     0.0000      98.78    97.5593     0.0731      92704    6.17791    0.00000    34.9210    34.9193         42 0.0000e+00
   2494.000   2455.955     2.6360     2.6306  32.337642  32.330913    6.17396     1.6908 3.6715e+02    -0.0197     0.0000      98.78    97.5545     0.0731      92752    6.17378    0.00000    34.9226    34.9203         50 0.0000e+00
   2492.000   2453.997     2.6370     2.6420  32.337678  32.341906    6.16743     1.6899 3.6754e+02    -0.0202     0.0000      98.78    97.5563     0.0731      92799    6.16740    0.00000    34.9225    34.9223         44 0.0000e+00
   2490.000   2452.038     2.6376     2.6397  32.336643  32.338493    6.16051     1.6889 3.6701e+02    -0.0212     0.0000      98.78    97.5541     0.0731      92847    6.16034    0.00000    34.9216    34.9215         54 0.0000e+00
   2488.000   2450.081     2.6363     2.6372  32.333899  32.334402    6.15179     1.6875 3.6695e+02    -0.0202     0.0000      98.78    97.5598     0.0731      92897    6.15165    0.00000    34.9205    34.9202         43 0.0000e+00
   2486.000   2448.122     2.6396     2.6394  32.336204  32.335288    6.14704     1.6870 3.6734e+02    -0.0206     0.0000      98.78    97.5609     0.0731      92937    6.14691    0.00000    34.9207    34.9199         41 0.0000e+00
   2484.000   2446.164     2.6410     2.6412  32.336816  32.336379    6.14693     1.6874 3.6605e+02    -0.0204     0.0000      98.78    97.5626     0.0731      92988    6.14685    0.00000    34.9209    34.9203         62 0.0000e+00
   2482.000   2444.206     2.6432     2.6433  32.338012  32.337358    6.14952     1.6883 3.6486e+02    -0.0205     0.0000      98.78    97.5598     0.0731      93046    6.14955    0.00000    34.9210    34.9201         47 0.0000e+00
   2480.000   2442.248     2.6463     2.6456  32.340359  32.338928    6.14845     1.6885 3.6534e+02    -0.0188     0.0000      98.78    97.5589     0.0731      93087    6.14848    0.00000    34.9215    34.9206         38 0.0000e+00
   2478.000   2440.289     2.6531     2.6512  32.346120  32.343457    6.14696     1.6887 3.6500e+02    -0.0200     0.0000      98.78    97.5622     0.0731      93127    6.14691    0.00000    34.9221    34.9210         44 0.0000e+00
   2476.000   2438.331     2.6541     2.6537  32.346560  32.345539    6.14528     1.6887 3.6372e+02    -0.0202     0.0000      98.78    97.5619     0.0731      93179    6.14521    0.00000    34.9226    34.9217         58 0.0000e+00
   2474.000   2436.373     2.6552     2.6580  32.346626  32.348606    6.14177     1.6884 3.6292e+02    -0.0202     0.0000      98.78    97.5660     0.0731      93231    6.14168    0.00000    34.9224    34.9218         43 0.0000e+00
   2472.000   2434.415     2.6610     2.6601  32.350861  32.349329    6.13744     1.6881 3.6301e+02    -0.0192     0.0000      98.78    97.5586     0.0731      93270    6.13726    0.00000    34.9223    34.9214         38 0.0000e+00
   2470.000   2432.457     2.6632     2.6620  32.352180  32.350589    6.13545     1.6881 3.6235e+02    -0.0202     0.0000      98.78    97.5525     0.0731      93314    6.13536    0.00000    34.9224    34.9218         53 0.0000e+00
   2468.000   2430.498     2.6652     2.6636  32.353238  32.351088    6.13509     1.6884 3.6078e+02    -0.0208     0.0000      98.78    97.5630     0.0731      93375    6.13494    0.00000    34.9226    34.9217         60 0.0000e+00
   2466.000   2428.540     2.6714     2.6744  32.358244  32.360233    6.13276     1.6884 3.6106e+02    -0.0206     0.0000      98.78    97.5673     0.0731      93422    6.13256    0.00000    34.9229    34.9222         39 0.0000e+00
   2464.000   2426.581     2.6772     2.6766  32.362934  32.361589    6.13179     1.6888 3.6249e+02    -0.0192     0.0000      98.78    97.5634     0.0731      93459    6.13163    0.00000    34.9233    34.9224         38 0.0000e+00
   2462.000   2424.623     2.6796     2.6790  32.364508  32.363310    6.13312     1.6894 3.6277e+02    -0.0210     0.0000      98.78    97.5600     0.0731      93505    6.13304    0.00000    34.9237    34.9228         53 0.0000e+00
   2460.000   2422.665     2.6819     2.6837  32.365866  32.366725    6.12879     1.6890 3.6344e+02    -0.0193     0.0000      98.78    97.5665     0.0731      93555    6.12858    0.00000    34.9238    34.9229         45 0.0000e+00
   2458.000   2420.706     2.6855     2.6851  32.368417  32.367464    6.12738     1.6891 3.6478e+02    -0.0194     0.0000      98.78    97.5547     0.0731      93601    6.12716    0.00000    34.9240    34.9232         50 0.0000e+00
   2456.000   2418.748     2.6883     2.6888  32.370171  32.369983    6.12491     1.6891 3.6576e+02    -0.0198     0.0000      98.78    97.5613     0.0731      93653    6.12480    0.00000    34.9240    34.9234         48 0.0000e+00
   2454.000   2416.790     2.6900     2.6906  32.370997  32.370974    6.12088     1.6887 3.6767e+02    -0.0205     0.0000      98.78    97.5611     0.0731      93700    6.12091    0.00000    34.9242    34.9235         53 0.0000e+00
   2452.000   2414.831     2.6898     2.6913  32.370088  32.370846    6.12220     1.6892 3.6882e+02    -0.0198     0.0000      98.78    97.5649     0.0731      93767    6.12211    0.00000    34.9242    34.9236         72 0.0000e+00
   2450.000   2412.873     2.6931     2.6940  32.372025  32.372284    6.12221     1.6896 3.7071e+02    -0.0197     0.0000      98.78    97.5624     0.0731      93827    6.12202    0.00000    34.9240    34.9234         55 0.0000e+00
   2448.000   2410.914     2.6919     2.6928  32.370150  32.370432    6.12166     1.6898 3.7090e+02    -0.0208     0.0000      98.78    97.5639     0.0731      93924    6.12154    0.00000    34.9240    34.9233         76 0.0000e+00
   2446.000   2408.956     2.6920     2.6929  32.369301  32.369576    6.12338     1.6904 3.7267e+02    -0.0205     0.0000      98.78    97.5570     0.0731      94059    6.12333    0.00000    34.9237    34.9232         79 0.0000e+00
   2444.000   2406.997     2.6922     2.6931  32.368226  32.368463    6.12621     1.6912 3.7348e+02    -0.0205     0.0000      98.78    97.5610     0.0731      94176    6.12594    0.00000    34.9232    34.9226         75 0.0000e+00
   2442.000   2405.039     2.6927     2.6932  32.367903  32.367783    6.13380     1.6930 3.7340e+02    -0.0194     0.0000      98.78    97.5582     0.0731      94355    6.13365    0.00000    34.9232    34.9226         90 0.0000e+00
   2440.000   2403.080     2.6999     2.6998  32.374012  32.373154    6.13184     1.6932 3.7355e+02    -0.0208     0.0000      98.78    97.5662     0.0731      94497    6.13135    0.00000    34.9239    34.9229         80 0.0000e+00
   2438.000   2401.122     2.7004     2.7012  32.372831  32.373023    6.12703     1.6926 3.7222e+02    -0.0196     0.0000      98.78    97.5650     0.0731      94693    6.12698    0.00000    34.9229    34.9223         67 0.0000e+00
   2436.000   2399.163     2.6997     2.7005  32.370070  32.370198    6.14364     1.6961 3.6740e+02    -0.0203     0.0000      98.78    97.5563     0.0731      95906    6.14366    0.00000    34.9212    34.9205         73 0.0000e+00
   2434.000   2397.204     2.7035     2.7036  32.372658  32.372036    6.15219     1.6981 3.6544e+02    -0.0201     0.0000      98.78    97.5574     0.0731      96488    6.15210    0.00000    34.9213    34.9204         81 0.0000e+00
   2432.000   2395.246     2.7127     2.7106  32.380867  32.378059    6.14991     1.6983 3.6487e+02    -0.0197     0.0000      98.78    97.5660     0.0731      96563    6.14984    0.00000    34.9223    34.9212         61 0.0000e+00
   2430.000   2393.287     2.7191     2.7158  32.386699  32.382699    6.14450     1.6978 3.6380e+02    -0.0201     0.0000      98.78    97.5695     0.0731      96648    6.14444    0.00000    34.9235    34.9222        101 0.0000e+00
   2428.000   2391.329     2.7262     2.7219  32.392967  32.387974    6.13601     1.6967 3.6275e+02    -0.0197     0.0000      98.78    97.5756     0.0731      96734    6.13574    0.00000    34.9244    34.9230         55 0.0000e+00
   2426.000   2389.370     2.7373     2.7346  32.402728  32.399808    6.13043     1.6963 3.6247e+02    -0.0198     0.0000      98.78    97.5751     0.0731      96786    6.13006    0.00000    34.9253    34.9246         53 0.0000e+00
   2424.000   2387.411     2.7303     2.7338  32.394280  32.397826    6.12766     1.6959 3.6133e+02    -0.0192     0.0000      98.78    97.5706     0.0731      96858    6.12764    0.00000    34.9235    34.9241         88 0.0000e+00
   2422.000   2385.452     2.7306     2.7322  32.393259  32.394568    6.12218     1.6952 3.5961e+02    -0.0195     0.0000      98.78    97.5693     0.0731      96925    6.12198    0.00000    34.9229    34.9229         37 0.0000e+00
   2420.000   2383.494     2.7351     2.7351  32.396476  32.395908    6.12095     1.6954 3.6153e+02    -0.0194     0.0000      98.78    97.5650     0.0731      96958    6.12076    0.00000    34.9229    34.9222         35 0.0000e+00
   2418.000   2381.535     2.7354     2.7351  32.395860  32.395121    6.12596     1.6967 3.6160e+02    -0.0197     0.0000      98.78    97.5666     0.0731      97021    6.12588    0.00000    34.9229    34.9223         67 0.0000e+00
   2416.000   2379.576     2.7396     2.7384  32.398649  32.396867    6.12755     1.6974 3.6126e+02    -0.0202     0.0000      98.78    97.5672     0.0731      97086    6.12736    0.00000    34.9227    34.9218         38 0.0000e+00
   2414.000   2377.617     2.7460     2.7447  32.403865  32.401906    6.12520     1.6975 3.6310e+02    -0.0201     0.0000      98.78    97.5661     0.0731      97122    6.12495    0.00000    34.9231    34.9222         37 0.0000e+00
   2412.000   2375.659     2.7501     2.7469  32.407081  32.403334    6.12453     1.6978 3.6472e+02    -0.0203     0.0000      98.78    97.5626     0.0731      97160    6.12424    0.00000    34.9235    34.9225         42 0.0000e+00
   2410.000   2373.700     2.7584     2.7534  32.414309  32.409133    6.12428     1.6983 3.6469e+02    -0.0206     0.0000      98.78    97.5728     0.0731      97216    6.12406    0.00000    34.9244    34.9234         69 0.0000e+00
   2408.000   2371.741     2.7611     2.7568  32.416089  32.411014    6.12473     1.6989 3.6357e+02    -0.0204     0.0000      98.78    97.5755     0.0731      97276    6.12460    0.00000    34.9246    34.9230         44 0.0000e+00
   2406.000   2369.782     2.7667     2.7648  32.420070  32.417611    6.12177     1.6990 3.6610e+02    -0.0195     0.0000      98.78    97.5507     0.0731      97313    6.12307    0.00000    34.9244    34.9234         34 0.0000e+00
   2404.000   2367.823     2.7728     2.7697  32.424904  32.421289    6.11983     1.6990 3.6737e+02    -0.0199     0.0000      98.78    97.5638     0.0731      97354    6.12019    0.00000    34.9247    34.9236         58 0.0000e+00
   2402.000   2365.864     2.7727     2.7729  32.424049  32.423541    6.11915     1.6990 3.6543e+02    -0.0202     0.0000      98.78    97.5737     0.0731      97426    6.11836    0.00000    34.9247    34.9239         59 0.0000e+00
   2400.000   2363.906     2.7858     2.7827  32.435770  32.431633    6.11588     1.6990 3.6606e+02    -0.0206     0.0000      98.78    97.5754     0.0731      97464    6.11450    0.00000    34.9258    34.9241         35 0.0000e+00
