Ship_data/Irminger/Irminger-2/ctd/process/OOI/at30_001.cnv
* Sea-Bird SBE 9 Data File:
* FileName = C:\data\ctd\at30_001.hex
* Software Version Seasave V 7.21f
* Temperature SN = 2265
* Conductivity SN = 3021
* Number of Bytes Per Scan = 40
* Number of Voltage Words = 5
* Number of Scans Averaged by the Deck Unit = 1
* NMEA Latitude = 42 32.87 N
* NMEA Longitude = 062 35.04 W
* NMEA UTC (Time) = Aug 07 2015  12:39:53
# nquan = 21
# nvalues = 1506                        
# units = specified
# name 0 = prDM: Pressure, Digiquartz [db]
# name 1 = depSM: Depth [salt water, m]
# name 2 = t090C: Temperature [ITS-90, deg C]
# name 3 = t190C: Temperature, 2 [ITS-90, deg C]
# name 4 = c0mS/cm: Conductivity [mS/cm]
# name 5 = c1mS/cm: Conductivity, 2 [mS/cm]
# name 6 = sbeox0ML/L: Oxygen, SBE 43 [ml/l]
# name 7 = sbeox0V: Oxygen raw, SBE 43 [V]
# name 8 = spar: SPAR/Surface Irradiance
# name 9 = flECO-AFL: Fluorescence, WET Labs ECO-AFL/FL [mg/m^3]
# name 10 = v2: Voltage 2
# name 11 = altM: Altimeter [m]
# name 12 = CStarTr0: Beam Transmission, WET Labs C-Star [%]
# name 13 = turbWETntu0: Turbidity, WET Labs ECO [NTU]
# name 14 = scan: Scan Count
# name 15 = sbeox0ML/L: Oxygen, SBE 43 [ml/l], WS = 2
# name 16 = sbeox0dOV/dT: Oxygen, SBE 43 [dov/dt], WS = 2
# name 17 = sal00: Salinity, Practical [PSU]
# name 18 = sal11: Salinity, Practical, 2 [PSU]
# name 19 = nbin: number of scans per bin
# name 20 = flag: flag
# span 0 =      2.000,   1508.000       
# span 1 =      1.984,   1490.704       
# span 2 =     3.9620,    21.4479       
# span 3 =     3.9627,    21.4481       
# span 4 =  33.144237,  46.795615       
# span 5 =  33.144100,  46.812078       
# span 6 =    3.04173,    6.53870       
# span 7 =     1.4378,     2.8559       
# span 8 = 1.1966e+03, 2.0220e+03       
# span 9 =    -0.0201,     1.5116       
# span 10 =     0.0000,     0.0000      
# span 11 =      80.06,      99.86      
# span 12 =    92.0687,    97.6044      
# span 13 =     0.0642,     0.1502      
# span 14 =        386,     181772      
# span 15 =    3.04146,    6.54005      
# span 16 =    0.00000,    0.00000      
# span 17 =    31.9637,    35.7073      
# span 18 =    31.9633,    35.7065      
# span 19 =         34,        249      
# span 20 = 0.0000e+00, 0.0000e+00      
# interval = decibars: 2                
# start_time = Aug 07 2015 12:39:53 [NMEA time, header]
# bad_flag = -9.990e-29
*END*
[from data line 1035]
    944.000    934.424     4.4749     4.4734  33.378988  33.376906    5.64318     1.8985 1.5126e+03    -0.0119     0.0000      98.78    97.6011     0.0707     152635    5.64299    0.00000    34.9711    34.9702         48 0.0000e+00
    942.000    932.449     4.4750     4.4755  33.377973  33.377797    5.64427     1.8991 1.5061e+03    -0.0116     0.0000      98.78    97.6016     0.0707     152689    5.64397    0.00000    34.9708    34.9701         55 0.0000e+00
    940.000    930.474     4.4755     4.4758  33.377278  33.376968    5.64288     1.8992 1.5078e+03    -0.0122     0.0000      98.78    97.6016     0.0707     152740    5.64296    0.00000    34.9705    34.9699         47 0.0000e+00
    938.000    928.499     4.4763     4.4764  33.376973  33.376490    5.64136     1.8992 1.5148e+03    -0.0125     0.0000      98.78    97.5992     0.0707     152784    5.64139    0.00000    34.9703    34.9696         43 0.0000e+00
    936.000    926.523     4.4774     4.4774  33.377092  33.376447    5.64050     1.8993 1.5224e+03    -0.0125     0.0000      98.78    97.5854     0.0707     152827    5.64024    0.00000    34.9703    34.9695         44 0.0000e+00
    934.000    924.548     4.4783     4.4784  33.377041  33.376617    5.63961     1.8995 1.5255e+03    -0.0125     0.0000      98.78    97.5821     0.0707     152872    5.63940    0.00000    34.9704    34.9697         47 0.0000e+00
    932.000    922.573     4.4811     4.4801  33.378832  33.377267    5.63925     1.8999 1.5186e+03    -0.0121     0.0000      98.78    97.5852     0.0707     152925    5.63896    0.00000    34.9705    34.9697         55 0.0000e+00
    930.000    920.597     4.4874     4.4854  33.384029  33.381252    5.63812     1.9002 1.5097e+03    -0.0113     0.0000      98.78    97.5911     0.0707     152976    5.63781    0.00000    34.9710    34.9698         46 0.0000e+00
    928.000    918.622     4.4879     4.4879  33.383645  33.382943    5.63708     1.9003 1.5139e+03    -0.0120     0.0000      98.78    97.5931     0.0707     153021    5.63678    0.00000    34.9710    34.9702         47 0.0000e+00
    926.000    916.647     4.4908     4.4900  33.385732  33.384226    5.63715     1.9008 1.5195e+03    -0.0115     0.0000      98.78    97.5985     0.0707     153071    5.63695    0.00000    34.9713    34.9704         49 0.0000e+00
    924.000    914.671     4.4976     4.4944  33.391507  33.387370    5.63420     1.9005 1.5073e+03    -0.0123     0.0000      98.78    97.5584     0.0707     153115    5.63338    0.00000    34.9720    34.9706         39 0.0000e+00
    922.000    912.695     4.5029     4.5014  33.395494  33.393294    5.63050     1.9004 1.4972e+03    -0.0119     0.0000      98.78    97.5900     0.0707     153157    5.63054    0.00000    34.9721    34.9711         50 0.0000e+00
    920.000    910.720     4.5062     4.5058  33.397518  33.396396    5.62832     1.9003 1.5002e+03    -0.0118     0.0000      98.78    97.5939     0.0707     153215    5.62811    0.00000    34.9720    34.9711         57 0.0000e+00
    918.000    908.745     4.5082     4.5075  33.398368  33.396963    5.62574     1.9001 1.5016e+03    -0.0117     0.0000      98.78    97.5905     0.0707     153263    5.62560    0.00000    34.9719    34.9710         45 0.0000e+00
    916.000    906.769     4.5097     4.5096  33.398824  33.398019    5.62279     1.8998 1.4946e+03    -0.0125     0.0000      98.78    97.5893     0.0707     153308    5.62269    0.00000    34.9719    34.9711         43 0.0000e+00
    914.000    904.794     4.5091     4.5099  33.396913  33.397359    5.62169     1.8999 1.4991e+03    -0.0122     0.0000      98.78    97.5871     0.0707     153349    5.62160    0.00000    34.9713    34.9710         41 0.0000e+00
    912.000    902.818     4.5058     4.5073  33.392252  33.393289    5.62216     1.9002 1.5022e+03    -0.0117     0.0000      98.78    97.5815     0.0707     153395    5.62208    0.00000    34.9704    34.9700         54 0.0000e+00
    910.000    900.843     4.5053     4.5062  33.390570  33.390932    5.62235     1.9006 1.4996e+03    -0.0119     0.0000      98.78    97.5753     0.0707     153450    5.62226    0.00000    34.9700    34.9694         51 0.0000e+00
    908.000    898.867     4.5060     4.5063  33.390287  33.389939    5.62435     1.9015 1.4966e+03    -0.0121     0.0000      98.78    97.5788     0.0707     153498    5.62421    0.00000    34.9699    34.9692         46 0.0000e+00
    906.000    896.892     4.5066     4.5067  33.389844  33.389364    5.62380     1.9017 1.4975e+03    -0.0127     0.0000      98.78    97.5843     0.0707     153545    5.62365    0.00000    34.9698    34.9691         50 0.0000e+00
    904.000    894.916     4.5078     4.5079  33.390111  33.389528    5.62532     1.9025 1.5064e+03    -0.0124     0.0000      98.78    97.5788     0.0707     153594    5.62513    0.00000    34.9698    34.9690         45 0.0000e+00
    902.000    892.940     4.5079     4.5080  33.388900  33.388490    5.62200     1.9020 1.5172e+03    -0.0125     0.0000      98.78    97.5754     0.0707     153636    5.62188    0.00000    34.9693    34.9687         40 0.0000e+00
    900.000    890.964     4.5100     4.5096  33.390083  33.389011    5.62187     1.9024 1.5235e+03    -0.0126     0.0000      98.78    97.5755     0.0707     153677    5.62174    0.00000    34.9695    34.9686         42 0.0000e+00
    898.000    888.989     4.5157     4.5155  33.394684  33.393775    5.62381     1.9035 1.5236e+03    -0.0129     0.0000      98.78    97.5779     0.0707     153733    5.62361    0.00000    34.9699    34.9690         70 0.0000e+00
    896.000    887.013     4.5183     4.5179  33.396170  33.394953    5.62370     1.9039 1.5308e+03    -0.0126     0.0000      98.78    97.5816     0.0707     153792    5.62348    0.00000    34.9699    34.9689         43 0.0000e+00
    894.000    885.038     4.5193     4.5193  33.396119  33.395452    5.61869     1.9031 1.5337e+03    -0.0125     0.0000      98.78    97.5769     0.0707     153830    5.61857    0.00000    34.9698    34.9690         37 0.0000e+00
    892.000    883.062     4.5198     4.5200  33.395553  33.395214    5.61761     1.9032 1.5331e+03    -0.0120     0.0000      98.78    97.5584     0.0707     153870    5.61749    0.00000    34.9697    34.9690         44 0.0000e+00
    890.000    881.086     4.5238     4.5227  33.398440  33.396669    5.61808     1.9039 1.5253e+03    -0.0123     0.0000      98.78    97.5487     0.0707     153917    5.61831    0.00000    34.9698    34.9689         50 0.0000e+00
    888.000    879.110     4.5270     4.5264  33.400444  33.399233    5.61661     1.9040 1.5208e+03    -0.0127     0.0000      98.78    97.5826     0.0707     153971    5.61689    0.00000    34.9698    34.9690         56 0.0000e+00
    886.000    877.134     4.5351     4.5319  33.406820  33.403044    5.61394     1.9039 1.5153e+03    -0.0122     0.0000      98.78    97.5758     0.0707     154021    5.61383    0.00000    34.9698    34.9687         45 0.0000e+00
    884.000    875.159     4.5414     4.5386  33.411885  33.408506    5.61380     1.9045 1.5135e+03    -0.0126     0.0000      98.78    97.5754     0.0707     154065    5.61367    0.00000    34.9700    34.9690         43 0.0000e+00
    882.000    873.183     4.5452     4.5440  33.414646  33.412786    5.61313     1.9048 1.5031e+03    -0.0118     0.0000      98.78    97.5778     0.0707     154109    5.61300    0.00000    34.9703    34.9694         46 0.0000e+00
    880.000    871.207     4.5444     4.5450  33.412325  33.412560    5.60864     1.9041 1.4859e+03    -0.0131     0.0000      98.78    97.5768     0.0707     154156    5.60861    0.00000    34.9694    34.9691         48 0.0000e+00
    878.000    869.231     4.5419     4.5431  33.408728  33.409521    5.60753     1.9040 1.4852e+03    -0.0130     0.0000      98.78    97.5682     0.0707     154206    5.60730    0.00000    34.9689    34.9686         52 0.0000e+00
    876.000    867.255     4.5474     4.5458  33.413126  33.410598    5.60568     1.9039 1.5029e+03    -0.0123     0.0000      98.78    97.5682     0.0707     154257    5.60470    0.00000    34.9693    34.9680         46 0.0000e+00
    874.000    865.279     4.5555     4.5519  33.420230  33.415751    5.60255     1.9039 1.5070e+03    -0.0116     0.0000      98.78    97.5729     0.0707     154298    5.60205    0.00000    34.9701    34.9686         40 0.0000e+00
    872.000    863.303     4.5605     4.5596  33.424409  33.422718    5.60202     1.9044 1.4898e+03    -0.0126     0.0000      98.78    97.5753     0.0707     154347    5.60181    0.00000    34.9707    34.9697         59 0.0000e+00
    870.000    861.327     4.5627     4.5622  33.425739  33.424399    5.59869     1.9040 1.4737e+03    -0.0123     0.0000      98.78    97.5754     0.0707     154403    5.59843    0.00000    34.9709    34.9699         46 0.0000e+00
    868.000    859.352     4.5685     4.5665  33.430436  33.427506    5.59637     1.9040 1.4646e+03    -0.0116     0.0000      98.78    97.5754     0.0707     154443    5.59610    0.00000    34.9713    34.9700         38 0.0000e+00
    866.000    857.375     4.5764     4.5752  33.437268  33.435216    5.59399     1.9041 1.4605e+03    -0.0113     0.0000      98.78    97.5742     0.0707     154484    5.59374    0.00000    34.9720    34.9709         52 0.0000e+00
    864.000    855.400     4.5799     4.5804  33.440127  33.439512    5.59018     1.9037 1.4472e+03    -0.0120     0.0000      98.78    97.5590     0.0707     154547    5.58999    0.00000    34.9727    34.9715         57 0.0000e+00
    862.000    853.423     4.5946     4.5890  33.453030  33.446196    5.58313     1.9029 1.4433e+03    -0.0124     0.0000      98.78    97.5315     0.0707     154589    5.58304    0.00000    34.9733    34.9712         35 0.0000e+00
    860.000    851.447     4.6013     4.5999  33.458365  33.456181    5.58186     1.9032 1.4427e+03    -0.0121     0.0000      98.78    97.5732     0.0707     154624    5.58178    0.00000    34.9735    34.9724         39 0.0000e+00
    858.000    849.471     4.6017     4.6020  33.457884  33.457509    5.58125     1.9034 1.4307e+03    -0.0120     0.0000      98.78    97.5754     0.0707     154673    5.58117    0.00000    34.9735    34.9728         58 0.0000e+00
    856.000    847.495     4.6032     4.6032  33.458337  33.457478    5.57859     1.9031 1.4254e+03    -0.0113     0.0000      98.78    97.5754     0.0707     154729    5.57833    0.00000    34.9735    34.9726         53 0.0000e+00
    854.000    845.519     4.6041     4.6042  33.458215  33.457640    5.57431     1.9024 1.4217e+03    -0.0117     0.0000      98.78    97.5754     0.0707     154779    5.57400    0.00000    34.9735    34.9727         45 0.0000e+00
    852.000    843.543     4.6110     4.6074  33.464061  33.459507    5.56825     1.9015 1.4108e+03    -0.0120     0.0000      98.78    97.5754     0.0707     154821    5.56804    0.00000    34.9740    34.9726         41 0.0000e+00
    850.000    841.567     4.6219     4.6175  33.473672  33.468484    5.56738     1.9021 1.4038e+03    -0.0114     0.0000      98.78    97.5754     0.0707     154862    5.56715    0.00000    34.9748    34.9734         44 0.0000e+00
    848.000    839.591     4.6309     4.6286  33.481471  33.478361    5.56403     1.9020 1.4013e+03    -0.0117     0.0000      98.78    97.5754     0.0707     154913    5.56382    0.00000    34.9755    34.9742         55 0.0000e+00
    846.000    837.615     4.6362     4.6334  33.485788  33.482262    5.55901     1.9013 1.4022e+03    -0.0129     0.0000      98.78    97.5754     0.0707     154963    5.55889    0.00000    34.9759    34.9747         44 0.0000e+00
    844.000    835.638     4.6383     4.6373  33.486972  33.485157    5.55506     1.9006 1.4029e+03    -0.0119     0.0000      98.78    97.5754     0.0707     155004    5.55429    0.00000    34.9761    34.9751         42 0.0000e+00
    842.000    833.662     4.6461     4.6454  33.493595  33.492042    5.54995     1.9001 1.3968e+03    -0.0115     0.0000      98.78    97.5754     0.0707     155055    5.54967    0.00000    34.9767    34.9756         59 0.0000e+00
    840.000    831.686     4.6509     4.6500  33.497354  33.495644    5.54665     1.8999 1.3822e+03    -0.0113     0.0000      98.78    97.5754     0.0707     155109    5.54669    0.00000    34.9770    34.9760         44 0.0000e+00
    838.000    829.710     4.6537     4.6528  33.499215  33.497478    5.54098     1.8989 1.3738e+03    -0.0118     0.0000      98.78    97.5754     0.0707     155148    5.54080    0.00000    34.9772    34.9762         38 0.0000e+00
    836.000    827.733     4.6545     4.6548  33.499096  33.498741    5.53917     1.8989 1.3692e+03    -0.0119     0.0000      98.78    97.5720     0.0707     155189    5.53904    0.00000    34.9773    34.9766         47 0.0000e+00
    834.000    825.757     4.6599     4.6592  33.503480  33.501936    5.53850     1.8992 1.3692e+03    -0.0113     0.0000      98.78    97.5729     0.0707     155245    5.53836    0.00000    34.9778    34.9767         58 0.0000e+00
    832.000    823.781     4.6644     4.6622  33.506928  33.503968    5.53784     1.8996 1.3705e+03    -0.0118     0.0000      98.78    97.5791     0.0707     155295    5.53770    0.00000    34.9780    34.9769         43 0.0000e+00
    830.000    821.805     4.6705     4.6692  33.511683  33.509817    5.53685     1.8999 1.3660e+03    -0.0117     0.0000      98.78    97.5754     0.0707     155338    5.53670    0.00000    34.9782    34.9774         45 0.0000e+00
    828.000    819.828     4.6717     4.6715  33.511811  33.511062    5.53458     1.8998 1.3590e+03    -0.0114     0.0000      98.78    97.5754     0.0707     155384    5.53448    0.00000    34.9782    34.9774         49 0.0000e+00
    826.000    817.852     4.6731     4.6729  33.512300  33.511414    5.53054     1.8992 1.3561e+03    -0.0118     0.0000      98.78    97.5754     0.0707     155433    5.53040    0.00000    34.9782    34.9774         46 0.0000e+00
    824.000    815.876     4.6745     4.6743  33.512813  33.511906    5.52705     1.8987 1.3591e+03    -0.0121     0.0000      98.78    97.5754     0.0707     155478    5.52672    0.00000    34.9783    34.9775         45 0.0000e+00
    822.000    813.899     4.6771     4.6767  33.514428  33.513334    5.52276     1.8981 1.3579e+03    -0.0111     0.0000      98.78    97.5754     0.0707     155527    5.52250    0.00000    34.9785    34.9777         52 0.0000e+00
    820.000    811.923     4.6789     4.6786  33.515243  33.514260    5.52062     1.8980 1.3547e+03    -0.0120     0.0000      98.78    97.5754     0.0707     155574    5.52041    0.00000    34.9786    34.9777         41 0.0000e+00
    818.000    809.946     4.6799     4.6798  33.515268  33.514486    5.52213     1.8987 1.3551e+03    -0.0117     0.0000      98.78    97.5754     0.0707     155616    5.52189    0.00000    34.9786    34.9779         47 0.0000e+00
    816.000    807.970     4.6881     4.6878  33.522372  33.521145    5.52093     1.8991 1.3600e+03    -0.0122     0.0000      98.78    97.5754     0.0707     155674    5.52067    0.00000    34.9792    34.9782         59 0.0000e+00
    814.000    805.994     4.6944     4.6914  33.527069  33.523405    5.51905     1.8992 1.3626e+03    -0.0110     0.0000      98.78    97.5646     0.0707     155721    5.51881    0.00000    34.9792    34.9781         40 0.0000e+00
    812.000    804.017     4.6992     4.6968  33.530717  33.527602    5.51506     1.8988 1.3626e+03    -0.0118     0.0000      98.78    97.5515     0.0707     155760    5.51489    0.00000    34.9794    34.9783         41 0.0000e+00
    810.000    802.041     4.7074     4.7050  33.537623  33.534614    5.50797     1.8977 1.3623e+03    -0.0122     0.0000      98.78    97.5548     0.0707     155806    5.50792    0.00000    34.9798    34.9788         52 0.0000e+00
