Ship_data/Irminger/Irminger-2/ctd/process/OOI/at30_005.cnv
* Sea-Bird SBE 9 Data File:
* FileName = C:\data\ctd\at30_005.hex
* Software Version Seasave V 7.21f
* Temperature SN = 2265
* Conductivity SN = 3021
* Number of Bytes Per Scan = 40
* Number of Voltage Words = 5
* Number of Scans Averaged by the Deck Unit = 1
* NMEA Latitude = 59 59.33 N
* NMEA Longitude = 039 27.67 W
* NMEA UTC (Time) = Aug 14 2015  19:36:17
# nquan = 21
# nvalues = 2702                        
# units = specified
# name 0 = prDM: Pressure, Digiquartz [db]
# name 1 = depSM: Depth [salt water, m]
# name 2 = t090C: Temperature [ITS-90, deg C]
# name 3 = t190C: Temperature, 2 [ITS-90, deg C]
# name 4 = c0mS/cm: Conductivity [mS/cm]
# name 5 = c1mS/cm: Conductivity, 2 [mS/cm]
# name 6 = sbeox0ML/L: Oxygen, SBE 43 [ml/l]
# name 7 = sbeox0V: Oxygen raw, SBE 43 [V]
# name 8 = spar: SPAR/Surface Irradiance
# name 9 = flECO-AFL: Fluorescence, WET Labs ECO-AFL/FL [mg/m^3]
# name 10 = v2: Voltage 2
# name 11 = altM: Altimeter [m]
# name 12 = CStarTr0: Beam Transmission, WET Labs C-Star [%]
# name 13 = turbWETntu0: Turbidity, WET Labs ECO [NTU]
# name 14 = scan: Scan Count
# name 15 = sbeox0ML/L: Oxygen, SBE 43 [ml/l], WS = 2
# name 16 = sbeox0dOV/dT: Oxygen, SBE 43 [dov/dt], WS = 2
# name 17 = sal00: Salinity, Practical [PSU]
# name 18 = sal11: Salinity, Practical, 2 [PSU]
# name 19 = nbin: number of scans per bin
# name 20 = flag: flag
# span 0 =      2.000,   2704.000       
# span 1 =      1.981,   2661.393       
# span 2 =     1.4170,     8.6858       
# span 3 =     1.4177,     8.6988       
# span 4 =  31.329763,  36.750811       
# span 5 =  31.329984,  36.762190       
# span 6 =    6.01332,    6.92151       
# span 7 =     1.6923,     2.5496       
# span 8 = 2.0436e+02, 1.7396e+03       
# span 9 =    -0.0309,     2.2299       
# span 10 =     0.0000,     0.0000      
# span 11 =       8.73,      99.77      
# span 12 =    92.8909,    97.4608      
# span 13 =     0.0735,     0.1341      
# span 14 =       1526,     181448      
# span 15 =    6.01324,    6.92174      
# span 16 =    0.00000,    0.00000      
# span 17 =    34.8496,    35.0152      
# span 18 =    34.8486,    35.0134      
# span 19 =         25,        129      
# span 20 = 0.0000e+00, 0.0000e+00      
# interval = decibars: 2                
# start_time = Aug 14 2015 19:36:17 [NMEA time, header]
# bad_flag = -9.990e-29
*END*
[from data line 207]
    418.000    413.641     4.0177     4.0178  32.692998  32.693539    6.45575     2.1862 1.4470e+03    -0.0196     0.0000      98.78    97.3180     0.0799      19255    6.45552    0.00000    34.9200    34.9205         44 0.0000e+00
    420.000    415.618     4.0073     4.0076  32.683843  32.684725    6.45746     2.1858 1.3454e+03    -0.0198     0.0000      98.78    97.3083     0.0788      19299    6.45726    0.00000    34.9191    34.9199         47 0.0000e+00
    422.000    417.596     3.9938     3.9940  32.671673  32.672340    6.45803     2.1849 1.2143e+03    -0.0221     0.0000      98.78    97.3070     0.0809      19348    6.45789    0.00000    34.9179    34.9185         48 0.0000e+00
    424.000    419.572     3.9909     3.9910  32.669657  32.670094    6.45245     2.1829 1.0970e+03    -0.0259     0.0000      98.78    97.3155     0.0818      19393    6.45242    0.00000    34.9176    34.9180         42 0.0000e+00
    426.000    421.550     3.9906     3.9905  32.670327  32.670545    6.44682     2.1810 1.0463e+03    -0.0180     0.0000      98.78    97.3145     0.0808      19436    6.44662    0.00000    34.9177    34.9180         47 0.0000e+00
    428.000    423.527     3.9891     3.9891  32.669752  32.669999    6.43828     2.1783 1.0084e+03    -0.0190     0.0000      98.78    97.2940     0.0819      19491    6.43818    0.00000    34.9175    34.9178         61 0.0000e+00
    430.000    425.504     3.9829     3.9828  32.664732  32.665156    6.43919     2.1778 1.0276e+03    -0.0248     0.0000      98.78    97.3149     0.0794      19548    6.43910    0.00000    34.9171    34.9177         50 0.0000e+00
    432.000    427.481     3.9799     3.9795  32.662780  32.662683    6.44437     2.1785 1.0264e+03    -0.0164     0.0000      98.78    97.3195     0.0789      19592    6.44420    0.00000    34.9169    34.9171         42 0.0000e+00
    434.000    429.458     3.9781     3.9782  32.661996  32.662325    6.44238     2.1775 1.0144e+03    -0.0215     0.0000      98.78    97.3056     0.0806      19637    6.44227    0.00000    34.9167    34.9171         48 0.0000e+00
    436.000    431.435     3.9770     3.9771  32.661799  32.662232    6.43671     2.1756 9.6042e+02    -0.0180     0.0000      98.78    97.3248     0.0818      19688    6.43654    0.00000    34.9166    34.9170         50 0.0000e+00
    438.000    433.412     3.9751     3.9752  32.660930  32.661305    6.43882     2.1757 9.6789e+02    -0.0188     0.0000      98.78    97.3089     0.0804      19732    6.43881    0.00000    34.9166    34.9169         40 0.0000e+00
    440.000    435.389     3.9741     3.9743  32.660878  32.661317    6.43776     2.1749 9.7988e+02    -0.0157     0.0000      98.78    97.3232     0.0787      19774    6.43768    0.00000    34.9165    34.9169         48 0.0000e+00
    442.000    437.366     3.9731     3.9733  32.660841  32.661265    6.43607     2.1740 9.3034e+02    -0.0198     0.0000      98.78    97.3134     0.0822      19832    6.43610    0.00000    34.9165    34.9167         63 0.0000e+00
    444.000    439.342     3.9718     3.9720  32.660579  32.661020    6.43790     2.1739 8.9412e+02    -0.0198     0.0000      98.78    97.3260     0.0784      19887    6.43753    0.00000    34.9165    34.9167         49 0.0000e+00
    446.000    441.319     3.9700     3.9702  32.659886  32.660266    6.43527     2.1727 8.8370e+02    -0.0267     0.0000      98.78    97.3166     0.0797      19934    6.43504    0.00000    34.9164    34.9168         44 0.0000e+00
    448.000    443.296     3.9698     3.9700  32.660591  32.661089    6.43725     2.1728 8.9766e+02    -0.0219     0.0000      98.78    97.3144     0.0815      19975    6.43696    0.00000    34.9165    34.9168         39 0.0000e+00
    450.000    445.273     3.9692     3.9693  32.660880  32.661311    6.43718     2.1723 9.1279e+02    -0.0126     0.0000      98.78    97.3153     0.0829      20014    6.43691    0.00000    34.9164    34.9168         40 0.0000e+00
    452.000    447.250     3.9682     3.9681  32.660751  32.660936    6.43282     2.1708 9.0622e+02    -0.0173     0.0000      98.78    97.3094     0.0820      20064    6.43264    0.00000    34.9162    34.9165         66 0.0000e+00
    454.000    449.227     3.9664     3.9665  32.660022  32.660376    6.42871     2.1692 8.7192e+02    -0.0184     0.0000      98.78    97.3106     0.0779      20137    6.42863    0.00000    34.9162    34.9165         60 0.0000e+00
    456.000    451.204     3.9616     3.9617  32.656408  32.656810    6.43515     2.1702 8.9179e+02    -0.0222     0.0000      98.78    97.3140     0.0801      20179    6.43495    0.00000    34.9159    34.9163         35 0.0000e+00
    458.000    453.180     3.9590     3.9590  32.654837  32.655252    6.43254     2.1690 9.6251e+02    -0.0215     0.0000      98.78    97.3092     0.0815      20214    6.43241    0.00000    34.9158    34.9162         39 0.0000e+00
    460.000    455.157     3.9558     3.9559  32.652599  32.653129    6.42794     2.1672 1.0098e+03    -0.0208     0.0000      98.78    97.3108     0.0766      20257    6.42774    0.00000    34.9154    34.9160         47 0.0000e+00
    462.000    457.134     3.9518     3.9519  32.649599  32.649972    6.42631     2.1662 1.0253e+03    -0.0262     0.0000      98.78    97.3110     0.0770      20311    6.42619    0.00000    34.9151    34.9154         62 0.0000e+00
    464.000    459.110     3.9486     3.9489  32.647499  32.648080    6.43173     2.1671 9.6379e+02    -0.0186     0.0000      98.78    97.3238     0.0781      20373    6.43170    0.00000    34.9149    34.9152         55 0.0000e+00
    466.000    461.087     3.9470     3.9471  32.646907  32.647255    6.43654     2.1678 9.3396e+02    -0.0169     0.0000      98.78    97.3179     0.0799      20417    6.43642    0.00000    34.9149    34.9152         37 0.0000e+00
    468.000    463.064     3.9444     3.9447  32.645338  32.646001    6.43497     2.1668 9.4044e+02    -0.0178     0.0000      98.78    97.3219     0.0804      20455    6.43490    0.00000    34.9147    34.9151         40 0.0000e+00
    470.000    465.041     3.9438     3.9440  32.645806  32.646137    6.43419     2.1662 9.3749e+02    -0.0176     0.0000      98.78    97.3216     0.0792      20500    6.43416    0.00000    34.9148    34.9150         50 0.0000e+00
    472.000    467.017     3.9437     3.9439  32.646520  32.646954    6.43549     2.1661 9.3485e+02    -0.0205     0.0000      98.78    97.3211     0.0788      20552    6.43543    0.00000    34.9147    34.9150         56 0.0000e+00
    474.000    468.994     3.9429     3.9432  32.646738  32.647128    6.43335     2.1651 9.7989e+02    -0.0305     0.0000      98.78    97.3266     0.0796      20618    6.43319    0.00000    34.9147    34.9149         67 0.0000e+00
    476.000    470.971     3.9425     3.9426  32.647285  32.647644    6.43259     2.1645 9.9936e+02    -0.0258     0.0000      98.78    97.3152     0.0786      20669    6.43260    0.00000    34.9148    34.9151         38 0.0000e+00
    478.000    472.947     3.9410     3.9410  32.646757  32.647129    6.43652     2.1650 9.8539e+02    -0.0187     0.0000      98.78    97.3225     0.0774      20702    6.43648    0.00000    34.9147    34.9151         32 0.0000e+00
    480.000    474.924     3.9390     3.9392  32.645759  32.646325    6.43540     2.1641 9.6601e+02    -0.0261     0.0000      98.78    97.3112     0.0803      20736    6.43532    0.00000    34.9146    34.9150         37 0.0000e+00
    482.000    476.900     3.9375     3.9367  32.645021  32.644529    6.42900     2.1620 9.4090e+02    -0.0252     0.0000      98.78    97.3148     0.0802      20792    6.42878    0.00000    34.9141    34.9144         81 0.0000e+00
    484.000    478.877     3.9350     3.9342  32.643523  32.642988    6.43075     2.1619 9.6617e+02    -0.0193     0.0000      98.78    97.3226     0.0814      20868    6.43053    0.00000    34.9140    34.9142         53 0.0000e+00
    486.000    480.853     3.9291     3.9291  32.638672  32.638888    6.43767     2.1630 9.7616e+02    -0.0121     0.0000      98.78    97.3252     0.0813      20906    6.43764    0.00000    34.9134    34.9137         32 0.0000e+00
    488.000    482.830     3.9262     3.9264  32.636754  32.637178    6.43535     2.1618 9.8861e+02    -0.0257     0.0000      98.78    97.3283     0.0804      20939    6.43506    0.00000    34.9131    34.9135         36 0.0000e+00
    490.000    484.806     3.9228     3.9229  32.634196  32.634626    6.43255     2.1605 9.9812e+02    -0.0277     0.0000      98.78    97.3256     0.0807      20984    6.43233    0.00000    34.9127    34.9131         56 0.0000e+00
    492.000    486.783     3.9198     3.9203  32.632293  32.633049    6.43997     2.1619 9.7428e+02    -0.0274     0.0000      98.78    97.3287     0.0813      21041    6.43992    0.00000    34.9126    34.9129         52 0.0000e+00
    494.000    488.759     3.9175     3.9177  32.631072  32.631606    6.44607     2.1629 9.0365e+02    -0.0206     0.0000      98.78    97.3317     0.0784      21092    6.44587    0.00000    34.9125    34.9129         54 0.0000e+00
    496.000    490.736     3.9172     3.9173  32.631787  32.632078    6.44925     2.1632 8.2886e+02    -0.0216     0.0000      98.78    97.3172     0.0814      21145    6.44890    0.00000    34.9126    34.9128         48 0.0000e+00
    498.000    492.712     3.9164     3.9165  32.631976  32.632293    6.45187     2.1633 7.9811e+02    -0.0215     0.0000      98.78    97.3341     0.0805      21187    6.45100    0.00000    34.9126    34.9129         38 0.0000e+00
    500.000    494.688     3.9161     3.9163  32.632634  32.633031    6.45246     2.1632 8.0526e+02    -0.0240     0.0000      98.78    97.3274     0.0803      21227    6.45225    0.00000    34.9127    34.9129         46 0.0000e+00
    502.000    496.665     3.9147     3.9151  32.632109  32.632748    6.44636     2.1612 7.7913e+02    -0.0199     0.0000      98.78    97.3247     0.0771      21284    6.44630    0.00000    34.9124    34.9128         62 0.0000e+00
    504.000    498.641     3.9131     3.9132  32.631531  32.631889    6.44565     2.1605 7.5705e+02    -0.0186     0.0000      98.78    97.3309     0.0778      21334    6.44556    0.00000    34.9124    34.9127         40 0.0000e+00
    506.000    500.617     3.9119     3.9119  32.631189  32.631579    6.44163     2.1589 7.3724e+02    -0.0121     0.0000      98.78    97.3239     0.0792      21375    6.44139    0.00000    34.9122    34.9126         46 0.0000e+00
    508.000    502.593     3.9110     3.9112  32.631328  32.631849    6.43695     2.1570 7.1141e+02    -0.0206     0.0000      98.78    97.3288     0.0787      21427    6.43573    0.00000    34.9123    34.9126         52 0.0000e+00
    510.000    504.570     3.9095     3.9097  32.630953  32.631414    6.43827     2.1571 6.9908e+02    -0.0182     0.0000      98.78    97.3219     0.0763      21473    6.43796    0.00000    34.9123    34.9127         42 0.0000e+00
    512.000    506.546     3.9074     3.9078  32.629951  32.630680    6.43775     2.1565 6.9363e+02    -0.0146     0.0000      98.78    97.3173     0.0789      21519    6.43756    0.00000    34.9123    34.9127         53 0.0000e+00
    514.000    508.522     3.9019     3.9029  32.625346  32.626735    6.43420     2.1549 6.8661e+02    -0.0166     0.0000      98.78    97.2865     0.0815      21576    6.43411    0.00000    34.9117    34.9122         57 0.0000e+00
    516.000    510.499     3.8969     3.8969  32.621357  32.621556    6.43448     2.1544 6.7528e+02    -0.0205     0.0000      98.78    97.3367     0.0788      21627    6.43441    0.00000    34.9111    34.9114         44 0.0000e+00
    518.000    512.475     3.8954     3.8956  32.620753  32.621136    6.43670     2.1544 6.7522e+02    -0.0168     0.0000      98.78    97.3359     0.0826      21667    6.43662    0.00000    34.9109    34.9112         39 0.0000e+00
    520.000    514.451     3.8955     3.8957  32.621851  32.622327    6.44101     2.1551 6.7954e+02    -0.0180     0.0000      98.78    97.3280     0.0770      21708    6.44085    0.00000    34.9111    34.9114         44 0.0000e+00
    522.000    516.427     3.8887     3.8892  32.615979  32.616861    6.44622     2.1556 6.7583e+02    -0.0224     0.0000      98.78    97.3351     0.0776      21756    6.44599    0.00000    34.9102    34.9108         54 0.0000e+00
    524.000    518.404     3.8878     3.8880  32.615937  32.616321    6.44972     2.1561 6.7671e+02    -0.0216     0.0000      98.78    97.3380     0.0801      21811    6.44950    0.00000    34.9102    34.9104         52 0.0000e+00
    526.000    520.380     3.8896     3.8898  32.618718  32.619075    6.45546     2.1572 6.8915e+02    -0.0229     0.0000      98.78    97.3376     0.0804      21862    6.45536    0.00000    34.9105    34.9107         53 0.0000e+00
    528.000    522.356     3.8896     3.8896  32.619811  32.620075    6.46027     2.1580 6.9125e+02    -0.0233     0.0000      98.78    97.3289     0.0804      21918    6.46014    0.00000    34.9107    34.9110         54 0.0000e+00
    530.000    524.332     3.8864     3.8867  32.617626  32.618282    6.45825     2.1569 6.8900e+02    -0.0219     0.0000      98.78    97.3350     0.0804      21964    6.45818    0.00000    34.9105    34.9109         39 0.0000e+00
    532.000    526.308     3.8808     3.8809  32.613201  32.613745    6.45490     2.1554 6.9045e+02    -0.0193     0.0000      98.78    97.3424     0.0795      22000    6.45476    0.00000    34.9101    34.9106         34 0.0000e+00
    534.000    528.284     3.8763     3.8766  32.609722  32.610266    6.44893     2.1532 6.9772e+02    -0.0171     0.0000      98.78    97.3306     0.0772      22038    6.44874    0.00000    34.9096    34.9100         48 0.0000e+00
    536.000    530.260     3.8756     3.8751  32.609662  32.609458    6.44464     2.1517 7.2791e+02    -0.0241     0.0000      98.78    97.3380     0.0752      22107    6.44452    0.00000    34.9093    34.9095         80 0.0000e+00
    538.000    532.236     3.8742     3.8744  32.609551  32.609819    6.45454     2.1537 7.7471e+02    -0.0196     0.0000      98.78    97.3321     0.0759      22170    6.45432    0.00000    34.9095    34.9096         46 0.0000e+00
    540.000    534.212     3.8762     3.8764  32.612496  32.612826    6.45664     2.1539 8.0536e+02    -0.0174     0.0000      98.78    97.3409     0.0834      22208    6.45639    0.00000    34.9099    34.9101         33 0.0000e+00
    542.000    536.188     3.8769     3.8772  32.614265  32.614721    6.45790     2.1538 8.3195e+02    -0.0202     0.0000      98.78    97.3400     0.0829      22239    6.45773    0.00000    34.9101    34.9104         33 0.0000e+00
    544.000    538.164     3.8760     3.8760  32.614199  32.614421    6.45156     2.1518 9.5570e+02    -0.0210     0.0000      98.78    97.3400     0.0815      22283    6.45135    0.00000    34.9100    34.9102         59 0.0000e+00
    546.000    540.140     3.8768     3.8771  32.615813  32.616236    6.44727     2.1503 1.3047e+03    -0.0260     0.0000      98.78    97.3400     0.0779      22351    6.44712    0.00000    34.9100    34.9102         64 0.0000e+00
    548.000    542.116     3.8770     3.8771  32.617008  32.617368    6.44623     2.1496 1.4832e+03    -0.0198     0.0000      98.78    97.3400     0.0794      22401    6.44610    0.00000    34.9102    34.9104         43 0.0000e+00
    550.000    544.092     3.8748     3.8750  32.615792  32.616254    6.44032     2.1476 1.5769e+03    -0.0232     0.0000      98.78    97.3400     0.0779      22447    6.44023    0.00000    34.9100    34.9104         51 0.0000e+00
    552.000    546.068     3.8706     3.8701  32.612609  32.612353    6.43336     2.1453 1.5810e+03    -0.0234     0.0000      98.78    97.3400     0.0801      22500    6.43316    0.00000    34.9096    34.9099         49 0.0000e+00
