Ship_data/Irminger/Irminger-2/ctd/process/OOI/at30_009.cnv
* Sea-Bird SBE 9 Data File:
* FileName = C:\data\ctd\at30_009.hex
* Software Version Seasave V 7.21f
* Temperature SN = 2265
* Conductivity SN = 3021
* Number of Bytes Per Scan = 40
* Number of Voltage Words = 5
* Number of Scans Averaged by the Deck Unit = 1
* NMEA Latitude = 59 42.40 N
* NMEA Longitude = 039 19.92 W
* NMEA UTC (Time) = Aug 19 2015  15:06:00
** FLMB 1 for cal
# nquan = 21
# nvalues = 2854                        
# units = specified
# name 0 = prDM: Pressure, Digiquartz [db]
# name 1 = depSM: Depth [salt water, m]
# name 2 = t090C: Temperature [ITS-90, deg C]
# name 3 = t190C: Temperature, 2 [ITS-90, deg C]
# name 4 = c0mS/cm: Conductivity [mS/cm]
# name 5 = c1mS/cm: Conductivity, 2 [mS/cm]
# name 6 = sbeox0ML/L: Oxygen, SBE 43 [ml/l]
# name 7 = sbeox0V: Oxygen raw, SBE 43 [V]
# name 8 = spar: SPAR/Surface Irradiance
# name 9 = flECO-AFL: Fluorescence, WET Labs ECO-AFL/FL [mg/m^3]
# name 10 = v2: Voltage 2
# name 11 = altM: Altimeter [m]
# name 12 = CStarTr0: Beam Transmission, WET Labs C-Star [%]
# name 13 = turbWETntu0: Turbidity, WET Labs ECO [NTU]
# name 14 = scan: Scan Count
# name 15 = sbeox0ML/L: Oxygen, SBE 43 [ml/l], WS = 2
# name 16 = sbeox0dOV/dT: Oxygen, SBE 43 [dov/dt], WS = 2
# name 17 = sal00: Salinity, Practical [PSU]
# name 18 = sal11: Salinity, Practical, 2 [PSU]
# name 19 = nbin: number of scans per bin
# name 20 = flag: flag
# span 0 =      2.000,   2856.000       
# span 1 =      1.981,   2810.074       
# span 2 =     1.5359,     8.3321       
# span 3 =     1.5350,     8.3325       
# span 4 =  31.493138,  36.380495       
# span 5 =  31.490707,  36.380703       
# span 6 =    5.98807,    6.97636       
# span 7 =     1.6676,     2.5212       
# span 8 = 2.5073e+02, 4.1920e+02       
# span 9 =    -0.0318,     2.1160       
# span 10 =     0.0000,     0.0000      
# span 11 =      14.92,     104.74      
# span 12 =    92.7624,    97.6017      
# span 13 =     0.0730,     0.1351      
# span 14 =        789,     191069      
# span 15 =    5.98803,    6.97729      
# span 16 =    0.00000,    0.00000      
# span 17 =    34.8422,    34.9409      
# span 18 =    34.8407,    34.9411      
# span 19 =         21,        132      
# span 20 = 0.0000e+00, 0.0000e+00      
# interval = decibars: 2                
# start_time = Aug 19 2015 15:06:00 [NMEA time, header]
# bad_flag = -9.990e-29
*END*
[from data line 207]
    418.000    413.651     3.7249     3.7251  32.410822  32.411493    6.58899     2.2068 3.6499e+02    -0.0227     0.0000      98.78    97.5060     0.0797      18021    6.58886    0.00000    34.8956    34.8962         59 0.0000e+00
    420.000    415.628     3.7253     3.7254  32.412150  32.412585    6.59186     2.2071 3.6486e+02    -0.0234     0.0000      98.78    97.5058     0.0795      18072    6.59169    0.00000    34.8957    34.8962         49 0.0000e+00
    422.000    417.605     3.7251     3.7253  32.412855  32.413480    6.59252     2.2068 3.6385e+02    -0.0207     0.0000      98.78    97.5200     0.0755      18121    6.59234    0.00000    34.8957    34.8962         46 0.0000e+00
    424.000    419.582     3.7238     3.7241  32.412490  32.413219    6.59063     2.2058 3.6307e+02    -0.0234     0.0000      98.78    97.5167     0.0768      18168    6.59051    0.00000    34.8955    34.8962         51 0.0000e+00
    426.000    421.559     3.7218     3.7217  32.411345  32.411902    6.59136     2.2055 3.6262e+02    -0.0310     0.0000      98.78    97.5072     0.0757      18219    6.59124    0.00000    34.8953    34.8961         46 0.0000e+00
    428.000    423.536     3.7153     3.7152  32.405950  32.406371    6.59534     2.2058 3.6074e+02    -0.0222     0.0000      98.78    97.4883     0.0778      18261    6.59518    0.00000    34.8946    34.8953         43 0.0000e+00
    430.000    425.513     3.7124     3.7126  32.403946  32.404519    6.59035     2.2039 3.5913e+02    -0.0184     0.0000      98.78    97.5038     0.0778      18320    6.59031    0.00000    34.8942    34.8948         71 0.0000e+00
    432.000    427.490     3.7145     3.7146  32.407048  32.407455    6.59682     2.2052 3.5888e+02    -0.0302     0.0000      98.78    97.5196     0.0798      18376    6.59666    0.00000    34.8947    34.8950         39 0.0000e+00
    434.000    429.467     3.7157     3.7159  32.409174  32.409783    6.60007     2.2057 3.5773e+02    -0.0249     0.0000      98.78    97.5154     0.0785      18411    6.59985    0.00000    34.8949    34.8954         37 0.0000e+00
    436.000    431.444     3.7155     3.7156  32.409839  32.410360    6.59403     2.2037 3.5607e+02    -0.0235     0.0000      98.78    97.5147     0.0757      18457    6.59394    0.00000    34.8948    34.8953         56 0.0000e+00
    438.000    433.422     3.7157     3.7158  32.410884  32.411409    6.59535     2.2036 3.5620e+02    -0.0220     0.0000      98.78    97.5181     0.0760      18519    6.59524    0.00000    34.8948    34.8953         62 0.0000e+00
    440.000    435.398     3.7126     3.7132  32.408842  32.410038    6.60225     2.2048 3.5556e+02    -0.0266     0.0000      98.78    97.5151     0.0764      18570    6.60203    0.00000    34.8946    34.8954         41 0.0000e+00
    442.000    437.376     3.7049     3.7047  32.402038  32.402563    6.60446     2.2045 3.5465e+02    -0.0261     0.0000      98.78    97.4940     0.0763      18610    6.60424    0.00000    34.8936    34.8944         42 0.0000e+00
    444.000    439.353     3.7013     3.7014  32.399423  32.399936    6.60149     2.2032 3.5338e+02    -0.0185     0.0000      98.78    97.5157     0.0765      18657    6.60136    0.00000    34.8932    34.8937         56 0.0000e+00
    446.000    441.329     3.7018     3.7019  32.400759  32.401185    6.59861     2.2020 3.5457e+02    -0.0159     0.0000      98.78    97.4620     0.0779      18721    6.59854    0.00000    34.8932    34.8936         59 0.0000e+00
    448.000    443.306     3.7025     3.7029  32.402471  32.403207    6.60466     2.2032 3.5478e+02    -0.0209     0.0000      98.78    97.5213     0.0742      18765    6.60447    0.00000    34.8935    34.8939         35 0.0000e+00
    450.000    445.283     3.7031     3.7032  32.404051  32.404494    6.60743     2.2034 3.5388e+02    -0.0162     0.0000      98.78    97.5191     0.0768      18800    6.60719    0.00000    34.8936    34.8940         42 0.0000e+00
    452.000    447.260     3.7041     3.7042  32.406001  32.406389    6.60595     2.2027 3.5465e+02    -0.0166     0.0000      98.78    97.5224     0.0782      18866    6.60576    0.00000    34.8938    34.8941         77 0.0000e+00
    454.000    449.237     3.7056     3.7058  32.408567  32.408944    6.60606     2.2023 3.5527e+02    -0.0191     0.0000      98.78    97.5339     0.0743      18921    6.60585    0.00000    34.8942    34.8945         38 0.0000e+00
    456.000    451.214     3.7088     3.7089  32.412706  32.413083    6.61038     2.2031 3.5490e+02    -0.0224     0.0000      98.78    97.5237     0.0796      18955    6.61011    0.00000    34.8947    34.8950         35 0.0000e+00
    458.000    453.191     3.7092     3.7093  32.413947  32.414483    6.60650     2.2018 3.5471e+02    -0.0196     0.0000      98.78    97.5250     0.0784      19004    6.60629    0.00000    34.8946    34.8952         65 0.0000e+00
    460.000    455.168     3.7089     3.7093  32.414599  32.415447    6.60246     2.2003 3.5498e+02    -0.0257     0.0000      98.78    97.5283     0.0805      19063    6.60235    0.00000    34.8947    34.8952         44 0.0000e+00
    462.000    457.144     3.7035     3.7035  32.410148  32.410657    6.60340     2.1999 3.5526e+02    -0.0171     0.0000      98.78    97.5115     0.0797      19103    6.60329    0.00000    34.8940    34.8946         45 0.0000e+00
    464.000    459.121     3.7003     3.7004  32.407855  32.408423    6.60161     2.1988 3.5528e+02    -0.0215     0.0000      98.78    97.5312     0.0783      19162    6.60157    0.00000    34.8936    34.8942         63 0.0000e+00
    466.000    461.098     3.6998     3.6999  32.408255  32.408716    6.60475     2.1992 3.5571e+02    -0.0221     0.0000      98.78    97.2349     0.0800      19210    6.60466    0.00000    34.8936    34.8940         39 0.0000e+00
    468.000    463.074     3.6992     3.6994  32.408557  32.409141    6.59999     2.1975 3.5561e+02    -0.0318     0.0000      98.78    97.4948     0.0789      19254    6.59991    0.00000    34.8935    34.8940         52 0.0000e+00
    470.000    465.051     3.6974     3.6977  32.407743  32.408340    6.59740     2.1963 3.5614e+02    -0.0221     0.0000      98.78    97.4857     0.0759      19308    6.59714    0.00000    34.8933    34.8938         51 0.0000e+00
    472.000    467.028     3.6955     3.6956  32.406705  32.407199    6.60213     2.1970 3.5679e+02    -0.0198     0.0000      98.78    97.5329     0.0787      19355    6.60203    0.00000    34.8931    34.8936         46 0.0000e+00
    474.000    469.004     3.6951     3.6953  32.407265  32.407777    6.60420     2.1971 3.5688e+02    -0.0297     0.0000      98.78    97.5198     0.0781      19404    6.60411    0.00000    34.8931    34.8935         51 0.0000e+00
    476.000    470.981     3.6961     3.6962  32.409039  32.409502    6.60833     2.1977 3.5734e+02    -0.0241     0.0000      98.78    97.5077     0.0756      19454    6.60822    0.00000    34.8931    34.8936         48 0.0000e+00
    478.000    472.958     3.6958     3.6959  32.409640  32.410186    6.60709     2.1969 3.5719e+02    -0.0288     0.0000      98.78    97.5224     0.0778      19505    6.60701    0.00000    34.8931    34.8936         58 0.0000e+00
    480.000    474.934     3.6957     3.6958  32.410395  32.411027    6.61199     2.1977 3.5752e+02    -0.0233     0.0000      90.38    97.5241     0.0816      19559    6.61183    0.00000    34.8930    34.8936         42 0.0000e+00
    482.000    476.911     3.6958     3.6959  32.411383  32.411950    6.61885     2.1990 3.5720e+02    -0.0219     0.0000      80.74    97.5285     0.0797      19594    6.61860    0.00000    34.8930    34.8936         34 0.0000e+00
    484.000    478.888     3.6956     3.6958  32.411977  32.412558    6.61342     2.1972 3.5674e+02    -0.0244     0.0000      98.43    97.5255     0.0778      19647    6.61324    0.00000    34.8929    34.8934         74 0.0000e+00
    486.000    480.864     3.6957     3.6957  32.413104  32.413542    6.60842     2.1955 3.5643e+02    -0.0153     0.0000      98.78    97.5315     0.0755      19710    6.60835    0.00000    34.8930    34.8935         45 0.0000e+00
    488.000    482.841     3.6938     3.6939  32.412141  32.412722    6.60656     2.1945 3.5520e+02    -0.0214     0.0000      98.78    97.5249     0.0784      19753    6.60642    0.00000    34.8928    34.8934         47 0.0000e+00
    490.000    484.817     3.6932     3.6933  32.412405  32.412954    6.60582     2.1939 3.5341e+02    -0.0255     0.0000      98.78    97.5379     0.0843      19801    6.60583    0.00000    34.8927    34.8932         46 0.0000e+00
    492.000    486.794     3.6934     3.6935  32.413507  32.414199    6.60600     2.1935 3.5240e+02    -0.0272     0.0000      93.02    97.5263     0.0813      19845    6.60594    0.00000    34.8928    34.8935         45 0.0000e+00
    494.000    488.770     3.6902     3.6902  32.411235  32.411781    6.60464     2.1925 3.5087e+02    -0.0178     0.0000      93.67    97.5236     0.0782      19895    6.60436    0.00000    34.8924    34.8930         50 0.0000e+00
    496.000    490.747     3.6879     3.6881  32.409874  32.410682    6.60701     2.1926 3.4942e+02    -0.0232     0.0000      98.71    97.5097     0.0779      19942    6.60677    0.00000    34.8921    34.8929         48 0.0000e+00
    498.000    492.723     3.6849     3.6848  32.407742  32.408291    6.60502     2.1915 3.4690e+02    -0.0234     0.0000      98.78    97.5308     0.0802      19999    6.60481    0.00000    34.8917    34.8925         63 0.0000e+00
    500.000    494.699     3.6801     3.6801  32.403951  32.404498    6.60931     2.1920 3.4538e+02    -0.0279     0.0000      98.78    97.5314     0.0773      20052    6.60917    0.00000    34.8912    34.8919         43 0.0000e+00
    502.000    496.676     3.6797     3.6797  32.404489  32.404921    6.61371     2.1927 3.4474e+02    -0.0305     0.0000      98.78    97.5274     0.0771      20094    6.61364    0.00000    34.8913    34.8918         46 0.0000e+00
    504.000    498.653     3.6796     3.6796  32.405322  32.405777    6.61278     2.1920 3.4388e+02    -0.0150     0.0000      93.80    97.5367     0.0755      20145    6.61273    0.00000    34.8912    34.8918         51 0.0000e+00
    506.000    500.629     3.6797     3.6797  32.406256  32.406737    6.61164     2.1913 3.4378e+02    -0.0238     0.0000      98.82    97.5279     0.0790      20191    6.61162    0.00000    34.8912    34.8918         43 0.0000e+00
    508.000    502.605     3.6794     3.6795  32.406936  32.407391    6.61618     2.1920 3.4467e+02    -0.0186     0.0000      98.78    97.5217     0.0777      20234    6.61611    0.00000    34.8912    34.8917         43 0.0000e+00
    510.000    504.582     3.6791     3.6792  32.407476  32.407953    6.61600     2.1915 3.4555e+02    -0.0220     0.0000      98.78    97.5325     0.0769      20285    6.61590    0.00000    34.8911    34.8916         67 0.0000e+00
    512.000    506.558     3.6789     3.6790  32.408202  32.408715    6.61611     2.1911 3.4729e+02    -0.0236     0.0000      98.78    97.5294     0.0758      20351    6.61606    0.00000    34.8911    34.8917         49 0.0000e+00
    514.000    508.534     3.6757     3.6757  32.405960  32.406451    6.62162     2.1918 3.4835e+02    -0.0175     0.0000      98.78    97.5291     0.0780      20388    6.62148    0.00000    34.8908    34.8914         35 0.0000e+00
    516.000    510.510     3.6737     3.6737  32.404751  32.405354    6.61522     2.1897 3.4960e+02    -0.0263     0.0000      98.78    97.5255     0.0771      20435    6.61500    0.00000    34.8905    34.8911         62 0.0000e+00
    518.000    512.487     3.6722     3.6723  32.404228  32.404807    6.61374     2.1888 3.5079e+02    -0.0171     0.0000      98.78    97.5344     0.0776      20497    6.61366    0.00000    34.8903    34.8910         51 0.0000e+00
    520.000    514.463     3.6713     3.6714  32.404315  32.404766    6.61854     2.1896 3.5185e+02    -0.0241     0.0000      98.78    97.5310     0.0788      20537    6.61849    0.00000    34.8903    34.8908         35 0.0000e+00
    522.000    516.439     3.6712     3.6713  32.405079  32.405568    6.62106     2.1898 3.5256e+02    -0.0297     0.0000      98.78    97.5300     0.0779      20574    6.62098    0.00000    34.8903    34.8908         42 0.0000e+00
    524.000    518.415     3.6713     3.6713  32.405990  32.406461    6.61891     2.1888 3.5305e+02    -0.0233     0.0000      98.78    97.5316     0.0785      20626    6.61881    0.00000    34.8903    34.8907         62 0.0000e+00
    526.000    520.391     3.6715     3.6715  32.406993  32.407541    6.61977     2.1887 3.5447e+02    -0.0184     0.0000      98.78    97.5315     0.0742      20690    6.61995    0.00000    34.8902    34.8908         60 0.0000e+00
    528.000    522.368     3.6715     3.6715  32.408038  32.408483    6.62351     2.1890 3.5497e+02    -0.0264     0.0000      98.78    97.5353     0.0794      20739    6.62306    0.00000    34.8904    34.8908         42 0.0000e+00
    530.000    524.344     3.6705     3.6707  32.407974  32.408522    6.62441     2.1889 3.5475e+02    -0.0255     0.0000      98.78    97.5332     0.0840      20784    6.62473    0.00000    34.8902    34.8907         49 0.0000e+00
    532.000    526.320     3.6706     3.6707  32.408946  32.409423    6.62575     2.1887 3.5479e+02    -0.0135     0.0000      98.78    97.5275     0.0779      20832    6.62561    0.00000    34.8903    34.8907         45 0.0000e+00
    534.000    528.296     3.6717     3.6718  32.410980  32.411373    6.62620     2.1885 3.5483e+02    -0.0217     0.0000      98.78    97.5378     0.0779      20878    6.62606    0.00000    34.8904    34.8908         47 0.0000e+00
    536.000    530.272     3.6727     3.6729  32.412892  32.413402    6.62457     2.1877 3.5475e+02    -0.0197     0.0000      98.78    97.5298     0.0777      20925    6.62445    0.00000    34.8906    34.8910         47 0.0000e+00
    538.000    532.248     3.6729     3.6731  32.413990  32.414388    6.62201     2.1866 3.5400e+02    -0.0219     0.0000      98.78    97.5343     0.0760      20976    6.62196    0.00000    34.8906    34.8909         54 0.0000e+00
    540.000    534.224     3.6730     3.6732  32.414997  32.415485    6.62313     2.1865 3.5333e+02    -0.0200     0.0000      98.78    97.4931     0.0790      21026    6.62305    0.00000    34.8906    34.8910         49 0.0000e+00
    542.000    536.200     3.6731     3.6733  32.415924  32.416357    6.62372     2.1862 3.5226e+02    -0.0200     0.0000      98.78    97.5233     0.0781      21079    6.62364    0.00000    34.8905    34.8909         54 0.0000e+00
    544.000    538.176     3.6727     3.6730  32.416454  32.417097    6.62626     2.1864 3.5111e+02    -0.0197     0.0000      98.78    97.5318     0.0776      21129    6.62612    0.00000    34.8906    34.8910         47 0.0000e+00
    546.000    540.152     3.6661     3.6665  32.410804  32.411665    6.62627     2.1856 3.4958e+02    -0.0248     0.0000      98.78    97.5202     0.0803      21177    6.62618    0.00000    34.8898    34.8903         50 0.0000e+00
    548.000    542.128     3.6656     3.6656  32.411163  32.411484    6.62688     2.1853 3.4776e+02    -0.0291     0.0000      98.78    97.5185     0.0745      21224    6.62680    0.00000    34.8897    34.8900         41 0.0000e+00
    550.000    544.104     3.6649     3.6650  32.411398  32.411776    6.62683     2.1849 3.4536e+02    -0.0242     0.0000      98.78    97.5296     0.0792      21264    6.62675    0.00000    34.8897    34.8900         45 0.0000e+00
    552.000    546.080     3.6650     3.6652  32.412314  32.412825    6.62086     2.1829 3.4410e+02    -0.0202     0.0000      98.78    97.5285     0.0747      21323    6.62068    0.00000    34.8895    34.8900         64 0.0000e+00
