Ship_data/Irminger/Irminger-2/ctd/process/OOI/at30_008.cnv
* Sea-Bird SBE 9 Data File:
* FileName = C:\data\ctd\at30_008.hex
* Software Version Seasave V 7.21f
* Temperature SN = 2265
* Conductivity SN = 3021
* Number of Bytes Per Scan = 40
* Number of Voltage Words = 5
* Number of Scans Averaged by the Deck Unit = 1
* NMEA Latitude = 59 43.12 N
* NMEA Longitude = 039 21.38 W
* NMEA UTC (Time) = Aug 19 2015  12:16:11
** Confirmation of seafloor depth at FLMB -2  site
# nquan = 21
# nvalues = 2850                        
# units = specified
# name 0 = prDM: Pressure, Digiquartz [db]
# name 1 = depSM: Depth [salt water, m]
# name 2 = t090C: Temperature [ITS-90, deg C]
# name 3 = t190C: Temperature, 2 [ITS-90, deg C]
# name 4 = c0mS/cm: Conductivity [mS/cm]
# name 5 = c1mS/cm: Conductivity, 2 [mS/cm]
# name 6 = sbeox0ML/L: Oxygen, SBE 43 [ml/l]
# name 7 = sbeox0V: Oxygen raw, SBE 43 [V]
# name 8 = spar: SPAR/Surface Irradiance
# name 9 = flECO-AFL: Fluorescence, WET Labs ECO-AFL/FL [mg/m^3]
# name 10 = v2: Voltage 2
# name 11 = altM: Altimeter [m]
# name 12 = CStarTr0: Beam Transmission, WET Labs C-Star [%]
# name 13 = turbWETntu0: Turbidity, WET Labs ECO [NTU]
# name 14 = scan: Scan Count
# name 15 = sbeox0ML/L: Oxygen, SBE 43 [ml/l], WS = 2
# name 16 = sbeox0dOV/dT: Oxygen, SBE 43 [dov/dt], WS = 2
# name 17 = sal00: Salinity, Practical [PSU]
# name 18 = sal11: Salinity, Practical, 2 [PSU]
# name 19 = nbin: number of scans per bin
# name 20 = flag: flag
# span 0 =      2.000,   2852.000       
# span 1 =      1.981,   2806.161       
# span 2 =     1.5231,     8.3781       
# span 3 =     1.5236,     8.3791       
# span 4 =  31.479872,  36.423672       
# span 5 =  31.480015,  36.424631       
# span 6 =    5.99431,    6.92749       
# span 7 =     1.6692,     2.5214       
# span 8 = 2.9654e+02, 4.3121e+02       
# span 9 =    -0.0343,     1.6518       
# span 10 =     0.0000,     0.0000      
# span 11 =       9.23,      99.33      
# span 12 =    92.9220,    97.5686      
# span 13 =     0.0717,     0.1400      
# span 14 =        500,     160805      
# span 15 =    5.99424,    6.92822      
# span 16 =    0.00000,    0.00000      
# span 17 =    34.8437,    34.9417      
# span 18 =    34.8427,    34.9422      
# span 19 =         31,        139      
# span 20 = 0.0000e+00, 0.0000e+00      
# interval = decibars: 2                
# start_time = Aug 19 2015 12:16:11 [NMEA time, header]
# bad_flag = -9.990e-29
*END*
[from data line 897]
   1796.000   1771.490     3.3569     3.3572  32.703387  32.703579    6.03120     1.7987 3.2872e+02    -0.0227     0.0000      98.78    97.5344     0.0755      50173    6.03106    0.00000    34.9301    34.9300         43 0.0000e+00
   1798.000   1773.455     3.3561     3.3565  32.703471  32.703708    6.03081     1.7982 3.3010e+02    -0.0224     0.0000      98.78    97.5287     0.0755      50221    6.03066    0.00000    34.9300    34.9299         55 0.0000e+00
   1800.000   1775.419     3.3501     3.3500  32.698179  32.698318    6.03291     1.7981 3.3059e+02    -0.0232     0.0000      98.78    97.5402     0.0755      50271    6.03273    0.00000    34.9291    34.9294         39 0.0000e+00
   1802.000   1777.383     3.3437     3.3441  32.692870  32.693327    6.03407     1.7978 3.2974e+02    -0.0233     0.0000      98.78    97.5350     0.0755      50305    6.03387    0.00000    34.9286    34.9287         36 0.0000e+00
   1804.000   1779.347     3.3408     3.3413  32.690941  32.691380    6.03263     1.7970 3.3103e+02    -0.0228     0.0000      98.78    97.5343     0.0755      50356    6.03247    0.00000    34.9285    34.9284         63 0.0000e+00
   1806.000   1781.312     3.3390     3.3395  32.690277  32.690692    6.02998     1.7961 3.3211e+02    -0.0237     0.0000      98.78    97.5411     0.0755      50407    6.02986    0.00000    34.9286    34.9286         37 0.0000e+00
   1808.000   1783.276     3.3349     3.3354  32.687218  32.687569    6.03397     1.7964 3.3069e+02    -0.0225     0.0000      98.78    97.5361     0.0755      50441    6.03374    0.00000    34.9283    34.9282         37 0.0000e+00
   1810.000   1785.240     3.3338     3.3350  32.687013  32.687958    6.03291     1.7958 3.3229e+02    -0.0234     0.0000      98.78    97.5301     0.0755      50504    6.03271    0.00000    34.9282    34.9281         76 0.0000e+00
   1812.000   1787.205     3.3298     3.3301  32.684503  32.684896    6.03961     1.7968 3.3261e+02    -0.0225     0.0000      98.78    97.5282     0.0755      50555    6.03949    0.00000    34.9285    34.9286         35 0.0000e+00
   1814.000   1789.169     3.3284     3.3289  32.684126  32.684523    6.04275     1.7971 3.3157e+02    -0.0226     0.0000      98.78    97.5239     0.0755      50592    6.04263    0.00000    34.9285    34.9285         43 0.0000e+00
   1816.000   1791.133     3.3271     3.3277  32.683781  32.684166    6.04565     1.7973 3.3260e+02    -0.0225     0.0000      98.78    97.5307     0.0755      50642    6.04550    0.00000    34.9285    34.9284         50 0.0000e+00
   1818.000   1793.097     3.3252     3.3256  32.682713  32.683083    6.04762     1.7973 3.3231e+02    -0.0232     0.0000      98.78    97.5325     0.0755      50685    6.04739    0.00000    34.9283    34.9283         38 0.0000e+00
   1820.000   1795.061     3.3229     3.3233  32.681270  32.681454    6.04500     1.7963 3.3139e+02    -0.0225     0.0000      98.78    97.5259     0.0755      50726    6.04478    0.00000    34.9281    34.9279         50 0.0000e+00
   1822.000   1797.025     3.3213     3.3217  32.680623  32.680938    6.04002     1.7949 3.3244e+02    -0.0223     0.0000      98.78    97.5351     0.0755      50784    6.03992    0.00000    34.9280    34.9279         53 0.0000e+00
   1824.000   1798.989     3.3191     3.3196  32.679619  32.679934    6.03990     1.7945 3.3262e+02    -0.0228     0.0000      98.78    97.5417     0.0755      50826    6.03977    0.00000    34.9282    34.9280         39 0.0000e+00
   1826.000   1800.954     3.3174     3.3180  32.679022  32.679408    6.03863     1.7938 3.3247e+02    -0.0228     0.0000      98.78    97.5331     0.0755      50876    6.03852    0.00000    34.9282    34.9281         64 0.0000e+00
   1828.000   1802.918     3.3158     3.3162  32.678555  32.678867    6.03947     1.7936 3.3238e+02    -0.0226     0.0000      98.78    97.5411     0.0755      50931    6.03931    0.00000    34.9285    34.9284         40 0.0000e+00
   1830.000   1804.882     3.3136     3.3142  32.677487  32.677836    6.04138     1.7936 3.3199e+02    -0.0230     0.0000      98.78    97.5281     0.0755      50969    6.04120    0.00000    34.9285    34.9284         40 0.0000e+00
   1832.000   1806.846     3.3229     3.3233  32.688501  32.688322    6.03956     1.7932 3.3176e+02    -0.0226     0.0000      98.78    97.5398     0.0755      51014    6.03930    0.00000    34.9308    34.9302         49 0.0000e+00
   1834.000   1808.810     3.3292     3.3297  32.696054  32.696224    6.03950     1.7931 3.3087e+02    -0.0237     0.0000      98.78    97.5331     0.0755      51059    6.03937    0.00000    34.9322    34.9319         40 0.0000e+00
   1836.000   1810.774     3.3305     3.3311  32.698317  32.698706    6.03861     1.7927 3.3104e+02    -0.0227     0.0000      98.78    97.5347     0.0755      51099    6.03841    0.00000    34.9325    34.9324         45 0.0000e+00
   1838.000   1812.738     3.3341     3.3347  32.703209  32.703582    6.03338     1.7914 3.3155e+02    -0.0229     0.0000      98.78    97.5294     0.0755      51154    6.03315    0.00000    34.9336    34.9334         60 0.0000e+00
   1840.000   1814.702     3.3346     3.3350  32.704907  32.705233    6.02997     1.7902 3.3150e+02    -0.0224     0.0000      98.78    97.5306     0.0755      51211    6.02889    0.00000    34.9341    34.9341         53 0.0000e+00
   1842.000   1816.666     3.3343     3.3348  32.705674  32.706010    6.02937     1.7899 3.3143e+02    -0.0224     0.0000      98.78    97.5385     0.0755      51259    6.02921    0.00000    34.9344    34.9343         43 0.0000e+00
   1844.000   1818.630     3.3348     3.3353  32.707527  32.707859    6.02992     1.7897 3.3093e+02    -0.0230     0.0000      98.78    97.5331     0.0755      51300    6.02971    0.00000    34.9351    34.9349         41 0.0000e+00
   1846.000   1820.593     3.3344     3.3349  32.708079  32.708483    6.02879     1.7891 3.3069e+02    -0.0227     0.0000      98.78    97.5317     0.0755      51342    6.02862    0.00000    34.9352    34.9351         43 0.0000e+00
   1848.000   1822.557     3.3347     3.3353  32.709347  32.709635    6.02818     1.7887 3.3068e+02    -0.0228     0.0000      98.78    97.5308     0.0755      51384    6.02799    0.00000    34.9354    34.9351         41 0.0000e+00
   1850.000   1824.522     3.3345     3.3348  32.710132  32.710438    6.02509     1.7877 3.3049e+02    -0.0226     0.0000      98.78    97.5352     0.0755      51430    6.02496    0.00000    34.9356    34.9356         54 0.0000e+00
   1852.000   1826.485     3.3318     3.3322  32.708247  32.708704    6.02184     1.7866 3.3050e+02    -0.0233     0.0000      98.78    97.5335     0.0755      51488    6.02182    0.00000    34.9352    34.9353         57 0.0000e+00
   1854.000   1828.449     3.3290     3.3296  32.706275  32.706848    6.02283     1.7863 3.3078e+02    -0.0231     0.0000      98.78    97.5376     0.0755      51540    6.02243    0.00000    34.9349    34.9350         48 0.0000e+00
   1856.000   1830.413     3.3264     3.3269  32.704638  32.705103    6.02386     1.7862 3.3054e+02    -0.0229     0.0000      98.78    97.5386     0.0755      51586    6.02391    0.00000    34.9347    34.9348         43 0.0000e+00
   1858.000   1832.377     3.3262     3.3268  32.705417  32.705810    6.02117     1.7853 3.2984e+02    -0.0227     0.0000      98.78    97.5292     0.0755      51624    6.02109    0.00000    34.9348    34.9348         36 0.0000e+00
   1860.000   1834.341     3.3226     3.3231  32.702828  32.703280    6.02054     1.7847 3.3021e+02    -0.0227     0.0000      98.78    97.5341     0.0755      51665    6.02048    0.00000    34.9346    34.9346         47 0.0000e+00
   1862.000   1836.304     3.3223     3.3228  32.703504  32.703786    6.01846     1.7839 3.3076e+02    -0.0223     0.0000      98.78    97.5351     0.0755      51718    6.01841    0.00000    34.9348    34.9346         53 0.0000e+00
   1864.000   1838.268     3.3201     3.3206  32.702298  32.702844    6.02454     1.7848 3.3057e+02    -0.0227     0.0000      98.78    97.5257     0.0755      51766    6.02435    0.00000    34.9347    34.9349         48 0.0000e+00
   1866.000   1840.232     3.3166     3.3169  32.699665  32.700001    6.02934     1.7852 3.3079e+02    -0.0229     0.0000      98.78    97.5366     0.0755      51818    6.02874    0.00000    34.9343    34.9344         52 0.0000e+00
   1868.000   1842.196     3.3114     3.3118  32.695560  32.695990    6.03114     1.7852 3.3048e+02    -0.0223     0.0000      98.78    97.5326     0.0755      51863    6.03120    0.00000    34.9339    34.9340         41 0.0000e+00
   1870.000   1844.159     3.3042     3.3047  32.689343  32.690012    6.03233     1.7848 3.3031e+02    -0.0228     0.0000      98.78    97.5399     0.0755      51906    6.03215    0.00000    34.9332    34.9335         47 0.0000e+00
   1872.000   1846.123     3.2880     3.2885  32.673964  32.674797    6.03191     1.7838 3.3050e+02    -0.0225     0.0000      98.78    97.5347     0.0755      51956    6.03194    0.00000    34.9310    34.9315         49 0.0000e+00
   1874.000   1848.087     3.2826     3.2834  32.669476  32.669977    6.03073     1.7829 3.2970e+02    -0.0224     0.0000      98.78    97.5409     0.0755      52000    6.02967    0.00000    34.9304    34.9302         41 0.0000e+00
   1876.000   1850.050     3.2786     3.2791  32.666308  32.666943    6.03230     1.7828 3.2973e+02    -0.0224     0.0000      98.78    97.5400     0.0755      52043    6.03183    0.00000    34.9299    34.9301         48 0.0000e+00
   1878.000   1852.014     3.2721     3.2728  32.660860  32.661482    6.03443     1.7828 3.3013e+02    -0.0228     0.0000      98.78    97.5421     0.0755      52096    6.03433    0.00000    34.9293    34.9294         52 0.0000e+00
   1880.000   1853.978     3.2662     3.2668  32.656140  32.656494    6.03818     1.7830 3.2896e+02    -0.0222     0.0000      98.78    97.5398     0.0755      52143    6.03806    0.00000    34.9289    34.9288         45 0.0000e+00
   1882.000   1855.941     3.2642     3.2647  32.655575  32.655904    6.04056     1.7831 3.2913e+02    -0.0226     0.0000      98.78    97.5395     0.0755      52191    6.04040    0.00000    34.9295    34.9293         50 0.0000e+00
   1884.000   1857.905     3.2628     3.2634  32.655227  32.655575    6.04142     1.7829 3.2871e+02    -0.0233     0.0000      98.78    97.5435     0.0755      52238    6.04119    0.00000    34.9295    34.9293         42 0.0000e+00
   1886.000   1859.868     3.2631     3.2637  32.656431  32.656743    6.04003     1.7823 3.2859e+02    -0.0229     0.0000      98.78    97.5339     0.0755      52278    6.03981    0.00000    34.9297    34.9294         43 0.0000e+00
   1888.000   1861.832     3.2592     3.2598  32.653594  32.654114    6.03912     1.7816 3.2854e+02    -0.0233     0.0000      98.78    97.5393     0.0755      52327    6.03878    0.00000    34.9295    34.9294         53 0.0000e+00
   1890.000   1863.795     3.2627     3.2634  32.658348  32.658659    6.03951     1.7816 3.2860e+02    -0.0225     0.0000      98.78    97.5460     0.0755      52376    6.03977    0.00000    34.9305    34.9301         46 0.0000e+00
   1892.000   1865.759     3.2642     3.2647  32.660825  32.661139    6.04131     1.7817 3.2901e+02    -0.0228     0.0000      98.78    97.5397     0.0755      52425    6.04148    0.00000    34.9309    34.9307         51 0.0000e+00
   1894.000   1867.722     3.2634     3.2639  32.660970  32.661320    6.04292     1.7817 3.2877e+02    -0.0224     0.0000      98.78    97.5414     0.0755      52472    6.04314    0.00000    34.9309    34.9308         42 0.0000e+00
   1896.000   1869.686     3.2605     3.2611  32.659219  32.659609    6.04053     1.7807 3.2885e+02    -0.0228     0.0000      98.78    97.5406     0.0755      52515    6.04053    0.00000    34.9309    34.9308         49 0.0000e+00
   1898.000   1871.649     3.2590     3.2595  32.658688  32.658989    6.03588     1.7793 3.3024e+02    -0.0228     0.0000      98.78    97.5327     0.0755      52567    6.03566    0.00000    34.9309    34.9307         48 0.0000e+00
   1900.000   1873.613     3.2575     3.2580  32.658173  32.658591    6.03846     1.7795 3.3013e+02    -0.0234     0.0000      98.78    97.5406     0.0755      52609    6.03838    0.00000    34.9309    34.9308         40 0.0000e+00
   1902.000   1875.576     3.2551     3.2557  32.656866  32.657312    6.03501     1.7784 3.3072e+02    -0.0225     0.0000      98.78    97.5463     0.0755      52655    6.03485    0.00000    34.9309    34.9308         55 0.0000e+00
   1904.000   1877.539     3.2532     3.2538  32.655974  32.656432    6.03517     1.7780 3.3202e+02    -0.0227     0.0000      98.78    97.5342     0.0755      52711    6.03501    0.00000    34.9309    34.9308         49 0.0000e+00
   1906.000   1879.503     3.2503     3.2508  32.654043  32.654492    6.03768     1.7781 3.3215e+02    -0.0225     0.0000      98.78    97.5433     0.0755      52752    6.03770    0.00000    34.9307    34.9307         38 0.0000e+00
   1908.000   1881.466     3.2481     3.2488  32.652813  32.653262    6.03563     1.7773 3.3294e+02    -0.0225     0.0000      98.78    97.5416     0.0755      52798    6.03551    0.00000    34.9306    34.9304         56 0.0000e+00
   1910.000   1883.430     3.2459     3.2465  32.651570  32.651890    6.03595     1.7769 3.3407e+02    -0.0224     0.0000      98.78    97.5474     0.0755      52853    6.03562    0.00000    34.9305    34.9302         47 0.0000e+00
   1912.000   1885.393     3.2452     3.2458  32.651789  32.652108    6.03771     1.7769 3.3443e+02    -0.0230     0.0000      98.78    97.5438     0.0755      52894    6.03744    0.00000    34.9305    34.9303         39 0.0000e+00
   1914.000   1887.356     3.2446     3.2453  32.652095  32.652444    6.03737     1.7765 3.3422e+02    -0.0227     0.0000      98.78    97.5450     0.0755      52937    6.03733    0.00000    34.9305    34.9302         49 0.0000e+00
   1916.000   1889.319     3.2439     3.2445  32.652213  32.652476    6.03526     1.7758 3.3626e+02    -0.0226     0.0000      98.78    97.5456     0.0755      52988    6.03524    0.00000    34.9304    34.9302         49 0.0000e+00
   1918.000   1891.283     3.2435     3.2441  32.652705  32.653065    6.03606     1.7756 3.3631e+02    -0.0224     0.0000      98.78    97.5396     0.0755      53034    6.03599    0.00000    34.9305    34.9303         46 0.0000e+00
   1920.000   1893.246     3.2429     3.2435  32.653018  32.653372    6.03733     1.7755 3.3623e+02    -0.0223     0.0000      98.78    97.5477     0.0755      53083    6.03720    0.00000    34.9305    34.9303         53 0.0000e+00
   1922.000   1895.209     3.2411     3.2417  32.652209  32.652645    6.03989     1.7756 3.3731e+02    -0.0231     0.0000      98.78    97.5445     0.0755      53133    6.03966    0.00000    34.9305    34.9304         44 0.0000e+00
   1924.000   1897.172     3.2387     3.2393  32.650968  32.651339    6.04019     1.7752 3.3723e+02    -0.0223     0.0000      98.78    97.5420     0.0755      53174    6.03996    0.00000    34.9306    34.9304         41 0.0000e+00
   1926.000   1899.136     3.2375     3.2381  32.650678  32.651026    6.03975     1.7745 3.3692e+02    -0.0232     0.0000      98.78    97.5485     0.0755      53219    6.03842    0.00000    34.9306    34.9304         49 0.0000e+00
   1928.000   1901.099     3.2378     3.2384  32.651728  32.652054    6.03967     1.7745 3.3823e+02    -0.0227     0.0000      98.78    97.5493     0.0755      53271    6.03966    0.00000    34.9306    34.9303         54 0.0000e+00
   1930.000   1903.062     3.2385     3.2389  32.653267  32.653366    6.04043     1.7744 3.3898e+02    -0.0227     0.0000      98.78    97.5444     0.0755      53321    6.04056    0.00000    34.9307    34.9304         44 0.0000e+00
