Ship_data/Irminger/Irminger-2/ctd/process/OOI/at30_001.ros
* Sea-Bird SBE 9 Data File:
* FileName = C:\data\ctd\at30_001.hex
* Software Version Seasave V 7.21f
* Temperature SN = 2265
* Conductivity SN = 3021
* Number of Bytes Per Scan = 40
* Number of Voltage Words = 5
* Number of Scans Averaged by the Deck Unit = 1
* NMEA Latitude = 42 32.87 N
* NMEA Longitude = 062 35.04 W
* NMEA UTC (Time) = Aug 07 2015  12:39:53
# nquan = 17
# nvalues = 1176                                  
# units = specified
# name 0 = prDM: Pressure, Digiquartz [db]
# name 1 = depSM: Depth [salt water, m]
# name 2 = t090C: Temperature [ITS-90, deg C]
# name 3 = t190C: Temperature, 2 [ITS-90, deg C]
# name 4 = c0mS/cm: Conductivity [mS/cm]
# name 5 = c1mS/cm: Conductivity, 2 [mS/cm]
# name 6 = sbeox0ML/L: Oxygen, SBE 43 [ml/l]
# name 7 = sbeox0V: Oxygen raw, SBE 43 [V]
# name 8 = spar: SPAR/Surface Irradiance
# name 9 = flECO-AFL: Fluorescence, WET Labs ECO-AFL/FL [mg/m^3]
# name 10 = v2: Voltage 2
# name 11 = altM: Altimeter [m]
# name 12 = CStarTr0: Beam Transmission, WET Labs C-Star [%]
# name 13 = turbWETntu0: Turbidity, WET Labs ECO [NTU]
# name 14 = scan: Scan Count
# name 15 = nbf: Bottles Fired
# name 16 = flag:  0.000e+00
# interval = seconds: 0.0416667
# start_time = Aug 07 2015 12:39:53 [NMEA time, header]
# bad_flag = -9.990e-29
*END*
[from data line 171]
   1505.182   1487.929     3.9753     3.9767  33.156808  33.157314    5.76280     1.8112 1.5296e+03    -0.0072     0.0000      98.78    97.5754     0.0707     136274          4  0.000e+00
   1505.315   1488.060     3.9753     3.9764  33.156747  33.157199    5.76290     1.8112 1.5316e+03    -0.0145     0.0000      98.78    97.5754     0.0707     136275          4  0.000e+00
   1505.249   1487.995     3.9752     3.9765  33.156747  33.157026    5.76287     1.8112 1.5316e+03    -0.0145     0.0000      98.78    97.5754     0.0707     136276          4  0.000e+00
   1505.249   1487.995     3.9752     3.9767  33.156626  33.157314    5.76287     1.8112 1.5296e+03    -0.0072     0.0000      98.78    97.5754     0.0707     136277          4  0.000e+00
   1505.182   1487.929     3.9750     3.9767  33.156504  33.157659    5.76285     1.8112 1.5296e+03    -0.0145     0.0000      98.78    97.5754     0.0707     136278          4  0.000e+00
   1505.249   1487.995     3.9750     3.9767  33.156505  33.156911    5.76290     1.8112 1.5316e+03    -0.0145     0.0000      98.78    97.5754     0.0707     136279          4  0.000e+00
   1505.249   1487.995     3.9752     3.9767  33.156687  33.157314    5.76840     1.8124 1.5296e+03    -0.0072     0.0000      98.78    97.5754     0.0707     136280          4  0.000e+00
   1505.191   1487.938     3.9752     3.9767  33.156504  33.156738    5.76283     1.8112 1.5296e+03    -0.0145     0.0000      98.78    97.6016     0.0707     136281          4  0.000e+00
   1505.249   1487.995     3.9752     3.9767  33.156444  33.157026    5.76288     1.8112 1.5316e+03    -0.0145     0.0000      98.78    97.6016     0.0707     136282          4  0.000e+00
   1505.191   1487.938     3.9752     3.9768  33.156504  33.157487    5.76283     1.8112 1.5316e+03    -0.0145     0.0000      98.78    97.6016     0.0707     136283          4  0.000e+00
   1505.183   1487.930     3.9752     3.9767  33.156504  33.157314    5.76283     1.8112 1.5296e+03    -0.0072     0.0000      98.78    97.5754     0.0707     136284          4  0.000e+00
   1505.191   1487.938     3.9752     3.9768  33.156504  33.156738    5.76283     1.8112 1.5296e+03    -0.0072     0.0000      98.78    97.5754     0.0707     136285          4  0.000e+00
   1505.183   1487.930     3.9752     3.9764  33.156444  33.157026    5.76283     1.8112 1.5316e+03    -0.0145     0.0000      98.78    97.5754     0.0707     136286          4  0.000e+00
   1505.125   1487.872     3.9753     3.9767  33.156444  33.157199    5.76277     1.8112 1.5296e+03    -0.0145     0.0000      98.78    97.6016     0.0707     136287          4  0.000e+00
   1505.183   1487.930     3.9755     3.9764  33.156504  33.157026    5.76279     1.8112 1.5316e+03    -0.0145     0.0000      98.78    97.6016     0.0707     136288          4  0.000e+00
   1505.191   1487.938     3.9753     3.9765  33.156929  33.157026    5.76280     1.8112 1.5316e+03    -0.0145     0.0000      98.78    97.6016     0.0707     136289          4  0.000e+00
   1505.125   1487.873     3.9753     3.9765  33.156686  33.156738    5.76276     1.8112 1.5316e+03    -0.0072     0.0000      98.78    97.6016     0.0707     136290          4  0.000e+00
   1505.125   1487.873     3.9753     3.9767  33.156868  33.156911    5.76275     1.8112 1.5316e+03    -0.0145     0.0000      98.78    97.6016     0.0707     136291          4  0.000e+00
   1505.125   1487.873     3.9753     3.9768  33.156868  33.157026    5.76275     1.8112 1.5336e+03    -0.0145     0.0000      98.78    97.5754     0.0707     136292          4  0.000e+00
   1505.125   1487.873     3.9756     3.9767  33.156625  33.157314    5.76272     1.8112 1.5316e+03    -0.0145     0.0000      98.78    97.5754     0.0707     136293          4  0.000e+00
   1505.125   1487.873     3.9755     3.9764  33.156686  33.156738    5.76274     1.8112 1.5316e+03    -0.0145     0.0000      98.78    97.5754     0.0707     136294          4  0.000e+00
   1505.059   1487.807     3.9756     3.9768  33.156807  33.157198    5.76267     1.8112 1.5336e+03    -0.0145     0.0000      98.78    97.5754     0.0707     136295          4  0.000e+00
   1505.125   1487.873     3.9753     3.9764  33.156989  33.157026    5.76275     1.8112 1.5336e+03    -0.0145     0.0000      98.78    97.5754     0.0707     136296          4  0.000e+00
   1505.059   1487.807     3.9756     3.9764  33.156807  33.157026    5.76267     1.8112 1.5336e+03    -0.0072     0.0000      98.78    97.5754     0.0707     136297          4  0.000e+00
   1505.067   1487.816     3.9757     3.9765  33.156747  33.157026    5.76267     1.8112 1.5336e+03    -0.0072     0.0000      98.78    97.5754     0.0707     136298          4  0.000e+00
   1505.189   1487.936     3.9750     3.9765  33.156383  33.157314    5.76841     1.8124 1.5396e+03    -0.0145     0.0000      98.78    97.6016     0.0707     136432          5  0.000e+00
   1505.198   1487.945     3.9750     3.9766  33.156201  33.157026    5.76842     1.8124 1.5396e+03    -0.0145     0.0000      98.78    97.5754     0.0707     136433          5  0.000e+00
   1505.190   1487.936     3.9749     3.9765  33.156201  33.157026    5.76291     1.8112 1.5396e+03    -0.0145     0.0000      98.78    97.5754     0.0707     136434          5  0.000e+00
   1505.198   1487.945     3.9749     3.9767  33.155898  33.156911    5.76293     1.8112 1.5396e+03    -0.0145     0.0000      98.78    97.5754     0.0707     136435          5  0.000e+00
   1505.256   1488.002     3.9747     3.9765  33.155838  33.157026    5.76852     1.8124 1.5396e+03    -0.0145     0.0000      98.78    97.6016     0.0707     136436          5  0.000e+00
   1505.198   1487.945     3.9747     3.9768  33.156080  33.157026    5.77400     1.8137 1.5396e+03    -0.0145     0.0000      98.78    97.5754     0.0707     136437          5  0.000e+00
   1505.190   1487.937     3.9747     3.9767  33.156201  33.157314    5.76846     1.8124 1.5396e+03    -0.0072     0.0000      98.78    97.6016     0.0707     136438          5  0.000e+00
   1505.198   1487.945     3.9749     3.9767  33.156201  33.157199    5.76291     1.8112 1.5396e+03    -0.0145     0.0000      98.78    97.5754     0.0707     136439          5  0.000e+00
   1505.190   1487.937     3.9747     3.9767  33.156201  33.157026    5.76846     1.8124 1.5396e+03    -0.0145     0.0000      98.78    97.5754     0.0707     136440          5  0.000e+00
   1505.256   1488.002     3.9747     3.9767  33.156141  33.156739    5.76851     1.8124 1.5396e+03    -0.0072     0.0000      98.78    97.5754     0.0707     136441          5  0.000e+00
   1505.190   1487.937     3.9750     3.9767  33.156141  33.157659    5.76289     1.8112 1.5396e+03    -0.0145     0.0000      98.78    97.6016     0.0707     136442          5  0.000e+00
   1505.256   1488.002     3.9750     3.9767  33.156383  33.156911    5.77399     1.8137 1.5396e+03    -0.0145     0.0000      98.78    97.5754     0.0707     136443          5  0.000e+00
   1505.190   1487.937     3.9750     3.9766  33.156323  33.157314    5.76841     1.8124 1.5396e+03    -0.0145     0.0000      98.78    97.5754     0.0707     136444          5  0.000e+00
   1505.198   1487.945     3.9750     3.9767  33.156383  33.156738    5.76842     1.8124 1.5396e+03    -0.0145     0.0000      98.78    97.5754     0.0707     136445          5  0.000e+00
   1505.257   1488.002     3.9752     3.9768  33.156444  33.157314    5.76291     1.8112 1.5396e+03    -0.0145     0.0000      98.78    97.5754     0.0707     136446          5  0.000e+00
   1505.198   1487.945     3.9753     3.9767  33.156444  33.156911    5.76285     1.8112 1.5396e+03    -0.0072     0.0000      98.78    97.5231     0.0707     136447          5  0.000e+00
   1505.257   1488.003     3.9753     3.9768  33.156687  33.157314    5.76288     1.8112 1.5396e+03    -0.0145     0.0000      98.78    97.5231     0.0707     136448          5  0.000e+00
   1505.257   1488.003     3.9753     3.9764  33.156626  33.157026    5.76842     1.8124 1.5396e+03    -0.0145     0.0000      98.78    97.5231     0.0707     136449          5  0.000e+00
   1505.199   1487.945     3.9753     3.9765  33.156504  33.157026    5.76285     1.8112 1.5396e+03    -0.0072     0.0000      98.78    97.5493     0.0707     136450          5  0.000e+00
   1505.257   1488.003     3.9749     3.9765  33.156626  33.156911    5.76847     1.8124 1.5396e+03    -0.0145     0.0000      98.78    97.5231     0.0707     136451          5  0.000e+00
   1505.199   1487.945     3.9747     3.9764  33.156323  33.157026    5.76846     1.8124 1.5416e+03    -0.0072     0.0000      98.78    97.5493     0.0707     136452          5  0.000e+00
   1505.257   1488.003     3.9749     3.9765  33.156383  33.156739    5.76848     1.8125 1.5416e+03    -0.0145     0.0000      98.78    97.5493     0.0707     136453          5  0.000e+00
   1505.199   1487.946     3.9746     3.9764  33.156323  33.157026    5.76294     1.8112 1.5416e+03    -0.0145     0.0000      98.78    97.5493     0.0707     136454          5  0.000e+00
   1505.257   1488.003     3.9745     3.9765  33.156202  33.157199    5.76300     1.8112 1.5416e+03    -0.0145     0.0000      98.78    97.5754     0.0707     136455          5  0.000e+00
   1505.257   1488.003     3.9745     3.9764  33.156020  33.156739    5.76301     1.8112 1.5416e+03    -0.0145     0.0000      98.78    97.5493     0.0707     136456          5  0.000e+00
   1505.191   1487.937     3.9747     3.9765  33.156262  33.157026    5.76293     1.8112 1.5416e+03    -0.0145     0.0000      98.78    97.5754     0.0707     136457          5  0.000e+00
   1505.257   1488.003     3.9749     3.9764  33.156444  33.157026    5.76848     1.8125 1.5436e+03    -0.0145     0.0000      98.78    97.5754     0.0707     136458          5  0.000e+00
   1505.257   1488.003     3.9750     3.9766  33.156080  33.156566    5.76848     1.8125 1.5416e+03    -0.0145     0.0000      98.78    97.5754     0.0707     136459          5  0.000e+00
   1505.257   1488.003     3.9747     3.9764  33.156565  33.156739    5.76296     1.8112 1.5436e+03    -0.0072     0.0000      98.78    97.5754     0.0707     136460          5  0.000e+00
   1505.257   1488.003     3.9749     3.9765  33.156383  33.157026    5.76848     1.8125 1.5436e+03    -0.0145     0.0000      98.78    97.5754     0.0707     136461          5  0.000e+00
   1505.257   1488.003     3.9747     3.9765  33.156323  33.156393    5.76851     1.8125 1.5436e+03    -0.0145     0.0000      98.78    97.5754     0.0707     136462          5  0.000e+00
   1505.191   1487.938     3.9747     3.9764  33.156262  33.157199    5.76846     1.8125 1.5436e+03    -0.0145     0.0000      98.78    97.6016     0.0707     136463          5  0.000e+00
   1505.257   1488.003     3.9745     3.9764  33.156384  33.156739    5.76852     1.8125 1.5436e+03    -0.0145     0.0000      98.78    97.6016     0.0707     136464          5  0.000e+00
   1505.257   1488.003     3.9744     3.9762  33.156323  33.157026    5.76302     1.8112 1.5436e+03    -0.0145     0.0000      98.78    97.5754     0.0707     136465          5  0.000e+00
   1505.324   1488.069     3.9744     3.9764  33.156020  33.156739    5.76308     1.8112 1.5436e+03    -0.0145     0.0000      98.78    97.5754     0.0707     136466          5  0.000e+00
   1505.258   1488.003     3.9744     3.9765  33.156262  33.156566    5.76855     1.8125 1.5436e+03    -0.0072     0.0000      98.78    97.5493     0.0707     136467          5  0.000e+00
   1505.258   1488.003     3.9745     3.9764  33.156020  33.157026    5.76301     1.8112 1.5436e+03    -0.0145     0.0000      98.78    97.5493     0.0707     136468          5  0.000e+00
   1505.258   1488.003     3.9741     3.9762  33.155899  33.156739    5.76860     1.8125 1.5436e+03    -0.0145     0.0000      98.78    97.5493     0.0707     136469          5  0.000e+00
   1505.316   1488.061     3.9741     3.9764  33.155717  33.157027    5.76312     1.8112 1.5456e+03    -0.0145     0.0000      98.78    97.5754     0.0707     136470          5  0.000e+00
   1505.258   1488.004     3.9741     3.9762  33.155414  33.156566    5.76309     1.8112 1.5436e+03    -0.0145     0.0000      98.78    97.5754     0.0707     136471          5  0.000e+00
   1505.316   1488.061     3.9739     3.9762  33.155414  33.157027    5.77422     1.8137 1.5436e+03    -0.0145     0.0000      98.78    97.5754     0.0707     136472          5  0.000e+00
   1505.258   1488.004     3.9739     3.9765  33.155777  33.157026    5.76863     1.8125 1.5436e+03    -0.0145     0.0000      98.78    97.5754     0.0707     136473          5  0.000e+00
   1505.316   1488.061     3.9741     3.9762  33.155717  33.156739    5.76312     1.8112 1.5436e+03    -0.0145     0.0000      98.78    97.5754     0.0707     136474          5  0.000e+00
   1505.258   1488.004     3.9741     3.9764  33.155414  33.156911    5.76862     1.8125 1.5456e+03    -0.0145     0.0000      98.78    97.5754     0.0707     136475          5  0.000e+00
   1505.316   1488.061     3.9739     3.9765  33.155535  33.156739    5.76868     1.8125 1.5456e+03    -0.0145     0.0000      98.78    97.5754     0.0707     136476          5  0.000e+00
   1505.258   1488.004     3.9737     3.9764  33.155596  33.156739    5.76865     1.8125 1.5456e+03    -0.0145     0.0000      98.78    97.5754     0.0707     136477          5  0.000e+00
   1505.316   1488.061     3.9737     3.9765  33.155353  33.156739    5.76318     1.8112 1.5456e+03    -0.0145     0.0000      98.78    97.5754     0.0707     136478          5  0.000e+00
   1505.258   1488.004     3.9737     3.9766  33.155292  33.156911    5.76867     1.8125 1.5456e+03    -0.0145     0.0000      98.78    97.5754     0.0707     136479          5  0.000e+00
   1505.316   1488.061     3.9737     3.9765  33.155353  33.157027    5.76871     1.8125 1.5456e+03    -0.0072     0.0000      98.78    97.5754     0.0707     136480          5  0.000e+00
   1504.640   1487.395     3.9753     3.9767  33.156503  33.156909    5.76244     1.8112 1.5456e+03    -0.0145     0.0000      98.78    97.6016     0.0707     136595          6  0.000e+00
   1504.706   1487.461     3.9752     3.9767  33.156503  33.156737    5.76250     1.8112 1.5456e+03    -0.0072     0.0000      98.78    97.5754     0.0707     136596          6  0.000e+00
   1504.640   1487.395     3.9750     3.9767  33.156503  33.156737    5.76247     1.8112 1.5456e+03    -0.0072     0.0000      98.78    97.6016     0.0707     136597          6  0.000e+00
   1504.648   1487.403     3.9753     3.9764  33.156442  33.156737    5.76798     1.8125 1.5456e+03    -0.0145     0.0000      98.78    97.6016     0.0707     136598          6  0.000e+00
   1504.640   1487.395     3.9753     3.9765  33.156260  33.157197    5.76245     1.8112 1.5456e+03    -0.0072     0.0000      98.78    97.6016     0.0707     136599          6  0.000e+00
   1504.640   1487.395     3.9750     3.9768  33.156200  33.156391    5.76249     1.8112 1.5456e+03    -0.0145     0.0000      98.78    97.6016     0.0707     136600          6  0.000e+00
   1504.582   1487.338     3.9753     3.9765  33.156381  33.156737    5.76240     1.8112 1.5456e+03    -0.0072     0.0000      98.78    97.6016     0.0707     136601          6  0.000e+00
   1504.640   1487.395     3.9752     3.9767  33.156321  33.156737    5.76246     1.8112 1.5456e+03    -0.0145     0.0000      98.78    97.6016     0.0707     136602          6  0.000e+00
   1504.649   1487.404     3.9752     3.9767  33.156200  33.156564    5.76247     1.8112 1.5456e+03    -0.0145     0.0000      98.78    97.5754     0.0707     136603          6  0.000e+00
   1504.574   1487.330     3.9753     3.9765  33.156321  33.156737    5.76793     1.8125 1.5476e+03    -0.0145     0.0000      98.78    97.5493     0.0707     136604          6  0.000e+00
