Ship_data/Irminger/Irminger-2/ctd/process/OOI/at30_009.ros
* Sea-Bird SBE 9 Data File:
* FileName = C:\data\ctd\at30_009.hex
* Software Version Seasave V 7.21f
* Temperature SN = 2265
* Conductivity SN = 3021
* Number of Bytes Per Scan = 40
* Number of Voltage Words = 5
* Number of Scans Averaged by the Deck Unit = 1
* NMEA Latitude = 59 42.40 N
* NMEA Longitude = 039 19.92 W
* NMEA UTC (Time) = Aug 19 2015  15:06:00
** FLMB 1 for cal
# nquan = 17
# nvalues = 588                                   
# units = specified
# name 0 = prDM: Pressure, Digiquartz [db]
# name 1 = depSM: Depth [salt water, m]
# name 2 = t090C: Temperature [ITS-90, deg C]
# name 3 = t190C: Temperature, 2 [ITS-90, deg C]
# name 4 = c0mS/cm: Conductivity [mS/cm]
# name 5 = c1mS/cm: Conductivity, 2 [mS/cm]
# name 6 = sbeox0ML/L: Oxygen, SBE 43 [ml/l]
# name 7 = sbeox0V: Oxygen raw, SBE 43 [V]
# name 8 = spar: SPAR/Surface Irradiance
# name 9 = flECO-AFL: Fluorescence, WET Labs ECO-AFL/FL [mg/m^3]
# name 10 = v2: Voltage 2
# name 11 = altM: Altimeter [m]
# name 12 = CStarTr0: Beam Transmission, WET Labs C-Star [%]
# name 13 = turbWETntu0: Turbidity, WET Labs ECO [NTU]
# name 14 = scan: Scan Count
# name 15 = nbf: Bottles Fired
# name 16 = flag:  0.000e+00
# interval = seconds: 0.0416667
# start_time = Aug 19 2015 15:06:00 [NMEA time, header]
# bad_flag = -9.990e-29
*END*
[from data line 256]
   1174.795   1160.467     3.4975     3.4976  32.519572  32.519820    6.53273     2.0263 2.8066e+02    -0.0219     0.0000      98.78    97.5493     0.0731     138222          6  0.000e+00
   1174.853   1160.524     3.4976     3.4980  32.519452  32.519591    6.53277     2.0263 2.8066e+02    -0.0145     0.0000      98.78    97.5231     0.0731     138223          6  0.000e+00
   1174.853   1160.524     3.4977     3.4979  32.519452  32.520163    6.53276     2.0263 2.8066e+02    -0.0219     0.0000      98.78    97.5231     0.0731     138224          6  0.000e+00
   1174.787   1160.459     3.4974     3.4979  32.519632  32.519820    6.53273     2.0263 2.8066e+02    -0.0219     0.0000      98.78    97.5231     0.0731     138225          6  0.000e+00
   1174.853   1160.524     3.4974     3.4978  32.519753  32.519877    6.53278     2.0263 2.8066e+02    -0.0145     0.0000      98.78    97.5231     0.0731     138226          6  0.000e+00
   1174.853   1160.524     3.4972     3.4979  32.519572  32.520163    6.52746     2.0250 2.8066e+02    -0.0219     0.0000      98.78    97.5493     0.0731     138227          6  0.000e+00
   1174.787   1160.459     3.4974     3.4978  32.519452  32.519877    6.53273     2.0263 2.8066e+02    -0.0219     0.0000      98.78    97.5231     0.0731     138228          6  0.000e+00
   1174.919   1160.589     3.4974     3.4979  32.519392  32.519820    6.53286     2.0263 2.8066e+02    -0.0219     0.0000      98.78    97.5231     0.0731     138229          6  0.000e+00
   1174.787   1160.459     3.4974     3.4980  32.519452  32.520162    6.53273     2.0263 2.8066e+02    -0.0145     0.0000      98.78    97.5231     0.0731     138230          6  0.000e+00
   1174.787   1160.459     3.4973     3.4981  32.519632  32.519820    6.53275     2.0263 2.8066e+02    -0.0145     0.0000      98.78    97.4969     0.0731     138231          6  0.000e+00
   1174.853   1160.524     3.4977     3.4978  32.519753  32.520163    6.53273     2.0263 2.8066e+02    -0.0145     0.0000      98.78    97.4969     0.0731     138232          6  0.000e+00
   1174.853   1160.524     3.4974     3.4978  32.519572  32.519820    6.53278     2.0263 2.8066e+02    -0.0219     0.0000      98.78    97.5493     0.0731     138233          6  0.000e+00
   1174.853   1160.524     3.4975     3.4980  32.519452  32.520163    6.53277     2.0263 2.8066e+02    -0.0145     0.0000      98.78    97.5231     0.0731     138234          6  0.000e+00
   1174.853   1160.524     3.4974     3.4978  32.519271  32.519877    6.53280     2.0263 2.8066e+02    -0.0219     0.0000      98.78    97.5231     0.0731     138235          6  0.000e+00
   1174.911   1160.581     3.4975     3.4978  32.519572  32.520163    6.53281     2.0263 2.8066e+02    -0.0145     0.0000      98.78    97.5231     0.0731     138236          6  0.000e+00
   1174.853   1160.524     3.4976     3.4981  32.519572  32.519877    6.53275     2.0263 2.8066e+02    -0.0219     0.0000      98.78    97.5231     0.0731     138237          6  0.000e+00
   1174.911   1160.581     3.4976     3.4979  32.519452  32.520163    6.52745     2.0250 2.8066e+02    -0.0219     0.0000      98.78    97.5231     0.0731     138238          6  0.000e+00
   1174.853   1160.524     3.4975     3.4979  32.519392  32.519877    6.53277     2.0263 2.8066e+02    -0.0219     0.0000      98.78    97.5231     0.0731     138239          6  0.000e+00
   1174.911   1160.581     3.4974     3.4979  32.519632  32.519820    6.53282     2.0263 2.8066e+02    -0.0219     0.0000      98.78    97.5231     0.0731     138240          6  0.000e+00
   1174.911   1160.581     3.4975     3.4980  32.519753  32.519877    6.53280     2.0263 2.8066e+02    -0.0219     0.0000      98.78    97.5231     0.0731     138241          6  0.000e+00
   1174.911   1160.581     3.4976     3.4981  32.519753  32.519820    6.53279     2.0263 2.8066e+02    -0.0145     0.0000      98.78    97.5231     0.0731     138242          6  0.000e+00
   1174.911   1160.581     3.4977     3.4979  32.519572  32.520163    6.53278     2.0263 2.8066e+02    -0.0145     0.0000      98.78    97.5231     0.0731     138243          6  0.000e+00
   1174.977   1160.647     3.4977     3.4978  32.519452  32.519877    6.53285     2.0263 2.8066e+02    -0.0219     0.0000      98.78    97.5231     0.0731     138244          6  0.000e+00
   1174.977   1160.647     3.4977     3.4979  32.519452  32.520449    6.53285     2.0263 2.8066e+02    -0.0219     0.0000      98.78    97.5231     0.0731     138245          6  0.000e+00
   1174.977   1160.647     3.4974     3.4981  32.519633  32.519592    6.53288     2.0263 2.8066e+02    -0.0145     0.0000      98.78    97.5493     0.0731     138246          6  0.000e+00
   1175.035   1160.704     3.4977     3.4978  32.519753  32.520163    6.53288     2.0263 2.8066e+02    -0.0219     0.0000      98.78    97.5493     0.0731     138247          6  0.000e+00
   1174.977   1160.647     3.4977     3.4982  32.519753  32.520163    6.53283     2.0263 2.8066e+02    -0.0145     0.0000      98.78    97.5231     0.0731     138248          6  0.000e+00
   1175.035   1160.704     3.4977     3.4979  32.519512  32.520163    6.53289     2.0263 2.8066e+02    -0.0219     0.0000      98.78    97.5231     0.0731     138249          6  0.000e+00
   1175.035   1160.704     3.4976     3.4981  32.519633  32.520163    6.53290     2.0263 2.8066e+02    -0.0219     0.0000      98.78    97.5493     0.0731     138250          6  0.000e+00
   1175.101   1160.769     3.4977     3.4978  32.519753  32.520449    6.53293     2.0263 2.8066e+02    -0.0219     0.0000      98.78    97.5231     0.0731     138251          6  0.000e+00
   1175.101   1160.769     3.4977     3.4979  32.519753  32.520163    6.53293     2.0263 2.8066e+02    -0.0219     0.0000      98.78    97.5231     0.0731     138252          6  0.000e+00
   1175.101   1160.769     3.4978     3.4979  32.519753  32.520163    6.53292     2.0263 2.8066e+02    -0.0219     0.0000      98.78    97.5231     0.0731     138253          6  0.000e+00
   1175.159   1160.826     3.4977     3.4978  32.519753  32.520164    6.53298     2.0263 2.8066e+02    -0.0219     0.0000      98.78    97.5231     0.0731     138254          6  0.000e+00
   1175.101   1160.769     3.4975     3.4981  32.519934  32.520163    6.52759     2.0250 2.8066e+02    -0.0219     0.0000      98.78    97.5231     0.0731     138255          6  0.000e+00
   1175.159   1160.826     3.4977     3.4980  32.519633  32.520449    6.53299     2.0263 2.8066e+02    -0.0145     0.0000      98.78    97.5493     0.0731     138256          6  0.000e+00
   1175.225   1160.891     3.4976     3.4979  32.519633  32.520164    6.53306     2.0263 2.8066e+02    -0.0219     0.0000      98.78    97.5493     0.0731     138257          6  0.000e+00
   1175.225   1160.891     3.4977     3.4981  32.519874  32.520449    6.53303     2.0263 2.8066e+02    -0.0219     0.0000      98.78    97.5231     0.0731     138258          6  0.000e+00
   1175.225   1160.891     3.4976     3.4979  32.519814  32.520164    6.53305     2.0263 2.8066e+02    -0.0145     0.0000      98.78    97.5231     0.0731     138259          6  0.000e+00
    972.025    960.634     3.5789     3.5794  32.511231  32.511754    6.60073     2.0861 2.8266e+02    -0.0219     0.0000      98.78    97.5231     0.0731     145837          7  0.000e+00
    971.967    960.577     3.5791     3.5792  32.511111  32.511525    6.60066     2.0861 2.8266e+02    -0.0219     0.0000      98.78    97.5231     0.0731     145838          7  0.000e+00
    971.967    960.577     3.5789     3.5794  32.511592  32.511753    6.60066     2.0861 2.8266e+02    -0.0145     0.0000      98.78    97.5231     0.0731     145839          7  0.000e+00
    972.074    960.683     3.5789     3.5789  32.511111  32.511811    6.60078     2.0861 2.8266e+02    -0.0219     0.0000      98.78    97.5231     0.0731     145840          7  0.000e+00
    971.967    960.577     3.5791     3.5792  32.511051  32.511125    6.60066     2.0861 2.8266e+02    -0.0145     0.0000      98.78    97.5231     0.0731     145841          7  0.000e+00
    972.025    960.634     3.5791     3.5791  32.511171  32.511411    6.60070     2.0861 2.8266e+02    -0.0145     0.0000      98.78    97.5231     0.0731     145842          7  0.000e+00
    971.967    960.577     3.5793     3.5794  32.511171  32.511525    6.60063     2.0861 2.8266e+02    -0.0219     0.0000      98.78    97.5231     0.0731     145843          7  0.000e+00
    972.025    960.634     3.5789     3.5792  32.511352  32.511125    6.60072     2.0861 2.8266e+02    -0.0219     0.0000      98.75    97.5493     0.0731     145844          7  0.000e+00
    972.025    960.634     3.5790     3.5792  32.511291  32.511525    6.60070     2.0861 2.8266e+02    -0.0219     0.0000      98.78    97.5231     0.0731     145845          7  0.000e+00
    971.967    960.577     3.5793     3.5792  32.511171  32.511411    6.60063     2.0861 2.8266e+02    -0.0219     0.0000      98.78    97.5231     0.0731     145846          7  0.000e+00
    972.025    960.634     3.5791     3.5792  32.511171  32.511525    6.60070     2.0861 2.8266e+02    -0.0219     0.0000      98.78    97.5231     0.0731     145847          7  0.000e+00
    972.008    960.618     3.5789     3.5791  32.511171  32.511125    6.60071     2.0861 2.8266e+02    -0.0219     0.0000      98.78    97.5231     0.0731     145848          7  0.000e+00
    972.025    960.634     3.5789     3.5792  32.511352  32.511754    6.60071     2.0861 2.8266e+02    -0.0219     0.0000      98.78    97.4969     0.0731     145849          7  0.000e+00
    971.967    960.577     3.5790     3.5792  32.511412  32.511239    6.60064     2.0861 2.8266e+02    -0.0145     0.0000      98.78    97.5231     0.0731     145850          7  0.000e+00
    972.025    960.634     3.5788     3.5792  32.511231  32.511125    6.60073     2.0861 2.8266e+02    -0.0219     0.0000      98.78    97.5231     0.0731     145851          7  0.000e+00
    972.025    960.634     3.5789     3.5792  32.511352  32.511240    6.60071     2.0861 2.8266e+02    -0.0219     0.0000      98.78    97.5231     0.0731     145852          7  0.000e+00
    972.025    960.634     3.5791     3.5791  32.511291  32.511411    6.60069     2.0861 2.8266e+02    -0.0219     0.0000      98.78    97.5493     0.0731     145853          7  0.000e+00
    972.025    960.634     3.5788     3.5791  32.511171  32.511525    6.60073     2.0861 2.8266e+02    -0.0219     0.0000      98.78    97.5231     0.0731     145854          7  0.000e+00
    972.008    960.618     3.5789     3.5792  32.511352  32.511125    6.60069     2.0861 2.8266e+02    -0.0145     0.0000      98.78    97.5493     0.0731     145855          7  0.000e+00
    972.025    960.634     3.5789     3.5791  32.511291  32.511754    6.60071     2.0861 2.8066e+02    -0.0219     0.0000      98.78    97.5493     0.0731     145856          7  0.000e+00
    972.025    960.634     3.5788     3.5794  32.510991  32.511240    6.60074     2.0861 2.8266e+02    -0.0219     0.0000      98.78    97.5493     0.0731     145857          7  0.000e+00
    972.025    960.634     3.5787     3.5792  32.511051  32.511754    6.58517     2.0824 2.8266e+02    -0.0145     0.0000      98.78    97.5493     0.0731     145858          7  0.000e+00
    972.025    960.634     3.5789     3.5792  32.510750  32.511525    6.60073     2.0861 2.8266e+02    -0.0219     0.0000      98.78    97.5231     0.0731     145859          7  0.000e+00
    972.025    960.634     3.5791     3.5792  32.510991  32.511411    6.60070     2.0861 2.8266e+02    -0.0219     0.0000      98.78    97.5493     0.0731     145860          7  0.000e+00
    972.091    960.699     3.5789     3.5791  32.511171  32.511525    6.60077     2.0861 2.8266e+02    -0.0219     0.0000      98.78    97.5231     0.0731     145861          7  0.000e+00
    972.008    960.618     3.5789     3.5792  32.511171  32.511125    6.60069     2.0861 2.8266e+02    -0.0145     0.0000      98.78    97.5231     0.0731     145862          7  0.000e+00
    972.025    960.634     3.5788     3.5791  32.511291  32.511754    6.60072     2.0861 2.8266e+02    -0.0219     0.0000      98.78    97.5493     0.0731     145863          7  0.000e+00
    972.091    960.699     3.5788     3.5794  32.511231  32.511240    6.60078     2.0861 2.8266e+02    -0.0145     0.0000      98.78    97.5231     0.0731     145864          7  0.000e+00
    972.091    960.699     3.5787     3.5791  32.511171  32.511411    6.60080     2.0861 2.8266e+02    -0.0219     0.0000      98.78    97.5493     0.0731     145865          7  0.000e+00
    972.025    960.634     3.5787     3.5792  32.511171  32.511525    6.60074     2.0861 2.8266e+02    -0.0219     0.0000      98.78    97.5231     0.0731     145866          7  0.000e+00
    972.091    960.699     3.5787     3.5792  32.510991  32.511411    6.60080     2.0861 2.8266e+02    -0.0219     0.0000      98.78    97.5231     0.0731     145867          7  0.000e+00
    972.025    960.634     3.5787     3.5791  32.511051  32.511125    6.60075     2.0861 2.8266e+02    -0.0145     0.0000      98.78    97.5231     0.0731     145868          7  0.000e+00
    972.091    960.699     3.5788     3.5792  32.511171  32.511525    6.59558     2.0849 2.8266e+02    -0.0219     0.0000      98.78    97.4969     0.0731     145869          7  0.000e+00
    972.074    960.683     3.5788     3.5792  32.510750  32.511754    6.60078     2.0861 2.8266e+02    -0.0219     0.0000      98.78    97.5231     0.0731     145870          7  0.000e+00
    972.091    960.699     3.5787     3.5792  32.510991  32.511240    6.60080     2.0861 2.8266e+02    -0.0219     0.0000      98.78    97.4969     0.0731     145871          7  0.000e+00
    972.091    960.699     3.5787     3.5792  32.510991  32.511125    6.60080     2.0861 2.8266e+02    -0.0219     0.0000      98.78    97.4969     0.0731     145872          7  0.000e+00
    972.025    960.634     3.5787     3.5792  32.510870  32.511525    6.58516     2.0824 2.8266e+02    -0.0145     0.0000      98.78    97.4708     0.0731     145873          7  0.000e+00
    972.148    960.756     3.5785     3.5791  32.511051  32.511411    6.60087     2.0861 2.8266e+02    -0.0145     0.0000      98.78    97.4708     0.0731     145874          7  0.000e+00
    972.091    960.699     3.5788     3.5791  32.511171  32.511125    6.60077     2.0861 2.8266e+02    -0.0145     0.0000      98.78    97.4708     0.0731     145875          7  0.000e+00
    972.091    960.699     3.5785     3.5791  32.511171  32.511525    6.60081     2.0861 2.8266e+02    -0.0219     0.0000      98.78    97.4708     0.0731     145876          7  0.000e+00
    972.132    960.740     3.5786     3.5792  32.510931  32.511411    6.60085     2.0861 2.8266e+02    -0.0219     0.0000      98.78    97.4969     0.0731     145877          7  0.000e+00
    972.091    960.699     3.5788     3.5792  32.510871  32.511525    6.60078     2.0861 2.8266e+02    -0.0219     0.0000      98.78    97.4969     0.0731     145878          7  0.000e+00
    972.091    960.699     3.5785     3.5794  32.510690  32.511411    6.60084     2.0861 2.8266e+02    -0.0219     0.0000      98.78    97.5231     0.0731     145879          7  0.000e+00
    972.148    960.756     3.5787     3.5789  32.510991  32.511526    6.60085     2.0861 2.8266e+02    -0.0219     0.0000      98.78    97.5231     0.0731     145880          7  0.000e+00
    972.148    960.756     3.5785     3.5794  32.510991  32.511754    6.60087     2.0861 2.8266e+02    -0.0145     0.0000      98.78    97.5231     0.0731     145881          7  0.000e+00
    972.148    960.756     3.5787     3.5791  32.510871  32.511411    6.60085     2.0861 2.8266e+02    -0.0219     0.0000      98.78    97.5493     0.0731     145882          7  0.000e+00
