Ship_data/Irminger/Irminger-2/ctd/process/OOI/at30_002.cnv
* Sea-Bird SBE 9 Data File:
* FileName = C:\data\ctd\at30_002.hex
* Software Version Seasave V 7.21f
* Temperature SN = 2265
* Conductivity SN = 3021
* Number of Bytes Per Scan = 40
* Number of Voltage Words = 5
* Number of Scans Averaged by the Deck Unit = 1
* NMEA Latitude = 42 32.00 N
* NMEA Longitude = 062 34.74 W
* NMEA UTC (Time) = Aug 07 2015  15:18:09
# nquan = 21
# nvalues = 1514                        
# units = specified
# name 0 = prDM: Pressure, Digiquartz [db]
# name 1 = depSM: Depth [salt water, m]
# name 2 = t090C: Temperature [ITS-90, deg C]
# name 3 = t190C: Temperature, 2 [ITS-90, deg C]
# name 4 = c0mS/cm: Conductivity [mS/cm]
# name 5 = c1mS/cm: Conductivity, 2 [mS/cm]
# name 6 = sbeox0ML/L: Oxygen, SBE 43 [ml/l]
# name 7 = sbeox0V: Oxygen raw, SBE 43 [V]
# name 8 = spar: SPAR/Surface Irradiance
# name 9 = flECO-AFL: Fluorescence, WET Labs ECO-AFL/FL [mg/m^3]
# name 10 = v2: Voltage 2
# name 11 = altM: Altimeter [m]
# name 12 = CStarTr0: Beam Transmission, WET Labs C-Star [%]
# name 13 = turbWETntu0: Turbidity, WET Labs ECO [NTU]
# name 14 = scan: Scan Count
# name 15 = sbeox0ML/L: Oxygen, SBE 43 [ml/l], WS = 2
# name 16 = sbeox0dOV/dT: Oxygen, SBE 43 [dov/dt], WS = 2
# name 17 = sal00: Salinity, Practical [PSU]
# name 18 = sal11: Salinity, Practical, 2 [PSU]
# name 19 = nbin: number of scans per bin
# name 20 = flag: flag
# span 0 =      2.000,   1520.000       
# span 1 =      1.984,   1502.526       
# span 2 =     3.9482,    21.4168       
# span 3 =     3.9485,    21.4348       
# span 4 =  33.136699,  47.265778       
# span 5 =  33.136222,  46.855378       
# span 6 =    3.08638,    6.56351       
# span 7 =     1.4464,     2.8747       
# span 8 = 1.0206e+03, 2.1694e+03       
# span 9 =    -0.0192,     1.4889       
# span 10 =     0.0000,     0.0000      
# span 11 =      81.97,      99.54      
# span 12 =    91.8576,    97.7168      
# span 13 =     0.0679,     0.1629      
# span 14 =        426,     183425      
# span 15 =    3.08617,    6.56423      
# span 16 =    0.00000,    0.00000      
# span 17 =    31.9973,    35.7288      
# span 18 =    31.9968,    35.7261      
# span 19 =         25,        227      
# span 20 = 0.0000e+00, 0.0000e+00      
# interval = decibars: 2                
# start_time = Aug 07 2015 15:18:09 [NMEA time, header]
# bad_flag = -9.990e-29
*END*
[from data line 1380]
    278.000    275.621    10.1411    10.1319  38.647492  38.634296    3.12740     1.4796 2.0847e+03    -0.0118     0.0000      98.78    97.5160     0.0755     170325    3.12716    0.00000    35.3046    35.3001         62 0.0000e+00
    276.000    273.639    10.2502    10.1947  38.765663  38.701420    3.13443     1.4845 2.0816e+03    -0.0120     0.0000      98.78    97.5117     0.0755     170385    3.13418    0.00000    35.3197    35.3082         50 0.0000e+00
    274.000    271.658    10.3073    10.2766  38.826037  38.789433    3.14753     1.4900 2.0820e+03    -0.0110     0.0000      98.78    97.5181     0.0755     170427    3.14726    0.00000    35.3264    35.3191         38 0.0000e+00
    272.000    269.676    10.3755    10.3526  38.900270  38.869257    3.15897     1.4953 2.0833e+03    -0.0119     0.0000      98.78    97.5094     0.0755     170466    3.15867    0.00000    35.3364    35.3273         43 0.0000e+00
    270.000    267.694    10.4375    10.4214  38.966848  38.945143    3.17434     1.5016 2.0796e+03    -0.0113     0.0000      98.78    97.5216     0.0755     170515    3.17401    0.00000    35.3447    35.3383         55 0.0000e+00
    268.000    265.713    10.5208    10.4887  39.056819  39.019366    3.18937     1.5084 2.0764e+03    -0.0115     0.0000      98.78    97.5231     0.0755     170573    3.18906    0.00000    35.3558    35.3491         55 0.0000e+00
    266.000    263.731    10.5750    10.5404  39.115464  39.072769    3.20559     1.5149 2.0909e+03    -0.0114     0.0000      98.78    97.5244     0.0755     170620    3.20530    0.00000    35.3635    35.3538         42 0.0000e+00
    264.000    261.749    10.6508    10.6282  39.196962  39.168017    3.21848     1.5208 2.1007e+03    -0.0117     0.0000      98.78    97.5153     0.0755     170666    3.21813    0.00000    35.3732    35.3659         53 0.0000e+00
    262.000    259.768    10.7213    10.6879  39.274296  39.233790    3.23086     1.5265 2.0992e+03    -0.0112     0.0000      98.78    97.5234     0.0755     170718    3.23054    0.00000    35.3838    35.3753         46 0.0000e+00
    260.000    257.786    10.7513    10.7341  39.306331  39.284116    3.25164     1.5340 2.0992e+03    -0.0119     0.0000      98.78    97.5231     0.0755     170762    3.25134    0.00000    35.3879    35.3822         45 0.0000e+00
    258.000    255.804    10.7855    10.7700  39.343432  39.322919    3.27200     1.5413 2.0936e+03    -0.0119     0.0000      98.78    97.5231     0.0755     170808    3.27167    0.00000    35.3930    35.3874         45 0.0000e+00
    256.000    253.823    10.8835    10.8546  39.451061  39.414358    3.28994     1.5495 2.0909e+03    -0.0122     0.0000      98.78    97.5231     0.0755     170854    3.28963    0.00000    35.4073    35.3984         54 0.0000e+00
    254.000    251.841    11.0021    10.9594  39.582494  39.531047    3.31654     1.5608 2.0905e+03    -0.0119     0.0000      98.78    97.5192     0.0755     170915    3.31616    0.00000    35.4253    35.4151         57 0.0000e+00
    252.000    249.859    11.1061    11.0416  39.697343  39.617862    3.34280     1.5717 2.0913e+03    -0.0109     0.0000      98.78    97.5184     0.0755     170961    3.34242    0.00000    35.4408    35.4235         39 0.0000e+00
    250.000    247.877    11.1406    11.1219  39.732241  39.709149    3.38234     1.5852 2.0912e+03    -0.0114     0.0000      98.78    97.5076     0.0755     171000    3.38198    0.00000    35.4432    35.4382         43 0.0000e+00
    248.000    245.896    11.1624    11.1532  39.751890  39.740080    3.43622     1.6029 2.0906e+03    -0.0114     0.0000      98.78    97.4876     0.0755     171050    3.43587    0.00000    35.4427    35.4398         55 0.0000e+00
    246.000    243.913    11.1888    11.1754  39.780114  39.763489    3.50376     1.6250 2.0882e+03    -0.0120     0.0000      98.78    97.4750     0.0755     171103    3.50344    0.00000    35.4463    35.4427         50 0.0000e+00
    244.000    241.932    11.2718    11.2384  39.875397  39.832694    3.54924     1.6417 2.0884e+03    -0.0109     0.0000      98.78    97.4781     0.0755     171151    3.54891    0.00000    35.4622    35.4518         47 0.0000e+00
    242.000    239.950    11.2948    11.2855  39.897050  39.885596    3.57265     1.6499 2.0900e+03    -0.0115     0.0000      98.78    97.4901     0.0755     171199    3.57227    0.00000    35.4625    35.4601         48 0.0000e+00
    240.000    237.968    11.2779    11.2826  39.871190  39.877860    3.58663     1.6542 2.0965e+03    -0.0117     0.0000      98.78    97.4735     0.0755     171244    3.58637    0.00000    35.4540    35.4560         44 0.0000e+00
    238.000    235.986    11.2721    11.2742  39.860192  39.862403    3.62871     1.6676 2.1022e+03    -0.0111     0.0000      98.78    97.4568     0.0755     171292    3.62846    0.00000    35.4494    35.4497         52 0.0000e+00
    236.000    234.004    11.3023    11.2870  39.890656  39.872709    3.67963     1.6847 2.0677e+03    -0.0114     0.0000      98.78    97.4444     0.0755     171343    3.67935    0.00000    35.4516    35.4484         47 0.0000e+00
    234.000    232.022    11.3167    11.3128  39.900114  39.896279    3.71768     1.6973 2.0259e+03    -0.0119     0.0000      98.78    97.4438     0.0755     171389    3.71744    0.00000    35.4481    35.4480         47 0.0000e+00
    232.000    230.040    11.3105    11.3118  39.888939  39.890215    3.76004     1.7108 2.0301e+03    -0.0121     0.0000      98.78    97.4412     0.0755     171439    3.75976    0.00000    35.4438    35.4438         52 0.0000e+00
    230.000    228.058    11.3030    11.3076  39.876182  39.882432    3.79489     1.7219 2.0382e+03    -0.0123     0.0000      98.78    97.4332     0.0755     171489    3.79463    0.00000    35.4392    35.4411         47 0.0000e+00
    228.000    226.076    11.2924    11.2963  39.858702  39.863492    3.81829     1.7292 2.0266e+03    -0.0119     0.0000      98.78    97.4293     0.0755     171535    3.81804    0.00000    35.4329    35.4340         47 0.0000e+00
    226.000    224.094    11.2996    11.2981  39.865363  39.862067    3.84332     1.7377 2.0204e+03    -0.0107     0.0000      98.78    97.4279     0.0755     171584    3.84310    0.00000    35.4336    35.4317         50 0.0000e+00
    224.000    222.112    11.3421    11.3223  39.912602  39.886679    3.86181     1.7450 2.0201e+03    -0.0120     0.0000      98.78    97.4254     0.0755     171632    3.86154    0.00000    35.4405    35.4338         46 0.0000e+00
    222.000    220.130    11.3904    11.3699  39.965470  39.938924    3.87247     1.7500 2.0232e+03    -0.0116     0.0000      98.78    97.4171     0.0755     171677    3.87221    0.00000    35.4475    35.4409         45 0.0000e+00
    220.000    218.148    11.5122    11.4727  40.100899  40.049711    3.87603     1.7547 2.0355e+03    -0.0123     0.0000      98.78    97.4172     0.0755     171724    3.87568    0.00000    35.4657    35.4530         50 0.0000e+00
    218.000    216.166    11.5813    11.5609  40.175898  40.150669    3.88410     1.7595 2.0457e+03    -0.0113     0.0000      98.78    97.4289     0.0755     171776    3.88372    0.00000    35.4745    35.4691         53 0.0000e+00
    216.000    214.183    11.6228    11.6002  40.221873  40.192383    3.88685     1.7619 2.0516e+03    -0.0114     0.0000      98.78    97.4185     0.0755     171828    3.88658    0.00000    35.4810    35.4736         51 0.0000e+00
    214.000    212.201    11.6963    11.6622  40.301760  40.260972    3.88668     1.7641 2.0600e+03    -0.0106     0.0000      98.78    97.4187     0.0755     171876    3.88629    0.00000    35.4903    35.4828         43 0.0000e+00
    212.000    210.219    11.7443    11.7150  40.357450  40.318225    3.88766     1.7661 2.0599e+03    -0.0114     0.0000      98.78    97.4232     0.0755     171916    3.88721    0.00000    35.5001    35.4895         40 0.0000e+00
    210.000    208.237    11.8336    11.8126  40.457526  40.429492    3.89075     1.7699 2.0710e+03    -0.0114     0.0000      98.78    97.4364     0.0755     171961    3.89036    0.00000    35.5140    35.5065         54 0.0000e+00
    208.000    206.255    11.8954    11.8736  40.529242  40.500891    3.89483     1.7732 2.0731e+03    -0.0108     0.0000      98.78    97.4305     0.0755     172023    3.89441    0.00000    35.5263    35.5192         60 0.0000e+00
    206.000    204.273    11.9543    11.9268  40.597277  40.560504    3.90184     1.7774 2.0734e+03    -0.0119     0.0000      98.78    97.4384     0.0755     172070    3.90145    0.00000    35.5376    35.5278         39 0.0000e+00
    204.000    202.290    11.9946    11.9784  40.638591  40.617493    3.91326     1.7825 2.0692e+03    -0.0112     0.0000      98.78    97.4361     0.0755     172111    3.91290    0.00000    35.5404    35.5353         44 0.0000e+00
    202.000    200.308    12.0475    12.0350  40.694105  40.677491    3.92127     1.7869 2.0727e+03    -0.0113     0.0000      98.78    97.4423     0.0755     172165    3.92096    0.00000    35.5452    35.5409         70 0.0000e+00
    200.000    198.326    12.0651    12.0576  40.712128  40.702432    3.92012     1.7875 2.0786e+03    -0.0109     0.0000      98.78    97.4354     0.0755     172240    3.92051    0.00000    35.5469    35.5446         64 0.0000e+00
    198.000    196.343    12.0828    12.0785  40.732713  40.725107    3.91750     1.7874 2.0840e+03    -0.0113     0.0000      98.78    97.4426     0.0755     172295    3.91735    0.00000    35.5511    35.5477         59 0.0000e+00
    196.000    194.361    12.1346    12.1292  40.793999  40.784920    3.91870     1.7895 2.0795e+03    -0.0115     0.0000      98.78    97.4455     0.0755     172381    3.91844    0.00000    35.5624    35.5587         96 0.0000e+00
    194.000    192.379    12.2005    12.1916  40.869998  40.856142    3.92965     1.7952 2.0931e+03    -0.0109     0.0000      98.78    97.4464     0.0755     172466    3.92932    0.00000    35.5746    35.5696         98 0.0000e+00
    192.000    190.396    12.2342    12.2336  40.908269  40.905608    3.95215     1.8037 2.0994e+03    -0.0103     0.0000      98.78    97.4166     0.0755     172580    3.95188    0.00000    35.5807    35.5786        101 0.0000e+00
    190.000    188.414    12.2542    12.2506  40.931401  40.925013    3.95906     1.8069 2.1115e+03    -0.0106     0.0000      98.78    97.4436     0.0755     172664    3.95873    0.00000    35.5850    35.5823         93 0.0000e+00
    188.000    186.432    12.2432    12.2480  40.910947  40.913693    3.97418     1.8117 2.1127e+03    -0.0112     0.0000      98.78    97.4390     0.0755     172771    3.97396    0.00000    35.5765    35.5746        111 0.0000e+00
    186.000    184.449    12.2864    12.2912  40.960179  40.963495    3.97634     1.8140 2.1095e+03    -0.0112     0.0000      98.78    97.4438     0.0755     172872    3.97604    0.00000    35.5842    35.5828         89 0.0000e+00
    184.000    182.467    12.2637    12.2632  40.925142  40.922945    3.97603     1.8135 2.1080e+03    -0.0107     0.0000      98.78    97.4325     0.0755     172970    3.97581    0.00000    35.5725    35.5709        112 0.0000e+00
    182.000    180.484    12.2476    12.2497  40.899657  40.900912    3.96287     1.8091 2.1053e+03    -0.0113     0.0000      98.78    97.4335     0.0755     173070    3.96261    0.00000    35.5639    35.5632         88 0.0000e+00
    180.000    178.502    12.2563    12.2583  40.905497  40.905328    3.95533     1.8071 2.1072e+03    -0.0101     0.0000      98.78    97.4284     0.0755     173169    3.95504    0.00000    35.5622    35.5602        100 0.0000e+00
    178.000    176.519    12.2490    12.2503  40.890447  40.890786    3.96182     1.8094 2.1107e+03    -0.0111     0.0000      98.78    97.4245     0.0755     173272    3.96168    0.00000    35.5554    35.5545        107 0.0000e+00
    176.000    174.537    12.2502    12.2509  40.889869  40.888867    3.95670     1.8080 2.1104e+03    -0.0110     0.0000      98.78    97.4214     0.0755     173363    3.95645    0.00000    35.5546    35.5530         78 0.0000e+00
    174.000    172.554    12.3142    12.3012  40.962243  40.944968    3.95001     1.8080 2.1142e+03    -0.0113     0.0000      98.78    97.4184     0.0755     173473    3.94978    0.00000    35.5650    35.5606         77 0.0000e+00
    172.000    170.572    12.3390    12.3376  40.990668  40.987068    3.95054     1.8092 2.1104e+03    -0.0111     0.0000      98.78    97.4185     0.0755     173557    3.95037    0.00000    35.5700    35.5678        105 0.0000e+00
    170.000    168.589    12.4059    12.3987  41.070838  41.057357    3.94531     1.8097 2.1139e+03    -0.0114     0.0000      98.78    97.4178     0.0755     173667    3.94499    0.00000    35.5851    35.5789         97 0.0000e+00
    168.000    166.607    12.5609    12.5657  41.254081  41.256924    3.94666     1.8149 2.1106e+03    -0.0121     0.0000      98.78    97.4243     0.0755     173765    3.94630    0.00000    35.6164    35.6145        108 0.0000e+00
    166.000    164.624    12.6530    12.6255  41.363232  41.326713    3.96740     1.8246 2.1092e+03    -0.0110     0.0000      98.78    97.4251     0.0755     173856    3.96700    0.00000    35.6353    35.6262         80 0.0000e+00
    164.000    162.641    12.7164    12.7208  41.434161  41.436398    3.98343     1.8320 2.1087e+03    -0.0109     0.0000      98.78    97.4304     0.0755     173958    3.98310    0.00000    35.6445    35.6425        119 0.0000e+00
    162.000    160.659    12.7591    12.7390  41.482133  41.456240    3.99041     1.8358 2.1172e+03    -0.0113     0.0000      98.78    97.4319     0.0755     174057    3.99005    0.00000    35.6512    35.6453         82 0.0000e+00
    160.000    158.676    12.8092    12.8090  41.537843  41.535457    4.00321     1.8418 2.1120e+03    -0.0111     0.0000      98.78    97.4438     0.0755     174155    4.00291    0.00000    35.6583    35.6561        107 0.0000e+00
    158.000    156.693    12.8255    12.8186  41.553071  41.543473    4.02779     1.8507 2.1094e+03    -0.0110     0.0000      98.78    97.4349     0.0755     174251    4.02757    0.00000    35.6583    35.6556         91 0.0000e+00
    156.000    154.710    12.8447    12.8488  41.571980  41.574158    4.01628     1.8478 2.1040e+03    -0.0110     0.0000      98.78    97.4320     0.0755     174349    4.01596    0.00000    35.6592    35.6574        103 0.0000e+00
    154.000    152.728    12.8767    12.8762  41.606647  41.603591    4.00854     1.8464 2.1005e+03    -0.0107     0.0000      98.78    97.4311     0.0755     174449    4.00821    0.00000    35.6631    35.6607        100 0.0000e+00
    152.000    150.745    12.9456    12.9280  41.685088  41.661470    4.02241     1.8533 2.1030e+03    -0.0110     0.0000      98.78    97.4392     0.0755     174545    4.02210    0.00000    35.6742    35.6682         86 0.0000e+00
    150.000    148.762    13.0199    13.0186  41.770134  41.766502    4.10093     1.8818 2.0953e+03    -0.0107     0.0000      98.78    97.4422     0.0755     174644    4.10059    0.00000    35.6863    35.6841        105 0.0000e+00
    148.000    146.780    13.0296    13.0274  41.775328  41.771419    4.16127     1.9024 2.0987e+03    -0.0104     0.0000      98.78    97.4501     0.0755     174736    4.16095    0.00000    35.6830    35.6814         99 0.0000e+00
    146.000    144.797    13.0381    13.0368  41.776737  41.775578    4.17693     1.9081 2.0992e+03    -0.0111     0.0000      98.78    97.4383     0.0755     174839    4.17663    0.00000    35.6773    35.6774         91 0.0000e+00
    144.000    142.814    13.0538    13.0540  41.791020  41.788897    4.11003     1.8867 2.0924e+03    -0.0106     0.0000      98.78    97.4252     0.0755     174935    4.10973    0.00000    35.6770    35.6748         99 0.0000e+00
