Ship_data/Irminger/Irminger-2/ctd/process/OOI/at30_003.ros
* Sea-Bird SBE 9 Data File:
* FileName = C:\data\ctd\at30_003.hex
* Software Version Seasave V 7.21f
* Temperature SN = 2265
* Conductivity SN = 3021
* Number of Bytes Per Scan = 40
* Number of Voltage Words = 5
* Number of Scans Averaged by the Deck Unit = 1
* NMEA Latitude = 42 31.25 N
* NMEA Longitude = 062 34.71 W
* NMEA UTC (Time) = Aug 07 2015  17:47:11
# nquan = 17
# nvalues = 588                                   
# units = specified
# name 0 = prDM: Pressure, Digiquartz [db]
# name 1 = depSM: Depth [salt water, m]
# name 2 = t090C: Temperature [ITS-90, deg C]
# name 3 = t190C: Temperature, 2 [ITS-90, deg C]
# name 4 = c0mS/cm: Conductivity [mS/cm]
# name 5 = c1mS/cm: Conductivity, 2 [mS/cm]
# name 6 = sbeox0ML/L: Oxygen, SBE 43 [ml/l]
# name 7 = sbeox0V: Oxygen raw, SBE 43 [V]
# name 8 = spar: SPAR/Surface Irradiance
# name 9 = flECO-AFL: Fluorescence, WET Labs ECO-AFL/FL [mg/m^3]
# name 10 = v2: Voltage 2
# name 11 = altM: Altimeter [m]
# name 12 = CStarTr0: Beam Transmission, WET Labs C-Star [%]
# name 13 = turbWETntu0: Turbidity, WET Labs ECO [NTU]
# name 14 = scan: Scan Count
# name 15 = nbf: Bottles Fired
# name 16 = flag:  0.000e+00
# interval = seconds: 0.0416667
# start_time = Aug 07 2015 17:47:11 [NMEA time, header]
# bad_flag = -9.990e-29
*END*
[from data line 86]
   1518.113   1500.669     3.9357     3.9366  33.125275  33.125594    5.79389     1.8146 1.4795e+03    -0.0219     0.0000      98.78    97.6277     0.0707     126146          2  0.000e+00
   1518.113   1500.669     3.9355     3.9368  33.125275  33.126227    5.79391     1.8146 1.5617e+03    -0.0219     0.0000      98.78    97.6016     0.0707     126147          2  0.000e+00
   1518.113   1500.669     3.9355     3.9366  33.125154  33.125882    5.78837     1.8133 1.6378e+03    -0.0219     0.0000      98.78    97.5754     0.0707     126148          2  0.000e+00
   1518.113   1500.669     3.9355     3.9368  33.125154  33.125306    5.79391     1.8146 1.7060e+03    -0.0219     0.0000      98.78    97.5754     0.0707     126149          2  0.000e+00
   1518.238   1500.792     3.9355     3.9365  33.125155  33.125307    5.79401     1.8146 1.7621e+03    -0.0219     0.0000      98.78    97.6016     0.0707     126150          2  0.000e+00
   1518.113   1500.669     3.9356     3.9368  33.125154  33.125939    5.79391     1.8146 1.8062e+03    -0.0145     0.0000      98.78    97.6016     0.0707     126151          2  0.000e+00
   1518.171   1500.726     3.9353     3.9366  33.125154  33.125307    5.79398     1.8146 1.8403e+03    -0.0219     0.0000      98.78    97.6016     0.0707     126152          2  0.000e+00
   1518.180   1500.734     3.9355     3.9366  33.125154  33.125939    5.78842     1.8133 1.8684e+03    -0.0219     0.0000      98.78    97.6277     0.0707     126153          2  0.000e+00
   1518.238   1500.792     3.9355     3.9365  33.125155  33.125307    5.79401     1.8146 1.8884e+03    -0.0145     0.0000      98.78    97.6277     0.0707     126154          2  0.000e+00
   1518.238   1500.792     3.9355     3.9366  33.125336  33.125594    5.79400     1.8146 1.9045e+03    -0.0219     0.0000      98.78    97.6016     0.0707     126155          2  0.000e+00
   1518.171   1500.726     3.9355     3.9366  33.125276  33.125594    5.79396     1.8146 1.9165e+03    -0.0219     0.0000      98.78    97.6277     0.0707     126156          2  0.000e+00
   1518.304   1500.857     3.9355     3.9365  33.125337  33.125307    5.79406     1.8146 1.9245e+03    -0.0219     0.0000      98.78    97.6277     0.0707     126157          2  0.000e+00
   1011.038   1000.625     4.4050     4.4062  33.339182  33.340009    5.71591     1.9015 1.3512e+03    -0.0145     0.0000      98.78    97.6800     0.0707     141585          3  0.000e+00
   1011.038   1000.625     4.4050     4.4066  33.338939  33.340355    5.71081     1.9002 1.3492e+03    -0.0219     0.0000      98.78    97.6800     0.0707     141586          3  0.000e+00
   1011.055   1000.641     4.4049     4.4069  33.339182  33.340009    5.71083     1.9002 1.3472e+03    -0.0219     0.0000      98.78    97.6800     0.0707     141587          3  0.000e+00
   1010.981   1000.568     4.4050     4.4070  33.339182  33.340298    5.71076     1.9002 1.3452e+03    -0.0145     0.0000      98.78    97.6800     0.0707     141588          3  0.000e+00
   1011.038   1000.625     4.4050     4.4069  33.339121  33.340009    5.71080     1.9002 1.3431e+03    -0.0219     0.0000      98.78    97.7062     0.0707     141589          3  0.000e+00
   1010.981   1000.568     4.4049     4.4068  33.339121  33.340644    5.71078     1.9002 1.3431e+03    -0.0219     0.0000      98.78    97.7062     0.0707     141590          3  0.000e+00
   1010.989   1000.576     4.4046     4.4069  33.339060  33.340009    5.71082     1.9002 1.3411e+03    -0.0219     0.0000      98.78    97.7062     0.0707     141591          3  0.000e+00
   1011.039   1000.625     4.4049     4.4070  33.338939  33.340298    5.70572     1.8990 1.3411e+03    -0.0219     0.0000      98.78    97.6800     0.0707     141592          3  0.000e+00
   1010.915   1000.503     4.4049     4.4069  33.338817  33.340009    5.71074     1.9002 1.3411e+03    -0.0219     0.0000      98.78    97.6800     0.0707     141593          3  0.000e+00
   1010.931   1000.519     4.4049     4.4070  33.338999  33.340009    5.71074     1.9002 1.3391e+03    -0.0219     0.0000      98.78    97.6800     0.0707     141594          3  0.000e+00
   1010.915   1000.503     4.4050     4.4069  33.339060  33.340355    5.71071     1.9002 1.3391e+03    -0.0219     0.0000      98.78    97.6800     0.0707     141595          3  0.000e+00
   1010.981   1000.568     4.4050     4.4070  33.339121  33.340009    5.71076     1.9002 1.3371e+03    -0.0219     0.0000      98.78    97.7062     0.0707     141596          3  0.000e+00
   1010.866   1000.454     4.4050     4.4069  33.339120  33.340297    5.71067     1.9002 1.3351e+03    -0.0219     0.0000      98.78    97.6800     0.0707     141597          3  0.000e+00
   1010.915   1000.503     4.4049     4.4067  33.339060  33.340009    5.71073     1.9002 1.3351e+03    -0.0145     0.0000      98.78    97.7062     0.0707     141598          3  0.000e+00
   1010.915   1000.503     4.4050     4.4071  33.339121  33.340009    5.72091     1.9027 1.3351e+03    -0.0219     0.0000      98.78    97.6800     0.0707     141599          3  0.000e+00
   1010.866   1000.454     4.4050     4.4068  33.338877  33.340355    5.71068     1.9002 1.3351e+03    -0.0145     0.0000      98.78    97.6800     0.0707     141600          3  0.000e+00
   1010.857   1000.446     4.4049     4.4071  33.339485  33.340009    5.71066     1.9002 1.3331e+03    -0.0219     0.0000      98.78    97.6800     0.0707     141601          3  0.000e+00
   1010.857   1000.446     4.4052     4.4070  33.339303  33.340643    5.71063     1.9002 1.3311e+03    -0.0145     0.0000      98.78    97.7062     0.0707     141602          3  0.000e+00
   1010.808   1000.397     4.4051     4.4069  33.339120  33.340009    5.71061     1.9002 1.3331e+03    -0.0219     0.0000      98.78    97.6800     0.0707     141603          3  0.000e+00
   1010.857   1000.446     4.4052     4.4068  33.339242  33.340355    5.71063     1.9002 1.3311e+03    -0.0219     0.0000      98.78    97.6800     0.0707     141604          3  0.000e+00
   1010.792   1000.381     4.4054     4.4068  33.339181  33.340355    5.71057     1.9002 1.3291e+03    -0.0219     0.0000      98.78    97.7062     0.0707     141605          3  0.000e+00
   1010.866   1000.454     4.4052     4.4069  33.339303  33.340297    5.71064     1.9002 1.3271e+03    -0.0219     0.0000      98.78    97.7062     0.0707     141606          3  0.000e+00
   1010.734   1000.324     4.4055     4.4070  33.339545  33.340008    5.71049     1.9002 1.3251e+03    -0.0219     0.0000      98.78    97.6800     0.0707     141607          3  0.000e+00
   1010.734   1000.324     4.4053     4.4069  33.339667  33.340354    5.71051     1.9002 1.3231e+03    -0.0219     0.0000      98.78    97.6800     0.0707     141608          3  0.000e+00
   1010.792   1000.381     4.4057     4.4068  33.339910  33.340009    5.71050     1.9002 1.3191e+03    -0.0219     0.0000      98.78    97.6800     0.0707     141609          3  0.000e+00
   1010.742   1000.332     4.4059     4.4069  33.339727  33.339720    5.71045     1.9002 1.3091e+03    -0.0219     0.0000      98.78    97.6800     0.0707     141610          3  0.000e+00
   1010.734   1000.324     4.4059     4.4070  33.339667  33.340354    5.71555     1.9015 1.2890e+03    -0.0219     0.0000      98.78    97.6800     0.0707     141611          3  0.000e+00
   1010.734   1000.324     4.4058     4.4071  33.339910  33.340008    5.71554     1.9015 1.2730e+03    -0.0219     0.0000      98.78    97.7062     0.0707     141612          3  0.000e+00
   1010.742   1000.332     4.4059     4.4067  33.339727  33.340008    5.71045     1.9002 1.2630e+03    -0.0219     0.0000      98.78    97.7062     0.0707     141613          3  0.000e+00
   1010.734   1000.324     4.4059     4.4069  33.339910  33.340297    5.72064     1.9027 1.2650e+03    -0.0145     0.0000      98.78    97.6800     0.0707     141614          3  0.000e+00
   1010.668   1000.259     4.4059     4.4068  33.339849  33.340354    5.71549     1.9015 1.2690e+03    -0.0145     0.0000      98.78    97.7062     0.0707     141615          3  0.000e+00
   1010.685   1000.275     4.4059     4.4069  33.339727  33.340354    5.71550     1.9015 1.2730e+03    -0.0219     0.0000      98.78    97.7062     0.0707     141616          3  0.000e+00
   1010.668   1000.259     4.4060     4.4068  33.339666  33.340008    5.71548     1.9015 1.2750e+03    -0.0145     0.0000      98.78    97.7062     0.0707     141617          3  0.000e+00
   1010.668   1000.259     4.4059     4.4069  33.339909  33.340643    5.71548     1.9015 1.2750e+03    -0.0145     0.0000      98.75    97.6800     0.0707     141618          3  0.000e+00
   1010.685   1000.276     4.4057     4.4070  33.339606  33.340297    5.71553     1.9015 1.2750e+03    -0.0219     0.0000      98.78    97.6800     0.0707     141619          3  0.000e+00
   1010.668   1000.259     4.4059     4.4069  33.339545  33.340354    5.71550     1.9015 1.2710e+03    -0.0219     0.0000      98.78    97.7062     0.0707     141620          3  0.000e+00
   1010.668   1000.259     4.4055     4.4069  33.339484  33.340354    5.71554     1.9015 1.2690e+03    -0.0145     0.0000      98.78    97.7062     0.0707     141621          3  0.000e+00
   1010.619   1000.211     4.4057     4.4070  33.339849  33.340008    5.71546     1.9015 1.2630e+03    -0.0219     0.0000      98.78    97.6800     0.0707     141622          3  0.000e+00
   1010.611   1000.202     4.4059     4.4068  33.339727  33.340296    5.71544     1.9015 1.2590e+03    -0.0219     0.0000      98.78    97.6800     0.0707     141623          3  0.000e+00
   1010.668   1000.259     4.4060     4.4068  33.339666  33.340354    5.71547     1.9015 1.2529e+03    -0.0219     0.0000      98.78    97.6800     0.0707     141624          3  0.000e+00
   1010.619   1000.211     4.4060     4.4071  33.339727  33.340008    5.71544     1.9015 1.2489e+03    -0.0219     0.0000      98.78    97.6800     0.0707     141625          3  0.000e+00
   1010.553   1000.145     4.4061     4.4068  33.339666  33.340642    5.71027     1.9002 1.2469e+03    -0.0219     0.0000      98.78    97.6800     0.0707     141626          3  0.000e+00
   1010.668   1000.259     4.4061     4.4068  33.339666  33.340008    5.71546     1.9015 1.2449e+03    -0.0145     0.0000      98.78    97.7062     0.0707     141627          3  0.000e+00
   1010.619   1000.211     4.4061     4.4070  33.339909  33.340296    5.71541     1.9015 1.2449e+03    -0.0145     0.0000      98.78    97.7062     0.0707     141628          3  0.000e+00
   1010.553   1000.146     4.4061     4.4071  33.340031  33.340354    5.71025     1.9002 1.2449e+03    -0.0219     0.0000      98.78    97.7062     0.0707     141629          3  0.000e+00
   1010.611   1000.203     4.4061     4.4068  33.340152  33.340354    5.71539     1.9015 1.2469e+03    -0.0219     0.0000      98.78    97.6800     0.0707     141630          3  0.000e+00
   1010.553   1000.146     4.4061     4.4071  33.340274  33.340008    5.71534     1.9015 1.2489e+03    -0.0145     0.0000      98.78    97.6800     0.0707     141631          3  0.000e+00
   1010.619   1000.211     4.4061     4.4070  33.339909  33.340008    5.71541     1.9015 1.2509e+03    -0.0219     0.0000      98.78    97.6800     0.0707     141632          3  0.000e+00
   1010.611   1000.203     4.4063     4.4068  33.339848  33.339720    5.71538     1.9015 1.2549e+03    -0.0219     0.0000      98.78    97.6800     0.0707     141633          3  0.000e+00
   1011.112   1000.697     4.4038     4.4044  33.337967  33.338510    5.71092     1.9002 1.2028e+03    -0.0219     0.0000      98.78    97.7062     0.0707     141912          4  0.000e+00
   1011.169   1000.754     4.4039     4.4045  33.338332  33.338222    5.71092     1.9002 1.2068e+03    -0.0219     0.0000      98.78    97.6800     0.0707     141913          4  0.000e+00
   1011.169   1000.754     4.4039     4.4044  33.338332  33.337934    5.71092     1.9002 1.2128e+03    -0.0219     0.0000      98.78    97.7062     0.0707     141914          4  0.000e+00
   1011.178   1000.762     4.4039     4.4045  33.338393  33.338510    5.71093     1.9002 1.2189e+03    -0.0219     0.0000      98.78    97.7062     0.0707     141915          4  0.000e+00
   1011.169   1000.754     4.4039     4.4044  33.338089  33.338222    5.71604     1.9014 1.2229e+03    -0.0219     0.0000      98.78    97.6800     0.0707     141916          4  0.000e+00
   1011.112   1000.697     4.4041     4.4044  33.338089  33.338510    5.71087     1.9002 1.2289e+03    -0.0219     0.0000      98.78    97.7062     0.0707     141917          4  0.000e+00
   1011.120   1000.705     4.4039     4.4046  33.338392  33.338222    5.71088     1.9002 1.2329e+03    -0.0219     0.0000      98.78    97.6800     0.0707     141918          4  0.000e+00
   1011.169   1000.754     4.4036     4.4044  33.338271  33.338510    5.71096     1.9002 1.2389e+03    -0.0219     0.0000      98.78    97.7062     0.0707     141919          4  0.000e+00
   1011.112   1000.697     4.4040     4.4043  33.338210  33.337934    5.71087     1.9002 1.2429e+03    -0.0219     0.0000      98.78    97.6800     0.0707     141920          4  0.000e+00
   1011.062   1000.648     4.4041     4.4047  33.338210  33.338222    5.71083     1.9002 1.2469e+03    -0.0145     0.0000      98.78    97.7062     0.0707     141921          4  0.000e+00
   1011.112   1000.697     4.4039     4.4044  33.338210  33.338222    5.71599     1.9014 1.2489e+03    -0.0219     0.0000      98.78    97.6800     0.0707     141922          4  0.000e+00
   1011.112   1000.697     4.4039     4.4047  33.338392  33.338164    5.71087     1.9002 1.2529e+03    -0.0219     0.0000      98.78    97.7062     0.0707     141923          4  0.000e+00
   1011.062   1000.648     4.4041     4.4047  33.338089  33.338510    5.71083     1.9002 1.2569e+03    -0.0145     0.0000      98.78    97.6800     0.0707     141924          4  0.000e+00
   1011.046   1000.632     4.4038     4.4050  33.338088  33.338222    5.71085     1.9002 1.2569e+03    -0.0219     0.0000      98.78    97.6800     0.0707     141925          4  0.000e+00
   1011.046   1000.632     4.4041     4.4052  33.338392  33.339144    5.71080     1.9002 1.2610e+03    -0.0219     0.0000      98.78    97.6800     0.0707     141926          4  0.000e+00
   1011.046   1000.632     4.4039     4.4048  33.338331  33.338510    5.71593     1.9014 1.2630e+03    -0.0219     0.0000      98.78    97.7062     0.0707     141927          4  0.000e+00
   1010.996   1000.583     4.4039     4.4050  33.337724  33.338798    5.71081     1.9002 1.2650e+03    -0.0219     0.0000      98.78    97.6800     0.0707     141928          4  0.000e+00
   1010.988   1000.575     4.4039     4.4050  33.338271  33.338798    5.71079     1.9002 1.2670e+03    -0.0219     0.0000      98.78    97.6800     0.0707     141929          4  0.000e+00
   1010.988   1000.575     4.4038     4.4050  33.338331  33.337933    5.71080     1.9002 1.2650e+03    -0.0145     0.0000      98.78    97.6800     0.0707     141930          4  0.000e+00
   1010.997   1000.583     4.4038     4.4051  33.338028  33.338510    5.71082     1.9002 1.2670e+03    -0.0219     0.0000      98.78    97.6800     0.0707     141931          4  0.000e+00
   1010.922   1000.510     4.4039     4.4052  33.338270  33.338798    5.71073     1.9002 1.2670e+03    -0.0219     0.0000      98.78    97.7062     0.0707     141932          4  0.000e+00
   1010.988   1000.575     4.4038     4.4055  33.338271  33.338798    5.71080     1.9002 1.2670e+03    -0.0219     0.0000      98.78    97.6800     0.0707     141933          4  0.000e+00
   1010.939   1000.527     4.4039     4.4050  33.338210  33.339144    5.71075     1.9002 1.2670e+03    -0.0145     0.0000      98.78    97.6539     0.0707     141934          4  0.000e+00
