Ship_data/Irminger/Irminger-2/ctd/process/OOI/at30_009.cnv
* Sea-Bird SBE 9 Data File:
* FileName = C:\data\ctd\at30_009.hex
* Software Version Seasave V 7.21f
* Temperature SN = 2265
* Conductivity SN = 3021
* Number of Bytes Per Scan = 40
* Number of Voltage Words = 5
* Number of Scans Averaged by the Deck Unit = 1
* NMEA Latitude = 59 42.40 N
* NMEA Longitude = 039 19.92 W
* NMEA UTC (Time) = Aug 19 2015  15:06:00
** FLMB 1 for cal
# nquan = 21
# nvalues = 2854                        
# units = specified
# name 0 = prDM: Pressure, Digiquartz [db]
# name 1 = depSM: Depth [salt water, m]
# name 2 = t090C: Temperature [ITS-90, deg C]
# name 3 = t190C: Temperature, 2 [ITS-90, deg C]
# name 4 = c0mS/cm: Conductivity [mS/cm]
# name 5 = c1mS/cm: Conductivity, 2 [mS/cm]
# name 6 = sbeox0ML/L: Oxygen, SBE 43 [ml/l]
# name 7 = sbeox0V: Oxygen raw, SBE 43 [V]
# name 8 = spar: SPAR/Surface Irradiance
# name 9 = flECO-AFL: Fluorescence, WET Labs ECO-AFL/FL [mg/m^3]
# name 10 = v2: Voltage 2
# name 11 = altM: Altimeter [m]
# name 12 = CStarTr0: Beam Transmission, WET Labs C-Star [%]
# name 13 = turbWETntu0: Turbidity, WET Labs ECO [NTU]
# name 14 = scan: Scan Count
# name 15 = sbeox0ML/L: Oxygen, SBE 43 [ml/l], WS = 2
# name 16 = sbeox0dOV/dT: Oxygen, SBE 43 [dov/dt], WS = 2
# name 17 = sal00: Salinity, Practical [PSU]
# name 18 = sal11: Salinity, Practical, 2 [PSU]
# name 19 = nbin: number of scans per bin
# name 20 = flag: flag
# span 0 =      2.000,   2856.000       
# span 1 =      1.981,   2810.074       
# span 2 =     1.5359,     8.3321       
# span 3 =     1.5350,     8.3325       
# span 4 =  31.493138,  36.380495       
# span 5 =  31.490707,  36.380703       
# span 6 =    5.98807,    6.97636       
# span 7 =     1.6676,     2.5212       
# span 8 = 2.5073e+02, 4.1920e+02       
# span 9 =    -0.0318,     2.1160       
# span 10 =     0.0000,     0.0000      
# span 11 =      14.92,     104.74      
# span 12 =    92.7624,    97.6017      
# span 13 =     0.0730,     0.1351      
# span 14 =        789,     191069      
# span 15 =    5.98803,    6.97729      
# span 16 =    0.00000,    0.00000      
# span 17 =    34.8422,    34.9409      
# span 18 =    34.8407,    34.9411      
# span 19 =         21,        132      
# span 20 = 0.0000e+00, 0.0000e+00      
# interval = decibars: 2                
# start_time = Aug 19 2015 15:06:00 [NMEA time, header]
# bad_flag = -9.990e-29
*END*
[from data line 1173]
   2350.000   2314.927     2.8857     2.8862  32.507279  32.507669    6.06927     1.7014 3.7196e+02    -0.0197     0.0000      98.78    97.5754     0.0731      64135    6.06913    0.00000    34.9293    34.9292         44 0.0000e+00
   2352.000   2316.886     2.8836     2.8842  32.506335  32.506583    6.07032     1.7012 3.7097e+02    -0.0191     0.0000      98.78    97.5756     0.0731      64176    6.07009    0.00000    34.9294    34.9291         40 0.0000e+00
   2354.000   2318.846     2.8826     2.8832  32.506319  32.506577    6.06720     1.7002 3.6997e+02    -0.0199     0.0000      98.78    97.5779     0.0731      64218    6.06707    0.00000    34.9296    34.9292         45 0.0000e+00
   2356.000   2320.805     2.8822     2.8827  32.506746  32.506950    6.06576     1.6996 3.6950e+02    -0.0206     0.0000      98.78    97.5582     0.0731      64270    6.06561    0.00000    34.9295    34.9292         56 0.0000e+00
   2358.000   2322.764     2.8783     2.8786  32.503744  32.503896    6.06774     1.6996 3.6832e+02    -0.0202     0.0000      98.78    97.5761     0.0731      64320    6.06763    0.00000    34.9291    34.9290         43 0.0000e+00
   2360.000   2324.724     2.8729     2.8734  32.499221  32.499626    6.07232     1.7000 3.6659e+02    -0.0205     0.0000      98.78    97.5754     0.0731      64362    6.07231    0.00000    34.9284    34.9284         43 0.0000e+00
   2362.000   2326.683     2.8687     2.8692  32.495850  32.496049    6.07650     1.7003 3.6515e+02    -0.0189     0.0000      98.78    97.5797     0.0731      64409    6.07644    0.00000    34.9280    34.9276         53 0.0000e+00
   2364.000   2328.642     2.8667     2.8672  32.494653  32.494863    6.07697     1.7000 3.6434e+02    -0.0201     0.0000      98.78    97.5785     0.0731      64462    6.07687    0.00000    34.9277    34.9274         48 0.0000e+00
   2366.000   2330.602     2.8656     2.8661  32.495001  32.495202    6.07837     1.7000 3.6301e+02    -0.0207     0.0000      98.78    97.5759     0.0731      64505    6.07819    0.00000    34.9284    34.9280         42 0.0000e+00
   2368.000   2332.561     2.8645     2.8650  32.494831  32.495041    6.08091     1.7001 3.6239e+02    -0.0190     0.0000      98.78    97.5754     0.0731      64549    6.08073    0.00000    34.9284    34.9280         44 0.0000e+00
   2370.000   2334.520     2.8634     2.8640  32.494738  32.494956    6.08350     1.7003 3.6121e+02    -0.0195     0.0000      98.78    97.5780     0.0731      64592    6.08357    0.00000    34.9285    34.9281         44 0.0000e+00
   2372.000   2336.479     2.8631     2.8636  32.495614  32.495788    6.08122     1.6995 3.6057e+02    -0.0194     0.0000      98.78    97.5777     0.0731      64637    6.08098    0.00000    34.9289    34.9286         48 0.0000e+00
   2374.000   2338.438     2.8628     2.8632  32.496272  32.496469    6.07884     1.6988 3.6027e+02    -0.0202     0.0000      98.78    97.5802     0.0731      64693    6.07879    0.00000    34.9291    34.9289         59 0.0000e+00
   2376.000   2340.397     2.8616     2.8620  32.496200  32.496361    6.07755     1.6981 3.5924e+02    -0.0198     0.0000      98.78    97.5841     0.0731      64744    6.07733    0.00000    34.9292    34.9291         42 0.0000e+00
   2378.000   2342.356     2.8601     2.8603  32.495604  32.495434    6.07787     1.6979 3.5843e+02    -0.0202     0.0000      98.78    97.5825     0.0731      64783    6.07776    0.00000    34.9292    34.9288         39 0.0000e+00
   2380.000   2344.316     2.8558     2.8562  32.492069  32.492422    6.07784     1.6974 3.5887e+02    -0.0202     0.0000      98.78    97.5847     0.0731      64827    6.07776    0.00000    34.9286    34.9286         51 0.0000e+00
   2382.000   2346.275     2.8508     2.8512  32.488253  32.488474    6.07666     1.6967 3.5911e+02    -0.0202     0.0000      98.78    97.5882     0.0731      64879    6.07643    0.00000    34.9284    34.9282         47 0.0000e+00
   2384.000   2348.234     2.8482     2.8488  32.486812  32.487065    6.07820     1.6966 3.5889e+02    -0.0197     0.0000      98.78    97.5812     0.0731      64919    6.07826    0.00000    34.9284    34.9281         37 0.0000e+00
   2386.000   2350.193     2.8474     2.8480  32.486935  32.487150    6.08000     1.6966 3.5934e+02    -0.0194     0.0000      98.78    97.5805     0.0731      64960    6.07997    0.00000    34.9285    34.9282         50 0.0000e+00
   2388.000   2352.152     2.8432     2.8437  32.483791  32.484102    6.07806     1.6958 3.6019e+02    -0.0201     0.0000      98.78    97.5835     0.0731      65022    6.07805    0.00000    34.9283    34.9281         64 0.0000e+00
   2390.000   2354.111     2.8382     2.8386  32.480110  32.480409    6.08007     1.6957 3.6082e+02    -0.0201     0.0000      98.78    97.5815     0.0731      65075    6.08006    0.00000    34.9283    34.9281         44 0.0000e+00
   2392.000   2356.070     2.8360     2.8365  32.478963  32.479250    6.08297     1.6959 3.5993e+02    -0.0203     0.0000      98.78    97.5754     0.0731      65114    6.08282    0.00000    34.9283    34.9280         37 0.0000e+00
   2394.000   2358.029     2.8329     2.8335  32.477055  32.477369    6.08558     1.6960 3.5897e+02    -0.0207     0.0000      98.78    97.5754     0.0731      65151    6.08549    0.00000    34.9282    34.9280         39 0.0000e+00
   2396.000   2359.988     2.8280     2.8286  32.473247  32.473549    6.08675     1.6957 3.5950e+02    -0.0205     0.0000      98.78    97.5754     0.0731      65196    6.08651    0.00000    34.9279    34.9277         51 0.0000e+00
   2398.000   2361.947     2.8251     2.8257  32.471430  32.471768    6.08721     1.6954 3.6045e+02    -0.0204     0.0000      98.78    97.5754     0.0731      65248    6.08712    0.00000    34.9279    34.9277         49 0.0000e+00
   2400.000   2363.906     2.8234     2.8239  32.470838  32.470998    6.08847     1.6953 3.5913e+02    -0.0197     0.0000      98.78    97.5761     0.0731      65295    6.08841    0.00000    34.9281    34.9277         47 0.0000e+00
   2402.000   2365.864     2.8239     2.8244  32.472168  32.472286    6.08691     1.6947 3.5778e+02    -0.0201     0.0000      98.78    97.5800     0.0731      65345    6.08681    0.00000    34.9282    34.9278         55 0.0000e+00
   2404.000   2367.823     2.8233     2.8238  32.472397  32.472685    6.08609     1.6942 3.5844e+02    -0.0209     0.0000      98.78    97.5774     0.0731      65402    6.08610    0.00000    34.9281    34.9279         51 0.0000e+00
   2406.000   2369.782     2.8177     2.8183  32.468148  32.468483    6.08792     1.6941 3.5675e+02    -0.0204     0.0000      98.78    97.5733     0.0731      65443    6.08777    0.00000    34.9280    34.9279         35 0.0000e+00
   2408.000   2371.741     2.8146     2.8152  32.466085  32.466332    6.08949     1.6940 3.5464e+02    -0.0196     0.0000      98.78    97.5716     0.0731      65478    6.08945    0.00000    34.9279    34.9276         38 0.0000e+00
   2410.000   2373.700     2.8117     2.8123  32.464239  32.464553    6.08774     1.6932 3.5568e+02    -0.0200     0.0000      98.78    97.5754     0.0731      65526    6.08773    0.00000    34.9279    34.9276         58 0.0000e+00
   2412.000   2375.659     2.8041     2.8048  32.457843  32.458586    6.08794     1.6927 3.5668e+02    -0.0193     0.0000      98.78    97.5751     0.0731      65578    6.08784    0.00000    34.9273    34.9274         43 0.0000e+00
   2414.000   2377.618     2.7936     2.7944  32.448458  32.449038    6.09094     1.6926 3.5600e+02    -0.0189     0.0000      98.78    97.5711     0.0731      65619    6.09090    0.00000    34.9262    34.9261         44 0.0000e+00
   2416.000   2379.576     2.7879     2.7884  32.443467  32.443717    6.09150     1.6922 3.5729e+02    -0.0197     0.0000      98.78    97.5651     0.0731      65676    6.09142    0.00000    34.9254    34.9251         65 0.0000e+00
   2418.000   2381.535     2.7809     2.7813  32.437667  32.437937    6.09725     1.6928 3.5893e+02    -0.0202     0.0000      98.78    97.5676     0.0731      65731    6.09723    0.00000    34.9249    34.9248         43 0.0000e+00
   2420.000   2383.494     2.7745     2.7750  32.432435  32.432650    6.10299     1.6933 3.5884e+02    -0.0186     0.0000      98.78    97.5650     0.0731      65769    6.10298    0.00000    34.9243    34.9242         36 0.0000e+00
   2422.000   2385.453     2.7677     2.7682  32.426717  32.426952    6.11136     1.6945 3.5904e+02    -0.0202     0.0000      98.78    97.5555     0.0731      65806    6.11168    0.00000    34.9238    34.9235         40 0.0000e+00
   2424.000   2387.411     2.7673     2.7679  32.427830  32.427936    6.11383     1.6947 3.6103e+02    -0.0201     0.0000      98.78    97.5556     0.0731      65855    6.11457    0.00000    34.9246    34.9241         60 0.0000e+00
   2426.000   2389.370     2.7674     2.7681  32.429151  32.429345    6.11650     1.6947 3.6310e+02    -0.0199     0.0000      98.78    97.5648     0.0731      65911    6.11611    0.00000    34.9251    34.9247         45 0.0000e+00
   2428.000   2391.329     2.7626     2.7632  32.425390  32.426013    6.11974     1.6947 3.6362e+02    -0.0204     0.0000      98.78    97.5621     0.0731      65950    6.11874    0.00000    34.9248    34.9249         39 0.0000e+00
   2430.000   2393.287     2.7484     2.7493  32.412440  32.413191    6.12026     1.6942 3.6395e+02    -0.0198     0.0000      98.78    97.5577     0.0731      65998    6.12004    0.00000    34.9233    34.9233         61 0.0000e+00
   2432.000   2395.246     2.7419     2.7427  32.407012  32.407281    6.11960     1.6935 3.6492e+02    -0.0203     0.0000      98.78    97.5628     0.0731      66061    6.11951    0.00000    34.9228    34.9222         51 0.0000e+00
   2434.000   2397.205     2.7400     2.7406  32.406230  32.406463    6.12399     1.6940 3.6480e+02    -0.0205     0.0000      98.78    97.5604     0.0731      66101    6.12390    0.00000    34.9229    34.9226         36 0.0000e+00
   2436.000   2399.163     2.7321     2.7329  32.399729  32.400348    6.12494     1.6936 3.6379e+02    -0.0204     0.0000      98.78    97.5603     0.0731      66139    6.12469    0.00000    34.9225    34.9224         45 0.0000e+00
   2438.000   2401.122     2.7379     2.7388  32.407425  32.407276    6.12553     1.6937 3.6406e+02    -0.0199     0.0000      98.78    97.5551     0.0731      66191    6.12558    0.00000    34.9247    34.9236         52 0.0000e+00
   2440.000   2403.080     2.7454     2.7462  32.416476  32.416878    6.12719     1.6939 3.6481e+02    -0.0203     0.0000      98.78    97.5596     0.0731      66236    6.12712    0.00000    34.9267    34.9264         41 0.0000e+00
   2442.000   2405.039     2.7326     2.7339  32.404769  32.406230    6.12680     1.6931 3.6478e+02    -0.0202     0.0000      98.78    97.5533     0.0731      66281    6.12680    0.00000    34.9253    34.9257         51 0.0000e+00
   2444.000   2406.997     2.7203     2.7212  32.393425  32.393950    6.12350     1.6917 3.6450e+02    -0.0202     0.0000      98.78    97.5641     0.0731      66335    6.12341    0.00000    34.9238    34.9234         51 0.0000e+00
   2446.000   2408.956     2.7107     2.7113  32.384587  32.385363    6.12403     1.6912 3.6421e+02    -0.0205     0.0000      98.78    97.5592     0.0731      66380    6.12384    0.00000    34.9223    34.9226         43 0.0000e+00
   2448.000   2410.914     2.6937     2.6947  32.368506  32.369354    6.12363     1.6902 3.6420e+02    -0.0206     0.0000      98.78    97.5588     0.0731      66429    6.12352    0.00000    34.9200    34.9200         58 0.0000e+00
   2450.000   2412.873     2.7010     2.7015  32.377336  32.376970    6.12691     1.6908 3.6433e+02    -0.0205     0.0000      98.78    97.5615     0.0731      66487    6.12676    0.00000    34.9220    34.9210         49 0.0000e+00
   2452.000   2414.831     2.7114     2.7122  32.389187  32.389040    6.13413     1.6923 3.6346e+02    -0.0203     0.0000      98.78    97.5498     0.0731      66527    6.13416    0.00000    34.9244    34.9233         36 0.0000e+00
   2454.000   2416.790     2.7104     2.7111  32.389570  32.390356    6.14034     1.6931 3.6343e+02    -0.0205     0.0000      98.78    97.5493     0.0731      66563    6.14025    0.00000    34.9249    34.9251         38 0.0000e+00
   2456.000   2418.748     2.7056     2.7059  32.385606  32.385484    6.13865     1.6923 3.6455e+02    -0.0201     0.0000      98.78    97.5493     0.0731      66608    6.13862    0.00000    34.9243    34.9238         57 0.0000e+00
   2458.000   2420.706     2.7045     2.7052  32.385305  32.385605    6.13309     1.6909 3.6555e+02    -0.0203     0.0000      98.78    97.5493     0.0731      66672    6.13309    0.00000    34.9241    34.9238         59 0.0000e+00
   2460.000   2422.665     2.6930     2.6937  32.375094  32.375470    6.13335     1.6901 3.6621e+02    -0.0197     0.0000      98.78    97.5430     0.0731      66719    6.13247    0.00000    34.9231    34.9228         40 0.0000e+00
   2462.000   2424.624     2.6945     2.6951  32.377825  32.377985    6.13398     1.6901 3.6537e+02    -0.0199     0.0000      98.78    97.5427     0.0731      66762    6.13392    0.00000    34.9239    34.9234         52 0.0000e+00
   2464.000   2426.582     2.6956     2.6962  32.379787  32.379929    6.13327     1.6897 3.6619e+02    -0.0205     0.0000      98.78    97.5492     0.0731      66822    6.13318    0.00000    34.9242    34.9237         55 0.0000e+00
   2466.000   2428.540     2.6968     2.6976  32.381791  32.382233    6.13409     1.6896 3.6651e+02    -0.0195     0.0000      98.78    97.5493     0.0731      66863    6.13404    0.00000    34.9243    34.9240         34 0.0000e+00
   2468.000   2430.498     2.6974     2.6980  32.383334  32.383396    6.13501     1.6895 3.6537e+02    -0.0207     0.0000      98.78    97.5459     0.0731      66897    6.13492    0.00000    34.9246    34.9240         37 0.0000e+00
   2470.000   2432.457     2.6967     2.6974  32.383394  32.383653    6.13085     1.6884 3.6514e+02    -0.0201     0.0000      98.78    97.5429     0.0731      66948    6.13078    0.00000    34.9245    34.9241         65 0.0000e+00
   2472.000   2434.415     2.6953     2.6958  32.382994  32.383172    6.12692     1.6873 3.6525e+02    -0.0205     0.0000      98.78    97.5446     0.0731      67006    6.12692    0.00000    34.9246    34.9242         46 0.0000e+00
   2474.000   2436.373     2.6889     2.6899  32.377772  32.378597    6.12760     1.6868 3.6452e+02    -0.0206     0.0000      98.78    97.5424     0.0731      67049    6.12739    0.00000    34.9241    34.9241         45 0.0000e+00
   2476.000   2438.331     2.6814     2.6827  32.371262  32.372193    6.12806     1.6864 3.6267e+02    -0.0200     0.0000      98.78    97.5453     0.0731      67099    6.12812    0.00000    34.9233    34.9231         54 0.0000e+00
   2478.000   2440.290     2.6764     2.6768  32.366964  32.367107    6.12853     1.6860 3.6238e+02    -0.0192     0.0000      98.78    97.5425     0.0731      67151    6.12840    0.00000    34.9225    34.9222         47 0.0000e+00
   2480.000   2442.248     2.6794     2.6801  32.371278  32.371655    6.13110     1.6863 3.6175e+02    -0.0203     0.0000      98.78    97.5509     0.0731      67195    6.13100    0.00000    34.9236    34.9233         42 0.0000e+00
   2482.000   2444.206     2.6784     2.6791  32.371280  32.371547    6.13328     1.6864 3.6066e+02    -0.0200     0.0000      98.78    97.5493     0.0731      67236    6.13312    0.00000    34.9237    34.9233         42 0.0000e+00
   2484.000   2446.164     2.6738     2.6745  32.367656  32.368290    6.13552     1.6863 3.5963e+02    -0.0206     0.0000      98.78    97.5493     0.0731      67280    6.13499    0.00000    34.9232    34.9233         48 0.0000e+00
