Ship_data/Irminger/Irminger-2/ctd/process/OOI/at30_004.ros
* Sea-Bird SBE 9 Data File:
* FileName = C:\data\ctd\at30_004.hex
* Software Version Seasave V 7.21f
* Temperature SN = 2265
* Conductivity SN = 3021
* Number of Bytes Per Scan = 40
* Number of Voltage Words = 5
* Number of Scans Averaged by the Deck Unit = 1
* NMEA Latitude = 59 57.06 N
* NMEA Longitude = 039 25.14 W
* NMEA UTC (Time) = Aug 14 2015  14:16:48
# nquan = 17
# nvalues = 539                                   
# units = specified
# name 0 = prDM: Pressure, Digiquartz [db]
# name 1 = depSM: Depth [salt water, m]
# name 2 = t090C: Temperature [ITS-90, deg C]
# name 3 = t190C: Temperature, 2 [ITS-90, deg C]
# name 4 = c0mS/cm: Conductivity [mS/cm]
# name 5 = c1mS/cm: Conductivity, 2 [mS/cm]
# name 6 = sbeox0ML/L: Oxygen, SBE 43 [ml/l]
# name 7 = sbeox0V: Oxygen raw, SBE 43 [V]
# name 8 = spar: SPAR/Surface Irradiance
# name 9 = flECO-AFL: Fluorescence, WET Labs ECO-AFL/FL [mg/m^3]
# name 10 = v2: Voltage 2
# name 11 = altM: Altimeter [m]
# name 12 = CStarTr0: Beam Transmission, WET Labs C-Star [%]
# name 13 = turbWETntu0: Turbidity, WET Labs ECO [NTU]
# name 14 = scan: Scan Count
# name 15 = nbf: Bottles Fired
# name 16 = flag:  0.000e+00
# interval = seconds: 0.0416667
# start_time = Aug 14 2015 14:16:48 [NMEA time, header]
# bad_flag = -9.990e-29
*END*
[from data line 341]
     81.660     80.875     4.5295     4.5321  32.973854  32.975957    6.62903     2.3313 1.5135e+03    -0.0219     0.0000      98.75    96.7383     0.0780     179296          7  0.000e+00
     81.725     80.939     4.5295     4.5326  32.974217  32.976244    6.63355     2.3325 1.5256e+03    -0.0219     0.0000      98.75    96.6860     0.0780     179297          7  0.000e+00
     40.724     40.336     7.5610     7.5733  35.697657  35.706998    6.75788     2.5233 1.7742e+03    -0.0219     0.0000      74.14    93.7561     0.0780     183723          8  0.000e+00
     40.691     40.304     7.5614     7.5735  35.697969  35.707175    6.75780     2.5233 1.7762e+03    -0.0219     0.0000      74.09    93.8084     0.0780     183724          8  0.000e+00
     40.667     40.280     7.5623     7.5736  35.698405  35.707294    6.76177     2.5245 1.7742e+03    -0.0219     0.0000      74.09    93.8084     0.0780     183725          8  0.000e+00
     40.667     40.280     7.5633     7.5743  35.699154  35.707649    6.75749     2.5233 1.7762e+03    -0.0292     0.0000      74.07    93.8346     0.0780     183726          8  0.000e+00
     40.635     40.248     7.5638     7.5749  35.699465  35.708123    6.75738     2.5233 1.7782e+03    -0.0219     0.0000      74.09    93.8608     0.0780     183727          8  0.000e+00
     40.667     40.280     7.5623     7.5754  35.698592  35.708241    6.75763     2.5233 1.7782e+03    -0.0219     0.0000      74.07    93.8608     0.0780     183728          8  0.000e+00
     40.610     40.224     7.5599     7.5750  35.696284  35.708892    6.75798     2.5233 1.7802e+03    -0.0292     0.0000      74.09    93.8346     0.0780     183729          8  0.000e+00
     40.635     40.248     7.5589     7.5752  35.695224  35.709129    6.75816     2.5233 1.7802e+03    -0.0219     0.0000      74.09    93.7561     0.0780     183730          8  0.000e+00
     40.610     40.224     7.5588     7.5754  35.695037  35.709248    6.75817     2.5233 1.7802e+03    -0.0219     0.0000      74.09    93.7823     0.0780     183731          8  0.000e+00
     40.545     40.159     7.5588     7.5757  35.694974  35.708774    6.75811     2.5233 1.7782e+03    -0.0219     0.0000      74.09    93.8346     0.0780     183732          8  0.000e+00
     40.570     40.184     7.5581     7.5755  35.694039  35.709248    6.75413     2.5220 1.7782e+03    -0.0219     0.0000      85.05    93.8346     0.0780     183733          8  0.000e+00
     40.489     40.103     7.5576     7.5756  35.693539  35.709247    6.75414     2.5220 1.7782e+03    -0.0219     0.0000      97.05    93.8608     0.0780     183734          8  0.000e+00
     40.546     40.159     7.5578     7.5760  35.693602  35.709425    6.75829     2.5233 1.7782e+03    -0.0219     0.0000      99.76    93.8869     0.0804     183735          8  0.000e+00
     40.513     40.127     7.5582     7.5760  35.694662  35.709247    6.74990     2.5208 1.7782e+03    -0.0219     0.0000      99.39    93.8869     0.0780     183736          8  0.000e+00
     40.489     40.103     7.5589     7.5764  35.695223  35.709839    6.75803     2.5233 1.7722e+03    -0.0219     0.0000      98.85    93.8869     0.0780     183737          8  0.000e+00
     40.489     40.103     7.5602     7.5765  35.696533  35.709721    6.75781     2.5233 1.7200e+03    -0.0219     0.0000      98.71    93.8869     0.0780     183738          8  0.000e+00
     40.456     40.071     7.5617     7.5764  35.697843  35.709247    6.75755     2.5233 1.5797e+03    -0.0219     0.0000      98.73    93.9131     0.0780     183739          8  0.000e+00
     40.489     40.103     7.5627     7.5765  35.698405  35.710076    6.75743     2.5233 1.3873e+03    -0.0219     0.0000      98.75    93.9131     0.0780     183740          8  0.000e+00
     40.432     40.047     7.5628     7.5765  35.698529  35.709247    6.75322     2.5220 1.2449e+03    -0.0219     0.0000      98.78    93.9131     0.0780     183741          8  0.000e+00
     40.432     40.047     7.5618     7.5769  35.697781  35.709839    6.75338     2.5220 1.2189e+03    -0.0219     0.0000      98.78    93.9392     0.0780     183742          8  0.000e+00
     40.391     40.007     7.5622     7.5768  35.698030  35.710076    6.75329     2.5220 1.2790e+03    -0.0219     0.0000      98.75    93.9131     0.0780     183743          8  0.000e+00
     40.432     40.047     7.5622     7.5765  35.698217  35.710195    6.75744     2.5233 1.3672e+03    -0.0219     0.0000      98.78    93.8869     0.0780     183744          8  0.000e+00
     40.367     39.983     7.5623     7.5762  35.698155  35.709247    6.75324     2.5220 1.4494e+03    -0.0219     0.0000      98.75    93.8346     0.0780     183745          8  0.000e+00
     40.335     39.951     7.5627     7.5757  35.698404  35.708477    6.75316     2.5220 1.5216e+03    -0.0292     0.0000      98.78    93.8346     0.0780     183746          8  0.000e+00
     40.367     39.983     7.5628     7.5754  35.698279  35.708595    6.75730     2.5233 1.5817e+03    -0.0219     0.0000      98.75    93.8608     0.0780     183747          8  0.000e+00
     40.310     39.927     7.5642     7.5743  35.699340  35.708477    6.75292     2.5220 1.6298e+03    -0.0219     0.0000      98.78    93.8608     0.0780     183748          8  0.000e+00
     40.392     40.007     7.5656     7.5741  35.700712  35.707944    6.75275     2.5220 1.6659e+03    -0.0219     0.0000      98.78    93.8869     0.0780     183749          8  0.000e+00
     40.310     39.927     7.5654     7.5741  35.700899  35.707648    6.75269     2.5220 1.6960e+03    -0.0219     0.0000      98.75    93.8869     0.0780     183750          8  0.000e+00
     40.310     39.927     7.5651     7.5746  35.700525  35.707529    6.75274     2.5220 1.7180e+03    -0.0219     0.0000      98.75    93.8869     0.0780     183751          8  0.000e+00
     40.278     39.895     7.5655     7.5754  35.700649  35.707944    6.75267     2.5220 1.7321e+03    -0.0219     0.0000      98.78    93.8869     0.0780     183752          8  0.000e+00
     40.254     39.870     7.5653     7.5757  35.700961  35.708773    6.75265     2.5220 1.7441e+03    -0.0219     0.0000      98.78    93.8608     0.0780     183753          8  0.000e+00
     40.311     39.927     7.5659     7.5762  35.701523  35.709839    6.75260     2.5220 1.7521e+03    -0.0219     0.0000      98.78    93.8608     0.0780     183754          8  0.000e+00
     40.278     39.895     7.5662     7.5767  35.702334  35.709543    6.75250     2.5220 1.7581e+03    -0.0219     0.0000      98.78    93.8608     0.0780     183755          8  0.000e+00
     40.254     39.871     7.5682     7.5768  35.703831  35.710372    6.75216     2.5220 1.7641e+03    -0.0219     0.0000      98.78    93.8608     0.0780     183756          8  0.000e+00
     40.189     39.806     7.5698     7.5768  35.704953  35.710194    6.75599     2.5233 1.7661e+03    -0.0219     0.0000      98.78    93.8346     0.0780     183757          8  0.000e+00
     40.278     39.895     7.5711     7.5766  35.705827  35.710194    6.75587     2.5233 1.7681e+03    -0.0219     0.0000      98.78    93.8084     0.0780     183758          8  0.000e+00
     40.189     39.806     7.5716     7.5762  35.705889  35.710075    6.75161     2.5220 1.7681e+03    -0.0219     0.0000      98.78    93.8084     0.0804     183759          8  0.000e+00
     40.254     39.871     7.5719     7.5760  35.706014  35.709839    6.75575     2.5233 1.7681e+03    -0.0219     0.0000      98.78    93.8346     0.0780     183760          8  0.000e+00
     40.213     39.830     7.5718     7.5745  35.705889  35.709424    6.75161     2.5220 1.7641e+03    -0.0219     0.0000      98.78    93.8084     0.0780     183761          8  0.000e+00
     40.189     39.806     7.5703     7.5718  35.705328  35.708595    6.75591     2.5233 1.7581e+03    -0.0292     0.0000      98.78    93.7561     0.0780     183762          8  0.000e+00
     40.189     39.806     7.5696     7.5709  35.704766  35.707944    6.75602     2.5233 1.7481e+03    -0.0219     0.0000      98.78    93.6776     0.0780     183763          8  0.000e+00
     40.213     39.831     7.5691     7.5697  35.703394  35.706582    6.75204     2.5220 1.7341e+03    -0.0219     0.0000      98.78    93.4684     0.0780     183764          8  0.000e+00
     40.189     39.806     7.5682     7.5694  35.702458  35.705042    6.75217     2.5220 1.7200e+03    -0.0292     0.0000      98.78    93.4684     0.0780     183765          8  0.000e+00
     40.189     39.806     7.5666     7.5689  35.701647  35.704095    6.75653     2.5232 1.7080e+03    -0.0219     0.0000      98.75    93.5468     0.0780     183766          8  0.000e+00
     40.157     39.774     7.5657     7.5684  35.700899  35.703029    6.75663     2.5232 1.6860e+03    -0.0219     0.0000      98.75    93.6515     0.0780     183767          8  0.000e+00
     40.189     39.806     7.5648     7.5685  35.700337  35.702496    6.75680     2.5232 1.6158e+03    -0.0219     0.0000      98.75    93.7038     0.0780     183768          8  0.000e+00
     40.189     39.806     7.5645     7.5689  35.700088  35.703029    6.75685     2.5232 1.4674e+03    -0.0292     0.0000      98.75    93.7561     0.0780     183769          8  0.000e+00
     40.092     39.710     7.5645     7.5689  35.700087  35.702791    6.75676     2.5232 1.2710e+03    -0.0219     0.0000      98.78    93.8084     0.0780     183770          8  0.000e+00
     40.189     39.806     7.5646     7.5689  35.700088  35.702792    6.75683     2.5232 1.0805e+03    -0.0219     0.0000      98.75    93.8346     0.0780     183771          8  0.000e+00
     20.855     20.658     7.8687     7.8691  35.960446  35.960070    6.72241     2.5324 1.6499e+03    -0.0219     0.0000      98.75    93.8346     0.0780     186705          9  0.000e+00
     20.855     20.658     7.8684     7.8692  35.960571  35.960426    6.72244     2.5324 1.6519e+03    -0.0219     0.0000      98.78    93.8084     0.0780     186706          9  0.000e+00
     20.937     20.738     7.8682     7.8690  35.960509  35.960426    6.72254     2.5324 1.6579e+03    -0.0219     0.0000      98.78    93.8084     0.0780     186707          9  0.000e+00
     20.912     20.714     7.8682     7.8693  35.960196  35.960604    6.72253     2.5324 1.6619e+03    -0.0219     0.0000      98.78    93.8084     0.0780     186708          9  0.000e+00
     20.912     20.714     7.8682     7.8692  35.960258  35.960723    6.72252     2.5324 1.6679e+03    -0.0219     0.0000      98.75    93.7561     0.0780     186709          9  0.000e+00
     20.977     20.778     7.8677     7.8688  35.960134  35.960723    6.72264     2.5324 1.6739e+03    -0.0219     0.0000      98.75    93.7038     0.0780     186710          9  0.000e+00
     20.977     20.778     7.8679     7.8683  35.960071  35.960427    6.72263     2.5324 1.6779e+03    -0.0219     0.0000      98.75    93.7038     0.0780     186711          9  0.000e+00
     20.977     20.778     7.8677     7.8683  35.960259  35.960427    6.72263     2.5324 1.6619e+03    -0.0219     0.0000      98.78    93.7561     0.0780     186712          9  0.000e+00
     21.034     20.835     7.8677     7.8682  35.959884  35.959774    6.72270     2.5324 1.5897e+03    -0.0219     0.0000      98.75    93.7823     0.0780     186713          9  0.000e+00
     21.034     20.835     7.8677     7.8680  35.959946  35.959774    6.72270     2.5324 1.4775e+03    -0.0292     0.0000      98.78    93.8084     0.0780     186714          9  0.000e+00
     21.034     20.835     7.8676     7.8683  35.959884  35.959774    6.72272     2.5324 1.4013e+03    -0.0219     0.0000      98.78    93.8084     0.0780     186715          9  0.000e+00
     21.091     20.891     7.8676     7.8680  35.959946  35.959774    6.72277     2.5324 1.3933e+03    -0.0292     0.0000      98.78    93.8084     0.0804     186716          9  0.000e+00
     21.091     20.891     7.8676     7.8680  35.959571  35.959774    6.72278     2.5324 1.4294e+03    -0.0219     0.0000      98.78    93.8084     0.0780     186717          9  0.000e+00
     21.091     20.891     7.8676     7.8677  35.959634  35.959774    6.72278     2.5324 1.4775e+03    -0.0219     0.0000      98.75    93.8346     0.0804     186718          9  0.000e+00
     21.091     20.891     7.8676     7.8670  35.959571  35.959418    6.71869     2.5312 1.5196e+03    -0.0292     0.0000      98.75    93.8346     0.0780     186719          9  0.000e+00
     21.156     20.955     7.8676     7.8665  35.959446  35.959121    6.71876     2.5312 1.5536e+03    -0.0219     0.0000      98.75    93.8346     0.0780     186720          9  0.000e+00
     21.156     20.955     7.8674     7.8659  35.959634  35.958468    6.70650     2.5275 1.5817e+03    -0.0219     0.0000      98.78    93.8346     0.0780     186721          9  0.000e+00
     21.156     20.955     7.8676     7.8657  35.959509  35.958171    6.71875     2.5312 1.6018e+03    -0.0219     0.0000      98.78    93.8608     0.0780     186722          9  0.000e+00
     21.172     20.971     7.8679     7.8654  35.960134  35.957399    6.71870     2.5312 1.6198e+03    -0.0292     0.0000      98.78    93.8346     0.0780     186723          9  0.000e+00
     21.212     21.011     7.8679     7.8653  35.959947  35.956865    6.72692     2.5336 1.6298e+03    -0.0219     0.0000      98.78    93.8084     0.0780     186724          9  0.000e+00
     21.212     21.011     7.8679     7.8654  35.960447  35.957161    6.71872     2.5312 1.6378e+03    -0.0219     0.0000      98.75    93.8346     0.0780     186725          9  0.000e+00
     21.212     21.011     7.8682     7.8652  35.960197  35.956865    6.71869     2.5312 1.6459e+03    -0.0292     0.0000      98.75    93.8346     0.0780     186726          9  0.000e+00
     21.212     21.011     7.8682     7.8655  35.960009  35.957161    6.71870     2.5312 1.6519e+03    -0.0219     0.0000      98.78    93.8084     0.0780     186727          9  0.000e+00
     21.269     21.068     7.8682     7.8657  35.960260  35.957162    6.71874     2.5312 1.6619e+03    -0.0219     0.0000      98.78    93.8084     0.0780     186728          9  0.000e+00
     21.269     21.068     7.8680     7.8657  35.960197  35.957518    6.71467     2.5300 1.6699e+03    -0.0219     0.0000      98.78    93.8084     0.0780     186729          9  0.000e+00
     21.212     21.011     7.8679     7.8657  35.960072  35.956865    6.71465     2.5300 1.6799e+03    -0.0219     0.0000      98.78    93.8084     0.0780     186730          9  0.000e+00
     21.269     21.068     7.8677     7.8655  35.960010  35.957518    6.71472     2.5300 1.6880e+03    -0.0219     0.0000      98.78    93.8084     0.0780     186731          9  0.000e+00
     21.269     21.068     7.8676     7.8652  35.960072  35.957518    6.71064     2.5287 1.6940e+03    -0.0219     0.0000      98.75    93.8346     0.0780     186732          9  0.000e+00
     21.334     21.132     7.8677     7.8648  35.959885  35.956865    6.71478     2.5300 1.7000e+03    -0.0219     0.0000      98.78    93.8346     0.0780     186733          9  0.000e+00
     21.269     21.068     7.8676     7.8648  35.959509  35.956865    6.71476     2.5300 1.7000e+03    -0.0219     0.0000      98.78    93.8084     0.0780     186734          9  0.000e+00
     21.269     21.068     7.8673     7.8644  35.959634  35.956865    6.71479     2.5300 1.7000e+03    -0.0219     0.0000      98.78    93.8346     0.0780     186735          9  0.000e+00
     21.334     21.132     7.8674     7.8646  35.959259  35.956568    6.71484     2.5300 1.6980e+03    -0.0219     0.0000      98.75    93.8346     0.0780     186736          9  0.000e+00
     21.269     21.068     7.8673     7.8643  35.959572  35.955915    6.71479     2.5300 1.6980e+03    -0.0219     0.0000      98.78    93.8346     0.0780     186737          9  0.000e+00
