Ship_data/Irminger/Irminger-2/ctd/process/OOI/at30_013.ros
* Sea-Bird SBE 9 Data File:
* FileName = C:\data\ctd\at30_013.hex
* Software Version Seasave V 7.21f
* Temperature SN = 2265
* Conductivity SN = 3021
* Number of Bytes Per Scan = 40
* Number of Voltage Words = 5
* Number of Scans Averaged by the Deck Unit = 1
* NMEA Latitude = 59 53.87 N
* NMEA Longitude = 039 34.33 W
* NMEA UTC (Time) = Aug 23 2015  21:20:25
** cal / val for SUMO 2
# nquan = 17
# nvalues = 539                                   
# units = specified
# name 0 = prDM: Pressure, Digiquartz [db]
# name 1 = depSM: Depth [salt water, m]
# name 2 = t090C: Temperature [ITS-90, deg C]
# name 3 = t190C: Temperature, 2 [ITS-90, deg C]
# name 4 = c0mS/cm: Conductivity [mS/cm]
# name 5 = c1mS/cm: Conductivity, 2 [mS/cm]
# name 6 = sbeox0ML/L: Oxygen, SBE 43 [ml/l]
# name 7 = sbeox0V: Oxygen raw, SBE 43 [V]
# name 8 = spar: SPAR/Surface Irradiance
# name 9 = flECO-AFL: Fluorescence, WET Labs ECO-AFL/FL [mg/m^3]
# name 10 = v2: Voltage 2
# name 11 = altM: Altimeter [m]
# name 12 = CStarTr0: Beam Transmission, WET Labs C-Star [%]
# name 13 = turbWETntu0: Turbidity, WET Labs ECO [NTU]
# name 14 = scan: Scan Count
# name 15 = nbf: Bottles Fired
# name 16 = flag:  0.000e+00
# interval = seconds: 0.0416667
# start_time = Aug 23 2015 21:20:25 [NMEA time, header]
# bad_flag = -9.990e-29
*END*
[from data line 171]
    252.725    250.191     4.3430     4.3443  32.930874  32.932191    6.40741     2.2247 2.4056e+01    -0.0512     0.0000      98.73    97.6539     0.0658      85635          4  0.000e+00
    252.676    250.143     4.3428     4.3441  32.931116  32.932019    6.40277     2.2234 2.4056e+01    -0.0439     0.0000      98.73    97.6539     0.0658      85636          4  0.000e+00
    252.725    250.191     4.3436     4.3439  32.931418  32.932306    6.40270     2.2234 2.4056e+01    -0.0439     0.0000      98.73    97.6539     0.0682      85637          4  0.000e+00
    252.733    250.199     4.3441     4.3443  32.931963  32.932191    6.40722     2.2247 2.4056e+01    -0.0512     0.0000      98.73    97.6539     0.0658      85638          4  0.000e+00
    252.725    250.191     4.3441     4.3446  32.932265  32.931732    6.40720     2.2247 2.6061e+01    -0.0512     0.0000      98.73    97.6539     0.0658      85639          4  0.000e+00
    252.782    250.248     4.3439     4.3444  32.931781  32.932765    6.40729     2.2247 2.4056e+01    -0.0512     0.0000      98.73    97.6539     0.0682      85640          4  0.000e+00
    252.733    250.199     4.3436     4.3438  32.931539  32.932937    6.40270     2.2234 2.6061e+01    -0.0512     0.0000      98.73    97.6539     0.0658      85641          4  0.000e+00
    252.725    250.191     4.3436     4.3439  32.931963  32.932306    6.40267     2.2234 2.4056e+01    -0.0512     0.0000      98.73    97.6800     0.0682      85642          4  0.000e+00
    252.733    250.199     4.3436     4.3444  32.931721  32.931846    6.40269     2.2234 2.4056e+01    -0.0512     0.0000      98.73    97.6539     0.0658      85643          4  0.000e+00
    252.725    250.191     4.3438     4.3446  32.931902  32.931732    6.40265     2.2234 2.4056e+01    -0.0512     0.0000      98.73    97.6539     0.0658      85644          4  0.000e+00
    252.782    250.248     4.3437     4.3443  32.931902  32.932650    6.40270     2.2234 2.4056e+01    -0.0512     0.0000      98.73    97.6800     0.0682      85645          4  0.000e+00
    252.798    250.264     4.3439     4.3443  32.932023  32.932478    6.40268     2.2234 2.4056e+01    -0.0512     0.0000      98.73    97.6800     0.0682      85646          4  0.000e+00
    252.782    250.248     4.3441     4.3440  32.932144  32.932306    6.40264     2.2234 2.4056e+01    -0.0512     0.0000      98.73    97.6800     0.0682      85647          4  0.000e+00
    252.733    250.199     4.3441     4.3444  32.932144  32.931846    6.40260     2.2234 2.4056e+01    -0.0439     0.0000      98.73    97.6539     0.0658      85648          4  0.000e+00
    252.782    250.248     4.3439     4.3443  32.932084  32.931732    6.40267     2.2234 2.4056e+01    -0.0512     0.0000      98.73    97.6800     0.0682      85649          4  0.000e+00
    252.782    250.248     4.3443     4.3442  32.932325  32.932306    6.40261     2.2234 2.4056e+01    -0.0512     0.0000      98.73    97.6539     0.0658      85650          4  0.000e+00
    252.799    250.264     4.3441     4.3441  32.932265  32.932191    6.40265     2.2234 2.4056e+01    -0.0512     0.0000      98.73    97.6539     0.0682      85651          4  0.000e+00
    252.847    250.312     4.3438     4.3443  32.932144  32.932019    6.40274     2.2234 2.4056e+01    -0.0512     0.0000      98.73    97.6539     0.0658      85652          4  0.000e+00
    252.799    250.264     4.3443     4.3442  32.932507  32.932019    6.39801     2.2222 2.6061e+01    -0.0512     0.0000      98.73    97.6539     0.0682      85653          4  0.000e+00
    252.782    250.248     4.3446     4.3441  32.932507  32.932191    6.40256     2.2234 2.4056e+01    -0.0512     0.0000      98.73    97.6539     0.0682      85654          4  0.000e+00
    252.782    250.248     4.3441     4.3444  32.932265  32.931732    6.40263     2.2234 2.2052e+01    -0.0512     0.0000      98.73    97.6800     0.0682      85655          4  0.000e+00
    252.856    250.320     4.3441     4.3445  32.932567  32.932191    6.40268     2.2234 2.2052e+01    -0.0512     0.0000      98.73    97.6800     0.0682      85656          4  0.000e+00
    252.847    250.312     4.3441     4.3443  32.932326  32.932019    6.40268     2.2234 2.4056e+01    -0.0585     0.0000      98.73    97.6800     0.0682      85657          4  0.000e+00
    252.799    250.264     4.3441     4.3444  32.932507  32.931732    6.40263     2.2234 2.4056e+01    -0.0658     0.0000      98.73    97.6800     0.0658      85658          4  0.000e+00
    252.847    250.312     4.3439     4.3445  32.932507  32.932191    6.40269     2.2234 2.4056e+01    -0.0512     0.0000      98.73    97.6800     0.0658      85659          4  0.000e+00
    129.822    128.559     5.1046     5.1059  33.613723  33.612649    6.32464     2.2650 2.2052e+01    -0.0512     0.0000      98.73    97.6016     0.0658      92986          5  0.000e+00
    129.781    128.518     5.1048     5.1058  33.613784  33.613979    6.32457     2.2650 2.4056e+01    -0.0439     0.0000      98.73    97.6016     0.0682      92987          5  0.000e+00
    129.765    128.502     5.1050     5.1057  33.614332  33.615078    6.32450     2.2650 2.4056e+01    -0.0585     0.0000      98.73    97.5754     0.0658      92988          5  0.000e+00
    129.765    128.502     5.1054     5.1053  33.614698  33.614326    6.32444     2.2650 2.4056e+01    -0.0512     0.0000      98.73    97.5754     0.0658      92989          5  0.000e+00
    129.765    128.502     5.1058     5.1045  33.615002  33.614211    6.32437     2.2650 2.4056e+01    -0.0512     0.0000      98.73    97.6016     0.0682      92990          5  0.000e+00
    129.700    128.438     5.1060     5.1041  33.615307  33.613401    6.32428     2.2650 2.2052e+01    -0.0512     0.0000      98.73    97.6016     0.0682      92991          5  0.000e+00
    129.700    128.438     5.1066     5.1032  33.616343  33.613690    6.32415     2.2650 2.4056e+01    -0.0512     0.0000      98.73    97.6016     0.0682      92992          5  0.000e+00
    129.700    128.438     5.1076     5.1030  33.616830  33.612938    6.32401     2.2650 2.4056e+01    -0.0512     0.0000      98.73    97.6016     0.0682      92993          5  0.000e+00
    129.660    128.398     5.1080     5.1023  33.617135  33.612764    6.32391     2.2650 2.4056e+01    -0.0512     0.0000      98.73    97.6016     0.0682      92994          5  0.000e+00
    129.643    128.382     5.1081     5.1010  33.617378  33.612070    6.32387     2.2650 2.4056e+01    -0.0512     0.0000      98.73    97.6016     0.0658      92995          5  0.000e+00
    129.700    128.438     5.1087     5.1001  33.617439  33.610971    6.32384     2.2650 2.4056e+01    -0.0512     0.0000      98.73    97.6016     0.0682      92996          5  0.000e+00
    129.587    128.326     5.1087     5.0997  33.617500  33.609582    6.32375     2.2650 2.4056e+01    -0.0512     0.0000      98.73    97.6016     0.0682      92997          5  0.000e+00
    129.700    128.438     5.1086     5.1000  33.617500  33.608831    6.32386     2.2650 2.4056e+01    -0.0512     0.0000      98.73    97.6016     0.0682      92998          5  0.000e+00
    129.587    128.326     5.1086     5.1027  33.617317  33.609293    6.32377     2.2650 2.4056e+01    -0.0658     0.0000      98.73    97.6016     0.0682      92999          5  0.000e+00
    129.644    128.382     5.1085     5.1028  33.617439  33.609756    6.32382     2.2650 2.4056e+01    -0.0512     0.0000      98.73    97.6016     0.0682      93000          5  0.000e+00
    129.587    128.326     5.1081     5.1023  33.617317  33.611144    6.32382     2.2650 2.2052e+01    -0.0512     0.0000      98.73    97.6016     0.0682      93001          5  0.000e+00
    129.538    128.277     5.1078     5.1015  33.617073  33.611260    6.32383     2.2650 2.2052e+01    -0.0512     0.0000      98.73    97.6016     0.0682      93002          5  0.000e+00
    129.587    128.326     5.1076     5.1017  33.616525  33.611549    6.32392     2.2650 2.4056e+01    -0.0512     0.0000      98.73    97.6016     0.0682      93003          5  0.000e+00
    129.587    128.326     5.1074     5.1028  33.616525  33.610797    6.32395     2.2650 2.4056e+01    -0.0585     0.0000      98.73    97.5754     0.0682      93004          5  0.000e+00
    129.587    128.326     5.1073     5.1044  33.616220  33.611838    6.32397     2.2650 2.2052e+01    -0.0512     0.0000      98.73    97.6016     0.0682      93005          5  0.000e+00
    129.522    128.261     5.1071     5.1048  33.616220  33.612648    6.32394     2.2650 2.2052e+01    -0.0512     0.0000      98.73    97.5754     0.0682      93006          5  0.000e+00
    129.587    128.326     5.1067     5.1054  33.616160  33.612764    6.32404     2.2650 2.4056e+01    -0.0512     0.0000      98.73    97.5754     0.0682      93007          5  0.000e+00
    129.522    128.261     5.1066     5.1052  33.615855  33.613574    6.32402     2.2650 2.4056e+01    -0.0512     0.0000      98.73    97.5493     0.0682      93008          5  0.000e+00
    129.522    128.261     5.1060     5.1056  33.615550  33.613053    6.32411     2.2650 2.4056e+01    -0.0512     0.0000      98.73    97.5493     0.0682      93009          5  0.000e+00
    129.481    128.221     5.1059     5.1077  33.615428  33.613573    6.32409     2.2650 2.4056e+01    -0.0512     0.0000      98.73    97.5231     0.0658      93010          5  0.000e+00
    129.587    128.326     5.1059     5.1086  33.615002  33.613978    6.32420     2.2650 2.2052e+01    -0.0512     0.0000      98.73    97.5231     0.0682      93011          5  0.000e+00
    129.465    128.205     5.1057     5.1084  33.614819  33.614614    6.32413     2.2650 2.2052e+01    -0.0512     0.0000      98.73    97.5493     0.0658      93012          5  0.000e+00
    129.522    128.261     5.1061     5.1078  33.614819  33.615425    6.32412     2.2650 2.2052e+01    -0.0512     0.0000      98.73    97.5754     0.0682      93013          5  0.000e+00
    129.465    128.205     5.1061     5.1073  33.614758  33.615193    6.32408     2.2650 2.4056e+01    -0.0512     0.0000      98.73    97.5754     0.0682      93014          5  0.000e+00
    129.522    128.262     5.1052     5.1071  33.614392  33.615425    6.32425     2.2650 2.4056e+01    -0.0512     0.0000      98.73    97.5754     0.0682      93015          5  0.000e+00
    129.522    128.262     5.1046     5.1074  33.613783  33.615540    6.32436     2.2650 2.4056e+01    -0.0512     0.0000      98.73    97.6016     0.0658      93016          5  0.000e+00
    129.465    128.205     5.1043     5.1073  33.613417  33.615424    6.32436     2.2650 2.2052e+01    -0.0512     0.0000      98.73    97.5754     0.0658      93017          5  0.000e+00
    129.481    128.221     5.1039     5.1079  33.612869  33.615829    6.32445     2.2650 2.4056e+01    -0.0512     0.0000      98.73    97.6016     0.0682      93018          5  0.000e+00
    129.465    128.205     5.1037     5.1087  33.612686  33.615714    6.32447     2.2650 2.2052e+01    -0.0512     0.0000      98.73    97.5754     0.0658      93019          5  0.000e+00
    129.465    128.205     5.1037     5.1093  33.612686  33.616408    6.32447     2.2650 2.4056e+01    -0.0512     0.0000      98.73    97.5754     0.0682      93020          5  0.000e+00
    129.465    128.205     5.1032     5.1092  33.612686  33.617333    6.32452     2.2650 2.4056e+01    -0.0512     0.0000      98.73    97.5754     0.0658      93021          5  0.000e+00
    129.465    128.205     5.1035     5.1073  33.612503  33.617218    6.32451     2.2650 2.4056e+01    -0.0512     0.0000      98.73    97.6016     0.0682      93022          5  0.000e+00
    129.522    128.262     5.1033     5.1054  33.612808  33.616756    6.32012     2.2638 2.4056e+01    -0.0512     0.0000      98.73    97.5754     0.0682      93023          5  0.000e+00
    129.465    128.205     5.1032     5.1051  33.612808  33.615714    6.32452     2.2650 2.2052e+01    -0.0512     0.0000      98.73    97.6016     0.0682      93024          5  0.000e+00
    129.465    128.205     5.1033     5.1042  33.612259  33.613978    6.32454     2.2650 2.2052e+01    -0.0512     0.0000      98.73    97.6016     0.0682      93025          5  0.000e+00
    129.481    128.221     5.1033     5.1034  33.612260  33.613574    6.32011     2.2638 2.4056e+01    -0.0512     0.0000      98.73    97.6016     0.0682      93026          5  0.000e+00
    129.522    128.262     5.1033     5.1035  33.612199  33.612474    6.32015     2.2638 2.4056e+01    -0.0512     0.0000      98.73    97.5754     0.0682      93027          5  0.000e+00
    129.465    128.205     5.1031     5.1029  33.612260  33.612359    6.32456     2.2650 2.2052e+01    -0.0512     0.0000      98.73    97.6016     0.0658      93028          5  0.000e+00
    129.522    128.262     5.1030     5.1029  33.612564  33.611838    6.32017     2.2638 2.4056e+01    -0.0512     0.0000      98.73    97.5754     0.0658      93029          5  0.000e+00
    129.465    128.205     5.1031     5.1028  33.612686  33.611838    6.32009     2.2638 2.4056e+01    -0.0512     0.0000      98.73    97.6016     0.0658      93030          5  0.000e+00
    129.522    128.262     5.1032     5.1028  33.612503  33.612070    6.32457     2.2650 2.4056e+01    -0.0512     0.0000      98.73    97.6016     0.0682      93031          5  0.000e+00
    129.522    128.262     5.1031     5.1026  33.612199  33.611549    6.32460     2.2650 2.4056e+01    -0.0512     0.0000      98.73    97.6016     0.0682      93032          5  0.000e+00
    129.522    128.262     5.1031     5.1026  33.612260  33.612070    6.32460     2.2650 2.4056e+01    -0.0585     0.0000      98.73    97.6277     0.0682      93033          5  0.000e+00
    129.482    128.222     5.1033     5.1028  33.612564  33.611549    6.32453     2.2650 2.4056e+01    -0.0512     0.0000      98.73    97.6016     0.0658      93034          5  0.000e+00
    103.668    102.665     5.4081     5.4037  33.896264  33.893050    6.29943     2.2779 2.4056e+01    -0.0512     0.0000      98.73    97.5493     0.0682      96073          6  0.000e+00
    103.765    102.762     5.4081     5.4036  33.896448  33.892644    6.29950     2.2779 2.2052e+01    -0.0512     0.0000      98.73    97.5493     0.0682      96074          6  0.000e+00
    103.700    102.698     5.4081     5.4031  33.896570  33.892412    6.29944     2.2779 2.2052e+01    -0.0512     0.0000      98.73    97.5754     0.0682      96075          6  0.000e+00
    103.668    102.665     5.4083     5.4028  33.896631  33.891483    6.29939     2.2779 2.2052e+01    -0.0512     0.0000      98.73    97.5754     0.0682      96076          6  0.000e+00
    103.765    102.762     5.4086     5.4028  33.896754  33.891135    6.29942     2.2779 2.2052e+01    -0.0512     0.0000      98.73    97.5754     0.0682      96077          6  0.000e+00
    103.725    102.722     5.4086     5.4033  33.896876  33.890903    6.29938     2.2779 2.2052e+01    -0.0512     0.0000      98.73    97.5754     0.0658      96078          6  0.000e+00
    103.765    102.762     5.4087     5.4031  33.896876  33.891483    6.29940     2.2779 2.2052e+01    -0.0512     0.0000      98.73    97.5754     0.0658      96079          6  0.000e+00
    103.700    102.698     5.4089     5.4033  33.896876  33.891425    6.29932     2.2779 2.4056e+01    -0.0512     0.0000      98.73    97.5754     0.0658      96080          6  0.000e+00
    103.782    102.778     5.4089     5.4031  33.897121  33.891832    6.29938     2.2779 2.2052e+01    -0.0512     0.0000      98.73    97.5754     0.0682      96081          6  0.000e+00
    103.765    102.762     5.4091     5.4031  33.896998  33.891831    6.29935     2.2779 2.2052e+01    -0.0512     0.0000      98.73    97.6016     0.0658      96082          6  0.000e+00
