Ship_data/Irminger/Irminger-2/ctd/process/OOI/at30_007.ros
* Sea-Bird SBE 9 Data File:
* FileName = C:\data\ctd\at30_007.hex
* Software Version Seasave V 7.21f
* Temperature SN = 2265
* Conductivity SN = 3021
* Number of Bytes Per Scan = 40
* Number of Voltage Words = 5
* Number of Scans Averaged by the Deck Unit = 1
* NMEA Latitude = 59 46.29 N
* NMEA Longitude = 039 52.92 W
* NMEA UTC (Time) = Aug 17 2015  23:01:49
** Site of FLMA 2015 -- need to confirm bottom depth
# nquan = 17
# nvalues = 1176                                  
# units = specified
# name 0 = prDM: Pressure, Digiquartz [db]
# name 1 = depSM: Depth [salt water, m]
# name 2 = t090C: Temperature [ITS-90, deg C]
# name 3 = t190C: Temperature, 2 [ITS-90, deg C]
# name 4 = c0mS/cm: Conductivity [mS/cm]
# name 5 = c1mS/cm: Conductivity, 2 [mS/cm]
# name 6 = sbeox0ML/L: Oxygen, SBE 43 [ml/l]
# name 7 = sbeox0V: Oxygen raw, SBE 43 [V]
# name 8 = spar: SPAR/Surface Irradiance
# name 9 = flECO-AFL: Fluorescence, WET Labs ECO-AFL/FL [mg/m^3]
# name 10 = v2: Voltage 2
# name 11 = altM: Altimeter [m]
# name 12 = CStarTr0: Beam Transmission, WET Labs C-Star [%]
# name 13 = turbWETntu0: Turbidity, WET Labs ECO [NTU]
# name 14 = scan: Scan Count
# name 15 = nbf: Bottles Fired
# name 16 = flag:  0.000e+00
# interval = seconds: 0.0416667
# start_time = Aug 17 2015 23:01:49 [NMEA time, header]
# bad_flag = -9.990e-29
*END*
    647.066    639.977     3.6606     3.6605  32.451096  32.451120    6.64406     2.1681 2.2052e+01    -0.0292     0.0000      98.78    97.7062     0.0755     129863          1  0.000e+00
    647.074    639.985     3.6607     3.6606  32.451096  32.451405    6.64405     2.1681 2.2052e+01    -0.0219     0.0000      98.78    97.7062     0.0755     129864          1  0.000e+00
    647.066    639.977     3.6607     3.6607  32.450916  32.451120    6.64405     2.1681 2.2052e+01    -0.0219     0.0000      98.78    97.7062     0.0755     129865          1  0.000e+00
    646.951    639.864     3.6606     3.6605  32.450976  32.451119    6.64396     2.1681 2.2052e+01    -0.0219     0.0000      98.78    97.7062     0.0755     129866          1  0.000e+00
    647.009    639.920     3.6606     3.6607  32.451096  32.451405    6.64399     2.1681 2.2052e+01    -0.0219     0.0000      98.78    97.7062     0.0755     129867          1  0.000e+00
    646.894    639.807     3.6604     3.6606  32.451096  32.451119    6.64392     2.1681 2.2052e+01    -0.0219     0.0000      98.78    97.7062     0.0755     129868          1  0.000e+00
    646.886    639.799     3.6606     3.6605  32.450915  32.451405    6.64390     2.1681 2.2052e+01    -0.0292     0.0000      98.78    97.7324     0.0755     129869          1  0.000e+00
    646.894    639.807     3.6606     3.6607  32.450855  32.450834    6.64391     2.1681 2.2052e+01    -0.0292     0.0000      98.78    97.7062     0.0755     129870          1  0.000e+00
    646.763    639.678     3.6607     3.6605  32.450855  32.451404    6.64378     2.1681 2.2052e+01    -0.0219     0.0000      98.75    97.7062     0.0755     129871          1  0.000e+00
    646.763    639.678     3.6606     3.6605  32.450795  32.451404    6.64379     2.1681 2.2052e+01    -0.0219     0.0000      98.78    97.7062     0.0755     129872          1  0.000e+00
    646.771    639.686     3.6606     3.6606  32.450975  32.451119    6.64379     2.1681 2.2052e+01    -0.0219     0.0000      98.78    97.6800     0.0755     129873          1  0.000e+00
    646.705    639.621     3.6606     3.6605  32.450915  32.451404    6.64373     2.1681 2.0047e+01    -0.0219     0.0000      98.78    97.6800     0.0755     129874          1  0.000e+00
    646.648    639.565     3.6607     3.6607  32.450794  32.450833    6.64367     2.1681 2.2052e+01    -0.0219     0.0000      98.78    97.6539     0.0755     129875          1  0.000e+00
    646.640    639.557     3.6604     3.6605  32.450794  32.451404    6.64370     2.1681 2.2052e+01    -0.0219     0.0000      98.78    97.6539     0.0755     129876          1  0.000e+00
    646.648    639.565     3.6604     3.6606  32.450975  32.451118    6.64370     2.1681 2.2052e+01    -0.0219     0.0000      98.78    97.6800     0.0755     129877          1  0.000e+00
    646.583    639.500     3.6607     3.6603  32.450734  32.450833    6.65353     2.1705 2.2052e+01    -0.0219     0.0000      98.78    97.6800     0.0755     129878          1  0.000e+00
    646.517    639.435     3.6606     3.6605  32.451155  32.451403    6.64850     2.1693 2.4056e+01    -0.0292     0.0000      98.78    97.7062     0.0755     129879          1  0.000e+00
    646.591    639.508     3.6606     3.6607  32.450975  32.450833    6.64362     2.1681 2.2052e+01    -0.0219     0.0000      98.78    97.7062     0.0755     129880          1  0.000e+00
    646.460    639.379     3.6607     3.6605  32.450794  32.450832    6.64350     2.1681 2.2052e+01    -0.0219     0.0000      98.78    97.7062     0.0755     129881          1  0.000e+00
    646.468    639.387     3.6604     3.6604  32.450854  32.450832    6.64354     2.1681 2.2052e+01    -0.0292     0.0000      98.78    97.7062     0.0755     129882          1  0.000e+00
    646.460    639.379     3.6604     3.6607  32.450854  32.451118    6.64353     2.1681 2.2052e+01    -0.0219     0.0000      98.78    97.7062     0.0755     129883          1  0.000e+00
    646.403    639.322     3.6606     3.6603  32.450794  32.450490    6.64346     2.1681 2.2052e+01    -0.0219     0.0000      98.78    97.6800     0.0755     129884          1  0.000e+00
    646.403    639.322     3.6602     3.6603  32.450613  32.450832    6.64351     2.1681 2.2052e+01    -0.0219     0.0000      98.78    97.7062     0.0755     129885          1  0.000e+00
    646.337    639.257     3.6604     3.6606  32.450373  32.450832    6.64840     2.1693 2.2052e+01    -0.0219     0.0000      98.78    97.7062     0.0755     129886          1  0.000e+00
    646.345    639.265     3.6602     3.6603  32.450433  32.450832    6.64348     2.1681 2.2052e+01    -0.0219     0.0000      98.78    97.7062     0.0755     129887          1  0.000e+00
    646.280    639.201     3.6604     3.6603  32.450733  32.450489    6.64337     2.1681 2.2052e+01    -0.0292     0.0000      98.78    97.7062     0.0755     129888          1  0.000e+00
    646.288    639.209     3.6606     3.6603  32.450613  32.450832    6.64336     2.1681 2.2052e+01    -0.0219     0.0000      98.78    97.6800     0.0755     129889          1  0.000e+00
    646.214    639.136     3.6604     3.6607  32.450733  32.450489    6.64827     2.1693 2.2052e+01    -0.0219     0.0000      98.78    97.7062     0.0755     129890          1  0.000e+00
    646.222    639.144     3.6604     3.6606  32.450613  32.450546    6.64332     2.1681 2.2052e+01    -0.0219     0.0000      98.78    97.7062     0.0755     129891          1  0.000e+00
    646.157    639.079     3.6604     3.6603  32.450552  32.450832    6.64327     2.1681 2.2052e+01    -0.0219     0.0000      98.78    97.7062     0.0755     129892          1  0.000e+00
    646.157    639.079     3.6604     3.6607  32.450552  32.450831    6.65318     2.1705 2.2052e+01    -0.0219     0.0000      98.78    97.7062     0.0755     129893          1  0.000e+00
    646.165    639.088     3.6604     3.6605  32.450613  32.450489    6.64327     2.1681 2.2052e+01    -0.0219     0.0000      98.78    97.7062     0.0755     129894          1  0.000e+00
    646.100    639.023     3.6604     3.6606  32.450552  32.450831    6.64321     2.1681 2.2052e+01    -0.0219     0.0000      98.75    97.7062     0.0755     129895          1  0.000e+00
    646.042    638.966     3.6604     3.6607  32.450552  32.451117    6.64316     2.1681 2.2052e+01    -0.0219     0.0000      98.78    97.7062     0.0755     129896          1  0.000e+00
    646.034    638.958     3.6604     3.6605  32.450372  32.450831    6.64316     2.1681 2.2052e+01    -0.0219     0.0000      98.78    97.7062     0.0755     129897          1  0.000e+00
    646.042    638.966     3.6602     3.6605  32.450432  32.450831    6.64319     2.1681 2.2052e+01    -0.0219     0.0000      98.78    97.6800     0.0755     129898          1  0.000e+00
    645.977    638.902     3.6604     3.6603  32.450552  32.450546    6.64310     2.1681 2.2052e+01    -0.0219     0.0000      98.78    97.7062     0.0755     129899          1  0.000e+00
    645.977    638.902     3.6604     3.6606  32.450371  32.450831    6.64311     2.1681 2.2052e+01    -0.0219     0.0000      98.78    97.7062     0.0755     129900          1  0.000e+00
    645.985    638.910     3.6602     3.6605  32.450071  32.450831    6.64315     2.1681 2.2052e+01    -0.0219     0.0000      98.75    97.7062     0.0755     129901          1  0.000e+00
    645.854    638.780     3.6606     3.6603  32.450131  32.450831    6.64299     2.1681 2.2052e+01    -0.0292     0.0000      98.78    97.7062     0.0755     129902          1  0.000e+00
    645.919    638.845     3.6601     3.6605  32.450431  32.450545    6.64309     2.1681 2.2052e+01    -0.0219     0.0000      98.78    97.7062     0.0755     129903          1  0.000e+00
    645.788    638.716     3.6604     3.6604  32.450551  32.450830    6.64292     2.1681 2.2052e+01    -0.0219     0.0000      98.78    97.7062     0.0755     129904          1  0.000e+00
    645.862    638.788     3.6604     3.6603  32.450371  32.450488    6.64300     2.1681 2.2052e+01    -0.0219     0.0000      98.78    97.6800     0.0755     129905          1  0.000e+00
    645.731    638.659     3.6601     3.6603  32.450311  32.450488    6.64293     2.1681 2.2052e+01    -0.0219     0.0000      98.78    97.6800     0.0755     129906          1  0.000e+00
    645.789    638.716     3.6604     3.6603  32.450251  32.450830    6.64789     2.1693 2.2052e+01    -0.0219     0.0000      98.75    97.7062     0.0755     129907          1  0.000e+00
    645.739    638.667     3.6602     3.6605  32.450251  32.450488    6.64787     2.1693 2.4056e+01    -0.0219     0.0000      98.78    97.6800     0.0755     129908          1  0.000e+00
    645.674    638.602     3.6604     3.6604  32.450250  32.450488    6.64779     2.1693 2.2052e+01    -0.0219     0.0000      98.78    97.7062     0.0755     129909          1  0.000e+00
    645.682    638.611     3.6602     3.6605  32.450250  32.450488    6.64782     2.1693 2.2052e+01    -0.0219     0.0000      98.78    97.7062     0.0755     129910          1  0.000e+00
    645.608    638.538     3.6604     3.6603  32.450430  32.450830    6.64772     2.1693 2.2052e+01    -0.0219     0.0000      98.78    97.7062     0.0755     129911          1  0.000e+00
    640.753    633.743     3.6602     3.6603  32.448011  32.448132    6.65332     2.1717 2.4056e+01    -0.0219     0.0000      98.78    97.6277     0.0755     130026          2  0.000e+00
    640.826    633.815     3.6606     3.6603  32.448011  32.448418    6.64839     2.1705 2.2052e+01    -0.0219     0.0000      98.78    97.6277     0.0755     130027          2  0.000e+00
    640.695    633.686     3.6602     3.6603  32.448131  32.448417    6.65326     2.1717 2.2052e+01    -0.0219     0.0000      98.75    97.6539     0.0755     130028          2  0.000e+00
    640.630    633.621     3.6604     3.6604  32.447770  32.448132    6.65320     2.1717 2.2052e+01    -0.0219     0.0000      98.78    97.6539     0.0755     130029          2  0.000e+00
    640.703    633.694     3.6602     3.6603  32.447830  32.448417    6.64833     2.1705 2.2052e+01    -0.0219     0.0000      98.78    97.6800     0.0755     130030          2  0.000e+00
    640.572    633.565     3.6606     3.6603  32.447890  32.448131    6.65312     2.1717 2.2052e+01    -0.0219     0.0000      98.78    97.6800     0.0755     130031          2  0.000e+00
    640.572    633.565     3.6601     3.6603  32.447650  32.448131    6.65320     2.1717 2.2052e+01    -0.0292     0.0000      98.78    97.6800     0.0755     130032          2  0.000e+00
    640.572    633.565     3.6604     3.6603  32.447589  32.448417    6.65316     2.1717 2.2052e+01    -0.0219     0.0000      98.78    97.7062     0.0755     130033          2  0.000e+00
    640.466    633.459     3.6604     3.6604  32.447769  32.448131    6.65305     2.1717 2.2052e+01    -0.0219     0.0000      98.78    97.7062     0.0755     130034          2  0.000e+00
    640.515    633.508     3.6602     3.6603  32.447830  32.448131    6.65311     2.1717 2.2052e+01    -0.0219     0.0000      98.78    97.7062     0.0755     130035          2  0.000e+00
    640.392    633.387     3.6602     3.6607  32.447469  32.448131    6.65302     2.1717 2.2052e+01    -0.0219     0.0000      98.78    97.6800     0.0755     130036          2  0.000e+00
    640.400    633.395     3.6599     3.6605  32.447649  32.448416    6.65306     2.1717 2.2052e+01    -0.0219     0.0000      98.78    97.6800     0.0755     130037          2  0.000e+00
    640.392    633.387     3.6604     3.6604  32.447829  32.448131    6.64802     2.1705 2.2052e+01    -0.0219     0.0000      98.78    97.6800     0.0755     130038          2  0.000e+00
    640.269    633.265     3.6602     3.6603  32.447649  32.448416    6.65290     2.1717 2.2052e+01    -0.0219     0.0000      98.78    97.6800     0.0755     130039          2  0.000e+00
    640.278    633.274     3.6604     3.6603  32.447769  32.448130    6.65288     2.1717 2.2052e+01    -0.0219     0.0000      98.78    97.7062     0.0755     130040          2  0.000e+00
    640.270    633.265     3.6601     3.6603  32.447468  32.448416    6.65293     2.1717 2.2052e+01    -0.0219     0.0000      98.78    97.7062     0.0755     130041          2  0.000e+00
    640.147    633.144     3.6602     3.6603  32.447528  32.448130    6.64784     2.1705 2.2052e+01    -0.0219     0.0000      98.78    97.7324     0.0755     130042          2  0.000e+00
    640.163    633.160     3.6602     3.6602  32.447408  32.448130    6.65281     2.1717 2.2052e+01    -0.0219     0.0000      98.78    97.7062     0.0755     130043          2  0.000e+00
    640.147    633.144     3.6601     3.6605  32.447288  32.448130    6.64787     2.1705 2.2052e+01    -0.0219     0.0000      98.78    97.7062     0.0755     130044          2  0.000e+00
    640.089    633.088     3.6603     3.6603  32.447648  32.448130    6.65272     2.1717 2.2052e+01    -0.0219     0.0000      98.78    97.7062     0.0755     130045          2  0.000e+00
    640.089    633.088     3.6601     3.6605  32.447648  32.447787    6.65275     2.1717 2.2052e+01    -0.0219     0.0000      98.78    97.7062     0.0755     130046          2  0.000e+00
    639.975    632.974     3.6601     3.6602  32.447588  32.447844    6.65265     2.1717 2.2052e+01    -0.0219     0.0000      98.78    97.7062     0.0755     130047          2  0.000e+00
    639.967    632.966     3.6602     3.6605  32.447768  32.448130    6.65261     2.1717 2.2052e+01    -0.0219     0.0000      98.78    97.7062     0.0755     130048          2  0.000e+00
    639.967    632.966     3.6601     3.6603  32.447828  32.447502    6.65263     2.1717 2.2052e+01    -0.0292     0.0000      98.78    97.7062     0.0755     130049          2  0.000e+00
    639.917    632.918     3.6601     3.6603  32.447647  32.448129    6.64764     2.1705 2.2052e+01    -0.0219     0.0000      98.78    97.7062     0.0755     130050          2  0.000e+00
    639.901    632.902     3.6601     3.6603  32.447407  32.448129    6.65259     2.1717 2.4056e+01    -0.0219     0.0000      98.78    97.7324     0.0755     130051          2  0.000e+00
    639.786    632.788     3.6601     3.6606  32.447347  32.447786    6.65249     2.1717 2.2052e+01    -0.0292     0.0000      98.78    97.7324     0.0755     130052          2  0.000e+00
    639.860    632.861     3.6601     3.6603  32.447467  32.447501    6.64760     2.1705 2.2052e+01    -0.0219     0.0000      98.78    97.7062     0.0755     130053          2  0.000e+00
    639.721    632.724     3.6601     3.6603  32.447767  32.447786    6.65241     2.1717 2.2052e+01    -0.0219     0.0000      98.78    97.7062     0.0755     130054          2  0.000e+00
    639.721    632.724     3.6601     3.6602  32.447467  32.447558    6.64747     2.1705 2.2052e+01    -0.0219     0.0000      98.78    97.7324     0.0755     130055          2  0.000e+00
    639.664    632.667     3.6602     3.6606  32.447286  32.448129    6.65236     2.1717 2.2052e+01    -0.0219     0.0000      98.78    97.7062     0.0755     130056          2  0.000e+00
    639.672    632.675     3.6601     3.6603  32.447286  32.447786    6.65239     2.1717 2.2052e+01    -0.0219     0.0000      98.78    97.7062     0.0755     130057          2  0.000e+00
    639.598    632.602     3.6601     3.6603  32.447466  32.447786    6.65231     2.1717 2.2052e+01    -0.0219     0.0000      98.78    97.7324     0.0755     130058          2  0.000e+00
    639.541    632.546     3.6602     3.6602  32.447586  32.447843    6.65223     2.1717 2.2052e+01    -0.0219     0.0000      98.78    97.7062     0.0755     130059          2  0.000e+00
    639.549    632.554     3.6599     3.6603  32.447406  32.447786    6.65724     2.1729 2.2052e+01    -0.0219     0.0000      98.78    97.7062     0.0755     130060          2  0.000e+00
    639.541    632.546     3.6601     3.6604  32.447286  32.447786    6.65227     2.1717 2.2052e+01    -0.0219     0.0000      98.78    97.7062     0.0755     130061          2  0.000e+00
