Ship_data/Irminger/Irminger-2/ctd/process/OOI/at30_013.ros
* Sea-Bird SBE 9 Data File:
* FileName = C:\data\ctd\at30_013.hex
* Software Version Seasave V 7.21f
* Temperature SN = 2265
* Conductivity SN = 3021
* Number of Bytes Per Scan = 40
* Number of Voltage Words = 5
* Number of Scans Averaged by the Deck Unit = 1
* NMEA Latitude = 59 53.87 N
* NMEA Longitude = 039 34.33 W
* NMEA UTC (Time) = Aug 23 2015  21:20:25
** cal / val for SUMO 2
# nquan = 17
# nvalues = 539                                   
# units = specified
# name 0 = prDM: Pressure, Digiquartz [db]
# name 1 = depSM: Depth [salt water, m]
# name 2 = t090C: Temperature [ITS-90, deg C]
# name 3 = t190C: Temperature, 2 [ITS-90, deg C]
# name 4 = c0mS/cm: Conductivity [mS/cm]
# name 5 = c1mS/cm: Conductivity, 2 [mS/cm]
# name 6 = sbeox0ML/L: Oxygen, SBE 43 [ml/l]
# name 7 = sbeox0V: Oxygen raw, SBE 43 [V]
# name 8 = spar: SPAR/Surface Irradiance
# name 9 = flECO-AFL: Fluorescence, WET Labs ECO-AFL/FL [mg/m^3]
# name 10 = v2: Voltage 2
# name 11 = altM: Altimeter [m]
# name 12 = CStarTr0: Beam Transmission, WET Labs C-Star [%]
# name 13 = turbWETntu0: Turbidity, WET Labs ECO [NTU]
# name 14 = scan: Scan Count
# name 15 = nbf: Bottles Fired
# name 16 = flag:  0.000e+00
# interval = seconds: 0.0416667
# start_time = Aug 23 2015 21:20:25 [NMEA time, header]
# bad_flag = -9.990e-29
*END*
[from data line 341]
     84.365     83.553     5.6060     5.6060  34.053562  34.053414    6.33324     2.3005 2.4056e+01    -0.0585     0.0000      98.73    97.3661     0.0682      99744          7  0.000e+00
     84.365     83.553     5.6060     5.6060  34.053745  34.053065    6.33323     2.3005 2.2052e+01    -0.0512     0.0000      98.73    97.3400     0.0682      99745          7  0.000e+00
     40.647     40.260     7.5754     7.5871  35.702084  35.712741    6.69452     2.5051 2.2052e+01    -0.0512     0.0000      98.73    94.8287     0.0682     104121          8  0.000e+00
     40.688     40.301     7.5825     7.5875  35.708572  35.712326    6.69342     2.5051 2.2052e+01    -0.0512     0.0000      98.73    94.8548     0.0682     104122          8  0.000e+00
     40.566     40.180     7.5859     7.5878  35.711816  35.712444    6.69275     2.5051 2.2052e+01    -0.0512     0.0000      98.73    94.8548     0.0682     104123          8  0.000e+00
     40.647     40.260     7.5875     7.5876  35.713625  35.712445    6.69255     2.5051 2.2052e+01    -0.0512     0.0000      98.73    94.8548     0.0658     104124          8  0.000e+00
     40.688     40.301     7.5887     7.5878  35.714062  35.712326    6.69243     2.5051 2.4056e+01    -0.0512     0.0000      98.73    94.8287     0.0682     104125          8  0.000e+00
     40.623     40.236     7.5894     7.5888  35.714499  35.712444    6.69227     2.5051 2.2052e+01    -0.0512     0.0000      98.73    94.8287     0.0682     104126          8  0.000e+00
     40.534     40.148     7.5900     7.5891  35.714873  35.712918    6.69210     2.5051 2.2052e+01    -0.0512     0.0000      98.73    94.8548     0.0682     104127          8  0.000e+00
     40.623     40.236     7.5902     7.5896  35.715247  35.713688    6.69214     2.5051 2.2052e+01    -0.0512     0.0000      98.73    94.8025     0.0658     104128          8  0.000e+00
     40.623     40.236     7.5905     7.5899  35.715559  35.713688    6.69209     2.5051 2.2052e+01    -0.0512     0.0000      98.73    94.7502     0.0682     104129          8  0.000e+00
     40.591     40.204     7.5906     7.5901  35.715434  35.714873    6.69205     2.5051 2.4056e+01    -0.0512     0.0000      98.73    94.7240     0.0682     104130          8  0.000e+00
     40.566     40.180     7.5906     7.5899  35.715559  35.714695    6.69202     2.5051 2.2052e+01    -0.0512     0.0000      98.73    94.7502     0.0682     104131          8  0.000e+00
     40.566     40.180     7.5910     7.5907  35.715871  35.714872    6.69196     2.5051 2.2052e+01    -0.0512     0.0000      98.73    94.7502     0.0682     104132          8  0.000e+00
     40.591     40.204     7.5911     7.5905  35.715996  35.714695    6.69196     2.5051 2.2052e+01    -0.0585     0.0000      98.73    94.6717     0.0682     104133          8  0.000e+00
     40.566     40.180     7.5913     7.5909  35.715746  35.715346    6.69194     2.5051 2.4056e+01    -0.0512     0.0000      98.73    94.6717     0.0682     104134          8  0.000e+00
     40.509     40.124     7.5913     7.5912  35.715871  35.715524    6.69188     2.5051 2.4056e+01    -0.0512     0.0000      98.73    94.7240     0.0658     104135          8  0.000e+00
     40.534     40.148     7.5913     7.5912  35.716183  35.715642    6.69189     2.5051 2.2052e+01    -0.0512     0.0000      98.73    94.7502     0.0682     104136          8  0.000e+00
     40.566     40.180     7.5912     7.5907  35.716121  35.715524    6.69193     2.5051 2.2052e+01    -0.0512     0.0000      98.73    94.7763     0.0682     104137          8  0.000e+00
     40.510     40.124     7.5911     7.5916  35.716183  35.715642    6.69188     2.5051 2.4056e+01    -0.0512     0.0000      98.73    94.7763     0.0682     104138          8  0.000e+00
     40.534     40.148     7.5910     7.5929  35.716121  35.715642    6.69192     2.5051 2.2052e+01    -0.0512     0.0000      98.73    94.7763     0.0682     104139          8  0.000e+00
     40.510     40.124     7.5911     7.5940  35.715996  35.716116    6.69189     2.5051 2.2052e+01    -0.0512     0.0000      98.73    94.8287     0.0658     104140          8  0.000e+00
     40.445     40.060     7.5916     7.5943  35.716432  35.717241    6.69175     2.5051 2.2052e+01    -0.0512     0.0000      98.73    94.8287     0.0682     104141          8  0.000e+00
     40.469     40.084     7.5931     7.5942  35.717056  35.718070    6.69157     2.5051 2.2052e+01    -0.0512     0.0000      98.73    94.8287     0.0658     104142          8  0.000e+00
     40.510     40.124     7.5941     7.5947  35.718429  35.717892    6.69142     2.5051 2.2052e+01    -0.0512     0.0000      98.73    94.8548     0.0658     104143          8  0.000e+00
     40.445     40.060     7.5950     7.5945  35.719052  35.718188    6.69123     2.5051 2.2052e+01    -0.0512     0.0000      98.73    94.8287     0.0682     104144          8  0.000e+00
     40.469     40.084     7.5954     7.5948  35.719614  35.718070    6.69118     2.5051 2.2052e+01    -0.0512     0.0000      98.73    94.8548     0.0682     104145          8  0.000e+00
     40.445     40.060     7.5960     7.5961  35.719614  35.718840    6.69108     2.5051 2.2052e+01    -0.0512     0.0000      98.73    94.8548     0.0682     104146          8  0.000e+00
     40.445     40.060     7.5963     7.5969  35.719676  35.719313    6.69104     2.5051 2.4056e+01    -0.0512     0.0000      98.73    94.8810     0.0658     104147          8  0.000e+00
     40.412     40.028     7.5962     7.5964  35.719801  35.719787    6.69103     2.5051 2.4056e+01    -0.0512     0.0000      98.73    94.8810     0.0682     104148          8  0.000e+00
     40.388     40.004     7.5961     7.5961  35.719801  35.720439    6.69102     2.5051 2.2052e+01    -0.0512     0.0000      98.73    94.8810     0.0658     104149          8  0.000e+00
     40.445     40.060     7.5954     7.5956  35.719364  35.719965    6.69117     2.5051 2.2052e+01    -0.0512     0.0000      98.73    94.8810     0.0682     104150          8  0.000e+00
     40.412     40.028     7.5947     7.5969  35.718678  35.719491    6.69125     2.5051 2.2052e+01    -0.0512     0.0000      98.73    94.8810     0.0682     104151          8  0.000e+00
     40.388     40.004     7.5945     7.5985  35.718491  35.719965    6.69126     2.5051 2.2052e+01    -0.0512     0.0000      98.73    94.9071     0.0682     104152          8  0.000e+00
     40.388     40.004     7.5945     7.5995  35.718491  35.720794    6.69126     2.5051 2.2052e+01    -0.0365     0.0000      98.73    94.9071     0.0682     104153          8  0.000e+00
     40.356     39.972     7.5950     7.5984  35.719239  35.721860    6.69114     2.5051 2.2052e+01    -0.0512     0.0000      98.73    94.9071     0.0682     104154          8  0.000e+00
     40.331     39.948     7.5953     7.5977  35.719489  35.721090    6.69107     2.5051 2.2052e+01    -0.0512     0.0000      98.73    94.9071     0.0682     104155          8  0.000e+00
     40.388     40.004     7.5954     7.5980  35.719676  35.721090    6.69110     2.5051 2.2052e+01    -0.0512     0.0000      98.73    94.9071     0.0682     104156          8  0.000e+00
     40.356     39.972     7.5959     7.5985  35.719988  35.720912    6.69100     2.5051 2.4056e+01    -0.0512     0.0000      98.73    94.9071     0.0682     104157          8  0.000e+00
     40.331     39.948     7.5965     7.5986  35.720300  35.721090    6.69502     2.5063 2.2052e+01    -0.0512     0.0000      98.73    94.9071     0.0682     104158          8  0.000e+00
     40.331     39.948     7.5970     7.5995  35.720612  35.721267    6.69082     2.5051 2.2052e+01    -0.0512     0.0000      98.73    94.8810     0.0682     104159          8  0.000e+00
     40.356     39.972     7.5978     7.6003  35.721173  35.722037    6.69484     2.5063 2.2052e+01    -0.0512     0.0000      98.73    94.8810     0.0658     104160          8  0.000e+00
     40.331     39.948     7.5984     7.6009  35.722546  35.722689    6.69468     2.5063 2.2052e+01    -0.0512     0.0000      98.73    94.8810     0.0658     104161          8  0.000e+00
     40.331     39.948     7.5994     7.6021  35.723170  35.723459    6.69041     2.5051 2.2052e+01    -0.0512     0.0000      98.73    94.8810     0.0658     104162          8  0.000e+00
     40.291     39.907     7.5999     7.6023  35.723731  35.722985    6.69441     2.5063 2.4056e+01    -0.0512     0.0000      98.73    94.8810     0.0658     104163          8  0.000e+00
     40.267     39.883     7.5996     7.6015  35.723731  35.724466    6.69030     2.5051 2.2052e+01    -0.0512     0.0000      98.73    94.8810     0.0682     104164          8  0.000e+00
     40.332     39.948     7.5988     7.6000  35.722671  35.723341    6.69051     2.5051 2.4056e+01    -0.0512     0.0000      98.73    94.8548     0.0682     104165          8  0.000e+00
     40.291     39.907     7.5984     7.5995  35.721860  35.722867    6.69467     2.5063 2.2052e+01    -0.0512     0.0000      98.73    94.8810     0.0682     104166          8  0.000e+00
     40.267     39.883     7.5982     7.5995  35.721672  35.722393    6.69056     2.5051 2.2052e+01    -0.0512     0.0000      98.73    94.8810     0.0658     104167          8  0.000e+00
     40.332     39.948     7.5980     7.5994  35.721673  35.722393    6.69477     2.5063 2.2052e+01    -0.0512     0.0000      98.73    94.9071     0.0682     104168          8  0.000e+00
     40.234     39.851     7.5983     7.5995  35.721859  35.722215    6.69464     2.5063 2.4056e+01    -0.0512     0.0000      98.73    94.8810     0.0682     104169          8  0.000e+00
     20.400     20.207     8.4288     8.4265  36.510843  36.507626    6.53654     2.5034 2.2052e+01    -0.0512     0.0000      98.73    93.2591     0.0682     107200          9  0.000e+00
     20.343     20.151     8.4287     8.4271  36.510717  36.507626    6.53650     2.5034 2.2052e+01    -0.0512     0.0000      98.73    93.2329     0.0658     107201          9  0.000e+00
     20.400     20.207     8.4286     8.4270  36.510655  36.507984    6.53253     2.5022 2.4056e+01    -0.0512     0.0000      98.73    93.3114     0.0682     107202          9  0.000e+00
     20.343     20.151     8.4288     8.4265  36.510654  36.508283    6.53246     2.5022 2.2052e+01    -0.0512     0.0000      98.73    93.3899     0.0658     107203          9  0.000e+00
     20.400     20.207     8.4286     8.4258  36.510781  36.507626    6.53657     2.5034 2.2052e+01    -0.0512     0.0000      98.73    93.4422     0.0682     107204          9  0.000e+00
     20.343     20.151     8.4285     8.4256  36.510780  36.507327    6.53250     2.5022 2.2052e+01    -0.0512     0.0000      98.73    93.4684     0.0682     107205          9  0.000e+00
     20.343     20.151     8.4284     8.4249  36.510151  36.506969    6.53253     2.5022 2.2052e+01    -0.0512     0.0000      98.73    93.5207     0.0682     107206          9  0.000e+00
     20.400     20.207     8.4276     8.4249  36.510403  36.506670    6.53265     2.5022 2.2052e+01    -0.0512     0.0000      98.73    93.5730     0.0682     107207          9  0.000e+00
     20.343     20.151     8.4261     8.4248  36.509711  36.506312    6.53683     2.5034 2.2052e+01    -0.0512     0.0000      98.73    93.5992     0.0682     107208          9  0.000e+00
     20.343     20.151     8.4260     8.4250  36.509774  36.506371    6.53281     2.5022 2.4056e+01    -0.0512     0.0000      98.73    93.5992     0.0682     107209          9  0.000e+00
     20.343     20.151     8.4269     8.4248  36.509774  36.506670    6.53272     2.5022 2.2052e+01    -0.0512     0.0000      98.73    93.5992     0.0658     107210          9  0.000e+00
     20.303     20.111     8.4274     8.4247  36.509647  36.506371    6.53666     2.5034 2.2052e+01    -0.0512     0.0000      98.73    93.5992     0.0682     107211          9  0.000e+00
     20.343     20.151     8.4272     8.4250  36.509711  36.506670    6.53672     2.5034 2.2052e+01    -0.0512     0.0000      98.75    93.6253     0.0682     107212          9  0.000e+00
     20.400     20.207     8.4276     8.4253  36.510088  36.506670    6.53267     2.5022 2.2052e+01    -0.0512     0.0000      98.73    93.6515     0.0682     107213          9  0.000e+00
     20.343     20.151     8.4275     8.4252  36.510151  36.506670    6.53666     2.5034 2.4056e+01    -0.0512     0.0000      98.73    93.6515     0.0682     107214          9  0.000e+00
     20.278     20.086     8.4275     8.4249  36.509333  36.506013    6.53664     2.5034 2.2052e+01    -0.0512     0.0000      98.73    93.3637     0.0682     107215          9  0.000e+00
     20.400     20.207     8.4276     8.4248  36.509711  36.506372    6.52865     2.5010 2.4056e+01    -0.0512     0.0000      98.73    92.9713     0.0682     107216          9  0.000e+00
     20.343     20.151     8.4276     8.4250  36.510025  36.506969    6.53665     2.5034 2.2052e+01    -0.0512     0.0000      98.73    92.8667     0.0682     107217          9  0.000e+00
     20.278     20.086     8.4280     8.4249  36.510025  36.506371    6.53656     2.5034 2.2052e+01    -0.0512     0.0000      98.73    92.9190     0.0682     107218          9  0.000e+00
     20.400     20.207     8.4280     8.4252  36.509522  36.506670    6.54071     2.5046 2.2052e+01    -0.0512     0.0000      98.75    93.0760     0.0682     107219          9  0.000e+00
     20.400     20.207     8.4276     8.4251  36.508955  36.506670    6.53272     2.5022 2.2052e+01    -0.0512     0.0000      98.73    93.2068     0.0682     107220          9  0.000e+00
     20.343     20.151     8.4270     8.4257  36.508766  36.506312    6.53677     2.5034 2.2052e+01    -0.0512     0.0000      98.73    93.3114     0.0682     107221          9  0.000e+00
     20.343     20.151     8.4265     8.4256  36.508704  36.506969    6.53683     2.5034 2.2052e+01    -0.0512     0.0000      98.73    93.3899     0.0682     107222          9  0.000e+00
     20.457     20.263     8.4261     8.4258  36.508201  36.506670    6.53699     2.5034 2.2052e+01    -0.0512     0.0000      98.73    93.4160     0.0682     107223          9  0.000e+00
     20.343     20.151     8.4260     8.4258  36.508011  36.506969    6.53692     2.5034 2.4056e+01    -0.0585     0.0000      98.73    93.4422     0.0682     107224          9  0.000e+00
     20.400     20.207     8.4261     8.4258  36.508074  36.507327    6.53292     2.5022 2.2052e+01    -0.0512     0.0000      98.73    93.4945     0.0682     107225          9  0.000e+00
     20.424     20.231     8.4260     8.4257  36.508075  36.506969    6.53698     2.5034 2.2052e+01    -0.0512     0.0000      98.73    93.4945     0.0682     107226          9  0.000e+00
     20.400     20.207     8.4263     8.4258  36.508200  36.507327    6.53692     2.5034 2.4056e+01    -0.0512     0.0000      98.73    93.4945     0.0682     107227          9  0.000e+00
     20.457     20.263     8.4266     8.4254  36.509082  36.506670    6.53286     2.5022 2.2052e+01    -0.0439     0.0000      98.73    93.5207     0.0682     107228          9  0.000e+00
     20.457     20.263     8.4267     8.4252  36.508893  36.506969    6.53690     2.5034 2.2052e+01    -0.0512     0.0000      98.73    93.5468     0.0682     107229          9  0.000e+00
     20.400     20.207     8.4268     8.4249  36.508893  36.506670    6.53683     2.5034 2.2052e+01    -0.0512     0.0000      98.73    93.5468     0.0658     107230          9  0.000e+00
     20.457     20.263     8.4269     8.4250  36.509270  36.506671    6.53283     2.5022 2.2052e+01    -0.0512     0.0000      98.73    93.5207     0.0682     107231          9  0.000e+00
     20.522     20.327     8.4266     8.4249  36.508893  36.506671    6.52889     2.5010 2.2052e+01    -0.0512     0.0000      98.73    93.5468     0.0682     107232          9  0.000e+00
