Ship_data/Irminger/Irminger-2/ctd/process/OOI/at30_001.cnv
* Sea-Bird SBE 9 Data File:
* FileName = C:\data\ctd\at30_001.hex
* Software Version Seasave V 7.21f
* Temperature SN = 2265
* Conductivity SN = 3021
* Number of Bytes Per Scan = 40
* Number of Voltage Words = 5
* Number of Scans Averaged by the Deck Unit = 1
* NMEA Latitude = 42 32.87 N
* NMEA Longitude = 062 35.04 W
* NMEA UTC (Time) = Aug 07 2015  12:39:53
# nquan = 21
# nvalues = 1506                        
# units = specified
# name 0 = prDM: Pressure, Digiquartz [db]
# name 1 = depSM: Depth [salt water, m]
# name 2 = t090C: Temperature [ITS-90, deg C]
# name 3 = t190C: Temperature, 2 [ITS-90, deg C]
# name 4 = c0mS/cm: Conductivity [mS/cm]
# name 5 = c1mS/cm: Conductivity, 2 [mS/cm]
# name 6 = sbeox0ML/L: Oxygen, SBE 43 [ml/l]
# name 7 = sbeox0V: Oxygen raw, SBE 43 [V]
# name 8 = spar: SPAR/Surface Irradiance
# name 9 = flECO-AFL: Fluorescence, WET Labs ECO-AFL/FL [mg/m^3]
# name 10 = v2: Voltage 2
# name 11 = altM: Altimeter [m]
# name 12 = CStarTr0: Beam Transmission, WET Labs C-Star [%]
# name 13 = turbWETntu0: Turbidity, WET Labs ECO [NTU]
# name 14 = scan: Scan Count
# name 15 = sbeox0ML/L: Oxygen, SBE 43 [ml/l], WS = 2
# name 16 = sbeox0dOV/dT: Oxygen, SBE 43 [dov/dt], WS = 2
# name 17 = sal00: Salinity, Practical [PSU]
# name 18 = sal11: Salinity, Practical, 2 [PSU]
# name 19 = nbin: number of scans per bin
# name 20 = flag: flag
# span 0 =      2.000,   1508.000       
# span 1 =      1.984,   1490.704       
# span 2 =     3.9620,    21.4479       
# span 3 =     3.9627,    21.4481       
# span 4 =  33.144237,  46.795615       
# span 5 =  33.144100,  46.812078       
# span 6 =    3.04173,    6.53870       
# span 7 =     1.4378,     2.8559       
# span 8 = 1.1966e+03, 2.0220e+03       
# span 9 =    -0.0201,     1.5116       
# span 10 =     0.0000,     0.0000      
# span 11 =      80.06,      99.86      
# span 12 =    92.0687,    97.6044      
# span 13 =     0.0642,     0.1502      
# span 14 =        386,     181772      
# span 15 =    3.04146,    6.54005      
# span 16 =    0.00000,    0.00000      
# span 17 =    31.9637,    35.7073      
# span 18 =    31.9633,    35.7065      
# span 19 =         34,        249      
# span 20 = 0.0000e+00, 0.0000e+00      
# interval = decibars: 2                
# start_time = Aug 07 2015 12:39:53 [NMEA time, header]
# bad_flag = -9.990e-29
*END*
[from data line 897]
   1220.000   1206.831     4.1841     4.1837  33.228117  33.226797    5.73284     1.8605 1.3905e+03    -0.0117     0.0000      98.78    97.6016     0.0707     146109    5.73264    0.00000    34.9616    34.9605         39 0.0000e+00
   1218.000   1204.859     4.1857     4.1856  33.228781  33.227964    5.73142     1.8605 1.3923e+03    -0.0119     0.0000      98.78    97.6016     0.0707     146149    5.73084    0.00000    34.9616    34.9608         42 0.0000e+00
   1216.000   1202.886     4.1862     4.1866  33.228361  33.227990    5.73047     1.8606 1.3942e+03    -0.0120     0.0000      98.78    97.5971     0.0707     146196    5.72968    0.00000    34.9616    34.9608         52 0.0000e+00
   1214.000   1200.913     4.1866     4.1871  33.227798  33.227498    5.73018     1.8610 1.3993e+03    -0.0122     0.0000      98.78    97.6017     0.0707     146251    5.72994    0.00000    34.9615    34.9607         54 0.0000e+00
   1212.000   1198.940     4.1879     4.1880  33.228151  33.227519    5.73126     1.8617 1.4065e+03    -0.0120     0.0000      98.78    97.5996     0.0707     146298    5.73124    0.00000    34.9616    34.9608         41 0.0000e+00
   1210.000   1196.968     4.1893     4.1892  33.228677  33.227799    5.72963     1.8617 1.4083e+03    -0.0115     0.0000      98.78    97.6016     0.0707     146338    5.72944    0.00000    34.9617    34.9608         42 0.0000e+00
   1208.000   1194.995     4.1925     4.1920  33.230872  33.229598    5.72820     1.8617 1.4043e+03    -0.0123     0.0000      98.78    97.6017     0.0707     146383    5.72757    0.00000    34.9620    34.9609         47 0.0000e+00
   1206.000   1193.022     4.1938     4.1939  33.231205  33.230436    5.72676     1.8619 1.3997e+03    -0.0115     0.0000      98.78    97.5894     0.0707     146431    5.72654    0.00000    34.9620    34.9610         51 0.0000e+00
   1204.000   1191.049     4.1958     4.1955  33.232267  33.231182    5.72746     1.8625 1.3989e+03    -0.0123     0.0000      98.78    97.6024     0.0707     146485    5.72737    0.00000    34.9621    34.9612         53 0.0000e+00
   1202.000   1189.076     4.1976     4.1972  33.233035  33.231917    5.72812     1.8631 1.4000e+03    -0.0124     0.0000      98.78    97.6016     0.0707     146530    5.72813    0.00000    34.9622    34.9612         39 0.0000e+00
   1200.000   1187.104     4.1985     4.1987  33.233106  33.232594    5.72813     1.8634 1.3962e+03    -0.0120     0.0000      98.78    97.6016     0.0707     146571    5.72788    0.00000    34.9623    34.9615         47 0.0000e+00
   1198.000   1185.131     4.1992     4.2000  33.232899  33.232852    5.73051     1.8644 1.3953e+03    -0.0116     0.0000      98.78    97.6016     0.0707     146628    5.73044    0.00000    34.9623    34.9614         59 0.0000e+00
   1196.000   1183.158     4.2001     4.2005  33.232881  33.232300    5.73019     1.8647 1.3975e+03    -0.0126     0.0000      98.78    97.6016     0.0707     146676    5.73009    0.00000    34.9623    34.9612         38 0.0000e+00
   1194.000   1181.185     4.2005     4.2009  33.232235  33.231921    5.73133     1.8654 1.4023e+03    -0.0130     0.0000      98.78    97.6016     0.0707     146711    5.73143    0.00000    34.9621    34.9613         35 0.0000e+00
   1192.000   1179.212     4.2005     4.2012  33.231552  33.231393    5.73064     1.8654 1.4022e+03    -0.0117     0.0000      98.78    97.6016     0.0707     146755    5.73012    0.00000    34.9623    34.9614         60 0.0000e+00
   1190.000   1177.239     4.2007     4.2016  33.230827  33.230778    5.72993     1.8657 1.4025e+03    -0.0122     0.0000      98.78    97.6016     0.0707     146821    5.72972    0.00000    34.9623    34.9613         56 0.0000e+00
   1188.000   1175.266     4.2023     4.2024  33.231495  33.230711    5.72798     1.8656 1.4065e+03    -0.0115     0.0000      98.78    97.6016     0.0707     146864    5.72783    0.00000    34.9624    34.9613         37 0.0000e+00
   1186.000   1173.293     4.2050     4.2046  33.233082  33.231938    5.72577     1.8656 1.4109e+03    -0.0114     0.0000      98.78    97.6016     0.0707     146900    5.72563    0.00000    34.9624    34.9615         38 0.0000e+00
   1184.000   1171.320     4.2046     4.2053  33.231984  33.231827    5.72665     1.8661 1.4160e+03    -0.0123     0.0000      98.78    97.6016     0.0707     146947    5.72648    0.00000    34.9625    34.9616         58 0.0000e+00
   1182.000   1169.347     4.2058     4.2061  33.232203  33.231702    5.72778     1.8667 1.4133e+03    -0.0122     0.0000      98.78    97.6016     0.0707     147002    5.72755    0.00000    34.9625    34.9616         48 0.0000e+00
   1180.000   1167.374     4.2070     4.2069  33.232435  33.231610    5.72586     1.8667 1.4093e+03    -0.0117     0.0000      98.78    97.6016     0.0707     147047    5.72563    0.00000    34.9626    34.9616         45 0.0000e+00
   1178.000   1165.401     4.2087     4.2087  33.233153  33.232451    5.72446     1.8668 1.4025e+03    -0.0127     0.0000      98.78    97.6016     0.0707     147093    5.72425    0.00000    34.9626    34.9617         44 0.0000e+00
   1176.000   1163.428     4.2106     4.2099  33.234147  33.232815    5.72231     1.8667 1.3944e+03    -0.0118     0.0000      98.78    97.6016     0.0707     147136    5.72212    0.00000    34.9628    34.9619         43 0.0000e+00
   1174.000   1161.455     4.2173     4.2176  33.239704  33.238955    5.72293     1.8674 1.3865e+03    -0.0121     0.0000      98.78    97.6016     0.0707     147186    5.72276    0.00000    34.9632    34.9621         58 0.0000e+00
   1172.000   1159.482     4.2210     4.2201  33.242239  33.240567    5.72312     1.8678 1.3955e+03    -0.0121     0.0000      98.78    97.6016     0.0707     147243    5.72229    0.00000    34.9633    34.9623         51 0.0000e+00
   1170.000   1157.508     4.2216     4.2217  33.241916  33.241209    5.72093     1.8678 1.3979e+03    -0.0128     0.0000      98.78    97.6016     0.0707     147287    5.72067    0.00000    34.9633    34.9624         39 0.0000e+00
   1168.000   1155.535     4.2218     4.2222  33.241170  33.240849    5.71928     1.8678 1.3973e+03    -0.0122     0.0000      98.78    97.6016     0.0707     147324    5.71914    0.00000    34.9632    34.9624         38 0.0000e+00
   1166.000   1153.562     4.2227     4.2230  33.241291  33.240779    5.71856     1.8678 1.3942e+03    -0.0130     0.0000      98.78    97.6016     0.0707     147367    5.71752    0.00000    34.9633    34.9625         50 0.0000e+00
   1164.000   1151.589     4.2238     4.2243  33.241458  33.241068    5.71745     1.8681 1.3958e+03    -0.0118     0.0000      98.78    97.6016     0.0707     147424    5.71714    0.00000    34.9634    34.9625         58 0.0000e+00
   1162.000   1149.616     4.2245     4.2248  33.241135  33.240644    5.71712     1.8684 1.4022e+03    -0.0124     0.0000      98.78    97.6016     0.0707     147475    5.71684    0.00000    34.9633    34.9624         46 0.0000e+00
   1160.000   1147.643     4.2253     4.2255  33.240940  33.240429    5.71812     1.8690 1.3984e+03    -0.0125     0.0000      98.78    97.6016     0.0707     147519    5.71785    0.00000    34.9633    34.9625         43 0.0000e+00
   1158.000   1145.669     4.2271     4.2267  33.241789  33.240669    5.71864     1.8696 1.3918e+03    -0.0122     0.0000      98.78    97.6016     0.0707     147563    5.71847    0.00000    34.9634    34.9625         45 0.0000e+00
   1156.000   1143.696     4.2293     4.2289  33.242978  33.241885    5.71915     1.8701 1.3885e+03    -0.0125     0.0000      98.78    97.6016     0.0707     147609    5.71901    0.00000    34.9635    34.9625         47 0.0000e+00
   1154.000   1141.723     4.2296     4.2299  33.242453  33.242031    5.71783     1.8703 1.3978e+03    -0.0127     0.0000      98.78    97.6016     0.0707     147657    5.71819    0.00000    34.9635    34.9627         49 0.0000e+00
   1152.000   1139.750     4.2298     4.2302  33.241707  33.241402    5.71607     1.8702 1.4117e+03    -0.0125     0.0000      98.78    97.6016     0.0707     147705    5.71608    0.00000    34.9635    34.9626         47 0.0000e+00
   1150.000   1137.776     4.2304     4.2307  33.241300  33.240910    5.71618     1.8705 1.4115e+03    -0.0124     0.0000      98.78    97.6016     0.0707     147751    5.71607    0.00000    34.9633    34.9626         45 0.0000e+00
   1148.000   1135.803     4.2306     4.2311  33.240645  33.240403    5.71792     1.8713 1.4031e+03    -0.0122     0.0000      98.78    97.6016     0.0707     147800    5.71780    0.00000    34.9633    34.9625         53 0.0000e+00
   1146.000   1133.830     4.2311     4.2314  33.240167  33.239727    5.72011     1.8722 1.3972e+03    -0.0117     0.0000      98.78    97.6016     0.0707     147850    5.71998    0.00000    34.9633    34.9624         45 0.0000e+00
   1144.000   1131.856     4.2319     4.2323  33.239905  33.239515    5.72015     1.8726 1.3964e+03    -0.0121     0.0000      98.78    97.6016     0.0707     147893    5.72012    0.00000    34.9632    34.9623         42 0.0000e+00
   1142.000   1129.883     4.2321     4.2325  33.239269  33.238991    5.71921     1.8727 1.3950e+03    -0.0116     0.0000      98.78    97.6016     0.0707     147936    5.71905    0.00000    34.9632    34.9624         45 0.0000e+00
   1140.000   1127.909     4.2343     4.2343  33.240412  33.239643    5.71840     1.8729 1.3893e+03    -0.0125     0.0000      98.78    97.6016     0.0707     147986    5.71803    0.00000    34.9632    34.9623         55 0.0000e+00
   1138.000   1125.936     4.2375     4.2367  33.242436  33.240980    5.72156     1.8741 1.3788e+03    -0.0121     0.0000      98.78    97.6016     0.0707     148042    5.72136    0.00000    34.9632    34.9623         50 0.0000e+00
   1136.000   1123.962     4.2397     4.2389  33.243481  33.241989    5.72037     1.8743 1.3841e+03    -0.0126     0.0000      98.78    97.6016     0.0707     148084    5.72009    0.00000    34.9631    34.9621         39 0.0000e+00
   1134.000   1121.989     4.2441     4.2427  33.246568  33.244493    5.71988     1.8747 1.3905e+03    -0.0121     0.0000      98.78    97.6016     0.0707     148124    5.71957    0.00000    34.9631    34.9622         42 0.0000e+00
   1132.000   1120.016     4.2474     4.2466  33.248685  33.247249    5.71849     1.8748 1.3909e+03    -0.0117     0.0000      98.78    97.6016     0.0707     148170    5.71818    0.00000    34.9631    34.9623         49 0.0000e+00
   1130.000   1118.042     4.2485     4.2485  33.248835  33.248117    5.71901     1.8753 1.3867e+03    -0.0119     0.0000      98.78    97.6016     0.0707     148223    5.71875    0.00000    34.9632    34.9623         59 0.0000e+00
   1128.000   1116.068     4.2494     4.2498  33.248760  33.248244    5.72032     1.8761 1.3799e+03    -0.0125     0.0000      98.78    97.6016     0.0707     148283    5.72024    0.00000    34.9631    34.9621         53 0.0000e+00
   1126.000   1114.095     4.2500     4.2502  33.248340  33.247750    5.72021     1.8764 1.3780e+03    -0.0119     0.0000      98.78    97.6016     0.0707     148324    5.72019    0.00000    34.9630    34.9621         36 0.0000e+00
   1124.000   1112.121     4.2505     4.2507  33.247912  33.247338    5.72048     1.8769 1.3765e+03    -0.0129     0.0000      98.78    97.6016     0.0707     148360    5.72044    0.00000    34.9629    34.9620         38 0.0000e+00
   1122.000   1110.148     4.2516     4.2521  33.247955  33.247606    5.72185     1.8776 1.3739e+03    -0.0122     0.0000      98.78    97.6016     0.0707     148408    5.72176    0.00000    34.9628    34.9619         61 0.0000e+00
   1120.000   1108.174     4.2529     4.2529  33.248152  33.247334    5.72273     1.8782 1.3784e+03    -0.0120     0.0000      98.78    97.6016     0.0707     148470    5.72259    0.00000    34.9628    34.9618         52 0.0000e+00
   1118.000   1106.201     4.2557     4.2549  33.249841  33.248311    5.72282     1.8787 1.3817e+03    -0.0117     0.0000      98.78    97.6044     0.0707     148514    5.72309    0.00000    34.9628    34.9618         41 0.0000e+00
   1116.000   1104.227     4.2571     4.2570  33.250274  33.249496    5.72133     1.8788 1.3816e+03    -0.0121     0.0000      98.78    97.5954     0.0707     148559    5.72176    0.00000    34.9628    34.9620         49 0.0000e+00
   1114.000   1102.253     4.2592     4.2585  33.251380  33.249946    5.71908     1.8787 1.3808e+03    -0.0117     0.0000      98.78    97.5273     0.0707     148606    5.71919    0.00000    34.9629    34.9619         44 0.0000e+00
   1112.000   1100.279     4.2628     4.2618  33.253882  33.252206    5.71749     1.8787 1.3794e+03    -0.0120     0.0000      98.78    97.5992     0.0707     148649    5.71738    0.00000    34.9630    34.9621         46 0.0000e+00
   1110.000   1098.306     4.2712     4.2714  33.260941  33.260258    5.71793     1.8795 1.3764e+03    -0.0114     0.0000      98.78    97.6016     0.0707     148707    5.71793    0.00000    34.9635    34.9624         64 0.0000e+00
   1108.000   1096.332     4.2773     4.2740  33.265797  33.261940    5.71779     1.8800 1.3734e+03    -0.0123     0.0000      98.78    97.6016     0.0707     148758    5.71770    0.00000    34.9638    34.9627         40 0.0000e+00
   1106.000   1094.358     4.2788     4.2784  33.266446  33.265235    5.71627     1.8800 1.3723e+03    -0.0125     0.0000      98.78    97.6016     0.0707     148795    5.71606    0.00000    34.9640    34.9629         37 0.0000e+00
   1104.000   1092.385     4.2814     4.2815  33.268117  33.267392    5.71464     1.8801 1.3642e+03    -0.0127     0.0000      98.78    97.6016     0.0707     148841    5.71445    0.00000    34.9642    34.9632         58 0.0000e+00
   1102.000   1090.411     4.2830     4.2834  33.268699  33.268117    5.71707     1.8811 1.3617e+03    -0.0125     0.0000      98.78    97.6016     0.0707     148902    5.71682    0.00000    34.9642    34.9631         54 0.0000e+00
   1100.000   1088.437     4.2854     4.2846  33.270046  33.268390    5.71577     1.8812 1.3728e+03    -0.0121     0.0000      98.78    97.6016     0.0707     148947    5.71552    0.00000    34.9642    34.9632         40 0.0000e+00
   1098.000   1086.463     4.2870     4.2870  33.270491  33.269904    5.71452     1.8813 1.3777e+03    -0.0117     0.0000      98.78    97.6016     0.0707     148987    5.71432    0.00000    34.9640    34.9634         41 0.0000e+00
   1096.000   1084.490     4.2867     4.2873  33.269044  33.269139    5.71357     1.8814 1.3756e+03    -0.0122     0.0000      98.78    97.6016     0.0707     149032    5.71333    0.00000    34.9637    34.9632         52 0.0000e+00
   1094.000   1082.516     4.2900     4.2898  33.271391  33.270362    5.71280     1.8817 1.3737e+03    -0.0124     0.0000      98.78    97.6016     0.0707     149089    5.71258    0.00000    34.9640    34.9630         58 0.0000e+00
   1092.000   1080.542     4.2978     4.2947  33.277829  33.274092    5.71322     1.8824 1.3825e+03    -0.0120     0.0000      98.78    97.6016     0.0707     149141    5.71280    0.00000    34.9643    34.9632         44 0.0000e+00
   1090.000   1078.568     4.3005     4.2998  33.279453  33.277964    5.71082     1.8824 1.3877e+03    -0.0122     0.0000      98.78    97.6016     0.0707     149180    5.71078    0.00000    34.9644    34.9634         38 0.0000e+00
   1088.000   1076.594     4.3005     4.3009  33.278648  33.278267    5.70913     1.8823 1.3852e+03    -0.0126     0.0000      98.78    97.6016     0.0707     149225    5.70886    0.00000    34.9644    34.9636         56 0.0000e+00
   1086.000   1074.620     4.3015     4.3019  33.278603  33.278124    5.71070     1.8831 1.3860e+03    -0.0111     0.0000      98.78    97.6016     0.0707     149284    5.71058    0.00000    34.9643    34.9634         53 0.0000e+00
