Ship_data/Irminger/Irminger-2/ctd/process/OOI/at30_013.ros
* Sea-Bird SBE 9 Data File:
* FileName = C:\data\ctd\at30_013.hex
* Software Version Seasave V 7.21f
* Temperature SN = 2265
* Conductivity SN = 3021
* Number of Bytes Per Scan = 40
* Number of Voltage Words = 5
* Number of Scans Averaged by the Deck Unit = 1
* NMEA Latitude = 59 53.87 N
* NMEA Longitude = 039 34.33 W
* NMEA UTC (Time) = Aug 23 2015  21:20:25
** cal / val for SUMO 2
# nquan = 17
# nvalues = 539                                   
# units = specified
# name 0 = prDM: Pressure, Digiquartz [db]
# name 1 = depSM: Depth [salt water, m]
# name 2 = t090C: Temperature [ITS-90, deg C]
# name 3 = t190C: Temperature, 2 [ITS-90, deg C]
# name 4 = c0mS/cm: Conductivity [mS/cm]
# name 5 = c1mS/cm: Conductivity, 2 [mS/cm]
# name 6 = sbeox0ML/L: Oxygen, SBE 43 [ml/l]
# name 7 = sbeox0V: Oxygen raw, SBE 43 [V]
# name 8 = spar: SPAR/Surface Irradiance
# name 9 = flECO-AFL: Fluorescence, WET Labs ECO-AFL/FL [mg/m^3]
# name 10 = v2: Voltage 2
# name 11 = altM: Altimeter [m]
# name 12 = CStarTr0: Beam Transmission, WET Labs C-Star [%]
# name 13 = turbWETntu0: Turbidity, WET Labs ECO [NTU]
# name 14 = scan: Scan Count
# name 15 = nbf: Bottles Fired
# name 16 = flag:  0.000e+00
# interval = seconds: 0.0416667
# start_time = Aug 23 2015 21:20:25 [NMEA time, header]
# bad_flag = -9.990e-29
*END*
[from data line 511]
      3.941      3.904     8.4185     8.4194  36.493354  36.492934    6.52613     2.5040 2.2052e+01    -0.0512     0.0000      98.75    93.5992     0.0658     112287         11  0.000e+00
      3.892      3.855     8.4186     8.4196  36.493354  36.493233    6.52607     2.5040 2.4056e+01    -0.0512     0.0000      98.73    93.5730     0.0682     112288         11  0.000e+00
      3.884      3.847     8.4185     8.4194  36.493291  36.492934    6.52609     2.5040 2.2052e+01    -0.0512     0.0000      98.73    93.5992     0.0682     112289         11  0.000e+00
      3.892      3.855     8.4186     8.4194  36.493354  36.492934    6.52607     2.5040 2.2052e+01    -0.0512     0.0000      98.73    93.5992     0.0682     112290         11  0.000e+00
      3.884      3.847     8.4185     8.4196  36.493291  36.493293    6.52609     2.5040 2.2052e+01    -0.0512     0.0000      98.73    93.5992     0.0682     112291         11  0.000e+00
      3.827      3.791     8.4186     8.4194  36.493165  36.493591    6.52603     2.5040 2.2052e+01    -0.0512     0.0000      98.73    93.5992     0.0658     112292         11  0.000e+00
      3.835      3.799     8.4188     8.4192  36.493354  36.493292    6.52601     2.5040 2.2052e+01    -0.0512     0.0000      98.73    93.5992     0.0682     112293         11  0.000e+00
      3.827      3.791     8.4188     8.4191  36.493291  36.492934    6.52600     2.5040 2.2052e+01    -0.0512     0.0000      98.73    93.5992     0.0682     112294         11  0.000e+00
      3.762      3.727     8.4189     8.4192  36.493354  36.492934    6.52593     2.5040 2.2052e+01    -0.0512     0.0000      98.73    93.5992     0.0682     112295         11  0.000e+00
      3.771      3.735     8.4186     8.4196  36.492976  36.492934    6.52598     2.5040 2.2052e+01    -0.0512     0.0000      98.73    93.5730     0.0682     112296         11  0.000e+00
      3.762      3.727     8.4189     8.4197  36.493039  36.493292    6.52594     2.5040 2.2052e+01    -0.0512     0.0000      98.75    93.5207     0.0682     112297         11  0.000e+00
      3.714      3.679     8.4188     8.4200  36.493605  36.493591    6.52589     2.5040 2.2052e+01    -0.0512     0.0000      98.73    93.4945     0.0682     112298         11  0.000e+00
      3.706      3.671     8.4191     8.4199  36.493605  36.493591    6.52585     2.5040 2.2052e+01    -0.0512     0.0000      98.73    93.4945     0.0682     112299         11  0.000e+00
      3.584      3.550     8.4189     8.4202  36.493479  36.493590    6.52577     2.5040 2.2052e+01    -0.0512     0.0000      98.73    93.5207     0.0682     112300         11  0.000e+00
      3.714      3.679     8.4189     8.4201  36.493479  36.493889    6.52588     2.5040 2.2052e+01    -0.0512     0.0000      98.73    93.5207     0.0682     112301         11  0.000e+00
      3.649      3.615     8.4191     8.4200  36.493668  36.493590    6.52579     2.5040 2.4056e+01    -0.0512     0.0000      98.73    93.5468     0.0682     112302         11  0.000e+00
      3.592      3.558     8.4188     8.4204  36.493605  36.493889    6.52578     2.5040 2.2052e+01    -0.0512     0.0000      98.73    93.5468     0.0682     112303         11  0.000e+00
      3.584      3.550     8.4189     8.4203  36.493668  36.494247    6.52576     2.5040 2.2052e+01    -0.0512     0.0000      98.73    93.5730     0.0682     112304         11  0.000e+00
      3.535      3.502     8.4193     8.4202  36.493605  36.493590    6.52568     2.5040 2.4056e+01    -0.0512     0.0000      98.75    93.5730     0.0682     112305         11  0.000e+00
      3.527      3.494     8.4191     8.4203  36.493290  36.493889    6.52571     2.5040 2.2052e+01    -0.0512     0.0000      98.73    93.5468     0.0658     112306         11  0.000e+00
      3.527      3.494     8.4191     8.4204  36.493353  36.493889    6.52570     2.5039 2.2052e+01    -0.0512     0.0000      98.75    93.4422     0.0682     112307         11  0.000e+00
      3.535      3.502     8.4191     8.4205  36.493919  36.494247    6.52568     2.5039 2.2052e+01    -0.0512     0.0000      98.73    93.4160     0.0658     112308         11  0.000e+00
      3.406      3.374     8.4193     8.4203  36.493667  36.494187    6.52556     2.5039 2.2052e+01    -0.0512     0.0000      98.73    93.4160     0.0682     112309         11  0.000e+00
      3.479      3.446     8.4191     8.4200  36.493667  36.493590    6.52565     2.5039 2.2052e+01    -0.0512     0.0000      98.75    93.4684     0.0682     112310         11  0.000e+00
      3.406      3.374     8.4193     8.4201  36.493604  36.494187    6.52556     2.5039 2.2052e+01    -0.0512     0.0000      98.73    93.3899     0.0682     112311         11  0.000e+00
      3.406      3.374     8.4195     8.4197  36.493478  36.493291    6.52555     2.5039 2.2052e+01    -0.0512     0.0000      98.73    93.0236     0.0682     112312         11  0.000e+00
      3.414      3.382     8.4191     8.4199  36.493667  36.493590    6.52559     2.5039 2.2052e+01    -0.0512     0.0000      98.73    92.9452     0.0682     112313         11  0.000e+00
      3.349      3.317     8.4195     8.4201  36.493604  36.493888    6.52550     2.5039 2.2052e+01    -0.0512     0.0000      98.75    93.0498     0.0682     112314         11  0.000e+00
