Ship_data/Irminger/Irminger-2/ctd/process/OOI/at30_005.cnv
* Sea-Bird SBE 9 Data File:
* FileName = C:\data\ctd\at30_005.hex
* Software Version Seasave V 7.21f
* Temperature SN = 2265
* Conductivity SN = 3021
* Number of Bytes Per Scan = 40
* Number of Voltage Words = 5
* Number of Scans Averaged by the Deck Unit = 1
* NMEA Latitude = 59 59.33 N
* NMEA Longitude = 039 27.67 W
* NMEA UTC (Time) = Aug 14 2015  19:36:17
# nquan = 21
# nvalues = 2702                        
# units = specified
# name 0 = prDM: Pressure, Digiquartz [db]
# name 1 = depSM: Depth [salt water, m]
# name 2 = t090C: Temperature [ITS-90, deg C]
# name 3 = t190C: Temperature, 2 [ITS-90, deg C]
# name 4 = c0mS/cm: Conductivity [mS/cm]
# name 5 = c1mS/cm: Conductivity, 2 [mS/cm]
# name 6 = sbeox0ML/L: Oxygen, SBE 43 [ml/l]
# name 7 = sbeox0V: Oxygen raw, SBE 43 [V]
# name 8 = spar: SPAR/Surface Irradiance
# name 9 = flECO-AFL: Fluorescence, WET Labs ECO-AFL/FL [mg/m^3]
# name 10 = v2: Voltage 2
# name 11 = altM: Altimeter [m]
# name 12 = CStarTr0: Beam Transmission, WET Labs C-Star [%]
# name 13 = turbWETntu0: Turbidity, WET Labs ECO [NTU]
# name 14 = scan: Scan Count
# name 15 = sbeox0ML/L: Oxygen, SBE 43 [ml/l], WS = 2
# name 16 = sbeox0dOV/dT: Oxygen, SBE 43 [dov/dt], WS = 2
# name 17 = sal00: Salinity, Practical [PSU]
# name 18 = sal11: Salinity, Practical, 2 [PSU]
# name 19 = nbin: number of scans per bin
# name 20 = flag: flag
# span 0 =      2.000,   2704.000       
# span 1 =      1.981,   2661.393       
# span 2 =     1.4170,     8.6858       
# span 3 =     1.4177,     8.6988       
# span 4 =  31.329763,  36.750811       
# span 5 =  31.329984,  36.762190       
# span 6 =    6.01332,    6.92151       
# span 7 =     1.6923,     2.5496       
# span 8 = 2.0436e+02, 1.7396e+03       
# span 9 =    -0.0309,     2.2299       
# span 10 =     0.0000,     0.0000      
# span 11 =       8.73,      99.77      
# span 12 =    92.8909,    97.4608      
# span 13 =     0.0735,     0.1341      
# span 14 =       1526,     181448      
# span 15 =    6.01324,    6.92174      
# span 16 =    0.00000,    0.00000      
# span 17 =    34.8496,    35.0152      
# span 18 =    34.8486,    35.0134      
# span 19 =         25,        129      
# span 20 = 0.0000e+00, 0.0000e+00      
# interval = decibars: 2                
# start_time = Aug 14 2015 19:36:17 [NMEA time, header]
# bad_flag = -9.990e-29
*END*
[from data line 483]
    970.000    958.616     3.7440     3.7456  32.677900  32.679253    6.38475     2.0425 7.4559e+02    -0.0227     0.0000      98.78    97.3442     0.0780      32610    6.38446    0.00000    34.9033    34.9033         74 0.0000e+00
    972.000    960.587     3.7461     3.7455  32.681038  32.680257    6.38852     2.0432 6.9977e+02    -0.0224     0.0000      98.78    97.3480     0.0780      32670    6.38851    0.00000    34.9038    34.9035         41 0.0000e+00
    974.000    962.560     3.7444     3.7444  32.680204  32.680204    6.39359     2.0439 6.9394e+02    -0.0235     0.0000      98.78    97.3593     0.0780      32704    6.39345    0.00000    34.9036    34.9036         32 0.0000e+00
    976.000    964.531     3.7450     3.7453  32.681574  32.681927    6.39317     2.0434 7.1617e+02    -0.0228     0.0000      98.78    97.3574     0.0780      32736    6.39305    0.00000    34.9036    34.9037         35 0.0000e+00
    978.000    966.503     3.7419     3.7424  32.679206  32.679745    6.38538     2.0411 7.2766e+02    -0.0232     0.0000      98.78    97.3431     0.0780      32789    6.38524    0.00000    34.9030    34.9032         77 0.0000e+00
    980.000    968.475     3.7421     3.7420  32.680385  32.679960    6.38103     2.0396 6.9002e+02    -0.0223     0.0000      98.78    97.3439     0.0780      32858    6.38076    0.00000    34.9031    34.9028         46 0.0000e+00
    982.000    970.447     3.7343     3.7347  32.673216  32.674086    6.38674     2.0403 6.9335e+02    -0.0239     0.0000      98.78    97.3606     0.0780      32896    6.38667    0.00000    34.9019    34.9025         36 0.0000e+00
    984.000    972.419     3.7294     3.7308  32.669251  32.670789    6.38695     2.0397 7.0525e+02    -0.0224     0.0000      98.78    97.3510     0.0780      32937    6.38681    0.00000    34.9014    34.9017         50 0.0000e+00
    986.000    974.391     3.7242     3.7241  32.664966  32.664935    6.38856     2.0394 6.9751e+02    -0.0229     0.0000      98.78    97.3491     0.0780      32988    6.38833    0.00000    34.9008    34.9008         46 0.0000e+00
    988.000    976.362     3.7240     3.7244  32.665658  32.666039    6.39304     2.0401 6.9249e+02    -0.0224     0.0000      98.78    97.3546     0.0780      33029    6.39297    0.00000    34.9008    34.9008         41 0.0000e+00
    990.000    978.334     3.7235     3.7237  32.665932  32.666231    6.39052     2.0391 6.8490e+02    -0.0231     0.0000      98.78    97.3567     0.0780      33084    6.39049    0.00000    34.9006    34.9007         68 0.0000e+00
    992.000    980.306     3.7236     3.7238  32.667291  32.667423    6.39734     2.0403 6.6839e+02    -0.0226     0.0000      98.78    97.3499     0.0780      33141    6.39714    0.00000    34.9011    34.9010         42 0.0000e+00
    994.000    982.278     3.7237     3.7239  32.668511  32.668575    6.39801     2.0401 6.6434e+02    -0.0221     0.0000      98.78    97.3616     0.0780      33180    6.39779    0.00000    34.9014    34.9012         40 0.0000e+00
    996.000    984.249     3.7238     3.7242  32.669438  32.669780    6.38974     2.0378 6.6834e+02    -0.0230     0.0000      98.78    97.3522     0.0780      33224    6.38958    0.00000    34.9013    34.9013         50 0.0000e+00
    998.000    986.221     3.7242     3.7245  32.670656  32.670780    6.38306     2.0358 6.6773e+02    -0.0228     0.0000      98.78    97.3526     0.0780      33279    6.38290    0.00000    34.9014    34.9012         54 0.0000e+00
   1000.000    988.193     3.7320     3.7334  32.679764  32.680517    6.38034     2.0351 6.4953e+02    -0.0224     0.0000      98.78    97.3484     0.0780      33326    6.38007    0.00000    34.9029    34.9023         42 0.0000e+00
   1002.000    990.164     3.7411     3.7408  32.689991  32.689735    6.38019     2.0350 6.3648e+02    -0.0231     0.0000      98.78    97.3486     0.0780      33367    6.37990    0.00000    34.9044    34.9043         42 0.0000e+00
   1004.000    992.136     3.7463     3.7456  32.696338  32.695354    6.37249     2.0331 6.4464e+02    -0.0230     0.0000      98.78    97.3503     0.0780      33414    6.37230    0.00000    34.9054    34.9049         55 0.0000e+00
   1006.000    994.108     3.7593     3.7605  32.710699  32.711475    6.35866     2.0300 6.5477e+02    -0.0224     0.0000      98.78    97.3509     0.0780      33475    6.35851    0.00000    34.9077    34.9072         58 0.0000e+00
   1008.000    996.079     3.7740     3.7744  32.727087  32.727276    6.34695     2.0275 6.3796e+02    -0.0224     0.0000      98.78    97.3563     0.0780      33524    6.34679    0.00000    34.9105    34.9103         43 0.0000e+00
   1010.000    998.051     3.7772     3.7777  32.731222  32.731813    6.33553     2.0245 6.2040e+02    -0.0225     0.0000      98.78    97.3528     0.0780      33564    6.33533    0.00000    34.9110    34.9111         38 0.0000e+00
   1012.000   1000.022     3.7767     3.7772  32.731587  32.732077    6.32126     2.0207 6.2925e+02    -0.0229     0.0000      98.78    97.3546     0.0780      33604    6.32106    0.00000    34.9110    34.9109         45 0.0000e+00
   1014.000   1001.994     3.7763     3.7767  32.732127  32.732511    6.30519     2.0165 6.5228e+02    -0.0225     0.0000      98.78    97.3459     0.0780      33653    6.30501    0.00000    34.9109    34.9110         50 0.0000e+00
   1016.000   1003.966     3.7767     3.7771  32.733338  32.733566    6.29695     2.0142 6.4570e+02    -0.0230     0.0000      98.78    97.3538     0.0780      33704    6.29674    0.00000    34.9109    34.9108         58 0.0000e+00
   1018.000   1005.937     3.7772     3.7777  32.734535  32.734855    6.28765     2.0116 6.2780e+02    -0.0226     0.0000      98.78    97.3593     0.0780      33773    6.28757    0.00000    34.9108    34.9107         62 0.0000e+00
   1020.000   1007.909     3.7788     3.7782  32.737194  32.736372    6.28680     2.0111 6.2793e+02    -0.0223     0.0000      98.78    97.3584     0.0780      33815    6.28680    0.00000    34.9113    34.9109         32 0.0000e+00
   1022.000   1009.880     3.7832     3.7834  32.742700  32.742426    6.28579     2.0107 6.3666e+02    -0.0226     0.0000      98.78    97.3524     0.0780      33845    6.28567    0.00000    34.9121    34.9116         31 0.0000e+00
   1024.000   1011.851     3.7839     3.7844  32.744256  32.744551    6.27922     2.0087 6.4489e+02    -0.0233     0.0000      98.78    97.3553     0.0780      33884    6.27899    0.00000    34.9122    34.9120         55 0.0000e+00
   1026.000   1013.823     3.7841     3.7847  32.745272  32.745737    6.27165     2.0066 6.3346e+02    -0.0227     0.0000      98.78    97.3520     0.0780      33957    6.27154    0.00000    34.9122    34.9120         70 0.0000e+00
   1028.000   1015.794     3.7667     3.7792  32.728315  32.742018    6.27331     2.0059 6.3454e+02    -0.0224     0.0000      98.78    97.3574     0.0780      34007    6.27320    0.00000    34.9096    34.9124         40 0.0000e+00
   1030.000   1017.766     3.7672     3.7649  32.729946  32.726792    6.26928     2.0046 6.4464e+02    -0.0223     0.0000      98.78    97.3518     0.0780      34043    6.26923    0.00000    34.9098    34.9085         36 0.0000e+00
   1032.000   1019.737     3.7553     3.7594  32.718247  32.723078    6.26945     2.0036 6.4699e+02    -0.0231     0.0000      98.78    97.3497     0.0780      34083    6.26917    0.00000    34.9075    34.9089         44 0.0000e+00
   1034.000   1021.708     3.7545     3.7523  32.718486  32.716407    6.26780     2.0029 6.4794e+02    -0.0227     0.0000      98.78    97.3523     0.0780      34130    6.26763    0.00000    34.9076    34.9075         53 0.0000e+00
   1036.000   1023.680     3.7467     3.7491  32.711000  32.713400    6.27892     2.0048 6.3767e+02    -0.0226     0.0000      98.78    97.3535     0.0780      34194    6.27881    0.00000    34.9060    34.9063         63 0.0000e+00
   1038.000   1025.651     3.7402     3.7404  32.705229  32.705367    6.28842     2.0063 6.3419e+02    -0.0233     0.0000      98.78    97.3535     0.0780      34243    6.28816    0.00000    34.9049    34.9049         41 0.0000e+00
   1040.000   1027.622     3.7345     3.7353  32.700371  32.701372    6.29646     2.0076 6.4725e+02    -0.0229     0.0000      98.78    97.3557     0.0780      34281    6.29636    0.00000    34.9042    34.9045         36 0.0000e+00
   1042.000   1029.594     3.7292     3.7292  32.695923  32.695916    6.30482     2.0090 6.5277e+02    -0.0233     0.0000      98.78    97.3491     0.0780      34320    6.30467    0.00000    34.9035    34.9035         47 0.0000e+00
   1044.000   1031.565     3.7301     3.7304  32.697726  32.697849    6.31058     2.0100 6.4360e+02    -0.0229     0.0000      98.78    97.3312     0.0780      34381    6.31047    0.00000    34.9037    34.9035         65 0.0000e+00
   1046.000   1033.536     3.7355     3.7362  32.704643  32.704884    6.32177     2.0125 6.3725e+02    -0.0227     0.0000      98.78    97.3456     0.0780      34430    6.32153    0.00000    34.9051    34.9047         38 0.0000e+00
   1048.000   1035.508     3.7375     3.7376  32.707830  32.708032    6.32335     2.0126 6.4527e+02    -0.0221     0.0000      98.78    97.3477     0.0780      34467    6.32332    0.00000    34.9058    34.9059         38 0.0000e+00
   1050.000   1037.479     3.7333     3.7339  32.704320  32.704801    6.31427     2.0098 6.5529e+02    -0.0233     0.0000      98.78    97.3575     0.0780      34520    6.31413    0.00000    34.9050    34.9050         71 0.0000e+00
   1052.000   1039.450     3.7340     3.7341  32.706075  32.705996    6.30507     2.0074 6.4047e+02    -0.0223     0.0000      98.78    97.3487     0.0780      34584    6.30505    0.00000    34.9054    34.9051         47 0.0000e+00
   1054.000   1041.421     3.7388     3.7400  32.711940  32.712683    6.30131     2.0062 6.2899e+02    -0.0223     0.0000      98.78    97.3439     0.0780      34623    6.30100    0.00000    34.9063    34.9058         35 0.0000e+00
   1056.000   1043.392     3.7472     3.7479  32.721569  32.721897    6.29873     2.0056 6.2213e+02    -0.0232     0.0000      98.78    97.3499     0.0780      34656    6.29852    0.00000    34.9077    34.9074         33 0.0000e+00
   1058.000   1045.364     3.7549     3.7550  32.730404  32.730027    6.28906     2.0033 6.3354e+02    -0.0227     0.0000      98.78    97.3504     0.0780      34698    6.28888    0.00000    34.9091    34.9085         58 0.0000e+00
   1060.000   1047.335     3.7530     3.7536  32.729025  32.729315    6.27413     1.9993 6.3657e+02    -0.0231     0.0000      98.78    97.3546     0.0780      34785    6.27395    0.00000    34.9084    34.9081         58 0.0000e+00
   1062.000   1049.305     3.7624     3.7620  32.739859  32.738135    6.27340     1.9991 6.1441e+02    -0.0223     0.0000      98.78    97.3470     0.0780      34821    6.27318    0.00000    34.9103    34.9087         34 0.0000e+00
   1064.000   1051.277     3.7773     3.7765  32.755865  32.755138    6.26831     1.9982 6.2069e+02    -0.0227     0.0000      98.78    97.3483     0.0780      34854    6.26810    0.00000    34.9125    34.9125         35 0.0000e+00
   1066.000   1053.248     3.7820     3.7823  32.762039  32.762028    6.26208     1.9966 6.3111e+02    -0.0227     0.0000      98.78    97.3448     0.0780      34894    6.26190    0.00000    34.9138    34.9135         46 0.0000e+00
   1068.000   1055.219     3.7833     3.7837  32.764309  32.764658    6.24757     1.9928 6.2671e+02    -0.0227     0.0000      98.78    97.3524     0.0780      34954    6.24737    0.00000    34.9142    34.9141         73 0.0000e+00
   1070.000   1057.190     3.7835     3.7839  32.765472  32.765707    6.23365     1.9892 6.2735e+02    -0.0229     0.0000      98.78    97.3491     0.0780      35020    6.23340    0.00000    34.9143    34.9142         50 0.0000e+00
   1072.000   1059.161     3.7824     3.7829  32.765215  32.765764    6.22932     1.9877 6.2545e+02    -0.0229     0.0000      98.78    97.3507     0.0780      35059    6.22919    0.00000    34.9141    34.9142         35 0.0000e+00
   1074.000   1061.132     3.7817     3.7816  32.765488  32.765159    6.22792     1.9870 6.2357e+02    -0.0231     0.0000      98.78    97.3540     0.0780      35094    6.22777    0.00000    34.9141    34.9139         36 0.0000e+00
   1076.000   1063.103     3.7826     3.7830  32.767052  32.767350    6.22186     1.9853 6.2388e+02    -0.0230     0.0000      98.78    97.3473     0.0780      35137    6.22179    0.00000    34.9140    34.9140         51 0.0000e+00
   1078.000   1065.074     3.7793     3.7801  32.764632  32.765392    6.22105     1.9845 6.3192e+02    -0.0227     0.0000      98.78    97.3577     0.0780      35196    6.22082    0.00000    34.9137    34.9137         66 0.0000e+00
   1080.000   1067.045     3.7781     3.7783  32.764324  32.764485    6.21919     1.9837 6.3734e+02    -0.0231     0.0000      98.78    97.3499     0.0780      35257    6.21907    0.00000    34.9136    34.9135         49 0.0000e+00
   1082.000   1069.016     3.7788     3.7792  32.766081  32.766313    6.21678     1.9827 6.2862e+02    -0.0227     0.0000      98.78    97.3380     0.0780      35296    6.21648    0.00000    34.9138    34.9137         35 0.0000e+00
   1084.000   1070.987     3.7797     3.7799  32.767922  32.767927    6.21498     1.9820 6.3161e+02    -0.0232     0.0000      98.78    97.3619     0.0780      35334    6.21475    0.00000    34.9140    34.9138         43 0.0000e+00
   1086.000   1072.957     3.7805     3.7809  32.769967  32.770187    6.21194     1.9809 6.4567e+02    -0.0225     0.0000      98.78    97.3466     0.0780      35387    6.21176    0.00000    34.9146    34.9145         62 0.0000e+00
   1088.000   1074.928     3.7817     3.7821  32.772378  32.772553    6.20957     1.9801 6.4786e+02    -0.0226     0.0000      98.78    97.3425     0.0780      35446    6.20942    0.00000    34.9152    34.9150         51 0.0000e+00
   1090.000   1076.899     3.7832     3.7836  32.774964  32.775189    6.20774     1.9793 6.4352e+02    -0.0227     0.0000      98.78    97.3603     0.0780      35489    6.20761    0.00000    34.9156    34.9155         37 0.0000e+00
   1092.000   1078.870     3.7836     3.7839  32.776215  32.776420    6.20522     1.9784 6.4634e+02    -0.0225     0.0000      98.78    97.3538     0.0780      35526    6.20512    0.00000    34.9157    34.9156         40 0.0000e+00
   1094.000   1080.841     3.7839     3.7843  32.777470  32.777676    6.19809     1.9763 6.6152e+02    -0.0226     0.0000      98.78    97.3586     0.0780      35575    6.19789    0.00000    34.9158    34.9157         60 0.0000e+00
   1096.000   1082.811     3.7881     3.7884  32.782755  32.782779    6.19268     1.9748 6.7667e+02    -0.0228     0.0000      98.78    97.3605     0.0780      35636    6.19244    0.00000    34.9167    34.9164         56 0.0000e+00
   1098.000   1084.782     3.7892     3.7896  32.784885  32.785203    6.18842     1.9735 6.6204e+02    -0.0232     0.0000      98.78    97.3454     0.0780      35686    6.18826    0.00000    34.9170    34.9169         46 0.0000e+00
   1100.000   1086.753     3.7910     3.7915  32.787795  32.788086    6.18389     1.9722 6.6098e+02    -0.0228     0.0000      98.78    97.3596     0.0780      35729    6.18378    0.00000    34.9175    34.9174         42 0.0000e+00
   1102.000   1088.724     3.7917     3.7921  32.789453  32.789661    6.17851     1.9706 6.9030e+02    -0.0221     0.0000      98.78    97.3611     0.0780      35773    6.17837    0.00000    34.9178    34.9176         45 0.0000e+00
   1104.000   1090.695     3.7928     3.7933  32.791505  32.791881    6.17395     1.9691 6.9594e+02    -0.0228     0.0000      98.78    97.3600     0.0780      35821    6.17369    0.00000    34.9180    34.9179         50 0.0000e+00
