Ship_data/Irminger/Irminger-2/ctd/process/OOI/at30_004.cnv
* Sea-Bird SBE 9 Data File:
* FileName = C:\data\ctd\at30_004.hex
* Software Version Seasave V 7.21f
* Temperature SN = 2265
* Conductivity SN = 3021
* Number of Bytes Per Scan = 40
* Number of Voltage Words = 5
* Number of Scans Averaged by the Deck Unit = 1
* NMEA Latitude = 59 57.06 N
* NMEA Longitude = 039 25.14 W
* NMEA UTC (Time) = Aug 14 2015  14:16:48
# nquan = 21
# nvalues = 2731                        
# units = specified
# name 0 = prDM: Pressure, Digiquartz [db]
# name 1 = depSM: Depth [salt water, m]
# name 2 = t090C: Temperature [ITS-90, deg C]
# name 3 = t190C: Temperature, 2 [ITS-90, deg C]
# name 4 = c0mS/cm: Conductivity [mS/cm]
# name 5 = c1mS/cm: Conductivity, 2 [mS/cm]
# name 6 = sbeox0ML/L: Oxygen, SBE 43 [ml/l]
# name 7 = sbeox0V: Oxygen raw, SBE 43 [V]
# name 8 = spar: SPAR/Surface Irradiance
# name 9 = flECO-AFL: Fluorescence, WET Labs ECO-AFL/FL [mg/m^3]
# name 10 = v2: Voltage 2
# name 11 = altM: Altimeter [m]
# name 12 = CStarTr0: Beam Transmission, WET Labs C-Star [%]
# name 13 = turbWETntu0: Turbidity, WET Labs ECO [NTU]
# name 14 = scan: Scan Count
# name 15 = sbeox0ML/L: Oxygen, SBE 43 [ml/l], WS = 2
# name 16 = sbeox0dOV/dT: Oxygen, SBE 43 [dov/dt], WS = 2
# name 17 = sal00: Salinity, Practical [PSU]
# name 18 = sal11: Salinity, Practical, 2 [PSU]
# name 19 = nbin: number of scans per bin
# name 20 = flag: flag
# span 0 =      2.000,   2732.000       
# span 1 =      1.981,   2688.787       
# span 2 =     1.4235,     8.2589       
# span 3 =     1.4242,     8.2755       
# span 4 =  31.341710,  36.317878       
# span 5 =  31.341941,  36.332856       
# span 6 =    6.01450,    7.04061       
# span 7 =     1.6880,     2.5339       
# span 8 = 2.6032e+02, 1.7497e+03       
# span 9 =    -0.0312,     1.5888       
# span 10 =     0.0000,     0.0000      
# span 11 =      10.85,      99.55      
# span 12 =    93.7189,    97.4190      
# span 13 =     0.0763,     0.1317      
# span 14 =       -198,     191628      
# span 15 =    6.01450,    7.04120      
# span 16 =    0.00000,    0.00000      
# span 17 =    34.8468,    34.9317      
# span 18 =    34.8462,    34.9310      
# span 19 =         20,        137      
# span 20 = 0.0000e+00, 0.0000e+00      
# interval = decibars: 2                
# start_time = Aug 14 2015 14:16:48 [NMEA time, header]
# bad_flag = -9.990e-29
*END*
[from data line 1863]
   1736.000   1712.519     3.3492     3.3498  32.671320  32.671345    6.03742     1.8097 9.8940e+02    -0.0232     0.0000      98.78    97.3860     0.0780     115439    6.03714    0.00000    34.9293    34.9287         44 0.0000e+00
   1734.000   1710.554     3.3490     3.3497  32.670331  32.670447    6.03908     1.8105 3.2152e+02    -0.0231     0.0000      98.78    97.3884     0.0780     115518    6.03975    0.00000    34.9293    34.9287         67 0.0000e+00
   1732.000   1708.589     3.3543     3.3543  32.674301  32.673303    6.03761     1.8107 8.6650e+02    -0.0226     0.0000      98.78    97.3884     0.0780     115568    6.03780    0.00000    34.9295    34.9283         31 0.0000e+00
   1730.000   1706.624     3.3610     3.3611  32.679818  32.679169    6.03521     1.8107 3.5444e+02    -0.0236     0.0000      98.78    97.3813     0.0780     115595    6.03520    0.00000    34.9300    34.9290         26 0.0000e+00
   1728.000   1704.659     3.3627     3.3630  32.680604  32.680396    6.03354     1.8107 3.5159e+02    -0.0233     0.0000      98.78    97.3750     0.0780     115622    6.03351    0.00000    34.9300    34.9294         27 0.0000e+00
   1726.000   1702.694     3.3626     3.3630  32.679784  32.679794    6.03503     1.8114 4.3321e+02    -0.0234     0.0000      98.78    97.3674     0.0780     115666    6.03496    0.00000    34.9301    34.9297         53 0.0000e+00
   1724.000   1700.729     3.3618     3.3628  32.677957  32.678497    6.03692     1.8119 8.3702e+02    -0.0223     0.0000      98.78    97.3741     0.0780     115773    6.03618    0.00000    34.9298    34.9294         43 0.0000e+00
   1722.000   1698.765     3.3621     3.3631  32.677081  32.677482    6.03513     1.8119 3.4771e+02    -0.0230     0.0000      98.78    97.3755     0.0780     115798    6.03459    0.00000    34.9294    34.9288         26 0.0000e+00
   1720.000   1696.799     3.3625     3.3632  32.676269  32.676560    6.03369     1.8121 3.5165e+02    -0.0227     0.0000      98.78    97.3751     0.0780     115824    6.03358    0.00000    34.9290    34.9286         27 0.0000e+00
   1718.000   1694.834     3.3633     3.3632  32.676228  32.675885    6.03574     1.8129 3.4999e+02    -0.0233     0.0000      98.78    97.3770     0.0780     115854    6.03556    0.00000    34.9291    34.9287         37 0.0000e+00
   1716.000   1692.869     3.3630     3.3633  32.675328  32.675227    6.03991     1.8140 3.5292e+02    -0.0233     0.0000      98.78    97.3798     0.0780     115927    6.03949    0.00000    34.9292    34.9288         70 0.0000e+00
   1714.000   1690.904     3.3648     3.3652  32.675797  32.675606    6.03942     1.8143 5.5245e+02    -0.0235     0.0000      98.78    97.3880     0.0780     115986    6.03885    0.00000    34.9289    34.9283         37 0.0000e+00
   1712.000   1688.939     3.3666     3.3670  32.676508  32.676569    6.03702     1.8142 4.9380e+02    -0.0234     0.0000      98.78    97.3895     0.0780     116020    6.03669    0.00000    34.9288    34.9285         35 0.0000e+00
   1710.000   1686.974     3.3676     3.3680  32.676674  32.676629    6.03739     1.8147 3.5440e+02    -0.0237     0.0000      98.78    97.3827     0.0780     116059    6.03716    0.00000    34.9289    34.9285         41 0.0000e+00
   1708.000   1685.009     3.3683     3.3687  32.676505  32.676471    6.03909     1.8155 3.5224e+02    -0.0241     0.0000      98.78    97.3793     0.0780     116101    6.03901    0.00000    34.9290    34.9285         44 0.0000e+00
   1706.000   1683.044     3.3699     3.3689  32.677057  32.675915    6.04234     1.8165 3.9865e+02    -0.0239     0.0000      98.78    97.3839     0.0780     116160    6.04220    0.00000    34.9290    34.9286         79 0.0000e+00
   1704.000   1681.079     3.3712     3.3714  32.677347  32.676980    6.04430     1.8173 4.4969e+02    -0.0237     0.0000      98.78    97.3887     0.0780     116229    6.04408    0.00000    34.9289    34.9283         45 0.0000e+00
   1702.000   1679.113     3.3725     3.3735  32.677592  32.677956    6.04123     1.8171 3.5182e+02    -0.0235     0.0000      98.78    97.3858     0.0780     116264    6.04107    0.00000    34.9287    34.9281         31 0.0000e+00
   1700.000   1677.148     3.3740     3.3745  32.678212  32.678115    6.03940     1.8171 3.5232e+02    -0.0228     0.0000      98.78    97.3762     0.0780     116294    6.03925    0.00000    34.9289    34.9283         31 0.0000e+00
   1698.000   1675.183     3.3749     3.3748  32.678264  32.677728    6.03988     1.8175 3.8925e+02    -0.0232     0.0000      98.78    97.3591     0.0780     116332    6.03970    0.00000    34.9290    34.9285         50 0.0000e+00
   1696.000   1673.218     3.3752     3.3746  32.677608  32.676841    6.04058     1.8180 6.0353e+02    -0.0232     0.0000      98.78    97.3845     0.0780     116407    6.04022    0.00000    34.9289    34.9286         83 0.0000e+00
   1694.000   1671.253     3.3786     3.3792  32.679776  32.679522    6.03845     1.8180 6.9857e+02    -0.0234     0.0000      98.78    97.3801     0.0780     116464    6.03819    0.00000    34.9289    34.9279         40 0.0000e+00
   1692.000   1669.287     3.3829     3.3834  32.682460  32.682587    6.03599     1.8180 3.5331e+02    -0.0230     0.0000      98.78    97.3801     0.0780     116499    6.03571    0.00000    34.9285    34.9281         33 0.0000e+00
   1690.000   1667.322     3.3847     3.3847  32.683377  32.683107    6.03409     1.8180 3.5083e+02    -0.0234     0.0000      98.78    97.3756     0.0780     116532    6.03391    0.00000    34.9287    34.9283         34 0.0000e+00
   1688.000   1665.357     3.3861     3.3860  32.683859  32.683345    6.03330     1.8182 3.5041e+02    -0.0230     0.0000      98.78    97.3808     0.0780     116569    6.03314    0.00000    34.9287    34.9283         42 0.0000e+00
   1686.000   1663.391     3.3869     3.3859  32.683681  32.682530    6.03542     1.8190 4.5033e+02    -0.0234     0.0000      98.78    97.3792     0.0780     116655    6.03519    0.00000    34.9287    34.9283         60 0.0000e+00
   1684.000   1661.426     3.3911     3.3904  32.686575  32.685196    6.03400     1.8192 3.9634e+02    -0.0227     0.0000      98.78    97.3781     0.0780     116711    6.03372    0.00000    34.9286    34.9277         28 0.0000e+00
   1682.000   1659.461     3.3955     3.3954  32.689648  32.689029    6.03139     1.8192 3.5292e+02    -0.0229     0.0000      98.78    97.3750     0.0780     116735    6.03143    0.00000    34.9287    34.9280         23 0.0000e+00
   1680.000   1657.495     3.3977     3.3975  32.690929  32.690165    6.02874     1.8192 3.5139e+02    -0.0242     0.0000      98.78    97.3735     0.0780     116759    6.02929    0.00000    34.9287    34.9281         25 0.0000e+00
   1678.000   1655.530     3.3979     3.3982  32.690220  32.690202    6.03045     1.8197 4.4682e+02    -0.0233     0.0000      98.78    97.3698     0.0780     116803    6.03015    0.00000    34.9287    34.9284         52 0.0000e+00
   1676.000   1653.564     3.3975     3.3979  32.688855  32.688907    6.03536     1.8211 9.4425e+02    -0.0225     0.0000      98.78    97.3658     0.0780     116909    6.03515    0.00000    34.9285    34.9281         47 0.0000e+00
   1674.000   1651.599     3.4021     3.4017  32.692003  32.691017    6.03469     1.8215 3.5288e+02    -0.0239     0.0000      98.78    97.3661     0.0780     116938    6.03460    0.00000    34.9284    34.9276         29 0.0000e+00
   1672.000   1649.634     3.4045     3.4047  32.693252  32.692858    6.03217     1.8214 3.5173e+02    -0.0235     0.0000      98.78    97.3661     0.0780     116966    6.03208    0.00000    34.9283    34.9276         27 0.0000e+00
   1670.000   1647.668     3.4065     3.4062  32.694236  32.693566    6.03182     1.8217 3.4927e+02    -0.0232     0.0000      98.78    97.3685     0.0780     116996    6.03179    0.00000    34.9283    34.9279         35 0.0000e+00
   1668.000   1645.702     3.4059     3.4059  32.693053  32.692659    6.03695     1.8231 4.0363e+02    -0.0231     0.0000      98.78    97.3716     0.0780     117064    6.03677    0.00000    34.9285    34.9281         71 0.0000e+00
   1666.000   1643.737     3.4092     3.4090  32.694897  32.694292    6.03598     1.8233 1.1110e+03    -0.0227     0.0000      98.78    97.3776     0.0780     117128    6.03580    0.00000    34.9282    34.9277         43 0.0000e+00
   1664.000   1641.771     3.4120     3.4128  32.696633  32.696759    6.03542     1.8237 3.5263e+02    -0.0227     0.0000      98.78    97.3822     0.0780     117167    6.03522    0.00000    34.9283    34.9277         36 0.0000e+00
   1662.000   1639.806     3.4142     3.4147  32.697845  32.697979    6.03393     1.8239 3.5047e+02    -0.0233     0.0000      98.78    97.3688     0.0780     117203    6.03450    0.00000    34.9284    34.9280         40 0.0000e+00
   1660.000   1637.840     3.4149     3.4145  32.697725  32.697049    6.03419     1.8241 3.8611e+02    -0.0237     0.0000      98.78    97.3784     0.0780     117268    6.03364    0.00000    34.9285    34.9282         87 0.0000e+00
   1658.000   1635.875     3.4201     3.4198  32.701331  32.700508    6.03191     1.8242 4.0187e+02    -0.0234     0.0000      98.78    97.3782     0.0780     117334    6.03171    0.00000    34.9283    34.9276         40 0.0000e+00
   1656.000   1633.909     3.4231     3.4240  32.703196  32.703537    6.03123     1.8245 3.5169e+02    -0.0236     0.0000      98.78    97.3742     0.0780     117368    6.03102    0.00000    34.9283    34.9277         34 0.0000e+00
   1654.000   1631.944     3.4255     3.4247  32.704629  32.703663    6.03090     1.8249 3.5076e+02    -0.0238     0.0000      98.78    97.3685     0.0780     117409    6.03066    0.00000    34.9285    34.9281         49 0.0000e+00
   1652.000   1629.978     3.4267     3.4253  32.704849  32.703340    6.03122     1.8253 3.5108e+02    -0.0234     0.0000      98.78    97.3716     0.0780     117469    6.03096    0.00000    34.9285    34.9281         70 0.0000e+00
   1650.000   1628.012     3.4275     3.4276  32.704743  32.704324    6.03335     1.8262 3.5127e+02    -0.0232     0.0000      98.78    97.3820     0.0780     117531    6.03325    0.00000    34.9285    34.9278         46 0.0000e+00
   1648.000   1626.047     3.4299     3.4309  32.705856  32.706321    6.03248     1.8264 3.5129e+02    -0.0225     0.0000      98.78    97.3713     0.0780     117568    6.03251    0.00000    34.9282    34.9277         34 0.0000e+00
   1646.000   1624.081     3.4309     3.4314  32.706026  32.706108    6.03121     1.8265 3.5224e+02    -0.0237     0.0000      98.78    97.3707     0.0780     117607    6.03102    0.00000    34.9283    34.9279         51 0.0000e+00
   1644.000   1622.115     3.4312     3.4314  32.705431  32.705179    6.03524     1.8278 1.3766e+03    -0.0244     0.0000      98.78    97.3714     0.0780     117702    6.03520    0.00000    34.9283    34.9278         57 0.0000e+00
   1642.000   1620.149     3.4328     3.4333  32.705825  32.705686    6.03476     1.8280 4.3475e+02    -0.0247     0.0000      98.78    97.3659     0.0780     117746    6.03471    0.00000    34.9281    34.9274         31 0.0000e+00
   1640.000   1618.184     3.4334     3.4342  32.705480  32.705791    6.03366     1.8282 3.5160e+02    -0.0236     0.0000      98.78    97.3661     0.0780     117773    6.03361    0.00000    34.9280    34.9275         26 0.0000e+00
   1638.000   1616.218     3.4341     3.4343  32.705137  32.704987    6.03222     1.8282 3.5260e+02    -0.0232     0.0000      98.78    97.3659     0.0780     117799    6.03219    0.00000    34.9278    34.9274         28 0.0000e+00
   1636.000   1614.252     3.4349     3.4347  32.705146  32.704630    6.03442     1.8291 4.2727e+02    -0.0240     0.0000      98.78    97.3607     0.0780     117855    6.03429    0.00000    34.9279    34.9276         53 0.0000e+00
   1634.000   1612.286     3.4357     3.4361  32.704946  32.704717    6.03502     1.8295 4.3162e+02    -0.0241     0.0000      98.78    97.3665     0.0780     117974    6.03489    0.00000    34.9279    34.9272         30 0.0000e+00
   1632.000   1610.320     3.4397     3.4396  32.708107  32.707155    6.03387     1.8298 3.5158e+02    -0.0235     0.0000      98.78    97.3661     0.0780     117994    6.03373    0.00000    34.9284    34.9273         23 0.0000e+00
   1630.000   1608.355     3.4433     3.4428  32.710716  32.709351    6.03093     1.8296 3.5282e+02    -0.0236     0.0000      98.78    97.3661     0.0780     118016    6.03080    0.00000    34.9286    34.9276         21 0.0000e+00
   1628.000   1606.389     3.4449     3.4444  32.711378  32.710414    6.03146     1.8301 3.5221e+02    -0.0239     0.0000      98.78    97.3661     0.0780     118038    6.03128    0.00000    34.9288    34.9281         25 0.0000e+00
   1626.000   1604.423     3.4437     3.4437  32.709321  32.709066    6.03322     1.8308 3.9591e+02    -0.0229     0.0000      98.78    97.3661     0.0780     118108    6.03313    0.00000    34.9286    34.9283         45 0.0000e+00
   1624.000   1602.457     3.4434     3.4444  32.707935  32.708388    6.03080     1.8308 3.5475e+02    -0.0233     0.0000      98.78    97.3608     0.0780     118203    6.03133    0.00000    34.9283    34.9277         26 0.0000e+00
   1622.000   1600.491     3.4453     3.4453  32.708759  32.708277    6.03192     1.8313 3.5210e+02    -0.0236     0.0000      98.78    97.3568     0.0780     118228    6.03173    0.00000    34.9282    34.9276         26 0.0000e+00
   1620.000   1598.525     3.4475     3.4470  32.709870  32.709074    6.03119     1.8315 3.5248e+02    -0.0231     0.0000      98.78    97.3659     0.0780     118256    6.03098    0.00000    34.9282    34.9277         30 0.0000e+00
   1618.000   1596.559     3.4491     3.4470  32.710592  32.708558    6.03308     1.8324 3.7650e+02    -0.0235     0.0000      98.78    97.3665     0.0780     118298    6.03303    0.00000    34.9283    34.9281         62 0.0000e+00
   1616.000   1594.593     3.4505     3.4492  32.711172  32.709685    6.03415     1.8328 1.3842e+03    -0.0228     0.0000      98.78    97.3746     0.0780     118396    6.03325    0.00000    34.9285    34.9281        104 0.0000e+00
   1614.000   1592.627     3.4532     3.4542  32.712750  32.713015    6.03463     1.8335 4.2447e+02    -0.0237     0.0000      98.78    97.3746     0.0780     118457    6.03455    0.00000    34.9285    34.9278         33 0.0000e+00
   1612.000   1590.661     3.4548     3.4555  32.713470  32.713620    6.03257     1.8335 3.5378e+02    -0.0225     0.0000      98.78    97.3588     0.0780     118484    6.03249    0.00000    34.9286    34.9281         25 0.0000e+00
   1610.000   1588.695     3.4560     3.4562  32.713621  32.713421    6.03018     1.8334 3.5298e+02    -0.0227     0.0000      98.78    97.3665     0.0780     118510    6.03010    0.00000    34.9285    34.9281         28 0.0000e+00
   1608.000   1586.729     3.4558     3.4561  32.712648  32.712668    6.03085     1.8338 8.1730e+02    -0.0235     0.0000      98.78    97.3661     0.0780     118568    6.03081    0.00000    34.9286    34.9283         59 0.0000e+00
   1606.000   1584.763     3.4542     3.4559  32.709751  32.711219    6.03190     1.8343 7.5440e+02    -0.0234     0.0000      98.78    97.3661     0.0780     118639    6.03163    0.00000    34.9278    34.9277         35 0.0000e+00
   1604.000   1582.797     3.4517     3.4526  32.705944  32.706547    6.03263     1.8347 3.7045e+02    -0.0243     0.0000      98.78    97.3661     0.0780     118671    6.03249    0.00000    34.9269    34.9267         36 0.0000e+00
   1602.000   1580.831     3.4512     3.4521  32.704406  32.705216    6.03234     1.8350 5.2502e+02    -0.0239     0.0000      98.78    97.3661     0.0780     118730    6.03226    0.00000    34.9266    34.9266         80 0.0000e+00
