Ship_data/Irminger/Irminger-2/ctd/process/OOI/at30_008.cnv
* Sea-Bird SBE 9 Data File:
* FileName = C:\data\ctd\at30_008.hex
* Software Version Seasave V 7.21f
* Temperature SN = 2265
* Conductivity SN = 3021
* Number of Bytes Per Scan = 40
* Number of Voltage Words = 5
* Number of Scans Averaged by the Deck Unit = 1
* NMEA Latitude = 59 43.12 N
* NMEA Longitude = 039 21.38 W
* NMEA UTC (Time) = Aug 19 2015  12:16:11
** Confirmation of seafloor depth at FLMB -2  site
# nquan = 21
# nvalues = 2850                        
# units = specified
# name 0 = prDM: Pressure, Digiquartz [db]
# name 1 = depSM: Depth [salt water, m]
# name 2 = t090C: Temperature [ITS-90, deg C]
# name 3 = t190C: Temperature, 2 [ITS-90, deg C]
# name 4 = c0mS/cm: Conductivity [mS/cm]
# name 5 = c1mS/cm: Conductivity, 2 [mS/cm]
# name 6 = sbeox0ML/L: Oxygen, SBE 43 [ml/l]
# name 7 = sbeox0V: Oxygen raw, SBE 43 [V]
# name 8 = spar: SPAR/Surface Irradiance
# name 9 = flECO-AFL: Fluorescence, WET Labs ECO-AFL/FL [mg/m^3]
# name 10 = v2: Voltage 2
# name 11 = altM: Altimeter [m]
# name 12 = CStarTr0: Beam Transmission, WET Labs C-Star [%]
# name 13 = turbWETntu0: Turbidity, WET Labs ECO [NTU]
# name 14 = scan: Scan Count
# name 15 = sbeox0ML/L: Oxygen, SBE 43 [ml/l], WS = 2
# name 16 = sbeox0dOV/dT: Oxygen, SBE 43 [dov/dt], WS = 2
# name 17 = sal00: Salinity, Practical [PSU]
# name 18 = sal11: Salinity, Practical, 2 [PSU]
# name 19 = nbin: number of scans per bin
# name 20 = flag: flag
# span 0 =      2.000,   2852.000       
# span 1 =      1.981,   2806.161       
# span 2 =     1.5231,     8.3781       
# span 3 =     1.5236,     8.3791       
# span 4 =  31.479872,  36.423672       
# span 5 =  31.480015,  36.424631       
# span 6 =    5.99431,    6.92749       
# span 7 =     1.6692,     2.5214       
# span 8 = 2.9654e+02, 4.3121e+02       
# span 9 =    -0.0343,     1.6518       
# span 10 =     0.0000,     0.0000      
# span 11 =       9.23,      99.33      
# span 12 =    92.9220,    97.5686      
# span 13 =     0.0717,     0.1400      
# span 14 =        500,     160805      
# span 15 =    5.99424,    6.92822      
# span 16 =    0.00000,    0.00000      
# span 17 =    34.8437,    34.9417      
# span 18 =    34.8427,    34.9422      
# span 19 =         31,        139      
# span 20 = 0.0000e+00, 0.0000e+00      
# interval = decibars: 2                
# start_time = Aug 19 2015 12:16:11 [NMEA time, header]
# bad_flag = -9.990e-29
*END*
[from data line 2552]
    598.000    591.521     3.6637     3.6637  32.431835  32.432207    6.64650     2.1793 3.7310e+02    -0.0223     0.0000      98.84    97.4900     0.0755     139610    6.64632    0.00000    34.8899    34.8902         55 0.0000e+00
    596.000    589.545     3.6640     3.6645  32.431209  32.432054    6.64564     2.1796 3.7359e+02    -0.0221     0.0000      98.78    97.3350     0.0755     139658    6.64549    0.00000    34.8898    34.8903         42 0.0000e+00
    594.000    587.570     3.6642     3.6642  32.430548  32.430901    6.64120     2.1789 3.7422e+02    -0.0228     0.0000      98.78    97.4650     0.0755     139701    6.64110    0.00000    34.8899    34.8903         47 0.0000e+00
    592.000    585.594     3.6638     3.6643  32.429425  32.430094    6.64349     2.1799 3.7463e+02    -0.0222     0.0000      98.78    97.4954     0.0755     139754    6.64342    0.00000    34.8900    34.8903         55 0.0000e+00
    590.000    583.619     3.6634     3.6636  32.428000  32.428451    6.64480     2.1807 3.7535e+02    -0.0227     0.0000      98.78    97.4952     0.0755     139804    6.64474    0.00000    34.8898    34.8902         47 0.0000e+00
    588.000    581.643     3.6640     3.6635  32.427575  32.427499    6.64752     2.1818 3.7595e+02    -0.0232     0.0000      98.78    97.4969     0.0755     139853    6.64744    0.00000    34.8897    34.8902         49 0.0000e+00
    586.000    579.667     3.6638     3.6639  32.426497  32.427024    6.64710     2.1821 3.7692e+02    -0.0234     0.0000      98.78    97.4942     0.0755     139900    6.64706    0.00000    34.8898    34.8902         48 0.0000e+00
    584.000    577.692     3.6634     3.6636  32.425127  32.425782    6.64866     2.1829 3.7766e+02    -0.0224     0.0000      98.78    97.4945     0.0755     139948    6.64858    0.00000    34.8896    34.8902         47 0.0000e+00
    582.000    575.716     3.6647     3.6644  32.425501  32.425560    6.64477     2.1824 3.7832e+02    -0.0234     0.0000      98.78    97.4921     0.0755     139992    6.64448    0.00000    34.8897    34.8901         43 0.0000e+00
    580.000    573.741     3.6647     3.6649  32.424699  32.425266    6.64109     2.1820 3.7868e+02    -0.0228     0.0000      98.78    97.4912     0.0755     140038    6.64132    0.00000    34.8898    34.8903         49 0.0000e+00
    578.000    571.765     3.6643     3.6646  32.423471  32.424100    6.64141     2.1822 3.7817e+02    -0.0225     0.0000      98.78    97.4897     0.0755     140090    6.64039    0.00000    34.8898    34.8902         53 0.0000e+00
    576.000    569.789     3.6646     3.6645  32.422756  32.423053    6.64205     2.1830 3.7719e+02    -0.0228     0.0000      98.78    97.4969     0.0755     140142    6.64186    0.00000    34.8897    34.8902         51 0.0000e+00
    574.000    567.813     3.6652     3.6650  32.422463  32.422567    6.64295     2.1837 3.7683e+02    -0.0226     0.0000      98.78    97.4850     0.0755     140189    6.64277    0.00000    34.8897    34.8901         43 0.0000e+00
    572.000    565.838     3.6659     3.6658  32.422283  32.422487    6.64242     2.1840 3.7820e+02    -0.0234     0.0000      98.78    97.4933     0.0755     140237    6.64228    0.00000    34.8899    34.8902         56 0.0000e+00
    570.000    563.862     3.6662     3.6661  32.421620  32.421888    6.63858     2.1835 3.7783e+02    -0.0226     0.0000      98.78    97.4985     0.0755     140293    6.63839    0.00000    34.8899    34.8903         48 0.0000e+00
    568.000    561.886     3.6666     3.6668  32.421090  32.421515    6.63433     2.1831 3.7827e+02    -0.0229     0.0000      98.78    97.4969     0.0755     140332    6.63509    0.00000    34.8899    34.8901         36 0.0000e+00
    566.000    559.911     3.6671     3.6670  32.420748  32.421028    6.63364     2.1831 3.8058e+02    -0.0221     0.0000      98.78    97.4969     0.0755     140373    6.63318    0.00000    34.8900    34.8904         49 0.0000e+00
    564.000    557.935     3.6675     3.6670  32.420291  32.420224    6.63643     2.1843 3.8182e+02    -0.0230     0.0000      98.78    97.4969     0.0755     140424    6.63610    0.00000    34.8900    34.8905         47 0.0000e+00
    562.000    555.959     3.6690     3.6686  32.420898  32.420745    6.63782     2.1852 3.8307e+02    -0.0228     0.0000      98.78    97.4969     0.0755     140472    6.63759    0.00000    34.8902    34.8905         57 0.0000e+00
    560.000    553.983     3.6692     3.6691  32.420161  32.420459    6.63674     2.1853 3.8369e+02    -0.0225     0.0000      98.78    97.4969     0.0755     140536    6.63648    0.00000    34.8902    34.8907         56 0.0000e+00
    558.000    552.007     3.6700     3.6702  32.420046  32.420389    6.63533     2.1855 3.8447e+02    -0.0229     0.0000      98.78    97.4969     0.0755     140578    6.63511    0.00000    34.8903    34.8905         37 0.0000e+00
    556.000    550.031     3.6710     3.6708  32.420137  32.420326    6.63603     2.1861 3.8619e+02    -0.0228     0.0000      98.78    97.4969     0.0755     140620    6.63583    0.00000    34.8904    34.8909         47 0.0000e+00
    554.000    548.055     3.6714     3.6710  32.419601  32.419531    6.63776     2.1870 3.8691e+02    -0.0224     0.0000      98.78    97.4969     0.0755     140668    6.63754    0.00000    34.8904    34.8907         44 0.0000e+00
    552.000    546.080     3.6703     3.6709  32.417519  32.418552    6.63929     2.1877 3.8662e+02    -0.0230     0.0000      98.78    97.4969     0.0755     140713    6.63896    0.00000    34.8902    34.8907         48 0.0000e+00
    550.000    544.104     3.6691     3.6701  32.415469  32.416791    6.63827     2.1879 3.8713e+02    -0.0231     0.0000      98.78    97.4969     0.0755     140761    6.63812    0.00000    34.8900    34.8906         47 0.0000e+00
    548.000    542.128     3.6697     3.6696  32.415119  32.415518    6.63530     2.1877 3.8801e+02    -0.0222     0.0000      98.78    97.5004     0.0755     140813    6.63538    0.00000    34.8900    34.8906         59 0.0000e+00
    546.000    540.152     3.6708     3.6702  32.415281  32.415038    6.63337     2.1876 3.8755e+02    -0.0234     0.0000      98.78    97.5020     0.0755     140870    6.63327    0.00000    34.8902    34.8905         49 0.0000e+00
    544.000    538.176     3.6722     3.6724  32.415886  32.416172    6.62848     2.1869 3.8815e+02    -0.0233     0.0000      98.78    97.5050     0.0755     140913    6.62823    0.00000    34.8904    34.8906         42 0.0000e+00
    542.000    536.200     3.6737     3.6734  32.416461  32.416502    6.63168     2.1882 3.8947e+02    -0.0233     0.0000      98.78    97.4910     0.0755     140957    6.63144    0.00000    34.8906    34.8909         46 0.0000e+00
    540.000    534.224     3.6743     3.6742  32.416114  32.416274    6.63310     2.1890 3.8984e+02    -0.0229     0.0000      98.78    97.4960     0.0755     141002    6.63288    0.00000    34.8906    34.8909         43 0.0000e+00
    538.000    532.248     3.6736     3.6740  32.414586  32.415256    6.63602     2.1902 3.8997e+02    -0.0222     0.0000      98.78    97.4970     0.0755     141051    6.63592    0.00000    34.8905    34.8910         57 0.0000e+00
    536.000    530.272     3.6735     3.6741  32.413467  32.414287    6.63528     2.1904 3.8996e+02    -0.0228     0.0000      98.78    97.5035     0.0755     141103    6.63500    0.00000    34.8904    34.8908         42 0.0000e+00
    534.000    528.295     3.6761     3.6759  32.415155  32.415299    6.63681     2.1913 3.8992e+02    -0.0224     0.0000      98.78    97.5022     0.0755     141145    6.63664    0.00000    34.8908    34.8911         48 0.0000e+00
    532.000    526.319     3.6780     3.6773  32.416326  32.415912    6.63784     2.1921 3.8991e+02    -0.0222     0.0000      98.78    97.4997     0.0755     141206    6.63771    0.00000    34.8912    34.8914         62 0.0000e+00
    530.000    524.343     3.6782     3.6783  32.415550  32.415766    6.63370     2.1915 3.8956e+02    -0.0225     0.0000      98.78    97.4969     0.0755     141250    6.63348    0.00000    34.8911    34.8913         34 0.0000e+00
    528.000    522.367     3.6788     3.6789  32.415248  32.415651    6.63496     2.1923 3.8948e+02    -0.0222     0.0000      98.78    97.5000     0.0755     141288    6.63473    0.00000    34.8911    34.8915         46 0.0000e+00
    526.000    520.391     3.6793     3.6792  32.414894  32.415149    6.63281     2.1922 3.8894e+02    -0.0226     0.0000      98.78    97.5069     0.0755     141340    6.63264    0.00000    34.8913    34.8917         53 0.0000e+00
    524.000    518.415     3.6779     3.6785  32.412366  32.413332    6.63354     2.1928 3.8817e+02    -0.0229     0.0000      98.78    97.5037     0.0755     141387    6.63340    0.00000    34.8909    34.8913         43 0.0000e+00
    522.000    516.438     3.6776     3.6778  32.411297  32.411800    6.63549     2.1937 3.8674e+02    -0.0225     0.0000      98.78    97.5065     0.0755     141431    6.63533    0.00000    34.8909    34.8913         48 0.0000e+00
    520.000    514.462     3.6796     3.6790  32.412475  32.412034    6.63458     2.1940 3.8559e+02    -0.0226     0.0000      98.78    97.4959     0.0755     141490    6.63446    0.00000    34.8912    34.8914         65 0.0000e+00
    518.000    512.486     3.6862     3.6838  32.418329  32.415672    6.62885     2.1933 3.8415e+02    -0.0227     0.0000      98.78    97.5101     0.0755     141542    6.62869    0.00000    34.8923    34.8917         39 0.0000e+00
    516.000    510.510     3.6909     3.6903  32.422093  32.421505    6.62983     2.1942 3.8416e+02    -0.0219     0.0000      98.78    97.4991     0.0755     141577    6.62978    0.00000    34.8928    34.8928         35 0.0000e+00
    514.000    508.534     3.6910     3.6913  32.421380  32.421917    6.62685     2.1939 3.8390e+02    -0.0224     0.0000      98.78    97.5099     0.0755     141627    6.62660    0.00000    34.8929    34.8933         64 0.0000e+00
    512.000    506.557     3.6903     3.6910  32.419573  32.420548    6.61943     2.1924 3.8293e+02    -0.0228     0.0000      98.78    97.4937     0.0755     141680    6.61930    0.00000    34.8926    34.8930         39 0.0000e+00
    510.000    504.581     3.6863     3.6880  32.414497  32.416720    6.62219     2.1933 3.8400e+02    -0.0231     0.0000      98.78    97.5016     0.0755     141718    6.62204    0.00000    34.8918    34.8927         42 0.0000e+00
    508.000    502.605     3.6829     3.6847  32.410162  32.412437    6.62671     2.1947 3.8470e+02    -0.0223     0.0000      98.78    97.4938     0.0755     141770    6.62652    0.00000    34.8914    34.8922         57 0.0000e+00
    506.000    500.628     3.6829     3.6840  32.409270  32.410622    6.62902     2.1958 3.8465e+02    -0.0228     0.0000      98.78    97.5106     0.0755     141823    6.62881    0.00000    34.8914    34.8919         49 0.0000e+00
    504.000    498.652     3.6819     3.6827  32.407368  32.408417    6.63088     2.1966 3.8672e+02    -0.0226     0.0000      98.78    97.4989     0.0755     141868    6.63067    0.00000    34.8912    34.8917         44 0.0000e+00
    502.000    496.676     3.6819     3.6820  32.406489  32.406808    6.63361     2.1977 3.8842e+02    -0.0229     0.0000      98.78    97.4984     0.0755     141915    6.63337    0.00000    34.8912    34.8916         51 0.0000e+00
    500.000    494.699     3.6837     3.6831  32.407360  32.406940    6.63388     2.1983 3.8923e+02    -0.0229     0.0000      98.78    97.4965     0.0755     141968    6.63365    0.00000    34.8915    34.8917         52 0.0000e+00
    498.000    492.723     3.6843     3.6842  32.407041  32.407092    6.63296     2.1985 3.9095e+02    -0.0226     0.0000      98.78    97.4994     0.0755     142014    6.63256    0.00000    34.8915    34.8917         39 0.0000e+00
    496.000    490.746     3.6853     3.6855  32.407137  32.407462    6.63052     2.1985 3.9252e+02    -0.0229     0.0000      98.78    97.5037     0.0755     142052    6.63058    0.00000    34.8917    34.8918         42 0.0000e+00
    494.000    488.770     3.6863     3.6860  32.407378  32.407351    6.62900     2.1985 3.9264e+02    -0.0227     0.0000      98.77    97.4995     0.0755     142111    6.62856    0.00000    34.8919    34.8922         64 0.0000e+00
    492.000    486.793     3.6869     3.6872  32.407027  32.407241    6.62595     2.1982 3.9245e+02    -0.0230     0.0000      98.78    97.5023     0.0755     142157    6.62585    0.00000    34.8919    34.8919         34 0.0000e+00
    490.000    484.817     3.6914     3.6898  32.410670  32.409183    6.63111     2.2002 3.9339e+02    -0.0227     0.0000      98.78    97.4931     0.0755     142192    6.63102    0.00000    34.8925    34.8925         45 0.0000e+00
    488.000    482.840     3.6930     3.6915  32.411351  32.410060    6.63149     2.2008 3.9286e+02    -0.0224     0.0000      98.78    97.4823     0.0755     142257    6.63140    0.00000    34.8927    34.8928         67 0.0000e+00
    486.000    480.864     3.6919     3.6923  32.409282  32.409816    6.62695     2.2000 3.9185e+02    -0.0229     0.0000      98.78    97.4957     0.0755     142303    6.62669    0.00000    34.8925    34.8927         36 0.0000e+00
    484.000    478.887     3.6908     3.6911  32.407200  32.407839    6.62927     2.2010 3.9319e+02    -0.0233     0.0000      98.78    97.4968     0.0755     142344    6.62904    0.00000    34.8922    34.8927         52 0.0000e+00
    482.000    476.911     3.6920     3.6915  32.407453  32.407297    6.63050     2.2018 3.9344e+02    -0.0228     0.0000      98.78    97.5026     0.0755     142399    6.63027    0.00000    34.8923    34.8927         47 0.0000e+00
    480.000    474.934     3.6952     3.6946  32.409824  32.409105    6.62616     2.2013 3.9303e+02    -0.0227     0.0000      98.78    97.4917     0.0755     142438    6.62595    0.00000    34.8929    34.8926         38 0.0000e+00
    478.000    472.958     3.7000     3.6983  32.413596  32.412229    6.62673     2.2021 3.9379e+02    -0.0227     0.0000      98.78    97.4950     0.0755     142484    6.62652    0.00000    34.8934    34.8935         52 0.0000e+00
    476.000    470.981     3.7019     3.6999  32.414558  32.412832    6.62357     2.2018 3.9551e+02    -0.0234     0.0000      98.78    97.4937     0.0755     142534    6.62343    0.00000    34.8935    34.8935         48 0.0000e+00
    474.000    469.004     3.7033     3.7033  32.415282  32.415428    6.62484     2.2027 3.9541e+02    -0.0226     0.0000      98.78    97.4997     0.0755     142589    6.62470    0.00000    34.8939    34.8941         62 0.0000e+00
    472.000    467.027     3.7038     3.7036  32.414838  32.414754    6.62431     2.2030 3.9613e+02    -0.0226     0.0000      98.78    97.4933     0.0755     142642    6.62422    0.00000    34.8939    34.8940         39 0.0000e+00
    470.000    465.051     3.7045     3.7047  32.414604  32.414994    6.62581     2.2038 3.9773e+02    -0.0229     0.0000      98.78    97.4695     0.0755     142677    6.62569    0.00000    34.8940    34.8942         38 0.0000e+00
    468.000    463.074     3.7068     3.7063  32.416045  32.415732    6.62882     2.2051 3.9817e+02    -0.0226     0.0000      98.78    97.4924     0.0755     142727    6.62867    0.00000    34.8943    34.8946         61 0.0000e+00
    466.000    461.097     3.7100     3.7074  32.418300  32.415720    6.62334     2.2044 3.9634e+02    -0.0231     0.0000      98.78    97.4923     0.0755     142781    6.62329    0.00000    34.8947    34.8944         42 0.0000e+00
    464.000    459.121     3.7106     3.7108  32.417887  32.418212    6.62095     2.2043 3.9681e+02    -0.0225     0.0000      98.78    97.4929     0.0755     142819    6.62130    0.00000    34.8946    34.8948         38 0.0000e+00
