Ship_data/Irminger/Irminger-2/ctd/process/OOI/at30_003.cnv
* Sea-Bird SBE 9 Data File:
* FileName = C:\data\ctd\at30_003.hex
* Software Version Seasave V 7.21f
* Temperature SN = 2265
* Conductivity SN = 3021
* Number of Bytes Per Scan = 40
* Number of Voltage Words = 5
* Number of Scans Averaged by the Deck Unit = 1
* NMEA Latitude = 42 31.25 N
* NMEA Longitude = 062 34.71 W
* NMEA UTC (Time) = Aug 07 2015  17:47:11
# nquan = 21
# nvalues = 1515                        
# units = specified
# name 0 = prDM: Pressure, Digiquartz [db]
# name 1 = depSM: Depth [salt water, m]
# name 2 = t090C: Temperature [ITS-90, deg C]
# name 3 = t190C: Temperature, 2 [ITS-90, deg C]
# name 4 = c0mS/cm: Conductivity [mS/cm]
# name 5 = c1mS/cm: Conductivity, 2 [mS/cm]
# name 6 = sbeox0ML/L: Oxygen, SBE 43 [ml/l]
# name 7 = sbeox0V: Oxygen raw, SBE 43 [V]
# name 8 = spar: SPAR/Surface Irradiance
# name 9 = flECO-AFL: Fluorescence, WET Labs ECO-AFL/FL [mg/m^3]
# name 10 = v2: Voltage 2
# name 11 = altM: Altimeter [m]
# name 12 = CStarTr0: Beam Transmission, WET Labs C-Star [%]
# name 13 = turbWETntu0: Turbidity, WET Labs ECO [NTU]
# name 14 = scan: Scan Count
# name 15 = sbeox0ML/L: Oxygen, SBE 43 [ml/l], WS = 2
# name 16 = sbeox0dOV/dT: Oxygen, SBE 43 [dov/dt], WS = 2
# name 17 = sal00: Salinity, Practical [PSU]
# name 18 = sal11: Salinity, Practical, 2 [PSU]
# name 19 = nbin: number of scans per bin
# name 20 = flag: flag
# span 0 =      2.000,   1520.000       
# span 1 =      1.984,   1502.527       
# span 2 =     3.9365,    21.4383       
# span 3 =     3.9372,    21.4389       
# span 4 =  33.125328,  47.405275       
# span 5 =  33.125161,  47.406917       
# span 6 =    3.09227,    6.62129       
# span 7 =     1.4520,     2.8837       
# span 8 = 4.7004e+02, 2.1696e+03       
# span 9 =    -0.0214,     2.1884       
# span 10 =     0.0000,     0.0000      
# span 11 =      77.42,      99.29      
# span 12 =    91.3964,    97.7290      
# span 13 =     0.0680,     0.1636      
# span 14 =        531,     186535      
# span 15 =    3.09207,    6.62227      
# span 16 =    0.00000,    0.00000      
# span 17 =    31.8510,    35.7286      
# span 18 =    31.8505,    35.7276      
# span 19 =         17,        134      
# span 20 = 0.0000e+00, 0.0000e+00      
# interval = decibars: 2                
# start_time = Aug 07 2015 17:47:11 [NMEA time, header]
# bad_flag = -9.990e-29
*END*
[from data line 966]
   1106.000   1094.361     4.3138     4.3131  33.298163  33.297102    5.74489     1.8881 1.8547e+03    -0.0209     0.0000      98.78    97.7205     0.0707     137470    5.74477    0.00000    34.9643    34.9638         44 0.0000e+00
   1104.000   1092.387     4.3173     4.3149  33.300554  33.297890    5.74649     1.8890 1.9047e+03    -0.0201     0.0000      98.78    97.7157     0.0707     137517    5.74641    0.00000    34.9644    34.9638         50 0.0000e+00
   1102.000   1090.413     4.3194     4.3186  33.301622  33.300100    5.74435     1.8890 1.9912e+03    -0.0203     0.0000      98.78    97.7194     0.0707     137568    5.74431    0.00000    34.9645    34.9635         50 0.0000e+00
   1100.000   1088.439     4.3243     4.3232  33.305290  33.303642    5.74322     1.8895 1.9592e+03    -0.0206     0.0000      98.78    97.7170     0.0707     137615    5.74438    0.00000    34.9646    34.9638         44 0.0000e+00
   1098.000   1086.465     4.3262     4.3257  33.306160  33.305223    5.74303     1.8896 1.7394e+03    -0.0199     0.0000      98.78    97.7169     0.0707     137659    5.74298    0.00000    34.9647    34.9641         48 0.0000e+00
   1096.000   1084.492     4.3272     4.3266  33.306296  33.305362    5.74150     1.8896 1.8317e+03    -0.0205     0.0000      98.78    97.7137     0.0707     137711    5.74143    0.00000    34.9648    34.9642         51 0.0000e+00
   1094.000   1082.518     4.3274     4.3276  33.305613  33.305275    5.74029     1.8897 1.8567e+03    -0.0195     0.0000      98.78    97.7159     0.0707     137760    5.74023    0.00000    34.9647    34.9641         47 0.0000e+00
   1092.000   1080.544     4.3275     4.3281  33.304881  33.304870    5.74030     1.8901 1.9897e+03    -0.0194     0.0000      98.78    97.7201     0.0707     137806    5.74022    0.00000    34.9647    34.9642         45 0.0000e+00
   1090.000   1078.570     4.3279     4.3285  33.304331  33.304344    5.73885     1.8901 1.9502e+03    -0.0209     0.0000      98.78    97.7191     0.0707     137849    5.73879    0.00000    34.9647    34.9641         42 0.0000e+00
   1088.000   1076.596     4.3284     4.3288  33.304104  33.303868    5.74113     1.8910 1.7244e+03    -0.0205     0.0000      98.78    97.7192     0.0707     137891    5.74099    0.00000    34.9649    34.9642         46 0.0000e+00
   1086.000   1074.622     4.3294     4.3287  33.304258  33.303056    5.74300     1.8918 1.8364e+03    -0.0203     0.0000      98.78    97.7190     0.0707     137946    5.74280    0.00000    34.9650    34.9644         60 0.0000e+00
   1084.000   1072.649     4.3304     4.3304  33.304244  33.303670    5.73766     1.8910 1.8881e+03    -0.0201     0.0000      98.78    97.7211     0.0707     137998    5.73756    0.00000    34.9650    34.9644         45 0.0000e+00
   1082.000   1070.674     4.3313     4.3316  33.304230  33.303999    5.74025     1.8919 1.8424e+03    -0.0202     0.0000      98.78    97.7219     0.0707     138042    5.74007    0.00000    34.9651    34.9644         43 0.0000e+00
   1080.000   1068.700     4.3319     4.3320  33.303968  33.303575    5.74084     1.8925 1.7111e+03    -0.0200     0.0000      98.78    97.7239     0.0707     138087    5.74063    0.00000    34.9651    34.9646         46 0.0000e+00
   1078.000   1066.726     4.3329     4.3331  33.304040  33.303812    5.74083     1.8928 1.7447e+03    -0.0213     0.0000      98.78    97.7220     0.0707     138132    5.74061    0.00000    34.9652    34.9647         46 0.0000e+00
   1076.000   1064.752     4.3357     4.3344  33.305834  33.304082    5.74182     1.8936 1.7431e+03    -0.0199     0.0000      98.78    97.7177     0.0707     138180    5.74172    0.00000    34.9654    34.9646         49 0.0000e+00
   1074.000   1062.778     4.3393     4.3374  33.308446  33.306168    5.74297     1.8944 1.7090e+03    -0.0213     0.0000      98.78    97.7178     0.0707     138228    5.74317    0.00000    34.9655    34.9649         48 0.0000e+00
   1072.000   1060.804     4.3418     4.3408  33.310012  33.308451    5.74087     1.8943 1.7285e+03    -0.0204     0.0000      98.78    97.7172     0.0707     138279    5.74091    0.00000    34.9658    34.9651         54 0.0000e+00
   1070.000   1058.830     4.3435     4.3429  33.310704  33.309440    5.73509     1.8933 1.6948e+03    -0.0195     0.0000      98.78    97.7154     0.0707     138330    5.73486    0.00000    34.9658    34.9650         44 0.0000e+00
   1068.000   1056.856     4.3459     4.3461  33.311983  33.311573    5.73309     1.8933 1.6963e+03    -0.0195     0.0000      98.78    97.7134     0.0707     138370    5.73290    0.00000    34.9658    34.9651         40 0.0000e+00
   1066.000   1054.882     4.3474     4.3469  33.312632  33.311678    5.73538     1.8942 1.6981e+03    -0.0201     0.0000      98.78    97.7100     0.0707     138413    5.73516    0.00000    34.9660    34.9654         46 0.0000e+00
   1064.000   1052.908     4.3483     4.3476  33.312760  33.311640    5.73981     1.8957 1.6042e+03    -0.0202     0.0000      98.78    97.7152     0.0707     138464    5.73977    0.00000    34.9662    34.9656         57 0.0000e+00
   1062.000   1050.934     4.3491     4.3488  33.312508  33.311775    5.73478     1.8949 1.5740e+03    -0.0197     0.0000      98.78    97.7204     0.0707     138520    5.73465    0.00000    34.9661    34.9655         50 0.0000e+00
   1060.000   1048.960     4.3508     4.3510  33.313151  33.312749    5.73074     1.8943 1.5856e+03    -0.0204     0.0000      98.78    97.7177     0.0707     138564    5.73051    0.00000    34.9660    34.9654         39 0.0000e+00
   1058.000   1046.985     4.3518     4.3520  33.313301  33.312900    5.73458     1.8956 1.5924e+03    -0.0197     0.0000      98.78    97.7160     0.0707     138602    5.73431    0.00000    34.9661    34.9655         41 0.0000e+00
   1056.000   1045.011     4.3537     4.3533  33.314205  33.313332    5.73466     1.8961 1.5406e+03    -0.0202     0.0000      98.78    97.7125     0.0707     138651    5.73445    0.00000    34.9662    34.9657         58 0.0000e+00
   1054.000   1043.037     4.3548     4.3539  33.314230  33.312930    5.73081     1.8955 1.5293e+03    -0.0199     0.0000      98.78    97.7100     0.0707     138710    5.73052    0.00000    34.9662    34.9655         53 0.0000e+00
   1052.000   1041.063     4.3578     4.3574  33.316220  33.315060    5.73159     1.8962 1.5518e+03    -0.0201     0.0000      98.78    97.7174     0.0707     138755    5.73144    0.00000    34.9663    34.9654         41 0.0000e+00
   1050.000   1039.089     4.3593     4.3593  33.316784  33.316250    5.73543     1.8976 1.5431e+03    -0.0201     0.0000      98.78    97.7184     0.0707     138798    5.73536    0.00000    34.9664    34.9657         48 0.0000e+00
   1048.000   1037.114     4.3603     4.3599  33.316908  33.316046    5.73356     1.8975 1.5441e+03    -0.0203     0.0000      98.78    97.7134     0.0707     138856    5.73334    0.00000    34.9665    34.9659         60 0.0000e+00
   1046.000   1035.140     4.3612     4.3614  33.316284  33.316085    5.72990     1.8970 1.5407e+03    -0.0194     0.0000      98.78    97.7087     0.0707     138905    5.72961    0.00000    34.9658    34.9654         41 0.0000e+00
   1044.000   1033.166     4.3646     4.3640  33.318372  33.317068    5.73206     1.8980 1.6045e+03    -0.0199     0.0000      98.78    97.7063     0.0707     138944    5.73196    0.00000    34.9656    34.9648         40 0.0000e+00
   1042.000   1031.192     4.3717     4.3681  33.324502  33.320332    5.73077     1.8983 1.5479e+03    -0.0198     0.0000      98.78    97.7062     0.0707     138993    5.73071    0.00000    34.9664    34.9653         60 0.0000e+00
   1040.000   1029.217     4.3750     4.3726  33.326745  33.323876    5.72887     1.8984 1.5882e+03    -0.0199     0.0000      98.78    97.7062     0.0707     139053    5.72883    0.00000    34.9666    34.9657         55 0.0000e+00
   1038.000   1027.243     4.3717     4.3748  33.321430  33.324693    5.72643     1.8980 1.5359e+03    -0.0202     0.0000      98.78    97.7062     0.0707     139107    5.72643    0.00000    34.9648    34.9654         55 0.0000e+00
   1036.000   1025.268     4.3697     4.3706  33.318169  33.318708    5.72328     1.8974 1.4888e+03    -0.0200     0.0000      98.78    97.7062     0.0707     139158    5.72298    0.00000    34.9642    34.9638         46 0.0000e+00
   1034.000   1023.294     4.3689     4.3697  33.316489  33.316780    5.72873     1.8991 1.5293e+03    -0.0201     0.0000      98.78    97.6993     0.0707     139206    5.72856    0.00000    34.9640    34.9636         54 0.0000e+00
   1032.000   1021.319     4.3689     4.3692  33.315552  33.315435    5.73272     1.9004 1.5937e+03    -0.0204     0.0000      98.78    97.7004     0.0707     139272    5.73260    0.00000    34.9639    34.9634         70 0.0000e+00
   1030.000   1019.345     4.3698     4.3700  33.315355  33.315103    5.72786     1.8997 1.4874e+03    -0.0210     0.0000      98.78    97.7006     0.0707     139333    5.72782    0.00000    34.9638    34.9633         56 0.0000e+00
   1028.000   1017.370     4.3709     4.3707  33.315404  33.314901    5.72941     1.9004 1.5331e+03    -0.0200     0.0000      98.78    97.6980     0.0707     139390    5.72931    0.00000    34.9637    34.9632         59 0.0000e+00
   1026.000   1015.396     4.3731     4.3721  33.316602  33.315303    5.72900     1.9008 1.5806e+03    -0.0206     0.0000      98.78    97.6959     0.0707     139460    5.72890    0.00000    34.9637    34.9632         86 0.0000e+00
   1024.000   1013.422     4.3777     4.3759  33.319706  33.317500    5.72667     1.9007 1.4922e+03    -0.0209     0.0000      98.78    97.6941     0.0707     139542    5.72657    0.00000    34.9636    34.9629         66 0.0000e+00
   1022.000   1011.447     4.3797     4.3788  33.320814  33.319471    5.72589     1.9010 1.5153e+03    -0.0207     0.0000      98.78    97.6940     0.0707     139617    5.72580    0.00000    34.9638    34.9631        101 0.0000e+00
   1020.000   1009.472     4.3864     4.3853  33.326156  33.324530    5.71624     1.8992 1.5609e+03    -0.0208     0.0000      98.78    97.6970     0.0707     139722    5.71602    0.00000    34.9640    34.9632         85 0.0000e+00
   1018.000   1007.498     4.3931     4.3929  33.331626  33.330798    5.71142     1.8987 1.5608e+03    -0.0205     0.0000      98.78    97.6938     0.0707     139854    5.71126    0.00000    34.9643    34.9636         93 0.0000e+00
   1016.000   1005.523     4.4003     4.3960  33.337236  33.332819    5.70974     1.8989 1.5335e+03    -0.0206     0.0000      98.78    97.6900     0.0707     140008    5.70957    0.00000    34.9644    34.9637         99 0.0000e+00
   1014.000   1003.549     4.4042     4.4044  33.339751  33.339471    5.70369     1.8980 1.5259e+03    -0.0209     0.0000      98.78    97.6932     0.0707     140286    5.70347    0.00000    34.9642    34.9637         72 0.0000e+00
   1012.000   1001.574     4.4050     4.4054  33.339605  33.339483    5.70547     1.8988 1.5163e+03    -0.0204     0.0000      98.78    97.6861     0.0707     140499    5.70521    0.00000    34.9641    34.9637         62 0.0000e+00
   1010.000    999.600     4.4060     4.4068  33.339595  33.339791    5.71336     1.9011 1.3678e+03    -0.0204     0.0000      98.78    97.6928     0.0707     142184    5.71342    0.00000    34.9641    34.9635         78 0.0000e+00
   1008.000    997.625     4.4096     4.4096  33.341985  33.341226    5.71590     1.9022 1.4080e+03    -0.0204     0.0000      98.78    97.6874     0.0707     142447    5.71570    0.00000    34.9641    34.9633         60 0.0000e+00
   1006.000    995.650     4.4162     4.4151  33.347564  33.345874    5.71358     1.9022 1.3289e+03    -0.0210     0.0000      98.78    97.6832     0.0707     142531    5.71340    0.00000    34.9647    34.9639         99 0.0000e+00
   1004.000    993.676     4.4256     4.4212  33.355526  33.350491    5.71041     1.9022 1.3797e+03    -0.0208     0.0000      98.78    97.6822     0.0707     142611    5.71027    0.00000    34.9651    34.9639         53 0.0000e+00
   1002.000    991.701     4.4361     4.4335  33.364865  33.361648    5.70792     1.9023 1.4010e+03    -0.0205     0.0000      98.78    97.6800     0.0707     142657    5.70778    0.00000    34.9661    34.9650         48 0.0000e+00
   1000.000    989.726     4.4395     4.4372  33.367323  33.364674    5.70422     1.9020 1.3719e+03    -0.0200     0.0000      98.78    97.6800     0.0707     142715    5.70414    0.00000    34.9664    34.9658         67 0.0000e+00
    998.000    987.751     4.4416     4.4400  33.368588  33.366283    5.69602     1.9004 1.4387e+03    -0.0203     0.0000      98.78    97.6800     0.0707     142775    5.69581    0.00000    34.9667    34.9657         50 0.0000e+00
    996.000    985.777     4.4444     4.4441  33.370525  33.369451    5.69604     1.9008 1.4851e+03    -0.0202     0.0000      98.78    97.6800     0.0707     142819    5.69575    0.00000    34.9670    34.9661         43 0.0000e+00
    994.000    983.802     4.4480     4.4467  33.373134  33.371297    5.69646     1.9014 1.4469e+03    -0.0207     0.0000      98.78    97.6800     0.0707     142868    5.69613    0.00000    34.9672    34.9665         57 0.0000e+00
    992.000    981.827     4.4564     4.4491  33.380306  33.372566    5.68830     1.9001 1.4404e+03    -0.0204     0.0000      98.78    97.6800     0.0707     142929    5.68807    0.00000    34.9678    34.9664         55 0.0000e+00
    990.000    979.852     4.4628     4.4617  33.385582  33.383476    5.68471     1.8999 1.5169e+03    -0.0202     0.0000      98.78    97.6801     0.0707     142974    5.68452    0.00000    34.9682    34.9670         40 0.0000e+00
    988.000    977.878     4.4697     4.4674  33.391498  33.388663    5.68475     1.9005 1.6195e+03    -0.0206     0.0000      98.78    97.6860     0.0707     143016    5.68452    0.00000    34.9690    34.9681         46 0.0000e+00
    986.000    975.903     4.4731     4.4702  33.393879  33.390642    5.68102     1.9001 1.6635e+03    -0.0196     0.0000      98.78    97.6853     0.0707     143066    5.68084    0.00000    34.9692    34.9684         51 0.0000e+00
    984.000    973.928     4.4791     4.4760  33.398844  33.395133    5.67445     1.8991 1.6575e+03    -0.0206     0.0000      98.78    97.6884     0.0707     143117    5.67441    0.00000    34.9697    34.9686         52 0.0000e+00
    982.000    971.953     4.4831     4.4805  33.401853  33.398765    5.67078     1.8987 1.8414e+03    -0.0196     0.0000      98.78    97.6774     0.0707     143171    5.67071    0.00000    34.9700    34.9692         53 0.0000e+00
    980.000    969.978     4.4870     4.4856  33.404701  33.402572    5.66660     1.8982 1.9021e+03    -0.0203     0.0000      98.78    97.6799     0.0707     143218    5.66629    0.00000    34.9702    34.9692         43 0.0000e+00
    978.000    968.003     4.4899     4.4892  33.406527  33.405361    5.66679     1.8987 1.8026e+03    -0.0208     0.0000      98.78    97.6800     0.0707     143263    5.66646    0.00000    34.9703    34.9697         48 0.0000e+00
    976.000    966.028     4.4907     4.4905  33.406462  33.405827    5.66270     1.8981 1.8189e+03    -0.0210     0.0000      98.78    97.6800     0.0707     143312    5.66245    0.00000    34.9704    34.9699         50 0.0000e+00
    974.000    964.053     4.4914     4.4913  33.406204  33.405727    5.65791     1.8973 1.9035e+03    -0.0207     0.0000      98.78    97.6800     0.0707     143361    5.65775    0.00000    34.9704    34.9699         45 0.0000e+00
    972.000    962.078     4.4921     4.4922  33.406025  33.405610    5.66062     1.8983 2.0480e+03    -0.0206     0.0000      98.78    97.6800     0.0707     143405    5.66037    0.00000    34.9705    34.9699         46 0.0000e+00
