Ship_data/Irminger/Irminger-2/ctd/process/OOI/at30_003.cnv
* Sea-Bird SBE 9 Data File:
* FileName = C:\data\ctd\at30_003.hex
* Software Version Seasave V 7.21f
* Temperature SN = 2265
* Conductivity SN = 3021
* Number of Bytes Per Scan = 40
* Number of Voltage Words = 5
* Number of Scans Averaged by the Deck Unit = 1
* NMEA Latitude = 42 31.25 N
* NMEA Longitude = 062 34.71 W
* NMEA UTC (Time) = Aug 07 2015  17:47:11
# nquan = 21
# nvalues = 1515                        
# units = specified
# name 0 = prDM: Pressure, Digiquartz [db]
# name 1 = depSM: Depth [salt water, m]
# name 2 = t090C: Temperature [ITS-90, deg C]
# name 3 = t190C: Temperature, 2 [ITS-90, deg C]
# name 4 = c0mS/cm: Conductivity [mS/cm]
# name 5 = c1mS/cm: Conductivity, 2 [mS/cm]
# name 6 = sbeox0ML/L: Oxygen, SBE 43 [ml/l]
# name 7 = sbeox0V: Oxygen raw, SBE 43 [V]
# name 8 = spar: SPAR/Surface Irradiance
# name 9 = flECO-AFL: Fluorescence, WET Labs ECO-AFL/FL [mg/m^3]
# name 10 = v2: Voltage 2
# name 11 = altM: Altimeter [m]
# name 12 = CStarTr0: Beam Transmission, WET Labs C-Star [%]
# name 13 = turbWETntu0: Turbidity, WET Labs ECO [NTU]
# name 14 = scan: Scan Count
# name 15 = sbeox0ML/L: Oxygen, SBE 43 [ml/l], WS = 2
# name 16 = sbeox0dOV/dT: Oxygen, SBE 43 [dov/dt], WS = 2
# name 17 = sal00: Salinity, Practical [PSU]
# name 18 = sal11: Salinity, Practical, 2 [PSU]
# name 19 = nbin: number of scans per bin
# name 20 = flag: flag
# span 0 =      2.000,   1520.000       
# span 1 =      1.984,   1502.527       
# span 2 =     3.9365,    21.4383       
# span 3 =     3.9372,    21.4389       
# span 4 =  33.125328,  47.405275       
# span 5 =  33.125161,  47.406917       
# span 6 =    3.09227,    6.62129       
# span 7 =     1.4520,     2.8837       
# span 8 = 4.7004e+02, 2.1696e+03       
# span 9 =    -0.0214,     2.1884       
# span 10 =     0.0000,     0.0000      
# span 11 =      77.42,      99.29      
# span 12 =    91.3964,    97.7290      
# span 13 =     0.0680,     0.1636      
# span 14 =        531,     186535      
# span 15 =    3.09207,    6.62227      
# span 16 =    0.00000,    0.00000      
# span 17 =    31.8510,    35.7286      
# span 18 =    31.8505,    35.7276      
# span 19 =         17,        134      
# span 20 = 0.0000e+00, 0.0000e+00      
# interval = decibars: 2                
# start_time = Aug 07 2015 17:47:11 [NMEA time, header]
# bad_flag = -9.990e-29
*END*
[from data line 1449]
    140.000    138.848    13.0471    13.0375  41.779763  41.768059    4.06860     1.8734 1.6724e+03    -0.0182     0.0000      98.78    97.3978     0.0707     171497    4.06826    0.00000    35.6743    35.6721         98 0.0000e+00
    138.000    136.865    13.1096    13.0804  41.849280  41.813522    4.07157     1.8765 1.6075e+03    -0.0186     0.0000      98.78    97.3868     0.0707     171591    4.07122    0.00000    35.6827    35.6760         79 0.0000e+00
    136.000    134.882    13.1588    13.1334  41.899676  41.871097    4.11639     1.8932 1.6256e+03    -0.0189     0.0000      98.78    97.3990     0.0707     171685    4.11607    0.00000    35.6853    35.6819        112 0.0000e+00
    134.000    132.900    13.1795    13.1681  41.914552  41.902567    4.11764     1.8945 1.5164e+03    -0.0190     0.0000      98.78    97.3917     0.0707     171792    4.11732    0.00000    35.6809    35.6802         87 0.0000e+00
    132.000    130.917    13.1794    13.1774  41.908990  41.906665    4.10864     1.8918 1.6377e+03    -0.0179     0.0000      98.78    97.3890     0.0707     171876    4.10839    0.00000    35.6765    35.6762         87 0.0000e+00
    130.000    128.934    13.1897    13.1875  41.913235  41.910334    4.09685     1.8885 1.5412e+03    -0.0182     0.0000      98.78    97.3856     0.0707     171981    4.09656    0.00000    35.6718    35.6711        122 0.0000e+00
    128.000    126.951    13.2110    13.2071  41.932893  41.928248    4.07957     1.8836 1.6252e+03    -0.0184     0.0000      98.78    97.3792     0.0707     172082    4.07927    0.00000    35.6713    35.6705         77 0.0000e+00
    126.000    124.968    13.2254    13.2183  41.946010  41.936529    4.06186     1.8785 1.4612e+03    -0.0181     0.0000      98.78    97.3788     0.0707     172171    4.06158    0.00000    35.6711    35.6688         97 0.0000e+00
    124.000    122.985    13.2735    13.2605  42.000363  41.982674    4.04603     1.8749 1.6740e+03    -0.0185     0.0000      98.78    97.3753     0.0707     172274    4.04571    0.00000    35.6785    35.6739        110 0.0000e+00
    122.000    121.002    13.3014    13.2894  42.031518  42.016109    4.04607     1.8761 1.5359e+03    -0.0186     0.0000      98.78    97.3797     0.0707     172374    4.04576    0.00000    35.6828    35.6794         93 0.0000e+00
    120.000    119.019    13.3046    13.3000  42.031993  42.025949    4.06277     1.8821 1.7740e+03    -0.0181     0.0000      98.78    97.3743     0.0707     172462    4.06250    0.00000    35.6811    35.6797         84 0.0000e+00
    118.000    117.035    13.4057    13.3777  42.150119  42.115532    4.10103     1.8982 1.6455e+03    -0.0182     0.0000      98.78    97.3815     0.0707     172570    4.10069    0.00000    35.6992    35.6927        113 0.0000e+00
    116.000    115.052    13.5020    13.4595  42.265689  42.210431    4.18082     1.9282 1.6632e+03    -0.0188     0.0000      98.78    97.3831     0.0707     172665    4.18044    0.00000    35.7193    35.7068         90 0.0000e+00
    114.000    113.069    13.5202    13.5106  42.283600  42.271592    4.26156     1.9562 1.7206e+03    -0.0178     0.0000      98.77    97.3825     0.0707     172759    4.26121    0.00000    35.7200    35.7177        101 0.0000e+00
    112.000    111.086    13.4704    13.4868  42.207464  42.233013    4.31061     1.9714 1.8305e+03    -0.0173     0.0000      98.77    97.3735     0.0707     172855    4.31031    0.00000    35.6955    35.7043         87 0.0000e+00
    110.000    109.103    13.4767    13.4825  42.210902  42.216708    4.35300     1.9861 1.7878e+03    -0.0185     0.0000      98.77    97.3677     0.0707     172958    4.35269    0.00000    35.6937    35.6938        114 0.0000e+00
    108.000    107.120    13.4945    13.4960  42.227588  42.229712    4.38391     1.9974 1.8303e+03    -0.0186     0.0000      98.77    97.3643     0.0707     173072    4.38360    0.00000    35.6937    35.6943        122 0.0000e+00
    106.000    105.137    13.5195    13.5148  42.250222  42.243326    4.40572     2.0059 1.7497e+03    -0.0189     0.0000      98.77    97.3609     0.0707     173209    4.40544    0.00000    35.6926    35.6904         86 0.0000e+00
    104.000    103.154    13.6002    13.5897  42.342073  42.327261    4.38977     2.0034 1.7735e+03    -0.0182     0.0000      98.77    97.3463     0.0707     173385    4.38941    0.00000    35.7046    35.7005        107 0.0000e+00
    102.000    101.170    13.7190    13.7085  42.481645  42.466544    4.41868     2.0173 1.8878e+03    -0.0183     0.0000      98.77    97.3447     0.0707     173569    4.41836    0.00000    35.7261    35.7217        100 0.0000e+00
    100.000     99.187    13.7387    13.7388  42.500745  42.499354    4.48483     2.0406 1.6902e+03    -0.0183     0.0000      98.77    97.3098     0.0707     176059    4.48459    0.00000    35.7265    35.7251         98 0.0000e+00
     98.000     97.204    13.7473    13.7478  42.505619  42.505148    4.49289     2.0440 1.5999e+03    -0.0181     0.0000      98.77    97.3106     0.0707     176797    4.49261    0.00000    35.7239    35.7230         82 0.0000e+00
     96.000     95.220    13.7566    13.7524  42.511417  42.506263    4.49194     2.0442 1.5775e+03    -0.0180     0.0000      98.77    97.3092     0.0707     176933    4.49155    0.00000    35.7216    35.7206         75 0.0000e+00
     94.000     93.237    13.7126    13.7176  42.446197  42.452777    4.51191     2.0499 1.5170e+03    -0.0180     0.0000      98.77    97.3011     0.0707     177069    4.51162    0.00000    35.7022    35.7037         96 0.0000e+00
     92.000     91.254    13.7621    13.7575  42.504315  42.496849    4.52181     2.0552 1.5123e+03    -0.0177     0.0000      98.77    97.2819     0.0707     177167    4.52151    0.00000    35.7114    35.7088        117 0.0000e+00
     90.000     89.270    13.7997    13.7888  42.547141  42.531779    4.53282     2.0606 1.5377e+03    -0.0179     0.0000      98.77    97.2607     0.0707     177287    4.53253    0.00000    35.7175    35.7133        113 0.0000e+00
     88.000     87.287    13.8513    13.8418  42.605270  42.592606    4.53092     2.0620 1.5328e+03    -0.0177     0.0000      98.76    97.2582     0.0707     177398    4.53062    0.00000    35.7249    35.7219        112 0.0000e+00
     86.000     85.304    13.8173    13.8210  42.550606  42.555773    4.52043     2.0575 1.5600e+03    -0.0181     0.0000      98.77    97.2581     0.0707     177511    4.52009    0.00000    35.7061    35.7074        114 0.0000e+00
     84.000     83.320    13.8110    13.8124  42.531299  42.535254    4.50162     2.0513 1.6480e+03    -0.0181     0.0000      98.77    97.2415     0.0707     177620    4.50130    0.00000    35.6947    35.6971         87 0.0000e+00
     82.000     81.337    13.8437    13.8312  42.567643  42.551355    4.50930     2.0553 1.6332e+03    -0.0174     0.0000      98.77    97.2181     0.0707     177744    4.50894    0.00000    35.6992    35.6955         78 0.0000e+00
     80.000     79.353    13.8791    13.8674  42.600214  42.587365    4.50827     2.0564 1.6154e+03    -0.0175     0.0000      98.77    97.2071     0.0707     177842    4.50792    0.00000    35.6977    35.6965         83 0.0000e+00
     78.000     77.370    13.8249    13.8401  42.515488  42.540281    4.49695     2.0510 1.5893e+03    -0.0168     0.0000      98.77    97.1736     0.0707     177961    4.49666    0.00000    35.6694    35.6785        106 0.0000e+00
     76.000     75.387    13.7660    13.7786  42.422239  42.443703    4.53203     2.0612 1.6775e+03    -0.0184     0.0000      98.77    97.1219     0.0707     178079    4.53179    0.00000    35.6375    35.6460         95 0.0000e+00
     74.000     73.403    13.7375    13.7454  42.364295  42.377893    4.55260     2.0674 1.6628e+03    -0.0178     0.0000      98.76    97.0625     0.0707     178181    4.55234    0.00000    35.6103    35.6158         83 0.0000e+00
     72.000     71.420    13.7436    13.7447  42.364620  42.367851    4.56649     2.0726 1.6676e+03    -0.0175     0.0000      98.76    97.0466     0.0707     178302    4.56616    0.00000    35.6058    35.6078         99 0.0000e+00
     70.000     69.436    13.7563    13.7553  42.373046  42.370940    4.57183     2.0752 1.6435e+03    -0.0175     0.0000      90.45    97.0136     0.0707     178409    4.57147    0.00000    35.6028    35.6017        108 0.0000e+00
     68.000     67.452    13.7311    13.7275  42.325509  42.317176    4.56886     2.0736 1.6578e+03    -0.0175     0.0000      88.97    96.9914     0.0707     178526    4.56853    0.00000    35.5824    35.5779        127 0.0000e+00
     66.000     65.469    13.6875    13.6990  42.257590  42.275275    4.56483     2.0711 1.6739e+03    -0.0178     0.0000      99.29    96.9557     0.0707     178644    4.56449    0.00000    35.5598    35.5659         93 0.0000e+00
     64.000     63.485    13.4735    13.4912  41.960251  41.986032    4.60557     2.0778 1.6989e+03    -0.0177     0.0000      98.76    96.9196     0.0707     178748    4.60539    0.00000    35.4792    35.4871        117 0.0000e+00
     62.000     61.502    13.2406    13.2781  41.644082  41.696842    4.66132     2.0888 1.7018e+03    -0.0184     0.0000      98.77    96.8690     0.0707     178864    4.66124    0.00000    35.3972    35.4123        113 0.0000e+00
     60.000     59.518    13.1351    13.1383  41.491598  41.496505    4.68689     2.0940 1.6848e+03    -0.0183     0.0000      98.76    96.8217     0.0707     178977    4.68681    0.00000    35.3514    35.3530        114 0.0000e+00
     58.000     57.534    12.9558    12.9581  41.229082  41.233634    4.70675     2.0944 1.6984e+03    -0.0171     0.0000      98.76    96.7021     0.0707     179091    4.70665    0.00000    35.2688    35.2710        118 0.0000e+00
     56.000     55.551    12.8220    12.8326  41.014948  41.031540    4.72498     2.0958 1.6982e+03    -0.0179     0.0000      98.77    96.5700     0.0707     179205    4.72488    0.00000    35.1895    35.1955        109 0.0000e+00
     54.000     53.567    12.7551    12.7535  40.902321  40.898547    4.70461     2.0868 1.7101e+03    -0.0184     0.0000      98.76    96.5720     0.0707     179322    4.70443    0.00000    35.1446    35.1425        119 0.0000e+00
     52.000     51.583    12.7056    12.7175  40.817946  40.835619    4.68791     2.0797 1.7523e+03    -0.0179     0.0000      93.09    96.5793     0.0707     179435    4.68770    0.00000    35.1106    35.1165         99 0.0000e+00
     50.000     49.599    12.5296    12.5446  40.550130  40.575133    4.69733     2.0767 1.7771e+03    -0.0173     0.0000      98.92    96.4832     0.0707     179549    4.69722    0.00000    35.0176    35.0277        106 0.0000e+00
     48.000     47.616    12.4401    12.4645  40.414839  40.450957    4.73498     2.0861 1.7933e+03    -0.0180     0.0000      98.76    96.3451     0.0707     179656    4.73484    0.00000    34.9713    34.9835        108 0.0000e+00
     46.000     45.632    12.4048    12.3981  40.360800  40.351076    4.75333     2.0912 1.7853e+03    -0.0174     0.0000      98.76    96.1578     0.0707     179775    4.75314    0.00000    34.9529    34.9497        115 0.0000e+00
     44.000     43.648    12.3449    12.3474  40.273172  40.276548    4.77753     2.0973 1.7899e+03    -0.0175     0.0000      94.64    96.0330     0.0707     179889    4.77731    0.00000    34.9247    34.9256        124 0.0000e+00
     42.000     41.664    12.2523    12.2736  40.100159  40.142108    4.80942     2.1044 1.8054e+03    -0.0179     0.0000      98.61    95.8257     0.0707     179997    4.80922    0.00000    34.8441    34.8650         92 0.0000e+00
     40.000     39.681    12.2089    12.2169  39.978842  39.999105    4.88289     2.1267 1.8102e+03    -0.0175     0.0000      91.43    94.7465     0.0707     180117    4.88266    0.00000    34.7677    34.7800        117 0.0000e+00
     38.000     37.697    12.2649    12.2974  39.953867  40.003251    4.96897     2.1565 1.8121e+03    -0.0171     0.0000      98.88    93.6235     0.0707     180227    4.96866    0.00000    34.6923    34.7100        101 0.0000e+00
     36.000     35.713    12.2961    12.3033  39.879232  39.892076    5.08981     2.1966 1.8146e+03    -0.0173     0.0000      98.76    91.9885     0.0707     180343    5.08946    0.00000    34.5921    34.5978        118 0.0000e+00
     34.000     33.729    12.4283    12.4115  39.936381  39.935301    5.27605     2.2623 1.8368e+03    -0.0172     0.0000      77.42    91.5091     0.0707     180451    5.27563    0.00000    34.5262    34.5406         98 0.0000e+00
     32.000     31.745    12.6804    12.5992  40.212246  40.120063    5.41832     2.3194 1.8362e+03    -0.0175     0.0000      98.33    91.3964     0.0707     180565    5.41773    0.00000    34.5606    34.5467         87 0.0000e+00
     30.000     29.761    13.0807    13.0568  40.648787  40.621237    5.51488     2.3675 1.7981e+03    -0.0182     0.0000      98.75    91.8047     0.0707     180690    5.51417    0.00000    34.6121    34.6076        115 0.0000e+00
     28.000     27.777    13.3030    13.2976  40.868511  40.861869    5.62346     2.4130 1.8092e+03    -0.0180     0.0000      94.94    92.2399     0.0707     180876    5.62289    0.00000    34.6187    34.6173         17 0.0000e+00
     26.000     25.793    14.5201    14.5447  41.907985  41.922387    5.75043     2.5022 1.8287e+03    -0.0169     0.0000      98.26    92.5625     0.0707     181209    5.74952    0.00000    34.4932    34.4845         53 0.0000e+00
     24.000     23.809    15.3847    15.3649  42.715807  42.696120    5.96156     2.6098 1.8632e+03    -0.0176     0.0000      98.75    92.4844     0.0707     181559    5.96079    0.00000    34.4659    34.4656         65 0.0000e+00
     22.000     21.825    15.7290    15.7297  43.053431  43.052344    6.22215     2.7163 1.7736e+03    -0.0177     0.0000      98.75    92.2885     0.0707     184755    6.22162    0.00000    34.4684    34.4669         76 0.0000e+00
     20.000     19.841    16.2763    16.3103  43.523035  43.531740    6.24826     2.7478 1.7289e+03    -0.0168     0.0000      98.75    92.1755     0.0707     185832    6.24739    0.00000    34.4116    34.3900        103 0.0000e+00
     18.000     17.857    17.1593    17.1349  43.955197  43.939032    6.25775     2.7838 1.7269e+03    -0.0171     0.0000      98.75    92.1575     0.0707     186019    6.25661    0.00000    34.0366    34.0433         97 0.0000e+00
     16.000     15.873    17.2997    17.3056  43.948438  43.950648    6.32936     2.8146 1.7193e+03    -0.0169     0.0000      98.75    92.2406     0.0707     186154    6.32850    0.00000    33.9130    33.9101        131 0.0000e+00
     14.000     13.889    17.4318    17.4760  44.020123  44.048518    6.40973     2.8492 1.6973e+03    -0.0173     0.0000      98.75    92.4651     0.0707     186285    6.40897    0.00000    33.8650    33.8525        123 0.0000e+00
     12.000     11.905    19.5173    19.5863  45.977618  46.014414    6.24035     2.8728 1.6725e+03    -0.0169     0.0000      98.75    93.0410     0.0707     186414    6.23832    0.00000    33.7959    33.7706        134 0.0000e+00
     10.000      9.921    21.3606    21.3717  47.405275  47.406917    5.59835     2.6984 1.6684e+03    -0.0175     0.0000      98.75    94.4362     0.0707     186535    5.59623    0.00000    33.4866    33.4793         67 0.0000e+00
