Ship_data/Irminger/Irminger-2/ctd/process/OOI/at30_011.ros
* Sea-Bird SBE 9 Data File:
* FileName = C:\data\ctd\at30_011.hex
* Software Version Seasave V 7.21f
* Temperature SN = 2265
* Conductivity SN = 3021
* Number of Bytes Per Scan = 40
* Number of Voltage Words = 5
* Number of Scans Averaged by the Deck Unit = 1
* NMEA Latitude = 59 41.19 N
* NMEA Longitude = 039 21.93 W
* NMEA UTC (Time) = Aug 21 2015  19:14:51
** cal val post deployment at FLMB2
# nquan = 17
# nvalues = 588                                   
# units = specified
# name 0 = prDM: Pressure, Digiquartz [db]
# name 1 = depSM: Depth [salt water, m]
# name 2 = t090C: Temperature [ITS-90, deg C]
# name 3 = t190C: Temperature, 2 [ITS-90, deg C]
# name 4 = c0mS/cm: Conductivity [mS/cm]
# name 5 = c1mS/cm: Conductivity, 2 [mS/cm]
# name 6 = sbeox0ML/L: Oxygen, SBE 43 [ml/l]
# name 7 = sbeox0V: Oxygen raw, SBE 43 [V]
# name 8 = spar: SPAR/Surface Irradiance
# name 9 = flECO-AFL: Fluorescence, WET Labs ECO-AFL/FL [mg/m^3]
# name 10 = v2: Voltage 2
# name 11 = altM: Altimeter [m]
# name 12 = CStarTr0: Beam Transmission, WET Labs C-Star [%]
# name 13 = turbWETntu0: Turbidity, WET Labs ECO [NTU]
# name 14 = scan: Scan Count
# name 15 = nbf: Bottles Fired
# name 16 = flag:  0.000e+00
# interval = seconds: 0.0416667
# start_time = Aug 21 2015 19:14:51 [NMEA time, header]
# bad_flag = -9.990e-29
*END*
[from data line 511]
    151.425    149.946     4.0911     4.0916  32.628238  32.628036    6.52616     2.2669 2.2252e+02    -0.0439     0.0000      98.73    97.3138     0.0707     173305         11  0.000e+00
    151.425    149.946     4.0911     4.0914  32.627997  32.628036    6.53075     2.2681 2.2052e+02    -0.0439     0.0000      98.73    97.3138     0.0707     173306         11  0.000e+00
    151.425    149.946     4.0911     4.0916  32.627997  32.628723    6.53074     2.2681 2.2052e+02    -0.0439     0.0000      98.73    97.3138     0.0707     173307         11  0.000e+00
    151.425    149.946     4.0911     4.0916  32.627937  32.628036    6.52618     2.2669 2.2252e+02    -0.0439     0.0000      98.73    97.3138     0.0707     173308         11  0.000e+00
    151.425    149.946     4.0909     4.0914  32.627636  32.628608    6.52621     2.2669 2.2252e+02    -0.0439     0.0000      98.73    97.3138     0.0682     173309         11  0.000e+00
    151.490    150.010     4.0907     4.0914  32.627696  32.628323    6.53086     2.2681 2.2252e+02    -0.0439     0.0000      98.73    97.3138     0.0682     173310         11  0.000e+00
    151.425    149.946     4.0908     4.0914  32.627636  32.628437    6.53080     2.2681 2.2252e+02    -0.0439     0.0000      98.73    97.3138     0.0707     173311         11  0.000e+00
    151.490    150.010     4.0909     4.0914  32.627696  32.628323    6.52626     2.2669 2.2252e+02    -0.0439     0.0000      98.73    97.3138     0.0707     173312         11  0.000e+00
    151.482    150.002     4.0907     4.0912  32.627817  32.628037    6.52627     2.2669 2.2252e+02    -0.0365     0.0000      98.73    97.3138     0.0707     173313         11  0.000e+00
    151.490    150.010     4.0910     4.0914  32.627636  32.628323    6.53083     2.2681 2.2252e+02    -0.0439     0.0000      98.73    97.3138     0.0707     173314         11  0.000e+00
    151.547    150.067     4.0912     4.0915  32.627937  32.628437    6.53083     2.2681 2.2252e+02    -0.0512     0.0000      98.73    97.3138     0.0707     173315         11  0.000e+00
    151.547    150.067     4.0916     4.0916  32.628540  32.628609    6.53076     2.2681 2.2252e+02    -0.0439     0.0000      98.73    97.3138     0.0707     173316         11  0.000e+00
    151.547    150.067     4.0918     4.0915  32.628299  32.628609    6.53074     2.2681 2.2252e+02    -0.0512     0.0000      98.73    97.2877     0.0707     173317         11  0.000e+00
    151.547    150.067     4.0916     4.0914  32.628118  32.628323    6.53078     2.2681 2.2252e+02    -0.0439     0.0000      98.73    97.3138     0.0682     173318         11  0.000e+00
    151.604    150.123     4.0914     4.0916  32.627937  32.628609    6.53086     2.2681 2.2252e+02    -0.0439     0.0000      98.73    97.2877     0.0707     173319         11  0.000e+00
    151.604    150.123     4.0915     4.0915  32.627998  32.628437    6.53084     2.2681 2.2252e+02    -0.0512     0.0000      98.73    97.3138     0.0707     173320         11  0.000e+00
    151.604    150.123     4.0914     4.0913  32.628118  32.628609    6.53084     2.2681 2.2252e+02    -0.0439     0.0000      98.73    97.2877     0.0682     173321         11  0.000e+00
    151.604    150.123     4.0914     4.0912  32.628118  32.628609    6.53084     2.2681 2.2052e+02    -0.0439     0.0000      98.73    97.2877     0.0682     173322         11  0.000e+00
    151.726    150.244     4.0916     4.0913  32.628299  32.628323    6.53549     2.2693 2.2052e+02    -0.0439     0.0000      98.73    97.2877     0.0682     173323         11  0.000e+00
    151.669    150.188     4.0918     4.0912  32.628419  32.628152    6.53541     2.2693 2.2052e+02    -0.0512     0.0000      98.73    97.3138     0.0682     173324         11  0.000e+00
    151.661    150.179     4.0919     4.0914  32.628419  32.628323    6.53539     2.2693 2.2052e+02    -0.0439     0.0000      98.73    97.3138     0.0707     173325         11  0.000e+00
    151.726    150.244     4.0919     4.0917  32.628239  32.628323    6.53545     2.2693 2.2252e+02    -0.0439     0.0000      98.73    97.3138     0.0682     173326         11  0.000e+00
    151.783    150.300     4.0915     4.0917  32.628119  32.628610    6.53556     2.2693 2.2052e+02    -0.0512     0.0000      98.73    97.3138     0.0707     173327         11  0.000e+00
    151.791    150.308     4.0914     4.0917  32.628119  32.628724    6.53558     2.2693 2.2252e+02    -0.0439     0.0000      98.73    97.3138     0.0682     173328         11  0.000e+00
    151.783    150.300     4.0912     4.0918  32.628119  32.628610    6.53559     2.2693 2.2052e+02    -0.0439     0.0000      98.73    97.3138     0.0707     173329         11  0.000e+00
    151.848    150.365     4.0910     4.0919  32.627697  32.628896    6.54028     2.2705 2.2052e+02    -0.0439     0.0000      98.73    97.2877     0.0707     173330         11  0.000e+00
    151.905    150.421     4.0909     4.0918  32.627938  32.628896    6.54032     2.2705 2.2052e+02    -0.0439     0.0000      98.73    97.3138     0.0707     173331         11  0.000e+00
    151.848    150.365     4.0911     4.0919  32.627697  32.629296    6.54026     2.2705 2.2252e+02    -0.0439     0.0000      98.73    97.2877     0.0707     173332         11  0.000e+00
     33.426     33.109     7.6071     7.6067  35.718653  35.717038    6.78942     2.5364 3.1073e+02    -0.0439     0.0000      98.73    94.0962     0.0682     183966         12  0.000e+00
     33.458     33.141     7.6077     7.6051  35.719526  35.717867    6.78521     2.5352 3.1073e+02    -0.0439     0.0000      98.73    94.0962     0.0707     183967         12  0.000e+00
     33.393     33.077     7.6077     7.6045  35.719963  35.718163    6.78513     2.5352 3.1073e+02    -0.0439     0.0000      98.73    94.0962     0.0707     183968         12  0.000e+00
     33.458     33.141     7.6080     7.6056  35.720525  35.717689    6.78925     2.5364 3.1073e+02    -0.0439     0.0000      98.73    94.0700     0.0707     183969         12  0.000e+00
     33.515     33.197     7.6076     7.6057  35.720525  35.718519    6.78935     2.5364 3.1073e+02    -0.0439     0.0000      98.73    94.0700     0.0707     183970         12  0.000e+00
     33.393     33.077     7.6077     7.6033  35.720400  35.718045    6.78511     2.5352 3.1073e+02    -0.0439     0.0000      98.73    94.0439     0.0707     183971         12  0.000e+00
     33.483     33.165     7.6077     7.5994  35.720400  35.717512    6.78519     2.5352 3.1073e+02    -0.0439     0.0000      98.73    94.0177     0.0707     183972         12  0.000e+00
     33.458     33.141     7.6076     7.5980  35.719963  35.715143    6.78521     2.5352 3.1073e+02    -0.0439     0.0000      98.73    94.0439     0.0707     183973         12  0.000e+00
     33.393     33.077     7.6074     7.6002  35.719776  35.714018    6.78518     2.5352 3.1073e+02    -0.0439     0.0000      98.73    94.0700     0.0707     183974         12  0.000e+00
     33.458     33.141     7.6073     7.6019  35.719589  35.713366    6.78526     2.5352 3.1073e+02    -0.0439     0.0000      98.73    94.0700     0.0707     183975         12  0.000e+00
     33.515     33.197     7.6069     7.6030  35.719027  35.713899    6.78537     2.5352 3.0872e+02    -0.0439     0.0000      98.73    94.0962     0.0682     183976         12  0.000e+00
     33.369     33.053     7.6063     7.5994  35.719027  35.714965    6.78532     2.5352 3.1073e+02    -0.0439     0.0000      98.73    94.0700     0.0682     183977         12  0.000e+00
     33.515     33.197     7.6059     7.5956  35.718403  35.715914    6.78964     2.5364 3.1073e+02    -0.0512     0.0000      98.73    94.0700     0.0707     183978         12  0.000e+00
     33.458     33.141     7.6050     7.5953  35.717467  35.714492    6.78975     2.5364 3.1073e+02    -0.0439     0.0000      98.73    94.0700     0.0707     183979         12  0.000e+00
     33.458     33.141     7.6035     7.5871  35.716532  35.713664    6.78997     2.5364 3.0872e+02    -0.0439     0.0000      98.73    94.0700     0.0707     183980         12  0.000e+00
     33.515     33.197     7.6025     7.5869  35.715097  35.710051    6.79021     2.5364 3.1073e+02    -0.0439     0.0000      98.73    94.0700     0.0707     183981         12  0.000e+00
     33.426     33.109     7.6019     7.5889  35.714847  35.706971    6.79021     2.5364 3.1073e+02    -0.0439     0.0000      98.73    94.0962     0.0707     183982         12  0.000e+00
     33.515     33.197     7.6012     7.5907  35.714785  35.706971    6.79037     2.5364 3.0872e+02    -0.0439     0.0000      98.73    94.0962     0.0707     183983         12  0.000e+00
     33.458     33.141     7.6016     7.5889  35.715409  35.708452    6.79025     2.5364 3.1073e+02    -0.0365     0.0000      98.73    94.0700     0.0682     183984         12  0.000e+00
     33.515     33.197     7.6011     7.5871  35.714910  35.706616    6.78626     2.5352 3.0872e+02    -0.0439     0.0000      98.73    94.0700     0.0682     183985         12  0.000e+00
     33.515     33.197     7.5977     7.5831  35.713288  35.704603    6.79086     2.5364 3.1073e+02    -0.0439     0.0000      98.73    94.0962     0.0707     183986         12  0.000e+00
     33.515     33.197     7.5954     7.5820  35.711604  35.701820    6.79121     2.5364 3.0872e+02    -0.0439     0.0000      98.73    94.0700     0.0707     183987         12  0.000e+00
     33.547     33.229     7.5963     7.5822  35.711666  35.698326    6.79113     2.5364 3.1073e+02    -0.0439     0.0000      98.73    94.0700     0.0707     183988         12  0.000e+00
     33.458     33.141     7.5981     7.5813  35.712040  35.696964    6.79082     2.5364 3.1073e+02    -0.0439     0.0000      98.73    94.0962     0.0707     183989         12  0.000e+00
     33.572     33.253     7.5989     7.5800  35.711666  35.696076    6.79084     2.5364 3.0872e+02    -0.0439     0.0000      98.73    94.0700     0.0707     183990         12  0.000e+00
     33.515     33.197     7.5988     7.5786  35.710542  35.695721    6.78674     2.5352 3.0872e+02    -0.0439     0.0000      98.73    94.0700     0.0682     183991         12  0.000e+00
     33.572     33.253     7.5959     7.5785  35.709046  35.695366    6.78721     2.5352 3.0872e+02    -0.0439     0.0000      98.73    94.0962     0.0707     183992         12  0.000e+00
     33.547     33.229     7.5930     7.5803  35.708235  35.694477    6.79169     2.5364 3.0872e+02    -0.0439     0.0000      98.73    94.0700     0.0682     183993         12  0.000e+00
     33.572     33.253     7.5910     7.5827  35.705864  35.695721    6.79206     2.5364 3.0872e+02    -0.0365     0.0000      98.73    94.0700     0.0682     183994         12  0.000e+00
     33.572     33.253     7.5893     7.5843  35.703993  35.696609    6.79235     2.5364 3.0872e+02    -0.0439     0.0000      98.73    94.0700     0.0707     183995         12  0.000e+00
     33.572     33.253     7.5905     7.5816  35.704304  35.697675    6.78807     2.5352 3.0872e+02    -0.0512     0.0000      98.73    94.0700     0.0682     183996         12  0.000e+00
     33.572     33.253     7.5926     7.5798  35.704928  35.696728    6.78779     2.5352 3.0872e+02    -0.0439     0.0000      98.73    94.0700     0.0682     183997         12  0.000e+00
     33.637     33.318     7.5941     7.5789  35.705365  35.696313    6.78765     2.5352 3.0872e+02    -0.0439     0.0000      98.73    94.0700     0.0707     183998         12  0.000e+00
     33.547     33.229     7.5940     7.5783  35.703306  35.695425    6.79180     2.5364 3.0672e+02    -0.0439     0.0000      98.73    94.0700     0.0707     183999         12  0.000e+00
     33.637     33.318     7.5892     7.5783  35.698628  35.695070    6.79268     2.5364 3.0672e+02    -0.0439     0.0000      98.73    94.0700     0.0682     184000         12  0.000e+00
     33.637     33.318     7.5842     7.5787  35.694823  35.694418    6.78933     2.5352 3.0672e+02    -0.0439     0.0000      98.73    94.0700     0.0707     184001         12  0.000e+00
     33.637     33.318     7.5812     7.5791  35.692453  35.694122    6.78980     2.5352 3.0672e+02    -0.0439     0.0000      98.73    94.0700     0.0682     184002         12  0.000e+00
     33.637     33.318     7.5791     7.5788  35.691143  35.694478    6.79423     2.5364 3.0672e+02    -0.0439     0.0000      98.73    94.0700     0.0707     184003         12  0.000e+00
     33.661     33.342     7.5782     7.5789  35.690831  35.694715    6.79437     2.5364 3.0672e+02    -0.0439     0.0000      98.73    94.0700     0.0707     184004         12  0.000e+00
     33.694     33.374     7.5796     7.5783  35.692203  35.694774    6.79417     2.5364 3.0672e+02    -0.0439     0.0000      98.73    94.0700     0.0682     184005         12  0.000e+00
     33.637     33.318     7.5815     7.5780  35.694386  35.694774    6.79379     2.5364 3.0672e+02    -0.0439     0.0000      98.73    94.0700     0.0707     184006         12  0.000e+00
     33.750     33.430     7.5814     7.5772  35.695260  35.694064    6.79386     2.5364 3.0471e+02    -0.0439     0.0000      98.73    94.0700     0.0707     184007         12  0.000e+00
     33.637     33.318     7.5796     7.5763  35.693389  35.693827    6.79406     2.5364 3.0471e+02    -0.0439     0.0000      98.73    94.0700     0.0707     184008         12  0.000e+00
     33.661     33.342     7.5763     7.5752  35.689521  35.693175    6.79465     2.5364 3.0471e+02    -0.0439     0.0000      98.73    94.0700     0.0707     184009         12  0.000e+00
     33.750     33.430     7.5706     7.5755  35.684470  35.692820    6.79565     2.5364 3.0471e+02    -0.0439     0.0000      98.73    94.0439     0.0682     184010         12  0.000e+00
     33.694     33.374     7.5657     7.5765  35.680478  35.692228    6.79638     2.5364 3.0471e+02    -0.0439     0.0000      98.73    94.0439     0.0682     184011         12  0.000e+00
     33.750     33.430     7.5642     7.5780  35.679418  35.691577    6.79254     2.5352 3.0471e+02    -0.0439     0.0000      98.73    94.0700     0.0707     184012         12  0.000e+00
     33.750     33.430     7.5654     7.5786  35.680416  35.691873    6.79647     2.5364 3.0271e+02    -0.0439     0.0000      98.73    94.0700     0.0707     184013         12  0.000e+00
     33.694     33.374     7.5653     7.5790  35.680229  35.692879    6.79645     2.5364 3.0271e+02    -0.0439     0.0000      98.73    94.0700     0.0707     184014         12  0.000e+00
