Ship_data/Irminger/Irminger-2/ctd/process/OOI/at30_004.cnv
* Sea-Bird SBE 9 Data File:
* FileName = C:\data\ctd\at30_004.hex
* Software Version Seasave V 7.21f
* Temperature SN = 2265
* Conductivity SN = 3021
* Number of Bytes Per Scan = 40
* Number of Voltage Words = 5
* Number of Scans Averaged by the Deck Unit = 1
* NMEA Latitude = 59 57.06 N
* NMEA Longitude = 039 25.14 W
* NMEA UTC (Time) = Aug 14 2015  14:16:48
# nquan = 21
# nvalues = 2731                        
# units = specified
# name 0 = prDM: Pressure, Digiquartz [db]
# name 1 = depSM: Depth [salt water, m]
# name 2 = t090C: Temperature [ITS-90, deg C]
# name 3 = t190C: Temperature, 2 [ITS-90, deg C]
# name 4 = c0mS/cm: Conductivity [mS/cm]
# name 5 = c1mS/cm: Conductivity, 2 [mS/cm]
# name 6 = sbeox0ML/L: Oxygen, SBE 43 [ml/l]
# name 7 = sbeox0V: Oxygen raw, SBE 43 [V]
# name 8 = spar: SPAR/Surface Irradiance
# name 9 = flECO-AFL: Fluorescence, WET Labs ECO-AFL/FL [mg/m^3]
# name 10 = v2: Voltage 2
# name 11 = altM: Altimeter [m]
# name 12 = CStarTr0: Beam Transmission, WET Labs C-Star [%]
# name 13 = turbWETntu0: Turbidity, WET Labs ECO [NTU]
# name 14 = scan: Scan Count
# name 15 = sbeox0ML/L: Oxygen, SBE 43 [ml/l], WS = 2
# name 16 = sbeox0dOV/dT: Oxygen, SBE 43 [dov/dt], WS = 2
# name 17 = sal00: Salinity, Practical [PSU]
# name 18 = sal11: Salinity, Practical, 2 [PSU]
# name 19 = nbin: number of scans per bin
# name 20 = flag: flag
# span 0 =      2.000,   2732.000       
# span 1 =      1.981,   2688.787       
# span 2 =     1.4235,     8.2589       
# span 3 =     1.4242,     8.2755       
# span 4 =  31.341710,  36.317878       
# span 5 =  31.341941,  36.332856       
# span 6 =    6.01450,    7.04061       
# span 7 =     1.6880,     2.5339       
# span 8 = 2.6032e+02, 1.7497e+03       
# span 9 =    -0.0312,     1.5888       
# span 10 =     0.0000,     0.0000      
# span 11 =      10.85,      99.55      
# span 12 =    93.7189,    97.4190      
# span 13 =     0.0763,     0.1317      
# span 14 =       -198,     191628      
# span 15 =    6.01450,    7.04120      
# span 16 =    0.00000,    0.00000      
# span 17 =    34.8468,    34.9317      
# span 18 =    34.8462,    34.9310      
# span 19 =         20,        137      
# span 20 = 0.0000e+00, 0.0000e+00      
# interval = decibars: 2                
# start_time = Aug 14 2015 14:16:48 [NMEA time, header]
# bad_flag = -9.990e-29
*END*
[from data line 69]
    140.000    138.634     4.1679     4.1643  32.687534  32.684979    6.53760     2.2761 3.4915e+02    -0.0108     0.0000      98.77    97.1445     0.0815      10276    6.53752    0.00000    34.9035    34.9043         64 0.0000e+00
    142.000    140.613     4.1587     4.1590  32.680506  32.681160    6.53090     2.2734 3.5363e+02    -0.0099     0.0000      98.78    97.1466     0.0877      10456    6.53076    0.00000    34.9039    34.9043         61 0.0000e+00
    144.000    142.593     4.1633     4.1633  32.687104  32.686597    6.52871     2.2726 3.5819e+02    -0.0089     0.0000      98.78    97.1610     0.0819      10543    6.52847    0.00000    34.9057    34.9052         39 0.0000e+00
    146.000    144.573     4.1792     4.1824  32.705257  32.708543    6.51854     2.2702 3.5933e+02    -0.0073     0.0000      98.78    97.1378     0.0842      10663    6.51840    0.00000    34.9092    34.9097         50 0.0000e+00
    148.000    146.553     4.2050     4.2076  32.733376  32.735406    6.50318     2.2669 4.0953e+02    -0.0131     0.0000      98.78    97.1495     0.0828      10799    6.50302    0.00000    34.9141    34.9137         75 0.0000e+00
    150.000    148.532     4.2333     4.2335  32.763584  32.764054    6.47334     2.2598 3.4815e+02    -0.0042     0.0000      98.77    97.1355     0.0876      10986    6.47316    0.00000    34.9188    34.9191         70 0.0000e+00
    152.000    150.512     4.2420     4.2436  32.774006  32.775478    6.46908     2.2587 3.5547e+02    -0.0038     0.0000      98.78    97.1368     0.0830      11067    6.46892    0.00000    34.9207    34.9208         69 0.0000e+00
    154.000    152.492     4.2637     4.2645  32.797896  32.799172    6.45299     2.2549 3.5490e+02    -0.0123     0.0000      98.78    97.1504     0.0806      11220    6.45282    0.00000    34.9249    34.9255         92 0.0000e+00
    156.000    154.471     4.2639     4.2635  32.799189  32.799107    6.45008     2.2537 3.5744e+02    -0.0121     0.0000      98.78    97.1448     0.0868      11326    6.44985    0.00000    34.9250    34.9254         91 0.0000e+00
    158.000    156.451     4.2624     4.2625  32.798498  32.798957    6.44651     2.2523 3.5405e+02    -0.0067     0.0000      98.78    97.1567     0.0821      11464    6.44635    0.00000    34.9247    34.9252        137 0.0000e+00
    160.000    158.431     4.2601     4.2604  32.797164  32.798020    6.44688     2.2517 3.5233e+02    -0.0105     0.0000      98.78    97.1341     0.0822      11589    6.44623    0.00000    34.9246    34.9252         82 0.0000e+00
    162.000    160.410     4.2387     4.2362  32.776623  32.775133    6.44970     2.2511 3.5203e+02    -0.0084     0.0000      98.78    97.1496     0.0799      11722    6.44959    0.00000    34.9219    34.9228         80 0.0000e+00
    164.000    162.390     4.2187     4.2233  32.757426  32.762368    6.45427     2.2509 3.5294e+02    -0.0108     0.0000      98.78    97.1303     0.0855      11820    6.45418    0.00000    34.9193    34.9203         62 0.0000e+00
    166.000    164.369     4.2381     4.2384  32.779370  32.780125    6.45017     2.2503 3.5271e+02    -0.0101     0.0000      98.77    97.1283     0.0845      12002    6.45006    0.00000    34.9237    34.9242         51 0.0000e+00
    168.000    166.349     4.2356     4.2351  32.778561  32.778528    6.44858     2.2493 3.5090e+02    -0.0178     0.0000      98.78    97.1279     0.0858      12089    6.44847    0.00000    34.9242    34.9247         71 0.0000e+00
    170.000    168.329     4.2305     4.2296  32.774779  32.774395    6.44605     2.2480 3.5187e+02    -0.0116     0.0000      98.78    97.1234     0.0817      12247    6.44603    0.00000    34.9241    34.9246         77 0.0000e+00
    172.000    170.308     4.2147     4.2140  32.761005  32.760934    6.44716     2.2471 3.4630e+02    -0.0118     0.0000      98.78    97.1374     0.0829      12317    6.44694    0.00000    34.9235    34.9241         70 0.0000e+00
    174.000    172.288     4.2080     4.2074  32.755499  32.756198    6.44920     2.2471 3.5029e+02    -0.0080     0.0000      98.78    97.1278     0.0863      12461    6.44969    0.00000    34.9230    34.9245         65 0.0000e+00
    176.000    174.267     4.2046     4.2045  32.755099  32.755293    6.44758     2.2458 3.4450e+02    -0.0101     0.0000      98.78    97.1319     0.0857      12519    6.44738    0.00000    34.9251    34.9254         48 0.0000e+00
    178.000    176.246     4.1988     4.1985  32.750424  32.750652    6.44533     2.2445 3.5009e+02    -0.0096     0.0000      98.78    97.1269     0.0856      12628    6.44514    0.00000    34.9247    34.9252         77 0.0000e+00
    180.000    178.226     4.1843     4.1817  32.737151  32.735525    6.44203     2.2425 3.4923e+02    -0.0170     0.0000      98.78    97.1064     0.0823      12742    6.44194    0.00000    34.9232    34.9241         82 0.0000e+00
    182.000    180.205     4.1638     4.1621  32.718001  32.716705    6.44307     2.2414 3.5104e+02    -0.0116     0.0000      98.78    97.1202     0.0834      12820    6.44290    0.00000    34.9212    34.9215         63 0.0000e+00
    184.000    182.185     4.1655     4.1642  32.720616  32.719885    6.44605     2.2418 3.4872e+02    -0.0120     0.0000      98.78    97.1274     0.0853      12909    6.44597    0.00000    34.9215    34.9220         94 0.0000e+00
    186.000    184.164     4.1764     4.1766  32.733378  32.734025    6.44244     2.2409 3.5063e+02    -0.0109     0.0000      98.78    97.1459     0.0831      13035    6.44238    0.00000    34.9239    34.9244         81 0.0000e+00
    188.000    186.143     4.1607     4.1543  32.718526  32.713527    6.44374     2.2401 3.4790e+02    -0.0116     0.0000      98.78    97.1241     0.0862      13113    6.44356    0.00000    34.9219    34.9228         83 0.0000e+00
    190.000    188.123     4.1304     4.1232  32.689607  32.683771    6.44914     2.2396 3.5110e+02    -0.0156     0.0000      98.78    97.1248     0.0847      13203    6.44895    0.00000    34.9187    34.9195         84 0.0000e+00
    192.000    190.102     4.0876     4.0886  32.648164  32.651111    6.45154     2.2378 3.4794e+02    -0.0126     0.0000      98.78    97.1294     0.0819      13336    6.45136    0.00000    34.9140    34.9164         48 0.0000e+00
    194.000    192.081     4.0500     4.0493  32.611742  32.613130    6.45367     2.2361 3.5228e+02    -0.0163     0.0000      98.78    97.1322     0.0903      13402    6.45359    0.00000    34.9097    34.9121         65 0.0000e+00
    196.000    194.061     4.0316     4.0310  32.594937  32.594712    6.45459     2.2351 3.4608e+02    -0.0146     0.0000      98.78    97.1379     0.0854      13513    6.45456    0.00000    34.9082    34.9086         57 0.0000e+00
    198.000    196.040     4.0231     4.0212  32.587465  32.586358    6.45831     2.2352 3.5021e+02    -0.0145     0.0000      98.78    97.1146     0.0839      13598    6.45822    0.00000    34.9073    34.9079         80 0.0000e+00
    200.000    198.019     4.0041     4.0030  32.569948  32.569464    6.44854     2.2313 3.4877e+02    -0.0146     0.0000      98.78    97.0890     0.0833      13733    6.44832    0.00000    34.9055    34.9062         63 0.0000e+00
    202.000    199.998     3.9957     3.9954  32.562876  32.562726    6.45157     2.2312 3.4828e+02    -0.0100     0.0000      98.78    97.1152     0.0819      13781    6.45136    0.00000    34.9051    34.9052         45 0.0000e+00
    204.000    201.978     4.0028     4.0035  32.572258  32.573244    6.45530     2.2321 3.4825e+02    -0.0129     0.0000      98.77    97.1442     0.0839      13892    6.45512    0.00000    34.9076    34.9080         60 0.0000e+00
    206.000    203.957     4.0050     4.0052  32.576079  32.576563    6.46179     2.2335 3.4770e+02    -0.0089     0.0000      98.78    97.1526     0.0824      14010    6.46170    0.00000    34.9086    34.9091         34 0.0000e+00
    208.000    205.936     4.0040     4.0038  32.576228  32.576447    6.46344     2.2335 3.5611e+02    -0.0188     0.0000      98.78    97.1405     0.0834      14070    6.46333    0.00000    34.9088    34.9093         49 0.0000e+00
    210.000    207.915     4.0026     4.0027  32.575939  32.576403    6.46853     2.2343 3.4889e+02    -0.0114     0.0000      98.78    97.1450     0.0862      14214    6.46835    0.00000    34.9088    34.9093         42 0.0000e+00
    212.000    209.894     3.9990     3.9987  32.573363  32.573664    6.47116     2.2344 3.4947e+02    -0.0115     0.0000      98.78    97.1286     0.0850      14288    6.47095    0.00000    34.9086    34.9092         74 0.0000e+00
    214.000    211.873     3.9953     3.9954  32.571154  32.571519    6.47387     2.2345 3.5039e+02    -0.0196     0.0000      98.78    97.1464     0.0803      14435    6.47363    0.00000    34.9088    34.9091         50 0.0000e+00
    216.000    213.852     3.9924     3.9926  32.569795  32.570309    6.47488     2.2342 3.4737e+02    -0.0145     0.0000      98.78    97.1553     0.0841      14473    6.47464    0.00000    34.9092    34.9096         44 0.0000e+00
    218.000    215.832     3.9900     3.9895  32.568632  32.568709    6.47354     2.2333 3.4854e+02    -0.0216     0.0000      98.78    97.1532     0.0879      14604    6.47332    0.00000    34.9093    34.9099         46 0.0000e+00
    220.000    217.811     3.9866     3.9839  32.566515  32.564676    6.47508     2.2331 5.5698e+02    -0.0200     0.0000      98.78    97.1413     0.0821      14678    6.47486    0.00000    34.9093    34.9100         45 0.0000e+00
    222.000    219.790     3.9805     3.9805  32.561610  32.561776    6.47379     2.2320 4.7764e+02    -0.0200     0.0000      98.78    97.1624     0.0901      14811    6.47362    0.00000    34.9088    34.9091         71 0.0000e+00
    224.000    221.769     3.9723     3.9715  32.554699  32.554362    6.47430     2.2313 3.5835e+02    -0.0146     0.0000      98.78    97.1575     0.0838      14898    6.47417    0.00000    34.9082    34.9088         59 0.0000e+00
    226.000    223.748     3.9598     3.9569  32.543007  32.540659    6.47683     2.2309 3.5172e+02    -0.0153     0.0000      98.78    97.1373     0.0807      14995    6.47671    0.00000    34.9066    34.9069        123 0.0000e+00
    228.000    225.727     3.9432     3.9381  32.527760  32.523445    6.47688     2.2298 3.5141e+02    -0.0158     0.0000      98.78    97.1728     0.0839      15092    6.47682    0.00000    34.9051    34.9054         76 0.0000e+00
    230.000    227.706     3.9259     3.9213  32.511785  32.507724    6.48105     2.2296 3.5037e+02    -0.0119     0.0000      98.78    97.1602     0.0826      15185    6.48090    0.00000    34.9034    34.9035         91 0.0000e+00
    232.000    229.684     3.9189     3.9170  32.506009  32.504211    6.48337     2.2293 3.5126e+02    -0.0136     0.0000      98.78    97.1600     0.0869      15298    6.48294    0.00000    34.9029    34.9027         73 0.0000e+00
    234.000    231.663     3.9357     3.9362  32.524830  32.525338    6.48398     2.2299 3.5059e+02    -0.0223     0.0000      98.78    97.1561     0.0819      15385    6.48381    0.00000    34.9063    34.9064         44 0.0000e+00
    236.000    233.642     3.9310     3.9308  32.521109  32.521490    6.48055     2.2285 3.5085e+02    -0.0196     0.0000      98.78    97.1710     0.0821      15483    6.48079    0.00000    34.9058    34.9064         84 0.0000e+00
    238.000    235.621     3.9238     3.9237  32.515267  32.515791    6.48109     2.2277 3.5365e+02    -0.0205     0.0000      98.78    97.1384     0.0803      15599    6.48104    0.00000    34.9054    34.9061         75 0.0000e+00
    240.000    237.600     3.9135     3.9135  32.506201  32.506407    6.48847     2.2287 9.9955e+02    -0.0165     0.0000      98.78    97.1780     0.0798      15648    6.48833    0.00000    34.9045    34.9048         44 0.0000e+00
    242.000    239.579     3.9190     3.9191  32.513042  32.513253    6.48437     2.2275 6.3749e+02    -0.0122     0.0000      98.78    97.1778     0.0810      15790    6.48427    0.00000    34.9057    34.9058         44 0.0000e+00
    244.000    241.558     3.9202     3.9193  32.515318  32.514885    6.48505     2.2273 1.1234e+03    -0.0187     0.0000      98.78    97.1558     0.0802      15862    6.48494    0.00000    34.9061    34.9064         35 0.0000e+00
    246.000    243.536     3.9220     3.9212  32.517991  32.517818    6.48485     2.2269 1.2034e+03    -0.0219     0.0000      98.78    97.1658     0.0823      15956    6.48474    0.00000    34.9063    34.9068         45 0.0000e+00
    248.000    245.515     3.9304     3.9301  32.527840  32.527403    6.48627     2.2272 6.9564e+02    -0.0176     0.0000      98.78    97.1754     0.0821      16079    6.48609    0.00000    34.9079    34.9077         38 0.0000e+00
    250.000    247.494     3.9300     3.9301  32.528168  32.528616    6.47899     2.2249 7.2279e+02    -0.0164     0.0000      98.78    97.1812     0.0822      16185    6.47889    0.00000    34.9077    34.9081         86 0.0000e+00
    252.000    249.473     3.9283     3.9284  32.527532  32.527996    6.47713     2.2238 3.2156e+02    -0.0219     0.0000      98.78    97.1832     0.0846      16307    6.47668    0.00000    34.9076    34.9081         70 0.0000e+00
    254.000    251.452     3.9265     3.9266  32.526726  32.527264    6.47927     2.2239 3.5204e+02    -0.0189     0.0000      98.78    97.1752     0.0806      16359    6.47923    0.00000    34.9075    34.9081         57 0.0000e+00
    256.000    253.430     3.9086     3.9103  32.510388  32.512882    6.48436     2.2239 3.5130e+02    -0.0153     0.0000      98.78    97.2025     0.0826      16505    6.48413    0.00000    34.9061    34.9072         54 0.0000e+00
    258.000    255.409     3.8947     3.8912  32.497742  32.495330    6.48906     2.2240 3.4978e+02    -0.0154     0.0000      98.78    97.1973     0.0846      16559    6.48888    0.00000    34.9047    34.9055         58 0.0000e+00
    260.000    257.388     3.8830     3.8828  32.487583  32.487809    6.49927     2.2257 3.5076e+02    -0.0162     0.0000      98.78    97.2158     0.0844      16692    6.49909    0.00000    34.9039    34.9044         66 0.0000e+00
    262.000    259.366     3.8790     3.8770  32.484545  32.482879    6.50116     2.2256 3.4982e+02    -0.0154     0.0000      98.78    97.1842     0.0844      16764    6.50096    0.00000    34.9035    34.9037        101 0.0000e+00
    264.000    261.345     3.8748     3.8728  32.481255  32.479857    6.49787     2.2241 3.5002e+02    -0.0154     0.0000      98.78    97.1464     0.0815      16864    6.49775    0.00000    34.9030    34.9035         87 0.0000e+00
    266.000    263.324     3.8688     3.8673  32.476308  32.475329    6.49944     2.2238 3.4939e+02    -0.0168     0.0000      98.78    97.1965     0.0856      16961    6.49930    0.00000    34.9024    34.9028        121 0.0000e+00
    268.000    265.302     3.8626     3.8623  32.471373  32.471598    6.50482     2.2244 3.5098e+02    -0.0243     0.0000      98.78    97.1878     0.0789      17075    6.50462    0.00000    34.9021    34.9026         75 0.0000e+00
    270.000    267.281     3.8574     3.8573  32.467246  32.467586    6.50632     2.2241 3.4743e+02    -0.0165     0.0000      98.77    97.1893     0.0838      17126    6.50611    0.00000    34.9016    34.9022         53 0.0000e+00
    272.000    269.259     3.8555     3.8554  32.466324  32.466530    6.51143     2.2249 3.5047e+02    -0.0184     0.0000      98.78    97.1853     0.0841      17286    6.51113    0.00000    34.9015    34.9018         65 0.0000e+00
    274.000    271.238     3.8510     3.8512  32.462908  32.463757    6.51470     2.2251 3.4908e+02    -0.0180     0.0000      98.78    97.0944     0.0816      17338    6.51443    0.00000    34.9011    34.9019         36 0.0000e+00
