Ship_data/Irminger/Irminger-2/ctd/process/OOI/at30_001.ros
* Sea-Bird SBE 9 Data File:
* FileName = C:\data\ctd\at30_001.hex
* Software Version Seasave V 7.21f
* Temperature SN = 2265
* Conductivity SN = 3021
* Number of Bytes Per Scan = 40
* Number of Voltage Words = 5
* Number of Scans Averaged by the Deck Unit = 1
* NMEA Latitude = 42 32.87 N
* NMEA Longitude = 062 35.04 W
* NMEA UTC (Time) = Aug 07 2015  12:39:53
# nquan = 17
# nvalues = 1176                                  
# units = specified
# name 0 = prDM: Pressure, Digiquartz [db]
# name 1 = depSM: Depth [salt water, m]
# name 2 = t090C: Temperature [ITS-90, deg C]
# name 3 = t190C: Temperature, 2 [ITS-90, deg C]
# name 4 = c0mS/cm: Conductivity [mS/cm]
# name 5 = c1mS/cm: Conductivity, 2 [mS/cm]
# name 6 = sbeox0ML/L: Oxygen, SBE 43 [ml/l]
# name 7 = sbeox0V: Oxygen raw, SBE 43 [V]
# name 8 = spar: SPAR/Surface Irradiance
# name 9 = flECO-AFL: Fluorescence, WET Labs ECO-AFL/FL [mg/m^3]
# name 10 = v2: Voltage 2
# name 11 = altM: Altimeter [m]
# name 12 = CStarTr0: Beam Transmission, WET Labs C-Star [%]
# name 13 = turbWETntu0: Turbidity, WET Labs ECO [NTU]
# name 14 = scan: Scan Count
# name 15 = nbf: Bottles Fired
# name 16 = flag:  0.000e+00
# interval = seconds: 0.0416667
# start_time = Aug 07 2015 12:39:53 [NMEA time, header]
# bad_flag = -9.990e-29
*END*
[from data line 511]
   1504.744   1487.498     3.9737     3.9744  33.154988  33.155183    5.76288     1.8112 1.4915e+03    -0.0072     0.0000      98.78    97.5754     0.0707     137433         11  0.000e+00
   1504.753   1487.506     3.9736     3.9744  33.155048  33.155183    5.76291     1.8112 1.4915e+03    -0.0145     0.0000      98.78    97.6016     0.0707     137434         11  0.000e+00
   1504.686   1487.441     3.9734     3.9745  33.154866  33.155068    5.75735     1.8100 1.4915e+03    -0.0145     0.0000      98.78    97.5754     0.0707     137435         11  0.000e+00
   1504.753   1487.506     3.9736     3.9746  33.154927  33.154896    5.76291     1.8112 1.4915e+03    -0.0145     0.0000      98.78    97.6016     0.0707     137436         11  0.000e+00
   1504.811   1487.564     3.9736     3.9744  33.154503  33.154896    5.76298     1.8112 1.4915e+03    -0.0072     0.0000      98.78    97.5754     0.0707     137437         11  0.000e+00
   1504.745   1487.498     3.9736     3.9744  33.154867  33.154896    5.76291     1.8112 1.4915e+03    -0.0072     0.0000      98.78    97.5754     0.0707     137438         11  0.000e+00
   1504.753   1487.506     3.9737     3.9744  33.155048  33.154780    5.76289     1.8112 1.4915e+03    -0.0145     0.0000      98.78    97.6016     0.0707     137439         11  0.000e+00
   1504.811   1487.564     3.9736     3.9744  33.154867  33.154896    5.76296     1.8112 1.4915e+03    -0.0072     0.0000      98.78    97.5754     0.0707     137440         11  0.000e+00
   1504.753   1487.507     3.9736     3.9743  33.154927  33.154896    5.76291     1.8112 1.4915e+03    -0.0072     0.0000      98.78    97.5754     0.0707     137441         11  0.000e+00
   1504.811   1487.564     3.9734     3.9744  33.155170  33.154896    5.76297     1.8112 1.4915e+03    -0.0145     0.0000      98.78    97.6016     0.0707     137442         11  0.000e+00
   1504.753   1487.507     3.9734     3.9746  33.155109  33.155068    5.76292     1.8112 1.4915e+03    -0.0072     0.0000      98.78    97.5754     0.0707     137443         11  0.000e+00
   1504.811   1487.564     3.9736     3.9744  33.155230  33.154608    5.76294     1.8112 1.4915e+03    -0.0145     0.0000      98.78    97.5754     0.0707     137444         11  0.000e+00
   1504.812   1487.564     3.9736     3.9746  33.154685  33.154608    5.75744     1.8100 1.4895e+03    -0.0145     0.0000      98.78    97.5754     0.0707     137445         11  0.000e+00
   1504.812   1487.564     3.9734     3.9745  33.154624  33.154608    5.75746     1.8100 1.4895e+03    -0.0145     0.0000      98.78    97.5754     0.0707     137446         11  0.000e+00
   1504.812   1487.564     3.9737     3.9746  33.154685  33.155356    5.76295     1.8112 1.4895e+03    -0.0145     0.0000      98.78    97.5754     0.0707     137447         11  0.000e+00
   1504.812   1487.564     3.9736     3.9746  33.154927  33.154608    5.76296     1.8112 1.4895e+03    -0.0145     0.0000      98.78    97.5754     0.0707     137448         11  0.000e+00
   1504.812   1487.564     3.9736     3.9746  33.155049  33.154896    5.76295     1.8112 1.4915e+03    -0.0145     0.0000      98.78    97.6016     0.0707     137449         11  0.000e+00
   1504.870   1487.622     3.9734     3.9744  33.155049  33.154896    5.76302     1.8112 1.4915e+03    -0.0145     0.0000      98.78    97.5754     0.0707     137450         11  0.000e+00
   1504.812   1487.564     3.9736     3.9745  33.154867  33.155068    5.76296     1.8112 1.4895e+03    -0.0072     0.0000      98.78    97.5754     0.0707     137451         11  0.000e+00
   1504.812   1487.564     3.9736     3.9746  33.154745  33.155183    5.76297     1.8112 1.4915e+03    -0.0145     0.0000      98.78    97.5754     0.0707     137452         11  0.000e+00
   1504.870   1487.622     3.9736     3.9746  33.155109  33.154896    5.76299     1.8112 1.4915e+03    -0.0072     0.0000      98.78    97.5754     0.0707     137453         11  0.000e+00
   1504.878   1487.630     3.9734     3.9746  33.155291  33.155184    5.76301     1.8112 1.4915e+03    -0.0072     0.0000      98.78    97.5754     0.0707     137454         11  0.000e+00
   1504.870   1487.622     3.9737     3.9744  33.154928  33.155069    5.76298     1.8112 1.4915e+03    -0.0145     0.0000      98.78    97.5493     0.0707     137455         11  0.000e+00
   1504.879   1487.630     3.9736     3.9745  33.154928  33.154608    5.75748     1.8100 1.4915e+03    -0.0145     0.0000      98.78    97.5754     0.0707     137456         11  0.000e+00
   1504.870   1487.622     3.9736     3.9744  33.155231  33.154896    5.76299     1.8112 1.4915e+03    -0.0145     0.0000      98.78    97.5754     0.0707     137457         11  0.000e+00
   1504.937   1487.687     3.9736     3.9744  33.155291  33.154321    5.76304     1.8112 1.4915e+03    -0.0072     0.0000      98.78    97.6016     0.0707     137458         11  0.000e+00
   1504.870   1487.622     3.9736     3.9744  33.154867  33.155069    5.76301     1.8112 1.4915e+03    -0.0072     0.0000      98.78    97.5754     0.0707     137459         11  0.000e+00
   1504.879   1487.630     3.9736     3.9744  33.155170  33.154608    5.76853     1.8125 1.4915e+03    -0.0145     0.0000      98.78    97.6016     0.0707     137460         11  0.000e+00
   1505.134   1487.881     3.9730     3.9736  33.154201  33.154321    5.76886     1.8125 1.5115e+03    -0.0072     0.0000      98.78    97.6016     0.0707     137572         12  0.000e+00
   1505.126   1487.873     3.9726     3.9738  33.154565  33.154149    5.76887     1.8125 1.5115e+03    -0.0072     0.0000      98.78    97.5754     0.0707     137573         12  0.000e+00
   1505.134   1487.882     3.9730     3.9738  33.154565  33.153976    5.76884     1.8125 1.5115e+03    -0.0145     0.0000      98.78    97.5754     0.0707     137574         12  0.000e+00
   1505.126   1487.873     3.9730     3.9738  33.154625  33.154321    5.76883     1.8125 1.5115e+03    -0.0072     0.0000      98.78    97.6016     0.0707     137575         12  0.000e+00
   1505.192   1487.939     3.9728     3.9738  33.154565  33.154609    5.77444     1.8137 1.5135e+03    -0.0145     0.0000      98.78    97.6016     0.0707     137576         12  0.000e+00
   1505.126   1487.874     3.9730     3.9738  33.154383  33.154494    5.76884     1.8125 1.5115e+03    -0.0145     0.0000      98.78    97.5754     0.0707     137577         12  0.000e+00
   1505.192   1487.939     3.9728     3.9737  33.154626  33.154609    5.76890     1.8125 1.5115e+03    -0.0072     0.0000      98.78    97.5754     0.0707     137578         12  0.000e+00
   1505.192   1487.939     3.9730     3.9736  33.154565  33.153688    5.76889     1.8125 1.5115e+03    -0.0145     0.0000      98.78    97.5754     0.0707     137579         12  0.000e+00
   1505.192   1487.939     3.9730     3.9736  33.154868  33.154321    5.76887     1.8125 1.5115e+03    -0.0145     0.0000      98.78    97.6016     0.0707     137580         12  0.000e+00
   1505.192   1487.939     3.9730     3.9736  33.154383  33.154149    5.76890     1.8125 1.5135e+03    -0.0145     0.0000      98.78    97.6016     0.0707     137581         12  0.000e+00
   1505.251   1487.997     3.9730     3.9735  33.154504  33.154322    5.76893     1.8125 1.5115e+03    -0.0145     0.0000      98.78    97.5754     0.0707     137582         12  0.000e+00
   1505.259   1488.005     3.9730     3.9734  33.154686  33.154322    5.76893     1.8125 1.5135e+03    -0.0145     0.0000      98.78    97.6016     0.0707     137583         12  0.000e+00
   1505.193   1487.939     3.9731     3.9733  33.154322  33.153688    5.76889     1.8125 1.5135e+03    -0.0145     0.0000      98.75    97.6016     0.0707     137584         12  0.000e+00
   1505.259   1488.005     3.9728     3.9733  33.154565  33.153976    5.76896     1.8125 1.5135e+03    -0.0145     0.0000      98.78    97.6016     0.0707     137585         12  0.000e+00
   1505.251   1487.997     3.9730     3.9733  33.154323  33.154149    5.76894     1.8125 1.5135e+03    -0.0145     0.0000      98.78    97.6016     0.0707     137586         12  0.000e+00
   1505.259   1488.005     3.9731     3.9731  33.154504  33.153689    5.76893     1.8125 1.5135e+03    -0.0072     0.0000      98.78    97.6016     0.0707     137587         12  0.000e+00
   1505.251   1487.997     3.9730     3.9731  33.154262  33.154322    5.76895     1.8125 1.5135e+03    -0.0145     0.0000      98.78    97.5754     0.0707     137588         12  0.000e+00
   1505.259   1488.005     3.9726     3.9731  33.154323  33.153401    5.76899     1.8125 1.5135e+03    -0.0145     0.0000      98.78    97.5754     0.0707     137589         12  0.000e+00
   1505.251   1487.997     3.9730     3.9733  33.154444  33.154149    5.76894     1.8125 1.5135e+03    -0.0145     0.0000      98.78    97.5754     0.0707     137590         12  0.000e+00
   1505.318   1488.063     3.9728     3.9731  33.154444  33.153977    5.76901     1.8125 1.5156e+03    -0.0145     0.0000      98.78    97.5754     0.0707     137591         12  0.000e+00
   1505.251   1487.997     3.9728     3.9731  33.154565  33.153689    5.76342     1.8112 1.5156e+03    -0.0072     0.0000      98.78    97.6016     0.0707     137592         12  0.000e+00
   1505.318   1488.063     3.9728     3.9730  33.154262  33.153689    5.76902     1.8125 1.5135e+03    -0.0145     0.0000      98.78    97.5754     0.0707     137593         12  0.000e+00
   1505.251   1487.997     3.9728     3.9731  33.154323  33.153861    5.76897     1.8125 1.5156e+03    -0.0145     0.0000      98.78    97.5754     0.0707     137594         12  0.000e+00
   1505.318   1488.063     3.9726     3.9730  33.154262  33.154322    5.76904     1.8125 1.5156e+03    -0.0072     0.0000      98.78    97.5754     0.0707     137595         12  0.000e+00
   1505.251   1487.997     3.9728     3.9731  33.154565  33.153689    5.76895     1.8125 1.5156e+03    -0.0145     0.0000      98.78    97.6016     0.0707     137596         12  0.000e+00
   1505.318   1488.063     3.9728     3.9731  33.154202  33.153977    5.76902     1.8125 1.5156e+03    -0.0072     0.0000      98.78    97.5754     0.0707     137597         12  0.000e+00
   1505.252   1487.997     3.9728     3.9730  33.154323  33.153861    5.76897     1.8125 1.5156e+03    -0.0072     0.0000      98.78    97.5754     0.0707     137598         12  0.000e+00
   1505.318   1488.063     3.9726     3.9728  33.154444  33.153401    5.76903     1.8125 1.5156e+03    -0.0072     0.0000      98.78    97.5754     0.0707     137599         12  0.000e+00
   1505.260   1488.006     3.9726     3.9730  33.154444  33.153976    5.76899     1.8125 1.5176e+03    -0.0145     0.0000      98.78    97.6016     0.0707     137600         12  0.000e+00
   1505.318   1488.063     3.9725     3.9735  33.154262  33.153689    5.76906     1.8125 1.5156e+03    -0.0072     0.0000      98.78    97.5754     0.0707     137601         12  0.000e+00
   1505.194   1487.940     3.9726     3.9736  33.154141  33.154149    5.76895     1.8125 1.5156e+03    -0.0072     0.0000      98.78    97.5754     0.0707     137602         12  0.000e+00
   1505.252   1487.998     3.9726     3.9736  33.154080  33.154322    5.77453     1.8137 1.5176e+03    -0.0145     0.0000      98.78    97.5754     0.0707     137603         12  0.000e+00
   1505.318   1488.063     3.9726     3.9739  33.154080  33.154610    5.76905     1.8125 1.5156e+03    -0.0145     0.0000      98.78    97.5754     0.0707     137604         12  0.000e+00
   1505.252   1487.998     3.9726     3.9742  33.154323  33.154322    5.76899     1.8125 1.5135e+03    -0.0072     0.0000      98.78    97.5754     0.0707     137605         12  0.000e+00
   1505.260   1488.006     3.9726     3.9744  33.154262  33.154494    5.76900     1.8125 1.5176e+03    -0.0145     0.0000      98.78    97.5754     0.0707     137606         12  0.000e+00
   1505.194   1487.941     3.9725     3.9746  33.154141  33.155185    5.76897     1.8125 1.5176e+03    -0.0145     0.0000      98.78    97.5754     0.0707     137607         12  0.000e+00
   1505.260   1488.006     3.9723     3.9746  33.154080  33.154609    5.76904     1.8125 1.5156e+03    -0.0072     0.0000      98.78    97.5754     0.0707     137608         12  0.000e+00
   1505.194   1487.941     3.9725     3.9746  33.153898  33.154897    5.76898     1.8125 1.5156e+03    -0.0145     0.0000      98.78    97.6016     0.0707     137609         12  0.000e+00
   1505.261   1488.006     3.9726     3.9745  33.153838  33.155070    5.76902     1.8125 1.5156e+03    -0.0145     0.0000      98.78    97.5754     0.0707     137610         12  0.000e+00
   1505.194   1487.941     3.9725     3.9747  33.154262  33.154609    5.76897     1.8125 1.5156e+03    -0.0145     0.0000      98.78    97.5754     0.0707     137611         12  0.000e+00
   1505.194   1487.941     3.9725     3.9746  33.154262  33.154897    5.76897     1.8125 1.5176e+03    -0.0072     0.0000      98.78    97.5754     0.0707     137612         12  0.000e+00
   1505.194   1487.941     3.9726     3.9744  33.153838  33.154897    5.76897     1.8125 1.5156e+03    -0.0145     0.0000      98.78    97.5754     0.0707     137613         12  0.000e+00
   1505.194   1487.941     3.9726     3.9746  33.153777  33.155357    5.76897     1.8125 1.5156e+03    -0.0072     0.0000      98.78    97.5493     0.0707     137614         12  0.000e+00
   1505.128   1487.876     3.9723     3.9748  33.154019  33.155184    5.76895     1.8125 1.5156e+03    -0.0145     0.0000      98.78    97.5493     0.0707     137615         12  0.000e+00
   1505.136   1487.884     3.9726     3.9746  33.153716  33.154897    5.76893     1.8125 1.5156e+03    -0.0145     0.0000      98.78    97.5754     0.0707     137616         12  0.000e+00
   1505.128   1487.876     3.9726     3.9746  33.153959  33.154897    5.76891     1.8125 1.5176e+03    -0.0145     0.0000      98.78    97.5754     0.0707     137617         12  0.000e+00
   1505.194   1487.941     3.9726     3.9747  33.153595  33.155070    5.76898     1.8125 1.5156e+03    -0.0072     0.0000      98.78    97.5754     0.0707     137618         12  0.000e+00
   1505.070   1487.819     3.9725     3.9744  33.153958  33.154609    5.76889     1.8125 1.5176e+03    -0.0145     0.0000      98.78    97.5754     0.0707     137619         12  0.000e+00
   1505.128   1487.876     3.9725     3.9745  33.154322  33.154897    5.76891     1.8125 1.5176e+03    -0.0072     0.0000      98.78    97.6016     0.0707     137620         12  0.000e+00
      3.733      3.704    21.3750    21.3771  45.517919  45.520168    5.04883     2.4690 1.5536e+03    -0.0072     0.0000      98.75    95.4303     0.0707     182148         13  0.000e+00
      3.741      3.712    21.3751    21.3768  45.518676  45.520169    5.04881     2.4690 1.5536e+03    -0.0145     0.0000      98.75    95.4042     0.0707     182149         13  0.000e+00
      3.668      3.639    21.3759    21.3768  45.519019  45.519385    5.04870     2.4690 1.5536e+03    -0.0072     0.0000      98.75    95.4042     0.0707     182150         13  0.000e+00
      3.668      3.639    21.3764    21.3766  45.519707  45.519385    5.04865     2.4690 1.5536e+03    -0.0072     0.0000      98.75    95.4042     0.0707     182151         13  0.000e+00
      3.684      3.655    21.3762    21.3764  45.519776  45.518602    5.04867     2.4690 1.5556e+03    -0.0072     0.0000      98.75    95.4042     0.0707     182152         13  0.000e+00
      3.668      3.639    21.3756    21.3766  45.519088  45.519777    5.04871     2.4690 1.5536e+03    -0.0072     0.0000      98.75    95.3780     0.0707     182153         13  0.000e+00
      3.611      3.583    21.3750    21.3764  45.518056  45.518993    5.04875     2.4690 1.5536e+03    -0.0072     0.0000      98.75    95.3780     0.0707     182154         13  0.000e+00
