Ship_data/Irminger/Irminger-2/ctd/process/OOI/at30_013.cnv
* Sea-Bird SBE 9 Data File:
* FileName = C:\data\ctd\at30_013.hex
* Software Version Seasave V 7.21f
* Temperature SN = 2265
* Conductivity SN = 3021
* Number of Bytes Per Scan = 40
* Number of Voltage Words = 5
* Number of Scans Averaged by the Deck Unit = 1
* NMEA Latitude = 59 53.87 N
* NMEA Longitude = 039 34.33 W
* NMEA UTC (Time) = Aug 23 2015  21:20:25
** cal / val for SUMO 2
# nquan = 21
# nvalues = 1518                        
# units = specified
# name 0 = prDM: Pressure, Digiquartz [db]
# name 1 = depSM: Depth [salt water, m]
# name 2 = t090C: Temperature [ITS-90, deg C]
# name 3 = t190C: Temperature, 2 [ITS-90, deg C]
# name 4 = c0mS/cm: Conductivity [mS/cm]
# name 5 = c1mS/cm: Conductivity, 2 [mS/cm]
# name 6 = sbeox0ML/L: Oxygen, SBE 43 [ml/l]
# name 7 = sbeox0V: Oxygen raw, SBE 43 [V]
# name 8 = spar: SPAR/Surface Irradiance
# name 9 = flECO-AFL: Fluorescence, WET Labs ECO-AFL/FL [mg/m^3]
# name 10 = v2: Voltage 2
# name 11 = altM: Altimeter [m]
# name 12 = CStarTr0: Beam Transmission, WET Labs C-Star [%]
# name 13 = turbWETntu0: Turbidity, WET Labs ECO [NTU]
# name 14 = scan: Scan Count
# name 15 = sbeox0ML/L: Oxygen, SBE 43 [ml/l], WS = 2
# name 16 = sbeox0dOV/dT: Oxygen, SBE 43 [dov/dt], WS = 2
# name 17 = sal00: Salinity, Practical [PSU]
# name 18 = sal11: Salinity, Practical, 2 [PSU]
# name 19 = nbin: number of scans per bin
# name 20 = flag: flag
# span 0 =      4.000,   1522.000       
# span 1 =      3.962,   1502.178       
# span 2 =     3.4552,     8.4887       
# span 3 =     3.4559,     8.4894       
# span 4 =  32.479080,  36.568755       
# span 5 =  32.478967,  36.568745       
# span 6 =    5.99380,    6.79375       
# span 7 =     1.8586,     2.5253       
# span 8 = 2.2200e+01, 5.8266e+01       
# span 9 =    -0.0722,     1.8007       
# span 10 =     0.0000,     0.0000      
# span 11 =      82.64,      99.66      
# span 12 =    93.3670,    97.7997      
# span 13 =     0.0665,     0.1311      
# span 14 =       1571,     111666      
# span 15 =    5.99416,    6.79388      
# span 16 =    0.00000,    0.00000      
# span 17 =    34.8358,    35.0267      
# span 18 =    34.8357,    35.0272      
# span 19 =         26,        134      
# span 20 = 0.0000e+00, 0.0000e+00      
# interval = decibars: 2                
# start_time = Aug 23 2015 21:20:25 [NMEA time, header]
# bad_flag = -9.990e-29
*END*
[from data line 69]
    144.000    142.594     4.8514     4.8469  33.374434  33.370967    6.34489     2.2555 5.7895e+01    -0.0513     0.0000      98.71    97.5464     0.0764      10027    6.34405    0.00000    34.9853    34.9860         84 0.0000e+00
    146.000    144.573     4.8184     4.8182  33.343626  33.343836    6.35004     2.2550 5.7957e+01    -0.0543     0.0000      98.71    97.5605     0.0749      10103    6.34971    0.00000    34.9831    34.9836         68 0.0000e+00
    148.000    146.553     4.8112     4.8113  33.338019  33.338106    6.34886     2.2540 5.7851e+01    -0.0504     0.0000      98.71    97.5631     0.0738      10187    6.34881    0.00000    34.9831    34.9831         92 0.0000e+00
    150.000    148.533     4.8186     4.8188  33.347559  33.347775    6.34662     2.2533 5.8059e+01    -0.0550     0.0000      98.71    97.5605     0.0721      10318    6.34652    0.00000    34.9853    34.9854         73 0.0000e+00
    152.000    150.513     4.8080     4.8086  33.338318  33.339686    6.34904     2.2530 5.8266e+01    -0.0570     0.0000      98.71    97.5324     0.0744      10388    6.34893    0.00000    34.9847    34.9857         59 0.0000e+00
    154.000    152.492     4.7877     4.7752  33.318655  33.307022    6.34171     2.2496 5.8171e+01    -0.0519     0.0000      98.71    97.5729     0.0743      10482    6.34156    0.00000    34.9821    34.9817        118 0.0000e+00
    156.000    154.472     4.7491     4.7482  33.281414  33.280542    6.35251     2.2503 5.8157e+01    -0.0516     0.0000      98.71    97.5781     0.0753      10594    6.35231    0.00000    34.9783    34.9782         96 0.0000e+00
    158.000    156.452     4.7316     4.7311  33.264655  33.264587    6.35561     2.2498 5.8202e+01    -0.0494     0.0000      98.71    97.5800     0.0742      10688    6.35539    0.00000    34.9761    34.9765         92 0.0000e+00
    160.000    158.431     4.7187     4.7189  33.252958  33.253420    6.35828     2.2493 5.8083e+01    -0.0556     0.0000      98.71    97.5819     0.0762      10767    6.35690    0.00000    34.9749    34.9752         71 0.0000e+00
    162.000    160.411     4.7049     4.7031  33.240442  33.239279    6.36242     2.2496 5.8157e+01    -0.0614     0.0000      98.71    97.5827     0.0752      10883    6.36221    0.00000    34.9738    34.9743         94 0.0000e+00
    164.000    162.391     4.6744     4.6737  33.211666  33.211037    6.36516     2.2485 5.8164e+01    -0.0550     0.0000      98.71    97.5781     0.0734      10978    6.36502    0.00000    34.9713    34.9713         73 0.0000e+00
    166.000    164.370     4.6798     4.6786  33.217637  33.216578    6.35988     2.2469 5.8253e+01    -0.0526     0.0000      98.71    97.5883     0.0772      11057    6.35999    0.00000    34.9715    34.9715         84 0.0000e+00
    168.000    166.350     4.6780     4.6771  33.216992  33.216158    6.36263     2.2469 5.8242e+01    -0.0531     0.0000      98.71    97.5864     0.0735      11187    6.36195    0.00000    34.9716    34.9716         94 0.0000e+00
    170.000    168.329     4.6794     4.6793  33.220317  33.220350    6.36453     2.2472 5.8135e+01    -0.0576     0.0000      98.71    97.5823     0.0746      11257    6.36439    0.00000    34.9729    34.9731         62 0.0000e+00
    172.000    170.309     4.6738     4.6722  33.215586  33.214294    6.35969     2.2451 5.8136e+01    -0.0535     0.0000      98.71    97.5884     0.0764      11353    6.35947    0.00000    34.9722    34.9724         90 0.0000e+00
    174.000    172.288     4.6642     4.6636  33.208022  33.207670    6.35705     2.2435 5.8196e+01    -0.0499     0.0000      98.71    97.5885     0.0727      11463    6.35680    0.00000    34.9724    34.9726         97 0.0000e+00
    176.000    174.268     4.6542     4.6535  33.199365  33.198771    6.35624     2.2424 5.8205e+01    -0.0467     0.0000      98.71    97.6020     0.0738      11562    6.35599    0.00000    34.9718    34.9719         87 0.0000e+00
    178.000    176.247     4.6467     4.6465  33.192954  33.193139    6.35696     2.2418 5.8249e+01    -0.0479     0.0000      98.71    97.6067     0.0744      11639    6.35674    0.00000    34.9712    34.9715         71 0.0000e+00
    180.000    178.227     4.6326     4.6307  33.179829  33.178377    6.35787     2.2410 5.8182e+01    -0.0531     0.0000      98.71    97.6016     0.0732      11737    6.35769    0.00000    34.9696    34.9699         88 0.0000e+00
    182.000    180.206     4.6119     4.6124  33.160532  33.161760    6.36095     2.2404 5.8172e+01    -0.0563     0.0000      98.71    97.5913     0.0758      11879    6.36080    0.00000    34.9678    34.9687         55 0.0000e+00
    184.000    182.186     4.5970     4.5971  33.147122  33.147449    6.36623     2.2407 5.8137e+01    -0.0486     0.0000      98.71    97.5915     0.0757      11921    6.36605    0.00000    34.9667    34.9671         45 0.0000e+00
    186.000    184.165     4.5948     4.5958  33.146188  33.147359    6.36544     2.2399 5.8007e+01    -0.0501     0.0000      98.71    97.5967     0.0761      12025    6.36501    0.00000    34.9670    34.9672         78 0.0000e+00
    188.000    186.144     4.5915     4.5920  33.144286  33.144972    6.36913     2.2403 5.8131e+01    -0.0442     0.0000      98.71    97.6076     0.0729      12142    6.36889    0.00000    34.9671    34.9674         64 0.0000e+00
    190.000    188.124     4.5834     4.5837  33.137499  33.137911    6.36244     2.2378 5.8108e+01    -0.0528     0.0000      98.71    97.6065     0.0760      12218    6.36239    0.00000    34.9666    34.9668         75 0.0000e+00
    192.000    190.103     4.5684     4.5690  33.123712  33.124698    6.36091     2.2362 5.8059e+01    -0.0520     0.0000      98.71    97.6083     0.0739      12327    6.36067    0.00000    34.9652    34.9658         79 0.0000e+00
    194.000    192.082     4.5608     4.5607  33.117399  33.117627    6.36286     2.2359 5.7849e+01    -0.0542     0.0000      98.71    97.6022     0.0765      12419    6.36254    0.00000    34.9649    34.9652         55 0.0000e+00
    196.000    194.062     4.5585     4.5561  33.115968  33.113760    6.36052     2.2347 5.7723e+01    -0.0606     0.0000      98.71    97.6078     0.0750      12508    6.36013    0.00000    34.9645    34.9645        125 0.0000e+00
    198.000    196.041     4.5506     4.5492  33.109350  33.108189    6.36445     2.2350 5.7855e+01    -0.0577     0.0000      98.71    97.6085     0.0741      12626    6.36423    0.00000    34.9640    34.9641         90 0.0000e+00
    200.000    198.020     4.5423     4.5424  33.102186  33.102498    6.36782     2.2350 5.7430e+01    -0.0530     0.0000      98.71    97.6227     0.0747      12706    6.36760    0.00000    34.9634    34.9636         85 0.0000e+00
    202.000    199.999     4.5319     4.5289  33.092700  33.090226    6.36809     2.2342 5.7548e+01    -0.0569     0.0000      98.71    97.6173     0.0721      12799    6.36785    0.00000    34.9622    34.9624        110 0.0000e+00
    204.000    201.978     4.5170     4.5154  33.079148  33.077736    6.36841     2.2331 5.7112e+01    -0.0594     0.0000      98.71    97.6106     0.0756      12910    6.36815    0.00000    34.9609    34.9609        102 0.0000e+00
    206.000    203.958     4.5113     4.5113  33.074599  33.074735    6.37253     2.2335 5.6965e+01    -0.0539     0.0000      98.71    97.6359     0.0738      12991    6.37226    0.00000    34.9605    34.9607         55 0.0000e+00
    208.000    205.937     4.5076     4.5076  33.071881  33.072163    6.37407     2.2333 5.7080e+01    -0.0518     0.0000      98.71    97.6127     0.0725      13044    6.37377    0.00000    34.9602    34.9605         63 0.0000e+00
    210.000    207.916     4.4942     4.4944  33.059552  33.060323    6.37439     2.2323 5.7027e+01    -0.0549     0.0000      98.71    97.6161     0.0749      13111    6.37415    0.00000    34.9588    34.9595         58 0.0000e+00
    212.000    209.895     4.4863     4.4861  33.052761  33.052782    6.37901     2.2327 5.7012e+01    -0.0555     0.0000      98.72    97.6266     0.0766      13156    6.37873    0.00000    34.9581    34.9583         41 0.0000e+00
    214.000    211.874     4.4833     4.4832  33.050623  33.050627    6.37681     2.2315 5.6682e+01    -0.0513     0.0000      98.71    97.6106     0.0747      13205    6.37626    0.00000    34.9576    34.9578         60 0.0000e+00
    216.000    213.853     4.4798     4.4796  33.048008  33.048011    6.37616     2.2310 5.6682e+01    -0.0487     0.0000      98.71    97.6139     0.0739      13272    6.37653    0.00000    34.9573    34.9574         62 0.0000e+00
    218.000    215.832     4.4757     4.4756  33.045038  33.045140    6.37873     2.2309 5.6488e+01    -0.0566     0.0000      98.72    97.6233     0.0808      13320    6.37853    0.00000    34.9570    34.9572         39 0.0000e+00
    220.000    217.812     4.4648     4.4644  33.035017  33.036220    6.37927     2.2301 5.6703e+01    -0.0585     0.0000      98.72    97.6146     0.0727      13356    6.37913    0.00000    34.9558    34.9575         35 0.0000e+00
    222.000    219.790     4.4370     4.4364  33.008648  33.008944    6.38073     2.2288 5.6383e+01    -0.0530     0.0000      98.72    97.6102     0.0710      13393    6.38067    0.00000    34.9530    34.9541         42 0.0000e+00
    224.000    221.770     4.4145     4.4145  32.987348  32.987593    6.38389     2.2281 5.6430e+01    -0.0466     0.0000      98.72    97.5989     0.0772      13448    6.38390    0.00000    34.9508    34.9510         67 0.0000e+00
    226.000    223.748     4.3975     4.3982  32.972163  32.973201    6.39105     2.2287 5.6314e+01    -0.0509     0.0000      98.72    97.6132     0.0759      13512    6.39062    0.00000    34.9498    34.9503         54 0.0000e+00
    228.000    225.728     4.3835     4.3848  32.959690  32.961293    6.39398     2.2286 5.6133e+01    -0.0514     0.0000      98.72    97.6140     0.0731      13558    6.39426    0.00000    34.9489    34.9494         43 0.0000e+00
    230.000    227.707     4.3791     4.3791  32.956490  32.956477    6.39419     2.2279 5.6218e+01    -0.0548     0.0000      98.72    97.6151     0.0732      13603    6.39419    0.00000    34.9487    34.9487         47 0.0000e+00
    232.000    229.686     4.3783     4.3784  32.956647  32.956903    6.39428     2.2274 5.6085e+01    -0.0553     0.0000      98.71    97.6039     0.0754      13648    6.39407    0.00000    34.9487    34.9489         43 0.0000e+00
    234.000    231.665     4.3693     4.3694  32.949027  32.949523    6.39395     2.2266 5.6045e+01    -0.0564     0.0000      98.72    97.6176     0.0751      13692    6.39438    0.00000    34.9481    34.9486         46 0.0000e+00
    236.000    233.643     4.3648     4.3648  32.945518  32.945721    6.39128     2.2251 5.6095e+01    -0.0634     0.0000      98.72    97.6242     0.0739      13742    6.39107    0.00000    34.9477    34.9480         54 0.0000e+00
    238.000    235.622     4.3600     4.3598  32.941767  32.941962    6.39799     2.2263 5.6013e+01    -0.0583     0.0000      98.72    97.6246     0.0718      13795    6.39799    0.00000    34.9473    34.9478         51 0.0000e+00
    240.000    237.601     4.3530     4.3529  32.935993  32.936051    6.39717     2.2252 5.6004e+01    -0.0512     0.0000      98.71    97.6198     0.0731      13844    6.39697    0.00000    34.9468    34.9470         47 0.0000e+00
    242.000    239.580     4.3484     4.3485  32.932322  32.932652    6.39829     2.2249 5.5939e+01    -0.0546     0.0000      98.72    97.6134     0.0741      13894    6.39802    0.00000    34.9463    34.9466         52 0.0000e+00
    244.000    241.559     4.3386     4.3382  32.923748  32.923788    6.39903     2.2242 5.5772e+01    -0.0548     0.0000      98.72    97.6270     0.0766      13943    6.39879    0.00000    34.9455    34.9460         45 0.0000e+00
    246.000    243.538     4.3314     4.3314  32.917600  32.917823    6.39517     2.2224 5.5747e+01    -0.0557     0.0000      98.71    97.6259     0.0788      13989    6.39504    0.00000    34.9449    34.9451         52 0.0000e+00
    248.000    245.516     4.3236     4.3235  32.911002  32.911380    6.39562     2.2217 5.5537e+01    -0.0586     0.0000      98.72    97.6289     0.0754      14043    6.39553    0.00000    34.9443    34.9448         48 0.0000e+00
    250.000    247.495     4.3093     4.3091  32.898014  32.898656    6.40318     2.2226 5.5778e+01    -0.0555     0.0000      98.72    97.6315     0.0747      14081    6.40303    0.00000    34.9430    34.9439         34 0.0000e+00
    252.000    249.474     4.2861     4.2866  32.876329  32.877471    6.40474     2.2215 5.5208e+01    -0.0627     0.0000      98.71    97.6258     0.0732      14120    6.40466    0.00000    34.9409    34.9418         48 0.0000e+00
    254.000    251.453     4.2802     4.2730  32.870980  32.864613    6.40435     2.2207 5.5408e+01    -0.0498     0.0000      98.72    97.6331     0.0735      14188    6.40429    0.00000    34.9398    34.9399         73 0.0000e+00
    256.000    253.431     4.2723     4.2724  32.864685  32.864981    6.41099     2.2216 5.4900e+01    -0.0510     0.0000      98.72    97.6272     0.0745      14241    6.41086    0.00000    34.9397    34.9399         41 0.0000e+00
    258.000    255.410     4.2695     4.2695  32.862963  32.863141    6.40780     2.2202 5.4938e+01    -0.0444     0.0000      98.72    97.6241     0.0731      14281    6.40775    0.00000    34.9395    34.9398         42 0.0000e+00
    260.000    257.389     4.2687     4.2688  32.863221  32.863454    6.40842     2.2199 5.5012e+01    -0.0525     0.0000      98.72    97.6293     0.0731      14324    6.40838    0.00000    34.9396    34.9398         43 0.0000e+00
    262.000    259.367     4.2666     4.2669  32.862131  32.862646    6.40572     2.2187 5.4670e+01    -0.0476     0.0000      98.72    97.6198     0.0742      14369    6.40563    0.00000    34.9395    34.9398         48 0.0000e+00
    264.000    261.346     4.2662     4.2662  32.862704  32.862847    6.40761     2.2187 5.4552e+01    -0.0524     0.0000      98.72    97.6308     0.0749      14419    6.40749    0.00000    34.9395    34.9397         52 0.0000e+00
    266.000    263.325     4.2653     4.2653  32.862725  32.862834    6.40835     2.2184 5.4369e+01    -0.0520     0.0000      98.72    97.6280     0.0767      14475    6.40821    0.00000    34.9394    34.9396         57 0.0000e+00
    268.000    265.303     4.2645     4.2641  32.862851  32.862887    6.40936     2.2182 5.4447e+01    -0.0583     0.0000      98.72    97.6359     0.0769      14525    6.40918    0.00000    34.9394    34.9398         44 0.0000e+00
    270.000    267.282     4.2600     4.2588  32.859395  32.858476    6.40842     2.2173 5.4338e+01    -0.0630     0.0000      98.72    97.6225     0.0748      14574    6.40824    0.00000    34.9390    34.9391         58 0.0000e+00
    272.000    269.260     4.2513     4.2517  32.852059  32.852861    6.41068     2.2171 5.4317e+01    -0.0575     0.0000      98.72    97.6139     0.0720      14629    6.41055    0.00000    34.9385    34.9390         42 0.0000e+00
    274.000    271.239     4.2472     4.2470  32.849120  32.849130    6.41265     2.2170 5.4126e+01    -0.0547     0.0000      98.72    97.6411     0.0753      14663    6.41249    0.00000    34.9383    34.9385         33 0.0000e+00
    276.000    273.218     4.2439     4.2440  32.846653  32.847044    6.40958     2.2156 5.4206e+01    -0.0650     0.0000      98.72    97.6309     0.0763      14702    6.40955    0.00000    34.9378    34.9381         49 0.0000e+00
    278.000    275.196     4.2436     4.2439  32.847311  32.847620    6.40972     2.2152 5.4066e+01    -0.0508     0.0000      98.72    97.6278     0.0750      14757    6.40981    0.00000    34.9378    34.9378         61 0.0000e+00
