Ship_data/Irminger/Irminger-2/ctd/process/OOI/at30_007.ros
* Sea-Bird SBE 9 Data File:
* FileName = C:\data\ctd\at30_007.hex
* Software Version Seasave V 7.21f
* Temperature SN = 2265
* Conductivity SN = 3021
* Number of Bytes Per Scan = 40
* Number of Voltage Words = 5
* Number of Scans Averaged by the Deck Unit = 1
* NMEA Latitude = 59 46.29 N
* NMEA Longitude = 039 52.92 W
* NMEA UTC (Time) = Aug 17 2015  23:01:49
** Site of FLMA 2015 -- need to confirm bottom depth
# nquan = 17
# nvalues = 1176                                  
# units = specified
# name 0 = prDM: Pressure, Digiquartz [db]
# name 1 = depSM: Depth [salt water, m]
# name 2 = t090C: Temperature [ITS-90, deg C]
# name 3 = t190C: Temperature, 2 [ITS-90, deg C]
# name 4 = c0mS/cm: Conductivity [mS/cm]
# name 5 = c1mS/cm: Conductivity, 2 [mS/cm]
# name 6 = sbeox0ML/L: Oxygen, SBE 43 [ml/l]
# name 7 = sbeox0V: Oxygen raw, SBE 43 [V]
# name 8 = spar: SPAR/Surface Irradiance
# name 9 = flECO-AFL: Fluorescence, WET Labs ECO-AFL/FL [mg/m^3]
# name 10 = v2: Voltage 2
# name 11 = altM: Altimeter [m]
# name 12 = CStarTr0: Beam Transmission, WET Labs C-Star [%]
# name 13 = turbWETntu0: Turbidity, WET Labs ECO [NTU]
# name 14 = scan: Scan Count
# name 15 = nbf: Bottles Fired
# name 16 = flag:  0.000e+00
# interval = seconds: 0.0416667
# start_time = Aug 17 2015 23:01:49 [NMEA time, header]
# bad_flag = -9.990e-29
*END*
[from data line 341]
    587.593    581.238     3.6691     3.6693  32.432938  32.433640    6.64364     2.1811 2.2052e+01    -0.0219     0.0000      98.78    97.6800     0.0755     131273          7  0.000e+00
    587.519    581.166     3.6691     3.6693  32.433118  32.433355    6.64356     2.1811 2.2052e+01    -0.0219     0.0000      98.78    97.7062     0.0755     131274          7  0.000e+00
    577.172    570.945     3.6725     3.6718  32.431883  32.430925    6.64349     2.1835 2.2052e+01    -0.0219     0.0000      98.78    97.7062     0.0755     131536          8  0.000e+00
    577.172    570.945     3.6726     3.6717  32.431763  32.431268    6.64348     2.1835 2.2052e+01    -0.0219     0.0000      98.78    97.7062     0.0755     131537          8  0.000e+00
    577.115    570.888     3.6726     3.6719  32.431763  32.431039    6.64343     2.1835 2.2052e+01    -0.0219     0.0000      98.78    97.7062     0.0755     131538          8  0.000e+00
    577.115    570.888     3.6728     3.6721  32.431943  32.430925    6.64339     2.1835 2.2052e+01    -0.0292     0.0000      98.78    97.7324     0.0755     131539          8  0.000e+00
    577.049    570.823     3.6726     3.6722  32.431643  32.430640    6.64337     2.1835 2.2052e+01    -0.0292     0.0000      98.78    97.7324     0.0755     131540          8  0.000e+00
    576.935    570.710     3.6728     3.6724  32.431462  32.430639    6.64326     2.1835 2.2052e+01    -0.0219     0.0000      98.78    97.7324     0.0755     131541          8  0.000e+00
    576.935    570.710     3.6726     3.6722  32.431642  32.431267    6.64818     2.1847 2.2052e+01    -0.0219     0.0000      98.78    97.7324     0.0755     131542          8  0.000e+00
    576.869    570.646     3.6726     3.6724  32.431582  32.431324    6.64321     2.1835 2.2052e+01    -0.0219     0.0000      98.78    97.7062     0.0755     131543          8  0.000e+00
    576.747    570.524     3.6726     3.6720  32.431461  32.431552    6.64802     2.1847 2.2052e+01    -0.0219     0.0000      98.78    97.7062     0.0755     131544          8  0.000e+00
    576.747    570.524     3.6725     3.6721  32.431642  32.431266    6.64802     2.1847 2.2052e+01    -0.0219     0.0000      98.78    97.7062     0.0755     131545          8  0.000e+00
    576.747    570.524     3.6726     3.6721  32.431762  32.430639    6.64309     2.1835 2.2052e+01    -0.0219     0.0000      98.78    97.7324     0.0755     131546          8  0.000e+00
    576.632    570.411     3.6725     3.6717  32.431581  32.431266    6.64301     2.1835 2.2052e+01    -0.0219     0.0000      98.78    97.7062     0.0755     131547          8  0.000e+00
    576.567    570.347     3.6728     3.6718  32.431280  32.430752    6.64293     2.1835 2.2052e+01    -0.0219     0.0000      98.78    97.7324     0.0755     131548          8  0.000e+00
    576.567    570.347     3.6726     3.6717  32.431340  32.430923    6.64295     2.1835 2.2052e+01    -0.0219     0.0000      98.75    97.7324     0.0755     131549          8  0.000e+00
    576.509    570.290     3.6728     3.6721  32.431641  32.430353    6.64286     2.1835 2.0047e+01    -0.0219     0.0000      98.78    97.7324     0.0755     131550          8  0.000e+00
    576.387    570.169     3.6728     3.6719  32.431761  32.430638    6.64274     2.1835 2.2052e+01    -0.0219     0.0000      98.78    97.7324     0.0755     131551          8  0.000e+00
    576.387    570.169     3.6726     3.6720  32.431340  32.431265    6.64279     2.1835 2.2052e+01    -0.0219     0.0000      98.78    97.7324     0.0755     131552          8  0.000e+00
    576.329    570.112     3.6729     3.6719  32.431159  32.431037    6.64270     2.1835 2.2052e+01    -0.0219     0.0000      98.78    97.7324     0.0755     131553          8  0.000e+00
    576.264    570.048     3.6726     3.6721  32.431340  32.430637    6.64267     2.1835 2.2052e+01    -0.0219     0.0000      98.78    97.7062     0.0755     131554          8  0.000e+00
    576.264    570.048     3.6726     3.6721  32.431460  32.430923    6.64267     2.1835 2.2052e+01    -0.0219     0.0000      98.78    97.7062     0.0755     131555          8  0.000e+00
    576.141    569.926     3.6728     3.6722  32.431459  32.430637    6.64253     2.1835 2.2052e+01    -0.0219     0.0000      98.78    97.7324     0.0755     131556          8  0.000e+00
    576.084    569.870     3.6728     3.6722  32.431880  32.430922    6.64246     2.1835 2.2052e+01    -0.0292     0.0000      98.75    97.7062     0.0755     131557          8  0.000e+00
    576.084    569.870     3.6729     3.6725  32.431399  32.431036    6.64246     2.1835 2.2052e+01    -0.0219     0.0000      98.78    97.7062     0.0755     131558          8  0.000e+00
    576.027    569.813     3.6728     3.6725  32.431158  32.430922    6.64244     2.1835 2.2052e+01    -0.0219     0.0000      98.78    97.7062     0.0755     131559          8  0.000e+00
    575.961    569.749     3.6729     3.6725  32.431579  32.431264    6.64234     2.1835 2.2052e+01    -0.0292     0.0000      98.78    97.7062     0.0755     131560          8  0.000e+00
    575.838    569.627     3.6729     3.6725  32.431759  32.430921    6.64222     2.1835 2.2052e+01    -0.0219     0.0000      98.78    97.6800     0.0755     131561          8  0.000e+00
    575.904    569.692     3.6731     3.6724  32.431579  32.431264    6.64226     2.1835 2.2052e+01    -0.0219     0.0000      98.78    97.6800     0.0755     131562          8  0.000e+00
    575.781    569.571     3.6731     3.6726  32.431458  32.431035    6.64707     2.1847 2.2052e+01    -0.0219     0.0000      98.75    97.7062     0.0755     131563          8  0.000e+00
    575.724    569.514     3.6731     3.6727  32.431458  32.431263    6.64211     2.1835 2.2052e+01    -0.0219     0.0000      98.78    97.7062     0.0755     131564          8  0.000e+00
    575.724    569.514     3.6729     3.6725  32.431278  32.431549    6.64214     2.1835 2.2052e+01    -0.0219     0.0000      98.78    97.7324     0.0755     131565          8  0.000e+00
    575.658    569.450     3.6731     3.6730  32.431157  32.430921    6.64206     2.1835 2.2052e+01    -0.0219     0.0000      98.78    97.7324     0.0755     131566          8  0.000e+00
    575.536    569.328     3.6729     3.6730  32.431157  32.431263    6.64688     2.1847 2.2052e+01    -0.0219     0.0000      98.78    97.7062     0.0755     131567          8  0.000e+00
    575.601    569.393     3.6731     3.6730  32.431157  32.431320    6.64692     2.1847 2.2052e+01    -0.0219     0.0000      98.78    97.7062     0.0755     131568          8  0.000e+00
    575.413    569.207     3.6729     3.6733  32.431157  32.431547    6.64677     2.1847 2.2052e+01    -0.0219     0.0000      98.78    97.7062     0.0755     131569          8  0.000e+00
    575.479    569.272     3.6729     3.6730  32.430976  32.431833    6.64684     2.1847 2.2052e+01    -0.0219     0.0000      98.78    97.7062     0.0755     131570          8  0.000e+00
    575.356    569.151     3.6729     3.6730  32.431277  32.431262    6.64671     2.1847 2.0047e+01    -0.0219     0.0000      98.78    97.7062     0.0755     131571          8  0.000e+00
    575.298    569.094     3.6728     3.6733  32.431276  32.431262    6.64668     2.1847 2.2052e+01    -0.0219     0.0000      98.78    97.7062     0.0755     131572          8  0.000e+00
    575.299    569.094     3.6729     3.6732  32.431156  32.431034    6.64666     2.1847 2.2052e+01    -0.0292     0.0000      98.78    97.7062     0.0755     131573          8  0.000e+00
    575.233    569.029     3.6731     3.6733  32.430976  32.431547    6.64659     2.1847 2.2052e+01    -0.0219     0.0000      98.78    97.7062     0.0755     131574          8  0.000e+00
    575.176    568.973     3.6729     3.6731  32.431036  32.431547    6.64656     2.1847 2.2052e+01    -0.0219     0.0000      98.78    97.7062     0.0755     131575          8  0.000e+00
    575.176    568.973     3.6728     3.6730  32.430735  32.430919    6.65150     2.1860 2.2052e+01    -0.0219     0.0000      98.78    97.7062     0.0755     131576          8  0.000e+00
    575.053    568.852     3.6728     3.6730  32.430735  32.430919    6.64649     2.1847 2.2052e+01    -0.0219     0.0000      98.78    97.7062     0.0755     131577          8  0.000e+00
    575.053    568.852     3.6728     3.6730  32.430855  32.431033    6.64648     2.1847 2.2052e+01    -0.0219     0.0000      98.78    97.7324     0.0755     131578          8  0.000e+00
    574.996    568.795     3.6728     3.6730  32.431035  32.431261    6.65132     2.1859 2.2052e+01    -0.0219     0.0000      98.78    97.7062     0.0755     131579          8  0.000e+00
    574.930    568.730     3.6728     3.6728  32.431155  32.431261    6.64635     2.1847 2.2052e+01    -0.0219     0.0000      98.78    97.7062     0.0755     131580          8  0.000e+00
    574.930    568.730     3.6729     3.6727  32.430975  32.431261    6.64634     2.1847 2.2052e+01    -0.0219     0.0000      98.78    97.7062     0.0755     131581          8  0.000e+00
    574.816    568.617     3.6728     3.6725  32.430854  32.430347    6.65117     2.1859 2.2052e+01    -0.0219     0.0000      98.78    97.7062     0.0755     131582          8  0.000e+00
    574.816    568.617     3.6726     3.6726  32.431275  32.431032    6.65117     2.1859 2.2052e+01    -0.0219     0.0000      98.78    97.7062     0.0755     131583          8  0.000e+00
    574.750    568.553     3.6726     3.6724  32.431034  32.430632    6.65112     2.1859 2.2052e+01    -0.0219     0.0000      98.78    97.7062     0.0755     131584          8  0.000e+00
    565.065    558.985     3.6736     3.6737  32.427759  32.427920    6.64226     2.1859 2.2052e+01    -0.0219     0.0000      98.78    97.7062     0.0755     131826          9  0.000e+00
    565.065    558.985     3.6736     3.6735  32.427458  32.427920    6.64228     2.1859 2.2052e+01    -0.0292     0.0000      98.78    97.7062     0.0755     131827          9  0.000e+00
    565.000    558.920     3.6737     3.6735  32.427278  32.427920    6.64221     2.1859 2.2052e+01    -0.0219     0.0000      98.78    97.7062     0.0755     131828          9  0.000e+00
    565.000    558.920     3.6736     3.6735  32.427458  32.427635    6.64222     2.1859 2.2052e+01    -0.0219     0.0000      98.78    97.7324     0.0755     131829          9  0.000e+00
    564.885    558.807     3.6737     3.6734  32.427578  32.427634    6.64209     2.1859 2.2052e+01    -0.0219     0.0000      98.78    97.7062     0.0755     131830          9  0.000e+00
    564.942    558.864     3.6736     3.6736  32.427157  32.427463    6.64218     2.1859 2.2052e+01    -0.0219     0.0000      98.78    97.7324     0.0755     131831          9  0.000e+00
    564.885    558.807     3.6735     3.6735  32.427398  32.427349    6.64213     2.1859 2.2052e+01    -0.0219     0.0000      98.78    97.7324     0.0755     131832          9  0.000e+00
    564.820    558.742     3.6736     3.6735  32.427157  32.427634    6.64207     2.1859 2.2052e+01    -0.0219     0.0000      98.78    97.7062     0.0755     131833          9  0.000e+00
    564.820    558.742     3.6735     3.6736  32.427397  32.427349    6.64207     2.1859 2.2052e+01    -0.0219     0.0000      98.78    97.7324     0.0755     131834          9  0.000e+00
    564.762    558.686     3.6736     3.6733  32.427157  32.427349    6.64202     2.1859 2.2052e+01    -0.0219     0.0000      98.78    97.7324     0.0755     131835          9  0.000e+00
    564.697    558.621     3.6739     3.6736  32.427637  32.427462    6.64189     2.1859 2.2052e+01    -0.0219     0.0000      98.78    97.7324     0.0755     131836          9  0.000e+00
    564.697    558.621     3.6741     3.6736  32.427457  32.427634    6.64677     2.1871 2.2052e+01    -0.0219     0.0000      98.78    97.7324     0.0755     131837          9  0.000e+00
    564.632    558.556     3.6741     3.6736  32.427457  32.426720    6.64181     2.1859 2.2052e+01    -0.0219     0.0000      98.78    97.7324     0.0755     131838          9  0.000e+00
    564.640    558.564     3.6742     3.6735  32.427757  32.427348    6.64178     2.1859 2.2052e+01    -0.0219     0.0000      98.78    97.7324     0.0755     131839          9  0.000e+00
    564.582    558.508     3.6744     3.6735  32.427877  32.427348    6.64170     2.1859 2.2052e+01    -0.0292     0.0000      98.78    97.7585     0.0755     131840          9  0.000e+00
    564.582    558.508     3.6742     3.6734  32.427877  32.427462    6.64172     2.1859 2.2052e+01    -0.0292     0.0000      98.78    97.7324     0.0755     131841          9  0.000e+00
    564.460    558.387     3.6741     3.6736  32.427697  32.427062    6.64164     2.1859 2.2052e+01    -0.0219     0.0000      98.78    97.7324     0.0755     131842          9  0.000e+00
    564.517    558.443     3.6739     3.6736  32.427577  32.427348    6.64172     2.1859 2.2052e+01    -0.0219     0.0000      98.78    97.7324     0.0755     131843          9  0.000e+00
    564.394    558.322     3.6741     3.6735  32.427576  32.427347    6.64159     2.1859 2.2052e+01    -0.0292     0.0000      98.78    97.7324     0.0755     131844          9  0.000e+00
    564.394    558.322     3.6741     3.6736  32.427757  32.427062    6.64648     2.1871 2.2052e+01    -0.0219     0.0000      98.78    97.7324     0.0755     131845          9  0.000e+00
    564.394    558.322     3.6741     3.6735  32.427697  32.427347    6.64158     2.1859 2.2052e+01    -0.0219     0.0000      98.78    97.7324     0.0755     131846          9  0.000e+00
    564.280    558.209     3.6742     3.6735  32.427576  32.427461    6.64146     2.1859 2.4056e+01    -0.0219     0.0000      98.78    97.7062     0.0755     131847          9  0.000e+00
    564.272    558.201     3.6737     3.6738  32.427396  32.427062    6.64643     2.1871 2.2052e+01    -0.0219     0.0000      98.78    97.7062     0.0755     131848          9  0.000e+00
    564.280    558.209     3.6739     3.6734  32.427456  32.427632    6.64641     2.1871 2.2052e+01    -0.0219     0.0000      98.78    97.7324     0.0755     131849          9  0.000e+00
    564.214    558.144     3.6742     3.6733  32.427395  32.427632    6.64141     2.1859 2.2052e+01    -0.0292     0.0000      98.78    97.7324     0.0755     131850          9  0.000e+00
    564.157    558.088     3.6741     3.6736  32.427095  32.427061    6.65119     2.1883 2.2052e+01    -0.0219     0.0000      98.78    97.7324     0.0755     131851          9  0.000e+00
    564.092    558.023     3.6737     3.6736  32.426974  32.427175    6.64139     2.1859 2.2052e+01    -0.0219     0.0000      98.78    97.7324     0.0755     131852          9  0.000e+00
    564.092    558.023     3.6737     3.6737  32.427155  32.427632    6.64138     2.1859 2.2052e+01    -0.0219     0.0000      98.78    97.7324     0.0755     131853          9  0.000e+00
    564.034    557.966     3.6736     3.6736  32.427275  32.427346    6.64134     2.1859 2.2052e+01    -0.0219     0.0000      98.78    97.7324     0.0755     131854          9  0.000e+00
    563.977    557.910     3.6739     3.6736  32.427094  32.427346    6.64125     2.1859 2.2052e+01    -0.0219     0.0000      98.78    97.7324     0.0755     131855          9  0.000e+00
    563.977    557.910     3.6736     3.6739  32.426794  32.427631    6.64131     2.1859 2.2052e+01    -0.0219     0.0000      98.78    97.7324     0.0755     131856          9  0.000e+00
    563.912    557.845     3.6737     3.6740  32.426854  32.427460    6.64123     2.1859 2.2052e+01    -0.0292     0.0000      98.75    97.7324     0.0755     131857          9  0.000e+00
    563.846    557.780     3.6736     3.6740  32.426974  32.427346    6.64608     2.1871 2.2052e+01    -0.0219     0.0000      98.78    97.7324     0.0755     131858          9  0.000e+00
