Ship_data/Irminger/Irminger-2/ctd/process/OOI/at30_005.ros
* Sea-Bird SBE 9 Data File:
* FileName = C:\data\ctd\at30_005.hex
* Software Version Seasave V 7.21f
* Temperature SN = 2265
* Conductivity SN = 3021
* Number of Bytes Per Scan = 40
* Number of Voltage Words = 5
* Number of Scans Averaged by the Deck Unit = 1
* NMEA Latitude = 59 59.33 N
* NMEA Longitude = 039 27.67 W
* NMEA UTC (Time) = Aug 14 2015  19:36:17
# nquan = 17
# nvalues = 1176                                  
# units = specified
# name 0 = prDM: Pressure, Digiquartz [db]
# name 1 = depSM: Depth [salt water, m]
# name 2 = t090C: Temperature [ITS-90, deg C]
# name 3 = t190C: Temperature, 2 [ITS-90, deg C]
# name 4 = c0mS/cm: Conductivity [mS/cm]
# name 5 = c1mS/cm: Conductivity, 2 [mS/cm]
# name 6 = sbeox0ML/L: Oxygen, SBE 43 [ml/l]
# name 7 = sbeox0V: Oxygen raw, SBE 43 [V]
# name 8 = spar: SPAR/Surface Irradiance
# name 9 = flECO-AFL: Fluorescence, WET Labs ECO-AFL/FL [mg/m^3]
# name 10 = v2: Voltage 2
# name 11 = altM: Altimeter [m]
# name 12 = CStarTr0: Beam Transmission, WET Labs C-Star [%]
# name 13 = turbWETntu0: Turbidity, WET Labs ECO [NTU]
# name 14 = scan: Scan Count
# name 15 = nbf: Bottles Fired
# name 16 = flag:  0.000e+00
# interval = seconds: 0.0416667
# start_time = Aug 14 2015 19:36:17 [NMEA time, header]
# bad_flag = -9.990e-29
*END*
[from data line 426]
    607.014    600.411     3.8461     3.8454  32.613302  32.613070    6.44619     2.1358 7.6780e+02    -0.0219     0.0000      98.75    97.3661     0.0780     151620          9  0.000e+00
    606.990    600.387     3.8463     3.8452  32.613663  32.612784    6.44613     2.1358 7.6780e+02    -0.0219     0.0000      98.78    97.3661     0.0780     151621          9  0.000e+00
    606.990    600.387     3.8463     3.8454  32.613663  32.613070    6.44613     2.1358 7.6780e+02    -0.0219     0.0000      98.78    97.3661     0.0780     151622          9  0.000e+00
    606.957    600.355     3.8461     3.8455  32.613784  32.613070    6.44611     2.1358 7.6780e+02    -0.0219     0.0000      98.78    97.3661     0.0780     151623          9  0.000e+00
    606.933    600.330     3.8461     3.8454  32.613663  32.613070    6.44119     2.1346 7.6780e+02    -0.0219     0.0000      98.78    97.3923     0.0780     151624          9  0.000e+00
    606.990    600.387     3.8458     3.8454  32.613181  32.613070    6.44621     2.1358 7.6981e+02    -0.0219     0.0000      98.78    97.3661     0.0780     151625          9  0.000e+00
    606.957    600.355     3.8454     3.8452  32.613001  32.613070    6.44625     2.1358 7.6780e+02    -0.0219     0.0000      98.78    97.3661     0.0780     151626          9  0.000e+00
    606.990    600.387     3.8452     3.8450  32.612579  32.612784    6.44632     2.1358 7.6780e+02    -0.0219     0.0000      98.78    97.3661     0.0780     151627          9  0.000e+00
    606.933    600.330     3.8456     3.8449  32.612880  32.613070    6.44620     2.1358 7.6981e+02    -0.0219     0.0000      98.78    97.3661     0.0780     151628          9  0.000e+00
    606.957    600.355     3.8461     3.8451  32.613422  32.612441    6.44612     2.1358 7.6981e+02    -0.0219     0.0000      98.78    97.3661     0.0780     151629          9  0.000e+00
    606.933    600.330     3.8463     3.8457  32.613543  32.612784    6.44607     2.1358 7.6981e+02    -0.0219     0.0000      98.78    97.3661     0.0780     151630          9  0.000e+00
    606.957    600.355     3.8461     3.8460  32.613362  32.613070    6.44612     2.1358 7.6981e+02    -0.0219     0.0000      98.78    97.3661     0.0780     151631          9  0.000e+00
    606.933    600.330     3.8456     3.8460  32.613061  32.613070    6.44618     2.1358 7.6981e+02    -0.0219     0.0000      98.78    97.3661     0.0780     151632          9  0.000e+00
    606.933    600.330     3.8454     3.8455  32.613001  32.613928    6.44622     2.1358 7.6981e+02    -0.0219     0.0000      98.75    97.3661     0.0780     151633          9  0.000e+00
    606.892    600.290     3.8456     3.8452  32.613001  32.613699    6.44615     2.1358 7.6981e+02    -0.0219     0.0000      98.78    97.3400     0.0780     151634          9  0.000e+00
    404.688    400.481     4.1128     4.1127  32.779163  32.779164    6.40052     2.1792 6.0341e+02    -0.0219     0.0000      98.78    97.3138     0.0780     158621         10  0.000e+00
    404.566    400.360     4.1131     4.1131  32.779283  32.779278    6.40038     2.1792 6.0141e+02    -0.0292     0.0000      98.78    97.3400     0.0780     158622         10  0.000e+00
    404.631    400.424     4.1130     4.1136  32.779404  32.778992    6.39570     2.1780 6.0341e+02    -0.0219     0.0000      98.78    97.3400     0.0780     158623         10  0.000e+00
    404.566    400.360     4.1132     4.1139  32.779766  32.779908    6.39560     2.1780 6.0341e+02    -0.0219     0.0000      98.78    97.3138     0.0780     158624         10  0.000e+00
    404.631    400.424     4.1127     4.1139  32.779766  32.780195    6.40045     2.1792 6.0341e+02    -0.0219     0.0000      98.78    97.3400     0.0780     158625         10  0.000e+00
    404.509    400.303     4.1132     4.1137  32.779464  32.780195    6.40030     2.1792 6.0341e+02    -0.0219     0.0000      98.78    97.3400     0.0780     158626         10  0.000e+00
    404.566    400.360     4.1127     4.1139  32.779162  32.780367    6.40043     2.1792 6.0341e+02    -0.0219     0.0000      98.78    97.3400     0.0780     158627         10  0.000e+00
    404.452    400.247     4.1127     4.1141  32.779041  32.779908    6.39559     2.1780 6.0141e+02    -0.0219     0.0000      98.78    97.3400     0.0780     158628         10  0.000e+00
    404.509    400.303     4.1128     4.1137  32.779102  32.780481    6.39562     2.1780 6.0341e+02    -0.0219     0.0000      98.78    97.3138     0.0780     158629         10  0.000e+00
    404.509    400.303     4.1129     4.1136  32.779464  32.779908    6.39560     2.1780 6.0141e+02    -0.0219     0.0000      98.75    97.3400     0.0780     158630         10  0.000e+00
    404.452    400.247     4.1135     4.1136  32.779826  32.780481    6.39546     2.1780 6.0141e+02    -0.0219     0.0000      98.78    97.3400     0.0804     158631         10  0.000e+00
    404.452    400.247     4.1136     4.1136  32.779946  32.779794    6.39543     2.1780 6.0341e+02    -0.0219     0.0000      98.78    97.3400     0.0780     158632         10  0.000e+00
    404.452    400.247     4.1133     4.1136  32.779765  32.779908    6.39547     2.1780 6.0341e+02    -0.0219     0.0000      98.78    97.3400     0.0780     158633         10  0.000e+00
    404.386    400.182     4.1135     4.1136  32.779463  32.780194    6.40015     2.1792 6.0141e+02    -0.0219     0.0000      98.75    97.3138     0.0780     158634         10  0.000e+00
    404.386    400.182     4.1133     4.1139  32.779162  32.780194    6.38124     2.1743 6.0341e+02    -0.0219     0.0000      98.78    97.3400     0.0780     158635         10  0.000e+00
    404.386    400.182     4.1132     4.1140  32.779463  32.780194    6.39544     2.1780 6.0341e+02    -0.0219     0.0000      98.78    97.3138     0.0780     158636         10  0.000e+00
    404.329    400.126     4.1133     4.1141  32.779644  32.780366    6.39537     2.1780 6.0341e+02    -0.0219     0.0000      98.78    97.3400     0.0780     158637         10  0.000e+00
    404.329    400.126     4.1133     4.1141  32.779463  32.780481    6.39538     2.1780 6.0341e+02    -0.0219     0.0000      98.78    97.3138     0.0804     158638         10  0.000e+00
    404.329    400.126     4.1133     4.1139  32.779161  32.780194    6.39539     2.1780 6.0141e+02    -0.0219     0.0000      98.78    97.3138     0.0780     158639         10  0.000e+00
    404.386    400.182     4.1132     4.1141  32.779222  32.780194    6.39546     2.1780 6.0141e+02    -0.0219     0.0000      98.75    97.3400     0.0780     158640         10  0.000e+00
    404.207    400.005     4.1133     4.1139  32.779765  32.780194    6.39526     2.1780 6.0341e+02    -0.0219     0.0000      98.78    97.3138     0.0780     158641         10  0.000e+00
    404.329    400.126     4.1135     4.1140  32.779524  32.780080    6.40483     2.1804 6.0141e+02    -0.0219     0.0000      98.78    97.3400     0.0780     158642         10  0.000e+00
    404.207    400.005     4.1133     4.1138  32.779342  32.780194    6.40474     2.1804 6.0341e+02    -0.0219     0.0000      98.75    97.3400     0.0780     158643         10  0.000e+00
    404.264    400.061     4.1133     4.1136  32.779403  32.780194    6.40005     2.1792 6.0341e+02    -0.0292     0.0000      98.78    97.3400     0.0780     158644         10  0.000e+00
    404.264    400.061     4.1132     4.1138  32.779523  32.779908    6.39533     2.1780 6.0141e+02    -0.0219     0.0000      98.78    97.3138     0.0780     158645         10  0.000e+00
    404.150    399.948     4.1132     4.1135  32.779644  32.780194    6.39522     2.1780 6.0141e+02    -0.0219     0.0000      98.78    97.3400     0.0780     158646         10  0.000e+00
    404.207    400.005     4.1135     4.1133  32.779463  32.780079    6.39525     2.1780 6.0341e+02    -0.0219     0.0000      98.78    97.3400     0.0780     158647         10  0.000e+00
    404.207    400.005     4.1133     4.1133  32.779584  32.780194    6.39999     2.1792 6.0341e+02    -0.0219     0.0000      98.78    97.3400     0.0780     158648         10  0.000e+00
    404.207    400.005     4.1137     4.1135  32.779885  32.780194    6.39993     2.1792 6.0341e+02    -0.0219     0.0000      98.78    97.3400     0.0780     158649         10  0.000e+00
    404.150    399.948     4.1136     4.1133  32.779945  32.779907    6.40462     2.1804 6.0341e+02    -0.0219     0.0000      98.78    97.3138     0.0780     158650         10  0.000e+00
    404.150    399.948     4.1138     4.1135  32.779945  32.779907    6.39986     2.1792 6.0141e+02    -0.0219     0.0000      98.78    97.2877     0.0780     158651         10  0.000e+00
    404.150    399.948     4.1138     4.1134  32.780126  32.779563    6.39985     2.1792 6.0341e+02    -0.0219     0.0000      98.78    97.2877     0.0780     158652         10  0.000e+00
    404.150    399.948     4.1138     4.1138  32.780066  32.779793    6.40459     2.1804 6.0341e+02    -0.0219     0.0000      98.75    97.2877     0.0780     158653         10  0.000e+00
    404.084    399.884     4.1136     4.1138  32.780006  32.779563    6.39982     2.1792 6.0341e+02    -0.0219     0.0000      98.78    97.2877     0.0780     158654         10  0.000e+00
    404.084    399.884     4.1140     4.1140  32.780126  32.780480    6.39977     2.1792 6.0341e+02    -0.0219     0.0000      98.78    97.3138     0.0755     158655         10  0.000e+00
    404.084    399.884     4.1141     4.1141  32.780428  32.780193    6.40447     2.1804 6.0341e+02    -0.0219     0.0000      98.78    97.3138     0.0780     158656         10  0.000e+00
    404.084    399.884     4.1142     4.1141  32.780368  32.780766    6.40447     2.1804 6.0542e+02    -0.0219     0.0000      98.78    97.3138     0.0780     158657         10  0.000e+00
    404.084    399.884     4.1143     4.1144  32.780428  32.780652    6.40445     2.1804 6.0341e+02    -0.0219     0.0000      98.78    97.3138     0.0804     158658         10  0.000e+00
    404.027    399.827     4.1141     4.1139  32.780367  32.780193    6.40442     2.1804 6.0542e+02    -0.0219     0.0000      98.78    97.3138     0.0780     158659         10  0.000e+00
    404.084    399.884     4.1138     4.1144  32.780307  32.780766    6.40451     2.1804 6.0542e+02    -0.0219     0.0000      98.78    97.3138     0.0780     158660         10  0.000e+00
    404.027    399.827     4.1141     4.1141  32.780247  32.780766    6.40443     2.1804 6.0542e+02    -0.0219     0.0000      98.78    97.3138     0.0780     158661         10  0.000e+00
    403.962    399.763     4.1138     4.1143  32.780247  32.780480    6.40914     2.1816 6.0542e+02    -0.0219     0.0000      98.78    97.3138     0.0780     158662         10  0.000e+00
    404.084    399.884     4.1140     4.1142  32.780066  32.780365    6.40450     2.1804 6.0542e+02    -0.0219     0.0000      98.78    97.3138     0.0780     158663         10  0.000e+00
    404.027    399.827     4.1141     4.1143  32.780186  32.780480    6.40443     2.1804 6.0341e+02    -0.0219     0.0000      98.78    97.3400     0.0780     158664         10  0.000e+00
    403.962    399.763     4.1143     4.1144  32.780307  32.780480    6.40433     2.1804 6.0542e+02    -0.0292     0.0000      98.78    97.3400     0.0780     158665         10  0.000e+00
    404.027    399.827     4.1143     4.1144  32.780669  32.780480    6.40438     2.1804 6.0542e+02    -0.0219     0.0000      98.78    97.3138     0.0780     158666         10  0.000e+00
    403.962    399.763     4.1143     4.1144  32.780669  32.780766    6.40432     2.1804 6.0542e+02    -0.0219     0.0000      98.78    97.3400     0.0780     158667         10  0.000e+00
    404.027    399.827     4.1145     4.1144  32.780548  32.780938    6.40436     2.1804 6.0542e+02    -0.0219     0.0000      98.78    97.3138     0.0804     158668         10  0.000e+00
    403.962    399.763     4.1145     4.1144  32.780548  32.780766    6.40430     2.1804 6.0742e+02    -0.0219     0.0000      98.78    97.3138     0.0780     158669         10  0.000e+00
    252.199    249.669     4.4404     4.4418  33.028676  33.029760    6.36907     2.2192 6.5754e+02    -0.0219     0.0000      98.75    97.3138     0.0780     164425         11  0.000e+00
    252.191    249.661     4.4406     4.4418  33.028676  33.029760    6.36904     2.2192 6.5754e+02    -0.0292     0.0000      98.78    97.3138     0.0780     164426         11  0.000e+00
    252.142    249.613     4.4405     4.4420  33.028554  33.030047    6.36902     2.2192 6.5554e+02    -0.0219     0.0000      98.78    97.2877     0.0780     164427         11  0.000e+00
    252.191    249.661     4.4403     4.4418  33.028494  33.030392    6.36909     2.2192 6.5554e+02    -0.0219     0.0000      98.78    97.2877     0.0780     164428         11  0.000e+00
    252.134    249.605     4.4403     4.4420  33.028433  33.029760    6.36904     2.2192 6.5754e+02    -0.0219     0.0000      98.78    97.2877     0.0780     164429         11  0.000e+00
    252.143    249.613     4.4405     4.4418  33.028675  33.030105    6.36901     2.2192 6.5754e+02    -0.0219     0.0000      98.78    97.3138     0.0780     164430         11  0.000e+00
    252.134    249.605     4.4406     4.4418  33.028736  33.029473    6.37358     2.2204 6.5754e+02    -0.0219     0.0000      98.78    97.2877     0.0780     164431         11  0.000e+00
    252.143    249.613     4.4408     4.4416  33.028978  33.029473    6.37355     2.2204 6.5754e+02    -0.0219     0.0000      98.78    97.2877     0.0780     164432         11  0.000e+00
    252.134    249.605     4.4409     4.4413  33.028857  33.029760    6.37353     2.2204 6.5754e+02    -0.0219     0.0000      98.78    97.2877     0.0780     164433         11  0.000e+00
    252.086    249.556     4.4408     4.4415  33.028796  33.029185    6.37351     2.2204 6.5554e+02    -0.0219     0.0000      98.78    97.2877     0.0780     164434         11  0.000e+00
    252.134    249.605     4.4408     4.4415  33.028917  33.030105    6.36895     2.2192 6.5754e+02    -0.0292     0.0000      98.78    97.3138     0.0780     164435         11  0.000e+00
    252.069    249.540     4.4411     4.4414  33.029220  33.029185    6.37343     2.2204 6.5554e+02    -0.0219     0.0000      98.78    97.3138     0.0780     164436         11  0.000e+00
    252.143    249.613     4.4409     4.4413  33.028978  33.029473    6.37352     2.2204 6.5554e+02    -0.0219     0.0000      98.75    97.3138     0.0780     164437         11  0.000e+00
    252.069    249.540     4.4409     4.4413  33.029159  33.029415    6.37345     2.2204 6.5554e+02    -0.0219     0.0000      98.78    97.3138     0.0780     164438         11  0.000e+00
    252.086    249.557     4.4409     4.4413  33.028675  33.029473    6.37349     2.2204 6.5754e+02    -0.0219     0.0000      98.78    97.2877     0.0780     164439         11  0.000e+00
    252.069    249.540     4.4409     4.4413  33.028433  33.029472    6.37349     2.2204 6.5554e+02    -0.0219     0.0000      98.78    97.3138     0.0780     164440         11  0.000e+00
    252.021    249.492     4.4409     4.4413  33.028857  33.029472    6.37342     2.2204 6.5754e+02    -0.0219     0.0000      98.78    97.3138     0.0780     164441         11  0.000e+00
    252.012    249.484     4.4411     4.4411  33.028856  33.029185    6.36880     2.2192 6.5754e+02    -0.0219     0.0000      98.78    97.3138     0.0780     164442         11  0.000e+00
    252.086    249.557     4.4409     4.4410  33.028978  33.029185    6.36887     2.2191 6.5754e+02    -0.0219     0.0000      98.75    97.2615     0.0780     164443         11  0.000e+00
    252.069    249.541     4.4409     4.4410  33.029038  33.029185    6.36886     2.2191 6.5554e+02    -0.0219     0.0000      98.78    97.2615     0.0780     164444         11  0.000e+00
