Ship_data/Irminger/Irminger-2/ctd/process/OOI/at30_004.cnv
* Sea-Bird SBE 9 Data File:
* FileName = C:\data\ctd\at30_004.hex
* Software Version Seasave V 7.21f
* Temperature SN = 2265
* Conductivity SN = 3021
* Number of Bytes Per Scan = 40
* Number of Voltage Words = 5
* Number of Scans Averaged by the Deck Unit = 1
* NMEA Latitude = 59 57.06 N
* NMEA Longitude = 039 25.14 W
* NMEA UTC (Time) = Aug 14 2015  14:16:48
# nquan = 21
# nvalues = 2731                        
# units = specified
# name 0 = prDM: Pressure, Digiquartz [db]
# name 1 = depSM: Depth [salt water, m]
# name 2 = t090C: Temperature [ITS-90, deg C]
# name 3 = t190C: Temperature, 2 [ITS-90, deg C]
# name 4 = c0mS/cm: Conductivity [mS/cm]
# name 5 = c1mS/cm: Conductivity, 2 [mS/cm]
# name 6 = sbeox0ML/L: Oxygen, SBE 43 [ml/l]
# name 7 = sbeox0V: Oxygen raw, SBE 43 [V]
# name 8 = spar: SPAR/Surface Irradiance
# name 9 = flECO-AFL: Fluorescence, WET Labs ECO-AFL/FL [mg/m^3]
# name 10 = v2: Voltage 2
# name 11 = altM: Altimeter [m]
# name 12 = CStarTr0: Beam Transmission, WET Labs C-Star [%]
# name 13 = turbWETntu0: Turbidity, WET Labs ECO [NTU]
# name 14 = scan: Scan Count
# name 15 = sbeox0ML/L: Oxygen, SBE 43 [ml/l], WS = 2
# name 16 = sbeox0dOV/dT: Oxygen, SBE 43 [dov/dt], WS = 2
# name 17 = sal00: Salinity, Practical [PSU]
# name 18 = sal11: Salinity, Practical, 2 [PSU]
# name 19 = nbin: number of scans per bin
# name 20 = flag: flag
# span 0 =      2.000,   2732.000       
# span 1 =      1.981,   2688.787       
# span 2 =     1.4235,     8.2589       
# span 3 =     1.4242,     8.2755       
# span 4 =  31.341710,  36.317878       
# span 5 =  31.341941,  36.332856       
# span 6 =    6.01450,    7.04061       
# span 7 =     1.6880,     2.5339       
# span 8 = 2.6032e+02, 1.7497e+03       
# span 9 =    -0.0312,     1.5888       
# span 10 =     0.0000,     0.0000      
# span 11 =      10.85,      99.55      
# span 12 =    93.7189,    97.4190      
# span 13 =     0.0763,     0.1317      
# span 14 =       -198,     191628      
# span 15 =    6.01450,    7.04120      
# span 16 =    0.00000,    0.00000      
# span 17 =    34.8468,    34.9317      
# span 18 =    34.8462,    34.9310      
# span 19 =         20,        137      
# span 20 = 0.0000e+00, 0.0000e+00      
# interval = decibars: 2                
# start_time = Aug 14 2015 14:16:48 [NMEA time, header]
# bad_flag = -9.990e-29
*END*
[from data line 1656]
   2150.000   2118.860     2.9918     2.9921  32.521515  32.521068    6.05718     1.7340 3.5083e+02    -0.0231     0.0000      98.78    97.4136     0.0780     105417    6.05825    0.00000    34.9288    34.9279         35 0.0000e+00
   2148.000   2116.899     2.9923     2.9922  32.521322  32.520661    6.05709     1.7340 3.9797e+02    -0.0229     0.0000      98.78    97.4105     0.0780     105471    6.05662    0.00000    34.9290    34.9283         76 0.0000e+00
   2146.000   2114.938     2.9969     2.9964  32.524919  32.523804    6.05485     1.7340 4.3630e+02    -0.0238     0.0000      98.78    97.4186     0.0780     105539    6.05415    0.00000    34.9294    34.9285         53 0.0000e+00
   2144.000   2112.977     3.0010     3.0017  32.528115  32.528000    6.05246     1.7340 3.5994e+02    -0.0234     0.0000      98.78    97.4180     0.0780     105590    6.05198    0.00000    34.9298    34.9289         50 0.0000e+00
   2142.000   2111.015     3.0031     3.0042  32.529194  32.529354    6.05291     1.7346 3.5738e+02    -0.0233     0.0000      98.78    97.4154     0.0780     105634    6.05279    0.00000    34.9298    34.9288         37 0.0000e+00
   2140.000   2109.054     3.0056     3.0065  32.530682  32.530631    6.05361     1.7351 3.5097e+02    -0.0236     0.0000      98.78    97.4118     0.0780     105668    6.05361    0.00000    34.9299    34.9289         34 0.0000e+00
   2138.000   2107.093     3.0072     3.0075  32.531357  32.531246    6.05081     1.7351 3.5299e+02    -0.0235     0.0000      98.78    97.4053     0.0780     105706    6.05175    0.00000    34.9300    34.9295         47 0.0000e+00
   2136.000   2105.132     3.0058     3.0064  32.529119  32.529303    6.05186     1.7355 6.0912e+02    -0.0234     0.0000      98.78    97.4142     0.0780     105784    6.05211    0.00000    34.9298    34.9294         95 0.0000e+00
   2134.000   2103.170     3.0074     3.0083  32.529367  32.529517    6.05493     1.7364 7.1997e+02    -0.0237     0.0000      98.78    97.4138     0.0780     105848    6.05473    0.00000    34.9293    34.9285         37 0.0000e+00
   2132.000   2101.209     3.0095     3.0106  32.530347  32.530551    6.05343     1.7365 3.5114e+02    -0.0227     0.0000      98.78    97.4122     0.0780     105879    6.05323    0.00000    34.9292    34.9282         29 0.0000e+00
   2130.000   2099.248     3.0116     3.0120  32.531498  32.531192    6.05258     1.7367 3.5105e+02    -0.0232     0.0000      98.78    97.3985     0.0780     105910    6.05242    0.00000    34.9293    34.9286         34 0.0000e+00
   2128.000   2097.286     3.0129     3.0121  32.532039  32.530754    6.05406     1.7374 5.0747e+02    -0.0233     0.0000      98.78    97.4010     0.0780     105957    6.05403    0.00000    34.9295    34.9288         68 0.0000e+00
   2126.000   2095.325     3.0131     3.0123  32.531274  32.530081    6.05535     1.7380 4.1038e+02    -0.0237     0.0000      98.78    97.4111     0.0780     106030    6.05537    0.00000    34.9294    34.9287         62 0.0000e+00
   2124.000   2093.364     3.0170     3.0184  32.534261  32.534583    6.05389     1.7381 9.4018e+02    -0.0243     0.0000      98.78    97.4088     0.0780     106080    6.05386    0.00000    34.9297    34.9287         45 0.0000e+00
   2122.000   2091.403     3.0215     3.0221  32.537721  32.537638    6.05291     1.7384 3.6042e+02    -0.0238     0.0000      98.78    97.4106     0.0780     106125    6.05283    0.00000    34.9301    34.9294         45 0.0000e+00
   2120.000   2089.441     3.0225     3.0234  32.537660  32.537961    6.05186     1.7385 8.3651e+02    -0.0243     0.0000      98.78    97.4126     0.0780     106168    6.05175    0.00000    34.9299    34.9293         40 0.0000e+00
   2118.000   2087.480     3.0226     3.0234  32.536473  32.536771    6.05012     1.7385 1.2942e+03    -0.0233     0.0000      98.78    97.4081     0.0780     106208    6.05000    0.00000    34.9294    34.9288         42 0.0000e+00
   2116.000   2085.518     3.0240     3.0240  32.536977  32.536386    6.05060     1.7389 8.1683e+02    -0.0232     0.0000      98.78    97.4146     0.0780     106261    6.05041    0.00000    34.9294    34.9288         71 0.0000e+00
   2114.000   2083.557     3.0268     3.0266  32.538589  32.537712    6.05284     1.7398 6.9809e+02    -0.0230     0.0000      98.78    97.4161     0.0780     106331    6.05279    0.00000    34.9293    34.9286         51 0.0000e+00
   2112.000   2081.595     3.0276     3.0289  32.538538  32.538834    6.05361     1.7403 5.5173e+02    -0.0238     0.0000      98.78    97.4050     0.0780     106369    6.05366    0.00000    34.9294    34.9283         34 0.0000e+00
   2110.000   2079.634     3.0287     3.0295  32.538641  32.538723    6.05161     1.7403 3.5762e+02    -0.0227     0.0000      98.78    97.4077     0.0780     106403    6.05163    0.00000    34.9293    34.9286         37 0.0000e+00
   2108.000   2077.672     3.0292     3.0295  32.538306  32.538139    6.05345     1.7410 6.7235e+02    -0.0234     0.0000      98.78    97.4103     0.0780     106461    6.05342    0.00000    34.9294    34.9288         86 0.0000e+00
   2106.000   2075.711     3.0324     3.0329  32.540218  32.540012    6.05404     1.7415 8.1253e+02    -0.0237     0.0000      98.78    97.4087     0.0780     106534    6.05394    0.00000    34.9292    34.9284         42 0.0000e+00
   2104.000   2073.749     3.0324     3.0337  32.539012  32.539557    6.05290     1.7415 5.0623e+02    -0.0234     0.0000      98.78    97.4090     0.0780     106565    6.05226    0.00000    34.9287    34.9280         29 0.0000e+00
   2102.000   2071.788     3.0320     3.0329  32.537599  32.537955    6.05229     1.7418 3.5865e+02    -0.0226     0.0000      98.78    97.4056     0.0780     106594    6.05220    0.00000    34.9284    34.9279         32 0.0000e+00
   2100.000   2069.826     3.0323     3.0328  32.537315  32.537244    6.05479     1.7427 5.7127e+02    -0.0233     0.0000      98.78    97.4027     0.0780     106651    6.05528    0.00000    34.9287    34.9281         76 0.0000e+00
   2098.000   2067.865     3.0341     3.0342  32.538059  32.537398    6.05367     1.7428 6.9704e+02    -0.0231     0.0000      98.78    97.4100     0.0780     106723    6.05370    0.00000    34.9287    34.9277         44 0.0000e+00
   2096.000   2065.903     3.0361     3.0374  32.539133  32.539585    6.05305     1.7431 3.7068e+02    -0.0233     0.0000      98.78    97.4089     0.0780     106761    6.05306    0.00000    34.9288    34.9279         37 0.0000e+00
   2094.000   2063.942     3.0387     3.0390  32.540833  32.540413    6.05394     1.7437 1.1238e+03    -0.0239     0.0000      98.78    97.4090     0.0780     106797    6.05442    0.00000    34.9290    34.9282         36 0.0000e+00
   2092.000   2061.980     3.0426     3.0419  32.543633  32.542352    6.05253     1.7440 4.1376e+02    -0.0239     0.0000      98.78    97.3959     0.0780     106838    6.05328    0.00000    34.9292    34.9284         48 0.0000e+00
   2090.000   2060.018     3.0458     3.0419  32.545797  32.541664    6.05280     1.7442 8.7943e+02    -0.0230     0.0000      98.78    97.4083     0.0780     106906    6.05235    0.00000    34.9294    34.9285         80 0.0000e+00
   2088.000   2058.056     3.0456     3.0469  32.544718  32.545288    6.05123     1.7443 1.5376e+03    -0.0234     0.0000      98.78    97.4140     0.0780     106968    6.05107    0.00000    34.9292    34.9285         43 0.0000e+00
   2086.000   2056.095     3.0466     3.0482  32.544508  32.545194    6.04896     1.7442 6.7128e+02    -0.0228     0.0000      98.78    97.3951     0.0780     107004    6.04887    0.00000    34.9288    34.9280         32 0.0000e+00
   2084.000   2054.133     3.0461     3.0475  32.542716  32.543623    6.04957     1.7446 3.7874e+02    -0.0238     0.0000      98.78    97.4013     0.0780     107036    6.04954    0.00000    34.9282    34.9278         34 0.0000e+00
   2082.000   2052.171     3.0458     3.0469  32.541619  32.542362    6.05246     1.7455 5.2279e+02    -0.0233     0.0000      98.78    97.4014     0.0780     107085    6.05247    0.00000    34.9282    34.9279         74 0.0000e+00
   2080.000   2050.210     3.0459     3.0467  32.540934  32.541214    6.05787     1.7469 1.2796e+03    -0.0236     0.0000      98.78    97.4068     0.0780     107164    6.05769    0.00000    34.9282    34.9276         61 0.0000e+00
   2078.000   2048.248     3.0460     3.0470  32.539927  32.540102    6.05812     1.7472 7.1401e+02    -0.0234     0.0000      98.78    97.4081     0.0780     107208    6.05788    0.00000    34.9278    34.9270         38 0.0000e+00
   2076.000   2046.286     3.0470     3.0476  32.539932  32.539831    6.05837     1.7476 8.6729e+02    -0.0226     0.0000      98.78    97.3985     0.0780     107243    6.05806    0.00000    34.9278    34.9269         33 0.0000e+00
   2074.000   2044.324     3.0493     3.0494  32.541248  32.540676    6.05722     1.7478 3.7545e+02    -0.0235     0.0000      98.78    97.3951     0.0780     107278    6.05690    0.00000    34.9278    34.9271         39 0.0000e+00
   2072.000   2042.362     3.0502     3.0491  32.541380  32.539782    6.05876     1.7485 5.4796e+02    -0.0235     0.0000      98.78    97.4006     0.0780     107337    6.05859    0.00000    34.9281    34.9273         81 0.0000e+00
   2070.000   2040.401     3.0524     3.0529  32.542328  32.542200    6.05911     1.7490 8.1333e+02    -0.0236     0.0000      98.78    97.3944     0.0780     107407    6.05904    0.00000    34.9278    34.9271         48 0.0000e+00
   2068.000   2038.439     3.0540     3.0556  32.542931  32.543652    6.05758     1.7490 3.7250e+02    -0.0227     0.0000      98.78    97.3976     0.0780     107446    6.05729    0.00000    34.9278    34.9269         36 0.0000e+00
   2066.000   2036.477     3.0585     3.0585  32.546261  32.545455    6.05504     1.7490 3.6226e+02    -0.0235     0.0000      98.78    97.3979     0.0780     107481    6.05492    0.00000    34.9279    34.9269         36 0.0000e+00
   2064.000   2034.515     3.0627     3.0613  32.549392  32.547474    6.05403     1.7493 7.2919e+02    -0.0232     0.0000      98.78    97.4023     0.0780     107522    6.05391    0.00000    34.9282    34.9274         52 0.0000e+00
   2062.000   2032.553     3.0625     3.0608  32.548212  32.546298    6.05788     1.7503 5.4568e+02    -0.0233     0.0000      98.78    97.4056     0.0780     107595    6.05751    0.00000    34.9280    34.9275         70 0.0000e+00
   2060.000   2030.591     3.0644     3.0658  32.549205  32.549632    6.05506     1.7502 3.9286e+02    -0.0232     0.0000      98.78    97.4063     0.0780     107639    6.05514    0.00000    34.9281    34.9272         34 0.0000e+00
   2058.000   2028.629     3.0659     3.0665  32.549698  32.549760    6.05519     1.7502 3.5518e+02    -0.0237     0.0000      98.78    97.4014     0.0780     107673    6.05339    0.00000    34.9281    34.9275         37 0.0000e+00
   2056.000   2026.667     3.0669     3.0667  32.549989  32.549333    6.05756     1.7514 3.6005e+02    -0.0238     0.0000      98.78    97.4048     0.0780     107721    6.05732    0.00000    34.9283    34.9277         60 0.0000e+00
   2054.000   2024.705     3.0675     3.0686  32.549696  32.550086    6.05641     1.7515 6.1491e+02    -0.0232     0.0000      98.78    97.4085     0.0780     107776    6.05636    0.00000    34.9283    34.9276         46 0.0000e+00
   2052.000   2022.743     3.0702     3.0702  32.551518  32.550936    6.05626     1.7519 1.0348e+03    -0.0236     0.0000      98.78    97.4116     0.0780     107830    6.05616    0.00000    34.9285    34.9279         67 0.0000e+00
   2050.000   2020.781     3.0717     3.0724  32.552027  32.551849    6.05443     1.7519 4.8056e+02    -0.0240     0.0000      98.78    97.4044     0.0780     107889    6.05416    0.00000    34.9285    34.9276         42 0.0000e+00
   2048.000   2018.819     3.0752     3.0767  32.554303  32.554969    6.05128     1.7515 3.5354e+02    -0.0230     0.0000      98.78    97.3963     0.0780     107925    6.05017    0.00000    34.9285    34.9277         34 0.0000e+00
   2046.000   2016.857     3.0779     3.0785  32.555863  32.555755    6.04886     1.7515 3.5460e+02    -0.0238     0.0000      98.78    97.3993     0.0780     107959    6.04815    0.00000    34.9284    34.9278         35 0.0000e+00
   2044.000   2014.895     3.0799     3.0796  32.556632  32.555914    6.04684     1.7516 3.5213e+02    -0.0230     0.0000      98.78    97.3997     0.0780     107996    6.04661    0.00000    34.9282    34.9278         42 0.0000e+00
   2042.000   2012.933     3.0796     3.0791  32.555613  32.554813    6.05246     1.7531 8.3615e+02    -0.0230     0.0000      98.78    97.4011     0.0780     108079    6.05235    0.00000    34.9283    34.9279         64 0.0000e+00
   2040.000   2010.971     3.0817     3.0819  32.556604  32.555976    6.05259     1.7535 3.5099e+02    -0.0219     0.0000      98.78    97.3972     0.0780     108142    6.05254    0.00000    34.9282    34.9273         32 0.0000e+00
   2038.000   2009.009     3.0843     3.0851  32.558162  32.558219    6.05164     1.7537 3.5337e+02    -0.0227     0.0000      98.78    97.3886     0.0780     108170    6.05160    0.00000    34.9283    34.9276         27 0.0000e+00
   2036.000   2007.046     3.0859     3.0861  32.558847  32.558455    6.05111     1.7540 3.5304e+02    -0.0232     0.0000      98.78    97.3879     0.0780     108198    6.05110    0.00000    34.9284    34.9277         29 0.0000e+00
   2034.000   2005.084     3.0878     3.0869  32.559784  32.558437    6.05222     1.7546 3.5887e+02    -0.0232     0.0000      98.78    97.3920     0.0780     108232    6.05215    0.00000    34.9285    34.9278         44 0.0000e+00
   2032.000   2003.122     3.0873     3.0871  32.558571  32.557980    6.05961     1.7564 5.2533e+02    -0.0233     0.0000      98.78    97.3923     0.0780     108318    6.05935    0.00000    34.9285    34.9280         69 0.0000e+00
   2030.000   2001.160     3.0907     3.0906  32.560966  32.559774    6.06057     1.7570 5.3986e+02    -0.0233     0.0000      98.78    97.3925     0.0780     108379    6.06032    0.00000    34.9287    34.9274         36 0.0000e+00
   2028.000   1999.198     3.0967     3.0975  32.565972  32.566023    6.05703     1.7568 3.5194e+02    -0.0223     0.0000      98.78    97.3979     0.0780     108412    6.05678    0.00000    34.9293    34.9285         32 0.0000e+00
   2026.000   1997.235     3.0991     3.0992  32.567375  32.566932    6.05385     1.7566 3.5330e+02    -0.0230     0.0000      98.78    97.3995     0.0780     108445    6.05352    0.00000    34.9294    34.9288         34 0.0000e+00
   2024.000   1995.273     3.1007     3.1006  32.568130  32.567448    6.05217     1.7566 3.5357e+02    -0.0232     0.0000      98.78    97.3969     0.0780     108481    6.05190    0.00000    34.9295    34.9288         40 0.0000e+00
   2022.000   1993.311     3.1004     3.1000  32.567031  32.566181    6.05395     1.7573 6.4923e+02    -0.0235     0.0000      98.78    97.3967     0.0780     108556    6.05376    0.00000    34.9296    34.9289         63 0.0000e+00
   2020.000   1991.349     3.1028     3.1026  32.568342  32.567275    6.05345     1.7577 6.1754e+02    -0.0226     0.0000      98.78    97.3927     0.0780     108618    6.05382    0.00000    34.9295    34.9285         29 0.0000e+00
   2018.000   1989.387     3.1054     3.1063  32.569938  32.570023    6.05157     1.7577 3.5959e+02    -0.0230     0.0000      98.78    97.3923     0.0780     108644    6.05169    0.00000    34.9296    34.9288         27 0.0000e+00
   2016.000   1987.424     3.1060     3.1065  32.569747  32.569727    6.05103     1.7577 3.6765e+02    -0.0234     0.0000      98.78    97.3918     0.0780     108678    6.05005    0.00000    34.9298    34.9292         47 0.0000e+00
