Ship_data/Irminger/Irminger-2/ctd/process/OOI/at30_002.cnv
* Sea-Bird SBE 9 Data File:
* FileName = C:\data\ctd\at30_002.hex
* Software Version Seasave V 7.21f
* Temperature SN = 2265
* Conductivity SN = 3021
* Number of Bytes Per Scan = 40
* Number of Voltage Words = 5
* Number of Scans Averaged by the Deck Unit = 1
* NMEA Latitude = 42 32.00 N
* NMEA Longitude = 062 34.74 W
* NMEA UTC (Time) = Aug 07 2015  15:18:09
# nquan = 21
# nvalues = 1514                        
# units = specified
# name 0 = prDM: Pressure, Digiquartz [db]
# name 1 = depSM: Depth [salt water, m]
# name 2 = t090C: Temperature [ITS-90, deg C]
# name 3 = t190C: Temperature, 2 [ITS-90, deg C]
# name 4 = c0mS/cm: Conductivity [mS/cm]
# name 5 = c1mS/cm: Conductivity, 2 [mS/cm]
# name 6 = sbeox0ML/L: Oxygen, SBE 43 [ml/l]
# name 7 = sbeox0V: Oxygen raw, SBE 43 [V]
# name 8 = spar: SPAR/Surface Irradiance
# name 9 = flECO-AFL: Fluorescence, WET Labs ECO-AFL/FL [mg/m^3]
# name 10 = v2: Voltage 2
# name 11 = altM: Altimeter [m]
# name 12 = CStarTr0: Beam Transmission, WET Labs C-Star [%]
# name 13 = turbWETntu0: Turbidity, WET Labs ECO [NTU]
# name 14 = scan: Scan Count
# name 15 = sbeox0ML/L: Oxygen, SBE 43 [ml/l], WS = 2
# name 16 = sbeox0dOV/dT: Oxygen, SBE 43 [dov/dt], WS = 2
# name 17 = sal00: Salinity, Practical [PSU]
# name 18 = sal11: Salinity, Practical, 2 [PSU]
# name 19 = nbin: number of scans per bin
# name 20 = flag: flag
# span 0 =      2.000,   1520.000       
# span 1 =      1.984,   1502.526       
# span 2 =     3.9482,    21.4168       
# span 3 =     3.9485,    21.4348       
# span 4 =  33.136699,  47.265778       
# span 5 =  33.136222,  46.855378       
# span 6 =    3.08638,    6.56351       
# span 7 =     1.4464,     2.8747       
# span 8 = 1.0206e+03, 2.1694e+03       
# span 9 =    -0.0192,     1.4889       
# span 10 =     0.0000,     0.0000      
# span 11 =      81.97,      99.54      
# span 12 =    91.8576,    97.7168      
# span 13 =     0.0679,     0.1629      
# span 14 =        426,     183425      
# span 15 =    3.08617,    6.56423      
# span 16 =    0.00000,    0.00000      
# span 17 =    31.9973,    35.7288      
# span 18 =    31.9968,    35.7261      
# span 19 =         25,        227      
# span 20 = 0.0000e+00, 0.0000e+00      
# interval = decibars: 2                
# start_time = Aug 07 2015 15:18:09 [NMEA time, header]
# bad_flag = -9.990e-29
*END*
[from data line 1173]
    692.000    685.395     5.1392     5.1337  33.894428  33.888471    5.21986     1.8613 2.1194e+03    -0.0115     0.0000      98.78    97.5828     0.0755     160336    5.21970    0.00000    35.0007    34.9996         54 0.0000e+00
    690.000    683.417     5.1524     5.1477  33.906171  33.900732    5.20997     1.8595 2.0998e+03    -0.0120     0.0000      98.78    97.5896     0.0755     160388    5.20976    0.00000    35.0015    35.0002         53 0.0000e+00
    688.000    681.440     5.1582     5.1562  33.910823  33.908150    5.20201     1.8580 2.0988e+03    -0.0119     0.0000      98.78    97.5832     0.0755     160438    5.20182    0.00000    35.0019    35.0008         45 0.0000e+00
    686.000    679.462     5.1707     5.1659  33.921979  33.916211    5.19405     1.8568 2.0964e+03    -0.0121     0.0000      98.78    97.6022     0.0755     160478    5.19397    0.00000    35.0026    35.0010         37 0.0000e+00
    684.000    677.484     5.1790     5.1762  33.928853  33.925447    5.19118     1.8567 2.0968e+03    -0.0115     0.0000      98.78    97.6034     0.0755     160516    5.19113    0.00000    35.0029    35.0019         41 0.0000e+00
    682.000    675.507     5.1832     5.1779  33.931943  33.926668    5.18435     1.8554 2.1078e+03    -0.0125     0.0000      98.78    97.6077     0.0755     160567    5.18410    0.00000    35.0030    35.0026         64 0.0000e+00
    680.000    673.529     5.1891     5.1839  33.936687  33.930902    5.17412     1.8534 2.0960e+03    -0.0118     0.0000      98.78    97.6065     0.0755     160634    5.17397    0.00000    35.0034    35.0022         60 0.0000e+00
    678.000    671.551     5.2061     5.2003  33.951853  33.945238    5.16896     1.8529 2.1010e+03    -0.0123     0.0000      98.78    97.6082     0.0755     160683    5.16861    0.00000    35.0042    35.0026         43 0.0000e+00
    676.000    669.573     5.2111     5.2094  33.955589  33.953263    5.16481     1.8524 2.1018e+03    -0.0118     0.0000      98.78    97.6016     0.0755     160723    5.16452    0.00000    35.0042    35.0033         38 0.0000e+00
    674.000    667.595     5.2178     5.2128  33.961272  33.955609    5.16028     1.8518 2.0988e+03    -0.0131     0.0000      98.78    97.6016     0.0755     160762    5.16007    0.00000    35.0048    35.0034         42 0.0000e+00
    672.000    665.618     5.2262     5.2212  33.968502  33.963164    5.15423     1.8509 2.0949e+03    -0.0117     0.0000      98.78    97.5929     0.0755     160813    5.15411    0.00000    35.0053    35.0044         58 0.0000e+00
    670.000    663.640     5.2289     5.2270  33.970135  33.967588    5.14495     1.8490 2.0957e+03    -0.0123     0.0000      98.78    97.5957     0.0755     160870    5.14468    0.00000    35.0054    35.0045         54 0.0000e+00
    668.000    661.662     5.2314     5.2311  33.971513  33.970510    5.13910     1.8479 2.0941e+03    -0.0124     0.0000      98.78    97.6013     0.0755     160920    5.13895    0.00000    35.0054    35.0046         46 0.0000e+00
    666.000    659.684     5.2410     5.2353  33.980058  33.973623    5.13815     1.8483 2.0940e+03    -0.0126     0.0000      98.78    97.6016     0.0755     160963    5.13800    0.00000    35.0063    35.0047         42 0.0000e+00
    664.000    657.706     5.2549     5.2496  33.993040  33.986667    5.13665     1.8488 2.0900e+03    -0.0118     0.0000      98.78    97.5950     0.0755     161011    5.13646    0.00000    35.0077    35.0058         53 0.0000e+00
    662.000    655.728     5.2686     5.2595  34.005616  33.995817    5.12821     1.8474 2.0844e+03    -0.0126     0.0000      98.78    97.5963     0.0755     161062    5.12801    0.00000    35.0088    35.0070         47 0.0000e+00
    660.000    653.750     5.2871     5.2777  34.022728  34.012226    5.11923     1.8461 2.0824e+03    -0.0116     0.0000      98.78    97.5986     0.0755     161107    5.11897    0.00000    35.0102    35.0079         48 0.0000e+00
    658.000    651.772     5.3114     5.3038  34.045404  34.037332    5.10782     1.8444 2.0766e+03    -0.0114     0.0000      98.78    97.5920     0.0755     161161    5.10762    0.00000    35.0120    35.0106         56 0.0000e+00
    656.000    649.794     5.3339     5.3242  34.066129  34.054925    5.09157     1.8413 2.0764e+03    -0.0118     0.0000      98.78    97.5898     0.0755     161211    5.09135    0.00000    35.0132    35.0105         43 0.0000e+00
    654.000    647.817     5.3498     5.3439  34.080592  34.073641    5.08096     1.8394 2.0820e+03    -0.0119     0.0000      98.78    97.5831     0.0755     161251    5.08064    0.00000    35.0143    35.0124         40 0.0000e+00
    652.000    645.839     5.3622     5.3571  34.091528  34.085809    5.06703     1.8366 2.0877e+03    -0.0118     0.0000      98.78    97.5908     0.0755     161297    5.06677    0.00000    35.0150    35.0137         54 0.0000e+00
    650.000    643.860     5.3741     5.3682  34.101982  34.095509    5.04952     1.8328 2.0970e+03    -0.0118     0.0000      98.78    97.6001     0.0755     161354    5.04936    0.00000    35.0155    35.0142         54 0.0000e+00
    648.000    641.883     5.3841     5.3807  34.110558  34.106202    5.03908     1.8308 2.1023e+03    -0.0121     0.0000      98.78    97.6075     0.0755     161403    5.03881    0.00000    35.0159    35.0145         45 0.0000e+00
    646.000    639.904     5.4011     5.3914  34.126108  34.115653    5.03160     1.8298 2.0984e+03    -0.0119     0.0000      98.78    97.6093     0.0755     161447    5.03140    0.00000    35.0170    35.0152         45 0.0000e+00
    644.000    637.926     5.4143     5.4076  34.137947  34.130537    5.02321     1.8284 2.0891e+03    -0.0114     0.0000      98.78    97.6219     0.0755     161494    5.02303    0.00000    35.0179    35.0163         49 0.0000e+00
    642.000    635.948     5.4197     5.4164  34.142223  34.138321    5.01146     1.8259 2.0777e+03    -0.0122     0.0000      98.78    97.6279     0.0755     161547    5.01127    0.00000    35.0181    35.0171         54 0.0000e+00
    640.000    633.970     5.4260     5.4227  34.147466  34.143455    5.00287     1.8242 2.0689e+03    -0.0121     0.0000      98.78    97.5845     0.0755     161595    5.00285    0.00000    35.0186    35.0174         43 0.0000e+00
    638.000    631.992     5.4357     5.4313  34.156081  34.150780    4.99752     1.8233 2.0663e+03    -0.0122     0.0000      98.78    97.5769     0.0755     161637    4.99675    0.00000    35.0193    35.0179         42 0.0000e+00
    636.000    630.014     5.4443     5.4416  34.163518  34.160180    4.99355     1.8230 2.0627e+03    -0.0125     0.0000      98.78    97.5820     0.0755     161689    4.99324    0.00000    35.0199    35.0190         61 0.0000e+00
    634.000    628.036     5.4511     5.4466  34.168899  34.163813    4.98749     1.8221 2.0599e+03    -0.0114     0.0000      98.78    97.6293     0.0755     161744    4.98737    0.00000    35.0201    35.0189         45 0.0000e+00
    632.000    626.058     5.4584     5.4553  34.174968  34.171268    4.98579     1.8222 2.0675e+03    -0.0122     0.0000      98.78    97.6277     0.0755     161784    4.98569    0.00000    35.0204    35.0194         41 0.0000e+00
    630.000    624.079     5.4621     5.4600  34.177637  34.174897    4.98327     1.8220 2.0623e+03    -0.0125     0.0000      98.78    97.6277     0.0755     161832    4.98321    0.00000    35.0206    35.0197         54 0.0000e+00
    628.000    622.101     5.4767     5.4681  34.190737  34.181395    4.97628     1.8210 2.0617e+03    -0.0122     0.0000      98.78    97.6277     0.0755     161884    4.97598    0.00000    35.0215    35.0197         47 0.0000e+00
    626.000    620.123     5.4974     5.4891  34.209230  34.200405    4.97101     1.8207 2.0563e+03    -0.0115     0.0000      98.78    97.6277     0.0755     161930    4.97077    0.00000    35.0221    35.0206         48 0.0000e+00
    624.000    618.145     5.5080     5.5010  34.218507  34.211090    4.95998     1.8185 2.0518e+03    -0.0118     0.0000      98.78    97.6277     0.0755     161981    4.95968    0.00000    35.0226    35.0214         52 0.0000e+00
    622.000    616.166     5.5171     5.5138  34.226453  34.222251    4.94850     1.8161 2.0602e+03    -0.0119     0.0000      98.78    97.6277     0.0755     162029    4.94834    0.00000    35.0232    35.0218         45 0.0000e+00
    620.000    614.188     5.5250     5.5210  34.232949  34.228401    4.94172     1.8149 2.0736e+03    -0.0116     0.0000      98.78    97.6275     0.0755     162075    4.94146    0.00000    35.0234    35.0224         46 0.0000e+00
    618.000    612.210     5.5384     5.5307  34.244542  34.236378    4.93523     1.8140 2.0708e+03    -0.0122     0.0000      98.78    97.6212     0.0755     162121    4.93493    0.00000    35.0237    35.0225         47 0.0000e+00
    616.000    610.231     5.5501     5.5434  34.254525  34.247591    4.92591     1.8123 2.0702e+03    -0.0121     0.0000      98.78    97.6131     0.0755     162174    4.92569    0.00000    35.0241    35.0230         58 0.0000e+00
    614.000    608.253     5.5638     5.5569  34.266332  34.258430    4.91378     1.8099 2.0783e+03    -0.0123     0.0000      98.78    97.5970     0.0755     162225    4.91349    0.00000    35.0243    35.0225         43 0.0000e+00
    612.000    606.275     5.5809     5.5738  34.281251  34.273648    4.90753     1.8092 2.0806e+03    -0.0124     0.0000      98.78    97.5886     0.0755     162264    4.90733    0.00000    35.0246    35.0232         39 0.0000e+00
    610.000    604.296     5.5897     5.5862  34.288502  34.284535    4.90007     1.8079 2.0841e+03    -0.0118     0.0000      98.78    97.5909     0.0755     162311    4.89985    0.00000    35.0247    35.0238         57 0.0000e+00
    608.000    602.318     5.6015     5.5907  34.298447  34.287830    4.88333     1.8042 2.0898e+03    -0.0119     0.0000      98.78    97.5915     0.0755     162374    4.88315    0.00000    35.0248    35.0239         57 0.0000e+00
    606.000    600.340     5.6089     5.6049  34.304382  34.299378    4.87409     1.8024 2.1065e+03    -0.0111     0.0000      98.78    97.5761     0.0755     162420    4.87382    0.00000    35.0248    35.0233         39 0.0000e+00
    604.000    598.361     5.6135     5.6115  34.307780  34.305006    4.87049     1.8019 2.1153e+03    -0.0117     0.0000      98.78    97.5754     0.0755     162456    4.87028    0.00000    35.0250    35.0239         37 0.0000e+00
    602.000    596.383     5.6226     5.6178  34.315715  34.310314    4.86661     1.8015 2.1015e+03    -0.0122     0.0000      98.78    97.5754     0.0755     162504    4.86645    0.00000    35.0256    35.0244         61 0.0000e+00
    600.000    594.404     5.6337     5.6277  34.325558  34.318788    4.85761     1.7999 2.0833e+03    -0.0119     0.0000      98.78    97.5754     0.0755     162566    4.85731    0.00000    35.0262    35.0248         53 0.0000e+00
    598.000    592.426     5.6476     5.6417  34.338115  34.330976    4.84965     1.7986 2.0829e+03    -0.0109     0.0000      98.78    97.5784     0.0755     162610    4.84942    0.00000    35.0271    35.0252         39 0.0000e+00
    596.000    590.447     5.6606     5.6547  34.349820  34.343193    4.84681     1.7986 2.0708e+03    -0.0125     0.0000      98.78    97.5808     0.0755     162650    4.84662    0.00000    35.0280    35.0266         44 0.0000e+00
    594.000    588.469     5.6689     5.6653  34.357022  34.352801    4.84193     1.7979 2.0659e+03    -0.0114     0.0000      98.78    97.5833     0.0755     162702    4.84182    0.00000    35.0286    35.0275         59 0.0000e+00
    592.000    586.490     5.6746     5.6706  34.361319  34.356631    4.83181     1.7958 2.0674e+03    -0.0110     0.0000      98.78    97.5794     0.0755     162757    4.83156    0.00000    35.0286    35.0273         48 0.0000e+00
    590.000    584.511     5.6868     5.6821  34.372198  34.366440    4.82587     1.7950 2.0684e+03    -0.0123     0.0000      98.78    97.5807     0.0755     162800    4.82570    0.00000    35.0292    35.0276         40 0.0000e+00
    588.000    582.533     5.6974     5.6936  34.380841  34.376493    4.82142     1.7945 2.0745e+03    -0.0125     0.0000      98.78    97.5685     0.0755     162840    4.82125    0.00000    35.0291    35.0281         44 0.0000e+00
    586.000    580.554     5.6991     5.6975  34.381280  34.379453    4.81543     1.7932 2.0719e+03    -0.0119     0.0000      98.78    97.5626     0.0755     162892    4.81518    0.00000    35.0289    35.0285         58 0.0000e+00
    584.000    578.576     5.7038     5.7012  34.383146  34.380802    4.80553     1.7911 2.0782e+03    -0.0115     0.0000      98.78    97.5549     0.0755     162950    4.80542    0.00000    35.0272    35.0272         56 0.0000e+00
    582.000    576.597     5.7078     5.7065  34.384974  34.383389    4.79952     1.7899 2.0865e+03    -0.0121     0.0000      98.78    97.5365     0.0755     163000    4.79924    0.00000    35.0260    35.0257         43 0.0000e+00
    580.000    574.618     5.7153     5.7118  34.390692  34.386573    4.79509     1.7894 2.0946e+03    -0.0122     0.0000      98.78    97.5231     0.0755     163038    4.79482    0.00000    35.0258    35.0247         35 0.0000e+00
    578.000    572.640     5.7239     5.7209  34.397434  34.393945    4.79123     1.7890 2.0891e+03    -0.0119     0.0000      98.78    97.5230     0.0755     163079    4.79102    0.00000    35.0256    35.0247         53 0.0000e+00
    576.000    570.661     5.7339     5.7291  34.405923  34.400598    4.77810     1.7861 2.0824e+03    -0.0119     0.0000      98.78    97.5123     0.0755     163141    4.77791    0.00000    35.0258    35.0248         59 0.0000e+00
    574.000    568.682     5.7503     5.7406  34.420350  34.409833    4.77043     1.7850 2.0851e+03    -0.0122     0.0000      98.78    97.5140     0.0755     163188    4.77023    0.00000    35.0263    35.0243         41 0.0000e+00
    572.000    566.703     5.7654     5.7586  34.433279  34.425904    4.76627     1.7847 2.0893e+03    -0.0118     0.0000      98.78    97.5141     0.0755     163231    4.76612    0.00000    35.0263    35.0250         48 0.0000e+00
    570.000    564.725     5.7731     5.7676  34.439422  34.433662    4.75671     1.7827 2.0856e+03    -0.0121     0.0000      98.78    97.5064     0.0755     163283    4.75652    0.00000    35.0263    35.0254         52 0.0000e+00
    568.000    562.746     5.7811     5.7766  34.446053  34.441035    4.74513     1.7803 2.0786e+03    -0.0123     0.0000      98.78    97.5148     0.0755     163334    4.74501    0.00000    35.0265    35.0255         49 0.0000e+00
    566.000    560.767     5.7936     5.7870  34.456980  34.449632    4.73692     1.7788 2.0689e+03    -0.0115     0.0000      98.78    97.5180     0.0755     163379    4.73662    0.00000    35.0270    35.0255         41 0.0000e+00
    564.000    558.788     5.8018     5.7971  34.463898  34.458462    4.73398     1.7786 2.0698e+03    -0.0126     0.0000      98.78    97.5228     0.0755     163421    4.73371    0.00000    35.0273    35.0260         48 0.0000e+00
    562.000    556.809     5.8194     5.8120  34.479781  34.472207    4.72194     1.7763 2.0778e+03    -0.0120     0.0000      98.78    97.5231     0.0755     163475    4.72179    0.00000    35.0282    35.0272         55 0.0000e+00
    560.000    554.831     5.8296     5.8238  34.488646  34.481757    4.71334     1.7747 2.0837e+03    -0.0120     0.0000      98.78    97.5231     0.0755     163524    4.71308    0.00000    35.0287    35.0269         46 0.0000e+00
    558.000    552.852     5.8427     5.8367  34.500181  34.493685    4.70766     1.7740 2.0858e+03    -0.0120     0.0000      98.78    97.5231     0.0755     163572    4.70750    0.00000    35.0292    35.0280         49 0.0000e+00
