Ship_data/Irminger/Irminger-2/ctd/process/OOI/at30_001.ros
* Sea-Bird SBE 9 Data File:
* FileName = C:\data\ctd\at30_001.hex
* Software Version Seasave V 7.21f
* Temperature SN = 2265
* Conductivity SN = 3021
* Number of Bytes Per Scan = 40
* Number of Voltage Words = 5
* Number of Scans Averaged by the Deck Unit = 1
* NMEA Latitude = 42 32.87 N
* NMEA Longitude = 062 35.04 W
* NMEA UTC (Time) = Aug 07 2015  12:39:53
# nquan = 17
# nvalues = 1176                                  
# units = specified
# name 0 = prDM: Pressure, Digiquartz [db]
# name 1 = depSM: Depth [salt water, m]
# name 2 = t090C: Temperature [ITS-90, deg C]
# name 3 = t190C: Temperature, 2 [ITS-90, deg C]
# name 4 = c0mS/cm: Conductivity [mS/cm]
# name 5 = c1mS/cm: Conductivity, 2 [mS/cm]
# name 6 = sbeox0ML/L: Oxygen, SBE 43 [ml/l]
# name 7 = sbeox0V: Oxygen raw, SBE 43 [V]
# name 8 = spar: SPAR/Surface Irradiance
# name 9 = flECO-AFL: Fluorescence, WET Labs ECO-AFL/FL [mg/m^3]
# name 10 = v2: Voltage 2
# name 11 = altM: Altimeter [m]
# name 12 = CStarTr0: Beam Transmission, WET Labs C-Star [%]
# name 13 = turbWETntu0: Turbidity, WET Labs ECO [NTU]
# name 14 = scan: Scan Count
# name 15 = nbf: Bottles Fired
# name 16 = flag:  0.000e+00
# interval = seconds: 0.0416667
# start_time = Aug 07 2015 12:39:53 [NMEA time, header]
# bad_flag = -9.990e-29
*END*
   1505.023   1487.772     3.9750     3.9757  33.156201  33.156105    5.76263     1.8112 1.4213e+03    -0.0072     0.0000      98.78    97.5754     0.0707     135502          1  0.000e+00
   1505.081   1487.829     3.9749     3.9757  33.156201  33.156393    5.76823     1.8124 1.4193e+03    -0.0145     0.0000      98.78    97.5754     0.0707     135503          1  0.000e+00
   1505.081   1487.829     3.9747     3.9757  33.156565  33.156566    5.76270     1.8112 1.4193e+03    -0.0145     0.0000      98.78    97.6016     0.0707     135504          1  0.000e+00
   1505.081   1487.830     3.9750     3.9757  33.156322  33.156105    5.76267     1.8112 1.4193e+03    -0.0145     0.0000      98.78    97.6016     0.0707     135505          1  0.000e+00
   1505.023   1487.772     3.9749     3.9756  33.156019  33.156393    5.76266     1.8112 1.4213e+03    -0.0145     0.0000      98.78    97.6016     0.0707     135506          1  0.000e+00
   1505.139   1487.887     3.9750     3.9759  33.156080  33.156105    5.75720     1.8100 1.4213e+03    -0.0145     0.0000      98.78    97.6016     0.0707     135507          1  0.000e+00
   1505.081   1487.830     3.9749     3.9757  33.156019  33.155990    5.76271     1.8112 1.4213e+03    -0.0145     0.0000      98.78    97.5754     0.0707     135508          1  0.000e+00
   1505.081   1487.830     3.9747     3.9757  33.156019  33.155817    5.76273     1.8112 1.4213e+03    -0.0072     0.0000      98.78    97.5754     0.0707     135509          1  0.000e+00
   1505.081   1487.830     3.9747     3.9756  33.156383  33.156105    5.76271     1.8112 1.4213e+03    -0.0145     0.0000      98.78    97.5754     0.0707     135510          1  0.000e+00
   1505.081   1487.830     3.9747     3.9758  33.156504  33.156393    5.76270     1.8112 1.4213e+03    -0.0145     0.0000      98.78    97.5754     0.0707     135511          1  0.000e+00
   1505.140   1487.887     3.9749     3.9757  33.156080  33.155990    5.76275     1.8112 1.4213e+03    -0.0072     0.0000      98.78    97.5754     0.0707     135512          1  0.000e+00
   1505.081   1487.830     3.9747     3.9756  33.155898  33.156105    5.76273     1.8112 1.4193e+03    -0.0145     0.0000      98.78    97.6016     0.0707     135513          1  0.000e+00
   1505.140   1487.887     3.9750     3.9757  33.155898  33.156393    5.76274     1.8112 1.4213e+03    -0.0145     0.0000      98.78    97.5754     0.0707     135514          1  0.000e+00
   1505.082   1487.830     3.9745     3.9759  33.156019  33.156105    5.76275     1.8112 1.4213e+03    -0.0145     0.0000      98.78    97.5754     0.0707     135515          1  0.000e+00
   1505.082   1487.830     3.9747     3.9757  33.156140  33.156278    5.76825     1.8124 1.4213e+03    -0.0145     0.0000      98.78    97.5754     0.0707     135516          1  0.000e+00
   1505.148   1487.896     3.9749     3.9759  33.156201  33.156393    5.76275     1.8112 1.4193e+03    -0.0145     0.0000      98.78    97.5754     0.0707     135517          1  0.000e+00
   1505.140   1487.888     3.9747     3.9757  33.156201  33.156105    5.76276     1.8112 1.4213e+03    -0.0072     0.0000      98.78    97.5754     0.0707     135518          1  0.000e+00
   1505.148   1487.896     3.9749     3.9757  33.156019  33.156105    5.76276     1.8112 1.4213e+03    -0.0072     0.0000      98.78    97.6016     0.0707     135519          1  0.000e+00
   1505.140   1487.888     3.9745     3.9757  33.156019  33.156278    5.76279     1.8112 1.4213e+03    -0.0145     0.0000      98.78    97.5754     0.0707     135520          1  0.000e+00
   1505.148   1487.896     3.9747     3.9756  33.156141  33.156105    5.76277     1.8112 1.4213e+03    -0.0145     0.0000      98.78    97.5754     0.0707     135521          1  0.000e+00
   1505.140   1487.888     3.9747     3.9758  33.156019  33.156105    5.76830     1.8124 1.4193e+03    -0.0072     0.0000      98.78    97.6016     0.0707     135522          1  0.000e+00
   1505.207   1487.953     3.9747     3.9756  33.155898  33.156106    5.76283     1.8112 1.4213e+03    -0.0145     0.0000      98.78    97.5754     0.0707     135523          1  0.000e+00
   1505.140   1487.888     3.9745     3.9757  33.155898  33.155990    5.76280     1.8112 1.4193e+03    -0.0145     0.0000      98.78    97.5754     0.0707     135524          1  0.000e+00
   1505.149   1487.896     3.9747     3.9756  33.155838  33.156105    5.76279     1.8112 1.4193e+03    -0.0072     0.0000      98.78    97.5754     0.0707     135525          1  0.000e+00
   1505.207   1487.953     3.9747     3.9756  33.155656  33.156106    5.76284     1.8112 1.4193e+03    -0.0145     0.0000      98.78    97.6016     0.0707     135526          1  0.000e+00
   1505.207   1487.954     3.9745     3.9758  33.155777  33.156105    5.75732     1.8100 1.4213e+03    -0.0145     0.0000      98.78    97.6016     0.0707     135527          1  0.000e+00
   1505.207   1487.954     3.9747     3.9757  33.156080  33.156278    5.76282     1.8112 1.4193e+03    -0.0145     0.0000      98.78    97.6016     0.0707     135528          1  0.000e+00
   1505.207   1487.954     3.9747     3.9757  33.155777  33.156105    5.76284     1.8112 1.4193e+03    -0.0145     0.0000      98.78    97.5754     0.0707     135529          1  0.000e+00
   1505.207   1487.954     3.9745     3.9757  33.155777  33.156105    5.76286     1.8112 1.4213e+03    -0.0145     0.0000      98.78    97.5754     0.0707     135530          1  0.000e+00
   1505.207   1487.954     3.9744     3.9759  33.156020  33.156739    5.76287     1.8112 1.4193e+03    -0.0145     0.0000      98.78    97.6016     0.0707     135531          1  0.000e+00
   1505.274   1488.019     3.9744     3.9756  33.155717  33.155991    5.76292     1.8112 1.4193e+03    -0.0145     0.0000      98.78    97.6016     0.0707     135532          1  0.000e+00
   1505.207   1487.954     3.9745     3.9759  33.155595  33.156393    5.76287     1.8112 1.4213e+03    -0.0145     0.0000      98.78    97.5754     0.0707     135533          1  0.000e+00
   1505.207   1487.954     3.9744     3.9756  33.156020  33.156393    5.76287     1.8112 1.4213e+03    -0.0072     0.0000      98.78    97.6016     0.0707     135534          1  0.000e+00
   1505.266   1488.011     3.9745     3.9757  33.155777  33.156393    5.76290     1.8112 1.4213e+03    -0.0145     0.0000      98.78    97.6016     0.0707     135535          1  0.000e+00
   1505.274   1488.019     3.9742     3.9757  33.155717  33.155991    5.76848     1.8124 1.4193e+03    -0.0145     0.0000      98.78    97.6016     0.0707     135536          1  0.000e+00
   1505.266   1488.011     3.9744     3.9758  33.155838  33.156106    5.76292     1.8112 1.4213e+03    -0.0145     0.0000      98.78    97.6016     0.0707     135537          1  0.000e+00
   1505.332   1488.077     3.9742     3.9757  33.155535  33.156394    5.76300     1.8112 1.4213e+03    -0.0145     0.0000      98.78    97.6016     0.0707     135538          1  0.000e+00
   1505.208   1487.954     3.9742     3.9757  33.155353  33.156393    5.76292     1.8112 1.4213e+03    -0.0145     0.0000      98.78    97.6016     0.0707     135539          1  0.000e+00
   1505.332   1488.077     3.9742     3.9757  33.155959  33.156279    5.76298     1.8112 1.4213e+03    -0.0145     0.0000      98.78    97.6016     0.0707     135540          1  0.000e+00
   1505.332   1488.077     3.9745     3.9756  33.155656  33.156394    5.76296     1.8112 1.4233e+03    -0.0145     0.0000      98.78    97.6016     0.0707     135541          1  0.000e+00
   1505.274   1488.020     3.9742     3.9758  33.155777  33.156106    5.76295     1.8112 1.4213e+03    -0.0145     0.0000      98.78    97.5493     0.0707     135542          1  0.000e+00
   1505.332   1488.077     3.9745     3.9756  33.156081  33.156106    5.76294     1.8112 1.4213e+03    -0.0145     0.0000      98.78    97.5754     0.0707     135543          1  0.000e+00
   1505.333   1488.077     3.9744     3.9756  33.156020  33.155703    5.76296     1.8112 1.4213e+03    -0.0145     0.0000      98.78    97.5754     0.0707     135544          1  0.000e+00
   1505.333   1488.077     3.9745     3.9756  33.156081  33.156106    5.76294     1.8112 1.4213e+03    -0.0072     0.0000      98.78    97.5754     0.0707     135545          1  0.000e+00
   1505.333   1488.077     3.9744     3.9757  33.156141  33.156394    5.76296     1.8112 1.4213e+03    -0.0145     0.0000      98.78    97.5754     0.0707     135546          1  0.000e+00
   1505.399   1488.143     3.9744     3.9756  33.156142  33.156106    5.76301     1.8112 1.4213e+03    -0.0145     0.0000      98.78    97.5754     0.0707     135547          1  0.000e+00
   1505.333   1488.077     3.9745     3.9756  33.156020  33.155991    5.76294     1.8112 1.4213e+03    -0.0145     0.0000      98.78    97.5493     0.0707     135548          1  0.000e+00
   1505.399   1488.143     3.9747     3.9756  33.155899  33.156106    5.76298     1.8112 1.4213e+03    -0.0145     0.0000      98.78    97.5493     0.0707     135549          1  0.000e+00
   1505.391   1488.135     3.9747     3.9754  33.155899  33.156106    5.76297     1.8112 1.4213e+03    -0.0145     0.0000      98.78    97.5493     0.0707     135550          1  0.000e+00
   1505.228   1487.974     3.9758     3.9764  33.157232  33.156739    5.76270     1.8112 1.4494e+03    -0.0145     0.0000      98.78    97.5754     0.0707     135886          2  0.000e+00
   1505.228   1487.974     3.9758     3.9766  33.157171  33.157026    5.76270     1.8112 1.4494e+03    -0.0072     0.0000      98.78    97.5754     0.0707     135887          2  0.000e+00
   1505.228   1487.974     3.9758     3.9765  33.157111  33.157026    5.76271     1.8112 1.4494e+03    -0.0145     0.0000      98.78    97.5754     0.0707     135888          2  0.000e+00
   1505.228   1487.974     3.9756     3.9765  33.157111  33.156911    5.76273     1.8112 1.4514e+03    -0.0145     0.0000      98.78    97.5754     0.0707     135889          2  0.000e+00
   1505.162   1487.909     3.9756     3.9765  33.156929  33.156738    5.76269     1.8112 1.4514e+03    -0.0145     0.0000      98.78    97.5493     0.0707     135890          2  0.000e+00
   1505.170   1487.917     3.9757     3.9767  33.156747  33.156393    5.76269     1.8112 1.4514e+03    -0.0145     0.0000      98.78    97.5493     0.0707     135891          2  0.000e+00
   1505.287   1488.032     3.9756     3.9764  33.157232  33.157027    5.76277     1.8112 1.4514e+03    -0.0145     0.0000      98.78    97.5493     0.0707     135892          2  0.000e+00
   1505.170   1487.917     3.9756     3.9767  33.156989  33.156566    5.76822     1.8124 1.4514e+03    -0.0145     0.0000      98.78    97.5754     0.0707     135893          2  0.000e+00
   1505.162   1487.909     3.9758     3.9764  33.156989  33.156738    5.76266     1.8112 1.4514e+03    -0.0145     0.0000      98.78    97.5493     0.0707     135894          2  0.000e+00
   1505.229   1487.975     3.9756     3.9767  33.157111  33.156739    5.76826     1.8124 1.4514e+03    -0.0145     0.0000      98.78    97.5493     0.0707     135895          2  0.000e+00
   1505.162   1487.909     3.9756     3.9765  33.156807  33.157026    5.76269     1.8112 1.4514e+03    -0.0145     0.0000      98.78    97.5754     0.0707     135896          2  0.000e+00
   1505.171   1487.918     3.9756     3.9764  33.156747  33.156911    5.76270     1.8112 1.4514e+03    -0.0145     0.0000      98.78    97.5754     0.0707     135897          2  0.000e+00
   1505.104   1487.852     3.9756     3.9764  33.156989  33.156738    5.76264     1.8112 1.4514e+03    -0.0072     0.0000      98.78    97.5493     0.0707     135898          2  0.000e+00
   1505.104   1487.852     3.9756     3.9767  33.156928  33.156738    5.76264     1.8112 1.4514e+03    -0.0145     0.0000      98.78    97.5493     0.0707     135899          2  0.000e+00
   1505.162   1487.910     3.9758     3.9764  33.156989  33.157026    5.76266     1.8112 1.4514e+03    -0.0072     0.0000      98.78    97.5493     0.0707     135900          2  0.000e+00
   1505.104   1487.852     3.9756     3.9765  33.157110  33.156911    5.76263     1.8112 1.4514e+03    -0.0145     0.0000      98.78    97.5493     0.0707     135901          2  0.000e+00
   1505.104   1487.852     3.9755     3.9764  33.156807  33.157026    5.76267     1.8112 1.4514e+03    -0.0145     0.0000      98.78    97.5493     0.0707     135902          2  0.000e+00
   1505.163   1487.910     3.9756     3.9766  33.157232  33.157026    5.76267     1.8112 1.4514e+03    -0.0145     0.0000      98.78    97.5493     0.0707     135903          2  0.000e+00
   1505.046   1487.795     3.9756     3.9765  33.156989  33.157026    5.76260     1.8112 1.4514e+03    -0.0145     0.0000      98.78    97.5493     0.0707     135904          2  0.000e+00
   1505.104   1487.853     3.9758     3.9767  33.157232  33.156566    5.76261     1.8112 1.4534e+03    -0.0072     0.0000      98.78    97.5754     0.0707     135905          2  0.000e+00
   1505.046   1487.795     3.9758     3.9764  33.156989  33.156393    5.76258     1.8112 1.4514e+03    -0.0145     0.0000      98.78    97.5754     0.0707     135906          2  0.000e+00
   1505.105   1487.853     3.9756     3.9767  33.156929  33.156738    5.76264     1.8112 1.4534e+03    -0.0145     0.0000      98.78    97.5754     0.0707     135907          2  0.000e+00
   1505.046   1487.795     3.9756     3.9764  33.156868  33.156738    5.76260     1.8112 1.4514e+03    -0.0072     0.0000      98.78    97.5754     0.0707     135908          2  0.000e+00
   1505.038   1487.787     3.9756     3.9764  33.156989  33.157198    5.76259     1.8112 1.4514e+03    -0.0145     0.0000      98.78    97.5754     0.0707     135909          2  0.000e+00
   1505.047   1487.796     3.9756     3.9764  33.156928  33.156738    5.76260     1.8112 1.4514e+03    -0.0145     0.0000      98.78    97.5754     0.0707     135910          2  0.000e+00
   1505.038   1487.787     3.9755     3.9762  33.156807  33.156738    5.75709     1.8100 1.4534e+03    -0.0072     0.0000      98.78    97.5754     0.0707     135911          2  0.000e+00
   1505.047   1487.796     3.9756     3.9765  33.157171  33.156738    5.76259     1.8112 1.4534e+03    -0.0145     0.0000      98.78    97.5754     0.0707     135912          2  0.000e+00
   1505.038   1487.788     3.9758     3.9766  33.157171  33.156911    5.76256     1.8112 1.4534e+03    -0.0072     0.0000      98.78    97.5754     0.0707     135913          2  0.000e+00
   1504.980   1487.730     3.9758     3.9765  33.156686  33.156738    5.76254     1.8112 1.4534e+03    -0.0072     0.0000      98.78    97.5754     0.0707     135914          2  0.000e+00
   1504.980   1487.730     3.9756     3.9765  33.157171  33.156738    5.76254     1.8112 1.4534e+03    -0.0145     0.0000      98.78    97.5754     0.0707     135915          2  0.000e+00
   1504.980   1487.730     3.9758     3.9765  33.157231  33.156738    5.76252     1.8112 1.4534e+03    -0.0145     0.0000      98.78    97.5754     0.0707     135916          2  0.000e+00
   1504.980   1487.730     3.9756     3.9767  33.156928  33.156910    5.76255     1.8112 1.4534e+03    -0.0072     0.0000      98.78    97.5754     0.0707     135917          2  0.000e+00
   1504.981   1487.731     3.9758     3.9766  33.156746  33.157026    5.76254     1.8112 1.4534e+03    -0.0145     0.0000      98.78    97.6016     0.0707     135918          2  0.000e+00
   1504.981   1487.731     3.9756     3.9767  33.156746  33.156738    5.76809     1.8124 1.4534e+03    -0.0145     0.0000      98.78    97.5754     0.0707     135919          2  0.000e+00
   1504.981   1487.731     3.9756     3.9767  33.156989  33.157313    5.76255     1.8112 1.4534e+03    -0.0072     0.0000      98.78    97.5754     0.0707     135920          2  0.000e+00
   1504.923   1487.673     3.9758     3.9767  33.157292  33.156910    5.76247     1.8112 1.4534e+03    -0.0072     0.0000      98.78    97.5754     0.0707     135921          2  0.000e+00
