Ship_data/Irminger/Irminger-2/ctd/process/OOI/at30_007.cnv
* Sea-Bird SBE 9 Data File:
* FileName = C:\data\ctd\at30_007.hex
* Software Version Seasave V 7.21f
* Temperature SN = 2265
* Conductivity SN = 3021
* Number of Bytes Per Scan = 40
* Number of Voltage Words = 5
* Number of Scans Averaged by the Deck Unit = 1
* NMEA Latitude = 59 46.29 N
* NMEA Longitude = 039 52.92 W
* NMEA UTC (Time) = Aug 17 2015  23:01:49
** Site of FLMA 2015 -- need to confirm bottom depth
# nquan = 21
# nvalues = 2720                        
# units = specified
# name 0 = prDM: Pressure, Digiquartz [db]
# name 1 = depSM: Depth [salt water, m]
# name 2 = t090C: Temperature [ITS-90, deg C]
# name 3 = t190C: Temperature, 2 [ITS-90, deg C]
# name 4 = c0mS/cm: Conductivity [mS/cm]
# name 5 = c1mS/cm: Conductivity, 2 [mS/cm]
# name 6 = sbeox0ML/L: Oxygen, SBE 43 [ml/l]
# name 7 = sbeox0V: Oxygen raw, SBE 43 [V]
# name 8 = spar: SPAR/Surface Irradiance
# name 9 = flECO-AFL: Fluorescence, WET Labs ECO-AFL/FL [mg/m^3]
# name 10 = v2: Voltage 2
# name 11 = altM: Altimeter [m]
# name 12 = CStarTr0: Beam Transmission, WET Labs C-Star [%]
# name 13 = turbWETntu0: Turbidity, WET Labs ECO [NTU]
# name 14 = scan: Scan Count
# name 15 = sbeox0ML/L: Oxygen, SBE 43 [ml/l], WS = 2
# name 16 = sbeox0dOV/dT: Oxygen, SBE 43 [dov/dt], WS = 2
# name 17 = sal00: Salinity, Practical [PSU]
# name 18 = sal11: Salinity, Practical, 2 [PSU]
# name 19 = nbin: number of scans per bin
# name 20 = flag: flag
# span 0 =      2.000,   2722.000       
# span 1 =      1.981,   2679.045       
# span 2 =     1.4894,     8.5917       
# span 3 =     1.4904,     8.5925       
# span 4 =  31.398456,  36.631599       
# span 5 =  31.399026,  36.631436       
# span 6 =    6.01160,    6.94264       
# span 7 =     1.6864,     2.5338       
# span 8 = 2.1820e+01, 2.3786e+01       
# span 9 =    -0.0363,     1.5522       
# span 10 =     0.0000,     0.0000      
# span 11 =       8.30,      99.96      
# span 12 =    93.8862,    97.8162      
# span 13 =     0.0744,     0.1690      
# span 14 =        716,     153168      
# span 15 =    6.01134,    6.94297      
# span 16 =    0.00000,    0.00000      
# span 17 =    34.8553,    34.9334      
# span 18 =    34.8534,    34.9332      
# span 19 =         29,        136      
# span 20 = 0.0000e+00, 0.0000e+00      
# interval = decibars: 2                
# start_time = Aug 17 2015 23:01:49 [NMEA time, header]
# bad_flag = -9.990e-29
*END*
[from data line 1311]
   2626.000   2585.135     1.9658     1.9666  31.777984  31.778485    6.55805     1.7180 2.2016e+01    -0.0236     0.0000      98.78    97.4967     0.0755      70437    6.55803    0.00000    34.8955    34.8952         60 0.0000e+00
   2628.000   2587.092     1.9579     1.9583  31.771624  31.771798    6.55999     1.7177 2.2018e+01    -0.0234     0.0000      98.78    97.4988     0.0755      70494    6.55992    0.00000    34.8952    34.8949         59 0.0000e+00
   2630.000   2589.049     1.9532     1.9540  31.768156  31.768582    6.56127     1.7175 2.2052e+01    -0.0229     0.0000      98.78    97.5041     0.0755      70563    6.56122    0.00000    34.8950    34.8946         76 0.0000e+00
   2632.000   2591.006     1.9498     1.9500  31.765986  31.765917    6.56403     1.7176 2.2162e+01    -0.0226     0.0000      98.78    97.5114     0.0755      70645    6.56406    0.00000    34.8950    34.8948         72 0.0000e+00
   2634.000   2592.962     1.9386     1.9396  31.757131  31.758156    6.56569     1.7171 2.2111e+01    -0.0230     0.0000      98.78    97.5190     0.0755      70777    6.56514    0.00000    34.8952    34.8954         65 0.0000e+00
   2636.000   2594.919     1.9230     1.9225  31.743901  31.743405    6.57062     1.7171 2.2079e+01    -0.0234     0.0000      98.78    97.5203     0.0755      70840    6.57014    0.00000    34.8948    34.8948         85 0.0000e+00
   2638.000   2596.876     1.9184     1.9163  31.740919  31.738804    6.56697     1.7160 2.2051e+01    -0.0229     0.0000      98.78    97.5230     0.0755      70937    6.56697    0.00000    34.8951    34.8948         85 0.0000e+00
   2640.000   2598.833     1.9129     1.9138  31.737055  31.737518    6.56471     1.7151 2.2100e+01    -0.0230     0.0000      98.78    97.5274     0.0755      71038    6.56458    0.00000    34.8953    34.8950         89 0.0000e+00
   2642.000   2600.790     1.9106     1.9110  31.735828  31.735900    6.56547     1.7149 2.2015e+01    -0.0235     0.0000      98.78    97.5235     0.0755      71130    6.56540    0.00000    34.8954    34.8951        102 0.0000e+00
   2644.000   2602.746     1.9085     1.9092  31.734862  31.735115    6.56760     1.7149 2.2104e+01    -0.0230     0.0000      98.78    97.5146     0.0755      71219    6.56758    0.00000    34.8955    34.8951         73 0.0000e+00
   2646.000   2604.703     1.9068     1.9076  31.734089  31.734409    6.57018     1.7149 2.2091e+01    -0.0230     0.0000      98.78    97.5139     0.0755      71309    6.56955    0.00000    34.8955    34.8950        102 0.0000e+00
   2648.000   2606.660     1.9046     1.9052  31.733142  31.733390    6.56811     1.7142 2.2021e+01    -0.0230     0.0000      98.78    97.4977     0.0755      71426    6.56806    0.00000    34.8957    34.8953         71 0.0000e+00
   2650.000   2608.616     1.9030     1.9038  31.732670  31.732922    6.56945     1.7141 2.1991e+01    -0.0232     0.0000      98.78    97.5033     0.0755      71489    6.56943    0.00000    34.8958    34.8953         63 0.0000e+00
   2652.000   2610.573     1.9028     1.9033  31.733105  31.733277    6.56767     1.7135 2.2022e+01    -0.0229     0.0000      98.78    97.4967     0.0755      71608    6.56825    0.00000    34.8957    34.8954         65 0.0000e+00
   2654.000   2612.529     1.9010     1.9016  31.732373  31.732546    6.57081     1.7136 2.2051e+01    -0.0232     0.0000      98.78    97.4969     0.0755      71689    6.57071    0.00000    34.8957    34.8954         72 0.0000e+00
   2656.000   2614.486     1.8974     1.8984  31.730242  31.730914    6.57378     1.7137 2.2093e+01    -0.0236     0.0000      98.78    97.4991     0.0755      71800    6.57376    0.00000    34.8960    34.8958         51 0.0000e+00
   2658.000   2616.443     1.8928     1.8926  31.727088  31.726651    6.57730     1.7138 2.2055e+01    -0.0231     0.0000      98.78    97.4907     0.0755      71863    6.57677    0.00000    34.8962    34.8959         86 0.0000e+00
   2660.000   2618.399     1.8909     1.8869  31.725920  31.722373    6.57927     1.7139 2.2174e+01    -0.0233     0.0000      98.78    97.4817     0.0755      71983    6.57928    0.00000    34.8959    34.8958        104 0.0000e+00
   2662.000   2620.356     1.8840     1.8842  31.720934  31.720763    6.58176     1.7137 2.2032e+01    -0.0232     0.0000      98.78    97.4853     0.0755      72061    6.58168    0.00000    34.8962    34.8957         68 0.0000e+00
   2664.000   2622.313     1.8840     1.8842  31.721903  31.721856    6.57813     1.7128 2.2127e+01    -0.0240     0.0000      98.78    97.4818     0.0755      72180    6.57807    0.00000    34.8964    34.8962         56 0.0000e+00
   2666.000   2624.269     1.8715     1.8721  31.711513  31.711951    6.58548     1.7133 2.2086e+01    -0.0230     0.0000      98.78    97.4708     0.0755      72232    6.58543    0.00000    34.8962    34.8960         63 0.0000e+00
   2668.000   2626.226     1.8698     1.8703  31.710975  31.711480    6.58437     1.7128 2.2082e+01    -0.0236     0.0000      98.78    97.4562     0.0755      72364    6.58439    0.00000    34.8963    34.8965         66 0.0000e+00
   2670.000   2628.182     1.8608     1.8594  31.704250  31.703059    6.58338     1.7119 2.2112e+01    -0.0232     0.0000      98.78    97.4736     0.0755      72457    6.58292    0.00000    34.8968    34.8969         68 0.0000e+00
   2672.000   2630.139     1.8466     1.8477  31.692770  31.693826    6.57503     1.7096 2.2234e+01    -0.0232     0.0000      98.78    97.5056     0.0755      72532    6.57488    0.00000    34.8970    34.8971         44 0.0000e+00
   2674.000   2632.095     1.8368     1.8359  31.684389  31.683427    6.56915     1.7079 2.2134e+01    -0.0230     0.0000      98.78    97.5178     0.0755      72622    6.56915    0.00000    34.8963    34.8961         77 0.0000e+00
   2676.000   2634.052     1.8268     1.8239  31.676949  31.674422    6.56658     1.7067 2.2110e+01    -0.0237     0.0000      85.52    97.5314     0.0755      72732    6.56647    0.00000    34.8969    34.8969         69 0.0000e+00
   2678.000   2636.008     1.8141     1.8150  31.666675  31.667155    6.57063     1.7068 2.2004e+01    -0.0232     0.0000      84.25    97.5462     0.0755      72809    6.57056    0.00000    34.8970    34.8966         82 0.0000e+00
   2680.000   2637.964     1.7952     1.7891  31.650357  31.645680    6.56943     1.7055 2.2055e+01    -0.0231     0.0000      63.69    97.5500     0.0755      72919    6.56933    0.00000    34.8962    34.8971         83 0.0000e+00
   2682.000   2639.921     1.7657     1.7661  31.624663  31.624756    6.57709     1.7056 2.2113e+01    -0.0235     0.0000      58.16    97.5393     0.0755      72996    6.57698    0.00000    34.8954    34.8951         64 0.0000e+00
   2684.000   2641.877     1.7650     1.7654  31.625128  31.625204    6.58912     1.7074 2.2057e+01    -0.0233     0.0000      63.29    97.5199     0.0755      73200    6.58910    0.00000    34.8958    34.8955         78 0.0000e+00
   2686.000   2643.834     1.7619     1.7634  31.623198  31.624216    6.59096     1.7073 2.2027e+01    -0.0233     0.0000      76.20    97.5190     0.0755      73377    6.59093    0.00000    34.8958    34.8955         81 0.0000e+00
   2688.000   2645.790     1.7575     1.7580  31.620094  31.620373    6.59968     1.7084 2.1998e+01    -0.0231     0.0000      54.15    97.5174     0.0755      73499    6.59965    0.00000    34.8958    34.8955         75 0.0000e+00
   2690.000   2647.746     1.7530     1.7540  31.617125  31.617728    6.60293     1.7085 2.2089e+01    -0.0231     0.0000      39.99    97.5168     0.0755      73638    6.60280    0.00000    34.8960    34.8956        103 0.0000e+00
   2692.000   2649.703     1.7486     1.7488  31.614191  31.614053    6.60332     1.7081 2.2134e+01    -0.0233     0.0000      46.96    97.5098     0.0755      73763    6.60332    0.00000    34.8961    34.8958        100 0.0000e+00
   2694.000   2651.659     1.7460     1.7465  31.612818  31.612958    6.60116     1.7073 2.2011e+01    -0.0235     0.0000      35.82    97.5062     0.0755      73900    6.60116    0.00000    34.8963    34.8959         97 0.0000e+00
   2696.000   2653.615     1.7438     1.7446  31.611773  31.612249    6.60313     1.7072 2.1915e+01    -0.0236     0.0000      35.75    97.5068     0.0755      74045    6.60246    0.00000    34.8965    34.8961         73 0.0000e+00
   2698.000   2655.571     1.7379     1.7396  31.607910  31.609142    6.60040     1.7062 2.2055e+01    -0.0237     0.0000      48.88    97.4965     0.0755      74165    6.59984    0.00000    34.8971    34.8967         84 0.0000e+00
   2700.000   2657.528     1.7030     1.7074  31.579520  31.584153    6.60212     1.7050 2.2076e+01    -0.0228     0.0000      30.20    97.4803     0.0755      74303    6.60221    0.00000    34.8986    34.8997         83 0.0000e+00
   2702.000   2659.484     1.6246     1.6148  31.510515  31.503091    6.60575     1.7026 2.2017e+01    -0.0233     0.0000      28.09    97.3817     0.0755      74431    6.60576    0.00000    34.8969    34.8983        115 0.0000e+00
   2704.000   2661.440     1.5977     1.5976  31.488598  31.488195    6.60202     1.7007 2.2107e+01    -0.0233     0.0000      26.04    97.2666     0.0755      74558    6.60208    0.00000    34.8979    34.8975        113 0.0000e+00
   2706.000   2663.396     1.5966     1.5970  31.488884  31.488944    6.60026     1.7000 2.2027e+01    -0.0231     0.0000      24.17    97.2430     0.0755      74709    6.60031    0.00000    34.8984    34.8981         78 0.0000e+00
   2708.000   2665.352     1.5855     1.5856  31.480197  31.480476    6.60341     1.6998 2.1973e+01    -0.0239     0.0000      22.25    97.2404     0.0755      74828    6.60337    0.00000    34.8987    34.8989         77 0.0000e+00
   2710.000   2667.309     1.5493     1.5517  31.449115  31.451756    6.60844     1.6992 2.2058e+01    -0.0236     0.0000      20.32    97.2240     0.0755      74972    6.60850    0.00000    34.8983    34.8990         73 0.0000e+00
   2712.000   2669.265     1.5187     1.5200  31.423059  31.424942    6.61690     1.6992 2.2083e+01    -0.0239     0.0000      18.47    97.1741     0.0755      75102    6.61675    0.00000    34.8981    34.8990         67 0.0000e+00
   2714.000   2671.221     1.5071     1.5091  31.413466  31.415300    6.62422     1.6998 2.2153e+01    -0.0231     0.0000      16.46    97.1529     0.0755      75227    6.62401    0.00000    34.8978    34.8979         78 0.0000e+00
   2716.000   2673.177     1.4983     1.4970  31.406487  31.405061    6.62996     1.7003 2.2069e+01    -0.0236     0.0000      14.43    97.1199     0.0755      75354    6.63042    0.00000    34.8977    34.8973        114 0.0000e+00
   2718.000   2675.133     1.4903     1.4916  31.400305  31.401213    6.63348     1.7003 2.2052e+01    -0.0234     0.0000      12.58    97.0679     0.0755      75518    6.63405    0.00000    34.8978    34.8974         76 0.0000e+00
   2720.000   2677.089     1.4900     1.4906  31.400833  31.400941    6.63632     1.7004 2.2052e+01    -0.0234     0.0000      10.58    97.0668     0.0755      75616    6.63618    0.00000    34.8977    34.8973         93 0.0000e+00
   2722.000   2679.045     1.4934     1.4942  31.404344  31.404610    6.63232     1.6995 2.2131e+01    -0.0237     0.0000       8.30    97.0504     0.0755      77261    6.63194    0.00000    34.8975    34.8970         43 0.0000e+00
   2720.000   2677.089     1.4913     1.4925  31.401728  31.402298    6.63166     1.6996 2.2101e+01    -0.0237     0.0000       9.92    97.0666     0.0755      77993    6.63164    0.00000    34.8974    34.8969         82 0.0000e+00
   2718.000   2675.133     1.4899     1.4913  31.399698  31.400592    6.63534     1.7005 2.2079e+01    -0.0229     0.0000      11.70    97.0801     0.0755      79274    6.63528    0.00000    34.8974    34.8970         78 0.0000e+00
   2716.000   2673.177     1.4894     1.4904  31.398456  31.399026    6.63500     1.7006 2.2109e+01    -0.0236     0.0000      13.72    97.0732     0.0755      79470    6.63397    0.00000    34.8974    34.8970         69 0.0000e+00
   2714.000   2671.221     1.5092     1.5114  31.415433  31.415641    6.63134     1.7011 2.2127e+01    -0.0233     0.0000      15.67    97.0604     0.0755      79562    6.63123    0.00000    34.8980    34.8959        107 0.0000e+00
   2712.000   2669.265     1.5707     1.5509  31.468683  31.450440    6.61686     1.7011 2.2157e+01    -0.0228     0.0000      17.61    97.1446     0.0755      79689    6.61681    0.00000    34.8985    34.8973         77 0.0000e+00
   2710.000   2667.308     1.5935     1.5771  31.488066  31.472381    6.60892     1.7007 2.2132e+01    -0.0226     0.0000      19.26    97.2155     0.0755      79772    6.60837    0.00000    34.8989    34.8972         50 0.0000e+00
   2708.000   2665.352     1.6140     1.6042  31.505214  31.494464    6.59694     1.6997 2.2009e+01    -0.0236     0.0000      21.31    97.2377     0.0755      79887    6.59658    0.00000    34.8989    34.8962         59 0.0000e+00
   2706.000   2663.396     1.6266     1.6224  31.515165  31.511032    6.59230     1.6996 2.1980e+01    -0.0230     0.0000      23.12    97.2751     0.0755      79962    6.59183    0.00000    34.8987    34.8980         55 0.0000e+00
   2704.000   2661.440     1.6332     1.6296  31.520197  31.516106    6.58666     1.6992 2.2060e+01    -0.0237     0.0000      25.32    97.2733     0.0755      80074    6.58654    0.00000    34.8987    34.8975         56 0.0000e+00
   2702.000   2659.484     1.7058     1.6868  31.583120  31.564363    6.57082     1.6992 2.2001e+01    -0.0234     0.0000      26.84    97.3655     0.0755      80110    6.57063    0.00000    34.8992    34.8965         39 0.0000e+00
   2700.000   2657.528     1.7320     1.7222  31.604292  31.594862    6.56618     1.6996 2.2086e+01    -0.0234     0.0000      28.81    97.4508     0.0755      80154    6.56588    0.00000    34.8980    34.8969         52 0.0000e+00
   2698.000   2655.571     1.7417     1.7337  31.611160  31.604376    6.56582     1.7002 2.2052e+01    -0.0230     0.0000      30.96    97.4449     0.0755      80221    6.56555    0.00000    34.8970    34.8972         77 0.0000e+00
   2696.000   2653.615     1.7439     1.7378  31.611927  31.606124    6.56923     1.7012 2.2209e+01    -0.0237     0.0000      32.81    97.4940     0.0755      80291    6.56906    0.00000    34.8966    34.8959         54 0.0000e+00
   2694.000   2651.659     1.7508     1.7496  31.616785  31.615174    6.57104     1.7021 2.2052e+01    -0.0227     0.0000      34.35    97.5096     0.0755      80333    6.57097    0.00000    34.8961    34.8954         36 0.0000e+00
   2692.000   2649.702     1.7545     1.7541  31.619004  31.618166    6.57133     1.7026 2.2005e+01    -0.0236     0.0000      36.14    97.5100     0.0755      80370    6.57117    0.00000    34.8958    34.8952         41 0.0000e+00
   2690.000   2647.746     1.7581     1.7564  31.621136  31.619438    6.57836     1.7043 2.2083e+01    -0.0231     0.0000      38.60    97.5071     0.0755      80423    6.57828    0.00000    34.8954    34.8952         63 0.0000e+00
   2688.000   2645.790     1.7585     1.7580  31.620525  31.619776    6.57937     1.7048 2.1954e+01    -0.0231     0.0000      78.70    97.5188     0.0755      80477    6.57915    0.00000    34.8952    34.8948         42 0.0000e+00
   2686.000   2643.833     1.7624     1.7607  31.623149  31.621283    6.58073     1.7055 2.1842e+01    -0.0233     0.0000      72.38    97.5181     0.0755      80519    6.58064    0.00000    34.8952    34.8947         47 0.0000e+00
   2684.000   2641.877     1.7772     1.7686  31.635814  31.627351    6.57867     1.7059 2.2093e+01    -0.0230     0.0000      99.45    97.5317     0.0755      80574    6.57847    0.00000    34.8958    34.8947         58 0.0000e+00
