Ship_data/Irminger/Irminger-2/ctd/process/OOI/at30_003.ros
* Sea-Bird SBE 9 Data File:
* FileName = C:\data\ctd\at30_003.hex
* Software Version Seasave V 7.21f
* Temperature SN = 2265
* Conductivity SN = 3021
* Number of Bytes Per Scan = 40
* Number of Voltage Words = 5
* Number of Scans Averaged by the Deck Unit = 1
* NMEA Latitude = 42 31.25 N
* NMEA Longitude = 062 34.71 W
* NMEA UTC (Time) = Aug 07 2015  17:47:11
# nquan = 17
# nvalues = 588                                   
# units = specified
# name 0 = prDM: Pressure, Digiquartz [db]
# name 1 = depSM: Depth [salt water, m]
# name 2 = t090C: Temperature [ITS-90, deg C]
# name 3 = t190C: Temperature, 2 [ITS-90, deg C]
# name 4 = c0mS/cm: Conductivity [mS/cm]
# name 5 = c1mS/cm: Conductivity, 2 [mS/cm]
# name 6 = sbeox0ML/L: Oxygen, SBE 43 [ml/l]
# name 7 = sbeox0V: Oxygen raw, SBE 43 [V]
# name 8 = spar: SPAR/Surface Irradiance
# name 9 = flECO-AFL: Fluorescence, WET Labs ECO-AFL/FL [mg/m^3]
# name 10 = v2: Voltage 2
# name 11 = altM: Altimeter [m]
# name 12 = CStarTr0: Beam Transmission, WET Labs C-Star [%]
# name 13 = turbWETntu0: Turbidity, WET Labs ECO [NTU]
# name 14 = scan: Scan Count
# name 15 = nbf: Bottles Fired
# name 16 = flag:  0.000e+00
# interval = seconds: 0.0416667
# start_time = Aug 07 2015 17:47:11 [NMEA time, header]
# bad_flag = -9.990e-29
*END*
[from data line 426]
    100.909    100.088    13.7606    13.7613  42.530818  42.529513    4.48158     2.0401 1.6338e+03    -0.0145     0.0000      98.78    97.3400     0.0707     175047          9  0.000e+00
    100.990    100.169    13.7607    13.7615  42.530618  42.529895    4.48162     2.0401 1.6358e+03    -0.0219     0.0000      98.78    97.3400     0.0707     175048          9  0.000e+00
    100.909    100.088    13.7607    13.7613  42.530484  42.529894    4.48158     2.0401 1.6378e+03    -0.0219     0.0000      98.75    97.3400     0.0707     175049          9  0.000e+00
    100.974    100.153    13.7605    13.7613  42.530484  42.529577    4.48163     2.0401 1.6398e+03    -0.0145     0.0000      98.75    97.3400     0.0707     175050          9  0.000e+00
    100.933    100.112    13.7605    13.7613  42.530283  42.529894    4.48161     2.0401 1.6418e+03    -0.0145     0.0000      98.78    97.3138     0.0707     175051          9  0.000e+00
    100.974    100.153    13.7602    13.7613  42.530350  42.529577    4.47442     2.0376 1.6439e+03    -0.0145     0.0000      98.75    97.3138     0.0707     175052          9  0.000e+00
    100.990    100.169    13.7604    13.7613  42.530484  42.530212    4.48164     2.0401 1.6459e+03    -0.0145     0.0000      98.75    97.3138     0.0707     175053          9  0.000e+00
    100.974    100.153    13.7604    13.7612  42.529949  42.529196    4.48165     2.0401 1.6479e+03    -0.0219     0.0000      98.75    97.3400     0.0707     175054          9  0.000e+00
    100.990    100.169    13.7602    13.7612  42.529748  42.529895    4.48167     2.0401 1.6479e+03    -0.0219     0.0000      98.78    97.3400     0.0707     175055          9  0.000e+00
    100.974    100.153    13.7599    13.7613  42.529547  42.529577    4.48169     2.0401 1.6499e+03    -0.0219     0.0000      98.75    97.3400     0.0707     175056          9  0.000e+00
    100.974    100.153    13.7590    13.7615  42.528611  42.529895    4.48177     2.0401 1.6499e+03    -0.0219     0.0000      98.78    97.3400     0.0707     175057          9  0.000e+00
    100.990    100.169    13.7585    13.7613  42.528008  42.529577    4.48182     2.0401 1.6499e+03    -0.0219     0.0000      98.78    97.3138     0.0707     175058          9  0.000e+00
    100.974    100.153    13.7580    13.7613  42.527139  42.529895    4.48187     2.0401 1.6519e+03    -0.0219     0.0000      98.78    97.3138     0.0707     175059          9  0.000e+00
    101.055    100.233    13.7580    13.7617  42.527407  42.530276    4.48552     2.0413 1.6499e+03    -0.0145     0.0000      98.78    97.3138     0.0707     175060          9  0.000e+00
    100.974    100.153    13.7582    13.7612  42.527607  42.529577    4.48185     2.0401 1.6519e+03    -0.0145     0.0000      98.75    97.3138     0.0707     175061          9  0.000e+00
    100.974    100.153    13.7606    13.7615  42.530283  42.529514    4.48501     2.0412 1.6699e+03    -0.0145     0.0000      98.78    97.3138     0.0707     175489         10  0.000e+00
    100.933    100.113    13.7605    13.7617  42.530350  42.529894    4.48499     2.0412 1.6699e+03    -0.0145     0.0000      98.75    97.3400     0.0707     175490         10  0.000e+00
    100.909    100.088    13.7609    13.7618  42.531019  42.530656    4.48133     2.0400 1.6719e+03    -0.0145     0.0000      98.78    97.3661     0.0707     175491         10  0.000e+00
    100.933    100.113    13.7611    13.7618  42.531220  42.530593    4.48493     2.0412 1.6719e+03    -0.0145     0.0000      98.75    97.3400     0.0707     175492         10  0.000e+00
    100.909    100.088    13.7615    13.7622  42.531755  42.531037    4.48487     2.0412 1.6759e+03    -0.0145     0.0000      98.78    97.3400     0.0707     175493         10  0.000e+00
    100.990    100.169    13.7611    13.7623  42.531421  42.530593    4.48496     2.0412 1.6759e+03    -0.0219     0.0000      98.78    97.3400     0.0707     175494         10  0.000e+00
    100.909    100.088    13.7609    13.7625  42.531220  42.531037    4.48493     2.0412 1.6799e+03    -0.0219     0.0000      98.78    97.3400     0.0707     175495         10  0.000e+00
    100.909    100.088    13.7605    13.7625  42.531220  42.530973    4.48495     2.0412 1.6799e+03    -0.0219     0.0000      98.75    97.3400     0.0707     175496         10  0.000e+00
    100.933    100.113    13.7609    13.7627  42.531220  42.531037    4.48494     2.0412 1.6819e+03    -0.0219     0.0000      98.75    97.3138     0.0707     175497         10  0.000e+00
    100.909    100.088    13.7613    13.7625  42.531487  42.531354    4.48490     2.0412 1.6839e+03    -0.0219     0.0000      98.78    97.3400     0.0707     175498         10  0.000e+00
    100.933    100.113    13.7612    13.7627  42.531822  42.531037    4.48491     2.0412 1.6860e+03    -0.0219     0.0000      98.78    97.3400     0.0707     175499         10  0.000e+00
    100.974    100.153    13.7615    13.7628  42.532157  42.531736    4.48490     2.0412 1.6880e+03    -0.0219     0.0000      98.78    97.3661     0.0707     175500         10  0.000e+00
    100.933    100.113    13.7622    13.7630  42.532090  42.532116    4.48483     2.0412 1.6900e+03    -0.0219     0.0000      98.75    97.3400     0.0707     175501         10  0.000e+00
    100.909    100.088    13.7621    13.7628  42.532759  42.531735    4.48481     2.0412 1.6920e+03    -0.0219     0.0000      98.78    97.3400     0.0707     175502         10  0.000e+00
    100.909    100.088    13.7621    13.7628  42.532826  42.531735    4.48481     2.0412 1.6940e+03    -0.0219     0.0000      98.78    97.3400     0.0707     175503         10  0.000e+00
    100.990    100.169    13.7622    13.7629  42.532424  42.531355    4.48485     2.0412 1.6960e+03    -0.0219     0.0000      98.78    97.3400     0.0707     175504         10  0.000e+00
    100.909    100.088    13.7622    13.7627  42.532290  42.531735    4.48481     2.0412 1.6980e+03    -0.0145     0.0000      98.75    97.3138     0.0707     175505         10  0.000e+00
    100.933    100.113    13.7621    13.7623  42.532558  42.531355    4.48483     2.0412 1.7000e+03    -0.0219     0.0000      98.78    97.3138     0.0707     175506         10  0.000e+00
    100.974    100.153    13.7619    13.7627  42.532424  42.531418    4.48486     2.0412 1.7000e+03    -0.0145     0.0000      98.75    97.3138     0.0707     175507         10  0.000e+00
    100.877    100.056    13.7619    13.7623  42.532089  42.530973    4.48482     2.0412 1.7040e+03    -0.0145     0.0000      98.78    97.3400     0.0707     175508         10  0.000e+00
    100.974    100.153    13.7619    13.7625  42.531956  42.531418    4.48488     2.0412 1.7040e+03    -0.0145     0.0000      98.78    97.3400     0.0707     175509         10  0.000e+00
    100.909    100.088    13.7617    13.7623  42.531956  42.530973    4.48485     2.0412 1.7060e+03    -0.0219     0.0000      98.78    97.3400     0.0707     175510         10  0.000e+00
    100.933    100.113    13.7616    13.7623  42.531956  42.531037    4.48487     2.0412 1.7060e+03    -0.0145     0.0000      98.78    97.3400     0.0707     175511         10  0.000e+00
    100.974    100.153    13.7617    13.7623  42.531755  42.530974    4.48489     2.0412 1.7080e+03    -0.0219     0.0000      98.78    97.3400     0.0707     175512         10  0.000e+00
    100.933    100.113    13.7614    13.7623  42.531354  42.531735    4.48490     2.0412 1.7100e+03    -0.0219     0.0000      98.78    97.3400     0.0707     175513         10  0.000e+00
    100.909    100.088    13.7614    13.7625  42.531487  42.531037    4.48488     2.0412 1.7100e+03    -0.0145     0.0000      98.78    97.3138     0.0707     175514         10  0.000e+00
    100.933    100.113    13.7613    13.7623  42.531621  42.530974    4.48490     2.0412 1.7120e+03    -0.0219     0.0000      98.75    97.3400     0.0707     175515         10  0.000e+00
    100.974    100.153    13.7612    13.7627  42.531621  42.531736    4.48493     2.0412 1.7120e+03    -0.0219     0.0000      98.75    97.3400     0.0707     175516         10  0.000e+00
    100.909    100.088    13.7614    13.7629  42.531354  42.530973    4.49211     2.0437 1.7140e+03    -0.0219     0.0000      98.75    97.3138     0.0707     175517         10  0.000e+00
    100.933    100.113    13.7614    13.7630  42.531487  42.531735    4.48489     2.0412 1.7160e+03    -0.0219     0.0000      98.78    97.3138     0.0707     175518         10  0.000e+00
    100.909    100.088    13.7611    13.7630  42.531086  42.532053    4.48491     2.0412 1.7160e+03    -0.0219     0.0000      98.75    97.3138     0.0707     175519         10  0.000e+00
    100.933    100.113    13.7613    13.7630  42.531421  42.531735    4.48490     2.0412 1.7180e+03    -0.0145     0.0000      98.75    97.3138     0.0707     175520         10  0.000e+00
    100.909    100.088    13.7614    13.7630  42.531354  42.531735    4.48488     2.0412 1.7200e+03    -0.0219     0.0000      98.78    97.3138     0.0707     175521         10  0.000e+00
    100.990    100.169    13.7612    13.7632  42.531220  42.532116    4.48494     2.0412 1.7200e+03    -0.0219     0.0000      98.75    97.3138     0.0707     175522         10  0.000e+00
    100.909    100.088    13.7614    13.7630  42.531487  42.532053    4.48488     2.0412 1.7220e+03    -0.0145     0.0000      98.78    97.3400     0.0707     175523         10  0.000e+00
    100.909    100.088    13.7616    13.7630  42.531621  42.531735    4.48486     2.0412 1.7220e+03    -0.0219     0.0000      98.75    97.3400     0.0707     175524         10  0.000e+00
    100.933    100.113    13.7614    13.7630  42.532090  42.532053    4.48126     2.0400 1.7220e+03    -0.0219     0.0000      98.78    97.3400     0.0707     175525         10  0.000e+00
    100.909    100.088    13.7619    13.7633  42.532290  42.532116    4.48482     2.0412 1.7260e+03    -0.0145     0.0000      98.75    97.3400     0.0731     175526         10  0.000e+00
    100.990    100.169    13.7617    13.7632  42.532291  42.532053    4.48488     2.0412 1.7260e+03    -0.0145     0.0000      98.78    97.3400     0.0707     175527         10  0.000e+00
    100.909    100.088    13.7619    13.7632  42.532090  42.532497    4.48482     2.0412 1.7260e+03    -0.0145     0.0000      98.78    97.3400     0.0707     175528         10  0.000e+00
    100.877    100.056    13.7621    13.7630  42.532156  42.532053    4.48479     2.0412 1.7281e+03    -0.0145     0.0000      98.75    97.3400     0.0707     175529         10  0.000e+00
    100.974    100.153    13.7619    13.7630  42.532291  42.532497    4.48486     2.0412 1.7301e+03    -0.0219     0.0000      98.78    97.3400     0.0707     175530         10  0.000e+00
    100.909    100.088    13.7621    13.7628  42.532090  42.532053    4.48481     2.0412 1.7301e+03    -0.0219     0.0000      98.75    97.3138     0.0707     175531         10  0.000e+00
    100.933    100.113    13.7621    13.7627  42.532157  42.531735    4.48482     2.0412 1.7321e+03    -0.0145     0.0000      98.78    97.3400     0.0707     175532         10  0.000e+00
    100.909    100.088    13.7619    13.7627  42.532558  42.531735    4.48481     2.0412 1.7361e+03    -0.0219     0.0000      98.78    97.3400     0.0707     175533         10  0.000e+00
    100.933    100.113    13.7621    13.7625  42.532157  42.531418    4.48482     2.0412 1.7361e+03    -0.0219     0.0000      98.75    97.3400     0.0707     175534         10  0.000e+00
    100.909    100.088    13.7619    13.7627  42.532156  42.531354    4.48482     2.0412 1.7381e+03    -0.0219     0.0000      98.78    97.3138     0.0707     175535         10  0.000e+00
    100.933    100.113    13.7621    13.7623  42.532558  42.531735    4.48481     2.0412 1.7401e+03    -0.0219     0.0000      98.78    97.3400     0.0707     175536         10  0.000e+00
    100.909    100.088    13.7621    13.7627  42.532156  42.531354    4.48481     2.0412 1.7401e+03    -0.0219     0.0000      98.75    97.3400     0.0707     175537         10  0.000e+00
     22.078     21.902    15.7030    15.7070  43.033229  43.036701    6.25332     2.7261 1.7621e+03    -0.0145     0.0000      98.75    92.2127     0.0707     184393         11  0.000e+00
     22.135     21.959    15.7032    15.7070  43.033297  43.036382    6.25334     2.7261 1.7621e+03    -0.0145     0.0000      98.75    92.2127     0.0707     184394         11  0.000e+00
     22.135     21.959    15.7030    15.7070  43.033700  43.036318    6.25334     2.7261 1.7601e+03    -0.0145     0.0000      98.78    92.2127     0.0707     184395         11  0.000e+00
     22.078     21.902    15.7030    15.7067  43.033834  43.035935    6.25329     2.7261 1.7621e+03    -0.0219     0.0000      98.75    92.2389     0.0707     184396         11  0.000e+00
     22.078     21.902    15.7028    15.7065  43.033296  43.035935    6.25680     2.7273 1.7581e+03    -0.0145     0.0000      98.75    92.2389     0.0707     184397         11  0.000e+00
     22.135     21.959    15.7025    15.7061  43.033095  43.035616    6.25341     2.7261 1.7581e+03    -0.0145     0.0000      98.75    92.2127     0.0707     184398         11  0.000e+00
     22.135     21.959    15.7027    15.7063  43.033297  43.035553    6.25338     2.7261 1.7581e+03    -0.0219     0.0000      98.75    92.1865     0.0707     184399         11  0.000e+00
     22.135     21.959    15.7023    15.7057  43.033230  43.035234    6.25689     2.7273 1.7581e+03    -0.0145     0.0000      98.75    92.1865     0.0707     184400         11  0.000e+00
     22.135     21.959    15.7027    15.7057  43.033297  43.035234    6.25338     2.7261 1.7561e+03    -0.0145     0.0000      98.75    92.1865     0.0707     184401         11  0.000e+00
     22.078     21.902    15.7027    15.7055  43.033229  43.034851    6.25334     2.7261 1.7561e+03    -0.0145     0.0000      98.75    92.1865     0.0707     184402         11  0.000e+00
     22.135     21.959    15.7028    15.7050  43.033297  43.034915    6.25684     2.7273 1.7561e+03    -0.0145     0.0000      98.75    92.1865     0.0707     184403         11  0.000e+00
     22.135     21.959    15.7030    15.7048  43.033431  43.034468    6.25682     2.7273 1.7541e+03    -0.0145     0.0000      98.75    92.1865     0.0707     184404         11  0.000e+00
     22.135     21.959    15.7028    15.7046  43.033431  43.034851    6.25683     2.7273 1.7541e+03    -0.0219     0.0000      98.75    92.2127     0.0707     184405         11  0.000e+00
     22.135     21.959    15.7028    15.7046  43.032961  43.034468    6.26032     2.7285 1.7541e+03    -0.0145     0.0000      98.75    92.1865     0.0707     184406         11  0.000e+00
     22.078     21.902    15.7028    15.7045  43.033229  43.034149    6.25679     2.7273 1.7541e+03    -0.0219     0.0000      98.75    92.1865     0.0707     184407         11  0.000e+00
     22.199     22.023    15.7030    15.7043  43.033230  43.033703    6.25687     2.7273 1.7501e+03    -0.0219     0.0000      98.75    92.1865     0.0707     184408         11  0.000e+00
     22.135     21.959    15.7030    15.7043  43.033633  43.033703    6.25681     2.7273 1.7521e+03    -0.0145     0.0000      98.75    92.2389     0.0707     184409         11  0.000e+00
     22.135     21.959    15.7030    15.7041  43.033566  43.033384    6.25681     2.7273 1.7501e+03    -0.0219     0.0000      98.75    92.2389     0.0707     184410         11  0.000e+00
     22.135     21.959    15.7028    15.7039  43.033700  43.033767    6.25682     2.7273 1.7501e+03    -0.0219     0.0000      98.75    92.2389     0.0707     184411         11  0.000e+00
     22.135     21.959    15.7028    15.7039  43.033835  43.033703    6.25682     2.7273 1.7501e+03    -0.0219     0.0000      98.75    92.2127     0.0707     184412         11  0.000e+00
