Ship_data/Irminger/Irminger-2/ctd/process/OOI/at30_008.cnv
* Sea-Bird SBE 9 Data File:
* FileName = C:\data\ctd\at30_008.hex
* Software Version Seasave V 7.21f
* Temperature SN = 2265
* Conductivity SN = 3021
* Number of Bytes Per Scan = 40
* Number of Voltage Words = 5
* Number of Scans Averaged by the Deck Unit = 1
* NMEA Latitude = 59 43.12 N
* NMEA Longitude = 039 21.38 W
* NMEA UTC (Time) = Aug 19 2015  12:16:11
** Confirmation of seafloor depth at FLMB -2  site
# nquan = 21
# nvalues = 2850                        
# units = specified
# name 0 = prDM: Pressure, Digiquartz [db]
# name 1 = depSM: Depth [salt water, m]
# name 2 = t090C: Temperature [ITS-90, deg C]
# name 3 = t190C: Temperature, 2 [ITS-90, deg C]
# name 4 = c0mS/cm: Conductivity [mS/cm]
# name 5 = c1mS/cm: Conductivity, 2 [mS/cm]
# name 6 = sbeox0ML/L: Oxygen, SBE 43 [ml/l]
# name 7 = sbeox0V: Oxygen raw, SBE 43 [V]
# name 8 = spar: SPAR/Surface Irradiance
# name 9 = flECO-AFL: Fluorescence, WET Labs ECO-AFL/FL [mg/m^3]
# name 10 = v2: Voltage 2
# name 11 = altM: Altimeter [m]
# name 12 = CStarTr0: Beam Transmission, WET Labs C-Star [%]
# name 13 = turbWETntu0: Turbidity, WET Labs ECO [NTU]
# name 14 = scan: Scan Count
# name 15 = sbeox0ML/L: Oxygen, SBE 43 [ml/l], WS = 2
# name 16 = sbeox0dOV/dT: Oxygen, SBE 43 [dov/dt], WS = 2
# name 17 = sal00: Salinity, Practical [PSU]
# name 18 = sal11: Salinity, Practical, 2 [PSU]
# name 19 = nbin: number of scans per bin
# name 20 = flag: flag
# span 0 =      2.000,   2852.000       
# span 1 =      1.981,   2806.161       
# span 2 =     1.5231,     8.3781       
# span 3 =     1.5236,     8.3791       
# span 4 =  31.479872,  36.423672       
# span 5 =  31.480015,  36.424631       
# span 6 =    5.99431,    6.92749       
# span 7 =     1.6692,     2.5214       
# span 8 = 2.9654e+02, 4.3121e+02       
# span 9 =    -0.0343,     1.6518       
# span 10 =     0.0000,     0.0000      
# span 11 =       9.23,      99.33      
# span 12 =    92.9220,    97.5686      
# span 13 =     0.0717,     0.1400      
# span 14 =        500,     160805      
# span 15 =    5.99424,    6.92822      
# span 16 =    0.00000,    0.00000      
# span 17 =    34.8437,    34.9417      
# span 18 =    34.8427,    34.9422      
# span 19 =         31,        139      
# span 20 = 0.0000e+00, 0.0000e+00      
# interval = decibars: 2                
# start_time = Aug 19 2015 12:16:11 [NMEA time, header]
# bad_flag = -9.990e-29
*END*
[from data line 2069]
   1564.000   1543.500     3.5552     3.5550  32.782545  32.782208    6.01478     1.8415 3.8219e+02    -0.0226     0.0000      98.78    97.5231     0.0755     116383    6.01484    0.00000    34.9283    34.9280         52 0.0000e+00
   1562.000   1541.533     3.5573     3.5571  32.783703  32.783378    6.01642     1.8422 3.8114e+02    -0.0233     0.0000      98.78    97.5231     0.0755     116440    6.01604    0.00000    34.9284    34.9282         53 0.0000e+00
   1560.000   1539.567     3.5580     3.5583  32.783597  32.783546    6.01397     1.8422 3.8032e+02    -0.0236     0.0000      98.78    97.5236     0.0755     116483    6.01421    0.00000    34.9284    34.9281         39 0.0000e+00
   1558.000   1537.600     3.5609     3.5605  32.785528  32.784931    6.01256     1.8423 3.8102e+02    -0.0233     0.0000      98.78    97.5184     0.0755     116523    6.01241    0.00000    34.9287    34.9284         43 0.0000e+00
   1556.000   1535.634     3.5635     3.5631  32.787293  32.786740    6.01405     1.8430 3.8054e+02    -0.0227     0.0000      98.78    97.5163     0.0755     116579    6.01390    0.00000    34.9290    34.9288         68 0.0000e+00
   1554.000   1533.667     3.5666     3.5653  32.789320  32.787707    6.01369     1.8434 3.7994e+02    -0.0222     0.0000      98.78    97.5233     0.0755     116636    6.01358    0.00000    34.9292    34.9286         41 0.0000e+00
   1552.000   1531.701     3.5700     3.5700  32.791861  32.791567    6.01227     1.8434 3.8212e+02    -0.0223     0.0000      98.78    97.5231     0.0755     116673    6.01136    0.00000    34.9295    34.9292         39 0.0000e+00
   1550.000   1529.734     3.5726     3.5722  32.793518  32.792956    6.01004     1.8435 3.8259e+02    -0.0225     0.0000      98.78    97.5231     0.0755     116726    6.00992    0.00000    34.9298    34.9295         66 0.0000e+00
   1548.000   1527.767     3.5731     3.5733  32.792950  32.792996    6.00967     1.8438 3.8175e+02    -0.0228     0.0000      98.78    97.5231     0.0755     116782    6.00949    0.00000    34.9296    34.9294         41 0.0000e+00
   1546.000   1525.801     3.5743     3.5742  32.793386  32.792938    6.01075     1.8446 3.8293e+02    -0.0227     0.0000      98.78    97.5231     0.0755     116819    6.01138    0.00000    34.9298    34.9294         39 0.0000e+00
   1544.000   1523.834     3.5797     3.5780  32.797862  32.795909    6.00942     1.8446 3.8466e+02    -0.0225     0.0000      98.78    97.5231     0.0755     116864    6.00886    0.00000    34.9304    34.9299         52 0.0000e+00
   1542.000   1521.867     3.5864     3.5830  32.803434  32.799805    6.00800     1.8449 3.8458e+02    -0.0227     0.0000      98.78    97.5231     0.0755     116920    6.00758    0.00000    34.9309    34.9302         56 0.0000e+00
   1540.000   1519.901     3.5884     3.5883  32.804290  32.803940    6.00440     1.8446 3.8462e+02    -0.0231     0.0000      98.78    97.5231     0.0755     116974    6.00427    0.00000    34.9308    34.9305         50 0.0000e+00
   1538.000   1517.934     3.5886     3.5893  32.803437  32.803748    6.00282     1.8446 3.8523e+02    -0.0228     0.0000      98.78    97.5231     0.0755     117018    6.00271    0.00000    34.9305    34.9302         42 0.0000e+00
   1536.000   1515.967     3.5900     3.5901  32.803766  32.803637    6.00173     1.8448 3.8517e+02    -0.0230     0.0000      98.78    97.5231     0.0755     117062    6.00162    0.00000    34.9304    34.9302         45 0.0000e+00
   1534.000   1514.000     3.5922     3.5915  32.805109  32.804166    6.00472     1.8458 3.8519e+02    -0.0234     0.0000      98.78    97.5231     0.0755     117111    6.00454    0.00000    34.9307    34.9304         55 0.0000e+00
   1532.000   1512.034     3.5936     3.5935  32.805424  32.805306    6.00869     1.8471 3.8262e+02    -0.0226     0.0000      98.78    97.5231     0.0755     117168    6.00839    0.00000    34.9306    34.9305         52 0.0000e+00
   1530.000   1510.067     3.5913     3.5928  32.801656  32.803162    6.00707     1.8470 3.8225e+02    -0.0232     0.0000      98.78    97.5190     0.0755     117209    6.00681    0.00000    34.9295    34.9297         34 0.0000e+00
   1528.000   1508.100     3.5903     3.5911  32.799447  32.800251    6.00889     1.8477 3.8294e+02    -0.0228     0.0000      98.78    97.5174     0.0755     117247    6.00883    0.00000    34.9290    34.9291         48 0.0000e+00
   1526.000   1506.133     3.5899     3.5909  32.798149  32.799136    6.00969     1.8483 3.7842e+02    -0.0234     0.0000      98.78    97.5081     0.0755     117333    6.00999    0.00000    34.9288    34.9290         50 0.0000e+00
   1524.000   1504.166     3.5921     3.5923  32.798769  32.798734    6.00777     1.8482 3.7876e+02    -0.0226     0.0000      98.78    97.5174     0.0755     117363    6.00759    0.00000    34.9282    34.9279         32 0.0000e+00
   1522.000   1502.200     3.5955     3.5946  32.801078  32.800077    6.00632     1.8484 3.8007e+02    -0.0228     0.0000      98.78    97.5153     0.0755     117398    6.00624    0.00000    34.9284    34.9281         39 0.0000e+00
   1520.000   1500.233     3.6016     3.5997  32.806442  32.804255    6.00897     1.8495 3.7825e+02    -0.0224     0.0000      98.78    97.5133     0.0755     117453    6.00896    0.00000    34.9293    34.9286         66 0.0000e+00
   1518.000   1498.266     3.6080     3.6041  32.811771  32.807368    6.00900     1.8501 3.7642e+02    -0.0228     0.0000      98.78    97.5155     0.0755     117506    6.00877    0.00000    34.9298    34.9288         42 0.0000e+00
   1516.000   1496.299     3.6139     3.6128  32.816682  32.815200    6.00715     1.8503 3.7682e+02    -0.0223     0.0000      98.78    97.5085     0.0755     117547    6.00700    0.00000    34.9304    34.9298         43 0.0000e+00
   1514.000   1494.332     3.6174     3.6164  32.819129  32.818148    6.00690     1.8507 3.7580e+02    -0.0224     0.0000      98.78    97.5106     0.0755     117603    6.00690    0.00000    34.9307    34.9305         67 0.0000e+00
   1512.000   1492.365     3.6199     3.6185  32.820653  32.818991    6.00449     1.8507 3.7564e+02    -0.0228     0.0000      98.78    97.5130     0.0755     117659    6.00482    0.00000    34.9307    34.9302         42 0.0000e+00
   1510.000   1490.398     3.6211     3.6215  32.820876  32.821021    6.00283     1.8506 3.7613e+02    -0.0223     0.0000      98.78    97.5117     0.0755     117699    6.00259    0.00000    34.9308    34.9305         44 0.0000e+00
   1508.000   1488.431     3.6228     3.6225  32.821502  32.821168    6.00120     1.8506 3.7539e+02    -0.0229     0.0000      98.78    97.5131     0.0755     117750    6.00077    0.00000    34.9307    34.9306         52 0.0000e+00
   1506.000   1486.464     3.6238     3.6237  32.821561  32.821185    5.99903     1.8506 3.7638e+02    -0.0225     0.0000      98.78    97.5161     0.0755     117794    5.99912    0.00000    34.9307    34.9303         39 0.0000e+00
   1504.000   1484.497     3.6237     3.6244  32.820566  32.821127    6.00116     1.8514 3.7659e+02    -0.0230     0.0000      98.78    97.5123     0.0755     117840    6.00110    0.00000    34.9306    34.9306         56 0.0000e+00
   1502.000   1482.530     3.6227     3.6236  32.818432  32.819291    6.00174     1.8518 3.7652e+02    -0.0222     0.0000      98.78    97.5201     0.0755     117897    6.00146    0.00000    34.9301    34.9302         50 0.0000e+00
   1500.000   1480.563     3.6232     3.6237  32.817915  32.818248    6.00264     1.8524 3.7710e+02    -0.0229     0.0000      98.78    97.5156     0.0755     117943    6.00247    0.00000    34.9300    34.9298         51 0.0000e+00
   1498.000   1478.596     3.6250     3.6249  32.818681  32.818530    6.00117     1.8525 3.7699e+02    -0.0224     0.0000      98.78    97.5203     0.0755     117999    6.00104    0.00000    34.9300    34.9299         53 0.0000e+00
   1496.000   1476.629     3.6272     3.6272  32.819957  32.819564    5.99762     1.8521 3.7812e+02    -0.0225     0.0000      98.78    97.5153     0.0755     118043    5.99745    0.00000    34.9301    34.9297         39 0.0000e+00
   1494.000   1474.662     3.6305     3.6306  32.822215  32.822012    5.99883     1.8528 3.7846e+02    -0.0228     0.0000      98.78    97.5012     0.0755     118085    5.99857    0.00000    34.9303    34.9300         48 0.0000e+00
   1492.000   1472.694     3.6304     3.6310  32.820868  32.821564    5.99742     1.8528 3.7757e+02    -0.0223     0.0000      98.78    97.4947     0.0755     118137    5.99712    0.00000    34.9299    34.9301         50 0.0000e+00
   1490.000   1470.727     3.6254     3.6270  32.814428  32.816142    5.99796     1.8531 3.7783e+02    -0.0229     0.0000      98.78    97.5191     0.0755     118181    5.99771    0.00000    34.9285    34.9288         44 0.0000e+00
   1488.000   1468.760     3.6249     3.6253  32.813109  32.813356    5.99645     1.8531 3.7712e+02    -0.0235     0.0000      98.78    97.5231     0.0755     118234    5.99625    0.00000    34.9284    34.9283         58 0.0000e+00
   1486.000   1466.793     3.6269     3.6268  32.813957  32.813699    5.99871     1.8540 3.7657e+02    -0.0230     0.0000      98.78    97.5224     0.0755     118287    5.99842    0.00000    34.9283    34.9281         47 0.0000e+00
   1484.000   1464.826     3.6287     3.6288  32.814835  32.814749    6.00161     1.8551 3.7706e+02    -0.0227     0.0000      98.78    97.5135     0.0755     118336    6.00152    0.00000    34.9284    34.9282         53 0.0000e+00
   1482.000   1462.858     3.6295     3.6294  32.814651  32.814455    6.00180     1.8555 3.7555e+02    -0.0228     0.0000      98.78    97.5196     0.0755     118390    6.00170    0.00000    34.9283    34.9282         48 0.0000e+00
   1480.000   1460.891     3.6310     3.6313  32.815027  32.815146    5.99954     1.8555 3.7593e+02    -0.0227     0.0000      98.78    97.5231     0.0755     118432    5.99976    0.00000    34.9282    34.9280         38 0.0000e+00
   1478.000   1458.924     3.6313     3.6318  32.814309  32.814580    5.99857     1.8554 3.7706e+02    -0.0224     0.0000      98.78    97.5231     0.0755     118470    5.99776    0.00000    34.9280    34.9279         41 0.0000e+00
   1476.000   1456.956     3.6315     3.6319  32.813449  32.813812    6.00167     1.8566 3.7598e+02    -0.0226     0.0000      98.78    97.5144     0.0755     118520    6.00151    0.00000    34.9278    34.9278         61 0.0000e+00
   1474.000   1454.989     3.6334     3.6328  32.814423  32.813662    6.00484     1.8578 3.7476e+02    -0.0227     0.0000      98.78    97.5206     0.0755     118583    6.00503    0.00000    34.9279    34.9277         56 0.0000e+00
   1472.000   1453.022     3.6398     3.6392  32.819901  32.818714    6.00328     1.8579 3.7523e+02    -0.0227     0.0000      98.78    97.5179     0.0755     118631    6.00280    0.00000    34.9287    34.9279         45 0.0000e+00
   1470.000   1451.054     3.6442     3.6431  32.823187  32.821964    6.00117     1.8579 3.7535e+02    -0.0227     0.0000      98.78    97.5121     0.0755     118677    6.00054    0.00000    34.9289    34.9286         47 0.0000e+00
   1468.000   1449.087     3.6469     3.6461  32.825076  32.823943    6.00048     1.8583 3.7595e+02    -0.0235     0.0000      98.78    97.5161     0.0755     118723    6.00040    0.00000    34.9292    34.9288         45 0.0000e+00
   1466.000   1447.120     3.6507     3.6501  32.827800  32.826876    5.99866     1.8584 3.7697e+02    -0.0227     0.0000      98.78    97.5193     0.0755     118767    5.99860    0.00000    34.9295    34.9290         44 0.0000e+00
   1464.000   1445.152     3.6535     3.6526  32.829623  32.828649    5.99910     1.8590 3.7703e+02    -0.0226     0.0000      98.78    97.5047     0.0755     118814    5.99900    0.00000    34.9297    34.9294         52 0.0000e+00
   1462.000   1443.185     3.6534     3.6538  32.828541  32.828807    6.00175     1.8599 3.7656e+02    -0.0230     0.0000      98.78    97.5015     0.0755     118870    6.00159    0.00000    34.9295    34.9294         53 0.0000e+00
   1460.000   1441.217     3.6555     3.6558  32.829675  32.829627    6.00207     1.8604 3.7802e+02    -0.0221     0.0000      98.78    97.5154     0.0755     118918    6.00189    0.00000    34.9296    34.9292         47 0.0000e+00
   1458.000   1439.250     3.6575     3.6571  32.830665  32.830224    6.00464     1.8613 3.7887e+02    -0.0223     0.0000      98.78    97.5148     0.0755     118971    6.00438    0.00000    34.9297    34.9295         56 0.0000e+00
   1456.000   1437.282     3.6585     3.6583  32.830712  32.830177    6.00357     1.8615 3.7889e+02    -0.0224     0.0000      98.78    97.5137     0.0755     119019    6.00335    0.00000    34.9296    34.9293         42 0.0000e+00
   1454.000   1435.315     3.6594     3.6597  32.830583  32.830736    6.00205     1.8616 3.8019e+02    -0.0225     0.0000      98.78    97.5096     0.0755     119062    6.00185    0.00000    34.9296    34.9294         47 0.0000e+00
   1452.000   1433.347     3.6601     3.6598  32.830442  32.830096    6.00009     1.8615 3.8126e+02    -0.0229     0.0000      98.78    97.5116     0.0755     119113    5.99993    0.00000    34.9296    34.9295         51 0.0000e+00
   1450.000   1431.380     3.6614     3.6615  32.830681  32.830622    5.99867     1.8616 3.8075e+02    -0.0226     0.0000      98.78    97.5151     0.0755     119159    5.99853    0.00000    34.9295    34.9293         43 0.0000e+00
   1448.000   1429.412     3.6618     3.6620  32.830173  32.830419    6.00200     1.8627 3.8158e+02    -0.0228     0.0000      98.78    97.5143     0.0755     119207    6.00180    0.00000    34.9295    34.9296         55 0.0000e+00
   1446.000   1427.445     3.6624     3.6625  32.829773  32.829710    6.00461     1.8636 3.8293e+02    -0.0229     0.0000      98.78    97.5146     0.0755     119259    6.00431    0.00000    34.9293    34.9292         45 0.0000e+00
   1444.000   1425.477     3.6638     3.6643  32.829987  32.830328    6.00281     1.8636 3.8333e+02    -0.0225     0.0000      98.78    97.5081     0.0755     119306    6.00253    0.00000    34.9291    34.9290         54 0.0000e+00
   1442.000   1423.510     3.6639     3.6643  32.829057  32.829353    6.00303     1.8640 3.8353e+02    -0.0229     0.0000      98.78    97.5189     0.0755     119362    6.00279    0.00000    34.9289    34.9289         51 0.0000e+00
   1440.000   1421.542     3.6638     3.6644  32.827849  32.828335    6.00085     1.8639 3.8570e+02    -0.0228     0.0000      98.78    97.5165     0.0755     119409    6.00065    0.00000    34.9286    34.9286         47 0.0000e+00
   1438.000   1419.574     3.6637     3.6643  32.826832  32.827248    6.00169     1.8644 3.8684e+02    -0.0226     0.0000      98.78    97.5173     0.0755     119455    6.00144    0.00000    34.9285    34.9284         44 0.0000e+00
   1436.000   1417.607     3.6643     3.6647  32.826433  32.826675    6.00241     1.8649 3.8748e+02    -0.0226     0.0000      98.78    97.5148     0.0755     119497    6.00215    0.00000    34.9284    34.9282         42 0.0000e+00
   1434.000   1415.639     3.6674     3.6670  32.828609  32.828109    6.00173     1.8653 3.8842e+02    -0.0231     0.0000      98.78    97.5089     0.0755     119545    6.00152    0.00000    34.9286    34.9285         56 0.0000e+00
   1432.000   1413.671     3.6695     3.6684  32.829637  32.828476    6.00221     1.8658 3.8753e+02    -0.0233     0.0000      98.78    97.5145     0.0755     119605    6.00193    0.00000    34.9287    34.9284         61 0.0000e+00
   1430.000   1411.704     3.6722     3.6718  32.831288  32.830526    6.00493     1.8668 3.8717e+02    -0.0227     0.0000      98.78    97.5146     0.0755     119660    6.00469    0.00000    34.9288    34.9282         44 0.0000e+00
