Ship_data/Irminger/Irminger-2/ctd/process/OOI/at30_007.ros
* Sea-Bird SBE 9 Data File:
* FileName = C:\data\ctd\at30_007.hex
* Software Version Seasave V 7.21f
* Temperature SN = 2265
* Conductivity SN = 3021
* Number of Bytes Per Scan = 40
* Number of Voltage Words = 5
* Number of Scans Averaged by the Deck Unit = 1
* NMEA Latitude = 59 46.29 N
* NMEA Longitude = 039 52.92 W
* NMEA UTC (Time) = Aug 17 2015  23:01:49
** Site of FLMA 2015 -- need to confirm bottom depth
# nquan = 17
# nvalues = 1176                                  
# units = specified
# name 0 = prDM: Pressure, Digiquartz [db]
# name 1 = depSM: Depth [salt water, m]
# name 2 = t090C: Temperature [ITS-90, deg C]
# name 3 = t190C: Temperature, 2 [ITS-90, deg C]
# name 4 = c0mS/cm: Conductivity [mS/cm]
# name 5 = c1mS/cm: Conductivity, 2 [mS/cm]
# name 6 = sbeox0ML/L: Oxygen, SBE 43 [ml/l]
# name 7 = sbeox0V: Oxygen raw, SBE 43 [V]
# name 8 = spar: SPAR/Surface Irradiance
# name 9 = flECO-AFL: Fluorescence, WET Labs ECO-AFL/FL [mg/m^3]
# name 10 = v2: Voltage 2
# name 11 = altM: Altimeter [m]
# name 12 = CStarTr0: Beam Transmission, WET Labs C-Star [%]
# name 13 = turbWETntu0: Turbidity, WET Labs ECO [NTU]
# name 14 = scan: Scan Count
# name 15 = nbf: Bottles Fired
# name 16 = flag:  0.000e+00
# interval = seconds: 0.0416667
# start_time = Aug 17 2015 23:01:49 [NMEA time, header]
# bad_flag = -9.990e-29
*END*
[from data line 937]
    335.766    332.336     3.7648     3.7652  32.413096  32.413504    6.62289     2.2355 2.2052e+01    -0.0219     0.0000      98.78    97.6800     0.0755     137265         20  0.000e+00
    335.766    332.336     3.7648     3.7649  32.413036  32.413504    6.62290     2.2355 2.2052e+01    -0.0219     0.0000      98.78    97.6800     0.0755     137266         20  0.000e+00
    335.701    332.272     3.7648     3.7650  32.412855  32.413219    6.62284     2.2355 2.2052e+01    -0.0292     0.0000      98.78    97.6800     0.0755     137267         20  0.000e+00
    335.709    332.280     3.7646     3.7650  32.412735  32.413219    6.62287     2.2355 2.2052e+01    -0.0219     0.0000      98.78    97.6800     0.0755     137268         20  0.000e+00
    335.652    332.224     3.7648     3.7649  32.412555  32.413390    6.62282     2.2355 2.2052e+01    -0.0219     0.0000      98.78    97.6800     0.0755     137269         20  0.000e+00
    335.652    332.224     3.7645     3.7649  32.412435  32.413219    6.62286     2.2355 2.2052e+01    -0.0219     0.0000      98.78    97.6800     0.0755     137270         20  0.000e+00
    335.579    332.151     3.7646     3.7648  32.412855  32.412933    6.63222     2.2380 2.2052e+01    -0.0219     0.0000      98.78    97.7062     0.0755     137271         20  0.000e+00
    335.587    332.159     3.7646     3.7650  32.412615  32.413219    6.62277     2.2355 2.2052e+01    -0.0219     0.0000      98.78    97.6800     0.0755     137272         20  0.000e+00
    335.530    332.103     3.7648     3.7649  32.412614  32.412933    6.62269     2.2355 2.2052e+01    -0.0219     0.0000      98.78    97.7062     0.0755     137273         20  0.000e+00
    335.530    332.103     3.7646     3.7649  32.412735  32.413504    6.62271     2.2355 2.2052e+01    -0.0219     0.0000      98.78    97.7062     0.0755     137274         20  0.000e+00
    335.456    332.030     3.7648     3.7649  32.412734  32.413104    6.62263     2.2355 2.2052e+01    -0.0219     0.0000      98.78    97.7062     0.0755     137275         20  0.000e+00
    335.465    332.038     3.7646     3.7650  32.412494  32.413218    6.62266     2.2355 2.2052e+01    -0.0219     0.0000      98.78    97.7062     0.0755     137276         20  0.000e+00
    335.465    332.038     3.7646     3.7648  32.412614  32.412933    6.62265     2.2355 2.2052e+01    -0.0219     0.0000      98.78    97.7062     0.0755     137277         20  0.000e+00
    335.408    331.982     3.7648     3.7647  32.412554  32.413218    6.62259     2.2355 2.2052e+01    -0.0219     0.0000      98.78    97.7062     0.0755     137278         20  0.000e+00
    335.334    331.909     3.7646     3.7649  32.412614  32.412933    6.62253     2.2355 2.2052e+01    -0.0292     0.0000      98.78    97.7062     0.0755     137279         20  0.000e+00
    335.351    331.926     3.7646     3.7646  32.412734  32.412647    6.61781     2.2343 2.2052e+01    -0.0219     0.0000      98.75    97.6800     0.0755     137280         20  0.000e+00
    335.285    331.861     3.7648     3.7647  32.412493  32.412647    6.62248     2.2355 2.2052e+01    -0.0219     0.0000      98.78    97.7062     0.0755     137281         20  0.000e+00
    335.351    331.926     3.7648     3.7646  32.412374  32.412819    6.61780     2.2343 2.2052e+01    -0.0292     0.0000      98.78    97.7062     0.0755     137282         20  0.000e+00
    335.228    331.805     3.7648     3.7647  32.413094  32.412932    6.62239     2.2355 2.2052e+01    -0.0219     0.0000      98.75    97.7062     0.0755     137283         20  0.000e+00
    335.220    331.797     3.7651     3.7644  32.412914  32.412362    6.62234     2.2355 2.2052e+01    -0.0219     0.0000      98.78    97.7062     0.0755     137284         20  0.000e+00
    335.171    331.748     3.7650     3.7647  32.412914  32.412647    6.62232     2.2355 2.2052e+01    -0.0219     0.0000      98.78    97.7062     0.0755     137285         20  0.000e+00
    335.171    331.748     3.7651     3.7648  32.412794  32.412647    6.62231     2.2355 2.2052e+01    -0.0219     0.0000      98.78    97.7062     0.0755     137286         20  0.000e+00
    335.171    331.748     3.7650     3.7649  32.412673  32.412932    6.62233     2.2355 2.2052e+01    -0.0219     0.0000      98.78    97.6800     0.0755     137287         20  0.000e+00
    335.098    331.676     3.7650     3.7648  32.412914  32.412361    6.62225     2.2355 2.2052e+01    -0.0219     0.0000      98.78    97.6800     0.0755     137288         20  0.000e+00
    335.049    331.627     3.7651     3.7652  32.412613  32.413103    6.61747     2.2343 2.2052e+01    -0.0292     0.0000      98.78    97.7062     0.0755     137289         20  0.000e+00
    334.984    331.563     3.7653     3.7651  32.412613  32.412931    6.62686     2.2368 2.2052e+01    -0.0219     0.0000      98.78    97.6800     0.0755     137290         20  0.000e+00
    335.049    331.627     3.7648     3.7650  32.412733  32.412932    6.62224     2.2355 2.2052e+01    -0.0219     0.0000      98.78    97.7062     0.0755     137291         20  0.000e+00
    334.919    331.498     3.7652     3.7652  32.413093  32.413217    6.62205     2.2355 2.2052e+01    -0.0219     0.0000      98.78    97.7062     0.0755     137292         20  0.000e+00
    334.984    331.563     3.7650     3.7649  32.412913  32.412932    6.62215     2.2355 2.2052e+01    -0.0219     0.0000      98.78    97.7062     0.0755     137293         20  0.000e+00
    334.870    331.450     3.7651     3.7647  32.412913  32.412931    6.62202     2.2355 2.2052e+01    -0.0219     0.0000      98.78    97.6800     0.0755     137294         20  0.000e+00
    334.870    331.450     3.7651     3.7646  32.412612  32.412532    6.61257     2.2331 2.2052e+01    -0.0219     0.0000      98.75    97.6539     0.0755     137295         20  0.000e+00
    334.870    331.450     3.7650     3.7647  32.412853  32.412646    6.62204     2.2355 2.2052e+01    -0.0292     0.0000      98.78    97.6800     0.0755     137296         20  0.000e+00
    334.797    331.378     3.7651     3.7649  32.412792  32.412931    6.62197     2.2355 2.2052e+01    -0.0219     0.0000      98.78    97.6800     0.0755     137297         20  0.000e+00
    334.748    331.329     3.7651     3.7647  32.412672  32.412646    6.62192     2.2355 2.2052e+01    -0.0219     0.0000      98.78    97.6539     0.0755     137298         20  0.000e+00
    334.748    331.329     3.7653     3.7649  32.412912  32.412931    6.62189     2.2355 2.2052e+01    -0.0219     0.0000      98.78    97.6800     0.0755     137299         20  0.000e+00
    334.625    331.208     3.7652     3.7649  32.413032  32.413216    6.62178     2.2355 2.2052e+01    -0.0219     0.0000      98.78    97.6800     0.0755     137300         20  0.000e+00
    334.674    331.257     3.7651     3.7648  32.412852  32.412645    6.62184     2.2355 2.2052e+01    -0.0219     0.0000      98.75    97.6800     0.0755     137301         20  0.000e+00
    334.626    331.208     3.7651     3.7649  32.412732  32.412531    6.62180     2.2355 2.2052e+01    -0.0219     0.0000      98.78    97.6800     0.0755     137302         20  0.000e+00
    334.568    331.152     3.7652     3.7649  32.412671  32.412645    6.62648     2.2367 2.2052e+01    -0.0292     0.0000      98.78    97.7062     0.0755     137303         20  0.000e+00
    334.503    331.088     3.7651     3.7649  32.412551  32.412645    6.62644     2.2367 2.2052e+01    -0.0219     0.0000      98.78    97.7062     0.0755     137304         20  0.000e+00
    334.569    331.152     3.7650     3.7647  32.412611  32.412930    6.62178     2.2355 2.2052e+01    -0.0292     0.0000      98.78    97.7062     0.0755     137305         20  0.000e+00
    334.438    331.023     3.7648     3.7648  32.412731  32.412645    6.62168     2.2355 2.2052e+01    -0.0219     0.0000      98.78    97.7062     0.0755     137306         20  0.000e+00
    334.389    330.975     3.7651     3.7649  32.412310  32.412644    6.62161     2.2355 2.2052e+01    -0.0219     0.0000      98.78    97.7062     0.0755     137307         20  0.000e+00
    321.046    317.778     3.7760     3.7745  32.416714  32.415569    6.61717     2.2379 2.2052e+01    -0.0219     0.0000      98.78    97.6800     0.0755     137624         21  0.000e+00
    321.046    317.778     3.7758     3.7746  32.416534  32.415569    6.61720     2.2379 2.2052e+01    -0.0219     0.0000      98.78    97.6800     0.0755     137625         21  0.000e+00
    320.989    317.721     3.7760     3.7746  32.416714  32.415569    6.61711     2.2379 2.2052e+01    -0.0219     0.0000      98.78    97.6800     0.0755     137626         21  0.000e+00
    320.989    317.721     3.7760     3.7749  32.417015  32.415854    6.61710     2.2379 2.2052e+01    -0.0219     0.0000      98.78    97.6800     0.0755     137627         21  0.000e+00
    320.924    317.657     3.7763     3.7746  32.417075  32.415740    6.61699     2.2379 2.2052e+01    -0.0292     0.0000      98.78    97.7062     0.0755     137628         21  0.000e+00
    320.867    317.600     3.7761     3.7747  32.417074  32.415568    6.61697     2.2379 2.2052e+01    -0.0219     0.0000      98.78    97.7062     0.0755     137629         21  0.000e+00
    320.867    317.600     3.7761     3.7748  32.417074  32.415854    6.61697     2.2379 2.2052e+01    -0.0219     0.0000      98.78    97.7062     0.0755     137630         21  0.000e+00
    320.867    317.601     3.7763     3.7748  32.416894  32.415568    6.61695     2.2379 2.2052e+01    -0.0292     0.0000      98.78    97.7062     0.0755     137631         21  0.000e+00
    320.801    317.536     3.7763     3.7745  32.417014  32.416139    6.61216     2.2366 2.2052e+01    -0.0219     0.0000      98.78    97.7062     0.0755     137632         21  0.000e+00
    320.801    317.536     3.7763     3.7746  32.416894  32.415853    6.61689     2.2379 2.2052e+01    -0.0219     0.0000      98.78    97.7062     0.0755     137633         21  0.000e+00
    320.744    317.480     3.7761     3.7749  32.417014  32.415739    6.61686     2.2379 2.2052e+01    -0.0219     0.0000      98.78    97.7062     0.0755     137634         21  0.000e+00
    320.687    317.423     3.7760     3.7749  32.416894  32.415568    6.61683     2.2379 2.2052e+01    -0.0292     0.0000      98.78    97.6800     0.0755     137635         21  0.000e+00
    320.744    317.480     3.7762     3.7750  32.416834  32.415853    6.61686     2.2379 2.2052e+01    -0.0219     0.0000      98.78    97.6800     0.0755     137636         21  0.000e+00
    320.622    317.359     3.7760     3.7749  32.416653  32.416138    6.61678     2.2379 2.0047e+01    -0.0219     0.0000      98.78    97.6539     0.0755     137637         21  0.000e+00
    320.622    317.359     3.7762     3.7749  32.416533  32.415853    6.61676     2.2379 2.2052e+01    -0.0219     0.0000      98.78    97.6539     0.0755     137638         21  0.000e+00
    320.622    317.359     3.7761     3.7750  32.416893  32.416138    6.62147     2.2391 2.2052e+01    -0.0219     0.0000      98.78    97.6539     0.0755     137639         21  0.000e+00
    320.565    317.302     3.7761     3.7751  32.416893  32.415853    6.61670     2.2379 2.2052e+01    -0.0219     0.0000      98.78    97.6539     0.0755     137640         21  0.000e+00
    320.565    317.303     3.7760     3.7752  32.416593  32.416024    6.61673     2.2379 2.2052e+01    -0.0219     0.0000      98.78    97.6800     0.0755     137641         21  0.000e+00
    320.508    317.246     3.7761     3.7754  32.416533  32.415852    6.61666     2.2379 2.0047e+01    -0.0219     0.0000      98.78    97.6800     0.0755     137642         21  0.000e+00
    320.508    317.246     3.7760     3.7752  32.416713  32.416480    6.61194     2.2366 2.2052e+01    -0.0219     0.0000      98.78    97.6800     0.0755     137643         21  0.000e+00
    320.443    317.182     3.7760     3.7752  32.416833  32.415852    6.61660     2.2379 2.2052e+01    -0.0219     0.0000      98.78    97.6800     0.0755     137644         21  0.000e+00
    320.386    317.125     3.7761     3.7752  32.416833  32.416137    6.61654     2.2379 2.2052e+01    -0.0219     0.0000      98.78    97.6800     0.0755     137645         21  0.000e+00
    320.386    317.125     3.7760     3.7750  32.416592  32.415852    6.61656     2.2379 2.2052e+01    -0.0219     0.0000      98.78    97.6800     0.0755     137646         21  0.000e+00
    320.386    317.125     3.7763     3.7749  32.416712  32.416309    6.61179     2.2366 2.2052e+01    -0.0219     0.0000      98.78    97.6800     0.0755     137647         21  0.000e+00
    320.321    317.061     3.7763     3.7750  32.416832  32.416137    6.61173     2.2366 2.2052e+01    -0.0219     0.0000      98.78    97.6800     0.0755     137648         21  0.000e+00
    320.321    317.061     3.7763     3.7751  32.416832  32.415567    6.61644     2.2379 2.2052e+01    -0.0219     0.0000      98.78    97.6800     0.0755     137649         21  0.000e+00
    320.207    316.948     3.7764     3.7747  32.416832  32.415852    6.61633     2.2379 2.2052e+01    -0.0219     0.0000      98.78    97.6800     0.0755     137650         21  0.000e+00
    320.264    317.004     3.7763     3.7748  32.416832  32.415566    6.61639     2.2379 2.2052e+01    -0.0219     0.0000      98.78    97.7062     0.0755     137651         21  0.000e+00
    320.207    316.948     3.7761     3.7746  32.416832  32.415566    6.61164     2.2366 2.2052e+01    -0.0219     0.0000      98.78    97.7062     0.0755     137652         21  0.000e+00
    320.142    316.884     3.7761     3.7747  32.416772  32.415566    6.61159     2.2366 2.2052e+01    -0.0219     0.0000      98.78    97.6800     0.0755     137653         21  0.000e+00
    320.142    316.884     3.7762     3.7748  32.416411  32.415452    6.61632     2.2379 2.2052e+01    -0.0219     0.0000      98.78    97.6800     0.0755     137654         21  0.000e+00
    320.142    316.884     3.7761     3.7750  32.416411  32.415566    6.61633     2.2379 2.2052e+01    -0.0219     0.0000      98.78    97.6800     0.0755     137655         21  0.000e+00
    320.028    316.771     3.7760     3.7749  32.416351  32.415566    6.61624     2.2379 2.2052e+01    -0.0219     0.0000      98.78    97.6800     0.0755     137656         21  0.000e+00
    320.028    316.771     3.7760     3.7749  32.416411  32.415566    6.61624     2.2379 2.2052e+01    -0.0219     0.0000      98.78    97.6800     0.0755     137657         21  0.000e+00
    320.028    316.771     3.7758     3.7752  32.416291  32.415566    6.61627     2.2379 2.2052e+01    -0.0219     0.0000      98.78    97.6800     0.0755     137658         21  0.000e+00
    319.962    316.706     3.7758     3.7754  32.416050  32.415851    6.62094     2.2391 2.2052e+01    -0.0219     0.0000      98.78    97.7062     0.0755     137659         21  0.000e+00
    319.962    316.706     3.7758     3.7757  32.416110  32.415737    6.61149     2.2366 2.2052e+01    -0.0219     0.0000      98.78    97.7062     0.0755     137660         21  0.000e+00
    319.840    316.585     3.7757     3.7754  32.416230  32.416136    6.61612     2.2378 2.0047e+01    -0.0292     0.0000      98.75    97.7062     0.0755     137661         21  0.000e+00
    319.905    316.650     3.7758     3.7758  32.416230  32.416136    6.61616     2.2378 2.2052e+01    -0.0219     0.0000      98.78    97.6800     0.0755     137662         21  0.000e+00
    319.783    316.529     3.7755     3.7759  32.415990  32.416478    6.61611     2.2378 2.2052e+01    -0.0219     0.0000      98.78    97.6800     0.0755     137663         21  0.000e+00
    319.783    316.529     3.7758     3.7758  32.415869  32.416135    6.61607     2.2378 2.2052e+01    -0.0219     0.0000      98.78    97.6800     0.0755     137664         21  0.000e+00
