Ship_data/Irminger/Irminger-2/ctd/process/OOI/at30_012.ros
* Sea-Bird SBE 9 Data File:
* FileName = C:\data\ctd\at30_012.hex
* Software Version Seasave V 7.21f
* Temperature SN = 2265
* Conductivity SN = 3021
* Number of Bytes Per Scan = 40
* Number of Voltage Words = 5
* Number of Scans Averaged by the Deck Unit = 1
* NMEA Latitude = 59 59.98 N
* NMEA Longitude = 039 28.96 W
* NMEA UTC (Time) = Aug 23 2015  16:50:38
** Cal/Val for HYPM-2
# nquan = 17
# nvalues = 588                                   
# units = specified
# name 0 = prDM: Pressure, Digiquartz [db]
# name 1 = depSM: Depth [salt water, m]
# name 2 = t090C: Temperature [ITS-90, deg C]
# name 3 = t190C: Temperature, 2 [ITS-90, deg C]
# name 4 = c0mS/cm: Conductivity [mS/cm]
# name 5 = c1mS/cm: Conductivity, 2 [mS/cm]
# name 6 = sbeox0ML/L: Oxygen, SBE 43 [ml/l]
# name 7 = sbeox0V: Oxygen raw, SBE 43 [V]
# name 8 = spar: SPAR/Surface Irradiance
# name 9 = flECO-AFL: Fluorescence, WET Labs ECO-AFL/FL [mg/m^3]
# name 10 = v2: Voltage 2
# name 11 = altM: Altimeter [m]
# name 12 = CStarTr0: Beam Transmission, WET Labs C-Star [%]
# name 13 = turbWETntu0: Turbidity, WET Labs ECO [NTU]
# name 14 = scan: Scan Count
# name 15 = nbf: Bottles Fired
# name 16 = flag:  0.000e+00
# interval = seconds: 0.0416667
# start_time = Aug 23 2015 16:50:38 [NMEA time, header]
# bad_flag = -9.990e-29
*END*
[from data line 86]
   2539.189   2500.133     2.1679     2.1682  31.929187  31.928873    6.36024     1.7024 5.2724e+02    -0.0585     0.0000      98.73    97.6016     0.0707      86671          2  0.000e+00
   2539.155   2500.100     2.1676     2.1682  31.929187  31.928873    6.36025     1.7024 5.2724e+02    -0.0585     0.0000      98.73    97.6016     0.0682      86672          2  0.000e+00
   2539.257   2500.199     2.1675     2.1685  31.929187  31.928873    6.36036     1.7024 5.2724e+02    -0.0585     0.0000      98.73    97.6016     0.0682      86673          2  0.000e+00
   2539.223   2500.166     2.1676     2.1682  31.929187  31.929327    6.36031     1.7024 5.2724e+02    -0.0585     0.0000      98.73    97.6016     0.0707      86674          2  0.000e+00
   2539.282   2500.224     2.1678     2.1683  31.929367  31.929157    6.36033     1.7024 5.2724e+02    -0.0585     0.0000      98.73    97.6016     0.0707      86675          2  0.000e+00
   2539.257   2500.199     2.1676     2.1682  31.929307  31.929157    6.36034     1.7024 5.2724e+02    -0.0585     0.0000      98.73    97.6016     0.0682      86676          2  0.000e+00
   2539.282   2500.224     2.1675     2.1683  31.928948  31.928874    6.36040     1.7024 5.2724e+02    -0.0585     0.0000      98.73    97.6016     0.0707      86677          2  0.000e+00
   2539.325   2500.265     2.1676     2.1683  31.928889  31.929044    6.36042     1.7024 5.2724e+02    -0.0585     0.0000      98.73    97.6016     0.0707      86678          2  0.000e+00
   2539.350   2500.290     2.1675     2.1683  31.929068  31.929498    6.36046     1.7024 5.2724e+02    -0.0585     0.0000      98.73    97.6016     0.0707      86679          2  0.000e+00
   2539.325   2500.266     2.1676     2.1683  31.929128  31.928874    6.36041     1.7024 5.2924e+02    -0.0585     0.0000      98.73    97.6016     0.0707      86680          2  0.000e+00
   2539.477   2500.414     2.1677     2.1685  31.929188  31.929158    6.36053     1.7024 5.2724e+02    -0.0585     0.0000      98.73    97.6016     0.0682      86681          2  0.000e+00
   2539.325   2500.266     2.1678     2.1683  31.929606  31.929668    6.36036     1.7024 5.2724e+02    -0.0585     0.0000      98.73    97.6016     0.0682      86682          2  0.000e+00
   2183.207   2151.410     2.9049     2.9056  32.455286  32.455343    6.09325     1.7326 3.4280e+02    -0.0585     0.0000      98.73    97.7585     0.0682      98179          3  0.000e+00
   2183.266   2151.468     2.9050     2.9054  32.455226  32.454772    6.09328     1.7326 3.4481e+02    -0.0658     0.0000      98.73    97.7847     0.0707      98180          3  0.000e+00
   2183.241   2151.443     2.9049     2.9056  32.455106  32.455400    6.09329     1.7326 3.4280e+02    -0.0585     0.0000      98.73    97.7585     0.0682      98181          3  0.000e+00
   2183.333   2151.533     2.9050     2.9057  32.455286  32.455343    6.09334     1.7326 3.4481e+02    -0.0585     0.0000      98.73    97.7847     0.0707      98182          3  0.000e+00
   2183.299   2151.501     2.9052     2.9056  32.455226  32.455686    6.09330     1.7326 3.4481e+02    -0.0585     0.0000      98.73    97.7847     0.0707      98183          3  0.000e+00
   2183.266   2151.468     2.9050     2.9056  32.455106  32.455686    6.09956     1.7339 3.4280e+02    -0.0585     0.0000      98.73    97.7847     0.0707      98184          3  0.000e+00
   2183.333   2151.534     2.9050     2.9056  32.455527  32.455400    6.09332     1.7326 3.4481e+02    -0.0585     0.0000      98.73    97.7585     0.0707      98185          3  0.000e+00
   2183.367   2151.567     2.9051     2.9056  32.455467  32.455343    6.09335     1.7326 3.4280e+02    -0.0658     0.0000      98.73    97.7847     0.0707      98186          3  0.000e+00
   2183.400   2151.600     2.9049     2.9056  32.455407  32.455686    6.09341     1.7326 3.4280e+02    -0.0658     0.0000      98.73    97.7847     0.0682      98187          3  0.000e+00
   2183.426   2151.624     2.9050     2.9054  32.455407  32.455344    6.09968     1.7339 3.4481e+02    -0.0585     0.0000      98.71    97.7847     0.0707      98188          3  0.000e+00
   2183.459   2151.657     2.9052     2.9054  32.455407  32.455401    6.09342     1.7326 3.4481e+02    -0.0658     0.0000      98.73    97.7847     0.0707      98189          3  0.000e+00
   2183.400   2151.600     2.9049     2.9056  32.455587  32.455344    6.09340     1.7326 3.4481e+02    -0.0585     0.0000      98.73    97.7847     0.0682      98190          3  0.000e+00
   2183.426   2151.624     2.9047     2.9053  32.455287  32.454773    6.09346     1.7326 3.4280e+02    -0.0658     0.0000      98.73    97.7847     0.0707      98191          3  0.000e+00
   2183.526   2151.723     2.9049     2.9052  32.455467  32.455059    6.09978     1.7339 3.4481e+02    -0.0658     0.0000      98.73    97.7847     0.0707      98192          3  0.000e+00
   2183.426   2151.624     2.9047     2.9054  32.455467  32.455401    6.09345     1.7326 3.4481e+02    -0.0585     0.0000      98.73    97.7847     0.0707      98193          3  0.000e+00
   2183.527   2151.723     2.9046     2.9051  32.455588  32.455344    6.09354     1.7326 3.4280e+02    -0.0585     0.0000      98.71    97.7847     0.0707      98194          3  0.000e+00
   2183.527   2151.723     2.9047     2.9054  32.455287  32.455344    6.09354     1.7326 3.4481e+02    -0.0585     0.0000      98.73    97.7585     0.0707      98195          3  0.000e+00
   2183.560   2151.756     2.9049     2.9052  32.455347  32.455344    6.09354     1.7326 3.4481e+02    -0.0585     0.0000      98.73    97.7847     0.0707      98196          3  0.000e+00
   2183.527   2151.723     2.9045     2.9052  32.455588  32.455116    6.09355     1.7326 3.4481e+02    -0.0658     0.0000      98.71    97.7847     0.0707      98197          3  0.000e+00
   2183.493   2151.690     2.9047     2.9051  32.455047  32.455344    6.09353     1.7326 3.4481e+02    -0.0585     0.0000      98.73    97.7847     0.0707      98198          3  0.000e+00
   2183.653   2151.847     2.9047     2.9054  32.455227  32.455344    6.09365     1.7326 3.4481e+02    -0.0585     0.0000      98.73    97.7585     0.0707      98199          3  0.000e+00
   2183.527   2151.723     2.9047     2.9052  32.454986  32.455059    6.09356     1.7326 3.4280e+02    -0.0658     0.0000      98.73    97.7847     0.0707      98200          3  0.000e+00
   2183.560   2151.756     2.9046     2.9054  32.454987  32.455116    6.09987     1.7339 3.4280e+02    -0.0585     0.0000      98.73    97.7847     0.0707      98201          3  0.000e+00
   2183.586   2151.781     2.9047     2.9054  32.455287  32.455972    6.09359     1.7326 3.4481e+02    -0.0512     0.0000      98.73    97.7847     0.0707      98202          3  0.000e+00
   2183.560   2151.756     2.9045     2.9053  32.455407  32.455344    6.09359     1.7326 3.4280e+02    -0.0585     0.0000      98.73    97.7847     0.0707      98203          3  0.000e+00
   2183.586   2151.781     2.9047     2.9052  32.455408  32.455059    6.09986     1.7339 3.4481e+02    -0.0585     0.0000      98.73    97.7847     0.0682      98204          3  0.000e+00
   2183.653   2151.847     2.9047     2.9056  32.455227  32.455401    6.09365     1.7326 3.4481e+02    -0.0585     0.0000      98.73    97.7585     0.0707      98205          3  0.000e+00
   2183.560   2151.756     2.9045     2.9054  32.455107  32.455344    6.09987     1.7339 3.4280e+02    -0.0658     0.0000      98.73    97.7847     0.0682      98206          3  0.000e+00
   2183.586   2151.781     2.9045     2.9052  32.455107  32.455344    6.09363     1.7326 3.4280e+02    -0.0585     0.0000      98.73    97.7847     0.0707      98207          3  0.000e+00
   2183.619   2151.814     2.9049     2.9056  32.455348  32.455059    6.09360     1.7326 3.4280e+02    -0.0658     0.0000      98.73    97.7847     0.0707      98208          3  0.000e+00
   2183.586   2151.781     2.9048     2.9056  32.455408  32.455116    6.09358     1.7326 3.4280e+02    -0.0585     0.0000      98.73    97.7847     0.0707      98209          3  0.000e+00
   2183.586   2151.781     2.9044     2.9054  32.455408  32.455344    6.09363     1.7326 3.4280e+02    -0.0585     0.0000      98.73    97.7847     0.0707      98210          3  0.000e+00
   2183.619   2151.814     2.9044     2.9052  32.455227  32.455344    6.09367     1.7326 3.4280e+02    -0.0585     0.0000      98.73    97.7847     0.0707      98211          3  0.000e+00
   2183.586   2151.781     2.9045     2.9054  32.455287  32.455059    6.09989     1.7339 3.4280e+02    -0.0658     0.0000      98.73    97.7847     0.0707      98212          3  0.000e+00
   2183.561   2151.757     2.9044     2.9054  32.455408  32.455401    6.09361     1.7326 3.4280e+02    -0.0585     0.0000      98.71    97.7585     0.0707      98213          3  0.000e+00
   2183.586   2151.781     2.9049     2.9054  32.455408  32.455059    6.09357     1.7326 3.4280e+02    -0.0585     0.0000      98.73    97.7585     0.0707      98214          3  0.000e+00
   2183.561   2151.757     2.9045     2.9055  32.455407  32.455687    6.09359     1.7326 3.4280e+02    -0.0585     0.0000      98.73    97.7585     0.0682      98215          3  0.000e+00
   2183.586   2151.781     2.9045     2.9054  32.455408  32.455059    6.09361     1.7326 3.4280e+02    -0.0585     0.0000      98.73    97.7847     0.0682      98216          3  0.000e+00
   2183.586   2151.781     2.9046     2.9052  32.455408  32.455687    6.09361     1.7326 3.4481e+02    -0.0585     0.0000      98.73    97.7847     0.0707      98217          3  0.000e+00
   2183.561   2151.757     2.9047     2.9056  32.455227  32.454773    6.09358     1.7326 3.4280e+02    -0.0585     0.0000      98.73    97.7847     0.0707      98218          3  0.000e+00
   2183.586   2151.781     2.9045     2.9056  32.455107  32.455344    6.09363     1.7326 3.4280e+02    -0.0585     0.0000      98.71    97.7847     0.0682      98219          3  0.000e+00
   2183.561   2151.757     2.9049     2.9054  32.455528  32.455059    6.09354     1.7326 3.4280e+02    -0.0585     0.0000      98.73    97.7847     0.0707      98220          3  0.000e+00
   2183.460   2151.658     2.9047     2.9056  32.455046  32.455115    6.09351     1.7326 3.4280e+02    -0.0585     0.0000      98.73    97.7847     0.0707      98221          3  0.000e+00
   2183.527   2151.724     2.9047     2.9057  32.455227  32.455344    6.09355     1.7326 3.4280e+02    -0.0658     0.0000      98.73    97.7847     0.0707      98222          3  0.000e+00
   2183.494   2151.691     2.9049     2.9054  32.454986  32.455058    6.09352     1.7326 3.4280e+02    -0.0585     0.0000      98.71    97.7585     0.0707      98223          3  0.000e+00
   2183.527   2151.724     2.9045     2.9054  32.454987  32.455116    6.09359     1.7326 3.4280e+02    -0.0658     0.0000      98.73    97.7847     0.0707      98224          3  0.000e+00
   2183.494   2151.691     2.9048     2.9054  32.454926  32.455344    6.09354     1.7326 3.4481e+02    -0.0585     0.0000      98.73    97.7847     0.0707      98225          3  0.000e+00
   2183.460   2151.658     2.9045     2.9056  32.454806  32.455344    6.09981     1.7339 3.4080e+02    -0.0585     0.0000      98.73    97.7847     0.0707      98226          3  0.000e+00
   2183.460   2151.658     2.9045     2.9053  32.455227  32.454773    6.09352     1.7326 3.4280e+02    -0.0585     0.0000      98.73    97.7847     0.0707      98227          3  0.000e+00
   1826.931   1801.827     3.2241     3.2259  32.589711  32.591266    6.12438     1.8082 2.4858e+02    -0.0585     0.0000      98.73    97.7324     0.0707     110086          4  0.000e+00
   1826.898   1801.795     3.2242     3.2256  32.589832  32.590980    6.12433     1.8082 2.4658e+02    -0.0658     0.0000      98.73    97.7062     0.0682     110087          4  0.000e+00
   1826.873   1801.770     3.2246     3.2255  32.590073  32.590923    6.12425     1.8082 2.4658e+02    -0.0658     0.0000      98.73    97.7324     0.0707     110088          4  0.000e+00
   1826.873   1801.770     3.2247     3.2255  32.590193  32.590694    6.12422     1.8082 2.4858e+02    -0.0658     0.0000      98.73    97.7324     0.0707     110089          4  0.000e+00
   1826.898   1801.795     3.2244     3.2254  32.589892  32.590694    6.12430     1.8082 2.4858e+02    -0.0585     0.0000      98.71    97.7324     0.0707     110090          4  0.000e+00
   1826.873   1801.770     3.2241     3.2257  32.589832  32.590923    6.13024     1.8095 2.4658e+02    -0.0585     0.0000      98.71    97.7324     0.0707     110091          4  0.000e+00
   1826.873   1801.770     3.2241     3.2265  32.589892  32.590408    6.12432     1.8082 2.4658e+02    -0.0585     0.0000      98.73    97.7324     0.0682     110092          4  0.000e+00
   1826.840   1801.737     3.2242     3.2265  32.590253  32.591266    6.12426     1.8082 2.4858e+02    -0.0585     0.0000      98.73    97.7062     0.0707     110093          4  0.000e+00
   1826.806   1801.705     3.2246     3.2267  32.590012  32.591209    6.12420     1.8082 2.4658e+02    -0.0658     0.0000      98.73    97.7062     0.0707     110094          4  0.000e+00
   1826.806   1801.705     3.2244     3.2270  32.590313  32.591609    6.13011     1.8095 2.4658e+02    -0.0732     0.0000      98.73    97.6800     0.0682     110095          4  0.000e+00
   1826.840   1801.737     3.2250     3.2267  32.590494  32.592124    6.13005     1.8095 2.4658e+02    -0.0585     0.0000      98.73    97.7062     0.0707     110096          4  0.000e+00
   1826.806   1801.705     3.2250     3.2262  32.590614  32.592181    6.12411     1.8082 2.4658e+02    -0.0658     0.0000      98.73    97.7062     0.0707     110097          4  0.000e+00
   1826.806   1801.705     3.2250     3.2260  32.590915  32.591266    6.13000     1.8095 2.4658e+02    -0.0585     0.0000      98.73    97.7062     0.0707     110098          4  0.000e+00
   1826.773   1801.672     3.2254     3.2263  32.590855  32.591209    6.12993     1.8095 2.4658e+02    -0.0585     0.0000      98.73    97.7062     0.0707     110099          4  0.000e+00
   1826.740   1801.639     3.2254     3.2271  32.591096  32.591609    6.12989     1.8095 2.4658e+02    -0.0585     0.0000      98.73    97.7062     0.0707     110100          4  0.000e+00
   1826.806   1801.705     3.2256     3.2275  32.590855  32.591609    6.12992     1.8095 2.4658e+02    -0.0585     0.0000      98.73    97.7062     0.0707     110101          4  0.000e+00
   1826.715   1801.615     3.2254     3.2278  32.590734  32.592409    6.12989     1.8095 2.4658e+02    -0.0585     0.0000      98.73    97.7324     0.0707     110102          4  0.000e+00
   1826.740   1801.639     3.2250     3.2271  32.590373  32.592466    6.12997     1.8095 2.4858e+02    -0.0585     0.0000      98.73    97.7324     0.0707     110103          4  0.000e+00
   1826.740   1801.639     3.2247     3.2271  32.590313  32.592809    6.13001     1.8095 2.4858e+02    -0.0658     0.0000      98.73    97.7324     0.0707     110104          4  0.000e+00
   1826.773   1801.672     3.2251     3.2270  32.590855  32.592123    6.12996     1.8095 2.4858e+02    -0.0585     0.0000      98.71    97.7324     0.0707     110105          4  0.000e+00
   1826.681   1801.582     3.2250     3.2267  32.590855  32.592180    6.12990     1.8095 2.4858e+02    -0.0585     0.0000      98.73    97.7324     0.0682     110106          4  0.000e+00
   1826.740   1801.639     3.2250     3.2271  32.590494  32.591609    6.12406     1.8082 2.4658e+02    -0.0585     0.0000      98.73    97.7062     0.0682     110107          4  0.000e+00
   1826.715   1801.615     3.2252     3.2278  32.590614  32.591551    6.12401     1.8082 2.4858e+02    -0.0585     0.0000      98.73    97.7324     0.0707     110108          4  0.000e+00
