Ship_data/Irminger/Irminger-2/ctd/process/OOI/at30_003.ros
* Sea-Bird SBE 9 Data File:
* FileName = C:\data\ctd\at30_003.hex
* Software Version Seasave V 7.21f
* Temperature SN = 2265
* Conductivity SN = 3021
* Number of Bytes Per Scan = 40
* Number of Voltage Words = 5
* Number of Scans Averaged by the Deck Unit = 1
* NMEA Latitude = 42 31.25 N
* NMEA Longitude = 062 34.71 W
* NMEA UTC (Time) = Aug 07 2015  17:47:11
# nquan = 17
# nvalues = 588                                   
# units = specified
# name 0 = prDM: Pressure, Digiquartz [db]
# name 1 = depSM: Depth [salt water, m]
# name 2 = t090C: Temperature [ITS-90, deg C]
# name 3 = t190C: Temperature, 2 [ITS-90, deg C]
# name 4 = c0mS/cm: Conductivity [mS/cm]
# name 5 = c1mS/cm: Conductivity, 2 [mS/cm]
# name 6 = sbeox0ML/L: Oxygen, SBE 43 [ml/l]
# name 7 = sbeox0V: Oxygen raw, SBE 43 [V]
# name 8 = spar: SPAR/Surface Irradiance
# name 9 = flECO-AFL: Fluorescence, WET Labs ECO-AFL/FL [mg/m^3]
# name 10 = v2: Voltage 2
# name 11 = altM: Altimeter [m]
# name 12 = CStarTr0: Beam Transmission, WET Labs C-Star [%]
# name 13 = turbWETntu0: Turbidity, WET Labs ECO [NTU]
# name 14 = scan: Scan Count
# name 15 = nbf: Bottles Fired
# name 16 = flag:  0.000e+00
# interval = seconds: 0.0416667
# start_time = Aug 07 2015 17:47:11 [NMEA time, header]
# bad_flag = -9.990e-29
*END*
[from data line 341]
    201.762    200.073    11.9400    11.9417  40.580699  40.579739    3.97322     1.8007 1.4875e+03    -0.0219     0.0000      98.78    97.4185     0.0707     167554          7  0.000e+00
    201.730    200.040    11.9402    11.9422  40.580633  40.580797    3.97320     1.8007 1.4875e+03    -0.0145     0.0000      98.78    97.4185     0.0707     167555          7  0.000e+00
    201.490    199.803    11.9328    11.9340  40.571113  40.570893    3.98116     1.8031 1.4674e+03    -0.0219     0.0000      98.78    97.4185     0.0707     167904          8  0.000e+00
    201.555    199.867    11.9330    11.9343  40.571245  40.571204    3.97737     1.8019 1.4694e+03    -0.0145     0.0000      98.75    97.4185     0.0707     167905          8  0.000e+00
    201.523    199.835    11.9330    11.9343  40.571442  40.571578    3.97735     1.8019 1.4735e+03    -0.0219     0.0000      98.78    97.4185     0.0707     167906          8  0.000e+00
    201.555    199.867    11.9337    11.9351  40.571901  40.571204    3.97732     1.8019 1.4835e+03    -0.0219     0.0000      98.78    97.4185     0.0707     167907          8  0.000e+00
    201.523    199.835    11.9337    11.9360  40.572558  40.571578    3.97728     1.8019 1.4975e+03    -0.0145     0.0000      98.78    97.4185     0.0707     167908          8  0.000e+00
    201.490    199.803    11.9340    11.9367  40.572754  40.572636    3.98104     1.8031 1.5135e+03    -0.0219     0.0000      98.78    97.3923     0.0707     167909          8  0.000e+00
    201.555    199.867    11.9340    11.9365  40.572755  40.573696    3.97727     1.8019 1.5276e+03    -0.0219     0.0000      98.78    97.3923     0.0707     167910          8  0.000e+00
    201.466    199.779    11.9342    11.9362  40.572557  40.573695    3.97722     1.8019 1.5396e+03    -0.0219     0.0000      98.78    97.4185     0.0707     167911          8  0.000e+00
    201.555    199.867    11.9340    11.9363  40.572426  40.573696    3.97728     1.8019 1.5436e+03    -0.0219     0.0000      98.78    97.3923     0.0707     167912          8  0.000e+00
    201.523    199.835    11.9338    11.9367  40.572229  40.573322    3.97728     1.8019 1.5456e+03    -0.0145     0.0000      98.78    97.4185     0.0707     167913          8  0.000e+00
    201.433    199.746    11.9333    11.9362  40.571573  40.573322    3.97728     1.8019 1.5436e+03    -0.0219     0.0000      98.78    97.4185     0.0707     167914          8  0.000e+00
    201.588    199.900    11.9333    11.9358  40.571573  40.573696    3.97736     1.8019 1.5416e+03    -0.0219     0.0000      98.78    97.3923     0.0707     167915          8  0.000e+00
    201.433    199.746    11.9330    11.9355  40.571704  40.573322    3.97729     1.8019 1.5376e+03    -0.0145     0.0000      98.78    97.3923     0.0707     167916          8  0.000e+00
    201.555    199.867    11.9328    11.9353  40.571507  40.573011    3.97737     1.8019 1.5376e+03    -0.0219     0.0000      98.78    97.4185     0.0707     167917          8  0.000e+00
    201.466    199.779    11.9328    11.9353  40.570851  40.572637    3.97734     1.8019 1.5416e+03    -0.0219     0.0000      98.78    97.3923     0.0707     167918          8  0.000e+00
    201.555    199.867    11.9327    11.9355  40.570851  40.572637    3.98120     1.8031 1.5496e+03    -0.0219     0.0000      98.78    97.3923     0.0707     167919          8  0.000e+00
    201.466    199.779    11.9328    11.9358  40.571245  40.572263    3.97733     1.8019 1.5617e+03    -0.0145     0.0000      98.78    97.4185     0.0707     167920          8  0.000e+00
    201.490    199.803    11.9330    11.9360  40.571573  40.573010    3.98113     1.8031 1.5737e+03    -0.0145     0.0000      98.78    97.4185     0.0707     167921          8  0.000e+00
    201.490    199.803    11.9330    11.9356  40.571507  40.573322    3.96590     1.7982 1.5837e+03    -0.0219     0.0000      98.78    97.4185     0.0707     167922          8  0.000e+00
    201.523    199.835    11.9331    11.9356  40.571442  40.573322    3.97733     1.8018 1.5897e+03    -0.0145     0.0000      98.78    97.4185     0.0707     167923          8  0.000e+00
    201.490    199.803    11.9332    11.9355  40.571901  40.573010    3.96589     1.7982 1.5937e+03    -0.0145     0.0000      98.78    97.4185     0.0707     167924          8  0.000e+00
    201.523    199.835    11.9332    11.9353  40.572098  40.572637    3.98112     1.8031 1.5937e+03    -0.0145     0.0000      98.78    97.4185     0.0707     167925          8  0.000e+00
    201.490    199.803    11.9333    11.9355  40.572098  40.573010    3.96968     1.7994 1.5917e+03    -0.0219     0.0000      98.78    97.4185     0.0707     167926          8  0.000e+00
    201.490    199.803    11.9333    11.9350  40.571835  40.572637    3.97729     1.8018 1.5917e+03    -0.0145     0.0000      98.78    97.3923     0.0707     167927          8  0.000e+00
    201.466    199.779    11.9330    11.9353  40.571507  40.572263    3.98111     1.8031 1.5957e+03    -0.0219     0.0000      98.78    97.3400     0.0707     167928          8  0.000e+00
    201.555    199.867    11.9333    11.9351  40.571376  40.572637    3.97734     1.8018 1.5998e+03    -0.0219     0.0000      98.78    97.3400     0.0707     167929          8  0.000e+00
    201.523    199.835    11.9332    11.9353  40.571376  40.572637    3.97733     1.8018 1.6078e+03    -0.0219     0.0000      98.78    97.3661     0.0707     167930          8  0.000e+00
    201.490    199.803    11.9332    11.9346  40.571901  40.572263    3.97730     1.8018 1.6158e+03    -0.0145     0.0000      98.78    97.3661     0.0707     167931          8  0.000e+00
    201.523    199.835    11.9333    11.9342  40.572098  40.572637    3.98111     1.8031 1.6258e+03    -0.0145     0.0000      98.78    97.3923     0.0707     167932          8  0.000e+00
    201.490    199.803    11.9333    11.9340  40.572295  40.571204    3.98108     1.8031 1.6318e+03    -0.0219     0.0000      98.78    97.3923     0.0707     167933          8  0.000e+00
    201.490    199.803    11.9333    11.9338  40.572229  40.570830    3.98108     1.8031 1.6378e+03    -0.0145     0.0000      98.78    97.3923     0.0707     167934          8  0.000e+00
    201.523    199.835    11.9337    11.9338  40.572098  40.570830    3.98108     1.8031 1.6398e+03    -0.0145     0.0000      98.78    97.4185     0.0707     167935          8  0.000e+00
    201.555    199.867    11.9333    11.9342  40.572098  40.570893    3.98112     1.8031 1.6398e+03    -0.0145     0.0000      98.78    97.4185     0.0707     167936          8  0.000e+00
    201.523    199.835    11.9337    11.9342  40.572295  40.570830    3.97727     1.8018 1.6378e+03    -0.0219     0.0000      98.78    97.4185     0.0707     167937          8  0.000e+00
    201.490    199.803    11.9337    11.9343  40.572426  40.570893    3.98106     1.8031 1.6338e+03    -0.0219     0.0000      98.78    97.4185     0.0707     167938          8  0.000e+00
    201.555    199.867    11.9338    11.9345  40.572426  40.570830    3.98108     1.8031 1.6298e+03    -0.0145     0.0000      98.78    97.4185     0.0707     167939          8  0.000e+00
    201.523    199.835    11.9340    11.9343  40.572623  40.570830    3.98105     1.8031 1.6278e+03    -0.0219     0.0000      98.78    97.4185     0.0707     167940          8  0.000e+00
    201.555    199.867    11.9338    11.9343  40.572623  40.571204    3.97727     1.8018 1.6278e+03    -0.0219     0.0000      98.78    97.4446     0.0707     167941          8  0.000e+00
    201.523    199.835    11.9340    11.9340  40.572492  40.571204    3.98105     1.8031 1.6278e+03    -0.0219     0.0000      98.78    97.4185     0.0707     167942          8  0.000e+00
    201.555    199.867    11.9338    11.9340  40.572426  40.570893    3.98108     1.8031 1.6298e+03    -0.0219     0.0000      98.78    97.4446     0.0707     167943          8  0.000e+00
    201.588    199.900    11.9342    11.9336  40.572427  40.570831    3.98107     1.8031 1.6298e+03    -0.0219     0.0000      98.78    97.4185     0.0707     167944          8  0.000e+00
    201.490    199.803    11.9338    11.9336  40.572951  40.571204    3.98484     1.8043 1.6258e+03    -0.0145     0.0000      98.78    97.4185     0.0707     167945          8  0.000e+00
    201.555    199.867    11.9335    11.9336  40.572361  40.570145    3.98110     1.8031 1.6178e+03    -0.0219     0.0000      98.78    97.4185     0.0707     167946          8  0.000e+00
    201.588    199.900    11.9330    11.9338  40.571311  40.570831    3.98117     1.8031 1.6038e+03    -0.0219     0.0000      98.78    97.4185     0.0707     167947          8  0.000e+00
    201.555    199.867    11.9328    11.9338  40.570982  40.570145    3.98117     1.8031 1.5877e+03    -0.0219     0.0000      98.78    97.4185     0.0707     167948          8  0.000e+00
    201.588    199.900    11.9325    11.9340  40.570786  40.570831    3.98882     1.8055 1.5717e+03    -0.0219     0.0000      98.78    97.4185     0.0707     167949          8  0.000e+00
    201.612    199.924    11.9325    11.9340  40.570654  40.570146    3.98123     1.8031 1.5556e+03    -0.0219     0.0000      98.78    97.4185     0.0707     167950          8  0.000e+00
    201.555    199.867    11.9327    11.9345  40.570851  40.571204    3.98118     1.8031 1.5456e+03    -0.0145     0.0000      98.78    97.4185     0.0707     167951          8  0.000e+00
    201.588    199.900    11.9327    11.9345  40.571245  40.571578    3.98119     1.8031 1.5396e+03    -0.0219     0.0000      98.78    97.4185     0.0707     167952          8  0.000e+00
    100.698     99.879    13.7592    13.7613  42.529279  42.529513    4.48522     2.0413 1.6418e+03    -0.0145     0.0000      98.75    97.3138     0.0707     175013          9  0.000e+00
    100.730     99.911    13.7600    13.7615  42.530215  42.529195    4.48515     2.0413 1.6418e+03    -0.0145     0.0000      98.78    97.3400     0.0707     175014          9  0.000e+00
    100.730     99.911    13.7604    13.7613  42.530483  42.529894    4.48151     2.0401 1.6398e+03    -0.0219     0.0000      98.75    97.3400     0.0707     175015          9  0.000e+00
    100.755     99.935    13.7602    13.7612  42.530282  42.529894    4.48154     2.0401 1.6378e+03    -0.0219     0.0000      98.78    97.3400     0.0707     175016          9  0.000e+00
    100.730     99.911    13.7604    13.7608  42.530349  42.529894    4.48152     2.0401 1.6378e+03    -0.0219     0.0000      98.78    97.3400     0.0707     175017          9  0.000e+00
    100.755     99.935    13.7605    13.7608  42.530684  42.529195    4.48151     2.0401 1.6358e+03    -0.0145     0.0000      98.75    97.3138     0.0707     175018          9  0.000e+00
    100.730     99.911    13.7605    13.7608  42.530617  42.529132    4.48150     2.0401 1.6338e+03    -0.0219     0.0000      98.75    97.3400     0.0707     175019          9  0.000e+00
    100.755     99.935    13.7605    13.7605  42.530751  42.529195    4.48151     2.0401 1.6338e+03    -0.0145     0.0000      98.78    97.3400     0.0707     175020          9  0.000e+00
    100.795     99.975    13.7605    13.7612  42.530617  42.529196    4.48153     2.0401 1.6338e+03    -0.0219     0.0000      98.78    97.3400     0.0707     175021          9  0.000e+00
    100.795     99.975    13.7609    13.7617  42.530483  42.529132    4.48151     2.0401 1.6298e+03    -0.0219     0.0000      98.78    97.3400     0.0707     175022          9  0.000e+00
    100.755     99.935    13.7607    13.7615  42.530751  42.530275    4.48149     2.0401 1.6278e+03    -0.0145     0.0000      98.78    97.3400     0.0707     175023          9  0.000e+00
    100.795     99.975    13.7607    13.7613  42.530617  42.530211    4.48513     2.0413 1.6238e+03    -0.0145     0.0000      98.78    97.3400     0.0707     175024          9  0.000e+00
    100.755     99.935    13.7605    13.7612  42.530483  42.529894    4.48512     2.0413 1.6218e+03    -0.0145     0.0000      98.78    97.3400     0.0707     175025          9  0.000e+00
    100.795     99.975    13.7607    13.7607  42.530483  42.530211    4.48152     2.0401 1.6178e+03    -0.0219     0.0000      98.78    97.3400     0.0707     175026          9  0.000e+00
    100.811     99.992    13.7607    13.7608  42.531019  42.528815    4.48152     2.0401 1.6158e+03    -0.0219     0.0000      98.78    97.3400     0.0707     175027          9  0.000e+00
    100.795     99.975    13.7609    13.7608  42.531019  42.529132    4.48150     2.0401 1.6138e+03    -0.0145     0.0000      98.75    97.3400     0.0707     175028          9  0.000e+00
    100.852    100.032    13.7607    13.7613  42.530617  42.529577    4.48155     2.0401 1.6138e+03    -0.0145     0.0000      98.78    97.3661     0.0707     175029          9  0.000e+00
    100.811     99.992    13.7607    13.7615  42.530684  42.529513    4.47791     2.0389 1.6138e+03    -0.0219     0.0000      98.75    97.3400     0.0707     175030          9  0.000e+00
    100.795     99.975    13.7611    13.7618  42.530818  42.529894    4.48149     2.0401 1.6118e+03    -0.0219     0.0000      98.78    97.3400     0.0707     175031          9  0.000e+00
    100.876    100.056    13.7607    13.7622  42.530885  42.530592    4.48517     2.0413 1.6118e+03    -0.0219     0.0000      98.78    97.3661     0.0707     175032          9  0.000e+00
    100.795     99.975    13.7607    13.7620  42.530617  42.530275    4.48513     2.0413 1.6118e+03    -0.0219     0.0000      98.78    97.3400     0.0707     175033          9  0.000e+00
    100.876    100.056    13.7604    13.7622  42.530484  42.530973    4.47798     2.0389 1.6118e+03    -0.0145     0.0000      98.75    97.3400     0.0707     175034          9  0.000e+00
    100.852    100.032    13.7605    13.7623  42.531019  42.531037    4.48516     2.0413 1.6098e+03    -0.0145     0.0000      98.78    97.3400     0.0707     175035          9  0.000e+00
    100.852    100.032    13.7609    13.7622  42.531220  42.530592    4.48513     2.0413 1.6098e+03    -0.0219     0.0000      98.75    97.3400     0.0707     175036          9  0.000e+00
    100.876    100.056    13.7612    13.7618  42.531019  42.530275    4.48513     2.0413 1.6098e+03    -0.0219     0.0000      98.78    97.3400     0.0707     175037          9  0.000e+00
    100.852    100.032    13.7609    13.7618  42.531086  42.530211    4.48152     2.0401 1.6098e+03    -0.0145     0.0000      98.78    97.3400     0.0707     175038          9  0.000e+00
    100.876    100.056    13.7607    13.7617  42.530417  42.530656    4.48156     2.0401 1.6118e+03    -0.0219     0.0000      98.78    97.3400     0.0707     175039          9  0.000e+00
    100.909    100.088    13.7605    13.7615  42.530350  42.529894    4.47799     2.0389 1.6138e+03    -0.0145     0.0000      98.78    97.3400     0.0707     175040          9  0.000e+00
    100.876    100.056    13.7605    13.7617  42.530484  42.529894    4.48157     2.0401 1.6158e+03    -0.0219     0.0000      98.78    97.3400     0.0707     175041          9  0.000e+00
    100.909    100.088    13.7605    13.7615  42.530484  42.529894    4.48159     2.0401 1.6178e+03    -0.0219     0.0000      98.78    97.3400     0.0707     175042          9  0.000e+00
    100.909    100.088    13.7606    13.7613  42.530751  42.529894    4.48158     2.0401 1.6218e+03    -0.0219     0.0000      98.75    97.3400     0.0707     175043          9  0.000e+00
    100.933    100.112    13.7607    13.7612  42.531086  42.529577    4.48158     2.0401 1.6238e+03    -0.0219     0.0000      98.78    97.3400     0.0707     175044          9  0.000e+00
    100.909    100.088    13.7604    13.7615  42.530684  42.529513    4.48159     2.0401 1.6278e+03    -0.0145     0.0000      98.75    97.3400     0.0707     175045          9  0.000e+00
