Ship_data/Irminger/Irminger-2/ctd/process/OOI/at30_011.ros
* Sea-Bird SBE 9 Data File:
* FileName = C:\data\ctd\at30_011.hex
* Software Version Seasave V 7.21f
* Temperature SN = 2265
* Conductivity SN = 3021
* Number of Bytes Per Scan = 40
* Number of Voltage Words = 5
* Number of Scans Averaged by the Deck Unit = 1
* NMEA Latitude = 59 41.19 N
* NMEA Longitude = 039 21.93 W
* NMEA UTC (Time) = Aug 21 2015  19:14:51
** cal val post deployment at FLMB2
# nquan = 17
# nvalues = 588                                   
# units = specified
# name 0 = prDM: Pressure, Digiquartz [db]
# name 1 = depSM: Depth [salt water, m]
# name 2 = t090C: Temperature [ITS-90, deg C]
# name 3 = t190C: Temperature, 2 [ITS-90, deg C]
# name 4 = c0mS/cm: Conductivity [mS/cm]
# name 5 = c1mS/cm: Conductivity, 2 [mS/cm]
# name 6 = sbeox0ML/L: Oxygen, SBE 43 [ml/l]
# name 7 = sbeox0V: Oxygen raw, SBE 43 [V]
# name 8 = spar: SPAR/Surface Irradiance
# name 9 = flECO-AFL: Fluorescence, WET Labs ECO-AFL/FL [mg/m^3]
# name 10 = v2: Voltage 2
# name 11 = altM: Altimeter [m]
# name 12 = CStarTr0: Beam Transmission, WET Labs C-Star [%]
# name 13 = turbWETntu0: Turbidity, WET Labs ECO [NTU]
# name 14 = scan: Scan Count
# name 15 = nbf: Bottles Fired
# name 16 = flag:  0.000e+00
# interval = seconds: 0.0416667
# start_time = Aug 21 2015 19:14:51 [NMEA time, header]
# bad_flag = -9.990e-29
*END*
[from data line 256]
   1215.257   1200.323     3.4377     3.4381  32.476334  32.476373    6.55969     2.0220 4.3101e+02    -0.0439     0.0000      98.73    97.4446     0.0707     133662          6  0.000e+00
   1215.233   1200.299     3.4375     3.4380  32.476334  32.476145    6.55969     2.0220 4.3101e+02    -0.0439     0.0000      98.73    97.4708     0.0707     133663          6  0.000e+00
   1215.199   1200.266     3.4379     3.4378  32.476274  32.476430    6.55962     2.0220 4.3101e+02    -0.0439     0.0000      98.73    97.4708     0.0682     133664          6  0.000e+00
   1215.133   1200.201     3.4379     3.4378  32.476394  32.476087    6.55955     2.0220 4.3101e+02    -0.0439     0.0000      98.73    97.4446     0.0682     133665          6  0.000e+00
   1215.166   1200.233     3.4379     3.4376  32.476515  32.476144    6.55957     2.0220 4.3101e+02    -0.0439     0.0000      98.73    97.4446     0.0682     133666          6  0.000e+00
   1215.133   1200.201     3.4380     3.4381  32.476514  32.476430    6.55952     2.0220 4.3101e+02    -0.0439     0.0000      98.73    97.4446     0.0682     133667          6  0.000e+00
   1215.075   1200.144     3.4375     3.4376  32.476334  32.475802    6.55955     2.0220 4.3101e+02    -0.0439     0.0000      98.73    97.4446     0.0707     133668          6  0.000e+00
   1215.109   1200.176     3.4375     3.4378  32.476214  32.476658    6.55958     2.0220 4.3101e+02    -0.0439     0.0000      98.73    97.4446     0.0707     133669          6  0.000e+00
   1215.075   1200.144     3.4377     3.4378  32.476214  32.476430    6.55953     2.0220 4.2901e+02    -0.0439     0.0000      98.73    97.4446     0.0707     133670          6  0.000e+00
   1215.009   1200.079     3.4379     3.4380  32.476213  32.476429    6.55945     2.0220 4.2901e+02    -0.0439     0.0000      98.73    97.4708     0.0707     133671          6  0.000e+00
   1215.042   1200.111     3.4377     3.4378  32.476214  32.476372    6.55950     2.0220 4.2901e+02    -0.0439     0.0000      98.73    97.4446     0.0707     133672          6  0.000e+00
   1215.009   1200.079     3.4377     3.4378  32.476394  32.476715    6.55946     2.0220 4.3101e+02    -0.0439     0.0000      98.73    97.4708     0.0707     133673          6  0.000e+00
   1215.009   1200.079     3.4379     3.4380  32.476093  32.475801    6.55945     2.0220 4.2901e+02    -0.0439     0.0000      98.73    97.4446     0.0707     133674          6  0.000e+00
   1214.918   1199.989     3.4380     3.4380  32.476333  32.476372    6.55933     2.0220 4.3101e+02    -0.0439     0.0000      98.73    97.4708     0.0682     133675          6  0.000e+00
   1214.951   1200.022     3.4377     3.4380  32.476514  32.476715    6.55400     2.0207 4.2901e+02    -0.0439     0.0000      98.73    97.4446     0.0682     133676          6  0.000e+00
   1214.951   1200.022     3.4382     3.4381  32.476694  32.476144    6.55393     2.0207 4.2901e+02    -0.0439     0.0000      98.73    97.4446     0.0707     133677          6  0.000e+00
   1214.861   1199.932     3.4380     3.4380  32.476393  32.476657    6.55388     2.0207 4.2700e+02    -0.0439     0.0000      98.73    97.4446     0.0707     133678          6  0.000e+00
   1214.885   1199.957     3.4379     3.4383  32.476393  32.476714    6.55393     2.0207 4.2901e+02    -0.0439     0.0000      98.73    97.4708     0.0707     133679          6  0.000e+00
   1214.827   1199.900     3.4379     3.4381  32.476333  32.476714    6.55388     2.0207 4.2901e+02    -0.0512     0.0000      98.73    97.4708     0.0707     133680          6  0.000e+00
   1214.861   1199.932     3.4380     3.4380  32.476393  32.476372    6.55388     2.0207 4.2700e+02    -0.0439     0.0000      98.73    97.4446     0.0707     133681          6  0.000e+00
   1214.770   1199.843     3.4380     3.4380  32.476694  32.476714    6.55378     2.0207 4.2901e+02    -0.0512     0.0000      98.73    97.4446     0.0682     133682          6  0.000e+00
   1214.828   1199.900     3.4380     3.4381  32.476393  32.476714    6.55385     2.0207 4.2700e+02    -0.0439     0.0000      98.73    97.4446     0.0707     133683          6  0.000e+00
   1214.737   1199.810     3.4380     3.4381  32.476213  32.476371    6.55378     2.0207 4.2700e+02    -0.0439     0.0000      98.73    97.3923     0.0682     133684          6  0.000e+00
   1214.770   1199.843     3.4379     3.4380  32.476213  32.476429    6.55383     2.0207 4.2700e+02    -0.0439     0.0000      98.73    97.3923     0.0707     133685          6  0.000e+00
   1214.704   1199.778     3.4379     3.4381  32.476393  32.476714    6.55376     2.0207 4.2700e+02    -0.0439     0.0000      98.73    97.3661     0.0682     133686          6  0.000e+00
   1214.679   1199.753     3.4380     3.4381  32.476333  32.476371    6.55372     2.0207 4.2700e+02    -0.0439     0.0000      98.73    97.3923     0.0707     133687          6  0.000e+00
   1214.704   1199.778     3.4379     3.4380  32.476393  32.476714    6.55376     2.0207 4.2700e+02    -0.0439     0.0000      98.73    97.4185     0.0682     133688          6  0.000e+00
   1214.646   1199.721     3.4379     3.4381  32.476333  32.476428    6.55371     2.0207 4.2700e+02    -0.0439     0.0000      98.73    97.4446     0.0707     133689          6  0.000e+00
   1214.613   1199.688     3.4380     3.4378  32.476393  32.476371    6.55365     2.0207 4.2500e+02    -0.0439     0.0000      98.73    97.4185     0.0682     133690          6  0.000e+00
   1214.646   1199.721     3.4382     3.4380  32.476333  32.476714    6.55367     2.0207 4.2500e+02    -0.0439     0.0000      98.73    97.4446     0.0682     133691          6  0.000e+00
   1214.646   1199.721     3.4380     3.4380  32.476633  32.476428    6.55367     2.0207 4.2500e+02    -0.0439     0.0000      98.73    97.4446     0.0707     133692          6  0.000e+00
   1214.555   1199.631     3.4380     3.4378  32.476392  32.476085    6.55360     2.0207 4.2500e+02    -0.0439     0.0000      98.73    97.4446     0.0682     133693          6  0.000e+00
   1214.522   1199.598     3.4380     3.4376  32.476633  32.476428    6.55356     2.0207 4.2500e+02    -0.0439     0.0000      98.73    97.4446     0.0707     133694          6  0.000e+00
   1214.522   1199.598     3.4379     3.4376  32.476392  32.476142    6.55359     2.0207 4.2299e+02    -0.0439     0.0000      98.73    97.4446     0.0707     133695          6  0.000e+00
   1214.555   1199.631     3.4380     3.4380  32.476212  32.476142    6.55361     2.0207 4.2500e+02    -0.0439     0.0000      98.73    97.4708     0.0682     133696          6  0.000e+00
   1214.456   1199.533     3.4379     3.4376  32.476031  32.476371    6.55355     2.0207 4.2500e+02    -0.0439     0.0000      98.73    97.4446     0.0707     133697          6  0.000e+00
   1214.456   1199.533     3.4379     3.4380  32.476332  32.476142    6.55354     2.0207 4.2299e+02    -0.0439     0.0000      98.73    97.4446     0.0707     133698          6  0.000e+00
   1214.489   1199.566     3.4377     3.4378  32.476513  32.476142    6.55358     2.0207 4.2299e+02    -0.0439     0.0000      98.73    97.4446     0.0707     133699          6  0.000e+00
   1012.339   1000.381     3.5103     3.5100  32.461205  32.461461    6.55739     2.0647 2.4257e+02    -0.0439     0.0000      98.73    97.4708     0.0707     140589          7  0.000e+00
   1012.273   1000.316     3.5102     3.5102  32.461084  32.461175    6.55734     2.0647 2.4257e+02    -0.0439     0.0000      98.73    97.4446     0.0682     140590          7  0.000e+00
   1012.397   1000.438     3.5093     3.5102  32.460003  32.460890    6.55764     2.0647 2.4257e+02    -0.0439     0.0000      98.73    97.4446     0.0707     140591          7  0.000e+00
   1012.347   1000.389     3.5079     3.5102  32.458560  32.461461    6.55786     2.0647 2.4257e+02    -0.0439     0.0000      98.73    97.4446     0.0707     140592          7  0.000e+00
   1012.397   1000.438     3.5074     3.5099  32.457538  32.461176    6.55802     2.0647 2.4257e+02    -0.0439     0.0000      98.73    97.4446     0.0707     140593          7  0.000e+00
   1012.397   1000.438     3.5068     3.5094  32.457177  32.461176    6.55288     2.0635 2.4257e+02    -0.0439     0.0000      98.73    97.4446     0.0682     140594          7  0.000e+00
   1012.471   1000.511     3.5064     3.5084  32.457478  32.460320    6.55298     2.0635 2.4056e+02    -0.0439     0.0000      98.73    97.4446     0.0707     140595          7  0.000e+00
   1012.454   1000.495     3.5064     3.5080  32.457418  32.459121    6.55821     2.0647 2.4257e+02    -0.0439     0.0000      98.73    97.4446     0.0707     140596          7  0.000e+00
   1012.454   1000.495     3.5065     3.5073  32.457478  32.459121    6.55820     2.0647 2.4257e+02    -0.0365     0.0000      98.73    97.4446     0.0707     140597          7  0.000e+00
   1012.471   1000.511     3.5064     3.5073  32.457598  32.458208    6.55821     2.0647 2.4056e+02    -0.0439     0.0000      98.73    97.4446     0.0682     140598          7  0.000e+00
   1012.520   1000.560     3.5066     3.5076  32.457598  32.458493    6.55299     2.0635 2.4257e+02    -0.0439     0.0000      98.73    97.4446     0.0707     140599          7  0.000e+00
   1012.578   1000.617     3.5068     3.5075  32.458200  32.458493    6.55299     2.0635 2.4056e+02    -0.0439     0.0000      98.73    97.4446     0.0707     140600          7  0.000e+00
   1012.529   1000.568     3.5074     3.5078  32.458260  32.458836    6.55809     2.0647 2.4056e+02    -0.0439     0.0000      98.73    97.4446     0.0682     140601          7  0.000e+00
   1012.578   1000.617     3.5066     3.5081  32.457298  32.458779    6.55829     2.0647 2.4257e+02    -0.0439     0.0000      98.73    97.4446     0.0707     140602          7  0.000e+00
   1012.578   1000.617     3.5031     3.5088  32.453931  32.458779    6.55371     2.0635 2.4056e+02    -0.0439     0.0000      98.73    97.4446     0.0707     140603          7  0.000e+00
   1012.595   1000.633     3.4993     3.5084  32.450204  32.459407    6.55444     2.0635 2.4056e+02    -0.0439     0.0000      98.73    97.4708     0.0707     140604          7  0.000e+00
   1012.578   1000.617     3.4966     3.5083  32.447560  32.459978    6.55492     2.0635 2.4056e+02    -0.0439     0.0000      98.73    97.4446     0.0707     140605          7  0.000e+00
   1012.644   1000.682     3.4957     3.5078  32.446959  32.459692    6.55514     2.0635 2.4056e+02    -0.0439     0.0000      98.73    97.4708     0.0707     140606          7  0.000e+00
   1012.718   1000.755     3.4953     3.5080  32.446839  32.459122    6.56050     2.0647 2.4056e+02    -0.0439     0.0000      98.73    97.4708     0.0682     140607          7  0.000e+00
   1012.644   1000.682     3.4959     3.5075  32.447139  32.458836    6.55510     2.0635 2.4056e+02    -0.0439     0.0000      98.73    97.4446     0.0707     140608          7  0.000e+00
   1012.702   1000.739     3.4957     3.5070  32.447440  32.458779    6.55515     2.0635 2.3856e+02    -0.0439     0.0000      98.73    97.4708     0.0707     140609          7  0.000e+00
   1012.718   1000.755     3.4959     3.5067  32.447380  32.458494    6.55515     2.0635 2.3856e+02    -0.0439     0.0000      98.71    97.4708     0.0707     140610          7  0.000e+00
   1012.644   1000.682     3.4959     3.5073  32.447440  32.458494    6.55507     2.0635 2.4056e+02    -0.0439     0.0000      98.73    97.4708     0.0707     140611          7  0.000e+00
   1012.768   1000.804     3.4959     3.5081  32.447380  32.458837    6.56043     2.0647 2.3856e+02    -0.0439     0.0000      98.73    97.4446     0.0682     140612          7  0.000e+00
   1012.644   1000.682     3.4961     3.5078  32.447440  32.459407    6.56028     2.0647 2.3856e+02    -0.0512     0.0000      98.73    97.4708     0.0707     140613          7  0.000e+00
   1012.776   1000.812     3.4966     3.5057  32.448221  32.458780    6.55505     2.0635 2.3856e+02    -0.0439     0.0000      98.73    97.4446     0.0682     140614          7  0.000e+00
   1012.702   1000.739     3.4965     3.5048  32.448281  32.457352    6.55500     2.0635 2.3856e+02    -0.0439     0.0000      98.73    97.4446     0.0682     140615          7  0.000e+00
   1012.768   1000.804     3.4966     3.5038  32.448161  32.456154    6.55505     2.0635 2.4056e+02    -0.0439     0.0000      98.73    97.4708     0.0707     140616          7  0.000e+00
   1012.776   1000.812     3.4968     3.5041  32.448161  32.456439    6.55503     2.0635 2.3856e+02    -0.0439     0.0000      98.73    97.4708     0.0707     140617          7  0.000e+00
   1012.768   1000.804     3.4969     3.5046  32.448221  32.456154    6.56024     2.0647 2.3856e+02    -0.0439     0.0000      98.73    97.4446     0.0707     140618          7  0.000e+00
   1012.768   1000.804     3.4971     3.5046  32.448342  32.455868    6.55497     2.0635 2.3856e+02    -0.0439     0.0000      98.73    97.4708     0.0682     140619          7  0.000e+00
   1012.776   1000.812     3.4979     3.5039  32.448823  32.456154    6.55484     2.0635 2.3856e+02    -0.0439     0.0000      98.73    97.4446     0.0707     140620          7  0.000e+00
   1012.702   1000.739     3.4983     3.5037  32.449423  32.455811    6.55468     2.0635 2.3856e+02    -0.0439     0.0000      98.73    97.4708     0.0707     140621          7  0.000e+00
   1012.768   1000.804     3.4985     3.5043  32.449604  32.456154    6.55994     2.0647 2.3856e+02    -0.0439     0.0000      98.73    97.4446     0.0707     140622          7  0.000e+00
   1012.842   1000.877     3.4987     3.5053  32.449785  32.456154    6.55474     2.0635 2.3856e+02    -0.0439     0.0000      98.73    97.4446     0.0707     140623          7  0.000e+00
   1012.768   1000.804     3.4987     3.5044  32.449905  32.456439    6.55467     2.0635 2.3856e+02    -0.0439     0.0000      98.73    97.4446     0.0707     140624          7  0.000e+00
   1012.768   1000.804     3.4990     3.5019  32.449904  32.456154    6.55462     2.0635 2.3856e+02    -0.0439     0.0000      98.73    97.4446     0.0707     140625          7  0.000e+00
   1012.776   1000.812     3.4983     3.5014  32.449484  32.454042    6.55474     2.0635 2.3655e+02    -0.0439     0.0000      98.73    97.4708     0.0707     140626          7  0.000e+00
   1012.826   1000.861     3.4966     3.5013  32.448222  32.451416    6.55508     2.0635 2.3655e+02    -0.0439     0.0000      98.73    97.4446     0.0707     140627          7  0.000e+00
   1012.702   1000.739     3.4953     3.5014  32.447320  32.451359    6.55520     2.0635 2.3655e+02    -0.0439     0.0000      98.73    97.4446     0.0707     140628          7  0.000e+00
   1012.826   1000.861     3.4955     3.5013  32.447621  32.451645    6.55526     2.0635 2.3856e+02    -0.0439     0.0000      98.73    97.4446     0.0707     140629          7  0.000e+00
   1012.776   1000.813     3.4978     3.5013  32.450265  32.452558    6.55476     2.0635 2.3655e+02    -0.0439     0.0000      98.73    97.4446     0.0707     140630          7  0.000e+00
   1012.768   1000.804     3.5023     3.5025  32.453992  32.453186    6.55395     2.0635 2.3655e+02    -0.0439     0.0000      98.73    97.4708     0.0707     140631          7  0.000e+00
   1012.768   1000.804     3.5056     3.5038  32.456938  32.452843    6.55334     2.0635 2.3655e+02    -0.0439     0.0000      98.73    97.4708     0.0682     140632          7  0.000e+00
   1012.776   1000.813     3.5074     3.5062  32.458862  32.454327    6.55300     2.0635 2.3655e+02    -0.0439     0.0000      98.73    97.4708     0.0707     140633          7  0.000e+00
   1012.768   1000.804     3.5087     3.5070  32.460244  32.456439    6.55275     2.0635 2.3655e+02    -0.0439     0.0000      98.73    97.4708     0.0682     140634          7  0.000e+00
