Ship_data/Irminger/Irminger-2/ctd/process/OOI/at30_006.ros
* Sea-Bird SBE 9 Data File:
* FileName = C:\data\ctd\at30_006.hex
* Software Version Seasave V 7.21f
* Temperature SN = 2265
* Conductivity SN = 3021
* Number of Bytes Per Scan = 40
* Number of Voltage Words = 5
* Number of Scans Averaged by the Deck Unit = 1
* NMEA Latitude = 59 51.06 N
* NMEA Longitude = 039 05.71 W
* NMEA UTC (Time) = Aug 17 2015  17:02:11
# nquan = 17
# nvalues = 588                                   
# units = specified
# name 0 = prDM: Pressure, Digiquartz [db]
# name 1 = depSM: Depth [salt water, m]
# name 2 = t090C: Temperature [ITS-90, deg C]
# name 3 = t190C: Temperature, 2 [ITS-90, deg C]
# name 4 = c0mS/cm: Conductivity [mS/cm]
# name 5 = c1mS/cm: Conductivity, 2 [mS/cm]
# name 6 = sbeox0ML/L: Oxygen, SBE 43 [ml/l]
# name 7 = sbeox0V: Oxygen raw, SBE 43 [V]
# name 8 = spar: SPAR/Surface Irradiance
# name 9 = flECO-AFL: Fluorescence, WET Labs ECO-AFL/FL [mg/m^3]
# name 10 = v2: Voltage 2
# name 11 = altM: Altimeter [m]
# name 12 = CStarTr0: Beam Transmission, WET Labs C-Star [%]
# name 13 = turbWETntu0: Turbidity, WET Labs ECO [NTU]
# name 14 = scan: Scan Count
# name 15 = nbf: Bottles Fired
# name 16 = flag:  0.000e+00
# interval = seconds: 0.0416667
# start_time = Aug 17 2015 17:02:11 [NMEA time, header]
# bad_flag = -9.990e-29
*END*
[from data line 86]
   1011.889    999.924     3.6136     3.6150  32.562444  32.563415    6.58781     2.0765 4.7110e+02    -0.0219     0.0000      98.78    97.6277     0.0780      33767          2  0.000e+00
   1011.839    999.875     3.6139     3.6150  32.562805  32.563415    6.59293     2.0778 4.7110e+02    -0.0219     0.0000      98.78    97.6277     0.0780      33768          2  0.000e+00
   1011.831    999.867     3.6138     3.6151  32.562624  32.563243    6.58773     2.0765 4.7110e+02    -0.0292     0.0000      98.78    97.6277     0.0804      33769          2  0.000e+00
   1011.831    999.867     3.6142     3.6150  32.562805  32.563072    6.58766     2.0765 4.7110e+02    -0.0219     0.0000      98.78    97.6277     0.0780      33770          2  0.000e+00
   1011.831    999.867     3.6141     3.6151  32.562624  32.563815    6.58769     2.0765 4.7110e+02    -0.0219     0.0000      98.78    97.6539     0.0780      33771          2  0.000e+00
   1011.716    999.753     3.6143     3.6150  32.562804  32.563415    6.58755     2.0765 4.7110e+02    -0.0219     0.0000      98.78    97.6539     0.0780      33772          2  0.000e+00
   1011.707    999.745     3.6144     3.6150  32.562624  32.563529    6.59276     2.0778 4.6910e+02    -0.0219     0.0000      98.78    97.6539     0.0780      33773          2  0.000e+00
   1011.707    999.745     3.6142     3.6153  32.562624  32.563986    6.58757     2.0765 4.6910e+02    -0.0219     0.0000      98.78    97.6800     0.0780      33774          2  0.000e+00
   1011.658    999.696     3.6142     3.6151  32.562744  32.563414    6.58752     2.0765 4.6910e+02    -0.0219     0.0000      98.78    97.6800     0.0780      33775          2  0.000e+00
   1011.642    999.680     3.6146     3.6150  32.562924  32.563814    6.58745     2.0765 4.7110e+02    -0.0219     0.0000      98.78    97.6800     0.0780      33776          2  0.000e+00
   1011.584    999.623     3.6148     3.6151  32.563165  32.563700    6.58735     2.0765 4.6910e+02    -0.0219     0.0000      98.78    97.6800     0.0780      33777          2  0.000e+00
   1011.584    999.623     3.6148     3.6151  32.563466  32.563528    6.58733     2.0765 4.7110e+02    -0.0219     0.0000      98.78    97.6800     0.0780      33778          2  0.000e+00
    809.644    800.457     3.6537     3.6543  32.514869  32.515753    6.64494     2.1336 4.8915e+02    -0.0219     0.0000      98.78    97.6539     0.0780      43879          3  0.000e+00
    809.644    800.457     3.6538     3.6542  32.515170  32.515410    6.64491     2.1336 4.8915e+02    -0.0219     0.0000      98.78    97.6277     0.0780      43880          3  0.000e+00
    809.710    800.522     3.6538     3.6545  32.515110  32.515753    6.64497     2.1336 4.8915e+02    -0.0292     0.0000      98.78    97.6277     0.0780      43881          3  0.000e+00
    809.702    800.514     3.6538     3.6545  32.514990  32.515696    6.64497     2.1336 4.9115e+02    -0.0219     0.0000      98.78    97.6277     0.0780      43882          3  0.000e+00
    809.767    800.579     3.6538     3.6543  32.515231  32.515696    6.64501     2.1336 4.8915e+02    -0.0219     0.0000      98.78    97.6277     0.0780      43883          3  0.000e+00
    809.710    800.522     3.6538     3.6545  32.515170  32.516039    6.63990     2.1323 4.9115e+02    -0.0219     0.0000      98.78    97.6277     0.0780      43884          3  0.000e+00
    809.710    800.522     3.6537     3.6545  32.515230  32.515696    6.64499     2.1336 4.8915e+02    -0.0219     0.0000      98.78    97.6539     0.0780      43885          3  0.000e+00
    809.817    800.628     3.6540     3.6545  32.515532  32.515754    6.64502     2.1336 4.8915e+02    -0.0219     0.0000      98.78    97.6539     0.0780      43886          3  0.000e+00
    809.833    800.644     3.6537     3.6543  32.515652  32.515982    6.64000     2.1323 4.8915e+02    -0.0219     0.0000      98.78    97.6277     0.0780      43887          3  0.000e+00
    809.768    800.579     3.6538     3.6545  32.515471  32.516039    6.64500     2.1336 4.8915e+02    -0.0219     0.0000      98.78    97.6539     0.0780      43888          3  0.000e+00
    809.759    800.571     3.6538     3.6548  32.515351  32.515982    6.63993     2.1323 4.8915e+02    -0.0219     0.0000      98.78    97.6539     0.0780      43889          3  0.000e+00
    809.891    800.701     3.6538     3.6544  32.515351  32.515754    6.64005     2.1323 4.9115e+02    -0.0292     0.0000      98.78    97.6539     0.0780      43890          3  0.000e+00
    809.891    800.701     3.6537     3.6545  32.515351  32.515697    6.64514     2.1336 4.8915e+02    -0.0292     0.0000      98.75    97.6800     0.0780      43891          3  0.000e+00
    809.891    800.701     3.6538     3.6545  32.515351  32.516268    6.64512     2.1336 4.8915e+02    -0.0219     0.0000      98.78    97.6539     0.0780      43892          3  0.000e+00
    809.883    800.693     3.6538     3.6543  32.515291  32.515468    6.64512     2.1336 4.8915e+02    -0.0219     0.0000      98.78    97.6539     0.0780      43893          3  0.000e+00
    809.891    800.701     3.6538     3.6545  32.515351  32.515411    6.64512     2.1336 4.8915e+02    -0.0219     0.0000      98.78    97.6539     0.0780      43894          3  0.000e+00
    809.957    800.766     3.6538     3.6544  32.515351  32.516040    6.64518     2.1336 4.8915e+02    -0.0219     0.0000      98.78    97.6539     0.0804      43895          3  0.000e+00
    810.006    800.814     3.6540     3.6541  32.515352  32.515412    6.64520     2.1336 4.8915e+02    -0.0219     0.0000      98.78    97.6539     0.0780      43896          3  0.000e+00
    809.957    800.766     3.6540     3.6541  32.515532  32.515469    6.64515     2.1336 4.8915e+02    -0.0292     0.0000      98.78    97.6539     0.0780      43897          3  0.000e+00
    810.014    800.823     3.6540     3.6543  32.515833  32.515412    6.64518     2.1336 4.8915e+02    -0.0219     0.0000      98.78    97.6539     0.0780      43898          3  0.000e+00
    810.014    800.823     3.6542     3.6542  32.515773  32.515697    6.64517     2.1336 4.8915e+02    -0.0219     0.0000      98.78    97.6539     0.0780      43899          3  0.000e+00
    810.064    800.871     3.6542     3.6541  32.515653  32.515755    6.64522     2.1336 4.8915e+02    -0.0219     0.0000      98.78    97.6539     0.0780      43900          3  0.000e+00
    810.072    800.879     3.6540     3.6541  32.515472  32.515412    6.64526     2.1336 4.8915e+02    -0.0219     0.0000      98.78    97.6539     0.0804      43901          3  0.000e+00
    810.072    800.879     3.6542     3.6543  32.515532  32.515755    6.64523     2.1336 4.8915e+02    -0.0219     0.0000      98.78    97.6539     0.0780      43902          3  0.000e+00
    810.138    800.944     3.6542     3.6545  32.515833  32.515983    6.64527     2.1336 4.8915e+02    -0.0219     0.0000      98.78    97.6800     0.0780      43903          3  0.000e+00
    810.130    800.936     3.6542     3.6542  32.515713  32.515755    6.64527     2.1336 4.8915e+02    -0.0292     0.0000      98.75    97.6800     0.0780      43904          3  0.000e+00
    810.138    800.944     3.6542     3.6546  32.516074  32.515983    6.64526     2.1336 4.8915e+02    -0.0219     0.0000      98.78    97.6539     0.0780      43905          3  0.000e+00
    810.195    801.001     3.6543     3.6545  32.516074  32.515755    6.64529     2.1336 4.8915e+02    -0.0219     0.0000      98.78    97.6539     0.0780      43906          3  0.000e+00
    810.187    800.993     3.6545     3.6546  32.515954  32.516269    6.64527     2.1336 4.8915e+02    -0.0292     0.0000      98.78    97.6539     0.0780      43907          3  0.000e+00
    810.195    801.001     3.6545     3.6548  32.516134  32.516269    6.64527     2.1336 4.8915e+02    -0.0219     0.0000      98.78    97.6539     0.0780      43908          3  0.000e+00
    810.261    801.066     3.6545     3.6548  32.516255  32.516669    6.64532     2.1336 4.8915e+02    -0.0219     0.0000      98.75    97.6539     0.0780      43909          3  0.000e+00
    810.195    801.001     3.6545     3.6549  32.516074  32.516612    6.64527     2.1336 4.8915e+02    -0.0219     0.0000      98.78    97.6800     0.0780      43910          3  0.000e+00
    810.310    801.115     3.6545     3.6548  32.516135  32.516669    6.64537     2.1336 4.8915e+02    -0.0219     0.0000      98.78    97.6539     0.0780      43911          3  0.000e+00
    810.319    801.123     3.6543     3.6548  32.516075  32.516612    6.64540     2.1336 4.8915e+02    -0.0219     0.0000      98.78    97.6800     0.0780      43912          3  0.000e+00
    810.319    801.123     3.6545     3.6549  32.516135  32.516669    6.64538     2.1336 4.9115e+02    -0.0219     0.0000      98.78    97.6800     0.0780      43913          3  0.000e+00
    810.319    801.123     3.6545     3.6547  32.516195  32.516898    6.64537     2.1336 4.8915e+02    -0.0219     0.0000      98.78    97.6539     0.0780      43914          3  0.000e+00
    810.311    801.115     3.6545     3.6548  32.516014  32.516669    6.64538     2.1336 4.8915e+02    -0.0219     0.0000      98.78    97.6539     0.0780      43915          3  0.000e+00
    810.385    801.188     3.6543     3.6546  32.516135  32.516612    6.64546     2.1336 4.8915e+02    -0.0219     0.0000      98.78    97.6800     0.0780      43916          3  0.000e+00
    810.442    801.245     3.6547     3.6546  32.516255  32.516613    6.64546     2.1336 4.9115e+02    -0.0292     0.0000      98.78    97.6539     0.0780      43917          3  0.000e+00
    810.434    801.236     3.6545     3.6546  32.516255  32.516384    6.64548     2.1336 4.8915e+02    -0.0219     0.0000      98.78    97.6277     0.0780      43918          3  0.000e+00
    810.385    801.188     3.6545     3.6545  32.516075  32.516612    6.64544     2.1336 4.8915e+02    -0.0219     0.0000      98.78    97.6277     0.0780      43919          3  0.000e+00
    810.442    801.245     3.6547     3.6548  32.516135  32.516041    6.64547     2.1336 4.9115e+02    -0.0219     0.0000      98.78    97.6277     0.0780      43920          3  0.000e+00
    810.500    801.301     3.6547     3.6548  32.516256  32.516613    6.64551     2.1336 4.8915e+02    -0.0219     0.0000      98.78    97.6277     0.0780      43921          3  0.000e+00
    810.492    801.293     3.6545     3.6549  32.516256  32.516384    6.64046     2.1323 4.8915e+02    -0.0219     0.0000      98.78    97.6277     0.0780      43922          3  0.000e+00
    810.442    801.245     3.6545     3.6549  32.516075  32.516898    6.64549     2.1336 4.8915e+02    -0.0219     0.0000      98.78    97.6539     0.0780      43923          3  0.000e+00
    810.566    801.366     3.6544     3.6548  32.515955  32.516613    6.64562     2.1336 4.8915e+02    -0.0219     0.0000      98.78    97.6277     0.0780      43924          3  0.000e+00
    810.500    801.302     3.6543     3.6549  32.516075  32.516384    6.64557     2.1336 4.8915e+02    -0.0219     0.0000      98.78    97.6539     0.0780      43925          3  0.000e+00
    810.492    801.293     3.6545     3.6548  32.516015  32.516613    6.64554     2.1336 4.8915e+02    -0.0219     0.0000      98.78    97.6277     0.0780      43926          3  0.000e+00
    810.566    801.366     3.6543     3.6549  32.516135  32.516384    6.64563     2.1336 4.8915e+02    -0.0219     0.0000      98.78    97.6539     0.0780      43927          3  0.000e+00
    810.020    800.828     3.6540     3.6549  32.515652  32.516040    6.64022     2.1324 4.8915e+02    -0.0219     0.0000      98.75    97.6539     0.0780      44087          4  0.000e+00
    809.897    800.706     3.6542     3.6549  32.515652  32.516268    6.64009     2.1324 4.8714e+02    -0.0219     0.0000      98.78    97.6539     0.0780      44088          4  0.000e+00
    810.020    800.828     3.6542     3.6550  32.515472  32.516383    6.64021     2.1324 4.8714e+02    -0.0219     0.0000      98.78    97.6539     0.0780      44089          4  0.000e+00
    809.946    800.755     3.6540     3.6546  32.515532  32.516268    6.64016     2.1324 4.8714e+02    -0.0219     0.0000      98.78    97.6539     0.0780      44090          4  0.000e+00
    809.963    800.771     3.6542     3.6548  32.515652  32.516383    6.64015     2.1324 4.8714e+02    -0.0219     0.0000      98.78    97.6539     0.0780      44091          4  0.000e+00
    810.020    800.828     3.6538     3.6546  32.515592  32.516269    6.64025     2.1324 4.8714e+02    -0.0219     0.0000      98.78    97.6539     0.0780      44092          4  0.000e+00
    810.020    800.828     3.6540     3.6546  32.515652  32.516269    6.64022     2.1324 4.8714e+02    -0.0292     0.0000      98.78    97.6539     0.0780      44093          4  0.000e+00
    810.012    800.820     3.6540     3.6547  32.515652  32.516383    6.64021     2.1324 4.8714e+02    -0.0219     0.0000      98.78    97.6539     0.0780      44094          4  0.000e+00
    810.020    800.828     3.6540     3.6546  32.515472  32.515697    6.64023     2.1324 4.8714e+02    -0.0219     0.0000      98.78    97.6277     0.0780      44095          4  0.000e+00
    810.020    800.828     3.6540     3.6548  32.515352  32.516383    6.64024     2.1324 4.8915e+02    -0.0219     0.0000      98.78    97.6277     0.0780      44096          4  0.000e+00
    810.070    800.877     3.6542     3.6546  32.515532  32.515983    6.64025     2.1324 4.8714e+02    -0.0292     0.0000      98.78    97.6539     0.0780      44097          4  0.000e+00
    810.020    800.828     3.6542     3.6548  32.515472  32.516383    6.64021     2.1324 4.8915e+02    -0.0219     0.0000      98.78    97.6539     0.0780      44098          4  0.000e+00
    810.020    800.828     3.6540     3.6545  32.515352  32.516269    6.64024     2.1324 4.8714e+02    -0.0219     0.0000      98.78    97.6539     0.0780      44099          4  0.000e+00
    810.078    800.885     3.6542     3.6548  32.515352  32.516383    6.64027     2.1324 4.8714e+02    -0.0219     0.0000      98.78    97.6539     0.0780      44100          4  0.000e+00
    810.070    800.877     3.6542     3.6546  32.515532  32.515983    6.64025     2.1324 4.8915e+02    -0.0219     0.0000      98.78    97.6539     0.0780      44101          4  0.000e+00
    810.020    800.828     3.6542     3.6548  32.515412  32.516268    6.64022     2.1324 4.8915e+02    -0.0219     0.0000      98.78    97.6539     0.0780      44102          4  0.000e+00
    810.078    800.885     3.6540     3.6546  32.515532  32.516040    6.64028     2.1324 4.8714e+02    -0.0292     0.0000      98.78    97.6539     0.0780      44103          4  0.000e+00
    810.020    800.829     3.6540     3.6545  32.515652  32.516269    6.64023     2.1324 4.8714e+02    -0.0219     0.0000      98.75    97.6539     0.0780      44104          4  0.000e+00
    810.070    800.877     3.6543     3.6545  32.515653  32.516040    6.64023     2.1324 4.8714e+02    -0.0219     0.0000      98.78    97.6539     0.0780      44105          4  0.000e+00
    810.078    800.885     3.6543     3.6546  32.515653  32.516611    6.64024     2.1324 4.8714e+02    -0.0292     0.0000      98.78    97.6539     0.0780      44106          4  0.000e+00
    810.078    800.885     3.6543     3.6545  32.515833  32.516383    6.64022     2.1324 4.8714e+02    -0.0219     0.0000      98.78    97.6539     0.0780      44107          4  0.000e+00
    810.012    800.821     3.6543     3.6546  32.515953  32.515983    6.64016     2.1324 4.8714e+02    -0.0219     0.0000      98.78    97.6539     0.0780      44108          4  0.000e+00
    810.078    800.885     3.6545     3.6544  32.515953  32.516040    6.64020     2.1324 4.8714e+02    -0.0219     0.0000      98.78    97.6539     0.0780      44109          4  0.000e+00
