Ship_data/Irminger/Irminger-2/ctd/process/OOI/at30_002.cnv
* Sea-Bird SBE 9 Data File:
* FileName = C:\data\ctd\at30_002.hex
* Software Version Seasave V 7.21f
* Temperature SN = 2265
* Conductivity SN = 3021
* Number of Bytes Per Scan = 40
* Number of Voltage Words = 5
* Number of Scans Averaged by the Deck Unit = 1
* NMEA Latitude = 42 32.00 N
* NMEA Longitude = 062 34.74 W
* NMEA UTC (Time) = Aug 07 2015  15:18:09
# nquan = 21
# nvalues = 1514                        
# units = specified
# name 0 = prDM: Pressure, Digiquartz [db]
# name 1 = depSM: Depth [salt water, m]
# name 2 = t090C: Temperature [ITS-90, deg C]
# name 3 = t190C: Temperature, 2 [ITS-90, deg C]
# name 4 = c0mS/cm: Conductivity [mS/cm]
# name 5 = c1mS/cm: Conductivity, 2 [mS/cm]
# name 6 = sbeox0ML/L: Oxygen, SBE 43 [ml/l]
# name 7 = sbeox0V: Oxygen raw, SBE 43 [V]
# name 8 = spar: SPAR/Surface Irradiance
# name 9 = flECO-AFL: Fluorescence, WET Labs ECO-AFL/FL [mg/m^3]
# name 10 = v2: Voltage 2
# name 11 = altM: Altimeter [m]
# name 12 = CStarTr0: Beam Transmission, WET Labs C-Star [%]
# name 13 = turbWETntu0: Turbidity, WET Labs ECO [NTU]
# name 14 = scan: Scan Count
# name 15 = sbeox0ML/L: Oxygen, SBE 43 [ml/l], WS = 2
# name 16 = sbeox0dOV/dT: Oxygen, SBE 43 [dov/dt], WS = 2
# name 17 = sal00: Salinity, Practical [PSU]
# name 18 = sal11: Salinity, Practical, 2 [PSU]
# name 19 = nbin: number of scans per bin
# name 20 = flag: flag
# span 0 =      2.000,   1520.000       
# span 1 =      1.984,   1502.526       
# span 2 =     3.9482,    21.4168       
# span 3 =     3.9485,    21.4348       
# span 4 =  33.136699,  47.265778       
# span 5 =  33.136222,  46.855378       
# span 6 =    3.08638,    6.56351       
# span 7 =     1.4464,     2.8747       
# span 8 = 1.0206e+03, 2.1694e+03       
# span 9 =    -0.0192,     1.4889       
# span 10 =     0.0000,     0.0000      
# span 11 =      81.97,      99.54      
# span 12 =    91.8576,    97.7168      
# span 13 =     0.0679,     0.1629      
# span 14 =        426,     183425      
# span 15 =    3.08617,    6.56423      
# span 16 =    0.00000,    0.00000      
# span 17 =    31.9973,    35.7288      
# span 18 =    31.9968,    35.7261      
# span 19 =         25,        227      
# span 20 = 0.0000e+00, 0.0000e+00      
# interval = decibars: 2                
# start_time = Aug 07 2015 15:18:09 [NMEA time, header]
# bad_flag = -9.990e-29
*END*
[from data line 1311]
    416.000    412.303     7.6205     7.6039  36.151904  36.131669    3.73011     1.5789 2.0703e+03    -0.0109     0.0000      98.78    97.6040     0.0755     167000    3.72994    0.00000    35.1137    35.1085         44 0.0000e+00
    414.000    410.322     7.6556     7.6462  36.184560  36.173465    3.72203     1.5778 2.0820e+03    -0.0114     0.0000      98.78    97.6052     0.0755     167048    3.72183    0.00000    35.1147    35.1121         52 0.0000e+00
    412.000    408.342     7.6620     7.6561  36.189126  36.182008    3.70767     1.5741 2.0853e+03    -0.0113     0.0000      98.78    97.6001     0.0755     167101    3.70745    0.00000    35.1141    35.1124         51 0.0000e+00
    410.000    406.362     7.6784     7.6674  36.205237  36.191497    3.69926     1.5724 2.0763e+03    -0.0117     0.0000      98.78    97.5956     0.0755     167148    3.69897    0.00000    35.1160    35.1122         45 0.0000e+00
    408.000    404.381     7.7082     7.6971  36.233254  36.219936    3.69477     1.5722 2.0633e+03    -0.0115     0.0000      98.78    97.6000     0.0755     167194    3.69453    0.00000    35.1172    35.1140         48 0.0000e+00
    406.000    402.401     7.7718     7.7540  36.296473  36.273303    3.67900     1.5696 2.0601e+03    -0.0123     0.0000      98.78    97.6016     0.0755     167242    3.67870    0.00000    35.1226    35.1154         47 0.0000e+00
    404.000    400.421     7.8115     7.7903  36.332399  36.308888    3.66671     1.5674 2.0662e+03    -0.0110     0.0000      98.78    97.5988     0.0755     167288    3.66650    0.00000    35.1223    35.1183         46 0.0000e+00
    402.000    398.441     7.8263     7.8186  36.345895  36.336048    3.64579     1.5621 2.0663e+03    -0.0115     0.0000      98.78    97.5928     0.0755     167339    3.64558    0.00000    35.1230    35.1201         54 0.0000e+00
    400.000    396.460     7.8755     7.8553  36.394260  36.370066    3.62565     1.5579 2.0601e+03    -0.0113     0.0000      98.78    97.5922     0.0755     167388    3.62545    0.00000    35.1267    35.1209         44 0.0000e+00
    398.000    394.480     7.9160     7.8978  36.432884  36.410944    3.61457     1.5560 2.0490e+03    -0.0121     0.0000      98.78    97.5924     0.0755     167433    3.61428    0.00000    35.1285    35.1232         49 0.0000e+00
    396.000    392.499     7.9575     7.9393  36.472138  36.451138    3.59457     1.5516 2.0306e+03    -0.0122     0.0000      98.78    97.5792     0.0755     167484    3.59435    0.00000    35.1301    35.1257         50 0.0000e+00
    394.000    390.519     8.0086     7.9804  36.520585  36.489584    3.57453     1.5473 2.0290e+03    -0.0116     0.0000      98.78    97.5875     0.0755     167531    3.57422    0.00000    35.1319    35.1269         47 0.0000e+00
    392.000    388.538     8.0218     8.0117  36.531157  36.519875    3.55692     1.5429 2.0487e+03    -0.0122     0.0000      98.78    97.5809     0.0755     167581    3.55669    0.00000    35.1310    35.1289         51 0.0000e+00
    390.000    386.558     8.0245     8.0212  36.532543  36.528290    3.53930     1.5382 2.0180e+03    -0.0121     0.0000      98.78    97.5854     0.0755     167630    3.53908    0.00000    35.1306    35.1294         46 0.0000e+00
    388.000    384.577     8.0417     8.0335  36.549195  36.538670    3.52885     1.5359 1.9591e+03    -0.0111     0.0000      98.78    97.5815     0.0755     167676    3.52869    0.00000    35.1322    35.1292         47 0.0000e+00
    386.000    382.597     8.0807     8.0683  36.586810  36.571076    3.51929     1.5343 1.9807e+03    -0.0124     0.0000      98.78    97.5865     0.0755     167725    3.51901    0.00000    35.1345    35.1300         48 0.0000e+00
    384.000    380.616     8.1367     8.1102  36.640944  36.609922    3.50576     1.5321 1.9985e+03    -0.0119     0.0000      98.78    97.5836     0.0755     167770    3.50552    0.00000    35.1373    35.1307         45 0.0000e+00
    382.000    378.636     8.1809     8.1667  36.682332  36.664000    3.48912     1.5286 2.0027e+03    -0.0115     0.0000      98.78    97.5824     0.0755     167817    3.48883    0.00000    35.1384    35.1330         51 0.0000e+00
    380.000    376.655     8.2204     8.2093  36.719098  36.706055    3.46445     1.5227 2.0053e+03    -0.0121     0.0000      98.78    97.5774     0.0755     167870    3.46418    0.00000    35.1391    35.1363         54 0.0000e+00
    378.000    374.675     8.2340     8.2228  36.731494  36.718409    3.44338     1.5172 2.0121e+03    -0.0121     0.0000      98.78    97.5769     0.0755     167922    3.44319    0.00000    35.1397    35.1370         49 0.0000e+00
    376.000    372.694     8.2735     8.2543  36.771000  36.747143    3.42821     1.5140 2.0106e+03    -0.0116     0.0000      98.78    97.5753     0.0755     167970    3.42802    0.00000    35.1434    35.1371         45 0.0000e+00
    374.000    370.713     8.3323     8.3137  36.825644  36.805711    3.41678     1.5123 2.0104e+03    -0.0115     0.0000      98.78    97.5680     0.0755     168013    3.41652    0.00000    35.1439    35.1413         42 0.0000e+00
    372.000    368.733     8.3535     8.3432  36.845624  36.833320    3.40295     1.5091 2.0059e+03    -0.0127     0.0000      98.78    97.5663     0.0755     168055    3.40276    0.00000    35.1450    35.1422         45 0.0000e+00
    370.000    366.752     8.3685     8.3638  36.859180  36.853434    3.38704     1.5051 1.9972e+03    -0.0122     0.0000      98.78    97.5583     0.0755     168110    3.38681    0.00000    35.1455    35.1440         64 0.0000e+00
    368.000    364.771     8.3788     8.3733  36.868274  36.861614    3.37204     1.5013 1.9813e+03    -0.0125     0.0000      98.78    97.5561     0.0755     168169    3.37185    0.00000    35.1457    35.1442         48 0.0000e+00
    366.000    362.791     8.3963     8.3878  36.884728  36.874127    3.36871     1.5010 1.9761e+03    -0.0119     0.0000      98.78    97.5500     0.0755     168210    3.36856    0.00000    35.1468    35.1439         39 0.0000e+00
    364.000    360.810     8.5030     8.4651  36.990276  36.947327    3.35714     1.5003 1.9865e+03    -0.0118     0.0000      98.78    97.5493     0.0755     168250    3.35685    0.00000    35.1536    35.1458         41 0.0000e+00
    362.000    358.829     8.6055     8.5855  37.091164  37.067605    3.33932     1.4977 1.9689e+03    -0.0116     0.0000      98.78    97.5493     0.0755     168297    3.33900    0.00000    35.1594    35.1544         58 0.0000e+00
    360.000    356.848     8.6460     8.6197  37.130530  37.103264    3.30420     1.4887 1.9509e+03    -0.0108     0.0000      98.78    97.5493     0.0755     168359    3.30398    0.00000    35.1618    35.1591         56 0.0000e+00
    358.000    354.868     8.6543     8.6450  37.137773  37.126249    3.28754     1.4843 1.9422e+03    -0.0118     0.0000      98.78    97.5460     0.0755     168406    3.28727    0.00000    35.1621    35.1592         43 0.0000e+00
    356.000    352.887     8.6788     8.6674  37.161488  37.147880    3.27975     1.4828 1.9412e+03    -0.0123     0.0000      98.78    97.5325     0.0755     168450    3.27961    0.00000    35.1639    35.1608         44 0.0000e+00
    354.000    350.906     8.7164     8.7038  37.198894  37.183573    3.27659     1.4830 1.9340e+03    -0.0113     0.0000      98.78    97.5263     0.0755     168496    3.27645    0.00000    35.1669    35.1633         48 0.0000e+00
    352.000    348.925     8.7445     8.7337  37.225551  37.213171    3.28019     1.4849 1.9303e+03    -0.0120     0.0000      98.78    97.5231     0.0755     168544    3.27999    0.00000    35.1681    35.1658         46 0.0000e+00
    350.000    346.944     8.7775     8.7613  37.255965  37.238300    3.28747     1.4880 1.9323e+03    -0.0118     0.0000      98.78    97.5297     0.0755     168590    3.28719    0.00000    35.1684    35.1659         46 0.0000e+00
    348.000    344.963     8.7969     8.7909  37.274425  37.266833    3.26971     1.4835 1.9561e+03    -0.0126     0.0000      98.78    97.5431     0.0755     168644    3.26946    0.00000    35.1696    35.1675         66 0.0000e+00
    346.000    342.983     8.8080     8.8014  37.284661  37.276688    3.24294     1.4762 1.9940e+03    -0.0107     0.0000      98.78    97.5376     0.0755     168704    3.24278    0.00000    35.1703    35.1685         47 0.0000e+00
    344.000    341.002     8.8442     8.8245  37.322581  37.297976    3.23581     1.4752 2.0136e+03    -0.0116     0.0000      98.78    97.5369     0.0755     168743    3.23572    0.00000    35.1753    35.1689         35 0.0000e+00
    342.000    339.021     8.9373     8.8989  37.419119  37.373774    3.22783     1.4751 2.0177e+03    -0.0119     0.0000      98.78    97.5104     0.0755     168779    3.22748    0.00000    35.1855    35.1759         39 0.0000e+00
    340.000    337.040     8.9770     8.9673  37.459427  37.446899    3.25026     1.4829 2.0166e+03    -0.0119     0.0000      98.78    97.4940     0.0755     168828    3.25000    0.00000    35.1894    35.1859         59 0.0000e+00
    338.000    335.059     9.0234     8.9943  37.506283  37.473735    3.29800     1.4983 2.0309e+03    -0.0118     0.0000      98.78    97.4882     0.0755     168885    3.29775    0.00000    35.1937    35.1883         51 0.0000e+00
    336.000    333.078     9.0656     9.0420  37.547951  37.520987    3.33401     1.5102 2.0408e+03    -0.0122     0.0000      98.78    97.4849     0.0755     168932    3.33372    0.00000    35.1965    35.1916         44 0.0000e+00
    334.000    331.097     9.1023     9.0887  37.583637  37.567238    3.34949     1.5159 2.0377e+03    -0.0118     0.0000      98.78    97.4761     0.0755     168977    3.34923    0.00000    35.1986    35.1948         49 0.0000e+00
    332.000    329.116     9.1476     9.1366  37.627904  37.614637    3.34130     1.5148 2.0377e+03    -0.0121     0.0000      98.78    97.4968     0.0755     169032    3.34107    0.00000    35.2010    35.1981         54 0.0000e+00
    330.000    327.135     9.1951     9.1695  37.675508  37.646458    3.32672     1.5118 2.0346e+03    -0.0117     0.0000      98.78    97.4972     0.0755     169076    3.32648    0.00000    35.2048    35.1998         39 0.0000e+00
    328.000    325.154     9.2283     9.2169  37.707223  37.693091    3.31333     1.5088 2.0144e+03    -0.0118     0.0000      98.78    97.5091     0.0755     169116    3.31305    0.00000    35.2061    35.2026         44 0.0000e+00
    326.000    323.173     9.2437     9.2390  37.721549  37.715167    3.28445     1.5008 2.0109e+03    -0.0122     0.0000      98.78    97.5132     0.0755     169167    3.28419    0.00000    35.2068    35.2048         55 0.0000e+00
    324.000    321.192     9.2653     9.2565  37.741863  37.731403    3.25775     1.4936 2.0420e+03    -0.0121     0.0000      98.78    97.5229     0.0755     169219    3.25753    0.00000    35.2076    35.2054         48 0.0000e+00
    322.000    319.211     9.3190     9.2999  37.796712  37.774088    3.22952     1.4867 2.0670e+03    -0.0117     0.0000      98.78    97.5231     0.0755     169268    3.22934    0.00000    35.2128    35.2081         50 0.0000e+00
    320.000    317.229     9.3645     9.3380  37.842769  37.812017    3.19104     1.4765 2.0731e+03    -0.0122     0.0000      98.78    97.5231     0.0755     169315    3.19079    0.00000    35.2168    35.2110         44 0.0000e+00
    318.000    315.248     9.4000     9.3866  37.878656  37.862137    3.16965     1.4711 2.0804e+03    -0.0109     0.0000      98.78    97.5231     0.0755     169361    3.16940    0.00000    35.2201    35.2161         50 0.0000e+00
    316.000    313.267     9.4144     9.4064  37.892215  37.882711    3.15278     1.4666 2.0871e+03    -0.0108     0.0000      98.78    97.5231     0.0755     169411    3.15253    0.00000    35.2210    35.2189         47 0.0000e+00
    314.000    311.286     9.4405     9.4253  37.918795  37.900179    3.14009     1.4637 2.0846e+03    -0.0118     0.0000      98.78    97.5231     0.0755     169456    3.13993    0.00000    35.2238    35.2194         44 0.0000e+00
    312.000    309.305     9.4780     9.4660  37.957317  37.941963    3.12978     1.4616 2.0834e+03    -0.0114     0.0000      98.78    97.5060     0.0755     169503    3.12954    0.00000    35.2279    35.2238         50 0.0000e+00
    310.000    307.323     9.5087     9.4977  37.988049  37.974573    3.12882     1.4622 2.0732e+03    -0.0119     0.0000      98.78    97.5196     0.0755     169557    3.12853    0.00000    35.2304    35.2274         56 0.0000e+00
    308.000    305.342     9.5364     9.5208  38.016314  37.997534    3.13202     1.4641 2.0632e+03    -0.0111     0.0000      98.78    97.5218     0.0755     169609    3.13187    0.00000    35.2334    35.2293         47 0.0000e+00
    306.000    303.360     9.5743     9.5526  38.056105  38.029264    3.12892     1.4642 2.0605e+03    -0.0116     0.0000      98.78    97.5231     0.0755     169652    3.12860    0.00000    35.2384    35.2319         40 0.0000e+00
    304.000    301.379     9.6312     9.6094  38.114664  38.088543    3.12395     1.4642 2.0489e+03    -0.0114     0.0000      98.78    97.5234     0.0755     169693    3.12365    0.00000    35.2440    35.2384         44 0.0000e+00
    302.000    299.398     9.6493     9.6417  38.132348  38.122524    3.11708     1.4628 2.0398e+03    -0.0117     0.0000      98.78    97.5000     0.0755     169744    3.11683    0.00000    35.2454    35.2428         58 0.0000e+00
    300.000    297.417     9.6707     9.6606  38.153553  38.141230    3.10398     1.4595 2.0430e+03    -0.0116     0.0000      98.78    97.5251     0.0755     169802    3.10367    0.00000    35.2473    35.2444         53 0.0000e+00
    298.000    295.435     9.7080     9.6848  38.192462  38.164911    3.09628     1.4583 2.0590e+03    -0.0117     0.0000      98.78    97.5231     0.0755     169849    3.09609    0.00000    35.2518    35.2461         44 0.0000e+00
    296.000    293.454     9.7502     9.7343  38.235917  38.216323    3.08853     1.4571 2.0627e+03    -0.0120     0.0000      98.78    97.5231     0.0755     169892    3.08825    0.00000    35.2562    35.2515         44 0.0000e+00
    294.000    291.473     9.7774     9.7674  38.264503  38.250677    3.08638     1.4573 2.0601e+03    -0.0114     0.0000      98.78    97.5231     0.0755     169939    3.08617    0.00000    35.2599    35.2555         50 0.0000e+00
    292.000    289.491     9.8378     9.8113  38.328235  38.297354    3.08665     1.4589 2.0614e+03    -0.0108     0.0000      98.78    97.5217     0.0755     169989    3.08648    0.00000    35.2673    35.2615         48 0.0000e+00
    290.000    287.510     9.8878     9.8612  38.380690  38.348818    3.09149     1.4617 2.0750e+03    -0.0106     0.0000      98.78    97.5200     0.0755     170036    3.09120    0.00000    35.2731    35.2664         47 0.0000e+00
    288.000    285.528     9.9524     9.9316  38.448591  38.423044    3.09539     1.4645 2.0766e+03    -0.0115     0.0000      98.78    97.5241     0.0755     170085    3.09512    0.00000    35.2806    35.2747         51 0.0000e+00
    286.000    283.547     9.9926     9.9754  38.491001  38.470264    3.10054     1.4672 2.0799e+03    -0.0126     0.0000      98.78    97.5231     0.0755     170135    3.10029    0.00000    35.2858    35.2813         50 0.0000e+00
    284.000    281.566    10.0502    10.0320  38.552387  38.529921    3.10474     1.4700 2.0917e+03    -0.0121     0.0000      98.78    97.5226     0.0755     170187    3.10441    0.00000    35.2933    35.2880         51 0.0000e+00
    282.000    279.584    10.0766    10.0602  38.580249  38.559507    3.11008     1.4725 2.0928e+03    -0.0122     0.0000      98.78    97.5163     0.0755     170233    3.10990    0.00000    35.2969    35.2917         42 0.0000e+00
