Ship_data/Irminger/Irminger-2/ctd/process/OOI/at30_006.ros
* Sea-Bird SBE 9 Data File:
* FileName = C:\data\ctd\at30_006.hex
* Software Version Seasave V 7.21f
* Temperature SN = 2265
* Conductivity SN = 3021
* Number of Bytes Per Scan = 40
* Number of Voltage Words = 5
* Number of Scans Averaged by the Deck Unit = 1
* NMEA Latitude = 59 51.06 N
* NMEA Longitude = 039 05.71 W
* NMEA UTC (Time) = Aug 17 2015  17:02:11
# nquan = 17
# nvalues = 588                                   
# units = specified
# name 0 = prDM: Pressure, Digiquartz [db]
# name 1 = depSM: Depth [salt water, m]
# name 2 = t090C: Temperature [ITS-90, deg C]
# name 3 = t190C: Temperature, 2 [ITS-90, deg C]
# name 4 = c0mS/cm: Conductivity [mS/cm]
# name 5 = c1mS/cm: Conductivity, 2 [mS/cm]
# name 6 = sbeox0ML/L: Oxygen, SBE 43 [ml/l]
# name 7 = sbeox0V: Oxygen raw, SBE 43 [V]
# name 8 = spar: SPAR/Surface Irradiance
# name 9 = flECO-AFL: Fluorescence, WET Labs ECO-AFL/FL [mg/m^3]
# name 10 = v2: Voltage 2
# name 11 = altM: Altimeter [m]
# name 12 = CStarTr0: Beam Transmission, WET Labs C-Star [%]
# name 13 = turbWETntu0: Turbidity, WET Labs ECO [NTU]
# name 14 = scan: Scan Count
# name 15 = nbf: Bottles Fired
# name 16 = flag:  0.000e+00
# interval = seconds: 0.0416667
# start_time = Aug 17 2015 17:02:11 [NMEA time, header]
# bad_flag = -9.990e-29
*END*
[from data line 341]
     52.460     51.960     6.4353     6.4474  34.674743  34.683292    6.80482     2.4795 3.6486e+02    -0.0219     0.0000      49.84    95.2210     0.0780      75475          7  0.000e+00
     52.461     51.960     6.4362     6.4472  34.674434  34.683116    6.80473     2.4795 3.6486e+02    -0.0219     0.0000      49.84    95.2210     0.0780      75476          7  0.000e+00
     52.328     51.829     6.4455     6.4477  34.681896  34.683291    6.79449     2.4771 3.5884e+02    -0.0219     0.0000      98.78    95.2995     0.0780      75704          8  0.000e+00
     52.401     51.901     6.4451     6.4474  34.681588  34.683409    6.79888     2.4783 3.5884e+02    -0.0219     0.0000      98.78    95.2995     0.0780      75705          8  0.000e+00
     52.328     51.829     6.4451     6.4472  34.681649  34.683291    6.79456     2.4771 3.5884e+02    -0.0219     0.0000      98.78    95.2995     0.0780      75706          8  0.000e+00
     52.466     51.965     6.4455     6.4474  34.682698  34.683409    6.79458     2.4771 3.5884e+02    -0.0219     0.0000      98.75    95.3257     0.0780      75707          8  0.000e+00
     52.344     51.845     6.4463     6.4472  34.683191  34.683584    6.79434     2.4771 3.5884e+02    -0.0219     0.0000      98.78    95.2995     0.0804      75708          8  0.000e+00
     52.393     51.893     6.4473     6.4477  34.683747  34.683409    6.79849     2.4783 3.5884e+02    -0.0219     0.0000      98.78    95.2995     0.0780      75709          8  0.000e+00
     52.466     51.965     6.4475     6.4480  34.683500  34.683585    6.79855     2.4783 3.5884e+02    -0.0219     0.0000      98.75    95.2995     0.0780      75710          8  0.000e+00
     52.393     51.893     6.4470     6.4484  34.683130  34.683760    6.79856     2.4783 3.5884e+02    -0.0219     0.0000      98.75    95.2995     0.0780      75711          8  0.000e+00
     52.401     51.901     6.4467     6.4488  34.682575  34.684521    6.80288     2.4795 3.5884e+02    -0.0219     0.0000      98.78    95.3257     0.0780      75712          8  0.000e+00
     52.401     51.901     6.4459     6.4492  34.681958  34.684521    6.79451     2.4771 3.5884e+02    -0.0219     0.0000      98.75    95.3257     0.0780      75713          8  0.000e+00
     52.450     51.949     6.4457     6.4498  34.681773  34.684990    6.79883     2.4783 3.5884e+02    -0.0219     0.0000      98.75    95.2995     0.0780      75714          8  0.000e+00
     52.401     51.901     6.4454     6.4502  34.681773  34.685165    6.79883     2.4783 3.5884e+02    -0.0219     0.0000      98.78    95.2995     0.0780      75715          8  0.000e+00
     52.450     51.950     6.4455     6.4502  34.682205  34.685634    6.79458     2.4771 3.5884e+02    -0.0219     0.0000      98.78    95.3257     0.0780      75716          8  0.000e+00
     52.345     51.845     6.4459     6.4500  34.682821  34.685458    6.79442     2.4771 3.5884e+02    -0.0219     0.0000      98.78    95.3257     0.0780      75717          8  0.000e+00
     52.523     52.022     6.4459     6.4495  34.683007  34.685341    6.79882     2.4783 3.5684e+02    -0.0219     0.0000      98.78    95.2995     0.0780      75718          8  0.000e+00
     52.393     51.893     6.4457     6.4488  34.683192  34.684814    6.79446     2.4771 3.5884e+02    -0.0219     0.0000      98.78    95.2995     0.0780      75719          8  0.000e+00
     52.466     51.966     6.4459     6.4487  34.683130  34.685341    6.79451     2.4771 3.5884e+02    -0.0219     0.0000      98.78    95.2995     0.0780      75720          8  0.000e+00
     52.393     51.893     6.4463     6.4480  34.683438  34.684228    6.79437     2.4771 3.6085e+02    -0.0219     0.0000      98.75    95.2734     0.0780      75721          8  0.000e+00
     52.466     51.966     6.4462     6.4482  34.683439  34.684404    6.79445     2.4771 3.5884e+02    -0.0292     0.0000      98.78    95.2734     0.0780      75722          8  0.000e+00
     52.466     51.966     6.4467     6.4476  34.683747  34.683877    6.79438     2.4771 3.5884e+02    -0.0219     0.0000      98.78    95.2734     0.0780      75723          8  0.000e+00
     52.393     51.893     6.4470     6.4472  34.684117  34.683584    6.79425     2.4771 3.5884e+02    -0.0219     0.0000      98.75    95.2734     0.0780      75724          8  0.000e+00
     52.466     51.966     6.4476     6.4472  34.684240  34.683760    6.79423     2.4771 3.5884e+02    -0.0219     0.0000      98.78    95.2734     0.0780      75725          8  0.000e+00
     52.402     51.902     6.4473     6.4472  34.684055  34.683584    6.79422     2.4771 3.5884e+02    -0.0292     0.0000      98.78    95.2734     0.0780      75726          8  0.000e+00
     52.450     51.950     6.4468     6.4469  34.683932  34.683409    6.79433     2.4771 3.5684e+02    -0.0219     0.0000      98.75    95.2472     0.0780      75727          8  0.000e+00
     52.467     51.966     6.4468     6.4468  34.683500  34.683292    6.79437     2.4771 3.5884e+02    -0.0219     0.0000      98.78    95.2472     0.0780      75728          8  0.000e+00
     52.394     51.894     6.4459     6.4469  34.682883  34.683760    6.79445     2.4771 3.5884e+02    -0.0219     0.0000      98.78    95.2210     0.0780      75729          8  0.000e+00
     52.467     51.966     6.4447     6.4471  34.682267  34.683877    6.79469     2.4771 3.5884e+02    -0.0219     0.0000      98.75    95.2472     0.0780      75730          8  0.000e+00
     52.402     51.902     6.4444     6.4479  34.681403  34.683409    6.79471     2.4771 3.5884e+02    -0.0219     0.0000      98.78    95.2472     0.0780      75731          8  0.000e+00
     52.394     51.894     6.4444     6.4483  34.681156  34.683877    6.79472     2.4771 3.5884e+02    -0.0219     0.0000      98.75    95.2472     0.0780      75732          8  0.000e+00
     52.467     51.966     6.4443     6.4479  34.681156  34.683760    6.79480     2.4771 3.5884e+02    -0.0219     0.0000      98.75    95.2472     0.0780      75733          8  0.000e+00
     52.394     51.894     6.4433     6.4469  34.680478  34.683584    6.79489     2.4770 3.5884e+02    -0.0219     0.0000      98.78    95.2472     0.0780      75734          8  0.000e+00
     52.467     51.966     6.4425     6.4462  34.679553  34.683292    6.79510     2.4770 3.5884e+02    -0.0219     0.0000      98.78    95.2472     0.0780      75735          8  0.000e+00
     52.345     51.845     6.4413     6.4459  34.679121  34.681886    6.79516     2.4770 3.5884e+02    -0.0219     0.0000      98.75    95.2472     0.0780      75736          8  0.000e+00
     52.394     51.894     6.4418     6.4461  34.678998  34.681711    6.79515     2.4770 3.5884e+02    -0.0219     0.0000      98.78    95.2734     0.0780      75737          8  0.000e+00
     52.402     51.902     6.4422     6.4469  34.678813  34.681886    6.79512     2.4770 3.5884e+02    -0.0292     0.0000      98.78    95.2734     0.0780      75738          8  0.000e+00
     52.451     51.950     6.4419     6.4462  34.678689  34.681711    6.79520     2.4770 3.5884e+02    -0.0219     0.0000      98.75    95.2734     0.0780      75739          8  0.000e+00
     52.345     51.846     6.4411     6.4451  34.678689  34.682823    6.79520     2.4770 3.5884e+02    -0.0219     0.0000      98.75    95.2734     0.0780      75740          8  0.000e+00
     52.345     51.846     6.4409     6.4451  34.677764  34.682003    6.79103     2.4758 3.5884e+02    -0.0292     0.0000      98.75    95.2734     0.0780      75741          8  0.000e+00
     52.394     51.894     6.4410     6.4445  34.677456  34.680598    6.79532     2.4770 3.5884e+02    -0.0219     0.0000      98.78    95.2472     0.0780      75742          8  0.000e+00
     52.402     51.902     6.4407     6.4438  34.677456  34.679837    6.79537     2.4770 3.5884e+02    -0.0219     0.0000      98.75    95.2472     0.0780      75743          8  0.000e+00
     52.329     51.830     6.4410     6.4435  34.677641  34.679661    6.79100     2.4758 3.5884e+02    -0.0292     0.0000      98.78    95.2472     0.0780      75744          8  0.000e+00
     52.345     51.846     6.4407     6.4433  34.677579  34.679544    6.79106     2.4758 3.5884e+02    -0.0219     0.0000      98.75    95.2472     0.0780      75745          8  0.000e+00
     52.345     51.846     6.4403     6.4438  34.677456  34.679369    6.79536     2.4770 3.5884e+02    -0.0219     0.0000      98.78    95.2472     0.0780      75746          8  0.000e+00
     52.329     51.830     6.4400     6.4438  34.677641  34.679544    6.79537     2.4770 3.5884e+02    -0.0292     0.0000      98.78    95.2734     0.0780      75747          8  0.000e+00
     52.345     51.846     6.4397     6.4441  34.677024  34.680130    6.79545     2.4770 3.5884e+02    -0.0219     0.0000      98.78    95.2734     0.0780      75748          8  0.000e+00
     52.272     51.773     6.4403     6.4443  34.677517  34.680012    6.79529     2.4770 3.5884e+02    -0.0219     0.0000      98.78    95.2734     0.0780      75749          8  0.000e+00
     52.345     51.846     6.4415     6.4449  34.678874  34.677963    6.79515     2.4770 3.5884e+02    -0.0219     0.0000      98.78    95.1949     0.0780      75750          8  0.000e+00
     52.289     51.790     6.4423     6.4451  34.679737  34.680598    6.79495     2.4770 3.5884e+02    -0.0219     0.0000      98.75    94.8287     0.0780      75751          8  0.000e+00
     52.272     51.774     6.4426     6.4453  34.680354  34.680774    6.79486     2.4770 3.5884e+02    -0.0219     0.0000      98.78    94.6979     0.0780      75752          8  0.000e+00
     31.555     31.255     7.9922     7.9929  36.097525  36.097200    6.70007     2.5291 3.3679e+02    -0.0219     0.0000      30.23    94.1485     0.0780      79836          9  0.000e+00
     31.555     31.255     7.9922     7.9929  36.097525  36.097260    6.70007     2.5291 3.3679e+02    -0.0219     0.0000      32.09    94.1223     0.0780      79837          9  0.000e+00
     31.498     31.199     7.9924     7.9930  36.097525  36.097854    6.70000     2.5291 3.3679e+02    -0.0219     0.0000      32.75    94.1223     0.0780      79838          9  0.000e+00
     31.587     31.288     7.9924     7.9930  36.097525  36.097260    6.70008     2.5291 3.3679e+02    -0.0219     0.0000      32.72    94.1223     0.0780      79839          9  0.000e+00
     31.498     31.199     7.9926     7.9932  36.097274  36.097557    6.69999     2.5291 3.3679e+02    -0.0292     0.0000      32.65    94.1485     0.0780      79840          9  0.000e+00
     31.555     31.255     7.9919     7.9930  36.097400  36.097557    6.70827     2.5316 3.3679e+02    -0.0219     0.0000      32.63    94.1485     0.0780      79841          9  0.000e+00
     31.498     31.199     7.9922     7.9932  36.097337  36.097914    6.70411     2.5303 3.3679e+02    -0.0219     0.0000      32.63    94.1747     0.0780      79842          9  0.000e+00
     31.498     31.199     7.9924     7.9932  36.097400  36.097200    6.70001     2.5291 3.3679e+02    -0.0219     0.0000      32.63    94.1747     0.0780      79843          9  0.000e+00
     31.531     31.231     7.9922     7.9930  36.097337  36.097259    6.70414     2.5303 3.3679e+02    -0.0219     0.0000      32.63    94.2008     0.0780      79844          9  0.000e+00
     31.555     31.256     7.9922     7.9935  36.096961  36.097557    6.70009     2.5291 3.3679e+02    -0.0219     0.0000      32.63    94.2008     0.0780      79845          9  0.000e+00
     31.498     31.199     7.9922     7.9935  36.097337  36.097913    6.70003     2.5291 3.3679e+02    -0.0219     0.0000      32.63    94.2008     0.0780      79846          9  0.000e+00
     31.498     31.199     7.9920     7.9935  36.097525  36.097854    6.70004     2.5291 3.3679e+02    -0.0219     0.0000      32.63    94.2008     0.0780      79847          9  0.000e+00
     31.498     31.199     7.9920     7.9933  36.097274  36.097914    6.70005     2.5291 3.3679e+02    -0.0219     0.0000      32.63    94.2270     0.0780      79848          9  0.000e+00
     31.498     31.199     7.9922     7.9933  36.097149  36.097914    6.70003     2.5291 3.3679e+02    -0.0292     0.0000      32.67    94.2270     0.0780      79849          9  0.000e+00
     31.531     31.232     7.9920     7.9933  36.097212  36.097854    6.70008     2.5291 3.3679e+02    -0.0219     0.0000      68.42    94.2270     0.0780      79850          9  0.000e+00
     31.498     31.199     7.9919     7.9933  36.097149  36.097914    6.69191     2.5267 3.3679e+02    -0.0219     0.0000      96.53    94.2270     0.0780      79851          9  0.000e+00
     31.555     31.256     7.9920     7.9935  36.097212  36.098152    6.69194     2.5267 3.3679e+02    -0.0219     0.0000     100.00    94.2270     0.0780      79852          9  0.000e+00
     31.498     31.199     7.9922     7.9933  36.097212  36.097914    6.69187     2.5267 3.3679e+02    -0.0219     0.0000      99.71    94.0700     0.0780      79853          9  0.000e+00
     31.498     31.199     7.9919     7.9935  36.097400  36.097557    6.69190     2.5267 3.3679e+02    -0.0219     0.0000      98.93    93.9392     0.0780      79854          9  0.000e+00
     31.531     31.232     7.9920     7.9935  36.097525  36.097914    6.69190     2.5267 3.3679e+02    -0.0219     0.0000      98.63    93.9654     0.0780      79855          9  0.000e+00
     31.498     31.199     7.9920     7.9933  36.097337  36.098508    6.69188     2.5267 3.3679e+02    -0.0219     0.0000      98.71    94.0177     0.0780      79856          9  0.000e+00
     31.499     31.200     7.9920     7.9933  36.097212  36.097914    6.69597     2.5279 3.3679e+02    -0.0219     0.0000      98.75    94.0962     0.0780      79857          9  0.000e+00
     31.555     31.256     7.9920     7.9933  36.097400  36.097914    6.69193     2.5267 3.3479e+02    -0.0219     0.0000      98.78    94.1223     0.0780      79858          9  0.000e+00
     31.499     31.200     7.9920     7.9933  36.097525  36.097854    6.69187     2.5267 3.3679e+02    -0.0292     0.0000      98.78    94.1485     0.0780      79859          9  0.000e+00
     31.555     31.256     7.9922     7.9932  36.097274  36.097557    6.70007     2.5291 3.3479e+02    -0.0219     0.0000      98.75    94.1223     0.0780      79860          9  0.000e+00
     31.466     31.167     7.9922     7.9932  36.097149  36.097557    6.69184     2.5267 3.3679e+02    -0.0219     0.0000      98.75    94.1223     0.0780      79861          9  0.000e+00
     31.499     31.200     7.9924     7.9933  36.096961  36.097914    6.69594     2.5279 3.3679e+02    -0.0219     0.0000      98.75    94.0962     0.0780      79862          9  0.000e+00
     31.499     31.200     7.9922     7.9933  36.097337  36.097854    6.69594     2.5279 3.3479e+02    -0.0219     0.0000      98.78    94.1485     0.0780      79863          9  0.000e+00
     31.555     31.256     7.9922     7.9932  36.097525  36.097914    6.69598     2.5279 3.3679e+02    -0.0219     0.0000      98.75    94.1485     0.0780      79864          9  0.000e+00
     31.555     31.256     7.9920     7.9935  36.097024  36.098508    6.69602     2.5279 3.3479e+02    -0.0219     0.0000      98.78    94.1747     0.0780      79865          9  0.000e+00
     31.531     31.232     7.9922     7.9935  36.097086  36.097557    6.69598     2.5279 3.3679e+02    -0.0219     0.0000      98.75    94.2008     0.0804      79866          9  0.000e+00
     31.499     31.200     7.9920     7.9933  36.096961  36.097557    6.69597     2.5279 3.3679e+02    -0.0219     0.0000      98.75    94.1747     0.0780      79867          9  0.000e+00
     31.556     31.256     7.9920     7.9935  36.097086  36.098152    6.69602     2.5279 3.3679e+02    -0.0219     0.0000      98.78    94.1747     0.0780      79868          9  0.000e+00
