Ship_data/Irminger/Irminger-2/ctd/process/OOI/at30_012.cnv
* Sea-Bird SBE 9 Data File:
* FileName = C:\data\ctd\at30_012.hex
* Software Version Seasave V 7.21f
* Temperature SN = 2265
* Conductivity SN = 3021
* Number of Bytes Per Scan = 40
* Number of Voltage Words = 5
* Number of Scans Averaged by the Deck Unit = 1
* NMEA Latitude = 59 59.98 N
* NMEA Longitude = 039 28.96 W
* NMEA UTC (Time) = Aug 23 2015  16:50:38
** Cal/Val for HYPM-2
# nquan = 21
# nvalues = 2693                        
# units = specified
# name 0 = prDM: Pressure, Digiquartz [db]
# name 1 = depSM: Depth [salt water, m]
# name 2 = t090C: Temperature [ITS-90, deg C]
# name 3 = t190C: Temperature, 2 [ITS-90, deg C]
# name 4 = c0mS/cm: Conductivity [mS/cm]
# name 5 = c1mS/cm: Conductivity, 2 [mS/cm]
# name 6 = sbeox0ML/L: Oxygen, SBE 43 [ml/l]
# name 7 = sbeox0V: Oxygen raw, SBE 43 [V]
# name 8 = spar: SPAR/Surface Irradiance
# name 9 = flECO-AFL: Fluorescence, WET Labs ECO-AFL/FL [mg/m^3]
# name 10 = v2: Voltage 2
# name 11 = altM: Altimeter [m]
# name 12 = CStarTr0: Beam Transmission, WET Labs C-Star [%]
# name 13 = turbWETntu0: Turbidity, WET Labs ECO [NTU]
# name 14 = scan: Scan Count
# name 15 = sbeox0ML/L: Oxygen, SBE 43 [ml/l], WS = 2
# name 16 = sbeox0dOV/dT: Oxygen, SBE 43 [dov/dt], WS = 2
# name 17 = sal00: Salinity, Practical [PSU]
# name 18 = sal11: Salinity, Practical, 2 [PSU]
# name 19 = nbin: number of scans per bin
# name 20 = flag: flag
# span 0 =      2.000,   2694.000       
# span 1 =      1.981,   2651.610       
# span 2 =     1.3171,     8.4994       
# span 3 =     1.3177,     8.4998       
# span 4 =  31.231309,  36.581197       
# span 5 =  31.231902,  36.580912       
# span 6 =    6.00283,    6.84755       
# span 7 =     1.6949,     2.5125       
# span 8 = 2.0270e+02, 6.4383e+02       
# span 9 =    -0.0823,     1.8248       
# span 10 =     0.0000,     0.0000      
# span 11 =       8.78,      98.88      
# span 12 =    92.8971,    97.7912      
# span 13 =     0.0676,     0.1358      
# span 14 =       1203,     177540      
# span 15 =    6.00269,    6.84813      
# span 16 =    0.00000,    0.00000      
# span 17 =    34.8283,    34.9547      
# span 18 =    34.8276,    34.9556      
# span 19 =         25,        131      
# span 20 = 0.0000e+00, 0.0000e+00      
# interval = decibars: 2                
# start_time = Aug 23 2015 16:50:38 [NMEA time, header]
# bad_flag = -9.990e-29
*END*
[from data line 1311]
   2624.000   2583.131     1.7194     1.7201  31.562000  31.562344    6.57656     1.7128 6.2710e+02    -0.0600     0.0000      98.73    97.5228     0.0705      71819    6.57623    0.00000    34.8955    34.8951         81 0.0000e+00
   2626.000   2585.088     1.7003     1.7010  31.546652  31.547007    6.57851     1.7122 6.2827e+02    -0.0598     0.0000      98.73    97.5221     0.0698      71926    6.57865    0.00000    34.8961    34.8958         62 0.0000e+00
   2628.000   2587.044     1.6861     1.6863  31.535146  31.534745    6.58302     1.7122 6.2821e+02    -0.0610     0.0000      98.73    97.5210     0.0698      71999    6.58300    0.00000    34.8962    34.8955         85 0.0000e+00
   2630.000   2589.001     1.6816     1.6812  31.531865  31.530909    6.57514     1.7103 6.2919e+02    -0.0607     0.0000      98.73    97.4912     0.0697      72131    6.57523    0.00000    34.8961    34.8954         81 0.0000e+00
   2632.000   2590.958     1.6668     1.6674  31.519909  31.520403    6.57702     1.7098 6.3034e+02    -0.0610     0.0000      98.73    97.5144     0.0701      72213    6.57710    0.00000    34.8964    34.8963         58 0.0000e+00
   2634.000   2592.915     1.6476     1.6468  31.503923  31.502771    6.58162     1.7096 6.3120e+02    -0.0604     0.0000      98.73    97.5013     0.0698      72299    6.58166    0.00000    34.8963    34.8958         82 0.0000e+00
   2636.000   2594.872     1.6396     1.6393  31.497799  31.496936    6.58288     1.7092 6.3068e+02    -0.0601     0.0000      98.73    97.4672     0.0699      72418    6.58296    0.00000    34.8964    34.8957         84 0.0000e+00
   2638.000   2596.828     1.6328     1.6346  31.492825  31.493965    6.58355     1.7087 6.3500e+02    -0.0606     0.0000      98.73    97.4463     0.0698      72526    6.58282    0.00000    34.8967    34.8961         52 0.0000e+00
   2640.000   2598.785     1.6240     1.6249  31.485957  31.486311    6.58770     1.7087 6.3130e+02    -0.0598     0.0000      98.73    97.4535     0.0698      72571    6.58652    0.00000    34.8966    34.8961         55 0.0000e+00
   2642.000   2600.742     1.6194     1.6202  31.482685  31.483055    6.58358     1.7076 6.3542e+02    -0.0607     0.0000      98.73    97.3500     0.0696      72731    6.58275    0.00000    34.8966    34.8962         51 0.0000e+00
   2644.000   2602.698     1.6097     1.6048  31.475134  31.470940    6.58662     1.7075 6.3393e+02    -0.0599     0.0000      98.73    97.4344     0.0697      72785    6.58607    0.00000    34.8968    34.8968         66 0.0000e+00
   2646.000   2604.655     1.5871     1.5875  31.456410  31.456250    6.58654     1.7064 6.3520e+02    -0.0600     0.0000      98.73    97.3994     0.0700      72916    6.58603    0.00000    34.8970    34.8965         68 0.0000e+00
   2648.000   2606.612     1.5746     1.5746  31.446321  31.445954    6.59112     1.7064 6.3477e+02    -0.0606     0.0000      98.73    97.3672     0.0699      72997    6.59062    0.00000    34.8971    34.8966         76 0.0000e+00
   2650.000   2608.568     1.5363     1.5380  31.413930  31.415577    6.59755     1.7060 6.3555e+02    -0.0593     0.0000      98.73    97.3186     0.0698      73102    6.59798    0.00000    34.8974    34.8976         71 0.0000e+00
   2652.000   2610.525     1.4648     1.4679  31.351828  31.354774    6.60926     1.7052 6.3707e+02    -0.0622     0.0000      98.73    97.0673     0.0701      73227    6.60918    0.00000    34.8965    34.8968         66 0.0000e+00
   2654.000   2612.482     1.4068     1.4041  31.302092  31.300444    6.62428     1.7054 6.3594e+02    -0.0604     0.0000      98.75    96.7150     0.0699      73316    6.62391    0.00000    34.8965    34.8973         71 0.0000e+00
   2656.000   2614.438     1.3476     1.3496  31.251629  31.252875    6.63867     1.7056 6.3740e+02    -0.0601     0.0000      98.73    96.0499     0.0698      73507    6.63858    0.00000    34.8967    34.8961         76 0.0000e+00
   2658.000   2616.395     1.3431     1.3437  31.248640  31.248586    6.64574     1.7064 6.3717e+02    -0.0656     0.0000      84.76    95.7529     0.0697      73637    6.64568    0.00000    34.8970    34.8962        106 0.0000e+00
   2660.000   2618.351     1.3438     1.3432  31.250265  31.249221    6.64807     1.7065 6.3931e+02    -0.0675     0.0000      80.17    95.7033     0.0700      73816    6.64811    0.00000    34.8973    34.8967        100 0.0000e+00
   2662.000   2620.308     1.3348     1.3349  31.243221  31.242956    6.65147     1.7065 6.3771e+02    -0.0630     0.0000      90.74    95.5721     0.0698      73908    6.65145    0.00000    34.8973    34.8968         79 0.0000e+00
   2664.000   2622.264     1.3230     1.3253  31.233781  31.235530    6.65681     1.7067 6.3828e+02    -0.0679     0.0000      75.19    95.4016     0.0697      74100    6.65682    0.00000    34.8973    34.8971         68 0.0000e+00
   2666.000   2624.221     1.3220     1.3215  31.233550  31.232592    6.66373     1.7076 6.3704e+02    -0.0774     0.0000      45.68    95.1986     0.0704      74230    6.66370    0.00000    34.8972    34.8965         96 0.0000e+00
   2668.000   2626.177     1.3197     1.3198  31.232382  31.231907    6.66228     1.7069 6.3636e+02    -0.0806     0.0000      33.73    95.1657     0.0698      74413    6.66222    0.00000    34.8973    34.8965         83 0.0000e+00
   2670.000   2628.134     1.3180     1.3189  31.231626  31.231902    6.66362     1.7068 6.3540e+02    -0.0807     0.0000      32.69    95.0725     0.0695      74524    6.66360    0.00000    34.8972    34.8966         80 0.0000e+00
   2672.000   2630.090     1.3183     1.3191  31.232605  31.232835    6.66167     1.7059 6.3272e+02    -0.0804     0.0000      30.57    95.0536     0.0698      74722    6.66042    0.00000    34.8971    34.8965         75 0.0000e+00
   2674.000   2632.047     1.3186     1.3191  31.233621  31.233650    6.66221     1.7059 6.2986e+02    -0.0803     0.0000      28.58    94.9974     0.0700      74835    6.66199    0.00000    34.8971    34.8966         84 0.0000e+00
   2676.000   2634.003     1.3184     1.3188  31.234273  31.234143    6.66414     1.7059 6.2704e+02    -0.0799     0.0000      26.73    94.9476     0.0700      74994    6.66396    0.00000    34.8972    34.8966         68 0.0000e+00
   2678.000   2635.960     1.3178     1.3185  31.234561  31.234599    6.66701     1.7060 6.2509e+02    -0.0782     0.0000      24.90    94.9127     0.0702      75115    6.66604    0.00000    34.8972    34.8965         64 0.0000e+00
   2680.000   2637.916     1.3178     1.3183  31.235206  31.235076    6.66506     1.7055 6.2211e+02    -0.0755     0.0000      22.70    94.8733     0.0701      75308    6.66494    0.00000    34.8971    34.8964         95 0.0000e+00
   2682.000   2639.872     1.3180     1.3185  31.236146  31.236079    6.66398     1.7050 6.1916e+02    -0.0739     0.0000      20.80    94.9245     0.0701      75414    6.66406    0.00000    34.8971    34.8965         86 0.0000e+00
   2684.000   2641.829     1.3177     1.3182  31.236646  31.236640    6.66394     1.7047 6.1513e+02    -0.0736     0.0000      18.92    94.7780     0.0700      75709    6.66389    0.00000    34.8971    34.8965         85 0.0000e+00
   2686.000   2643.785     1.3175     1.3182  31.237225  31.237303    6.66399     1.7042 6.1236e+02    -0.0734     0.0000      16.81    94.8235     0.0699      76096    6.66340    0.00000    34.8970    34.8964         90 0.0000e+00
   2688.000   2645.741     1.3178     1.3183  31.238221  31.238297    6.66431     1.7041 6.0868e+02    -0.0728     0.0000      15.03    94.7991     0.0700      76388    6.66443    0.00000    34.8970    34.8965         86 0.0000e+00
   2690.000   2647.698     1.3177     1.3183  31.238933  31.239013    6.66647     1.7042 6.0104e+02    -0.0720     0.0000      12.98    94.8349     0.0701      76761    6.66648    0.00000    34.8970    34.8965         93 0.0000e+00
   2692.000   2649.654     1.3182     1.3187  31.240117  31.240182    6.66625     1.7039 5.9505e+02    -0.0705     0.0000      11.11    94.7011     0.0700      77129    6.66651    0.00000    34.8970    34.8965         99 0.0000e+00
   2694.000   2651.610     1.3185     1.3192  31.240939  31.241049    6.66247     1.7029 5.8810e+02    -0.0689     0.0000       8.78    94.6149     0.0698      77443    6.66232    0.00000    34.8967    34.8961         76 0.0000e+00
   2692.000   2649.654     1.3181     1.3189  31.239948  31.240035    6.66245     1.7032 5.7723e+02    -0.0697     0.0000      10.46    94.7146     0.0700      78380    6.66235    0.00000    34.8969    34.8962        109 0.0000e+00
   2690.000   2647.698     1.3178     1.3184  31.238958  31.239008    6.66276     1.7035 5.7043e+02    -0.0715     0.0000      12.38    94.6982     0.0701      79338    6.66255    0.00000    34.8969    34.8963        122 0.0000e+00
   2688.000   2645.741     1.3178     1.3184  31.238210  31.238249    6.66390     1.7040 5.6855e+02    -0.0730     0.0000      14.37    94.6672     0.0701      79636    6.66390    0.00000    34.8970    34.8964         96 0.0000e+00
   2686.000   2643.785     1.3176     1.3183  31.237242  31.237315    6.66248     1.7041 5.6760e+02    -0.0725     0.0000      16.22    94.6115     0.0702      79813    6.66255    0.00000    34.8970    34.8963        101 0.0000e+00
   2684.000   2641.829     1.3172     1.3179  31.236115  31.236237    6.66033     1.7040 5.6462e+02    -0.0731     0.0000      18.19    94.6935     0.0699      79961    6.66015    0.00000    34.8969    34.8964        131 0.0000e+00
   2682.000   2639.872     1.3171     1.3179  31.235174  31.235285    6.65793     1.7039 5.6255e+02    -0.0732     0.0000      20.05    94.6330     0.0698      80107    6.65789    0.00000    34.8968    34.8962         73 0.0000e+00
   2680.000   2637.916     1.3172     1.3177  31.234408  31.234413    6.65640     1.7039 5.6320e+02    -0.0737     0.0000      21.76    94.6291     0.0701      80177    6.65635    0.00000    34.8968    34.8962         64 0.0000e+00
   2678.000   2635.960     1.3176     1.3184  31.234005  31.234157    6.65822     1.7044 5.6217e+02    -0.0758     0.0000      23.84    94.6756     0.0699      80369    6.65705    0.00000    34.8967    34.8961         79 0.0000e+00
   2676.000   2634.003     1.3172     1.3180  31.232810  31.233024    6.65842     1.7049 5.6176e+02    -0.0778     0.0000      25.47    94.8034     0.0700      80426    6.65831    0.00000    34.8967    34.8961         46 0.0000e+00
   2674.000   2632.047     1.3184     1.3191  31.233226  31.233187    6.66204     1.7059 5.6212e+02    -0.0801     0.0000      27.67    94.9140     0.0699      80536    6.66214    0.00000    34.8968    34.8961         79 0.0000e+00
   2672.000   2630.090     1.3213     1.3207  31.234875  31.233876    6.66205     1.7063 5.6132e+02    -0.0803     0.0000      29.49    94.9880     0.0694      80665    6.66198    0.00000    34.8967    34.8962         59 0.0000e+00
   2670.000   2628.134     1.3216     1.3221  31.234366  31.234289    6.65940     1.7061 5.6046e+02    -0.0804     0.0000      31.45    95.1877     0.0699      80730    6.65928    0.00000    34.8967    34.8961         75 0.0000e+00
   2668.000   2626.177     1.3226     1.3230  31.234469  31.234470    6.66068     1.7068 5.6245e+02    -0.0805     0.0000      33.56    95.2399     0.0699      80821    6.66109    0.00000    34.8967    34.8962         91 0.0000e+00
   2666.000   2624.221     1.3242     1.3247  31.235087  31.234890    6.66000     1.7070 5.5889e+02    -0.0810     0.0000      35.32    95.3076     0.0694      80952    6.66019    0.00000    34.8967    34.8959         64 0.0000e+00
   2664.000   2622.264     1.3245     1.3246  31.234482  31.234114    6.65813     1.7070 5.6117e+02    -0.0805     0.0000      36.92    95.2985     0.0695      80995    6.65812    0.00000    34.8965    34.8960         49 0.0000e+00
   2662.000   2620.308     1.3217     1.3240  31.231309  31.232766    6.66116     1.7077 5.6110e+02    -0.0816     0.0000      39.24    95.3332     0.0696      81130    6.66106    0.00000    34.8966    34.8959         59 0.0000e+00
   2660.000   2618.351     1.3263     1.3266  31.234556  31.233986    6.65960     1.7079 5.6154e+02    -0.0817     0.0000      40.62    95.3601     0.0694      81205    6.65955    0.00000    34.8967    34.8956         37 0.0000e+00
   2658.000   2616.395     1.3347     1.3340  31.241104  31.239842    6.65649     1.7080 5.6278e+02    -0.0823     0.0000      42.57    95.4297     0.0695      81245    6.65635    0.00000    34.8966    34.8958         54 0.0000e+00
   2656.000   2614.438     1.3587     1.3564  31.261158  31.258615    6.65462     1.7088 5.6306e+02    -0.0783     0.0000      54.06    95.5860     0.0696      81406    6.65450    0.00000    34.8966    34.8960        102 0.0000e+00
   2654.000   2612.482     1.3900     1.3752  31.287781  31.272975    6.64571     1.7087 5.6288e+02    -0.0822     0.0000      46.41    96.1968     0.0695      81471    6.64552    0.00000    34.8969    34.8944         46 0.0000e+00
   2652.000   2610.525     1.4486     1.4303  31.338842  31.319574    6.63088     1.7084 5.6281e+02    -0.0820     0.0000      48.12    96.4549     0.0697      81512    6.63060    0.00000    34.8979    34.8938         43 0.0000e+00
   2650.000   2608.568     1.5284     1.5175  31.407394  31.396208    6.61017     1.7079 5.6319e+02    -0.0691     0.0000      78.89    96.8255     0.0698      81587    6.60992    0.00000    34.8978    34.8956         86 0.0000e+00
   2648.000   2606.612     1.5746     1.5434  31.446704  31.418788    6.60295     1.7086 5.6441e+02    -0.0736     0.0000      70.01    97.1671     0.0699      81692    6.60264    0.00000    34.8975    34.8967         81 0.0000e+00
   2646.000   2604.655     1.5834     1.5699  31.453316  31.440429    6.59109     1.7071 5.6263e+02    -0.0645     0.0000      90.25    97.3628     0.0699      81755    6.59080    0.00000    34.8972    34.8958         54 0.0000e+00
   2644.000   2602.699     1.5916     1.5876  31.459380  31.455467    6.58310     1.7063 5.6282e+02    -0.0626     0.0000      94.62    97.3818     0.0698      81810    6.58288    0.00000    34.8969    34.8963         56 0.0000e+00
   2642.000   2600.742     1.5945     1.5927  31.461074  31.458921    6.58229     1.7065 5.6393e+02    -0.0661     0.0000      86.80    97.3952     0.0700      81864    6.58203    0.00000    34.8967    34.8960         52 0.0000e+00
   2640.000   2598.785     1.6060     1.6043  31.470018  31.467995    6.57502     1.7060 5.6350e+02    -0.0604     0.0000      98.40    97.4178     0.0702      81937    6.57520    0.00000    34.8964    34.8957         73 0.0000e+00
   2638.000   2596.828     1.6208     1.6159  31.481956  31.477128    6.57649     1.7071 5.6087e+02    -0.0677     0.0000      86.01    97.4422     0.0702      82049    6.57640    0.00000    34.8961    34.8955         61 0.0000e+00
   2636.000   2594.872     1.6349     1.6279  31.493468  31.486189    6.56893     1.7067 5.6118e+02    -0.0618     0.0000      98.78    97.4771     0.0703      82096    6.56983    0.00000    34.8961    34.8946         44 0.0000e+00
   2634.000   2592.915     1.6487     1.6465  31.504530  31.501652    6.56841     1.7074 5.6182e+02    -0.0599     0.0000      98.73    97.4895     0.0704      82138    6.56895    0.00000    34.8959    34.8947         43 0.0000e+00
   2632.000   2590.958     1.6553     1.6545  31.509485  31.508115    6.56712     1.7075 5.6161e+02    -0.0604     0.0000      98.73    97.4921     0.0700      82193    6.56692    0.00000    34.8958    34.8950         73 0.0000e+00
   2630.000   2589.001     1.6666     1.6636  31.518516  31.515125    6.56870     1.7086 5.6091e+02    -0.0602     0.0000      98.73    97.5089     0.0697      82266    6.56879    0.00000    34.8958    34.8948         59 0.0000e+00
