Ship_data/Irminger/Irminger-2/ctd/process/OOI/at30_005.cnv
* Sea-Bird SBE 9 Data File:
* FileName = C:\data\ctd\at30_005.hex
* Software Version Seasave V 7.21f
* Temperature SN = 2265
* Conductivity SN = 3021
* Number of Bytes Per Scan = 40
* Number of Voltage Words = 5
* Number of Scans Averaged by the Deck Unit = 1
* NMEA Latitude = 59 59.33 N
* NMEA Longitude = 039 27.67 W
* NMEA UTC (Time) = Aug 14 2015  19:36:17
# nquan = 21
# nvalues = 2702                        
# units = specified
# name 0 = prDM: Pressure, Digiquartz [db]
# name 1 = depSM: Depth [salt water, m]
# name 2 = t090C: Temperature [ITS-90, deg C]
# name 3 = t190C: Temperature, 2 [ITS-90, deg C]
# name 4 = c0mS/cm: Conductivity [mS/cm]
# name 5 = c1mS/cm: Conductivity, 2 [mS/cm]
# name 6 = sbeox0ML/L: Oxygen, SBE 43 [ml/l]
# name 7 = sbeox0V: Oxygen raw, SBE 43 [V]
# name 8 = spar: SPAR/Surface Irradiance
# name 9 = flECO-AFL: Fluorescence, WET Labs ECO-AFL/FL [mg/m^3]
# name 10 = v2: Voltage 2
# name 11 = altM: Altimeter [m]
# name 12 = CStarTr0: Beam Transmission, WET Labs C-Star [%]
# name 13 = turbWETntu0: Turbidity, WET Labs ECO [NTU]
# name 14 = scan: Scan Count
# name 15 = sbeox0ML/L: Oxygen, SBE 43 [ml/l], WS = 2
# name 16 = sbeox0dOV/dT: Oxygen, SBE 43 [dov/dt], WS = 2
# name 17 = sal00: Salinity, Practical [PSU]
# name 18 = sal11: Salinity, Practical, 2 [PSU]
# name 19 = nbin: number of scans per bin
# name 20 = flag: flag
# span 0 =      2.000,   2704.000       
# span 1 =      1.981,   2661.393       
# span 2 =     1.4170,     8.6858       
# span 3 =     1.4177,     8.6988       
# span 4 =  31.329763,  36.750811       
# span 5 =  31.329984,  36.762190       
# span 6 =    6.01332,    6.92151       
# span 7 =     1.6923,     2.5496       
# span 8 = 2.0436e+02, 1.7396e+03       
# span 9 =    -0.0309,     2.2299       
# span 10 =     0.0000,     0.0000      
# span 11 =       8.73,      99.77      
# span 12 =    92.8909,    97.4608      
# span 13 =     0.0735,     0.1341      
# span 14 =       1526,     181448      
# span 15 =    6.01324,    6.92174      
# span 16 =    0.00000,    0.00000      
# span 17 =    34.8496,    35.0152      
# span 18 =    34.8486,    35.0134      
# span 19 =         25,        129      
# span 20 = 0.0000e+00, 0.0000e+00      
# interval = decibars: 2                
# start_time = Aug 14 2015 19:36:17 [NMEA time, header]
# bad_flag = -9.990e-29
*END*
[from data line 1035]
   2074.000   2044.317     3.0630     3.0636  32.553332  32.553553    6.08999     1.7549 1.3568e+03    -0.0237     0.0000      98.78    97.4283     0.0780      59513    6.08988    0.00000    34.9278    34.9274         46 0.0000e+00
   2076.000   2046.279     3.0631     3.0638  32.554619  32.554951    6.08572     1.7537 1.3027e+03    -0.0229     0.0000      98.78    97.4204     0.0780      59559    6.08550    0.00000    34.9283    34.9279         50 0.0000e+00
   2078.000   2048.241     3.0608     3.0613  32.553233  32.553395    6.08250     1.7527 1.2633e+03    -0.0231     0.0000      98.78    97.4319     0.0780      59611    6.08234    0.00000    34.9281    34.9277         49 0.0000e+00
   2080.000   2050.202     3.0612     3.0617  32.555002  32.555059    6.08147     1.7522 1.2543e+03    -0.0230     0.0000      98.78    97.4446     0.0780      59655    6.08132    0.00000    34.9289    34.9283         41 0.0000e+00
   2082.000   2052.164     3.0615     3.0621  32.556533  32.556706    6.07493     1.7506 1.2756e+03    -0.0230     0.0000      98.78    97.4467     0.0780      59701    6.07493    0.00000    34.9293    34.9289         55 0.0000e+00
   2084.000   2054.126     3.0602     3.0608  32.556053  32.556259    6.06991     1.7492 1.2957e+03    -0.0233     0.0000      98.78    97.4500     0.0780      59762    6.06969    0.00000    34.9292    34.9288         58 0.0000e+00
   2086.000   2056.088     3.0567     3.0572  32.553775  32.553971    6.07109     1.7490 1.2957e+03    -0.0228     0.0000      98.78    97.4453     0.0780      59809    6.07107    0.00000    34.9293    34.9289         43 0.0000e+00
   2088.000   2058.049     3.0500     3.0505  32.548262  32.548562    6.07151     1.7485 1.3171e+03    -0.0229     0.0000      98.78    97.4445     0.0780      59859    6.07141    0.00000    34.9288    34.9286         56 0.0000e+00
   2090.000   2060.011     3.0475     3.0481  32.546853  32.546960    6.06934     1.7477 1.3403e+03    -0.0230     0.0000      98.78    97.4291     0.0780      59912    6.06927    0.00000    34.9288    34.9283         45 0.0000e+00
   2092.000   2061.973     3.0476     3.0482  32.547969  32.548016    6.07104     1.7477 1.3343e+03    -0.0231     0.0000      98.78    97.4319     0.0780      59950    6.07106    0.00000    34.9291    34.9285         36 0.0000e+00
   2094.000   2063.934     3.0470     3.0476  32.548318  32.548471    6.06827     1.7468 1.3183e+03    -0.0228     0.0000      98.78    97.4362     0.0780      59994    6.06810    0.00000    34.9292    34.9287         59 0.0000e+00
   2096.000   2065.896     3.0466     3.0473  32.548734  32.549001    6.06396     1.7456 1.3127e+03    -0.0231     0.0000      98.78    97.4423     0.0780      60073    6.06380    0.00000    34.9291    34.9287         72 0.0000e+00
   2098.000   2067.857     3.0457     3.0461  32.549033  32.549029    6.06694     1.7458 1.3038e+03    -0.0229     0.0000      98.78    97.3835     0.0780      60119    6.06671    0.00000    34.9295    34.9291         37 0.0000e+00
   2100.000   2069.819     3.0435     3.0440  32.547838  32.548004    6.06702     1.7455 1.3135e+03    -0.0225     0.0000      98.78    97.4379     0.0780      60153    6.06706    0.00000    34.9295    34.9291         34 0.0000e+00
   2102.000   2071.780     3.0412     3.0417  32.546671  32.546891    6.06838     1.7454 1.3158e+03    -0.0228     0.0000      98.78    97.4398     0.0780      60190    6.06832    0.00000    34.9295    34.9292         41 0.0000e+00
   2104.000   2073.742     3.0395     3.0400  32.545894  32.546151    6.06455     1.7442 1.2679e+03    -0.0230     0.0000      98.78    97.4487     0.0780      60242    6.06444    0.00000    34.9295    34.9292         66 0.0000e+00
   2106.000   2075.704     3.0370     3.0374  32.544499  32.544663    6.06231     1.7433 1.2743e+03    -0.0229     0.0000      98.78    97.4481     0.0780      60314    6.06213    0.00000    34.9294    34.9292         67 0.0000e+00
   2108.000   2077.665     3.0340     3.0345  32.542521  32.542730    6.06386     1.7433 1.2814e+03    -0.0227     0.0000      98.78    97.4446     0.0780      60368    6.06387    0.00000    34.9293    34.9290         45 0.0000e+00
   2110.000   2079.627     3.0327     3.0333  32.542279  32.542563    6.06519     1.7431 1.2627e+03    -0.0232     0.0000      98.78    97.4407     0.0780      60409    6.06510    0.00000    34.9294    34.9292         38 0.0000e+00
   2112.000   2081.588     3.0254     3.0259  32.536299  32.536631    6.06636     1.7428 1.2540e+03    -0.0227     0.0000      98.78    97.4393     0.0780      60446    6.06623    0.00000    34.9291    34.9290         38 0.0000e+00
   2114.000   2083.549     3.0216     3.0220  32.533462  32.533630    6.06559     1.7422 1.2304e+03    -0.0231     0.0000      98.78    97.4450     0.0780      60490    6.06554    0.00000    34.9287    34.9285         53 0.0000e+00
   2116.000   2085.511     3.0201     3.0206  32.532912  32.533052    6.06572     1.7418 1.1899e+03    -0.0236     0.0000      98.78    97.4400     0.0780      60549    6.06537    0.00000    34.9287    34.9283         60 0.0000e+00
   2118.000   2087.472     3.0202     3.0207  32.534000  32.534214    6.06792     1.7420 1.1859e+03    -0.0234     0.0000      98.78    97.4377     0.0780      60605    6.06777    0.00000    34.9289    34.9287         53 0.0000e+00
   2120.000   2089.434     3.0186     3.0191  32.533385  32.533527    6.07041     1.7421 1.1960e+03    -0.0227     0.0000      98.78    97.4446     0.0780      60654    6.07022    0.00000    34.9289    34.9286         46 0.0000e+00
   2122.000   2091.395     3.0179     3.0185  32.533640  32.533827    6.07137     1.7420 1.2087e+03    -0.0231     0.0000      98.78    97.4446     0.0780      60701    6.07146    0.00000    34.9290    34.9287         48 0.0000e+00
   2124.000   2093.357     3.0173     3.0178  32.533926  32.534055    6.07360     1.7419 1.2006e+03    -0.0235     0.0000      98.78    97.4446     0.0780      60748    6.07270    0.00000    34.9291    34.9287         45 0.0000e+00
   2126.000   2095.318     3.0141     3.0145  32.532232  32.532392    6.07161     1.7413 1.1942e+03    -0.0231     0.0000      98.78    97.4446     0.0780      60794    6.07199    0.00000    34.9294    34.9292         49 0.0000e+00
   2128.000   2097.279     3.0115     3.0121  32.530390  32.530636    6.06705     1.7399 1.1497e+03    -0.0225     0.0000      98.78    97.4446     0.0780      60849    6.06695    0.00000    34.9290    34.9287         59 0.0000e+00
   2130.000   2099.241     3.0080     3.0088  32.527825  32.528332    6.06490     1.7390 1.0825e+03    -0.0224     0.0000      98.78    97.4468     0.0780      60903    6.06468    0.00000    34.9287    34.9285         48 0.0000e+00
   2132.000   2101.202     3.0043     3.0049  32.525158  32.525319    6.06741     1.7391 1.0967e+03    -0.0233     0.0000      98.78    97.4446     0.0780      60947    6.06732    0.00000    34.9285    34.9281         41 0.0000e+00
   2134.000   2103.163     3.0033     3.0040  32.524927  32.525279    6.06843     1.7389 1.0769e+03    -0.0229     0.0000      98.78    97.4393     0.0780      60992    6.06832    0.00000    34.9284    34.9280         53 0.0000e+00
   2136.000   2105.124     3.0034     3.0041  32.525947  32.526092    6.06836     1.7386 1.0014e+03    -0.0227     0.0000      98.78    97.4449     0.0780      61051    6.06825    0.00000    34.9285    34.9279         56 0.0000e+00
   2138.000   2107.085     3.0030     3.0040  32.526416  32.526986    6.07104     1.7388 9.7193e+02    -0.0230     0.0000      98.78    97.4446     0.0780      61098    6.07098    0.00000    34.9286    34.9282         41 0.0000e+00
   2140.000   2109.047     2.9991     2.9998  32.523722  32.523925    6.07391     1.7389 9.8931e+02    -0.0233     0.0000      98.78    97.4446     0.0780      61142    6.07375    0.00000    34.9285    34.9280         53 0.0000e+00
   2142.000   2111.008     2.9968     2.9975  32.522419  32.522618    6.07343     1.7384 9.4991e+02    -0.0230     0.0000      98.78    97.4393     0.0780      61201    6.07303    0.00000    34.9284    34.9279         57 0.0000e+00
   2144.000   2112.969     2.9951     2.9958  32.521805  32.521905    6.07458     1.7383 9.0660e+02    -0.0227     0.0000      98.78    97.4371     0.0780      61249    6.07444    0.00000    34.9285    34.9279         43 0.0000e+00
   2146.000   2114.930     2.9939     2.9945  32.521432  32.521538    6.07318     1.7379 9.2067e+02    -0.0231     0.0000      98.78    97.4380     0.0780      61292    6.07421    0.00000    34.9284    34.9278         43 0.0000e+00
   2148.000   2116.891     2.9935     2.9942  32.521989  32.522140    6.07164     1.7370 9.2359e+02    -0.0228     0.0000      98.78    97.4443     0.0780      61337    6.07151    0.00000    34.9285    34.9280         51 0.0000e+00
   2150.000   2118.852     2.9921     2.9929  32.521632  32.521791    6.06975     1.7363 8.9263e+02    -0.0235     0.0000      98.78    97.4446     0.0780      61395    6.06958    0.00000    34.9286    34.9280         59 0.0000e+00
   2152.000   2120.813     2.9911     2.9918  32.521567  32.521712    6.07192     1.7364 8.6427e+02    -0.0226     0.0000      98.78    97.4446     0.0780      61445    6.07180    0.00000    34.9287    34.9281         42 0.0000e+00
   2154.000   2122.775     2.9882     2.9888  32.519811  32.519992    6.07496     1.7366 8.5484e+02    -0.0232     0.0000      98.78    97.4451     0.0780      61485    6.07484    0.00000    34.9286    34.9282         40 0.0000e+00
   2156.000   2124.736     2.9857     2.9863  32.518410  32.518505    6.07560     1.7363 8.6598e+02    -0.0230     0.0000      98.78    97.4390     0.0780      61528    6.07556    0.00000    34.9287    34.9281         46 0.0000e+00
   2158.000   2126.697     2.9818     2.9824  32.515439  32.515630    6.07534     1.7358 8.9383e+02    -0.0238     0.0000      98.78    97.4399     0.0780      61583    6.07530    0.00000    34.9283    34.9279         65 0.0000e+00
   2160.000   2128.658     2.9760     2.9769  32.510690  32.511023    6.07589     1.7354 9.2498e+02    -0.0227     0.0000      98.78    97.4448     0.0780      61643    6.07581    0.00000    34.9278    34.9273         50 0.0000e+00
   2162.000   2130.619     2.9758     2.9764  32.511510  32.511583    6.07638     1.7352 9.4196e+02    -0.0231     0.0000      98.78    97.4427     0.0780      61686    6.07636    0.00000    34.9280    34.9275         37 0.0000e+00
   2164.000   2132.580     2.9787     2.9794  32.515694  32.515545    6.07681     1.7350 9.2935e+02    -0.0232     0.0000      98.78    97.4267     0.0780      61722    6.07672    0.00000    34.9290    34.9281         38 0.0000e+00
   2166.000   2134.541     2.9815     2.9822  32.519540  32.519819    6.07682     1.7348 9.1646e+02    -0.0231     0.0000      98.78    97.4327     0.0780      61768    6.07668    0.00000    34.9297    34.9292         61 0.0000e+00
   2168.000   2136.502     2.9804     2.9810  32.519208  32.519389    6.07281     1.7337 8.7770e+02    -0.0233     0.0000      98.78    97.4458     0.0780      61840    6.07274    0.00000    34.9295    34.9291         62 0.0000e+00
   2170.000   2138.463     2.9791     2.9798  32.518975  32.519017    6.07473     1.7337 8.5141e+02    -0.0232     0.0000      98.78    97.4446     0.0780      61883    6.07459    0.00000    34.9296    34.9290         34 0.0000e+00
   2172.000   2140.424     2.9782     2.9788  32.518897  32.519110    6.07578     1.7335 8.5696e+02    -0.0228     0.0000      98.78    97.4446     0.0780      61914    6.07561    0.00000    34.9295    34.9291         31 0.0000e+00
   2174.000   2142.385     2.9749     2.9756  32.516808  32.517119    6.07371     1.7327 8.6488e+02    -0.0224     0.0000      98.78    97.4446     0.0780      61950    6.07358    0.00000    34.9296    34.9292         46 0.0000e+00
   2176.000   2144.345     2.9740     2.9749  32.516703  32.517111    6.06938     1.7314 8.3427e+02    -0.0234     0.0000      98.78    97.4494     0.0780      62024    6.06876    0.00000    34.9295    34.9290         84 0.0000e+00
   2178.000   2146.307     2.9719     2.9726  32.515846  32.516123    6.06949     1.7312 8.0126e+02    -0.0234     0.0000      98.78    97.4464     0.0780      62080    6.06969    0.00000    34.9297    34.9293         39 0.0000e+00
   2180.000   2148.267     2.9683     2.9688  32.513308  32.513442    6.06803     1.7304 8.1267e+02    -0.0233     0.0000      98.78    97.4483     0.0780      62115    6.06812    0.00000    34.9296    34.9291         32 0.0000e+00
   2182.000   2150.228     2.9668     2.9674  32.512757  32.513009    6.06676     1.7298 8.4077e+02    -0.0234     0.0000      98.78    97.4480     0.0780      62149    6.06669    0.00000    34.9296    34.9292         38 0.0000e+00
   2184.000   2152.189     2.9646     2.9653  32.511607  32.511840    6.06412     1.7289 8.8378e+02    -0.0231     0.0000      98.78    97.4422     0.0780      62197    6.06407    0.00000    34.9295    34.9291         62 0.0000e+00
   2186.000   2154.149     2.9619     2.9627  32.509906  32.510237    6.06387     1.7284 9.4588e+02    -0.0233     0.0000      98.78    97.4477     0.0780      62260    6.06376    0.00000    34.9294    34.9290         54 0.0000e+00
   2188.000   2156.110     2.9606     2.9612  32.509555  32.509660    6.06537     1.7283 1.0024e+03    -0.0239     0.0000      98.78    97.4392     0.0780      62306    6.06526    0.00000    34.9294    34.9289         43 0.0000e+00
   2190.000   2158.071     2.9598     2.9604  32.509605  32.509774    6.06775     1.7285 1.0640e+03    -0.0241     0.0000      98.78    97.4445     0.0780      62350    6.06764    0.00000    34.9294    34.9289         46 0.0000e+00
   2192.000   2160.032     2.9576     2.9582  32.508430  32.508627    6.06944     1.7284 1.1325e+03    -0.0231     0.0000      98.78    97.4446     0.0780      62397    6.06926    0.00000    34.9293    34.9289         47 0.0000e+00
   2194.000   2161.993     2.9522     2.9529  32.504287  32.504680    6.07272     1.7285 1.1467e+03    -0.0235     0.0000      98.78    97.4446     0.0780      62442    6.07253    0.00000    34.9291    34.9289         42 0.0000e+00
   2196.000   2163.953     2.9504     2.9510  32.503355  32.503579    6.07136     1.7279 1.1067e+03    -0.0236     0.0000      98.78    97.4446     0.0780      62485    6.07105    0.00000    34.9289    34.9286         47 0.0000e+00
   2198.000   2165.914     2.9494     2.9501  32.503183  32.503399    6.07137     1.7276 1.1113e+03    -0.0223     0.0000      98.78    97.4446     0.0780      62543    6.07157    0.00000    34.9288    34.9284         69 0.0000e+00
   2200.000   2167.875     2.9488     2.9495  32.503568  32.503763    6.07279     1.7277 1.1087e+03    -0.0229     0.0000      98.78    97.4374     0.0780      62604    6.07368    0.00000    34.9290    34.9285         47 0.0000e+00
   2202.000   2169.835     2.9485     2.9492  32.504643  32.504783    6.07460     1.7277 1.0467e+03    -0.0229     0.0000      98.78    97.4501     0.0780      62644    6.07526    0.00000    34.9297    34.9291         36 0.0000e+00
   2204.000   2171.796     2.9491     2.9498  32.506156  32.506268    6.07650     1.7277 9.8326e+02    -0.0229     0.0000      98.78    97.4400     0.0780      62679    6.07670    0.00000    34.9299    34.9293         37 0.0000e+00
   2206.000   2173.757     2.9489     2.9496  32.506925  32.507095    6.07522     1.7271 9.5495e+02    -0.0227     0.0000      98.78    97.4439     0.0780      62720    6.07515    0.00000    34.9300    34.9295         46 0.0000e+00
   2208.000   2175.717     2.9490     2.9496  32.507621  32.507814    6.07340     1.7264 9.6688e+02    -0.0229     0.0000      98.78    97.4442     0.0780      62780    6.07333    0.00000    34.9299    34.9295         72 0.0000e+00
