Ship_data/Irminger/Irminger-2/ctd/process/OOI/at30_001.cnv
* Sea-Bird SBE 9 Data File:
* FileName = C:\data\ctd\at30_001.hex
* Software Version Seasave V 7.21f
* Temperature SN = 2265
* Conductivity SN = 3021
* Number of Bytes Per Scan = 40
* Number of Voltage Words = 5
* Number of Scans Averaged by the Deck Unit = 1
* NMEA Latitude = 42 32.87 N
* NMEA Longitude = 062 35.04 W
* NMEA UTC (Time) = Aug 07 2015  12:39:53
# nquan = 21
# nvalues = 1506                        
# units = specified
# name 0 = prDM: Pressure, Digiquartz [db]
# name 1 = depSM: Depth [salt water, m]
# name 2 = t090C: Temperature [ITS-90, deg C]
# name 3 = t190C: Temperature, 2 [ITS-90, deg C]
# name 4 = c0mS/cm: Conductivity [mS/cm]
# name 5 = c1mS/cm: Conductivity, 2 [mS/cm]
# name 6 = sbeox0ML/L: Oxygen, SBE 43 [ml/l]
# name 7 = sbeox0V: Oxygen raw, SBE 43 [V]
# name 8 = spar: SPAR/Surface Irradiance
# name 9 = flECO-AFL: Fluorescence, WET Labs ECO-AFL/FL [mg/m^3]
# name 10 = v2: Voltage 2
# name 11 = altM: Altimeter [m]
# name 12 = CStarTr0: Beam Transmission, WET Labs C-Star [%]
# name 13 = turbWETntu0: Turbidity, WET Labs ECO [NTU]
# name 14 = scan: Scan Count
# name 15 = sbeox0ML/L: Oxygen, SBE 43 [ml/l], WS = 2
# name 16 = sbeox0dOV/dT: Oxygen, SBE 43 [dov/dt], WS = 2
# name 17 = sal00: Salinity, Practical [PSU]
# name 18 = sal11: Salinity, Practical, 2 [PSU]
# name 19 = nbin: number of scans per bin
# name 20 = flag: flag
# span 0 =      2.000,   1508.000       
# span 1 =      1.984,   1490.704       
# span 2 =     3.9620,    21.4479       
# span 3 =     3.9627,    21.4481       
# span 4 =  33.144237,  46.795615       
# span 5 =  33.144100,  46.812078       
# span 6 =    3.04173,    6.53870       
# span 7 =     1.4378,     2.8559       
# span 8 = 1.1966e+03, 2.0220e+03       
# span 9 =    -0.0201,     1.5116       
# span 10 =     0.0000,     0.0000      
# span 11 =      80.06,      99.86      
# span 12 =    92.0687,    97.6044      
# span 13 =     0.0642,     0.1502      
# span 14 =        386,     181772      
# span 15 =    3.04146,    6.54005      
# span 16 =    0.00000,    0.00000      
# span 17 =    31.9637,    35.7073      
# span 18 =    31.9633,    35.7065      
# span 19 =         34,        249      
# span 20 = 0.0000e+00, 0.0000e+00      
# interval = decibars: 2                
# start_time = Aug 07 2015 12:39:53 [NMEA time, header]
# bad_flag = -9.990e-29
*END*
[from data line 552]
   1106.000   1094.358     4.2835     4.2841  33.270403  33.270636    5.72547     1.8824 1.3169e+03    -0.0112     0.0000      98.78    97.5940     0.0707      51865    5.72542    0.00000    34.9637    34.9633         47 0.0000e+00
   1108.000   1096.332     4.2794     4.2799  33.267818  33.267779    5.72479     1.8818 1.3046e+03    -0.0119     0.0000      98.78    97.5919     0.0707      51913    5.72477    0.00000    34.9639    34.9633         48 0.0000e+00
   1110.000   1098.305     4.2785     4.2789  33.267700  33.267608    5.72468     1.8814 1.4162e+03    -0.0115     0.0000      98.78    97.5916     0.0707      51958    5.72465    0.00000    34.9637    34.9632         44 0.0000e+00
   1112.000   1100.279     4.2769     4.2774  33.267169  33.267229    5.72387     1.8807 1.4260e+03    -0.0117     0.0000      98.78    97.5947     0.0707      52005    5.72368    0.00000    34.9638    34.9633         50 0.0000e+00
   1114.000   1102.253     4.2750     4.2755  33.266388  33.266315    5.72277     1.8801 1.4213e+03    -0.0120     0.0000      98.78    97.5865     0.0707      52059    5.72275    0.00000    34.9638    34.9632         55 0.0000e+00
   1116.000   1104.226     4.2717     4.2724  33.264236  33.264383    5.72474     1.8801 1.3284e+03    -0.0109     0.0000      98.78    97.5913     0.0707      52107    5.72474    0.00000    34.9638    34.9632         41 0.0000e+00
   1118.000   1106.200     4.2715     4.2719  33.264945  33.264729    5.72716     1.8803 1.3123e+03    -0.0113     0.0000      98.78    97.5914     0.0707      52146    5.72709    0.00000    34.9638    34.9632         41 0.0000e+00
   1120.000   1108.174     4.2684     4.2689  33.262887  33.262840    5.72822     1.8801 1.4087e+03    -0.0116     0.0000      98.78    97.5900     0.0707      52200    5.72836    0.00000    34.9637    34.9631         67 0.0000e+00
   1122.000   1110.147     4.2645     4.2649  33.260362  33.260155    5.73022     1.8801 1.4268e+03    -0.0111     0.0000      98.78    97.5963     0.0707      52259    5.73045    0.00000    34.9638    34.9632         45 0.0000e+00
   1124.000   1112.121     4.2621     4.2628  33.258991  33.259160    5.73274     1.8801 1.3177e+03    -0.0116     0.0000      98.78    97.5961     0.0707      52298    5.73247    0.00000    34.9637    34.9632         38 0.0000e+00
   1126.000   1114.095     4.2591     4.2594  33.257095  33.256941    5.73270     1.8797 1.3044e+03    -0.0109     0.0000      98.78    97.5955     0.0707      52340    5.73254    0.00000    34.9637    34.9632         48 0.0000e+00
   1128.000   1116.068     4.2566     4.2571  33.255634  33.255459    5.73179     1.8790 1.4113e+03    -0.0119     0.0000      98.78    97.5959     0.0707      52394    5.73169    0.00000    34.9636    34.9629         56 0.0000e+00
   1130.000   1118.042     4.2552     4.2557  33.255287  33.255196    5.73006     1.8782 1.3687e+03    -0.0116     0.0000      98.78    97.6017     0.0707      52445    5.73000    0.00000    34.9637    34.9630         46 0.0000e+00
   1132.000   1120.015     4.2548     4.2558  33.255758  33.256041    5.72931     1.8777 1.2557e+03    -0.0105     0.0000      98.78    97.6016     0.0707      52490    5.72925    0.00000    34.9636    34.9629         46 0.0000e+00
   1134.000   1121.988     4.2508     4.2518  33.253067  33.253591    5.72692     1.8766 1.2498e+03    -0.0118     0.0000      98.78    97.6016     0.0707      52538    5.72685    0.00000    34.9636    34.9632         49 0.0000e+00
   1136.000   1123.962     4.2487     4.2492  33.251953  33.251832    5.72471     1.8756 1.3562e+03    -0.0122     0.0000      98.78    97.5995     0.0707      52588    5.72427    0.00000    34.9636    34.9629         50 0.0000e+00
   1138.000   1125.936     4.2462     4.2468  33.250572  33.250724    5.72490     1.8752 1.3806e+03    -0.0117     0.0000      98.78    97.5897     0.0707      52635    5.72447    0.00000    34.9636    34.9631         44 0.0000e+00
   1140.000   1127.909     4.2442     4.2447  33.249737  33.249593    5.72774     1.8753 1.3530e+03    -0.0102     0.0000      98.78    97.5922     0.0707      52680    5.72684    0.00000    34.9637    34.9630         50 0.0000e+00
   1142.000   1129.882     4.2440     4.2446  33.250322  33.250371    5.72887     1.8755 1.3487e+03    -0.0114     0.0000      98.78    97.5946     0.0707      52735    5.72888    0.00000    34.9636    34.9630         53 0.0000e+00
   1144.000   1131.856     4.2428     4.2433  33.250241  33.250195    5.73054     1.8754 1.3739e+03    -0.0108     0.0000      98.78    97.5921     0.0707      52781    5.73050    0.00000    34.9638    34.9632         41 0.0000e+00
   1146.000   1133.829     4.2424     4.2429  33.250693  33.250625    5.73171     1.8753 1.3105e+03    -0.0099     0.0000      98.78    97.5954     0.0707      52824    5.73164    0.00000    34.9637    34.9631         51 0.0000e+00
   1148.000   1135.802     4.2413     4.2419  33.250635  33.250689    5.72782     1.8741 1.2966e+03    -0.0105     0.0000      98.78    97.5965     0.0707      52878    5.72783    0.00000    34.9638    34.9632         51 0.0000e+00
   1150.000   1137.776     4.2399     4.2404  33.250366  33.250362    5.72843     1.8738 1.3757e+03    -0.0103     0.0000      98.78    97.5659     0.0707      52925    5.72838    0.00000    34.9639    34.9634         45 0.0000e+00
   1152.000   1139.749     4.2391     4.2397  33.250512  33.250477    5.73013     1.8738 1.3684e+03    -0.0115     0.0000      98.78    97.5944     0.0707      52973    5.73001    0.00000    34.9639    34.9633         51 0.0000e+00
   1154.000   1141.722     4.2383     4.2389  33.250634  33.250656    5.72828     1.8730 1.3295e+03    -0.0109     0.0000      98.78    97.6016     0.0707      53023    5.72814    0.00000    34.9639    34.9633         49 0.0000e+00
   1156.000   1143.695     4.2372     4.2376  33.250484  33.250340    5.72949     1.8729 1.2968e+03    -0.0115     0.0000      98.78    97.6016     0.0707      53071    5.72950    0.00000    34.9639    34.9633         47 0.0000e+00
   1158.000   1145.669     4.2363     4.2368  33.250596  33.250381    5.73235     1.8732 1.2568e+03    -0.0125     0.0000      98.78    97.5962     0.0707      53117    5.73228    0.00000    34.9640    34.9633         44 0.0000e+00
   1160.000   1147.642     4.2359     4.2363  33.250954  33.250862    5.73387     1.8732 1.2292e+03    -0.0122     0.0000      98.78    97.5956     0.0707      53161    5.73376    0.00000    34.9639    34.9633         47 0.0000e+00
   1162.000   1149.615     4.2351     4.2354  33.251058  33.250866    5.73168     1.8723 1.2583e+03    -0.0127     0.0000      98.78    97.5992     0.0707      53215    5.73162    0.00000    34.9638    34.9632         57 0.0000e+00
   1164.000   1151.588     4.2336     4.2341  33.250659  33.250643    5.72920     1.8713 1.2465e+03    -0.0128     0.0000      98.78    97.5940     0.0707      53266    5.72907    0.00000    34.9639    34.9634         46 0.0000e+00
   1166.000   1153.562     4.2315     4.2320  33.249597  33.249499    5.72769     1.8705 1.2949e+03    -0.0122     0.0000      98.78    97.5959     0.0707      53314    5.72746    0.00000    34.9639    34.9633         51 0.0000e+00
   1168.000   1155.535     4.2305     4.2310  33.249533  33.249496    5.72823     1.8705 1.2420e+03    -0.0123     0.0000      98.78    97.5938     0.0707      53362    5.72930    0.00000    34.9639    34.9633         43 0.0000e+00
   1170.000   1157.508     4.2248     4.2253  33.245197  33.245268    5.72924     1.8701 1.2065e+03    -0.0109     0.0000      98.78    97.5817     0.0707      53402    5.73011    0.00000    34.9638    34.9633         39 0.0000e+00
   1172.000   1159.481     4.2204     4.2207  33.241808  33.241645    5.73076     1.8697 1.2130e+03    -0.0122     0.0000      98.78    97.5942     0.0707      53449    5.73060    0.00000    34.9634    34.9629         60 0.0000e+00
   1174.000   1161.454     4.2142     4.2146  33.236876  33.236716    5.73053     1.8691 1.2592e+03    -0.0118     0.0000      98.78    97.5985     0.0707      53509    5.73055    0.00000    34.9631    34.9625         51 0.0000e+00
   1176.000   1163.427     4.2126     4.2132  33.236268  33.236282    5.73164     1.8690 1.2557e+03    -0.0114     0.0000      98.78    97.6016     0.0707      53555    5.73159    0.00000    34.9631    34.9625         45 0.0000e+00
   1178.000   1165.400     4.2112     4.2117  33.235824  33.235731    5.73414     1.8692 1.2439e+03    -0.0114     0.0000      98.78    97.6016     0.0707      53602    5.73407    0.00000    34.9630    34.9624         49 0.0000e+00
   1180.000   1167.374     4.2087     4.2092  33.234207  33.234156    5.73527     1.8690 1.2237e+03    -0.0121     0.0000      98.78    97.6016     0.0707      53648    5.73519    0.00000    34.9628    34.9622         43 0.0000e+00
   1182.000   1169.347     4.2087     4.2091  33.235014  33.234824    5.73747     1.8691 1.2644e+03    -0.0119     0.0000      98.78    97.5976     0.0707      53692    5.73737    0.00000    34.9628    34.9621         48 0.0000e+00
   1184.000   1171.319     4.2084     4.2089  33.235640  33.235509    5.73557     1.8683 1.2146e+03    -0.0108     0.0000      98.78    97.5956     0.0707      53746    5.73551    0.00000    34.9628    34.9621         57 0.0000e+00
   1186.000   1173.293     4.2083     4.2088  33.236434  33.236200    5.73668     1.8683 1.2063e+03    -0.0112     0.0000      98.78    97.5994     0.0707      53799    5.73659    0.00000    34.9629    34.9621         47 0.0000e+00
   1188.000   1175.265     4.2080     4.2086  33.236972  33.237002    5.73772     1.8681 1.2424e+03    -0.0117     0.0000      98.78    97.6016     0.0707      53843    5.73760    0.00000    34.9628    34.9622         45 0.0000e+00
   1190.000   1177.238     4.2074     4.2081  33.237305  33.237273    5.73534     1.8672 1.2221e+03    -0.0112     0.0000      98.78    97.6016     0.0707      53891    5.73527    0.00000    34.9628    34.9620         49 0.0000e+00
   1192.000   1179.211     4.2062     4.2067  33.237044  33.236835    5.73530     1.8668 1.2073e+03    -0.0108     0.0000      98.78    97.6016     0.0707      53937    5.73521    0.00000    34.9627    34.9620         43 0.0000e+00
   1194.000   1181.184     4.2051     4.2057  33.236785  33.236726    5.73534     1.8664 1.2630e+03    -0.0113     0.0000      98.78    97.6008     0.0707      53982    5.73527    0.00000    34.9626    34.9619         50 0.0000e+00
   1196.000   1183.157     4.2035     4.2039  33.235981  33.235798    5.73519     1.8660 1.2307e+03    -0.0107     0.0000      98.78    97.5902     0.0707      54040    5.73514    0.00000    34.9624    34.9618         60 0.0000e+00
   1198.000   1185.130     4.2008     4.2013  33.234380  33.234271    5.73586     1.8657 1.2089e+03    -0.0112     0.0000      98.78    97.5980     0.0707      54091    5.73591    0.00000    34.9623    34.9616         44 0.0000e+00
   1200.000   1187.103     4.2002     4.2007  33.234632  33.234565    5.73764     1.8657 1.2708e+03    -0.0109     0.0000      98.78    97.5966     0.0707      54131    5.73741    0.00000    34.9623    34.9616         38 0.0000e+00
   1202.000   1189.076     4.1990     4.1995  33.234394  33.234338    5.73983     1.8657 1.2641e+03    -0.0117     0.0000      98.78    97.5951     0.0707      54173    5.73906    0.00000    34.9622    34.9616         50 0.0000e+00
   1204.000   1191.049     4.1982     4.1988  33.234432  33.234343    5.74113     1.8657 1.2499e+03    -0.0111     0.0000      98.78    97.5888     0.0707      54233    5.74073    0.00000    34.9621    34.9614         58 0.0000e+00
   1206.000   1193.022     4.1978     4.1984  33.235045  33.234902    5.74235     1.8657 1.2879e+03    -0.0100     0.0000      98.78    97.6037     0.0707      54279    5.74227    0.00000    34.9622    34.9615         42 0.0000e+00
   1208.000   1194.994     4.1966     4.1971  33.234702  33.234618    5.74081     1.8649 1.2299e+03    -0.0111     0.0000      98.78    97.6017     0.0707      54324    5.74063    0.00000    34.9621    34.9615         49 0.0000e+00
   1210.000   1196.967     4.1947     4.1952  33.233763  33.233671    5.73947     1.8642 1.2108e+03    -0.0114     0.0000      98.78    97.6016     0.0707      54374    5.73931    0.00000    34.9620    34.9614         49 0.0000e+00
   1212.000   1198.940     4.1937     4.1941  33.233646  33.233552    5.74015     1.8640 1.2200e+03    -0.0107     0.0000      98.78    97.5989     0.0707      54423    5.74000    0.00000    34.9620    34.9614         50 0.0000e+00
   1214.000   1200.913     4.1919     4.1924  33.232889  33.232845    5.73854     1.8632 1.2819e+03    -0.0120     0.0000      98.78    97.5948     0.0707      54472    5.73841    0.00000    34.9619    34.9614         47 0.0000e+00
   1216.000   1202.885     4.1906     4.1911  33.232624  33.232513    5.74084     1.8633 1.2600e+03    -0.0120     0.0000      98.78    97.5926     0.0707      54520    5.74067    0.00000    34.9620    34.9613         49 0.0000e+00
   1218.000   1204.858     4.1862     4.1868  33.229435  33.229399    5.74035     1.8627 1.2540e+03    -0.0119     0.0000      98.78    97.5975     0.0707      54568    5.74021    0.00000    34.9619    34.9613         47 0.0000e+00
   1220.000   1206.831     4.1835     4.1840  33.227820  33.227780    5.74012     1.8621 1.2546e+03    -0.0113     0.0000      98.78    97.6007     0.0707      54614    5.73968    0.00000    34.9618    34.9613         48 0.0000e+00
   1222.000   1208.803     4.1834     4.1839  33.228511  33.228353    5.74090     1.8621 1.2351e+03    -0.0112     0.0000      98.78    97.6016     0.0707      54668    5.74103    0.00000    34.9618    34.9611         56 0.0000e+00
   1224.000   1210.776     4.1835     4.1840  33.229503  33.229496    5.74230     1.8620 1.2262e+03    -0.0108     0.0000      98.78    97.6016     0.0707      54717    5.74211    0.00000    34.9618    34.9613         40 0.0000e+00
   1226.000   1212.749     4.1813     4.1818  33.228226  33.228278    5.74283     1.8617 1.2044e+03    -0.0107     0.0000      98.78    97.6016     0.0707      54756    5.74265    0.00000    34.9617    34.9611         44 0.0000e+00
   1228.000   1214.721     4.1781     4.1787  33.226203  33.226097    5.74161     1.8610 1.2055e+03    -0.0110     0.0000      98.78    97.5958     0.0707      54810    5.74147    0.00000    34.9616    34.9609         59 0.0000e+00
   1230.000   1216.694     4.1752     4.1757  33.224390  33.224187    5.74467     1.8612 1.2253e+03    -0.0114     0.0000      98.78    97.5932     0.0707      54861    5.74444    0.00000    34.9616    34.9608         44 0.0000e+00
   1232.000   1218.666     4.1747     4.1752  33.224767  33.224644    5.74751     1.8615 1.2771e+03    -0.0120     0.0000      98.78    97.5934     0.0707      54905    5.74735    0.00000    34.9616    34.9608         47 0.0000e+00
   1234.000   1220.639     4.1721     4.1726  33.223177  33.223222    5.74674     1.8609 1.2755e+03    -0.0115     0.0000      98.78    97.5949     0.0707      54956    5.74647    0.00000    34.9614    34.9609         51 0.0000e+00
   1236.000   1222.611     4.1677     4.1682  33.220050  33.220161    5.74507     1.8600 1.2589e+03    -0.0117     0.0000      98.78    97.5944     0.0707      55003    5.74486    0.00000    34.9614    34.9609         44 0.0000e+00
   1238.000   1224.584     4.1624     4.1630  33.216127  33.216106    5.74488     1.8594 1.2916e+03    -0.0110     0.0000      98.78    97.5976     0.0707      55046    5.74469    0.00000    34.9613    34.9607         44 0.0000e+00
   1240.000   1226.557     4.1590     4.1594  33.213648  33.213566    5.74397     1.8587 1.2950e+03    -0.0104     0.0000      98.78    97.5855     0.0707      55095    5.74364    0.00000    34.9610    34.9605         55 0.0000e+00
