Ship_data/Irminger/Irminger-2/ctd/process/OOI/at30_011.ros
* Sea-Bird SBE 9 Data File:
* FileName = C:\data\ctd\at30_011.hex
* Software Version Seasave V 7.21f
* Temperature SN = 2265
* Conductivity SN = 3021
* Number of Bytes Per Scan = 40
* Number of Voltage Words = 5
* Number of Scans Averaged by the Deck Unit = 1
* NMEA Latitude = 59 41.19 N
* NMEA Longitude = 039 21.93 W
* NMEA UTC (Time) = Aug 21 2015  19:14:51
** cal val post deployment at FLMB2
# nquan = 17
# nvalues = 588                                   
# units = specified
# name 0 = prDM: Pressure, Digiquartz [db]
# name 1 = depSM: Depth [salt water, m]
# name 2 = t090C: Temperature [ITS-90, deg C]
# name 3 = t190C: Temperature, 2 [ITS-90, deg C]
# name 4 = c0mS/cm: Conductivity [mS/cm]
# name 5 = c1mS/cm: Conductivity, 2 [mS/cm]
# name 6 = sbeox0ML/L: Oxygen, SBE 43 [ml/l]
# name 7 = sbeox0V: Oxygen raw, SBE 43 [V]
# name 8 = spar: SPAR/Surface Irradiance
# name 9 = flECO-AFL: Fluorescence, WET Labs ECO-AFL/FL [mg/m^3]
# name 10 = v2: Voltage 2
# name 11 = altM: Altimeter [m]
# name 12 = CStarTr0: Beam Transmission, WET Labs C-Star [%]
# name 13 = turbWETntu0: Turbidity, WET Labs ECO [NTU]
# name 14 = scan: Scan Count
# name 15 = nbf: Bottles Fired
# name 16 = flag:  0.000e+00
# interval = seconds: 0.0416667
# start_time = Aug 21 2015 19:14:51 [NMEA time, header]
# bad_flag = -9.990e-29
*END*
[from data line 86]
   2435.439   2398.618     2.7761     2.7769  32.442195  32.442439    6.08939     1.6884 3.8691e+02    -0.0439     0.0000      98.73    97.4969     0.0707      95338          2  0.000e+00
   2435.388   2398.568     2.7763     2.7769  32.442135  32.442782    6.08933     1.6884 3.8691e+02    -0.0439     0.0000      98.73    97.4969     0.0707      95339          2  0.000e+00
   2435.439   2398.618     2.7759     2.7769  32.441835  32.442439    6.08944     1.6884 3.8691e+02    -0.0439     0.0000      98.73    97.5231     0.0707      95340          2  0.000e+00
   2435.389   2398.568     2.7761     2.7768  32.442135  32.442782    6.08936     1.6884 3.8691e+02    -0.0512     0.0000      98.73    97.5231     0.0707      95341          2  0.000e+00
   2435.456   2398.635     2.7759     2.7769  32.442135  32.442554    6.08944     1.6884 3.8490e+02    -0.0439     0.0000      98.73    97.5231     0.0707      95342          2  0.000e+00
   2435.372   2398.552     2.7758     2.7771  32.442015  32.442154    6.08939     1.6884 3.8691e+02    -0.0439     0.0000      98.73    97.4969     0.0707      95343          2  0.000e+00
   2435.456   2398.635     2.7761     2.7768  32.442015  32.442154    6.09594     1.6897 3.8490e+02    -0.0439     0.0000      98.73    97.5231     0.0707      95344          2  0.000e+00
   2435.439   2398.618     2.7760     2.7769  32.442015  32.442439    6.08942     1.6884 3.8490e+02    -0.0658     0.0000      98.71    97.5231     0.0707      95345          2  0.000e+00
   2435.456   2398.635     2.7761     2.7769  32.441835  32.442154    6.08943     1.6884 3.8691e+02    -0.0439     0.0000      98.73    97.4969     0.0682      95346          2  0.000e+00
   2435.439   2398.618     2.7761     2.7768  32.441955  32.442554    6.09593     1.6897 3.8691e+02    -0.0439     0.0000      98.73    97.4969     0.0682      95347          2  0.000e+00
   2435.456   2398.635     2.7759     2.7771  32.442075  32.442154    6.08944     1.6884 3.8691e+02    -0.0439     0.0000      98.73    97.5231     0.0707      95348          2  0.000e+00
   2435.439   2398.618     2.7760     2.7768  32.442015  32.442154    6.08943     1.6884 3.8691e+02    -0.0439     0.0000      98.71    97.4969     0.0707      95349          2  0.000e+00
   2129.734   2099.031     3.0463     3.0470  32.561713  32.561586    6.05714     1.7389 4.0294e+02    -0.0365     0.0000      98.73    97.4969     0.0707     104781          3  0.000e+00
   2129.784   2099.081     3.0463     3.0469  32.561172  32.561415    6.05721     1.7389 4.0294e+02    -0.0512     0.0000      98.73    97.4969     0.0707     104782          3  0.000e+00
   2129.667   2098.966     3.0463     3.0469  32.561352  32.561872    6.05711     1.7389 4.0094e+02    -0.0512     0.0000      98.73    97.5231     0.0707     104783          3  0.000e+00
   2129.784   2099.081     3.0463     3.0470  32.561352  32.561701    6.05720     1.7389 4.0294e+02    -0.0439     0.0000      98.73    97.4969     0.0682     104784          3  0.000e+00
   2129.793   2099.089     3.0463     3.0470  32.561232  32.561586    6.05722     1.7389 4.0094e+02    -0.0439     0.0000      98.73    97.4969     0.0707     104785          3  0.000e+00
   2129.667   2098.966     3.0463     3.0469  32.561412  32.561700    6.05710     1.7389 4.0094e+02    -0.0439     0.0000      98.73    97.5231     0.0707     104786          3  0.000e+00
   2129.784   2099.081     3.0463     3.0470  32.561352  32.561586    6.05720     1.7389 4.0294e+02    -0.0439     0.0000      98.73    97.5231     0.0707     104787          3  0.000e+00
   2129.793   2099.089     3.0463     3.0469  32.561051  32.561986    6.05722     1.7389 4.0294e+02    -0.0439     0.0000      98.73    97.5231     0.0682     104788          3  0.000e+00
   2129.785   2099.081     3.0464     3.0469  32.561112  32.562158    6.05719     1.7389 4.0294e+02    -0.0512     0.0000      98.73    97.5231     0.0707     104789          3  0.000e+00
   2129.860   2099.155     3.0462     3.0468  32.561413  32.561587    6.05728     1.7389 4.0294e+02    -0.0439     0.0000      98.73    97.4969     0.0682     104790          3  0.000e+00
   2129.785   2099.081     3.0463     3.0467  32.561112  32.561986    6.05721     1.7389 4.0294e+02    -0.0439     0.0000      98.73    97.4969     0.0707     104791          3  0.000e+00
   2129.860   2099.155     3.0463     3.0469  32.561593  32.561587    6.05725     1.7389 4.0294e+02    -0.0439     0.0000      98.73    97.5231     0.0707     104792          3  0.000e+00
   2129.785   2099.081     3.0463     3.0467  32.561653  32.561415    6.05719     1.7389 4.0294e+02    -0.0365     0.0000      98.73    97.5231     0.0707     104793          3  0.000e+00
   2129.919   2099.213     3.0463     3.0469  32.561353  32.561587    6.05731     1.7389 4.0294e+02    -0.0365     0.0000      98.73    97.4969     0.0707     104794          3  0.000e+00
   2129.860   2099.155     3.0462     3.0470  32.561413  32.561987    6.05728     1.7389 4.0294e+02    -0.0439     0.0000      98.73    97.5231     0.0707     104795          3  0.000e+00
   2129.919   2099.213     3.0463     3.0467  32.561533  32.561873    6.05730     1.7389 4.0294e+02    -0.0439     0.0000      98.73    97.5231     0.0707     104796          3  0.000e+00
   2129.860   2099.155     3.0461     3.0470  32.561533  32.561415    6.05728     1.7389 4.0294e+02    -0.0512     0.0000      98.73    97.5231     0.0682     104797          3  0.000e+00
   2129.919   2099.213     3.0463     3.0467  32.561533  32.561587    6.05730     1.7389 4.0294e+02    -0.0439     0.0000      98.73    97.5231     0.0682     104798          3  0.000e+00
   2129.919   2099.213     3.0463     3.0470  32.561533  32.561872    6.05730     1.7389 4.0294e+02    -0.0439     0.0000      98.71    97.5231     0.0707     104799          3  0.000e+00
   2129.919   2099.213     3.0464     3.0469  32.561533  32.561701    6.05728     1.7389 4.0294e+02    -0.0439     0.0000      98.71    97.5231     0.0707     104800          3  0.000e+00
   2129.986   2099.279     3.0464     3.0469  32.561714  32.561587    6.05733     1.7389 4.0294e+02    -0.0439     0.0000      98.73    97.5231     0.0682     104801          3  0.000e+00
   2129.986   2099.279     3.0464     3.0468  32.561413  32.561701    6.05734     1.7389 4.0294e+02    -0.0439     0.0000      98.73    97.4969     0.0707     104802          3  0.000e+00
   2129.978   2099.271     3.0463     3.0470  32.561654  32.561873    6.06354     1.7401 4.0294e+02    -0.0439     0.0000      98.73    97.5231     0.0707     104803          3  0.000e+00
   2129.986   2099.279     3.0461     3.0468  32.561835  32.561701    6.05737     1.7389 4.0094e+02    -0.0439     0.0000      98.73    97.5231     0.0707     104804          3  0.000e+00
   2130.045   2099.336     3.0463     3.0470  32.561835  32.561301    6.05739     1.7389 4.0294e+02    -0.0439     0.0000      98.73    97.5231     0.0707     104805          3  0.000e+00
   2130.045   2099.336     3.0462     3.0469  32.561835  32.561416    6.05741     1.7389 4.0294e+02    -0.0439     0.0000      98.73    97.5231     0.0707     104806          3  0.000e+00
   2130.104   2099.394     3.0463     3.0468  32.561654  32.561587    6.05745     1.7389 4.0294e+02    -0.0439     0.0000      98.73    97.5231     0.0707     104807          3  0.000e+00
   2130.045   2099.336     3.0463     3.0469  32.561534  32.562159    6.05741     1.7389 4.0495e+02    -0.0439     0.0000      98.73    97.5231     0.0707     104808          3  0.000e+00
   2130.171   2099.460     3.0464     3.0470  32.561534  32.561416    6.05749     1.7389 4.0294e+02    -0.0439     0.0000      98.73    97.4969     0.0682     104809          3  0.000e+00
   2130.045   2099.336     3.0462     3.0467  32.561714  32.561587    6.05741     1.7389 4.0495e+02    -0.0439     0.0000      98.73    97.5231     0.0707     104810          3  0.000e+00
   2130.179   2099.468     3.0464     3.0470  32.562016  32.561416    6.06367     1.7401 4.0294e+02    -0.0439     0.0000      98.73    97.4969     0.0682     104811          3  0.000e+00
   2130.171   2099.460     3.0462     3.0470  32.561715  32.561587    6.06371     1.7401 4.0294e+02    -0.0439     0.0000      98.73    97.4969     0.0707     104812          3  0.000e+00
   2130.179   2099.468     3.0464     3.0470  32.561715  32.561702    6.06368     1.7401 4.0294e+02    -0.0439     0.0000      98.73    97.4969     0.0707     104813          3  0.000e+00
   2130.171   2099.460     3.0462     3.0469  32.562016  32.561587    6.06370     1.7401 4.0294e+02    -0.0439     0.0000      98.73    97.4969     0.0707     104814          3  0.000e+00
   2130.305   2099.592     3.0461     3.0470  32.561715  32.562274    6.06383     1.7401 4.0294e+02    -0.0439     0.0000      98.71    97.4969     0.0707     104815          3  0.000e+00
   2130.230   2099.518     3.0462     3.0468  32.561715  32.561588    6.05756     1.7389 4.0294e+02    -0.0439     0.0000      98.73    97.5231     0.0707     104816          3  0.000e+00
   2130.238   2099.526     3.0463     3.0469  32.561655  32.561874    6.05756     1.7389 4.0294e+02    -0.0439     0.0000      98.71    97.4969     0.0707     104817          3  0.000e+00
   2130.364   2099.649     3.0463     3.0470  32.561535  32.561702    6.05766     1.7389 4.0294e+02    -0.0439     0.0000      98.73    97.4969     0.0707     104818          3  0.000e+00
   2130.297   2099.584     3.0464     3.0470  32.561535  32.562159    6.05759     1.7389 4.0294e+02    -0.0439     0.0000      98.73    97.4969     0.0682     104819          3  0.000e+00
   2130.364   2099.649     3.0464     3.0469  32.561354  32.561988    6.05765     1.7389 4.0294e+02    -0.0439     0.0000      98.73    97.4969     0.0682     104820          3  0.000e+00
   2130.364   2099.649     3.0462     3.0470  32.561896  32.561588    6.05766     1.7389 4.0294e+02    -0.0439     0.0000      98.73    97.4969     0.0682     104821          3  0.000e+00
   2130.364   2099.649     3.0463     3.0470  32.561715  32.561417    6.05766     1.7389 4.0094e+02    -0.0439     0.0000      98.73    97.4969     0.0682     104822          3  0.000e+00
   2130.490   2099.773     3.0464     3.0469  32.561535  32.561874    6.05774     1.7389 4.0294e+02    -0.0439     0.0000      98.73    97.5231     0.0707     104823          3  0.000e+00
   2130.431   2099.715     3.0464     3.0470  32.561716  32.562160    6.05769     1.7389 4.0294e+02    -0.0439     0.0000      98.73    97.5231     0.0682     104824          3  0.000e+00
   2130.431   2099.715     3.0463     3.0470  32.561655  32.561988    6.06391     1.7401 4.0294e+02    -0.0512     0.0000      98.73    97.5231     0.0682     104825          3  0.000e+00
   2130.549   2099.831     3.0464     3.0472  32.561716  32.561874    6.05778     1.7389 4.0294e+02    -0.0365     0.0000      98.73    97.4969     0.0682     104826          3  0.000e+00
   2130.490   2099.773     3.0464     3.0468  32.561836  32.561989    6.05773     1.7389 4.0094e+02    -0.0512     0.0000      98.73    97.5231     0.0707     104827          3  0.000e+00
   2130.549   2099.831     3.0463     3.0467  32.561656  32.562160    6.05781     1.7389 4.0294e+02    -0.0512     0.0000      98.73    97.4969     0.0707     104828          3  0.000e+00
   2130.557   2099.839     3.0463     3.0470  32.561535  32.561703    6.05782     1.7389 4.0094e+02    -0.0512     0.0000      98.73    97.4969     0.0707     104829          3  0.000e+00
   1723.331   1700.108     3.3663     3.3669  32.674988  32.675137    6.13663     1.8336 6.1344e+02    -0.0439     0.0000      98.71    97.3923     0.0707     117224          4  0.000e+00
   1723.373   1700.149     3.3663     3.3669  32.675229  32.675137    6.13665     1.8336 6.1344e+02    -0.0439     0.0000      98.73    97.4185     0.0707     117225          4  0.000e+00
   1723.373   1700.149     3.3663     3.3670  32.675168  32.674794    6.13665     1.8336 6.1344e+02    -0.0439     0.0000      98.73    97.3923     0.0707     117226          4  0.000e+00
   1723.389   1700.165     3.3663     3.3671  32.675048  32.674794    6.13668     1.8336 6.1344e+02    -0.0439     0.0000      98.73    97.4185     0.0707     117227          4  0.000e+00
   1723.373   1700.149     3.3662     3.3671  32.675048  32.675366    6.14247     1.8348 6.1544e+02    -0.0439     0.0000      98.73    97.4185     0.0682     117228          4  0.000e+00
   1723.431   1700.207     3.3665     3.3670  32.674807  32.675138    6.13669     1.8336 6.1344e+02    -0.0439     0.0000      98.73    97.3923     0.0707     117229          4  0.000e+00
   1723.389   1700.166     3.3662     3.3671  32.674988  32.675424    6.14249     1.8348 6.1544e+02    -0.0439     0.0000      98.73    97.3923     0.0682     117230          4  0.000e+00
   1723.431   1700.207     3.3665     3.3669  32.675048  32.674794    6.13668     1.8336 6.1544e+02    -0.0512     0.0000      98.73    97.3661     0.0707     117231          4  0.000e+00
   1723.498   1700.272     3.3663     3.3670  32.675048  32.675424    6.13676     1.8336 6.1544e+02    -0.0439     0.0000      98.71    97.3661     0.0707     117232          4  0.000e+00
   1723.456   1700.231     3.3663     3.3671  32.675048  32.675138    6.13672     1.8336 6.1344e+02    -0.0512     0.0000      98.71    97.3923     0.0707     117233          4  0.000e+00
   1723.498   1700.272     3.3663     3.3669  32.675048  32.675424    6.13676     1.8336 6.1544e+02    -0.0439     0.0000      98.73    97.3923     0.0707     117234          4  0.000e+00
   1723.498   1700.272     3.3663     3.3668  32.675470  32.675710    6.13674     1.8336 6.1544e+02    -0.0439     0.0000      98.73    97.4185     0.0707     117235          4  0.000e+00
   1723.515   1700.289     3.3663     3.3669  32.675410  32.675138    6.13675     1.8336 6.1344e+02    -0.0439     0.0000      98.73    97.3923     0.0682     117236          4  0.000e+00
   1723.556   1700.330     3.3663     3.3671  32.674988  32.675710    6.13681     1.8336 6.1544e+02    -0.0439     0.0000      98.73    97.3923     0.0707     117237          4  0.000e+00
   1723.556   1700.330     3.3665     3.3671  32.674928  32.675710    6.13679     1.8336 6.1745e+02    -0.0512     0.0000      98.73    97.4185     0.0707     117238          4  0.000e+00
   1723.581   1700.354     3.3662     3.3670  32.675049  32.675424    6.14264     1.8348 6.1544e+02    -0.0439     0.0000      98.73    97.3923     0.0707     117239          4  0.000e+00
   1723.556   1700.330     3.3665     3.3669  32.675229  32.675424    6.14257     1.8348 6.1544e+02    -0.0439     0.0000      98.73    97.4185     0.0682     117240          4  0.000e+00
   1723.623   1700.395     3.3663     3.3671  32.675169  32.675424    6.13685     1.8336 6.1544e+02    -0.0439     0.0000      98.73    97.4185     0.0707     117241          4  0.000e+00
   1723.582   1700.354     3.3664     3.3668  32.675049  32.675424    6.14261     1.8348 6.1544e+02    -0.0439     0.0000      98.73    97.4185     0.0707     117242          4  0.000e+00
   1723.623   1700.395     3.3663     3.3671  32.675049  32.675138    6.14266     1.8348 6.1544e+02    -0.0439     0.0000      98.71    97.4185     0.0682     117243          4  0.000e+00
   1723.707   1700.477     3.3662     3.3669  32.675049  32.675425    6.13694     1.8336 6.1544e+02    -0.0439     0.0000      98.73    97.4185     0.0707     117244          4  0.000e+00
   1723.682   1700.453     3.3665     3.3668  32.675049  32.675081    6.14268     1.8348 6.1745e+02    -0.0439     0.0000      98.73    97.3923     0.0707     117245          4  0.000e+00
   1723.623   1700.395     3.3662     3.3669  32.675230  32.675138    6.14266     1.8348 6.1745e+02    -0.0439     0.0000      98.73    97.4185     0.0682     117246          4  0.000e+00
