Ship_data/Irminger/Irminger-2/ctd/process/OOI/at30_013.cnv
* Sea-Bird SBE 9 Data File:
* FileName = C:\data\ctd\at30_013.hex
* Software Version Seasave V 7.21f
* Temperature SN = 2265
* Conductivity SN = 3021
* Number of Bytes Per Scan = 40
* Number of Voltage Words = 5
* Number of Scans Averaged by the Deck Unit = 1
* NMEA Latitude = 59 53.87 N
* NMEA Longitude = 039 34.33 W
* NMEA UTC (Time) = Aug 23 2015  21:20:25
** cal / val for SUMO 2
# nquan = 21
# nvalues = 1518                        
# units = specified
# name 0 = prDM: Pressure, Digiquartz [db]
# name 1 = depSM: Depth [salt water, m]
# name 2 = t090C: Temperature [ITS-90, deg C]
# name 3 = t190C: Temperature, 2 [ITS-90, deg C]
# name 4 = c0mS/cm: Conductivity [mS/cm]
# name 5 = c1mS/cm: Conductivity, 2 [mS/cm]
# name 6 = sbeox0ML/L: Oxygen, SBE 43 [ml/l]
# name 7 = sbeox0V: Oxygen raw, SBE 43 [V]
# name 8 = spar: SPAR/Surface Irradiance
# name 9 = flECO-AFL: Fluorescence, WET Labs ECO-AFL/FL [mg/m^3]
# name 10 = v2: Voltage 2
# name 11 = altM: Altimeter [m]
# name 12 = CStarTr0: Beam Transmission, WET Labs C-Star [%]
# name 13 = turbWETntu0: Turbidity, WET Labs ECO [NTU]
# name 14 = scan: Scan Count
# name 15 = sbeox0ML/L: Oxygen, SBE 43 [ml/l], WS = 2
# name 16 = sbeox0dOV/dT: Oxygen, SBE 43 [dov/dt], WS = 2
# name 17 = sal00: Salinity, Practical [PSU]
# name 18 = sal11: Salinity, Practical, 2 [PSU]
# name 19 = nbin: number of scans per bin
# name 20 = flag: flag
# span 0 =      4.000,   1522.000       
# span 1 =      3.962,   1502.178       
# span 2 =     3.4552,     8.4887       
# span 3 =     3.4559,     8.4894       
# span 4 =  32.479080,  36.568755       
# span 5 =  32.478967,  36.568745       
# span 6 =    5.99380,    6.79375       
# span 7 =     1.8586,     2.5253       
# span 8 = 2.2200e+01, 5.8266e+01       
# span 9 =    -0.0722,     1.8007       
# span 10 =     0.0000,     0.0000      
# span 11 =      82.64,      99.66      
# span 12 =    93.3670,    97.7997      
# span 13 =     0.0665,     0.1311      
# span 14 =       1571,     111666      
# span 15 =    5.99416,    6.79388      
# span 16 =    0.00000,    0.00000      
# span 17 =    34.8358,    35.0267      
# span 18 =    34.8357,    35.0272      
# span 19 =         26,        134      
# span 20 = 0.0000e+00, 0.0000e+00      
# interval = decibars: 2                
# start_time = Aug 23 2015 21:20:25 [NMEA time, header]
# bad_flag = -9.990e-29
*END*
[from data line 345]
    696.000    688.287     3.7155     3.7154  32.525145  32.525046    6.54759     2.1364 4.5945e+01    -0.0555     0.0000      98.73    97.7595     0.0712      25012    6.54748    0.00000    34.8943    34.8943         60 0.0000e+00
    698.000    690.262     3.7146     3.7146  32.525137  32.525120    6.54590     2.1356 4.5756e+01    -0.0632     0.0000      98.73    97.7564     0.0713      25081    6.54583    0.00000    34.8942    34.8942         65 0.0000e+00
    700.000    692.236     3.7137     3.7137  32.525325  32.525213    6.54614     2.1352 4.5845e+01    -0.0655     0.0000      98.73    97.7711     0.0743      25128    6.54607    0.00000    34.8943    34.8942         38 0.0000e+00
    702.000    694.211     3.7125     3.7123  32.524885  32.524793    6.54909     2.1354 4.5775e+01    -0.0513     0.0000      98.73    97.7506     0.0698      25167    6.54896    0.00000    34.8941    34.8942         42 0.0000e+00
    704.000    696.185     3.7104     3.7105  32.523730  32.523846    6.54839     2.1346 4.5696e+01    -0.0476     0.0000      98.73    97.7648     0.0703      25212    6.54768    0.00000    34.8938    34.8939         44 0.0000e+00
    706.000    698.160     3.7098     3.7099  32.523985  32.524149    6.55011     2.1346 4.5872e+01    -0.0567     0.0000      98.73    97.7656     0.0738      25253    6.54965    0.00000    34.8938    34.8938         43 0.0000e+00
    708.000    700.134     3.7093     3.7092  32.524268  32.524192    6.55103     2.1345 4.5509e+01    -0.0566     0.0000      98.73    97.7653     0.0723      25319    6.55108    0.00000    34.8935    34.8935         87 0.0000e+00
    710.000    702.108     3.7081     3.7081  32.524134  32.524159    6.55718     2.1355 4.5704e+01    -0.0594     0.0000      98.73    97.7752     0.0715      25384    6.55688    0.00000    34.8936    34.8936         39 0.0000e+00
    712.000    704.083     3.7077     3.7076  32.524562  32.524640    6.56022     2.1358 4.5543e+01    -0.0590     0.0000      98.73    97.7663     0.0776      25418    6.56007    0.00000    34.8935    34.8937         32 0.0000e+00
    714.000    706.057     3.7070     3.7071  32.524743  32.524790    6.55643     2.1344 4.5551e+01    -0.0634     0.0000      98.73    97.7685     0.0708      25451    6.55619    0.00000    34.8934    34.8934         36 0.0000e+00
    716.000    708.032     3.7066     3.7066  32.525109  32.525102    6.55111     2.1327 4.5466e+01    -0.0527     0.0000      98.73    97.7668     0.0693      25503    6.55096    0.00000    34.8932    34.8932         77 0.0000e+00
    718.000    710.006     3.7060     3.7058  32.525436  32.525148    6.55633     2.1335 4.5358e+01    -0.0569     0.0000      98.73    97.7739     0.0691      25586    6.55611    0.00000    34.8932    34.8931         65 0.0000e+00
    720.000    711.981     3.7046     3.7048  32.525005  32.525132    6.55953     2.1338 4.5421e+01    -0.0634     0.0000      98.73    97.7718     0.0693      25630    6.55933    0.00000    34.8931    34.8931         35 0.0000e+00
    722.000    713.955     3.7059     3.7060  32.527220  32.527363    6.55990     2.1335 4.4761e+01    -0.0639     0.0000      98.73    97.7600     0.0675      25663    6.55959    0.00000    34.8933    34.8934         34 0.0000e+00
    724.000    715.929     3.7048     3.7050  32.527114  32.527223    6.55795     2.1326 4.5317e+01    -0.0590     0.0000      98.73    97.7673     0.0715      25701    6.55760    0.00000    34.8933    34.8933         44 0.0000e+00
    726.000    717.903     3.7030     3.7032  32.526156  32.526432    6.55838     2.1322 4.5223e+01    -0.0483     0.0000      98.73    97.7653     0.0731      25750    6.55820    0.00000    34.8931    34.8932         52 0.0000e+00
    728.000    719.877     3.7015     3.7014  32.525429  32.525288    6.55565     2.1313 4.4807e+01    -0.0593     0.0000      98.73    97.7744     0.0708      25816    6.55651    0.00000    34.8927    34.8927         85 0.0000e+00
    730.000    721.852     3.6993     3.6993  32.524261  32.524273    6.55731     2.1310 4.5012e+01    -0.0602     0.0000      98.73    97.7650     0.0692      25889    6.55734    0.00000    34.8926    34.8926         47 0.0000e+00
    732.000    723.826     3.6997     3.6996  32.525446  32.525557    6.56258     2.1318 4.5139e+01    -0.0582     0.0000      98.73    97.7730     0.0734      25926    6.56245    0.00000    34.8925    34.8927         33 0.0000e+00
    734.000    725.800     3.7026     3.7028  32.529387  32.529213    6.56488     2.1321 4.4671e+01    -0.0646     0.0000      98.73    97.7714     0.0770      25957    6.56479    0.00000    34.8931    34.8927         32 0.0000e+00
    736.000    727.774     3.7069     3.7071  32.534719  32.535000    6.55988     2.1307 4.4707e+01    -0.0593     0.0000      98.73    97.7593     0.0701      25993    6.55971    0.00000    34.8939    34.8940         43 0.0000e+00
    738.000    729.748     3.7047     3.7045  32.533287  32.533157    6.55695     2.1294 4.4627e+01    -0.0613     0.0000      98.73    97.7562     0.0690      26058    6.55667    0.00000    34.8934    34.8935         80 0.0000e+00
    740.000    731.722     3.7002     3.7006  32.529821  32.530173    6.56153     2.1299 4.4715e+01    -0.0662     0.0000      98.73    97.7606     0.0716      26121    6.56138    0.00000    34.8930    34.8930         46 0.0000e+00
    742.000    733.697     3.7018     3.7018  32.532322  32.532234    6.56062     2.1294 4.4490e+01    -0.0662     0.0000      98.73    97.7707     0.0695      26165    6.56051    0.00000    34.8932    34.8931         47 0.0000e+00
    744.000    735.671     3.7026     3.7026  32.534000  32.534058    6.55941     2.1286 4.4527e+01    -0.0514     0.0000      98.73    97.7664     0.0683      26215    6.55890    0.00000    34.8934    34.8934         52 0.0000e+00
    746.000    737.645     3.7035     3.7034  32.535743  32.535683    6.56101     2.1287 4.4413e+01    -0.0524     0.0000      98.73    97.7734     0.0682      26265    6.56069    0.00000    34.8935    34.8935         45 0.0000e+00
    748.000    739.619     3.7024     3.7026  32.535695  32.535810    6.56271     2.1287 4.4196e+01    -0.0510     0.0000      98.73    97.7683     0.0682      26308    6.56271    0.00000    34.8935    34.8934         44 0.0000e+00
    750.000    741.593     3.7021     3.7022  32.536236  32.536317    6.56409     2.1287 4.4229e+01    -0.0509     0.0000      98.73    97.7656     0.0682      26355    6.56446    0.00000    34.8934    34.8934         48 0.0000e+00
    752.000    743.567     3.6983     3.6984  32.533240  32.533502    6.56569     2.1286 4.4146e+01    -0.0517     0.0000      98.73    97.7673     0.0682      26402    6.56653    0.00000    34.8928    34.8931         47 0.0000e+00
    754.000    745.541     3.6946     3.6945  32.530172  32.530229    6.56486     2.1276 4.4180e+01    -0.0511     0.0000      98.73    97.7541     0.0682      26459    6.56491    0.00000    34.8921    34.8922         76 0.0000e+00
    756.000    747.515     3.6928     3.6928  32.529432  32.529369    6.56585     2.1273 4.4306e+01    -0.0520     0.0000      98.73    97.7601     0.0682      26533    6.56575    0.00000    34.8921    34.8919         52 0.0000e+00
    758.000    749.489     3.6894     3.6902  32.527084  32.528058    6.57037     2.1279 4.4400e+01    -0.0510     0.0000      98.73    97.7722     0.0682      26571    6.57026    0.00000    34.8918    34.8922         34 0.0000e+00
    760.000    751.463     3.6860     3.6864  32.524460  32.524955    6.57359     2.1281 4.4108e+01    -0.0520     0.0000      98.73    97.7766     0.0682      26604    6.57343    0.00000    34.8913    34.8914         34 0.0000e+00
    762.000    753.437     3.6870     3.6870  32.526399  32.526192    6.57207     2.1273 4.4013e+01    -0.0512     0.0000      98.73    97.7690     0.0682      26642    6.57193    0.00000    34.8914    34.8913         43 0.0000e+00
    764.000    755.411     3.6878     3.6880  32.527981  32.528079    6.56980     2.1264 4.4100e+01    -0.0513     0.0000      98.73    97.7696     0.0682      26705    6.56975    0.00000    34.8915    34.8914         85 0.0000e+00
    766.000    757.385     3.6871     3.6873  32.528284  32.528476    6.57072     2.1263 4.4189e+01    -0.0517     0.0000      98.73    97.7701     0.0682      26777    6.57114    0.00000    34.8915    34.8915         49 0.0000e+00
    768.000    759.358     3.6855     3.6856  32.527569  32.527748    6.57344     2.1263 4.4050e+01    -0.0516     0.0000      98.73    97.7720     0.0682      26818    6.57311    0.00000    34.8913    34.8914         39 0.0000e+00
    770.000    761.332     3.6824     3.6822  32.525337  32.525298    6.57511     2.1263 4.3897e+01    -0.0518     0.0000      98.73    97.7781     0.0682      26857    6.57542    0.00000    34.8909    34.8911         39 0.0000e+00
    772.000    763.306     3.6800     3.6803  32.523919  32.524062    6.57719     2.1262 4.4098e+01    -0.0518     0.0000      98.73    97.7716     0.0682      26895    6.57709    0.00000    34.8907    34.8906         40 0.0000e+00
    774.000    765.280     3.6798     3.6801  32.524422  32.524664    6.57471     2.1251 4.3987e+01    -0.0515     0.0000      98.73    97.7745     0.0682      26947    6.57454    0.00000    34.8905    34.8905         66 0.0000e+00
    776.000    767.254     3.6800     3.6802  32.525572  32.525691    6.57615     2.1251 4.4006e+01    -0.0514     0.0000      98.73    97.7724     0.0682      27014    6.57607    0.00000    34.8906    34.8905         62 0.0000e+00
    778.000    769.227     3.6801     3.6804  32.526654  32.526809    6.57744     2.1251 4.3949e+01    -0.0515     0.0000      98.73    97.7684     0.0682      27074    6.57774    0.00000    34.8907    34.8906         53 0.0000e+00
    780.000    771.201     3.6807     3.6807  32.528117  32.528151    6.57530     2.1241 4.4046e+01    -0.0508     0.0000      98.73    97.7691     0.0682      27115    6.57507    0.00000    34.8908    34.8908         34 0.0000e+00
    782.000    773.175     3.6811     3.6813  32.529505  32.529560    6.57615     2.1239 4.3986e+01    -0.0512     0.0000      98.73    97.7707     0.0682      27148    6.57591    0.00000    34.8909    34.8908         34 0.0000e+00
    784.000    775.149     3.6812     3.6814  32.530485  32.530646    6.57175     2.1224 4.4030e+01    -0.0514     0.0000      98.73    97.7622     0.0682      27191    6.57161    0.00000    34.8910    34.8909         57 0.0000e+00
    786.000    777.123     3.6813     3.6816  32.531410  32.531664    6.57062     2.1217 4.3937e+01    -0.0515     0.0000      98.73    97.7679     0.0682      27264    6.57050    0.00000    34.8910    34.8909         75 0.0000e+00
    788.000    779.096     3.6818     3.6818  32.532990  32.532971    6.57638     2.1227 4.3833e+01    -0.0509     0.0000      98.73    97.7669     0.0677      27322    6.57611    0.00000    34.8913    34.8912         45 0.0000e+00
    790.000    781.070     3.6827     3.6828  32.534831  32.534911    6.57562     2.1221 4.3860e+01    -0.0523     0.0000      98.73    97.7621     0.0674      27359    6.57538    0.00000    34.8914    34.8914         33 0.0000e+00
    792.000    783.043     3.6824     3.6825  32.535526  32.535632    6.57423     2.1214 4.3727e+01    -0.0512     0.0000      98.73    97.7596     0.0678      27393    6.57402    0.00000    34.8916    34.8916         37 0.0000e+00
    794.000    785.017     3.6814     3.6815  32.535284  32.535332    6.56403     2.1184 4.3661e+01    -0.0517     0.0000      98.73    97.7587     0.0677      27454    6.56382    0.00000    34.8913    34.8912         86 0.0000e+00
    796.000    786.990     3.6773     3.6775  32.532118  32.532473    6.56915     2.1191 4.3942e+01    -0.0517     0.0000      98.73    97.7657     0.0676      27524    6.56907    0.00000    34.8908    34.8910         47 0.0000e+00
    798.000    788.964     3.6762     3.6763  32.531957  32.532024    6.57563     2.1202 4.3599e+01    -0.0519     0.0000      98.73    97.7533     0.0679      27562    6.57540    0.00000    34.8908    34.8907         32 0.0000e+00
    800.000    790.938     3.6761     3.6762  32.532763  32.532902    6.57701     2.1201 4.3842e+01    -0.0512     0.0000      98.73    97.7595     0.0677      27593    6.57675    0.00000    34.8907    34.8908         31 0.0000e+00
    802.000    792.911     3.6747     3.6748  32.532014  32.532269    6.57197     2.1184 4.3569e+01    -0.0517     0.0000      98.73    97.7586     0.0682      27638    6.57184    0.00000    34.8904    34.8905         68 0.0000e+00
    804.000    794.885     3.6731     3.6731  32.531336  32.531244    6.57096     2.1177 4.3552e+01    -0.0518     0.0000      98.73    97.7649     0.0682      27716    6.57084    0.00000    34.8902    34.8901         69 0.0000e+00
    806.000    796.858     3.6700     3.6701  32.529120  32.529319    6.57343     2.1179 4.3463e+01    -0.0515     0.0000      98.73    97.7654     0.0682      27769    6.57383    0.00000    34.8898    34.8899         44 0.0000e+00
    808.000    798.832     3.6676     3.6676  32.527664  32.527666    6.57160     2.1167 4.3577e+01    -0.0512     0.0000      98.73    97.7571     0.0682      27809    6.57154    0.00000    34.8896    34.8895         38 0.0000e+00
    810.000    800.805     3.6663     3.6664  32.527238  32.527431    6.57324     2.1167 4.3352e+01    -0.0516     0.0000      98.73    97.7632     0.0682      27847    6.57309    0.00000    34.8894    34.8895         40 0.0000e+00
    812.000    802.779     3.6637     3.6640  32.525574  32.525820    6.57546     2.1167 4.3242e+01    -0.0513     0.0000      98.73    97.7621     0.0682      27895    6.57529    0.00000    34.8891    34.8891         58 0.0000e+00
    814.000    804.752     3.6616     3.6621  32.524404  32.524741    6.57489     2.1161 4.3512e+01    -0.0516     0.0000      98.73    97.7620     0.0682      27955    6.57472    0.00000    34.8889    34.8888         57 0.0000e+00
    816.000    806.726     3.6602     3.6606  32.523842  32.524200    6.57571     2.1156 4.3419e+01    -0.0515     0.0000      98.73    97.7575     0.0682      28005    6.57462    0.00000    34.8887    34.8887         44 0.0000e+00
    818.000    808.699     3.6598     3.6599  32.524349  32.524335    6.57654     2.1155 4.3314e+01    -0.0520     0.0000      98.73    97.7562     0.0682      28047    6.57619    0.00000    34.8887    34.8886         43 0.0000e+00
    820.000    810.672     3.6596     3.6595  32.524860  32.524642    6.57721     2.1155 4.3291e+01    -0.0517     0.0000      98.73    97.7620     0.0682      28110    6.57792    0.00000    34.8884    34.8883         79 0.0000e+00
    822.000    812.646     3.6609     3.6611  32.527321  32.527342    6.58001     2.1155 4.3250e+01    -0.0517     0.0000      98.73    97.7649     0.0682      28171    6.57938    0.00000    34.8890    34.8888         40 0.0000e+00
    824.000    814.619     3.6606     3.6606  32.527836  32.527718    6.58152     2.1155 4.3014e+01    -0.0514     0.0000      98.73    97.7556     0.0682      28206    6.58105    0.00000    34.8889    34.8888         35 0.0000e+00
    826.000    816.592     3.6605     3.6605  32.528708  32.528592    6.57787     2.1142 4.3031e+01    -0.0520     0.0000      98.73    97.6980     0.0682      28244    6.57761    0.00000    34.8889    34.8888         43 0.0000e+00
    828.000    818.566     3.6623     3.6624  32.531431  32.531390    6.57679     2.1136 4.3299e+01    -0.0515     0.0000      98.73    97.7566     0.0682      28291    6.57655    0.00000    34.8893    34.8891         50 0.0000e+00
    830.000    820.539     3.6648     3.6650  32.534831  32.534941    6.57781     2.1136 4.3296e+01    -0.0514     0.0000      98.73    97.7628     0.0682      28348    6.57754    0.00000    34.8896    34.8895         67 0.0000e+00
