Ship_data/Irminger/Irminger-2/ctd/process/OOI/at30_005.ros
* Sea-Bird SBE 9 Data File:
* FileName = C:\data\ctd\at30_005.hex
* Software Version Seasave V 7.21f
* Temperature SN = 2265
* Conductivity SN = 3021
* Number of Bytes Per Scan = 40
* Number of Voltage Words = 5
* Number of Scans Averaged by the Deck Unit = 1
* NMEA Latitude = 59 59.33 N
* NMEA Longitude = 039 27.67 W
* NMEA UTC (Time) = Aug 14 2015  19:36:17
# nquan = 17
# nvalues = 1176                                  
# units = specified
# name 0 = prDM: Pressure, Digiquartz [db]
# name 1 = depSM: Depth [salt water, m]
# name 2 = t090C: Temperature [ITS-90, deg C]
# name 3 = t190C: Temperature, 2 [ITS-90, deg C]
# name 4 = c0mS/cm: Conductivity [mS/cm]
# name 5 = c1mS/cm: Conductivity, 2 [mS/cm]
# name 6 = sbeox0ML/L: Oxygen, SBE 43 [ml/l]
# name 7 = sbeox0V: Oxygen raw, SBE 43 [V]
# name 8 = spar: SPAR/Surface Irradiance
# name 9 = flECO-AFL: Fluorescence, WET Labs ECO-AFL/FL [mg/m^3]
# name 10 = v2: Voltage 2
# name 11 = altM: Altimeter [m]
# name 12 = CStarTr0: Beam Transmission, WET Labs C-Star [%]
# name 13 = turbWETntu0: Turbidity, WET Labs ECO [NTU]
# name 14 = scan: Scan Count
# name 15 = nbf: Bottles Fired
# name 16 = flag:  0.000e+00
# interval = seconds: 0.0416667
# start_time = Aug 14 2015 19:36:17 [NMEA time, header]
# bad_flag = -9.990e-29
*END*
   2701.957   2659.394     1.4174     1.4189  31.330829  31.331304    6.63976     1.7012 1.2329e+03    -0.0219     0.0000      10.21    96.3982     0.0780      80076          1  0.000e+00
   2701.974   2659.411     1.4174     1.4189  31.330769  31.331304    6.63977     1.7012 1.2329e+03    -0.0219     0.0000      10.26    96.4244     0.0780      80077          1  0.000e+00
   2701.957   2659.394     1.4174     1.4189  31.330295  31.331304    6.63274     1.6999 1.2309e+03    -0.0292     0.0000      10.31    96.4244     0.0780      80078          1  0.000e+00
   2701.974   2659.411     1.4174     1.4187  31.330117  31.331023    6.63276     1.6999 1.2309e+03    -0.0219     0.0000      10.33    96.4244     0.0780      80079          1  0.000e+00
   2701.898   2659.337     1.4172     1.4187  31.330117  31.331586    6.63977     1.7012 1.2309e+03    -0.0219     0.0000      10.31    96.4244     0.0780      80080          1  0.000e+00
   2701.957   2659.395     1.4172     1.4189  31.330532  31.331304    6.63980     1.7012 1.2289e+03    -0.0219     0.0000      10.31    96.4244     0.0780      80081          1  0.000e+00
   2701.906   2659.345     1.4172     1.4187  31.330295  31.331023    6.63977     1.7012 1.2309e+03    -0.0219     0.0000      10.38    96.4244     0.0780      80082          1  0.000e+00
   2701.957   2659.395     1.4174     1.4189  31.330532  31.331586    6.63979     1.7012 1.2289e+03    -0.0219     0.0000      10.43    96.4244     0.0780      80083          1  0.000e+00
   2701.839   2659.279     1.4174     1.4189  31.330354  31.331586    6.63969     1.7012 1.2289e+03    -0.0219     0.0000      10.45    96.4244     0.0780      80084          1  0.000e+00
   2701.898   2659.337     1.4172     1.4190  31.330591  31.331304    6.63975     1.7012 1.2269e+03    -0.0219     0.0000      10.43    96.4244     0.0780      80085          1  0.000e+00
   2701.898   2659.337     1.4172     1.4186  31.330532  31.331586    6.63976     1.7012 1.2249e+03    -0.0219     0.0000      10.45    96.3721     0.0780      80086          1  0.000e+00
   2701.839   2659.279     1.4174     1.4189  31.330235  31.331304    6.63971     1.7012 1.2249e+03    -0.0219     0.0000      10.48    96.3459     0.0780      80087          1  0.000e+00
   2701.830   2659.270     1.4174     1.4187  31.330532  31.331586    6.63968     1.7012 1.2229e+03    -0.0292     0.0000      10.50    96.3721     0.0780      80088          1  0.000e+00
   2701.839   2659.279     1.4177     1.4189  31.330709  31.331304    6.63963     1.7012 1.2209e+03    -0.0219     0.0000      10.53    96.3721     0.0780      80089          1  0.000e+00
   2701.830   2659.270     1.4175     1.4183  31.330769  31.331867    6.63965     1.7012 1.2209e+03    -0.0219     0.0000      10.50    96.3982     0.0780      80090          1  0.000e+00
   2701.830   2659.270     1.4175     1.4187  31.330947  31.331304    6.63964     1.7012 1.2189e+03    -0.0292     0.0000      10.53    96.3982     0.0780      80091          1  0.000e+00
   2701.839   2659.279     1.4174     1.4184  31.330591  31.331586    6.63970     1.7012 1.2169e+03    -0.0219     0.0000      10.57    96.3982     0.0780      80092          1  0.000e+00
   2701.830   2659.270     1.4177     1.4187  31.330828  31.331022    6.63963     1.7012 1.2169e+03    -0.0219     0.0000      10.57    96.4244     0.0780      80093          1  0.000e+00
   2701.779   2659.221     1.4177     1.4184  31.330591  31.331304    6.63960     1.7012 1.2169e+03    -0.0219     0.0000      10.57    96.4244     0.0780      80094          1  0.000e+00
   2701.830   2659.270     1.4177     1.4186  31.330828  31.331304    6.63963     1.7012 1.2148e+03    -0.0292     0.0000      10.57    96.4244     0.0780      80095          1  0.000e+00
   2701.830   2659.270     1.4178     1.4184  31.331006  31.331304    6.63960     1.7012 1.2128e+03    -0.0219     0.0000      10.62    96.4244     0.0780      80096          1  0.000e+00
   2701.779   2659.221     1.4180     1.4187  31.331065  31.330741    6.63953     1.7012 1.2108e+03    -0.0219     0.0000      10.65    96.4244     0.0780      80097          1  0.000e+00
   2701.830   2659.270     1.4182     1.4186  31.331243  31.331586    6.63954     1.7012 1.2088e+03    -0.0292     0.0000      10.67    96.4244     0.0780      80098          1  0.000e+00
   2701.779   2659.221     1.4182     1.4186  31.331125  31.331022    6.63950     1.7012 1.2068e+03    -0.0292     0.0000      10.67    96.4244     0.0780      80099          1  0.000e+00
   2701.830   2659.270     1.4182     1.4184  31.331184  31.331022    6.63955     1.7012 1.2048e+03    -0.0219     0.0000      10.65    96.4244     0.0780      80100          1  0.000e+00
   2701.763   2659.204     1.4182     1.4186  31.331124  31.331304    6.63949     1.7012 1.2028e+03    -0.0219     0.0000      10.70    96.4244     0.0780      80101          1  0.000e+00
   2701.779   2659.221     1.4182     1.4187  31.331184  31.331022    6.63951     1.7012 1.2008e+03    -0.0219     0.0000      10.72    96.3982     0.0780      80102          1  0.000e+00
   2701.830   2659.270     1.4180     1.4187  31.331362  31.331304    6.63957     1.7012 1.2028e+03    -0.0219     0.0000      10.70    96.3982     0.0780      80103          1  0.000e+00
   2701.839   2659.279     1.4178     1.4187  31.331362  31.331304    6.63961     1.7012 1.2028e+03    -0.0219     0.0000      10.70    96.4244     0.0780      80104          1  0.000e+00
   2701.763   2659.204     1.4180     1.4187  31.331124  31.331585    6.63953     1.7012 1.2008e+03    -0.0219     0.0000      10.72    96.4244     0.0780      80105          1  0.000e+00
   2701.830   2659.270     1.4178     1.4187  31.330828  31.331022    6.63964     1.7012 1.1988e+03    -0.0292     0.0000      10.72    96.4244     0.0780      80106          1  0.000e+00
   2701.779   2659.221     1.4178     1.4187  31.330709  31.331304    6.63960     1.7012 1.1968e+03    -0.0219     0.0000      10.72    96.3982     0.0780      80107          1  0.000e+00
   2701.830   2659.270     1.4177     1.4187  31.330709  31.331586    6.63966     1.7012 1.1968e+03    -0.0219     0.0000      10.72    96.3982     0.0780      80108          1  0.000e+00
   2701.763   2659.204     1.4177     1.4187  31.330887  31.331304    6.63960     1.7012 1.1968e+03    -0.0292     0.0000      10.74    96.3982     0.0780      80109          1  0.000e+00
   2701.839   2659.279     1.4174     1.4187  31.330887  31.331304    6.64677     1.7025 1.1948e+03    -0.0219     0.0000      10.74    96.3982     0.0780      80110          1  0.000e+00
   2701.830   2659.270     1.4174     1.4187  31.330769  31.331586    6.63971     1.7012 1.1948e+03    -0.0219     0.0000      10.74    96.3982     0.0780      80111          1  0.000e+00
   2701.839   2659.279     1.4177     1.4187  31.330532  31.331586    6.63264     1.7000 1.1948e+03    -0.0292     0.0000      10.74    96.3982     0.0780      80112          1  0.000e+00
   2701.763   2659.204     1.4175     1.4187  31.330413  31.331585    6.63966     1.7012 1.1948e+03    -0.0219     0.0000      10.77    96.3721     0.0780      80113          1  0.000e+00
   2701.898   2659.337     1.4175     1.4187  31.330413  31.331304    6.63978     1.7012 1.1948e+03    -0.0219     0.0000      10.74    96.3721     0.0780      80114          1  0.000e+00
   2701.839   2659.279     1.4175     1.4186  31.330591  31.331586    6.63972     1.7012 1.1928e+03    -0.0292     0.0000      10.77    96.3982     0.0780      80115          1  0.000e+00
   2701.830   2659.270     1.4174     1.4184  31.330591  31.331304    6.63974     1.7012 1.1908e+03    -0.0219     0.0000      10.77    96.3982     0.0780      80116          1  0.000e+00
   2701.779   2659.221     1.4172     1.4183  31.330650  31.331304    6.63971     1.7012 1.1888e+03    -0.0219     0.0000      10.79    96.3982     0.0780      80117          1  0.000e+00
   2701.898   2659.337     1.4174     1.4181  31.330532  31.331586    6.63981     1.7012 1.1888e+03    -0.0292     0.0000      10.77    96.3982     0.0780      80118          1  0.000e+00
   2701.898   2659.337     1.4177     1.4181  31.330413  31.331023    6.63271     1.7000 1.1868e+03    -0.0219     0.0000      10.79    96.3721     0.0780      80119          1  0.000e+00
   2701.839   2659.279     1.4175     1.4184  31.330591  31.331022    6.63973     1.7012 1.1868e+03    -0.0219     0.0000      10.79    96.3982     0.0780      80120          1  0.000e+00
   2701.830   2659.270     1.4177     1.4181  31.330709  31.330741    6.63969     1.7012 1.1868e+03    -0.0219     0.0000      10.77    96.3721     0.0780      80121          1  0.000e+00
   2701.907   2659.345     1.4174     1.4186  31.330888  31.330741    6.65391     1.7037 1.1848e+03    -0.0219     0.0000      10.77    96.3982     0.0780      80122          1  0.000e+00
   2701.898   2659.337     1.4179     1.4189  31.330888  31.331304    6.63972     1.7012 1.1848e+03    -0.0292     0.0000      10.79    96.3982     0.0780      80123          1  0.000e+00
   2701.898   2659.337     1.4175     1.4186  31.330769  31.331304    6.63978     1.7012 1.1848e+03    -0.0219     0.0000      10.79    96.3982     0.0780      80124          1  0.000e+00
   2540.447   2501.365     2.3181     2.3230  32.067732  32.071732    6.27824     1.6922 8.8407e+02    -0.0219     0.0000      98.78    97.2615     0.0780      87462          2  0.000e+00
   2540.345   2501.266     2.3180     2.3230  32.067612  32.071561    6.28489     1.6935 8.8207e+02    -0.0219     0.0000      98.78    97.2615     0.0780      87463          2  0.000e+00
   2540.447   2501.365     2.3183     2.3232  32.067433  32.071562    6.27824     1.6922 8.8407e+02    -0.0292     0.0000      98.78    97.2353     0.0780      87464          2  0.000e+00
   2540.345   2501.266     2.3180     2.3232  32.067672  32.071561    6.27818     1.6922 8.8407e+02    -0.0292     0.0000      98.78    97.2353     0.0780      87465          2  0.000e+00
   2540.447   2501.365     2.3178     2.3234  32.067433  32.071903    6.28501     1.6935 8.8407e+02    -0.0219     0.0000      98.78    97.2353     0.0780      87466          2  0.000e+00
   2540.413   2501.332     2.3178     2.3230  32.067493  32.071562    6.27828     1.6922 8.8207e+02    -0.0219     0.0000      98.78    97.2353     0.0780      87467          2  0.000e+00
   2540.447   2501.365     2.3178     2.3229  32.067613  32.071448    6.27830     1.6922 8.8207e+02    -0.0219     0.0000      98.78    97.2353     0.0780      87468          2  0.000e+00
   2540.413   2501.332     2.3178     2.3230  32.067613  32.071903    6.27827     1.6922 8.8207e+02    -0.0219     0.0000      98.78    97.2353     0.0780      87469          2  0.000e+00
   2540.447   2501.365     2.3180     2.3230  32.067613  32.071903    6.28499     1.6935 8.8207e+02    -0.0219     0.0000      98.78    97.2615     0.0780      87470          2  0.000e+00
   2540.413   2501.332     2.3178     2.3230  32.067433  32.071562    6.28499     1.6935 8.8006e+02    -0.0219     0.0000      98.78    97.2353     0.0780      87471          2  0.000e+00
   2540.447   2501.365     2.3180     2.3230  32.067254  32.071562    6.28501     1.6935 8.8006e+02    -0.0219     0.0000      98.78    97.2353     0.0780      87472          2  0.000e+00
   2540.472   2501.390     2.3178     2.3229  32.067493  32.072187    6.28504     1.6935 8.8006e+02    -0.0219     0.0000      98.78    97.2353     0.0780      87473          2  0.000e+00
   2540.515   2501.432     2.3180     2.3232  32.067613  32.071903    6.29176     1.6947 8.8207e+02    -0.0219     0.0000      98.78    97.2092     0.0780      87474          2  0.000e+00
   2540.472   2501.390     2.3178     2.3230  32.067792  32.071448    6.28503     1.6935 8.8006e+02    -0.0219     0.0000      98.78    97.2092     0.0780      87475          2  0.000e+00
   2540.515   2501.432     2.3180     2.3229  32.067912  32.071562    6.28504     1.6935 8.8006e+02    -0.0219     0.0000      98.78    97.1307     0.0780      87476          2  0.000e+00
   2540.473   2501.390     2.3180     2.3229  32.067732  32.071562    6.28501     1.6935 8.8006e+02    -0.0219     0.0000      98.78    97.1045     0.0780      87477          2  0.000e+00
   2540.447   2501.366     2.3178     2.3235  32.067792  32.071562    6.28501     1.6935 8.8006e+02    -0.0219     0.0000      98.78    97.1307     0.0780      87478          2  0.000e+00
   2540.540   2501.456     2.3178     2.3232  32.067374  32.071562    6.28511     1.6935 8.8006e+02    -0.0292     0.0000      98.78    97.1569     0.0780      87479          2  0.000e+00
   2540.515   2501.432     2.3178     2.3234  32.067493  32.071562    6.28509     1.6935 8.8006e+02    -0.0219     0.0000      98.78    97.1830     0.0780      87480          2  0.000e+00
   2540.473   2501.390     2.3178     2.3235  32.067613  32.071448    6.28505     1.6935 8.8006e+02    -0.0219     0.0000      98.78    97.1830     0.0780      87481          2  0.000e+00
   2540.515   2501.432     2.3176     2.3232  32.067613  32.070994    6.27840     1.6922 8.8006e+02    -0.0219     0.0000      98.78    97.2092     0.0780      87482          2  0.000e+00
   2540.540   2501.457     2.3180     2.3226  32.067613  32.070994    6.27837     1.6922 8.8006e+02    -0.0219     0.0000      98.78    97.2353     0.0780      87483          2  0.000e+00
   2540.515   2501.432     2.3178     2.3224  32.067613  32.071562    6.27838     1.6922 8.8006e+02    -0.0292     0.0000      98.78    97.2353     0.0780      87484          2  0.000e+00
   2540.540   2501.457     2.3181     2.3219  32.067792  32.070994    6.27835     1.6922 8.7806e+02    -0.0219     0.0000      98.78    97.2353     0.0780      87485          2  0.000e+00
   2540.515   2501.432     2.3181     2.3218  32.067732  32.070710    6.27833     1.6922 8.8006e+02    -0.0219     0.0000      98.78    97.2353     0.0780      87486          2  0.000e+00
   2540.540   2501.457     2.3180     2.3216  32.067733  32.070710    6.27837     1.6922 8.7806e+02    -0.0219     0.0000      98.78    97.2353     0.0780      87487          2  0.000e+00
   2540.515   2501.432     2.3180     2.3211  32.067852  32.069971    6.28505     1.6935 8.8006e+02    -0.0292     0.0000      98.78    97.2353     0.0780      87488          2  0.000e+00
   2540.541   2501.457     2.3181     2.3207  32.067912  32.070085    6.28506     1.6935 8.8006e+02    -0.0292     0.0000      98.78    97.2353     0.0780      87489          2  0.000e+00
   2540.515   2501.432     2.3184     2.3203  32.068092  32.070085    6.28498     1.6935 8.7806e+02    -0.0219     0.0000      98.78    97.2353     0.0780      87490          2  0.000e+00
   2540.541   2501.457     2.3186     2.3200  32.068211  32.069516    6.28497     1.6935 8.8006e+02    -0.0292     0.0000      98.78    97.2353     0.0780      87491          2  0.000e+00
   2540.515   2501.432     2.3186     2.3202  32.068391  32.069516    6.28494     1.6935 8.7806e+02    -0.0219     0.0000      98.78    97.2092     0.0780      87492          2  0.000e+00
   2540.541   2501.457     2.3184     2.3207  32.068331  32.069516    6.27829     1.6922 8.7806e+02    -0.0219     0.0000      98.78    97.2353     0.0780      87493          2  0.000e+00
   2540.515   2501.432     2.3186     2.3208  32.068151  32.070085    6.28496     1.6935 8.8006e+02    -0.0219     0.0000      98.78    97.2353     0.0780      87494          2  0.000e+00
   2540.473   2501.391     2.3189     2.3203  32.068630  32.069630    6.28486     1.6935 8.7806e+02    -0.0219     0.0000      98.78    97.2353     0.0780      87495          2  0.000e+00
   2540.515   2501.432     2.3192     2.3198  32.068810  32.069800    6.28484     1.6935 8.7806e+02    -0.0219     0.0000      98.78    97.2353     0.0780      87496          2  0.000e+00
   2540.541   2501.457     2.3191     2.3193  32.068630  32.069232    6.27819     1.6923 8.7806e+02    -0.0219     0.0000      98.78    97.2353     0.0780      87497          2  0.000e+00
