Ship_data/Irminger/Irminger-2/ctd/process/OOI/at30_005.ros
* Sea-Bird SBE 9 Data File:
* FileName = C:\data\ctd\at30_005.hex
* Software Version Seasave V 7.21f
* Temperature SN = 2265
* Conductivity SN = 3021
* Number of Bytes Per Scan = 40
* Number of Voltage Words = 5
* Number of Scans Averaged by the Deck Unit = 1
* NMEA Latitude = 59 59.33 N
* NMEA Longitude = 039 27.67 W
* NMEA UTC (Time) = Aug 14 2015  19:36:17
# nquan = 17
# nvalues = 1176                                  
# units = specified
# name 0 = prDM: Pressure, Digiquartz [db]
# name 1 = depSM: Depth [salt water, m]
# name 2 = t090C: Temperature [ITS-90, deg C]
# name 3 = t190C: Temperature, 2 [ITS-90, deg C]
# name 4 = c0mS/cm: Conductivity [mS/cm]
# name 5 = c1mS/cm: Conductivity, 2 [mS/cm]
# name 6 = sbeox0ML/L: Oxygen, SBE 43 [ml/l]
# name 7 = sbeox0V: Oxygen raw, SBE 43 [V]
# name 8 = spar: SPAR/Surface Irradiance
# name 9 = flECO-AFL: Fluorescence, WET Labs ECO-AFL/FL [mg/m^3]
# name 10 = v2: Voltage 2
# name 11 = altM: Altimeter [m]
# name 12 = CStarTr0: Beam Transmission, WET Labs C-Star [%]
# name 13 = turbWETntu0: Turbidity, WET Labs ECO [NTU]
# name 14 = scan: Scan Count
# name 15 = nbf: Bottles Fired
# name 16 = flag:  0.000e+00
# interval = seconds: 0.0416667
# start_time = Aug 14 2015 19:36:17 [NMEA time, header]
# bad_flag = -9.990e-29
*END*
[from data line 681]
    102.260    101.271     5.1557     5.1563  33.637946  33.638014    6.41928     2.2996 5.5931e+02    -0.0219     0.0000      98.78    97.1569     0.0780     174144         14  0.000e+00
    102.220    101.231     5.1553     5.1560  33.637336  33.638592    6.41932     2.2996 5.5931e+02    -0.0219     0.0000      98.75    97.1830     0.0780     174145         14  0.000e+00
    102.260    101.271     5.1555     5.1559  33.637580  33.638303    6.42374     2.3008 5.5731e+02    -0.0219     0.0000      98.78    97.1569     0.0780     174146         14  0.000e+00
    102.220    101.231     5.1550     5.1555  33.637580  33.638593    6.41934     2.2996 5.5731e+02    -0.0219     0.0000      98.75    97.1569     0.0780     174147         14  0.000e+00
    102.260    101.271     5.1553     5.1552  33.637641  33.638593    6.41934     2.2996 5.5731e+02    -0.0219     0.0000      98.78    97.1569     0.0780     174148         14  0.000e+00
    102.277    101.287     5.1579     5.1581  33.639775  33.641081    6.41000     2.2971 5.5330e+02    -0.0219     0.0000      98.78    97.1045     0.0780     174257         15  0.000e+00
    102.195    101.207     5.1579     5.1579  33.640079  33.640444    6.40991     2.2971 5.5731e+02    -0.0219     0.0000      98.78    97.1307     0.0780     174258         15  0.000e+00
    102.138    101.150     5.1575     5.1576  33.639774  33.639807    6.40992     2.2971 5.6132e+02    -0.0219     0.0000      98.75    97.1307     0.0780     174259         15  0.000e+00
    102.220    101.231     5.1575     5.1578  33.640018  33.640444    6.41439     2.2983 5.6533e+02    -0.0219     0.0000      98.75    97.1307     0.0780     174260         15  0.000e+00
    102.195    101.207     5.1574     5.1576  33.639652  33.640155    6.40999     2.2971 5.6733e+02    -0.0219     0.0000      98.78    97.1569     0.0780     174261         15  0.000e+00
    102.163    101.175     5.1572     5.1579  33.639348  33.639865    6.41000     2.2971 5.6934e+02    -0.0219     0.0000      98.78    97.1307     0.0780     174262         15  0.000e+00
    102.138    101.150     5.1573     5.1582  33.639469  33.639865    6.40996     2.2971 5.7134e+02    -0.0219     0.0000      98.78    97.1307     0.0780     174263         15  0.000e+00
    102.220    101.231     5.1572     5.1586  33.639774  33.640733    6.41002     2.2971 5.7334e+02    -0.0219     0.0000      98.78    97.1307     0.0780     174264         15  0.000e+00
    102.138    101.150     5.1571     5.1594  33.639469  33.640733    6.40998     2.2971 5.7334e+02    -0.0219     0.0000      98.78    97.1307     0.0780     174265         15  0.000e+00
    102.098    101.110     5.1572     5.1600  33.639469  33.641080    6.40993     2.2971 5.7535e+02    -0.0219     0.0000      98.78    97.1307     0.0780     174266         15  0.000e+00
    102.195    101.207     5.1571     5.1602  33.639591  33.641948    6.41002     2.2971 5.7535e+02    -0.0219     0.0000      98.78    97.1569     0.0780     174267         15  0.000e+00
    102.138    101.150     5.1574     5.1604  33.639591  33.642585    6.40994     2.2971 5.7735e+02    -0.0219     0.0000      98.78    97.1307     0.0804     174268         15  0.000e+00
    102.098    101.110     5.1574     5.1601  33.639469  33.642874    6.40549     2.2959 5.7735e+02    -0.0219     0.0000      98.78    97.1307     0.0780     174269         15  0.000e+00
    102.138    101.150     5.1570     5.1604  33.639530  33.643222    6.41440     2.2983 5.7735e+02    -0.0219     0.0000      98.78    97.1045     0.0780     174270         15  0.000e+00
    102.098    101.110     5.1574     5.1602  33.639408  33.642585    6.41433     2.2983 5.7735e+02    -0.0292     0.0000      98.78    97.1307     0.0780     174271         15  0.000e+00
    102.138    101.150     5.1571     5.1602  33.639713  33.642585    6.41438     2.2983 5.7735e+02    -0.0219     0.0000      98.78    97.1307     0.0780     174272         15  0.000e+00
    102.041    101.054     5.1570     5.1602  33.639469  33.642585    6.41873     2.2995 5.7735e+02    -0.0219     0.0000      98.78    97.1307     0.0780     174273         15  0.000e+00
    102.082    101.094     5.1571     5.1604  33.639286  33.642874    6.41435     2.2983 5.7535e+02    -0.0219     0.0000      98.78    97.1307     0.0780     174274         15  0.000e+00
    102.163    101.175     5.1569     5.1605  33.639469  33.642874    6.41444     2.2983 5.7535e+02    -0.0219     0.0000      98.75    97.1569     0.0780     174275         15  0.000e+00
    102.082    101.094     5.1569     5.1605  33.639774  33.642585    6.41435     2.2983 5.7535e+02    -0.0219     0.0000      98.75    97.1569     0.0780     174276         15  0.000e+00
    102.082    101.094     5.1572     5.1604  33.639896  33.643221    6.41872     2.2995 5.7535e+02    -0.0292     0.0000      98.78    97.1569     0.0780     174277         15  0.000e+00
    102.041    101.054     5.1574     5.1604  33.639957  33.642585    6.41424     2.2983 5.7535e+02    -0.0219     0.0000      98.75    97.1569     0.0780     174278         15  0.000e+00
    102.082    101.094     5.1577     5.1604  33.639957  33.643511    6.41866     2.2995 5.7535e+02    -0.0219     0.0000      98.78    97.1307     0.0780     174279         15  0.000e+00
    102.041    101.054     5.1577     5.1605  33.640322  33.642874    6.42302     2.3008 5.7535e+02    -0.0219     0.0000      98.78    97.1045     0.0780     174280         15  0.000e+00
    102.082    101.094     5.1578     5.1605  33.640079  33.642874    6.41864     2.2995 5.7535e+02    -0.0219     0.0000      98.75    97.1307     0.0780     174281         15  0.000e+00
    102.041    101.054     5.1579     5.1607  33.640322  33.642874    6.41858     2.2995 5.7535e+02    -0.0219     0.0000      98.78    97.1045     0.0780     174282         15  0.000e+00
    102.082    101.094     5.1576     5.1607  33.640323  33.642585    6.42307     2.3008 5.7735e+02    -0.0219     0.0000      98.78    97.1045     0.0780     174283         15  0.000e+00
    102.041    101.054     5.1577     5.1605  33.640018  33.642874    6.41862     2.2995 5.7735e+02    -0.0219     0.0000      98.78    97.1307     0.0780     174284         15  0.000e+00
    102.082    101.094     5.1576     5.1605  33.640323  33.642874    6.41865     2.2995 5.7735e+02    -0.0219     0.0000      98.78    97.1307     0.0780     174285         15  0.000e+00
    102.017    101.030     5.1577     5.1607  33.640383  33.643221    6.41416     2.2983 5.7735e+02    -0.0292     0.0000      98.78    97.1307     0.0780     174286         15  0.000e+00
    102.041    101.054     5.1576     5.1605  33.640261  33.643221    6.41861     2.2995 5.7735e+02    -0.0219     0.0000      98.75    97.1307     0.0780     174287         15  0.000e+00
    102.017    101.030     5.1572     5.1604  33.640018  33.642585    6.41865     2.2995 5.7735e+02    -0.0219     0.0000      98.78    97.1307     0.0780     174288         15  0.000e+00
    102.041    101.054     5.1575     5.1601  33.639896  33.642874    6.41864     2.2995 5.7735e+02    -0.0219     0.0000      98.78    97.1307     0.0780     174289         15  0.000e+00
    102.082    101.094     5.1573     5.1597  33.639896  33.642295    6.41870     2.2995 5.7735e+02    -0.0219     0.0000      98.78    97.1307     0.0780     174290         15  0.000e+00
    102.041    101.054     5.1572     5.1605  33.639713  33.642295    6.41868     2.2995 5.7535e+02    -0.0219     0.0000      98.78    97.1307     0.0780     174291         15  0.000e+00
    101.960    100.974     5.1568     5.1618  33.639774  33.641948    6.41866     2.2995 5.7535e+02    -0.0219     0.0000      98.78    97.1307     0.0780     174292         15  0.000e+00
    102.098    101.110     5.1574     5.1615  33.639713  33.641948    6.41871     2.2995 5.7535e+02    -0.0219     0.0000      98.78    97.1307     0.0780     174293         15  0.000e+00
    102.017    101.030     5.1581     5.1605  33.639896  33.642874    6.41854     2.2995 5.7535e+02    -0.0219     0.0000      98.78    97.1307     0.0780     174294         15  0.000e+00
    102.017    101.030     5.1584     5.1604  33.640566  33.642585    6.41848     2.2995 5.7535e+02    -0.0219     0.0000      98.75    97.1307     0.0780     174295         15  0.000e+00
    101.984    100.998     5.1585     5.1613  33.640383  33.642874    6.41844     2.2995 5.7535e+02    -0.0219     0.0000      98.78    97.1569     0.0780     174296         15  0.000e+00
    102.017    101.030     5.1585     5.1623  33.640017  33.643221    6.41849     2.2995 5.7334e+02    -0.0219     0.0000      98.78    97.1307     0.0780     174297         15  0.000e+00
    102.041    101.054     5.1574     5.1620  33.639469  33.643800    6.41866     2.2995 5.7334e+02    -0.0219     0.0000      98.78    97.1307     0.0780     174298         15  0.000e+00
    102.017    101.030     5.1569     5.1618  33.639469  33.643510    6.41871     2.2995 5.7334e+02    -0.0219     0.0000      98.78    97.1307     0.0780     174299         15  0.000e+00
    102.041    101.054     5.1565     5.1615  33.639408  33.643221    6.41877     2.2995 5.7535e+02    -0.0292     0.0000      98.78    97.1307     0.0780     174300         15  0.000e+00
    102.017    101.030     5.1571     5.1605  33.639469  33.643221    6.41868     2.2995 5.7134e+02    -0.0219     0.0000      98.75    97.1307     0.0780     174301         15  0.000e+00
    102.041    101.054     5.1572     5.1594  33.639408  33.642874    6.41869     2.2995 5.7334e+02    -0.0219     0.0000      98.78    97.1307     0.0780     174302         15  0.000e+00
    101.960    100.974     5.1563     5.1586  33.638920  33.641369    6.41876     2.2995 5.7334e+02    -0.0219     0.0000      98.75    97.1307     0.0780     174303         15  0.000e+00
    102.082    101.094     5.1557     5.1576  33.638921  33.639865    6.42334     2.3008 5.7134e+02    -0.0219     0.0000      98.78    97.1307     0.0780     174304         15  0.000e+00
    101.984    100.998     5.1550     5.1573  33.638311  33.639517    6.41896     2.2995 5.7134e+02    -0.0219     0.0000      98.78    97.1307     0.0780     174305         15  0.000e+00
    102.618    101.625     5.1555     5.1535  33.637947  33.636511    6.41937     2.2995 5.7134e+02    -0.0219     0.0000      98.78    97.1045     0.0780     174406         16  0.000e+00
    102.642    101.649     5.1553     5.1539  33.638069  33.636742    6.41940     2.2995 5.7134e+02    -0.0219     0.0000      98.78    97.1045     0.0780     174407         16  0.000e+00
    102.618    101.625     5.1553     5.1544  33.638069  33.636800    6.41496     2.2983 5.7134e+02    -0.0219     0.0000      98.78    97.1045     0.0780     174408         16  0.000e+00
    102.675    101.681     5.1553     5.1550  33.637704  33.637089    6.41944     2.2995 5.7134e+02    -0.0219     0.0000      98.75    97.1307     0.0780     174409         16  0.000e+00
    102.642    101.649     5.1555     5.1552  33.637947  33.636742    6.41939     2.2995 5.7134e+02    -0.0219     0.0000      98.78    97.1307     0.0780     174410         16  0.000e+00
    102.561    101.569     5.1553     5.1552  33.638069  33.638304    6.41491     2.2983 5.7134e+02    -0.0219     0.0000      98.78    97.1307     0.0780     174411         16  0.000e+00
    102.642    101.649     5.1555     5.1553  33.638069  33.637726    6.41496     2.2983 5.7134e+02    -0.0292     0.0000      98.78    97.1307     0.0780     174412         16  0.000e+00
    102.618    101.625     5.1553     5.1553  33.637886  33.637668    6.41497     2.2983 5.7134e+02    -0.0219     0.0000      98.78    97.1045     0.0780     174413         16  0.000e+00
    102.577    101.585     5.1557     5.1553  33.638191  33.638015    6.41487     2.2983 5.7134e+02    -0.0219     0.0000      98.75    97.0522     0.0780     174414         16  0.000e+00
    102.618    101.625     5.1562     5.1552  33.639044  33.637668    6.41038     2.2971 5.6934e+02    -0.0219     0.0000      98.75    97.0261     0.0780     174415         16  0.000e+00
    102.577    101.585     5.1564     5.1555  33.639715  33.638304    6.41470     2.2983 5.6934e+02    -0.0292     0.0000      98.78    97.0522     0.0780     174416         16  0.000e+00
    102.618    101.625     5.1567     5.1553  33.639715  33.638304    6.41470     2.2983 5.6934e+02    -0.0219     0.0000      98.78    97.0522     0.0780     174417         16  0.000e+00
    102.561    101.569     5.1568     5.1555  33.639897  33.638015    6.41464     2.2983 5.6934e+02    -0.0219     0.0000      98.78    97.0784     0.0780     174418         16  0.000e+00
    102.577    101.585     5.1570     5.1559  33.639958  33.638015    6.41461     2.2983 5.6733e+02    -0.0292     0.0000      98.78    97.0784     0.0780     174419         16  0.000e+00
    102.561    101.569     5.1569     5.1559  33.639715  33.638015    6.41462     2.2983 5.6733e+02    -0.0219     0.0000      98.78    97.1045     0.0780     174420         16  0.000e+00
    102.577    101.585     5.1569     5.1558  33.639410  33.638594    6.41466     2.2983 5.6533e+02    -0.0219     0.0000      98.78    97.1045     0.0780     174421         16  0.000e+00
    102.496    101.504     5.1569     5.1562  33.639714  33.638593    6.41457     2.2983 5.6533e+02    -0.0292     0.0000      98.75    97.1045     0.0780     174422         16  0.000e+00
    102.520    101.529     5.1568     5.1562  33.639471  33.638593    6.41462     2.2983 5.6533e+02    -0.0219     0.0000      98.75    97.1307     0.0780     174423         16  0.000e+00
    102.561    101.569     5.1564     5.1562  33.639105  33.638941    6.41472     2.2983 5.6533e+02    -0.0219     0.0000      98.75    97.1045     0.0780     174424         16  0.000e+00
    102.561    101.569     5.1563     5.1562  33.638556  33.638304    6.41476     2.2983 5.6533e+02    -0.0219     0.0000      98.78    97.1045     0.0780     174425         16  0.000e+00
    102.455    101.464     5.1559     5.1563  33.637825  33.638593    6.41475     2.2983 5.6332e+02    -0.0219     0.0000      98.78    97.1307     0.0780     174426         16  0.000e+00
    102.561    101.569     5.1555     5.1566  33.637703  33.638593    6.41047     2.2971 5.6332e+02    -0.0219     0.0000      98.78    97.1307     0.0780     174427         16  0.000e+00
    102.455    101.464     5.1561     5.1566  33.637947  33.638883    6.41472     2.2983 5.6332e+02    -0.0219     0.0000      98.78    97.1307     0.0780     174428         16  0.000e+00
    102.496    101.504     5.1568     5.1565  33.639166  33.638941    6.41461     2.2983 5.6132e+02    -0.0292     0.0000      98.75    97.1307     0.0780     174429         16  0.000e+00
    102.455    101.464     5.1570     5.1563  33.639775  33.638940    6.41451     2.2983 5.6332e+02    -0.0219     0.0000      98.78    97.1307     0.0780     174430         16  0.000e+00
    102.439    101.448     5.1572     5.1563  33.639714  33.639230    6.41006     2.2971 5.6132e+02    -0.0292     0.0000      98.78    97.1307     0.0780     174431         16  0.000e+00
    102.439    101.448     5.1574     5.1562  33.640019  33.638593    6.41002     2.2971 5.6132e+02    -0.0219     0.0000      98.78    97.1307     0.0780     174432         16  0.000e+00
    102.455    101.464     5.1574     5.1562  33.640202  33.639230    6.41003     2.2971 5.6132e+02    -0.0219     0.0000      98.78    97.1045     0.0780     174433         16  0.000e+00
    102.439    101.448     5.1578     5.1565  33.640385  33.638593    6.40996     2.2971 5.6332e+02    -0.0219     0.0000      98.78    97.1307     0.0780     174434         16  0.000e+00
    102.399    101.408     5.1580     5.1570  33.640567  33.638940    6.40988     2.2971 5.6332e+02    -0.0219     0.0000      98.78    97.1307     0.0780     174435         16  0.000e+00
