Ship_data/Irminger/Irminger-2/ctd/process/OOI/at30_013.cnv
* Sea-Bird SBE 9 Data File:
* FileName = C:\data\ctd\at30_013.hex
* Software Version Seasave V 7.21f
* Temperature SN = 2265
* Conductivity SN = 3021
* Number of Bytes Per Scan = 40
* Number of Voltage Words = 5
* Number of Scans Averaged by the Deck Unit = 1
* NMEA Latitude = 59 53.87 N
* NMEA Longitude = 039 34.33 W
* NMEA UTC (Time) = Aug 23 2015  21:20:25
** cal / val for SUMO 2
# nquan = 21
# nvalues = 1518                        
# units = specified
# name 0 = prDM: Pressure, Digiquartz [db]
# name 1 = depSM: Depth [salt water, m]
# name 2 = t090C: Temperature [ITS-90, deg C]
# name 3 = t190C: Temperature, 2 [ITS-90, deg C]
# name 4 = c0mS/cm: Conductivity [mS/cm]
# name 5 = c1mS/cm: Conductivity, 2 [mS/cm]
# name 6 = sbeox0ML/L: Oxygen, SBE 43 [ml/l]
# name 7 = sbeox0V: Oxygen raw, SBE 43 [V]
# name 8 = spar: SPAR/Surface Irradiance
# name 9 = flECO-AFL: Fluorescence, WET Labs ECO-AFL/FL [mg/m^3]
# name 10 = v2: Voltage 2
# name 11 = altM: Altimeter [m]
# name 12 = CStarTr0: Beam Transmission, WET Labs C-Star [%]
# name 13 = turbWETntu0: Turbidity, WET Labs ECO [NTU]
# name 14 = scan: Scan Count
# name 15 = sbeox0ML/L: Oxygen, SBE 43 [ml/l], WS = 2
# name 16 = sbeox0dOV/dT: Oxygen, SBE 43 [dov/dt], WS = 2
# name 17 = sal00: Salinity, Practical [PSU]
# name 18 = sal11: Salinity, Practical, 2 [PSU]
# name 19 = nbin: number of scans per bin
# name 20 = flag: flag
# span 0 =      4.000,   1522.000       
# span 1 =      3.962,   1502.178       
# span 2 =     3.4552,     8.4887       
# span 3 =     3.4559,     8.4894       
# span 4 =  32.479080,  36.568755       
# span 5 =  32.478967,  36.568745       
# span 6 =    5.99380,    6.79375       
# span 7 =     1.8586,     2.5253       
# span 8 = 2.2200e+01, 5.8266e+01       
# span 9 =    -0.0722,     1.8007       
# span 10 =     0.0000,     0.0000      
# span 11 =      82.64,      99.66      
# span 12 =    93.3670,    97.7997      
# span 13 =     0.0665,     0.1311      
# span 14 =       1571,     111666      
# span 15 =    5.99416,    6.79388      
# span 16 =    0.00000,    0.00000      
# span 17 =    34.8358,    35.0267      
# span 18 =    34.8357,    35.0272      
# span 19 =         26,        134      
# span 20 = 0.0000e+00, 0.0000e+00      
# interval = decibars: 2                
# start_time = Aug 23 2015 21:20:25 [NMEA time, header]
# bad_flag = -9.990e-29
*END*
[from data line 207]
    420.000    415.622     3.9059     3.9058  32.583285  32.583296    6.48143     2.1872 5.0369e+01    -0.0562     0.0000      98.73    97.6967     0.0726      18229    6.48122    0.00000    34.9074    34.9076         48 0.0000e+00
    422.000    417.598     3.9012     3.9011  32.579546  32.579732    6.48531     2.1875 5.0155e+01    -0.0603     0.0000      98.73    97.6843     0.0742      18283    6.48508    0.00000    34.9070    34.9072         63 0.0000e+00
    424.000    419.576     3.8888     3.8874  32.568402  32.567602    6.49079     2.1880 5.0625e+01    -0.0586     0.0000      98.73    97.6656     0.0748      18338    6.49064    0.00000    34.9058    34.9063         41 0.0000e+00
    426.000    421.553     3.8842     3.8840  32.564806  32.564851    6.49352     2.1880 5.0432e+01    -0.0585     0.0000      98.72    97.6956     0.0724      18372    6.49336    0.00000    34.9053    34.9056         32 0.0000e+00
    428.000    423.530     3.8833     3.8834  32.564790  32.564907    6.48575     2.1855 5.0315e+01    -0.0532     0.0000      98.73    97.6912     0.0730      18412    6.48559    0.00000    34.9052    34.9053         54 0.0000e+00
    430.000    425.507     3.8834     3.8835  32.565686  32.565577    6.48431     2.1847 5.0312e+01    -0.0623     0.0000      98.72    97.6977     0.0736      18476    6.48417    0.00000    34.9051    34.9049         62 0.0000e+00
    432.000    427.484     3.8833     3.8834  32.566671  32.566772    6.48526     2.1846 5.0341e+01    -0.0547     0.0000      98.73    97.6813     0.0734      18533    6.48509    0.00000    34.9053    34.9053         54 0.0000e+00
    434.000    429.461     3.8834     3.8834  32.567744  32.567823    6.48773     2.1847 5.0308e+01    -0.0559     0.0000      98.73    97.6694     0.0765      18581    6.48752    0.00000    34.9054    34.9055         42 0.0000e+00
    436.000    431.438     3.8832     3.8832  32.568637  32.568599    6.49061     2.1850 5.0382e+01    -0.0502     0.0000      98.73    97.6819     0.0724      18620    6.49035    0.00000    34.9056    34.9056         38 0.0000e+00
    438.000    433.415     3.8889     3.8891  32.575687  32.575918    6.48934     2.1846 5.0263e+01    -0.0558     0.0000      98.73    97.6721     0.0729      18659    6.48909    0.00000    34.9069    34.9069         42 0.0000e+00
    440.000    435.392     3.8900     3.8901  32.577687  32.577912    6.48428     2.1829 5.0213e+01    -0.0658     0.0000      98.73    97.7023     0.0723      18712    6.48414    0.00000    34.9070    34.9072         64 0.0000e+00
    442.000    437.369     3.8888     3.8894  32.577509  32.578170    6.48275     2.1820 5.0117e+01    -0.0567     0.0000      98.73    97.7021     0.0761      18774    6.48266    0.00000    34.9070    34.9072         57 0.0000e+00
    444.000    439.346     3.8848     3.8846  32.574470  32.574672    6.48250     2.1814 5.0235e+01    -0.0489     0.0000      98.72    97.7054     0.0742      18828    6.48244    0.00000    34.9066    34.9070         52 0.0000e+00
    446.000    441.323     3.8826     3.8826  32.573389  32.573461    6.48228     2.1808 5.0269e+01    -0.0554     0.0000      98.73    97.7136     0.0731      18875    6.48225    0.00000    34.9066    34.9066         40 0.0000e+00
    448.000    443.299     3.8824     3.8825  32.574404  32.574555    6.48169     2.1802 5.0172e+01    -0.0480     0.0000      98.73    97.7140     0.0727      18912    6.48168    0.00000    34.9069    34.9070         38 0.0000e+00
    450.000    445.276     3.8827     3.8827  32.575526  32.575669    6.47918     2.1791 5.0086e+01    -0.0523     0.0000      98.73    97.7096     0.0743      18959    6.47891    0.00000    34.9069    34.9070         58 0.0000e+00
    452.000    447.253     3.8819     3.8817  32.575859  32.575867    6.48001     2.1789 5.0305e+01    -0.0710     0.0000      98.73    97.7014     0.0744      19014    6.48014    0.00000    34.9071    34.9073         45 0.0000e+00
    454.000    449.230     3.8769     3.8769  32.571841  32.572139    6.48312     2.1790 5.0175e+01    -0.0510     0.0000      98.73    97.7177     0.0759      19052    6.48303    0.00000    34.9066    34.9069         35 0.0000e+00
    456.000    451.207     3.8769     3.8770  32.572711  32.573029    6.48006     2.1780 5.0184e+01    -0.0531     0.0000      98.72    97.7138     0.0713      19104    6.48055    0.00000    34.9065    34.9067         60 0.0000e+00
    458.000    453.183     3.8772     3.8771  32.574008  32.574132    6.47649     2.1764 5.0164e+01    -0.0635     0.0000      98.73    97.7209     0.0735      19203    6.47619    0.00000    34.9067    34.9069         42 0.0000e+00
    460.000    455.160     3.8769     3.8767  32.574699  32.574655    6.47901     2.1766 5.0325e+01    -0.0585     0.0000      98.73    97.7072     0.0705      19231    6.47877    0.00000    34.9067    34.9068         29 0.0000e+00
    462.000    457.137     3.8809     3.8811  32.579882  32.579961    6.47787     2.1761 5.0118e+01    -0.0503     0.0000      98.73    97.7241     0.0696      19259    6.47761    0.00000    34.9075    34.9075         27 0.0000e+00
    464.000    459.114     3.8855     3.8855  32.585898  32.585606    6.47559     2.1753 5.0118e+01    -0.0399     0.0000      98.73    97.7227     0.0741      19287    6.47537    0.00000    34.9087    34.9084         31 0.0000e+00
    466.000    461.091     3.8867     3.8865  32.588028  32.587956    6.46276     2.1717 5.0039e+01    -0.0538     0.0000      98.73    97.7187     0.0738      19350    6.46247    0.00000    34.9090    34.9091         78 0.0000e+00
    468.000    463.067     3.8841     3.8843  32.586546  32.586886    6.46518     2.1717 5.0084e+01    -0.0626     0.0000      98.73    97.7237     0.0711      19418    6.46469    0.00000    34.9088    34.9090         57 0.0000e+00
    470.000    465.044     3.8837     3.8839  32.587190  32.587466    6.46724     2.1717 5.0119e+01    -0.0584     0.0000      98.73    97.7223     0.0731      19467    6.46655    0.00000    34.9090    34.9092         41 0.0000e+00
    472.000    467.021     3.8824     3.8825  32.586847  32.587188    6.47101     2.1723 5.0171e+01    -0.0517     0.0000      98.73    97.7238     0.0708      19506    6.47074    0.00000    34.9089    34.9092         38 0.0000e+00
    474.000    468.997     3.8797     3.8800  32.585199  32.585637    6.47132     2.1719 5.0119e+01    -0.0560     0.0000      98.73    97.7318     0.0697      19547    6.47125    0.00000    34.9087    34.9089         46 0.0000e+00
    476.000    470.974     3.8779     3.8779  32.584292  32.584449    6.47494     2.1723 5.0081e+01    -0.0601     0.0000      98.72    97.7221     0.0733      19596    6.47482    0.00000    34.9086    34.9088         53 0.0000e+00
    478.000    472.951     3.8772     3.8773  32.584494  32.584682    6.47546     2.1719 4.9902e+01    -0.0559     0.0000      98.73    97.7325     0.0727      19652    6.47534    0.00000    34.9085    34.9086         56 0.0000e+00
    480.000    474.927     3.8769     3.8769  32.585165  32.585298    6.47896     2.1724 5.0163e+01    -0.0589     0.0000      98.73    97.7363     0.0711      19705    6.47900    0.00000    34.9085    34.9086         49 0.0000e+00
    482.000    476.904     3.8762     3.8762  32.585504  32.585607    6.48409     2.1729 4.9787e+01    -0.0513     0.0000      98.73    97.7214     0.0754      19751    6.48258    0.00000    34.9086    34.9087         43 0.0000e+00
    484.000    478.880     3.8760     3.8760  32.586083  32.586201    6.48241     2.1724 4.9985e+01    -0.0577     0.0000      98.73    97.7297     0.0722      19794    6.48239    0.00000    34.9085    34.9086         48 0.0000e+00
    486.000    480.857     3.8755     3.8756  32.586528  32.586716    6.48149     2.1717 4.9880e+01    -0.0546     0.0000      98.73    97.7118     0.0766      19852    6.48137    0.00000    34.9084    34.9086         60 0.0000e+00
    488.000    482.833     3.8709     3.8708  32.583135  32.583271    6.48363     2.1715 4.9980e+01    -0.0511     0.0000      98.73    97.7215     0.0721      19902    6.48328    0.00000    34.9082    34.9085         43 0.0000e+00
    490.000    484.810     3.8685     3.8685  32.581733  32.581909    6.48150     2.1705 5.0067e+01    -0.0540     0.0000      98.73    97.7315     0.0731      19942    6.48135    0.00000    34.9080    34.9082         39 0.0000e+00
    492.000    486.786     3.8670     3.8669  32.581166  32.581293    6.48116     2.1699 5.0028e+01    -0.0564     0.0000      98.73    97.7325     0.0712      19982    6.48103    0.00000    34.9079    34.9081         44 0.0000e+00
    494.000    488.763     3.8657     3.8657  32.580702  32.580829    6.47999     2.1693 4.9768e+01    -0.0546     0.0000      98.73    97.7324     0.0703      20040    6.48042    0.00000    34.9077    34.9078         69 0.0000e+00
    496.000    490.739     3.8643     3.8642  32.580318  32.580429    6.48273     2.1693 4.9985e+01    -0.0549     0.0000      98.73    97.7306     0.0755      20098    6.48257    0.00000    34.9077    34.9078         43 0.0000e+00
    498.000    492.716     3.8603     3.8604  32.577390  32.577727    6.48529     2.1694 4.9946e+01    -0.0641     0.0000      98.73    97.7296     0.0722      20135    6.48512    0.00000    34.9073    34.9076         35 0.0000e+00
    500.000    494.692     3.8578     3.8579  32.575803  32.576031    6.48215     2.1681 4.9719e+01    -0.0576     0.0000      98.73    97.7391     0.0707      20172    6.48208    0.00000    34.9071    34.9072         40 0.0000e+00
    502.000    496.668     3.8538     3.8525  32.572786  32.571701    6.47554     2.1657 4.9587e+01    -0.0597     0.0000      98.73    97.7288     0.0707      20225    6.47531    0.00000    34.9066    34.9067         74 0.0000e+00
    504.000    498.645     3.8484     3.8481  32.568389  32.568113    6.47346     2.1645 4.9637e+01    -0.0543     0.0000      98.73    97.7204     0.0699      20303    6.47328    0.00000    34.9061    34.9061         62 0.0000e+00
    506.000    500.621     3.8446     3.8445  32.565544  32.565754    6.48100     2.1659 4.9853e+01    -0.0491     0.0000      98.73    97.7297     0.0756      20348    6.48103    0.00000    34.9056    34.9060         37 0.0000e+00
    508.000    502.597     3.8427     3.8425  32.564551  32.564414    6.48520     2.1664 4.9632e+01    -0.0512     0.0000      98.73    97.7427     0.0731      20382    6.48514    0.00000    34.9054    34.9055         33 0.0000e+00
    510.000    504.574     3.8421     3.8421  32.564803  32.564948    6.48457     2.1658 4.9862e+01    -0.0585     0.0000      98.72    97.7410     0.0727      20417    6.48454    0.00000    34.9053    34.9054         41 0.0000e+00
    512.000    506.550     3.8393     3.8390  32.562878  32.562658    6.48266     2.1647 4.9543e+01    -0.0649     0.0000      98.73    97.7477     0.0749      20480    6.48250    0.00000    34.9049    34.9050         78 0.0000e+00
    514.000    508.526     3.8334     3.8336  32.558014  32.558237    6.48855     2.1656 4.9476e+01    -0.0582     0.0000      98.73    97.7454     0.0731      20543    6.48848    0.00000    34.9043    34.9045         50 0.0000e+00
    516.000    510.503     3.8299     3.8300  32.555500  32.555757    6.48928     2.1652 4.9521e+01    -0.0587     0.0000      98.72    97.7365     0.0697      20591    6.48921    0.00000    34.9040    34.9042         47 0.0000e+00
    518.000    512.479     3.8260     3.8262  32.552495  32.552788    6.48836     2.1643 4.9593e+01    -0.0530     0.0000      98.73    97.7492     0.0694      20635    6.48828    0.00000    34.9035    34.9037         42 0.0000e+00
    520.000    514.455     3.8238     3.8239  32.551187  32.551397    6.48698     2.1635 4.9337e+01    -0.0573     0.0000      98.73    97.7517     0.0731      20679    6.48698    0.00000    34.9032    34.9034         46 0.0000e+00
    522.000    516.431     3.8228     3.8228  32.551044  32.551154    6.48531     2.1625 4.9573e+01    -0.0612     0.0000      98.73    97.7519     0.0708      20726    6.48514    0.00000    34.9031    34.9032         48 0.0000e+00
    524.000    518.407     3.8219     3.8219  32.551069  32.551169    6.48736     2.1626 4.9571e+01    -0.0571     0.0000      98.73    97.7424     0.0730      20777    6.48717    0.00000    34.9030    34.9031         55 0.0000e+00
    526.000    520.383     3.8206     3.8207  32.550715  32.550829    6.48834     2.1624 4.9369e+01    -0.0603     0.0000      98.73    97.7498     0.0734      20835    6.48827    0.00000    34.9029    34.9029         59 0.0000e+00
    528.000    522.360     3.8189     3.8190  32.550004  32.550262    6.48496     2.1610 4.8975e+01    -0.0629     0.0000      98.73    97.7446     0.0715      20889    6.48472    0.00000    34.9028    34.9030         46 0.0000e+00
    530.000    524.336     3.8184     3.8184  32.550376  32.550396    6.48592     2.1607 4.9399e+01    -0.0592     0.0000      98.73    97.7444     0.0731      20930    6.48563    0.00000    34.9027    34.9028         39 0.0000e+00
    532.000    526.312     3.8162     3.8161  32.549067  32.549211    6.48439     2.1598 4.9335e+01    -0.0628     0.0000      98.73    97.7467     0.0718      20971    6.48414    0.00000    34.9024    34.9027         46 0.0000e+00
    534.000    528.288     3.8144     3.8141  32.548075  32.547954    6.48538     2.1596 4.9169e+01    -0.0539     0.0000      98.73    97.7483     0.0698      21023    6.48520    0.00000    34.9021    34.9023         55 0.0000e+00
    536.000    530.264     3.8114     3.8114  32.546168  32.546310    6.48651     2.1596 4.9115e+01    -0.0611     0.0000      98.73    97.7469     0.0719      21077    6.48739    0.00000    34.9019    34.9021         52 0.0000e+00
    538.000    532.240     3.8085     3.8086  32.544191  32.544335    6.48927     2.1596 4.8913e+01    -0.0587     0.0000      98.73    97.7495     0.0750      21130    6.48973    0.00000    34.9016    34.9017         55 0.0000e+00
    540.000    534.216     3.8056     3.8055  32.542160  32.542303    6.49192     2.1596 4.8665e+01    -0.0549     0.0000      98.73    97.7557     0.0734      21182    6.49197    0.00000    34.9012    34.9015         47 0.0000e+00
    542.000    536.192     3.8031     3.8031  32.540674  32.540815    6.49307     2.1593 4.8976e+01    -0.0572     0.0000      98.73    97.7437     0.0710      21226    6.49301    0.00000    34.9010    34.9012         44 0.0000e+00
    544.000    538.168     3.8041     3.8029  32.542691  32.541570    6.49418     2.1592 4.9163e+01    -0.0543     0.0000      98.73    97.7528     0.0702      21269    6.49408    0.00000    34.9013    34.9013         42 0.0000e+00
    546.000    540.144     3.8002     3.8000  32.539630  32.539590    6.49134     2.1576 4.8673e+01    -0.0600     0.0000      98.73    97.7372     0.0737      21313    6.49014    0.00000    34.9008    34.9010         48 0.0000e+00
    548.000    542.120     3.7986     3.7988  32.538924  32.539033    6.49043     2.1572 4.8468e+01    -0.0617     0.0000      98.73    97.7286     0.0721      21372    6.49038    0.00000    34.9005    34.9005         68 0.0000e+00
    550.000    544.096     3.7953     3.7953  32.536630  32.536779    6.49275     2.1572 4.8822e+01    -0.0702     0.0000      98.73    97.7255     0.0721      21433    6.49266    0.00000    34.9002    34.9005         49 0.0000e+00
    552.000    546.072     3.7957     3.7959  32.538102  32.538229    6.49553     2.1572 4.8603e+01    -0.0555     0.0000      98.73    97.7491     0.0731      21476    6.49432    0.00000    34.9005    34.9005         41 0.0000e+00
    554.000    548.048     3.7963     3.7963  32.539684  32.539644    6.49620     2.1573 4.8667e+01    -0.0502     0.0000      98.73    97.7463     0.0753      21519    6.49610    0.00000    34.9007    34.9007         47 0.0000e+00
