Ship_data/Irminger/Irminger-2/ctd/process/OOI/at30_004.ros
* Sea-Bird SBE 9 Data File:
* FileName = C:\data\ctd\at30_004.hex
* Software Version Seasave V 7.21f
* Temperature SN = 2265
* Conductivity SN = 3021
* Number of Bytes Per Scan = 40
* Number of Voltage Words = 5
* Number of Scans Averaged by the Deck Unit = 1
* NMEA Latitude = 59 57.06 N
* NMEA Longitude = 039 25.14 W
* NMEA UTC (Time) = Aug 14 2015  14:16:48
# nquan = 17
# nvalues = 539                                   
# units = specified
# name 0 = prDM: Pressure, Digiquartz [db]
# name 1 = depSM: Depth [salt water, m]
# name 2 = t090C: Temperature [ITS-90, deg C]
# name 3 = t190C: Temperature, 2 [ITS-90, deg C]
# name 4 = c0mS/cm: Conductivity [mS/cm]
# name 5 = c1mS/cm: Conductivity, 2 [mS/cm]
# name 6 = sbeox0ML/L: Oxygen, SBE 43 [ml/l]
# name 7 = sbeox0V: Oxygen raw, SBE 43 [V]
# name 8 = spar: SPAR/Surface Irradiance
# name 9 = flECO-AFL: Fluorescence, WET Labs ECO-AFL/FL [mg/m^3]
# name 10 = v2: Voltage 2
# name 11 = altM: Altimeter [m]
# name 12 = CStarTr0: Beam Transmission, WET Labs C-Star [%]
# name 13 = turbWETntu0: Turbidity, WET Labs ECO [NTU]
# name 14 = scan: Scan Count
# name 15 = nbf: Bottles Fired
# name 16 = flag:  0.000e+00
# interval = seconds: 0.0416667
# start_time = Aug 14 2015 14:16:48 [NMEA time, header]
# bad_flag = -9.990e-29
*END*
[from data line 86]
   1014.493   1002.483     3.4350     3.4354  32.387238  32.387747    6.59325     2.0694 3.5283e+02    -0.0219     0.0000      98.78    97.3138     0.0780     138037          2  0.000e+00
   1014.567   1002.557     3.4349     3.4355  32.387298  32.387120    6.59332     2.0694 3.5082e+02    -0.0219     0.0000      98.78    97.3138     0.0780     138038          2  0.000e+00
   1014.559   1002.549     3.4348     3.4353  32.387298  32.387405    6.59332     2.0694 3.5082e+02    -0.0219     0.0000      98.78    97.3138     0.0780     138039          2  0.000e+00
   1014.493   1002.484     3.4347     3.4357  32.387058  32.387405    6.59329     2.0694 3.5082e+02    -0.0292     0.0000      98.78    97.3138     0.0780     138040          2  0.000e+00
   1014.559   1002.549     3.4348     3.4356  32.386817  32.387748    6.59860     2.0706 3.5283e+02    -0.0219     0.0000      98.78    97.3138     0.0780     138041          2  0.000e+00
   1014.510   1002.500     3.4347     3.4355  32.387118  32.388033    6.59331     2.0694 3.5283e+02    -0.0219     0.0000      98.78    97.3138     0.0780     138042          2  0.000e+00
   1014.493   1002.484     3.4349     3.4356  32.387058  32.387405    6.57752     2.0657 3.5283e+02    -0.0292     0.0000      98.78    97.3138     0.0780     138043          2  0.000e+00
   1014.435   1002.427     3.4348     3.4354  32.386937  32.387405    6.59323     2.0694 3.5283e+02    -0.0219     0.0000      98.78    97.3138     0.0780     138044          2  0.000e+00
   1014.493   1002.484     3.4347     3.4354  32.386817  32.387747    6.59330     2.0694 3.5283e+02    -0.0219     0.0000      98.78    97.3138     0.0780     138045          2  0.000e+00
   1014.444   1002.435     3.4347     3.4354  32.386877  32.387747    6.59326     2.0694 3.5283e+02    -0.0219     0.0000      98.78    97.3138     0.0780     138046          2  0.000e+00
   1014.493   1002.484     3.4347     3.4352  32.386937  32.387747    6.59330     2.0694 3.5283e+02    -0.0219     0.0000      98.78    97.3138     0.0780     138047          2  0.000e+00
   1014.436   1002.427     3.4341     3.4353  32.386757  32.387405    6.59334     2.0694 3.5283e+02    -0.0219     0.0000      98.78    97.3138     0.0780     138048          2  0.000e+00
    507.061    501.667     3.6585     3.6583  32.385221  32.385239    6.61794     2.1916 3.7688e+02    -0.0219     0.0000      98.78    97.2353     0.0780     153938          3  0.000e+00
    507.118    501.724     3.6583     3.6580  32.385401  32.385524    6.61800     2.1916 3.7688e+02    -0.0219     0.0000      98.78    97.2353     0.0780     153939          3  0.000e+00
    507.191    501.796     3.6583     3.6578  32.385402  32.384954    6.61807     2.1916 3.7688e+02    -0.0219     0.0000      98.78    97.2615     0.0780     153940          3  0.000e+00
    507.118    501.724     3.6581     3.6578  32.385341  32.384954    6.61316     2.1904 3.7688e+02    -0.0219     0.0000      85.27    97.2877     0.0780     153941          3  0.000e+00
    507.183    501.788     3.6581     3.6576  32.385402  32.384954    6.62294     2.1928 3.7688e+02    -0.0292     0.0000      58.80    97.3138     0.0780     153942          3  0.000e+00
    507.257    501.861     3.6581     3.6575  32.385582  32.384669    6.62300     2.1928 3.7688e+02    -0.0219     0.0000      50.26    97.3400     0.0780     153943          3  0.000e+00
    507.183    501.788     3.6580     3.6579  32.384981  32.384669    6.62298     2.1928 3.7488e+02    -0.0219     0.0000      50.62    97.3400     0.0780     153944          3  0.000e+00
    507.240    501.845     3.6576     3.6580  32.384741  32.384669    6.62309     2.1928 3.7688e+02    -0.0219     0.0000      51.84    97.2877     0.0780     153945          3  0.000e+00
    507.257    501.861     3.6570     3.6580  32.383960  32.384954    6.62324     2.1928 3.7488e+02    -0.0219     0.0000      52.23    97.3138     0.0780     153946          3  0.000e+00
    507.298    501.901     3.6557     3.6565  32.382939  32.385239    6.62349     2.1928 3.7488e+02    -0.0219     0.0000      52.21    97.2877     0.0780     153947          3  0.000e+00
    507.298    501.901     3.6551     3.6551  32.382519  32.384669    6.62360     2.1928 3.7488e+02    -0.0219     0.0000      52.16    97.2877     0.0780     153948          3  0.000e+00
    507.371    501.974     3.6547     3.6540  32.381738  32.382844    6.62376     2.1928 3.7488e+02    -0.0292     0.0000      52.14    97.2615     0.0780     153949          3  0.000e+00
    507.298    501.901     3.6545     3.6530  32.381558  32.381989    6.62859     2.1940 3.7488e+02    -0.0219     0.0000      52.14    97.2353     0.0780     153950          3  0.000e+00
    507.363    501.966     3.6542     3.6528  32.381318  32.381076    6.62384     2.1928 3.7488e+02    -0.0292     0.0000      52.14    97.2615     0.0780     153951          3  0.000e+00
    507.437    502.039     3.6542     3.6530  32.381018  32.379879    6.62392     2.1928 3.7488e+02    -0.0219     0.0000      52.14    97.2877     0.0780     153952          3  0.000e+00
    507.420    502.023     3.6540     3.6526  32.381078  32.380221    6.62879     2.1940 3.7488e+02    -0.0219     0.0000      52.14    97.3138     0.0780     153953          3  0.000e+00
    507.486    502.087     3.6540     3.6527  32.381258  32.380221    6.62397     2.1928 3.7488e+02    -0.0219     0.0000      52.14    97.3400     0.0780     153954          3  0.000e+00
    507.437    502.039     3.6540     3.6537  32.381258  32.379594    6.62393     2.1928 3.7488e+02    -0.0292     0.0000      52.14    97.3400     0.0780     153955          3  0.000e+00
    507.486    502.087     3.6543     3.6537  32.381378  32.380221    6.62392     2.1928 3.7488e+02    -0.0292     0.0000      52.14    97.3400     0.0780     153956          3  0.000e+00
    507.486    502.087     3.6543     3.6543  32.382039  32.380791    6.61416     2.1904 3.7287e+02    -0.0219     0.0000      69.62    97.3400     0.0780     153957          3  0.000e+00
    507.559    502.160     3.6547     3.6544  32.381679  32.381362    6.61420     2.1904 3.7287e+02    -0.0219     0.0000      94.14    97.3400     0.0780     153958          3  0.000e+00
    507.600    502.200     3.6540     3.6540  32.381499  32.381704    6.61433     2.1904 3.7287e+02    -0.0219     0.0000     100.00    97.3400     0.0780     153959          3  0.000e+00
    507.600    502.200     3.6532     3.6535  32.381078  32.381990    6.61446     2.1904 3.7488e+02    -0.0219     0.0000      99.56    97.3400     0.0780     153960          3  0.000e+00
    507.617    502.217     3.6530     3.6528  32.380358  32.381077    6.61453     2.1904 3.7287e+02    -0.0219     0.0000      98.97    97.3661     0.0780     153961          3  0.000e+00
    507.666    502.265     3.6526     3.6527  32.380118  32.380507    6.61951     2.1916 3.7287e+02    -0.0292     0.0000      98.66    97.3661     0.0780     153962          3  0.000e+00
    507.666    502.265     3.6524     3.6524  32.380058  32.380222    6.61467     2.1904 3.7287e+02    -0.0219     0.0000      98.71    97.3661     0.0780     153963          3  0.000e+00
    507.723    502.322     3.6523     3.6522  32.379637  32.379880    6.61963     2.1916 3.7488e+02    -0.0219     0.0000      98.75    97.3661     0.0780     153964          3  0.000e+00
    507.739    502.338     3.6524     3.6520  32.379938  32.380222    6.61474     2.1904 3.7287e+02    -0.0292     0.0000      98.78    97.3661     0.0780     153965          3  0.000e+00
    507.723    502.322     3.6523     3.6519  32.380118  32.379595    6.61474     2.1904 3.7287e+02    -0.0219     0.0000      98.75    97.3661     0.0780     153966          3  0.000e+00
    507.780    502.378     3.6523     3.6520  32.380238  32.379310    6.62937     2.1940 3.7287e+02    -0.0219     0.0000      98.78    97.3400     0.0780     153967          3  0.000e+00
    507.796    502.394     3.6521     3.6522  32.379758  32.380222    6.61484     2.1904 3.7287e+02    -0.0219     0.0000      98.78    97.3400     0.0780     153968          3  0.000e+00
    507.903    502.499     3.6523     3.6520  32.379878  32.379310    6.61977     2.1916 3.7488e+02    -0.0292     0.0000      98.78    97.3400     0.0780     153969          3  0.000e+00
    507.846    502.443     3.6524     3.6520  32.380058  32.379880    6.61969     2.1916 3.7488e+02    -0.0219     0.0000      98.78    97.3400     0.0780     153970          3  0.000e+00
    507.919    502.516     3.6523     3.6520  32.380058  32.379881    6.61977     2.1916 3.7287e+02    -0.0292     0.0000      98.75    97.3400     0.0780     153971          3  0.000e+00
    508.025    502.621     3.6524     3.6520  32.380059  32.379596    6.61984     2.1916 3.7287e+02    -0.0292     0.0000      98.78    97.3661     0.0780     153972          3  0.000e+00
    507.903    502.499     3.6523     3.6517  32.379878  32.379880    6.61977     2.1916 3.7287e+02    -0.0219     0.0000      98.78    97.3661     0.0780     153973          3  0.000e+00
    507.976    502.572     3.6519     3.6514  32.379939  32.379596    6.61501     2.1904 3.7287e+02    -0.0219     0.0000      98.78    97.3661     0.0780     153974          3  0.000e+00
    508.083    502.677     3.6518     3.6511  32.379158  32.379026    6.62003     2.1916 3.7287e+02    -0.0219     0.0000      98.78    97.3661     0.0780     153975          3  0.000e+00
    508.025    502.621     3.6511     3.6509  32.378918  32.379311    6.61521     2.1904 3.7287e+02    -0.0219     0.0000      98.78    97.3661     0.0780     153976          3  0.000e+00
    508.099    502.693     3.6511     3.6508  32.379098  32.378684    6.62013     2.1916 3.7287e+02    -0.0219     0.0000      98.78    97.3661     0.0780     153977          3  0.000e+00
    508.148    502.742     3.6507     3.6509  32.379158  32.378398    6.62023     2.1916 3.7087e+02    -0.0219     0.0000      98.78    97.3661     0.0780     153978          3  0.000e+00
    508.148    502.742     3.6508     3.6508  32.378798  32.378398    6.62023     2.1916 3.7087e+02    -0.0219     0.0000      98.78    97.3661     0.0780     153979          3  0.000e+00
    508.164    502.758     3.6508     3.6508  32.378798  32.378456    6.62024     2.1916 3.6886e+02    -0.0219     0.0000      98.78    97.3661     0.0780     153980          3  0.000e+00
    508.205    502.798     3.6507     3.6503  32.378438  32.378399    6.62031     2.1916 3.7087e+02    -0.0219     0.0000      98.78    97.3661     0.0780     153981          3  0.000e+00
    508.271    502.863     3.6505     3.6503  32.378438  32.378114    6.61553     2.1904 3.7087e+02    -0.0292     0.0000      98.78    97.3661     0.0780     153982          3  0.000e+00
    508.222    502.814     3.6504     3.6500  32.378438  32.378114    6.62037     2.1916 3.7287e+02    -0.0219     0.0000      98.78    97.3661     0.0780     153983          3  0.000e+00
    508.328    502.919     3.6500     3.6501  32.378078  32.377829    6.62053     2.1916 3.7287e+02    -0.0219     0.0000      98.78    97.3661     0.0780     153984          3  0.000e+00
    508.328    502.920     3.6497     3.6500  32.377778  32.378114    6.62058     2.1916 3.7087e+02    -0.0219     0.0000      98.78    97.3661     0.0780     153985          3  0.000e+00
    508.328    502.920     3.6498     3.6498  32.377717  32.377544    6.62543     2.1928 3.7087e+02    -0.0219     0.0000      98.78    97.3661     0.0780     153986          3  0.000e+00
    253.542    250.998     3.9156     3.9141  32.517142  32.515709    6.50108     2.2292 3.4882e+02    -0.0219     0.0000      98.78    97.2353     0.0780     163384          4  0.000e+00
    253.591    251.047     3.9155     3.9141  32.516962  32.516109    6.50114     2.2292 3.4882e+02    -0.0292     0.0000      98.75    97.2353     0.0780     163385          4  0.000e+00
    253.469    250.926     3.9156     3.9141  32.516841  32.515709    6.50103     2.2292 3.4882e+02    -0.0219     0.0000      98.78    97.2092     0.0780     163386          4  0.000e+00
    253.542    250.998     3.9155     3.9141  32.516841  32.515709    6.50111     2.2292 3.4882e+02    -0.0219     0.0000      98.78    97.2092     0.0780     163387          4  0.000e+00
    253.591    251.047     3.9156     3.9141  32.516841  32.516109    6.50114     2.2292 3.4882e+02    -0.0219     0.0000      98.78    97.2092     0.0780     163388          4  0.000e+00
    253.542    250.999     3.9150     3.9136  32.516600  32.515423    6.50118     2.2292 3.4882e+02    -0.0219     0.0000      98.78    97.2092     0.0780     163389          4  0.000e+00
    253.591    251.047     3.9153     3.9139  32.516721  32.515195    6.50118     2.2292 3.4882e+02    -0.0219     0.0000      98.78    97.2092     0.0780     163390          4  0.000e+00
    253.526    250.982     3.9151     3.9138  32.516841  32.515709    6.50114     2.2292 3.4681e+02    -0.0292     0.0000      98.78    97.2092     0.0780     163391          4  0.000e+00
    253.599    251.055     3.9151     3.9139  32.516661  32.514909    6.50121     2.2292 3.4882e+02    -0.0292     0.0000      98.78    97.2092     0.0780     163392          4  0.000e+00
    253.591    251.047     3.9151     3.9144  32.516360  32.515424    6.50122     2.2292 3.4882e+02    -0.0219     0.0000      98.78    97.2092     0.0780     163393          4  0.000e+00
    253.599    251.055     3.9150     3.9147  32.516420  32.515709    6.50123     2.2292 3.4882e+02    -0.0219     0.0000      98.78    97.2353     0.0780     163394          4  0.000e+00
    253.648    251.103     3.9150     3.9149  32.516541  32.516109    6.50127     2.2292 3.4882e+02    -0.0219     0.0000      98.78    97.2092     0.0780     163395          4  0.000e+00
    253.591    251.047     3.9146     3.9147  32.516360  32.516623    6.50594     2.2304 3.4882e+02    -0.0292     0.0000      98.78    97.2092     0.0780     163396          4  0.000e+00
    253.599    251.055     3.9145     3.9146  32.516240  32.516680    6.49665     2.2280 3.4882e+02    -0.0219     0.0000      98.78    97.2092     0.0780     163397          4  0.000e+00
    253.648    251.103     3.9145     3.9146  32.515999  32.516052    6.50603     2.2304 3.4882e+02    -0.0219     0.0000      98.78    97.2092     0.0780     163398          4  0.000e+00
    253.599    251.055     3.9145     3.9144  32.515939  32.516395    6.50132     2.2292 3.4681e+02    -0.0219     0.0000      98.78    97.1830     0.0780     163399          4  0.000e+00
    253.648    251.103     3.9144     3.9139  32.516180  32.516052    6.50137     2.2292 3.4882e+02    -0.0292     0.0000      98.78    97.2092     0.0780     163400          4  0.000e+00
    253.648    251.104     3.9140     3.9139  32.516059  32.515481    6.50142     2.2292 3.4882e+02    -0.0219     0.0000      98.78    97.2092     0.0780     163401          4  0.000e+00
    253.656    251.112     3.9144     3.9138  32.515819  32.515709    6.50139     2.2292 3.4882e+02    -0.0219     0.0000      98.78    97.2092     0.0780     163402          4  0.000e+00
    253.648    251.104     3.9144     3.9136  32.515698  32.515424    6.50139     2.2292 3.4882e+02    -0.0219     0.0000      98.78    97.2353     0.0780     163403          4  0.000e+00
    253.656    251.112     3.9142     3.9135  32.515699  32.515195    6.50141     2.2292 3.4882e+02    -0.0219     0.0000      98.78    97.2353     0.0780     163404          4  0.000e+00
    253.591    251.047     3.9144     3.9136  32.515698  32.515138    6.50134     2.2292 3.4882e+02    -0.0292     0.0000      98.78    97.2353     0.0780     163405          4  0.000e+00
    253.648    251.104     3.9140     3.9144  32.515879  32.515195    6.50608     2.2304 3.4882e+02    -0.0219     0.0000      98.78    97.2353     0.0804     163406          4  0.000e+00
