Ship_data/Irminger/Irminger-2/ctd/process/OOI/at30_013.cnv
* Sea-Bird SBE 9 Data File:
* FileName = C:\data\ctd\at30_013.hex
* Software Version Seasave V 7.21f
* Temperature SN = 2265
* Conductivity SN = 3021
* Number of Bytes Per Scan = 40
* Number of Voltage Words = 5
* Number of Scans Averaged by the Deck Unit = 1
* NMEA Latitude = 59 53.87 N
* NMEA Longitude = 039 34.33 W
* NMEA UTC (Time) = Aug 23 2015  21:20:25
** cal / val for SUMO 2
# nquan = 21
# nvalues = 1518                        
# units = specified
# name 0 = prDM: Pressure, Digiquartz [db]
# name 1 = depSM: Depth [salt water, m]
# name 2 = t090C: Temperature [ITS-90, deg C]
# name 3 = t190C: Temperature, 2 [ITS-90, deg C]
# name 4 = c0mS/cm: Conductivity [mS/cm]
# name 5 = c1mS/cm: Conductivity, 2 [mS/cm]
# name 6 = sbeox0ML/L: Oxygen, SBE 43 [ml/l]
# name 7 = sbeox0V: Oxygen raw, SBE 43 [V]
# name 8 = spar: SPAR/Surface Irradiance
# name 9 = flECO-AFL: Fluorescence, WET Labs ECO-AFL/FL [mg/m^3]
# name 10 = v2: Voltage 2
# name 11 = altM: Altimeter [m]
# name 12 = CStarTr0: Beam Transmission, WET Labs C-Star [%]
# name 13 = turbWETntu0: Turbidity, WET Labs ECO [NTU]
# name 14 = scan: Scan Count
# name 15 = sbeox0ML/L: Oxygen, SBE 43 [ml/l], WS = 2
# name 16 = sbeox0dOV/dT: Oxygen, SBE 43 [dov/dt], WS = 2
# name 17 = sal00: Salinity, Practical [PSU]
# name 18 = sal11: Salinity, Practical, 2 [PSU]
# name 19 = nbin: number of scans per bin
# name 20 = flag: flag
# span 0 =      4.000,   1522.000       
# span 1 =      3.962,   1502.178       
# span 2 =     3.4552,     8.4887       
# span 3 =     3.4559,     8.4894       
# span 4 =  32.479080,  36.568755       
# span 5 =  32.478967,  36.568745       
# span 6 =    5.99380,    6.79375       
# span 7 =     1.8586,     2.5253       
# span 8 = 2.2200e+01, 5.8266e+01       
# span 9 =    -0.0722,     1.8007       
# span 10 =     0.0000,     0.0000      
# span 11 =      82.64,      99.66      
# span 12 =    93.3670,    97.7997      
# span 13 =     0.0665,     0.1311      
# span 14 =       1571,     111666      
# span 15 =    5.99416,    6.79388      
# span 16 =    0.00000,    0.00000      
# span 17 =    34.8358,    35.0267      
# span 18 =    34.8357,    35.0272      
# span 19 =         26,        134      
# span 20 = 0.0000e+00, 0.0000e+00      
# interval = decibars: 2                
# start_time = Aug 23 2015 21:20:25 [NMEA time, header]
# bad_flag = -9.990e-29
*END*
[from data line 276]
    558.000    551.999     3.7968     3.7969  32.542019  32.542239    6.49746     2.1568 4.8777e+01    -0.0578     0.0000      98.73    97.7160     0.0736      21610    6.49770    0.00000    34.9009    34.9010         42 0.0000e+00
    560.000    553.975     3.7892     3.7895  32.535431  32.536006    6.49714     2.1559 4.8349e+01    -0.0617     0.0000      98.73    97.7441     0.0731      21657    6.49690    0.00000    34.9001    34.9004         56 0.0000e+00
    562.000    555.951     3.7886     3.7878  32.535575  32.534886    6.49475     2.1547 4.8396e+01    -0.0545     0.0000      98.73    97.7545     0.0707      21731    6.49417    0.00000    34.8998    34.8998         79 0.0000e+00
    564.000    557.927     3.7886     3.7887  32.536704  32.536906    6.49708     2.1549 4.8315e+01    -0.0551     0.0000      98.73    97.7472     0.0707      21789    6.49637    0.00000    34.9001    34.9002         39 0.0000e+00
    566.000    559.903     3.7880     3.7878  32.537074  32.536929    6.49996     2.1553 4.8602e+01    -0.0634     0.0000      98.73    97.7541     0.0706      21821    6.49973    0.00000    34.9001    34.9002         29 0.0000e+00
    568.000    561.878     3.7844     3.7851  32.534430  32.535183    6.49940     2.1546 4.8375e+01    -0.0604     0.0000      98.73    97.7423     0.0725      21850    6.49927    0.00000    34.8997    34.8999         31 0.0000e+00
    570.000    563.854     3.7823     3.7826  32.533237  32.533730    6.49515     2.1529 4.8640e+01    -0.0552     0.0000      98.73    97.7444     0.0718      21887    6.49493    0.00000    34.8994    34.8997         48 0.0000e+00
    572.000    565.830     3.7827     3.7824  32.534317  32.534270    6.49767     2.1532 4.8411e+01    -0.0571     0.0000      98.73    97.7500     0.0720      21971    6.49745    0.00000    34.8993    34.8995         77 0.0000e+00
    574.000    567.805     3.7784     3.7784  32.531148  32.531252    6.50232     2.1537 4.8221e+01    -0.0550     0.0000      98.73    97.7448     0.0707      22036    6.50208    0.00000    34.8990    34.8991         36 0.0000e+00
    576.000    569.781     3.7774     3.7770  32.530993  32.530934    6.50364     2.1537 4.8294e+01    -0.0513     0.0000      98.73    97.7428     0.0707      22068    6.50384    0.00000    34.8989    34.8992         33 0.0000e+00
    578.000    571.757     3.7739     3.7739  32.528423  32.528424    6.50146     2.1524 4.8427e+01    -0.0510     0.0000      98.73    97.7443     0.0716      22104    6.50148    0.00000    34.8984    34.8985         38 0.0000e+00
    580.000    573.732     3.7740     3.7740  32.529582  32.529679    6.50307     2.1524 4.8165e+01    -0.0629     0.0000      98.73    97.7512     0.0724      22145    6.50275    0.00000    34.8987    34.8987         45 0.0000e+00
    582.000    575.708     3.7745     3.7746  32.531036  32.531168    6.50516     2.1525 4.8175e+01    -0.0546     0.0000      98.73    97.7442     0.0713      22200    6.50469    0.00000    34.8988    34.8988         64 0.0000e+00
    584.000    577.684     3.7777     3.7776  32.535388  32.535323    6.50534     2.1525 4.8277e+01    -0.0533     0.0000      98.73    97.7446     0.0705      22265    6.50568    0.00000    34.8995    34.8996         62 0.0000e+00
    586.000    579.659     3.7764     3.7762  32.535148  32.534838    6.50358     2.1514 4.8156e+01    -0.0644     0.0000      98.73    97.7560     0.0718      22317    6.50357    0.00000    34.8995    34.8994         43 0.0000e+00
    588.000    581.635     3.7770     3.7771  32.536783  32.536898    6.50404     2.1512 4.8258e+01    -0.0647     0.0000      98.73    97.7481     0.0771      22357    6.50402    0.00000    34.8998    34.8998         41 0.0000e+00
    590.000    583.610     3.7753     3.7751  32.536035  32.535816    6.50184     2.1501 4.8115e+01    -0.0559     0.0000      98.73    97.7532     0.0727      22405    6.50155    0.00000    34.8996    34.8996         55 0.0000e+00
    592.000    585.586     3.7699     3.7703  32.531503  32.532225    6.50163     2.1493 4.8157e+01    -0.0603     0.0000      98.73    97.7586     0.0715      22457    6.50136    0.00000    34.8990    34.8994         46 0.0000e+00
    594.000    587.562     3.7627     3.7627  32.525165  32.525398    6.50475     2.1496 4.8160e+01    -0.0539     0.0000      98.73    97.7448     0.0709      22501    6.50527    0.00000    34.8980    34.8983         43 0.0000e+00
    596.000    589.537     3.7603     3.7606  32.523619  32.524013    6.50967     2.1501 4.8075e+01    -0.0547     0.0000      98.73    97.7439     0.0706      22546    6.50951    0.00000    34.8976    34.8978         50 0.0000e+00
    598.000    591.512     3.7595     3.7592  32.523690  32.523403    6.51170     2.1501 4.8167e+01    -0.0541     0.0000      98.73    97.7617     0.0707      22607    6.51136    0.00000    34.8975    34.8974         72 0.0000e+00
    600.000    593.488     3.7567     3.7569  32.521892  32.522184    6.51398     2.1501 4.8110e+01    -0.0586     0.0000      98.73    97.7561     0.0696      22671    6.51365    0.00000    34.8973    34.8974         46 0.0000e+00
    602.000    595.463     3.7567     3.7568  32.522856  32.523021    6.51601     2.1502 4.8178e+01    -0.0526     0.0000      98.73    97.7563     0.0723      22706    6.51566    0.00000    34.8973    34.8974         31 0.0000e+00
    604.000    597.439     3.7577     3.7585  32.524849  32.525670    6.51707     2.1501 4.8060e+01    -0.0613     0.0000      98.73    97.7451     0.0696      22738    6.51694    0.00000    34.8976    34.8978         35 0.0000e+00
    606.000    599.414     3.7562     3.7561  32.524146  32.524271    6.51628     2.1496 4.7849e+01    -0.0618     0.0000      98.73    97.7538     0.0725      22793    6.51653    0.00000    34.8973    34.8976         75 0.0000e+00
    608.000    601.389     3.7540     3.7541  32.522964  32.523176    6.52083     2.1501 4.8079e+01    -0.0579     0.0000      98.73    97.7618     0.0709      22858    6.52099    0.00000    34.8972    34.8973         49 0.0000e+00
    610.000    603.365     3.7551     3.7551  32.525192  32.525285    6.52258     2.1501 4.8113e+01    -0.0631     0.0000      98.73    97.7620     0.0718      22905    6.52234    0.00000    34.8976    34.8977         49 0.0000e+00
    612.000    605.340     3.7537     3.7543  32.524824  32.525437    6.52401     2.1500 4.7940e+01    -0.0613     0.0000      98.73    97.7209     0.0725      22954    6.52376    0.00000    34.8976    34.8977         47 0.0000e+00
    614.000    607.316     3.7561     3.7560  32.528178  32.528099    6.51925     2.1485 4.7832e+01    -0.0660     0.0000      98.73    97.7568     0.0721      22999    6.51909    0.00000    34.8980    34.8980         43 0.0000e+00
    616.000    609.291     3.7516     3.7517  32.524631  32.525025    6.51824     2.1476 4.7914e+01    -0.0554     0.0000      98.73    97.7612     0.0712      23040    6.51814    0.00000    34.8975    34.8978         40 0.0000e+00
    618.000    611.266     3.7455     3.7456  32.519528  32.519896    6.51456     2.1460 4.7881e+01    -0.0518     0.0000      98.73    97.7044     0.0707      23080    6.51440    0.00000    34.8969    34.8972         43 0.0000e+00
    620.000    613.241     3.7455     3.7446  32.520133  32.519334    6.51256     2.1451 4.7711e+01    -0.0569     0.0000      98.73    97.7501     0.0709      23157    6.51243    0.00000    34.8965    34.8965         81 0.0000e+00
    622.000    615.216     3.7402     3.7402  32.515942  32.516119    6.52344     2.1471 4.7735e+01    -0.0501     0.0000      98.73    97.7583     0.0777      23223    6.52327    0.00000    34.8961    34.8963         37 0.0000e+00
    624.000    617.192     3.7415     3.7416  32.518071  32.518086    6.52735     2.1477 4.7559e+01    -0.0448     0.0000      98.73    97.7601     0.0731      23253    6.52711    0.00000    34.8962    34.8961         29 0.0000e+00
    626.000    619.167     3.7429     3.7429  32.520495  32.520524    6.52914     2.1478 4.7754e+01    -0.0563     0.0000      98.73    97.7626     0.0730      23281    6.52888    0.00000    34.8965    34.8966         28 0.0000e+00
    628.000    621.142     3.7450     3.7448  32.523478  32.523258    6.52402     2.1462 4.7752e+01    -0.0595     0.0000      98.73    97.7596     0.0706      23330    6.52384    0.00000    34.8968    34.8967         61 0.0000e+00
    630.000    623.117     3.7417     3.7414  32.521381  32.521135    6.52243     2.1453 4.7471e+01    -0.0568     0.0000      98.73    97.7669     0.0712      23411    6.52228    0.00000    34.8967    34.8968         48 0.0000e+00
    632.000    625.092     3.7420     3.7416  32.522584  32.522214    6.52326     2.1451 4.7323e+01    -0.0585     0.0000      98.73    97.7687     0.0706      23449    6.52309    0.00000    34.8968    34.8968         38 0.0000e+00
    634.000    627.068     3.7422     3.7424  32.523623  32.524019    6.52077     2.1440 4.7261e+01    -0.0587     0.0000      98.73    97.7649     0.0695      23491    6.52067    0.00000    34.8967    34.8970         47 0.0000e+00
    636.000    629.043     3.7360     3.7349  32.518489  32.517656    6.52390     2.1441 4.7495e+01    -0.0520     0.0000      98.73    97.7669     0.0707      23537    6.52377    0.00000    34.8962    34.8963         42 0.0000e+00
    638.000    631.018     3.7337     3.7337  32.517032  32.517051    6.52215     2.1432 4.7476e+01    -0.0575     0.0000      98.73    97.7596     0.0681      23578    6.52208    0.00000    34.8959    34.8959         44 0.0000e+00
    640.000    632.993     3.7329     3.7330  32.516967  32.517032    6.51538     2.1410 4.7242e+01    -0.0624     0.0000      98.73    97.7332     0.0689      23636    6.51521    0.00000    34.8956    34.8956         73 0.0000e+00
    642.000    634.968     3.7338     3.7340  32.518905  32.518892    6.51763     2.1412 4.7042e+01    -0.0618     0.0000      98.73    97.7684     0.0729      23705    6.51748    0.00000    34.8958    34.8957         53 0.0000e+00
    644.000    636.943     3.7341     3.7343  32.520094  32.520300    6.52527     2.1427 4.6967e+01    -0.0518     0.0000      98.73    97.7592     0.0723      23745    6.52512    0.00000    34.8960    34.8960         35 0.0000e+00
    646.000    638.918     3.7336     3.7336  32.520456  32.520588    6.52757     2.1428 4.6893e+01    -0.0579     0.0000      98.73    97.7624     0.0703      23782    6.52731    0.00000    34.8959    34.8959         41 0.0000e+00
    648.000    640.893     3.7330     3.7331  32.520703  32.520899    6.52544     2.1417 4.6987e+01    -0.0596     0.0000      98.73    97.7548     0.0698      23832    6.52486    0.00000    34.8957    34.8958         57 0.0000e+00
    650.000    642.868     3.7317     3.7325  32.520338  32.521189    6.52692     2.1417 4.6819e+01    -0.0581     0.0000      98.73    97.7670     0.0707      23890    6.52677    0.00000    34.8956    34.8958         56 0.0000e+00
    652.000    644.843     3.7245     3.7247  32.514151  32.514751    6.53011     2.1417 4.6828e+01    -0.0684     0.0000      98.73    97.7671     0.0720      23937    6.52979    0.00000    34.8948    34.8953         39 0.0000e+00
    654.000    646.818     3.7229     3.7229  32.513505  32.513569    6.53105     2.1417 4.6859e+01    -0.0492     0.0000      98.73    97.7628     0.0708      23974    6.53162    0.00000    34.8947    34.8947         40 0.0000e+00
    656.000    648.793     3.7218     3.7225  32.513204  32.513906    6.52899     2.1405 4.6739e+01    -0.0570     0.0000      98.73    97.7568     0.0732      24028    6.52900    0.00000    34.8944    34.8945         67 0.0000e+00
    658.000    650.768     3.7240     3.7243  32.516472  32.516596    6.53059     2.1405 4.6562e+01    -0.0620     0.0000      98.73    97.7727     0.0714      24092    6.53010    0.00000    34.8949    34.8948         57 0.0000e+00
    660.000    652.743     3.7251     3.7252  32.518605  32.518725    6.53278     2.1405 4.6336e+01    -0.0609     0.0000      98.73    97.7564     0.0696      24142    6.53153    0.00000    34.8952    34.8953         43 0.0000e+00
    662.000    654.717     3.7245     3.7245  32.518916  32.518940    6.53406     2.1405 4.6646e+01    -0.0599     0.0000      98.73    97.3491     0.0707      24183    6.53345    0.00000    34.8952    34.8952         41 0.0000e+00
    664.000    656.692     3.7247     3.7249  32.520072  32.520246    6.53498     2.1405 4.6361e+01    -0.0551     0.0000      98.73    97.7649     0.0707      24224    6.53508    0.00000    34.8953    34.8953         39 0.0000e+00
    666.000    658.667     3.7251     3.7252  32.521295  32.521464    6.53703     2.1405 4.6161e+01    -0.0645     0.0000      98.73    97.7719     0.0698      24263    6.53671    0.00000    34.8953    34.8954         44 0.0000e+00
    668.000    660.642     3.7260     3.7265  32.523102  32.523468    6.53628     2.1400 4.6207e+01    -0.0600     0.0000      98.73    97.7641     0.0703      24329    6.53640    0.00000    34.8955    34.8953         82 0.0000e+00
    670.000    662.617     3.7273     3.7274  32.525400  32.525492    6.53731     2.1399 4.6105e+01    -0.0507     0.0000      98.73    97.7724     0.0695      24395    6.53715    0.00000    34.8958    34.8958         48 0.0000e+00
    672.000    664.592     3.7288     3.7288  32.527935  32.527870    6.54162     2.1406 4.6165e+01    -0.0543     0.0000      98.73    97.7675     0.0723      24435    6.54156    0.00000    34.8961    34.8960         36 0.0000e+00
    674.000    666.566     3.7284     3.7284  32.528427  32.528430    6.54400     2.1406 4.6236e+01    -0.0624     0.0000      98.73    97.7727     0.0726      24467    6.54332    0.00000    34.8961    34.8961         31 0.0000e+00
    676.000    668.541     3.7277     3.7281  32.528607  32.528995    6.54046     2.1394 4.6154e+01    -0.0568     0.0000      98.73    97.7689     0.0736      24507    6.54022    0.00000    34.8960    34.8960         55 0.0000e+00
    678.000    670.516     3.7268     3.7273  32.528687  32.529133    6.53709     2.1381 4.6177e+01    -0.0558     0.0000      98.73    97.7610     0.0694      24597    6.53692    0.00000    34.8959    34.8960         60 0.0000e+00
    680.000    672.490     3.7263     3.7264  32.529053  32.529216    6.54365     2.1393 4.6106e+01    -0.0515     0.0000      98.73    97.7544     0.0672      24638    6.54358    0.00000    34.8959    34.8960         33 0.0000e+00
    682.000    674.465     3.7241     3.7241  32.527666  32.527821    6.54456     2.1390 4.6172e+01    -0.0573     0.0000      98.73    97.7564     0.0793      24669    6.54447    0.00000    34.8956    34.8957         31 0.0000e+00
    684.000    676.440     3.7232     3.7235  32.527746  32.528002    6.53796     2.1369 4.6303e+01    -0.0602     0.0000      98.73    97.7638     0.0739      24703    6.53776    0.00000    34.8956    34.8955         40 0.0000e+00
    686.000    678.414     3.7222     3.7221  32.527374  32.527454    6.53507     2.1357 4.5979e+01    -0.0551     0.0000      98.73    97.7325     0.0700      24771    6.53487    0.00000    34.8951    34.8953         93 0.0000e+00
    688.000    680.389     3.7219     3.7220  32.528188  32.528085    6.54388     2.1375 4.6016e+01    -0.0610     0.0000      98.73    97.7785     0.0678      24842    6.54382    0.00000    34.8953    34.8951         43 0.0000e+00
    690.000    682.364     3.7219     3.7222  32.528999  32.529476    6.54843     2.1382 4.6049e+01    -0.0557     0.0000      98.73    97.7671     0.0693      24878    6.54827    0.00000    34.8953    34.8955         34 0.0000e+00
    692.000    684.338     3.7198     3.7199  32.527785  32.527998    6.55093     2.1383 4.5948e+01    -0.0476     0.0000      98.73    97.7671     0.0704      24912    6.55073    0.00000    34.8950    34.8951         37 0.0000e+00
