Ship_data/Irminger/Irminger-2/ctd/process/OOI/at30_011.ros
* Sea-Bird SBE 9 Data File:
* FileName = C:\data\ctd\at30_011.hex
* Software Version Seasave V 7.21f
* Temperature SN = 2265
* Conductivity SN = 3021
* Number of Bytes Per Scan = 40
* Number of Voltage Words = 5
* Number of Scans Averaged by the Deck Unit = 1
* NMEA Latitude = 59 41.19 N
* NMEA Longitude = 039 21.93 W
* NMEA UTC (Time) = Aug 21 2015  19:14:51
** cal val post deployment at FLMB2
# nquan = 17
# nvalues = 588                                   
# units = specified
# name 0 = prDM: Pressure, Digiquartz [db]
# name 1 = depSM: Depth [salt water, m]
# name 2 = t090C: Temperature [ITS-90, deg C]
# name 3 = t190C: Temperature, 2 [ITS-90, deg C]
# name 4 = c0mS/cm: Conductivity [mS/cm]
# name 5 = c1mS/cm: Conductivity, 2 [mS/cm]
# name 6 = sbeox0ML/L: Oxygen, SBE 43 [ml/l]
# name 7 = sbeox0V: Oxygen raw, SBE 43 [V]
# name 8 = spar: SPAR/Surface Irradiance
# name 9 = flECO-AFL: Fluorescence, WET Labs ECO-AFL/FL [mg/m^3]
# name 10 = v2: Voltage 2
# name 11 = altM: Altimeter [m]
# name 12 = CStarTr0: Beam Transmission, WET Labs C-Star [%]
# name 13 = turbWETntu0: Turbidity, WET Labs ECO [NTU]
# name 14 = scan: Scan Count
# name 15 = nbf: Bottles Fired
# name 16 = flag:  0.000e+00
# interval = seconds: 0.0416667
# start_time = Aug 21 2015 19:14:51 [NMEA time, header]
# bad_flag = -9.990e-29
*END*
[from data line 341]
   1012.777   1000.813     3.5095     3.5088  32.460906  32.458209    6.55262     2.0635 2.3655e+02    -0.0439     0.0000      98.73    97.4708     0.0707     140636          7  0.000e+00
   1012.768   1000.805     3.5098     3.5089  32.460905  32.459122    6.54733     2.0622 2.3655e+02    -0.0439     0.0000      98.73    97.4708     0.0707     140637          7  0.000e+00
    810.309    801.124     3.6091     3.6097  32.471209  32.471899    6.63026     2.1278 2.2052e+02    -0.0439     0.0000      98.73    97.4446     0.0682     148639          8  0.000e+00
    810.259    801.075     3.6091     3.6097  32.471149  32.471899    6.63022     2.1278 2.2052e+02    -0.0439     0.0000      98.73    97.4446     0.0707     148640          8  0.000e+00
    810.202    801.018     3.6093     3.6100  32.471089  32.471841    6.63523     2.1291 2.2052e+02    -0.0439     0.0000      98.73    97.4446     0.0707     148641          8  0.000e+00
    810.185    801.002     3.6093     3.6097  32.471089  32.471898    6.63013     2.1278 2.1851e+02    -0.0439     0.0000      98.73    97.4446     0.0682     148642          8  0.000e+00
    810.202    801.018     3.6090     3.6096  32.471269  32.471899    6.63018     2.1278 2.2052e+02    -0.0512     0.0000      98.73    97.4446     0.0682     148643          8  0.000e+00
    810.136    800.954     3.6090     3.6097  32.471209  32.471499    6.63520     2.1291 2.2052e+02    -0.0439     0.0000      98.73    97.4446     0.0682     148644          8  0.000e+00
    810.128    800.946     3.6090     3.6097  32.470908  32.471556    6.63013     2.1278 2.2052e+02    -0.0439     0.0000      98.73    97.4708     0.0682     148645          8  0.000e+00
    810.202    801.019     3.6088     3.6097  32.470788  32.471556    6.63022     2.1278 2.2052e+02    -0.0439     0.0000      98.73    97.4708     0.0707     148646          8  0.000e+00
    810.079    800.897     3.6090     3.6099  32.470968  32.471898    6.63516     2.1291 2.1851e+02    -0.0439     0.0000      98.73    97.4446     0.0682     148647          8  0.000e+00
    810.071    800.889     3.6088     3.6097  32.471088  32.471841    6.63516     2.1291 2.1851e+02    -0.0439     0.0000      98.73    97.4446     0.0682     148648          8  0.000e+00
    810.013    800.832     3.6088     3.6100  32.470667  32.471555    6.63006     2.1278 2.1851e+02    -0.0512     0.0000      98.73    97.4446     0.0707     148649          8  0.000e+00
    810.079    800.897     3.6088     3.6100  32.470908  32.471898    6.63518     2.1291 2.1851e+02    -0.0439     0.0000      98.73    97.4446     0.0707     148650          8  0.000e+00
    809.947    800.767     3.6090     3.6097  32.470907  32.471498    6.63504     2.1291 2.1851e+02    -0.0439     0.0000      98.73    97.4446     0.0707     148651          8  0.000e+00
    810.013    800.832     3.6090     3.6096  32.470607  32.471898    6.63004     2.1278 2.2052e+02    -0.0439     0.0000      98.73    97.4446     0.0707     148652          8  0.000e+00
    809.956    800.776     3.6088     3.6097  32.470908  32.471555    6.63507     2.1291 2.1851e+02    -0.0439     0.0000      98.73    97.4185     0.0707     148653          8  0.000e+00
    810.005    800.824     3.6088     3.6097  32.470667  32.471213    6.63512     2.1291 2.2052e+02    -0.0439     0.0000      98.73    97.4446     0.0707     148654          8  0.000e+00
    809.775    800.597     3.6088     3.6097  32.470486  32.471555    6.62985     2.1278 2.1851e+02    -0.0439     0.0000      98.73    97.4446     0.0682     148655          8  0.000e+00
    810.013    800.832     3.6090     3.6095  32.470487  32.471555    6.63004     2.1278 2.2052e+02    -0.0439     0.0000      98.73    97.4446     0.0707     148656          8  0.000e+00
    809.833    800.654     3.6090     3.6096  32.470667  32.471498    6.63494     2.1291 2.2052e+02    -0.0439     0.0000      98.73    97.4185     0.0707     148657          8  0.000e+00
    809.882    800.703     3.6088     3.6096  32.470787  32.471269    6.62993     2.1278 2.1851e+02    -0.0439     0.0000      98.73    97.4185     0.0682     148658          8  0.000e+00
    809.833    800.654     3.6088     3.6094  32.470606  32.470984    6.63497     2.1291 2.1851e+02    -0.0439     0.0000      98.73    97.4446     0.0707     148659          8  0.000e+00
    809.833    800.654     3.6088     3.6094  32.470667  32.471555    6.63496     2.1291 2.1851e+02    -0.0439     0.0000      98.73    97.4185     0.0707     148660          8  0.000e+00
    809.759    800.581     3.6087     3.6092  32.470366  32.471212    6.63494     2.1291 2.1851e+02    -0.0439     0.0000      98.73    97.4185     0.0682     148661          8  0.000e+00
    809.775    800.597     3.6088     3.6096  32.470606  32.471269    6.63491     2.1291 2.1851e+02    -0.0439     0.0000      98.73    97.4446     0.0707     148662          8  0.000e+00
    809.775    800.597     3.6087     3.6092  32.470967  32.471555    6.63492     2.1291 2.1851e+02    -0.0365     0.0000      98.73    97.4446     0.0707     148663          8  0.000e+00
    809.701    800.524     3.6088     3.6092  32.470666  32.471212    6.63484     2.1291 2.1851e+02    -0.0439     0.0000      98.73    97.4446     0.0707     148664          8  0.000e+00
    809.709    800.532     3.6088     3.6094  32.470666  32.470983    6.63485     2.1291 2.1851e+02    -0.0439     0.0000      98.73    97.4446     0.0707     148665          8  0.000e+00
    809.709    800.533     3.6087     3.6094  32.470606  32.471269    6.63487     2.1291 2.1851e+02    -0.0439     0.0000      98.73    97.4446     0.0707     148666          8  0.000e+00
    809.701    800.524     3.6088     3.6091  32.470486  32.471497    6.63485     2.1291 2.1851e+02    -0.0512     0.0000      98.73    97.4185     0.0682     148667          8  0.000e+00
    809.652    800.476     3.6088     3.6092  32.470486  32.470983    6.62973     2.1278 2.1851e+02    -0.0439     0.0000      98.73    97.4185     0.0707     148668          8  0.000e+00
    809.586    800.411     3.6087     3.6094  32.470485  32.471269    6.62969     2.1278 2.2052e+02    -0.0439     0.0000      98.73    97.4185     0.0707     148669          8  0.000e+00
    809.644    800.468     3.6087     3.6094  32.470305  32.471212    6.63483     2.1291 2.1851e+02    -0.0439     0.0000      98.73    97.4446     0.0707     148670          8  0.000e+00
    809.586    800.411     3.6087     3.6092  32.470365  32.470983    6.63477     2.1291 2.1851e+02    -0.0439     0.0000      98.73    97.4185     0.0707     148671          8  0.000e+00
    809.586    800.411     3.6088     3.6094  32.470425  32.471269    6.62967     2.1278 2.2052e+02    -0.0439     0.0000      98.73    97.4185     0.0707     148672          8  0.000e+00
    809.578    800.403     3.6087     3.6091  32.470485  32.471211    6.63476     2.1291 2.1851e+02    -0.0439     0.0000      98.73    97.4446     0.0707     148673          8  0.000e+00
    809.529    800.354     3.6087     3.6091  32.470485  32.470983    6.63471     2.1291 2.1851e+02    -0.0439     0.0000      98.73    97.4185     0.0707     148674          8  0.000e+00
    809.586    800.411     3.6087     3.6092  32.470305  32.471269    6.63477     2.1291 2.1851e+02    -0.0439     0.0000      98.73    97.4446     0.0682     148675          8  0.000e+00
    809.521    800.346     3.6087     3.6091  32.470185  32.471268    6.63472     2.1291 2.1851e+02    -0.0439     0.0000      98.73    97.4446     0.0707     148676          8  0.000e+00
    809.471    800.298     3.6087     3.6091  32.470365  32.470926    6.63467     2.1291 2.1851e+02    -0.0439     0.0000      98.73    97.4185     0.0707     148677          8  0.000e+00
    809.529    800.354     3.6087     3.6092  32.470485  32.471268    6.63471     2.1291 2.1851e+02    -0.0439     0.0000      98.73    97.4185     0.0682     148678          8  0.000e+00
    809.521    800.346     3.6087     3.6092  32.470485  32.471268    6.63470     2.1291 2.1851e+02    -0.0439     0.0000      98.73    97.4446     0.0707     148679          8  0.000e+00
    809.471    800.298     3.6088     3.6092  32.470305  32.471211    6.63464     2.1291 2.1851e+02    -0.0439     0.0000      98.73    97.4185     0.0682     148680          8  0.000e+00
    809.406    800.233     3.6087     3.6094  32.470365  32.471268    6.63460     2.1291 2.1851e+02    -0.0439     0.0000      98.73    97.4185     0.0682     148681          8  0.000e+00
    809.455    800.281     3.6088     3.6091  32.470485  32.471554    6.63462     2.1291 2.1851e+02    -0.0439     0.0000      98.73    97.3923     0.0707     148682          8  0.000e+00
    809.472    800.298     3.6088     3.6092  32.470485  32.471211    6.63463     2.1291 2.1851e+02    -0.0439     0.0000      98.73    97.3661     0.0682     148683          8  0.000e+00
    809.406    800.233     3.6087     3.6091  32.470665  32.470983    6.63458     2.1291 2.1851e+02    -0.0439     0.0000      98.73    97.3923     0.0682     148684          8  0.000e+00
    809.455    800.282     3.6088     3.6091  32.470605  32.470983    6.63461     2.1291 2.1651e+02    -0.0439     0.0000      98.73    97.3923     0.0682     148685          8  0.000e+00
    809.406    800.233     3.6085     3.6089  32.470485  32.471211    6.63461     2.1291 2.1851e+02    -0.0439     0.0000      98.73    97.4185     0.0682     148686          8  0.000e+00
    809.406    800.233     3.6088     3.6089  32.470485  32.470697    6.63457     2.1291 2.1851e+02    -0.0439     0.0000      98.73    97.4185     0.0707     148687          8  0.000e+00
    608.112    601.510     3.6460     3.6461  32.418761  32.419155    6.65513     2.1785 2.1250e+02    -0.0439     0.0000      98.73    97.4185     0.0707     156721          9  0.000e+00
    608.136    601.534     3.6460     3.6461  32.418881  32.418870    6.65515     2.1785 2.1049e+02    -0.0439     0.0000      98.73    97.4185     0.0682     156722          9  0.000e+00
    608.169    601.567     3.6462     3.6461  32.418881  32.418984    6.66009     2.1797 2.1250e+02    -0.0439     0.0000      98.41    97.4185     0.0707     156723          9  0.000e+00
    608.235    601.632     3.6460     3.6461  32.418701  32.419726    6.66018     2.1797 2.1250e+02    -0.0658     0.0000      52.50    97.4446     0.0707     156724          9  0.000e+00
    608.136    601.534     3.6460     3.6461  32.418580  32.418870    6.65516     2.1785 2.1049e+02    -0.0585     0.0000      18.80    97.4185     0.0707     156725          9  0.000e+00
    608.235    601.632     3.6462     3.6461  32.418761  32.418870    6.66015     2.1797 2.1049e+02    -0.0512     0.0000      12.84    97.4185     0.0707     156726          9  0.000e+00
    608.235    601.632     3.6460     3.6465  32.418881  32.419726    6.65523     2.1785 2.1049e+02    -0.0585     0.0000      15.07    97.4446     0.0682     156727          9  0.000e+00
    608.259    601.656     3.6460     3.6461  32.418881  32.418870    6.66018     2.1797 2.1049e+02    -0.0585     0.0000      16.58    97.4446     0.0707     156728          9  0.000e+00
    608.292    601.688     3.6460     3.6461  32.418881  32.419326    6.65528     2.1785 2.1049e+02    -0.0585     0.0000      16.83    97.4446     0.0707     156729          9  0.000e+00
    608.292    601.688     3.6459     3.6461  32.418881  32.419155    6.66023     2.1797 2.1049e+02    -0.0585     0.0000      16.73    97.4446     0.0682     156730          9  0.000e+00
    608.317    601.713     3.6460     3.6463  32.418701  32.419441    6.65531     2.1785 2.1049e+02    -0.0585     0.0000      16.65    97.4446     0.0707     156731          9  0.000e+00
    608.292    601.688     3.6459     3.6461  32.419001  32.418870    6.65529     2.1785 2.1049e+02    -0.0585     0.0000      16.65    97.4446     0.0707     156732          9  0.000e+00
    608.358    601.753     3.6459     3.6460  32.419002  32.419156    6.66028     2.1797 2.1049e+02    -0.0585     0.0000      16.65    97.4446     0.0707     156733          9  0.000e+00
    608.317    601.713     3.6459     3.6461  32.418701  32.419441    6.66026     2.1797 2.1049e+02    -0.0585     0.0000      16.65    97.4446     0.0682     156734          9  0.000e+00
    608.358    601.753     3.6458     3.6461  32.418761  32.418984    6.66031     2.1797 2.1049e+02    -0.0585     0.0000      16.65    97.4446     0.0707     156735          9  0.000e+00
    608.358    601.753     3.6459     3.6463  32.418461  32.419441    6.66031     2.1797 2.1049e+02    -0.0585     0.0000      16.65    97.4446     0.0707     156736          9  0.000e+00
    608.358    601.753     3.6459     3.6461  32.418942  32.419156    6.66028     2.1797 2.1049e+02    -0.0585     0.0000      16.65    97.4708     0.0707     156737          9  0.000e+00
    608.382    601.777     3.6459     3.6463  32.419002  32.419156    6.66030     2.1797 2.1049e+02    -0.0585     0.0000      16.65    97.4446     0.0707     156738          9  0.000e+00
    608.415    601.810     3.6458     3.6463  32.418882  32.419441    6.65542     2.1785 2.1049e+02    -0.0585     0.0000      16.65    97.4446     0.0707     156739          9  0.000e+00
    608.358    601.753     3.6459     3.6463  32.418882  32.419156    6.66028     2.1797 2.1049e+02    -0.0585     0.0000      16.78    97.4708     0.0707     156740          9  0.000e+00
    608.440    601.834     3.6458     3.6461  32.418701  32.418985    6.65545     2.1785 2.1049e+02    -0.0658     0.0000      61.54    97.4708     0.0707     156741          9  0.000e+00
    608.358    601.753     3.6460     3.6460  32.418761  32.419726    6.65533     2.1785 2.1049e+02    -0.0439     0.0000      96.21    97.4446     0.0707     156742          9  0.000e+00
    608.415    601.810     3.6459     3.6461  32.418882  32.419441    6.65540     2.1785 2.1049e+02    -0.0439     0.0000     100.00    97.4446     0.0682     156743          9  0.000e+00
    608.382    601.777     3.6458     3.6460  32.418701  32.419441    6.65539     2.1785 2.1049e+02    -0.0439     0.0000     100.00    97.4185     0.0707     156744          9  0.000e+00
    608.472    601.866     3.6458     3.6460  32.418581  32.419441    6.65054     2.1773 2.1049e+02    -0.0439     0.0000      98.78    97.4446     0.0682     156745          9  0.000e+00
    608.358    601.753     3.6459     3.6461  32.418581  32.418870    6.65043     2.1773 2.0849e+02    -0.0439     0.0000      98.63    97.4446     0.0682     156746          9  0.000e+00
    608.440    601.834     3.6459     3.6460  32.418581  32.419327    6.65050     2.1773 2.1049e+02    -0.0439     0.0000      98.68    97.4446     0.0682     156747          9  0.000e+00
    608.358    601.753     3.6459     3.6461  32.418581  32.419156    6.65042     2.1773 2.1049e+02    -0.0439     0.0000      98.73    97.3923     0.0707     156748          9  0.000e+00
    608.415    601.810     3.6458     3.6461  32.418762  32.419156    6.65048     2.1773 2.0849e+02    -0.0512     0.0000      98.73    97.3923     0.0707     156749          9  0.000e+00
    608.382    601.778     3.6459     3.6461  32.418701  32.419156    6.65044     2.1773 2.1049e+02    -0.0439     0.0000      98.73    97.3661     0.0707     156750          9  0.000e+00
    608.415    601.810     3.6459     3.6463  32.418762  32.419441    6.65046     2.1773 2.1049e+02    -0.0439     0.0000      98.73    97.4185     0.0707     156751          9  0.000e+00
    608.358    601.753     3.6459     3.6460  32.419062  32.419156    6.65532     2.1785 2.0849e+02    -0.0512     0.0000      98.73    97.4185     0.0707     156752          9  0.000e+00
    608.382    601.778     3.6459     3.6463  32.418521  32.418984    6.65044     2.1773 2.0849e+02    -0.0439     0.0000      98.73    97.4185     0.0682     156753          9  0.000e+00
