Ship_data/Irminger/Irminger-2/ctd/process/OOI/at30_001.ros
* Sea-Bird SBE 9 Data File:
* FileName = C:\data\ctd\at30_001.hex
* Software Version Seasave V 7.21f
* Temperature SN = 2265
* Conductivity SN = 3021
* Number of Bytes Per Scan = 40
* Number of Voltage Words = 5
* Number of Scans Averaged by the Deck Unit = 1
* NMEA Latitude = 42 32.87 N
* NMEA Longitude = 062 35.04 W
* NMEA UTC (Time) = Aug 07 2015  12:39:53
# nquan = 17
# nvalues = 1176                                  
# units = specified
# name 0 = prDM: Pressure, Digiquartz [db]
# name 1 = depSM: Depth [salt water, m]
# name 2 = t090C: Temperature [ITS-90, deg C]
# name 3 = t190C: Temperature, 2 [ITS-90, deg C]
# name 4 = c0mS/cm: Conductivity [mS/cm]
# name 5 = c1mS/cm: Conductivity, 2 [mS/cm]
# name 6 = sbeox0ML/L: Oxygen, SBE 43 [ml/l]
# name 7 = sbeox0V: Oxygen raw, SBE 43 [V]
# name 8 = spar: SPAR/Surface Irradiance
# name 9 = flECO-AFL: Fluorescence, WET Labs ECO-AFL/FL [mg/m^3]
# name 10 = v2: Voltage 2
# name 11 = altM: Altimeter [m]
# name 12 = CStarTr0: Beam Transmission, WET Labs C-Star [%]
# name 13 = turbWETntu0: Turbidity, WET Labs ECO [NTU]
# name 14 = scan: Scan Count
# name 15 = nbf: Bottles Fired
# name 16 = flag:  0.000e+00
# interval = seconds: 0.0416667
# start_time = Aug 07 2015 12:39:53 [NMEA time, header]
# bad_flag = -9.990e-29
*END*
[from data line 766]
      3.312      3.286    21.3679    21.3681  45.513308  45.513119    5.03617     2.4640 1.5757e+03    -0.0072     0.0000      98.75    95.4303     0.0707     182656         16  0.000e+00
      3.312      3.286    21.3679    21.3679  45.513171  45.513119    5.03618     2.4640 1.5757e+03    -0.0145     0.0000      98.75    95.4303     0.0707     182657         16  0.000e+00
      3.329      3.302    21.3684    21.3681  45.514203  45.513119    5.03612     2.4640 1.5757e+03    -0.0072     0.0000      98.75    95.4042     0.0707     182658         16  0.000e+00
      3.377      3.351    21.3691    21.3681  45.514615  45.512793    5.03610     2.4640 1.5757e+03    -0.0072     0.0000      98.75    95.4303     0.0707     182659         16  0.000e+00
      3.312      3.286    21.3695    21.3684  45.514822  45.513119    5.03603     2.4640 1.5757e+03    -0.0072     0.0000      98.75    95.4042     0.0707     182660         16  0.000e+00
      3.329      3.302    21.3696    21.3683  45.515372  45.513119    5.03602     2.4640 1.5757e+03    -0.0072     0.0000      98.75    95.4042     0.0707     182661         16  0.000e+00
      3.377      3.351    21.3704    21.3683  45.515441  45.513119    5.03917     2.4653 1.5757e+03    -0.0072     0.0000      98.75    95.4042     0.0707     182662         16  0.000e+00
      3.385      3.359    21.3698    21.3683  45.515097  45.513511    5.03922     2.4653 1.5757e+03    -0.0072     0.0000      98.75    95.4042     0.0707     182663         16  0.000e+00
      3.377      3.351    21.3700    21.3683  45.514959  45.513119    5.03920     2.4653 1.5737e+03    -0.0072     0.0000      98.75    95.3780     0.0707     182664         16  0.000e+00
      3.377      3.351    21.3700    21.3683  45.515579  45.513511    5.03919     2.4653 1.5737e+03    -0.0072     0.0000      98.75    95.3780     0.0707     182665         16  0.000e+00
      3.385      3.359    21.3700    21.3683  45.515510  45.513119    5.03919     2.4653 1.5737e+03    -0.0145     0.0000      98.75    95.3780     0.0707     182666         16  0.000e+00
      3.377      3.351    21.3696    21.3683  45.515372  45.512793    5.03921     2.4653 1.5737e+03    -0.0072     0.0000      98.75    95.3780     0.0707     182667         16  0.000e+00
      3.434      3.407    21.3695    21.3686  45.514822  45.513120    5.03927     2.4653 1.5717e+03    -0.0145     0.0000      98.75    95.3780     0.0707     182668         16  0.000e+00
      3.442      3.415    21.3695    21.3685  45.515166  45.513120    5.03927     2.4653 1.5737e+03    -0.0072     0.0000      98.75    95.3780     0.0707     182669         16  0.000e+00
      3.434      3.407    21.3700    21.3686  45.515372  45.513511    5.03923     2.4652 1.5737e+03    -0.0072     0.0000      98.75    95.4042     0.0707     182670         16  0.000e+00
      3.434      3.407    21.3702    21.3685  45.515372  45.513511    5.03921     2.4652 1.5737e+03    -0.0145     0.0000      98.75    95.4042     0.0707     182671         16  0.000e+00
      3.442      3.415    21.3704    21.3688  45.515372  45.513120    5.03921     2.4652 1.5737e+03    -0.0072     0.0000      98.75    95.4303     0.0707     182672         16  0.000e+00
      3.434      3.407    21.3700    21.3688  45.515304  45.513120    5.03923     2.4652 1.5737e+03    -0.0072     0.0000      98.75    95.4303     0.0707     182673         16  0.000e+00
      3.613      3.585    21.3735    21.3750  45.518675  45.519777    5.04848     2.4689 1.5817e+03    -0.0072     0.0000      98.75    95.4303     0.0707     182779         17  0.000e+00
      3.670      3.641    21.3750    21.3752  45.519294  45.519385    5.04841     2.4689 1.5817e+03    -0.0145     0.0000      98.75    95.4303     0.0707     182780         17  0.000e+00
      3.686      3.657    21.3756    21.3755  45.519845  45.519777    5.04836     2.4689 1.5817e+03    -0.0072     0.0000      98.75    95.4303     0.0707     182781         17  0.000e+00
      3.613      3.585    21.3755    21.3759  45.520257  45.519385    5.04832     2.4689 1.5817e+03    -0.0072     0.0000      98.75    95.4303     0.0707     182782         17  0.000e+00
      3.735      3.705    21.3753    21.3759  45.520120  45.519777    5.04841     2.4689 1.5817e+03    -0.0145     0.0000      98.75    95.4303     0.0707     182783         17  0.000e+00
      3.621      3.593    21.3755    21.3763  45.519776  45.520560    5.04833     2.4689 1.5817e+03    -0.0072     0.0000      98.75    95.4042     0.0707     182784         17  0.000e+00
      3.670      3.641    21.3755    21.3763  45.519570  45.520168    5.04837     2.4689 1.5817e+03    -0.0145     0.0000      98.75    95.4303     0.0707     182785         17  0.000e+00
      3.613      3.585    21.3759    21.3764  45.519569  45.520951    5.04831     2.4689 1.5837e+03    -0.0072     0.0000      98.75    95.4303     0.0707     182786         17  0.000e+00
      3.686      3.657    21.3760    21.3764  45.519363  45.520560    5.04835     2.4689 1.5837e+03    -0.0072     0.0000      98.75    95.4303     0.0707     182787         17  0.000e+00
      3.670      3.641    21.3762    21.3764  45.520051  45.520560    5.04831     2.4689 1.5837e+03    -0.0145     0.0000      98.75    95.4303     0.0707     182788         17  0.000e+00
      3.613      3.585    21.3762    21.3759  45.520120  45.520168    5.04827     2.4689 1.5837e+03    -0.0072     0.0000      98.75    95.4303     0.0707     182789         17  0.000e+00
      3.686      3.657    21.3760    21.3757  45.520258  45.520560    5.04832     2.4689 1.5837e+03    -0.0072     0.0000      98.75    95.4565     0.0707     182790         17  0.000e+00
      3.670      3.641    21.3760    21.3759  45.520670  45.519777    5.04830     2.4689 1.5837e+03    -0.0072     0.0000      98.75    95.4303     0.0707     182791         17  0.000e+00
      3.613      3.585    21.3762    21.3761  45.520533  45.520560    5.04826     2.4689 1.5837e+03    -0.0072     0.0000      98.75    95.4565     0.0707     182792         17  0.000e+00
      3.622      3.593    21.3762    21.3759  45.520670  45.519777    5.04826     2.4689 1.5837e+03    -0.0072     0.0000      98.75    95.4826     0.0707     182793         17  0.000e+00
      3.670      3.641    21.3764    21.3759  45.521014  45.520168    5.04827     2.4689 1.5837e+03    -0.0072     0.0000      98.75    95.4565     0.0707     182794         17  0.000e+00
      3.686      3.657    21.3767    21.3759  45.521427  45.520168    5.04825     2.4689 1.5857e+03    -0.0072     0.0000      98.75    95.4565     0.0707     182795         17  0.000e+00
      3.557      3.529    21.3772    21.3761  45.520739  45.520168    5.04815     2.4689 1.5857e+03    -0.0072     0.0000      98.75    95.4565     0.0707     182796         17  0.000e+00
      3.670      3.641    21.3772    21.3759  45.521221  45.520168    5.04821     2.4689 1.5857e+03    -0.0072     0.0000      98.75    95.4303     0.0707     182797         17  0.000e+00
      3.622      3.593    21.3774    21.3755  45.521289  45.520168    5.04816     2.4689 1.5837e+03    -0.0072     0.0000      98.75    95.4565     0.0707     182798         17  0.000e+00
      3.670      3.641    21.3776    21.3755  45.521358  45.519385    5.04818     2.4689 1.5857e+03    -0.0072     0.0000      98.75    95.4565     0.0707     182799         17  0.000e+00
      3.614      3.585    21.3774    21.3757  45.521496  45.519385    5.04815     2.4689 1.5857e+03    -0.0072     0.0000      98.75    95.4565     0.0707     182800         17  0.000e+00
      3.622      3.593    21.3774    21.3754  45.521564  45.518993    5.04816     2.4689 1.5837e+03    -0.0072     0.0000      98.75    95.4565     0.0707     182801         17  0.000e+00
      3.614      3.585    21.3771    21.3752  45.521014  45.519385    5.04819     2.4689 1.5857e+03    -0.0072     0.0000      98.75    95.4565     0.0731     182802         17  0.000e+00
      3.614      3.585    21.3769    21.3752  45.521014  45.519385    5.04820     2.4689 1.5857e+03    -0.0072     0.0000      98.78    95.4565     0.0707     182803         17  0.000e+00
      3.622      3.593    21.3769    21.3754  45.521152  45.518993    5.04820     2.4689 1.5857e+03    -0.0072     0.0000      98.75    95.4565     0.0707     182804         17  0.000e+00
      3.557      3.529    21.3772    21.3754  45.521151  45.519385    5.04813     2.4689 1.5857e+03    -0.0072     0.0000      98.75    95.4303     0.0707     182805         17  0.000e+00
      3.614      3.585    21.3771    21.3754  45.521427  45.519777    5.04817     2.4689 1.5857e+03    -0.0072     0.0000      98.75    95.4303     0.0707     182806         17  0.000e+00
      3.622      3.593    21.3772    21.3754  45.521289  45.519385    5.04817     2.4689 1.5857e+03    -0.0072     0.0000      98.75    95.4303     0.0707     182807         17  0.000e+00
      3.614      3.585    21.3771    21.3754  45.521427  45.519777    5.04817     2.4689 1.5877e+03    -0.0072     0.0000      98.75    95.4303     0.0707     182808         17  0.000e+00
      3.557      3.529    21.3771    21.3750  45.521289  45.518993    5.04814     2.4689 1.5857e+03    -0.0145     0.0000      98.75    95.4303     0.0707     182809         17  0.000e+00
      3.622      3.593    21.3769    21.3748  45.521427  45.518994    5.04819     2.4689 1.5857e+03    -0.0072     0.0000      98.75    95.4303     0.0707     182810         17  0.000e+00
      3.614      3.585    21.3767    21.3748  45.521565  45.518602    5.04819     2.4689 1.5857e+03    -0.0072     0.0000      98.75    95.4303     0.0707     182811         17  0.000e+00
      3.557      3.529    21.3769    21.3748  45.521564  45.518602    5.04814     2.4689 1.5877e+03    -0.0072     0.0000      98.75    95.4303     0.0707     182812         17  0.000e+00
      3.622      3.593    21.3767    21.3752  45.521014  45.519385    5.04821     2.4689 1.5877e+03    -0.0145     0.0000      98.75    95.4303     0.0707     182813         17  0.000e+00
      3.557      3.529    21.3756    21.3752  45.520739  45.518602    5.04507     2.4677 1.5877e+03    -0.0145     0.0000      98.75    95.4303     0.0707     182814         17  0.000e+00
      3.557      3.529    21.3746    21.3757  45.519913  45.519385    5.04516     2.4677 1.5877e+03    -0.0145     0.0000      98.75    95.4042     0.0707     182815         17  0.000e+00
      3.565      3.537    21.3744    21.3759  45.519638  45.518993    5.04518     2.4677 1.5877e+03    -0.0072     0.0000      98.75    95.4303     0.0707     182816         17  0.000e+00
      3.614      3.585    21.3747    21.3757  45.520189  45.519777    5.04518     2.4677 1.5877e+03    -0.0072     0.0000      98.75    95.4042     0.0707     182817         17  0.000e+00
      3.557      3.529    21.3748    21.3755  45.520120  45.518993    5.04514     2.4677 1.5877e+03    -0.0072     0.0000      98.75    95.4042     0.0707     182818         17  0.000e+00
      3.565      3.537    21.3756    21.3752  45.520257  45.519385    5.04509     2.4677 1.5877e+03    -0.0072     0.0000      98.75    95.3780     0.0707     182819         17  0.000e+00
      3.557      3.529    21.3756    21.3748  45.520395  45.519385    5.04508     2.4677 1.5897e+03    -0.0072     0.0000      98.75    95.3780     0.0707     182820         17  0.000e+00
      3.614      3.585    21.3764    21.3752  45.520945  45.518993    5.04188     2.4664 1.5877e+03    -0.0072     0.0000      98.75    95.4042     0.0707     182821         17  0.000e+00
      3.508      3.481    21.3766    21.3750  45.520945  45.518601    5.04181     2.4664 1.5897e+03    -0.0072     0.0000      98.75    95.4042     0.0707     182822         17  0.000e+00
      3.557      3.529    21.3766    21.3748  45.520807  45.518993    5.04501     2.4677 1.5877e+03    -0.0072     0.0000      98.75    95.4042     0.0707     182823         17  0.000e+00
      3.557      3.529    21.3766    21.3750  45.520807  45.518210    5.04501     2.4677 1.5897e+03    -0.0072     0.0000      98.75    95.3780     0.0707     182824         17  0.000e+00
      3.565      3.537    21.3762    21.3750  45.520532  45.518602    5.04187     2.4664 1.5897e+03    -0.0072     0.0000      98.75    95.3780     0.0707     182825         17  0.000e+00
      3.557      3.529    21.3764    21.3750  45.520945  45.518602    5.04185     2.4664 1.5897e+03    -0.0072     0.0000      98.75    95.3780     0.0707     182826         17  0.000e+00
      3.492      3.465    21.3766    21.3752  45.521426  45.518601    5.04178     2.4664 1.5897e+03    -0.0072     0.0000      98.75    95.3780     0.0707     182827         17  0.000e+00
      3.559      3.530    21.3654    21.3713  45.512690  45.516253    5.03952     2.4652 1.5998e+03    -0.0072     0.0000      98.75    95.4565     0.0707     182934         18  0.000e+00
      3.559      3.530    21.3656    21.3710  45.512897  45.515469    5.04267     2.4664 1.5977e+03    -0.0072     0.0000      98.75    95.4303     0.0707     182935         18  0.000e+00
      3.567      3.538    21.3654    21.3711  45.512484  45.515861    5.04270     2.4664 1.5957e+03    -0.0072     0.0000      98.75    95.4303     0.0707     182936         18  0.000e+00
      3.559      3.530    21.3656    21.3708  45.512553  45.515861    5.04902     2.4689 1.5957e+03    -0.0072     0.0000      98.75    95.3780     0.0707     182937         18  0.000e+00
      3.559      3.530    21.3657    21.3708  45.512278  45.515469    5.04267     2.4664 1.5957e+03    -0.0072     0.0000      98.75    95.3780     0.0707     182938         18  0.000e+00
      3.623      3.595    21.3664    21.3710  45.512759  45.515861    5.04266     2.4664 1.5977e+03    -0.0145     0.0000      98.75    95.3518     0.0707     182939         18  0.000e+00
      3.559      3.530    21.3673    21.3705  45.513309  45.515078    5.04254     2.4664 1.5977e+03    -0.0145     0.0000      98.75    95.3518     0.0707     182940         18  0.000e+00
      3.559      3.531    21.3672    21.3708  45.512897  45.515469    5.04573     2.4676 1.5977e+03    -0.0072     0.0000      98.75    95.3257     0.0707     182941         18  0.000e+00
      3.623      3.595    21.3665    21.3705  45.512897  45.515861    5.04899     2.4689 1.5977e+03    -0.0145     0.0000      98.75    95.2734     0.0731     182942         18  0.000e+00
      3.494      3.466    21.3659    21.3708  45.512828  45.515469    5.04578     2.4676 1.5977e+03    -0.0072     0.0000      98.75    95.2472     0.0707     182943         18  0.000e+00
      3.615      3.587    21.3656    21.3708  45.512691  45.515470    5.04588     2.4676 1.5977e+03    -0.0072     0.0000      98.75    95.2734     0.0707     182944         18  0.000e+00
      3.567      3.539    21.3657    21.3708  45.512690  45.515469    5.04583     2.4676 1.5977e+03    -0.0072     0.0000      98.75    95.3257     0.0707     182945         18  0.000e+00
      3.615      3.587    21.3659    21.3708  45.512897  45.515470    5.04585     2.4676 1.5977e+03    -0.0072     0.0000      98.75    95.3518     0.0707     182946         18  0.000e+00
      3.567      3.539    21.3665    21.3710  45.513034  45.515469    5.04578     2.4676 1.5977e+03    -0.0072     0.0000      98.75    95.4042     0.0707     182947         18  0.000e+00
      3.559      3.531    21.3668    21.3708  45.513309  45.515469    5.04574     2.4676 1.5957e+03    -0.0072     0.0000      98.78    95.4042     0.0707     182948         18  0.000e+00
      3.559      3.531    21.3668    21.3710  45.513585  45.515861    5.04891     2.4689 1.5977e+03    -0.0072     0.0000      98.75    95.4042     0.0707     182949         18  0.000e+00
      3.567      3.539    21.3673    21.3709  45.513516  45.515861    5.05205     2.4701 1.5977e+03    -0.0072     0.0000      98.75    95.4303     0.0707     182950         18  0.000e+00
      3.616      3.587    21.3673    21.3711  45.513722  45.515078    5.04890     2.4689 1.5957e+03    -0.0072     0.0000      98.75    95.4303     0.0707     182951         18  0.000e+00
