Ship_data/Irminger/Irminger-2/ctd/process/OOI/at30_012.cnv
* Sea-Bird SBE 9 Data File:
* FileName = C:\data\ctd\at30_012.hex
* Software Version Seasave V 7.21f
* Temperature SN = 2265
* Conductivity SN = 3021
* Number of Bytes Per Scan = 40
* Number of Voltage Words = 5
* Number of Scans Averaged by the Deck Unit = 1
* NMEA Latitude = 59 59.98 N
* NMEA Longitude = 039 28.96 W
* NMEA UTC (Time) = Aug 23 2015  16:50:38
** Cal/Val for HYPM-2
# nquan = 21
# nvalues = 2693                        
# units = specified
# name 0 = prDM: Pressure, Digiquartz [db]
# name 1 = depSM: Depth [salt water, m]
# name 2 = t090C: Temperature [ITS-90, deg C]
# name 3 = t190C: Temperature, 2 [ITS-90, deg C]
# name 4 = c0mS/cm: Conductivity [mS/cm]
# name 5 = c1mS/cm: Conductivity, 2 [mS/cm]
# name 6 = sbeox0ML/L: Oxygen, SBE 43 [ml/l]
# name 7 = sbeox0V: Oxygen raw, SBE 43 [V]
# name 8 = spar: SPAR/Surface Irradiance
# name 9 = flECO-AFL: Fluorescence, WET Labs ECO-AFL/FL [mg/m^3]
# name 10 = v2: Voltage 2
# name 11 = altM: Altimeter [m]
# name 12 = CStarTr0: Beam Transmission, WET Labs C-Star [%]
# name 13 = turbWETntu0: Turbidity, WET Labs ECO [NTU]
# name 14 = scan: Scan Count
# name 15 = sbeox0ML/L: Oxygen, SBE 43 [ml/l], WS = 2
# name 16 = sbeox0dOV/dT: Oxygen, SBE 43 [dov/dt], WS = 2
# name 17 = sal00: Salinity, Practical [PSU]
# name 18 = sal11: Salinity, Practical, 2 [PSU]
# name 19 = nbin: number of scans per bin
# name 20 = flag: flag
# span 0 =      2.000,   2694.000       
# span 1 =      1.981,   2651.610       
# span 2 =     1.3171,     8.4994       
# span 3 =     1.3177,     8.4998       
# span 4 =  31.231309,  36.581197       
# span 5 =  31.231902,  36.580912       
# span 6 =    6.00283,    6.84755       
# span 7 =     1.6949,     2.5125       
# span 8 = 2.0270e+02, 6.4383e+02       
# span 9 =    -0.0823,     1.8248       
# span 10 =     0.0000,     0.0000      
# span 11 =       8.78,      98.88      
# span 12 =    92.8971,    97.7912      
# span 13 =     0.0676,     0.1358      
# span 14 =       1203,     177540      
# span 15 =    6.00269,    6.84813      
# span 16 =    0.00000,    0.00000      
# span 17 =    34.8283,    34.9547      
# span 18 =    34.8276,    34.9556      
# span 19 =         25,        131      
# span 20 = 0.0000e+00, 0.0000e+00      
# interval = decibars: 2                
# start_time = Aug 23 2015 16:50:38 [NMEA time, header]
# bad_flag = -9.990e-29
*END*
[from data line 1173]
   2348.000   2312.913     2.6596     2.6602  32.300558  32.300691    6.12461     1.7045 4.8122e+02    -0.0596     0.0000      98.73    97.7533     0.0706      64678    6.12446    0.00000    34.9217    34.9211         53 0.0000e+00
   2350.000   2314.872     2.6494     2.6500  32.291915  32.292125    6.12879     1.7047 4.8386e+02    -0.0594     0.0000      98.73    97.7576     0.0702      64721    6.12877    0.00000    34.9211    34.9207         39 0.0000e+00
   2352.000   2316.832     2.6459     2.6465  32.289468  32.289502    6.13315     1.7051 4.8635e+02    -0.0600     0.0000      98.73    97.7585     0.0702      64761    6.13314    0.00000    34.9209    34.9204         40 0.0000e+00
   2354.000   2318.791     2.6421     2.6427  32.286807  32.286883    6.13437     1.7049 4.8715e+02    -0.0596     0.0000      98.73    97.7585     0.0700      64801    6.13426    0.00000    34.9208    34.9203         40 0.0000e+00
   2356.000   2320.750     2.6373     2.6377  32.283114  32.283165    6.13610     1.7048 4.8793e+02    -0.0598     0.0000      98.73    97.7585     0.0700      64842    6.13610    0.00000    34.9205    34.9201         45 0.0000e+00
   2358.000   2322.710     2.6235     2.6240  32.270903  32.270933    6.13820     1.7044 4.9240e+02    -0.0602     0.0000      98.73    97.7585     0.0704      64894    6.13817    0.00000    34.9195    34.9190         60 0.0000e+00
   2360.000   2324.669     2.6196     2.6201  32.268227  32.268073    6.14105     1.7045 4.9369e+02    -0.0599     0.0000      98.73    97.7585     0.0700      64956    6.14099    0.00000    34.9194    34.9187         59 0.0000e+00
   2362.000   2326.628     2.6140     2.6147  32.264154  32.264383    6.14808     1.7054 4.9766e+02    -0.0608     0.0000      98.73    97.7530     0.0704      65007    6.14837    0.00000    34.9195    34.9191         44 0.0000e+00
   2364.000   2328.587     2.6079     2.6085  32.259502  32.259611    6.15158     1.7055 5.0127e+02    -0.0602     0.0000      98.73    97.7534     0.0707      65050    6.15165    0.00000    34.9195    34.9190         44 0.0000e+00
   2366.000   2330.546     2.6045     2.6051  32.257304  32.257315    6.15364     1.7054 5.0238e+02    -0.0594     0.0000      98.73    97.7588     0.0705      65096    6.15351    0.00000    34.9195    34.9189         48 0.0000e+00
   2368.000   2332.506     2.6017     2.6024  32.256004  32.256122    6.15512     1.7053 5.0434e+02    -0.0598     0.0000      98.73    97.7563     0.0702      65143    6.15491    0.00000    34.9199    34.9194         46 0.0000e+00
   2370.000   2334.465     2.6033     2.6035  32.258798  32.258190    6.15311     1.7046 5.0802e+02    -0.0598     0.0000      98.73    97.7528     0.0701      65191    6.15245    0.00000    34.9207    34.9198         52 0.0000e+00
   2372.000   2336.424     2.6059     2.6066  32.262643  32.262614    6.15247     1.7043 5.1121e+02    -0.0598     0.0000      98.73    97.7543     0.0702      65244    6.15210    0.00000    34.9216    34.9208         49 0.0000e+00
   2374.000   2338.383     2.6053     2.6061  32.263369  32.263490    6.15084     1.7039 5.1180e+02    -0.0610     0.0000      98.73    97.7447     0.0704      65289    6.15180    0.00000    34.9221    34.9215         43 0.0000e+00
   2376.000   2340.342     2.6039     2.6045  32.262996  32.262939    6.14694     1.7026 5.1492e+02    -0.0602     0.0000      98.73    97.7357     0.0707      65337    6.14690    0.00000    34.9222    34.9216         58 0.0000e+00
   2378.000   2342.301     2.6019     2.6020  32.261969  32.261451    6.14152     1.7011 5.2199e+02    -0.0596     0.0000      98.73    97.7380     0.0707      65406    6.14088    0.00000    34.9222    34.9215         65 0.0000e+00
   2380.000   2344.260     2.5922     2.5927  32.253656  32.254082    6.14197     1.7007 5.2325e+02    -0.0604     0.0000      98.73    97.7323     0.0707      65452    6.14216    0.00000    34.9216    34.9215         35 0.0000e+00
   2382.000   2346.219     2.5794     2.5802  32.242356  32.242871    6.14561     1.7007 5.2304e+02    -0.0592     0.0000      98.73    97.7324     0.0707      65484    6.14606    0.00000    34.9205    34.9203         32 0.0000e+00
   2384.000   2348.178     2.5749     2.5756  32.238646  32.238755    6.14424     1.6996 5.2273e+02    -0.0605     0.0000      98.73    97.7324     0.0707      65520    6.14287    0.00000    34.9199    34.9193         43 0.0000e+00
   2386.000   2350.138     2.5745     2.5741  32.238965  32.237973    6.14404     1.6995 5.2742e+02    -0.0599     0.0000      98.73    97.7302     0.0707      65583    6.14404    0.00000    34.9198    34.9190         79 0.0000e+00
   2388.000   2352.096     2.5720     2.5727  32.237546  32.237561    6.14624     1.6995 5.3241e+02    -0.0602     0.0000      98.73    97.7319     0.0707      65649    6.14608    0.00000    34.9198    34.9190         48 0.0000e+00
   2390.000   2354.055     2.5704     2.5709  32.236757  32.236690    6.15032     1.6996 5.3326e+02    -0.0612     0.0000      98.73    97.7413     0.0705      65689    6.14882    0.00000    34.9196    34.9189         35 0.0000e+00
   2392.000   2356.014     2.5692     2.5698  32.236466  32.236446    6.15355     1.7002 5.3575e+02    -0.0597     0.0000      98.73    97.7307     0.0702      65724    6.15336    0.00000    34.9195    34.9189         38 0.0000e+00
   2394.000   2357.973     2.5680     2.5687  32.235978  32.235967    6.15345     1.6999 5.3654e+02    -0.0599     0.0000      98.73    97.7213     0.0701      65769    6.15349    0.00000    34.9193    34.9186         56 0.0000e+00
   2396.000   2359.932     2.5577     2.5580  32.226922  32.227031    6.15565     1.6996 5.3736e+02    -0.0597     0.0000      98.73    97.7369     0.0700      65832    6.15564    0.00000    34.9184    34.9181         60 0.0000e+00
   2398.000   2361.891     2.5482     2.5487  32.218620  32.218565    6.15991     1.6997 5.4160e+02    -0.0585     0.0000      98.73    97.7328     0.0703      65882    6.15932    0.00000    34.9175    34.9169         44 0.0000e+00
   2400.000   2363.850     2.5428     2.5435  32.214152  32.214570    6.16788     1.7009 5.4382e+02    -0.0585     0.0000      98.73    97.7335     0.0707      65924    6.16842    0.00000    34.9169    34.9166         42 0.0000e+00
   2402.000   2365.809     2.5310     2.5315  32.203939  32.203951    6.17270     1.7009 5.4432e+02    -0.0601     0.0000      98.73    97.7262     0.0707      65967    6.17221    0.00000    34.9161    34.9156         44 0.0000e+00
   2404.000   2367.767     2.5266     2.5273  32.200689  32.201004    6.17875     1.7019 5.4609e+02    -0.0599     0.0000      98.73    97.7306     0.0707      66017    6.18031    0.00000    34.9160    34.9156         58 0.0000e+00
   2406.000   2369.726     2.5114     2.5119  32.186596  32.186553    6.18600     1.7022 5.4888e+02    -0.0599     0.0000      98.73    97.7325     0.0707      66075    6.18595    0.00000    34.9141    34.9136         51 0.0000e+00
   2408.000   2371.685     2.5083     2.5086  32.184459  32.184026    6.19231     1.7030 5.4975e+02    -0.0611     0.0000      98.73    97.7311     0.0707      66120    6.19220    0.00000    34.9139    34.9131         43 0.0000e+00
   2410.000   2373.644     2.4956     2.4965  32.172672  32.173433    6.20129     1.7039 5.5173e+02    -0.0599     0.0000      98.73    97.7204     0.0707      66168    6.20132    0.00000    34.9123    34.9122         53 0.0000e+00
   2412.000   2375.603     2.4823     2.4830  32.159948  32.160376    6.21102     1.7050 5.5297e+02    -0.0603     0.0000      98.73    97.7179     0.0702      66218    6.21085    0.00000    34.9101    34.9098         46 0.0000e+00
   2414.000   2377.561     2.4744     2.4749  32.153100  32.153227    6.22069     1.7062 5.5348e+02    -0.0607     0.0000      98.73    97.7093     0.0702      66262    6.22065    0.00000    34.9092    34.9089         44 0.0000e+00
   2416.000   2379.520     2.4790     2.4798  32.159397  32.159243    6.22958     1.7078 5.5683e+02    -0.0599     0.0000      98.73    97.6990     0.0700      66310    6.22958    0.00000    34.9110    34.9100         54 0.0000e+00
   2418.000   2381.479     2.4828     2.4833  32.164810  32.164518    6.24014     1.7096 5.5955e+02    -0.0601     0.0000      98.73    97.6913     0.0703      66367    6.24010    0.00000    34.9126    34.9117         54 0.0000e+00
   2420.000   2383.438     2.4884     2.4888  32.172117  32.171721    6.24475     1.7104 5.5696e+02    -0.0611     0.0000      98.73    97.6871     0.0701      66415    6.24462    0.00000    34.9145    34.9136         45 0.0000e+00
   2422.000   2385.396     2.4954     2.4961  32.181109  32.181018    6.24223     1.7099 5.5852e+02    -0.0594     0.0000      98.73    97.6925     0.0702      66462    6.24204    0.00000    34.9170    34.9161         50 0.0000e+00
   2424.000   2387.355     2.4936     2.4943  32.180774  32.180875    6.23487     1.7081 5.6217e+02    -0.0594     0.0000      98.73    97.7036     0.0701      66513    6.23485    0.00000    34.9175    34.9170         51 0.0000e+00
   2426.000   2389.314     2.4849     2.4855  32.173397  32.173502    6.22540     1.7057 5.6366e+02    -0.0600     0.0000      98.73    97.6879     0.0701      66564    6.22532    0.00000    34.9169    34.9165         50 0.0000e+00
   2428.000   2391.272     2.4797     2.4802  32.169079  32.169147    6.21614     1.7034 5.6664e+02    -0.0602     0.0000      98.73    97.6856     0.0702      66611    6.21596    0.00000    34.9164    34.9158         44 0.0000e+00
   2430.000   2393.231     2.4781     2.4788  32.169090  32.169155    6.21209     1.7023 5.6813e+02    -0.0600     0.0000      98.73    97.6854     0.0703      66654    6.21192    0.00000    34.9170    34.9164         44 0.0000e+00
   2432.000   2395.189     2.4757     2.4764  32.167797  32.167839    6.20773     1.7011 5.6592e+02    -0.0604     0.0000      98.73    97.6829     0.0704      66707    6.20767    0.00000    34.9171    34.9164         64 0.0000e+00
   2434.000   2397.148     2.4739     2.4744  32.167294  32.167129    6.20371     1.7000 5.6768e+02    -0.0599     0.0000      98.73    97.6787     0.0707      66771    6.20375    0.00000    34.9175    34.9167         57 0.0000e+00
   2436.000   2399.107     2.4694     2.4699  32.164142  32.164397    6.20494     1.6998 5.7246e+02    -0.0608     0.0000      98.73    97.6601     0.0703      66820    6.20488    0.00000    34.9175    34.9173         42 0.0000e+00
   2438.000   2401.065     2.4647     2.4652  32.160554  32.160600    6.20313     1.6990 5.7514e+02    -0.0597     0.0000      98.73    97.6606     0.0699      66858    6.20319    0.00000    34.9173    34.9167         36 0.0000e+00
   2440.000   2403.024     2.4620     2.4625  32.158762  32.158725    6.20413     1.6987 5.7436e+02    -0.0608     0.0000      98.73    97.6509     0.0700      66895    6.20413    0.00000    34.9170    34.9164         40 0.0000e+00
   2442.000   2404.982     2.4586     2.4578  32.156212  32.155033    6.19859     1.6972 5.7202e+02    -0.0603     0.0000      98.73    97.6610     0.0699      66949    6.19849    0.00000    34.9166    34.9160         76 0.0000e+00
   2444.000   2406.941     2.4550     2.4556  32.153767  32.153710    6.19543     1.6962 5.7543e+02    -0.0597     0.0000      98.73    97.6668     0.0700      67023    6.19540    0.00000    34.9165    34.9157         52 0.0000e+00
   2446.000   2408.899     2.4543     2.4547  32.154002  32.153892    6.19791     1.6964 5.7812e+02    -0.0608     0.0000      98.73    97.6698     0.0699      67061    6.19799    0.00000    34.9166    34.9161         35 0.0000e+00
   2448.000   2410.858     2.4469     2.4474  32.148280  32.148534    6.20096     1.6964 5.7885e+02    -0.0601     0.0000      98.73    97.6596     0.0700      67096    6.20102    0.00000    34.9166    34.9163         37 0.0000e+00
   2450.000   2412.816     2.4404     2.4411  32.143047  32.143154    6.20322     1.6964 5.7863e+02    -0.0593     0.0000      98.73    97.6651     0.0700      67141    6.20378    0.00000    34.9162    34.9157         57 0.0000e+00
   2452.000   2414.774     2.4377     2.4379  32.141296  32.140936    6.20217     1.6958 5.8095e+02    -0.0591     0.0000      98.73    97.6558     0.0701      67206    6.20297    0.00000    34.9161    34.9153         63 0.0000e+00
   2454.000   2416.732     2.4344     2.4351  32.139177  32.139172    6.20317     1.6954 5.8187e+02    -0.0598     0.0000      98.73    97.6666     0.0702      67259    6.20307    0.00000    34.9160    34.9153         45 0.0000e+00
   2456.000   2418.691     2.4310     2.4315  32.136852  32.136908    6.20522     1.6953 5.8384e+02    -0.0600     0.0000      98.73    97.6467     0.0704      67301    6.20433    0.00000    34.9159    34.9155         40 0.0000e+00
   2458.000   2420.649     2.4264     2.4271  32.133465  32.133569    6.20707     1.6952 5.8622e+02    -0.0596     0.0000      98.73    97.6597     0.0700      67344    6.20656    0.00000    34.9157    34.9151         48 0.0000e+00
   2460.000   2422.608     2.4240     2.4247  32.132010  32.132038    6.20896     1.6952 5.8862e+02    -0.0591     0.0000      98.73    97.6628     0.0701      67394    6.20883    0.00000    34.9156    34.9149         48 0.0000e+00
   2462.000   2424.566     2.4167     2.4174  32.126103  32.126560    6.21220     1.6953 5.8675e+02    -0.0594     0.0000      98.73    97.6572     0.0702      67438    6.21209    0.00000    34.9153    34.9150         42 0.0000e+00
   2464.000   2426.525     2.4090     2.4086  32.119662  32.119029    6.21399     1.6951 5.8636e+02    -0.0603     0.0000      98.73    97.6562     0.0702      67501    6.21413    0.00000    34.9148    34.9144         72 0.0000e+00
   2466.000   2428.482     2.4036     2.4040  32.115739  32.115510    6.21646     1.6950 5.9407e+02    -0.0598     0.0000      98.73    97.6552     0.0707      67578    6.21630    0.00000    34.9147    34.9140         39 0.0000e+00
   2468.000   2430.441     2.4019     2.4019  32.114900  32.114534    6.22026     1.6953 5.9360e+02    -0.0600     0.0000      98.73    97.6539     0.0703      67608    6.21971    0.00000    34.9147    34.9142         29 0.0000e+00
   2470.000   2432.399     2.3942     2.3948  32.108776  32.109074    6.22336     1.6954 5.9151e+02    -0.0600     0.0000      98.73    97.6539     0.0703      67637    6.22305    0.00000    34.9145    34.9142         30 0.0000e+00
   2472.000   2434.357     2.3821     2.3825  32.098427  32.098601    6.22725     1.6954 5.9075e+02    -0.0598     0.0000      98.73    97.6539     0.0701      67672    6.22714    0.00000    34.9139    34.9136         44 0.0000e+00
   2474.000   2436.316     2.3734     2.3780  32.090882  32.094958    6.23043     1.6954 5.9588e+02    -0.0606     0.0000      98.73    97.6445     0.0702      67748    6.23047    0.00000    34.9131    34.9130         90 0.0000e+00
   2476.000   2438.274     2.3636     2.3642  32.083186  32.083509    6.23460     1.6955 5.9720e+02    -0.0586     0.0000      98.73    97.6497     0.0700      67811    6.23443    0.00000    34.9132    34.9129         40 0.0000e+00
   2478.000   2440.232     2.3580     2.3584  32.078878  32.078657    6.24016     1.6961 5.9722e+02    -0.0602     0.0000      98.73    97.6369     0.0696      67847    6.24003    0.00000    34.9130    34.9123         34 0.0000e+00
   2480.000   2442.190     2.3578     2.3581  32.079493  32.079228    6.24009     1.6957 5.9723e+02    -0.0604     0.0000      98.73    97.6332     0.0701      67885    6.24001    0.00000    34.9130    34.9124         47 0.0000e+00
   2482.000   2444.148     2.3554     2.3550  32.078179  32.077191    6.24145     1.6955 6.0021e+02    -0.0605     0.0000      98.73    97.6275     0.0702      67942    6.24085    0.00000    34.9130    34.9123         59 0.0000e+00
