Ship_data/Irminger/Irminger-2/ctd/process/OOI/dat30_008.cnv
* Sea-Bird SBE 9 Data File:
* FileName = C:\data\ctd\at30_008.hex
* Software Version Seasave V 7.21f
* Temperature SN = 2265
* Conductivity SN = 3021
* Number of Bytes Per Scan = 40
* Number of Voltage Words = 5
* Number of Scans Averaged by the Deck Unit = 1
* NMEA Latitude = 59 43.12 N
* NMEA Longitude = 039 21.38 W
* NMEA UTC (Time) = Aug 19 2015  12:16:11
** Confirmation of seafloor depth at FLMB -2  site
# nquan = 21
# nvalues = 1426                        
# units = specified
# name 0 = prDM: Pressure, Digiquartz [db]
# name 1 = depSM: Depth [salt water, m]
# name 2 = t090C: Temperature [ITS-90, deg C]
# name 3 = t190C: Temperature, 2 [ITS-90, deg C]
# name 4 = c0mS/cm: Conductivity [mS/cm]
# name 5 = c1mS/cm: Conductivity, 2 [mS/cm]
# name 6 = sbeox0ML/L: Oxygen, SBE 43 [ml/l]
# name 7 = sbeox0V: Oxygen raw, SBE 43 [V]
# name 8 = spar: SPAR/Surface Irradiance
# name 9 = flECO-AFL: Fluorescence, WET Labs ECO-AFL/FL [mg/m^3]
# name 10 = v2: Voltage 2
# name 11 = altM: Altimeter [m]
# name 12 = CStarTr0: Beam Transmission, WET Labs C-Star [%]
# name 13 = turbWETntu0: Turbidity, WET Labs ECO [NTU]
# name 14 = scan: Scan Count
# name 15 = sbeox0ML/L: Oxygen, SBE 43 [ml/l], WS = 2
# name 16 = sbeox0dOV/dT: Oxygen, SBE 43 [dov/dt], WS = 2
# name 17 = sal00: Salinity, Practical [PSU]
# name 18 = sal11: Salinity, Practical, 2 [PSU]
# name 19 = nbin: number of scans per bin
# name 20 = flag: flag
# span 0 =      2.000,   2852.000       
# span 1 =      1.981,   2806.161       
# span 2 =     1.5231,     8.3781       
# span 3 =     1.5236,     8.3791       
# span 4 =  31.479872,  36.423672       
# span 5 =  31.480015,  36.424631       
# span 6 =    5.99431,    6.92749       
# span 7 =     1.6692,     2.5214       
# span 8 = 2.9654e+02, 4.3121e+02       
# span 9 =    -0.0343,     1.6518       
# span 10 =     0.0000,     0.0000      
# span 11 =       9.23,      99.05      
# span 12 =    93.1036,    97.5592      
# span 13 =     0.0717,     0.1400      
# span 14 =        500,      80237      
# span 15 =    5.99424,    6.92822      
# span 16 =    0.00000,    0.00000      
# span 17 =    34.8451,    34.9412      
# span 18 =    34.8452,    34.9422      
# span 19 =         31,        139      
# span 20 = 0.0000e+00, 0.0000e+00      
# interval = decibars: 2                
# start_time = Aug 19 2015 12:16:11 [NMEA time, header]
# bad_flag = -9.990e-29
*END*
[from data line 69]
    140.000    138.636     4.3495     4.3492  32.878082  32.878653    6.44252     2.2594 4.2111e+02    -0.0124     0.0000      98.78    97.2804     0.0804       8718    6.44231    0.00000    34.9361    34.9371        105 0.0000e+00
    142.000    140.616     4.3353     4.3346  32.864884  32.865143    6.43784     2.2570 4.2275e+02    -0.0111     0.0000      98.78    97.2921     0.0856       8816    6.43763    0.00000    34.9345    34.9356         92 0.0000e+00
    144.000    142.596     4.3121     4.3123  32.842891  32.844173    6.44137     2.2564 4.2544e+02    -0.0103     0.0000      98.78    97.3033     0.0822       8908    6.44121    0.00000    34.9320    34.9334         79 0.0000e+00
    146.000    144.576     4.3009     4.3003  32.832730  32.832830    6.44900     2.2574 4.2647e+02    -0.0114     0.0000      98.78    97.3056     0.0816       9002    6.44876    0.00000    34.9309    34.9316        104 0.0000e+00
    148.000    146.555     4.3089     4.3083  32.843523  32.843602    6.44130     2.2554 4.2691e+02    -0.0163     0.0000      98.78    97.2995     0.0783       9104    6.44115    0.00000    34.9340    34.9348         97 0.0000e+00
    150.000    148.535     4.2988     4.2987  32.835470  32.836077    6.43187     2.2519 4.2643e+02    -0.0149     0.0000      98.78    97.3033     0.0783       9200    6.43158    0.00000    34.9342    34.9350         86 0.0000e+00
    152.000    150.515     4.3044     4.3042  32.843474  32.843869    6.42637     2.2503 4.2593e+02    -0.0152     0.0000      98.78    97.2629     0.0827       9278    6.42617    0.00000    34.9366    34.9372         85 0.0000e+00
    154.000    152.495     4.2913     4.2915  32.831560  32.832667    6.42604     2.2491 4.2787e+02    -0.0131     0.0000      98.78    97.2598     0.0802       9393    6.42591    0.00000    34.9353    34.9364        119 0.0000e+00
    156.000    154.474     4.3104     4.3100  32.853704  32.853476    6.42101     2.2483 4.2704e+02    -0.0194     0.0000      98.78    97.2851     0.0853       9490    6.42088    0.00000    34.9402    34.9403         91 0.0000e+00
    158.000    156.454     4.3144     4.3141  32.859170  32.859486    6.41625     2.2467 4.2698e+02    -0.0172     0.0000      98.78    97.2469     0.0810       9574    6.41611    0.00000    34.9412    34.9420         82 0.0000e+00
    160.000    158.433     4.3018     4.3021  32.847797  32.849119    6.41079     2.2442 4.2753e+02    -0.0141     0.0000      98.78    97.2988     0.0786       9673    6.41057    0.00000    34.9401    34.9413        106 0.0000e+00
    162.000    160.413     4.2881     4.2880  32.835733  32.836501    6.41527     2.2443 4.2766e+02    -0.0107     0.0000      98.78    97.3109     0.0818       9781    6.41503    0.00000    34.9393    34.9403        107 0.0000e+00
    164.000    162.393     4.2820     4.2816  32.831093  32.831552    6.41974     2.2448 4.2699e+02    -0.0143     0.0000      98.78    97.2862     0.0801       9871    6.41947    0.00000    34.9393    34.9402         78 0.0000e+00
    166.000    164.372     4.2832     4.2831  32.834108  32.834722    6.41919     2.2443 4.2677e+02    -0.0197     0.0000      98.78    97.3139     0.0795       9954    6.41924    0.00000    34.9405    34.9413        105 0.0000e+00
    168.000    166.352     4.2830     4.2828  32.835099  32.835665    6.41733     2.2433 4.2665e+02    -0.0137     0.0000      98.78    97.3338     0.0801      10073    6.41706    0.00000    34.9408    34.9416         95 0.0000e+00
    170.000    168.332     4.2799     4.2799  32.833576  32.834393    6.41676     2.2426 4.2546e+02    -0.0176     0.0000      98.78    97.3350     0.0828      10156    6.41655    0.00000    34.9412    34.9422         81 0.0000e+00
    172.000    170.311     4.2711     4.2716  32.826259  32.827828    6.41861     2.2422 4.2494e+02    -0.0167     0.0000      98.78    97.3326     0.0798      10262    6.41843    0.00000    34.9407    34.9421         56 0.0000e+00
    174.000    172.291     4.2599     4.2601  32.816087  32.817345    6.41955     2.2415 4.2399e+02    -0.0150     0.0000      98.78    97.3447     0.0854      10335    6.41939    0.00000    34.9396    34.9408         81 0.0000e+00
    176.000    174.270     4.2434     4.2433  32.801074  32.802066    6.42033     2.2405 4.2382e+02    -0.0151     0.0000      98.78    97.3403     0.0815      10448    6.42023    0.00000    34.9383    34.9396         95 0.0000e+00
    178.000    176.250     4.2307     4.2305  32.789808  32.790504    6.42506     2.2407 4.2281e+02    -0.0208     0.0000      98.78    97.3403     0.0786      10544    6.42479    0.00000    34.9373    34.9384         83 0.0000e+00
    180.000    178.229     4.2277     4.2276  32.787840  32.788604    6.42793     2.2409 4.2255e+02    -0.0143     0.0000      98.78    97.3443     0.0804      10631    6.42785    0.00000    34.9371    34.9381         91 0.0000e+00
    182.000    180.209     4.2186     4.2183  32.779873  32.780499    6.42853     2.2402 4.2248e+02    -0.0210     0.0000      98.78    97.2626     0.0790      10731    6.42840    0.00000    34.9363    34.9374        109 0.0000e+00
    184.000    182.188     4.2025     4.2022  32.765328  32.765895    6.43474     2.2406 4.2140e+02    -0.0183     0.0000      98.78    97.3431     0.0794      10833    6.43456    0.00000    34.9351    34.9361         95 0.0000e+00
    186.000    184.167     4.1984     4.1984  32.762434  32.763292    6.43304     2.2396 4.2172e+02    -0.0129     0.0000      98.78    97.3474     0.0778      10920    6.43306    0.00000    34.9349    34.9359         84 0.0000e+00
    188.000    186.147     4.1943     4.1943  32.759352  32.760124    6.43561     2.2397 4.2109e+02    -0.0228     0.0000      98.78    97.3331     0.0789      11016    6.43579    0.00000    34.9345    34.9355        105 0.0000e+00
    190.000    188.126     4.1854     4.1856  32.751679  32.752864    6.43460     2.2385 4.2173e+02    -0.0165     0.0000      98.78    97.3497     0.0791      11124    6.43447    0.00000    34.9338    34.9350         91 0.0000e+00
    192.000    190.106     4.1701     4.1701  32.737657  32.738549    6.43225     2.2367 4.2058e+02    -0.0211     0.0000      98.78    97.3465     0.0796      11206    6.43211    0.00000    34.9324    34.9335        106 0.0000e+00
    194.000    192.085     4.1554     4.1557  32.724524  32.725638    6.44599     2.2392 4.2140e+02    -0.0179     0.0000      98.78    97.3546     0.0781      11318    6.44583    0.00000    34.9314    34.9324         86 0.0000e+00
    196.000    194.064     4.1446     4.1445  32.714859  32.715696    6.45121     2.2396 4.2043e+02    -0.0205     0.0000      98.78    97.3490     0.0788      11399    6.45100    0.00000    34.9303    34.9314         94 0.0000e+00
    198.000    196.044     4.1372     4.1370  32.708543  32.709101    6.44754     2.2379 4.2122e+02    -0.0151     0.0000      98.78    97.3464     0.0809      11497    6.44741    0.00000    34.9297    34.9305         99 0.0000e+00
    200.000    198.023     4.1339     4.1339  32.706224  32.706934    6.44934     2.2377 4.2157e+02    -0.0202     0.0000      98.78    97.3570     0.0799      11601    6.44919    0.00000    34.9293    34.9301        102 0.0000e+00
    202.000    200.002     4.1122     4.1117  32.685963  32.686370    6.45439     2.2376 4.2077e+02    -0.0207     0.0000      98.78    97.3586     0.0808      11692    6.45424    0.00000    34.9273    34.9283         94 0.0000e+00
    204.000    201.981     4.1024     4.1023  32.677284  32.678021    6.46018     2.2382 4.2027e+02    -0.0200     0.0000      98.78    97.3399     0.0819      11779    6.45997    0.00000    34.9263    34.9273         68 0.0000e+00
    206.000    203.961     4.0872     4.0893  32.663128  32.666384    6.45752     2.2364 4.1976e+02    -0.0245     0.0000      98.78    97.3570     0.0825      11876    6.45743    0.00000    34.9247    34.9262         75 0.0000e+00
    208.000    205.940     4.0768     4.0768  32.654316  32.654973    6.46375     2.2371 4.1908e+02    -0.0218     0.0000      98.78    97.3367     0.0800      11946    6.46358    0.00000    34.9241    34.9250         45 0.0000e+00
    210.000    207.919     4.0754     4.0753  32.653798  32.654392    6.46144     2.2360 4.1726e+02    -0.0203     0.0000      98.78    97.1638     0.0797      12012    6.46133    0.00000    34.9240    34.9247         81 0.0000e+00
    212.000    209.898     4.0768     4.0769  32.656387  32.656975    6.46668     2.2370 4.1662e+02    -0.0218     0.0000      98.78    97.3615     0.0768      12081    6.46647    0.00000    34.9244    34.9250         57 0.0000e+00
    214.000    211.877     4.0873     4.0875  32.668227  32.668791    6.46639     2.2371 4.1404e+02    -0.0201     0.0000      98.78    97.3536     0.0775      12133    6.46676    0.00000    34.9262    34.9267         46 0.0000e+00
    216.000    213.857     4.0988     4.0989  32.681455  32.681947    6.46552     2.2369 4.1401e+02    -0.0242     0.0000      98.78    97.3524     0.0812      12179    6.46568    0.00000    34.9287    34.9291         54 0.0000e+00
    218.000    215.835     4.1043     4.1043  32.688223  32.688786    6.46198     2.2357 4.1343e+02    -0.0241     0.0000      98.78    97.3656     0.0801      12244    6.46176    0.00000    34.9297    34.9304         64 0.0000e+00
    220.000    217.814     4.1028     4.1026  32.687696  32.688337    6.46050     2.2348 4.1218e+02    -0.0233     0.0000      98.78    97.3573     0.0801      12296    6.46037    0.00000    34.9296    34.9306         48 0.0000e+00
    222.000    219.793     4.0999     4.1002  32.685921  32.686790    6.46054     2.2343 4.1160e+02    -0.0156     0.0000      98.78    97.3720     0.0796      12345    6.46043    0.00000    34.9295    34.9303         46 0.0000e+00
    224.000    221.773     4.0801     4.0801  32.667059  32.668676    6.46882     2.2351 4.1065e+02    -0.0252     0.0000      98.78    97.3658     0.0819      12386    6.46868    0.00000    34.9271    34.9290         39 0.0000e+00
    226.000    223.752     4.0751     4.0749  32.662849  32.663293    6.47090     2.2349 4.1008e+02    -0.0190     0.0000      98.78    97.3691     0.0776      12430    6.47076    0.00000    34.9263    34.9271         53 0.0000e+00
    228.000    225.731     4.0751     4.0749  32.663888  32.664141    6.46992     2.2342 4.1062e+02    -0.0212     0.0000      98.78    97.3720     0.0804      12486    6.46981    0.00000    34.9265    34.9270         50 0.0000e+00
    230.000    227.710     4.0777     4.0777  32.667681  32.668490    6.47236     2.2346 4.0992e+02    -0.0222     0.0000      98.78    97.3733     0.0791      12529    6.47221    0.00000    34.9271    34.9281         42 0.0000e+00
    232.000    229.689     4.0728     4.0728  32.663874  32.664556    6.47088     2.2335 4.0947e+02    -0.0191     0.0000      98.78    97.3786     0.0825      12575    6.47079    0.00000    34.9267    34.9275         52 0.0000e+00
    234.000    231.668     4.0667     4.0669  32.658697  32.659862    6.46896     2.2323 4.0875e+02    -0.0177     0.0000      98.78    97.3744     0.0828      12631    6.46893    0.00000    34.9260    34.9272         53 0.0000e+00
    236.000    233.647     4.0492     4.0478  32.642507  32.642318    6.47578     2.2328 4.0874e+02    -0.0168     0.0000      98.78    97.1571     0.0804      12678    6.47574    0.00000    34.9243    34.9256         45 0.0000e+00
    238.000    235.626     4.0437     4.0438  32.637998  32.638569    6.47779     2.2326 4.0816e+02    -0.0169     0.0000      98.78    97.3454     0.0816      12723    6.47774    0.00000    34.9237    34.9244         47 0.0000e+00
    240.000    237.604     4.0420     4.0419  32.637302  32.637879    6.47825     2.2322 4.0701e+02    -0.0173     0.0000      98.78    97.3716     0.0796      12771    6.47820    0.00000    34.9236    34.9244         45 0.0000e+00
    242.000    239.583     4.0399     4.0397  32.636115  32.636689    6.47861     2.2318 4.0655e+02    -0.0217     0.0000      98.78    97.3673     0.0789      12814    6.47859    0.00000    34.9234    34.9242         44 0.0000e+00
    244.000    241.562     4.0393     4.0394  32.636560  32.637249    6.47735     2.2310 4.0627e+02    -0.0181     0.0000      98.78    97.3701     0.0798      12864    6.47734    0.00000    34.9235    34.9242         53 0.0000e+00
    246.000    243.541     4.0387     4.0388  32.636978  32.637645    6.47923     2.2310 4.0509e+02    -0.0175     0.0000      98.78    97.3669     0.0796      12912    6.47920    0.00000    34.9235    34.9243         45 0.0000e+00
    248.000    245.520     4.0349     4.0350  32.634161  32.634990    6.47524     2.2293 4.0466e+02    -0.0213     0.0000      98.78    97.3767     0.0818      12964    6.47498    0.00000    34.9232    34.9240         57 0.0000e+00
    250.000    247.499     4.0313     4.0316  32.631573  32.632704    6.47954     2.2298 4.0470e+02    -0.0195     0.0000      98.78    97.3860     0.0769      13013    6.47926    0.00000    34.9228    34.9238         40 0.0000e+00
    252.000    249.477     4.0282     4.0281  32.629453  32.630084    6.47645     2.2284 4.0337e+02    -0.0193     0.0000      98.78    97.3794     0.0780      13053    6.47622    0.00000    34.9226    34.9234         48 0.0000e+00
    254.000    251.456     4.0224     4.0224  32.624646  32.625572    6.47780     2.2281 4.0361e+02    -0.0164     0.0000      98.78    97.3768     0.0866      13112    6.47762    0.00000    34.9219    34.9230         56 0.0000e+00
    256.000    253.435     4.0120     4.0121  32.615382  32.616585    6.49139     2.2307 4.0343e+02    -0.0194     0.0000      98.78    97.3656     0.0798      13152    6.49136    0.00000    34.9209    34.9222         33 0.0000e+00
    258.000    255.414     4.0012     4.0013  32.605717  32.606675    6.48991     2.2294 4.0312e+02    -0.0169     0.0000      98.78    97.3863     0.0825      13192    6.48979    0.00000    34.9198    34.9209         53 0.0000e+00
    260.000    257.392     3.9921     3.9921  32.597680  32.598614    6.48782     2.2279 4.0362e+02    -0.0199     0.0000      98.78    97.3836     0.0802      13253    6.48764    0.00000    34.9189    34.9199         56 0.0000e+00
    262.000    259.371     3.9838     3.9836  32.590563  32.591365    6.50000     2.2303 4.0339e+02    -0.0199     0.0000      98.78    97.3815     0.0801      13297    6.49996    0.00000    34.9181    34.9193         40 0.0000e+00
    264.000    261.350     3.9754     3.9755  32.583424  32.584150    6.50102     2.2298 4.0366e+02    -0.0244     0.0000      98.78    97.3742     0.0790      13342    6.50097    0.00000    34.9175    34.9183         50 0.0000e+00
    266.000    263.328     3.9691     3.9690  32.578209  32.579040    6.50697     2.2306 4.0365e+02    -0.0242     0.0000      98.78    97.3839     0.0812      13392    6.50690    0.00000    34.9170    34.9181         48 0.0000e+00
    268.000    265.307     3.9624     3.9622  32.572757  32.573230    6.50957     2.2305 4.0324e+02    -0.0177     0.0000      98.78    97.3954     0.0791      13439    6.50948    0.00000    34.9165    34.9173         47 0.0000e+00
    270.000    267.286     3.9580     3.9580  32.569380  32.570012    6.50729     2.2293 4.0334e+02    -0.0222     0.0000      98.78    97.1227     0.0833      13485    6.50727    0.00000    34.9161    34.9168         45 0.0000e+00
    272.000    269.264     3.9524     3.9529  32.564683  32.565942    6.50901     2.2290 4.0359e+02    -0.0197     0.0000      98.78    97.2897     0.0800      13531    6.50899    0.00000    34.9154    34.9163         49 0.0000e+00
    274.000    271.243     3.9534     3.9536  32.566955  32.567748    6.50603     2.2278 4.0357e+02    -0.0188     0.0000      98.78    97.3928     0.0787      13584    6.50582    0.00000    34.9159    34.9167         54 0.0000e+00
