Ship_data/Irminger/Irminger-2/ctd/process/OOI/dat30_004.cnv
* Sea-Bird SBE 9 Data File:
* FileName = C:\data\ctd\at30_004.hex
* Software Version Seasave V 7.21f
* Temperature SN = 2265
* Conductivity SN = 3021
* Number of Bytes Per Scan = 40
* Number of Voltage Words = 5
* Number of Scans Averaged by the Deck Unit = 1
* NMEA Latitude = 59 57.06 N
* NMEA Longitude = 039 25.14 W
* NMEA UTC (Time) = Aug 14 2015  14:16:48
# nquan = 21
# nvalues = 1366                        
# units = specified
# name 0 = prDM: Pressure, Digiquartz [db]
# name 1 = depSM: Depth [salt water, m]
# name 2 = t090C: Temperature [ITS-90, deg C]
# name 3 = t190C: Temperature, 2 [ITS-90, deg C]
# name 4 = c0mS/cm: Conductivity [mS/cm]
# name 5 = c1mS/cm: Conductivity, 2 [mS/cm]
# name 6 = sbeox0ML/L: Oxygen, SBE 43 [ml/l]
# name 7 = sbeox0V: Oxygen raw, SBE 43 [V]
# name 8 = spar: SPAR/Surface Irradiance
# name 9 = flECO-AFL: Fluorescence, WET Labs ECO-AFL/FL [mg/m^3]
# name 10 = v2: Voltage 2
# name 11 = altM: Altimeter [m]
# name 12 = CStarTr0: Beam Transmission, WET Labs C-Star [%]
# name 13 = turbWETntu0: Turbidity, WET Labs ECO [NTU]
# name 14 = scan: Scan Count
# name 15 = sbeox0ML/L: Oxygen, SBE 43 [ml/l], WS = 2
# name 16 = sbeox0dOV/dT: Oxygen, SBE 43 [dov/dt], WS = 2
# name 17 = sal00: Salinity, Practical [PSU]
# name 18 = sal11: Salinity, Practical, 2 [PSU]
# name 19 = nbin: number of scans per bin
# name 20 = flag: flag
# span 0 =      2.000,   2732.000       
# span 1 =      1.981,   2688.787       
# span 2 =     1.4235,     8.1913       
# span 3 =     1.4242,     8.2112       
# span 4 =  31.342791,  36.248202       
# span 5 =  31.343008,  36.267330       
# span 6 =    6.01862,    7.04061       
# span 7 =     1.6880,     2.5253       
# span 8 = 2.6032e+02, 1.7497e+03       
# span 9 =    -0.0312,     1.5888       
# span 10 =     0.0000,     0.0000      
# span 11 =      10.85,      98.78      
# span 12 =    93.7189,    97.4082      
# span 13 =     0.0763,     0.1317      
# span 14 =       -198,      86377      
# span 15 =    6.01880,    7.04120      
# span 16 =    0.00000,    0.00000      
# span 17 =    34.8472,    34.9315      
# span 18 =    34.8462,    34.9308      
# span 19 =         23,        137      
# span 20 = 0.0000e+00, 0.0000e+00      
# interval = decibars: 2                
# start_time = Aug 14 2015 14:16:48 [NMEA time, header]
# bad_flag = -9.990e-29
*END*
[from data line 966]
   1934.000   1906.953     3.1875     3.1882  32.608654  32.608910    6.05092     1.7740 3.1872e+02    -0.0233     0.0000      98.78    97.3863     0.0780      63277    6.05075    0.00000    34.9295    34.9291         51 0.0000e+00
   1936.000   1908.916     3.1836     3.1842  32.606047  32.606337    6.05413     1.7742 1.2092e+03    -0.0234     0.0000      98.78    97.3919     0.0780      63316    6.05401    0.00000    34.9295    34.9292         34 0.0000e+00
   1938.000   1910.879     3.1811     3.1814  32.604501  32.604449    6.05839     1.7747 1.4931e+03    -0.0233     0.0000      98.78    97.3923     0.0780      63349    6.05831    0.00000    34.9294    34.9290         37 0.0000e+00
   1940.000   1912.842     3.1807     3.1812  32.605124  32.605097    6.05554     1.7738 3.0155e+02    -0.0239     0.0000      98.78    97.3923     0.0780      63427    6.05546    0.00000    34.9295    34.9290         63 0.0000e+00
   1942.000   1914.805     3.1802     3.1807  32.605757  32.605700    6.05451     1.7732 3.8489e+02    -0.0225     0.0000      98.78    97.3923     0.0780      63485    6.05434    0.00000    34.9299    34.9293         35 0.0000e+00
   1944.000   1916.768     3.1785     3.1790  32.604862  32.605201    6.05729     1.7734 1.5329e+03    -0.0226     0.0000      98.78    97.3830     0.0780      63518    6.05719    0.00000    34.9297    34.9295         32 0.0000e+00
   1946.000   1918.731     3.1762     3.1764  32.603652  32.603370    6.05617     1.7728 9.0739e+02    -0.0234     0.0000      98.78    97.3820     0.0780      63551    6.05619    0.00000    34.9296    34.9291         34 0.0000e+00
   1948.000   1920.694     3.1746     3.1754  32.602890  32.603339    6.05271     1.7718 3.5351e+02    -0.0233     0.0000      98.78    97.3909     0.0780      63614    6.05311    0.00000    34.9295    34.9291         64 0.0000e+00
   1950.000   1922.657     3.1728     3.1734  32.602378  32.602457    6.05306     1.7715 3.4773e+02    -0.0238     0.0000      98.78    97.3922     0.0780      63680    6.05367    0.00000    34.9298    34.9293         39 0.0000e+00
   1952.000   1924.620     3.1719     3.1725  32.602385  32.602525    6.05568     1.7715 3.4852e+02    -0.0234     0.0000      98.78    97.3845     0.0780      63715    6.05562    0.00000    34.9298    34.9293         34 0.0000e+00
   1954.000   1926.583     3.1702     3.1710  32.601628  32.601964    6.05665     1.7713 3.4834e+02    -0.0234     0.0000      98.78    97.3865     0.0780      63751    6.05656    0.00000    34.9297    34.9293         38 0.0000e+00
   1956.000   1928.546     3.1664     3.1671  32.599010  32.599222    6.05413     1.7704 3.4900e+02    -0.0236     0.0000      98.78    97.3921     0.0780      63794    6.05411    0.00000    34.9297    34.9292         50 0.0000e+00
   1958.000   1930.509     3.1655     3.1656  32.598849  32.598608    6.05453     1.7701 3.4881e+02    -0.0242     0.0000      98.78    97.3910     0.0780      63854    6.05445    0.00000    34.9295    34.9290         65 0.0000e+00
   1960.000   1932.472     3.1631     3.1637  32.597575  32.597705    6.05468     1.7697 3.4938e+02    -0.0236     0.0000      98.78    97.3937     0.0780      63912    6.05458    0.00000    34.9295    34.9291         51 0.0000e+00
   1962.000   1934.434     3.1597     3.1603  32.595127  32.595336    6.05424     1.7692 3.4894e+02    -0.0240     0.0000      98.78    97.3778     0.0780      63960    6.05415    0.00000    34.9292    34.9289         45 0.0000e+00
   1964.000   1936.397     3.1576     3.1582  32.593965  32.594105    6.05513     1.7689 3.4949e+02    -0.0240     0.0000      98.78    97.3863     0.0780      64001    6.05500    0.00000    34.9291    34.9287         39 0.0000e+00
   1966.000   1938.360     3.1556     3.1563  32.592697  32.593017    6.05600     1.7687 3.4922e+02    -0.0237     0.0000      98.78    97.3823     0.0780      64040    6.05585    0.00000    34.9288    34.9283         40 0.0000e+00
   1968.000   1940.323     3.1548     3.1553  32.592849  32.592846    6.05480     1.7681 3.4925e+02    -0.0240     0.0000      98.78    97.3889     0.0780      64088    6.05465    0.00000    34.9288    34.9283         64 0.0000e+00
   1970.000   1942.286     3.1526     3.1530  32.591665  32.591544    6.05375     1.7675 3.4927e+02    -0.0238     0.0000      98.78    97.3714     0.0780      64162    6.05361    0.00000    34.9287    34.9282         62 0.0000e+00
   1972.000   1944.248     3.1478     3.1483  32.587998  32.588224    6.05461     1.7672 9.3651e+02    -0.0229     0.0000      98.78    97.3963     0.0780      64205    6.05443    0.00000    34.9285    34.9282         35 0.0000e+00
   1974.000   1946.211     3.1449     3.1454  32.586089  32.586238    6.05681     1.7672 1.4484e+03    -0.0229     0.0000      98.78    97.3759     0.0780      64239    6.05672    0.00000    34.9284    34.9279         35 0.0000e+00
   1976.000   1948.174     3.1442     3.1441  32.586107  32.585769    6.05622     1.7668 4.0231e+02    -0.0228     0.0000      98.78    97.3858     0.0780      64297    6.05634    0.00000    34.9282    34.9278         63 0.0000e+00
   1978.000   1950.136     3.1413     3.1418  32.584768  32.584605    6.05806     1.7668 3.4825e+02    -0.0233     0.0000      98.78    97.3778     0.0780      64370    6.05850    0.00000    34.9286    34.9279         38 0.0000e+00
   1980.000   1952.099     3.1444     3.1449  32.589219  32.589236    6.05927     1.7668 7.9169e+02    -0.0240     0.0000      98.78    97.3904     0.0780      64402    6.05948    0.00000    34.9297    34.9292         32 0.0000e+00
   1982.000   1954.062     3.1444     3.1450  32.590197  32.590272    6.06007     1.7666 7.7397e+02    -0.0232     0.0000      98.78    97.3923     0.0780      64435    6.05998    0.00000    34.9299    34.9293         35 0.0000e+00
   1984.000   1956.025     3.1433     3.1438  32.589925  32.589950    6.05740     1.7657 3.8381e+02    -0.0236     0.0000      98.78    97.3923     0.0780      64477    6.05739    0.00000    34.9297    34.9293         56 0.0000e+00
   1986.000   1957.987     3.1417     3.1421  32.589369  32.589176    6.05313     1.7644 3.5086e+02    -0.0231     0.0000      98.78    97.3923     0.0780      64557    6.05295    0.00000    34.9298    34.9292         80 0.0000e+00
   1988.000   1959.950     3.1372     3.1379  32.585965  32.586274    6.05598     1.7644 3.4903e+02    -0.0239     0.0000      98.78    97.3923     0.0780      64611    6.05539    0.00000    34.9296    34.9292         43 0.0000e+00
   1990.000   1961.912     3.1342     3.1348  32.583873  32.583953    6.05761     1.7644 3.4839e+02    -0.0236     0.0000      98.78    97.3923     0.0780      64651    6.05739    0.00000    34.9293    34.9287         38 0.0000e+00
   1992.000   1963.875     3.1335     3.1341  32.584087  32.584121    6.05846     1.7644 3.4687e+02    -0.0230     0.0000      98.78    97.3919     0.0780      64685    6.05913    0.00000    34.9293    34.9288         32 0.0000e+00
   1994.000   1965.838     3.1332     3.1337  32.584517  32.584600    6.06075     1.7644 3.4704e+02    -0.0231     0.0000      98.78    97.3824     0.0780      64719    6.06062    0.00000    34.9292    34.9287         35 0.0000e+00
   1996.000   1967.800     3.1319     3.1323  32.584260  32.584399    6.05904     1.7636 3.4996e+02    -0.0236     0.0000      98.78    97.3876     0.0780      64806    6.05883    0.00000    34.9293    34.9290         49 0.0000e+00
   1998.000   1969.762     3.1291     3.1297  32.582965  32.583035    6.05899     1.7632 3.4717e+02    -0.0225     0.0000      98.78    97.3850     0.0780      64873    6.05873    0.00000    34.9297    34.9292         34 0.0000e+00
   2000.000   1971.725     3.1281     3.1288  32.583282  32.583446    6.05956     1.7630 3.6604e+02    -0.0230     0.0000      98.78    97.3860     0.0780      64907    6.05966    0.00000    34.9303    34.9296         34 0.0000e+00
   2002.000   1973.687     3.1275     3.1277  32.583409  32.583282    6.05889     1.7625 3.4869e+02    -0.0232     0.0000      98.78    97.3804     0.0780      64942    6.05869    0.00000    34.9300    34.9297         35 0.0000e+00
   2004.000   1975.650     3.1265     3.1272  32.583337  32.583561    6.05856     1.7621 3.5034e+02    -0.0238     0.0000      98.78    97.3837     0.0780      64985    6.05833    0.00000    34.9301    34.9296         62 0.0000e+00
   2006.000   1977.612     3.1257     3.1266  32.583597  32.583872    6.05884     1.7618 4.4429e+02    -0.0233     0.0000      98.78    97.3791     0.0780      65061    6.05872    0.00000    34.9302    34.9296         60 0.0000e+00
   2008.000   1979.575     3.1244     3.1250  32.583480  32.583609    6.05922     1.7615 1.3243e+03    -0.0226     0.0000      98.78    97.3852     0.0780      65098    6.05914    0.00000    34.9305    34.9301         33 0.0000e+00
   2010.000   1981.537     3.1225     3.1228  32.582346  32.582327    6.05976     1.7612 3.8086e+02    -0.0225     0.0000      98.78    97.3921     0.0780      65132    6.05954    0.00000    34.9302    34.9299         37 0.0000e+00
   2012.000   1983.499     3.1206     3.1203  32.581127  32.580377    6.05420     1.7597 3.4916e+02    -0.0232     0.0000      98.78    97.3902     0.0780      65201    6.05397    0.00000    34.9299    34.9293         59 0.0000e+00
   2014.000   1985.462     3.1168     3.1173  32.578356  32.578564    6.05277     1.7589 1.4549e+03    -0.0241     0.0000      98.78    97.3789     0.0780      65257    6.05257    0.00000    34.9296    34.9293         34 0.0000e+00
   2016.000   1987.424     3.1143     3.1148  32.576812  32.576870    6.05499     1.7589 9.0986e+02    -0.0228     0.0000      98.78    97.3895     0.0780      65289    6.05459    0.00000    34.9294    34.9289         33 0.0000e+00
   2018.000   1989.387     3.1130     3.1131  32.576337  32.575921    6.05451     1.7585 4.1203e+02    -0.0223     0.0000      98.78    97.3861     0.0780      65330    6.05412    0.00000    34.9292    34.9287         58 0.0000e+00
   2020.000   1991.349     3.1118     3.1125  32.576214  32.576452    6.05486     1.7583 3.4798e+02    -0.0235     0.0000      98.78    97.3935     0.0780      65400    6.05536    0.00000    34.9294    34.9290         59 0.0000e+00
   2022.000   1993.311     3.1078     3.1083  32.573251  32.573400    6.05822     1.7585 3.4696e+02    -0.0226     0.0000      98.78    97.3923     0.0780      65443    6.05823    0.00000    34.9292    34.9288         39 0.0000e+00
   2024.000   1995.273     3.1055     3.1061  32.572082  32.572137    6.05920     1.7582 3.4881e+02    -0.0227     0.0000      98.78    97.3923     0.0780      65480    6.05908    0.00000    34.9293    34.9287         35 0.0000e+00
   2026.000   1997.236     3.1044     3.1050  32.571926  32.572112    6.05994     1.7580 3.4943e+02    -0.0237     0.0000      98.78    97.3923     0.0780      65518    6.05988    0.00000    34.9293    34.9288         44 0.0000e+00
   2028.000   1999.198     3.1041     3.1048  32.572667  32.572803    6.05770     1.7573 3.4978e+02    -0.0228     0.0000      98.78    97.3940     0.0780      65579    6.05765    0.00000    34.9294    34.9289         75 0.0000e+00
   2030.000   2001.160     3.1020     3.1026  32.571787  32.571876    6.05892     1.7571 3.4932e+02    -0.0238     0.0000      98.78    97.3945     0.0780      65640    6.05882    0.00000    34.9297    34.9292         43 0.0000e+00
   2032.000   2003.122     3.1009     3.1015  32.571668  32.571896    6.06103     1.7572 3.4815e+02    -0.0230     0.0000      98.78    97.3785     0.0780      65676    6.06089    0.00000    34.9297    34.9293         33 0.0000e+00
   2034.000   2005.084     3.0981     3.0985  32.569987  32.569869    6.06265     1.7571 4.6760e+02    -0.0232     0.0000      98.78    97.3804     0.0780      65709    6.06244    0.00000    34.9297    34.9291         34 0.0000e+00
   2036.000   2007.047     3.0946     3.0944  32.567131  32.566655    6.05864     1.7558 3.5613e+02    -0.0230     0.0000      98.78    97.3882     0.0780      65771    6.05853    0.00000    34.9291    34.9287         59 0.0000e+00
   2038.000   2009.009     3.0878     3.0885  32.561378  32.561728    6.05910     1.7553 3.4918e+02    -0.0233     0.0000      98.78    97.3924     0.0780      65846    6.05896    0.00000    34.9284    34.9282         36 0.0000e+00
   2040.000   2010.971     3.0864     3.0872  32.561129  32.561353    6.06034     1.7552 9.7865e+02    -0.0230     0.0000      98.78    97.3923     0.0780      65878    6.06019    0.00000    34.9286    34.9281         32 0.0000e+00
   2042.000   2012.933     3.0848     3.0845  32.560398  32.559724    6.06317     1.7554 4.0196e+02    -0.0236     0.0000      98.78    97.3923     0.0780      65912    6.06307    0.00000    34.9285    34.9280         35 0.0000e+00
   2044.000   2014.895     3.0830     3.0832  32.559510  32.559238    6.06184     1.7547 3.5192e+02    -0.0232     0.0000      98.78    97.3923     0.0780      65953    6.06159    0.00000    34.9284    34.9279         52 0.0000e+00
   2046.000   2016.857     3.0798     3.0806  32.557571  32.557891    6.06092     1.7541 3.6483e+02    -0.0234     0.0000      98.78    97.3932     0.0780      66008    6.06081    0.00000    34.9285    34.9280         50 0.0000e+00
   2048.000   2018.819     3.0790     3.0797  32.557681  32.557837    6.06160     1.7539 9.2242e+02    -0.0229     0.0000      98.78    97.3960     0.0780      66053    6.06137    0.00000    34.9285    34.9280         45 0.0000e+00
   2050.000   2020.781     3.0783     3.0788  32.557820  32.557826    6.06281     1.7538 3.3719e+02    -0.0235     0.0000      98.78    97.3905     0.0780      66110    6.06271    0.00000    34.9285    34.9279         65 0.0000e+00
   2052.000   2022.743     3.0765     3.0770  32.557275  32.557336    6.06666     1.7542 3.4807e+02    -0.0240     0.0000      98.78    97.3923     0.0780      66162    6.06661    0.00000    34.9288    34.9283         39 0.0000e+00
   2054.000   2024.705     3.0733     3.0740  32.555063  32.555310    6.06960     1.7544 3.5242e+02    -0.0229     0.0000      98.78    97.3923     0.0780      66198    6.06945    0.00000    34.9285    34.9281         35 0.0000e+00
   2056.000   2026.667     3.0713     3.0719  32.553906  32.554259    6.06885     1.7538 3.4827e+02    -0.0230     0.0000      98.78    97.3923     0.0780      66239    6.06872    0.00000    34.9283    34.9281         54 0.0000e+00
   2058.000   2028.629     3.0689     3.0697  32.552471  32.552830    6.06490     1.7526 4.3513e+02    -0.0238     0.0000      98.78    97.3923     0.0780      66303    6.06484    0.00000    34.9282    34.9277         56 0.0000e+00
   2060.000   2030.591     3.0672     3.0680  32.551908  32.552139    6.06593     1.7525 1.1856e+03    -0.0225     0.0000      98.78    97.3923     0.0780      66345    6.06584    0.00000    34.9283    34.9278         38 0.0000e+00
   2062.000   2032.553     3.0665     3.0668  32.551921  32.551716    6.06395     1.7517 4.4559e+02    -0.0232     0.0000      98.78    97.3928     0.0780      66395    6.06385    0.00000    34.9281    34.9276         76 0.0000e+00
   2064.000   2034.515     3.0632     3.0637  32.549834  32.549837    6.05992     1.7505 7.4524e+02    -0.0237     0.0000      98.78    97.4015     0.0780      66468    6.05995    0.00000    34.9282    34.9276         46 0.0000e+00
   2066.000   2036.477     3.0610     3.0617  32.548916  32.549137    6.06370     1.7508 4.4471e+02    -0.0235     0.0000      98.78    97.3937     0.0780      66502    6.06362    0.00000    34.9285    34.9280         32 0.0000e+00
   2068.000   2038.439     3.0585     3.0590  32.547446  32.547431    6.06373     1.7504 1.0155e+03    -0.0229     0.0000      98.78    97.3923     0.0780      66535    6.06361    0.00000    34.9285    34.9279         36 0.0000e+00
