Ship_data/Irminger/Irminger-2/ctd/process/OOI/dat30_004.cnv
* Sea-Bird SBE 9 Data File:
* FileName = C:\data\ctd\at30_004.hex
* Software Version Seasave V 7.21f
* Temperature SN = 2265
* Conductivity SN = 3021
* Number of Bytes Per Scan = 40
* Number of Voltage Words = 5
* Number of Scans Averaged by the Deck Unit = 1
* NMEA Latitude = 59 57.06 N
* NMEA Longitude = 039 25.14 W
* NMEA UTC (Time) = Aug 14 2015  14:16:48
# nquan = 21
# nvalues = 1366                        
# units = specified
# name 0 = prDM: Pressure, Digiquartz [db]
# name 1 = depSM: Depth [salt water, m]
# name 2 = t090C: Temperature [ITS-90, deg C]
# name 3 = t190C: Temperature, 2 [ITS-90, deg C]
# name 4 = c0mS/cm: Conductivity [mS/cm]
# name 5 = c1mS/cm: Conductivity, 2 [mS/cm]
# name 6 = sbeox0ML/L: Oxygen, SBE 43 [ml/l]
# name 7 = sbeox0V: Oxygen raw, SBE 43 [V]
# name 8 = spar: SPAR/Surface Irradiance
# name 9 = flECO-AFL: Fluorescence, WET Labs ECO-AFL/FL [mg/m^3]
# name 10 = v2: Voltage 2
# name 11 = altM: Altimeter [m]
# name 12 = CStarTr0: Beam Transmission, WET Labs C-Star [%]
# name 13 = turbWETntu0: Turbidity, WET Labs ECO [NTU]
# name 14 = scan: Scan Count
# name 15 = sbeox0ML/L: Oxygen, SBE 43 [ml/l], WS = 2
# name 16 = sbeox0dOV/dT: Oxygen, SBE 43 [dov/dt], WS = 2
# name 17 = sal00: Salinity, Practical [PSU]
# name 18 = sal11: Salinity, Practical, 2 [PSU]
# name 19 = nbin: number of scans per bin
# name 20 = flag: flag
# span 0 =      2.000,   2732.000       
# span 1 =      1.981,   2688.787       
# span 2 =     1.4235,     8.1913       
# span 3 =     1.4242,     8.2112       
# span 4 =  31.342791,  36.248202       
# span 5 =  31.343008,  36.267330       
# span 6 =    6.01862,    7.04061       
# span 7 =     1.6880,     2.5253       
# span 8 = 2.6032e+02, 1.7497e+03       
# span 9 =    -0.0312,     1.5888       
# span 10 =     0.0000,     0.0000      
# span 11 =      10.85,      98.78      
# span 12 =    93.7189,    97.4082      
# span 13 =     0.0763,     0.1317      
# span 14 =       -198,      86377      
# span 15 =    6.01880,    7.04120      
# span 16 =    0.00000,    0.00000      
# span 17 =    34.8472,    34.9315      
# span 18 =    34.8462,    34.9308      
# span 19 =         23,        137      
# span 20 = 0.0000e+00, 0.0000e+00      
# interval = decibars: 2                
# start_time = Aug 14 2015 14:16:48 [NMEA time, header]
# bad_flag = -9.990e-29
*END*
[from data line 483]
    968.000    956.647     3.4538     3.4543  32.385583  32.385654    6.57425     2.0751 3.4389e+02    -0.0227     0.0000      98.78    97.3042     0.0780      39593    6.57416    0.00000    34.8639    34.8634         53 0.0000e+00
    970.000    958.619     3.4571     3.4574  32.389777  32.390095    6.57564     2.0752 3.4005e+02    -0.0228     0.0000      98.78    97.2938     0.0780      39626    6.57562    0.00000    34.8644    34.8644         33 0.0000e+00
    972.000    960.591     3.4570     3.4574  32.390544  32.390909    6.57547     2.0747 3.3948e+02    -0.0227     0.0000      98.78    97.2991     0.0780      39660    6.57536    0.00000    34.8644    34.8644         35 0.0000e+00
    974.000    962.563     3.4565     3.4569  32.390796  32.391162    6.57264     2.0736 3.4204e+02    -0.0228     0.0000      98.78    97.2966     0.0780      39706    6.57242    0.00000    34.8641    34.8641         66 0.0000e+00
    976.000    964.535     3.4558     3.4555  32.390946  32.390551    6.56952     2.0724 3.4487e+02    -0.0229     0.0000      98.78    97.2973     0.0780      39783    6.56925    0.00000    34.8640    34.8639         81 0.0000e+00
    978.000    966.507     3.4521     3.4523  32.388277  32.388368    6.57297     2.0727 3.4368e+02    -0.0227     0.0000      98.78    97.2992     0.0780      39856    6.57293    0.00000    34.8637    34.8637         52 0.0000e+00
    980.000    968.479     3.4492     3.4494  32.386303  32.386671    6.57693     2.0731 3.4077e+02    -0.0226     0.0000      98.78    97.3079     0.0780      39893    6.57691    0.00000    34.8634    34.8636         33 0.0000e+00
    982.000    970.450     3.4465     3.4470  32.384427  32.384984    6.57576     2.0723 3.4015e+02    -0.0234     0.0000      98.78    97.2923     0.0780      39926    6.57563    0.00000    34.8630    34.8632         34 0.0000e+00
    984.000    972.422     3.4459     3.4453  32.384617  32.384108    6.57450     2.0716 3.4373e+02    -0.0227     0.0000      98.78    97.2940     0.0780      40001    6.57433    0.00000    34.8628    34.8629         55 0.0000e+00
    986.000    974.394     3.4416     3.4420  32.381336  32.381824    6.58105     2.0725 3.4166e+02    -0.0231     0.0000      98.78    97.2748     0.0780      40074    6.58092    0.00000    34.8624    34.8626         35 0.0000e+00
    988.000    976.366     3.4400     3.4404  32.380607  32.380891    6.58439     2.0729 3.4141e+02    -0.0235     0.0000      98.78    97.2999     0.0780      40111    6.58431    0.00000    34.8622    34.8621         40 0.0000e+00
    990.000    978.338     3.4380     3.4384  32.379456  32.379846    6.58549     2.0728 3.4425e+02    -0.0224     0.0000      98.78    97.2988     0.0780      40152    6.58623    0.00000    34.8619    34.8620         40 0.0000e+00
    992.000    980.309     3.4378     3.4381  32.380080  32.380324    6.58721     2.0726 3.4417e+02    -0.0233     0.0000      98.78    97.2975     0.0780      40191    6.58731    0.00000    34.8619    34.8619         41 0.0000e+00
    994.000    982.281     3.4385     3.4388  32.381628  32.381931    6.58488     2.0716 3.4379e+02    -0.0228     0.0000      98.78    97.3015     0.0780      40294    6.58459    0.00000    34.8620    34.8620         47 0.0000e+00
    996.000    984.253     3.4391     3.4394  32.383188  32.383404    6.58582     2.0715 3.4474e+02    -0.0231     0.0000      98.78    97.2882     0.0780      40342    6.58554    0.00000    34.8622    34.8621         31 0.0000e+00
    998.000    986.224     3.4411     3.4413  32.386107  32.386208    6.58909     2.0719 3.4439e+02    -0.0228     0.0000      98.78    97.2898     0.0780      40373    6.58882    0.00000    34.8625    34.8624         33 0.0000e+00
   1000.000    988.196     3.4413     3.4417  32.387112  32.387444    6.58897     2.0716 3.4449e+02    -0.0231     0.0000      98.78    97.2967     0.0780      40430    6.58887    0.00000    34.8625    34.8624         82 0.0000e+00
   1002.000    990.168     3.4427     3.4433  32.389415  32.389917    6.58485     2.0702 3.4436e+02    -0.0225     0.0000      98.78    97.3011     0.0780      40504    6.58455    0.00000    34.8627    34.8627         63 0.0000e+00
   1004.000    992.139     3.4450     3.4452  32.392651  32.392724    6.58215     2.0693 3.4584e+02    -0.0230     0.0000      98.78    97.3093     0.0780      40558    6.58193    0.00000    34.8631    34.8629         41 0.0000e+00
   1006.000    994.111     3.4444     3.4446  32.392939  32.393296    6.58366     2.0692 3.4427e+02    -0.0223     0.0000      98.78    97.3021     0.0780      40593    6.58336    0.00000    34.8630    34.8632         33 0.0000e+00
   1008.000    996.083     3.4433     3.4431  32.392709  32.392435    6.58150     2.0683 3.4301e+02    -0.0226     0.0000      98.78    97.2986     0.0780      40627    6.58126    0.00000    34.8629    34.8628         39 0.0000e+00
   1010.000    998.054     3.4418     3.4422  32.391977  32.392262    6.58125     2.0677 3.4493e+02    -0.0231     0.0000      98.78    97.3023     0.0780      40693    6.58103    0.00000    34.8625    34.8625         87 0.0000e+00
   1012.000   1000.026     3.4354     3.4357  32.386489  32.386758    6.58390     2.0677 3.4588e+02    -0.0230     0.0000      98.78    97.3060     0.0780      40764    6.58362    0.00000    34.8618    34.8617         52 0.0000e+00
   1014.000   1001.998     3.4355     3.4355  32.387458  32.387217    6.58771     2.0682 3.4506e+02    -0.0230     0.0000      98.78    97.2991     0.0780      40807    6.58774    0.00000    34.8618    34.8615         39 0.0000e+00
   1016.000   1003.969     3.4362     3.4365  32.388934  32.389238    6.59155     2.0687 3.4387e+02    -0.0223     0.0000      98.78    97.3030     0.0780      40844    6.59150    0.00000    34.8618    34.8619         36 0.0000e+00
   1018.000   1005.941     3.4373     3.4378  32.390974  32.391372    6.59007     2.0680 3.4373e+02    -0.0226     0.0000      98.78    97.2957     0.0780      40888    6.58998    0.00000    34.8620    34.8620         57 0.0000e+00
   1020.000   1007.912     3.4377     3.4382  32.392290  32.392657    6.58591     2.0667 3.4477e+02    -0.0231     0.0000      98.78    97.3118     0.0780      40949    6.58593    0.00000    34.8621    34.8621         55 0.0000e+00
   1022.000   1009.883     3.4376     3.4378  32.393076  32.393141    6.58603     2.0661 3.4542e+02    -0.0237     0.0000      98.78    97.2966     0.0780      40996    6.58520    0.00000    34.8622    34.8620         45 0.0000e+00
   1024.000   1011.855     3.4364     3.4357  32.392626  32.391861    6.58587     2.0657 3.4576e+02    -0.0230     0.0000      98.78    97.2971     0.0780      41055    6.58538    0.00000    34.8619    34.8617         73 0.0000e+00
   1026.000   1013.827     3.4338     3.4342  32.391076  32.391367    6.58768     2.0657 3.4198e+02    -0.0229     0.0000      98.78    97.3067     0.0780      41116    6.58757    0.00000    34.8617    34.8616         42 0.0000e+00
   1028.000   1015.798     3.4330     3.4334  32.391160  32.391546    6.58948     2.0657 3.4192e+02    -0.0234     0.0000      98.78    97.3031     0.0780      41151    6.58944    0.00000    34.8616    34.8617         34 0.0000e+00
   1030.000   1017.769     3.4327     3.4330  32.391591  32.391910    6.58845     2.0651 3.4557e+02    -0.0228     0.0000      98.78    97.3004     0.0780      41191    6.58883    0.00000    34.8615    34.8615         50 0.0000e+00
   1032.000   1019.741     3.4326     3.4329  32.392271  32.392442    6.58830     2.0645 3.4550e+02    -0.0231     0.0000      98.78    97.3050     0.0780      41258    6.58773    0.00000    34.8614    34.8612         77 0.0000e+00
   1034.000   1021.712     3.4327     3.4331  32.393322  32.393575    6.58993     2.0645 3.4373e+02    -0.0230     0.0000      98.78    97.3148     0.0780      41322    6.58967    0.00000    34.8615    34.8614         48 0.0000e+00
   1036.000   1023.683     3.4332     3.4335  32.394817  32.395048    6.59083     2.0644 3.4481e+02    -0.0233     0.0000      98.78    97.3138     0.0780      41362    6.59071    0.00000    34.8616    34.8616         37 0.0000e+00
   1038.000   1025.655     3.4347     3.4350  32.397241  32.397487    6.59249     2.0644 3.4561e+02    -0.0231     0.0000      98.78    97.3047     0.0780      41400    6.59233    0.00000    34.8620    34.8619         43 0.0000e+00
   1040.000   1027.626     3.4345     3.4348  32.397877  32.398118    6.59123     2.0637 3.4629e+02    -0.0228     0.0000      98.78    97.2980     0.0780      41461    6.59108    0.00000    34.8619    34.8619         79 0.0000e+00
   1042.000   1029.597     3.4338     3.4342  32.398219  32.398412    6.59297     2.0637 3.4447e+02    -0.0228     0.0000      98.78    97.3145     0.0780      41530    6.59276    0.00000    34.8620    34.8619         47 0.0000e+00
   1044.000   1031.568     3.4332     3.4335  32.398313  32.398654    6.59352     2.0634 3.4406e+02    -0.0229     0.0000      98.78    97.2947     0.0780      41567    6.59330    0.00000    34.8618    34.8618         35 0.0000e+00
   1046.000   1033.540     3.4317     3.4320  32.397703  32.398049    6.59615     2.0636 3.4560e+02    -0.0229     0.0000      98.78    97.3120     0.0780      41606    6.59594    0.00000    34.8616    34.8616         45 0.0000e+00
   1048.000   1035.511     3.4314     3.4316  32.398148  32.398262    6.59347     2.0625 3.4598e+02    -0.0228     0.0000      98.78    97.3127     0.0780      41668    6.59325    0.00000    34.8614    34.8613         84 0.0000e+00
   1050.000   1037.482     3.4312     3.4317  32.398944  32.399253    6.59289     2.0620 3.4505e+02    -0.0235     0.0000      98.78    97.3115     0.0780      41738    6.59265    0.00000    34.8616    34.8614         42 0.0000e+00
   1052.000   1039.453     3.4328     3.4334  32.401435  32.401837    6.59420     2.0619 3.4476e+02    -0.0225     0.0000      98.78    97.2937     0.0780      41772    6.59392    0.00000    34.8618    34.8616         35 0.0000e+00
   1054.000   1041.425     3.4356     3.4368  32.405202  32.406268    6.59522     2.0619 3.4651e+02    -0.0226     0.0000      98.78    97.3042     0.0780      41817    6.59491    0.00000    34.8623    34.8623         55 0.0000e+00
   1056.000   1043.396     3.4372     3.4378  32.407660  32.408042    6.59429     2.0614 3.4669e+02    -0.0228     0.0000      98.78    97.3034     0.0780      41870    6.59412    0.00000    34.8625    34.8623         49 0.0000e+00
   1058.000   1045.367     3.4377     3.4384  32.408942  32.409410    6.58892     2.0597 3.4608e+02    -0.0228     0.0000      98.78    97.3063     0.0780      41936    6.58872    0.00000    34.8625    34.8623         81 0.0000e+00
   1060.000   1047.338     3.4353     3.4353  32.407497  32.407552    6.58641     2.0587 3.4602e+02    -0.0227     0.0000      98.78    97.2957     0.0780      41996    6.58627    0.00000    34.8622    34.8624         38 0.0000e+00
   1062.000   1049.309     3.4338     3.4342  32.406970  32.407186    6.58915     2.0588 3.4681e+02    -0.0225     0.0000      98.78    97.3101     0.0780      42030    6.58894    0.00000    34.8622    34.8621         34 0.0000e+00
   1064.000   1051.280     3.4332     3.4334  32.406957  32.407147    6.59049     2.0587 3.4700e+02    -0.0225     0.0000      98.78    97.2960     0.0780      42074    6.59027    0.00000    34.8618    34.8619         59 0.0000e+00
   1066.000   1053.251     3.4317     3.4319  32.406384  32.406544    6.59178     2.0585 3.4581e+02    -0.0233     0.0000      98.78    97.3142     0.0780      42136    6.59153    0.00000    34.8617    34.8617         57 0.0000e+00
   1068.000   1055.222     3.4313     3.4311  32.406693  32.406384    6.59372     2.0586 3.4833e+02    -0.0228     0.0000      98.78    97.3175     0.0780      42202    6.59351    0.00000    34.8615    34.8613         72 0.0000e+00
   1070.000   1057.194     3.4303     3.4308  32.406740  32.407080    6.59404     2.0582 3.4537e+02    -0.0227     0.0000      98.78    97.3085     0.0780      42256    6.59401    0.00000    34.8615    34.8614         37 0.0000e+00
   1072.000   1059.164     3.4304     3.4306  32.407663  32.407813    6.59470     2.0580 3.4312e+02    -0.0228     0.0000      98.78    97.2975     0.0780      42289    6.59454    0.00000    34.8615    34.8614         33 0.0000e+00
   1074.000   1061.135     3.4299     3.4304  32.407868  32.408345    6.59343     2.0572 3.4531e+02    -0.0224     0.0000      98.78    97.3003     0.0780      42329    6.59314    0.00000    34.8613    34.8613         46 0.0000e+00
   1076.000   1063.106     3.4294     3.4297  32.408414  32.408661    6.58594     2.0551 3.4713e+02    -0.0225     0.0000      98.78    97.2883     0.0780      42437    6.58575    0.00000    34.8614    34.8614         38 0.0000e+00
   1078.000   1065.078     3.4295     3.4299  32.409437  32.409672    6.58817     2.0552 3.4347e+02    -0.0226     0.0000      98.78    97.3064     0.0780      42469    6.58801    0.00000    34.8615    34.8613         33 0.0000e+00
   1080.000   1067.048     3.4310     3.4315  32.411716  32.412106    6.58837     2.0549 3.4303e+02    -0.0227     0.0000      98.78    97.3046     0.0780      42503    6.58813    0.00000    34.8616    34.8616         36 0.0000e+00
   1082.000   1069.020     3.4289     3.4290  32.410423  32.410507    6.58934     2.0546 3.4592e+02    -0.0229     0.0000      98.78    97.3071     0.0780      42541    6.58908    0.00000    34.8612    34.8612         43 0.0000e+00
   1084.000   1070.990     3.4291     3.4298  32.411484  32.411895    6.58372     2.0530 3.4836e+02    -0.0229     0.0000      98.78    97.2948     0.0780      42637    6.58353    0.00000    34.8612    34.8611         49 0.0000e+00
   1086.000   1072.961     3.4329     3.4329  32.416273  32.416289    6.58615     2.0533 3.4378e+02    -0.0231     0.0000      98.78    97.2946     0.0780      42671    6.58589    0.00000    34.8620    34.8619         31 0.0000e+00
   1088.000   1074.932     3.4301     3.4310  32.414393  32.415258    6.58789     2.0532 3.4293e+02    -0.0228     0.0000      98.78    97.2975     0.0780      42703    6.58762    0.00000    34.8617    34.8618         33 0.0000e+00
   1090.000   1076.903     3.4276     3.4275  32.412590  32.412503    6.58842     2.0528 3.4363e+02    -0.0225     0.0000      98.78    97.2797     0.0780      42737    6.58823    0.00000    34.8612    34.8611         36 0.0000e+00
   1092.000   1078.874     3.4279     3.4287  32.413664  32.414473    6.58600     2.0518 3.4844e+02    -0.0228     0.0000      98.78    97.2944     0.0780      42813    6.58574    0.00000    34.8611    34.8611         48 0.0000e+00
   1094.000   1080.845     3.4297     3.4298  32.416647  32.416669    6.58559     2.0514 4.1802e+02    -0.0226     0.0000      98.78    97.2877     0.0780      42893    6.58533    0.00000    34.8617    34.8616         33 0.0000e+00
   1096.000   1082.815     3.4302     3.4307  32.418053  32.418278    6.58737     2.0515 1.0095e+03    -0.0227     0.0000      98.78    97.3042     0.0780      42927    6.58709    0.00000    34.8618    34.8616         35 0.0000e+00
   1098.000   1084.786     3.4311     3.4318  32.419722  32.420195    6.58835     2.0513 6.0979e+02    -0.0225     0.0000      98.78    97.3090     0.0780      42962    6.58817    0.00000    34.8618    34.8617         36 0.0000e+00
   1100.000   1086.757     3.4343     3.4341  32.423681  32.423475    6.58279     2.0498 3.4788e+02    -0.0227     0.0000      98.78    97.3005     0.0780      43027    6.58266    0.00000    34.8622    34.8621         47 0.0000e+00
   1102.000   1088.728     3.4350     3.4348  32.425553  32.425113    6.57995     2.0488 8.4911e+02    -0.0226     0.0000      98.78    97.2996     0.0780      43121    6.57970    0.00000    34.8627    34.8623         33 0.0000e+00
