Ship_data/Irminger/Irminger-2/ctd/process/OOI/dat30_006.cnv
* Sea-Bird SBE 9 Data File:
* FileName = C:\data\ctd\at30_006.hex
* Software Version Seasave V 7.21f
* Temperature SN = 2265
* Conductivity SN = 3021
* Number of Bytes Per Scan = 40
* Number of Voltage Words = 5
* Number of Scans Averaged by the Deck Unit = 1
* NMEA Latitude = 59 51.06 N
* NMEA Longitude = 039 05.71 W
* NMEA UTC (Time) = Aug 17 2015  17:02:11
# nquan = 21
# nvalues = 507                         
# units = specified
# name 0 = prDM: Pressure, Digiquartz [db]
# name 1 = depSM: Depth [salt water, m]
# name 2 = t090C: Temperature [ITS-90, deg C]
# name 3 = t190C: Temperature, 2 [ITS-90, deg C]
# name 4 = c0mS/cm: Conductivity [mS/cm]
# name 5 = c1mS/cm: Conductivity, 2 [mS/cm]
# name 6 = sbeox0ML/L: Oxygen, SBE 43 [ml/l]
# name 7 = sbeox0V: Oxygen raw, SBE 43 [V]
# name 8 = spar: SPAR/Surface Irradiance
# name 9 = flECO-AFL: Fluorescence, WET Labs ECO-AFL/FL [mg/m^3]
# name 10 = v2: Voltage 2
# name 11 = altM: Altimeter [m]
# name 12 = CStarTr0: Beam Transmission, WET Labs C-Star [%]
# name 13 = turbWETntu0: Turbidity, WET Labs ECO [NTU]
# name 14 = scan: Scan Count
# name 15 = sbeox0ML/L: Oxygen, SBE 43 [ml/l], WS = 2
# name 16 = sbeox0dOV/dT: Oxygen, SBE 43 [dov/dt], WS = 2
# name 17 = sal00: Salinity, Practical [PSU]
# name 18 = sal11: Salinity, Practical, 2 [PSU]
# name 19 = nbin: number of scans per bin
# name 20 = flag: flag
# span 0 =      2.000,   1014.000       
# span 1 =      1.981,   1002.005       
# span 2 =     3.6114,     8.6155       
# span 3 =     3.6122,     8.6160       
# span 4 =  32.405350,  36.671761       
# span 5 =  32.405473,  36.671438       
# span 6 =    6.47118,    6.92520       
# span 7 =     2.0769,     2.5441       
# span 8 = 4.6044e+02, 5.7117e+02       
# span 9 =    -0.0332,     1.7924       
# span 10 =     0.0000,     0.0000      
# span 11 =      73.06,      98.80      
# span 12 =    93.5882,    97.6829      
# span 13 =     0.0738,     0.1283      
# span 14 =        254,      38080      
# span 15 =    6.47095,    6.92567      
# span 16 =    0.00000,    0.00000      
# span 17 =    34.8681,    34.9199      
# span 18 =    34.8691,    34.9209      
# span 19 =         16,        122      
# span 20 = 0.0000e+00, 0.0000e+00      
# interval = decibars: 2                
# start_time = Aug 17 2015 17:02:11 [NMEA time, header]
# bad_flag = -9.990e-29
*END*
[from data line 276]
    554.000    548.050     3.6844     3.6845  32.432435  32.432757    6.64708     2.1900 5.5368e+02    -0.0220     0.0000      98.78    97.6442     0.0781      20171    6.64699    0.00000    34.8919    34.8922         35 0.0000e+00
    556.000    550.025     3.6846     3.6847  32.433549  32.433986    6.64543     2.1891 5.5202e+02    -0.0224     0.0000      98.78    97.6428     0.0780      20203    6.64517    0.00000    34.8920    34.8924         38 0.0000e+00
    558.000    552.001     3.6851     3.6852  32.434816  32.435206    6.63756     2.1867 5.5233e+02    -0.0236     0.0000      98.78    97.6700     0.0793      20276    6.63736    0.00000    34.8919    34.8922         85 0.0000e+00
    560.000    553.977     3.6856     3.6858  32.436409  32.436853    6.64003     2.1869 5.5248e+02    -0.0203     0.0000      98.78    97.6397     0.0808      20332    6.63978    0.00000    34.8921    34.8925         39 0.0000e+00
    562.000    555.953     3.6865     3.6866  32.438211  32.438549    6.64098     2.1868 5.5165e+02    -0.0197     0.0000      98.78    97.6297     0.0768      20367    6.64071    0.00000    34.8923    34.8926         33 0.0000e+00
    564.000    557.929     3.6876     3.6878  32.440276  32.440757    6.63672     2.1854 5.5209e+02    -0.0260     0.0000      98.78    97.6497     0.0794      20403    6.63654    0.00000    34.8925    34.8928         42 0.0000e+00
    566.000    559.905     3.6874     3.6876  32.440828  32.441268    6.63267     2.1839 5.5506e+02    -0.0202     0.0000      98.78    97.6550     0.0783      20462    6.63259    0.00000    34.8923    34.8926         71 0.0000e+00
    568.000    561.880     3.6819     3.6818  32.436413  32.436516    6.63646     2.1842 5.5757e+02    -0.0272     0.0000      98.78    97.6715     0.0792      20518    6.63635    0.00000    34.8918    34.8921         38 0.0000e+00
    570.000    563.856     3.6803     3.6806  32.435671  32.436174    6.63918     2.1843 5.5823e+02    -0.0199     0.0000      98.78    97.6493     0.0794      20551    6.63900    0.00000    34.8916    34.8919         34 0.0000e+00
    572.000    565.832     3.6805     3.6808  32.436552  32.437147    6.63791     2.1836 5.6010e+02    -0.0278     0.0000      98.78    97.6544     0.0780      20609    6.63777    0.00000    34.8914    34.8918         84 0.0000e+00
    574.000    567.808     3.6789     3.6793  32.436016  32.436570    6.64113     2.1839 5.6180e+02    -0.0264     0.0000      98.78    97.6575     0.0815      20678    6.64093    0.00000    34.8914    34.8916         40 0.0000e+00
    576.000    569.783     3.6797     3.6799  32.437775  32.438104    6.64353     2.1841 5.6139e+02    -0.0271     0.0000      98.78    97.6490     0.0792      20710    6.64329    0.00000    34.8915    34.8918         31 0.0000e+00
    578.000    571.759     3.6807     3.6809  32.439680  32.440095    6.64182     2.1833 5.6132e+02    -0.0141     0.0000      98.78    97.6384     0.0795      20747    6.64161    0.00000    34.8917    34.8920         47 0.0000e+00
    580.000    573.735     3.6798     3.6801  32.439525  32.440263    6.63933     2.1822 5.6189e+02    -0.0025     0.0000      98.78    97.6340     0.0837      20802    6.63919    0.00000    34.8915    34.8920         55 0.0000e+00
    582.000    575.710     3.6792     3.6794  32.439922  32.440412    6.63869     2.1816 5.6188e+02    -0.0193     0.0000      98.78    97.6418     0.0768      20848    6.63856    0.00000    34.8915    34.8918         43 0.0000e+00
    584.000    577.686     3.6785     3.6787  32.440145  32.440546    6.63819     2.1810 5.6356e+02    -0.0207     0.0000      98.78    97.6549     0.0770      20900    6.63807    0.00000    34.8914    34.8917         61 0.0000e+00
    586.000    579.661     3.6782     3.6783  32.440818  32.441105    6.63854     2.1806 5.6520e+02    -0.0211     0.0000      98.78    97.6556     0.0806      20957    6.63823    0.00000    34.8915    34.8917         48 0.0000e+00
    588.000    581.637     3.6780     3.6782  32.441505  32.441906    6.63972     2.1805 5.6501e+02    -0.0221     0.0000      98.78    97.6420     0.0762      21001    6.63957    0.00000    34.8915    34.8917         44 0.0000e+00
    590.000    583.613     3.6780     3.6782  32.442390  32.442846    6.64101     2.1804 5.6632e+02    -0.0297     0.0000      98.78    97.6683     0.0738      21048    6.64087    0.00000    34.8915    34.8918         49 0.0000e+00
    592.000    585.588     3.6785     3.6787  32.443771  32.444181    6.63921     2.1795 5.6742e+02    -0.0238     0.0000      98.78    97.6420     0.0759      21095    6.63911    0.00000    34.8916    34.8918         45 0.0000e+00
    594.000    587.564     3.6785     3.6786  32.444635  32.445074    6.63883     2.1790 5.6737e+02    -0.0221     0.0000      98.78    97.6395     0.0777      21142    6.63872    0.00000    34.8915    34.8919         53 0.0000e+00
    596.000    589.539     3.6775     3.6777  32.444482  32.445002    6.63921     2.1786 5.6935e+02    -0.0256     0.0000      98.78    97.6659     0.0815      21199    6.63912    0.00000    34.8913    34.8917         55 0.0000e+00
    598.000    591.515     3.6778     3.6779  32.445717  32.446044    6.64238     2.1790 5.6970e+02    -0.0252     0.0000      98.78    97.6628     0.0777      21246    6.64222    0.00000    34.8914    34.8917         40 0.0000e+00
    600.000    593.490     3.6786     3.6788  32.447490  32.447783    6.64340     2.1788 5.6853e+02    -0.0278     0.0000      98.78    97.6468     0.0779      21287    6.64322    0.00000    34.8916    34.8918         45 0.0000e+00
    602.000    595.465     3.6790     3.6792  32.448620  32.449080    6.64073     2.1778 5.7017e+02    -0.0276     0.0000      98.78    97.6474     0.0792      21343    6.64061    0.00000    34.8915    34.8918         63 0.0000e+00
    604.000    597.441     3.6777     3.6779  32.448257  32.448913    6.64138     2.1774 5.7117e+02    -0.0255     0.0000      98.78    97.6580     0.0827      21396    6.64126    0.00000    34.8914    34.8919         42 0.0000e+00
    606.000    599.416     3.6758     3.6761  32.447342  32.447786    6.64126     2.1769 5.6903e+02    -0.0248     0.0000      98.78    97.6558     0.0810      21438    6.64115    0.00000    34.8912    34.8915         46 0.0000e+00
    608.000    601.392     3.6757     3.6760  32.448143  32.448554    6.63825     2.1757 5.6845e+02    -0.0281     0.0000      98.78    97.6421     0.0774      21487    6.63819    0.00000    34.8912    34.8914         48 0.0000e+00
    610.000    603.367     3.6763     3.6765  32.449673  32.450136    6.64048     2.1759 5.6850e+02    -0.0235     0.0000      98.78    97.6567     0.0803      21530    6.64038    0.00000    34.8914    34.8916         43 0.0000e+00
    612.000    605.342     3.6761     3.6763  32.450251  32.450665    6.63892     2.1751 5.6808e+02    -0.0204     0.0000      98.78    97.6569     0.0819      21591    6.63887    0.00000    34.8912    34.8914         77 0.0000e+00
    614.000    607.318     3.6772     3.6774  32.452388  32.452645    6.64153     2.1753 5.6730e+02    -0.0199     0.0000      98.78    97.6604     0.0804      21650    6.64143    0.00000    34.8915    34.8916         37 0.0000e+00
    616.000    609.293     3.6783     3.6784  32.454255  32.454654    6.64453     2.1757 5.6542e+02    -0.0178     0.0000      98.78    97.6546     0.0799      21681    6.64436    0.00000    34.8916    34.8919         29 0.0000e+00
    618.000    611.268     3.6796     3.6798  32.456491  32.456892    6.64096     2.1744 5.6356e+02    -0.0215     0.0000      98.78    97.6496     0.0790      21716    6.64081    0.00000    34.8918    34.8920         48 0.0000e+00
    620.000    613.244     3.6804     3.6807  32.458136  32.458571    6.62944     2.1711 5.6341e+02    -0.0224     0.0000      98.78    97.6521     0.0814      21782    6.62919    0.00000    34.8918    34.8921         72 0.0000e+00
    622.000    615.219     3.6792     3.6795  32.457965  32.458540    6.62978     2.1708 5.6148e+02    -0.0182     0.0000      98.78    97.6544     0.0849      21840    6.62956    0.00000    34.8918    34.8921         44 0.0000e+00
    624.000    617.194     3.6794     3.6797  32.459157  32.459538    6.63555     2.1718 5.5837e+02    -0.0219     0.0000      98.78    97.6622     0.0792      21877    6.63547    0.00000    34.8919    34.8921         36 0.0000e+00
    626.000    619.169     3.6803     3.6806  32.460867  32.461338    6.63870     2.1722 5.5564e+02    -0.0180     0.0000      98.78    97.6558     0.0790      21917    6.63856    0.00000    34.8920    34.8923         46 0.0000e+00
    628.000    621.144     3.6807     3.6810  32.462089  32.462554    6.64043     2.1722 5.5467e+02    -0.0194     0.0000      98.78    97.6409     0.0789      21975    6.64030    0.00000    34.8920    34.8922         67 0.0000e+00
    630.000    623.120     3.6810     3.6812  32.463287  32.463722    6.63949     2.1716 5.5157e+02    -0.0180     0.0000      98.78    97.6597     0.0766      22034    6.63945    0.00000    34.8921    34.8923         46 0.0000e+00
    632.000    625.095     3.6805     3.6808  32.463753  32.464292    6.63791     2.1707 5.4903e+02    -0.0317     0.0000      98.78    97.6453     0.0808      22072    6.63781    0.00000    34.8920    34.8924         34 0.0000e+00
    634.000    627.070     3.6786     3.6788  32.462757  32.463274    6.63406     2.1691 5.4632e+02    -0.0245     0.0000      98.78    97.6362     0.0863      22108    6.63324    0.00000    34.8919    34.8922         44 0.0000e+00
    636.000    629.045     3.6776     3.6779  32.462573  32.463046    6.63259     2.1685 5.4494e+02    -0.0261     0.0000      98.78    97.6423     0.0846      22169    6.63283    0.00000    34.8916    34.8919         68 0.0000e+00
    638.000    631.020     3.6777     3.6778  32.463505  32.463923    6.63776     2.1692 5.4375e+02    -0.0255     0.0000      98.78    97.6638     0.0831      22223    6.63760    0.00000    34.8916    34.8920         44 0.0000e+00
    640.000    632.995     3.6776     3.6778  32.464459  32.464899    6.64145     2.1698 5.4215e+02    -0.0180     0.0000      98.78    97.6582     0.0800      22264    6.64138    0.00000    34.8917    34.8920         40 0.0000e+00
    642.000    634.970     3.6774     3.6777  32.465037  32.465506    6.64310     2.1698 5.4028e+02    -0.0210     0.0000      98.78    97.6515     0.0783      22312    6.64321    0.00000    34.8916    34.8919         61 0.0000e+00
    644.000    636.945     3.6771     3.6774  32.465692  32.466100    6.64609     2.1698 5.4068e+02    -0.0257     0.0000      98.78    97.6519     0.0794      22373    6.64513    0.00000    34.8916    34.8918         49 0.0000e+00
    646.000    638.920     3.6768     3.6771  32.466329  32.466719    6.64693     2.1698 5.4079e+02    -0.0188     0.0000      98.78    97.6446     0.0794      22413    6.64690    0.00000    34.8916    34.8918         38 0.0000e+00
    648.000    640.895     3.6763     3.6765  32.466567  32.467044    6.64517     2.1689 5.4028e+02    -0.0202     0.0000      98.78    97.6505     0.0813      22454    6.64505    0.00000    34.8915    34.8918         46 0.0000e+00
    650.000    642.870     3.6758     3.6761  32.466966  32.467455    6.63807     2.1667 5.4073e+02    -0.0233     0.0000      98.78    97.6521     0.0764      22512    6.63790    0.00000    34.8914    34.8916         67 0.0000e+00
    652.000    644.845     3.6756     3.6759  32.467835  32.468246    6.64048     2.1668 5.4139e+02    -0.0199     0.0000      98.78    97.6322     0.0775      22570    6.64029    0.00000    34.8915    34.8917         43 0.0000e+00
    654.000    646.820     3.6755     3.6757  32.468537  32.468925    6.64486     2.1674 5.4032e+02    -0.0219     0.0000      98.78    97.6442     0.0857      22607    6.64446    0.00000    34.8914    34.8917         36 0.0000e+00
    656.000    648.795     3.6752     3.6754  32.469041  32.469469    6.64638     2.1674 5.3967e+02    -0.0279     0.0000      98.78    97.6439     0.0798      22647    6.64615    0.00000    34.8914    34.8917         47 0.0000e+00
    658.000    650.770     3.6746     3.6749  32.469295  32.469654    6.64567     2.1668 5.4103e+02    -0.0249     0.0000      98.78    97.6539     0.0786      22704    6.64549    0.00000    34.8912    34.8914         63 0.0000e+00
    660.000    652.745     3.6749     3.6750  32.470429  32.470812    6.64391     2.1660 5.4116e+02    -0.0220     0.0000      98.78    97.6468     0.0797      22761    6.64382    0.00000    34.8912    34.8915         52 0.0000e+00
    662.000    654.720     3.6735     3.6736  32.470018  32.470349    6.64487     2.1657 5.4095e+02    -0.0219     0.0000      98.78    97.6266     0.0849      22809    6.64478    0.00000    34.8911    34.8914         44 0.0000e+00
    664.000    656.695     3.6730     3.6732  32.470336  32.470700    6.64405     2.1651 5.4102e+02    -0.0251     0.0000      98.78    97.6524     0.0817      22851    6.64399    0.00000    34.8910    34.8912         41 0.0000e+00
    666.000    658.670     3.6758     3.6758  32.474093  32.474304    6.64525     2.1650 5.4053e+02    -0.0224     0.0000      98.78    97.6552     0.0801      22894    6.64515    0.00000    34.8915    34.8916         48 0.0000e+00
    668.000    660.644     3.6745     3.6748  32.473708  32.474268    6.64496     2.1645 5.4136e+02    -0.0249     0.0000      98.78    97.6377     0.0795      22951    6.64488    0.00000    34.8913    34.8916         59 0.0000e+00
    670.000    662.619     3.6729     3.6732  32.473018  32.473583    6.64635     2.1643 5.4105e+02    -0.0146     0.0000      98.78    97.6596     0.0795      22998    6.64626    0.00000    34.8911    34.8915         38 0.0000e+00
    672.000    664.594     3.6719     3.6722  32.472991  32.473480    6.64373     2.1632 5.4111e+02    -0.0217     0.0000      98.78    97.6512     0.0812      23039    6.64367    0.00000    34.8911    34.8913         50 0.0000e+00
    674.000    666.569     3.6722     3.6725  32.474124  32.474478    6.64356     2.1628 5.4248e+02    -0.0218     0.0000      98.78    97.6452     0.0804      23103    6.64353    0.00000    34.8911    34.8912         66 0.0000e+00
    676.000    668.544     3.6722     3.6725  32.475109  32.475538    6.64510     2.1627 5.4281e+02    -0.0200     0.0000      98.78    97.6553     0.0859      23153    6.64503    0.00000    34.8912    34.8914         39 0.0000e+00
    678.000    670.518     3.6722     3.6724  32.475894  32.476310    6.64338     2.1619 5.4321e+02    -0.0261     0.0000      98.78    97.6510     0.0818      23190    6.64334    0.00000    34.8911    34.8914         39 0.0000e+00
    680.000    672.493     3.6724     3.6726  32.476988  32.477467    6.63846     2.1602 5.4312e+02    -0.0250     0.0000      98.78    97.6416     0.0809      23236    6.63819    0.00000    34.8912    34.8914         52 0.0000e+00
    682.000    674.468     3.6726     3.6729  32.478109  32.478610    6.63967     2.1601 5.4285e+02    -0.0252     0.0000      98.78    97.6410     0.0799      23290    6.63939    0.00000    34.8912    34.8914         53 0.0000e+00
    684.000    676.442     3.6726     3.6728  32.478949  32.479355    6.64268     2.1605 5.4302e+02    -0.0292     0.0000      98.78    97.6364     0.0798      23340    6.64267    0.00000    34.8912    34.8914         48 0.0000e+00
    686.000    678.417     3.6707     3.6711  32.478004  32.478657    6.64161     2.1596 5.4181e+02    -0.0263     0.0000      98.78    97.6339     0.0858      23389    6.64146    0.00000    34.8909    34.8913         53 0.0000e+00
    688.000    680.392     3.6692     3.6695  32.477285  32.477848    6.64014     2.1588 5.4134e+02    -0.0327     0.0000      98.78    97.6551     0.0802      23443    6.63991    0.00000    34.8907    34.8910         50 0.0000e+00
