Ship_data/Irminger/Irminger-2/ctd/process/OOI/dat30_002.cnv
* Sea-Bird SBE 9 Data File:
* FileName = C:\data\ctd\at30_002.hex
* Software Version Seasave V 7.21f
* Temperature SN = 2265
* Conductivity SN = 3021
* Number of Bytes Per Scan = 40
* Number of Voltage Words = 5
* Number of Scans Averaged by the Deck Unit = 1
* NMEA Latitude = 42 32.00 N
* NMEA Longitude = 062 34.74 W
* NMEA UTC (Time) = Aug 07 2015  15:18:09
# nquan = 21
# nvalues = 760                         
# units = specified
# name 0 = prDM: Pressure, Digiquartz [db]
# name 1 = depSM: Depth [salt water, m]
# name 2 = t090C: Temperature [ITS-90, deg C]
# name 3 = t190C: Temperature, 2 [ITS-90, deg C]
# name 4 = c0mS/cm: Conductivity [mS/cm]
# name 5 = c1mS/cm: Conductivity, 2 [mS/cm]
# name 6 = sbeox0ML/L: Oxygen, SBE 43 [ml/l]
# name 7 = sbeox0V: Oxygen raw, SBE 43 [V]
# name 8 = spar: SPAR/Surface Irradiance
# name 9 = flECO-AFL: Fluorescence, WET Labs ECO-AFL/FL [mg/m^3]
# name 10 = v2: Voltage 2
# name 11 = altM: Altimeter [m]
# name 12 = CStarTr0: Beam Transmission, WET Labs C-Star [%]
# name 13 = turbWETntu0: Turbidity, WET Labs ECO [NTU]
# name 14 = scan: Scan Count
# name 15 = sbeox0ML/L: Oxygen, SBE 43 [ml/l], WS = 2
# name 16 = sbeox0dOV/dT: Oxygen, SBE 43 [dov/dt], WS = 2
# name 17 = sal00: Salinity, Practical [PSU]
# name 18 = sal11: Salinity, Practical, 2 [PSU]
# name 19 = nbin: number of scans per bin
# name 20 = flag: flag
# span 0 =      2.000,   1520.000       
# span 1 =      1.984,   1502.526       
# span 2 =     3.9516,    21.4168       
# span 3 =     3.9524,    21.4348       
# span 4 =  33.140674,  46.839341       
# span 5 =  33.140683,  46.855378       
# span 6 =    3.09659,    6.56351       
# span 7 =     1.4464,     2.8747       
# span 8 = 1.0206e+03, 1.9503e+03       
# span 9 =    -0.0192,     1.4889       
# span 10 =     0.0000,     0.0000      
# span 11 =      84.98,      99.11      
# span 12 =    91.8576,    97.7128      
# span 13 =     0.0679,     0.1629      
# span 14 =        426,     104131      
# span 15 =    3.09690,    6.56423      
# span 16 =    0.00000,    0.00000      
# span 17 =    31.9973,    35.7012      
# span 18 =    31.9968,    35.7002      
# span 19 =         33,        227      
# span 20 = 0.0000e+00, 0.0000e+00      
# interval = decibars: 2                
# start_time = Aug 07 2015 15:18:09 [NMEA time, header]
# bad_flag = -9.990e-29
*END*
[from data line 621]
   1244.000   1230.503     4.1654     4.1659  33.221426  33.221478    5.74306     1.8580 1.0611e+03    -0.0114     0.0000      98.78    97.7022     0.0755      51575    5.74281    0.00000    34.9614    34.9609         40 0.0000e+00
   1246.000   1232.476     4.1640     4.1644  33.220990  33.221001    5.74400     1.8579 1.0583e+03    -0.0112     0.0000      98.78    97.7023     0.0755      51618    5.74376    0.00000    34.9614    34.9609         46 0.0000e+00
   1248.000   1234.448     4.1612     4.1617  33.219171  33.219187    5.74355     1.8573 1.0565e+03    -0.0112     0.0000      98.78    97.7009     0.0755      51672    5.74332    0.00000    34.9612    34.9607         62 0.0000e+00
   1250.000   1236.421     4.1609     4.1614  33.219852  33.219838    5.74270     1.8568 1.0509e+03    -0.0107     0.0000      98.78    97.7063     0.0755      51730    5.74248    0.00000    34.9613    34.9608         50 0.0000e+00
   1252.000   1238.393     4.1604     4.1610  33.220284  33.220390    5.74396     1.8567 1.0457e+03    -0.0118     0.0000      98.78    97.7062     0.0755      51774    5.74370    0.00000    34.9614    34.9609         41 0.0000e+00
   1254.000   1240.365     4.1592     4.1597  33.220138  33.220144    5.74744     1.8571 1.0481e+03    -0.0123     0.0000      98.78    97.6985     0.0755      51819    5.74732    0.00000    34.9615    34.9609         51 0.0000e+00
   1256.000   1242.338     4.1573     4.1579  33.219293  33.219324    5.74649     1.8565 1.0490e+03    -0.0108     0.0000      98.78    97.6969     0.0755      51873    5.74632    0.00000    34.9615    34.9609         53 0.0000e+00
   1258.000   1244.310     4.1539     4.1544  33.216901  33.217020    5.74637     1.8559 1.0373e+03    -0.0112     0.0000      98.78    97.7011     0.0755      51922    5.74606    0.00000    34.9613    34.9609         46 0.0000e+00
   1260.000   1246.282     4.1492     4.1497  33.213293  33.213323    5.74543     1.8552 1.0334e+03    -0.0113     0.0000      98.78    97.6980     0.0755      51967    5.74522    0.00000    34.9609    34.9605         46 0.0000e+00
   1262.000   1248.255     4.1484     4.1488  33.213349  33.213251    5.74548     1.8548 1.0405e+03    -0.0115     0.0000      98.78    97.7051     0.0755      52016    5.74499    0.00000    34.9609    34.9603         53 0.0000e+00
   1264.000   1250.227     4.1474     4.1480  33.213288  33.213336    5.74617     1.8548 1.0418e+03    -0.0115     0.0000      98.78    97.7062     0.0755      52072    5.74660    0.00000    34.9608    34.9603         56 0.0000e+00
   1266.000   1252.199     4.1440     4.1446  33.210899  33.211047    5.74580     1.8541 1.0304e+03    -0.0109     0.0000      98.78    97.6998     0.0755      52123    5.74564    0.00000    34.9607    34.9602         45 0.0000e+00
   1268.000   1254.172     4.1415     4.1419  33.209496  33.209455    5.75051     1.8548 1.0232e+03    -0.0118     0.0000      98.78    97.7039     0.0755      52163    5.75049    0.00000    34.9606    34.9601         38 0.0000e+00
   1270.000   1256.144     4.1388     4.1393  33.207815  33.207845    5.75422     1.8552 1.0257e+03    -0.0113     0.0000      98.78    97.7024     0.0755      52205    5.75415    0.00000    34.9605    34.9600         50 0.0000e+00
   1272.000   1258.116     4.1378     4.1383  33.207758  33.207691    5.75147     1.8542 1.0308e+03    -0.0118     0.0000      98.78    97.6950     0.0755      52268    5.75142    0.00000    34.9605    34.9598         65 0.0000e+00
   1274.000   1260.088     4.1367     4.1372  33.207829  33.207775    5.75120     1.8537 1.0280e+03    -0.0112     0.0000      98.78    97.6961     0.0755      52322    5.75099    0.00000    34.9607    34.9601         47 0.0000e+00
   1276.000   1262.060     4.1349     4.1354  33.207072  33.207073    5.75283     1.8537 1.0261e+03    -0.0104     0.0000      98.78    97.6998     0.0755      52367    5.75277    0.00000    34.9607    34.9602         46 0.0000e+00
   1278.000   1264.033     4.1333     4.1338  33.206464  33.206359    5.75201     1.8532 1.0265e+03    -0.0114     0.0000      98.78    97.7061     0.0755      52412    5.75222    0.00000    34.9607    34.9600         43 0.0000e+00
   1280.000   1266.005     4.1323     4.1327  33.206292  33.206296    5.75076     1.8524 1.0285e+03    -0.0120     0.0000      98.78    97.7062     0.0755      52455    5.75073    0.00000    34.9606    34.9601         43 0.0000e+00
   1282.000   1267.977     4.1301     4.1305  33.205147  33.205027    5.74853     1.8514 1.0326e+03    -0.0111     0.0000      98.78    97.7056     0.0755      52505    5.74794    0.00000    34.9605    34.9600         61 0.0000e+00
   1284.000   1269.949     4.1260     4.1268  33.202114  33.202426    5.74991     1.8513 1.0310e+03    -0.0119     0.0000      98.78    97.6995     0.0755      52566    5.74970    0.00000    34.9603    34.9599         55 0.0000e+00
   1286.000   1271.921     4.1232     4.1231  33.200224  33.199520    5.75185     1.8513 1.0302e+03    -0.0113     0.0000      98.78    97.7003     0.0755      52616    5.75173    0.00000    34.9600    34.9593         46 0.0000e+00
   1288.000   1273.893     4.1224     4.1230  33.200318  33.200416    5.75340     1.8513 1.0312e+03    -0.0122     0.0000      98.78    97.6994     0.0755      52661    5.75336    0.00000    34.9600    34.9594         44 0.0000e+00
   1290.000   1275.865     4.1225     4.1229  33.201106  33.200982    5.75537     1.8514 1.0306e+03    -0.0104     0.0000      98.78    97.7032     0.0755      52706    5.75519    0.00000    34.9598    34.9592         48 0.0000e+00
   1292.000   1277.837     4.1214     4.1222  33.200841  33.201184    5.75591     1.8511 1.0288e+03    -0.0122     0.0000      98.78    97.6964     0.0755      52756    5.75581    0.00000    34.9596    34.9592         51 0.0000e+00
   1294.000   1279.809     4.1181     4.1187  33.198289  33.198554    5.75355     1.8501 1.0295e+03    -0.0114     0.0000      98.78    97.6911     0.0755      52804    5.75349    0.00000    34.9592    34.9588         45 0.0000e+00
   1296.000   1281.781     4.1165     4.1171  33.197662  33.197705    5.75545     1.8502 1.0336e+03    -0.0112     0.0000      98.78    97.7017     0.0755      52854    5.75535    0.00000    34.9591    34.9585         59 0.0000e+00
   1298.000   1283.753     4.1168     4.1173  33.198842  33.198679    5.75881     1.8506 1.0339e+03    -0.0119     0.0000      98.78    97.7049     0.0755      52916    5.75862    0.00000    34.9592    34.9585         55 0.0000e+00
   1300.000   1285.725     4.1155     4.1161  33.198504  33.198624    5.75927     1.8503 1.0336e+03    -0.0114     0.0000      98.78    97.7062     0.0755      52960    5.75908    0.00000    34.9591    34.9587         38 0.0000e+00
   1302.000   1287.697     4.1140     4.1146  33.197919  33.197955    5.76037     1.8501 1.0338e+03    -0.0121     0.0000      98.78    97.7062     0.0755      52997    5.76016    0.00000    34.9590    34.9585         39 0.0000e+00
   1304.000   1289.669     4.1123     4.1128  33.197247  33.197144    5.76169     1.8500 1.0362e+03    -0.0115     0.0000      98.78    97.7062     0.0755      53045    5.76145    0.00000    34.9590    34.9584         60 0.0000e+00
   1306.000   1291.641     4.1095     4.1101  33.195227  33.195190    5.75785     1.8489 1.0365e+03    -0.0113     0.0000      98.78    97.6769     0.0755      53109    5.75848    0.00000    34.9587    34.9580         59 0.0000e+00
   1308.000   1293.612     4.1088     4.1092  33.195625  33.195523    5.76059     1.8489 1.0330e+03    -0.0104     0.0000      98.78    97.7050     0.0755      53159    5.76008    0.00000    34.9589    34.9583         43 0.0000e+00
   1310.000   1295.584     4.1078     4.1083  33.195562  33.195582    5.76242     1.8490 1.0328e+03    -0.0115     0.0000      98.78    97.7064     0.0755      53199    5.76203    0.00000    34.9588    34.9583         41 0.0000e+00
   1312.000   1297.556     4.1067     4.1072  33.195246  33.195286    5.76179     1.8485 1.0345e+03    -0.0117     0.0000      98.78    97.7062     0.0755      53244    5.76151    0.00000    34.9586    34.9582         50 0.0000e+00
   1314.000   1299.528     4.1030     4.1038  33.192450  33.192782    5.76051     1.8477 1.0365e+03    -0.0113     0.0000      98.78    97.6997     0.0755      53298    5.76029    0.00000    34.9583    34.9578         55 0.0000e+00
   1316.000   1301.500     4.1002     4.1007  33.190624  33.190539    5.76165     1.8475 1.0352e+03    -0.0111     0.0000      98.78    97.7003     0.0755      53350    5.76140    0.00000    34.9580    34.9575         49 0.0000e+00
   1318.000   1303.472     4.0984     4.0989  33.189667  33.189646    5.76283     1.8474 1.0382e+03    -0.0120     0.0000      98.78    97.6974     0.0755      53399    5.76254    0.00000    34.9578    34.9573         49 0.0000e+00
   1320.000   1305.443     4.0977     4.0982  33.189940  33.189998    5.76168     1.8467 1.0412e+03    -0.0103     0.0000      98.78    97.7003     0.0755      53447    5.76147    0.00000    34.9579    34.9574         47 0.0000e+00
   1322.000   1307.415     4.0969     4.0974  33.190104  33.190044    5.76233     1.8465 1.0390e+03    -0.0114     0.0000      98.78    97.7001     0.0755      53494    5.76193    0.00000    34.9579    34.9574         49 0.0000e+00
   1324.000   1309.387     4.0951     4.0953  33.189345  33.189123    5.76416     1.8465 1.0369e+03    -0.0109     0.0000      98.78    97.6986     0.0755      53545    5.76383    0.00000    34.9580    34.9575         51 0.0000e+00
   1326.000   1311.358     4.0929     4.0933  33.188288  33.188112    5.76593     1.8466 1.0374e+03    -0.0107     0.0000      98.78    97.7033     0.0755      53594    5.76601    0.00000    34.9580    34.9574         48 0.0000e+00
   1328.000   1313.330     4.0925     4.0930  33.188785  33.188670    5.76713     1.8466 1.0409e+03    -0.0118     0.0000      98.78    97.6975     0.0755      53644    5.76762    0.00000    34.9581    34.9574         51 0.0000e+00
   1330.000   1315.302     4.0925     4.0931  33.189682  33.189652    5.76708     1.8462 1.0394e+03    -0.0118     0.0000      98.78    97.6996     0.0755      53695    5.76749    0.00000    34.9581    34.9575         51 0.0000e+00
   1332.000   1317.274     4.0924     4.0928  33.190356  33.190253    5.76792     1.8460 1.0361e+03    -0.0122     0.0000      98.78    97.6982     0.0755      53744    5.76789    0.00000    34.9581    34.9575         47 0.0000e+00
   1334.000   1319.245     4.0925     4.0930  33.191703  33.191647    5.76667     1.8453 1.0340e+03    -0.0115     0.0000      98.78    97.6958     0.0755      53791    5.76664    0.00000    34.9585    34.9579         46 0.0000e+00
   1336.000   1321.217     4.0924     4.0928  33.192503  33.192448    5.76704     1.8451 1.0328e+03    -0.0115     0.0000      98.78    97.6935     0.0755      53836    5.76689    0.00000    34.9586    34.9580         48 0.0000e+00
   1338.000   1323.188     4.0924     4.0930  33.193292  33.193336    5.76447     1.8442 1.0325e+03    -0.0117     0.0000      98.78    97.7010     0.0755      53891    5.76448    0.00000    34.9585    34.9579         59 0.0000e+00
   1340.000   1325.160     4.0923     4.0928  33.194053  33.194076    5.76408     1.8437 1.0303e+03    -0.0115     0.0000      98.78    97.7063     0.0755      53945    5.76395    0.00000    34.9585    34.9580         47 0.0000e+00
   1342.000   1327.131     4.0934     4.0937  33.196160  33.195815    5.76183     1.8428 1.0288e+03    -0.0113     0.0000      98.78    97.7055     0.0755      53989    5.76152    0.00000    34.9588    34.9581         44 0.0000e+00
   1344.000   1329.103     4.0941     4.0946  33.197692  33.197606    5.75880     1.8418 1.0310e+03    -0.0113     0.0000      98.78    97.6990     0.0755      54037    5.75857    0.00000    34.9589    34.9583         52 0.0000e+00
   1346.000   1331.075     4.0945     4.0951  33.198859  33.198955    5.75892     1.8416 1.0305e+03    -0.0114     0.0000      98.78    97.6993     0.0755      54089    5.75898    0.00000    34.9588    34.9584         50 0.0000e+00
   1348.000   1333.046     4.0946     4.0952  33.199798  33.199841    5.76135     1.8417 1.0279e+03    -0.0117     0.0000      98.78    97.7028     0.0755      54136    5.76092    0.00000    34.9589    34.9583         45 0.0000e+00
   1350.000   1335.017     4.0952     4.0955  33.201313  33.201048    5.76192     1.8416 1.0286e+03    -0.0116     0.0000      98.78    97.6962     0.0755      54183    5.76194    0.00000    34.9590    34.9584         50 0.0000e+00
   1352.000   1336.989     4.0959     4.0965  33.202941  33.203146    5.75898     1.8405 1.0322e+03    -0.0117     0.0000      98.78    97.6967     0.0755      54235    5.75831    0.00000    34.9592    34.9588         52 0.0000e+00
   1354.000   1338.961     4.0904     4.0912  33.199053  33.199469    5.76187     1.8406 1.0339e+03    -0.0118     0.0000      98.78    97.6939     0.0755      54285    5.76106    0.00000    34.9594    34.9590         49 0.0000e+00
   1356.000   1340.932     4.0884     4.0888  33.198005  33.197987    5.75947     1.8398 1.0339e+03    -0.0110     0.0000      98.78    97.6987     0.0755      54337    5.75930    0.00000    34.9593    34.9588         54 0.0000e+00
   1358.000   1342.903     4.0867     4.0873  33.197405  33.197503    5.75961     1.8394 1.0353e+03    -0.0110     0.0000      98.78    97.6857     0.0755      54385    5.75932    0.00000    34.9594    34.9589         42 0.0000e+00
   1360.000   1344.875     4.0827     4.0833  33.194534  33.194582    5.76146     1.8393 1.0373e+03    -0.0116     0.0000      98.78    97.6972     0.0755      54428    5.76126    0.00000    34.9592    34.9587         46 0.0000e+00
   1362.000   1346.846     4.0809     4.0814  33.193598  33.193693    5.75794     1.8381 1.0385e+03    -0.0115     0.0000      98.78    97.6938     0.0755      54482    5.75769    0.00000    34.9591    34.9586         60 0.0000e+00
   1364.000   1348.818     4.0778     4.0785  33.191651  33.191882    5.75656     1.8373 1.0351e+03    -0.0109     0.0000      98.78    97.6987     0.0755      54537    5.75634    0.00000    34.9590    34.9586         49 0.0000e+00
   1366.000   1350.789     4.0738     4.0743  33.188838  33.188789    5.75731     1.8370 1.0345e+03    -0.0121     0.0000      98.78    97.7032     0.0755      54582    5.75712    0.00000    34.9589    34.9584         42 0.0000e+00
   1368.000   1352.760     4.0722     4.0728  33.188207  33.188136    5.76263     1.8379 1.0355e+03    -0.0122     0.0000      98.78    97.6975     0.0755      54624    5.76255    0.00000    34.9589    34.9582         44 0.0000e+00
   1370.000   1354.731     4.0720     4.0725  33.188701  33.188711    5.76293     1.8376 1.0404e+03    -0.0115     0.0000      98.78    97.6997     0.0755      54676    5.76274    0.00000    34.9588    34.9582         60 0.0000e+00
   1372.000   1356.703     4.0718     4.0724  33.189533  33.189514    5.76095     1.8368 1.0428e+03    -0.0108     0.0000      98.78    97.6904     0.0755      54733    5.76086    0.00000    34.9589    34.9583         50 0.0000e+00
   1374.000   1358.674     4.0710     4.0714  33.189665  33.189509    5.75826     1.8358 1.0409e+03    -0.0110     0.0000      98.78    97.6985     0.0755      54780    5.75800    0.00000    34.9589    34.9583         46 0.0000e+00
   1376.000   1360.645     4.0704     4.0709  33.189929  33.189841    5.75647     1.8350 1.0367e+03    -0.0117     0.0000      98.78    97.6987     0.0755      54826    5.75622    0.00000    34.9589    34.9583         47 0.0000e+00
   1378.000   1362.616     4.0706     4.0710  33.190929  33.190806    5.75588     1.8345 1.0386e+03    -0.0120     0.0000      98.78    97.7020     0.0755      54876    5.75565    0.00000    34.9589    34.9583         52 0.0000e+00
