Ship_data/Irminger/Irminger-2/ctd/process/OOI/dat30_001.cnv
* Sea-Bird SBE 9 Data File:
* FileName = C:\data\ctd\at30_001.hex
* Software Version Seasave V 7.21f
* Temperature SN = 2265
* Conductivity SN = 3021
* Number of Bytes Per Scan = 40
* Number of Voltage Words = 5
* Number of Scans Averaged by the Deck Unit = 1
* NMEA Latitude = 42 32.87 N
* NMEA Longitude = 062 35.04 W
* NMEA UTC (Time) = Aug 07 2015  12:39:53
# nquan = 21
# nvalues = 754                         
# units = specified
# name 0 = prDM: Pressure, Digiquartz [db]
# name 1 = depSM: Depth [salt water, m]
# name 2 = t090C: Temperature [ITS-90, deg C]
# name 3 = t190C: Temperature, 2 [ITS-90, deg C]
# name 4 = c0mS/cm: Conductivity [mS/cm]
# name 5 = c1mS/cm: Conductivity, 2 [mS/cm]
# name 6 = sbeox0ML/L: Oxygen, SBE 43 [ml/l]
# name 7 = sbeox0V: Oxygen raw, SBE 43 [V]
# name 8 = spar: SPAR/Surface Irradiance
# name 9 = flECO-AFL: Fluorescence, WET Labs ECO-AFL/FL [mg/m^3]
# name 10 = v2: Voltage 2
# name 11 = altM: Altimeter [m]
# name 12 = CStarTr0: Beam Transmission, WET Labs C-Star [%]
# name 13 = turbWETntu0: Turbidity, WET Labs ECO [NTU]
# name 14 = scan: Scan Count
# name 15 = sbeox0ML/L: Oxygen, SBE 43 [ml/l], WS = 2
# name 16 = sbeox0dOV/dT: Oxygen, SBE 43 [dov/dt], WS = 2
# name 17 = sal00: Salinity, Practical [PSU]
# name 18 = sal11: Salinity, Practical, 2 [PSU]
# name 19 = nbin: number of scans per bin
# name 20 = flag: flag
# span 0 =      2.000,   1508.000       
# span 1 =      1.984,   1490.704       
# span 2 =     3.9620,    21.4479       
# span 3 =     3.9627,    21.4153       
# span 4 =  33.144237,  46.706127       
# span 5 =  33.144100,  46.812078       
# span 6 =    3.06691,    6.53870       
# span 7 =     1.4378,     2.8559       
# span 8 = 1.1966e+03, 2.0220e+03       
# span 9 =    -0.0201,     1.5116       
# span 10 =     0.0000,     0.0000      
# span 11 =      80.06,      99.52      
# span 12 =    92.3444,    97.6037      
# span 13 =     0.0642,     0.1502      
# span 14 =        386,      78590      
# span 15 =    3.06688,    6.54005      
# span 16 =    0.00000,    0.00000      
# span 17 =    31.9637,    35.7073      
# span 18 =    31.9633,    35.7065      
# span 19 =         34,        249      
# span 20 = 0.0000e+00, 0.0000e+00      
# interval = decibars: 2                
# start_time = Aug 07 2015 12:39:53 [NMEA time, header]
# bad_flag = -9.990e-29
*END*
      2.000      1.984    21.3682    21.3688  45.478841  45.478799    5.04294     2.4666 1.6377e+03     0.1100     0.0000      98.75    95.2096     0.0927        386    5.04248    0.00000    31.9637    31.9633         79 0.0000e+00
      4.000      3.968    21.3683    21.3694  45.480672  45.481070    5.02873     2.4607 1.6367e+03     0.1197     0.0000      98.75    95.2519     0.0927        739    5.02829    0.00000    31.9644    31.9639         74 0.0000e+00
      6.000      5.953    21.3629    21.3633  45.479499  45.479476    5.02249     2.4577 1.6226e+03     0.1229     0.0000      98.75    95.2676     0.0893        819    5.02205    0.00000    31.9669    31.9666         75 0.0000e+00
      8.000      7.937    21.3565    21.3578  45.482797  45.483717    5.00130     2.4489 1.6517e+03     0.1253     0.0000      98.75    95.2818     0.0901        950    5.00080    0.00000    31.9736    31.9734         93 0.0000e+00
     10.000      9.921    21.3591    21.3582  45.513736  45.511155    5.00678     2.4509 1.6493e+03     0.1302     0.0000      98.75    95.2722     0.0906       1023    5.00630    0.00000    31.9954    31.9940         81 0.0000e+00
     12.000     11.905    21.4479    21.4153  46.233700  46.155147    5.00350     2.4577 1.6708e+03     0.1415     0.0000      98.75    95.0853     0.0922       1136    5.00303    0.00000    32.4944    32.4574         93 0.0000e+00
     14.000     13.889    20.9009    20.7219  46.706127  46.812078    5.13726     2.4996 1.6728e+03     0.1621     0.0000      98.75    94.9135     0.0944       1218    5.13713    0.00000    33.2913    33.5157         94 0.0000e+00
     16.000     15.873    20.0019    19.8577  46.492959  46.396642    5.59722     2.6495 1.6698e+03     0.1912     0.0000      98.75    94.3398     0.1011       1317    5.59748    0.00000    33.8278    33.8653         95 0.0000e+00
     18.000     17.857    19.4410    19.1231  46.028884  45.777455    5.85158     2.7248 1.6668e+03     0.2550     0.0000      98.75    93.7001     0.1056       1404    5.85195    0.00000    33.8998    33.9508         77 0.0000e+00
     20.000     19.841    18.5782    18.4406  45.224606  45.121743    6.05721     2.7670 1.6861e+03     0.3547     0.0000      98.75    93.2391     0.1168       1488    6.05791    0.00000    33.9348    33.9621        111 0.0000e+00
     22.000     21.825    17.8132    17.8567  44.642849  44.707955    6.37958     2.8559 1.6963e+03     0.4251     0.0000      98.75    92.9562     0.1224       1602    6.38019    0.00000    34.0771    34.0963         82 0.0000e+00
     24.000     23.809    17.3522    17.0833  44.380587  44.172760    6.33919     2.8231 1.6760e+03     0.5280     0.0000      98.75    92.8752     0.1277       1670    6.33985    0.00000    34.2390    34.2872         76 0.0000e+00
     26.000     25.793    15.7267    15.7425  42.900720  42.934964    6.53870     2.8252 1.6709e+03     0.6727     0.0000      98.75    92.6892     0.1317       1787    6.54005    0.00000    34.3325    34.3492         79 0.0000e+00
     28.000     27.777    15.1900    14.9221  42.448849  42.216848    6.47402     2.7792 1.6808e+03     0.7040     0.0000      98.75    92.9983     0.1288       1874    6.47511    0.00000    34.3939    34.4190        107 0.0000e+00
     30.000     29.761    14.4351    14.4408  41.896067  41.904779    6.41918     2.7290 1.6761e+03     0.7843     0.0000      98.75    93.3064     0.1325       1965    6.42027    0.00000    34.5566    34.5596         71 0.0000e+00
     32.000     31.745    14.1624    14.0928  41.642827  41.589297    6.21410     2.6465 1.6823e+03     0.8242     0.0000      98.75    93.3396     0.1355       2064    6.21475    0.00000    34.5657    34.5784         91 0.0000e+00
     34.000     33.729    13.6433    13.6513  41.201687  41.211552    6.13855     2.5991 1.6831e+03     0.8251     0.0000      98.75    93.2911     0.1382       2162    6.13916    0.00000    34.6212    34.6231         69 0.0000e+00
     36.000     35.713    13.2339    13.1653  40.777312  40.728723    6.02762     2.5439 1.6729e+03     0.8645     0.0000      98.75    93.2100     0.1432       2247    6.02815    0.00000    34.5918    34.6082         96 0.0000e+00
     38.000     37.697    12.4879    12.4765  40.062830  40.049436    5.96207     2.4910 1.6688e+03     1.0266     0.0000      98.75    92.8541     0.1502       2349    5.96284    0.00000    34.5912    34.5888         80 0.0000e+00
     40.000     39.681    12.5506    12.5794  40.222567  40.278718    5.66801     2.3969 1.6585e+03     1.2692     0.0000      98.75    92.3444     0.1487       2446    5.66819    0.00000    34.6867    34.7142         94 0.0000e+00
     42.000     41.664    12.1424    12.0443  39.771671  39.680281    5.45297     2.3094 1.6543e+03     1.5116     0.0000      98.75    92.3896     0.1496       2541    5.45323    0.00000    34.6273    34.6294        110 0.0000e+00
     44.000     43.648    12.2784    12.2653  39.986846  39.965200    5.31720     2.2703 1.6727e+03     1.2803     0.0000      98.75    92.8875     0.1395       2634    5.31709    0.00000    34.7091    34.7003         78 0.0000e+00
     46.000     45.632    12.4926    12.5252  40.297438  40.322567    5.17751     2.2326 1.6655e+03     1.3565     0.0000      87.07    93.1820     0.1362       2740    5.17714    0.00000    34.8098    34.8039         91 0.0000e+00
     48.000     47.616    12.7175    12.7398  40.667928  40.691118    5.08930     2.2124 1.6534e+03     0.8316     0.0000      98.03    93.9387     0.1256       2822    5.08881    0.00000    34.9570    34.9587         78 0.0000e+00
     50.000     49.599    12.8655    12.8977  40.884170  40.927549    4.95679     2.1738 1.6648e+03     0.7174     0.0000      83.52    94.6581     0.1167       2937    4.95624    0.00000    35.0261    35.0377         80 0.0000e+00
     52.000     51.583    12.8785    12.8811  40.951046  40.954355    4.89614     2.1542 1.6736e+03     0.6196     0.0000      96.71    95.0941     0.1090       3018    4.89570    0.00000    35.0774    35.0782         92 0.0000e+00
     54.000     53.567    12.8766    12.8776  40.975040  40.976452    4.84004     2.1353 1.6878e+03     0.5695     0.0000      98.75    95.3361     0.1066       3123    4.83965    0.00000    35.1012    35.1017        111 0.0000e+00
     56.000     55.550    13.0205    13.0220  41.223850  41.209579    4.79636     2.1261 1.6887e+03     0.3963     0.0000      80.06    95.6159     0.0965       3212    4.79598    0.00000    35.2041    35.1891         72 0.0000e+00
     58.000     57.534    13.2190    13.3017  41.500928  41.611400    4.69260     2.0982 1.6793e+03     0.3975     0.0000      99.52    95.8775     0.0952       3315    4.69209    0.00000    35.2830    35.3112         97 0.0000e+00
     60.000     59.518    13.1607    13.1681  41.459745  41.471204    4.66182     2.0858 1.6807e+03     0.3524     0.0000      98.74    95.9750     0.0949       3405    4.66145    0.00000    35.2971    35.3011         96 0.0000e+00
     62.000     61.501    12.9240    12.9257  41.186458  41.189885    4.67699     2.0825 1.6804e+03     0.3151     0.0000      98.75    96.0320     0.0886       3503    4.67679    0.00000    35.2560    35.2577         89 0.0000e+00
     64.000     63.485    12.9295    12.9294  41.228718  41.226047    4.66851     2.0798 1.6704e+03     0.3251     0.0000      98.75    96.1690     0.0894       3604    4.66826    0.00000    35.2904    35.2880        109 0.0000e+00
     66.000     65.469    12.9828    12.9816  41.324915  41.319430    4.63291     2.0696 1.6694e+03     0.2470     0.0000      98.75    96.3606     0.0851       3697    4.63267    0.00000    35.3318    35.3277         91 0.0000e+00
     68.000     67.452    13.1030    13.1035  41.498961  41.496014    4.60407     2.0639 1.6659e+03     0.1737     0.0000      98.75    96.4648     0.0843       3791    4.60368    0.00000    35.3849    35.3816         85 0.0000e+00
     70.000     69.436    13.1617    13.1774  41.583869  41.603338    4.57999     2.0575 1.6733e+03     0.1976     0.0000      98.75    96.5454     0.0835       3893    4.57959    0.00000    35.4101    35.4141        109 0.0000e+00
     72.000     71.419    13.2050    13.2055  41.657443  41.655554    4.56944     2.0552 1.6685e+03     0.1470     0.0000      98.75    96.5998     0.0814       3984    4.56903    0.00000    35.4389    35.4367         80 0.0000e+00
     74.000     73.403    13.2502    13.2523  41.739230  41.739663    4.55247     2.0509 1.6634e+03     0.1358     0.0000      98.75    96.6616     0.0755       4087    4.55212    0.00000    35.4736    35.4720        109 0.0000e+00
     76.000     75.386    13.2855    13.2856  41.797614  41.795389    4.52702     2.0433 1.6568e+03     0.0999     0.0000      98.75    96.7449     0.0761       4175    4.52669    0.00000    35.4952    35.4931         82 0.0000e+00
     78.000     77.370    13.3058    13.3152  41.831953  41.843971    4.50897     2.0376 1.6052e+03     0.0922     0.0000      98.75    96.8114     0.0758       4284    4.50859    0.00000    35.5080    35.5107        101 0.0000e+00
     80.000     79.353    13.3280    13.3283  41.877484  41.877732    4.49870     2.0346 1.5877e+03     0.0618     0.0000      98.75    96.8556     0.0743       4363    4.49834    0.00000    35.5297    35.5296         80 0.0000e+00
     82.000     81.337    13.2720    13.2477  41.816804  41.791373    4.49245     2.0304 1.5506e+03     0.0472     0.0000      98.75    96.8936     0.0737       4476    4.49215    0.00000    35.5235    35.5221         99 0.0000e+00
     84.000     83.320    13.2708    13.2706  41.834255  41.832060    4.49496     2.0310 1.5379e+03     0.0377     0.0000      98.75    96.9180     0.0729       4569    4.49467    0.00000    35.5404    35.5385         94 0.0000e+00
     86.000     85.304    13.3083    13.3076  41.891979  41.887093    4.46636     2.0223 1.5065e+03     0.0259     0.0000      98.75    96.9353     0.0712       4654    4.46603    0.00000    35.5593    35.5553         81 0.0000e+00
     88.000     87.287    13.4112    13.4325  42.035080  42.060612    4.39153     2.0003 1.4757e+03     0.0266     0.0000      98.75    96.9576     0.0731       4764    4.39114    0.00000    35.5979    35.6022        106 0.0000e+00
     90.000     89.270    13.4996    13.4991  42.157571  42.155003    4.31419     1.9768 1.4375e+03     0.0177     0.0000      98.75    96.9668     0.0716       4855    4.31383    0.00000    35.6304    35.6285         70 0.0000e+00
     92.000     91.254    13.5145    13.5159  42.181490  42.180916    4.22742     1.9477 1.4139e+03     0.0070     0.0000      98.75    96.9968     0.0739       4947    4.22709    0.00000    35.6382    35.6363        111 0.0000e+00
     94.000     93.237    13.5102    13.5150  42.192797  42.197580    4.18827     1.9342 1.4452e+03     0.0101     0.0000      98.75    97.0106     0.0711       5056    4.18795    0.00000    35.6521    35.6521         98 0.0000e+00
     96.000     95.220    13.6116    13.6197  42.335500  42.344084    4.19849     1.9405 1.4198e+03     0.0029     0.0000      98.75    97.0252     0.0711       5150    4.19814    0.00000    35.6912    35.6917         88 0.0000e+00
     98.000     97.203    13.5605    13.5597  42.277234  42.275371    4.14661     1.9212 1.4373e+03     0.0026     0.0000      98.75    97.0452     0.0714       5274    4.14632    0.00000    35.6831    35.6822         85 0.0000e+00
    100.000     99.187    13.4757    13.4781  42.178484  42.179125    4.20299     1.9373 1.4734e+03    -0.0004     0.0000      98.75    97.0555     0.0704       5431    4.20275    0.00000    35.6683    35.6666        108 0.0000e+00
    102.000    101.170    13.5732    13.5699  42.315199  42.307595    4.18306     1.9333 1.4650e+03    -0.0031     0.0000      98.76    97.0849     0.0694       6257    4.18279    0.00000    35.7054    35.7013        125 0.0000e+00
    104.000    103.153    13.5656    13.5671  42.310504  42.311224    4.12557     1.9134 1.4455e+03    -0.0075     0.0000      98.75    97.1096     0.0704       6933    4.12535    0.00000    35.7072    35.7065        104 0.0000e+00
    106.000    105.136    13.5589    13.5596  42.304756  42.304134    4.10054     1.9044 1.4465e+03    -0.0081     0.0000      98.76    97.1130     0.0702       7084    4.10029    0.00000    35.7073    35.7060        128 0.0000e+00
    108.000    107.119    13.5242    13.5256  42.269260  42.271086    4.07903     1.8959 1.4644e+03    -0.0060     0.0000      98.76    97.1176     0.0703       7184    4.07879    0.00000    35.7053    35.7057         69 0.0000e+00
    110.000    109.103    13.4639    13.4492  42.201161  42.185809    4.05684     1.8863 1.4595e+03    -0.0010     0.0000      98.76    97.1164     0.0705       7279    4.05663    0.00000    35.6965    35.6957         91 0.0000e+00
    112.000    111.086    13.3730    13.3724  42.100136  42.098540    4.03674     1.8767 1.4324e+03    -0.0017     0.0000      98.76    97.1274     0.0723       7390    4.03658    0.00000    35.6851    35.6841         71 0.0000e+00
    114.000    113.069    13.3590    13.3596  42.086979  42.086431    3.99015     1.8603 1.3997e+03    -0.0077     0.0000      98.76    97.1232     0.0695       7468    3.98994    0.00000    35.6848    35.6837         93 0.0000e+00
    116.000    115.052    13.3491    13.3456  42.078918  42.075190    3.95519     1.8480 1.3877e+03    -0.0073     0.0000      98.76    97.1244     0.0689       7562    3.95496    0.00000    35.6857    35.6854        108 0.0000e+00
    118.000    117.035    13.3202    13.3210  42.049380  42.049131    3.96608     1.8505 1.3738e+03    -0.0112     0.0000      98.76    97.1259     0.0712       7670    3.96582    0.00000    35.6838    35.6828         88 0.0000e+00
    120.000    119.018    13.3049    13.3054  42.033802  42.033637    3.98133     1.8549 1.3746e+03    -0.0048     0.0000      98.76    97.1332     0.0702       7749    3.98118    0.00000    35.6826    35.6819         75 0.0000e+00
    122.000    121.001    13.2693    13.2653  41.993150  41.988217    3.99708     1.8588 1.3796e+03    -0.0074     0.0000      98.76    97.1320     0.0706       7846    3.99689    0.00000    35.6764    35.6755        120 0.0000e+00
    124.000    122.984    13.2468    13.2478  41.968588  41.968714    3.99008     1.8555 1.3788e+03    -0.0061     0.0000      98.76    97.1288     0.0718       7952    3.98987    0.00000    35.6734    35.6726         77 0.0000e+00
    126.000    124.967    13.2049    13.1963  41.919861  41.912142    3.98285     1.8516 1.3642e+03    -0.0072     0.0000      98.76    97.1400     0.0705       8022    3.98267    0.00000    35.6654    35.6662         69 0.0000e+00
    128.000    126.950    13.1575    13.1722  41.871969  41.888798    3.96099     1.8427 1.3659e+03    -0.0032     0.0000      98.76    97.1350     0.0707       8145    3.96083    0.00000    35.6635    35.6658         72 0.0000e+00
    130.000    128.933    13.1659    13.1653  41.890865  41.889488    3.92554     1.8308 1.3738e+03    -0.0099     0.0000      98.76    97.1396     0.0690       8213    3.92531    0.00000    35.6728    35.6720         74 0.0000e+00
    132.000    130.916    13.1829    13.1821  41.917408  41.913419    3.88449     1.8173 1.3905e+03    -0.0118     0.0000      98.76    97.1419     0.0702       8327    3.88416    0.00000    35.6813    35.6782         66 0.0000e+00
    134.000    132.899    13.2293    13.2361  41.982247  41.990323    3.95438     1.8416 1.3959e+03    -0.0038     0.0000      98.76    97.1516     0.0708       8403    3.95409    0.00000    35.6985    35.6998        109 0.0000e+00
    136.000    134.882    13.2222    13.2244  41.980174  41.982103    4.06691     1.8786 1.3889e+03    -0.0096     0.0000      98.76    97.1572     0.0683       8514    4.06660    0.00000    35.7023    35.7021         84 0.0000e+00
