Ship_data/Irminger/Irminger-2/ctd/process/OOI/dat30_006.cnv
* Sea-Bird SBE 9 Data File:
* FileName = C:\data\ctd\at30_006.hex
* Software Version Seasave V 7.21f
* Temperature SN = 2265
* Conductivity SN = 3021
* Number of Bytes Per Scan = 40
* Number of Voltage Words = 5
* Number of Scans Averaged by the Deck Unit = 1
* NMEA Latitude = 59 51.06 N
* NMEA Longitude = 039 05.71 W
* NMEA UTC (Time) = Aug 17 2015  17:02:11
# nquan = 21
# nvalues = 507                         
# units = specified
# name 0 = prDM: Pressure, Digiquartz [db]
# name 1 = depSM: Depth [salt water, m]
# name 2 = t090C: Temperature [ITS-90, deg C]
# name 3 = t190C: Temperature, 2 [ITS-90, deg C]
# name 4 = c0mS/cm: Conductivity [mS/cm]
# name 5 = c1mS/cm: Conductivity, 2 [mS/cm]
# name 6 = sbeox0ML/L: Oxygen, SBE 43 [ml/l]
# name 7 = sbeox0V: Oxygen raw, SBE 43 [V]
# name 8 = spar: SPAR/Surface Irradiance
# name 9 = flECO-AFL: Fluorescence, WET Labs ECO-AFL/FL [mg/m^3]
# name 10 = v2: Voltage 2
# name 11 = altM: Altimeter [m]
# name 12 = CStarTr0: Beam Transmission, WET Labs C-Star [%]
# name 13 = turbWETntu0: Turbidity, WET Labs ECO [NTU]
# name 14 = scan: Scan Count
# name 15 = sbeox0ML/L: Oxygen, SBE 43 [ml/l], WS = 2
# name 16 = sbeox0dOV/dT: Oxygen, SBE 43 [dov/dt], WS = 2
# name 17 = sal00: Salinity, Practical [PSU]
# name 18 = sal11: Salinity, Practical, 2 [PSU]
# name 19 = nbin: number of scans per bin
# name 20 = flag: flag
# span 0 =      2.000,   1014.000       
# span 1 =      1.981,   1002.005       
# span 2 =     3.6114,     8.6155       
# span 3 =     3.6122,     8.6160       
# span 4 =  32.405350,  36.671761       
# span 5 =  32.405473,  36.671438       
# span 6 =    6.47118,    6.92520       
# span 7 =     2.0769,     2.5441       
# span 8 = 4.6044e+02, 5.7117e+02       
# span 9 =    -0.0332,     1.7924       
# span 10 =     0.0000,     0.0000      
# span 11 =      73.06,      98.80      
# span 12 =    93.5882,    97.6829      
# span 13 =     0.0738,     0.1283      
# span 14 =        254,      38080      
# span 15 =    6.47095,    6.92567      
# span 16 =    0.00000,    0.00000      
# span 17 =    34.8681,    34.9199      
# span 18 =    34.8691,    34.9209      
# span 19 =         16,        122      
# span 20 = 0.0000e+00, 0.0000e+00      
# interval = decibars: 2                
# start_time = Aug 17 2015 17:02:11 [NMEA time, header]
# bad_flag = -9.990e-29
*END*
      2.000      1.981     8.6155     8.6160  36.671307  36.671414    6.53101     2.5150 4.6477e+02     0.6341     0.0000      98.77    94.3379     0.1052        254    6.53068    0.00000    34.8773    34.8770         93 0.0000e+00
      4.000      3.962     8.6149     8.6149  36.671761  36.671438    6.53259     2.5149 4.6494e+02     0.6898     0.0000      98.77    94.3732     0.1057        462    6.53229    0.00000    34.8775    34.8771         84 0.0000e+00
      6.000      5.943     8.6105     8.6122  36.668635  36.669781    6.53494     2.5150 4.6349e+02     0.7312     0.0000      98.77    94.3664     0.1096        572    6.53468    0.00000    34.8775    34.8771         90 0.0000e+00
      8.000      7.924     8.6038     8.6029  36.663413  36.662316    6.53858     2.5152 4.6218e+02     0.7824     0.0000      98.77    94.3734     0.1067        658    6.53829    0.00000    34.8777    34.8774         70 0.0000e+00
     10.000      9.906     8.5971     8.5955  36.658096  36.656450    6.54515     2.5164 4.6207e+02     0.8424     0.0000      98.77    94.3747     0.1052        776    6.54489    0.00000    34.8777    34.8775         67 0.0000e+00
     12.000     11.887     8.5957     8.5947  36.657722  36.656528    6.54435     2.5156 4.6200e+02     0.8604     0.0000      98.78    94.3699     0.1083        849    6.54412    0.00000    34.8777    34.8774         83 0.0000e+00
     14.000     13.868     8.5399     8.5429  36.607209  36.611550    6.55310     2.5152 4.6462e+02     0.8414     0.0000      98.77    94.3753     0.1040        955    6.55241    0.00000    34.8783    34.8799        110 0.0000e+00
     16.000     15.849     8.4385     8.4150  36.510942  36.485684    6.58212     2.5187 4.6576e+02     0.9368     0.0000      98.77    94.3101     0.1074       1042    6.58191    0.00000    34.8755    34.8720         81 0.0000e+00
     18.000     17.830     8.2958     8.2946  36.376231  36.382289    6.62353     2.5240 4.6513e+02     1.0313     0.0000      98.77    94.0865     0.1086       1151    6.62346    0.00000    34.8725    34.8802         87 0.0000e+00
     20.000     19.811     8.1316     8.1237  36.220263  36.215419    6.69575     2.5375 4.6263e+02     1.2480     0.0000      98.77    93.7778     0.1101       1236    6.69575    0.00000    34.8681    34.8708        103 0.0000e+00
     22.000     21.792     8.0825     8.0835  36.176739  36.177488    6.72729     2.5441 4.6070e+02     1.3918     0.0000      98.78    93.6874     0.1098       1333    6.72729    0.00000    34.8694    34.8692         83 0.0000e+00
     24.000     23.772     8.0711     8.0687  36.167333  36.166176    6.72001     2.5408 4.6044e+02     1.4764     0.0000      98.77    93.6011     0.1141       1426    6.71984    0.00000    34.8697    34.8708        111 0.0000e+00
     26.000     25.754     8.0522     8.0526  36.151258  36.151475    6.71288     2.5373 4.6098e+02     1.5166     0.0000      98.77    93.5930     0.1132       1532    6.71258    0.00000    34.8703    34.8701         76 0.0000e+00
     28.000     27.734     8.0359     8.0327  36.135897  36.133012    6.71130     2.5355 4.6188e+02     1.5509     0.0000      98.77    93.6749     0.1146       1610    6.71101    0.00000    34.8691    34.8691        100 0.0000e+00
     30.000     29.715     8.0259     8.0207  36.128186  36.123828    6.70503     2.5327 4.6558e+02     1.6776     0.0000      98.78    93.5882     0.1129       1720    6.70486    0.00000    34.8697    34.8703         99 0.0000e+00
     32.000     31.696     8.0093     8.0086  36.114030  36.113345    6.69970     2.5297 4.6806e+02     1.6687     0.0000      98.77    93.7517     0.1143       1794    6.69939    0.00000    34.8701    34.8701         66 0.0000e+00
     34.000     33.677     7.9974     7.9990  36.103235  36.105080    6.69528     2.5273 4.7147e+02     1.7458     0.0000      98.77    93.8999     0.1114       1916    6.69507    0.00000    34.8694    34.8698         70 0.0000e+00
     36.000     35.658     7.9831     7.9832  36.090816  36.091105    6.70034     2.5276 4.7245e+02     1.7439     0.0000      98.78    93.8897     0.1139       2000    6.70011    0.00000    34.8693    34.8695         73 0.0000e+00
     38.000     37.639     7.9598     7.9601  36.070165  36.070971    6.70053     2.5261 4.7291e+02     1.7140     0.0000      98.77    94.2507     0.1283       2086    6.70030    0.00000    34.8694    34.8700         51 0.0000e+00
     40.000     39.620     7.8872     7.9042  36.003553  36.022880    6.69781     2.5213 4.7306e+02     1.7587     0.0000      85.50    94.3077     0.1199       2199    6.69760    0.00000    34.8692    34.8730         71 0.0000e+00
     42.000     41.600     7.7016     7.6698  35.832491  35.806787    6.72594     2.5203 4.7297e+02     1.7488     0.0000      97.65    94.4518     0.1174       2273    6.72587    0.00000    34.8691    34.8732         79 0.0000e+00
     44.000     43.581     7.5140     7.4787  35.660243  35.630743    6.76818     2.5234 4.7323e+02     1.7721     0.0000      98.78    94.4510     0.1108       2386    6.76825    0.00000    34.8695    34.8728        102 0.0000e+00
     46.000     45.562     7.3363     7.3357  35.497280  35.496938    6.79354     2.5218 4.7181e+02     1.6694     0.0000      98.77    94.6646     0.1093       2467    6.79367    0.00000    34.8698    34.8700         77 0.0000e+00
     48.000     47.542     7.2518     7.2204  35.419810  35.391726    6.79580     2.5178 4.7133e+02     1.7924     0.0000      98.78    94.7025     0.1067       2565    6.79578    0.00000    34.8692    34.8702        113 0.0000e+00
     50.000     49.523     7.0654     7.0631  35.249910  35.250201    6.80894     2.5121 4.7104e+02     1.7430     0.0000      98.77    94.7948     0.1150       2669    6.80898    0.00000    34.8702    34.8729         88 0.0000e+00
     52.000     51.504     6.8045     6.8043  35.009874  35.014614    6.84999     2.5108 4.6997e+02     1.7571     0.0000      98.77    94.7812     0.1055       2732    6.85024    0.00000    34.8690    34.8744         58 0.0000e+00
     54.000     53.484     6.7623     6.7513  34.973902  34.968522    6.82595     2.5013 4.7154e+02     1.7835     0.0000      97.03    94.8826     0.1053       2877    6.82601    0.00000    34.8710    34.8762         64 0.0000e+00
     56.000     55.465     6.5494     6.5483  34.779886  34.781832    6.85184     2.4979 4.7105e+02     1.7066     0.0000      84.41    94.9817     0.1052       2928    6.85208    0.00000    34.8714    34.8747         70 0.0000e+00
     58.000     57.446     6.4584     6.4122  34.697809  34.662561    6.83732     2.4887 4.7368e+02     1.6745     0.0000      98.23    95.0712     0.1048       3046    6.83742    0.00000    34.8717    34.8796         72 0.0000e+00
     60.000     59.426     5.9931     5.9912  34.274954  34.278985    6.90848     2.4857 4.7448e+02     1.6199     0.0000      98.77    95.1438     0.1028       3126    6.90900    0.00000    34.8731    34.8796         88 0.0000e+00
     62.000     61.407     5.6918     5.6900  34.002512  34.006429    6.92520     2.4749 4.7536e+02     1.5884     0.0000      98.78    95.3464     0.1082       3240    6.92567    0.00000    34.8744    34.8807         98 0.0000e+00
     64.000     63.388     5.4781     5.4777  33.816866  33.820032    6.89976     2.4568 4.7596e+02     1.4014     0.0000      98.78    95.5152     0.1085       3311    6.90024    0.00000    34.8829    34.8870         64 0.0000e+00
     66.000     65.368     5.3597     5.3582  33.713864  33.713707    6.83135     2.4313 4.7688e+02     1.3820     0.0000      98.78    95.6149     0.1023       3414    6.83164    0.00000    34.8869    34.8883        106 0.0000e+00
     68.000     67.349     5.2521     5.2519  33.623047  33.624393    6.76879     2.4081 4.7887e+02     1.2332     0.0000      98.77    95.8986     0.1012       3516    6.76896    0.00000    34.8936    34.8953        103 0.0000e+00
     70.000     69.329     5.1776     5.1771  33.562914  33.563586    6.74123     2.3964 4.7957e+02     1.0019     0.0000      98.78    96.1279     0.1010       3607    6.74134    0.00000    34.9010    34.9023         79 0.0000e+00
     72.000     71.310     5.1021     5.1016  33.498744  33.500152    6.70318     2.3818 4.7981e+02     0.8531     0.0000      98.78    96.3453     0.0989       3698    6.70324    0.00000    34.9047    34.9069         97 0.0000e+00
     74.000     73.290     5.0311     5.0307  33.437115  33.437604    6.68401     2.3726 4.7899e+02     0.6954     0.0000      98.78    96.5071     0.1039       3796    6.68403    0.00000    34.9067    34.9076        112 0.0000e+00
     76.000     75.271     5.0102     5.0105  33.420266  33.421212    6.65796     2.3639 4.7726e+02     0.5983     0.0000      98.78    96.5532     0.0896       3898    6.65789    0.00000    34.9079    34.9087         75 0.0000e+00
     78.000     77.251     4.9601     4.9621  33.376741  33.380588    6.64918     2.3586 4.7618e+02     0.5646     0.0000      98.78    96.5919     0.0896       3978    6.64914    0.00000    34.9089    34.9113         80 0.0000e+00
     80.000     79.231     4.8851     4.8852  33.309731  33.311914    6.64624     2.3537 4.7489e+02     0.5397     0.0000      98.78    96.6305     0.0966       4088    6.64629    0.00000    34.9087    34.9111         77 0.0000e+00
     82.000     81.212     4.7946     4.7948  33.228150  33.229822    6.65604     2.3515 4.7464e+02     0.4835     0.0000      98.78    96.6595     0.0911       4174    6.65599    0.00000    34.9078    34.9095         91 0.0000e+00
     84.000     83.192     4.7697     4.7697  33.211154  33.211923    6.64177     2.3460 4.7523e+02     0.4850     0.0000      98.78    96.6905     0.0927       4269    6.64173    0.00000    34.9131    34.9139        100 0.0000e+00
     86.000     85.172     4.7357     4.7360  33.183041  33.184212    6.61805     2.3374 4.7517e+02     0.4297     0.0000      98.78    96.7696     0.0933       4362    6.61795    0.00000    34.9149    34.9160        102 0.0000e+00
     88.000     87.153     4.6756     4.6766  33.130040  33.132928    6.60543     2.3307 4.7567e+02     0.3605     0.0000      98.78    96.8848     0.0866       4466    6.60540    0.00000    34.9153    34.9176         81 0.0000e+00
     90.000     89.133     4.6409     4.6417  33.099016  33.100488    6.60111     2.3274 4.7481e+02     0.3061     0.0000      98.78    96.9938     0.0919       4553    6.60102    0.00000    34.9144    34.9154        111 0.0000e+00
     92.000     91.113     4.5994     4.5991  33.061731  33.062875    6.60922     2.3272 4.7479e+02     0.2416     0.0000      98.78    97.0977     0.0876       4656    6.60979    0.00000    34.9135    34.9151         63 0.0000e+00
     94.000     93.094     4.5766     4.5734  33.041697  33.039623    6.60892     2.3254 4.7417e+02     0.1482     0.0000      98.78    97.1309     0.0850       4744    6.60854    0.00000    34.9130    34.9139         72 0.0000e+00
     96.000     95.074     4.5515     4.5503  33.019641  33.019767    6.60175     2.3218 4.7398e+02     0.1087     0.0000      98.78    97.2096     0.0849       4853    6.60165    0.00000    34.9126    34.9140         70 0.0000e+00
     98.000     97.054     4.5192     4.5196  32.991184  32.992357    6.59145     2.3170 4.7558e+02     0.0895     0.0000      98.78    97.2297     0.0817       4992    6.59130    0.00000    34.9122    34.9132         76 0.0000e+00
    100.000     99.034     4.5029     4.5024  32.978022  32.978523    6.57165     2.3104 4.7823e+02     0.0647     0.0000      98.78    97.2612     0.0869       5177    6.57143    0.00000    34.9129    34.9141         74 0.0000e+00
    102.000    101.014     4.4850     4.4859  32.961754  32.963371    6.56687     2.3077 4.7911e+02     0.0452     0.0000      98.78    97.2885     0.0815       6279    6.56663    0.00000    34.9117    34.9126         71 0.0000e+00
    104.000    102.995     4.4594     4.4563  32.939144  32.937708    6.57710     2.3089 4.7843e+02     0.0422     0.0000      98.78    97.2906     0.0850       6857    6.57704    0.00000    34.9111    34.9127         71 0.0000e+00
    106.000    104.975     4.4344     4.4299  32.917511  32.914312    6.59676     2.3126 4.7758e+02     0.0389     0.0000      98.78    97.3234     0.0822       6949    6.59668    0.00000    34.9110    34.9120         74 0.0000e+00
    108.000    106.955     4.4120     4.4118  32.897512  32.898183    6.60863     2.3142 4.7743e+02     0.0359     0.0000      98.78    97.3343     0.0870       7042    6.60861    0.00000    34.9100    34.9110         65 0.0000e+00
    110.000    108.935     4.3985     4.3988  32.885361  32.886599    6.61198     2.3140 4.7766e+02     0.0361     0.0000      98.78    97.3388     0.0893       7153    6.61196    0.00000    34.9090    34.9101         75 0.0000e+00
    112.000    110.915     4.3868     4.3867  32.875446  32.876048    6.61831     2.3147 4.7758e+02     0.0398     0.0000      98.78    97.3403     0.1025       7233    6.61824    0.00000    34.9086    34.9094        101 0.0000e+00
    114.000    112.895     4.3763     4.3766  32.866598  32.867559    6.62138     2.3146 4.7888e+02     0.0222     0.0000      98.78    97.3373     0.0838       7335    6.62130    0.00000    34.9082    34.9090         94 0.0000e+00
    116.000    114.875     4.3593     4.3599  32.851469  32.852890    6.61924     2.3126 4.8000e+02     0.0286     0.0000      98.78    97.3487     0.0826       7441    6.61885    0.00000    34.9073    34.9084        108 0.0000e+00
    118.000    116.855     4.3512     4.3510  32.845207  32.845836    6.62065     2.3122 4.7975e+02     0.0237     0.0000      98.78    97.3070     0.0854       7525    6.62047    0.00000    34.9074    34.9083         67 0.0000e+00
    120.000    118.835     4.3472     4.3475  32.842632  32.843442    6.61880     2.3110 4.8023e+02     0.0161     0.0000      98.78    97.3333     0.0829       7621    6.61855    0.00000    34.9075    34.9081         76 0.0000e+00
    122.000    120.816     4.3427     4.3427  32.840244  32.840979    6.62363     2.3117 4.8030e+02     0.0060     0.0000      98.78    97.3528     0.0839       7721    6.62341    0.00000    34.9084    34.9092         58 0.0000e+00
    124.000    122.796     4.3362     4.3363  32.836203  32.836746    6.61017     2.3073 4.7909e+02     0.0059     0.0000      98.78    97.3018     0.0819       7818    6.60996    0.00000    34.9095    34.9099         89 0.0000e+00
    126.000    124.775     4.3335     4.3335  32.835396  32.836023    6.60181     2.3044 4.7865e+02     0.0156     0.0000      98.78    97.3541     0.0950       7913    6.60157    0.00000    34.9103    34.9110         64 0.0000e+00
    128.000    126.755     4.3237     4.3247  32.827111  32.828832    6.59446     2.3016 4.7848e+02     0.0071     0.0000      98.78    97.3545     0.0805       8007    6.59440    0.00000    34.9098    34.9107         82 0.0000e+00
    130.000    128.735     4.3141     4.3141  32.820190  32.820655    6.60052     2.3023 4.7836e+02    -0.0024     0.0000      98.78    97.3723     0.0839       8094    6.60040    0.00000    34.9107    34.9113         70 0.0000e+00
    132.000    130.715     4.3085     4.3086  32.817212  32.817797    6.59006     2.2987 4.7948e+02     0.0060     0.0000      98.78    97.3658     0.0823       8206    6.58987    0.00000    34.9121    34.9126         76 0.0000e+00
    134.000    132.695     4.3014     4.3010  32.812416  32.812657    6.58578     2.2968 4.8090e+02     0.0005     0.0000      98.78    97.3642     0.0814       8292    6.58567    0.00000    34.9128    34.9135         90 0.0000e+00
    136.000    134.675     4.2956     4.2958  32.808017  32.808842    6.58928     2.2971 4.8330e+02     0.0013     0.0000      98.78    97.3900     0.0948       8400    6.58955    0.00000    34.9127    34.9134         80 0.0000e+00
