Ship_data/Irminger/Irminger-2/ctd/process/OOI/dat30_007.cnv
* Sea-Bird SBE 9 Data File:
* FileName = C:\data\ctd\at30_007.hex
* Software Version Seasave V 7.21f
* Temperature SN = 2265
* Conductivity SN = 3021
* Number of Bytes Per Scan = 40
* Number of Voltage Words = 5
* Number of Scans Averaged by the Deck Unit = 1
* NMEA Latitude = 59 46.29 N
* NMEA Longitude = 039 52.92 W
* NMEA UTC (Time) = Aug 17 2015  23:01:49
** Site of FLMA 2015 -- need to confirm bottom depth
# nquan = 21
# nvalues = 1360                        
# units = specified
# name 0 = prDM: Pressure, Digiquartz [db]
# name 1 = depSM: Depth [salt water, m]
# name 2 = t090C: Temperature [ITS-90, deg C]
# name 3 = t190C: Temperature, 2 [ITS-90, deg C]
# name 4 = c0mS/cm: Conductivity [mS/cm]
# name 5 = c1mS/cm: Conductivity, 2 [mS/cm]
# name 6 = sbeox0ML/L: Oxygen, SBE 43 [ml/l]
# name 7 = sbeox0V: Oxygen raw, SBE 43 [V]
# name 8 = spar: SPAR/Surface Irradiance
# name 9 = flECO-AFL: Fluorescence, WET Labs ECO-AFL/FL [mg/m^3]
# name 10 = v2: Voltage 2
# name 11 = altM: Altimeter [m]
# name 12 = CStarTr0: Beam Transmission, WET Labs C-Star [%]
# name 13 = turbWETntu0: Turbidity, WET Labs ECO [NTU]
# name 14 = scan: Scan Count
# name 15 = sbeox0ML/L: Oxygen, SBE 43 [ml/l], WS = 2
# name 16 = sbeox0dOV/dT: Oxygen, SBE 43 [dov/dt], WS = 2
# name 17 = sal00: Salinity, Practical [PSU]
# name 18 = sal11: Salinity, Practical, 2 [PSU]
# name 19 = nbin: number of scans per bin
# name 20 = flag: flag
# span 0 =      4.000,   2722.000       
# span 1 =      3.962,   2679.045       
# span 2 =     1.4900,     8.5917       
# span 3 =     1.4906,     8.5925       
# span 4 =  31.400305,  36.631599       
# span 5 =  31.400941,  36.631436       
# span 6 =    6.01160,    6.94264       
# span 7 =     1.6864,     2.5300       
# span 8 = 2.1827e+01, 2.3786e+01       
# span 9 =    -0.0363,     1.5522       
# span 10 =     0.0000,     0.0000      
# span 11 =       8.30,      99.96      
# span 12 =    93.8862,    97.8127      
# span 13 =     0.0744,     0.1690      
# span 14 =        716,      77261      
# span 15 =    6.01134,    6.94297      
# span 16 =    0.00000,    0.00000      
# span 17 =    34.8553,    34.9334      
# span 18 =    34.8534,    34.9332      
# span 19 =         29,        120      
# span 20 = 0.0000e+00, 0.0000e+00      
# interval = decibars: 2                
# start_time = Aug 17 2015 23:01:49 [NMEA time, header]
# bad_flag = -9.990e-29
*END*
[from data line 483]
    970.000    958.633     3.6004     3.6007  32.532736  32.533136    6.53186     2.0712 2.2254e+01    -0.0230     0.0000      98.78    97.7458     0.0755      30300    6.53165    0.00000    34.8829    34.8831         40 0.0000e+00
    972.000    960.604     3.5998     3.6000  32.533114  32.533446    6.53107     2.0705 2.2058e+01    -0.0224     0.0000      98.78    97.7260     0.0755      30340    6.53084    0.00000    34.8829    34.8831         43 0.0000e+00
    974.000    962.576     3.5995     3.5998  32.533767  32.534177    6.52871     2.0695 2.2088e+01    -0.0228     0.0000      98.78    97.7398     0.0755      30389    6.52831    0.00000    34.8830    34.8832         54 0.0000e+00
    976.000    964.548     3.6006     3.6009  32.535845  32.536241    6.52954     2.0695 2.2261e+01    -0.0234     0.0000      98.78    97.7404     0.0755      30443    6.52966    0.00000    34.8833    34.8834         49 0.0000e+00
    978.000    966.520     3.6007     3.6010  32.536870  32.537302    6.53158     2.0696 2.2196e+01    -0.0233     0.0000      98.78    97.7433     0.0755      30486    6.53160    0.00000    34.8833    34.8836         42 0.0000e+00
    980.000    968.492     3.6001     3.6004  32.537135  32.537545    6.52650     2.0679 2.2173e+01    -0.0231     0.0000      98.78    97.7357     0.0755      30532    6.52626    0.00000    34.8832    34.8835         50 0.0000e+00
    982.000    970.464     3.6000     3.6003  32.537966  32.538265    6.52228     2.0665 2.2175e+01    -0.0226     0.0000      98.78    97.7366     0.0755      30583    6.52211    0.00000    34.8834    34.8834         49 0.0000e+00
    984.000    972.436     3.5992     3.5990  32.538027  32.538207    6.52083     2.0657 2.2192e+01    -0.0219     0.0000      98.78    97.7250     0.0755      30627    6.52068    0.00000    34.8833    34.8837         43 0.0000e+00
    986.000    974.408     3.5934     3.5933  32.532981  32.533104    6.51627     2.0640 2.2186e+01    -0.0229     0.0000      98.78    97.7394     0.0755      30679    6.51626    0.00000    34.8824    34.8826         60 0.0000e+00
    988.000    976.380     3.5924     3.5927  32.532966  32.533345    6.51640     2.0635 2.2094e+01    -0.0232     0.0000      98.78    97.7376     0.0755      30733    6.51588    0.00000    34.8824    34.8825         44 0.0000e+00
    990.000    978.352     3.5944     3.5946  32.536049  32.536321    6.51813     2.0635 2.2401e+01    -0.0232     0.0000      98.78    97.7318     0.0755      30773    6.51724    0.00000    34.8829    34.8830         40 0.0000e+00
    992.000    980.323     3.5948     3.5950  32.537407  32.537764    6.51988     2.0637 2.2201e+01    -0.0228     0.0000      98.78    97.7371     0.0755      30820    6.51961    0.00000    34.8831    34.8832         55 0.0000e+00
    994.000    982.295     3.5951     3.5954  32.538697  32.539063    6.51805     2.0629 2.2185e+01    -0.0230     0.0000      98.78    97.7403     0.0755      30873    6.51795    0.00000    34.8833    34.8834         45 0.0000e+00
    996.000    984.267     3.5956     3.5959  32.540201  32.540525    6.51350     2.0615 2.2289e+01    -0.0228     0.0000      98.78    97.7410     0.0755      30914    6.51347    0.00000    34.8834    34.8835         42 0.0000e+00
    998.000    986.238     3.5962     3.5965  32.541742  32.542102    6.50511     2.0591 2.2157e+01    -0.0232     0.0000      98.78    97.7380     0.0755      30964    6.50488    0.00000    34.8836    34.8838         56 0.0000e+00
   1000.000    988.210     3.5968     3.5970  32.543375  32.543729    6.50231     2.0580 2.2199e+01    -0.0224     0.0000      98.78    97.7401     0.0755      31012    6.50213    0.00000    34.8840    34.8841         41 0.0000e+00
   1002.000    990.182     3.5963     3.5968  32.544004  32.544441    6.49692     2.0564 2.2186e+01    -0.0226     0.0000      98.78    97.7400     0.0755      31060    6.49680    0.00000    34.8841    34.8842         60 0.0000e+00
   1004.000    992.154     3.5968     3.5970  32.545249  32.545581    6.48917     2.0541 2.2132e+01    -0.0230     0.0000      98.78    97.7377     0.0755      31119    6.48901    0.00000    34.8842    34.8843         49 0.0000e+00
   1006.000    994.125     3.5969     3.5972  32.546243  32.546711    6.48502     2.0528 2.2160e+01    -0.0239     0.0000      98.78    97.7394     0.0755      31160    6.48483    0.00000    34.8841    34.8844         37 0.0000e+00
   1008.000    996.097     3.5963     3.5966  32.546546  32.546895    6.48155     2.0515 2.2262e+01    -0.0229     0.0000      98.78    97.7464     0.0755      31201    6.48143    0.00000    34.8841    34.8842         47 0.0000e+00
   1010.000    998.068     3.5960     3.5963  32.547220  32.547589    6.47671     2.0500 2.2202e+01    -0.0223     0.0000      98.78    97.7393     0.0755      31253    6.47662    0.00000    34.8842    34.8843         53 0.0000e+00
   1012.000   1000.040     3.5952     3.5955  32.547322  32.547734    6.47128     2.0483 2.2095e+01    -0.0225     0.0000      98.78    97.7184     0.0755      31302    6.47107    0.00000    34.8842    34.8843         46 0.0000e+00
   1014.000   1002.012     3.5952     3.5954  32.548158  32.548522    6.46678     2.0468 2.2191e+01    -0.0227     0.0000      98.78    97.7533     0.0755      31346    6.46657    0.00000    34.8841    34.8843         43 0.0000e+00
   1016.000   1003.983     3.5934     3.5938  32.547388  32.547891    6.46238     2.0454 2.2351e+01    -0.0228     0.0000      98.78    97.7419     0.0755      31395    6.46243    0.00000    34.8840    34.8843         59 0.0000e+00
   1018.000   1005.955     3.5909     3.5914  32.545826  32.546314    6.46393     2.0452 2.2082e+01    -0.0233     0.0000      98.78    97.7463     0.0755      31453    6.46388    0.00000    34.8838    34.8839         49 0.0000e+00
   1020.000   1007.926     3.5883     3.5884  32.544189  32.544612    6.46760     2.0452 2.2155e+01    -0.0232     0.0000      98.78    97.7423     0.0755      31495    6.46619    0.00000    34.8837    34.8840         39 0.0000e+00
   1022.000   1009.898     3.5850     3.5853  32.541827  32.542166    6.46755     2.0450 2.2141e+01    -0.0230     0.0000      98.78    97.7408     0.0755      31537    6.46733    0.00000    34.8832    34.8834         45 0.0000e+00
   1024.000   1011.869     3.5832     3.5837  32.540861  32.541455    6.46604     2.0441 2.2200e+01    -0.0227     0.0000      98.78    97.7426     0.0755      31586    6.46586    0.00000    34.8830    34.8832         54 0.0000e+00
   1026.000   1013.841     3.5821     3.5822  32.540638  32.540872    6.46313     2.0430 2.2129e+01    -0.0223     0.0000      98.78    97.7500     0.0755      31641    6.46299    0.00000    34.8829    34.8830         51 0.0000e+00
   1028.000   1015.812     3.5810     3.5813  32.540492  32.540844    6.45970     2.0418 2.2317e+01    -0.0230     0.0000      98.78    97.7398     0.0755      31687    6.45964    0.00000    34.8828    34.8830         45 0.0000e+00
   1030.000   1017.784     3.5800     3.5803  32.540423  32.540837    6.45701     2.0407 2.2216e+01    -0.0226     0.0000      98.78    97.7477     0.0755      31734    6.45698    0.00000    34.8828    34.8829         49 0.0000e+00
   1032.000   1019.755     3.5808     3.5812  32.542105  32.542556    6.46012     2.0411 2.2243e+01    -0.0231     0.0000      98.78    97.7492     0.0755      31780    6.46004    0.00000    34.8829    34.8831         42 0.0000e+00
   1034.000   1021.727     3.5821     3.5824  32.544329  32.544724    6.46306     2.0414 2.2278e+01    -0.0231     0.0000      98.78    97.7495     0.0755      31821    6.46291    0.00000    34.8832    34.8833         44 0.0000e+00
   1036.000   1023.698     3.5840     3.5844  32.547197  32.547703    6.45861     2.0401 2.2139e+01    -0.0239     0.0000      98.78    97.7552     0.0755      31879    6.45853    0.00000    34.8835    34.8837         66 0.0000e+00
   1038.000   1025.669     3.5837     3.5840  32.547864  32.548414    6.45872     2.0397 2.2254e+01    -0.0230     0.0000      98.78    97.7573     0.0755      31931    6.45863    0.00000    34.8836    34.8839         40 0.0000e+00
   1040.000   1027.640     3.5802     3.5803  32.545159  32.545437    6.45739     2.0389 2.2274e+01    -0.0230     0.0000      98.78    97.7549     0.0755      31972    6.45734    0.00000    34.8831    34.8833         45 0.0000e+00
   1042.000   1029.612     3.5758     3.5762  32.541674  32.542257    6.45326     2.0373 2.1975e+01    -0.0233     0.0000      98.78    97.7319     0.0755      32022    6.45309    0.00000    34.8826    34.8828         52 0.0000e+00
   1044.000   1031.583     3.5757     3.5759  32.542473  32.542818    6.45478     2.0372 2.2094e+01    -0.0228     0.0000      98.78    97.7455     0.0755      32072    6.45464    0.00000    34.8827    34.8828         48 0.0000e+00
   1046.000   1033.554     3.5779     3.5783  32.545712  32.546007    6.45652     2.0374 2.2389e+01    -0.0235     0.0000      98.78    97.7491     0.0755      32117    6.45647    0.00000    34.8831    34.8831         42 0.0000e+00
   1048.000   1035.526     3.5763     3.5766  32.545141  32.545619    6.45644     2.0369 2.2151e+01    -0.0234     0.0000      98.78    97.7366     0.0755      32158    6.45639    0.00000    34.8831    34.8834         43 0.0000e+00
   1050.000   1037.497     3.5727     3.5728  32.542230  32.542624    6.45347     2.0356 2.2247e+01    -0.0232     0.0000      98.78    97.7452     0.0755      32210    6.45341    0.00000    34.8824    34.8828         61 0.0000e+00
   1052.000   1039.468     3.5661     3.5668  32.536418  32.537477    6.45012     2.0341 2.2178e+01    -0.0235     0.0000      98.78    97.7520     0.0755      32267    6.44984    0.00000    34.8815    34.8819         47 0.0000e+00
   1054.000   1041.440     3.5527     3.5525  32.523825  32.524204    6.45419     2.0342 2.2150e+01    -0.0233     0.0000      98.78    97.7456     0.0755      32308    6.45442    0.00000    34.8796    34.8803         41 0.0000e+00
   1056.000   1043.410     3.5466     3.5470  32.518337  32.518975    6.45785     2.0344 2.2205e+01    -0.0230     0.0000      98.78    97.7524     0.0755      32355    6.45800    0.00000    34.8786    34.8789         52 0.0000e+00
   1058.000   1045.382     3.5442     3.5448  32.516748  32.517655    6.46611     2.0358 2.2134e+01    -0.0228     0.0000      98.78    97.7519     0.0755      32407    6.46617    0.00000    34.8782    34.8786         48 0.0000e+00
   1060.000   1047.353     3.5381     3.5374  32.511509  32.511003    6.47806     2.0379 2.2221e+01    -0.0228     0.0000      98.78    97.7264     0.0755      32452    6.47798    0.00000    34.8773    34.8775         47 0.0000e+00
   1062.000   1049.324     3.5360     3.5361  32.510323  32.510356    6.48625     2.0393 2.2177e+01    -0.0227     0.0000      98.78    97.7452     0.0755      32501    6.48608    0.00000    34.8771    34.8771         48 0.0000e+00
   1064.000   1051.295     3.5338     3.5340  32.508929  32.509356    6.49409     2.0407 2.2186e+01    -0.0224     0.0000      98.78    97.7474     0.0755      32547    6.49407    0.00000    34.8768    34.8771         45 0.0000e+00
   1066.000   1053.266     3.5334     3.5336  32.509451  32.509807    6.49590     2.0407 2.2054e+01    -0.0228     0.0000      98.78    97.7496     0.0755      32593    6.49583    0.00000    34.8768    34.8770         48 0.0000e+00
   1068.000   1055.238     3.5336     3.5335  32.510450  32.510596    6.49784     2.0407 2.2230e+01    -0.0235     0.0000      98.78    97.7525     0.0755      32645    6.49771    0.00000    34.8768    34.8771         56 0.0000e+00
   1070.000   1057.208     3.5309     3.5312  32.508714  32.509245    6.49806     2.0403 2.2265e+01    -0.0233     0.0000      98.78    97.7291     0.0755      32697    6.49793    0.00000    34.8766    34.8769         47 0.0000e+00
   1072.000   1059.180     3.5276     3.5274  32.506317  32.506341    6.49865     2.0399 2.1959e+01    -0.0234     0.0000      98.78    97.7506     0.0755      32743    6.49852    0.00000    34.8762    34.8764         44 0.0000e+00
   1074.000   1061.150     3.5209     3.5213  32.500421  32.501162    6.50076     2.0397 2.2271e+01    -0.0227     0.0000      98.78    97.7460     0.0755      32788    6.50059    0.00000    34.8752    34.8756         46 0.0000e+00
   1076.000   1063.121     3.5212     3.5214  32.501662  32.502012    6.50304     2.0398 2.2122e+01    -0.0236     0.0000      98.78    97.7411     0.0755      32839    6.50280    0.00000    34.8754    34.8756         60 0.0000e+00
   1078.000   1065.092     3.5195     3.5196  32.500972  32.501178    6.50461     2.0397 2.2004e+01    -0.0228     0.0000      98.78    97.7371     0.0755      32896    6.50411    0.00000    34.8753    34.8754         46 0.0000e+00
   1080.000   1067.064     3.5184     3.5186  32.500764  32.501059    6.50562     2.0394 2.2052e+01    -0.0231     0.0000      98.78    97.7573     0.0755      32935    6.50490    0.00000    34.8752    34.8753         37 0.0000e+00
   1082.000   1069.035     3.5202     3.5206  32.503518  32.503868    6.50568     2.0393 2.2161e+01    -0.0233     0.0000      98.78    97.7440     0.0755      32977    6.50576    0.00000    34.8756    34.8756         52 0.0000e+00
   1084.000   1071.005     3.5210     3.5210  32.505116  32.505151    6.50245     2.0381 2.2153e+01    -0.0226     0.0000      98.78    97.7556     0.0755      33039    6.50216    0.00000    34.8756    34.8756         59 0.0000e+00
   1086.000   1072.976     3.5212     3.5216  32.506250  32.506774    6.50353     2.0380 2.2100e+01    -0.0229     0.0000      98.78    97.7568     0.0755      33085    6.50347    0.00000    34.8757    34.8759         42 0.0000e+00
   1088.000   1074.947     3.5203     3.5205  32.506254  32.506511    6.50573     2.0383 2.2208e+01    -0.0228     0.0000      98.78    97.7538     0.0755      33131    6.50652    0.00000    34.8756    34.8757         51 0.0000e+00
   1090.000   1076.918     3.5214     3.5217  32.508427  32.508674    6.50751     2.0382 2.2230e+01    -0.0229     0.0000      98.78    97.7585     0.0755      33181    6.50781    0.00000    34.8761    34.8760         45 0.0000e+00
   1092.000   1078.889     3.5232     3.5236  32.511187  32.511546    6.50677     2.0377 2.2144e+01    -0.0227     0.0000      98.78    97.7551     0.0755      33224    6.50673    0.00000    34.8764    34.8764         44 0.0000e+00
   1094.000   1080.860     3.5214     3.5217  32.510253  32.510620    6.50294     2.0363 2.2219e+01    -0.0231     0.0000      98.78    97.7520     0.0755      33277    6.50275    0.00000    34.8762    34.8763         60 0.0000e+00
   1096.000   1082.831     3.5210     3.5213  32.510756  32.511045    6.50280     2.0359 2.2140e+01    -0.0232     0.0000      98.78    97.7621     0.0755      33330    6.50274    0.00000    34.8762    34.8762         45 0.0000e+00
   1098.000   1084.801     3.5211     3.5213  32.511654  32.511983    6.50445     2.0359 2.2185e+01    -0.0226     0.0000      98.78    97.7597     0.0755      33374    6.50456    0.00000    34.8762    34.8763         45 0.0000e+00
   1100.000   1086.772     3.5219     3.5222  32.513468  32.513812    6.50403     2.0354 2.2212e+01    -0.0235     0.0000      98.78    97.7608     0.0755      33422    6.50392    0.00000    34.8764    34.8765         50 0.0000e+00
   1102.000   1088.743     3.5221     3.5223  32.514521  32.514852    6.50232     2.0346 2.2172e+01    -0.0226     0.0000      98.78    97.7581     0.0755      33472    6.50232    0.00000    34.8764    34.8766         50 0.0000e+00
   1104.000   1090.714     3.5215     3.5218  32.514749  32.515148    6.50220     2.0342 2.2230e+01    -0.0232     0.0000      98.78    97.7476     0.0755      33519    6.50206    0.00000    34.8763    34.8765         45 0.0000e+00
