Ship_data/Irminger/Irminger-2/ctd/process/OOI/dat30_013.cnv
* Sea-Bird SBE 9 Data File:
* FileName = C:\data\ctd\at30_013.hex
* Software Version Seasave V 7.21f
* Temperature SN = 2265
* Conductivity SN = 3021
* Number of Bytes Per Scan = 40
* Number of Voltage Words = 5
* Number of Scans Averaged by the Deck Unit = 1
* NMEA Latitude = 59 53.87 N
* NMEA Longitude = 039 34.33 W
* NMEA UTC (Time) = Aug 23 2015  21:20:25
** cal / val for SUMO 2
# nquan = 21
# nvalues = 759                         
# units = specified
# name 0 = prDM: Pressure, Digiquartz [db]
# name 1 = depSM: Depth [salt water, m]
# name 2 = t090C: Temperature [ITS-90, deg C]
# name 3 = t190C: Temperature, 2 [ITS-90, deg C]
# name 4 = c0mS/cm: Conductivity [mS/cm]
# name 5 = c1mS/cm: Conductivity, 2 [mS/cm]
# name 6 = sbeox0ML/L: Oxygen, SBE 43 [ml/l]
# name 7 = sbeox0V: Oxygen raw, SBE 43 [V]
# name 8 = spar: SPAR/Surface Irradiance
# name 9 = flECO-AFL: Fluorescence, WET Labs ECO-AFL/FL [mg/m^3]
# name 10 = v2: Voltage 2
# name 11 = altM: Altimeter [m]
# name 12 = CStarTr0: Beam Transmission, WET Labs C-Star [%]
# name 13 = turbWETntu0: Turbidity, WET Labs ECO [NTU]
# name 14 = scan: Scan Count
# name 15 = sbeox0ML/L: Oxygen, SBE 43 [ml/l], WS = 2
# name 16 = sbeox0dOV/dT: Oxygen, SBE 43 [dov/dt], WS = 2
# name 17 = sal00: Salinity, Practical [PSU]
# name 18 = sal11: Salinity, Practical, 2 [PSU]
# name 19 = nbin: number of scans per bin
# name 20 = flag: flag
# span 0 =      6.000,   1522.000       
# span 1 =      5.943,   1502.178       
# span 2 =     3.4552,     8.4887       
# span 3 =     3.4559,     8.4894       
# span 4 =  32.486495,  36.568755       
# span 5 =  32.486759,  36.568745       
# span 6 =    6.00822,    6.79375       
# span 7 =     1.8592,     2.5253       
# span 8 = 3.0365e+01, 5.8266e+01       
# span 9 =    -0.0722,     1.8007       
# span 10 =     0.0000,     0.0000      
# span 11 =      82.64,      99.66      
# span 12 =    93.3670,    97.7893      
# span 13 =     0.0665,     0.1311      
# span 14 =       1571,      48929      
# span 15 =    6.00801,    6.79388      
# span 16 =    0.00000,    0.00000      
# span 17 =    34.8358,    35.0267      
# span 18 =    34.8357,    35.0272      
# span 19 =         27,        125      
# span 20 = 0.0000e+00, 0.0000e+00      
# interval = decibars: 2                
# start_time = Aug 23 2015 21:20:25 [NMEA time, header]
# bad_flag = -9.990e-29
*END*
[from data line 552]
   1110.000   1096.615     3.5916     3.5920  32.586068  32.586323    6.42774     2.0187 3.6758e+01    -0.0514     0.0000      98.73    97.7610     0.0677      35224    6.42768    0.00000    34.8839    34.8838         58 0.0000e+00
   1112.000   1098.585     3.5805     3.5809  32.575621  32.575771    6.42652     2.0176 3.6654e+01    -0.0512     0.0000      98.73    97.7607     0.0677      35285    6.42644    0.00000    34.8822    34.8820         56 0.0000e+00
   1114.000   1100.556     3.5692     3.5687  32.564902  32.565019    6.43252     2.0181 3.6540e+01    -0.0515     0.0000      98.73    97.7585     0.0682      35333    6.43250    0.00000    34.8804    34.8811         44 0.0000e+00
   1116.000   1102.527     3.5579     3.5582  32.554197  32.554334    6.43892     2.0187 3.6505e+01    -0.0509     0.0000      98.73    97.7585     0.0682      35375    6.43879    0.00000    34.8786    34.8784         43 0.0000e+00
   1118.000   1104.497     3.5553     3.5555  32.552300  32.552403    6.44426     2.0194 3.6622e+01    -0.0523     0.0000      98.73    97.7585     0.0682      35423    6.44418    0.00000    34.8781    34.8780         52 0.0000e+00
   1120.000   1106.468     3.5482     3.5490  32.546065  32.547147    6.45304     2.0208 3.6508e+01    -0.0516     0.0000      98.73    97.7585     0.0682      35474    6.45301    0.00000    34.8771    34.8776         47 0.0000e+00
   1122.000   1108.438     3.5352     3.5353  32.533723  32.534017    6.46007     2.0214 3.6182e+01    -0.0510     0.0000      98.73    97.7585     0.0682      35517    6.45975    0.00000    34.8752    34.8755         43 0.0000e+00
   1124.000   1110.409     3.5285     3.5288  32.527626  32.527679    6.46359     2.0214 3.6250e+01    -0.0512     0.0000      98.73    97.7589     0.0682      35568    6.46275    0.00000    34.8740    34.8737         60 0.0000e+00
   1126.000   1112.379     3.5414     3.5422  32.541863  32.541844    6.46764     2.0227 3.6124e+01    -0.0509     0.0000      98.73    97.7591     0.0678      35625    6.46761    0.00000    34.8763    34.8754         48 0.0000e+00
   1128.000   1114.350     3.5493     3.5495  32.551042  32.551025    6.47138     2.0235 3.6232e+01    -0.0521     0.0000      98.73    97.7506     0.0676      35672    6.47120    0.00000    34.8778    34.8776         53 0.0000e+00
   1130.000   1116.320     3.5383     3.5396  32.540717  32.542885    6.47054     2.0224 3.5940e+01    -0.0522     0.0000      98.73    97.7593     0.0682      35726    6.47045    0.00000    34.8762    34.8774         46 0.0000e+00
   1132.000   1118.291     3.5059     3.5069  32.508620  32.509846    6.47472     2.0216 3.6025e+01    -0.0523     0.0000      98.73    97.7554     0.0682      35764    6.47471    0.00000    34.8712    34.8716         33 0.0000e+00
   1134.000   1120.261     3.5028     3.5029  32.506176  32.506283    6.47649     2.0215 3.6033e+01    -0.0521     0.0000      98.73    97.7463     0.0679      35797    6.47644    0.00000    34.8706    34.8707         39 0.0000e+00
   1136.000   1122.232     3.5031     3.5027  32.507155  32.506452    6.48427     2.0229 3.6018e+01    -0.0520     0.0000      98.73    97.7451     0.0677      35867    6.48413    0.00000    34.8704    34.8700         91 0.0000e+00
   1138.000   1124.202     3.5059     3.5061  32.511274  32.510659    6.49368     2.0248 3.5840e+01    -0.0517     0.0000      98.73    97.7486     0.0682      35933    6.49353    0.00000    34.8713    34.8704         42 0.0000e+00
   1140.000   1126.173     3.5138     3.5144  32.520155  32.520245    6.49370     2.0248 3.5817e+01    -0.0509     0.0000      98.73    97.7505     0.0682      35967    6.49350    0.00000    34.8725    34.8720         30 0.0000e+00
   1142.000   1128.143     3.5074     3.5065  32.514687  32.515054    6.49363     2.0241 3.5901e+01    -0.0516     0.0000      98.73    97.7461     0.0679      35997    6.49346    0.00000    34.8718    34.8731         33 0.0000e+00
   1144.000   1130.113     3.4849     3.4829  32.492766  32.491044    6.49237     2.0225 3.6046e+01    -0.0516     0.0000      98.73    97.7480     0.0677      36046    6.49235    0.00000    34.8684    34.8685         69 0.0000e+00
   1146.000   1132.084     3.4817     3.4821  32.490114  32.490083    6.49898     2.0234 3.5659e+01    -0.0509     0.0000      98.73    97.7473     0.0674      36112    6.49884    0.00000    34.8677    34.8672         53 0.0000e+00
   1148.000   1134.054     3.4904     3.4895  32.499967  32.498864    6.50735     2.0254 3.5839e+01    -0.0513     0.0000      98.73    97.7418     0.0676      36161    6.50729    0.00000    34.8692    34.8688         49 0.0000e+00
   1150.000   1136.024     3.4834     3.4838  32.493810  32.493965    6.51046     2.0254 3.5764e+01    -0.0520     0.0000      98.73    97.7510     0.0674      36209    6.51035    0.00000    34.8682    34.8680         44 0.0000e+00
   1152.000   1137.994     3.4827     3.4835  32.493989  32.494670    6.50990     2.0248 3.5621e+01    -0.0519     0.0000      98.73    97.7552     0.0674      36250    6.50980    0.00000    34.8682    34.8681         43 0.0000e+00
   1154.000   1139.965     3.4789     3.4789  32.491045  32.490960    6.51057     2.0244 3.5535e+01    -0.0521     0.0000      98.73    97.7511     0.0676      36298    6.51046    0.00000    34.8677    34.8676         51 0.0000e+00
   1156.000   1141.935     3.4747     3.4748  32.487525  32.487569    6.51677     2.0252 3.5684e+01    -0.0515     0.0000      98.73    97.7489     0.0675      36346    6.51651    0.00000    34.8669    34.8669         45 0.0000e+00
   1158.000   1143.905     3.4729     3.4733  32.486496  32.486769    6.52147     2.0259 3.5663e+01    -0.0520     0.0000      98.73    97.7546     0.0675      36396    6.52131    0.00000    34.8666    34.8664         57 0.0000e+00
   1160.000   1145.875     3.4725     3.4730  32.487049  32.487244    6.52306     2.0259 3.5397e+01    -0.0533     0.0000      98.73    97.7529     0.0677      36452    6.52305    0.00000    34.8666    34.8664         50 0.0000e+00
   1162.000   1147.846     3.4734     3.4738  32.488776  32.489070    6.52436     2.0257 3.5444e+01    -0.0517     0.0000      98.73    97.7563     0.0676      36498    6.52383    0.00000    34.8668    34.8666         47 0.0000e+00
   1164.000   1149.816     3.4717     3.4724  32.487970  32.488494    6.52481     2.0254 3.5429e+01    -0.0517     0.0000      98.73    97.7432     0.0674      36550    6.52454    0.00000    34.8665    34.8665         55 0.0000e+00
   1166.000   1151.786     3.4694     3.4705  32.486495  32.487424    6.52656     2.0254 3.5387e+01    -0.0517     0.0000      98.73    97.7459     0.0678      36602    6.52667    0.00000    34.8662    34.8662         46 0.0000e+00
   1168.000   1153.756     3.4695     3.4700  32.487462  32.487626    6.52823     2.0254 3.5269e+01    -0.0508     0.0000      98.73    97.7570     0.0675      36643    6.52831    0.00000    34.8662    34.8659         37 0.0000e+00
   1170.000   1155.726     3.4727     3.4732  32.491691  32.491873    6.53103     2.0254 3.5113e+01    -0.0512     0.0000      98.73    97.7457     0.0673      36678    6.52944    0.00000    34.8669    34.8666         35 0.0000e+00
   1172.000   1157.696     3.4736     3.4740  32.493347  32.493574    6.53056     2.0252 3.4846e+01    -0.0516     0.0000      98.73    97.7495     0.0675      36735    6.53005    0.00000    34.8669    34.8667         86 0.0000e+00
   1174.000   1159.666     3.4727     3.4733  32.493321  32.493859    6.52837     2.0243 3.5009e+01    -0.0519     0.0000      98.73    97.7581     0.0675      36811    6.52793    0.00000    34.8668    34.8668         50 0.0000e+00
   1176.000   1161.636     3.4697     3.4702  32.491194  32.491709    6.53032     2.0242 3.4977e+01    -0.0522     0.0000      98.73    97.7441     0.0675      36853    6.52989    0.00000    34.8664    34.8665         38 0.0000e+00
   1178.000   1163.607     3.4692     3.4695  32.491587  32.491483    6.53286     2.0243 3.5020e+01    -0.0512     0.0000      98.73    97.7426     0.0675      36888    6.53202    0.00000    34.8664    34.8660         32 0.0000e+00
   1180.000   1165.576     3.4711     3.4714  32.494541  32.494574    6.53341     2.0243 3.4885e+01    -0.0514     0.0000      98.73    97.7447     0.0682      36920    6.53342    0.00000    34.8668    34.8666         35 0.0000e+00
   1182.000   1167.547     3.4689     3.4687  32.493041  32.492774    6.53178     2.0234 3.5038e+01    -0.0511     0.0000      98.73    97.7567     0.0682      36967    6.53155    0.00000    34.8663    34.8663         64 0.0000e+00
   1184.000   1169.516     3.4650     3.4639  32.489944  32.488425    6.53179     2.0231 3.4895e+01    -0.0523     0.0000      98.73    97.7595     0.0675      37045    6.53271    0.00000    34.8658    34.8652         78 0.0000e+00
   1186.000   1171.486     3.4610     3.4612  32.486680  32.486759    6.53389     2.0231 3.4933e+01    -0.0517     0.0000      98.73    97.7643     0.0678      37103    6.53528    0.00000    34.8651    34.8650         40 0.0000e+00
   1188.000   1173.456     3.4614     3.4617  32.487954  32.488044    6.53712     2.0231 3.4979e+01    -0.0515     0.0000      98.73    97.7535     0.0678      37135    6.53684    0.00000    34.8653    34.8650         29 0.0000e+00
   1190.000   1175.426     3.4623     3.4627  32.489828  32.489994    6.53850     2.0231 3.5050e+01    -0.0519     0.0000      98.73    97.7477     0.0676      37165    6.53836    0.00000    34.8654    34.8653         33 0.0000e+00
   1192.000   1177.396     3.4617     3.4605  32.489947  32.488719    6.53550     2.0220 3.5010e+01    -0.0521     0.0000      98.73    97.7553     0.0675      37216    6.53554    0.00000    34.8653    34.8651         78 0.0000e+00
   1194.000   1179.366     3.4593     3.4585  32.488589  32.487518    6.53130     2.0206 3.5017e+01    -0.0514     0.0000      98.73    97.7521     0.0675      37298    6.53130    0.00000    34.8651    34.8647         60 0.0000e+00
   1196.000   1181.336     3.4586     3.4585  32.488542  32.488294    6.53703     2.0214 3.4570e+01    -0.0517     0.0000      98.73    97.7520     0.0675      37338    6.53689    0.00000    34.8648    34.8646         32 0.0000e+00
   1198.000   1183.305     3.4616     3.4604  32.492651  32.491023    6.53941     2.0217 3.4950e+01    -0.0522     0.0000      98.73    97.7555     0.0675      37368    6.53919    0.00000    34.8655    34.8649         30 0.0000e+00
   1200.000   1185.275     3.4553     3.4562  32.486912  32.487637    6.53737     2.0206 3.4883e+01    -0.0509     0.0000      98.73    97.7512     0.0675      37407    6.53724    0.00000    34.8643    34.8642         58 0.0000e+00
   1202.000   1187.246     3.4552     3.4559  32.487643  32.488218    6.53847     2.0204 3.4935e+01    -0.0523     0.0000      98.73    97.7535     0.0677      37485    6.53826    0.00000    34.8643    34.8642         71 0.0000e+00
   1204.000   1189.215     3.4606     3.4605  32.494157  32.493119    6.54070     2.0207 3.5107e+01    -0.0515     0.0000      98.73    97.7524     0.0675      37533    6.54018    0.00000    34.8654    34.8642         43 0.0000e+00
   1206.000   1191.185     3.4910     3.4913  32.526549  32.525756    6.53642     2.0207 3.5030e+01    -0.0516     0.0000      98.73    97.7513     0.0672      37573    6.53613    0.00000    34.8707    34.8695         38 0.0000e+00
   1208.000   1193.155     3.4936     3.4938  32.530162  32.530209    6.53433     2.0200 3.4771e+01    -0.0510     0.0000      98.73    97.7561     0.0674      37610    6.53421    0.00000    34.8713    34.8712         35 0.0000e+00
   1210.000   1195.124     3.4933     3.4936  32.530613  32.530805    6.52301     2.0170 3.4815e+01    -0.0513     0.0000      98.73    97.7575     0.0676      37653    6.52278    0.00000    34.8712    34.8710         57 0.0000e+00
   1212.000   1197.094     3.4927     3.4926  32.530772  32.530577    6.50570     2.0126 3.4824e+01    -0.0514     0.0000      98.73    97.7630     0.0676      37719    6.50562    0.00000    34.8709    34.8708         62 0.0000e+00
   1214.000   1199.064     3.4934     3.4936  32.532489  32.532021    6.49979     2.0109 3.4793e+01    -0.0522     0.0000      98.73    97.7664     0.0678      37769    6.49950    0.00000    34.8713    34.8705         45 0.0000e+00
   1216.000   1201.034     3.5001     3.5005  32.540198  32.540517    6.49575     2.0099 3.4655e+01    -0.0509     0.0000      98.73    97.7599     0.0675      37815    6.49549    0.00000    34.8723    34.8722         49 0.0000e+00
   1218.000   1203.003     3.4984     3.4986  32.539377  32.539401    6.49279     2.0087 3.4977e+01    -0.0515     0.0000      98.73    97.7618     0.0674      37868    6.49256    0.00000    34.8721    34.8720         54 0.0000e+00
   1220.000   1204.973     3.5035     3.5034  32.545510  32.545007    6.48854     2.0076 3.4919e+01    -0.0507     0.0000      98.73    97.7548     0.0673      37916    6.48837    0.00000    34.8730    34.8725         43 0.0000e+00
   1222.000   1206.943     3.5047     3.5050  32.547621  32.547687    6.48729     2.0070 3.5217e+01    -0.0514     0.0000      98.73    97.7683     0.0673      37956    6.48715    0.00000    34.8733    34.8730         37 0.0000e+00
   1224.000   1208.912     3.5068     3.5074  32.550641  32.550882    6.48402     2.0060 3.4844e+01    -0.0512     0.0000      98.73    97.7646     0.0673      37993    6.48394    0.00000    34.8736    34.8732         40 0.0000e+00
   1226.000   1210.882     3.5089     3.5093  32.553628  32.553610    6.47632     2.0039 3.5038e+01    -0.0519     0.0000      98.73    97.7612     0.0675      38062    6.47615    0.00000    34.8739    34.8735         80 0.0000e+00
   1228.000   1212.851     3.5185     3.5184  32.564493  32.563630    6.46995     2.0024 3.4975e+01    -0.0518     0.0000      98.73    97.7705     0.0677      38126    6.46925    0.00000    34.8757    34.8748         38 0.0000e+00
   1230.000   1214.821     3.5246     3.5247  32.571722  32.571654    6.47105     2.0024 3.5228e+01    -0.0528     0.0000      98.73    97.7675     0.0672      38158    6.47000    0.00000    34.8769    34.8766         28 0.0000e+00
   1232.000   1216.790     3.5257     3.5258  32.573882  32.573707    6.46949     2.0021 3.5025e+01    -0.0519     0.0000      98.73    97.7608     0.0675      38187    6.47010    0.00000    34.8772    34.8769         32 0.0000e+00
   1234.000   1218.760     3.5239     3.5242  32.572699  32.572722    6.45566     1.9983 3.4976e+01    -0.0520     0.0000      98.73    97.7669     0.0676      38248    6.45553    0.00000    34.8767    34.8764         65 0.0000e+00
   1236.000   1220.729     3.5270     3.5271  32.576818  32.576366    6.44778     1.9962 3.5346e+01    -0.0517     0.0000      98.73    97.7640     0.0675      38319    6.44754    0.00000    34.8774    34.8767         40 0.0000e+00
   1238.000   1222.699     3.5388     3.5390  32.590337  32.589796    6.44757     1.9963 3.4805e+01    -0.0512     0.0000      98.73    97.7734     0.0676      38354    6.44728    0.00000    34.8799    34.8791         36 0.0000e+00
   1240.000   1224.669     3.5436     3.5434  32.596202  32.595706    6.44289     1.9951 3.4862e+01    -0.0521     0.0000      98.73    97.7676     0.0674      38393    6.44269    0.00000    34.8808    34.8804         41 0.0000e+00
   1242.000   1226.638     3.5476     3.5481  32.601326  32.601455    6.43002     1.9919 3.5256e+01    -0.0519     0.0000      98.73    97.7674     0.0674      38437    6.42982    0.00000    34.8816    34.8813         49 0.0000e+00
   1244.000   1228.607     3.5507     3.5510  32.605345  32.605456    6.41535     1.9883 3.5142e+01    -0.0509     0.0000      98.73    97.7698     0.0673      38496    6.41513    0.00000    34.8821    34.8819         64 0.0000e+00
