Ship_data/Irminger/Irminger-2/ctd/process/OOI/dat30_001.cnv
* Sea-Bird SBE 9 Data File:
* FileName = C:\data\ctd\at30_001.hex
* Software Version Seasave V 7.21f
* Temperature SN = 2265
* Conductivity SN = 3021
* Number of Bytes Per Scan = 40
* Number of Voltage Words = 5
* Number of Scans Averaged by the Deck Unit = 1
* NMEA Latitude = 42 32.87 N
* NMEA Longitude = 062 35.04 W
* NMEA UTC (Time) = Aug 07 2015  12:39:53
# nquan = 21
# nvalues = 754                         
# units = specified
# name 0 = prDM: Pressure, Digiquartz [db]
# name 1 = depSM: Depth [salt water, m]
# name 2 = t090C: Temperature [ITS-90, deg C]
# name 3 = t190C: Temperature, 2 [ITS-90, deg C]
# name 4 = c0mS/cm: Conductivity [mS/cm]
# name 5 = c1mS/cm: Conductivity, 2 [mS/cm]
# name 6 = sbeox0ML/L: Oxygen, SBE 43 [ml/l]
# name 7 = sbeox0V: Oxygen raw, SBE 43 [V]
# name 8 = spar: SPAR/Surface Irradiance
# name 9 = flECO-AFL: Fluorescence, WET Labs ECO-AFL/FL [mg/m^3]
# name 10 = v2: Voltage 2
# name 11 = altM: Altimeter [m]
# name 12 = CStarTr0: Beam Transmission, WET Labs C-Star [%]
# name 13 = turbWETntu0: Turbidity, WET Labs ECO [NTU]
# name 14 = scan: Scan Count
# name 15 = sbeox0ML/L: Oxygen, SBE 43 [ml/l], WS = 2
# name 16 = sbeox0dOV/dT: Oxygen, SBE 43 [dov/dt], WS = 2
# name 17 = sal00: Salinity, Practical [PSU]
# name 18 = sal11: Salinity, Practical, 2 [PSU]
# name 19 = nbin: number of scans per bin
# name 20 = flag: flag
# span 0 =      2.000,   1508.000       
# span 1 =      1.984,   1490.704       
# span 2 =     3.9620,    21.4479       
# span 3 =     3.9627,    21.4153       
# span 4 =  33.144237,  46.706127       
# span 5 =  33.144100,  46.812078       
# span 6 =    3.06691,    6.53870       
# span 7 =     1.4378,     2.8559       
# span 8 = 1.1966e+03, 2.0220e+03       
# span 9 =    -0.0201,     1.5116       
# span 10 =     0.0000,     0.0000      
# span 11 =      80.06,      99.52      
# span 12 =    92.3444,    97.6037      
# span 13 =     0.0642,     0.1502      
# span 14 =        386,      78590      
# span 15 =    3.06688,    6.54005      
# span 16 =    0.00000,    0.00000      
# span 17 =    31.9637,    35.7073      
# span 18 =    31.9633,    35.7065      
# span 19 =         34,        249      
# span 20 = 0.0000e+00, 0.0000e+00      
# interval = decibars: 2                
# start_time = Aug 07 2015 12:39:53 [NMEA time, header]
# bad_flag = -9.990e-29
*END*
[from data line 207]
    416.000    412.302     7.5291     7.5295  36.061392  36.062055    3.68482     1.5638 1.3263e+03    -0.0066     0.0000      98.78    97.3796     0.0680      16777    3.68478    0.00000    35.1076    35.1080         46 0.0000e+00
    418.000    414.282     7.5155     7.5157  36.049924  36.049885    3.70024     1.5675 1.3211e+03    -0.0115     0.0000      98.78    97.3662     0.0698      16821    3.70018    0.00000    35.1080    35.1077         43 0.0000e+00
    420.000    416.262     7.5065     7.5067  36.043559  36.043776    3.71086     1.5700 1.3101e+03    -0.0124     0.0000      98.78    97.3661     0.0681      16867    3.71075    0.00000    35.1091    35.1092         52 0.0000e+00
    422.000    418.242     7.4793     7.4797  36.018624  36.019386    3.72482     1.5730 1.3037e+03    -0.0091     0.0000      98.78    97.3761     0.0703      16925    3.72475    0.00000    35.1086    35.1089         58 0.0000e+00
    424.000    420.222     7.4357     7.4363  35.977479  35.979363    3.73944     1.5757 1.2970e+03    -0.0055     0.0000      98.78    97.3717     0.0733      16974    3.73926    0.00000    35.1068    35.1084         40 0.0000e+00
    426.000    422.203     7.4018     7.4020  35.945654  35.946810    3.75153     1.5780 1.2956e+03    -0.0098     0.0000      98.78    97.3812     0.0672      17010    3.75149    0.00000    35.1055    35.1065         36 0.0000e+00
    428.000    424.183     7.3559     7.3571  35.901906  35.903833    3.76835     1.5812 1.3022e+03    -0.0117     0.0000      98.78    97.3781     0.0689      17056    3.76823    0.00000    35.1032    35.1041         59 0.0000e+00
    430.000    426.163     7.3298     7.3301  35.877484  35.877931    3.79415     1.5875 1.3178e+03    -0.0075     0.0000      98.78    97.3840     0.0696      17115    3.79408    0.00000    35.1021    35.1022         50 0.0000e+00
    432.000    428.143     7.2898     7.2900  35.839815  35.840888    3.81503     1.5920 1.3363e+03    -0.0055     0.0000      98.78    97.3820     0.0693      17159    3.81501    0.00000    35.1004    35.1015         43 0.0000e+00
    434.000    430.123     7.2638     7.2643  35.815526  35.816671    3.82800     1.5947 1.3587e+03    -0.0031     0.0000      98.78    97.3851     0.0703      17203    3.82790    0.00000    35.0993    35.1000         45 0.0000e+00
    436.000    432.103     7.2248     7.2251  35.778783  35.779777    3.84642     1.5985 1.3639e+03    -0.0018     0.0000      98.78    97.3803     0.0687      17252    3.84634    0.00000    35.0976    35.0984         54 0.0000e+00
    438.000    434.083     7.1893     7.1896  35.745229  35.746607    3.86657     1.6029 1.3539e+03    -0.0030     0.0000      98.78    97.3859     0.0703      17306    3.86650    0.00000    35.0959    35.0971         48 0.0000e+00
    440.000    436.063     7.1304     7.1307  35.689363  35.690843    3.88482     1.6062 1.3546e+03    -0.0114     0.0000      98.78    97.3812     0.0722      17345    3.88484    0.00000    35.0934    35.0948         35 0.0000e+00
    442.000    438.043     7.1067     7.1066  35.666900  35.667895    3.89995     1.6094 1.3649e+03    -0.0086     0.0000      98.78    97.3835     0.0711      17387    3.89986    0.00000    35.0919    35.0931         55 0.0000e+00
    444.000    440.023     7.0531     7.0532  35.615385  35.617070    3.93009     1.6161 1.3602e+03    -0.0106     0.0000      98.78    97.3881     0.0708      17452    3.93000    0.00000    35.0888    35.0906         60 0.0000e+00
    446.000    442.003     7.0085     7.0089  35.573384  35.574268    3.94832     1.6197 1.3503e+03    -0.0074     0.0000      98.78    97.3853     0.0698      17497    3.94833    0.00000    35.0870    35.0875         38 0.0000e+00
    448.000    443.983     6.9862     6.9868  35.552529  35.554067    3.96290     1.6228 1.3534e+03    -0.0176     0.0000      98.78    97.3860     0.0682      17535    3.96285    0.00000    35.0858    35.0869         40 0.0000e+00
    450.000    445.963     6.9550     6.9551  35.523649  35.523680    3.98029     1.6265 1.3561e+03    -0.0061     0.0000      98.78    97.3755     0.0694      17581    3.98023    0.00000    35.0848    35.0847         52 0.0000e+00
    452.000    447.943     6.9443     6.9444  35.514631  35.515263    3.99897     1.6311 1.3613e+03    -0.0069     0.0000      98.78    97.3813     0.0698      17633    3.99888    0.00000    35.0848    35.0853         50 0.0000e+00
    454.000    449.923     6.9177     6.9176  35.490417  35.490718    4.01212     1.6337 1.3556e+03    -0.0036     0.0000      98.78    97.3891     0.0692      17682    4.01206    0.00000    35.0841    35.0845         49 0.0000e+00
    456.000    451.903     6.8955     6.8957  35.469590  35.470201    4.02511     1.6364 1.3446e+03    -0.0006     0.0000      98.78    97.3907     0.0721      17732    4.02496    0.00000    35.0828    35.0833         49 0.0000e+00
    458.000    453.882     6.8486     6.8488  35.425388  35.426931    4.04111     1.6392 1.3463e+03    -0.0139     0.0000      98.78    97.3813     0.0680      17777    4.04108    0.00000    35.0808    35.0823         43 0.0000e+00
    460.000    455.862     6.8176     6.8180  35.396396  35.397215    4.05634     1.6423 1.3586e+03    -0.0084     0.0000      98.78    97.3908     0.0669      17821    4.05629    0.00000    35.0793    35.0799         47 0.0000e+00
    462.000    457.842     6.7967     6.7967  35.377000  35.377227    4.07377     1.6462 1.3847e+03    -0.0044     0.0000      98.78    97.3859     0.0676      17871    4.07367    0.00000    35.0783    35.0786         51 0.0000e+00
    464.000    459.822     6.7748     6.7747  35.357141  35.357289    4.09022     1.6498 1.4090e+03    -0.0067     0.0000      98.78    97.3842     0.0670      17919    4.09009    0.00000    35.0777    35.0779         45 0.0000e+00
    466.000    461.802     6.7561     6.7561  35.340238  35.340844    4.10143     1.6521 1.4187e+03    -0.0172     0.0000      98.78    97.3784     0.0680      17965    4.10136    0.00000    35.0771    35.0777         48 0.0000e+00
    468.000    463.781     6.7232     6.7231  35.309293  35.309767    4.11467     1.6545 1.4273e+03    -0.0021     0.0000      98.78    97.3894     0.0693      18016    4.11455    0.00000    35.0754    35.0760         54 0.0000e+00
    470.000    465.761     6.6922     6.6922  35.279763  35.280567    4.13081     1.6577 1.4447e+03    -0.0057     0.0000      98.78    97.3924     0.0650      18067    4.13078    0.00000    35.0733    35.0742         45 0.0000e+00
    472.000    467.741     6.6730     6.6732  35.261771  35.262386    4.14363     1.6604 1.4413e+03    -0.0063     0.0000      98.78    97.3981     0.0677      18109    4.14359    0.00000    35.0720    35.0725         39 0.0000e+00
    474.000    469.720     6.6508     6.6509  35.240849  35.241692    4.15321     1.6621 1.4420e+03    -0.0046     0.0000      98.78    97.3968     0.0674      18149    4.15318    0.00000    35.0705    35.0713         45 0.0000e+00
    476.000    471.700     6.6258     6.6259  35.217720  35.218103    4.16470     1.6642 1.4546e+03    -0.0117     0.0000      98.78    97.4000     0.0664      18202    4.16457    0.00000    35.0694    35.0697         61 0.0000e+00
    478.000    473.680     6.6086     6.6089  35.202469  35.202796    4.18337     1.6685 1.4596e+03    -0.0014     0.0000      98.78    97.3961     0.0713      18261    4.18321    0.00000    35.0691    35.0691         50 0.0000e+00
    480.000    475.659     6.5903     6.5904  35.185421  35.186128    4.19267     1.6703 1.4568e+03     0.0017     0.0000      98.78    97.3967     0.0671      18304    4.19259    0.00000    35.0679    35.0686         40 0.0000e+00
    482.000    477.639     6.5780     6.5780  35.174427  35.174400    4.19995     1.6716 1.4551e+03    -0.0023     0.0000      98.78    97.4010     0.0683      18346    4.19986    0.00000    35.0672    35.0671         47 0.0000e+00
    484.000    479.619     6.5650     6.5653  35.162791  35.163367    4.20848     1.6732 1.4517e+03     0.0001     0.0000      98.77    97.4047     0.0700      18392    4.20829    0.00000    35.0666    35.0669         42 0.0000e+00
    486.000    481.598     6.5363     6.5365  35.136527  35.137850    4.22006     1.6753 1.4546e+03    -0.0099     0.0000      98.78    97.4120     0.0699      18438    4.22000    0.00000    35.0658    35.0670         53 0.0000e+00
    488.000    483.578     6.4971     6.4975  35.100171  35.101135    4.23305     1.6774 1.4700e+03     0.0002     0.0000      98.78    97.4004     0.0689      18492    4.23286    0.00000    35.0644    35.0651         50 0.0000e+00
    490.000    485.557     6.4664     6.4666  35.071872  35.072924    4.24986     1.6808 1.4765e+03    -0.0063     0.0000      98.78    97.4105     0.0707      18538    4.24977    0.00000    35.0634    35.0643         46 0.0000e+00
    492.000    487.537     6.4423     6.4425  35.049773  35.050030    4.26756     1.6846 1.4804e+03    -0.0041     0.0000      98.78    97.4149     0.0700      18588    4.26751    0.00000    35.0624    35.0625         54 0.0000e+00
    494.000    489.516     6.4315     6.4317  35.040420  35.040739    4.28528     1.6888 1.4776e+03    -0.0029     0.0000      98.78    97.4137     0.0699      18639    4.28524    0.00000    35.0620    35.0622         44 0.0000e+00
    496.000    491.496     6.4062     6.4060  35.017539  35.018088    4.29811     1.6912 1.4657e+03    -0.0068     0.0000      98.78    97.4036     0.0691      18678    4.29790    0.00000    35.0614    35.0623         38 0.0000e+00
    498.000    493.475     6.3910     6.3921  35.003957  35.005164    4.30625     1.6927 1.4649e+03    -0.0006     0.0000      98.78    97.4003     0.0700      18719    4.30622    0.00000    35.0609    35.0611         46 0.0000e+00
    500.000    495.455     6.3617     6.3617  34.976812  34.977970    4.32003     1.6952 1.4632e+03    -0.0102     0.0000      98.78    97.4027     0.0671      18775    4.31995    0.00000    35.0596    35.0609         61 0.0000e+00
    502.000    497.434     6.3243     6.3246  34.941972  34.943510    4.33664     1.6983 1.4489e+03    -0.0072     0.0000      98.78    97.4067     0.0687      18827    4.33659    0.00000    35.0581    35.0595         45 0.0000e+00
    504.000    499.414     6.2718     6.2711  34.892061  34.892718    4.35477     1.7013 1.4462e+03    -0.0110     0.0000      98.78    97.4135     0.0699      18872    4.35471    0.00000    35.0552    35.0566         46 0.0000e+00
    506.000    501.393     6.2439     6.2420  34.865068  34.863654    4.38265     1.7077 1.4396e+03    -0.0013     0.0000      98.78    97.4102     0.0693      18934    4.38254    0.00000    35.0526    35.0530         87 0.0000e+00
    508.000    503.372     6.2352     6.2459  34.857261  34.868007    4.41966     1.7171 1.5638e+03    -0.0085     0.0000      98.78    97.4407     0.0705      29390    4.41937    0.00000    35.0518    35.0528        101 0.0000e+00
    510.000    505.352     6.1962     6.1963  34.820388  34.820413    4.44139     1.7214 1.9807e+03    -0.0105     0.0000      98.78    97.4649     0.0707      37722    4.44093    0.00000    35.0496    35.0494         72 0.0000e+00
    512.000    507.331     6.1808     6.1814  34.806553  34.806683    4.44579     1.7219 1.9313e+03    -0.0110     0.0000      98.78    97.4640     0.0707      37653    4.44564    0.00000    35.0489    35.0485         83 0.0000e+00
    514.000    509.310     6.1704     6.1707  34.797543  34.797365    4.45554     1.7239 1.9408e+03    -0.0100     0.0000      98.78    97.4669     0.0707      37731    4.45544    0.00000    35.0484    35.0480         64 0.0000e+00
    516.000    511.290     6.1539     6.1546  34.782397  34.782880    4.46432     1.7254 1.9355e+03    -0.0100     0.0000      98.78    97.4672     0.0707      37804    4.46412    0.00000    35.0474    35.0473         76 0.0000e+00
    518.000    513.269     6.1369     6.1374  34.766670  34.766837    4.47013     1.7261 1.9167e+03    -0.0107     0.0000      98.78    97.4710     0.0707      37871    4.46987    0.00000    35.0463    35.0460         53 0.0000e+00
    520.000    515.248     6.0922     6.0923  34.723056  34.724568    4.48083     1.7273 1.9228e+03    -0.0098     0.0000      98.78    97.4618     0.0707      37916    4.48080    0.00000    35.0423    35.0439         42 0.0000e+00
    522.000    517.227     6.0687     6.0692  34.700559  34.700778    4.48741     1.7281 1.9009e+03    -0.0104     0.0000      98.78    97.4412     0.0707      37960    4.48736    0.00000    35.0401    35.0399         52 0.0000e+00
    524.000    519.207     6.0448     6.0453  34.678190  34.678568    4.50222     1.7310 1.8927e+03    -0.0111     0.0000      98.78    97.3962     0.0707      38025    4.50219    0.00000    35.0386    35.0385         70 0.0000e+00
    526.000    521.186     6.0109     6.0117  34.646956  34.647988    4.51925     1.7342 1.9124e+03    -0.0111     0.0000      98.78    97.4034     0.0707      38086    4.51910    0.00000    35.0373    35.0377         49 0.0000e+00
    528.000    523.165     5.9843     5.9849  34.622738  34.623693    4.53242     1.7366 1.9343e+03    -0.0105     0.0000      98.78    97.4044     0.0707      38125    4.53244    0.00000    35.0365    35.0369         35 0.0000e+00
    530.000    525.144     5.9551     5.9557  34.595616  34.596187    4.54158     1.7378 1.9477e+03    -0.0098     0.0000      98.78    97.4095     0.0707      38164    4.54151    0.00000    35.0351    35.0350         48 0.0000e+00
    532.000    527.123     5.9436     5.9438  34.585606  34.585304    4.56047     1.7421 1.9391e+03    -0.0102     0.0000      98.78    97.4164     0.0707      38219    4.56035    0.00000    35.0345    35.0340         54 0.0000e+00
    534.000    529.102     5.9227     5.9230  34.566611  34.567974    4.57999     1.7464 1.9482e+03    -0.0106     0.0000      98.78    97.4185     0.0707      38267    4.57991    0.00000    35.0337    35.0349         45 0.0000e+00
    536.000    531.081     5.8757     5.8762  34.522395  34.523514    4.59551     1.7487 1.9716e+03    -0.0103     0.0000      98.78    97.4162     0.0707      38311    4.59543    0.00000    35.0312    35.0320         43 0.0000e+00
    538.000    533.061     5.8406     5.8408  34.489069  34.489112    4.61098     1.7514 2.0007e+03    -0.0103     0.0000      98.78    97.4086     0.0707      38357    4.61094    0.00000    35.0289    35.0286         51 0.0000e+00
    540.000    535.040     5.8246     5.8227  34.474510  34.472552    4.63243     1.7563 2.0220e+03    -0.0109     0.0000      98.78    97.4072     0.0707      38412    4.63237    0.00000    35.0279    35.0277         52 0.0000e+00
    542.000    537.019     5.8088     5.8097  34.460445  34.461164    4.64806     1.7596 2.0142e+03    -0.0104     0.0000      98.78    97.4035     0.0707      38455    4.64799    0.00000    35.0273    35.0271         37 0.0000e+00
    544.000    538.998     5.7908     5.7913  34.443927  34.444250    4.65855     1.7615 2.0064e+03    -0.0094     0.0000      98.78    97.3973     0.0707      38493    4.65840    0.00000    35.0262    35.0260         44 0.0000e+00
    546.000    540.977     5.7827     5.7831  34.437030  34.437050    4.67198     1.7645 1.9923e+03    -0.0111     0.0000      98.78    97.3885     0.0707      38549    4.67186    0.00000    35.0257    35.0254         64 0.0000e+00
    548.000    542.956     5.7719     5.7725  34.428156  34.428556    4.68264     1.7666 1.9433e+03    -0.0106     0.0000      98.78    97.3861     0.0707      38604    4.68249    0.00000    35.0258    35.0257         45 0.0000e+00
    550.000    544.935     5.7565     5.7569  34.414551  34.414815    4.69091     1.7681 1.9265e+03    -0.0106     0.0000      98.78    97.3818     0.0707      38646    4.69094    0.00000    35.0254    35.0252         41 0.0000e+00
