Ship_data/Irminger/Irminger-2/ctd/process/OOI/dat30_006.cnv
* Sea-Bird SBE 9 Data File:
* FileName = C:\data\ctd\at30_006.hex
* Software Version Seasave V 7.21f
* Temperature SN = 2265
* Conductivity SN = 3021
* Number of Bytes Per Scan = 40
* Number of Voltage Words = 5
* Number of Scans Averaged by the Deck Unit = 1
* NMEA Latitude = 59 51.06 N
* NMEA Longitude = 039 05.71 W
* NMEA UTC (Time) = Aug 17 2015  17:02:11
# nquan = 21
# nvalues = 507                         
# units = specified
# name 0 = prDM: Pressure, Digiquartz [db]
# name 1 = depSM: Depth [salt water, m]
# name 2 = t090C: Temperature [ITS-90, deg C]
# name 3 = t190C: Temperature, 2 [ITS-90, deg C]
# name 4 = c0mS/cm: Conductivity [mS/cm]
# name 5 = c1mS/cm: Conductivity, 2 [mS/cm]
# name 6 = sbeox0ML/L: Oxygen, SBE 43 [ml/l]
# name 7 = sbeox0V: Oxygen raw, SBE 43 [V]
# name 8 = spar: SPAR/Surface Irradiance
# name 9 = flECO-AFL: Fluorescence, WET Labs ECO-AFL/FL [mg/m^3]
# name 10 = v2: Voltage 2
# name 11 = altM: Altimeter [m]
# name 12 = CStarTr0: Beam Transmission, WET Labs C-Star [%]
# name 13 = turbWETntu0: Turbidity, WET Labs ECO [NTU]
# name 14 = scan: Scan Count
# name 15 = sbeox0ML/L: Oxygen, SBE 43 [ml/l], WS = 2
# name 16 = sbeox0dOV/dT: Oxygen, SBE 43 [dov/dt], WS = 2
# name 17 = sal00: Salinity, Practical [PSU]
# name 18 = sal11: Salinity, Practical, 2 [PSU]
# name 19 = nbin: number of scans per bin
# name 20 = flag: flag
# span 0 =      2.000,   1014.000       
# span 1 =      1.981,   1002.005       
# span 2 =     3.6114,     8.6155       
# span 3 =     3.6122,     8.6160       
# span 4 =  32.405350,  36.671761       
# span 5 =  32.405473,  36.671438       
# span 6 =    6.47118,    6.92520       
# span 7 =     2.0769,     2.5441       
# span 8 = 4.6044e+02, 5.7117e+02       
# span 9 =    -0.0332,     1.7924       
# span 10 =     0.0000,     0.0000      
# span 11 =      73.06,      98.80      
# span 12 =    93.5882,    97.6829      
# span 13 =     0.0738,     0.1283      
# span 14 =        254,      38080      
# span 15 =    6.47095,    6.92567      
# span 16 =    0.00000,    0.00000      
# span 17 =    34.8681,    34.9199      
# span 18 =    34.8691,    34.9209      
# span 19 =         16,        122      
# span 20 = 0.0000e+00, 0.0000e+00      
# interval = decibars: 2                
# start_time = Aug 17 2015 17:02:11 [NMEA time, header]
# bad_flag = -9.990e-29
*END*
[from data line 138]
    278.000    275.197     3.8997     3.8999  32.515940  32.516599    6.53518     2.2320 5.2679e+02    -0.0116     0.0000      98.78    97.5761     0.0820      13463    6.53494    0.00000    34.9102    34.9108         45 0.0000e+00
    280.000    277.175     3.8965     3.8964  32.513661  32.514256    6.53891     2.2323 5.2716e+02    -0.0163     0.0000      98.78    97.5673     0.0829      13512    6.53870    0.00000    34.9099    34.9106         54 0.0000e+00
    282.000    279.154     3.8939     3.8941  32.512037  32.512733    6.54060     2.2323 5.2762e+02    -0.0254     0.0000      98.78    97.5455     0.0830      13565    6.54078    0.00000    34.9096    34.9102         49 0.0000e+00
    284.000    281.132     3.8920     3.8924  32.511066  32.511945    6.54450     2.2327 5.2753e+02    -0.0221     0.0000      98.78    97.5424     0.0777      13610    6.54450    0.00000    34.9093    34.9100         42 0.0000e+00
    286.000    283.111     3.8895     3.8895  32.509354  32.509745    6.54995     2.2336 5.2716e+02    -0.0191     0.0000      98.78    97.5353     0.0813      13654    6.54991    0.00000    34.9089    34.9094         49 0.0000e+00
    288.000    285.089     3.8827     3.8823  32.503570  32.503756    6.55452     2.2340 5.2711e+02    -0.0143     0.0000      98.78    97.5344     0.0799      13710    6.55447    0.00000    34.9082    34.9089         62 0.0000e+00
    290.000    287.068     3.8689     3.8688  32.490742  32.491193    6.55789     2.2338 5.2696e+02    -0.0218     0.0000      98.78    97.5481     0.0819      13767    6.55787    0.00000    34.9066    34.9072         45 0.0000e+00
    292.000    289.046     3.8679     3.8680  32.490749  32.491228    6.55943     2.2337 5.2514e+02    -0.0228     0.0000      98.78    97.5194     0.0844      13803    6.55938    0.00000    34.9065    34.9070         32 0.0000e+00
    294.000    291.024     3.8692     3.8692  32.493164  32.493726    6.56167     2.2339 5.2341e+02    -0.0288     0.0000      98.78    97.5349     0.0841      13835    6.56157    0.00000    34.9070    34.9076         35 0.0000e+00
    296.000    293.003     3.8693     3.8692  32.494013  32.494483    6.56077     2.2332 5.2325e+02    -0.0214     0.0000      98.78    97.5272     0.0856      13901    6.56073    0.00000    34.9068    34.9074         77 0.0000e+00
    298.000    294.981     3.8681     3.8681  32.493940  32.494549    6.56705     2.2343 5.2261e+02    -0.0252     0.0000      98.78    97.5246     0.0829      13964    6.56690    0.00000    34.9069    34.9076         34 0.0000e+00
    300.000    296.960     3.8694     3.8693  32.496343  32.496573    6.57200     2.2352 5.2114e+02    -0.0116     0.0000      98.78    97.4338     0.0813      13993    6.57177    0.00000    34.9073    34.9077         28 0.0000e+00
    302.000    298.938     3.8706     3.8707  32.498504  32.499100    6.56558     2.2332 5.2043e+02    -0.0196     0.0000      98.78    97.5092     0.0868      14035    6.56539    0.00000    34.9075    34.9081         67 0.0000e+00
    304.000    300.916     3.8710     3.8712  32.500020  32.500735    6.55984     2.2313 5.2102e+02    -0.0162     0.0000      98.78    97.5162     0.0853      14102    6.55962    0.00000    34.9078    34.9085         49 0.0000e+00
    306.000    302.894     3.8670     3.8672  32.497210  32.498050    6.56444     2.2319 5.2025e+02    -0.0169     0.0000      98.78    97.5275     0.0833      14141    6.56438    0.00000    34.9076    34.9084         37 0.0000e+00
    308.000    304.872     3.8633     3.8638  32.494495  32.495477    6.56366     2.2310 5.1962e+02    -0.0130     0.0000      98.78    97.5355     0.0878      14179    6.56359    0.00000    34.9072    34.9079         41 0.0000e+00
    310.000    306.851     3.8563     3.8560  32.488155  32.488526    6.56495     2.2306 5.1911e+02    -0.0150     0.0000      98.78    97.5333     0.0856      14229    6.56481    0.00000    34.9060    34.9069         65 0.0000e+00
    312.000    308.829     3.8483     3.8467  32.481098  32.480580    6.56990     2.2311 5.2054e+02    -0.0150     0.0000      98.78    97.5388     0.0837      14300    6.56983    0.00000    34.9051    34.9062         55 0.0000e+00
    314.000    310.807     3.8326     3.8325  32.466681  32.467166    6.58010     2.2325 5.2015e+02    -0.0150     0.0000      98.78    97.5329     0.0811      14336    6.57998    0.00000    34.9036    34.9042         30 0.0000e+00
    316.000    312.785     3.8311     3.8310  32.466020  32.466564    6.58021     2.2320 5.1954e+02    -0.0258     0.0000      98.77    97.5397     0.0835      14366    6.58009    0.00000    34.9033    34.9040         35 0.0000e+00
    318.000    314.763     3.8267     3.8277  32.462423  32.464102    6.57575     2.2302 5.2054e+02    -0.0171     0.0000      98.78    97.5435     0.0880      14433    6.57574    0.00000    34.9026    34.9035         79 0.0000e+00
    320.000    316.741     3.8099     3.8100  32.447049  32.447737    6.58054     2.2302 5.2129e+02    -0.0015     0.0000      98.78    97.5605     0.0860      14483    6.58052    0.00000    34.9011    34.9018         35 0.0000e+00
    322.000    318.720     3.8107     3.8111  32.448772  32.449178    6.58101     2.2299 5.2162e+02    -0.0187     0.0000      98.78    97.5488     0.0865      14518    6.58097    0.00000    34.9012    34.9013         39 0.0000e+00
    324.000    320.698     3.8189     3.8189  32.458018  32.458441    6.58303     2.2304 5.2399e+02    -0.0210     0.0000      98.78    97.5583     0.0818      14569    6.58294    0.00000    34.9024    34.9029         63 0.0000e+00
    326.000    322.676     3.8174     3.8177  32.457630  32.458418    6.58387     2.2301 5.2524e+02    -0.0219     0.0000      98.78    97.5598     0.0776      14627    6.58381    0.00000    34.9024    34.9031         47 0.0000e+00
    328.000    324.654     3.8121     3.8123  32.453350  32.454195    6.58854     2.2306 5.2566e+02    -0.0131     0.0000      98.78    97.5695     0.0848      14667    6.58841    0.00000    34.9019    34.9028         37 0.0000e+00
    330.000    326.632     3.8053     3.8054  32.447364  32.448017    6.58992     2.2302 5.2738e+02    -0.0170     0.0000      98.78    97.5733     0.0848      14709    6.58977    0.00000    34.9009    34.9016         52 0.0000e+00
    332.000    328.610     3.7986     3.7989  32.441742  32.442560    6.59179     2.2300 5.2908e+02    -0.0233     0.0000      98.78    97.5612     0.0836      14771    6.59191    0.00000    34.9003    34.9009         62 0.0000e+00
    334.000    330.588     3.7885     3.7885  32.432728  32.433419    6.59592     2.2301 5.2914e+02    -0.0219     0.0000      98.78    97.5524     0.0795      14820    6.59580    0.00000    34.8992    34.9001         38 0.0000e+00
    336.000    332.566     3.7787     3.7788  32.424001  32.424862    6.60141     2.2306 5.2929e+02    -0.0267     0.0000      98.78    97.5763     0.0814      14855    6.60125    0.00000    34.8982    34.8991         36 0.0000e+00
    338.000    334.544     3.7737     3.7736  32.419796  32.420241    6.60192     2.2300 5.2935e+02    -0.0148     0.0000      98.78    97.5740     0.0862      14901    6.60179    0.00000    34.8974    34.8980         56 0.0000e+00
    340.000    336.522     3.7731     3.7732  32.420200  32.420645    6.60421     2.2301 5.2932e+02    -0.0179     0.0000      98.78    97.5854     0.0817      14955    6.60403    0.00000    34.8974    34.8979         49 0.0000e+00
    342.000    338.499     3.7743     3.7743  32.422380  32.422709    6.60086     2.2289 5.2959e+02    -0.0291     0.0000      91.68    97.5911     0.0799      15004    6.60076    0.00000    34.8977    34.8981         51 0.0000e+00
    344.000    340.477     3.7761     3.7761  32.425192  32.425632    6.60210     2.2288 5.2937e+02    -0.0174     0.0000      98.80    97.6014     0.0819      15054    6.60197    0.00000    34.8981    34.8986         48 0.0000e+00
    346.000    342.455     3.7761     3.7761  32.426184  32.426585    6.60420     2.2289 5.2825e+02    -0.0192     0.0000      98.78    97.5996     0.0818      15102    6.60404    0.00000    34.8981    34.8986         50 0.0000e+00
    348.000    344.433     3.7782     3.7783  32.429203  32.429232    6.60519     2.2289 5.2802e+02    -0.0237     0.0000      98.78    97.5920     0.0816      15151    6.60501    0.00000    34.8985    34.8984         46 0.0000e+00
    350.000    346.411     3.7889     3.7895  32.441052  32.441856    6.60107     2.2279 5.2687e+02    -0.0212     0.0000      98.78    97.6004     0.0802      15196    6.60093    0.00000    34.9002    34.9004         44 0.0000e+00
    352.000    348.388     3.7989     3.7988  32.452429  32.452442    6.59923     2.2274 5.2545e+02    -0.0184     0.0000      98.78    97.5951     0.0939      15241    6.59910    0.00000    34.9019    34.9021         46 0.0000e+00
    354.000    350.366     3.7989     3.7989  32.453240  32.453900    6.60070     2.2274 5.2415e+02    -0.0213     0.0000      85.37    97.5753     0.0818      15288    6.60055    0.00000    34.9019    34.9026         48 0.0000e+00
    356.000    352.344     3.7908     3.7909  32.446301  32.446749    6.59716     2.2257 5.2339e+02    -0.0188     0.0000      98.34    97.6001     0.0831      15341    6.59711    0.00000    34.9011    34.9016         62 0.0000e+00
    358.000    354.322     3.7906     3.7907  32.446964  32.447418    6.59530     2.2247 5.2288e+02    -0.0256     0.0000      98.78    97.6040     0.0822      15402    6.59521    0.00000    34.9011    34.9015         50 0.0000e+00
    360.000    356.300     3.7900     3.7900  32.447313  32.447794    6.59550     2.2243 5.2038e+02    -0.0249     0.0000      98.78    97.5931     0.0870      15442    6.59528    0.00000    34.9010    34.9016         36 0.0000e+00
    362.000    358.277     3.7870     3.7870  32.445164  32.445730    6.59379     2.2232 5.1934e+02    -0.0212     0.0000      98.78    97.6021     0.0819      15483    6.59353    0.00000    34.9006    34.9013         50 0.0000e+00
    364.000    360.255     3.7835     3.7838  32.442667  32.443389    6.59724     2.2235 5.2013e+02    -0.0185     0.0000      98.78    97.6053     0.0785      15540    6.59704    0.00000    34.9003    34.9008         58 0.0000e+00
    366.000    362.233     3.7842     3.7843  32.444413  32.444929    6.60460     2.2250 5.1971e+02    -0.0233     0.0000      73.06    97.6117     0.0805      15591    6.60454    0.00000    34.9005    34.9010         44 0.0000e+00
    368.000    364.211     3.7840     3.7841  32.445166  32.445652    6.60054     2.2235 5.1938e+02    -0.0179     0.0000      98.68    97.5790     0.0814      15631    6.60043    0.00000    34.9006    34.9010         39 0.0000e+00
    370.000    366.188     3.7798     3.7798  32.441819  32.442359    6.59783     2.2222 5.2048e+02    -0.0206     0.0000      98.78    97.6006     0.0807      15676    6.59759    0.00000    34.9000    34.9006         56 0.0000e+00
    372.000    368.166     3.7737     3.7738  32.436619  32.437223    6.60018     2.2220 5.2301e+02    -0.0233     0.0000      98.78    97.6206     0.0794      15740    6.59991    0.00000    34.8992    34.8998         59 0.0000e+00
    374.000    370.143     3.7715     3.7703  32.435445  32.434613    6.60501     2.2228 5.2390e+02    -0.0254     0.0000      98.78    97.6243     0.0790      15784    6.60497    0.00000    34.8990    34.8994         36 0.0000e+00
    376.000    372.121     3.7703     3.7705  32.435072  32.435742    6.60311     2.2218 5.2483e+02    -0.0210     0.0000      98.78    97.5937     0.0759      15828    6.60296    0.00000    34.8988    34.8994         59 0.0000e+00
    378.000    374.099     3.7663     3.7660  32.432119  32.432284    6.60340     2.2212 5.2736e+02    -0.0232     0.0000      98.78    97.6043     0.0816      15889    6.60313    0.00000    34.8984    34.8989         50 0.0000e+00
    380.000    376.076     3.7637     3.7637  32.430538  32.430801    6.60704     2.2215 5.2828e+02    -0.0084     0.0000      98.78    97.6110     0.0787      15927    6.60675    0.00000    34.8983    34.8986         33 0.0000e+00
    382.000    378.053     3.7651     3.7653  32.432907  32.433461    6.60728     2.2212 5.2911e+02    -0.0108     0.0000      98.78    97.6044     0.0790      15963    6.60696    0.00000    34.8985    34.8989         42 0.0000e+00
    384.000    380.031     3.7652     3.7654  32.433854  32.434451    6.60668     2.2207 5.3151e+02    -0.0274     0.0000      98.78    97.6242     0.0817      16023    6.60648    0.00000    34.8985    34.8990         73 0.0000e+00
    386.000    382.009     3.7635     3.7637  32.433289  32.433818    6.60734     2.2203 5.3388e+02    -0.0193     0.0000      98.78    97.6258     0.0798      16083    6.60707    0.00000    34.8985    34.8990         46 0.0000e+00
    388.000    383.986     3.7641     3.7643  32.434928  32.435258    6.60934     2.2204 5.3356e+02    -0.0189     0.0000      98.78    97.6086     0.0790      16124    6.60904    0.00000    34.8987    34.8990         40 0.0000e+00
    390.000    385.963     3.7631     3.7632  32.434842  32.435309    6.60819     2.2196 5.3460e+02    -0.0198     0.0000      98.78    97.6238     0.0817      16174    6.60791    0.00000    34.8986    34.8991         57 0.0000e+00
    392.000    387.941     3.7619     3.7624  32.434594  32.435199    6.61049     2.2198 5.3680e+02    -0.0219     0.0000      98.78    97.6227     0.0795      16222    6.61040    0.00000    34.8985    34.8987         40 0.0000e+00
    394.000    389.918     3.7636     3.7638  32.437250  32.437714    6.60827     2.2188 5.3663e+02    -0.0240     0.0000      98.78    97.6360     0.0811      16263    6.60809    0.00000    34.8988    34.8992         47 0.0000e+00
    396.000    391.896     3.7618     3.7620  32.436376  32.436825    6.60777     2.2181 5.3679e+02    -0.0210     0.0000      98.78    97.6205     0.0808      16316    6.60758    0.00000    34.8986    34.8990         50 0.0000e+00
    398.000    393.873     3.7670     3.7670  32.442517  32.442715    6.60765     2.2179 5.3794e+02    -0.0241     0.0000      98.78    97.6309     0.0804      16359    6.60741    0.00000    34.8994    34.8996         44 0.0000e+00
    400.000    395.850     3.7679     3.7684  32.444385  32.445090    6.60693     2.2173 5.3925e+02    -0.0198     0.0000      98.78    97.6209     0.0831      16420    6.60672    0.00000    34.8995    34.8999         71 0.0000e+00
    402.000    397.828     3.7634     3.7640  32.438010  32.442187    6.61495     2.2187 5.3937e+02    -0.0206     0.0000      98.78    97.6202     0.0846      16474    6.61458    0.00000    34.8957    34.9000         39 0.0000e+00
    404.000    399.805     3.7551     3.7553  32.433403  32.434194    6.61832     2.2188 5.3912e+02    -0.0155     0.0000      98.78    97.6209     0.0818      16511    6.61813    0.00000    34.8979    34.8986         39 0.0000e+00
    406.000    401.782     3.7526     3.7530  32.431794  32.432648    6.61705     2.2179 5.3880e+02    -0.0241     0.0000      98.78    97.6297     0.0805      16562    6.61678    0.00000    34.8976    34.8982         58 0.0000e+00
    408.000    403.760     3.7488     3.7496  32.428966  32.430273    6.62405     2.2191 5.3813e+02    -0.0306     0.0000      98.78    97.6419     0.0773      16609    6.62390    0.00000    34.8972    34.8979         36 0.0000e+00
    410.000    405.737     3.7486     3.7490  32.429794  32.430534    6.62194     2.2181 5.3728e+02    -0.0246     0.0000      98.78    97.6338     0.0795      16646    6.62185    0.00000    34.8973    34.8978         47 0.0000e+00
    412.000    407.714     3.7486     3.7488  32.430626  32.431032    6.61589     2.2161 5.3776e+02    -0.0207     0.0000      98.78    97.6295     0.0791      16711    6.61563    0.00000    34.8972    34.8975         69 0.0000e+00
