Ship_data/Irminger/Irminger-2/ctd/process/OOI/dat30_001.cnv
* Sea-Bird SBE 9 Data File:
* FileName = C:\data\ctd\at30_001.hex
* Software Version Seasave V 7.21f
* Temperature SN = 2265
* Conductivity SN = 3021
* Number of Bytes Per Scan = 40
* Number of Voltage Words = 5
* Number of Scans Averaged by the Deck Unit = 1
* NMEA Latitude = 42 32.87 N
* NMEA Longitude = 062 35.04 W
* NMEA UTC (Time) = Aug 07 2015  12:39:53
# nquan = 21
# nvalues = 754                         
# units = specified
# name 0 = prDM: Pressure, Digiquartz [db]
# name 1 = depSM: Depth [salt water, m]
# name 2 = t090C: Temperature [ITS-90, deg C]
# name 3 = t190C: Temperature, 2 [ITS-90, deg C]
# name 4 = c0mS/cm: Conductivity [mS/cm]
# name 5 = c1mS/cm: Conductivity, 2 [mS/cm]
# name 6 = sbeox0ML/L: Oxygen, SBE 43 [ml/l]
# name 7 = sbeox0V: Oxygen raw, SBE 43 [V]
# name 8 = spar: SPAR/Surface Irradiance
# name 9 = flECO-AFL: Fluorescence, WET Labs ECO-AFL/FL [mg/m^3]
# name 10 = v2: Voltage 2
# name 11 = altM: Altimeter [m]
# name 12 = CStarTr0: Beam Transmission, WET Labs C-Star [%]
# name 13 = turbWETntu0: Turbidity, WET Labs ECO [NTU]
# name 14 = scan: Scan Count
# name 15 = sbeox0ML/L: Oxygen, SBE 43 [ml/l], WS = 2
# name 16 = sbeox0dOV/dT: Oxygen, SBE 43 [dov/dt], WS = 2
# name 17 = sal00: Salinity, Practical [PSU]
# name 18 = sal11: Salinity, Practical, 2 [PSU]
# name 19 = nbin: number of scans per bin
# name 20 = flag: flag
# span 0 =      2.000,   1508.000       
# span 1 =      1.984,   1490.704       
# span 2 =     3.9620,    21.4479       
# span 3 =     3.9627,    21.4153       
# span 4 =  33.144237,  46.706127       
# span 5 =  33.144100,  46.812078       
# span 6 =    3.06691,    6.53870       
# span 7 =     1.4378,     2.8559       
# span 8 = 1.1966e+03, 2.0220e+03       
# span 9 =    -0.0201,     1.5116       
# span 10 =     0.0000,     0.0000      
# span 11 =      80.06,      99.52      
# span 12 =    92.3444,    97.6037      
# span 13 =     0.0642,     0.1502      
# span 14 =        386,      78590      
# span 15 =    3.06688,    6.54005      
# span 16 =    0.00000,    0.00000      
# span 17 =    31.9637,    35.7073      
# span 18 =    31.9633,    35.7065      
# span 19 =         34,        249      
# span 20 = 0.0000e+00, 0.0000e+00      
# interval = decibars: 2                
# start_time = Aug 07 2015 12:39:53 [NMEA time, header]
# bad_flag = -9.990e-29
*END*
[from data line 621]
   1244.000   1230.501     4.1521     4.1526  33.208774  33.208865    5.74545     1.8582 1.2737e+03    -0.0106     0.0000      98.78    97.5883     0.0707      55198    5.74546    0.00000    34.9606    34.9601         47 0.0000e+00
   1246.000   1232.474     4.1488     4.1495  33.206457  33.206633    5.74547     1.8577 1.2405e+03    -0.0114     0.0000      98.78    97.5935     0.0707      55245    5.74529    0.00000    34.9603    34.9598         47 0.0000e+00
   1248.000   1234.446     4.1450     4.1457  33.203600  33.203773    5.75030     1.8583 1.2372e+03    -0.0109     0.0000      98.78    97.5929     0.0707      55291    5.75002    0.00000    34.9599    34.9595         45 0.0000e+00
   1250.000   1236.419     4.1401     4.1400  33.199566  33.199003    5.75123     1.8580 1.2779e+03    -0.0115     0.0000      98.78    97.5885     0.0707      55337    5.75099    0.00000    34.9594    34.9588         49 0.0000e+00
   1252.000   1238.391     4.1321     4.1327  33.192458  33.192607    5.75157     1.8574 1.2320e+03    -0.0121     0.0000      98.78    97.5936     0.0707      55389    5.75137    0.00000    34.9584    34.9580         52 0.0000e+00
   1254.000   1240.364     4.1238     4.1240  33.184944  33.184781    5.75578     1.8577 1.2961e+03    -0.0104     0.0000      98.78    97.5880     0.0707      55437    5.75559    0.00000    34.9574    34.9569         44 0.0000e+00
   1256.000   1242.336     4.1198     4.1203  33.181871  33.181768    5.75941     1.8580 1.2982e+03    -0.0118     0.0000      98.78    97.5899     0.0707      55483    5.75907    0.00000    34.9569    34.9563         52 0.0000e+00
   1258.000   1244.308     4.1198     4.1204  33.182741  33.182701    5.76308     1.8586 1.2266e+03    -0.0104     0.0000      98.78    97.5874     0.0707      55538    5.76309    0.00000    34.9570    34.9564         54 0.0000e+00
   1260.000   1246.281     4.1194     4.1200  33.183398  33.183316    5.76415     1.8585 1.2261e+03    -0.0106     0.0000      98.78    97.5848     0.0707      55588    5.76432    0.00000    34.9572    34.9565         45 0.0000e+00
   1262.000   1248.253     4.1141     4.1148  33.179361  33.179549    5.76378     1.8578 1.2813e+03    -0.0125     0.0000      98.78    97.5791     0.0707      55630    5.76367    0.00000    34.9571    34.9566         40 0.0000e+00
   1264.000   1250.225     4.1137     4.1143  33.179779  33.179611    5.76436     1.8576 1.2985e+03    -0.0120     0.0000      98.78    97.5893     0.0707      55669    5.76424    0.00000    34.9570    34.9562         40 0.0000e+00
   1266.000   1252.197     4.1136     4.1141  33.180497  33.180270    5.76510     1.8574 1.2804e+03    -0.0120     0.0000      98.78    97.5850     0.0707      55720    5.76489    0.00000    34.9569    34.9561         67 0.0000e+00
   1268.000   1254.170     4.1113     4.1119  33.179206  33.179249    5.76624     1.8574 1.2970e+03    -0.0106     0.0000      98.78    97.5919     0.0707      55785    5.76678    0.00000    34.9568    34.9563         51 0.0000e+00
   1270.000   1256.142     4.1080     4.1085  33.177098  33.177084    5.76921     1.8574 1.2670e+03    -0.0122     0.0000      98.78    97.5809     0.0707      55829    5.76871    0.00000    34.9568    34.9563         42 0.0000e+00
   1272.000   1258.114     4.1044     4.1050  33.174665  33.174574    5.77131     1.8574 1.2962e+03    -0.0108     0.0000      98.78    97.5858     0.0707      55871    5.77077    0.00000    34.9568    34.9561         45 0.0000e+00
   1274.000   1260.086     4.1032     4.1038  33.174422  33.174334    5.77280     1.8573 1.2586e+03    -0.0106     0.0000      98.78    97.5857     0.0707      55916    5.77227    0.00000    34.9567    34.9560         43 0.0000e+00
   1276.000   1262.059     4.1017     4.1022  33.173958  33.173934    5.77170     1.8568 1.2989e+03    -0.0123     0.0000      98.78    97.5802     0.0707      55961    5.77150    0.00000    34.9568    34.9562         50 0.0000e+00
   1278.000   1264.031     4.1004     4.1009  33.173779  33.173625    5.77028     1.8560 1.2589e+03    -0.0132     0.0000      98.78    97.5754     0.0707      56019    5.77001    0.00000    34.9569    34.9562         62 0.0000e+00
   1280.000   1266.003     4.1002     4.1007  33.174631  33.174484    5.76799     1.8552 1.2223e+03    -0.0113     0.0000      98.78    97.5754     0.0707      56073    5.76778    0.00000    34.9572    34.9565         46 0.0000e+00
   1282.000   1267.975     4.1000     4.1006  33.175309  33.175209    5.76907     1.8551 1.2532e+03    -0.0117     0.0000      98.78    97.5638     0.0707      56116    5.76884    0.00000    34.9572    34.9565         39 0.0000e+00
   1284.000   1269.947     4.0986     4.0991  33.174939  33.174866    5.76800     1.8544 1.2311e+03    -0.0115     0.0000      98.78    97.5677     0.0707      56154    5.76781    0.00000    34.9572    34.9566         41 0.0000e+00
   1286.000   1271.919     4.0965     4.0970  33.173796  33.173658    5.76687     1.8538 1.2623e+03    -0.0119     0.0000      98.78    97.5625     0.0707      56201    5.76671    0.00000    34.9571    34.9564         54 0.0000e+00
   1288.000   1273.891     4.0958     4.0963  33.173934  33.173740    5.76411     1.8528 1.2590e+03    -0.0118     0.0000      98.78    97.5622     0.0707      56260    5.76399    0.00000    34.9570    34.9562         60 0.0000e+00
   1290.000   1275.863     4.0949     4.0955  33.173954  33.173964    5.76606     1.8528 1.3042e+03    -0.0124     0.0000      98.78    97.5575     0.0707      56314    5.76590    0.00000    34.9570    34.9563         45 0.0000e+00
   1292.000   1277.835     4.0956     4.0961  33.175504  33.175292    5.76653     1.8526 1.2999e+03    -0.0106     0.0000      98.78    97.5591     0.0707      56353    5.76636    0.00000    34.9571    34.9563         37 0.0000e+00
   1294.000   1279.807     4.0959     4.0964  33.176546  33.176445    5.76771     1.8525 1.2334e+03    -0.0121     0.0000      98.78    97.5563     0.0707      56394    5.76750    0.00000    34.9570    34.9563         48 0.0000e+00
   1296.000   1281.779     4.0942     4.0947  33.175858  33.175746    5.76850     1.8523 1.2670e+03    -0.0113     0.0000      98.78    97.5677     0.0707      56449    5.76828    0.00000    34.9570    34.9563         57 0.0000e+00
   1298.000   1283.751     4.0932     4.0938  33.175832  33.175791    5.76684     1.8515 1.3034e+03    -0.0112     0.0000      98.78    97.5616     0.0707      56501    5.76664    0.00000    34.9570    34.9564         49 0.0000e+00
   1300.000   1285.723     4.0917     4.0922  33.175381  33.175218    5.76751     1.8513 1.3002e+03    -0.0118     0.0000      98.78    97.5665     0.0707      56549    5.76731    0.00000    34.9570    34.9563         46 0.0000e+00
   1302.000   1287.695     4.0908     4.0913  33.175432  33.175318    5.76578     1.8505 1.2973e+03    -0.0118     0.0000      98.78    97.5645     0.0707      56593    5.76562    0.00000    34.9571    34.9564         43 0.0000e+00
   1304.000   1289.667     4.0898     4.0904  33.175428  33.175287    5.76486     1.8499 1.2999e+03    -0.0104     0.0000      98.78    97.5606     0.0707      56638    5.76472    0.00000    34.9571    34.9563         49 0.0000e+00
   1306.000   1291.639     4.0884     4.0890  33.174971  33.174893    5.76368     1.8493 1.3006e+03    -0.0111     0.0000      98.78    97.5599     0.0707      56691    5.76357    0.00000    34.9571    34.9564         56 0.0000e+00
   1308.000   1293.611     4.0873     4.0879  33.174905  33.174788    5.76421     1.8490 1.3036e+03    -0.0108     0.0000      98.78    97.5567     0.0707      56744    5.76408    0.00000    34.9571    34.9563         48 0.0000e+00
   1310.000   1295.582     4.0869     4.0874  33.175345  33.175161    5.76363     1.8485 1.3042e+03    -0.0111     0.0000      98.78    97.5572     0.0707      56789    5.76348    0.00000    34.9571    34.9563         43 0.0000e+00
   1312.000   1297.554     4.0866     4.0871  33.175915  33.175750    5.76223     1.8479 1.2920e+03    -0.0115     0.0000      98.78    97.5519     0.0707      56833    5.76215    0.00000    34.9570    34.9563         47 0.0000e+00
   1314.000   1299.526     4.0863     4.0868  33.176491  33.176375    5.76076     1.8472 1.2954e+03    -0.0114     0.0000      98.78    97.5344     0.0707      56883    5.76062    0.00000    34.9570    34.9564         52 0.0000e+00
   1316.000   1301.498     4.0860     4.0866  33.177178  33.177050    5.76006     1.8466 1.3002e+03    -0.0122     0.0000      98.78    97.5497     0.0707      56934    5.75970    0.00000    34.9572    34.9564         48 0.0000e+00
   1318.000   1303.470     4.0859     4.0864  33.177878  33.177725    5.76123     1.8466 1.2994e+03    -0.0121     0.0000      98.78    97.5496     0.0707      56981    5.76113    0.00000    34.9571    34.9564         49 0.0000e+00
   1320.000   1305.441     4.0858     4.0864  33.178641  33.178516    5.75877     1.8457 1.2996e+03    -0.0119     0.0000      98.78    97.5494     0.0707      57032    5.75874    0.00000    34.9571    34.9563         51 0.0000e+00
   1322.000   1307.413     4.0856     4.0861  33.179255  33.179123    5.75909     1.8454 1.2991e+03    -0.0120     0.0000      98.78    97.5493     0.0707      57079    5.75902    0.00000    34.9571    34.9564         44 0.0000e+00
   1324.000   1309.385     4.0840     4.0846  33.178682  33.178601    5.76027     1.8453 1.2990e+03    -0.0113     0.0000      98.78    97.5493     0.0707      57122    5.76018    0.00000    34.9571    34.9564         43 0.0000e+00
   1326.000   1311.356     4.0835     4.0841  33.179053  33.178952    5.76211     1.8453 1.3001e+03    -0.0113     0.0000      98.78    97.5493     0.0707      57171    5.76200    0.00000    34.9571    34.9563         54 0.0000e+00
   1328.000   1313.328     4.0829     4.0834  33.179303  33.179186    5.75972     1.8442 1.3009e+03    -0.0110     0.0000      98.78    97.5493     0.0707      57229    5.75881    0.00000    34.9571    34.9563         58 0.0000e+00
   1330.000   1315.300     4.0810     4.0815  33.178487  33.178372    5.76033     1.8442 1.3017e+03    -0.0114     0.0000      98.78    97.5491     0.0707      57279    5.76050    0.00000    34.9571    34.9564         42 0.0000e+00
   1332.000   1317.272     4.0788     4.0793  33.177327  33.177234    5.75896     1.8434 1.3028e+03    -0.0121     0.0000      98.78    97.5466     0.0707      57318    5.75899    0.00000    34.9570    34.9563         39 0.0000e+00
   1334.000   1319.243     4.0779     4.0785  33.177229  33.177079    5.75472     1.8420 1.2973e+03    -0.0117     0.0000      98.78    97.5349     0.0707      57366    5.75448    0.00000    34.9569    34.9561         57 0.0000e+00
   1336.000   1321.215     4.0764     4.0770  33.176816  33.176751    5.75773     1.8423 1.2587e+03    -0.0117     0.0000      98.78    97.5409     0.0707      57417    5.75752    0.00000    34.9569    34.9562         45 0.0000e+00
   1338.000   1323.186     4.0743     4.0748  33.175613  33.175545    5.76246     1.8430 1.2864e+03    -0.0117     0.0000      98.78    97.5457     0.0707      57467    5.76233    0.00000    34.9568    34.9562         60 0.0000e+00
   1340.000   1325.158     4.0690     4.0693  33.171760  33.171544    5.76487     1.8430 1.2945e+03    -0.0122     0.0000      98.78    97.5497     0.0707      57524    5.76470    0.00000    34.9569    34.9562         44 0.0000e+00
   1342.000   1327.130     4.0666     4.0672  33.170411  33.170406    5.76693     1.8430 1.2928e+03    -0.0118     0.0000      98.78    97.5493     0.0707      57562    5.76674    0.00000    34.9568    34.9561         38 0.0000e+00
   1344.000   1329.101     4.0656     4.0661  33.170352  33.170124    5.76664     1.8426 1.2365e+03    -0.0113     0.0000      98.78    97.5493     0.0707      57607    5.76643    0.00000    34.9567    34.9559         52 0.0000e+00
   1346.000   1331.073     4.0655     4.0661  33.171158  33.170935    5.76463     1.8418 1.2656e+03    -0.0117     0.0000      98.78    97.5493     0.0707      57657    5.76446    0.00000    34.9568    34.9560         47 0.0000e+00
   1348.000   1333.044     4.0647     4.0652  33.171160  33.170936    5.76526     1.8416 1.2928e+03    -0.0112     0.0000      98.78    97.5252     0.0707      57708    5.76507    0.00000    34.9567    34.9559         58 0.0000e+00
   1350.000   1335.015     4.0627     4.0633  33.170208  33.170078    5.76368     1.8408 1.2249e+03    -0.0110     0.0000      98.78    97.5470     0.0707      57765    5.76352    0.00000    34.9567    34.9559         50 0.0000e+00
   1352.000   1336.987     4.0613     4.0617  33.169761  33.169669    5.76704     1.8411 1.2273e+03    -0.0121     0.0000      98.78    97.5551     0.0707      57809    5.76680    0.00000    34.9567    34.9561         40 0.0000e+00
   1354.000   1338.958     4.0575     4.0580  33.167234  33.167124    5.76993     1.8413 1.2884e+03    -0.0112     0.0000      98.78    97.5610     0.0707      57849    5.76967    0.00000    34.9567    34.9560         42 0.0000e+00
   1356.000   1340.930     4.0557     4.0563  33.166403  33.166325    5.76769     1.8404 1.2860e+03    -0.0123     0.0000      98.78    97.5648     0.0707      57899    5.76749    0.00000    34.9566    34.9558         60 0.0000e+00
   1358.000   1342.901     4.0538     4.0545  33.165625  33.165554    5.76650     1.8397 1.2689e+03    -0.0118     0.0000      98.78    97.5669     0.0707      57956    5.76629    0.00000    34.9567    34.9559         47 0.0000e+00
   1360.000   1344.873     4.0528     4.0533  33.165416  33.165297    5.77037     1.8402 1.2901e+03    -0.0118     0.0000      98.78    97.5593     0.0707      57997    5.77021    0.00000    34.9565    34.9559         41 0.0000e+00
   1362.000   1346.844     4.0519     4.0526  33.165477  33.165490    5.76913     1.8396 1.2587e+03    -0.0117     0.0000      98.78    97.5709     0.0707      58048    5.76889    0.00000    34.9565    34.9558         60 0.0000e+00
   1364.000   1348.815     4.0506     4.0511  33.165263  33.165011    5.77000     1.8394 1.2604e+03    -0.0113     0.0000      98.78    97.5715     0.0707      58100    5.76970    0.00000    34.9566    34.9559         41 0.0000e+00
   1366.000   1350.787     4.0494     4.0500  33.165094  33.164938    5.76892     1.8388 1.2888e+03    -0.0115     0.0000      98.78    97.5753     0.0707      58138    5.76869    0.00000    34.9567    34.9560         39 0.0000e+00
   1368.000   1352.758     4.0480     4.0484  33.164498  33.164150    5.76645     1.8378 1.2642e+03    -0.0112     0.0000      98.78    97.5754     0.0707      58192    5.76625    0.00000    34.9565    34.9557         68 0.0000e+00
   1370.000   1354.729     4.0471     4.0475  33.164442  33.164280    5.76677     1.8375 1.2236e+03    -0.0113     0.0000      98.78    97.5692     0.0707      58251    5.76655    0.00000    34.9564    34.9558         46 0.0000e+00
   1372.000   1356.701     4.0466     4.0471  33.164967  33.164716    5.76683     1.8372 1.2844e+03    -0.0118     0.0000      98.78    97.5658     0.0707      58293    5.76664    0.00000    34.9566    34.9558         41 0.0000e+00
   1374.000   1358.672     4.0457     4.0462  33.164956  33.164827    5.76897     1.8373 1.2946e+03    -0.0113     0.0000      98.78    97.5656     0.0707      58335    5.76875    0.00000    34.9565    34.9558         44 0.0000e+00
   1376.000   1360.643     4.0454     4.0459  33.165543  33.165398    5.76967     1.8371 1.2688e+03    -0.0122     0.0000      98.78    97.5648     0.0707      58382    5.76937    0.00000    34.9565    34.9558         51 0.0000e+00
   1378.000   1362.614     4.0453     4.0458  33.166244  33.166129    5.77051     1.8369 1.2380e+03    -0.0127     0.0000      98.78    97.5645     0.0707      58434    5.77041    0.00000    34.9565    34.9558         52 0.0000e+00
