Ship_data/Irminger/Irminger-2/ctd/process/OOI/dat30_003.cnv
* Sea-Bird SBE 9 Data File:
* FileName = C:\data\ctd\at30_003.hex
* Software Version Seasave V 7.21f
* Temperature SN = 2265
* Conductivity SN = 3021
* Number of Bytes Per Scan = 40
* Number of Voltage Words = 5
* Number of Scans Averaged by the Deck Unit = 1
* NMEA Latitude = 42 31.25 N
* NMEA Longitude = 062 34.71 W
* NMEA UTC (Time) = Aug 07 2015  17:47:11
# nquan = 21
# nvalues = 760                         
# units = specified
# name 0 = prDM: Pressure, Digiquartz [db]
# name 1 = depSM: Depth [salt water, m]
# name 2 = t090C: Temperature [ITS-90, deg C]
# name 3 = t190C: Temperature, 2 [ITS-90, deg C]
# name 4 = c0mS/cm: Conductivity [mS/cm]
# name 5 = c1mS/cm: Conductivity, 2 [mS/cm]
# name 6 = sbeox0ML/L: Oxygen, SBE 43 [ml/l]
# name 7 = sbeox0V: Oxygen raw, SBE 43 [V]
# name 8 = spar: SPAR/Surface Irradiance
# name 9 = flECO-AFL: Fluorescence, WET Labs ECO-AFL/FL [mg/m^3]
# name 10 = v2: Voltage 2
# name 11 = altM: Altimeter [m]
# name 12 = CStarTr0: Beam Transmission, WET Labs C-Star [%]
# name 13 = turbWETntu0: Turbidity, WET Labs ECO [NTU]
# name 14 = scan: Scan Count
# name 15 = sbeox0ML/L: Oxygen, SBE 43 [ml/l], WS = 2
# name 16 = sbeox0dOV/dT: Oxygen, SBE 43 [dov/dt], WS = 2
# name 17 = sal00: Salinity, Practical [PSU]
# name 18 = sal11: Salinity, Practical, 2 [PSU]
# name 19 = nbin: number of scans per bin
# name 20 = flag: flag
# span 0 =      2.000,   1520.000       
# span 1 =      1.984,   1502.527       
# span 2 =     3.9365,    21.4383       
# span 3 =     3.9372,    21.4389       
# span 4 =  33.125967,  46.782191       
# span 5 =  33.126131,  46.822564       
# span 6 =    3.10720,    6.62129       
# span 7 =     1.4520,     2.8837       
# span 8 = 4.7004e+02, 1.9601e+03       
# span 9 =    -0.0210,     2.1884       
# span 10 =     0.0000,     0.0000      
# span 11 =      87.20,      98.82      
# span 12 =    91.6450,    97.7185      
# span 13 =     0.0680,     0.1636      
# span 14 =        531,      96450      
# span 15 =    3.10723,    6.62227      
# span 16 =    0.00000,    0.00000      
# span 17 =    31.8510,    35.7286      
# span 18 =    31.8505,    35.7276      
# span 19 =         27,        132      
# span 20 = 0.0000e+00, 0.0000e+00      
# interval = decibars: 2                
# start_time = Aug 07 2015 17:47:11 [NMEA time, header]
# bad_flag = -9.990e-29
*END*
[from data line 207]
    416.000    412.303     7.5860     7.5864  36.116424  36.118323    3.66908     1.5608 6.3770e+02     0.0021     0.0000      98.78    97.4969     0.0697      16944    3.66892    0.00000    35.1100    35.1117         45 0.0000e+00
    418.000    414.283     7.5422     7.5424  36.074330  36.075380    3.68439     1.5637 4.9390e+02    -0.0028     0.0000      98.78    97.4969     0.0707      16987    3.68435    0.00000    35.1075    35.1084         42 0.0000e+00
    420.000    416.263     7.5028     7.5030  36.036901  36.037728    3.70384     1.5679 4.9399e+02    -0.0042     0.0000      98.78    97.4969     0.0730      17032    3.70384    0.00000    35.1057    35.1064         50 0.0000e+00
    422.000    418.243     7.4905     7.4906  36.026051  36.026154    3.72167     1.5724 5.2274e+02    -0.0088     0.0000      98.78    97.4969     0.0723      17088    3.72166    0.00000    35.1053    35.1053         56 0.0000e+00
    424.000    420.223     7.4802     7.4804  36.017085  36.017504    3.73217     1.5748 1.0529e+03    -0.0050     0.0000      98.78    97.4969     0.0712      17138    3.73200    0.00000    35.1050    35.1053         47 0.0000e+00
    426.000    422.204     7.4662     7.4664  36.004598  36.004738    3.74008     1.5764 4.8698e+02    -0.0051     0.0000      98.78    97.4969     0.0718      17187    3.74001    0.00000    35.1046    35.1045         51 0.0000e+00
    428.000    424.184     7.4586     7.4589  35.998202  35.998586    3.74746     1.5780 4.9883e+02     0.0021     0.0000      98.78    97.4969     0.0727      17236    3.74735    0.00000    35.1043    35.1045         46 0.0000e+00
    430.000    426.164     7.4316     7.4319  35.973000  35.974106    3.75599     1.5794 5.0152e+02    -0.0065     0.0000      98.78    97.4969     0.0726      17281    3.75578    0.00000    35.1032    35.1041         45 0.0000e+00
    432.000    428.144     7.4088     7.4089  35.951769  35.952384    3.76341     1.5806 4.9767e+02    -0.0063     0.0000      98.78    97.4978     0.0719      17328    3.76327    0.00000    35.1022    35.1028         50 0.0000e+00
    434.000    430.124     7.3743     7.3749  35.919577  35.921287    3.77709     1.5833 5.2487e+02    -0.0071     0.0000      98.78    97.4885     0.0691      17379    3.77696    0.00000    35.1010    35.1023         51 0.0000e+00
    436.000    432.104     7.3480     7.3484  35.895380  35.895920    3.79024     1.5861 7.8296e+02    -0.0065     0.0000      98.78    97.5009     0.0710      17429    3.79022    0.00000    35.1003    35.1004         49 0.0000e+00
    438.000    434.084     7.3375     7.3375  35.886354  35.886395    3.80474     1.5896 5.0190e+02    -0.0079     0.0000      98.78    97.5022     0.0697      17479    3.80466    0.00000    35.1001    35.1001         51 0.0000e+00
    440.000    436.064     7.3296     7.3301  35.879919  35.880610    3.81803     1.5928 4.9946e+02    -0.0021     0.0000      98.78    97.4971     0.0717      17529    3.81785    0.00000    35.1001    35.1003         48 0.0000e+00
    442.000    438.044     7.3088     7.3089  35.861110  35.861905    3.82719     1.5945 4.9813e+02    -0.0091     0.0000      98.78    97.4969     0.0706      17573    3.82715    0.00000    35.0996    35.1004         42 0.0000e+00
    444.000    440.024     7.2847     7.2847  35.838789  35.839080    3.83351     1.5954 4.9635e+02    -0.0060     0.0000      98.78    97.5008     0.0707      17617    3.83345    0.00000    35.0986    35.0990         47 0.0000e+00
    446.000    442.004     7.2619     7.2626  35.817910  35.819649    3.84582     1.5980 5.0224e+02    -0.0073     0.0000      98.78    97.5065     0.0707      17671    3.84575    0.00000    35.0980    35.0991         59 0.0000e+00
    448.000    443.984     7.2048     7.2053  35.764027  35.765218    3.86335     1.6010 5.8834e+02    -0.0048     0.0000      98.78    97.5066     0.0691      17728    3.86324    0.00000    35.0959    35.0967         50 0.0000e+00
    450.000    445.964     7.1843     7.1844  35.745182  35.746465    3.87945     1.6047 4.9975e+02    -0.0079     0.0000      98.78    97.5043     0.0719      17771    3.87940    0.00000    35.0951    35.0964         42 0.0000e+00
    452.000    447.944     7.1315     7.1315  35.694932  35.696481    3.89700     1.6079 4.9389e+02    -0.0142     0.0000      98.78    97.5024     0.0726      17816    3.89692    0.00000    35.0926    35.0943         48 0.0000e+00
    454.000    449.924     7.0751     7.0750  35.641231  35.642343    3.91983     1.6124 5.3197e+02    -0.0082     0.0000      98.78    97.4977     0.0710      17863    3.91975    0.00000    35.0899    35.0913         45 0.0000e+00
    456.000    451.904     7.0231     7.0228  35.591072  35.592350    3.94697     1.6182 6.2066e+02    -0.0057     0.0000      98.78    97.5028     0.0711      17910    3.94686    0.00000    35.0867    35.0884         52 0.0000e+00
    458.000    453.883     6.9916     6.9917  35.561306  35.561582    3.97752     1.6256 5.0192e+02    -0.0074     0.0000      98.78    97.5163     0.0720      17966    3.97752    0.00000    35.0851    35.0852         56 0.0000e+00
    460.000    455.863     6.9811     6.9811  35.552066  35.552335    3.99761     1.6306 5.0459e+02    -0.0014     0.0000      98.78    97.5023     0.0689      18017    3.99757    0.00000    35.0845    35.0848         47 0.0000e+00
    462.000    457.843     6.9707     6.9705  35.543681  35.543884    4.00661     1.6325 5.0947e+02    -0.0135     0.0000      98.78    97.5049     0.0700      18064    4.00660    0.00000    35.0849    35.0853         46 0.0000e+00
    464.000    459.823     6.9407     6.9409  35.516466  35.518596    4.01595     1.6339 4.9820e+02    -0.0111     0.0000      98.78    97.5089     0.0681      18107    4.01582    0.00000    35.0845    35.0866         42 0.0000e+00
    466.000    461.803     6.8961     6.8960  35.474783  35.475229    4.02752     1.6356 5.0226e+02    -0.0115     0.0000      98.78    97.5136     0.0740      18154    4.02738    0.00000    35.0830    35.0835         52 0.0000e+00
    468.000    463.782     6.8641     6.8643  35.444177  35.445275    4.04948     1.6405 8.2609e+02    -0.0004     0.0000      98.78    97.5101     0.0734      18208    4.04936    0.00000    35.0808    35.0819         53 0.0000e+00
    470.000    465.762     6.8292     6.8290  35.411144  35.411680    4.06858     1.6445 6.9666e+02    -0.0087     0.0000      98.78    97.5117     0.0710      18258    4.06856    0.00000    35.0790    35.0797         47 0.0000e+00
    472.000    467.742     6.8116     6.8117  35.395452  35.396689    4.08336     1.6478 5.0006e+02    -0.0081     0.0000      98.78    97.5164     0.0702      18303    4.08326    0.00000    35.0786    35.0798         47 0.0000e+00
    474.000    469.721     6.7735     6.7734  35.359953  35.360376    4.09841     1.6506 5.0507e+02    -0.0089     0.0000      98.78    97.5172     0.0717      18354    4.09841    0.00000    35.0772    35.0777         52 0.0000e+00
    476.000    471.701     6.7500     6.7498  35.338780  35.339650    4.11206     1.6533 1.1411e+03    -0.0102     0.0000      98.78    97.5172     0.0726      18403    4.11192    0.00000    35.0767    35.0779         46 0.0000e+00
    478.000    473.681     6.6897     6.6888  35.282316  35.283810    4.13108     1.6566 6.1744e+02    -0.0113     0.0000      98.78    97.5231     0.0719      18448    4.13101    0.00000    35.0748    35.0773         46 0.0000e+00
    480.000    475.661     6.6349     6.6352  35.230546  35.231828    4.15105     1.6602 4.9681e+02     0.0009     0.0000      98.78    97.5231     0.0724      18496    4.15099    0.00000    35.0723    35.0735         50 0.0000e+00
    482.000    477.640     6.6049     6.6050  35.202558  35.202813    4.18154     1.6674 4.9935e+02    -0.0074     0.0000      98.78    97.5231     0.0714      18548    4.18151    0.00000    35.0710    35.0711         53 0.0000e+00
    484.000    479.620     6.5976     6.5977  35.196502  35.196739    4.20581     1.6735 1.0187e+03    -0.0012     0.0000      98.78    97.5241     0.0720      18597    4.20576    0.00000    35.0707    35.0708         44 0.0000e+00
    486.000    481.599     6.5939     6.5939  35.194062  35.194230    4.21941     1.6768 5.3802e+02    -0.0063     0.0000      98.78    97.4727     0.0756      18642    4.21927    0.00000    35.0708    35.0709         49 0.0000e+00
    488.000    483.579     6.5893     6.5896  35.190696  35.191059    4.23024     1.6793 4.9889e+02    -0.0108     0.0000      98.78    97.5054     0.0692      18697    4.23016    0.00000    35.0708    35.0708         57 0.0000e+00
    490.000    485.558     6.5859     6.5856  35.188486  35.188332    4.23627     1.6806 4.9845e+02    -0.0041     0.0000      98.78    97.5157     0.0711      18747    4.23606    0.00000    35.0708    35.0709         45 0.0000e+00
    492.000    487.538     6.5778     6.5776  35.181703  35.181692    4.23477     1.6796 4.9852e+02    -0.0069     0.0000      98.78    97.5239     0.0695      18791    4.23461    0.00000    35.0705    35.0708         43 0.0000e+00
    494.000    489.518     6.5745     6.5745  35.179390  35.179429    4.23865     1.6803 7.7709e+02    -0.0080     0.0000      98.78    97.5231     0.0719      18834    4.23841    0.00000    35.0704    35.0704         45 0.0000e+00
    496.000    491.497     6.5731     6.5732  35.178859  35.179012    4.24184     1.6808 5.9930e+02    -0.0098     0.0000      98.78    97.5231     0.0719      18884    4.24159    0.00000    35.0703    35.0703         55 0.0000e+00
    498.000    493.476     6.5756     6.5722  35.182294  35.178740    4.24726     1.6821 4.9587e+02    -0.0127     0.0000      98.78    97.5244     0.0719      18972    4.24718    0.00000    35.0705    35.0701        111 0.0000e+00
    500.000    495.456     6.5552     6.5563  35.163465  35.164844    4.25165     1.6824 5.1416e+02    -0.0088     0.0000      98.78    97.5296     0.0709      19056    4.25153    0.00000    35.0694    35.0698         70 0.0000e+00
    502.000    497.435     6.5535     6.5513  35.162362  35.160660    4.25515     1.6830 5.0035e+02    -0.0106     0.0000      98.78    97.5201     0.0704      19201    4.25497    0.00000    35.0689    35.0693         81 0.0000e+00
    504.000    499.415     6.5266     6.5259  35.137239  35.136748    4.26560     1.6847 5.0000e+02    -0.0072     0.0000      98.78    97.5291     0.0720      19381    4.26550    0.00000    35.0676    35.0678        110 0.0000e+00
    506.000    501.394     6.5273     6.5279  35.138609  35.139007    4.27791     1.6879 5.0278e+02    -0.0145     0.0000      98.78    97.5714     0.0717      29310    4.27827    0.00000    35.0673    35.0672        115 0.0000e+00
    508.000    503.374     6.5442     6.5452  35.155677  35.156478    4.27033     1.6860 4.9984e+02    -0.0191     0.0000      98.78    97.5976     0.0707      40567    4.27051    0.00000    35.0681    35.0679         96 0.0000e+00
    510.000    505.353     6.5229     6.5232  35.136277  35.135863    4.27315     1.6859 4.9973e+02    -0.0187     0.0000      98.78    97.5979     0.0707      40810    4.27337    0.00000    35.0672    35.0665         61 0.0000e+00
    512.000    507.332     6.4994     6.4996  35.114466  35.114741    4.27996     1.6867 5.0041e+02    -0.0177     0.0000      98.78    97.6036     0.0707      40865    4.27987    0.00000    35.0661    35.0662         55 0.0000e+00
    514.000    509.311     6.4789     6.4791  35.095555  35.095820    4.28956     1.6883 5.0187e+02    -0.0184     0.0000      98.78    97.6025     0.0707      40921    4.28937    0.00000    35.0650    35.0651         57 0.0000e+00
    516.000    511.291     6.4586     6.4552  35.076889  35.073651    4.30275     1.6910 4.9781e+02    -0.0187     0.0000      98.78    97.6016     0.0707      40978    4.30271    0.00000    35.0640    35.0639         53 0.0000e+00
    518.000    513.270     6.4282     6.4267  35.048390  35.047546    4.31243     1.6924 4.9776e+02    -0.0175     0.0000      98.78    97.6016     0.0707      41025    4.31227    0.00000    35.0624    35.0630         44 0.0000e+00
    520.000    515.249     6.4094     6.4097  35.031069  35.031317    4.31988     1.6936 5.0139e+02    -0.0186     0.0000      98.78    97.6016     0.0707      41071    4.31972    0.00000    35.0614    35.0613         49 0.0000e+00
    522.000    517.229     6.3904     6.3902  35.013617  35.013592    4.33354     1.6964 5.0103e+02    -0.0182     0.0000      98.78    97.6016     0.0707      41123    4.33342    0.00000    35.0604    35.0606         54 0.0000e+00
    524.000    519.208     6.3746     6.3748  34.999283  34.999367    4.34825     1.6996 4.9685e+02    -0.0178     0.0000      98.78    97.6016     0.0707      41177    4.34815    0.00000    35.0595    35.0595         52 0.0000e+00
    526.000    521.187     6.3550     6.3556  34.981212  34.982017    4.36129     1.7022 4.9642e+02    -0.0179     0.0000      98.78    97.6001     0.0707      41223    4.36108    0.00000    35.0586    35.0588         43 0.0000e+00
    528.000    523.166     6.3341     6.3344  34.961832  34.962120    4.36738     1.7029 4.9971e+02    -0.0178     0.0000      98.78    97.5938     0.0707      41266    4.36712    0.00000    35.0573    35.0573         43 0.0000e+00
    530.000    525.145     6.3045     6.3045  34.933822  34.934346    4.37791     1.7046 5.0272e+02    -0.0172     0.0000      98.78    97.5904     0.0707      41310    4.37787    0.00000    35.0553    35.0560         47 0.0000e+00
    532.000    527.124     6.2529     6.2537  34.883918  34.886901    4.39350     1.7070 4.9887e+02    -0.0180     0.0000      98.78    97.5754     0.0707      41362    4.39346    0.00000    35.0515    35.0540         53 0.0000e+00
    534.000    529.104     6.1872     6.1878  34.820509  34.820997    4.41703     1.7110 4.9512e+02    -0.0173     0.0000      98.78    97.5619     0.0707      41410    4.41700    0.00000    35.0470    35.0469         45 0.0000e+00
    536.000    531.083     6.1747     6.1750  34.808994  34.809279    4.44167     1.7169 4.9601e+02    -0.0186     0.0000      98.78    97.5204     0.0707      41459    4.44159    0.00000    35.0460    35.0459         54 0.0000e+00
    538.000    533.062     6.1354     6.1355  34.771545  34.772484    4.46322     1.7211 5.0189e+02    -0.0184     0.0000      98.78    97.5224     0.0707      41511    4.46305    0.00000    35.0433    35.0443         45 0.0000e+00
    540.000    535.041     6.0962     6.0963  34.734295  34.735375    4.47720     1.7234 5.0132e+02    -0.0186     0.0000      98.78    97.5158     0.0707      41552    4.47718    0.00000    35.0408    35.0420         42 0.0000e+00
    542.000    537.020     6.0571     6.0574  34.697502  34.698219    4.49164     1.7257 4.9659e+02    -0.0181     0.0000      98.78    97.4996     0.0707      41598    4.49160    0.00000    35.0386    35.0392         51 0.0000e+00
    544.000    538.999     6.0211     6.0214  34.663959  34.664492    4.51119     1.7295 4.9522e+02    -0.0192     0.0000      98.78    97.4969     0.0707      41650    4.51113    0.00000    35.0370    35.0373         49 0.0000e+00
    546.000    540.978     5.9890     5.9892  34.634320  34.634978    4.53026     1.7333 4.9554e+02    -0.0182     0.0000      98.78    97.4969     0.0707      41695    4.53019    0.00000    35.0357    35.0362         42 0.0000e+00
    548.000    542.957     5.9682     5.9681  34.615286  34.615228    4.54883     1.7373 4.9822e+02    -0.0178     0.0000      98.78    97.4969     0.0707      41740    4.54877    0.00000    35.0347    35.0347         51 0.0000e+00
    550.000    544.936     5.9429     5.9429  34.591773  34.591956    4.56933     1.7417 4.9856e+02    -0.0180     0.0000      98.78    97.4943     0.0707      41795    4.56927    0.00000    35.0332    35.0334         55 0.0000e+00
