Ship_data/Irminger/Irminger-2/ctd/process/OOI/dat30_002.cnv
* Sea-Bird SBE 9 Data File:
* FileName = C:\data\ctd\at30_002.hex
* Software Version Seasave V 7.21f
* Temperature SN = 2265
* Conductivity SN = 3021
* Number of Bytes Per Scan = 40
* Number of Voltage Words = 5
* Number of Scans Averaged by the Deck Unit = 1
* NMEA Latitude = 42 32.00 N
* NMEA Longitude = 062 34.74 W
* NMEA UTC (Time) = Aug 07 2015  15:18:09
# nquan = 21
# nvalues = 760                         
# units = specified
# name 0 = prDM: Pressure, Digiquartz [db]
# name 1 = depSM: Depth [salt water, m]
# name 2 = t090C: Temperature [ITS-90, deg C]
# name 3 = t190C: Temperature, 2 [ITS-90, deg C]
# name 4 = c0mS/cm: Conductivity [mS/cm]
# name 5 = c1mS/cm: Conductivity, 2 [mS/cm]
# name 6 = sbeox0ML/L: Oxygen, SBE 43 [ml/l]
# name 7 = sbeox0V: Oxygen raw, SBE 43 [V]
# name 8 = spar: SPAR/Surface Irradiance
# name 9 = flECO-AFL: Fluorescence, WET Labs ECO-AFL/FL [mg/m^3]
# name 10 = v2: Voltage 2
# name 11 = altM: Altimeter [m]
# name 12 = CStarTr0: Beam Transmission, WET Labs C-Star [%]
# name 13 = turbWETntu0: Turbidity, WET Labs ECO [NTU]
# name 14 = scan: Scan Count
# name 15 = sbeox0ML/L: Oxygen, SBE 43 [ml/l], WS = 2
# name 16 = sbeox0dOV/dT: Oxygen, SBE 43 [dov/dt], WS = 2
# name 17 = sal00: Salinity, Practical [PSU]
# name 18 = sal11: Salinity, Practical, 2 [PSU]
# name 19 = nbin: number of scans per bin
# name 20 = flag: flag
# span 0 =      2.000,   1520.000       
# span 1 =      1.984,   1502.526       
# span 2 =     3.9516,    21.4168       
# span 3 =     3.9524,    21.4348       
# span 4 =  33.140674,  46.839341       
# span 5 =  33.140683,  46.855378       
# span 6 =    3.09659,    6.56351       
# span 7 =     1.4464,     2.8747       
# span 8 = 1.0206e+03, 1.9503e+03       
# span 9 =    -0.0192,     1.4889       
# span 10 =     0.0000,     0.0000      
# span 11 =      84.98,      99.11      
# span 12 =    91.8576,    97.7128      
# span 13 =     0.0679,     0.1629      
# span 14 =        426,     104131      
# span 15 =    3.09690,    6.56423      
# span 16 =    0.00000,    0.00000      
# span 17 =    31.9973,    35.7012      
# span 18 =    31.9968,    35.7002      
# span 19 =         33,        227      
# span 20 = 0.0000e+00, 0.0000e+00      
# interval = decibars: 2                
# start_time = Aug 07 2015 15:18:09 [NMEA time, header]
# bad_flag = -9.990e-29
*END*
[from data line 345]
    692.000    685.394     5.0719     5.0722  33.831378  33.831516    5.21475     1.8576 1.2331e+03    -0.0102     0.0000      98.78    97.5889     0.0755      38144    5.21467    0.00000    34.9984    34.9982         48 0.0000e+00
    694.000    687.372     5.0616     5.0619  33.822866  33.823426    5.22536     1.8595 1.2391e+03    -0.0099     0.0000      98.78    97.5967     0.0755      38190    5.22511    0.00000    34.9983    34.9987         46 0.0000e+00
    696.000    689.350     5.0414     5.0419  33.805048  33.805817    5.23266     1.8604 1.2422e+03    -0.0107     0.0000      98.78    97.6017     0.0755      38237    5.23268    0.00000    34.9979    34.9982         46 0.0000e+00
    698.000    691.327     5.0270     5.0275  33.792078  33.792517    5.23881     1.8611 1.2393e+03    -0.0096     0.0000      98.78    97.6023     0.0755      38279    5.23877    0.00000    34.9969    34.9969         39 0.0000e+00
    700.000    693.305     5.0213     5.0217  33.787512  33.787573    5.24790     1.8628 1.2376e+03    -0.0100     0.0000      98.78    97.6043     0.0755      38321    5.24769    0.00000    34.9965    34.9963         49 0.0000e+00
    702.000    695.282     5.0189     5.0191  33.786118  33.786076    5.25826     1.8651 1.2433e+03    -0.0104     0.0000      98.78    97.6153     0.0755      38381    5.25811    0.00000    34.9964    34.9962         64 0.0000e+00
    704.000    697.260     5.0163     5.0169  33.784678  33.785106    5.26644     1.8667 1.2515e+03    -0.0103     0.0000      98.78    97.6164     0.0755      38434    5.26623    0.00000    34.9965    34.9963         45 0.0000e+00
    706.000    699.237     5.0093     5.0097  33.778858  33.779143    5.27164     1.8674 1.2501e+03    -0.0097     0.0000      98.78    97.6085     0.0755      38478    5.27139    0.00000    34.9961    34.9960         43 0.0000e+00
    708.000    701.215     4.9989     4.9992  33.769706  33.770540    5.27932     1.8687 1.2453e+03    -0.0093     0.0000      98.78    97.6151     0.0755      38520    5.27926    0.00000    34.9954    34.9960         41 0.0000e+00
    710.000    703.192     4.9794     4.9796  33.751890  33.751947    5.28626     1.8694 1.2490e+03    -0.0106     0.0000      98.78    97.6187     0.0755      38563    5.28616    0.00000    34.9942    34.9940         47 0.0000e+00
    712.000    705.170     4.9765     4.9766  33.749924  33.749856    5.29129     1.8702 1.2510e+03    -0.0112     0.0000      98.78    97.6099     0.0755      38616    5.29109    0.00000    34.9938    34.9937         57 0.0000e+00
    714.000    707.147     4.9727     4.9731  33.747234  33.747513    5.29771     1.8713 1.2505e+03    -0.0102     0.0000      98.78    97.6050     0.0755      38670    5.29744    0.00000    34.9937    34.9937         50 0.0000e+00
    716.000    709.124     4.9661     4.9663  33.741843  33.742260    5.30328     1.8723 1.2426e+03    -0.0100     0.0000      98.78    97.6100     0.0755      38717    5.30389    0.00000    34.9934    34.9937         44 0.0000e+00
    718.000    711.102     4.9526     4.9529  33.729771  33.729911    5.30693     1.8724 1.2396e+03    -0.0098     0.0000      98.78    97.6140     0.0755      38762    5.30726    0.00000    34.9925    34.9924         50 0.0000e+00
    720.000    713.079     4.9497     4.9499  33.727943  33.727889    5.31187     1.8731 1.2462e+03    -0.0104     0.0000      98.78    97.6108     0.0755      38815    5.31171    0.00000    34.9925    34.9921         50 0.0000e+00
    722.000    715.056     4.9475     4.9478  33.726968  33.727087    5.31658     1.8738 1.2505e+03    -0.0102     0.0000      98.78    97.6117     0.0755      38858    5.31634    0.00000    34.9926    34.9924         41 0.0000e+00
    724.000    717.034     4.9427     4.9425  33.723327  33.723038    5.32085     1.8744 1.2501e+03    -0.0095     0.0000      98.78    97.6149     0.0755      38906    5.32070    0.00000    34.9924    34.9923         54 0.0000e+00
    726.000    719.011     4.9389     4.9391  33.720771  33.720764    5.32351     1.8746 1.2518e+03    -0.0094     0.0000      98.78    97.6046     0.0755      38958    5.32349    0.00000    34.9924    34.9921         47 0.0000e+00
    728.000    720.989     4.9330     4.9332  33.716106  33.716415    5.32732     1.8750 1.2546e+03    -0.0106     0.0000      98.78    97.6221     0.0755      39005    5.32731    0.00000    34.9921    34.9923         51 0.0000e+00
    730.000    722.966     4.9210     4.9213  33.705799  33.706005    5.33152     1.8753 1.2685e+03    -0.0091     0.0000      98.78    97.6259     0.0755      39057    5.33147    0.00000    34.9918    34.9917         48 0.0000e+00
    732.000    724.943     4.9148     4.9153  33.700948  33.701223    5.33954     1.8767 1.2775e+03    -0.0100     0.0000      98.78    97.6203     0.0755      39101    5.33934    0.00000    34.9916    34.9914         42 0.0000e+00
    734.000    726.920     4.9125     4.9129  33.699780  33.699922    5.34549     1.8778 1.2914e+03    -0.0102     0.0000      98.78    97.6286     0.0755      39145    5.34533    0.00000    34.9917    34.9914         49 0.0000e+00
    736.000    728.897     4.9064     4.9067  33.695058  33.695362    5.35073     1.8786 1.3043e+03    -0.0112     0.0000      98.78    97.6276     0.0755      39200    5.35071    0.00000    34.9916    34.9916         57 0.0000e+00
    738.000    730.875     4.8969     4.8972  33.687225  33.687493    5.35583     1.8792 1.2872e+03    -0.0105     0.0000      98.78    97.6277     0.0755      39251    5.35575    0.00000    34.9914    34.9914         47 0.0000e+00
    740.000    732.852     4.8892     4.8896  33.680809  33.681100    5.36104     1.8799 1.2686e+03    -0.0103     0.0000      98.78    97.6292     0.0755      39297    5.36088    0.00000    34.9910    34.9910         45 0.0000e+00
    742.000    734.829     4.8803     4.8805  33.673465  33.673668    5.36772     1.8808 1.2565e+03    -0.0102     0.0000      98.78    97.6352     0.0755      39342    5.36747    0.00000    34.9908    34.9908         46 0.0000e+00
    744.000    736.806     4.8746     4.8749  33.669222  33.669216    5.37205     1.8814 1.2529e+03    -0.0097     0.0000      98.78    97.6353     0.0755      39392    5.37182    0.00000    34.9908    34.9905         53 0.0000e+00
    746.000    738.783     4.8774     4.8778  33.673334  33.673229    5.37845     1.8828 1.2461e+03    -0.0095     0.0000      98.78    97.6400     0.0755      39441    5.37834    0.00000    34.9917    34.9911         44 0.0000e+00
    748.000    740.760     4.8780     4.8782  33.675361  33.675358    5.38261     1.8835 1.2450e+03    -0.0108     0.0000      98.78    97.6341     0.0755      39487    5.38242    0.00000    34.9924    34.9921         52 0.0000e+00
    750.000    742.738     4.8713     4.8720  33.669732  33.670356    5.38472     1.8834 1.2442e+03    -0.0105     0.0000      98.78    97.6421     0.0755      39542    5.38451    0.00000    34.9919    34.9919         53 0.0000e+00
    752.000    744.715     4.8644     4.8646  33.663780  33.664118    5.38700     1.8834 1.2406e+03    -0.0113     0.0000      98.78    97.6465     0.0755      39590    5.38677    0.00000    34.9912    34.9914         45 0.0000e+00
    754.000    746.692     4.8509     4.8506  33.651412  33.651035    5.39112     1.8835 1.2370e+03    -0.0107     0.0000      98.78    97.6493     0.0755      39635    5.39057    0.00000    34.9900    34.9898         46 0.0000e+00
    756.000    748.669     4.8464     4.8469  33.648001  33.648153    5.39417     1.8836 1.2272e+03    -0.0102     0.0000      98.78    97.6249     0.0755      39683    5.39305    0.00000    34.9897    34.9894         49 0.0000e+00
    758.000    750.646     4.8428     4.8433  33.645325  33.645631    5.39924     1.8847 1.2255e+03    -0.0109     0.0000      98.78    97.6427     0.0755      39733    5.39922    0.00000    34.9893    34.9892         49 0.0000e+00
    760.000    752.623     4.8401     4.8404  33.643541  33.643560    5.40113     1.8847 1.2258e+03    -0.0099     0.0000      98.78    97.6431     0.0755      39780    5.40104    0.00000    34.9891    34.9888         48 0.0000e+00
    762.000    754.600     4.8380     4.8387  33.642325  33.642866    5.40089     1.8842 1.2190e+03    -0.0095     0.0000      98.78    97.6487     0.0755      39831    5.40079    0.00000    34.9889    34.9888         53 0.0000e+00
    764.000    756.576     4.8265     4.8263  33.631949  33.631841    5.40703     1.8850 1.2106e+03    -0.0106     0.0000      98.78    97.6334     0.0755      39882    5.40693    0.00000    34.9879    34.9879         47 0.0000e+00
    766.000    758.553     4.8188     4.8195  33.625241  33.625819    5.40970     1.8850 1.2082e+03    -0.0104     0.0000      98.78    97.6531     0.0755      39926    5.40958    0.00000    34.9871    34.9871         44 0.0000e+00
    768.000    760.530     4.8076     4.8082  33.615434  33.615974    5.41245     1.8849 1.2125e+03    -0.0105     0.0000      98.78    97.6539     0.0755      39974    5.41232    0.00000    34.9865    34.9865         51 0.0000e+00
    770.000    762.507     4.7937     4.7940  33.603043  33.603398    5.42057     1.8861 1.2179e+03    -0.0100     0.0000      98.78    97.6482     0.0755      40024    5.42037    0.00000    34.9856    34.9858         50 0.0000e+00
    772.000    764.484     4.7856     4.7859  33.596085  33.596341    5.42796     1.8873 1.2213e+03    -0.0108     0.0000      98.78    97.6442     0.0755      40074    5.42790    0.00000    34.9851    34.9850         49 0.0000e+00
    774.000    766.461     4.7762     4.7765  33.587925  33.588210    5.43757     1.8890 1.2268e+03    -0.0096     0.0000      98.78    97.6402     0.0755      40120    5.43742    0.00000    34.9845    34.9844         43 0.0000e+00
    776.000    768.438     4.7692     4.7694  33.582012  33.582146    5.44307     1.8898 1.2241e+03    -0.0106     0.0000      98.78    97.6471     0.0755      40169    5.44284    0.00000    34.9839    34.9838         57 0.0000e+00
    778.000    770.415     4.7619     4.7620  33.575735  33.575786    5.44931     1.8907 1.2180e+03    -0.0104     0.0000      98.78    97.6533     0.0755      40226    5.44927    0.00000    34.9833    34.9832         50 0.0000e+00
    780.000    772.392     4.7494     4.7499  33.564671  33.565334    5.45633     1.8917 1.2093e+03    -0.0104     0.0000      98.78    97.6539     0.0755      40268    5.45625    0.00000    34.9824    34.9827         39 0.0000e+00
    782.000    774.368     4.7426     4.7430  33.558901  33.559049    5.46230     1.8925 1.2060e+03    -0.0106     0.0000      98.78    97.6507     0.0755      40311    5.46212    0.00000    34.9819    34.9816         51 0.0000e+00
    784.000    776.345     4.7411     4.7415  33.558444  33.558535    5.46987     1.8940 1.2127e+03    -0.0111     0.0000      98.78    97.6529     0.0755      40366    5.46972    0.00000    34.9819    34.9816         53 0.0000e+00
    786.000    778.322     4.7359     4.7361  33.554383  33.554566    5.47549     1.8949 1.2093e+03    -0.0106     0.0000      98.78    97.6414     0.0755      40416    5.47543    0.00000    34.9816    34.9816         50 0.0000e+00
    788.000    780.299     4.7277     4.7282  33.547431  33.547673    5.48128     1.8957 1.1933e+03    -0.0099     0.0000      98.78    97.6528     0.0755      40463    5.48113    0.00000    34.9811    34.9809         43 0.0000e+00
    790.000    782.275     4.7262     4.7267  33.546747  33.547001    5.48237     1.8955 1.1848e+03    -0.0106     0.0000      98.78    97.6507     0.0755      40506    5.48221    0.00000    34.9809    34.9807         43 0.0000e+00
    792.000    784.252     4.7228     4.7231  33.544407  33.544620    5.48346     1.8953 1.1850e+03    -0.0100     0.0000      98.78    97.6538     0.0755      40555    5.48329    0.00000    34.9808    34.9806         58 0.0000e+00
    794.000    786.228     4.7208     4.7212  33.543650  33.543887    5.48620     1.8956 1.1889e+03    -0.0100     0.0000      98.78    97.6585     0.0755      40616    5.48599    0.00000    34.9809    34.9808         57 0.0000e+00
    796.000    788.205     4.7129     4.7131  33.537244  33.537526    5.49043     1.8960 1.1858e+03    -0.0105     0.0000      98.78    97.6534     0.0755      40663    5.49020    0.00000    34.9808    34.9808         40 0.0000e+00
    798.000    790.182     4.7074     4.7077  33.532820  33.532993    5.49583     1.8968 1.1825e+03    -0.0105     0.0000      98.78    97.6409     0.0755      40702    5.49573    0.00000    34.9804    34.9802         40 0.0000e+00
    800.000    792.159     4.7017     4.7021  33.528260  33.528649    5.49737     1.8966 1.1811e+03    -0.0100     0.0000      98.78    97.6471     0.0755      40748    5.49721    0.00000    34.9800    34.9800         52 0.0000e+00
    802.000    794.135     4.6897     4.6900  33.517517  33.517704    5.50050     1.8966 1.1841e+03    -0.0105     0.0000      98.78    97.6453     0.0755      40803    5.50036    0.00000    34.9791    34.9789         56 0.0000e+00
    804.000    796.112     4.6868     4.6874  33.515765  33.515991    5.50690     1.8977 1.1864e+03    -0.0105     0.0000      98.78    97.6540     0.0755      40855    5.50677    0.00000    34.9790    34.9787         49 0.0000e+00
    806.000    798.088     4.6861     4.6865  33.516142  33.516182    5.51166     1.8985 1.1872e+03    -0.0109     0.0000      98.78    97.6539     0.0755      40902    5.51144    0.00000    34.9792    34.9789         45 0.0000e+00
    808.000    800.065     4.6815     4.6819  33.512609  33.512914    5.51638     1.8992 1.1824e+03    -0.0110     0.0000      98.78    97.6539     0.0755      40948    5.51631    0.00000    34.9789    34.9789         46 0.0000e+00
    810.000    802.041     4.6758     4.6761  33.508150  33.508195    5.52019     1.8996 1.1743e+03    -0.0113     0.0000      98.78    97.6539     0.0755      40995    5.52016    0.00000    34.9787    34.9784         51 0.0000e+00
    812.000    804.018     4.6720     4.6723  33.505376  33.505529    5.52026     1.8991 1.1692e+03    -0.0103     0.0000      98.78    97.6539     0.0755      41048    5.52010    0.00000    34.9785    34.9783         52 0.0000e+00
    814.000    805.994     4.6694     4.6698  33.503892  33.504083    5.52179     1.8990 1.1662e+03    -0.0101     0.0000      98.78    97.6539     0.0755      41097    5.52158    0.00000    34.9784    34.9782         46 0.0000e+00
    816.000    807.971     4.6663     4.6667  33.501841  33.502047    5.52661     1.8997 1.1652e+03    -0.0097     0.0000      98.78    97.6539     0.0755      41141    5.52652    0.00000    34.9783    34.9781         44 0.0000e+00
    818.000    809.947     4.6594     4.6599  33.496135  33.496414    5.52952     1.8998 1.1653e+03    -0.0102     0.0000      98.78    97.6562     0.0755      41190    5.52940    0.00000    34.9779    34.9777         55 0.0000e+00
    820.000    811.924     4.6545     4.6550  33.492240  33.492505    5.53190     1.8999 1.1654e+03    -0.0103     0.0000      98.78    97.6526     0.0755      41245    5.53177    0.00000    34.9775    34.9773         49 0.0000e+00
    822.000    813.900     4.6534     4.6537  33.492134  33.492090    5.53421     1.9001 1.1634e+03    -0.0108     0.0000      98.78    97.6584     0.0755      41289    5.53403    0.00000    34.9775    34.9771         43 0.0000e+00
    824.000    815.876     4.6532     4.6535  33.492706  33.492718    5.53809     1.9006 1.1656e+03    -0.0108     0.0000      98.78    97.6572     0.0755      41334    5.53783    0.00000    34.9773    34.9771         47 0.0000e+00
    826.000    817.853     4.6496     4.6498  33.490124  33.490210    5.53772     1.9001 1.1697e+03    -0.0100     0.0000      98.78    97.6167     0.0755      41387    5.53750    0.00000    34.9771    34.9770         60 0.0000e+00
