Ship_data/Irminger/Irminger-2/ctd/process/OOI/dat30_002.cnv
* Sea-Bird SBE 9 Data File:
* FileName = C:\data\ctd\at30_002.hex
* Software Version Seasave V 7.21f
* Temperature SN = 2265
* Conductivity SN = 3021
* Number of Bytes Per Scan = 40
* Number of Voltage Words = 5
* Number of Scans Averaged by the Deck Unit = 1
* NMEA Latitude = 42 32.00 N
* NMEA Longitude = 062 34.74 W
* NMEA UTC (Time) = Aug 07 2015  15:18:09
# nquan = 21
# nvalues = 760                         
# units = specified
# name 0 = prDM: Pressure, Digiquartz [db]
# name 1 = depSM: Depth [salt water, m]
# name 2 = t090C: Temperature [ITS-90, deg C]
# name 3 = t190C: Temperature, 2 [ITS-90, deg C]
# name 4 = c0mS/cm: Conductivity [mS/cm]
# name 5 = c1mS/cm: Conductivity, 2 [mS/cm]
# name 6 = sbeox0ML/L: Oxygen, SBE 43 [ml/l]
# name 7 = sbeox0V: Oxygen raw, SBE 43 [V]
# name 8 = spar: SPAR/Surface Irradiance
# name 9 = flECO-AFL: Fluorescence, WET Labs ECO-AFL/FL [mg/m^3]
# name 10 = v2: Voltage 2
# name 11 = altM: Altimeter [m]
# name 12 = CStarTr0: Beam Transmission, WET Labs C-Star [%]
# name 13 = turbWETntu0: Turbidity, WET Labs ECO [NTU]
# name 14 = scan: Scan Count
# name 15 = sbeox0ML/L: Oxygen, SBE 43 [ml/l], WS = 2
# name 16 = sbeox0dOV/dT: Oxygen, SBE 43 [dov/dt], WS = 2
# name 17 = sal00: Salinity, Practical [PSU]
# name 18 = sal11: Salinity, Practical, 2 [PSU]
# name 19 = nbin: number of scans per bin
# name 20 = flag: flag
# span 0 =      2.000,   1520.000       
# span 1 =      1.984,   1502.526       
# span 2 =     3.9516,    21.4168       
# span 3 =     3.9524,    21.4348       
# span 4 =  33.140674,  46.839341       
# span 5 =  33.140683,  46.855378       
# span 6 =    3.09659,    6.56351       
# span 7 =     1.4464,     2.8747       
# span 8 = 1.0206e+03, 1.9503e+03       
# span 9 =    -0.0192,     1.4889       
# span 10 =     0.0000,     0.0000      
# span 11 =      84.98,      99.11      
# span 12 =    91.8576,    97.7128      
# span 13 =     0.0679,     0.1629      
# span 14 =        426,     104131      
# span 15 =    3.09690,    6.56423      
# span 16 =    0.00000,    0.00000      
# span 17 =    31.9973,    35.7012      
# span 18 =    31.9968,    35.7002      
# span 19 =         33,        227      
# span 20 = 0.0000e+00, 0.0000e+00      
# interval = decibars: 2                
# start_time = Aug 07 2015 15:18:09 [NMEA time, header]
# bad_flag = -9.990e-29
*END*
[from data line 483]
    968.000    958.127     4.4262     4.4266  33.343694  33.343822    5.66581     1.8979 1.0662e+03    -0.0109     0.0000      98.78    97.6894     0.0755      44826    5.66577    0.00000    34.9689    34.9686         43 0.0000e+00
    970.000    960.102     4.4198     4.4204  33.338567  33.338847    5.66372     1.8967 1.0655e+03    -0.0104     0.0000      98.78    97.6940     0.0755      44873    5.66345    0.00000    34.9686    34.9683         52 0.0000e+00
    972.000    962.077     4.4184     4.4188  33.338096  33.338099    5.66585     1.8969 1.0631e+03    -0.0109     0.0000      98.78    97.6891     0.0755      44927    5.66583    0.00000    34.9685    34.9681         52 0.0000e+00
    974.000    964.052     4.4173     4.4175  33.338026  33.337890    5.66701     1.8968 1.0597e+03    -0.0108     0.0000      98.78    97.6852     0.0755      44973    5.66700    0.00000    34.9686    34.9682         41 0.0000e+00
    976.000    966.027     4.4142     4.4147  33.336242  33.336453    5.67116     1.8973 1.0594e+03    -0.0108     0.0000      98.78    97.6843     0.0755      45016    5.67106    0.00000    34.9687    34.9685         50 0.0000e+00
    978.000    968.002     4.4134     4.4138  33.336514  33.336546    5.67050     1.8968 1.0592e+03    -0.0099     0.0000      98.78    97.6903     0.0755      45077    5.67042    0.00000    34.9689    34.9685         63 0.0000e+00
    980.000    969.977     4.4112     4.4116  33.335383  33.335554    5.67156     1.8966 1.0564e+03    -0.0102     0.0000      98.78    97.6928     0.0755      45126    5.67147    0.00000    34.9689    34.9686         39 0.0000e+00
    982.000    971.952     4.4101     4.4104  33.335212  33.335225    5.67654     1.8974 1.0567e+03    -0.0105     0.0000      98.78    97.6898     0.0755      45163    5.67635    0.00000    34.9689    34.9685         38 0.0000e+00
    984.000    973.927     4.4065     4.4068  33.332736  33.332847    5.67963     1.8976 1.0575e+03    -0.0112     0.0000      98.78    97.6909     0.0755      45208    5.67938    0.00000    34.9687    34.9685         56 0.0000e+00
    986.000    975.901     4.4038     4.4042  33.331025  33.331045    5.67711     1.8966 1.0531e+03    -0.0109     0.0000      98.78    97.6838     0.0755      45268    5.67692    0.00000    34.9685    34.9681         55 0.0000e+00
    988.000    977.876     4.4035     4.4039  33.331717  33.331629    5.67829     1.8965 1.0492e+03    -0.0107     0.0000      98.78    97.6831     0.0755      45314    5.67807    0.00000    34.9686    34.9682         40 0.0000e+00
    990.000    979.851     4.4011     4.4015  33.330276  33.330445    5.68135     1.8968 1.0503e+03    -0.0103     0.0000      98.78    97.6889     0.0755      45356    5.68115    0.00000    34.9685    34.9683         49 0.0000e+00
    992.000    981.826     4.3993     4.3997  33.329519  33.329595    5.68176     1.8964 1.0518e+03    -0.0112     0.0000      98.78    97.6974     0.0755      45415    5.68148    0.00000    34.9685    34.9681         58 0.0000e+00
    994.000    983.801     4.3977     4.3981  33.328933  33.329051    5.68261     1.8962 1.0489e+03    -0.0110     0.0000      98.78    97.6990     0.0755      45460    5.68232    0.00000    34.9685    34.9682         38 0.0000e+00
    996.000    985.775     4.3950     4.3955  33.327254  33.327417    5.68260     1.8958 1.0453e+03    -0.0107     0.0000      98.78    97.6951     0.0755      45501    5.68232    0.00000    34.9683    34.9680         48 0.0000e+00
    998.000    987.750     4.3929     4.3932  33.326133  33.326085    5.67794     1.8942 1.0421e+03    -0.0104     0.0000      98.78    97.7003     0.0755      45554    5.67779    0.00000    34.9682    34.9678         52 0.0000e+00
   1000.000    989.725     4.3902     4.3905  33.324496  33.324549    5.67993     1.8942 1.0413e+03    -0.0105     0.0000      98.78    97.6936     0.0755      45602    5.67949    0.00000    34.9681    34.9679         48 0.0000e+00
   1002.000    991.700     4.3888     4.3892  33.324078  33.324108    5.68174     1.8942 1.0416e+03    -0.0098     0.0000      98.78    97.6911     0.0755      45652    5.68124    0.00000    34.9681    34.9677         51 0.0000e+00
   1004.000    993.674     4.3886     4.3890  33.324788  33.324738    5.68287     1.8942 1.0398e+03    -0.0108     0.0000      98.78    97.6952     0.0755      45700    5.68288    0.00000    34.9681    34.9677         45 0.0000e+00
   1006.000    995.649     4.3873     4.3876  33.324339  33.324461    5.68460     1.8942 1.0386e+03    -0.0101     0.0000      98.78    97.7006     0.0755      45746    5.68433    0.00000    34.9680    34.9678         48 0.0000e+00
   1008.000    997.624     4.3860     4.3863  33.324033  33.324027    5.68293     1.8934 1.0366e+03    -0.0101     0.0000      98.78    97.6928     0.0755      45796    5.68270    0.00000    34.9680    34.9676         51 0.0000e+00
   1010.000    999.599     4.3856     4.3859  33.324553  33.324530    5.68400     1.8933 1.0381e+03    -0.0104     0.0000      98.78    97.6930     0.0755      45846    5.68380    0.00000    34.9679    34.9676         50 0.0000e+00
   1012.000   1001.573     4.3853     4.3856  33.325162  33.325107    5.68894     1.8941 1.0385e+03    -0.0102     0.0000      98.78    97.6977     0.0755      45896    5.68890    0.00000    34.9680    34.9676         48 0.0000e+00
   1014.000   1003.548     4.3848     4.3852  33.325585  33.325550    5.68862     1.8937 1.0355e+03    -0.0104     0.0000      98.78    97.6970     0.0755      45941    5.68846    0.00000    34.9680    34.9676         43 0.0000e+00
   1016.000   1005.522     4.3834     4.3838  33.325146  33.325080    5.69018     1.8936 1.0331e+03    -0.0105     0.0000      98.78    97.6958     0.0755      45983    5.68997    0.00000    34.9680    34.9675         42 0.0000e+00
   1018.000   1007.497     4.3826     4.3829  33.325093  33.325117    5.68886     1.8929 1.0335e+03    -0.0109     0.0000      98.78    97.6960     0.0755      46035    5.68875    0.00000    34.9678    34.9674         64 0.0000e+00
   1020.000   1009.472     4.3778     4.3783  33.321616  33.321846    5.68664     1.8918 1.0356e+03    -0.0104     0.0000      98.78    97.6936     0.0755      46098    5.68641    0.00000    34.9678    34.9674         54 0.0000e+00
   1022.000   1011.446     4.3724     4.3727  33.317508  33.317483    5.68533     1.8910 1.0330e+03    -0.0108     0.0000      98.78    97.7008     0.0755      46142    5.68510    0.00000    34.9676    34.9672         39 0.0000e+00
   1024.000   1013.420     4.3689     4.3693  33.315069  33.315255    5.68872     1.8913 1.0312e+03    -0.0105     0.0000      98.78    97.6959     0.0755      46181    5.68837    0.00000    34.9674    34.9672         40 0.0000e+00
   1026.000   1015.395     4.3660     4.3665  33.313192  33.313234    5.68832     1.8906 1.0300e+03    -0.0107     0.0000      98.78    97.7002     0.0755      46226    5.68768    0.00000    34.9672    34.9668         52 0.0000e+00
   1028.000   1017.370     4.3640     4.3644  33.312124  33.312172    5.68978     1.8907 1.0304e+03    -0.0106     0.0000      98.78    97.6957     0.0755      46280    5.68955    0.00000    34.9670    34.9667         52 0.0000e+00
   1030.000   1019.344     4.3631     4.3635  33.312122  33.312176    5.69519     1.8916 1.0301e+03    -0.0105     0.0000      98.78    97.6974     0.0755      46329    5.69509    0.00000    34.9670    34.9666         47 0.0000e+00
   1032.000   1021.319     4.3623     4.3627  33.312148  33.312289    5.69643     1.8915 1.0313e+03    -0.0104     0.0000      98.78    97.6996     0.0755      46376    5.69637    0.00000    34.9669    34.9666         48 0.0000e+00
   1034.000   1023.293     4.3612     4.3616  33.311979  33.312100    5.69660     1.8912 1.0310e+03    -0.0106     0.0000      98.78    97.7060     0.0755      46427    5.69655    0.00000    34.9668    34.9665         53 0.0000e+00
   1036.000   1025.267     4.3594     4.3599  33.311166  33.311331    5.69699     1.8908 1.0300e+03    -0.0107     0.0000      98.78    97.7060     0.0755      46478    5.69693    0.00000    34.9668    34.9665         48 0.0000e+00
   1038.000   1027.242     4.3584     4.3588  33.311157  33.311190    5.69815     1.8907 1.0308e+03    -0.0109     0.0000      98.78    97.6977     0.0755      46523    5.69797    0.00000    34.9667    34.9664         43 0.0000e+00
   1040.000   1029.216     4.3556     4.3561  33.309328  33.309454    5.70033     1.8907 1.0304e+03    -0.0114     0.0000      98.78    97.6974     0.0755      46566    5.69990    0.00000    34.9666    34.9663         45 0.0000e+00
   1042.000   1031.190     4.3530     4.3535  33.307714  33.307793    5.70200     1.8907 1.0292e+03    -0.0112     0.0000      98.78    97.7047     0.0755      46618    5.70187    0.00000    34.9664    34.9660         57 0.0000e+00
   1044.000   1033.165     4.3508     4.3511  33.306434  33.306349    5.70185     1.8902 1.0281e+03    -0.0110     0.0000      98.78    97.7062     0.0755      46670    5.70172    0.00000    34.9662    34.9659         46 0.0000e+00
   1046.000   1035.139     4.3486     4.3490  33.305141  33.305267    5.70332     1.8902 1.0271e+03    -0.0110     0.0000      98.78    97.7019     0.0755      46714    5.70317    0.00000    34.9660    34.9657         46 0.0000e+00
   1048.000   1037.113     4.3476     4.3480  33.305003  33.305048    5.70431     1.8900 1.0268e+03    -0.0110     0.0000      98.78    97.6972     0.0755      46770    5.70414    0.00000    34.9659    34.9655         60 0.0000e+00
   1050.000   1039.088     4.3464     4.3468  33.304823  33.304835    5.70384     1.8895 1.0252e+03    -0.0107     0.0000      98.78    97.7009     0.0755      46818    5.70369    0.00000    34.9660    34.9656         37 0.0000e+00
   1052.000   1041.062     4.3450     4.3454  33.304364  33.304417    5.70603     1.8896 1.0248e+03    -0.0100     0.0000      98.78    97.7003     0.0755      46853    5.70584    0.00000    34.9659    34.9655         37 0.0000e+00
   1054.000   1043.036     4.3432     4.3432  33.303441  33.303106    5.70329     1.8885 1.0268e+03    -0.0115     0.0000      98.78    97.6947     0.0755      46909    5.70316    0.00000    34.9657    34.9653         74 0.0000e+00
   1056.000   1045.010     4.3413     4.3416  33.302808  33.302719    5.70244     1.8879 1.0228e+03    -0.0114     0.0000      98.78    97.6924     0.0755      46969    5.70234    0.00000    34.9660    34.9655         42 0.0000e+00
   1058.000   1046.984     4.3404     4.3408  33.303038  33.303032    5.70571     1.8883 1.0218e+03    -0.0107     0.0000      98.78    97.6948     0.0755      47007    5.70554    0.00000    34.9661    34.9657         38 0.0000e+00
   1060.000   1048.959     4.3417     4.3421  33.305474  33.305374    5.70714     1.8883 1.0244e+03    -0.0101     0.0000      98.78    97.6962     0.0755      47050    5.70692    0.00000    34.9667    34.9661         49 0.0000e+00
   1062.000   1050.933     4.3402     4.3405  33.304853  33.304743    5.70419     1.8872 1.0252e+03    -0.0110     0.0000      98.78    97.7022     0.0755      47105    5.70406    0.00000    34.9665    34.9661         58 0.0000e+00
   1064.000   1052.907     4.3374     4.3379  33.302949  33.303167    5.70050     1.8859 1.0212e+03    -0.0108     0.0000      98.78    97.7062     0.0755      47157    5.70045    0.00000    34.9662    34.9659         45 0.0000e+00
   1066.000   1054.881     4.3339     4.3343  33.300502  33.300620    5.69885     1.8850 1.0211e+03    -0.0115     0.0000      98.78    97.7008     0.0755      47201    5.69867    0.00000    34.9660    34.9657         46 0.0000e+00
   1068.000   1056.855     4.3325     4.3329  33.299933  33.299927    5.70236     1.8855 1.0244e+03    -0.0114     0.0000      98.78    97.7016     0.0755      47250    5.70229    0.00000    34.9658    34.9654         52 0.0000e+00
   1070.000   1058.829     4.3287     4.3290  33.297367  33.297499    5.70537     1.8857 1.0236e+03    -0.0102     0.0000      98.78    97.7052     0.0755      47303    5.70525    0.00000    34.9658    34.9656         51 0.0000e+00
   1072.000   1060.803     4.3203     4.3204  33.290354  33.290192    5.70551     1.8850 1.0206e+03    -0.0108     0.0000      98.78    97.7062     0.0755      47350    5.70541    0.00000    34.9654    34.9651         45 0.0000e+00
   1074.000   1062.777     4.3166     4.3170  33.287740  33.287812    5.71302     1.8863 1.0233e+03    -0.0108     0.0000      98.78    97.7062     0.0755      47397    5.71281    0.00000    34.9652    34.9649         51 0.0000e+00
   1076.000   1064.751     4.3142     4.3146  33.286324  33.286417    5.71743     1.8870 1.0265e+03    -0.0108     0.0000      98.78    97.7062     0.0755      47451    5.71741    0.00000    34.9651    34.9647         53 0.0000e+00
   1078.000   1066.725     4.3062     4.3066  33.279326  33.279596    5.72019     1.8870 1.0260e+03    -0.0101     0.0000      98.78    97.7011     0.0755      47498    5.72015    0.00000    34.9643    34.9642         43 0.0000e+00
   1080.000   1068.699     4.3023     4.3028  33.276435  33.276490    5.71848     1.8860 1.0245e+03    -0.0106     0.0000      98.78    97.7018     0.0755      47543    5.71821    0.00000    34.9640    34.9636         47 0.0000e+00
   1082.000   1070.673     4.3016     4.3020  33.276585  33.276596    5.71447     1.8847 1.0258e+03    -0.0105     0.0000      98.78    97.7026     0.0755      47594    5.71424    0.00000    34.9639    34.9635         55 0.0000e+00
   1084.000   1072.647     4.3008     4.3012  33.276801  33.276881    5.71502     1.8844 1.0291e+03    -0.0105     0.0000      98.78    97.7007     0.0755      47647    5.71477    0.00000    34.9640    34.9636         51 0.0000e+00
   1086.000   1074.621     4.2951     4.2957  33.272151  33.272486    5.71623     1.8841 1.0311e+03    -0.0103     0.0000      98.78    97.6953     0.0755      47697    5.71598    0.00000    34.9635    34.9633         49 0.0000e+00
   1088.000   1076.595     4.2900     4.2905  33.268265  33.268317    5.72021     1.8846 1.0286e+03    -0.0118     0.0000      98.78    97.7037     0.0755      47745    5.72003    0.00000    34.9633    34.9629         46 0.0000e+00
   1090.000   1078.569     4.2893     4.2897  33.268361  33.268354    5.72285     1.8849 1.0278e+03    -0.0104     0.0000      98.78    97.7022     0.0755      47790    5.72287    0.00000    34.9632    34.9628         45 0.0000e+00
   1092.000   1080.543     4.2878     4.2882  33.267782  33.267831    5.72518     1.8848 1.0323e+03    -0.0117     0.0000      98.78    97.7021     0.0755      47837    5.72435    0.00000    34.9631    34.9627         51 0.0000e+00
   1094.000   1082.517     4.2847     4.2852  33.265761  33.265872    5.72639     1.8847 1.0359e+03    -0.0110     0.0000      98.78    97.6987     0.0755      47894    5.72591    0.00000    34.9630    34.9626         59 0.0000e+00
   1096.000   1084.491     4.2800     4.2804  33.262342  33.262447    5.72458     1.8838 1.0363e+03    -0.0124     0.0000      98.78    97.6962     0.0755      47946    5.72457    0.00000    34.9629    34.9626         45 0.0000e+00
   1098.000   1086.464     4.2782     4.2786  33.261779  33.261817    5.72542     1.8836 1.0364e+03    -0.0109     0.0000      98.78    97.6988     0.0755      47988    5.72539    0.00000    34.9632    34.9627         42 0.0000e+00
   1100.000   1088.438     4.2773     4.2776  33.261748  33.261771    5.72684     1.8836 1.0400e+03    -0.0109     0.0000      98.78    97.7060     0.0755      48034    5.72689    0.00000    34.9631    34.9627         50 0.0000e+00
   1102.000   1090.412     4.2763     4.2768  33.261889  33.261838    5.72761     1.8835 1.0425e+03    -0.0108     0.0000      98.78    97.7029     0.0755      48086    5.72801    0.00000    34.9632    34.9627         52 0.0000e+00
