Ship_data/Irminger/Irminger-2/ctd/process/OOI/dat30_008.cnv
* Sea-Bird SBE 9 Data File:
* FileName = C:\data\ctd\at30_008.hex
* Software Version Seasave V 7.21f
* Temperature SN = 2265
* Conductivity SN = 3021
* Number of Bytes Per Scan = 40
* Number of Voltage Words = 5
* Number of Scans Averaged by the Deck Unit = 1
* NMEA Latitude = 59 43.12 N
* NMEA Longitude = 039 21.38 W
* NMEA UTC (Time) = Aug 19 2015  12:16:11
** Confirmation of seafloor depth at FLMB -2  site
# nquan = 21
# nvalues = 1426                        
# units = specified
# name 0 = prDM: Pressure, Digiquartz [db]
# name 1 = depSM: Depth [salt water, m]
# name 2 = t090C: Temperature [ITS-90, deg C]
# name 3 = t190C: Temperature, 2 [ITS-90, deg C]
# name 4 = c0mS/cm: Conductivity [mS/cm]
# name 5 = c1mS/cm: Conductivity, 2 [mS/cm]
# name 6 = sbeox0ML/L: Oxygen, SBE 43 [ml/l]
# name 7 = sbeox0V: Oxygen raw, SBE 43 [V]
# name 8 = spar: SPAR/Surface Irradiance
# name 9 = flECO-AFL: Fluorescence, WET Labs ECO-AFL/FL [mg/m^3]
# name 10 = v2: Voltage 2
# name 11 = altM: Altimeter [m]
# name 12 = CStarTr0: Beam Transmission, WET Labs C-Star [%]
# name 13 = turbWETntu0: Turbidity, WET Labs ECO [NTU]
# name 14 = scan: Scan Count
# name 15 = sbeox0ML/L: Oxygen, SBE 43 [ml/l], WS = 2
# name 16 = sbeox0dOV/dT: Oxygen, SBE 43 [dov/dt], WS = 2
# name 17 = sal00: Salinity, Practical [PSU]
# name 18 = sal11: Salinity, Practical, 2 [PSU]
# name 19 = nbin: number of scans per bin
# name 20 = flag: flag
# span 0 =      2.000,   2852.000       
# span 1 =      1.981,   2806.161       
# span 2 =     1.5231,     8.3781       
# span 3 =     1.5236,     8.3791       
# span 4 =  31.479872,  36.423672       
# span 5 =  31.480015,  36.424631       
# span 6 =    5.99431,    6.92749       
# span 7 =     1.6692,     2.5214       
# span 8 = 2.9654e+02, 4.3121e+02       
# span 9 =    -0.0343,     1.6518       
# span 10 =     0.0000,     0.0000      
# span 11 =       9.23,      99.05      
# span 12 =    93.1036,    97.5592      
# span 13 =     0.0717,     0.1400      
# span 14 =        500,      80237      
# span 15 =    5.99424,    6.92822      
# span 16 =    0.00000,    0.00000      
# span 17 =    34.8451,    34.9412      
# span 18 =    34.8452,    34.9422      
# span 19 =         31,        139      
# span 20 = 0.0000e+00, 0.0000e+00      
# interval = decibars: 2                
# start_time = Aug 19 2015 12:16:11 [NMEA time, header]
# bad_flag = -9.990e-29
*END*
[from data line 276]
    554.000    548.055     3.6663     3.6665  32.414874  32.415505    6.63779     2.1868 3.3954e+02    -0.0227     0.0000      98.78    97.4969     0.0776      20334    6.63754    0.00000    34.8902    34.8907         41 0.0000e+00
    556.000    550.032     3.6657     3.6660  32.415041  32.415758    6.63150     2.1848 3.3889e+02    -0.0267     0.0000      98.78    97.4937     0.0796      20389    6.63139    0.00000    34.8899    34.8905         69 0.0000e+00
    558.000    552.007     3.6655     3.6657  32.415775  32.416369    6.63189     2.1844 3.3916e+02    -0.0155     0.0000      98.78    97.4982     0.0800      20450    6.63178    0.00000    34.8899    34.8905         45 0.0000e+00
    560.000    553.983     3.6655     3.6657  32.416671  32.417294    6.63528     2.1848 3.3831e+02    -0.0245     0.0000      98.78    97.4822     0.0769      20487    6.63511    0.00000    34.8900    34.8906         36 0.0000e+00
    562.000    555.959     3.6637     3.6639  32.415726  32.416364    6.63381     2.1840 3.3669e+02    -0.0170     0.0000      98.78    97.4851     0.0777      20528    6.63368    0.00000    34.8897    34.8903         46 0.0000e+00
    564.000    557.935     3.6630     3.6633  32.416006  32.416624    6.63025     2.1826 3.3662e+02    -0.0240     0.0000      98.78    97.5027     0.0769      20576    6.63022    0.00000    34.8897    34.8902         47 0.0000e+00
    566.000    559.911     3.6624     3.6623  32.416242  32.416662    6.62885     2.1818 3.3675e+02    -0.0267     0.0000      98.78    97.4975     0.0797      20627    6.62889    0.00000    34.8896    34.8902         59 0.0000e+00
    568.000    561.886     3.6618     3.6622  32.416595  32.417395    6.63083     2.1818 3.3634e+02    -0.0257     0.0000      98.78    97.4827     0.0774      20684    6.63060    0.00000    34.8895    34.8901         50 0.0000e+00
    570.000    563.862     3.6624     3.6626  32.418072  32.418681    6.63005     2.1812 3.3587e+02    -0.0247     0.0000      98.78    97.4833     0.0791      20732    6.63002    0.00000    34.8897    34.8902         50 0.0000e+00
    572.000    565.838     3.6661     3.6661  32.422839  32.422995    6.63167     2.1814 3.3602e+02    -0.0083     0.0000      98.78    97.4917     0.0917      20780    6.63159    0.00000    34.8903    34.8906         44 0.0000e+00
    574.000    567.814     3.6665     3.6666  32.424118  32.424701    6.63108     2.1808 3.3518e+02    -0.0127     0.0000      98.78    97.4969     0.0781      20822    6.63098    0.00000    34.8904    34.8909         43 0.0000e+00
    576.000    569.789     3.6655     3.6657  32.424024  32.424655    6.63021     2.1801 3.3491e+02    -0.0289     0.0000      98.78    97.4921     0.0760      20870    6.63004    0.00000    34.8903    34.8908         51 0.0000e+00
    578.000    571.765     3.6647     3.6648  32.424158  32.424700    6.63408     2.1806 3.3584e+02    -0.0227     0.0000      98.78    97.4985     0.0744      20917    6.63400    0.00000    34.8903    34.8907         42 0.0000e+00
    580.000    573.741     3.6644     3.6646  32.424673  32.425349    6.63203     2.1797 3.3541e+02    -0.0284     0.0000      98.78    97.4969     0.0750      20966    6.63190    0.00000    34.8901    34.8906         66 0.0000e+00
    582.000    575.716     3.6643     3.6645  32.425381  32.425969    6.62802     2.1782 3.3693e+02    -0.0278     0.0000      98.78    97.4956     0.0755      21038    6.62778    0.00000    34.8900    34.8905         57 0.0000e+00
    584.000    577.692     3.6645     3.6646  32.426601  32.427064    6.63730     2.1801 3.3672e+02    -0.0292     0.0000      98.78    97.4955     0.0755      21077    6.63717    0.00000    34.8901    34.8906         31 0.0000e+00
    586.000    579.668     3.6645     3.6647  32.427478  32.428040    6.64118     2.1806 3.3597e+02    -0.0247     0.0000      98.78    97.4876     0.0758      21108    6.64097    0.00000    34.8901    34.8906         37 0.0000e+00
    588.000    581.643     3.6649     3.6651  32.428621  32.429283    6.63752     2.1793 3.3535e+02    -0.0236     0.0000      98.78    97.4926     0.0776      21166    6.63739    0.00000    34.8900    34.8906         66 0.0000e+00
    590.000    583.619     3.6652     3.6653  32.429972  32.430464    6.63893     2.1793 3.3670e+02    -0.0189     0.0000      98.78    97.4961     0.0780      21213    6.63877    0.00000    34.8903    34.8907         35 0.0000e+00
    592.000    585.594     3.6647     3.6650  32.430323  32.430909    6.63526     2.1779 3.3624e+02    -0.0199     0.0000      98.78    97.4437     0.0777      21255    6.63519    0.00000    34.8901    34.8906         63 0.0000e+00
    594.000    587.570     3.6637     3.6640  32.430228  32.430984    6.63242     2.1769 3.3694e+02    -0.0203     0.0000      98.78    97.5013     0.0787      21327    6.63311    0.00000    34.8900    34.8906         55 0.0000e+00
    596.000    589.545     3.6634     3.6635  32.430860  32.431420    6.63570     2.1770 3.3685e+02    -0.0204     0.0000      98.78    97.4917     0.0812      21365    6.63525    0.00000    34.8900    34.8906         35 0.0000e+00
    598.000    591.521     3.6623     3.6624  32.430673  32.431260    6.63546     2.1765 3.3590e+02    -0.0158     0.0000      98.78    97.4892     0.0778      21404    6.63516    0.00000    34.8900    34.8905         47 0.0000e+00
    600.000    593.496     3.6614     3.6616  32.430633  32.431374    6.63581     2.1762 3.3529e+02    -0.0174     0.0000      98.78    97.4823     0.0782      21458    6.63576    0.00000    34.8898    34.8904         56 0.0000e+00
    602.000    595.472     3.6616     3.6617  32.431730  32.432320    6.63542     2.1757 3.3597e+02    -0.0213     0.0000      98.78    97.4894     0.0774      21509    6.63533    0.00000    34.8898    34.8904         46 0.0000e+00
    604.000    597.447     3.6612     3.6613  32.432322  32.432863    6.63651     2.1755 3.3579e+02    -0.0239     0.0000      98.78    97.4833     0.0783      21554    6.63645    0.00000    34.8899    34.8904         46 0.0000e+00
    606.000    599.423     3.6606     3.6608  32.432595  32.433233    6.63598     2.1749 3.3502e+02    -0.0253     0.0000      98.78    97.4717     0.0788      21599    6.63594    0.00000    34.8897    34.8904         43 0.0000e+00
    608.000    601.398     3.6606     3.6607  32.433368  32.433981    6.63559     2.1744 3.3444e+02    -0.0243     0.0000      98.78    97.4917     0.0823      21644    6.63548    0.00000    34.8897    34.8903         52 0.0000e+00
    610.000    603.374     3.6607     3.6609  32.434466  32.435021    6.63233     2.1731 3.3444e+02    -0.0276     0.0000      98.78    97.4915     0.0793      21707    6.63229    0.00000    34.8898    34.8902         63 0.0000e+00
    612.000    605.349     3.6610     3.6611  32.435570  32.436090    6.63400     2.1731 3.3459e+02    -0.0296     0.0000      98.78    97.4561     0.0798      21756    6.63394    0.00000    34.8898    34.8903         39 0.0000e+00
    614.000    607.324     3.6610     3.6611  32.436471  32.437086    6.63739     2.1735 3.3318e+02    -0.0237     0.0000      98.78    97.4752     0.0760      21793    6.63733    0.00000    34.8897    34.8904         38 0.0000e+00
    616.000    609.299     3.6607     3.6608  32.436850  32.437507    6.63462     2.1724 3.3310e+02    -0.0209     0.0000      98.78    97.4747     0.0804      21847    6.63456    0.00000    34.8895    34.8901         68 0.0000e+00
    618.000    611.275     3.6607     3.6609  32.437955  32.438527    6.63524     2.1722 3.3381e+02    -0.0343     0.0000      98.78    97.4941     0.0795      21902    6.63523    0.00000    34.8897    34.8902         38 0.0000e+00
    620.000    613.250     3.6599     3.6600  32.438022  32.438581    6.63697     2.1721 3.3345e+02    -0.0294     0.0000      98.78    97.4774     0.0819      21937    6.63691    0.00000    34.8896    34.8902         40 0.0000e+00
    622.000    615.225     3.6586     3.6588  32.437685  32.438330    6.63338     2.1707 3.3300e+02    -0.0242     0.0000      98.78    97.4898     0.0784      21986    6.63322    0.00000    34.8895    34.8900         53 0.0000e+00
    624.000    617.201     3.6578     3.6580  32.437833  32.438455    6.63562     2.1708 3.3275e+02    -0.0213     0.0000      98.78    97.4830     0.0796      22036    6.63556    0.00000    34.8895    34.8900         53 0.0000e+00
    626.000    619.176     3.6576     3.6577  32.438363  32.438985    6.63377     2.1699 3.3331e+02    -0.0222     0.0000      98.78    97.4563     0.0767      22098    6.63350    0.00000    34.8893    34.8899         60 0.0000e+00
    628.000    621.151     3.6575     3.6576  32.439137  32.439757    6.63836     2.1706 3.3293e+02    -0.0264     0.0000      98.78    97.4677     0.0830      22144    6.63823    0.00000    34.8893    34.8899         38 0.0000e+00
    630.000    623.126     3.6571     3.6572  32.439622  32.440205    6.64081     2.1708 3.3124e+02    -0.0312     0.0000      98.78    97.4851     0.0808      22183    6.64071    0.00000    34.8893    34.8898         44 0.0000e+00
    632.000    625.102     3.6566     3.6567  32.440086  32.440641    6.63878     2.1698 3.3178e+02    -0.0202     0.0000      98.78    97.4847     0.0802      22234    6.63876    0.00000    34.8892    34.8897         51 0.0000e+00
    634.000    627.077     3.6568     3.6568  32.441100  32.441671    6.63926     2.1695 3.3205e+02    -0.0244     0.0000      98.78    97.4672     0.0756      22278    6.63914    0.00000    34.8892    34.8898         41 0.0000e+00
    636.000    629.052     3.6566     3.6567  32.441814  32.442407    6.63831     2.1689 3.3140e+02    -0.0223     0.0000      98.78    97.4821     0.0780      22328    6.63827    0.00000    34.8891    34.8898         63 0.0000e+00
    638.000    631.027     3.6567     3.6568  32.442830  32.443339    6.64070     2.1690 3.3134e+02    -0.0301     0.0000      98.78    97.4897     0.0768      22387    6.64063    0.00000    34.8893    34.8897         46 0.0000e+00
    640.000    633.002     3.6563     3.6564  32.443347  32.443950    6.64570     2.1698 3.3048e+02    -0.0249     0.0000      98.78    97.4621     0.0761      22427    6.64554    0.00000    34.8892    34.8899         39 0.0000e+00
    642.000    634.977     3.6552     3.6553  32.443140  32.443720    6.64474     2.1691 3.2988e+02    -0.0255     0.0000      98.78    97.4867     0.0797      22476    6.64461    0.00000    34.8891    34.8897         63 0.0000e+00
    644.000    636.952     3.6549     3.6549  32.443679  32.444227    6.64154     2.1679 3.2966e+02    -0.0188     0.0000      98.78    97.4856     0.0816      22538    6.64147    0.00000    34.8890    34.8896         49 0.0000e+00
    646.000    638.927     3.6550     3.6551  32.444730  32.445252    6.64134     2.1674 3.2909e+02    -0.0278     0.0000      98.78    97.4750     0.0773      22574    6.64128    0.00000    34.8891    34.8896         31 0.0000e+00
    648.000    640.902     3.6547     3.6548  32.445200  32.445845    6.64220     2.1672 3.2826e+02    -0.0198     0.0000      98.78    97.4787     0.0806      22609    6.64214    0.00000    34.8889    34.8896         43 0.0000e+00
    650.000    642.877     3.6542     3.6545  32.445674  32.446269    6.63949     2.1661 3.2836e+02    -0.0246     0.0000      98.78    97.4803     0.0756      22672    6.63945    0.00000    34.8889    34.8894         71 0.0000e+00
    652.000    644.852     3.6546     3.6546  32.446891  32.447447    6.64074     2.1659 3.2854e+02    -0.0267     0.0000      98.78    97.4773     0.0757      22726    6.64065    0.00000    34.8889    34.8895         44 0.0000e+00
    654.000    646.827     3.6556     3.6557  32.448934  32.449418    6.63836     2.1650 3.2809e+02    -0.0262     0.0000      98.78    97.4786     0.0797      22769    6.63835    0.00000    34.8892    34.8897         44 0.0000e+00
    656.000    648.802     3.6562     3.6563  32.450436  32.450970    6.64080     2.1652 3.2722e+02    -0.0210     0.0000      98.78    97.4644     0.0781      22814    6.64077    0.00000    34.8893    34.8899         44 0.0000e+00
    658.000    650.777     3.6554     3.6555  32.450503  32.451070    6.64579     2.1659 3.2764e+02    -0.0207     0.0000      98.78    97.4809     0.0755      22859    6.64567    0.00000    34.8892    34.8897         50 0.0000e+00
    660.000    652.752     3.6568     3.6569  32.452781  32.453295    6.64017     2.1642 3.2837e+02    -0.0168     0.0000      98.78    97.4773     0.0766      22916    6.64013    0.00000    34.8894    34.8899         58 0.0000e+00
    662.000    654.727     3.6571     3.6572  32.454046  32.454527    6.64164     2.1642 3.2872e+02    -0.0197     0.0000      98.78    97.4787     0.0795      22964    6.64158    0.00000    34.8895    34.8899         40 0.0000e+00
    664.000    656.702     3.6569     3.6569  32.454604  32.455163    6.64322     2.1641 3.2894e+02    -0.0187     0.0000      98.78    97.4868     0.0790      23004    6.64315    0.00000    34.8894    34.8900         44 0.0000e+00
    666.000    658.677     3.6563     3.6564  32.454903  32.455470    6.64206     2.1634 3.2955e+02    -0.0201     0.0000      98.78    97.4815     0.0790      23058    6.64199    0.00000    34.8893    34.8898         58 0.0000e+00
    668.000    660.652     3.6563     3.6564  32.455861  32.456358    6.64462     2.1636 3.2998e+02    -0.0293     0.0000      98.78    97.4620     0.0768      23111    6.64450    0.00000    34.8894    34.8899         50 0.0000e+00
    670.000    662.627     3.6599     3.6597  32.460413  32.460437    6.64860     2.1643 3.3064e+02    -0.0213     0.0000      98.78    97.4608     0.0820      23157    6.64841    0.00000    34.8899    34.8902         42 0.0000e+00
    672.000    664.601     3.6611     3.6612  32.462530  32.462976    6.65013     2.1643 3.3057e+02    -0.0202     0.0000      98.78    97.4812     0.0799      23199    6.64988    0.00000    34.8901    34.8906         47 0.0000e+00
    674.000    666.576     3.6619     3.6619  32.464155  32.464691    6.64793     2.1633 3.3039e+02    -0.0278     0.0000      98.78    97.4694     0.0813      23253    6.64774    0.00000    34.8902    34.8907         53 0.0000e+00
    676.000    668.551     3.6610     3.6612  32.464290  32.464874    6.65003     2.1634 3.3064e+02    -0.0319     0.0000      98.78    97.4831     0.0827      23299    6.64980    0.00000    34.8902    34.8907         43 0.0000e+00
    678.000    670.525     3.6608     3.6609  32.464819  32.465406    6.64722     2.1623 3.3118e+02    -0.0256     0.0000      98.78    97.4761     0.0794      23346    6.64706    0.00000    34.8900    34.8906         53 0.0000e+00
    680.000    672.500     3.6610     3.6610  32.465904  32.466380    6.64924     2.1623 3.3096e+02    -0.0204     0.0000      98.78    97.4726     0.0772      23402    6.64904    0.00000    34.8900    34.8906         54 0.0000e+00
    682.000    674.475     3.6612     3.6613  32.467027  32.467583    6.65403     2.1631 3.3083e+02    -0.0280     0.0000      98.78    97.4861     0.0790      23448    6.65385    0.00000    34.8901    34.8906         39 0.0000e+00
    684.000    676.449     3.6613     3.6614  32.468032  32.468513    6.65320     2.1625 3.3064e+02    -0.0250     0.0000      98.78    97.4818     0.0807      23490    6.65297    0.00000    34.8902    34.8906         52 0.0000e+00
    686.000    678.424     3.6614     3.6616  32.468980  32.469533    6.64969     2.1612 3.3087e+02    -0.0276     0.0000      98.78    97.4827     0.0797      23550    6.64947    0.00000    34.8901    34.8906         56 0.0000e+00
    688.000    680.399     3.6615     3.6616  32.470043  32.470586    6.65218     2.1614 3.3078e+02    -0.0231     0.0000      98.78    97.4706     0.0800      23593    6.65193    0.00000    34.8902    34.8907         37 0.0000e+00
