Ship_data/Irminger/Irminger-2/ctd/process/OOI/dat30_002.cnv
* Sea-Bird SBE 9 Data File:
* FileName = C:\data\ctd\at30_002.hex
* Software Version Seasave V 7.21f
* Temperature SN = 2265
* Conductivity SN = 3021
* Number of Bytes Per Scan = 40
* Number of Voltage Words = 5
* Number of Scans Averaged by the Deck Unit = 1
* NMEA Latitude = 42 32.00 N
* NMEA Longitude = 062 34.74 W
* NMEA UTC (Time) = Aug 07 2015  15:18:09
# nquan = 21
# nvalues = 760                         
# units = specified
# name 0 = prDM: Pressure, Digiquartz [db]
# name 1 = depSM: Depth [salt water, m]
# name 2 = t090C: Temperature [ITS-90, deg C]
# name 3 = t190C: Temperature, 2 [ITS-90, deg C]
# name 4 = c0mS/cm: Conductivity [mS/cm]
# name 5 = c1mS/cm: Conductivity, 2 [mS/cm]
# name 6 = sbeox0ML/L: Oxygen, SBE 43 [ml/l]
# name 7 = sbeox0V: Oxygen raw, SBE 43 [V]
# name 8 = spar: SPAR/Surface Irradiance
# name 9 = flECO-AFL: Fluorescence, WET Labs ECO-AFL/FL [mg/m^3]
# name 10 = v2: Voltage 2
# name 11 = altM: Altimeter [m]
# name 12 = CStarTr0: Beam Transmission, WET Labs C-Star [%]
# name 13 = turbWETntu0: Turbidity, WET Labs ECO [NTU]
# name 14 = scan: Scan Count
# name 15 = sbeox0ML/L: Oxygen, SBE 43 [ml/l], WS = 2
# name 16 = sbeox0dOV/dT: Oxygen, SBE 43 [dov/dt], WS = 2
# name 17 = sal00: Salinity, Practical [PSU]
# name 18 = sal11: Salinity, Practical, 2 [PSU]
# name 19 = nbin: number of scans per bin
# name 20 = flag: flag
# span 0 =      2.000,   1520.000       
# span 1 =      1.984,   1502.526       
# span 2 =     3.9516,    21.4168       
# span 3 =     3.9524,    21.4348       
# span 4 =  33.140674,  46.839341       
# span 5 =  33.140683,  46.855378       
# span 6 =    3.09659,    6.56351       
# span 7 =     1.4464,     2.8747       
# span 8 = 1.0206e+03, 1.9503e+03       
# span 9 =    -0.0192,     1.4889       
# span 10 =     0.0000,     0.0000      
# span 11 =      84.98,      99.11      
# span 12 =    91.8576,    97.7128      
# span 13 =     0.0679,     0.1629      
# span 14 =        426,     104131      
# span 15 =    3.09690,    6.56423      
# span 16 =    0.00000,    0.00000      
# span 17 =    31.9973,    35.7012      
# span 18 =    31.9968,    35.7002      
# span 19 =         33,        227      
# span 20 = 0.0000e+00, 0.0000e+00      
# interval = decibars: 2                
# start_time = Aug 07 2015 15:18:09 [NMEA time, header]
# bad_flag = -9.990e-29
*END*
[from data line 690]
   1382.000   1366.559     4.0692     4.0698  33.191566  33.191554    5.75832     1.8343 1.0425e+03    -0.0122     0.0000      98.78    97.6987     0.0755      54969    5.75801    0.00000    34.9590    34.9585         48 0.0000e+00
   1384.000   1368.530     4.0677     4.0683  33.190984  33.190943    5.75854     1.8340 1.0420e+03    -0.0120     0.0000      98.78    97.6997     0.0755      55024    5.75841    0.00000    34.9590    34.9583         58 0.0000e+00
   1386.000   1370.501     4.0663     4.0669  33.190550  33.190519    5.75777     1.8334 1.0406e+03    -0.0115     0.0000      98.78    97.6992     0.0755      55078    5.75751    0.00000    34.9590    34.9583         51 0.0000e+00
   1388.000   1372.472     4.0654     4.0661  33.190596  33.190628    5.75845     1.8332 1.0403e+03    -0.0113     0.0000      98.78    97.7009     0.0755      55127    5.75816    0.00000    34.9590    34.9583         46 0.0000e+00
   1390.000   1374.443     4.0645     4.0650  33.190584  33.190543    5.75877     1.8330 1.0416e+03    -0.0111     0.0000      98.78    97.7018     0.0755      55170    5.75870    0.00000    34.9589    34.9583         41 0.0000e+00
   1392.000   1376.415     4.0622     4.0627  33.189318  33.189261    5.75789     1.8323 1.0442e+03    -0.0113     0.0000      98.78    97.7009     0.0755      55212    5.75765    0.00000    34.9589    34.9583         46 0.0000e+00
   1394.000   1378.385     4.0608     4.0614  33.188860  33.188835    5.75852     1.8320 1.0455e+03    -0.0121     0.0000      98.78    97.6981     0.0755      55267    5.75827    0.00000    34.9588    34.9582         62 0.0000e+00
   1396.000   1380.356     4.0600     4.0606  33.189035  33.189000    5.76044     1.8322 1.0446e+03    -0.0122     0.0000      98.78    97.6980     0.0755      55325    5.76046    0.00000    34.9589    34.9582         50 0.0000e+00
   1398.000   1382.327     4.0588     4.0593  33.188710  33.188669    5.76010     1.8317 1.0441e+03    -0.0106     0.0000      98.78    97.7046     0.0755      55372    5.75996    0.00000    34.9588    34.9582         47 0.0000e+00
   1400.000   1384.299     4.0577     4.0582  33.188536  33.188423    5.75903     1.8310 1.0446e+03    -0.0110     0.0000      98.78    97.7069     0.0755      55419    5.75878    0.00000    34.9588    34.9581         46 0.0000e+00
   1402.000   1386.270     4.0562     4.0568  33.187971  33.188086    5.76035     1.8310 1.0411e+03    -0.0121     0.0000      98.78    97.7062     0.0755      55463    5.76035    0.00000    34.9587    34.9582         43 0.0000e+00
   1404.000   1388.241     4.0519     4.0525  33.184882  33.184994    5.76061     1.8305 1.0370e+03    -0.0114     0.0000      98.78    97.7025     0.0755      55509    5.76050    0.00000    34.9586    34.9581         51 0.0000e+00
   1406.000   1390.212     4.0492     4.0498  33.183200  33.183201    5.75871     1.8297 1.0342e+03    -0.0115     0.0000      98.78    97.7021     0.0755      55565    5.75857    0.00000    34.9584    34.9578         58 0.0000e+00
   1408.000   1392.183     4.0470     4.0474  33.182047  33.181952    5.75846     1.8292 1.0363e+03    -0.0118     0.0000      98.78    97.6980     0.0755      55619    5.75833    0.00000    34.9584    34.9579         51 0.0000e+00
   1410.000   1394.153     4.0462     4.0467  33.182148  33.182135    5.76139     1.8295 1.0410e+03    -0.0116     0.0000      98.78    97.6955     0.0755      55667    5.76126    0.00000    34.9584    34.9579         45 0.0000e+00
   1412.000   1396.125     4.0454     4.0459  33.182256  33.182134    5.76173     1.8292 1.0423e+03    -0.0100     0.0000      98.78    97.6892     0.0755      55712    5.76168    0.00000    34.9584    34.9577         45 0.0000e+00
   1414.000   1398.095     4.0449     4.0454  33.182634  33.182545    5.76011     1.8285 1.0428e+03    -0.0103     0.0000      98.78    97.6938     0.0755      55762    5.76006    0.00000    34.9584    34.9577         56 0.0000e+00
   1416.000   1400.066     4.0447     4.0452  33.183315  33.183148    5.75703     1.8274 1.0440e+03    -0.0105     0.0000      98.78    97.6984     0.0755      55816    5.75672    0.00000    34.9583    34.9577         49 0.0000e+00
   1418.000   1402.037     4.0452     4.0458  33.184686  33.184599    5.75527     1.8267 1.0423e+03    -0.0108     0.0000      98.78    97.6998     0.0755      55862    5.75511    0.00000    34.9585    34.9578         46 0.0000e+00
   1420.000   1404.008     4.0454     4.0458  33.185594  33.185378    5.75422     1.8261 1.0426e+03    -0.0111     0.0000      98.78    97.6910     0.0755      55916    5.75393    0.00000    34.9583    34.9577         60 0.0000e+00
   1422.000   1405.979     4.0429     4.0434  33.184020  33.184133    5.75721     1.8261 1.0404e+03    -0.0117     0.0000      98.78    97.6952     0.0755      55969    5.75591    0.00000    34.9582    34.9577         44 0.0000e+00
   1424.000   1407.949     4.0382     4.0388  33.180515  33.180625    5.75915     1.8262 1.0407e+03    -0.0112     0.0000      98.78    97.6955     0.0755      56010    5.75859    0.00000    34.9580    34.9575         42 0.0000e+00
   1426.000   1409.920     4.0346     4.0352  33.178008  33.177922    5.76064     1.8262 1.0467e+03    -0.0112     0.0000      98.78    97.6904     0.0755      56060    5.76058    0.00000    34.9578    34.9571         61 0.0000e+00
   1428.000   1411.891     4.0340     4.0346  33.178190  33.178129    5.76195     1.8261 1.0543e+03    -0.0111     0.0000      98.78    97.6918     0.0755      56122    5.76186    0.00000    34.9577    34.9570         53 0.0000e+00
   1430.000   1413.862     4.0332     4.0338  33.178381  33.178368    5.76368     1.8261 1.0496e+03    -0.0116     0.0000      98.78    97.6890     0.0755      56166    5.76357    0.00000    34.9578    34.9571         40 0.0000e+00
   1432.000   1415.832     4.0321     4.0326  33.178153  33.178139    5.76239     1.8255 1.0458e+03    -0.0115     0.0000      98.78    97.6923     0.0755      56208    5.76231    0.00000    34.9576    34.9571         48 0.0000e+00
   1434.000   1417.803     4.0318     4.0325  33.178763  33.178750    5.76007     1.8246 1.0486e+03    -0.0102     0.0000      98.78    97.6922     0.0755      56265    5.75998    0.00000    34.9577    34.9570         60 0.0000e+00
   1436.000   1419.774     4.0294     4.0298  33.177327  33.177262    5.76303     1.8248 1.0491e+03    -0.0109     0.0000      98.78    97.6910     0.0755      56317    5.76290    0.00000    34.9576    34.9571         44 0.0000e+00
   1438.000   1421.745     4.0253     4.0259  33.174430  33.174459    5.76517     1.8248 1.0483e+03    -0.0122     0.0000      98.78    97.6872     0.0755      56358    5.76501    0.00000    34.9575    34.9570         42 0.0000e+00
   1440.000   1423.715     4.0238     4.0243  33.173819  33.173799    5.76375     1.8241 1.0542e+03    -0.0116     0.0000      98.78    97.6901     0.0755      56407    5.76363    0.00000    34.9574    34.9568         60 0.0000e+00
   1442.000   1425.686     4.0233     4.0235  33.174275  33.173869    5.76379     1.8238 1.0581e+03    -0.0114     0.0000      98.78    97.6891     0.0755      56476    5.76363    0.00000    34.9575    34.9568         60 0.0000e+00
   1444.000   1427.657     4.0202     4.0208  33.172398  33.172455    5.76550     1.8237 1.0509e+03    -0.0113     0.0000      98.78    97.6902     0.0755      56518    5.76530    0.00000    34.9576    34.9570         36 0.0000e+00
   1446.000   1429.627     4.0119     4.0125  33.165470  33.165670    5.76789     1.8236 1.0523e+03    -0.0116     0.0000      98.78    97.6876     0.0755      56554    5.76767    0.00000    34.9571    34.9568         40 0.0000e+00
   1448.000   1431.598     4.0102     4.0106  33.164545  33.164335    5.76508     1.8226 1.0567e+03    -0.0111     0.0000      98.78    97.6855     0.0755      56609    5.76499    0.00000    34.9569    34.9562         67 0.0000e+00
   1450.000   1433.568     4.0083     4.0087  33.163670  33.163411    5.76693     1.8226 1.0479e+03    -0.0120     0.0000      98.78    97.6887     0.0755      56667    5.76683    0.00000    34.9568    34.9561         47 0.0000e+00
   1452.000   1435.539     4.0058     4.0063  33.162047  33.162021    5.76901     1.8226 1.0405e+03    -0.0117     0.0000      98.78    97.6813     0.0755      56710    5.76875    0.00000    34.9565    34.9561         42 0.0000e+00
   1454.000   1437.509     4.0025     4.0039  33.159813  33.160508    5.77013     1.8224 1.0405e+03    -0.0100     0.0000      98.78    97.6800     0.0755      56758    5.76986    0.00000    34.9564    34.9558         56 0.0000e+00
   1456.000   1439.480     4.0008     4.0015  33.159046  33.159035    5.76740     1.8214 1.0414e+03    -0.0105     0.0000      98.78    97.6800     0.0755      56816    5.76724    0.00000    34.9564    34.9556         54 0.0000e+00
   1458.000   1441.450     3.9998     4.0007  33.159095  33.159271    5.76799     1.8212 1.0378e+03    -0.0109     0.0000      98.78    97.6800     0.0755      56863    5.76785    0.00000    34.9564    34.9557         43 0.0000e+00
   1460.000   1443.421     3.9997     4.0002  33.159706  33.159619    5.76566     1.8203 1.0384e+03    -0.0110     0.0000      98.78    97.6800     0.0755      56907    5.76549    0.00000    34.9564    34.9557         46 0.0000e+00
   1462.000   1445.391     3.9959     3.9966  33.157088  33.157317    5.76602     1.8199 1.0420e+03    -0.0113     0.0000      98.78    97.6800     0.0755      56959    5.76585    0.00000    34.9563    34.9558         59 0.0000e+00
   1464.000   1447.362     3.9951     3.9958  33.157282  33.157214    5.76630     1.8196 1.0439e+03    -0.0116     0.0000      98.78    97.6787     0.0755      57017    5.76608    0.00000    34.9563    34.9556         52 0.0000e+00
   1466.000   1449.332     3.9944     3.9951  33.157435  33.157531    5.76600     1.8192 1.0421e+03    -0.0102     0.0000      98.78    97.6796     0.0755      57064    5.76580    0.00000    34.9563    34.9557         44 0.0000e+00
   1468.000   1451.303     3.9917     3.9921  33.155892  33.155825    5.76605     1.8187 1.0380e+03    -0.0117     0.0000      98.78    97.6754     0.0755      57107    5.76582    0.00000    34.9563    34.9558         45 0.0000e+00
   1470.000   1453.273     3.9890     3.9895  33.154202  33.154114    5.76778     1.8187 1.0333e+03    -0.0122     0.0000      98.78    97.6545     0.0755      57158    5.76751    0.00000    34.9562    34.9555         57 0.0000e+00
   1472.000   1455.243     3.9887     3.9893  33.154900  33.154789    5.76643     1.8179 1.0309e+03    -0.0112     0.0000      98.78    97.6785     0.0755      57215    5.76540    0.00000    34.9563    34.9556         53 0.0000e+00
   1474.000   1457.213     3.9888     3.9894  33.155735  33.155699    5.76675     1.8178 1.0369e+03    -0.0110     0.0000      98.78    97.6800     0.0755      57265    5.76661    0.00000    34.9562    34.9556         48 0.0000e+00
   1476.000   1459.184     3.9884     3.9889  33.156168  33.156159    5.76716     1.8176 1.0427e+03    -0.0116     0.0000      98.78    97.6800     0.0755      57312    5.76709    0.00000    34.9562    34.9556         46 0.0000e+00
   1478.000   1461.154     3.9875     3.9881  33.156242  33.156226    5.76971     1.8178 1.0425e+03    -0.0106     0.0000      98.78    97.6800     0.0755      57358    5.76963    0.00000    34.9562    34.9555         47 0.0000e+00
   1480.000   1463.124     3.9861     3.9866  33.155808  33.155732    5.77149     1.8178 1.0373e+03    -0.0119     0.0000      98.78    97.6800     0.0755      57406    5.77148    0.00000    34.9562    34.9556         48 0.0000e+00
   1482.000   1465.095     3.9839     3.9844  33.154646  33.154441    5.77033     1.8171 1.0342e+03    -0.0115     0.0000      98.78    97.6800     0.0755      57454    5.77010    0.00000    34.9561    34.9554         51 0.0000e+00
   1484.000   1467.065     3.9820     3.9828  33.153664  33.153702    5.76846     1.8163 1.0475e+03    -0.0106     0.0000      98.78    97.6800     0.0755      57512    5.76838    0.00000    34.9560    34.9553         64 0.0000e+00
   1486.000   1469.035     3.9812     3.9817  33.153770  33.153688    5.76708     1.8156 1.0541e+03    -0.0121     0.0000      98.78    97.6800     0.0755      57572    5.76682    0.00000    34.9560    34.9554         54 0.0000e+00
   1488.000   1471.005     3.9809     3.9815  33.154359  33.154312    5.76812     1.8155 1.0539e+03    -0.0109     0.0000      98.78    97.6800     0.0755      57622    5.76798    0.00000    34.9560    34.9554         47 0.0000e+00
   1490.000   1472.975     3.9798     3.9806  33.154177  33.154319    5.76871     1.8153 1.0589e+03    -0.0109     0.0000      98.78    97.6799     0.0755      57670    5.76865    0.00000    34.9560    34.9554         52 0.0000e+00
   1492.000   1474.946     3.9799     3.9802  33.154998  33.154677    5.76380     1.8138 1.0659e+03    -0.0107     0.0000      98.78    97.6751     0.0755      57770    5.76365    0.00000    34.9559    34.9553         67 0.0000e+00
   1494.000   1476.916     3.9783     3.9788  33.154425  33.154242    5.76432     1.8135 1.0626e+03    -0.0114     0.0000      98.78    97.6796     0.0755      57837    5.76412    0.00000    34.9560    34.9552         68 0.0000e+00
   1496.000   1478.886     3.9781     3.9785  33.155062  33.154839    5.76406     1.8131 1.0579e+03    -0.0113     0.0000      98.78    97.6630     0.0755      57921    5.76401    0.00000    34.9559    34.9552         72 0.0000e+00
   1498.000   1480.856     3.9760     3.9766  33.154061  33.153834    5.76569     1.8131 1.0681e+03    -0.0111     0.0000      98.78    97.6780     0.0755      57982    5.76564    0.00000    34.9559    34.9551         74 0.0000e+00
   1500.000   1482.826     3.9763     3.9772  33.155010  33.155154    5.76193     1.8119 1.0786e+03    -0.0114     0.0000      98.78    97.6807     0.0755      58078    5.76187    0.00000    34.9558    34.9550        100 0.0000e+00
   1502.000   1484.796     3.9741     3.9752  33.154056  33.154484    5.76392     1.8120 1.0817e+03    -0.0108     0.0000      98.78    97.6746     0.0755      58152    5.76385    0.00000    34.9560    34.9553         56 0.0000e+00
   1504.000   1486.766     3.9737     3.9739  33.154415  33.153990    5.76457     1.8117 1.0835e+03    -0.0111     0.0000      98.78    97.6747     0.0755      58222    5.76444    0.00000    34.9559    34.9551         97 0.0000e+00
   1506.000   1488.736     3.9731     3.9733  33.154740  33.154309    5.76383     1.8112 1.0789e+03    -0.0109     0.0000      98.78    97.6703     0.0755      58325    5.76366    0.00000    34.9559    34.9551         86 0.0000e+00
   1508.000   1490.706     3.9710     3.9716  33.153702  33.153644    5.76470     1.8109 1.0817e+03    -0.0109     0.0000      98.78    97.6839     0.0755      58400    5.76423    0.00000    34.9559    34.9552         75 0.0000e+00
   1510.000   1492.676     3.9705     3.9713  33.154128  33.154115    5.76503     1.8107 1.0765e+03    -0.0113     0.0000      98.78    97.6775     0.0755      58477    5.76473    0.00000    34.9559    34.9551         87 0.0000e+00
   1512.000   1494.646     3.9698     3.9704  33.154347  33.154127    5.76267     1.8098 1.0966e+03    -0.0106     0.0000      98.78    97.6851     0.0755      58604    5.76247    0.00000    34.9560    34.9551         78 0.0000e+00
   1514.000   1496.616     3.9693     3.9697  33.154638  33.154395    5.76651     1.8104 1.0946e+03    -0.0111     0.0000      98.78    97.6864     0.0755      58691    5.76640    0.00000    34.9558    34.9551        102 0.0000e+00
   1516.000   1498.586     3.9677     3.9680  33.153980  33.153572    5.76334     1.8093 1.0947e+03    -0.0115     0.0000      98.78    97.6680     0.0755      58856    5.76326    0.00000    34.9558    34.9550         84 0.0000e+00
