Ship_data/Irminger/Irminger-2/ctd/process/OOI/dat30_003.cnv
* Sea-Bird SBE 9 Data File:
* FileName = C:\data\ctd\at30_003.hex
* Software Version Seasave V 7.21f
* Temperature SN = 2265
* Conductivity SN = 3021
* Number of Bytes Per Scan = 40
* Number of Voltage Words = 5
* Number of Scans Averaged by the Deck Unit = 1
* NMEA Latitude = 42 31.25 N
* NMEA Longitude = 062 34.71 W
* NMEA UTC (Time) = Aug 07 2015  17:47:11
# nquan = 21
# nvalues = 760                         
# units = specified
# name 0 = prDM: Pressure, Digiquartz [db]
# name 1 = depSM: Depth [salt water, m]
# name 2 = t090C: Temperature [ITS-90, deg C]
# name 3 = t190C: Temperature, 2 [ITS-90, deg C]
# name 4 = c0mS/cm: Conductivity [mS/cm]
# name 5 = c1mS/cm: Conductivity, 2 [mS/cm]
# name 6 = sbeox0ML/L: Oxygen, SBE 43 [ml/l]
# name 7 = sbeox0V: Oxygen raw, SBE 43 [V]
# name 8 = spar: SPAR/Surface Irradiance
# name 9 = flECO-AFL: Fluorescence, WET Labs ECO-AFL/FL [mg/m^3]
# name 10 = v2: Voltage 2
# name 11 = altM: Altimeter [m]
# name 12 = CStarTr0: Beam Transmission, WET Labs C-Star [%]
# name 13 = turbWETntu0: Turbidity, WET Labs ECO [NTU]
# name 14 = scan: Scan Count
# name 15 = sbeox0ML/L: Oxygen, SBE 43 [ml/l], WS = 2
# name 16 = sbeox0dOV/dT: Oxygen, SBE 43 [dov/dt], WS = 2
# name 17 = sal00: Salinity, Practical [PSU]
# name 18 = sal11: Salinity, Practical, 2 [PSU]
# name 19 = nbin: number of scans per bin
# name 20 = flag: flag
# span 0 =      2.000,   1520.000       
# span 1 =      1.984,   1502.527       
# span 2 =     3.9365,    21.4383       
# span 3 =     3.9372,    21.4389       
# span 4 =  33.125967,  46.782191       
# span 5 =  33.126131,  46.822564       
# span 6 =    3.10720,    6.62129       
# span 7 =     1.4520,     2.8837       
# span 8 = 4.7004e+02, 1.9601e+03       
# span 9 =    -0.0210,     2.1884       
# span 10 =     0.0000,     0.0000      
# span 11 =      87.20,      98.82      
# span 12 =    91.6450,    97.7185      
# span 13 =     0.0680,     0.1636      
# span 14 =        531,      96450      
# span 15 =    3.10723,    6.62227      
# span 16 =    0.00000,    0.00000      
# span 17 =    31.8510,    35.7286      
# span 18 =    31.8505,    35.7276      
# span 19 =         27,        132      
# span 20 = 0.0000e+00, 0.0000e+00      
# interval = decibars: 2                
# start_time = Aug 07 2015 17:47:11 [NMEA time, header]
# bad_flag = -9.990e-29
*END*
      2.000      1.984    21.4383    21.4389  45.401538  45.401420    5.04834     2.4698 5.6110e+02     0.0482     0.0000      98.75    95.5517     0.0969        531    5.04786    0.00000    31.8510    31.8505         71 0.0000e+00
      4.000      3.968    21.4301    21.4320  45.395570  45.396676    5.04999     2.4697 5.2278e+02     0.0600     0.0000      98.75    95.5522     0.0937        738    5.04959    0.00000    31.8517    31.8512        100 0.0000e+00
      6.000      5.953    21.4174    21.4180  45.387213  45.387675    5.05088     2.4692 5.2402e+02     0.0551     0.0000      98.75    95.5428     0.0936        842    5.05044    0.00000    31.8540    31.8539        112 0.0000e+00
      8.000      7.937    21.3589    21.3604  45.377011  45.376652    5.05722     2.4696 8.4878e+02     0.0684     0.0000      98.75    95.4801     0.0984        943    5.05686    0.00000    31.8887    31.8873         86 0.0000e+00
     10.000      9.921    21.3374    21.3378  45.427760  45.426118    5.06306     2.4712 5.1093e+02     0.0914     0.0000      98.75    95.4173     0.0953       1038    5.06263    0.00000    31.9439    31.9423        101 0.0000e+00
     12.000     11.905    21.3822    21.3899  45.864829  45.951277    5.05596     2.4731 5.9052e+02     0.1057     0.0000      98.75    95.1104     0.0952       1136    5.05552    0.00000    32.2536    32.3159        100 0.0000e+00
     14.000     13.889    21.2360    21.2112  46.782191  46.822564    5.14893     2.5132 5.2184e+02     0.1314     0.0000      98.75    94.9220     0.1012       1231    5.14856    0.00000    33.0888    33.1402         95 0.0000e+00
     16.000     15.873    20.2885    20.0806  46.539586  46.496628    5.43280     2.5947 5.6580e+02     0.1842     0.0000      98.75    94.5328     0.1069       1332    5.43303    0.00000    33.6385    33.7684        101 0.0000e+00
     18.000     17.857    18.5471    18.5334  45.125446  45.117848    6.07554     2.7728 7.1965e+02     0.3394     0.0000      98.75    93.6923     0.1236       1429    6.07667    0.00000    33.8783    33.8832         89 0.0000e+00
     20.000     19.841    18.1409    17.8628  44.683673  44.455420    6.33912     2.8520 5.2645e+02     0.4072     0.0000      98.75    92.4671     0.1315       1522    6.33988    0.00000    33.8397    33.8758        109 0.0000e+00
     22.000     21.825    17.0599    17.0033  43.681814  43.638849    6.51759     2.8707 7.1269e+02     0.4805     0.0000      98.75    91.9737     0.1416       1624    6.51869    0.00000    33.8817    33.8920         84 0.0000e+00
     24.000     23.809    16.4218    16.3725  43.421055  43.401892    6.62129     2.8837 6.7693e+02     0.5920     0.0000      98.75    91.9402     0.1382       1715    6.62227    0.00000    34.1950    34.2202         99 0.0000e+00
     26.000     25.793    16.1067    16.1164  43.275537  43.284736    6.39946     2.7923 6.4938e+02     0.7168     0.0000      98.75    92.0708     0.1489       1810    6.40003    0.00000    34.3367    34.3365         95 0.0000e+00
     28.000     27.777    15.8970    15.9077  43.160328  43.170713    6.27844     2.7410 6.4075e+02     0.7687     0.0000      98.75    92.1600     0.1495       1910    6.27873    0.00000    34.4153    34.4152         97 0.0000e+00
     30.000     29.761    15.1526    15.1678  42.408032  42.432092    6.34008     2.7301 8.0707e+02     0.8169     0.0000      98.75    92.1689     0.1538       2005    6.34066    0.00000    34.3887    34.3970         94 0.0000e+00
     32.000     31.745    14.8917    14.9051  42.221532  42.232716    6.33788     2.7184 7.8995e+02     0.8853     0.0000      98.75    92.3222     0.1499       2097    6.33821    0.00000    34.4486    34.4469        102 0.0000e+00
     34.000     33.729    13.8447    13.8730  41.321185  41.360373    6.33595     2.6736 5.5110e+02     0.9724     0.0000      95.19    92.5208     0.1516       2197    6.33686    0.00000    34.5510    34.5619         86 0.0000e+00
     36.000     35.713    13.4082    13.3360  40.910205  40.870499    6.23747     2.6213 1.0695e+03     1.0356     0.0000      98.81    92.7223     0.1491       2294    6.23814    0.00000    34.5591    34.5872        109 0.0000e+00
     38.000     37.697    13.0126    13.0154  40.655985  40.661612    6.08514     2.5546 5.4015e+02     1.0474     0.0000      98.75    92.7080     0.1522       2382    6.08571    0.00000    34.6779    34.6807         75 0.0000e+00
     40.000     39.681    12.8425    12.7674  40.519068  40.450919    5.78496     2.4473 1.0415e+03     1.4074     0.0000      94.20    92.0302     0.1587       2486    5.78519    0.00000    34.7024    34.7061        118 0.0000e+00
     42.000     41.664    12.8205    12.8219  40.600944  40.602209    5.59573     2.3842 5.1122e+02     2.1884     0.0000      98.82    91.6450     0.1636       2576    5.59573    0.00000    34.8002    34.8001         69 0.0000e+00
     44.000     43.648    12.7704    12.7661  40.563124  40.562236    5.44205     2.3309 7.9261e+02     2.1062     0.0000      98.75    92.0287     0.1586       2674    5.44202    0.00000    34.8094    34.8124         79 0.0000e+00
     46.000     45.632    12.5088    12.5106  40.348180  40.353149    5.39676     2.3061 5.0984e+02     1.3983     0.0000      98.75    92.9995     0.1427       2768    5.39679    0.00000    34.8439    34.8470         58 0.0000e+00
     48.000     47.616    12.4800    12.4737  40.321384  40.315323    5.21690     2.2452 9.4523e+02     1.0722     0.0000      94.40    93.9278     0.1326       2864    5.21681    0.00000    34.8439    34.8439         85 0.0000e+00
     50.000     49.600    12.4830    12.4850  40.415985  40.413248    5.12049     2.2139 5.3560e+02     0.7811     0.0000      98.63    94.4347     0.1236       2956    5.12029    0.00000    34.9315    34.9271         76 0.0000e+00
     52.000     51.583    12.6516    12.6749  40.687531  40.718602    4.99900     2.1802 1.2642e+03     0.7014     0.0000      87.20    94.6080     0.1167       3058    4.99865    0.00000    35.0355    35.0436        116 0.0000e+00
     54.000     53.567    12.7211    12.7226  40.844778  40.843209    4.92300     2.1579 5.0461e+02     0.5164     0.0000      94.85    95.0571     0.1077       3151    4.92261    0.00000    35.1210    35.1182         73 0.0000e+00
     56.000     55.551    12.7709    12.7762  40.942538  40.950580    4.81612     2.1241 1.1006e+03     0.5062     0.0000      98.74    95.8170     0.1079       3247    4.81574    0.00000    35.1677    35.1705         88 0.0000e+00
     58.000     57.534    12.9308    12.9273  41.186184  41.175058    4.73032     2.1012 5.7913e+02     0.2729     0.0000      98.75    96.2337     0.0939       3340    4.72987    0.00000    35.2511    35.2437         76 0.0000e+00
     60.000     59.518    13.0240    13.0510  41.330071  41.365052    4.67925     2.0872 1.3062e+03     0.3015     0.0000      98.75    96.3707     0.0911       3439    4.67882    0.00000    35.3009    35.3091        116 0.0000e+00
     62.000     61.502    13.1466    13.1465  41.511714  41.508843    4.64190     2.0788 6.1825e+02     0.2531     0.0000      98.75    96.4567     0.0896       3535    4.64149    0.00000    35.3589    35.3563         78 0.0000e+00
     64.000     63.485    13.1727    13.1760  41.550458  41.553661    4.60822     2.0681 1.0061e+03     0.2734     0.0000      94.70    96.5100     0.0909       3627    4.60784    0.00000    35.3707    35.3706        111 0.0000e+00
     66.000     65.469    13.2013    13.2012  41.592347  41.590170    4.59215     2.0634 7.3833e+02     0.2407     0.0000      98.70    96.5482     0.0892       3726    4.59189    0.00000    35.3830    35.3810         83 0.0000e+00
     68.000     67.452    13.3259    13.3268  41.767601  41.762163    4.57332     2.0610 7.4575e+02     0.2380     0.0000      98.75    96.5955     0.0872       3823    4.57284    0.00000    35.4324    35.4263        102 0.0000e+00
     70.000     69.436    13.6572    13.6566  42.225443  42.222291    4.51189     2.0513 6.6020e+02     0.2049     0.0000      98.75    96.6488     0.0890       3914    4.51135    0.00000    35.5560    35.5536         91 0.0000e+00
     72.000     71.419    13.6706    13.6754  42.264493  42.269428    4.42543     2.0223 8.7557e+02     0.1873     0.0000      98.75    96.7235     0.0830       4021    4.42498    0.00000    35.5796    35.5797        106 0.0000e+00
     74.000     73.403    13.5711    13.5692  42.148335  42.147151    4.43979     2.0237 7.6979e+02     0.1352     0.0000      98.76    96.8262     0.0800       4102    4.43945    0.00000    35.5618    35.5624         81 0.0000e+00
     76.000     75.386    13.5529    13.5358  42.125756  42.107772    4.46069     2.0298 9.4682e+02     0.1148     0.0000      98.76    96.8868     0.0801       4210    4.46046    0.00000    35.5566    35.5555        103 0.0000e+00
     78.000     77.370    13.5954    13.5935  42.194497  42.191083    4.45582     2.0293 8.0372e+02     0.1027     0.0000      98.76    96.9364     0.0800       4297    4.45555    0.00000    35.5810    35.5795         87 0.0000e+00
     80.000     79.353    13.5294    13.5284  42.128597  42.125797    4.45334     2.0260 1.0343e+03     0.0993     0.0000      98.75    96.9515     0.0791       4400    4.45302    0.00000    35.5795    35.5778        107 0.0000e+00
     82.000     81.337    13.5806    13.5809  42.205418  42.204932    4.44374     2.0242 8.0668e+02     0.0520     0.0000      98.75    96.9858     0.0800       4487    4.44342    0.00000    35.6034    35.6027         78 0.0000e+00
     84.000     83.320    13.5328    13.5251  42.148996  42.142799    4.43837     2.0204 7.7175e+02     0.0583     0.0000      98.76    97.0048     0.0781       4589    4.43803    0.00000    35.5938    35.5951        112 0.0000e+00
     86.000     85.304    13.3997    13.4006  41.994990  41.995380    4.45148     2.0203 7.5359e+02     0.0484     0.0000      98.75    97.0373     0.0765       4685    4.45121    0.00000    35.5715    35.5711         96 0.0000e+00
     88.000     87.287    13.3791    13.3793  41.976638  41.973549    4.44225     2.0162 8.0882e+02     0.0301     0.0000      98.76    97.0602     0.0773       4777    4.44203    0.00000    35.5725    35.5694         84 0.0000e+00
     90.000     89.270    13.4969    13.5001  42.148768  42.150867    4.41493     2.0106 7.6849e+02     0.0230     0.0000      98.76    97.0689     0.0750       4875    4.41462    0.00000    35.6246    35.6236        109 0.0000e+00
     92.000     91.254    13.6159    13.6140  42.319412  42.312753    4.40308     2.0103 6.0702e+02     0.0048     0.0000      98.76    97.1083     0.0730       4974    4.40270    0.00000    35.6737    35.6692         87 0.0000e+00
     94.000     93.237    13.6448    13.6444  42.362665  42.359730    4.40530     2.0117 1.3413e+03     0.0092     0.0000      98.76    97.1174     0.0724       5067    4.40500    0.00000    35.6867    35.6843        102 0.0000e+00
     96.000     95.220    13.6817    13.6826  42.416362  42.417130    4.40821     2.0135 5.9083e+02     0.0075     0.0000      98.76    97.1422     0.0741       5157    4.40781    0.00000    35.7020    35.7019         88 0.0000e+00
     98.000     97.204    13.6917    13.6912  42.431977  42.430464    4.41806     2.0168 9.4139e+02     0.0108     0.0000      98.76    97.1517     0.0723       5268    4.41776    0.00000    35.7065    35.7056        107 0.0000e+00
    100.000     99.187    13.6890    13.6858  42.434656  42.431516    4.42221     2.0178 7.5159e+02     0.0092     0.0000      98.76    97.1438     0.0712       5372    4.42190    0.00000    35.7107    35.7108         82 0.0000e+00
    102.000    101.170    13.6865    13.6883  42.447590  42.447799    4.43964     2.0234 5.9927e+02    -0.0056     0.0000      98.76    97.2138     0.0724       6217    4.43942    0.00000    35.7244    35.7229         59 0.0000e+00
    104.000    103.153    13.6788    13.6793  42.445296  42.444813    4.44474     2.0245 7.2342e+02    -0.0001     0.0000      98.76    97.2243     0.0730       6691    4.44452    0.00000    35.7286    35.7276        118 0.0000e+00
    106.000    105.137    13.6767    13.6775  42.443898  42.443928    4.43850     2.0219 1.0420e+03    -0.0094     0.0000      98.76    97.2292     0.0753       6828    4.43817    0.00000    35.7284    35.7276        105 0.0000e+00
    108.000    107.120    13.6498    13.6509  42.415892  42.417006    4.43991     2.0212 1.2543e+03    -0.0033     0.0000      98.76    97.2269     0.0714       6966    4.43961    0.00000    35.7263    35.7262         95 0.0000e+00
    110.000    109.103    13.6014    13.6033  42.364346  42.364626    4.42823     2.0154 9.9641e+02     0.0012     0.0000      98.76    97.2301     0.0733       7085    4.42801    0.00000    35.7220    35.7205        110 0.0000e+00
    112.000    111.086    13.5920    13.5933  42.361485  42.362701    4.40219     2.0061 7.7822e+02    -0.0020     0.0000      98.76    97.2436     0.0715       7234    4.40195    0.00000    35.7273    35.7272        100 0.0000e+00
    114.000    113.069    13.5418    13.5412  42.306421  42.305494    4.37290     1.9943 9.6463e+02    -0.0056     0.0000      98.76    97.2424     0.0722       7352    4.37265    0.00000    35.7214    35.7211        132 0.0000e+00
    116.000    115.052    13.4938    13.4943  42.252859  42.253112    4.33490     1.9797 7.7454e+02    -0.0117     0.0000      98.76    97.2068     0.0712       7456    4.33466    0.00000    35.7148    35.7146         79 0.0000e+00
    118.000    117.036    13.4471    13.4483  42.198925  42.199776    4.30141     1.9666 1.0942e+03    -0.0022     0.0000      98.76    97.2427     0.0721       7545    4.30121    0.00000    35.7066    35.7064        101 0.0000e+00
    120.000    119.019    13.4173    13.4182  42.167003  42.166711    4.27236     1.9556 8.2487e+02    -0.0137     0.0000      98.76    97.2530     0.0716       7650    4.27210    0.00000    35.7035    35.7024        108 0.0000e+00
    122.000    121.002    13.4046    13.4054  42.156931  42.157182    4.24976     1.9473 1.2870e+03    -0.0094     0.0000      98.76    97.2544     0.0735       7746    4.24952    0.00000    35.7050    35.7044         88 0.0000e+00
    124.000    122.985    13.3549    13.3555  42.100147  42.101859    4.22811     1.9382 1.0908e+03    -0.0090     0.0000      98.76    97.2604     0.0711       7834    4.22790    0.00000    35.6969    35.6979         86 0.0000e+00
    126.000    124.968    13.2992    13.2999  42.037395  42.036692    4.17685     1.9191 9.9453e+02    -0.0097     0.0000      98.76    97.2662     0.0719       7932    4.17663    0.00000    35.6887    35.6874        105 0.0000e+00
    128.000    126.951    13.2947    13.2953  42.035753  42.035583    4.14401     1.9076 1.2267e+03    -0.0080     0.0000      98.76    97.2654     0.0719       8030    4.14373    0.00000    35.6905    35.6898         85 0.0000e+00
    130.000    128.934    13.3043    13.3054  42.059139  42.059056    4.14454     1.9079 9.7930e+02    -0.0119     0.0000      98.76    97.2565     0.0707       8111    4.14428    0.00000    35.7028    35.7017         95 0.0000e+00
    132.000    130.917    13.2410    13.2403  41.990364  41.989683    4.17121     1.9146 1.0892e+03    -0.0089     0.0000      98.76    97.2738     0.0745       8220    4.17098    0.00000    35.6961    35.6961        101 0.0000e+00
    134.000    132.900    13.2032    13.2039  41.953101  41.953202    4.17188     1.9134 1.1387e+03    -0.0054     0.0000      98.76    97.2738     0.0718       8300    4.17164    0.00000    35.6953    35.6947         87 0.0000e+00
    136.000    134.882    13.1875    13.1881  41.938319  41.938066    4.19295     1.9196 1.1308e+03    -0.0037     0.0000      98.76    97.2893     0.0717       8399    4.19273    0.00000    35.6951    35.6943         93 0.0000e+00
