Ship_data/Irminger/Irminger-2/ctd/process/OOI/dat30_008.cnv
* Sea-Bird SBE 9 Data File:
* FileName = C:\data\ctd\at30_008.hex
* Software Version Seasave V 7.21f
* Temperature SN = 2265
* Conductivity SN = 3021
* Number of Bytes Per Scan = 40
* Number of Voltage Words = 5
* Number of Scans Averaged by the Deck Unit = 1
* NMEA Latitude = 59 43.12 N
* NMEA Longitude = 039 21.38 W
* NMEA UTC (Time) = Aug 19 2015  12:16:11
** Confirmation of seafloor depth at FLMB -2  site
# nquan = 21
# nvalues = 1426                        
# units = specified
# name 0 = prDM: Pressure, Digiquartz [db]
# name 1 = depSM: Depth [salt water, m]
# name 2 = t090C: Temperature [ITS-90, deg C]
# name 3 = t190C: Temperature, 2 [ITS-90, deg C]
# name 4 = c0mS/cm: Conductivity [mS/cm]
# name 5 = c1mS/cm: Conductivity, 2 [mS/cm]
# name 6 = sbeox0ML/L: Oxygen, SBE 43 [ml/l]
# name 7 = sbeox0V: Oxygen raw, SBE 43 [V]
# name 8 = spar: SPAR/Surface Irradiance
# name 9 = flECO-AFL: Fluorescence, WET Labs ECO-AFL/FL [mg/m^3]
# name 10 = v2: Voltage 2
# name 11 = altM: Altimeter [m]
# name 12 = CStarTr0: Beam Transmission, WET Labs C-Star [%]
# name 13 = turbWETntu0: Turbidity, WET Labs ECO [NTU]
# name 14 = scan: Scan Count
# name 15 = sbeox0ML/L: Oxygen, SBE 43 [ml/l], WS = 2
# name 16 = sbeox0dOV/dT: Oxygen, SBE 43 [dov/dt], WS = 2
# name 17 = sal00: Salinity, Practical [PSU]
# name 18 = sal11: Salinity, Practical, 2 [PSU]
# name 19 = nbin: number of scans per bin
# name 20 = flag: flag
# span 0 =      2.000,   2852.000       
# span 1 =      1.981,   2806.161       
# span 2 =     1.5231,     8.3781       
# span 3 =     1.5236,     8.3791       
# span 4 =  31.479872,  36.423672       
# span 5 =  31.480015,  36.424631       
# span 6 =    5.99431,    6.92749       
# span 7 =     1.6692,     2.5214       
# span 8 = 2.9654e+02, 4.3121e+02       
# span 9 =    -0.0343,     1.6518       
# span 10 =     0.0000,     0.0000      
# span 11 =       9.23,      99.05      
# span 12 =    93.1036,    97.5592      
# span 13 =     0.0717,     0.1400      
# span 14 =        500,      80237      
# span 15 =    5.99424,    6.92822      
# span 16 =    0.00000,    0.00000      
# span 17 =    34.8451,    34.9412      
# span 18 =    34.8452,    34.9422      
# span 19 =         31,        139      
# span 20 = 0.0000e+00, 0.0000e+00      
# interval = decibars: 2                
# start_time = Aug 19 2015 12:16:11 [NMEA time, header]
# bad_flag = -9.990e-29
*END*
[from data line 1035]
   2072.000   2042.400     3.1203     3.1207  32.606709  32.606648    6.04306     1.7478 3.4079e+02    -0.0224     0.0000      98.78    97.5401     0.0755      56661    6.04289    0.00000    34.9318    34.9314         44 0.0000e+00
   2074.000   2044.362     3.1188     3.1194  32.606176  32.606863    6.04299     1.7474 3.4034e+02    -0.0221     0.0000      98.78    97.5483     0.0755      56702    6.04281    0.00000    34.9319    34.9320         40 0.0000e+00
   2076.000   2046.324     3.1137     3.1142  32.601932  32.602333    6.04536     1.7473 3.4092e+02    -0.0228     0.0000      98.78    97.5493     0.0755      56744    6.04480    0.00000    34.9313    34.9312         47 0.0000e+00
   2078.000   2048.286     3.1131     3.1138  32.602249  32.602678    6.04507     1.7470 3.4161e+02    -0.0222     0.0000      98.78    97.5493     0.0755      56795    6.04514    0.00000    34.9313    34.9311         52 0.0000e+00
   2080.000   2050.247     3.1115     3.1124  32.601532  32.602228    6.04393     1.7464 3.4113e+02    -0.0220     0.0000      98.78    97.5493     0.0755      56845    6.04378    0.00000    34.9312    34.9310         50 0.0000e+00
   2082.000   2052.209     3.1099     3.1104  32.600852  32.601275    6.04414     1.7461 3.4242e+02    -0.0230     0.0000      98.78    97.5493     0.0755      56897    6.04404    0.00000    34.9312    34.9310         52 0.0000e+00
   2084.000   2054.171     3.1070     3.1075  32.599190  32.599580    6.04667     1.7462 3.4227e+02    -0.0228     0.0000      98.78    97.5493     0.0755      56944    6.04675    0.00000    34.9313    34.9311         42 0.0000e+00
   2086.000   2056.133     3.1046     3.1051  32.597804  32.598230    6.04798     1.7461 3.4175e+02    -0.0223     0.0000      98.78    97.5493     0.0755      56984    6.04841    0.00000    34.9312    34.9311         40 0.0000e+00
   2088.000   2058.095     3.1025     3.1030  32.596776  32.597071    6.04756     1.7456 3.4220e+02    -0.0223     0.0000      98.78    97.5540     0.0755      57029    6.04748    0.00000    34.9312    34.9310         51 0.0000e+00
   2090.000   2060.056     3.1008     3.1014  32.596204  32.596492    6.04701     1.7451 3.4203e+02    -0.0225     0.0000      98.78    97.5592     0.0755      57081    6.04701    0.00000    34.9313    34.9311         47 0.0000e+00
   2092.000   2062.018     3.1000     3.1006  32.596184  32.596580    6.04839     1.7450 3.4198e+02    -0.0225     0.0000      98.78    97.5561     0.0755      57122    6.04833    0.00000    34.9313    34.9311         39 0.0000e+00
   2094.000   2063.980     3.0990     3.0996  32.596039  32.596418    6.04713     1.7444 3.4279e+02    -0.0230     0.0000      98.78    97.5520     0.0755      57170    6.04707    0.00000    34.9312    34.9310         62 0.0000e+00
   2096.000   2065.941     3.0964     3.0969  32.594578  32.594951    6.04401     1.7433 3.4293e+02    -0.0226     0.0000      98.78    97.5493     0.0755      57231    6.04387    0.00000    34.9313    34.9311         48 0.0000e+00
   2098.000   2067.903     3.0949     3.0955  32.594124  32.594535    6.04566     1.7433 3.4280e+02    -0.0232     0.0000      98.78    97.5493     0.0755      57271    6.04561    0.00000    34.9313    34.9311         40 0.0000e+00
   2100.000   2069.864     3.0921     3.0927  32.592244  32.592693    6.04458     1.7427 3.4250e+02    -0.0225     0.0000      98.78    97.5493     0.0755      57316    6.04448    0.00000    34.9311    34.9309         52 0.0000e+00
   2102.000   2071.826     3.0905     3.0912  32.591646  32.592024    6.04405     1.7422 3.4240e+02    -0.0226     0.0000      98.78    97.5493     0.0755      57371    6.04399    0.00000    34.9311    34.9308         51 0.0000e+00
   2104.000   2073.787     3.0887     3.0893  32.590753  32.591213    6.04341     1.7417 3.4291e+02    -0.0232     0.0000      98.78    97.5493     0.0755      57415    6.04332    0.00000    34.9309    34.9308         40 0.0000e+00
   2106.000   2075.749     3.0875     3.0882  32.590565  32.590901    6.04455     1.7416 3.4229e+02    -0.0221     0.0000      98.78    97.5493     0.0755      57454    6.04445    0.00000    34.9310    34.9307         39 0.0000e+00
   2108.000   2077.711     3.0873     3.0879  32.591150  32.591499    6.04503     1.7413 3.4156e+02    -0.0224     0.0000      98.78    97.5493     0.0755      57498    6.04490    0.00000    34.9310    34.9308         52 0.0000e+00
   2110.000   2079.672     3.0862     3.0868  32.590940  32.591270    6.04324     1.7406 3.4308e+02    -0.0223     0.0000      98.78    97.5484     0.0755      57563    6.04308    0.00000    34.9310    34.9307         69 0.0000e+00
   2112.000   2081.634     3.0851     3.0857  32.590866  32.591257    6.04551     1.7407 3.4193e+02    -0.0226     0.0000      98.78    97.5239     0.0755      57615    6.04539    0.00000    34.9311    34.9309         40 0.0000e+00
   2114.000   2083.595     3.0832     3.0837  32.589929  32.590318    6.04648     1.7405 3.4113e+02    -0.0228     0.0000      98.78    97.5485     0.0755      57653    6.04631    0.00000    34.9311    34.9309         39 0.0000e+00
   2116.000   2085.557     3.0822     3.0827  32.589844  32.590148    6.04578     1.7400 3.4092e+02    -0.0231     0.0000      98.78    97.5494     0.0755      57698    6.04555    0.00000    34.9311    34.9308         50 0.0000e+00
   2118.000   2087.518     3.0806     3.0812  32.589342  32.589626    6.04420     1.7393 3.4080e+02    -0.0225     0.0000      98.78    97.5493     0.0755      57747    6.04406    0.00000    34.9312    34.9309         46 0.0000e+00
   2120.000   2089.480     3.0794     3.0799  32.589023  32.589387    6.04480     1.7391 3.4080e+02    -0.0228     0.0000      98.78    97.5502     0.0755      57790    6.04450    0.00000    34.9312    34.9310         42 0.0000e+00
   2122.000   2091.441     3.0788     3.0794  32.589413  32.589755    6.04569     1.7390 3.4110e+02    -0.0223     0.0000      98.78    97.5484     0.0755      57836    6.04563    0.00000    34.9312    34.9310         52 0.0000e+00
   2124.000   2093.402     3.0780     3.0786  32.589537  32.589948    6.04355     1.7381 3.4202e+02    -0.0227     0.0000      98.78    97.5502     0.0755      57893    6.04333    0.00000    34.9313    34.9311         58 0.0000e+00
   2126.000   2095.364     3.0777     3.0783  32.590261  32.590570    6.04330     1.7379 3.4161e+02    -0.0222     0.0000      98.78    97.5493     0.0755      57945    6.04359    0.00000    34.9315    34.9313         44 0.0000e+00
   2128.000   2097.325     3.0765     3.0771  32.589947  32.590363    6.04305     1.7377 3.4071e+02    -0.0221     0.0000      98.78    97.5493     0.0755      57987    6.04429    0.00000    34.9314    34.9313         43 0.0000e+00
   2130.000   2099.287     3.0747     3.0753  32.589038  32.589434    6.04197     1.7367 3.4100e+02    -0.0227     0.0000      98.78    97.5493     0.0755      58032    6.04123    0.00000    34.9314    34.9312         48 0.0000e+00
   2132.000   2101.248     3.0711     3.0714  32.586226  32.586378    6.04373     1.7367 3.4207e+02    -0.0225     0.0000      98.78    97.5493     0.0755      58081    6.04368    0.00000    34.9308    34.9307         49 0.0000e+00
   2134.000   2103.209     3.0695     3.0700  32.585457  32.585676    6.04527     1.7366 3.4173e+02    -0.0227     0.0000      98.78    97.5493     0.0755      58127    6.04521    0.00000    34.9307    34.9304         43 0.0000e+00
   2136.000   2105.171     3.0662     3.0659  32.583079  32.582716    6.04745     1.7366 3.4090e+02    -0.0226     0.0000      98.78    97.5493     0.0755      58173    6.04732    0.00000    34.9304    34.9302         52 0.0000e+00
   2138.000   2107.131     3.0629     3.0638  32.580682  32.581453    6.04985     1.7367 3.4208e+02    -0.0223     0.0000      98.78    97.5370     0.0755      58230    6.04985    0.00000    34.9300    34.9299         55 0.0000e+00
   2140.000   2109.093     3.0619     3.0625  32.580521  32.581018    6.05132     1.7367 3.4207e+02    -0.0223     0.0000      98.78    97.5481     0.0755      58276    6.05158    0.00000    34.9299    34.9298         41 0.0000e+00
   2142.000   2111.054     3.0557     3.0562  32.575221  32.575788    6.04905     1.7356 3.4039e+02    -0.0226     0.0000      98.78    97.5493     0.0755      58317    6.04904    0.00000    34.9292    34.9293         44 0.0000e+00
   2144.000   2113.015     3.0517     3.0521  32.571999  32.572341    6.04954     1.7352 3.4084e+02    -0.0230     0.0000      98.78    97.5493     0.0755      58366    6.04929    0.00000    34.9286    34.9286         51 0.0000e+00
   2146.000   2114.977     3.0504     3.0508  32.571755  32.572057    6.05018     1.7351 3.4181e+02    -0.0224     0.0000      98.78    97.5419     0.0755      58416    6.05013    0.00000    34.9287    34.9287         48 0.0000e+00
   2148.000   2116.938     3.0494     3.0499  32.571759  32.572139    6.05359     1.7354 3.4176e+02    -0.0222     0.0000      98.78    97.5497     0.0755      58464    6.05354    0.00000    34.9288    34.9288         48 0.0000e+00
   2150.000   2118.899     3.0478     3.0483  32.571137  32.571502    6.05642     1.7356 3.4189e+02    -0.0221     0.0000      98.78    97.5493     0.0755      58509    6.05632    0.00000    34.9289    34.9287         44 0.0000e+00
   2152.000   2120.860     3.0467     3.0472  32.570902  32.571301    6.05682     1.7353 3.4229e+02    -0.0223     0.0000      98.78    97.5493     0.0755      58558    6.05668    0.00000    34.9288    34.9288         56 0.0000e+00
   2154.000   2122.821     3.0457     3.0462  32.570881  32.571295    6.05535     1.7346 3.4263e+02    -0.0222     0.0000      98.78    97.5565     0.0755      58612    6.05523    0.00000    34.9289    34.9288         46 0.0000e+00
   2156.000   2124.783     3.0440     3.0445  32.570205  32.570634    6.05723     1.7346 3.4233e+02    -0.0229     0.0000      98.78    97.5517     0.0755      58654    6.05707    0.00000    34.9289    34.9289         42 0.0000e+00
   2158.000   2126.743     3.0432     3.0438  32.570353  32.570703    6.05823     1.7345 3.4292e+02    -0.0222     0.0000      98.78    97.5527     0.0755      58700    6.05801    0.00000    34.9289    34.9288         49 0.0000e+00
   2160.000   2128.705     3.0422     3.0427  32.570265  32.570647    6.05723     1.7339 3.4328e+02    -0.0227     0.0000      98.78    97.5493     0.0755      58748    6.05705    0.00000    34.9289    34.9289         46 0.0000e+00
   2162.000   2130.666     3.0400     3.0404  32.569079  32.569370    6.05597     1.7333 3.4336e+02    -0.0228     0.0000      98.78    97.5491     0.0755      58793    6.05562    0.00000    34.9289    34.9288         47 0.0000e+00
   2164.000   2132.627     3.0403     3.0408  32.570171  32.570440    6.05675     1.7332 3.4347e+02    -0.0223     0.0000      98.78    97.5551     0.0755      58847    6.05697    0.00000    34.9289    34.9288         60 0.0000e+00
   2166.000   2134.588     3.0396     3.0402  32.570618  32.571052    6.05778     1.7332 3.4345e+02    -0.0226     0.0000      98.78    97.5517     0.0755      58901    6.05837    0.00000    34.9293    34.9292         43 0.0000e+00
   2168.000   2136.549     3.0377     3.0382  32.569820  32.570212    6.05951     1.7330 3.4285e+02    -0.0225     0.0000      98.78    97.5493     0.0755      58940    6.05943    0.00000    34.9294    34.9293         39 0.0000e+00
   2170.000   2138.510     3.0360     3.0365  32.569072  32.569445    6.05713     1.7322 3.4280e+02    -0.0229     0.0000      98.78    97.5493     0.0755      58983    6.05710    0.00000    34.9294    34.9292         50 0.0000e+00
   2172.000   2140.471     3.0353     3.0358  32.569058  32.569389    6.05581     1.7315 3.4288e+02    -0.0220     0.0000      98.78    97.5493     0.0755      59040    6.05567    0.00000    34.9292    34.9290         56 0.0000e+00
   2174.000   2142.431     3.0343     3.0348  32.569062  32.569289    6.05380     1.7308 3.4246e+02    -0.0224     0.0000      98.78    97.5493     0.0755      59086    6.05372    0.00000    34.9292    34.9290         41 0.0000e+00
   2176.000   2144.393     3.0328     3.0334  32.568463  32.568755    6.05550     1.7308 3.4148e+02    -0.0227     0.0000      98.78    97.5493     0.0755      59128    6.05549    0.00000    34.9292    34.9289         46 0.0000e+00
   2178.000   2146.353     3.0315     3.0320  32.568344  32.568620    6.05208     1.7297 3.4203e+02    -0.0226     0.0000      98.78    97.5493     0.0755      59178    6.05188    0.00000    34.9294    34.9293         52 0.0000e+00
   2180.000   2148.314     3.0302     3.0307  32.568063  32.568299    6.05239     1.7294 3.4243e+02    -0.0224     0.0000      98.78    97.5493     0.0755      59229    6.05238    0.00000    34.9295    34.9293         48 0.0000e+00
   2182.000   2150.275     3.0298     3.0304  32.568509  32.568865    6.05065     1.7287 3.4112e+02    -0.0227     0.0000      98.78    97.5493     0.0755      59275    6.05037    0.00000    34.9295    34.9293         44 0.0000e+00
   2184.000   2152.236     3.0295     3.0301  32.569125  32.569459    6.05057     1.7285 3.4139e+02    -0.0228     0.0000      98.78    97.5493     0.0755      59319    6.05089    0.00000    34.9296    34.9294         47 0.0000e+00
   2186.000   2154.197     3.0289     3.0295  32.569398  32.569764    6.05236     1.7285 3.4183e+02    -0.0230     0.0000      98.78    97.5493     0.0755      59370    6.05259    0.00000    34.9297    34.9294         54 0.0000e+00
   2188.000   2156.158     3.0261     3.0268  32.567703  32.568173    6.05503     1.7285 3.4234e+02    -0.0224     0.0000      98.78    97.5493     0.0755      59422    6.05463    0.00000    34.9296    34.9295         47 0.0000e+00
   2190.000   2158.119     3.0225     3.0231  32.565168  32.565485    6.05633     1.7285 3.4243e+02    -0.0221     0.0000      98.78    97.5493     0.0755      59466    6.05681    0.00000    34.9294    34.9292         43 0.0000e+00
   2192.000   2160.079     3.0206     3.0212  32.563966  32.564509    6.05572     1.7279 3.4264e+02    -0.0222     0.0000      98.78    97.5493     0.0755      59512    6.05561    0.00000    34.9291    34.9291         50 0.0000e+00
   2194.000   2162.040     3.0183     3.0189  32.562679  32.563009    6.05589     1.7275 3.4271e+02    -0.0226     0.0000      98.78    97.5493     0.0755      59560    6.05573    0.00000    34.9290    34.9288         43 0.0000e+00
   2196.000   2164.001     3.0162     3.0168  32.561567  32.561921    6.05775     1.7274 3.4280e+02    -0.0225     0.0000      98.78    97.5493     0.0755      59603    6.05711    0.00000    34.9290    34.9287         47 0.0000e+00
   2198.000   2165.962     3.0122     3.0129  32.558589  32.559043    6.05971     1.7274 3.4355e+02    -0.0223     0.0000      98.78    97.5494     0.0755      59662    6.05921    0.00000    34.9287    34.9285         66 0.0000e+00
   2200.000   2167.922     3.0108     3.0114  32.558273  32.558527    6.06159     1.7274 3.4426e+02    -0.0227     0.0000      98.78    97.5560     0.0755      59714    6.06130    0.00000    34.9289    34.9285         39 0.0000e+00
   2202.000   2169.883     3.0085     3.0091  32.556943  32.557335    6.06394     1.7274 3.4364e+02    -0.0237     0.0000      98.78    97.5465     0.0755      59752    6.06328    0.00000    34.9287    34.9286         41 0.0000e+00
   2204.000   2171.844     3.0068     3.0074  32.556186  32.556539    6.06355     1.7271 3.4284e+02    -0.0231     0.0000      98.78    97.5478     0.0755      59799    6.06387    0.00000    34.9287    34.9285         50 0.0000e+00
   2206.000   2173.804     3.0044     3.0051  32.554969  32.555400    6.06190     1.7263 3.4351e+02    -0.0225     0.0000      98.78    97.5493     0.0755      59848    6.06184    0.00000    34.9288    34.9286         48 0.0000e+00
