Ship_data/Irminger/Irminger-2/ctd/process/OOI/dat30_004.cnv
* Sea-Bird SBE 9 Data File:
* FileName = C:\data\ctd\at30_004.hex
* Software Version Seasave V 7.21f
* Temperature SN = 2265
* Conductivity SN = 3021
* Number of Bytes Per Scan = 40
* Number of Voltage Words = 5
* Number of Scans Averaged by the Deck Unit = 1
* NMEA Latitude = 59 57.06 N
* NMEA Longitude = 039 25.14 W
* NMEA UTC (Time) = Aug 14 2015  14:16:48
# nquan = 21
# nvalues = 1366                        
# units = specified
# name 0 = prDM: Pressure, Digiquartz [db]
# name 1 = depSM: Depth [salt water, m]
# name 2 = t090C: Temperature [ITS-90, deg C]
# name 3 = t190C: Temperature, 2 [ITS-90, deg C]
# name 4 = c0mS/cm: Conductivity [mS/cm]
# name 5 = c1mS/cm: Conductivity, 2 [mS/cm]
# name 6 = sbeox0ML/L: Oxygen, SBE 43 [ml/l]
# name 7 = sbeox0V: Oxygen raw, SBE 43 [V]
# name 8 = spar: SPAR/Surface Irradiance
# name 9 = flECO-AFL: Fluorescence, WET Labs ECO-AFL/FL [mg/m^3]
# name 10 = v2: Voltage 2
# name 11 = altM: Altimeter [m]
# name 12 = CStarTr0: Beam Transmission, WET Labs C-Star [%]
# name 13 = turbWETntu0: Turbidity, WET Labs ECO [NTU]
# name 14 = scan: Scan Count
# name 15 = sbeox0ML/L: Oxygen, SBE 43 [ml/l], WS = 2
# name 16 = sbeox0dOV/dT: Oxygen, SBE 43 [dov/dt], WS = 2
# name 17 = sal00: Salinity, Practical [PSU]
# name 18 = sal11: Salinity, Practical, 2 [PSU]
# name 19 = nbin: number of scans per bin
# name 20 = flag: flag
# span 0 =      2.000,   2732.000       
# span 1 =      1.981,   2688.787       
# span 2 =     1.4235,     8.1913       
# span 3 =     1.4242,     8.2112       
# span 4 =  31.342791,  36.248202       
# span 5 =  31.343008,  36.267330       
# span 6 =    6.01862,    7.04061       
# span 7 =     1.6880,     2.5253       
# span 8 = 2.6032e+02, 1.7497e+03       
# span 9 =    -0.0312,     1.5888       
# span 10 =     0.0000,     0.0000      
# span 11 =      10.85,      98.78      
# span 12 =    93.7189,    97.4082      
# span 13 =     0.0763,     0.1317      
# span 14 =       -198,      86377      
# span 15 =    6.01880,    7.04120      
# span 16 =    0.00000,    0.00000      
# span 17 =    34.8472,    34.9315      
# span 18 =    34.8462,    34.9308      
# span 19 =         23,        137      
# span 20 = 0.0000e+00, 0.0000e+00      
# interval = decibars: 2                
# start_time = Aug 14 2015 14:16:48 [NMEA time, header]
# bad_flag = -9.990e-29
*END*
[from data line 414]
    830.000    820.536     3.5607     3.5607  32.432048  32.432084    6.62767     2.1209 3.4178e+02    -0.0228     0.0000      98.78    97.3115     0.0780      35721    6.62743    0.00000    34.8775    34.8776         33 0.0000e+00
    832.000    822.509     3.5589     3.5591  32.430956  32.431361    6.62675     2.1202 3.4180e+02    -0.0226     0.0000      98.78    97.3173     0.0780      35753    6.62655    0.00000    34.8772    34.8774         32 0.0000e+00
    834.000    824.482     3.5585     3.5585  32.431361  32.431502    6.62437     2.1192 3.4292e+02    -0.0232     0.0000      98.78    97.3019     0.0780      35789    6.62423    0.00000    34.8770    34.8771         43 0.0000e+00
    836.000    826.456     3.5577     3.5582  32.431422  32.431933    6.62340     2.1185 3.4414e+02    -0.0233     0.0000      98.78    97.3082     0.0780      35876    6.62334    0.00000    34.8769    34.8769         70 0.0000e+00
    838.000    828.429     3.5577     3.5580  32.432503  32.432680    6.62602     2.1187 3.4476e+02    -0.0236     0.0000      98.78    97.3131     0.0780      35952    6.62580    0.00000    34.8771    34.8770         35 0.0000e+00
    840.000    830.402     3.5572     3.5575  32.432739  32.433261    6.63082     2.1194 3.4150e+02    -0.0230     0.0000      98.78    97.3156     0.0780      35985    6.63065    0.00000    34.8769    34.8772         33 0.0000e+00
    842.000    832.375     3.5508     3.5510  32.427333  32.427693    6.63217     2.1191 3.4165e+02    -0.0234     0.0000      98.78    97.3138     0.0780      36018    6.63203    0.00000    34.8761    34.8764         35 0.0000e+00
    844.000    834.348     3.5507     3.5496  32.427867  32.426915    6.62216     2.1162 3.4477e+02    -0.0225     0.0000      98.78    97.3018     0.0780      36105    6.62205    0.00000    34.8759    34.8759         62 0.0000e+00
    846.000    836.322     3.5444     3.5447  32.422686  32.423179    6.62260     2.1156 3.4167e+02    -0.0223     0.0000      98.78    97.3087     0.0780      36171    6.62250    0.00000    34.8753    34.8756         38 0.0000e+00
    848.000    838.295     3.5434     3.5437  32.422571  32.422785    6.62419     2.1156 3.3979e+02    -0.0235     0.0000      98.78    97.2962     0.0780      36205    6.62406    0.00000    34.8752    34.8751         32 0.0000e+00
    850.000    840.268     3.5427     3.5428  32.422757  32.422780    6.62064     2.1143 3.4159e+02    -0.0229     0.0000      98.78    97.3003     0.0780      36238    6.62061    0.00000    34.8751    34.8751         35 0.0000e+00
    852.000    842.241     3.5421     3.5430  32.422896  32.423784    6.61432     2.1123 3.4317e+02    -0.0228     0.0000      98.78    97.3052     0.0780      36317    6.61413    0.00000    34.8749    34.8750         51 0.0000e+00
    854.000    844.214     3.5400     3.5409  32.421771  32.422810    6.61221     2.1113 3.3903e+02    -0.0221     0.0000      98.78    97.3103     0.0780      36398    6.61193    0.00000    34.8747    34.8750         34 0.0000e+00
    856.000    846.187     3.5384     3.5388  32.421152  32.421492    6.61599     2.1117 3.3897e+02    -0.0223     0.0000      98.78    97.3108     0.0780      36431    6.61574    0.00000    34.8747    34.8747         34 0.0000e+00
    858.000    848.160     3.5385     3.5385  32.422018  32.421994    6.61878     2.1120 3.4092e+02    -0.0235     0.0000      98.78    97.3035     0.0780      36466    6.61868    0.00000    34.8746    34.8745         36 0.0000e+00
    860.000    850.133     3.5372     3.5381  32.421480  32.422443    6.61643     2.1109 3.4235e+02    -0.0231     0.0000      98.78    97.3029     0.0780      36536    6.61635    0.00000    34.8743    34.8744         50 0.0000e+00
    862.000    852.106     3.5368     3.5370  32.422130  32.422472    6.61466     2.1101 3.4037e+02    -0.0225     0.0000      98.78    97.3027     0.0780      36632    6.61470    0.00000    34.8744    34.8746         34 0.0000e+00
    864.000    854.079     3.5352     3.5357  32.421453  32.421878    6.61628     2.1100 3.4055e+02    -0.0221     0.0000      98.78    97.3117     0.0780      36665    6.61622    0.00000    34.8743    34.8743         33 0.0000e+00
    866.000    856.052     3.5353     3.5357  32.422277  32.422667    6.61358     2.1089 3.4063e+02    -0.0238     0.0000      98.78    97.3011     0.0780      36699    6.61328    0.00000    34.8742    34.8741         35 0.0000e+00
    868.000    858.024     3.5348     3.5354  32.422604  32.423153    6.60931     2.1074 3.4159e+02    -0.0229     0.0000      98.78    97.3082     0.0780      36756    6.60909    0.00000    34.8740    34.8740         59 0.0000e+00
    870.000    859.998     3.5322     3.5326  32.420907  32.421493    6.60612     2.1062 3.4253e+02    -0.0226     0.0000      98.78    97.2887     0.0780      36854    6.60595    0.00000    34.8737    34.8739         44 0.0000e+00
    872.000    861.970     3.5300     3.5301  32.419670  32.419941    6.60973     2.1065 3.4127e+02    -0.0238     0.0000      98.78    97.3088     0.0780      36888    6.60952    0.00000    34.8735    34.8738         34 0.0000e+00
    874.000    863.943     3.5286     3.5289  32.419315  32.419532    6.61086     2.1063 3.4024e+02    -0.0227     0.0000      98.78    97.2689     0.0780      36922    6.61062    0.00000    34.8735    34.8734         35 0.0000e+00
    876.000    865.916     3.5281     3.5283  32.419618  32.419771    6.60690     2.1049 3.4043e+02    -0.0227     0.0000      98.78    97.2897     0.0780      36960    6.60676    0.00000    34.8734    34.8734         45 0.0000e+00
    878.000    867.889     3.5274     3.5277  32.419584  32.419945    6.59868     2.1025 3.4217e+02    -0.0225     0.0000      98.78    97.3129     0.0780      37043    6.59853    0.00000    34.8731    34.8731         78 0.0000e+00
    880.000    869.862     3.5269     3.5273  32.420153  32.420561    6.59745     2.1018 3.4128e+02    -0.0231     0.0000      98.78    97.3021     0.0780      37109    6.59739    0.00000    34.8732    34.8733         50 0.0000e+00
    882.000    871.834     3.5264     3.5265  32.420436  32.420691    6.59301     2.1003 3.4052e+02    -0.0227     0.0000      98.78    97.3101     0.0780      37156    6.59275    0.00000    34.8731    34.8732         44 0.0000e+00
    884.000    873.807     3.5232     3.5233  32.418197  32.418374    6.59078     2.0992 3.3932e+02    -0.0225     0.0000      98.78    97.3135     0.0780      37196    6.59059    0.00000    34.8727    34.8728         38 0.0000e+00
    886.000    875.780     3.5204     3.5210  32.416213  32.416863    6.58757     2.0979 3.4095e+02    -0.0227     0.0000      98.78    97.3007     0.0780      37239    6.58745    0.00000    34.8723    34.8725         52 0.0000e+00
    888.000    877.753     3.5185     3.5176  32.415026  32.414241    6.58655     2.0972 3.4075e+02    -0.0234     0.0000      98.78    97.3012     0.0780      37302    6.58645    0.00000    34.8719    34.8719         70 0.0000e+00
    890.000    879.726     3.5174     3.5172  32.414864  32.414591    6.59107     2.0978 3.4074e+02    -0.0228     0.0000      98.78    97.3117     0.0780      37372    6.59086    0.00000    34.8718    34.8717         65 0.0000e+00
    892.000    881.698     3.5127     3.5135  32.411248  32.412036    6.58942     2.0968 3.4013e+02    -0.0231     0.0000      98.78    97.3071     0.0780      37428    6.58926    0.00000    34.8714    34.8715         49 0.0000e+00
    894.000    883.671     3.5101     3.5107  32.409455  32.410016    6.58876     2.0961 3.3917e+02    -0.0224     0.0000      98.78    97.3118     0.0780      37473    6.58861    0.00000    34.8710    34.8710         44 0.0000e+00
    896.000    885.644     3.5055     3.5064  32.405768  32.406757    6.58677     2.0950 3.3912e+02    -0.0228     0.0000      98.78    97.3038     0.0780      37519    6.58670    0.00000    34.8704    34.8707         49 0.0000e+00
    898.000    887.616     3.4985     3.4996  32.399607  32.400783    6.58702     2.0944 3.4042e+02    -0.0225     0.0000      98.78    97.3116     0.0780      37569    6.58698    0.00000    34.8694    34.8697         52 0.0000e+00
    900.000    889.589     3.4982     3.4976  32.400051  32.399374    6.58958     2.0945 3.4117e+02    -0.0223     0.0000      98.78    97.3095     0.0780      37631    6.58913    0.00000    34.8693    34.8691         70 0.0000e+00
    902.000    891.561     3.4966     3.4970  32.399385  32.399687    6.58786     2.0938 3.3827e+02    -0.0227     0.0000      98.78    97.3050     0.0780      37697    6.58831    0.00000    34.8691    34.8691         58 0.0000e+00
    904.000    893.534     3.4907     3.4911  32.394458  32.394906    6.58888     2.0932 3.3746e+02    -0.0226     0.0000      98.78    97.3036     0.0780      37747    6.58868    0.00000    34.8685    34.8686         44 0.0000e+00
    906.000    895.507     3.4882     3.4887  32.392788  32.393241    6.58976     2.0930 3.4042e+02    -0.0225     0.0000      98.78    97.3053     0.0780      37791    6.59021    0.00000    34.8681    34.8681         48 0.0000e+00
    908.000    897.479     3.4862     3.4859  32.391571  32.391212    6.58590     2.0915 3.4123e+02    -0.0227     0.0000      98.78    97.3025     0.0780      37849    6.58587    0.00000    34.8677    34.8676         63 0.0000e+00
    910.000    899.452     3.4813     3.4813  32.387572  32.387609    6.58551     2.0908 3.3771e+02    -0.0228     0.0000      98.78    97.3068     0.0780      37903    6.58553    0.00000    34.8672    34.8671         47 0.0000e+00
    912.000    901.424     3.4797     3.4795  32.386823  32.386588    6.58592     2.0904 3.3896e+02    -0.0224     0.0000      98.78    97.3099     0.0780      37955    6.58580    0.00000    34.8669    34.8668         62 0.0000e+00
    914.000    903.397     3.4785     3.4774  32.386516  32.385300    6.58421     2.0896 3.4091e+02    -0.0233     0.0000      98.78    97.2802     0.0780      38029    6.58431    0.00000    34.8667    34.8664         72 0.0000e+00
    916.000    905.369     3.4768     3.4770  32.385654  32.385923    6.58596     2.0896 3.3940e+02    -0.0235     0.0000      98.78    97.2931     0.0780      38085    6.58658    0.00000    34.8665    34.8666         47 0.0000e+00
    918.000    907.342     3.4753     3.4757  32.385097  32.385660    6.58870     2.0896 3.4087e+02    -0.0227     0.0000      98.78    97.2891     0.0780      38125    6.58864    0.00000    34.8664    34.8667         35 0.0000e+00
    920.000    909.314     3.4714     3.4716  32.382084  32.382386    6.58763     2.0888 3.3948e+02    -0.0232     0.0000      98.78    97.2932     0.0780      38159    6.58761    0.00000    34.8659    34.8661         33 0.0000e+00
    922.000    911.287     3.4706     3.4710  32.382051  32.382614    6.58151     2.0869 3.3976e+02    -0.0232     0.0000      98.78    97.2912     0.0780      38249    6.58133    0.00000    34.8656    34.8659         46 0.0000e+00
    924.000    913.259     3.4694     3.4696  32.381845  32.382020    6.58277     2.0867 3.3946e+02    -0.0230     0.0000      98.78    97.2729     0.0780      38330    6.58263    0.00000    34.8656    34.8657         33 0.0000e+00
    926.000    915.231     3.4687     3.4690  32.382012  32.382259    6.58260     2.0862 3.3886e+02    -0.0230     0.0000      98.78    97.2958     0.0780      38364    6.58236    0.00000    34.8655    34.8655         34 0.0000e+00
    928.000    917.204     3.4673     3.4672  32.381302  32.381387    6.58249     2.0858 3.4015e+02    -0.0224     0.0000      98.78    97.2954     0.0780      38402    6.58241    0.00000    34.8652    34.8653         46 0.0000e+00
    930.000    919.176     3.4660     3.4661  32.380885  32.381008    6.58206     2.0852 3.4185e+02    -0.0231     0.0000      98.78    97.2899     0.0780      38462    6.58186    0.00000    34.8650    34.8651         76 0.0000e+00
    932.000    921.148     3.4623     3.4630  32.378120  32.378788    6.58039     2.0842 3.4264e+02    -0.0231     0.0000      98.78    97.3041     0.0780      38561    6.58030    0.00000    34.8646    34.8646         77 0.0000e+00
    934.000    923.121     3.4616     3.4620  32.378458  32.378740    6.57972     2.0836 3.4086e+02    -0.0231     0.0000      98.78    97.2764     0.0780      38611    6.57944    0.00000    34.8647    34.8646         38 0.0000e+00
    936.000    925.093     3.4606     3.4610  32.378356  32.378673    6.58244     2.0838 3.3738e+02    -0.0232     0.0000      98.78    97.2893     0.0780      38645    6.58224    0.00000    34.8646    34.8646         33 0.0000e+00
    938.000    927.065     3.4600     3.4602  32.378553  32.378783    6.58233     2.0834 3.3776e+02    -0.0228     0.0000      98.78    97.2966     0.0780      38680    6.58227    0.00000    34.8644    34.8645         39 0.0000e+00
    940.000    929.037     3.4596     3.4598  32.378918  32.379218    6.57054     2.0801 3.4211e+02    -0.0232     0.0000      98.78    97.2897     0.0780      38789    6.57021    0.00000    34.8643    34.8644         53 0.0000e+00
    942.000    931.010     3.4560     3.4566  32.376332  32.376875    6.57205     2.0799 3.3759e+02    -0.0223     0.0000      98.78    97.2931     0.0780      38840    6.57179    0.00000    34.8639    34.8640         37 0.0000e+00
    944.000    932.982     3.4541     3.4542  32.375270  32.375204    6.57324     2.0799 3.3921e+02    -0.0229     0.0000      98.78    97.2902     0.0780      38877    6.57385    0.00000    34.8637    34.8635         38 0.0000e+00
    946.000    934.954     3.4523     3.4528  32.374287  32.374782    6.57592     2.0799 3.4131e+02    -0.0226     0.0000      98.78    97.2988     0.0780      38919    6.57590    0.00000    34.8633    34.8634         52 0.0000e+00
    948.000    936.926     3.4526     3.4530  32.375340  32.375644    6.57823     2.0799 3.4309e+02    -0.0234     0.0000      98.78    97.3030     0.0780      38979    6.57767    0.00000    34.8633    34.8632         60 0.0000e+00
    950.000    938.898     3.4532     3.4538  32.376800  32.377263    6.57688     2.0793 3.4318e+02    -0.0230     0.0000      98.78    97.3019     0.0780      39064    6.57664    0.00000    34.8633    34.8633         64 0.0000e+00
    952.000    940.870     3.4511     3.4512  32.375683  32.375939    6.57273     2.0778 3.4176e+02    -0.0229     0.0000      98.78    97.2878     0.0780      39139    6.57253    0.00000    34.8632    34.8634         35 0.0000e+00
    954.000    942.843     3.4491     3.4492  32.374562  32.374704    6.57507     2.0779 3.3955e+02    -0.0221     0.0000      98.78    97.2918     0.0780      39171    6.57484    0.00000    34.8630    34.8630         32 0.0000e+00
    956.000    944.815     3.4481     3.4481  32.374309  32.374400    6.57556     2.0775 3.3996e+02    -0.0232     0.0000      98.78    97.2846     0.0780      39206    6.57533    0.00000    34.8627    34.8628         39 0.0000e+00
    958.000    946.787     3.4466     3.4471  32.373521  32.374001    6.57318     2.0765 3.4434e+02    -0.0230     0.0000      98.78    97.2947     0.0780      39275    6.57296    0.00000    34.8623    34.8624         97 0.0000e+00
    960.000    948.759     3.4460     3.4463  32.373950  32.374060    6.57259     2.0759 3.4130e+02    -0.0228     0.0000      98.78    97.3019     0.0780      39356    6.57236    0.00000    34.8624    34.8623         56 0.0000e+00
    962.000    950.731     3.4471     3.4469  32.376020  32.375783    6.57494     2.0761 3.4032e+02    -0.0227     0.0000      98.78    97.2955     0.0780      39398    6.57465    0.00000    34.8626    34.8626         35 0.0000e+00
    964.000    952.703     3.4472     3.4472  32.376927  32.376921    6.57614     2.0760 3.4068e+02    -0.0234     0.0000      98.78    97.2877     0.0780      39431    6.57584    0.00000    34.8626    34.8626         33 0.0000e+00
