Ship_data/Irminger/Irminger-2/ctd/process/OOI/dat30_003.cnv
* Sea-Bird SBE 9 Data File:
* FileName = C:\data\ctd\at30_003.hex
* Software Version Seasave V 7.21f
* Temperature SN = 2265
* Conductivity SN = 3021
* Number of Bytes Per Scan = 40
* Number of Voltage Words = 5
* Number of Scans Averaged by the Deck Unit = 1
* NMEA Latitude = 42 31.25 N
* NMEA Longitude = 062 34.71 W
* NMEA UTC (Time) = Aug 07 2015  17:47:11
# nquan = 21
# nvalues = 760                         
# units = specified
# name 0 = prDM: Pressure, Digiquartz [db]
# name 1 = depSM: Depth [salt water, m]
# name 2 = t090C: Temperature [ITS-90, deg C]
# name 3 = t190C: Temperature, 2 [ITS-90, deg C]
# name 4 = c0mS/cm: Conductivity [mS/cm]
# name 5 = c1mS/cm: Conductivity, 2 [mS/cm]
# name 6 = sbeox0ML/L: Oxygen, SBE 43 [ml/l]
# name 7 = sbeox0V: Oxygen raw, SBE 43 [V]
# name 8 = spar: SPAR/Surface Irradiance
# name 9 = flECO-AFL: Fluorescence, WET Labs ECO-AFL/FL [mg/m^3]
# name 10 = v2: Voltage 2
# name 11 = altM: Altimeter [m]
# name 12 = CStarTr0: Beam Transmission, WET Labs C-Star [%]
# name 13 = turbWETntu0: Turbidity, WET Labs ECO [NTU]
# name 14 = scan: Scan Count
# name 15 = sbeox0ML/L: Oxygen, SBE 43 [ml/l], WS = 2
# name 16 = sbeox0dOV/dT: Oxygen, SBE 43 [dov/dt], WS = 2
# name 17 = sal00: Salinity, Practical [PSU]
# name 18 = sal11: Salinity, Practical, 2 [PSU]
# name 19 = nbin: number of scans per bin
# name 20 = flag: flag
# span 0 =      2.000,   1520.000       
# span 1 =      1.984,   1502.527       
# span 2 =     3.9365,    21.4383       
# span 3 =     3.9372,    21.4389       
# span 4 =  33.125967,  46.782191       
# span 5 =  33.126131,  46.822564       
# span 6 =    3.10720,    6.62129       
# span 7 =     1.4520,     2.8837       
# span 8 = 4.7004e+02, 1.9601e+03       
# span 9 =    -0.0210,     2.1884       
# span 10 =     0.0000,     0.0000      
# span 11 =      87.20,      98.82      
# span 12 =    91.6450,    97.7185      
# span 13 =     0.0680,     0.1636      
# span 14 =        531,      96450      
# span 15 =    3.10723,    6.62227      
# span 16 =    0.00000,    0.00000      
# span 17 =    31.8510,    35.7286      
# span 18 =    31.8505,    35.7276      
# span 19 =         27,        132      
# span 20 = 0.0000e+00, 0.0000e+00      
# interval = decibars: 2                
# start_time = Aug 07 2015 17:47:11 [NMEA time, header]
# bad_flag = -9.990e-29
*END*
[from data line 621]
   1244.000   1230.504     4.1839     4.1845  33.238108  33.238218    5.76614     1.8641 4.8582e+02    -0.0199     0.0000      98.78    97.7127     0.0707      58579    5.76593    0.00000    34.9616    34.9611         44 0.0000e+00
   1246.000   1232.477     4.1837     4.1840  33.238747  33.238728    5.76580     1.8636 5.9070e+02    -0.0195     0.0000      98.78    97.7106     0.0707      58626    5.76540    0.00000    34.9615    34.9611         53 0.0000e+00
   1248.000   1234.449     4.1831     4.1836  33.238905  33.239039    5.76687     1.8636 7.6409e+02    -0.0193     0.0000      98.78    97.7116     0.0707      58679    5.76681    0.00000    34.9614    34.9610         49 0.0000e+00
   1250.000   1236.422     4.1809     4.1814  33.237855  33.237962    5.76582     1.8629 5.3789e+02    -0.0193     0.0000      98.78    97.7066     0.0707      58727    5.76562    0.00000    34.9614    34.9610         51 0.0000e+00
   1252.000   1238.394     4.1774     4.1778  33.235417  33.235383    5.76744     1.8628 5.8581e+02    -0.0196     0.0000      98.78    97.7082     0.0707      58782    5.76721    0.00000    34.9612    34.9608         54 0.0000e+00
   1254.000   1240.366     4.1738     4.1735  33.232987  33.232432    5.76938     1.8627 5.5665e+02    -0.0189     0.0000      98.78    97.7109     0.0707      58829    5.76920    0.00000    34.9612    34.9608         42 0.0000e+00
   1256.000   1242.339     4.1709     4.1711  33.231140  33.230920    5.77004     1.8624 7.9630e+02    -0.0188     0.0000      98.78    97.7109     0.0707      58871    5.76982    0.00000    34.9611    34.9606         46 0.0000e+00
   1258.000   1244.311     4.1701     4.1705  33.231252  33.231245    5.76910     1.8618 8.2695e+02    -0.0189     0.0000      98.78    97.7098     0.0707      58922    5.76884    0.00000    34.9610    34.9606         52 0.0000e+00
   1260.000   1246.283     4.1681     4.1687  33.230429  33.230550    5.77130     1.8619 5.5530e+02    -0.0188     0.0000      98.78    97.6943     0.0707      58971    5.77116    0.00000    34.9611    34.9607         48 0.0000e+00
   1262.000   1248.256     4.1648     4.1654  33.228238  33.228432    5.77221     1.8617 6.4890e+02    -0.0195     0.0000      98.78    97.7065     0.0707      59021    5.77205    0.00000    34.9610    34.9607         52 0.0000e+00
   1264.000   1250.228     4.1633     4.1639  33.227633  33.227880    5.77133     1.8610 8.0702e+02    -0.0181     0.0000      98.78    97.7062     0.0707      59072    5.77104    0.00000    34.9610    34.9606         50 0.0000e+00
   1266.000   1252.200     4.1603     4.1608  33.225735  33.225805    5.76944     1.8602 6.6356e+02    -0.0193     0.0000      98.78    97.7062     0.0707      59123    5.76920    0.00000    34.9609    34.9604         50 0.0000e+00
   1268.000   1254.173     4.1601     4.1605  33.226467  33.226403    5.77086     1.8601 5.7683e+02    -0.0198     0.0000      98.78    97.7062     0.0707      59168    5.77065    0.00000    34.9609    34.9605         39 0.0000e+00
   1270.000   1256.145     4.1590     4.1595  33.226347  33.226334    5.77321     1.8603 6.7027e+02    -0.0195     0.0000      98.78    97.7046     0.0707      59209    5.77297    0.00000    34.9609    34.9605         49 0.0000e+00
   1272.000   1258.117     4.1575     4.1580  33.225817  33.225840    5.76801     1.8587 6.4895e+02    -0.0201     0.0000      98.78    97.7152     0.0707      59270    5.76780    0.00000    34.9609    34.9605         64 0.0000e+00
   1274.000   1260.089     4.1567     4.1571  33.225927  33.225917    5.76900     1.8585 4.8326e+02    -0.0203     0.0000      98.78    97.7030     0.0707      59320    5.76878    0.00000    34.9610    34.9605         41 0.0000e+00
   1276.000   1262.061     4.1514     4.1518  33.221899  33.222195    5.76830     1.8578 6.1144e+02    -0.0196     0.0000      98.78    97.7062     0.0707      59361    5.76811    0.00000    34.9608    34.9607         41 0.0000e+00
   1278.000   1264.033     4.1476     4.1482  33.219331  33.219433    5.76966     1.8576 5.0037e+02    -0.0197     0.0000      98.78    97.7062     0.0707      59409    5.76916    0.00000    34.9607    34.9603         60 0.0000e+00
   1280.000   1266.006     4.1471     4.1476  33.219655  33.219705    5.77121     1.8576 6.6469e+02    -0.0197     0.0000      98.78    97.7062     0.0707      59470    5.77080    0.00000    34.9607    34.9602         50 0.0000e+00
   1282.000   1267.978     4.1462     4.1466  33.219774  33.219788    5.77268     1.8576 4.8840e+02    -0.0202     0.0000      98.78    97.7062     0.0707      59511    5.77239    0.00000    34.9608    34.9603         39 0.0000e+00
   1284.000   1269.950     4.1454     4.1459  33.219879  33.219916    5.77245     1.8572 7.3770e+02    -0.0189     0.0000      98.78    97.7062     0.0707      59555    5.77217    0.00000    34.9607    34.9602         53 0.0000e+00
   1286.000   1271.922     4.1455     4.1459  33.220704  33.220798    5.77073     1.8564 7.5650e+02    -0.0201     0.0000      98.78    97.7085     0.0707      59613    5.77048    0.00000    34.9606    34.9603         55 0.0000e+00
   1288.000   1273.894     4.1443     4.1449  33.220512  33.220681    5.77228     1.8564 5.6778e+02    -0.0196     0.0000      98.78    97.7148     0.0707      59660    5.77198    0.00000    34.9606    34.9603         42 0.0000e+00
   1290.000   1275.866     4.1409     4.1415  33.218301  33.218519    5.77267     1.8560 6.8163e+02    -0.0197     0.0000      98.78    97.7084     0.0707      59704    5.77246    0.00000    34.9606    34.9603         47 0.0000e+00
   1292.000   1277.838     4.1350     4.1355  33.213784  33.213847    5.77166     1.8552 8.2741e+02    -0.0192     0.0000      98.78    97.7062     0.0707      59754    5.77143    0.00000    34.9605    34.9601         55 0.0000e+00
   1294.000   1279.810     4.1331     4.1335  33.212858  33.212863    5.76966     1.8544 7.5077e+02    -0.0196     0.0000      98.78    97.7062     0.0707      59808    5.76946    0.00000    34.9605    34.9600         49 0.0000e+00
   1296.000   1281.782     4.1324     4.1329  33.213150  33.213127    5.76943     1.8539 4.9428e+02    -0.0203     0.0000      98.78    97.7062     0.0707      59852    5.76924    0.00000    34.9606    34.9600         43 0.0000e+00
   1298.000   1283.754     4.1317     4.1322  33.213309  33.213302    5.77004     1.8537 5.0648e+02    -0.0200     0.0000      98.78    97.7062     0.0707      59901    5.76985    0.00000    34.9605    34.9600         54 0.0000e+00
   1300.000   1285.726     4.1292     4.1296  33.211853  33.211914    5.77213     1.8538 8.8073e+02    -0.0190     0.0000      98.78    97.7062     0.0707      59953    5.77190    0.00000    34.9604    34.9601         47 0.0000e+00
   1302.000   1287.698     4.1275     4.1280  33.211172  33.211209    5.77312     1.8536 7.5854e+02    -0.0198     0.0000      98.78    97.7062     0.0707      59999    5.77283    0.00000    34.9604    34.9599         49 0.0000e+00
   1304.000   1289.670     4.1265     4.1270  33.211154  33.211132    5.77338     1.8533 7.0049e+02    -0.0203     0.0000      98.78    97.7062     0.0707      60051    5.77324    0.00000    34.9604    34.9599         51 0.0000e+00
   1306.000   1291.642     4.1241     4.1246  33.209780  33.209880    5.77384     1.8529 4.8737e+02    -0.0200     0.0000      98.78    97.7062     0.0707      60098    5.77358    0.00000    34.9604    34.9599         44 0.0000e+00
   1308.000   1293.613     4.1218     4.1224  33.208475  33.208656    5.77516     1.8528 5.2573e+02    -0.0196     0.0000      98.78    97.7062     0.0707      60144    5.77494    0.00000    34.9603    34.9599         49 0.0000e+00
   1310.000   1295.585     4.1191     4.1196  33.206820  33.206870    5.77607     1.8526 6.5272e+02    -0.0201     0.0000      98.78    97.7095     0.0707      60195    5.77610    0.00000    34.9602    34.9597         54 0.0000e+00
   1312.000   1297.557     4.1172     4.1176  33.205963  33.205956    5.77467     1.8518 4.9595e+02    -0.0198     0.0000      98.78    97.7056     0.0707      60251    5.77443    0.00000    34.9602    34.9597         54 0.0000e+00
   1314.000   1299.529     4.1161     4.1166  33.205822  33.205853    5.77545     1.8516 4.9100e+02    -0.0196     0.0000      98.78    97.7027     0.0707      60297    5.77513    0.00000    34.9602    34.9596         41 0.0000e+00
   1316.000   1301.501     4.1150     4.1155  33.205729  33.205693    5.77643     1.8515 4.8706e+02    -0.0203     0.0000      98.78    97.7061     0.0707      60337    5.77635    0.00000    34.9602    34.9596         42 0.0000e+00
   1318.000   1303.473     4.1137     4.1142  33.205316  33.205356    5.77402     1.8505 6.2986e+02    -0.0200     0.0000      98.78    97.7074     0.0707      60389    5.77384    0.00000    34.9601    34.9596         61 0.0000e+00
   1320.000   1305.444     4.1120     4.1125  33.204629  33.204606    5.77582     1.8504 5.9207e+02    -0.0207     0.0000      98.78    97.7136     0.0707      60448    5.77504    0.00000    34.9601    34.9595         50 0.0000e+00
   1322.000   1307.416     4.1096     4.1102  33.203290  33.203421    5.77772     1.8505 4.9366e+02    -0.0210     0.0000      98.78    97.7092     0.0707      60491    5.77732    0.00000    34.9601    34.9596         40 0.0000e+00
   1324.000   1309.388     4.1071     4.1076  33.201737  33.201853    5.77897     1.8504 4.9557e+02    -0.0197     0.0000      98.78    97.7063     0.0707      60533    5.77893    0.00000    34.9599    34.9595         49 0.0000e+00
   1326.000   1311.360     4.1046     4.1051  33.200304  33.200336    5.77767     1.8496 4.9057e+02    -0.0194     0.0000      98.78    97.7061     0.0707      60593    5.77711    0.00000    34.9598    34.9593         62 0.0000e+00
   1328.000   1313.331     4.1032     4.1037  33.199805  33.199830    5.77774     1.8493 5.1389e+02    -0.0194     0.0000      98.78    97.7096     0.0707      60641    5.77761    0.00000    34.9598    34.9593         39 0.0000e+00
   1330.000   1315.303     4.1016     4.1019  33.199178  33.199149    5.77967     1.8493 8.4124e+02    -0.0197     0.0000      98.78    97.6991     0.0707      60680    5.77951    0.00000    34.9597    34.9593         41 0.0000e+00
   1332.000   1317.275     4.0988     4.0993  33.197422  33.197555    5.77931     1.8488 7.7166e+02    -0.0195     0.0000      98.78    97.7060     0.0707      60732    5.77915    0.00000    34.9596    34.9592         61 0.0000e+00
   1334.000   1319.246     4.0957     4.0962  33.195505  33.195557    5.77863     1.8482 5.0500e+02    -0.0183     0.0000      98.78    97.7062     0.0707      60787    5.77864    0.00000    34.9596    34.9591         47 0.0000e+00
   1336.000   1321.218     4.0931     4.0936  33.193839  33.193994    5.77948     1.8480 5.0227e+02    -0.0196     0.0000      98.78    97.7062     0.0707      60832    5.77944    0.00000    34.9594    34.9591         46 0.0000e+00
   1338.000   1323.189     4.0917     4.0920  33.193488  33.193272    5.77838     1.8473 7.6898e+02    -0.0198     0.0000      98.78    97.7062     0.0707      60880    5.77807    0.00000    34.9594    34.9589         50 0.0000e+00
   1340.000   1325.161     4.0902     4.0909  33.192832  33.193022    5.77853     1.8469 6.7561e+02    -0.0194     0.0000      98.78    97.7062     0.0707      60932    5.77823    0.00000    34.9593    34.9588         53 0.0000e+00
   1342.000   1327.133     4.0865     4.0870  33.190338  33.190430    5.78093     1.8469 7.5716e+02    -0.0182     0.0000      98.78    97.7062     0.0707      60983    5.78031    0.00000    34.9593    34.9588         48 0.0000e+00
   1344.000   1329.104     4.0849     4.0855  33.189868  33.189875    5.78283     1.8469 8.8685e+02    -0.0199     0.0000      98.78    97.7062     0.0707      61026    5.78213    0.00000    34.9594    34.9588         40 0.0000e+00
   1346.000   1331.076     4.0841     4.0847  33.189833  33.190013    5.78347     1.8469 9.4529e+02    -0.0190     0.0000      98.78    97.7062     0.0707      61070    5.78365    0.00000    34.9592    34.9588         51 0.0000e+00
   1348.000   1333.047     4.0828     4.0833  33.189492  33.189508    5.77775     1.8451 5.1297e+02    -0.0194     0.0000      98.78    97.7062     0.0707      61131    5.77755    0.00000    34.9591    34.9587         62 0.0000e+00
   1350.000   1335.019     4.0813     4.0818  33.189089  33.189125    5.77725     1.8446 5.8975e+02    -0.0199     0.0000      98.78    97.7062     0.0707      61180    5.77695    0.00000    34.9593    34.9588         41 0.0000e+00
   1352.000   1336.990     4.0781     4.0786  33.186914  33.187085    5.78095     1.8450 8.9069e+02    -0.0204     0.0000      98.78    97.7062     0.0707      61222    5.78085    0.00000    34.9591    34.9588         44 0.0000e+00
   1354.000   1338.961     4.0748     4.0754  33.184861  33.184968    5.78158     1.8447 7.7143e+02    -0.0197     0.0000      98.78    97.7062     0.0707      61270    5.78156    0.00000    34.9591    34.9587         50 0.0000e+00
   1356.000   1340.933     4.0741     4.0746  33.185023  33.185002    5.78230     1.8445 5.0647e+02    -0.0202     0.0000      98.78    97.7022     0.0707      61320    5.78224    0.00000    34.9591    34.9585         51 0.0000e+00
   1358.000   1342.904     4.0741     4.0746  33.185888  33.185875    5.78272     1.8445 7.3057e+02    -0.0185     0.0000      98.78    97.7044     0.0707      61372    5.78377    0.00000    34.9592    34.9586         53 0.0000e+00
   1360.000   1344.876     4.0741     4.0746  33.186696  33.186716    5.78280     1.8439 8.2991e+02    -0.0197     0.0000      98.78    97.7051     0.0707      61423    5.78273    0.00000    34.9591    34.9586         48 0.0000e+00
   1362.000   1346.847     4.0737     4.0743  33.187170  33.187316    5.78221     1.8434 8.3393e+02    -0.0191     0.0000      98.78    97.7062     0.0707      61469    5.78215    0.00000    34.9591    34.9586         45 0.0000e+00
   1364.000   1348.819     4.0731     4.0736  33.187473  33.187462    5.78290     1.8432 5.9020e+02    -0.0196     0.0000      98.78    97.7062     0.0707      61516    5.78282    0.00000    34.9591    34.9586         48 0.0000e+00
   1366.000   1350.790     4.0711     4.0718  33.186494  33.186797    5.78466     1.8432 8.5551e+02    -0.0201     0.0000      98.78    97.7062     0.0707      61564    5.78454    0.00000    34.9591    34.9587         48 0.0000e+00
   1368.000   1352.761     4.0658     4.0663  33.182391  33.182640    5.78340     1.8421 7.5404e+02    -0.0196     0.0000      98.78    97.7062     0.0707      61613    5.78237    0.00000    34.9589    34.9585         52 0.0000e+00
   1370.000   1354.732     4.0633     4.0638  33.181053  33.181062    5.78346     1.8421 6.5341e+02    -0.0201     0.0000      98.78    97.7062     0.0707      61668    5.78398    0.00000    34.9588    34.9583         56 0.0000e+00
   1372.000   1356.704     4.0619     4.0625  33.180599  33.180633    5.78145     1.8411 6.6937e+02    -0.0197     0.0000      98.78    97.7062     0.0707      61718    5.78148    0.00000    34.9588    34.9582         44 0.0000e+00
   1374.000   1358.675     4.0613     4.0618  33.180886  33.180811    5.78021     1.8404 5.6010e+02    -0.0199     0.0000      98.78    97.7062     0.0707      61760    5.78005    0.00000    34.9588    34.9583         41 0.0000e+00
   1376.000   1360.646     4.0597     4.0605  33.180140  33.180486    5.78150     1.8403 8.0325e+02    -0.0193     0.0000      98.78    97.7044     0.0707      61806    5.78140    0.00000    34.9587    34.9582         54 0.0000e+00
   1378.000   1362.617     4.0584     4.0591  33.179869  33.179990    5.78236     1.8401 5.5500e+02    -0.0198     0.0000      98.78    97.6985     0.0707      61862    5.78231    0.00000    34.9587    34.9581         53 0.0000e+00
