Ship_data/Irminger/Irminger-2/ctd/process/OOI/dat30_009.cnv
* Sea-Bird SBE 9 Data File:
* FileName = C:\data\ctd\at30_009.hex
* Software Version Seasave V 7.21f
* Temperature SN = 2265
* Conductivity SN = 3021
* Number of Bytes Per Scan = 40
* Number of Voltage Words = 5
* Number of Scans Averaged by the Deck Unit = 1
* NMEA Latitude = 59 42.40 N
* NMEA Longitude = 039 19.92 W
* NMEA UTC (Time) = Aug 19 2015  15:06:00
** FLMB 1 for cal
# nquan = 21
# nvalues = 1427                        
# units = specified
# name 0 = prDM: Pressure, Digiquartz [db]
# name 1 = depSM: Depth [salt water, m]
# name 2 = t090C: Temperature [ITS-90, deg C]
# name 3 = t190C: Temperature, 2 [ITS-90, deg C]
# name 4 = c0mS/cm: Conductivity [mS/cm]
# name 5 = c1mS/cm: Conductivity, 2 [mS/cm]
# name 6 = sbeox0ML/L: Oxygen, SBE 43 [ml/l]
# name 7 = sbeox0V: Oxygen raw, SBE 43 [V]
# name 8 = spar: SPAR/Surface Irradiance
# name 9 = flECO-AFL: Fluorescence, WET Labs ECO-AFL/FL [mg/m^3]
# name 10 = v2: Voltage 2
# name 11 = altM: Altimeter [m]
# name 12 = CStarTr0: Beam Transmission, WET Labs C-Star [%]
# name 13 = turbWETntu0: Turbidity, WET Labs ECO [NTU]
# name 14 = scan: Scan Count
# name 15 = sbeox0ML/L: Oxygen, SBE 43 [ml/l], WS = 2
# name 16 = sbeox0dOV/dT: Oxygen, SBE 43 [dov/dt], WS = 2
# name 17 = sal00: Salinity, Practical [PSU]
# name 18 = sal11: Salinity, Practical, 2 [PSU]
# name 19 = nbin: number of scans per bin
# name 20 = flag: flag
# span 0 =      4.000,   2856.000       
# span 1 =      3.962,   2810.074       
# span 2 =     1.5359,     8.3321       
# span 3 =     1.5350,     8.3325       
# span 4 =  31.493138,  36.380495       
# span 5 =  31.490707,  36.380703       
# span 6 =    5.98807,    6.97636       
# span 7 =     1.6676,     2.5187       
# span 8 = 3.2851e+02, 4.1920e+02       
# span 9 =    -0.0318,     2.1160       
# span 10 =     0.0000,     0.0000      
# span 11 =      14.92,     104.74      
# span 12 =    92.8676,    97.5932      
# span 13 =     0.0730,     0.1351      
# span 14 =        789,      79855      
# span 15 =    5.98803,    6.97729      
# span 16 =    0.00000,    0.00000      
# span 17 =    34.8433,    34.9400      
# span 18 =    34.8429,    34.9406      
# span 19 =         21,        132      
# span 20 = 0.0000e+00, 0.0000e+00      
# interval = decibars: 2                
# start_time = Aug 19 2015 15:06:00 [NMEA time, header]
# bad_flag = -9.990e-29
*END*
[from data line 69]
    142.000    140.616     4.1551     4.1546  32.682774  32.683000    6.51139     2.2681 3.9024e+02    -0.0133     0.0000      98.78    97.3288     0.0827       9799    6.51123    0.00000    34.9104    34.9112        102 0.0000e+00
    144.000    142.596     4.1530     4.1529  32.682961  32.683539    6.49807     2.2639 3.8937e+02    -0.0188     0.0000      98.78    97.3391     0.0816       9904    6.49779    0.00000    34.9117    34.9126         93 0.0000e+00
    146.000    144.576     4.1564     4.1570  32.688537  32.689663    6.49311     2.2624 3.8842e+02    -0.0144     0.0000      95.37    97.3401     0.0791       9993    6.49296    0.00000    34.9137    34.9144         91 0.0000e+00
    148.000    146.555     4.1621     4.1644  32.696142  32.698725    6.47640     2.2577 3.8833e+02    -0.0198     0.0000      98.92    97.3573     0.0812      10086    6.47618    0.00000    34.9155    34.9162         86 0.0000e+00
    150.000    148.535     4.1812     4.1836  32.716976  32.718849    6.45525     2.2525 3.8740e+02    -0.0181     0.0000      98.78    97.3639     0.0801      10185    6.45506    0.00000    34.9189    34.9185        110 0.0000e+00
    152.000    150.515     4.2657     4.2740  32.806353  32.814945    6.43877     2.2517 3.8613e+02    -0.0157     0.0000      98.78    97.3540     0.0800      10285    6.43847    0.00000    34.9338    34.9351         97 0.0000e+00
    154.000    152.495     4.2993     4.3013  32.841564  32.844264    6.42566     2.2494 3.8409e+02    -0.0152     0.0000      98.78    97.3524     0.0787      10378    6.42537    0.00000    34.9386    34.9397         92 0.0000e+00
    156.000    154.474     4.2851     4.2855  32.829882  32.830639    6.42639     2.2485 3.8288e+02    -0.0163     0.0000      98.78    97.3406     0.0803      10458    6.42619    0.00000    34.9388    34.9393         75 0.0000e+00
    158.000    156.454     4.2909     4.2909  32.836959  32.837311    6.42817     2.2488 3.8315e+02    -0.0178     0.0000      98.78    97.3510     0.0800      10570    6.42795    0.00000    34.9400    34.9404         64 0.0000e+00
    160.000    158.434     4.2899     4.2902  32.836946  32.837744    6.41977     2.2461 3.8298e+02    -0.0151     0.0000      98.78    97.3118     0.0776      10670    6.41963    0.00000    34.9399    34.9406         70 0.0000e+00
    162.000    160.413     4.2665     4.2664  32.814756  32.815767    6.42254     2.2453 3.8328e+02    -0.0067     0.0000      98.78    97.3232     0.0802      10747    6.42247    0.00000    34.9375    34.9388         51 0.0000e+00
    164.000    162.393     4.2647     4.2641  32.814463  32.814813    6.42542     2.2455 3.8231e+02    -0.0145     0.0000      98.78    97.3480     0.0793      10844    6.42531    0.00000    34.9380    34.9390         85 0.0000e+00
    166.000    164.373     4.2416     4.2414  32.793291  32.793819    6.42831     2.2448 3.8238e+02    -0.0134     0.0000      98.78    97.3703     0.0801      10949    6.42815    0.00000    34.9364    34.9372         69 0.0000e+00
    168.000    166.352     4.2297     4.2300  32.782475  32.783568    6.42412     2.2426 3.8187e+02    -0.0181     0.0000      98.78    97.3482     0.0815      11049    6.42391    0.00000    34.9351    34.9361         72 0.0000e+00
    170.000    168.332     4.2220     4.2199  32.775879  32.774594    6.42813     2.2429 3.8183e+02    -0.0131     0.0000      98.78    97.3579     0.0823      11128    6.42793    0.00000    34.9344    34.9351         88 0.0000e+00
    172.000    170.311     4.2127     4.2124  32.767873  32.768333    6.43116     2.2428 3.8253e+02    -0.0171     0.0000      98.78    97.3660     0.0802      11228    6.43092    0.00000    34.9337    34.9346         93 0.0000e+00
    174.000    172.291     4.2033     4.2023  32.759868  32.759522    6.43564     2.2431 3.8301e+02    -0.0163     0.0000      98.78    97.3480     0.0826      11341    6.43550    0.00000    34.9332    34.9338         77 0.0000e+00
    176.000    174.270     4.2007     4.2006  32.759142  32.759598    6.43784     2.2431 3.8323e+02    -0.0184     0.0000      98.78    97.3491     0.0815      11433    6.43733    0.00000    34.9341    34.9347         95 0.0000e+00
    178.000    176.250     4.1974     4.1964  32.757308  32.757302    6.43651     2.2422 3.8333e+02    -0.0180     0.0000      98.78    97.3693     0.0789      11504    6.43628    0.00000    34.9343    34.9353         60 0.0000e+00
    180.000    178.229     4.1789     4.1816  32.740211  32.743991    6.43086     2.2394 3.8477e+02    -0.0195     0.0000      98.78    97.3572     0.0779      11635    6.43063    0.00000    34.9325    34.9342         80 0.0000e+00
    182.000    180.209     4.1630     4.1631  32.726078  32.726767    6.43876     2.2403 3.8293e+02    -0.0179     0.0000      98.78    97.3706     0.0806      11719    6.43886    0.00000    34.9317    34.9324         98 0.0000e+00
    184.000    182.188     4.1503     4.1504  32.714934  32.715637    6.44479     2.2408 3.8185e+02    -0.0240     0.0000      98.78    97.3849     0.0799      11813    6.44454    0.00000    34.9308    34.9315         91 0.0000e+00
    186.000    184.168     4.1450     4.1453  32.710815  32.711766    6.45243     2.2422 3.7949e+02    -0.0151     0.0000      98.78    97.3762     0.0792      11908    6.45222    0.00000    34.9305    34.9313        105 0.0000e+00
    188.000    186.147     4.1301     4.1295  32.697299  32.697545    6.45311     2.2412 3.7726e+02    -0.0113     0.0000      98.78    97.3866     0.0838      12014    6.45286    0.00000    34.9292    34.9302         82 0.0000e+00
    190.000    188.126     4.1153     4.1151  32.684179  32.684833    6.45567     2.2407 3.7459e+02    -0.0106     0.0000      98.78    97.3819     0.0834      12109    6.45540    0.00000    34.9284    34.9293         62 0.0000e+00
    192.000    190.106     4.1091     4.1073  32.678872  32.677807    6.45866     2.2408 3.7176e+02    -0.0173     0.0000      98.78    97.3866     0.0790      12200    6.45848    0.00000    34.9276    34.9282        108 0.0000e+00
    194.000    192.085     4.1007     4.1005  32.671753  32.672160    6.46447     2.2416 3.6973e+02    -0.0184     0.0000      98.78    97.3732     0.0803      12297    6.46440    0.00000    34.9270    34.9277         92 0.0000e+00
    196.000    194.065     4.0956     4.0957  32.667820  32.668486    6.46157     2.2401 3.6841e+02    -0.0138     0.0000      98.78    97.3859     0.0846      12407    6.46143    0.00000    34.9266    34.9273         92 0.0000e+00
    198.000    196.044     4.0875     4.0883  32.660923  32.662502    6.46661     2.2406 3.6802e+02    -0.0212     0.0000      98.78    97.3865     0.0926      12490    6.46654    0.00000    34.9260    34.9270         74 0.0000e+00
    200.000    198.023     4.0773     4.0766  32.651702  32.651659    6.46732     2.2398 3.6770e+02    -0.0172     0.0000      98.78    97.3968     0.0797      12590    6.46709    0.00000    34.9248    34.9255        105 0.0000e+00
    202.000    200.002     4.0735     4.0734  32.649098  32.649421    6.47321     2.2408 3.6876e+02    -0.0191     0.0000      98.78    97.3920     0.0848      12685    6.47316    0.00000    34.9247    34.9252         91 0.0000e+00
    204.000    201.982     4.0774     4.0772  32.654009  32.654376    6.47321     2.2406 3.6795e+02    -0.0243     0.0000      98.78    97.3648     0.0799      12764    6.47315    0.00000    34.9254    34.9259         65 0.0000e+00
    206.000    203.961     4.0768     4.0767  32.654476  32.655091    6.47047     2.2394 3.6837e+02    -0.0241     0.0000      98.78    97.3990     0.0805      12824    6.47040    0.00000    34.9254    34.9263         56 0.0000e+00
    208.000    205.940     4.0627     4.0634  32.641433  32.642989    6.47269     2.2388 3.6821e+02    -0.0230     0.0000      98.78    97.3853     0.0809      12872    6.47255    0.00000    34.9239    34.9250         46 0.0000e+00
    210.000    207.919     4.0562     4.0562  32.635877  32.636521    6.47144     2.2377 3.6731e+02    -0.0208     0.0000      98.78    97.3934     0.0836      12936    6.47126    0.00000    34.9231    34.9238         79 0.0000e+00
    212.000    209.898     4.0515     4.0516  32.632575  32.633169    6.48122     2.2397 3.6888e+02    -0.0130     0.0000      98.78    97.3874     0.0843      13000    6.48119    0.00000    34.9231    34.9237         43 0.0000e+00
    214.000    211.878     4.0521     4.0520  32.634485  32.634917    6.48096     2.2392 3.6852e+02    -0.0166     0.0000      98.78    97.3981     0.0793      13040    6.48083    0.00000    34.9237    34.9242         46 0.0000e+00
    216.000    213.857     4.0476     4.0478  32.631160  32.631868    6.47494     2.2369 3.6678e+02    -0.0172     0.0000      98.78    97.3879     0.0777      13097    6.47472    0.00000    34.9233    34.9240         63 0.0000e+00
    218.000    215.836     4.0540     4.0542  32.639084  32.639617    6.47703     2.2373 3.6757e+02    -0.0286     0.0000      98.78    97.3999     0.0840      13150    6.47682    0.00000    34.9249    34.9254         43 0.0000e+00
    220.000    217.815     4.0447     4.0445  32.630938  32.631756    6.48292     2.2380 3.6804e+02    -0.0224     0.0000      98.78    97.4105     0.0811      13188    6.48284    0.00000    34.9241    34.9253         34 0.0000e+00
    222.000    219.794     4.0372     4.0368  32.624415  32.624750    6.48290     2.2372 3.6635e+02    -0.0094     0.0000      98.78    97.4063     0.0803      13222    6.48263    0.00000    34.9232    34.9240         38 0.0000e+00
    224.000    221.773     4.0314     4.0310  32.619571  32.619832    6.47645     2.2348 3.6587e+02    -0.0195     0.0000      98.78    97.4131     0.0779      13282    6.47631    0.00000    34.9225    34.9233         79 0.0000e+00
    226.000    223.752     4.0247     4.0246  32.613919  32.614442    6.48055     2.2351 3.6730e+02    -0.0220     0.0000      98.78    97.4123     0.0799      13349    6.48038    0.00000    34.9219    34.9226         50 0.0000e+00
    228.000    225.731     4.0223     4.0223  32.612514  32.613022    6.48755     2.2364 3.6686e+02    -0.0208     0.0000      98.78    97.4148     0.0830      13389    6.48727    0.00000    34.9216    34.9223         35 0.0000e+00
    230.000    227.710     4.0199     4.0198  32.611080  32.611714    6.49283     2.2373 3.6509e+02    -0.0132     0.0000      98.78    97.3955     0.0846      13423    6.49280    0.00000    34.9214    34.9222         36 0.0000e+00
    232.000    229.689     4.0146     4.0148  32.606815  32.607634    6.48753     2.2351 3.6548e+02    -0.0181     0.0000      98.78    97.4124     0.0828      13479    6.48736    0.00000    34.9209    34.9216         71 0.0000e+00
    234.000    231.668     4.0130     4.0128  32.606179  32.606546    6.49179     2.2357 3.6714e+02    -0.0200     0.0000      98.78    97.4288     0.0801      13535    6.49154    0.00000    34.9208    34.9214         38 0.0000e+00
    236.000    233.647     4.0115     4.0116  32.605673  32.606264    6.49219     2.2353 3.6721e+02    -0.0222     0.0000      98.78    97.4163     0.0792      13570    6.49196    0.00000    34.9207    34.9213         39 0.0000e+00
    238.000    235.626     4.0093     4.0093  32.604355  32.604899    6.48768     2.2336 3.6745e+02    -0.0172     0.0000      98.78    97.4023     0.0788      13619    6.48753    0.00000    34.9204    34.9211         60 0.0000e+00
    240.000    237.605     4.0042     4.0043  32.600293  32.600985    6.48637     2.2326 3.6871e+02    -0.0224     0.0000      98.78    97.4105     0.0857      13682    6.48628    0.00000    34.9199    34.9207         56 0.0000e+00
    242.000    239.584     3.9969     3.9968  32.594074  32.594677    6.49394     2.2338 3.6957e+02    -0.0182     0.0000      98.78    97.4266     0.0825      13727    6.49376    0.00000    34.9192    34.9201         40 0.0000e+00
    244.000    241.563     3.9865     3.9870  32.584784  32.586121    6.49604     2.2334 3.7035e+02    -0.0189     0.0000      98.78    97.4182     0.0795      13767    6.49588    0.00000    34.9181    34.9192         44 0.0000e+00
    246.000    243.541     3.9767     3.9769  32.576178  32.577017    6.49619     2.2324 3.7104e+02    -0.0225     0.0000      98.78    97.3900     0.0800      13818    6.49547    0.00000    34.9172    34.9180         56 0.0000e+00
    248.000    245.520     3.9681     3.9685  32.568789  32.569880    6.49866     2.2323 3.7196e+02    -0.0181     0.0000      98.78    97.4077     0.0791      13872    6.49850    0.00000    34.9165    34.9175         50 0.0000e+00
    250.000    247.499     3.9615     3.9617  32.563109  32.563809    6.50071     2.2321 3.7287e+02    -0.0122     0.0000      98.78    97.4214     0.0764      13918    6.50061    0.00000    34.9157    34.9164         42 0.0000e+00
    252.000    249.478     3.9568     3.9570  32.559469  32.560495    6.50242     2.2319 3.7398e+02    -0.0165     0.0000      98.78    97.4032     0.0761      13959    6.50232    0.00000    34.9153    34.9163         43 0.0000e+00
    254.000    251.456     3.9516     3.9519  32.555415  32.556058    6.50672     2.2323 3.7400e+02    -0.0175     0.0000      98.78    97.3677     0.0809      14008    6.50657    0.00000    34.9149    34.9154         55 0.0000e+00
    256.000    253.435     3.9535     3.9536  32.558272  32.558835    6.50680     2.2320 3.7444e+02    -0.0109     0.0000      98.78    97.4390     0.0790      14066    6.50666    0.00000    34.9152    34.9158         60 0.0000e+00
    258.000    255.414     3.9448     3.9451  32.550550  32.551943    6.50323     2.2302 3.7616e+02    -0.0188     0.0000      98.78    97.4260     0.0793      14120    6.50321    0.00000    34.9142    34.9156         43 0.0000e+00
    260.000    257.393     3.9263     3.9261  32.532852  32.533890    6.50707     2.2299 3.7580e+02    -0.0266     0.0000      98.78    97.4175     0.0776      14158    6.50698    0.00000    34.9118    34.9132         37 0.0000e+00
    262.000    259.371     3.9109     3.9113  32.518690  32.519768    6.50636     2.2285 3.7506e+02    -0.0209     0.0000      98.78    97.4310     0.0810      14205    6.50610    0.00000    34.9102    34.9111         58 0.0000e+00
    264.000    261.350     3.9154     3.9155  32.524636  32.524861    6.51222     2.2298 3.7631e+02    -0.0202     0.0000      98.78    97.4143     0.0814      14257    6.51213    0.00000    34.9115    34.9116         43 0.0000e+00
    266.000    263.329     3.9136     3.9137  32.523865  32.524488    6.51606     2.2303 3.7672e+02    -0.0200     0.0000      98.78    97.4328     0.0831      14297    6.51597    0.00000    34.9113    34.9120         42 0.0000e+00
    268.000    265.307     3.9074     3.9074  32.518667  32.519266    6.51409     2.2291 3.7634e+02    -0.0234     0.0000      98.78    97.4272     0.0799      14354    6.51406    0.00000    34.9107    34.9114         67 0.0000e+00
    270.000    267.286     3.9029     3.9034  32.515205  32.516213    6.52461     2.2311 3.7796e+02    -0.0292     0.0000      98.78    97.4218     0.0782      14409    6.52444    0.00000    34.9103    34.9110         41 0.0000e+00
    272.000    269.264     3.8979     3.8982  32.511337  32.512288    6.52583     2.2308 3.7843e+02    -0.0240     0.0000      98.78    97.4304     0.0778      14447    6.52567    0.00000    34.9099    34.9107         40 0.0000e+00
    274.000    271.243     3.8952     3.8952  32.509512  32.510124    6.52072     2.2289 3.7846e+02    -0.0218     0.0000      98.78    97.4217     0.0810      14498    6.52066    0.00000    34.9096    34.9102         61 0.0000e+00
    276.000    273.222     3.8865     3.8867  32.501914  32.502968    6.52736     2.2298 3.7981e+02    -0.0236     0.0000      98.78    97.4246     0.0801      14552    6.52724    0.00000    34.9087    34.9097         45 0.0000e+00
