Ship_data/Irminger/Irminger-2/ctd/process/OOI/dat30_010.cnv
* Sea-Bird SBE 9 Data File:
* FileName = C:\data\ctd\at30_010.hex
* Software Version Seasave V 7.21f
* Temperature SN = 2265
* Conductivity SN = 3021
* Number of Bytes Per Scan = 40
* Number of Voltage Words = 5
* Number of Scans Averaged by the Deck Unit = 1
* NMEA Latitude = 59 45.71 N
* NMEA Longitude = 039 52.84 W
* NMEA UTC (Time) = Aug 19 2015  21:15:33
** FLMA 2 post deployment cal
# nquan = 21
# nvalues = 1366                        
# units = specified
# name 0 = prDM: Pressure, Digiquartz [db]
# name 1 = depSM: Depth [salt water, m]
# name 2 = t090C: Temperature [ITS-90, deg C]
# name 3 = t190C: Temperature, 2 [ITS-90, deg C]
# name 4 = c0mS/cm: Conductivity [mS/cm]
# name 5 = c1mS/cm: Conductivity, 2 [mS/cm]
# name 6 = sbeox0ML/L: Oxygen, SBE 43 [ml/l]
# name 7 = sbeox0V: Oxygen raw, SBE 43 [V]
# name 8 = spar: SPAR/Surface Irradiance
# name 9 = flECO-AFL: Fluorescence, WET Labs ECO-AFL/FL [mg/m^3]
# name 10 = v2: Voltage 2
# name 11 = altM: Altimeter [m]
# name 12 = CStarTr0: Beam Transmission, WET Labs C-Star [%]
# name 13 = turbWETntu0: Turbidity, WET Labs ECO [NTU]
# name 14 = scan: Scan Count
# name 15 = sbeox0ML/L: Oxygen, SBE 43 [ml/l], WS = 2
# name 16 = sbeox0dOV/dT: Oxygen, SBE 43 [dov/dt], WS = 2
# name 17 = sal00: Salinity, Practical [PSU]
# name 18 = sal11: Salinity, Practical, 2 [PSU]
# name 19 = nbin: number of scans per bin
# name 20 = flag: flag
# span 0 =      2.000,   2732.000       
# span 1 =      1.981,   2688.827       
# span 2 =     1.4283,     8.3509       
# span 3 =     1.4286,     8.3513       
# span 4 =  31.349784,  36.398038       
# span 5 =  31.350027,  36.399113       
# span 6 =    6.01169,    6.99542       
# span 7 =     1.6816,     2.5391       
# span 8 = 3.3400e+01, 1.0972e+02       
# span 9 =    -0.0749,     2.2177       
# span 10 =     0.0000,     0.0000      
# span 11 =       7.89,      98.87      
# span 12 =    92.7189,    97.6239      
# span 13 =     0.0675,     0.1191      
# span 14 =         -2,      79889      
# span 15 =    6.01168,    6.99638      
# span 16 =    0.00000,    0.00000      
# span 17 =    34.8371,    35.0187      
# span 18 =    34.8453,    35.0200      
# span 19 =         26,        124      
# span 20 = 0.0000e+00, 0.0000e+00      
# interval = decibars: 2                
# start_time = Aug 19 2015 21:15:33 [NMEA time, header]
# bad_flag = -9.990e-29
*END*
      2.000      1.981     8.3467     8.3470  36.391187  36.391014    6.57063     2.5141 1.0972e+02     1.7796     0.0000      98.73    92.7701     0.1191         -2    6.57027    0.00000    34.8458    34.8454         61 0.0000e+00
      4.000      3.962     8.3463     8.3469  36.391652  36.391866    6.57800     2.5158 1.0814e+02     1.8198     0.0000      98.73    92.7859     0.1127        669    6.57778    0.00000    34.8457    34.8453         72 0.0000e+00
      6.000      5.943     8.3493     8.3500  36.395437  36.395705    6.57374     2.5138 1.0769e+02     1.7705     0.0000      98.73    92.8132     0.1178        907    6.57232    0.00000    34.8458    34.8454         83 0.0000e+00
      8.000      7.925     8.3509     8.3513  36.397873  36.397818    6.57449     2.5139 1.0727e+02     1.7557     0.0000      98.73    92.7909     0.1150       1126    6.57407    0.00000    34.8458    34.8454         76 0.0000e+00
     10.000      9.906     8.3473     8.3506  36.395346  36.397963    6.57138     2.5123 1.0673e+02     1.7823     0.0000      98.73    92.7984     0.1130       1383    6.57104    0.00000    34.8457    34.8453        124 0.0000e+00
     12.000     11.887     8.3493     8.3507  36.398038  36.399113    6.57567     2.5132 1.0620e+02     1.7978     0.0000      98.73    92.7796     0.1132       1611    6.57526    0.00000    34.8456    34.8455         95 0.0000e+00
     14.000     13.868     8.3420     8.3415  36.392295  36.391657    6.57612     2.5125 1.0588e+02     1.8167     0.0000      98.73    92.7761     0.1119       1826    6.57575    0.00000    34.8459    34.8456         78 0.0000e+00
     16.000     15.849     8.3403     8.3407  36.391676  36.391735    6.57656     2.5120 1.0556e+02     1.8263     0.0000      98.73    92.8039     0.1118       2004    6.57621    0.00000    34.8459    34.8456        108 0.0000e+00
     18.000     17.830     8.3405     8.3410  36.392496  36.393131    6.58457     2.5139 1.0507e+02     1.8325     0.0000      98.73    92.8303     0.1117       2174    6.58412    0.00000    34.8457    34.8457         57 0.0000e+00
     20.000     19.811     8.3387     8.3396  36.391595  36.392694    6.58060     2.5122 1.0463e+02     1.8161     0.0000      98.73    92.7324     0.1162       2285    6.58024    0.00000    34.8454    34.8458         67 0.0000e+00
     22.000     21.792     8.3318     8.3310  36.385654  36.385711    6.57750     2.5104 1.0416e+02     1.8208     0.0000      98.73    92.7189     0.1122       2417    6.57725    0.00000    34.8450    34.8459         74 0.0000e+00
     24.000     23.773     8.0369     8.0303  36.105432  36.110428    6.63240     2.5125 1.0408e+02     1.8213     0.0000      98.73    92.8619     0.1121       2531    6.63242    0.00000    34.8371    34.8491        110 0.0000e+00
     26.000     25.754     7.2823     7.2662  35.412518  35.413113    6.81825     2.5312 1.0373e+02     1.9221     0.0000      98.73    93.1214     0.1095       2656    6.81887    0.00000    34.8411    34.8579        105 0.0000e+00
     28.000     27.735     6.6652     6.6651  34.856530  34.857673    6.94999     2.5391 1.0367e+02     2.0843     0.0000      98.73    93.5358     0.1108       2784    6.95079    0.00000    34.8529    34.8542        109 0.0000e+00
     30.000     29.716     6.4067     6.4391  34.619806  34.663179    6.91417     2.5152 1.0356e+02     2.1768     0.0000      93.84    93.6750     0.1069       2909    6.91470    0.00000    34.8517    34.8670         80 0.0000e+00
     32.000     31.696     5.6978     5.6862  33.985683  33.981244    6.99542     2.5026 1.0312e+02     2.2177     0.0000      98.57    93.8139     0.1088       3018    6.99638    0.00000    34.8645    34.8714         76 0.0000e+00
     34.000     33.677     5.3847     5.4129  33.715840  33.748679    6.91507     2.4639 1.0294e+02     2.2061     0.0000      98.74    94.0891     0.1091       3155    6.91581    0.00000    34.8799    34.8882         62 0.0000e+00
     36.000     35.658     5.2814     5.2795  33.623795  33.623866    6.88696     2.4503 1.0252e+02     2.2023     0.0000      98.74    94.2870     0.1139       3240    6.88743    0.00000    34.8807    34.8828         79 0.0000e+00
     38.000     37.639     5.2449     5.2453  33.609074  33.608860    6.78953     2.4210 1.0226e+02     2.2054     0.0000      94.51    94.4245     0.1115       3345    6.78973    0.00000    34.9008    34.9002        103 0.0000e+00
     40.000     39.620     5.2633     5.2633  33.652524  33.651430    6.69810     2.3962 1.0232e+02     2.1785     0.0000      98.81    94.5406     0.1069       3456    6.69806    0.00000    34.9306    34.9294         99 0.0000e+00
     42.000     41.601     5.2311     5.2305  33.636898  33.635610    6.63554     2.3768 1.0219e+02     1.9887     0.0000      98.73    94.7415     0.1053       3544    6.63546    0.00000    34.9453    34.9443         80 0.0000e+00
     44.000     43.581     5.3198     5.3151  33.747934  33.740787    6.52740     2.3507 1.0189e+02     1.4121     0.0000      98.73    95.2858     0.1060       3658    6.52719    0.00000    34.9794    34.9760         76 0.0000e+00
     46.000     45.562     5.3267     5.3261  33.759701  33.758667    6.45169     2.3294 1.0191e+02     0.9456     0.0000      94.42    95.7939     0.0967       3765    6.45142    0.00000    34.9847    34.9841         72 0.0000e+00
     48.000     47.543     5.3246     5.3239  33.763341  33.763055    6.42554     2.3216 1.0164e+02     0.7672     0.0000      96.92    96.0778     0.0920       3851    6.42532    0.00000    34.9899    34.9904        101 0.0000e+00
     50.000     49.524     5.2945     5.2954  33.740817  33.742992    6.39959     2.3126 1.0116e+02     0.5932     0.0000      98.72    96.3300     0.0879       3962    6.39943    0.00000    34.9944    34.9961        111 0.0000e+00
     52.000     51.504     5.2458     5.2459  33.697222  33.697541    6.38702     2.3063 1.0104e+02     0.4430     0.0000      98.71    96.5917     0.0830       4068    6.38682    0.00000    34.9941    34.9944        100 0.0000e+00
     54.000     53.485     5.2369     5.2372  33.690380  33.691162    6.38136     2.3039 1.0077e+02     0.3526     0.0000      98.71    96.7369     0.0835       4147    6.38120    0.00000    34.9945    34.9951         70 0.0000e+00
     56.000     55.466     5.2337     5.2350  33.690723  33.692089    6.36626     2.2991 1.0080e+02     0.2535     0.0000      98.71    96.8418     0.0809       4258    6.36601    0.00000    34.9971    34.9974         71 0.0000e+00
     58.000     57.446     5.2550     5.2533  33.715917  33.713882    6.34996     2.2951 1.0036e+02     0.2462     0.0000      98.71    96.8684     0.0816       4342    6.34970    0.00000    35.0029    35.0023        102 0.0000e+00
     60.000     59.427     5.2751     5.2725  33.738738  33.735951    6.34057     2.2929 1.0034e+02     0.2126     0.0000      98.71    96.9111     0.0792       4445    6.33980    0.00000    35.0071    35.0066         84 0.0000e+00
     62.000     61.407     5.2926     5.2919  33.758698  33.757505    6.33580     2.2920 1.0022e+02     0.1920     0.0000      98.71    96.9334     0.0786       4532    6.33532    0.00000    35.0107    35.0100         76 0.0000e+00
     64.000     63.388     5.3159     5.3159  33.785221  33.785000    6.33462     2.2924 1.0024e+02     0.1564     0.0000      98.71    96.9550     0.0782       4628    6.33431    0.00000    35.0158    35.0155         70 0.0000e+00
     66.000     65.369     5.3263     5.3279  33.798170  33.800301    6.32746     2.2905 1.0007e+02     0.1323     0.0000      95.75    97.0376     0.0799       4723    6.32730    0.00000    35.0187    35.0195         75 0.0000e+00
     68.000     67.349     5.3148     5.3146  33.788371  33.789524    6.32108     2.2877 1.0011e+02     0.0964     0.0000      98.87    97.0775     0.0815       4826    6.32084    0.00000    35.0185    35.0200         63 0.0000e+00
     70.000     69.330     5.2825     5.2820  33.758458  33.759307    6.32549     2.2870 9.9929e+01     0.0758     0.0000      98.71    97.1041     0.0795       4913    6.32524    0.00000    35.0167    35.0182         69 0.0000e+00
     72.000     71.310     5.2528     5.2535  33.731246  33.732408    6.32837     2.2860 9.9571e+01     0.0710     0.0000      98.71    97.1186     0.0822       5012    6.32819    0.00000    35.0154    35.0161         64 0.0000e+00
     74.000     73.291     5.2486     5.2486  33.729005  33.729270    6.33070     2.2860 9.8778e+01     0.0427     0.0000      98.71    97.1446     0.0780       5087    6.33049    0.00000    35.0162    35.0165         73 0.0000e+00
     76.000     75.271     5.2325     5.2329  33.715966  33.717360    6.33286     2.2854 9.9179e+01     0.0225     0.0000      98.71    97.1808     0.0832       5205    6.33269    0.00000    35.0169    35.0182         70 0.0000e+00
     78.000     77.252     5.1990     5.1992  33.685087  33.686171    6.33118     2.2830 9.8515e+01     0.0160     0.0000      98.71    97.2166     0.0794       5289    6.33106    0.00000    35.0153    35.0164        100 0.0000e+00
     80.000     79.232     5.1760     5.1762  33.664083  33.664806    6.33358     2.2821 9.8478e+01    -0.0031     0.0000      98.71    97.2290     0.0815       5380    6.33332    0.00000    35.0142    35.0148         81 0.0000e+00
     82.000     81.212     5.1647     5.1642  33.653745  33.654060    6.32846     2.2797 9.8313e+01    -0.0085     0.0000      98.71    97.2193     0.0758       5473    6.32827    0.00000    35.0130    35.0139         94 0.0000e+00
     84.000     83.193     5.1424     5.1425  33.633141  33.634227    6.32880     2.2783 9.8351e+01    -0.0306     0.0000      98.71    97.2457     0.0789       5594    6.32870    0.00000    35.0116    35.0126         68 0.0000e+00
     86.000     85.173     5.1337     5.1331  33.625575  33.625450    6.33001     2.2778 9.8100e+01    -0.0312     0.0000      98.71    97.2609     0.0779       5658    6.32992    0.00000    35.0108    35.0113         80 0.0000e+00
     88.000     87.153     5.1268     5.1266  33.619585  33.619956    6.32297     2.2750 9.7956e+01    -0.0350     0.0000      98.71    97.1580     0.0773       5763    6.32268    0.00000    35.0101    35.0107         87 0.0000e+00
     90.000     89.134     5.1225     5.1226  33.616743  33.617380    6.32730     2.2756 9.7940e+01    -0.0277     0.0000      98.71    97.2776     0.0797       5860    6.32720    0.00000    35.0102    35.0109         76 0.0000e+00
     92.000     91.114     5.1130     5.1131  33.608268  33.608950    6.32313     2.2735 9.7511e+01    -0.0416     0.0000      98.71    97.2666     0.0790       5946    6.32291    0.00000    35.0094    35.0100         92 0.0000e+00
     94.000     93.094     5.0941     5.0942  33.590902  33.591739    6.32882     2.2736 9.7027e+01    -0.0390     0.0000      98.71    97.2831     0.0800       6040    6.32838    0.00000    35.0080    35.0089        103 0.0000e+00
     96.000     95.075     5.0736     5.0740  33.572076  33.573112    6.33414     2.2738 9.6940e+01    -0.0416     0.0000      98.71    97.2762     0.0786       6161    6.33390    0.00000    35.0067    35.0075        112 0.0000e+00
     98.000     97.055     5.0389     5.0400  33.538784  33.540917    6.32889     2.2704 9.6637e+01    -0.0440     0.0000      98.71    97.2786     0.0795       6298    6.32881    0.00000    35.0036    35.0049         87 0.0000e+00
    100.000     99.035     5.0252     5.0241  33.526289  33.525877    6.32551     2.2683 9.6314e+01    -0.0480     0.0000      98.71    97.2963     0.0782       6463    6.32527    0.00000    35.0024    35.0030         99 0.0000e+00
    102.000    101.015     5.0160     5.0136  33.517993  33.516527    6.32485     2.2672 9.5827e+01    -0.0450     0.0000      98.71    97.3097     0.0769       6775    6.32459    0.00000    35.0014    35.0021        124 0.0000e+00
    104.000    102.995     5.0282     5.0173  33.530827  33.521241    6.32708     2.2680 9.3979e+01    -0.0472     0.0000      98.71    97.2736     0.0780       7902    6.32698    0.00000    35.0023    35.0027         74 0.0000e+00
    106.000    104.976     4.9844     4.9755  33.488323  33.481282    6.33079     2.2665 9.3168e+01    -0.0550     0.0000      98.71    97.2934     0.0785       8065    6.33057    0.00000    34.9980    34.9991         65 0.0000e+00
    108.000    106.956     4.9374     4.9331  33.443018  33.440537    6.33383     2.2650 9.3401e+01    -0.0506     0.0000      98.71    97.2862     0.0771       8182    6.33392    0.00000    34.9937    34.9954         63 0.0000e+00
    110.000    108.936     4.9188     4.9198  33.425916  33.427534    6.33982     2.2650 9.2949e+01    -0.0498     0.0000      98.71    97.2934     0.0851       8285    6.33962    0.00000    34.9923    34.9933         74 0.0000e+00
    112.000    110.916     4.9130     4.9132  33.421345  33.422324    6.34102     2.2646 9.2886e+01    -0.0471     0.0000      98.71    97.3073     0.0854       8384    6.34043    0.00000    34.9921    34.9930         69 0.0000e+00
    114.000    112.896     4.8938     4.8937  33.404029  33.405128    6.34321     2.2638 9.2811e+01    -0.0414     0.0000      98.71    97.2680     0.0837       8471    6.34270    0.00000    34.9911    34.9925         54 0.0000e+00
    116.000    114.876     4.8821     4.8826  33.393737  33.394787    6.34492     2.2634 9.2492e+01    -0.0470     0.0000      98.71    97.3011     0.0780       8571    6.34477    0.00000    34.9904    34.9911         89 0.0000e+00
    118.000    116.856     4.8750     4.8748  33.388244  33.388734    6.34907     2.2638 9.2248e+01    -0.0396     0.0000      98.71    97.3004     0.0777       8665    6.34893    0.00000    34.9904    34.9912         72 0.0000e+00
    120.000    118.836     4.8461     4.8460  33.360902  33.361690    6.34858     2.2619 9.2143e+01    -0.0397     0.0000      98.71    97.3117     0.0807       8758    6.34849    0.00000    34.9879    34.9890        111 0.0000e+00
    122.000    120.816     4.8213     4.8207  33.337852  33.338401    6.35299     2.2614 9.2185e+01    -0.0539     0.0000      98.71    97.3318     0.0771       8845    6.35273    0.00000    34.9862    34.9874         65 0.0000e+00
    124.000    122.796     4.8121     4.8109  33.329875  33.329487    6.35699     2.2614 9.2010e+01    -0.0451     0.0000      98.71    97.3209     0.0781       8961    6.35543    0.00000    34.9855    34.9862         62 0.0000e+00
    126.000    124.776     4.7967     4.7966  33.315474  33.316143    6.35635     2.2603 9.1880e+01    -0.0498     0.0000      98.71    97.3114     0.0808       9037    6.35622    0.00000    34.9839    34.9848         70 0.0000e+00
    128.000    126.756     4.7921     4.7920  33.311844  33.312294    6.35904     2.2604 9.1683e+01    -0.0480     0.0000      98.71    97.2987     0.0796       9130    6.35894    0.00000    34.9834    34.9840         60 0.0000e+00
    130.000    128.736     4.7921     4.7922  33.312953  33.313510    6.36156     2.2606 9.1509e+01    -0.0482     0.0000      98.71    97.2615     0.0780       9234    6.36142    0.00000    34.9836    34.9841         80 0.0000e+00
    132.000    130.716     4.7941     4.7943  33.316180  33.316796    6.36271     2.2606 9.1160e+01    -0.0486     0.0000      98.71    97.2807     0.0800       9323    6.36255    0.00000    34.9841    34.9847         72 0.0000e+00
    134.000    132.696     4.7759     4.7761  33.299125  33.300332    6.36843     2.2608 9.1161e+01     0.1002     0.0000      98.72    97.3162     0.0892       9417    6.36826    0.00000    34.9824    34.9836         91 0.0000e+00
    136.000    134.676     4.7484     4.7485  33.273088  33.273747    6.36884     2.2593 9.0541e+01    -0.0449     0.0000      98.71    97.3020     0.0781       9513    6.36885    0.00000    34.9799    34.9806        117 0.0000e+00
