Ship_data/Irminger/Irminger-2/ctd/process/OOI/dat30_011.cnv
* Sea-Bird SBE 9 Data File:
* FileName = C:\data\ctd\at30_011.hex
* Software Version Seasave V 7.21f
* Temperature SN = 2265
* Conductivity SN = 3021
* Number of Bytes Per Scan = 40
* Number of Voltage Words = 5
* Number of Scans Averaged by the Deck Unit = 1
* NMEA Latitude = 59 41.19 N
* NMEA Longitude = 039 21.93 W
* NMEA UTC (Time) = Aug 21 2015  19:14:51
** cal val post deployment at FLMB2
# nquan = 21
# nvalues = 1429                        
# units = specified
# name 0 = prDM: Pressure, Digiquartz [db]
# name 1 = depSM: Depth [salt water, m]
# name 2 = t090C: Temperature [ITS-90, deg C]
# name 3 = t190C: Temperature, 2 [ITS-90, deg C]
# name 4 = c0mS/cm: Conductivity [mS/cm]
# name 5 = c1mS/cm: Conductivity, 2 [mS/cm]
# name 6 = sbeox0ML/L: Oxygen, SBE 43 [ml/l]
# name 7 = sbeox0V: Oxygen raw, SBE 43 [V]
# name 8 = spar: SPAR/Surface Irradiance
# name 9 = flECO-AFL: Fluorescence, WET Labs ECO-AFL/FL [mg/m^3]
# name 10 = v2: Voltage 2
# name 11 = altM: Altimeter [m]
# name 12 = CStarTr0: Beam Transmission, WET Labs C-Star [%]
# name 13 = turbWETntu0: Turbidity, WET Labs ECO [NTU]
# name 14 = scan: Scan Count
# name 15 = sbeox0ML/L: Oxygen, SBE 43 [ml/l], WS = 2
# name 16 = sbeox0dOV/dT: Oxygen, SBE 43 [dov/dt], WS = 2
# name 17 = sal00: Salinity, Practical [PSU]
# name 18 = sal11: Salinity, Practical, 2 [PSU]
# name 19 = nbin: number of scans per bin
# name 20 = flag: flag
# span 0 =      2.000,   2858.000       
# span 1 =      1.981,   2812.034       
# span 2 =     1.5246,     8.6317       
# span 3 =     1.5253,     8.6311       
# span 4 =  31.485401,  36.668459       
# span 5 =  31.485595,  36.666167       
# span 6 =    6.00693,    6.99476       
# span 7 =     1.6771,     2.5280       
# span 8 = 5.7511e+02, 1.7177e+03       
# span 9 =    -0.0712,     1.9068       
# span 10 =     0.0000,     0.0000      
# span 11 =      17.75,      98.93      
# span 12 =    93.7140,    97.5195      
# span 13 =     0.0673,     0.1222      
# span 14 =        766,      82112      
# span 15 =    6.00679,    6.99570      
# span 16 =    0.00000,    0.00000      
# span 17 =    34.8492,    34.9371      
# span 18 =    34.8505,    34.9371      
# span 19 =         14,        124      
# span 20 = 0.0000e+00, 0.0000e+00      
# interval = decibars: 2                
# start_time = Aug 21 2015 19:14:51 [NMEA time, header]
# bad_flag = -9.990e-29
*END*
      2.000      1.981     8.6311     8.6311  36.665718  36.666167    6.47754     2.4991 1.6750e+03     0.1302     0.0000      98.37    93.9549     0.1142        766    6.47724    0.00000    34.8560    34.8565         96 0.0000e+00
      4.000      3.962     8.6317     8.6281  36.668459  36.665185    6.48083     2.4998 1.6905e+03     0.2937     0.0000      98.76    94.0776     0.1050       1529    6.48079    0.00000    34.8574    34.8575         74 0.0000e+00
      6.000      5.944     8.6111     8.6092  36.651069  36.649844    6.48748     2.5003 1.7137e+03     0.3455     0.0000      98.73    94.0928     0.1045       1635    6.48713    0.00000    34.8583    34.8589         82 0.0000e+00
      8.000      7.925     8.5995     8.5927  36.642283  36.636741    6.48723     2.4992 1.7031e+03     0.3720     0.0000      98.73    94.1129     0.1081       1802    6.48692    0.00000    34.8595    34.8603         81 0.0000e+00
     10.000      9.906     8.5739     8.5572  36.619856  36.605428    6.48855     2.4979 1.6887e+03     0.4528     0.0000      98.73    94.1009     0.1222       1975    6.48824    0.00000    34.8601    34.8613         81 0.0000e+00
     12.000     11.887     8.6082     8.6076  36.651672  36.650620    6.48912     2.4991 1.7177e+03     0.4383     0.0000      98.73    94.1055     0.0991       2149    6.48883    0.00000    34.8590    34.8584         76 0.0000e+00
     14.000     13.868     8.5939     8.5857  36.640086  36.632770    6.49545     2.4999 1.6760e+03     0.4708     0.0000      98.73    94.1182     0.1007       2305    6.49514    0.00000    34.8598    34.8602         85 0.0000e+00
     16.000     15.849     8.5543     8.5588  36.605715  36.610663    6.49825     2.4985 1.6972e+03     0.5340     0.0000      98.73    94.1023     0.0963       2430    6.49804    0.00000    34.8616    34.8624         81 0.0000e+00
     18.000     17.830     8.4896     8.4826  36.547243  36.540581    6.50471     2.4970 1.6682e+03     0.8727     0.0000      98.73    94.0201     0.1007       2557    6.50455    0.00000    34.8625    34.8624         80 0.0000e+00
     20.000     19.811     8.4745     8.4751  36.533827  36.534284    6.50956     2.4972 1.6970e+03     0.9347     0.0000      98.73    94.0054     0.0996       2669    6.50936    0.00000    34.8623    34.8622         79 0.0000e+00
     22.000     21.792     8.4624     8.4616  36.523204  36.522172    6.50748     2.4955 1.6738e+03     0.9791     0.0000      98.73    93.9491     0.1012       2765    6.50719    0.00000    34.8620    34.8617         87 0.0000e+00
     24.000     23.773     8.4206     8.4198  36.484410  36.484280    6.50928     2.4936 1.6985e+03     1.0900     0.0000      98.73    93.8558     0.1016       2900    6.50904    0.00000    34.8611    34.8619         88 0.0000e+00
     26.000     25.754     8.2408     8.2286  36.313066  36.304850    6.54709     2.4962 1.6580e+03     1.2171     0.0000      97.60    94.0243     0.1029       3002    6.54702    0.00000    34.8559    34.8593        106 0.0000e+00
     28.000     27.735     7.8029     7.7764  35.903403  35.882994    6.66998     2.5119 1.6652e+03     1.5205     0.0000      91.21    93.7140     0.1049       3113    6.67018    0.00000    34.8513    34.8557         92 0.0000e+00
     30.000     29.716     7.6006     7.5878  35.715246  35.704530    6.74967     2.5254 1.6246e+03     1.7038     0.0000      98.93    93.7165     0.1057       3239    6.74983    0.00000    34.8492    34.8505         98 0.0000e+00
     32.000     31.697     7.2049     7.1554  35.352158  35.314603    6.82495     2.5280 1.5717e+03     1.7449     0.0000      98.74    93.7746     0.1068       3327    6.82542    0.00000    34.8504    34.8592         93 0.0000e+00
     34.000     33.677     6.6900     6.5837  34.882092  34.786245    6.90823     2.5265 1.5069e+03     1.8420     0.0000      98.74    94.0297     0.1026       3470    6.90876    0.00000    34.8529    34.8546         99 0.0000e+00
     36.000     35.658     6.1135     6.1134  34.356385  34.366267    6.99476     2.5223 1.5274e+03     1.8739     0.0000      98.74    94.1408     0.1040       3558    6.99570    0.00000    34.8535    34.8648         58 0.0000e+00
     38.000     37.639     5.9281     5.9181  34.189779  34.183820    6.95488     2.5010 1.6177e+03     1.9068     0.0000      98.74    94.3255     0.1041       3675    6.95544    0.00000    34.8553    34.8588         98 0.0000e+00
     40.000     39.620     5.6246     5.5733  33.913140  33.873254    6.93220     2.4788 1.6386e+03     1.7783     0.0000      88.01    94.5834     0.0973       3802    6.93264    0.00000    34.8534    34.8611         82 0.0000e+00
     42.000     41.601     5.5135     5.5101  33.816549  33.814554    6.91957     2.4692 1.6252e+03     1.7724     0.0000      98.26    94.8155     0.1014       3887    6.91991    0.00000    34.8573    34.8586         73 0.0000e+00
     44.000     43.582     5.3831     5.3995  33.701570  33.719327    6.85191     2.4432 1.6044e+03     1.7550     0.0000      98.74    94.9300     0.1005       4005    6.85208    0.00000    34.8600    34.8634         73 0.0000e+00
     46.000     45.562     5.3192     5.3144  33.645908  33.643448    6.81460     2.4291 1.6073e+03     1.6541     0.0000      98.73    95.1245     0.0983       4128    6.81467    0.00000    34.8615    34.8637         70 0.0000e+00
     48.000     47.543     5.3201     5.3185  33.655121  33.652789    6.77056     2.4165 1.6043e+03     1.5087     0.0000      98.44    95.2445     0.0993       4235    6.77054    0.00000    34.8702    34.8691         93 0.0000e+00
     50.000     49.524     5.2890     5.2895  33.632395  33.635142    6.74525     2.4074 1.6036e+03     1.4885     0.0000      98.73    95.2746     0.0948       4349    6.74512    0.00000    34.8753    34.8780         88 0.0000e+00
     52.000     51.505     5.1618     5.1633  33.521358  33.523689    6.74494     2.4007 1.5763e+03     1.5427     0.0000      98.73    95.3202     0.0982       4452    6.74491    0.00000    34.8790    34.8801        124 0.0000e+00
     54.000     53.485     5.0994     5.1001  33.469831  33.471979    6.70901     2.3873 1.5636e+03     1.2433     0.0000      98.73    95.4520     0.0940       4569    6.70896    0.00000    34.8836    34.8854         85 0.0000e+00
     56.000     55.466     5.0604     5.0382  33.435009  33.418415    6.68085     2.3771 1.5631e+03     1.0684     0.0000      98.73    95.7428     0.0897       4687    6.68073    0.00000    34.8831    34.8871         87 0.0000e+00
     58.000     57.446     4.9438     4.9427  33.331020  33.332254    6.68203     2.3713 1.5776e+03     1.0046     0.0000      98.73    95.8528     0.0899       4793    6.68208    0.00000    34.8836    34.8861         83 0.0000e+00
     60.000     59.427     4.8711     4.8624  33.266973  33.260309    6.67482     2.3653 1.5710e+03     0.9033     0.0000      98.73    96.0169     0.0868       4888    6.67480    0.00000    34.8844    34.8857         83 0.0000e+00
     62.000     61.408     4.8288     4.8285  33.239252  33.240377    6.64374     2.3544 1.6223e+03     0.7062     0.0000      98.73    96.1875     0.0871       5022    6.64370    0.00000    34.8954    34.8971         89 0.0000e+00
     64.000     63.388     4.7828     4.7828  33.201864  33.203780    6.62100     2.3455 1.6133e+03     0.6202     0.0000      98.73    96.2995     0.0835       5128    6.62093    0.00000    34.8991    34.9014        103 0.0000e+00
     66.000     65.369     4.6924     4.6901  33.122331  33.121504    6.61008     2.3377 1.6651e+03     0.5373     0.0000      98.73    96.3781     0.0832       5223    6.61004    0.00000    34.9003    34.9018         74 0.0000e+00
     68.000     67.349     4.6457     4.6451  33.082058  33.085351    6.59793     2.3317 1.6340e+03     0.4884     0.0000      98.73    96.4872     0.0814       5390    6.59786    0.00000    34.9014    34.9058         54 0.0000e+00
     70.000     69.330     4.5763     4.5762  33.023168  33.024377    6.60252     2.3292 1.6507e+03     0.4085     0.0000      98.73    96.5241     0.0813       5430    6.60245    0.00000    34.9046    34.9061         61 0.0000e+00
     72.000     71.310     4.5964     4.5962  33.043117  33.045060    6.57010     2.3208 1.6440e+03     0.3881     0.0000      98.73    96.6164     0.0823       5602    6.56991    0.00000    34.9056    34.9082         64 0.0000e+00
     74.000     73.291     4.5510     4.5509  33.007667  33.008342    6.56713     2.3175 1.6601e+03     0.3235     0.0000      98.73    96.7047     0.0800       5678    6.56707    0.00000    34.9109    34.9119        106 0.0000e+00
     76.000     75.272     4.5437     4.5431  33.002772  33.003079    6.53961     2.3091 1.6719e+03     0.2552     0.0000      98.73    96.8056     0.0818       5815    6.53944    0.00000    34.9118    34.9128         66 0.0000e+00
     78.000     77.252     4.5319     4.5313  32.993403  32.993829    6.53318     2.3064 1.6889e+03     0.2349     0.0000      98.73    96.8224     0.0791       5903    6.53301    0.00000    34.9122    34.9133        106 0.0000e+00
     80.000     79.232     4.5209     4.5210  32.984525  32.985553    6.52984     2.3044 1.7069e+03     0.1986     0.0000      98.73    96.8475     0.0767       6032    6.52955    0.00000    34.9124    34.9134        119 0.0000e+00
     82.000     81.213     4.5139     4.5136  32.979995  32.981161    6.52776     2.3031 1.7111e+03     0.1542     0.0000      98.73    96.9069     0.0808       6127    6.52756    0.00000    34.9133    34.9150         85 0.0000e+00
     84.000     83.193     4.4576     4.4551  32.926594  32.926071    6.53198     2.3011 1.7069e+03     0.1292     0.0000      98.73    96.9819     0.0783       6261    6.53195    0.00000    34.9089    34.9110         72 0.0000e+00
     86.000     85.173     4.3921     4.3917  32.863459  32.864596    6.54681     2.3015 1.7020e+03     0.0740     0.0000      98.73    97.0231     0.0742       6336    6.54679    0.00000    34.9029    34.9046         68 0.0000e+00
     88.000     87.154     4.3730     4.3805  32.845856  32.855020    6.57907     2.3089 1.7095e+03     0.0425     0.0000      98.73    97.0832     0.0745       6513    6.57890    0.00000    34.9013    34.9041         69 0.0000e+00
     90.000     89.134     4.3370     4.3370  32.813193  32.814693    6.58487     2.3082 1.6931e+03     0.0246     0.0000      98.73    97.0865     0.0750       6558    6.58472    0.00000    34.8998    34.9016         55 0.0000e+00
     92.000     91.114     4.3238     4.3264  32.802034  32.806076    6.59040     2.3086 1.7172e+03     0.0330     0.0000      98.73    97.1174     0.0737       6715    6.59020    0.00000    34.8996    34.9015         66 0.0000e+00
     94.000     93.095     4.2745     4.2743  32.757258  32.758667    6.60066     2.3086 1.6882e+03     0.0133     0.0000      98.73    97.1069     0.0761       6810    6.60052    0.00000    34.8978    34.8998         49 0.0000e+00
     96.000     95.075     4.2671     4.2676  32.751352  32.753373    6.59326     2.3058 1.7151e+03     0.0052     0.0000      98.73    97.1223     0.0736       6942    6.59318    0.00000    34.8977    34.8995         89 0.0000e+00
     98.000     97.055     4.2574     4.2583  32.744442  32.745771    6.58929     2.3038 1.7127e+03    -0.0062     0.0000      98.73    97.1347     0.0752       7100    6.58920    0.00000    34.8987    34.8993        114 0.0000e+00
    100.000     99.036     4.2601     4.2621  32.749704  32.752286    6.57514     2.2998 1.7170e+03    -0.0089     0.0000      98.73    97.1671     0.0748       7325    6.57541    0.00000    34.9010    34.9019         75 0.0000e+00
    102.000    101.016     4.2432     4.2429  32.733770  32.734538    6.57995     2.2997 1.4515e+03    -0.0170     0.0000      98.73    97.1613     0.0810       7935    6.57975    0.00000    34.8990    34.9002        120 0.0000e+00
    104.000    102.996     4.2243     4.2228  32.716332  32.716159    6.57956     2.2982 8.8054e+02    -0.0191     0.0000      98.73    97.1643     0.0774       8681    6.57939    0.00000    34.8973    34.8987         96 0.0000e+00
    106.000    104.976     4.2191     4.2188  32.714277  32.714806    6.57944     2.2975 8.1075e+02    -0.0162     0.0000      98.73    97.1826     0.0756       8887    6.57929    0.00000    34.8993    34.9002         79 0.0000e+00
    108.000    106.956     4.2172     4.2171  32.715078  32.715709    6.57287     2.2952 8.3030e+02    -0.0304     0.0000      98.73    97.1981     0.0756       8983    6.57270    0.00000    34.9012    34.9020        117 0.0000e+00
    110.000    108.937     4.2150     4.2149  32.715132  32.715724    6.56067     2.2913 8.6956e+02    -0.0240     0.0000      98.73    97.2024     0.0822       9122    6.56053    0.00000    34.9024    34.9033         63 0.0000e+00
    112.000    110.917     4.2152     4.2149  32.717345  32.717769    6.56005     2.2908 8.7060e+02    -0.0293     0.0000      98.73    97.2088     0.0762       9177    6.56019    0.00000    34.9038    34.9047         55 0.0000e+00
    114.000    112.897     4.2156     4.2154  32.719552  32.720171    6.55408     2.2887 9.0628e+02    -0.0342     0.0000      98.73    97.1952     0.0756       9282    6.55378    0.00000    34.9049    34.9058         77 0.0000e+00
    116.000    114.877     4.2115     4.2112  32.717479  32.718025    6.55531     2.2884 9.0541e+02    -0.0349     0.0000      98.73    97.2200     0.0757       9391    6.55508    0.00000    34.9057    34.9067         72 0.0000e+00
    118.000    116.857     4.2060     4.2052  32.714307  32.714009    6.55698     2.2882 8.7912e+02    -0.0322     0.0000      98.73    97.2065     0.0752       9463    6.55691    0.00000    34.9067    34.9073         57 0.0000e+00
    120.000    118.837     4.2124     4.2116  32.723298  32.723152    6.54787     2.2856 8.5589e+02    -0.0303     0.0000      98.73    97.2234     0.0773       9558    6.54787    0.00000    34.9095    34.9102         93 0.0000e+00
    122.000    120.817     4.2024     4.2026  32.715106  32.716247    6.54099     2.2828 8.1918e+02    -0.0357     0.0000      98.73    97.2426     0.0750       9656    6.54079    0.00000    34.9093    34.9104        100 0.0000e+00
    124.000    122.797     4.1882     4.1881  32.703329  32.703967    6.53437     2.2799 8.2231e+02    -0.0327     0.0000      98.73    97.2263     0.0776       9769    6.53416    0.00000    34.9094    34.9103         97 0.0000e+00
    126.000    124.777     4.1818     4.1816  32.698078  32.698911    6.53306     2.2788 8.5995e+02    -0.0435     0.0000      98.73    97.2346     0.0777       9836    6.53293    0.00000    34.9089    34.9100         53 0.0000e+00
    128.000    126.757     4.1807     4.1805  32.698197  32.698684    6.53270     2.2782 9.0236e+02    -0.0233     0.0000      98.73    97.2199     0.0766       9947    6.53258    0.00000    34.9091    34.9098         92 0.0000e+00
    130.000    128.737     4.1884     4.1888  32.707978  32.708334    6.53232     2.2780 9.0847e+02    -0.0452     0.0000      98.73    97.2293     0.0789      10057    6.53219    0.00000    34.9115    34.9114         58 0.0000e+00
    132.000    130.717     4.2006     4.2012  32.722631  32.723860    6.52830     2.2771 9.0593e+02    -0.0306     0.0000      98.73    97.2184     0.0776      10108    6.52820    0.00000    34.9147    34.9156         56 0.0000e+00
    134.000    132.697     4.2426     4.2318  32.767606  32.754833    6.50249     2.2717 9.6192e+02    -0.0420     0.0000      98.73    97.2292     0.0756      10246    6.50230    0.00000    34.9223    34.9186         81 0.0000e+00
    136.000    134.677     4.3377     4.3379  32.866551  32.866704    6.48502     2.2712 9.3758e+02    -0.0379     0.0000      98.73    97.2280     0.0755      10330    6.48477    0.00000    34.9371    34.9371         52 0.0000e+00
