Ship_data/Irminger/Irminger-2/ctd/process/OOI/dat30_010.cnv
* Sea-Bird SBE 9 Data File:
* FileName = C:\data\ctd\at30_010.hex
* Software Version Seasave V 7.21f
* Temperature SN = 2265
* Conductivity SN = 3021
* Number of Bytes Per Scan = 40
* Number of Voltage Words = 5
* Number of Scans Averaged by the Deck Unit = 1
* NMEA Latitude = 59 45.71 N
* NMEA Longitude = 039 52.84 W
* NMEA UTC (Time) = Aug 19 2015  21:15:33
** FLMA 2 post deployment cal
# nquan = 21
# nvalues = 1366                        
# units = specified
# name 0 = prDM: Pressure, Digiquartz [db]
# name 1 = depSM: Depth [salt water, m]
# name 2 = t090C: Temperature [ITS-90, deg C]
# name 3 = t190C: Temperature, 2 [ITS-90, deg C]
# name 4 = c0mS/cm: Conductivity [mS/cm]
# name 5 = c1mS/cm: Conductivity, 2 [mS/cm]
# name 6 = sbeox0ML/L: Oxygen, SBE 43 [ml/l]
# name 7 = sbeox0V: Oxygen raw, SBE 43 [V]
# name 8 = spar: SPAR/Surface Irradiance
# name 9 = flECO-AFL: Fluorescence, WET Labs ECO-AFL/FL [mg/m^3]
# name 10 = v2: Voltage 2
# name 11 = altM: Altimeter [m]
# name 12 = CStarTr0: Beam Transmission, WET Labs C-Star [%]
# name 13 = turbWETntu0: Turbidity, WET Labs ECO [NTU]
# name 14 = scan: Scan Count
# name 15 = sbeox0ML/L: Oxygen, SBE 43 [ml/l], WS = 2
# name 16 = sbeox0dOV/dT: Oxygen, SBE 43 [dov/dt], WS = 2
# name 17 = sal00: Salinity, Practical [PSU]
# name 18 = sal11: Salinity, Practical, 2 [PSU]
# name 19 = nbin: number of scans per bin
# name 20 = flag: flag
# span 0 =      2.000,   2732.000       
# span 1 =      1.981,   2688.827       
# span 2 =     1.4283,     8.3509       
# span 3 =     1.4286,     8.3513       
# span 4 =  31.349784,  36.398038       
# span 5 =  31.350027,  36.399113       
# span 6 =    6.01169,    6.99542       
# span 7 =     1.6816,     2.5391       
# span 8 = 3.3400e+01, 1.0972e+02       
# span 9 =    -0.0749,     2.2177       
# span 10 =     0.0000,     0.0000      
# span 11 =       7.89,      98.87      
# span 12 =    92.7189,    97.6239      
# span 13 =     0.0675,     0.1191      
# span 14 =         -2,      79889      
# span 15 =    6.01168,    6.99638      
# span 16 =    0.00000,    0.00000      
# span 17 =    34.8371,    35.0187      
# span 18 =    34.8453,    35.0200      
# span 19 =         26,        124      
# span 20 = 0.0000e+00, 0.0000e+00      
# interval = decibars: 2                
# start_time = Aug 19 2015 21:15:33 [NMEA time, header]
# bad_flag = -9.990e-29
*END*
[from data line 690]
   1382.000   1364.468     3.6682     3.6686  32.801356  32.801628    6.03626     1.8820 5.9850e+01    -0.0518     0.0000      98.73    97.5537     0.0707      40990    6.03569    0.00000    34.9214    34.9213         64 0.0000e+00
   1384.000   1366.436     3.6659     3.6663  32.800560  32.800832    6.03538     1.8813 5.9936e+01    -0.0512     0.0000      98.73    97.5565     0.0707      41038    6.03447    0.00000    34.9219    34.9218         39 0.0000e+00
   1386.000   1368.404     3.6644     3.6649  32.799989  32.800469    6.03645     1.8813 5.9935e+01    -0.0510     0.0000      98.73    97.5423     0.0707      41076    6.03631    0.00000    34.9218    34.9219         39 0.0000e+00
   1388.000   1370.372     3.6609     3.6613  32.797633  32.797926    6.03614     1.8807 5.9897e+01    -0.0516     0.0000      98.73    97.5526     0.0707      41117    6.03589    0.00000    34.9218    34.9217         41 0.0000e+00
   1390.000   1372.341     3.6582     3.6586  32.795937  32.796229    6.03442     1.8799 5.9874e+01    -0.0520     0.0000      98.73    97.5572     0.0707      41167    6.03418    0.00000    34.9216    34.9215         67 0.0000e+00
   1392.000   1374.309     3.6568     3.6571  32.795492  32.795652    6.03162     1.8788 6.0118e+01    -0.0516     0.0000      98.73    97.5623     0.0707      41234    6.03134    0.00000    34.9215    34.9214         50 0.0000e+00
   1394.000   1376.277     3.6552     3.6556  32.794719  32.795002    6.03373     1.8789 5.9444e+01    -0.0518     0.0000      98.73    97.5472     0.0707      41272    6.03349    0.00000    34.9213    34.9212         37 0.0000e+00
   1396.000   1378.245     3.6543     3.6549  32.794808  32.795100    6.03304     1.8784 5.9746e+01    -0.0516     0.0000      98.73    97.5516     0.0707      41316    6.03280    0.00000    34.9213    34.9211         53 0.0000e+00
   1398.000   1380.213     3.6534     3.6539  32.794863  32.795101    6.03049     1.8774 5.9852e+01    -0.0513     0.0000      98.73    97.5563     0.0707      41374    6.03030    0.00000    34.9214    34.9211         55 0.0000e+00
   1400.000   1382.181     3.6528     3.6531  32.795268  32.795433    6.02809     1.8765 5.9942e+01    -0.0521     0.0000      98.73    97.5620     0.0707      41420    6.02795    0.00000    34.9215    34.9213         40 0.0000e+00
   1402.000   1384.149     3.6524     3.6528  32.795928  32.796183    6.02799     1.8761 5.9969e+01    -0.0520     0.0000      98.73    97.5573     0.0707      41457    6.02784    0.00000    34.9217    34.9216         35 0.0000e+00
   1404.000   1386.117     3.6518     3.6523  32.796355  32.796700    6.02522     1.8751 5.9705e+01    -0.0515     0.0000      98.73    97.5454     0.0705      41498    6.02513    0.00000    34.9219    34.9218         53 0.0000e+00
   1406.000   1388.085     3.6500     3.6505  32.796077  32.796374    6.02420     1.8745 5.9558e+01    -0.0522     0.0000      98.73    97.5583     0.0701      41560    6.02412    0.00000    34.9224    34.9223         59 0.0000e+00
   1408.000   1390.053     3.6494     3.6498  32.796496  32.796730    6.02835     1.8750 5.9821e+01    -0.0519     0.0000      98.73    97.5568     0.0706      41608    6.02812    0.00000    34.9226    34.9224         44 0.0000e+00
   1410.000   1392.021     3.6476     3.6481  32.795873  32.796223    6.02863     1.8747 5.9594e+01    -0.0518     0.0000      98.73    97.5630     0.0707      41655    6.02839    0.00000    34.9227    34.9226         51 0.0000e+00
   1412.000   1393.988     3.6447     3.6452  32.794066  32.794492    6.02517     1.8735 5.9641e+01    -0.0521     0.0000      98.73    97.5659     0.0707      41706    6.02501    0.00000    34.9226    34.9226         48 0.0000e+00
   1414.000   1395.956     3.6416     3.6419  32.792176  32.792466    6.02424     1.8728 5.9664e+01    -0.0517     0.0000      98.73    97.5555     0.0707      41751    6.02411    0.00000    34.9227    34.9227         42 0.0000e+00
   1416.000   1397.924     3.6407     3.6411  32.792306  32.792566    6.02170     1.8718 5.9229e+01    -0.0528     0.0000      98.73    97.5485     0.0705      41794    6.02161    0.00000    34.9228    34.9227         46 0.0000e+00
   1418.000   1399.892     3.6401     3.6404  32.792626  32.792881    6.01881     1.8708 5.9237e+01    -0.0521     0.0000      98.73    97.5493     0.0702      41843    6.01879    0.00000    34.9228    34.9228         51 0.0000e+00
   1420.000   1401.860     3.6399     3.6402  32.793370  32.793552    6.01894     1.8705 5.9264e+01    -0.0520     0.0000      98.73    97.5432     0.0701      41893    6.01889    0.00000    34.9229    34.9228         48 0.0000e+00
   1422.000   1403.828     3.6383     3.6386  32.792806  32.793167    6.01782     1.8698 5.9408e+01    -0.0525     0.0000      98.73    97.5627     0.0701      41943    6.01778    0.00000    34.9230    34.9231         55 0.0000e+00
   1424.000   1405.796     3.6364     3.6367  32.792211  32.792452    6.01742     1.8693 5.9692e+01    -0.0516     0.0000      98.73    97.5497     0.0700      41997    6.01737    0.00000    34.9232    34.9232         48 0.0000e+00
   1426.000   1407.763     3.6354     3.6358  32.792252  32.792544    6.01947     1.8694 5.9021e+01    -0.0523     0.0000      98.73    97.5580     0.0701      42040    6.01935    0.00000    34.9233    34.9232         41 0.0000e+00
   1428.000   1409.731     3.6350     3.6353  32.792616  32.792840    6.01717     1.8685 5.9223e+01    -0.0517     0.0000      98.73    97.5596     0.0703      42088    6.01707    0.00000    34.9233    34.9231         57 0.0000e+00
   1430.000   1411.699     3.6354     3.6357  32.793963  32.794135    6.01289     1.8672 5.9370e+01    -0.0526     0.0000      98.73    97.5630     0.0707      42141    6.01290    0.00000    34.9234    34.9233         44 0.0000e+00
   1432.000   1413.666     3.6331     3.6334  32.792841  32.793142    6.01393     1.8670 5.9103e+01    -0.0517     0.0000      98.73    97.5585     0.0707      42183    6.01390    0.00000    34.9235    34.9235         46 0.0000e+00
   1434.000   1415.634     3.6302     3.6305  32.791126  32.791344    6.01169     1.8661 5.8934e+01    -0.0512     0.0000      98.73    97.5567     0.0707      42236    6.01168    0.00000    34.9235    34.9235         55 0.0000e+00
   1436.000   1417.602     3.6301     3.6304  32.791923  32.792186    6.01457     1.8664 5.9048e+01    -0.0522     0.0000      98.73    97.5436     0.0707      42285    6.01448    0.00000    34.9236    34.9236         44 0.0000e+00
   1438.000   1419.569     3.6278     3.6281  32.791007  32.791309    6.01660     1.8664 5.8791e+01    -0.0518     0.0000      98.73    97.5580     0.0707      42331    6.01645    0.00000    34.9240    34.9240         49 0.0000e+00
   1440.000   1421.537     3.6277     3.6281  32.792064  32.792211    6.01546     1.8658 5.9069e+01    -0.0527     0.0000      98.73    97.5527     0.0707      42377    6.01532    0.00000    34.9243    34.9241         45 0.0000e+00
   1442.000   1423.505     3.6257     3.6260  32.791339  32.791593    6.01602     1.8657 5.8716e+01    -0.0516     0.0000      98.73    97.5535     0.0707      42429    6.01696    0.00000    34.9245    34.9245         55 0.0000e+00
   1444.000   1425.472     3.6224     3.6228  32.789374  32.789702    6.01896     1.8657 5.8820e+01    -0.0514     0.0000      98.73    97.5612     0.0707      42478    6.01910    0.00000    34.9248    34.9247         44 0.0000e+00
   1446.000   1427.440     3.6220     3.6223  32.790137  32.790275    6.01873     1.8652 5.8662e+01    -0.0524     0.0000      98.73    97.5564     0.0707      42526    6.01857    0.00000    34.9251    34.9249         58 0.0000e+00
   1448.000   1429.407     3.6198     3.6202  32.789416  32.789825    6.02221     1.8656 5.8636e+01    -0.0527     0.0000      98.73    97.5508     0.0707      42582    6.02221    0.00000    34.9255    34.9256         44 0.0000e+00
   1450.000   1431.375     3.6135     3.6138  32.784321  32.784586    6.02553     1.8658 5.8724e+01    -0.0531     0.0000      98.73    97.5415     0.0707      42618    6.02569    0.00000    34.9251    34.9252         34 0.0000e+00
   1452.000   1433.342     3.6088     3.6091  32.780364  32.780526    6.02784     1.8658 5.8489e+01    -0.0520     0.0000      98.73    97.5483     0.0707      42665    6.02803    0.00000    34.9244    34.9243         66 0.0000e+00
   1454.000   1435.310     3.6038     3.6043  32.776376  32.776687    6.02811     1.8652 5.8389e+01    -0.0520     0.0000      98.73    97.5635     0.0707      42727    6.02800    0.00000    34.9240    34.9239         47 0.0000e+00
   1456.000   1437.277     3.6028     3.6034  32.776229  32.776532    6.02716     1.8646 5.8608e+01    -0.0520     0.0000      98.73    97.5604     0.0707      42770    6.02706    0.00000    34.9238    34.9236         46 0.0000e+00
   1458.000   1439.245     3.6031     3.6035  32.777280  32.777516    6.02166     1.8631 5.8638e+01    -0.0521     0.0000      98.73    97.5580     0.0707      42820    6.02159    0.00000    34.9238    34.9236         48 0.0000e+00
   1460.000   1441.212     3.6004     3.6008  32.775836  32.776146    6.01822     1.8619 5.8382e+01    -0.0519     0.0000      98.73    97.5632     0.0707      42862    6.01804    0.00000    34.9240    34.9239         42 0.0000e+00
   1462.000   1443.180     3.5982     3.5987  32.774809  32.775035    6.01465     1.8606 5.8383e+01    -0.0515     0.0000      98.73    97.5593     0.0707      42919    6.01441    0.00000    34.9240    34.9239         65 0.0000e+00
   1464.000   1445.147     3.5967     3.5971  32.774457  32.774673    6.01657     1.8607 5.8248e+01    -0.0525     0.0000      98.73    97.5663     0.0707      42968    6.01643    0.00000    34.9243    34.9241         35 0.0000e+00
   1466.000   1447.115     3.5960     3.5964  32.774749  32.774840    6.01939     1.8610 5.8088e+01    -0.0522     0.0000      98.73    97.5424     0.0707      43002    6.01941    0.00000    34.9244    34.9240         37 0.0000e+00
   1468.000   1449.082     3.5957     3.5963  32.775390  32.775692    6.01494     1.8596 5.8228e+01    -0.0521     0.0000      98.73    97.5569     0.0707      43068    6.01479    0.00000    34.9244    34.9241         71 0.0000e+00
   1470.000   1451.049     3.5947     3.5952  32.775221  32.775684    6.01756     1.8598 5.8485e+01    -0.0514     0.0000      98.73    97.5500     0.0707      43125    6.01758    0.00000    34.9243    34.9243         35 0.0000e+00
   1472.000   1453.017     3.5932     3.5937  32.774853  32.774995    6.02109     1.8598 5.8379e+01    -0.0516     0.0000      98.73    97.5531     0.0707      43158    6.01934    0.00000    34.9244    34.9241         33 0.0000e+00
   1474.000   1454.984     3.5934     3.5939  32.776101  32.776255    6.02233     1.8599 5.8186e+01    -0.0520     0.0000      98.73    97.5553     0.0707      43196    6.02141    0.00000    34.9247    34.9244         46 0.0000e+00
   1476.000   1456.951     3.5937     3.5942  32.777063  32.777339    6.01972     1.8592 5.8067e+01    -0.0520     0.0000      98.73    97.5560     0.0707      43253    6.01965    0.00000    34.9246    34.9244         61 0.0000e+00
   1478.000   1458.919     3.5933     3.5938  32.778062  32.778261    6.01662     1.8581 5.8334e+01    -0.0519     0.0000      98.73    97.5498     0.0707      43303    6.01659    0.00000    34.9252    34.9248         41 0.0000e+00
   1480.000   1460.886     3.5958     3.5964  32.781812  32.782094    6.01566     1.8577 5.8176e+01    -0.0518     0.0000      98.73    97.5494     0.0707      43355    6.01560    0.00000    34.9260    34.9257         73 0.0000e+00
   1482.000   1462.853     3.5959     3.5962  32.783069  32.783276    6.02222     1.8588 5.8328e+01    -0.0522     0.0000      98.73    97.5555     0.0707      43421    6.02200    0.00000    34.9264    34.9263         44 0.0000e+00
   1484.000   1464.820     3.5948     3.5951  32.782761  32.782937    6.02610     1.8592 5.7769e+01    -0.0514     0.0000      98.73    97.5525     0.0707      43455    6.02592    0.00000    34.9262    34.9260         32 0.0000e+00
   1486.000   1466.788     3.5935     3.5940  32.782702  32.782939    6.02381     1.8583 5.7984e+01    -0.0520     0.0000      98.73    97.5476     0.0707      43491    6.02363    0.00000    34.9266    34.9262         44 0.0000e+00
   1488.000   1468.755     3.5892     3.5898  32.779573  32.779961    6.02122     1.8572 5.8209e+01    -0.0525     0.0000      98.73    97.5498     0.0707      43550    6.02094    0.00000    34.9263    34.9262         63 0.0000e+00
   1490.000   1470.722     3.5852     3.5857  32.776753  32.776985    6.02030     1.8566 5.8185e+01    -0.0539     0.0000      98.73    97.5674     0.0707      43600    6.02010    0.00000    34.9262    34.9260         41 0.0000e+00
   1492.000   1472.689     3.5831     3.5836  32.775648  32.775910    6.02084     1.8562 5.8049e+01    -0.0525     0.0000      98.73    97.5566     0.0707      43641    6.02058    0.00000    34.9261    34.9259         45 0.0000e+00
   1494.000   1474.656     3.5806     3.5811  32.774218  32.774437    6.01869     1.8553 5.7864e+01    -0.0522     0.0000      98.73    97.5662     0.0707      43694    6.01846    0.00000    34.9261    34.9258         59 0.0000e+00
   1496.000   1476.623     3.5779     3.5785  32.772599  32.772985    6.01937     1.8550 5.8141e+01    -0.0527     0.0000      98.73    97.5574     0.0707      43748    6.01898    0.00000    34.9261    34.9259         48 0.0000e+00
   1498.000   1478.590     3.5756     3.5761  32.771289  32.771597    6.02003     1.8547 5.7998e+01    -0.0514     0.0000      98.73    97.5664     0.0707      43793    6.01975    0.00000    34.9260    34.9258         43 0.0000e+00
   1500.000   1480.558     3.5755     3.5761  32.772143  32.772416    6.01697     1.8537 5.7862e+01    -0.0518     0.0000      98.73    97.5670     0.0707      43840    6.01673    0.00000    34.9260    34.9257         51 0.0000e+00
   1502.000   1482.525     3.5726     3.5733  32.770309  32.770862    6.01613     1.8530 5.8016e+01    -0.0515     0.0000      98.73    97.5666     0.0707      43891    6.01529    0.00000    34.9259    34.9258         49 0.0000e+00
   1504.000   1484.492     3.5685     3.5690  32.767334  32.767604    6.01716     1.8526 5.7672e+01    -0.0524     0.0000      98.73    97.5670     0.0707      43936    6.01609    0.00000    34.9258    34.9255         43 0.0000e+00
   1506.000   1486.459     3.5673     3.5679  32.767105  32.767320    6.01799     1.8526 5.7939e+01    -0.0519     0.0000      98.73    97.5573     0.0707      43983    6.01777    0.00000    34.9258    34.9254         52 0.0000e+00
   1508.000   1488.426     3.5661     3.5667  32.766971  32.767235    6.01992     1.8527 5.7884e+01    -0.0522     0.0000      98.73    97.5552     0.0707      44039    6.01989    0.00000    34.9259    34.9256         56 0.0000e+00
   1510.000   1490.393     3.5656     3.5661  32.767567  32.767721    6.02191     1.8527 5.7849e+01    -0.0519     0.0000      98.73    97.5543     0.0707      44087    6.02164    0.00000    34.9261    34.9258         42 0.0000e+00
   1512.000   1492.360     3.5645     3.5650  32.767507  32.767660    6.02251     1.8525 5.7874e+01    -0.0521     0.0000      98.73    97.5598     0.0707      44129    6.02246    0.00000    34.9262    34.9259         46 0.0000e+00
   1514.000   1494.327     3.5623     3.5628  32.766239  32.766495    6.02174     1.8519 5.7710e+01    -0.0516     0.0000      98.73    97.5599     0.0707      44184    6.02154    0.00000    34.9260    34.9259         61 0.0000e+00
   1516.000   1496.294     3.5569     3.5574  32.761937  32.762317    6.02260     1.8515 5.7814e+01    -0.0520     0.0000      98.73    97.5660     0.0707      44242    6.02228    0.00000    34.9257    34.9256         49 0.0000e+00
