Ship_data/Irminger/Irminger-2/ctd/process/OOI/dat30_010.cnv
* Sea-Bird SBE 9 Data File:
* FileName = C:\data\ctd\at30_010.hex
* Software Version Seasave V 7.21f
* Temperature SN = 2265
* Conductivity SN = 3021
* Number of Bytes Per Scan = 40
* Number of Voltage Words = 5
* Number of Scans Averaged by the Deck Unit = 1
* NMEA Latitude = 59 45.71 N
* NMEA Longitude = 039 52.84 W
* NMEA UTC (Time) = Aug 19 2015  21:15:33
** FLMA 2 post deployment cal
# nquan = 21
# nvalues = 1366                        
# units = specified
# name 0 = prDM: Pressure, Digiquartz [db]
# name 1 = depSM: Depth [salt water, m]
# name 2 = t090C: Temperature [ITS-90, deg C]
# name 3 = t190C: Temperature, 2 [ITS-90, deg C]
# name 4 = c0mS/cm: Conductivity [mS/cm]
# name 5 = c1mS/cm: Conductivity, 2 [mS/cm]
# name 6 = sbeox0ML/L: Oxygen, SBE 43 [ml/l]
# name 7 = sbeox0V: Oxygen raw, SBE 43 [V]
# name 8 = spar: SPAR/Surface Irradiance
# name 9 = flECO-AFL: Fluorescence, WET Labs ECO-AFL/FL [mg/m^3]
# name 10 = v2: Voltage 2
# name 11 = altM: Altimeter [m]
# name 12 = CStarTr0: Beam Transmission, WET Labs C-Star [%]
# name 13 = turbWETntu0: Turbidity, WET Labs ECO [NTU]
# name 14 = scan: Scan Count
# name 15 = sbeox0ML/L: Oxygen, SBE 43 [ml/l], WS = 2
# name 16 = sbeox0dOV/dT: Oxygen, SBE 43 [dov/dt], WS = 2
# name 17 = sal00: Salinity, Practical [PSU]
# name 18 = sal11: Salinity, Practical, 2 [PSU]
# name 19 = nbin: number of scans per bin
# name 20 = flag: flag
# span 0 =      2.000,   2732.000       
# span 1 =      1.981,   2688.827       
# span 2 =     1.4283,     8.3509       
# span 3 =     1.4286,     8.3513       
# span 4 =  31.349784,  36.398038       
# span 5 =  31.350027,  36.399113       
# span 6 =    6.01169,    6.99542       
# span 7 =     1.6816,     2.5391       
# span 8 = 3.3400e+01, 1.0972e+02       
# span 9 =    -0.0749,     2.2177       
# span 10 =     0.0000,     0.0000      
# span 11 =       7.89,      98.87      
# span 12 =    92.7189,    97.6239      
# span 13 =     0.0675,     0.1191      
# span 14 =         -2,      79889      
# span 15 =    6.01168,    6.99638      
# span 16 =    0.00000,    0.00000      
# span 17 =    34.8371,    35.0187      
# span 18 =    34.8453,    35.0200      
# span 19 =         26,        124      
# span 20 = 0.0000e+00, 0.0000e+00      
# interval = decibars: 2                
# start_time = Aug 19 2015 21:15:33 [NMEA time, header]
# bad_flag = -9.990e-29
*END*
[from data line 621]
   1244.000   1228.621     3.4547     3.4550  32.507338  32.507475    6.53051     2.0105 6.1810e+01    -0.0518     0.0000      98.73    97.5416     0.0707      37671    6.53039    0.00000    34.8670    34.8669         36 0.0000e+00
   1246.000   1230.590     3.4583     3.4588  32.512038  32.512265    6.52489     2.0090 6.1536e+01    -0.0514     0.0000      98.73    97.5388     0.0707      37710    6.52477    0.00000    34.8678    34.8675         53 0.0000e+00
   1248.000   1232.560     3.4596     3.4598  32.514126  32.514039    6.50832     2.0049 6.1896e+01    -0.0523     0.0000      98.73    97.5206     0.0707      37792    6.50825    0.00000    34.8679    34.8676         50 0.0000e+00
   1250.000   1234.529     3.4649     3.4652  32.520533  32.520508    6.50910     2.0049 6.1812e+01    -0.0514     0.0000      98.73    97.5389     0.0707      37826    6.50900    0.00000    34.8689    34.8685         30 0.0000e+00
   1252.000   1236.499     3.4670     3.4674  32.523841  32.524085    6.50832     2.0044 6.1892e+01    -0.0514     0.0000      98.73    97.5433     0.0707      37856    6.50822    0.00000    34.8696    34.8695         32 0.0000e+00
   1254.000   1238.468     3.4673     3.4679  32.524959  32.525419    6.50028     2.0022 6.1446e+01    -0.0518     0.0000      98.73    97.5447     0.0707      37903    6.49985    0.00000    34.8696    34.8696         64 0.0000e+00
   1256.000   1240.437     3.4693     3.4697  32.527915  32.527953    6.49668     2.0012 6.1844e+01    -0.0515     0.0000      98.73    97.5390     0.0707      37962    6.49677    0.00000    34.8700    34.8697         44 0.0000e+00
   1258.000   1242.406     3.4761     3.4765  32.535945  32.535864    6.49499     2.0008 6.1729e+01    -0.0515     0.0000      98.73    97.5440     0.0707      38002    6.49540    0.00000    34.8714    34.8709         43 0.0000e+00
   1260.000   1244.376     3.4811     3.4814  32.541877  32.541970    6.48820     1.9989 6.1645e+01    -0.0520     0.0000      98.73    97.5487     0.0707      38061    6.48805    0.00000    34.8722    34.8720         72 0.0000e+00
   1262.000   1246.345     3.4830     3.4837  32.544681  32.545298    6.48132     1.9970 6.1749e+01    -0.0525     0.0000      98.73    97.5481     0.0707      38119    6.48116    0.00000    34.8725    34.8725         40 0.0000e+00
   1264.000   1248.314     3.4849     3.4852  32.547616  32.547492    6.47732     1.9959 6.1580e+01    -0.0516     0.0000      98.73    97.5493     0.0707      38153    6.47724    0.00000    34.8729    34.8725         32 0.0000e+00
   1266.000   1250.284     3.4988     3.4994  32.563133  32.562980    6.46837     1.9940 6.1212e+01    -0.0522     0.0000      98.73    97.5493     0.0707      38188    6.46818    0.00000    34.8757    34.8749         44 0.0000e+00
   1268.000   1252.253     3.5067     3.5069  32.572486  32.572376    6.45560     1.9911 6.1271e+01    -0.0520     0.0000      98.73    97.5493     0.0707      38254    6.45548    0.00000    34.8775    34.8771         68 0.0000e+00
   1270.000   1254.222     3.5088     3.5089  32.575241  32.575206    6.44802     1.9891 6.1590e+01    -0.0523     0.0000      98.73    97.5493     0.0707      38298    6.44783    0.00000    34.8776    34.8774         32 0.0000e+00
   1272.000   1256.191     3.5097     3.5102  32.577039  32.577361    6.44225     1.9874 6.1428e+01    -0.0520     0.0000      98.73    97.5493     0.0707      38329    6.44212    0.00000    34.8777    34.8776         36 0.0000e+00
   1274.000   1258.160     3.5094     3.5100  32.577487  32.577962    6.42727     1.9836 6.1228e+01    -0.0518     0.0000      98.73    97.5486     0.0707      38399    6.42715    0.00000    34.8775    34.8774         71 0.0000e+00
   1276.000   1260.130     3.5124     3.5125  32.581470  32.581319    6.42559     1.9829 6.1694e+01    -0.0518     0.0000      98.73    97.5505     0.0707      38454    6.42501    0.00000    34.8781    34.8778         35 0.0000e+00
   1278.000   1262.099     3.5228     3.5237  32.593444  32.593195    6.42362     1.9828 6.1215e+01    -0.0530     0.0000      98.73    97.5392     0.0707      38486    6.42460    0.00000    34.8803    34.8790         32 0.0000e+00
   1280.000   1264.068     3.5373     3.5380  32.609574  32.609819    6.41416     1.9807 6.1001e+01    -0.0519     0.0000      98.73    97.5501     0.0707      38530    6.41403    0.00000    34.8832    34.8827         62 0.0000e+00
   1282.000   1266.037     3.5440     3.5447  32.617375  32.617769    6.39676     1.9767 6.1504e+01    -0.0526     0.0000      98.73    97.5459     0.0707      38594    6.39666    0.00000    34.8844    34.8841         50 0.0000e+00
   1284.000   1268.006     3.5519     3.5524  32.626608  32.626813    6.38906     1.9748 6.1394e+01    -0.0514     0.0000      98.73    97.5429     0.0707      38631    6.38878    0.00000    34.8860    34.8857         32 0.0000e+00
   1286.000   1269.975     3.5541     3.5545  32.629762  32.630048    6.38175     1.9729 6.0707e+01    -0.0518     0.0000      98.73    97.5477     0.0707      38664    6.38161    0.00000    34.8864    34.8863         38 0.0000e+00
   1288.000   1271.944     3.5540     3.5548  32.630353  32.630955    6.35704     1.9669 6.0915e+01    -0.0521     0.0000      98.73    97.5476     0.0707      38734    6.35682    0.00000    34.8862    34.8860         74 0.0000e+00
   1290.000   1273.913     3.5611     3.5618  32.638698  32.639067    6.34764     1.9647 6.1292e+01    -0.0520     0.0000      98.73    97.5553     0.0707      38791    6.34747    0.00000    34.8876    34.8873         35 0.0000e+00
   1292.000   1275.882     3.5677     3.5683  32.646465  32.646639    6.34703     1.9645 6.1055e+01    -0.0525     0.0000      98.73    97.5454     0.0707      38824    6.34684    0.00000    34.8888    34.8885         33 0.0000e+00
   1294.000   1277.851     3.5749     3.5749  32.654979  32.654597    6.33996     1.9628 6.0397e+01    -0.0525     0.0000      98.73    97.5544     0.0707      38861    6.33989    0.00000    34.8903    34.8899         44 0.0000e+00
   1296.000   1279.820     3.5839     3.5844  32.665367  32.665540    6.32931     1.9604 6.0804e+01    -0.0519     0.0000      98.73    97.5517     0.0707      38917    6.32910    0.00000    34.8922    34.8918         64 0.0000e+00
   1298.000   1281.789     3.5968     3.5972  32.680192  32.680072    6.31808     1.9580 6.1225e+01    -0.0529     0.0000      98.73    97.5550     0.0707      38971    6.31801    0.00000    34.8951    34.8946         43 0.0000e+00
   1300.000   1283.758     3.5978     3.5984  32.682193  32.682697    6.30956     1.9557 6.0655e+01    -0.0510     0.0000      98.73    97.5562     0.0702      39011    6.30933    0.00000    34.8955    34.8954         39 0.0000e+00
   1302.000   1285.727     3.5997     3.6010  32.685038  32.686023    6.29501     1.9521 6.0656e+01    -0.0522     0.0000      98.73    97.5564     0.0702      39062    6.29482    0.00000    34.8959    34.8957         74 0.0000e+00
   1304.000   1287.696     3.6066     3.6081  32.693189  32.694218    6.27782     1.9482 6.0921e+01    -0.0528     0.0000      98.73    97.5490     0.0707      39129    6.27778    0.00000    34.8972    34.8969         42 0.0000e+00
   1306.000   1289.665     3.6125     3.6129  32.700277  32.700440    6.27585     1.9476 6.0476e+01    -0.0517     0.0000      98.73    97.5514     0.0707      39161    6.27556    0.00000    34.8984    34.8982         30 0.0000e+00
   1308.000   1291.633     3.6145     3.6150  32.703277  32.703571    6.26710     1.9453 6.0538e+01    -0.0516     0.0000      98.73    97.5530     0.0704      39199    6.26693    0.00000    34.8988    34.8987         50 0.0000e+00
   1310.000   1293.602     3.6155     3.6160  32.705177  32.705482    6.24883     1.9409 6.0610e+01    -0.0521     0.0000      98.73    97.5620     0.0700      39257    6.24867    0.00000    34.8990    34.8989         56 0.0000e+00
   1312.000   1295.571     3.6171     3.6174  32.707734  32.707946    6.24203     1.9390 6.0848e+01    -0.0517     0.0000      98.73    97.5652     0.0703      39306    6.24200    0.00000    34.8994    34.8993         48 0.0000e+00
   1314.000   1297.540     3.6196     3.6201  32.711269  32.711539    6.23781     1.9378 6.0537e+01    -0.0524     0.0000      98.73    97.5575     0.0707      39356    6.23756    0.00000    34.8999    34.8997         50 0.0000e+00
   1316.000   1299.509     3.6244     3.6248  32.717435  32.717464    6.23269     1.9364 6.0533e+01    -0.0515     0.0000      98.73    97.5593     0.0707      39403    6.23243    0.00000    34.9011    34.9007         46 0.0000e+00
   1318.000   1301.477     3.6287     3.6292  32.722906  32.723184    6.22809     1.9352 6.0619e+01    -0.0526     0.0000      98.73    97.5513     0.0707      39448    6.22792    0.00000    34.9021    34.9019         42 0.0000e+00
   1320.000   1303.446     3.6308     3.6313  32.726178  32.726508    6.22283     1.9338 6.0699e+01    -0.0521     0.0000      98.73    97.5589     0.0707      39489    6.22269    0.00000    34.9027    34.9026         43 0.0000e+00
   1322.000   1305.415     3.6332     3.6336  32.729621  32.729853    6.21034     1.9307 6.0311e+01    -0.0523     0.0000      98.73    97.5571     0.0707      39541    6.21021    0.00000    34.9033    34.9032         61 0.0000e+00
   1324.000   1307.384     3.6361     3.6365  32.733761  32.734041    6.19961     1.9280 6.0458e+01    -0.0519     0.0000      98.73    97.5534     0.0707      39599    6.19938    0.00000    34.9042    34.9040         51 0.0000e+00
   1326.000   1309.352     3.6379     3.6383  32.736677  32.736898    6.19682     1.9271 6.0632e+01    -0.0517     0.0000      98.73    97.5477     0.0707      39646    6.19667    0.00000    34.9047    34.9045         45 0.0000e+00
   1328.000   1311.321     3.6439     3.6444  32.744388  32.744196    6.19037     1.9255 6.0193e+01    -0.0522     0.0000      98.73    97.5528     0.0707      39688    6.19016    0.00000    34.9065    34.9058         38 0.0000e+00
   1330.000   1313.289     3.6496     3.6502  32.751592  32.751887    6.18462     1.9241 6.0383e+01    -0.0520     0.0000      98.73    97.5522     0.0707      39729    6.18451    0.00000    34.9080    34.9078         54 0.0000e+00
   1332.000   1315.258     3.6538     3.6548  32.757227  32.757904    6.17112     1.9208 6.0406e+01    -0.0513     0.0000      98.73    97.5601     0.0707      39793    6.17088    0.00000    34.9093    34.9090         53 0.0000e+00
   1334.000   1317.227     3.6573     3.6576  32.761981  32.762052    6.16582     1.9194 6.0269e+01    -0.0524     0.0000      98.73    97.5612     0.0707      39829    6.16571    0.00000    34.9102    34.9100         31 0.0000e+00
   1336.000   1319.195     3.6591     3.6595  32.765078  32.765297    6.15879     1.9175 6.0154e+01    -0.0516     0.0000      98.73    97.5553     0.0707      39864    6.15867    0.00000    34.9110    34.9109         47 0.0000e+00
   1338.000   1321.164     3.6589     3.6598  32.765899  32.766498    6.13816     1.9125 6.0340e+01    -0.0522     0.0000      98.73    97.5524     0.0707      39950    6.13793    0.00000    34.9111    34.9109         54 0.0000e+00
   1340.000   1323.133     3.6589     3.6592  32.767253  32.767500    6.13568     1.9116 6.0200e+01    -0.0510     0.0000      98.73    97.5554     0.0707      39990    6.13542    0.00000    34.9118    34.9117         34 0.0000e+00
   1342.000   1325.101     3.6581     3.6586  32.767512  32.767637    6.13320     1.9106 6.0310e+01    -0.0526     0.0000      98.73    97.5561     0.0707      40024    6.13301    0.00000    34.9119    34.9116         35 0.0000e+00
   1344.000   1327.070     3.6604     3.6609  32.771345  32.771412    6.12658     1.9089 6.0319e+01    -0.0523     0.0000      98.73    97.5557     0.0707      40064    6.12654    0.00000    34.9131    34.9126         45 0.0000e+00
   1346.000   1329.038     3.6624     3.6629  32.774611  32.774934    6.11820     1.9067 6.0065e+01    -0.0518     0.0000      98.73    97.5541     0.0707      40114    6.11797    0.00000    34.9138    34.9137         53 0.0000e+00
   1348.000   1331.007     3.6637     3.6645  32.777104  32.777478    6.11208     1.9050 6.0412e+01    -0.0518     0.0000      98.73    97.5594     0.0707      40164    6.11193    0.00000    34.9144    34.9140         45 0.0000e+00
   1350.000   1332.975     3.6711     3.6714  32.785767  32.785722    6.10254     1.9028 6.0190e+01    -0.0516     0.0000      98.73    97.5573     0.0707      40210    6.10237    0.00000    34.9159    34.9154         54 0.0000e+00
   1352.000   1334.943     3.6734     3.6739  32.789194  32.789637    6.09195     1.9001 6.0232e+01    -0.0525     0.0000      98.73    97.5477     0.0707      40277    6.09179    0.00000    34.9164    34.9164         68 0.0000e+00
   1354.000   1336.912     3.6723     3.6728  32.789236  32.789518    6.08588     1.8984 6.0250e+01    -0.0528     0.0000      98.73    97.5562     0.0707      40328    6.08588    0.00000    34.9167    34.9166         37 0.0000e+00
   1356.000   1338.881     3.6731     3.6734  32.791075  32.791140    6.08611     1.8981 6.0012e+01    -0.0519     0.0000      98.73    97.5554     0.0707      40360    6.08599    0.00000    34.9171    34.9168         31 0.0000e+00
   1358.000   1340.849     3.6773     3.6778  32.796956  32.797034    6.07981     1.8965 6.0170e+01    -0.0527     0.0000      98.73    97.5516     0.0707      40395    6.07964    0.00000    34.9185    34.9181         46 0.0000e+00
   1360.000   1342.817     3.6796     3.6799  32.800616  32.800573    6.06932     1.8939 6.0137e+01    -0.0537     0.0000      98.73    97.5560     0.0707      40458    6.06923    0.00000    34.9195    34.9191         64 0.0000e+00
   1362.000   1344.786     3.6768     3.6774  32.798893  32.799312    6.06408     1.8922 6.0141e+01    -0.0527     0.0000      98.73    97.5423     0.0707      40504    6.06401    0.00000    34.9194    34.9192         38 0.0000e+00
   1364.000   1346.754     3.6756     3.6760  32.798467  32.798807    6.06079     1.8911 6.0186e+01    -0.0521     0.0000      98.73    97.5484     0.0707      40544    6.06056    0.00000    34.9192    34.9191         43 0.0000e+00
   1366.000   1348.722     3.6762     3.6767  32.799932  32.800227    6.05347     1.8891 5.9949e+01    -0.0526     0.0000      98.73    97.5546     0.0707      40599    6.05334    0.00000    34.9192    34.9190         70 0.0000e+00
   1368.000   1350.690     3.6774     3.6779  32.802207  32.802411    6.04865     1.8877 6.0286e+01    -0.0522     0.0000      98.73    97.5653     0.0707      40664    6.04860    0.00000    34.9196    34.9194         48 0.0000e+00
   1370.000   1352.659     3.6776     3.6780  32.803330  32.803628    6.05091     1.8879 6.0080e+01    -0.0514     0.0000      98.73    97.5548     0.0707      40701    6.05079    0.00000    34.9198    34.9197         33 0.0000e+00
   1372.000   1354.627     3.6745     3.6749  32.801643  32.801890    6.05051     1.8873 6.0085e+01    -0.0522     0.0000      98.73    97.5556     0.0707      40734    6.05042    0.00000    34.9201    34.9200         36 0.0000e+00
   1374.000   1356.595     3.6750     3.6753  32.803319  32.803536    6.04602     1.8860 5.9982e+01    -0.0514     0.0000      98.73    97.5525     0.0707      40782    6.04590    0.00000    34.9206    34.9205         61 0.0000e+00
   1376.000   1358.563     3.6710     3.6714  32.801036  32.801461    6.04225     1.8846 6.0110e+01    -0.0516     0.0000      98.73    97.5662     0.0707      40844    6.04217    0.00000    34.9211    34.9211         53 0.0000e+00
   1378.000   1360.532     3.6686     3.6691  32.800050  32.800309    6.04409     1.8846 6.0038e+01    -0.0518     0.0000      98.73    97.5582     0.0707      40887    6.04400    0.00000    34.9214    34.9212         39 0.0000e+00
