Ship_data/Irminger/Irminger-2/ctd/process/OOI/dat30_010.cnv
* Sea-Bird SBE 9 Data File:
* FileName = C:\data\ctd\at30_010.hex
* Software Version Seasave V 7.21f
* Temperature SN = 2265
* Conductivity SN = 3021
* Number of Bytes Per Scan = 40
* Number of Voltage Words = 5
* Number of Scans Averaged by the Deck Unit = 1
* NMEA Latitude = 59 45.71 N
* NMEA Longitude = 039 52.84 W
* NMEA UTC (Time) = Aug 19 2015  21:15:33
** FLMA 2 post deployment cal
# nquan = 21
# nvalues = 1366                        
# units = specified
# name 0 = prDM: Pressure, Digiquartz [db]
# name 1 = depSM: Depth [salt water, m]
# name 2 = t090C: Temperature [ITS-90, deg C]
# name 3 = t190C: Temperature, 2 [ITS-90, deg C]
# name 4 = c0mS/cm: Conductivity [mS/cm]
# name 5 = c1mS/cm: Conductivity, 2 [mS/cm]
# name 6 = sbeox0ML/L: Oxygen, SBE 43 [ml/l]
# name 7 = sbeox0V: Oxygen raw, SBE 43 [V]
# name 8 = spar: SPAR/Surface Irradiance
# name 9 = flECO-AFL: Fluorescence, WET Labs ECO-AFL/FL [mg/m^3]
# name 10 = v2: Voltage 2
# name 11 = altM: Altimeter [m]
# name 12 = CStarTr0: Beam Transmission, WET Labs C-Star [%]
# name 13 = turbWETntu0: Turbidity, WET Labs ECO [NTU]
# name 14 = scan: Scan Count
# name 15 = sbeox0ML/L: Oxygen, SBE 43 [ml/l], WS = 2
# name 16 = sbeox0dOV/dT: Oxygen, SBE 43 [dov/dt], WS = 2
# name 17 = sal00: Salinity, Practical [PSU]
# name 18 = sal11: Salinity, Practical, 2 [PSU]
# name 19 = nbin: number of scans per bin
# name 20 = flag: flag
# span 0 =      2.000,   2732.000       
# span 1 =      1.981,   2688.827       
# span 2 =     1.4283,     8.3509       
# span 3 =     1.4286,     8.3513       
# span 4 =  31.349784,  36.398038       
# span 5 =  31.350027,  36.399113       
# span 6 =    6.01169,    6.99542       
# span 7 =     1.6816,     2.5391       
# span 8 = 3.3400e+01, 1.0972e+02       
# span 9 =    -0.0749,     2.2177       
# span 10 =     0.0000,     0.0000      
# span 11 =       7.89,      98.87      
# span 12 =    92.7189,    97.6239      
# span 13 =     0.0675,     0.1191      
# span 14 =         -2,      79889      
# span 15 =    6.01168,    6.99638      
# span 16 =    0.00000,    0.00000      
# span 17 =    34.8371,    35.0187      
# span 18 =    34.8453,    35.0200      
# span 19 =         26,        124      
# span 20 = 0.0000e+00, 0.0000e+00      
# interval = decibars: 2                
# start_time = Aug 19 2015 21:15:33 [NMEA time, header]
# bad_flag = -9.990e-29
*END*
[from data line 1311]
   2624.000   2583.180     2.2157     2.2162  32.004976  32.005589    6.33454     1.6869 3.8396e+01    -0.0520     0.0000      98.73    97.3900     0.0702      70919    6.33804    0.00000    34.9063    34.9065         39 0.0000e+00
   2626.000   2585.137     2.2064     2.2062  31.997239  31.996893    6.34098     1.6869 3.8275e+01    -0.0531     0.0000      98.73    97.3855     0.0702      70969    6.34123    0.00000    34.9058    34.9056         69 0.0000e+00
   2628.000   2587.094     2.1996     2.2002  31.992170  31.992238    6.34802     1.6877 3.8441e+01    -0.0528     0.0000      98.73    97.3928     0.0707      71039    6.34807    0.00000    34.9059    34.9055         53 0.0000e+00
   2630.000   2589.051     2.1954     2.1958  31.989128  31.989288    6.35325     1.6882 3.8091e+01    -0.0523     0.0000      98.73    97.3923     0.0707      71081    6.35332    0.00000    34.9059    34.9056         40 0.0000e+00
   2632.000   2591.008     2.1813     2.1817  31.976765  31.977265    6.35766     1.6882 3.8238e+01    -0.0527     0.0000      98.73    97.3923     0.0707      71126    6.35790    0.00000    34.9050    34.9051         52 0.0000e+00
   2634.000   2592.964     2.1665     2.1671  31.964426  31.964608    6.36221     1.6882 3.8308e+01    -0.0527     0.0000      98.73    97.3940     0.0707      71189    6.36226    0.00000    34.9047    34.9043         65 0.0000e+00
   2636.000   2594.921     2.1583     2.1588  31.958170  31.958426    6.36619     1.6883 3.8424e+01    -0.0529     0.0000      98.73    97.4005     0.0707      71240    6.36599    0.00000    34.9049    34.9047         42 0.0000e+00
   2638.000   2596.878     2.1479     2.1486  31.949227  31.950011    6.37244     1.6888 3.8100e+01    -0.0519     0.0000      98.73    97.4005     0.0705      71300    6.37247    0.00000    34.9042    34.9044         53 0.0000e+00
   2640.000   2598.835     2.1425     2.1396  31.945302  31.943793    6.37738     1.6892 3.8345e+01    -0.0526     0.0000      98.73    97.3845     0.0704      71411    6.37742    0.00000    34.9042    34.9055         32 0.0000e+00
   2642.000   2600.791     2.1047     2.1046  31.910517  31.910882    6.38612     1.6891 3.8197e+01    -0.0526     0.0000      98.73    97.3866     0.0707      71443    6.38608    0.00000    34.9013    34.9018         42 0.0000e+00
   2644.000   2602.748     2.1020     2.0966  31.908441  31.903516    6.39483     1.6903 3.8120e+01    -0.0519     0.0000      98.73    97.3818     0.0707      71540    6.39474    0.00000    34.9008    34.9005         61 0.0000e+00
   2646.000   2604.705     2.0885     2.0877  31.897705  31.896767    6.41178     1.6926 3.8143e+01    -0.0522     0.0000      98.73    97.3867     0.0707      71634    6.41162    0.00000    34.9011    34.9008         73 0.0000e+00
   2648.000   2606.662     2.0740     2.0729  31.886252  31.885716    6.42239     1.6938 3.8123e+01    -0.0518     0.0000      98.73    97.3917     0.0707      71738    6.42249    0.00000    34.9017    34.9022         57 0.0000e+00
   2650.000   2608.618     2.0473     2.0473  31.863208  31.863456    6.43036     1.6939 3.7880e+01    -0.0519     0.0000      98.73    97.4003     0.0707      71790    6.42990    0.00000    34.9012    34.9015         62 0.0000e+00
   2652.000   2610.575     2.0447     2.0435  31.861483  31.860615    6.42983     1.6935 3.8070e+01    -0.0525     0.0000      98.73    97.4182     0.0707      71924    6.42959    0.00000    34.9009    34.9011         67 0.0000e+00
   2654.000   2612.532     2.0189     2.0194  31.838717  31.838793    6.43774     1.6937 3.8002e+01    -0.0526     0.0000      98.73    97.4168     0.0707      71995    6.43781    0.00000    34.8997    34.8993         91 0.0000e+00
   2656.000   2614.488     2.0121     2.0128  31.833425  31.833728    6.44621     1.6947 3.8089e+01    -0.0527     0.0000      98.73    97.4300     0.0707      72074    6.44627    0.00000    34.8995    34.8992         66 0.0000e+00
   2658.000   2616.445     2.0126     2.0114  31.834761  31.833442    6.44917     1.6949 3.8002e+01    -0.0528     0.0000      98.73    97.4363     0.0705      72184    6.44898    0.00000    34.8998    34.8994         72 0.0000e+00
   2660.000   2618.401     2.0078     2.0080  31.831654  31.831351    6.45184     1.6949 3.7918e+01    -0.0526     0.0000      98.73    97.4375     0.0707      72269    6.45163    0.00000    34.9002    34.8995         69 0.0000e+00
   2662.000   2620.358     2.0122     2.0125  31.837277  31.837189    6.45274     1.6950 3.7945e+01    -0.0531     0.0000      98.73    97.4314     0.0707      72372    6.45289    0.00000    34.9014    34.9010         55 0.0000e+00
   2664.000   2622.315     2.0129     2.0133  31.839183  31.839303    6.45274     1.6947 3.7830e+01    -0.0527     0.0000      98.73    97.4211     0.0702      72433    6.45279    0.00000    34.9020    34.9017         67 0.0000e+00
   2666.000   2624.271     2.0084     2.0082  31.835859  31.835805    6.44332     1.6925 3.7808e+01    -0.0530     0.0000      98.73    97.4045     0.0707      72562    6.44321    0.00000    34.9018    34.9020         50 0.0000e+00
   2668.000   2626.228     1.9891     1.9871  31.819394  31.817985    6.44581     1.6920 3.7723e+01    -0.0526     0.0000      98.73    97.4039     0.0707      72642    6.44587    0.00000    34.9014    34.9018         66 0.0000e+00
   2670.000   2628.184     1.9679     1.9665  31.801107  31.799779    6.45081     1.6918 3.7955e+01    -0.0511     0.0000      98.73    97.4089     0.0703      72717    6.45074    0.00000    34.9008    34.9007         48 0.0000e+00
   2672.000   2630.141     1.9640     1.9613  31.798261  31.795502    6.45221     1.6916 3.7521e+01    -0.0522     0.0000      98.73    97.4335     0.0705      72811    6.45207    0.00000    34.9005    34.9001        109 0.0000e+00
   2674.000   2632.097     1.9531     1.9535  31.789290  31.789658    6.45874     1.6921 3.7378e+01    -0.0522     0.0000      98.73    97.4355     0.0707      72935    6.45869    0.00000    34.9003    34.9003         83 0.0000e+00
   2676.000   2634.054     1.9187     1.9188  31.759062  31.759318    6.46995     1.6927 3.7528e+01    -0.0522     0.0000      98.73    97.4385     0.0707      72996    6.47040    0.00000    34.8991    34.8993         61 0.0000e+00
   2678.000   2636.010     1.9153     1.9150  31.756428  31.755751    6.47429     1.6930 3.7312e+01    -0.0529     0.0000      98.73    97.4296     0.0707      73071    6.47417    0.00000    34.8986    34.8981         77 0.0000e+00
   2680.000   2637.967     1.9051     1.9038  31.747914  31.747165    6.48424     1.6941 3.7287e+01    -0.0519     0.0000      98.73    97.4293     0.0707      73189    6.48413    0.00000    34.8982    34.8987         80 0.0000e+00
   2682.000   2639.923     1.8790     1.8782  31.726033  31.725377    6.49282     1.6943 3.7487e+01    -0.0531     0.0000      98.73    97.4097     0.0707      73297    6.49209    0.00000    34.8984    34.8984         65 0.0000e+00
   2684.000   2641.879     1.8645     1.8653  31.714715  31.715257    6.50134     1.6952 3.7285e+01    -0.0519     0.0000      98.73    97.3954     0.0707      73346    6.50130    0.00000    34.8990    34.8989         52 0.0000e+00
   2686.000   2643.836     1.8569     1.8569  31.709483  31.709417    6.50708     1.6956 3.7026e+01    -0.0628     0.0000      77.03    97.3805     0.0707      73478    6.50693    0.00000    34.8999    34.8998         94 0.0000e+00
   2688.000   2645.792     1.8348     1.8353  31.691505  31.691807    6.50833     1.6948 3.7179e+01    -0.0570     0.0000      89.94    97.3494     0.0707      73588    6.50837    0.00000    34.9006    34.9004         86 0.0000e+00
   2690.000   2647.748     1.8225     1.8226  31.681247  31.681147    6.50999     1.6943 3.6878e+01    -0.0606     0.0000      81.47    97.3379     0.0707      73696    6.50997    0.00000    34.9003    34.9000        118 0.0000e+00
   2692.000   2649.704     1.7973     1.7933  31.659406  31.656368    6.51573     1.6942 3.7024e+01    -0.0732     0.0000      54.00    97.3285     0.0707      73881    6.51573    0.00000    34.8995    34.9001         62 0.0000e+00
   2694.000   2651.661     1.7677     1.7677  31.633678  31.633653    6.52338     1.6942 3.6810e+01    -0.0693     0.0000      61.53    97.3494     0.0707      73972    6.52335    0.00000    34.8987    34.8987         86 0.0000e+00
   2696.000   2653.617     1.7515     1.7501  31.621060  31.619622    6.53542     1.6955 3.6536e+01    -0.0675     0.0000      61.45    97.3130     0.0704      74133    6.53544    0.00000    34.8996    34.8993         77 0.0000e+00
   2698.000   2655.573     1.7426     1.7434  31.614072  31.614765    6.54198     1.6960 3.6468e+01    -0.0719     0.0000      50.47    97.2797     0.0706      74248    6.54185    0.00000    34.8996    34.8996         79 0.0000e+00
   2700.000   2657.529     1.7203     1.7186  31.595113  31.593774    6.54673     1.6958 3.6528e+01    -0.0749     0.0000      38.86    97.2410     0.0703      74401    6.54712    0.00000    34.8993    34.8994         82 0.0000e+00
   2702.000   2659.486     1.7079     1.7072  31.585412  31.584883    6.55168     1.6959 3.6546e+01    -0.0736     0.0000      37.45    97.2309     0.0700      74522    6.55159    0.00000    34.8997    34.8999         78 0.0000e+00
   2704.000   2661.442     1.6626     1.6617  31.546808  31.547243    6.56130     1.6958 3.6360e+01    -0.0735     0.0000      35.40    97.1742     0.0703      74660    6.56154    0.00000    34.8999    34.9014         82 0.0000e+00
   2706.000   2663.398     1.5649     1.5657  31.461406  31.462930    6.57790     1.6949 3.6344e+01    -0.0730     0.0000      33.51    97.0134     0.0702      74784    6.57813    0.00000    34.8986    34.8996         85 0.0000e+00
   2708.000   2665.355     1.5413     1.5423  31.441111  31.441965    6.59601     1.6969 3.6276e+01    -0.0730     0.0000      31.51    97.0774     0.0703      74935    6.59582    0.00000    34.8980    34.8980         83 0.0000e+00
   2710.000   2667.310     1.5062     1.5101  31.411459  31.415255    6.61233     1.6983 3.6206e+01    -0.0728     0.0000      29.57    97.0380     0.0707      75062    6.61240    0.00000    34.8982    34.8987         85 0.0000e+00
   2712.000   2669.267     1.4532     1.4536  31.365458  31.366136    6.62760     1.6988 3.6181e+01    -0.0727     0.0000      27.63    96.9938     0.0705      75186    6.62785    0.00000    34.8974    34.8978         82 0.0000e+00
   2714.000   2671.223     1.4382     1.4389  31.353313  31.353871    6.63950     1.7000 3.6268e+01    -0.0710     0.0000      25.70    96.9363     0.0701      75357    6.63904    0.00000    34.8975    34.8975         54 0.0000e+00
   2716.000   2673.179     1.4357     1.4357  31.352021  31.351828    6.64176     1.7001 3.6048e+01    -0.0688     0.0000      23.82    96.9299     0.0702      75464    6.64176    0.00000    34.8977    34.8974         80 0.0000e+00
   2718.000   2675.135     1.4328     1.4334  31.350204  31.350538    6.64446     1.7001 3.6105e+01    -0.0660     0.0000      21.83    96.9351     0.0702      75595    6.64435    0.00000    34.8976    34.8974         96 0.0000e+00
   2720.000   2677.091     1.4324     1.4327  31.350631  31.350792    6.64738     1.7002 3.6025e+01    -0.0661     0.0000      19.92    96.9023     0.0702      75748    6.64674    0.00000    34.8977    34.8975         71 0.0000e+00
   2722.000   2679.047     1.4308     1.4311  31.349867  31.350027    6.64814     1.6999 3.6018e+01    -0.0655     0.0000      17.93    96.9153     0.0702      75884    6.64738    0.00000    34.8975    34.8973         90 0.0000e+00
   2724.000   2681.003     1.4298     1.4303  31.349784  31.350045    6.64800     1.6997 3.5859e+01    -0.0652     0.0000      16.08    96.9140     0.0702      75989    6.64803    0.00000    34.8975    34.8973         78 0.0000e+00
   2726.000   2682.959     1.4295     1.4299  31.350286  31.350546    6.64643     1.6991 3.5817e+01    -0.0660     0.0000      14.12    96.9133     0.0707      76150    6.64632    0.00000    34.8975    34.8973         75 0.0000e+00
   2728.000   2684.915     1.4283     1.4286  31.349971  31.350047    6.64945     1.6991 3.5682e+01    -0.0658     0.0000      12.17    96.9044     0.0707      76325    6.64854    0.00000    34.8974    34.8972         78 0.0000e+00
   2730.000   2686.871     1.4284     1.4289  31.350712  31.350888    6.65093     1.6992 3.5787e+01    -0.0633     0.0000      10.12    96.9125     0.0707      76697    6.65087    0.00000    34.8973    34.8970        101 0.0000e+00
   2732.000   2688.827     1.4283     1.4291  31.351254  31.351496    6.64786     1.6984 3.3400e+01    -0.0638     0.0000       7.89    96.9047     0.0707      79889    6.64814    0.00000    34.8971    34.8965         26 0.0000e+00
