Ship_data/Irminger/Irminger-2/ctd/process/OOI/dat30_013.cnv
* Sea-Bird SBE 9 Data File:
* FileName = C:\data\ctd\at30_013.hex
* Software Version Seasave V 7.21f
* Temperature SN = 2265
* Conductivity SN = 3021
* Number of Bytes Per Scan = 40
* Number of Voltage Words = 5
* Number of Scans Averaged by the Deck Unit = 1
* NMEA Latitude = 59 53.87 N
* NMEA Longitude = 039 34.33 W
* NMEA UTC (Time) = Aug 23 2015  21:20:25
** cal / val for SUMO 2
# nquan = 21
# nvalues = 759                         
# units = specified
# name 0 = prDM: Pressure, Digiquartz [db]
# name 1 = depSM: Depth [salt water, m]
# name 2 = t090C: Temperature [ITS-90, deg C]
# name 3 = t190C: Temperature, 2 [ITS-90, deg C]
# name 4 = c0mS/cm: Conductivity [mS/cm]
# name 5 = c1mS/cm: Conductivity, 2 [mS/cm]
# name 6 = sbeox0ML/L: Oxygen, SBE 43 [ml/l]
# name 7 = sbeox0V: Oxygen raw, SBE 43 [V]
# name 8 = spar: SPAR/Surface Irradiance
# name 9 = flECO-AFL: Fluorescence, WET Labs ECO-AFL/FL [mg/m^3]
# name 10 = v2: Voltage 2
# name 11 = altM: Altimeter [m]
# name 12 = CStarTr0: Beam Transmission, WET Labs C-Star [%]
# name 13 = turbWETntu0: Turbidity, WET Labs ECO [NTU]
# name 14 = scan: Scan Count
# name 15 = sbeox0ML/L: Oxygen, SBE 43 [ml/l], WS = 2
# name 16 = sbeox0dOV/dT: Oxygen, SBE 43 [dov/dt], WS = 2
# name 17 = sal00: Salinity, Practical [PSU]
# name 18 = sal11: Salinity, Practical, 2 [PSU]
# name 19 = nbin: number of scans per bin
# name 20 = flag: flag
# span 0 =      6.000,   1522.000       
# span 1 =      5.943,   1502.178       
# span 2 =     3.4552,     8.4887       
# span 3 =     3.4559,     8.4894       
# span 4 =  32.486495,  36.568755       
# span 5 =  32.486759,  36.568745       
# span 6 =    6.00822,    6.79375       
# span 7 =     1.8592,     2.5253       
# span 8 = 3.0365e+01, 5.8266e+01       
# span 9 =    -0.0722,     1.8007       
# span 10 =     0.0000,     0.0000      
# span 11 =      82.64,      99.66      
# span 12 =    93.3670,    97.7893      
# span 13 =     0.0665,     0.1311      
# span 14 =       1571,      48929      
# span 15 =    6.00801,    6.79388      
# span 16 =    0.00000,    0.00000      
# span 17 =    34.8358,    35.0267      
# span 18 =    34.8357,    35.0272      
# span 19 =         27,        125      
# span 20 = 0.0000e+00, 0.0000e+00      
# interval = decibars: 2                
# start_time = Aug 23 2015 21:20:25 [NMEA time, header]
# bad_flag = -9.990e-29
*END*
[from data line 690]
   1386.000   1368.389     3.7150     3.7152  32.850053  32.849900    6.03956     1.8840 3.5541e+01    -0.0526     0.0000      98.73    97.7585     0.0670      41960    6.03956    0.00000    34.9276    34.9273         37 0.0000e+00
   1388.000   1370.357     3.7130     3.7135  32.849222  32.849586    6.04003     1.8837 3.5258e+01    -0.0520     0.0000      98.73    97.7585     0.0671      41996    6.04002    0.00000    34.9278    34.9277         36 0.0000e+00
   1390.000   1372.325     3.7028     3.7024  32.839540  32.838964    6.03516     1.8818 3.5445e+01    -0.0527     0.0000      98.73    97.7585     0.0670      42051    6.03498    0.00000    34.9261    34.9258         80 0.0000e+00
   1392.000   1374.294     3.6963     3.6962  32.833943  32.833585    6.03684     1.8815 3.5638e+01    -0.0516     0.0000      98.73    97.7646     0.0670      42120    6.03630    0.00000    34.9254    34.9251         44 0.0000e+00
   1394.000   1376.261     3.6824     3.6838  32.820444  32.821979    6.04095     1.8816 3.5710e+01    -0.0519     0.0000      98.73    97.7476     0.0666      42155    6.04087    0.00000    34.9230    34.9234         32 0.0000e+00
   1396.000   1378.229     3.6828     3.6833  32.821719  32.822044    6.03949     1.8812 3.5625e+01    -0.0514     0.0000      98.73    97.7495     0.0667      42189    6.04092    0.00000    34.9231    34.9230         39 0.0000e+00
   1398.000   1380.198     3.6761     3.6766  32.815851  32.815992    6.03750     1.8799 3.5811e+01    -0.0516     0.0000      98.73    97.7522     0.0670      42250    6.03731    0.00000    34.9223    34.9219         80 0.0000e+00
   1400.000   1382.166     3.6755     3.6758  32.816388  32.816456    6.04016     1.8802 3.5709e+01    -0.0517     0.0000      98.73    97.7707     0.0672      42313    6.04029    0.00000    34.9225    34.9223         43 0.0000e+00
   1402.000   1384.133     3.6759     3.6762  32.818021  32.818053    6.04296     1.8804 3.5623e+01    -0.0514     0.0000      98.73    97.7648     0.0673      42352    6.04289    0.00000    34.9231    34.9228         39 0.0000e+00
   1404.000   1386.101     3.6770     3.6773  32.820542  32.820498    6.04316     1.8802 3.5797e+01    -0.0513     0.0000      98.73    97.7600     0.0675      42396    6.04332    0.00000    34.9239    34.9236         49 0.0000e+00
   1406.000   1388.069     3.6773     3.6775  32.821833  32.821574    6.04035     1.8792 3.5847e+01    -0.0514     0.0000      98.73    97.7628     0.0672      42443    6.04030    0.00000    34.9241    34.9236         42 0.0000e+00
   1408.000   1390.037     3.6759     3.6763  32.821460  32.821476    6.03964     1.8786 3.5932e+01    -0.0514     0.0000      98.73    97.7549     0.0675      42481    6.03960    0.00000    34.9241    34.9237         40 0.0000e+00
   1410.000   1392.005     3.6773     3.6779  32.823613  32.823869    6.03445     1.8772 3.5814e+01    -0.0511     0.0000      98.73    97.7592     0.0676      42559    6.03445    0.00000    34.9242    34.9239         60 0.0000e+00
   1412.000   1393.973     3.6775     3.6777  32.824897  32.824728    6.03415     1.8768 3.5962e+01    -0.0517     0.0000      98.73    97.7543     0.0676      42621    6.03415    0.00000    34.9246    34.9242         32 0.0000e+00
   1414.000   1395.941     3.6783     3.6789  32.826566  32.826896    6.03584     1.8768 3.5942e+01    -0.0517     0.0000      98.73    97.7585     0.0674      42650    6.03580    0.00000    34.9247    34.9244         28 0.0000e+00
   1416.000   1397.909     3.6816     3.6817  32.831189  32.830614    6.03229     1.8758 3.5959e+01    -0.0512     0.0000      98.73    97.7501     0.0673      42679    6.03224    0.00000    34.9257    34.9249         32 0.0000e+00
   1418.000   1399.876     3.6806     3.6829  32.831608  32.833586    6.02788     1.8744 3.5684e+01    -0.0516     0.0000      98.73    97.7522     0.0673      42721    6.02763    0.00000    34.9262    34.9261         57 0.0000e+00
   1420.000   1401.844     3.6830     3.6849  32.835079  32.836736    6.02480     1.8733 3.6033e+01    -0.0518     0.0000      98.73    97.7570     0.0675      42806    6.02379    0.00000    34.9269    34.9268         91 0.0000e+00
   1422.000   1403.812     3.6722     3.6704  32.825154  32.823285    6.02680     1.8731 3.6142e+01    -0.0524     0.0000      98.73    97.7572     0.0676      42865    6.02651    0.00000    34.9255    34.9252         38 0.0000e+00
   1424.000   1405.780     3.6674     3.6675  32.821032  32.820634    6.02968     1.8732 3.5888e+01    -0.0514     0.0000      98.73    97.7592     0.0677      42897    6.02945    0.00000    34.9247    34.9240         31 0.0000e+00
   1426.000   1407.748     3.6698     3.6705  32.824503  32.824038    6.03052     1.8732 3.5903e+01    -0.0523     0.0000      98.73    97.7506     0.0677      42929    6.03055    0.00000    34.9253    34.9240         33 0.0000e+00
   1428.000   1409.715     3.6899     3.6906  32.846639  32.846578    6.02594     1.8726 3.6041e+01    -0.0516     0.0000      98.73    97.7413     0.0674      42973    6.02577    0.00000    34.9293    34.9285         61 0.0000e+00
   1430.000   1411.683     3.6953     3.6956  32.852947  32.852864    6.02202     1.8716 3.6087e+01    -0.0519     0.0000      98.73    97.7636     0.0674      43046    6.02195    0.00000    34.9300    34.9296         71 0.0000e+00
   1432.000   1413.651     3.6952     3.6955  32.853914  32.853880    6.02338     1.8715 3.5995e+01    -0.0512     0.0000      98.73    97.7589     0.0675      43101    6.02328    0.00000    34.9303    34.9299         45 0.0000e+00
   1434.000   1415.618     3.6944     3.6948  32.854466  32.854422    6.02258     1.8710 3.6176e+01    -0.0515     0.0000      98.73    97.7526     0.0674      43144    6.02257    0.00000    34.9308    34.9303         44 0.0000e+00
   1436.000   1417.586     3.6947     3.6952  32.855606  32.855657    6.02364     1.8709 3.5901e+01    -0.0522     0.0000      98.73    97.7533     0.0675      43189    6.02359    0.00000    34.9308    34.9304         44 0.0000e+00
   1438.000   1419.554     3.6944     3.6951  32.856111  32.856299    6.02299     1.8704 3.6226e+01    -0.0514     0.0000      98.73    97.7554     0.0673      43231    6.02294    0.00000    34.9307    34.9303         42 0.0000e+00
   1440.000   1421.521     3.6961     3.6965  32.858894  32.858872    6.01957     1.8693 3.6128e+01    -0.0508     0.0000      98.73    97.7578     0.0672      43277    6.01948    0.00000    34.9313    34.9308         52 0.0000e+00
   1442.000   1423.489     3.6969     3.6973  32.860535  32.860559    6.01690     1.8683 3.6146e+01    -0.0514     0.0000      98.73    97.7522     0.0672      43339    6.01657    0.00000    34.9314    34.9310         66 0.0000e+00
   1444.000   1425.457     3.6975     3.6979  32.862316  32.862288    6.01754     1.8683 3.6127e+01    -0.0514     0.0000      98.73    97.7319     0.0675      43395    6.01773    0.00000    34.9318    34.9314         47 0.0000e+00
   1446.000   1427.424     3.6971     3.6974  32.862911  32.862706    6.01397     1.8670 3.6034e+01    -0.0514     0.0000      98.73    97.7553     0.0673      43438    6.01379    0.00000    34.9320    34.9314         40 0.0000e+00
   1448.000   1429.392     3.6965     3.6969  32.863182  32.863138    6.01182     1.8662 3.6038e+01    -0.0512     0.0000      98.73    97.7503     0.0672      43478    6.01161    0.00000    34.9319    34.9314         43 0.0000e+00
   1450.000   1431.359     3.6929     3.6934  32.860516  32.860675    6.01169     1.8657 3.6083e+01    -0.0522     0.0000      98.73    97.7535     0.0671      43532    6.01141    0.00000    34.9316    34.9313         68 0.0000e+00
   1452.000   1433.327     3.6898     3.6901  32.858577  32.858414    6.00944     1.8647 3.6244e+01    -0.0518     0.0000      98.73    97.7581     0.0671      43600    6.00917    0.00000    34.9316    34.9310         54 0.0000e+00
   1454.000   1435.294     3.6903     3.6906  32.859944  32.859864    6.01121     1.8647 3.6143e+01    -0.0514     0.0000      98.73    97.7585     0.0672      43640    6.01072    0.00000    34.9317    34.9312         34 0.0000e+00
   1456.000   1437.261     3.6901     3.6904  32.860703  32.860498    6.01387     1.8648 3.6033e+01    -0.0520     0.0000      98.73    97.7584     0.0675      43674    6.01279    0.00000    34.9318    34.9313         37 0.0000e+00
   1458.000   1439.229     3.6884     3.6889  32.860009  32.860005    6.01156     1.8641 3.6249e+01    -0.0523     0.0000      98.73    97.7513     0.0675      43717    6.01137    0.00000    34.9318    34.9312         48 0.0000e+00
   1460.000   1441.197     3.6880     3.6887  32.860351  32.860474    6.00822     1.8630 3.6227e+01    -0.0520     0.0000      98.73    97.7552     0.0669      43783    6.00801    0.00000    34.9316    34.9310         71 0.0000e+00
   1462.000   1443.164     3.6875     3.6879  32.860822  32.860766    6.01077     1.8632 3.6228e+01    -0.0513     0.0000      98.73    97.7587     0.0668      43870    6.01061    0.00000    34.9317    34.9312         42 0.0000e+00
   1464.000   1445.131     3.6859     3.6861  32.860210  32.860231    6.01546     1.8638 3.6228e+01    -0.0522     0.0000      98.73    97.7569     0.0668      43901    6.01532    0.00000    34.9317    34.9315         28 0.0000e+00
   1466.000   1447.099     3.6809     3.6812  32.856706  32.856772    6.01706     1.8636 3.6374e+01    -0.0512     0.0000      98.73    97.7576     0.0671      43929    6.01691    0.00000    34.9319    34.9316         28 0.0000e+00
   1468.000   1449.066     3.6783     3.6788  32.855235  32.855251    6.01779     1.8634 3.6202e+01    -0.0514     0.0000      98.73    97.7515     0.0673      43960    6.01762    0.00000    34.9318    34.9314         37 0.0000e+00
   1470.000   1451.033     3.6770     3.6788  32.854671  32.855989    6.01199     1.8617 3.6157e+01    -0.0519     0.0000      98.73    97.7433     0.0673      44028    6.01195    0.00000    34.9316    34.9312         82 0.0000e+00
   1472.000   1453.001     3.6706     3.6710  32.849773  32.849824    6.01230     1.8612 3.6172e+01    -0.0525     0.0000      98.73    97.7477     0.0671      44093    6.01223    0.00000    34.9315    34.9311         46 0.0000e+00
   1474.000   1454.968     3.6667     3.6671  32.846793  32.846709    6.01425     1.8611 3.6085e+01    -0.0517     0.0000      98.73    97.7419     0.0674      44138    6.01413    0.00000    34.9311    34.9306         45 0.0000e+00
   1476.000   1456.935     3.6627     3.6632  32.843907  32.844034    6.01402     1.8605 3.5998e+01    -0.0515     0.0000      98.73    97.7590     0.0673      44184    6.01391    0.00000    34.9309    34.9306         46 0.0000e+00
   1478.000   1458.902     3.6586     3.6591  32.840885  32.840755    6.01562     1.8604 3.6273e+01    -0.0519     0.0000      98.73    97.7529     0.0670      44228    6.01547    0.00000    34.9307    34.9300         43 0.0000e+00
   1480.000   1460.870     3.6592     3.6595  32.842275  32.842090    6.02022     1.8611 3.6085e+01    -0.0516     0.0000      98.73    97.7515     0.0673      44270    6.01991    0.00000    34.9308    34.9302         40 0.0000e+00
   1482.000   1462.837     3.6591     3.6593  32.843216  32.842938    6.02248     1.8613 3.6112e+01    -0.0511     0.0000      98.73    97.7457     0.0673      44316    6.02246    0.00000    34.9309    34.9304         65 0.0000e+00
   1484.000   1464.804     3.6578     3.6577  32.842869  32.842555    6.02846     1.8622 3.6228e+01    -0.0519     0.0000      98.73    97.7478     0.0670      44396    6.02829    0.00000    34.9310    34.9306         63 0.0000e+00
   1486.000   1466.771     3.6531     3.6534  32.839443  32.839390    6.03321     1.8625 3.6139e+01    -0.0512     0.0000      98.73    97.7328     0.0669      44436    6.03218    0.00000    34.9309    34.9304         37 0.0000e+00
   1488.000   1468.739     3.6516     3.6520  32.838901  32.838931    6.03476     1.8625 3.6135e+01    -0.0510     0.0000      98.73    97.7249     0.0673      44473    6.03402    0.00000    34.9308    34.9304         40 0.0000e+00
   1490.000   1470.706     3.6503     3.6508  32.838443  32.838459    6.03629     1.8626 3.6145e+01    -0.0520     0.0000      98.73    97.7312     0.0671      44526    6.03623    0.00000    34.9306    34.9301         66 0.0000e+00
   1492.000   1472.673     3.6470     3.6474  32.836310  32.836309    6.03840     1.8626 3.6177e+01    -0.0519     0.0000      98.73    97.7338     0.0672      44584    6.03836    0.00000    34.9306    34.9302         44 0.0000e+00
   1494.000   1474.640     3.6430     3.6432  32.833295  32.833244    6.04073     1.8626 3.5876e+01    -0.0522     0.0000      98.73    97.7387     0.0672      44623    6.04063    0.00000    34.9303    34.9300         38 0.0000e+00
   1496.000   1476.607     3.6413     3.6417  32.832525  32.832501    6.03952     1.8619 3.6113e+01    -0.0515     0.0000      98.73    97.7365     0.0670      44666    6.03944    0.00000    34.9302    34.9297         51 0.0000e+00
   1498.000   1478.574     3.6392     3.6397  32.831602  32.831660    6.03351     1.8602 3.5853e+01    -0.0517     0.0000      98.73    97.7418     0.0670      44727    6.03345    0.00000    34.9302    34.9298         63 0.0000e+00
   1500.000   1480.541     3.6389     3.6394  32.832526  32.832547    6.03110     1.8592 3.6088e+01    -0.0518     0.0000      98.73    97.7518     0.0667      44781    6.03087    0.00000    34.9307    34.9302         47 0.0000e+00
   1502.000   1482.508     3.6369     3.6373  32.831536  32.831514    6.03763     1.8603 3.5975e+01    -0.0520     0.0000      98.73    97.7329     0.0671      44830    6.03750    0.00000    34.9306    34.9302         54 0.0000e+00
   1504.000   1484.475     3.6351     3.6356  32.831055  32.830980    6.04680     1.8619 3.6002e+01    -0.0513     0.0000      98.73    97.7257     0.0672      44883    6.04658    0.00000    34.9309    34.9304         48 0.0000e+00
   1506.000   1486.442     3.6349     3.6353  32.832132  32.832054    6.05465     1.8633 3.5987e+01    -0.0517     0.0000      98.73    97.7110     0.0672      44926    6.05447    0.00000    34.9315    34.9310         41 0.0000e+00
   1508.000   1488.409     3.6348     3.6351  32.832752  32.832649    6.05842     1.8638 3.5957e+01    -0.0518     0.0000      98.73    97.7111     0.0671      45015    6.05819    0.00000    34.9314    34.9309         77 0.0000e+00
   1510.000   1490.376     3.6312     3.6325  32.830606  32.831223    6.06024     1.8640 3.5840e+01    -0.0511     0.0000      98.73    97.7139     0.0674      45150    6.06169    0.00000    34.9316    34.9310         68 0.0000e+00
   1512.000   1492.343     3.6291     3.6296  32.829474  32.829615    6.06359     1.8640 3.5901e+01    -0.0518     0.0000      98.73    97.7084     0.0676      45194    6.06332    0.00000    34.9315    34.9311         44 0.0000e+00
   1514.000   1494.310     3.6278     3.6290  32.829130  32.829774    6.06500     1.8639 3.5949e+01    -0.0514     0.0000      98.73    97.7047     0.0671      45320    6.06496    0.00000    34.9315    34.9310         58 0.0000e+00
   1516.000   1496.277     3.6258     3.6269  32.828082  32.828748    6.06687     1.8639 3.5699e+01    -0.0519     0.0000      98.73    97.7029     0.0669      45458    6.06675    0.00000    34.9313    34.9310         79 0.0000e+00
   1518.000   1498.244     3.6242     3.6246  32.827786  32.827783    6.06661     1.8635 3.5595e+01    -0.0524     0.0000      98.73    97.6979     0.0673      45612    6.06667    0.00000    34.9317    34.9312         85 0.0000e+00
   1520.000   1500.211     3.6225     3.6231  32.827430  32.827542    6.05696     1.8609 3.5007e+01    -0.0518     0.0000      98.73    97.7168     0.0674      45927    6.05670    0.00000    34.9321    34.9316        109 0.0000e+00
