Ship_data/Irminger/Irminger-2/ctd/process/OOI/dat30_005.cnv
* Sea-Bird SBE 9 Data File:
* FileName = C:\data\ctd\at30_005.hex
* Software Version Seasave V 7.21f
* Temperature SN = 2265
* Conductivity SN = 3021
* Number of Bytes Per Scan = 40
* Number of Voltage Words = 5
* Number of Scans Averaged by the Deck Unit = 1
* NMEA Latitude = 59 59.33 N
* NMEA Longitude = 039 27.67 W
* NMEA UTC (Time) = Aug 14 2015  19:36:17
# nquan = 21
# nvalues = 1351                        
# units = specified
# name 0 = prDM: Pressure, Digiquartz [db]
# name 1 = depSM: Depth [salt water, m]
# name 2 = t090C: Temperature [ITS-90, deg C]
# name 3 = t190C: Temperature, 2 [ITS-90, deg C]
# name 4 = c0mS/cm: Conductivity [mS/cm]
# name 5 = c1mS/cm: Conductivity, 2 [mS/cm]
# name 6 = sbeox0ML/L: Oxygen, SBE 43 [ml/l]
# name 7 = sbeox0V: Oxygen raw, SBE 43 [V]
# name 8 = spar: SPAR/Surface Irradiance
# name 9 = flECO-AFL: Fluorescence, WET Labs ECO-AFL/FL [mg/m^3]
# name 10 = v2: Voltage 2
# name 11 = altM: Altimeter [m]
# name 12 = CStarTr0: Beam Transmission, WET Labs C-Star [%]
# name 13 = turbWETntu0: Turbidity, WET Labs ECO [NTU]
# name 14 = scan: Scan Count
# name 15 = sbeox0ML/L: Oxygen, SBE 43 [ml/l], WS = 2
# name 16 = sbeox0dOV/dT: Oxygen, SBE 43 [dov/dt], WS = 2
# name 17 = sal00: Salinity, Practical [PSU]
# name 18 = sal11: Salinity, Practical, 2 [PSU]
# name 19 = nbin: number of scans per bin
# name 20 = flag: flag
# span 0 =      4.000,   2704.000       
# span 1 =      3.962,   2661.393       
# span 2 =     1.4170,     8.6858       
# span 3 =     1.4177,     8.6988       
# span 4 =  31.330262,  36.750811       
# span 5 =  31.330712,  36.762190       
# span 6 =    6.01332,    6.92151       
# span 7 =     1.6923,     2.5496       
# span 8 = 5.3329e+02, 1.7396e+03       
# span 9 =    -0.0309,     2.2299       
# span 10 =     0.0000,     0.0000      
# span 11 =       8.73,      98.89      
# span 12 =    92.8909,    97.4504      
# span 13 =     0.0735,     0.1341      
# span 14 =       1526,      80253      
# span 15 =    6.01324,    6.92174      
# span 16 =    0.00000,    0.00000      
# span 17 =    34.8566,    35.0047      
# span 18 =    34.8561,    35.0055      
# span 19 =         28,        129      
# span 20 = 0.0000e+00, 0.0000e+00      
# interval = decibars: 2                
# start_time = Aug 14 2015 19:36:17 [NMEA time, header]
# bad_flag = -9.990e-29
*END*
[from data line 759]
   1522.000   1502.167     3.5502     3.5507  32.759162  32.759499    6.02336     1.8506 1.3793e+03    -0.0229     0.0000      98.78    97.4059     0.0780      45975    6.02407    0.00000    34.9265    34.9263         51 0.0000e+00
   1524.000   1504.133     3.5486     3.5491  32.758636  32.758912    6.02546     1.8506 1.3825e+03    -0.0234     0.0000      98.78    97.4074     0.0780      46023    6.02588    0.00000    34.9266    34.9264         48 0.0000e+00
   1526.000   1506.100     3.5452     3.5457  32.756406  32.756706    6.02846     1.8506 1.3968e+03    -0.0232     0.0000      98.78    97.3961     0.0780      46075    6.02811    0.00000    34.9265    34.9263         56 0.0000e+00
   1528.000   1508.067     3.5414     3.5420  32.753780  32.754251    6.03006     1.8505 1.4026e+03    -0.0220     0.0000      98.78    97.4085     0.0780      46128    6.02982    0.00000    34.9264    34.9263         47 0.0000e+00
   1530.000   1510.034     3.5381     3.5385  32.751585  32.751722    6.03126     1.8503 1.3969e+03    -0.0230     0.0000      98.78    97.3982     0.0780      46173    6.03100    0.00000    34.9263    34.9260         45 0.0000e+00
   1532.000   1512.001     3.5353     3.5357  32.749762  32.750043    6.03286     1.8506 1.3836e+03    -0.0231     0.0000      98.78    97.3994     0.0780      46220    6.03454    0.00000    34.9262    34.9260         50 0.0000e+00
   1534.000   1513.967     3.5332     3.5337  32.748833  32.749068    6.03688     1.8507 1.3836e+03    -0.0236     0.0000      98.78    97.3990     0.0780      46269    6.03685    0.00000    34.9262    34.9260         46 0.0000e+00
   1536.000   1515.934     3.5307     3.5312  32.747424  32.747590    6.03894     1.8507 1.3934e+03    -0.0225     0.0000      98.78    97.3973     0.0780      46317    6.03895    0.00000    34.9263    34.9259         54 0.0000e+00
   1538.000   1517.901     3.5303     3.5309  32.747832  32.748077    6.04109     1.8508 1.3850e+03    -0.0232     0.0000      98.78    97.3924     0.0780      46377    6.04090    0.00000    34.9262    34.9259         57 0.0000e+00
   1540.000   1519.867     3.5286     3.5292  32.747200  32.747535    6.04260     1.8507 1.3870e+03    -0.0236     0.0000      98.78    97.3948     0.0780      46422    6.04237    0.00000    34.9263    34.9260         39 0.0000e+00
   1542.000   1521.834     3.5259     3.5264  32.745569  32.745952    6.04026     1.8498 1.3837e+03    -0.0226     0.0000      98.78    97.4006     0.0780      46462    6.04008    0.00000    34.9262    34.9261         45 0.0000e+00
   1544.000   1523.801     3.5238     3.5244  32.744494  32.744830    6.03568     1.8483 1.3908e+03    -0.0235     0.0000      98.78    97.3951     0.0780      46519    6.03552    0.00000    34.9262    34.9259         61 0.0000e+00
   1546.000   1525.767     3.5222     3.5227  32.744009  32.744282    6.03698     1.8483 1.4016e+03    -0.0230     0.0000      98.78    97.3957     0.0780      46571    6.03723    0.00000    34.9263    34.9260         46 0.0000e+00
   1548.000   1527.734     3.5209     3.5215  32.743722  32.743938    6.03700     1.8478 1.4081e+03    -0.0227     0.0000      98.78    97.3991     0.0780      46615    6.03687    0.00000    34.9263    34.9260         43 0.0000e+00
   1550.000   1529.701     3.5197     3.5201  32.743395  32.743681    6.03562     1.8471 1.3913e+03    -0.0231     0.0000      98.78    97.4062     0.0780      46659    6.03550    0.00000    34.9262    34.9260         47 0.0000e+00
   1552.000   1531.667     3.5174     3.5178  32.742104  32.742332    6.03285     1.8460 1.3845e+03    -0.0232     0.0000      98.78    97.4035     0.0780      46715    6.03228    0.00000    34.9261    34.9259         63 0.0000e+00
   1554.000   1533.634     3.5143     3.5148  32.740277  32.740483    6.03433     1.8459 1.4083e+03    -0.0233     0.0000      98.78    97.3948     0.0780      46773    6.03384    0.00000    34.9262    34.9259         48 0.0000e+00
   1556.000   1535.600     3.5114     3.5119  32.738379  32.738688    6.03628     1.8459 1.3742e+03    -0.0230     0.0000      98.78    97.3847     0.0780      46814    6.03612    0.00000    34.9260    34.9258         39 0.0000e+00
   1558.000   1537.567     3.5104     3.5111  32.738337  32.738634    6.03890     1.8461 1.3719e+03    -0.0229     0.0000      98.78    97.4020     0.0780      46856    6.03870    0.00000    34.9260    34.9257         46 0.0000e+00
   1560.000   1539.533     3.5096     3.5100  32.738273  32.738479    6.03709     1.8453 1.3854e+03    -0.0227     0.0000      98.78    97.4123     0.0780      46909    6.03686    0.00000    34.9258    34.9256         61 0.0000e+00
   1562.000   1541.500     3.5092     3.5098  32.738804  32.739109    6.03614     1.8448 1.3795e+03    -0.0230     0.0000      98.78    97.4107     0.0780      46970    6.03591    0.00000    34.9259    34.9256         55 0.0000e+00
   1564.000   1543.466     3.5054     3.5059  32.736010  32.736400    6.03595     1.8442 1.3996e+03    -0.0228     0.0000      98.78    97.4024     0.0780      47016    6.03570    0.00000    34.9256    34.9256         40 0.0000e+00
   1566.000   1545.432     3.5015     3.5020  32.733055  32.733381    6.03617     1.8438 1.3959e+03    -0.0224     0.0000      98.78    97.4055     0.0780      47056    6.03599    0.00000    34.9253    34.9251         41 0.0000e+00
   1568.000   1547.399     3.5003     3.5008  32.732890  32.733127    6.03599     1.8434 1.3839e+03    -0.0232     0.0000      98.78    97.4145     0.0780      47103    6.03573    0.00000    34.9253    34.9251         54 0.0000e+00
   1570.000   1549.366     3.4981     3.4987  32.731645  32.731946    6.03442     1.8426 1.3943e+03    -0.0228     0.0000      98.78    97.3785     0.0780      47154    6.03420    0.00000    34.9251    34.9249         47 0.0000e+00
   1572.000   1551.332     3.4970     3.4975  32.731423  32.731740    6.03527     1.8424 1.4059e+03    -0.0226     0.0000      98.78    97.3035     0.0780      47203    6.03504    0.00000    34.9251    34.9249         55 0.0000e+00
   1574.000   1553.298     3.4956     3.4962  32.730970  32.731282    6.03144     1.8412 1.3949e+03    -0.0227     0.0000      98.78    97.4246     0.0780      47266    6.03123    0.00000    34.9250    34.9248         61 0.0000e+00
   1576.000   1555.265     3.4926     3.4932  32.729081  32.729475    6.03383     1.8411 1.3898e+03    -0.0235     0.0000      98.78    97.4180     0.0780      47313    6.03291    0.00000    34.9250    34.9248         37 0.0000e+00
   1578.000   1557.231     3.4900     3.4905  32.727462  32.727804    6.03576     1.8411 1.3878e+03    -0.0235     0.0000      98.78    97.4077     0.0780      47348    6.03497    0.00000    34.9249    34.9247         37 0.0000e+00
   1580.000   1559.197     3.4880     3.4886  32.726403  32.726745    6.03723     1.8412 1.3982e+03    -0.0230     0.0000      98.78    97.4084     0.0780      47398    6.03729    0.00000    34.9247    34.9245         67 0.0000e+00
   1582.000   1561.163     3.4872     3.4878  32.726690  32.726892    6.03897     1.8412 1.4125e+03    -0.0228     0.0000      98.78    97.4072     0.0780      47464    6.03902    0.00000    34.9249    34.9245         54 0.0000e+00
   1584.000   1563.130     3.4871     3.4877  32.727503  32.727728    6.03908     1.8409 1.3961e+03    -0.0231     0.0000      98.78    97.4091     0.0780      47508    6.03927    0.00000    34.9249    34.9246         38 0.0000e+00
   1586.000   1565.096     3.4864     3.4870  32.727651  32.727911    6.03859     1.8404 1.3933e+03    -0.0232     0.0000      98.78    97.4132     0.0780      47545    6.03850    0.00000    34.9249    34.9246         39 0.0000e+00
   1588.000   1567.062     3.4848     3.4853  32.727145  32.727496    6.03424     1.8390 1.3953e+03    -0.0234     0.0000      98.78    97.4081     0.0780      47590    6.03415    0.00000    34.9250    34.9249         49 0.0000e+00
   1590.000   1569.029     3.4825     3.4831  32.725867  32.726219    6.03372     1.8385 1.4054e+03    -0.0226     0.0000      98.78    97.4090     0.0780      47642    6.03364    0.00000    34.9249    34.9247         62 0.0000e+00
   1592.000   1570.995     3.4823     3.4825  32.726440  32.726448    6.03122     1.8376 1.4063e+03    -0.0229     0.0000      98.78    97.4175     0.0780      47732    6.03123    0.00000    34.9249    34.9247         60 0.0000e+00
   1594.000   1572.961     3.4783     3.4788  32.723895  32.724204    6.03718     1.8384 1.3992e+03    -0.0226     0.0000      98.78    97.4128     0.0780      47772    6.03706    0.00000    34.9251    34.9249         31 0.0000e+00
   1596.000   1574.927     3.4767     3.4772  32.723454  32.723661    6.03905     1.8384 1.3855e+03    -0.0229     0.0000      98.78    97.4057     0.0780      47801    6.03888    0.00000    34.9252    34.9250         29 0.0000e+00
   1598.000   1576.893     3.4759     3.4764  32.723585  32.723777    6.03830     1.8379 1.3920e+03    -0.0238     0.0000      98.78    97.4044     0.0780      47832    6.03815    0.00000    34.9253    34.9250         35 0.0000e+00
   1600.000   1578.859     3.4748     3.4752  32.723333  32.723592    6.03565     1.8369 1.4013e+03    -0.0237     0.0000      98.78    97.4092     0.0780      47876    6.03550    0.00000    34.9251    34.9250         57 0.0000e+00
   1602.000   1580.825     3.4747     3.4748  32.724057  32.723892    6.03437     1.8364 1.4082e+03    -0.0229     0.0000      98.78    97.4093     0.0780      47961    6.03455    0.00000    34.9251    34.9248         91 0.0000e+00
   1604.000   1582.791     3.4694     3.4700  32.720319  32.720527    6.03694     1.8364 1.3899e+03    -0.0232     0.0000      98.78    97.4157     0.0780      48021    6.03730    0.00000    34.9252    34.9249         41 0.0000e+00
   1606.000   1584.758     3.4693     3.4698  32.720916  32.721228    6.03935     1.8364 1.3857e+03    -0.0226     0.0000      98.78    97.4175     0.0780      48056    6.03890    0.00000    34.9252    34.9249         32 0.0000e+00
   1608.000   1586.723     3.4671     3.4676  32.719802  32.719997    6.04022     1.8364 1.3954e+03    -0.0233     0.0000      98.78    97.4064     0.0780      48086    6.04078    0.00000    34.9251    34.9248         30 0.0000e+00
   1610.000   1588.690     3.4633     3.4639  32.717203  32.717513    6.04136     1.8360 1.4051e+03    -0.0239     0.0000      98.78    97.4110     0.0780      48119    6.04129    0.00000    34.9250    34.9248         40 0.0000e+00
   1612.000   1590.656     3.4624     3.4638  32.717070  32.718025    6.03529     1.8343 1.4144e+03    -0.0222     0.0000      98.78    97.4084     0.0780      48203    6.03512    0.00000    34.9249    34.9246         68 0.0000e+00
   1614.000   1592.622     3.4599     3.4603  32.715776  32.715933    6.03668     1.8340 1.4008e+03    -0.0232     0.0000      98.78    97.4107     0.0780      48268    6.03567    0.00000    34.9250    34.9248         39 0.0000e+00
   1616.000   1594.588     3.4561     3.4566  32.713295  32.713475    6.04132     1.8347 1.3865e+03    -0.0229     0.0000      98.78    97.4115     0.0780      48301    6.04107    0.00000    34.9251    34.9248         30 0.0000e+00
   1618.000   1596.554     3.4553     3.4558  32.713457  32.713584    6.04563     1.8353 1.3904e+03    -0.0231     0.0000      98.78    97.4173     0.0780      48330    6.04555    0.00000    34.9251    34.9247         31 0.0000e+00
   1620.000   1598.519     3.4536     3.4542  32.712590  32.712946    6.04498     1.8347 1.4036e+03    -0.0236     0.0000      98.78    97.4106     0.0780      48371    6.04491    0.00000    34.9249    34.9248         57 0.0000e+00
   1622.000   1600.485     3.4523     3.4526  32.712372  32.712336    6.04052     1.8334 1.4112e+03    -0.0230     0.0000      98.78    97.4155     0.0780      48443    6.04050    0.00000    34.9250    34.9247         69 0.0000e+00
   1624.000   1602.451     3.4508     3.4513  32.711952  32.712220    6.04047     1.8330 1.3937e+03    -0.0227     0.0000      98.78    97.4228     0.0780      48500    6.04044    0.00000    34.9252    34.9250         54 0.0000e+00
   1626.000   1604.417     3.4497     3.4503  32.711972  32.712236    6.04099     1.8327 1.3888e+03    -0.0230     0.0000      98.78    97.4210     0.0780      48548    6.04092    0.00000    34.9253    34.9250         41 0.0000e+00
   1628.000   1606.383     3.4482     3.4486  32.711348  32.711676    6.03952     1.8320 1.4071e+03    -0.0236     0.0000      98.78    97.4063     0.0780      48585    6.03951    0.00000    34.9253    34.9252         35 0.0000e+00
   1630.000   1608.349     3.4460     3.4465  32.710210  32.710375    6.04027     1.8317 1.4252e+03    -0.0230     0.0000      98.78    97.4026     0.0780      48622    6.04022    0.00000    34.9252    34.9248         43 0.0000e+00
   1632.000   1610.315     3.4444     3.4449  32.709448  32.709716    6.03553     1.8303 1.3975e+03    -0.0234     0.0000      98.78    97.4199     0.0780      48687    6.03550    0.00000    34.9250    34.9248         81 0.0000e+00
   1634.000   1612.281     3.4412     3.4417  32.707374  32.707709    6.03755     1.8303 1.4131e+03    -0.0235     0.0000      98.78    97.4239     0.0780      48750    6.03745    0.00000    34.9250    34.9248         42 0.0000e+00
   1636.000   1614.246     3.4394     3.4400  32.706555  32.706778    6.04062     1.8305 1.4246e+03    -0.0227     0.0000      98.78    97.4154     0.0780      48787    6.04051    0.00000    34.9249    34.9246         36 0.0000e+00
   1638.000   1616.212     3.4383     3.4388  32.706334  32.706626    6.04123     1.8303 1.4117e+03    -0.0227     0.0000      98.78    97.4224     0.0780      48827    6.04109    0.00000    34.9248    34.9246         47 0.0000e+00
   1640.000   1618.178     3.4349     3.4353  32.703961  32.704227    6.04012     1.8296 1.4013e+03    -0.0232     0.0000      98.78    97.4186     0.0780      48880    6.04000    0.00000    34.9246    34.9245         56 0.0000e+00
   1642.000   1620.144     3.4318     3.4321  32.701921  32.702062    6.04155     1.8293 1.4307e+03    -0.0227     0.0000      98.78    97.4237     0.0780      48933    6.04083    0.00000    34.9245    34.9243         52 0.0000e+00
   1644.000   1622.110     3.4300     3.4303  32.701151  32.701264    6.04284     1.8293 1.4254e+03    -0.0230     0.0000      98.78    97.4284     0.0780      48985    6.04282    0.00000    34.9244    34.9243         52 0.0000e+00
   1646.000   1624.075     3.4288     3.4293  32.700794  32.701079    6.04237     1.8288 1.3990e+03    -0.0231     0.0000      98.78    97.4228     0.0780      49034    6.04210    0.00000    34.9244    34.9242         43 0.0000e+00
   1648.000   1626.041     3.4286     3.4290  32.701532  32.701745    6.04632     1.8294 1.4084e+03    -0.0228     0.0000      98.78    97.4199     0.0780      49074    6.04633    0.00000    34.9244    34.9243         39 0.0000e+00
   1650.000   1628.007     3.4273     3.4279  32.701158  32.701518    6.04583     1.8288 1.4206e+03    -0.0225     0.0000      98.78    97.4231     0.0780      49121    6.04569    0.00000    34.9244    34.9242         63 0.0000e+00
   1652.000   1629.972     3.4262     3.4265  32.700937  32.701190    6.04380     1.8280 1.4313e+03    -0.0234     0.0000      98.78    97.4201     0.0780      49190    6.04377    0.00000    34.9243    34.9243         57 0.0000e+00
   1654.000   1631.938     3.4229     3.4232  32.698972  32.699240    6.04388     1.8276 1.4190e+03    -0.0230     0.0000      98.78    97.4254     0.0780      49234    6.04372    0.00000    34.9244    34.9245         41 0.0000e+00
   1656.000   1633.903     3.4171     3.4174  32.694388  32.694746    6.04249     1.8267 1.4008e+03    -0.0231     0.0000      98.78    97.4203     0.0780      49276    6.04233    0.00000    34.9242    34.9242         42 0.0000e+00
