Ship_data/Irminger/Irminger-2/ctd/process/OOI/dat30_007.cnv
* Sea-Bird SBE 9 Data File:
* FileName = C:\data\ctd\at30_007.hex
* Software Version Seasave V 7.21f
* Temperature SN = 2265
* Conductivity SN = 3021
* Number of Bytes Per Scan = 40
* Number of Voltage Words = 5
* Number of Scans Averaged by the Deck Unit = 1
* NMEA Latitude = 59 46.29 N
* NMEA Longitude = 039 52.92 W
* NMEA UTC (Time) = Aug 17 2015  23:01:49
** Site of FLMA 2015 -- need to confirm bottom depth
# nquan = 21
# nvalues = 1360                        
# units = specified
# name 0 = prDM: Pressure, Digiquartz [db]
# name 1 = depSM: Depth [salt water, m]
# name 2 = t090C: Temperature [ITS-90, deg C]
# name 3 = t190C: Temperature, 2 [ITS-90, deg C]
# name 4 = c0mS/cm: Conductivity [mS/cm]
# name 5 = c1mS/cm: Conductivity, 2 [mS/cm]
# name 6 = sbeox0ML/L: Oxygen, SBE 43 [ml/l]
# name 7 = sbeox0V: Oxygen raw, SBE 43 [V]
# name 8 = spar: SPAR/Surface Irradiance
# name 9 = flECO-AFL: Fluorescence, WET Labs ECO-AFL/FL [mg/m^3]
# name 10 = v2: Voltage 2
# name 11 = altM: Altimeter [m]
# name 12 = CStarTr0: Beam Transmission, WET Labs C-Star [%]
# name 13 = turbWETntu0: Turbidity, WET Labs ECO [NTU]
# name 14 = scan: Scan Count
# name 15 = sbeox0ML/L: Oxygen, SBE 43 [ml/l], WS = 2
# name 16 = sbeox0dOV/dT: Oxygen, SBE 43 [dov/dt], WS = 2
# name 17 = sal00: Salinity, Practical [PSU]
# name 18 = sal11: Salinity, Practical, 2 [PSU]
# name 19 = nbin: number of scans per bin
# name 20 = flag: flag
# span 0 =      4.000,   2722.000       
# span 1 =      3.962,   2679.045       
# span 2 =     1.4900,     8.5917       
# span 3 =     1.4906,     8.5925       
# span 4 =  31.400305,  36.631599       
# span 5 =  31.400941,  36.631436       
# span 6 =    6.01160,    6.94264       
# span 7 =     1.6864,     2.5300       
# span 8 = 2.1827e+01, 2.3786e+01       
# span 9 =    -0.0363,     1.5522       
# span 10 =     0.0000,     0.0000      
# span 11 =       8.30,      99.96      
# span 12 =    93.8862,    97.8127      
# span 13 =     0.0744,     0.1690      
# span 14 =        716,      77261      
# span 15 =    6.01134,    6.94297      
# span 16 =    0.00000,    0.00000      
# span 17 =    34.8553,    34.9334      
# span 18 =    34.8534,    34.9332      
# span 19 =         29,        120      
# span 20 = 0.0000e+00, 0.0000e+00      
# interval = decibars: 2                
# start_time = Aug 17 2015 23:01:49 [NMEA time, header]
# bad_flag = -9.990e-29
*END*
[from data line 828]
   1660.000   1637.864     3.3523     3.3527  32.642887  32.643294    6.04545     1.8244 2.2052e+01    -0.0226     0.0000      98.78    97.7850     0.0755      47119    6.04563    0.00000    34.9295    34.9295         43 0.0000e+00
   1662.000   1639.829     3.3485     3.3489  32.640302  32.640638    6.04775     1.8244 2.2142e+01    -0.0222     0.0000      98.78    97.7847     0.0755      47161    6.04787    0.00000    34.9294    34.9294         44 0.0000e+00
   1664.000   1641.795     3.3464     3.3468  32.639177  32.639461    6.05015     1.8245 2.2008e+01    -0.0225     0.0000      98.78    97.7847     0.0755      47206    6.05019    0.00000    34.9293    34.9293         45 0.0000e+00
   1666.000   1643.760     3.3438     3.3443  32.637762  32.638105    6.05024     1.8240 2.2159e+01    -0.0227     0.0000      98.78    97.7847     0.0755      47255    6.05010    0.00000    34.9294    34.9293         55 0.0000e+00
   1668.000   1645.726     3.3413     3.3416  32.636205  32.636541    6.04959     1.8235 2.2050e+01    -0.0225     0.0000      98.78    97.7847     0.0755      47309    6.04947    0.00000    34.9292    34.9293         48 0.0000e+00
   1670.000   1647.691     3.3399     3.3403  32.635767  32.636104    6.05123     1.8234 2.2094e+01    -0.0238     0.0000      98.78    97.7847     0.0755      47353    6.05104    0.00000    34.9292    34.9291         46 0.0000e+00
   1672.000   1649.657     3.3381     3.3385  32.635059  32.635365    6.04869     1.8225 2.2153e+01    -0.0232     0.0000      98.78    97.7896     0.0755      47408    6.04845    0.00000    34.9292    34.9292         60 0.0000e+00
   1674.000   1651.623     3.3361     3.3366  32.634139  32.634326    6.04863     1.8220 2.2050e+01    -0.0235     0.0000      98.78    97.7840     0.0755      47461    6.04821    0.00000    34.9293    34.9290         45 0.0000e+00
   1676.000   1653.588     3.3353     3.3358  32.634407  32.634762    6.04905     1.8217 2.2052e+01    -0.0234     0.0000      98.78    97.7930     0.0755      47506    6.04882    0.00000    34.9295    34.9293         49 0.0000e+00
   1678.000   1655.553     3.3353     3.3358  32.635621  32.635856    6.04940     1.8215 2.2174e+01    -0.0225     0.0000      98.78    97.7870     0.0755      47557    6.04916    0.00000    34.9299    34.9297         50 0.0000e+00
   1680.000   1657.519     3.3345     3.3351  32.635794  32.636229    6.04954     1.8212 2.2150e+01    -0.0240     0.0000      98.78    97.7828     0.0755      47602    6.04947    0.00000    34.9300    34.9299         41 0.0000e+00
   1682.000   1659.484     3.3294     3.3297  32.631718  32.631975    6.05057     1.8209 2.2097e+01    -0.0235     0.0000      98.78    97.7846     0.0755      47644    6.05038    0.00000    34.9296    34.9295         47 0.0000e+00
   1684.000   1661.450     3.3256     3.3261  32.628836  32.629155    6.04841     1.8199 2.2084e+01    -0.0226     0.0000      98.78    97.7919     0.0755      47702    6.04824    0.00000    34.9292    34.9290         62 0.0000e+00
   1686.000   1663.415     3.3242     3.3247  32.628545  32.628816    6.04814     1.8195 2.2098e+01    -0.0231     0.0000      98.78    97.7883     0.0755      47754    6.04790    0.00000    34.9293    34.9291         44 0.0000e+00
   1688.000   1665.380     3.3234     3.3240  32.628655  32.628944    6.04589     1.8186 2.2092e+01    -0.0226     0.0000      98.78    97.7848     0.0755      47799    6.04569    0.00000    34.9293    34.9291         50 0.0000e+00
   1690.000   1667.346     3.3222     3.3227  32.628456  32.628844    6.04155     1.8173 2.2129e+01    -0.0229     0.0000      98.78    97.7879     0.0755      47854    6.04144    0.00000    34.9294    34.9293         53 0.0000e+00
   1692.000   1669.311     3.3215     3.3219  32.628609  32.628779    6.04210     1.8171 2.2207e+01    -0.0223     0.0000      98.78    97.7826     0.0755      47898    6.04193    0.00000    34.9294    34.9291         39 0.0000e+00
   1694.000   1671.276     3.3201     3.3206  32.628219  32.628502    6.04275     1.8168 2.2062e+01    -0.0229     0.0000      98.78    97.7846     0.0755      47943    6.04255    0.00000    34.9294    34.9292         57 0.0000e+00
   1696.000   1673.242     3.3182     3.3187  32.627450  32.627707    6.04526     1.8170 2.2052e+01    -0.0230     0.0000      98.78    97.7906     0.0755      48007    6.04527    0.00000    34.9295    34.9292         55 0.0000e+00
   1698.000   1675.207     3.3144     3.3149  32.624661  32.625072    6.04904     1.8173 2.2219e+01    -0.0225     0.0000      98.78    97.7886     0.0755      48047    6.04893    0.00000    34.9291    34.9292         36 0.0000e+00
   1700.000   1677.172     3.3089     3.3093  32.619962  32.620425    6.05116     1.8172 2.2102e+01    -0.0236     0.0000      98.78    97.7884     0.0755      48086    6.05114    0.00000    34.9285    34.9286         46 0.0000e+00
   1702.000   1679.137     3.3048     3.3055  32.616760  32.617031    6.04973     1.8164 2.2140e+01    -0.0227     0.0000      98.78    97.7868     0.0755      48149    6.04974    0.00000    34.9279    34.9276         70 0.0000e+00
   1704.000   1681.103     3.3039     3.3044  32.616819  32.617182    6.04987     1.8161 2.2050e+01    -0.0231     0.0000      98.78    97.7913     0.0755      48202    6.04985    0.00000    34.9280    34.9279         38 0.0000e+00
   1706.000   1683.068     3.3036     3.3041  32.617677  32.617891    6.05218     1.8162 2.2252e+01    -0.0230     0.0000      98.78    97.7849     0.0755      48238    6.05207    0.00000    34.9284    34.9280         39 0.0000e+00
   1708.000   1685.033     3.3007     3.3014  32.615897  32.616400    6.05170     1.8157 2.2056e+01    -0.0230     0.0000      98.78    97.7847     0.0755      48292    6.05159    0.00000    34.9283    34.9282         69 0.0000e+00
   1710.000   1686.998     3.3000     3.3005  32.616147  32.616399    6.05170     1.8153 2.2100e+01    -0.0231     0.0000      98.78    97.7847     0.0755      48351    6.05153    0.00000    34.9284    34.9281         43 0.0000e+00
   1712.000   1688.963     3.2994     3.3000  32.616394  32.616701    6.05309     1.8152 2.1904e+01    -0.0237     0.0000      98.78    97.7864     0.0755      48390    6.05289    0.00000    34.9283    34.9281         40 0.0000e+00
   1714.000   1690.928     3.2991     3.2996  32.616897  32.617215    6.05380     1.8150 2.2048e+01    -0.0226     0.0000      98.78    97.7789     0.0755      48435    6.05360    0.00000    34.9283    34.9281         51 0.0000e+00
   1716.000   1692.893     3.2975     3.2980  32.616306  32.616598    6.05503     1.8149 2.2052e+01    -0.0230     0.0000      98.78    97.7879     0.0755      48488    6.05474    0.00000    34.9283    34.9281         54 0.0000e+00
   1718.000   1694.859     3.2954     3.2959  32.615283  32.615605    6.05301     1.8141 2.2006e+01    -0.0226     0.0000      98.78    97.7919     0.0755      48538    6.05287    0.00000    34.9283    34.9282         44 0.0000e+00
   1720.000   1696.824     3.2938     3.2942  32.614573  32.614844    6.05408     1.8138 2.2158e+01    -0.0232     0.0000      98.78    97.7858     0.0755      48585    6.05346    0.00000    34.9282    34.9280         54 0.0000e+00
   1722.000   1698.788     3.2919     3.2923  32.613641  32.613926    6.05561     1.8138 2.2129e+01    -0.0233     0.0000      98.78    97.7847     0.0755      48641    6.05530    0.00000    34.9281    34.9280         51 0.0000e+00
   1724.000   1700.754     3.2894     3.2899  32.612167  32.612514    6.05789     1.8138 2.1962e+01    -0.0239     0.0000      98.78    97.7847     0.0755      48686    6.05754    0.00000    34.9280    34.9279         44 0.0000e+00
   1726.000   1702.719     3.2879     3.2883  32.611554  32.611883    6.05596     1.8131 2.2126e+01    -0.0234     0.0000      98.78    97.7847     0.0755      48735    6.05592    0.00000    34.9279    34.9278         54 0.0000e+00
   1728.000   1704.684     3.2857     3.2860  32.610647  32.610793    6.05422     1.8123 2.2227e+01    -0.0235     0.0000      98.78    97.7851     0.0755      48786    6.05415    0.00000    34.9282    34.9279         46 0.0000e+00
   1730.000   1706.649     3.2907     3.2910  32.617102  32.616962    6.05562     1.8125 2.2054e+01    -0.0227     0.0000      98.78    97.7821     0.0755      48832    6.05555    0.00000    34.9296    34.9291         47 0.0000e+00
   1732.000   1708.614     3.2938     3.2942  32.621566  32.621679    6.05433     1.8120 2.2093e+01    -0.0228     0.0000      98.78    97.7876     0.0755      48881    6.05427    0.00000    34.9306    34.9304         49 0.0000e+00
   1734.000   1710.578     3.2945     3.2950  32.623190  32.623452    6.05263     1.8113 2.2092e+01    -0.0231     0.0000      98.78    97.7937     0.0755      48929    6.05256    0.00000    34.9308    34.9307         50 0.0000e+00
   1736.000   1712.543     3.2933     3.2937  32.622895  32.623157    6.04963     1.8103 2.2158e+01    -0.0229     0.0000      98.78    97.7913     0.0755      48984    6.04962    0.00000    34.9308    34.9307         57 0.0000e+00
   1738.000   1714.508     3.2920     3.2924  32.622692  32.622936    6.04782     1.8095 2.2050e+01    -0.0226     0.0000      98.78    97.7900     0.0755      49033    6.04765    0.00000    34.9310    34.9308         40 0.0000e+00
   1740.000   1716.473     3.2875     3.2880  32.619366  32.619903    6.04945     1.8094 2.2096e+01    -0.0229     0.0000      98.78    97.7887     0.0755      49072    6.04944    0.00000    34.9307    34.9308         44 0.0000e+00
   1742.000   1718.438     3.2833     3.2839  32.616025  32.616473    6.04889     1.8090 2.2109e+01    -0.0226     0.0000      98.78    97.7940     0.0755      49135    6.04992    0.00000    34.9302    34.9301         71 0.0000e+00
   1744.000   1720.403     3.2818     3.2822  32.615637  32.615862    6.05206     1.8090 2.2216e+01    -0.0231     0.0000      98.78    97.7853     0.0755      49186    6.05161    0.00000    34.9304    34.9302         37 0.0000e+00
   1746.000   1722.368     3.2816     3.2821  32.616457  32.616732    6.05336     1.8090 2.2177e+01    -0.0228     0.0000      98.78    97.7845     0.0755      49219    6.05318    0.00000    34.9306    34.9304         32 0.0000e+00
   1748.000   1724.333     3.2806     3.2812  32.616711  32.617038    6.05031     1.8080 2.2060e+01    -0.0231     0.0000      98.78    97.7847     0.0755      49257    6.05019    0.00000    34.9310    34.9308         48 0.0000e+00
   1750.000   1726.297     3.2790     3.2795  32.616083  32.616352    6.04726     1.8069 2.2052e+01    -0.0235     0.0000      98.78    97.7933     0.0755      49325    6.04720    0.00000    34.9309    34.9307         71 0.0000e+00
   1752.000   1728.262     3.2764     3.2768  32.614548  32.614776    6.04850     1.8068 2.2162e+01    -0.0227     0.0000      98.78    97.7923     0.0755      49374    6.04842    0.00000    34.9308    34.9307         37 0.0000e+00
   1754.000   1730.227     3.2746     3.2750  32.613957  32.614272    6.04902     1.8065 2.2056e+01    -0.0226     0.0000      98.78    97.7933     0.0755      49411    6.04890    0.00000    34.9311    34.9310         41 0.0000e+00
   1756.000   1732.192     3.2732     3.2737  32.613621  32.613878    6.04613     1.8055 2.1992e+01    -0.0229     0.0000      98.78    97.7935     0.0755      49468    6.04607    0.00000    34.9312    34.9310         69 0.0000e+00
   1758.000   1734.156     3.2727     3.2731  32.614023  32.614396    6.04793     1.8055 2.2105e+01    -0.0232     0.0000      98.78    97.8018     0.0755      49523    6.04778    0.00000    34.9313    34.9313         40 0.0000e+00
   1760.000   1736.121     3.2689     3.2694  32.611548  32.611855    6.04914     1.8053 2.2108e+01    -0.0221     0.0000      98.78    97.7915     0.0755      49559    6.04896    0.00000    34.9313    34.9312         36 0.0000e+00
   1762.000   1738.086     3.2680     3.2685  32.611456  32.611816    6.04752     1.8045 2.2055e+01    -0.0230     0.0000      98.78    97.7869     0.0755      49601    6.04692    0.00000    34.9312    34.9311         51 0.0000e+00
   1764.000   1740.050     3.2665     3.2670  32.610945  32.611153    6.04720     1.8042 2.2088e+01    -0.0237     0.0000      98.78    97.7922     0.0755      49659    6.04744    0.00000    34.9312    34.9309         58 0.0000e+00
   1766.000   1742.015     3.2657     3.2662  32.611132  32.611437    6.04870     1.8040 2.2139e+01    -0.0227     0.0000      98.78    97.7936     0.0755      49709    6.04847    0.00000    34.9313    34.9312         46 0.0000e+00
   1768.000   1743.980     3.2654     3.2659  32.611872  32.612206    6.04712     1.8034 2.2054e+01    -0.0230     0.0000      98.78    97.7866     0.0755      49757    6.04694    0.00000    34.9315    34.9314         51 0.0000e+00
   1770.000   1745.944     3.2649     3.2654  32.612248  32.612530    6.04879     1.8034 2.1976e+01    -0.0224     0.0000      98.78    97.8006     0.0755      49812    6.04860    0.00000    34.9315    34.9314         54 0.0000e+00
   1772.000   1747.909     3.2631     3.2635  32.611404  32.611731    6.05062     1.8034 2.2099e+01    -0.0231     0.0000      98.78    97.7769     0.0755      49860    6.05043    0.00000    34.9314    34.9314         44 0.0000e+00
   1774.000   1749.873     3.2595     3.2598  32.608960  32.609116    6.05133     1.8031 2.2097e+01    -0.0226     0.0000      98.78    97.7886     0.0755      49903    6.05137    0.00000    34.9314    34.9312         45 0.0000e+00
   1776.000   1751.838     3.2573     3.2578  32.607641  32.607957    6.05286     1.8030 2.2134e+01    -0.0226     0.0000      98.78    97.7914     0.0755      49951    6.05282    0.00000    34.9311    34.9310         49 0.0000e+00
   1778.000   1753.802     3.2550     3.2554  32.606363  32.606618    6.05307     1.8026 2.2053e+01    -0.0230     0.0000      98.78    97.7928     0.0755      49998    6.05302    0.00000    34.9311    34.9309         45 0.0000e+00
   1780.000   1755.767     3.2544     3.2548  32.606625  32.606883    6.05225     1.8021 2.2086e+01    -0.0224     0.0000      98.78    97.7969     0.0755      50049    6.05220    0.00000    34.9311    34.9309         58 0.0000e+00
   1782.000   1757.731     3.2542     3.2546  32.607377  32.607702    6.05311     1.8019 2.2132e+01    -0.0229     0.0000      98.78    97.7916     0.0755      50105    6.05300    0.00000    34.9312    34.9311         51 0.0000e+00
   1784.000   1759.696     3.2521     3.2524  32.606384  32.606691    6.05378     1.8016 2.2145e+01    -0.0229     0.0000      98.78    97.7882     0.0755      50151    6.05364    0.00000    34.9313    34.9312         43 0.0000e+00
   1786.000   1761.660     3.2508     3.2511  32.605891  32.606168    6.05173     1.8008 2.2092e+01    -0.0229     0.0000      98.78    97.7952     0.0755      50197    6.05162    0.00000    34.9311    34.9310         53 0.0000e+00
   1788.000   1763.625     3.2484     3.2488  32.604530  32.604655    6.04906     1.7999 2.2136e+01    -0.0228     0.0000      98.78    97.7976     0.0755      50253    6.04900    0.00000    34.9310    34.9307         49 0.0000e+00
   1790.000   1765.589     3.2481     3.2486  32.605135  32.605380    6.04895     1.7995 2.1947e+01    -0.0223     0.0000      98.78    97.7976     0.0755      50293    6.04889    0.00000    34.9311    34.9308         38 0.0000e+00
   1792.000   1767.554     3.2477     3.2482  32.605627  32.605897    6.04759     1.7989 2.2015e+01    -0.0231     0.0000      98.78    97.7953     0.0755      50340    6.04753    0.00000    34.9311    34.9309         60 0.0000e+00
   1794.000   1769.518     3.2467     3.2472  32.605592  32.605779    6.04663     1.7983 2.2054e+01    -0.0225     0.0000      98.78    97.7904     0.0755      50400    6.04670    0.00000    34.9312    34.9309         49 0.0000e+00
