Ship_data/Irminger/Irminger-2/ctd/process/OOI/dat30_005.cnv
* Sea-Bird SBE 9 Data File:
* FileName = C:\data\ctd\at30_005.hex
* Software Version Seasave V 7.21f
* Temperature SN = 2265
* Conductivity SN = 3021
* Number of Bytes Per Scan = 40
* Number of Voltage Words = 5
* Number of Scans Averaged by the Deck Unit = 1
* NMEA Latitude = 59 59.33 N
* NMEA Longitude = 039 27.67 W
* NMEA UTC (Time) = Aug 14 2015  19:36:17
# nquan = 21
# nvalues = 1351                        
# units = specified
# name 0 = prDM: Pressure, Digiquartz [db]
# name 1 = depSM: Depth [salt water, m]
# name 2 = t090C: Temperature [ITS-90, deg C]
# name 3 = t190C: Temperature, 2 [ITS-90, deg C]
# name 4 = c0mS/cm: Conductivity [mS/cm]
# name 5 = c1mS/cm: Conductivity, 2 [mS/cm]
# name 6 = sbeox0ML/L: Oxygen, SBE 43 [ml/l]
# name 7 = sbeox0V: Oxygen raw, SBE 43 [V]
# name 8 = spar: SPAR/Surface Irradiance
# name 9 = flECO-AFL: Fluorescence, WET Labs ECO-AFL/FL [mg/m^3]
# name 10 = v2: Voltage 2
# name 11 = altM: Altimeter [m]
# name 12 = CStarTr0: Beam Transmission, WET Labs C-Star [%]
# name 13 = turbWETntu0: Turbidity, WET Labs ECO [NTU]
# name 14 = scan: Scan Count
# name 15 = sbeox0ML/L: Oxygen, SBE 43 [ml/l], WS = 2
# name 16 = sbeox0dOV/dT: Oxygen, SBE 43 [dov/dt], WS = 2
# name 17 = sal00: Salinity, Practical [PSU]
# name 18 = sal11: Salinity, Practical, 2 [PSU]
# name 19 = nbin: number of scans per bin
# name 20 = flag: flag
# span 0 =      4.000,   2704.000       
# span 1 =      3.962,   2661.393       
# span 2 =     1.4170,     8.6858       
# span 3 =     1.4177,     8.6988       
# span 4 =  31.330262,  36.750811       
# span 5 =  31.330712,  36.762190       
# span 6 =    6.01332,    6.92151       
# span 7 =     1.6923,     2.5496       
# span 8 = 5.3329e+02, 1.7396e+03       
# span 9 =    -0.0309,     2.2299       
# span 10 =     0.0000,     0.0000      
# span 11 =       8.73,      98.89      
# span 12 =    92.8909,    97.4504      
# span 13 =     0.0735,     0.1341      
# span 14 =       1526,      80253      
# span 15 =    6.01324,    6.92174      
# span 16 =    0.00000,    0.00000      
# span 17 =    34.8566,    35.0047      
# span 18 =    34.8561,    35.0055      
# span 19 =         28,        129      
# span 20 = 0.0000e+00, 0.0000e+00      
# interval = decibars: 2                
# start_time = Aug 14 2015 19:36:17 [NMEA time, header]
# bad_flag = -9.990e-29
*END*
[from data line 897]
   1798.000   1773.416     3.2853     3.2860  32.636215  32.636459    6.05626     1.8010 1.0435e+03    -0.0228     0.0000      98.78    97.4214     0.0780      52756    6.05603    0.00000    34.9248    34.9244         34 0.0000e+00
   1800.000   1775.380     3.2829     3.2835  32.634707  32.634851    6.05776     1.8009 1.0451e+03    -0.0229     0.0000      98.78    97.4209     0.0780      52793    6.05748    0.00000    34.9246    34.9242         45 0.0000e+00
   1802.000   1777.344     3.2818     3.2817  32.634339  32.633937    6.05857     1.8007 1.0510e+03    -0.0224     0.0000      98.78    97.4184     0.0780      52857    6.05855    0.00000    34.9244    34.9240         74 0.0000e+00
   1804.000   1779.308     3.2811     3.2816  32.634590  32.634754    6.06084     1.8008 1.1785e+03    -0.0224     0.0000      98.78    97.4218     0.0780      52914    6.06076    0.00000    34.9244    34.9241         42 0.0000e+00
   1806.000   1781.272     3.2797     3.2802  32.634168  32.634451    6.06341     1.8010 1.2897e+03    -0.0233     0.0000      98.78    97.4186     0.0780      52952    6.06330    0.00000    34.9245    34.9242         37 0.0000e+00
   1808.000   1783.236     3.2784     3.2790  32.633760  32.634032    6.06324     1.8005 1.3341e+03    -0.0224     0.0000      98.78    97.4216     0.0780      52991    6.06271    0.00000    34.9244    34.9241         44 0.0000e+00
   1810.000   1785.201     3.2775     3.2779  32.633649  32.633860    6.06205     1.7998 1.3390e+03    -0.0234     0.0000      98.78    97.4239     0.0780      53046    6.06137    0.00000    34.9242    34.9240         65 0.0000e+00
   1812.000   1787.165     3.2741     3.2746  32.631494  32.631798    6.06338     1.7998 1.2006e+03    -0.0231     0.0000      98.78    97.4326     0.0780      53105    6.06322    0.00000    34.9242    34.9241         49 0.0000e+00
   1814.000   1789.129     3.2683     3.2689  32.626977  32.627238    6.06497     1.7995 9.9192e+02    -0.0231     0.0000      98.78    97.4319     0.0780      53150    6.06477    0.00000    34.9240    34.9237         44 0.0000e+00
   1816.000   1791.094     3.2655     3.2661  32.625224  32.625399    6.06484     1.7991 9.2578e+02    -0.0237     0.0000      98.78    97.4198     0.0780      53196    6.06466    0.00000    34.9239    34.9235         46 0.0000e+00
   1818.000   1793.058     3.2675     3.2683  32.628385  32.628487    6.06413     1.7987 9.8096e+02    -0.0231     0.0000      98.78    97.4185     0.0780      53239    6.06395    0.00000    34.9246    34.9239         42 0.0000e+00
   1820.000   1795.022     3.2729     3.2735  32.635188  32.635423    6.06385     1.7985 1.0112e+03    -0.0229     0.0000      98.78    97.4199     0.0780      53284    6.06357    0.00000    34.9260    34.9256         50 0.0000e+00
   1822.000   1796.986     3.2732     3.2735  32.636342  32.636394    6.06123     1.7976 1.0093e+03    -0.0239     0.0000      98.78    97.4218     0.0780      53341    6.06107    0.00000    34.9262    34.9259         57 0.0000e+00
   1824.000   1798.950     3.2719     3.2722  32.636135  32.636184    6.06200     1.7974 9.6890e+02    -0.0227     0.0000      98.78    97.4218     0.0780      53391    6.06170    0.00000    34.9262    34.9260         47 0.0000e+00
   1826.000   1800.914     3.2697     3.2702  32.635286  32.635467    6.06011     1.7966 9.5451e+02    -0.0230     0.0000      98.78    97.4309     0.0780      53441    6.05992    0.00000    34.9266    34.9263         54 0.0000e+00
   1828.000   1802.878     3.2685     3.2691  32.635131  32.635263    6.05992     1.7962 9.6623e+02    -0.0231     0.0000      98.78    97.4144     0.0780      53491    6.05946    0.00000    34.9267    34.9263         43 0.0000e+00
   1830.000   1804.842     3.2670     3.2675  32.634627  32.634753    6.05666     1.7950 9.1922e+02    -0.0231     0.0000      98.78    97.4267     0.0780      53530    6.05606    0.00000    34.9267    34.9263         38 0.0000e+00
   1832.000   1806.806     3.2661     3.2666  32.634571  32.634835    6.05753     1.7950 8.1068e+02    -0.0231     0.0000      98.78    97.4308     0.0780      53574    6.05768    0.00000    34.9266    34.9264         54 0.0000e+00
   1834.000   1808.770     3.2650     3.2655  32.634409  32.634578    6.05546     1.7941 7.4979e+02    -0.0234     0.0000      98.78    97.4364     0.0780      53633    6.05525    0.00000    34.9267    34.9263         55 0.0000e+00
   1836.000   1810.734     3.2643     3.2648  32.634629  32.634812    6.05680     1.7940 7.3966e+02    -0.0224     0.0000      98.78    97.4235     0.0780      53682    6.05662    0.00000    34.9267    34.9263         47 0.0000e+00
   1838.000   1812.698     3.2630     3.2635  32.634247  32.634503    6.05901     1.7941 6.9397e+02    -0.0225     0.0000      98.78    97.4353     0.0780      53732    6.05876    0.00000    34.9266    34.9264         53 0.0000e+00
   1840.000   1814.662     3.2623     3.2628  32.634469  32.634649    6.05903     1.7938 6.5877e+02    -0.0229     0.0000      98.78    97.4351     0.0780      53781    6.05909    0.00000    34.9267    34.9263         43 0.0000e+00
   1842.000   1816.626     3.2614     3.2619  32.634469  32.634559    6.06098     1.7938 6.5710e+02    -0.0221     0.0000      98.78    97.4285     0.0780      53820    6.06090    0.00000    34.9267    34.9262         38 0.0000e+00
   1844.000   1818.590     3.2603     3.2609  32.634131  32.634371    6.05781     1.7928 6.5636e+02    -0.0232     0.0000      98.78    97.4325     0.0780      53864    6.05768    0.00000    34.9264    34.9261         54 0.0000e+00
   1846.000   1820.554     3.2574     3.2580  32.631932  32.632234    6.05410     1.7916 6.2326e+02    -0.0227     0.0000      98.78    97.4403     0.0780      53932    6.05387    0.00000    34.9260    34.9256         70 0.0000e+00
   1848.000   1822.518     3.2574     3.2580  32.633093  32.633193    6.05529     1.7915 6.0456e+02    -0.0234     0.0000      98.78    97.4303     0.0780      53985    6.05521    0.00000    34.9263    34.9258         40 0.0000e+00
   1850.000   1824.481     3.2563     3.2568  32.633166  32.633319    6.06008     1.7922 6.0554e+02    -0.0232     0.0000      98.78    97.4179     0.0780      54020    6.06001    0.00000    34.9266    34.9263         33 0.0000e+00
   1852.000   1826.445     3.2536     3.2542  32.631455  32.631735    6.05908     1.7915 6.0126e+02    -0.0233     0.0000      98.78    97.4290     0.0780      54056    6.05899    0.00000    34.9264    34.9261         43 0.0000e+00
   1854.000   1828.409     3.2527     3.2532  32.631300  32.631398    6.05747     1.7908 5.8215e+02    -0.0235     0.0000      98.78    97.4328     0.0780      54115    6.05743    0.00000    34.9262    34.9259         71 0.0000e+00
   1856.000   1830.373     3.2506     3.2510  32.630386  32.630556    6.06025     1.7910 5.7865e+02    -0.0226     0.0000      98.78    97.4263     0.0780      54176    6.06011    0.00000    34.9264    34.9262         48 0.0000e+00
   1858.000   1832.337     3.2441     3.2445  32.624920  32.625186    6.06111     1.7906 5.6848e+02    -0.0236     0.0000      98.78    97.4375     0.0780      54218    6.06096    0.00000    34.9258    34.9257         38 0.0000e+00
   1860.000   1834.300     3.2402     3.2408  32.622200  32.622442    6.06166     1.7902 5.6220e+02    -0.0228     0.0000      98.78    97.4283     0.0780      54257    6.06149    0.00000    34.9257    34.9253         43 0.0000e+00
   1862.000   1836.264     3.2422     3.2427  32.625535  32.625725    6.05982     1.7896 5.6497e+02    -0.0232     0.0000      98.78    97.4315     0.0780      54310    6.05966    0.00000    34.9266    34.9263         62 0.0000e+00
   1864.000   1838.228     3.2433     3.2440  32.627854  32.628020    6.05983     1.7893 5.5961e+02    -0.0241     0.0000      98.78    97.4309     0.0780      54366    6.05966    0.00000    34.9272    34.9267         46 0.0000e+00
   1866.000   1840.191     3.2431     3.2437  32.628608  32.628831    6.06053     1.7891 5.6075e+02    -0.0229     0.0000      98.78    97.4355     0.0780      54410    6.06028    0.00000    34.9274    34.9270         46 0.0000e+00
   1868.000   1842.155     3.2429     3.2435  32.629401  32.629589    6.05786     1.7882 5.6019e+02    -0.0228     0.0000      98.78    97.4396     0.0780      54458    6.05765    0.00000    34.9276    34.9272         48 0.0000e+00
   1870.000   1844.119     3.2410     3.2415  32.628840  32.629131    6.05837     1.7879 5.4789e+02    -0.0234     0.0000      98.78    97.4381     0.0780      54506    6.05815    0.00000    34.9280    34.9277         48 0.0000e+00
   1872.000   1846.082     3.2392     3.2398  32.628067  32.628311    6.05874     1.7876 5.5091e+02    -0.0233     0.0000      98.78    97.4380     0.0780      54553    6.05846    0.00000    34.9279    34.9276         48 0.0000e+00
   1874.000   1848.046     3.2381     3.2387  32.627882  32.628061    6.05624     1.7867 5.5155e+02    -0.0227     0.0000      98.78    97.4372     0.0780      54605    6.05608    0.00000    34.9280    34.9275         55 0.0000e+00
   1876.000   1850.010     3.2369     3.2376  32.627593  32.627932    6.05323     1.7857 5.5004e+02    -0.0237     0.0000      98.78    97.4414     0.0780      54657    6.05307    0.00000    34.9279    34.9276         46 0.0000e+00
   1878.000   1851.973     3.2357     3.2362  32.627244  32.627369    6.05394     1.7855 5.5487e+02    -0.0230     0.0000      98.78    97.4408     0.0780      54699    6.05374    0.00000    34.9278    34.9274         41 0.0000e+00
   1880.000   1853.937     3.2356     3.2361  32.628047  32.628147    6.05463     1.7853 5.5224e+02    -0.0232     0.0000      98.78    97.4445     0.0780      54746    6.05440    0.00000    34.9279    34.9275         54 0.0000e+00
   1882.000   1855.900     3.2337     3.2343  32.627045  32.627396    6.05273     1.7845 5.4024e+02    -0.0227     0.0000      98.78    97.4423     0.0780      54800    6.05257    0.00000    34.9277    34.9274         52 0.0000e+00
   1884.000   1857.864     3.2280     3.2283  32.622601  32.622756    6.05415     1.7843 5.4469e+02    -0.0242     0.0000      98.78    97.2529     0.0780      54847    6.05391    0.00000    34.9275    34.9273         42 0.0000e+00
   1886.000   1859.827     3.2246     3.2251  32.620431  32.620663    6.05319     1.7836 5.5716e+02    -0.0226     0.0000      98.78    97.4113     0.0780      54890    6.05279    0.00000    34.9275    34.9272         47 0.0000e+00
   1888.000   1861.791     3.2234     3.2238  32.620063  32.620186    6.05238     1.7831 5.4965e+02    -0.0230     0.0000      98.78    97.4322     0.0780      54945    6.05224    0.00000    34.9274    34.9270         62 0.0000e+00
   1890.000   1863.755     3.2209     3.2214  32.618607  32.618823    6.05417     1.7831 5.3329e+02    -0.0233     0.0000      98.78    97.4373     0.0780      55001    6.05406    0.00000    34.9273    34.9270         46 0.0000e+00
   1892.000   1865.718     3.2207     3.2212  32.619181  32.619469    6.05546     1.7830 5.4578e+02    -0.0235     0.0000      98.78    97.4447     0.0780      55041    6.05550    0.00000    34.9273    34.9270         37 0.0000e+00
   1894.000   1867.682     3.2188     3.2195  32.618492  32.618809    6.05636     1.7828 5.5381e+02    -0.0223     0.0000      98.78    97.4440     0.0780      55079    6.05627    0.00000    34.9275    34.9271         41 0.0000e+00
   1896.000   1869.645     3.2166     3.2171  32.617408  32.617622    6.05457     1.7820 5.4483e+02    -0.0221     0.0000      98.78    97.4361     0.0780      55132    6.05436    0.00000    34.9275    34.9272         65 0.0000e+00
   1898.000   1871.608     3.2144     3.2149  32.616181  32.616411    6.05709     1.7820 5.4156e+02    -0.0226     0.0000      98.78    97.4373     0.0780      55193    6.05633    0.00000    34.9274    34.9271         51 0.0000e+00
   1900.000   1873.571     3.2103     3.2106  32.613105  32.613298    6.05984     1.7820 5.5033e+02    -0.0229     0.0000      98.78    97.4374     0.0780      55238    6.05857    0.00000    34.9272    34.9271         44 0.0000e+00
   1902.000   1875.535     3.2067     3.2072  32.610640  32.610942    6.06092     1.7820 5.5141e+02    -0.0225     0.0000      98.78    97.4415     0.0780      55284    6.06092    0.00000    34.9270    34.9268         48 0.0000e+00
   1904.000   1877.498     3.2038     3.2042  32.608804  32.609106    6.05824     1.7810 5.4787e+02    -0.0234     0.0000      98.78    97.4440     0.0780      55334    6.05814    0.00000    34.9269    34.9268         50 0.0000e+00
   1906.000   1879.462     3.1994     3.1998  32.605625  32.605934    6.05938     1.7807 5.4802e+02    -0.0228     0.0000      98.78    97.4348     0.0780      55382    6.05924    0.00000    34.9268    34.9267         46 0.0000e+00
   1908.000   1881.425     3.1948     3.1952  32.601831  32.602052    6.06214     1.7808 5.4799e+02    -0.0228     0.0000      98.78    97.4430     0.0780      55428    6.06191    0.00000    34.9262    34.9260         48 0.0000e+00
   1910.000   1883.388     3.1938     3.1942  32.601782  32.601971    6.06355     1.7808 5.5223e+02    -0.0237     0.0000      98.78    97.4153     0.0780      55479    6.06357    0.00000    34.9262    34.9260         55 0.0000e+00
   1912.000   1885.352     3.1923     3.1927  32.601445  32.601639    6.06440     1.7806 5.5144e+02    -0.0228     0.0000      98.78    97.4359     0.0780      55532    6.06440    0.00000    34.9265    34.9262         48 0.0000e+00
   1914.000   1887.314     3.1903     3.1906  32.600480  32.600723    6.06562     1.7804 5.5382e+02    -0.0229     0.0000      98.78    97.4258     0.0780      55577    6.06552    0.00000    34.9265    34.9264         44 0.0000e+00
   1916.000   1889.278     3.1885     3.1890  32.599707  32.599947    6.06538     1.7800 5.5853e+02    -0.0227     0.0000      98.78    97.4386     0.0780      55626    6.06535    0.00000    34.9264    34.9262         55 0.0000e+00
   1918.000   1891.241     3.1867     3.1870  32.598783  32.599009    6.06564     1.7797 5.5990e+02    -0.0234     0.0000      98.78    97.4403     0.0780      55683    6.06568    0.00000    34.9263    34.9262         54 0.0000e+00
   1920.000   1893.204     3.1852     3.1855  32.598344  32.598608    6.06770     1.7797 5.5912e+02    -0.0234     0.0000      98.78    97.4446     0.0780      55731    6.06775    0.00000    34.9264    34.9264         43 0.0000e+00
   1922.000   1895.168     3.1831     3.1835  32.597513  32.597691    6.06969     1.7797 5.6283e+02    -0.0231     0.0000      98.78    97.4446     0.0780      55772    6.06968    0.00000    34.9266    34.9264         41 0.0000e+00
   1924.000   1897.131     3.1803     3.1808  32.595644  32.595978    6.06955     1.7792 5.6601e+02    -0.0227     0.0000      98.78    97.4430     0.0780      55815    6.06940    0.00000    34.9264    34.9262         48 0.0000e+00
   1926.000   1899.094     3.1787     3.1792  32.594792  32.595045    6.06558     1.7780 5.7177e+02    -0.0223     0.0000      98.78    97.4233     0.0780      55872    6.06545    0.00000    34.9262    34.9258         68 0.0000e+00
   1928.000   1901.057     3.1794     3.1798  32.596288  32.596456    6.06357     1.7773 5.7219e+02    -0.0230     0.0000      98.78    97.4434     0.0780      55940    6.06332    0.00000    34.9262    34.9260         55 0.0000e+00
   1930.000   1903.020     3.1781     3.1785  32.595945  32.596272    6.06508     1.7773 5.6783e+02    -0.0233     0.0000      98.78    97.4304     0.0780      55982    6.06521    0.00000    34.9262    34.9261         36 0.0000e+00
   1932.000   1904.983     3.1739     3.1744  32.592690  32.592908    6.06609     1.7770 5.6745e+02    -0.0232     0.0000      98.78    97.4304     0.0780      56017    6.06594    0.00000    34.9258    34.9255         35 0.0000e+00
