Ship_data/Irminger/Irminger-2/ctd/process/OOI/dat30_005.cnv
* Sea-Bird SBE 9 Data File:
* FileName = C:\data\ctd\at30_005.hex
* Software Version Seasave V 7.21f
* Temperature SN = 2265
* Conductivity SN = 3021
* Number of Bytes Per Scan = 40
* Number of Voltage Words = 5
* Number of Scans Averaged by the Deck Unit = 1
* NMEA Latitude = 59 59.33 N
* NMEA Longitude = 039 27.67 W
* NMEA UTC (Time) = Aug 14 2015  19:36:17
# nquan = 21
# nvalues = 1351                        
# units = specified
# name 0 = prDM: Pressure, Digiquartz [db]
# name 1 = depSM: Depth [salt water, m]
# name 2 = t090C: Temperature [ITS-90, deg C]
# name 3 = t190C: Temperature, 2 [ITS-90, deg C]
# name 4 = c0mS/cm: Conductivity [mS/cm]
# name 5 = c1mS/cm: Conductivity, 2 [mS/cm]
# name 6 = sbeox0ML/L: Oxygen, SBE 43 [ml/l]
# name 7 = sbeox0V: Oxygen raw, SBE 43 [V]
# name 8 = spar: SPAR/Surface Irradiance
# name 9 = flECO-AFL: Fluorescence, WET Labs ECO-AFL/FL [mg/m^3]
# name 10 = v2: Voltage 2
# name 11 = altM: Altimeter [m]
# name 12 = CStarTr0: Beam Transmission, WET Labs C-Star [%]
# name 13 = turbWETntu0: Turbidity, WET Labs ECO [NTU]
# name 14 = scan: Scan Count
# name 15 = sbeox0ML/L: Oxygen, SBE 43 [ml/l], WS = 2
# name 16 = sbeox0dOV/dT: Oxygen, SBE 43 [dov/dt], WS = 2
# name 17 = sal00: Salinity, Practical [PSU]
# name 18 = sal11: Salinity, Practical, 2 [PSU]
# name 19 = nbin: number of scans per bin
# name 20 = flag: flag
# span 0 =      4.000,   2704.000       
# span 1 =      3.962,   2661.393       
# span 2 =     1.4170,     8.6858       
# span 3 =     1.4177,     8.6988       
# span 4 =  31.330262,  36.750811       
# span 5 =  31.330712,  36.762190       
# span 6 =    6.01332,    6.92151       
# span 7 =     1.6923,     2.5496       
# span 8 = 5.3329e+02, 1.7396e+03       
# span 9 =    -0.0309,     2.2299       
# span 10 =     0.0000,     0.0000      
# span 11 =       8.73,      98.89      
# span 12 =    92.8909,    97.4504      
# span 13 =     0.0735,     0.1341      
# span 14 =       1526,      80253      
# span 15 =    6.01324,    6.92174      
# span 16 =    0.00000,    0.00000      
# span 17 =    34.8566,    35.0047      
# span 18 =    34.8561,    35.0055      
# span 19 =         28,        129      
# span 20 = 0.0000e+00, 0.0000e+00      
# interval = decibars: 2                
# start_time = Aug 14 2015 19:36:17 [NMEA time, header]
# bad_flag = -9.990e-29
*END*
      4.000      3.962     8.6130     8.6373  36.680431  36.703504    6.59350     2.5335 1.4469e+03     0.7864     0.0000      98.78    93.7208     0.1151       1526    6.59313    0.00000    34.8885    34.8890         63 0.0000e+00
      6.000      5.943     8.6654     8.6513  36.730417  36.717002    6.59778     2.5368 1.0823e+03     0.8049     0.0000      98.78    93.7625     0.1086       2188    6.59740    0.00000    34.8886    34.8884         97 0.0000e+00
      8.000      7.924     8.6858     8.6988  36.750811  36.762190    6.60004     2.5379 1.0412e+03     0.8133     0.0000      98.77    93.7646     0.1092       2311    6.59963    0.00000    34.8891    34.8883        111 0.0000e+00
     10.000      9.906     8.4576     8.4185  36.524388  36.492042    6.63731     2.5379 1.1398e+03     0.8382     0.0000      98.77    93.7675     0.1097       2420    6.63719    0.00000    34.8736    34.8780        114 0.0000e+00
     12.000     11.886     8.0205     8.0211  36.102670  36.102857    6.73739     2.5467 1.1499e+03     0.8328     0.0000      98.78    93.8494     0.1118       2518    6.73757    0.00000    34.8566    34.8561         79 0.0000e+00
     14.000     13.868     7.9920     7.9921  36.080007  36.080385    6.75332     2.5496 1.0592e+03     0.8644     0.0000      98.78    93.8054     0.1080       2598    6.75335    0.00000    34.8596    34.8599         85 0.0000e+00
     16.000     15.848     7.9577     7.9583  36.051344  36.052204    6.73951     2.5433 8.9157e+02     0.9484     0.0000      98.77    93.5256     0.1087       2717    6.73958    0.00000    34.8620    34.8624         78 0.0000e+00
     18.000     17.830     7.9328     7.9327  36.030818  36.030620    6.73728     2.5409 8.8193e+02     0.9819     0.0000      98.78    93.4595     0.1109       2783    6.73712    0.00000    34.8638    34.8637         68 0.0000e+00
     20.000     19.811     7.9199     7.9193  36.021404  36.020324    6.73628     2.5395 8.6899e+02     1.0940     0.0000      98.78    93.3776     0.1141       2914    6.73612    0.00000    34.8656    34.8650         77 0.0000e+00
     22.000     21.791     7.9077     7.9081  36.012415  36.012570    6.73414     2.5377 8.5955e+02     1.1390     0.0000      98.78    93.1234     0.1341       2982    6.73383    0.00000    34.8671    34.8669         79 0.0000e+00
     24.000     23.772     7.8979     7.8909  36.004904  35.998815    6.73753     2.5377 8.6808e+02     1.2270     0.0000      98.77    92.8909     0.1261       3096    6.73725    0.00000    34.8678    34.8683        119 0.0000e+00
     26.000     25.753     7.8706     7.8701  35.982666  35.982073    6.73811     2.5361 8.9096e+02     1.3686     0.0000      98.77    93.1020     0.1148       3185    6.73780    0.00000    34.8701    34.8700         93 0.0000e+00
     28.000     27.734     7.8599     7.8603  35.976412  35.976468    6.73219     2.5334 9.1299e+02     1.5048     0.0000      98.77    93.0007     0.1150       3285    6.73199    0.00000    34.8731    34.8728         80 0.0000e+00
     30.000     29.715     7.8532     7.8510  35.973320  35.971668    6.72106     2.5292 9.1760e+02     1.5778     0.0000      98.78    92.9161     0.1249       3381    6.72077    0.00000    34.8755    34.8759        119 0.0000e+00
     32.000     31.696     7.8472     7.8475  35.970381  35.970400    6.71611     2.5271 8.9041e+02     1.6178     0.0000      98.78    93.0013     0.1192       3485    6.71604    0.00000    34.8774    34.8771         83 0.0000e+00
     34.000     33.677     7.8154     7.8159  35.942264  35.943776    6.71582     2.5249 8.9544e+02     1.6871     0.0000      98.77    93.0539     0.1130       3577    6.71554    0.00000    34.8778    34.8789         95 0.0000e+00
     36.000     35.657     7.7223     7.7136  35.858440  35.852198    6.73375     2.5254 9.0738e+02     1.7965     0.0000      98.78    93.0843     0.1174       3671    6.73409    0.00000    34.8794    34.8814        109 0.0000e+00
     38.000     37.638     7.6118     7.6133  35.760864  35.764070    6.75363     2.5254 9.2390e+02     1.9208     0.0000      98.78    93.0987     0.1213       3776    6.75346    0.00000    34.8835    34.8855         86 0.0000e+00
     40.000     39.619     7.3729     7.3731  35.546074  35.548748    6.79353     2.5253 9.8608e+02     1.9692     0.0000      98.78    93.0406     0.1136       3870    6.79356    0.00000    34.8891    34.8918        104 0.0000e+00
     42.000     41.600     7.1977     7.1964  35.391250  35.391886    6.82611     2.5259 1.0526e+03     2.1018     0.0000      98.77    93.0895     0.1182       3965    6.82618    0.00000    34.8956    34.8976         91 0.0000e+00
     44.000     43.580     7.1074     7.1033  35.311118  35.308546    6.82156     2.5197 1.2155e+03     2.1665     0.0000      98.77    93.2889     0.1219       4059    6.82156    0.00000    34.8980    34.8993        106 0.0000e+00
     46.000     45.561     6.8769     6.8792  35.104296  35.117545    6.83335     2.5115 1.5969e+03     2.1993     0.0000      98.78    93.4322     0.1153       4172    6.83353    0.00000    34.9028    34.9152         78 0.0000e+00
     48.000     47.542     6.5164     6.4748  34.776060  34.747702    6.90964     2.5154 1.5796e+03     2.2048     0.0000      98.77    93.7018     0.1139       4253    6.91002    0.00000    34.9049    34.9158         79 0.0000e+00
     50.000     49.523     6.2595     6.2286  34.536389  34.511940    6.91782     2.5044 1.5925e+03     2.2299     0.0000      98.78    93.9274     0.1189       4358    6.91820    0.00000    34.8989    34.9032         69 0.0000e+00
     52.000     51.503     6.1450     6.1426  34.431630  34.430844    6.92151     2.4992 1.6724e+03     2.1425     0.0000      98.78    94.2355     0.1124       4449    6.92174    0.00000    34.8978    34.8994        112 0.0000e+00
     54.000     53.484     5.9672     5.9670  34.278569  34.282531    6.88341     2.4792 1.7238e+03     1.8741     0.0000      98.78    94.5522     0.1165       4549    6.88362    0.00000    34.9071    34.9118         72 0.0000e+00
     56.000     55.464     5.8477     5.8516  34.180035  34.182367    6.85938     2.4661 1.6612e+03     1.6477     0.0000      98.78    95.0673     0.1066       4648    6.85954    0.00000    34.9179    34.9166        108 0.0000e+00
     58.000     57.445     5.7200     5.7139  34.066694  34.067916    6.80253     2.4432 1.6736e+03     1.3105     0.0000      98.78    95.3646     0.1086       4749    6.80267    0.00000    34.9202    34.9279         89 0.0000e+00
     60.000     59.426     5.5938     5.5922  33.956928  33.954585    6.75859     2.4243 1.5469e+03     0.9033     0.0000      98.78    95.9159     0.1031       4844    6.75877    0.00000    34.9251    34.9240         76 0.0000e+00
     62.000     61.406     5.5640     5.5640  33.949460  33.949681    6.68234     2.4011 1.4953e+03     0.6341     0.0000      98.78    96.2878     0.0921       4947    6.68233    0.00000    34.9464    34.9467         50 0.0000e+00
     64.000     63.387     5.5499     5.5503  33.937987  33.938754    6.62187     2.3830 1.5181e+03     0.5222     0.0000      98.78    96.3664     0.0931       5033    6.62181    0.00000    34.9469    34.9474         74 0.0000e+00
     66.000     65.367     5.5221     5.5236  33.914819  33.916890    6.57721     2.3687 1.5531e+03     0.4799     0.0000      98.78    96.4425     0.0928       5137    6.57708    0.00000    34.9483    34.9491         66 0.0000e+00
     68.000     67.348     5.4572     5.4644  33.859841  33.867744    6.56759     2.3625 1.6876e+03     0.4477     0.0000      98.78    96.5278     0.0891       5236    6.56747    0.00000    34.9518    34.9534         85 0.0000e+00
     70.000     69.328     5.3687     5.3740  33.785331  33.789991    6.55767     2.3551 1.7392e+03     0.3279     0.0000      98.78    96.6698     0.0852       5334    6.55760    0.00000    34.9575    34.9574         80 0.0000e+00
     72.000     71.309     5.3448     5.3511  33.766534  33.772204    6.52874     2.3455 1.7391e+03     0.2737     0.0000      98.78    96.7085     0.0847       5427    6.52868    0.00000    34.9598    34.9597         79 0.0000e+00
     74.000     73.289     5.3035     5.3241  33.732113  33.749940    6.50843     2.3374 1.6309e+03     0.2614     0.0000      98.78    96.7903     0.0868       5529    6.50830    0.00000    34.9623    34.9613        105 0.0000e+00
     76.000     75.270     5.2754     5.2865  33.708856  33.719030    6.48726     2.3297 1.7286e+03     0.2060     0.0000      98.78    96.8492     0.0853       5620    6.48713    0.00000    34.9638    34.9640         94 0.0000e+00
     78.000     77.250     5.2494     5.2620  33.688186  33.699417    6.47100     2.3236 1.7396e+03     0.1926     0.0000      98.78    96.8874     0.0817       5723    6.47084    0.00000    34.9661    34.9659        100 0.0000e+00
     80.000     79.230     5.2254     5.2296  33.672545  33.675295    6.45923     2.3188 1.6618e+03     0.1550     0.0000      98.78    96.9076     0.0831       5825    6.45908    0.00000    34.9722    34.9709         94 0.0000e+00
     82.000     81.211     5.2275     5.2276  33.677573  33.677086    6.44521     2.3146 1.5804e+03     0.1497     0.0000      98.78    96.9143     0.0813       5902    6.44505    0.00000    34.9747    34.9741         83 0.0000e+00
     84.000     83.191     5.2544     5.2442  33.709553  33.697711    6.42834     2.3107 1.5382e+03     0.1435     0.0000      98.78    96.8883     0.0827       6022    6.42809    0.00000    34.9824    34.9794        116 0.0000e+00
     86.000     85.171     5.2435     5.2445  33.703688  33.705666    6.43095     2.3105 1.5392e+03     0.1486     0.0000      98.78    96.8896     0.0829       6110    6.43068    0.00000    34.9860    34.9872         58 0.0000e+00
     88.000     87.152     5.2344     5.2370  33.702332  33.704558    6.41372     2.3049 1.4917e+03     0.1162     0.0000      98.78    96.9521     0.0822       6203    6.41352    0.00000    34.9929    34.9927         77 0.0000e+00
     90.000     89.132     5.2835     5.2834  33.758119  33.757291    6.39411     2.3014 1.4483e+03     0.0913     0.0000      98.78    96.9821     0.0844       6302    6.39388    0.00000    35.0047    35.0038         64 0.0000e+00
     92.000     91.112     5.2495     5.2593  33.726348  33.737792    6.37765     2.2948 1.4352e+03     0.0597     0.0000      98.78    97.0105     0.0828       6403    6.37741    0.00000    35.0026    35.0055        121 0.0000e+00
     94.000     93.093     5.1632     5.1633  33.638883  33.640482    6.38744     2.2930 1.4327e+03     0.0525     0.0000      98.78    97.0193     0.0817       6508    6.38725    0.00000    34.9911    34.9928         97 0.0000e+00
     96.000     95.073     5.0873     5.0913  33.563917  33.568965    6.40351     2.2934 1.4587e+03     0.0528     0.0000      98.78    97.0202     0.0832       6629    6.40331    0.00000    34.9829    34.9845        111 0.0000e+00
     98.000     97.053     5.0543     5.0549  33.532346  33.533898    6.40426     2.2916 1.5415e+03     0.0395     0.0000      98.78    97.0435     0.0795       6761    6.40412    0.00000    34.9799    34.9810         91 0.0000e+00
    100.000     99.033     4.9952     4.9950  33.473816  33.474098    6.40539     2.2886 1.5288e+03     0.0298     0.0000      98.78    97.0682     0.0793       6962    6.40524    0.00000    34.9731    34.9736        103 0.0000e+00
    102.000    101.013     4.9969     4.9968  33.477101  33.477391    6.39495     2.2853 1.5802e+03     0.0255     0.0000      98.78    97.0816     0.0830       8154    6.39457    0.00000    34.9740    34.9744         69 0.0000e+00
    104.000    102.994     4.9842     4.9853  33.466087  33.468199    6.39848     2.2853 1.5358e+03     0.0269     0.0000      98.78    97.0752     0.0830       8889    6.39833    0.00000    34.9735    34.9747         73 0.0000e+00
    106.000    104.974     4.9471     4.9476  33.429859  33.431083    6.39777     2.2829 1.6158e+03     0.0212     0.0000      98.78    97.0881     0.0819       8991    6.39755    0.00000    34.9693    34.9702        104 0.0000e+00
    108.000    106.954     4.9334     4.9332  33.419730  33.419846    6.39206     2.2803 1.6499e+03     0.0072     0.0000      98.78    97.1017     0.0800       9125    6.39197    0.00000    34.9709    34.9712         96 0.0000e+00
    110.000    108.934     4.9379     4.9374  33.428328  33.427859    6.39011     2.2795 1.6604e+03     0.0143     0.0000      98.78    97.1122     0.0813       9224    6.38998    0.00000    34.9751    34.9751        117 0.0000e+00
    112.000    110.914     4.9471     4.9473  33.440731  33.441247    6.38907     2.2793 1.6658e+03     0.0047     0.0000      98.78    97.1059     0.0807       9338    6.38898    0.00000    34.9788    34.9791         98 0.0000e+00
    114.000    112.894     4.9465     4.9464  33.442000  33.442000    6.38864     2.2787 1.6516e+03     0.0071     0.0000      98.78    97.1083     0.0831       9423    6.38857    0.00000    34.9798    34.9799         79 0.0000e+00
    116.000    114.874     4.9447     4.9457  33.442894  33.444529    6.38888     2.2782 1.6460e+03     0.0091     0.0000      98.78    97.1108     0.0848       9515    6.38873    0.00000    34.9817    34.9825         81 0.0000e+00
    118.000    116.854     4.9165     4.9165  33.418674  33.419785    6.39474     2.2781 1.5968e+03    -0.0045     0.0000      98.78    97.1225     0.0802       9642    6.39455    0.00000    34.9822    34.9834         45 0.0000e+00
    120.000    118.834     4.8819     4.8810  33.386009  33.386627    6.39865     2.2771 1.5996e+03    -0.0004     0.0000      98.78    97.1157     0.0827       9683    6.39850    0.00000    34.9795    34.9812         53 0.0000e+00
    122.000    120.814     4.8395     4.8280  33.343755  33.333572    6.39801     2.2744 1.4902e+03    -0.0038     0.0000      98.78    97.1244     0.0818       9810    6.39788    0.00000    34.9738    34.9741         85 0.0000e+00
    124.000    122.794     4.8152     4.8155  33.321894  33.322716    6.40826     2.2756 1.5114e+03    -0.0045     0.0000      98.78    97.1459     0.0821       9905    6.40807    0.00000    34.9729    34.9735         60 0.0000e+00
    126.000    124.774     4.8239     4.8252  33.332947  33.334292    6.40883     2.2758 1.4639e+03    -0.0056     0.0000      98.78    97.1423     0.0826       9970    6.40858    0.00000    34.9756    34.9757         75 0.0000e+00
    128.000    126.754     4.7998     4.7980  33.310712  33.310618    6.40207     2.2724 1.3898e+03    -0.0048     0.0000      98.78    97.1308     0.0812      10101    6.40202    0.00000    34.9739    34.9757         70 0.0000e+00
    130.000    128.734     4.7542     4.7547  33.266380  33.267274    6.40517     2.2706 1.3333e+03    -0.0131     0.0000      98.78    97.1448     0.0805      10168    6.40508    0.00000    34.9692    34.9697         78 0.0000e+00
    132.000    130.714     4.7660     4.7708  33.280916  33.286381    6.40672     2.2712 1.3397e+03    -0.0090     0.0000      98.78    97.1450     0.0939      10283    6.40663    0.00000    34.9727    34.9740        100 0.0000e+00
    134.000    132.694     4.7689     4.7679  33.287569  33.287296    6.40096     2.2693 1.3496e+03    -0.0159     0.0000      98.78    97.1372     0.0828      10364    6.40070    0.00000    34.9763    34.9770         74 0.0000e+00
    136.000    134.673     4.7470     4.7446  33.267209  33.265569    6.39980     2.2675 1.3577e+03    -0.0137     0.0000      98.78    97.1444     0.0842      10450    6.39965    0.00000    34.9746    34.9751         92 0.0000e+00
    138.000    136.653     4.7294     4.7258  33.251399  33.248247    6.40747     2.2683 1.4141e+03    -0.0094     0.0000      98.78    97.1405     0.0831      10555    6.40724    0.00000    34.9736    34.9737        110 0.0000e+00
