Ship_data/Irminger/Irminger-2/ctd/process/OOI/dat30_011.cnv
* Sea-Bird SBE 9 Data File:
* FileName = C:\data\ctd\at30_011.hex
* Software Version Seasave V 7.21f
* Temperature SN = 2265
* Conductivity SN = 3021
* Number of Bytes Per Scan = 40
* Number of Voltage Words = 5
* Number of Scans Averaged by the Deck Unit = 1
* NMEA Latitude = 59 41.19 N
* NMEA Longitude = 039 21.93 W
* NMEA UTC (Time) = Aug 21 2015  19:14:51
** cal val post deployment at FLMB2
# nquan = 21
# nvalues = 1429                        
# units = specified
# name 0 = prDM: Pressure, Digiquartz [db]
# name 1 = depSM: Depth [salt water, m]
# name 2 = t090C: Temperature [ITS-90, deg C]
# name 3 = t190C: Temperature, 2 [ITS-90, deg C]
# name 4 = c0mS/cm: Conductivity [mS/cm]
# name 5 = c1mS/cm: Conductivity, 2 [mS/cm]
# name 6 = sbeox0ML/L: Oxygen, SBE 43 [ml/l]
# name 7 = sbeox0V: Oxygen raw, SBE 43 [V]
# name 8 = spar: SPAR/Surface Irradiance
# name 9 = flECO-AFL: Fluorescence, WET Labs ECO-AFL/FL [mg/m^3]
# name 10 = v2: Voltage 2
# name 11 = altM: Altimeter [m]
# name 12 = CStarTr0: Beam Transmission, WET Labs C-Star [%]
# name 13 = turbWETntu0: Turbidity, WET Labs ECO [NTU]
# name 14 = scan: Scan Count
# name 15 = sbeox0ML/L: Oxygen, SBE 43 [ml/l], WS = 2
# name 16 = sbeox0dOV/dT: Oxygen, SBE 43 [dov/dt], WS = 2
# name 17 = sal00: Salinity, Practical [PSU]
# name 18 = sal11: Salinity, Practical, 2 [PSU]
# name 19 = nbin: number of scans per bin
# name 20 = flag: flag
# span 0 =      2.000,   2858.000       
# span 1 =      1.981,   2812.034       
# span 2 =     1.5246,     8.6317       
# span 3 =     1.5253,     8.6311       
# span 4 =  31.485401,  36.668459       
# span 5 =  31.485595,  36.666167       
# span 6 =    6.00693,    6.99476       
# span 7 =     1.6771,     2.5280       
# span 8 = 5.7511e+02, 1.7177e+03       
# span 9 =    -0.0712,     1.9068       
# span 10 =     0.0000,     0.0000      
# span 11 =      17.75,      98.93      
# span 12 =    93.7140,    97.5195      
# span 13 =     0.0673,     0.1222      
# span 14 =        766,      82112      
# span 15 =    6.00679,    6.99570      
# span 16 =    0.00000,    0.00000      
# span 17 =    34.8492,    34.9371      
# span 18 =    34.8505,    34.9371      
# span 19 =         14,        124      
# span 20 = 0.0000e+00, 0.0000e+00      
# interval = decibars: 2                
# start_time = Aug 21 2015 19:14:51 [NMEA time, header]
# bad_flag = -9.990e-29
*END*
[from data line 138]
    278.000    275.201     3.8345     3.8346  32.449902  32.450791    6.52931     2.2273 8.0396e+02    -0.0500     0.0000      98.73    97.3306     0.0759      15370    6.52923    0.00000    34.9010    34.9019         57 0.0000e+00
    280.000    277.179     3.8281     3.8282  32.444664  32.445572    6.53723     2.2286 8.1457e+02    -0.0498     0.0000      98.73    97.3316     0.0731      15413    6.53712    0.00000    34.9005    34.9015         36 0.0000e+00
    282.000    279.158     3.8201     3.8200  32.437950  32.438611    6.53764     2.2279 8.1061e+02    -0.0510     0.0000      98.73    97.3223     0.0728      15452    6.53757    0.00000    34.8999    34.9008         48 0.0000e+00
    284.000    281.136     3.8147     3.8146  32.433626  32.434203    6.53629     2.2269 7.8916e+02    -0.0482     0.0000      98.73    97.3259     0.0751      15513    6.53629    0.00000    34.8994    34.9002         62 0.0000e+00
    286.000    283.115     3.8114     3.8110  32.431555  32.431688    6.54313     2.2281 7.8575e+02    -0.0523     0.0000      98.73    97.3331     0.0770      15559    6.54302    0.00000    34.8993    34.8999         35 0.0000e+00
    288.000    285.093     3.8100     3.8101  32.431201  32.431837    6.54740     2.2287 7.9764e+02    -0.0588     0.0000      98.73    97.3301     0.0770      15592    6.54733    0.00000    34.8994    34.9000         33 0.0000e+00
    290.000    287.071     3.8080     3.8078  32.430092  32.430576    6.54942     2.2287 8.1719e+02    -0.0525     0.0000      98.73    97.3169     0.0768      15635    6.54949    0.00000    34.8991    34.8998         56 0.0000e+00
    292.000    289.050     3.8040     3.8039  32.427203  32.427774    6.55081     2.2284 8.2532e+02    -0.0486     0.0000      98.73    97.3212     0.0740      15693    6.55073    0.00000    34.8988    34.8996         58 0.0000e+00
    294.000    291.028     3.8021     3.8023  32.426187  32.427030    6.54590     2.2266 8.1542e+02    -0.0507     0.0000      98.73    97.3292     0.0792      15752    6.54582    0.00000    34.8986    34.8993         54 0.0000e+00
    296.000    293.007     3.7999     3.8001  32.425126  32.425737    6.54906     2.2269 8.2294e+02    -0.0557     0.0000      98.73    97.3260     0.0785      15797    6.54895    0.00000    34.8985    34.8991         39 0.0000e+00
    298.000    294.985     3.7966     3.7970  32.422820  32.423782    6.55293     2.2273 8.2719e+02    -0.0484     0.0000      98.73    97.3187     0.0771      15835    6.55278    0.00000    34.8982    34.8990         40 0.0000e+00
    300.000    296.963     3.7909     3.7910  32.418327  32.419029    6.55554     2.2272 8.2227e+02    -0.0454     0.0000      98.73    97.3381     0.0780      15877    6.55537    0.00000    34.8978    34.8986         46 0.0000e+00
    302.000    298.942     3.7896     3.7896  32.417895  32.418391    6.55763     2.2275 8.1463e+02    -0.0459     0.0000      98.73    97.3329     0.0753      15932    6.55842    0.00000    34.8976    34.8983         61 0.0000e+00
    304.000    300.920     3.7894     3.7894  32.418732  32.419178    6.56202     2.2278 8.0350e+02    -0.0543     0.0000      98.73    97.3367     0.0756      15988    6.56123    0.00000    34.8978    34.8983         48 0.0000e+00
    306.000    302.898     3.7893     3.7891  32.419333  32.419836    6.57036     2.2297 8.0891e+02    -0.0573     0.0000      98.73    97.3265     0.0765      16029    6.57024    0.00000    34.8976    34.8983         36 0.0000e+00
    308.000    304.876     3.7873     3.7873  32.418552  32.419087    6.56672     2.2282 8.1904e+02    -0.0600     0.0000      98.73    97.3252     0.0756      16067    6.56653    0.00000    34.8976    34.8983         42 0.0000e+00
    310.000    306.855     3.7841     3.7836  32.416170  32.416385    6.56228     2.2265 8.2829e+02    -0.0549     0.0000      98.73    97.3335     0.0764      16127    6.56226    0.00000    34.8971    34.8979         80 0.0000e+00
    312.000    308.833     3.7818     3.7818  32.415012  32.415476    6.56393     2.2263 8.3524e+02    -0.0540     0.0000      98.73    97.3361     0.0759      16194    6.56372    0.00000    34.8971    34.8977         43 0.0000e+00
    314.000    310.811     3.7811     3.7809  32.415209  32.415752    6.56894     2.2271 8.4845e+02    -0.0555     0.0000      98.73    97.3279     0.0766      16226    6.56866    0.00000    34.8970    34.8978         29 0.0000e+00
    316.000    312.789     3.7763     3.7762  32.411518  32.412086    6.57218     2.2273 8.6329e+02    -0.0561     0.0000      98.73    97.3313     0.0725      16255    6.57187    0.00000    34.8967    34.8975         30 0.0000e+00
    318.000    314.767     3.7728     3.7729  32.409153  32.409852    6.56565     2.2251 8.7528e+02    -0.0587     0.0000      98.73    97.3272     0.0747      16290    6.56568    0.00000    34.8964    34.8972         42 0.0000e+00
    320.000    316.746     3.7721     3.7716  32.409215  32.409418    6.56312     2.2239 8.8896e+02    -0.0510     0.0000      98.73    97.3382     0.0786      16366    6.56315    0.00000    34.8962    34.8970         78 0.0000e+00
    322.000    318.724     3.7667     3.7666  32.405135  32.405746    6.56589     2.2239 8.7805e+02    -0.0510     0.0000      98.73    97.3272     0.0781      16442    6.56577    0.00000    34.8960    34.8969         38 0.0000e+00
    324.000    320.702     3.7651     3.7648  32.404640  32.405024    6.56806     2.2239 8.6003e+02    -0.0473     0.0000      98.73    97.3325     0.0780      16472    6.56775    0.00000    34.8961    34.8968         29 0.0000e+00
    326.000    322.680     3.7622     3.7622  32.402920  32.403638    6.57078     2.2240 8.4769e+02    -0.0432     0.0000      98.73    97.3290     0.0779      16500    6.57052    0.00000    34.8960    34.8968         29 0.0000e+00
    328.000    324.658     3.7607     3.7606  32.402334  32.402835    6.57203     2.2239 8.4481e+02    -0.0523     0.0000      98.73    97.3423     0.0749      16532    6.57188    0.00000    34.8959    34.8965         37 0.0000e+00
    330.000    326.636     3.7592     3.7592  32.401853  32.402371    6.56955     2.2227 8.4695e+02    -0.0435     0.0000      98.73    97.3279     0.0748      16579    6.56935    0.00000    34.8957    34.8964         59 0.0000e+00
    332.000    328.614     3.7521     3.7513  32.395774  32.396083    6.56749     2.2215 8.3120e+02    -0.0551     0.0000      98.73    97.3511     0.0750      16655    6.56773    0.00000    34.8950    34.8962         85 0.0000e+00
    334.000    330.592     3.7370     3.7372  32.381478  32.382669    6.57420     2.2220 8.3643e+02    -0.0610     0.0000      98.73    97.3505     0.0769      16718    6.57413    0.00000    34.8929    34.8941         40 0.0000e+00
    336.000    332.570     3.7323     3.7326  32.377795  32.378842    6.57937     2.2227 8.3568e+02    -0.0510     0.0000      98.73    97.3537     0.0775      16750    6.57926    0.00000    34.8924    34.8934         29 0.0000e+00
    338.000    334.548     3.7231     3.7226  32.369620  32.370026    6.58204     2.2225 8.2427e+02    -0.0544     0.0000      98.73    97.3512     0.0765      16782    6.58193    0.00000    34.8914    34.8925         39 0.0000e+00
    340.000    336.526     3.7247     3.7244  32.372378  32.372394    6.57761     2.2210 8.1196e+02    -0.0555     0.0000      98.73    97.3484     0.0748      16832    6.57757    0.00000    34.8919    34.8923         56 0.0000e+00
    342.000    338.504     3.7252     3.7252  32.373846  32.374435    6.57531     2.2200 8.1311e+02    -0.0568     0.0000      98.73    97.3608     0.0744      16879    6.57524    0.00000    34.8920    34.8928         37 0.0000e+00
    344.000    340.482     3.7262     3.7261  32.375791  32.376265    6.57256     2.2188 8.2338e+02    -0.0589     0.0000      98.73    97.3666     0.0764      16916    6.57236    0.00000    34.8923    34.8929         44 0.0000e+00
    346.000    342.460     3.7313     3.7310  32.382014  32.382193    6.56875     2.2177 8.5358e+02    -0.0592     0.0000      98.73    97.3516     0.0803      16986    6.56860    0.00000    34.8932    34.8937         84 0.0000e+00
    348.000    344.438     3.7399     3.7399  32.392024  32.392331    6.57877     2.2202 8.6378e+02    -0.0492     0.0000      98.73    97.3289     0.0734      17047    6.57869    0.00000    34.8949    34.8953         42 0.0000e+00
    350.000    346.415     3.7432     3.7433  32.396275  32.396966    6.58124     2.2206 8.5531e+02    -0.0557     0.0000      98.73    97.3489     0.0746      17083    6.58111    0.00000    34.8953    34.8960         34 0.0000e+00
    352.000    348.393     3.7456     3.7456  32.399658  32.400283    6.58308     2.2207 8.5278e+02    -0.0576     0.0000      98.73    97.3613     0.0736      17116    6.58293    0.00000    34.8958    34.8965         31 0.0000e+00
    354.000    350.371     3.7449     3.7446  32.399918  32.400374    6.58174     2.2199 8.6319e+02    -0.0516     0.0000      98.73    97.3696     0.0776      17149    6.58161    0.00000    34.8958    34.8966         38 0.0000e+00
    356.000    352.349     3.7453     3.7453  32.401223  32.401873    6.57763     2.2184 8.9167e+02    -0.0485     0.0000      98.73    97.3519     0.0745      17207    6.57747    0.00000    34.8958    34.8966         84 0.0000e+00
    358.000    354.327     3.7445     3.7441  32.401338  32.401815    6.58378     2.2195 9.2450e+02    -0.0490     0.0000      98.73    97.3687     0.0755      17290    6.58367    0.00000    34.8957    34.8967         61 0.0000e+00
    360.000    356.304     3.7389     3.7386  32.396747  32.397233    6.59300     2.2212 9.2632e+02    -0.0685     0.0000      98.73    97.3888     0.0742      17332    6.59275    0.00000    34.8951    34.8960         33 0.0000e+00
    362.000    358.282     3.7360     3.7353  32.394841  32.395132    6.59367     2.2208 9.0868e+02    -0.0527     0.0000      98.73    97.3837     0.0754      17362    6.59343    0.00000    34.8949    34.8959         28 0.0000e+00
    364.000    360.260     3.7316     3.7315  32.391599  32.392131    6.59105     2.2195 8.9677e+02    -0.0513     0.0000      98.73    97.3812     0.0743      17393    6.59086    0.00000    34.8946    34.8953         38 0.0000e+00
    366.000    362.238     3.7326     3.7326  32.393559  32.394280    6.58128     2.2166 9.2422e+02    -0.0531     0.0000      98.73    97.3925     0.0744      17446    6.58110    0.00000    34.8948    34.8957         66 0.0000e+00
    368.000    364.215     3.7308     3.7305  32.392688  32.393364    6.58952     2.2182 9.5625e+02    -0.0510     0.0000      98.73    97.3864     0.0727      17512    6.58943    0.00000    34.8946    34.8957         62 0.0000e+00
    370.000    366.193     3.7285     3.7282  32.391523  32.392024    6.59415     2.2188 9.4926e+02    -0.0491     0.0000      98.73    97.4045     0.0748      17567    6.59399    0.00000    34.8946    34.8954         50 0.0000e+00
    372.000    368.170     3.7299     3.7298  32.394001  32.394448    6.59367     2.2183 9.3687e+02    -0.0597     0.0000      98.73    97.4029     0.0792      17613    6.59352    0.00000    34.8949    34.8956         40 0.0000e+00
    374.000    370.148     3.7290     3.7288  32.394065  32.394555    6.59832     2.2190 9.4297e+02    -0.0535     0.0000      98.73    97.3986     0.0714      17649    6.59810    0.00000    34.8949    34.8957         35 0.0000e+00
    376.000    372.126     3.7275     3.7274  32.393627  32.394166    6.59992     2.2189 9.6200e+02    -0.0542     0.0000      98.73    97.3955     0.0731      17688    6.59968    0.00000    34.8949    34.8957         46 0.0000e+00
    378.000    374.103     3.7274     3.7272  32.394431  32.394922    6.59944     2.2183 9.9908e+02    -0.0490     0.0000      98.73    97.4041     0.0740      17743    6.59923    0.00000    34.8949    34.8957         59 0.0000e+00
    380.000    376.081     3.7241     3.7241  32.392087  32.392791    6.60355     2.2188 1.0364e+03    -0.0538     0.0000      98.73    97.3888     0.0699      17802    6.60331    0.00000    34.8945    34.8953         69 0.0000e+00
    382.000    378.059     3.7219     3.7218  32.390779  32.391461    6.60560     2.2188 1.0855e+03    -0.0470     0.0000      98.73    97.3763     0.0757      17871    6.60532    0.00000    34.8943    34.8951         49 0.0000e+00
    384.000    380.036     3.7162     3.7160  32.386194  32.386765    6.60895     2.2189 1.0507e+03    -0.0591     0.0000      98.73    97.4041     0.0887      17904    6.60865    0.00000    34.8938    34.8947         29 0.0000e+00
    386.000    382.013     3.7113     3.7105  32.382253  32.382291    6.61258     2.2192 1.0133e+03    -0.0572     0.0000      98.73    97.4109     0.0828      17933    6.61250    0.00000    34.8932    34.8940         28 0.0000e+00
    388.000    383.991     3.7121     3.7107  32.383946  32.383051    6.60942     2.2180 1.0511e+03    -0.0534     0.0000      98.73    97.4072     0.0753      17979    6.60935    0.00000    34.8932    34.8938         46 0.0000e+00
    390.000    385.969     3.7149     3.7149  32.387764  32.387970    6.60377     2.2162 1.1971e+03    -0.0549     0.0000      98.73    97.4144     0.0748      18066    6.60358    0.00000    34.8938    34.8940         45 0.0000e+00
    392.000    387.946     3.7192     3.7191  32.393166  32.393760    6.60730     2.2169 1.1929e+03    -0.0555     0.0000      98.73    97.4046     0.0765      18097    6.60705    0.00000    34.8946    34.8954         29 0.0000e+00
    394.000    389.923     3.7190     3.7190  32.393980  32.394454    6.60767     2.2165 1.1806e+03    -0.0506     0.0000      98.73    97.4156     0.0736      18126    6.60742    0.00000    34.8947    34.8953         32 0.0000e+00
    396.000    391.901     3.7186     3.7187  32.394466  32.395153    6.59897     2.2139 1.2071e+03    -0.0538     0.0000      98.73    97.4150     0.0738      18171    6.59891    0.00000    34.8946    34.8953         63 0.0000e+00
    398.000    393.878     3.7183     3.7183  32.394997  32.395519    6.60084     2.2139 1.3000e+03    -0.0511     0.0000      98.73    97.4219     0.0749      18241    6.60076    0.00000    34.8945    34.8951         65 0.0000e+00
    400.000    395.856     3.7184     3.7184  32.396128  32.396758    6.61027     2.2158 1.3535e+03    -0.0439     0.0000      98.73    97.4256     0.0719      18293    6.61001    0.00000    34.8947    34.8954         42 0.0000e+00
    402.000    397.833     3.7186     3.7185  32.397216  32.397587    6.61655     2.2170 1.3468e+03    -0.0461     0.0000      98.73    97.4172     0.0707      18331    6.61626    0.00000    34.8947    34.8952         36 0.0000e+00
    404.000    399.811     3.7183     3.7183  32.397791  32.398302    6.61515     2.2162 1.3272e+03    -0.0539     0.0000      98.73    97.4076     0.0720      18367    6.61502    0.00000    34.8946    34.8952         40 0.0000e+00
    406.000    401.788     3.7123     3.7124  32.392700  32.393438    6.61202     2.2146 1.3390e+03    -0.0522     0.0000      98.73    97.4259     0.0753      18418    6.61148    0.00000    34.8938    34.8946         60 0.0000e+00
    408.000    403.765     3.7095     3.7095  32.390905  32.391174    6.61264     2.2143 1.4183e+03    -0.0541     0.0000      98.73    97.4234     0.0755      18475    6.61254    0.00000    34.8936    34.8940         51 0.0000e+00
    410.000    405.742     3.7091     3.7090  32.391388  32.391788    6.61397     2.2143 1.4800e+03    -0.0534     0.0000      98.73    97.4107     0.0732      18525    6.61426    0.00000    34.8935    34.8941         54 0.0000e+00
    412.000    407.720     3.7076     3.7078  32.390988  32.391572    6.61585     2.2143 1.5447e+03    -0.0565     0.0000      98.73    97.4348     0.0756      18578    6.61641    0.00000    34.8936    34.8941         46 0.0000e+00
