Ship_data/Irminger/Irminger-2/ctd/process/OOI/dat30_009.cnv
* Sea-Bird SBE 9 Data File:
* FileName = C:\data\ctd\at30_009.hex
* Software Version Seasave V 7.21f
* Temperature SN = 2265
* Conductivity SN = 3021
* Number of Bytes Per Scan = 40
* Number of Voltage Words = 5
* Number of Scans Averaged by the Deck Unit = 1
* NMEA Latitude = 59 42.40 N
* NMEA Longitude = 039 19.92 W
* NMEA UTC (Time) = Aug 19 2015  15:06:00
** FLMB 1 for cal
# nquan = 21
# nvalues = 1427                        
# units = specified
# name 0 = prDM: Pressure, Digiquartz [db]
# name 1 = depSM: Depth [salt water, m]
# name 2 = t090C: Temperature [ITS-90, deg C]
# name 3 = t190C: Temperature, 2 [ITS-90, deg C]
# name 4 = c0mS/cm: Conductivity [mS/cm]
# name 5 = c1mS/cm: Conductivity, 2 [mS/cm]
# name 6 = sbeox0ML/L: Oxygen, SBE 43 [ml/l]
# name 7 = sbeox0V: Oxygen raw, SBE 43 [V]
# name 8 = spar: SPAR/Surface Irradiance
# name 9 = flECO-AFL: Fluorescence, WET Labs ECO-AFL/FL [mg/m^3]
# name 10 = v2: Voltage 2
# name 11 = altM: Altimeter [m]
# name 12 = CStarTr0: Beam Transmission, WET Labs C-Star [%]
# name 13 = turbWETntu0: Turbidity, WET Labs ECO [NTU]
# name 14 = scan: Scan Count
# name 15 = sbeox0ML/L: Oxygen, SBE 43 [ml/l], WS = 2
# name 16 = sbeox0dOV/dT: Oxygen, SBE 43 [dov/dt], WS = 2
# name 17 = sal00: Salinity, Practical [PSU]
# name 18 = sal11: Salinity, Practical, 2 [PSU]
# name 19 = nbin: number of scans per bin
# name 20 = flag: flag
# span 0 =      4.000,   2856.000       
# span 1 =      3.962,   2810.074       
# span 2 =     1.5359,     8.3321       
# span 3 =     1.5350,     8.3325       
# span 4 =  31.493138,  36.380495       
# span 5 =  31.490707,  36.380703       
# span 6 =    5.98807,    6.97636       
# span 7 =     1.6676,     2.5187       
# span 8 = 3.2851e+02, 4.1920e+02       
# span 9 =    -0.0318,     2.1160       
# span 10 =     0.0000,     0.0000      
# span 11 =      14.92,     104.74      
# span 12 =    92.8676,    97.5932      
# span 13 =     0.0730,     0.1351      
# span 14 =        789,      79855      
# span 15 =    5.98803,    6.97729      
# span 16 =    0.00000,    0.00000      
# span 17 =    34.8433,    34.9400      
# span 18 =    34.8429,    34.9406      
# span 19 =         21,        132      
# span 20 = 0.0000e+00, 0.0000e+00      
# interval = decibars: 2                
# start_time = Aug 19 2015 15:06:00 [NMEA time, header]
# bad_flag = -9.990e-29
*END*
[from data line 276]
    556.000    550.032     3.6647     3.6649  32.413911  32.414339    6.62301     2.1826 3.3984e+02    -0.0205     0.0000      98.78    97.5225     0.0781      21415    6.62285    0.00000    34.8896    34.8900         55 0.0000e+00
    558.000    552.008     3.6633     3.6635  32.413230  32.413867    6.62271     2.1820 3.3855e+02    -0.0220     0.0000      98.78    97.5116     0.0764      21476    6.62247    0.00000    34.8893    34.8898         55 0.0000e+00
    560.000    553.984     3.6627     3.6631  32.413756  32.414295    6.62646     2.1825 3.3719e+02    -0.0250     0.0000      98.78    97.5089     0.0788      21520    6.62643    0.00000    34.8895    34.8897         40 0.0000e+00
    562.000    555.960     3.6634     3.6635  32.415304  32.415646    6.62388     2.1815 3.3547e+02    -0.0253     0.0000      96.47    97.5190     0.0763      21564    6.62379    0.00000    34.8896    34.8899         50 0.0000e+00
    564.000    557.935     3.6625     3.6624  32.415232  32.415459    6.62604     2.1815 3.3480e+02    -0.0196     0.0000      84.61    97.5195     0.0868      21620    6.62587    0.00000    34.8894    34.8897         56 0.0000e+00
    566.000    559.911     3.6614     3.6615  32.415083  32.415519    6.63005     2.1820 3.3531e+02    -0.0187     0.0000      99.06    97.5134     0.0804      21665    6.62996    0.00000    34.8893    34.8897         35 0.0000e+00
    568.000    561.887     3.6617     3.6618  32.416317  32.416759    6.62803     2.1811 3.3500e+02    -0.0196     0.0000      98.78    97.5233     0.0776      21700    6.62792    0.00000    34.8893    34.8897         43 0.0000e+00
    570.000    563.863     3.6614     3.6617  32.416811  32.417349    6.62174     2.1791 3.3525e+02    -0.0207     0.0000      98.78    97.5132     0.0795      21772    6.62146    0.00000    34.8892    34.8895         79 0.0000e+00
    572.000    565.838     3.6611     3.6612  32.417587  32.417993    6.63271     2.1814 3.3794e+02    -0.0240     0.0000      98.78    97.4772     0.0782      21822    6.63259    0.00000    34.8894    34.8898         36 0.0000e+00
    574.000    567.814     3.6611     3.6613  32.418500  32.419011    6.63397     2.1813 3.3853e+02    -0.0219     0.0000      97.63    97.5176     0.0780      21859    6.63383    0.00000    34.8894    34.8898         41 0.0000e+00
    576.000    569.790     3.6609     3.6611  32.419097  32.419581    6.63142     2.1802 3.3815e+02    -0.0310     0.0000      95.18    97.5163     0.0777      21908    6.63132    0.00000    34.8893    34.8897         56 0.0000e+00
    578.000    571.765     3.6612     3.6615  32.420357  32.420837    6.63208     2.1800 3.4158e+02    -0.0252     0.0000      98.98    97.5220     0.0804      21964    6.63200    0.00000    34.8894    34.8897         50 0.0000e+00
    580.000    573.741     3.6610     3.6611  32.420930  32.421500    6.63098     2.1793 3.4329e+02    -0.0195     0.0000      98.78    97.5100     0.0814      22004    6.63091    0.00000    34.8893    34.8898         34 0.0000e+00
    582.000    575.717     3.6599     3.6601  32.420761  32.421234    6.62767     2.1779 3.4338e+02    -0.0230     0.0000      98.78    97.5111     0.0777      22044    6.62749    0.00000    34.8891    34.8895         58 0.0000e+00
    584.000    577.693     3.6593     3.6594  32.420998  32.421450    6.62469     2.1767 3.4719e+02    -0.0277     0.0000      98.78    97.5168     0.0738      22115    6.62438    0.00000    34.8890    34.8894         60 0.0000e+00
    586.000    579.668     3.6597     3.6599  32.422434  32.422987    6.62896     2.1774 3.4865e+02    -0.0236     0.0000      98.78    97.5231     0.0764      22156    6.62886    0.00000    34.8892    34.8897         35 0.0000e+00
    588.000    581.644     3.6596     3.6598  32.423207  32.423697    6.62653     2.1763 3.4795e+02    -0.0202     0.0000      98.78    97.5097     0.0783      22198    6.62638    0.00000    34.8892    34.8896         55 0.0000e+00
    590.000    583.619     3.6599     3.6601  32.424452  32.424909    6.62375     2.1752 3.4931e+02    -0.0252     0.0000      98.78    97.5205     0.0790      22255    6.62348    0.00000    34.8893    34.8896         48 0.0000e+00
    592.000    585.595     3.6594     3.6599  32.424844  32.425787    6.63139     2.1767 3.4937e+02    -0.0290     0.0000      98.78    97.4860     0.0773      22293    6.63127    0.00000    34.8892    34.8899         33 0.0000e+00
    594.000    587.570     3.6569     3.6574  32.423399  32.424029    6.63130     2.1761 3.4846e+02    -0.0199     0.0000      98.78    97.5124     0.0771      22330    6.63125    0.00000    34.8891    34.8894         45 0.0000e+00
    596.000    589.546     3.6583     3.6586  32.425561  32.426129    6.62986     2.1754 3.4868e+02    -0.0230     0.0000      98.78    97.5078     0.0775      22384    6.62974    0.00000    34.8892    34.8896         55 0.0000e+00
    598.000    591.521     3.6588     3.6590  32.427055  32.427540    6.63369     2.1760 3.4877e+02    -0.0201     0.0000      98.78    97.5147     0.0777      22432    6.63361    0.00000    34.8894    34.8897         45 0.0000e+00
    600.000    593.497     3.6590     3.6592  32.428105  32.428589    6.63504     2.1759 3.4821e+02    -0.0200     0.0000      98.78    97.5046     0.0771      22481    6.63496    0.00000    34.8893    34.8897         55 0.0000e+00
    602.000    595.472     3.6592     3.6594  32.429167  32.429672    6.63178     2.1746 3.4813e+02    -0.0236     0.0000      98.78    97.4784     0.0840      22536    6.63174    0.00000    34.8893    34.8897         50 0.0000e+00
    604.000    597.448     3.6595     3.6596  32.430324  32.430820    6.63379     2.1747 3.4806e+02    -0.0264     0.0000      98.78    97.5148     0.0808      22578    6.63374    0.00000    34.8894    34.8898         37 0.0000e+00
    606.000    599.423     3.6595     3.6598  32.431254  32.431779    6.63353     2.1742 3.4698e+02    -0.0216     0.0000      98.78    97.5132     0.0801      22618    6.63349    0.00000    34.8893    34.8897         45 0.0000e+00
    608.000    601.399     3.6597     3.6600  32.432335  32.432865    6.63171     2.1734 3.4749e+02    -0.0259     0.0000      98.78    97.3327     0.0772      22668    6.63170    0.00000    34.8893    34.8897         51 0.0000e+00
    610.000    603.374     3.6601     3.6602  32.433548  32.434047    6.63361     2.1734 3.4815e+02    -0.0255     0.0000      98.78    97.5190     0.0815      22714    6.63358    0.00000    34.8893    34.8898         42 0.0000e+00
    612.000    605.349     3.6601     3.6602  32.434393  32.434992    6.63279     2.1728 3.4815e+02    -0.0189     0.0000      98.78    97.5230     0.0739      22759    6.63260    0.00000    34.8893    34.8899         51 0.0000e+00
    614.000    607.325     3.6601     3.6602  32.435289  32.435800    6.63525     2.1730 3.5003e+02    -0.0188     0.0000      98.78    97.5130     0.0754      22811    6.63521    0.00000    34.8893    34.8898         47 0.0000e+00
    616.000    609.300     3.6594     3.6596  32.435565  32.436077    6.63422     2.1723 3.5029e+02    -0.0224     0.0000      98.78    97.5111     0.0788      22855    6.63417    0.00000    34.8893    34.8897         46 0.0000e+00
    618.000    611.276     3.6586     3.6588  32.435695  32.436177    6.63264     2.1714 3.5032e+02    -0.0202     0.0000      98.78    97.5088     0.0770      22907    6.63242    0.00000    34.8892    34.8896         56 0.0000e+00
    620.000    613.251     3.6580     3.6582  32.435961  32.436397    6.63440     2.1714 3.5078e+02    -0.0273     0.0000      98.78    97.5130     0.0770      22955    6.63440    0.00000    34.8892    34.8895         40 0.0000e+00
    622.000    615.226     3.6572     3.6574  32.436094  32.436536    6.63200     2.1703 3.5063e+02    -0.0202     0.0000      98.78    97.5158     0.0785      22994    6.63184    0.00000    34.8891    34.8894         41 0.0000e+00
    624.000    617.201     3.6568     3.6570  32.436537  32.437000    6.63122     2.1696 3.4932e+02    -0.0250     0.0000      98.78    97.5138     0.0806      23041    6.63094    0.00000    34.8890    34.8894         52 0.0000e+00
    626.000    619.176     3.6562     3.6564  32.436781  32.437357    6.62818     2.1684 3.4899e+02    -0.0186     0.0000      98.78    97.5217     0.0747      23091    6.62794    0.00000    34.8888    34.8893         44 0.0000e+00
    628.000    621.152     3.6565     3.6567  32.438031  32.438532    6.63211     2.1690 3.4896e+02    -0.0262     0.0000      98.78    97.5151     0.0756      23133    6.63194    0.00000    34.8890    34.8894         44 0.0000e+00
    630.000    623.127     3.6568     3.6570  32.439136  32.439742    6.63187     2.1685 3.4805e+02    -0.0256     0.0000      98.78    97.5162     0.0789      23180    6.63159    0.00000    34.8890    34.8894         51 0.0000e+00
    632.000    625.102     3.6566     3.6568  32.439844  32.440341    6.62978     2.1675 3.4736e+02    -0.0226     0.0000      98.78    97.5109     0.0779      23235    6.62950    0.00000    34.8889    34.8894         53 0.0000e+00
    634.000    627.077     3.6567     3.6569  32.440856  32.441351    6.63109     2.1675 3.4677e+02    -0.0290     0.0000      98.78    97.5065     0.0774      23281    6.63084    0.00000    34.8890    34.8894         44 0.0000e+00
    636.000    629.053     3.6567     3.6568  32.441688  32.442204    6.63145     2.1671 3.4564e+02    -0.0174     0.0000      98.78    97.5230     0.0789      23328    6.63114    0.00000    34.8889    34.8894         48 0.0000e+00
    638.000    631.028     3.6569     3.6571  32.442844  32.443296    6.62985     2.1663 3.4510e+02    -0.0228     0.0000      98.78    97.5098     0.0785      23373    6.62959    0.00000    34.8890    34.8893         41 0.0000e+00
    640.000    633.002     3.6570     3.6572  32.443759  32.444277    6.62679     2.1651 3.4500e+02    -0.0221     0.0000      98.78    97.5144     0.0811      23413    6.62660    0.00000    34.8890    34.8894         43 0.0000e+00
    642.000    634.978     3.6568     3.6570  32.444419  32.444892    6.62449     2.1641 3.4481e+02    -0.0253     0.0000      98.78    97.5173     0.0795      23464    6.62436    0.00000    34.8889    34.8893         56 0.0000e+00
    644.000    636.953     3.6554     3.6555  32.443959  32.444375    6.63092     2.1652 3.4539e+02    -0.0268     0.0000      98.78    97.5085     0.0787      23514    6.63066    0.00000    34.8888    34.8892         42 0.0000e+00
    646.000    638.928     3.6549     3.6552  32.444316  32.444838    6.63288     2.1653 3.4537e+02    -0.0234     0.0000      98.78    97.5137     0.0775      23553    6.63267    0.00000    34.8887    34.8890         43 0.0000e+00
    648.000    640.903     3.6545     3.6548  32.444694  32.445293    6.63034     2.1642 3.4479e+02    -0.0218     0.0000      98.78    97.5129     0.0782      23611    6.63010    0.00000    34.8885    34.8889         65 0.0000e+00
    650.000    642.878     3.6522     3.6525  32.443443  32.443980    6.63491     2.1648 3.4470e+02    -0.0292     0.0000      98.78    97.5172     0.0750      23662    6.63460    0.00000    34.8884    34.8888         37 0.0000e+00
    652.000    644.853     3.6497     3.6498  32.441767  32.442394    6.63283     2.1637 3.4459e+02    -0.0208     0.0000      98.78    97.5081     0.0783      23696    6.63260    0.00000    34.8880    34.8886         36 0.0000e+00
    654.000    646.828     3.6462     3.6464  32.439084  32.439635    6.63065     2.1626 3.4411e+02    -0.0305     0.0000      98.78    97.5114     0.0778      23741    6.63048    0.00000    34.8875    34.8879         54 0.0000e+00
    656.000    648.803     3.6458     3.6460  32.439640  32.440022    6.63483     2.1632 3.4456e+02    -0.0269     0.0000      98.78    97.5133     0.0783      23793    6.63455    0.00000    34.8875    34.8878         46 0.0000e+00
    658.000    650.778     3.6456     3.6458  32.440280  32.440776    6.63785     2.1635 3.4494e+02    -0.0218     0.0000      98.78    97.5161     0.0797      23837    6.63768    0.00000    34.8875    34.8878         45 0.0000e+00
    660.000    652.752     3.6458     3.6460  32.441417  32.441910    6.63429     2.1622 3.4507e+02    -0.0236     0.0000      98.78    97.5023     0.0781      23883    6.63405    0.00000    34.8876    34.8878         47 0.0000e+00
    662.000    654.728     3.6463     3.6466  32.442829  32.443339    6.63234     2.1613 3.4497e+02    -0.0240     0.0000      98.78    97.4965     0.0829      23932    6.63213    0.00000    34.8876    34.8879         51 0.0000e+00
    664.000    656.702     3.6469     3.6471  32.444332  32.444800    6.63111     2.1606 3.4560e+02    -0.0249     0.0000      98.78    97.5189     0.0787      23986    6.63091    0.00000    34.8878    34.8880         56 0.0000e+00
    666.000    658.677     3.6484     3.6488  32.446732  32.447387    6.63284     2.1607 3.4563e+02    -0.0202     0.0000      98.78    97.5187     0.0769      24038    6.63260    0.00000    34.8879    34.8883         44 0.0000e+00
    668.000    660.652     3.6496     3.6497  32.448744  32.449146    6.63379     2.1605 3.4498e+02    -0.0269     0.0000      98.78    97.5012     0.0765      24075    6.63355    0.00000    34.8880    34.8884         33 0.0000e+00
    670.000    662.627     3.6484     3.6486  32.448490  32.449170    6.63230     2.1597 3.4481e+02    -0.0266     0.0000      98.78    97.5115     0.0785      24108    6.63209    0.00000    34.8879    34.8885         37 0.0000e+00
    672.000    664.602     3.6452     3.6450  32.446038  32.446283    6.62808     2.1581 3.4538e+02    -0.0223     0.0000      98.78    97.5063     0.0778      24161    6.62798    0.00000    34.8874    34.8878         71 0.0000e+00
    674.000    666.576     3.6440     3.6443  32.445810  32.446400    6.63123     2.1584 3.4690e+02    -0.0213     0.0000      98.78    97.5069     0.0782      24224    6.63107    0.00000    34.8873    34.8876         43 0.0000e+00
    676.000    668.551     3.6443     3.6445  32.447041  32.447532    6.63586     2.1591 3.4692e+02    -0.0198     0.0000      98.78    97.5163     0.0796      24258    6.63560    0.00000    34.8874    34.8878         35 0.0000e+00
    678.000    670.526     3.6443     3.6446  32.447854  32.448357    6.63452     2.1584 3.4681e+02    -0.0241     0.0000      98.78    97.5135     0.0788      24310    6.63431    0.00000    34.8873    34.8875         68 0.0000e+00
    680.000    672.501     3.6447     3.6450  32.449235  32.449679    6.64042     2.1594 3.4791e+02    -0.0208     0.0000      98.78    97.5136     0.0758      24367    6.64024    0.00000    34.8874    34.8877         40 0.0000e+00
    682.000    674.475     3.6449     3.6452  32.450300  32.450825    6.64213     2.1594 3.4799e+02    -0.0219     0.0000      98.78    97.5089     0.0795      24401    6.64187    0.00000    34.8875    34.8878         34 0.0000e+00
    684.000    676.450     3.6444     3.6447  32.450674  32.451246    6.63775     2.1579 3.4749e+02    -0.0255     0.0000      98.78    97.5070     0.0805      24442    6.63756    0.00000    34.8874    34.8878         48 0.0000e+00
    686.000    678.425     3.6444     3.6446  32.451496  32.452030    6.63171     2.1560 3.4829e+02    -0.0219     0.0000      98.78    97.5066     0.0808      24489    6.63154    0.00000    34.8874    34.8877         45 0.0000e+00
    688.000    680.399     3.6441     3.6444  32.452080  32.452613    6.63099     2.1554 3.4880e+02    -0.0220     0.0000      98.78    97.4935     0.0766      24536    6.63085    0.00000    34.8873    34.8876         53 0.0000e+00
    690.000    682.374     3.6437     3.6439  32.452560  32.452993    6.63397     2.1556 3.4939e+02    -0.0257     0.0000      98.78    97.4258     0.0762      24593    6.63377    0.00000    34.8872    34.8875         54 0.0000e+00
