Ship_data/Irminger/Irminger-2/ctd/process/OOI/dat30_008.cnv
* Sea-Bird SBE 9 Data File:
* FileName = C:\data\ctd\at30_008.hex
* Software Version Seasave V 7.21f
* Temperature SN = 2265
* Conductivity SN = 3021
* Number of Bytes Per Scan = 40
* Number of Voltage Words = 5
* Number of Scans Averaged by the Deck Unit = 1
* NMEA Latitude = 59 43.12 N
* NMEA Longitude = 039 21.38 W
* NMEA UTC (Time) = Aug 19 2015  12:16:11
** Confirmation of seafloor depth at FLMB -2  site
# nquan = 21
# nvalues = 1426                        
# units = specified
# name 0 = prDM: Pressure, Digiquartz [db]
# name 1 = depSM: Depth [salt water, m]
# name 2 = t090C: Temperature [ITS-90, deg C]
# name 3 = t190C: Temperature, 2 [ITS-90, deg C]
# name 4 = c0mS/cm: Conductivity [mS/cm]
# name 5 = c1mS/cm: Conductivity, 2 [mS/cm]
# name 6 = sbeox0ML/L: Oxygen, SBE 43 [ml/l]
# name 7 = sbeox0V: Oxygen raw, SBE 43 [V]
# name 8 = spar: SPAR/Surface Irradiance
# name 9 = flECO-AFL: Fluorescence, WET Labs ECO-AFL/FL [mg/m^3]
# name 10 = v2: Voltage 2
# name 11 = altM: Altimeter [m]
# name 12 = CStarTr0: Beam Transmission, WET Labs C-Star [%]
# name 13 = turbWETntu0: Turbidity, WET Labs ECO [NTU]
# name 14 = scan: Scan Count
# name 15 = sbeox0ML/L: Oxygen, SBE 43 [ml/l], WS = 2
# name 16 = sbeox0dOV/dT: Oxygen, SBE 43 [dov/dt], WS = 2
# name 17 = sal00: Salinity, Practical [PSU]
# name 18 = sal11: Salinity, Practical, 2 [PSU]
# name 19 = nbin: number of scans per bin
# name 20 = flag: flag
# span 0 =      2.000,   2852.000       
# span 1 =      1.981,   2806.161       
# span 2 =     1.5231,     8.3781       
# span 3 =     1.5236,     8.3791       
# span 4 =  31.479872,  36.423672       
# span 5 =  31.480015,  36.424631       
# span 6 =    5.99431,    6.92749       
# span 7 =     1.6692,     2.5214       
# span 8 = 2.9654e+02, 4.3121e+02       
# span 9 =    -0.0343,     1.6518       
# span 10 =     0.0000,     0.0000      
# span 11 =       9.23,      99.05      
# span 12 =    93.1036,    97.5592      
# span 13 =     0.0717,     0.1400      
# span 14 =        500,      80237      
# span 15 =    5.99424,    6.92822      
# span 16 =    0.00000,    0.00000      
# span 17 =    34.8451,    34.9412      
# span 18 =    34.8452,    34.9422      
# span 19 =         31,        139      
# span 20 = 0.0000e+00, 0.0000e+00      
# interval = decibars: 2                
# start_time = Aug 19 2015 12:16:11 [NMEA time, header]
# bad_flag = -9.990e-29
*END*
[from data line 1104]
   2210.000   2177.726     2.9995     3.0001  32.552198  32.552468    6.06475     1.7261 3.4300e+02    -0.0224     0.0000      98.78    97.5493     0.0755      59938    6.06458    0.00000    34.9288    34.9285         42 0.0000e+00
   2212.000   2179.686     2.9990     2.9996  32.552539  32.552748    6.06418     1.7256 3.4360e+02    -0.0227     0.0000      98.78    97.5502     0.0755      59985    6.06399    0.00000    34.9287    34.9283         56 0.0000e+00
   2214.000   2181.647     2.9994     3.0000  32.553746  32.554113    6.06166     1.7248 3.4372e+02    -0.0225     0.0000      98.78    97.5570     0.0755      60046    6.06147    0.00000    34.9288    34.9286         57 0.0000e+00
   2216.000   2183.607     2.9974     2.9980  32.552814  32.553185    6.06291     1.7247 3.4303e+02    -0.0222     0.0000      98.78    97.5491     0.0755      60095    6.06263    0.00000    34.9289    34.9287         44 0.0000e+00
   2218.000   2185.568     2.9963     2.9969  32.552561  32.552760    6.06534     1.7249 3.4313e+02    -0.0226     0.0000      98.78    97.5419     0.0755      60138    6.06535    0.00000    34.9289    34.9284         43 0.0000e+00
   2220.000   2187.529     2.9945     2.9952  32.551897  32.552244    6.06628     1.7247 3.4266e+02    -0.0219     0.0000      98.78    97.5485     0.0755      60181    6.06619    0.00000    34.9289    34.9286         43 0.0000e+00
   2222.000   2189.489     2.9927     2.9934  32.551148  32.551504    6.06377     1.7238 3.4199e+02    -0.0221     0.0000      98.78    97.5490     0.0755      60224    6.06361    0.00000    34.9290    34.9287         44 0.0000e+00
   2224.000   2191.450     2.9920     2.9927  32.551593  32.551885    6.06259     1.7232 3.4283e+02    -0.0229     0.0000      98.78    97.5493     0.0755      60272    6.06250    0.00000    34.9293    34.9290         52 0.0000e+00
   2226.000   2193.410     2.9914     2.9920  32.551864  32.552117    6.06145     1.7226 3.4316e+02    -0.0225     0.0000      98.78    97.5568     0.0755      60323    6.06123    0.00000    34.9294    34.9290         50 0.0000e+00
   2228.000   2195.371     2.9900     2.9906  32.551311  32.551673    6.06117     1.7223 3.4301e+02    -0.0231     0.0000      98.78    97.5528     0.0755      60376    6.06114    0.00000    34.9293    34.9290         58 0.0000e+00
   2230.000   2197.331     2.9892     2.9898  32.551516  32.551843    6.06014     1.7217 3.4341e+02    -0.0226     0.0000      98.78    97.5541     0.0755      60435    6.05996    0.00000    34.9294    34.9291         51 0.0000e+00
   2232.000   2199.291     2.9889     2.9895  32.552052  32.552342    6.06280     1.7219 3.4313e+02    -0.0223     0.0000      98.78    97.5544     0.0755      60476    6.06279    0.00000    34.9294    34.9291         36 0.0000e+00
   2234.000   2201.252     2.9874     2.9880  32.551486  32.551794    6.06292     1.7216 3.4318e+02    -0.0224     0.0000      98.78    97.5459     0.0755      60514    6.06288    0.00000    34.9293    34.9291         42 0.0000e+00
   2236.000   2203.212     2.9853     2.9860  32.550445  32.550790    6.06237     1.7211 3.4378e+02    -0.0225     0.0000      98.78    97.5434     0.0755      60558    6.06233    0.00000    34.9294    34.9291         45 0.0000e+00
   2238.000   2205.172     2.9834     2.9840  32.549414  32.549797    6.06075     1.7205 3.4472e+02    -0.0226     0.0000      98.78    97.5473     0.0755      60606    6.06112    0.00000    34.9293    34.9290         53 0.0000e+00
   2240.000   2207.133     2.9798     2.9805  32.547000  32.547415    6.06226     1.7203 3.4489e+02    -0.0226     0.0000      98.78    97.5474     0.0755      60660    6.06242    0.00000    34.9292    34.9289         52 0.0000e+00
   2242.000   2209.093     2.9794     2.9800  32.547389  32.547686    6.06401     1.7203 3.4448e+02    -0.0228     0.0000      98.78    97.5544     0.0755      60709    6.06398    0.00000    34.9292    34.9288         48 0.0000e+00
   2244.000   2211.053     2.9787     2.9794  32.547639  32.548035    6.06328     1.7198 3.4510e+02    -0.0226     0.0000      98.78    97.5559     0.0755      60760    6.06306    0.00000    34.9292    34.9290         54 0.0000e+00
   2246.000   2213.014     2.9769     2.9776  32.546840  32.547160    6.06416     1.7196 3.4463e+02    -0.0228     0.0000      98.78    97.5538     0.0755      60812    6.06406    0.00000    34.9292    34.9289         47 0.0000e+00
   2248.000   2214.974     2.9758     2.9765  32.546518  32.547008    6.06559     1.7195 3.4452e+02    -0.0229     0.0000      98.78    97.5503     0.0755      60856    6.06542    0.00000    34.9290    34.9289         42 0.0000e+00
   2250.000   2216.934     2.9726     2.9732  32.544366  32.544828    6.06637     1.7192 3.4455e+02    -0.0227     0.0000      98.78    97.5515     0.0755      60896    6.06591    0.00000    34.9290    34.9289         39 0.0000e+00
   2252.000   2218.895     2.9707     2.9713  32.543496  32.543840    6.06788     1.7192 3.4497e+02    -0.0224     0.0000      98.78    97.5493     0.0755      60938    6.06788    0.00000    34.9290    34.9287         47 0.0000e+00
   2254.000   2220.855     2.9689     2.9695  32.542857  32.543129    6.06863     1.7190 3.4520e+02    -0.0226     0.0000      98.78    97.5519     0.0755      60989    6.06898    0.00000    34.9291    34.9288         52 0.0000e+00
   2256.000   2222.815     2.9656     2.9663  32.540729  32.541085    6.06696     1.7182 3.4563e+02    -0.0233     0.0000      98.78    97.5419     0.0755      61039    6.06697    0.00000    34.9291    34.9288         51 0.0000e+00
   2258.000   2224.775     2.9635     2.9641  32.539620  32.540023    6.06788     1.7180 3.4626e+02    -0.0233     0.0000      98.78    97.5329     0.0755      61096    6.06785    0.00000    34.9291    34.9289         62 0.0000e+00
   2260.000   2226.736     2.9620     2.9626  32.539129  32.539414    6.06593     1.7172 3.4500e+02    -0.0229     0.0000      98.78    97.5309     0.0755      61151    6.06588    0.00000    34.9291    34.9288         45 0.0000e+00
   2262.000   2228.695     2.9610     2.9614  32.538973  32.539197    6.06835     1.7174 3.4486e+02    -0.0232     0.0000      98.78    97.5490     0.0755      61191    6.06827    0.00000    34.9291    34.9289         38 0.0000e+00
   2264.000   2230.656     2.9593     2.9599  32.538393  32.538714    6.06811     1.7170 3.4532e+02    -0.0226     0.0000      98.78    97.5493     0.0755      61231    6.06800    0.00000    34.9292    34.9290         42 0.0000e+00
   2266.000   2232.616     2.9574     2.9580  32.537404  32.537824    6.06614     1.7162 3.4511e+02    -0.0232     0.0000      98.78    97.5493     0.0755      61276    6.06607    0.00000    34.9291    34.9290         46 0.0000e+00
   2268.000   2234.576     2.9546     2.9552  32.535853  32.536179    6.06473     1.7155 3.4463e+02    -0.0229     0.0000      98.78    97.5493     0.0755      61320    6.06466    0.00000    34.9292    34.9290         44 0.0000e+00
   2270.000   2236.536     2.9517     2.9522  32.533908  32.534157    6.06139     1.7145 3.4505e+02    -0.0230     0.0000      98.78    97.5493     0.0755      61371    6.06140    0.00000    34.9291    34.9288         61 0.0000e+00
   2272.000   2238.496     2.9498     2.9503  32.532868  32.533281    6.06376     1.7144 3.4543e+02    -0.0224     0.0000      98.78    97.5493     0.0755      61436    6.06301    0.00000    34.9289    34.9288         57 0.0000e+00
   2274.000   2240.456     2.9480     2.9486  32.532359  32.532628    6.06535     1.7144 3.4440e+02    -0.0229     0.0000      98.78    97.5492     0.0755      61481    6.06487    0.00000    34.9292    34.9289         42 0.0000e+00
   2276.000   2242.416     2.9474     2.9480  32.532662  32.533046    6.06762     1.7144 3.4447e+02    -0.0227     0.0000      98.78    97.5553     0.0755      61526    6.06664    0.00000    34.9293    34.9292         48 0.0000e+00
   2278.000   2244.376     2.9467     2.9473  32.532890  32.533219    6.06909     1.7144 3.4493e+02    -0.0230     0.0000      98.78    97.5557     0.0755      61571    6.06830    0.00000    34.9293    34.9291         39 0.0000e+00
   2280.000   2246.336     2.9460     2.9466  32.533141  32.533436    6.07130     1.7146 3.4475e+02    -0.0227     0.0000      98.78    97.5498     0.0755      61607    6.07121    0.00000    34.9294    34.9291         35 0.0000e+00
   2282.000   2248.296     2.9454     2.9459  32.533244  32.533520    6.07157     1.7144 3.4510e+02    -0.0232     0.0000      98.78    97.5463     0.0755      61647    6.07151    0.00000    34.9293    34.9290         51 0.0000e+00
   2284.000   2250.256     2.9453     2.9459  32.533900  32.534252    6.06701     1.7132 3.4676e+02    -0.0225     0.0000      98.78    97.5463     0.0755      61719    6.06694    0.00000    34.9292    34.9290         77 0.0000e+00
   2286.000   2252.216     2.9449     2.9454  32.534559  32.534787    6.06822     1.7131 3.4666e+02    -0.0222     0.0000      98.78    97.5454     0.0755      61775    6.06815    0.00000    34.9294    34.9292         41 0.0000e+00
   2288.000   2254.176     2.9439     2.9444  32.534530  32.534804    6.07062     1.7132 3.4616e+02    -0.0221     0.0000      98.78    97.5494     0.0755      61811    6.07047    0.00000    34.9296    34.9293         34 0.0000e+00
   2290.000   2256.136     2.9420     2.9425  32.533636  32.534078    6.06906     1.7125 3.4670e+02    -0.0222     0.0000      98.78    97.5493     0.0755      61847    6.06902    0.00000    34.9296    34.9295         42 0.0000e+00
   2292.000   2258.096     2.9393     2.9399  32.532020  32.532353    6.06534     1.7114 3.4808e+02    -0.0221     0.0000      98.78    97.5467     0.0755      61902    6.06520    0.00000    34.9295    34.9293         63 0.0000e+00
   2294.000   2260.056     2.9370     2.9375  32.530817  32.531146    6.06445     1.7109 3.4895e+02    -0.0229     0.0000      98.78    97.5447     0.0755      61953    6.06473    0.00000    34.9296    34.9294         38 0.0000e+00
   2296.000   2262.016     2.9358     2.9364  32.530645  32.530966    6.06607     1.7109 3.4898e+02    -0.0227     0.0000      98.78    97.5463     0.0755      61988    6.06659    0.00000    34.9297    34.9294         37 0.0000e+00
   2298.000   2263.975     2.9341     2.9348  32.529813  32.530199    6.06683     1.7106 3.5078e+02    -0.0226     0.0000      98.78    97.5491     0.0755      62042    6.06679    0.00000    34.9295    34.9293         74 0.0000e+00
   2300.000   2265.935     2.9320     2.9326  32.528827  32.529217    6.06404     1.7097 3.5224e+02    -0.0228     0.0000      98.78    97.5493     0.0755      62106    6.06404    0.00000    34.9296    34.9295         43 0.0000e+00
   2302.000   2267.895     2.9291     2.9297  32.526966  32.527335    6.06646     1.7097 3.5261e+02    -0.0232     0.0000      98.78    97.5493     0.0755      62143    6.06638    0.00000    34.9296    34.9294         38 0.0000e+00
   2304.000   2269.855     2.9271     2.9276  32.525893  32.526226    6.06811     1.7096 3.5319e+02    -0.0229     0.0000      98.78    97.5493     0.0755      62186    6.06782    0.00000    34.9295    34.9293         49 0.0000e+00
   2306.000   2271.815     2.9247     2.9252  32.524592  32.524899    6.06919     1.7094 3.5429e+02    -0.0230     0.0000      98.78    97.5493     0.0755      62236    6.06895    0.00000    34.9295    34.9293         46 0.0000e+00
   2308.000   2273.774     2.9227     2.9232  32.523584  32.523884    6.07029     1.7093 3.5488e+02    -0.0224     0.0000      98.78    97.5493     0.0755      62278    6.07017    0.00000    34.9294    34.9292         41 0.0000e+00
   2310.000   2275.734     2.9199     2.9203  32.521689  32.522098    6.06857     1.7085 3.5565e+02    -0.0226     0.0000      98.78    97.5493     0.0755      62323    6.06836    0.00000    34.9292    34.9292         52 0.0000e+00
   2312.000   2277.694     2.9150     2.9154  32.518035  32.518403    6.06829     1.7080 3.5813e+02    -0.0230     0.0000      98.78    97.5498     0.0755      62380    6.06814    0.00000    34.9291    34.9291         56 0.0000e+00
   2314.000   2279.653     2.9099     2.9104  32.514276  32.514583    6.07010     1.7079 3.5862e+02    -0.0225     0.0000      98.78    97.5526     0.0755      62429    6.07002    0.00000    34.9290    34.9289         46 0.0000e+00
   2316.000   2281.613     2.9064     2.9069  32.511890  32.512241    6.07374     1.7082 3.5818e+02    -0.0225     0.0000      98.78    97.5404     0.0755      62476    6.07360    0.00000    34.9289    34.9288         48 0.0000e+00
   2318.000   2283.573     2.9051     2.9056  32.511591  32.511865    6.07332     1.7078 3.5934e+02    -0.0224     0.0000      98.78    97.5493     0.0755      62524    6.07331    0.00000    34.9290    34.9288         46 0.0000e+00
   2320.000   2285.532     2.9032     2.9037  32.510866  32.511175    6.07523     1.7077 3.6038e+02    -0.0228     0.0000      98.78    97.5493     0.0755      62568    6.07514    0.00000    34.9292    34.9290         42 0.0000e+00
   2322.000   2287.492     2.9004     2.9009  32.509055  32.509378    6.07443     1.7072 3.5979e+02    -0.0228     0.0000      98.78    97.5493     0.0755      62611    6.07435    0.00000    34.9291    34.9288         47 0.0000e+00
   2324.000   2289.452     2.8974     2.8980  32.507219  32.507540    6.07213     1.7063 3.6049e+02    -0.0228     0.0000      98.78    97.5493     0.0755      62661    6.07213    0.00000    34.9290    34.9288         49 0.0000e+00
   2326.000   2291.411     2.8937     2.8944  32.504618  32.505170    6.07352     1.7062 3.6197e+02    -0.0228     0.0000      98.78    97.5493     0.0755      62708    6.07344    0.00000    34.9289    34.9289         50 0.0000e+00
   2328.000   2293.371     2.8902     2.8907  32.502180  32.502498    6.07331     1.7057 3.6184e+02    -0.0225     0.0000      98.78    97.5493     0.0755      62767    6.07321    0.00000    34.9287    34.9286         60 0.0000e+00
   2330.000   2295.330     2.8893     2.8898  32.502306  32.502568    6.07230     1.7051 3.6146e+02    -0.0228     0.0000      98.78    97.5493     0.0755      62815    6.07217    0.00000    34.9289    34.9287         39 0.0000e+00
   2332.000   2297.290     2.8877     2.8882  32.501970  32.502208    6.07492     1.7053 3.6226e+02    -0.0223     0.0000      98.78    97.5493     0.0755      62852    6.07480    0.00000    34.9293    34.9290         39 0.0000e+00
   2334.000   2299.249     2.8871     2.8877  32.502257  32.502575    6.07529     1.7050 3.6211e+02    -0.0227     0.0000      98.78    97.5493     0.0755      62898    6.07506    0.00000    34.9293    34.9290         54 0.0000e+00
   2336.000   2301.209     2.8851     2.8858  32.501461  32.501810    6.07650     1.7049 3.6164e+02    -0.0225     0.0000      98.78    97.5493     0.0755      62953    6.07637    0.00000    34.9295    34.9292         50 0.0000e+00
   2338.000   2303.168     2.8841     2.8847  32.501517  32.501843    6.07532     1.7043 3.6293e+02    -0.0229     0.0000      98.78    97.5493     0.0755      62999    6.07498    0.00000    34.9298    34.9295         45 0.0000e+00
   2340.000   2305.128     2.8827     2.8833  32.501022  32.501322    6.07536     1.7038 3.6277e+02    -0.0228     0.0000      98.78    97.5493     0.0755      63045    6.07443    0.00000    34.9297    34.9294         47 0.0000e+00
   2342.000   2307.087     2.8795     2.8800  32.498798  32.499110    6.07482     1.7036 3.6277e+02    -0.0233     0.0000      98.78    97.5493     0.0755      63092    6.07551    0.00000    34.9295    34.9293         48 0.0000e+00
   2344.000   2309.047     2.8757     2.8763  32.495855  32.496341    6.07297     1.7026 3.6428e+02    -0.0226     0.0000      98.78    97.5493     0.0755      63144    6.07268    0.00000    34.9290    34.9289         54 0.0000e+00
