Ship_data/Irminger/Irminger-2/ctd/process/OOI/dat30_009.cnv
* Sea-Bird SBE 9 Data File:
* FileName = C:\data\ctd\at30_009.hex
* Software Version Seasave V 7.21f
* Temperature SN = 2265
* Conductivity SN = 3021
* Number of Bytes Per Scan = 40
* Number of Voltage Words = 5
* Number of Scans Averaged by the Deck Unit = 1
* NMEA Latitude = 59 42.40 N
* NMEA Longitude = 039 19.92 W
* NMEA UTC (Time) = Aug 19 2015  15:06:00
** FLMB 1 for cal
# nquan = 21
# nvalues = 1427                        
# units = specified
# name 0 = prDM: Pressure, Digiquartz [db]
# name 1 = depSM: Depth [salt water, m]
# name 2 = t090C: Temperature [ITS-90, deg C]
# name 3 = t190C: Temperature, 2 [ITS-90, deg C]
# name 4 = c0mS/cm: Conductivity [mS/cm]
# name 5 = c1mS/cm: Conductivity, 2 [mS/cm]
# name 6 = sbeox0ML/L: Oxygen, SBE 43 [ml/l]
# name 7 = sbeox0V: Oxygen raw, SBE 43 [V]
# name 8 = spar: SPAR/Surface Irradiance
# name 9 = flECO-AFL: Fluorescence, WET Labs ECO-AFL/FL [mg/m^3]
# name 10 = v2: Voltage 2
# name 11 = altM: Altimeter [m]
# name 12 = CStarTr0: Beam Transmission, WET Labs C-Star [%]
# name 13 = turbWETntu0: Turbidity, WET Labs ECO [NTU]
# name 14 = scan: Scan Count
# name 15 = sbeox0ML/L: Oxygen, SBE 43 [ml/l], WS = 2
# name 16 = sbeox0dOV/dT: Oxygen, SBE 43 [dov/dt], WS = 2
# name 17 = sal00: Salinity, Practical [PSU]
# name 18 = sal11: Salinity, Practical, 2 [PSU]
# name 19 = nbin: number of scans per bin
# name 20 = flag: flag
# span 0 =      4.000,   2856.000       
# span 1 =      3.962,   2810.074       
# span 2 =     1.5359,     8.3321       
# span 3 =     1.5350,     8.3325       
# span 4 =  31.493138,  36.380495       
# span 5 =  31.490707,  36.380703       
# span 6 =    5.98807,    6.97636       
# span 7 =     1.6676,     2.5187       
# span 8 = 3.2851e+02, 4.1920e+02       
# span 9 =    -0.0318,     2.1160       
# span 10 =     0.0000,     0.0000      
# span 11 =      14.92,     104.74      
# span 12 =    92.8676,    97.5932      
# span 13 =     0.0730,     0.1351      
# span 14 =        789,      79855      
# span 15 =    5.98803,    6.97729      
# span 16 =    0.00000,    0.00000      
# span 17 =    34.8433,    34.9400      
# span 18 =    34.8429,    34.9406      
# span 19 =         21,        132      
# span 20 = 0.0000e+00, 0.0000e+00      
# interval = decibars: 2                
# start_time = Aug 19 2015 15:06:00 [NMEA time, header]
# bad_flag = -9.990e-29
*END*
[from data line 552]
   1108.000   1094.661     3.5399     3.5403  32.531877  32.532395    6.52052     2.0384 3.4280e+02    -0.0196     0.0000      98.78    97.5236     0.0731      34581    6.52041    0.00000    34.8752    34.8753         44 0.0000e+00
   1110.000   1096.632     3.5376     3.5380  32.530378  32.530749    6.52045     2.0379 3.4280e+02    -0.0196     0.0000      98.78    97.4982     0.0731      34639    6.52033    0.00000    34.8748    34.8748         68 0.0000e+00
   1112.000   1098.602     3.5370     3.5374  32.530650  32.531099    6.51841     2.0370 3.4353e+02    -0.0193     0.0000      98.78    97.5248     0.0731      34696    6.51831    0.00000    34.8747    34.8748         43 0.0000e+00
   1114.000   1100.573     3.5362     3.5365  32.530683  32.531122    6.52075     2.0371 3.4343e+02    -0.0204     0.0000      98.78    97.5231     0.0731      34733    6.52060    0.00000    34.8747    34.8748         35 0.0000e+00
   1116.000   1102.544     3.5342     3.5345  32.529564  32.530012    6.51771     2.0359 3.4399e+02    -0.0196     0.0000      98.78    97.5225     0.0731      34776    6.51764    0.00000    34.8743    34.8745         56 0.0000e+00
   1118.000   1104.514     3.5341     3.5345  32.530511  32.530850    6.51948     2.0359 3.4566e+02    -0.0202     0.0000      98.78    97.5393     0.0731      34834    6.51935    0.00000    34.8746    34.8745         51 0.0000e+00
   1120.000   1106.485     3.5355     3.5360  32.532953  32.533549    6.52318     2.0364 3.4692e+02    -0.0198     0.0000      98.78    97.5275     0.0731      34876    6.52294    0.00000    34.8750    34.8752         36 0.0000e+00
   1122.000   1108.455     3.5341     3.5344  32.532392  32.532812    6.52333     2.0360 3.4779e+02    -0.0200     0.0000      98.78    97.5233     0.0731      34915    6.52309    0.00000    34.8748    34.8750         46 0.0000e+00
   1124.000   1110.426     3.5323     3.5327  32.531467  32.531980    6.51866     2.0345 3.4997e+02    -0.0198     0.0000      98.78    97.5292     0.0731      34970    6.51853    0.00000    34.8745    34.8748         61 0.0000e+00
   1126.000   1112.396     3.5299     3.5302  32.529974  32.530333    6.51646     2.0335 3.5282e+02    -0.0206     0.0000      98.78    97.5339     0.0731      35026    6.51639    0.00000    34.8743    34.8744         50 0.0000e+00
   1128.000   1114.367     3.5283     3.5289  32.529224  32.529841    6.51747     2.0333 3.5378e+02    -0.0205     0.0000      98.78    97.5284     0.0731      35072    6.51735    0.00000    34.8741    34.8742         42 0.0000e+00
   1130.000   1116.338     3.5277     3.5278  32.529423  32.529644    6.51746     2.0328 3.5390e+02    -0.0205     0.0000      98.78    97.5282     0.0731      35113    6.51735    0.00000    34.8740    34.8741         43 0.0000e+00
   1132.000   1118.308     3.5230     3.5232  32.525603  32.525965    6.51795     2.0324 3.5527e+02    -0.0198     0.0000      98.78    97.5278     0.0731      35165    6.51783    0.00000    34.8733    34.8736         57 0.0000e+00
   1134.000   1120.279     3.5183     3.5187  32.521802  32.522209    6.52095     2.0324 3.5602e+02    -0.0198     0.0000      98.78    97.5369     0.0731      35212    6.52078    0.00000    34.8728    34.8729         36 0.0000e+00
   1136.000   1122.249     3.5169     3.5172  32.521263  32.521501    6.52145     2.0321 3.5527e+02    -0.0194     0.0000      98.78    97.5290     0.0731      35247    6.52127    0.00000    34.8726    34.8726         38 0.0000e+00
   1138.000   1124.220     3.5167     3.5169  32.521689  32.521937    6.52079     2.0315 3.5594e+02    -0.0203     0.0000      98.78    97.5263     0.0731      35304    6.52062    0.00000    34.8724    34.8724         72 0.0000e+00
   1140.000   1126.190     3.5164     3.5167  32.522422  32.522694    6.52918     2.0331 3.5743e+02    -0.0192     0.0000      98.78    97.5232     0.0731      35360    6.52904    0.00000    34.8724    34.8724         42 0.0000e+00
   1142.000   1128.160     3.5158     3.5162  32.522592  32.523025    6.53115     2.0331 3.5660e+02    -0.0204     0.0000      98.78    97.5309     0.0731      35402    6.53109    0.00000    34.8724    34.8724         45 0.0000e+00
   1144.000   1130.131     3.5141     3.5145  32.521813  32.522235    6.53068     2.0326 3.5659e+02    -0.0198     0.0000      98.78    97.5356     0.0731      35453    6.53062    0.00000    34.8722    34.8722         56 0.0000e+00
   1146.000   1132.101     3.5125     3.5127  32.521004  32.521412    6.53190     2.0324 3.5710e+02    -0.0201     0.0000      98.78    97.5313     0.0731      35503    6.53180    0.00000    34.8719    34.8721         41 0.0000e+00
   1148.000   1134.071     3.5107     3.5111  32.520115  32.520528    6.53375     2.0323 3.5667e+02    -0.0197     0.0000      98.78    97.5342     0.0731      35539    6.53360    0.00000    34.8717    34.8718         34 0.0000e+00
   1150.000   1136.042     3.5096     3.5101  32.519805  32.520370    6.53335     2.0318 3.5541e+02    -0.0198     0.0000      98.78    97.5280     0.0731      35584    6.53323    0.00000    34.8715    34.8716         60 0.0000e+00
   1152.000   1138.012     3.5094     3.5097  32.520404  32.520782    6.53609     2.0320 3.5672e+02    -0.0199     0.0000      98.78    97.5329     0.0731      35641    6.53590    0.00000    34.8714    34.8715         45 0.0000e+00
   1154.000   1139.982     3.5115     3.5119  32.523567  32.523839    6.53683     2.0319 3.5574e+02    -0.0192     0.0000      98.78    97.5226     0.0731      35684    6.53657    0.00000    34.8719    34.8718         52 0.0000e+00
   1156.000   1141.953     3.5124     3.5127  32.525455  32.525857    6.53589     2.0313 3.5446e+02    -0.0196     0.0000      98.78    97.5353     0.0731      35749    6.53566    0.00000    34.8722    34.8723         60 0.0000e+00
   1158.000   1143.923     3.5125     3.5129  32.526453  32.526821    6.53400     2.0305 3.5467e+02    -0.0194     0.0000      98.78    97.5352     0.0731      35793    6.53378    0.00000    34.8722    34.8723         36 0.0000e+00
   1160.000   1145.893     3.5126     3.5129  32.527364  32.527771    6.53259     2.0298 3.5247e+02    -0.0200     0.0000      98.78    97.5286     0.0731      35826    6.53239    0.00000    34.8723    34.8724         35 0.0000e+00
   1162.000   1147.863     3.5129     3.5131  32.528475  32.528718    6.52643     2.0280 3.5101e+02    -0.0198     0.0000      98.78    97.5312     0.0731      35872    6.52636    0.00000    34.8722    34.8723         60 0.0000e+00
   1164.000   1149.834     3.5146     3.5149  32.531237  32.531276    6.52350     2.0270 3.5164e+02    -0.0200     0.0000      98.78    97.5353     0.0731      35930    6.52336    0.00000    34.8727    34.8724         46 0.0000e+00
   1166.000   1151.804     3.5190     3.5192  32.536799  32.536882    6.52770     2.0278 3.5059e+02    -0.0194     0.0000      98.78    97.5264     0.0731      35968    6.52758    0.00000    34.8736    34.8735         35 0.0000e+00
   1168.000   1153.774     3.5198     3.5203  32.538400  32.538804    6.52239     2.0262 3.4877e+02    -0.0198     0.0000      98.78    97.5288     0.0731      36020    6.52227    0.00000    34.8737    34.8737         79 0.0000e+00
   1170.000   1155.744     3.5189     3.5193  32.538441  32.538940    6.51352     2.0237 3.4785e+02    -0.0192     0.0000      98.78    97.5230     0.0731      36090    6.51327    0.00000    34.8737    34.8738         45 0.0000e+00
   1172.000   1157.714     3.5174     3.5179  32.537883  32.538315    6.51323     2.0232 3.4616e+02    -0.0194     0.0000      98.78    97.5379     0.0731      36127    6.51300    0.00000    34.8735    34.8736         36 0.0000e+00
   1174.000   1159.684     3.5154     3.5158  32.536679  32.537120    6.51307     2.0227 3.4449e+02    -0.0204     0.0000      98.78    97.5292     0.0731      36165    6.51286    0.00000    34.8732    34.8733         40 0.0000e+00
   1176.000   1161.654     3.5149     3.5154  32.537021  32.537399    6.51552     2.0228 3.4247e+02    -0.0198     0.0000      98.78    97.5220     0.0731      36206    6.51523    0.00000    34.8731    34.8731         43 0.0000e+00
   1178.000   1163.624     3.5163     3.5168  32.539219  32.539725    6.51439     2.0222 3.4117e+02    -0.0193     0.0000      98.78    97.4956     0.0731      36261    6.51415    0.00000    34.8733    34.8733         66 0.0000e+00
   1180.000   1165.594     3.5188     3.5191  32.542904  32.543101    6.51302     2.0216 3.4084e+02    -0.0197     0.0000      98.78    97.5475     0.0731      36316    6.51275    0.00000    34.8739    34.8739         41 0.0000e+00
   1182.000   1167.565     3.5173     3.5177  32.542339  32.542730    6.51408     2.0214 3.3970e+02    -0.0198     0.0000      98.78    97.5375     0.0731      36356    6.51377    0.00000    34.8738    34.8740         45 0.0000e+00
   1184.000   1169.535     3.5163     3.5167  32.542044  32.542507    6.51063     2.0202 3.3901e+02    -0.0191     0.0000      98.78    97.5303     0.0731      36415    6.51038    0.00000    34.8736    34.8737         65 0.0000e+00
   1186.000   1171.505     3.5161     3.5166  32.542673  32.543160    6.51271     2.0203 3.3960e+02    -0.0186     0.0000      98.78    97.5389     0.0731      36466    6.51240    0.00000    34.8735    34.8736         40 0.0000e+00
   1188.000   1173.474     3.5169     3.5172  32.544404  32.544645    6.51378     2.0202 3.3896e+02    -0.0188     0.0000      98.78    97.5316     0.0731      36503    6.51375    0.00000    34.8737    34.8737         36 0.0000e+00
   1190.000   1175.444     3.5195     3.5199  32.548024  32.548341    6.51118     2.0193 3.3880e+02    -0.0193     0.0000      98.78    97.5256     0.0731      36544    6.51094    0.00000    34.8743    34.8742         49 0.0000e+00
   1192.000   1177.414     3.5190     3.5192  32.548347  32.548762    6.50633     2.0178 3.3967e+02    -0.0203     0.0000      98.78    97.5369     0.0731      36603    6.50613    0.00000    34.8742    34.8744         60 0.0000e+00
   1194.000   1179.384     3.5157     3.5160  32.546068  32.546354    6.50462     2.0169 3.4031e+02    -0.0205     0.0000      98.78    97.5371     0.0731      36651    6.50446    0.00000    34.8739    34.8739         41 0.0000e+00
   1196.000   1181.354     3.5152     3.5157  32.546463  32.546983    6.50359     2.0162 3.4051e+02    -0.0204     0.0000      98.78    97.5320     0.0731      36695    6.50319    0.00000    34.8739    34.8740         50 0.0000e+00
   1198.000   1183.324     3.5144     3.5150  32.546559  32.546916    6.50203     2.0156 3.4068e+02    -0.0197     0.0000      98.78    97.5321     0.0731      36747    6.50248    0.00000    34.8738    34.8737         48 0.0000e+00
   1200.000   1185.294     3.5192     3.5197  32.552496  32.552844    6.50378     2.0156 3.4067e+02    -0.0206     0.0000      98.78    97.5332     0.0731      36792    6.50337    0.00000    34.8748    34.8747         46 0.0000e+00
   1202.000   1187.264     3.5190     3.5194  32.553187  32.553592    6.50442     2.0154 3.4108e+02    -0.0198     0.0000      98.78    97.5372     0.0731      36848    6.50419    0.00000    34.8748    34.8749         61 0.0000e+00
   1204.000   1189.234     3.5185     3.5187  32.553508  32.553723    6.50283     2.0146 3.4080e+02    -0.0205     0.0000      98.78    97.5366     0.0731      36895    6.50262    0.00000    34.8747    34.8748         36 0.0000e+00
   1206.000   1191.203     3.5171     3.5176  32.552987  32.553411    6.49832     2.0132 3.4057e+02    -0.0196     0.0000      98.78    97.5270     0.0731      36932    6.49822    0.00000    34.8746    34.8746         42 0.0000e+00
   1208.000   1193.173     3.5172     3.5177  32.553838  32.554255    6.49479     2.0120 3.4006e+02    -0.0192     0.0000      98.78    97.5340     0.0731      36985    6.49475    0.00000    34.8745    34.8745         60 0.0000e+00
   1210.000   1195.143     3.5198     3.5202  32.557447  32.557736    6.49549     2.0119 3.3864e+02    -0.0197     0.0000      98.78    97.5365     0.0731      37038    6.49541    0.00000    34.8751    34.8750         46 0.0000e+00
   1212.000   1197.113     3.5226     3.5230  32.561209  32.561598    6.49380     2.0112 3.3766e+02    -0.0200     0.0000      98.78    97.5340     0.0731      37082    6.49372    0.00000    34.8756    34.8756         44 0.0000e+00
   1214.000   1199.082     3.5255     3.5260  32.565140  32.565571    6.48784     2.0096 3.3670e+02    -0.0207     0.0000      98.78    97.5295     0.0731      37130    6.48767    0.00000    34.8761    34.8761         54 0.0000e+00
   1216.000   1201.052     3.5256     3.5259  32.566037  32.566337    6.48155     2.0077 3.3570e+02    -0.0210     0.0000      98.78    97.5369     0.0731      37186    6.48134    0.00000    34.8761    34.8762         51 0.0000e+00
   1218.000   1203.022     3.5276     3.5280  32.568905  32.569160    6.47992     2.0071 3.3463e+02    -0.0208     0.0000      98.78    97.5417     0.0731      37229    6.47972    0.00000    34.8763    34.8762         39 0.0000e+00
   1220.000   1204.991     3.5347     3.5353  32.577262  32.577750    6.47593     2.0061 3.3389e+02    -0.0187     0.0000      98.78    97.5369     0.0731      37272    6.47577    0.00000    34.8778    34.8777         50 0.0000e+00
   1222.000   1206.961     3.5362     3.5366  32.579729  32.580069    6.47221     2.0049 3.3295e+02    -0.0211     0.0000      98.78    97.5328     0.0731      37329    6.47211    0.00000    34.8781    34.8781         56 0.0000e+00
   1224.000   1208.931     3.5365     3.5369  32.580780  32.581184    6.46980     2.0040 3.3300e+02    -0.0205     0.0000      98.78    97.5444     0.0731      37373    6.46973    0.00000    34.8781    34.8781         37 0.0000e+00
   1226.000   1210.900     3.5360     3.5365  32.581117  32.581603    6.46823     2.0032 3.3198e+02    -0.0207     0.0000      98.78    97.5358     0.0731      37412    6.46810    0.00000    34.8779    34.8780         48 0.0000e+00
   1228.000   1212.870     3.5369     3.5369  32.582828  32.582759    6.46252     2.0016 3.3296e+02    -0.0195     0.0000      98.78    97.5257     0.0731      37475    6.46232    0.00000    34.8780    34.8779         62 0.0000e+00
   1230.000   1214.840     3.5376     3.5379  32.584486  32.585029    6.46100     2.0009 3.3262e+02    -0.0200     0.0000      98.78    97.5353     0.0731      37521    6.46079    0.00000    34.8783    34.8785         38 0.0000e+00
   1232.000   1216.809     3.5404     3.5409  32.588465  32.588730    6.45788     1.9999 3.3254e+02    -0.0201     0.0000      98.78    97.5304     0.0731      37562    6.45766    0.00000    34.8790    34.8788         49 0.0000e+00
   1234.000   1218.779     3.5449     3.5453  32.594087  32.594252    6.45390     1.9988 3.3325e+02    -0.0193     0.0000      98.78    97.5307     0.0731      37616    6.45371    0.00000    34.8799    34.8797         51 0.0000e+00
   1236.000   1220.748     3.5503     3.5507  32.600587  32.600999    6.45241     1.9983 3.3338e+02    -0.0189     0.0000      98.78    97.5372     0.0731      37660    6.45223    0.00000    34.8810    34.8810         40 0.0000e+00
   1238.000   1222.718     3.5558     3.5563  32.607443  32.607678    6.44442     1.9963 3.3304e+02    -0.0195     0.0000      98.78    97.5290     0.0731      37702    6.44431    0.00000    34.8822    34.8820         47 0.0000e+00
   1240.000   1224.687     3.5589     3.5593  32.611652  32.611944    6.43293     1.9935 3.3389e+02    -0.0204     0.0000      98.78    97.5348     0.0731      37754    6.43274    0.00000    34.8830    34.8829         53 0.0000e+00
   1242.000   1226.657     3.5665     3.5667  32.620427  32.620334    6.42373     1.9913 3.3394e+02    -0.0198     0.0000      98.78    97.5389     0.0731      37804    6.42360    0.00000    34.8844    34.8841         50 0.0000e+00
