Ship_data/Irminger/Irminger-2/ctd/process/OOI/dat30_001.cnv
* Sea-Bird SBE 9 Data File:
* FileName = C:\data\ctd\at30_001.hex
* Software Version Seasave V 7.21f
* Temperature SN = 2265
* Conductivity SN = 3021
* Number of Bytes Per Scan = 40
* Number of Voltage Words = 5
* Number of Scans Averaged by the Deck Unit = 1
* NMEA Latitude = 42 32.87 N
* NMEA Longitude = 062 35.04 W
* NMEA UTC (Time) = Aug 07 2015  12:39:53
# nquan = 21
# nvalues = 754                         
# units = specified
# name 0 = prDM: Pressure, Digiquartz [db]
# name 1 = depSM: Depth [salt water, m]
# name 2 = t090C: Temperature [ITS-90, deg C]
# name 3 = t190C: Temperature, 2 [ITS-90, deg C]
# name 4 = c0mS/cm: Conductivity [mS/cm]
# name 5 = c1mS/cm: Conductivity, 2 [mS/cm]
# name 6 = sbeox0ML/L: Oxygen, SBE 43 [ml/l]
# name 7 = sbeox0V: Oxygen raw, SBE 43 [V]
# name 8 = spar: SPAR/Surface Irradiance
# name 9 = flECO-AFL: Fluorescence, WET Labs ECO-AFL/FL [mg/m^3]
# name 10 = v2: Voltage 2
# name 11 = altM: Altimeter [m]
# name 12 = CStarTr0: Beam Transmission, WET Labs C-Star [%]
# name 13 = turbWETntu0: Turbidity, WET Labs ECO [NTU]
# name 14 = scan: Scan Count
# name 15 = sbeox0ML/L: Oxygen, SBE 43 [ml/l], WS = 2
# name 16 = sbeox0dOV/dT: Oxygen, SBE 43 [dov/dt], WS = 2
# name 17 = sal00: Salinity, Practical [PSU]
# name 18 = sal11: Salinity, Practical, 2 [PSU]
# name 19 = nbin: number of scans per bin
# name 20 = flag: flag
# span 0 =      2.000,   1508.000       
# span 1 =      1.984,   1490.704       
# span 2 =     3.9620,    21.4479       
# span 3 =     3.9627,    21.4153       
# span 4 =  33.144237,  46.706127       
# span 5 =  33.144100,  46.812078       
# span 6 =    3.06691,    6.53870       
# span 7 =     1.4378,     2.8559       
# span 8 = 1.1966e+03, 2.0220e+03       
# span 9 =    -0.0201,     1.5116       
# span 10 =     0.0000,     0.0000      
# span 11 =      80.06,      99.52      
# span 12 =    92.3444,    97.6037      
# span 13 =     0.0642,     0.1502      
# span 14 =        386,      78590      
# span 15 =    3.06688,    6.54005      
# span 16 =    0.00000,    0.00000      
# span 17 =    31.9637,    35.7073      
# span 18 =    31.9633,    35.7065      
# span 19 =         34,        249      
# span 20 = 0.0000e+00, 0.0000e+00      
# interval = decibars: 2                
# start_time = Aug 07 2015 12:39:53 [NMEA time, header]
# bad_flag = -9.990e-29
*END*
[from data line 483]
    968.000    958.126     4.4450     4.4454  33.360138  33.360081    5.65963     1.8971 1.2902e+03    -0.0111     0.0000      98.78    97.5754     0.0707      48559    5.65957    0.00000    34.9683    34.9679         51 0.0000e+00
    970.000    960.101     4.4428     4.4434  33.358753  33.359045    5.66012     1.8968 1.3411e+03    -0.0115     0.0000      98.78    97.5779     0.0707      48608    5.65993    0.00000    34.9681    34.9677         46 0.0000e+00
    972.000    962.076     4.4390     4.4395  33.355876  33.355937    5.66178     1.8967 1.3453e+03    -0.0119     0.0000      98.78    97.5781     0.0707      48654    5.66182    0.00000    34.9676    34.9672         48 0.0000e+00
    974.000    964.051     4.4382     4.4390  33.356491  33.356490    5.66573     1.8971 1.2845e+03    -0.0115     0.0000      98.78    97.5723     0.0707      48703    5.66514    0.00000    34.9682    34.9674         48 0.0000e+00
    976.000    966.026     4.4400     4.4404  33.359238  33.359254    5.66884     1.8977 1.2268e+03    -0.0115     0.0000      98.78    97.5754     0.0707      48748    5.66861    0.00000    34.9685    34.9681         44 0.0000e+00
    978.000    968.000     4.4404     4.4408  33.360674  33.360606    5.66622     1.8967 1.3317e+03    -0.0106     0.0000      98.78    97.5767     0.0707      48794    5.66604    0.00000    34.9688    34.9683         48 0.0000e+00
    980.000    969.975     4.4370     4.4376  33.358518  33.358653    5.66565     1.8961 1.3134e+03    -0.0100     0.0000      98.78    97.2721     0.0707      48846    5.66550    0.00000    34.9688    34.9683         55 0.0000e+00
    982.000    971.950     4.4342     4.4346  33.356953  33.356811    5.66731     1.8960 1.2391e+03    -0.0110     0.0000      98.78    97.5528     0.0707      48897    5.66714    0.00000    34.9689    34.9684         44 0.0000e+00
    984.000    973.925     4.4328     4.4332  33.356559  33.356521    5.66933     1.8961 1.2758e+03    -0.0115     0.0000      98.78    97.5825     0.0707      48938    5.66914    0.00000    34.9689    34.9684         41 0.0000e+00
    986.000    975.900     4.4321     4.4325  33.356822  33.356701    5.66812     1.8954 1.3023e+03    -0.0111     0.0000      98.78    97.5850     0.0707      48983    5.66795    0.00000    34.9690    34.9684         52 0.0000e+00
    988.000    977.875     4.4311     4.4316  33.356829  33.356799    5.66900     1.8953 1.3894e+03    -0.0110     0.0000      98.78    97.5858     0.0707      49037    5.66882    0.00000    34.9690    34.9685         52 0.0000e+00
    990.000    979.850     4.4283     4.4287  33.354962  33.354958    5.67011     1.8951 1.2773e+03    -0.0110     0.0000      98.78    97.5860     0.0707      49084    5.66993    0.00000    34.9688    34.9683         42 0.0000e+00
    992.000    981.825     4.4263     4.4269  33.353825  33.353919    5.67193     1.8951 1.2732e+03    -0.0108     0.0000      98.78    97.5816     0.0707      49126    5.67171    0.00000    34.9685    34.9680         45 0.0000e+00
    994.000    983.799     4.4227     4.4237  33.351121  33.351672    5.67328     1.8949 1.2423e+03    -0.0108     0.0000      98.78    97.5810     0.0707      49176    5.67304    0.00000    34.9682    34.9677         54 0.0000e+00
    996.000    985.774     4.4199     4.4205  33.349474  33.349719    5.67903     1.8958 1.3157e+03    -0.0114     0.0000      98.78    97.5913     0.0707      49229    5.67876    0.00000    34.9682    34.9678         50 0.0000e+00
    998.000    987.749     4.4179     4.4185  33.348609  33.348601    5.68107     1.8960 1.3518e+03    -0.0115     0.0000      98.78    97.5821     0.0707      49276    5.68106    0.00000    34.9682    34.9676         44 0.0000e+00
   1000.000    989.724     4.4160     4.4164  33.347691  33.347687    5.68010     1.8953 1.2554e+03    -0.0113     0.0000      98.78    97.5828     0.0707      49319    5.67999    0.00000    34.9682    34.9677         44 0.0000e+00
   1002.000    991.698     4.4147     4.4152  33.347441  33.347398    5.67817     1.8944 1.2789e+03    -0.0115     0.0000      98.78    97.5792     0.0707      49364    5.67790    0.00000    34.9682    34.9677         47 0.0000e+00
   1004.000    993.673     4.4133     4.4138  33.347087  33.346978    5.68033     1.8945 1.4092e+03    -0.0115     0.0000      98.78    97.5870     0.0707      49417    5.68009    0.00000    34.9683    34.9676         56 0.0000e+00
   1006.000    995.648     4.4117     4.4123  33.346533  33.346553    5.68224     1.8946 1.3107e+03    -0.0119     0.0000      98.78    97.5820     0.0707      49468    5.68225    0.00000    34.9683    34.9677         45 0.0000e+00
   1008.000    997.622     4.4118     4.4122  33.347584  33.347454    5.68218     1.8942 1.2878e+03    -0.0120     0.0000      98.78    97.5849     0.0707      49510    5.68214    0.00000    34.9684    34.9678         41 0.0000e+00
   1010.000    999.597     4.4112     4.4117  33.347750  33.347771    5.67832     1.8928 1.3413e+03    -0.0113     0.0000      98.78    97.5852     0.0707      49556    5.67806    0.00000    34.9682    34.9677         54 0.0000e+00
   1012.000   1001.572     4.4092     4.4096  33.346760  33.346764    5.67659     1.8920 1.3978e+03    -0.0108     0.0000      98.78    97.5785     0.0707      49613    5.67614    0.00000    34.9682    34.9677         51 0.0000e+00
   1014.000   1003.546     4.4060     4.4065  33.344760  33.344738    5.67868     1.8919 1.3144e+03    -0.0112     0.0000      98.78    97.5852     0.0707      49655    5.67792    0.00000    34.9681    34.9676         38 0.0000e+00
   1016.000   1005.521     4.4053     4.4057  33.344898  33.344832    5.67873     1.8917 1.2772e+03    -0.0108     0.0000      98.78    97.5810     0.0707      49696    5.67858    0.00000    34.9680    34.9675         47 0.0000e+00
   1018.000   1007.495     4.4051     4.4056  33.345542  33.345509    5.67701     1.8909 1.3225e+03    -0.0109     0.0000      98.78    97.5838     0.0707      49750    5.67679    0.00000    34.9680    34.9674         57 0.0000e+00
   1020.000   1009.470     4.3993     4.3999  33.341033  33.341214    5.68083     1.8913 1.3314e+03    -0.0107     0.0000      98.78    97.5800     0.0707      49801    5.68071    0.00000    34.9678    34.9674         46 0.0000e+00
   1022.000   1011.445     4.3940     4.3944  33.336880  33.336824    5.68195     1.8910 1.2534e+03    -0.0116     0.0000      98.78    97.5801     0.0707      49846    5.68174    0.00000    34.9676    34.9670         45 0.0000e+00
   1024.000   1013.419     4.3898     4.3902  33.333874  33.333953    5.68514     1.8912 1.2664e+03    -0.0114     0.0000      98.78    97.5834     0.0707      49889    5.68497    0.00000    34.9674    34.9670         42 0.0000e+00
   1026.000   1015.394     4.3839     4.3843  33.329250  33.329355    5.68633     1.8909 1.3198e+03    -0.0111     0.0000      98.78    97.5867     0.0707      49935    5.68604    0.00000    34.9672    34.9669         52 0.0000e+00
   1028.000   1017.368     4.3767     4.3772  33.323088  33.322985    5.68777     1.8907 1.3163e+03    -0.0113     0.0000      98.78    97.5787     0.0707      49992    5.68787    0.00000    34.9666    34.9659         57 0.0000e+00
   1030.000   1019.342     4.3758     4.3762  33.323213  33.323063    5.68993     1.8908 1.2590e+03    -0.0118     0.0000      98.78    97.5782     0.0707      50040    5.68982    0.00000    34.9667    34.9660         41 0.0000e+00
   1032.000   1021.317     4.3739     4.3744  33.322288  33.322367    5.69173     1.8908 1.3487e+03    -0.0114     0.0000      98.78    97.5833     0.0707      50081    5.69155    0.00000    34.9666    34.9662         42 0.0000e+00
   1034.000   1023.291     4.3685     4.3691  33.317752  33.318138    5.69169     1.8902 1.4168e+03    -0.0106     0.0000      98.78    97.5855     0.0707      50127    5.69162    0.00000    34.9659    34.9658         51 0.0000e+00
   1036.000   1025.266     4.3565     4.3571  33.306856  33.307267    5.69199     1.8895 1.3306e+03    -0.0115     0.0000      98.78    97.5878     0.0707      50180    5.69202    0.00000    34.9648    34.9646         51 0.0000e+00
   1038.000   1027.240     4.3488     4.3492  33.300392  33.300225    5.69473     1.8895 1.3845e+03    -0.0113     0.0000      98.78    97.5838     0.0707      50228    5.69473    0.00000    34.9643    34.9636         45 0.0000e+00
   1040.000   1029.214     4.3478     4.3482  33.300364  33.300204    5.69842     1.8900 1.3235e+03    -0.0115     0.0000      98.78    97.5883     0.0707      50272    5.69833    0.00000    34.9643    34.9637         46 0.0000e+00
   1042.000   1031.189     4.3483     4.3487  33.301920  33.301738    5.70193     1.8905 1.4156e+03    -0.0118     0.0000      98.78    97.5918     0.0707      50320    5.70177    0.00000    34.9646    34.9640         49 0.0000e+00
   1044.000   1033.163     4.3528     4.3533  33.307745  33.307553    5.70459     1.8910 1.3689e+03    -0.0095     0.0000      98.78    97.5822     0.0707      50369    5.70440    0.00000    34.9656    34.9649         49 0.0000e+00
   1046.000   1035.137     4.3490     4.3496  33.305067  33.305375    5.70598     1.8908 1.3667e+03    -0.0103     0.0000      98.78    97.5940     0.0707      50419    5.70578    0.00000    34.9656    34.9652         50 0.0000e+00
   1048.000   1037.112     4.3444     4.3449  33.302024  33.302008    5.70776     1.8908 1.3109e+03    -0.0109     0.0000      98.78    97.5895     0.0707      50467    5.70793    0.00000    34.9657    34.9652         47 0.0000e+00
   1050.000   1039.086     4.3415     4.3419  33.300105  33.300124    5.70590     1.8898 1.2924e+03    -0.0106     0.0000      98.78    97.5863     0.0707      50513    5.70581    0.00000    34.9656    34.9652         45 0.0000e+00
   1052.000   1041.060     4.3396     4.3401  33.299270  33.299179    5.70605     1.8894 1.3767e+03    -0.0107     0.0000      98.78    97.5839     0.0707      50555    5.70586    0.00000    34.9656    34.9650         40 0.0000e+00
   1054.000   1043.034     4.3376     4.3380  33.298252  33.298130    5.70427     1.8885 1.3779e+03    -0.0115     0.0000      98.78    97.5848     0.0707      50603    5.70410    0.00000    34.9655    34.9649         60 0.0000e+00
   1056.000   1045.009     4.3360     4.3364  33.297737  33.297741    5.70177     1.8876 1.3639e+03    -0.0104     0.0000      98.78    97.5880     0.0707      50664    5.70166    0.00000    34.9656    34.9651         51 0.0000e+00
   1058.000   1046.983     4.3315     4.3318  33.294074  33.294033    5.70274     1.8873 1.4281e+03    -0.0109     0.0000      98.78    97.6000     0.0707      50707    5.70263    0.00000    34.9651    34.9646         40 0.0000e+00
   1060.000   1048.957     4.3280     4.3281  33.291432  33.291199    5.70468     1.8872 1.4025e+03    -0.0099     0.0000      98.78    97.5949     0.0707      50748    5.70454    0.00000    34.9646    34.9642         46 0.0000e+00
   1062.000   1050.931     4.3243     4.3249  33.288747  33.288741    5.71050     1.8881 1.3643e+03    -0.0107     0.0000      98.78    97.5889     0.0707      50800    5.71020    0.00000    34.9644    34.9637         54 0.0000e+00
   1064.000   1052.905     4.3223     4.3227  33.287718  33.287583    5.71378     1.8884 1.3421e+03    -0.0102     0.0000      98.78    97.5880     0.0707      50850    5.71334    0.00000    34.9643    34.9637         46 0.0000e+00
   1066.000   1054.879     4.3174     4.3176  33.283865  33.283868    5.71555     1.8885 1.4157e+03    -0.0097     0.0000      98.78    97.5943     0.0707      50893    5.71591    0.00000    34.9639    34.9636         41 0.0000e+00
   1068.000   1056.854     4.3150     4.3154  33.282536  33.282467    5.71782     1.8885 1.3555e+03    -0.0105     0.0000      98.78    97.5882     0.0707      50937    5.71784    0.00000    34.9639    34.9633         50 0.0000e+00
   1070.000   1058.828     4.3152     4.3157  33.283566  33.283499    5.71900     1.8885 1.3782e+03    -0.0108     0.0000      98.78    97.5937     0.0707      50995    5.71938    0.00000    34.9639    34.9632         64 0.0000e+00
   1072.000   1060.802     4.3154     4.3159  33.284884  33.284764    5.72140     1.8886 1.3389e+03    -0.0105     0.0000      98.78    97.5938     0.0707      51053    5.72128    0.00000    34.9641    34.9635         46 0.0000e+00
   1074.000   1062.776     4.3163     4.3168  33.286879  33.286742    5.72402     1.8889 1.3593e+03    -0.0102     0.0000      98.78    97.5856     0.0707      51091    5.72388    0.00000    34.9645    34.9639         36 0.0000e+00
   1076.000   1064.750     4.3162     4.3166  33.287820  33.287695    5.72035     1.8877 1.4079e+03    -0.0103     0.0000      98.78    97.5898     0.0707      51130    5.72027    0.00000    34.9647    34.9641         44 0.0000e+00
   1078.000   1066.724     4.3133     4.3136  33.285929  33.285683    5.71559     1.8861 1.3440e+03    -0.0116     0.0000      98.78    97.5912     0.0707      51181    5.71531    0.00000    34.9645    34.9639         55 0.0000e+00
   1080.000   1068.698     4.3090     4.3086  33.282768  33.281899    5.71379     1.8852 1.4252e+03    -0.0115     0.0000      98.78    97.5993     0.0707      51239    5.71362    0.00000    34.9643    34.9638         58 0.0000e+00
   1082.000   1070.672     4.3078     4.3082  33.282522  33.282357    5.71831     1.8859 1.3747e+03    -0.0108     0.0000      98.78    97.5923     0.0707      51288    5.71825    0.00000    34.9643    34.9637         42 0.0000e+00
   1084.000   1072.646     4.3057     4.3033  33.281315  33.278879    5.72134     1.8861 1.2654e+03    -0.0116     0.0000      98.78    97.5915     0.0707      51328    5.72128    0.00000    34.9642    34.9638         41 0.0000e+00
   1086.000   1074.620     4.2937     4.2938  33.270899  33.270598    5.72203     1.8855 1.2964e+03    -0.0109     0.0000      98.78    97.5905     0.0707      51377    5.72200    0.00000    34.9635    34.9631         56 0.0000e+00
   1088.000   1076.593     4.2912     4.2917  33.269408  33.269321    5.72289     1.8853 1.4212e+03    -0.0114     0.0000      98.78    97.5906     0.0707      51431    5.72287    0.00000    34.9634    34.9628         50 0.0000e+00
   1090.000   1078.567     4.2911     4.2916  33.270164  33.270215    5.72653     1.8858 1.4199e+03    -0.0109     0.0000      98.78    97.5909     0.0707      51477    5.72642    0.00000    34.9634    34.9630         43 0.0000e+00
   1092.000   1080.541     4.2907     4.2911  33.270757  33.270639    5.72685     1.8855 1.4079e+03    -0.0116     0.0000      98.78    97.5853     0.0707      51522    5.72672    0.00000    34.9635    34.9629         49 0.0000e+00
   1094.000   1082.515     4.2910     4.2914  33.271883  33.271798    5.72612     1.8850 1.2889e+03    -0.0121     0.0000      98.78    97.5848     0.0707      51576    5.72602    0.00000    34.9636    34.9630         55 0.0000e+00
   1096.000   1084.489     4.2907     4.2913  33.272613  33.272600    5.72591     1.8845 1.4072e+03    -0.0109     0.0000      98.78    97.5875     0.0707      51626    5.72580    0.00000    34.9637    34.9630         45 0.0000e+00
   1098.000   1086.463     4.2896     4.2902  33.272533  33.272549    5.72609     1.8842 1.4042e+03    -0.0109     0.0000      98.78    97.5950     0.0707      51668    5.72597    0.00000    34.9637    34.9631         41 0.0000e+00
   1100.000   1088.436     4.2883     4.2887  33.272181  33.271958    5.72632     1.8838 1.2646e+03    -0.0114     0.0000      98.78    97.5935     0.0707      51712    5.72614    0.00000    34.9637    34.9630         49 0.0000e+00
   1102.000   1090.410     4.2859     4.2863  33.270772  33.270694    5.72738     1.8837 1.3922e+03    -0.0112     0.0000      98.78    97.5899     0.0707      51763    5.72750    0.00000    34.9636    34.9631         53 0.0000e+00
