Ship_data/Irminger/Irminger-2/ctd/process/OOI/dat30_013.cnv
* Sea-Bird SBE 9 Data File:
* FileName = C:\data\ctd\at30_013.hex
* Software Version Seasave V 7.21f
* Temperature SN = 2265
* Conductivity SN = 3021
* Number of Bytes Per Scan = 40
* Number of Voltage Words = 5
* Number of Scans Averaged by the Deck Unit = 1
* NMEA Latitude = 59 53.87 N
* NMEA Longitude = 039 34.33 W
* NMEA UTC (Time) = Aug 23 2015  21:20:25
** cal / val for SUMO 2
# nquan = 21
# nvalues = 759                         
# units = specified
# name 0 = prDM: Pressure, Digiquartz [db]
# name 1 = depSM: Depth [salt water, m]
# name 2 = t090C: Temperature [ITS-90, deg C]
# name 3 = t190C: Temperature, 2 [ITS-90, deg C]
# name 4 = c0mS/cm: Conductivity [mS/cm]
# name 5 = c1mS/cm: Conductivity, 2 [mS/cm]
# name 6 = sbeox0ML/L: Oxygen, SBE 43 [ml/l]
# name 7 = sbeox0V: Oxygen raw, SBE 43 [V]
# name 8 = spar: SPAR/Surface Irradiance
# name 9 = flECO-AFL: Fluorescence, WET Labs ECO-AFL/FL [mg/m^3]
# name 10 = v2: Voltage 2
# name 11 = altM: Altimeter [m]
# name 12 = CStarTr0: Beam Transmission, WET Labs C-Star [%]
# name 13 = turbWETntu0: Turbidity, WET Labs ECO [NTU]
# name 14 = scan: Scan Count
# name 15 = sbeox0ML/L: Oxygen, SBE 43 [ml/l], WS = 2
# name 16 = sbeox0dOV/dT: Oxygen, SBE 43 [dov/dt], WS = 2
# name 17 = sal00: Salinity, Practical [PSU]
# name 18 = sal11: Salinity, Practical, 2 [PSU]
# name 19 = nbin: number of scans per bin
# name 20 = flag: flag
# span 0 =      6.000,   1522.000       
# span 1 =      5.943,   1502.178       
# span 2 =     3.4552,     8.4887       
# span 3 =     3.4559,     8.4894       
# span 4 =  32.486495,  36.568755       
# span 5 =  32.486759,  36.568745       
# span 6 =    6.00822,    6.79375       
# span 7 =     1.8592,     2.5253       
# span 8 = 3.0365e+01, 5.8266e+01       
# span 9 =    -0.0722,     1.8007       
# span 10 =     0.0000,     0.0000      
# span 11 =      82.64,      99.66      
# span 12 =    93.3670,    97.7893      
# span 13 =     0.0665,     0.1311      
# span 14 =       1571,      48929      
# span 15 =    6.00801,    6.79388      
# span 16 =    0.00000,    0.00000      
# span 17 =    34.8358,    35.0267      
# span 18 =    34.8357,    35.0272      
# span 19 =         27,        125      
# span 20 = 0.0000e+00, 0.0000e+00      
# interval = decibars: 2                
# start_time = Aug 23 2015 21:20:25 [NMEA time, header]
# bad_flag = -9.990e-29
*END*
      6.000      5.943     8.4881     8.4887  36.564343  36.564242    6.51758     2.5042 5.0668e+01     1.5138     0.0000      99.66    93.4917     0.1137       1571    6.51736    0.00000    34.8880    34.8873         70 0.0000e+00
      8.000      7.925     8.4882     8.4886  36.565352  36.565196    6.51737     2.5036 4.8452e+01     1.4920     0.0000      82.64    93.4867     0.1180       2103    6.51717    0.00000    34.8881    34.8874         94 0.0000e+00
     10.000      9.906     8.4880     8.4882  36.566215  36.565673    6.51959     2.5038 4.8124e+01     1.5261     0.0000      99.20    93.6034     0.1234       2238    6.51939    0.00000    34.8881    34.8873        119 0.0000e+00
     12.000     11.886     8.4881     8.4885  36.567190  36.566933    6.52105     2.5037 4.7796e+01     1.5048     0.0000      98.73    93.5536     0.1311       2332    6.52085    0.00000    34.8881    34.8874         80 0.0000e+00
     14.000     13.868     8.4887     8.4894  36.568755  36.568745    6.51666     2.5018 4.7196e+01     1.4932     0.0000      98.73    93.3670     0.1144       2440    6.51627    0.00000    34.8882    34.8875         98 0.0000e+00
     16.000     15.849     8.4802     8.4765  36.561105  36.557107    6.51341     2.5000 4.6873e+01     1.5189     0.0000      98.73    93.4929     0.1177       2530    6.51309    0.00000    34.8876    34.8870         96 0.0000e+00
     18.000     17.830     8.4267     8.4330  36.510999  36.518011    6.52675     2.5010 4.6521e+01     1.5303     0.0000      83.90    93.6038     0.1172       2631    6.52643    0.00000    34.8863    34.8875        104 0.0000e+00
     20.000     19.811     8.1747     8.1775  36.260569  36.263431    6.57475     2.5031 4.6203e+01     1.5972     0.0000      99.02    93.5687     0.1123       2737    6.57474    0.00000    34.8683    34.8687        100 0.0000e+00
     22.000     21.792     8.0118     8.0179  36.100227  36.107106    6.63512     2.5130 4.6111e+01     1.6831     0.0000      98.73    93.9957     0.1198       2819    6.63520    0.00000    34.8577    34.8590         73 0.0000e+00
     24.000     23.773     7.9676     7.9273  36.057873  36.017464    6.66545     2.5194 4.6160e+01     1.7309     0.0000      98.73    94.2116     0.1096       2931    6.66537    0.00000    34.8552    34.8519        121 0.0000e+00
     26.000     25.753     7.8693     7.8756  35.962864  35.969291    6.68214     2.5191 4.6223e+01     1.7568     0.0000      98.73    94.0137     0.1103       3024    6.68207    0.00000    34.8501    34.8507         70 0.0000e+00
     28.000     27.734     7.7746     7.7614  35.868009  35.858574    6.71332     2.5233 4.6285e+01     1.8007     0.0000      98.73    94.2713     0.1153       3114    6.71325    0.00000    34.8414    34.8444        113 0.0000e+00
     30.000     29.715     7.6715     7.6654  35.773309  35.767244    6.73751     2.5250 4.6530e+01     1.7250     0.0000      98.73    94.4036     0.1107       3227    6.73734    0.00000    34.8411    34.8407        102 0.0000e+00
     32.000     31.696     7.6190     7.6196  35.723686  35.723977    6.74874     2.5253 4.6973e+01     1.7853     0.0000      98.73    94.5218     0.1082       3311    6.74856    0.00000    34.8390    34.8387         80 0.0000e+00
     34.000     33.677     7.5791     7.5749  35.686433  35.682757    6.74308     2.5212 4.7904e+01     1.7559     0.0000      98.73    94.5862     0.1111       3412    6.74295    0.00000    34.8375    34.8378        118 0.0000e+00
     36.000     35.658     7.5125     7.5064  35.624311  35.619689    6.74832     2.5189 4.8197e+01     1.6549     0.0000      98.73    94.7322     0.1104       3525    6.74806    0.00000    34.8359    34.8370         93 0.0000e+00
     38.000     37.639     7.4409     7.4416  35.559105  35.559598    6.75915     2.5182 4.8685e+01     1.7877     0.0000      98.73    94.7958     0.1036       3604    6.75891    0.00000    34.8358    34.8357         80 0.0000e+00
     40.000     39.619     7.4221     7.4177  35.545202  35.541215    6.75845     2.5166 4.9793e+01     1.7541     0.0000      98.73    94.8322     0.1086       3710    6.75825    0.00000    34.8387    34.8387         84 0.0000e+00
     42.000     41.600     7.3993     7.3971  35.527067  35.525076    6.75068     2.5127 5.0123e+01     1.7131     0.0000      85.38    94.8925     0.1043       3800    6.75050    0.00000    34.8408    34.8408         78 0.0000e+00
     44.000     43.581     7.3747     7.3691  35.506511  35.501826    6.75073     2.5111 5.1119e+01     1.7097     0.0000      99.48    94.9589     0.1056       3922    6.75047    0.00000    34.8421    34.8427         80 0.0000e+00
     46.000     45.562     7.2767     7.2653  35.423515  35.415523    6.76770     2.5109 5.1512e+01     1.7064     0.0000      98.73    95.0087     0.1063       3986    6.76754    0.00000    34.8492    34.8519         70 0.0000e+00
     48.000     47.542     7.1896     7.1701  35.355615  35.342100    6.76260     2.5049 5.1869e+01     1.6345     0.0000      98.73    95.1044     0.1035       4116    6.76250    0.00000    34.8617    34.8666         74 0.0000e+00
     50.000     49.523     6.9239     6.9245  35.125492  35.126673    6.79375     2.5009 5.2030e+01     1.4553     0.0000      98.73    95.3536     0.1048       4201    6.79388    0.00000    34.8766    34.8772         90 0.0000e+00
     52.000     51.504     6.7946     6.7963  35.016467  35.018171    6.77373     2.4884 5.2034e+01     1.3969     0.0000      98.73    95.4777     0.0986       4292    6.77381    0.00000    34.8864    34.8866         91 0.0000e+00
     54.000     53.484     6.7213     6.7027  34.952706  34.942876    6.73449     2.4730 5.2100e+01     1.3400     0.0000      98.73    95.7068     0.0992       4391    6.73450    0.00000    34.8893    34.8974        115 0.0000e+00
     56.000     55.465     6.4662     6.4682  34.744284  34.746859    6.72881     2.4590 5.2166e+01     1.1185     0.0000      97.84    95.8381     0.0972       4512    6.72898    0.00000    34.9168    34.9176         98 0.0000e+00
     58.000     57.446     6.3302     6.3299  34.623211  34.624607    6.72186     2.4499 5.2196e+01     1.0577     0.0000      91.52    95.9235     0.0964       4585    6.72198    0.00000    34.9197    34.9216         55 0.0000e+00
     60.000     59.426     6.3152     6.3054  34.610247  34.601626    6.67585     2.4355 5.2470e+01     1.0813     0.0000      98.39    95.9612     0.1017       4690    6.67589    0.00000    34.9195    34.9199         83 0.0000e+00
     62.000     61.407     6.1407     6.1623  34.457003  34.482194    6.67110     2.4254 5.3067e+01     0.9464     0.0000      98.72    96.0102     0.0974       4812    6.67121    0.00000    34.9256    34.9317         54 0.0000e+00
     64.000     63.387     5.9481     5.9497  34.291381  34.294623    6.70365     2.4251 5.3045e+01     0.9163     0.0000      98.72    96.0511     0.0959       4864    6.70386    0.00000    34.9362    34.9382         63 0.0000e+00
     66.000     65.368     5.9596     5.9451  34.303964  34.294061    6.66010     2.4128 5.3466e+01     0.8954     0.0000      98.72    96.1996     0.0956       4985    6.66014    0.00000    34.9375    34.9413         86 0.0000e+00
     68.000     67.348     5.7883     5.7876  34.167937  34.167388    6.64120     2.3990 5.3600e+01     0.7009     0.0000      98.72    96.3369     0.0909       5087    6.64123    0.00000    34.9594    34.9596         73 0.0000e+00
     70.000     69.329     5.7260     5.7273  34.120150  34.121271    6.60964     2.3868 5.3544e+01     0.5204     0.0000      98.71    96.5349     0.0870       5171    6.60968    0.00000    34.9687    34.9686         86 0.0000e+00
     72.000     71.309     5.7107     5.7032  34.112188  34.106783    6.53201     2.3638 5.3725e+01     0.4085     0.0000      98.71    96.6869     0.0870       5270    6.53194    0.00000    34.9744    34.9761        115 0.0000e+00
     74.000     73.290     5.6919     5.6870  34.103005  34.098961    6.47754     2.3471 5.3981e+01     0.3357     0.0000      98.71    96.8696     0.0877       5395    6.47736    0.00000    34.9825    34.9829         76 0.0000e+00
     76.000     75.270     5.7196     5.7086  34.145130  34.136805    6.44728     2.3397 5.4009e+01     0.3444     0.0000      98.71    96.8960     0.0842       5468    6.44708    0.00000    35.0006    35.0025         88 0.0000e+00
     78.000     77.251     5.6213     5.6131  34.056333  34.049565    6.42261     2.3277 5.4062e+01     0.2932     0.0000      98.71    96.9567     0.0836       5564    6.42255    0.00000    35.0006    35.0014         93 0.0000e+00
     80.000     79.231     5.5449     5.5289  33.984390  33.969352    6.39903     2.3171 5.4079e+01     0.1796     0.0000      98.71    97.1094     0.0800       5686    6.39894    0.00000    34.9968    34.9963         83 0.0000e+00
     82.000     81.211     5.5272     5.5265  33.979909  33.978679    6.39497     2.3148 5.4126e+01     0.1297     0.0000      98.71    97.2274     0.0771       5758    6.39488    0.00000    35.0091    35.0084         60 0.0000e+00
     84.000     83.192     5.5098     5.5109  33.970121  33.972406    6.36359     2.3048 5.4127e+01     0.1098     0.0000      98.71    97.2734     0.0784       5866    6.36342    0.00000    35.0149    35.0164         79 0.0000e+00
     86.000     85.172     5.4494     5.4494  33.919167  33.920026    6.35661     2.2997 5.4127e+01     0.0237     0.0000      98.71    97.3909     0.0757       5965    6.35640    0.00000    35.0186    35.0196         51 0.0000e+00
     88.000     87.152     5.4361     5.4265  33.907626  33.899684    6.34445     2.2952 5.4112e+01     0.0157     0.0000      98.71    97.4192     0.0771       6051    6.34436    0.00000    35.0181    35.0191        124 0.0000e+00
     90.000     89.133     5.4228     5.4204  33.897373  33.895314    6.33384     2.2912 5.4154e+01     0.0190     0.0000      98.71    97.4089     0.0753       6162    6.33373    0.00000    35.0191    35.0194         77 0.0000e+00
     92.000     91.113     5.4176     5.4169  33.893186  33.892540    6.32712     2.2886 5.4267e+01    -0.0076     0.0000      98.71    97.4849     0.0731       6262    6.32698    0.00000    35.0188    35.0187         89 0.0000e+00
     94.000     93.093     5.4095     5.4102  33.887159  33.887997    6.32235     2.2865 5.4350e+01    -0.0204     0.0000      98.71    97.4924     0.0755       6341    6.32214    0.00000    35.0193    35.0195         54 0.0000e+00
     96.000     95.074     5.4063     5.4085  33.885510  33.887407    6.31725     2.2845 5.4275e+01    -0.0255     0.0000      98.71    97.4869     0.0753       6463    6.31715    0.00000    35.0197    35.0196         65 0.0000e+00
     98.000     97.054     5.4032     5.4034  33.884466  33.885089    6.32374     2.2857 5.4441e+01    -0.0324     0.0000      98.71    97.4916     0.0730       6579    6.32353    0.00000    35.0207    35.0211         38 0.0000e+00
    100.000     99.034     5.3974     5.3996  33.882400  33.883836    6.31719     2.2832 5.4439e+01    -0.0317     0.0000      98.71    97.5048     0.0769       6736    6.31699    0.00000    35.0232    35.0226         77 0.0000e+00
    102.000    101.014     5.3952     5.3992  33.882393  33.885189    6.31223     2.2812 5.4378e+01    -0.0319     0.0000      98.71    97.5140     0.0761       6918    6.31192    0.00000    35.0245    35.0236         80 0.0000e+00
    104.000    102.994     5.3793     5.3798  33.870716  33.871565    6.30440     2.2779 5.4855e+01    -0.0405     0.0000      98.71    97.5110     0.0730       7608    6.30420    0.00000    35.0267    35.0272         94 0.0000e+00
    106.000    104.974     5.3703     5.3705  33.862866  33.863358    6.30029     2.2759 5.5630e+01    -0.0407     0.0000      98.71    97.5182     0.0730       8205    6.30018    0.00000    35.0260    35.0263         82 0.0000e+00
    108.000    106.955     5.3558     5.3522  33.849428  33.846608    6.29905     2.2744 5.5753e+01    -0.0418     0.0000      98.71    97.5211     0.0754       8271    6.29884    0.00000    35.0246    35.0252         89 0.0000e+00
    110.000    108.935     5.3281     5.3261  33.823487  33.822255    6.29897     2.2727 5.5717e+01    -0.0441     0.0000      98.71    97.5147     0.0749       8379    6.29870    0.00000    35.0227    35.0234         97 0.0000e+00
    112.000    110.915     5.2792     5.2806  33.776314  33.778512    6.30691     2.2722 5.6060e+01    -0.0410     0.0000      98.71    97.5107     0.0787       8464    6.30669    0.00000    35.0185    35.0196         72 0.0000e+00
    114.000    112.895     5.2576     5.2577  33.755776  33.756104    6.31136     2.2720 5.6002e+01    -0.0435     0.0000      98.71    97.5106     0.0764       8573    6.31114    0.00000    35.0165    35.0168         77 0.0000e+00
    116.000    114.875     5.2194     5.2211  33.718992  33.722683    6.31628     2.2711 5.6134e+01    -0.0546     0.0000      98.71    97.4969     0.0753       8671    6.31612    0.00000    35.0130    35.0155         49 0.0000e+00
    118.000    116.855     5.1960     5.1832  33.696343  33.684493    6.32255     2.2713 5.6132e+01    -0.0484     0.0000      98.71    97.5186     0.0769       8741    6.32236    0.00000    35.0103    35.0101         83 0.0000e+00
    120.000    118.835     5.1517     5.1517  33.654808  33.655204    6.32908     2.2706 5.6245e+01    -0.0479     0.0000      98.71    97.5286     0.0765       8861    6.32893    0.00000    35.0078    35.0082         90 0.0000e+00
    122.000    120.815     5.1100     5.1110  33.615684  33.617224    6.33401     2.2696 5.6323e+01    -0.0505     0.0000      98.71    97.5282     0.0811       8958    6.33392    0.00000    35.0051    35.0059         63 0.0000e+00
    124.000    122.795     5.0504     5.0523  33.558201  33.560699    6.33879     2.2677 5.6372e+01    -0.0475     0.0000      98.71    97.5363     0.0757       9032    6.33877    0.00000    35.0001    35.0010         91 0.0000e+00
    126.000    124.775     5.0319     5.0219  33.539939  33.531264    6.33870     2.2663 5.6586e+01    -0.0518     0.0000      98.71    97.5269     0.0760       9145    6.33855    0.00000    34.9974    34.9978        114 0.0000e+00
    128.000    126.755     4.9965     4.9967  33.506659  33.507450    6.33968     2.2645 5.6422e+01    -0.0492     0.0000      98.71    97.4905     0.0744       9249    6.33950    0.00000    34.9949    34.9956        102 0.0000e+00
    130.000    128.735     4.9656     4.9657  33.478175  33.478809    6.34922     2.2650 5.6849e+01    -0.0485     0.0000      98.71    97.5396     0.0757       9328    6.34801    0.00000    34.9932    34.9939         64 0.0000e+00
    132.000    130.715     4.9510     4.9510  33.464977  33.465914    6.34800     2.2638 5.7030e+01    -0.0500     0.0000      98.71    97.5369     0.0753       9430    6.34784    0.00000    34.9921    34.9933         85 0.0000e+00
    134.000    132.695     4.9248     4.9246  33.440935  33.440852    6.34338     2.2609 5.7487e+01    -0.0477     0.0000      98.71    97.5336     0.0751       9539    6.34323    0.00000    34.9907    34.9908         56 0.0000e+00
    136.000    134.674     4.9140     4.9146  33.430954  33.431923    6.34448     2.2602 5.7363e+01    -0.0535     0.0000      98.71    97.5396     0.0753       9608    6.34443    0.00000    34.9894    34.9899         85 0.0000e+00
    138.000    136.654     4.8945     4.8865  33.411535  33.405061    6.34158     2.2580 5.7525e+01    -0.0523     0.0000      98.71    97.5447     0.0750       9723    6.34136    0.00000    34.9864    34.9872        105 0.0000e+00
    140.000    138.634     4.8709     4.8713  33.391245  33.391780    6.34689     2.2580 5.7609e+01    -0.0458     0.0000      98.71    97.5468     0.0778       9831    6.34667    0.00000    34.9865    34.9867         68 0.0000e+00
