Ship_data/Irminger/Irminger-2/ctd/process/OOI/dat30_006.cnv
* Sea-Bird SBE 9 Data File:
* FileName = C:\data\ctd\at30_006.hex
* Software Version Seasave V 7.21f
* Temperature SN = 2265
* Conductivity SN = 3021
* Number of Bytes Per Scan = 40
* Number of Voltage Words = 5
* Number of Scans Averaged by the Deck Unit = 1
* NMEA Latitude = 59 51.06 N
* NMEA Longitude = 039 05.71 W
* NMEA UTC (Time) = Aug 17 2015  17:02:11
# nquan = 21
# nvalues = 507                         
# units = specified
# name 0 = prDM: Pressure, Digiquartz [db]
# name 1 = depSM: Depth [salt water, m]
# name 2 = t090C: Temperature [ITS-90, deg C]
# name 3 = t190C: Temperature, 2 [ITS-90, deg C]
# name 4 = c0mS/cm: Conductivity [mS/cm]
# name 5 = c1mS/cm: Conductivity, 2 [mS/cm]
# name 6 = sbeox0ML/L: Oxygen, SBE 43 [ml/l]
# name 7 = sbeox0V: Oxygen raw, SBE 43 [V]
# name 8 = spar: SPAR/Surface Irradiance
# name 9 = flECO-AFL: Fluorescence, WET Labs ECO-AFL/FL [mg/m^3]
# name 10 = v2: Voltage 2
# name 11 = altM: Altimeter [m]
# name 12 = CStarTr0: Beam Transmission, WET Labs C-Star [%]
# name 13 = turbWETntu0: Turbidity, WET Labs ECO [NTU]
# name 14 = scan: Scan Count
# name 15 = sbeox0ML/L: Oxygen, SBE 43 [ml/l], WS = 2
# name 16 = sbeox0dOV/dT: Oxygen, SBE 43 [dov/dt], WS = 2
# name 17 = sal00: Salinity, Practical [PSU]
# name 18 = sal11: Salinity, Practical, 2 [PSU]
# name 19 = nbin: number of scans per bin
# name 20 = flag: flag
# span 0 =      2.000,   1014.000       
# span 1 =      1.981,   1002.005       
# span 2 =     3.6114,     8.6155       
# span 3 =     3.6122,     8.6160       
# span 4 =  32.405350,  36.671761       
# span 5 =  32.405473,  36.671438       
# span 6 =    6.47118,    6.92520       
# span 7 =     2.0769,     2.5441       
# span 8 = 4.6044e+02, 5.7117e+02       
# span 9 =    -0.0332,     1.7924       
# span 10 =     0.0000,     0.0000      
# span 11 =      73.06,      98.80      
# span 12 =    93.5882,    97.6829      
# span 13 =     0.0738,     0.1283      
# span 14 =        254,      38080      
# span 15 =    6.47095,    6.92567      
# span 16 =    0.00000,    0.00000      
# span 17 =    34.8681,    34.9199      
# span 18 =    34.8691,    34.9209      
# span 19 =         16,        122      
# span 20 = 0.0000e+00, 0.0000e+00      
# interval = decibars: 2                
# start_time = Aug 17 2015 17:02:11 [NMEA time, header]
# bad_flag = -9.990e-29
*END*
[from data line 414]
    830.000    820.542     3.6517     3.6521  32.521983  32.522443    6.64869     2.1302 4.9888e+02    -0.0231     0.0000      98.78    97.6465     0.0786      26947    6.64876    0.00000    34.8882    34.8883         57 0.0000e+00
    832.000    822.515     3.6510     3.6513  32.522194  32.522606    6.65076     2.1302 4.9799e+02    -0.0224     0.0000      98.78    97.6584     0.0782      26997    6.65067    0.00000    34.8882    34.8883         43 0.0000e+00
    834.000    824.489     3.6533     3.6536  32.525368  32.525642    6.65159     2.1301 4.9798e+02    -0.0224     0.0000      98.78    97.6524     0.0780      27039    6.65136    0.00000    34.8884    34.8885         47 0.0000e+00
    836.000    826.462     3.6549     3.6552  32.527800  32.528191    6.64901     2.1291 4.9795e+02    -0.0228     0.0000      98.78    97.6585     0.0780      27096    6.64882    0.00000    34.8887    34.8887         59 0.0000e+00
    838.000    828.435     3.6551     3.6555  32.528955  32.529412    6.65045     2.1290 4.9745e+02    -0.0228     0.0000      98.78    97.6539     0.0780      27145    6.65022    0.00000    34.8887    34.8888         42 0.0000e+00
    840.000    830.408     3.6559     3.6562  32.530771  32.531016    6.64961     2.1285 4.9818e+02    -0.0226     0.0000      98.78    97.6507     0.0780      27186    6.64940    0.00000    34.8890    34.8890         43 0.0000e+00
    842.000    832.382     3.6560     3.6563  32.531558  32.531894    6.64510     2.1270 4.9861e+02    -0.0227     0.0000      98.78    97.6539     0.0780      27240    6.64499    0.00000    34.8888    34.8889         66 0.0000e+00
    844.000    834.355     3.6564     3.6569  32.532900  32.533391    6.64517     2.1266 4.9834e+02    -0.0231     0.0000      98.78    97.6540     0.0780      27299    6.64504    0.00000    34.8889    34.8890         44 0.0000e+00
    846.000    836.328     3.6569     3.6574  32.534293  32.534782    6.64704     2.1266 4.9772e+02    -0.0229     0.0000      98.78    97.6473     0.0780      27336    6.64687    0.00000    34.8890    34.8891         37 0.0000e+00
    848.000    838.301     3.6579     3.6583  32.536110  32.536512    6.64294     2.1253 4.9847e+02    -0.0227     0.0000      98.78    97.6516     0.0780      27385    6.64282    0.00000    34.8891    34.8891         64 0.0000e+00
    850.000    840.274     3.6619     3.6622  32.541107  32.541416    6.63945     2.1242 4.9969e+02    -0.0225     0.0000      98.78    97.6636     0.0780      27447    6.63910    0.00000    34.8898    34.8898         51 0.0000e+00
    852.000    842.247     3.6622     3.6625  32.542224  32.542676    6.64079     2.1241 4.9961e+02    -0.0233     0.0000      98.78    97.6585     0.0780      27491    6.64060    0.00000    34.8898    34.8900         41 0.0000e+00
    854.000    844.220     3.6600     3.6601  32.541003  32.541231    6.63728     2.1228 5.0019e+02    -0.0224     0.0000      98.78    97.6528     0.0780      27534    6.63719    0.00000    34.8896    34.8897         48 0.0000e+00
    856.000    846.193     3.6584     3.6590  32.540072  32.540736    6.62732     2.1199 5.0205e+02    -0.0227     0.0000      98.78    97.6627     0.0780      27592    6.62727    0.00000    34.8891    34.8892         61 0.0000e+00
    858.000    848.166     3.6597     3.6601  32.542378  32.542718    6.62588     2.1193 5.0329e+02    -0.0231     0.0000      98.78    97.6662     0.0780      27641    6.62626    0.00000    34.8895    34.8895         41 0.0000e+00
    860.000    850.140     3.6625     3.6631  32.546142  32.546655    6.62764     2.1193 5.0332e+02    -0.0224     0.0000      98.78    97.6608     0.0780      27681    6.62745    0.00000    34.8900    34.8899         42 0.0000e+00
    862.000    852.112     3.6663     3.6665  32.550922  32.551260    6.62752     2.1190 5.0404e+02    -0.0222     0.0000      98.78    97.6627     0.0785      27731    6.62731    0.00000    34.8906    34.8907         56 0.0000e+00
    864.000    854.085     3.6659     3.6665  32.551409  32.552037    6.62411     2.1178 5.0491e+02    -0.0231     0.0000      98.78    97.6669     0.0784      27786    6.62395    0.00000    34.8905    34.8906         54 0.0000e+00
    866.000    856.058     3.6662     3.6666  32.552560  32.552925    6.61948     2.1163 5.0490e+02    -0.0224     0.0000      98.78    97.6749     0.0780      27841    6.61943    0.00000    34.8905    34.8905         51 0.0000e+00
    868.000    858.031     3.6660     3.6664  32.553269  32.553669    6.61698     2.1153 5.0411e+02    -0.0222     0.0000      98.78    97.6594     0.0780      27886    6.61686    0.00000    34.8905    34.8906         43 0.0000e+00
    870.000    860.004     3.6648     3.6652  32.552844  32.553302    6.61389     2.1140 5.0322e+02    -0.0234     0.0000      98.78    97.6659     0.0780      27935    6.61364    0.00000    34.8902    34.8904         55 0.0000e+00
    872.000    861.977     3.6645     3.6649  32.553478  32.553873    6.61217     2.1132 5.0323e+02    -0.0231     0.0000      98.78    97.6557     0.0780      27984    6.61191    0.00000    34.8903    34.8903         42 0.0000e+00
    874.000    863.950     3.6652     3.6656  32.554958  32.555322    6.61251     2.1129 5.0305e+02    -0.0231     0.0000      98.78    97.6608     0.0780      28029    6.61222    0.00000    34.8903    34.8903         56 0.0000e+00
    876.000    865.923     3.6658     3.6662  32.556460  32.556891    6.61436     2.1130 5.0209e+02    -0.0224     0.0000      98.78    97.6690     0.0780      28090    6.61429    0.00000    34.8904    34.8905         52 0.0000e+00
    878.000    867.896     3.6641     3.6646  32.555603  32.556347    6.61785     2.1133 5.0149e+02    -0.0226     0.0000      98.78    97.6681     0.0780      28132    6.61781    0.00000    34.8902    34.8905         39 0.0000e+00
    880.000    869.868     3.6615     3.6620  32.553898  32.554516    6.61510     2.1121 5.0115e+02    -0.0225     0.0000      98.78    97.6635     0.0780      28176    6.61487    0.00000    34.8898    34.8900         51 0.0000e+00
    882.000    871.841     3.6612     3.6616  32.554405  32.554847    6.61243     2.1110 5.0153e+02    -0.0227     0.0000      98.78    97.6667     0.0780      28232    6.61222    0.00000    34.8897    34.8898         58 0.0000e+00
    884.000    873.814     3.6604     3.6607  32.554502  32.554871    6.61698     2.1117 5.0114e+02    -0.0222     0.0000      98.78    97.6639     0.0780      28284    6.61684    0.00000    34.8896    34.8898         47 0.0000e+00
    886.000    875.787     3.6595     3.6598  32.554408  32.554821    6.61850     2.1116 5.0094e+02    -0.0228     0.0000      98.78    97.6653     0.0780      28332    6.61846    0.00000    34.8894    34.8897         50 0.0000e+00
    888.000    877.760     3.6592     3.6596  32.555110  32.555430    6.61666     2.1108 5.0085e+02    -0.0229     0.0000      98.78    97.6671     0.0780      28383    6.61662    0.00000    34.8895    34.8895         49 0.0000e+00
    890.000    879.732     3.6595     3.6599  32.556232  32.556656    6.61895     2.1109 5.0082e+02    -0.0222     0.0000      98.78    97.6704     0.0780      28429    6.61888    0.00000    34.8896    34.8896         45 0.0000e+00
    892.000    881.705     3.6598     3.6602  32.557326  32.557724    6.62212     2.1112 5.0114e+02    -0.0222     0.0000      98.78    97.6580     0.0780      28475    6.62198    0.00000    34.8895    34.8896         46 0.0000e+00
    894.000    883.678     3.6597     3.6601  32.558158  32.558569    6.62375     2.1112 5.0079e+02    -0.0225     0.0000      98.78    97.6622     0.0780      28523    6.62357    0.00000    34.8895    34.8896         51 0.0000e+00
    896.000    885.650     3.6591     3.6592  32.558368  32.558629    6.62584     2.1113 5.0089e+02    -0.0223     0.0000      98.78    97.6721     0.0780      28576    6.62562    0.00000    34.8894    34.8896         55 0.0000e+00
    898.000    887.623     3.6583     3.6587  32.558402  32.558937    6.62483     2.1106 5.0098e+02    -0.0222     0.0000      98.78    97.6741     0.0780      28629    6.62463    0.00000    34.8893    34.8895         50 0.0000e+00
    900.000    889.596     3.6523     3.6524  32.553257  32.553563    6.62230     2.1093 5.0103e+02    -0.0226     0.0000      98.78    97.6666     0.0780      28679    6.62216    0.00000    34.8884    34.8887         52 0.0000e+00
    902.000    891.568     3.6497     3.6501  32.551493  32.551867    6.61965     2.1081 5.0057e+02    -0.0230     0.0000      98.78    97.6260     0.0780      28730    6.61959    0.00000    34.8880    34.8881         47 0.0000e+00
    904.000    893.541     3.6495     3.6498  32.552038  32.552447    6.62090     2.1080 4.9922e+02    -0.0228     0.0000      98.78    97.6645     0.0780      28774    6.62080    0.00000    34.8879    34.8880         42 0.0000e+00
    906.000    895.513     3.6496     3.6500  32.553008  32.553402    6.62194     2.1079 4.9777e+02    -0.0230     0.0000      98.78    97.6645     0.0780      28817    6.62182    0.00000    34.8879    34.8880         46 0.0000e+00
    908.000    897.486     3.6499     3.6503  32.554202  32.554556    6.62373     2.1079 4.9857e+02    -0.0229     0.0000      98.78    97.6698     0.0780      28867    6.62356    0.00000    34.8880    34.8880         53 0.0000e+00
    910.000    899.459     3.6504     3.6507  32.555632  32.555833    6.62620     2.1081 4.9890e+02    -0.0230     0.0000      98.78    97.6704     0.0780      28920    6.62595    0.00000    34.8881    34.8880         54 0.0000e+00
    912.000    901.431     3.6511     3.6515  32.557097  32.557531    6.62560     2.1075 4.9929e+02    -0.0229     0.0000      98.78    97.6714     0.0780      28979    6.62538    0.00000    34.8881    34.8882         58 0.0000e+00
    914.000    903.403     3.6517     3.6520  32.558625  32.558979    6.62945     2.1081 4.9933e+02    -0.0231     0.0000      98.78    97.6734     0.0780      29025    6.62935    0.00000    34.8883    34.8883         38 0.0000e+00
    916.000    905.376     3.6519     3.6523  32.559794  32.560142    6.62159     2.1058 4.9873e+02    -0.0234     0.0000      98.78    97.6661     0.0780      29063    6.62143    0.00000    34.8883    34.8884         43 0.0000e+00
    918.000    907.349     3.6521     3.6525  32.560668  32.561106    6.61672     2.1043 4.9964e+02    -0.0225     0.0000      98.78    97.6611     0.0780      29117    6.61664    0.00000    34.8882    34.8883         61 0.0000e+00
    920.000    909.321     3.6509     3.6511  32.560404  32.560740    6.62233     2.1051 5.0096e+02    -0.0227     0.0000      98.78    97.6707     0.0780      29172    6.62214    0.00000    34.8881    34.8882         47 0.0000e+00
    922.000    911.294     3.6476     3.6481  32.557910  32.558557    6.62409     2.1050 5.0069e+02    -0.0224     0.0000      98.78    97.6726     0.0780      29215    6.62388    0.00000    34.8876    34.8878         41 0.0000e+00
    924.000    913.266     3.6457     3.6462  32.556849  32.557457    6.62248     2.1041 5.0048e+02    -0.0225     0.0000      98.78    97.6700     0.0780      29258    6.62232    0.00000    34.8873    34.8875         48 0.0000e+00
    926.000    915.238     3.6458     3.6460  32.557722  32.557968    6.62179     2.1035 5.0137e+02    -0.0232     0.0000      98.78    97.6707     0.0780      29317    6.62159    0.00000    34.8872    34.8873         63 0.0000e+00
    928.000    917.211     3.6460     3.6463  32.558814  32.559176    6.62577     2.1041 5.0132e+02    -0.0221     0.0000      98.78    97.6727     0.0780      29369    6.62556    0.00000    34.8873    34.8874         44 0.0000e+00
    930.000    919.183     3.6465     3.6470  32.560322  32.560800    6.62487     2.1034 5.0170e+02    -0.0231     0.0000      98.78    97.6674     0.0780      29415    6.62464    0.00000    34.8875    34.8875         50 0.0000e+00
    932.000    921.155     3.6470     3.6474  32.561664  32.562041    6.62574     2.1033 5.0150e+02    -0.0233     0.0000      98.78    97.6749     0.0780      29463    6.62545    0.00000    34.8875    34.8875         43 0.0000e+00
    934.000    923.128     3.6474     3.6477  32.562842  32.563249    6.62802     2.1035 5.0150e+02    -0.0225     0.0000      98.78    97.6658     0.0780      29506    6.62795    0.00000    34.8875    34.8876         50 0.0000e+00
    936.000    925.100     3.6466     3.6473  32.562937  32.563663    6.62550     2.1024 5.0264e+02    -0.0229     0.0000      98.78    97.6680     0.0780      29565    6.62524    0.00000    34.8874    34.8875         58 0.0000e+00
    938.000    927.072     3.6439     3.6443  32.561164  32.561623    6.62758     2.1024 5.0285e+02    -0.0233     0.0000      98.78    97.6678     0.0780      29613    6.62749    0.00000    34.8871    34.8872         43 0.0000e+00
    940.000    929.045     3.6425     3.6425  32.560528  32.560599    6.62737     2.1018 5.0322e+02    -0.0226     0.0000      98.78    97.6592     0.0780      29655    6.62719    0.00000    34.8868    34.8869         43 0.0000e+00
    942.000    931.017     3.6414     3.6419  32.560278  32.560773    6.62650     2.1011 5.0299e+02    -0.0225     0.0000      98.78    97.6673     0.0780      29705    6.62622    0.00000    34.8867    34.8867         60 0.0000e+00
    944.000    932.989     3.6398     3.6402  32.559465  32.559975    6.62644     2.1007 5.0300e+02    -0.0230     0.0000      98.78    97.6683     0.0780      29768    6.62629    0.00000    34.8864    34.8865         56 0.0000e+00
    946.000    934.961     3.6383     3.6389  32.558942  32.559511    6.62994     2.1010 5.0222e+02    -0.0223     0.0000      98.78    97.6690     0.0780      29813    6.62983    0.00000    34.8862    34.8864         38 0.0000e+00
    948.000    936.933     3.6372     3.6374  32.558619  32.558915    6.62844     2.1002 5.0130e+02    -0.0228     0.0000      98.78    97.6692     0.0780      29850    6.62832    0.00000    34.8861    34.8861         38 0.0000e+00
    950.000    938.906     3.6360     3.6365  32.558135  32.558685    6.63026     2.1002 5.0136e+02    -0.0225     0.0000      98.78    97.6601     0.0780      29901    6.63012    0.00000    34.8857    34.8858         67 0.0000e+00
    952.000    940.878     3.6360     3.6366  32.559181  32.559725    6.63103     2.1002 5.0100e+02    -0.0228     0.0000      98.78    97.6467     0.0780      29963    6.63199    0.00000    34.8859    34.8859         49 0.0000e+00
    954.000    942.850     3.6358     3.6361  32.559837  32.560139    6.63420     2.1003 4.9994e+02    -0.0226     0.0000      98.78    97.6580     0.0780      30005    6.63399    0.00000    34.8859    34.8859         40 0.0000e+00
    956.000    944.822     3.6359     3.6363  32.560660  32.561143    6.63128     2.0992 4.9943e+02    -0.0224     0.0000      98.78    97.6550     0.0780      30053    6.63117    0.00000    34.8857    34.8858         60 0.0000e+00
    958.000    946.794     3.6369     3.6372  32.562591  32.562927    6.62701     2.0978 4.9912e+02    -0.0220     0.0000      98.78    97.6136     0.0780      30111    6.62675    0.00000    34.8860    34.8860         48 0.0000e+00
    960.000    948.766     3.6386     3.6390  32.565288  32.565669    6.62891     2.0978 4.9821e+02    -0.0226     0.0000      98.78    97.6700     0.0780      30153    6.62825    0.00000    34.8863    34.8864         41 0.0000e+00
    962.000    950.738     3.6386     3.6389  32.566175  32.566520    6.62904     2.0975 4.9726e+02    -0.0225     0.0000      98.78    97.5552     0.0780      30197    6.62869    0.00000    34.8863    34.8864         46 0.0000e+00
    964.000    952.710     3.6385     3.6389  32.566948  32.567287    6.62055     2.0951 4.9660e+02    -0.0222     0.0000      98.78    97.6215     0.0780      30244    6.62039    0.00000    34.8863    34.8863         51 0.0000e+00
