Ship_data/Irminger/Irminger-2/ctd/process/OOI/dat30_004.cnv
* Sea-Bird SBE 9 Data File:
* FileName = C:\data\ctd\at30_004.hex
* Software Version Seasave V 7.21f
* Temperature SN = 2265
* Conductivity SN = 3021
* Number of Bytes Per Scan = 40
* Number of Voltage Words = 5
* Number of Scans Averaged by the Deck Unit = 1
* NMEA Latitude = 59 57.06 N
* NMEA Longitude = 039 25.14 W
* NMEA UTC (Time) = Aug 14 2015  14:16:48
# nquan = 21
# nvalues = 1366                        
# units = specified
# name 0 = prDM: Pressure, Digiquartz [db]
# name 1 = depSM: Depth [salt water, m]
# name 2 = t090C: Temperature [ITS-90, deg C]
# name 3 = t190C: Temperature, 2 [ITS-90, deg C]
# name 4 = c0mS/cm: Conductivity [mS/cm]
# name 5 = c1mS/cm: Conductivity, 2 [mS/cm]
# name 6 = sbeox0ML/L: Oxygen, SBE 43 [ml/l]
# name 7 = sbeox0V: Oxygen raw, SBE 43 [V]
# name 8 = spar: SPAR/Surface Irradiance
# name 9 = flECO-AFL: Fluorescence, WET Labs ECO-AFL/FL [mg/m^3]
# name 10 = v2: Voltage 2
# name 11 = altM: Altimeter [m]
# name 12 = CStarTr0: Beam Transmission, WET Labs C-Star [%]
# name 13 = turbWETntu0: Turbidity, WET Labs ECO [NTU]
# name 14 = scan: Scan Count
# name 15 = sbeox0ML/L: Oxygen, SBE 43 [ml/l], WS = 2
# name 16 = sbeox0dOV/dT: Oxygen, SBE 43 [dov/dt], WS = 2
# name 17 = sal00: Salinity, Practical [PSU]
# name 18 = sal11: Salinity, Practical, 2 [PSU]
# name 19 = nbin: number of scans per bin
# name 20 = flag: flag
# span 0 =      2.000,   2732.000       
# span 1 =      1.981,   2688.787       
# span 2 =     1.4235,     8.1913       
# span 3 =     1.4242,     8.2112       
# span 4 =  31.342791,  36.248202       
# span 5 =  31.343008,  36.267330       
# span 6 =    6.01862,    7.04061       
# span 7 =     1.6880,     2.5253       
# span 8 = 2.6032e+02, 1.7497e+03       
# span 9 =    -0.0312,     1.5888       
# span 10 =     0.0000,     0.0000      
# span 11 =      10.85,      98.78      
# span 12 =    93.7189,    97.4082      
# span 13 =     0.0763,     0.1317      
# span 14 =       -198,      86377      
# span 15 =    6.01880,    7.04120      
# span 16 =    0.00000,    0.00000      
# span 17 =    34.8472,    34.9315      
# span 18 =    34.8462,    34.9308      
# span 19 =         23,        137      
# span 20 = 0.0000e+00, 0.0000e+00      
# interval = decibars: 2                
# start_time = Aug 14 2015 14:16:48 [NMEA time, header]
# bad_flag = -9.990e-29
*END*
[from data line 552]
   1106.000   1092.669     3.4372     3.4378  32.429431  32.430022    6.58052     2.0482 3.6216e+02    -0.0227     0.0000      98.78    97.3130     0.0780      43189    6.58025    0.00000    34.8628    34.8629         37 0.0000e+00
   1108.000   1094.640     3.4376     3.4380  32.430596  32.430959    6.57619     2.0468 3.5121e+02    -0.0224     0.0000      98.78    97.3094     0.0780      43237    6.57602    0.00000    34.8628    34.8628         56 0.0000e+00
   1110.000   1096.610     3.4377     3.4380  32.431743  32.431898    6.57060     2.0452 3.4450e+02    -0.0228     0.0000      98.78    97.3055     0.0780      43312    6.57055    0.00000    34.8630    34.8629         40 0.0000e+00
   1112.000   1098.581     3.4379     3.4384  32.432837  32.433116    6.57321     2.0454 3.4326e+02    -0.0228     0.0000      98.78    97.2913     0.0780      43343    6.57309    0.00000    34.8631    34.8630         31 0.0000e+00
   1114.000   1100.552     3.4385     3.4389  32.434313  32.434643    6.57236     2.0448 3.4523e+02    -0.0233     0.0000      98.78    97.3044     0.0780      43374    6.57228    0.00000    34.8632    34.8632         32 0.0000e+00
   1116.000   1102.522     3.4369     3.4371  32.433509  32.433649    6.56931     2.0436 3.4859e+02    -0.0223     0.0000      98.78    97.3111     0.0780      43409    6.56917    0.00000    34.8630    34.8629         41 0.0000e+00
   1118.000   1104.493     3.4362     3.4370  32.433613  32.434308    6.56341     2.0418 3.5041e+02    -0.0236     0.0000      98.78    97.3172     0.0780      43476    6.56324    0.00000    34.8627    34.8627         79 0.0000e+00
   1120.000   1106.463     3.4368     3.4373  32.435185  32.435498    6.56473     2.0417 3.4824e+02    -0.0234     0.0000      98.78    97.3122     0.0780      43534    6.56446    0.00000    34.8630    34.8629         45 0.0000e+00
   1122.000   1108.434     3.4374     3.4378  32.436651  32.436849    6.56942     2.0425 3.4726e+02    -0.0226     0.0000      98.78    97.3067     0.0780      43576    6.56936    0.00000    34.8631    34.8629         40 0.0000e+00
   1124.000   1110.405     3.4394     3.4396  32.439614  32.439669    6.57094     2.0425 3.4836e+02    -0.0224     0.0000      98.78    97.3131     0.0780      43617    6.57083    0.00000    34.8635    34.8633         44 0.0000e+00
   1126.000   1112.375     3.4396     3.4399  32.440652  32.440871    6.57069     2.0421 3.4882e+02    -0.0233     0.0000      98.78    97.3138     0.0780      43660    6.57059    0.00000    34.8635    34.8634         42 0.0000e+00
   1128.000   1114.345     3.4402     3.4407  32.442193  32.442488    6.56853     2.0412 3.4889e+02    -0.0230     0.0000      98.78    97.3115     0.0780      43708    6.56846    0.00000    34.8636    34.8635         56 0.0000e+00
   1130.000   1116.316     3.4419     3.4423  32.444873  32.445225    6.56259     2.0395 3.4938e+02    -0.0225     0.0000      98.78    97.2882     0.0780      43764    6.56238    0.00000    34.8641    34.8640         51 0.0000e+00
   1132.000   1118.286     3.4411     3.4415  32.445006  32.445308    6.55644     2.0377 3.4883e+02    -0.0227     0.0000      98.78    97.2988     0.0780      43814    6.55623    0.00000    34.8640    34.8639         53 0.0000e+00
   1134.000   1120.257     3.4411     3.4415  32.445823  32.446155    6.55413     2.0368 3.4877e+02    -0.0234     0.0000      98.78    97.3126     0.0780      43864    6.55396    0.00000    34.8640    34.8639         44 0.0000e+00
   1136.000   1122.227     3.4401     3.4405  32.445699  32.446007    6.55569     2.0367 3.4882e+02    -0.0223     0.0000      98.78    97.3223     0.0780      43904    6.55549    0.00000    34.8639    34.8638         37 0.0000e+00
   1138.000   1124.198     3.4400     3.4404  32.446406  32.446727    6.55275     2.0356 3.4882e+02    -0.0225     0.0000      98.78    97.3155     0.0780      43945    6.55262    0.00000    34.8638    34.8637         47 0.0000e+00
   1140.000   1126.168     3.4391     3.4395  32.446396  32.446717    6.55115     2.0347 3.4859e+02    -0.0222     0.0000      98.78    97.3136     0.0780      43997    6.55064    0.00000    34.8637    34.8636         53 0.0000e+00
   1142.000   1128.138     3.4380     3.4383  32.446197  32.446412    6.55169     2.0344 3.4937e+02    -0.0230     0.0000      98.78    97.3199     0.0780      44047    6.55116    0.00000    34.8636    34.8635         48 0.0000e+00
   1144.000   1130.109     3.4368     3.4374  32.445851  32.446320    6.55301     2.0344 3.4900e+02    -0.0229     0.0000      98.78    97.3274     0.0780      44093    6.55301    0.00000    34.8635    34.8634         46 0.0000e+00
   1146.000   1132.079     3.4360     3.4364  32.445891  32.446088    6.55376     2.0341 3.4941e+02    -0.0229     0.0000      98.78    97.3149     0.0780      44147    6.55358    0.00000    34.8633    34.8631         61 0.0000e+00
   1148.000   1134.049     3.4351     3.4354  32.445833  32.445944    6.55348     2.0336 3.4973e+02    -0.0227     0.0000      98.78    97.2984     0.0780      44198    6.55330    0.00000    34.8632    34.8631         38 0.0000e+00
   1150.000   1136.020     3.4344     3.4345  32.445944  32.446079    6.55364     2.0332 3.4728e+02    -0.0225     0.0000      98.78    97.2993     0.0780      44233    6.55346    0.00000    34.8631    34.8631         34 0.0000e+00
   1152.000   1137.990     3.4326     3.4328  32.445012  32.445065    6.55124     2.0322 3.4896e+02    -0.0232     0.0000      98.78    97.3034     0.0780      44281    6.55113    0.00000    34.8628    34.8627         61 0.0000e+00
   1154.000   1139.960     3.4304     3.4308  32.443820  32.443902    6.55266     2.0320 3.5028e+02    -0.0220     0.0000      98.78    97.3276     0.0780      44359    6.55250    0.00000    34.8627    34.8624         45 0.0000e+00
   1156.000   1141.930     3.4328     3.4330  32.447051  32.447173    6.55618     2.0325 3.4528e+02    -0.0226     0.0000      98.78    97.3230     0.0780      44394    6.55595    0.00000    34.8630    34.8630         33 0.0000e+00
   1158.000   1143.900     3.4359     3.4362  32.451125  32.451246    6.55989     2.0332 3.4575e+02    -0.0228     0.0000      98.78    97.3170     0.0780      44426    6.55989    0.00000    34.8636    34.8634         34 0.0000e+00
   1160.000   1145.871     3.4352     3.4355  32.451174  32.451357    6.55689     2.0321 3.5017e+02    -0.0226     0.0000      98.78    97.3112     0.0780      44477    6.55698    0.00000    34.8634    34.8633         60 0.0000e+00
   1162.000   1147.841     3.4354     3.4357  32.452300  32.452544    6.55304     2.0307 3.4743e+02    -0.0228     0.0000      98.78    97.3157     0.0780      44551    6.55278    0.00000    34.8635    34.8635         41 0.0000e+00
   1164.000   1149.811     3.4357     3.4360  32.453453  32.453750    6.55453     2.0308 3.4507e+02    -0.0226     0.0000      98.78    97.3126     0.0780      44584    6.55466    0.00000    34.8635    34.8636         33 0.0000e+00
   1166.000   1151.781     3.4351     3.4350  32.453734  32.453569    6.55112     2.0295 3.4701e+02    -0.0226     0.0000      98.78    97.3184     0.0780      44619    6.55096    0.00000    34.8634    34.8634         42 0.0000e+00
   1168.000   1153.752     3.4332     3.4340  32.452693  32.453265    6.54342     2.0274 3.5108e+02    -0.0226     0.0000      98.78    97.3136     0.0780      44693    6.54358    0.00000    34.8632    34.8630         70 0.0000e+00
   1170.000   1155.722     3.4358     3.4356  32.456240  32.455954    6.54404     2.0272 3.5060e+02    -0.0233     0.0000      98.78    97.3058     0.0780      44742    6.54413    0.00000    34.8637    34.8636         36 0.0000e+00
   1172.000   1157.692     3.4337     3.4332  32.454992  32.454576    6.54735     2.0272 3.4927e+02    -0.0225     0.0000      98.78    97.3151     0.0780      44777    6.54608    0.00000    34.8634    34.8635         37 0.0000e+00
   1174.000   1159.662     3.4277     3.4289  32.449782  32.450780    6.54889     2.0271 3.4696e+02    -0.0230     0.0000      98.78    97.3094     0.0780      44820    6.54873    0.00000    34.8625    34.8625         47 0.0000e+00
   1176.000   1161.632     3.4249     3.4257  32.447633  32.448375    6.54785     2.0264 3.4655e+02    -0.0230     0.0000      98.78    97.3177     0.0780      44867    6.54774    0.00000    34.8619    34.8619         47 0.0000e+00
   1178.000   1163.602     3.4243     3.4248  32.447846  32.448254    6.54924     2.0260 3.5000e+02    -0.0230     0.0000      98.78    97.3160     0.0780      44917    6.54799    0.00000    34.8618    34.8617         54 0.0000e+00
   1180.000   1165.572     3.4241     3.4247  32.448463  32.448888    6.54985     2.0260 3.4968e+02    -0.0231     0.0000      98.78    97.3060     0.0780      44972    6.54964    0.00000    34.8617    34.8615         56 0.0000e+00
   1182.000   1167.542     3.4252     3.4265  32.450448  32.451657    6.55031     2.0258 3.4783e+02    -0.0224     0.0000      98.78    97.3109     0.0780      45036    6.55009    0.00000    34.8619    34.8619         66 0.0000e+00
   1184.000   1169.512     3.4271     3.4281  32.453406  32.453966    6.55223     2.0259 3.4747e+02    -0.0223     0.0000      98.78    97.3294     0.0780      45086    6.55192    0.00000    34.8624    34.8621         36 0.0000e+00
   1186.000   1171.482     3.4255     3.4262  32.452647  32.453800    6.55502     2.0261 3.4766e+02    -0.0226     0.0000      98.78    97.3156     0.0780      45119    6.55483    0.00000    34.8621    34.8628         33 0.0000e+00
   1188.000   1173.452     3.4223     3.4204  32.450136  32.448064    6.55516     2.0256 3.4873e+02    -0.0228     0.0000      98.78    97.3174     0.0780      45154    6.55507    0.00000    34.8616    34.8611         40 0.0000e+00
   1190.000   1175.422     3.4205     3.4206  32.449133  32.449045    6.55421     2.0249 3.4887e+02    -0.0227     0.0000      98.78    97.3121     0.0780      45209    6.55395    0.00000    34.8613    34.8610         70 0.0000e+00
   1192.000   1177.392     3.4231     3.4250  32.452808  32.454315    6.55671     2.0252 3.4888e+02    -0.0228     0.0000      98.78    97.3148     0.0780      45282    6.55668    0.00000    34.8619    34.8616         71 0.0000e+00
   1194.000   1179.361     3.4250     3.4252  32.455682  32.455763    6.55659     2.0249 3.4907e+02    -0.0230     0.0000      98.78    97.3167     0.0780      45339    6.55653    0.00000    34.8623    34.8621         41 0.0000e+00
   1196.000   1181.331     3.4266     3.4268  32.458295  32.458246    6.55384     2.0239 3.4662e+02    -0.0223     0.0000      98.78    97.3154     0.0780      45374    6.55383    0.00000    34.8626    34.8623         33 0.0000e+00
   1198.000   1183.301     3.4272     3.4277  32.459729  32.459983    6.55238     2.0232 3.4653e+02    -0.0229     0.0000      98.78    97.3038     0.0780      45408    6.55225    0.00000    34.8627    34.8625         35 0.0000e+00
   1200.000   1185.271     3.4273     3.4279  32.460636  32.461092    6.55091     2.0225 3.4871e+02    -0.0228     0.0000      98.78    97.3120     0.0780      45448    6.55062    0.00000    34.8626    34.8625         47 0.0000e+00
   1202.000   1187.241     3.4277     3.4283  32.461812  32.462274    6.54737     2.0213 3.4916e+02    -0.0226     0.0000      98.78    97.3167     0.0780      45510    6.54716    0.00000    34.8626    34.8625         83 0.0000e+00
   1204.000   1189.211     3.4286     3.4290  32.463642  32.463757    6.54250     2.0198 3.4924e+02    -0.0227     0.0000      98.78    97.3215     0.0780      45589    6.54231    0.00000    34.8628    34.8625         58 0.0000e+00
   1206.000   1191.180     3.4314     3.4317  32.467386  32.467471    6.54463     2.0200 3.4892e+02    -0.0225     0.0000      98.78    97.3106     0.0780      45633    6.54439    0.00000    34.8633    34.8631         37 0.0000e+00
   1208.000   1193.150     3.4413     3.4412  32.478634  32.477890    6.54257     2.0196 3.4673e+02    -0.0230     0.0000      98.78    97.2832     0.0780      45668    6.54231    0.00000    34.8653    34.8644         34 0.0000e+00
   1210.000   1195.120     3.4457     3.4466  32.484112  32.484622    6.53973     2.0188 3.4500e+02    -0.0234     0.0000      98.78    97.3156     0.0780      45702    6.53949    0.00000    34.8661    34.8658         35 0.0000e+00
   1212.000   1197.090     3.4473     3.4479  32.486544  32.486888    6.53400     2.0172 3.4772e+02    -0.0234     0.0000      98.78    97.3150     0.0780      45751    6.53383    0.00000    34.8662    34.8661         49 0.0000e+00
   1214.000   1199.059     3.4497     3.4500  32.490029  32.489965    6.51803     2.0132 3.4959e+02    -0.0231     0.0000      98.78    97.3175     0.0780      45863    6.51783    0.00000    34.8669    34.8665         37 0.0000e+00
   1216.000   1201.029     3.4537     3.4540  32.495112  32.495174    6.52064     2.0136 3.4587e+02    -0.0232     0.0000      98.78    97.3165     0.0780      45893    6.52036    0.00000    34.8677    34.8675         34 0.0000e+00
   1218.000   1202.998     3.4549     3.4562  32.497280  32.498086    6.51932     2.0130 3.6510e+02    -0.0232     0.0000      98.78    97.3206     0.0780      45927    6.51909    0.00000    34.8680    34.8676         34 0.0000e+00
   1220.000   1204.968     3.4593     3.4598  32.502419  32.502776    6.51522     2.0118 3.5756e+02    -0.0227     0.0000      98.78    97.3168     0.0780      45963    6.51503    0.00000    34.8685    34.8684         38 0.0000e+00
   1222.000   1206.938     3.4622     3.4619  32.506389  32.505892    6.50011     2.0081 3.5039e+02    -0.0236     0.0000      98.78    97.3274     0.0780      46038    6.50001    0.00000    34.8691    34.8688         60 0.0000e+00
   1224.000   1208.907     3.4639     3.4643  32.509166  32.509136    6.49014     2.0056 3.4652e+02    -0.0230     0.0000      98.78    97.3263     0.0780      46099    6.49008    0.00000    34.8696    34.8692         34 0.0000e+00
   1226.000   1210.877     3.4658     3.4661  32.511989  32.512020    6.49022     2.0053 3.4487e+02    -0.0237     0.0000      98.78    97.3170     0.0780      46132    6.49011    0.00000    34.8699    34.8697         32 0.0000e+00
   1228.000   1212.847     3.4704     3.4714  32.517794  32.518065    6.48986     2.0050 3.4493e+02    -0.0238     0.0000      98.78    97.3235     0.0780      46164    6.48973    0.00000    34.8709    34.8703         34 0.0000e+00
   1230.000   1214.816     3.4745     3.4757  32.522680  32.523891    6.48933     2.0047 3.4773e+02    -0.0232     0.0000      98.78    97.3293     0.0780      46202    6.48925    0.00000    34.8715    34.8716         48 0.0000e+00
   1232.000   1216.786     3.4763     3.4765  32.525497  32.525437    6.48299     2.0029 3.4998e+02    -0.0228     0.0000      98.78    97.3255     0.0780      46279    6.48285    0.00000    34.8719    34.8716         83 0.0000e+00
   1234.000   1218.755     3.4828     3.4833  32.533458  32.533050    6.47465     2.0009 3.4750e+02    -0.0239     0.0000      98.78    97.3233     0.0780      46334    6.47447    0.00000    34.8735    34.8725         41 0.0000e+00
   1236.000   1220.724     3.4932     3.4936  32.545181  32.544709    6.46792     1.9994 3.4676e+02    -0.0235     0.0000      98.78    97.3265     0.0780      46371    6.46779    0.00000    34.8754    34.8745         36 0.0000e+00
   1238.000   1222.694     3.5035     3.5046  32.556797  32.557545    6.45983     1.9977 3.4729e+02    -0.0228     0.0000      98.78    97.3242     0.0780      46412    6.45969    0.00000    34.8774    34.8771         48 0.0000e+00
   1240.000   1224.664     3.5092     3.5097  32.563705  32.563842    6.44757     1.9947 3.4847e+02    -0.0233     0.0000      98.78    97.3374     0.0780      46465    6.44735    0.00000    34.8785    34.8782         52 0.0000e+00
