Ship_data/Irminger/Irminger-2/ctd/process/OOI/dat30_007.cnv
* Sea-Bird SBE 9 Data File:
* FileName = C:\data\ctd\at30_007.hex
* Software Version Seasave V 7.21f
* Temperature SN = 2265
* Conductivity SN = 3021
* Number of Bytes Per Scan = 40
* Number of Voltage Words = 5
* Number of Scans Averaged by the Deck Unit = 1
* NMEA Latitude = 59 46.29 N
* NMEA Longitude = 039 52.92 W
* NMEA UTC (Time) = Aug 17 2015  23:01:49
** Site of FLMA 2015 -- need to confirm bottom depth
# nquan = 21
# nvalues = 1360                        
# units = specified
# name 0 = prDM: Pressure, Digiquartz [db]
# name 1 = depSM: Depth [salt water, m]
# name 2 = t090C: Temperature [ITS-90, deg C]
# name 3 = t190C: Temperature, 2 [ITS-90, deg C]
# name 4 = c0mS/cm: Conductivity [mS/cm]
# name 5 = c1mS/cm: Conductivity, 2 [mS/cm]
# name 6 = sbeox0ML/L: Oxygen, SBE 43 [ml/l]
# name 7 = sbeox0V: Oxygen raw, SBE 43 [V]
# name 8 = spar: SPAR/Surface Irradiance
# name 9 = flECO-AFL: Fluorescence, WET Labs ECO-AFL/FL [mg/m^3]
# name 10 = v2: Voltage 2
# name 11 = altM: Altimeter [m]
# name 12 = CStarTr0: Beam Transmission, WET Labs C-Star [%]
# name 13 = turbWETntu0: Turbidity, WET Labs ECO [NTU]
# name 14 = scan: Scan Count
# name 15 = sbeox0ML/L: Oxygen, SBE 43 [ml/l], WS = 2
# name 16 = sbeox0dOV/dT: Oxygen, SBE 43 [dov/dt], WS = 2
# name 17 = sal00: Salinity, Practical [PSU]
# name 18 = sal11: Salinity, Practical, 2 [PSU]
# name 19 = nbin: number of scans per bin
# name 20 = flag: flag
# span 0 =      4.000,   2722.000       
# span 1 =      3.962,   2679.045       
# span 2 =     1.4900,     8.5917       
# span 3 =     1.4906,     8.5925       
# span 4 =  31.400305,  36.631599       
# span 5 =  31.400941,  36.631436       
# span 6 =    6.01160,    6.94264       
# span 7 =     1.6864,     2.5300       
# span 8 = 2.1827e+01, 2.3786e+01       
# span 9 =    -0.0363,     1.5522       
# span 10 =     0.0000,     0.0000      
# span 11 =       8.30,      99.96      
# span 12 =    93.8862,    97.8127      
# span 13 =     0.0744,     0.1690      
# span 14 =        716,      77261      
# span 15 =    6.01134,    6.94297      
# span 16 =    0.00000,    0.00000      
# span 17 =    34.8553,    34.9334      
# span 18 =    34.8534,    34.9332      
# span 19 =         29,        120      
# span 20 = 0.0000e+00, 0.0000e+00      
# interval = decibars: 2                
# start_time = Aug 17 2015 23:01:49 [NMEA time, header]
# bad_flag = -9.990e-29
*END*
[from data line 552]
   1108.000   1094.655     3.5224     3.5228  32.517477  32.517765    6.49719     2.0322 2.2139e+01    -0.0230     0.0000      98.78    97.7528     0.0755      33617    6.49692    0.00000    34.8765    34.8765         46 0.0000e+00
   1110.000   1096.626     3.5238     3.5241  32.519700  32.520017    6.49678     2.0318 2.2129e+01    -0.0232     0.0000      98.78    97.7411     0.0755      33664    6.49661    0.00000    34.8767    34.8768         52 0.0000e+00
   1112.000   1098.596     3.5250     3.5254  32.521880  32.522153    6.49403     2.0308 2.2265e+01    -0.0230     0.0000      98.78    97.7513     0.0755      33723    6.49376    0.00000    34.8770    34.8769         58 0.0000e+00
   1114.000   1100.567     3.5289     3.5292  32.526778  32.527147    6.48978     2.0296 2.2102e+01    -0.0236     0.0000      98.78    97.7453     0.0755      33769    6.48956    0.00000    34.8777    34.8778         38 0.0000e+00
   1116.000   1102.538     3.5318     3.5321  32.530833  32.531006    6.49031     2.0295 2.2160e+01    -0.0237     0.0000      98.78    97.7393     0.0755      33806    6.49007    0.00000    34.8784    34.8783         37 0.0000e+00
   1118.000   1104.508     3.5366     3.5370  32.536688  32.536977    6.48619     2.0284 2.2151e+01    -0.0230     0.0000      98.78    97.7499     0.0755      33851    6.48601    0.00000    34.8793    34.8792         61 0.0000e+00
   1120.000   1106.479     3.5407     3.5411  32.541916  32.542151    6.47786     2.0262 2.2160e+01    -0.0227     0.0000      98.78    97.7502     0.0755      33918    6.47778    0.00000    34.8802    34.8800         56 0.0000e+00
   1122.000   1108.450     3.5437     3.5438  32.545900  32.546090    6.47247     2.0247 2.2052e+01    -0.0224     0.0000      98.78    97.7444     0.0755      33961    6.47215    0.00000    34.8808    34.8808         40 0.0000e+00
   1124.000   1110.420     3.5455     3.5458  32.548711  32.548923    6.46736     2.0232 2.2098e+01    -0.0227     0.0000      98.78    97.7532     0.0755      34002    6.46716    0.00000    34.8812    34.8811         43 0.0000e+00
   1126.000   1112.391     3.5469     3.5473  32.551133  32.551517    6.46190     2.0216 2.2124e+01    -0.0230     0.0000      98.78    97.7517     0.0755      34051    6.46180    0.00000    34.8815    34.8816         55 0.0000e+00
   1128.000   1114.361     3.5489     3.5493  32.554087  32.554440    6.45222     2.0191 2.2295e+01    -0.0233     0.0000      98.78    97.7373     0.0755      34113    6.45205    0.00000    34.8819    34.8819         60 0.0000e+00
   1130.000   1116.332     3.5513     3.5516  32.557550  32.557684    6.44679     2.0175 2.2045e+01    -0.0228     0.0000      98.78    97.7587     0.0755      34160    6.44659    0.00000    34.8824    34.8823         38 0.0000e+00
   1132.000   1118.302     3.5579     3.5580  32.565361  32.565319    6.44209     2.0163 2.2159e+01    -0.0229     0.0000      98.78    97.7347     0.0755      34196    6.44195    0.00000    34.8838    34.8836         37 0.0000e+00
   1134.000   1120.273     3.5597     3.5600  32.568203  32.568586    6.43648     2.0147 2.2279e+01    -0.0227     0.0000      98.78    97.7490     0.0755      34239    6.43633    0.00000    34.8842    34.8843         52 0.0000e+00
   1136.000   1122.243     3.5588     3.5593  32.568019  32.568669    6.42636     2.0120 2.2112e+01    -0.0227     0.0000      98.78    97.7450     0.0755      34299    6.42617    0.00000    34.8840    34.8841         64 0.0000e+00
   1138.000   1124.214     3.5565     3.5574  32.566613  32.567616    6.41925     2.0098 2.2051e+01    -0.0225     0.0000      98.78    97.7615     0.0755      34355    6.41915    0.00000    34.8836    34.8839         46 0.0000e+00
   1140.000   1126.184     3.5538     3.5539  32.564722  32.564917    6.41797     2.0091 2.2101e+01    -0.0224     0.0000      98.78    97.7531     0.0755      34397    6.41792    0.00000    34.8832    34.8834         41 0.0000e+00
   1142.000   1128.154     3.5504     3.5511  32.561987  32.562743    6.41420     2.0076 2.2012e+01    -0.0229     0.0000      98.78    97.7505     0.0755      34442    6.41392    0.00000    34.8826    34.8827         49 0.0000e+00
   1144.000   1130.125     3.5543     3.5546  32.566908  32.567034    6.40956     2.0063 2.1975e+01    -0.0229     0.0000      98.78    97.7495     0.0755      34493    6.40935    0.00000    34.8832    34.8832         52 0.0000e+00
   1146.000   1132.095     3.5570     3.5574  32.570623  32.570960    6.41215     2.0066 2.2138e+01    -0.0228     0.0000      98.78    97.7552     0.0755      34543    6.41190    0.00000    34.8838    34.8838         48 0.0000e+00
   1148.000   1134.065     3.5571     3.5574  32.571583  32.572056    6.41474     2.0069 2.2147e+01    -0.0226     0.0000      98.78    97.7600     0.0755      34587    6.41458    0.00000    34.8839    34.8841         42 0.0000e+00
   1150.000   1136.036     3.5573     3.5571  32.572729  32.572565    6.41196     2.0059 2.2172e+01    -0.0232     0.0000      98.78    97.7562     0.0755      34633    6.41180    0.00000    34.8840    34.8840         50 0.0000e+00
   1152.000   1138.006     3.5538     3.5540  32.569979  32.570482    6.40947     2.0047 2.2053e+01    -0.0232     0.0000      98.78    97.6961     0.0755      34688    6.40920    0.00000    34.8834    34.8838         60 0.0000e+00
   1154.000   1139.977     3.5532     3.5535  32.570423  32.570804    6.40863     2.0042 2.2146e+01    -0.0231     0.0000      98.78    97.7525     0.0755      34742    6.40863    0.00000    34.8836    34.8837         44 0.0000e+00
   1156.000   1141.946     3.5497     3.5501  32.567858  32.568419    6.41078     2.0042 2.2154e+01    -0.0230     0.0000      98.78    97.7557     0.0755      34781    6.41099    0.00000    34.8832    34.8834         39 0.0000e+00
   1158.000   1143.917     3.5509     3.5512  32.569931  32.570186    6.40948     2.0035 2.2183e+01    -0.0229     0.0000      98.78    97.7509     0.0755      34831    6.40925    0.00000    34.8834    34.8833         61 0.0000e+00
   1160.000   1145.887     3.5576     3.5581  32.577898  32.578309    6.40718     2.0028 2.2235e+01    -0.0232     0.0000      98.78    97.7516     0.0755      34886    6.40689    0.00000    34.8847    34.8847         44 0.0000e+00
   1162.000   1147.857     3.5586     3.5590  32.579762  32.580222    6.40566     2.0021 2.2057e+01    -0.0228     0.0000      98.78    97.7583     0.0755      34926    6.40540    0.00000    34.8849    34.8850         42 0.0000e+00
   1164.000   1149.827     3.5591     3.5595  32.581291  32.581682    6.40091     2.0007 2.2127e+01    -0.0228     0.0000      98.78    97.7592     0.0755      34976    6.40076    0.00000    34.8852    34.8852         54 0.0000e+00
   1166.000   1151.798     3.5669     3.5666  32.590493  32.589897    6.39460     1.9992 2.2052e+01    -0.0230     0.0000      98.78    97.7551     0.0755      35026    6.39452    0.00000    34.8869    34.8864         47 0.0000e+00
   1168.000   1153.768     3.5731     3.5735  32.597839  32.597867    6.38676     1.9973 2.1945e+01    -0.0226     0.0000      98.78    97.7552     0.0755      35077    6.38657    0.00000    34.8880    34.8876         56 0.0000e+00
   1170.000   1155.738     3.5883     3.5890  32.615065  32.615638    6.37602     1.9951 2.2268e+01    -0.0233     0.0000      98.78    97.7588     0.0755      35130    6.37583    0.00000    34.8914    34.8913         47 0.0000e+00
   1172.000   1157.708     3.5939     3.5943  32.621946  32.622156    6.36521     1.9924 2.2154e+01    -0.0232     0.0000      98.78    97.7555     0.0755      35172    6.36503    0.00000    34.8926    34.8924         39 0.0000e+00
   1174.000   1159.678     3.5996     3.6002  32.628825  32.629099    6.35294     1.9895 2.2287e+01    -0.0236     0.0000      98.78    97.7605     0.0755      35211    6.35283    0.00000    34.8938    34.8935         42 0.0000e+00
   1176.000   1161.648     3.6093     3.6096  32.639960  32.640250    6.33467     1.9853 2.2162e+01    -0.0228     0.0000      98.78    97.7606     0.0755      35270    6.33444    0.00000    34.8957    34.8957         74 0.0000e+00
   1178.000   1163.618     3.6134     3.6137  32.645143  32.645231    6.31719     1.9810 2.2147e+01    -0.0228     0.0000      98.78    97.7617     0.0755      35331    6.31703    0.00000    34.8965    34.8964         42 0.0000e+00
   1180.000   1165.588     3.6177     3.6177  32.650589  32.650488    6.30761     1.9786 2.1998e+01    -0.0233     0.0000      98.78    97.7613     0.0755      35367    6.30735    0.00000    34.8974    34.8974         36 0.0000e+00
   1182.000   1167.558     3.6243     3.6244  32.658366  32.658272    6.29688     1.9761 2.2051e+01    -0.0231     0.0000      98.78    97.7547     0.0755      35409    6.29675    0.00000    34.8987    34.8984         49 0.0000e+00
   1184.000   1169.528     3.6324     3.6331  32.667833  32.668287    6.28750     1.9739 2.2052e+01    -0.0239     0.0000      98.78    97.7568     0.0755      35459    6.28725    0.00000    34.9004    34.9002         48 0.0000e+00
   1186.000   1171.498     3.6378     3.6380  32.674361  32.674651    6.27693     1.9713 2.2084e+01    -0.0230     0.0000      98.78    97.7574     0.0755      35511    6.27677    0.00000    34.9014    34.9015         61 0.0000e+00
   1188.000   1173.468     3.6414     3.6417  32.679195  32.679345    6.25995     1.9671 2.2138e+01    -0.0234     0.0000      98.78    97.7573     0.0755      35570    6.25975    0.00000    34.9023    34.9022         48 0.0000e+00
   1190.000   1175.438     3.6455     3.6459  32.684658  32.685056    6.24934     1.9645 2.2051e+01    -0.0233     0.0000      98.78    97.7620     0.0755      35610    6.24920    0.00000    34.9034    34.9035         37 0.0000e+00
   1192.000   1177.408     3.6582     3.6592  32.699112  32.699448    6.23648     1.9617 2.2013e+01    -0.0225     0.0000      98.78    97.7545     0.0755      35651    6.23627    0.00000    34.9061    34.9055         49 0.0000e+00
   1194.000   1179.378     3.6703     3.6704  32.712669  32.712733    6.22100     1.9583 2.2187e+01    -0.0228     0.0000      98.78    97.7551     0.0755      35713    6.22081    0.00000    34.9084    34.9084         64 0.0000e+00
   1196.000   1181.348     3.6739     3.6745  32.717535  32.718054    6.20882     1.9552 2.2334e+01    -0.0223     0.0000      98.78    97.7608     0.0755      35761    6.20852    0.00000    34.9093    34.9094         36 0.0000e+00
   1198.000   1183.318     3.6740     3.6744  32.718451  32.718772    6.20015     1.9529 2.2162e+01    -0.0223     0.0000      98.78    97.7546     0.0755      35795    6.19999    0.00000    34.9094    34.9093         38 0.0000e+00
   1200.000   1185.288     3.6785     3.6789  32.724181  32.724383    6.18385     1.9489 2.2137e+01    -0.0234     0.0000      98.78    97.7585     0.0755      35851    6.18366    0.00000    34.9104    34.9102         71 0.0000e+00
   1202.000   1187.258     3.6824     3.6828  32.729384  32.729625    6.17497     1.9467 2.2153e+01    -0.0230     0.0000      98.78    97.7587     0.0755      35908    6.17490    0.00000    34.9114    34.9112         40 0.0000e+00
   1204.000   1189.227     3.6846     3.6849  32.732662  32.732999    6.16973     1.9452 2.2197e+01    -0.0221     0.0000      98.78    97.7581     0.0755      35946    6.16944    0.00000    34.9120    34.9120         41 0.0000e+00
   1206.000   1191.197     3.6856     3.6859  32.734629  32.734902    6.16123     1.9429 2.2159e+01    -0.0237     0.0000      98.78    97.7543     0.0755      35995    6.16111    0.00000    34.9123    34.9122         56 0.0000e+00
   1208.000   1193.167     3.6900     3.6904  32.740437  32.740618    6.15417     1.9411 2.2130e+01    -0.0229     0.0000      98.78    97.7586     0.0755      36050    6.15397    0.00000    34.9135    34.9133         51 0.0000e+00
   1210.000   1195.137     3.6942     3.6947  32.745944  32.746285    6.14916     1.9398 2.2139e+01    -0.0232     0.0000      98.78    97.7585     0.0755      36098    6.14900    0.00000    34.9145    34.9144         46 0.0000e+00
   1212.000   1197.106     3.6966     3.6970  32.749346  32.749596    6.14211     1.9379 2.2095e+01    -0.0229     0.0000      98.78    97.7585     0.0755      36144    6.14195    0.00000    34.9151    34.9149         46 0.0000e+00
   1214.000   1199.076     3.6979     3.6983  32.751755  32.752011    6.13586     1.9361 2.2141e+01    -0.0229     0.0000      98.78    97.7629     0.0755      36189    6.13579    0.00000    34.9155    34.9153         45 0.0000e+00
   1216.000   1201.046     3.7011     3.7015  32.756129  32.756430    6.12698     1.9338 2.2233e+01    -0.0236     0.0000      98.78    97.7617     0.0755      36239    6.12675    0.00000    34.9163    34.9162         55 0.0000e+00
   1218.000   1203.016     3.7021     3.7024  32.758026  32.758352    6.12082     1.9321 2.2212e+01    -0.0225     0.0000      98.78    97.7596     0.0755      36293    6.12070    0.00000    34.9165    34.9165         50 0.0000e+00
   1220.000   1204.985     3.7020     3.7025  32.759152  32.759614    6.11682     1.9308 2.2097e+01    -0.0234     0.0000      98.78    97.7577     0.0755      36339    6.11673    0.00000    34.9169    34.9169         45 0.0000e+00
   1222.000   1206.955     3.7039     3.7043  32.762222  32.762547    6.11248     1.9295 2.2170e+01    -0.0226     0.0000      98.78    97.7670     0.0755      36387    6.11235    0.00000    34.9176    34.9174         51 0.0000e+00
   1224.000   1208.925     3.7053     3.7058  32.764991  32.765353    6.10922     1.9284 2.2051e+01    -0.0231     0.0000      98.78    97.7618     0.0755      36435    6.10896    0.00000    34.9183    34.9182         44 0.0000e+00
   1226.000   1210.894     3.7053     3.7056  32.766079  32.766419    6.10721     1.9276 2.2184e+01    -0.0229     0.0000      98.78    97.7611     0.0755      36479    6.10697    0.00000    34.9186    34.9186         45 0.0000e+00
   1228.000   1212.864     3.7065     3.7068  32.768351  32.768550    6.09704     1.9250 2.2147e+01    -0.0231     0.0000      98.78    97.7566     0.0755      36532    6.09694    0.00000    34.9191    34.9190         64 0.0000e+00
   1230.000   1214.833     3.7079     3.7082  32.770955  32.771140    6.09160     1.9234 2.2048e+01    -0.0228     0.0000      98.78    97.7548     0.0755      36591    6.09140    0.00000    34.9197    34.9195         46 0.0000e+00
   1232.000   1216.803     3.7090     3.7094  32.773524  32.773842    6.09263     1.9234 2.2211e+01    -0.0231     0.0000      98.78    97.7585     0.0755      36631    6.09261    0.00000    34.9205    34.9204         38 0.0000e+00
   1234.000   1218.772     3.7096     3.7102  32.775139  32.775750    6.08709     1.9217 2.2097e+01    -0.0230     0.0000      98.78    97.7585     0.0755      36672    6.08684    0.00000    34.9208    34.9208         46 0.0000e+00
   1236.000   1220.742     3.7113     3.7117  32.778151  32.778468    6.07865     1.9195 2.2126e+01    -0.0230     0.0000      98.78    97.7585     0.0755      36722    6.07856    0.00000    34.9216    34.9215         54 0.0000e+00
   1238.000   1222.712     3.7139     3.7143  32.781987  32.782203    6.07376     1.9181 2.2089e+01    -0.0230     0.0000      98.78    97.7585     0.0755      36776    6.07359    0.00000    34.9224    34.9222         54 0.0000e+00
   1240.000   1224.681     3.7157     3.7161  32.785052  32.785350    6.06993     1.9170 2.2091e+01    -0.0233     0.0000      98.78    97.7607     0.0755      36829    6.06985    0.00000    34.9231    34.9230         52 0.0000e+00
   1242.000   1226.650     3.7152     3.7156  32.785634  32.785950    6.06534     1.9155 2.2246e+01    -0.0236     0.0000      98.78    97.7560     0.0755      36877    6.06508    0.00000    34.9232    34.9233         42 0.0000e+00
