Ship_data/Irminger/Irminger-2/ctd/process/OOI/dat30_007.cnv
* Sea-Bird SBE 9 Data File:
* FileName = C:\data\ctd\at30_007.hex
* Software Version Seasave V 7.21f
* Temperature SN = 2265
* Conductivity SN = 3021
* Number of Bytes Per Scan = 40
* Number of Voltage Words = 5
* Number of Scans Averaged by the Deck Unit = 1
* NMEA Latitude = 59 46.29 N
* NMEA Longitude = 039 52.92 W
* NMEA UTC (Time) = Aug 17 2015  23:01:49
** Site of FLMA 2015 -- need to confirm bottom depth
# nquan = 21
# nvalues = 1360                        
# units = specified
# name 0 = prDM: Pressure, Digiquartz [db]
# name 1 = depSM: Depth [salt water, m]
# name 2 = t090C: Temperature [ITS-90, deg C]
# name 3 = t190C: Temperature, 2 [ITS-90, deg C]
# name 4 = c0mS/cm: Conductivity [mS/cm]
# name 5 = c1mS/cm: Conductivity, 2 [mS/cm]
# name 6 = sbeox0ML/L: Oxygen, SBE 43 [ml/l]
# name 7 = sbeox0V: Oxygen raw, SBE 43 [V]
# name 8 = spar: SPAR/Surface Irradiance
# name 9 = flECO-AFL: Fluorescence, WET Labs ECO-AFL/FL [mg/m^3]
# name 10 = v2: Voltage 2
# name 11 = altM: Altimeter [m]
# name 12 = CStarTr0: Beam Transmission, WET Labs C-Star [%]
# name 13 = turbWETntu0: Turbidity, WET Labs ECO [NTU]
# name 14 = scan: Scan Count
# name 15 = sbeox0ML/L: Oxygen, SBE 43 [ml/l], WS = 2
# name 16 = sbeox0dOV/dT: Oxygen, SBE 43 [dov/dt], WS = 2
# name 17 = sal00: Salinity, Practical [PSU]
# name 18 = sal11: Salinity, Practical, 2 [PSU]
# name 19 = nbin: number of scans per bin
# name 20 = flag: flag
# span 0 =      4.000,   2722.000       
# span 1 =      3.962,   2679.045       
# span 2 =     1.4900,     8.5917       
# span 3 =     1.4906,     8.5925       
# span 4 =  31.400305,  36.631599       
# span 5 =  31.400941,  36.631436       
# span 6 =    6.01160,    6.94264       
# span 7 =     1.6864,     2.5300       
# span 8 = 2.1827e+01, 2.3786e+01       
# span 9 =    -0.0363,     1.5522       
# span 10 =     0.0000,     0.0000      
# span 11 =       8.30,      99.96      
# span 12 =    93.8862,    97.8127      
# span 13 =     0.0744,     0.1690      
# span 14 =        716,      77261      
# span 15 =    6.01134,    6.94297      
# span 16 =    0.00000,    0.00000      
# span 17 =    34.8553,    34.9334      
# span 18 =    34.8534,    34.9332      
# span 19 =         29,        120      
# span 20 = 0.0000e+00, 0.0000e+00      
# interval = decibars: 2                
# start_time = Aug 17 2015 23:01:49 [NMEA time, header]
# bad_flag = -9.990e-29
*END*
[from data line 1104]
   2212.000   2179.677     2.8988     2.8995  32.466485  32.466796    6.06363     1.7221 2.2052e+01    -0.0231     0.0000      98.78    97.7949     0.0755      60394    6.06340    0.00000    34.9319    34.9315         37 0.0000e+00
   2214.000   2181.638     2.8983     2.8988  32.466985  32.467118    6.06441     1.7219 2.2052e+01    -0.0228     0.0000      98.78    97.7907     0.0755      60430    6.06434    0.00000    34.9320    34.9317         39 0.0000e+00
   2216.000   2183.598     2.8968     2.8973  32.466234  32.466427    6.06469     1.7216 2.2052e+01    -0.0232     0.0000      98.78    97.7807     0.0755      60478    6.06438    0.00000    34.9318    34.9315         60 0.0000e+00
   2218.000   2185.559     2.8956     2.8961  32.465945  32.466165    6.06612     1.7215 2.2013e+01    -0.0231     0.0000      98.78    97.7992     0.0755      60541    6.06565    0.00000    34.9317    34.9314         54 0.0000e+00
   2220.000   2187.519     2.8937     2.8943  32.465002  32.465290    6.06768     1.7215 2.2052e+01    -0.0225     0.0000      98.78    97.7842     0.0755      60584    6.06765    0.00000    34.9316    34.9314         38 0.0000e+00
   2222.000   2189.480     2.8912     2.8918  32.463578  32.463788    6.06932     1.7214 2.2101e+01    -0.0241     0.0000      98.78    97.7989     0.0755      60622    6.06926    0.00000    34.9316    34.9313         40 0.0000e+00
   2224.000   2191.440     2.8882     2.8888  32.461409  32.461617    6.06684     1.7205 2.2025e+01    -0.0235     0.0000      98.78    97.7949     0.0755      60672    6.06680    0.00000    34.9313    34.9309         65 0.0000e+00
   2226.000   2193.401     2.8881     2.8887  32.462407  32.462545    6.06666     1.7203 2.2010e+01    -0.0237     0.0000      98.78    97.7949     0.0755      60735    6.06732    0.00000    34.9317    34.9312         48 0.0000e+00
   2228.000   2195.361     2.8868     2.8874  32.462158  32.462450    6.06898     1.7203 2.1999e+01    -0.0236     0.0000      98.78    97.7973     0.0755      60774    6.06907    0.00000    34.9318    34.9315         38 0.0000e+00
   2230.000   2197.321     2.8838     2.8844  32.460221  32.460568    6.06567     1.7192 2.2085e+01    -0.0231     0.0000      98.78    97.7962     0.0755      60821    6.06583    0.00000    34.9317    34.9315         57 0.0000e+00
   2232.000   2199.282     2.8828     2.8835  32.460253  32.460513    6.06599     1.7191 2.2099e+01    -0.0231     0.0000      98.78    97.7944     0.0755      60873    6.06703    0.00000    34.9318    34.9314         43 0.0000e+00
   2234.000   2201.243     2.8842     2.8847  32.462457  32.462505    6.06782     1.7190 2.2002e+01    -0.0236     0.0000      98.78    97.8017     0.0755      60912    6.06797    0.00000    34.9320    34.9315         39 0.0000e+00
   2236.000   2203.203     2.8862     2.8869  32.465587  32.465813    6.06783     1.7187 2.2086e+01    -0.0233     0.0000      98.78    97.7983     0.0755      60961    6.06759    0.00000    34.9327    34.9323         58 0.0000e+00
   2238.000   2205.163     2.8858     2.8863  32.466060  32.466329    6.06517     1.7179 2.2091e+01    -0.0229     0.0000      98.78    97.7934     0.0755      61017    6.06495    0.00000    34.9328    34.9325         52 0.0000e+00
   2240.000   2207.123     2.8849     2.8855  32.466367  32.466549    6.06704     1.7179 2.2007e+01    -0.0237     0.0000      98.78    97.7949     0.0755      61065    6.06672    0.00000    34.9331    34.9327         45 0.0000e+00
   2242.000   2209.084     2.8846     2.8852  32.466910  32.467134    6.06721     1.7177 2.2097e+01    -0.0224     0.0000      98.78    97.7879     0.0755      61109    6.06756    0.00000    34.9332    34.9327         44 0.0000e+00
   2244.000   2211.044     2.8836     2.8843  32.466698  32.466975    6.06761     1.7174 2.2053e+01    -0.0232     0.0000      98.78    97.7952     0.0755      61157    6.06750    0.00000    34.9330    34.9326         52 0.0000e+00
   2246.000   2213.004     2.8833     2.8840  32.467300  32.467597    6.06597     1.7167 2.2052e+01    -0.0238     0.0000      98.78    97.7876     0.0755      61208    6.06581    0.00000    34.9330    34.9327         47 0.0000e+00
   2248.000   2214.965     2.8837     2.8842  32.468461  32.468677    6.06547     1.7164 2.2009e+01    -0.0227     0.0000      98.78    97.7934     0.0755      61253    6.06543    0.00000    34.9331    34.9328         46 0.0000e+00
   2250.000   2216.925     2.8823     2.8829  32.467987  32.468115    6.06751     1.7164 2.2011e+01    -0.0228     0.0000      98.78    97.7914     0.0755      61301    6.06735    0.00000    34.9331    34.9326         49 0.0000e+00
   2252.000   2218.885     2.8810     2.8817  32.467515  32.467752    6.06655     1.7159 2.2052e+01    -0.0226     0.0000      98.78    97.7823     0.0755      61351    6.06656    0.00000    34.9329    34.9325         50 0.0000e+00
   2254.000   2220.845     2.8803     2.8809  32.467579  32.467735    6.06738     1.7157 2.2008e+01    -0.0230     0.0000      98.78    97.7916     0.0755      61399    6.06734    0.00000    34.9328    34.9324         46 0.0000e+00
   2256.000   2222.806     2.8780     2.8786  32.466229  32.466521    6.06429     1.7147 2.2130e+01    -0.0228     0.0000      98.78    97.7925     0.0755      61445    6.06432    0.00000    34.9327    34.9324         49 0.0000e+00
   2258.000   2224.766     2.8764     2.8770  32.465638  32.465895    6.05925     1.7134 2.2199e+01    -0.0234     0.0000      98.78    97.7868     0.0755      61499    6.05944    0.00000    34.9327    34.9323         55 0.0000e+00
   2260.000   2226.726     2.8746     2.8753  32.464891  32.465245    6.06032     1.7132 2.1948e+01    -0.0228     0.0000      98.78    97.7847     0.0755      61546    6.06022    0.00000    34.9328    34.9324         40 0.0000e+00
   2262.000   2228.686     2.8731     2.8737  32.464268  32.464530    6.06162     1.7131 2.2049e+01    -0.0231     0.0000      98.78    97.7847     0.0755      61588    6.06165    0.00000    34.9326    34.9323         47 0.0000e+00
   2264.000   2230.646     2.8680     2.8687  32.460022  32.460519    6.06357     1.7129 2.2166e+01    -0.0224     0.0000      98.78    97.7847     0.0755      61641    6.06350    0.00000    34.9320    34.9319         54 0.0000e+00
   2266.000   2232.607     2.8654     2.8660  32.458252  32.458519    6.06501     1.7128 2.2143e+01    -0.0234     0.0000      98.78    97.7852     0.0755      61689    6.06493    0.00000    34.9317    34.9314         44 0.0000e+00
   2268.000   2234.566     2.8638     2.8645  32.457538  32.457773    6.06579     1.7126 2.2134e+01    -0.0231     0.0000      98.78    97.7834     0.0755      61734    6.06565    0.00000    34.9316    34.9311         49 0.0000e+00
   2270.000   2236.527     2.8608     2.8613  32.455297  32.455543    6.06493     1.7120 2.1971e+01    -0.0233     0.0000      98.78    97.7856     0.0755      61787    6.06466    0.00000    34.9312    34.9309         52 0.0000e+00
   2272.000   2238.487     2.8578     2.8583  32.453134  32.453441    6.06726     1.7120 2.2101e+01    -0.0235     0.0000      98.78    97.7820     0.0755      61833    6.06690    0.00000    34.9308    34.9306         42 0.0000e+00
   2274.000   2240.447     2.8571     2.8578  32.453456  32.453675    6.06953     1.7120 2.2093e+01    -0.0231     0.0000      98.78    97.7955     0.0755      61877    6.06861    0.00000    34.9309    34.9305         49 0.0000e+00
   2276.000   2242.407     2.8558     2.8565  32.453077  32.453336    6.07136     1.7121 2.2016e+01    -0.0242     0.0000      98.78    97.8046     0.0755      61933    6.07091    0.00000    34.9309    34.9305         59 0.0000e+00
   2278.000   2244.367     2.8537     2.8544  32.452112  32.452360    6.07286     1.7121 2.2154e+01    -0.0224     0.0000      98.78    97.7894     0.0755      61982    6.07284    0.00000    34.9310    34.9306         40 0.0000e+00
   2280.000   2246.327     2.8522     2.8529  32.451439  32.451633    6.07510     1.7121 2.1968e+01    -0.0231     0.0000      98.78    97.8009     0.0755      62021    6.07471    0.00000    34.9309    34.9304         43 0.0000e+00
   2282.000   2248.287     2.8495     2.8503  32.449877  32.450168    6.07527     1.7120 2.2057e+01    -0.0226     0.0000      98.78    97.8010     0.0755      62079    6.07638    0.00000    34.9309    34.9305         63 0.0000e+00
   2284.000   2250.247     2.8467     2.8474  32.448150  32.448467    6.07540     1.7114 2.2109e+01    -0.0242     0.0000      98.78    97.8028     0.0755      62127    6.07520    0.00000    34.9309    34.9306         36 0.0000e+00
   2286.000   2252.206     2.8442     2.8448  32.446759  32.446968    6.07800     1.7115 2.2054e+01    -0.0231     0.0000      98.78    97.8012     0.0755      62161    6.07795    0.00000    34.9310    34.9306         39 0.0000e+00
   2288.000   2254.167     2.8408     2.8415  32.444342  32.444686    6.07762     1.7110 2.2052e+01    -0.0239     0.0000      98.78    97.7942     0.0755      62220    6.07749    0.00000    34.9307    34.9303         73 0.0000e+00
   2290.000   2256.126     2.8363     2.8369  32.441224  32.441504    6.07985     1.7110 2.2052e+01    -0.0227     0.0000      98.78    97.7973     0.0755      62278    6.07981    0.00000    34.9307    34.9304         42 0.0000e+00
   2292.000   2258.086     2.8338     2.8342  32.439688  32.439706    6.08200     1.7110 2.2106e+01    -0.0233     0.0000      98.78    97.8010     0.0755      62316    6.08188    0.00000    34.9306    34.9303         37 0.0000e+00
   2294.000   2260.046     2.8323     2.8329  32.439268  32.439457    6.07954     1.7102 2.2053e+01    -0.0230     0.0000      98.78    97.7958     0.0755      62357    6.07944    0.00000    34.9308    34.9303         47 0.0000e+00
   2296.000   2262.006     2.8318     2.8324  32.439812  32.439948    6.07884     1.7097 2.2086e+01    -0.0230     0.0000      98.78    97.7935     0.0755      62410    6.07886    0.00000    34.9310    34.9305         58 0.0000e+00
   2298.000   2263.966     2.8311     2.8318  32.440427  32.440552    6.08039     1.7097 2.2185e+01    -0.0240     0.0000      98.78    97.7895     0.0755      62464    6.08033    0.00000    34.9315    34.9310         46 0.0000e+00
   2300.000   2265.926     2.8300     2.8307  32.440291  32.440498    6.07940     1.7092 2.2003e+01    -0.0228     0.0000      98.78    97.7954     0.0755      62506    6.07935    0.00000    34.9316    34.9311         41 0.0000e+00
   2302.000   2267.885     2.8294     2.8301  32.440544  32.440833    6.07857     1.7087 2.2196e+01    -0.0225     0.0000      98.78    97.7952     0.0755      62551    6.07853    0.00000    34.9316    34.9311         53 0.0000e+00
   2304.000   2269.845     2.8261     2.8268  32.438193  32.438486    6.07777     1.7081 2.1970e+01    -0.0232     0.0000      98.78    97.8001     0.0755      62610    6.07774    0.00000    34.9313    34.9310         56 0.0000e+00
   2306.000   2271.805     2.8253     2.8258  32.438297  32.438458    6.07581     1.7074 2.2052e+01    -0.0233     0.0000      98.78    97.8021     0.0755      62656    6.07577    0.00000    34.9313    34.9310         41 0.0000e+00
   2308.000   2273.765     2.8252     2.8259  32.439081  32.439253    6.07628     1.7071 2.2094e+01    -0.0230     0.0000      98.78    97.7843     0.0755      62698    6.07621    0.00000    34.9314    34.9309         46 0.0000e+00
   2310.000   2275.724     2.8245     2.8252  32.439449  32.439693    6.07636     1.7068 2.2013e+01    -0.0233     0.0000      98.78    97.8020     0.0755      62749    6.07631    0.00000    34.9316    34.9312         52 0.0000e+00
   2312.000   2277.684     2.8230     2.8237  32.438878  32.439003    6.07689     1.7064 2.1923e+01    -0.0228     0.0000      98.78    97.7995     0.0755      62799    6.07616    0.00000    34.9316    34.9310         47 0.0000e+00
   2314.000   2279.644     2.8219     2.8226  32.438642  32.438953    6.07703     1.7062 2.1912e+01    -0.0234     0.0000      98.78    97.7907     0.0755      62843    6.07674    0.00000    34.9315    34.9312         43 0.0000e+00
   2316.000   2281.604     2.8214     2.8221  32.438989  32.439272    6.07644     1.7060 2.2135e+01    -0.0237     0.0000      98.78    97.7901     0.0755      62886    6.07733    0.00000    34.9316    34.9312         45 0.0000e+00
   2318.000   2283.563     2.8192     2.8197  32.437802  32.437987    6.07542     1.7050 2.1966e+01    -0.0231     0.0000      98.78    97.8012     0.0755      62943    6.07438    0.00000    34.9315    34.9312         68 0.0000e+00
   2320.000   2285.523     2.8188     2.8194  32.438334  32.438556    6.07622     1.7050 2.1866e+01    -0.0229     0.0000      98.78    97.7985     0.0755      63002    6.07582    0.00000    34.9316    34.9313         44 0.0000e+00
   2322.000   2287.482     2.8179     2.8186  32.438411  32.438595    6.07810     1.7050 2.2050e+01    -0.0239     0.0000      98.78    97.7878     0.0755      63041    6.07770    0.00000    34.9317    34.9312         39 0.0000e+00
   2324.000   2289.442     2.8176     2.8182  32.438900  32.439136    6.07916     1.7051 2.2133e+01    -0.0239     0.0000      98.78    97.7929     0.0755      63083    6.07973    0.00000    34.9317    34.9314         48 0.0000e+00
   2326.000   2291.402     2.8166     2.8172  32.438818  32.439084    6.07968     1.7047 2.2051e+01    -0.0240     0.0000      98.78    97.7816     0.0755      63134    6.07956    0.00000    34.9317    34.9314         49 0.0000e+00
   2328.000   2293.361     2.8149     2.8156  32.438033  32.438294    6.07739     1.7039 2.2052e+01    -0.0231     0.0000      98.78    97.7866     0.0755      63180    6.07744    0.00000    34.9316    34.9312         44 0.0000e+00
   2330.000   2295.321     2.8110     2.8116  32.435054  32.435410    6.07761     1.7035 2.2052e+01    -0.0232     0.0000      98.78    97.7846     0.0755      63223    6.07753    0.00000    34.9312    34.9310         44 0.0000e+00
   2332.000   2297.280     2.8085     2.8091  32.433332  32.433667    6.07502     1.7026 2.2143e+01    -0.0231     0.0000      98.78    97.7861     0.0755      63275    6.07491    0.00000    34.9309    34.9306         63 0.0000e+00
   2334.000   2299.240     2.8054     2.8059  32.431166  32.431423    6.07410     1.7020 2.2007e+01    -0.0234     0.0000      98.78    97.7894     0.0755      63341    6.07398    0.00000    34.9306    34.9304         56 0.0000e+00
   2336.000   2301.199     2.8049     2.8056  32.431711  32.431863    6.07865     1.7026 2.2000e+01    -0.0225     0.0000      98.78    97.7885     0.0755      63385    6.07855    0.00000    34.9309    34.9303         39 0.0000e+00
   2338.000   2303.159     2.8037     2.8044  32.431460  32.431826    6.08191     1.7027 2.2004e+01    -0.0228     0.0000      98.78    97.7881     0.0755      63424    6.08092    0.00000    34.9308    34.9306         42 0.0000e+00
   2340.000   2305.118     2.8014     2.8020  32.430087  32.430305    6.08323     1.7027 2.2002e+01    -0.0232     0.0000      98.78    97.7942     0.0755      63466    6.08298    0.00000    34.9308    34.9304         40 0.0000e+00
   2342.000   2307.078     2.8017     2.8023  32.431702  32.431875    6.08400     1.7026 2.2051e+01    -0.0234     0.0000      98.78    97.7881     0.0755      63507    6.08381    0.00000    34.9314    34.9309         45 0.0000e+00
   2344.000   2309.037     2.8014     2.8019  32.432036  32.432308    6.07845     1.7012 2.2110e+01    -0.0234     0.0000      98.78    97.7837     0.0755      63569    6.07823    0.00000    34.9312    34.9309         72 0.0000e+00
   2346.000   2310.996     2.8001     2.8006  32.431904  32.432093    6.07589     1.7003 2.2151e+01    -0.0233     0.0000      98.78    97.7796     0.0755      63624    6.07545    0.00000    34.9314    34.9312         41 0.0000e+00
