Ship_data/Irminger/Irminger-2/ctd/process/OOI/dat30_005.cnv
* Sea-Bird SBE 9 Data File:
* FileName = C:\data\ctd\at30_005.hex
* Software Version Seasave V 7.21f
* Temperature SN = 2265
* Conductivity SN = 3021
* Number of Bytes Per Scan = 40
* Number of Voltage Words = 5
* Number of Scans Averaged by the Deck Unit = 1
* NMEA Latitude = 59 59.33 N
* NMEA Longitude = 039 27.67 W
* NMEA UTC (Time) = Aug 14 2015  19:36:17
# nquan = 21
# nvalues = 1351                        
# units = specified
# name 0 = prDM: Pressure, Digiquartz [db]
# name 1 = depSM: Depth [salt water, m]
# name 2 = t090C: Temperature [ITS-90, deg C]
# name 3 = t190C: Temperature, 2 [ITS-90, deg C]
# name 4 = c0mS/cm: Conductivity [mS/cm]
# name 5 = c1mS/cm: Conductivity, 2 [mS/cm]
# name 6 = sbeox0ML/L: Oxygen, SBE 43 [ml/l]
# name 7 = sbeox0V: Oxygen raw, SBE 43 [V]
# name 8 = spar: SPAR/Surface Irradiance
# name 9 = flECO-AFL: Fluorescence, WET Labs ECO-AFL/FL [mg/m^3]
# name 10 = v2: Voltage 2
# name 11 = altM: Altimeter [m]
# name 12 = CStarTr0: Beam Transmission, WET Labs C-Star [%]
# name 13 = turbWETntu0: Turbidity, WET Labs ECO [NTU]
# name 14 = scan: Scan Count
# name 15 = sbeox0ML/L: Oxygen, SBE 43 [ml/l], WS = 2
# name 16 = sbeox0dOV/dT: Oxygen, SBE 43 [dov/dt], WS = 2
# name 17 = sal00: Salinity, Practical [PSU]
# name 18 = sal11: Salinity, Practical, 2 [PSU]
# name 19 = nbin: number of scans per bin
# name 20 = flag: flag
# span 0 =      4.000,   2704.000       
# span 1 =      3.962,   2661.393       
# span 2 =     1.4170,     8.6858       
# span 3 =     1.4177,     8.6988       
# span 4 =  31.330262,  36.750811       
# span 5 =  31.330712,  36.762190       
# span 6 =    6.01332,    6.92151       
# span 7 =     1.6923,     2.5496       
# span 8 = 5.3329e+02, 1.7396e+03       
# span 9 =    -0.0309,     2.2299       
# span 10 =     0.0000,     0.0000      
# span 11 =       8.73,      98.89      
# span 12 =    92.8909,    97.4504      
# span 13 =     0.0735,     0.1341      
# span 14 =       1526,      80253      
# span 15 =    6.01324,    6.92174      
# span 16 =    0.00000,    0.00000      
# span 17 =    34.8566,    35.0047      
# span 18 =    34.8561,    35.0055      
# span 19 =         28,        129      
# span 20 = 0.0000e+00, 0.0000e+00      
# interval = decibars: 2                
# start_time = Aug 14 2015 19:36:17 [NMEA time, header]
# bad_flag = -9.990e-29
*END*
[from data line 1104]
   2212.000   2179.638     2.9451     2.9458  32.505962  32.506366    6.07246     1.7254 9.1751e+02    -0.0232     0.0000      98.78    97.4422     0.0780      62885    6.07237    0.00000    34.9301    34.9299         34 0.0000e+00
   2214.000   2181.599     2.9391     2.9397  32.501399  32.501683    6.07427     1.7253 9.0211e+02    -0.0231     0.0000      98.78    97.4440     0.0780      62919    6.07413    0.00000    34.9300    34.9297         36 0.0000e+00
   2216.000   2183.559     2.9371     2.9376  32.500244  32.500383    6.07236     1.7245 8.6725e+02    -0.0229     0.0000      98.78    97.4446     0.0780      62965    6.07227    0.00000    34.9299    34.9294         60 0.0000e+00
   2218.000   2185.520     2.9362     2.9368  32.500217  32.500441    6.06792     1.7233 8.3622e+02    -0.0224     0.0000      98.78    97.4496     0.0780      63026    6.06790    0.00000    34.9298    34.9294         53 0.0000e+00
   2220.000   2187.480     2.9341     2.9346  32.499055  32.499268    6.06965     1.7233 8.2789e+02    -0.0232     0.0000      98.78    97.4489     0.0780      63073    6.06960    0.00000    34.9297    34.9293         44 0.0000e+00
   2222.000   2189.441     2.9302     2.9309  32.496213  32.496332    6.07001     1.7229 8.2043e+02    -0.0229     0.0000      98.78    97.4441     0.0780      63116    6.06990    0.00000    34.9295    34.9289         44 0.0000e+00
   2224.000   2191.401     2.9282     2.9288  32.495129  32.495415    6.07193     1.7229 8.2176e+02    -0.0226     0.0000      98.78    97.4415     0.0780      63163    6.07176    0.00000    34.9293    34.9290         49 0.0000e+00
   2226.000   2193.362     2.9228     2.9235  32.490722  32.490995    6.07469     1.7230 8.5512e+02    -0.0230     0.0000      98.78    97.4448     0.0780      63211    6.07485    0.00000    34.9288    34.9284         46 0.0000e+00
   2228.000   2195.322     2.9185     2.9191  32.487550  32.487858    6.07713     1.7230 9.1042e+02    -0.0225     0.0000      98.78    97.4431     0.0780      63256    6.07724    0.00000    34.9286    34.9283         45 0.0000e+00
   2230.000   2197.283     2.9123     2.9130  32.482254  32.482601    6.07908     1.7228 9.5472e+02    -0.0238     0.0000      98.78    97.4412     0.0780      63305    6.07931    0.00000    34.9278    34.9276         56 0.0000e+00
   2232.000   2199.243     2.9087     2.9093  32.479546  32.479716    6.08211     1.7229 9.5757e+02    -0.0235     0.0000      98.78    97.4420     0.0780      63364    6.08201    0.00000    34.9275    34.9271         55 0.0000e+00
   2234.000   2201.203     2.9075     2.9079  32.479292  32.479230    6.08417     1.7231 9.1887e+02    -0.0231     0.0000      98.78    97.4378     0.0780      63410    6.08445    0.00000    34.9276    34.9270         41 0.0000e+00
   2236.000   2203.164     2.9058     2.9065  32.478451  32.478656    6.08690     1.7231 9.1077e+02    -0.0230     0.0000      98.78    97.4445     0.0780      63450    6.08669    0.00000    34.9273    34.9269         41 0.0000e+00
   2238.000   2205.124     2.9037     2.9043  32.477372  32.477350    6.08834     1.7230 9.3666e+02    -0.0226     0.0000      98.78    97.4413     0.0780      63492    6.08812    0.00000    34.9273    34.9267         42 0.0000e+00
   2240.000   2207.085     2.8977     2.8982  32.472131  32.472363    6.09102     1.7231 9.7639e+02    -0.0226     0.0000      98.78    97.4328     0.0780      63541    6.09105    0.00000    34.9265    34.9263         61 0.0000e+00
   2242.000   2209.045     2.8909     2.8919  32.466113  32.466535    6.09173     1.7226 1.0064e+03    -0.0225     0.0000      98.78    97.4365     0.0780      63610    6.09161    0.00000    34.9255    34.9250         63 0.0000e+00
   2244.000   2211.005     2.8972     2.8980  32.473840  32.474116    6.09495     1.7232 1.0165e+03    -0.0227     0.0000      98.78    97.4364     0.0780      63658    6.09484    0.00000    34.9271    34.9267         39 0.0000e+00
   2246.000   2212.965     2.8940     2.8946  32.471997  32.472174    6.10127     1.7240 1.0493e+03    -0.0232     0.0000      98.78    97.4278     0.0780      63695    6.10120    0.00000    34.9274    34.9270         38 0.0000e+00
   2248.000   2214.925     2.8901     2.8907  32.469045  32.469454    6.10304     1.7239 1.0838e+03    -0.0231     0.0000      98.78    97.4186     0.0780      63735    6.10287    0.00000    34.9271    34.9269         43 0.0000e+00
   2250.000   2216.886     2.8850     2.8857  32.465024  32.465217    6.10206     1.7232 1.1124e+03    -0.0230     0.0000      98.78    97.4350     0.0780      63783    6.10209    0.00000    34.9266    34.9261         52 0.0000e+00
   2252.000   2218.846     2.8849     2.8855  32.465904  32.466111    6.10015     1.7225 1.1371e+03    -0.0222     0.0000      98.78    97.4353     0.0780      63838    6.09999    0.00000    34.9269    34.9264         58 0.0000e+00
   2254.000   2220.806     2.8857     2.8864  32.468100  32.468215    6.09859     1.7220 1.1251e+03    -0.0231     0.0000      98.78    97.4343     0.0780      63895    6.09866    0.00000    34.9277    34.9271         51 0.0000e+00
   2256.000   2222.766     2.8867     2.8873  32.470240  32.470386    6.09942     1.7218 1.0912e+03    -0.0230     0.0000      98.78    97.4437     0.0780      63939    6.09937    0.00000    34.9283    34.9278         41 0.0000e+00
   2258.000   2224.726     2.8841     2.8849  32.468609  32.469047    6.10010     1.7216 1.0532e+03    -0.0230     0.0000      98.78    97.4417     0.0780      63981    6.10005    0.00000    34.9281    34.9278         45 0.0000e+00
   2260.000   2226.686     2.8794     2.8800  32.465116  32.465303    6.09818     1.7207 1.0226e+03    -0.0231     0.0000      98.78    97.4446     0.0780      64029    6.09818    0.00000    34.9279    34.9275         47 0.0000e+00
   2262.000   2228.647     2.8756     2.8762  32.462284  32.462495    6.09852     1.7203 1.0021e+03    -0.0224     0.0000      98.78    97.4446     0.0780      64073    6.09837    0.00000    34.9276    34.9273         43 0.0000e+00
   2264.000   2230.607     2.8709     2.8716  32.458772  32.458998    6.09816     1.7196 9.6161e+02    -0.0229     0.0000      98.78    97.4446     0.0780      64118    6.09723    0.00000    34.9274    34.9270         49 0.0000e+00
   2266.000   2232.567     2.8699     2.8704  32.458842  32.458986    6.09894     1.7196 9.2179e+02    -0.0229     0.0000      98.78    97.4445     0.0780      64172    6.09889    0.00000    34.9277    34.9273         57 0.0000e+00
   2268.000   2234.527     2.8686     2.8691  32.458685  32.458747    6.10097     1.7196 8.8214e+02    -0.0226     0.0000      98.78    97.4244     0.0780      64226    6.10085    0.00000    34.9279    34.9274         50 0.0000e+00
   2270.000   2236.487     2.8684     2.8689  32.459225  32.459374    6.10157     1.7194 8.5107e+02    -0.0232     0.0000      98.78    97.4268     0.0780      64272    6.10137    0.00000    34.9278    34.9274         44 0.0000e+00
   2272.000   2238.447     2.8659     2.8664  32.457820  32.457918    6.09887     1.7185 8.5274e+02    -0.0237     0.0000      98.78    97.4425     0.0780      64317    6.09856    0.00000    34.9278    34.9274         44 0.0000e+00
   2274.000   2240.407     2.8633     2.8637  32.456349  32.456501    6.10063     1.7184 8.5918e+02    -0.0228     0.0000      98.78    97.4446     0.0780      64359    6.10032    0.00000    34.9279    34.9276         41 0.0000e+00
   2276.000   2242.367     2.8577     2.8582  32.452040  32.452334    6.10018     1.7179 8.2380e+02    -0.0235     0.0000      98.78    97.4373     0.0780      64402    6.10027    0.00000    34.9277    34.9275         46 0.0000e+00
   2278.000   2244.327     2.8540     2.8545  32.449487  32.449680    6.09824     1.7170 7.7587e+02    -0.0236     0.0000      98.78    97.4353     0.0780      64454    6.09813    0.00000    34.9276    34.9273         59 0.0000e+00
   2280.000   2246.287     2.8514     2.8519  32.447993  32.448129    6.09816     1.7166 8.0915e+02    -0.0233     0.0000      98.78    97.4428     0.0780      64515    6.09801    0.00000    34.9276    34.9272         59 0.0000e+00
   2282.000   2248.247     2.8511     2.8516  32.448603  32.448667    6.09894     1.7164 8.1883e+02    -0.0226     0.0000      98.78    97.4388     0.0780      64566    6.09884    0.00000    34.9277    34.9272         42 0.0000e+00
   2284.000   2250.207     2.8504     2.8510  32.448921  32.449012    6.10111     1.7165 8.0776e+02    -0.0234     0.0000      98.78    97.4304     0.0780      64603    6.10099    0.00000    34.9279    34.9274         34 0.0000e+00
   2286.000   2252.167     2.8487     2.8493  32.448178  32.448422    6.10119     1.7162 8.2877e+02    -0.0234     0.0000      98.78    97.4271     0.0780      64638    6.10095    0.00000    34.9278    34.9276         39 0.0000e+00
   2288.000   2254.127     2.8452     2.8461  32.445641  32.446208    6.09808     1.7151 8.6077e+02    -0.0232     0.0000      98.78    97.4398     0.0780      64697    6.09788    0.00000    34.9276    34.9273         78 0.0000e+00
   2290.000   2256.086     2.8408     2.8413  32.442335  32.442599    6.09903     1.7148 9.3787e+02    -0.0233     0.0000      98.78    97.4350     0.0780      64760    6.09861    0.00000    34.9273    34.9271         43 0.0000e+00
   2292.000   2258.046     2.8356     2.8362  32.438302  32.438595    6.10171     1.7149 9.9067e+02    -0.0236     0.0000      98.78    97.4302     0.0780      64797    6.10178    0.00000    34.9270    34.9268         35 0.0000e+00
   2294.000   2260.006     2.8335     2.8341  32.437194  32.437341    6.10165     1.7145 9.9430e+02    -0.0240     0.0000      98.78    97.4333     0.0780      64835    6.10161    0.00000    34.9269    34.9266         42 0.0000e+00
   2296.000   2261.966     2.8331     2.8335  32.437427  32.437568    6.09914     1.7137 9.6528e+02    -0.0237     0.0000      98.78    97.4372     0.0780      64886    6.09908    0.00000    34.9268    34.9265         60 0.0000e+00
   2298.000   2263.926     2.8331     2.8336  32.438334  32.438437    6.10016     1.7137 9.7104e+02    -0.0232     0.0000      98.78    97.4447     0.0780      64942    6.10070    0.00000    34.9269    34.9265         50 0.0000e+00
   2300.000   2265.885     2.8331     2.8335  32.439150  32.439291    6.10266     1.7137 1.0125e+03    -0.0232     0.0000      98.78    97.4443     0.0780      64990    6.10233    0.00000    34.9270    34.9266         46 0.0000e+00
   2302.000   2267.845     2.8322     2.8326  32.439072  32.439362    6.10454     1.7138 1.0605e+03    -0.0232     0.0000      98.78    97.4280     0.0780      65032    6.10444    0.00000    34.9269    34.9267         40 0.0000e+00
   2304.000   2269.805     2.8280     2.8285  32.435913  32.436131    6.10721     1.7138 1.0683e+03    -0.0230     0.0000      98.78    97.4249     0.0780      65074    6.10703    0.00000    34.9266    34.9262         46 0.0000e+00
   2306.000   2271.764     2.8252     2.8259  32.434350  32.434705    6.10699     1.7134 1.0460e+03    -0.0230     0.0000      98.78    97.4362     0.0780      65130    6.10679    0.00000    34.9267    34.9264         64 0.0000e+00
   2308.000   2273.724     2.8253     2.8259  32.435711  32.435631    6.10557     1.7128 1.0204e+03    -0.0236     0.0000      98.78    97.4390     0.0780      65189    6.10545    0.00000    34.9272    34.9266         49 0.0000e+00
   2310.000   2275.684     2.8274     2.8279  32.439268  32.439306    6.10691     1.7128 1.0120e+03    -0.0234     0.0000      98.78    97.4328     0.0780      65231    6.10668    0.00000    34.9284    34.9278         38 0.0000e+00
   2312.000   2277.643     2.8252     2.8258  32.438386  32.438641    6.10764     1.7126 1.0304e+03    -0.0229     0.0000      98.78    97.4396     0.0780      65268    6.10764    0.00000    34.9287    34.9284         39 0.0000e+00
   2314.000   2279.603     2.8220     2.8226  32.436188  32.436407    6.10567     1.7118 1.0544e+03    -0.0228     0.0000      98.78    97.4379     0.0780      65318    6.10550    0.00000    34.9285    34.9281         65 0.0000e+00
   2316.000   2281.563     2.8173     2.8180  32.432775  32.433003    6.10022     1.7102 1.0289e+03    -0.0231     0.0000      98.78    97.4397     0.0780      65383    6.10007    0.00000    34.9285    34.9280         51 0.0000e+00
   2318.000   2283.523     2.8140     2.8145  32.430505  32.430715    6.10023     1.7098 1.0020e+03    -0.0225     0.0000      98.78    97.4444     0.0780      65423    6.10004    0.00000    34.9283    34.9280         35 0.0000e+00
   2320.000   2285.482     2.8101     2.8108  32.427838  32.427913    6.09794     1.7089 1.0296e+03    -0.0227     0.0000      98.78    97.4446     0.0780      65457    6.09782    0.00000    34.9282    34.9276         37 0.0000e+00
   2322.000   2287.442     2.8094     2.8101  32.428105  32.428234    6.09825     1.7087 1.0326e+03    -0.0227     0.0000      98.78    97.4446     0.0780      65505    6.09810    0.00000    34.9284    34.9278         68 0.0000e+00
   2324.000   2289.401     2.8099     2.8106  32.429729  32.429920    6.09654     1.7080 9.7544e+02    -0.0231     0.0000      98.78    97.4441     0.0780      65584    6.09640    0.00000    34.9288    34.9283         62 0.0000e+00
   2326.000   2291.361     2.8091     2.8097  32.429981  32.430189    6.09766     1.7079 9.5928e+02    -0.0230     0.0000      98.78    97.4348     0.0780      65624    6.09751    0.00000    34.9291    34.9286         34 0.0000e+00
   2328.000   2293.320     2.8093     2.8100  32.431209  32.431182    6.09910     1.7079 9.5033e+02    -0.0230     0.0000      98.78    97.4340     0.0780      65657    6.09888    0.00000    34.9294    34.9286         34 0.0000e+00
   2330.000   2295.280     2.8102     2.8109  32.433011  32.433146    6.09645     1.7071 8.9524e+02    -0.0236     0.0000      98.78    97.4252     0.0780      65696    6.09622    0.00000    34.9296    34.9291         46 0.0000e+00
   2332.000   2297.239     2.8093     2.8099  32.432918  32.433007    6.09374     1.7062 7.9961e+02    -0.0232     0.0000      98.78    97.4330     0.0780      65750    6.09357    0.00000    34.9296    34.9290         60 0.0000e+00
   2334.000   2299.199     2.8064     2.8072  32.430991  32.431203    6.09161     1.7054 7.2402e+02    -0.0233     0.0000      98.78    97.4362     0.0780      65806    6.09146    0.00000    34.9294    34.9288         48 0.0000e+00
   2336.000   2301.158     2.8011     2.8020  32.426503  32.427040    6.09165     1.7049 6.9614e+02    -0.0236     0.0000      98.78    97.4299     0.0780      65851    6.09154    0.00000    34.9286    34.9283         44 0.0000e+00
   2338.000   2303.118     2.7926     2.7933  32.418830  32.419165    6.09026     1.7041 7.1144e+02    -0.0234     0.0000      98.78    97.4304     0.0780      65897    6.09015    0.00000    34.9275    34.9272         49 0.0000e+00
   2340.000   2305.077     2.7871     2.7878  32.414247  32.414671    6.09349     1.7041 7.3548e+02    -0.0230     0.0000      98.78    97.4313     0.0780      65945    6.09289    0.00000    34.9269    34.9267         46 0.0000e+00
   2342.000   2307.037     2.7841     2.7847  32.412313  32.412515    6.09610     1.7041 7.1667e+02    -0.0238     0.0000      98.78    97.4438     0.0780      65990    6.09517    0.00000    34.9268    34.9264         47 0.0000e+00
   2344.000   2308.996     2.7782     2.7789  32.407426  32.407749    6.09887     1.7043 6.7316e+02    -0.0238     0.0000      98.78    97.4378     0.0780      66042    6.09880    0.00000    34.9262    34.9258         55 0.0000e+00
   2346.000   2310.955     2.7749     2.7756  32.405138  32.405256    6.10229     1.7046 6.5194e+02    -0.0234     0.0000      98.78    97.4398     0.0780      66094    6.10226    0.00000    34.9260    34.9254         47 0.0000e+00
