Ship_data/Irminger/Irminger-2/ctd/process/OOI/dat30_003.cnv
* Sea-Bird SBE 9 Data File:
* FileName = C:\data\ctd\at30_003.hex
* Software Version Seasave V 7.21f
* Temperature SN = 2265
* Conductivity SN = 3021
* Number of Bytes Per Scan = 40
* Number of Voltage Words = 5
* Number of Scans Averaged by the Deck Unit = 1
* NMEA Latitude = 42 31.25 N
* NMEA Longitude = 062 34.71 W
* NMEA UTC (Time) = Aug 07 2015  17:47:11
# nquan = 21
# nvalues = 760                         
# units = specified
# name 0 = prDM: Pressure, Digiquartz [db]
# name 1 = depSM: Depth [salt water, m]
# name 2 = t090C: Temperature [ITS-90, deg C]
# name 3 = t190C: Temperature, 2 [ITS-90, deg C]
# name 4 = c0mS/cm: Conductivity [mS/cm]
# name 5 = c1mS/cm: Conductivity, 2 [mS/cm]
# name 6 = sbeox0ML/L: Oxygen, SBE 43 [ml/l]
# name 7 = sbeox0V: Oxygen raw, SBE 43 [V]
# name 8 = spar: SPAR/Surface Irradiance
# name 9 = flECO-AFL: Fluorescence, WET Labs ECO-AFL/FL [mg/m^3]
# name 10 = v2: Voltage 2
# name 11 = altM: Altimeter [m]
# name 12 = CStarTr0: Beam Transmission, WET Labs C-Star [%]
# name 13 = turbWETntu0: Turbidity, WET Labs ECO [NTU]
# name 14 = scan: Scan Count
# name 15 = sbeox0ML/L: Oxygen, SBE 43 [ml/l], WS = 2
# name 16 = sbeox0dOV/dT: Oxygen, SBE 43 [dov/dt], WS = 2
# name 17 = sal00: Salinity, Practical [PSU]
# name 18 = sal11: Salinity, Practical, 2 [PSU]
# name 19 = nbin: number of scans per bin
# name 20 = flag: flag
# span 0 =      2.000,   1520.000       
# span 1 =      1.984,   1502.527       
# span 2 =     3.9365,    21.4383       
# span 3 =     3.9372,    21.4389       
# span 4 =  33.125967,  46.782191       
# span 5 =  33.126131,  46.822564       
# span 6 =    3.10720,    6.62129       
# span 7 =     1.4520,     2.8837       
# span 8 = 4.7004e+02, 1.9601e+03       
# span 9 =    -0.0210,     2.1884       
# span 10 =     0.0000,     0.0000      
# span 11 =      87.20,      98.82      
# span 12 =    91.6450,    97.7185      
# span 13 =     0.0680,     0.1636      
# span 14 =        531,      96450      
# span 15 =    3.10723,    6.62227      
# span 16 =    0.00000,    0.00000      
# span 17 =    31.8510,    35.7286      
# span 18 =    31.8505,    35.7276      
# span 19 =         27,        132      
# span 20 = 0.0000e+00, 0.0000e+00      
# interval = decibars: 2                
# start_time = Aug 07 2015 17:47:11 [NMEA time, header]
# bad_flag = -9.990e-29
*END*
[from data line 690]
   1382.000   1366.560     4.0571     4.0574  33.180299  33.180290    5.78426     1.8397 6.7882e+02    -0.0191     0.0000      98.78    97.7062     0.0707      61961    5.78354    0.00000    34.9586    34.9583         45 0.0000e+00
   1384.000   1368.531     4.0547     4.0554  33.178982  33.179115    5.78523     1.8396 7.5035e+02    -0.0191     0.0000      98.78    97.7045     0.0707      62005    5.78521    0.00000    34.9586    34.9580         45 0.0000e+00
   1386.000   1370.502     4.0545     4.0551  33.179634  33.179704    5.78726     1.8397 1.2349e+03    -0.0193     0.0000      98.78    97.7010     0.0707      62052    5.78708    0.00000    34.9586    34.9581         51 0.0000e+00
   1388.000   1372.473     4.0521     4.0527  33.178302  33.178398    5.78466     1.8387 6.7428e+02    -0.0190     0.0000      98.78    97.7020     0.0707      62106    5.78454    0.00000    34.9586    34.9580         54 0.0000e+00
   1390.000   1374.444     4.0510     4.0516  33.178110  33.178181    5.78631     1.8387 5.4364e+02    -0.0194     0.0000      98.78    97.7018     0.0707      62157    5.78613    0.00000    34.9585    34.9579         48 0.0000e+00
   1392.000   1376.415     4.0487     4.0492  33.176805  33.176962    5.78874     1.8388 1.0030e+03    -0.0200     0.0000      98.78    97.7003     0.0707      62203    5.78851    0.00000    34.9584    34.9580         46 0.0000e+00
   1394.000   1378.387     4.0397     4.0401  33.169269  33.169473    5.78975     1.8384 5.1808e+02    -0.0200     0.0000      98.78    97.7062     0.0707      62254    5.78952    0.00000    34.9580    34.9578         55 0.0000e+00
   1396.000   1380.358     4.0326     4.0329  33.163545  33.163535    5.78927     1.8377 6.9267e+02    -0.0195     0.0000      98.78    97.7039     0.0707      62304    5.78909    0.00000    34.9577    34.9574         44 0.0000e+00
   1398.000   1382.329     4.0286     4.0291  33.160528  33.160548    5.79065     1.8375 5.5109e+02    -0.0195     0.0000      98.78    97.6996     0.0707      62348    5.79046    0.00000    34.9574    34.9570         44 0.0000e+00
   1400.000   1384.300     4.0270     4.0276  33.159922  33.160038    5.79141     1.8373 8.5283e+02    -0.0197     0.0000      98.78    97.6971     0.0707      62395    5.79120    0.00000    34.9574    34.9569         53 0.0000e+00
   1402.000   1386.271     4.0256     4.0260  33.159450  33.159283    5.79065     1.8367 9.9025e+02    -0.0194     0.0000      98.78    97.6982     0.0707      62452    5.79042    0.00000    34.9573    34.9568         57 0.0000e+00
   1404.000   1388.242     4.0249     4.0254  33.159711  33.159707    5.79035     1.8363 6.0267e+02    -0.0199     0.0000      98.78    97.6985     0.0707      62501    5.79016    0.00000    34.9574    34.9568         41 0.0000e+00
   1406.000   1390.213     4.0247     4.0253  33.160353  33.160436    5.79162     1.8362 7.1128e+02    -0.0191     0.0000      98.78    97.6956     0.0707      62540    5.79138    0.00000    34.9574    34.9569         40 0.0000e+00
   1408.000   1392.184     4.0246     4.0252  33.161038  33.161111    5.78738     1.8349 1.1299e+03    -0.0197     0.0000      98.78    97.6959     0.0707      62593    5.78722    0.00000    34.9573    34.9567         69 0.0000e+00
   1410.000   1394.154     4.0235     4.0245  33.160966  33.161317    5.78797     1.8347 7.9618e+02    -0.0200     0.0000      98.78    97.7010     0.0707      62656    5.78779    0.00000    34.9574    34.9568         47 0.0000e+00
   1412.000   1396.126     4.0229     4.0233  33.161249  33.161152    5.78826     1.8344 6.9973e+02    -0.0203     0.0000      98.78    97.6926     0.0707      62696    5.78807    0.00000    34.9574    34.9568         38 0.0000e+00
   1414.000   1398.096     4.0207     4.0213  33.159979  33.160161    5.78720     1.8337 1.1259e+03    -0.0195     0.0000      98.78    97.6956     0.0707      62738    5.78703    0.00000    34.9573    34.9568         51 0.0000e+00
   1416.000   1400.067     4.0169     4.0174  33.157148  33.157339    5.78906     1.8336 1.0433e+03    -0.0191     0.0000      98.78    97.6974     0.0707      62797    5.78887    0.00000    34.9569    34.9566         58 0.0000e+00
   1418.000   1402.038     4.0158     4.0163  33.157109  33.157169    5.78976     1.8334 8.7303e+02    -0.0194     0.0000      98.78    97.6986     0.0707      62845    5.78954    0.00000    34.9570    34.9565         42 0.0000e+00
   1420.000   1404.009     4.0139     4.0145  33.156451  33.156552    5.78763     1.8325 9.3790e+02    -0.0193     0.0000      98.78    97.6921     0.0707      62888    5.78746    0.00000    34.9572    34.9567         46 0.0000e+00
   1422.000   1405.980     4.0127     4.0132  33.156030  33.156077    5.78584     1.8318 1.0759e+03    -0.0197     0.0000      98.78    97.6958     0.0707      62942    5.78571    0.00000    34.9571    34.9566         61 0.0000e+00
   1424.000   1407.950     4.0122     4.0127  33.156506  33.156506    5.78642     1.8315 8.2027e+02    -0.0194     0.0000      98.78    97.6957     0.0707      62997    5.78626    0.00000    34.9571    34.9566         47 0.0000e+00
   1426.000   1409.921     4.0112     4.0117  33.156443  33.156492    5.78841     1.8316 7.8580e+02    -0.0198     0.0000      98.78    97.6862     0.0707      63042    5.78818    0.00000    34.9571    34.9566         46 0.0000e+00
   1428.000   1411.892     4.0046     4.0052  33.151059  33.151363    5.79141     1.8317 8.4081e+02    -0.0198     0.0000      98.78    97.6958     0.0707      63092    5.79102    0.00000    34.9568    34.9565         52 0.0000e+00
   1430.000   1413.863     3.9998     4.0004  33.147459  33.147457    5.79196     1.8313 9.3897e+02    -0.0203     0.0000      98.78    97.6960     0.0707      63142    5.79181    0.00000    34.9565    34.9560         50 0.0000e+00
   1432.000   1415.833     3.9977     3.9983  33.146294  33.146394    5.79385     1.8312 6.2855e+02    -0.0198     0.0000      98.78    97.6877     0.0707      63193    5.79341    0.00000    34.9564    34.9559         49 0.0000e+00
   1434.000   1417.804     3.9968     3.9974  33.146315  33.146325    5.79421     1.8311 7.2220e+02    -0.0194     0.0000      98.78    97.6899     0.0707      63239    5.79419    0.00000    34.9564    34.9558         45 0.0000e+00
   1436.000   1419.775     3.9969     3.9974  33.147238  33.147215    5.79609     1.8311 8.1763e+02    -0.0202     0.0000      98.78    97.6881     0.0707      63288    5.79603    0.00000    34.9565    34.9558         54 0.0000e+00
   1438.000   1421.745     3.9965     3.9971  33.147710  33.147804    5.79450     1.8304 1.0108e+03    -0.0200     0.0000      98.78    97.6857     0.0707      63342    5.79427    0.00000    34.9564    34.9559         52 0.0000e+00
   1440.000   1423.716     3.9948     3.9953  33.147040  33.147133    5.79169     1.8294 5.5627e+02    -0.0181     0.0000      98.78    97.6846     0.0707      63392    5.79159    0.00000    34.9565    34.9560         49 0.0000e+00
   1442.000   1425.687     3.9933     3.9938  33.146597  33.146477    5.79136     1.8289 6.0967e+02    -0.0193     0.0000      98.78    97.6887     0.0707      63440    5.79107    0.00000    34.9565    34.9558         45 0.0000e+00
   1444.000   1427.657     3.9926     3.9931  33.146789  33.146736    5.79161     1.8286 7.8692e+02    -0.0196     0.0000      98.78    97.6862     0.0707      63484    5.79133    0.00000    34.9565    34.9559         48 0.0000e+00
   1446.000   1429.628     3.9896     3.9901  33.144682  33.144735    5.79415     1.8287 9.6866e+02    -0.0202     0.0000      98.78    97.6916     0.0707      63543    5.79412    0.00000    34.9562    34.9557         65 0.0000e+00
   1448.000   1431.599     3.9890     3.9896  33.145151  33.145115    5.79255     1.8280 6.7434e+02    -0.0193     0.0000      98.78    97.6779     0.0707      63598    5.79231    0.00000    34.9563    34.9557         43 0.0000e+00
   1450.000   1433.569     3.9869     3.9874  33.144134  33.144179    5.79283     1.8276 5.2191e+02    -0.0197     0.0000      98.78    97.6800     0.0707      63636    5.79257    0.00000    34.9564    34.9559         37 0.0000e+00
   1452.000   1435.540     3.9843     3.9849  33.142595  33.142582    5.79288     1.8272 8.9094e+02    -0.0195     0.0000      98.78    97.6801     0.0707      63676    5.79279    0.00000    34.9563    34.9557         47 0.0000e+00
   1454.000   1437.510     3.9826     3.9832  33.141723  33.141796    5.79046     1.8263 9.6628e+02    -0.0196     0.0000      98.78    97.6858     0.0707      63741    5.79019    0.00000    34.9561    34.9555         73 0.0000e+00
   1456.000   1439.481     3.9814     3.9820  33.141610  33.141575    5.78972     1.8257 5.3485e+02    -0.0201     0.0000      98.78    97.6949     0.0707      63797    5.78958    0.00000    34.9563    34.9556         44 0.0000e+00
   1458.000   1441.451     3.9815     3.9821  33.142558  33.142530    5.79195     1.8259 7.7370e+02    -0.0196     0.0000      98.78    97.6812     0.0707      63838    5.79183    0.00000    34.9563    34.9556         41 0.0000e+00
   1460.000   1443.422     3.9812     3.9817  33.143043  33.143083    5.79094     1.8253 8.3279e+02    -0.0202     0.0000      98.78    97.6917     0.0707      63883    5.79064    0.00000    34.9562    34.9557         48 0.0000e+00
   1462.000   1445.392     3.9780     3.9786  33.141040  33.141053    5.79330     1.8254 6.6928e+02    -0.0205     0.0000      98.78    97.6870     0.0707      63934    5.79297    0.00000    34.9562    34.9556         52 0.0000e+00
   1464.000   1447.363     3.9736     3.9741  33.137725  33.137746    5.79537     1.8255 5.5264e+02    -0.0192     0.0000      98.78    97.6886     0.0707      63985    5.79566    0.00000    34.9560    34.9555         51 0.0000e+00
   1466.000   1449.333     3.9725     3.9730  33.137606  33.137582    5.79687     1.8253 5.0990e+02    -0.0202     0.0000      98.78    97.6860     0.0707      64035    5.79681    0.00000    34.9560    34.9555         48 0.0000e+00
   1468.000   1451.304     3.9708     3.9713  33.136863  33.136644    5.79523     1.8246 7.9048e+02    -0.0197     0.0000      98.78    97.6848     0.0707      64084    5.79521    0.00000    34.9559    34.9552         53 0.0000e+00
   1470.000   1453.274     3.9713     3.9718  33.138118  33.138042    5.79237     1.8236 5.6316e+02    -0.0190     0.0000      98.78    97.6799     0.0707      64139    5.79226    0.00000    34.9559    34.9552         52 0.0000e+00
   1472.000   1455.244     3.9710     3.9718  33.138621  33.138939    5.79104     1.8229 9.6091e+02    -0.0203     0.0000      98.78    97.6790     0.0707      64186    5.79073    0.00000    34.9559    34.9554         46 0.0000e+00
   1474.000   1457.215     3.9701     3.9707  33.138677  33.138743    5.79182     1.8228 5.1320e+02    -0.0204     0.0000      98.78    97.6810     0.0707      64233    5.79182    0.00000    34.9559    34.9553         48 0.0000e+00
   1476.000   1459.185     3.9681     3.9686  33.137684  33.137675    5.79321     1.8227 7.0500e+02    -0.0199     0.0000      98.78    97.6718     0.0707      64281    5.79314    0.00000    34.9558    34.9552         47 0.0000e+00
   1478.000   1461.155     3.9657     3.9663  33.136299  33.136328    5.79292     1.8222 1.1324e+03    -0.0202     0.0000      98.78    97.6712     0.0707      64331    5.79275    0.00000    34.9557    34.9551         54 0.0000e+00
   1480.000   1463.125     3.9642     3.9648  33.135635  33.135772    5.79418     1.8221 9.3599e+02    -0.0204     0.0000      98.78    97.6741     0.0707      64386    5.79415    0.00000    34.9556    34.9551         54 0.0000e+00
   1482.000   1465.096     3.9620     3.9628  33.134538  33.134668    5.79327     1.8214 5.1648e+02    -0.0203     0.0000      98.78    97.6649     0.0707      64436    5.79312    0.00000    34.9556    34.9549         45 0.0000e+00
   1484.000   1467.066     3.9609     3.9614  33.134373  33.134349    5.79291     1.8210 8.3957e+02    -0.0199     0.0000      98.78    97.6650     0.0707      64479    5.79274    0.00000    34.9556    34.9550         44 0.0000e+00
   1486.000   1469.036     3.9601     3.9605  33.134408  33.134356    5.79375     1.8208 1.1945e+03    -0.0196     0.0000      98.78    97.6590     0.0707      64529    5.79374    0.00000    34.9555    34.9550         58 0.0000e+00
   1488.000   1471.006     3.9590     3.9596  33.134278  33.134242    5.79385     1.8205 7.9191e+02    -0.0195     0.0000      98.78    97.6521     0.0707      64587    5.79377    0.00000    34.9555    34.9548         52 0.0000e+00
   1490.000   1472.977     3.9592     3.9597  33.135358  33.135293    5.79369     1.8201 5.3290e+02    -0.0201     0.0000      98.78    97.6497     0.0707      64633    5.79361    0.00000    34.9555    34.9549         42 0.0000e+00
   1492.000   1474.947     3.9587     3.9592  33.135704  33.135634    5.79252     1.8195 9.1618e+02    -0.0208     0.0000      98.78    97.6436     0.0707      64675    5.79246    0.00000    34.9555    34.9549         46 0.0000e+00
   1494.000   1476.917     3.9575     3.9580  33.135290  33.135295    5.78852     1.8181 8.1871e+02    -0.0200     0.0000      98.78    97.6388     0.0707      64732    5.78785    0.00000    34.9553    34.9548         63 0.0000e+00
   1496.000   1478.887     3.9573     3.9579  33.136115  33.136101    5.78895     1.8181 9.8481e+02    -0.0200     0.0000      98.78    97.6268     0.0707      64784    5.78961    0.00000    34.9555    34.9548         42 0.0000e+00
   1498.000   1480.857     3.9573     3.9579  33.136908  33.136871    5.78979     1.8178 8.8866e+02    -0.0197     0.0000      98.78    97.6281     0.0707      64825    5.78973    0.00000    34.9554    34.9548         43 0.0000e+00
   1500.000   1482.827     3.9565     3.9571  33.136985  33.137060    5.78923     1.8173 9.4301e+02    -0.0191     0.0000      98.78    97.6277     0.0707      64876    5.78899    0.00000    34.9554    34.9549         59 0.0000e+00
   1502.000   1484.797     3.9566     3.9569  33.137794  33.137479    5.78735     1.8166 9.0099e+02    -0.0201     0.0000      98.78    97.6310     0.0707      64964    5.78724    0.00000    34.9553    34.9546         82 0.0000e+00
   1504.000   1486.768     3.9544     3.9550  33.136625  33.136477    5.78437     1.8155 7.1081e+02    -0.0199     0.0000      98.78    97.6195     0.0707      65155    5.78431    0.00000    34.9552    34.9544         94 0.0000e+00
   1506.000   1488.737     3.9524     3.9531  33.135587  33.135678    5.78370     1.8149 6.4401e+02    -0.0196     0.0000      98.78    97.6280     0.0707      65373    5.78352    0.00000    34.9552    34.9545         97 0.0000e+00
   1508.000   1490.708     3.9518     3.9527  33.135854  33.136138    5.77912     1.8135 7.1084e+02    -0.0195     0.0000      98.78    97.6298     0.0707      65584    5.77895    0.00000    34.9551    34.9545        100 0.0000e+00
   1510.000   1492.678     3.9480     3.9487  33.133248  33.133329    5.78278     1.8139 7.1382e+02    -0.0195     0.0000      98.78    97.6094     0.0707      65779    5.78273    0.00000    34.9550    34.9544        118 0.0000e+00
   1512.000   1494.648     3.9438     3.9448  33.130252  33.130540    5.78327     1.8135 7.9476e+02    -0.0201     0.0000      98.78    97.5948     0.0707      65938    5.78315    0.00000    34.9550    34.9543         92 0.0000e+00
   1514.000   1496.617     3.9425     3.9434  33.129882  33.130227    5.78396     1.8133 9.4839e+02    -0.0203     0.0000      98.78    97.5947     0.0707      66094    5.78382    0.00000    34.9549    34.9543         84 0.0000e+00
   1516.000   1498.587     3.9399     3.9406  33.128252  33.128488    5.78395     1.8127 9.6547e+02    -0.0198     0.0000      98.78    97.6057     0.0707      66236    5.78316    0.00000    34.9548    34.9542         92 0.0000e+00
