Ship_data/Irminger/Irminger-2/ctd/process/OOI/dat30_009.cnv
* Sea-Bird SBE 9 Data File:
* FileName = C:\data\ctd\at30_009.hex
* Software Version Seasave V 7.21f
* Temperature SN = 2265
* Conductivity SN = 3021
* Number of Bytes Per Scan = 40
* Number of Voltage Words = 5
* Number of Scans Averaged by the Deck Unit = 1
* NMEA Latitude = 59 42.40 N
* NMEA Longitude = 039 19.92 W
* NMEA UTC (Time) = Aug 19 2015  15:06:00
** FLMB 1 for cal
# nquan = 21
# nvalues = 1427                        
# units = specified
# name 0 = prDM: Pressure, Digiquartz [db]
# name 1 = depSM: Depth [salt water, m]
# name 2 = t090C: Temperature [ITS-90, deg C]
# name 3 = t190C: Temperature, 2 [ITS-90, deg C]
# name 4 = c0mS/cm: Conductivity [mS/cm]
# name 5 = c1mS/cm: Conductivity, 2 [mS/cm]
# name 6 = sbeox0ML/L: Oxygen, SBE 43 [ml/l]
# name 7 = sbeox0V: Oxygen raw, SBE 43 [V]
# name 8 = spar: SPAR/Surface Irradiance
# name 9 = flECO-AFL: Fluorescence, WET Labs ECO-AFL/FL [mg/m^3]
# name 10 = v2: Voltage 2
# name 11 = altM: Altimeter [m]
# name 12 = CStarTr0: Beam Transmission, WET Labs C-Star [%]
# name 13 = turbWETntu0: Turbidity, WET Labs ECO [NTU]
# name 14 = scan: Scan Count
# name 15 = sbeox0ML/L: Oxygen, SBE 43 [ml/l], WS = 2
# name 16 = sbeox0dOV/dT: Oxygen, SBE 43 [dov/dt], WS = 2
# name 17 = sal00: Salinity, Practical [PSU]
# name 18 = sal11: Salinity, Practical, 2 [PSU]
# name 19 = nbin: number of scans per bin
# name 20 = flag: flag
# span 0 =      4.000,   2856.000       
# span 1 =      3.962,   2810.074       
# span 2 =     1.5359,     8.3321       
# span 3 =     1.5350,     8.3325       
# span 4 =  31.493138,  36.380495       
# span 5 =  31.490707,  36.380703       
# span 6 =    5.98807,    6.97636       
# span 7 =     1.6676,     2.5187       
# span 8 = 3.2851e+02, 4.1920e+02       
# span 9 =    -0.0318,     2.1160       
# span 10 =     0.0000,     0.0000      
# span 11 =      14.92,     104.74      
# span 12 =    92.8676,    97.5932      
# span 13 =     0.0730,     0.1351      
# span 14 =        789,      79855      
# span 15 =    5.98803,    6.97729      
# span 16 =    0.00000,    0.00000      
# span 17 =    34.8433,    34.9400      
# span 18 =    34.8429,    34.9406      
# span 19 =         21,        132      
# span 20 = 0.0000e+00, 0.0000e+00      
# interval = decibars: 2                
# start_time = Aug 19 2015 15:06:00 [NMEA time, header]
# bad_flag = -9.990e-29
*END*
[from data line 345]
    694.000    686.323     3.6433     3.6436  32.454017  32.454441    6.63626     2.1553 3.4902e+02    -0.0255     0.0000      98.78    97.5031     0.0764      24687    6.63604    0.00000    34.8873    34.8874         52 0.0000e+00
    696.000    688.298     3.6436     3.6439  32.455149  32.455635    6.63269     2.1541 3.4836e+02    -0.0218     0.0000      98.78    97.5076     0.0780      24735    6.63252    0.00000    34.8873    34.8875         41 0.0000e+00
    698.000    690.272     3.6425     3.6427  32.454957  32.455440    6.63290     2.1536 3.4782e+02    -0.0296     0.0000      98.78    97.5069     0.0822      24771    6.63275    0.00000    34.8871    34.8875         34 0.0000e+00
    700.000    692.247     3.6413     3.6415  32.454578  32.455075    6.63076     2.1526 3.4800e+02    -0.0289     0.0000      98.78    97.4836     0.0782      24809    6.63065    0.00000    34.8869    34.8873         45 0.0000e+00
    702.000    694.222     3.6415     3.6417  32.455600  32.456080    6.62779     2.1515 3.4744e+02    -0.0285     0.0000      98.78    97.5059     0.0800      24872    6.62773    0.00000    34.8869    34.8873         70 0.0000e+00
    704.000    696.196     3.6410     3.6413  32.456151  32.456674    6.62978     2.1516 3.4710e+02    -0.0190     0.0000      98.78    97.5083     0.0838      24925    6.62970    0.00000    34.8870    34.8873         41 0.0000e+00
    706.000    698.171     3.6401     3.6404  32.456171  32.456615    6.62796     2.1507 3.4696e+02    -0.0291     0.0000      98.78    97.5088     0.0784      24964    6.62792    0.00000    34.8869    34.8872         40 0.0000e+00
    708.000    700.145     3.6403     3.6406  32.457246  32.457694    6.62821     2.1503 3.4614e+02    -0.0228     0.0000      98.78    97.5162     0.0761      25007    6.62811    0.00000    34.8869    34.8872         47 0.0000e+00
    710.000    702.120     3.6406     3.6409  32.458424  32.458875    6.63160     2.1507 3.4457e+02    -0.0219     0.0000      98.78    97.5050     0.0771      25059    6.63150    0.00000    34.8870    34.8872         54 0.0000e+00
    712.000    704.094     3.6411     3.6415  32.459740  32.460311    6.63262     2.1505 3.4454e+02    -0.0217     0.0000      98.78    97.5122     0.0776      25109    6.63250    0.00000    34.8870    34.8872         45 0.0000e+00
    714.000    706.068     3.6419     3.6422  32.461383  32.461887    6.63734     2.1513 3.4481e+02    -0.0267     0.0000      98.78    97.5065     0.0755      25148    6.63710    0.00000    34.8870    34.8874         35 0.0000e+00
    716.000    708.043     3.6422     3.6424  32.462624  32.463043    6.63878     2.1513 3.4403e+02    -0.0235     0.0000      98.78    97.5086     0.0756      25187    6.63863    0.00000    34.8872    34.8875         48 0.0000e+00
    718.000    710.017     3.6427     3.6429  32.463854  32.464309    6.63742     2.1504 3.4405e+02    -0.0297     0.0000      98.78    97.5087     0.0767      25251    6.63696    0.00000    34.8870    34.8873         66 0.0000e+00
    720.000    711.991     3.6431     3.6435  32.465382  32.465840    6.63921     2.1505 3.4419e+02    -0.0174     0.0000      98.78    97.5075     0.0783      25300    6.63895    0.00000    34.8873    34.8875         39 0.0000e+00
    722.000    713.966     3.6433     3.6436  32.466376  32.466870    6.63807     2.1498 3.4303e+02    -0.0195     0.0000      98.78    97.5100     0.0793      25340    6.63782    0.00000    34.8873    34.8875         48 0.0000e+00
    724.000    715.940     3.6431     3.6434  32.467017  32.467552    6.63197     2.1479 3.4187e+02    -0.0216     0.0000      98.78    97.4949     0.0803      25396    6.63185    0.00000    34.8872    34.8875         56 0.0000e+00
    726.000    717.914     3.6418     3.6421  32.466619  32.467123    6.63568     2.1484 3.4063e+02    -0.0262     0.0000      98.78    97.5112     0.0787      25442    6.63549    0.00000    34.8871    34.8874         38 0.0000e+00
    728.000    719.889     3.6410     3.6413  32.466649  32.467272    6.64083     2.1491 3.3857e+02    -0.0238     0.0000      98.78    97.5122     0.0809      25479    6.64057    0.00000    34.8869    34.8873         39 0.0000e+00
    730.000    721.863     3.6407     3.6410  32.467160  32.467687    6.63868     2.1482 3.3805e+02    -0.0247     0.0000      98.78    97.5055     0.0807      25526    6.63843    0.00000    34.8868    34.8872         54 0.0000e+00
    732.000    723.837     3.6406     3.6409  32.467993  32.468491    6.63499     2.1469 3.3701e+02    -0.0243     0.0000      98.78    97.4919     0.0784      25576    6.63484    0.00000    34.8869    34.8872         45 0.0000e+00
    734.000    725.811     3.6407     3.6410  32.469071  32.469479    6.63729     2.1470 3.3652e+02    -0.0267     0.0000      98.78    97.5071     0.0795      25624    6.63708    0.00000    34.8870    34.8871         55 0.0000e+00
    736.000    727.786     3.6409     3.6412  32.470069  32.470574    6.64004     2.1472 3.3560e+02    -0.0165     0.0000      98.78    97.5070     0.0790      25681    6.63975    0.00000    34.8870    34.8872         53 0.0000e+00
    738.000    729.760     3.6412     3.6415  32.471251  32.471772    6.64132     2.1469 3.3497e+02    -0.0165     0.0000      98.78    97.4900     0.0762      25729    6.64001    0.00000    34.8869    34.8872         44 0.0000e+00
    740.000    731.734     3.6413     3.6416  32.472181  32.472818    6.64205     2.1469 3.3403e+02    -0.0254     0.0000      98.78    97.5101     0.0755      25771    6.64174    0.00000    34.8869    34.8873         40 0.0000e+00
    742.000    733.708     3.6408     3.6410  32.472588  32.472972    6.64009     2.1459 3.3343e+02    -0.0280     0.0000      98.78    97.5070     0.0767      25812    6.63968    0.00000    34.8868    34.8871         44 0.0000e+00
    744.000    735.682     3.6393     3.6395  32.472058  32.472441    6.63628     2.1446 3.3330e+02    -0.0247     0.0000      98.78    97.4892     0.0785      25862    6.63611    0.00000    34.8868    34.8871         54 0.0000e+00
    746.000    737.656     3.6386     3.6388  32.472312  32.472584    6.63754     2.1444 3.3327e+02    -0.0192     0.0000      97.33    97.5062     0.0803      25909    6.63733    0.00000    34.8867    34.8869         41 0.0000e+00
    748.000    739.630     3.6400     3.6403  32.474549  32.475021    6.63236     2.1428 3.3329e+02    -0.0196     0.0000      96.37    97.5038     0.0815      25955    6.63226    0.00000    34.8870    34.8872         55 0.0000e+00
    750.000    741.604     3.6402     3.6405  32.475542  32.476055    6.63140     2.1422 3.3408e+02    -0.0238     0.0000      98.95    97.5047     0.0761      26015    6.63133    0.00000    34.8869    34.8872         53 0.0000e+00
    752.000    743.578     3.6404     3.6407  32.476637  32.477128    6.63736     2.1432 3.3448e+02    -0.0203     0.0000      98.78    97.5009     0.0759      26057    6.63715    0.00000    34.8869    34.8872         39 0.0000e+00
    754.000    745.552     3.6404     3.6407  32.477595  32.478125    6.63654     2.1426 3.3470e+02    -0.0208     0.0000      98.78    97.5150     0.0753      26099    6.63611    0.00000    34.8869    34.8873         46 0.0000e+00
    756.000    747.527     3.6406     3.6408  32.478595  32.478982    6.63629     2.1421 3.3483e+02    -0.0219     0.0000      98.78    97.5180     0.0786      26146    6.63598    0.00000    34.8869    34.8872         46 0.0000e+00
    758.000    749.500     3.6407     3.6408  32.479476  32.479923    6.63553     2.1416 3.3612e+02    -0.0215     0.0000      98.78    97.5098     0.0764      26195    6.63582    0.00000    34.8868    34.8872         54 0.0000e+00
    760.000    751.474     3.6408     3.6410  32.480458  32.480971    6.63341     2.1406 3.3762e+02    -0.0216     0.0000      98.78    97.5085     0.0795      26247    6.63328    0.00000    34.8868    34.8872         47 0.0000e+00
    762.000    753.448     3.6410     3.6412  32.481554  32.482037    6.63158     2.1398 3.3801e+02    -0.0235     0.0000      98.78    97.5074     0.0786      26292    6.63149    0.00000    34.8869    34.8872         46 0.0000e+00
    764.000    755.422     3.6412     3.6414  32.482653  32.483042    6.63214     2.1395 3.3966e+02    -0.0246     0.0000      98.78    97.5178     0.0800      26340    6.63204    0.00000    34.8869    34.8872         49 0.0000e+00
    766.000    757.396     3.6413     3.6414  32.483536  32.484020    6.63434     2.1396 3.4097e+02    -0.0222     0.0000      98.78    97.5143     0.0810      26386    6.63420    0.00000    34.8869    34.8873         41 0.0000e+00
    768.000    759.370     3.6409     3.6410  32.484001  32.484448    6.63543     2.1394 3.4094e+02    -0.0230     0.0000      98.78    97.5088     0.0809      26426    6.63526    0.00000    34.8868    34.8871         44 0.0000e+00
    770.000    761.344     3.6423     3.6424  32.486295  32.486632    6.63252     2.1384 3.4337e+02    -0.0247     0.0000      98.78    97.5210     0.0746      26486    6.63241    0.00000    34.8869    34.8872         70 0.0000e+00
    772.000    763.318     3.6443     3.6444  32.489308  32.489727    6.63610     2.1389 3.4508e+02    -0.0185     0.0000      98.78    97.5104     0.0730      26542    6.63589    0.00000    34.8874    34.8878         40 0.0000e+00
    774.000    765.292     3.6433     3.6436  32.489161  32.489699    6.63500     2.1382 3.4411e+02    -0.0193     0.0000      98.78    97.5038     0.0731      26576    6.63483    0.00000    34.8872    34.8876         34 0.0000e+00
    776.000    767.265     3.6420     3.6422  32.488650  32.489234    6.63208     2.1370 3.4457e+02    -0.0193     0.0000      98.78    97.5079     0.0731      26620    6.63198    0.00000    34.8870    34.8875         57 0.0000e+00
    778.000    769.240     3.6416     3.6418  32.489213  32.489628    6.63070     2.1362 3.4602e+02    -0.0188     0.0000      98.78    97.4947     0.0731      26677    6.63063    0.00000    34.8869    34.8873         46 0.0000e+00
    780.000    771.213     3.6412     3.6415  32.489704  32.490176    6.63275     2.1363 3.4570e+02    -0.0188     0.0000      98.78    97.4998     0.0731      26715    6.63263    0.00000    34.8869    34.8872         36 0.0000e+00
    782.000    773.187     3.6407     3.6409  32.490057  32.490514    6.63545     2.1365 3.4530e+02    -0.0187     0.0000      98.78    97.5066     0.0731      26760    6.63528    0.00000    34.8868    34.8872         60 0.0000e+00
    784.000    775.161     3.6412     3.6413  32.491409  32.491840    6.63787     2.1366 3.4699e+02    -0.0190     0.0000      98.78    97.5150     0.0731      26823    6.63765    0.00000    34.8869    34.8873         56 0.0000e+00
    786.000    777.134     3.6419     3.6421  32.492986  32.493439    6.63683     2.1360 3.4691e+02    -0.0190     0.0000      98.78    97.5158     0.0731      26870    6.63660    0.00000    34.8870    34.8873         41 0.0000e+00
    788.000    779.108     3.6425     3.6427  32.494507  32.494948    6.63560     2.1352 3.4623e+02    -0.0194     0.0000      98.78    97.4954     0.0731      26912    6.63497    0.00000    34.8871    34.8875         47 0.0000e+00
    790.000    781.082     3.6426     3.6427  32.495449  32.495938    6.63518     2.1349 3.4546e+02    -0.0189     0.0000      98.78    97.5030     0.0731      26963    6.63532    0.00000    34.8871    34.8875         50 0.0000e+00
    792.000    783.055     3.6425     3.6428  32.496241  32.496715    6.63782     2.1350 3.4480e+02    -0.0183     0.0000      98.78    97.5086     0.0731      27004    6.63746    0.00000    34.8871    34.8874         33 0.0000e+00
    794.000    785.029     3.6419     3.6421  32.496546  32.496971    6.63598     2.1341 3.4318e+02    -0.0194     0.0000      98.78    97.5052     0.0731      27040    6.63577    0.00000    34.8870    34.8874         46 0.0000e+00
    796.000    787.003     3.6420     3.6422  32.497497  32.497934    6.62911     2.1321 3.4161e+02    -0.0190     0.0000      98.78    97.5067     0.0731      27104    6.62905    0.00000    34.8870    34.8873         68 0.0000e+00
    798.000    788.976     3.6423     3.6425  32.498777  32.499188    6.62891     2.1316 3.4145e+02    -0.0185     0.0000      98.78    97.5048     0.0731      27155    6.62885    0.00000    34.8872    34.8875         43 0.0000e+00
    800.000    790.950     3.6424     3.6425  32.499656  32.500157    6.62855     2.1311 3.4060e+02    -0.0189     0.0000      98.78    97.5033     0.0731      27202    6.62840    0.00000    34.8871    34.8876         50 0.0000e+00
    802.000    792.924     3.6424     3.6426  32.500656  32.501018    6.63036     2.1311 3.4007e+02    -0.0192     0.0000      98.78    97.4991     0.0731      27247    6.63028    0.00000    34.8872    34.8875         39 0.0000e+00
    804.000    794.897     3.6423     3.6425  32.501412  32.501856    6.63004     2.1306 3.3989e+02    -0.0193     0.0000      98.78    97.5018     0.0731      27287    6.62997    0.00000    34.8872    34.8875         46 0.0000e+00
    806.000    796.871     3.6421     3.6423  32.501988  32.502458    6.62975     2.1301 3.4098e+02    -0.0198     0.0000      98.78    97.5056     0.0731      27341    6.62962    0.00000    34.8870    34.8874         56 0.0000e+00
    808.000    798.844     3.6424     3.6427  32.503285  32.503669    6.63201     2.1303 3.4210e+02    -0.0195     0.0000      98.78    97.4976     0.0731      27388    6.63189    0.00000    34.8872    34.8874         40 0.0000e+00
    810.000    800.818     3.6430     3.6432  32.504681  32.505099    6.62928     2.1292 3.4159e+02    -0.0195     0.0000      98.78    97.5071     0.0731      27428    6.62921    0.00000    34.8873    34.8875         44 0.0000e+00
    812.000    802.791     3.6415     3.6417  32.503986  32.504425    6.62743     2.1283 3.4321e+02    -0.0192     0.0000      98.78    97.5036     0.0731      27483    6.62730    0.00000    34.8870    34.8873         60 0.0000e+00
    814.000    804.765     3.6418     3.6419  32.505189  32.505551    6.62980     2.1285 3.4405e+02    -0.0193     0.0000      98.78    97.5012     0.0731      27534    6.62971    0.00000    34.8871    34.8873         45 0.0000e+00
    816.000    806.738     3.6423     3.6427  32.506622  32.507112    6.62624     2.1272 3.4383e+02    -0.0195     0.0000      98.78    97.5092     0.0731      27581    6.62610    0.00000    34.8871    34.8874         49 0.0000e+00
    818.000    808.712     3.6430     3.6433  32.508167  32.508545    6.62540     2.1266 3.4365e+02    -0.0191     0.0000      98.78    97.5155     0.0731      27629    6.62534    0.00000    34.8873    34.8874         47 0.0000e+00
    820.000    810.685     3.6419     3.6423  32.508105  32.508643    6.63029     2.1273 3.4307e+02    -0.0195     0.0000      98.78    97.5073     0.0731      27675    6.63020    0.00000    34.8872    34.8875         44 0.0000e+00
    822.000    812.658     3.6399     3.6402  32.506887  32.507324    6.62956     2.1266 3.4267e+02    -0.0189     0.0000      98.78    97.5036     0.0731      27718    6.62923    0.00000    34.8869    34.8871         44 0.0000e+00
    824.000    814.632     3.6400     3.6404  32.507823  32.508210    6.63041     2.1265 3.4263e+02    -0.0191     0.0000      98.78    97.5045     0.0731      27764    6.63047    0.00000    34.8869    34.8869         48 0.0000e+00
    826.000    816.605     3.6415     3.6419  32.510104  32.510673    6.62790     2.1255 3.4316e+02    -0.0197     0.0000      98.78    97.5107     0.0731      27817    6.62772    0.00000    34.8870    34.8872         57 0.0000e+00
    828.000    818.579     3.6424     3.6427  32.511952  32.512338    6.62919     2.1253 3.4316e+02    -0.0188     0.0000      98.78    97.5170     0.0731      27868    6.62861    0.00000    34.8872    34.8873         45 0.0000e+00
