Ship_data/Irminger/Irminger-2/ctd/process/OOI/dat30_013.cnv
* Sea-Bird SBE 9 Data File:
* FileName = C:\data\ctd\at30_013.hex
* Software Version Seasave V 7.21f
* Temperature SN = 2265
* Conductivity SN = 3021
* Number of Bytes Per Scan = 40
* Number of Voltage Words = 5
* Number of Scans Averaged by the Deck Unit = 1
* NMEA Latitude = 59 53.87 N
* NMEA Longitude = 039 34.33 W
* NMEA UTC (Time) = Aug 23 2015  21:20:25
** cal / val for SUMO 2
# nquan = 21
# nvalues = 759                         
# units = specified
# name 0 = prDM: Pressure, Digiquartz [db]
# name 1 = depSM: Depth [salt water, m]
# name 2 = t090C: Temperature [ITS-90, deg C]
# name 3 = t190C: Temperature, 2 [ITS-90, deg C]
# name 4 = c0mS/cm: Conductivity [mS/cm]
# name 5 = c1mS/cm: Conductivity, 2 [mS/cm]
# name 6 = sbeox0ML/L: Oxygen, SBE 43 [ml/l]
# name 7 = sbeox0V: Oxygen raw, SBE 43 [V]
# name 8 = spar: SPAR/Surface Irradiance
# name 9 = flECO-AFL: Fluorescence, WET Labs ECO-AFL/FL [mg/m^3]
# name 10 = v2: Voltage 2
# name 11 = altM: Altimeter [m]
# name 12 = CStarTr0: Beam Transmission, WET Labs C-Star [%]
# name 13 = turbWETntu0: Turbidity, WET Labs ECO [NTU]
# name 14 = scan: Scan Count
# name 15 = sbeox0ML/L: Oxygen, SBE 43 [ml/l], WS = 2
# name 16 = sbeox0dOV/dT: Oxygen, SBE 43 [dov/dt], WS = 2
# name 17 = sal00: Salinity, Practical [PSU]
# name 18 = sal11: Salinity, Practical, 2 [PSU]
# name 19 = nbin: number of scans per bin
# name 20 = flag: flag
# span 0 =      6.000,   1522.000       
# span 1 =      5.943,   1502.178       
# span 2 =     3.4552,     8.4887       
# span 3 =     3.4559,     8.4894       
# span 4 =  32.486495,  36.568755       
# span 5 =  32.486759,  36.568745       
# span 6 =    6.00822,    6.79375       
# span 7 =     1.8592,     2.5253       
# span 8 = 3.0365e+01, 5.8266e+01       
# span 9 =    -0.0722,     1.8007       
# span 10 =     0.0000,     0.0000      
# span 11 =      82.64,      99.66      
# span 12 =    93.3670,    97.7893      
# span 13 =     0.0665,     0.1311      
# span 14 =       1571,      48929      
# span 15 =    6.00801,    6.79388      
# span 16 =    0.00000,    0.00000      
# span 17 =    34.8358,    35.0267      
# span 18 =    34.8357,    35.0272      
# span 19 =         27,        125      
# span 20 = 0.0000e+00, 0.0000e+00      
# interval = decibars: 2                
# start_time = Aug 23 2015 21:20:25 [NMEA time, header]
# bad_flag = -9.990e-29
*END*
[from data line 621]
   1248.000   1232.546     3.5595     3.5597  32.616236  32.616152    6.40080     1.9846 3.5047e+01    -0.0521     0.0000      98.73    97.7656     0.0670      38594    6.40068    0.00000    34.8838    34.8835         48 0.0000e+00
   1250.000   1234.515     3.5587     3.5594  32.616243  32.616723    6.39248     1.9823 3.4844e+01    -0.0520     0.0000      98.73    97.7773     0.0671      38647    6.39229    0.00000    34.8836    34.8834         55 0.0000e+00
   1252.000   1236.485     3.5671     3.5676  32.625912  32.626020    6.38430     1.9804 3.5233e+01    -0.0519     0.0000      98.73    97.7798     0.0674      38695    6.38411    0.00000    34.8852    34.8848         42 0.0000e+00
   1254.000   1238.454     3.5702     3.5705  32.629986  32.630048    6.37934     1.9791 3.5082e+01    -0.0520     0.0000      98.73    97.7862     0.0676      38735    6.37926    0.00000    34.8858    34.8855         38 0.0000e+00
   1256.000   1240.423     3.5721     3.5729  32.632881  32.633446    6.37367     1.9775 3.5170e+01    -0.0522     0.0000      98.73    97.7720     0.0675      38774    6.37353    0.00000    34.8862    34.8860         44 0.0000e+00
   1258.000   1242.393     3.5714     3.5714  32.632777  32.632568    6.36800     1.9757 3.5046e+01    -0.0517     0.0000      98.73    97.7753     0.0673      38835    6.36775    0.00000    34.8858    34.8855         77 0.0000e+00
   1260.000   1244.362     3.5718     3.5724  32.634104  32.634451    6.36279     1.9742 3.4960e+01    -0.0519     0.0000      98.73    97.7856     0.0671      38901    6.36264    0.00000    34.8860    34.8857         50 0.0000e+00
   1262.000   1246.331     3.5599     3.5615  32.622718  32.624819    6.36148     1.9731 3.5038e+01    -0.0514     0.0000      98.73    97.7893     0.0671      38947    6.36142    0.00000    34.8840    34.8848         44 0.0000e+00
   1264.000   1248.301     3.5483     3.5504  32.611586  32.613897    6.36076     1.9720 3.4913e+01    -0.0516     0.0000      98.73    97.7717     0.0673      38987    6.36078    0.00000    34.8820    34.8825         36 0.0000e+00
   1266.000   1250.270     3.5424     3.5431  32.606335  32.606926    6.36290     1.9719 3.5104e+01    -0.0512     0.0000      98.73    97.7688     0.0673      39023    6.36290    0.00000    34.8810    34.8809         39 0.0000e+00
   1268.000   1252.239     3.5429     3.5430  32.607638  32.607419    6.36806     1.9727 3.5192e+01    -0.0519     0.0000      98.73    97.7682     0.0672      39070    6.36793    0.00000    34.8810    34.8806         54 0.0000e+00
   1270.000   1254.208     3.5402     3.5412  32.605645  32.606566    6.37807     1.9745 3.4837e+01    -0.0520     0.0000      98.73    97.7766     0.0672      39125    6.37804    0.00000    34.8805    34.8806         56 0.0000e+00
   1272.000   1256.177     3.5376     3.5381  32.603962  32.604126    6.38212     1.9749 3.4870e+01    -0.0518     0.0000      98.73    97.7799     0.0672      39187    6.38205    0.00000    34.8802    34.8799         66 0.0000e+00
   1274.000   1258.146     3.5375     3.5379  32.604625  32.604897    6.38838     1.9756 3.5027e+01    -0.0521     0.0000      98.73    97.7689     0.0676      39246    6.38681    0.00000    34.8801    34.8800         49 0.0000e+00
   1276.000   1260.116     3.5326     3.5344  32.600456  32.601925    6.39025     1.9756 3.4786e+01    -0.0512     0.0000      98.73    97.7808     0.0674      39286    6.38939    0.00000    34.8794    34.8791         34 0.0000e+00
   1278.000   1262.085     3.5352     3.5345  32.604391  32.603788    6.39084     1.9757 3.5049e+01    -0.0516     0.0000      98.73    97.7693     0.0674      39319    6.39087    0.00000    34.8803    34.8803         33 0.0000e+00
   1280.000   1264.054     3.5431     3.5429  32.613468  32.611920    6.39108     1.9757 3.4708e+01    -0.0515     0.0000      98.73    97.7610     0.0674      39358    6.39106    0.00000    34.8816    34.8800         50 0.0000e+00
   1282.000   1266.023     3.5940     3.6055  32.666790  32.675951    6.38036     1.9750 3.4989e+01    -0.0522     0.0000      98.73    97.7686     0.0677      39425    6.38027    0.00000    34.8903    34.8890         70 0.0000e+00
   1284.000   1267.992     3.6139     3.6141  32.689039  32.689333    6.36787     1.9726 3.4779e+01    -0.0511     0.0000      98.73    97.7584     0.0672      39478    6.36762    0.00000    34.8946    34.8948         46 0.0000e+00
   1286.000   1269.961     3.6002     3.5982  32.675822  32.673766    6.34546     1.9666 3.5011e+01    -0.0522     0.0000      98.73    97.7572     0.0673      39529    6.34523    0.00000    34.8923    34.8921         54 0.0000e+00
   1288.000   1271.930     3.6008     3.5995  32.677122  32.675233    6.32607     1.9618 3.4953e+01    -0.0518     0.0000      98.73    97.7401     0.0672      39576    6.32589    0.00000    34.8923    34.8914         39 0.0000e+00
   1290.000   1273.899     3.6647     3.6630  32.744933  32.739974    6.30569     1.9595 3.4721e+01    -0.0524     0.0000      98.73    97.7553     0.0667      39614    6.30540    0.00000    34.9042    34.9002         41 0.0000e+00
   1292.000   1275.868     3.6884     3.6848  32.770603  32.766339    6.29260     1.9571 3.4923e+01    -0.0525     0.0000      98.73    97.7601     0.0666      39661    6.29237    0.00000    34.9086    34.9074         50 0.0000e+00
   1294.000   1277.837     3.7050     3.7043  32.788607  32.787192    6.26264     1.9506 3.4775e+01    -0.0523     0.0000      98.73    97.7690     0.0665      39711    6.26240    0.00000    34.9114    34.9105         52 0.0000e+00
   1296.000   1279.806     3.7123     3.7128  32.797061  32.796966    6.22896     1.9429 3.4860e+01    -0.0509     0.0000      98.73    97.7588     0.0666      39763    6.22875    0.00000    34.9127    34.9121         49 0.0000e+00
   1298.000   1281.775     3.7185     3.7195  32.804233  32.805128    6.20704     1.9378 3.4584e+01    -0.0515     0.0000      98.73    97.7682     0.0666      39808    6.20682    0.00000    34.9137    34.9136         44 0.0000e+00
   1300.000   1283.744     3.7173     3.7181  32.803889  32.804361    6.18170     1.9316 3.4730e+01    -0.0512     0.0000      98.73    97.7627     0.0670      39867    6.18151    0.00000    34.9135    34.9133         74 0.0000e+00
   1302.000   1285.712     3.7211     3.7212  32.808521  32.808266    6.16700     1.9280 3.4310e+01    -0.0516     0.0000      98.73    97.7589     0.0669      39927    6.16691    0.00000    34.9140    34.9136         40 0.0000e+00
   1304.000   1287.681     3.7140     3.7150  32.802208  32.804115    6.16417     1.9267 3.4859e+01    -0.0512     0.0000      98.73    97.7585     0.0672      39960    6.16392    0.00000    34.9130    34.9142         31 0.0000e+00
   1306.000   1289.650     3.6935     3.6937  32.782444  32.782833    6.16264     1.9252 3.4820e+01    -0.0514     0.0000      98.73    97.7598     0.0673      39993    6.16249    0.00000    34.9102    34.9105         38 0.0000e+00
   1308.000   1291.619     3.7005     3.7013  32.790821  32.790975    6.15454     1.9233 3.4761e+01    -0.0509     0.0000      98.73    97.7564     0.0672      40041    6.15447    0.00000    34.9117    34.9111         56 0.0000e+00
   1310.000   1293.588     3.7036     3.7043  32.794902  32.795201    6.15440     1.9230 3.4551e+01    -0.0514     0.0000      98.73    97.7513     0.0672      40106    6.15434    0.00000    34.9124    34.9120         84 0.0000e+00
   1312.000   1295.557     3.7057     3.7068  32.798152  32.798454    6.15230     1.9223 3.4798e+01    -0.0517     0.0000      98.73    97.7627     0.0675      40182    6.15225    0.00000    34.9130    34.9122         46 0.0000e+00
   1314.000   1297.525     3.7235     3.7236  32.817576  32.817316    6.14856     1.9218 3.4561e+01    -0.0512     0.0000      98.73    97.7644     0.0671      40215    6.14850    0.00000    34.9162    34.9158         29 0.0000e+00
   1316.000   1299.494     3.7076     3.7077  32.802671  32.803809    6.15264     1.9217 3.4633e+01    -0.0504     0.0000      98.73    97.7496     0.0670      40243    6.15257    0.00000    34.9144    34.9156         29 0.0000e+00
   1318.000   1301.463     3.6797     3.6818  32.775013  32.777937    6.15067     1.9198 3.4417e+01    -0.0510     0.0000      98.73    97.7544     0.0667      40277    6.15058    0.00000    34.9100    34.9112         44 0.0000e+00
   1320.000   1303.432     3.6689     3.6706  32.764733  32.766433    6.14338     1.9173 3.4587e+01    -0.0520     0.0000      98.73    97.7601     0.0670      40348    6.14328    0.00000    34.9082    34.9084         85 0.0000e+00
   1322.000   1305.400     3.6681     3.6682  32.764834  32.764130    6.15340     1.9192 3.4752e+01    -0.0519     0.0000      98.73    97.7728     0.0670      40409    6.15341    0.00000    34.9082    34.9073         42 0.0000e+00
   1324.000   1307.369     3.6781     3.6783  32.776357  32.775660    6.15479     1.9193 3.4713e+01    -0.0510     0.0000      98.73    97.7583     0.0675      40448    6.15361    0.00000    34.9103    34.9093         38 0.0000e+00
   1326.000   1309.338     3.6944     3.6947  32.794827  32.794308    6.15284     1.9193 3.4583e+01    -0.0512     0.0000      98.73    97.7537     0.0670      40490    6.15211    0.00000    34.9139    34.9131         48 0.0000e+00
   1328.000   1311.306     3.6961     3.6965  32.797720  32.797816    6.14822     1.9181 3.4561e+01    -0.0521     0.0000      98.73    97.7662     0.0670      40540    6.14811    0.00000    34.9146    34.9143         50 0.0000e+00
   1330.000   1313.275     3.6961     3.6965  32.798615  32.798644    6.13733     1.9152 3.4659e+01    -0.0512     0.0000      98.73    97.7589     0.0672      40587    6.13714    0.00000    34.9147    34.9143         45 0.0000e+00
   1332.000   1315.244     3.6958     3.6965  32.799484  32.799892    6.12653     1.9124 3.4451e+01    -0.0517     0.0000      98.73    97.7572     0.0675      40635    6.12634    0.00000    34.9150    34.9148         55 0.0000e+00
   1334.000   1317.212     3.6945     3.6947  32.799206  32.799125    6.11888     1.9103 3.4677e+01    -0.0519     0.0000      98.73    97.7552     0.0675      40692    6.11871    0.00000    34.9150    34.9148         51 0.0000e+00
   1336.000   1319.181     3.6933     3.6935  32.799075  32.798966    6.11575     1.9092 3.4593e+01    -0.0515     0.0000      98.73    97.7586     0.0673      40737    6.11565    0.00000    34.9152    34.9148         43 0.0000e+00
   1338.000   1321.149     3.7033     3.7033  32.810647  32.809525    6.11146     1.9082 3.4675e+01    -0.0514     0.0000      98.73    97.7585     0.0672      40781    6.11137    0.00000    34.9173    34.9160         47 0.0000e+00
   1340.000   1323.118     3.7261     3.7266  32.835777  32.835819    6.10462     1.9073 3.4624e+01    -0.0510     0.0000      98.73    97.7585     0.0674      40835    6.10456    0.00000    34.9220    34.9215         59 0.0000e+00
   1342.000   1325.087     3.7198     3.7202  32.830748  32.831501    6.09719     1.9049 3.4900e+01    -0.0521     0.0000      98.73    97.7559     0.0673      40889    6.09696    0.00000    34.9217    34.9221         49 0.0000e+00
   1344.000   1327.055     3.7146     3.7151  32.826875  32.826758    6.08766     1.9023 3.4760e+01    -0.0522     0.0000      98.73    97.7502     0.0676      40937    6.08761    0.00000    34.9217    34.9210         44 0.0000e+00
   1346.000   1329.024     3.7291     3.7295  32.843360  32.842944    6.08175     1.9011 3.4895e+01    -0.0514     0.0000      98.73    97.7530     0.0672      40977    6.08147    0.00000    34.9248    34.9239         37 0.0000e+00
   1348.000   1330.992     3.7339     3.7346  32.849562  32.849816    6.07886     1.9003 3.4882e+01    -0.0518     0.0000      98.73    97.7469     0.0671      41015    6.07855    0.00000    34.9260    34.9257         45 0.0000e+00
   1350.000   1332.960     3.7318     3.7328  32.848439  32.849170    6.06700     1.8972 3.4802e+01    -0.0518     0.0000      98.73    97.7550     0.0674      41083    6.06686    0.00000    34.9259    34.9257         80 0.0000e+00
   1352.000   1334.929     3.7323     3.7329  32.850276  32.850628    6.06178     1.8957 3.4731e+01    -0.0528     0.0000      98.73    97.7478     0.0672      41143    6.06157    0.00000    34.9266    34.9264         43 0.0000e+00
   1354.000   1336.897     3.7275     3.7276  32.846578  32.846555    6.06222     1.8952 3.4950e+01    -0.0518     0.0000      98.73    97.7499     0.0671      41182    6.06203    0.00000    34.9264    34.9261         37 0.0000e+00
   1356.000   1338.866     3.7271     3.7274  32.847099  32.847076    6.05937     1.8942 3.4833e+01    -0.0514     0.0000      98.73    97.7533     0.0672      41219    6.05911    0.00000    34.9263    34.9260         40 0.0000e+00
   1358.000   1340.834     3.7271     3.7274  32.847902  32.847891    6.05596     1.8931 3.4909e+01    -0.0517     0.0000      98.73    97.7549     0.0671      41264    6.05578    0.00000    34.9263    34.9260         53 0.0000e+00
   1360.000   1342.802     3.7270     3.7272  32.848516  32.848637    6.05084     1.8916 3.4800e+01    -0.0516     0.0000      98.73    97.7348     0.0677      41324    6.05077    0.00000    34.9261    34.9260         61 0.0000e+00
   1362.000   1344.771     3.7237     3.7238  32.846162  32.846203    6.04888     1.8907 3.5200e+01    -0.0515     0.0000      98.73    97.7459     0.0672      41379    6.04886    0.00000    34.9259    34.9258         47 0.0000e+00
   1364.000   1346.739     3.7191     3.7196  32.842683  32.843042    6.04799     1.8900 3.5352e+01    -0.0526     0.0000      98.73    97.7409     0.0674      41421    6.04825    0.00000    34.9256    34.9255         41 0.0000e+00
   1366.000   1348.707     3.7178     3.7181  32.843069  32.842968    6.04870     1.8900 3.4920e+01    -0.0520     0.0000      98.73    97.7559     0.0674      41464    6.05001    0.00000    34.9264    34.9260         49 0.0000e+00
   1368.000   1350.675     3.7193     3.7194  32.845843  32.845755    6.04923     1.8895 3.5256e+01    -0.0521     0.0000      98.73    97.7588     0.0672      41521    6.04909    0.00000    34.9271    34.9269         57 0.0000e+00
   1370.000   1352.644     3.7179     3.7182  32.845610  32.845530    6.04789     1.8888 3.5448e+01    -0.0523     0.0000      98.73    97.7417     0.0670      41568    6.04784    0.00000    34.9273    34.9269         41 0.0000e+00
   1372.000   1354.612     3.7174     3.7177  32.846128  32.846084    6.04448     1.8877 3.5296e+01    -0.0517     0.0000      98.73    97.7497     0.0673      41611    6.04449    0.00000    34.9274    34.9271         48 0.0000e+00
   1374.000   1356.580     3.7173     3.7175  32.846824  32.846761    6.04022     1.8863 3.5117e+01    -0.0517     0.0000      98.73    97.7455     0.0667      41664    6.03991    0.00000    34.9274    34.9272         54 0.0000e+00
   1376.000   1358.549     3.7173     3.7175  32.847723  32.847722    6.04032     1.8860 3.5336e+01    -0.0523     0.0000      98.73    97.7479     0.0670      41715    6.04027    0.00000    34.9274    34.9272         48 0.0000e+00
   1378.000   1360.517     3.7175     3.7177  32.848877  32.848849    6.03897     1.8853 3.5176e+01    -0.0517     0.0000      98.73    97.7483     0.0673      41760    6.03871    0.00000    34.9276    34.9273         44 0.0000e+00
   1380.000   1362.485     3.7178     3.7180  32.850044  32.850036    6.03901     1.8850 3.5242e+01    -0.0518     0.0000      98.73    97.7558     0.0672      41807    6.03888    0.00000    34.9277    34.9274         50 0.0000e+00
   1382.000   1364.453     3.7167     3.7170  32.849877  32.849990    6.03672     1.8841 3.5283e+01    -0.0521     0.0000      98.73    97.7585     0.0673      41860    6.03645    0.00000    34.9277    34.9275         55 0.0000e+00
