Ship_data/Irminger/Irminger-2/ctd/process/OOI/dat30_011.cnv
* Sea-Bird SBE 9 Data File:
* FileName = C:\data\ctd\at30_011.hex
* Software Version Seasave V 7.21f
* Temperature SN = 2265
* Conductivity SN = 3021
* Number of Bytes Per Scan = 40
* Number of Voltage Words = 5
* Number of Scans Averaged by the Deck Unit = 1
* NMEA Latitude = 59 41.19 N
* NMEA Longitude = 039 21.93 W
* NMEA UTC (Time) = Aug 21 2015  19:14:51
** cal val post deployment at FLMB2
# nquan = 21
# nvalues = 1429                        
# units = specified
# name 0 = prDM: Pressure, Digiquartz [db]
# name 1 = depSM: Depth [salt water, m]
# name 2 = t090C: Temperature [ITS-90, deg C]
# name 3 = t190C: Temperature, 2 [ITS-90, deg C]
# name 4 = c0mS/cm: Conductivity [mS/cm]
# name 5 = c1mS/cm: Conductivity, 2 [mS/cm]
# name 6 = sbeox0ML/L: Oxygen, SBE 43 [ml/l]
# name 7 = sbeox0V: Oxygen raw, SBE 43 [V]
# name 8 = spar: SPAR/Surface Irradiance
# name 9 = flECO-AFL: Fluorescence, WET Labs ECO-AFL/FL [mg/m^3]
# name 10 = v2: Voltage 2
# name 11 = altM: Altimeter [m]
# name 12 = CStarTr0: Beam Transmission, WET Labs C-Star [%]
# name 13 = turbWETntu0: Turbidity, WET Labs ECO [NTU]
# name 14 = scan: Scan Count
# name 15 = sbeox0ML/L: Oxygen, SBE 43 [ml/l], WS = 2
# name 16 = sbeox0dOV/dT: Oxygen, SBE 43 [dov/dt], WS = 2
# name 17 = sal00: Salinity, Practical [PSU]
# name 18 = sal11: Salinity, Practical, 2 [PSU]
# name 19 = nbin: number of scans per bin
# name 20 = flag: flag
# span 0 =      2.000,   2858.000       
# span 1 =      1.981,   2812.034       
# span 2 =     1.5246,     8.6317       
# span 3 =     1.5253,     8.6311       
# span 4 =  31.485401,  36.668459       
# span 5 =  31.485595,  36.666167       
# span 6 =    6.00693,    6.99476       
# span 7 =     1.6771,     2.5280       
# span 8 = 5.7511e+02, 1.7177e+03       
# span 9 =    -0.0712,     1.9068       
# span 10 =     0.0000,     0.0000      
# span 11 =      17.75,      98.93      
# span 12 =    93.7140,    97.5195      
# span 13 =     0.0673,     0.1222      
# span 14 =        766,      82112      
# span 15 =    6.00679,    6.99570      
# span 16 =    0.00000,    0.00000      
# span 17 =    34.8492,    34.9371      
# span 18 =    34.8505,    34.9371      
# span 19 =         14,        124      
# span 20 = 0.0000e+00, 0.0000e+00      
# interval = decibars: 2                
# start_time = Aug 21 2015 19:14:51 [NMEA time, header]
# bad_flag = -9.990e-29
*END*
[from data line 1311]
   2624.000   2583.196     2.3103     2.3110  32.089980  32.090232    6.29264     1.6819 8.1442e+02    -0.0446     0.0000      98.73    97.4147     0.0701      71805    6.29248    0.00000    34.9087    34.9082         67 0.0000e+00
   2626.000   2585.153     2.3078     2.3084  32.088612  32.088875    6.29536     1.6819 8.1460e+02    -0.0448     0.0000      98.73    97.4142     0.0698      71855    6.29454    0.00000    34.9087    34.9084         42 0.0000e+00
   2628.000   2587.110     2.2917     2.2921  32.074565  32.075127    6.30082     1.6820 8.0488e+02    -0.0443     0.0000      98.73    97.4150     0.0704      71896    6.29965    0.00000    34.9080    34.9082         41 0.0000e+00
   2630.000   2589.067     2.2742     2.2749  32.059097  32.059919    6.30527     1.6820 8.2402e+02    -0.0442     0.0000      98.73    97.4184     0.0707      71940    6.30484    0.00000    34.9068    34.9071         50 0.0000e+00
   2632.000   2591.024     2.2565     2.2572  32.043575  32.043902    6.30996     1.6820 8.6117e+02    -0.0448     0.0000      98.73    97.4185     0.0706      71992    6.30997    0.00000    34.9059    34.9055         49 0.0000e+00
   2634.000   2592.980     2.2503     2.2511  32.038959  32.039202    6.31658     1.6827 8.7086e+02    -0.0444     0.0000      98.73    97.4185     0.0700      72037    6.31661    0.00000    34.9060    34.9054         43 0.0000e+00
   2636.000   2594.937     2.2490     2.2498  32.039054  32.039291    6.32152     1.6833 8.7610e+02    -0.0448     0.0000      98.73    97.4103     0.0701      72083    6.32156    0.00000    34.9065    34.9060         51 0.0000e+00
   2638.000   2596.894     2.2413     2.2425  32.032825  32.033700    6.32506     1.6833 9.2476e+02    -0.0440     0.0000      98.73    97.4001     0.0707      72137    6.32470    0.00000    34.9063    34.9061         56 0.0000e+00
   2640.000   2598.851     2.2332     2.2339  32.026022  32.026172    6.32815     1.6833 9.7695e+02    -0.0443     0.0000      98.73    97.4088     0.0706      72195    6.32792    0.00000    34.9057    34.9052         55 0.0000e+00
   2642.000   2600.808     2.2250     2.2256  32.019579  32.019928    6.33146     1.6834 9.9064e+02    -0.0434     0.0000      98.73    97.4091     0.0704      72243    6.33144    0.00000    34.9057    34.9055         43 0.0000e+00
   2644.000   2602.764     2.2136     2.2142  32.010612  32.011041    6.33536     1.6834 9.9499e+02    -0.0446     0.0000      98.73    97.4062     0.0696      72285    6.33546    0.00000    34.9060    34.9059         43 0.0000e+00
   2646.000   2604.721     2.2015     2.2023  32.000640  32.001136    6.33941     1.6834 1.0110e+03    -0.0443     0.0000      98.73    97.3859     0.0701      72333    6.33941    0.00000    34.9058    34.9056         53 0.0000e+00
   2648.000   2606.678     2.1915     2.1921  31.992737  31.993014    6.34324     1.6834 1.0310e+03    -0.0444     0.0000      98.73    97.3590     0.0696      72382    6.34297    0.00000    34.9060    34.9056         43 0.0000e+00
   2650.000   2608.635     2.1772     2.1778  31.980928  31.981865    6.34828     1.6834 1.0348e+03    -0.0450     0.0000      98.73    97.3476     0.0701      72424    6.34732    0.00000    34.9059    34.9064         45 0.0000e+00
   2652.000   2610.591     2.1564     2.1573  31.962841  31.963357    6.35339     1.6835 1.0169e+03    -0.0441     0.0000      98.73    97.3268     0.0701      72483    6.35334    0.00000    34.9051    34.9048         72 0.0000e+00
   2654.000   2612.548     2.1236     2.1244  31.932929  31.934429    6.36156     1.6835 9.9654e+02    -0.0447     0.0000      98.73    97.3227     0.0700      72546    6.36164    0.00000    34.9027    34.9037         47 0.0000e+00
   2656.000   2614.504     2.1082     2.1086  31.919183  31.919161    6.37001     1.6842 1.0169e+03    -0.0445     0.0000      98.73    97.3111     0.0700      72586    6.37010    0.00000    34.9015    34.9011         38 0.0000e+00
   2658.000   2616.461     2.1039     2.1044  31.916043  31.916140    6.37559     1.6848 1.0497e+03    -0.0441     0.0000      98.73    97.3024     0.0702      72625    6.37574    0.00000    34.9014    34.9009         42 0.0000e+00
   2660.000   2618.418     2.0986     2.0992  31.912012  31.912209    6.38208     1.6854 1.0756e+03    -0.0445     0.0000      98.73    97.2960     0.0701      72670    6.38197    0.00000    34.9012    34.9007         47 0.0000e+00
   2662.000   2620.374     2.0943     2.0948  31.909001  31.909112    6.39180     1.6868 1.0887e+03    -0.0446     0.0000      98.73    97.2861     0.0701      72720    6.39176    0.00000    34.9011    34.9008         58 0.0000e+00
   2664.000   2622.331     2.0924     2.0909  31.907986  31.906258    6.40067     1.6880 1.0832e+03    -0.0445     0.0000      98.73    97.2871     0.0701      72794    6.40050    0.00000    34.9010    34.9005         71 0.0000e+00
   2666.000   2624.287     2.0849     2.0857  31.902158  31.903058    6.40831     1.6888 1.1179e+03    -0.0451     0.0000      98.73    97.2787     0.0698      72842    6.40822    0.00000    34.9009    34.9012         37 0.0000e+00
   2668.000   2626.244     2.0444     2.0448  31.865479  31.866864    6.42211     1.6896 1.1536e+03    -0.0447     0.0000      98.73    97.2651     0.0699      72878    6.42215    0.00000    34.8986    34.8998         37 0.0000e+00
   2670.000   2628.200     2.0287     2.0297  31.851955  31.852822    6.42729     1.6897 1.1773e+03    -0.0461     0.0000      98.73    97.2637     0.0706      72917    6.42725    0.00000    34.8979    34.8979         42 0.0000e+00
   2672.000   2630.157     2.0185     2.0194  31.843540  31.844167    6.43781     1.6909 1.1828e+03    -0.0442     0.0000      98.73    97.2700     0.0707      72965    6.43783    0.00000    34.8976    34.8973         57 0.0000e+00
   2674.000   2632.113     2.0086     2.0095  31.835497  31.835925    6.45446     1.6933 1.1972e+03    -0.0448     0.0000      98.73    97.2706     0.0701      73031    6.45434    0.00000    34.8974    34.8970         67 0.0000e+00
   2676.000   2634.070     2.0008     2.0014  31.829602  31.829915    6.46918     1.6954 1.2521e+03    -0.0451     0.0000      98.73    97.2735     0.0704      73088    6.46920    0.00000    34.8976    34.8973         48 0.0000e+00
   2678.000   2636.026     1.9924     1.9929  31.823138  31.823539    6.47824     1.6964 1.2888e+03    -0.0449     0.0000      98.73    97.2657     0.0707      73130    6.47801    0.00000    34.8977    34.8977         38 0.0000e+00
   2680.000   2637.983     1.9709     1.9714  31.805490  31.806262    6.49007     1.6975 1.3059e+03    -0.0447     0.0000      98.73    97.2630     0.0707      73166    6.49000    0.00000    34.8982    34.8987         36 0.0000e+00
   2682.000   2639.939     1.9592     1.9598  31.796683  31.796970    6.49496     1.6976 1.3174e+03    -0.0443     0.0000      98.73    97.2435     0.0704      73211    6.49482    0.00000    34.8990    34.8988         59 0.0000e+00
   2684.000   2641.895     1.9530     1.9538  31.792626  31.792873    6.50364     1.6987 1.3489e+03    -0.0449     0.0000      98.73    97.2197     0.0701      73277    6.50345    0.00000    34.8997    34.8992         60 0.0000e+00
   2686.000   2643.852     1.9483     1.9490  31.789519  31.789801    6.51187     1.7001 1.3753e+03    -0.0447     0.0000      98.73    97.1884     0.0707      73327    6.51415    0.00000    34.9000    34.8997         46 0.0000e+00
   2688.000   2645.808     1.9398     1.9403  31.783004  31.783431    6.51714     1.7001 1.3823e+03    -0.0450     0.0000      98.73    97.1726     0.0707      73372    6.51722    0.00000    34.9003    34.9002         46 0.0000e+00
   2690.000   2647.765     1.9345     1.9351  31.779223  31.779482    6.52044     1.7001 1.3936e+03    -0.0442     0.0000      98.73    97.1498     0.0702      73420    6.52001    0.00000    34.9003    34.9000         48 0.0000e+00
   2692.000   2649.721     1.9235     1.9240  31.770510  31.770962    6.52413     1.7001 1.4163e+03    -0.0447     0.0000      98.73    97.1171     0.0701      73470    6.52394    0.00000    34.9005    34.9005         54 0.0000e+00
   2694.000   2651.677     1.9038     1.9042  31.754101  31.754782    6.52982     1.7002 1.4202e+03    -0.0445     0.0000      98.73    97.1111     0.0696      73523    6.53000    0.00000    34.9006    34.9009         48 0.0000e+00
   2696.000   2653.633     1.8725     1.8729  31.727166  31.728302    6.53760     1.7002 1.4233e+03    -0.0441     0.0000      98.73    97.0911     0.0700      73566    6.53789    0.00000    34.9001    34.9011         40 0.0000e+00
   2698.000   2655.590     1.8505     1.8509  31.708495  31.708808    6.54287     1.7001 1.4175e+03    -0.0440     0.0000      98.73    97.0815     0.0704      73609    6.54323    0.00000    34.8999    34.8998         50 0.0000e+00
   2700.000   2657.546     1.8377     1.8383  31.698136  31.698497    6.54563     1.6997 1.4065e+03    -0.0436     0.0000      98.73    97.0783     0.0701      73674    6.54554    0.00000    34.9000    34.8997         73 0.0000e+00
   2702.000   2659.502     1.8279     1.8285  31.690747  31.690960    6.54846     1.6996 1.4332e+03    -0.0436     0.0000      98.73    97.0849     0.0700      73732    6.54850    0.00000    34.9004    34.9001         44 0.0000e+00
   2704.000   2661.458     1.8211     1.8213  31.685663  31.686076    6.55414     1.7001 1.4525e+03    -0.0451     0.0000      98.73    97.1012     0.0703      73771    6.55422    0.00000    34.9006    34.9008         36 0.0000e+00
   2706.000   2663.415     1.8046     1.8039  31.671771  31.671524    6.55735     1.6995 1.4567e+03    -0.0450     0.0000      98.73    97.1043     0.0702      73808    6.55549    0.00000    34.9003    34.9007         39 0.0000e+00
   2708.000   2665.371     1.7895     1.7878  31.658708  31.657201    6.55907     1.6991 1.4597e+03    -0.0438     0.0000      98.73    97.0911     0.0700      73860    6.55857    0.00000    34.8994    34.8994         72 0.0000e+00
   2710.000   2667.327     1.7783     1.7790  31.649598  31.650065    6.56234     1.6991 1.4853e+03    -0.0448     0.0000      98.73    97.0611     0.0702      73930    6.56240    0.00000    34.8993    34.8992         52 0.0000e+00
   2712.000   2669.283     1.7712     1.7718  31.644346  31.644476    6.56541     1.6991 1.4880e+03    -0.0447     0.0000      98.73    97.0425     0.0701      73969    6.56552    0.00000    34.8995    34.8990         36 0.0000e+00
   2714.000   2671.239     1.7665     1.7672  31.641357  31.641718    6.56834     1.6991 1.4945e+03    -0.0448     0.0000      98.73    97.0191     0.0706      74007    6.56815    0.00000    34.9000    34.8997         39 0.0000e+00
   2716.000   2673.195     1.7568     1.7573  31.633595  31.634193    6.57067     1.6989 1.5116e+03    -0.0447     0.0000      98.73    97.0162     0.0707      74049    6.57053    0.00000    34.8999    34.9001         44 0.0000e+00
   2718.000   2675.151     1.7462     1.7463  31.624872  31.624821    6.56987     1.6980 1.5206e+03    -0.0441     0.0000      98.73    97.0167     0.0704      74101    6.56973    0.00000    34.8996    34.8994         70 0.0000e+00
   2720.000   2677.108     1.7429     1.7417  31.622919  31.621408    6.57073     1.6979 1.5216e+03    -0.0442     0.0000      98.73    97.0195     0.0702      74173    6.57147    0.00000    34.8998    34.8992         54 0.0000e+00
   2722.000   2679.063     1.7407     1.7412  31.622161  31.622044    6.57025     1.6974 1.5138e+03    -0.0445     0.0000      98.73    97.0093     0.0700      74212    6.57077    0.00000    34.9002    34.8996         35 0.0000e+00
   2724.000   2681.020     1.7413     1.7421  31.623761  31.623957    6.56915     1.6968 1.5093e+03    -0.0441     0.0000      98.73    97.0087     0.0702      74248    6.56894    0.00000    34.9007    34.9001         37 0.0000e+00
   2726.000   2682.975     1.7435     1.7444  31.626960  31.627376    6.56856     1.6965 1.5004e+03    -0.0442     0.0000      98.73    97.0022     0.0699      74288    6.56847    0.00000    34.9013    34.9009         42 0.0000e+00
   2728.000   2684.931     1.7415     1.7421  31.626426  31.626635    6.56596     1.6957 1.4860e+03    -0.0441     0.0000      98.73    97.0148     0.0700      74330    6.56581    0.00000    34.9019    34.9015         45 0.0000e+00
   2730.000   2686.888     1.7412     1.7413  31.626905  31.626784    6.56293     1.6948 1.4495e+03    -0.0444     0.0000      98.73    97.0275     0.0699      74398    6.56251    0.00000    34.9018    34.9016         87 0.0000e+00
   2732.000   2688.844     1.7382     1.7388  31.625570  31.625755    6.56217     1.6943 1.4102e+03    -0.0443     0.0000      98.73    97.0152     0.0699      74462    6.56214    0.00000    34.9024    34.9021         38 0.0000e+00
   2734.000   2690.799     1.7371     1.7376  31.625357  31.625498    6.56452     1.6943 1.3979e+03    -0.0435     0.0000      98.73    97.0128     0.0700      74496    6.56421    0.00000    34.9025    34.9020         34 0.0000e+00
   2736.000   2692.755     1.7365     1.7372  31.626035  31.626223    6.56463     1.6941 1.3871e+03    -0.0443     0.0000      98.73    97.0035     0.0701      74532    6.56468    0.00000    34.9029    34.9025         39 0.0000e+00
   2738.000   2694.711     1.7344     1.7350  31.624909  31.625214    6.56243     1.6932 1.3803e+03    -0.0442     0.0000      98.73    96.9860     0.0701      74574    6.56225    0.00000    34.9029    34.9027         44 0.0000e+00
   2740.000   2696.667     1.7292     1.7297  31.621017  31.621335    6.56455     1.6931 1.3756e+03    -0.0440     0.0000      98.73    96.9846     0.0701      74622    6.56443    0.00000    34.9028    34.9026         57 0.0000e+00
   2742.000   2698.623     1.7226     1.7229  31.615770  31.615839    6.56679     1.6932 1.3689e+03    -0.0447     0.0000      98.73    96.9789     0.0702      74687    6.56787    0.00000    34.9025    34.9022         63 0.0000e+00
   2744.000   2700.579     1.7200     1.7205  31.614174  31.614358    6.56960     1.6932 1.3714e+03    -0.0444     0.0000      98.73    96.9918     0.0698      74738    6.57002    0.00000    34.9024    34.9020         42 0.0000e+00
   2746.000   2702.535     1.7179     1.7185  31.613040  31.613445    6.57166     1.6932 1.3816e+03    -0.0441     0.0000      98.73    96.9748     0.0700      74778    6.57208    0.00000    34.9022    34.9021         42 0.0000e+00
   2748.000   2704.491     1.7137     1.7143  31.610125  31.610411    6.57274     1.6928 1.4037e+03    -0.0447     0.0000      98.73    96.9556     0.0702      74823    6.57257    0.00000    34.9022    34.9020         47 0.0000e+00
   2750.000   2706.446     1.7116     1.7122  31.609064  31.609282    6.57237     1.6924 1.4317e+03    -0.0441     0.0000      98.73    96.9610     0.0699      74866    6.57226    0.00000    34.9022    34.9018         39 0.0000e+00
   2752.000   2708.402     1.7096     1.7103  31.608046  31.608505    6.57127     1.6918 1.4602e+03    -0.0443     0.0000      98.73    96.9570     0.0699      74905    6.57114    0.00000    34.9022    34.9020         40 0.0000e+00
   2754.000   2710.358     1.7048     1.7059  31.604346  31.604994    6.57001     1.6911 1.4779e+03    -0.0442     0.0000      98.73    96.9686     0.0699      74962    6.56990    0.00000    34.9018    34.9014         85 0.0000e+00
   2756.000   2712.314     1.7040     1.7046  31.604373  31.604607    6.56694     1.6902 1.4186e+03    -0.0443     0.0000      98.73    96.9653     0.0697      75049    6.56682    0.00000    34.9018    34.9015         62 0.0000e+00
   2758.000   2714.269     1.7038     1.7045  31.604994  31.605345    6.56668     1.6899 1.3432e+03    -0.0449     0.0000      98.73    96.9476     0.0699      75091    6.56660    0.00000    34.9018    34.9016         36 0.0000e+00
