Ship_data/Irminger/Irminger-2/ctd/process/OOI/uat30_004.cnv
* Sea-Bird SBE 9 Data File:
* FileName = C:\data\ctd\at30_004.hex
* Software Version Seasave V 7.21f
* Temperature SN = 2265
* Conductivity SN = 3021
* Number of Bytes Per Scan = 40
* Number of Voltage Words = 5
* Number of Scans Averaged by the Deck Unit = 1
* NMEA Latitude = 59 57.06 N
* NMEA Longitude = 039 25.14 W
* NMEA UTC (Time) = Aug 14 2015  14:16:48
# nquan = 21
# nvalues = 1365                        
# units = specified
# name 0 = prDM: Pressure, Digiquartz [db]
# name 1 = depSM: Depth [salt water, m]
# name 2 = t090C: Temperature [ITS-90, deg C]
# name 3 = t190C: Temperature, 2 [ITS-90, deg C]
# name 4 = c0mS/cm: Conductivity [mS/cm]
# name 5 = c1mS/cm: Conductivity, 2 [mS/cm]
# name 6 = sbeox0ML/L: Oxygen, SBE 43 [ml/l]
# name 7 = sbeox0V: Oxygen raw, SBE 43 [V]
# name 8 = spar: SPAR/Surface Irradiance
# name 9 = flECO-AFL: Fluorescence, WET Labs ECO-AFL/FL [mg/m^3]
# name 10 = v2: Voltage 2
# name 11 = altM: Altimeter [m]
# name 12 = CStarTr0: Beam Transmission, WET Labs C-Star [%]
# name 13 = turbWETntu0: Turbidity, WET Labs ECO [NTU]
# name 14 = scan: Scan Count
# name 15 = sbeox0ML/L: Oxygen, SBE 43 [ml/l], WS = 2
# name 16 = sbeox0dOV/dT: Oxygen, SBE 43 [dov/dt], WS = 2
# name 17 = sal00: Salinity, Practical [PSU]
# name 18 = sal11: Salinity, Practical, 2 [PSU]
# name 19 = nbin: number of scans per bin
# name 20 = flag: flag
# span 0 =      2.000,   2730.000       
# span 1 =      1.981,   2686.831       
# span 2 =     1.4237,     8.2589       
# span 3 =     1.4247,     8.2755       
# span 4 =  31.341710,  36.317878       
# span 5 =  31.341941,  36.332856       
# span 6 =    6.01450,    6.74314       
# span 7 =     1.6896,     2.5339       
# span 8 = 2.9673e+02, 1.6917e+03       
# span 9 =    -0.0248,    -0.0219       
# span 10 =     0.0000,     0.0000      
# span 11 =      12.21,      99.55      
# span 12 =    93.7530,    97.4190      
# span 13 =     0.0780,     0.0780      
# span 14 =      86375,     191628      
# span 15 =    6.01450,    6.74237      
# span 16 =    0.00000,    0.00000      
# span 17 =    34.8468,    34.9317      
# span 18 =    34.8464,    34.9310      
# span 19 =         20,        128      
# span 20 = 0.0000e+00, 0.0000e+00      
# interval = decibars: 2                
# start_time = Aug 14 2015 14:16:48 [NMEA time, header]
# bad_flag = -9.990e-29
*END*
[from data line 1311]
    108.000    106.954     4.3677     4.3504  32.853620  32.836921    6.59585     2.3086 4.3875e+02    -0.0231     0.0000      98.78    97.0791     0.0780     172863    6.59560    0.00000    34.9052    34.9039         68 0.0000e+00
    106.000    104.974     4.3774     4.3688  32.860882  32.853977    6.59996     2.3106 3.8631e+02    -0.0228     0.0000      98.78    97.0533     0.0780     173020    6.59972    0.00000    34.9046    34.9056         83 0.0000e+00
    104.000    102.994     4.3779     4.3777  32.860877  32.859510    6.59895     2.3108 3.8410e+02    -0.0234     0.0000      98.77    97.0564     0.0780     173186    6.59882    0.00000    34.9051    34.9037         82 0.0000e+00
    102.000    101.014     4.3826     4.3784  32.864259  32.860587    6.60352     2.3128 3.9997e+02    -0.0231     0.0000      98.77    97.0553     0.0780     173519    6.60337    0.00000    34.9052    34.9053         82 0.0000e+00
    100.000     99.034     4.4124     4.4114  32.889763  32.889085    6.60092     2.3139 1.1048e+03    -0.0231     0.0000      98.78    97.0218     0.0780     175005    6.60069    0.00000    34.9048    34.9051        103 0.0000e+00
     98.000     97.053     4.4273     4.4225  32.901361  32.897324    6.60503     2.3162 9.5665e+02    -0.0229     0.0000      98.78    97.0178     0.0780     175854    6.60481    0.00000    34.9038    34.9041         77 0.0000e+00
     96.000     95.073     4.4252     4.4260  32.896187  32.898452    6.60469     2.3164 5.1255e+02    -0.0230     0.0000      98.78    96.9982     0.0780     175927    6.60451    0.00000    34.9010    34.9028         82 0.0000e+00
     94.000     93.093     4.4095     4.4131  32.877656  32.882161    6.60230     2.3155 3.6788e+02    -0.0240     0.0000      98.78    97.0056     0.0780     176097    6.60214    0.00000    34.8968    34.8983         52 0.0000e+00
     92.000     91.113     4.4274     4.4228  32.892248  32.888129    6.60032     2.3162 4.5897e+02    -0.0227     0.0000      98.77    96.9753     0.0780     176161    6.60011    0.00000    34.8962    34.8962         37 0.0000e+00
     90.000     89.132     4.4404     4.4430  32.903740  32.905381    6.60602     2.3189 6.5842e+02    -0.0229     0.0000      98.77    96.9598     0.0780     176308    6.60583    0.00000    34.8971    34.8962         43 0.0000e+00
     88.000     87.152     4.4563     4.4613  32.917417  32.922135    6.61233     2.3218 7.1145e+02    -0.0233     0.0000      98.78    96.9531     0.0780     176439    6.61213    0.00000    34.8974    34.8977         55 0.0000e+00
     86.000     85.172     4.4644     4.4665  32.923842  32.925311    6.61773     2.3241 5.0007e+02    -0.0232     0.0000      98.77    96.9394     0.0780     176614    6.61753    0.00000    34.8974    34.8970         46 0.0000e+00
     84.000     83.192     4.4896     4.4843  32.944450  32.940358    6.60677     2.3228 9.6851e+02    -0.0226     0.0000      98.77    96.8964     0.0780     176783    6.60667    0.00000    34.8961    34.8969         52 0.0000e+00
     82.000     81.211     4.5233     4.5227  32.969497  32.969309    6.61755     2.3278 1.1833e+03    -0.0228     0.0000      98.77    96.7778     0.0780     178168    6.61735    0.00000    34.8911    34.8915         86 0.0000e+00
     80.000     79.231     4.5492     4.5445  32.989979  32.985604    6.61321     2.3282 1.1820e+03    -0.0230     0.0000      98.78    96.7282     0.0780     179980    6.61296    0.00000    34.8888    34.8887         56 0.0000e+00
     78.000     77.250     4.5623     4.5615  33.000962  32.999208    6.61572     2.3300 1.1896e+03    -0.0234     0.0000      98.77    96.6968     0.0780     180308    6.61544    0.00000    34.8890    34.8877         45 0.0000e+00
     76.000     75.270     4.5803     4.5763  33.015484  33.011977    6.62084     2.3327 1.4244e+03    -0.0229     0.0000      98.77    96.6360     0.0780     180376    6.62058    0.00000    34.8880    34.8882         59 0.0000e+00
     74.000     73.289     4.6003     4.5995  33.030597  33.029490    6.61680     2.3330 4.9390e+02    -0.0229     0.0000      98.77    96.5891     0.0780     180513    6.61649    0.00000    34.8858    34.8853         78 0.0000e+00
     72.000     71.309     4.6252     4.6167  33.051114  33.044161    6.62281     2.3363 1.2188e+03    -0.0232     0.0000      98.77    96.4972     0.0780     180630    6.62256    0.00000    34.8846    34.8854         98 0.0000e+00
     70.000     69.329     4.6832     4.6450  33.099173  33.066598    6.62073     2.3390 3.8370e+02    -0.0228     0.0000      98.77    96.4388     0.0780     180766    6.62053    0.00000    34.8808    34.8830         78 0.0000e+00
     68.000     67.348     4.7825     4.7430  33.186071  33.148607    6.60966     2.3411 1.1316e+03    -0.0231     0.0000      98.77    96.3139     0.0780     180851    6.60933    0.00000    34.8789    34.8767         56 0.0000e+00
     66.000     65.368     4.8493     4.8288  33.245820  33.223694    6.61056     2.3450 9.3618e+02    -0.0236     0.0000      98.77    96.2701     0.0780     180964    6.61010    0.00000    34.8794    34.8752         65 0.0000e+00
     64.000     63.387     4.9608     4.9530  33.351107  33.332561    6.59314     2.3460 6.9877e+02    -0.0239     0.0000      98.77    96.2073     0.0780     181085    6.59263    0.00000    34.8859    34.8725         33 0.0000e+00
     62.000     61.406     5.1285     5.0799  33.499004  33.453756    6.58675     2.3527 1.4374e+03    -0.0233     0.0000      98.78    96.0410     0.0780     181140    6.58620    0.00000    34.8827    34.8811         50 0.0000e+00
     60.000     59.426     5.1089     5.1064  33.475307  33.472903    6.61083     2.3589 1.1387e+03    -0.0230     0.0000      98.77    96.0117     0.0780     181309    6.61045    0.00000    34.8769    34.8767         41 0.0000e+00
     58.000     57.445     5.1434     5.1404  33.501492  33.500377    6.63970     2.3690 1.1553e+03    -0.0231     0.0000      98.77    95.8335     0.0780     181429    6.63936    0.00000    34.8721    34.8740         72 0.0000e+00
     56.000     55.465     5.1606     5.1415  33.517458  33.496391    6.65502     2.3745 1.1448e+03    -0.0224     0.0000      98.77    95.8226     0.0780     181547    6.65465    0.00000    34.8737    34.8692         41 0.0000e+00
     54.000     53.484     5.2787     5.2739  33.621601  33.612848    6.65944     2.3819 1.3698e+03    -0.0230     0.0000      98.77    95.6897     0.0780     181644    6.65909    0.00000    34.8715    34.8664         66 0.0000e+00
     52.000     51.503     5.3301     5.3254  33.666178  33.658406    6.67928     2.3904 1.3451e+03    -0.0236     0.0000      98.77    95.5795     0.0780     181789    6.67893    0.00000    34.8703    34.8663         86 0.0000e+00
     50.000     49.523     5.6592     5.5910  33.974934  33.891650    6.64472     2.3969 7.6909e+02    -0.0226     0.0000      98.77    95.0616     0.0780     181871    6.64395    0.00000    34.8826    34.8585         60 0.0000e+00
     48.000     47.542     6.1288     6.0872  34.406238  34.365637    6.67707     2.4292 5.3838e+02    -0.0233     0.0000      98.77    94.9490     0.0780     182001    6.67617    0.00000    34.8881    34.8851         61 0.0000e+00
     46.000     45.561     6.4208     6.3001  34.675885  34.552884    6.67638     2.4435 8.9753e+02    -0.0230     0.0000      98.77    94.7903     0.0780     182075    6.67533    0.00000    34.8917    34.8779         42 0.0000e+00
     44.000     43.581     6.6021     6.5282  34.828633  34.756748    6.74314     2.4719 7.1842e+02    -0.0228     0.0000      98.77    94.7102     0.0780     182232    6.74237    0.00000    34.8780    34.8734         86 0.0000e+00
     42.000     41.600     7.0995     7.0808  35.280423  35.244793    6.72408     2.4906 1.3177e+03    -0.0228     0.0000      98.77    94.5356     0.0780     182386    6.72308    0.00000    34.8731    34.8530         83 0.0000e+00
     40.000     39.619     7.5108     7.4567  35.650711  35.606344    6.73411     2.5139 1.6265e+03    -0.0236     0.0000      79.48    93.9728     0.0780     183144    6.73352    0.00000    34.8644    34.8704         85 0.0000e+00
     38.000     37.638     7.6276     7.6286  35.756541  35.756255    6.73885     2.5215 1.6358e+03    -0.0225     0.0000      99.55    93.7585     0.0780     184605    6.73856    0.00000    34.8630    34.8617         76 0.0000e+00
     36.000     35.658     7.6604     7.6554  35.784241  35.778534    6.73374     2.5220 9.9705e+02    -0.0231     0.0000      98.77    93.7630     0.0780     184650    6.73337    0.00000    34.8612    34.8599         73 0.0000e+00
     34.000     33.677     7.7013     7.6806  35.817787  35.798904    6.72560     2.5220 1.2343e+03    -0.0226     0.0000      95.00    93.7603     0.0780     184788    6.72517    0.00000    34.8575    34.8578         67 0.0000e+00
     32.000     31.696     7.7261     7.7147  35.837465  35.826695    6.72160     2.5225 1.4347e+03    -0.0227     0.0000      98.75    93.8900     0.0780     184900    6.72125    0.00000    34.8549    34.8546         80 0.0000e+00
     30.000     29.715     7.7739     7.7530  35.877860  35.859527    6.71527     2.5234 1.6324e+03    -0.0229     0.0000      85.31    93.8205     0.0780     185012    6.71493    0.00000    34.8518    34.8528        118 0.0000e+00
     28.000     27.734     7.8243     7.7954  35.922758  35.896959    6.71449     2.5260 1.4079e+03    -0.0223     0.0000      96.94    93.7666     0.0780     185137    6.71405    0.00000    34.8508    34.8519        128 0.0000e+00
     26.000     25.753     7.8396     7.8205  35.934814  35.918571    6.71723     2.5281 1.6553e+03    -0.0229     0.0000      97.60    93.7686     0.0780     185263    6.71680    0.00000    34.8496    34.8511        107 0.0000e+00
     24.000     23.773     7.8394     7.8415  35.934406  35.935605    6.71066     2.5267 1.6136e+03    -0.0228     0.0000      98.78    93.8119     0.0780     185378    6.71031    0.00000    34.8502    34.8494         67 0.0000e+00
     22.000     21.792     7.8503     7.8447  35.943248  35.937849    6.71701     2.5296 1.5330e+03    -0.0228     0.0000      98.77    93.7924     0.0780     185676    6.71673    0.00000    34.8499    34.8496        108 0.0000e+00
     20.000     19.811     7.8672     7.8671  35.958712  35.957909    6.71348     2.5299 1.5911e+03    -0.0228     0.0000      98.77    93.7588     0.0780     186918    6.71319    0.00000    34.8507    34.8498         99 0.0000e+00
     18.000     17.830     7.8758     7.8761  35.966260  35.966121    6.71226     2.5305 1.6285e+03    -0.0231     0.0000      98.77    93.7530     0.0780     187691    6.71196    0.00000    34.8512    34.8507         91 0.0000e+00
     16.000     15.849     7.8797     7.8799  35.968572  35.968334    6.71179     2.5310 1.6492e+03    -0.0226     0.0000      98.77    93.7826     0.0780     188120    6.71152    0.00000    34.8508    34.8503         42 0.0000e+00
     14.000     13.868     7.8867     7.8865  35.971858  35.971423    6.70474     2.5297 1.5111e+03    -0.0226     0.0000      98.58    93.9733     0.0780     189057    6.70442    0.00000    34.8483    34.8480         95 0.0000e+00
     12.000     11.887     7.9166     7.9115  35.997286  35.992178    6.69973     2.5301 1.5780e+03    -0.0228     0.0000      92.12    94.1775     0.0780     189843    6.69941    0.00000    34.8468    34.8464        108 0.0000e+00
     10.000      9.905     8.1208     8.0566  36.191031  36.126102    6.66365     2.5295 1.3646e+03    -0.0228     0.0000      98.66    94.3220     0.0780     190128    6.66319    0.00000    34.8524    34.8467        115 0.0000e+00
      8.000      7.924     8.1965     8.1780  36.261126  36.242122    6.65361     2.5307 1.5770e+03    -0.0227     0.0000      98.76    94.4073     0.0780     190446    6.65324    0.00000    34.8531    34.8511         46 0.0000e+00
      6.000      5.943     8.2213     8.2288  36.283674  36.290025    6.64243     2.5290 1.5993e+03    -0.0223     0.0000      96.37    94.3935     0.0780     190782    6.64211    0.00000    34.8536    34.8530        120 0.0000e+00
      4.000      3.962     8.2420     8.2373  36.302910  36.297827    6.64486     2.5313 1.5678e+03    -0.0221     0.0000      98.78    94.3994     0.0780     191165    6.64460    0.00000    34.8545    34.8538         93 0.0000e+00
      2.000      1.981     8.2589     8.2755  36.317878  36.332856    6.64923     2.5339 1.5019e+03    -0.0224     0.0000      98.77    94.4210     0.0780     191628    6.64892    0.00000    34.8548    34.8542         83 0.0000e+00
