Ship_data/Irminger/Irminger-2/ctd/process/OOI/uat30_001.cnv
* Sea-Bird SBE 9 Data File:
* FileName = C:\data\ctd\at30_001.hex
* Software Version Seasave V 7.21f
* Temperature SN = 2265
* Conductivity SN = 3021
* Number of Bytes Per Scan = 40
* Number of Voltage Words = 5
* Number of Scans Averaged by the Deck Unit = 1
* NMEA Latitude = 42 32.87 N
* NMEA Longitude = 062 35.04 W
* NMEA UTC (Time) = Aug 07 2015  12:39:53
# nquan = 21
# nvalues = 752                         
# units = specified
# name 0 = prDM: Pressure, Digiquartz [db]
# name 1 = depSM: Depth [salt water, m]
# name 2 = t090C: Temperature [ITS-90, deg C]
# name 3 = t190C: Temperature, 2 [ITS-90, deg C]
# name 4 = c0mS/cm: Conductivity [mS/cm]
# name 5 = c1mS/cm: Conductivity, 2 [mS/cm]
# name 6 = sbeox0ML/L: Oxygen, SBE 43 [ml/l]
# name 7 = sbeox0V: Oxygen raw, SBE 43 [V]
# name 8 = spar: SPAR/Surface Irradiance
# name 9 = flECO-AFL: Fluorescence, WET Labs ECO-AFL/FL [mg/m^3]
# name 10 = v2: Voltage 2
# name 11 = altM: Altimeter [m]
# name 12 = CStarTr0: Beam Transmission, WET Labs C-Star [%]
# name 13 = turbWETntu0: Turbidity, WET Labs ECO [NTU]
# name 14 = scan: Scan Count
# name 15 = sbeox0ML/L: Oxygen, SBE 43 [ml/l], WS = 2
# name 16 = sbeox0dOV/dT: Oxygen, SBE 43 [dov/dt], WS = 2
# name 17 = sal00: Salinity, Practical [PSU]
# name 18 = sal11: Salinity, Practical, 2 [PSU]
# name 19 = nbin: number of scans per bin
# name 20 = flag: flag
# span 0 =      4.000,   1506.000       
# span 1 =      3.968,   1488.735       
# span 2 =     3.9694,    21.4400       
# span 3 =     3.9702,    21.4481       
# span 4 =  33.151119,  46.795615       
# span 5 =  33.151053,  46.736536       
# span 6 =    3.04173,    6.25855       
# span 7 =     1.4405,     2.8094       
# span 8 = 1.2700e+03, 1.5337e+03       
# span 9 =    -0.0134,    -0.0091       
# span 10 =     0.0000,     0.0000      
# span 11 =      84.61,      99.86      
# span 12 =    92.0687,    97.6044      
# span 13 =     0.0707,     0.0707      
# span 14 =     116075,     181772      
# span 15 =    3.04146,    6.25715      
# span 16 =    0.00000,    0.00000      
# span 17 =    31.9869,    35.6788      
# span 18 =    31.9866,    35.6769      
# span 19 =         34,        139      
# span 20 = 0.0000e+00, 0.0000e+00      
# interval = decibars: 2                
# start_time = Aug 07 2015 12:39:53 [NMEA time, header]
# bad_flag = -9.990e-29
*END*
[from data line 621]
    264.000    261.749    11.1521    11.1124  39.753781  39.705350    3.40151     1.5896 1.3358e+03    -0.0114     0.0000      98.78    97.4063     0.0707     169044    3.40116    0.00000    35.4473    35.4373         54 0.0000e+00
    262.000    259.767    11.2676    11.2224  39.881793  39.825303    3.42830     1.6011 1.3425e+03    -0.0115     0.0000      98.78    97.4155     0.0707     169091    3.42793    0.00000    35.4646    35.4518         42 0.0000e+00
    260.000    257.785    11.3674    11.3210  39.993890  39.935658    3.45774     1.6131 1.3431e+03    -0.0122     0.0000      98.78    97.4184     0.0707     169133    3.45733    0.00000    35.4808    35.4676         45 0.0000e+00
    258.000    255.804    11.4661    11.4373  40.104812  40.068436    3.50473     1.6306 1.3424e+03    -0.0120     0.0000      98.78    97.4185     0.0707     169183    3.50432    0.00000    35.4969    35.4884         52 0.0000e+00
    256.000    253.822    11.4986    11.4764  40.139317  40.112369    3.56496     1.6507 1.3467e+03    -0.0109     0.0000      98.78    97.4185     0.0707     169230    3.56456    0.00000    35.5007    35.4954         43 0.0000e+00
    254.000    251.840    11.5262    11.5165  40.169109  40.154855    3.61171     1.6665 1.3501e+03    -0.0118     0.0000      98.78    97.4185     0.0707     169276    3.61134    0.00000    35.5045    35.4998         52 0.0000e+00
    252.000    249.859    11.5654    11.5548  40.212933  40.198102    3.64810     1.6793 1.3474e+03    -0.0107     0.0000      98.78    97.4131     0.0707     169333    3.64775    0.00000    35.5111    35.5067         56 0.0000e+00
    250.000    247.877    11.6051    11.5882  40.256766  40.233811    3.67028     1.6877 1.3459e+03    -0.0098     0.0000      98.78    97.4108     0.0707     169380    3.66994    0.00000    35.5172    35.5108         40 0.0000e+00
    248.000    245.895    11.6677    11.6475  40.325824  40.299489    3.68690     1.6949 1.3486e+03    -0.0113     0.0000      98.78    97.4205     0.0707     169421    3.68657    0.00000    35.5263    35.5197         46 0.0000e+00
    246.000    243.913    11.7124    11.6956  40.375133  40.353246    3.71970     1.7068 1.3505e+03    -0.0111     0.0000      98.78    97.4125     0.0707     169473    3.71935    0.00000    35.5329    35.5275         54 0.0000e+00
    244.000    241.931    11.7424    11.7272  40.408123  40.388104    3.74980     1.7175 1.3520e+03    -0.0108     0.0000      98.78    97.4151     0.0707     169522    3.74949    0.00000    35.5375    35.5324         45 0.0000e+00
    242.000    239.950    11.7813    11.7684  40.451134  40.433754    3.77252     1.7260 1.3516e+03    -0.0108     0.0000      98.78    97.4123     0.0707     169569    3.77218    0.00000    35.5436    35.5388         51 0.0000e+00
    240.000    237.968    11.8215    11.8029  40.495740  40.471408    3.79129     1.7334 1.3542e+03    -0.0107     0.0000      98.78    97.4150     0.0707     169619    3.79096    0.00000    35.5498    35.5437         46 0.0000e+00
    238.000    235.985    11.8689    11.8469  40.549204  40.519903    3.81344     1.7421 1.3577e+03    -0.0105     0.0000      98.78    97.4185     0.0707     169664    3.81311    0.00000    35.5579    35.5501         44 0.0000e+00
    236.000    234.004    11.8983    11.8883  40.581001  40.567174    3.83557     1.7502 1.3572e+03    -0.0101     0.0000      98.78    97.4183     0.0707     169709    3.83524    0.00000    35.5619    35.5579         48 0.0000e+00
    234.000    232.022    11.9337    11.9248  40.619536  40.606578    3.85700     1.7584 1.3553e+03    -0.0113     0.0000      98.78    97.4120     0.0707     169762    3.85670    0.00000    35.5667    35.5625         59 0.0000e+00
    232.000    230.040    11.9585    11.9480  40.646355  40.632269    3.87959     1.7666 1.3540e+03    -0.0116     0.0000      98.78    97.4164     0.0707     169818    3.87924    0.00000    35.5701    35.5664         48 0.0000e+00
    230.000    228.058    11.9953    11.9822  40.687537  40.668556    3.88857     1.7708 1.3555e+03    -0.0115     0.0000      98.78    97.4185     0.0707     169861    3.88827    0.00000    35.5762    35.5701         42 0.0000e+00
    228.000    226.076    12.0352    12.0200  40.731869  40.711833    3.89453     1.7741 1.3585e+03    -0.0108     0.0000      98.78    97.4144     0.0707     169905    3.89422    0.00000    35.5824    35.5773         45 0.0000e+00
    226.000    224.094    12.0626    12.0497  40.762208  40.744879    3.91272     1.7810 1.3608e+03    -0.0104     0.0000      98.78    97.4080     0.0707     169950    3.91239    0.00000    35.5868    35.5821         46 0.0000e+00
    224.000    222.112    12.1061    12.0901  40.810531  40.789129    3.93242     1.7889 1.3619e+03    -0.0117     0.0000      98.78    97.4187     0.0707     169999    3.93208    0.00000    35.5934    35.5877         52 0.0000e+00
    222.000    220.130    12.1780    12.1560  40.890377  40.862346    3.95455     1.7983 1.3617e+03    -0.0109     0.0000      98.78    97.4185     0.0707     170053    3.95420    0.00000    35.6036    35.5972         55 0.0000e+00
    220.000    218.147    12.2198    12.2082  40.936175  40.920593    3.98219     1.8087 1.3615e+03    -0.0117     0.0000      98.78    97.4207     0.0707     170109    3.98186    0.00000    35.6092    35.6051         54 0.0000e+00
    218.000    216.165    12.2374    12.2294  40.955372  40.943313    4.00429     1.8167 1.3659e+03    -0.0104     0.0000      98.78    97.4197     0.0707     170155    4.00396    0.00000    35.6120    35.6079         39 0.0000e+00
    216.000    214.183    12.2621    12.2531  40.981586  40.968876    4.02040     1.8229 1.3719e+03    -0.0118     0.0000      98.78    97.4279     0.0707     170191    4.02005    0.00000    35.6149    35.6111         36 0.0000e+00
    214.000    212.201    12.2787    12.2753  40.998457  40.992413    4.03705     1.8291 1.3727e+03    -0.0107     0.0000      98.78    97.4190     0.0707     170234    4.03674    0.00000    35.6164    35.6138         53 0.0000e+00
    212.000    210.219    12.2927    12.2882  41.011851  41.005285    4.05201     1.8347 1.3713e+03    -0.0112     0.0000      98.78    97.4225     0.0707     170293    4.05170    0.00000    35.6170    35.6149         59 0.0000e+00
    210.000    208.237    12.3032    12.2964  41.021194  41.012311    4.05617     1.8367 1.3787e+03    -0.0105     0.0000      98.77    97.4184     0.0707     170348    4.05596    0.00000    35.6169    35.6148         50 0.0000e+00
    208.000    206.254    12.3222    12.3114  41.040648  41.026551    4.05104     1.8358 1.3834e+03    -0.0103     0.0000      98.78    97.4130     0.0707     170394    4.05077    0.00000    35.6187    35.6153         47 0.0000e+00
    206.000    204.272    12.3563    12.3436  41.077055  41.060034    4.04873     1.8364 1.3832e+03    -0.0101     0.0000      98.78    97.4127     0.0707     170444    4.04832    0.00000    35.6225    35.6180         52 0.0000e+00
    204.000    202.290    12.3782    12.3675  41.097114  41.083927    4.05338     1.8388 1.3865e+03    -0.0109     0.0000      98.78    97.3934     0.0707     170509    4.05313    0.00000    35.6220    35.6193         82 0.0000e+00
    202.000    200.308    12.3608    12.3625  41.072257  41.072943    4.04537     1.8360 1.3958e+03    -0.0111     0.0000      98.78    97.3730     0.0707     170592    4.04509    0.00000    35.6153    35.6143         78 0.0000e+00
    200.000    198.325    12.3320    12.3319  41.033622  41.031648    4.02767     1.8298 1.3955e+03    -0.0104     0.0000      98.78    97.3561     0.0707     170682    4.02743    0.00000    35.6061    35.6042        108 0.0000e+00
    198.000    196.343    12.3030    12.3036  40.994505  40.993221    4.01289     1.8244 1.3957e+03    -0.0106     0.0000      98.78    97.3476     0.0707     170781    4.01264    0.00000    35.5964    35.5947         79 0.0000e+00
    196.000    194.361    12.2758    12.2764  40.955592  40.954467    3.99306     1.8175 1.3900e+03    -0.0103     0.0000      98.78    97.3367     0.0707     170886    3.99284    0.00000    35.5854    35.5837         92 0.0000e+00
    194.000    192.379    12.2556    12.2621  40.923404  40.929349    3.96887     1.8094 1.3891e+03    -0.0110     0.0000      98.78    97.3336     0.0707     170996    3.96865    0.00000    35.5742    35.5738         64 0.0000e+00
    192.000    190.396    12.2993    12.2944  40.971218  40.963218    3.95442     1.8062 1.3870e+03    -0.0109     0.0000      98.78    97.3306     0.0707     171091    3.95408    0.00000    35.5800    35.5769        132 0.0000e+00
    190.000    188.414    12.3488    12.3485  41.027248  41.024547    3.95807     1.8092 1.3871e+03    -0.0110     0.0000      98.78    97.3325     0.0707     171204    3.95789    0.00000    35.5883    35.5859         87 0.0000e+00
    188.000    186.431    12.4054    12.4022  41.092528  41.086447    3.96994     1.8149 1.3817e+03    -0.0112     0.0000      98.78    97.3373     0.0707     171307    3.96963    0.00000    35.5987    35.5959        107 0.0000e+00
    186.000    184.449    12.4160    12.4151  41.101986  41.099395    3.98474     1.8203 1.3815e+03    -0.0108     0.0000      98.78    97.3380     0.0707     171405    3.98444    0.00000    35.5988    35.5970         83 0.0000e+00
    184.000    182.466    12.4051    12.4069  41.083382  41.083288    3.98200     1.8194 1.3864e+03    -0.0105     0.0000      98.78    97.3318     0.0707     171522    3.98175    0.00000    35.5919    35.5901         92 0.0000e+00
    182.000    180.484    12.4175    12.4156  41.094713  41.090844    3.96369     1.8141 1.3901e+03    -0.0109     0.0000      98.78    97.3345     0.0707     171603    3.96342    0.00000    35.5920    35.5901         83 0.0000e+00
    180.000    178.502    12.4306    12.4278  41.108492  41.102838    3.96014     1.8136 1.3946e+03    -0.0104     0.0000      98.78    97.3270     0.0707     171713    3.95993    0.00000    35.5938    35.5909         89 0.0000e+00
    178.000    176.519    12.4693    12.4731  41.152094  41.154588    3.95712     1.8141 1.4007e+03    -0.0113     0.0000      98.78    97.3273     0.0707     171809    3.95674    0.00000    35.6002    35.5990        112 0.0000e+00
    176.000    174.537    12.5066    12.5058  41.193383  41.189984    3.96127     1.8168 1.4013e+03    -0.0114     0.0000      98.78    97.3306     0.0707     171906    3.96102    0.00000    35.6057    35.6031         75 0.0000e+00
    174.000    172.554    12.5845    12.5769  41.281345  41.268588    3.96344     1.8201 1.4057e+03    -0.0110     0.0000      98.78    97.3351     0.0707     171997    3.96315    0.00000    35.6177    35.6126         93 0.0000e+00
    172.000    170.572    12.6657    12.6468  41.374741  41.350721    3.97986     1.8280 1.4126e+03    -0.0115     0.0000      98.78    97.3425     0.0707     172101    3.97952    0.00000    35.6317    35.6265         69 0.0000e+00
    170.000    168.589    12.6973    12.6925  41.408636  41.401337    4.00658     1.8380 1.4230e+03    -0.0106     0.0000      98.78    97.3427     0.0707     172189    4.00622    0.00000    35.6354    35.6329        116 0.0000e+00
    168.000    166.606    12.7208    12.7185  41.430443  41.426469    4.00875     1.8397 1.4197e+03    -0.0112     0.0000      98.78    97.3370     0.0707     172295    4.00848    0.00000    35.6350    35.6334         80 0.0000e+00
    166.000    164.624    12.7397    12.7358  41.450177  41.443651    4.01352     1.8421 1.4131e+03    -0.0111     0.0000      98.78    97.3198     0.0707     172385    4.01320    0.00000    35.6370    35.6344        112 0.0000e+00
    164.000    162.641    12.7639    12.7606  41.476497  41.470699    4.01960     1.8452 1.4152e+03    -0.0109     0.0000      98.78    97.3138     0.0707     172482    4.01934    0.00000    35.6404    35.6379         78 0.0000e+00
    162.000    160.658    12.7854    12.7843  41.495407  41.492504    4.02359     1.8474 1.4149e+03    -0.0117     0.0000      98.78    97.3138     0.0707     172582    4.02334    0.00000    35.6391    35.6373        112 0.0000e+00
    160.000    158.676    12.8086    12.7972  41.518587  41.504608    3.98464     1.8355 1.4144e+03    -0.0109     0.0000      98.78    97.3123     0.0707     172674    3.98438    0.00000    35.6403    35.6376         96 0.0000e+00
    158.000    156.693    12.8393    12.8348  41.548628  41.541423    3.96674     1.8308 1.4041e+03    -0.0113     0.0000      98.78    97.3085     0.0707     172777    3.96638    0.00000    35.6410    35.6384         82 0.0000e+00
    156.000    154.710    12.8532    12.8536  41.562439  41.561013    3.98004     1.8359 1.4086e+03    -0.0109     0.0000      98.78    97.3138     0.0707     172866    3.97978    0.00000    35.6420    35.6403        105 0.0000e+00
    154.000    152.728    12.8701    12.8767  41.581813  41.586837    4.00028     1.8434 1.3977e+03    -0.0105     0.0000      98.78    97.3132     0.0707     172966    3.99998    0.00000    35.6455    35.6441        104 0.0000e+00
    152.000    150.745    12.9286    12.9245  41.647747  41.640584    4.00972     1.8485 1.3956e+03    -0.0107     0.0000      98.78    97.3074     0.0707     173064    4.00948    0.00000    35.6544    35.6515         79 0.0000e+00
    150.000    148.762    12.9533    12.9485  41.673785  41.666495    3.99122     1.8434 1.3930e+03    -0.0111     0.0000      98.78    97.3068     0.0707     173149    3.99093    0.00000    35.6570    35.6545        107 0.0000e+00
    148.000    146.779    13.0031    12.9911  41.722427  41.707736    3.96031     1.8349 1.3844e+03    -0.0106     0.0000      98.77    97.2958     0.0707     173264    3.96002    0.00000    35.6575    35.6547         90 0.0000e+00
    146.000    144.797    13.0393    13.0324  41.761330  41.751540    3.95978     1.8360 1.3781e+03    -0.0107     0.0000      98.78    97.3011     0.0707     173346    3.95950    0.00000    35.6614    35.6585         95 0.0000e+00
    144.000    142.814    13.1169    13.1120  41.846712  41.838286    3.98340     1.8464 1.3742e+03    -0.0113     0.0000      98.78    97.2910     0.0707     173439    3.98309    0.00000    35.6707    35.6673         92 0.0000e+00
    142.000    140.831    13.1871    13.1874  41.923481  41.921330    4.02377     1.8621 1.3681e+03    -0.0110     0.0000      98.78    97.2952     0.0707     173542    4.02342    0.00000    35.6787    35.6765        103 0.0000e+00
    140.000    138.848    13.2034    13.2016  41.938626  41.934899    4.05102     1.8719 1.3663e+03    -0.0106     0.0000      98.77    97.2993     0.0707     173635    4.05071    0.00000    35.6788    35.6769         89 0.0000e+00
    138.000    136.865    13.2035    13.2034  41.935843  41.934108    4.05474     1.8735 1.3618e+03    -0.0104     0.0000      98.77    97.2974     0.0707     173728    4.05449    0.00000    35.6768    35.6752        107 0.0000e+00
    136.000    134.882    13.2201    13.2151  41.949580  41.943822    4.04479     1.8710 1.3636e+03    -0.0104     0.0000      98.77    97.2895     0.0707     173830    4.04445    0.00000    35.6752    35.6744         76 0.0000e+00
    134.000    132.899    13.2605    13.2385  41.988487  41.964170    4.04685     1.8731 1.3583e+03    -0.0105     0.0000      98.78    97.2761     0.0707     173924    4.04651    0.00000    35.6752    35.6727         78 0.0000e+00
    132.000    130.916    13.2964    13.2819  42.025636  42.009439    4.06065     1.8791 1.3618e+03    -0.0101     0.0000      98.77    97.2772     0.0707     174010    4.06037    0.00000    35.6776    35.6758         75 0.0000e+00
    130.000    128.933    13.2792    13.2796  41.991696  41.994945    4.06840     1.8814 1.3604e+03    -0.0113     0.0000      98.77    97.2763     0.0707     174118    4.06813    0.00000    35.6624    35.6651        107 0.0000e+00
