Ship_data/Irminger/Irminger-2/ctd/process/OOI/uat30_006.cnv
* Sea-Bird SBE 9 Data File:
* FileName = C:\data\ctd\at30_006.hex
* Software Version Seasave V 7.21f
* Temperature SN = 2265
* Conductivity SN = 3021
* Number of Bytes Per Scan = 40
* Number of Voltage Words = 5
* Number of Scans Averaged by the Deck Unit = 1
* NMEA Latitude = 59 51.06 N
* NMEA Longitude = 039 05.71 W
* NMEA UTC (Time) = Aug 17 2015  17:02:11
# nquan = 21
# nvalues = 506                         
# units = specified
# name 0 = prDM: Pressure, Digiquartz [db]
# name 1 = depSM: Depth [salt water, m]
# name 2 = t090C: Temperature [ITS-90, deg C]
# name 3 = t190C: Temperature, 2 [ITS-90, deg C]
# name 4 = c0mS/cm: Conductivity [mS/cm]
# name 5 = c1mS/cm: Conductivity, 2 [mS/cm]
# name 6 = sbeox0ML/L: Oxygen, SBE 43 [ml/l]
# name 7 = sbeox0V: Oxygen raw, SBE 43 [V]
# name 8 = spar: SPAR/Surface Irradiance
# name 9 = flECO-AFL: Fluorescence, WET Labs ECO-AFL/FL [mg/m^3]
# name 10 = v2: Voltage 2
# name 11 = altM: Altimeter [m]
# name 12 = CStarTr0: Beam Transmission, WET Labs C-Star [%]
# name 13 = turbWETntu0: Turbidity, WET Labs ECO [NTU]
# name 14 = scan: Scan Count
# name 15 = sbeox0ML/L: Oxygen, SBE 43 [ml/l], WS = 2
# name 16 = sbeox0dOV/dT: Oxygen, SBE 43 [dov/dt], WS = 2
# name 17 = sal00: Salinity, Practical [PSU]
# name 18 = sal11: Salinity, Practical, 2 [PSU]
# name 19 = nbin: number of scans per bin
# name 20 = flag: flag
# span 0 =      2.000,   1012.000       
# span 1 =      1.981,   1000.034       
# span 2 =     3.6134,     8.5996       
# span 3 =     3.6143,     8.5999       
# span 4 =  32.392803,  36.656569       
# span 5 =  32.392517,  36.655886       
# span 6 =    6.47022,    6.79331       
# span 7 =     2.0751,     2.5441       
# span 8 = 3.2756e+02, 4.9487e+02       
# span 9 =    -0.0238,    -0.0220       
# span 10 =     0.0000,     0.0000      
# span 11 =      57.32,      99.17      
# span 12 =    93.4926,    97.6818      
# span 13 =     0.0780,     0.0780      
# span 14 =      35767,      83456      
# span 15 =    6.47015,    6.79301      
# span 16 =    0.00000,    0.00000      
# span 17 =    34.8624,    34.9259      
# span 18 =    34.8624,    34.9258      
# span 19 =         31,        126      
# span 20 = 0.0000e+00, 0.0000e+00      
# interval = decibars: 2                
# start_time = Aug 17 2015 17:02:11 [NMEA time, header]
# bad_flag = -9.990e-29
*END*
[from data line 276]
    460.000    455.162     3.7308     3.7311  32.435986  32.436206    6.59802     2.2002 4.1151e+02    -0.0228     0.0000      98.78    97.6669     0.0780      53227    6.59798    0.00000    34.8968    34.8969         40 0.0000e+00
    458.000    453.185     3.7313     3.7315  32.435530  32.435851    6.59876     2.2009 4.1094e+02    -0.0231     0.0000      98.78    97.6667     0.0780      53270    6.59871    0.00000    34.8968    34.8971         50 0.0000e+00
    456.000    451.208     3.7313     3.7315  32.434579  32.434886    6.60383     2.2028 4.1015e+02    -0.0226     0.0000      98.78    97.6732     0.0780      53329    6.60447    0.00000    34.8968    34.8969         58 0.0000e+00
    454.000    449.232     3.7324     3.7326  32.434814  32.435004    6.60165     2.2027 4.0950e+02    -0.0227     0.0000      98.78    97.6723     0.0780      53373    6.60218    0.00000    34.8970    34.8970         36 0.0000e+00
    452.000    447.255     3.7338     3.7338  32.435257  32.435388    6.60289     2.2033 4.0896e+02    -0.0226     0.0000      98.78    97.6534     0.0780      53412    6.60273    0.00000    34.8971    34.8973         49 0.0000e+00
    450.000    445.278     3.7345     3.7351  32.435097  32.435702    6.60461     2.2042 4.0800e+02    -0.0225     0.0000      98.78    97.6702     0.0780      53478    6.60440    0.00000    34.8972    34.8973         69 0.0000e+00
    448.000    443.301     3.7331     3.7339  32.432594  32.433444    6.60348     2.2043 4.0745e+02    -0.0225     0.0000      98.78    97.6775     0.0780      53529    6.60319    0.00000    34.8968    34.8970         39 0.0000e+00
    446.000    441.324     3.7333     3.7337  32.431894  32.432426    6.60644     2.2055 4.0636e+02    -0.0234     0.0000      98.78    97.6682     0.0780      53567    6.60619    0.00000    34.8968    34.8970         40 0.0000e+00
    444.000    439.347     3.7311     3.7323  32.428607  32.430227    6.60815     2.2063 4.0644e+02    -0.0229     0.0000      98.78    97.6646     0.0780      53613    6.60806    0.00000    34.8963    34.8970         51 0.0000e+00
    442.000    437.370     3.7267     3.7287  32.423181  32.425340    6.61103     2.2072 4.0667e+02    -0.0234     0.0000      98.78    97.6685     0.0780      53664    6.61090    0.00000    34.8956    34.8960         49 0.0000e+00
    440.000    435.394     3.7230     3.7251  32.418401  32.420817    6.61088     2.2075 4.0498e+02    -0.0222     0.0000      98.78    97.6756     0.0780      53710    6.61075    0.00000    34.8949    34.8956         44 0.0000e+00
    438.000    433.416     3.7196     3.7213  32.414047  32.416136    6.61148     2.2079 4.0381e+02    -0.0228     0.0000      98.78    97.6485     0.0780      53754    6.61134    0.00000    34.8944    34.8951         48 0.0000e+00
    436.000    431.439     3.7162     3.7173  32.409560  32.410987    6.61298     2.2086 4.0497e+02    -0.0229     0.0000      98.78    97.6602     0.0780      53812    6.61325    0.00000    34.8938    34.8942         64 0.0000e+00
    434.000    429.462     3.7161     3.7170  32.408544  32.409605    6.61128     2.2088 4.0597e+02    -0.0224     0.0000      98.78    97.6525     0.0780      53864    6.61227    0.00000    34.8937    34.8940         40 0.0000e+00
    432.000    427.485     3.7129     3.7139  32.404412  32.405639    6.61378     2.2094 4.0702e+02    -0.0225     0.0000      98.78    97.6675     0.0780      53905    6.61349    0.00000    34.8932    34.8936         47 0.0000e+00
    430.000    425.508     3.7132     3.7136  32.403880  32.404304    6.61623     2.2105 4.0893e+02    -0.0228     0.0000      98.78    97.6636     0.0780      53970    6.61607    0.00000    34.8934    34.8934         72 0.0000e+00
    428.000    423.531     3.7136     3.7140  32.403328  32.403688    6.61739     2.2113 4.1052e+02    -0.0224     0.0000      98.78    97.6719     0.0780      54023    6.61732    0.00000    34.8933    34.8934         40 0.0000e+00
    426.000    421.554     3.7140     3.7142  32.402817  32.403266    6.61983     2.2124 4.1109e+02    -0.0225     0.0000      98.78    97.6639     0.0780      54065    6.61975    0.00000    34.8934    34.8937         50 0.0000e+00
    424.000    419.577     3.7137     3.7142  32.401742  32.402265    6.62219     2.2134 4.1089e+02    -0.0229     0.0000      98.78    97.6702     0.0780      54143    6.62204    0.00000    34.8935    34.8936         97 0.0000e+00
    422.000    417.600     3.7130     3.7137  32.399851  32.400789    6.62343     2.2141 4.1074e+02    -0.0227     0.0000      98.78    97.6527     0.0780      54226    6.62324    0.00000    34.8931    34.8935         73 0.0000e+00
    420.000    415.623     3.7102     3.7108  32.396107  32.396865    6.62645     2.2152 4.0981e+02    -0.0225     0.0000      98.78    97.6126     0.0780      54319    6.62619    0.00000    34.8927    34.8929        103 0.0000e+00
    418.000    413.646     3.7108     3.7113  32.395850  32.396498    6.61306     2.2122 4.0771e+02    -0.0225     0.0000      98.78    97.6684     0.0780      54446    6.61286    0.00000    34.8928    34.8930         82 0.0000e+00
    416.000    411.668     3.7115     3.7119  32.395686  32.396223    6.60803     2.2115 4.0578e+02    -0.0232     0.0000      98.78    97.6216     0.0780      54583    6.60800    0.00000    34.8929    34.8931         79 0.0000e+00
    414.000    409.691     3.7160     3.7158  32.399221  32.399049    6.60820     2.2122 4.0496e+02    -0.0230     0.0000      98.78    97.6515     0.0780      54721    6.60812    0.00000    34.8934    34.8934         80 0.0000e+00
    412.000    407.714     3.7222     3.7224  32.404282  32.404755    6.60357     2.2116 4.0644e+02    -0.0226     0.0000      98.78    97.6605     0.0780      54872    6.60318    0.00000    34.8940    34.8942        105 0.0000e+00
    410.000    405.737     3.7226     3.7232  32.403861  32.404516    6.60814     2.2133 4.1179e+02    -0.0227     0.0000      98.78    97.6529     0.0780      55013    6.60798    0.00000    34.8941    34.8942         82 0.0000e+00
    408.000    403.760     3.7207     3.7211  32.401049  32.401699    6.60906     2.2139 4.1491e+02    -0.0229     0.0000      98.78    97.6503     0.0780      55211    6.60901    0.00000    34.8938    34.8941         70 0.0000e+00
    406.000    401.782     3.7228     3.7230  32.402235  32.402579    6.60471     2.2133 4.1312e+02    -0.0230     0.0000      98.78    97.6690     0.0780      55611    6.60443    0.00000    34.8941    34.8943         89 0.0000e+00
    404.000    399.805     3.7171     3.7179  32.395511  32.396531    6.60700     2.2140 3.7388e+02    -0.0229     0.0000      98.78    97.6662     0.0780      57952    6.60674    0.00000    34.8932    34.8935         88 0.0000e+00
    402.000    397.828     3.7152     3.7148  32.392803  32.392517    6.60442     2.2136 3.5950e+02    -0.0231     0.0000      98.78    97.6723     0.0780      58962    6.60369    0.00000    34.8930    34.8931        111 0.0000e+00
    400.000    395.850     3.7214     3.7210  32.398001  32.397772    6.60250     2.2140 3.5609e+02    -0.0234     0.0000      98.78    97.6711     0.0780      59135    6.60219    0.00000    34.8937    34.8938         80 0.0000e+00
    398.000    393.873     3.7263     3.7260  32.401912  32.401442    6.60300     2.2148 3.5680e+02    -0.0227     0.0000      98.78    97.6654     0.0780      59191    6.60271    0.00000    34.8942    34.8940         47 0.0000e+00
    396.000    391.895     3.7292     3.7295  32.403904  32.404308    6.60342     2.2155 3.5723e+02    -0.0228     0.0000      98.78    97.6509     0.0780      59248    6.60328    0.00000    34.8946    34.8948         80 0.0000e+00
    394.000    389.918     3.7296     3.7300  32.403290  32.403787    6.60047     2.2152 3.5880e+02    -0.0222     0.0000      98.78    97.6640     0.0780      59330    6.60031    0.00000    34.8945    34.8947         61 0.0000e+00
    392.000    387.941     3.7299     3.7301  32.402600  32.402837    6.59714     2.2148 3.6097e+02    -0.0233     0.0000      98.78    97.6545     0.0780      59376    6.59687    0.00000    34.8945    34.8945         42 0.0000e+00
    390.000    385.963     3.7323     3.7318  32.404234  32.403537    6.59725     2.2154 3.6300e+02    -0.0234     0.0000      98.78    97.6559     0.0780      59415    6.59711    0.00000    34.8949    34.8947         38 0.0000e+00
    388.000    383.986     3.7312     3.7318  32.402061  32.402864    6.60136     2.2168 3.6472e+02    -0.0227     0.0000      98.78    97.6462     0.0780      59460    6.60131    0.00000    34.8945    34.8949         59 0.0000e+00
    386.000    382.008     3.7310     3.7315  32.400907  32.401513    6.60112     2.2172 3.6596e+02    -0.0226     0.0000      98.78    97.6514     0.0780      59532    6.60104    0.00000    34.8945    34.8947         66 0.0000e+00
    384.000    380.031     3.7303     3.7309  32.399188  32.399866    6.60233     2.2179 3.6738e+02    -0.0232     0.0000      98.78    97.6310     0.0780      59580    6.60222    0.00000    34.8942    34.8945         39 0.0000e+00
    382.000    378.053     3.7302     3.7302  32.398141  32.398266    6.60179     2.2184 3.6917e+02    -0.0222     0.0000      98.78    97.6531     0.0780      59621    6.60217    0.00000    34.8942    34.8944         43 0.0000e+00
    380.000    376.076     3.7338     3.7324  32.400917  32.399463    6.60016     2.2184 3.7088e+02    -0.0232     0.0000      98.78    97.6459     0.0780      59667    6.59999    0.00000    34.8947    34.8945         50 0.0000e+00
    378.000    374.098     3.7420     3.7391  32.408130  32.405052    6.59547     2.2180 3.7203e+02    -0.0223     0.0000      98.78    97.6475     0.0780      59720    6.59537    0.00000    34.8957    34.8951         53 0.0000e+00
    376.000    372.121     3.7506     3.7469  32.415901  32.411619    6.58895     2.2172 3.7299e+02    -0.0227     0.0000      98.78    97.6428     0.0780      59766    6.58889    0.00000    34.8969    34.8957         39 0.0000e+00
    374.000    370.143     3.7655     3.7613  32.429717  32.425086    6.58556     2.2175 3.7435e+02    -0.0225     0.0000      98.78    97.6411     0.0780      59804    6.58549    0.00000    34.8985    34.8976         40 0.0000e+00
    372.000    368.166     3.7701     3.7680  32.433243  32.431310    6.58627     2.2183 3.7611e+02    -0.0227     0.0000      98.78    97.6353     0.0780      59854    6.58613    0.00000    34.8990    34.8989         61 0.0000e+00
    370.000    366.188     3.7714     3.7702  32.433601  32.432507    6.58795     2.2192 3.7651e+02    -0.0222     0.0000      98.78    97.6334     0.0780      59910    6.58777    0.00000    34.8991    34.8991         47 0.0000e+00
    368.000    364.210     3.7709     3.7713  32.432231  32.432734    6.59350     2.2211 3.7617e+02    -0.0229     0.0000      98.78    97.6239     0.0780      59957    6.59320    0.00000    34.8990    34.8993         50 0.0000e+00
    366.000    362.233     3.7715     3.7714  32.431807  32.431766    6.59376     2.2216 3.7555e+02    -0.0227     0.0000      98.58    97.6302     0.0780      60007    6.59346    0.00000    34.8990    34.8991         47 0.0000e+00
    364.000    360.255     3.7772     3.7765  32.436551  32.435705    6.59302     2.2221 3.7562e+02    -0.0229     0.0000      98.78    97.6253     0.0780      60048    6.59279    0.00000    34.8997    34.8994         38 0.0000e+00
    362.000    358.277     3.7793     3.7790  32.437638  32.437425    6.59472     2.2231 3.7502e+02    -0.0226     0.0000      98.78    97.6223     0.0780      60089    6.59460    0.00000    34.8998    34.8999         44 0.0000e+00
    360.000    356.300     3.7774     3.7781  32.434686  32.435770    6.60312     2.2256 3.7393e+02    -0.0227     0.0000      98.78    97.6167     0.0780      60138    6.60291    0.00000    34.8994    34.8999         57 0.0000e+00
    358.000    354.322     3.7789     3.7779  32.435144  32.434270    6.60742     2.2272 3.7136e+02    -0.0220     0.0000      98.78    97.6195     0.0780      60200    6.60716    0.00000    34.8994    34.8995         57 0.0000e+00
    356.000    352.344     3.7808     3.7806  32.436026  32.435776    6.60314     2.2267 3.7040e+02    -0.0225     0.0000      98.78    97.6199     0.0780      60244    6.60286    0.00000    34.8995    34.8995         36 0.0000e+00
    354.000    350.366     3.7813     3.7817  32.435635  32.435997    6.60172     2.2268 3.6951e+02    -0.0225     0.0000      85.15    97.5936     0.0780      60278    6.60154    0.00000    34.8996    34.8996         35 0.0000e+00
    352.000    348.388     3.7813     3.7817  32.434836  32.435333    6.60318     2.2276 3.6800e+02    -0.0226     0.0000      91.25    97.6238     0.0780      60331    6.60301    0.00000    34.8997    34.8999         72 0.0000e+00
    350.000    346.411     3.7789     3.7811  32.431147  32.433706    6.59938     2.2269 3.6474e+02    -0.0224     0.0000      99.17    97.6192     0.0780      60392    6.59910    0.00000    34.8989    34.8997         40 0.0000e+00
    348.000    344.433     3.7775     3.7781  32.428831  32.429658    6.60182     2.2279 3.6456e+02    -0.0230     0.0000      98.78    97.6152     0.0780      60425    6.60149    0.00000    34.8988    34.8991         33 0.0000e+00
    346.000    342.455     3.7798     3.7787  32.430243  32.429433    6.60234     2.2286 3.6403e+02    -0.0231     0.0000      98.78    97.6242     0.0780      60468    6.60214    0.00000    34.8991    34.8992         58 0.0000e+00
    344.000    340.477     3.7869     3.7850  32.436333  32.434600    6.59573     2.2277 3.6269e+02    -0.0221     0.0000      98.77    97.6249     0.0780      60530    6.59544    0.00000    34.8998    34.8998         54 0.0000e+00
    342.000    338.499     3.7856     3.7857  32.434128  32.434249    6.59771     2.2286 3.6110e+02    -0.0226     0.0000      57.32    97.6202     0.0780      60574    6.59755    0.00000    34.8996    34.8997         41 0.0000e+00
    340.000    336.521     3.7838     3.7849  32.431184  32.432497    6.59814     2.2291 3.6090e+02    -0.0233     0.0000      91.49    97.6137     0.0780      60616    6.59802    0.00000    34.8992    34.8996         43 0.0000e+00
    338.000    334.544     3.7802     3.7819  32.426382  32.428465    6.59620     2.2289 3.6089e+02    -0.0224     0.0000      98.72    97.6019     0.0780      60660    6.59610    0.00000    34.8984    34.8990         45 0.0000e+00
    336.000    332.566     3.7793     3.7800  32.424602  32.425520    6.59664     2.2293 3.6024e+02    -0.0225     0.0000      98.78    97.5857     0.0780      60712    6.59629    0.00000    34.8982    34.8986         61 0.0000e+00
    334.000    330.588     3.7793     3.7797  32.423688  32.424223    6.59379     2.2291 3.6085e+02    -0.0230     0.0000      98.77    97.6035     0.0780      60781    6.59398    0.00000    34.8983    34.8985         67 0.0000e+00
    332.000    328.610     3.7793     3.7797  32.422719  32.423261    6.59075     2.2287 3.6132e+02    -0.0222     0.0000      98.78    97.6067     0.0780      60832    6.59046    0.00000    34.8982    34.8985         43 0.0000e+00
    330.000    326.632     3.7807     3.7805  32.423279  32.423162    6.59300     2.2298 3.6155e+02    -0.0223     0.0000      98.78    97.6094     0.0780      60878    6.59278    0.00000    34.8985    34.8985         51 0.0000e+00
    328.000    324.654     3.7836     3.7825  32.425130  32.424130    6.59100     2.2299 3.6291e+02    -0.0224     0.0000      98.78    97.6117     0.0780      60928    6.59078    0.00000    34.8986    34.8986         46 0.0000e+00
    326.000    322.676     3.7887     3.7881  32.429239  32.428609    6.58777     2.2297 3.6394e+02    -0.0229     0.0000      98.78    97.6049     0.0780      60973    6.58757    0.00000    34.8991    34.8991         48 0.0000e+00
