Ship_data/Irminger/Irminger-2/ctd/process/OOI/uat30_004.cnv
* Sea-Bird SBE 9 Data File:
* FileName = C:\data\ctd\at30_004.hex
* Software Version Seasave V 7.21f
* Temperature SN = 2265
* Conductivity SN = 3021
* Number of Bytes Per Scan = 40
* Number of Voltage Words = 5
* Number of Scans Averaged by the Deck Unit = 1
* NMEA Latitude = 59 57.06 N
* NMEA Longitude = 039 25.14 W
* NMEA UTC (Time) = Aug 14 2015  14:16:48
# nquan = 21
# nvalues = 1365                        
# units = specified
# name 0 = prDM: Pressure, Digiquartz [db]
# name 1 = depSM: Depth [salt water, m]
# name 2 = t090C: Temperature [ITS-90, deg C]
# name 3 = t190C: Temperature, 2 [ITS-90, deg C]
# name 4 = c0mS/cm: Conductivity [mS/cm]
# name 5 = c1mS/cm: Conductivity, 2 [mS/cm]
# name 6 = sbeox0ML/L: Oxygen, SBE 43 [ml/l]
# name 7 = sbeox0V: Oxygen raw, SBE 43 [V]
# name 8 = spar: SPAR/Surface Irradiance
# name 9 = flECO-AFL: Fluorescence, WET Labs ECO-AFL/FL [mg/m^3]
# name 10 = v2: Voltage 2
# name 11 = altM: Altimeter [m]
# name 12 = CStarTr0: Beam Transmission, WET Labs C-Star [%]
# name 13 = turbWETntu0: Turbidity, WET Labs ECO [NTU]
# name 14 = scan: Scan Count
# name 15 = sbeox0ML/L: Oxygen, SBE 43 [ml/l], WS = 2
# name 16 = sbeox0dOV/dT: Oxygen, SBE 43 [dov/dt], WS = 2
# name 17 = sal00: Salinity, Practical [PSU]
# name 18 = sal11: Salinity, Practical, 2 [PSU]
# name 19 = nbin: number of scans per bin
# name 20 = flag: flag
# span 0 =      2.000,   2730.000       
# span 1 =      1.981,   2686.831       
# span 2 =     1.4237,     8.2589       
# span 3 =     1.4247,     8.2755       
# span 4 =  31.341710,  36.317878       
# span 5 =  31.341941,  36.332856       
# span 6 =    6.01450,    6.74314       
# span 7 =     1.6896,     2.5339       
# span 8 = 2.9673e+02, 1.6917e+03       
# span 9 =    -0.0248,    -0.0219       
# span 10 =     0.0000,     0.0000      
# span 11 =      12.21,      99.55      
# span 12 =    93.7530,    97.4190      
# span 13 =     0.0780,     0.0780      
# span 14 =      86375,     191628      
# span 15 =    6.01450,    6.74237      
# span 16 =    0.00000,    0.00000      
# span 17 =    34.8468,    34.9317      
# span 18 =    34.8464,    34.9310      
# span 19 =         20,        128      
# span 20 = 0.0000e+00, 0.0000e+00      
# interval = decibars: 2                
# start_time = Aug 14 2015 14:16:48 [NMEA time, header]
# bad_flag = -9.990e-29
*END*
[from data line 552]
   1626.000   1604.423     3.4437     3.4437  32.709321  32.709066    6.03322     1.8308 3.9591e+02    -0.0229     0.0000      98.78    97.3661     0.0780     118108    6.03313    0.00000    34.9286    34.9283         45 0.0000e+00
   1624.000   1602.457     3.4434     3.4444  32.707935  32.708388    6.03080     1.8308 3.5475e+02    -0.0233     0.0000      98.78    97.3608     0.0780     118203    6.03133    0.00000    34.9283    34.9277         26 0.0000e+00
   1622.000   1600.491     3.4453     3.4453  32.708759  32.708277    6.03192     1.8313 3.5210e+02    -0.0236     0.0000      98.78    97.3568     0.0780     118228    6.03173    0.00000    34.9282    34.9276         26 0.0000e+00
   1620.000   1598.525     3.4475     3.4470  32.709870  32.709074    6.03119     1.8315 3.5248e+02    -0.0231     0.0000      98.78    97.3659     0.0780     118256    6.03098    0.00000    34.9282    34.9277         30 0.0000e+00
   1618.000   1596.559     3.4491     3.4470  32.710592  32.708558    6.03308     1.8324 3.7650e+02    -0.0235     0.0000      98.78    97.3665     0.0780     118298    6.03303    0.00000    34.9283    34.9281         62 0.0000e+00
   1616.000   1594.593     3.4505     3.4492  32.711172  32.709685    6.03415     1.8328 1.3842e+03    -0.0228     0.0000      98.78    97.3746     0.0780     118396    6.03325    0.00000    34.9285    34.9281        104 0.0000e+00
   1614.000   1592.627     3.4532     3.4542  32.712750  32.713015    6.03463     1.8335 4.2447e+02    -0.0237     0.0000      98.78    97.3746     0.0780     118457    6.03455    0.00000    34.9285    34.9278         33 0.0000e+00
   1612.000   1590.661     3.4548     3.4555  32.713470  32.713620    6.03257     1.8335 3.5378e+02    -0.0225     0.0000      98.78    97.3588     0.0780     118484    6.03249    0.00000    34.9286    34.9281         25 0.0000e+00
   1610.000   1588.695     3.4560     3.4562  32.713621  32.713421    6.03018     1.8334 3.5298e+02    -0.0227     0.0000      98.78    97.3665     0.0780     118510    6.03010    0.00000    34.9285    34.9281         28 0.0000e+00
   1608.000   1586.729     3.4558     3.4561  32.712648  32.712668    6.03085     1.8338 8.1730e+02    -0.0235     0.0000      98.78    97.3661     0.0780     118568    6.03081    0.00000    34.9286    34.9283         59 0.0000e+00
   1606.000   1584.763     3.4542     3.4559  32.709751  32.711219    6.03190     1.8343 7.5440e+02    -0.0234     0.0000      98.78    97.3661     0.0780     118639    6.03163    0.00000    34.9278    34.9277         35 0.0000e+00
   1604.000   1582.797     3.4517     3.4526  32.705944  32.706547    6.03263     1.8347 3.7045e+02    -0.0243     0.0000      98.78    97.3661     0.0780     118671    6.03249    0.00000    34.9269    34.9267         36 0.0000e+00
   1602.000   1580.831     3.4512     3.4521  32.704406  32.705216    6.03234     1.8350 5.2502e+02    -0.0239     0.0000      98.78    97.3661     0.0780     118730    6.03226    0.00000    34.9266    34.9266         80 0.0000e+00
   1600.000   1578.865     3.4509     3.4517  32.702435  32.702764    6.03586     1.8361 9.9946e+02    -0.0238     0.0000      98.78    97.3623     0.0780     118795    6.03576    0.00000    34.9256    34.9251         42 0.0000e+00
   1598.000   1576.898     3.4525     3.4536  32.702911  32.703263    6.03548     1.8364 6.7342e+02    -0.0234     0.0000      98.78    97.3553     0.0780     118828    6.03535    0.00000    34.9255    34.9247         30 0.0000e+00
   1596.000   1574.932     3.4549     3.4550  32.704291  32.703972    6.03663     1.8370 3.7692e+02    -0.0231     0.0000      98.78    97.3517     0.0780     118860    6.03643    0.00000    34.9255    34.9250         37 0.0000e+00
   1594.000   1572.966     3.4546     3.4548  32.703309  32.703113    6.04157     1.8385 3.5307e+02    -0.0232     0.0000      98.78    97.3581     0.0780     118930    6.04153    0.00000    34.9256    34.9252         76 0.0000e+00
   1592.000   1571.000     3.4569     3.4571  32.704358  32.704097    6.04320     1.8392 4.0227e+02    -0.0237     0.0000      98.78    97.3625     0.0780     118990    6.04296    0.00000    34.9255    34.9249         37 0.0000e+00
   1590.000   1569.034     3.4584     3.4592  32.704853  32.704974    6.04199     1.8394 5.4099e+02    -0.0235     0.0000      98.78    97.3457     0.0780     119022    6.04181    0.00000    34.9254    34.9248         31 0.0000e+00
   1588.000   1567.068     3.4590     3.4594  32.704650  32.704611    6.04365     1.8401 3.7425e+02    -0.0234     0.0000      98.78    97.3545     0.0780     119062    6.04358    0.00000    34.9255    34.9251         60 0.0000e+00
   1586.000   1565.102     3.4594     3.4597  32.704149  32.704145    6.04501     1.8408 3.5109e+02    -0.0228     0.0000      98.78    97.3668     0.0780     119134    6.04491    0.00000    34.9255    34.9252         59 0.0000e+00
   1584.000   1563.135     3.4636     3.4641  32.707095  32.706853    6.04428     1.8411 3.5210e+02    -0.0243     0.0000      98.78    97.3660     0.0780     119176    6.04416    0.00000    34.9256    34.9248         39 0.0000e+00
   1582.000   1561.169     3.4668     3.4662  32.709284  32.708415    6.04587     1.8419 3.9064e+02    -0.0231     0.0000      98.78    97.3484     0.0780     119222    6.04568    0.00000    34.9258    34.9254         57 0.0000e+00
   1580.000   1559.203     3.4681     3.4678  32.709636  32.708978    6.04672     1.8425 3.5592e+02    -0.0231     0.0000      98.78    97.3517     0.0780     119278    6.04651    0.00000    34.9258    34.9253         48 0.0000e+00
   1578.000   1557.236     3.4703     3.4719  32.710788  32.711733    6.04790     1.8431 3.5246e+02    -0.0224     0.0000      98.78    97.3587     0.0780     119321    6.04765    0.00000    34.9259    34.9253         42 0.0000e+00
   1576.000   1555.270     3.4732     3.4728  32.712549  32.711973    6.04756     1.8435 3.5159e+02    -0.0233     0.0000      98.78    97.3571     0.0780     119368    6.04722    0.00000    34.9259    34.9256         53 0.0000e+00
   1574.000   1553.303     3.4751     3.4747  32.713417  32.712735    6.04648     1.8436 3.5854e+02    -0.0233     0.0000      98.78    97.3657     0.0780     119426    6.04588    0.00000    34.9258    34.9254         58 0.0000e+00
   1572.000   1551.337     3.4782     3.4796  32.715317  32.716004    6.04408     1.8436 4.1598e+02    -0.0231     0.0000      98.78    97.3661     0.0780     119476    6.04361    0.00000    34.9259    34.9252         44 0.0000e+00
   1570.000   1549.371     3.4813     3.4815  32.717304  32.717177    6.04192     1.8436 3.5597e+02    -0.0227     0.0000      98.78    97.3661     0.0780     119523    6.04159    0.00000    34.9259    34.9255         56 0.0000e+00
   1568.000   1547.404     3.4831     3.4824  32.717980  32.717087    6.03979     1.8435 3.6755e+02    -0.0224     0.0000      98.78    97.3661     0.0780     119586    6.03919    0.00000    34.9258    34.9255         58 0.0000e+00
   1566.000   1545.438     3.4835     3.4844  32.717453  32.717947    6.03768     1.8435 3.5200e+02    -0.0232     0.0000      98.78    97.3661     0.0780     119633    6.03751    0.00000    34.9258    34.9253         41 0.0000e+00
   1564.000   1543.472     3.4863     3.4862  32.719229  32.718775    6.03705     1.8438 3.5264e+02    -0.0234     0.0000      98.78    97.3662     0.0780     119673    6.03688    0.00000    34.9258    34.9254         43 0.0000e+00
   1562.000   1541.505     3.4889     3.4882  32.720762  32.719714    6.03832     1.8445 3.5241e+02    -0.0231     0.0000      98.78    97.3688     0.0780     119719    6.03806    0.00000    34.9259    34.9254         48 0.0000e+00
   1560.000   1539.539     3.4915     3.4907  32.722238  32.721257    6.03643     1.8445 3.5132e+02    -0.0234     0.0000      98.78    97.3595     0.0780     119772    6.03622    0.00000    34.9259    34.9256         62 0.0000e+00
   1558.000   1537.572     3.4935     3.4914  32.723158  32.720928    6.03345     1.8443 3.5437e+02    -0.0238     0.0000      98.78    97.3609     0.0780     119841    6.03329    0.00000    34.9258    34.9255         67 0.0000e+00
   1556.000   1535.606     3.4937     3.4954  32.722386  32.723401    6.03122     1.8442 3.5258e+02    -0.0230     0.0000      98.78    97.3628     0.0780     119894    6.03111    0.00000    34.9257    34.9251         39 0.0000e+00
   1554.000   1533.639     3.4961     3.4969  32.723727  32.723992    6.02990     1.8443 3.5186e+02    -0.0232     0.0000      98.78    97.3661     0.0780     119928    6.02979    0.00000    34.9257    34.9252         33 0.0000e+00
   1552.000   1531.672     3.4982     3.4983  32.724832  32.724686    6.03134     1.8450 3.5108e+02    -0.0230     0.0000      98.78    97.3661     0.0780     119967    6.03117    0.00000    34.9258    34.9256         53 0.0000e+00
   1550.000   1529.706     3.4984     3.4979  32.724302  32.723560    6.03463     1.8461 4.7740e+02    -0.0236     0.0000      98.78    97.3661     0.0780     120043    6.03420    0.00000    34.9261    34.9256         74 0.0000e+00
   1548.000   1527.739     3.5010     3.5025  32.725668  32.726543    6.03243     1.8459 3.5478e+02    -0.0230     0.0000      98.78    97.3661     0.0780     120093    6.03139    0.00000    34.9259    34.9253         39 0.0000e+00
   1546.000   1525.773     3.5035     3.5045  32.727204  32.727607    6.03043     1.8461 3.5219e+02    -0.0230     0.0000      98.78    97.3661     0.0780     120128    6.03023    0.00000    34.9260    34.9255         34 0.0000e+00
   1544.000   1523.806     3.5067     3.5062  32.729388  32.728569    6.02934     1.8463 3.5322e+02    -0.0234     0.0000      98.78    97.3661     0.0780     120168    6.02913    0.00000    34.9263    34.9258         53 0.0000e+00
   1542.000   1521.839     3.5063     3.5062  32.728132  32.727734    6.03216     1.8472 6.1552e+02    -0.0236     0.0000      98.78    97.3661     0.0780     120253    6.03185    0.00000    34.9261    34.9258         53 0.0000e+00
   1540.000   1519.873     3.5108     3.5115  32.731287  32.731341    6.02950     1.8472 3.5246e+02    -0.0226     0.0000      98.78    97.3661     0.0780     120291    6.02940    0.00000    34.9261    34.9254         31 0.0000e+00
   1538.000   1517.906     3.5132     3.5133  32.732660  32.732425    6.02843     1.8474 3.5211e+02    -0.0237     0.0000      98.78    97.3661     0.0780     120325    6.02825    0.00000    34.9263    34.9258         42 0.0000e+00
   1536.000   1515.939     3.5127     3.5132  32.731397  32.731676    6.03096     1.8482 9.7398e+02    -0.0229     0.0000      98.78    97.3661     0.0780     120391    6.03065    0.00000    34.9263    34.9261         71 0.0000e+00
   1534.000   1513.973     3.5154     3.5161  32.732911  32.732967    6.02991     1.8484 3.4562e+02    -0.0239     0.0000      98.78    97.3661     0.0780     120439    6.02962    0.00000    34.9262    34.9256         37 0.0000e+00
   1532.000   1512.006     3.5166     3.5173  32.733271  32.733526    6.03057     1.8490 3.5177e+02    -0.0228     0.0000      98.78    97.3661     0.0780     120479    6.03040    0.00000    34.9263    34.9259         53 0.0000e+00
   1530.000   1510.039     3.5167     3.5170  32.732516  32.732490    6.03274     1.8498 7.8123e+02    -0.0235     0.0000      98.78    97.3661     0.0780     120563    6.03231    0.00000    34.9263    34.9260         85 0.0000e+00
   1528.000   1508.072     3.5173     3.5178  32.732129  32.732317    6.03021     1.8496 3.6096e+02    -0.0230     0.0000      98.78    97.3661     0.0780     120627    6.02997    0.00000    34.9262    34.9259         63 0.0000e+00
   1526.000   1506.106     3.5186     3.5186  32.732368  32.732095    6.03172     1.8504 3.7136e+02    -0.0237     0.0000      98.78    97.3618     0.0780     120769    6.03164    0.00000    34.9261    34.9258         92 0.0000e+00
   1524.000   1504.139     3.5199     3.5202  32.732673  32.732615    6.03389     1.8512 3.6978e+02    -0.0238     0.0000      98.78    97.3599     0.0780     120959    6.03370    0.00000    34.9261    34.9257         88 0.0000e+00
   1522.000   1502.172     3.5210     3.5216  32.732752  32.732897    6.03613     1.8521 3.5111e+02    -0.0225     0.0000      98.78    97.3615     0.0780     121169    6.03591    0.00000    34.9260    34.9256         62 0.0000e+00
   1520.000   1500.205     3.5227     3.5233  32.733599  32.733834    6.03834     1.8530 3.5045e+02    -0.0232     0.0000      98.78    97.3561     0.0780     121989    6.03824    0.00000    34.9262    34.9258         78 0.0000e+00
   1518.000   1498.238     3.5267     3.5258  32.736383  32.735196    6.03616     1.8531 3.4957e+02    -0.0236     0.0000      98.78    97.3556     0.0780     122617    6.03632    0.00000    34.9263    34.9258         75 0.0000e+00
   1516.000   1496.271     3.5304     3.5304  32.738747  32.738461    6.03648     1.8535 3.4972e+02    -0.0231     0.0000      98.78    97.3593     0.0780     122751    6.03610    0.00000    34.9262    34.9258         78 0.0000e+00
   1514.000   1494.304     3.5323     3.5333  32.739518  32.739903    6.03548     1.8538 3.4926e+02    -0.0237     0.0000      98.78    97.3662     0.0780     122861    6.03534    0.00000    34.9261    34.9255         40 0.0000e+00
   1512.000   1492.337     3.5350     3.5356  32.741181  32.741240    6.03291     1.8537 3.4909e+02    -0.0237     0.0000      98.78    97.3625     0.0780     122896    6.03278    0.00000    34.9261    34.9256         37 0.0000e+00
   1510.000   1490.370     3.5368     3.5360  32.742177  32.740956    6.03347     1.8540 4.7381e+02    -0.0232     0.0000      98.78    97.3526     0.0780     122989    6.03243    0.00000    34.9264    34.9259         56 0.0000e+00
   1508.000   1488.404     3.5413     3.5418  32.745459  32.745319    6.03248     1.8542 3.5106e+02    -0.0229     0.0000      98.78    97.3536     0.0780     123078    6.03095    0.00000    34.9266    34.9259         42 0.0000e+00
   1506.000   1486.436     3.5453     3.5433  32.748458  32.746327    6.03118     1.8547 3.5002e+02    -0.0234     0.0000      98.78    97.3615     0.0780     123132    6.03094    0.00000    34.9269    34.9265         66 0.0000e+00
   1504.000   1484.470     3.5473     3.5467  32.749475  32.748389    6.02907     1.8547 3.4970e+02    -0.0236     0.0000      98.78    97.3633     0.0780     123193    6.02890    0.00000    34.9269    34.9263         47 0.0000e+00
   1502.000   1482.502     3.5502     3.5508  32.751334  32.751472    6.02840     1.8550 3.4942e+02    -0.0232     0.0000      98.78    97.3564     0.0780     123237    6.02835    0.00000    34.9271    34.9267         51 0.0000e+00
   1500.000   1480.536     3.5513     3.5508  32.751509  32.750786    6.02774     1.8552 5.3786e+02    -0.0234     0.0000      98.78    97.3577     0.0780     123325    6.02745    0.00000    34.9271    34.9268         89 0.0000e+00
   1498.000   1478.568     3.5523     3.5532  32.751369  32.751780    6.02391     1.8547 3.4432e+02    -0.0236     0.0000      98.78    97.3651     0.0780     123391    6.02369    0.00000    34.9270    34.9265         39 0.0000e+00
   1496.000   1476.601     3.5538     3.5547  32.751990  32.752292    6.02174     1.8547 3.5011e+02    -0.0227     0.0000      98.78    97.3618     0.0780     123423    6.02155    0.00000    34.9271    34.9265         28 0.0000e+00
   1494.000   1474.634     3.5552     3.5553  32.752481  32.752090    6.02327     1.8554 3.4954e+02    -0.0235     0.0000      98.78    97.3558     0.0780     123450    6.02302    0.00000    34.9271    34.9265         28 0.0000e+00
   1492.000   1472.667     3.5561     3.5561  32.752544  32.752266    6.02343     1.8558 6.0561e+02    -0.0233     0.0000      98.78    97.3556     0.0780     123496    6.02329    0.00000    34.9273    34.9269         54 0.0000e+00
