Ship_data/Irminger/Irminger-2/ctd/process/OOI/uat30_004.cnv
* Sea-Bird SBE 9 Data File:
* FileName = C:\data\ctd\at30_004.hex
* Software Version Seasave V 7.21f
* Temperature SN = 2265
* Conductivity SN = 3021
* Number of Bytes Per Scan = 40
* Number of Voltage Words = 5
* Number of Scans Averaged by the Deck Unit = 1
* NMEA Latitude = 59 57.06 N
* NMEA Longitude = 039 25.14 W
* NMEA UTC (Time) = Aug 14 2015  14:16:48
# nquan = 21
# nvalues = 1365                        
# units = specified
# name 0 = prDM: Pressure, Digiquartz [db]
# name 1 = depSM: Depth [salt water, m]
# name 2 = t090C: Temperature [ITS-90, deg C]
# name 3 = t190C: Temperature, 2 [ITS-90, deg C]
# name 4 = c0mS/cm: Conductivity [mS/cm]
# name 5 = c1mS/cm: Conductivity, 2 [mS/cm]
# name 6 = sbeox0ML/L: Oxygen, SBE 43 [ml/l]
# name 7 = sbeox0V: Oxygen raw, SBE 43 [V]
# name 8 = spar: SPAR/Surface Irradiance
# name 9 = flECO-AFL: Fluorescence, WET Labs ECO-AFL/FL [mg/m^3]
# name 10 = v2: Voltage 2
# name 11 = altM: Altimeter [m]
# name 12 = CStarTr0: Beam Transmission, WET Labs C-Star [%]
# name 13 = turbWETntu0: Turbidity, WET Labs ECO [NTU]
# name 14 = scan: Scan Count
# name 15 = sbeox0ML/L: Oxygen, SBE 43 [ml/l], WS = 2
# name 16 = sbeox0dOV/dT: Oxygen, SBE 43 [dov/dt], WS = 2
# name 17 = sal00: Salinity, Practical [PSU]
# name 18 = sal11: Salinity, Practical, 2 [PSU]
# name 19 = nbin: number of scans per bin
# name 20 = flag: flag
# span 0 =      2.000,   2730.000       
# span 1 =      1.981,   2686.831       
# span 2 =     1.4237,     8.2589       
# span 3 =     1.4247,     8.2755       
# span 4 =  31.341710,  36.317878       
# span 5 =  31.341941,  36.332856       
# span 6 =    6.01450,    6.74314       
# span 7 =     1.6896,     2.5339       
# span 8 = 2.9673e+02, 1.6917e+03       
# span 9 =    -0.0248,    -0.0219       
# span 10 =     0.0000,     0.0000      
# span 11 =      12.21,      99.55      
# span 12 =    93.7530,    97.4190      
# span 13 =     0.0780,     0.0780      
# span 14 =      86375,     191628      
# span 15 =    6.01450,    6.74237      
# span 16 =    0.00000,    0.00000      
# span 17 =    34.8468,    34.9317      
# span 18 =    34.8464,    34.9310      
# span 19 =         20,        128      
# span 20 = 0.0000e+00, 0.0000e+00      
# interval = decibars: 2                
# start_time = Aug 14 2015 14:16:48 [NMEA time, header]
# bad_flag = -9.990e-29
*END*
[from data line 966]
    798.000    788.961     3.5738     3.5749  32.430777  32.431669    6.62097     2.1265 3.5755e+02    -0.0231     0.0000      98.78    97.3135     0.0780     144554    6.62080    0.00000    34.8788    34.8787         31 0.0000e+00
    796.000    786.988     3.5755     3.5759  32.431636  32.431897    6.61962     2.1267 3.5937e+02    -0.0226     0.0000      98.78    97.3123     0.0780     144585    6.61950    0.00000    34.8791    34.8790         34 0.0000e+00
    794.000    785.014     3.5756     3.5754  32.430963  32.430852    6.62230     2.1279 3.5876e+02    -0.0235     0.0000      98.78    97.3086     0.0780     144634    6.62273    0.00000    34.8792    34.8793         68 0.0000e+00
    792.000    783.040     3.5770     3.5763  32.431494  32.430758    6.62013     2.1278 3.5570e+02    -0.0231     0.0000      98.78    97.3090     0.0780     144700    6.62007    0.00000    34.8794    34.8792         55 0.0000e+00
    790.000    781.067     3.5785     3.5795  32.432084  32.432905    6.61900     2.1280 3.5574e+02    -0.0228     0.0000      98.78    97.3152     0.0780     144747    6.61890    0.00000    34.8796    34.8795         42 0.0000e+00
    788.000    779.093     3.5801     3.5808  32.432806  32.433371    6.62044     2.1288 3.5842e+02    -0.0236     0.0000      98.78    97.3062     0.0780     144786    6.62032    0.00000    34.8798    34.8797         38 0.0000e+00
    786.000    777.119     3.5811     3.5811  32.432992  32.433101    6.62432     2.1302 3.5870e+02    -0.0234     0.0000      98.78    97.3131     0.0780     144835    6.62412    0.00000    34.8800    34.8801         69 0.0000e+00
    784.000    775.146     3.5824     3.5820  32.433344  32.432933    6.62288     2.1303 3.5620e+02    -0.0228     0.0000      98.78    97.3157     0.0780     144909    6.62274    0.00000    34.8801    34.8800         54 0.0000e+00
    782.000    773.172     3.5833     3.5842  32.433323  32.433986    6.61765     2.1296 3.5791e+02    -0.0232     0.0000      98.78    97.2913     0.0780     144944    6.61762    0.00000    34.8801    34.8800         29 0.0000e+00
    780.000    771.198     3.5850     3.5851  32.434051  32.434049    6.61430     2.1292 3.5984e+02    -0.0239     0.0000      98.78    97.3045     0.0780     144970    6.61418    0.00000    34.8803    34.8801         26 0.0000e+00
    778.000    769.225     3.5862     3.5860  32.434501  32.434376    6.62290     2.1318 4.5741e+02    -0.0236     0.0000      98.78    97.3014     0.0780     145009    6.62273    0.00000    34.8806    34.8806         48 0.0000e+00
    776.000    767.251     3.5860     3.5860  32.433403  32.433298    6.62590     2.1329 1.0757e+03    -0.0233     0.0000      98.78    97.3087     0.0780     145111    6.62587    0.00000    34.8805    34.8804         45 0.0000e+00
    774.000    765.277     3.5899     3.5897  32.436402  32.435808    6.62159     2.1328 3.5676e+02    -0.0227     0.0000      98.78    97.3138     0.0780     145140    6.62281    0.00000    34.8810    34.8805         29 0.0000e+00
    772.000    763.303     3.5920     3.5920  32.437641  32.437509    6.62097     2.1328 3.6098e+02    -0.0235     0.0000      98.78    97.3138     0.0780     145170    6.62070    0.00000    34.8813    34.8811         32 0.0000e+00
    770.000    761.329     3.5921     3.5920  32.436881  32.436907    6.62281     2.1337 3.6017e+02    -0.0236     0.0000      98.78    97.2928     0.0780     145213    6.62263    0.00000    34.8814    34.8815         63 0.0000e+00
    768.000    759.355     3.5917     3.5919  32.435571  32.435918    6.62286     2.1341 3.5959e+02    -0.0235     0.0000      98.78    97.3218     0.0780     145285    6.62257    0.00000    34.8813    34.8814         58 0.0000e+00
    766.000    757.382     3.5942     3.5952  32.437212  32.437999    6.62135     2.1343 3.6100e+02    -0.0247     0.0000      98.78    97.3141     0.0780     145326    6.62128    0.00000    34.8816    34.8814         37 0.0000e+00
    764.000    755.408     3.5964     3.5963  32.438563  32.438457    6.62523     2.1357 3.6159e+02    -0.0235     0.0000      98.78    97.3168     0.0780     145366    6.62509    0.00000    34.8819    34.8819         47 0.0000e+00
    762.000    753.434     3.5982     3.5969  32.439374  32.438297    6.62530     2.1362 3.6035e+02    -0.0236     0.0000      98.78    97.3210     0.0780     145423    6.62515    0.00000    34.8821    34.8821         60 0.0000e+00
    760.000    751.460     3.5982     3.5989  32.438552  32.439120    6.62602     2.1368 3.6238e+02    -0.0236     0.0000      98.78    97.3201     0.0780     145474    6.62587    0.00000    34.8821    34.8821         44 0.0000e+00
    758.000    749.486     3.5999     3.6005  32.439293  32.439822    6.63052     2.1384 3.6275e+02    -0.0235     0.0000      98.78    97.3233     0.0780     145516    6.63029    0.00000    34.8822    34.8822         40 0.0000e+00
    756.000    747.512     3.6007     3.6011  32.439319  32.439736    6.63270     2.1394 3.6183e+02    -0.0229     0.0000      98.78    97.3204     0.0780     145557    6.63243    0.00000    34.8825    34.8825         47 0.0000e+00
    754.000    745.538     3.6014     3.6009  32.439091  32.438564    6.63795     2.1412 3.6263e+02    -0.0238     0.0000      98.78    97.3119     0.0780     145616    6.63789    0.00000    34.8825    34.8824         64 0.0000e+00
    752.000    743.564     3.6014     3.6018  32.438207  32.438645    6.63700     2.1413 3.6399e+02    -0.0231     0.0000      98.78    97.2954     0.0780     145672    6.63671    0.00000    34.8825    34.8825         50 0.0000e+00
    750.000    741.590     3.6022     3.6025  32.438122  32.438421    6.63813     2.1421 3.6297e+02    -0.0236     0.0000      98.78    97.3250     0.0780     145719    6.63805    0.00000    34.8826    34.8826         44 0.0000e+00
    748.000    739.616     3.6028     3.6033  32.437847  32.438251    6.63956     2.1429 3.6225e+02    -0.0232     0.0000      98.78    97.3225     0.0780     145761    6.63935    0.00000    34.8826    34.8826         40 0.0000e+00
    746.000    737.642     3.6039     3.6041  32.438059  32.438271    6.63977     2.1434 3.6240e+02    -0.0229     0.0000      98.78    97.3210     0.0780     145802    6.63970    0.00000    34.8828    34.8828         45 0.0000e+00
    744.000    735.668     3.6050     3.6040  32.438276  32.437484    6.64023     2.1440 3.6327e+02    -0.0238     0.0000      98.78    97.3138     0.0780     145857    6.64007    0.00000    34.8829    34.8830         63 0.0000e+00
    742.000    733.694     3.6051     3.6056  32.437472  32.437899    6.64198     2.1449 3.6398e+02    -0.0238     0.0000      98.78    97.3131     0.0780     145911    6.64222    0.00000    34.8829    34.8829         42 0.0000e+00
    740.000    731.720     3.6060     3.6066  32.437591  32.438051    6.64081     2.1448 3.6430e+02    -0.0231     0.0000      98.78    97.3205     0.0780     145952    6.64007    0.00000    34.8831    34.8831         48 0.0000e+00
    738.000    729.745     3.6071     3.6066  32.437757  32.437407    6.63873     2.1450 4.1301e+02    -0.0232     0.0000      98.78    97.3105     0.0780     146015    6.63859    0.00000    34.8832    34.8833         66 0.0000e+00
    736.000    727.771     3.6076     3.6084  32.437372  32.438015    6.63938     2.1456 3.7913e+02    -0.0235     0.0000      98.78    97.3117     0.0780     146066    6.63912    0.00000    34.8833    34.8832         42 0.0000e+00
    734.000    725.797     3.6085     3.6089  32.437421  32.437842    6.63664     2.1454 3.6371e+02    -0.0238     0.0000      98.78    97.3253     0.0780     146108    6.63640    0.00000    34.8834    34.8835         43 0.0000e+00
    732.000    723.823     3.6093     3.6099  32.437277  32.437802    6.63397     2.1452 3.6471e+02    -0.0234     0.0000      98.78    97.3247     0.0780     146149    6.63379    0.00000    34.8835    34.8835         38 0.0000e+00
    730.000    721.849     3.6091     3.6098  32.436171  32.436883    6.63240     2.1452 3.6350e+02    -0.0234     0.0000      98.78    97.3245     0.0780     146186    6.63227    0.00000    34.8834    34.8835         40 0.0000e+00
    728.000    719.875     3.6090     3.6093  32.435358  32.435726    6.63749     2.1469 4.3122e+02    -0.0234     0.0000      98.78    97.3233     0.0780     146256    6.63728    0.00000    34.8836    34.8837         76 0.0000e+00
    726.000    717.900     3.6097     3.6103  32.434957  32.435278    6.63507     2.1467 3.6420e+02    -0.0226     0.0000      98.78    97.2811     0.0780     146313    6.63492    0.00000    34.8834    34.8832         39 0.0000e+00
    724.000    715.926     3.6112     3.6107  32.435622  32.435157    6.63536     2.1473 4.1295e+02    -0.0234     0.0000      98.78    97.3266     0.0780     146362    6.63522    0.00000    34.8837    34.8837         61 0.0000e+00
    722.000    713.952     3.6126     3.6126  32.436066  32.435874    6.62991     2.1465 5.0459e+02    -0.0234     0.0000      98.78    97.3206     0.0780     146416    6.62977    0.00000    34.8838    34.8836         38 0.0000e+00
    720.000    711.978     3.6135     3.6141  32.436066  32.436425    6.62648     2.1460 3.6329e+02    -0.0240     0.0000      98.78    97.3242     0.0780     146446    6.62619    0.00000    34.8839    34.8836         28 0.0000e+00
    718.000    710.003     3.6149     3.6148  32.436576  32.436502    6.62657     2.1466 3.6482e+02    -0.0231     0.0000      98.78    97.3227     0.0780     146474    6.62643    0.00000    34.8840    34.8840         31 0.0000e+00
    716.000    708.029     3.6147     3.6149  32.435674  32.435920    6.63202     2.1484 3.6817e+02    -0.0232     0.0000      98.78    97.3208     0.0780     146548    6.63198    0.00000    34.8842    34.8843         67 0.0000e+00
    714.000    706.055     3.6152     3.6152  32.435079  32.435065    6.63473     2.1495 6.5971e+02    -0.0230     0.0000      98.78    97.3265     0.0780     146622    6.63465    0.00000    34.8841    34.8840         41 0.0000e+00
    712.000    704.080     3.6161     3.6168  32.435189  32.435666    6.63164     2.1492 3.6763e+02    -0.0235     0.0000      98.78    97.3205     0.0780     146655    6.63153    0.00000    34.8843    34.8841         32 0.0000e+00
    710.000    702.106     3.6165     3.6169  32.434630  32.435068    6.63134     2.1495 3.6644e+02    -0.0236     0.0000      98.78    97.3174     0.0780     146688    6.63132    0.00000    34.8842    34.8843         35 0.0000e+00
    708.000    700.131     3.6161     3.6165  32.433417  32.433961    6.63327     2.1504 3.6587e+02    -0.0235     0.0000      98.78    97.3288     0.0780     146730    6.63318    0.00000    34.8842    34.8845         51 0.0000e+00
    706.000    698.157     3.6156     3.6161  32.432079  32.432799    6.63297     2.1507 6.5749e+02    -0.0232     0.0000      98.78    97.3322     0.0780     146792    6.63290    0.00000    34.8842    34.8845         68 0.0000e+00
    704.000    696.182     3.6155     3.6159  32.430966  32.431388    6.63325     2.1512 4.0856e+02    -0.0232     0.0000      98.78    97.3338     0.0780     146854    6.63306    0.00000    34.8840    34.8841         50 0.0000e+00
    702.000    694.208     3.6154     3.6160  32.430002  32.430484    6.63544     2.1522 3.6724e+02    -0.0237     0.0000      98.78    97.3254     0.0780     146895    6.63542    0.00000    34.8840    34.8840         40 0.0000e+00
    700.000    692.234     3.6157     3.6158  32.429389  32.429739    6.63546     2.1526 3.6504e+02    -0.0237     0.0000      98.78    97.3257     0.0780     146943    6.63528    0.00000    34.8841    34.8843         54 0.0000e+00
    698.000    690.259     3.6155     3.6162  32.428150  32.428948    6.63139     2.1520 3.6624e+02    -0.0227     0.0000      98.78    97.3213     0.0780     146989    6.63115    0.00000    34.8839    34.8840         37 0.0000e+00
    696.000    688.285     3.6160     3.6166  32.427829  32.428390    6.63148     2.1525 3.6725e+02    -0.0236     0.0000      98.78    97.3244     0.0780     147024    6.63119    0.00000    34.8840    34.8840         38 0.0000e+00
    694.000    686.310     3.6151     3.6161  32.426180  32.427258    6.63365     2.1534 3.6584e+02    -0.0234     0.0000      98.78    97.3382     0.0780     147077    6.63343    0.00000    34.8840    34.8843         66 0.0000e+00
    692.000    684.336     3.6140     3.6148  32.424069  32.425005    6.63497     2.1541 3.6539e+02    -0.0229     0.0000      98.78    97.3185     0.0780     147138    6.63466    0.00000    34.8838    34.8840         52 0.0000e+00
    690.000    682.361     3.6138     3.6142  32.423034  32.423202    6.63449     2.1544 3.6971e+02    -0.0238     0.0000      98.78    97.3186     0.0780     147183    6.63426    0.00000    34.8837    34.8836         39 0.0000e+00
    688.000    680.386     3.6142     3.6144  32.422477  32.422678    6.63644     2.1553 3.6958e+02    -0.0232     0.0000      98.78    97.3243     0.0780     147223    6.63615    0.00000    34.8837    34.8838         45 0.0000e+00
    686.000    678.412     3.6152     3.6144  32.422655  32.421993    6.63707     2.1559 3.6470e+02    -0.0232     0.0000      98.78    97.3307     0.0780     147277    6.63690    0.00000    34.8839    34.8839         57 0.0000e+00
    684.000    676.437     3.6173     3.6177  32.423835  32.423849    6.63263     2.1554 3.6660e+02    -0.0235     0.0000      98.78    97.3214     0.0780     147322    6.63239    0.00000    34.8841    34.8837         36 0.0000e+00
    682.000    674.463     3.6188     3.6193  32.424370  32.424905    6.63366     2.1561 3.6998e+02    -0.0244     0.0000      98.78    97.3256     0.0780     147357    6.63342    0.00000    34.8843    34.8844         38 0.0000e+00
    680.000    672.488     3.6189     3.6188  32.423854  32.423800    6.63547     2.1570 3.6875e+02    -0.0237     0.0000      98.78    97.3260     0.0780     147410    6.63522    0.00000    34.8846    34.8846         64 0.0000e+00
    678.000    670.513     3.6188     3.6192  32.422657  32.423148    6.63699     2.1578 3.6544e+02    -0.0228     0.0000      98.78    97.3328     0.0780     147466    6.63672    0.00000    34.8844    34.8845         48 0.0000e+00
    676.000    668.538     3.6190     3.6189  32.422072  32.422137    6.64037     2.1590 3.6645e+02    -0.0231     0.0000      98.78    97.3249     0.0780     147519    6.64011    0.00000    34.8845    34.8846         59 0.0000e+00
    674.000    666.564     3.6197     3.6201  32.421778  32.422146    6.64119     2.1597 3.6819e+02    -0.0236     0.0000      98.78    97.3274     0.0780     147569    6.64105    0.00000    34.8845    34.8844         39 0.0000e+00
    672.000    664.589     3.6203     3.6210  32.421379  32.422093    6.63983     2.1598 3.6937e+02    -0.0228     0.0000      98.78    97.3295     0.0780     147603    6.63957    0.00000    34.8844    34.8845         31 0.0000e+00
    670.000    662.614     3.6209     3.6210  32.421235  32.421428    6.64211     2.1608 3.6894e+02    -0.0233     0.0000      98.78    97.3298     0.0780     147636    6.64191    0.00000    34.8846    34.8848         37 0.0000e+00
    668.000    660.639     3.6205     3.6206  32.420127  32.420299    6.64635     2.1623 3.7116e+02    -0.0233     0.0000      98.78    97.3322     0.0780     147696    6.64623    0.00000    34.8847    34.8849         80 0.0000e+00
    666.000    658.665     3.6209     3.6210  32.419601  32.419693    6.64610     2.1627 3.6824e+02    -0.0235     0.0000      98.78    97.3305     0.0780     147770    6.64600    0.00000    34.8848    34.8848         60 0.0000e+00
    664.000    656.690     3.6213     3.6222  32.418920  32.419672    6.64517     2.1629 3.6901e+02    -0.0241     0.0000      98.78    97.3232     0.0780     147815    6.64485    0.00000    34.8846    34.8846         33 0.0000e+00
