Ship_data/Irminger/Irminger-2/ctd/process/OOI/uat30_006.cnv
* Sea-Bird SBE 9 Data File:
* FileName = C:\data\ctd\at30_006.hex
* Software Version Seasave V 7.21f
* Temperature SN = 2265
* Conductivity SN = 3021
* Number of Bytes Per Scan = 40
* Number of Voltage Words = 5
* Number of Scans Averaged by the Deck Unit = 1
* NMEA Latitude = 59 51.06 N
* NMEA Longitude = 039 05.71 W
* NMEA UTC (Time) = Aug 17 2015  17:02:11
# nquan = 21
# nvalues = 506                         
# units = specified
# name 0 = prDM: Pressure, Digiquartz [db]
# name 1 = depSM: Depth [salt water, m]
# name 2 = t090C: Temperature [ITS-90, deg C]
# name 3 = t190C: Temperature, 2 [ITS-90, deg C]
# name 4 = c0mS/cm: Conductivity [mS/cm]
# name 5 = c1mS/cm: Conductivity, 2 [mS/cm]
# name 6 = sbeox0ML/L: Oxygen, SBE 43 [ml/l]
# name 7 = sbeox0V: Oxygen raw, SBE 43 [V]
# name 8 = spar: SPAR/Surface Irradiance
# name 9 = flECO-AFL: Fluorescence, WET Labs ECO-AFL/FL [mg/m^3]
# name 10 = v2: Voltage 2
# name 11 = altM: Altimeter [m]
# name 12 = CStarTr0: Beam Transmission, WET Labs C-Star [%]
# name 13 = turbWETntu0: Turbidity, WET Labs ECO [NTU]
# name 14 = scan: Scan Count
# name 15 = sbeox0ML/L: Oxygen, SBE 43 [ml/l], WS = 2
# name 16 = sbeox0dOV/dT: Oxygen, SBE 43 [dov/dt], WS = 2
# name 17 = sal00: Salinity, Practical [PSU]
# name 18 = sal11: Salinity, Practical, 2 [PSU]
# name 19 = nbin: number of scans per bin
# name 20 = flag: flag
# span 0 =      2.000,   1012.000       
# span 1 =      1.981,   1000.034       
# span 2 =     3.6134,     8.5996       
# span 3 =     3.6143,     8.5999       
# span 4 =  32.392803,  36.656569       
# span 5 =  32.392517,  36.655886       
# span 6 =    6.47022,    6.79331       
# span 7 =     2.0751,     2.5441       
# span 8 = 3.2756e+02, 4.9487e+02       
# span 9 =    -0.0238,    -0.0220       
# span 10 =     0.0000,     0.0000      
# span 11 =      57.32,      99.17      
# span 12 =    93.4926,    97.6818      
# span 13 =     0.0780,     0.0780      
# span 14 =      35767,      83456      
# span 15 =    6.47015,    6.79301      
# span 16 =    0.00000,    0.00000      
# span 17 =    34.8624,    34.9259      
# span 18 =    34.8624,    34.9258      
# span 19 =         31,        126      
# span 20 = 0.0000e+00, 0.0000e+00      
# interval = decibars: 2                
# start_time = Aug 17 2015 17:02:11 [NMEA time, header]
# bad_flag = -9.990e-29
*END*
[from data line 483]
     46.000     45.562     6.8996     6.8543  35.099447  35.049776    6.76203     2.4913 3.5005e+02    -0.0233     0.0000      98.77    94.9043     0.0780      77028    6.76145    0.00000    34.8744    34.8655         79 0.0000e+00
     44.000     43.581     7.1120     7.0629  35.295515  35.240537    6.73224     2.4933 3.5085e+02    -0.0231     0.0000      98.58    94.8500     0.0780      77147    6.73167    0.00000    34.8762    34.8655         92 0.0000e+00
     42.000     41.600     7.2291     7.2157  35.399332  35.386457    6.72954     2.4987 3.5082e+02    -0.0223     0.0000      98.77    94.8238     0.0780      77283    6.72901    0.00000    34.8728    34.8721         91 0.0000e+00
     40.000     39.619     7.4442     7.3602  35.596851  35.514098    6.70872     2.5033 3.5090e+02    -0.0226     0.0000      98.77    94.7098     0.0780      77425    6.70811    0.00000    34.8726    34.8670         73 0.0000e+00
     38.000     37.639     7.5932     7.5563  35.735251  35.695513    6.69688     2.5074 3.5084e+02    -0.0227     0.0000      93.13    94.6049     0.0780      77555    6.69621    0.00000    34.8743    34.8683         87 0.0000e+00
     36.000     35.658     7.8627     7.7633  35.980169  35.884152    6.66650     2.5117 3.5057e+02    -0.0225     0.0000      98.74    94.5165     0.0780      77714    6.66583    0.00000    34.8704    34.8661        111 0.0000e+00
     34.000     33.677     7.8835     7.8502  35.997192  35.962124    6.66507     2.5128 3.4931e+02    -0.0225     0.0000      97.19    94.4169     0.0780      77868    6.66461    0.00000    34.8690    34.8644         93 0.0000e+00
     32.000     31.696     7.9759     7.9602  36.081533  36.066786    6.67407     2.5204 3.4458e+02    -0.0227     0.0000      98.68    94.2117     0.0780      78534    6.67364    0.00000    34.8685    34.8683        103 0.0000e+00
     30.000     29.715     7.9976     7.9955  36.102253  36.099263    6.69138     2.5272 3.2818e+02    -0.0222     0.0000      98.77    94.1164     0.0780      80748    6.69109    0.00000    34.8701    34.8690         94 0.0000e+00
     28.000     27.734     8.0117     8.0060  36.115193  36.108631    6.68995     2.5279 3.2756e+02    -0.0223     0.0000      98.76    94.1050     0.0780      80896    6.68965    0.00000    34.8710    34.8696         71 0.0000e+00
     26.000     25.754     8.0253     8.0210  36.127193  36.122173    6.69116     2.5295 3.2845e+02    -0.0224     0.0000      98.77    93.9866     0.0780      81038    6.69082    0.00000    34.8712    34.8701         95 0.0000e+00
     24.000     23.773     8.0447     8.0450  36.144264  36.143555    6.69349     2.5316 3.3024e+02    -0.0225     0.0000      98.76    93.7630     0.0780      81175    6.69312    0.00000    34.8712    34.8701        103 0.0000e+00
     22.000     21.792     8.0581     8.0517  36.155392  36.148826    6.69912     2.5345 3.3103e+02    -0.0227     0.0000      98.77    93.6995     0.0780      81310    6.69887    0.00000    34.8708    34.8701         87 0.0000e+00
     20.000     19.811     8.0696     8.0662  36.164731  36.160783    6.70279     2.5366 3.3147e+02    -0.0226     0.0000      98.76    93.6599     0.0780      81443    6.70250    0.00000    34.8703    34.8695         92 0.0000e+00
     18.000     17.830     8.0868     8.0760  36.179252  36.168839    6.70618     2.5389 3.3261e+02    -0.0229     0.0000      98.77    93.5895     0.0780      81583    6.70580    0.00000    34.8697    34.8693         84 0.0000e+00
     16.000     15.849     8.0770     8.0813  36.162388  36.169675    6.71551     2.5417 3.3398e+02    -0.0225     0.0000      98.77    93.4926     0.0780      81716    6.71517    0.00000    34.8624    34.8659         80 0.0000e+00
     14.000     13.868     8.1948     8.1404  36.276093  36.220366    6.70298     2.5441 3.3624e+02    -0.0226     0.0000      98.76    93.7318     0.0780      81848    6.70254    0.00000    34.8680    34.8624         73 0.0000e+00
     12.000     11.887     8.4755     8.4348  36.546026  36.503246    6.62795     2.5353 3.4008e+02    -0.0226     0.0000      98.77    94.2145     0.0780      81996    6.62730    0.00000    34.8781    34.8730        126 0.0000e+00
     10.000      9.905     8.5632     8.5230  36.627457  36.585613    6.56038     2.5194 3.4343e+02    -0.0225     0.0000      98.77    94.2842     0.0780      82192    6.55988    0.00000    34.8787    34.8741         92 0.0000e+00
      8.000      7.924     8.5955     8.5923  36.655496  36.651507    6.55190     2.5189 3.4082e+02    -0.0221     0.0000      98.76    94.3772     0.0780      82442    6.55158    0.00000    34.8775    34.8764         78 0.0000e+00
      6.000      5.943     8.5861     8.5884  36.645529  36.647042    6.54947     2.5182 3.4198e+02    -0.0225     0.0000      98.76    94.3835     0.0780      82708    6.54916    0.00000    34.8772    34.8765         91 0.0000e+00
      4.000      3.962     8.5887     8.5884  36.647148  36.646198    6.54263     2.5168 3.4600e+02    -0.0224     0.0000      98.76    94.3917     0.0780      83006    6.54232    0.00000    34.8773    34.8765        100 0.0000e+00
      2.000      1.981     8.5996     8.5999  36.656569  36.655886    6.54592     2.5188 3.4770e+02    -0.0228     0.0000      98.77    94.3855     0.0780      83456    6.54559    0.00000    34.8774    34.8764         87 0.0000e+00
