Ship_data/Irminger/Irminger-2/ctd/process/OOI/uat30_013.cnv
* Sea-Bird SBE 9 Data File:
* FileName = C:\data\ctd\at30_013.hex
* Software Version Seasave V 7.21f
* Temperature SN = 2265
* Conductivity SN = 3021
* Number of Bytes Per Scan = 40
* Number of Voltage Words = 5
* Number of Scans Averaged by the Deck Unit = 1
* NMEA Latitude = 59 53.87 N
* NMEA Longitude = 039 34.33 W
* NMEA UTC (Time) = Aug 23 2015  21:20:25
** cal / val for SUMO 2
# nquan = 21
# nvalues = 759                         
# units = specified
# name 0 = prDM: Pressure, Digiquartz [db]
# name 1 = depSM: Depth [salt water, m]
# name 2 = t090C: Temperature [ITS-90, deg C]
# name 3 = t190C: Temperature, 2 [ITS-90, deg C]
# name 4 = c0mS/cm: Conductivity [mS/cm]
# name 5 = c1mS/cm: Conductivity, 2 [mS/cm]
# name 6 = sbeox0ML/L: Oxygen, SBE 43 [ml/l]
# name 7 = sbeox0V: Oxygen raw, SBE 43 [V]
# name 8 = spar: SPAR/Surface Irradiance
# name 9 = flECO-AFL: Fluorescence, WET Labs ECO-AFL/FL [mg/m^3]
# name 10 = v2: Voltage 2
# name 11 = altM: Altimeter [m]
# name 12 = CStarTr0: Beam Transmission, WET Labs C-Star [%]
# name 13 = turbWETntu0: Turbidity, WET Labs ECO [NTU]
# name 14 = scan: Scan Count
# name 15 = sbeox0ML/L: Oxygen, SBE 43 [ml/l], WS = 2
# name 16 = sbeox0dOV/dT: Oxygen, SBE 43 [dov/dt], WS = 2
# name 17 = sal00: Salinity, Practical [PSU]
# name 18 = sal11: Salinity, Practical, 2 [PSU]
# name 19 = nbin: number of scans per bin
# name 20 = flag: flag
# span 0 =      4.000,   1520.000       
# span 1 =      3.962,   1500.211       
# span 2 =     3.4812,     8.4270       
# span 3 =     3.4821,     8.4269       
# span 4 =  32.479080,  36.509089       
# span 5 =  32.478967,  36.507843       
# span 6 =    5.99380,    6.68451       
# span 7 =     1.8586,     2.5187       
# span 8 = 2.2200e+01, 3.0488e+01       
# span 9 =    -0.0565,    -0.0494       
# span 10 =     0.0000,     0.0000      
# span 11 =      83.22,      99.34      
# span 12 =    93.4126,    97.7997      
# span 13 =     0.0666,     0.0682      
# span 14 =      48973,     111666      
# span 15 =    5.99416,    6.68406      
# span 16 =    0.00000,    0.00000      
# span 17 =    34.8508,    35.0253      
# span 18 =    34.8541,    35.0247      
# span 19 =         26,        134      
# span 20 = 0.0000e+00, 0.0000e+00      
# interval = decibars: 2                
# start_time = Aug 23 2015 21:20:25 [NMEA time, header]
# bad_flag = -9.990e-29
*END*
[from data line 138]
   1244.000   1228.607     3.4817     3.4865  32.533074  32.537802    6.41528     1.9854 2.6924e+01    -0.0520     0.0000      98.73    97.7647     0.0674      56138    6.41517    0.00000    34.8691    34.8696         53 0.0000e+00
   1242.000   1226.638     3.4812     3.4833  32.531927  32.533696    6.42992     1.9891 2.6952e+01    -0.0506     0.0000      98.73    97.7611     0.0671      56180    6.42984    0.00000    34.8693    34.8691         36 0.0000e+00
   1240.000   1224.668     3.4815     3.4821  32.531439  32.531555    6.43735     1.9911 2.6749e+01    -0.0518     0.0000      98.73    97.7565     0.0672      56215    6.43709    0.00000    34.8694    34.8689         35 0.0000e+00
   1238.000   1222.699     3.4840     3.4835  32.533341  32.532379    6.44561     1.9935 2.6784e+01    -0.0516     0.0000      98.73    97.7583     0.0670      56258    6.44552    0.00000    34.8700    34.8694         58 0.0000e+00
   1236.000   1220.729     3.4853     3.4850  32.533754  32.533140    6.45422     1.9960 2.6476e+01    -0.0514     0.0000      98.73    97.7542     0.0673      56325    6.45419    0.00000    34.8702    34.8697         59 0.0000e+00
   1234.000   1218.760     3.4894     3.4880  32.537142  32.535218    6.45412     1.9965 2.6443e+01    -0.0512     0.0000      98.73    97.7652     0.0674      56370    6.45396    0.00000    34.8709    34.8700         42 0.0000e+00
   1232.000   1216.790     3.4918     3.4912  32.538744  32.537838    6.45690     1.9976 2.6634e+01    -0.0513     0.0000      98.73    97.7603     0.0669      56416    6.45661    0.00000    34.8713    34.8708         49 0.0000e+00
   1230.000   1214.821     3.4948     3.4936  32.541071  32.539447    6.45830     1.9984 2.6355e+01    -0.0513     0.0000      98.73    97.7630     0.0673      56467    6.45816    0.00000    34.8718    34.8712         56 0.0000e+00
   1228.000   1212.851     3.4995     3.4980  32.544976  32.543123    6.45743     1.9988 2.6314e+01    -0.0513     0.0000      98.73    97.7629     0.0673      56527    6.45733    0.00000    34.8726    34.8720         55 0.0000e+00
   1226.000   1210.882     3.5018     3.5010  32.546459  32.545104    6.45527     1.9988 2.6237e+01    -0.0523     0.0000      98.73    97.7695     0.0674      56569    6.45513    0.00000    34.8729    34.8721         34 0.0000e+00
   1224.000   1208.912     3.5024     3.5023  32.546156  32.545620    6.45349     1.9988 2.6542e+01    -0.0514     0.0000      98.73    97.7669     0.0671      56601    6.45335    0.00000    34.8729    34.8724         33 0.0000e+00
   1222.000   1206.942     3.5043     3.5047  32.547502  32.547336    6.45212     1.9988 2.6169e+01    -0.0513     0.0000      98.73    97.7671     0.0673      56647    6.45135    0.00000    34.8735    34.8729         66 0.0000e+00
   1220.000   1204.973     3.5099     3.5085  32.552068  32.550198    6.45146     1.9994 2.6343e+01    -0.0512     0.0000      98.73    97.7614     0.0673      56731    6.45118    0.00000    34.8740    34.8733         61 0.0000e+00
   1218.000   1203.003     3.5225     3.5168  32.564216  32.557376    6.44862     1.9997 2.6167e+01    -0.0514     0.0000      98.73    97.7739     0.0675      56774    6.44855    0.00000    34.8762    34.8741         37 0.0000e+00
   1216.000   1201.033     3.5245     3.5234  32.565252  32.563661    6.44648     1.9994 2.6291e+01    -0.0533     0.0000      98.73    97.7527     0.0672      56809    6.44516    0.00000    34.8763    34.8756         35 0.0000e+00
   1214.000   1199.064     3.5236     3.5240  32.563458  32.563703    6.44150     1.9988 2.6113e+01    -0.0516     0.0000      98.73    97.7703     0.0673      56846    6.44103    0.00000    34.8762    34.8760         41 0.0000e+00
   1212.000   1197.094     3.5231     3.5234  32.562014  32.562295    6.43989     1.9988 2.6064e+01    -0.0523     0.0000      98.73    97.7652     0.0674      56900    6.43956    0.00000    34.8760    34.8759         73 0.0000e+00
   1210.000   1195.125     3.5224     3.5231  32.560230  32.560690    6.44051     1.9994 2.6061e+01    -0.0515     0.0000      98.73    97.7781     0.0672      56975    6.44032    0.00000    34.8756    34.8754         57 0.0000e+00
   1208.000   1193.155     3.5198     3.5218  32.556503  32.558383    6.44087     1.9997 2.5999e+01    -0.0521     0.0000      98.73    97.7754     0.0674      57015    6.44082    0.00000    34.8749    34.8750         33 0.0000e+00
   1206.000   1191.185     3.5174     3.5189  32.553153  32.554376    6.44232     2.0003 2.5944e+01    -0.0512     0.0000      98.73    97.7651     0.0669      57047    6.44219    0.00000    34.8745    34.8744         34 0.0000e+00
   1204.000   1189.215     3.5154     3.5167  32.550162  32.551454    6.44679     2.0017 2.5853e+01    -0.0524     0.0000      98.73    97.7686     0.0671      57090    6.44663    0.00000    34.8741    34.8742         56 0.0000e+00
   1202.000   1187.245     3.5140     3.5150  32.547846  32.548632    6.45367     2.0036 2.6041e+01    -0.0515     0.0000      98.73    97.7645     0.0669      57156    6.45356    0.00000    34.8738    34.8737         65 0.0000e+00
   1200.000   1185.275     3.5133     3.5145  32.546158  32.547327    6.45665     2.0046 2.5930e+01    -0.0526     0.0000      98.73    97.7706     0.0669      57209    6.45640    0.00000    34.8736    34.8736         46 0.0000e+00
   1198.000   1183.306     3.5105     3.5124  32.542335  32.544298    6.45908     2.0054 2.6016e+01    -0.0514     0.0000      98.73    97.7728     0.0670      57254    6.45887    0.00000    34.8730    34.8733         44 0.0000e+00
   1196.000   1181.336     3.5082     3.5096  32.539057  32.540442    6.46070     2.0061 2.5759e+01    -0.0514     0.0000      98.73    97.7690     0.0670      57296    6.46065    0.00000    34.8725    34.8727         40 0.0000e+00
   1194.000   1179.366     3.5084     3.5087  32.538579  32.538683    6.46329     2.0071 2.5977e+01    -0.0510     0.0000      98.73    97.7764     0.0671      57341    6.46312    0.00000    34.8728    34.8725         55 0.0000e+00
   1192.000   1177.396     3.5093     3.5092  32.538617  32.538317    6.46981     2.0090 2.5872e+01    -0.0516     0.0000      98.73    97.7740     0.0669      57401    6.46980    0.00000    34.8729    34.8726         55 0.0000e+00
   1190.000   1175.426     3.5070     3.5083  32.535416  32.536426    6.47267     2.0099 2.6011e+01    -0.0517     0.0000      98.73    97.7658     0.0673      57446    6.47254    0.00000    34.8725    34.8723         41 0.0000e+00
   1188.000   1173.456     3.5074     3.5075  32.534914  32.534824    6.47501     2.0108 2.5956e+01    -0.0517     0.0000      98.73    97.7687     0.0669      57493    6.47474    0.00000    34.8725    34.8723         56 0.0000e+00
   1186.000   1171.486     3.5086     3.5078  32.535196  32.534346    6.47688     2.0117 2.5702e+01    -0.0516     0.0000      98.73    97.7740     0.0672      57551    6.47664    0.00000    34.8726    34.8723         52 0.0000e+00
   1184.000   1169.516     3.5053     3.5070  32.530777  32.532445    6.48008     2.0127 2.6065e+01    -0.0518     0.0000      98.73    97.7776     0.0669      57594    6.47998    0.00000    34.8718    34.8720         39 0.0000e+00
   1182.000   1167.546     3.5025     3.5038  32.527164  32.528272    6.48177     2.0134 2.6061e+01    -0.0516     0.0000      98.73    97.7654     0.0666      57633    6.48158    0.00000    34.8715    34.8714         40 0.0000e+00
   1180.000   1165.576     3.5002     3.5011  32.523982  32.524791    6.48486     2.0144 2.6033e+01    -0.0520     0.0000      98.73    97.7690     0.0672      57685    6.48477    0.00000    34.8712    34.8712         69 0.0000e+00
   1178.000   1163.606     3.5021     3.5015  32.525017  32.524050    6.48935     2.0159 2.5986e+01    -0.0514     0.0000      98.73    97.7736     0.0672      57753    6.48925    0.00000    34.8713    34.8708         55 0.0000e+00
   1176.000   1161.637     3.5029     3.5030  32.525034  32.524703    6.49241     2.0170 2.6062e+01    -0.0516     0.0000      98.73    97.7800     0.0673      57796    6.49216    0.00000    34.8715    34.8710         36 0.0000e+00
   1174.000   1159.666     3.5031     3.5033  32.524368  32.524172    6.49272     2.0174 2.5721e+01    -0.0524     0.0000      98.73    97.7746     0.0673      57831    6.49242    0.00000    34.8716    34.8712         35 0.0000e+00
   1172.000   1157.696     3.5032     3.5034  32.523643  32.523655    6.49478     2.0183 2.5936e+01    -0.0518     0.0000      98.73    97.7732     0.0671      57873    6.49466    0.00000    34.8716    34.8714         51 0.0000e+00
   1170.000   1155.726     3.5023     3.5029  32.521886  32.522385    6.49566     2.0189 2.6032e+01    -0.0516     0.0000      98.73    97.7741     0.0674      57935    6.49556    0.00000    34.8715    34.8714         74 0.0000e+00
   1168.000   1153.756     3.5008     3.5021  32.519217  32.520387    6.49811     2.0199 2.5984e+01    -0.0520     0.0000      98.73    97.7800     0.0672      58005    6.49884    0.00000    34.8709    34.8709         54 0.0000e+00
   1166.000   1151.786     3.5020     3.5020  32.519797  32.519324    6.49655     2.0199 2.5765e+01    -0.0518     0.0000      98.73    97.7734     0.0673      58045    6.49659    0.00000    34.8713    34.8708         34 0.0000e+00
   1164.000   1149.816     3.5033     3.5034  32.520123  32.519832    6.49511     2.0199 2.5933e+01    -0.0514     0.0000      98.73    97.7776     0.0674      58077    6.49469    0.00000    34.8714    34.8709         32 0.0000e+00
   1162.000   1147.846     3.5036     3.5036  32.519547  32.519443    6.49834     2.0211 2.5962e+01    -0.0510     0.0000      98.73    97.7739     0.0672      58112    6.49818    0.00000    34.8714    34.8713         41 0.0000e+00
   1160.000   1145.876     3.5033     3.5035  32.518544  32.518582    6.50278     2.0225 2.6036e+01    -0.0518     0.0000      98.73    97.7791     0.0671      58176    6.50259    0.00000    34.8716    34.8714         85 0.0000e+00
   1158.000   1143.905     3.5036     3.5037  32.517812  32.517789    6.50205     2.0227 2.6102e+01    -0.0517     0.0000      98.73    97.7791     0.0676      58249    6.50180    0.00000    34.8713    34.8712         53 0.0000e+00
   1156.000   1141.935     3.5038     3.5040  32.517163  32.517108    6.50240     2.0232 2.5956e+01    -0.0520     0.0000      98.73    97.7795     0.0673      58291    6.50231    0.00000    34.8714    34.8711         38 0.0000e+00
   1154.000   1139.964     3.5040     3.5045  32.516373  32.516637    6.50660     2.0246 2.6156e+01    -0.0523     0.0000      98.73    97.7706     0.0675      58330    6.50653    0.00000    34.8712    34.8711         41 0.0000e+00
   1152.000   1137.994     3.5012     3.5027  32.512466  32.513979    6.50791     2.0252 2.6159e+01    -0.0526     0.0000      98.73    97.7767     0.0674      58372    6.50777    0.00000    34.8706    34.8708         41 0.0000e+00
   1150.000   1136.024     3.5010     3.5015  32.511406  32.511596    6.51049     2.0261 2.6063e+01    -0.0519     0.0000      98.73    97.7685     0.0676      58413    6.51023    0.00000    34.8706    34.8703         43 0.0000e+00
   1148.000   1134.054     3.5030     3.5024  32.512630  32.511819    6.51177     2.0269 2.6089e+01    -0.0524     0.0000      98.73    97.7689     0.0676      58468    6.51165    0.00000    34.8709    34.8706         69 0.0000e+00
   1146.000   1132.084     3.5013     3.5026  32.509817  32.511108    6.50700     2.0261 2.6207e+01    -0.0530     0.0000      98.73    97.7776     0.0674      58536    6.50657    0.00000    34.8704    34.8706         57 0.0000e+00
   1144.000   1130.113     3.4935     3.4982  32.500779  32.505914    6.50726     2.0261 2.6208e+01    -0.0521     0.0000      98.73    97.7720     0.0671      58582    6.50656    0.00000    34.8689    34.8700         41 0.0000e+00
   1142.000   1128.143     3.4843     3.4882  32.490453  32.494554    6.50910     2.0266 2.6063e+01    -0.0519     0.0000      98.73    97.7582     0.0671      58622    6.50892    0.00000    34.8673    34.8682         41 0.0000e+00
   1140.000   1126.172     3.4944     3.4884  32.500098  32.493482    6.51241     2.0282 2.6061e+01    -0.0521     0.0000      98.73    97.7563     0.0674      58666    6.51224    0.00000    34.8692    34.8677         46 0.0000e+00
   1138.000   1124.202     3.5021     3.4987  32.507028  32.503312    6.51425     2.0294 2.6127e+01    -0.0517     0.0000      98.73    97.7709     0.0674      58717    6.51419    0.00000    34.8703    34.8695         59 0.0000e+00
   1136.000   1122.232     3.5019     3.5010  32.505970  32.504917    6.50919     2.0286 2.6175e+01    -0.0512     0.0000      98.73    97.7711     0.0674      58778    6.50890    0.00000    34.8702    34.8700         54 0.0000e+00
   1134.000   1120.261     3.5025     3.5021  32.505856  32.504898    6.50805     2.0287 2.6114e+01    -0.0520     0.0000      98.73    97.7650     0.0673      58822    6.50778    0.00000    34.8705    34.8698         37 0.0000e+00
   1132.000   1118.291     3.5050     3.5041  32.507472  32.506178    6.50906     2.0295 2.6178e+01    -0.0508     0.0000      98.73    97.7648     0.0672      58856    6.50896    0.00000    34.8709    34.8703         34 0.0000e+00
   1130.000   1116.320     3.5078     3.5072  32.509572  32.508716    6.51097     2.0305 2.6070e+01    -0.0513     0.0000      98.73    97.7521     0.0676      58903    6.51094    0.00000    34.8713    34.8710         61 0.0000e+00
   1128.000   1114.350     3.5091     3.5091  32.509984  32.509652    6.51217     2.0312 2.6218e+01    -0.0515     0.0000      98.73    97.7624     0.0675      58993    6.51193    0.00000    34.8715    34.8711         57 0.0000e+00
   1126.000   1112.379     3.5118     3.5106  32.511870  32.510132    6.50844     2.0311 2.6127e+01    -0.0527     0.0000      98.73    97.7634     0.0674      59028    6.50936    0.00000    34.8720    34.8711         30 0.0000e+00
   1124.000   1110.408     3.5122     3.5123  32.511416  32.511105    6.50773     2.0311 2.6130e+01    -0.0517     0.0000      98.73    97.7579     0.0673      59057    6.50765    0.00000    34.8720    34.8716         29 0.0000e+00
   1122.000   1108.438     3.5117     3.5121  32.509945  32.510302    6.50727     2.0313 2.6199e+01    -0.0530     0.0000      98.73    97.7641     0.0672      59090    6.50688    0.00000    34.8718    34.8717         42 0.0000e+00
   1120.000   1106.468     3.5123     3.5122  32.509809  32.509469    6.50936     2.0323 2.6252e+01    -0.0513     0.0000      98.73    97.7705     0.0671      59167    6.50936    0.00000    34.8719    34.8717         75 0.0000e+00
   1118.000   1104.497     3.5132     3.5134  32.509406  32.509696    6.50808     2.0324 2.6109e+01    -0.0519     0.0000      98.73    97.7628     0.0669      59223    6.50806    0.00000    34.8716    34.8717         41 0.0000e+00
   1116.000   1102.526     3.5101     3.5124  32.505460  32.507687    6.50788     2.0324 2.6176e+01    -0.0518     0.0000      98.73    97.7693     0.0671      59260    6.50698    0.00000    34.8712    34.8714         35 0.0000e+00
   1114.000   1100.556     3.4965     3.5041  32.490084  32.498697    6.51116     2.0329 2.6270e+01    -0.0516     0.0000      98.73    97.7581     0.0673      59296    6.51030    0.00000    34.8683    34.8705         38 0.0000e+00
   1112.000   1098.585     3.4885     3.4910  32.481451  32.484354    6.51470     2.0340 2.6174e+01    -0.0521     0.0000      98.73    97.7449     0.0672      59358    6.51447    0.00000    34.8675    34.8682         72 0.0000e+00
   1110.000   1096.614     3.4886     3.4903  32.480691  32.481798    6.51284     2.0339 2.6112e+01    -0.0522     0.0000      98.73    97.7518     0.0676      59423    6.51258    0.00000    34.8675    34.8670         38 0.0000e+00
