Ship_data/Irminger/Irminger-2/ctd/process/OOI/uat30_013.cnv
* Sea-Bird SBE 9 Data File:
* FileName = C:\data\ctd\at30_013.hex
* Software Version Seasave V 7.21f
* Temperature SN = 2265
* Conductivity SN = 3021
* Number of Bytes Per Scan = 40
* Number of Voltage Words = 5
* Number of Scans Averaged by the Deck Unit = 1
* NMEA Latitude = 59 53.87 N
* NMEA Longitude = 039 34.33 W
* NMEA UTC (Time) = Aug 23 2015  21:20:25
** cal / val for SUMO 2
# nquan = 21
# nvalues = 759                         
# units = specified
# name 0 = prDM: Pressure, Digiquartz [db]
# name 1 = depSM: Depth [salt water, m]
# name 2 = t090C: Temperature [ITS-90, deg C]
# name 3 = t190C: Temperature, 2 [ITS-90, deg C]
# name 4 = c0mS/cm: Conductivity [mS/cm]
# name 5 = c1mS/cm: Conductivity, 2 [mS/cm]
# name 6 = sbeox0ML/L: Oxygen, SBE 43 [ml/l]
# name 7 = sbeox0V: Oxygen raw, SBE 43 [V]
# name 8 = spar: SPAR/Surface Irradiance
# name 9 = flECO-AFL: Fluorescence, WET Labs ECO-AFL/FL [mg/m^3]
# name 10 = v2: Voltage 2
# name 11 = altM: Altimeter [m]
# name 12 = CStarTr0: Beam Transmission, WET Labs C-Star [%]
# name 13 = turbWETntu0: Turbidity, WET Labs ECO [NTU]
# name 14 = scan: Scan Count
# name 15 = sbeox0ML/L: Oxygen, SBE 43 [ml/l], WS = 2
# name 16 = sbeox0dOV/dT: Oxygen, SBE 43 [dov/dt], WS = 2
# name 17 = sal00: Salinity, Practical [PSU]
# name 18 = sal11: Salinity, Practical, 2 [PSU]
# name 19 = nbin: number of scans per bin
# name 20 = flag: flag
# span 0 =      4.000,   1520.000       
# span 1 =      3.962,   1500.211       
# span 2 =     3.4812,     8.4270       
# span 3 =     3.4821,     8.4269       
# span 4 =  32.479080,  36.509089       
# span 5 =  32.478967,  36.507843       
# span 6 =    5.99380,    6.68451       
# span 7 =     1.8586,     2.5187       
# span 8 = 2.2200e+01, 3.0488e+01       
# span 9 =    -0.0565,    -0.0494       
# span 10 =     0.0000,     0.0000      
# span 11 =      83.22,      99.34      
# span 12 =    93.4126,    97.7997      
# span 13 =     0.0666,     0.0682      
# span 14 =      48973,     111666      
# span 15 =    5.99416,    6.68406      
# span 16 =    0.00000,    0.00000      
# span 17 =    34.8508,    35.0253      
# span 18 =    34.8541,    35.0247      
# span 19 =         26,        134      
# span 20 = 0.0000e+00, 0.0000e+00      
# interval = decibars: 2                
# start_time = Aug 23 2015 21:20:25 [NMEA time, header]
# bad_flag = -9.990e-29
*END*
[from data line 552]
    416.000    411.667     3.9616     3.9617  32.637434  32.637473    6.45118     2.1829 2.3940e+01    -0.0519     0.0000      98.73    97.7222     0.0670      79996    6.45093    0.00000    34.9147    34.9147         57 0.0000e+00
    414.000    409.690     3.9630     3.9617  32.637852  32.636465    6.45368     2.1840 2.4027e+01    -0.0516     0.0000      98.73    97.7230     0.0673      80097    6.45336    0.00000    34.9148    34.9146         56 0.0000e+00
    412.000    407.712     3.9689     3.9664  32.642685  32.639833    6.45054     2.1839 2.3704e+01    -0.0523     0.0000      98.73    97.7182     0.0675      80133    6.45018    0.00000    34.9154    34.9146         34 0.0000e+00
    410.000    405.735     3.9760     3.9723  32.648810  32.644831    6.44758     2.1839 2.3702e+01    -0.0516     0.0000      98.73    97.7227     0.0675      80167    6.44730    0.00000    34.9162    34.9154         34 0.0000e+00
    408.000    403.758     3.9824     3.9777  32.654373  32.649162    6.44503     2.1840 2.3993e+01    -0.0521     0.0000      98.73    97.7227     0.0671      80200    6.44476    0.00000    34.9170    34.9158         31 0.0000e+00
    406.000    401.781     3.9873     3.9864  32.658161  32.656855    6.44629     2.1849 2.3946e+01    -0.0518     0.0000      98.73    97.7186     0.0677      80233    6.44597    0.00000    34.9174    34.9168         36 0.0000e+00
    404.000    399.803     3.9873     3.9860  32.657295  32.655985    6.44491     2.1851 2.3801e+01    -0.0518     0.0000      98.73    97.7236     0.0673      80300    6.44474    0.00000    34.9174    34.9172         69 0.0000e+00
    402.000    397.826     3.9905     3.9863  32.659483  32.654825    6.43513     2.1831 2.3526e+01    -0.0522     0.0000      98.73    97.7262     0.0675      80392    6.43503    0.00000    34.9177    34.9166         43 0.0000e+00
    400.000    395.849     3.9963     3.9953  32.664167  32.662814    6.43814     2.1846 2.3807e+01    -0.0514     0.0000      98.73    97.7230     0.0677      80424    6.43794    0.00000    34.9182    34.9176         32 0.0000e+00
    398.000    393.872     3.9985     3.9977  32.665287  32.664485    6.43665     2.1847 2.3889e+01    -0.0516     0.0000      98.73    97.6858     0.0672      80457    6.43646    0.00000    34.9182    34.9182         36 0.0000e+00
    396.000    391.894     3.9985     3.9983  32.664423  32.664326    6.43380     2.1844 2.3604e+01    -0.0514     0.0000      98.73    97.7134     0.0674      80496    6.43366    0.00000    34.9183    34.9184         40 0.0000e+00
    394.000    389.917     3.9983     3.9984  32.663391  32.663492    6.43133     2.1842 2.3682e+01    -0.0517     0.0000      98.73    97.7179     0.0675      80536    6.43124    0.00000    34.9183    34.9183         43 0.0000e+00
    392.000    387.939     3.9977     3.9981  32.661994  32.662411    6.43260     2.1850 2.3813e+01    -0.0517     0.0000      98.73    97.7198     0.0674      80603    6.43269    0.00000    34.9184    34.9184         92 0.0000e+00
    390.000    385.962     4.0002     3.9996  32.663413  32.662664    6.43027     2.1851 2.3666e+01    -0.0522     0.0000      98.73    97.7194     0.0673      80677    6.43079    0.00000    34.9185    34.9182         47 0.0000e+00
    388.000    383.985     4.0028     4.0018  32.665086  32.663721    6.43139     2.1857 2.3785e+01    -0.0524     0.0000      98.73    97.7209     0.0672      80716    6.43118    0.00000    34.9187    34.9182         37 0.0000e+00
    386.000    382.007     4.0061     4.0050  32.667388  32.665967    6.42971     2.1859 2.3873e+01    -0.0519     0.0000      98.73    97.7162     0.0675      80751    6.42959    0.00000    34.9190    34.9185         33 0.0000e+00
    384.000    380.029     4.0095     4.0085  32.669688  32.668490    6.43115     2.1868 2.3789e+01    -0.0512     0.0000      98.73    97.7163     0.0673      80785    6.43098    0.00000    34.9192    34.9188         37 0.0000e+00
    382.000    378.052     4.0135     4.0108  32.672779  32.670097    6.43135     2.1875 2.3700e+01    -0.0518     0.0000      98.73    97.7175     0.0673      80837    6.43115    0.00000    34.9197    34.9194         72 0.0000e+00
    380.000    376.074     4.0175     4.0143  32.675705  32.672385    6.43653     2.1894 2.3733e+01    -0.0519     0.0000      98.73    97.7241     0.0676      80918    6.43623    0.00000    34.9201    34.9195         74 0.0000e+00
    378.000    374.097     4.0207     4.0184  32.677791  32.675215    6.43910     2.1907 2.3631e+01    -0.0520     0.0000      98.73    97.7214     0.0675      80971    6.43897    0.00000    34.9202    34.9195         38 0.0000e+00
    376.000    372.119     4.0262     4.0241  32.682328  32.679813    6.43393     2.1900 2.3985e+01    -0.0515     0.0000      98.73    97.7193     0.0674      81003    6.43366    0.00000    34.9208    34.9200         29 0.0000e+00
    374.000    370.142     4.0315     4.0301  32.686408  32.684799    6.43495     2.1910 2.3878e+01    -0.0514     0.0000      98.73    97.2811     0.0671      81033    6.43463    0.00000    34.9210    34.9206         33 0.0000e+00
    372.000    368.164     4.0320     4.0312  32.686125  32.685446    6.43916     2.1926 2.3594e+01    -0.0514     0.0000      98.73    97.5574     0.0672      81083    6.43908    0.00000    34.9212    34.9213         68 0.0000e+00
    370.000    366.187     4.0364     4.0343  32.689360  32.687219    6.44038     2.1935 2.3986e+01    -0.0516     0.0000      98.73    97.7120     0.0674      81147    6.44027    0.00000    34.9215    34.9211         56 0.0000e+00
    368.000    364.209     4.0430     4.0416  32.694983  32.693397    6.44192     2.1946 2.3694e+01    -0.0519     0.0000      98.73    97.7023     0.0673      81205    6.44151    0.00000    34.9222    34.9218         61 0.0000e+00
    366.000    362.231     4.0468     4.0443  32.697595  32.695059    6.44017     2.1948 2.3886e+01    -0.0517     0.0000      98.73    97.7104     0.0672      81260    6.44004    0.00000    34.9223    34.9220         46 0.0000e+00
    364.000    360.254     4.0529     4.0508  32.702698  32.700286    6.43449     2.1943 2.3471e+01    -0.0516     0.0000      98.73    97.7147     0.0669      81301    6.43501    0.00000    34.9230    34.9223         38 0.0000e+00
    362.000    358.276     4.0570     4.0557  32.705713  32.704119    6.43322     2.1944 2.3716e+01    -0.0518     0.0000      98.73    97.7119     0.0672      81337    6.43316    0.00000    34.9232    34.9228         36 0.0000e+00
    360.000    356.298     4.0605     4.0586  32.708285  32.706374    6.43686     2.1959 2.3563e+01    -0.0517     0.0000      98.73    97.7154     0.0673      81381    6.43671    0.00000    34.9236    34.9234         56 0.0000e+00
    358.000    354.321     4.0635     4.0608  32.710317  32.707695    6.43899     2.1970 2.3633e+01    -0.0524     0.0000      98.73    97.7022     0.0672      81446    6.43878    0.00000    34.9240    34.9238         66 0.0000e+00
    356.000    352.343     4.0663     4.0641  32.712051  32.709573    6.43742     2.1972 2.3766e+01    -0.0524     0.0000      98.73    97.7154     0.0676      81502    6.43724    0.00000    34.9241    34.9235         48 0.0000e+00
    354.000    350.365     4.0737     4.0711  32.718288  32.715476    6.43461     2.1972 2.3617e+01    -0.0524     0.0000      98.73    97.7161     0.0674      81546    6.43444    0.00000    34.9248    34.9242         41 0.0000e+00
    352.000    348.387     4.0819     4.0789  32.725429  32.722201    6.43444     2.1977 2.3578e+01    -0.0518     0.0000      98.73    97.7101     0.0675      81588    6.43332    0.00000    34.9255    34.9249         46 0.0000e+00
    350.000    346.409     4.0864     4.0834  32.728956  32.725974    6.43217     2.1984 2.3685e+01    -0.0516     0.0000      98.73    97.7061     0.0673      81639    6.43358    0.00000    34.9260    34.9257         54 0.0000e+00
    348.000    344.432     4.0903     4.0873  32.731830  32.728516    6.43137     2.1984 2.3563e+01    -0.0513     0.0000      98.73    97.7197     0.0676      81694    6.43109    0.00000    34.9264    34.9256         53 0.0000e+00
    346.000    342.454     4.0961     4.0944  32.736330  32.734485    6.42832     2.1984 2.3627e+01    -0.0516     0.0000      98.73    97.6986     0.0677      81741    6.42840    0.00000    34.9266    34.9262         42 0.0000e+00
    344.000    340.476     4.0999     4.0984  32.739086  32.737398    6.42629     2.1984 2.3753e+01    -0.0526     0.0000      98.73    97.7128     0.0675      81781    6.42609    0.00000    34.9269    34.9265         40 0.0000e+00
    342.000    338.498     4.1046     4.1027  32.742699  32.740674    6.42731     2.1995 2.3532e+01    -0.0514     0.0000      98.73    97.7042     0.0673      81829    6.42775    0.00000    34.9273    34.9269         60 0.0000e+00
    340.000    336.520     4.1053     4.1044  32.742341  32.741496    6.42463     2.1992 2.3481e+01    -0.0523     0.0000      98.73    97.7039     0.0673      81893    6.42475    0.00000    34.9272    34.9271         56 0.0000e+00
    338.000    334.542     4.1055     4.1054  32.741545  32.741352    6.42444     2.1995 2.3656e+01    -0.0523     0.0000      98.73    97.7005     0.0671      81938    6.42433    0.00000    34.9271    34.9269         40 0.0000e+00
    336.000    332.564     4.1121     4.1096  32.747320  32.744559    6.42702     2.2009 2.3837e+01    -0.0524     0.0000      98.73    97.6974     0.0672      81980    6.42682    0.00000    34.9279    34.9273         47 0.0000e+00
    334.000    330.586     4.1183     4.1139  32.752314  32.748215    6.43039     2.2025 2.3790e+01    -0.0517     0.0000      98.73    97.7030     0.0675      82032    6.43009    0.00000    34.9284    34.9282         53 0.0000e+00
    332.000    328.608     4.1190     4.1173  32.752003  32.750254    6.43031     2.2029 2.3776e+01    -0.0522     0.0000      98.73    97.6918     0.0675      82080    6.43001    0.00000    34.9284    34.9281         43 0.0000e+00
    330.000    326.630     4.1193     4.1190  32.751295  32.751040    6.43322     2.2044 2.3737e+01    -0.0524     0.0000      98.73    97.6836     0.0669      82122    6.43392    0.00000    34.9283    34.9283         44 0.0000e+00
    328.000    324.653     4.1251     4.1215  32.756232  32.752563    6.43203     2.2044 2.3894e+01    -0.0515     0.0000      98.73    97.6856     0.0671      82169    6.43135    0.00000    34.9290    34.9285         50 0.0000e+00
    326.000    322.674     4.1298     4.1274  32.759928  32.757547    6.43300     2.2056 2.3902e+01    -0.0526     0.0000      98.73    97.6987     0.0673      82226    6.43318    0.00000    34.9295    34.9292         65 0.0000e+00
    324.000    320.696     4.1339     4.1306  32.762884  32.759533    6.43035     2.2057 2.3784e+01    -0.0513     0.0000      98.73    97.6881     0.0674      82284    6.43137    0.00000    34.9297    34.9292         45 0.0000e+00
    322.000    318.718     4.1370     4.1358  32.764931  32.763640    6.42831     2.2056 2.3792e+01    -0.0516     0.0000      98.73    97.6803     0.0673      82323    6.42862    0.00000    34.9299    34.9297         38 0.0000e+00
    320.000    316.740     4.1375     4.1368  32.764216  32.763809    6.42755     2.2056 2.3975e+01    -0.0518     0.0000      98.73    97.6800     0.0673      82367    6.42692    0.00000    34.9296    34.9299         51 0.0000e+00
    318.000    314.762     4.1375     4.1371  32.763183  32.762875    6.42263     2.2049 2.3921e+01    -0.0517     0.0000      98.73    97.6800     0.0673      82417    6.42247    0.00000    34.9294    34.9296         45 0.0000e+00
    316.000    312.784     4.1364     4.1368  32.760993  32.761534    6.42387     2.2055 2.3886e+01    -0.0518     0.0000      98.73    97.6800     0.0674      82462    6.42361    0.00000    34.9291    34.9293         47 0.0000e+00
    314.000    310.806     4.1356     4.1358  32.759080  32.759296    6.42335     2.2058 2.3825e+01    -0.0520     0.0000      98.73    97.6708     0.0672      82511    6.42311    0.00000    34.9287    34.9289         52 0.0000e+00
    312.000    308.828     4.1421     4.1383  32.764602  32.760810    6.42421     2.2068 2.3963e+01    -0.0524     0.0000      98.73    97.6516     0.0671      82570    6.42393    0.00000    34.9294    34.9290         65 0.0000e+00
    310.000    306.849     4.1476     4.1444  32.769124  32.765550    6.41918     2.2062 2.3906e+01    -0.0521     0.0000      98.73    97.6818     0.0672      82626    6.41895    0.00000    34.9300    34.9292         41 0.0000e+00
    308.000    304.871     4.1552     4.1536  32.775637  32.773439    6.41502     2.2059 2.3931e+01    -0.0519     0.0000      98.73    97.6755     0.0671      82659    6.41484    0.00000    34.9307    34.9299         32 0.0000e+00
    306.000    302.893     4.1593     4.1584  32.778389  32.777418    6.42215     2.2081 2.3901e+01    -0.0519     0.0000      98.73    97.6633     0.0673      82698    6.42120    0.00000    34.9308    34.9306         51 0.0000e+00
    304.000    300.915     4.1598     4.1584  32.777666  32.776734    6.42433     2.2093 2.3921e+01    -0.0522     0.0000      98.73    97.6697     0.0671      82759    6.42366    0.00000    34.9304    34.9308         59 0.0000e+00
    302.000    298.936     4.1648     4.1627  32.781631  32.779460    6.42125     2.2092 2.3970e+01    -0.0514     0.0000      98.73    97.6652     0.0671      82808    6.42078    0.00000    34.9309    34.9305         47 0.0000e+00
    300.000    296.958     4.1759     4.1708  32.791532  32.786503    6.41992     2.2098 2.3825e+01    -0.0523     0.0000      98.73    97.6648     0.0675      82858    6.41973    0.00000    34.9319    34.9313         52 0.0000e+00
    298.000    294.980     4.1803     4.1767  32.794822  32.791184    6.41640     2.2095 2.4015e+01    -0.0517     0.0000      98.73    97.6718     0.0672      82908    6.41609    0.00000    34.9322    34.9316         47 0.0000e+00
    296.000    293.002     4.1886     4.1860  32.802004  32.799018    6.41217     2.2093 2.3863e+01    -0.0522     0.0000      98.73    97.6744     0.0675      82953    6.41191    0.00000    34.9329    34.9322         42 0.0000e+00
    294.000    291.023     4.1905     4.1900  32.802736  32.802217    6.41133     2.2096 2.3916e+01    -0.0521     0.0000      98.73    97.6638     0.0675      82995    6.41108    0.00000    34.9328    34.9328         43 0.0000e+00
    292.000    289.045     4.1948     4.1913  32.805835  32.802555    6.41133     2.2102 2.3936e+01    -0.0513     0.0000      98.73    97.6679     0.0670      83042    6.41106    0.00000    34.9331    34.9329         50 0.0000e+00
    290.000    287.066     4.2001     4.1954  32.810363  32.805731    6.40927     2.2104 2.3993e+01    -0.0514     0.0000      98.73    97.6579     0.0671      83097    6.40936    0.00000    34.9338    34.9334         66 0.0000e+00
    288.000    285.088     4.2062     4.2018  32.815324  32.810686    6.40685     2.2104 2.3975e+01    -0.0524     0.0000      98.73    97.6702     0.0672      83162    6.40650    0.00000    34.9343    34.9335         50 0.0000e+00
    286.000    283.110     4.2162     4.2122  32.824655  32.819700    6.40505     2.2109 2.3997e+01    -0.0512     0.0000      98.73    97.6682     0.0673      83201    6.40482    0.00000    34.9358    34.9342         34 0.0000e+00
    284.000    281.132     4.2255     4.2230  32.832537  32.829805    6.40477     2.2116 2.4004e+01    -0.0510     0.0000      98.73    97.6620     0.0675      83236    6.40450    0.00000    34.9363    34.9357         39 0.0000e+00
    282.000    279.153     4.2275     4.2248  32.833624  32.830962    6.40432     2.2121 2.3988e+01    -0.0523     0.0000      98.73    97.6686     0.0673      83283    6.40406    0.00000    34.9366    34.9362         58 0.0000e+00
