Ship_data/Irminger/Irminger-2/ctd/process/OOI/uat30_003.cnv
* Sea-Bird SBE 9 Data File:
* FileName = C:\data\ctd\at30_003.hex
* Software Version Seasave V 7.21f
* Temperature SN = 2265
* Conductivity SN = 3021
* Number of Bytes Per Scan = 40
* Number of Voltage Words = 5
* Number of Scans Averaged by the Deck Unit = 1
* NMEA Latitude = 42 31.25 N
* NMEA Longitude = 062 34.71 W
* NMEA UTC (Time) = Aug 07 2015  17:47:11
# nquan = 21
# nvalues = 755                         
# units = specified
# name 0 = prDM: Pressure, Digiquartz [db]
# name 1 = depSM: Depth [salt water, m]
# name 2 = t090C: Temperature [ITS-90, deg C]
# name 3 = t190C: Temperature, 2 [ITS-90, deg C]
# name 4 = c0mS/cm: Conductivity [mS/cm]
# name 5 = c1mS/cm: Conductivity, 2 [mS/cm]
# name 6 = sbeox0ML/L: Oxygen, SBE 43 [ml/l]
# name 7 = sbeox0V: Oxygen raw, SBE 43 [V]
# name 8 = spar: SPAR/Surface Irradiance
# name 9 = flECO-AFL: Fluorescence, WET Labs ECO-AFL/FL [mg/m^3]
# name 10 = v2: Voltage 2
# name 11 = altM: Altimeter [m]
# name 12 = CStarTr0: Beam Transmission, WET Labs C-Star [%]
# name 13 = turbWETntu0: Turbidity, WET Labs ECO [NTU]
# name 14 = scan: Scan Count
# name 15 = sbeox0ML/L: Oxygen, SBE 43 [ml/l], WS = 2
# name 16 = sbeox0dOV/dT: Oxygen, SBE 43 [dov/dt], WS = 2
# name 17 = sal00: Salinity, Practical [PSU]
# name 18 = sal11: Salinity, Practical, 2 [PSU]
# name 19 = nbin: number of scans per bin
# name 20 = flag: flag
# span 0 =     10.000,   1518.000       
# span 1 =      9.921,   1500.557       
# span 2 =     3.9367,    21.3606       
# span 3 =     3.9373,    21.3717       
# span 4 =  33.125328,  47.405275       
# span 5 =  33.125161,  47.406917       
# span 6 =    3.09227,    6.40973       
# span 7 =     1.4640,     2.8728       
# span 8 = 1.2377e+03, 2.1696e+03       
# span 9 =    -0.0214,    -0.0168       
# span 10 =     0.0000,     0.0000      
# span 11 =      77.42,      99.29      
# span 12 =    91.3964,    97.7290      
# span 13 =     0.0707,     0.0707      
# span 14 =     103166,     186535      
# span 15 =    3.09207,    6.40897      
# span 16 =    0.00000,    0.00000      
# span 17 =    33.4866,    35.7265      
# span 18 =    33.4793,    35.7251      
# span 19 =         17,        134      
# span 20 = 0.0000e+00, 0.0000e+00      
# interval = decibars: 2                
# start_time = Aug 07 2015 17:47:11 [NMEA time, header]
# bad_flag = -9.990e-29
*END*
[from data line 69]
   1380.000   1364.589     4.0516     4.0499  33.174347  33.172117    5.77646     1.8381 1.7207e+03    -0.0199     0.0000      98.78    97.7062     0.0707     130994    5.77587    0.00000    34.9584    34.9576         49 0.0000e+00
   1378.000   1362.618     4.0528     4.0526  33.174674  33.173740    5.77689     1.8387 1.7544e+03    -0.0213     0.0000      98.78    97.7062     0.0707     131041    5.77670    0.00000    34.9585    34.9576         46 0.0000e+00
   1376.000   1360.646     4.0546     4.0542  33.175458  33.174428    5.77756     1.8393 1.6976e+03    -0.0210     0.0000      98.78    97.6994     0.0707     131087    5.77751    0.00000    34.9585    34.9577         47 0.0000e+00
   1374.000   1358.675     4.0559     4.0560  33.175804  33.175278    5.77751     1.8396 1.6811e+03    -0.0204     0.0000      98.78    97.7052     0.0707     131136    5.77743    0.00000    34.9585    34.9578         51 0.0000e+00
   1372.000   1356.704     4.0569     4.0572  33.175802  33.175533    5.77893     1.8404 1.6677e+03    -0.0201     0.0000      98.78    97.7084     0.0707     131186    5.77901    0.00000    34.9584    34.9578         46 0.0000e+00
   1370.000   1354.733     4.0575     4.0579  33.175464  33.175267    5.77760     1.8406 1.7274e+03    -0.0210     0.0000      98.78    97.7042     0.0707     131230    5.77842    0.00000    34.9584    34.9578         43 0.0000e+00
   1368.000   1352.761     4.0589     4.0584  33.175992  33.174947    5.77647     1.8406 1.7268e+03    -0.0206     0.0000      98.78    97.7046     0.0707     131278    5.77665    0.00000    34.9586    34.9579         55 0.0000e+00
   1366.000   1350.790     4.0599     4.0598  33.176022  33.175276    5.77593     1.8408 1.7430e+03    -0.0202     0.0000      98.78    97.7062     0.0707     131331    5.77575    0.00000    34.9585    34.9578         47 0.0000e+00
   1364.000   1348.819     4.0617     4.0621  33.176855  33.176411    5.77620     1.8412 1.7720e+03    -0.0187     0.0000      98.78    97.7062     0.0707     131373    5.77596    0.00000    34.9586    34.9577         39 0.0000e+00
   1362.000   1346.847     4.0647     4.0640  33.178737  33.177397    5.77615     1.8416 1.7796e+03    -0.0204     0.0000      98.78    97.7062     0.0707     131412    5.77585    0.00000    34.9586    34.9578         41 0.0000e+00
   1360.000   1344.876     4.0678     4.0656  33.180813  33.178145    5.77518     1.8419 1.7722e+03    -0.0202     0.0000      98.78    97.7062     0.0707     131465    5.77491    0.00000    34.9588    34.9580         64 0.0000e+00
   1358.000   1342.904     4.0691     4.0689  33.181120  33.180224    5.77618     1.8425 1.7538e+03    -0.0202     0.0000      98.78    97.7124     0.0707     131522    5.77604    0.00000    34.9588    34.9579         47 0.0000e+00
   1356.000   1340.933     4.0715     4.0718  33.182420  33.182040    5.77653     1.8431 1.7157e+03    -0.0200     0.0000      98.78    97.7079     0.0707     131566    5.77650    0.00000    34.9588    34.9580         43 0.0000e+00
   1354.000   1338.961     4.0726     4.0726  33.182587  33.181989    5.77559     1.8432 1.7601e+03    -0.0199     0.0000      98.78    97.7079     0.0707     131609    5.77555    0.00000    34.9588    34.9581         44 0.0000e+00
   1352.000   1336.990     4.0747     4.0739  33.183608  33.182337    5.77569     1.8437 1.7243e+03    -0.0202     0.0000      98.78    97.7062     0.0707     131656    5.77559    0.00000    34.9588    34.9581         49 0.0000e+00
   1350.000   1335.019     4.0780     4.0770  33.185882  33.184110    5.77335     1.8436 1.7011e+03    -0.0201     0.0000      98.78    97.7062     0.0707     131703    5.77327    0.00000    34.9590    34.9580         46 0.0000e+00
   1348.000   1333.047     4.0810     4.0808  33.187765  33.186841    5.77404     1.8442 1.7170e+03    -0.0204     0.0000      98.78    97.7062     0.0707     131750    5.77390    0.00000    34.9590    34.9582         49 0.0000e+00
   1346.000   1331.076     4.0818     4.0817  33.187583  33.186954    5.77302     1.8443 1.7636e+03    -0.0206     0.0000      98.78    97.7082     0.0707     131800    5.77287    0.00000    34.9589    34.9583         47 0.0000e+00
   1344.000   1329.104     4.0828     4.0827  33.187517  33.186930    5.77577     1.8453 1.7205e+03    -0.0211     0.0000      98.78    97.7044     0.0707     131844    5.77553    0.00000    34.9588    34.9582         44 0.0000e+00
   1342.000   1327.133     4.0853     4.0838  33.189037  33.187086    5.77463     1.8455 1.7636e+03    -0.0200     0.0000      98.78    97.7106     0.0707     131895    5.77435    0.00000    34.9589    34.9583         57 0.0000e+00
   1340.000   1325.161     4.0874     4.0873  33.189978  33.189194    5.77255     1.8455 1.7717e+03    -0.0205     0.0000      98.78    97.7061     0.0707     131948    5.77263    0.00000    34.9589    34.9580         46 0.0000e+00
   1338.000   1323.190     4.0898     4.0898  33.191480  33.190727    5.77088     1.8455 1.8243e+03    -0.0206     0.0000      98.78    97.7062     0.0707     131990    5.77073    0.00000    34.9591    34.9582         41 0.0000e+00
   1336.000   1321.218     4.0912     4.0908  33.191946  33.191051    5.77333     1.8465 1.7962e+03    -0.0206     0.0000      98.78    97.7062     0.0707     132033    5.77329    0.00000    34.9592    34.9585         47 0.0000e+00
   1334.000   1319.246     4.0923     4.0921  33.192217  33.191387    5.77357     1.8469 1.8196e+03    -0.0202     0.0000      98.78    97.7077     0.0707     132081    5.77358    0.00000    34.9593    34.9586         47 0.0000e+00
   1332.000   1317.275     4.0967     4.0960  33.195387  33.193990    5.77197     1.8471 1.7938e+03    -0.0209     0.0000      98.78    97.7129     0.0707     132126    5.77196    0.00000    34.9594    34.9585         45 0.0000e+00
   1330.000   1315.303     4.0989     4.0983  33.196676  33.195389    5.77269     1.8476 1.8161e+03    -0.0199     0.0000      98.78    97.7114     0.0707     132176    5.77262    0.00000    34.9596    34.9587         55 0.0000e+00
   1328.000   1313.331     4.1014     4.1004  33.198108  33.196431    5.77221     1.8480 1.8573e+03    -0.0198     0.0000      98.78    97.6801     0.0707     132230    5.77210    0.00000    34.9596    34.9587         50 0.0000e+00
   1326.000   1311.360     4.1062     4.1060  33.201693  33.200688    5.77049     1.8481 1.8214e+03    -0.0205     0.0000      98.78    97.7148     0.0707     132276    5.77036    0.00000    34.9598    34.9588         44 0.0000e+00
   1324.000   1309.388     4.1081     4.1080  33.202577  33.201796    5.76942     1.8482 1.8277e+03    -0.0194     0.0000      98.78    97.7112     0.0707     132320    5.76929    0.00000    34.9598    34.9590         44 0.0000e+00
   1322.000   1307.416     4.1100     4.1091  33.203415  33.201914    5.77075     1.8489 1.8720e+03    -0.0190     0.0000      98.78    97.7114     0.0707     132364    5.77055    0.00000    34.9598    34.9590         43 0.0000e+00
   1320.000   1305.445     4.1116     4.1115  33.204088  33.203375    5.77218     1.8497 1.8568e+03    -0.0202     0.0000      98.78    97.7096     0.0707     132409    5.77202    0.00000    34.9599    34.9592         50 0.0000e+00
   1318.000   1303.473     4.1134     4.1129  33.204998  33.203858    5.76880     1.8493 1.8726e+03    -0.0203     0.0000      98.78    97.7128     0.0707     132464    5.76855    0.00000    34.9600    34.9592         55 0.0000e+00
   1316.000   1301.501     4.1162     4.1159  33.206492  33.205571    5.76665     1.8493 1.8436e+03    -0.0202     0.0000      98.78    97.7185     0.0707     132513    5.76641    0.00000    34.9599    34.9590         43 0.0000e+00
   1314.000   1299.529     4.1190     4.1190  33.208252  33.207571    5.76770     1.8499 1.8914e+03    -0.0196     0.0000      98.78    97.7122     0.0707     132555    5.76739    0.00000    34.9600    34.9592         44 0.0000e+00
   1312.000   1297.557     4.1204     4.1199  33.208749  33.207758    5.76757     1.8503 1.8327e+03    -0.0197     0.0000      98.78    97.7087     0.0707     132603    5.76722    0.00000    34.9601    34.9595         51 0.0000e+00
   1310.000   1295.586     4.1218     4.1217  33.209122  33.208401    5.76672     1.8504 1.8069e+03    -0.0195     0.0000      98.78    97.7119     0.0707     132653    5.76599    0.00000    34.9600    34.9593         47 0.0000e+00
   1308.000   1293.614     4.1235     4.1235  33.209841  33.209255    5.76668     1.8507 1.8031e+03    -0.0208     0.0000      98.78    97.7093     0.0707     132698    5.76571    0.00000    34.9601    34.9593         46 0.0000e+00
   1306.000   1291.642     4.1246     4.1245  33.209989  33.209344    5.76790     1.8516 1.8543e+03    -0.0203     0.0000      98.78    97.7062     0.0707     132744    5.76781    0.00000    34.9601    34.9595         46 0.0000e+00
   1304.000   1289.670     4.1272     4.1266  33.211531  33.210413    5.76840     1.8522 1.8587e+03    -0.0210     0.0000      98.78    97.7086     0.0707     132791    5.76830    0.00000    34.9602    34.9594         47 0.0000e+00
   1302.000   1287.698     4.1287     4.1283  33.212112  33.211138    5.76854     1.8526 1.8639e+03    -0.0204     0.0000      98.78    97.7146     0.0707     132839    5.76840    0.00000    34.9602    34.9595         49 0.0000e+00
   1300.000   1285.726     4.1306     4.1303  33.213002  33.212092    5.76793     1.8528 1.8600e+03    -0.0201     0.0000      98.78    97.7175     0.0707     132888    5.76775    0.00000    34.9602    34.9595         49 0.0000e+00
   1298.000   1283.754     4.1321     4.1319  33.213576  33.212674    5.76651     1.8529 1.8635e+03    -0.0199     0.0000      98.78    97.7189     0.0707     132939    5.76624    0.00000    34.9603    34.9595         51 0.0000e+00
   1296.000   1281.782     4.1338     4.1342  33.214146  33.213746    5.76658     1.8530 1.9070e+03    -0.0198     0.0000      98.78    97.7137     0.0707     132985    5.76510    0.00000    34.9602    34.9594         42 0.0000e+00
   1294.000   1279.810     4.1346     4.1350  33.214015  33.213763    5.76894     1.8542 1.8483e+03    -0.0194     0.0000      98.78    97.7133     0.0707     133026    5.76869    0.00000    34.9603    34.9595         42 0.0000e+00
   1292.000   1277.838     4.1351     4.1351  33.213632  33.213189    5.77082     1.8551 1.8658e+03    -0.0200     0.0000      98.78    97.7078     0.0707     133075    5.77075    0.00000    34.9603    34.9597         56 0.0000e+00
   1290.000   1275.866     4.1369     4.1361  33.214376  33.213145    5.76501     1.8541 1.8741e+03    -0.0200     0.0000      98.78    97.7129     0.0707     133128    5.76472    0.00000    34.9602    34.9596         46 0.0000e+00
   1288.000   1273.894     4.1435     4.1425  33.219576  33.217863    5.76419     1.8545 1.8427e+03    -0.0205     0.0000      98.78    97.7169     0.0707     133170    5.76400    0.00000    34.9604    34.9595         42 0.0000e+00
   1286.000   1271.922     4.1456     4.1452  33.220717  33.219761    5.76673     1.8556 1.8597e+03    -0.0201     0.0000      98.78    97.7146     0.0707     133218    5.76671    0.00000    34.9605    34.9599         53 0.0000e+00
   1284.000   1269.950     4.1467     4.1463  33.220763  33.219778    5.76849     1.8564 1.8851e+03    -0.0204     0.0000      98.78    97.7123     0.0707     133268    5.76840    0.00000    34.9604    34.9597         45 0.0000e+00
   1282.000   1267.978     4.1496     4.1497  33.222579  33.222022    5.76740     1.8566 1.9125e+03    -0.0199     0.0000      98.78    97.7153     0.0707     133312    5.76739    0.00000    34.9605    34.9598         47 0.0000e+00
   1280.000   1266.006     4.1506     4.1506  33.222709  33.222140    5.76534     1.8566 1.8792e+03    -0.0199     0.0000      98.78    97.7127     0.0707     133363    5.76591    0.00000    34.9606    34.9599         51 0.0000e+00
   1278.000   1264.034     4.1525     4.1523  33.223627  33.222685    5.76546     1.8569 1.8573e+03    -0.0205     0.0000      98.78    97.7162     0.0707     133408    5.76522    0.00000    34.9607    34.9598         41 0.0000e+00
   1276.000   1262.061     4.1552     4.1547  33.225258  33.224197    5.76339     1.8569 1.9202e+03    -0.0209     0.0000      98.78    97.7144     0.0707     133450    5.76327    0.00000    34.9607    34.9600         46 0.0000e+00
   1274.000   1260.089     4.1560     4.1561  33.225187  33.224666    5.76148     1.8568 1.9160e+03    -0.0203     0.0000      98.78    97.7084     0.0707     133502    5.76137    0.00000    34.9608    34.9600         54 0.0000e+00
   1272.000   1258.117     4.1567     4.1568  33.224882  33.224441    5.76287     1.8575 1.9251e+03    -0.0200     0.0000      98.78    97.7187     0.0707     133554    5.76269    0.00000    34.9607    34.9600         51 0.0000e+00
   1270.000   1256.145     4.1585     4.1586  33.225633  33.225027    5.76353     1.8580 1.8906e+03    -0.0209     0.0000      98.78    97.7129     0.0707     133602    5.76329    0.00000    34.9606    34.9599         44 0.0000e+00
   1268.000   1254.173     4.1601     4.1602  33.226155  33.225700    5.76331     1.8584 1.9136e+03    -0.0197     0.0000      98.78    97.7169     0.0707     133644    5.76304    0.00000    34.9606    34.9599         40 0.0000e+00
   1266.000   1252.200     4.1608     4.1607  33.226090  33.225514    5.76734     1.8597 1.9514e+03    -0.0210     0.0000      98.78    97.7131     0.0707     133688    5.76717    0.00000    34.9608    34.9602         50 0.0000e+00
   1264.000   1250.228     4.1614     4.1612  33.225729  33.225010    5.76673     1.8599 1.8406e+03    -0.0196     0.0000      98.78    97.7143     0.0707     133740    5.76662    0.00000    34.9607    34.9601         50 0.0000e+00
   1262.000   1248.256     4.1636     4.1638  33.226742  33.226381    5.76548     1.8601 1.8068e+03    -0.0197     0.0000      98.78    97.7121     0.0707     133785    5.76541    0.00000    34.9606    34.9600         43 0.0000e+00
   1260.000   1246.284     4.1647     4.1647  33.226987  33.226540    5.76600     1.8606 1.9527e+03    -0.0202     0.0000      98.78    97.7148     0.0707     133833    5.76595    0.00000    34.9608    34.9602         52 0.0000e+00
   1258.000   1244.311     4.1649     4.1654  33.226342  33.226256    5.76656     1.8612 1.9609e+03    -0.0197     0.0000      98.78    97.7204     0.0707     133884    5.76683    0.00000    34.9607    34.9601         51 0.0000e+00
   1256.000   1242.339     4.1665     4.1664  33.226830  33.226334    5.76625     1.8615 1.9644e+03    -0.0201     0.0000      98.78    97.7191     0.0707     133933    5.76659    0.00000    34.9606    34.9602         46 0.0000e+00
   1254.000   1240.366     4.1672     4.1676  33.226602  33.226438    5.76495     1.8615 1.9944e+03    -0.0197     0.0000      98.78    97.7153     0.0707     133977    5.76493    0.00000    34.9607    34.9600         41 0.0000e+00
   1252.000   1238.394     4.1703     4.1688  33.228743  33.226652    5.76354     1.8616 2.0346e+03    -0.0194     0.0000      98.78    97.7151     0.0707     134018    5.76327    0.00000    34.9608    34.9600         44 0.0000e+00
   1250.000   1236.422     4.1735     4.1711  33.230813  33.228159    5.76199     1.8617 1.9321e+03    -0.0203     0.0000      98.78    97.7154     0.0707     134069    5.76184    0.00000    34.9610    34.9603         57 0.0000e+00
   1248.000   1234.450     4.1770     4.1762  33.233196  33.231656    5.76243     1.8623 1.9182e+03    -0.0206     0.0000      98.78    97.7158     0.0707     134122    5.76224    0.00000    34.9610    34.9601         46 0.0000e+00
   1246.000   1232.477     4.1797     4.1802  33.234755  33.234587    5.76199     1.8626 1.9413e+03    -0.0191     0.0000      98.78    97.7097     0.0707     134164    5.76176    0.00000    34.9610    34.9602         42 0.0000e+00
