Ship_data/Irminger/Irminger-2/ctd/process/OOI/uat30_007.cnv
* Sea-Bird SBE 9 Data File:
* FileName = C:\data\ctd\at30_007.hex
* Software Version Seasave V 7.21f
* Temperature SN = 2265
* Conductivity SN = 3021
* Number of Bytes Per Scan = 40
* Number of Voltage Words = 5
* Number of Scans Averaged by the Deck Unit = 1
* NMEA Latitude = 59 46.29 N
* NMEA Longitude = 039 52.92 W
* NMEA UTC (Time) = Aug 17 2015  23:01:49
** Site of FLMA 2015 -- need to confirm bottom depth
# nquan = 21
# nvalues = 1360                        
# units = specified
# name 0 = prDM: Pressure, Digiquartz [db]
# name 1 = depSM: Depth [salt water, m]
# name 2 = t090C: Temperature [ITS-90, deg C]
# name 3 = t190C: Temperature, 2 [ITS-90, deg C]
# name 4 = c0mS/cm: Conductivity [mS/cm]
# name 5 = c1mS/cm: Conductivity, 2 [mS/cm]
# name 6 = sbeox0ML/L: Oxygen, SBE 43 [ml/l]
# name 7 = sbeox0V: Oxygen raw, SBE 43 [V]
# name 8 = spar: SPAR/Surface Irradiance
# name 9 = flECO-AFL: Fluorescence, WET Labs ECO-AFL/FL [mg/m^3]
# name 10 = v2: Voltage 2
# name 11 = altM: Altimeter [m]
# name 12 = CStarTr0: Beam Transmission, WET Labs C-Star [%]
# name 13 = turbWETntu0: Turbidity, WET Labs ECO [NTU]
# name 14 = scan: Scan Count
# name 15 = sbeox0ML/L: Oxygen, SBE 43 [ml/l], WS = 2
# name 16 = sbeox0dOV/dT: Oxygen, SBE 43 [dov/dt], WS = 2
# name 17 = sal00: Salinity, Practical [PSU]
# name 18 = sal11: Salinity, Practical, 2 [PSU]
# name 19 = nbin: number of scans per bin
# name 20 = flag: flag
# span 0 =      2.000,   2720.000       
# span 1 =      1.981,   2677.089       
# span 2 =     1.4894,     8.5070       
# span 3 =     1.4904,     8.5061       
# span 4 =  31.398456,  36.557574       
# span 5 =  31.399026,  36.552659       
# span 6 =    6.01650,    6.79566       
# span 7 =     1.6894,     2.5338       
# span 8 = 2.1820e+01, 2.2311e+01       
# span 9 =    -0.0245,    -0.0221       
# span 10 =     0.0000,     0.0000      
# span 11 =       9.92,      99.45      
# span 12 =    94.0661,    97.8162      
# span 13 =     0.0755,     0.0755      
# span 14 =      77993,     153168      
# span 15 =    6.01591,    6.79520      
# span 16 =    0.00000,    0.00000      
# span 17 =    34.8596,    34.9332      
# span 18 =    34.8585,    34.9327      
# span 19 =         30,        136      
# span 20 = 0.0000e+00, 0.0000e+00      
# interval = decibars: 2                
# start_time = Aug 17 2015 23:01:49 [NMEA time, header]
# bad_flag = -9.990e-29
*END*
[from data line 1173]
    374.000    370.146     3.7400     3.7395  32.406195  32.406010    6.63594     2.2292 2.1923e+01    -0.0227     0.0000      98.78    97.7093     0.0755     136357    6.63570    0.00000    34.8977    34.8980         46 0.0000e+00
    372.000    368.168     3.7402     3.7399  32.405454  32.405498    6.63160     2.2286 2.2147e+01    -0.0227     0.0000      98.78    97.7023     0.0755     136403    6.63148    0.00000    34.8977    34.8980         44 0.0000e+00
    370.000    366.190     3.7423     3.7414  32.406670  32.405967    6.62981     2.2287 2.1934e+01    -0.0232     0.0000      98.78    97.7044     0.0755     136447    6.62974    0.00000    34.8979    34.8981         48 0.0000e+00
    368.000    364.213     3.7429     3.7423  32.406454  32.406095    6.62779     2.2286 2.1986e+01    -0.0228     0.0000      98.78    97.7181     0.0755     136504    6.62764    0.00000    34.8981    34.8984         58 0.0000e+00
    366.000    362.235     3.7445     3.7445  32.406953  32.407237    6.62069     2.2273 2.2053e+01    -0.0225     0.0000      98.78    97.7119     0.0755     136551    6.62046    0.00000    34.8981    34.8984         39 0.0000e+00
    364.000    360.257     3.7459     3.7455  32.407538  32.407359    6.62778     2.2296 2.2052e+01    -0.0228     0.0000      98.78    97.7129     0.0755     136593    6.62759    0.00000    34.8984    34.8986         53 0.0000e+00
    362.000    358.280     3.7459     3.7457  32.406556  32.406709    6.62857     2.2302 2.1978e+01    -0.0228     0.0000      98.78    97.7056     0.0755     136657    6.62831    0.00000    34.8983    34.8986         59 0.0000e+00
    360.000    356.302     3.7487     3.7487  32.408290  32.408303    6.62407     2.2297 2.1989e+01    -0.0228     0.0000      98.78    97.7061     0.0755     136698    6.62386    0.00000    34.8985    34.8985         32 0.0000e+00
    358.000    354.324     3.7503     3.7499  32.408866  32.408838    6.62520     2.2305 2.2050e+01    -0.0236     0.0000      98.78    97.6980     0.0755     136729    6.62500    0.00000    34.8986    34.8989         33 0.0000e+00
    356.000    352.347     3.7502     3.7501  32.408109  32.408313    6.63269     2.2329 2.2109e+01    -0.0228     0.0000      98.78    97.6957     0.0755     136779    6.63253    0.00000    34.8988    34.8991         68 0.0000e+00
    354.000    350.369     3.7511     3.7515  32.408103  32.408551    6.63309     2.2334 2.2006e+01    -0.0230     0.0000      98.78    97.6856     0.0755     136840    6.63284    0.00000    34.8989    34.8990         47 0.0000e+00
    352.000    348.391     3.7557     3.7546  32.411488  32.410738    6.62950     2.2332 2.2005e+01    -0.0231     0.0000      98.78    97.6961     0.0755     136882    6.62927    0.00000    34.8992    34.8994         43 0.0000e+00
    350.000    346.413     3.7564     3.7558  32.411359  32.411110    6.63055     2.2339 2.1900e+01    -0.0230     0.0000      98.78    97.6944     0.0755     136931    6.63037    0.00000    34.8993    34.8996         53 0.0000e+00
    348.000    344.435     3.7571     3.7571  32.410974  32.411226    6.62433     2.2328 2.2161e+01    -0.0237     0.0000      98.78    97.7018     0.0755     136979    6.62423    0.00000    34.8992    34.8994         40 0.0000e+00
    346.000    342.457     3.7593     3.7588  32.412196  32.411989    6.62051     2.2324 2.2055e+01    -0.0228     0.0000      98.78    97.7004     0.0755     137017    6.62039    0.00000    34.8994    34.8996         41 0.0000e+00
    344.000    340.480     3.7592     3.7590  32.411382  32.411407    6.62426     2.2338 2.2052e+01    -0.0226     0.0000      98.78    97.6974     0.0755     137068    6.62416    0.00000    34.8996    34.8999         60 0.0000e+00
    342.000    338.502     3.7595     3.7599  32.410657  32.411325    6.62705     2.2350 2.2012e+01    -0.0233     0.0000      98.77    97.6774     0.0755     137127    6.62695    0.00000    34.8995    34.8998         52 0.0000e+00
    340.000    336.524     3.7642     3.7624  32.414173  32.412531    6.62527     2.2352 2.2218e+01    -0.0231     0.0000      98.77    97.6743     0.0755     137170    6.62515    0.00000    34.8997    34.8997         37 0.0000e+00
    338.000    334.546     3.7655     3.7651  32.414496  32.414379    6.62578     2.2359 2.2105e+01    -0.0232     0.0000      98.78    97.6912     0.0755     137207    6.62575    0.00000    34.8998    34.9001         40 0.0000e+00
    336.000    332.568     3.7650     3.7651  32.413330  32.413654    6.62515     2.2361 2.2084e+01    -0.0232     0.0000      98.78    97.6907     0.0755     137258    6.62497    0.00000    34.9000    34.9003         63 0.0000e+00
    334.000    330.590     3.7652     3.7653  32.412497  32.412925    6.62117     2.2355 2.2009e+01    -0.0232     0.0000      98.78    97.6732     0.0755     137317    6.62092    0.00000    34.8999    34.9003         50 0.0000e+00
    332.000    328.612     3.7670     3.7663  32.413306  32.412899    6.61984     2.2357 2.2008e+01    -0.0230     0.0000      98.78    97.6892     0.0755     137363    6.61964    0.00000    34.9000    34.9003         46 0.0000e+00
    330.000    326.634     3.7682     3.7675  32.413521  32.413167    6.61880     2.2359 2.2010e+01    -0.0231     0.0000      98.78    97.6990     0.0755     137411    6.61865    0.00000    34.9001    34.9004         48 0.0000e+00
    328.000    324.656     3.7690     3.7687  32.413289  32.413207    6.61605     2.2357 2.2191e+01    -0.0232     0.0000      98.78    97.6609     0.0755     137457    6.61597    0.00000    34.9001    34.9003         44 0.0000e+00
    326.000    322.678     3.7712     3.7703  32.414484  32.413893    6.61742     2.2366 2.2052e+01    -0.0227     0.0000      98.78    97.6743     0.0755     137501    6.61732    0.00000    34.9002    34.9005         45 0.0000e+00
    324.000    320.700     3.7723     3.7715  32.414623  32.414252    6.61659     2.2369 2.2052e+01    -0.0233     0.0000      98.78    97.6766     0.0755     137546    6.61654    0.00000    34.9003    34.9007         46 0.0000e+00
    322.000    318.722     3.7746     3.7734  32.416043  32.415147    6.61718     2.2376 2.2052e+01    -0.0232     0.0000      98.78    97.6344     0.0755     137596    6.61712    0.00000    34.9006    34.9008         56 0.0000e+00
    320.000    316.744     3.7760     3.7755  32.416485  32.416243    6.61567     2.2377 2.1944e+01    -0.0229     0.0000      98.78    97.6883     0.0755     137657    6.61549    0.00000    34.9008    34.9009         58 0.0000e+00
    318.000    314.765     3.7780     3.7780  32.417307  32.417597    6.61266     2.2374 2.1901e+01    -0.0224     0.0000      98.78    97.6615     0.0755     137704    6.61238    0.00000    34.9007    34.9010         40 0.0000e+00
    316.000    312.787     3.7821     3.7808  32.420515  32.419528    6.61129     2.2377 2.2050e+01    -0.0239     0.0000      98.78    97.6667     0.0755     137743    6.61104    0.00000    34.9012    34.9014         40 0.0000e+00
    314.000    310.809     3.7840     3.7827  32.421542  32.420516    6.61013     2.2380 2.2052e+01    -0.0229     0.0000      98.78    97.6829     0.0755     137790    6.60993    0.00000    34.9015    34.9016         56 0.0000e+00
    312.000    308.831     3.7840     3.7843  32.420519  32.421060    6.60862     2.2381 2.2009e+01    -0.0225     0.0000      98.78    97.6820     0.0755     137845    6.60848    0.00000    34.9014    34.9017         48 0.0000e+00
    310.000    306.853     3.7862     3.7859  32.421589  32.421571    6.60494     2.2377 2.2052e+01    -0.0227     0.0000      98.78    97.6778     0.0755     137887    6.60485    0.00000    34.9013    34.9016         38 0.0000e+00
    308.000    304.874     3.7868     3.7867  32.421118  32.421454    6.60916     2.2392 2.2052e+01    -0.0233     0.0000      98.78    97.6627     0.0755     137927    6.60904    0.00000    34.9012    34.9018         47 0.0000e+00
    306.000    302.896     3.7861     3.7863  32.419781  32.420243    6.61161     2.2403 2.1965e+01    -0.0227     0.0000      98.78    97.6747     0.0755     137991    6.61149    0.00000    34.9015    34.9018         72 0.0000e+00
    304.000    300.918     3.7880     3.7881  32.420414  32.420724    6.60608     2.2393 2.2105e+01    -0.0226     0.0000      98.78    97.6742     0.0755     138046    6.60585    0.00000    34.9013    34.9016         40 0.0000e+00
    302.000    298.940     3.7911     3.7902  32.422478  32.421794    6.60572     2.2399 2.2052e+01    -0.0229     0.0000      98.77    97.6609     0.0755     138083    6.60554    0.00000    34.9015    34.9017         38 0.0000e+00
    300.000    296.961     3.7916     3.7914  32.422085  32.422170    6.60395     2.2398 2.2052e+01    -0.0229     0.0000      98.78    97.6309     0.0755     138125    6.60366    0.00000    34.9016    34.9019         45 0.0000e+00
    298.000    294.983     3.7916     3.7918  32.421301  32.421740    6.60460     2.2405 2.2159e+01    -0.0234     0.0000      98.78    97.6651     0.0755     138174    6.60434    0.00000    34.9017    34.9020         55 0.0000e+00
    296.000    293.005     3.7918     3.7926  32.420538  32.421562    6.60976     2.2423 2.1974e+01    -0.0225     0.0000      98.78    97.6666     0.0755     138232    6.60954    0.00000    34.9017    34.9021         56 0.0000e+00
    294.000    291.026     3.7952     3.7950  32.422767  32.422728    6.60412     2.2414 2.2053e+01    -0.0232     0.0000      98.78    97.6682     0.0755     138279    6.60391    0.00000    34.9018    34.9020         39 0.0000e+00
    292.000    289.048     3.7985     3.7980  32.425103  32.424803    6.60219     2.2415 2.2098e+01    -0.0226     0.0000      98.78    97.6625     0.0755     138317    6.60203    0.00000    34.9022    34.9024         42 0.0000e+00
    290.000    287.070     3.7985     3.7977  32.424267  32.423760    6.60234     2.2420 2.2052e+01    -0.0227     0.0000      98.78    97.6425     0.0755     138373    6.60220    0.00000    34.9023    34.9026         68 0.0000e+00
    288.000    285.091     3.7988     3.7992  32.423615  32.424130    6.60265     2.2425 2.2052e+01    -0.0231     0.0000      98.78    97.6590     0.0755     138435    6.60236    0.00000    34.9022    34.9025         50 0.0000e+00
    286.000    283.113     3.8020     3.8009  32.425703  32.424723    6.59908     2.2425 2.2052e+01    -0.0227     0.0000      98.78    97.6632     0.0755     138476    6.59991    0.00000    34.9024    34.9024         36 0.0000e+00
    284.000    281.134     3.8065     3.8052  32.429255  32.428118    6.60078     2.2434 2.2015e+01    -0.0230     0.0000      98.78    97.6643     0.0755     138517    6.60073    0.00000    34.9029    34.9030         51 0.0000e+00
    282.000    279.156     3.8083     3.8067  32.430284  32.428908    6.60180     2.2442 2.2053e+01    -0.0236     0.0000      98.78    97.6610     0.0755     138575    6.60173    0.00000    34.9033    34.9034         59 0.0000e+00
    280.000    277.177     3.8110     3.8119  32.431828  32.432823    6.60144     2.2446 2.1965e+01    -0.0223     0.0000      98.78    97.6675     0.0755     138628    6.60136    0.00000    34.9034    34.9036         47 0.0000e+00
    278.000    275.199     3.8152     3.8143  32.434919  32.434212    6.59744     2.2442 2.2105e+01    -0.0228     0.0000      98.78    97.6572     0.0755     138670    6.59715    0.00000    34.9037    34.9038         39 0.0000e+00
    276.000    273.220     3.8138     3.8145  32.432322  32.433530    6.59606     2.2442 2.2013e+01    -0.0230     0.0000      98.77    97.6587     0.0755     138711    6.59583    0.00000    34.9032    34.9039         47 0.0000e+00
    274.000    271.242     3.8131     3.8133  32.430951  32.431418    6.59548     2.2445 2.2053e+01    -0.0234     0.0000      98.78    97.6463     0.0755     138772    6.59530    0.00000    34.9034    34.9037         69 0.0000e+00
    272.000    269.263     3.8140     3.8143  32.430721  32.431214    6.59782     2.2456 2.2007e+01    -0.0234     0.0000      98.78    97.6582     0.0755     138829    6.59763    0.00000    34.9032    34.9035         45 0.0000e+00
    270.000    267.284     3.8190     3.8173  32.434595  32.433210    6.59582     2.2458 2.2052e+01    -0.0230     0.0000      98.78    97.6550     0.0755     138871    6.59568    0.00000    34.9036    34.9037         41 0.0000e+00
    268.000    265.306     3.8200     3.8193  32.434836  32.434481    6.59929     2.2472 2.2015e+01    -0.0227     0.0000      98.78    97.6437     0.0755     138916    6.59910    0.00000    34.9039    34.9042         52 0.0000e+00
    266.000    263.327     3.8194     3.8199  32.433245  32.434041    6.60239     2.2484 2.2016e+01    -0.0227     0.0000      98.78    97.6295     0.0755     138974    6.60220    0.00000    34.9037    34.9041         56 0.0000e+00
    264.000    261.349     3.8199     3.8205  32.432392  32.433456    6.60062     2.2484 2.2052e+01    -0.0237     0.0000      98.78    97.6518     0.0755     139020    6.60048    0.00000    34.9033    34.9039         41 0.0000e+00
    262.000    259.370     3.8185     3.8189  32.429978  32.430836    6.60303     2.2494 2.2052e+01    -0.0233     0.0000      98.78    97.6391     0.0755     139060    6.60287    0.00000    34.9030    34.9036         41 0.0000e+00
    260.000    257.391     3.8185     3.8185  32.429229  32.429653    6.60401     2.2501 2.2052e+01    -0.0224     0.0000      98.78    97.6479     0.0755     139109    6.60387    0.00000    34.9031    34.9036         59 0.0000e+00
    258.000    255.412     3.8197     3.8212  32.429667  32.431156    6.60291     2.2504 2.2020e+01    -0.0230     0.0000      98.78    97.5965     0.0755     139177    6.60282    0.00000    34.9034    34.9037         66 0.0000e+00
    256.000    253.434     3.8276     3.8279  32.436191  32.436702    6.60251     2.2511 2.2108e+01    -0.0235     0.0000      98.78    97.6409     0.0755     139226    6.60243    0.00000    34.9039    34.9042         37 0.0000e+00
    254.000    251.455     3.8306     3.8301  32.437936  32.437859    6.60092     2.2513 2.2162e+01    -0.0237     0.0000      98.78    97.6153     0.0755     139261    6.60088    0.00000    34.9038    34.9044         36 0.0000e+00
    252.000    249.476     3.8298     3.8300  32.436358  32.436955    6.60372     2.2524 2.2057e+01    -0.0233     0.0000      98.78    97.6276     0.0755     139312    6.60360    0.00000    34.9039    34.9044         69 0.0000e+00
    250.000    247.498     3.8296     3.8301  32.435191  32.435903    6.60092     2.2520 2.2097e+01    -0.0223     0.0000      98.78    97.6250     0.0755     139375    6.60064    0.00000    34.9038    34.9041         47 0.0000e+00
    248.000    245.519     3.8332     3.8321  32.437459  32.436613    6.59762     2.2518 2.2159e+01    -0.0233     0.0000      98.78    97.6323     0.0755     139413    6.59737    0.00000    34.9038    34.9039         37 0.0000e+00
    246.000    243.540     3.8336     3.8340  32.437111  32.437598    6.59908     2.2527 2.2110e+01    -0.0230     0.0000      98.78    97.6330     0.0755     139466    6.59884    0.00000    34.9040    34.9042         71 0.0000e+00
    244.000    241.561     3.8350     3.8348  32.437474  32.437510    6.59851     2.2530 2.2130e+01    -0.0232     0.0000      98.77    97.6234     0.0755     139532    6.59832    0.00000    34.9041    34.9043         52 0.0000e+00
    242.000    239.582     3.8442     3.8412  32.445390  32.442623    6.59355     2.2527 2.1979e+01    -0.0233     0.0000      98.78    97.6227     0.0755     139582    6.59344    0.00000    34.9047    34.9047         54 0.0000e+00
    240.000    237.603     3.8472     3.8458  32.447422  32.446297    6.59424     2.2534 2.2088e+01    -0.0225     0.0000      98.78    97.5446     0.0755     139639    6.59414    0.00000    34.9051    34.9053         58 0.0000e+00
