Ship_data/Irminger/Irminger-2/ctd/process/OOI/uat30_011.cnv
* Sea-Bird SBE 9 Data File:
* FileName = C:\data\ctd\at30_011.hex
* Software Version Seasave V 7.21f
* Temperature SN = 2265
* Conductivity SN = 3021
* Number of Bytes Per Scan = 40
* Number of Voltage Words = 5
* Number of Scans Averaged by the Deck Unit = 1
* NMEA Latitude = 59 41.19 N
* NMEA Longitude = 039 21.93 W
* NMEA UTC (Time) = Aug 21 2015  19:14:51
** cal val post deployment at FLMB2
# nquan = 21
# nvalues = 1428                        
# units = specified
# name 0 = prDM: Pressure, Digiquartz [db]
# name 1 = depSM: Depth [salt water, m]
# name 2 = t090C: Temperature [ITS-90, deg C]
# name 3 = t190C: Temperature, 2 [ITS-90, deg C]
# name 4 = c0mS/cm: Conductivity [mS/cm]
# name 5 = c1mS/cm: Conductivity, 2 [mS/cm]
# name 6 = sbeox0ML/L: Oxygen, SBE 43 [ml/l]
# name 7 = sbeox0V: Oxygen raw, SBE 43 [V]
# name 8 = spar: SPAR/Surface Irradiance
# name 9 = flECO-AFL: Fluorescence, WET Labs ECO-AFL/FL [mg/m^3]
# name 10 = v2: Voltage 2
# name 11 = altM: Altimeter [m]
# name 12 = CStarTr0: Beam Transmission, WET Labs C-Star [%]
# name 13 = turbWETntu0: Turbidity, WET Labs ECO [NTU]
# name 14 = scan: Scan Count
# name 15 = sbeox0ML/L: Oxygen, SBE 43 [ml/l], WS = 2
# name 16 = sbeox0dOV/dT: Oxygen, SBE 43 [dov/dt], WS = 2
# name 17 = sal00: Salinity, Practical [PSU]
# name 18 = sal11: Salinity, Practical, 2 [PSU]
# name 19 = nbin: number of scans per bin
# name 20 = flag: flag
# span 0 =      2.000,   2856.000       
# span 1 =      1.981,   2810.079       
# span 2 =     1.5255,     8.7298       
# span 3 =     1.5274,     8.7300       
# span 4 =  31.485985,  36.766601       
# span 5 =  31.486929,  36.765933       
# span 6 =    6.01060,    6.80266       
# span 7 =     1.6757,     2.5374       
# span 8 = 1.9531e+02, 1.1508e+03       
# span 9 =    -0.0662,    -0.0432       
# span 10 =     0.0000,     0.0000      
# span 11 =      19.10,      98.99      
# span 12 =    94.0085,    97.5233      
# span 13 =     0.0692,     0.0708      
# span 14 =      81423,     186772      
# span 15 =    6.01037,    6.80211      
# span 16 =    0.00000,    0.00000      
# span 17 =    34.8480,    34.9303      
# span 18 =    34.8451,    34.9299      
# span 19 =         23,        138      
# span 20 = 0.0000e+00, 0.0000e+00      
# interval = decibars: 2                
# start_time = Aug 21 2015 19:14:51 [NMEA time, header]
# bad_flag = -9.990e-29
*END*
[from data line 69]
   2718.000   2675.151     1.7413     1.7406  31.620277  31.618971    6.55569     1.6954 5.2653e+02    -0.0437     0.0000      98.73    97.0245     0.0704      86400    6.55596    0.00000    34.8992    34.8983         37 0.0000e+00
   2716.000   2673.195     1.7566     1.7521  31.633220  31.628045    6.55116     1.6954 5.3466e+02    -0.0454     0.0000      98.73    97.0261     0.0707      86432    6.55116    0.00000    34.8996    34.8981         30 0.0000e+00
   2714.000   2671.239     1.7659     1.7626  31.640271  31.636559    6.54768     1.6954 5.3759e+02    -0.0444     0.0000      98.73    97.0261     0.0707      86460    6.54762    0.00000    34.8993    34.8983         28 0.0000e+00
   2712.000   2669.283     1.7697     1.7687  31.642636  31.640936    6.54681     1.6955 5.3524e+02    -0.0441     0.0000      98.73    97.0266     0.0706      86489    6.54577    0.00000    34.8990    34.8980         31 0.0000e+00
   2710.000   2667.327     1.7794     1.7746  31.650571  31.645471    6.54952     1.6968 5.2546e+02    -0.0443     0.0000      98.73    97.0301     0.0702      86531    6.54947    0.00000    34.8993    34.8983         58 0.0000e+00
   2708.000   2665.371     1.7957     1.7875  31.664395  31.656609    6.55116     1.6980 5.0424e+02    -0.0450     0.0000      98.73    97.0593     0.0702      86596    6.55086    0.00000    34.8998    34.8990         60 0.0000e+00
   2706.000   2663.415     1.8055     1.8000  31.672458  31.666849    6.55052     1.6985 5.1095e+02    -0.0446     0.0000      98.73    97.0818     0.0701      86656    6.55033    0.00000    34.9001    34.8992         67 0.0000e+00
   2704.000   2661.459     1.8178     1.8119  31.682700  31.676703    6.54808     1.6988 5.1962e+02    -0.0453     0.0000      98.73    97.1028     0.0706      86719    6.54794    0.00000    34.9004    34.8994         52 0.0000e+00
   2702.000   2659.502     1.8258     1.8220  31.688604  31.684506    6.54477     1.6988 5.1706e+02    -0.0456     0.0000      98.73    97.1045     0.0707      86761    6.54456    0.00000    34.9001    34.8991         35 0.0000e+00
   2700.000   2657.546     1.8399     1.8374  31.700178  31.696889    6.53964     1.6987 5.0848e+02    -0.0462     0.0000      98.73    97.0996     0.0706      86792    6.53939    0.00000    34.9001    34.8987         29 0.0000e+00
   2698.000   2655.590     1.8521     1.8490  31.710204  31.706132    6.53581     1.6988 4.9968e+02    -0.0442     0.0000      98.73    97.0847     0.0700      86821    6.53554    0.00000    34.9003    34.8986         29 0.0000e+00
   2696.000   2653.633     1.8743     1.8638  31.728949  31.718673    6.53247     1.6993 4.9575e+02    -0.0451     0.0000      98.73    97.0960     0.0701      86852    6.53253    0.00000    34.9004    34.8990         36 0.0000e+00
   2694.000   2651.677     1.8947     1.8736  31.746052  31.727076    6.53340     1.7005 4.9801e+02    -0.0448     0.0000      98.73    97.0885     0.0700      86946    6.53340    0.00000    34.9005    34.8998         61 0.0000e+00
   2692.000   2649.721     1.9189     1.9083  31.767072  31.755466    6.52376     1.7000 4.9504e+02    -0.0441     0.0000      98.73    97.0931     0.0701      87012    6.52399    0.00000    34.9012    34.8984         33 0.0000e+00
   2690.000   2647.765     1.9317     1.9295  31.777029  31.774188    6.52087     1.7002 4.9903e+02    -0.0448     0.0000      98.73    97.1106     0.0701      87042    6.52082    0.00000    34.9006    34.8995         32 0.0000e+00
   2688.000   2645.808     1.9373     1.9349  31.780850  31.778046    6.51942     1.7004 5.0166e+02    -0.0457     0.0000      98.73    97.1180     0.0703      87074    6.51938    0.00000    34.9003    34.8994         32 0.0000e+00
   2686.000   2643.852     1.9445     1.9417  31.786147  31.783034    6.51743     1.7006 5.0022e+02    -0.0452     0.0000      98.73    97.1378     0.0705      87109    6.51739    0.00000    34.9000    34.8991         39 0.0000e+00
   2684.000   2641.895     1.9539     1.9495  31.793103  31.789035    6.51561     1.7009 4.9159e+02    -0.0449     0.0000      98.73    97.1658     0.0707      87153    6.51543    0.00000    34.8993    34.8991         50 0.0000e+00
   2682.000   2639.939     1.9637     1.9599  31.800077  31.796524    6.51610     1.7018 4.8362e+02    -0.0452     0.0000      98.73    97.2009     0.0707      87213    6.51674    0.00000    34.8984    34.8981         73 0.0000e+00
   2680.000   2637.983     1.9845     1.9738  31.816921  31.806947    6.51193     1.7019 4.8471e+02    -0.0454     0.0000      98.73    97.2295     0.0707      87291    6.51182    0.00000    34.8977    34.8969         65 0.0000e+00
   2678.000   2636.026     2.0023     1.9985  31.831641  31.826991    6.50672     1.7019 4.9199e+02    -0.0449     0.0000      98.73    97.2728     0.0707      87337    6.50659    0.00000    34.8976    34.8959         37 0.0000e+00
   2676.000   2634.070     2.0096     2.0083  31.837067  31.835152    6.50023     1.7013 4.9350e+02    -0.0445     0.0000      98.73    97.2874     0.0707      87371    6.50016    0.00000    34.8973    34.8964         34 0.0000e+00
   2674.000   2632.113     2.0145     2.0144  31.840751  31.839606    6.49837     1.7014 4.8977e+02    -0.0445     0.0000      98.73    97.2807     0.0705      87405    6.49826    0.00000    34.8975    34.8963         34 0.0000e+00
   2672.000   2630.157     2.0238     2.0193  31.848102  31.843236    6.49449     1.7014 4.7837e+02    -0.0452     0.0000      98.73    97.2871     0.0703      87441    6.49434    0.00000    34.8975    34.8964         38 0.0000e+00
   2670.000   2628.201     2.0367     2.0310  31.859298  31.853215    6.49066     1.7014 4.6851e+02    -0.0445     0.0000      98.73    97.2884     0.0703      87496    6.49042    0.00000    34.8983    34.8970         74 0.0000e+00
   2668.000   2626.244     2.0817     2.0664  31.899560  31.883753    6.47458     1.7004 4.8270e+02    -0.0447     0.0000      98.73    97.2936     0.0707      87587    6.47438    0.00000    34.9003    34.8974         57 0.0000e+00
   2666.000   2624.287     2.0866     2.0816  31.903551  31.897536    6.46765     1.6997 4.8352e+02    -0.0450     0.0000      98.73    97.2913     0.0700      87625    6.46759    0.00000    34.9009    34.8988         33 0.0000e+00
   2664.000   2622.331     2.0938     2.0933  31.909286  31.907835    6.46080     1.6990 4.8061e+02    -0.0448     0.0000      98.73    97.2899     0.0701      87657    6.46063    0.00000    34.9012    34.8999         32 0.0000e+00
   2662.000   2620.374     2.0980     2.0980  31.912272  31.911387    6.45390     1.6981 4.7458e+02    -0.0441     0.0000      98.73    97.2989     0.0702      87690    6.45354    0.00000    34.9012    34.9001         35 0.0000e+00
   2660.000   2618.418     2.1028     2.1019  31.915742  31.914374    6.44504     1.6970 4.6563e+02    -0.0445     0.0000      98.73    97.2892     0.0707      87730    6.44488    0.00000    34.9012    34.9006         47 0.0000e+00
   2658.000   2616.461     2.1078     2.1065  31.919479  31.917728    6.43263     1.6953 4.6494e+02    -0.0450     0.0000      98.73    97.3050     0.0707      87790    6.43253    0.00000    34.9014    34.9007         73 0.0000e+00
   2656.000   2614.504     2.1283     2.1169  31.937758  31.926037    6.41707     1.6935 4.7050e+02    -0.0446     0.0000      98.73    97.3187     0.0707      87855    6.41693    0.00000    34.9028    34.9006         50 0.0000e+00
   2654.000   2612.548     2.1545     2.1475  31.961739  31.953696    6.40910     1.6932 4.7096e+02    -0.0447     0.0000      98.73    97.3309     0.0707      87899    6.40897    0.00000    34.9049    34.9026         44 0.0000e+00
   2652.000   2610.591     2.1728     2.1677  31.977700  31.971838    6.40130     1.6928 4.6867e+02    -0.0444     0.0000      98.73    97.3272     0.0707      87944    6.40120    0.00000    34.9058    34.9041         46 0.0000e+00
   2650.000   2608.634     2.1902     2.1827  31.992161  31.984792    6.39075     1.6918 4.6436e+02    -0.0446     0.0000      98.73    97.3361     0.0707      87988    6.39067    0.00000    34.9058    34.9047         40 0.0000e+00
   2648.000   2606.678     2.1992     2.1979  31.999410  31.997137    6.38102     1.6906 4.6072e+02    -0.0451     0.0000      98.73    97.3539     0.0707      88025    6.38074    0.00000    34.9058    34.9045         36 0.0000e+00
   2646.000   2604.721     2.2145     2.2121  32.012131  32.008933    6.37083     1.6896 4.5884e+02    -0.0444     0.0000      98.73    97.3643     0.0707      88066    6.37069    0.00000    34.9059    34.9046         47 0.0000e+00
   2644.000   2602.764     2.2277     2.2239  32.022425  32.018598    6.35940     1.6882 4.5939e+02    -0.0454     0.0000      98.73    97.4044     0.0707      88127    6.35932    0.00000    34.9053    34.9047         72 0.0000e+00
   2642.000   2600.808     2.2343     2.2284  32.027567  32.021843    6.35049     1.6871 4.6129e+02    -0.0446     0.0000      98.73    97.4198     0.0705      88190    6.35024    0.00000    34.9055    34.9048         51 0.0000e+00
   2640.000   2598.851     2.2409     2.2379  32.032863  32.028946    6.34351     1.6864 4.5948e+02    -0.0450     0.0000      98.73    97.4251     0.0700      88233    6.34333    0.00000    34.9058    34.9043         39 0.0000e+00
   2638.000   2596.894     2.2481     2.2479  32.038631  32.037714    6.33847     1.6860 4.5575e+02    -0.0459     0.0000      98.73    97.4214     0.0705      88271    6.33833    0.00000    34.9061    34.9051         39 0.0000e+00
   2636.000   2594.937     2.2511     2.2505  32.040288  32.039387    6.33587     1.6860 4.5556e+02    -0.0451     0.0000      98.73    97.4214     0.0705      88315    6.33571    0.00000    34.9058    34.9054         49 0.0000e+00
   2634.000   2592.980     2.2551     2.2527  32.042780  32.040173    6.33049     1.6854 4.5648e+02    -0.0446     0.0000      98.73    97.4255     0.0707      88366    6.33037    0.00000    34.9055    34.9049         50 0.0000e+00
   2632.000   2591.023     2.2695     2.2658  32.055191  32.050632    6.32485     1.6852 4.5300e+02    -0.0452     0.0000      98.73    97.4285     0.0703      88413    6.32471    0.00000    34.9062    34.9046         45 0.0000e+00
   2630.000   2589.067     2.2850     2.2796  32.068718  32.062903    6.32320     1.6857 4.4863e+02    -0.0444     0.0000      98.73    97.4278     0.0700      88458    6.32288    0.00000    34.9071    34.9057         45 0.0000e+00
   2628.000   2587.110     2.2942     2.2929  32.076619  32.074282    6.32045     1.6858 4.4879e+02    -0.0447     0.0000      98.73    97.4369     0.0701      88503    6.32030    0.00000    34.9078    34.9063         47 0.0000e+00
   2626.000   2585.153     2.3055     2.3024  32.086261  32.082678    6.31414     1.6854 4.5198e+02    -0.0449     0.0000      98.73    97.4343     0.0702      88566    6.31405    0.00000    34.9083    34.9073         72 0.0000e+00
   2624.000   2583.196     2.3092     2.3059  32.088839  32.084916    6.30693     1.6845 4.5039e+02    -0.0460     0.0000      98.73    97.4301     0.0697      88621    6.30666    0.00000    34.9085    34.9072         36 0.0000e+00
   2622.000   2581.239     2.3141     2.3136  32.092596  32.091035    6.30043     1.6838 4.4664e+02    -0.0453     0.0000      98.73    97.4366     0.0699      88652    6.30029    0.00000    34.9087    34.9074         31 0.0000e+00
   2620.000   2579.282     2.3206     2.3193  32.097613  32.095762    6.30010     1.6842 4.4319e+02    -0.0451     0.0000      98.73    97.4358     0.0700      88685    6.29987    0.00000    34.9088    34.9080         38 0.0000e+00
   2618.000   2577.325     2.3255     2.3230  32.101268  32.098438    6.29920     1.6846 4.4428e+02    -0.0448     0.0000      98.73    97.4343     0.0701      88742    6.29922    0.00000    34.9090    34.9082         78 0.0000e+00
   2616.000   2575.368     2.3305     2.3271  32.104924  32.100995    6.29425     1.6841 4.4429e+02    -0.0437     0.0000      98.73    97.4374     0.0700      88810    6.29410    0.00000    34.9090    34.9079         48 0.0000e+00
   2614.000   2573.411     2.3437     2.3401  32.115950  32.111443    6.28961     1.6840 4.4154e+02    -0.0439     0.0000      98.73    97.4479     0.0699      88850    6.28937    0.00000    34.9093    34.9077         37 0.0000e+00
   2612.000   2571.454     2.3594     2.3557  32.129487  32.124697    6.28437     1.6839 4.4084e+02    -0.0455     0.0000      98.73    97.4413     0.0702      88885    6.28414    0.00000    34.9099    34.9081         33 0.0000e+00
   2610.000   2569.497     2.3701     2.3682  32.138280  32.135377    6.28455     1.6848 4.4082e+02    -0.0439     0.0000      98.72    97.4445     0.0702      88920    6.28527    0.00000    34.9101    34.9086         38 0.0000e+00
   2608.000   2567.540     2.3795     2.3764  32.146057  32.142566    6.28068     1.6845 4.3942e+02    -0.0450     0.0000      98.73    97.4490     0.0700      88982    6.28058    0.00000    34.9104    34.9095         80 0.0000e+00
   2606.000   2565.583     2.3880     2.3849  32.153028  32.149553    6.27226     1.6836 4.3568e+02    -0.0435     0.0000      98.73    97.4534     0.0702      89052    6.27219    0.00000    34.9107    34.9099         43 0.0000e+00
   2604.000   2563.626     2.3906     2.3900  32.154704  32.153225    6.26997     1.6835 4.3559e+02    -0.0443     0.0000      98.73    97.4523     0.0702      89089    6.26984    0.00000    34.9109    34.9099         35 0.0000e+00
   2602.000   2561.669     2.3931     2.3933  32.156178  32.155593    6.26361     1.6828 4.3791e+02    -0.0445     0.0000      98.73    97.4541     0.0707      89124    6.26360    0.00000    34.9110    34.9101         36 0.0000e+00
   2600.000   2559.712     2.4015     2.3988  32.163092  32.159764    6.25949     1.6826 4.3929e+02    -0.0439     0.0000      98.73    97.4518     0.0707      89164    6.25952    0.00000    34.9114    34.9103         43 0.0000e+00
   2598.000   2557.755     2.4088     2.4052  32.169118  32.165103    6.25614     1.6824 4.3599e+02    -0.0445     0.0000      98.73    97.4599     0.0702      89213    6.25559    0.00000    34.9118    34.9109         59 0.0000e+00
   2596.000   2555.798     2.4176     2.4141  32.176270  32.172364    6.25178     1.6823 4.2772e+02    -0.0440     0.0000      98.73    97.4648     0.0703      89280    6.25183    0.00000    34.9121    34.9112         65 0.0000e+00
   2594.000   2553.840     2.4245     2.4215  32.181648  32.177920    6.24635     1.6818 4.3228e+02    -0.0445     0.0000      98.73    97.4653     0.0707      89329    6.24626    0.00000    34.9122    34.9109         38 0.0000e+00
   2592.000   2551.883     2.4283     2.4280  32.184349  32.183264    6.24232     1.6815 4.3620e+02    -0.0442     0.0000      98.73    97.4606     0.0707      89368    6.24232    0.00000    34.9124    34.9113         42 0.0000e+00
   2590.000   2549.926     2.4341     2.4312  32.188826  32.185615    6.23799     1.6812 4.3368e+02    -0.0439     0.0000      98.73    97.4709     0.0707      89414    6.23774    0.00000    34.9125    34.9117         46 0.0000e+00
   2588.000   2547.969     2.4404     2.4382  32.193699  32.190574    6.23443     1.6812 4.2630e+02    -0.0443     0.0000      98.73    97.4708     0.0707      89455    6.23495    0.00000    34.9127    34.9113         37 0.0000e+00
   2586.000   2546.011     2.4446     2.4444  32.196508  32.195605    6.23203     1.6812 4.2389e+02    -0.0451     0.0000      98.73    97.4708     0.0704      89494    6.23247    0.00000    34.9126    34.9117         45 0.0000e+00
   2584.000   2544.054     2.4479     2.4464  32.198827  32.196814    6.23017     1.6812 4.3006e+02    -0.0441     0.0000      98.73    97.4708     0.0702      89568    6.23016    0.00000    34.9128    34.9119         83 0.0000e+00
