Ship_data/Irminger/Irminger-2/ctd/process/OOI/uat30_012.cnv
* Sea-Bird SBE 9 Data File:
* FileName = C:\data\ctd\at30_012.hex
* Software Version Seasave V 7.21f
* Temperature SN = 2265
* Conductivity SN = 3021
* Number of Bytes Per Scan = 40
* Number of Voltage Words = 5
* Number of Scans Averaged by the Deck Unit = 1
* NMEA Latitude = 59 59.98 N
* NMEA Longitude = 039 28.96 W
* NMEA UTC (Time) = Aug 23 2015  16:50:38
** Cal/Val for HYPM-2
# nquan = 21
# nvalues = 1346                        
# units = specified
# name 0 = prDM: Pressure, Digiquartz [db]
# name 1 = depSM: Depth [salt water, m]
# name 2 = t090C: Temperature [ITS-90, deg C]
# name 3 = t190C: Temperature, 2 [ITS-90, deg C]
# name 4 = c0mS/cm: Conductivity [mS/cm]
# name 5 = c1mS/cm: Conductivity, 2 [mS/cm]
# name 6 = sbeox0ML/L: Oxygen, SBE 43 [ml/l]
# name 7 = sbeox0V: Oxygen raw, SBE 43 [V]
# name 8 = spar: SPAR/Surface Irradiance
# name 9 = flECO-AFL: Fluorescence, WET Labs ECO-AFL/FL [mg/m^3]
# name 10 = v2: Voltage 2
# name 11 = altM: Altimeter [m]
# name 12 = CStarTr0: Beam Transmission, WET Labs C-Star [%]
# name 13 = turbWETntu0: Turbidity, WET Labs ECO [NTU]
# name 14 = scan: Scan Count
# name 15 = sbeox0ML/L: Oxygen, SBE 43 [ml/l], WS = 2
# name 16 = sbeox0dOV/dT: Oxygen, SBE 43 [dov/dt], WS = 2
# name 17 = sal00: Salinity, Practical [PSU]
# name 18 = sal11: Salinity, Practical, 2 [PSU]
# name 19 = nbin: number of scans per bin
# name 20 = flag: flag
# span 0 =      2.000,   2692.000       
# span 1 =      1.981,   2649.654       
# span 2 =     1.3171,     8.4774       
# span 3 =     1.3177,     8.4771       
# span 4 =  31.231309,  36.553454       
# span 5 =  31.232766,  36.553972       
# span 6 =    6.00628,    6.70457       
# span 7 =     1.6962,     2.5075       
# span 8 = 2.0270e+02, 5.7723e+02       
# span 9 =    -0.0823,    -0.0582       
# span 10 =     0.0000,     0.0000      
# span 11 =      10.46,      98.78      
# span 12 =    93.3628,    97.7912      
# span 13 =     0.0694,     0.0708      
# span 14 =      78380,     177540      
# span 15 =    6.00618,    6.70409      
# span 16 =    0.00000,    0.00000      
# span 17 =    34.8348,    34.9433      
# span 18 =    34.8307,    34.9433      
# span 19 =         25,        131      
# span 20 = 0.0000e+00, 0.0000e+00      
# interval = decibars: 2                
# start_time = Aug 23 2015 16:50:38 [NMEA time, header]
# bad_flag = -9.990e-29
*END*
[from data line 1311]
     70.000     69.328     5.5928     5.4891  33.931500  33.827516    6.55222     2.3632 2.0428e+02    -0.0596     0.0000      98.73    96.6371     0.0695     173693    6.55172    0.00000    34.8917    34.8805         41 0.0000e+00
     68.000     67.348     5.7565     5.6716  34.081402  33.998674    6.55444     2.3720 2.0521e+02    -0.0594     0.0000      98.73    96.4023     0.0697     173742    6.55376    0.00000    34.8940    34.8877         65 0.0000e+00
     66.000     65.367     5.7718     5.7057  34.094278  34.030190    6.60590     2.3878 2.0486e+02    -0.0596     0.0000      98.73    96.4033     0.0698     173853    6.60536    0.00000    34.8938    34.8894         87 0.0000e+00
     64.000     63.387     5.7304     5.6885  34.055439  34.010058    6.63488     2.3945 2.0382e+02    -0.0593     0.0000      98.73    96.4591     0.0695     173997    6.63448    0.00000    34.8935    34.8853         46 0.0000e+00
     62.000     61.406     6.3157     6.1363  34.596486  34.413261    6.55456     2.3998 2.0270e+02    -0.0588     0.0000      98.73    96.1327     0.0697     174035    6.55351    0.00000    34.9024    34.8807         47 0.0000e+00
     60.000     59.426     6.1876     6.2543  34.478553  34.543369    6.63075     2.4161 2.0443e+02    -0.0595     0.0000      98.73    96.2235     0.0700     174162    6.63018    0.00000    34.9026    34.9069         79 0.0000e+00
     58.000     57.445     6.4759     6.3018  34.742044  34.567242    6.59119     2.4189 2.0376e+02    -0.0593     0.0000      98.73    96.0248     0.0700     174260    6.59040    0.00000    34.9030    34.8860         63 0.0000e+00
     56.000     55.464     6.5819     6.5218  34.815586  34.779089    6.61524     2.4311 2.0460e+02    -0.0599     0.0000      98.73    95.8469     0.0700     174351    6.61461    0.00000    34.8779    34.8987        115 0.0000e+00
     54.000     53.484     6.7234     6.7450  34.934848  34.948717    6.62701     2.4415 2.0382e+02    -0.0592     0.0000      97.22    95.7632     0.0701     174457    6.62639    0.00000    34.8673    34.8607         85 0.0000e+00
     52.000     51.503     6.9564     6.9576  35.134121  35.135403    6.63727     2.4558 2.0413e+02    -0.0592     0.0000      98.75    95.6437     0.0699     174557    6.63655    0.00000    34.8522    34.8523         79 0.0000e+00
     50.000     49.522     7.0929     7.0708  35.247397  35.223556    6.64924     2.4662 2.0425e+02    -0.0589     0.0000      98.73    95.5089     0.0701     174648    6.64855    0.00000    34.8396    34.8358         61 0.0000e+00
     48.000     47.542     7.1118     7.1216  35.264547  35.270305    6.67983     2.4766 2.0439e+02    -0.0590     0.0000      98.73    95.3485     0.0699     174750    6.67931    0.00000    34.8404    34.8368         84 0.0000e+00
     46.000     45.561     7.2369     7.2676  35.373782  35.398253    6.68327     2.4840 2.0438e+02    -0.0594     0.0000      98.73    94.9847     0.0700     174837    6.68274    0.00000    34.8348    34.8307         83 0.0000e+00
     44.000     43.581     7.2727     7.2996  35.411870  35.428176    6.70457     2.4925 2.0448e+02    -0.0646     0.0000      83.64    95.0327     0.0700     174975    6.70409    0.00000    34.8415    34.8322         60 0.0000e+00
     42.000     41.600     7.6893     7.6190  35.817391  35.739232    6.65029     2.4970 2.0463e+02    -0.0598     0.0000      97.97    94.6302     0.0707     175033    6.64943    0.00000    34.8650    34.8508         52 0.0000e+00
     40.000     39.619     7.6928     7.6813  35.816346  35.805848    6.65940     2.5004 2.0545e+02    -0.0595     0.0000      98.73    94.5600     0.0707     175137    6.65875    0.00000    34.8614    34.8616         84 0.0000e+00
     38.000     37.638     7.7529     7.7373  35.874284  35.853339    6.64730     2.5002 2.0524e+02    -0.0595     0.0000      98.73    94.4692     0.0707     175258    6.64674    0.00000    34.8649    34.8580         68 0.0000e+00
     36.000     35.658     7.8982     7.8954  36.013810  36.010060    6.63914     2.5053 2.0578e+02    -0.0616     0.0000      93.39    94.2998     0.0707     175322    6.63855    0.00000    34.8712    34.8700         71 0.0000e+00
     34.000     33.677     7.8987     7.8965  36.013584  36.010569    6.63610     2.5049 2.0640e+02    -0.0597     0.0000      98.66    94.2721     0.0707     175447    6.63562    0.00000    34.8715    34.8704         83 0.0000e+00
     32.000     31.696     7.9829     7.9828  36.094061  36.088893    6.62958     2.5075 2.0610e+02    -0.0592     0.0000      98.73    93.9915     0.0707     175537    6.62903    0.00000    34.8750    34.8696         64 0.0000e+00
     30.000     29.715     8.1398     8.1182  36.243414  36.222892    6.59810     2.5060 2.0688e+02    -0.0593     0.0000      98.73    93.6423     0.0707     175630    6.59754    0.00000    34.8799    34.8794         78 0.0000e+00
     28.000     27.734     8.3295     8.3176  36.425012  36.406183    6.56741     2.5061 2.0712e+02    -0.0593     0.0000      98.73    93.5503     0.0707     175737    6.56674    0.00000    34.8863    34.8781         69 0.0000e+00
     26.000     25.753     8.3917     8.3789  36.481171  36.468792    6.53367     2.4994 2.0687e+02    -0.0601     0.0000      98.73    93.4330     0.0707     175834    6.53311    0.00000    34.8854    34.8849        102 0.0000e+00
     24.000     23.772     8.4618     8.4590  36.544753  36.541303    6.51401     2.4972 2.0802e+02    -0.0599     0.0000      98.73    93.3867     0.0707     175924    6.51354    0.00000    34.8845    34.8836         84 0.0000e+00
     22.000     21.791     8.4576     8.4601  36.538098  36.540702    6.50450     2.4946 2.0788e+02    -0.0593     0.0000      98.73    93.4068     0.0707     176038    6.50413    0.00000    34.8826    34.8829        106 0.0000e+00
     20.000     19.810     8.4751     8.4759  36.553454  36.553972    6.49990     2.4945 2.0823e+02    -0.0593     0.0000      98.73    93.3628     0.0707     176131    6.49950    0.00000    34.8826    34.8823         63 0.0000e+00
     18.000     17.830     8.4747     8.4748  36.552623  36.552157    6.49804     2.4945 2.0866e+02    -0.0598     0.0000      98.73    93.4446     0.0707     176229    6.49761    0.00000    34.8830    34.8824         98 0.0000e+00
     16.000     15.848     8.4745     8.4762  36.551302  36.552226    6.50220     2.4962 2.0815e+02    -0.0595     0.0000      98.73    93.4354     0.0707     176329    6.50179    0.00000    34.8828    34.8821         94 0.0000e+00
     14.000     13.868     8.4747     8.4762  36.550299  36.551154    6.49749     2.4953 2.0907e+02    -0.0594     0.0000      98.73    93.4458     0.0707     176433    6.49718    0.00000    34.8825    34.8819        104 0.0000e+00
     12.000     11.886     8.4761     8.4766  36.550977  36.550672    6.50902     2.4994 2.0875e+02    -0.0597     0.0000      98.73    93.4167     0.0707     176531    6.50863    0.00000    34.8828    34.8819         91 0.0000e+00
     10.000      9.906     8.4774     8.4771  36.551717  36.550556    6.51752     2.5026 2.0943e+02    -0.0593     0.0000      98.73    93.3901     0.0707     176623    6.51724    0.00000    34.8833    34.8823         94 0.0000e+00
      8.000      7.924     8.4756     8.4764  36.549179  36.549101    6.50905     2.5004 2.0960e+02    -0.0595     0.0000      98.73    93.4328     0.0707     176780    6.50877    0.00000    34.8833    34.8824         98 0.0000e+00
      6.000      5.943     8.4750     8.4758  36.547556  36.547714    6.51337     2.5022 2.0992e+02    -0.0594     0.0000      98.73    93.4337     0.0707     177010    6.51312    0.00000    34.8832    34.8825        108 0.0000e+00
      4.000      3.962     8.4758     8.4748  36.547296  36.545579    6.51909     2.5045 2.1082e+02    -0.0590     0.0000      98.73    93.4265     0.0707     177297    6.51881    0.00000    34.8830    34.8822         65 0.0000e+00
      2.000      1.981     8.4743     8.4746  36.545433  36.544721    6.51500     2.5037 2.1120e+02    -0.0586     0.0000      98.73    93.4041     0.0707     177540    6.51476    0.00000    34.8835    34.8825         38 0.0000e+00
