Ship_data/Irminger/Irminger-2/ctd/process/OOI/uat30_010.cnv
* Sea-Bird SBE 9 Data File:
* FileName = C:\data\ctd\at30_010.hex
* Software Version Seasave V 7.21f
* Temperature SN = 2265
* Conductivity SN = 3021
* Number of Bytes Per Scan = 40
* Number of Voltage Words = 5
* Number of Scans Averaged by the Deck Unit = 1
* NMEA Latitude = 59 45.71 N
* NMEA Longitude = 039 52.84 W
* NMEA UTC (Time) = Aug 19 2015  21:15:33
** FLMA 2 post deployment cal
# nquan = 21
# nvalues = 1365                        
# units = specified
# name 0 = prDM: Pressure, Digiquartz [db]
# name 1 = depSM: Depth [salt water, m]
# name 2 = t090C: Temperature [ITS-90, deg C]
# name 3 = t190C: Temperature, 2 [ITS-90, deg C]
# name 4 = c0mS/cm: Conductivity [mS/cm]
# name 5 = c1mS/cm: Conductivity, 2 [mS/cm]
# name 6 = sbeox0ML/L: Oxygen, SBE 43 [ml/l]
# name 7 = sbeox0V: Oxygen raw, SBE 43 [V]
# name 8 = spar: SPAR/Surface Irradiance
# name 9 = flECO-AFL: Fluorescence, WET Labs ECO-AFL/FL [mg/m^3]
# name 10 = v2: Voltage 2
# name 11 = altM: Altimeter [m]
# name 12 = CStarTr0: Beam Transmission, WET Labs C-Star [%]
# name 13 = turbWETntu0: Turbidity, WET Labs ECO [NTU]
# name 14 = scan: Scan Count
# name 15 = sbeox0ML/L: Oxygen, SBE 43 [ml/l], WS = 2
# name 16 = sbeox0dOV/dT: Oxygen, SBE 43 [dov/dt], WS = 2
# name 17 = sal00: Salinity, Practical [PSU]
# name 18 = sal11: Salinity, Practical, 2 [PSU]
# name 19 = nbin: number of scans per bin
# name 20 = flag: flag
# span 0 =      2.000,   2730.000       
# span 1 =      1.981,   2686.871       
# span 2 =     1.4283,     8.4332       
# span 3 =     1.4291,     8.4316       
# span 4 =  31.348033,  36.471189       
# span 5 =  31.348058,  36.466607       
# span 6 =    6.01466,    6.67822       
# span 7 =     1.6823,     2.5120       
# span 8 = 2.1571e+01, 3.4556e+01       
# span 9 =    -0.0765,    -0.0506       
# span 10 =     0.0000,     0.0000      
# span 11 =       9.50,      99.39      
# span 12 =    93.1070,    97.6280      
# span 13 =     0.0695,     0.0707      
# span 14 =      78766,     179413      
# span 15 =    6.01449,    6.67714      
# span 16 =    0.00000,    0.00000      
# span 17 =    34.8428,    35.0199      
# span 18 =    34.8420,    35.0198      
# span 19 =         27,        134      
# span 20 = 0.0000e+00, 0.0000e+00      
# interval = decibars: 2                
# start_time = Aug 19 2015 21:15:33 [NMEA time, header]
# bad_flag = -9.990e-29
*END*
[from data line 1173]
    384.000    380.034     3.9081     3.9039  32.571158  32.566372    6.49549     2.1988 2.1917e+01    -0.0516     0.0000      98.73    97.4950     0.0707     160483    6.49534    0.00000    34.9100    34.9088         43 0.0000e+00
    382.000    378.056     3.9291     3.9237  32.591165  32.585679    6.49097     2.1990 2.2087e+01    -0.0517     0.0000      98.73    97.4995     0.0707     160536    6.49084    0.00000    34.9125    34.9117         60 0.0000e+00
    380.000    376.079     3.9358     3.9284  32.596906  32.589267    6.48121     2.1972 2.1803e+01    -0.0523     0.0000      98.73    97.5069     0.0707     160587    6.48094    0.00000    34.9133    34.9121         41 0.0000e+00
    378.000    374.101     3.9449     3.9456  32.604930  32.605475    6.47996     2.1977 2.2025e+01    -0.0525     0.0000      98.73    97.5144     0.0707     160635    6.47966    0.00000    34.9142    34.9141         70 0.0000e+00
    376.000    372.124     3.9527     3.9520  32.611561  32.611176    6.47453     2.1972 2.2052e+01    -0.0527     0.0000      98.73    97.5142     0.0707     160709    6.47434    0.00000    34.9148    34.9151         50 0.0000e+00
    374.000    370.146     3.9538     3.9522  32.611833  32.610052    6.47175     2.1970 2.2196e+01    -0.0520     0.0000      98.73    97.5105     0.0707     160741    6.47163    0.00000    34.9150    34.9146         28 0.0000e+00
    372.000    368.168     3.9542     3.9541  32.611181  32.611142    6.47393     2.1980 2.2019e+01    -0.0521     0.0000      98.73    97.5075     0.0707     160772    6.47379    0.00000    34.9149    34.9150         41 0.0000e+00
    370.000    366.191     3.9526     3.9534  32.608576  32.609463    6.47397     2.1983 2.1963e+01    -0.0521     0.0000      98.73    97.5045     0.0707     160840    6.47378    0.00000    34.9146    34.9149         72 0.0000e+00
    368.000    364.213     3.9539     3.9540  32.608798  32.608874    6.47045     2.1979 2.2052e+01    -0.0523     0.0000      98.73    97.5082     0.0707     160884    6.47034    0.00000    34.9146    34.9146         33 0.0000e+00
    366.000    362.236     3.9577     3.9572  32.611454  32.610921    6.47328     2.1993 2.2052e+01    -0.0520     0.0000      98.73    97.5080     0.0707     160921    6.47319    0.00000    34.9148    34.9147         45 0.0000e+00
    364.000    360.258     3.9622     3.9618  32.615054  32.614797    6.47531     2.2004 2.2104e+01    -0.0523     0.0000      98.73    97.5116     0.0705     160983    6.47519    0.00000    34.9153    34.9154         76 0.0000e+00
    362.000    358.280     3.9615     3.9609  32.613300  32.612900    6.46975     2.1993 2.1894e+01    -0.0519     0.0000      98.73    97.5047     0.0701     161045    6.46941    0.00000    34.9150    34.9152         41 0.0000e+00
    360.000    356.302     3.9599     3.9605  32.610703  32.611332    6.47204     2.2004 2.2109e+01    -0.0516     0.0000      98.73    97.4980     0.0701     161079    6.47198    0.00000    34.9148    34.9149         34 0.0000e+00
    358.000    354.324     3.9678     3.9659  32.617500  32.615585    6.47344     2.2017 2.2122e+01    -0.0520     0.0000      98.73    97.4987     0.0707     161123    6.47386    0.00000    34.9156    34.9152         57 0.0000e+00
    356.000    352.347     3.9812     3.9755  32.629740  32.623930    6.47037     2.2018 2.2128e+01    -0.0525     0.0000      98.73    97.5018     0.0707     161183    6.47025    0.00000    34.9169    34.9161         53 0.0000e+00
    354.000    350.369     3.9891     3.9834  32.636494  32.631027    6.46745     2.2017 2.2103e+01    -0.0521     0.0000      98.73    97.5000     0.0707     161227    6.46679    0.00000    34.9176    34.9171         39 0.0000e+00
    352.000    348.391     3.9954     3.9921  32.641686  32.638312    6.46468     2.2017 2.2100e+01    -0.0524     0.0000      98.73    97.4833     0.0707     161266    6.46401    0.00000    34.9181    34.9176         42 0.0000e+00
    350.000    346.413     4.0058     4.0045  32.650787  32.649534    6.46301     2.2023 2.1945e+01    -0.0521     0.0000      98.73    97.4983     0.0707     161323    6.46264    0.00000    34.9190    34.9189         72 0.0000e+00
    348.000    344.435     4.0089     4.0076  32.652726  32.651782    6.46356     2.2030 2.2147e+01    -0.0519     0.0000      98.73    97.4959     0.0707     161389    6.46329    0.00000    34.9191    34.9192         49 0.0000e+00
    346.000    342.458     4.0099     4.0090  32.652911  32.651973    6.46111     2.2029 2.2114e+01    -0.0523     0.0000      98.73    97.4927     0.0707     161426    6.46089    0.00000    34.9193    34.9191         32 0.0000e+00
    344.000    340.480     4.0132     4.0124  32.655138  32.654454    6.46382     2.2041 2.2055e+01    -0.0525     0.0000      98.73    97.4838     0.0707     161462    6.46354    0.00000    34.9195    34.9195         45 0.0000e+00
    342.000    338.502     4.0147     4.0140  32.655726  32.655197    6.46290     2.2044 2.1945e+01    -0.0521     0.0000      98.73    97.4977     0.0707     161517    6.46265    0.00000    34.9196    34.9198         58 0.0000e+00
    340.000    336.524     4.0164     4.0156  32.656454  32.655642    6.46031     2.2043 2.1808e+01    -0.0521     0.0000      98.73    97.4440     0.0707     161565    6.46013    0.00000    34.9198    34.9197         41 0.0000e+00
    338.000    334.546     4.0233     4.0210  32.662374  32.659958    6.46492     2.2062 2.1927e+01    -0.0519     0.0000      98.73    97.4820     0.0707     161609    6.46465    0.00000    34.9205    34.9201         50 0.0000e+00
    336.000    332.568     4.0335     4.0306  32.671420  32.668630    6.46747     2.2078 2.1984e+01    -0.0523     0.0000      98.73    97.4971     0.0707     161665    6.46713    0.00000    34.9215    34.9213         58 0.0000e+00
    334.000    330.590     4.0378     4.0347  32.674593  32.671447    6.46622     2.2081 2.2053e+01    -0.0522     0.0000      98.73    97.4969     0.0707     161719    6.46591    0.00000    34.9217    34.9213         50 0.0000e+00
    332.000    328.612     4.0455     4.0424  32.681323  32.677984    6.46709     2.2091 2.2004e+01    -0.0519     0.0000      98.73    97.4969     0.0707     161765    6.46682    0.00000    34.9227    34.9220         42 0.0000e+00
    330.000    326.634     4.0568     4.0539  32.691647  32.688404    6.46476     2.2095 2.1894e+01    -0.0518     0.0000      98.73    97.4941     0.0707     161804    6.46449    0.00000    34.9240    34.9232         38 0.0000e+00
    328.000    324.656     4.0663     4.0632  32.700167  32.696778    6.46125     2.2095 2.1914e+01    -0.0520     0.0000      98.73    97.4850     0.0707     161844    6.46098    0.00000    34.9250    34.9243         44 0.0000e+00
    326.000    322.678     4.0794     4.0773  32.711974  32.709757    6.46340     2.2110 2.2107e+01    -0.0524     0.0000      98.73    97.4935     0.0707     161904    6.46308    0.00000    34.9262    34.9259         73 0.0000e+00
    324.000    320.700     4.0842     4.0811  32.715798  32.712954    6.45433     2.2094 2.2050e+01    -0.0520     0.0000      98.73    97.4924     0.0707     161966    6.45417    0.00000    34.9267    34.9266         46 0.0000e+00
    322.000    318.722     4.0887     4.0857  32.719397  32.716204    6.45393     2.2099 2.2171e+01    -0.0514     0.0000      98.73    97.4821     0.0707     162004    6.45377    0.00000    34.9273    34.9266         34 0.0000e+00
    320.000    316.744     4.0983     4.0967  32.727825  32.726199    6.45621     2.2114 2.1907e+01    -0.0516     0.0000      98.73    97.4897     0.0707     162042    6.45599    0.00000    34.9282    34.9279         49 0.0000e+00
    318.000    314.765     4.1028     4.1029  32.731408  32.731580    6.45589     2.2120 2.2185e+01    -0.0520     0.0000      98.73    97.4857     0.0707     162107    6.45569    0.00000    34.9287    34.9288         61 0.0000e+00
    316.000    312.787     4.1117     4.1066  32.739458  32.733783    6.44947     2.2112 2.2050e+01    -0.0514     0.0000      98.73    97.4882     0.0707     162147    6.44934    0.00000    34.9298    34.9286         31 0.0000e+00
    314.000    310.809     4.1168     4.1153  32.743201  32.741734    6.45120     2.2123 2.1999e+01    -0.0512     0.0000      98.73    97.4860     0.0707     162178    6.45106    0.00000    34.9299    34.9298         36 0.0000e+00
    312.000    308.831     4.1161     4.1163  32.741692  32.741906    6.45551     2.2138 2.1931e+01    -0.0523     0.0000      98.73    97.4891     0.0707     162248    6.45533    0.00000    34.9300    34.9300         68 0.0000e+00
    310.000    306.853     4.1229     4.1199  32.747478  32.744223    6.44753     2.2125 2.1930e+01    -0.0523     0.0000      98.73    97.4886     0.0707     162303    6.44744    0.00000    34.9307    34.9299         33 0.0000e+00
    308.000    304.875     4.1347     4.1303  32.757906  32.753520    6.44866     2.2138 2.1930e+01    -0.0521     0.0000      98.73    97.4769     0.0707     162334    6.44855    0.00000    34.9316    34.9310         33 0.0000e+00
    306.000    302.896     4.1385     4.1372  32.760676  32.759394    6.45429     2.2158 2.1985e+01    -0.0516     0.0000      98.73    97.4871     0.0707     162381    6.45411    0.00000    34.9319    34.9318         62 0.0000e+00
    304.000    300.918     4.1417     4.1381  32.762810  32.759388    6.45574     2.2168 2.2104e+01    -0.0515     0.0000      98.73    97.4784     0.0707     162437    6.45553    0.00000    34.9321    34.9319         43 0.0000e+00
    302.000    298.940     4.1474     4.1452  32.767302  32.765217    6.45402     2.2171 2.1835e+01    -0.0515     0.0000      98.73    97.4789     0.0707     162478    6.45385    0.00000    34.9324    34.9323         44 0.0000e+00
    300.000    296.962     4.1506     4.1497  32.769599  32.768783    6.45534     2.2180 2.1942e+01    -0.0516     0.0000      98.73    97.4891     0.0707     162529    6.45515    0.00000    34.9328    34.9327         53 0.0000e+00
    298.000    294.983     4.1517     4.1505  32.769757  32.768599    6.45493     2.2184 2.2092e+01    -0.0521     0.0000      98.73    97.4862     0.0707     162578    6.45478    0.00000    34.9329    34.9328         48 0.0000e+00
    296.000    293.005     4.1549     4.1542  32.771836  32.771224    6.45684     2.2195 2.2051e+01    -0.0529     0.0000      98.73    97.4755     0.0707     162631    6.45666    0.00000    34.9330    34.9330         55 0.0000e+00
    294.000    291.026     4.1594     4.1580  32.775319  32.773811    6.45152     2.2188 2.2145e+01    -0.0525     0.0000      98.73    97.4830     0.0707     162680    6.45142    0.00000    34.9334    34.9331         44 0.0000e+00
    292.000    289.048     4.1641     4.1628  32.778921  32.777783    6.44568     2.2178 2.2098e+01    -0.0519     0.0000      98.73    97.4828     0.0707     162723    6.44542    0.00000    34.9338    34.9338         43 0.0000e+00
    290.000    287.070     4.1655     4.1651  32.779405  32.779058    6.44843     2.2191 2.1899e+01    -0.0522     0.0000      98.73    97.4760     0.0707     162769    6.44826    0.00000    34.9339    34.9339         51 0.0000e+00
    288.000    285.091     4.1674     4.1665  32.780325  32.779499    6.44778     2.2194 2.2015e+01    -0.0531     0.0000      98.73    97.4821     0.0707     162822    6.44752    0.00000    34.9341    34.9341         51 0.0000e+00
    286.000    283.113     4.1686     4.1682  32.780555  32.780259    6.44373     2.2189 2.2094e+01    -0.0528     0.0000      98.73    97.4800     0.0707     162869    6.44348    0.00000    34.9342    34.9343         46 0.0000e+00
    284.000    281.134     4.1724     4.1723  32.783404  32.783287    6.44727     2.2204 2.2183e+01    -0.0520     0.0000      98.73    97.4547     0.0707     162925    6.44696    0.00000    34.9345    34.9346         62 0.0000e+00
    282.000    279.156     4.1823     4.1766  32.792313  32.786438    6.44639     2.2211 2.2048e+01    -0.0525     0.0000      98.73    97.4808     0.0707     162973    6.44607    0.00000    34.9357    34.9348         35 0.0000e+00
    280.000    277.177     4.1911     4.1883  32.799854  32.796843    6.44795     2.2223 2.1938e+01    -0.0515     0.0000      98.73    97.4778     0.0707     163005    6.44769    0.00000    34.9363    34.9357         34 0.0000e+00
    278.000    275.199     4.1932     4.1945  32.800932  32.802238    6.44821     2.2230 2.2084e+01    -0.0517     0.0000      98.73    97.4784     0.0707     163061    6.44799    0.00000    34.9365    34.9366         72 0.0000e+00
    276.000    273.221     4.1961     4.1946  32.802725  32.801292    6.44142     2.2217 2.2051e+01    -0.0520     0.0000      98.73    97.4762     0.0707     163116    6.44120    0.00000    34.9366    34.9364         37 0.0000e+00
    274.000    271.242     4.2000     4.1988  32.805616  32.804418    6.44146     2.2224 2.2052e+01    -0.0517     0.0000      98.73    97.4826     0.0707     163152    6.44125    0.00000    34.9369    34.9368         44 0.0000e+00
    272.000    269.263     4.2036     4.2030  32.808138  32.807658    6.44050     2.2227 2.1908e+01    -0.0521     0.0000      98.73    97.4729     0.0707     163207    6.44032    0.00000    34.9372    34.9372         58 0.0000e+00
    270.000    267.285     4.2086     4.2062  32.812046  32.809514    6.43334     2.2215 2.2099e+01    -0.0517     0.0000      98.73    97.4769     0.0707     163257    6.43317    0.00000    34.9376    34.9371         44 0.0000e+00
    268.000    265.306     4.2137     4.2112  32.816135  32.813694    6.43197     2.2219 2.2001e+01    -0.0525     0.0000      98.73    97.4794     0.0707     163299    6.43189    0.00000    34.9380    34.9378         40 0.0000e+00
    266.000    263.328     4.2163     4.2153  32.817790  32.816745    6.43208     2.2224 2.2014e+01    -0.0524     0.0000      98.73    97.4815     0.0707     163343    6.43186    0.00000    34.9383    34.9382         54 0.0000e+00
    264.000    261.349     4.2295     4.2250  32.829715  32.825137    6.42667     2.2220 2.2054e+01    -0.0521     0.0000      98.73    97.4709     0.0707     163406    6.42638    0.00000    34.9394    34.9388         57 0.0000e+00
    262.000    259.370     4.2414     4.2356  32.840194  32.834164    6.42807     2.2234 2.2003e+01    -0.0516     0.0000      98.73    97.4619     0.0707     163451    6.42785    0.00000    34.9403    34.9393         41 0.0000e+00
    260.000    257.392     4.2471     4.2446  32.844745  32.842187    6.42909     2.2244 2.1844e+01    -0.0523     0.0000      98.73    97.4754     0.0707     163494    6.42877    0.00000    34.9407    34.9404         47 0.0000e+00
    258.000    255.413     4.2510     4.2503  32.847531  32.846564    6.43008     2.2253 2.1994e+01    -0.0519     0.0000      98.73    97.4698     0.0707     163552    6.42990    0.00000    34.9409    34.9405         61 0.0000e+00
    256.000    253.434     4.2521     4.2504  32.847737  32.845950    6.42546     2.2245 2.2115e+01    -0.0512     0.0000      98.73    97.4635     0.0707     163598    6.42518    0.00000    34.9411    34.9408         34 0.0000e+00
    254.000    251.455     4.2556     4.2545  32.850259  32.848965    6.42269     2.2244 2.2113e+01    -0.0512     0.0000      98.73    97.4696     0.0707     163629    6.42247    0.00000    34.9414    34.9411         33 0.0000e+00
    252.000    249.477     4.2601     4.2594  32.853612  32.852923    6.42382     2.2254 2.1571e+01    -0.0522     0.0000      98.73    97.4730     0.0707     163676    6.42358    0.00000    34.9417    34.9416         63 0.0000e+00
    250.000    247.498     4.2642     4.2608  32.856493  32.853340    6.41957     2.2249 2.2068e+01    -0.0522     0.0000      98.73    97.4708     0.0707     163738    6.41943    0.00000    34.9418    34.9416         52 0.0000e+00
