Ship_data/Irminger/Irminger-2/ctd/process/OOI/uat30_012.cnv
* Sea-Bird SBE 9 Data File:
* FileName = C:\data\ctd\at30_012.hex
* Software Version Seasave V 7.21f
* Temperature SN = 2265
* Conductivity SN = 3021
* Number of Bytes Per Scan = 40
* Number of Voltage Words = 5
* Number of Scans Averaged by the Deck Unit = 1
* NMEA Latitude = 59 59.98 N
* NMEA Longitude = 039 28.96 W
* NMEA UTC (Time) = Aug 23 2015  16:50:38
** Cal/Val for HYPM-2
# nquan = 21
# nvalues = 1346                        
# units = specified
# name 0 = prDM: Pressure, Digiquartz [db]
# name 1 = depSM: Depth [salt water, m]
# name 2 = t090C: Temperature [ITS-90, deg C]
# name 3 = t190C: Temperature, 2 [ITS-90, deg C]
# name 4 = c0mS/cm: Conductivity [mS/cm]
# name 5 = c1mS/cm: Conductivity, 2 [mS/cm]
# name 6 = sbeox0ML/L: Oxygen, SBE 43 [ml/l]
# name 7 = sbeox0V: Oxygen raw, SBE 43 [V]
# name 8 = spar: SPAR/Surface Irradiance
# name 9 = flECO-AFL: Fluorescence, WET Labs ECO-AFL/FL [mg/m^3]
# name 10 = v2: Voltage 2
# name 11 = altM: Altimeter [m]
# name 12 = CStarTr0: Beam Transmission, WET Labs C-Star [%]
# name 13 = turbWETntu0: Turbidity, WET Labs ECO [NTU]
# name 14 = scan: Scan Count
# name 15 = sbeox0ML/L: Oxygen, SBE 43 [ml/l], WS = 2
# name 16 = sbeox0dOV/dT: Oxygen, SBE 43 [dov/dt], WS = 2
# name 17 = sal00: Salinity, Practical [PSU]
# name 18 = sal11: Salinity, Practical, 2 [PSU]
# name 19 = nbin: number of scans per bin
# name 20 = flag: flag
# span 0 =      2.000,   2692.000       
# span 1 =      1.981,   2649.654       
# span 2 =     1.3171,     8.4774       
# span 3 =     1.3177,     8.4771       
# span 4 =  31.231309,  36.553454       
# span 5 =  31.232766,  36.553972       
# span 6 =    6.00628,    6.70457       
# span 7 =     1.6962,     2.5075       
# span 8 = 2.0270e+02, 5.7723e+02       
# span 9 =    -0.0823,    -0.0582       
# span 10 =     0.0000,     0.0000      
# span 11 =      10.46,      98.78      
# span 12 =    93.3628,    97.7912      
# span 13 =     0.0694,     0.0708      
# span 14 =      78380,     177540      
# span 15 =    6.00618,    6.70409      
# span 16 =    0.00000,    0.00000      
# span 17 =    34.8348,    34.9433      
# span 18 =    34.8307,    34.9433      
# span 19 =         25,        131      
# span 20 = 0.0000e+00, 0.0000e+00      
# interval = decibars: 2                
# start_time = Aug 23 2015 16:50:38 [NMEA time, header]
# bad_flag = -9.990e-29
*END*
[from data line 1104]
    484.000    478.876     3.7970     3.7971  32.509804  32.509652    6.54543     2.1847 2.4988e+02    -0.0587     0.0000      98.73    97.7120     0.0707     153741    6.54524    0.00000    34.9016    34.9013         31 0.0000e+00
    482.000    476.900     3.7992     3.7984  32.510960  32.510111    6.54593     2.1854 2.4900e+02    -0.0585     0.0000      98.73    97.7058     0.0707     153773    6.54573    0.00000    34.9018    34.9016         35 0.0000e+00
    480.000    474.923     3.8006     3.7989  32.511569  32.510002    6.54619     2.1861 2.4879e+02    -0.0592     0.0000      98.73    97.7058     0.0707     153814    6.54643    0.00000    34.9020    34.9019         50 0.0000e+00
    478.000    472.947     3.8027     3.8001  32.512763  32.510072    6.54548     2.1863 2.5008e+02    -0.0599     0.0000      98.73    97.7125     0.0707     153880    6.54537    0.00000    34.9023    34.9018         75 0.0000e+00
    476.000    470.970     3.8038     3.8038  32.512864  32.512744    6.54356     2.1863 2.4999e+02    -0.0590     0.0000      98.73    97.6961     0.0707     153947    6.54347    0.00000    34.9024    34.9022         57 0.0000e+00
    474.000    468.994     3.8082     3.8078  32.516285  32.515769    6.54265     2.1866 2.4874e+02    -0.0598     0.0000      98.73    97.7128     0.0707     153998    6.54210    0.00000    34.9028    34.9025         47 0.0000e+00
    472.000    467.017     3.8109     3.8108  32.517795  32.517619    6.54298     2.1873 2.4687e+02    -0.0595     0.0000      98.73    97.7051     0.0707     154040    6.54290    0.00000    34.9027    34.9026         38 0.0000e+00
    470.000    465.040     3.8120     3.8121  32.517940  32.517985    6.53950     2.1869 2.4676e+02    -0.0604     0.0000      98.73    97.7082     0.0707     154076    6.53933    0.00000    34.9029    34.9028         34 0.0000e+00
    468.000    463.064     3.8138     3.8134  32.518876  32.518429    6.53862     2.1872 2.4716e+02    -0.0601     0.0000      98.73    97.7030     0.0707     154110    6.53856    0.00000    34.9031    34.9030         37 0.0000e+00
    466.000    461.087     3.8145     3.8136  32.518849  32.518013    6.53992     2.1880 2.4768e+02    -0.0596     0.0000      98.73    97.7068     0.0707     154165    6.53978    0.00000    34.9033    34.9033         83 0.0000e+00
    464.000    459.110     3.8179     3.8172  32.521157  32.520242    6.53714     2.1879 2.4669e+02    -0.0603     0.0000      98.73    97.7135     0.0707     154245    6.53687    0.00000    34.9036    34.9033         55 0.0000e+00
    462.000    457.134     3.8185     3.8194  32.520810  32.521426    6.53772     2.1885 2.4570e+02    -0.0607     0.0000      98.73    97.7057     0.0707     154287    6.53744    0.00000    34.9036    34.9033         37 0.0000e+00
    460.000    455.157     3.8206     3.8208  32.521753  32.521874    6.53597     2.1886 2.4456e+02    -0.0606     0.0000      98.73    97.7061     0.0707     154322    6.53571    0.00000    34.9036    34.9035         34 0.0000e+00
    458.000    453.180     3.8217     3.8215  32.522000  32.521693    6.53469     2.1887 2.4468e+02    -0.0590     0.0000      98.73    97.7062     0.0707     154355    6.53446    0.00000    34.9038    34.9036         35 0.0000e+00
    456.000    451.203     3.8217     3.8212  32.521180  32.520742    6.53609     2.1895 2.4451e+02    -0.0597     0.0000      98.73    97.7066     0.0703     154426    6.53588    0.00000    34.9038    34.9039         66 0.0000e+00
    454.000    449.226     3.8272     3.8235  32.525422  32.521467    6.52221     2.1867 2.4322e+02    -0.0591     0.0000      98.73    97.7012     0.0705     154493    6.52199    0.00000    34.9041    34.9033         34 0.0000e+00
    452.000    447.250     3.8317     3.8325  32.529106  32.529529    6.51329     2.1851 2.4294e+02    -0.0599     0.0000      98.73    97.6957     0.0707     154521    6.51314    0.00000    34.9048    34.9044         27 0.0000e+00
    450.000    445.273     3.8324     3.8334  32.528700  32.529757    6.51572     2.1861 2.4314e+02    -0.0601     0.0000      98.73    97.6943     0.0707     154548    6.51552    0.00000    34.9046    34.9048         28 0.0000e+00
    448.000    443.296     3.8270     3.8315  32.522275  32.527123    6.52218     2.1879 2.4296e+02    -0.0594     0.0000      98.73    97.6708     0.0707     154588    6.52191    0.00000    34.9038    34.9048         60 0.0000e+00
    446.000    441.319     3.8244     3.8286  32.518732  32.523157    6.52223     2.1883 2.4196e+02    -0.0591     0.0000      98.73    97.7040     0.0707     154685    6.52203    0.00000    34.9034    34.9042         79 0.0000e+00
    444.000    439.342     3.8167     3.8215  32.509575  32.515243    6.51610     2.1868 2.4123e+02    -0.0589     0.0000      98.73    97.7063     0.0707     154735    6.51598    0.00000    34.9017    34.9034         38 0.0000e+00
    442.000    437.365     3.8160     3.8152  32.507937  32.506890    6.51287     2.1863 2.4109e+02    -0.0594     0.0000      98.73    97.7062     0.0707     154770    6.51263    0.00000    34.9016    34.9012         34 0.0000e+00
    440.000    435.388     3.8227     3.8211  32.513779  32.511655    6.50865     2.1860 2.4068e+02    -0.0589     0.0000      98.73    97.6955     0.0707     154804    6.50837    0.00000    34.9025    34.9017         35 0.0000e+00
    438.000    433.411     3.8363     3.8277  32.526398  32.517511    6.50693     2.1866 2.4033e+02    -0.0587     0.0000      98.73    97.7029     0.0707     154842    6.50663    0.00000    34.9041    34.9028         42 0.0000e+00
    436.000    431.434     3.8531     3.8377  32.542170  32.526903    6.50218     2.1866 2.4007e+02    -0.0593     0.0000      98.73    97.7023     0.0707     154891    6.50191    0.00000    34.9061    34.9043         57 0.0000e+00
    434.000    429.457     3.8566     3.8400  32.545114  32.527471    6.49351     2.1851 2.4000e+02    -0.0593     0.0000      98.73    97.7070     0.0707     154964    6.49340    0.00000    34.9069    34.9036         89 0.0000e+00
    432.000    427.480     3.8709     3.8684  32.557941  32.555103    6.48306     2.1834 2.3933e+02    -0.0593     0.0000      98.73    97.7061     0.0707     155035    6.48278    0.00000    34.9081    34.9074         45 0.0000e+00
    430.000    425.503     3.8789     3.8786  32.565049  32.564371    6.47680     2.1827 2.3791e+02    -0.0600     0.0000      98.73    97.7063     0.0707     155074    6.47665    0.00000    34.9091    34.9086         40 0.0000e+00
    428.000    423.526     3.8867     3.8837  32.571879  32.568924    6.47191     2.1822 2.3838e+02    -0.0590     0.0000      98.73    97.7092     0.0707     155117    6.47181    0.00000    34.9100    34.9097         46 0.0000e+00
    426.000    421.549     3.8914     3.8884  32.575581  32.572717    6.46682     2.1815 2.3918e+02    -0.0598     0.0000      98.73    97.7094     0.0707     155169    6.46669    0.00000    34.9105    34.9103         61 0.0000e+00
    424.000    419.572     3.8935     3.8894  32.576668  32.572693    6.45778     2.1798 2.3969e+02    -0.0597     0.0000      98.73    97.6847     0.0707     155271    6.45765    0.00000    34.9106    34.9103         91 0.0000e+00
    422.000    417.595     3.8962     3.8944  32.578316  32.576257    6.45814     2.1804 2.3804e+02    -0.0592     0.0000      98.73    97.7075     0.0707     155355    6.45802    0.00000    34.9107    34.9103         42 0.0000e+00
    420.000    415.618     3.9015     3.9026  32.582483  32.583390    6.45520     2.1803 2.3906e+02    -0.0594     0.0000      98.73    97.7062     0.0707     155388    6.45500    0.00000    34.9112    34.9111         32 0.0000e+00
    418.000    413.641     3.9045     3.9044  32.584568  32.584502    6.46022     2.1822 2.4073e+02    -0.0590     0.0000      98.73    97.7046     0.0707     155469    6.46007    0.00000    34.9115    34.9115         69 0.0000e+00
    416.000    411.663     3.9048     3.9045  32.583814  32.583364    6.46100     2.1828 2.4078e+02    -0.0589     0.0000      98.73    97.7056     0.0707     155610    6.46070    0.00000    34.9114    34.9111         54 0.0000e+00
    414.000    409.686     3.9080     3.9077  32.586064  32.585711    6.46327     2.1840 2.3957e+02    -0.0597     0.0000      98.73    97.6999     0.0707     155659    6.46310    0.00000    34.9117    34.9116         59 0.0000e+00
    412.000    407.709     3.9084     3.9063  32.585550  32.583546    6.46517     2.1848 2.4142e+02    -0.0590     0.0000      98.73    97.7038     0.0707     155848    6.46443    0.00000    34.9118    34.9116        102 0.0000e+00
    410.000    405.732     3.9102     3.9094  32.586370  32.585608    6.46936     2.1865 2.4236e+02    -0.0603     0.0000      98.73    97.7048     0.0704     155987    6.46918    0.00000    34.9119    34.9118        105 0.0000e+00
    408.000    403.755     3.9114     3.9109  32.586667  32.586294    6.47052     2.1873 2.4317e+02    -0.0596     0.0000      98.73    97.7053     0.0701     156144    6.47037    0.00000    34.9120    34.9121        120 0.0000e+00
    406.000    401.778     3.9134     3.9133  32.587749  32.587557    6.47543     2.1891 2.4491e+02    -0.0597     0.0000      98.73    97.7056     0.0707     156387    6.47519    0.00000    34.9122    34.9122         87 0.0000e+00
    404.000    399.800     3.9160     3.9152  32.589360  32.588475    6.46904     2.1880 2.4630e+02    -0.0597     0.0000      98.73    97.7041     0.0707     156999    6.46875    0.00000    34.9124    34.9123         83 0.0000e+00
    402.000    397.823     3.9169     3.9167  32.589253  32.588943    6.46986     2.1887 2.4813e+02    -0.0594     0.0000      98.73    97.6979     0.0707     157450    6.46967    0.00000    34.9125    34.9124         82 0.0000e+00
    400.000    395.846     3.9192     3.9188  32.590412  32.589948    6.46562     2.1881 2.4837e+02    -0.0585     0.0000      98.73    97.7021     0.0707     157556    6.46546    0.00000    34.9125    34.9124         54 0.0000e+00
    398.000    393.868     3.9202     3.9199  32.590518  32.590103    6.46117     2.1875 2.4893e+02    -0.0598     0.0000      98.73    97.6994     0.0707     157600    6.46106    0.00000    34.9126    34.9125         40 0.0000e+00
    396.000    391.891     3.9225     3.9214  32.591789  32.590845    6.46192     2.1882 2.4893e+02    -0.0598     0.0000      98.73    97.6893     0.0707     157646    6.46185    0.00000    34.9128    34.9128         57 0.0000e+00
    394.000    389.914     3.9254     3.9237  32.593855  32.592158    6.46149     2.1887 2.4842e+02    -0.0599     0.0000      98.73    97.6991     0.0707     157707    6.46141    0.00000    34.9132    34.9130         56 0.0000e+00
    392.000    387.936     3.9275     3.9271  32.594940  32.594586    6.46297     2.1896 2.4866e+02    -0.0593     0.0000      98.73    97.6876     0.0707     157765    6.46291    0.00000    34.9134    34.9133         78 0.0000e+00
    390.000    385.959     3.9289     3.9290  32.595250  32.595297    6.45772     2.1887 2.4918e+02    -0.0594     0.0000      98.73    97.7039     0.0707     157843    6.45742    0.00000    34.9132    34.9133         51 0.0000e+00
    388.000    383.981     3.9303     3.9302  32.595896  32.595439    6.45583     2.1887 2.4888e+02    -0.0592     0.0000      98.73    97.6990     0.0707     157878    6.45558    0.00000    34.9137    34.9132         33 0.0000e+00
    386.000    382.004     3.9311     3.9308  32.595621  32.595301    6.45483     2.1889 2.4823e+02    -0.0592     0.0000      98.73    97.6969     0.0707     157911    6.45460    0.00000    34.9135    34.9134         33 0.0000e+00
    384.000    380.026     3.9309     3.9308  32.594542  32.594544    6.45622     2.1897 2.4833e+02    -0.0589     0.0000      98.73    97.6934     0.0707     157947    6.45597    0.00000    34.9135    34.9137         41 0.0000e+00
    382.000    378.049     3.9295     3.9302  32.592271  32.593110    6.45803     2.1905 2.4921e+02    -0.0595     0.0000      98.73    97.6920     0.0707     157999    6.45777    0.00000    34.9134    34.9136         64 0.0000e+00
    380.000    376.072     3.9288     3.9295  32.590569  32.591350    6.46044     2.1915 2.4882e+02    -0.0593     0.0000      98.73    97.6984     0.0707     158066    6.46018    0.00000    34.9132    34.9134         63 0.0000e+00
    378.000    374.094     3.9278     3.9286  32.588588  32.589509    6.45885     2.1915 2.4848e+02    -0.0598     0.0000      98.73    97.6946     0.0707     158118    6.45865    0.00000    34.9130    34.9131         44 0.0000e+00
    376.000    372.116     3.9271     3.9274  32.586932  32.587444    6.45898     2.1920 2.4911e+02    -0.0593     0.0000      98.73    97.6955     0.0707     158163    6.45879    0.00000    34.9128    34.9131         48 0.0000e+00
    374.000    370.139     3.9275     3.9274  32.586457  32.586304    6.45927     2.1924 2.4925e+02    -0.0599     0.0000      98.73    97.6919     0.0707     158209    6.45867    0.00000    34.9129    34.9128         42 0.0000e+00
    372.000    368.161     3.9295     3.9290  32.587533  32.586749    6.45681     2.1924 2.4947e+02    -0.0602     0.0000      98.73    97.6934     0.0707     158246    6.45668    0.00000    34.9131    34.9127         34 0.0000e+00
    370.000    366.184     3.9317     3.9311  32.588587  32.587904    6.45433     2.1924 2.4937e+02    -0.0595     0.0000      98.73    97.6863     0.0707     158280    6.45458    0.00000    34.9131    34.9129         36 0.0000e+00
    368.000    364.206     3.9324     3.9320  32.588604  32.588197    6.45793     2.1937 2.4899e+02    -0.0601     0.0000      98.73    97.6594     0.0707     158338    6.45783    0.00000    34.9134    34.9134         86 0.0000e+00
    366.000    362.229     3.9354     3.9341  32.590463  32.588989    6.46413     2.1961 2.5009e+02    -0.0591     0.0000      98.73    97.6492     0.0707     158426    6.46471    0.00000    34.9136    34.9132         53 0.0000e+00
    364.000    360.251     3.9389     3.9376  32.592960  32.591275    6.46225     2.1960 2.5023e+02    -0.0596     0.0000      98.73    97.6867     0.0707     158462    6.46222    0.00000    34.9138    34.9133         33 0.0000e+00
    362.000    358.273     3.9409     3.9398  32.594108  32.592743    6.46090     2.1962 2.4996e+02    -0.0603     0.0000      98.73    97.6815     0.0707     158494    6.46107    0.00000    34.9142    34.9137         32 0.0000e+00
    360.000    356.296     3.9437     3.9418  32.595858  32.593893    6.46399     2.1975 2.4947e+02    -0.0585     0.0000      98.73    97.6499     0.0707     158527    6.46377    0.00000    34.9143    34.9140         34 0.0000e+00
    358.000    354.318     3.9465     3.9445  32.597658  32.595727    6.46847     2.1992 2.4890e+02    -0.0600     0.0000      98.73    97.6744     0.0707     158567    6.46815    0.00000    34.9146    34.9144         47 0.0000e+00
    356.000    352.340     3.9512     3.9482  32.601446  32.598509    6.46568     2.1991 2.4993e+02    -0.0593     0.0000      98.73    97.6893     0.0707     158626    6.46543    0.00000    34.9151    34.9148         74 0.0000e+00
    354.000    350.362     3.9630     3.9554  32.611932  32.604565    6.46882     2.2009 2.4971e+02    -0.0592     0.0000      98.73    97.6895     0.0707     158706    6.46851    0.00000    34.9161    34.9155         70 0.0000e+00
    352.000    348.385     3.9720     3.9643  32.619617  32.611428    6.46447     2.2007 2.4882e+02    -0.0595     0.0000      98.73    97.6824     0.0707     158756    6.46422    0.00000    34.9167    34.9153         38 0.0000e+00
    350.000    346.407     3.9814     3.9772  32.627884  32.623401    6.45786     2.1999 2.4872e+02    -0.0588     0.0000      98.73    97.6673     0.0707     158788    6.45770    0.00000    34.9177    34.9169         28 0.0000e+00
