Ship_data/Irminger/Irminger-2/ctd/process/OOI/uat30_009.cnv
* Sea-Bird SBE 9 Data File:
* FileName = C:\data\ctd\at30_009.hex
* Software Version Seasave V 7.21f
* Temperature SN = 2265
* Conductivity SN = 3021
* Number of Bytes Per Scan = 40
* Number of Voltage Words = 5
* Number of Scans Averaged by the Deck Unit = 1
* NMEA Latitude = 59 42.40 N
* NMEA Longitude = 039 19.92 W
* NMEA UTC (Time) = Aug 19 2015  15:06:00
** FLMB 1 for cal
# nquan = 21
# nvalues = 1427                        
# units = specified
# name 0 = prDM: Pressure, Digiquartz [db]
# name 1 = depSM: Depth [salt water, m]
# name 2 = t090C: Temperature [ITS-90, deg C]
# name 3 = t190C: Temperature, 2 [ITS-90, deg C]
# name 4 = c0mS/cm: Conductivity [mS/cm]
# name 5 = c1mS/cm: Conductivity, 2 [mS/cm]
# name 6 = sbeox0ML/L: Oxygen, SBE 43 [ml/l]
# name 7 = sbeox0V: Oxygen raw, SBE 43 [V]
# name 8 = spar: SPAR/Surface Irradiance
# name 9 = flECO-AFL: Fluorescence, WET Labs ECO-AFL/FL [mg/m^3]
# name 10 = v2: Voltage 2
# name 11 = altM: Altimeter [m]
# name 12 = CStarTr0: Beam Transmission, WET Labs C-Star [%]
# name 13 = turbWETntu0: Turbidity, WET Labs ECO [NTU]
# name 14 = scan: Scan Count
# name 15 = sbeox0ML/L: Oxygen, SBE 43 [ml/l], WS = 2
# name 16 = sbeox0dOV/dT: Oxygen, SBE 43 [dov/dt], WS = 2
# name 17 = sal00: Salinity, Practical [PSU]
# name 18 = sal11: Salinity, Practical, 2 [PSU]
# name 19 = nbin: number of scans per bin
# name 20 = flag: flag
# span 0 =      2.000,   2854.000       
# span 1 =      1.981,   2808.119       
# span 2 =     1.5439,     8.3154       
# span 3 =     1.5445,     8.3160       
# span 4 =  31.498941,  36.365458       
# span 5 =  31.498952,  36.365679       
# span 6 =    5.99556,    6.66004       
# span 7 =     1.6702,     2.5212       
# span 8 = 2.5073e+02, 3.8382e+02       
# span 9 =    -0.0213,    -0.0179       
# span 10 =     0.0000,     0.0000      
# span 11 =      16.56,     100.45      
# span 12 =    92.7624,    97.6017      
# span 13 =     0.0731,     0.0731      
# span 14 =      80273,     191069      
# span 15 =    5.99521,    6.65972      
# span 16 =    0.00000,    0.00000      
# span 17 =    34.8422,    34.9409      
# span 18 =    34.8407,    34.9411      
# span 19 =         25,        123      
# span 20 = 0.0000e+00, 0.0000e+00      
# interval = decibars: 2                
# start_time = Aug 19 2015 15:06:00 [NMEA time, header]
# bad_flag = -9.990e-29
*END*
[from data line 1035]
    784.000    775.161     3.6399     3.6394  32.490436  32.489926    6.62102     2.1325 2.8532e+02    -0.0201     0.0000      98.77    97.5100     0.0731     151288    6.62079    0.00000    34.8871    34.8870         51 0.0000e+00
    782.000    773.187     3.6399     3.6401  32.489645  32.489901    6.62093     2.1329 2.8568e+02    -0.0198     0.0000      98.78    97.5162     0.0731     151387    6.62076    0.00000    34.8872    34.8873         70 0.0000e+00
    780.000    771.213     3.6400     3.6403  32.488800  32.489126    6.62372     2.1340 2.8646e+02    -0.0196     0.0000      89.20    97.5201     0.0731     151475    6.62354    0.00000    34.8872    34.8873         60 0.0000e+00
    778.000    769.239     3.6399     3.6404  32.487876  32.488392    6.63390     2.1369 2.8761e+02    -0.0191     0.0000      97.63    97.5174     0.0731     151652    6.63371    0.00000    34.8872    34.8872         99 0.0000e+00
    776.000    767.266     3.6419     3.6422  32.488985  32.489320    6.63347     2.1372 2.8819e+02    -0.0202     0.0000      98.65    97.5055     0.0731     151825    6.63276    0.00000    34.8874    34.8875         98 0.0000e+00
    774.000    765.292     3.6429     3.6431  32.489007  32.489302    6.63327     2.1378 2.8593e+02    -0.0196     0.0000      98.78    97.5070     0.0731     152023    6.63358    0.00000    34.8875    34.8876         98 0.0000e+00
    772.000    763.318     3.6430     3.6434  32.488403  32.488839    6.63269     2.1380 2.8336e+02    -0.0194     0.0000      98.78    97.5136     0.0731     152233    6.63244    0.00000    34.8877    34.8877         88 0.0000e+00
    770.000    761.344     3.6422     3.6427  32.486646  32.487154    6.63438     2.1387 2.7876e+02    -0.0196     0.0000      98.78    97.5094     0.0731     152932    6.63393    0.00000    34.8874    34.8876        123 0.0000e+00
    768.000    759.370     3.6405     3.6410  32.483970  32.484571    6.63641     2.1396 2.7640e+02    -0.0200     0.0000      98.78    97.5130     0.0731     153970    6.63611    0.00000    34.8872    34.8873         76 0.0000e+00
    766.000    757.396     3.6390     3.6396  32.481540  32.482365    6.63333     2.1392 2.7641e+02    -0.0196     0.0000      98.78    97.5058     0.0731     154052    6.63322    0.00000    34.8869    34.8872         68 0.0000e+00
    764.000    755.422     3.6366     3.6377  32.478286  32.479541    6.63670     2.1404 2.7602e+02    -0.0198     0.0000      98.78    97.4958     0.0731     154136    6.63658    0.00000    34.8866    34.8869         73 0.0000e+00
    762.000    753.448     3.6362     3.6367  32.476808  32.477412    6.64078     2.1418 2.7477e+02    -0.0199     0.0000      98.78    97.5057     0.0731     154231    6.64060    0.00000    34.8863    34.8865         51 0.0000e+00
    760.000    751.475     3.6360     3.6365  32.475836  32.476332    6.63787     2.1415 2.7505e+02    -0.0196     0.0000      98.78    97.4937     0.0731     154272    6.63778    0.00000    34.8864    34.8865         44 0.0000e+00
    758.000    749.501     3.6359     3.6363  32.474999  32.475414    6.63624     2.1415 2.7471e+02    -0.0195     0.0000      98.78    97.5058     0.0731     154352    6.63617    0.00000    34.8865    34.8866         80 0.0000e+00
    756.000    747.527     3.6365     3.6367  32.474649  32.474776    6.63445     2.1415 2.7338e+02    -0.0191     0.0000      98.78    97.5081     0.0731     154421    6.63441    0.00000    34.8865    34.8865         42 0.0000e+00
    754.000    745.552     3.6367     3.6371  32.474061  32.474514    6.63677     2.1425 2.7458e+02    -0.0196     0.0000      98.78    97.5035     0.0731     154466    6.63668    0.00000    34.8866    34.8868         64 0.0000e+00
    752.000    743.578     3.6369     3.6371  32.473395  32.473568    6.64075     2.1439 2.7456e+02    -0.0190     0.0000      98.78    97.4764     0.0731     154544    6.64067    0.00000    34.8867    34.8868         62 0.0000e+00
    750.000    741.604     3.6370     3.6374  32.472530  32.472832    6.63897     2.1439 2.7408e+02    -0.0200     0.0000      98.78    97.4921     0.0731     154588    6.63886    0.00000    34.8866    34.8866         43 0.0000e+00
    748.000    739.630     3.6371     3.6375  32.471783  32.472105    6.63868     2.1443 2.7463e+02    -0.0195     0.0000      98.78    97.4991     0.0731     154630    6.63867    0.00000    34.8867    34.8867         43 0.0000e+00
    746.000    737.656     3.6372     3.6374  32.470950  32.471296    6.63884     2.1447 2.7484e+02    -0.0195     0.0000      98.78    97.5107     0.0731     154677    6.63876    0.00000    34.8866    34.8869         50 0.0000e+00
    744.000    735.682     3.6382     3.6376  32.471098  32.470624    6.64021     2.1454 2.7420e+02    -0.0187     0.0000      98.78    97.5088     0.0731     154731    6.63961    0.00000    34.8868    34.8869         58 0.0000e+00
    742.000    733.708     3.6401     3.6391  32.472200  32.471207    6.63843     2.1453 2.7456e+02    -0.0198     0.0000      98.78    97.5147     0.0731     154786    6.63711    0.00000    34.8871    34.8870         48 0.0000e+00
    740.000    731.734     3.6437     3.6430  32.475007  32.474129    6.63574     2.1455 2.7450e+02    -0.0196     0.0000      98.78    97.5129     0.0731     154829    6.63545    0.00000    34.8877    34.8874         42 0.0000e+00
    738.000    729.760     3.6446     3.6440  32.474943  32.474506    6.63675     2.1462 2.7460e+02    -0.0194     0.0000      98.78    97.5070     0.0731     154873    6.63667    0.00000    34.8877    34.8878         44 0.0000e+00
    736.000    727.786     3.6445     3.6444  32.473867  32.474057    6.63593     2.1464 2.7486e+02    -0.0188     0.0000      98.78    97.5109     0.0731     154917    6.63580    0.00000    34.8877    34.8879         46 0.0000e+00
    734.000    725.811     3.6440     3.6444  32.472632  32.473210    6.63496     2.1465 2.7448e+02    -0.0195     0.0000      98.78    97.5124     0.0731     154968    6.63439    0.00000    34.8877    34.8879         53 0.0000e+00
    732.000    723.837     3.6438     3.6443  32.471486  32.472052    6.63136     2.1461 2.7412e+02    -0.0190     0.0000      98.78    97.5153     0.0731     155014    6.63103    0.00000    34.8876    34.8877         39 0.0000e+00
    730.000    721.863     3.6440     3.6443  32.470859  32.471212    6.62923     2.1460 2.7457e+02    -0.0192     0.0000      98.78    97.4998     0.0731     155053    6.62906    0.00000    34.8877    34.8878         47 0.0000e+00
    728.000    719.888     3.6439     3.6443  32.470002  32.470421    6.63058     2.1466 2.7404e+02    -0.0198     0.0000      98.78    97.5129     0.0731     155122    6.62982    0.00000    34.8878    34.8879         68 0.0000e+00
    726.000    717.915     3.6443     3.6448  32.469424  32.469759    6.62687     2.1465 2.7335e+02    -0.0198     0.0000      98.78    97.5095     0.0731     155163    6.62747    0.00000    34.8878    34.8877         31 0.0000e+00
    724.000    715.940     3.6447     3.6449  32.468865  32.469164    6.62631     2.1467 2.7352e+02    -0.0196     0.0000      98.78    97.5016     0.0731     155195    6.62627    0.00000    34.8878    34.8878         36 0.0000e+00
    722.000    713.966     3.6444     3.6448  32.467760  32.468305    6.62866     2.1476 2.7430e+02    -0.0196     0.0000      98.78    97.4994     0.0731     155251    6.62855    0.00000    34.8878    34.8880         68 0.0000e+00
    720.000    711.991     3.6444     3.6450  32.466770  32.467319    6.62745     2.1478 2.7332e+02    -0.0203     0.0000      98.78    97.5088     0.0731     155303    6.62739    0.00000    34.8877    34.8877         41 0.0000e+00
    718.000    710.017     3.6428     3.6440  32.464256  32.465545    6.62829     2.1483 2.7315e+02    -0.0200     0.0000      98.78    97.5030     0.0731     155343    6.62822    0.00000    34.8874    34.8877         39 0.0000e+00
    716.000    708.043     3.6411     3.6422  32.461689  32.462971    6.63062     2.1491 2.7427e+02    -0.0199     0.0000      98.78    97.5043     0.0731     155385    6.63027    0.00000    34.8872    34.8875         48 0.0000e+00
    714.000    706.068     3.6412     3.6417  32.461004  32.461640    6.63199     2.1501 2.7379e+02    -0.0200     0.0000      98.78    97.4944     0.0731     155444    6.63245    0.00000    34.8873    34.8875         66 0.0000e+00
    712.000    704.094     3.6433     3.6430  32.462105  32.461684    6.63059     2.1502 2.7334e+02    -0.0196     0.0000      98.78    97.5113     0.0731     155499    6.63057    0.00000    34.8875    34.8873         42 0.0000e+00
    710.000    702.119     3.6465     3.6468  32.464435  32.464633    6.63234     2.1512 2.7419e+02    -0.0199     0.0000      98.78    97.5056     0.0731     155536    6.63221    0.00000    34.8879    34.8878         37 0.0000e+00
    708.000    700.145     3.6467     3.6469  32.463806  32.464193    6.63123     2.1513 2.7407e+02    -0.0196     0.0000      98.78    97.5049     0.0731     155579    6.63113    0.00000    34.8880    34.8882         49 0.0000e+00
    706.000    698.170     3.6465     3.6467  32.462772  32.463043    6.62930     2.1513 2.7381e+02    -0.0192     0.0000      98.78    97.5173     0.0731     155628    6.62922    0.00000    34.8880    34.8881         46 0.0000e+00
    704.000    696.196     3.6461     3.6466  32.461433  32.462009    6.62807     2.1514 2.7374e+02    -0.0197     0.0000      98.78    97.4976     0.0731     155676    6.62804    0.00000    34.8878    34.8881         53 0.0000e+00
    702.000    694.221     3.6449     3.6460  32.459271  32.460565    6.63083     2.1524 2.7345e+02    -0.0196     0.0000      98.78    97.5082     0.0731     155729    6.63077    0.00000    34.8876    34.8880         49 0.0000e+00
    700.000    692.247     3.6422     3.6436  32.455436  32.457093    6.63005     2.1525 2.7316e+02    -0.0190     0.0000      84.71    97.5178     0.0731     155772    6.62998    0.00000    34.8870    34.8875         38 0.0000e+00
    698.000    690.273     3.6414     3.6421  32.453879  32.454691    6.62841     2.1525 2.7356e+02    -0.0192     0.0000      98.65    97.5145     0.0731     155810    6.62838    0.00000    34.8870    34.8873         39 0.0000e+00
    696.000    688.298     3.6410     3.6415  32.452844  32.453325    6.63298     2.1540 2.7327e+02    -0.0190     0.0000      98.78    97.4659     0.0731     155866    6.63289    0.00000    34.8872    34.8874         77 0.0000e+00
    694.000    686.323     3.6417     3.6417  32.452403  32.452513    6.63379     2.1547 2.7239e+02    -0.0189     0.0000      98.78    97.5106     0.0731     155930    6.63365    0.00000    34.8871    34.8872         40 0.0000e+00
    692.000    684.349     3.6429     3.6433  32.452813  32.453130    6.62781     2.1536 2.7298e+02    -0.0194     0.0000      98.78    97.5097     0.0731     155962    6.62749    0.00000    34.8873    34.8873         30 0.0000e+00
    690.000    682.374     3.6433     3.6434  32.452373  32.452541    6.63239     2.1553 2.7317e+02    -0.0191     0.0000      98.78    97.5056     0.0731     155993    6.63229    0.00000    34.8874    34.8875         37 0.0000e+00
    688.000    680.400     3.6436     3.6436  32.451845  32.452059    6.63617     2.1566 2.7289e+02    -0.0194     0.0000      98.78    97.5062     0.0731     156046    6.63606    0.00000    34.8876    34.8878         64 0.0000e+00
    686.000    678.425     3.6436     3.6438  32.450942  32.451232    6.63256     2.1562 2.7205e+02    -0.0194     0.0000      98.78    97.5065     0.0731     156108    6.63254    0.00000    34.8875    34.8876         57 0.0000e+00
    684.000    676.450     3.6436     3.6441  32.450123  32.450415    6.62741     2.1553 2.7128e+02    -0.0196     0.0000      98.78    97.5143     0.0731     156154    6.62717    0.00000    34.8876    34.8874         36 0.0000e+00
    682.000    674.476     3.6430     3.6436  32.448485  32.449133    6.62633     2.1554 2.7149e+02    -0.0192     0.0000      98.78    97.5165     0.0731     156187    6.62609    0.00000    34.8874    34.8875         35 0.0000e+00
    680.000    672.501     3.6428     3.6433  32.447522  32.448129    6.63331     2.1576 2.7091e+02    -0.0199     0.0000      98.78    97.5111     0.0731     156270    6.63316    0.00000    34.8874    34.8877         55 0.0000e+00
    678.000    670.526     3.6427     3.6434  32.446437  32.447052    6.62926     2.1570 2.6986e+02    -0.0202     0.0000      98.78    97.5079     0.0731     156322    6.62899    0.00000    34.8873    34.8873         26 0.0000e+00
    676.000    668.551     3.6435     3.6438  32.446373  32.446524    6.62809     2.1571 2.7016e+02    -0.0194     0.0000      98.78    97.5065     0.0731     156348    6.62785    0.00000    34.8875    34.8873         26 0.0000e+00
    674.000    666.576     3.6436     3.6438  32.445687  32.445966    6.63343     2.1589 2.7021e+02    -0.0202     0.0000      98.78    97.5143     0.0731     156400    6.63329    0.00000    34.8876    34.8877         57 0.0000e+00
    672.000    664.602     3.6438     3.6437  32.444864  32.444827    6.63066     2.1586 2.6792e+02    -0.0196     0.0000      98.78    97.5098     0.0731     156472    6.63039    0.00000    34.8874    34.8874         42 0.0000e+00
    670.000    662.627     3.6442     3.6444  32.444446  32.444715    6.63162     2.1593 2.6732e+02    -0.0194     0.0000      98.78    97.5114     0.0731     156510    6.63135    0.00000    34.8876    34.8877         42 0.0000e+00
    668.000    660.652     3.6442     3.6444  32.443721  32.444059    6.63238     2.1599 2.6759e+02    -0.0203     0.0000      98.78    97.5084     0.0731     156569    6.63217    0.00000    34.8878    34.8879         71 0.0000e+00
    666.000    658.677     3.6445     3.6449  32.443068  32.443400    6.63056     2.1599 2.6660e+02    -0.0190     0.0000      98.78    97.5182     0.0731     156625    6.63035    0.00000    34.8877    34.8876         39 0.0000e+00
    664.000    656.702     3.6458     3.6460  32.443428  32.443597    6.63194     2.1608 2.6613e+02    -0.0202     0.0000      98.78    97.5085     0.0731     156660    6.63171    0.00000    34.8878    34.8878         36 0.0000e+00
    662.000    654.728     3.6461     3.6462  32.442814  32.443137    6.63461     2.1618 2.6632e+02    -0.0189     0.0000      98.78    97.5132     0.0731     156700    6.63431    0.00000    34.8878    34.8881         46 0.0000e+00
    660.000    652.753     3.6457     3.6460  32.441542  32.442061    6.63462     2.1623 2.6653e+02    -0.0201     0.0000      98.78    97.5154     0.0731     156753    6.63436    0.00000    34.8878    34.8881         57 0.0000e+00
    658.000    650.778     3.6454     3.6458  32.440461  32.441002    6.63283     2.1622 2.6506e+02    -0.0203     0.0000      98.78    97.5224     0.0731     156809    6.63262    0.00000    34.8878    34.8880         54 0.0000e+00
    656.000    648.803     3.6441     3.6453  32.438220  32.439501    6.63211     2.1624 2.6452e+02    -0.0204     0.0000      98.78    97.5231     0.0731     156859    6.63193    0.00000    34.8876    34.8879         44 0.0000e+00
    654.000    646.828     3.6429     3.6435  32.436008  32.436820    6.63002     2.1623 2.6498e+02    -0.0202     0.0000      98.78    97.5217     0.0731     156903    6.62990    0.00000    34.8873    34.8876         52 0.0000e+00
    652.000    644.853     3.6423     3.6428  32.434589  32.435243    6.63204     2.1632 2.6427e+02    -0.0200     0.0000      98.78    97.5039     0.0731     156966    6.63189    0.00000    34.8873    34.8875         60 0.0000e+00
    650.000    642.878     3.6428     3.6430  32.434097  32.434496    6.63067     2.1633 2.6383e+02    -0.0205     0.0000      98.78    97.5155     0.0731     157013    6.63056    0.00000    34.8873    34.8875         41 0.0000e+00
