Ship_data/Irminger/Irminger-2/ctd/process/OOI/uat30_013.cnv
* Sea-Bird SBE 9 Data File:
* FileName = C:\data\ctd\at30_013.hex
* Software Version Seasave V 7.21f
* Temperature SN = 2265
* Conductivity SN = 3021
* Number of Bytes Per Scan = 40
* Number of Voltage Words = 5
* Number of Scans Averaged by the Deck Unit = 1
* NMEA Latitude = 59 53.87 N
* NMEA Longitude = 039 34.33 W
* NMEA UTC (Time) = Aug 23 2015  21:20:25
** cal / val for SUMO 2
# nquan = 21
# nvalues = 759                         
# units = specified
# name 0 = prDM: Pressure, Digiquartz [db]
# name 1 = depSM: Depth [salt water, m]
# name 2 = t090C: Temperature [ITS-90, deg C]
# name 3 = t190C: Temperature, 2 [ITS-90, deg C]
# name 4 = c0mS/cm: Conductivity [mS/cm]
# name 5 = c1mS/cm: Conductivity, 2 [mS/cm]
# name 6 = sbeox0ML/L: Oxygen, SBE 43 [ml/l]
# name 7 = sbeox0V: Oxygen raw, SBE 43 [V]
# name 8 = spar: SPAR/Surface Irradiance
# name 9 = flECO-AFL: Fluorescence, WET Labs ECO-AFL/FL [mg/m^3]
# name 10 = v2: Voltage 2
# name 11 = altM: Altimeter [m]
# name 12 = CStarTr0: Beam Transmission, WET Labs C-Star [%]
# name 13 = turbWETntu0: Turbidity, WET Labs ECO [NTU]
# name 14 = scan: Scan Count
# name 15 = sbeox0ML/L: Oxygen, SBE 43 [ml/l], WS = 2
# name 16 = sbeox0dOV/dT: Oxygen, SBE 43 [dov/dt], WS = 2
# name 17 = sal00: Salinity, Practical [PSU]
# name 18 = sal11: Salinity, Practical, 2 [PSU]
# name 19 = nbin: number of scans per bin
# name 20 = flag: flag
# span 0 =      4.000,   1520.000       
# span 1 =      3.962,   1500.211       
# span 2 =     3.4812,     8.4270       
# span 3 =     3.4821,     8.4269       
# span 4 =  32.479080,  36.509089       
# span 5 =  32.478967,  36.507843       
# span 6 =    5.99380,    6.68451       
# span 7 =     1.8586,     2.5187       
# span 8 = 2.2200e+01, 3.0488e+01       
# span 9 =    -0.0565,    -0.0494       
# span 10 =     0.0000,     0.0000      
# span 11 =      83.22,      99.34      
# span 12 =    93.4126,    97.7997      
# span 13 =     0.0666,     0.0682      
# span 14 =      48973,     111666      
# span 15 =    5.99416,    6.68406      
# span 16 =    0.00000,    0.00000      
# span 17 =    34.8508,    35.0253      
# span 18 =    34.8541,    35.0247      
# span 19 =         26,        134      
# span 20 = 0.0000e+00, 0.0000e+00      
# interval = decibars: 2                
# start_time = Aug 23 2015 21:20:25 [NMEA time, header]
# bad_flag = -9.990e-29
*END*
[from data line 621]
    278.000    275.196     4.2336     4.2320  32.837548  32.835751    6.40240     2.2127 2.4006e+01    -0.0521     0.0000      98.73    97.6685     0.0674      83395    6.40216    0.00000    34.9369    34.9364         41 0.0000e+00
    276.000    273.217     4.2375     4.2360  32.840426  32.838692    6.40112     2.2130 2.4008e+01    -0.0512     0.0000      98.73    97.6687     0.0677      83436    6.40088    0.00000    34.9372    34.9368         42 0.0000e+00
    274.000    271.239     4.2421     4.2404  32.843985  32.842182    6.40268     2.2140 2.4021e+01    -0.0511     0.0000      98.73    97.6715     0.0675      83484    6.40240    0.00000    34.9376    34.9372         58 0.0000e+00
    272.000    269.260     4.2563     4.2462  32.856811  32.846684    6.40065     2.2146 2.4058e+01    -0.0524     0.0000      98.73    97.6696     0.0675      83546    6.40035    0.00000    34.9387    34.9375         54 0.0000e+00
    270.000    267.282     4.2670     4.2638  32.866392  32.862096    6.39612     2.2144 2.4001e+01    -0.0516     0.0000      98.73    97.6666     0.0678      83589    6.39587    0.00000    34.9398    34.9381         37 0.0000e+00
    268.000    265.303     4.2821     4.2778  32.880295  32.875436    6.39793     2.2160 2.4245e+01    -0.0512     0.0000      98.73    97.6582     0.0676      83626    6.39759    0.00000    34.9412    34.9401         41 0.0000e+00
    266.000    263.324     4.2898     4.2832  32.887004  32.880419    6.39782     2.2167 2.4026e+01    -0.0518     0.0000      98.73    97.6605     0.0673      83688    6.39756    0.00000    34.9421    34.9414         89 0.0000e+00
    264.000    261.346     4.2949     4.2903  32.890762  32.885565    6.39809     2.2175 2.4092e+01    -0.0519     0.0000      98.73    97.6609     0.0673      83776    6.39771    0.00000    34.9422    34.9409         67 0.0000e+00
    262.000    259.367     4.3018     4.3008  32.896325  32.894985    6.39770     2.2181 2.4094e+01    -0.0516     0.0000      98.73    97.6624     0.0674      83829    6.39749    0.00000    34.9426    34.9420         53 0.0000e+00
    260.000    257.389     4.3125     4.3091  32.905307  32.902386    6.39348     2.2179 2.4079e+01    -0.0511     0.0000      98.73    97.6617     0.0674      83898    6.39320    0.00000    34.9429    34.9430         89 0.0000e+00
    258.000    255.410     4.3210     4.3126  32.912444  32.904272    6.40009     2.2205 2.4147e+01    -0.0516     0.0000      98.73    97.6582     0.0675      84075    6.39975    0.00000    34.9433    34.9426        104 0.0000e+00
    256.000    253.431     4.3296     4.3269  32.919596  32.916813    6.39835     2.2209 2.4118e+01    -0.0516     0.0000      98.73    97.6611     0.0673      84343    6.39812    0.00000    34.9437    34.9433         72 0.0000e+00
    254.000    251.453     4.3339     4.3316  32.922679  32.920439    6.39880     2.2217 2.4081e+01    -0.0519     0.0000      98.73    97.6596     0.0673      84591    6.39867    0.00000    34.9439    34.9437         79 0.0000e+00
    252.000    249.474     4.3418     4.3408  32.929497  32.928341    6.39831     2.2224 2.4340e+01    -0.0518     0.0000      98.73    97.6493     0.0673      85165    6.39820    0.00000    34.9447    34.9443         74 0.0000e+00
    250.000    247.495     4.3534     4.3512  32.940013  32.937539    6.39168     2.2216 2.4599e+01    -0.0516     0.0000      98.73    97.6557     0.0675      86215    6.39141    0.00000    34.9458    34.9452         85 0.0000e+00
    248.000    245.516     4.3655     4.3623  32.950863  32.947397    6.39494     2.2234 2.4398e+01    -0.0511     0.0000      98.73    97.6456     0.0672      86291    6.39462    0.00000    34.9469    34.9462         69 0.0000e+00
    246.000    243.538     4.3661     4.3650  32.950415  32.949136    6.38961     2.2225 2.4458e+01    -0.0515     0.0000      98.73    97.6459     0.0677      86348    6.38934    0.00000    34.9467    34.9463         45 0.0000e+00
    244.000    241.559     4.3700     4.3690  32.953365  32.952290    6.39131     2.2235 2.4534e+01    -0.0518     0.0000      98.73    97.6471     0.0676      86391    6.39100    0.00000    34.9472    34.9469         50 0.0000e+00
    242.000    239.580     4.3686     4.3697  32.951239  32.952149    6.39040     2.2237 2.4566e+01    -0.0515     0.0000      98.73    97.6497     0.0675      86463    6.39014    0.00000    34.9472    34.9471         79 0.0000e+00
    240.000    237.601     4.3717     4.3712  32.953274  32.952391    6.38357     2.2225 2.4692e+01    -0.0508     0.0000      98.73    97.6446     0.0673      86518    6.38340    0.00000    34.9474    34.9469         38 0.0000e+00
    238.000    235.622     4.3743     4.3739  32.954896  32.954184    6.38283     2.2228 2.4517e+01    -0.0518     0.0000      98.73    97.6350     0.0674      86552    6.38267    0.00000    34.9476    34.9472         35 0.0000e+00
    236.000    233.643     4.3752     4.3749  32.955036  32.954598    6.38773     2.2246 2.4458e+01    -0.0514     0.0000      98.73    97.6393     0.0675      86600    6.38748    0.00000    34.9478    34.9477         71 0.0000e+00
    234.000    231.664     4.3763     4.3767  32.955118  32.955358    6.38686     2.2249 2.4638e+01    -0.0516     0.0000      98.73    97.6470     0.0675      86682    6.38663    0.00000    34.9479    34.9477         61 0.0000e+00
    232.000    229.685     4.3796     4.3785  32.957520  32.955900    6.38490     2.2250 2.4646e+01    -0.0514     0.0000      98.73    97.6490     0.0675      86721    6.38469    0.00000    34.9483    34.9476         34 0.0000e+00
    230.000    227.706     4.3928     4.3894  32.969766  32.965875    6.38575     2.2262 2.4422e+01    -0.0516     0.0000      98.73    97.6382     0.0670      86756    6.38548    0.00000    34.9498    34.9488         39 0.0000e+00
    228.000    225.728     4.3985     4.3965  32.974282  32.972337    6.38542     2.2268 2.4598e+01    -0.0514     0.0000      98.73    97.6462     0.0672      86808    6.38515    0.00000    34.9502    34.9500         72 0.0000e+00
    226.000    223.749     4.4110     4.4031  32.985513  32.977404    6.38207     2.2270 2.4646e+01    -0.0516     0.0000      98.73    97.6430     0.0673      86882    6.38180    0.00000    34.9513    34.9500         58 0.0000e+00
    224.000    221.770     4.4178     4.4144  32.991223  32.987457    6.38017     2.2272 2.4693e+01    -0.0515     0.0000      98.73    97.6433     0.0669      86928    6.37990    0.00000    34.9518    34.9510         44 0.0000e+00
    222.000    219.791     4.4213     4.4195  32.993336  32.991479    6.38019     2.2278 2.4515e+01    -0.0520     0.0000      98.73    97.6453     0.0674      86975    6.37991    0.00000    34.9517    34.9514         48 0.0000e+00
    220.000    217.811     4.4289     4.4242  32.999875  32.994776    6.38117     2.2289 2.4428e+01    -0.0521     0.0000      98.73    97.6422     0.0673      87021    6.38084    0.00000    34.9524    34.9514         43 0.0000e+00
    218.000    215.832     4.4352     4.4324  33.004984  33.001955    6.38207     2.2299 2.4425e+01    -0.0517     0.0000      98.73    97.6426     0.0672      87064    6.38189    0.00000    34.9528    34.9522         49 0.0000e+00
    216.000    213.853     4.4420     4.4393  33.010705  33.007870    6.37462     2.2286 2.4467e+01    -0.0520     0.0000      98.73    97.6331     0.0674      87148    6.37438    0.00000    34.9534    34.9529         64 0.0000e+00
    214.000    211.874     4.4575     4.4519  33.025333  33.018621    6.36819     2.2281 2.4646e+01    -0.0523     0.0000      98.73    97.6416     0.0674      87196    6.36802    0.00000    34.9552    34.9533         34 0.0000e+00
    212.000    209.895     4.4747     4.4692  33.041330  33.035128    6.36634     2.2288 2.4470e+01    -0.0518     0.0000      98.73    97.6066     0.0675      87229    6.36612    0.00000    34.9569    34.9555         34 0.0000e+00
    210.000    207.916     4.4825     4.4777  33.047910  33.043130    6.36905     2.2303 2.4794e+01    -0.0522     0.0000      98.73    97.6406     0.0673      87269    6.36877    0.00000    34.9575    34.9569         50 0.0000e+00
    208.000    205.937     4.4909     4.4866  33.055538  33.050513    6.36529     2.2302 2.4447e+01    -0.0517     0.0000      98.73    97.6441     0.0672      87377    6.36509    0.00000    34.9586    34.9573         87 0.0000e+00
    206.000    203.958     4.5059     4.4969  33.069086  33.060261    6.36664     2.2317 2.4620e+01    -0.0515     0.0000      98.73    97.6456     0.0673      87466    6.36639    0.00000    34.9598    34.9589         68 0.0000e+00
    204.000    201.978     4.5242     4.5170  33.086271  33.078690    6.36637     2.2329 2.4581e+01    -0.0514     0.0000      98.73    97.6452     0.0672      87529    6.36607    0.00000    34.9617    34.9604         69 0.0000e+00
    202.000    199.999     4.5401     4.5363  33.100904  33.096783    6.36083     2.2326 2.4487e+01    -0.0516     0.0000      98.73    97.6491     0.0675      87644    6.36062    0.00000    34.9631    34.9623         98 0.0000e+00
    200.000    198.020     4.5489     4.5445  33.108289  33.103845    6.36415     2.2342 2.4503e+01    -0.0519     0.0000      98.73    97.6475     0.0677      87755    6.36350    0.00000    34.9635    34.9630         90 0.0000e+00
    198.000    196.041     4.5542     4.5526  33.112329  33.110756    6.36518     2.2353 2.4361e+01    -0.0516     0.0000      98.73    97.6463     0.0675      87825    6.36482    0.00000    34.9637    34.9635         74 0.0000e+00
    196.000    194.061     4.5549     4.5550  33.112032  33.112117    6.36843     2.2366 2.4380e+01    -0.0517     0.0000      98.73    97.6498     0.0673      87929    6.36786    0.00000    34.9637    34.9637        118 0.0000e+00
    194.000    192.082     4.5530     4.5537  33.108912  33.109609    6.36952     2.2372 2.4402e+01    -0.0523     0.0000      98.73    97.6460     0.0675      88037    6.36904    0.00000    34.9631    34.9632         93 0.0000e+00
    192.000    190.103     4.5548     4.5539  33.109290  33.108469    6.37158     2.2384 2.4449e+01    -0.0516     0.0000      98.73    97.6360     0.0674      88110    6.37165    0.00000    34.9627    34.9627         76 0.0000e+00
    190.000    188.123     4.5550     4.5548  33.107102  33.106722    6.37032     2.2385 2.4359e+01    -0.0515     0.0000      98.73    97.6294     0.0676      88220    6.36998    0.00000    34.9610    34.9608        132 0.0000e+00
    188.000    186.144     4.5690     4.5654  33.119493  33.115912    6.37409     2.2406 2.4622e+01    -0.0524     0.0000      98.73    97.6336     0.0676      88338    6.37380    0.00000    34.9618    34.9615         82 0.0000e+00
    186.000    184.165     4.5739     4.5723  33.123222  33.121473    6.37777     2.2423 2.4255e+01    -0.0519     0.0000      98.73    97.6250     0.0677      88391    6.37764    0.00000    34.9621    34.9617         53 0.0000e+00
    184.000    182.185     4.5752     4.5746  33.123655  33.123051    6.37852     2.2429 2.4355e+01    -0.0519     0.0000      98.73    97.6248     0.0674      88520    6.37827    0.00000    34.9623    34.9622         69 0.0000e+00
    182.000    180.206     4.5770     4.5763  33.124482  33.123616    6.37985     2.2438 2.4250e+01    -0.0520     0.0000      98.73    97.6215     0.0675      88604    6.37960    0.00000    34.9625    34.9622         52 0.0000e+00
    180.000    178.227     4.5848     4.5820  33.131274  33.128099    6.37686     2.2438 2.4309e+01    -0.0520     0.0000      98.73    97.6210     0.0675      88684    6.37659    0.00000    34.9632    34.9624         78 0.0000e+00
    178.000    176.247     4.6025     4.5936  33.147451  33.138462    6.37519     2.2446 2.4315e+01    -0.0518     0.0000      98.73    97.6204     0.0676      88814    6.37490    0.00000    34.9646    34.9634         62 0.0000e+00
    176.000    174.268     4.6043     4.6025  33.148305  33.146420    6.37509     2.2451 2.4182e+01    -0.0519     0.0000      98.73    97.6129     0.0674      88886    6.37466    0.00000    34.9647    34.9644         82 0.0000e+00
    174.000    172.288     4.6038     4.6038  33.146880  33.146753    6.37240     2.2450 2.4098e+01    -0.0515     0.0000      98.73    97.6173     0.0677      88976    6.37271    0.00000    34.9646    34.9645         86 0.0000e+00
    172.000    170.309     4.6090     4.6068  33.150946  33.148602    6.37624     2.2465 2.4178e+01    -0.0513     0.0000      98.73    97.6173     0.0673      89111    6.37567    0.00000    34.9650    34.9646         85 0.0000e+00
    170.000    168.329     4.6341     4.6279  33.174868  33.167802    6.37005     2.2465 2.4169e+01    -0.0518     0.0000      98.73    97.6127     0.0675      89180    6.36984    0.00000    34.9676    34.9659         71 0.0000e+00
    168.000    166.350     4.6681     4.6627  33.207755  33.202190    6.35956     2.2457 2.4258e+01    -0.0515     0.0000      98.73    97.6133     0.0676      89269    6.35931    0.00000    34.9712    34.9704        108 0.0000e+00
    166.000    164.370     4.6802     4.6758  33.218101  33.213740    6.35337     2.2451 2.4173e+01    -0.0515     0.0000      98.73    97.6155     0.0676      89401    6.35311    0.00000    34.9717    34.9712         68 0.0000e+00
    164.000    162.390     4.6849     4.6821  33.221709  33.218628    6.35526     2.2462 2.4135e+01    -0.0513     0.0000      98.73    97.6251     0.0673      89461    6.35497    0.00000    34.9719    34.9713         51 0.0000e+00
    162.000    160.411     4.7036     4.6964  33.238747  33.231465    6.35960     2.2488 2.4081e+01    -0.0514     0.0000      98.73    97.6080     0.0675      89570    6.35948    0.00000    34.9732    34.9723         83 0.0000e+00
    160.000    158.431     4.7239     4.7128  33.257694  33.246780    6.36147     2.2506 2.4114e+01    -0.0519     0.0000      98.73    97.6179     0.0673      89669    6.36129    0.00000    34.9750    34.9739         69 0.0000e+00
    158.000    156.452     4.7394     4.7377  33.272463  33.270334    6.36014     2.2514 2.4089e+01    -0.0519     0.0000      98.73    97.6205     0.0674      89765    6.35995    0.00000    34.9769    34.9763        122 0.0000e+00
    156.000    154.472     4.7553     4.7446  33.287394  33.276118    6.35060     2.2500 2.4091e+01    -0.0514     0.0000      98.73    97.6050     0.0672      89857    6.35034    0.00000    34.9787    34.9768         57 0.0000e+00
    154.000    152.492     4.7777     4.7675  33.308639  33.297777    6.34740     2.2506 2.4057e+01    -0.0512     0.0000      98.73    97.6076     0.0671      89953    6.34695    0.00000    34.9809    34.9790         71 0.0000e+00
    152.000    150.513     4.7916     4.7833  33.321711  33.311794    6.34048     2.2499 2.3914e+01    -0.0519     0.0000      98.73    97.6115     0.0669      90067    6.34023    0.00000    34.9826    34.9798         43 0.0000e+00
    150.000    148.533     4.8205     4.8122  33.349350  33.339894    6.34205     2.2521 2.4152e+01    -0.0514     0.0000      98.73    97.6139     0.0670      90111    6.34181    0.00000    34.9855    34.9832         55 0.0000e+00
    148.000    146.553     4.8345     4.8232  33.361055  33.349681    6.33759     2.2519 2.4099e+01    -0.0516     0.0000      98.73    97.6079     0.0669      90254    6.33731    0.00000    34.9854    34.9841         93 0.0000e+00
    146.000    144.574     4.8493     4.8423  33.374001  33.366933    6.33621     2.2527 2.3949e+01    -0.0516     0.0000      98.73    97.5950     0.0673      90351    6.33595    0.00000    34.9860    34.9850         84 0.0000e+00
    144.000    142.594     4.8625     4.8592  33.385684  33.382019    6.33745     2.2539 2.3939e+01    -0.0514     0.0000      98.73    97.6057     0.0673      90421    6.33654    0.00000    34.9867    34.9859         84 0.0000e+00
