Ship_data/Irminger/Irminger-2/ctd/process/OOI/uat30_005.cnv
* Sea-Bird SBE 9 Data File:
* FileName = C:\data\ctd\at30_005.hex
* Software Version Seasave V 7.21f
* Temperature SN = 2265
* Conductivity SN = 3021
* Number of Bytes Per Scan = 40
* Number of Voltage Words = 5
* Number of Scans Averaged by the Deck Unit = 1
* NMEA Latitude = 59 59.33 N
* NMEA Longitude = 039 27.67 W
* NMEA UTC (Time) = Aug 14 2015  19:36:17
# nquan = 21
# nvalues = 1351                        
# units = specified
# name 0 = prDM: Pressure, Digiquartz [db]
# name 1 = depSM: Depth [salt water, m]
# name 2 = t090C: Temperature [ITS-90, deg C]
# name 3 = t190C: Temperature, 2 [ITS-90, deg C]
# name 4 = c0mS/cm: Conductivity [mS/cm]
# name 5 = c1mS/cm: Conductivity, 2 [mS/cm]
# name 6 = sbeox0ML/L: Oxygen, SBE 43 [ml/l]
# name 7 = sbeox0V: Oxygen raw, SBE 43 [V]
# name 8 = spar: SPAR/Surface Irradiance
# name 9 = flECO-AFL: Fluorescence, WET Labs ECO-AFL/FL [mg/m^3]
# name 10 = v2: Voltage 2
# name 11 = altM: Altimeter [m]
# name 12 = CStarTr0: Beam Transmission, WET Labs C-Star [%]
# name 13 = turbWETntu0: Turbidity, WET Labs ECO [NTU]
# name 14 = scan: Scan Count
# name 15 = sbeox0ML/L: Oxygen, SBE 43 [ml/l], WS = 2
# name 16 = sbeox0dOV/dT: Oxygen, SBE 43 [dov/dt], WS = 2
# name 17 = sal00: Salinity, Practical [PSU]
# name 18 = sal11: Salinity, Practical, 2 [PSU]
# name 19 = nbin: number of scans per bin
# name 20 = flag: flag
# span 0 =      2.000,   2702.000       
# span 1 =      1.981,   2659.436       
# span 2 =     1.4178,     8.5873       
# span 3 =     1.4189,     8.5661       
# span 4 =  31.329763,  36.636317       
# span 5 =  31.329984,  36.615114       
# span 6 =    6.02033,    6.81459       
# span 7 =     1.6925,     2.5492       
# span 8 = 2.0436e+02, 1.3129e+03       
# span 9 =    -0.0248,    -0.0219       
# span 10 =     0.0000,     0.0000      
# span 11 =      10.23,      99.77      
# span 12 =    93.2974,    97.4608      
# span 13 =     0.0780,     0.0780      
# span 14 =      80408,     181448      
# span 15 =    6.02012,    6.81401      
# span 16 =    0.00000,    0.00000      
# span 17 =    34.8496,    35.0152      
# span 18 =    34.8486,    35.0134      
# span 19 =         25,        124      
# span 20 = 0.0000e+00, 0.0000e+00      
# interval = decibars: 2                
# start_time = Aug 14 2015 19:36:17 [NMEA time, header]
# bad_flag = -9.990e-29
*END*
[from data line 1311]
     80.000     79.230     5.4012     5.3869  33.845087  33.831624    6.41592     2.3150 3.5364e+02    -0.0235     0.0000      98.77    96.9322     0.0780     177647    6.41567    0.00000    34.9870    34.9865         72 0.0000e+00
     78.000     77.250     5.4311     5.4223  33.872111  33.863963    6.44145     2.3240 5.0390e+02    -0.0226     0.0000      98.77    96.8878     0.0780     177750    6.44119    0.00000    34.9879    34.9877        122 0.0000e+00
     76.000     75.270     5.5311     5.4825  33.965042  33.918172    6.44156     2.3292 2.1904e+02    -0.0222     0.0000      98.77    96.8588     0.0780     177854    6.44120    0.00000    34.9911    34.9881         82 0.0000e+00
     74.000     73.289     5.6157     5.5923  34.044861  34.021520    6.42702     2.3295 3.5175e+02    -0.0224     0.0000      98.77    96.8073     0.0780     177931    6.42667    0.00000    34.9954    34.9930         68 0.0000e+00
     72.000     71.309     5.6474     5.6228  34.072987  34.047717    6.44905     2.3376 3.5187e+02    -0.0227     0.0000      98.77    96.7550     0.0780     178054    6.44872    0.00000    34.9955    34.9923         79 0.0000e+00
     70.000     69.328     5.6048     5.6310  34.018569  34.051531    6.45556     2.3378 3.2221e+02    -0.0228     0.0000      98.78    96.6644     0.0780     178144    6.45538    0.00000    34.9788    34.9892         49 0.0000e+00
     68.000     67.348     5.5515     5.5618  33.956605  33.969812    6.48420     2.3437 5.3507e+02    -0.0225     0.0000      98.78    96.5616     0.0780     178203    6.48403    0.00000    34.9645    34.9688         73 0.0000e+00
     66.000     65.368     5.5577     5.5724  33.959659  33.980747    6.51072     2.3518 3.2324e+02    -0.0222     0.0000      98.78    96.5806     0.0780     178345    6.51050    0.00000    34.9626    34.9713         60 0.0000e+00
     64.000     63.387     5.5315     5.5359  33.910766  33.920821    6.50346     2.3487 4.0562e+02    -0.0222     0.0000      98.77    96.5064     0.0780     178417    6.50326    0.00000    34.9349    34.9418         43 0.0000e+00
     62.000     61.406     5.5503     5.5364  33.924601  33.916696    6.54173     2.3608 5.4297e+02    -0.0225     0.0000      98.77    96.4034     0.0780     178503    6.54154    0.00000    34.9322    34.9377         73 0.0000e+00
     60.000     59.426     5.6228     5.5734  33.986467  33.948946    6.55503     2.3683 4.3607e+02    -0.0224     0.0000      98.77    96.2914     0.0780     178639    6.55471    0.00000    34.9286    34.9371         48 0.0000e+00
     58.000     57.445     5.7214     5.6646  34.060471  34.017215    6.57386     2.3785 3.0424e+02    -0.0229     0.0000      85.39    95.8111     0.0780     178698    6.57348    0.00000    34.9118    34.9214         74 0.0000e+00
     56.000     55.464     5.6994     5.6536  34.043272  34.006913    6.64990     2.3995 4.2541e+02    -0.0228     0.0000      98.92    95.5125     0.0780     178816    6.64962    0.00000    34.9160    34.9221         88 0.0000e+00
     54.000     53.484     5.8093     5.7503  34.138592  34.079897    6.63633     2.4013 2.8071e+02    -0.0224     0.0000      69.36    95.3997     0.0780     178932    6.63591    0.00000    34.9116    34.9060         53 0.0000e+00
     52.000     51.503     6.1104     6.0347  34.402940  34.331702    6.60864     2.4081 5.2297e+02    -0.0228     0.0000      97.64    94.7699     0.0780     178975    6.60791    0.00000    34.9010    34.8987         49 0.0000e+00
     50.000     49.523     6.0766     6.0698  34.367748  34.364221    6.74332     2.4454 2.7671e+02    -0.0224     0.0000      98.77    94.8432     0.0780     179127    6.74290    0.00000    34.8973    34.9003         68 0.0000e+00
     48.000     47.542     6.2217     6.1374  34.490353  34.410226    6.73825     2.4512 3.2095e+02    -0.0224     0.0000      98.77    94.3866     0.0780     179195    6.73763    0.00000    34.8870    34.8836         44 0.0000e+00
     46.000     45.561     6.4757     6.3742  34.722296  34.627815    6.75988     2.4702 4.1536e+02    -0.0228     0.0000      98.77    94.2187     0.0780     179285    6.75918    0.00000    34.8875    34.8859         69 0.0000e+00
     44.000     43.581     6.5217     6.5017  34.765460  34.741998    6.79100     2.4820 3.4868e+02    -0.0225     0.0000      98.77    94.1278     0.0780     179407    6.79036    0.00000    34.8897    34.8840         51 0.0000e+00
     42.000     41.600     6.7121     6.6685  34.940508  34.902198    6.79948     2.4942 5.2569e+02    -0.0225     0.0000      96.81    93.9326     0.0780     179470    6.79876    0.00000    34.8912    34.8931         68 0.0000e+00
     40.000     39.619     6.7748     6.7054  34.998511  34.928305    6.81459     2.5022 3.4139e+02    -0.0223     0.0000      83.41    93.9850     0.0780     179613    6.81401    0.00000    34.8927    34.8856         98 0.0000e+00
     38.000     37.638     7.0805     7.0088  35.281809  35.209740    6.76890     2.5042 5.2844e+02    -0.0222     0.0000      98.39    93.6420     0.0780     179685    6.76808    0.00000    34.8960    34.8893         68 0.0000e+00
     36.000     35.658     7.2845     7.2529  35.468819  35.438709    6.75651     2.5110 4.4280e+02    -0.0224     0.0000      94.92    93.4852     0.0780     179771    6.75561    0.00000    34.8959    34.8948         86 0.0000e+00
     34.000     33.677     7.3691     7.2922  35.543941  35.470322    6.75069     2.5139 4.0770e+02    -0.0224     0.0000      99.02    93.5002     0.0780     179917    6.75009    0.00000    34.8936    34.8908         70 0.0000e+00
     32.000     31.696     7.7050     7.5705  35.840143  35.712077    6.70824     2.5177 2.1480e+02    -0.0222     0.0000      97.61    93.2974     0.0780     179963    6.70734    0.00000    34.8790    34.8750         56 0.0000e+00
     30.000     29.715     7.7657     7.7082  35.889731  35.834846    6.72806     2.5270 2.5536e+02    -0.0225     0.0000      98.81    93.3531     0.0780     180087    6.72743    0.00000    34.8727    34.8709         79 0.0000e+00
     28.000     27.734     7.8692     7.8246  35.978656  35.937037    6.71158     2.5275 2.0436e+02    -0.0227     0.0000      78.68    93.3680     0.0780     180172    6.71095    0.00000    34.8663    34.8660         71 0.0000e+00
     26.000     25.753     7.8954     7.8948  35.999143  35.998507    6.71975     2.5317 2.1555e+02    -0.0226     0.0000      98.09    93.3792     0.0780     180267    6.71925    0.00000    34.8631    34.8630        120 0.0000e+00
     24.000     23.772     7.9072     7.9042  36.006346  36.004015    6.71078     2.5300 2.1557e+02    -0.0223     0.0000      98.77    93.4257     0.0780     180375    6.71030    0.00000    34.8601    34.8605         82 0.0000e+00
     22.000     21.792     7.9160     7.9128  36.011023  36.007625    6.71999     2.5337 2.6483e+02    -0.0224     0.0000      98.77    93.4221     0.0780     180460    6.71962    0.00000    34.8573    34.8569         79 0.0000e+00
     20.000     19.811     7.9142     7.9140  36.002181  36.003674    6.71502     2.5326 2.8288e+02    -0.0225     0.0000      98.48    93.4620     0.0780     180573    6.71471    0.00000    34.8506    34.8524         59 0.0000e+00
     18.000     17.829     7.9334     7.9317  36.018359  36.016382    6.72868     2.5381 3.6128e+02    -0.0224     0.0000      98.76    93.5595     0.0780     180655    6.72832    0.00000    34.8498    34.8494         84 0.0000e+00
     16.000     15.849     7.9623     7.9611  36.044089  36.041971    6.72370     2.5385 3.5285e+02    -0.0222     0.0000      98.77    93.4498     0.0780     180757    6.72337    0.00000    34.8496    34.8486         81 0.0000e+00
     14.000     13.868     8.0829     8.1416  36.157955  36.210390    6.70291     2.5385 4.3612e+02    -0.0223     0.0000      95.88    93.7579     0.0780     180848    6.70244    0.00000    34.8527    34.8504        102 0.0000e+00
     12.000     11.886     8.3229     8.3323  36.390313  36.397187    6.65105     2.5349 5.2141e+02    -0.0223     0.0000      99.02    94.0491     0.0780     180961    6.65046    0.00000    34.8637    34.8617         99 0.0000e+00
     10.000      9.905     8.4115     8.4278  36.476052  36.488731    6.65385     2.5405 2.9223e+02    -0.0223     0.0000      98.77    94.1091     0.0780     181045    6.65330    0.00000    34.8681    34.8654         91 0.0000e+00
      8.000      7.924     8.5225     8.5217  36.579461  36.577456    6.64037     2.5422 5.2870e+02    -0.0225     0.0000      98.77    94.1176     0.0780     181147    6.63978    0.00000    34.8690    34.8677        105 0.0000e+00
      6.000      5.943     8.5331     8.5368  36.587932  36.590664    6.64124     2.5435 2.7402e+02    -0.0221     0.0000      98.77    94.1314     0.0780     181246    6.64078    0.00000    34.8685    34.8678         90 0.0000e+00
      4.000      3.962     8.5409     8.5448  36.593697  36.596969    6.65531     2.5487 2.7813e+02    -0.0224     0.0000      98.77    94.1375     0.0780     181338    6.65492    0.00000    34.8679    34.8674        112 0.0000e+00
      2.000      1.981     8.5873     8.5661  36.636317  36.615114    6.64822     2.5492 4.1379e+02    -0.0225     0.0000      98.77    94.1430     0.0780     181448    6.64779    0.00000    34.8682    34.8666         81 0.0000e+00
