Ship_data/Irminger/Irminger-2/ctd/process/OOI/uat30_005.cnv
* Sea-Bird SBE 9 Data File:
* FileName = C:\data\ctd\at30_005.hex
* Software Version Seasave V 7.21f
* Temperature SN = 2265
* Conductivity SN = 3021
* Number of Bytes Per Scan = 40
* Number of Voltage Words = 5
* Number of Scans Averaged by the Deck Unit = 1
* NMEA Latitude = 59 59.33 N
* NMEA Longitude = 039 27.67 W
* NMEA UTC (Time) = Aug 14 2015  19:36:17
# nquan = 21
# nvalues = 1351                        
# units = specified
# name 0 = prDM: Pressure, Digiquartz [db]
# name 1 = depSM: Depth [salt water, m]
# name 2 = t090C: Temperature [ITS-90, deg C]
# name 3 = t190C: Temperature, 2 [ITS-90, deg C]
# name 4 = c0mS/cm: Conductivity [mS/cm]
# name 5 = c1mS/cm: Conductivity, 2 [mS/cm]
# name 6 = sbeox0ML/L: Oxygen, SBE 43 [ml/l]
# name 7 = sbeox0V: Oxygen raw, SBE 43 [V]
# name 8 = spar: SPAR/Surface Irradiance
# name 9 = flECO-AFL: Fluorescence, WET Labs ECO-AFL/FL [mg/m^3]
# name 10 = v2: Voltage 2
# name 11 = altM: Altimeter [m]
# name 12 = CStarTr0: Beam Transmission, WET Labs C-Star [%]
# name 13 = turbWETntu0: Turbidity, WET Labs ECO [NTU]
# name 14 = scan: Scan Count
# name 15 = sbeox0ML/L: Oxygen, SBE 43 [ml/l], WS = 2
# name 16 = sbeox0dOV/dT: Oxygen, SBE 43 [dov/dt], WS = 2
# name 17 = sal00: Salinity, Practical [PSU]
# name 18 = sal11: Salinity, Practical, 2 [PSU]
# name 19 = nbin: number of scans per bin
# name 20 = flag: flag
# span 0 =      2.000,   2702.000       
# span 1 =      1.981,   2659.436       
# span 2 =     1.4178,     8.5873       
# span 3 =     1.4189,     8.5661       
# span 4 =  31.329763,  36.636317       
# span 5 =  31.329984,  36.615114       
# span 6 =    6.02033,    6.81459       
# span 7 =     1.6925,     2.5492       
# span 8 = 2.0436e+02, 1.3129e+03       
# span 9 =    -0.0248,    -0.0219       
# span 10 =     0.0000,     0.0000      
# span 11 =      10.23,      99.77      
# span 12 =    93.2974,    97.4608      
# span 13 =     0.0780,     0.0780      
# span 14 =      80408,     181448      
# span 15 =    6.02012,    6.81401      
# span 16 =    0.00000,    0.00000      
# span 17 =    34.8496,    35.0152      
# span 18 =    34.8486,    35.0134      
# span 19 =         25,        124      
# span 20 = 0.0000e+00, 0.0000e+00      
# interval = decibars: 2                
# start_time = Aug 14 2015 19:36:17 [NMEA time, header]
# bad_flag = -9.990e-29
*END*
[from data line 1035]
    632.000    625.087     3.8132     3.8133  32.592138  32.592227    6.48451     2.1386 7.6509e+02    -0.0227     0.0000      98.78    97.3657     0.0780     149808    6.48436    0.00000    34.9040    34.9039         77 0.0000e+00
    630.000    623.112     3.8166     3.8156  32.594668  32.593330    6.48222     2.1388 8.0201e+02    -0.0227     0.0000      98.78    97.3247     0.0780     149857    6.48249    0.00000    34.9044    34.9039         36 0.0000e+00
    628.000    621.137     3.8207     3.8200  32.597798  32.596794    6.48078     2.1388 8.0168e+02    -0.0226     0.0000      98.78    97.3638     0.0780     149889    6.48014    0.00000    34.9048    34.9044         31 0.0000e+00
    626.000    619.162     3.8322     3.8281  32.608598  32.603972    6.48288     2.1404 7.7449e+02    -0.0231     0.0000      98.78    97.3531     0.0780     149923    6.48268    0.00000    34.9065    34.9053         36 0.0000e+00
    624.000    617.187     3.8369     3.8349  32.612352  32.610286    6.48812     2.1423 7.4433e+02    -0.0224     0.0000      98.78    97.3507     0.0780     149968    6.48795    0.00000    34.9071    34.9067         55 0.0000e+00
    622.000    615.212     3.8413     3.8408  32.615655  32.615113    6.45687     2.1351 8.0958e+02    -0.0231     0.0000      98.78    97.3602     0.0780     150088    6.45666    0.00000    34.9073    34.9073         59 0.0000e+00
    620.000    613.236     3.8415     3.8411  32.614953  32.614581    6.45302     2.1346 7.8899e+02    -0.0232     0.0000      98.78    97.3528     0.0780     150127    6.45289    0.00000    34.9074    34.9073         45 0.0000e+00
    618.000    611.261     3.8432     3.8434  32.615721  32.615907    6.45125     2.1346 7.6076e+02    -0.0232     0.0000      98.78    97.3481     0.0780     150221    6.45100    0.00000    34.9075    34.9076         85 0.0000e+00
    616.000    609.286     3.8452     3.8443  32.616513  32.615837    6.44907     2.1346 7.9712e+02    -0.0229     0.0000      98.78    97.3554     0.0780     150319    6.44867    0.00000    34.9074    34.9075         66 0.0000e+00
    614.000    607.311     3.8453     3.8453  32.615807  32.615912    6.44903     2.1349 7.6234e+02    -0.0232     0.0000      97.72    97.3491     0.0780     150388    6.44849    0.00000    34.9075    34.9076         87 0.0000e+00
    612.000    605.335     3.8458     3.8456  32.615381  32.615350    6.44998     2.1357 7.6642e+02    -0.0230     0.0000      98.80    97.3442     0.0780     150479    6.44974    0.00000    34.9075    34.9077         85 0.0000e+00
    610.000    603.360     3.8456     3.8460  32.614343  32.614819    6.44950     2.1360 7.6776e+02    -0.0232     0.0000      94.99    97.3540     0.0780     150604    6.44935    0.00000    34.9076    34.9077         83 0.0000e+00
    608.000    601.385     3.8468     3.8475  32.614645  32.615340    6.44900     2.1363 7.6415e+02    -0.0234     0.0000      87.27    97.3007     0.0780     150749    6.44883    0.00000    34.9077    34.9078         84 0.0000e+00
    606.000    599.409     3.8499     3.8492  32.616806  32.616163    6.45497     2.1384 7.6886e+02    -0.0230     0.0000      98.79    97.3574     0.0780     151239    6.45485    0.00000    34.9080    34.9080        105 0.0000e+00
    604.000    597.434     3.8491     3.8484  32.615160  32.614455    6.45591     2.1390 7.5721e+02    -0.0227     0.0000      98.78    97.3517     0.0780     152291    6.45570    0.00000    34.9080    34.9079        112 0.0000e+00
    602.000    595.458     3.8527     3.8515  32.617720  32.616601    6.44894     2.1379 7.6264e+02    -0.0230     0.0000      98.78    97.3545     0.0780     152373    6.44880    0.00000    34.9083    34.9082         87 0.0000e+00
    600.000    593.483     3.8548     3.8545  32.618734  32.618396    6.44254     2.1367 7.4730e+02    -0.0223     0.0000      98.78    97.3368     0.0780     152441    6.44229    0.00000    34.9083    34.9082         55 0.0000e+00
    598.000    591.508     3.8547     3.8549  32.617793  32.618178    6.43847     2.1362 7.7031e+02    -0.0227     0.0000      98.78    97.3519     0.0780     152512    6.43833    0.00000    34.9083    34.9085         87 0.0000e+00
    596.000    589.532     3.8571     3.8555  32.619182  32.617772    6.43732     2.1364 7.5384e+02    -0.0226     0.0000      98.78    97.3363     0.0780     152588    6.43724    0.00000    34.9085    34.9085         63 0.0000e+00
    594.000    587.557     3.8592     3.8589  32.620333  32.620011    6.43737     2.1370 7.4908e+02    -0.0226     0.0000      98.78    97.3543     0.0780     152644    6.43729    0.00000    34.9086    34.9086         50 0.0000e+00
    592.000    585.581     3.8606     3.8603  32.620610  32.620209    6.43657     2.1372 7.6057e+02    -0.0224     0.0000      98.78    97.3512     0.0780     152692    6.43651    0.00000    34.9086    34.9084         47 0.0000e+00
    590.000    583.606     3.8625     3.8620  32.621538  32.621074    6.43932     2.1384 7.6105e+02    -0.0227     0.0000      98.78    97.3135     0.0780     152741    6.43921    0.00000    34.9087    34.9086         53 0.0000e+00
    588.000    581.630     3.8660     3.8652  32.623951  32.623220    6.43494     2.1379 7.6354e+02    -0.0229     0.0000      98.78    97.3515     0.0780     152800    6.43482    0.00000    34.9089    34.9089         60 0.0000e+00
    586.000    579.655     3.8688     3.8681  32.625635  32.624878    6.42835     2.1367 7.5518e+02    -0.0231     0.0000      98.78    97.3465     0.0780     152848    6.42810    0.00000    34.9090    34.9089         38 0.0000e+00
    584.000    577.679     3.8676     3.8681  32.623538  32.624060    6.43370     2.1385 7.4614e+02    -0.0219     0.0000      98.78    97.3481     0.0780     152885    6.43355    0.00000    34.9089    34.9090         39 0.0000e+00
    582.000    575.703     3.8661     3.8664  32.621042  32.621376    6.43714     2.1397 7.6027e+02    -0.0228     0.0000      98.78    97.3365     0.0780     152941    6.43702    0.00000    34.9085    34.9087         72 0.0000e+00
    580.000    573.728     3.8637     3.8654  32.617448  32.619206    6.43111     2.1385 7.5697e+02    -0.0228     0.0000      98.78    97.3499     0.0780     153000    6.43092    0.00000    34.9079    34.9082         42 0.0000e+00
    578.000    571.752     3.8627     3.8636  32.615414  32.616352    6.44483     2.1423 7.4718e+02    -0.0227     0.0000      98.78    97.3405     0.0780     153040    6.44472    0.00000    34.9075    34.9078         43 0.0000e+00
    576.000    569.777     3.8516     3.8569  32.602710  32.608913    6.45304     2.1443 7.6250e+02    -0.0227     0.0000      98.78    97.3462     0.0780     153090    6.45283    0.00000    34.9053    34.9071         56 0.0000e+00
    574.000    567.801     3.8414     3.8464  32.591319  32.596585    6.46097     2.1462 7.6144e+02    -0.0228     0.0000      98.78    97.3429     0.0780     153146    6.46075    0.00000    34.9036    34.9046         51 0.0000e+00
    572.000    565.825     3.8504     3.8499  32.599593  32.598469    6.47072     2.1495 7.4047e+02    -0.0221     0.0000      98.78    97.3437     0.0780     153188    6.47056    0.00000    34.9050    34.9042         35 0.0000e+00
    570.000    563.850     3.8672     3.8624  32.615676  32.610347    6.48360     2.1539 7.4085e+02    -0.0221     0.0000      98.78    97.3492     0.0780     153224    6.48346    0.00000    34.9073    34.9061         43 0.0000e+00
    568.000    561.874     3.8721     3.8696  32.619483  32.617014    6.49571     2.1576 7.5349e+02    -0.0230     0.0000      98.78    97.3500     0.0780     153297    6.49559    0.00000    34.9077    34.9074         87 0.0000e+00
    566.000    559.898     3.8767     3.8750  32.623362  32.621238    6.47299     2.1525 7.5616e+02    -0.0225     0.0000      98.78    97.3441     0.0780     153355    6.47271    0.00000    34.9085    34.9078         37 0.0000e+00
    564.000    557.922     3.8742     3.8796  32.619622  32.625183    6.47167     2.1525 7.5218e+02    -0.0234     0.0000      98.78    97.3490     0.0780     153386    6.47146    0.00000    34.9078    34.9087         29 0.0000e+00
    562.000    555.946     3.8737     3.8779  32.618256  32.622735    6.47631     2.1541 7.4535e+02    -0.0236     0.0000      98.78    97.3441     0.0780     153418    6.47614    0.00000    34.9077    34.9086         38 0.0000e+00
    560.000    553.971     3.8761     3.8762  32.619971  32.619935    6.48059     2.1557 7.4196e+02    -0.0228     0.0000      98.78    97.3458     0.0780     153487    6.48047    0.00000    34.9083    34.9081         89 0.0000e+00
    558.000    551.995     3.8911     3.8860  32.634235  32.628750    6.46887     2.1539 7.4643e+02    -0.0226     0.0000      98.78    97.3414     0.0780     153551    6.46868    0.00000    34.9103    34.9092         44 0.0000e+00
    556.000    550.019     3.8939     3.8934  32.636074  32.635336    6.47003     2.1547 7.5193e+02    -0.0228     0.0000      98.78    97.3430     0.0780     153591    6.46983    0.00000    34.9106    34.9103         39 0.0000e+00
    554.000    548.043     3.9007     3.8979  32.641839  32.638859    6.45973     2.1528 7.5325e+02    -0.0234     0.0000      98.78    97.3401     0.0780     153630    6.45950    0.00000    34.9113    34.9107         40 0.0000e+00
    552.000    546.067     3.9043     3.9022  32.644345  32.642300    6.45120     2.1513 7.4508e+02    -0.0230     0.0000      98.78    97.3400     0.0780     153674    6.45099    0.00000    34.9116    34.9113         48 0.0000e+00
    550.000    544.091     3.9079     3.9062  32.646880  32.645116    6.43893     2.1488 7.4818e+02    -0.0228     0.0000      98.78    97.3400     0.0780     153723    6.43872    0.00000    34.9117    34.9115         50 0.0000e+00
    548.000    542.116     3.9111     3.9107  32.649013  32.648743    6.42186     2.1450 7.4928e+02    -0.0230     0.0000      98.78    97.3400     0.0780     153789    6.42166    0.00000    34.9119    34.9121         81 0.0000e+00
    546.000    540.140     3.9112     3.9114  32.648088  32.648299    6.40923     2.1423 7.4742e+02    -0.0230     0.0000      98.78    97.3400     0.0780     153853    6.40912    0.00000    34.9118    34.9118         41 0.0000e+00
    544.000    538.164     3.9115     3.9120  32.647501  32.647907    6.40551     2.1417 7.4979e+02    -0.0236     0.0000      98.78    97.3400     0.0780     153886    6.40525    0.00000    34.9119    34.9118         30 0.0000e+00
    542.000    536.188     3.9156     3.9146  32.650616  32.649426    6.41331     2.1443 7.4993e+02    -0.0223     0.0000      98.78    97.3400     0.0780     153917    6.41315    0.00000    34.9122    34.9120         34 0.0000e+00
    540.000    534.212     3.9207     3.9191  32.654611  32.653071    6.41876     2.1463 7.4946e+02    -0.0228     0.0000      98.78    97.3400     0.0780     153963    6.41855    0.00000    34.9127    34.9125         65 0.0000e+00
    538.000    532.236     3.9260     3.9233  32.658833  32.656176    6.40753     2.1442 7.4647e+02    -0.0231     0.0000      98.78    97.3382     0.0780     154036    6.40743    0.00000    34.9131    34.9128         66 0.0000e+00
    536.000    530.260     3.9283     3.9269  32.660013  32.658672    6.40534     2.1441 7.4160e+02    -0.0228     0.0000      98.78    97.3385     0.0780     154090    6.40507    0.00000    34.9132    34.9130         46 0.0000e+00
    534.000    528.284     3.9288     3.9292  32.659734  32.660092    6.40500     2.1445 7.4703e+02    -0.0233     0.0000      98.78    97.3342     0.0780     154133    6.40483    0.00000    34.9133    34.9133         43 0.0000e+00
    532.000    526.308     3.9311     3.9303  32.660895  32.660111    6.40214     2.1443 7.5487e+02    -0.0228     0.0000      98.78    97.2729     0.0780     154174    6.40185    0.00000    34.9133    34.9132         40 0.0000e+00
    530.000    524.332     3.9327     3.9319  32.661542  32.660826    6.40132     2.1446 7.5128e+02    -0.0231     0.0000      98.78    97.3321     0.0780     154216    6.40109    0.00000    34.9134    34.9134         43 0.0000e+00
    528.000    522.355     3.9344     3.9338  32.662268  32.661794    6.40736     2.1466 7.4647e+02    -0.0224     0.0000      98.78    97.3346     0.0780     154265    6.40720    0.00000    34.9136    34.9136         60 0.0000e+00
    526.000    520.379     3.9350     3.9354  32.661912  32.662393    6.40620     2.1468 7.5187e+02    -0.0226     0.0000      98.78    97.3401     0.0780     154337    6.40606    0.00000    34.9135    34.9137         67 0.0000e+00
    524.000    518.403     3.9348     3.9355  32.660767  32.661374    6.40195     2.1461 7.4765e+02    -0.0231     0.0000      98.78    97.3405     0.0780     154385    6.40173    0.00000    34.9134    34.9135         37 0.0000e+00
    522.000    516.427     3.9346     3.9352  32.659626  32.660282    6.40901     2.1483 7.4934e+02    -0.0228     0.0000      98.78    97.3335     0.0780     154422    6.40882    0.00000    34.9133    34.9135         41 0.0000e+00
    520.000    514.451     3.9333     3.9341  32.657459  32.658450    6.41567     2.1504 7.5106e+02    -0.0229     0.0000      94.95    97.3338     0.0780     154468    6.41559    0.00000    34.9132    34.9135         49 0.0000e+00
    518.000    512.475     3.9343     3.9342  32.657493  32.657484    6.42044     2.1520 7.5094e+02    -0.0237     0.0000      97.78    97.3380     0.0780     154517    6.42025    0.00000    34.9133    34.9134         51 0.0000e+00
    516.000    510.499     3.9362     3.9356  32.658430  32.657897    6.41973     2.1522 7.5535e+02    -0.0228     0.0000      98.78    97.3305     0.0780     154569    6.41904    0.00000    34.9135    34.9134         50 0.0000e+00
    514.000    508.522     3.9374     3.9372  32.658714  32.658550    6.41932     2.1527 7.5250e+02    -0.0229     0.0000      98.78    97.3258     0.0780     154618    6.41920    0.00000    34.9136    34.9136         50 0.0000e+00
    512.000    506.546     3.9393     3.9387  32.659618  32.659176    6.42258     2.1541 7.3939e+02    -0.0226     0.0000      98.78    97.3373     0.0780     154676    6.42242    0.00000    34.9137    34.9138         66 0.0000e+00
    510.000    504.570     3.9417     3.9407  32.660963  32.659974    6.42208     2.1545 7.4479e+02    -0.0229     0.0000      98.38    97.3315     0.0780     154734    6.42194    0.00000    34.9138    34.9136         44 0.0000e+00
    508.000    502.593     3.9433     3.9434  32.661720  32.661565    6.42733     2.1563 7.5779e+02    -0.0228     0.0000      74.16    97.3374     0.0780     154770    6.42711    0.00000    34.9140    34.9138         32 0.0000e+00
    506.000    500.617     3.9440     3.9440  32.661440  32.661556    6.43064     2.1576 7.5242e+02    -0.0224     0.0000      97.17    97.3293     0.0780     154804    6.43038    0.00000    34.9141    34.9141         42 0.0000e+00
    504.000    498.641     3.9460     3.9456  32.662596  32.662163    6.43667     2.1597 7.4481e+02    -0.0227     0.0000      98.78    97.3364     0.0780     154872    6.43655    0.00000    34.9144    34.9143         78 0.0000e+00
    502.000    496.664     3.9491     3.9483  32.664476  32.663682    6.42595     2.1575 7.4367e+02    -0.0226     0.0000      98.78    97.3368     0.0780     154926    6.42577    0.00000    34.9143    34.9142         40 0.0000e+00
    500.000    494.688     3.9513     3.9511  32.665706  32.665479    6.42629     2.1581 7.3597e+02    -0.0226     0.0000      98.78    97.3355     0.0780     154965    6.42612    0.00000    34.9145    34.9145         40 0.0000e+00
    498.000    492.712     3.9527     3.9529  32.666259  32.666448    6.43359     2.1604 7.4223e+02    -0.0224     0.0000      81.39    97.3299     0.0780     155018    6.43338    0.00000    34.9147    34.9148         67 0.0000e+00
