Ship_data/Irminger/Irminger-2/ctd/process/OOI/uat30_002.cnv
* Sea-Bird SBE 9 Data File:
* FileName = C:\data\ctd\at30_002.hex
* Software Version Seasave V 7.21f
* Temperature SN = 2265
* Conductivity SN = 3021
* Number of Bytes Per Scan = 40
* Number of Voltage Words = 5
* Number of Scans Averaged by the Deck Unit = 1
* NMEA Latitude = 42 32.00 N
* NMEA Longitude = 062 34.74 W
* NMEA UTC (Time) = Aug 07 2015  15:18:09
# nquan = 21
# nvalues = 754                         
# units = specified
# name 0 = prDM: Pressure, Digiquartz [db]
# name 1 = depSM: Depth [salt water, m]
# name 2 = t090C: Temperature [ITS-90, deg C]
# name 3 = t190C: Temperature, 2 [ITS-90, deg C]
# name 4 = c0mS/cm: Conductivity [mS/cm]
# name 5 = c1mS/cm: Conductivity, 2 [mS/cm]
# name 6 = sbeox0ML/L: Oxygen, SBE 43 [ml/l]
# name 7 = sbeox0V: Oxygen raw, SBE 43 [V]
# name 8 = spar: SPAR/Surface Irradiance
# name 9 = flECO-AFL: Fluorescence, WET Labs ECO-AFL/FL [mg/m^3]
# name 10 = v2: Voltage 2
# name 11 = altM: Altimeter [m]
# name 12 = CStarTr0: Beam Transmission, WET Labs C-Star [%]
# name 13 = turbWETntu0: Turbidity, WET Labs ECO [NTU]
# name 14 = scan: Scan Count
# name 15 = sbeox0ML/L: Oxygen, SBE 43 [ml/l], WS = 2
# name 16 = sbeox0dOV/dT: Oxygen, SBE 43 [dov/dt], WS = 2
# name 17 = sal00: Salinity, Practical [PSU]
# name 18 = sal11: Salinity, Practical, 2 [PSU]
# name 19 = nbin: number of scans per bin
# name 20 = flag: flag
# span 0 =     12.000,   1518.000       
# span 1 =     11.905,   1500.557       
# span 2 =     3.9482,    20.8721       
# span 3 =     3.9485,    20.3794       
# span 4 =  33.136699,  47.265778       
# span 5 =  33.136222,  46.746763       
# span 6 =    3.08638,    6.28150       
# span 7 =     1.4571,     2.8121       
# span 8 = 1.8070e+03, 2.1694e+03       
# span 9 =    -0.0133,    -0.0090       
# span 10 =     0.0000,     0.0000      
# span 11 =      81.97,      99.54      
# span 12 =    92.0155,    97.7168      
# span 13 =     0.0755,     0.0755      
# span 14 =     129611,     183425      
# span 15 =    3.08617,    6.28011      
# span 16 =    0.00000,    0.00000      
# span 17 =    33.7602,    35.7288      
# span 18 =    33.7335,    35.7261      
# span 19 =         25,        122      
# span 20 = 0.0000e+00, 0.0000e+00      
# interval = decibars: 2                
# start_time = Aug 07 2015 15:18:09 [NMEA time, header]
# bad_flag = -9.990e-29
*END*
[from data line 69]
   1380.000   1364.588     4.0541     4.0543  33.176712  33.176126    5.75236     1.8328 2.0313e+03    -0.0128     0.0000      98.78    97.7005     0.0755     143812    5.75209    0.00000    34.9585    34.9576         51 0.0000e+00
   1378.000   1362.617     4.0585     4.0582  33.179882  33.178596    5.74956     1.8326 2.0321e+03    -0.0123     0.0000      98.78    97.7062     0.0755     143855    5.74927    0.00000    34.9586    34.9575         39 0.0000e+00
   1376.000   1360.646     4.0602     4.0597  33.180575  33.179387    5.75044     1.8333 2.0142e+03    -0.0129     0.0000      98.78    97.7046     0.0755     143896    5.75030    0.00000    34.9587    34.9578         45 0.0000e+00
   1374.000   1358.674     4.0609     4.0613  33.180462  33.180123    5.75096     1.8338 2.0137e+03    -0.0124     0.0000      98.78    97.6976     0.0755     143946    5.75092    0.00000    34.9587    34.9579         52 0.0000e+00
   1372.000   1356.703     4.0631     4.0627  33.181518  33.180327    5.74969     1.8339 2.0139e+03    -0.0121     0.0000      98.78    97.7039     0.0755     143994    5.74965    0.00000    34.9587    34.9577         45 0.0000e+00
   1370.000   1354.732     4.0639     4.0643  33.181384  33.181076    5.75064     1.8345 2.0272e+03    -0.0125     0.0000      98.78    97.7062     0.0755     144039    5.75054    0.00000    34.9587    34.9579         47 0.0000e+00
   1368.000   1352.761     4.0641     4.0645  33.180764  33.180551    5.75194     1.8351 2.0310e+03    -0.0126     0.0000      98.78    97.7062     0.0755     144087    5.75178    0.00000    34.9586    34.9580         46 0.0000e+00
   1366.000   1350.789     4.0651     4.0650  33.180845  33.180109    5.75269     1.8356 2.0379e+03    -0.0128     0.0000      98.78    97.7062     0.0755     144133    5.75249    0.00000    34.9588    34.9579         48 0.0000e+00
   1364.000   1348.818     4.0656     4.0658  33.180442  33.180027    5.74932     1.8352 2.0343e+03    -0.0117     0.0000      98.78    97.7061     0.0755     144185    5.74916    0.00000    34.9587    34.9581         53 0.0000e+00
   1362.000   1346.846     4.0668     4.0667  33.180650  33.179853    5.74640     1.8350 2.0426e+03    -0.0123     0.0000      98.78    97.6973     0.0755     144232    5.74626    0.00000    34.9586    34.9579         43 0.0000e+00
   1360.000   1344.875     4.0710     4.0689  33.183670  33.181008    5.74540     1.8352 2.0457e+03    -0.0126     0.0000      98.78    97.7009     0.0755     144274    5.74524    0.00000    34.9588    34.9579         42 0.0000e+00
   1358.000   1342.904     4.0737     4.0727  33.185352  33.183692    5.74483     1.8355 2.0487e+03    -0.0121     0.0000      98.78    97.7056     0.0755     144318    5.74464    0.00000    34.9589    34.9580         45 0.0000e+00
   1356.000   1340.932     4.0741     4.0741  33.184951  33.184270    5.74654     1.8363 2.0490e+03    -0.0121     0.0000      98.78    97.7061     0.0755     144370    5.74630    0.00000    34.9590    34.9582         59 0.0000e+00
   1354.000   1338.961     4.0774     4.0765  33.187058  33.185355    5.74644     1.8367 2.0464e+03    -0.0129     0.0000      98.78    97.6984     0.0755     144424    5.74630    0.00000    34.9590    34.9580         46 0.0000e+00
   1352.000   1336.990     4.0852     4.0840  33.193432  33.191228    5.74666     1.8374 2.0464e+03    -0.0130     0.0000      98.78    97.6986     0.0755     144466    5.74668    0.00000    34.9592    34.9580         40 0.0000e+00
   1350.000   1335.018     4.0875     4.0864  33.194568  33.192879    5.74577     1.8376 2.0463e+03    -0.0128     0.0000      98.78    97.7041     0.0755     144508    5.74576    0.00000    34.9592    34.9584         46 0.0000e+00
   1348.000   1333.047     4.0883     4.0884  33.194609  33.193939    5.74899     1.8387 2.0549e+03    -0.0120     0.0000      98.78    97.6892     0.0755     144557    5.74889    0.00000    34.9594    34.9585         50 0.0000e+00
   1346.000   1331.075     4.0919     4.0909  33.196982  33.195299    5.74689     1.8387 2.0544e+03    -0.0118     0.0000      98.78    97.7057     0.0755     144605    5.74679    0.00000    34.9594    34.9585         46 0.0000e+00
   1344.000   1329.104     4.0942     4.0936  33.198223  33.196976    5.74525     1.8388 2.0506e+03    -0.0124     0.0000      98.78    97.7062     0.0755     144650    5.74514    0.00000    34.9594    34.9586         46 0.0000e+00
   1342.000   1327.132     4.0951     4.0953  33.198035  33.197752    5.74686     1.8396 2.0488e+03    -0.0119     0.0000      98.78    97.7062     0.0755     144699    5.74716    0.00000    34.9592    34.9587         51 0.0000e+00
   1340.000   1325.160     4.0951     4.0956  33.196737  33.196676    5.74720     1.8399 2.0495e+03    -0.0120     0.0000      98.78    97.7062     0.0755     144749    5.74696    0.00000    34.9586    34.9582         47 0.0000e+00
   1338.000   1323.189     4.0959     4.0960  33.196177  33.195832    5.74775     1.8403 2.0401e+03    -0.0122     0.0000      98.78    97.7033     0.0755     144792    5.74695    0.00000    34.9582    34.9576         42 0.0000e+00
   1336.000   1321.217     4.0964     4.0965  33.195695  33.195341    5.74873     1.8410 2.0355e+03    -0.0122     0.0000      98.78    97.6997     0.0755     144836    5.74838    0.00000    34.9581    34.9575         48 0.0000e+00
   1334.000   1319.246     4.0960     4.0966  33.194641  33.194506    5.74784     1.8411 2.0413e+03    -0.0125     0.0000      98.78    97.7056     0.0755     144890    5.74753    0.00000    34.9583    34.9575         54 0.0000e+00
   1332.000   1317.274     4.0970     4.0972  33.194468  33.193916    5.75113     1.8423 2.0401e+03    -0.0126     0.0000      98.78    97.7062     0.0755     144938    5.75104    0.00000    34.9580    34.9571         42 0.0000e+00
   1330.000   1315.303     4.1002     4.0994  33.196633  33.195019    5.74895     1.8422 2.0413e+03    -0.0116     0.0000      98.78    97.7062     0.0755     144976    5.74889    0.00000    34.9582    34.9571         38 0.0000e+00
   1328.000   1313.331     4.1036     4.1021  33.198999  33.196877    5.75228     1.8435 2.0443e+03    -0.0125     0.0000      98.78    97.7062     0.0755     145019    5.75240    0.00000    34.9584    34.9574         51 0.0000e+00
   1326.000   1311.359     4.1036     4.1027  33.198324  33.196611    5.75196     1.8437 2.0541e+03    -0.0121     0.0000      98.78    97.7062     0.0755     145081    5.75176    0.00000    34.9585    34.9575         62 0.0000e+00
   1324.000   1309.387     4.1091     4.1088  33.202648  33.201407    5.75196     1.8442 2.0500e+03    -0.0114     0.0000      98.78    97.7062     0.0755     145129    5.75171    0.00000    34.9589    34.9577         40 0.0000e+00
   1322.000   1307.416     4.1122     4.1118  33.204888  33.203652    5.75175     1.8446 2.0457e+03    -0.0120     0.0000      98.78    97.7062     0.0755     145167    5.75147    0.00000    34.9591    34.9582         38 0.0000e+00
   1320.000   1305.444     4.1132     4.1129  33.204966  33.203968    5.74990     1.8446 2.0387e+03    -0.0125     0.0000      98.78    97.7062     0.0755     145209    5.74962    0.00000    34.9593    34.9584         47 0.0000e+00
   1318.000   1303.472     4.1149     4.1135  33.205910  33.203788    5.74841     1.8447 2.0314e+03    -0.0124     0.0000      98.78    97.7062     0.0755     145260    5.74813    0.00000    34.9595    34.9585         52 0.0000e+00
   1316.000   1301.500     4.1178     4.1179  33.207789  33.207149    5.74766     1.8450 2.0379e+03    -0.0116     0.0000      98.78    97.7062     0.0755     145308    5.74744    0.00000    34.9597    34.9588         45 0.0000e+00
   1314.000   1299.529     4.1200     4.1195  33.209139  33.207981    5.74822     1.8455 2.0387e+03    -0.0125     0.0000      98.78    97.7062     0.0755     145354    5.74810    0.00000    34.9599    34.9591         49 0.0000e+00
   1312.000   1297.557     4.1206     4.1206  33.208910  33.208271    5.74868     1.8461 2.0409e+03    -0.0126     0.0000      98.78    97.7062     0.0755     145406    5.74892    0.00000    34.9600    34.9593         53 0.0000e+00
   1310.000   1295.585     4.1223     4.1223  33.209529  33.208839    5.74607     1.8461 2.0316e+03    -0.0123     0.0000      98.78    97.7062     0.0755     145455    5.74732    0.00000    34.9600    34.9591         43 0.0000e+00
   1308.000   1293.613     4.1241     4.1238  33.210418  33.209446    5.74445     1.8461 2.0263e+03    -0.0121     0.0000      98.78    97.7062     0.0755     145495    5.74544    0.00000    34.9601    34.9593         39 0.0000e+00
   1306.000   1291.641     4.1246     4.1248  33.210066  33.209558    5.74358     1.8460 2.0253e+03    -0.0126     0.0000      98.78    97.7062     0.0755     145537    5.74352    0.00000    34.9602    34.9594         46 0.0000e+00
   1304.000   1289.669     4.1248     4.1251  33.209419  33.209194    5.74181     1.8459 2.0212e+03    -0.0127     0.0000      98.78    97.7062     0.0755     145589    5.74141    0.00000    34.9602    34.9596         56 0.0000e+00
   1302.000   1287.698     4.1249     4.1253  33.208542  33.208382    5.74111     1.8461 2.0168e+03    -0.0121     0.0000      98.78    97.7062     0.0755     145642    5.74080    0.00000    34.9600    34.9594         49 0.0000e+00
   1300.000   1285.725     4.1254     4.1258  33.208175  33.207937    5.74038     1.8463 2.0263e+03    -0.0118     0.0000      98.78    97.7062     0.0755     145687    5.74014    0.00000    34.9601    34.9594         41 0.0000e+00
   1298.000   1283.753     4.1259     4.1262  33.207824  33.207437    5.74073     1.8468 2.0309e+03    -0.0127     0.0000      98.78    97.7062     0.0755     145727    5.74057    0.00000    34.9602    34.9594         41 0.0000e+00
   1296.000   1281.782     4.1260     4.1264  33.207193  33.206936    5.74045     1.8471 2.0273e+03    -0.0122     0.0000      98.78    97.7062     0.0755     145774    5.74035    0.00000    34.9603    34.9596         56 0.0000e+00
   1294.000   1279.810     4.1260     4.1265  33.206312  33.206095    5.74177     1.8477 2.0160e+03    -0.0123     0.0000      98.78    97.7062     0.0755     145829    5.74170    0.00000    34.9603    34.9595         49 0.0000e+00
   1292.000   1277.838     4.1263     4.1269  33.205706  33.205549    5.74373     1.8485 2.0022e+03    -0.0114     0.0000      98.78    97.7062     0.0755     145875    5.74358    0.00000    34.9602    34.9594         45 0.0000e+00
   1290.000   1275.866     4.1265     4.1268  33.205015  33.204780    5.74424     1.8490 1.9937e+03    -0.0117     0.0000      98.78    97.7062     0.0755     145920    5.74405    0.00000    34.9602    34.9596         45 0.0000e+00
   1288.000   1273.894     4.1304     4.1283  33.207747  33.205049    5.74247     1.8490 2.0014e+03    -0.0120     0.0000      98.78    97.7062     0.0755     145964    5.74226    0.00000    34.9603    34.9594         43 0.0000e+00
   1286.000   1271.922     4.1338     4.1326  33.210035  33.208139    5.74351     1.8497 2.0066e+03    -0.0121     0.0000      98.78    97.7062     0.0755     146006    5.74325    0.00000    34.9604    34.9594         42 0.0000e+00
   1284.000   1269.949     4.1352     4.1344  33.210543  33.209222    5.74446     1.8504 2.0081e+03    -0.0123     0.0000      98.78    97.7062     0.0755     146053    5.74433    0.00000    34.9605    34.9598         53 0.0000e+00
   1282.000   1267.977     4.1359     4.1359  33.210250  33.209686    5.74514     1.8510 2.0173e+03    -0.0115     0.0000      98.78    97.7062     0.0755     146109    5.74535    0.00000    34.9604    34.9598         56 0.0000e+00
   1280.000   1266.005     4.1384     4.1375  33.211765  33.210259    5.74328     1.8510 2.0061e+03    -0.0119     0.0000      98.78    97.7062     0.0755     146161    5.74355    0.00000    34.9605    34.9597         48 0.0000e+00
   1278.000   1264.033     4.1427     4.1413  33.214773  33.212674    5.74545     1.8518 2.0076e+03    -0.0126     0.0000      98.78    97.7062     0.0755     146206    5.74485    0.00000    34.9606    34.9595         41 0.0000e+00
   1276.000   1262.061     4.1457     4.1451  33.216640  33.215279    5.74454     1.8522 1.9920e+03    -0.0117     0.0000      98.78    97.7062     0.0755     146243    5.74444    0.00000    34.9606    34.9597         36 0.0000e+00
   1274.000   1260.089     4.1471     4.1464  33.217132  33.215911    5.74113     1.8518 1.9887e+03    -0.0122     0.0000      98.78    97.7062     0.0755     146283    5.74098    0.00000    34.9607    34.9600         45 0.0000e+00
   1272.000   1258.117     4.1468     4.1453  33.216192  33.214198    5.74016     1.8519 1.9789e+03    -0.0125     0.0000      98.78    97.7062     0.0755     146339    5.74004    0.00000    34.9609    34.9601         63 0.0000e+00
   1270.000   1256.144     4.1503     4.1495  33.218457  33.216988    5.73946     1.8522 1.9873e+03    -0.0124     0.0000      98.78    97.7033     0.0755     146393    5.73942    0.00000    34.9609    34.9600         46 0.0000e+00
   1268.000   1254.172     4.1531     4.1532  33.220222  33.219502    5.73750     1.8522 1.9975e+03    -0.0121     0.0000      98.78    97.7022     0.0755     146437    5.73746    0.00000    34.9610    34.9601         43 0.0000e+00
   1266.000   1252.200     4.1546     4.1543  33.220662  33.219807    5.74125     1.8534 1.9991e+03    -0.0124     0.0000      98.78    97.7032     0.0755     146480    5.74108    0.00000    34.9609    34.9603         45 0.0000e+00
   1264.000   1250.228     4.1555     4.1555  33.220577  33.219983    5.74317     1.8542 2.0214e+03    -0.0122     0.0000      98.78    97.7062     0.0755     146528    5.74294    0.00000    34.9609    34.9602         50 0.0000e+00
   1262.000   1248.255     4.1571     4.1566  33.221215  33.220045    5.74075     1.8541 2.0362e+03    -0.0129     0.0000      98.78    97.7062     0.0755     146577    5.74054    0.00000    34.9609    34.9601         45 0.0000e+00
   1260.000   1246.283     4.1600     4.1597  33.223048  33.222042    5.74014     1.8544 2.0439e+03    -0.0121     0.0000      98.78    97.7062     0.0755     146619    5.73988    0.00000    34.9611    34.9602         40 0.0000e+00
   1258.000   1244.311     4.1615     4.1609  33.223640  33.222513    5.74010     1.8548 2.0273e+03    -0.0125     0.0000      98.78    97.7062     0.0755     146664    5.73990    0.00000    34.9611    34.9605         55 0.0000e+00
   1256.000   1242.339     4.1616     4.1610  33.222830  33.221671    5.73839     1.8547 2.0033e+03    -0.0124     0.0000      98.78    97.7062     0.0755     146723    5.73819    0.00000    34.9611    34.9603         53 0.0000e+00
   1254.000   1240.366     4.1620     4.1627  33.222225  33.222094    5.73896     1.8552 1.9940e+03    -0.0113     0.0000      98.78    97.7062     0.0755     146766    5.73867    0.00000    34.9609    34.9600         39 0.0000e+00
   1252.000   1238.394     4.1619     4.1624  33.221048  33.221159    5.73683     1.8551 1.9938e+03    -0.0123     0.0000      98.78    97.7062     0.0755     146806    5.73656    0.00000    34.9607    34.9603         44 0.0000e+00
   1250.000   1236.421     4.1615     4.1622  33.219923  33.220023    5.73603     1.8552 1.9942e+03    -0.0122     0.0000      98.78    97.7062     0.0755     146858    5.73576    0.00000    34.9608    34.9602         55 0.0000e+00
   1248.000   1234.449     4.1620     4.1624  33.219485  33.219131    5.73697     1.8558 2.0050e+03    -0.0124     0.0000      98.78    97.7062     0.0755     146906    5.73665    0.00000    34.9607    34.9599         42 0.0000e+00
   1246.000   1232.477     4.1632     4.1634  33.219787  33.219245    5.73929     1.8568 1.9976e+03    -0.0117     0.0000      98.78    97.7062     0.0755     146946    5.73918    0.00000    34.9608    34.9599         41 0.0000e+00
