Ship_data/Irminger/Irminger-2/ctd/process/OOI/uat30_004.cnv
* Sea-Bird SBE 9 Data File:
* FileName = C:\data\ctd\at30_004.hex
* Software Version Seasave V 7.21f
* Temperature SN = 2265
* Conductivity SN = 3021
* Number of Bytes Per Scan = 40
* Number of Voltage Words = 5
* Number of Scans Averaged by the Deck Unit = 1
* NMEA Latitude = 59 57.06 N
* NMEA Longitude = 039 25.14 W
* NMEA UTC (Time) = Aug 14 2015  14:16:48
# nquan = 21
# nvalues = 1365                        
# units = specified
# name 0 = prDM: Pressure, Digiquartz [db]
# name 1 = depSM: Depth [salt water, m]
# name 2 = t090C: Temperature [ITS-90, deg C]
# name 3 = t190C: Temperature, 2 [ITS-90, deg C]
# name 4 = c0mS/cm: Conductivity [mS/cm]
# name 5 = c1mS/cm: Conductivity, 2 [mS/cm]
# name 6 = sbeox0ML/L: Oxygen, SBE 43 [ml/l]
# name 7 = sbeox0V: Oxygen raw, SBE 43 [V]
# name 8 = spar: SPAR/Surface Irradiance
# name 9 = flECO-AFL: Fluorescence, WET Labs ECO-AFL/FL [mg/m^3]
# name 10 = v2: Voltage 2
# name 11 = altM: Altimeter [m]
# name 12 = CStarTr0: Beam Transmission, WET Labs C-Star [%]
# name 13 = turbWETntu0: Turbidity, WET Labs ECO [NTU]
# name 14 = scan: Scan Count
# name 15 = sbeox0ML/L: Oxygen, SBE 43 [ml/l], WS = 2
# name 16 = sbeox0dOV/dT: Oxygen, SBE 43 [dov/dt], WS = 2
# name 17 = sal00: Salinity, Practical [PSU]
# name 18 = sal11: Salinity, Practical, 2 [PSU]
# name 19 = nbin: number of scans per bin
# name 20 = flag: flag
# span 0 =      2.000,   2730.000       
# span 1 =      1.981,   2686.831       
# span 2 =     1.4237,     8.2589       
# span 3 =     1.4247,     8.2755       
# span 4 =  31.341710,  36.317878       
# span 5 =  31.341941,  36.332856       
# span 6 =    6.01450,    6.74314       
# span 7 =     1.6896,     2.5339       
# span 8 = 2.9673e+02, 1.6917e+03       
# span 9 =    -0.0248,    -0.0219       
# span 10 =     0.0000,     0.0000      
# span 11 =      12.21,      99.55      
# span 12 =    93.7530,    97.4190      
# span 13 =     0.0780,     0.0780      
# span 14 =      86375,     191628      
# span 15 =    6.01450,    6.74237      
# span 16 =    0.00000,    0.00000      
# span 17 =    34.8468,    34.9317      
# span 18 =    34.8464,    34.9310      
# span 19 =         20,        128      
# span 20 = 0.0000e+00, 0.0000e+00      
# interval = decibars: 2                
# start_time = Aug 14 2015 14:16:48 [NMEA time, header]
# bad_flag = -9.990e-29
*END*
[from data line 345]
   2040.000   2010.971     3.0817     3.0819  32.556604  32.555976    6.05259     1.7535 3.5099e+02    -0.0219     0.0000      98.78    97.3972     0.0780     108142    6.05254    0.00000    34.9282    34.9273         32 0.0000e+00
   2038.000   2009.009     3.0843     3.0851  32.558162  32.558219    6.05164     1.7537 3.5337e+02    -0.0227     0.0000      98.78    97.3886     0.0780     108170    6.05160    0.00000    34.9283    34.9276         27 0.0000e+00
   2036.000   2007.046     3.0859     3.0861  32.558847  32.558455    6.05111     1.7540 3.5304e+02    -0.0232     0.0000      98.78    97.3879     0.0780     108198    6.05110    0.00000    34.9284    34.9277         29 0.0000e+00
   2034.000   2005.084     3.0878     3.0869  32.559784  32.558437    6.05222     1.7546 3.5887e+02    -0.0232     0.0000      98.78    97.3920     0.0780     108232    6.05215    0.00000    34.9285    34.9278         44 0.0000e+00
   2032.000   2003.122     3.0873     3.0871  32.558571  32.557980    6.05961     1.7564 5.2533e+02    -0.0233     0.0000      98.78    97.3923     0.0780     108318    6.05935    0.00000    34.9285    34.9280         69 0.0000e+00
   2030.000   2001.160     3.0907     3.0906  32.560966  32.559774    6.06057     1.7570 5.3986e+02    -0.0233     0.0000      98.78    97.3925     0.0780     108379    6.06032    0.00000    34.9287    34.9274         36 0.0000e+00
   2028.000   1999.198     3.0967     3.0975  32.565972  32.566023    6.05703     1.7568 3.5194e+02    -0.0223     0.0000      98.78    97.3979     0.0780     108412    6.05678    0.00000    34.9293    34.9285         32 0.0000e+00
   2026.000   1997.235     3.0991     3.0992  32.567375  32.566932    6.05385     1.7566 3.5330e+02    -0.0230     0.0000      98.78    97.3995     0.0780     108445    6.05352    0.00000    34.9294    34.9288         34 0.0000e+00
   2024.000   1995.273     3.1007     3.1006  32.568130  32.567448    6.05217     1.7566 3.5357e+02    -0.0232     0.0000      98.78    97.3969     0.0780     108481    6.05190    0.00000    34.9295    34.9288         40 0.0000e+00
   2022.000   1993.311     3.1004     3.1000  32.567031  32.566181    6.05395     1.7573 6.4923e+02    -0.0235     0.0000      98.78    97.3967     0.0780     108556    6.05376    0.00000    34.9296    34.9289         63 0.0000e+00
   2020.000   1991.349     3.1028     3.1026  32.568342  32.567275    6.05345     1.7577 6.1754e+02    -0.0226     0.0000      98.78    97.3927     0.0780     108618    6.05382    0.00000    34.9295    34.9285         29 0.0000e+00
   2018.000   1989.387     3.1054     3.1063  32.569938  32.570023    6.05157     1.7577 3.5959e+02    -0.0230     0.0000      98.78    97.3923     0.0780     108644    6.05169    0.00000    34.9296    34.9288         27 0.0000e+00
   2016.000   1987.424     3.1060     3.1065  32.569747  32.569727    6.05103     1.7577 3.6765e+02    -0.0234     0.0000      98.78    97.3918     0.0780     108678    6.05005    0.00000    34.9298    34.9292         47 0.0000e+00
   2014.000   1985.462     3.1061     3.1065  32.568970  32.568839    6.05316     1.7586 5.3340e+02    -0.0235     0.0000      98.78    97.3990     0.0780     108745    6.05306    0.00000    34.9297    34.9291         63 0.0000e+00
   2012.000   1983.499     3.1094     3.1100  32.571230  32.570989    6.05214     1.7588 5.7026e+02    -0.0236     0.0000      98.78    97.3899     0.0780     108787    6.05185    0.00000    34.9298    34.9289         38 0.0000e+00
   2010.000   1981.537     3.1108     3.1115  32.571556  32.571761    6.05338     1.7595 4.0016e+02    -0.0230     0.0000      98.78    97.3985     0.0780     108835    6.05321    0.00000    34.9297    34.9292         60 0.0000e+00
   2008.000   1979.575     3.1113     3.1118  32.570967  32.570923    6.05357     1.7599 1.2372e+03    -0.0231     0.0000      98.78    97.4023     0.0780     108892    6.05349    0.00000    34.9294    34.9289         47 0.0000e+00
   2006.000   1977.612     3.1130     3.1141  32.571749  32.572117    6.05206     1.7600 6.2568e+02    -0.0233     0.0000      98.78    97.4001     0.0780     108935    6.05200    0.00000    34.9295    34.9288         43 0.0000e+00
   2004.000   1975.650     3.1169     3.1161  32.574564  32.573251    6.05185     1.7604 1.4614e+03    -0.0236     0.0000      98.78    97.3948     0.0780     108979    6.05179    0.00000    34.9298    34.9290         46 0.0000e+00
   2002.000   1973.687     3.1200     3.1200  32.576673  32.575917    6.05165     1.7608 1.4635e+03    -0.0230     0.0000      98.78    97.3923     0.0780     109024    6.05152    0.00000    34.9300    34.9290         41 0.0000e+00
   2000.000   1971.725     3.1227     3.1235  32.578342  32.578477    6.04776     1.7604 4.4673e+02    -0.0242     0.0000      98.78    97.3923     0.0780     109065    6.04772    0.00000    34.9301    34.9293         44 0.0000e+00
   1998.000   1969.762     3.1251     3.1244  32.579708  32.578640    6.04898     1.7610 1.4689e+03    -0.0232     0.0000      98.78    97.3958     0.0780     109120    6.04883    0.00000    34.9301    34.9296         65 0.0000e+00
   1996.000   1967.800     3.1256     3.1260  32.579244  32.579149    6.05083     1.7618 8.3232e+02    -0.0229     0.0000      98.78    97.3983     0.0780     109180    6.05070    0.00000    34.9300    34.9294         53 0.0000e+00
   1994.000   1965.837     3.1256     3.1267  32.578135  32.578576    6.05383     1.7627 5.4090e+02    -0.0237     0.0000      98.78    97.3921     0.0780     109228    6.05390    0.00000    34.9296    34.9290         42 0.0000e+00
   1992.000   1963.875     3.1256     3.1264  32.576916  32.577033    6.05251     1.7628 3.7264e+02    -0.0235     0.0000      98.78    97.3923     0.0780     109264    6.05258    0.00000    34.9291    34.9284         32 0.0000e+00
   1990.000   1961.912     3.1280     3.1280  32.578470  32.577721    6.05420     1.7636 3.5484e+02    -0.0223     0.0000      98.78    97.3923     0.0780     109296    6.05477    0.00000    34.9294    34.9285         35 0.0000e+00
   1988.000   1959.950     3.1293     3.1289  32.579031  32.578081    6.05505     1.7639 7.8738e+02    -0.0235     0.0000      98.78    97.3923     0.0780     109365    6.05432    0.00000    34.9297    34.9290         63 0.0000e+00
   1986.000   1957.987     3.1321     3.1322  32.580785  32.579935    6.05421     1.7643 1.3204e+03    -0.0235     0.0000      98.78    97.3923     0.0780     109423    6.05404    0.00000    34.9298    34.9287         32 0.0000e+00
   1984.000   1956.025     3.1355     3.1360  32.582875  32.582780    6.05286     1.7644 6.3963e+02    -0.0235     0.0000      98.78    97.3923     0.0780     109454    6.05268    0.00000    34.9296    34.9289         31 0.0000e+00
   1982.000   1954.062     3.1368     3.1367  32.583350  32.582798    6.05427     1.7651 3.7268e+02    -0.0232     0.0000      98.78    97.3907     0.0780     109490    6.05400    0.00000    34.9298    34.9293         46 0.0000e+00
   1980.000   1952.099     3.1370     3.1366  32.582823  32.582061    6.05524     1.7656 5.0146e+02    -0.0229     0.0000      98.78    97.3995     0.0780     109560    6.05507    0.00000    34.9298    34.9294         77 0.0000e+00
   1978.000   1950.137     3.1393     3.1398  32.583920  32.583602    6.05607     1.7662 7.5329e+02    -0.0242     0.0000      98.78    97.3931     0.0780     109612    6.05605    0.00000    34.9297    34.9288         36 0.0000e+00
   1976.000   1948.174     3.1411     3.1419  32.584673  32.584816    6.05491     1.7664 1.6165e+03    -0.0234     0.0000      98.78    97.3923     0.0780     109647    6.05487    0.00000    34.9297    34.9290         39 0.0000e+00
   1974.000   1946.211     3.1417     3.1419  32.584337  32.584107    6.05764     1.7673 6.8907e+02    -0.0232     0.0000      98.78    97.3934     0.0780     109696    6.05749    0.00000    34.9297    34.9292         55 0.0000e+00
   1972.000   1944.248     3.1426     3.1435  32.584280  32.584467    6.05711     1.7675 3.7231e+02    -0.0245     0.0000      98.78    97.4045     0.0780     109742    6.05695    0.00000    34.9296    34.9288         39 0.0000e+00
   1970.000   1942.286     3.1463     3.1463  32.586699  32.586331    6.05331     1.7673 5.2672e+02    -0.0239     0.0000      98.78    97.3997     0.0780     109786    6.05370    0.00000    34.9295    34.9291         56 0.0000e+00
   1968.000   1940.323     3.1479     3.1467  32.586937  32.585738    6.05371     1.7676 7.2882e+02    -0.0236     0.0000      98.78    97.3999     0.0780     109852    6.05343    0.00000    34.9291    34.9289         58 0.0000e+00
   1966.000   1938.360     3.1479     3.1493  32.585906  32.586404    6.05228     1.7676 3.9868e+02    -0.0240     0.0000      98.78    97.3961     0.0780     109894    6.05170    0.00000    34.9288    34.9278         35 0.0000e+00
   1964.000   1936.397     3.1514     3.1518  32.588133  32.587955    6.05139     1.7679 3.6245e+02    -0.0233     0.0000      98.78    97.3926     0.0780     109929    6.05112    0.00000    34.9287    34.9281         42 0.0000e+00
   1962.000   1934.435     3.1518     3.1521  32.587836  32.587571    6.05397     1.7688 4.9860e+02    -0.0236     0.0000      98.78    97.3923     0.0780     110001    6.05363    0.00000    34.9288    34.9282         67 0.0000e+00
   1960.000   1932.472     3.1551     3.1555  32.589982  32.589566    6.05274     1.7690 4.8773e+02    -0.0233     0.0000      98.78    97.3923     0.0780     110049    6.05242    0.00000    34.9289    34.9280         32 0.0000e+00
   1958.000   1930.509     3.1572     3.1580  32.591068  32.591198    6.05344     1.7695 3.5580e+02    -0.0222     0.0000      98.78    97.3923     0.0780     110078    6.05324    0.00000    34.9289    34.9282         28 0.0000e+00
   1956.000   1928.546     3.1591     3.1588  32.591805  32.591185    6.05388     1.7700 3.5545e+02    -0.0242     0.0000      98.78    97.3923     0.0780     110110    6.05380    0.00000    34.9288    34.9284         37 0.0000e+00
   1954.000   1926.583     3.1588     3.1590  32.590862  32.590556    6.05410     1.7704 9.3992e+02    -0.0236     0.0000      98.78    97.3923     0.0780     110195    6.05381    0.00000    34.9289    34.9283         62 0.0000e+00
   1952.000   1924.620     3.1607     3.1611  32.591582  32.591137    6.05167     1.7703 3.4336e+02    -0.0228     0.0000      98.78    97.3923     0.0780     110250    6.05159    0.00000    34.9287    34.9278         31 0.0000e+00
   1950.000   1922.657     3.1637     3.1643  32.593390  32.593212    6.05001     1.7704 3.5470e+02    -0.0234     0.0000      98.78    97.3923     0.0780     110279    6.04991    0.00000    34.9287    34.9279         30 0.0000e+00
   1948.000   1920.694     3.1652     3.1651  32.593898  32.593364    6.04922     1.7706 3.5478e+02    -0.0228     0.0000      98.78    97.3923     0.0780     110314    6.04910    0.00000    34.9287    34.9282         41 0.0000e+00
   1946.000   1918.731     3.1684     3.1649  32.596084  32.592443    6.05114     1.7714 6.6033e+02    -0.0234     0.0000      98.78    97.3926     0.0780     110369    6.05093    0.00000    34.9288    34.9282         68 0.0000e+00
   1944.000   1916.769     3.1696     3.1700  32.596455  32.596117    6.05049     1.7717 8.3669e+02    -0.0237     0.0000      98.78    97.4020     0.0780     110430    6.05032    0.00000    34.9290    34.9282         49 0.0000e+00
   1942.000   1914.805     3.1729     3.1747  32.598883  32.599853    6.04847     1.7717 4.8908e+02    -0.0228     0.0000      98.78    97.4060     0.0780     110476    6.04831    0.00000    34.9293    34.9287         47 0.0000e+00
   1940.000   1912.842     3.1763     3.1759  32.601175  32.600298    6.04786     1.7720 3.5450e+02    -0.0231     0.0000      98.78    97.4049     0.0780     110528    6.04778    0.00000    34.9295    34.9289         56 0.0000e+00
   1938.000   1910.879     3.1767     3.1777  32.600640  32.600985    6.04820     1.7725 3.5460e+02    -0.0228     0.0000      98.78    97.4017     0.0780     110577    6.04824    0.00000    34.9294    34.9287         40 0.0000e+00
   1936.000   1908.916     3.1792     3.1798  32.602281  32.602149    6.04847     1.7729 3.9472e+02    -0.0235     0.0000      98.78    97.3930     0.0780     110614    6.04849    0.00000    34.9296    34.9289         37 0.0000e+00
   1934.000   1906.953     3.1814     3.1810  32.603475  32.602668    6.04953     1.7735 8.4368e+02    -0.0232     0.0000      98.78    97.3923     0.0780     110657    6.04946    0.00000    34.9298    34.9292         53 0.0000e+00
   1932.000   1904.990     3.1827     3.1817  32.603853  32.602650    6.04936     1.7739 4.2709e+02    -0.0241     0.0000      98.78    97.3973     0.0780     110717    6.04922    0.00000    34.9298    34.9294         63 0.0000e+00
   1930.000   1903.027     3.1845     3.1838  32.604736  32.603516    6.05025     1.7744 3.7401e+02    -0.0230     0.0000      98.78    97.4042     0.0780     110781    6.05005    0.00000    34.9299    34.9292         58 0.0000e+00
   1928.000   1901.064     3.1874     3.1891  32.606498  32.607212    6.04888     1.7746 3.5382e+02    -0.0237     0.0000      98.78    97.3921     0.0780     110824    6.04866    0.00000    34.9299    34.9290         32 0.0000e+00
   1926.000   1899.101     3.1915     3.1919  32.609643  32.609237    6.04600     1.7744 3.5390e+02    -0.0234     0.0000      98.78    97.3923     0.0780     110853    6.04581    0.00000    34.9303    34.9294         30 0.0000e+00
   1924.000   1897.138     3.1930     3.1925  32.610292  32.609359    6.04625     1.7749 4.0135e+02    -0.0235     0.0000      98.78    97.3923     0.0780     110892    6.04600    0.00000    34.9305    34.9298         58 0.0000e+00
   1922.000   1895.174     3.1934     3.1934  32.609834  32.609362    6.04875     1.7758 4.0322e+02    -0.0235     0.0000      98.78    97.3923     0.0780     110973    6.04865    0.00000    34.9304    34.9298         78 0.0000e+00
   1920.000   1893.211     3.1953     3.1961  32.610537  32.610482    6.04947     1.7763 3.5378e+02    -0.0240     0.0000      98.78    97.3923     0.0780     111025    6.04952    0.00000    34.9302    34.9293         38 0.0000e+00
   1918.000   1891.248     3.1967     3.1976  32.610860  32.611076    6.04736     1.7763 3.5444e+02    -0.0245     0.0000      98.78    97.3923     0.0780     111058    6.04760    0.00000    34.9301    34.9294         31 0.0000e+00
   1916.000   1889.285     3.1968     3.1976  32.609993  32.610313    6.04659     1.7764 3.5272e+02    -0.0236     0.0000      98.78    97.3923     0.0780     111090    6.04632    0.00000    34.9299    34.9295         36 0.0000e+00
   1914.000   1887.321     3.1956     3.1970  32.607631  32.608886    6.04739     1.7768 3.5279e+02    -0.0229     0.0000      98.78    97.3923     0.0780     111140    6.04731    0.00000    34.9294    34.9293         66 0.0000e+00
   1912.000   1885.358     3.1942     3.1963  32.605106  32.607351    6.05196     1.7780 3.5331e+02    -0.0236     0.0000      98.78    97.3923     0.0780     111214    6.05175    0.00000    34.9288    34.9292         67 0.0000e+00
   1910.000   1883.395     3.1940     3.1946  32.603646  32.603538    6.05397     1.7788 3.5332e+02    -0.0235     0.0000      98.78    97.3923     0.0780     111264    6.05368    0.00000    34.9283    34.9275         41 0.0000e+00
   1908.000   1881.431     3.1951     3.1956  32.603521  32.603489    6.05248     1.7788 3.5406e+02    -0.0233     0.0000      98.78    97.3882     0.0780     111302    6.05218    0.00000    34.9279    34.9273         36 0.0000e+00
   1906.000   1879.468     3.1972     3.1972  32.604558  32.604060    6.05175     1.7791 3.5441e+02    -0.0236     0.0000      98.78    97.3856     0.0780     111338    6.05155    0.00000    34.9279    34.9272         38 0.0000e+00
