Ship_data/Irminger/Irminger-2/ctd/process/OOI/uat30_010.cnv
* Sea-Bird SBE 9 Data File:
* FileName = C:\data\ctd\at30_010.hex
* Software Version Seasave V 7.21f
* Temperature SN = 2265
* Conductivity SN = 3021
* Number of Bytes Per Scan = 40
* Number of Voltage Words = 5
* Number of Scans Averaged by the Deck Unit = 1
* NMEA Latitude = 59 45.71 N
* NMEA Longitude = 039 52.84 W
* NMEA UTC (Time) = Aug 19 2015  21:15:33
** FLMA 2 post deployment cal
# nquan = 21
# nvalues = 1365                        
# units = specified
# name 0 = prDM: Pressure, Digiquartz [db]
# name 1 = depSM: Depth [salt water, m]
# name 2 = t090C: Temperature [ITS-90, deg C]
# name 3 = t190C: Temperature, 2 [ITS-90, deg C]
# name 4 = c0mS/cm: Conductivity [mS/cm]
# name 5 = c1mS/cm: Conductivity, 2 [mS/cm]
# name 6 = sbeox0ML/L: Oxygen, SBE 43 [ml/l]
# name 7 = sbeox0V: Oxygen raw, SBE 43 [V]
# name 8 = spar: SPAR/Surface Irradiance
# name 9 = flECO-AFL: Fluorescence, WET Labs ECO-AFL/FL [mg/m^3]
# name 10 = v2: Voltage 2
# name 11 = altM: Altimeter [m]
# name 12 = CStarTr0: Beam Transmission, WET Labs C-Star [%]
# name 13 = turbWETntu0: Turbidity, WET Labs ECO [NTU]
# name 14 = scan: Scan Count
# name 15 = sbeox0ML/L: Oxygen, SBE 43 [ml/l], WS = 2
# name 16 = sbeox0dOV/dT: Oxygen, SBE 43 [dov/dt], WS = 2
# name 17 = sal00: Salinity, Practical [PSU]
# name 18 = sal11: Salinity, Practical, 2 [PSU]
# name 19 = nbin: number of scans per bin
# name 20 = flag: flag
# span 0 =      2.000,   2730.000       
# span 1 =      1.981,   2686.871       
# span 2 =     1.4283,     8.4332       
# span 3 =     1.4291,     8.4316       
# span 4 =  31.348033,  36.471189       
# span 5 =  31.348058,  36.466607       
# span 6 =    6.01466,    6.67822       
# span 7 =     1.6823,     2.5120       
# span 8 = 2.1571e+01, 3.4556e+01       
# span 9 =    -0.0765,    -0.0506       
# span 10 =     0.0000,     0.0000      
# span 11 =       9.50,      99.39      
# span 12 =    93.1070,    97.6280      
# span 13 =     0.0695,     0.0707      
# span 14 =      78766,     179413      
# span 15 =    6.01449,    6.67714      
# span 16 =    0.00000,    0.00000      
# span 17 =    34.8428,    35.0199      
# span 18 =    34.8420,    35.0198      
# span 19 =         27,        134      
# span 20 = 0.0000e+00, 0.0000e+00      
# interval = decibars: 2                
# start_time = Aug 19 2015 21:15:33 [NMEA time, header]
# bad_flag = -9.990e-29
*END*
[from data line 345]
   2040.000   2011.001     3.0467     3.0466  32.525458  32.525177    6.06133     1.7540 2.6265e+01    -0.0529     0.0000      98.73    97.6132     0.0707     102635    6.06140    0.00000    34.9281    34.9278         61 0.0000e+00
   2038.000   2009.039     3.0494     3.0483  32.527290  32.525481    6.06001     1.7542 2.6004e+01    -0.0524     0.0000      98.73    97.6174     0.0707     102683    6.06003    0.00000    34.9283    34.9274         37 0.0000e+00
   2036.000   2007.077     3.0525     3.0526  32.529392  32.528782    6.06076     1.7548 2.5784e+01    -0.0531     0.0000      98.73    97.6054     0.0707     102720    6.06071    0.00000    34.9285    34.9277         42 0.0000e+00
   2034.000   2005.114     3.0540     3.0542  32.529868  32.529718    6.06256     1.7555 2.6167e+01    -0.0527     0.0000      98.73    97.6085     0.0707     102778    6.06238    0.00000    34.9285    34.9281         66 0.0000e+00
   2032.000   2003.152     3.0547     3.0545  32.529680  32.529028    6.06205     1.7557 2.6059e+01    -0.0529     0.0000      98.73    97.6158     0.0707     102828    6.06183    0.00000    34.9285    34.9279         38 0.0000e+00
   2030.000   2001.190     3.0565     3.0569  32.530386  32.530255    6.06013     1.7557 2.6061e+01    -0.0523     0.0000      98.73    97.6167     0.0707     102866    6.05991    0.00000    34.9284    34.9278         40 0.0000e+00
   2028.000   1999.228     3.0563     3.0568  32.528973  32.529181    6.05989     1.7562 2.6023e+01    -0.0536     0.0000      98.73    97.6027     0.0707     102912    6.06077    0.00000    34.9279    34.9276         52 0.0000e+00
   2026.000   1997.265     3.0585     3.0578  32.530062  32.529088    6.05974     1.7563 2.5858e+01    -0.0525     0.0000      98.73    97.6103     0.0707     102964    6.05939    0.00000    34.9278    34.9273         50 0.0000e+00
   2024.000   1995.303     3.0605     3.0607  32.531150  32.530822    6.05968     1.7567 2.6017e+01    -0.0523     0.0000      98.73    97.6172     0.0707     103011    6.05944    0.00000    34.9280    34.9274         45 0.0000e+00
   2022.000   1993.341     3.0619     3.0622  32.531653  32.531400    6.06166     1.7575 2.5901e+01    -0.0522     0.0000      98.73    97.6148     0.0707     103058    6.06160    0.00000    34.9280    34.9273         50 0.0000e+00
   2020.000   1991.379     3.0633     3.0635  32.532126  32.531830    6.06072     1.7577 2.6106e+01    -0.0537     0.0000      98.73    97.6115     0.0707     103110    6.06056    0.00000    34.9280    34.9274         51 0.0000e+00
   2018.000   1989.416     3.0645     3.0646  32.532375  32.532052    6.05860     1.7576 2.5591e+01    -0.0525     0.0000      98.73    97.6203     0.0707     103155    6.05838    0.00000    34.9281    34.9275         39 0.0000e+00
   2016.000   1987.454     3.0670     3.0672  32.533960  32.533590    6.05921     1.7581 2.5801e+01    -0.0533     0.0000      98.73    97.6102     0.0707     103196    6.05892    0.00000    34.9283    34.9276         48 0.0000e+00
   2014.000   1985.492     3.0699     3.0693  32.535791  32.534812    6.06068     1.7588 2.6001e+01    -0.0532     0.0000      98.72    97.6182     0.0707     103253    6.06033    0.00000    34.9284    34.9278         59 0.0000e+00
   2012.000   1983.529     3.0728     3.0718  32.537582  32.536102    6.05835     1.7588 2.5958e+01    -0.0523     0.0000      98.73    97.6163     0.0707     103301    6.05810    0.00000    34.9284    34.9277         39 0.0000e+00
   2010.000   1981.567     3.0743     3.0742  32.538192  32.537497    6.05821     1.7592 2.6010e+01    -0.0518     0.0000      98.73    97.6135     0.0707     103339    6.05804    0.00000    34.9284    34.9277         39 0.0000e+00
   2008.000   1979.604     3.0765     3.0764  32.539408  32.538784    6.05986     1.7599 2.6020e+01    -0.0528     0.0000      98.73    97.6160     0.0707     103382    6.05986    0.00000    34.9286    34.9280         50 0.0000e+00
   2006.000   1977.642     3.0781     3.0778  32.539998  32.539406    6.05858     1.7601 2.5698e+01    -0.0538     0.0000      98.73    97.6147     0.0701     103441    6.05880    0.00000    34.9286    34.9281         62 0.0000e+00
   2004.000   1975.679     3.0812     3.0801  32.542026  32.540510    6.05680     1.7601 2.5968e+01    -0.0536     0.0000      98.73    97.6177     0.0700     103492    6.05682    0.00000    34.9287    34.9280         42 0.0000e+00
   2002.000   1973.717     3.0832     3.0832  32.542958  32.542410    6.05637     1.7604 2.5812e+01    -0.0523     0.0000      98.73    97.6119     0.0701     103532    6.05635    0.00000    34.9286    34.9279         40 0.0000e+00
   2000.000   1971.754     3.0837     3.0838  32.542393  32.542281    6.05814     1.7611 2.5911e+01    -0.0523     0.0000      98.73    97.6108     0.0704     103578    6.05811    0.00000    34.9284    34.9281         55 0.0000e+00
   1998.000   1969.792     3.0842     3.0844  32.542067  32.541894    6.05728     1.7613 2.6028e+01    -0.0530     0.0000      98.73    97.6125     0.0707     103636    6.05735    0.00000    34.9285    34.9280         51 0.0000e+00
   1996.000   1967.829     3.0854     3.0855  32.542278  32.541915    6.05569     1.7613 2.5833e+01    -0.0527     0.0000      98.73    97.6126     0.0707     103676    6.05552    0.00000    34.9284    34.9278         35 0.0000e+00
   1994.000   1965.867     3.0859     3.0864  32.541878  32.541868    6.05687     1.7618 2.5559e+01    -0.0522     0.0000      98.73    97.6091     0.0707     103713    6.05653    0.00000    34.9283    34.9278         43 0.0000e+00
   1992.000   1963.904     3.0880     3.0877  32.542931  32.542394    6.05950     1.7628 2.5907e+01    -0.0520     0.0000      98.73    97.6015     0.0707     103770    6.05921    0.00000    34.9284    34.9280         68 0.0000e+00
   1990.000   1961.941     3.0898     3.0894  32.543908  32.543102    6.06011     1.7633 2.5984e+01    -0.0515     0.0000      98.73    97.6123     0.0707     103832    6.05993    0.00000    34.9285    34.9280         50 0.0000e+00
   1988.000   1959.979     3.0931     3.0926  32.546316  32.545157    6.05814     1.7634 2.6062e+01    -0.0539     0.0000      98.73    97.6126     0.0707     103873    6.05797    0.00000    34.9289    34.9281         36 0.0000e+00
   1986.000   1958.016     3.0947     3.0950  32.546580  32.546463    6.05733     1.7638 2.5904e+01    -0.0522     0.0000      98.73    97.6061     0.0707     103909    6.05802    0.00000    34.9284    34.9280         38 0.0000e+00
   1984.000   1956.054     3.0956     3.0955  32.546214  32.545963    6.05668     1.7638 2.5484e+01    -0.0525     0.0000      98.73    97.6082     0.0707     103955    6.05653    0.00000    34.9281    34.9279         55 0.0000e+00
   1982.000   1954.091     3.0965     3.0958  32.546207  32.545298    6.05593     1.7640 2.5898e+01    -0.0531     0.0000      98.73    97.6094     0.0707     104008    6.05583    0.00000    34.9280    34.9277         46 0.0000e+00
   1980.000   1952.128     3.0978     3.0980  32.546651  32.546318    6.05785     1.7648 2.5788e+01    -0.0525     0.0000      98.73    97.6111     0.0707     104051    6.05763    0.00000    34.9281    34.9276         44 0.0000e+00
   1978.000   1950.166     3.0984     3.0986  32.546367  32.546236    6.05783     1.7651 2.5791e+01    -0.0519     0.0000      98.73    97.6112     0.0707     104098    6.05759    0.00000    34.9281    34.9278         52 0.0000e+00
   1976.000   1948.203     3.0986     3.0991  32.545710  32.545834    6.06095     1.7661 2.5582e+01    -0.0521     0.0000      98.73    97.6136     0.0707     104162    6.06093    0.00000    34.9281    34.9277         68 0.0000e+00
   1974.000   1946.240     3.0989     3.0994  32.545126  32.545118    6.06062     1.7664 2.5710e+01    -0.0521     0.0000      98.73    97.6190     0.0707     104212    6.06063    0.00000    34.9281    34.9275         34 0.0000e+00
   1972.000   1944.277     3.0992     3.0999  32.544596  32.544750    6.05982     1.7665 2.5647e+01    -0.0527     0.0000      98.73    97.6064     0.0707     104242    6.05982    0.00000    34.9281    34.9275         29 0.0000e+00
   1970.000   1942.315     3.1002     3.1004  32.544576  32.544339    6.06198     1.7673 2.5772e+01    -0.0521     0.0000      98.73    97.6050     0.0707     104278    6.06186    0.00000    34.9280    34.9275         51 0.0000e+00
   1968.000   1940.352     3.1010     3.1011  32.544459  32.544200    6.06126     1.7675 2.5762e+01    -0.0525     0.0000      98.73    97.6010     0.0707     104348    6.06109    0.00000    34.9280    34.9275         61 0.0000e+00
   1966.000   1938.389     3.1045     3.1040  32.546569  32.545664    6.05914     1.7675 2.5563e+01    -0.0516     0.0000      98.73    97.6020     0.0707     104386    6.05879    0.00000    34.9277    34.9271         36 0.0000e+00
   1964.000   1936.426     3.1050     3.1053  32.546053  32.545983    6.05815     1.7677 2.5641e+01    -0.0520     0.0000      98.73    97.6065     0.0707     104435    6.05796    0.00000    34.9276    34.9272         68 0.0000e+00
   1962.000   1934.463     3.1053     3.1058  32.545303  32.545360    6.05912     1.7682 2.5643e+01    -0.0516     0.0000      98.73    97.6052     0.0707     104500    6.05886    0.00000    34.9273    34.9269         48 0.0000e+00
   1960.000   1932.500     3.1096     3.1090  32.548763  32.547500    6.05956     1.7687 2.5707e+01    -0.0525     0.0000      98.73    97.6092     0.0707     104537    6.05924    0.00000    34.9279    34.9269         34 0.0000e+00
   1958.000   1930.538     3.1168     3.1150  32.554975  32.552369    6.06078     1.7696 2.5717e+01    -0.0518     0.0000      98.73    97.6076     0.0707     104571    6.06064    0.00000    34.9286    34.9274         35 0.0000e+00
   1956.000   1928.575     3.1225     3.1210  32.559664  32.557561    6.05990     1.7700 2.5751e+01    -0.0531     0.0000      98.73    97.6124     0.0707     104613    6.05973    0.00000    34.9292    34.9282         52 0.0000e+00
   1954.000   1926.612     3.1269     3.1255  32.563212  32.561485    6.05821     1.7700 2.5587e+01    -0.0518     0.0000      98.73    97.6108     0.0707     104678    6.05764    0.00000    34.9297    34.9291         65 0.0000e+00
   1952.000   1924.649     3.1307     3.1278  32.566102  32.562656    6.05671     1.7700 2.5660e+01    -0.0530     0.0000      98.73    97.6117     0.0707     104727    6.05549    0.00000    34.9301    34.9290         40 0.0000e+00
   1950.000   1922.686     3.1328     3.1324  32.567341  32.566459    6.05370     1.7700 2.5562e+01    -0.0527     0.0000      98.73    97.6114     0.0707     104768    6.05338    0.00000    34.9303    34.9297         44 0.0000e+00
   1948.000   1920.723     3.1335     3.1336  32.567079  32.566889    6.05170     1.7700 2.5417e+01    -0.0519     0.0000      98.73    97.6117     0.0700     104820    6.05166    0.00000    34.9303    34.9299         59 0.0000e+00
   1946.000   1918.760     3.1316     3.1330  32.563911  32.565221    6.05101     1.7700 2.5225e+01    -0.0527     0.0000      98.73    97.6150     0.0701     104875    6.05045    0.00000    34.9294    34.9295         46 0.0000e+00
   1944.000   1916.797     3.1333     3.1335  32.564592  32.564168    6.05020     1.7703 2.5650e+01    -0.0514     0.0000      98.73    97.6072     0.0707     104913    6.04995    0.00000    34.9294    34.9286         34 0.0000e+00
   1942.000   1914.834     3.1344     3.1349  32.564453  32.564637    6.05159     1.7709 2.5639e+01    -0.0516     0.0000      98.73    97.6069     0.0707     104947    6.05142    0.00000    34.9290    34.9287         38 0.0000e+00
   1940.000   1912.871     3.1341     3.1345  32.563069  32.563279    6.05173     1.7713 2.5433e+01    -0.0520     0.0000      98.73    97.6101     0.0707     105010    6.05154    0.00000    34.9286    34.9284         78 0.0000e+00
   1938.000   1910.908     3.1383     3.1374  32.566027  32.564751    6.05140     1.7717 2.5505e+01    -0.0528     0.0000      98.73    97.6000     0.0707     105064    6.05131    0.00000    34.9287    34.9281         36 0.0000e+00
   1936.000   1908.945     3.1400     3.1401  32.566644  32.566298    6.05275     1.7724 2.5595e+01    -0.0514     0.0000      98.73    97.6075     0.0707     105100    6.05283    0.00000    34.9286    34.9282         39 0.0000e+00
   1934.000   1906.982     3.1402     3.1406  32.565996  32.566064    6.05331     1.7728 2.5066e+01    -0.0521     0.0000      98.73    97.6043     0.0707     105153    6.05335    0.00000    34.9287    34.9283         63 0.0000e+00
   1932.000   1905.019     3.1408     3.1410  32.565775  32.565430    6.05516     1.7736 2.5241e+01    -0.0519     0.0000      98.73    97.6044     0.0707     105204    6.05522    0.00000    34.9286    34.9281         39 0.0000e+00
   1930.000   1903.055     3.1427     3.1425  32.566651  32.566049    6.05381     1.7737 2.5444e+01    -0.0521     0.0000      98.73    97.6059     0.0707     105242    6.05386    0.00000    34.9287    34.9282         39 0.0000e+00
   1928.000   1901.092     3.1443     3.1442  32.567229  32.566675    6.05237     1.7737 2.5378e+01    -0.0525     0.0000      98.73    97.6075     0.0707     105283    6.05204    0.00000    34.9287    34.9281         44 0.0000e+00
   1926.000   1899.129     3.1450     3.1453  32.567122  32.567028    6.05162     1.7739 2.5382e+01    -0.0528     0.0000      98.73    97.6088     0.0707     105336    6.05150    0.00000    34.9287    34.9283         62 0.0000e+00
   1924.000   1897.166     3.1469     3.1465  32.567854  32.567079    6.05281     1.7746 2.5272e+01    -0.0526     0.0000      98.73    97.6123     0.0707     105394    6.05260    0.00000    34.9286    34.9281         46 0.0000e+00
   1922.000   1895.203     3.1509     3.1506  32.570662  32.569719    6.05205     1.7749 2.5392e+01    -0.0523     0.0000      98.73    97.6064     0.0707     105434    6.05180    0.00000    34.9286    34.9279         39 0.0000e+00
   1920.000   1893.239     3.1539     3.1535  32.572483  32.571800    6.05312     1.7756 2.5424e+01    -0.0525     0.0000      98.73    97.6055     0.0706     105481    6.05301    0.00000    34.9286    34.9282         60 0.0000e+00
   1918.000   1891.276     3.1550     3.1547  32.572591  32.572030    6.05551     1.7764 2.5075e+01    -0.0520     0.0000      98.73    97.6071     0.0702     105543    6.05554    0.00000    34.9286    34.9282         52 0.0000e+00
   1916.000   1889.313     3.1563     3.1564  32.572937  32.572541    6.05588     1.7769 2.5170e+01    -0.0530     0.0000      98.73    97.6104     0.0702     105584    6.05582    0.00000    34.9286    34.9280         36 0.0000e+00
   1914.000   1887.350     3.1574     3.1574  32.572825  32.572564    6.05278     1.7766 2.5085e+01    -0.0520     0.0000      98.73    97.6063     0.0703     105621    6.05278    0.00000    34.9282    34.9279         39 0.0000e+00
   1912.000   1885.386     3.1597     3.1593  32.573854  32.573224    6.05324     1.7771 2.5224e+01    -0.0527     0.0000      98.73    97.6084     0.0700     105665    6.05316    0.00000    34.9280    34.9277         53 0.0000e+00
   1910.000   1883.423     3.1629     3.1610  32.576010  32.573995    6.05763     1.7785 2.4976e+01    -0.0518     0.0000      98.73    97.6066     0.0700     105723    6.05798    0.00000    34.9282    34.9278         54 0.0000e+00
   1908.000   1881.460     3.1650     3.1645  32.577354  32.576308    6.05724     1.7786 2.5106e+01    -0.0531     0.0000      98.73    97.6093     0.0698     105769    6.05646    0.00000    34.9285    34.9277         42 0.0000e+00
   1906.000   1879.496     3.1687     3.1682  32.579953  32.578977    6.05882     1.7795 2.4920e+01    -0.0523     0.0000      98.73    97.6020     0.0698     105817    6.05830    0.00000    34.9287    34.9281         56 0.0000e+00
