Ship_data/Irminger/Irminger-2/ctd/process/OOI/uat30_005.cnv
* Sea-Bird SBE 9 Data File:
* FileName = C:\data\ctd\at30_005.hex
* Software Version Seasave V 7.21f
* Temperature SN = 2265
* Conductivity SN = 3021
* Number of Bytes Per Scan = 40
* Number of Voltage Words = 5
* Number of Scans Averaged by the Deck Unit = 1
* NMEA Latitude = 59 59.33 N
* NMEA Longitude = 039 27.67 W
* NMEA UTC (Time) = Aug 14 2015  19:36:17
# nquan = 21
# nvalues = 1351                        
# units = specified
# name 0 = prDM: Pressure, Digiquartz [db]
# name 1 = depSM: Depth [salt water, m]
# name 2 = t090C: Temperature [ITS-90, deg C]
# name 3 = t190C: Temperature, 2 [ITS-90, deg C]
# name 4 = c0mS/cm: Conductivity [mS/cm]
# name 5 = c1mS/cm: Conductivity, 2 [mS/cm]
# name 6 = sbeox0ML/L: Oxygen, SBE 43 [ml/l]
# name 7 = sbeox0V: Oxygen raw, SBE 43 [V]
# name 8 = spar: SPAR/Surface Irradiance
# name 9 = flECO-AFL: Fluorescence, WET Labs ECO-AFL/FL [mg/m^3]
# name 10 = v2: Voltage 2
# name 11 = altM: Altimeter [m]
# name 12 = CStarTr0: Beam Transmission, WET Labs C-Star [%]
# name 13 = turbWETntu0: Turbidity, WET Labs ECO [NTU]
# name 14 = scan: Scan Count
# name 15 = sbeox0ML/L: Oxygen, SBE 43 [ml/l], WS = 2
# name 16 = sbeox0dOV/dT: Oxygen, SBE 43 [dov/dt], WS = 2
# name 17 = sal00: Salinity, Practical [PSU]
# name 18 = sal11: Salinity, Practical, 2 [PSU]
# name 19 = nbin: number of scans per bin
# name 20 = flag: flag
# span 0 =      2.000,   2702.000       
# span 1 =      1.981,   2659.436       
# span 2 =     1.4178,     8.5873       
# span 3 =     1.4189,     8.5661       
# span 4 =  31.329763,  36.636317       
# span 5 =  31.329984,  36.615114       
# span 6 =    6.02033,    6.81459       
# span 7 =     1.6925,     2.5492       
# span 8 = 2.0436e+02, 1.3129e+03       
# span 9 =    -0.0248,    -0.0219       
# span 10 =     0.0000,     0.0000      
# span 11 =      10.23,      99.77      
# span 12 =    93.2974,    97.4608      
# span 13 =     0.0780,     0.0780      
# span 14 =      80408,     181448      
# span 15 =    6.02012,    6.81401      
# span 16 =    0.00000,    0.00000      
# span 17 =    34.8496,    35.0152      
# span 18 =    34.8486,    35.0134      
# span 19 =         25,        124      
# span 20 = 0.0000e+00, 0.0000e+00      
# interval = decibars: 2                
# start_time = Aug 14 2015 19:36:17 [NMEA time, header]
# bad_flag = -9.990e-29
*END*
[from data line 897]
    908.000    897.476     3.6653     3.6654  32.569285  32.569216    6.59794     2.1024 8.7388e+02    -0.0228     0.0000      98.78    97.3737     0.0780     141070    6.59775    0.00000    34.8896    34.8894         62 0.0000e+00
    906.000    895.503     3.6656     3.6660  32.568717  32.568999    6.59512     2.1022 8.4738e+02    -0.0224     0.0000      98.78    97.3668     0.0780     141158    6.59504    0.00000    34.8896    34.8896         94 0.0000e+00
    904.000    893.530     3.6652     3.6658  32.567357  32.567924    6.58723     2.1006 8.4115e+02    -0.0221     0.0000      98.78    97.3707     0.0780     141241    6.58700    0.00000    34.8894    34.8895         63 0.0000e+00
    902.000    891.558     3.6655     3.6660  32.566727  32.567095    6.58604     2.1008 8.5892e+02    -0.0226     0.0000      98.78    97.3704     0.0780     141291    6.58580    0.00000    34.8895    34.8893         43 0.0000e+00
    900.000    889.585     3.6668     3.6668  32.567184  32.567031    6.58717     2.1015 8.6461e+02    -0.0229     0.0000      98.78    97.3662     0.0780     141330    6.58691    0.00000    34.8897    34.8894         38 0.0000e+00
    898.000    887.613     3.6678     3.6678  32.567533  32.567434    6.59210     2.1032 8.4986e+02    -0.0224     0.0000      97.39    97.3690     0.0780     141381    6.59193    0.00000    34.8900    34.8899         76 0.0000e+00
    896.000    885.640     3.6683     3.6682  32.566997  32.566781    6.59462     2.1042 8.3656e+02    -0.0229     0.0000      98.93    97.3708     0.0780     141459    6.59465    0.00000    34.8899    34.8897         55 0.0000e+00
    894.000    883.668     3.6688     3.6689  32.566629  32.566511    6.59321     2.1043 8.4239e+02    -0.0227     0.0000      98.78    97.3651     0.0780     141498    6.59289    0.00000    34.8900    34.8897         35 0.0000e+00
    892.000    881.695     3.6689     3.6693  32.565846  32.566186    6.59232     2.1045 8.5214e+02    -0.0223     0.0000      98.78    97.3690     0.0780     141535    6.59212    0.00000    34.8900    34.8899         42 0.0000e+00
    890.000    879.722     3.6685     3.6690  32.564615  32.565037    6.58953     2.1042 8.5548e+02    -0.0229     0.0000      98.78    97.3656     0.0780     141592    6.58935    0.00000    34.8900    34.8900         69 0.0000e+00
    888.000    877.749     3.6698     3.6696  32.564966  32.564596    6.58843     2.1044 8.4585e+02    -0.0228     0.0000      98.78    97.3535     0.0780     141654    6.58820    0.00000    34.8900    34.8898         51 0.0000e+00
    886.000    875.777     3.6704     3.6705  32.564647  32.564660    6.59031     2.1053 8.3617e+02    -0.0227     0.0000      98.78    97.3661     0.0780     141699    6.59008    0.00000    34.8901    34.8900         43 0.0000e+00
    884.000    873.804     3.6714     3.6714  32.564759  32.564647    6.58905     2.1054 8.3915e+02    -0.0230     0.0000      98.78    97.3708     0.0780     141743    6.58881    0.00000    34.8902    34.8901         48 0.0000e+00
    882.000    871.831     3.6719     3.6719  32.564406  32.564501    6.59162     2.1065 8.4846e+02    -0.0228     0.0000      98.78    97.3661     0.0780     141800    6.59137    0.00000    34.8903    34.8904         64 0.0000e+00
    880.000    869.858     3.6723     3.6726  32.564050  32.564096    6.59536     2.1078 8.5909e+02    -0.0226     0.0000      98.78    97.3068     0.0780     141860    6.59508    0.00000    34.8904    34.8902         50 0.0000e+00
    878.000    867.885     3.6724     3.6729  32.563189  32.563497    6.59386     2.1079 8.5916e+02    -0.0225     0.0000      98.78    97.3687     0.0780     141901    6.59365    0.00000    34.8904    34.8902         37 0.0000e+00
    876.000    865.913     3.6729     3.6731  32.562852  32.562915    6.59640     2.1090 8.4235e+02    -0.0225     0.0000      98.78    97.3662     0.0780     141940    6.59634    0.00000    34.8904    34.8903         45 0.0000e+00
    874.000    863.940     3.6739     3.6742  32.562948  32.563161    6.59537     2.1091 8.3551e+02    -0.0223     0.0000      98.78    97.3661     0.0780     142003    6.59513    0.00000    34.8905    34.8905         74 0.0000e+00
    872.000    861.967     3.6750     3.6747  32.563098  32.562718    6.59502     2.1095 8.5994e+02    -0.0233     0.0000      98.78    97.3661     0.0780     142062    6.59482    0.00000    34.8906    34.8905         44 0.0000e+00
    870.000    859.994     3.6747     3.6751  32.561912  32.562145    6.59921     2.1110 8.6395e+02    -0.0226     0.0000      98.78    97.3717     0.0780     142104    6.59930    0.00000    34.8906    34.8904         44 0.0000e+00
    868.000    858.021     3.6740     3.6745  32.560337  32.560940    6.59903     2.1113 8.3938e+02    -0.0225     0.0000      98.78    97.3629     0.0780     142151    6.59895    0.00000    34.8905    34.8906         51 0.0000e+00
    866.000    856.048     3.6737     3.6742  32.559242  32.559669    6.59624     2.1111 8.3691e+02    -0.0231     0.0000      98.78    97.2574     0.0780     142206    6.59622    0.00000    34.8905    34.8905         57 0.0000e+00
    864.000    854.075     3.6737     3.6741  32.558327  32.558738    6.59526     2.1112 8.8060e+02    -0.0232     0.0000      98.78    97.3690     0.0780     142260    6.59500    0.00000    34.8904    34.8905         50 0.0000e+00
    862.000    852.102     3.6737     3.6741  32.557415  32.557746    6.59771     2.1122 8.6262e+02    -0.0225     0.0000      98.78    97.3667     0.0780     142308    6.59745    0.00000    34.8905    34.8903         49 0.0000e+00
    860.000    850.129     3.6738     3.6741  32.556640  32.556937    6.59888     2.1129 8.3791e+02    -0.0232     0.0000      98.78    97.3709     0.0780     142361    6.59869    0.00000    34.8904    34.8905         55 0.0000e+00
    858.000    848.156     3.6739     3.6743  32.555780  32.556139    6.59805     2.1131 8.4692e+02    -0.0230     0.0000      98.78    97.3760     0.0780     142413    6.59784    0.00000    34.8903    34.8903         47 0.0000e+00
    856.000    846.183     3.6735     3.6740  32.554500  32.554956    6.59770     2.1134 8.6571e+02    -0.0226     0.0000      98.78    97.3748     0.0780     142461    6.59741    0.00000    34.8903    34.8903         49 0.0000e+00
    854.000    844.210     3.6736     3.6740  32.553673  32.553922    6.59575     2.1133 8.6226e+02    -0.0229     0.0000      98.78    97.3557     0.0780     142508    6.59550    0.00000    34.8902    34.8900         46 0.0000e+00
    852.000    842.237     3.6747     3.6746  32.553956  32.553793    6.59527     2.1137 8.4816e+02    -0.0233     0.0000      98.78    97.3590     0.0780     142558    6.59504    0.00000    34.8904    34.8903         57 0.0000e+00
    850.000    840.264     3.6769     3.6768  32.555258  32.555018    6.59637     2.1145 8.4222e+02    -0.0225     0.0000      98.78    97.3682     0.0780     142624    6.59613    0.00000    34.8907    34.8905         65 0.0000e+00
    848.000    838.291     3.6783     3.6783  32.555699  32.555479    6.59664     2.1150 8.5282e+02    -0.0229     0.0000      98.78    97.3736     0.0780     142675    6.59639    0.00000    34.8908    34.8905         42 0.0000e+00
    846.000    836.318     3.6793     3.6795  32.555936  32.555937    6.59958     2.1162 8.6522e+02    -0.0224     0.0000      98.78    97.3712     0.0780     142715    6.59932    0.00000    34.8910    34.8908         41 0.0000e+00
    844.000    834.345     3.6796     3.6800  32.555347  32.555582    6.60053     2.1168 8.6006e+02    -0.0239     0.0000      98.78    97.3710     0.0780     142758    6.60029    0.00000    34.8911    34.8909         44 0.0000e+00
    842.000    832.372     3.6793     3.6797  32.554202  32.554587    6.59699     2.1163 8.2787e+02    -0.0227     0.0000      98.78    97.3739     0.0780     142811    6.59644    0.00000    34.8911    34.8911         68 0.0000e+00
    840.000    830.399     3.6796     3.6800  32.553555  32.553810    6.59379     2.1161 8.4925e+02    -0.0225     0.0000      98.78    97.3654     0.0780     142883    6.59400    0.00000    34.8910    34.8909         62 0.0000e+00
    838.000    828.426     3.6809     3.6812  32.554042  32.554094    6.59535     2.1169 8.7499e+02    -0.0228     0.0000      98.78    97.3800     0.0780     142931    6.59517    0.00000    34.8912    34.8910         39 0.0000e+00
    836.000    826.452     3.6834     3.6832  32.555577  32.555344    6.59662     2.1177 8.5362e+02    -0.0221     0.0000      98.78    97.3736     0.0780     142969    6.59645    0.00000    34.8915    34.8913         40 0.0000e+00
    834.000    824.479     3.6843     3.6842  32.555595  32.555515    6.59618     2.1181 8.2774e+02    -0.0231     0.0000      98.78    97.3720     0.0780     143014    6.59598    0.00000    34.8916    34.8915         49 0.0000e+00
    832.000    822.506     3.6844     3.6846  32.554811  32.555042    6.59285     2.1177 8.3706e+02    -0.0229     0.0000      98.78    97.3760     0.0780     143067    6.59274    0.00000    34.8916    34.8916         59 0.0000e+00
    830.000    820.533     3.6839     3.6844  32.553504  32.553846    6.59365     2.1183 8.6152e+02    -0.0230     0.0000      98.78    97.3730     0.0780     143128    6.59355    0.00000    34.8915    34.8915         59 0.0000e+00
    828.000    818.559     3.6849     3.6850  32.553522  32.553602    6.59521     2.1191 8.5081e+02    -0.0235     0.0000      98.78    97.3740     0.0780     143182    6.59505    0.00000    34.8916    34.8915         51 0.0000e+00
    826.000    816.586     3.6853     3.6855  32.553069  32.553131    6.59589     2.1197 8.2864e+02    -0.0230     0.0000      98.78    97.3717     0.0780     143234    6.59575    0.00000    34.8916    34.8915         54 0.0000e+00
    824.000    814.613     3.6862     3.6862  32.553109  32.553070    6.59782     2.1206 8.4297e+02    -0.0227     0.0000      98.78    97.3710     0.0780     143290    6.59765    0.00000    34.8918    34.8917         57 0.0000e+00
    822.000    812.639     3.6881     3.6882  32.554186  32.554241    6.60081     2.1219 8.5432e+02    -0.0226     0.0000      98.78    97.3754     0.0780     143365    6.60062    0.00000    34.8921    34.8921         79 0.0000e+00
    820.000    810.666     3.6895     3.6897  32.554643  32.554662    6.59472     2.1209 8.3361e+02    -0.0230     0.0000      98.78    97.3609     0.0780     143475    6.59466    0.00000    34.8922    34.8920         62 0.0000e+00
    818.000    808.693     3.6889     3.6892  32.553192  32.553508    6.59334     2.1209 8.4158e+02    -0.0224     0.0000      98.78    97.3728     0.0780     143528    6.59312    0.00000    34.8921    34.8922         64 0.0000e+00
    816.000    806.719     3.6864     3.6867  32.549633  32.549984    6.59767     2.1223 8.5095e+02    -0.0229     0.0000      98.78    97.3726     0.0780     143630    6.59752    0.00000    34.8916    34.8917        121 0.0000e+00
    814.000    804.746     3.6861     3.6869  32.548350  32.549083    6.59688     2.1225 8.4533e+02    -0.0230     0.0000      98.78    97.3551     0.0780     143714    6.59672    0.00000    34.8914    34.8914         55 0.0000e+00
    812.000    802.772     3.6891     3.6889  32.550542  32.550297    6.59838     2.1234 8.4744e+02    -0.0229     0.0000      98.78    97.3663     0.0780     143824    6.59810    0.00000    34.8919    34.8918         66 0.0000e+00
    810.000    800.799     3.6913     3.6911  32.551954  32.551675    6.60365     2.1252 8.4727e+02    -0.0226     0.0000      98.78    97.3793     0.0780     144124    6.60348    0.00000    34.8923    34.8921         64 0.0000e+00
    808.000    798.826     3.6930     3.6935  32.552607  32.553038    6.60170     2.1252 8.3389e+02    -0.0225     0.0000      98.78    97.3735     0.0780     145461    6.60160    0.00000    34.8923    34.8923         59 0.0000e+00
    806.000    796.852     3.6931     3.6935  32.551991  32.552325    6.60215     2.1258 8.2708e+02    -0.0229     0.0000      98.78    97.3594     0.0780     145483    6.60208    0.00000    34.8925    34.8925         82 0.0000e+00
    804.000    794.879     3.6937     3.6940  32.551545  32.551793    6.60349     2.1265 8.1787e+02    -0.0228     0.0000      98.78    97.3789     0.0780     145571    6.60339    0.00000    34.8924    34.8924         71 0.0000e+00
    802.000    792.905     3.6923     3.6931  32.549258  32.549901    6.59615     2.1251 8.3604e+02    -0.0226     0.0000      98.78    97.3686     0.0780     145623    6.59590    0.00000    34.8922    34.8921         43 0.0000e+00
    800.000    790.931     3.6903     3.6910  32.546177  32.546637    6.60005     2.1263 8.3702e+02    -0.0226     0.0000      98.78    97.3701     0.0780     145663    6.59982    0.00000    34.8917    34.8915         41 0.0000e+00
    798.000    788.958     3.6878     3.6890  32.542727  32.544094    6.60407     2.1277 8.2351e+02    -0.0228     0.0000      98.78    97.3711     0.0780     145713    6.60402    0.00000    34.8913    34.8916         62 0.0000e+00
    796.000    786.985     3.6852     3.6862  32.539147  32.540032    6.60478     2.1281 8.2399e+02    -0.0228     0.0000      68.35    97.3660     0.0780     145777    6.60466    0.00000    34.8908    34.8908         55 0.0000e+00
    794.000    785.011     3.6859     3.6864  32.538953  32.539434    6.60268     2.1280 8.2525e+02    -0.0221     0.0000      98.75    97.3790     0.0780     145822    6.60252    0.00000    34.8908    34.8909         41 0.0000e+00
    792.000    783.037     3.6869     3.6873  32.539094  32.539162    6.60530     2.1292 8.2031e+02    -0.0230     0.0000      98.78    97.3743     0.0780     145864    6.60528    0.00000    34.8910    34.8907         42 0.0000e+00
    790.000    781.064     3.6908     3.6907  32.542181  32.541811    6.60300     2.1292 8.1997e+02    -0.0226     0.0000      98.78    97.3767     0.0780     145906    6.60276    0.00000    34.8916    34.8913         42 0.0000e+00
    788.000    779.090     3.6929     3.6927  32.543339  32.543095    6.60445     2.1301 8.2788e+02    -0.0230     0.0000      98.78    97.3736     0.0780     145953    6.60436    0.00000    34.8918    34.8917         60 0.0000e+00
    786.000    777.116     3.6958     3.6958  32.545380  32.544852    6.60016     2.1295 8.2634e+02    -0.0227     0.0000      93.75    97.3659     0.0780     146020    6.59992    0.00000    34.8922    34.8915         60 0.0000e+00
    784.000    775.143     3.6960     3.6965  32.544587  32.545037    6.59750     2.1293 8.1775e+02    -0.0222     0.0000      71.75    97.3607     0.0780     146069    6.59726    0.00000    34.8921    34.8921         43 0.0000e+00
    782.000    773.169     3.6939     3.6950  32.541543  32.542635    6.59755     2.1296 8.1734e+02    -0.0225     0.0000      98.72    97.3791     0.0780     146108    6.59733    0.00000    34.8918    34.8919         38 0.0000e+00
    780.000    771.195     3.6935     3.6943  32.540317  32.541154    6.59810     2.1302 8.2885e+02    -0.0227     0.0000      98.78    97.3778     0.0780     146149    6.59786    0.00000    34.8918    34.8919         45 0.0000e+00
    778.000    769.221     3.6917     3.6925  32.537621  32.538516    6.60067     2.1311 8.2907e+02    -0.0229     0.0000      98.78    97.3843     0.0780     146201    6.60044    0.00000    34.8915    34.8916         57 0.0000e+00
    776.000    767.248     3.6885     3.6896  32.533528  32.534566    6.60037     2.1313 8.1001e+02    -0.0229     0.0000      98.78    97.3815     0.0780     146263    6.60014    0.00000    34.8910    34.8911         61 0.0000e+00
    774.000    765.274     3.6890     3.6893  32.533059  32.533302    6.59836     2.1313 8.1655e+02    -0.0224     0.0000      69.02    97.3760     0.0780     146312    6.59820    0.00000    34.8910    34.8910         41 0.0000e+00
