Ship_data/Irminger/Irminger-2/ctd/process/OOI/uat30_003.cnv
* Sea-Bird SBE 9 Data File:
* FileName = C:\data\ctd\at30_003.hex
* Software Version Seasave V 7.21f
* Temperature SN = 2265
* Conductivity SN = 3021
* Number of Bytes Per Scan = 40
* Number of Voltage Words = 5
* Number of Scans Averaged by the Deck Unit = 1
* NMEA Latitude = 42 31.25 N
* NMEA Longitude = 062 34.71 W
* NMEA UTC (Time) = Aug 07 2015  17:47:11
# nquan = 21
# nvalues = 755                         
# units = specified
# name 0 = prDM: Pressure, Digiquartz [db]
# name 1 = depSM: Depth [salt water, m]
# name 2 = t090C: Temperature [ITS-90, deg C]
# name 3 = t190C: Temperature, 2 [ITS-90, deg C]
# name 4 = c0mS/cm: Conductivity [mS/cm]
# name 5 = c1mS/cm: Conductivity, 2 [mS/cm]
# name 6 = sbeox0ML/L: Oxygen, SBE 43 [ml/l]
# name 7 = sbeox0V: Oxygen raw, SBE 43 [V]
# name 8 = spar: SPAR/Surface Irradiance
# name 9 = flECO-AFL: Fluorescence, WET Labs ECO-AFL/FL [mg/m^3]
# name 10 = v2: Voltage 2
# name 11 = altM: Altimeter [m]
# name 12 = CStarTr0: Beam Transmission, WET Labs C-Star [%]
# name 13 = turbWETntu0: Turbidity, WET Labs ECO [NTU]
# name 14 = scan: Scan Count
# name 15 = sbeox0ML/L: Oxygen, SBE 43 [ml/l], WS = 2
# name 16 = sbeox0dOV/dT: Oxygen, SBE 43 [dov/dt], WS = 2
# name 17 = sal00: Salinity, Practical [PSU]
# name 18 = sal11: Salinity, Practical, 2 [PSU]
# name 19 = nbin: number of scans per bin
# name 20 = flag: flag
# span 0 =     10.000,   1518.000       
# span 1 =      9.921,   1500.557       
# span 2 =     3.9367,    21.3606       
# span 3 =     3.9373,    21.3717       
# span 4 =  33.125328,  47.405275       
# span 5 =  33.125161,  47.406917       
# span 6 =    3.09227,    6.40973       
# span 7 =     1.4640,     2.8728       
# span 8 = 1.2377e+03, 2.1696e+03       
# span 9 =    -0.0214,    -0.0168       
# span 10 =     0.0000,     0.0000      
# span 11 =      77.42,      99.29      
# span 12 =    91.3964,    97.7290      
# span 13 =     0.0707,     0.0707      
# span 14 =     103166,     186535      
# span 15 =    3.09207,    6.40897      
# span 16 =    0.00000,    0.00000      
# span 17 =    33.4866,    35.7265      
# span 18 =    33.4793,    35.7251      
# span 19 =         17,        134      
# span 20 = 0.0000e+00, 0.0000e+00      
# interval = decibars: 2                
# start_time = Aug 07 2015 17:47:11 [NMEA time, header]
# bad_flag = -9.990e-29
*END*
[from data line 483]
    552.000    546.915     5.8070     5.8035  34.463701  34.459639    4.76616     1.7893 1.6293e+03    -0.0190     0.0000      98.78    97.5234     0.0707     153421    4.76585    0.00000    35.0279    35.0268         48 0.0000e+00
    550.000    544.936     5.8272     5.8120  34.482330  34.466935    4.75816     1.7882 1.6230e+03    -0.0205     0.0000      98.78    97.5231     0.0707     153472    4.75796    0.00000    35.0290    35.0273         52 0.0000e+00
    548.000    542.957     5.8607     5.8475  34.513232  34.498225    4.74507     1.7861 1.6297e+03    -0.0198     0.0000      98.78    97.5231     0.0707     153521    4.74483    0.00000    35.0304    35.0271         46 0.0000e+00
    546.000    540.978     5.8804     5.8714  34.531220  34.521526    4.73436     1.7842 1.6311e+03    -0.0206     0.0000      98.78    97.5231     0.0707     153566    4.73414    0.00000    35.0314    35.0297         44 0.0000e+00
    544.000    538.999     5.8923     5.8856  34.541705  34.534562    4.72237     1.7817 1.6166e+03    -0.0200     0.0000      98.78    97.5098     0.0707     153612    4.72204    0.00000    35.0319    35.0308         51 0.0000e+00
    542.000    537.020     5.8955     5.8927  34.543809  34.540548    4.70633     1.7779 1.5962e+03    -0.0199     0.0000      98.78    97.5095     0.0707     153664    4.70613    0.00000    35.0320    35.0312         49 0.0000e+00
    540.000    535.041     5.8994     5.8991  34.546244  34.545029    4.69341     1.7749 1.5911e+03    -0.0205     0.0000      98.78    97.5102     0.0707     153708    4.69331    0.00000    35.0317    35.0307         42 0.0000e+00
    538.000    533.062     5.9057     5.9036  34.551010  34.548594    4.69161     1.7750 1.5922e+03    -0.0200     0.0000      98.78    97.4625     0.0707     153756    4.69153    0.00000    35.0316    35.0310         52 0.0000e+00
    536.000    531.083     5.9156     5.9111  34.559633  34.554112    4.68304     1.7733 1.6003e+03    -0.0195     0.0000      98.78    97.5062     0.0707     153805    4.68281    0.00000    35.0322    35.0306         46 0.0000e+00
    534.000    529.104     5.9580     5.9439  34.599621  34.584258    4.67662     1.7733 1.6162e+03    -0.0198     0.0000      98.78    97.5087     0.0707     153853    4.67634    0.00000    35.0345    35.0317         52 0.0000e+00
    532.000    527.124     5.9774     5.9651  34.617378  34.603389    4.66283     1.7705 1.6207e+03    -0.0195     0.0000      98.78    97.5177     0.0707     153903    4.66261    0.00000    35.0355    35.0325         44 0.0000e+00
    530.000    525.145     5.9961     5.9897  34.634460  34.626579    4.64964     1.7679 1.6155e+03    -0.0189     0.0000      98.78    97.5170     0.0707     153942    4.64944    0.00000    35.0365    35.0343         39 0.0000e+00
    528.000    523.166     6.0148     6.0052  34.651613  34.641569    4.63989     1.7662 1.6169e+03    -0.0197     0.0000      98.78    97.5113     0.0707     153987    4.63964    0.00000    35.0376    35.0362         54 0.0000e+00
    526.000    521.187     6.0353     6.0170  34.670370  34.651713    4.61822     1.7614 1.6221e+03    -0.0189     0.0000      98.78    97.5162     0.0707     154047    4.61799    0.00000    35.0386    35.0364         57 0.0000e+00
    524.000    519.208     6.0639     6.0527  34.697268  34.683901    4.59843     1.7573 1.6254e+03    -0.0199     0.0000      98.78    97.5130     0.0707     154095    4.59815    0.00000    35.0404    35.0369         40 0.0000e+00
    522.000    517.229     6.1050     6.0937  34.736075  34.722710    4.58732     1.7560 1.6030e+03    -0.0193     0.0000      98.78    97.5231     0.0707     154132    4.58708    0.00000    35.0427    35.0393         37 0.0000e+00
    520.000    515.250     6.1284     6.1151  34.757835  34.743813    4.58015     1.7551 1.6105e+03    -0.0203     0.0000      98.78    97.5235     0.0707     154177    4.57991    0.00000    35.0441    35.0420         59 0.0000e+00
    518.000    513.270     6.1593     6.1344  34.787537  34.760755    4.55313     1.7492 1.6023e+03    -0.0193     0.0000      98.78    97.5323     0.0707     154239    4.55290    0.00000    35.0467    35.0422         53 0.0000e+00
    516.000    511.291     6.1966     6.1883  34.823290  34.812057    4.53103     1.7447 1.5996e+03    -0.0196     0.0000      98.78    97.5626     0.0707     154282    4.53067    0.00000    35.0494    35.0453         39 0.0000e+00
    514.000    509.312     6.2609     6.2398  34.885224  34.862754    4.51439     1.7425 1.5965e+03    -0.0194     0.0000      98.78    97.5840     0.0707     154320    4.51415    0.00000    35.0538    35.0502         39 0.0000e+00
    512.000    507.332     6.2961     6.2718  34.918740  34.893164    4.49697     1.7392 1.5934e+03    -0.0197     0.0000      98.78    97.5916     0.0707     154369    4.49668    0.00000    35.0561    35.0524         60 0.0000e+00
    510.000    505.353     6.3172     6.3017  34.938136  34.921826    4.46347     1.7312 1.5925e+03    -0.0188     0.0000      98.78    97.5995     0.0707     154427    4.46322    0.00000    35.0571    35.0547         48 0.0000e+00
    508.000    503.374     6.3313     6.3276  34.951160  34.945916    4.44523     1.7270 1.5852e+03    -0.0195     0.0000      98.78    97.6135     0.0707     154469    4.44499    0.00000    35.0582    35.0562         40 0.0000e+00
    506.000    501.394     6.3626     6.3507  34.980268  34.967554    4.43451     1.7253 1.5826e+03    -0.0195     0.0000      98.78    97.6159     0.0707     154511    4.43427    0.00000    35.0596    35.0576         47 0.0000e+00
    504.000    499.415     6.3775     6.3623  34.993267  34.978021    4.42211     1.7227 1.5825e+03    -0.0198     0.0000      98.78    97.6096     0.0707     154564    4.42189    0.00000    35.0598    35.0584         56 0.0000e+00
    502.000    497.435     6.3890     6.3832  35.003046  34.996273    4.40145     1.7178 1.5756e+03    -0.0205     0.0000      98.78    97.6104     0.0707     154616    4.40116    0.00000    35.0600    35.0584         46 0.0000e+00
    500.000    495.456     6.4055     6.4028  35.017940  35.014069    4.39207     1.7161 1.4337e+03    -0.0189     0.0000      98.78    97.5879     0.0707     154656    4.39192    0.00000    35.0607    35.0592         37 0.0000e+00
    498.000    493.477     6.4172     6.4130  35.028181  35.022807    4.39192     1.7167 1.5656e+03    -0.0206     0.0000      98.78    97.6084     0.0707     154696    4.39177    0.00000    35.0611    35.0594         46 0.0000e+00
    496.000    491.497     6.4744     6.4419  35.083140  35.050624    4.38137     1.7158 1.5753e+03    -0.0196     0.0000      98.78    97.6120     0.0707     154753    4.38109    0.00000    35.0647    35.0618         63 0.0000e+00
    494.000    489.518     6.5116     6.4913  35.118679  35.094994    4.36237     1.7121 1.5654e+03    -0.0194     0.0000      98.78    97.6195     0.0707     154807    4.36214    0.00000    35.0672    35.0616         44 0.0000e+00
    492.000    487.538     6.5398     6.5337  35.144561  35.137517    4.34754     1.7092 1.5400e+03    -0.0185     0.0000      98.78    97.6277     0.0707     154847    4.34729    0.00000    35.0681    35.0665         39 0.0000e+00
    490.000    485.559     6.5471     6.5430  35.150821  35.146030    4.33321     1.7058 1.5434e+03    -0.0195     0.0000      98.78    97.6296     0.0707     154889    4.33291    0.00000    35.0686    35.0675         46 0.0000e+00
    488.000    483.579     6.5547     6.5501  35.157133  35.151817    4.31569     1.7016 1.5363e+03    -0.0201     0.0000      98.78    97.6299     0.0707     154937    4.31544    0.00000    35.0688    35.0677         50 0.0000e+00
    486.000    481.599     6.5604     6.5566  35.161407  35.157004    4.30708     1.6997 1.5172e+03    -0.0187     0.0000      98.78    97.6314     0.0707     154990    4.30695    0.00000    35.0688    35.0677         53 0.0000e+00
    484.000    479.620     6.5634     6.5622  35.163151  35.161315    4.29988     1.6981 1.5059e+03    -0.0190     0.0000      98.78    97.6277     0.0707     155037    4.29960    0.00000    35.0686    35.0678         43 0.0000e+00
    482.000    477.640     6.5715     6.5671  35.170142  35.164970    4.29945     1.6986 1.4915e+03    -0.0192     0.0000      98.78    97.6285     0.0707     155080    4.29915    0.00000    35.0691    35.0678         46 0.0000e+00
    480.000    475.661     6.6131     6.5940  35.209685  35.189714    4.29742     1.6995 1.4628e+03    -0.0198     0.0000      98.78    97.6311     0.0707     155131    4.29709    0.00000    35.0715    35.0688         53 0.0000e+00
    478.000    473.681     6.6302     6.6183  35.225478  35.212178    4.28912     1.6981 1.4647e+03    -0.0197     0.0000      98.78    97.6350     0.0707     155181    4.28889    0.00000    35.0725    35.0699         44 0.0000e+00
    476.000    471.701     6.6445     6.6414  35.238206  35.234106    4.27684     1.6954 1.4938e+03    -0.0194     0.0000      98.78    97.6301     0.0707     155221    4.27654    0.00000    35.0730    35.0716         39 0.0000e+00
    474.000    469.722     6.6486     6.6472  35.241112  35.239207    4.27241     1.6947 1.5265e+03    -0.0202     0.0000      98.78    97.6241     0.0707     155263    4.27215    0.00000    35.0730    35.0724         50 0.0000e+00
    472.000    467.742     6.6508     6.6479  35.242308  35.238816    4.26261     1.6924 1.5466e+03    -0.0186     0.0000      98.78    97.6252     0.0707     155323    4.26240    0.00000    35.0731    35.0722         61 0.0000e+00
    470.000    465.762     6.6536     6.6538  35.244001  35.243164    4.25609     1.6909 1.5264e+03    -0.0189     0.0000      98.78    97.6277     0.0707     155372    4.25583    0.00000    35.0731    35.0720         39 0.0000e+00
    468.000    463.783     6.6757     6.6650  35.264851  35.252979    4.25288     1.6910 1.4941e+03    -0.0190     0.0000      98.78    97.6243     0.0707     155410    4.25263    0.00000    35.0746    35.0724         41 0.0000e+00
    466.000    461.803     6.7199     6.7018  35.306498  35.287364    4.25168     1.6923 1.4773e+03    -0.0194     0.0000      98.78    97.6132     0.0707     155460    4.25137    0.00000    35.0766    35.0739         59 0.0000e+00
    464.000    459.823     6.7392     6.7276  35.324437  35.311946    4.23470     1.6885 1.4867e+03    -0.0193     0.0000      98.78    97.6291     0.0707     155515    4.23446    0.00000    35.0778    35.0758         45 0.0000e+00
    462.000    457.843     6.7837     6.7722  35.366483  35.352920    4.21856     1.6857 1.4879e+03    -0.0193     0.0000      98.78    97.6277     0.0707     155554    4.21840    0.00000    35.0799    35.0766         37 0.0000e+00
    460.000    455.863     6.8038     6.7965  35.384291  35.376526    4.21267     1.6849 1.4936e+03    -0.0202     0.0000      98.78    97.6277     0.0707     155598    4.21239    0.00000    35.0801    35.0789         53 0.0000e+00
    458.000    453.884     6.8084     6.8024  35.387510  35.381069    4.19291     1.6799 1.5006e+03    -0.0198     0.0000      98.78    97.6277     0.0707     155653    4.19271    0.00000    35.0799    35.0789         54 0.0000e+00
    456.000    451.904     6.8188     6.8163  35.396185  35.392586    4.17529     1.6756 1.5157e+03    -0.0189     0.0000      98.78    97.6298     0.0707     155702    4.17508    0.00000    35.0799    35.0785         45 0.0000e+00
    454.000    449.924     6.8479     6.8392  35.423347  35.412483    4.16653     1.6743 1.5289e+03    -0.0203     0.0000      98.78    97.5770     0.0707     155745    4.16629    0.00000    35.0812    35.0781         41 0.0000e+00
    452.000    447.944     6.8995     6.8819  35.471615  35.453231    4.16061     1.6745 1.5286e+03    -0.0197     0.0000      98.78    97.6299     0.0707     155790    4.16036    0.00000    35.0829    35.0806         50 0.0000e+00
    450.000    445.964     6.9184     6.8991  35.489158  35.469386    4.14484     1.6710 1.5101e+03    -0.0202     0.0000      98.78    97.6316     0.0707     155840    4.14460    0.00000    35.0840    35.0818         48 0.0000e+00
    448.000    443.984     6.9661     6.9505  35.533335  35.515687    4.12035     1.6658 1.4877e+03    -0.0198     0.0000      98.78    97.6213     0.0707     155887    4.12008    0.00000    35.0851    35.0815         48 0.0000e+00
    446.000    442.004     6.9908     6.9784  35.555898  35.542633    4.10138     1.6616 1.4905e+03    -0.0204     0.0000      98.78    97.6359     0.0707     155936    4.10117    0.00000    35.0857    35.0838         49 0.0000e+00
    444.000    440.024     7.0169     7.0055  35.580689  35.567543    4.07675     1.6558 1.4975e+03    -0.0197     0.0000      98.78    97.6324     0.0707     155982    4.07647    0.00000    35.0875    35.0846         44 0.0000e+00
    442.000    438.044     7.0630     7.0420  35.625049  35.602379    4.06383     1.6537 1.4984e+03    -0.0208     0.0000      98.78    97.6278     0.0707     156028    4.06347    0.00000    35.0904    35.0868         47 0.0000e+00
    440.000    436.064     7.0863     7.0764  35.645584  35.634716    4.04944     1.6507 1.4873e+03    -0.0204     0.0000      98.78    97.6277     0.0707     156074    4.04919    0.00000    35.0903    35.0884         44 0.0000e+00
    438.000    434.084     7.0994     7.0926  35.656861  35.649394    4.03149     1.6464 1.4859e+03    -0.0199     0.0000      98.78    97.6277     0.0707     156119    4.03122    0.00000    35.0903    35.0890         49 0.0000e+00
    436.000    432.104     7.1271     7.1116  35.682473  35.666072    4.01198     1.6420 1.4960e+03    -0.0201     0.0000      98.78    97.6277     0.0707     156172    4.01174    0.00000    35.0912    35.0890         53 0.0000e+00
    434.000    430.124     7.1482     7.1406  35.701822  35.692858    3.99595     1.6384 1.5216e+03    -0.0195     0.0000      98.78    97.6277     0.0707     156220    3.99570    0.00000    35.0920    35.0899         46 0.0000e+00
    432.000    428.144     7.1850     7.1712  35.736935  35.721087    3.98244     1.6359 1.5119e+03    -0.0192     0.0000      98.78    97.6277     0.0707     156267    3.98210    0.00000    35.0941    35.0908         46 0.0000e+00
    430.000    426.164     7.2272     7.2074  35.776847  35.755161    3.96877     1.6336 1.5645e+03    -0.0193     0.0000      98.78    97.6277     0.0707     156310    3.96856    0.00000    35.0960    35.0924         40 0.0000e+00
    428.000    424.184     7.2621     7.2486  35.809758  35.794285    3.95360     1.6306 1.5832e+03    -0.0189     0.0000      98.78    97.6277     0.0707     156353    3.95334    0.00000    35.0977    35.0944         51 0.0000e+00
    426.000    422.204     7.3061     7.2855  35.851650  35.830872    3.92814     1.6249 1.5867e+03    -0.0200     0.0000      98.78    97.6277     0.0707     156414    3.92784    0.00000    35.0998    35.0979         60 0.0000e+00
    424.000    420.224     7.3442     7.3337  35.887367  35.873886    3.90514     1.6198 1.5804e+03    -0.0206     0.0000      98.78    97.6277     0.0707     156461    3.90490    0.00000    35.1012    35.0971         39 0.0000e+00
    422.000    418.243     7.3694     7.3640  35.910170  35.902810    3.89135     1.6169 1.5827e+03    -0.0193     0.0000      98.78    97.6277     0.0707     156498    3.89110    0.00000    35.1016    35.0990         39 0.0000e+00
    420.000    416.263     7.4054     7.3875  35.944165  35.925768    3.87666     1.6140 1.5789e+03    -0.0200     0.0000      98.78    97.6277     0.0707     156544    3.87634    0.00000    35.1032    35.1012         52 0.0000e+00
    418.000    414.283     7.4218     7.4092  35.959171  35.945312    3.85630     1.6090 1.5781e+03    -0.0199     0.0000      98.78    97.6289     0.0707     156598    3.85609    0.00000    35.1039    35.1016         53 0.0000e+00
