Ship_data/Irminger/Irminger-2/ctd/process/OOI/uat30_007.cnv
* Sea-Bird SBE 9 Data File:
* FileName = C:\data\ctd\at30_007.hex
* Software Version Seasave V 7.21f
* Temperature SN = 2265
* Conductivity SN = 3021
* Number of Bytes Per Scan = 40
* Number of Voltage Words = 5
* Number of Scans Averaged by the Deck Unit = 1
* NMEA Latitude = 59 46.29 N
* NMEA Longitude = 039 52.92 W
* NMEA UTC (Time) = Aug 17 2015  23:01:49
** Site of FLMA 2015 -- need to confirm bottom depth
# nquan = 21
# nvalues = 1360                        
# units = specified
# name 0 = prDM: Pressure, Digiquartz [db]
# name 1 = depSM: Depth [salt water, m]
# name 2 = t090C: Temperature [ITS-90, deg C]
# name 3 = t190C: Temperature, 2 [ITS-90, deg C]
# name 4 = c0mS/cm: Conductivity [mS/cm]
# name 5 = c1mS/cm: Conductivity, 2 [mS/cm]
# name 6 = sbeox0ML/L: Oxygen, SBE 43 [ml/l]
# name 7 = sbeox0V: Oxygen raw, SBE 43 [V]
# name 8 = spar: SPAR/Surface Irradiance
# name 9 = flECO-AFL: Fluorescence, WET Labs ECO-AFL/FL [mg/m^3]
# name 10 = v2: Voltage 2
# name 11 = altM: Altimeter [m]
# name 12 = CStarTr0: Beam Transmission, WET Labs C-Star [%]
# name 13 = turbWETntu0: Turbidity, WET Labs ECO [NTU]
# name 14 = scan: Scan Count
# name 15 = sbeox0ML/L: Oxygen, SBE 43 [ml/l], WS = 2
# name 16 = sbeox0dOV/dT: Oxygen, SBE 43 [dov/dt], WS = 2
# name 17 = sal00: Salinity, Practical [PSU]
# name 18 = sal11: Salinity, Practical, 2 [PSU]
# name 19 = nbin: number of scans per bin
# name 20 = flag: flag
# span 0 =      2.000,   2720.000       
# span 1 =      1.981,   2677.089       
# span 2 =     1.4894,     8.5070       
# span 3 =     1.4904,     8.5061       
# span 4 =  31.398456,  36.557574       
# span 5 =  31.399026,  36.552659       
# span 6 =    6.01650,    6.79566       
# span 7 =     1.6894,     2.5338       
# span 8 = 2.1820e+01, 2.2311e+01       
# span 9 =    -0.0245,    -0.0221       
# span 10 =     0.0000,     0.0000      
# span 11 =       9.92,      99.45      
# span 12 =    94.0661,    97.8162      
# span 13 =     0.0755,     0.0755      
# span 14 =      77993,     153168      
# span 15 =    6.01591,    6.79520      
# span 16 =    0.00000,    0.00000      
# span 17 =    34.8596,    34.9332      
# span 18 =    34.8585,    34.9327      
# span 19 =         30,        136      
# span 20 = 0.0000e+00, 0.0000e+00      
# interval = decibars: 2                
# start_time = Aug 17 2015 23:01:49 [NMEA time, header]
# bad_flag = -9.990e-29
*END*
[from data line 1242]
    236.000    233.646     3.8549     3.8538  32.453006  32.452237    6.59219     2.2542 2.2084e+01    -0.0226     0.0000      98.78    97.6181     0.0755     139746    6.59240    0.00000    34.9057    34.9059         63 0.0000e+00
    234.000    231.667     3.8574     3.8553  32.454348  32.452879    6.58818     2.2537 2.2087e+01    -0.0235     0.0000      98.78    97.6045     0.0755     139817    6.58794    0.00000    34.9058    34.9062         58 0.0000e+00
    232.000    229.688     3.8605     3.8599  32.456464  32.455908    6.58229     2.2527 2.2052e+01    -0.0229     0.0000      98.78    97.6120     0.0755     139858    6.58217    0.00000    34.9060    34.9061         36 0.0000e+00
    230.000    227.709     3.8650     3.8636  32.459889  32.458842    6.58428     2.2539 2.2124e+01    -0.0228     0.0000      98.78    97.6015     0.0755     139907    6.58413    0.00000    34.9064    34.9067         75 0.0000e+00
    228.000    225.730     3.8653     3.8647  32.459537  32.458787    6.58221     2.2538 2.2007e+01    -0.0231     0.0000      98.78    97.6128     0.0755     139990    6.58197    0.00000    34.9068    34.9066         63 0.0000e+00
    226.000    223.751     3.8747     3.8722  32.467512  32.465083    6.57982     2.2542 2.2001e+01    -0.0234     0.0000      98.78    97.6110     0.0755     140033    6.57983    0.00000    34.9073    34.9071         39 0.0000e+00
    224.000    221.772     3.8804     3.8782  32.472002  32.470154    6.57761     2.2542 2.2049e+01    -0.0228     0.0000      98.78    97.5981     0.0755     140080    6.57713    0.00000    34.9077    34.9079         59 0.0000e+00
    222.000    219.793     3.8801     3.8805  32.470911  32.471450    6.57572     2.2542 2.2052e+01    -0.0222     0.0000      98.78    97.6042     0.0755     140146    6.57549    0.00000    34.9078    34.9080         63 0.0000e+00
    220.000    217.813     3.8845     3.8843  32.474021  32.474102    6.56948     2.2532 2.2016e+01    -0.0235     0.0000      98.78    97.6038     0.0755     140204    6.56938    0.00000    34.9079    34.9082         56 0.0000e+00
    218.000    215.834     3.8918     3.8884  32.479966  32.476858    6.56491     2.2528 2.2052e+01    -0.0228     0.0000      98.78    97.6075     0.0755     140255    6.56475    0.00000    34.9083    34.9082         48 0.0000e+00
    216.000    213.856     3.8976     3.8947  32.484774  32.482201    6.56178     2.2527 2.2142e+01    -0.0226     0.0000      98.78    97.6094     0.0755     140307    6.56150    0.00000    34.9089    34.9090         62 0.0000e+00
    214.000    211.876     3.8966     3.8973  32.482799  32.483897    6.56111     2.2529 2.2108e+01    -0.0233     0.0000      98.78    97.6062     0.0755     140396    6.56091    0.00000    34.9088    34.9093         66 0.0000e+00
    212.000    209.898     3.9010     3.9011  32.485611  32.486199    6.55634     2.2523 2.2053e+01    -0.0233     0.0000      98.78    97.6049     0.0755     140439    6.55624    0.00000    34.9085    34.9091         37 0.0000e+00
    210.000    207.918     3.8995     3.8999  32.483266  32.483976    6.55986     2.2536 2.2052e+01    -0.0226     0.0000      98.78    97.5908     0.0755     140508    6.55976    0.00000    34.9084    34.9088         83 0.0000e+00
    208.000    205.939     3.8994     3.8999  32.482256  32.483039    6.55792     2.2535 2.2145e+01    -0.0230     0.0000      98.78    97.5829     0.0755     140625    6.55758    0.00000    34.9084    34.9088         89 0.0000e+00
    206.000    203.960     3.9062     3.9027  32.487582  32.484670    6.55944     2.2547 2.2017e+01    -0.0229     0.0000      98.77    97.6014     0.0755     140727    6.55919    0.00000    34.9085    34.9088        120 0.0000e+00
    204.000    201.981     3.9064     3.9053  32.486407  32.485884    6.56034     2.2554 2.1971e+01    -0.0225     0.0000      98.78    97.5983     0.0755     140831    6.56017    0.00000    34.9080    34.9086         77 0.0000e+00
    202.000    200.001     3.9100     3.9086  32.488728  32.487806    6.55996     2.2560 2.2086e+01    -0.0230     0.0000      98.78    97.6032     0.0755     140903    6.56023    0.00000    34.9081    34.9084         92 0.0000e+00
    200.000    198.022     3.9143     3.9124  32.492045  32.490530    6.55921     2.2564 2.2049e+01    -0.0228     0.0000      98.78    97.5916     0.0755     141017    6.55905    0.00000    34.9085    34.9088        110 0.0000e+00
    198.000    196.043     3.9379     3.9274  32.514598  32.503919    6.55624     2.2572 2.2008e+01    -0.0228     0.0000      98.78    97.5824     0.0755     141105    6.55599    0.00000    34.9113    34.9098         88 0.0000e+00
    196.000    194.064     3.9546     3.9449  32.530013  32.521087    6.54970     2.2567 2.2004e+01    -0.0231     0.0000      98.77    97.5590     0.0755     141200    6.54950    0.00000    34.9129    34.9126         84 0.0000e+00
    194.000    192.084     3.9615     3.9581  32.535921  32.532796    6.53981     2.2548 2.1998e+01    -0.0227     0.0000      98.78    97.5888     0.0755     141293    6.53953    0.00000    34.9138    34.9137        111 0.0000e+00
    192.000    190.105     3.9699     3.9642  32.543132  32.537605    6.53761     2.2551 2.2052e+01    -0.0225     0.0000      98.78    97.5884     0.0755     141387    6.53740    0.00000    34.9144    34.9140         76 0.0000e+00
    190.000    188.125     3.9837     3.9793  32.555707  32.551656    6.53771     2.2563 2.1921e+01    -0.0227     0.0000      98.78    97.5879     0.0755     141485    6.53754    0.00000    34.9158    34.9157        112 0.0000e+00
    188.000    186.146     3.9881     3.9840  32.559044  32.555252    6.53107     2.2552 2.2046e+01    -0.0229     0.0000      98.78    97.5682     0.0755     141571    6.53082    0.00000    34.9162    34.9160         78 0.0000e+00
    186.000    184.167     3.9921     3.9893  32.561802  32.559495    6.53083     2.2557 2.2131e+01    -0.0231     0.0000      98.78    97.5744     0.0755     141685    6.53058    0.00000    34.9163    34.9165         82 0.0000e+00
    184.000    182.187     4.0053     4.0001  32.573654  32.568723    6.53068     2.2568 2.2008e+01    -0.0228     0.0000      98.78    97.5756     0.0755     141749    6.53045    0.00000    34.9174    34.9171         74 0.0000e+00
    182.000    180.208     4.0098     4.0065  32.576875  32.573857    6.52743     2.2566 2.2128e+01    -0.0231     0.0000      98.78    97.5745     0.0755     141873    6.52736    0.00000    34.9175    34.9175         78 0.0000e+00
    180.000    178.228     4.0238     4.0171  32.589175  32.582963    6.52794     2.2579 2.2030e+01    -0.0228     0.0000      98.78    97.3465     0.0755     141953    6.52783    0.00000    34.9183    34.9181         76 0.0000e+00
    178.000    176.249     4.0332     4.0274  32.597256  32.592151    6.52310     2.2574 2.2092e+01    -0.0229     0.0000      98.78    97.5666     0.0755     142046    6.52287    0.00000    34.9190    34.9192        102 0.0000e+00
    176.000    174.270     4.0380     4.0324  32.600717  32.595790    6.51478     2.2560 2.2024e+01    -0.0230     0.0000      98.78    97.5648     0.0755     142135    6.51471    0.00000    34.9191    34.9192         75 0.0000e+00
    174.000    172.290     4.0490     4.0432  32.609849  32.605101    6.51308     2.2564 2.1956e+01    -0.0231     0.0000      98.78    97.5522     0.0755     142243    6.51278    0.00000    34.9193    34.9199         85 0.0000e+00
    172.000    170.310     4.0567     4.0509  32.616298  32.611277    6.51449     2.2576 2.2053e+01    -0.0230     0.0000      98.78    97.4964     0.0755     142334    6.51420    0.00000    34.9199    34.9201         75 0.0000e+00
    170.000    168.331     4.0634     4.0585  32.621935  32.617686    6.51829     2.2594 2.2052e+01    -0.0230     0.0000      98.78    97.5680     0.0755     142418    6.51806    0.00000    34.9205    34.9207         95 0.0000e+00
    168.000    166.351     4.0669     4.0633  32.624323  32.621182    6.51444     2.2589 2.2091e+01    -0.0233     0.0000      98.78    97.5555     0.0755     142514    6.51397    0.00000    34.9207    34.9208        101 0.0000e+00
    166.000    164.372     4.0765     4.0721  32.632401  32.628450    6.51140     2.2591 2.1938e+01    -0.0225     0.0000      98.78    97.5685     0.0755     142621    6.51129    0.00000    34.9212    34.9211        107 0.0000e+00
    164.000    162.392     4.0883     4.0820  32.642383  32.636717    6.50384     2.2581 2.2052e+01    -0.0229     0.0000      98.78    97.5451     0.0755     142710    6.50361    0.00000    34.9216    34.9216         72 0.0000e+00
    162.000    160.413     4.0940     4.0903  32.646738  32.643753    6.50215     2.2584 2.2014e+01    -0.0231     0.0000      98.78    97.5297     0.0755     142793    6.50201    0.00000    34.9218    34.9221        101 0.0000e+00
    160.000    158.433     4.0974     4.0934  32.648962  32.645445    6.50464     2.2597 2.2031e+01    -0.0229     0.0000      98.78    97.5481     0.0755     142895    6.50455    0.00000    34.9218    34.9219         96 0.0000e+00
    158.000    156.453     4.1057     4.1028  32.655479  32.653231    6.50641     2.2610 2.2054e+01    -0.0234     0.0000      98.78    97.5588     0.0755     143004    6.50626    0.00000    34.9219    34.9223        105 0.0000e+00
    156.000    154.474     4.1101     4.1070  32.658085  32.655705    6.50947     2.2624 2.2052e+01    -0.0228     0.0000      98.78    97.5415     0.0755     143076    6.50941    0.00000    34.9214    34.9218         61 0.0000e+00
    154.000    152.494     4.1125     4.1112  32.658959  32.658263    6.51013     2.2632 2.2079e+01    -0.0229     0.0000      98.78    97.5539     0.0755     143177    6.50995    0.00000    34.9209    34.9215         76 0.0000e+00
    152.000    150.514     4.1109     4.1114  32.655987  32.657029    6.51263     2.2642 2.2035e+01    -0.0227     0.0000      98.78    97.5419     0.0755     143272    6.51238    0.00000    34.9202    34.9209         99 0.0000e+00
    150.000    148.534     4.1171     4.1130  32.660757  32.656661    6.51248     2.2649 2.2079e+01    -0.0226     0.0000      95.61    97.5306     0.0755     143374    6.51228    0.00000    34.9204    34.9199         76 0.0000e+00
    148.000    146.555     4.1334     4.1324  32.674997  32.674800    6.51455     2.2667 2.1978e+01    -0.0226     0.0000      92.45    97.5344     0.0755     143456    6.51432    0.00000    34.9210    34.9218        101 0.0000e+00
    146.000    144.575     4.1283     4.1297  32.668206  32.670408    6.51392     2.2667 2.2104e+01    -0.0230     0.0000      99.17    97.5204     0.0755     143561    6.51382    0.00000    34.9195    34.9206         90 0.0000e+00
    144.000    142.595     4.1428     4.1376  32.679571  32.675251    6.51607     2.2684 2.1934e+01    -0.0226     0.0000      98.62    97.5232     0.0755     143648    6.51595    0.00000    34.9186    34.9190         99 0.0000e+00
    142.000    140.615     4.1572     4.1486  32.691434  32.683962    6.51879     2.2703 2.2002e+01    -0.0229     0.0000      98.78    97.5186     0.0755     143739    6.51866    0.00000    34.9185    34.9188         81 0.0000e+00
    140.000    138.635     4.1597     4.1595  32.692818  32.692696    6.52034     2.2713 2.2055e+01    -0.0225     0.0000      98.78    97.5047     0.0755     143859    6.52022    0.00000    34.9185    34.9186         62 0.0000e+00
    138.000    136.656     4.1681     4.1660  32.698258  32.696826    6.52451     2.2732 2.2087e+01    -0.0227     0.0000      98.78    97.5049     0.0755     143914    6.52440    0.00000    34.9171    34.9177         53 0.0000e+00
    136.000    134.676     4.1721     4.1677  32.701190  32.697593    6.52519     2.2740 2.2051e+01    -0.0231     0.0000      98.78    97.5009     0.0755     144034    6.52496    0.00000    34.9174    34.9178         76 0.0000e+00
    134.000    132.696     4.1853     4.1843  32.711769  32.710621    6.52490     2.2750 2.2034e+01    -0.0231     0.0000      98.78    97.4952     0.0755     144122    6.52463    0.00000    34.9170    34.9167        106 0.0000e+00
    132.000    130.716     4.2091     4.1995  32.732848  32.723662    6.52995     2.2779 2.1990e+01    -0.0229     0.0000      98.78    97.4969     0.0755     144224    6.52978    0.00000    34.9178    34.9171         68 0.0000e+00
    130.000    128.736     4.2260     4.2256  32.747818  32.747396    6.53733     2.2812 2.2028e+01    -0.0231     0.0000      98.78    97.5075     0.0755     144295    6.53713    0.00000    34.9186    34.9185         98 0.0000e+00
    128.000    126.756     4.2340     4.2279  32.753792  32.748134    6.53968     2.2827 2.2031e+01    -0.0227     0.0000      98.78    97.4619     0.0755     144416    6.53954    0.00000    34.9183    34.9181         94 0.0000e+00
    126.000    124.776     4.2484     4.2458  32.765287  32.763310    6.54770     2.2859 2.2028e+01    -0.0227     0.0000      98.77    97.5041     0.0755     144497    6.54745    0.00000    34.9177    34.9181         82 0.0000e+00
    124.000    122.796     4.2484     4.2475  32.763548  32.763528    6.55091     2.2872 2.2076e+01    -0.0234     0.0000      98.78    97.4182     0.0755     144594    6.55072    0.00000    34.9168    34.9176         96 0.0000e+00
    122.000    120.816     4.2606     4.2549  32.773104  32.768410    6.54949     2.2879 2.2076e+01    -0.0228     0.0000      98.78    97.4962     0.0755     144675    6.54933    0.00000    34.9161    34.9166         84 0.0000e+00
    120.000    118.836     4.2631     4.2622  32.774223  32.773610    6.55953     2.2912 2.1987e+01    -0.0235     0.0000      98.77    97.4987     0.0755     144803    6.55931    0.00000    34.9160    34.9161         66 0.0000e+00
    118.000    116.856     4.2726     4.2700  32.779722  32.777929    6.55806     2.2917 2.2111e+01    -0.0237     0.0000      98.78    97.4528     0.0755     144868    6.55790    0.00000    34.9134    34.9141         59 0.0000e+00
    116.000    114.876     4.2705     4.2699  32.777286  32.777079    6.57174     2.2957 2.1979e+01    -0.0230     0.0000      98.78    97.4851     0.0755     145027    6.57151    0.00000    34.9139    34.9142         86 0.0000e+00
    114.000    112.896     4.2796     4.2764  32.782976  32.780553    6.56941     2.2960 2.2003e+01    -0.0232     0.0000      98.77    97.4855     0.0755     145157    6.56929    0.00000    34.9120    34.9125         81 0.0000e+00
    112.000    110.916     4.2859     4.2766  32.787708  32.780104    6.57857     2.2992 2.2164e+01    -0.0230     0.0000      98.78    97.4897     0.0755     145364    6.57843    0.00000    34.9120    34.9128        104 0.0000e+00
    110.000    108.936     4.2954     4.2846  32.795016  32.786371    6.58750     2.3024 2.2046e+01    -0.0230     0.0000      98.77    97.4849     0.0755     145635    6.58713    0.00000    34.9116    34.9129         83 0.0000e+00
    108.000    106.956     4.3097     4.3038  32.806153  32.801090    6.59278     2.3051 2.2032e+01    -0.0232     0.0000      98.77    97.4805     0.0755     145840    6.59272    0.00000    34.9107    34.9109        101 0.0000e+00
    106.000    104.975     4.3140     4.3164  32.808632  32.810812    6.60340     2.3086 2.2080e+01    -0.0231     0.0000      98.78    97.4498     0.0755     146056    6.60319    0.00000    34.9102    34.9102         77 0.0000e+00
    104.000    102.995     4.3187     4.3163  32.812034  32.810059    6.60383     2.3094 2.2099e+01    -0.0232     0.0000      98.78    97.4432     0.0755     146586    6.60369    0.00000    34.9102    34.9105        127 0.0000e+00
    102.000    101.015     4.3423     4.3405  32.832882  32.831087    6.60292     2.3108 2.2059e+01    -0.0229     0.0000      98.77    97.4326     0.0755     147135    6.60280    0.00000    34.9109    34.9107         67 0.0000e+00
