Ship_data/Irminger/Irminger-2/ctd/process/OOI/uat30_006.cnv
* Sea-Bird SBE 9 Data File:
* FileName = C:\data\ctd\at30_006.hex
* Software Version Seasave V 7.21f
* Temperature SN = 2265
* Conductivity SN = 3021
* Number of Bytes Per Scan = 40
* Number of Voltage Words = 5
* Number of Scans Averaged by the Deck Unit = 1
* NMEA Latitude = 59 51.06 N
* NMEA Longitude = 039 05.71 W
* NMEA UTC (Time) = Aug 17 2015  17:02:11
# nquan = 21
# nvalues = 506                         
# units = specified
# name 0 = prDM: Pressure, Digiquartz [db]
# name 1 = depSM: Depth [salt water, m]
# name 2 = t090C: Temperature [ITS-90, deg C]
# name 3 = t190C: Temperature, 2 [ITS-90, deg C]
# name 4 = c0mS/cm: Conductivity [mS/cm]
# name 5 = c1mS/cm: Conductivity, 2 [mS/cm]
# name 6 = sbeox0ML/L: Oxygen, SBE 43 [ml/l]
# name 7 = sbeox0V: Oxygen raw, SBE 43 [V]
# name 8 = spar: SPAR/Surface Irradiance
# name 9 = flECO-AFL: Fluorescence, WET Labs ECO-AFL/FL [mg/m^3]
# name 10 = v2: Voltage 2
# name 11 = altM: Altimeter [m]
# name 12 = CStarTr0: Beam Transmission, WET Labs C-Star [%]
# name 13 = turbWETntu0: Turbidity, WET Labs ECO [NTU]
# name 14 = scan: Scan Count
# name 15 = sbeox0ML/L: Oxygen, SBE 43 [ml/l], WS = 2
# name 16 = sbeox0dOV/dT: Oxygen, SBE 43 [dov/dt], WS = 2
# name 17 = sal00: Salinity, Practical [PSU]
# name 18 = sal11: Salinity, Practical, 2 [PSU]
# name 19 = nbin: number of scans per bin
# name 20 = flag: flag
# span 0 =      2.000,   1012.000       
# span 1 =      1.981,   1000.034       
# span 2 =     3.6134,     8.5996       
# span 3 =     3.6143,     8.5999       
# span 4 =  32.392803,  36.656569       
# span 5 =  32.392517,  36.655886       
# span 6 =    6.47022,    6.79331       
# span 7 =     2.0751,     2.5441       
# span 8 = 3.2756e+02, 4.9487e+02       
# span 9 =    -0.0238,    -0.0220       
# span 10 =     0.0000,     0.0000      
# span 11 =      57.32,      99.17      
# span 12 =    93.4926,    97.6818      
# span 13 =     0.0780,     0.0780      
# span 14 =      35767,      83456      
# span 15 =    6.47015,    6.79301      
# span 16 =    0.00000,    0.00000      
# span 17 =    34.8624,    34.9259      
# span 18 =    34.8624,    34.9258      
# span 19 =         31,        126      
# span 20 = 0.0000e+00, 0.0000e+00      
# interval = decibars: 2                
# start_time = Aug 17 2015 17:02:11 [NMEA time, header]
# bad_flag = -9.990e-29
*END*
   1012.000   1000.034     3.6134     3.6143  32.562224  32.562902    6.59027     2.0770 4.7866e+02    -0.0234     0.0000      98.78    97.6707     0.0780      35767    6.58984    0.00000    34.8826    34.8824         60 0.0000e+00
   1010.000    998.062     3.6178     3.6164  32.565912  32.564186    6.58447     2.0763 4.7936e+02    -0.0227     0.0000      98.78    97.6555     0.0780      35936    6.58419    0.00000    34.8833    34.8828         89 0.0000e+00
   1008.000    996.090     3.6243     3.6237  32.571500  32.570656    6.57662     2.0751 4.8054e+02    -0.0225     0.0000      98.78    97.6818     0.0780      36042    6.57646    0.00000    34.8842    34.8838         69 0.0000e+00
   1006.000    994.119     3.6263     3.6265  32.572480  32.572478    6.57580     2.0754 4.7922e+02    -0.0225     0.0000      98.78    97.6726     0.0780      36164    6.57552    0.00000    34.8843    34.8840         36 0.0000e+00
   1004.000    992.147     3.6268     3.6272  32.572211  32.572538    6.57549     2.0758 4.7724e+02    -0.0231     0.0000      98.78    97.6672     0.0780      36234    6.57537    0.00000    34.8844    34.8844         55 0.0000e+00
   1002.000    990.175     3.6254     3.6261  32.569874  32.570552    6.57443     2.0759 4.7276e+02    -0.0221     0.0000      98.78    97.6642     0.0780      36347    6.57433    0.00000    34.8842    34.8842         51 0.0000e+00
   1000.000    988.204     3.6232     3.6239  32.566854  32.567507    6.57770     2.0770 4.7071e+02    -0.0228     0.0000      98.78    97.6720     0.0780      36413    6.57753    0.00000    34.8839    34.8840         86 0.0000e+00
    998.000    986.232     3.6229     3.6233  32.565664  32.566005    6.58901     2.0800 4.6734e+02    -0.0226     0.0000      98.78    97.6790     0.0780      36521    6.58883    0.00000    34.8838    34.8838         99 0.0000e+00
    996.000    984.260     3.6242     3.6244  32.566180  32.566194    6.58990     2.0807 4.6666e+02    -0.0227     0.0000      98.78    97.6765     0.0780      36587    6.58985    0.00000    34.8841    34.8839         63 0.0000e+00
    994.000    982.289     3.6300     3.6295  32.571216  32.570505    6.58931     2.0812 4.6532e+02    -0.0228     0.0000      98.78    97.6751     0.0780      36677    6.58921    0.00000    34.8849    34.8846        102 0.0000e+00
    992.000    980.317     3.6352     3.6331  32.575456  32.573045    6.58418     2.0807 4.6393e+02    -0.0223     0.0000      98.78    97.6741     0.0780      36751    6.58408    0.00000    34.8856    34.8849         49 0.0000e+00
    990.000    978.345     3.6364     3.6367  32.575957  32.576032    6.58045     2.0802 4.6329e+02    -0.0224     0.0000      98.78    97.6653     0.0780      36793    6.58033    0.00000    34.8858    34.8856         43 0.0000e+00
    988.000    976.373     3.6362     3.6369  32.574932  32.575469    6.57818     2.0801 4.6290e+02    -0.0230     0.0000      98.78    97.6731     0.0780      36856    6.57804    0.00000    34.8859    34.8858         87 0.0000e+00
    986.000    974.402     3.6373     3.6373  32.574926  32.574886    6.57464     2.0797 4.6095e+02    -0.0227     0.0000      98.78    97.6721     0.0780      36936    6.57436    0.00000    34.8858    34.8857         56 0.0000e+00
    984.000    972.430     3.6370     3.6376  32.573834  32.574233    6.57316     2.0797 4.6118e+02    -0.0228     0.0000      98.78    97.6774     0.0780      36978    6.57280    0.00000    34.8858    34.8857         40 0.0000e+00
    982.000    970.458     3.6374     3.6378  32.573461  32.573810    6.57318     2.0802 4.6124e+02    -0.0226     0.0000      98.78    97.6721     0.0780      37026    6.57299    0.00000    34.8860    34.8860         62 0.0000e+00
    980.000    968.486     3.6372     3.6381  32.572284  32.573095    6.57450     2.0809 4.6128e+02    -0.0220     0.0000      98.78    97.6754     0.0780      37089    6.57448    0.00000    34.8858    34.8858         50 0.0000e+00
    978.000    966.514     3.6356     3.6366  32.569712  32.570654    6.57077     2.0803 4.6243e+02    -0.0223     0.0000      98.78    97.6721     0.0780      37130    6.57059    0.00000    34.8855    34.8856         40 0.0000e+00
    976.000    964.542     3.6362     3.6364  32.569377  32.569517    6.57007     2.0806 4.6348e+02    -0.0229     0.0000      98.78    97.6724     0.0780      37172    6.56990    0.00000    34.8854    34.8854         45 0.0000e+00
    974.000    962.570     3.6372     3.6371  32.569524  32.569370    6.57651     2.0826 4.6517e+02    -0.0227     0.0000      98.78    97.6735     0.0780      37219    6.57631    0.00000    34.8856    34.8855         49 0.0000e+00
    972.000    960.598     3.6377     3.6379  32.569218  32.569343    6.58548     2.0851 4.6679e+02    -0.0228     0.0000      98.78    97.6728     0.0780      37279    6.58534    0.00000    34.8857    34.8857         64 0.0000e+00
    970.000    958.626     3.6378     3.6383  32.568383  32.568708    6.58738     2.0860 4.6886e+02    -0.0227     0.0000      98.78    97.6706     0.0780      37327    6.58712    0.00000    34.8857    34.8856         36 0.0000e+00
    968.000    956.654     3.6377     3.6382  32.567402  32.567884    6.58708     2.0863 4.7143e+02    -0.0229     0.0000      98.78    97.6755     0.0780      37361    6.58688    0.00000    34.8856    34.8856         35 0.0000e+00
    966.000    954.682     3.6373     3.6378  32.566312  32.566771    6.58871     2.0871 4.7302e+02    -0.0228     0.0000      98.78    97.6607     0.0780      37411    6.58862    0.00000    34.8858    34.8858         67 0.0000e+00
    964.000    952.710     3.6368     3.6377  32.564795  32.565728    6.58813     2.0873 4.7428e+02    -0.0236     0.0000      98.78    97.6740     0.0780      37470    6.58800    0.00000    34.8856    34.8857         44 0.0000e+00
    962.000    950.738     3.6357     3.6365  32.562824  32.563605    6.58853     2.0878 4.7542e+02    -0.0233     0.0000      98.78    97.6714     0.0780      37509    6.58834    0.00000    34.8854    34.8855         37 0.0000e+00
    960.000    948.766     3.6353     3.6358  32.561646  32.562237    6.58965     2.0884 4.7718e+02    -0.0222     0.0000      98.78    97.6654     0.0780      37552    6.58944    0.00000    34.8854    34.8856         53 0.0000e+00
    958.000    946.794     3.6361     3.6362  32.561680  32.561623    6.59432     2.0900 4.7914e+02    -0.0221     0.0000      98.78    97.6561     0.0780      37615    6.59423    0.00000    34.8857    34.8855         61 0.0000e+00
    956.000    944.822     3.6363     3.6368  32.560749  32.561077    6.59643     2.0909 4.8048e+02    -0.0228     0.0000      98.78    97.6698     0.0780      37660    6.59622    0.00000    34.8855    34.8853         35 0.0000e+00
    954.000    942.850     3.6362     3.6367  32.559713  32.560286    6.59584     2.0912 4.8323e+02    -0.0225     0.0000      98.78    97.6622     0.0780      37693    6.59560    0.00000    34.8853    34.8855         34 0.0000e+00
    952.000    940.878     3.6360     3.6364  32.558863  32.559303    6.59792     2.0921 4.8527e+02    -0.0224     0.0000      98.78    97.6671     0.0780      37736    6.59789    0.00000    34.8856    34.8856         57 0.0000e+00
    950.000    938.906     3.6354     3.6361  32.557300  32.557969    6.60147     2.0933 4.8618e+02    -0.0230     0.0000      98.78    97.6609     0.0780      37801    6.60134    0.00000    34.8853    34.8854         63 0.0000e+00
    948.000    936.933     3.6350     3.6358  32.556107  32.556813    6.60451     2.0944 4.8729e+02    -0.0227     0.0000      98.78    97.6657     0.0780      37855    6.60421    0.00000    34.8853    34.8854         43 0.0000e+00
    946.000    934.961     3.6349     3.6356  32.555075  32.555681    6.60288     2.0944 4.8910e+02    -0.0221     0.0000      98.78    97.6616     0.0780      37890    6.60256    0.00000    34.8853    34.8853         33 0.0000e+00
    944.000    932.989     3.6358     3.6360  32.555245  32.555249    6.60308     2.0949 4.9076e+02    -0.0226     0.0000      98.78    97.6629     0.0780      37928    6.60295    0.00000    34.8855    34.8854         52 0.0000e+00
    942.000    931.017     3.6375     3.6372  32.556145  32.555542    6.60622     2.0962 4.9146e+02    -0.0225     0.0000      98.78    97.6657     0.0780      37995    6.60606    0.00000    34.8859    34.8855         57 0.0000e+00
    940.000    929.044     3.6396     3.6395  32.557311  32.556805    6.60472     2.0963 4.9257e+02    -0.0234     0.0000      98.78    97.6634     0.0780      38033    6.60452    0.00000    34.8860    34.8856         34 0.0000e+00
    938.000    927.072     3.6413     3.6410  32.558158  32.557799    6.60604     2.0971 4.9373e+02    -0.0228     0.0000      98.78    97.6578     0.0780      38072    6.60575    0.00000    34.8863    34.8862         51 0.0000e+00
    936.000    925.100     3.6432     3.6430  32.559179  32.558929    6.60617     2.0976 4.9348e+02    -0.0229     0.0000      98.78    97.6598     0.0780      38134    6.60594    0.00000    34.8865    34.8865         57 0.0000e+00
    934.000    923.128     3.6438     3.6438  32.559007  32.558737    6.60896     2.0987 4.9452e+02    -0.0227     0.0000      98.78    97.6669     0.0780      38176    6.60882    0.00000    34.8867    34.8863         37 0.0000e+00
    932.000    921.155     3.6447     3.6449  32.559031  32.559151    6.60729     2.0988 4.9487e+02    -0.0224     0.0000      98.78    97.6621     0.0780      38214    6.60713    0.00000    34.8868    34.8868         44 0.0000e+00
    930.000    919.183     3.6447     3.6451  32.558242  32.558509    6.60644     2.0990 4.9306e+02    -0.0225     0.0000      98.78    97.6652     0.0780      38272    6.60621    0.00000    34.8869    34.8868         64 0.0000e+00
    928.000    917.211     3.6457     3.6457  32.558261  32.558152    6.61027     2.1003 4.9246e+02    -0.0230     0.0000      98.78    97.6629     0.0780      38324    6.61010    0.00000    34.8869    34.8868         41 0.0000e+00
    926.000    915.238     3.6459     3.6465  32.557596  32.557968    6.61084     2.1009 4.9191e+02    -0.0229     0.0000      98.78    97.6657     0.0780      38362    6.61075    0.00000    34.8869    34.8868         37 0.0000e+00
    924.000    913.266     3.6454     3.6459  32.556192  32.556739    6.61384     2.1020 4.9073e+02    -0.0228     0.0000      98.78    97.6653     0.0780      38400    6.61364    0.00000    34.8869    34.8870         43 0.0000e+00
    922.000    911.293     3.6462     3.6466  32.556245  32.556553    6.61259     2.1021 4.8882e+02    -0.0230     0.0000      98.78    97.6638     0.0780      38462    6.61217    0.00000    34.8871    34.8871         74 0.0000e+00
    920.000    909.321     3.6478     3.6475  32.556825  32.556389    6.60779     2.1015 4.8789e+02    -0.0221     0.0000      98.78    97.6655     0.0780      38519    6.60761    0.00000    34.8872    34.8869         38 0.0000e+00
    918.000    907.349     3.6506     3.6507  32.558980  32.558699    6.60804     2.1021 4.8758e+02    -0.0228     0.0000      98.78    97.6578     0.0780      38551    6.60773    0.00000    34.8877    34.8873         32 0.0000e+00
    916.000    905.376     3.6517     3.6519  32.559271  32.559416    6.61127     2.1033 4.8796e+02    -0.0227     0.0000      98.78    97.6544     0.0780      38592    6.61114    0.00000    34.8879    34.8879         58 0.0000e+00
    914.000    903.404     3.6520     3.6522  32.558607  32.558783    6.61174     2.1039 4.8712e+02    -0.0234     0.0000      98.78    97.6655     0.0780      38655    6.61157    0.00000    34.8879    34.8878         50 0.0000e+00
    912.000    901.431     3.6520     3.6525  32.557747  32.558213    6.60848     2.1035 4.8653e+02    -0.0225     0.0000      98.78    97.6638     0.0780      38695    6.60823    0.00000    34.8879    34.8879         39 0.0000e+00
    910.000    899.459     3.6519     3.6523  32.556872  32.557290    6.60745     2.1034 4.8689e+02    -0.0228     0.0000      98.78    97.6369     0.0780      38742    6.60624    0.00000    34.8880    34.8880         57 0.0000e+00
    908.000    897.486     3.6519     3.6524  32.555953  32.556372    6.60587     2.1036 4.8561e+02    -0.0229     0.0000      98.78    97.6611     0.0780      38797    6.60540    0.00000    34.8879    34.8879         49 0.0000e+00
    906.000    895.513     3.6516     3.6523  32.554784  32.555346    6.60727     2.1044 4.8464e+02    -0.0233     0.0000      98.78    97.6682     0.0780      38842    6.60699    0.00000    34.8879    34.8879         41 0.0000e+00
    904.000    893.541     3.6515     3.6521  32.553766  32.554296    6.60696     2.1048 4.8545e+02    -0.0221     0.0000      98.78    97.6522     0.0780      38881    6.60691    0.00000    34.8878    34.8879         39 0.0000e+00
    902.000    891.568     3.6514     3.6517  32.552825  32.553223    6.60969     2.1058 4.8536e+02    -0.0228     0.0000      98.78    97.6635     0.0780      38926    6.60956    0.00000    34.8879    34.8880         55 0.0000e+00
    900.000    889.596     3.6513     3.6518  32.551951  32.552325    6.60995     2.1063 4.8384e+02    -0.0222     0.0000      98.78    97.6635     0.0780      38984    6.60980    0.00000    34.8879    34.8879         51 0.0000e+00
    898.000    887.623     3.6500     3.6507  32.549671  32.550397    6.60768     2.1061 4.8430e+02    -0.0221     0.0000      98.78    97.6669     0.0780      39026    6.60749    0.00000    34.8877    34.8877         41 0.0000e+00
    896.000    885.650     3.6495     3.6498  32.548332  32.548677    6.61061     2.1072 4.8493e+02    -0.0231     0.0000      98.78    97.6581     0.0780      39076    6.61038    0.00000    34.8876    34.8877         55 0.0000e+00
    894.000    883.678     3.6522     3.6513  32.550196  32.548971    6.61513     2.1088 4.8438e+02    -0.0223     0.0000      98.78    97.6612     0.0780      39123    6.61501    0.00000    34.8881    34.8875         40 0.0000e+00
    892.000    881.705     3.6559     3.6556  32.553020  32.552747    6.61797     2.1100 4.8500e+02    -0.0231     0.0000      98.78    97.6593     0.0780      39167    6.61771    0.00000    34.8885    34.8885         53 0.0000e+00
    890.000    879.732     3.6561     3.6563  32.552316  32.552570    6.61532     2.1098 4.8552e+02    -0.0225     0.0000      98.78    97.6666     0.0780      39219    6.61511    0.00000    34.8885    34.8885         44 0.0000e+00
    888.000    877.760     3.6554     3.6559  32.550810  32.551384    6.61509     2.1102 4.8547e+02    -0.0229     0.0000      98.78    97.6629     0.0780      39260    6.61491    0.00000    34.8885    34.8886         43 0.0000e+00
    886.000    875.787     3.6551     3.6555  32.549691  32.550081    6.61518     2.1106 4.8647e+02    -0.0228     0.0000      98.78    97.6638     0.0780      39309    6.61508    0.00000    34.8884    34.8885         54 0.0000e+00
    884.000    873.814     3.6558     3.6558  32.549421  32.549448    6.61413     2.1108 4.8738e+02    -0.0223     0.0000      98.78    97.6632     0.0780      39362    6.61405    0.00000    34.8885    34.8885         51 0.0000e+00
    882.000    871.841     3.6541     3.6549  32.546811  32.547639    6.61082     2.1104 4.8701e+02    -0.0222     0.0000      98.78    97.6690     0.0780      39411    6.61077    0.00000    34.8882    34.8883         46 0.0000e+00
    880.000    869.869     3.6548     3.6550  32.546644  32.546714    6.61169     2.1110 4.8714e+02    -0.0230     0.0000      98.78    97.6555     0.0780      39454    6.61155    0.00000    34.8883    34.8882         41 0.0000e+00
    878.000    867.896     3.6542     3.6551  32.545230  32.546080    6.61576     2.1123 4.8710e+02    -0.0233     0.0000      98.78    97.6584     0.0780      39497    6.61556    0.00000    34.8883    34.8884         46 0.0000e+00
