Ship_data/Irminger/Irminger-2/ctd/process/OOI/uat30_011.cnv
* Sea-Bird SBE 9 Data File:
* FileName = C:\data\ctd\at30_011.hex
* Software Version Seasave V 7.21f
* Temperature SN = 2265
* Conductivity SN = 3021
* Number of Bytes Per Scan = 40
* Number of Voltage Words = 5
* Number of Scans Averaged by the Deck Unit = 1
* NMEA Latitude = 59 41.19 N
* NMEA Longitude = 039 21.93 W
* NMEA UTC (Time) = Aug 21 2015  19:14:51
** cal val post deployment at FLMB2
# nquan = 21
# nvalues = 1428                        
# units = specified
# name 0 = prDM: Pressure, Digiquartz [db]
# name 1 = depSM: Depth [salt water, m]
# name 2 = t090C: Temperature [ITS-90, deg C]
# name 3 = t190C: Temperature, 2 [ITS-90, deg C]
# name 4 = c0mS/cm: Conductivity [mS/cm]
# name 5 = c1mS/cm: Conductivity, 2 [mS/cm]
# name 6 = sbeox0ML/L: Oxygen, SBE 43 [ml/l]
# name 7 = sbeox0V: Oxygen raw, SBE 43 [V]
# name 8 = spar: SPAR/Surface Irradiance
# name 9 = flECO-AFL: Fluorescence, WET Labs ECO-AFL/FL [mg/m^3]
# name 10 = v2: Voltage 2
# name 11 = altM: Altimeter [m]
# name 12 = CStarTr0: Beam Transmission, WET Labs C-Star [%]
# name 13 = turbWETntu0: Turbidity, WET Labs ECO [NTU]
# name 14 = scan: Scan Count
# name 15 = sbeox0ML/L: Oxygen, SBE 43 [ml/l], WS = 2
# name 16 = sbeox0dOV/dT: Oxygen, SBE 43 [dov/dt], WS = 2
# name 17 = sal00: Salinity, Practical [PSU]
# name 18 = sal11: Salinity, Practical, 2 [PSU]
# name 19 = nbin: number of scans per bin
# name 20 = flag: flag
# span 0 =      2.000,   2856.000       
# span 1 =      1.981,   2810.079       
# span 2 =     1.5255,     8.7298       
# span 3 =     1.5274,     8.7300       
# span 4 =  31.485985,  36.766601       
# span 5 =  31.486929,  36.765933       
# span 6 =    6.01060,    6.80266       
# span 7 =     1.6757,     2.5374       
# span 8 = 1.9531e+02, 1.1508e+03       
# span 9 =    -0.0662,    -0.0432       
# span 10 =     0.0000,     0.0000      
# span 11 =      19.10,      98.99      
# span 12 =    94.0085,    97.5233      
# span 13 =     0.0692,     0.0708      
# span 14 =      81423,     186772      
# span 15 =    6.01037,    6.80211      
# span 16 =    0.00000,    0.00000      
# span 17 =    34.8480,    34.9303      
# span 18 =    34.8451,    34.9299      
# span 19 =         23,        138      
# span 20 = 0.0000e+00, 0.0000e+00      
# interval = decibars: 2                
# start_time = Aug 21 2015 19:14:51 [NMEA time, header]
# bad_flag = -9.990e-29
*END*
[from data line 483]
   1890.000   1863.800     3.2636     3.2626  32.658932  32.657777    6.03672     1.7810 4.4901e+02    -0.0449     0.0000      98.73    97.5037     0.0699     111271    6.03655    0.00000    34.9302    34.9299         70 0.0000e+00
   1888.000   1861.837     3.2650     3.2655  32.659227  32.659045    6.03476     1.7809 4.4595e+02    -0.0442     0.0000      98.73    97.5039     0.0699     111356    6.03430    0.00000    34.9301    34.9293         43 0.0000e+00
   1886.000   1859.873     3.2681     3.2693  32.661013  32.661403    6.03319     1.7809 4.5517e+02    -0.0444     0.0000      98.73    97.4961     0.0694     111388    6.03243    0.00000    34.9299    34.9291         30 0.0000e+00
   1884.000   1857.910     3.2693     3.2703  32.660871  32.661539    6.03345     1.7815 4.6241e+02    -0.0443     0.0000      98.73    97.4969     0.0698     111419    6.03327    0.00000    34.9294    34.9291         35 0.0000e+00
   1882.000   1855.946     3.2679     3.2691  32.658337  32.659616    6.03384     1.7818 4.6151e+02    -0.0439     0.0000      98.73    97.4969     0.0699     111461    6.03363    0.00000    34.9288    34.9290         47 0.0000e+00
   1880.000   1853.983     3.2654     3.2676  32.654701  32.656914    6.03222     1.7817 4.5283e+02    -0.0445     0.0000      98.73    97.4969     0.0704     111504    6.03204    0.00000    34.9281    34.9285         38 0.0000e+00
   1878.000   1852.019     3.2620     3.2634  32.649991  32.651198    6.03415     1.7823 4.4797e+02    -0.0439     0.0000      98.73    97.4969     0.0700     111542    6.03400    0.00000    34.9270    34.9270         42 0.0000e+00
   1876.000   1850.055     3.2630     3.2638  32.650371  32.650915    6.04194     1.7844 4.5049e+02    -0.0448     0.0000      98.73    97.4969     0.0704     111625    6.04198    0.00000    34.9274    34.9273         62 0.0000e+00
   1874.000   1848.092     3.2640     3.2643  32.650066  32.649843    6.04118     1.7846 4.5742e+02    -0.0441     0.0000      98.73    97.4969     0.0707     111681    6.04142    0.00000    34.9270    34.9264         33 0.0000e+00
   1872.000   1846.128     3.2673     3.2678  32.652477  32.652296    6.04093     1.7849 4.6544e+02    -0.0446     0.0000      98.73    97.4969     0.0707     111712    6.04080    0.00000    34.9273    34.9266         30 0.0000e+00
   1870.000   1844.164     3.2694     3.2694  32.653573  32.653080    6.04311     1.7858 4.6913e+02    -0.0443     0.0000      98.73    97.4969     0.0707     111743    6.04287    0.00000    34.9274    34.9268         33 0.0000e+00
   1868.000   1842.201     3.2699     3.2698  32.653104  32.652948    6.04455     1.7864 4.6661e+02    -0.0441     0.0000      98.73    97.4969     0.0707     111781    6.04446    0.00000    34.9273    34.9271         44 0.0000e+00
   1866.000   1840.237     3.2726     3.2695  32.654702  32.651768    6.04545     1.7870 4.5356e+02    -0.0444     0.0000      98.73    97.4969     0.0707     111836    6.04537    0.00000    34.9273    34.9270         74 0.0000e+00
   1864.000   1838.273     3.2753     3.2725  32.656336  32.653485    6.04390     1.7870 4.4507e+02    -0.0440     0.0000      98.73    97.4969     0.0707     111918    6.04321    0.00000    34.9273    34.9268         61 0.0000e+00
   1862.000   1836.309     3.2774     3.2783  32.657306  32.657478    6.04133     1.7870 4.5778e+02    -0.0439     0.0000      98.73    97.4969     0.0707     111955    6.04115    0.00000    34.9273    34.9265         31 0.0000e+00
   1860.000   1834.346     3.2790     3.2796  32.657923  32.657941    6.04292     1.7870 4.7482e+02    -0.0439     0.0000      98.73    97.4969     0.0707     111984    6.03971    0.00000    34.9272    34.9266         29 0.0000e+00
   1858.000   1832.382     3.2791     3.2800  32.656908  32.657609    6.04368     1.7882 4.9042e+02    -0.0442     0.0000      98.73    97.4969     0.0707     112018    6.04355    0.00000    34.9269    34.9268         42 0.0000e+00
   1856.000   1830.418     3.2778     3.2784  32.654945  32.655158    6.04379     1.7883 4.6282e+02    -0.0441     0.0000      98.73    97.4969     0.0707     112085    6.04254    0.00000    34.9269    34.9266         77 0.0000e+00
   1854.000   1828.454     3.2766     3.2773  32.652278  32.652776    6.04470     1.7890 4.3993e+02    -0.0450     0.0000      98.73    97.4801     0.0707     112141    6.04459    0.00000    34.9260    34.9258         45 0.0000e+00
   1852.000   1826.490     3.2759     3.2766  32.650404  32.650772    6.04485     1.7893 4.5657e+02    -0.0452     0.0000      98.73    97.4948     0.0707     112183    6.04471    0.00000    34.9255    34.9252         40 0.0000e+00
   1850.000   1824.526     3.2756     3.2763  32.649127  32.649470    6.04390     1.7895 4.8008e+02    -0.0443     0.0000      98.73    97.4969     0.0707     112223    6.04401    0.00000    34.9252    34.9249         40 0.0000e+00
   1848.000   1822.563     3.2759     3.2764  32.648600  32.648741    6.04376     1.7895 4.8428e+02    -0.0440     0.0000      98.73    97.4969     0.0707     112268    6.04250    0.00000    34.9252    34.9249         52 0.0000e+00
   1846.000   1820.599     3.2764     3.2766  32.648052  32.648034    6.04399     1.7901 4.6319e+02    -0.0452     0.0000      98.73    97.4969     0.0707     112320    6.04356    0.00000    34.9251    34.9248         45 0.0000e+00
   1844.000   1818.635     3.2770     3.2776  32.647824  32.647975    6.04538     1.7908 4.4777e+02    -0.0437     0.0000      98.73    97.4969     0.0707     112360    6.04512    0.00000    34.9251    34.9246         40 0.0000e+00
   1842.000   1816.671     3.2774     3.2776  32.647357  32.647353    6.04950     1.7920 4.5622e+02    -0.0445     0.0000      98.73    97.4969     0.0707     112409    6.04945    0.00000    34.9251    34.9249         62 0.0000e+00
   1840.000   1814.707     3.2776     3.2778  32.646734  32.646661    6.04961     1.7924 4.7788e+02    -0.0439     0.0000      98.73    97.4969     0.0707     112472    6.04959    0.00000    34.9251    34.9248         55 0.0000e+00
   1838.000   1812.743     3.2784     3.2789  32.646654  32.646691    6.04933     1.7927 4.7790e+02    -0.0443     0.0000      98.73    97.4969     0.0707     112518    6.04928    0.00000    34.9252    34.9246         41 0.0000e+00
   1836.000   1810.779     3.2808     3.2809  32.647966  32.647617    6.04584     1.7924 4.7222e+02    -0.0447     0.0000      98.73    97.4969     0.0707     112556    6.04586    0.00000    34.9251    34.9246         35 0.0000e+00
   1834.000   1808.815     3.2841     3.2837  32.650413  32.649449    6.04610     1.7929 4.6336e+02    -0.0444     0.0000      98.73    97.4948     0.0707     112593    6.04606    0.00000    34.9255    34.9248         42 0.0000e+00
   1832.000   1806.851     3.2889     3.2863  32.654189  32.651152    6.04768     1.7937 4.6134e+02    -0.0444     0.0000      98.73    97.4904     0.0707     112647    6.04753    0.00000    34.9260    34.9251         62 0.0000e+00
   1830.000   1804.887     3.2910     3.2918  32.655242  32.655443    6.04655     1.7939 4.7192e+02    -0.0445     0.0000      98.73    97.4973     0.0707     112701    6.04639    0.00000    34.9259    34.9254         46 0.0000e+00
   1828.000   1802.923     3.2963     3.2950  32.659340  32.657850    6.04568     1.7942 4.8357e+02    -0.0444     0.0000      98.73    97.4969     0.0707     112755    6.04550    0.00000    34.9262    34.9258         65 0.0000e+00
   1826.000   1800.959     3.2975     3.2974  32.659522  32.658984    6.04286     1.7940 4.7840e+02    -0.0442     0.0000      98.73    97.4969     0.0707     112811    6.04272    0.00000    34.9260    34.9256         41 0.0000e+00
   1824.000   1798.994     3.2984     3.2993  32.659538  32.659854    6.03986     1.7937 4.7400e+02    -0.0450     0.0000      98.73    97.4969     0.0707     112845    6.03979    0.00000    34.9262    34.9256         32 0.0000e+00
   1822.000   1797.030     3.2992     3.2997  32.659435  32.659562    6.04176     1.7945 4.7309e+02    -0.0434     0.0000      98.73    97.4969     0.0707     112880    6.04162    0.00000    34.9262    34.9257         40 0.0000e+00
   1820.000   1795.066     3.2998     3.2996  32.659181  32.658796    6.04558     1.7956 4.7690e+02    -0.0441     0.0000      98.73    97.4969     0.0707     112934    6.04526    0.00000    34.9262    34.9259         65 0.0000e+00
   1818.000   1793.102     3.3001     3.3003  32.658591  32.658477    6.04398     1.7956 4.9204e+02    -0.0437     0.0000      98.73    97.4969     0.0707     112994    6.04368    0.00000    34.9261    34.9258         52 0.0000e+00
   1816.000   1791.138     3.3023     3.3033  32.659693  32.660174    6.04201     1.7956 4.9429e+02    -0.0442     0.0000      98.73    97.4969     0.0707     113042    6.04173    0.00000    34.9261    34.9256         46 0.0000e+00
   1814.000   1789.174     3.3041     3.3044  32.660312  32.660325    6.04040     1.7956 4.9044e+02    -0.0444     0.0000      98.73    97.4951     0.0707     113088    6.03988    0.00000    34.9259    34.9256         43 0.0000e+00
   1812.000   1787.209     3.3053     3.3059  32.660343  32.660680    6.04300     1.7966 4.8861e+02    -0.0439     0.0000      98.73    97.4910     0.0707     113128    6.04299    0.00000    34.9257    34.9254         38 0.0000e+00
   1810.000   1785.245     3.3047     3.3058  32.658754  32.659402    6.04312     1.7970 4.9779e+02    -0.0441     0.0000      98.73    97.4884     0.0707     113165    6.04315    0.00000    34.9254    34.9250         40 0.0000e+00
   1808.000   1783.281     3.3046     3.3052  32.657937  32.658277    6.04862     1.7984 5.1088e+02    -0.0441     0.0000      98.73    97.4860     0.0707     113230    6.04849    0.00000    34.9255    34.9252         81 0.0000e+00
   1806.000   1781.316     3.3039     3.3050  32.655843  32.656473    6.04689     1.7984 5.0357e+02    -0.0447     0.0000      98.73    97.4839     0.0707     113291    6.04678    0.00000    34.9247    34.9243         36 0.0000e+00
   1804.000   1779.352     3.3037     3.3043  32.654481  32.654406    6.04555     1.7984 5.0511e+02    -0.0444     0.0000      98.73    97.4712     0.0707     113323    6.04547    0.00000    34.9243    34.9235         31 0.0000e+00
   1802.000   1777.388     3.3060     3.3054  32.655689  32.654721    6.04722     1.7992 5.1722e+02    -0.0443     0.0000      98.73    97.4708     0.0707     113358    6.04707    0.00000    34.9242    34.9237         41 0.0000e+00
   1800.000   1775.424     3.3078     3.3057  32.656366  32.654399    6.05057     1.8003 5.3374e+02    -0.0441     0.0000      98.73    97.4721     0.0707     113410    6.05034    0.00000    34.9240    34.9240         59 0.0000e+00
   1798.000   1773.459     3.3083     3.3094  32.656095  32.656489    6.05430     1.8014 5.2293e+02    -0.0449     0.0000      98.73    97.4772     0.0707     113461    6.05415    0.00000    34.9242    34.9235         44 0.0000e+00
   1796.000   1771.495     3.3131     3.3133  32.659427  32.659278    6.05710     1.8025 5.1984e+02    -0.0446     0.0000      98.73    97.4713     0.0707     113504    6.05695    0.00000    34.9241    34.9237         44 0.0000e+00
   1794.000   1769.530     3.3165     3.3153  32.661822  32.660378    6.06039     1.8036 5.3504e+02    -0.0442     0.0000      98.73    97.4708     0.0707     113554    6.06020    0.00000    34.9243    34.9239         58 0.0000e+00
   1792.000   1767.566     3.3193     3.3172  32.663543  32.661306    6.06261     1.8045 5.4346e+02    -0.0440     0.0000      98.73    97.4531     0.0707     113615    6.06231    0.00000    34.9244    34.9239         57 0.0000e+00
   1790.000   1765.602     3.3213     3.3229  32.664512  32.665385    6.06391     1.8052 5.3636e+02    -0.0435     0.0000      98.73    97.4684     0.0707     113662    6.06380    0.00000    34.9244    34.9237         41 0.0000e+00
   1788.000   1763.637     3.3264     3.3264  32.668515  32.667997    6.06112     1.8052 5.3973e+02    -0.0441     0.0000      98.73    97.4718     0.0707     113701    6.06102    0.00000    34.9247    34.9241         37 0.0000e+00
   1786.000   1761.673     3.3279     3.3280  32.668867  32.668618    6.06072     1.8055 5.4678e+02    -0.0445     0.0000      98.73    97.4592     0.0707     113737    6.06071    0.00000    34.9245    34.9241         34 0.0000e+00
   1784.000   1759.708     3.3289     3.3292  32.668822  32.668885    6.06252     1.8062 5.5453e+02    -0.0438     0.0000      98.73    97.4697     0.0707     113774    6.06242    0.00000    34.9244    34.9242         46 0.0000e+00
   1782.000   1757.744     3.3280     3.3280  32.667282  32.667116    6.06661     1.8074 5.5363e+02    -0.0448     0.0000      98.73    97.4711     0.0707     113854    6.06637    0.00000    34.9245    34.9243         59 0.0000e+00
   1780.000   1755.779     3.3308     3.3310  32.668653  32.668379    6.06629     1.8077 5.5152e+02    -0.0441     0.0000      98.73    97.4744     0.0707     113900    6.06602    0.00000    34.9241    34.9236         36 0.0000e+00
   1778.000   1753.815     3.3322     3.3325  32.669067  32.669077    6.06663     1.8082 5.6162e+02    -0.0436     0.0000      98.73    97.4785     0.0707     113942    6.06643    0.00000    34.9241    34.9238         49 0.0000e+00
   1776.000   1751.850     3.3332     3.3329  32.669142  32.668610    6.06516     1.8083 5.7654e+02    -0.0448     0.0000      98.73    97.4703     0.0707     113996    6.06500    0.00000    34.9241    34.9238         53 0.0000e+00
   1774.000   1749.886     3.3345     3.3361  32.669432  32.670322    6.06298     1.8082 5.7456e+02    -0.0441     0.0000      98.73    97.4794     0.0707     114039    6.06283    0.00000    34.9241    34.9235         36 0.0000e+00
   1772.000   1747.921     3.3377     3.3383  32.671591  32.671631    6.05916     1.8078 5.7096e+02    -0.0446     0.0000      98.73    97.4625     0.0707     114072    6.05897    0.00000    34.9242    34.9236         31 0.0000e+00
   1770.000   1745.956     3.3392     3.3394  32.672232  32.672108    6.05886     1.8082 5.6905e+02    -0.0444     0.0000      98.73    97.4587     0.0707     114106    6.05866    0.00000    34.9244    34.9240         41 0.0000e+00
   1768.000   1743.992     3.3381     3.3384  32.670414  32.670417    6.06390     1.8095 5.6819e+02    -0.0443     0.0000      98.73    97.4698     0.0707     114182    6.06364    0.00000    34.9243    34.9241         72 0.0000e+00
   1766.000   1742.027     3.3411     3.3409  32.672156  32.671553    6.06361     1.8099 5.8997e+02    -0.0450     0.0000      98.73    97.4708     0.0707     114245    6.06349    0.00000    34.9243    34.9238         45 0.0000e+00
   1764.000   1740.063     3.3446     3.3448  32.674677  32.674345    6.06098     1.8098 6.0312e+02    -0.0443     0.0000      98.73    97.4712     0.0707     114287    6.06084    0.00000    34.9245    34.9239         38 0.0000e+00
   1762.000   1738.098     3.3518     3.3516  32.680685  32.679708    6.06002     1.8102 5.9447e+02    -0.0437     0.0000      98.73    97.4770     0.0707     114322    6.06000    0.00000    34.9250    34.9241         32 0.0000e+00
   1760.000   1736.133     3.3572     3.3563  32.684995  32.683628    6.05917     1.8106 5.8269e+02    -0.0447     0.0000      98.73    97.4720     0.0707     114354    6.05917    0.00000    34.9254    34.9248         35 0.0000e+00
   1758.000   1734.169     3.3597     3.3582  32.686477  32.685006    6.06138     1.8115 5.8210e+02    -0.0441     0.0000      98.73    97.4799     0.0707     114397    6.06126    0.00000    34.9255    34.9254         53 0.0000e+00
   1756.000   1732.204     3.3572     3.3553  32.683329  32.681359    6.05536     1.8104 5.9121e+02    -0.0446     0.0000      98.73    97.4701     0.0707     114463    6.05519    0.00000    34.9253    34.9250         76 0.0000e+00
