Ship_data/Irminger/Irminger-2/ctd/process/OOI/uat30_006.cnv
* Sea-Bird SBE 9 Data File:
* FileName = C:\data\ctd\at30_006.hex
* Software Version Seasave V 7.21f
* Temperature SN = 2265
* Conductivity SN = 3021
* Number of Bytes Per Scan = 40
* Number of Voltage Words = 5
* Number of Scans Averaged by the Deck Unit = 1
* NMEA Latitude = 59 51.06 N
* NMEA Longitude = 039 05.71 W
* NMEA UTC (Time) = Aug 17 2015  17:02:11
# nquan = 21
# nvalues = 506                         
# units = specified
# name 0 = prDM: Pressure, Digiquartz [db]
# name 1 = depSM: Depth [salt water, m]
# name 2 = t090C: Temperature [ITS-90, deg C]
# name 3 = t190C: Temperature, 2 [ITS-90, deg C]
# name 4 = c0mS/cm: Conductivity [mS/cm]
# name 5 = c1mS/cm: Conductivity, 2 [mS/cm]
# name 6 = sbeox0ML/L: Oxygen, SBE 43 [ml/l]
# name 7 = sbeox0V: Oxygen raw, SBE 43 [V]
# name 8 = spar: SPAR/Surface Irradiance
# name 9 = flECO-AFL: Fluorescence, WET Labs ECO-AFL/FL [mg/m^3]
# name 10 = v2: Voltage 2
# name 11 = altM: Altimeter [m]
# name 12 = CStarTr0: Beam Transmission, WET Labs C-Star [%]
# name 13 = turbWETntu0: Turbidity, WET Labs ECO [NTU]
# name 14 = scan: Scan Count
# name 15 = sbeox0ML/L: Oxygen, SBE 43 [ml/l], WS = 2
# name 16 = sbeox0dOV/dT: Oxygen, SBE 43 [dov/dt], WS = 2
# name 17 = sal00: Salinity, Practical [PSU]
# name 18 = sal11: Salinity, Practical, 2 [PSU]
# name 19 = nbin: number of scans per bin
# name 20 = flag: flag
# span 0 =      2.000,   1012.000       
# span 1 =      1.981,   1000.034       
# span 2 =     3.6134,     8.5996       
# span 3 =     3.6143,     8.5999       
# span 4 =  32.392803,  36.656569       
# span 5 =  32.392517,  36.655886       
# span 6 =    6.47022,    6.79331       
# span 7 =     2.0751,     2.5441       
# span 8 = 3.2756e+02, 4.9487e+02       
# span 9 =    -0.0238,    -0.0220       
# span 10 =     0.0000,     0.0000      
# span 11 =      57.32,      99.17      
# span 12 =    93.4926,    97.6818      
# span 13 =     0.0780,     0.0780      
# span 14 =      35767,      83456      
# span 15 =    6.47015,    6.79301      
# span 16 =    0.00000,    0.00000      
# span 17 =    34.8624,    34.9259      
# span 18 =    34.8624,    34.9258      
# span 19 =         31,        126      
# span 20 = 0.0000e+00, 0.0000e+00      
# interval = decibars: 2                
# start_time = Aug 17 2015 17:02:11 [NMEA time, header]
# bad_flag = -9.990e-29
*END*
[from data line 414]
    184.000    182.186     4.0137     4.0136  32.577284  32.577356    6.48835     2.2459 3.7108e+02    -0.0229     0.0000      98.78    97.5741     0.0780      64675    6.48827    0.00000    34.9128    34.9129         89 0.0000e+00
    182.000    180.207     4.0184     4.0179  32.580628  32.580346    6.48700     2.2462 3.6944e+02    -0.0228     0.0000      98.78    97.5636     0.0780      64758    6.48681    0.00000    34.9129    34.9130         88 0.0000e+00
    180.000    178.227     4.0214     4.0213  32.582140  32.582168    6.48841     2.2472 3.6771e+02    -0.0232     0.0000      98.78    97.5680     0.0780      64860    6.48831    0.00000    34.9125    34.9127         70 0.0000e+00
    178.000    176.248     4.0357     4.0351  32.595431  32.594792    6.48055     2.2462 3.6705e+02    -0.0225     0.0000      98.78    97.5454     0.0780      64941    6.48029    0.00000    34.9141    34.9141         96 0.0000e+00
    176.000    174.268     4.0464     4.0435  32.605028  32.602170    6.48217     2.2476 3.6722e+02    -0.0230     0.0000      98.78    97.5405     0.0780      65042    6.48192    0.00000    34.9153    34.9150         78 0.0000e+00
    174.000    172.289     4.0668     4.0624  32.624064  32.619417    6.48952     2.2510 3.6980e+02    -0.0228     0.0000      98.78    97.5280     0.0780      65128    6.48930    0.00000    34.9173    34.9165         93 0.0000e+00
    172.000    170.309     4.1067     4.1024  32.661988  32.657455    6.49122     2.2538 3.7213e+02    -0.0228     0.0000      98.78    97.5017     0.0780      65223    6.49096    0.00000    34.9209    34.9201         93 0.0000e+00
    170.000    168.330     4.1239     4.1202  32.677647  32.673820    6.49372     2.2558 3.7481e+02    -0.0226     0.0000      98.78    97.5025     0.0780      65312    6.49396    0.00000    34.9223    34.9217         89 0.0000e+00
    168.000    166.350     4.1278     4.1271  32.679802  32.679495    6.49221     2.2559 3.7882e+02    -0.0225     0.0000      98.78    97.4928     0.0780      65425    6.49206    0.00000    34.9218    34.9221         84 0.0000e+00
    166.000    164.371     4.1346     4.1352  32.685316  32.685880    6.49301     2.2569 3.8232e+02    -0.0228     0.0000      98.77    97.4885     0.0780      65505    6.49291    0.00000    34.9222    34.9222         96 0.0000e+00
    164.000    162.391     4.1597     4.1562  32.708435  32.704820    6.49182     2.2582 3.8462e+02    -0.0231     0.0000      98.78    97.4846     0.0780      65600    6.49165    0.00000    34.9240    34.9235         81 0.0000e+00
    162.000    160.411     4.1779     4.1734  32.725213  32.720740    6.48983     2.2590 3.8647e+02    -0.0223     0.0000      98.78    97.4683     0.0780      65692    6.48965    0.00000    34.9256    34.9251         97 0.0000e+00
    160.000    158.432     4.1927     4.1861  32.737758  32.731639    6.49274     2.2609 3.8706e+02    -0.0230     0.0000      98.78    97.4736     0.0780      65795    6.49248    0.00000    34.9259    34.9256         80 0.0000e+00
    158.000    156.452     4.1965     4.1958  32.739976  32.739585    6.49099     2.2611 3.8826e+02    -0.0230     0.0000      98.78    97.4721     0.0780      65881    6.49075    0.00000    34.9255    34.9258         52 0.0000e+00
    156.000    154.473     4.1981     4.1980  32.739987  32.740098    6.49532     2.2628 3.8816e+02    -0.0226     0.0000      98.78    97.4704     0.0780      65978    6.49503    0.00000    34.9249    34.9251         72 0.0000e+00
    154.000    152.493     4.1994     4.1995  32.739964  32.740274    6.49019     2.2619 3.8855e+02    -0.0226     0.0000      98.78    97.4565     0.0780      66064    6.48999    0.00000    34.9246    34.9248         51 0.0000e+00
    152.000    150.513     4.2045     4.2041  32.742133  32.742582    6.49315     2.2634 3.9078e+02    -0.0229     0.0000      98.78    97.4763     0.0780      66156    6.49288    0.00000    34.9228    34.9238         75 0.0000e+00
    150.000    148.534     4.2019     4.2023  32.736576  32.737954    6.50085     2.2657 3.9130e+02    -0.0228     0.0000      98.78    97.4633     0.0780      66265    6.50055    0.00000    34.9202    34.9213         74 0.0000e+00
    148.000    146.554     4.2033     4.2034  32.735936  32.736246    6.50800     2.2682 3.9228e+02    -0.0227     0.0000      98.78    97.4479     0.0780      66351    6.50785    0.00000    34.9189    34.9192         45 0.0000e+00
    146.000    144.574     4.2003     4.2013  32.730643  32.732172    6.52047     2.2718 3.9237e+02    -0.0229     0.0000      98.77    97.4666     0.0780      66438    6.52031    0.00000    34.9169    34.9177         73 0.0000e+00
    144.000    142.594     4.2044     4.2036  32.732720  32.732287    6.52617     2.2740 3.9205e+02    -0.0223     0.0000      98.77    97.4641     0.0780      66521    6.52607    0.00000    34.9162    34.9164         63 0.0000e+00
    142.000    140.614     4.2109     4.2113  32.735914  32.736855    6.54157     2.2789 3.8912e+02    -0.0222     0.0000      98.78    97.4665     0.0780      66649    6.54148    0.00000    34.9141    34.9148         73 0.0000e+00
    140.000    138.634     4.2049     4.2060  32.726754  32.728726    6.55332     2.2821 3.8844e+02    -0.0223     0.0000      98.78    97.4522     0.0780      66721    6.55313    0.00000    34.9107    34.9119         73 0.0000e+00
    138.000    136.655     4.2001     4.2006  32.719039  32.719795    6.57046     2.2869 3.8501e+02    -0.0226     0.0000      98.77    97.4634     0.0780      66814    6.57032    0.00000    34.9077    34.9081         94 0.0000e+00
    136.000    134.675     4.2019     4.2014  32.719126  32.719055    6.57901     2.2897 3.8334e+02    -0.0227     0.0000      98.78    97.4610     0.0780      66897    6.57881    0.00000    34.9070    34.9075         72 0.0000e+00
    134.000    132.695     4.2221     4.2179  32.736446  32.732514    6.59185     2.2946 3.7822e+02    -0.0226     0.0000      98.78    97.4399     0.0780      67025    6.59168    0.00000    34.9072    34.9070         88 0.0000e+00
    132.000    130.715     4.2386     4.2332  32.751245  32.745962    6.59189     2.2958 3.7663e+02    -0.0231     0.0000      98.77    97.4324     0.0780      67098    6.59164    0.00000    34.9083    34.9077         80 0.0000e+00
    130.000    128.735     4.2549     4.2517  32.765556  32.762508    6.59457     2.2978 3.7438e+02    -0.0227     0.0000      98.77    97.4253     0.0780      67186    6.59424    0.00000    34.9090    34.9087         81 0.0000e+00
    128.000    126.755     4.2703     4.2679  32.778739  32.776403    6.59767     2.2999 3.7213e+02    -0.0230     0.0000      98.78    97.4402     0.0780      67280    6.59756    0.00000    34.9093    34.9091        114 0.0000e+00
    126.000    124.775     4.2771     4.2750  32.783142  32.781583    6.60147     2.3017 3.7022e+02    -0.0229     0.0000      98.78    97.4334     0.0780      67396    6.60132    0.00000    34.9084    34.9088         98 0.0000e+00
    124.000    122.795     4.2825     4.2804  32.786652  32.784866    6.60494     2.3033 3.6957e+02    -0.0229     0.0000      98.78    97.4343     0.0780      67464    6.60472    0.00000    34.9078    34.9080         66 0.0000e+00
    122.000    120.815     4.2921     4.2896  32.793758  32.791656    6.60692     2.3047 3.6872e+02    -0.0226     0.0000      98.78    97.4002     0.0780      67564    6.60664    0.00000    34.9071    34.9073        104 0.0000e+00
    120.000    118.836     4.3070     4.3036  32.805673  32.802927    6.61065     2.3069 3.6800e+02    -0.0226     0.0000      98.78    97.3875     0.0780      67661    6.61038    0.00000    34.9065    34.9068         92 0.0000e+00
    118.000    116.855     4.3269     4.3231  32.823988  32.820022    6.61271     2.3089 3.6827e+02    -0.0231     0.0000      98.77    97.4115     0.0780      67776    6.61260    0.00000    34.9081    34.9075         70 0.0000e+00
    116.000    114.875     4.3517     4.3526  32.846030  32.847235    6.60605     2.3087 3.7282e+02    -0.0225     0.0000      98.77    97.3899     0.0780      68012    6.60580    0.00000    34.9089    34.9094         67 0.0000e+00
    114.000    112.895     4.3663     4.3640  32.858327  32.856342    6.60820     2.3105 3.7866e+02    -0.0225     0.0000      98.77    97.3919     0.0780      68237    6.60793    0.00000    34.9091    34.9092        104 0.0000e+00
    112.000    110.915     4.3772     4.3752  32.867519  32.865709    6.61684     2.3138 3.8142e+02    -0.0227     0.0000      98.78    97.3985     0.0780      68428    6.61672    0.00000    34.9094    34.9094         75 0.0000e+00
    110.000    108.935     4.3871     4.3844  32.875957  32.873418    6.62136     2.3160 3.7654e+02    -0.0221     0.0000      98.78    97.3891     0.0780      68650    6.62127    0.00000    34.9099    34.9098         94 0.0000e+00
    108.000    106.955     4.3976     4.3920  32.884943  32.879481    6.61648     2.3156 3.7278e+02    -0.0227     0.0000      98.77    97.3356     0.0780      68823    6.61631    0.00000    34.9105    34.9100        100 0.0000e+00
    106.000    104.975     4.4198     4.4124  32.904601  32.897318    6.60826     2.3149 3.6958e+02    -0.0227     0.0000      98.78    97.3745     0.0780      69025    6.60799    0.00000    34.9112    34.9104         91 0.0000e+00
    104.000    102.995     4.4420     4.4372  32.923942  32.919713    6.61001     2.3169 3.6744e+02    -0.0224     0.0000      98.78    97.3554     0.0780      69218    6.60981    0.00000    34.9116    34.9116        112 0.0000e+00
    102.000    101.015     4.4646     4.4595  32.943920  32.938799    6.61224     2.3191 3.7132e+02    -0.0222     0.0000      98.78    97.3428     0.0780      69851    6.61209    0.00000    34.9122    34.9116         95 0.0000e+00
    100.000     99.034     4.4743     4.4740  32.952207  32.951649    6.61125     2.3198 3.8698e+02    -0.0220     0.0000      98.77    97.3139     0.0780      70881    6.61105    0.00000    34.9128    34.9125         77 0.0000e+00
     98.000     97.054     4.4818     4.4790  32.958119  32.955482    6.60695     2.3194 3.8793e+02    -0.0222     0.0000      98.77    97.2956     0.0780      70893    6.60672    0.00000    34.9129    34.9128         79 0.0000e+00
     96.000     95.074     4.4988     4.4913  32.972442  32.965518    6.60572     2.3204 3.8586e+02    -0.0228     0.0000      98.77    97.2519     0.0780      71035    6.60545    0.00000    34.9128    34.9126        113 0.0000e+00
     94.000     93.093     4.5296     4.5243  32.999947  32.994603    6.60483     2.3220 3.8493e+02    -0.0228     0.0000      98.77    97.1645     0.0780      71135    6.60448    0.00000    34.9137    34.9130        106 0.0000e+00
     92.000     91.113     4.5654     4.5528  33.030731  33.019439    6.60061     2.3230 3.8167e+02    -0.0228     0.0000      95.07    97.0412     0.0780      71251    6.60026    0.00000    34.9131    34.9131        102 0.0000e+00
     90.000     89.133     4.6064     4.5891  33.066560  33.050997    6.60257     2.3260 3.7913e+02    -0.0227     0.0000      98.78    96.9657     0.0780      71371    6.60234    0.00000    34.9128    34.9129         99 0.0000e+00
     88.000     87.153     4.6533     4.6406  33.108284  33.097095    6.60646     2.3298 3.7720e+02    -0.0227     0.0000      98.77    97.0186     0.0780      71475    6.60617    0.00000    34.9133    34.9136        101 0.0000e+00
     86.000     85.172     4.7176     4.6776  33.165826  33.129252    6.60827     2.3338 3.7438e+02    -0.0226     0.0000      98.78    97.0024     0.0780      71594    6.60798    0.00000    34.9139    34.9133        101 0.0000e+00
     84.000     83.192     4.7442     4.7264  33.188168  33.170724    6.61819     2.3383 3.7088e+02    -0.0223     0.0000      98.78    96.9251     0.0780      71720    6.61788    0.00000    34.9131    34.9114         76 0.0000e+00
     82.000     81.212     4.8096     4.7713  33.242291  33.209856    6.61328     2.3405 3.6967e+02    -0.0226     0.0000      88.62    96.8645     0.0780      71818    6.61300    0.00000    34.9085    34.9109        118 0.0000e+00
     80.000     79.231     4.8613     4.8495  33.288147  33.278208    6.61093     2.3428 3.6812e+02    -0.0226     0.0000      98.42    96.8613     0.0780      71937    6.61064    0.00000    34.9086    34.9094         95 0.0000e+00
     78.000     77.251     4.9165     4.8862  33.334853  33.309107    6.63198     2.3516 3.6633e+02    -0.0225     0.0000      98.77    96.7635     0.0780      72062    6.63165    0.00000    34.9060    34.9079        114 0.0000e+00
     76.000     75.270     4.9396     4.9353  33.355125  33.351063    6.63820     2.3549 3.6508e+02    -0.0229     0.0000      98.77    96.6265     0.0780      72161    6.63787    0.00000    34.9063    34.9062        105 0.0000e+00
     74.000     73.290     5.0027     4.9623  33.409017  33.373872    6.62023     2.3534 3.6272e+02    -0.0226     0.0000      98.77    96.5944     0.0780      72284    6.61996    0.00000    34.9038    34.9054        123 0.0000e+00
     72.000     71.310     5.0231     5.0314  33.423153  33.429801    6.61433     2.3532 3.6095e+02    -0.0226     0.0000      98.77    96.5694     0.0780      72404    6.61399    0.00000    34.8999    34.8989        109 0.0000e+00
     70.000     69.329     5.0982     5.1040  33.486927  33.491201    6.61892     2.3585 3.5973e+02    -0.0225     0.0000      98.77    96.4345     0.0780      72511    6.61862    0.00000    34.8961    34.8950         84 0.0000e+00
     68.000     67.349     5.1708     5.1541  33.551023  33.532841    6.62663     2.3645 3.6024e+02    -0.0225     0.0000      98.78    96.4006     0.0780      72621    6.62628    0.00000    34.8954    34.8918         72 0.0000e+00
     66.000     65.368     5.2036     5.1982  33.579205  33.571941    6.63499     2.3689 3.5993e+02    -0.0223     0.0000      98.77    96.2940     0.0780      72753    6.63469    0.00000    34.8947    34.8919         55 0.0000e+00
     64.000     63.387     5.2491     5.2552  33.618598  33.621887    6.63820     2.3724 3.6097e+02    -0.0229     0.0000      98.78    95.9973     0.0780      72850    6.63781    0.00000    34.8936    34.8911         84 0.0000e+00
     62.000     61.407     5.3611     5.3582  33.713237  33.711266    6.63920     2.3785 3.6221e+02    -0.0225     0.0000      98.77    95.8858     0.0780      72972    6.63878    0.00000    34.8869    34.8876        116 0.0000e+00
     60.000     59.426     5.4850     5.5223  33.823546  33.854911    6.65183     2.3884 3.6312e+02    -0.0225     0.0000      98.77    95.7163     0.0780      73087    6.65136    0.00000    34.8855    34.8826        121 0.0000e+00
     58.000     57.446     5.6959     5.7013  34.007959  34.008767    6.66512     2.4026 3.6484e+02    -0.0224     0.0000      91.32    95.5473     0.0780      73206    6.66452    0.00000    34.8783    34.8737        104 0.0000e+00
     56.000     55.465     5.9060     5.8968  34.200226  34.186401    6.69686     2.4222 3.6635e+02    -0.0231     0.0000      98.70    95.3850     0.0780      73336    6.69629    0.00000    34.8805    34.8744         89 0.0000e+00
     54.000     53.485     5.9821     5.9752  34.267078  34.254088    6.73883     2.4383 3.6510e+02    -0.0229     0.0000      98.77    95.3833     0.0780      73533    6.73837    0.00000    34.8788    34.8712         89 0.0000e+00
     52.000     51.504     6.1656     6.2122  34.430252  34.468531    6.76717     2.4558 3.5653e+02    -0.0228     0.0000      92.13    95.3062     0.0780      74939    6.76687    0.00000    34.8748    34.8700         92 0.0000e+00
     50.000     49.523     6.4668     6.4608  34.700596  34.693597    6.79331     2.4783 3.4938e+02    -0.0224     0.0000      98.20    95.2079     0.0780      76621    6.79301    0.00000    34.8704    34.8688         87 0.0000e+00
