Ship_data/Irminger/Irminger-2/ctd/process/OOI/uat30_009.cnv
* Sea-Bird SBE 9 Data File:
* FileName = C:\data\ctd\at30_009.hex
* Software Version Seasave V 7.21f
* Temperature SN = 2265
* Conductivity SN = 3021
* Number of Bytes Per Scan = 40
* Number of Voltage Words = 5
* Number of Scans Averaged by the Deck Unit = 1
* NMEA Latitude = 59 42.40 N
* NMEA Longitude = 039 19.92 W
* NMEA UTC (Time) = Aug 19 2015  15:06:00
** FLMB 1 for cal
# nquan = 21
# nvalues = 1427                        
# units = specified
# name 0 = prDM: Pressure, Digiquartz [db]
# name 1 = depSM: Depth [salt water, m]
# name 2 = t090C: Temperature [ITS-90, deg C]
# name 3 = t190C: Temperature, 2 [ITS-90, deg C]
# name 4 = c0mS/cm: Conductivity [mS/cm]
# name 5 = c1mS/cm: Conductivity, 2 [mS/cm]
# name 6 = sbeox0ML/L: Oxygen, SBE 43 [ml/l]
# name 7 = sbeox0V: Oxygen raw, SBE 43 [V]
# name 8 = spar: SPAR/Surface Irradiance
# name 9 = flECO-AFL: Fluorescence, WET Labs ECO-AFL/FL [mg/m^3]
# name 10 = v2: Voltage 2
# name 11 = altM: Altimeter [m]
# name 12 = CStarTr0: Beam Transmission, WET Labs C-Star [%]
# name 13 = turbWETntu0: Turbidity, WET Labs ECO [NTU]
# name 14 = scan: Scan Count
# name 15 = sbeox0ML/L: Oxygen, SBE 43 [ml/l], WS = 2
# name 16 = sbeox0dOV/dT: Oxygen, SBE 43 [dov/dt], WS = 2
# name 17 = sal00: Salinity, Practical [PSU]
# name 18 = sal11: Salinity, Practical, 2 [PSU]
# name 19 = nbin: number of scans per bin
# name 20 = flag: flag
# span 0 =      2.000,   2854.000       
# span 1 =      1.981,   2808.119       
# span 2 =     1.5439,     8.3154       
# span 3 =     1.5445,     8.3160       
# span 4 =  31.498941,  36.365458       
# span 5 =  31.498952,  36.365679       
# span 6 =    5.99556,    6.66004       
# span 7 =     1.6702,     2.5212       
# span 8 = 2.5073e+02, 3.8382e+02       
# span 9 =    -0.0213,    -0.0179       
# span 10 =     0.0000,     0.0000      
# span 11 =      16.56,     100.45      
# span 12 =    92.7624,    97.6017      
# span 13 =     0.0731,     0.0731      
# span 14 =      80273,     191069      
# span 15 =    5.99521,    6.65972      
# span 16 =    0.00000,    0.00000      
# span 17 =    34.8422,    34.9409      
# span 18 =    34.8407,    34.9411      
# span 19 =         25,        123      
# span 20 = 0.0000e+00, 0.0000e+00      
# interval = decibars: 2                
# start_time = Aug 19 2015 15:06:00 [NMEA time, header]
# bad_flag = -9.990e-29
*END*
[from data line 69]
   2716.000   2673.191     2.2106     2.2090  32.036572  32.034411    6.38652     1.6817 3.8314e+02    -0.0204     0.0000      98.78    97.2828     0.0731      87501    6.38635    0.00000    34.9072    34.9063         45 0.0000e+00
   2714.000   2671.235     2.2160     2.2142  32.040893  32.038300    6.37534     1.6801 3.8377e+02    -0.0202     0.0000      98.78    97.2916     0.0731      87541    6.37516    0.00000    34.9076    34.9064         39 0.0000e+00
   2712.000   2669.279     2.2241     2.2219  32.047843  32.045178    6.36455     1.6788 3.8318e+02    -0.0205     0.0000      98.78    97.2957     0.0731      87587    6.36446    0.00000    34.9083    34.9074         58 0.0000e+00
   2710.000   2667.322     2.2356     2.2304  32.057974  32.052389    6.35421     1.6776 3.8172e+02    -0.0200     0.0000      98.78    97.2933     0.0731      87651    6.35408    0.00000    34.9093    34.9081         56 0.0000e+00
   2708.000   2665.366     2.2395     2.2387  32.060867  32.058959    6.34647     1.6766 3.8103e+02    -0.0204     0.0000      98.78    97.2966     0.0731      87695    6.34633    0.00000    34.9096    34.9082         40 0.0000e+00
   2706.000   2663.410     2.2451     2.2435  32.065131  32.063070    6.33846     1.6757 3.8076e+02    -0.0206     0.0000      98.78    97.3027     0.0731      87736    6.33829    0.00000    34.9098    34.9089         44 0.0000e+00
   2704.000   2661.454     2.2521     2.2481  32.070754  32.066378    6.33066     1.6748 3.8059e+02    -0.0193     0.0000      98.78    97.3082     0.0731      87782    6.33054    0.00000    34.9100    34.9090         46 0.0000e+00
   2702.000   2659.498     2.2589     2.2558  32.076137  32.072615    6.32262     1.6739 3.7901e+02    -0.0199     0.0000      98.78    97.3069     0.0731      87827    6.32246    0.00000    34.9102    34.9093         48 0.0000e+00
   2700.000   2657.541     2.2686     2.2626  32.084221  32.078072    6.31605     1.6733 3.7750e+02    -0.0191     0.0000      98.78    97.3164     0.0731      87877    6.31583    0.00000    34.9107    34.9097         48 0.0000e+00
   2698.000   2655.585     2.2809     2.2765  32.095227  32.089659    6.30830     1.6726 3.7783e+02    -0.0209     0.0000      98.78    97.3092     0.0731      87922    6.30817    0.00000    34.9119    34.9098         44 0.0000e+00
   2696.000   2653.629     2.2915     2.2883  32.104172  32.100391    6.30426     1.6726 3.7643e+02    -0.0197     0.0000      98.78    97.3063     0.0731      87972    6.30412    0.00000    34.9124    34.9111         56 0.0000e+00
   2694.000   2651.672     2.2960     2.2921  32.107285  32.103042    6.29993     1.6722 3.7522e+02    -0.0201     0.0000      98.78    97.3067     0.0731      88024    6.29976    0.00000    34.9123    34.9113         46 0.0000e+00
   2692.000   2649.716     2.2983     2.2981  32.108614  32.107837    6.29337     1.6714 3.7553e+02    -0.0208     0.0000      98.78    97.3077     0.0731      88069    6.29331    0.00000    34.9124    34.9116         46 0.0000e+00
   2690.000   2647.760     2.3008     2.2993  32.110030  32.108332    6.28960     1.6712 3.7473e+02    -0.0201     0.0000      98.78    97.3098     0.0731      88118    6.28999    0.00000    34.9124    34.9119         49 0.0000e+00
   2688.000   2645.804     2.3028     2.3020  32.111118  32.109483    6.28828     1.6712 3.7478e+02    -0.0212     0.0000      98.78    97.3243     0.0731      88162    6.28793    0.00000    34.9125    34.9114         40 0.0000e+00
   2686.000   2643.847     2.3045     2.3045  32.111824  32.111242    6.28591     1.6712 3.7479e+02    -0.0205     0.0000      98.78    97.3207     0.0731      88203    6.28582    0.00000    34.9124    34.9117         46 0.0000e+00
   2684.000   2641.891     2.3061     2.3058  32.112517  32.111728    6.28378     1.6711 3.7239e+02    -0.0196     0.0000      98.78    97.3169     0.0731      88261    6.28354    0.00000    34.9125    34.9119         63 0.0000e+00
   2682.000   2639.934     2.3071     2.3069  32.112493  32.111707    6.27801     1.6704 3.7122e+02    -0.0196     0.0000      98.78    97.3327     0.0731      88310    6.27783    0.00000    34.9124    34.9116         38 0.0000e+00
   2680.000   2637.978     2.3099     2.3100  32.114331  32.113801    6.27503     1.6703 3.7208e+02    -0.0202     0.0000      98.78    97.3296     0.0731      88347    6.27490    0.00000    34.9126    34.9117         39 0.0000e+00
   2678.000   2636.022     2.3100     2.3104  32.113712  32.113564    6.27331     1.6702 3.7068e+02    -0.0210     0.0000      98.78    97.3311     0.0731      88402    6.27318    0.00000    34.9126    34.9120         69 0.0000e+00
   2676.000   2634.066     2.3129     2.3127  32.115472  32.114599    6.27122     1.6702 3.6943e+02    -0.0201     0.0000      98.78    97.3351     0.0731      88456    6.27098    0.00000    34.9125    34.9117         37 0.0000e+00
   2674.000   2632.109     2.3150     2.3152  32.116613  32.116097    6.27001     1.6704 3.7075e+02    -0.0208     0.0000      98.78    97.3300     0.0731      88490    6.26976    0.00000    34.9127    34.9118         33 0.0000e+00
   2672.000   2630.152     2.3168     2.3168  32.117590  32.116941    6.26993     1.6708 3.7057e+02    -0.0205     0.0000      98.78    97.3292     0.0731      88529    6.26977    0.00000    34.9129    34.9121         52 0.0000e+00
   2670.000   2628.196     2.3161     2.3170  32.116306  32.116420    6.27185     1.6714 3.6919e+02    -0.0207     0.0000      98.78    97.3367     0.0731      88601    6.27170    0.00000    34.9130    34.9122         67 0.0000e+00
   2668.000   2626.239     2.3193     2.3194  32.118261  32.117635    6.26828     1.6713 3.6967e+02    -0.0204     0.0000      98.78    97.3401     0.0731      88644    6.26901    0.00000    34.9129    34.9120         35 0.0000e+00
   2666.000   2624.283     2.3220     2.3220  32.120040  32.119413    6.26678     1.6713 3.7053e+02    -0.0202     0.0000      98.78    97.3401     0.0731      88679    6.26679    0.00000    34.9131    34.9123         39 0.0000e+00
   2664.000   2622.326     2.3257     2.3238  32.122630  32.120318    6.26503     1.6713 3.7025e+02    -0.0199     0.0000      98.78    97.3423     0.0731      88730    6.26474    0.00000    34.9133    34.9124         59 0.0000e+00
   2662.000   2620.370     2.3272     2.3265  32.123192  32.121870    6.26268     1.6714 3.7040e+02    -0.0205     0.0000      98.78    97.3461     0.0731      88778    6.26320    0.00000    34.9132    34.9124         38 0.0000e+00
   2660.000   2618.413     2.3296     2.3297  32.124688  32.124060    6.26098     1.6714 3.7067e+02    -0.0195     0.0000      98.78    97.3395     0.0731      88816    6.26105    0.00000    34.9134    34.9125         43 0.0000e+00
   2658.000   2616.457     2.3301     2.3308  32.124480  32.124499    6.26064     1.6716 3.6979e+02    -0.0206     0.0000      98.78    97.3407     0.0731      88880    6.26052    0.00000    34.9135    34.9128         70 0.0000e+00
   2656.000   2614.500     2.3342     2.3339  32.127315  32.126280    6.25839     1.6716 3.7098e+02    -0.0202     0.0000      98.78    97.3441     0.0731      88927    6.25824    0.00000    34.9135    34.9126         35 0.0000e+00
   2654.000   2612.543     2.3382     2.3377  32.130273  32.129064    6.25672     1.6718 3.7054e+02    -0.0203     0.0000      98.78    97.3447     0.0731      88965    6.25665    0.00000    34.9138    34.9129         46 0.0000e+00
   2652.000   2610.586     2.3437     2.3414  32.134517  32.131905    6.25829     1.6726 3.6998e+02    -0.0206     0.0000      98.78    97.3502     0.0731      89018    6.25830    0.00000    34.9141    34.9133         51 0.0000e+00
   2650.000   2608.630     2.3462     2.3470  32.135983  32.135770    6.25483     1.6723 3.7077e+02    -0.0208     0.0000      98.78    97.3640     0.0731      89061    6.25473    0.00000    34.9141    34.9130         40 0.0000e+00
   2648.000   2606.673     2.3504     2.3498  32.139000  32.137946    6.25221     1.6723 3.7020e+02    -0.0197     0.0000      98.78    97.3652     0.0731      89107    6.25205    0.00000    34.9143    34.9136         53 0.0000e+00
   2646.000   2604.716     2.3516     2.3506  32.139234  32.137870    6.25247     1.6727 3.6933e+02    -0.0206     0.0000      98.78    97.3661     0.0731      89158    6.25233    0.00000    34.9142    34.9135         46 0.0000e+00
   2644.000   2602.760     2.3535     2.3539  32.140316  32.139927    6.25077     1.6727 3.6924e+02    -0.0195     0.0000      98.78    97.3661     0.0731      89201    6.25059    0.00000    34.9144    34.9135         42 0.0000e+00
   2642.000   2600.803     2.3574     2.3561  32.143135  32.141355    6.25023     1.6730 3.6858e+02    -0.0205     0.0000      98.78    97.3661     0.0731      89251    6.25005    0.00000    34.9146    34.9138         60 0.0000e+00
   2640.000   2598.846     2.3587     2.3573  32.143430  32.141565    6.24867     1.6731 3.6806e+02    -0.0185     0.0000      98.78    97.3661     0.0731      89308    6.24842    0.00000    34.9144    34.9137         48 0.0000e+00
   2638.000   2596.890     2.3612     2.3612  32.144898  32.144271    6.24626     1.6730 3.6725e+02    -0.0196     0.0000      98.78    97.3661     0.0731      89351    6.24612    0.00000    34.9145    34.9138         42 0.0000e+00
   2636.000   2594.933     2.3642     2.3640  32.146914  32.146130    6.24424     1.6731 3.6663e+02    -0.0207     0.0000      98.78    97.3661     0.0731      89394    6.24426    0.00000    34.9147    34.9140         43 0.0000e+00
   2634.000   2592.976     2.3677     2.3676  32.149360  32.148510    6.24075     1.6729 3.6568e+02    -0.0201     0.0000      98.78    97.3661     0.0731      89437    6.24076    0.00000    34.9149    34.9140         44 0.0000e+00
   2632.000   2591.019     2.3688     2.3690  32.149635  32.149228    6.23836     1.6728 3.6421e+02    -0.0199     0.0000      98.78    97.3681     0.0731      89483    6.23831    0.00000    34.9150    34.9143         48 0.0000e+00
   2630.000   2589.062     2.3691     2.3695  32.149097  32.148996    6.23940     1.6732 3.6213e+02    -0.0207     0.0000      98.78    97.3718     0.0731      89537    6.23922    0.00000    34.9149    34.9143         57 0.0000e+00
   2628.000   2587.105     2.3701     2.3700  32.149005  32.148509    6.23947     1.6737 3.6102e+02    -0.0205     0.0000      98.78    97.3756     0.0731      89588    6.23987    0.00000    34.9147    34.9142         47 0.0000e+00
   2626.000   2585.149     2.3713     2.3716  32.149310  32.148959    6.23811     1.6741 3.6067e+02    -0.0204     0.0000      98.78    97.3818     0.0731      89634    6.24024    0.00000    34.9147    34.9140         44 0.0000e+00
   2624.000   2583.192     2.3760     2.3735  32.152843  32.150103    6.23737     1.6741 3.5899e+02    -0.0207     0.0000      98.78    97.3838     0.0731      89680    6.23767    0.00000    34.9149    34.9142         51 0.0000e+00
   2622.000   2581.235     2.3797     2.3778  32.155369  32.152939    6.23571     1.6741 3.5667e+02    -0.0210     0.0000      98.78    97.3925     0.0731      89732    6.23560    0.00000    34.9150    34.9141         49 0.0000e+00
   2620.000   2579.278     2.3862     2.3848  32.160572  32.158145    6.23472     1.6745 3.5673e+02    -0.0202     0.0000      98.78    97.3925     0.0731      89774    6.23458    0.00000    34.9154    34.9139         36 0.0000e+00
   2618.000   2577.321     2.3916     2.3911  32.164599  32.163518    6.23506     1.6752 3.5646e+02    -0.0199     0.0000      98.78    97.3922     0.0731      89811    6.23619    0.00000    34.9154    34.9146         41 0.0000e+00
   2616.000   2575.364     2.3895     2.3915  32.162127  32.163335    6.23540     1.6754 3.5292e+02    -0.0205     0.0000      98.78    97.3942     0.0731      89870    6.23570    0.00000    34.9156    34.9149         72 0.0000e+00
   2614.000   2573.406     2.3939     2.3945  32.165092  32.164984    6.23270     1.6754 3.5260e+02    -0.0209     0.0000      98.78    97.4045     0.0731      89923    6.23325    0.00000    34.9154    34.9147         36 0.0000e+00
   2612.000   2571.450     2.3957     2.3961  32.165939  32.165728    6.23062     1.6754 3.5340e+02    -0.0211     0.0000      98.78    97.3995     0.0731      89958    6.23130    0.00000    34.9155    34.9147         37 0.0000e+00
   2610.000   2569.493     2.3955     2.3961  32.165099  32.165069    6.22983     1.6754 3.5074e+02    -0.0198     0.0000      98.78    97.4003     0.0731      90015    6.22970    0.00000    34.9156    34.9149         72 0.0000e+00
   2608.000   2567.536     2.3983     2.3986  32.166815  32.166178    6.22755     1.6754 3.5093e+02    -0.0209     0.0000      98.78    97.4077     0.0731      90070    6.22738    0.00000    34.9156    34.9145         36 0.0000e+00
   2606.000   2565.579     2.4022     2.4021  32.169509  32.168692    6.22679     1.6757 3.5186e+02    -0.0193     0.0000      98.78    97.3992     0.0731      90104    6.22662    0.00000    34.9156    34.9148         34 0.0000e+00
   2604.000   2563.621     2.4038     2.4032  32.170198  32.169130    6.22894     1.6764 3.5172e+02    -0.0202     0.0000      98.78    97.3815     0.0731      90142    6.22889    0.00000    34.9157    34.9151         45 0.0000e+00
   2602.000   2561.664     2.4060     2.4044  32.171508  32.169556    6.22859     1.6767 3.5055e+02    -0.0200     0.0000      98.78    97.4122     0.0731      90192    6.22851    0.00000    34.9159    34.9152         51 0.0000e+00
   2600.000   2559.707     2.4096     2.4079  32.174054  32.172087    6.22769     1.6770 3.5009e+02    -0.0208     0.0000      98.78    97.4184     0.0731      90248    6.22758    0.00000    34.9161    34.9155         63 0.0000e+00
   2598.000   2557.750     2.4125     2.4120  32.175785  32.174860    6.22412     1.6768 3.4976e+02    -0.0197     0.0000      98.78    97.4185     0.0731      90304    6.22410    0.00000    34.9161    34.9154         44 0.0000e+00
   2596.000   2555.793     2.4139     2.4147  32.176408  32.176333    6.22233     1.6767 3.4914e+02    -0.0198     0.0000      98.78    97.4185     0.0731      90343    6.22192    0.00000    34.9162    34.9153         38 0.0000e+00
   2594.000   2553.836     2.4149     2.4152  32.176617  32.176287    6.22025     1.6767 3.4879e+02    -0.0208     0.0000      98.78    97.4180     0.0731      90386    6.22010    0.00000    34.9163    34.9157         48 0.0000e+00
   2592.000   2551.879     2.4156     2.4151  32.176431  32.175483    6.21883     1.6767 3.4739e+02    -0.0200     0.0000      98.78    97.4095     0.0731      90438    6.21834    0.00000    34.9164    34.9157         51 0.0000e+00
   2590.000   2549.921     2.4174     2.4169  32.177373  32.176269    6.21663     1.6767 3.4640e+02    -0.0206     0.0000      98.78    97.4194     0.0731      90485    6.21654    0.00000    34.9164    34.9156         45 0.0000e+00
   2588.000   2547.964     2.4214     2.4204  32.180160  32.178621    6.21464     1.6768 3.4631e+02    -0.0206     0.0000      98.78    97.4185     0.0731      90527    6.21471    0.00000    34.9165    34.9157         40 0.0000e+00
   2586.000   2546.007     2.4252     2.4249  32.182830  32.181898    6.21440     1.6772 3.4548e+02    -0.0197     0.0000      98.78    97.4184     0.0731      90569    6.21435    0.00000    34.9167    34.9159         47 0.0000e+00
   2584.000   2544.050     2.4260     2.4265  32.182887  32.182714    6.21679     1.6779 3.4332e+02    -0.0204     0.0000      98.78    97.4163     0.0731      90634    6.21653    0.00000    34.9167    34.9160         71 0.0000e+00
   2582.000   2542.093     2.4314     2.4314  32.186989  32.186065    6.21319     1.6777 3.4340e+02    -0.0201     0.0000      98.78    97.4352     0.0731      90685    6.21291    0.00000    34.9169    34.9159         37 0.0000e+00
