Ship_data/Irminger/Irminger-2/ctd/process/OOI/uat30_013.cnv
* Sea-Bird SBE 9 Data File:
* FileName = C:\data\ctd\at30_013.hex
* Software Version Seasave V 7.21f
* Temperature SN = 2265
* Conductivity SN = 3021
* Number of Bytes Per Scan = 40
* Number of Voltage Words = 5
* Number of Scans Averaged by the Deck Unit = 1
* NMEA Latitude = 59 53.87 N
* NMEA Longitude = 039 34.33 W
* NMEA UTC (Time) = Aug 23 2015  21:20:25
** cal / val for SUMO 2
# nquan = 21
# nvalues = 759                         
# units = specified
# name 0 = prDM: Pressure, Digiquartz [db]
# name 1 = depSM: Depth [salt water, m]
# name 2 = t090C: Temperature [ITS-90, deg C]
# name 3 = t190C: Temperature, 2 [ITS-90, deg C]
# name 4 = c0mS/cm: Conductivity [mS/cm]
# name 5 = c1mS/cm: Conductivity, 2 [mS/cm]
# name 6 = sbeox0ML/L: Oxygen, SBE 43 [ml/l]
# name 7 = sbeox0V: Oxygen raw, SBE 43 [V]
# name 8 = spar: SPAR/Surface Irradiance
# name 9 = flECO-AFL: Fluorescence, WET Labs ECO-AFL/FL [mg/m^3]
# name 10 = v2: Voltage 2
# name 11 = altM: Altimeter [m]
# name 12 = CStarTr0: Beam Transmission, WET Labs C-Star [%]
# name 13 = turbWETntu0: Turbidity, WET Labs ECO [NTU]
# name 14 = scan: Scan Count
# name 15 = sbeox0ML/L: Oxygen, SBE 43 [ml/l], WS = 2
# name 16 = sbeox0dOV/dT: Oxygen, SBE 43 [dov/dt], WS = 2
# name 17 = sal00: Salinity, Practical [PSU]
# name 18 = sal11: Salinity, Practical, 2 [PSU]
# name 19 = nbin: number of scans per bin
# name 20 = flag: flag
# span 0 =      4.000,   1520.000       
# span 1 =      3.962,   1500.211       
# span 2 =     3.4812,     8.4270       
# span 3 =     3.4821,     8.4269       
# span 4 =  32.479080,  36.509089       
# span 5 =  32.478967,  36.507843       
# span 6 =    5.99380,    6.68451       
# span 7 =     1.8586,     2.5187       
# span 8 = 2.2200e+01, 3.0488e+01       
# span 9 =    -0.0565,    -0.0494       
# span 10 =     0.0000,     0.0000      
# span 11 =      83.22,      99.34      
# span 12 =    93.4126,    97.7997      
# span 13 =     0.0666,     0.0682      
# span 14 =      48973,     111666      
# span 15 =    5.99416,    6.68406      
# span 16 =    0.00000,    0.00000      
# span 17 =    34.8508,    35.0253      
# span 18 =    34.8541,    35.0247      
# span 19 =         26,        134      
# span 20 = 0.0000e+00, 0.0000e+00      
# interval = decibars: 2                
# start_time = Aug 23 2015 21:20:25 [NMEA time, header]
# bad_flag = -9.990e-29
*END*
[from data line 69]
   1382.000   1364.453     3.7085     3.7082  32.840462  32.840213    6.02443     1.8810 2.8155e+01    -0.0517     0.0000      98.73    97.7585     0.0675      52738    6.02423    0.00000    34.9252    34.9252         46 0.0000e+00
   1380.000   1362.485     3.6993     3.7040  32.829777  32.834780    6.02336     1.8809 2.8220e+01    -0.0516     0.0000      98.73    97.7594     0.0671      52789    6.02376    0.00000    34.9232    34.9242         52 0.0000e+00
   1378.000   1360.517     3.6975     3.6998  32.826808  32.829136    6.02259     1.8809 2.8258e+01    -0.0512     0.0000      98.73    97.7671     0.0672      52840    6.02250    0.00000    34.9226    34.9230         52 0.0000e+00
   1376.000   1358.549     3.6990     3.6985  32.827525  32.826592    6.02606     1.8820 2.8099e+01    -0.0515     0.0000      98.73    97.7583     0.0672      52895    6.02577    0.00000    34.9228    34.9223         54 0.0000e+00
   1374.000   1356.580     3.7042     3.7015  32.831792  32.828385    6.02453     1.8822 2.8170e+01    -0.0521     0.0000      98.73    97.7577     0.0669      52941    6.02423    0.00000    34.9234    34.9223         39 0.0000e+00
   1372.000   1354.612     3.7037     3.7042  32.830259  32.830563    6.02405     1.8823 2.8339e+01    -0.0512     0.0000      98.73    97.7375     0.0672      52980    6.02327    0.00000    34.9231    34.9230         43 0.0000e+00
   1370.000   1352.644     3.7007     3.7012  32.826136  32.826325    6.02656     1.8835 2.8062e+01    -0.0518     0.0000      98.73    97.7564     0.0675      53040    6.02739    0.00000    34.9224    34.9221         73 0.0000e+00
   1368.000   1350.675     3.7042     3.7032  32.828614  32.826977    6.02636     1.8836 2.8119e+01    -0.0514     0.0000      98.73    97.7586     0.0675      53097    6.02588    0.00000    34.9226    34.9218         39 0.0000e+00
   1366.000   1348.707     3.7116     3.7090  32.835382  32.831836    6.02615     1.8843 2.8131e+01    -0.0512     0.0000      98.73    97.7585     0.0674      53130    6.02608    0.00000    34.9238    34.9224         31 0.0000e+00
   1364.000   1346.739     3.7148     3.7139  32.837605  32.836196    6.02592     1.8848 2.8216e+01    -0.0516     0.0000      98.73    97.7585     0.0674      53163    6.02591    0.00000    34.9241    34.9234         39 0.0000e+00
   1362.000   1344.771     3.7152     3.7141  32.837224  32.835702    6.02770     1.8855 2.8092e+01    -0.0518     0.0000      98.73    97.7555     0.0673      53249    6.02754    0.00000    34.9243    34.9236         58 0.0000e+00
   1360.000   1342.802     3.7223     3.7197  32.843234  32.839904    6.02527     1.8856 2.8197e+01    -0.0519     0.0000      98.73    97.7490     0.0672      53300    6.02504    0.00000    34.9248    34.9237         31 0.0000e+00
   1358.000   1340.834     3.7237     3.7233  32.843731  32.842734    6.02542     1.8860 2.8133e+01    -0.0519     0.0000      98.73    97.7464     0.0672      53330    6.02512    0.00000    34.9249    34.9242         30 0.0000e+00
   1356.000   1338.866     3.7257     3.7252  32.844601  32.843817    6.02413     1.8861 2.7795e+01    -0.0516     0.0000      98.73    97.7478     0.0674      53362    6.02384    0.00000    34.9249    34.9245         36 0.0000e+00
   1354.000   1336.897     3.7255     3.7255  32.843605  32.843259    6.02863     1.8875 2.8074e+01    -0.0516     0.0000      98.73    97.7475     0.0672      53419    6.02848    0.00000    34.9249    34.9245         83 0.0000e+00
   1352.000   1334.929     3.7269     3.7264  32.843732  32.842978    6.03121     1.8885 2.8024e+01    -0.0515     0.0000      98.73    97.7452     0.0669      53492    6.03104    0.00000    34.9246    34.9242         51 0.0000e+00
   1350.000   1332.960     3.7295     3.7286  32.845188  32.843885    6.02914     1.8885 2.8066e+01    -0.0520     0.0000      98.73    97.7420     0.0670      53533    6.02893    0.00000    34.9246    34.9239         37 0.0000e+00
   1348.000   1330.992     3.7344     3.7320  32.849186  32.846216    6.02792     1.8885 2.7924e+01    -0.0528     0.0000      98.73    97.7414     0.0670      53571    6.02678    0.00000    34.9251    34.9242         41 0.0000e+00
   1346.000   1329.024     3.7404     3.7389  32.854274  32.852159    6.03143     1.8902 2.8005e+01    -0.0529     0.0000      98.73    97.7462     0.0668      53625    6.03134    0.00000    34.9258    34.9248         64 0.0000e+00
   1344.000   1327.055     3.7416     3.7403  32.854318  32.852487    6.03099     1.8904 2.8013e+01    -0.0523     0.0000      98.73    97.7452     0.0668      53677    6.03073    0.00000    34.9256    34.9248         38 0.0000e+00
   1342.000   1325.087     3.7434     3.7430  32.854964  32.854074    6.03063     1.8908 2.8012e+01    -0.0522     0.0000      98.73    97.7434     0.0670      53712    6.03031    0.00000    34.9254    34.9248         37 0.0000e+00
   1340.000   1323.118     3.7429     3.7434  32.853484  32.853795    6.03176     1.8914 2.7988e+01    -0.0520     0.0000      98.73    97.7423     0.0670      53766    6.03166    0.00000    34.9252    34.9251         76 0.0000e+00
   1338.000   1321.149     3.7352     3.7398  32.843601  32.848707    6.03526     1.8923 2.7982e+01    -0.0513     0.0000      98.73    97.7476     0.0671      53834    6.03556    0.00000    34.9227    34.9238         48 0.0000e+00
   1336.000   1319.181     3.7242     3.7295  32.830724  32.836440    6.03571     1.8923 2.7912e+01    -0.0523     0.0000      98.73    97.7426     0.0672      53875    6.03582    0.00000    34.9200    34.9212         39 0.0000e+00
   1334.000   1317.212     3.7162     3.7207  32.821318  32.826250    6.04016     1.8933 2.7641e+01    -0.0515     0.0000      98.73    97.7509     0.0669      53916    6.04004    0.00000    34.9183    34.9194         46 0.0000e+00
   1332.000   1315.244     3.7168     3.7165  32.820855  32.820290    6.05075     1.8961 2.7612e+01    -0.0516     0.0000      98.73    97.7546     0.0672      53968    6.05066    0.00000    34.9181    34.9178         53 0.0000e+00
   1330.000   1313.275     3.7177     3.7179  32.820586  32.820557    6.05845     1.8982 2.7707e+01    -0.0518     0.0000      98.73    97.7430     0.0672      54013    6.05834    0.00000    34.9179    34.9177         39 0.0000e+00
   1328.000   1311.306     3.7239     3.7220  32.825850  32.823383    6.06454     1.9002 2.7514e+01    -0.0506     0.0000      98.73    97.7512     0.0674      54053    6.06434    0.00000    34.9185    34.9177         43 0.0000e+00
   1326.000   1309.338     3.7265     3.7259  32.827562  32.826506    6.07285     1.9025 2.7800e+01    -0.0523     0.0000      98.73    97.7508     0.0673      54113    6.07272    0.00000    34.9188    34.9182         75 0.0000e+00
   1324.000   1307.369     3.7218     3.7238  32.821146  32.823823    6.08082     1.9045 2.7502e+01    -0.0515     0.0000      98.73    97.7459     0.0674      54176    6.08070    0.00000    34.9172    34.9182         47 0.0000e+00
   1322.000   1305.400     3.6856     3.7008  32.782204  32.798888    6.08727     1.9049 2.7453e+01    -0.0512     0.0000      98.73    97.7535     0.0674      54216    6.08711    0.00000    34.9103    34.9141         36 0.0000e+00
   1320.000   1303.432     3.6775     3.6835  32.772752  32.779220    6.09069     1.9057 2.7492e+01    -0.0512     0.0000      98.73    97.7553     0.0670      54253    6.09053    0.00000    34.9087    34.9100         42 0.0000e+00
   1318.000   1301.463     3.6697     3.6732  32.763974  32.767487    6.10639     1.9093 2.7471e+01    -0.0517     0.0000      98.73    97.7483     0.0672      54308    6.10636    0.00000    34.9075    34.9080         64 0.0000e+00
   1316.000   1299.494     3.6632     3.6701  32.756047  32.763183    6.12175     1.9129 2.7520e+01    -0.0519     0.0000      98.73    97.7600     0.0670      54363    6.12162    0.00000    34.9060    34.9072         44 0.0000e+00
   1314.000   1297.526     3.6656     3.6664  32.757636  32.758214    6.13057     1.9153 2.7383e+01    -0.0519     0.0000      98.73    97.7581     0.0672      54405    6.13034    0.00000    34.9063    34.9062         44 0.0000e+00
   1312.000   1295.557     3.6660     3.6665  32.757001  32.757378    6.13970     1.9178 2.7356e+01    -0.0515     0.0000      98.73    97.7585     0.0670      54452    6.13956    0.00000    34.9062    34.9061         48 0.0000e+00
   1310.000   1293.588     3.6651     3.6662  32.755096  32.756095    6.14411     1.9191 2.7454e+01    -0.0514     0.0000      98.73    97.7605     0.0671      54498    6.14405    0.00000    34.9059    34.9059         46 0.0000e+00
   1308.000   1291.619     3.6606     3.6622  32.749926  32.751200    6.15300     1.9213 2.7104e+01    -0.0514     0.0000      98.73    97.7643     0.0670      54559    6.15279    0.00000    34.9054    34.9053         75 0.0000e+00
   1306.000   1289.650     3.6575     3.6603  32.745514  32.748023    6.16016     1.9232 2.7625e+01    -0.0516     0.0000      98.73    97.7583     0.0671      54618    6.16006    0.00000    34.9046    34.9045         39 0.0000e+00
   1304.000   1287.681     3.6543     3.6567  32.741221  32.743470    6.16313     1.9241 2.7302e+01    -0.0518     0.0000      98.73    97.7585     0.0671      54652    6.16296    0.00000    34.9038    34.9039         34 0.0000e+00
   1302.000   1285.713     3.6504     3.6524  32.736390  32.738132    6.16798     1.9254 2.7114e+01    -0.0515     0.0000      98.73    97.7585     0.0670      54690    6.16791    0.00000    34.9032    34.9032         44 0.0000e+00
   1300.000   1283.744     3.6481     3.6508  32.732919  32.735691    6.17499     1.9272 2.7412e+01    -0.0515     0.0000      98.73    97.7585     0.0672      54740    6.17482    0.00000    34.9025    34.9029         52 0.0000e+00
   1298.000   1281.775     3.6426     3.6458  32.726132  32.729530    6.18035     1.9286 2.7524e+01    -0.0513     0.0000      98.73    97.7609     0.0672      54797    6.18014    0.00000    34.9012    34.9019         67 0.0000e+00
   1296.000   1279.806     3.6346     3.6407  32.716699  32.722979    6.19108     1.9311 2.7470e+01    -0.0516     0.0000      98.73    97.7682     0.0670      54862    6.19096    0.00000    34.8996    34.9005         54 0.0000e+00
   1294.000   1277.837     3.6226     3.6306  32.703057  32.711543    6.19914     1.9328 2.7262e+01    -0.0525     0.0000      98.73    97.7683     0.0672      54907    6.19908    0.00000    34.8970    34.8987         40 0.0000e+00
   1292.000   1275.868     3.6271     3.6254  32.706860  32.704402    6.20207     1.9340 2.7240e+01    -0.0523     0.0000      98.73    97.7527     0.0670      54943    6.20183    0.00000    34.8977    34.8967         34 0.0000e+00
   1290.000   1273.899     3.6403     3.6349  32.719198  32.712999    6.20604     1.9358 2.7570e+01    -0.0516     0.0000      98.73    97.7515     0.0670      54978    6.20589    0.00000    34.8995    34.8978         37 0.0000e+00
   1288.000   1271.930     3.6419     3.6408  32.720170  32.718496    6.21696     1.9387 2.7559e+01    -0.0515     0.0000      98.73    97.7609     0.0671      55038    6.21679    0.00000    34.8999    34.8992         83 0.0000e+00
   1286.000   1269.961     3.6340     3.6360  32.709810  32.713761    6.22387     1.9403 2.7598e+01    -0.0517     0.0000      98.73    97.7621     0.0672      55105    6.22363    0.00000    34.8971    34.8996         47 0.0000e+00
   1284.000   1267.992     3.5801     3.5990  32.652961  32.673094    6.23223     1.9404 2.7427e+01    -0.0519     0.0000      98.73    97.7625     0.0673      55150    6.23202    0.00000    34.8875    34.8915         44 0.0000e+00
   1282.000   1266.023     3.5825     3.5842  32.654694  32.655850    6.23911     1.9424 2.7603e+01    -0.0514     0.0000      98.73    97.7644     0.0669      55191    6.23896    0.00000    34.8880    34.8876         39 0.0000e+00
   1280.000   1264.054     3.6117     3.6021  32.684298  32.673398    6.25729     1.9481 2.7624e+01    -0.0515     0.0000      98.73    97.7626     0.0671      55234    6.25713    0.00000    34.8933    34.8905         50 0.0000e+00
   1278.000   1262.085     3.6264     3.6211  32.698481  32.692612    6.27613     1.9534 2.7608e+01    -0.0515     0.0000      98.73    97.7630     0.0670      55291    6.27599    0.00000    34.8957    34.8943         57 0.0000e+00
   1276.000   1260.116     3.6229     3.6220  32.693875  32.692410    6.27475     1.9533 2.7684e+01    -0.0524     0.0000      98.73    97.7627     0.0669      55339    6.27457    0.00000    34.8949    34.8941         42 0.0000e+00
   1274.000   1258.146     3.6022     3.6113  32.671345  32.681175    6.27431     1.9527 2.7184e+01    -0.0516     0.0000      98.73    97.7595     0.0668      55384    6.27420    0.00000    34.8910    34.8931         50 0.0000e+00
   1272.000   1256.177     3.6115     3.6095  32.680388  32.677562    6.27077     1.9527 2.7533e+01    -0.0514     0.0000      98.73    97.7671     0.0671      55432    6.27060    0.00000    34.8929    34.8917         45 0.0000e+00
   1270.000   1254.208     3.6206     3.6188  32.688954  32.686718    6.27684     1.9548 2.7755e+01    -0.0516     0.0000      98.73    97.7668     0.0672      55483    6.27691    0.00000    34.8945    34.8937         59 0.0000e+00
   1268.000   1252.239     3.6172     3.6188  32.684404  32.686109    6.27850     1.9555 2.7680e+01    -0.0518     0.0000      98.73    97.7650     0.0670      55540    6.27881    0.00000    34.8936    34.8940         52 0.0000e+00
   1266.000   1250.270     3.6113     3.6127  32.677430  32.678619    6.27860     1.9555 2.7419e+01    -0.0511     0.0000      98.73    97.7659     0.0673      55594    6.27822    0.00000    34.8926    34.8926         56 0.0000e+00
   1264.000   1248.301     3.6028     3.6100  32.667120  32.675247    6.27930     1.9557 2.7284e+01    -0.0522     0.0000      98.73    97.7584     0.0673      55640    6.27909    0.00000    34.8904    34.8924         36 0.0000e+00
   1262.000   1246.331     3.5930     3.5970  32.656217  32.660138    6.28371     1.9567 2.7531e+01    -0.0512     0.0000      98.73    97.7585     0.0671      55674    6.28365    0.00000    34.8887    34.8893         34 0.0000e+00
   1260.000   1244.362     3.5929     3.5941  32.655307  32.656425    6.29166     1.9589 2.7554e+01    -0.0519     0.0000      98.73    97.7589     0.0674      55716    6.29157    0.00000    34.8888    34.8888         55 0.0000e+00
   1258.000   1242.393     3.5948     3.5943  32.656431  32.655659    6.30396     1.9621 2.7438e+01    -0.0523     0.0000      98.73    97.7548     0.0676      55779    6.30379    0.00000    34.8892    34.8888         64 0.0000e+00
   1256.000   1240.423     3.6017     3.5991  32.662499  32.659476    6.31207     1.9647 2.7743e+01    -0.0517     0.0000      98.73    97.7585     0.0674      55839    6.31198    0.00000    34.8901    34.8893         55 0.0000e+00
   1254.000   1238.454     3.6045     3.6035  32.664696  32.663173    6.31385     1.9655 2.7029e+01    -0.0523     0.0000      98.73    97.7608     0.0673      55889    6.31362    0.00000    34.8908    34.8899         45 0.0000e+00
   1252.000   1236.485     3.5996     3.6049  32.658063  32.664122    6.31260     1.9654 2.6982e+01    -0.0520     0.0000      98.73    97.7490     0.0668      55929    6.31237    0.00000    34.8891    34.8906         37 0.0000e+00
   1250.000   1234.515     3.5217     3.5518  32.575738  32.610185    6.32191     1.9647 2.6856e+01    -0.0522     0.0000      98.73    97.7517     0.0671      55966    6.32184    0.00000    34.8746    34.8837         38 0.0000e+00
   1248.000   1232.546     3.4904     3.5085  32.543505  32.562892    6.33153     1.9659 2.7193e+01    -0.0512     0.0000      98.73    97.7619     0.0673      56013    6.33147    0.00000    34.8704    34.8743         58 0.0000e+00
