Ship_data/Irminger/Irminger-2/ctd/process/OOI/uat30_001.cnv
* Sea-Bird SBE 9 Data File:
* FileName = C:\data\ctd\at30_001.hex
* Software Version Seasave V 7.21f
* Temperature SN = 2265
* Conductivity SN = 3021
* Number of Bytes Per Scan = 40
* Number of Voltage Words = 5
* Number of Scans Averaged by the Deck Unit = 1
* NMEA Latitude = 42 32.87 N
* NMEA Longitude = 062 35.04 W
* NMEA UTC (Time) = Aug 07 2015  12:39:53
# nquan = 21
# nvalues = 752                         
# units = specified
# name 0 = prDM: Pressure, Digiquartz [db]
# name 1 = depSM: Depth [salt water, m]
# name 2 = t090C: Temperature [ITS-90, deg C]
# name 3 = t190C: Temperature, 2 [ITS-90, deg C]
# name 4 = c0mS/cm: Conductivity [mS/cm]
# name 5 = c1mS/cm: Conductivity, 2 [mS/cm]
# name 6 = sbeox0ML/L: Oxygen, SBE 43 [ml/l]
# name 7 = sbeox0V: Oxygen raw, SBE 43 [V]
# name 8 = spar: SPAR/Surface Irradiance
# name 9 = flECO-AFL: Fluorescence, WET Labs ECO-AFL/FL [mg/m^3]
# name 10 = v2: Voltage 2
# name 11 = altM: Altimeter [m]
# name 12 = CStarTr0: Beam Transmission, WET Labs C-Star [%]
# name 13 = turbWETntu0: Turbidity, WET Labs ECO [NTU]
# name 14 = scan: Scan Count
# name 15 = sbeox0ML/L: Oxygen, SBE 43 [ml/l], WS = 2
# name 16 = sbeox0dOV/dT: Oxygen, SBE 43 [dov/dt], WS = 2
# name 17 = sal00: Salinity, Practical [PSU]
# name 18 = sal11: Salinity, Practical, 2 [PSU]
# name 19 = nbin: number of scans per bin
# name 20 = flag: flag
# span 0 =      4.000,   1506.000       
# span 1 =      3.968,   1488.735       
# span 2 =     3.9694,    21.4400       
# span 3 =     3.9702,    21.4481       
# span 4 =  33.151119,  46.795615       
# span 5 =  33.151053,  46.736536       
# span 6 =    3.04173,    6.25855       
# span 7 =     1.4405,     2.8094       
# span 8 = 1.2700e+03, 1.5337e+03       
# span 9 =    -0.0134,    -0.0091       
# span 10 =     0.0000,     0.0000      
# span 11 =      84.61,      99.86      
# span 12 =    92.0687,    97.6044      
# span 13 =     0.0707,     0.0707      
# span 14 =     116075,     181772      
# span 15 =    3.04146,    6.25715      
# span 16 =    0.00000,    0.00000      
# span 17 =    31.9869,    35.6788      
# span 18 =    31.9866,    35.6769      
# span 19 =         34,        139      
# span 20 = 0.0000e+00, 0.0000e+00      
# interval = decibars: 2                
# start_time = Aug 07 2015 12:39:53 [NMEA time, header]
# bad_flag = -9.990e-29
*END*
[from data line 483]
    540.000    535.040     5.9110     5.9033  34.557961  34.548989    4.64804     1.7632 1.3803e+03    -0.0127     0.0000      98.78    97.4185     0.0707     162362    4.64786    0.00000    35.0330    35.0308         49 0.0000e+00
    538.000    533.061     5.9353     5.9249  34.580669  34.568753    4.63589     1.7610 1.3814e+03    -0.0126     0.0000      98.78    97.4241     0.0707     162410    4.63559    0.00000    35.0346    35.0318         46 0.0000e+00
    536.000    531.082     5.9623     5.9546  34.605612  34.596880    4.62453     1.7592 1.3780e+03    -0.0116     0.0000      98.78    97.4254     0.0707     162457    4.62432    0.00000    35.0358    35.0340         50 0.0000e+00
    534.000    529.103     5.9777     5.9705  34.619518  34.611116    4.61093     1.7563 1.3658e+03    -0.0117     0.0000      98.78    97.4224     0.0707     162508    4.61067    0.00000    35.0366    35.0346         47 0.0000e+00
    532.000    527.124     6.0250     6.0064  34.663778  34.643913    4.59306     1.7534 1.3552e+03    -0.0115     0.0000      98.78    97.4026     0.0707     162552    4.59281    0.00000    35.0388    35.0356         44 0.0000e+00
    530.000    525.145     6.0494     6.0446  34.686605  34.680406    4.57791     1.7504 1.3515e+03    -0.0116     0.0000      98.78    97.4289     0.0707     162600    4.57766    0.00000    35.0403    35.0383         53 0.0000e+00
    528.000    523.165     6.0788     6.0671  34.714398  34.701202    4.55596     1.7458 1.3543e+03    -0.0122     0.0000      98.78    97.4418     0.0707     162652    4.55572    0.00000    35.0423    35.0395         48 0.0000e+00
    526.000    521.186     6.1162     6.1041  34.749618  34.736124    4.53905     1.7428 1.3565e+03    -0.0125     0.0000      98.78    97.4548     0.0707     162699    4.53884    0.00000    35.0444    35.0417         48 0.0000e+00
    524.000    519.207     6.1316     6.1257  34.763708  34.756831    4.52206     1.7390 1.3521e+03    -0.0119     0.0000      98.78    97.4604     0.0707     162752    4.52178    0.00000    35.0454    35.0438         57 0.0000e+00
    522.000    517.228     6.1515     6.1438  34.781852  34.773070    4.50710     1.7359 1.3507e+03    -0.0118     0.0000      98.78    97.4578     0.0707     162804    4.50676    0.00000    35.0463    35.0444         44 0.0000e+00
    520.000    515.248     6.1733     6.1621  34.802316  34.789669    4.49655     1.7341 1.3485e+03    -0.0121     0.0000      98.78    97.4649     0.0707     162842    4.49639    0.00000    35.0478    35.0452         37 0.0000e+00
    518.000    513.269     6.1944     6.1929  34.821750  34.818930    4.48668     1.7324 1.3366e+03    -0.0125     0.0000      98.78    97.4695     0.0707     162890    4.48644    0.00000    35.0490    35.0474         63 0.0000e+00
    516.000    511.290     6.2173     6.2132  34.843362  34.837901    4.47104     1.7292 1.3223e+03    -0.0123     0.0000      98.78    97.4709     0.0707     162953    4.47087    0.00000    35.0506    35.0487         51 0.0000e+00
    514.000    509.311     6.2341     6.2291  34.858933  34.852899    4.46212     1.7276 1.3179e+03    -0.0127     0.0000      98.78    97.4801     0.0707     162994    4.46185    0.00000    35.0519    35.0502         37 0.0000e+00
    512.000    507.331     6.2456     6.2423  34.869347  34.864780    4.45272     1.7257 1.3127e+03    -0.0118     0.0000      98.78    97.4938     0.0707     163035    4.45256    0.00000    35.0527    35.0510         50 0.0000e+00
    510.000    505.352     6.2677     6.2625  34.890170  34.883811    4.44225     1.7239 1.3107e+03    -0.0114     0.0000      98.78    97.4946     0.0707     163094    4.44197    0.00000    35.0543    35.0525         59 0.0000e+00
    508.000    503.373     6.2907     6.2756  34.912168  34.895361    4.43352     1.7226 1.3119e+03    -0.0113     0.0000      98.78    97.5031     0.0707     163143    4.43336    0.00000    35.0562    35.0530         41 0.0000e+00
    506.000    501.393     6.3215     6.3123  34.940857  34.930082    4.42437     1.7213 1.3081e+03    -0.0117     0.0000      98.78    97.5101     0.0707     163184    4.42412    0.00000    35.0578    35.0551         45 0.0000e+00
    504.000    499.414     6.3378     6.3349  34.955646  34.951364    4.41214     1.7188 1.3006e+03    -0.0126     0.0000      98.78    97.5136     0.0707     163236    4.41194    0.00000    35.0585    35.0567         58 0.0000e+00
    502.000    497.434     6.3787     6.3676  34.994102  34.981813    4.39769     1.7164 1.3026e+03    -0.0121     0.0000      98.78    97.5016     0.0707     163291    4.39736    0.00000    35.0605    35.0582         48 0.0000e+00
    500.000    495.455     6.4095     6.3926  35.023387  35.004672    4.38289     1.7137 1.3078e+03    -0.0129     0.0000      98.78    97.5151     0.0707     163334    4.38261    0.00000    35.0627    35.0590         41 0.0000e+00
    498.000    493.476     6.4559     6.4360  35.067095  35.045666    4.36695     1.7111 1.3069e+03    -0.0125     0.0000      98.78    97.5164     0.0707     163374    4.36671    0.00000    35.0649    35.0613         41 0.0000e+00
    496.000    491.496     6.4790     6.4740  35.088436  35.082102    4.34785     1.7069 1.3045e+03    -0.0121     0.0000      98.78    97.5219     0.0707     163425    4.34757    0.00000    35.0659    35.0640         65 0.0000e+00
    494.000    489.517     6.4888     6.4874  35.096707  35.094442    4.32272     1.7006 1.3036e+03    -0.0128     0.0000      98.78    97.5232     0.0707     163491    4.32248    0.00000    35.0660    35.0650         53 0.0000e+00
    492.000    487.537     6.4971     6.4929  35.103819  35.098357    4.31433     1.6989 1.3132e+03    -0.0123     0.0000      98.78    97.5231     0.0707     163532    4.31406    0.00000    35.0665    35.0648         37 0.0000e+00
    490.000    485.558     6.5114     6.5062  35.116583  35.110289    4.30773     1.6979 1.3177e+03    -0.0126     0.0000      98.78    97.5231     0.0707     163569    4.30758    0.00000    35.0671    35.0654         39 0.0000e+00
    488.000    483.578     6.5191     6.5178  35.122864  35.120662    4.30132     1.6966 1.3154e+03    -0.0125     0.0000      98.78    97.5231     0.0707     163617    4.30110    0.00000    35.0672    35.0661         58 0.0000e+00
    486.000    481.599     6.5225     6.5215  35.125069  35.123265    4.29331     1.6948 1.3129e+03    -0.0125     0.0000      98.78    97.5231     0.0707     163676    4.29310    0.00000    35.0671    35.0661         52 0.0000e+00
    484.000    479.619     6.5255     6.5245  35.126931  35.125073    4.28868     1.6940 1.3135e+03    -0.0131     0.0000      98.78    97.5231     0.0707     163722    4.28859    0.00000    35.0671    35.0661         47 0.0000e+00
    482.000    477.640     6.5316     6.5293  35.132059  35.128507    4.28323     1.6930 1.3134e+03    -0.0124     0.0000      98.78    97.5230     0.0707     163771    4.28301    0.00000    35.0675    35.0660         49 0.0000e+00
    480.000    475.660     6.5710     6.5560  35.169474  35.152945    4.27634     1.6925 1.3137e+03    -0.0126     0.0000      98.78    97.5198     0.0707     163817    4.27604    0.00000    35.0698    35.0668         45 0.0000e+00
    478.000    473.680     6.5888     6.5867  35.185639  35.182289    4.27339     1.6926 1.3130e+03    -0.0125     0.0000      98.78    97.5187     0.0707     163868    4.27314    0.00000    35.0706    35.0690         56 0.0000e+00
    476.000    471.700     6.6166     6.6000  35.211917  35.193171    4.25581     1.6889 1.3133e+03    -0.0128     0.0000      98.78    97.5220     0.0707     163920    4.25558    0.00000    35.0723    35.0685         43 0.0000e+00
    474.000    469.721     6.6563     6.6406  35.248862  35.231774    4.24556     1.6875 1.3166e+03    -0.0124     0.0000      98.78    97.5231     0.0707     163959    4.24534    0.00000    35.0737    35.0708         41 0.0000e+00
    472.000    467.741     6.6865     6.6895  35.276679  35.278351    4.22756     1.6838 1.3144e+03    -0.0116     0.0000      98.78    97.4654     0.0707     164015    4.22728    0.00000    35.0747    35.0735         68 0.0000e+00
    470.000    465.761     6.7058     6.6971  35.294391  35.284760    4.20517     1.6785 1.3150e+03    -0.0123     0.0000      98.78    97.5181     0.0707     164073    4.20498    0.00000    35.0756    35.0739         45 0.0000e+00
    468.000    463.782     6.7401     6.7263  35.326446  35.310809    4.19259     1.6763 1.3187e+03    -0.0128     0.0000      98.78    97.5230     0.0707     164113    4.19227    0.00000    35.0771    35.0739         38 0.0000e+00
    466.000    461.802     6.7885     6.7721  35.371859  35.353307    4.18067     1.6748 1.3171e+03    -0.0124     0.0000      98.78    97.5231     0.0707     164152    4.18043    0.00000    35.0790    35.0752         44 0.0000e+00
    464.000    459.822     6.8392     6.8431  35.419650  35.421031    4.15667     1.6699 1.3124e+03    -0.0120     0.0000      98.78    97.5205     0.0707     164212    4.15637    0.00000    35.0811    35.0787         71 0.0000e+00
    462.000    457.842     6.8840     6.8619  35.461369  35.439222    4.12818     1.6636 1.3137e+03    -0.0117     0.0000      98.78    97.5180     0.0707     164269    4.12793    0.00000    35.0825    35.0806         42 0.0000e+00
    460.000    455.863     6.8949     6.8899  35.470827  35.464590    4.10918     1.6590 1.3179e+03    -0.0117     0.0000      98.78    97.5125     0.0707     164307    4.10892    0.00000    35.0828    35.0810         39 0.0000e+00
    458.000    453.883     6.9092     6.9049  35.483474  35.478058    4.09251     1.6551 1.3181e+03    -0.0119     0.0000      98.78    97.5141     0.0707     164352    4.09228    0.00000    35.0831    35.0816         50 0.0000e+00
    456.000    451.903     6.9766     6.9632  35.548085  35.532205    4.07270     1.6518 1.3163e+03    -0.0115     0.0000      98.78    97.5169     0.0707     164407    4.07241    0.00000    35.0867    35.0829         58 0.0000e+00
    454.000    449.923     7.0501     7.0159  35.618549  35.583051    4.05321     1.6487 1.3171e+03    -0.0118     0.0000      98.78    97.5163     0.0707     164458    4.05291    0.00000    35.0905    35.0862         43 0.0000e+00
    452.000    447.943     7.0936     7.0734  35.660167  35.637417    4.03081     1.6440 1.3154e+03    -0.0122     0.0000      98.78    97.5223     0.0707     164500    4.03050    0.00000    35.0930    35.0884         44 0.0000e+00
    450.000    445.963     7.1415     7.1250  35.705262  35.686718    4.00324     1.6379 1.3128e+03    -0.0115     0.0000      98.78    97.5231     0.0707     164551    4.00291    0.00000    35.0947    35.0912         56 0.0000e+00
    448.000    443.983     7.1882     7.1674  35.748973  35.727698    3.97626     1.6320 1.3131e+03    -0.0123     0.0000      98.78    97.5231     0.0707     164604    3.97599    0.00000    35.0963    35.0941         50 0.0000e+00
    446.000    442.003     7.2275     7.2060  35.786190  35.763010    3.95146     1.6265 1.3125e+03    -0.0113     0.0000      98.78    97.5231     0.0707     164653    3.95122    0.00000    35.0982    35.0946         50 0.0000e+00
    444.000    440.023     7.2879     7.2617  35.844463  35.815860    3.92883     1.6221 1.3101e+03    -0.0114     0.0000      98.78    97.5118     0.0707     164700    3.92851    0.00000    35.1016    35.0969         43 0.0000e+00
    442.000    438.044     7.3484     7.3246  35.901964  35.875896    3.90778     1.6181 1.3111e+03    -0.0116     0.0000      98.78    97.4913     0.0707     164744    3.90751    0.00000    35.1041    35.0997         46 0.0000e+00
    440.000    436.064     7.3940     7.3788  35.944917  35.928150    3.88052     1.6120 1.3127e+03    -0.0121     0.0000      98.78    97.5190     0.0707     164793    3.88019    0.00000    35.1058    35.1029         52 0.0000e+00
    438.000    434.083     7.4298     7.4158  35.978552  35.962862    3.85172     1.6051 1.3091e+03    -0.0111     0.0000      98.78    97.5137     0.0707     164845    3.85144    0.00000    35.1072    35.1042         52 0.0000e+00
    436.000    432.104     7.4711     7.4577  36.017278  36.002504    3.82795     1.5998 1.3072e+03    -0.0121     0.0000      98.78    97.5221     0.0707     164900    3.82771    0.00000    35.1085    35.1060         53 0.0000e+00
    434.000    430.123     7.4930     7.4799  36.037347  36.023037    3.80851     1.5952 1.3140e+03    -0.0118     0.0000      98.78    97.5141     0.0707     164944    3.80819    0.00000    35.1092    35.1069         38 0.0000e+00
    432.000    428.143     7.5199     7.5145  36.061456  36.054491    3.79130     1.5913 1.3163e+03    -0.0119     0.0000      98.78    97.5062     0.0707     164986    3.79102    0.00000    35.1093    35.1072         53 0.0000e+00
    430.000    426.163     7.5417     7.5372  36.079687  36.074757    3.77071     1.5864 1.3078e+03    -0.0117     0.0000      98.78    97.5083     0.0707     165044    3.77051    0.00000    35.1080    35.1072         53 0.0000e+00
    428.000    424.183     7.5625     7.5516  36.099758  36.086800    3.75200     1.5819 1.3042e+03    -0.0124     0.0000      98.78    97.5116     0.0707     165089    3.75172    0.00000    35.1098    35.1068         42 0.0000e+00
    426.000    422.203     7.6137     7.5924  36.149084  36.125469    3.73810     1.5796 1.3082e+03    -0.0114     0.0000      98.78    97.5229     0.0707     165134    3.73792    0.00000    35.1127    35.1085         49 0.0000e+00
    424.000    420.223     7.6876     7.6644  36.219878  36.194947    3.72003     1.5767 1.3115e+03    -0.0110     0.0000      98.78    97.5226     0.0707     165186    3.71973    0.00000    35.1158    35.1122         50 0.0000e+00
    422.000    418.243     7.7072     7.6922  36.237839  36.221468    3.69830     1.5713 1.3116e+03    -0.0118     0.0000      98.78    97.5151     0.0707     165232    3.69802    0.00000    35.1164    35.1138         46 0.0000e+00
    420.000    416.262     7.7132     7.7102  36.242510  36.238327    3.67649     1.5655 1.3103e+03    -0.0116     0.0000      98.78    97.5196     0.0707     165281    3.67626    0.00000    35.1164    35.1150         53 0.0000e+00
    418.000    414.282     7.7272     7.7210  36.255102  36.247482    3.66554     1.5631 1.3079e+03    -0.0113     0.0000      98.78    97.5231     0.0707     165334    3.66537    0.00000    35.1169    35.1150         50 0.0000e+00
    416.000    412.302     7.7522     7.7428  36.278561  36.267521    3.65744     1.5617 1.3030e+03    -0.0107     0.0000      98.78    97.5231     0.0707     165383    3.65720    0.00000    35.1181    35.1157         48 0.0000e+00
    414.000    410.322     7.8103     7.7844  36.334310  36.305775    3.64663     1.5603 1.2991e+03    -0.0117     0.0000      98.78    97.5231     0.0707     165429    3.64635    0.00000    35.1208    35.1160         44 0.0000e+00
    412.000    408.341     7.8576     7.8385  36.379354  36.358822    3.63292     1.5579 1.2970e+03    -0.0109     0.0000      98.78    97.5227     0.0707     165473    3.63264    0.00000    35.1228    35.1198         46 0.0000e+00
    410.000    406.361     7.8899     7.8756  36.409722  36.393854    3.61120     1.5528 1.2927e+03    -0.0112     0.0000      98.78    97.5096     0.0707     165521    3.61097    0.00000    35.1241    35.1213         51 0.0000e+00
    408.000    404.381     7.9598     7.9433  36.477270  36.458874    3.58405     1.5470 1.2904e+03    -0.0110     0.0000      98.78    97.5122     0.0707     165576    3.58380    0.00000    35.1275    35.1243         56 0.0000e+00
    406.000    402.401     8.0235     7.9931  36.538271  36.506337    3.56321     1.5429 1.2886e+03    -0.0124     0.0000      98.78    97.5021     0.0707     165626    3.56291    0.00000    35.1302    35.1263         44 0.0000e+00
