Ship_data/Irminger/Irminger-2/ctd/process/OOI/uat30_011.cnv
* Sea-Bird SBE 9 Data File:
* FileName = C:\data\ctd\at30_011.hex
* Software Version Seasave V 7.21f
* Temperature SN = 2265
* Conductivity SN = 3021
* Number of Bytes Per Scan = 40
* Number of Voltage Words = 5
* Number of Scans Averaged by the Deck Unit = 1
* NMEA Latitude = 59 41.19 N
* NMEA Longitude = 039 21.93 W
* NMEA UTC (Time) = Aug 21 2015  19:14:51
** cal val post deployment at FLMB2
# nquan = 21
# nvalues = 1428                        
# units = specified
# name 0 = prDM: Pressure, Digiquartz [db]
# name 1 = depSM: Depth [salt water, m]
# name 2 = t090C: Temperature [ITS-90, deg C]
# name 3 = t190C: Temperature, 2 [ITS-90, deg C]
# name 4 = c0mS/cm: Conductivity [mS/cm]
# name 5 = c1mS/cm: Conductivity, 2 [mS/cm]
# name 6 = sbeox0ML/L: Oxygen, SBE 43 [ml/l]
# name 7 = sbeox0V: Oxygen raw, SBE 43 [V]
# name 8 = spar: SPAR/Surface Irradiance
# name 9 = flECO-AFL: Fluorescence, WET Labs ECO-AFL/FL [mg/m^3]
# name 10 = v2: Voltage 2
# name 11 = altM: Altimeter [m]
# name 12 = CStarTr0: Beam Transmission, WET Labs C-Star [%]
# name 13 = turbWETntu0: Turbidity, WET Labs ECO [NTU]
# name 14 = scan: Scan Count
# name 15 = sbeox0ML/L: Oxygen, SBE 43 [ml/l], WS = 2
# name 16 = sbeox0dOV/dT: Oxygen, SBE 43 [dov/dt], WS = 2
# name 17 = sal00: Salinity, Practical [PSU]
# name 18 = sal11: Salinity, Practical, 2 [PSU]
# name 19 = nbin: number of scans per bin
# name 20 = flag: flag
# span 0 =      2.000,   2856.000       
# span 1 =      1.981,   2810.079       
# span 2 =     1.5255,     8.7298       
# span 3 =     1.5274,     8.7300       
# span 4 =  31.485985,  36.766601       
# span 5 =  31.486929,  36.765933       
# span 6 =    6.01060,    6.80266       
# span 7 =     1.6757,     2.5374       
# span 8 = 1.9531e+02, 1.1508e+03       
# span 9 =    -0.0662,    -0.0432       
# span 10 =     0.0000,     0.0000      
# span 11 =      19.10,      98.99      
# span 12 =    94.0085,    97.5233      
# span 13 =     0.0692,     0.0708      
# span 14 =      81423,     186772      
# span 15 =    6.01037,    6.80211      
# span 16 =    0.00000,    0.00000      
# span 17 =    34.8480,    34.9303      
# span 18 =    34.8451,    34.9299      
# span 19 =         23,        138      
# span 20 = 0.0000e+00, 0.0000e+00      
# interval = decibars: 2                
# start_time = Aug 21 2015 19:14:51 [NMEA time, header]
# bad_flag = -9.990e-29
*END*
[from data line 552]
   1752.000   1728.274     3.3589     3.3596  32.682505  32.682760    6.04706     1.8094 6.1329e+02    -0.0443     0.0000      98.73    97.4647     0.0707     114570    6.04687    0.00000    34.9246    34.9242         34 0.0000e+00
   1750.000   1726.309     3.3602     3.3608  32.682848  32.683034    6.04867     1.8101 6.2042e+02    -0.0447     0.0000      98.73    97.4562     0.0707     114604    6.04840    0.00000    34.9246    34.9242         38 0.0000e+00
   1748.000   1724.344     3.3600     3.3602  32.681954  32.682014    6.05255     1.8113 6.0525e+02    -0.0441     0.0000      98.73    97.4618     0.0707     114678    6.05250    0.00000    34.9247    34.9245         72 0.0000e+00
   1746.000   1722.380     3.3620     3.3616  32.683012  32.682246    6.05541     1.8123 6.1153e+02    -0.0450     0.0000      98.73    97.4707     0.0707     114759    6.05537    0.00000    34.9249    34.9244         71 0.0000e+00
   1744.000   1720.415     3.3646     3.3657  32.684713  32.685381    6.05591     1.8128 6.1720e+02    -0.0441     0.0000      98.73    97.4822     0.0707     114826    6.05570    0.00000    34.9251    34.9247         55 0.0000e+00
   1742.000   1718.450     3.3668     3.3669  32.686196  32.685967    6.05562     1.8131 6.1069e+02    -0.0443     0.0000      98.73    97.4902     0.0707     114884    6.05524    0.00000    34.9255    34.9252         72 0.0000e+00
   1740.000   1716.485     3.3670     3.3668  32.685451  32.685011    6.05362     1.8131 6.2037e+02    -0.0439     0.0000      98.73    97.4958     0.0707     114988    6.05356    0.00000    34.9254    34.9250         92 0.0000e+00
   1738.000   1714.520     3.3684     3.3695  32.685824  32.686332    6.04592     1.8118 6.2728e+02    -0.0442     0.0000      98.73    97.4885     0.0707     115061    6.04575    0.00000    34.9253    34.9248         45 0.0000e+00
   1736.000   1712.555     3.3698     3.3705  32.686218  32.686489    6.04366     1.8117 6.1261e+02    -0.0439     0.0000      98.73    97.4869     0.0707     115102    6.04350    0.00000    34.9253    34.9249         43 0.0000e+00
   1734.000   1710.590     3.3700     3.3704  32.685629  32.685746    6.04131     1.8116 6.0807e+02    -0.0439     0.0000      98.73    97.4717     0.0707     115176    6.04145    0.00000    34.9253    34.9251         93 0.0000e+00
   1732.000   1708.625     3.3698     3.3707  32.684226  32.684933    6.04198     1.8121 6.1650e+02    -0.0443     0.0000      98.73    97.4591     0.0707     115307    6.04199    0.00000    34.9249    34.9248         74 0.0000e+00
   1730.000   1706.661     3.3678     3.3688  32.680670  32.681451    6.04483     1.8129 6.1301e+02    -0.0443     0.0000      98.73    97.4353     0.0707     115381    6.04468    0.00000    34.9238    34.9236         58 0.0000e+00
   1728.000   1704.696     3.3671     3.3674  32.679065  32.679093    6.06503     1.8175 6.1170e+02    -0.0447     0.0000      98.73    97.4380     0.0706     115584    6.06486    0.00000    34.9236    34.9232         93 0.0000e+00
   1726.000   1702.730     3.3651     3.3659  32.675410  32.675990    6.10260     1.8258 6.5235e+02    -0.0443     0.0000      98.73    97.3979     0.0706     115955    6.10242    0.00000    34.9223    34.9221         98 0.0000e+00
   1724.000   1700.766     3.3655     3.3662  32.674463  32.674847    6.12407     1.8307 6.5743e+02    -0.0442     0.0000      98.73    97.3856     0.0707     116377    6.12396    0.00000    34.9217    34.9214         76 0.0000e+00
   1722.000   1698.800     3.3673     3.3677  32.675145  32.675229    6.13752     1.8340 5.7999e+02    -0.0440     0.0000      98.73    97.3932     0.0703     117449    6.13724    0.00000    34.9216    34.9213         71 0.0000e+00
   1720.000   1696.836     3.3688     3.3693  32.675585  32.675673    6.13718     1.8343 5.4968e+02    -0.0440     0.0000      98.73    97.3896     0.0702     118175    6.13709    0.00000    34.9215    34.9211         79 0.0000e+00
   1718.000   1694.870     3.3694     3.3698  32.675163  32.675250    6.13718     1.8347 5.3348e+02    -0.0435     0.0000      98.73    97.3968     0.0702     118342    6.13713    0.00000    34.9213    34.9210         65 0.0000e+00
   1716.000   1692.905     3.3705     3.3710  32.675243  32.675298    6.13600     1.8349 5.3516e+02    -0.0439     0.0000      98.73    97.3923     0.0707     118464    6.13603    0.00000    34.9213    34.9208         38 0.0000e+00
   1714.000   1690.940     3.3726     3.3727  32.676347  32.675955    6.13609     1.8353 5.3459e+02    -0.0440     0.0000      98.73    97.3923     0.0705     118524    6.13601    0.00000    34.9213    34.9208         48 0.0000e+00
   1712.000   1688.975     3.3758     3.3760  32.678586  32.678199    6.13196     1.8348 5.2626e+02    -0.0432     0.0000      98.73    97.3923     0.0699     118661    6.13169    0.00000    34.9216    34.9209         32 0.0000e+00
   1710.000   1687.010     3.3803     3.3785  32.682060  32.680117    6.13635     1.8363 5.3657e+02    -0.0443     0.0000      98.73    97.3932     0.0701     118708    6.13626    0.00000    34.9220    34.9215         61 0.0000e+00
   1708.000   1685.045     3.3828     3.3809  32.683662  32.681361    6.13251     1.8359 5.1174e+02    -0.0439     0.0000      98.73    97.4076     0.0701     118765    6.13244    0.00000    34.9222    34.9214         44 0.0000e+00
   1706.000   1683.080     3.3888     3.3877  32.688507  32.686943    6.12497     1.8349 4.9646e+02    -0.0439     0.0000      98.73    97.4306     0.0703     118830    6.12486    0.00000    34.9225    34.9219         64 0.0000e+00
   1704.000   1681.114     3.3917     3.3917  32.690219  32.689621    6.10525     1.8311 5.1003e+02    -0.0441     0.0000      98.73    97.4467     0.0704     118907    6.10505    0.00000    34.9226    34.9218         38 0.0000e+00
   1702.000   1679.149     3.3929     3.3934  32.690554  32.690470    6.09922     1.8302 5.1123e+02    -0.0441     0.0000      98.73    97.4615     0.0707     118940    6.09919    0.00000    34.9227    34.9220         34 0.0000e+00
   1700.000   1677.184     3.3942     3.3941  32.690811  32.690478    6.09303     1.8293 5.0246e+02    -0.0443     0.0000      98.73    97.4555     0.0707     118977    6.09300    0.00000    34.9226    34.9222         40 0.0000e+00
   1698.000   1675.219     3.3958     3.3950  32.691350  32.690405    6.08509     1.8279 4.8738e+02    -0.0441     0.0000      98.73    97.4545     0.0707     119019    6.08495    0.00000    34.9225    34.9222         44 0.0000e+00
   1696.000   1673.253     3.3977     3.3974  32.692222  32.691597    6.07584     1.8264 4.7318e+02    -0.0444     0.0000      98.73    97.4649     0.0707     119064    6.07565    0.00000    34.9225    34.9221         46 0.0000e+00
   1694.000   1671.288     3.4004     3.4001  32.693828  32.693288    6.07061     1.8257 4.7018e+02    -0.0445     0.0000      98.73    97.4606     0.0707     119120    6.07040    0.00000    34.9225    34.9222         66 0.0000e+00
   1692.000   1669.323     3.4027     3.4018  32.694998  32.693645    6.06381     1.8247 4.7729e+02    -0.0442     0.0000      98.73    97.4648     0.0707     119176    6.06376    0.00000    34.9225    34.9219         42 0.0000e+00
   1690.000   1667.357     3.4043     3.4045  32.695568  32.695281    6.06208     1.8247 4.7846e+02    -0.0441     0.0000      98.73    97.4710     0.0707     119214    6.06205    0.00000    34.9224    34.9219         36 0.0000e+00
   1688.000   1665.392     3.4048     3.4051  32.695305  32.695293    6.06028     1.8247 4.7237e+02    -0.0448     0.0000      98.73    97.4708     0.0707     119255    6.06037    0.00000    34.9225    34.9222         52 0.0000e+00
   1686.000   1663.427     3.4072     3.4067  32.696660  32.695798    6.05327     1.8236 4.5228e+02    -0.0434     0.0000      98.73    97.4840     0.0707     119332    6.05315    0.00000    34.9227    34.9222         75 0.0000e+00
   1684.000   1661.461     3.4097     3.4094  32.698100  32.697237    6.04467     1.8222 4.5257e+02    -0.0441     0.0000      98.73    97.4848     0.0707     119376    6.04460    0.00000    34.9227    34.9220         32 0.0000e+00
   1682.000   1659.496     3.4115     3.4119  32.698947  32.698739    6.04290     1.8222 4.5776e+02    -0.0446     0.0000      98.73    97.4781     0.0707     119406    6.04286    0.00000    34.9227    34.9221         32 0.0000e+00
   1680.000   1657.530     3.4120     3.4122  32.698617  32.698548    6.04510     1.8230 4.5971e+02    -0.0444     0.0000      98.73    97.4829     0.0707     119451    6.04497    0.00000    34.9229    34.9225         66 0.0000e+00
   1678.000   1655.565     3.4150     3.4146  32.700517  32.699631    6.04058     1.8224 4.4599e+02    -0.0443     0.0000      98.73    97.4831     0.0707     119518    6.04019    0.00000    34.9229    34.9223         52 0.0000e+00
   1676.000   1653.599     3.4166     3.4169  32.701072  32.700724    6.03724     1.8222 4.4337e+02    -0.0444     0.0000      98.73    97.4807     0.0707     119560    6.03727    0.00000    34.9228    34.9222         40 0.0000e+00
   1674.000   1651.634     3.4176     3.4178  32.701118  32.701175    6.03619     1.8223 4.4784e+02    -0.0439     0.0000      98.73    97.4794     0.0707     119608    6.03615    0.00000    34.9228    34.9226         60 0.0000e+00
   1672.000   1649.668     3.4187     3.4185  32.701242  32.700761    6.03520     1.8224 4.4556e+02    -0.0442     0.0000      98.73    97.4797     0.0707     119668    6.03488    0.00000    34.9228    34.9224         47 0.0000e+00
   1670.000   1647.703     3.4240     3.4235  32.705305  32.704180    6.03431     1.8228 4.3819e+02    -0.0432     0.0000      98.73    97.4702     0.0707     119704    6.03413    0.00000    34.9230    34.9222         33 0.0000e+00
   1668.000   1645.737     3.4265     3.4265  32.706684  32.706363    6.03733     1.8239 4.3856e+02    -0.0441     0.0000      98.73    97.4763     0.0707     119744    6.03721    0.00000    34.9230    34.9226         56 0.0000e+00
   1666.000   1643.772     3.4273     3.4271  32.706477  32.705964    6.03623     1.8240 4.4001e+02    -0.0443     0.0000      98.73    97.4783     0.0703     119818    6.03614    0.00000    34.9229    34.9225         64 0.0000e+00
   1664.000   1641.806     3.4319     3.4312  32.709864  32.708676    6.03326     1.8239 4.3523e+02    -0.0441     0.0000      98.73    97.4759     0.0703     119859    6.03322    0.00000    34.9231    34.9223         37 0.0000e+00
   1662.000   1639.841     3.4340     3.4339  32.711096  32.710554    6.03454     1.8246 4.3546e+02    -0.0449     0.0000      98.73    97.4754     0.0702     119895    6.03442    0.00000    34.9232    34.9227         36 0.0000e+00
   1660.000   1637.875     3.4357     3.4356  32.712036  32.711507    6.03317     1.8247 4.3530e+02    -0.0446     0.0000      98.73    97.4717     0.0707     119934    6.03307    0.00000    34.9235    34.9231         43 0.0000e+00
   1658.000   1635.909     3.4388     3.4377  32.714177  32.712862    6.03599     1.8257 4.2991e+02    -0.0442     0.0000      98.73    97.4766     0.0705     120000    6.03576    0.00000    34.9238    34.9234         84 0.0000e+00
   1656.000   1633.944     3.4428     3.4412  32.717035  32.715076    6.03411     1.8258 4.2475e+02    -0.0441     0.0000      98.73    97.4802     0.0699     120064    6.03376    0.00000    34.9240    34.9233         43 0.0000e+00
   1654.000   1631.978     3.4455     3.4457  32.718893  32.718382    6.03221     1.8259 4.2795e+02    -0.0451     0.0000      98.73    97.4608     0.0702     120102    6.03202    0.00000    34.9243    34.9234         37 0.0000e+00
   1652.000   1630.012     3.4495     3.4491  32.721938  32.720928    6.03118     1.8261 4.3511e+02    -0.0444     0.0000      98.73    97.4751     0.0703     120140    6.03098    0.00000    34.9246    34.9239         40 0.0000e+00
   1650.000   1628.047     3.4548     3.4534  32.726235  32.724116    6.03197     1.8268 4.3342e+02    -0.0443     0.0000      98.73    97.4792     0.0702     120180    6.03169    0.00000    34.9251    34.9241         39 0.0000e+00
   1648.000   1626.081     3.4571     3.4567  32.727592  32.726756    6.03024     1.8269 4.2198e+02    -0.0441     0.0000      98.73    97.4791     0.0702     120218    6.02998    0.00000    34.9253    34.9247         39 0.0000e+00
   1646.000   1624.115     3.4584     3.4579  32.728116  32.727232    6.03114     1.8273 4.2037e+02    -0.0448     0.0000      98.73    97.4821     0.0701     120293    6.03034    0.00000    34.9255    34.9250         70 0.0000e+00
   1644.000   1622.150     3.4628     3.4621  32.731071  32.730057    6.02739     1.8270 4.2689e+02    -0.0442     0.0000      98.73    97.4809     0.0700     120364    6.02642    0.00000    34.9254    34.9249         45 0.0000e+00
   1642.000   1620.184     3.4652     3.4650  32.732454  32.731712    6.02348     1.8268 4.2638e+02    -0.0441     0.0000      98.73    97.4782     0.0704     120405    6.02336    0.00000    34.9255    34.9248         36 0.0000e+00
   1640.000   1618.218     3.4672     3.4674  32.733630  32.733052    6.02031     1.8265 4.2743e+02    -0.0442     0.0000      98.73    97.4774     0.0703     120437    6.02023    0.00000    34.9257    34.9249         29 0.0000e+00
   1638.000   1616.252     3.4692     3.4694  32.734583  32.734253    6.02033     1.8269 4.2821e+02    -0.0442     0.0000      98.73    97.4765     0.0700     120465    6.02021    0.00000    34.9258    34.9251         28 0.0000e+00
   1636.000   1614.286     3.4695     3.4700  32.733937  32.734219    6.02344     1.8279 4.2441e+02    -0.0447     0.0000      98.73    97.4739     0.0701     120500    6.02323    0.00000    34.9257    34.9255         46 0.0000e+00
   1634.000   1612.320     3.4704     3.4698  32.733770  32.733007    6.02636     1.8291 4.0875e+02    -0.0444     0.0000      98.73    97.4707     0.0707     120597    6.02701    0.00000    34.9254    34.9252         59 0.0000e+00
   1632.000   1610.355     3.4723     3.4722  32.734533  32.734197    6.02693     1.8294 4.2072e+02    -0.0443     0.0000      98.73    97.4775     0.0707     120653    6.02651    0.00000    34.9254    34.9251         62 0.0000e+00
   1630.000   1608.389     3.4726     3.4731  32.733889  32.733932    6.02490     1.8294 4.2470e+02    -0.0447     0.0000      98.73    97.4729     0.0705     120705    6.02492    0.00000    34.9252    34.9248         38 0.0000e+00
   1628.000   1606.423     3.4730     3.4738  32.733453  32.733622    6.02356     1.8294 4.2134e+02    -0.0444     0.0000      98.73    97.4708     0.0699     120737    6.02326    0.00000    34.9253    34.9247         28 0.0000e+00
   1626.000   1604.457     3.4750     3.4750  32.734392  32.733908    6.02163     1.8294 4.1669e+02    -0.0442     0.0000      98.73    97.4708     0.0701     120764    6.02135    0.00000    34.9253    34.9247         27 0.0000e+00
   1624.000   1602.491     3.4778     3.4773  32.736150  32.735307    6.02162     1.8297 4.1153e+02    -0.0437     0.0000      98.73    97.4708     0.0704     120792    6.02085    0.00000    34.9254    34.9249         32 0.0000e+00
   1622.000   1600.525     3.4802     3.4782  32.737583  32.735453    6.02531     1.8311 4.0884e+02    -0.0441     0.0000      98.73    97.4708     0.0707     120878    6.02510    0.00000    34.9256    34.9251         69 0.0000e+00
   1620.000   1598.559     3.4830     3.4815  32.739165  32.737283    6.02402     1.8313 4.1281e+02    -0.0441     0.0000      98.73    97.4708     0.0707     120960    6.02383    0.00000    34.9254    34.9247         38 0.0000e+00
   1618.000   1596.593     3.4854     3.4857  32.740545  32.740247    6.02489     1.8319 4.1212e+02    -0.0437     0.0000      98.73    97.4709     0.0707     120992    6.02487    0.00000    34.9255    34.9249         31 0.0000e+00
