Ship_data/Irminger/Irminger-2/ctd/process/OOI/uat30_009.cnv
* Sea-Bird SBE 9 Data File:
* FileName = C:\data\ctd\at30_009.hex
* Software Version Seasave V 7.21f
* Temperature SN = 2265
* Conductivity SN = 3021
* Number of Bytes Per Scan = 40
* Number of Voltage Words = 5
* Number of Scans Averaged by the Deck Unit = 1
* NMEA Latitude = 59 42.40 N
* NMEA Longitude = 039 19.92 W
* NMEA UTC (Time) = Aug 19 2015  15:06:00
** FLMB 1 for cal
# nquan = 21
# nvalues = 1427                        
# units = specified
# name 0 = prDM: Pressure, Digiquartz [db]
# name 1 = depSM: Depth [salt water, m]
# name 2 = t090C: Temperature [ITS-90, deg C]
# name 3 = t190C: Temperature, 2 [ITS-90, deg C]
# name 4 = c0mS/cm: Conductivity [mS/cm]
# name 5 = c1mS/cm: Conductivity, 2 [mS/cm]
# name 6 = sbeox0ML/L: Oxygen, SBE 43 [ml/l]
# name 7 = sbeox0V: Oxygen raw, SBE 43 [V]
# name 8 = spar: SPAR/Surface Irradiance
# name 9 = flECO-AFL: Fluorescence, WET Labs ECO-AFL/FL [mg/m^3]
# name 10 = v2: Voltage 2
# name 11 = altM: Altimeter [m]
# name 12 = CStarTr0: Beam Transmission, WET Labs C-Star [%]
# name 13 = turbWETntu0: Turbidity, WET Labs ECO [NTU]
# name 14 = scan: Scan Count
# name 15 = sbeox0ML/L: Oxygen, SBE 43 [ml/l], WS = 2
# name 16 = sbeox0dOV/dT: Oxygen, SBE 43 [dov/dt], WS = 2
# name 17 = sal00: Salinity, Practical [PSU]
# name 18 = sal11: Salinity, Practical, 2 [PSU]
# name 19 = nbin: number of scans per bin
# name 20 = flag: flag
# span 0 =      2.000,   2854.000       
# span 1 =      1.981,   2808.119       
# span 2 =     1.5439,     8.3154       
# span 3 =     1.5445,     8.3160       
# span 4 =  31.498941,  36.365458       
# span 5 =  31.498952,  36.365679       
# span 6 =    5.99556,    6.66004       
# span 7 =     1.6702,     2.5212       
# span 8 = 2.5073e+02, 3.8382e+02       
# span 9 =    -0.0213,    -0.0179       
# span 10 =     0.0000,     0.0000      
# span 11 =      16.56,     100.45      
# span 12 =    92.7624,    97.6017      
# span 13 =     0.0731,     0.0731      
# span 14 =      80273,     191069      
# span 15 =    5.99521,    6.65972      
# span 16 =    0.00000,    0.00000      
# span 17 =    34.8422,    34.9409      
# span 18 =    34.8407,    34.9411      
# span 19 =         25,        123      
# span 20 = 0.0000e+00, 0.0000e+00      
# interval = decibars: 2                
# start_time = Aug 19 2015 15:06:00 [NMEA time, header]
# bad_flag = -9.990e-29
*END*
[from data line 345]
   2164.000   2132.629     3.0319     3.0318  32.562861  32.562301    6.06130     1.7338 3.6671e+02    -0.0201     0.0000      98.78    97.5979     0.0731     103124    6.06122    0.00000    34.9292    34.9286         49 0.0000e+00
   2162.000   2130.667     3.0340     3.0327  32.563936  32.562503    6.06167     1.7342 3.6423e+02    -0.0198     0.0000      98.78    97.5919     0.0731     103180    6.06150    0.00000    34.9291    34.9288         57 0.0000e+00
   2160.000   2128.707     3.0344     3.0348  32.563470  32.563262    6.06060     1.7344 3.6268e+02    -0.0201     0.0000      98.78    97.6017     0.0731     103231    6.06045    0.00000    34.9291    34.9285         44 0.0000e+00
   2158.000   2126.745     3.0414     3.0406  32.569598  32.567909    6.05798     1.7344 3.6320e+02    -0.0206     0.0000      98.78    97.6014     0.0731     103271    6.05785    0.00000    34.9299    34.9288         40 0.0000e+00
   2156.000   2124.785     3.0494     3.0473  32.576658  32.573973    6.05793     1.7353 3.6298e+02    -0.0199     0.0000      98.78    97.5906     0.0731     103315    6.05929    0.00000    34.9309    34.9299         50 0.0000e+00
   2154.000   2122.823     3.0524     3.0500  32.578713  32.575800    6.05820     1.7355 3.6185e+02    -0.0199     0.0000      98.78    97.5933     0.0731     103368    6.05828    0.00000    34.9312    34.9302         51 0.0000e+00
   2152.000   2120.862     3.0539     3.0537  32.579270  32.578508    6.05574     1.7354 3.6253e+02    -0.0197     0.0000      98.78    97.5922     0.0731     103414    6.05580    0.00000    34.9312    34.9304         43 0.0000e+00
   2150.000   2118.901     3.0570     3.0566  32.581411  32.580579    6.05332     1.7353 3.6269e+02    -0.0197     0.0000      98.78    97.5901     0.0731     103460    6.05338    0.00000    34.9314    34.9308         50 0.0000e+00
   2148.000   2116.940     3.0590     3.0583  32.582420  32.581357    6.05277     1.7355 3.6274e+02    -0.0198     0.0000      98.78    97.5923     0.0731     103512    6.05251    0.00000    34.9315    34.9309         52 0.0000e+00
   2146.000   2114.979     3.0604     3.0603  32.582851  32.582367    6.05068     1.7355 3.6302e+02    -0.0191     0.0000      98.78    97.5897     0.0731     103563    6.05052    0.00000    34.9315    34.9309         55 0.0000e+00
   2144.000   2113.018     3.0607     3.0605  32.582315  32.581794    6.04889     1.7355 3.6244e+02    -0.0200     0.0000      98.78    97.5942     0.0731     103638    6.04893    0.00000    34.9315    34.9310         81 0.0000e+00
   2142.000   2111.056     3.0624     3.0623  32.583117  32.582553    6.04778     1.7356 3.6308e+02    -0.0194     0.0000      98.78    97.5854     0.0731     103717    6.04774    0.00000    34.9315    34.9310         71 0.0000e+00
   2140.000   2109.095     3.0656     3.0642  32.585035  32.583327    6.05084     1.7367 3.6417e+02    -0.0208     0.0000      98.78    97.5955     0.0731     103851    6.05078    0.00000    34.9314    34.9308         87 0.0000e+00
   2138.000   2107.134     3.0697     3.0680  32.587909  32.586056    6.04891     1.7367 3.6624e+02    -0.0194     0.0000      98.78    97.5937     0.0731     104000    6.04866    0.00000    34.9314    34.9310        108 0.0000e+00
   2136.000   2105.172     3.0723     3.0715  32.589266  32.588125    6.05273     1.7379 3.6629e+02    -0.0200     0.0000      98.78    97.6002     0.0731     104179    6.05251    0.00000    34.9312    34.9308        106 0.0000e+00
   2134.000   2103.211     3.0734     3.0736  32.589301  32.589052    6.05201     1.7381 3.6468e+02    -0.0199     0.0000      98.78    97.5912     0.0731     104374    6.05169    0.00000    34.9311    34.9306         79 0.0000e+00
   2132.000   2101.250     3.0741     3.0739  32.589155  32.588523    6.05307     1.7387 3.5767e+02    -0.0205     0.0000      98.78    97.5853     0.0731     104704    6.05287    0.00000    34.9312    34.9306         94 0.0000e+00
   2130.000   2099.289     3.0777     3.0784  32.591687  32.591894    6.05418     1.7393 3.5123e+02    -0.0199     0.0000      98.78    97.5897     0.0731     106184    6.05406    0.00000    34.9313    34.9308         95 0.0000e+00
   2128.000   2097.327     3.0782     3.0788  32.591303  32.591395    6.05500     1.7398 3.5070e+02    -0.0196     0.0000      98.78    97.5970     0.0731     106412    6.05480    0.00000    34.9313    34.9308         98 0.0000e+00
   2126.000   2095.366     3.0786     3.0792  32.590743  32.590900    6.05407     1.7400 3.5061e+02    -0.0198     0.0000      98.78    97.5906     0.0731     106488    6.05387    0.00000    34.9312    34.9307         74 0.0000e+00
   2124.000   2093.404     3.0787     3.0795  32.589688  32.590100    6.05411     1.7404 3.5041e+02    -0.0199     0.0000      98.78    97.5875     0.0731     106572    6.05451    0.00000    34.9307    34.9303         45 0.0000e+00
   2122.000   2091.443     3.0794     3.0802  32.589476  32.589729    6.05293     1.7404 3.5030e+02    -0.0209     0.0000      98.78    97.5898     0.0731     106633    6.05275    0.00000    34.9307    34.9302         64 0.0000e+00
   2120.000   2089.482     3.0814     3.0819  32.590312  32.590178    6.04991     1.7404 3.4941e+02    -0.0188     0.0000      98.78    97.5853     0.0731     106722    6.05078    0.00000    34.9306    34.9299         44 0.0000e+00
   2118.000   2087.520     3.0844     3.0845  32.592369  32.591805    6.04917     1.7404 3.5026e+02    -0.0202     0.0000      98.78    97.5854     0.0731     106759    6.04873    0.00000    34.9308    34.9300         40 0.0000e+00
   2116.000   2085.559     3.0889     3.0873  32.595849  32.593927    6.04725     1.7405 3.5023e+02    -0.0200     0.0000      98.78    97.5875     0.0731     106804    6.04657    0.00000    34.9311    34.9305         51 0.0000e+00
   2114.000   2083.597     3.0908     3.0893  32.596820  32.595137    6.04818     1.7411 3.4945e+02    -0.0192     0.0000      98.78    97.5865     0.0731     106858    6.04803    0.00000    34.9312    34.9308         54 0.0000e+00
   2112.000   2081.636     3.0932     3.0921  32.598050  32.596584    6.04800     1.7415 3.4797e+02    -0.0198     0.0000      98.78    97.5848     0.0731     106911    6.04792    0.00000    34.9311    34.9305         50 0.0000e+00
   2110.000   2079.674     3.0977     3.0967  32.601473  32.599855    6.04488     1.7413 3.4768e+02    -0.0189     0.0000      98.78    97.5899     0.0731     106957    6.04476    0.00000    34.9314    34.9305         44 0.0000e+00
   2108.000   2077.713     3.0996     3.0994  32.602506  32.601787    6.04377     1.7415 3.4762e+02    -0.0210     0.0000      98.78    97.5854     0.0731     107006    6.04357    0.00000    34.9316    34.9309         57 0.0000e+00
   2106.000   2075.751     3.1008     3.1001  32.602829  32.601647    6.04358     1.7417 3.4652e+02    -0.0191     0.0000      98.78    97.5823     0.0731     107060    6.04295    0.00000    34.9316    34.9310         46 0.0000e+00
   2104.000   2073.790     3.1046     3.1045  32.605546  32.604816    6.04286     1.7420 3.4614e+02    -0.0198     0.0000      98.78    97.5795     0.0731     107100    6.04204    0.00000    34.9318    34.9310         36 0.0000e+00
   2102.000   2071.828     3.1047     3.1052  32.604720  32.604920    6.04373     1.7426 3.4594e+02    -0.0193     0.0000      98.78    97.5755     0.0731     107136    6.04355    0.00000    34.9317    34.9314         39 0.0000e+00
   2100.000   2069.866     3.1044     3.1049  32.603857  32.603999    6.04453     1.7431 3.4536e+02    -0.0187     0.0000      98.78    97.5773     0.0731     107187    6.04436    0.00000    34.9319    34.9315         64 0.0000e+00
   2098.000   2067.905     3.1048     3.1049  32.603196  32.603104    6.04329     1.7432 3.4419e+02    -0.0194     0.0000      98.78    97.5887     0.0731     107248    6.04313    0.00000    34.9317    34.9314         49 0.0000e+00
   2096.000   2065.943     3.1048     3.1053  32.602020  32.602093    6.04235     1.7433 3.4491e+02    -0.0202     0.0000      98.78    97.5828     0.0731     107290    6.04223    0.00000    34.9312    34.9307         39 0.0000e+00
   2094.000   2063.982     3.1071     3.1069  32.603220  32.602692    6.04457     1.7442 3.4533e+02    -0.0197     0.0000      98.78    97.5806     0.0731     107336    6.04459    0.00000    34.9312    34.9308         56 0.0000e+00
   2092.000   2062.020     3.1086     3.1085  32.603562  32.603179    6.04443     1.7445 3.4430e+02    -0.0202     0.0000      98.78    97.5891     0.0731     107392    6.04443    0.00000    34.9310    34.9306         48 0.0000e+00
   2090.000   2060.058     3.1093     3.1096  32.603148  32.602999    6.04218     1.7444 3.4464e+02    -0.0208     0.0000      98.78    97.5919     0.0731     107431    6.04219    0.00000    34.9307    34.9302         35 0.0000e+00
   2088.000   2058.096     3.1111     3.1110  32.603953  32.603524    6.04029     1.7444 3.4466e+02    -0.0201     0.0000      98.78    97.5874     0.0731     107468    6.04032    0.00000    34.9307    34.9303         41 0.0000e+00
   2086.000   2056.135     3.1123     3.1121  32.604369  32.603819    6.04229     1.7451 3.4442e+02    -0.0202     0.0000      98.78    97.5881     0.0731     107514    6.04221    0.00000    34.9308    34.9304         51 0.0000e+00
   2084.000   2054.173     3.1129     3.1121  32.604180  32.603089    6.04586     1.7462 3.4305e+02    -0.0197     0.0000      98.78    97.5882     0.0731     107573    6.04570    0.00000    34.9309    34.9305         64 0.0000e+00
   2082.000   2052.211     3.1140     3.1140  32.604134  32.603820    6.04470     1.7466 3.4274e+02    -0.0203     0.0000      98.78    97.5664     0.0731     107627    6.04595    0.00000    34.9307    34.9303         42 0.0000e+00
   2080.000   2050.249     3.1130     3.1140  32.602041  32.602563    6.04472     1.7466 3.4359e+02    -0.0201     0.0000      98.78    97.5822     0.0731     107666    6.04454    0.00000    34.9302    34.9298         40 0.0000e+00
   2078.000   2048.287     3.1146     3.1143  32.602476  32.601797    6.04355     1.7467 3.4333e+02    -0.0199     0.0000      98.78    97.5819     0.0731     107711    6.04325    0.00000    34.9300    34.9295         49 0.0000e+00
   2076.000   2046.326     3.1162     3.1157  32.603296  32.602213    6.04450     1.7473 3.4346e+02    -0.0204     0.0000      98.78    97.5915     0.0731     107758    6.04432    0.00000    34.9302    34.9295         43 0.0000e+00
   2074.000   2044.364     3.1187     3.1193  32.604780  32.604808    6.04320     1.7475 3.4406e+02    -0.0196     0.0000      98.78    97.5883     0.0731     107798    6.04311    0.00000    34.9303    34.9297         41 0.0000e+00
   2072.000   2042.402     3.1161     3.1180  32.600834  32.602795    6.04381     1.7478 3.4442e+02    -0.0203     0.0000      98.78    97.5869     0.0731     107845    6.04378    0.00000    34.9293    34.9296         53 0.0000e+00
   2070.000   2040.440     3.1159     3.1166  32.599628  32.600107    6.04553     1.7485 3.4479e+02    -0.0200     0.0000      98.78    97.5824     0.0731     107903    6.04586    0.00000    34.9290    34.9289         58 0.0000e+00
   2068.000   2038.478     3.1197     3.1196  32.602378  32.601778    6.04628     1.7491 3.4561e+02    -0.0197     0.0000      98.78    97.5883     0.0731     107951    6.04635    0.00000    34.9293    34.9287         40 0.0000e+00
   2066.000   2036.516     3.1243     3.1238  32.606159  32.605019    6.04595     1.7495 3.4673e+02    -0.0195     0.0000      98.78    97.5884     0.0731     107992    6.04598    0.00000    34.9299    34.9290         46 0.0000e+00
   2064.000   2034.554     3.1275     3.1263  32.608544  32.607118    6.04798     1.7504 3.4641e+02    -0.0200     0.0000      98.78    97.5901     0.0731     108043    6.04799    0.00000    34.9303    34.9298         51 0.0000e+00
   2062.000   2032.592     3.1239     3.1253  32.603643  32.604817    6.05069     1.7511 3.4676e+02    -0.0203     0.0000      98.78    97.5899     0.0731     108088    6.05082    0.00000    34.9292    34.9291         41 0.0000e+00
   2060.000   2030.630     3.1240     3.1244  32.602505  32.602568    6.05175     1.7516 3.4681e+02    -0.0185     0.0000      98.78    97.5847     0.0731     108129    6.05162    0.00000    34.9287    34.9283         41 0.0000e+00
   2058.000   2028.668     3.1253     3.1254  32.603006  32.602680    6.04969     1.7516 3.4681e+02    -0.0198     0.0000      98.78    97.5768     0.0731     108172    6.04984    0.00000    34.9289    34.9284         46 0.0000e+00
   2056.000   2026.706     3.1265     3.1261  32.603157  32.602560    6.04861     1.7517 3.4703e+02    -0.0195     0.0000      98.78    97.5823     0.0731     108223    6.04849    0.00000    34.9288    34.9284         55 0.0000e+00
   2054.000   2024.744     3.1271     3.1273  32.602511  32.602486    6.05106     1.7525 3.4681e+02    -0.0193     0.0000      98.78    97.5854     0.0731     108280    6.05080    0.00000    34.9283    34.9280         57 0.0000e+00
   2052.000   2022.783     3.1283     3.1285  32.602541  32.602304    6.05132     1.7529 3.4705e+02    -0.0208     0.0000      98.78    97.5875     0.0731     108331    6.05104    0.00000    34.9280    34.9276         44 0.0000e+00
   2050.000   2020.821     3.1308     3.1311  32.603707  32.603564    6.05081     1.7532 3.4865e+02    -0.0203     0.0000      98.78    97.5890     0.0731     108370    6.05059    0.00000    34.9278    34.9272         37 0.0000e+00
   2048.000   2018.858     3.1355     3.1338  32.607495  32.605391    6.05118     1.7538 3.4947e+02    -0.0193     0.0000      98.78    97.5827     0.0731     108411    6.05111    0.00000    34.9282    34.9275         48 0.0000e+00
   2046.000   2016.896     3.1379     3.1360  32.608969  32.606854    6.05134     1.7543 3.4842e+02    -0.0199     0.0000      98.78    97.5866     0.0731     108461    6.05130    0.00000    34.9284    34.9279         48 0.0000e+00
   2044.000   2014.934     3.1400     3.1396  32.610250  32.609205    6.05232     1.7548 3.4891e+02    -0.0186     0.0000      98.78    97.5772     0.0731     108505    6.05221    0.00000    34.9287    34.9278         42 0.0000e+00
   2042.000   2012.972     3.1443     3.1432  32.613631  32.612125    6.05271     1.7554 3.4963e+02    -0.0200     0.0000      98.78    97.5864     0.0731     108552    6.05256    0.00000    34.9291    34.9285         53 0.0000e+00
   2040.000   2011.010     3.1472     3.1450  32.615688  32.613241    6.05410     1.7561 3.4883e+02    -0.0195     0.0000      98.78    97.5827     0.0731     108609    6.05407    0.00000    34.9295    34.9289         55 0.0000e+00
   2038.000   2009.048     3.1480     3.1477  32.615634  32.614718    6.05336     1.7563 3.4872e+02    -0.0200     0.0000      98.78    97.5931     0.0731     108654    6.05330    0.00000    34.9295    34.9287         39 0.0000e+00
   2036.000   2007.085     3.1507     3.1503  32.617464  32.616677    6.05236     1.7565 3.4945e+02    -0.0202     0.0000      98.78    97.5869     0.0731     108694    6.05211    0.00000    34.9298    34.9293         43 0.0000e+00
   2034.000   2005.123     3.1523     3.1518  32.618340  32.617338    6.04968     1.7563 3.4792e+02    -0.0198     0.0000      98.78    97.5806     0.0731     108750    6.04939    0.00000    34.9301    34.9295         64 0.0000e+00
   2032.000   2003.161     3.1535     3.1535  32.618480  32.617890    6.04821     1.7564 3.4672e+02    -0.0203     0.0000      98.78    97.5825     0.0731     108800    6.04794    0.00000    34.9300    34.9293         36 0.0000e+00
   2030.000   2001.199     3.1578     3.1575  32.621952  32.620913    6.04506     1.7562 3.4735e+02    -0.0192     0.0000      98.78    97.5814     0.0731     108832    6.04478    0.00000    34.9305    34.9296         33 0.0000e+00
