Ship_data/Irminger/Irminger-2/ctd/process/OOI/uat30_010.cnv
* Sea-Bird SBE 9 Data File:
* FileName = C:\data\ctd\at30_010.hex
* Software Version Seasave V 7.21f
* Temperature SN = 2265
* Conductivity SN = 3021
* Number of Bytes Per Scan = 40
* Number of Voltage Words = 5
* Number of Scans Averaged by the Deck Unit = 1
* NMEA Latitude = 59 45.71 N
* NMEA Longitude = 039 52.84 W
* NMEA UTC (Time) = Aug 19 2015  21:15:33
** FLMA 2 post deployment cal
# nquan = 21
# nvalues = 1365                        
# units = specified
# name 0 = prDM: Pressure, Digiquartz [db]
# name 1 = depSM: Depth [salt water, m]
# name 2 = t090C: Temperature [ITS-90, deg C]
# name 3 = t190C: Temperature, 2 [ITS-90, deg C]
# name 4 = c0mS/cm: Conductivity [mS/cm]
# name 5 = c1mS/cm: Conductivity, 2 [mS/cm]
# name 6 = sbeox0ML/L: Oxygen, SBE 43 [ml/l]
# name 7 = sbeox0V: Oxygen raw, SBE 43 [V]
# name 8 = spar: SPAR/Surface Irradiance
# name 9 = flECO-AFL: Fluorescence, WET Labs ECO-AFL/FL [mg/m^3]
# name 10 = v2: Voltage 2
# name 11 = altM: Altimeter [m]
# name 12 = CStarTr0: Beam Transmission, WET Labs C-Star [%]
# name 13 = turbWETntu0: Turbidity, WET Labs ECO [NTU]
# name 14 = scan: Scan Count
# name 15 = sbeox0ML/L: Oxygen, SBE 43 [ml/l], WS = 2
# name 16 = sbeox0dOV/dT: Oxygen, SBE 43 [dov/dt], WS = 2
# name 17 = sal00: Salinity, Practical [PSU]
# name 18 = sal11: Salinity, Practical, 2 [PSU]
# name 19 = nbin: number of scans per bin
# name 20 = flag: flag
# span 0 =      2.000,   2730.000       
# span 1 =      1.981,   2686.871       
# span 2 =     1.4283,     8.4332       
# span 3 =     1.4291,     8.4316       
# span 4 =  31.348033,  36.471189       
# span 5 =  31.348058,  36.466607       
# span 6 =    6.01466,    6.67822       
# span 7 =     1.6823,     2.5120       
# span 8 = 2.1571e+01, 3.4556e+01       
# span 9 =    -0.0765,    -0.0506       
# span 10 =     0.0000,     0.0000      
# span 11 =       9.50,      99.39      
# span 12 =    93.1070,    97.6280      
# span 13 =     0.0695,     0.0707      
# span 14 =      78766,     179413      
# span 15 =    6.01449,    6.67714      
# span 16 =    0.00000,    0.00000      
# span 17 =    34.8428,    35.0199      
# span 18 =    34.8420,    35.0198      
# span 19 =         27,        134      
# span 20 = 0.0000e+00, 0.0000e+00      
# interval = decibars: 2                
# start_time = Aug 19 2015 21:15:33 [NMEA time, header]
# bad_flag = -9.990e-29
*END*
   2730.000   2686.871     1.4288     1.4296  31.350923  31.351197    6.64683     1.6987 3.4553e+01    -0.0638     0.0000       9.50    96.8978     0.0705      78766    6.64760    0.00000    34.8971    34.8966         93 0.0000e+00
   2728.000   2684.915     1.4283     1.4291  31.349728  31.350124    6.64542     1.6985 3.4556e+01    -0.0646     0.0000      11.43    96.9007     0.0701      79342    6.64523    0.00000    34.8971    34.8968         80 0.0000e+00
   2726.000   2682.959     1.4287     1.4294  31.349342  31.349597    6.64667     1.6991 3.4285e+01    -0.0652     0.0000      13.24    96.9070     0.0700      79460    6.64658    0.00000    34.8972    34.8967         71 0.0000e+00
   2724.000   2681.003     1.4292     1.4299  31.348919  31.349136    6.64337     1.6990 3.4383e+01    -0.0653     0.0000      15.17    96.8996     0.0704      79588    6.64412    0.00000    34.8971    34.8966         61 0.0000e+00
   2722.000   2679.047     1.4301     1.4306  31.349046  31.349056    6.63869     1.6984 3.4302e+01    -0.0653     0.0000      16.89    96.9143     0.0707      79636    6.63876    0.00000    34.8972    34.8967         55 0.0000e+00
   2720.000   2677.091     1.4300     1.4305  31.348292  31.348344    6.64144     1.6991 3.4230e+01    -0.0661     0.0000      19.11    96.9116     0.0702      79730    6.64126    0.00000    34.8973    34.8968         79 0.0000e+00
   2718.000   2675.135     1.4307     1.4311  31.348033  31.348085    6.64127     1.6995 3.4185e+01    -0.0662     0.0000      20.94    96.9231     0.0705      79811    6.64112    0.00000    34.8972    34.8968         77 0.0000e+00
   2716.000   2673.179     1.4326     1.4320  31.348920  31.348058    6.64075     1.6997 3.4198e+01    -0.0671     0.0000      22.83    96.9203     0.0707      79886    6.64070    0.00000    34.8972    34.8968         68 0.0000e+00
   2714.000   2671.223     1.4360     1.4349  31.351129  31.349766    6.63933     1.6999 3.4111e+01    -0.0708     0.0000      24.72    96.9357     0.0707      79951    6.63924    0.00000    34.8972    34.8967         59 0.0000e+00
   2712.000   2669.267     1.4410     1.4381  31.354820  31.351573    6.63806     1.7002 3.4211e+01    -0.0729     0.0000      26.49    96.9445     0.0704      80001    6.63803    0.00000    34.8974    34.8964         46 0.0000e+00
   2710.000   2667.311     1.4640     1.4523  31.374389  31.363178    6.63351     1.7006 3.4204e+01    -0.0731     0.0000      28.46    96.9646     0.0702      80053    6.63355    0.00000    34.8977    34.8965         65 0.0000e+00
   2708.000   2665.354     1.4781     1.4657  31.385995  31.374975    6.62977     1.7006 3.4109e+01    -0.0731     0.0000      30.49    96.9957     0.0701      80122    6.62930    0.00000    34.8979    34.8976         59 0.0000e+00
   2706.000   2663.398     1.5246     1.5191  31.426378  31.419307    6.61848     1.7007 3.3892e+01    -0.0733     0.0000      32.31    97.0434     0.0703      80175    6.61859    0.00000    34.8987    34.8959         53 0.0000e+00
   2704.000   2661.442     1.5799     1.5429  31.475212  31.440831    6.60613     1.7008 3.4127e+01    -0.0732     0.0000      34.19    97.0893     0.0702      80227    6.60603    0.00000    34.9005    34.8978         48 0.0000e+00
   2702.000   2659.486     1.6530     1.6169  31.538530  31.503689    6.59258     1.7012 3.4171e+01    -0.0734     0.0000      36.05    97.1513     0.0700      80271    6.59222    0.00000    34.9009    34.8967         44 0.0000e+00
   2700.000   2657.530     1.6903     1.6648  31.570046  31.546607    6.58108     1.7008 3.4120e+01    -0.0741     0.0000      38.03    97.1831     0.0700      80319    6.58077    0.00000    34.9007    34.8992         51 0.0000e+00
   2698.000   2655.573     1.7007     1.6856  31.577963  31.563966    6.57274     1.7000 3.3996e+01    -0.0750     0.0000      39.87    97.2263     0.0703      80370    6.57251    0.00000    34.9001    34.8992         49 0.0000e+00
   2696.000   2653.617     1.7296     1.7080  31.602677  31.582249    6.55606     1.6983 3.3984e+01    -0.0677     0.0000      59.69    97.2493     0.0700      80415    6.55576    0.00000    34.9005    34.8985         42 0.0000e+00
   2694.000   2651.661     1.7426     1.7344  31.612807  31.604512    6.54887     1.6979 3.3993e+01    -0.0682     0.0000      62.37    97.2577     0.0703      80458    6.54879    0.00000    34.9000    34.8985         46 0.0000e+00
   2692.000   2649.705     1.7602     1.7447  31.626795  31.613238    6.53946     1.6971 3.4114e+01    -0.0686     0.0000      65.32    97.3030     0.0700      80513    6.53929    0.00000    34.8992    34.8991         62 0.0000e+00
   2690.000   2647.748     1.7730     1.7624  31.637204  31.626311    6.53605     1.6972 3.3933e+01    -0.0765     0.0000      47.21    97.3584     0.0701      80566    6.53569    0.00000    34.8992    34.8972         42 0.0000e+00
   2688.000   2645.792     1.8118     1.8007  31.671324  31.659917    6.52246     1.6965 3.4168e+01    -0.0637     0.0000      79.57    97.3390     0.0697      80607    6.52227    0.00000    34.9004    34.8984         44 0.0000e+00
   2686.000   2643.836     1.8291     1.8152  31.685696  31.673092    6.51514     1.6961 3.4005e+01    -0.0573     0.0000      92.24    97.3345     0.0697      80657    6.51482    0.00000    34.9005    34.8999         54 0.0000e+00
   2684.000   2641.879     1.8361     1.8284  31.691165  31.682839    6.51037     1.6957 3.4081e+01    -0.0524     0.0000      98.81    97.3551     0.0702      80706    6.50996    0.00000    34.9007    34.8987         41 0.0000e+00
   2682.000   2639.923     1.8571     1.8500  31.707616  31.700967    6.50727     1.6963 3.4031e+01    -0.0633     0.0000      76.95    97.3719     0.0696      80745    6.50708    0.00000    34.8993    34.8987         40 0.0000e+00
   2680.000   2637.966     1.8745     1.8640  31.721386  31.712103    6.49531     1.6950 3.3866e+01    -0.0557     0.0000      93.07    97.4011     0.0700      80792    6.49506    0.00000    34.8984    34.8983         55 0.0000e+00
   2678.000   2636.010     1.8852     1.8723  31.729635  31.718032    6.49154     1.6950 3.4086e+01    -0.0565     0.0000      92.33    97.4229     0.0699      80849    6.49115    0.00000    34.8980    34.8977         53 0.0000e+00
   2676.000   2634.053     1.9076     1.8937  31.749028  31.735102    6.48471     1.6949 3.3748e+01    -0.0525     0.0000      98.83    97.4363     0.0699      80896    6.48471    0.00000    34.8987    34.8966         43 0.0000e+00
   2674.000   2632.097     1.9325     1.9230  31.770349  31.761292    6.48340     1.6958 3.4031e+01    -0.0525     0.0000      98.73    97.4442     0.0701      80943    6.48310    0.00000    34.8991    34.8982         56 0.0000e+00
   2672.000   2630.141     1.9441     1.9285  31.780072  31.764961    6.48475     1.6967 3.3957e+01    -0.0578     0.0000      87.96    97.4446     0.0698      81002    6.48402    0.00000    34.8995    34.8978         51 0.0000e+00
   2670.000   2628.184     1.9552     1.9470  31.789633  31.781178    6.47596     1.6960 3.3735e+01    -0.0516     0.0000      98.80    97.4446     0.0697      81042    6.47624    0.00000    34.9004    34.8987         35 0.0000e+00
   2668.000   2626.228     1.9625     1.9567  31.795224  31.789570    6.47148     1.6960 3.3930e+01    -0.0526     0.0000      98.73    97.4446     0.0697      81079    6.47338    0.00000    34.9003    34.8996         41 0.0000e+00
   2666.000   2624.271     1.9839     1.9700  31.813658  31.801070    6.46171     1.6947 3.3759e+01    -0.0519     0.0000      98.73    97.4356     0.0698      81128    6.45993    0.00000    34.9009    34.9003         56 0.0000e+00
   2664.000   2622.315     1.9962     1.9871  31.823610  31.814517    6.45575     1.6949 3.3956e+01    -0.0521     0.0000      97.83    97.4224     0.0696      81181    6.45693    0.00000    34.9008    34.8994         48 0.0000e+00
   2662.000   2620.358     2.0051     2.0017  31.830048  31.826948    6.45259     1.6947 3.3843e+01    -0.0549     0.0000      93.26    97.4350     0.0700      81233    6.45246    0.00000    34.9001    34.9000         59 0.0000e+00
   2660.000   2618.402     2.0050     2.0024  31.828740  31.826369    6.44456     1.6935 3.3911e+01    -0.0517     0.0000      98.88    97.4367     0.0695      81290    6.44419    0.00000    34.8995    34.8995         47 0.0000e+00
   2658.000   2616.445     2.0085     2.0069  31.830703  31.828817    6.44280     1.6936 3.3875e+01    -0.0531     0.0000      98.73    97.4499     0.0696      81331    6.44243    0.00000    34.8991    34.8986         39 0.0000e+00
   2656.000   2614.488     2.0112     2.0097  31.832172  31.830525    6.44079     1.6936 3.3726e+01    -0.0517     0.0000      98.73    97.4457     0.0703      81372    6.44035    0.00000    34.8990    34.8986         45 0.0000e+00
   2654.000   2612.532     2.0173     2.0119  31.836953  31.831750    6.44060     1.6941 3.3989e+01    -0.0519     0.0000      98.73    97.4441     0.0701      81417    6.44046    0.00000    34.8993    34.8987         43 0.0000e+00
   2652.000   2610.575     2.0265     2.0225  31.844572  31.839970    6.44001     1.6946 3.3899e+01    -0.0515     0.0000      98.73    97.4446     0.0701      81460    6.43977    0.00000    34.8997    34.8983         44 0.0000e+00
   2650.000   2608.618     2.0326     2.0288  31.849611  31.845379    6.44128     1.6954 3.3822e+01    -0.0523     0.0000      98.73    97.4401     0.0706      81518    6.44123    0.00000    34.9002    34.8992         70 0.0000e+00
   2648.000   2606.662     2.0440     2.0404  31.859157  31.854755    6.44125     1.6961 3.4087e+01    -0.0519     0.0000      98.73    97.4425     0.0707      81576    6.44093    0.00000    34.9007    34.8991         44 0.0000e+00
   2646.000   2604.705     2.0691     2.0605  31.880654  31.872267    6.43435     1.6961 3.3442e+01    -0.0533     0.0000      98.73    97.4243     0.0707      81617    6.43442    0.00000    34.9010    34.8999         41 0.0000e+00
   2644.000   2602.748     2.0735     2.0693  31.883311  31.879228    6.43128     1.6962 3.3935e+01    -0.0535     0.0000      98.73    97.4128     0.0707      81658    6.43252    0.00000    34.9005    34.9000         42 0.0000e+00
   2642.000   2600.792     2.0859     2.0761  31.892797  31.883704    6.42555     1.6957 3.3795e+01    -0.0528     0.0000      98.73    97.4119     0.0707      81704    6.42559    0.00000    34.8998    34.8992         49 0.0000e+00
   2640.000   2598.835     2.1107     2.0920  31.915348  31.897099    6.41952     1.6957 3.3712e+01    -0.0527     0.0000      98.73    97.4016     0.0707      81753    6.41931    0.00000    34.9017    34.8994         49 0.0000e+00
   2638.000   2596.878     2.1327     2.1173  31.935169  31.920029    6.41578     1.6961 3.3881e+01    -0.0531     0.0000      98.73    97.3945     0.0707      81803    6.41557    0.00000    34.9033    34.9013         50 0.0000e+00
   2636.000   2594.921     2.1463     2.1332  31.947031  31.933936    6.41194     1.6962 3.3205e+01    -0.0541     0.0000      98.73    97.4086     0.0707      81851    6.41165    0.00000    34.9042    34.9022         46 0.0000e+00
   2634.000   2592.964     2.1589     2.1495  31.957746  31.948363    6.40464     1.6957 3.3750e+01    -0.0532     0.0000      98.73    97.4148     0.0707      81898    6.40461    0.00000    34.9047    34.9033         51 0.0000e+00
   2632.000   2591.008     2.1731     2.1602  31.969183  31.957284    6.39324     1.6944 3.3550e+01    -0.0525     0.0000      98.73    97.4186     0.0707      81952    6.39317    0.00000    34.9044    34.9037         50 0.0000e+00
   2630.000   2589.051     2.1916     2.1805  31.985705  31.974052    6.38255     1.6934 3.3680e+01    -0.0530     0.0000      98.73    97.4137     0.0707      81995    6.38246    0.00000    34.9057    34.9034         40 0.0000e+00
   2628.000   2587.094     2.1972     2.1938  31.989733  31.986187    6.37635     1.6927 3.3495e+01    -0.0536     0.0000      98.73    97.4072     0.0707      82039    6.37606    0.00000    34.9056    34.9049         51 0.0000e+00
   2626.000   2585.137     2.2020     2.1967  31.993178  31.987621    6.36838     1.6917 3.3328e+01    -0.0526     0.0000      98.73    97.4011     0.0704      82093    6.36814    0.00000    34.9056    34.9045         51 0.0000e+00
   2624.000   2583.180     2.2131     2.2076  32.002560  31.996347    6.36228     1.6913 3.3780e+01    -0.0539     0.0000      98.73    97.4127     0.0699      82137    6.36206    0.00000    34.9061    34.9045         40 0.0000e+00
   2622.000   2581.223     2.2243     2.2213  32.011894  32.008295    6.35438     1.6906 3.3183e+01    -0.0533     0.0000      98.73    97.4119     0.0700      82178    6.35426    0.00000    34.9064    34.9053         46 0.0000e+00
   2620.000   2579.266     2.2334     2.2258  32.019565  32.012110    6.34837     1.6901 3.3467e+01    -0.0531     0.0000      98.73    97.4050     0.0700      82231    6.34824    0.00000    34.9070    34.9061         55 0.0000e+00
   2618.000   2577.309     2.2416     2.2350  32.026359  32.019289    6.34419     1.6901 3.3579e+01    -0.0529     0.0000      98.73    97.3976     0.0702      82280    6.34510    0.00000    34.9074    34.9059         44 0.0000e+00
   2616.000   2575.352     2.2529     2.2477  32.036220  32.030511    6.33909     1.6897 3.3202e+01    -0.0538     0.0000      98.73    97.3846     0.0701      82326    6.33894    0.00000    34.9083    34.9069         50 0.0000e+00
   2614.000   2573.395     2.2575     2.2536  32.039748  32.035659    6.33329     1.6891 3.3438e+01    -0.0526     0.0000      98.73    97.3812     0.0702      82378    6.33318    0.00000    34.9086    34.9079         53 0.0000e+00
   2612.000   2571.438     2.2658     2.2580  32.046771  32.038684    6.32794     1.6887 3.3354e+01    -0.0532     0.0000      98.73    97.3738     0.0700      82428    6.32784    0.00000    34.9093    34.9077         47 0.0000e+00
   2610.000   2569.481     2.2758     2.2688  32.055878  32.048282    6.32011     1.6879 3.3396e+01    -0.0544     0.0000      98.73    97.3599     0.0703      82472    6.32010    0.00000    34.9106    34.9088         41 0.0000e+00
   2608.000   2567.524     2.2864     2.2790  32.065360  32.057159    6.31421     1.6875 3.3230e+01    -0.0532     0.0000      98.73    97.3426     0.0700      82512    6.31414    0.00000    34.9118    34.9097         40 0.0000e+00
   2606.000   2565.567     2.2953     2.2906  32.073170  32.067846    6.30715     1.6868 3.2975e+01    -0.0536     0.0000      98.73    97.3260     0.0702      82556    6.30686    0.00000    34.9127    34.9112         52 0.0000e+00
   2604.000   2563.610     2.2987     2.2885  32.075629  32.065003    6.29750     1.6855 3.3209e+01    -0.0524     0.0000      98.73    97.3382     0.0707      82622    6.29743    0.00000    34.9130    34.9110         63 0.0000e+00
   2602.000   2561.653     2.2996     2.2990  32.075599  32.074212    6.28800     1.6841 3.2762e+01    -0.0535     0.0000      98.73    97.3321     0.0707      82666    6.28798    0.00000    34.9129    34.9119         35 0.0000e+00
   2600.000   2559.696     2.3014     2.3006  32.076475  32.075165    6.28368     1.6836 3.3362e+01    -0.0531     0.0000      98.73    97.3252     0.0703      82703    6.28355    0.00000    34.9130    34.9123         44 0.0000e+00
   2598.000   2557.739     2.3005     2.3011  32.074871  32.074933    6.27751     1.6828 3.3051e+01    -0.0531     0.0000      98.73    97.3245     0.0702      82765    6.27749    0.00000    34.9130    34.9124         66 0.0000e+00
   2596.000   2555.782     2.3019     2.3021  32.075271  32.074811    6.27472     1.6826 3.2661e+01    -0.0536     0.0000      98.73    97.3301     0.0706      82811    6.27473    0.00000    34.9129    34.9121         34 0.0000e+00
