Ship_data/Irminger/Irminger-2/ctd/process/OOI/uat30_007.cnv
* Sea-Bird SBE 9 Data File:
* FileName = C:\data\ctd\at30_007.hex
* Software Version Seasave V 7.21f
* Temperature SN = 2265
* Conductivity SN = 3021
* Number of Bytes Per Scan = 40
* Number of Voltage Words = 5
* Number of Scans Averaged by the Deck Unit = 1
* NMEA Latitude = 59 46.29 N
* NMEA Longitude = 039 52.92 W
* NMEA UTC (Time) = Aug 17 2015  23:01:49
** Site of FLMA 2015 -- need to confirm bottom depth
# nquan = 21
# nvalues = 1360                        
# units = specified
# name 0 = prDM: Pressure, Digiquartz [db]
# name 1 = depSM: Depth [salt water, m]
# name 2 = t090C: Temperature [ITS-90, deg C]
# name 3 = t190C: Temperature, 2 [ITS-90, deg C]
# name 4 = c0mS/cm: Conductivity [mS/cm]
# name 5 = c1mS/cm: Conductivity, 2 [mS/cm]
# name 6 = sbeox0ML/L: Oxygen, SBE 43 [ml/l]
# name 7 = sbeox0V: Oxygen raw, SBE 43 [V]
# name 8 = spar: SPAR/Surface Irradiance
# name 9 = flECO-AFL: Fluorescence, WET Labs ECO-AFL/FL [mg/m^3]
# name 10 = v2: Voltage 2
# name 11 = altM: Altimeter [m]
# name 12 = CStarTr0: Beam Transmission, WET Labs C-Star [%]
# name 13 = turbWETntu0: Turbidity, WET Labs ECO [NTU]
# name 14 = scan: Scan Count
# name 15 = sbeox0ML/L: Oxygen, SBE 43 [ml/l], WS = 2
# name 16 = sbeox0dOV/dT: Oxygen, SBE 43 [dov/dt], WS = 2
# name 17 = sal00: Salinity, Practical [PSU]
# name 18 = sal11: Salinity, Practical, 2 [PSU]
# name 19 = nbin: number of scans per bin
# name 20 = flag: flag
# span 0 =      2.000,   2720.000       
# span 1 =      1.981,   2677.089       
# span 2 =     1.4894,     8.5070       
# span 3 =     1.4904,     8.5061       
# span 4 =  31.398456,  36.557574       
# span 5 =  31.399026,  36.552659       
# span 6 =    6.01650,    6.79566       
# span 7 =     1.6894,     2.5338       
# span 8 = 2.1820e+01, 2.2311e+01       
# span 9 =    -0.0245,    -0.0221       
# span 10 =     0.0000,     0.0000      
# span 11 =       9.92,      99.45      
# span 12 =    94.0661,    97.8162      
# span 13 =     0.0755,     0.0755      
# span 14 =      77993,     153168      
# span 15 =    6.01591,    6.79520      
# span 16 =    0.00000,    0.00000      
# span 17 =    34.8596,    34.9332      
# span 18 =    34.8585,    34.9327      
# span 19 =         30,        136      
# span 20 = 0.0000e+00, 0.0000e+00      
# interval = decibars: 2                
# start_time = Aug 17 2015 23:01:49 [NMEA time, header]
# bad_flag = -9.990e-29
*END*
[from data line 276]
   2168.000   2136.540     2.9427     2.9427  32.488621  32.487936    6.05690     1.7295 2.2109e+01    -0.0238     0.0000      98.78    97.8043     0.0755      92710    6.05828    0.00000    34.9328    34.9320         34 0.0000e+00
   2166.000   2134.579     2.9436     2.9440  32.488627  32.488507    6.05650     1.7296 2.2146e+01    -0.0234     0.0000      98.78    97.8009     0.0755      92757    6.05705    0.00000    34.9328    34.9323         63 0.0000e+00
   2164.000   2132.618     2.9451     2.9449  32.488956  32.488367    6.05574     1.7297 2.2098e+01    -0.0242     0.0000      98.78    97.8078     0.0755      92814    6.05554    0.00000    34.9326    34.9321         42 0.0000e+00
   2162.000   2130.657     2.9459     2.9464  32.488935  32.488743    6.05597     1.7301 2.2052e+01    -0.0237     0.0000      98.78    97.8062     0.0755      92851    6.05589    0.00000    34.9327    34.9319         36 0.0000e+00
   2160.000   2128.696     2.9473     2.9468  32.489341  32.488527    6.05581     1.7304 2.2171e+01    -0.0234     0.0000      98.78    97.7960     0.0755      92890    6.05564    0.00000    34.9327    34.9322         48 0.0000e+00
   2158.000   2126.735     2.9486     2.9484  32.489709  32.489281    6.05687     1.7308 2.2111e+01    -0.0229     0.0000      98.78    97.8037     0.0755      92951    6.05600    0.00000    34.9327    34.9323         65 0.0000e+00
   2156.000   2124.773     2.9493     2.9495  32.489458  32.489127    6.05546     1.7308 2.1950e+01    -0.0226     0.0000      98.78    97.8083     0.0755      93002    6.05434    0.00000    34.9326    34.9319         40 0.0000e+00
   2154.000   2122.812     2.9501     2.9505  32.489407  32.489206    6.05531     1.7313 2.2104e+01    -0.0231     0.0000      98.78    97.8108     0.0755      93039    6.05512    0.00000    34.9326    34.9319         37 0.0000e+00
   2152.000   2120.851     2.9504     2.9506  32.488884  32.488667    6.05550     1.7317 2.2136e+01    -0.0233     0.0000      98.78    97.8103     0.0755      93081    6.05538    0.00000    34.9326    34.9322         47 0.0000e+00
   2150.000   2118.890     2.9512     2.9509  32.488969  32.488170    6.05632     1.7322 2.1975e+01    -0.0233     0.0000      98.78    97.8039     0.0755      93133    6.05624    0.00000    34.9328    34.9322         54 0.0000e+00
   2148.000   2116.929     2.9537     2.9531  32.490224  32.489142    6.05885     1.7331 2.2098e+01    -0.0229     0.0000      98.78    97.8031     0.0755      93182    6.05862    0.00000    34.9326    34.9320         44 0.0000e+00
   2146.000   2114.968     2.9549     2.9549  32.490429  32.490097    6.05803     1.7333 2.2095e+01    -0.0233     0.0000      98.78    97.8049     0.0755      93227    6.05786    0.00000    34.9326    34.9322         47 0.0000e+00
   2144.000   2113.006     2.9569     2.9562  32.491631  32.490438    6.05724     1.7333 2.2092e+01    -0.0231     0.0000      98.78    97.8056     0.0755      93276    6.05603    0.00000    34.9328    34.9322         50 0.0000e+00
   2142.000   2111.045     2.9603     2.9587  32.494070  32.491896    6.05823     1.7342 2.2051e+01    -0.0227     0.0000      98.78    97.8106     0.0755      93326    6.05810    0.00000    34.9331    34.9322         47 0.0000e+00
   2140.000   2109.084     2.9625     2.9617  32.495155  32.493980    6.05795     1.7345 2.2099e+01    -0.0238     0.0000      98.78    97.8108     0.0755      93370    6.05784    0.00000    34.9330    34.9325         43 0.0000e+00
   2138.000   2107.123     2.9629     2.9631  32.494412  32.494337    6.05689     1.7346 2.2101e+01    -0.0237     0.0000      98.78    97.8108     0.0755      93412    6.05677    0.00000    34.9327    34.9323         41 0.0000e+00
   2136.000   2105.162     2.9622     2.9631  32.492812  32.493349    6.05569     1.7347 2.2053e+01    -0.0236     0.0000      98.78    97.8108     0.0755      93455    6.05557    0.00000    34.9324    34.9322         47 0.0000e+00
   2134.000   2103.200     2.9614     2.9625  32.491072  32.491885    6.05500     1.7348 2.2088e+01    -0.0229     0.0000      98.78    97.8108     0.0755      93507    6.05486    0.00000    34.9321    34.9320         56 0.0000e+00
   2132.000   2101.239     2.9608     2.9618  32.489347  32.490034    6.05662     1.7354 2.2008e+01    -0.0233     0.0000      98.78    97.8108     0.0755      93560    6.05638    0.00000    34.9317    34.9315         47 0.0000e+00
   2130.000   2099.278     2.9622     2.9621  32.489406  32.489160    6.05686     1.7358 2.2052e+01    -0.0238     0.0000      98.78    97.8098     0.0755      93605    6.05654    0.00000    34.9312    34.9310         46 0.0000e+00
   2128.000   2097.316     2.9637     2.9635  32.489885  32.489423    6.05925     1.7367 2.2127e+01    -0.0234     0.0000      98.78    97.7993     0.0755      93656    6.05906    0.00000    34.9312    34.9309         54 0.0000e+00
   2126.000   2095.355     2.9651     2.9645  32.490174  32.489240    6.06046     1.7373 2.1899e+01    -0.0235     0.0000      98.78    97.8099     0.0755      93704    6.06034    0.00000    34.9310    34.9305         41 0.0000e+00
   2124.000   2093.394     2.9671     2.9669  32.491061  32.490379    6.06090     1.7377 2.1937e+01    -0.0232     0.0000      98.78    97.8108     0.0755      93741    6.06068    0.00000    34.9309    34.9303         35 0.0000e+00
   2122.000   2091.432     2.9679     2.9679  32.490997  32.490590    6.06150     1.7382 2.2225e+01    -0.0233     0.0000      98.78    97.8102     0.0755      93778    6.06123    0.00000    34.9309    34.9304         43 0.0000e+00
   2120.000   2089.471     2.9695     2.9675  32.491561  32.489536    6.06051     1.7383 2.2016e+01    -0.0234     0.0000      98.78    97.8047     0.0755      93835    6.05990    0.00000    34.9309    34.9305         65 0.0000e+00
   2118.000   2087.509     2.9703     2.9704  32.491336  32.490958    6.05943     1.7383 2.2053e+01    -0.0226     0.0000      98.78    97.8156     0.0755      93888    6.05816    0.00000    34.9308    34.9301         41 0.0000e+00
   2116.000   2085.548     2.9723     2.9724  32.492464  32.491881    6.05686     1.7384 2.2052e+01    -0.0235     0.0000      98.78    97.8045     0.0755      93929    6.05648    0.00000    34.9309    34.9301         45 0.0000e+00
   2114.000   2083.586     2.9762     2.9752  32.495214  32.493773    6.05796     1.7391 2.2121e+01    -0.0233     0.0000      98.78    97.8109     0.0755      93984    6.05790    0.00000    34.9310    34.9304         59 0.0000e+00
   2112.000   2081.625     2.9771     2.9761  32.495211  32.493658    6.05768     1.7396 2.2098e+01    -0.0231     0.0000      98.78    97.8108     0.0755      94035    6.05867    0.00000    34.9310    34.9303         43 0.0000e+00
   2110.000   2079.664     2.9802     2.9799  32.497170  32.496405    6.05752     1.7396 2.1998e+01    -0.0231     0.0000      98.78    97.8108     0.0755      94074    6.05656    0.00000    34.9310    34.9304         37 0.0000e+00
   2108.000   2077.702     2.9820     2.9816  32.497912  32.497006    6.05708     1.7400 2.2051e+01    -0.0231     0.0000      98.78    97.8108     0.0755      94111    6.05686    0.00000    34.9310    34.9304         38 0.0000e+00
   2106.000   2075.740     2.9818     2.9822  32.496635  32.496858    6.05818     1.7405 2.2130e+01    -0.0239     0.0000      98.78    97.8108     0.0755      94154    6.05787    0.00000    34.9306    34.9304         50 0.0000e+00
   2104.000   2073.779     2.9827     2.9822  32.496524  32.495902    6.05878     1.7410 2.2051e+01    -0.0235     0.0000      98.78    97.8094     0.0755      94209    6.05848    0.00000    34.9305    34.9302         56 0.0000e+00
   2102.000   2071.817     2.9847     2.9844  32.497623  32.496923    6.06282     1.7423 2.2125e+01    -0.0232     0.0000      98.78    97.8048     0.0755      94264    6.06271    0.00000    34.9306    34.9301         55 0.0000e+00
   2100.000   2069.856     2.9869     2.9858  32.498832  32.497311    6.06253     1.7426 2.2095e+01    -0.0238     0.0000      98.78    97.8125     0.0755      94316    6.06234    0.00000    34.9307    34.9301         46 0.0000e+00
   2098.000   2067.894     2.9897     2.9890  32.500584  32.499409    6.05932     1.7424 2.2105e+01    -0.0225     0.0000      98.78    97.8108     0.0755      94356    6.05915    0.00000    34.9309    34.9301         38 0.0000e+00
   2096.000   2065.932     2.9909     2.9909  32.501017  32.500494    6.06096     1.7430 2.2053e+01    -0.0240     0.0000      98.78    97.8108     0.0755      94395    6.06066    0.00000    34.9310    34.9304         41 0.0000e+00
   2094.000   2063.971     2.9938     2.9919  32.502840  32.500694    6.05952     1.7431 2.2052e+01    -0.0230     0.0000      98.78    97.8108     0.0755      94443    6.05919    0.00000    34.9311    34.9305         53 0.0000e+00
   2092.000   2062.009     2.9966     2.9948  32.504500  32.502433    6.05815     1.7433 2.2096e+01    -0.0225     0.0000      98.78    97.8108     0.0755      94493    6.05780    0.00000    34.9311    34.9305         46 0.0000e+00
   2090.000   2060.047     2.9983     2.9982  32.505193  32.504691    6.05847     1.7437 2.1918e+01    -0.0237     0.0000      98.78    97.8108     0.0755      94537    6.05820    0.00000    34.9310    34.9305         44 0.0000e+00
   2088.000   2058.086     2.9999     2.9997  32.505794  32.505110    6.05589     1.7437 2.2138e+01    -0.0238     0.0000      98.78    97.8108     0.0755      94582    6.05594    0.00000    34.9310    34.9304         46 0.0000e+00
   2086.000   2056.124     3.0016     3.0009  32.506387  32.505362    6.05654     1.7441 2.2054e+01    -0.0232     0.0000      98.78    97.8108     0.0755      94628    6.05649    0.00000    34.9309    34.9304         46 0.0000e+00
   2084.000   2054.162     3.0036     3.0031  32.507497  32.506670    6.05857     1.7449 2.2052e+01    -0.0244     0.0000      98.78    97.8108     0.0755      94680    6.05841    0.00000    34.9311    34.9306         58 0.0000e+00
   2082.000   2052.200     3.0043     3.0042  32.507271  32.506761    6.05772     1.7451 2.2004e+01    -0.0237     0.0000      98.78    97.8108     0.0755      94733    6.05753    0.00000    34.9310    34.9305         43 0.0000e+00
   2080.000   2050.239     3.0049     3.0055  32.506875  32.506996    6.05711     1.7453 2.2052e+01    -0.0240     0.0000      98.78    97.8108     0.0755      94770    6.05686    0.00000    34.9309    34.9303         35 0.0000e+00
   2078.000   2048.277     3.0051     3.0056  32.506301  32.506415    6.05669     1.7456 2.2052e+01    -0.0236     0.0000      98.78    97.8108     0.0755      94810    6.05668    0.00000    34.9310    34.9306         49 0.0000e+00
   2076.000   2046.315     3.0052     3.0056  32.505618  32.505738    6.05640     1.7458 2.2052e+01    -0.0236     0.0000      98.78    97.8108     0.0755      94868    6.05623    0.00000    34.9310    34.9307         57 0.0000e+00
   2074.000   2044.353     3.0053     3.0062  32.504676  32.505171    6.05720     1.7463 2.2004e+01    -0.0233     0.0000      98.78    97.8108     0.0755      94915    6.05688    0.00000    34.9307    34.9304         42 0.0000e+00
   2072.000   2042.391     3.0034     3.0051  32.501517  32.503138    6.05927     1.7470 2.2051e+01    -0.0243     0.0000      98.78    97.8048     0.0755      94956    6.05919    0.00000    34.9299    34.9300         42 0.0000e+00
   2070.000   2040.429     3.0015     3.0032  32.498721  32.500302    6.05920     1.7472 2.1843e+01    -0.0236     0.0000      98.78    97.8069     0.0755      95004    6.05908    0.00000    34.9295    34.9296         56 0.0000e+00
   2068.000   2038.468     3.0019     3.0025  32.498204  32.498549    6.06201     1.7481 2.2094e+01    -0.0239     0.0000      98.78    97.8109     0.0755      95063    6.06174    0.00000    34.9295    34.9292         56 0.0000e+00
   2066.000   2036.506     3.0021     3.0029  32.497190  32.497758    6.06311     1.7486 2.2051e+01    -0.0229     0.0000      98.78    97.8108     0.0755      95112    6.06285    0.00000    34.9290    34.9288         43 0.0000e+00
   2064.000   2034.544     3.0024     3.0028  32.496581  32.496551    6.06348     1.7490 2.1998e+01    -0.0241     0.0000      98.78    97.8108     0.0755      95151    6.06330    0.00000    34.9289    34.9284         37 0.0000e+00
   2062.000   2032.582     3.0038     3.0038  32.497119  32.496716    6.06385     1.7495 2.2090e+01    -0.0242     0.0000      98.78    97.8108     0.0755      95192    6.06376    0.00000    34.9290    34.9285         48 0.0000e+00
   2060.000   2030.620     3.0047     3.0042  32.497259  32.496359    6.06559     1.7502 2.2016e+01    -0.0229     0.0000      98.78    97.8108     0.0755      95252    6.06541    0.00000    34.9291    34.9286         63 0.0000e+00
   2058.000   2028.658     3.0066     3.0067  32.498224  32.497646    6.06672     1.7507 2.2003e+01    -0.0230     0.0000      98.78    97.8108     0.0755      95302    6.06630    0.00000    34.9293    34.9285         41 0.0000e+00
   2056.000   2026.696     3.0099     3.0096  32.500255  32.499615    6.06467     1.7508 2.2140e+01    -0.0240     0.0000      98.78    97.8108     0.0755      95343    6.06438    0.00000    34.9292    34.9287         44 0.0000e+00
   2054.000   2024.734     3.0109     3.0103  32.500432  32.499559    6.06457     1.7510 2.1975e+01    -0.0227     0.0000      98.78    97.8077     0.0755      95392    6.06351    0.00000    34.9292    34.9289         52 0.0000e+00
   2052.000   2022.772     3.0113     3.0111  32.499786  32.499442    6.06465     1.7515 2.2052e+01    -0.0237     0.0000      98.78    97.8041     0.0755      95440    6.06451    0.00000    34.9291    34.9288         44 0.0000e+00
   2050.000   2020.810     3.0124     3.0125  32.500095  32.499838    6.06507     1.7520 2.2052e+01    -0.0231     0.0000      98.78    97.8097     0.0755      95485    6.06501    0.00000    34.9292    34.9288         51 0.0000e+00
   2048.000   2018.848     3.0140     3.0133  32.500717  32.499774    6.06489     1.7523 2.2052e+01    -0.0227     0.0000      98.78    97.8108     0.0755      95543    6.06480    0.00000    34.9292    34.9288         55 0.0000e+00
   2046.000   2016.886     3.0155     3.0160  32.501254  32.501055    6.06362     1.7524 2.2161e+01    -0.0229     0.0000      98.78    97.8109     0.0755      95586    6.06352    0.00000    34.9292    34.9284         37 0.0000e+00
   2044.000   2014.924     3.0170     3.0172  32.501711  32.501528    6.06604     1.7533 2.2144e+01    -0.0227     0.0000      98.78    97.8046     0.0755      95625    6.06581    0.00000    34.9291    34.9287         44 0.0000e+00
   2042.000   2012.961     3.0177     3.0176  32.501575  32.501018    6.06849     1.7541 2.2083e+01    -0.0234     0.0000      98.78    97.8078     0.0755      95681    6.06837    0.00000    34.9292    34.9287         61 0.0000e+00
   2040.000   2010.999     3.0185     3.0190  32.501328  32.501381    6.06675     1.7541 2.2144e+01    -0.0231     0.0000      98.78    97.8108     0.0755      95732    6.06663    0.00000    34.9290    34.9286         44 0.0000e+00
   2038.000   2009.037     3.0209     3.0205  32.502639  32.501859    6.06450     1.7541 2.2051e+01    -0.0229     0.0000      98.78    97.8108     0.0755      95775    6.06440    0.00000    34.9290    34.9285         42 0.0000e+00
   2036.000   2007.075     3.0247     3.0231  32.505402  32.503426    6.06465     1.7546 2.2127e+01    -0.0240     0.0000      98.78    97.8108     0.0755      95820    6.06454    0.00000    34.9292    34.9285         52 0.0000e+00
   2034.000   2005.113     3.0288     3.0265  32.508328  32.505762    6.06573     1.7552 2.2046e+01    -0.0228     0.0000      98.78    97.8108     0.0755      95880    6.06564    0.00000    34.9294    34.9288         58 0.0000e+00
