Ship_data/Irminger/Irminger-2/ctd/process/OOI/uat30_010.cnv
* Sea-Bird SBE 9 Data File:
* FileName = C:\data\ctd\at30_010.hex
* Software Version Seasave V 7.21f
* Temperature SN = 2265
* Conductivity SN = 3021
* Number of Bytes Per Scan = 40
* Number of Voltage Words = 5
* Number of Scans Averaged by the Deck Unit = 1
* NMEA Latitude = 59 45.71 N
* NMEA Longitude = 039 52.84 W
* NMEA UTC (Time) = Aug 19 2015  21:15:33
** FLMA 2 post deployment cal
# nquan = 21
# nvalues = 1365                        
# units = specified
# name 0 = prDM: Pressure, Digiquartz [db]
# name 1 = depSM: Depth [salt water, m]
# name 2 = t090C: Temperature [ITS-90, deg C]
# name 3 = t190C: Temperature, 2 [ITS-90, deg C]
# name 4 = c0mS/cm: Conductivity [mS/cm]
# name 5 = c1mS/cm: Conductivity, 2 [mS/cm]
# name 6 = sbeox0ML/L: Oxygen, SBE 43 [ml/l]
# name 7 = sbeox0V: Oxygen raw, SBE 43 [V]
# name 8 = spar: SPAR/Surface Irradiance
# name 9 = flECO-AFL: Fluorescence, WET Labs ECO-AFL/FL [mg/m^3]
# name 10 = v2: Voltage 2
# name 11 = altM: Altimeter [m]
# name 12 = CStarTr0: Beam Transmission, WET Labs C-Star [%]
# name 13 = turbWETntu0: Turbidity, WET Labs ECO [NTU]
# name 14 = scan: Scan Count
# name 15 = sbeox0ML/L: Oxygen, SBE 43 [ml/l], WS = 2
# name 16 = sbeox0dOV/dT: Oxygen, SBE 43 [dov/dt], WS = 2
# name 17 = sal00: Salinity, Practical [PSU]
# name 18 = sal11: Salinity, Practical, 2 [PSU]
# name 19 = nbin: number of scans per bin
# name 20 = flag: flag
# span 0 =      2.000,   2730.000       
# span 1 =      1.981,   2686.871       
# span 2 =     1.4283,     8.4332       
# span 3 =     1.4291,     8.4316       
# span 4 =  31.348033,  36.471189       
# span 5 =  31.348058,  36.466607       
# span 6 =    6.01466,    6.67822       
# span 7 =     1.6823,     2.5120       
# span 8 = 2.1571e+01, 3.4556e+01       
# span 9 =    -0.0765,    -0.0506       
# span 10 =     0.0000,     0.0000      
# span 11 =       9.50,      99.39      
# span 12 =    93.1070,    97.6280      
# span 13 =     0.0695,     0.0707      
# span 14 =      78766,     179413      
# span 15 =    6.01449,    6.67714      
# span 16 =    0.00000,    0.00000      
# span 17 =    34.8428,    35.0199      
# span 18 =    34.8420,    35.0198      
# span 19 =         27,        134      
# span 20 = 0.0000e+00, 0.0000e+00      
# interval = decibars: 2                
# start_time = Aug 19 2015 21:15:33 [NMEA time, header]
# bad_flag = -9.990e-29
*END*
[from data line 621]
   1488.000   1468.755     3.5655     3.5651  32.758246  32.757608    6.02496     1.8573 2.3224e+01    -0.0522     0.0000      98.73    97.5577     0.0707     121817    6.02499    0.00000    34.9260    34.9258         81 0.0000e+00
   1486.000   1466.788     3.5685     3.5671  32.760243  32.758390    6.02469     1.8576 2.3094e+01    -0.0526     0.0000      98.73    97.5620     0.0707     121888    6.02459    0.00000    34.9263    34.9256         42 0.0000e+00
   1484.000   1464.821     3.5743     3.5729  32.764833  32.763147    6.02265     1.8577 2.2703e+01    -0.0523     0.0000      98.73    97.5589     0.0707     121921    6.02258    0.00000    34.9266    34.9261         34 0.0000e+00
   1482.000   1462.853     3.5771     3.5766  32.766437  32.765723    6.02259     1.8582 2.3146e+01    -0.0525     0.0000      98.73    97.5607     0.0707     121961    6.02249    0.00000    34.9265    34.9262         50 0.0000e+00
   1480.000   1460.886     3.5784     3.5778  32.766588  32.765972    6.02359     1.8588 2.3427e+01    -0.0521     0.0000      98.73    97.5679     0.0707     122014    6.02354    0.00000    34.9263    34.9262         47 0.0000e+00
   1478.000   1458.919     3.5816     3.5811  32.768754  32.767950    6.02156     1.8588 2.3086e+01    -0.0533     0.0000      98.73    97.5628     0.0707     122053    6.02143    0.00000    34.9265    34.9260         35 0.0000e+00
   1476.000   1456.951     3.5835     3.5832  32.769427  32.768992    6.02181     1.8591 2.3221e+01    -0.0519     0.0000      98.73    97.5583     0.0707     122093    6.02078    0.00000    34.9263    34.9261         51 0.0000e+00
   1474.000   1454.984     3.5854     3.5852  32.770215  32.769901    6.02150     1.8596 2.2994e+01    -0.0519     0.0000      98.73    97.5675     0.0707     122157    6.02139    0.00000    34.9262    34.9261         65 0.0000e+00
   1472.000   1453.017     3.5859     3.5862  32.769787  32.769732    6.02027     1.8598 2.3122e+01    -0.0522     0.0000      98.73    97.5652     0.0707     122210    6.02068    0.00000    34.9262    34.9258         45 0.0000e+00
   1470.000   1451.049     3.5881     3.5884  32.770896  32.770810    6.01926     1.8600 2.3149e+01    -0.0524     0.0000      98.73    97.5635     0.0707     122252    6.01948    0.00000    34.9261    34.9257         42 0.0000e+00
   1468.000   1449.082     3.5890     3.5895  32.770681  32.770915    6.01922     1.8603 2.3356e+01    -0.0517     0.0000      98.73    97.5599     0.0707     122296    6.01934    0.00000    34.9259    34.9257         46 0.0000e+00
   1466.000   1447.115     3.5889     3.5893  32.769453  32.769612    6.02147     1.8612 2.3013e+01    -0.0521     0.0000      98.73    97.5599     0.0707     122345    6.02164    0.00000    34.9255    34.9253         50 0.0000e+00
   1464.000   1445.147     3.5918     3.5921  32.771458  32.771273    6.01969     1.8612 2.3346e+01    -0.0517     0.0000      98.73    97.5604     0.0707     122392    6.01947    0.00000    34.9258    34.9254         45 0.0000e+00
   1462.000   1443.180     3.5935     3.5937  32.772263  32.772022    6.02012     1.8617 2.3211e+01    -0.0510     0.0000      98.73    97.5572     0.0707     122436    6.01987    0.00000    34.9260    34.9256         45 0.0000e+00
   1460.000   1441.212     3.5974     3.5968  32.775158  32.774213    6.02227     1.8627 2.3159e+01    -0.0514     0.0000      98.73    97.5527     0.0707     122487    6.02237    0.00000    34.9263    34.9259         58 0.0000e+00
   1458.000   1439.245     3.6005     3.6009  32.777098  32.776957    6.02409     1.8637 2.3091e+01    -0.0513     0.0000      98.73    97.5575     0.0707     122545    6.02466    0.00000    34.9263    34.9258         52 0.0000e+00
   1456.000   1437.278     3.6031     3.6031  32.778571  32.778292    6.02290     1.8637 2.3128e+01    -0.0521     0.0000      98.73    97.5626     0.0707     122590    6.02268    0.00000    34.9264    34.9260         41 0.0000e+00
   1454.000   1435.310     3.6043     3.6045  32.778917  32.778658    6.02469     1.8645 2.3404e+01    -0.0532     0.0000      98.73    97.5582     0.0707     122630    6.02463    0.00000    34.9265    34.9260         40 0.0000e+00
   1452.000   1433.342     3.6073     3.6068  32.780725  32.779942    6.02566     1.8652 2.2966e+01    -0.0511     0.0000      98.73    97.5532     0.0707     122672    6.02555    0.00000    34.9264    34.9260         47 0.0000e+00
   1450.000   1431.375     3.6111     3.6109  32.783463  32.782914    6.02782     1.8662 2.3028e+01    -0.0522     0.0000      98.73    97.5497     0.0707     122733    6.02762    0.00000    34.9267    34.9263         64 0.0000e+00
   1448.000   1429.407     3.6127     3.6117  32.784238  32.782797    6.02568     1.8661 2.2995e+01    -0.0516     0.0000      98.73    97.5493     0.0707     122779    6.02553    0.00000    34.9269    34.9263         34 0.0000e+00
   1446.000   1427.440     3.6150     3.6150  32.785449  32.785087    6.02370     1.8661 2.3237e+01    -0.0521     0.0000      98.73    97.5503     0.0707     122811    6.02357    0.00000    34.9269    34.9264         32 0.0000e+00
   1444.000   1425.472     3.6154     3.6156  32.784806  32.784775    6.02455     1.8666 2.2828e+01    -0.0516     0.0000      98.73    97.5488     0.0707     122871    6.02439    0.00000    34.9267    34.9265         57 0.0000e+00
   1442.000   1423.505     3.6177     3.6170  32.785770  32.784762    6.02568     1.8673 2.2761e+01    -0.0517     0.0000      98.73    97.5493     0.0707     122937    6.02547    0.00000    34.9264    34.9260         31 0.0000e+00
   1440.000   1421.537     3.6226     3.6216  32.789422  32.788126    6.02439     1.8676 2.2941e+01    -0.0512     0.0000      98.73    97.5493     0.0707     122964    6.02417    0.00000    34.9266    34.9261         27 0.0000e+00
   1438.000   1419.569     3.6241     3.6236  32.789774  32.789152    6.02573     1.8683 2.2792e+01    -0.0508     0.0000      98.73    97.5493     0.0707     122998    6.02545    0.00000    34.9264    34.9262         47 0.0000e+00
   1436.000   1417.602     3.6226     3.6238  32.787429  32.788311    6.02732     1.8685 2.3008e+01    -0.0523     0.0000      98.73    97.5493     0.0707     123072    6.02543    0.00000    34.9262    34.9260         72 0.0000e+00
   1434.000   1415.634     3.6214     3.6226  32.784665  32.785823    6.02461     1.8686 2.3221e+01    -0.0516     0.0000      98.73    97.5493     0.0707     123115    6.02424    0.00000    34.9252    34.9252         36 0.0000e+00
   1432.000   1413.666     3.6206     3.6215  32.782823  32.783390    6.02519     1.8690 2.2659e+01    -0.0516     0.0000      98.73    97.5493     0.0707     123152    6.02492    0.00000    34.9248    34.9245         41 0.0000e+00
   1430.000   1411.699     3.6200     3.6207  32.780993  32.781653    6.02408     1.8691 2.3150e+01    -0.0525     0.0000      98.73    97.5509     0.0707     123200    6.02384    0.00000    34.9243    34.9243         56 0.0000e+00
   1428.000   1409.731     3.6195     3.6203  32.779257  32.779819    6.02371     1.8694 2.3033e+01    -0.0517     0.0000      98.73    97.5559     0.0707     123257    6.02347    0.00000    34.9237    34.9236         53 0.0000e+00
   1426.000   1407.763     3.6190     3.6198  32.777588  32.778191    6.02217     1.8695 2.3001e+01    -0.0528     0.0000      98.73    97.5584     0.0707     123302    6.02244    0.00000    34.9233    34.9232         38 0.0000e+00
   1424.000   1405.795     3.6185     3.6193  32.776186  32.776645    6.02122     1.8697 2.2973e+01    -0.0524     0.0000      98.73    97.5535     0.0707     123339    6.02196    0.00000    34.9232    34.9229         37 0.0000e+00
   1422.000   1403.828     3.6182     3.6188  32.775093  32.775432    6.02072     1.8697 2.2907e+01    -0.0519     0.0000      98.73    97.5550     0.0707     123387    6.02051    0.00000    34.9232    34.9230         66 0.0000e+00
   1420.000   1401.860     3.6196     3.6199  32.775383  32.775336    6.01953     1.8698 2.3088e+01    -0.0518     0.0000      98.73    97.5570     0.0707     123450    6.01935    0.00000    34.9230    34.9226         45 0.0000e+00
   1418.000   1399.892     3.6203     3.6208  32.775154  32.775188    6.01983     1.8703 2.2912e+01    -0.0520     0.0000      98.73    97.5567     0.0707     123486    6.01973    0.00000    34.9230    34.9226         35 0.0000e+00
   1416.000   1397.924     3.6225     3.6226  32.776138  32.775981    6.01996     1.8709 2.2779e+01    -0.0515     0.0000      98.73    97.5535     0.0707     123528    6.02021    0.00000    34.9229    34.9226         56 0.0000e+00
   1414.000   1395.956     3.6253     3.6248  32.777458  32.776943    6.01664     1.8709 2.2870e+01    -0.0516     0.0000      98.73    97.5570     0.0705     123590    6.01860    0.00000    34.9224    34.9223         52 0.0000e+00
   1412.000   1393.989     3.6270     3.6268  32.777886  32.777398    6.01520     1.8709 2.2632e+01    -0.0518     0.0000      98.73    97.5606     0.0701     123630    6.01648    0.00000    34.9221    34.9218         38 0.0000e+00
   1410.000   1392.021     3.6284     3.6286  32.778067  32.778071    6.01490     1.8709 2.3017e+01    -0.0514     0.0000      98.73    97.5550     0.0700     123674    6.01482    0.00000    34.9219    34.9216         53 0.0000e+00
   1408.000   1390.052     3.6297     3.6295  32.778309  32.777953    6.01466     1.8712 2.2783e+01    -0.0530     0.0000      98.73    97.5580     0.0702     123727    6.01449    0.00000    34.9217    34.9216         46 0.0000e+00
   1406.000   1388.085     3.6315     3.6316  32.779087  32.778914    6.01714     1.8722 2.2920e+01    -0.0511     0.0000      98.73    97.5584     0.0701     123771    6.01697    0.00000    34.9218    34.9215         46 0.0000e+00
   1404.000   1386.117     3.6326     3.6327  32.779122  32.779001    6.01862     1.8729 2.2860e+01    -0.0520     0.0000      98.73    97.5515     0.0706     123821    6.01833    0.00000    34.9217    34.9214         47 0.0000e+00
   1402.000   1384.149     3.6343     3.6344  32.779901  32.779589    6.01587     1.8727 2.2395e+01    -0.0517     0.0000      98.73    97.5498     0.0707     123863    6.01562    0.00000    34.9218    34.9214         42 0.0000e+00
   1400.000   1382.181     3.6366     3.6367  32.780788  32.780564    6.01636     1.8732 2.2950e+01    -0.0512     0.0000      98.73    97.5551     0.0707     123913    6.01609    0.00000    34.9214    34.9211         58 0.0000e+00
   1398.000   1380.213     3.6383     3.6381  32.781498  32.781018    6.01815     1.8741 2.2937e+01    -0.0524     0.0000      98.73    97.5620     0.0707     123965    6.01805    0.00000    34.9214    34.9211         43 0.0000e+00
   1396.000   1378.245     3.6395     3.6399  32.781653  32.781759    6.02205     1.8754 2.3118e+01    -0.0514     0.0000      98.73    97.5644     0.0707     124007    6.02201    0.00000    34.9214    34.9211         45 0.0000e+00
   1394.000   1376.277     3.6403     3.6404  32.781496  32.781402    6.02313     1.8760 2.3031e+01    -0.0517     0.0000      98.73    97.5623     0.0707     124052    6.02305    0.00000    34.9214    34.9211         43 0.0000e+00
   1392.000   1374.309     3.6416     3.6420  32.781717  32.781863    6.02503     1.8768 2.2587e+01    -0.0515     0.0000      98.73    97.5541     0.0707     124097    6.02499    0.00000    34.9213    34.9210         50 0.0000e+00
   1390.000   1372.340     3.6425     3.6428  32.781561  32.781592    6.02467     1.8770 2.2924e+01    -0.0521     0.0000      98.73    97.5509     0.0707     124150    6.02406    0.00000    34.9211    34.9209         49 0.0000e+00
   1388.000   1370.372     3.6447     3.6443  32.782816  32.782021    6.02295     1.8770 2.2809e+01    -0.0512     0.0000      98.73    97.5550     0.0707     124191    6.02211    0.00000    34.9213    34.9207         37 0.0000e+00
   1386.000   1368.404     3.6479     3.6479  32.784798  32.784519    6.02127     1.8773 2.2930e+01    -0.0510     0.0000      98.73    97.5595     0.0707     124229    6.02114    0.00000    34.9213    34.9209         41 0.0000e+00
   1384.000   1366.436     3.6488     3.6489  32.784710  32.784800    6.02273     1.8780 2.2837e+01    -0.0525     0.0000      98.73    97.5571     0.0707     124284    6.02256    0.00000    34.9212    34.9211         69 0.0000e+00
   1382.000   1364.468     3.6495     3.6493  32.784550  32.784068    6.02443     1.8787 2.2663e+01    -0.0515     0.0000      98.73    97.5633     0.0707     124341    6.02421    0.00000    34.9213    34.9209         39 0.0000e+00
   1380.000   1362.500     3.6536     3.6532  32.787202  32.786478    6.02400     1.8791 2.2794e+01    -0.0518     0.0000      98.73    97.5582     0.0707     124375    6.02376    0.00000    34.9211    34.9206         35 0.0000e+00
   1378.000   1360.532     3.6562     3.6564  32.788517  32.788511    6.02527     1.8799 2.2863e+01    -0.0521     0.0000      98.73    97.5550     0.0707     124424    6.02509    0.00000    34.9209    34.9207         64 0.0000e+00
   1376.000   1358.563     3.6570     3.6568  32.788421  32.787955    6.02612     1.8804 2.2875e+01    -0.0527     0.0000      98.73    97.5602     0.0707     124479    6.02577    0.00000    34.9209    34.9206         39 0.0000e+00
   1374.000   1356.595     3.6585     3.6587  32.788952  32.788722    6.02514     1.8806 2.3178e+01    -0.0514     0.0000      98.73    97.5553     0.0707     124512    6.02481    0.00000    34.9209    34.9205         32 0.0000e+00
   1372.000   1354.627     3.6588     3.6593  32.788241  32.788517    6.02672     1.8814 2.2849e+01    -0.0521     0.0000      98.73    97.5541     0.0707     124551    6.02660    0.00000    34.9208    34.9206         52 0.0000e+00
   1370.000   1352.659     3.6594     3.6597  32.787734  32.787916    6.02926     1.8823 2.2639e+01    -0.0520     0.0000      98.73    97.5610     0.0707     124612    6.02925    0.00000    34.9206    34.9205         57 0.0000e+00
   1368.000   1350.690     3.6608     3.6612  32.787952  32.788090    6.03029     1.8830 2.2751e+01    -0.0519     0.0000      98.73    97.5621     0.0707     124659    6.03023    0.00000    34.9204    34.9201         43 0.0000e+00
   1366.000   1348.722     3.6612     3.6617  32.787470  32.787707    6.02986     1.8832 2.2941e+01    -0.0517     0.0000      98.73    97.5539     0.0707     124703    6.02980    0.00000    34.9203    34.9200         45 0.0000e+00
   1364.000   1346.754     3.6615     3.6622  32.786793  32.787058    6.03216     1.8841 2.2789e+01    -0.0525     0.0000      98.73    97.5527     0.0707     124755    6.03203    0.00000    34.9202    34.9198         57 0.0000e+00
   1362.000   1344.785     3.6630     3.6629  32.787041  32.786761    6.03204     1.8845 2.2662e+01    -0.0520     0.0000      98.73    97.5621     0.0707     124802    6.03190    0.00000    34.9200    34.9197         36 0.0000e+00
   1360.000   1342.817     3.6656     3.6658  32.788484  32.788352    6.03367     1.8853 2.2664e+01    -0.0514     0.0000      98.73    97.5544     0.0707     124836    6.03346    0.00000    34.9199    34.9195         36 0.0000e+00
   1358.000   1340.849     3.6679     3.6678  32.789660  32.789356    6.03420     1.8858 2.3074e+01    -0.0519     0.0000      98.73    97.5579     0.0707     124886    6.03395    0.00000    34.9198    34.9196         66 0.0000e+00
   1356.000   1338.880     3.6708     3.6698  32.791253  32.790143    6.03596     1.8867 2.3003e+01    -0.0514     0.0000      98.73    97.5384     0.0707     124945    6.03564    0.00000    34.9197    34.9194         42 0.0000e+00
   1354.000   1336.912     3.6733     3.6731  32.792419  32.792141    6.03724     1.8875 2.2553e+01    -0.0516     0.0000      98.73    97.5153     0.0707     124982    6.03714    0.00000    34.9194    34.9192         36 0.0000e+00
