Ship_data/Irminger/Irminger-2/ctd/process/OOI/uat30_003.cnv
* Sea-Bird SBE 9 Data File:
* FileName = C:\data\ctd\at30_003.hex
* Software Version Seasave V 7.21f
* Temperature SN = 2265
* Conductivity SN = 3021
* Number of Bytes Per Scan = 40
* Number of Voltage Words = 5
* Number of Scans Averaged by the Deck Unit = 1
* NMEA Latitude = 42 31.25 N
* NMEA Longitude = 062 34.71 W
* NMEA UTC (Time) = Aug 07 2015  17:47:11
# nquan = 21
# nvalues = 755                         
# units = specified
# name 0 = prDM: Pressure, Digiquartz [db]
# name 1 = depSM: Depth [salt water, m]
# name 2 = t090C: Temperature [ITS-90, deg C]
# name 3 = t190C: Temperature, 2 [ITS-90, deg C]
# name 4 = c0mS/cm: Conductivity [mS/cm]
# name 5 = c1mS/cm: Conductivity, 2 [mS/cm]
# name 6 = sbeox0ML/L: Oxygen, SBE 43 [ml/l]
# name 7 = sbeox0V: Oxygen raw, SBE 43 [V]
# name 8 = spar: SPAR/Surface Irradiance
# name 9 = flECO-AFL: Fluorescence, WET Labs ECO-AFL/FL [mg/m^3]
# name 10 = v2: Voltage 2
# name 11 = altM: Altimeter [m]
# name 12 = CStarTr0: Beam Transmission, WET Labs C-Star [%]
# name 13 = turbWETntu0: Turbidity, WET Labs ECO [NTU]
# name 14 = scan: Scan Count
# name 15 = sbeox0ML/L: Oxygen, SBE 43 [ml/l], WS = 2
# name 16 = sbeox0dOV/dT: Oxygen, SBE 43 [dov/dt], WS = 2
# name 17 = sal00: Salinity, Practical [PSU]
# name 18 = sal11: Salinity, Practical, 2 [PSU]
# name 19 = nbin: number of scans per bin
# name 20 = flag: flag
# span 0 =     10.000,   1518.000       
# span 1 =      9.921,   1500.557       
# span 2 =     3.9367,    21.3606       
# span 3 =     3.9373,    21.3717       
# span 4 =  33.125328,  47.405275       
# span 5 =  33.125161,  47.406917       
# span 6 =    3.09227,    6.40973       
# span 7 =     1.4640,     2.8728       
# span 8 = 1.2377e+03, 2.1696e+03       
# span 9 =    -0.0214,    -0.0168       
# span 10 =     0.0000,     0.0000      
# span 11 =      77.42,      99.29      
# span 12 =    91.3964,    97.7290      
# span 13 =     0.0707,     0.0707      
# span 14 =     103166,     186535      
# span 15 =    3.09207,    6.40897      
# span 16 =    0.00000,    0.00000      
# span 17 =    33.4866,    35.7265      
# span 18 =    33.4793,    35.7251      
# span 19 =         17,        134      
# span 20 = 0.0000e+00, 0.0000e+00      
# interval = decibars: 2                
# start_time = Aug 07 2015 17:47:11 [NMEA time, header]
# bad_flag = -9.990e-29
*END*
[from data line 621]
    276.000    273.639     9.9691     9.9511  38.461515  38.440295    3.09402     1.4659 1.4259e+03    -0.0190     0.0000      98.78    97.5085     0.0707     163209    3.09382    0.00000    35.2831    35.2789         49 0.0000e+00
    274.000    271.658    10.0509    10.0223  38.549131  38.514290    3.09227     1.4674 1.4184e+03    -0.0193     0.0000      98.78    97.5066     0.0707     163257    3.09207    0.00000    35.2938    35.2862         46 0.0000e+00
    272.000    269.676    10.0847    10.0688  38.584745  38.565360    3.09762     1.4700 1.4953e+03    -0.0190     0.0000      98.78    97.4986     0.0707     163302    3.09733    0.00000    35.2982    35.2939         46 0.0000e+00
    270.000    267.695    10.1031    10.0900  38.604319  38.587801    3.11433     1.4758 1.4298e+03    -0.0201     0.0000      98.78    97.4992     0.0707     163352    3.11410    0.00000    35.3012    35.2971         55 0.0000e+00
    268.000    265.713    10.1832    10.1337  38.689552  38.632672    3.12443     1.4809 1.3296e+03    -0.0185     0.0000      98.78    97.4930     0.0707     163408    3.12415    0.00000    35.3111    35.3012         53 0.0000e+00
    266.000    263.731    10.2381    10.2153  38.748528  38.718853    3.13779     1.4865 1.3244e+03    -0.0200     0.0000      98.78    97.4928     0.0707     163456    3.13755    0.00000    35.3186    35.3106         46 0.0000e+00
    264.000    261.750    10.2852    10.2619  38.798694  38.770669    3.15435     1.4928 1.3142e+03    -0.0203     0.0000      98.78    97.4992     0.0707     163505    3.15410    0.00000    35.3247    35.3189         51 0.0000e+00
    262.000    259.768    10.3518    10.3090  38.870959  38.819479    3.16655     1.4983 1.3878e+03    -0.0196     0.0000      98.78    97.5020     0.0707     163555    3.16625    0.00000    35.3343    35.3236         49 0.0000e+00
    260.000    257.786    10.4732    10.4330  39.003028  38.952215    3.17409     1.5036 1.3774e+03    -0.0188     0.0000      98.78    97.4938     0.0707     163605    3.17378    0.00000    35.3512    35.3388         50 0.0000e+00
    258.000    255.805    10.5327    10.4947  39.066228  39.021493    3.19264     1.5109 1.3207e+03    -0.0192     0.0000      98.78    97.5015     0.0707     163653    3.19232    0.00000    35.3584    35.3499         46 0.0000e+00
    256.000    253.823    10.5947    10.5602  39.133035  39.090399    3.20774     1.5173 1.3531e+03    -0.0207     0.0000      98.78    97.5050     0.0707     163699    3.20743    0.00000    35.3666    35.3570         49 0.0000e+00
    254.000    251.841    10.6345    10.6143  39.175738  39.150640    3.22748     1.5245 1.4020e+03    -0.0196     0.0000      98.78    97.5039     0.0707     163753    3.22716    0.00000    35.3721    35.3663         58 0.0000e+00
    252.000    249.859    10.6947    10.6602  39.240987  39.199585    3.24545     1.5318 1.4018e+03    -0.0195     0.0000      98.78    97.5099     0.0707     163810    3.24516    0.00000    35.3805    35.3722         52 0.0000e+00
    250.000    247.877    10.7298    10.7126  39.278480  39.256644    3.25818     1.5368 1.3584e+03    -0.0192     0.0000      98.78    97.5092     0.0707     163854    3.25788    0.00000    35.3852    35.3798         39 0.0000e+00
    248.000    245.895    10.7595    10.7505  39.310540  39.297891    3.27455     1.5428 1.3548e+03    -0.0192     0.0000      98.78    97.5104     0.0707     163895    3.27427    0.00000    35.3896    35.3856         46 0.0000e+00
    246.000    243.913    10.8005    10.7745  39.354919  39.323974    3.29608     1.5507 1.3498e+03    -0.0193     0.0000      98.78    97.5062     0.0707     163951    3.29580    0.00000    35.3955    35.3895         63 0.0000e+00
    244.000    241.932    10.8759    10.8247  39.437482  39.375727    3.31247     1.5579 1.3137e+03    -0.0200     0.0000      98.78    97.5039     0.0707     164007    3.31215    0.00000    35.4065    35.3939         47 0.0000e+00
    242.000    239.950    10.9125    10.8960  39.476877  39.454600    3.32988     1.5644 1.3408e+03    -0.0194     0.0000      98.78    97.5066     0.0707     164050    3.32959    0.00000    35.4115    35.4051         44 0.0000e+00
    240.000    237.968    10.9467    10.9302  39.513825  39.493131    3.35043     1.5719 1.3264e+03    -0.0182     0.0000      98.78    97.5043     0.0707     164101    3.35009    0.00000    35.4164    35.4116         56 0.0000e+00
    238.000    235.986    10.9801    10.9597  39.550944  39.524665    3.36809     1.5785 1.3265e+03    -0.0193     0.0000      98.78    97.4957     0.0707     164154    3.36781    0.00000    35.4223    35.4156         48 0.0000e+00
    236.000    234.004    11.0595    11.0258  39.638135  39.597331    3.38261     1.5853 1.3247e+03    -0.0187     0.0000      98.78    97.5012     0.0707     164200    3.38235    0.00000    35.4337    35.4254         46 0.0000e+00
    234.000    232.022    11.1045    11.0828  39.686218  39.658514    3.41107     1.5955 1.3236e+03    -0.0198     0.0000      98.78    97.4969     0.0707     164250    3.41076    0.00000    35.4393    35.4325         54 0.0000e+00
    232.000    230.040    11.1635    11.1249  39.751121  39.704699    3.43896     1.6060 1.3450e+03    -0.0201     0.0000      98.78    97.4933     0.0707     164302    3.43864    0.00000    35.4480    35.4389         48 0.0000e+00
    230.000    228.058    11.2208    11.1971  39.811651  39.782613    3.46563     1.6161 1.3432e+03    -0.0191     0.0000      98.78    97.4811     0.0707     164351    3.46532    0.00000    35.4541    35.4480         51 0.0000e+00
    228.000    226.076    11.2442    11.2255  39.834900  39.812392    3.50257     1.6286 1.3238e+03    -0.0194     0.0000      98.78    97.4721     0.0707     164400    3.50226    0.00000    35.4556    35.4512         47 0.0000e+00
    226.000    224.094    11.2382    11.2389  39.819709  39.821880    3.54833     1.6431 1.3459e+03    -0.0188     0.0000      98.78    97.4500     0.0707     164448    3.54807    0.00000    35.4472    35.4486         50 0.0000e+00
    224.000    222.112    11.2414    11.2394  39.817408  39.816517    3.60668     1.6618 1.3459e+03    -0.0194     0.0000      98.78    97.4362     0.0707     164501    3.60643    0.00000    35.4427    35.4437         53 0.0000e+00
    222.000    220.130    11.2424    11.2413  39.809337  39.810748    3.67130     1.6825 1.3715e+03    -0.0187     0.0000      98.78    97.4147     0.0707     164550    3.67102    0.00000    35.4346    35.4371         46 0.0000e+00
    220.000    218.148    11.2374    11.2384  39.797260  39.799198    3.72615     1.6999 1.3576e+03    -0.0190     0.0000      98.78    97.4192     0.0707     164596    3.72590    0.00000    35.4283    35.4293         48 0.0000e+00
    218.000    216.166    11.2734    11.2604  39.835504  39.818232    3.78088     1.7185 1.3675e+03    -0.0195     0.0000      98.78    97.4185     0.0707     164646    3.78063    0.00000    35.4327    35.4279         52 0.0000e+00
    216.000    214.184    11.3747    11.3403  39.947133  39.904558    3.81697     1.7329 1.3745e+03    -0.0182     0.0000      98.78    97.4149     0.0707     164697    3.81664    0.00000    35.4471    35.4378         52 0.0000e+00
    214.000    212.201    11.4397    11.4022  40.020175  39.974684    3.85438     1.7468 1.4057e+03    -0.0199     0.0000      98.78    97.4160     0.0707     164753    3.85406    0.00000    35.4580    35.4489         54 0.0000e+00
    212.000    210.219    11.5642    11.5148  40.162800  40.098046    3.86668     1.7545 1.3988e+03    -0.0191     0.0000      98.78    97.4199     0.0707     164799    3.86630    0.00000    35.4806    35.4639         40 0.0000e+00
    210.000    208.237    11.6945    11.6354  40.310957  40.236469    3.87523     1.7611 1.4793e+03    -0.0189     0.0000      98.78    97.4137     0.0707     164840    3.87481    0.00000    35.5028    35.4860         46 0.0000e+00
    208.000    206.255    11.7557    11.7345  40.378318  40.352185    3.88818     1.7673 1.4920e+03    -0.0193     0.0000      98.78    97.4325     0.0707     164902    3.88779    0.00000    35.5115    35.5061         75 0.0000e+00
    206.000    204.273    11.7946    11.7730  40.422596  40.394338    3.89801     1.7718 1.4314e+03    -0.0189     0.0000      98.78    97.4374     0.0707     164973    3.89764    0.00000    35.5187    35.5116         70 0.0000e+00
    204.000    202.290    11.9063    11.8766  40.549893  40.512537    3.91289     1.7800 1.5138e+03    -0.0189     0.0000      98.78    97.4389     0.0707     165073    3.91255    0.00000    35.5378    35.5296        109 0.0000e+00
    202.000    200.308    11.9546    11.9323  40.602557  40.574775    3.92591     1.7859 1.4887e+03    -0.0192     0.0000      98.78    97.4408     0.0707     165248    3.92557    0.00000    35.5442    35.5383        107 0.0000e+00
    200.000    198.326    11.9349    11.9328  40.571083  40.566748    3.99125     1.8066 1.4690e+03    -0.0184     0.0000      98.78    97.4062     0.0707     168539    3.99099    0.00000    35.5331    35.5308        103 0.0000e+00
    198.000    196.344    11.9641    11.9628  40.603430  40.599864    3.99417     1.8087 1.5434e+03    -0.0190     0.0000      98.78    97.4067     0.0707     168693    3.99383    0.00000    35.5378    35.5355        119 0.0000e+00
    196.000    194.361    11.9863    11.9787  40.627685  40.616413    3.99591     1.8102 1.4627e+03    -0.0188     0.0000      98.78    97.3992     0.0707     168783    3.99564    0.00000    35.5413    35.5374         78 0.0000e+00
    194.000    192.379    12.0290    12.0214  40.674818  40.664438    3.99761     1.8123 1.5291e+03    -0.0190     0.0000      98.78    97.4049     0.0707     168869    3.99741    0.00000    35.5475    35.5446         93 0.0000e+00
    192.000    190.397    12.0719    12.0632  40.723908  40.712004    3.99442     1.8128 1.4716e+03    -0.0193     0.0000      98.78    97.4047     0.0707     168972    3.99422    0.00000    35.5554    35.5521         98 0.0000e+00
    190.000    188.414    12.1010    12.0891  40.756998  40.739823    3.99616     1.8145 1.5674e+03    -0.0189     0.0000      98.78    97.4070     0.0707     169059    3.99587    0.00000    35.5609    35.5555         98 0.0000e+00
    188.000    186.432    12.1631    12.1531  40.825197  40.811770    3.99716     1.8169 1.6319e+03    -0.0187     0.0000      98.78    97.4000     0.0707     169158    3.99684    0.00000    35.5692    35.5657         89 0.0000e+00
    186.000    184.449    12.1656    12.1621  40.822571  40.818774    3.99931     1.8180 1.6547e+03    -0.0188     0.0000      98.78    97.4076     0.0707     169262    3.99901    0.00000    35.5652    35.5648         96 0.0000e+00
    184.000    182.467    12.1527    12.1548  40.802828  40.804782    3.99738     1.8173 1.7195e+03    -0.0190     0.0000      98.78    97.3865     0.0707     169342    3.99719    0.00000    35.5591    35.5589         82 0.0000e+00
    182.000    180.484    12.1847    12.1770  40.836273  40.827049    3.99464     1.8177 1.6358e+03    -0.0177     0.0000      98.78    97.3930     0.0707     169461    3.99446    0.00000    35.5621    35.5604         87 0.0000e+00
    180.000    178.502    12.1973    12.1914  40.848836  40.840663    3.99890     1.8197 1.6476e+03    -0.0186     0.0000      98.78    97.3970     0.0707     169545    3.99867    0.00000    35.5632    35.5608         99 0.0000e+00
    178.000    176.520    12.1945    12.1959  40.839874  40.841803    4.00292     1.8212 1.5688e+03    -0.0182     0.0000      98.78    97.4000     0.0707     169641    4.00267    0.00000    35.5580    35.5586         87 0.0000e+00
    176.000    174.537    12.2128    12.2109  40.858882  40.854788    4.00232     1.8219 1.7313e+03    -0.0191     0.0000      98.78    97.3819     0.0707     169743    4.00208    0.00000    35.5600    35.5578        108 0.0000e+00
    174.000    172.554    12.2501    12.2392  40.902005  40.887408    4.00419     1.8239 1.5405e+03    -0.0184     0.0000      98.78    97.3933     0.0707     169836    4.00389    0.00000    35.5674    35.5635         96 0.0000e+00
    172.000    170.572    12.2777    12.2604  40.934632  40.911747    4.00638     1.8257 1.6903e+03    -0.0185     0.0000      98.78    97.3942     0.0707     169939    4.00602    0.00000    35.5737    35.5679         88 0.0000e+00
    170.000    168.589    12.3938    12.3679  41.073254  41.037743    4.00542     1.8291 1.6020e+03    -0.0189     0.0000      98.78    97.3924     0.0707     170031    4.00511    0.00000    35.5989    35.5890        112 0.0000e+00
    168.000    166.607    12.4852    12.4424  41.179739  41.127724    4.00371     1.8315 1.7546e+03    -0.0196     0.0000      98.78    97.4010     0.0707     170132    4.00338    0.00000    35.6162    35.6065         85 0.0000e+00
    166.000    164.624    12.5859    12.5495  41.295994  41.250967    4.01009     1.8368 1.6199e+03    -0.0191     0.0000      98.78    97.4018     0.0707     170227    4.00977    0.00000    35.6340    35.6250        106 0.0000e+00
    164.000    162.641    12.6691    12.6303  41.389079  41.343793    4.02337     1.8438 1.7605e+03    -0.0179     0.0000      98.78    97.4056     0.0707     170327    4.02300    0.00000    35.6459    35.6389         85 0.0000e+00
    162.000    160.659    12.6985    12.6813  41.417329  41.396737    4.03847     1.8500 1.6878e+03    -0.0181     0.0000      98.78    97.4099     0.0707     170426    4.03818    0.00000    35.6462    35.6426        110 0.0000e+00
    160.000    158.676    12.7096    12.7037  41.424288  41.418232    4.03405     1.8491 1.7078e+03    -0.0180     0.0000      98.78    97.3982     0.0707     170514    4.03375    0.00000    35.6432    35.6430         69 0.0000e+00
    158.000    156.693    12.7578    12.7348  41.473879  41.447162    4.02240     1.8470 1.6341e+03    -0.0190     0.0000      98.78    97.4006     0.0707     170623    4.02209    0.00000    35.6462    35.6422        103 0.0000e+00
    156.000    154.711    12.7964    12.7825  41.515222  41.498532    4.01589     1.8463 1.6404e+03    -0.0183     0.0000      98.78    97.3971     0.0707     170715    4.01567    0.00000    35.6503    35.6474         76 0.0000e+00
    154.000    152.728    12.8542    12.8369  41.581079  41.559197    4.01362     1.8475 1.6144e+03    -0.0183     0.0000      98.78    97.4035     0.0707     170810    4.01338    0.00000    35.6599    35.6551        105 0.0000e+00
    152.000    150.745    12.9039    12.8740  41.636353  41.599855    4.01575     1.8499 1.6784e+03    -0.0181     0.0000      98.78    97.3987     0.0707     170910    4.01545    0.00000    35.6668    35.6600        102 0.0000e+00
    150.000    148.762    12.9274    12.9173  41.660870  41.648390    4.02574     1.8542 1.5741e+03    -0.0182     0.0000      98.78    97.4013     0.0707     171015    4.02546    0.00000    35.6690    35.6666         94 0.0000e+00
    148.000    146.780    12.9451    12.9341  41.678553  41.665206    4.03796     1.8591 1.6948e+03    -0.0185     0.0000      98.78    97.4004     0.0707     171096    4.03767    0.00000    35.6701    35.6677         90 0.0000e+00
    146.000    144.797    12.9755    12.9748  41.707186  41.705034    4.04691     1.8632 1.7117e+03    -0.0185     0.0000      98.78    97.3952     0.0707     171211    4.04668    0.00000    35.6697    35.6683        109 0.0000e+00
    144.000    142.814    12.9985    12.9890  41.730748  41.718799    4.05214     1.8659 1.7067e+03    -0.0185     0.0000      98.78    97.3918     0.0707     171300    4.05184    0.00000    35.6715    35.6690         78 0.0000e+00
    142.000    140.831    13.0277    13.0167  41.760090  41.746574    4.06524     1.8714 1.6104e+03    -0.0182     0.0000      98.78    97.3997     0.0707     171393    4.06494    0.00000    35.6729    35.6703        113 0.0000e+00
