Ship_data/Irminger/Irminger-2/ctd/process/OOI/uat30_001.cnv
* Sea-Bird SBE 9 Data File:
* FileName = C:\data\ctd\at30_001.hex
* Software Version Seasave V 7.21f
* Temperature SN = 2265
* Conductivity SN = 3021
* Number of Bytes Per Scan = 40
* Number of Voltage Words = 5
* Number of Scans Averaged by the Deck Unit = 1
* NMEA Latitude = 42 32.87 N
* NMEA Longitude = 062 35.04 W
* NMEA UTC (Time) = Aug 07 2015  12:39:53
# nquan = 21
# nvalues = 752                         
# units = specified
# name 0 = prDM: Pressure, Digiquartz [db]
# name 1 = depSM: Depth [salt water, m]
# name 2 = t090C: Temperature [ITS-90, deg C]
# name 3 = t190C: Temperature, 2 [ITS-90, deg C]
# name 4 = c0mS/cm: Conductivity [mS/cm]
# name 5 = c1mS/cm: Conductivity, 2 [mS/cm]
# name 6 = sbeox0ML/L: Oxygen, SBE 43 [ml/l]
# name 7 = sbeox0V: Oxygen raw, SBE 43 [V]
# name 8 = spar: SPAR/Surface Irradiance
# name 9 = flECO-AFL: Fluorescence, WET Labs ECO-AFL/FL [mg/m^3]
# name 10 = v2: Voltage 2
# name 11 = altM: Altimeter [m]
# name 12 = CStarTr0: Beam Transmission, WET Labs C-Star [%]
# name 13 = turbWETntu0: Turbidity, WET Labs ECO [NTU]
# name 14 = scan: Scan Count
# name 15 = sbeox0ML/L: Oxygen, SBE 43 [ml/l], WS = 2
# name 16 = sbeox0dOV/dT: Oxygen, SBE 43 [dov/dt], WS = 2
# name 17 = sal00: Salinity, Practical [PSU]
# name 18 = sal11: Salinity, Practical, 2 [PSU]
# name 19 = nbin: number of scans per bin
# name 20 = flag: flag
# span 0 =      4.000,   1506.000       
# span 1 =      3.968,   1488.735       
# span 2 =     3.9694,    21.4400       
# span 3 =     3.9702,    21.4481       
# span 4 =  33.151119,  46.795615       
# span 5 =  33.151053,  46.736536       
# span 6 =    3.04173,    6.25855       
# span 7 =     1.4405,     2.8094       
# span 8 = 1.2700e+03, 1.5337e+03       
# span 9 =    -0.0134,    -0.0091       
# span 10 =     0.0000,     0.0000      
# span 11 =      84.61,      99.86      
# span 12 =    92.0687,    97.6044      
# span 13 =     0.0707,     0.0707      
# span 14 =     116075,     181772      
# span 15 =    3.04146,    6.25715      
# span 16 =    0.00000,    0.00000      
# span 17 =    31.9869,    35.6788      
# span 18 =    31.9866,    35.6769      
# span 19 =         34,        139      
# span 20 = 0.0000e+00, 0.0000e+00      
# interval = decibars: 2                
# start_time = Aug 07 2015 12:39:53 [NMEA time, header]
# bad_flag = -9.990e-29
*END*
[from data line 414]
    678.000    671.550     5.0861     5.0823  33.838363  33.833917    5.24003     1.8669 1.4214e+03    -0.0119     0.0000      98.78    97.5171     0.0707     159012    5.23979    0.00000    34.9987    34.9976         48 0.0000e+00
    676.000    669.572     5.0945     5.0921  33.845296  33.842235    5.23450     1.8662 1.4266e+03    -0.0122     0.0000      98.78    97.5139     0.0707     159060    5.23426    0.00000    34.9990    34.9979         51 0.0000e+00
    674.000    667.595     5.1016     5.0986  33.851307  33.847456    5.22832     1.8652 1.4285e+03    -0.0114     0.0000      98.78    97.5081     0.0707     159110    5.22820    0.00000    34.9994    34.9982         45 0.0000e+00
    672.000    665.617     5.1119     5.1079  33.860152  33.855323    5.22296     1.8645 1.4244e+03    -0.0113     0.0000      98.78    97.5026     0.0707     159152    5.22276    0.00000    35.0000    34.9986         43 0.0000e+00
    670.000    663.639     5.1282     5.1227  33.874784  33.868500    5.21500     1.8634 1.4229e+03    -0.0118     0.0000      98.78    97.4989     0.0707     159202    5.21472    0.00000    35.0008    34.9993         57 0.0000e+00
    668.000    661.661     5.1424     5.1379  33.887247  33.882245    5.20652     1.8621 1.4307e+03    -0.0120     0.0000      98.78    97.4968     0.0707     159256    5.20636    0.00000    35.0014    35.0002         47 0.0000e+00
    666.000    659.683     5.1438     5.1427  33.887697  33.885907    5.19503     1.8595 1.4375e+03    -0.0122     0.0000      98.78    97.4977     0.0707     159300    5.19476    0.00000    35.0014    35.0005         44 0.0000e+00
    664.000    657.705     5.1483     5.1473  33.891102  33.889510    5.18716     1.8580 1.4332e+03    -0.0120     0.0000      98.78    97.5043     0.0707     159349    5.18704    0.00000    35.0017    35.0008         55 0.0000e+00
    662.000    655.727     5.1549     5.1531  33.896499  33.894053    5.18356     1.8577 1.4326e+03    -0.0125     0.0000      98.78    97.4960     0.0707     159406    5.18347    0.00000    35.0020    35.0011         53 0.0000e+00
    660.000    653.749     5.1587     5.1574  33.899144  33.897059    5.17883     1.8569 1.4419e+03    -0.0120     0.0000      98.78    97.4969     0.0707     159450    5.17864    0.00000    35.0021    35.0010         38 0.0000e+00
    658.000    651.771     5.1611     5.1605  33.900726  33.899432    5.17542     1.8565 1.4476e+03    -0.0110     0.0000      98.78    97.4969     0.0707     159489    5.17516    0.00000    35.0024    35.0015         43 0.0000e+00
    656.000    649.794     5.1643     5.1637  33.902991  33.901537    5.17179     1.8560 1.4433e+03    -0.0123     0.0000      98.78    97.4969     0.0707     159542    5.17160    0.00000    35.0027    35.0016         60 0.0000e+00
    654.000    647.816     5.1759     5.1699  33.913198  33.906259    5.16984     1.8563 1.4410e+03    -0.0122     0.0000      98.78    97.4990     0.0707     159595    5.16966    0.00000    35.0033    35.0016         45 0.0000e+00
    652.000    645.838     5.1857     5.1833  33.921731  33.918450    5.16306     1.8552 1.4406e+03    -0.0123     0.0000      98.78    97.4992     0.0707     159642    5.16298    0.00000    35.0039    35.0027         53 0.0000e+00
    650.000    643.859     5.2038     5.1971  33.938389  33.930731    5.15854     1.8551 1.4389e+03    -0.0112     0.0000      98.78    97.5012     0.0707     159697    5.15842    0.00000    35.0052    35.0034         52 0.0000e+00
    648.000    641.882     5.2194     5.2124  33.952542  33.944592    5.15027     1.8538 1.4465e+03    -0.0115     0.0000      98.78    97.4969     0.0707     159742    5.15000    0.00000    35.0063    35.0045         41 0.0000e+00
    646.000    639.904     5.2320     5.2261  33.963637  33.956860    5.14119     1.8523 1.4451e+03    -0.0113     0.0000      98.78    97.4959     0.0707     159782    5.14106    0.00000    35.0069    35.0052         39 0.0000e+00
    644.000    637.925     5.2360     5.2349  33.966741  33.964747    5.13012     1.8499 1.4429e+03    -0.0109     0.0000      98.78    97.4867     0.0707     159826    5.12991    0.00000    35.0072    35.0061         55 0.0000e+00
    642.000    635.947     5.2473     5.2444  33.976657  33.973134    5.11918     1.8478 1.4462e+03    -0.0115     0.0000      98.78    97.4937     0.0707     159892    5.11905    0.00000    35.0079    35.0068         62 0.0000e+00
    640.000    633.969     5.2608     5.2543  33.988524  33.980740    5.11023     1.8463 1.4596e+03    -0.0119     0.0000      98.78    97.4897     0.0707     159939    5.10995    0.00000    35.0085    35.0064         39 0.0000e+00
    638.000    631.991     5.2695     5.2670  33.996073  33.992583    5.10422     1.8454 1.4613e+03    -0.0120     0.0000      98.78    97.4913     0.0707     159979    5.10405    0.00000    35.0091    35.0077         46 0.0000e+00
    636.000    630.013     5.2858     5.2799  34.010657  34.004187    5.09696     1.8444 1.4540e+03    -0.0119     0.0000      98.78    97.4915     0.0707     160032    5.09673    0.00000    35.0099    35.0086         54 0.0000e+00
    634.000    628.035     5.3003     5.2902  34.023165  34.012477    5.09121     1.8437 1.4505e+03    -0.0124     0.0000      98.78    97.4839     0.0707     160079    5.09088    0.00000    35.0101    35.0084         42 0.0000e+00
    632.000    626.057     5.3088     5.3053  34.030319  34.026043    5.08412     1.8425 1.4487e+03    -0.0125     0.0000      98.78    97.4753     0.0707     160122    5.08391    0.00000    35.0105    35.0092         47 0.0000e+00
    630.000    624.079     5.3199     5.3171  34.040244  34.036493    5.07463     1.8408 1.4515e+03    -0.0107     0.0000      98.78    97.4763     0.0707     160174    5.07436    0.00000    35.0113    35.0099         54 0.0000e+00
    628.000    622.100     5.3338     5.3287  34.052854  34.046820    5.06581     1.8393 1.4493e+03    -0.0120     0.0000      98.78    97.4802     0.0707     160229    5.06555    0.00000    35.0123    35.0107         58 0.0000e+00
    626.000    620.122     5.3518     5.3439  34.069891  34.060864    5.05288     1.8370 1.4471e+03    -0.0112     0.0000      98.78    97.4865     0.0707     160283    5.05264    0.00000    35.0141    35.0120         45 0.0000e+00
    624.000    618.144     5.3573     5.3548  34.074447  34.070975    5.04216     1.8347 1.4503e+03    -0.0118     0.0000      98.78    97.4968     0.0707     160321    5.04196    0.00000    35.0146    35.0132         35 0.0000e+00
    622.000    616.166     5.3771     5.3669  34.092987  34.081878    5.03248     1.8332 1.4567e+03    -0.0123     0.0000      98.78    97.4969     0.0707     160360    5.03220    0.00000    35.0163    35.0142         47 0.0000e+00
    620.000    614.187     5.4109     5.4036  34.124920  34.116893    5.02172     1.8319 1.4660e+03    -0.0112     0.0000      98.78    97.5115     0.0707     160419    5.02143    0.00000    35.0187    35.0170         66 0.0000e+00
    618.000    612.209     5.4309     5.4178  34.143327  34.129169    5.00988     1.8299 1.4779e+03    -0.0129     0.0000      98.78    97.5255     0.0707     160475    5.00959    0.00000    35.0199    35.0173         44 0.0000e+00
    616.000    610.231     5.4421     5.4366  34.153167  34.146556    4.99854     1.8276 1.4846e+03    -0.0113     0.0000      98.78    97.5236     0.0707     160514    4.99829    0.00000    35.0205    35.0187         39 0.0000e+00
    614.000    608.252     5.4580     5.4536  34.167405  34.162093    4.98565     1.8252 1.4855e+03    -0.0116     0.0000      98.78    97.5231     0.0707     160560    4.98546    0.00000    35.0213    35.0197         55 0.0000e+00
    612.000    606.274     5.4718     5.4674  34.179579  34.174576    4.96813     1.8214 1.4845e+03    -0.0119     0.0000      98.78    97.5231     0.0707     160618    4.96789    0.00000    35.0218    35.0208         54 0.0000e+00
    610.000    604.296     5.4818     5.4763  34.188098  34.181773    4.95626     1.8190 1.4888e+03    -0.0121     0.0000      98.78    97.5231     0.0707     160663    4.95607    0.00000    35.0222    35.0207         39 0.0000e+00
    608.000    602.317     5.4860     5.4847  34.191109  34.188952    4.95002     1.8178 1.4965e+03    -0.0116     0.0000      98.78    97.5231     0.0707     160705    4.94985    0.00000    35.0223    35.0212         48 0.0000e+00
    606.000    600.339     5.4951     5.4937  34.198893  34.196782    4.94433     1.8169 1.4985e+03    -0.0127     0.0000      98.78    97.5231     0.0707     160761    4.94403    0.00000    35.0228    35.0217         57 0.0000e+00
    604.000    598.360     5.5082     5.5005  34.210515  34.201796    4.93941     1.8164 1.4987e+03    -0.0121     0.0000      98.78    97.5231     0.0707     160810    4.93916    0.00000    35.0234    35.0215         43 0.0000e+00
    602.000    596.382     5.5247     5.5180  34.225326  34.217699    4.93247     1.8156 1.5006e+03    -0.0121     0.0000      98.78    97.5231     0.0707     160851    4.93232    0.00000    35.0241    35.0224         43 0.0000e+00
    600.000    594.403     5.5354     5.5336  34.234566  34.231974    4.92186     1.8135 1.4921e+03    -0.0128     0.0000      98.78    97.5231     0.0707     160905    4.92167    0.00000    35.0246    35.0235         66 0.0000e+00
    598.000    592.425     5.5427     5.5392  34.240374  34.236098    4.91051     1.8111 1.4708e+03    -0.0119     0.0000      98.78    97.5231     0.0707     160965    4.91041    0.00000    35.0246    35.0234         46 0.0000e+00
    596.000    590.446     5.5529     5.5496  34.248463  34.244428    4.90548     1.8104 1.4536e+03    -0.0133     0.0000      98.78    97.5134     0.0707     161004    4.90528    0.00000    35.0243    35.0231         36 0.0000e+00
    594.000    588.468     5.5602     5.5575  34.254394  34.250745    4.90065     1.8097 1.4347e+03    -0.0117     0.0000      98.78    97.5110     0.0707     161041    4.90037    0.00000    35.0245    35.0232         43 0.0000e+00
    592.000    586.489     5.5842     5.5793  34.275996  34.270403    4.89343     1.8090 1.4246e+03    -0.0116     0.0000      98.78    97.5077     0.0707     161096    4.89323    0.00000    35.0252    35.0240         61 0.0000e+00
    590.000    584.510     5.6090     5.6017  34.298654  34.290227    4.88130     1.8069 1.4443e+03    -0.0123     0.0000      98.78    97.4969     0.0707     161154    4.88101    0.00000    35.0262    35.0243         56 0.0000e+00
    588.000    582.532     5.6140     5.6099  34.302631  34.297710    4.86752     1.8038 1.4588e+03    -0.0113     0.0000      98.78    97.4953     0.0707     161205    4.86739    0.00000    35.0266    35.0253         42 0.0000e+00
    586.000    580.553     5.6227     5.6188  34.309917  34.305060    4.85501     1.8011 1.4554e+03    -0.0109     0.0000      98.78    97.4907     0.0707     161241    4.85480    0.00000    35.0269    35.0255         36 0.0000e+00
    584.000    578.575     5.6248     5.6256  34.310722  34.310665    4.84589     1.7991 1.4419e+03    -0.0127     0.0000      98.78    97.4781     0.0707     161285    4.84568    0.00000    35.0267    35.0258         58 0.0000e+00
    582.000    576.596     5.6300     5.6291  34.313893  34.312435    4.83818     1.7976 1.4164e+03    -0.0117     0.0000      98.78    97.4779     0.0707     161352    4.83796    0.00000    35.0259    35.0252         60 0.0000e+00
    580.000    574.617     5.6574     5.6459  34.339179  34.325964    4.83225     1.7973 1.4023e+03    -0.0125     0.0000      98.78    97.4664     0.0707     161397    4.83208    0.00000    35.0272    35.0242         37 0.0000e+00
    578.000    572.639     5.6761     5.6700  34.355699  34.348986    4.82375     1.7960 1.3945e+03    -0.0120     0.0000      98.78    97.4666     0.0707     161434    4.82363    0.00000    35.0276    35.0264         40 0.0000e+00
    576.000    570.660     5.6782     5.6785  34.356320  34.355928    4.81401     1.7938 1.3901e+03    -0.0125     0.0000      98.78    97.4629     0.0707     161485    4.81382    0.00000    35.0272    35.0265         61 0.0000e+00
    574.000    568.681     5.6822     5.6799  34.358939  34.356108    4.79894     1.7903 1.4007e+03    -0.0119     0.0000      98.78    97.4555     0.0707     161542    4.79870    0.00000    35.0270    35.0262         50 0.0000e+00
    572.000    566.703     5.6932     5.6884  34.366897  34.361911    4.79137     1.7890 1.4099e+03    -0.0115     0.0000      98.78    97.4410     0.0707     161587    4.79125    0.00000    35.0257    35.0251         41 0.0000e+00
    570.000    564.724     5.6977     5.6958  34.368985  34.367027    4.78548     1.7879 1.4075e+03    -0.0112     0.0000      98.78    97.4322     0.0707     161630    4.78529    0.00000    35.0244    35.0241         49 0.0000e+00
    568.000    562.745     5.7012     5.7008  34.370334  34.369531    4.77945     1.7867 1.4044e+03    -0.0116     0.0000      98.78    97.4259     0.0707     161683    4.77922    0.00000    35.0234    35.0229         53 0.0000e+00
    566.000    560.766     5.7088     5.7057  34.376096  34.372445    4.77087     1.7851 1.4081e+03    -0.0117     0.0000      98.78    97.4185     0.0707     161731    4.77080    0.00000    35.0231    35.0221         45 0.0000e+00
    564.000    558.787     5.7194     5.7153  34.385015  34.380415    4.76401     1.7839 1.4121e+03    -0.0122     0.0000      98.78    97.4185     0.0707     161779    4.76376    0.00000    35.0232    35.0222         51 0.0000e+00
    562.000    556.808     5.7335     5.7270  34.397406  34.389946    4.75827     1.7831 1.4199e+03    -0.0125     0.0000      98.78    97.4185     0.0707     161827    4.75805    0.00000    35.0236    35.0220         43 0.0000e+00
    560.000    554.830     5.7462     5.7422  34.408794  34.403780    4.75059     1.7819 1.4186e+03    -0.0118     0.0000      98.78    97.4185     0.0707     161871    4.75045    0.00000    35.0244    35.0229         51 0.0000e+00
    558.000    552.851     5.7583     5.7558  34.419388  34.415915    4.74420     1.7808 1.4039e+03    -0.0119     0.0000      98.78    97.4185     0.0707     161928    4.74385    0.00000    35.0249    35.0236         56 0.0000e+00
    556.000    550.872     5.7664     5.7620  34.426205  34.420879    4.73675     1.7795 1.4088e+03    -0.0123     0.0000      98.78    97.4182     0.0707     161976    4.73655    0.00000    35.0252    35.0238         43 0.0000e+00
    554.000    548.893     5.7850     5.7755  34.443102  34.432498    4.72852     1.7782 1.4069e+03    -0.0124     0.0000      98.78    97.4134     0.0707     162018    4.72833    0.00000    35.0262    35.0240         42 0.0000e+00
    552.000    546.914     5.8050     5.7975  34.461328  34.452795    4.72034     1.7770 1.3996e+03    -0.0117     0.0000      98.78    97.4132     0.0707     162063    4.72003    0.00000    35.0272    35.0253         49 0.0000e+00
    550.000    544.935     5.8212     5.8213  34.475955  34.475172    4.70654     1.7742 1.3912e+03    -0.0124     0.0000      98.78    97.4191     0.0707     162123    4.70629    0.00000    35.0280    35.0270         63 0.0000e+00
    548.000    542.956     5.8263     5.8221  34.479906  34.474710    4.69294     1.7711 1.3974e+03    -0.0119     0.0000      98.78    97.4184     0.0707     162172    4.69277    0.00000    35.0282    35.0266         40 0.0000e+00
    546.000    540.977     5.8516     5.8419  34.503304  34.492478    4.68392     1.7699 1.3965e+03    -0.0134     0.0000      98.78    97.4091     0.0707     162211    4.68379    0.00000    35.0295    35.0273         41 0.0000e+00
    544.000    538.998     5.8761     5.8716  34.525854  34.519889    4.67417     1.7684 1.3887e+03    -0.0129     0.0000      98.78    97.4061     0.0707     162259    4.67390    0.00000    35.0308    35.0287         54 0.0000e+00
