Ship_data/Irminger/Irminger-2/ctd/process/OOI/uat30_002.cnv
* Sea-Bird SBE 9 Data File:
* FileName = C:\data\ctd\at30_002.hex
* Software Version Seasave V 7.21f
* Temperature SN = 2265
* Conductivity SN = 3021
* Number of Bytes Per Scan = 40
* Number of Voltage Words = 5
* Number of Scans Averaged by the Deck Unit = 1
* NMEA Latitude = 42 32.00 N
* NMEA Longitude = 062 34.74 W
* NMEA UTC (Time) = Aug 07 2015  15:18:09
# nquan = 21
# nvalues = 754                         
# units = specified
# name 0 = prDM: Pressure, Digiquartz [db]
# name 1 = depSM: Depth [salt water, m]
# name 2 = t090C: Temperature [ITS-90, deg C]
# name 3 = t190C: Temperature, 2 [ITS-90, deg C]
# name 4 = c0mS/cm: Conductivity [mS/cm]
# name 5 = c1mS/cm: Conductivity, 2 [mS/cm]
# name 6 = sbeox0ML/L: Oxygen, SBE 43 [ml/l]
# name 7 = sbeox0V: Oxygen raw, SBE 43 [V]
# name 8 = spar: SPAR/Surface Irradiance
# name 9 = flECO-AFL: Fluorescence, WET Labs ECO-AFL/FL [mg/m^3]
# name 10 = v2: Voltage 2
# name 11 = altM: Altimeter [m]
# name 12 = CStarTr0: Beam Transmission, WET Labs C-Star [%]
# name 13 = turbWETntu0: Turbidity, WET Labs ECO [NTU]
# name 14 = scan: Scan Count
# name 15 = sbeox0ML/L: Oxygen, SBE 43 [ml/l], WS = 2
# name 16 = sbeox0dOV/dT: Oxygen, SBE 43 [dov/dt], WS = 2
# name 17 = sal00: Salinity, Practical [PSU]
# name 18 = sal11: Salinity, Practical, 2 [PSU]
# name 19 = nbin: number of scans per bin
# name 20 = flag: flag
# span 0 =     12.000,   1518.000       
# span 1 =     11.905,   1500.557       
# span 2 =     3.9482,    20.8721       
# span 3 =     3.9485,    20.3794       
# span 4 =  33.136699,  47.265778       
# span 5 =  33.136222,  46.746763       
# span 6 =    3.08638,    6.28150       
# span 7 =     1.4571,     2.8121       
# span 8 = 1.8070e+03, 2.1694e+03       
# span 9 =    -0.0133,    -0.0090       
# span 10 =     0.0000,     0.0000      
# span 11 =      81.97,      99.54      
# span 12 =    92.0155,    97.7168      
# span 13 =     0.0755,     0.0755      
# span 14 =     129611,     183425      
# span 15 =    3.08617,    6.28011      
# span 16 =    0.00000,    0.00000      
# span 17 =    33.7602,    35.7288      
# span 18 =    33.7335,    35.7261      
# span 19 =         25,        122      
# span 20 = 0.0000e+00, 0.0000e+00      
# interval = decibars: 2                
# start_time = Aug 07 2015 15:18:09 [NMEA time, header]
# bad_flag = -9.990e-29
*END*
   1518.000   1500.557     3.9482     3.9485  33.136699  33.136222    5.77054     1.8098 2.0508e+03    -0.0117     0.0000      98.78    97.6706     0.0755     129611    5.77047    0.00000    34.9550    34.9541        119 0.0000e+00
   1516.000   1498.587     3.9496     3.9496  33.137145  33.136361    5.77346     1.8108 2.1694e+03    -0.0124     0.0000      98.78    97.6712     0.0755     140424    5.77327    0.00000    34.9550    34.9540         92 0.0000e+00
   1514.000   1496.617     3.9510     3.9514  33.137654  33.137209    5.77301     1.8111 2.1506e+03    -0.0124     0.0000      98.78    97.6668     0.0755     139925    5.77277    0.00000    34.9551    34.9541         92 0.0000e+00
   1512.000   1494.647     3.9519     3.9524  33.137677  33.137360    5.77049     1.8109 2.1420e+03    -0.0121     0.0000      98.78    97.6674     0.0755     140125    5.77024    0.00000    34.9551    34.9543        122 0.0000e+00
   1510.000   1492.677     3.9529     3.9533  33.137735  33.137336    5.77099     1.8115 2.1422e+03    -0.0122     0.0000      98.78    97.6693     0.0755     140255    5.77116    0.00000    34.9552    34.9543         99 0.0000e+00
   1508.000   1490.707     3.9548     3.9548  33.138620  33.137804    5.76968     1.8115 2.1391e+03    -0.0128     0.0000      98.78    97.6803     0.0755     140380    5.76937    0.00000    34.9552    34.9543         99 0.0000e+00
   1506.000   1488.737     3.9576     3.9571  33.140420  33.139201    5.76822     1.8115 2.1329e+03    -0.0123     0.0000      98.78    97.6800     0.0755     140482    5.76744    0.00000    34.9553    34.9544        105 0.0000e+00
   1504.000   1486.767     3.9612     3.9602  33.142759  33.141150    5.76585     1.8115 2.1299e+03    -0.0122     0.0000      98.78    97.6800     0.0755     140577    5.76542    0.00000    34.9553    34.9544         92 0.0000e+00
   1502.000   1484.797     3.9626     3.9624  33.143121  33.142231    5.76629     1.8120 2.1299e+03    -0.0128     0.0000      98.78    97.6800     0.0755     140656    5.76609    0.00000    34.9552    34.9544         68 0.0000e+00
   1500.000   1482.827     3.9624     3.9629  33.142236  33.142014    5.76690     1.8125 2.1217e+03    -0.0120     0.0000      98.78    97.6800     0.0755     140742    5.76683    0.00000    34.9553    34.9546         99 0.0000e+00
   1498.000   1480.857     3.9640     3.9640  33.142773  33.141958    5.76693     1.8128 2.1232e+03    -0.0122     0.0000      98.78    97.6800     0.0755     140825    5.76643    0.00000    34.9553    34.9544         68 0.0000e+00
   1496.000   1478.887     3.9654     3.9655  33.143316  33.142701    5.76528     1.8129 2.1073e+03    -0.0123     0.0000      98.78    97.6800     0.0755     140891    5.76485    0.00000    34.9554    34.9546         74 0.0000e+00
   1494.000   1476.917     3.9658     3.9660  33.142842  33.142300    5.76687     1.8136 2.1041e+03    -0.0127     0.0000      98.78    97.6800     0.0755     140981    5.76668    0.00000    34.9554    34.9546         83 0.0000e+00
   1492.000   1474.946     3.9691     3.9686  33.144916  33.143765    5.76576     1.8140 2.1012e+03    -0.0121     0.0000      98.78    97.6800     0.0755     141041    5.76619    0.00000    34.9555    34.9545         59 0.0000e+00
   1490.000   1472.976     3.9688     3.9701  33.143929  33.144400    5.76408     1.8138 2.0871e+03    -0.0132     0.0000      98.78    97.6800     0.0755     141126    5.76396    0.00000    34.9556    34.9547         88 0.0000e+00
   1488.000   1471.006     3.9723     3.9723  33.146194  33.145306    5.76039     1.8134 2.0811e+03    -0.0125     0.0000      98.78    97.6800     0.0755     141187    5.76018    0.00000    34.9555    34.9545         48 0.0000e+00
   1486.000   1469.036     3.9740     3.9738  33.146893  33.145858    5.75866     1.8134 2.0656e+03    -0.0119     0.0000      98.78    97.6800     0.0755     141231    5.75845    0.00000    34.9555    34.9545         44 0.0000e+00
   1484.000   1467.066     3.9736     3.9742  33.145868  33.145634    5.75949     1.8139 2.0616e+03    -0.0127     0.0000      98.78    97.6800     0.0755     141294    5.75924    0.00000    34.9557    34.9548         87 0.0000e+00
   1482.000   1465.095     3.9745     3.9749  33.145684  33.145367    5.75991     1.8144 2.0675e+03    -0.0122     0.0000      98.78    97.6800     0.0755     141371    5.75968    0.00000    34.9555    34.9548         55 0.0000e+00
   1480.000   1463.125     3.9765     3.9761  33.146732  33.145469    5.76029     1.8149 2.0709e+03    -0.0121     0.0000      98.78    97.6800     0.0755     141418    5.76020    0.00000    34.9556    34.9546         43 0.0000e+00
   1478.000   1461.155     3.9785     3.9782  33.147780  33.146607    5.76074     1.8154 2.0681e+03    -0.0122     0.0000      98.78    97.6800     0.0755     141458    5.76069    0.00000    34.9557    34.9547         41 0.0000e+00
   1476.000   1459.184     3.9807     3.9792  33.148992  33.147041    5.76203     1.8162 2.0631e+03    -0.0127     0.0000      98.78    97.6800     0.0755     141506    5.76219    0.00000    34.9559    34.9551         56 0.0000e+00
   1474.000   1457.214     3.9819     3.9808  33.149261  33.147537    5.76210     1.8165 2.0658e+03    -0.0122     0.0000      98.78    97.6800     0.0755     141561    5.76191    0.00000    34.9559    34.9550         51 0.0000e+00
   1472.000   1455.244     3.9837     3.9831  33.150045  33.148801    5.76098     1.8166 2.0525e+03    -0.0129     0.0000      98.78    97.6800     0.0755     141611    5.76078    0.00000    34.9559    34.9551         49 0.0000e+00
   1470.000   1453.273     3.9871     3.9856  33.152387  33.150271    5.76177     1.8173 2.0604e+03    -0.0123     0.0000      98.78    97.6800     0.0755     141660    5.76150    0.00000    34.9561    34.9551         50 0.0000e+00
   1468.000   1451.303     3.9880     3.9878  33.152326  33.151525    5.76094     1.8174 2.0602e+03    -0.0131     0.0000      98.78    97.6800     0.0755     141714    5.76064    0.00000    34.9560    34.9552         55 0.0000e+00
   1466.000   1449.333     3.9888     3.9888  33.152178  33.151323    5.75788     1.8171 2.0655e+03    -0.0129     0.0000      98.78    97.6800     0.0755     141761    5.75761    0.00000    34.9560    34.9550         40 0.0000e+00
   1464.000   1447.362     3.9906     3.9903  33.153011  33.151920    5.75883     1.8177 2.0694e+03    -0.0120     0.0000      98.78    97.6800     0.0755     141799    5.75852    0.00000    34.9561    34.9551         38 0.0000e+00
   1462.000   1445.392     3.9928     3.9913  33.154196  33.152215    5.75832     1.8180 2.0729e+03    -0.0120     0.0000      98.78    97.6800     0.0755     141843    5.75807    0.00000    34.9561    34.9554         52 0.0000e+00
   1460.000   1443.421     3.9946     3.9934  33.155071  33.153109    5.75871     1.8186 2.0845e+03    -0.0130     0.0000      98.78    97.6837     0.0755     141897    5.75855    0.00000    34.9563    34.9552         52 0.0000e+00
   1458.000   1441.451     3.9974     3.9968  33.156816  33.155674    5.75862     1.8190 2.0902e+03    -0.0118     0.0000      98.78    97.6868     0.0755     141949    5.75853    0.00000    34.9563    34.9556         53 0.0000e+00
   1456.000   1439.481     3.9979     3.9979  33.156519  33.155772    5.75995     1.8196 2.0912e+03    -0.0117     0.0000      98.78    97.6821     0.0755     142001    5.75982    0.00000    34.9564    34.9555         50 0.0000e+00
   1454.000   1437.510     3.9997     3.9992  33.157208  33.155956    5.75809     1.8196 2.0860e+03    -0.0131     0.0000      98.78    97.6800     0.0755     142047    5.75795    0.00000    34.9563    34.9554         41 0.0000e+00
   1452.000   1435.540     4.0010     4.0011  33.157493  33.156866    5.75512     1.8193 2.0903e+03    -0.0123     0.0000      98.78    97.6800     0.0755     142086    5.75506    0.00000    34.9563    34.9554         40 0.0000e+00
   1450.000   1433.569     4.0015     4.0014  33.157204  33.156538    5.75694     1.8202 2.0815e+03    -0.0128     0.0000      98.78    97.6800     0.0755     142133    5.75709    0.00000    34.9564    34.9558         57 0.0000e+00
   1448.000   1431.598     4.0019     4.0017  33.156715  33.155815    5.75702     1.8204 2.0913e+03    -0.0124     0.0000      98.78    97.6813     0.0755     142192    5.75640    0.00000    34.9564    34.9556         53 0.0000e+00
   1446.000   1429.627     4.0041     4.0040  33.157906  33.157022    5.75834     1.8211 2.0892e+03    -0.0125     0.0000      98.78    97.6904     0.0755     142237    5.75802    0.00000    34.9564    34.9555         41 0.0000e+00
   1444.000   1427.657     4.0047     4.0049  33.157599  33.157134    5.75817     1.8215 2.0853e+03    -0.0121     0.0000      98.78    97.6895     0.0755     142279    5.75789    0.00000    34.9564    34.9557         46 0.0000e+00
   1442.000   1425.686     4.0059     4.0055  33.157912  33.156924    5.76064     1.8227 2.0877e+03    -0.0122     0.0000      98.78    97.6885     0.0755     142331    5.76162    0.00000    34.9565    34.9559         54 0.0000e+00
   1440.000   1423.716     4.0080     4.0073  33.159095  33.157634    5.75981     1.8227 2.0885e+03    -0.0122     0.0000      98.78    97.6858     0.0755     142380    5.75989    0.00000    34.9567    34.9557         45 0.0000e+00
   1438.000   1421.745     4.0096     4.0093  33.159686  33.158573    5.75779     1.8226 2.0938e+03    -0.0127     0.0000      98.78    97.6892     0.0755     142424    5.75769    0.00000    34.9567    34.9557         44 0.0000e+00
   1436.000   1419.774     4.0110     4.0103  33.160184  33.158914    5.75569     1.8225 2.1006e+03    -0.0122     0.0000      98.78    97.6898     0.0755     142472    5.75557    0.00000    34.9568    34.9561         50 0.0000e+00
   1434.000   1417.804     4.0123     4.0121  33.160485  33.159557    5.75439     1.8226 2.0962e+03    -0.0126     0.0000      98.78    97.6879     0.0755     142521    5.75428    0.00000    34.9568    34.9559         46 0.0000e+00
   1432.000   1415.833     4.0142     4.0138  33.161528  33.160502    5.75376     1.8229 2.0929e+03    -0.0124     0.0000      98.78    97.6864     0.0755     142568    5.75365    0.00000    34.9570    34.9562         51 0.0000e+00
   1430.000   1413.863     4.0168     4.0152  33.163095  33.160817    5.75488     1.8235 2.1060e+03    -0.0122     0.0000      98.78    97.6881     0.0755     142622    5.75470    0.00000    34.9571    34.9561         50 0.0000e+00
   1428.000   1411.892     4.0214     4.0207  33.166477  33.164833    5.75373     1.8238 2.0987e+03    -0.0121     0.0000      98.78    97.6860     0.0755     142665    5.75352    0.00000    34.9573    34.9560         40 0.0000e+00
   1426.000   1409.921     4.0228     4.0222  33.167042  33.165785    5.75260     1.8239 2.0952e+03    -0.0120     0.0000      98.78    97.6907     0.0755     142709    5.75239    0.00000    34.9574    34.9566         55 0.0000e+00
   1424.000   1407.950     4.0227     4.0224  33.166114  33.165126    5.75332     1.8244 2.0976e+03    -0.0121     0.0000      98.78    97.6856     0.0755     142770    5.75304    0.00000    34.9574    34.9565         54 0.0000e+00
   1422.000   1405.979     4.0238     4.0242  33.166188  33.165716    5.75367     1.8248 2.0971e+03    -0.0125     0.0000      98.78    97.6928     0.0755     142812    5.75334    0.00000    34.9573    34.9563         37 0.0000e+00
   1420.000   1404.008     4.0251     4.0248  33.166627  33.165628    5.75336     1.8252 2.0974e+03    -0.0127     0.0000      98.78    97.6912     0.0755     142850    5.75302    0.00000    34.9574    34.9566         41 0.0000e+00
   1418.000   1402.038     4.0260     4.0253  33.166688  33.165393    5.75612     1.8262 2.0907e+03    -0.0120     0.0000      98.78    97.6907     0.0755     142904    5.75603    0.00000    34.9576    34.9568         64 0.0000e+00
   1416.000   1400.067     4.0264     4.0268  33.166077  33.165753    5.75352     1.8260 2.0978e+03    -0.0118     0.0000      98.78    97.6987     0.0755     142959    5.75336    0.00000    34.9574    34.9566         44 0.0000e+00
   1414.000   1398.096     4.0273     4.0273  33.166101  33.165390    5.75375     1.8264 2.1071e+03    -0.0111     0.0000      98.78    97.6923     0.0755     142999    5.75368    0.00000    34.9575    34.9566         39 0.0000e+00
   1412.000   1396.125     4.0292     4.0281  33.167155  33.165583    5.75318     1.8267 2.0962e+03    -0.0123     0.0000      98.78    97.6962     0.0755     143043    5.75308    0.00000    34.9577    34.9569         51 0.0000e+00
   1410.000   1394.154     4.0303     4.0287  33.167365  33.165276    5.75639     1.8277 2.0916e+03    -0.0126     0.0000      98.78    97.6945     0.0755     143101    5.75617    0.00000    34.9577    34.9570         57 0.0000e+00
   1408.000   1392.183     4.0339     4.0334  33.169744  33.168380    5.75725     1.8284 2.0894e+03    -0.0119     0.0000      98.78    97.6937     0.0755     143148    5.75697    0.00000    34.9578    34.9567         40 0.0000e+00
   1406.000   1390.212     4.0352     4.0350  33.170250  33.169253    5.75708     1.8287 2.0844e+03    -0.0126     0.0000      98.78    97.6939     0.0755     143186    5.75675    0.00000    34.9579    34.9570         39 0.0000e+00
   1404.000   1388.241     4.0362     4.0350  33.170460  33.168661    5.75590     1.8288 2.0758e+03    -0.0126     0.0000      98.78    97.6979     0.0755     143237    5.75537    0.00000    34.9581    34.9573         62 0.0000e+00
   1402.000   1386.270     4.0399     4.0401  33.172819  33.171911    5.75392     1.8288 2.0675e+03    -0.0123     0.0000      98.78    97.6988     0.0755     143291    5.75302    0.00000    34.9580    34.9567         43 0.0000e+00
   1400.000   1384.299     4.0440     4.0433  33.175625  33.174224    5.75099     1.8287 2.0595e+03    -0.0120     0.0000      98.78    97.6953     0.0755     143331    5.75066    0.00000    34.9580    34.9570         40 0.0000e+00
   1398.000   1382.328     4.0456     4.0447  33.176194  33.174858    5.75199     1.8293 2.0532e+03    -0.0118     0.0000      98.78    97.6971     0.0755     143376    5.75171    0.00000    34.9580    34.9573         52 0.0000e+00
   1396.000   1380.357     4.0462     4.0461  33.175930  33.175282    5.75458     1.8303 2.0418e+03    -0.0120     0.0000      98.78    97.6960     0.0755     143430    5.75444    0.00000    34.9580    34.9573         52 0.0000e+00
   1394.000   1378.386     4.0499     4.0489  33.178481  33.176805    5.75364     1.8306 2.0399e+03    -0.0125     0.0000      98.78    97.7025     0.0755     143478    5.75352    0.00000    34.9581    34.9572         44 0.0000e+00
   1392.000   1376.415     4.0512     4.0513  33.178987  33.178213    5.75485     1.8313 2.0392e+03    -0.0125     0.0000      98.78    97.7061     0.0755     143520    5.75499    0.00000    34.9583    34.9573         41 0.0000e+00
   1390.000   1374.444     4.0516     4.0516  33.178431  33.177877    5.75300     1.8313 2.0534e+03    -0.0119     0.0000      98.78    97.7061     0.0755     143566    5.75350    0.00000    34.9583    34.9575         55 0.0000e+00
   1388.000   1372.473     4.0516     4.0518  33.177557  33.177080    5.75199     1.8313 2.0504e+03    -0.0121     0.0000      98.78    97.6970     0.0755     143623    5.75200    0.00000    34.9582    34.9574         51 0.0000e+00
   1386.000   1370.502     4.0526     4.0529  33.177786  33.177168    5.75052     1.8313 2.0499e+03    -0.0122     0.0000      98.78    97.7030     0.0755     143666    5.75035    0.00000    34.9583    34.9574         38 0.0000e+00
   1384.000   1368.530     4.0538     4.0539  33.178002  33.177433    5.74923     1.8315 2.0394e+03    -0.0125     0.0000      98.78    97.7022     0.0755     143704    5.74931    0.00000    34.9583    34.9576         40 0.0000e+00
