Ship_data/Irminger/Irminger-2/ctd/process/OOI/uat30_001.cnv
* Sea-Bird SBE 9 Data File:
* FileName = C:\data\ctd\at30_001.hex
* Software Version Seasave V 7.21f
* Temperature SN = 2265
* Conductivity SN = 3021
* Number of Bytes Per Scan = 40
* Number of Voltage Words = 5
* Number of Scans Averaged by the Deck Unit = 1
* NMEA Latitude = 42 32.87 N
* NMEA Longitude = 062 35.04 W
* NMEA UTC (Time) = Aug 07 2015  12:39:53
# nquan = 21
# nvalues = 752                         
# units = specified
# name 0 = prDM: Pressure, Digiquartz [db]
# name 1 = depSM: Depth [salt water, m]
# name 2 = t090C: Temperature [ITS-90, deg C]
# name 3 = t190C: Temperature, 2 [ITS-90, deg C]
# name 4 = c0mS/cm: Conductivity [mS/cm]
# name 5 = c1mS/cm: Conductivity, 2 [mS/cm]
# name 6 = sbeox0ML/L: Oxygen, SBE 43 [ml/l]
# name 7 = sbeox0V: Oxygen raw, SBE 43 [V]
# name 8 = spar: SPAR/Surface Irradiance
# name 9 = flECO-AFL: Fluorescence, WET Labs ECO-AFL/FL [mg/m^3]
# name 10 = v2: Voltage 2
# name 11 = altM: Altimeter [m]
# name 12 = CStarTr0: Beam Transmission, WET Labs C-Star [%]
# name 13 = turbWETntu0: Turbidity, WET Labs ECO [NTU]
# name 14 = scan: Scan Count
# name 15 = sbeox0ML/L: Oxygen, SBE 43 [ml/l], WS = 2
# name 16 = sbeox0dOV/dT: Oxygen, SBE 43 [dov/dt], WS = 2
# name 17 = sal00: Salinity, Practical [PSU]
# name 18 = sal11: Salinity, Practical, 2 [PSU]
# name 19 = nbin: number of scans per bin
# name 20 = flag: flag
# span 0 =      4.000,   1506.000       
# span 1 =      3.968,   1488.735       
# span 2 =     3.9694,    21.4400       
# span 3 =     3.9702,    21.4481       
# span 4 =  33.151119,  46.795615       
# span 5 =  33.151053,  46.736536       
# span 6 =    3.04173,    6.25855       
# span 7 =     1.4405,     2.8094       
# span 8 = 1.2700e+03, 1.5337e+03       
# span 9 =    -0.0134,    -0.0091       
# span 10 =     0.0000,     0.0000      
# span 11 =      84.61,      99.86      
# span 12 =    92.0687,    97.6044      
# span 13 =     0.0707,     0.0707      
# span 14 =     116075,     181772      
# span 15 =    3.04146,    6.25715      
# span 16 =    0.00000,    0.00000      
# span 17 =    31.9869,    35.6788      
# span 18 =    31.9866,    35.6769      
# span 19 =         34,        139      
# span 20 = 0.0000e+00, 0.0000e+00      
# interval = decibars: 2                
# start_time = Aug 07 2015 12:39:53 [NMEA time, header]
# bad_flag = -9.990e-29
*END*
[from data line 552]
    402.000    398.440     8.1145     8.0999  36.625191  36.609481    3.51236     1.5311 1.2806e+03    -0.0111     0.0000      98.78    97.4950     0.0707     165719    3.51207    0.00000    35.1341    35.1319         48 0.0000e+00
    400.000    396.459     8.1268     8.1208  36.636132  36.628955    3.49034     1.5253 1.2760e+03    -0.0108     0.0000      98.78    97.4978     0.0707     165765    3.49007    0.00000    35.1344    35.1327         44 0.0000e+00
    398.000    394.479     8.1302     8.1292  36.638281  36.635947    3.47340     1.5208 1.2750e+03    -0.0123     0.0000      98.78    97.4989     0.0707     165812    3.47317    0.00000    35.1343    35.1329         53 0.0000e+00
    396.000    392.499     8.1451     8.1394  36.651887  36.644791    3.46136     1.5180 1.2739e+03    -0.0119     0.0000      98.78    97.4969     0.0707     165865    3.46119    0.00000    35.1349    35.1331         50 0.0000e+00
    394.000    390.518     8.1671     8.1578  36.672602  36.661400    3.45510     1.5169 1.2720e+03    -0.0119     0.0000      98.78    97.4969     0.0707     165913    3.45479    0.00000    35.1360    35.1333         47 0.0000e+00
    392.000    388.538     8.2079     8.1965  36.711737  36.697996    3.44663     1.5157 1.2700e+03    -0.0115     0.0000      98.78    97.4969     0.0707     165963    3.44639    0.00000    35.1380    35.1347         54 0.0000e+00
    390.000    386.557     8.2505     8.2270  36.752854  36.727359    3.43481     1.5136 1.2733e+03    -0.0111     0.0000      98.78    97.4969     0.0707     166013    3.43455    0.00000    35.1403    35.1366         43 0.0000e+00
    388.000    384.577     8.3137     8.2901  36.814384  36.787122    3.41922     1.5109 1.2748e+03    -0.0121     0.0000      98.78    97.4969     0.0707     166053    3.41900    0.00000    35.1438    35.1382         40 0.0000e+00
    386.000    382.596     8.3487     8.3402  36.846873  36.836761    3.39955     1.5062 1.2741e+03    -0.0120     0.0000      98.78    97.4915     0.0707     166099    3.39930    0.00000    35.1445    35.1421         55 0.0000e+00
    384.000    380.616     8.3537     8.3525  36.850558  36.848414    3.37246     1.4988 1.2760e+03    -0.0119     0.0000      98.78    97.4874     0.0707     166161    3.37224    0.00000    35.1444    35.1433         59 0.0000e+00
    382.000    378.635     8.3560     8.3536  36.851731  36.848086    3.35926     1.4953 1.2810e+03    -0.0114     0.0000      98.78    97.4846     0.0707     166208    3.35902    0.00000    35.1443    35.1428         38 0.0000e+00
    380.000    376.655     8.3669     8.3622  36.861453  36.855005    3.35527     1.4946 1.2850e+03    -0.0114     0.0000      98.78    97.4868     0.0707     166245    3.35499    0.00000    35.1447    35.1425         42 0.0000e+00
    378.000    374.674     8.4109     8.4044  36.903897  36.895674    3.34807     1.4938 1.2832e+03    -0.0124     0.0000      98.78    97.4897     0.0707     166299    3.34785    0.00000    35.1469    35.1446         63 0.0000e+00
    376.000    372.693     8.4358     8.4225  36.927240  36.912805    3.33887     1.4920 1.2851e+03    -0.0126     0.0000      98.78    97.4870     0.0707     166353    3.33866    0.00000    35.1479    35.1458         42 0.0000e+00
    374.000    370.713     8.4407     8.4373  36.931094  36.925972    3.32757     1.4891 1.2894e+03    -0.0114     0.0000      98.78    97.4710     0.0707     166392    3.32741    0.00000    35.1480    35.1460         40 0.0000e+00
    372.000    368.732     8.4764     8.4696  36.965057  36.955793    3.31642     1.4869 1.2904e+03    -0.0127     0.0000      98.78    97.4777     0.0707     166437    3.31613    0.00000    35.1495    35.1465         54 0.0000e+00
    370.000    366.751     8.5060     8.4984  36.992933  36.983839    3.30434     1.4843 1.2890e+03    -0.0128     0.0000      98.78    97.4753     0.0707     166498    3.30415    0.00000    35.1506    35.1485         59 0.0000e+00
    368.000    364.771     8.5501     8.5292  37.036228  37.012341    3.29058     1.4815 1.2956e+03    -0.0122     0.0000      98.78    97.4648     0.0707     166547    3.29034    0.00000    35.1535    35.1490         41 0.0000e+00
    366.000    362.790     8.5938     8.5812  37.078648  37.063750    3.27813     1.4791 1.3012e+03    -0.0113     0.0000      98.78    97.4621     0.0707     166586    3.27787    0.00000    35.1559    35.1527         39 0.0000e+00
    364.000    360.809     8.6509     8.6347  37.134381  37.115084    3.26378     1.4765 1.3057e+03    -0.0116     0.0000      98.78    97.4603     0.0707     166629    3.26358    0.00000    35.1591    35.1548         50 0.0000e+00
    362.000    358.829     8.7144     8.6984  37.196140  37.178129    3.24440     1.4725 1.3084e+03    -0.0118     0.0000      98.78    97.4613     0.0707     166687    3.24414    0.00000    35.1623    35.1591         61 0.0000e+00
    360.000    356.848     8.7778     8.7394  37.259545  37.216973    3.21965     1.4669 1.3100e+03    -0.0122     0.0000      98.78    97.4640     0.0707     166740    3.21936    0.00000    35.1671    35.1604         45 0.0000e+00
    358.000    354.867     8.8239     8.8061  37.305633  37.284898    3.20106     1.4628 1.3106e+03    -0.0113     0.0000      98.78    97.4470     0.0707     166783    3.20084    0.00000    35.1709    35.1668         45 0.0000e+00
    356.000    352.886     8.8576     8.8472  37.339101  37.326054    3.19014     1.4605 1.3054e+03    -0.0126     0.0000      98.78    97.4465     0.0707     166833    3.18983    0.00000    35.1738    35.1703         53 0.0000e+00
    354.000    350.906     8.9046     8.8806  37.387219  37.359920    3.18465     1.4602 1.3050e+03    -0.0121     0.0000      98.78    97.4327     0.0707     166882    3.18435    0.00000    35.1787    35.1738         42 0.0000e+00
    352.000    348.925     8.9627     8.9378  37.446708  37.416114    3.18560     1.4620 1.3068e+03    -0.0118     0.0000      98.78    97.4191     0.0707     166923    3.18533    0.00000    35.1847    35.1772         44 0.0000e+00
    350.000    346.944     9.0098     8.9997  37.493983  37.481659    3.19757     1.4669 1.3061e+03    -0.0115     0.0000      98.78    97.4179     0.0707     166975    3.19729    0.00000    35.1886    35.1856         61 0.0000e+00
    348.000    344.963     9.0507     9.0331  37.533647  37.514278    3.21541     1.4733 1.3028e+03    -0.0119     0.0000      98.78    97.4174     0.0707     167033    3.21512    0.00000    35.1907    35.1878         50 0.0000e+00
    346.000    342.982     9.0863     9.0690  37.567159  37.547292    3.21579     1.4744 1.3029e+03    -0.0114     0.0000      98.78    97.4281     0.0707     167079    3.21553    0.00000    35.1915    35.1878         43 0.0000e+00
    344.000    341.001     9.1112     9.0991  37.591337  37.576530    3.19527     1.4692 1.3042e+03    -0.0114     0.0000      98.78    97.4443     0.0707     167120    3.19505    0.00000    35.1932    35.1896         42 0.0000e+00
    342.000    339.020     9.1781     9.1579  37.659709  37.635814    3.16188     1.4610 1.3059e+03    -0.0113     0.0000      98.78    97.4446     0.0707     167165    3.16163    0.00000    35.1995    35.1944         48 0.0000e+00
    340.000    337.039     9.2197     9.2004  37.701533  37.679449    3.14112     1.4560 1.3063e+03    -0.0116     0.0000      98.78    97.4446     0.0707     167216    3.14087    0.00000    35.2031    35.1991         52 0.0000e+00
    338.000    335.058     9.2593     9.2422  37.741166  37.720335    3.13142     1.4542 1.3069e+03    -0.0114     0.0000      98.78    97.4446     0.0707     167267    3.13111    0.00000    35.2063    35.2014         51 0.0000e+00
    336.000    333.077     9.2991     9.2841  37.781503  37.763826    3.12399     1.4531 1.3059e+03    -0.0114     0.0000      98.78    97.4355     0.0707     167317    3.12379    0.00000    35.2101    35.2064         47 0.0000e+00
    334.000    331.097     9.3217     9.3113  37.803959  37.790733    3.11789     1.4520 1.3049e+03    -0.0117     0.0000      98.78    97.4282     0.0707     167363    3.11758    0.00000    35.2121    35.2086         47 0.0000e+00
    332.000    329.115     9.3551     9.3400  37.838099  37.819560    3.11244     1.4514 1.3061e+03    -0.0115     0.0000      98.78    97.4289     0.0707     167410    3.11210    0.00000    35.2156    35.2112         46 0.0000e+00
    330.000    327.134     9.3945     9.3787  37.877934  37.858632    3.11129     1.4521 1.3079e+03    -0.0124     0.0000      98.78    97.4357     0.0707     167455    3.11095    0.00000    35.2192    35.2147         45 0.0000e+00
    328.000    325.153     9.4231     9.4139  37.906510  37.895163    3.11097     1.4529 1.3072e+03    -0.0124     0.0000      98.78    97.4289     0.0707     167502    3.11061    0.00000    35.2217    35.2189         51 0.0000e+00
    326.000    323.172     9.4502     9.4374  37.933983  37.918460    3.10395     1.4516 1.3040e+03    -0.0114     0.0000      98.78    97.4387     0.0707     167557    3.10371    0.00000    35.2245    35.2210         54 0.0000e+00
    324.000    321.191     9.4941     9.4711  37.978311  37.952417    3.09533     1.4503 1.3059e+03    -0.0111     0.0000      98.78    97.4407     0.0707     167605    3.09513    0.00000    35.2282    35.2240         43 0.0000e+00
    322.000    319.210     9.5370     9.5165  38.021451  37.996433    3.08695     1.4489 1.3081e+03    -0.0112     0.0000      98.78    97.4401     0.0707     167646    3.08662    0.00000    35.2317    35.2259         40 0.0000e+00
    320.000    317.229     9.5895     9.5768  38.075226  38.058966    3.07292     1.4461 1.3083e+03    -0.0119     0.0000      98.78    97.4422     0.0707     167691    3.07268    0.00000    35.2368    35.2324         53 0.0000e+00
    318.000    315.248     9.6798     9.6602  38.169922  38.146980    3.05153     1.4418 1.3070e+03    -0.0128     0.0000      98.78    97.4529     0.0707     167751    3.05127    0.00000    35.2469    35.2424         59 0.0000e+00
    316.000    313.267     9.7012     9.6804  38.191297  38.166693    3.04484     1.4405 1.3068e+03    -0.0122     0.0000      98.78    97.4408     0.0707     167800    3.04482    0.00000    35.2490    35.2439         41 0.0000e+00
    314.000    311.285     9.7165     9.7096  38.206609  38.197150    3.04334     1.4406 1.3051e+03    -0.0127     0.0000      98.78    97.4492     0.0707     167837    3.04311    0.00000    35.2507    35.2477         37 0.0000e+00
    312.000    309.304     9.7339     9.7280  38.224268  38.215879    3.04173     1.4407 1.3006e+03    -0.0122     0.0000      98.78    97.4333     0.0707     167883    3.04146    0.00000    35.2527    35.2498         57 0.0000e+00
    310.000    307.323     9.7824     9.7545  38.275309  38.242180    3.04312     1.4424 1.3030e+03    -0.0123     0.0000      98.78    97.4439     0.0707     167940    3.04289    0.00000    35.2588    35.2519         49 0.0000e+00
    308.000    305.342     9.8237     9.8106  38.318109  38.300694    3.04679     1.4447 1.3091e+03    -0.0126     0.0000      98.78    97.4429     0.0707     167983    3.04661    0.00000    35.2633    35.2582         43 0.0000e+00
    306.000    303.360     9.8806     9.8676  38.378754  38.360897    3.04813     1.4465 1.3108e+03    -0.0116     0.0000      98.78    97.3961     0.0707     168033    3.04788    0.00000    35.2708    35.2652         56 0.0000e+00
    304.000    301.379     9.9646     9.9207  38.468130  38.418751    3.05196     1.4497 1.3071e+03    -0.0117     0.0000      98.78    97.0623     0.0707     168086    3.05168    0.00000    35.2814    35.2736         47 0.0000e+00
    302.000    299.398    10.0130     9.9867  38.520003  38.487117    3.06181     1.4540 1.3084e+03    -0.0112     0.0000      98.78    97.4310     0.0707     168129    3.06148    0.00000    35.2882    35.2802         42 0.0000e+00
    300.000    297.416    10.1025    10.0716  38.615346  38.577129    3.06793     1.4580 1.3135e+03    -0.0115     0.0000      98.78    97.4350     0.0707     168173    3.06766    0.00000    35.2993    35.2903         46 0.0000e+00
    298.000    295.435    10.1572    10.1375  38.673277  38.649272    3.07962     1.4630 1.3159e+03    -0.0123     0.0000      98.78    97.4379     0.0707     168221    3.07928    0.00000    35.3060    35.3007         49 0.0000e+00
    296.000    293.454    10.1763    10.1668  38.692852  38.680545    3.09548     1.4685 1.3171e+03    -0.0124     0.0000      98.78    97.4393     0.0707     168269    3.09524    0.00000    35.3083    35.3051         48 0.0000e+00
    294.000    291.472    10.2294    10.2002  38.750312  38.714714    3.10343     1.4723 1.3173e+03    -0.0120     0.0000      98.78    97.4273     0.0707     168318    3.10316    0.00000    35.3160    35.3083         49 0.0000e+00
    292.000    289.491    10.3038    10.2812  38.829379  38.801407    3.11339     1.4772 1.3173e+03    -0.0116     0.0000      98.78    97.4239     0.0707     168366    3.11312    0.00000    35.3250    35.3186         50 0.0000e+00
    290.000    287.509    10.3300    10.3198  38.856723  38.843598    3.13904     1.4859 1.3163e+03    -0.0122     0.0000      98.78    97.4276     0.0707     168419    3.13873    0.00000    35.3283    35.3248         51 0.0000e+00
    288.000    285.528    10.3718    10.3518  38.901341  38.876167    3.15408     1.4917 1.3195e+03    -0.0115     0.0000      98.78    97.4221     0.0707     168464    3.15387    0.00000    35.3338    35.3277         41 0.0000e+00
    286.000    283.546    10.4060    10.3956  38.937785  38.924187    3.16386     1.4957 1.3206e+03    -0.0122     0.0000      98.78    97.4201     0.0707     168508    3.16358    0.00000    35.3385    35.3348         48 0.0000e+00
    284.000    281.565    10.4155    10.4118  38.947233  38.941263    3.18102     1.5015 1.3206e+03    -0.0111     0.0000      98.78    97.4185     0.0707     168555    3.18075    0.00000    35.3398    35.3374         45 0.0000e+00
    282.000    279.584    10.4473    10.4369  38.981692  38.967232    3.19376     1.5063 1.3238e+03    -0.0111     0.0000      98.78    97.4185     0.0707     168602    3.19349    0.00000    35.3447    35.3402         52 0.0000e+00
    280.000    277.602    10.5337    10.5003  39.076910  39.036251    3.20094     1.5108 1.3245e+03    -0.0116     0.0000      98.78    97.4185     0.0707     168658    3.20069    0.00000    35.3581    35.3495         53 0.0000e+00
    278.000    275.620    10.6310    10.5877  39.181689  39.129704    3.20763     1.5153 1.3231e+03    -0.0117     0.0000      98.78    97.4179     0.0707     168705    3.20728    0.00000    35.3707    35.3601         44 0.0000e+00
    276.000    273.639    10.6997    10.6763  39.256083  39.226046    3.22661     1.5230 1.3244e+03    -0.0128     0.0000      98.78    97.4046     0.0707     168748    3.22632    0.00000    35.3800    35.3724         43 0.0000e+00
    274.000    271.658    10.7810    10.7562  39.345671  39.313929    3.25382     1.5335 1.3284e+03    -0.0116     0.0000      98.78    97.4036     0.0707     168796    3.25350    0.00000    35.3924    35.3845         53 0.0000e+00
    272.000    269.676    10.8532    10.8273  39.424268  39.392707    3.28057     1.5438 1.3315e+03    -0.0119     0.0000      98.78    97.4104     0.0707     168848    3.28026    0.00000    35.4025    35.3959         48 0.0000e+00
    270.000    267.694    10.9214    10.8947  39.498850  39.465338    3.30297     1.5526 1.3310e+03    -0.0116     0.0000      98.78    97.4085     0.0707     168894    3.30263    0.00000    35.4123    35.4045         45 0.0000e+00
    268.000    265.712    10.9974    10.9730  39.581754  39.550265    3.33009     1.5631 1.3284e+03    -0.0116     0.0000      98.78    97.3996     0.0707     168939    3.32975    0.00000    35.4229    35.4149         45 0.0000e+00
