Ship_data/Irminger/Irminger-2/ctd/process/OOI/uat30_012.cnv
* Sea-Bird SBE 9 Data File:
* FileName = C:\data\ctd\at30_012.hex
* Software Version Seasave V 7.21f
* Temperature SN = 2265
* Conductivity SN = 3021
* Number of Bytes Per Scan = 40
* Number of Voltage Words = 5
* Number of Scans Averaged by the Deck Unit = 1
* NMEA Latitude = 59 59.98 N
* NMEA Longitude = 039 28.96 W
* NMEA UTC (Time) = Aug 23 2015  16:50:38
** Cal/Val for HYPM-2
# nquan = 21
# nvalues = 1346                        
# units = specified
# name 0 = prDM: Pressure, Digiquartz [db]
# name 1 = depSM: Depth [salt water, m]
# name 2 = t090C: Temperature [ITS-90, deg C]
# name 3 = t190C: Temperature, 2 [ITS-90, deg C]
# name 4 = c0mS/cm: Conductivity [mS/cm]
# name 5 = c1mS/cm: Conductivity, 2 [mS/cm]
# name 6 = sbeox0ML/L: Oxygen, SBE 43 [ml/l]
# name 7 = sbeox0V: Oxygen raw, SBE 43 [V]
# name 8 = spar: SPAR/Surface Irradiance
# name 9 = flECO-AFL: Fluorescence, WET Labs ECO-AFL/FL [mg/m^3]
# name 10 = v2: Voltage 2
# name 11 = altM: Altimeter [m]
# name 12 = CStarTr0: Beam Transmission, WET Labs C-Star [%]
# name 13 = turbWETntu0: Turbidity, WET Labs ECO [NTU]
# name 14 = scan: Scan Count
# name 15 = sbeox0ML/L: Oxygen, SBE 43 [ml/l], WS = 2
# name 16 = sbeox0dOV/dT: Oxygen, SBE 43 [dov/dt], WS = 2
# name 17 = sal00: Salinity, Practical [PSU]
# name 18 = sal11: Salinity, Practical, 2 [PSU]
# name 19 = nbin: number of scans per bin
# name 20 = flag: flag
# span 0 =      2.000,   2692.000       
# span 1 =      1.981,   2649.654       
# span 2 =     1.3171,     8.4774       
# span 3 =     1.3177,     8.4771       
# span 4 =  31.231309,  36.553454       
# span 5 =  31.232766,  36.553972       
# span 6 =    6.00628,    6.70457       
# span 7 =     1.6962,     2.5075       
# span 8 = 2.0270e+02, 5.7723e+02       
# span 9 =    -0.0823,    -0.0582       
# span 10 =     0.0000,     0.0000      
# span 11 =      10.46,      98.78      
# span 12 =    93.3628,    97.7912      
# span 13 =     0.0694,     0.0708      
# span 14 =      78380,     177540      
# span 15 =    6.00618,    6.70409      
# span 16 =    0.00000,    0.00000      
# span 17 =    34.8348,    34.9433      
# span 18 =    34.8307,    34.9433      
# span 19 =         25,        131      
# span 20 = 0.0000e+00, 0.0000e+00      
# interval = decibars: 2                
# start_time = Aug 23 2015 16:50:38 [NMEA time, header]
# bad_flag = -9.990e-29
*END*
[from data line 276]
   2140.000   2109.045     2.9549     2.9556  32.482154  32.481923    6.08196     1.7390 3.0502e+02    -0.0601     0.0000      98.73    97.7766     0.0702      99920    6.08201    0.00000    34.9255    34.9245         48 0.0000e+00
   2138.000   2107.084     2.9560     2.9567  32.482272  32.482081    6.08016     1.7390 3.0419e+02    -0.0607     0.0000      98.73    97.7766     0.0700      99963    6.08020    0.00000    34.9255    34.9245         39 0.0000e+00
   2136.000   2105.123     2.9579     2.9587  32.483283  32.483147    6.07824     1.7390 3.0382e+02    -0.0618     0.0000      98.73    97.7792     0.0706     100002    6.07827    0.00000    34.9256    34.9246         40 0.0000e+00
   2134.000   2103.162     2.9631     2.9632  32.487222  32.486536    6.07637     1.7390 3.0304e+02    -0.0614     0.0000      98.73    97.7720     0.0707     100052    6.07584    0.00000    34.9258    34.9248         65 0.0000e+00
   2132.000   2101.200     2.9673     2.9677  32.490048  32.489624    6.07530     1.7393 3.0132e+02    -0.0620     0.0000      98.73    97.7799     0.0701     100133    6.07498    0.00000    34.9257    34.9248         81 0.0000e+00
   2130.000   2099.239     2.9693     2.9688  32.491354  32.489887    6.07548     1.7398 3.0049e+02    -0.0612     0.0000      98.73    97.7782     0.0702     100192    6.07534    0.00000    34.9260    34.9249         43 0.0000e+00
   2128.000   2097.278     2.9725     2.9729  32.493717  32.493046    6.07562     1.7402 2.9926e+02    -0.0618     0.0000      98.73    97.7848     0.0699     100228    6.07538    0.00000    34.9265    34.9252         31 0.0000e+00
   2126.000   2095.316     2.9738     2.9747  32.494175  32.494130    6.07242     1.7402 2.9877e+02    -0.0608     0.0000      98.73    97.7847     0.0701     100257    6.07348    0.00000    34.9266    34.9256         28 0.0000e+00
   2124.000   2093.355     2.9741     2.9751  32.493688  32.493766    6.07191     1.7402 2.9954e+02    -0.0609     0.0000      98.73    97.7847     0.0700     100286    6.07189    0.00000    34.9266    34.9256         31 0.0000e+00
   2122.000   2091.394     2.9764     2.9767  32.494923  32.494381    6.07055     1.7403 3.0039e+02    -0.0615     0.0000      98.73    97.7847     0.0703     100324    6.07035    0.00000    34.9266    34.9257         52 0.0000e+00
   2120.000   2089.432     2.9784     2.9792  32.495894  32.495789    6.07285     1.7412 2.9903e+02    -0.0616     0.0000      98.73    97.7847     0.0701     100457    6.07278    0.00000    34.9267    34.9257         56 0.0000e+00
   2118.000   2087.471     2.9784     2.9792  32.495007  32.494828    6.06784     1.7404 2.9915e+02    -0.0594     0.0000      98.73    97.7838     0.0701     100492    6.06760    0.00000    34.9266    34.9255         31 0.0000e+00
   2116.000   2085.509     2.9779     2.9790  32.493621  32.493855    6.06724     1.7406 2.9951e+02    -0.0606     0.0000      98.73    97.7775     0.0701     100520    6.06705    0.00000    34.9264    34.9255         27 0.0000e+00
   2114.000   2083.548     2.9781     2.9792  32.492976  32.493041    6.06425     1.7403 2.9935e+02    -0.0606     0.0000      98.73    97.7764     0.0701     100547    6.06399    0.00000    34.9263    34.9253         28 0.0000e+00
   2112.000   2081.587     2.9764     2.9778  32.490087  32.490585    6.06611     1.7410 2.9994e+02    -0.0614     0.0000      98.73    97.7721     0.0700     100578    6.06599    0.00000    34.9256    34.9248         35 0.0000e+00
   2110.000   2079.625     2.9758     2.9765  32.488180  32.488329    6.06823     1.7417 3.0058e+02    -0.0610     0.0000      98.73    97.7704     0.0701     100629    6.06815    0.00000    34.9250    34.9243         71 0.0000e+00
   2108.000   2077.664     2.9795     2.9803  32.490872  32.490733    6.07544     1.7437 3.0114e+02    -0.0607     0.0000      98.73    97.7758     0.0705     100715    6.07563    0.00000    34.9252    34.9241         88 0.0000e+00
   2106.000   2075.702     2.9834     2.9829  32.493687  32.492434    6.07505     1.7440 3.0084e+02    -0.0619     0.0000      98.73    97.7768     0.0707     100779    6.07506    0.00000    34.9254    34.9244         43 0.0000e+00
   2104.000   2073.741     2.9833     2.9841  32.492675  32.492751    6.07379     1.7441 3.0023e+02    -0.0604     0.0000      98.73    97.7726     0.0698     100816    6.07379    0.00000    34.9253    34.9245         34 0.0000e+00
   2102.000   2071.779     2.9834     2.9843  32.491851  32.491932    6.07236     1.7441 3.0002e+02    -0.0629     0.0000      98.73    97.7748     0.0700     100850    6.07235    0.00000    34.9251    34.9243         35 0.0000e+00
   2100.000   2069.818     2.9839     2.9848  32.491482  32.491406    6.07324     1.7446 3.0041e+02    -0.0600     0.0000      98.73    97.7683     0.0699     100884    6.07315    0.00000    34.9251    34.9241         34 0.0000e+00
   2098.000   2067.856     2.9864     2.9872  32.492768  32.492545    6.07412     1.7452 3.0091e+02    -0.0611     0.0000      98.73    97.7714     0.0698     100920    6.07409    0.00000    34.9249    34.9239         39 0.0000e+00
   2096.000   2065.894     2.9883     2.9890  32.493471  32.493477    6.07608     1.7459 2.9994e+02    -0.0609     0.0000      98.73    97.7698     0.0700     100994    6.07583    0.00000    34.9248    34.9239         71 0.0000e+00
   2094.000   2063.933     2.9887     2.9893  32.493030  32.492792    6.07920     1.7469 2.9846e+02    -0.0611     0.0000      98.73    97.7744     0.0698     101083    6.07920    0.00000    34.9247    34.9238         42 0.0000e+00
   2092.000   2061.971     2.9900     2.9907  32.493542  32.493305    6.07715     1.7469 2.9797e+02    -0.0603     0.0000      98.73    97.7691     0.0696     101113    6.07713    0.00000    34.9250    34.9239         28 0.0000e+00
   2090.000   2060.009     2.9919     2.9923  32.494646  32.494212    6.07419     1.7467 2.9808e+02    -0.0605     0.0000      98.73    97.7727     0.0701     101140    6.07420    0.00000    34.9252    34.9242         26 0.0000e+00
   2088.000   2058.048     2.9943     2.9945  32.496145  32.495413    6.07648     1.7475 2.9838e+02    -0.0606     0.0000      98.73    97.7674     0.0700     101168    6.07634    0.00000    34.9254    34.9243         32 0.0000e+00
   2086.000   2056.086     3.0004     3.0005  32.500892  32.500053    6.07600     1.7480 2.9645e+02    -0.0605     0.0000      98.73    97.7744     0.0702     101234    6.07588    0.00000    34.9256    34.9245         66 0.0000e+00
   2084.000   2054.124     3.0045     3.0042  32.503963  32.502749    6.07405     1.7480 2.9510e+02    -0.0610     0.0000      98.73    97.7713     0.0699     101311    6.07393    0.00000    34.9259    34.9247         39 0.0000e+00
   2082.000   2052.163     3.0091     3.0098  32.507408  32.507158    6.07285     1.7483 2.9488e+02    -0.0614     0.0000      98.73    97.7845     0.0700     101344    6.07278    0.00000    34.9261    34.9251         33 0.0000e+00
   2080.000   2050.201     3.0109     3.0117  32.508282  32.508194    6.06997     1.7481 2.9447e+02    -0.0606     0.0000      98.73    97.7839     0.0699     101380    6.06985    0.00000    34.9262    34.9253         42 0.0000e+00
   2078.000   2048.239     3.0118     3.0124  32.508375  32.508237    6.07219     1.7490 2.9191e+02    -0.0602     0.0000      98.73    97.7772     0.0700     101437    6.07268    0.00000    34.9263    34.9255         68 0.0000e+00
   2076.000   2046.277     3.0121     3.0130  32.507824  32.507770    6.07053     1.7489 2.9069e+02    -0.0605     0.0000      98.73    97.7833     0.0701     101494    6.07070    0.00000    34.9263    34.9253         44 0.0000e+00
   2074.000   2044.316     3.0127     3.0136  32.507450  32.507546    6.06596     1.7483 2.9068e+02    -0.0605     0.0000      98.73    97.7812     0.0700     101533    6.06587    0.00000    34.9262    34.9254         37 0.0000e+00
   2072.000   2042.354     3.0126     3.0135  32.506380  32.506442    6.06515     1.7485 2.8968e+02    -0.0617     0.0000      98.73    97.7757     0.0700     101574    6.06511    0.00000    34.9259    34.9251         49 0.0000e+00
   2070.000   2040.392     3.0116     3.0125  32.504099  32.504308    6.06601     1.7491 2.8711e+02    -0.0618     0.0000      98.73    97.7803     0.0698     101641    6.06671    0.00000    34.9253    34.9245         69 0.0000e+00
   2068.000   2038.430     3.0126     3.0135  32.504090  32.504149    6.06444     1.7490 2.8470e+02    -0.0617     0.0000      98.73    97.7815     0.0699     101688    6.06466    0.00000    34.9251    34.9243         36 0.0000e+00
   2066.000   2036.468     3.0135     3.0144  32.503924  32.503986    6.06425     1.7493 2.8388e+02    -0.0606     0.0000      98.73    97.7683     0.0701     101722    6.06426    0.00000    34.9250    34.9240         35 0.0000e+00
   2064.000   2034.506     3.0147     3.0154  32.504169  32.504056    6.06738     1.7502 2.8289e+02    -0.0601     0.0000      98.73    97.7743     0.0700     101765    6.06722    0.00000    34.9249    34.9241         55 0.0000e+00
   2062.000   2032.544     3.0179     3.0179  32.506348  32.505641    6.07214     1.7515 2.8007e+02    -0.0609     0.0000      98.73    97.7775     0.0697     101849    6.07154    0.00000    34.9251    34.9243         89 0.0000e+00
   2060.000   2030.582     3.0212     3.0204  32.508906  32.507167    6.07139     1.7520 2.7669e+02    -0.0614     0.0000      98.73    97.7738     0.0697     101903    6.07155    0.00000    34.9256    34.9244         33 0.0000e+00
   2058.000   2028.621     3.0235     3.0243  32.510317  32.510146    6.07190     1.7527 2.7543e+02    -0.0620     0.0000      98.73    97.7752     0.0700     101932    6.07319    0.00000    34.9259    34.9248         27 0.0000e+00
   2056.000   2026.659     3.0249     3.0258  32.510481  32.510513    6.07029     1.7527 2.7600e+02    -0.0611     0.0000      98.73    97.7755     0.0703     101958    6.07127    0.00000    34.9255    34.9246         28 0.0000e+00
   2054.000   2024.697     3.0291     3.0290  32.513563  32.512481    6.06901     1.7527 2.7529e+02    -0.0602     0.0000      98.73    97.7719     0.0701     101989    6.06897    0.00000    34.9257    34.9245         36 0.0000e+00
   2052.000   2022.735     3.0340     3.0342  32.516789  32.516299    6.07047     1.7534 2.7136e+02    -0.0604     0.0000      98.73    97.7775     0.0699     102091    6.07023    0.00000    34.9253    34.9246         65 0.0000e+00
   2050.000   2020.773     3.0371     3.0373  32.519075  32.518251    6.06949     1.7537 2.6866e+02    -0.0594     0.0000      98.73    97.7798     0.0702     102152    6.06924    0.00000    34.9257    34.9246         31 0.0000e+00
   2048.000   2018.811     3.0405     3.0410  32.521730  32.521157    6.06734     1.7537 2.6848e+02    -0.0604     0.0000      98.73    97.7741     0.0698     102180    6.06707    0.00000    34.9263    34.9251         27 0.0000e+00
   2046.000   2016.849     3.0453     3.0452  32.525658  32.524469    6.06602     1.7539 2.6795e+02    -0.0615     0.0000      98.73    97.7766     0.0701     102208    6.06572    0.00000    34.9269    34.9255         29 0.0000e+00
   2044.000   2014.887     3.0477     3.0479  32.526717  32.526174    6.06718     1.7546 2.6687e+02    -0.0604     0.0000      98.73    97.7652     0.0699     102244    6.06694    0.00000    34.9266    34.9257         49 0.0000e+00
   2042.000   2012.925     3.0467     3.0475  32.524410  32.524578    6.06321     1.7540 2.6433e+02    -0.0598     0.0000      98.73    97.7854     0.0700     102309    6.06293    0.00000    34.9258    34.9252         67 0.0000e+00
   2040.000   2010.962     3.0463     3.0471  32.523098  32.523098    6.06131     1.7539 2.6247e+02    -0.0597     0.0000      98.73    97.7847     0.0701     102360    6.06100    0.00000    34.9257    34.9248         43 0.0000e+00
   2038.000   2009.000     3.0524     3.0533  32.528307  32.528127    6.06093     1.7544 2.6098e+02    -0.0602     0.0000      98.73    97.7847     0.0702     102404    6.06068    0.00000    34.9264    34.9252         47 0.0000e+00
   2036.000   2007.038     3.0578     3.0580  32.532794  32.532233    6.06175     1.7551 2.5899e+02    -0.0598     0.0000      98.73    97.7847     0.0700     102462    6.06159    0.00000    34.9269    34.9261         68 0.0000e+00
   2034.000   2005.076     3.0588     3.0595  32.532949  32.532852    6.05874     1.7548 2.5668e+02    -0.0588     0.0000      98.73    97.7847     0.0697     102521    6.05850    0.00000    34.9271    34.9262         44 0.0000e+00
   2032.000   2003.114     3.0595     3.0603  32.532863  32.532922    6.05785     1.7550 2.5610e+02    -0.0606     0.0000      98.73    97.7847     0.0701     102557    6.05765    0.00000    34.9272    34.9264         32 0.0000e+00
   2030.000   2001.151     3.0585     3.0595  32.530481  32.530793    6.05791     1.7553 2.5394e+02    -0.0606     0.0000      98.73    97.7845     0.0703     102590    6.05775    0.00000    34.9263    34.9257         35 0.0000e+00
   2028.000   1999.189     3.0587     3.0597  32.529514  32.529620    6.05763     1.7556 2.5123e+02    -0.0609     0.0000      98.73    97.7802     0.0698     102628    6.05751    0.00000    34.9259    34.9251         42 0.0000e+00
   2026.000   1997.227     3.0598     3.0605  32.529308  32.529421    6.05859     1.7561 2.4977e+02    -0.0602     0.0000      98.73    97.7787     0.0701     102682    6.05839    0.00000    34.9255    34.9250         74 0.0000e+00
   2024.000   1995.265     3.0582     3.0590  32.526480  32.526579    6.05880     1.7564 2.4683e+02    -0.0591     0.0000      98.73    97.7856     0.0701     102771    6.05863    0.00000    34.9248    34.9240         74 0.0000e+00
   2022.000   1993.303     3.0582     3.0590  32.525645  32.525697    6.06018     1.7570 2.4486e+02    -0.0604     0.0000      98.73    97.7819     0.0703     102816    6.06006    0.00000    34.9247    34.9240         35 0.0000e+00
   2020.000   1991.340     3.0571     3.0581  32.523532  32.523755    6.06148     1.7576 2.4380e+02    -0.0603     0.0000      98.73    97.7703     0.0701     102847    6.06149    0.00000    34.9243    34.9236         29 0.0000e+00
   2018.000   1989.378     3.0571     3.0580  32.522398  32.522442    6.06264     1.7582 2.4251e+02    -0.0599     0.0000      98.73    97.7471     0.0700     102877    6.06261    0.00000    34.9240    34.9231         31 0.0000e+00
   2016.000   1987.416     3.0570     3.0578  32.521239  32.521229    6.06680     1.7593 2.4159e+02    -0.0602     0.0000      98.73    97.7622     0.0697     102918    6.06657    0.00000    34.9236    34.9228         60 0.0000e+00
   2014.000   1985.454     3.0571     3.0579  32.520324  32.520285    6.07595     1.7615 2.3887e+02    -0.0600     0.0000      98.73    97.7689     0.0699     103009    6.07583    0.00000    34.9234    34.9225         67 0.0000e+00
   2012.000   1983.491     3.0579     3.0587  32.520298  32.520110    6.07620     1.7619 2.3711e+02    -0.0591     0.0000      98.73    97.7655     0.0700     103051    6.07603    0.00000    34.9235    34.9224         35 0.0000e+00
   2010.000   1981.529     3.0601     3.0608  32.521519  32.521254    6.07537     1.7621 2.3625e+02    -0.0603     0.0000      98.73    97.7702     0.0698     103084    6.07516    0.00000    34.9236    34.9226         32 0.0000e+00
   2008.000   1979.567     3.0638     3.0645  32.523983  32.523688    6.07569     1.7626 2.3493e+02    -0.0608     0.0000      98.73    97.7639     0.0702     103120    6.07541    0.00000    34.9235    34.9225         41 0.0000e+00
   2006.000   1977.604     3.0660     3.0664  32.525100  32.524883    6.07815     1.7636 2.3368e+02    -0.0598     0.0000      98.73    97.7675     0.0702     103174    6.07807    0.00000    34.9235    34.9229         69 0.0000e+00
