Ship_data/Irminger/Irminger-2/ctd/process/OOI/uat30_012.cnv
* Sea-Bird SBE 9 Data File:
* FileName = C:\data\ctd\at30_012.hex
* Software Version Seasave V 7.21f
* Temperature SN = 2265
* Conductivity SN = 3021
* Number of Bytes Per Scan = 40
* Number of Voltage Words = 5
* Number of Scans Averaged by the Deck Unit = 1
* NMEA Latitude = 59 59.98 N
* NMEA Longitude = 039 28.96 W
* NMEA UTC (Time) = Aug 23 2015  16:50:38
** Cal/Val for HYPM-2
# nquan = 21
# nvalues = 1346                        
# units = specified
# name 0 = prDM: Pressure, Digiquartz [db]
# name 1 = depSM: Depth [salt water, m]
# name 2 = t090C: Temperature [ITS-90, deg C]
# name 3 = t190C: Temperature, 2 [ITS-90, deg C]
# name 4 = c0mS/cm: Conductivity [mS/cm]
# name 5 = c1mS/cm: Conductivity, 2 [mS/cm]
# name 6 = sbeox0ML/L: Oxygen, SBE 43 [ml/l]
# name 7 = sbeox0V: Oxygen raw, SBE 43 [V]
# name 8 = spar: SPAR/Surface Irradiance
# name 9 = flECO-AFL: Fluorescence, WET Labs ECO-AFL/FL [mg/m^3]
# name 10 = v2: Voltage 2
# name 11 = altM: Altimeter [m]
# name 12 = CStarTr0: Beam Transmission, WET Labs C-Star [%]
# name 13 = turbWETntu0: Turbidity, WET Labs ECO [NTU]
# name 14 = scan: Scan Count
# name 15 = sbeox0ML/L: Oxygen, SBE 43 [ml/l], WS = 2
# name 16 = sbeox0dOV/dT: Oxygen, SBE 43 [dov/dt], WS = 2
# name 17 = sal00: Salinity, Practical [PSU]
# name 18 = sal11: Salinity, Practical, 2 [PSU]
# name 19 = nbin: number of scans per bin
# name 20 = flag: flag
# span 0 =      2.000,   2692.000       
# span 1 =      1.981,   2649.654       
# span 2 =     1.3171,     8.4774       
# span 3 =     1.3177,     8.4771       
# span 4 =  31.231309,  36.553454       
# span 5 =  31.232766,  36.553972       
# span 6 =    6.00628,    6.70457       
# span 7 =     1.6962,     2.5075       
# span 8 = 2.0270e+02, 5.7723e+02       
# span 9 =    -0.0823,    -0.0582       
# span 10 =     0.0000,     0.0000      
# span 11 =      10.46,      98.78      
# span 12 =    93.3628,    97.7912      
# span 13 =     0.0694,     0.0708      
# span 14 =      78380,     177540      
# span 15 =    6.00618,    6.70409      
# span 16 =    0.00000,    0.00000      
# span 17 =    34.8348,    34.9433      
# span 18 =    34.8307,    34.9433      
# span 19 =         25,        131      
# span 20 = 0.0000e+00, 0.0000e+00      
# interval = decibars: 2                
# start_time = Aug 23 2015 16:50:38 [NMEA time, header]
# bad_flag = -9.990e-29
*END*
[from data line 207]
   2278.000   2244.326     2.7632     2.7634  32.364922  32.364325    6.12864     1.7198 3.8534e+02    -0.0602     0.0000      98.73    97.7591     0.0708      93960    6.12864    0.00000    34.9223    34.9214         63 0.0000e+00
   2276.000   2242.366     2.7630     2.7634  32.363929  32.363310    6.12412     1.7192 3.8286e+02    -0.0607     0.0000      98.73    97.7543     0.0707      94000    6.12396    0.00000    34.9223    34.9212         33 0.0000e+00
   2274.000   2240.405     2.7640     2.7648  32.364128  32.363938    6.12190     1.7191 3.8140e+02    -0.0608     0.0000      98.73    97.7517     0.0707      94030    6.12172    0.00000    34.9225    34.9213         29 0.0000e+00
   2272.000   2238.445     2.7649     2.7657  32.364037  32.363784    6.12231     1.7195 3.8055e+02    -0.0605     0.0000      98.73    97.7554     0.0707      94060    6.12221    0.00000    34.9223    34.9212         33 0.0000e+00
   2270.000   2236.486     2.7723     2.7722  32.369769  32.368678    6.12076     1.7198 3.7865e+02    -0.0604     0.0000      98.73    97.7569     0.0704      94107    6.12069    0.00000    34.9223    34.9211         64 0.0000e+00
   2268.000   2234.526     2.7802     2.7797  32.376558  32.374970    6.12113     1.7204 3.7668e+02    -0.0597     0.0000      98.73    97.7586     0.0699      94169    6.12093    0.00000    34.9230    34.9217         52 0.0000e+00
   2266.000   2232.566     2.7926     2.7922  32.388050  32.386183    6.11860     1.7207 3.7539e+02    -0.0601     0.0000      98.73    97.7661     0.0700      94218    6.11833    0.00000    34.9247    34.9228         51 0.0000e+00
   2264.000   2230.606     2.7991     2.7988  32.393451  32.392359    6.11635     1.7208 3.7338e+02    -0.0611     0.0000      98.73    97.7750     0.0701      94278    6.11605    0.00000    34.9251    34.9242         65 0.0000e+00
   2262.000   2228.645     2.8041     2.8040  32.397552  32.396452    6.10893     1.7199 3.7204e+02    -0.0593     0.0000      98.73    97.7748     0.0699      94333    6.10875    0.00000    34.9257    34.9245         45 0.0000e+00
   2260.000   2226.685     2.8044     2.8052  32.396712  32.396692    6.10474     1.7194 3.7133e+02    -0.0594     0.0000      98.73    97.7730     0.0701      94372    6.10463    0.00000    34.9254    34.9245         34 0.0000e+00
   2258.000   2224.725     2.8042     2.8053  32.395546  32.395670    6.09986     1.7187 3.7093e+02    -0.0604     0.0000      98.73    97.7670     0.0697      94404    6.09987    0.00000    34.9251    34.9242         31 0.0000e+00
   2256.000   2222.765     2.8070     2.8080  32.397260  32.397257    6.09760     1.7187 3.7112e+02    -0.0599     0.0000      98.73    97.7657     0.0701      94435    6.09760    0.00000    34.9252    34.9241         32 0.0000e+00
   2254.000   2220.805     2.8107     2.8114  32.399792  32.399576    6.09699     1.7190 3.7050e+02    -0.0598     0.0000      98.73    97.7704     0.0698      94490    6.09665    0.00000    34.9252    34.9242         60 0.0000e+00
   2252.000   2218.845     2.8164     2.8165  32.404344  32.403344    6.09913     1.7200 3.6933e+02    -0.0597     0.0000      98.73    97.7734     0.0699      94604    6.09919    0.00000    34.9256    34.9242         41 0.0000e+00
   2250.000   2216.884     2.8208     2.8210  32.407605  32.406753    6.09613     1.7199 3.6936e+02    -0.0609     0.0000      98.73    97.7713     0.0700      94633    6.09648    0.00000    34.9258    34.9245         28 0.0000e+00
   2248.000   2214.924     2.8248     2.8248  32.410651  32.409579    6.09357     1.7199 3.6894e+02    -0.0604     0.0000      98.73    97.7668     0.0701      94660    6.09423    0.00000    34.9262    34.9249         27 0.0000e+00
   2246.000   2212.964     2.8312     2.8307  32.415921  32.414130    6.09155     1.7199 3.6978e+02    -0.0606     0.0000      98.73    97.7690     0.0699      94687    6.09146    0.00000    34.9267    34.9251         28 0.0000e+00
   2244.000   2211.004     2.8365     2.8365  32.420109  32.418897    6.08924     1.7199 3.6991e+02    -0.0610     0.0000      98.73    97.7749     0.0699      94719    6.08888    0.00000    34.9270    34.9256         38 0.0000e+00
   2242.000   2209.043     2.8440     2.8441  32.426296  32.425542    6.08701     1.7200 3.6910e+02    -0.0604     0.0000      98.73    97.7837     0.0701      94798    6.08629    0.00000    34.9275    34.9265         69 0.0000e+00
   2240.000   2207.083     2.8505     2.8475  32.431702  32.427615    6.08362     1.7200 3.6827e+02    -0.0611     0.0000      98.73    97.7847     0.0697      94873    6.08370    0.00000    34.9280    34.9262         43 0.0000e+00
   2238.000   2205.123     2.8549     2.8548  32.435025  32.433800    6.08110     1.7200 3.6874e+02    -0.0600     0.0000      98.73    97.7847     0.0699      94908    6.08130    0.00000    34.9283    34.9269         33 0.0000e+00
   2236.000   2203.163     2.8582     2.8586  32.437362  32.436603    6.07776     1.7197 3.6794e+02    -0.0601     0.0000      98.73    97.7847     0.0699      94940    6.07773    0.00000    34.9285    34.9272         32 0.0000e+00
   2234.000   2201.202     2.8634     2.8635  32.441335  32.440439    6.07478     1.7196 3.6744e+02    -0.0596     0.0000      98.73    97.7862     0.0703      94978    6.07470    0.00000    34.9288    34.9276         47 0.0000e+00
   2232.000   2199.242     2.8662     2.8666  32.442984  32.442653    6.07180     1.7194 3.6697e+02    -0.0596     0.0000      98.73    97.7912     0.0698      95036    6.07165    0.00000    34.9287    34.9279         60 0.0000e+00
   2230.000   2197.281     2.8630     2.8641  32.438598  32.438866    6.06868     1.7190 3.6637e+02    -0.0593     0.0000      98.73    97.7906     0.0701      95086    6.06843    0.00000    34.9277    34.9269         45 0.0000e+00
   2228.000   2195.321     2.8618     2.8628  32.436106  32.436252    6.06881     1.7193 3.6521e+02    -0.0611     0.0000      98.73    97.7848     0.0701      95135    6.06860    0.00000    34.9270    34.9262         53 0.0000e+00
   2226.000   2193.360     2.8632     2.8639  32.436549  32.436303    6.06921     1.7197 3.6332e+02    -0.0597     0.0000      98.73    97.7847     0.0701      95188    6.06908    0.00000    34.9271    34.9260         48 0.0000e+00
   2224.000   2191.400     2.8640     2.8649  32.436456  32.436367    6.06926     1.7201 3.6259e+02    -0.0594     0.0000      98.73    97.7847     0.0701      95231    6.06915    0.00000    34.9270    34.9260         40 0.0000e+00
   2222.000   2189.440     2.8646     2.8656  32.436038  32.436082    6.06925     1.7204 3.6202e+02    -0.0591     0.0000      98.73    97.7847     0.0700      95269    6.06906    0.00000    34.9269    34.9259         38 0.0000e+00
   2220.000   2187.479     2.8666     2.8672  32.436904  32.436660    6.06955     1.7208 3.6119e+02    -0.0595     0.0000      98.73    97.7847     0.0702      95314    6.06927    0.00000    34.9267    34.9258         55 0.0000e+00
   2218.000   2185.519     2.8703     2.8707  32.439333  32.438820    6.07264     1.7219 3.5838e+02    -0.0605     0.0000      98.73    97.7847     0.0702      95381    6.07246    0.00000    34.9267    34.9256         68 0.0000e+00
   2216.000   2183.558     2.8734     2.8734  32.441384  32.440461    6.07403     1.7226 3.5607e+02    -0.0606     0.0000      98.73    97.7847     0.0700      95434    6.07389    0.00000    34.9267    34.9256         42 0.0000e+00
   2214.000   2181.597     2.8736     2.8747  32.440406  32.440669    6.07444     1.7230 3.5529e+02    -0.0606     0.0000      98.73    97.7847     0.0699      95471    6.07421    0.00000    34.9263    34.9254         35 0.0000e+00
   2212.000   2179.637     2.8745     2.8754  32.440516  32.440405    6.07472     1.7235 3.5414e+02    -0.0621     0.0000      98.73    97.7810     0.0700      95508    6.07497    0.00000    34.9264    34.9254         40 0.0000e+00
   2210.000   2177.676     2.8738     2.8748  32.438539  32.438637    6.07596     1.7238 3.5238e+02    -0.0596     0.0000      98.73    97.7790     0.0700      95552    6.07525    0.00000    34.9258    34.9249         50 0.0000e+00
   2208.000   2175.716     2.8793     2.8795  32.442611  32.442086    6.07694     1.7247 3.5042e+02    -0.0599     0.0000      98.73    97.7848     0.0698      95623    6.07707    0.00000    34.9258    34.9249         99 0.0000e+00
   2206.000   2173.755     2.8808     2.8814  32.443063  32.442914    6.07955     1.7255 3.4773e+02    -0.0607     0.0000      98.73    97.7846     0.0698      95720    6.07920    0.00000    34.9257    34.9248         68 0.0000e+00
   2204.000   2171.795     2.8807     2.8813  32.442253  32.441859    6.08101     1.7261 3.4742e+02    -0.0602     0.0000      98.73    97.7847     0.0696      95766    6.08107    0.00000    34.9258    34.9247         39 0.0000e+00
   2202.000   2169.834     2.8857     2.8868  32.445970  32.445971    6.08277     1.7270 3.4687e+02    -0.0602     0.0000      98.73    97.7809     0.0699      95806    6.08272    0.00000    34.9259    34.9248         47 0.0000e+00
   2200.000   2167.873     2.8900     2.8906  32.449169  32.449050    6.08733     1.7283 3.4646e+02    -0.0600     0.0000      98.73    97.7812     0.0699      95878    6.08734    0.00000    34.9261    34.9253         95 0.0000e+00
   2198.000   2165.913     2.8908     2.8916  32.448819  32.448793    6.08613     1.7284 3.4663e+02    -0.0609     0.0000      98.73    97.7849     0.0698      95984    6.08611    0.00000    34.9258    34.9249        102 0.0000e+00
   2196.000   2163.952     2.8908     2.8915  32.447590  32.447471    6.08444     1.7284 3.4685e+02    -0.0611     0.0000      98.73    97.7847     0.0697      96059    6.08439    0.00000    34.9253    34.9244         59 0.0000e+00
   2194.000   2161.991     2.8904     2.8911  32.446417  32.446384    6.08241     1.7283 3.4799e+02    -0.0612     0.0000      98.73    97.7801     0.0696      96122    6.08232    0.00000    34.9253    34.9244         74 0.0000e+00
   2192.000   2160.030     2.8912     2.8918  32.446315  32.446145    6.08802     1.7297 3.4948e+02    -0.0602     0.0000      98.73    97.7806     0.0699      96266    6.08784    0.00000    34.9253    34.9244         86 0.0000e+00
   2190.000   2158.070     2.8935     2.8938  32.447566  32.447162    6.09068     1.7307 3.5150e+02    -0.0609     0.0000      98.73    97.7840     0.0699      96418    6.09052    0.00000    34.9252    34.9244         89 0.0000e+00
   2188.000   2156.109     2.8954     2.8958  32.448242  32.447917    6.09206     1.7313 3.5451e+02    -0.0615     0.0000      98.73    97.7792     0.0700      96628    6.09197    0.00000    34.9250    34.9242         56 0.0000e+00
   2186.000   2154.148     2.8970     2.8976  32.449056  32.448678    6.09189     1.7315 3.5519e+02    -0.0604     0.0000      98.73    97.7694     0.0699      96726    6.09130    0.00000    34.9252    34.9241         54 0.0000e+00
   2184.000   2152.188     2.9017     2.9018  32.452565  32.451898    6.09337     1.7325 3.5651e+02    -0.0600     0.0000      98.73    97.7697     0.0702      96992    6.09375    0.00000    34.9254    34.9245         60 0.0000e+00
   2182.000   2150.227     2.9055     2.9060  32.455047  32.454845    6.09292     1.7328 3.4794e+02    -0.0607     0.0000      98.73    97.7796     0.0700      97861    6.09292    0.00000    34.9254    34.9245         98 0.0000e+00
   2180.000   2148.266     2.9080     2.9082  32.456378  32.455839    6.09568     1.7338 3.3316e+02    -0.0627     0.0000      98.73    97.7800     0.0699      98816    6.09603    0.00000    34.9252    34.9244         93 0.0000e+00
   2178.000   2146.305     2.9087     2.9088  32.455912  32.455343    6.09482     1.7339 3.3077e+02    -0.0618     0.0000      98.73    97.7685     0.0698      98900    6.09471    0.00000    34.9249    34.9241         61 0.0000e+00
   2176.000   2144.344     2.9128     2.9127  32.458972  32.457924    6.09216     1.7339 3.3054e+02    -0.0613     0.0000      98.73    97.7731     0.0700      98948    6.09233    0.00000    34.9252    34.9240         48 0.0000e+00
   2174.000   2142.383     2.9177     2.9178  32.462851  32.462211    6.09050     1.7339 3.2817e+02    -0.0615     0.0000      98.73    97.7748     0.0700      99037    6.08993    0.00000    34.9256    34.9247         85 0.0000e+00
   2172.000   2140.422     2.9232     2.9215  32.466790  32.464583    6.08816     1.7339 3.2584e+02    -0.0615     0.0000      98.73    97.7756     0.0707      99136    6.08735    0.00000    34.9255    34.9246         59 0.0000e+00
   2170.000   2138.461     2.9249     2.9247  32.467459  32.466548    6.08611     1.7340 3.2431e+02    -0.0609     0.0000      98.73    97.7738     0.0707      99184    6.08592    0.00000    34.9254    34.9245         46 0.0000e+00
   2168.000   2136.500     2.9258     2.9264  32.467280  32.467068    6.08413     1.7340 3.2281e+02    -0.0610     0.0000      98.73    97.7737     0.0703      99228    6.08423    0.00000    34.9252    34.9243         43 0.0000e+00
   2166.000   2134.540     2.9284     2.9288  32.468824  32.468456    6.08696     1.7349 3.2153e+02    -0.0621     0.0000      98.73    97.7734     0.0700      99274    6.08688    0.00000    34.9252    34.9243         52 0.0000e+00
   2164.000   2132.579     2.9325     2.9320  32.471484  32.470253    6.08607     1.7352 3.2056e+02    -0.0613     0.0000      98.73    97.7731     0.0701      99333    6.08591    0.00000    34.9250    34.9240         62 0.0000e+00
   2162.000   2130.617     2.9357     2.9353  32.473474  32.472431    6.08523     1.7354 3.1955e+02    -0.0616     0.0000      98.73    97.7742     0.0703      99393    6.08458    0.00000    34.9249    34.9241         55 0.0000e+00
   2160.000   2128.656     2.9358     2.9365  32.472877  32.472609    6.08569     1.7359 3.1850e+02    -0.0615     0.0000      98.73    97.7716     0.0703      99439    6.08567    0.00000    34.9251    34.9240         41 0.0000e+00
   2158.000   2126.695     2.9372     2.9376  32.473340  32.473005    6.08658     1.7365 3.1627e+02    -0.0606     0.0000      98.73    97.7739     0.0701      99485    6.08666    0.00000    34.9252    34.9242         56 0.0000e+00
   2156.000   2124.734     2.9388     2.9393  32.474090  32.473725    6.08708     1.7369 3.1361e+02    -0.0614     0.0000      98.73    97.7763     0.0700      99545    6.08708    0.00000    34.9253    34.9243         52 0.0000e+00
   2154.000   2122.773     2.9420     2.9423  32.476457  32.475592    6.08382     1.7367 3.1373e+02    -0.0609     0.0000      98.73    97.7771     0.0702      99586    6.08384    0.00000    34.9256    34.9243         34 0.0000e+00
   2152.000   2120.812     2.9454     2.9460  32.478550  32.478302    6.08189     1.7368 3.1286e+02    -0.0618     0.0000      98.73    97.7758     0.0700      99618    6.08190    0.00000    34.9255    34.9245         33 0.0000e+00
   2150.000   2118.851     2.9467     2.9473  32.478873  32.478714    6.08243     1.7372 3.1191e+02    -0.0599     0.0000      98.73    97.7736     0.0700      99657    6.08235    0.00000    34.9254    34.9247         53 0.0000e+00
   2148.000   2116.890     2.9469     2.9475  32.478075  32.478031    6.08338     1.7377 3.0963e+02    -0.0617     0.0000      98.73    97.7728     0.0703      99737    6.08335    0.00000    34.9253    34.9246         81 0.0000e+00
   2146.000   2114.929     2.9473     2.9477  32.477579  32.477188    6.08177     1.7377 3.0809e+02    -0.0602     0.0000      98.73    97.7751     0.0702      99790    6.08157    0.00000    34.9252    34.9243         42 0.0000e+00
   2144.000   2112.967     2.9497     2.9504  32.478959  32.478613    6.07992     1.7377 3.0668e+02    -0.0615     0.0000      98.73    97.7679     0.0701      99830    6.07972    0.00000    34.9253    34.9242         39 0.0000e+00
