Ship_data/Irminger/Irminger-2/ctd/process/OOI/uat30_007.cnv
* Sea-Bird SBE 9 Data File:
* FileName = C:\data\ctd\at30_007.hex
* Software Version Seasave V 7.21f
* Temperature SN = 2265
* Conductivity SN = 3021
* Number of Bytes Per Scan = 40
* Number of Voltage Words = 5
* Number of Scans Averaged by the Deck Unit = 1
* NMEA Latitude = 59 46.29 N
* NMEA Longitude = 039 52.92 W
* NMEA UTC (Time) = Aug 17 2015  23:01:49
** Site of FLMA 2015 -- need to confirm bottom depth
# nquan = 21
# nvalues = 1360                        
# units = specified
# name 0 = prDM: Pressure, Digiquartz [db]
# name 1 = depSM: Depth [salt water, m]
# name 2 = t090C: Temperature [ITS-90, deg C]
# name 3 = t190C: Temperature, 2 [ITS-90, deg C]
# name 4 = c0mS/cm: Conductivity [mS/cm]
# name 5 = c1mS/cm: Conductivity, 2 [mS/cm]
# name 6 = sbeox0ML/L: Oxygen, SBE 43 [ml/l]
# name 7 = sbeox0V: Oxygen raw, SBE 43 [V]
# name 8 = spar: SPAR/Surface Irradiance
# name 9 = flECO-AFL: Fluorescence, WET Labs ECO-AFL/FL [mg/m^3]
# name 10 = v2: Voltage 2
# name 11 = altM: Altimeter [m]
# name 12 = CStarTr0: Beam Transmission, WET Labs C-Star [%]
# name 13 = turbWETntu0: Turbidity, WET Labs ECO [NTU]
# name 14 = scan: Scan Count
# name 15 = sbeox0ML/L: Oxygen, SBE 43 [ml/l], WS = 2
# name 16 = sbeox0dOV/dT: Oxygen, SBE 43 [dov/dt], WS = 2
# name 17 = sal00: Salinity, Practical [PSU]
# name 18 = sal11: Salinity, Practical, 2 [PSU]
# name 19 = nbin: number of scans per bin
# name 20 = flag: flag
# span 0 =      2.000,   2720.000       
# span 1 =      1.981,   2677.089       
# span 2 =     1.4894,     8.5070       
# span 3 =     1.4904,     8.5061       
# span 4 =  31.398456,  36.557574       
# span 5 =  31.399026,  36.552659       
# span 6 =    6.01650,    6.79566       
# span 7 =     1.6894,     2.5338       
# span 8 = 2.1820e+01, 2.2311e+01       
# span 9 =    -0.0245,    -0.0221       
# span 10 =     0.0000,     0.0000      
# span 11 =       9.92,      99.45      
# span 12 =    94.0661,    97.8162      
# span 13 =     0.0755,     0.0755      
# span 14 =      77993,     153168      
# span 15 =    6.01591,    6.79520      
# span 16 =    0.00000,    0.00000      
# span 17 =    34.8596,    34.9332      
# span 18 =    34.8585,    34.9327      
# span 19 =         30,        136      
# span 20 = 0.0000e+00, 0.0000e+00      
# interval = decibars: 2                
# start_time = Aug 17 2015 23:01:49 [NMEA time, header]
# bad_flag = -9.990e-29
*END*
[from data line 690]
   1340.000   1323.131     3.6455     3.6443  32.769844  32.768579    6.02444     1.8861 2.2169e+01    -0.0231     0.0000      98.78    97.7626     0.0755     112485    6.02438    0.00000    34.9290    34.9288         54 0.0000e+00
   1338.000   1321.163     3.6472     3.6462  32.770166  32.769359    6.02513     1.8867 2.2051e+01    -0.0231     0.0000      98.78    97.7585     0.0755     112532    6.02503    0.00000    34.9286    34.9287         42 0.0000e+00
   1336.000   1319.194     3.6477     3.6476  32.769622  32.769490    6.02428     1.8868 2.2092e+01    -0.0229     0.0000      98.78    97.7585     0.0755     112576    6.02421    0.00000    34.9285    34.9284         49 0.0000e+00
   1334.000   1317.226     3.6492     3.6483  32.770339  32.769311    6.02268     1.8869 2.2017e+01    -0.0236     0.0000      98.78    97.7630     0.0755     112632    6.02262    0.00000    34.9286    34.9285         59 0.0000e+00
   1332.000   1315.257     3.6518     3.6510  32.771757  32.770821    6.02252     1.8873 2.2052e+01    -0.0236     0.0000      98.78    97.7647     0.0755     112682    6.02248    0.00000    34.9287    34.9283         42 0.0000e+00
   1330.000   1313.289     3.6534     3.6531  32.772539  32.772086    6.02382     1.8880 2.2080e+01    -0.0240     0.0000      98.78    97.7581     0.0755     112729    6.02372    0.00000    34.9289    34.9286         64 0.0000e+00
   1328.000   1311.320     3.6542     3.6536  32.772378  32.771672    6.02673     1.8890 2.2131e+01    -0.0236     0.0000      98.78    97.7598     0.0755     112800    6.02656    0.00000    34.9288    34.9286         54 0.0000e+00
   1326.000   1309.351     3.6591     3.6586  32.776073  32.775218    6.02385     1.8889 2.2000e+01    -0.0238     0.0000      98.78    97.7585     0.0755     112839    6.02373    0.00000    34.9290    34.9285         38 0.0000e+00
   1324.000   1307.382     3.6589     3.6595  32.774956  32.775468    6.02329     1.8892 2.2086e+01    -0.0237     0.0000      98.78    97.7585     0.0755     112883    6.02318    0.00000    34.9290    34.9289         52 0.0000e+00
   1322.000   1305.414     3.6589     3.6585  32.774119  32.773696    6.02192     1.8892 2.2050e+01    -0.0231     0.0000      98.78    97.7585     0.0755     112942    6.02177    0.00000    34.9289    34.9288         59 0.0000e+00
   1320.000   1303.445     3.6646     3.6635  32.778587  32.777291    6.02248     1.8897 2.2052e+01    -0.0236     0.0000      98.78    97.7585     0.0755     112994    6.02142    0.00000    34.9293    34.9288         48 0.0000e+00
   1318.000   1301.476     3.6664     3.6663  32.779288  32.779184    6.02298     1.8904 2.2052e+01    -0.0235     0.0000      98.78    97.7585     0.0755     113041    6.02282    0.00000    34.9292    34.9292         49 0.0000e+00
   1316.000   1299.508     3.6640     3.6652  32.775793  32.777101    6.02477     1.8911 2.2085e+01    -0.0240     0.0000      98.78    97.7450     0.0755     113095    6.02462    0.00000    34.9286    34.9288         59 0.0000e+00
   1314.000   1297.539     3.6649     3.6648  32.775550  32.775579    6.02200     1.8909 2.2010e+01    -0.0232     0.0000      98.78    97.7549     0.0755     113152    6.02189    0.00000    34.9283    34.9285         50 0.0000e+00
   1312.000   1295.570     3.6693     3.6680  32.778678  32.777172    6.02216     1.8914 2.2051e+01    -0.0232     0.0000      98.78    97.7562     0.0755     113197    6.02202    0.00000    34.9283    34.9280         46 0.0000e+00
   1310.000   1293.601     3.6694     3.6701  32.777629  32.778399    6.02646     1.8927 2.2052e+01    -0.0230     0.0000      98.78    97.7585     0.0755     113251    6.02625    0.00000    34.9280    34.9282         58 0.0000e+00
   1308.000   1291.632     3.6680     3.6686  32.775068  32.775807    6.02601     1.8929 2.2097e+01    -0.0232     0.0000      98.78    97.7601     0.0755     113302    6.02582    0.00000    34.9275    34.9277         45 0.0000e+00
   1306.000   1289.664     3.6706     3.6696  32.776685  32.775624    6.02655     1.8935 2.2129e+01    -0.0232     0.0000      98.78    97.7638     0.0755     113350    6.02628    0.00000    34.9276    34.9274         52 0.0000e+00
   1304.000   1287.695     3.6724     3.6709  32.777680  32.776072    6.02483     1.8936 2.1952e+01    -0.0225     0.0000      98.78    97.7660     0.0755     113405    6.02460    0.00000    34.9279    34.9276         59 0.0000e+00
   1302.000   1285.726     3.6741     3.6733  32.778254  32.777416    6.02131     1.8932 2.2014e+01    -0.0226     0.0000      98.78    97.7655     0.0755     113463    6.02118    0.00000    34.9279    34.9277         51 0.0000e+00
   1300.000   1283.757     3.6748     3.6747  32.777690  32.777606    6.02156     1.8936 2.2051e+01    -0.0228     0.0000      98.78    97.7579     0.0755     113507    6.02140    0.00000    34.9274    34.9274         42 0.0000e+00
   1298.000   1281.788     3.6762     3.6756  32.778306  32.777620    6.02261     1.8943 2.1919e+01    -0.0230     0.0000      98.78    97.7534     0.0755     113556    6.02241    0.00000    34.9276    34.9275         58 0.0000e+00
   1296.000   1279.819     3.6790     3.6775  32.779844  32.778503    6.02468     1.8952 2.2017e+01    -0.0227     0.0000      98.78    97.7537     0.0755     113615    6.02444    0.00000    34.9276    34.9275         53 0.0000e+00
   1294.000   1277.850     3.6788     3.6787  32.778449  32.778375    6.02473     1.8955 2.2052e+01    -0.0234     0.0000      98.78    97.7592     0.0755     113664    6.02449    0.00000    34.9271    34.9271         49 0.0000e+00
   1292.000   1275.881     3.6792     3.6794  32.777911  32.778041    6.02767     1.8966 2.2017e+01    -0.0236     0.0000      98.78    97.7583     0.0755     113717    6.02740    0.00000    34.9270    34.9270         57 0.0000e+00
   1290.000   1273.912     3.6812     3.6805  32.778613  32.777903    6.02706     1.8969 2.2149e+01    -0.0243     0.0000      98.78    97.7585     0.0755     113768    6.02689    0.00000    34.9268    34.9267         43 0.0000e+00
   1288.000   1271.943     3.6841     3.6834  32.780238  32.779451    6.02864     1.8977 2.2057e+01    -0.0230     0.0000      98.78    97.7585     0.0755     113811    6.02837    0.00000    34.9266    34.9264         51 0.0000e+00
   1286.000   1269.974     3.6857     3.6853  32.780923  32.780479    6.02758     1.8976 2.2089e+01    -0.0238     0.0000      98.78    97.7587     0.0755     113875    6.02612    0.00000    34.9267    34.9267         60 0.0000e+00
   1284.000   1268.005     3.6883     3.6881  32.782446  32.781803    6.02724     1.8983 2.2052e+01    -0.0234     0.0000      98.78    97.7651     0.0755     113919    6.02710    0.00000    34.9267    34.9263         38 0.0000e+00
   1282.000   1266.036     3.6890     3.6891  32.782427  32.782255    6.02922     1.8991 2.2026e+01    -0.0236     0.0000      98.78    97.7607     0.0755     113969    6.02919    0.00000    34.9270    34.9267         71 0.0000e+00
   1280.000   1264.067     3.6904     3.6903  32.782733  32.782312    6.02721     1.8990 2.2183e+01    -0.0237     0.0000      98.78    97.7584     0.0755     114035    6.02691    0.00000    34.9269    34.9266         48 0.0000e+00
   1278.000   1262.098     3.6945     3.6935  32.785311  32.784347    6.02753     1.8997 2.2100e+01    -0.0238     0.0000      98.78    97.7585     0.0755     114077    6.02739    0.00000    34.9267    34.9266         42 0.0000e+00
   1276.000   1260.129     3.6968     3.6957  32.786032  32.785198    6.02712     1.9000 2.1889e+01    -0.0237     0.0000      98.78    97.7585     0.0755     114122    6.02710    0.00000    34.9261    34.9262         48 0.0000e+00
   1274.000   1258.159     3.6974     3.6962  32.785617  32.784682    6.02900     1.9008 2.2050e+01    -0.0234     0.0000      98.78    97.7610     0.0755     114178    6.02894    0.00000    34.9259    34.9261         64 0.0000e+00
   1272.000   1256.190     3.6979     3.6976  32.785115  32.784790    6.02990     1.9014 2.2052e+01    -0.0232     0.0000      98.78    97.7641     0.0755     114235    6.02985    0.00000    34.9258    34.9258         46 0.0000e+00
   1270.000   1254.221     3.7003     3.7000  32.786423  32.786012    6.02923     1.9017 2.2300e+01    -0.0228     0.0000      98.78    97.7588     0.0755     114276    6.02917    0.00000    34.9258    34.9257         40 0.0000e+00
   1268.000   1252.252     3.7014     3.7008  32.786705  32.786154    6.03312     1.9030 2.2188e+01    -0.0232     0.0000      98.78    97.7589     0.0755     114324    6.03297    0.00000    34.9261    34.9260         62 0.0000e+00
   1266.000   1250.283     3.7035     3.7011  32.787876  32.785589    6.03834     1.9046 2.2135e+01    -0.0231     0.0000      98.78    97.7574     0.0755     114397    6.03805    0.00000    34.9262    34.9260         71 0.0000e+00
   1264.000   1248.313     3.7041     3.7044  32.787143  32.787398    6.03565     1.9044 2.2000e+01    -0.0226     0.0000      98.78    97.7578     0.0755     114453    6.03543    0.00000    34.9257    34.9257         43 0.0000e+00
   1262.000   1246.344     3.7037     3.7045  32.785643  32.786155    6.03442     1.9044 2.1930e+01    -0.0237     0.0000      98.78    97.7592     0.0755     114489    6.03422    0.00000    34.9254    34.9252         33 0.0000e+00
   1260.000   1244.375     3.7030     3.7037  32.783677  32.784379    6.03486     1.9049 2.2049e+01    -0.0237     0.0000      98.78    97.7585     0.0755     114523    6.03466    0.00000    34.9248    34.9249         36 0.0000e+00
   1258.000   1242.406     3.7031     3.7035  32.783140  32.783475    6.04047     1.9065 2.2031e+01    -0.0232     0.0000      98.78    97.7585     0.0755     114582    6.04029    0.00000    34.9250    34.9250         89 0.0000e+00
   1256.000   1240.436     3.7043     3.7044  32.783098  32.782918    6.04167     1.9072 2.2141e+01    -0.0231     0.0000      98.78    97.7585     0.0755     114656    6.04166    0.00000    34.9248    34.9245         47 0.0000e+00
   1254.000   1238.467     3.7127     3.7111  32.790226  32.788258    6.03676     1.9067 2.2053e+01    -0.0232     0.0000      98.78    97.7585     0.0755     114696    6.03651    0.00000    34.9253    34.9247         39 0.0000e+00
   1252.000   1236.497     3.7131     3.7131  32.789432  32.789652    6.03591     1.9069 2.2084e+01    -0.0227     0.0000      98.78    97.7585     0.0755     114743    6.03564    0.00000    34.9250    34.9252         59 0.0000e+00
   1250.000   1234.528     3.7127     3.7120  32.787951  32.787538    6.03551     1.9072 2.2137e+01    -0.0228     0.0000      98.78    97.7585     0.0755     114803    6.03526    0.00000    34.9246    34.9248         48 0.0000e+00
   1248.000   1232.559     3.7079     3.7091  32.781473  32.783024    6.03699     1.9077 2.2098e+01    -0.0239     0.0000      98.78    97.7585     0.0755     114846    6.03674    0.00000    34.9231    34.9236         44 0.0000e+00
   1246.000   1230.589     3.7063     3.7069  32.778784  32.779621    6.04124     1.9089 2.2129e+01    -0.0230     0.0000      98.78    97.7588     0.0755     114894    6.04102    0.00000    34.9225    34.9229         52 0.0000e+00
   1244.000   1228.620     3.7087     3.7077  32.780334  32.779291    6.04579     1.9105 2.2018e+01    -0.0228     0.0000      98.78    97.7632     0.0755     114949    6.04571    0.00000    34.9228    34.9227         58 0.0000e+00
   1242.000   1226.651     3.7117     3.7101  32.782157  32.780674    6.05081     1.9121 2.2012e+01    -0.0229     0.0000      98.78    97.7656     0.0755     115004    6.05059    0.00000    34.9228    34.9228         50 0.0000e+00
   1240.000   1224.681     3.7111     3.7116  32.779996  32.780848    6.05207     1.9127 2.2051e+01    -0.0234     0.0000      98.78    97.7630     0.0755     115058    6.05184    0.00000    34.9219    34.9224         63 0.0000e+00
   1238.000   1222.711     3.7097     3.7108  32.777294  32.778544    6.05591     1.9139 2.2097e+01    -0.0237     0.0000      98.78    97.7589     0.0755     115117    6.05573    0.00000    34.9212    34.9216         46 0.0000e+00
   1236.000   1220.742     3.7085     3.7095  32.774957  32.775800    6.05685     1.9144 2.2052e+01    -0.0229     0.0000      98.78    97.7585     0.0755     115155    6.05680    0.00000    34.9207    34.9207         35 0.0000e+00
   1234.000   1218.772     3.7079     3.7084  32.773388  32.773835    6.06064     1.9156 2.2079e+01    -0.0234     0.0000      98.78    97.7549     0.0755     115200    6.06051    0.00000    34.9205    34.9205         66 0.0000e+00
   1232.000   1216.803     3.7077     3.7083  32.772244  32.772853    6.06761     1.9176 2.2050e+01    -0.0233     0.0000      98.78    97.7571     0.0755     115268    6.06743    0.00000    34.9204    34.9205         51 0.0000e+00
   1230.000   1214.833     3.7074     3.7080  32.770488  32.771156    6.07020     1.9185 2.2099e+01    -0.0233     0.0000      98.78    97.7621     0.0755     115311    6.06996    0.00000    34.9196    34.9198         42 0.0000e+00
   1228.000   1212.864     3.7061     3.7071  32.768068  32.769308    6.07413     1.9197 2.2149e+01    -0.0240     0.0000      98.78    97.7586     0.0755     115362    6.07387    0.00000    34.9192    34.9195         61 0.0000e+00
   1226.000   1210.894     3.7031     3.7058  32.763795  32.766828    6.07598     1.9204 2.2050e+01    -0.0234     0.0000      98.78    97.7621     0.0755     115421    6.07588    0.00000    34.9182    34.9190         53 0.0000e+00
   1224.000   1208.925     3.7014     3.7030  32.760883  32.762717    6.07765     1.9211 2.2093e+01    -0.0229     0.0000      98.78    97.7653     0.0755     115471    6.07756    0.00000    34.9176    34.9181         49 0.0000e+00
   1222.000   1206.955     3.6989     3.7008  32.757103  32.759278    6.08354     1.9227 2.2052e+01    -0.0231     0.0000      98.78    97.7591     0.0755     115519    6.08340    0.00000    34.9168    34.9173         47 0.0000e+00
   1220.000   1204.985     3.6979     3.6993  32.754935  32.756528    6.08635     1.9236 2.2146e+01    -0.0239     0.0000      98.78    97.7585     0.0755     115564    6.08618    0.00000    34.9163    34.9167         43 0.0000e+00
   1218.000   1203.016     3.6982     3.6985  32.754480  32.754662    6.09388     1.9258 2.2142e+01    -0.0233     0.0000      98.78    97.7585     0.0755     115615    6.09382    0.00000    34.9164    34.9163         67 0.0000e+00
   1216.000   1201.046     3.6994     3.6994  32.754709  32.754703    6.09834     1.9272 2.2199e+01    -0.0236     0.0000      98.78    97.7585     0.0755     115685    6.09827    0.00000    34.9165    34.9164         56 0.0000e+00
   1214.000   1199.076     3.6991     3.7000  32.753186  32.753943    6.09964     1.9278 2.2054e+01    -0.0234     0.0000      98.78    97.7585     0.0755     115729    6.09954    0.00000    34.9159    34.9159         43 0.0000e+00
   1212.000   1197.106     3.6968     3.6983  32.749617  32.751273    6.09930     1.9280 2.2016e+01    -0.0232     0.0000      98.78    97.7585     0.0755     115779    6.09923    0.00000    34.9152    34.9155         56 0.0000e+00
   1210.000   1195.137     3.6959     3.6975  32.747504  32.749408    6.09841     1.9282 2.2053e+01    -0.0233     0.0000      98.78    97.7585     0.0755     115830    6.09834    0.00000    34.9146    34.9151         42 0.0000e+00
   1208.000   1193.167     3.6919     3.6937  32.742140  32.744242    6.10339     1.9295 2.1952e+01    -0.0236     0.0000      98.78    97.7585     0.0755     115868    6.10323    0.00000    34.9134    34.9140         39 0.0000e+00
   1206.000   1191.197     3.6913     3.6918  32.740838  32.741361    6.11395     1.9323 2.2053e+01    -0.0232     0.0000      98.78    97.7585     0.0755     115932    6.11384    0.00000    34.9136    34.9136         71 0.0000e+00
