Ship_data/Irminger/Irminger-2/ctd/process/OOI/uat30_009.cnv
* Sea-Bird SBE 9 Data File:
* FileName = C:\data\ctd\at30_009.hex
* Software Version Seasave V 7.21f
* Temperature SN = 2265
* Conductivity SN = 3021
* Number of Bytes Per Scan = 40
* Number of Voltage Words = 5
* Number of Scans Averaged by the Deck Unit = 1
* NMEA Latitude = 59 42.40 N
* NMEA Longitude = 039 19.92 W
* NMEA UTC (Time) = Aug 19 2015  15:06:00
** FLMB 1 for cal
# nquan = 21
# nvalues = 1427                        
# units = specified
# name 0 = prDM: Pressure, Digiquartz [db]
# name 1 = depSM: Depth [salt water, m]
# name 2 = t090C: Temperature [ITS-90, deg C]
# name 3 = t190C: Temperature, 2 [ITS-90, deg C]
# name 4 = c0mS/cm: Conductivity [mS/cm]
# name 5 = c1mS/cm: Conductivity, 2 [mS/cm]
# name 6 = sbeox0ML/L: Oxygen, SBE 43 [ml/l]
# name 7 = sbeox0V: Oxygen raw, SBE 43 [V]
# name 8 = spar: SPAR/Surface Irradiance
# name 9 = flECO-AFL: Fluorescence, WET Labs ECO-AFL/FL [mg/m^3]
# name 10 = v2: Voltage 2
# name 11 = altM: Altimeter [m]
# name 12 = CStarTr0: Beam Transmission, WET Labs C-Star [%]
# name 13 = turbWETntu0: Turbidity, WET Labs ECO [NTU]
# name 14 = scan: Scan Count
# name 15 = sbeox0ML/L: Oxygen, SBE 43 [ml/l], WS = 2
# name 16 = sbeox0dOV/dT: Oxygen, SBE 43 [dov/dt], WS = 2
# name 17 = sal00: Salinity, Practical [PSU]
# name 18 = sal11: Salinity, Practical, 2 [PSU]
# name 19 = nbin: number of scans per bin
# name 20 = flag: flag
# span 0 =      2.000,   2854.000       
# span 1 =      1.981,   2808.119       
# span 2 =     1.5439,     8.3154       
# span 3 =     1.5445,     8.3160       
# span 4 =  31.498941,  36.365458       
# span 5 =  31.498952,  36.365679       
# span 6 =    5.99556,    6.66004       
# span 7 =     1.6702,     2.5212       
# span 8 = 2.5073e+02, 3.8382e+02       
# span 9 =    -0.0213,    -0.0179       
# span 10 =     0.0000,     0.0000      
# span 11 =      16.56,     100.45      
# span 12 =    92.7624,    97.6017      
# span 13 =     0.0731,     0.0731      
# span 14 =      80273,     191069      
# span 15 =    5.99521,    6.65972      
# span 16 =    0.00000,    0.00000      
# span 17 =    34.8422,    34.9409      
# span 18 =    34.8407,    34.9411      
# span 19 =         25,        123      
# span 20 = 0.0000e+00, 0.0000e+00      
# interval = decibars: 2                
# start_time = Aug 19 2015 15:06:00 [NMEA time, header]
# bad_flag = -9.990e-29
*END*
[from data line 828]
   1198.000   1183.324     3.5137     3.5145  32.546298  32.547127    6.45963     2.0057 2.7805e+02    -0.0199     0.0000      98.78    97.5339     0.0731     135785    6.45944    0.00000    34.8743    34.8745         62 0.0000e+00
   1196.000   1181.354     3.5137     3.5143  32.545470  32.546068    6.47146     2.0088 2.7676e+02    -0.0191     0.0000      98.78    97.5328     0.0731     135852    6.47129    0.00000    34.8743    34.8744         61 0.0000e+00
   1194.000   1179.384     3.5086     3.5106  32.539210  32.541305    6.47744     2.0103 2.7643e+02    -0.0198     0.0000      98.78    97.5278     0.0731     135903    6.47715    0.00000    34.8733    34.8736         46 0.0000e+00
   1192.000   1177.414     3.5039     3.5055  32.533614  32.535349    6.48740     2.0128 2.7601e+02    -0.0199     0.0000      98.78    97.5271     0.0731     135967    6.48728    0.00000    34.8726    34.8730         69 0.0000e+00
   1190.000   1175.444     3.5031     3.5040  32.531797  32.532742    6.49557     2.0150 2.7477e+02    -0.0196     0.0000      98.78    97.5259     0.0731     136056    6.49533    0.00000    34.8723    34.8724         58 0.0000e+00
   1188.000   1173.474     3.5026     3.5034  32.530485  32.531252    6.50092     2.0166 2.7583e+02    -0.0199     0.0000      98.78    97.5244     0.0731     136116    6.50086    0.00000    34.8723    34.8724         68 0.0000e+00
   1186.000   1171.504     3.5014     3.5023  32.528434  32.529273    6.50508     2.0179 2.7506e+02    -0.0194     0.0000      98.78    97.5276     0.0731     136241    6.50500    0.00000    34.8721    34.8722         78 0.0000e+00
   1184.000   1169.534     3.5006     3.5015  32.526595  32.527463    6.51356     2.0203 2.7599e+02    -0.0198     0.0000      98.78    97.5299     0.0731     136394    6.51375    0.00000    34.8718    34.8719         65 0.0000e+00
   1182.000   1167.564     3.5001     3.5007  32.525285  32.525873    6.51370     2.0206 2.7606e+02    -0.0190     0.0000      98.78    97.5253     0.0731     136527    6.51349    0.00000    34.8718    34.8719         86 0.0000e+00
   1180.000   1165.595     3.4990     3.4998  32.523278  32.524095    6.51800     2.0219 2.7512e+02    -0.0200     0.0000      98.78    97.5263     0.0731     136711    6.51753    0.00000    34.8715    34.8717         92 0.0000e+00
   1178.000   1163.624     3.4981     3.4989  32.521368  32.522157    6.51690     2.0220 2.7635e+02    -0.0206     0.0000      98.78    97.5009     0.0731     136923    6.51673    0.00000    34.8713    34.8714         77 0.0000e+00
   1176.000   1161.654     3.4977     3.4982  32.520115  32.520645    6.52721     2.0248 2.7852e+02    -0.0193     0.0000      98.78    97.5329     0.0731     137386    6.52704    0.00000    34.8712    34.8713         88 0.0000e+00
   1174.000   1159.684     3.4980     3.4983  32.519478  32.519957    6.52899     2.0256 2.7865e+02    -0.0197     0.0000      98.78    97.5216     0.0731     138540    6.52880    0.00000    34.8712    34.8714        102 0.0000e+00
   1172.000   1157.714     3.4975     3.4981  32.518229  32.518844    6.52871     2.0259 2.7681e+02    -0.0202     0.0000      98.78    97.5280     0.0731     138955    6.52843    0.00000    34.8712    34.8713         73 0.0000e+00
   1170.000   1155.744     3.4975     3.4979  32.517296  32.517747    6.53002     2.0266 2.7652e+02    -0.0204     0.0000      98.78    97.5260     0.0731     139017    6.52975    0.00000    34.8711    34.8712         68 0.0000e+00
   1168.000   1153.774     3.4975     3.4980  32.516280  32.516860    6.53033     2.0270 2.7495e+02    -0.0203     0.0000      98.78    97.5240     0.0731     139118    6.53011    0.00000    34.8709    34.8711         54 0.0000e+00
   1166.000   1151.804     3.4970     3.4975  32.514987  32.515456    6.52867     2.0270 2.7510e+02    -0.0195     0.0000      98.78    97.5230     0.0731     139169    6.52848    0.00000    34.8710    34.8710         57 0.0000e+00
   1164.000   1149.833     3.4978     3.4974  32.514885  32.514670    6.53123     2.0280 2.7478e+02    -0.0198     0.0000      98.78    97.5246     0.0731     139234    6.53099    0.00000    34.8710    34.8711         69 0.0000e+00
   1162.000   1147.863     3.4994     3.4989  32.515584  32.515118    6.53239     2.0288 2.7413e+02    -0.0201     0.0000      98.78    97.5274     0.0731     139295    6.53218    0.00000    34.8712    34.8711         52 0.0000e+00
   1160.000   1145.893     3.5009     3.5008  32.516294  32.516210    6.53437     2.0297 2.7319e+02    -0.0197     0.0000      98.78    97.5312     0.0731     139345    6.53406    0.00000    34.8714    34.8714         54 0.0000e+00
   1158.000   1143.923     3.5046     3.5027  32.519196  32.517383    6.53236     2.0298 2.7240e+02    -0.0197     0.0000      98.78    97.5284     0.0731     139404    6.53208    0.00000    34.8720    34.8718         57 0.0000e+00
   1156.000   1141.953     3.5100     3.5079  32.523881  32.521453    6.52877     2.0296 2.7236e+02    -0.0200     0.0000      98.78    97.5280     0.0731     139452    6.52855    0.00000    34.8729    34.8722         43 0.0000e+00
   1154.000   1139.982     3.5126     3.5123  32.525641  32.525416    6.52667     2.0296 2.7181e+02    -0.0196     0.0000      98.78    97.5303     0.0731     139500    6.52646    0.00000    34.8732    34.8732         55 0.0000e+00
   1152.000   1138.012     3.5114     3.5117  32.523491  32.523954    6.52364     2.0292 2.7079e+02    -0.0188     0.0000      98.78    97.5258     0.0731     139551    6.52351    0.00000    34.8729    34.8731         41 0.0000e+00
   1150.000   1136.042     3.5115     3.5118  32.522645  32.522956    6.51917     2.0286 2.7114e+02    -0.0200     0.0000      98.78    97.5323     0.0731     139588    6.51914    0.00000    34.8729    34.8729         39 0.0000e+00
   1148.000   1134.072     3.5115     3.5118  32.522034  32.522323    6.51589     2.0282 2.7063e+02    -0.0205     0.0000      98.78    97.5226     0.0731     139655    6.51568    0.00000    34.8731    34.8732         66 0.0000e+00
   1146.000   1132.101     3.5126     3.5126  32.522098  32.522012    6.51454     2.0283 2.6949e+02    -0.0204     0.0000      98.78    97.5261     0.0731     139706    6.51423    0.00000    34.8730    34.8729         34 0.0000e+00
   1144.000   1130.131     3.5135     3.5135  32.522117  32.522105    6.51519     2.0289 2.7049e+02    -0.0197     0.0000      98.78    97.5355     0.0731     139742    6.51503    0.00000    34.8732    34.8732         43 0.0000e+00
   1142.000   1128.160     3.5134     3.5135  32.521217  32.521503    6.51778     2.0300 2.7053e+02    -0.0203     0.0000      98.78    97.5317     0.0731     139796    6.51773    0.00000    34.8732    34.8734         58 0.0000e+00
   1140.000   1126.190     3.5117     3.5125  32.518428  32.519393    6.51882     2.0305 2.6964e+02    -0.0193     0.0000      98.78    97.5323     0.0731     139846    6.51867    0.00000    34.8727    34.8730         46 0.0000e+00
   1138.000   1124.219     3.5097     3.5107  32.515369  32.516569    6.52142     2.0314 2.6890e+02    -0.0196     0.0000      98.78    97.5212     0.0731     139899    6.52136    0.00000    34.8722    34.8725         57 0.0000e+00
   1136.000   1122.249     3.5090     3.5103  32.513775  32.515182    6.52332     2.0322 2.6872e+02    -0.0192     0.0000      98.78    97.5363     0.0731     139948    6.52323    0.00000    34.8721    34.8723         41 0.0000e+00
   1134.000   1120.279     3.5087     3.5093  32.512632  32.513196    6.52548     2.0331 2.6845e+02    -0.0191     0.0000      98.78    97.5290     0.0731     139988    6.52533    0.00000    34.8721    34.8721         43 0.0000e+00
   1132.000   1118.308     3.5109     3.5103  32.514189  32.513621    6.52626     2.0337 2.6692e+02    -0.0204     0.0000      98.78    97.5264     0.0731     140047    6.52609    0.00000    34.8726    34.8725         69 0.0000e+00
   1130.000   1116.338     3.5140     3.5124  32.516423  32.514562    6.52625     2.0343 2.6602e+02    -0.0189     0.0000      98.78    97.5273     0.0731     140100    6.52605    0.00000    34.8730    34.8725         40 0.0000e+00
   1128.000   1114.367     3.5164     3.5161  32.517981  32.517662    6.52562     2.0346 2.6532e+02    -0.0189     0.0000      98.78    97.5240     0.0731     140144    6.52545    0.00000    34.8733    34.8732         54 0.0000e+00
   1126.000   1112.396     3.5160     3.5165  32.516574  32.517158    6.52412     2.0346 2.6468e+02    -0.0198     0.0000      98.78    97.5297     0.0731     140200    6.52356    0.00000    34.8731    34.8732         48 0.0000e+00
   1124.000   1110.426     3.5152     3.5159  32.514857  32.515463    6.52158     2.0345 2.6462e+02    -0.0186     0.0000      98.78    97.5292     0.0731     140240    6.52176    0.00000    34.8729    34.8728         38 0.0000e+00
   1122.000   1108.455     3.5125     3.5137  32.511097  32.512512    6.52063     2.0345 2.6426e+02    -0.0195     0.0000      98.78    97.5227     0.0731     140282    6.52062    0.00000    34.8723    34.8727         48 0.0000e+00
   1120.000   1106.485     3.5114     3.5126  32.509145  32.510499    6.52436     2.0357 2.6392e+02    -0.0201     0.0000      98.78    97.5305     0.0731     140339    6.52423    0.00000    34.8721    34.8725         61 0.0000e+00
   1118.000   1104.514     3.5078     3.5094  32.504467  32.506312    6.52567     2.0363 2.6450e+02    -0.0198     0.0000      98.78    97.5377     0.0731     140394    6.52596    0.00000    34.8714    34.8719         52 0.0000e+00
   1116.000   1102.544     3.5064     3.5067  32.502125  32.502378    6.52669     2.0369 2.6466e+02    -0.0194     0.0000      98.78    97.5315     0.0731     140450    6.52709    0.00000    34.8712    34.8711         56 0.0000e+00
   1114.000   1100.573     3.5116     3.5103  32.506665  32.505020    6.52703     2.0374 2.6559e+02    -0.0198     0.0000      98.78    97.5337     0.0731     140498    6.52635    0.00000    34.8721    34.8715         42 0.0000e+00
   1112.000   1098.603     3.5114     3.5121  32.505505  32.506188    6.52930     2.0384 2.6685e+02    -0.0196     0.0000      98.78    97.5312     0.0731     140539    6.52905    0.00000    34.8719    34.8720         42 0.0000e+00
   1110.000   1096.632     3.5106     3.5112  32.503932  32.504469    6.53190     2.0393 2.6757e+02    -0.0195     0.0000      98.78    97.5149     0.0731     140585    6.53165    0.00000    34.8719    34.8719         49 0.0000e+00
   1108.000   1094.661     3.5107     3.5111  32.503095  32.503497    6.53015     2.0393 2.6807e+02    -0.0200     0.0000      98.78    97.5251     0.0731     140631    6.52975    0.00000    34.8718    34.8719         43 0.0000e+00
   1106.000   1092.690     3.5093     3.5099  32.500974  32.501522    6.53102     2.0398 2.6889e+02    -0.0196     0.0000      98.78    97.5233     0.0731     140685    6.53026    0.00000    34.8718    34.8719         76 0.0000e+00
   1104.000   1090.719     3.5102     3.5101  32.500876  32.500811    6.53564     2.0414 2.7001e+02    -0.0188     0.0000      98.78    97.5278     0.0731     140756    6.53557    0.00000    34.8718    34.8718         48 0.0000e+00
   1102.000   1088.749     3.5121     3.5122  32.501957  32.502036    6.53840     2.0425 2.7088e+02    -0.0186     0.0000      98.78    97.5268     0.0731     140796    6.53836    0.00000    34.8721    34.8720         40 0.0000e+00
   1100.000   1086.778     3.5147     3.5142  32.503833  32.503098    6.53781     2.0429 2.7172e+02    -0.0197     0.0000      98.78    97.5231     0.0731     140839    6.53775    0.00000    34.8725    34.8722         44 0.0000e+00
   1098.000   1084.807     3.5189     3.5167  32.507164  32.504831    6.53507     2.0429 2.7276e+02    -0.0194     0.0000      98.78    97.5227     0.0731     140883    6.53503    0.00000    34.8731    34.8726         45 0.0000e+00
   1096.000   1082.836     3.5221     3.5212  32.509556  32.508575    6.53285     2.0429 2.7254e+02    -0.0196     0.0000      98.78    97.5235     0.0731     140935    6.53281    0.00000    34.8735    34.8734         59 0.0000e+00
   1094.000   1080.866     3.5253     3.5231  32.511810  32.509485    6.52634     2.0418 2.7250e+02    -0.0187     0.0000      98.78    97.5259     0.0731     140988    6.52610    0.00000    34.8739    34.8734         42 0.0000e+00
   1092.000   1078.895     3.5270     3.5270  32.512688  32.512501    6.52267     2.0415 2.7345e+02    -0.0195     0.0000      98.78    97.5263     0.0731     141029    6.52251    0.00000    34.8741    34.8740         47 0.0000e+00
   1090.000   1076.924     3.5286     3.5281  32.513341  32.512993    6.52252     2.0419 2.7312e+02    -0.0191     0.0000      98.78    97.5290     0.0731     141091    6.52216    0.00000    34.8743    34.8744         70 0.0000e+00
   1088.000   1074.953     3.5289     3.5286  32.512718  32.512303    6.51961     2.0417 2.7310e+02    -0.0194     0.0000      98.78    97.5287     0.0731     141151    6.51966    0.00000    34.8742    34.8741         48 0.0000e+00
   1086.000   1072.982     3.5287     3.5291  32.511692  32.511813    6.51805     2.0417 2.7368e+02    -0.0206     0.0000      98.78    97.5204     0.0731     141191    6.51802    0.00000    34.8742    34.8739         35 0.0000e+00
   1084.000   1071.011     3.5300     3.5301  32.512012  32.511958    6.51940     2.0425 2.7440e+02    -0.0193     0.0000      98.78    97.5230     0.0731     141225    6.51934    0.00000    34.8743    34.8741         37 0.0000e+00
   1082.000   1069.040     3.5308     3.5311  32.511965  32.512355    6.52366     2.0438 2.7405e+02    -0.0197     0.0000      98.78    97.5231     0.0731     141284    6.52348    0.00000    34.8744    34.8745         73 0.0000e+00
   1080.000   1067.069     3.5334     3.5325  32.513627  32.512506    6.52210     2.0440 2.7372e+02    -0.0194     0.0000      98.78    97.5231     0.0731     141336    6.52195    0.00000    34.8747    34.8743         35 0.0000e+00
   1078.000   1065.098     3.5367     3.5361  32.516146  32.515256    6.52347     2.0449 2.7458e+02    -0.0203     0.0000      98.78    97.5231     0.0731     141372    6.52327    0.00000    34.8751    34.8748         43 0.0000e+00
   1076.000   1063.127     3.5362     3.5365  32.514735  32.515150    6.52417     2.0454 2.7449e+02    -0.0193     0.0000      98.78    97.5231     0.0731     141442    6.52380    0.00000    34.8751    34.8752         77 0.0000e+00
   1074.000   1061.156     3.5366     3.5373  32.514126  32.514752    6.52196     2.0453 2.7483e+02    -0.0194     0.0000      98.78    97.5231     0.0731     141494    6.52180    0.00000    34.8749    34.8750         42 0.0000e+00
   1072.000   1059.185     3.5370     3.5372  32.513617  32.513751    6.52104     2.0455 2.7497e+02    -0.0201     0.0000      98.78    97.5231     0.0731     141535    6.52092    0.00000    34.8749    34.8748         42 0.0000e+00
   1070.000   1057.214     3.5379     3.5379  32.513658  32.513651    6.52166     2.0461 2.7511e+02    -0.0198     0.0000      98.78    97.5229     0.0731     141578    6.52153    0.00000    34.8750    34.8750         43 0.0000e+00
   1068.000   1055.243     3.5380     3.5381  32.512919  32.513130    6.52093     2.0463 2.7522e+02    -0.0192     0.0000      91.02    97.5226     0.0731     141628    6.52080    0.00000    34.8750    34.8752         59 0.0000e+00
   1066.000   1053.272     3.5390     3.5387  32.513064  32.512627    6.52215     2.0470 2.7476e+02    -0.0194     0.0000      99.01    97.5288     0.0731     141684    6.52200    0.00000    34.8752    34.8750         47 0.0000e+00
   1064.000   1051.301     3.5412     3.5411  32.514413  32.514114    6.52017     2.0471 2.7469e+02    -0.0189     0.0000      98.78    97.5230     0.0731     141725    6.52005    0.00000    34.8754    34.8752         40 0.0000e+00
