Ship_data/Irminger/Irminger-2/ctd/process/OOI/uat30_002.cnv
* Sea-Bird SBE 9 Data File:
* FileName = C:\data\ctd\at30_002.hex
* Software Version Seasave V 7.21f
* Temperature SN = 2265
* Conductivity SN = 3021
* Number of Bytes Per Scan = 40
* Number of Voltage Words = 5
* Number of Scans Averaged by the Deck Unit = 1
* NMEA Latitude = 42 32.00 N
* NMEA Longitude = 062 34.74 W
* NMEA UTC (Time) = Aug 07 2015  15:18:09
# nquan = 21
# nvalues = 754                         
# units = specified
# name 0 = prDM: Pressure, Digiquartz [db]
# name 1 = depSM: Depth [salt water, m]
# name 2 = t090C: Temperature [ITS-90, deg C]
# name 3 = t190C: Temperature, 2 [ITS-90, deg C]
# name 4 = c0mS/cm: Conductivity [mS/cm]
# name 5 = c1mS/cm: Conductivity, 2 [mS/cm]
# name 6 = sbeox0ML/L: Oxygen, SBE 43 [ml/l]
# name 7 = sbeox0V: Oxygen raw, SBE 43 [V]
# name 8 = spar: SPAR/Surface Irradiance
# name 9 = flECO-AFL: Fluorescence, WET Labs ECO-AFL/FL [mg/m^3]
# name 10 = v2: Voltage 2
# name 11 = altM: Altimeter [m]
# name 12 = CStarTr0: Beam Transmission, WET Labs C-Star [%]
# name 13 = turbWETntu0: Turbidity, WET Labs ECO [NTU]
# name 14 = scan: Scan Count
# name 15 = sbeox0ML/L: Oxygen, SBE 43 [ml/l], WS = 2
# name 16 = sbeox0dOV/dT: Oxygen, SBE 43 [dov/dt], WS = 2
# name 17 = sal00: Salinity, Practical [PSU]
# name 18 = sal11: Salinity, Practical, 2 [PSU]
# name 19 = nbin: number of scans per bin
# name 20 = flag: flag
# span 0 =     12.000,   1518.000       
# span 1 =     11.905,   1500.557       
# span 2 =     3.9482,    20.8721       
# span 3 =     3.9485,    20.3794       
# span 4 =  33.136699,  47.265778       
# span 5 =  33.136222,  46.746763       
# span 6 =    3.08638,    6.28150       
# span 7 =     1.4571,     2.8121       
# span 8 = 1.8070e+03, 2.1694e+03       
# span 9 =    -0.0133,    -0.0090       
# span 10 =     0.0000,     0.0000      
# span 11 =      81.97,      99.54      
# span 12 =    92.0155,    97.7168      
# span 13 =     0.0755,     0.0755      
# span 14 =     129611,     183425      
# span 15 =    3.08617,    6.28011      
# span 16 =    0.00000,    0.00000      
# span 17 =    33.7602,    35.7288      
# span 18 =    33.7335,    35.7261      
# span 19 =         25,        122      
# span 20 = 0.0000e+00, 0.0000e+00      
# interval = decibars: 2                
# start_time = Aug 07 2015 15:18:09 [NMEA time, header]
# bad_flag = -9.990e-29
*END*
[from data line 207]
   1104.000   1092.386     4.2871     4.2872  33.272174  33.271659    5.71455     1.8803 1.8496e+03    -0.0122     0.0000      98.78    97.7088     0.0755     150294    5.71436    0.00000    34.9629    34.9623         42 0.0000e+00
   1102.000   1090.413     4.2874     4.2876  33.271661  33.271309    5.70791     1.8791 1.8848e+03    -0.0123     0.0000      98.78    97.7079     0.0755     150340    5.70776    0.00000    34.9630    34.9624         50 0.0000e+00
   1100.000   1088.439     4.2890     4.2883  33.272443  33.271082    5.71100     1.8802 1.9056e+03    -0.0122     0.0000      98.78    97.6887     0.0755     150391    5.71086    0.00000    34.9633    34.9624         50 0.0000e+00
   1098.000   1086.465     4.2945     4.2925  33.276694  33.274051    5.71651     1.8821 1.9085e+03    -0.0124     0.0000      98.78    97.7064     0.0755     150440    5.71621    0.00000    34.9635    34.9625         48 0.0000e+00
   1096.000   1084.491     4.3001     4.2975  33.281155  33.277848    5.71753     1.8829 1.9047e+03    -0.0127     0.0000      98.78    97.7062     0.0755     150486    5.71722    0.00000    34.9638    34.9627         45 0.0000e+00
   1094.000   1082.517     4.3016     4.3011  33.281700  33.280671    5.71895     1.8837 1.9092e+03    -0.0126     0.0000      98.78    97.7062     0.0755     150532    5.71886    0.00000    34.9639    34.9632         46 0.0000e+00
   1092.000   1080.544     4.3025     4.3019  33.281696  33.280505    5.71808     1.8838 1.9266e+03    -0.0122     0.0000      98.78    97.7064     0.0755     150578    5.71803    0.00000    34.9640    34.9632         47 0.0000e+00
   1090.000   1078.570     4.3030     4.3032  33.281408  33.280906    5.71957     1.8846 1.9328e+03    -0.0125     0.0000      98.78    97.7009     0.0755     150627    5.71949    0.00000    34.9640    34.9632         51 0.0000e+00
   1088.000   1076.596     4.3034     4.3036  33.280778  33.280305    5.71955     1.8849 1.9451e+03    -0.0121     0.0000      98.78    97.7072     0.0755     150676    5.71946    0.00000    34.9639    34.9631         46 0.0000e+00
   1086.000   1074.622     4.3045     4.3043  33.280820  33.280138    5.71865     1.8851 1.9415e+03    -0.0118     0.0000      98.78    97.7064     0.0755     150721    5.71854    0.00000    34.9638    34.9632         44 0.0000e+00
   1084.000   1072.648     4.3047     4.3050  33.280115  33.279914    5.71658     1.8851 1.9509e+03    -0.0122     0.0000      98.78    97.7062     0.0755     150766    5.71705    0.00000    34.9638    34.9633         48 0.0000e+00
   1082.000   1070.674     4.3058     4.3054  33.280382  33.279360    5.71521     1.8851 1.9839e+03    -0.0126     0.0000      98.78    97.7062     0.0755     150814    5.71539    0.00000    34.9639    34.9632         47 0.0000e+00
   1080.000   1068.700     4.3113     4.3090  33.284643  33.281764    5.71285     1.8851 1.9951e+03    -0.0124     0.0000      98.78    97.7062     0.0755     150860    5.71306    0.00000    34.9641    34.9632         46 0.0000e+00
   1078.000   1066.726     4.3133     4.3127  33.285609  33.284585    5.71334     1.8856 1.9884e+03    -0.0122     0.0000      98.78    97.7072     0.0755     150913    5.71322    0.00000    34.9642    34.9637         61 0.0000e+00
   1076.000   1064.752     4.3152     4.3144  33.286615  33.285219    5.71519     1.8864 1.9826e+03    -0.0119     0.0000      98.78    97.7102     0.0755     150967    5.71505    0.00000    34.9644    34.9635         43 0.0000e+00
   1074.000   1062.778     4.3178     4.3179  33.288131  33.287351    5.71754     1.8875 1.9891e+03    -0.0125     0.0000      98.78    97.7079     0.0755     151004    5.71749    0.00000    34.9644    34.9634         33 0.0000e+00
   1072.000   1060.804     4.3187     4.3188  33.288177  33.287627    5.71608     1.8875 1.9907e+03    -0.0126     0.0000      98.78    97.7063     0.0755     151040    5.71599    0.00000    34.9645    34.9638         43 0.0000e+00
   1070.000   1058.830     4.3189     4.3186  33.287615  33.286675    5.71459     1.8875 1.9785e+03    -0.0117     0.0000      98.78    97.7062     0.0755     151100    5.71440    0.00000    34.9646    34.9639         69 0.0000e+00
   1068.000   1056.856     4.3215     4.3207  33.289151  33.287558    5.71489     1.8880 1.9773e+03    -0.0121     0.0000      98.78    97.7062     0.0755     151155    5.71468    0.00000    34.9647    34.9637         42 0.0000e+00
   1066.000   1054.882     4.3282     4.3255  33.294719  33.291158    5.71179     1.8879 1.9704e+03    -0.0119     0.0000      98.78    97.7070     0.0755     151194    5.71162    0.00000    34.9652    34.9639         39 0.0000e+00
   1064.000   1052.907     4.3322     4.3303  33.297718  33.295188    5.70999     1.8879 1.9884e+03    -0.0125     0.0000      98.78    97.6656     0.0755     151237    5.70982    0.00000    34.9655    34.9646         48 0.0000e+00
   1062.000   1050.933     4.3328     4.3319  33.297272  33.295823    5.70806     1.8879 1.9941e+03    -0.0122     0.0000      98.78    97.6645     0.0755     151289    5.70792    0.00000    34.9654    34.9647         52 0.0000e+00
   1060.000   1048.959     4.3346     4.3343  33.298124  33.297160    5.70468     1.8875 1.9693e+03    -0.0129     0.0000      98.78    97.7065     0.0755     151337    5.70464    0.00000    34.9655    34.9647         46 0.0000e+00
   1058.000   1046.985     4.3357     4.3357  33.298243  33.297655    5.70302     1.8875 1.9610e+03    -0.0121     0.0000      98.78    97.7062     0.0755     151382    5.70295    0.00000    34.9654    34.9648         45 0.0000e+00
   1056.000   1045.011     4.3375     4.3367  33.299175  33.297825    5.70185     1.8876 1.9542e+03    -0.0124     0.0000      98.78    97.7062     0.0755     151429    5.70180    0.00000    34.9657    34.9650         49 0.0000e+00
   1054.000   1043.037     4.3398     4.3389  33.300459  33.298978    5.70169     1.8880 1.9624e+03    -0.0114     0.0000      98.78    97.7062     0.0755     151477    5.70161    0.00000    34.9658    34.9650         47 0.0000e+00
   1052.000   1041.062     4.3435     4.3421  33.303211  33.301124    5.70306     1.8888 1.9612e+03    -0.0122     0.0000      98.78    97.7062     0.0755     151521    5.70292    0.00000    34.9661    34.9651         41 0.0000e+00
   1050.000   1039.088     4.3453     4.3444  33.303993  33.302668    5.70454     1.8896 1.9589e+03    -0.0120     0.0000      98.78    97.7062     0.0755     151562    5.70434    0.00000    34.9661    34.9655         44 0.0000e+00
   1048.000   1037.114     4.3464     4.3459  33.304290  33.303363    5.70410     1.8899 1.9644e+03    -0.0116     0.0000      98.78    97.7062     0.0755     151615    5.70390    0.00000    34.9663    34.9658         60 0.0000e+00
   1046.000   1035.139     4.3492     4.3477  33.306068  33.303954    5.70193     1.8898 1.9652e+03    -0.0115     0.0000      98.78    97.7062     0.0755     151670    5.70175    0.00000    34.9664    34.9656         46 0.0000e+00
   1044.000   1033.165     4.3541     4.3531  33.309814  33.308060    5.70004     1.8899 1.9830e+03    -0.0130     0.0000      98.78    97.7062     0.0755     151711    5.69975    0.00000    34.9667    34.9657         39 0.0000e+00
   1042.000   1031.191     4.3554     4.3549  33.310226  33.309199    5.69867     1.8899 1.9688e+03    -0.0128     0.0000      98.78    97.7062     0.0755     151752    5.69809    0.00000    34.9669    34.9661         43 0.0000e+00
   1040.000   1029.217     4.3569     4.3558  33.310845  33.309284    5.69704     1.8899 1.9683e+03    -0.0125     0.0000      98.78    97.7122     0.0755     151803    5.69633    0.00000    34.9670    34.9663         61 0.0000e+00
   1038.000   1027.242     4.3584     4.3578  33.311252  33.310018    5.69579     1.8899 1.9701e+03    -0.0122     0.0000      98.78    97.7072     0.0755     151865    5.69464    0.00000    34.9669    34.9661         58 0.0000e+00
   1036.000   1025.268     4.3624     4.3617  33.313969  33.312670    5.69307     1.8900 1.9756e+03    -0.0124     0.0000      98.78    97.7081     0.0755     151915    5.69286    0.00000    34.9669    34.9661         45 0.0000e+00
   1034.000   1023.293     4.3645     4.3643  33.315104  33.314386    5.69309     1.8904 1.9836e+03    -0.0125     0.0000      98.78    97.7062     0.0755     151961    5.69299    0.00000    34.9671    34.9664         50 0.0000e+00
   1032.000   1021.319     4.3650     4.3648  33.314783  33.313981    5.69372     1.8910 1.9695e+03    -0.0122     0.0000      98.78    97.7062     0.0755     152013    5.69359    0.00000    34.9671    34.9664         51 0.0000e+00
   1030.000   1019.344     4.3674     4.3670  33.316293  33.315177    5.69386     1.8914 1.9602e+03    -0.0121     0.0000      98.78    97.7062     0.0755     152062    5.69372    0.00000    34.9673    34.9664         49 0.0000e+00
   1028.000   1017.369     4.3690     4.3688  33.316940  33.316049    5.69247     1.8915 1.9466e+03    -0.0118     0.0000      98.78    97.7062     0.0755     152113    5.69234    0.00000    34.9675    34.9667         49 0.0000e+00
   1026.000   1015.395     4.3718     4.3710  33.318569  33.317199    5.69120     1.8917 1.9430e+03    -0.0117     0.0000      98.78    97.7062     0.0755     152158    5.69106    0.00000    34.9675    34.9666         42 0.0000e+00
   1024.000   1013.421     4.3742     4.3736  33.320021  33.318915    5.69069     1.8920 1.9472e+03    -0.0120     0.0000      98.78    97.7062     0.0755     152205    5.69056    0.00000    34.9676    34.9669         58 0.0000e+00
   1022.000   1011.446     4.3752     4.3748  33.320080  33.319081    5.68765     1.8917 1.9358e+03    -0.0120     0.0000      98.78    97.7062     0.0755     152268    5.68757    0.00000    34.9676    34.9669         55 0.0000e+00
   1020.000   1009.472     4.3767     4.3768  33.320479  33.319860    5.68687     1.8921 1.9485e+03    -0.0113     0.0000      98.78    97.7062     0.0755     152313    5.68775    0.00000    34.9675    34.9667         41 0.0000e+00
   1018.000   1007.497     4.3786     4.3782  33.321396  33.320359    5.68705     1.8923 1.9495e+03    -0.0108     0.0000      98.78    97.7062     0.0755     152353    5.68673    0.00000    34.9676    34.9668         39 0.0000e+00
   1016.000   1005.523     4.3811     4.3794  33.322946  33.320958    5.68653     1.8926 1.9363e+03    -0.0119     0.0000      98.78    97.7062     0.0755     152398    5.68622    0.00000    34.9678    34.9673         55 0.0000e+00
   1014.000   1003.548     4.3845     4.3820  33.325309  33.322162    5.68835     1.8936 1.9434e+03    -0.0118     0.0000      98.78    97.7062     0.0755     152460    5.68818    0.00000    34.9680    34.9670         60 0.0000e+00
   1012.000   1001.574     4.3894     4.3884  33.328953  33.326925    5.68574     1.8935 1.9587e+03    -0.0121     0.0000      98.78    97.7062     0.0755     152508    5.68559    0.00000    34.9681    34.9668         40 0.0000e+00
   1010.000    999.599     4.3887     4.3896  33.327287  33.327698    5.68520     1.8935 1.9626e+03    -0.0127     0.0000      98.78    97.7062     0.0755     152547    5.68421    0.00000    34.9679    34.9674         41 0.0000e+00
   1008.000    997.625     4.3871     4.3881  33.324808  33.325360    5.68304     1.8935 1.9490e+03    -0.0122     0.0000      98.78    97.7062     0.0755     152597    5.68307    0.00000    34.9678    34.9673         59 0.0000e+00
   1006.000    995.650     4.3881     4.3881  33.324746  33.324311    5.68419     1.8941 1.9416e+03    -0.0112     0.0000      98.78    97.7062     0.0755     152656    5.68404    0.00000    34.9676    34.9671         54 0.0000e+00
   1004.000    993.675     4.3896     4.3899  33.325124  33.324669    5.68499     1.8947 1.9531e+03    -0.0126     0.0000      98.78    97.7062     0.0755     152703    5.68482    0.00000    34.9674    34.9667         41 0.0000e+00
   1002.000    991.701     4.3914     4.3912  33.325518  33.324863    5.68362     1.8948 1.9714e+03    -0.0117     0.0000      98.78    97.7062     0.0755     152744    5.68347    0.00000    34.9671    34.9665         46 0.0000e+00
   1000.000    989.726     4.3936     4.3926  33.326645  33.325179    5.68602     1.8958 1.9639e+03    -0.0120     0.0000      98.78    97.7062     0.0755     152799    5.68579    0.00000    34.9671    34.9664         58 0.0000e+00
    998.000    987.751     4.4036     4.3983  33.335396  33.329275    5.68387     1.8960 1.9695e+03    -0.0121     0.0000      98.78    97.7062     0.0755     152848    5.68364    0.00000    34.9678    34.9662         43 0.0000e+00
    996.000    985.776     4.4090     4.4073  33.339778  33.337328    5.68436     1.8967 1.9755e+03    -0.0116     0.0000      98.78    97.7062     0.0755     152894    5.68410    0.00000    34.9682    34.9672         51 0.0000e+00
    994.000    983.801     4.4118     4.4097  33.341550  33.338825    5.67945     1.8960 1.9838e+03    -0.0121     0.0000      98.78    97.7062     0.0755     152946    5.67925    0.00000    34.9684    34.9674         48 0.0000e+00
    992.000    981.827     4.4124     4.4129  33.341038  33.340942    5.67799     1.8960 1.9854e+03    -0.0128     0.0000      98.78    97.7062     0.0755     152991    5.67784    0.00000    34.9682    34.9676         44 0.0000e+00
    990.000    979.852     4.4119     4.4124  33.339660  33.339687    5.67754     1.8963 1.9902e+03    -0.0114     0.0000      98.78    97.7062     0.0755     153040    5.67739    0.00000    34.9681    34.9676         58 0.0000e+00
    988.000    977.877     4.4110     4.4120  33.337714  33.338336    5.67582     1.8962 1.9967e+03    -0.0116     0.0000      98.78    97.7016     0.0755     153098    5.67571    0.00000    34.9678    34.9674         51 0.0000e+00
    986.000    975.902     4.4109     4.4114  33.336424  33.336448    5.67584     1.8965 2.0085e+03    -0.0125     0.0000      98.78    97.6984     0.0755     153142    5.67573    0.00000    34.9674    34.9669         40 0.0000e+00
    984.000    973.927     4.4133     4.4122  33.337547  33.336221    5.67390     1.8965 2.0045e+03    -0.0115     0.0000      98.78    97.6962     0.0755     153186    5.67381    0.00000    34.9672    34.9668         49 0.0000e+00
    982.000    971.952     4.4134     4.4136  33.336395  33.336299    5.67760     1.8977 1.9905e+03    -0.0119     0.0000      98.78    97.6901     0.0755     153240    5.67742    0.00000    34.9667    34.9664         55 0.0000e+00
    980.000    969.977     4.4116     4.4132  33.332955  33.334481    5.67942     1.8984 1.9957e+03    -0.0114     0.0000      98.78    97.6889     0.0755     153290    5.67918    0.00000    34.9657    34.9658         45 0.0000e+00
    978.000    968.003     4.4134     4.4124  33.333047  33.331963    5.67802     1.8985 2.0008e+03    -0.0111     0.0000      98.78    97.6801     0.0755     153335    5.67781    0.00000    34.9649    34.9646         47 0.0000e+00
    976.000    966.028     4.4156     4.4148  33.334161  33.332926    5.67647     1.8986 1.9943e+03    -0.0118     0.0000      98.78    97.6800     0.0755     153383    5.67627    0.00000    34.9649    34.9643         49 0.0000e+00
    974.000    964.053     4.4164     4.4163  33.334075  33.333531    5.67673     1.8990 1.9876e+03    -0.0118     0.0000      98.78    97.6800     0.0755     153436    5.67653    0.00000    34.9649    34.9644         59 0.0000e+00
    972.000    962.078     4.4189     4.4179  33.335457  33.333847    5.67654     1.8994 1.9923e+03    -0.0119     0.0000      98.78    97.6800     0.0755     153493    5.67630    0.00000    34.9649    34.9641         47 0.0000e+00
    970.000    960.102     4.4242     4.4225  33.339443  33.337119    5.67289     1.8991 2.0105e+03    -0.0112     0.0000      98.78    97.6800     0.0755     153532    5.67270    0.00000    34.9651    34.9641         38 0.0000e+00
