Ship_data/Irminger/Irminger-2/ctd/process/OOI/uat30_005.cnv
* Sea-Bird SBE 9 Data File:
* FileName = C:\data\ctd\at30_005.hex
* Software Version Seasave V 7.21f
* Temperature SN = 2265
* Conductivity SN = 3021
* Number of Bytes Per Scan = 40
* Number of Voltage Words = 5
* Number of Scans Averaged by the Deck Unit = 1
* NMEA Latitude = 59 59.33 N
* NMEA Longitude = 039 27.67 W
* NMEA UTC (Time) = Aug 14 2015  19:36:17
# nquan = 21
# nvalues = 1351                        
# units = specified
# name 0 = prDM: Pressure, Digiquartz [db]
# name 1 = depSM: Depth [salt water, m]
# name 2 = t090C: Temperature [ITS-90, deg C]
# name 3 = t190C: Temperature, 2 [ITS-90, deg C]
# name 4 = c0mS/cm: Conductivity [mS/cm]
# name 5 = c1mS/cm: Conductivity, 2 [mS/cm]
# name 6 = sbeox0ML/L: Oxygen, SBE 43 [ml/l]
# name 7 = sbeox0V: Oxygen raw, SBE 43 [V]
# name 8 = spar: SPAR/Surface Irradiance
# name 9 = flECO-AFL: Fluorescence, WET Labs ECO-AFL/FL [mg/m^3]
# name 10 = v2: Voltage 2
# name 11 = altM: Altimeter [m]
# name 12 = CStarTr0: Beam Transmission, WET Labs C-Star [%]
# name 13 = turbWETntu0: Turbidity, WET Labs ECO [NTU]
# name 14 = scan: Scan Count
# name 15 = sbeox0ML/L: Oxygen, SBE 43 [ml/l], WS = 2
# name 16 = sbeox0dOV/dT: Oxygen, SBE 43 [dov/dt], WS = 2
# name 17 = sal00: Salinity, Practical [PSU]
# name 18 = sal11: Salinity, Practical, 2 [PSU]
# name 19 = nbin: number of scans per bin
# name 20 = flag: flag
# span 0 =      2.000,   2702.000       
# span 1 =      1.981,   2659.436       
# span 2 =     1.4178,     8.5873       
# span 3 =     1.4189,     8.5661       
# span 4 =  31.329763,  36.636317       
# span 5 =  31.329984,  36.615114       
# span 6 =    6.02033,    6.81459       
# span 7 =     1.6925,     2.5492       
# span 8 = 2.0436e+02, 1.3129e+03       
# span 9 =    -0.0248,    -0.0219       
# span 10 =     0.0000,     0.0000      
# span 11 =      10.23,      99.77      
# span 12 =    93.2974,    97.4608      
# span 13 =     0.0780,     0.0780      
# span 14 =      80408,     181448      
# span 15 =    6.02012,    6.81401      
# span 16 =    0.00000,    0.00000      
# span 17 =    34.8496,    35.0152      
# span 18 =    34.8486,    35.0134      
# span 19 =         25,        124      
# span 20 = 0.0000e+00, 0.0000e+00      
# interval = decibars: 2                
# start_time = Aug 14 2015 19:36:17 [NMEA time, header]
# bad_flag = -9.990e-29
*END*
[from data line 414]
   1874.000   1848.045     3.2210     3.2216  32.610499  32.610812    6.06005     1.7869 1.0716e+03    -0.0230     0.0000      98.78    97.4396     0.0780     110462    6.05995    0.00000    34.9253    34.9250         46 0.0000e+00
   1872.000   1846.082     3.2197     3.2209  32.608242  32.608816    6.06127     1.7875 1.0681e+03    -0.0239     0.0000      98.78    97.4346     0.0780     110504    6.06126    0.00000    34.9249    34.9244         40 0.0000e+00
   1870.000   1844.118     3.2206     3.2209  32.608096  32.607965    6.06512     1.7886 1.0430e+03    -0.0231     0.0000      98.78    97.4308     0.0780     110547    6.06497    0.00000    34.9248    34.9243         50 0.0000e+00
   1868.000   1842.155     3.2224     3.2225  32.608868  32.608519    6.06362     1.7887 1.0343e+03    -0.0227     0.0000      98.78    97.4281     0.0780     110600    6.06347    0.00000    34.9247    34.9242         52 0.0000e+00
   1866.000   1840.191     3.2236     3.2237  32.609036  32.608762    6.06336     1.7890 1.0474e+03    -0.0224     0.0000      98.78    97.4316     0.0780     110654    6.06317    0.00000    34.9246    34.9243         61 0.0000e+00
   1864.000   1838.227     3.2250     3.2252  32.609356  32.609030    6.06511     1.7897 1.0582e+03    -0.0227     0.0000      98.78    97.4390     0.0780     110715    6.06483    0.00000    34.9245    34.9240         47 0.0000e+00
   1862.000   1836.264     3.2282     3.2281  32.611624  32.610834    6.06209     1.7895 1.0599e+03    -0.0221     0.0000      98.78    97.4342     0.0780     110750    6.06185    0.00000    34.9249    34.9240         31 0.0000e+00
   1860.000   1834.300     3.2302     3.2302  32.612467  32.611944    6.05982     1.7895 1.0586e+03    -0.0225     0.0000      98.78    97.4293     0.0780     110781    6.05960    0.00000    34.9247    34.9240         35 0.0000e+00
   1858.000   1832.336     3.2309     3.2314  32.612321  32.612371    6.06460     1.7908 1.0246e+03    -0.0229     0.0000      98.78    97.4310     0.0780     110833    6.06453    0.00000    34.9247    34.9243         71 0.0000e+00
   1856.000   1830.372     3.2332     3.2329  32.613380  32.612703    6.06214     1.7907 9.9954e+02    -0.0236     0.0000      98.78    97.4390     0.0780     110900    6.06207    0.00000    34.9245    34.9241         56 0.0000e+00
   1854.000   1828.409     3.2347     3.2341  32.613912  32.612920    6.06510     1.7917 1.0407e+03    -0.0224     0.0000      98.78    97.4334     0.0780     110949    6.06503    0.00000    34.9246    34.9240         42 0.0000e+00
   1852.000   1826.445     3.2364     3.2364  32.614639  32.614141    6.06518     1.7921 1.0625e+03    -0.0232     0.0000      98.78    97.4320     0.0780     110988    6.06505    0.00000    34.9246    34.9240         40 0.0000e+00
   1850.000   1824.481     3.2385     3.2381  32.615592  32.614888    6.06490     1.7925 1.0379e+03    -0.0231     0.0000      98.78    97.4294     0.0780     111033    6.06476    0.00000    34.9245    34.9240         50 0.0000e+00
   1848.000   1822.517     3.2408     3.2408  32.616714  32.616194    6.06314     1.7926 1.0032e+03    -0.0230     0.0000      98.78    97.4413     0.0780     111083    6.06320    0.00000    34.9243    34.9237         47 0.0000e+00
   1846.000   1820.553     3.2420     3.2420  32.616889  32.616414    6.06556     1.7935 1.0085e+03    -0.0230     0.0000      98.78    97.4376     0.0780     111128    6.06576    0.00000    34.9243    34.9237         47 0.0000e+00
   1844.000   1818.589     3.2448     3.2445  32.618616  32.617957    6.06434     1.7935 1.0485e+03    -0.0232     0.0000      98.78    97.4350     0.0780     111182    6.06377    0.00000    34.9243    34.9239         60 0.0000e+00
   1842.000   1816.625     3.2460     3.2456  32.618844  32.618011    6.06276     1.7936 1.0363e+03    -0.0233     0.0000      98.78    97.4360     0.0780     111238    6.06254    0.00000    34.9243    34.9238         47 0.0000e+00
   1840.000   1814.661     3.2490     3.2487  32.620715  32.619845    6.06265     1.7941 1.0090e+03    -0.0234     0.0000      98.78    97.4324     0.0780     111279    6.06255    0.00000    34.9244    34.9237         40 0.0000e+00
   1838.000   1812.697     3.2513     3.2514  32.622091  32.621583    6.06458     1.7949 1.0035e+03    -0.0233     0.0000      98.78    97.4331     0.0780     111324    6.06460    0.00000    34.9245    34.9238         48 0.0000e+00
   1836.000   1810.733     3.2530     3.2533  32.622645  32.622383    6.06396     1.7952 9.9776e+02    -0.0225     0.0000      98.78    97.4332     0.0780     111373    6.06396    0.00000    34.9244    34.9237         47 0.0000e+00
   1834.000   1808.769     3.2538     3.2541  32.622517  32.622294    6.06242     1.7952 9.8063e+02    -0.0230     0.0000      98.78    97.4298     0.0780     111418    6.06241    0.00000    34.9243    34.9238         45 0.0000e+00
   1832.000   1806.806     3.2546     3.2546  32.622333  32.622182    6.06358     1.7958 9.8197e+02    -0.0224     0.0000      98.78    97.4297     0.0780     111469    6.06351    0.00000    34.9243    34.9240         60 0.0000e+00
   1830.000   1804.842     3.2588     3.2579  32.625355  32.623924    6.06234     1.7960 9.8193e+02    -0.0231     0.0000      98.78    97.4316     0.0780     111527    6.06220    0.00000    34.9244    34.9236         49 0.0000e+00
   1828.000   1802.878     3.2613     3.2606  32.626841  32.625652    6.06219     1.7964 9.6966e+02    -0.0227     0.0000      98.78    97.4325     0.0780     111571    6.06204    0.00000    34.9244    34.9238         43 0.0000e+00
   1826.000   1800.913     3.2638     3.2641  32.628249  32.628040    6.06177     1.7967 9.6675e+02    -0.0233     0.0000      98.78    97.4341     0.0780     111613    6.06158    0.00000    34.9244    34.9239         42 0.0000e+00
   1824.000   1798.949     3.2649     3.2649  32.628334  32.627925    6.06222     1.7972 9.8854e+02    -0.0229     0.0000      98.78    97.4301     0.0780     111657    6.06202    0.00000    34.9244    34.9239         46 0.0000e+00
   1822.000   1796.985     3.2673     3.2668  32.629737  32.628929    6.05955     1.7970 1.0281e+03    -0.0227     0.0000      98.78    97.4373     0.0780     111709    6.05938    0.00000    34.9245    34.9241         58 0.0000e+00
   1820.000   1795.021     3.2683     3.2683  32.629764  32.629352    6.05784     1.7970 1.0428e+03    -0.0232     0.0000      98.78    97.4354     0.0780     111763    6.05769    0.00000    34.9245    34.9239         46 0.0000e+00
   1818.000   1793.057     3.2702     3.2702  32.630835  32.630330    6.05909     1.7977 1.0470e+03    -0.0234     0.0000      98.78    97.4384     0.0780     111806    6.05885    0.00000    34.9246    34.9241         45 0.0000e+00
   1816.000   1791.093     3.2725     3.2722  32.632145  32.631452    6.06026     1.7983 1.0566e+03    -0.0231     0.0000      98.78    97.4304     0.0780     111859    6.05992    0.00000    34.9248    34.9243         60 0.0000e+00
   1814.000   1789.129     3.2754     3.2746  32.633812  32.632605    6.05820     1.7983 1.0617e+03    -0.0241     0.0000      98.78    97.4312     0.0780     111912    6.05789    0.00000    34.9247    34.9241         40 0.0000e+00
   1812.000   1787.165     3.2763     3.2766  32.633806  32.633646    6.05689     1.7984 1.0554e+03    -0.0223     0.0000      98.78    97.4324     0.0780     111949    6.05661    0.00000    34.9247    34.9242         37 0.0000e+00
   1810.000   1785.200     3.2767     3.2769  32.633216  32.633215    6.05698     1.7988 1.0532e+03    -0.0232     0.0000      98.78    97.4322     0.0780     111994    6.05680    0.00000    34.9245    34.9243         57 0.0000e+00
   1808.000   1783.236     3.2769     3.2774  32.632395  32.632501    6.05979     1.7998 1.0518e+03    -0.0232     0.0000      98.78    97.4316     0.0780     112052    6.05977    0.00000    34.9243    34.9239         52 0.0000e+00
   1806.000   1781.272     3.2773     3.2776  32.631749  32.631740    6.06108     1.8004 1.0479e+03    -0.0230     0.0000      98.78    97.4347     0.0780     112100    6.06099    0.00000    34.9241    34.9237         47 0.0000e+00
   1804.000   1779.308     3.2797     3.2795  32.633001  32.632407    6.05919     1.8004 1.0594e+03    -0.0235     0.0000      98.78    97.4363     0.0780     112145    6.05911    0.00000    34.9241    34.9235         42 0.0000e+00
   1802.000   1777.343     3.2828     3.2826  32.634979  32.634336    6.05821     1.8006 1.0586e+03    -0.0231     0.0000      98.78    97.4340     0.0780     112189    6.05811    0.00000    34.9241    34.9236         49 0.0000e+00
   1800.000   1775.379     3.2857     3.2855  32.636681  32.636149    6.05790     1.8010 1.0426e+03    -0.0234     0.0000      98.78    97.4349     0.0780     112245    6.05775    0.00000    34.9240    34.9236         59 0.0000e+00
   1798.000   1773.415     3.2872     3.2872  32.637246  32.636777    6.05981     1.8018 1.0522e+03    -0.0227     0.0000      98.78    97.4359     0.0780     112296    6.05957    0.00000    34.9240    34.9235         44 0.0000e+00
   1796.000   1771.451     3.2897     3.2900  32.638617  32.638395    6.05906     1.8021 1.0563e+03    -0.0229     0.0000      98.78    97.4286     0.0780     112338    6.05884    0.00000    34.9240    34.9234         42 0.0000e+00
   1794.000   1769.486     3.2915     3.2919  32.639363  32.639237    6.06055     1.8028 1.0542e+03    -0.0229     0.0000      98.78    97.4270     0.0780     112382    6.06052    0.00000    34.9240    34.9234         45 0.0000e+00
   1792.000   1767.522     3.2936     3.2940  32.640357  32.640222    6.06085     1.8034 1.0493e+03    -0.0226     0.0000      98.78    97.4294     0.0780     112429    6.06130    0.00000    34.9239    34.9233         52 0.0000e+00
   1790.000   1765.558     3.2956     3.2957  32.641338  32.641072    6.05973     1.8035 1.0437e+03    -0.0227     0.0000      98.78    97.4220     0.0780     112489    6.05988    0.00000    34.9240    34.9236         61 0.0000e+00
   1788.000   1763.593     3.2975     3.2971  32.642288  32.641455    6.05790     1.8035 1.0544e+03    -0.0226     0.0000      98.78    97.4184     0.0780     112541    6.05787    0.00000    34.9240    34.9234         44 0.0000e+00
   1786.000   1761.629     3.2981     3.2987  32.642025  32.642009    6.05827     1.8038 1.0614e+03    -0.0225     0.0000      98.78    97.4185     0.0780     112580    6.05801    0.00000    34.9241    34.9234         36 0.0000e+00
   1784.000   1759.664     3.2985     3.2991  32.641591  32.641633    6.05950     1.8045 1.0526e+03    -0.0230     0.0000      98.78    97.4228     0.0780     112617    6.05939    0.00000    34.9241    34.9235         40 0.0000e+00
   1782.000   1757.700     3.2999     3.3004  32.642096  32.642148    6.05889     1.8047 1.0335e+03    -0.0225     0.0000      98.78    97.4279     0.0780     112672    6.05881    0.00000    34.9242    34.9238         74 0.0000e+00
   1780.000   1755.735     3.3009     3.3010  32.642191  32.641731    6.05685     1.8047 1.0501e+03    -0.0220     0.0000      98.78    97.4290     0.0780     112739    6.05680    0.00000    34.9243    34.9236         49 0.0000e+00
   1778.000   1753.771     3.3055     3.3052  32.645667  32.644664    6.05574     1.8050 1.0624e+03    -0.0226     0.0000      98.78    97.4289     0.0780     112781    6.05565    0.00000    34.9245    34.9236         40 0.0000e+00
   1776.000   1751.806     3.3096     3.3091  32.648365  32.647627    6.05462     1.8052 1.0554e+03    -0.0234     0.0000      98.78    97.4292     0.0780     112820    6.05453    0.00000    34.9244    34.9240         40 0.0000e+00
   1774.000   1749.842     3.3120     3.3116  32.649578  32.648889    6.05538     1.8058 1.0271e+03    -0.0233     0.0000      98.78    97.4262     0.0780     112863    6.05523    0.00000    34.9243    34.9238         46 0.0000e+00
   1772.000   1747.877     3.3134     3.3134  32.650054  32.649645    6.05655     1.8064 1.0322e+03    -0.0228     0.0000      98.78    97.4247     0.0780     112914    6.05632    0.00000    34.9243    34.9238         57 0.0000e+00
   1770.000   1745.913     3.3144     3.3147  32.650112  32.649900    6.05696     1.8068 1.0578e+03    -0.0230     0.0000      98.78    97.4234     0.0780     112971    6.05669    0.00000    34.9243    34.9237         54 0.0000e+00
   1768.000   1743.948     3.3151     3.3153  32.649799  32.649718    6.05634     1.8071 1.0465e+03    -0.0239     0.0000      98.78    97.4245     0.0780     113021    6.05609    0.00000    34.9242    34.9238         47 0.0000e+00
   1766.000   1741.983     3.3158     3.3162  32.649678  32.649563    6.05839     1.8079 1.0370e+03    -0.0235     0.0000      98.78    97.4243     0.0780     113067    6.05830    0.00000    34.9242    34.9236         45 0.0000e+00
   1764.000   1740.019     3.3175     3.3178  32.650329  32.650072    6.05876     1.8084 1.0328e+03    -0.0232     0.0000      98.78    97.4242     0.0780     113110    6.05879    0.00000    34.9242    34.9235         40 0.0000e+00
   1762.000   1738.054     3.3193     3.3195  32.651034  32.650833    6.05979     1.8090 1.0360e+03    -0.0226     0.0000      98.78    97.4258     0.0780     113149    6.05973    0.00000    34.9241    34.9236         41 0.0000e+00
   1760.000   1736.090     3.3245     3.3242  32.654918  32.654255    6.06179     1.8099 1.0527e+03    -0.0228     0.0000      98.78    97.4262     0.0780     113203    6.06163    0.00000    34.9242    34.9237         72 0.0000e+00
   1758.000   1734.125     3.3282     3.3268  32.657470  32.655849    6.06112     1.8102 1.0458e+03    -0.0233     0.0000      98.78    97.4289     0.0780     113273    6.06094    0.00000    34.9243    34.9238         53 0.0000e+00
   1756.000   1732.160     3.3290     3.3293  32.657410  32.657176    6.06119     1.8107 1.0478e+03    -0.0230     0.0000      98.78    97.4278     0.0780     113315    6.06141    0.00000    34.9243    34.9237         38 0.0000e+00
   1754.000   1730.196     3.3314     3.3313  32.658866  32.658178    6.05960     1.8107 1.0475e+03    -0.0226     0.0000      98.78    97.4237     0.0780     113350    6.05938    0.00000    34.9245    34.9238         34 0.0000e+00
   1752.000   1728.231     3.3337     3.3336  32.660044  32.659393    6.05788     1.8108 1.0389e+03    -0.0229     0.0000      98.78    97.4239     0.0780     113387    6.05782    0.00000    34.9245    34.9238         43 0.0000e+00
   1750.000   1726.266     3.3356     3.3359  32.660929  32.660831    6.05724     1.8110 1.0389e+03    -0.0233     0.0000      98.78    97.4332     0.0780     113446    6.05701    0.00000    34.9245    34.9240         69 0.0000e+00
   1748.000   1724.302     3.3378     3.3371  32.661868  32.660906    6.05799     1.8116 1.0553e+03    -0.0230     0.0000      98.78    97.4256     0.0780     113504    6.05770    0.00000    34.9243    34.9238         48 0.0000e+00
   1746.000   1722.337     3.3386     3.3390  32.661676  32.661657    6.05772     1.8119 1.0432e+03    -0.0226     0.0000      98.78    97.4212     0.0780     113553    6.05740    0.00000    34.9242    34.9238         51 0.0000e+00
   1744.000   1720.372     3.3398     3.3403  32.661882  32.661789    6.05514     1.8117 1.0352e+03    -0.0237     0.0000      98.78    97.4281     0.0780     113599    6.05485    0.00000    34.9241    34.9235         40 0.0000e+00
   1742.000   1718.407     3.3425     3.3423  32.663446  32.662757    6.05791     1.8128 1.0404e+03    -0.0224     0.0000      98.78    97.4221     0.0780     113639    6.05779    0.00000    34.9241    34.9235         43 0.0000e+00
   1740.000   1716.442     3.3457     3.3452  32.665634  32.664737    6.05739     1.8131 1.0436e+03    -0.0230     0.0000      98.78    97.4256     0.0780     113687    6.05741    0.00000    34.9243    34.9238         51 0.0000e+00
