Ship_data/Irminger/Irminger-2/ctd/process/OOI/uat30_002.cnv
* Sea-Bird SBE 9 Data File:
* FileName = C:\data\ctd\at30_002.hex
* Software Version Seasave V 7.21f
* Temperature SN = 2265
* Conductivity SN = 3021
* Number of Bytes Per Scan = 40
* Number of Voltage Words = 5
* Number of Scans Averaged by the Deck Unit = 1
* NMEA Latitude = 42 32.00 N
* NMEA Longitude = 062 34.74 W
* NMEA UTC (Time) = Aug 07 2015  15:18:09
# nquan = 21
# nvalues = 754                         
# units = specified
# name 0 = prDM: Pressure, Digiquartz [db]
# name 1 = depSM: Depth [salt water, m]
# name 2 = t090C: Temperature [ITS-90, deg C]
# name 3 = t190C: Temperature, 2 [ITS-90, deg C]
# name 4 = c0mS/cm: Conductivity [mS/cm]
# name 5 = c1mS/cm: Conductivity, 2 [mS/cm]
# name 6 = sbeox0ML/L: Oxygen, SBE 43 [ml/l]
# name 7 = sbeox0V: Oxygen raw, SBE 43 [V]
# name 8 = spar: SPAR/Surface Irradiance
# name 9 = flECO-AFL: Fluorescence, WET Labs ECO-AFL/FL [mg/m^3]
# name 10 = v2: Voltage 2
# name 11 = altM: Altimeter [m]
# name 12 = CStarTr0: Beam Transmission, WET Labs C-Star [%]
# name 13 = turbWETntu0: Turbidity, WET Labs ECO [NTU]
# name 14 = scan: Scan Count
# name 15 = sbeox0ML/L: Oxygen, SBE 43 [ml/l], WS = 2
# name 16 = sbeox0dOV/dT: Oxygen, SBE 43 [dov/dt], WS = 2
# name 17 = sal00: Salinity, Practical [PSU]
# name 18 = sal11: Salinity, Practical, 2 [PSU]
# name 19 = nbin: number of scans per bin
# name 20 = flag: flag
# span 0 =     12.000,   1518.000       
# span 1 =     11.905,   1500.557       
# span 2 =     3.9482,    20.8721       
# span 3 =     3.9485,    20.3794       
# span 4 =  33.136699,  47.265778       
# span 5 =  33.136222,  46.746763       
# span 6 =    3.08638,    6.28150       
# span 7 =     1.4571,     2.8121       
# span 8 = 1.8070e+03, 2.1694e+03       
# span 9 =    -0.0133,    -0.0090       
# span 10 =     0.0000,     0.0000      
# span 11 =      81.97,      99.54      
# span 12 =    92.0155,    97.7168      
# span 13 =     0.0755,     0.0755      
# span 14 =     129611,     183425      
# span 15 =    3.08617,    6.28011      
# span 16 =    0.00000,    0.00000      
# span 17 =    33.7602,    35.7288      
# span 18 =    33.7335,    35.7261      
# span 19 =         25,        122      
# span 20 = 0.0000e+00, 0.0000e+00      
# interval = decibars: 2                
# start_time = Aug 07 2015 15:18:09 [NMEA time, header]
# bad_flag = -9.990e-29
*END*
[from data line 345]
    828.000    819.830     4.6924     4.6917  33.531292  33.529910    5.52187     1.8975 2.0643e+03    -0.0123     0.0000      98.78    97.6602     0.0755     157012    5.52239    0.00000    34.9790    34.9782         40 0.0000e+00
    826.000    817.853     4.6942     4.6939  33.532145  33.531196    5.52239     1.8978 2.0761e+03    -0.0121     0.0000      98.78    97.6634     0.0755     157052    5.52175    0.00000    34.9792    34.9784         42 0.0000e+00
    824.000    815.877     4.6967     4.6959  33.533739  33.532432    5.51989     1.8978 2.0929e+03    -0.0123     0.0000      98.78    97.6626     0.0755     157105    5.51989    0.00000    34.9794    34.9787         63 0.0000e+00
    822.000    813.900     4.7013     4.6992  33.537120  33.534331    5.51753     1.8977 2.1002e+03    -0.0117     0.0000      98.78    97.6607     0.0755     157160    5.51739    0.00000    34.9796    34.9785         45 0.0000e+00
    820.000    811.924     4.7038     4.7032  33.538537  33.537524    5.51484     1.8974 2.0897e+03    -0.0117     0.0000      98.78    97.6638     0.0755     157202    5.51442    0.00000    34.9796    34.9791         41 0.0000e+00
    818.000    809.948     4.7125     4.7086  33.546146  33.541647    5.51349     1.8978 2.0877e+03    -0.0117     0.0000      98.78    97.6614     0.0755     157248    5.51322    0.00000    34.9804    34.9792         54 0.0000e+00
    816.000    807.971     4.7204     4.7148  33.553061  33.546820    5.51166     1.8980 2.0890e+03    -0.0124     0.0000      98.78    97.6673     0.0755     157304    5.51145    0.00000    34.9811    34.9797         52 0.0000e+00
    814.000    805.995     4.7235     4.7232  33.554731  33.553946    5.50794     1.8975 2.0993e+03    -0.0117     0.0000      98.78    97.6667     0.0755     157351    5.50771    0.00000    34.9807    34.9802         45 0.0000e+00
    812.000    804.018     4.7260     4.7246  33.556093  33.554305    5.50515     1.8973 2.1035e+03    -0.0115     0.0000      98.78    97.6768     0.0755     157397    5.50496    0.00000    34.9807    34.9802         48 0.0000e+00
    810.000    802.042     4.7309     4.7281  33.559924  33.556618    5.50595     1.8980 2.1098e+03    -0.0124     0.0000      98.78    97.6726     0.0755     157448    5.50574    0.00000    34.9810    34.9801         53 0.0000e+00
    808.000    800.065     4.7377     4.7334  33.565772  33.560671    5.50310     1.8979 2.1113e+03    -0.0120     0.0000      98.78    97.6782     0.0755     157499    5.50293    0.00000    34.9817    34.9804         49 0.0000e+00
    806.000    798.089     4.7485     4.7438  33.575423  33.569990    5.50081     1.8981 2.1026e+03    -0.0123     0.0000      98.78    97.6680     0.0755     157545    5.50065    0.00000    34.9827    34.9813         44 0.0000e+00
    804.000    796.112     4.7520     4.7500  33.577873  33.575402    5.49735     1.8978 2.0954e+03    -0.0128     0.0000      98.78    97.6671     0.0755     157593    5.49723    0.00000    34.9829    34.9821         52 0.0000e+00
    802.000    794.136     4.7568     4.7534  33.581592  33.577653    5.49219     1.8970 2.0976e+03    -0.0107     0.0000      98.78    97.6755     0.0755     157644    5.49198    0.00000    34.9832    34.9821         47 0.0000e+00
    800.000    792.159     4.7594     4.7588  33.583331  33.582110    5.48750     1.8962 2.1022e+03    -0.0120     0.0000      98.78    97.6701     0.0755     157689    5.48721    0.00000    34.9835    34.9827         46 0.0000e+00
    798.000    790.182     4.7609     4.7604  33.583846  33.582881    5.48272     1.8955 2.1017e+03    -0.0123     0.0000      98.78    97.6687     0.0755     157740    5.48253    0.00000    34.9835    34.9829         57 0.0000e+00
    796.000    788.206     4.7619     4.7617  33.583712  33.583009    5.47879     1.8949 2.0971e+03    -0.0122     0.0000      98.78    97.6420     0.0755     157796    5.47868    0.00000    34.9834    34.9827         50 0.0000e+00
    794.000    786.229     4.7652     4.7643  33.585781  33.584296    5.47703     1.8949 2.0997e+03    -0.0116     0.0000      98.78    97.5924     0.0755     157839    5.47688    0.00000    34.9833    34.9825         40 0.0000e+00
    792.000    784.252     4.7688     4.7675  33.588218  33.586442    5.47449     1.8948 2.1068e+03    -0.0114     0.0000      98.78    97.6572     0.0755     157881    5.47434    0.00000    34.9834    34.9827         47 0.0000e+00
    790.000    782.276     4.7712     4.7705  33.589670  33.588585    5.47046     1.8942 2.1014e+03    -0.0107     0.0000      98.78    97.6581     0.0755     157938    5.47024    0.00000    34.9835    34.9830         61 0.0000e+00
    788.000    780.299     4.7821     4.7751  33.599303  33.591404    5.46814     1.8944 2.0946e+03    -0.0125     0.0000      98.78    97.6605     0.0755     157990    5.46793    0.00000    34.9843    34.9825         42 0.0000e+00
    786.000    778.322     4.7975     4.7928  33.613227  33.607682    5.46670     1.8949 2.0893e+03    -0.0118     0.0000      98.78    97.6599     0.0755     158030    5.46634    0.00000    34.9854    34.9838         43 0.0000e+00
    784.000    776.346     4.8027     4.7998  33.617377  33.614108    5.46032     1.8939 2.0865e+03    -0.0112     0.0000      98.78    97.6638     0.0755     158080    5.46010    0.00000    34.9858    34.9850         58 0.0000e+00
    782.000    774.369     4.8068     4.8036  33.620480  33.616578    5.45107     1.8921 2.0925e+03    -0.0114     0.0000      98.78    97.6668     0.0755     158137    5.45088    0.00000    34.9861    34.9849         51 0.0000e+00
    780.000    772.392     4.8202     4.8151  33.632242  33.626259    5.44597     1.8916 2.0974e+03    -0.0120     0.0000      98.78    97.6618     0.0755     158183    5.44567    0.00000    34.9866    34.9851         43 0.0000e+00
    778.000    770.415     4.8301     4.8259  33.641041  33.636093    5.44309     1.8914 2.1007e+03    -0.0123     0.0000      98.78    97.6653     0.0755     158225    5.44179    0.00000    34.9876    34.9862         43 0.0000e+00
    776.000    768.438     4.8395     4.8341  33.649466  33.643383    5.43835     1.8913 2.1031e+03    -0.0112     0.0000      98.78    97.6617     0.0755     158275    5.43865    0.00000    34.9884    34.9871         57 0.0000e+00
    774.000    766.462     4.8448     4.8406  33.653711  33.648776    5.42917     1.8894 2.0976e+03    -0.0114     0.0000      98.78    97.6622     0.0755     158334    5.42908    0.00000    34.9888    34.9876         54 0.0000e+00
    772.000    764.485     4.8485     4.8479  33.656316  33.654972    5.42344     1.8884 2.1030e+03    -0.0117     0.0000      98.78    97.6635     0.0755     158380    5.42309    0.00000    34.9890    34.9881         42 0.0000e+00
    770.000    762.508     4.8511     4.8501  33.657859  33.656345    5.41993     1.8880 2.1006e+03    -0.0125     0.0000      98.78    97.6653     0.0755     158422    5.41967    0.00000    34.9891    34.9883         44 0.0000e+00
    768.000    760.531     4.8539     4.8527  33.659805  33.658070    5.41605     1.8875 2.1012e+03    -0.0125     0.0000      98.78    97.6602     0.0755     158473    5.41585    0.00000    34.9894    34.9887         57 0.0000e+00
    766.000    758.554     4.8561     4.8546  33.660859  33.658745    5.41487     1.8877 2.0990e+03    -0.0123     0.0000      98.78    97.6645     0.0755     158526    5.41471    0.00000    34.9894    34.9885         47 0.0000e+00
    764.000    756.577     4.8596     4.8588  33.663343  33.661927    5.41466     1.8881 2.1030e+03    -0.0120     0.0000      98.78    97.6595     0.0755     158570    5.41449    0.00000    34.9896    34.9888         44 0.0000e+00
    762.000    754.600     4.8612     4.8604  33.663941  33.662713    5.41589     1.8888 2.1112e+03    -0.0123     0.0000      98.78    97.6607     0.0755     158618    5.41570    0.00000    34.9896    34.9890         52 0.0000e+00
    760.000    752.623     4.8654     4.8628  33.666950  33.664021    5.41184     1.8883 2.1153e+03    -0.0119     0.0000      98.78    97.6584     0.0755     158674    5.41170    0.00000    34.9897    34.9891         57 0.0000e+00
    758.000    750.646     4.8769     4.8710  33.676632  33.670144    5.40653     1.8877 2.1155e+03    -0.0116     0.0000      98.78    97.6539     0.0755     158723    5.40630    0.00000    34.9900    34.9886         43 0.0000e+00
    756.000    748.669     4.8915     4.8854  33.689561  33.682867    5.40318     1.8877 2.1138e+03    -0.0117     0.0000      98.78    97.6539     0.0755     158767    5.40262    0.00000    34.9907    34.9893         47 0.0000e+00
    754.000    746.692     4.8966     4.8921  33.693536  33.688688    5.39830     1.8870 2.1210e+03    -0.0121     0.0000      98.78    97.6556     0.0755     158816    5.39803    0.00000    34.9909    34.9900         49 0.0000e+00
    752.000    744.715     4.9034     4.8990  33.699002  33.694156    5.39192     1.8861 2.1238e+03    -0.0116     0.0000      98.78    97.6542     0.0755     158865    5.39173    0.00000    34.9911    34.9901         50 0.0000e+00
    750.000    742.738     4.9082     4.9054  33.702674  33.699245    5.38535     1.8849 2.1320e+03    -0.0104     0.0000      98.78    97.6509     0.0755     158915    5.38520    0.00000    34.9913    34.9903         48 0.0000e+00
    748.000    740.761     4.9102     4.9094  33.703412  33.702303    5.38063     1.8841 2.1256e+03    -0.0114     0.0000      98.78    97.6538     0.0755     158962    5.38036    0.00000    34.9911    34.9907         48 0.0000e+00
    746.000    738.784     4.9115     4.9111  33.703576  33.702840    5.37678     1.8836 2.1186e+03    -0.0117     0.0000      98.78    97.6539     0.0755     159017    5.37654    0.00000    34.9910    34.9906         58 0.0000e+00
    744.000    736.806     4.9152     4.9141  33.706301  33.704479    5.37266     1.8830 2.1194e+03    -0.0118     0.0000      98.78    97.6539     0.0755     159067    5.37250    0.00000    34.9913    34.9904         43 0.0000e+00
    742.000    734.829     4.9172     4.9167  33.707271  33.706287    5.37325     1.8837 2.1229e+03    -0.0115     0.0000      98.78    97.6532     0.0755     159109    5.37354    0.00000    34.9914    34.9908         44 0.0000e+00
    740.000    732.852     4.9217     4.9197  33.710783  33.708250    5.37258     1.8839 2.1190e+03    -0.0121     0.0000      98.78    97.6438     0.0755     159157    5.37223    0.00000    34.9917    34.9909         52 0.0000e+00
    738.000    730.875     4.9265     4.9244  33.714231  33.711663    5.37083     1.8840 2.1139e+03    -0.0121     0.0000      98.78    97.6423     0.0755     159210    5.37057    0.00000    34.9917    34.9909         54 0.0000e+00
    736.000    728.898     4.9325     4.9301  33.718780  33.715768    5.36791     1.8839 2.1171e+03    -0.0119     0.0000      98.78    97.6454     0.0755     159262    5.36780    0.00000    34.9917    34.9908         48 0.0000e+00
    734.000    726.921     4.9397     4.9373  33.724710  33.721685    5.36161     1.8828 2.1208e+03    -0.0110     0.0000      98.78    97.6432     0.0755     159307    5.36130    0.00000    34.9920    34.9910         44 0.0000e+00
    732.000    724.944     4.9452     4.9424  33.729019  33.725661    5.35813     1.8825 2.1193e+03    -0.0124     0.0000      98.78    97.6434     0.0755     159354    5.35782    0.00000    34.9923    34.9914         50 0.0000e+00
    730.000    722.966     4.9511     4.9477  33.733738  33.729815    5.35324     1.8818 2.1238e+03    -0.0126     0.0000      98.78    97.6434     0.0755     159406    5.35272    0.00000    34.9926    34.9916         53 0.0000e+00
    728.000    720.989     4.9596     4.9553  33.740716  33.735895    5.34929     1.8814 2.1325e+03    -0.0120     0.0000      98.78    97.6412     0.0755     159456    5.34865    0.00000    34.9928    34.9917         46 0.0000e+00
    726.000    719.011     4.9638     4.9624  33.743816  33.741914    5.34635     1.8813 2.1278e+03    -0.0119     0.0000      98.78    97.6452     0.0755     159501    5.34618    0.00000    34.9930    34.9923         47 0.0000e+00
    724.000    717.034     4.9668     4.9649  33.745749  33.743513    5.34299     1.8809 2.1231e+03    -0.0126     0.0000      98.78    97.6449     0.0755     159552    5.34279    0.00000    34.9931    34.9925         53 0.0000e+00
    722.000    715.057     4.9760     4.9705  33.753745  33.747616    5.33569     1.8797 2.1182e+03    -0.0114     0.0000      98.78    97.6464     0.0755     159605    5.33539    0.00000    34.9938    34.9924         52 0.0000e+00
    720.000    713.080     4.9975     4.9866  33.773901  33.761708    5.32919     1.8792 2.1137e+03    -0.0124     0.0000      98.78    97.6492     0.0755     159654    5.32895    0.00000    34.9956    34.9929         44 0.0000e+00
    718.000    711.102     5.0068     5.0032  33.782102  33.777734    5.32470     1.8788 2.1145e+03    -0.0122     0.0000      98.78    97.6514     0.0755     159696    5.32452    0.00000    34.9963    34.9950         42 0.0000e+00
    716.000    709.125     5.0138     5.0089  33.787808  33.782466    5.31880     1.8779 2.1100e+03    -0.0119     0.0000      98.78    97.6465     0.0755     159745    5.31875    0.00000    34.9966    34.9956         59 0.0000e+00
    714.000    707.147     5.0255     5.0157  33.797924  33.787898    5.31165     1.8768 2.0947e+03    -0.0113     0.0000      98.78    97.6514     0.0755     159803    5.31138    0.00000    34.9971    34.9957         51 0.0000e+00
    712.000    705.170     5.0424     5.0379  33.812915  33.807469    5.30363     1.8757 2.0949e+03    -0.0120     0.0000      98.78    97.6475     0.0755     159850    5.30344    0.00000    34.9977    34.9961         47 0.0000e+00
    710.000    703.193     5.0545     5.0474  33.823556  33.815986    5.29183     1.8735 2.0993e+03    -0.0122     0.0000      98.78    97.6438     0.0755     159897    5.29155    0.00000    34.9984    34.9971         45 0.0000e+00
    708.000    701.215     5.0643     5.0592  33.831956  33.826126    5.28475     1.8724 2.0994e+03    -0.0122     0.0000      98.78    97.6313     0.0755     159941    5.28451    0.00000    34.9989    34.9975         44 0.0000e+00
    706.000    699.238     5.0692     5.0667  33.835688  33.832694    5.27764     1.8711 2.1016e+03    -0.0112     0.0000      98.78    97.6339     0.0755     159991    5.27745    0.00000    34.9990    34.9982         57 0.0000e+00
    704.000    697.260     5.0750     5.0721  33.839983  33.836609    5.26879     1.8694 2.1033e+03    -0.0127     0.0000      98.78    97.6275     0.0755     160049    5.26850    0.00000    34.9990    34.9982         51 0.0000e+00
    702.000    695.283     5.0836     5.0809  33.846824  33.843637    5.26469     1.8690 2.1146e+03    -0.0124     0.0000      98.78    97.6231     0.0755     160095    5.26448    0.00000    34.9989    34.9980         45 0.0000e+00
    700.000    693.305     5.0954     5.0886  33.856967  33.849840    5.25849     1.8682 2.1208e+03    -0.0112     0.0000      98.78    97.6112     0.0755     160141    5.25837    0.00000    34.9992    34.9982         47 0.0000e+00
    698.000    691.328     5.1092     5.1024  33.868852  33.861459    5.24788     1.8663 2.1180e+03    -0.0119     0.0000      98.78    97.5981     0.0755     160188    5.24758    0.00000    34.9996    34.9982         47 0.0000e+00
    696.000    689.350     5.1215     5.1143  33.879245  33.871711    5.24111     1.8654 2.1167e+03    -0.0123     0.0000      98.78    97.5904     0.0755     160233    5.24091    0.00000    34.9998    34.9985         43 0.0000e+00
    694.000    687.372     5.1327     5.1258  33.889140  33.881791    5.23336     1.8641 2.1248e+03    -0.0113     0.0000      98.78    97.5867     0.0755     160280    5.23323    0.00000    35.0005    34.9992         53 0.0000e+00
