Ship_data/Irminger/Irminger-2/ctd/process/OOI/uat30_011.cnv
* Sea-Bird SBE 9 Data File:
* FileName = C:\data\ctd\at30_011.hex
* Software Version Seasave V 7.21f
* Temperature SN = 2265
* Conductivity SN = 3021
* Number of Bytes Per Scan = 40
* Number of Voltage Words = 5
* Number of Scans Averaged by the Deck Unit = 1
* NMEA Latitude = 59 41.19 N
* NMEA Longitude = 039 21.93 W
* NMEA UTC (Time) = Aug 21 2015  19:14:51
** cal val post deployment at FLMB2
# nquan = 21
# nvalues = 1428                        
# units = specified
# name 0 = prDM: Pressure, Digiquartz [db]
# name 1 = depSM: Depth [salt water, m]
# name 2 = t090C: Temperature [ITS-90, deg C]
# name 3 = t190C: Temperature, 2 [ITS-90, deg C]
# name 4 = c0mS/cm: Conductivity [mS/cm]
# name 5 = c1mS/cm: Conductivity, 2 [mS/cm]
# name 6 = sbeox0ML/L: Oxygen, SBE 43 [ml/l]
# name 7 = sbeox0V: Oxygen raw, SBE 43 [V]
# name 8 = spar: SPAR/Surface Irradiance
# name 9 = flECO-AFL: Fluorescence, WET Labs ECO-AFL/FL [mg/m^3]
# name 10 = v2: Voltage 2
# name 11 = altM: Altimeter [m]
# name 12 = CStarTr0: Beam Transmission, WET Labs C-Star [%]
# name 13 = turbWETntu0: Turbidity, WET Labs ECO [NTU]
# name 14 = scan: Scan Count
# name 15 = sbeox0ML/L: Oxygen, SBE 43 [ml/l], WS = 2
# name 16 = sbeox0dOV/dT: Oxygen, SBE 43 [dov/dt], WS = 2
# name 17 = sal00: Salinity, Practical [PSU]
# name 18 = sal11: Salinity, Practical, 2 [PSU]
# name 19 = nbin: number of scans per bin
# name 20 = flag: flag
# span 0 =      2.000,   2856.000       
# span 1 =      1.981,   2810.079       
# span 2 =     1.5255,     8.7298       
# span 3 =     1.5274,     8.7300       
# span 4 =  31.485985,  36.766601       
# span 5 =  31.486929,  36.765933       
# span 6 =    6.01060,    6.80266       
# span 7 =     1.6757,     2.5374       
# span 8 = 1.9531e+02, 1.1508e+03       
# span 9 =    -0.0662,    -0.0432       
# span 10 =     0.0000,     0.0000      
# span 11 =      19.10,      98.99      
# span 12 =    94.0085,    97.5233      
# span 13 =     0.0692,     0.0708      
# span 14 =      81423,     186772      
# span 15 =    6.01037,    6.80211      
# span 16 =    0.00000,    0.00000      
# span 17 =    34.8480,    34.9303      
# span 18 =    34.8451,    34.9299      
# span 19 =         23,        138      
# span 20 = 0.0000e+00, 0.0000e+00      
# interval = decibars: 2                
# start_time = Aug 21 2015 19:14:51 [NMEA time, header]
# bad_flag = -9.990e-29
*END*
[from data line 621]
   1614.000   1592.661     3.4893     3.4887  32.742292  32.741503    6.02444     1.8326 4.0938e+02    -0.0441     0.0000      98.73    97.4661     0.0707     121056    6.02436    0.00000    34.9254    34.9251         36 0.0000e+00
   1612.000   1590.695     3.4929     3.4915  32.744732  32.743212    6.02713     1.8337 4.0486e+02    -0.0447     0.0000      98.73    97.4676     0.0707     121095    6.02693    0.00000    34.9255    34.9252         43 0.0000e+00
   1610.000   1588.729     3.4937     3.4926  32.744582  32.743361    6.03233     1.8352 3.9683e+02    -0.0446     0.0000      98.73    97.4707     0.0707     121163    6.03224    0.00000    34.9255    34.9252         78 0.0000e+00
   1608.000   1586.763     3.4961     3.4958  32.745681  32.745078    6.03068     1.8352 3.9838e+02    -0.0445     0.0000      98.73    97.4708     0.0707     121242    6.03043    0.00000    34.9252    34.9248         47 0.0000e+00
   1606.000   1584.797     3.4974     3.4979  32.746077  32.746042    6.03173     1.8358 3.9570e+02    -0.0442     0.0000      98.73    97.4714     0.0707     121285    6.03147    0.00000    34.9253    34.9248         43 0.0000e+00
   1604.000   1582.830     3.5003     3.5001  32.747807  32.747218    6.02983     1.8359 3.9464e+02    -0.0441     0.0000      98.73    97.4680     0.0701     121327    6.02959    0.00000    34.9253    34.9248         39 0.0000e+00
   1602.000   1580.865     3.5018     3.5020  32.748208  32.747905    6.02822     1.8359 3.9791e+02    -0.0441     0.0000      98.73    97.4691     0.0701     121361    6.02802    0.00000    34.9252    34.9246         31 0.0000e+00
   1600.000   1578.898     3.5054     3.5049  32.750868  32.749712    6.02922     1.8367 4.0036e+02    -0.0437     0.0000      98.73    97.4518     0.0704     121391    6.02920    0.00000    34.9255    34.9247         30 0.0000e+00
   1598.000   1576.932     3.5084     3.5078  32.752920  32.752054    6.03164     1.8376 3.9352e+02    -0.0439     0.0000      98.73    97.4521     0.0707     121438    6.03157    0.00000    34.9257    34.9253         57 0.0000e+00
   1596.000   1574.966     3.5101     3.5094  32.753279  32.752432    6.03446     1.8386 3.6712e+02    -0.0436     0.0000      98.73    97.4602     0.0700     121536    6.03432    0.00000    34.9254    34.9251         74 0.0000e+00
   1594.000   1573.000     3.5123     3.5118  32.754282  32.753486    6.03483     1.8391 3.8840e+02    -0.0441     0.0000      98.73    97.4678     0.0704     121596    6.03465    0.00000    34.9252    34.9248         44 0.0000e+00
   1592.000   1571.034     3.5139     3.5146  32.754942  32.755017    6.03296     1.8391 3.9813e+02    -0.0444     0.0000      98.73    97.4622     0.0702     121630    6.03281    0.00000    34.9253    34.9247         30 0.0000e+00
   1590.000   1569.067     3.5167     3.5159  32.756871  32.755284    6.02788     1.8385 3.9790e+02    -0.0436     0.0000      98.73    97.4593     0.0700     121658    6.02783    0.00000    34.9256    34.9246         27 0.0000e+00
   1588.000   1567.101     3.5223     3.5203  32.761155  32.758693    6.02773     1.8390 3.9172e+02    -0.0444     0.0000      98.73    97.4543     0.0703     121686    6.02763    0.00000    34.9258    34.9250         29 0.0000e+00
   1586.000   1565.135     3.5256     3.5235  32.763508  32.761250    6.03066     1.8403 3.7574e+02    -0.0439     0.0000      98.73    97.4567     0.0707     121720    6.03125    0.00000    34.9261    34.9256         46 0.0000e+00
   1584.000   1563.168     3.5250     3.5234  32.762104  32.760061    6.03094     1.8404 3.6315e+02    -0.0444     0.0000      98.73    97.4612     0.0701     121841    6.03049    0.00000    34.9261    34.9253         67 0.0000e+00
   1582.000   1561.202     3.5307     3.5299  32.766629  32.765382    6.03085     1.8407 3.7923e+02    -0.0449     0.0000      98.73    97.4637     0.0705     121893    6.02944    0.00000    34.9264    34.9257         36 0.0000e+00
   1580.000   1559.236     3.5327     3.5332  32.767722  32.767583    6.03109     1.8415 3.8200e+02    -0.0449     0.0000      98.73    97.4522     0.0707     121925    6.03083    0.00000    34.9266    34.9259         29 0.0000e+00
   1578.000   1557.269     3.5366     3.5361  32.770777  32.769533    6.02956     1.8416 3.7979e+02    -0.0441     0.0000      98.73    97.4517     0.0707     121953    6.02927    0.00000    34.9270    34.9261         28 0.0000e+00
   1576.000   1555.303     3.5385     3.5383  32.771407  32.770937    6.03028     1.8422 3.7164e+02    -0.0439     0.0000      98.73    97.4553     0.0707     121981    6.03015    0.00000    34.9268    34.9264         30 0.0000e+00
   1574.000   1553.336     3.5379     3.5379  32.769731  32.769762    6.03362     1.8433 3.5647e+02    -0.0436     0.0000      98.73    97.4598     0.0707     122017    6.03358    0.00000    34.9264    34.9264         49 0.0000e+00
   1572.000   1551.370     3.5378     3.5376  32.768674  32.768323    6.03314     1.8435 3.5893e+02    -0.0445     0.0000      98.73    97.4535     0.0707     122142    6.03294    0.00000    34.9262    34.9260         45 0.0000e+00
   1570.000   1549.404     3.5371     3.5380  32.766731  32.767276    6.03419     1.8441 3.6708e+02    -0.0439     0.0000      98.73    97.4642     0.0707     122173    6.03418    0.00000    34.9256    34.9253         36 0.0000e+00
   1568.000   1547.437     3.5366     3.5371  32.764967  32.765312    6.03537     1.8446 3.6737e+02    -0.0447     0.0000      98.73    97.4694     0.0707     122213    6.03532    0.00000    34.9251    34.9250         43 0.0000e+00
   1566.000   1545.471     3.5375     3.5377  32.764953  32.764887    6.03142     1.8442 3.5974e+02    -0.0439     0.0000      98.73    97.4708     0.0707     122254    6.03146    0.00000    34.9250    34.9247         38 0.0000e+00
   1564.000   1543.504     3.5381     3.5388  32.764617  32.764839    6.02929     1.8440 3.5027e+02    -0.0441     0.0000      98.73    97.4708     0.0707     122289    6.02927    0.00000    34.9250    34.9245         33 0.0000e+00
   1562.000   1541.538     3.5405     3.5400  32.766075  32.765258    6.02731     1.8440 3.4562e+02    -0.0444     0.0000      98.73    97.4708     0.0707     122325    6.02713    0.00000    34.9252    34.9248         42 0.0000e+00
   1560.000   1539.571     3.5429     3.5427  32.767734  32.767104    6.02525     1.8440 3.4908e+02    -0.0445     0.0000      98.73    97.4629     0.0707     122407    6.02517    0.00000    34.9256    34.9251         70 0.0000e+00
   1558.000   1537.605     3.5482     3.5470  32.771922  32.770246    6.02181     1.8440 3.5177e+02    -0.0435     0.0000      98.73    97.4575     0.0707     122470    6.02246    0.00000    34.9260    34.9252         42 0.0000e+00
   1556.000   1535.638     3.5508     3.5514  32.773686  32.773727    6.02041     1.8440 3.5349e+02    -0.0437     0.0000      98.73    97.4610     0.0707     122510    6.02058    0.00000    34.9263    34.9258         39 0.0000e+00
   1554.000   1533.672     3.5544     3.5538  32.776347  32.775248    6.01939     1.8440 3.5351e+02    -0.0439     0.0000      98.73    97.4602     0.0707     122549    6.01857    0.00000    34.9267    34.9260         38 0.0000e+00
   1552.000   1531.705     3.5589     3.5574  32.779847  32.777954    6.01845     1.8441 3.4847e+02    -0.0445     0.0000      98.73    97.4572     0.0707     122585    6.01682    0.00000    34.9271    34.9263         36 0.0000e+00
   1550.000   1529.738     3.5633     3.5626  32.783297  32.782106    6.02106     1.8455 3.4149e+02    -0.0439     0.0000      98.73    97.4545     0.0707     122622    6.02077    0.00000    34.9274    34.9268         40 0.0000e+00
   1548.000   1527.772     3.5642     3.5636  32.783334  32.782540    6.02483     1.8468 3.3756e+02    -0.0440     0.0000      98.73    97.4635     0.0705     122686    6.02477    0.00000    34.9275    34.9272         96 0.0000e+00
   1546.000   1525.805     3.5675     3.5685  32.785450  32.786014    6.02299     1.8469 3.4678e+02    -0.0443     0.0000      98.73    97.4656     0.0703     122774    6.02292    0.00000    34.9276    34.9271         54 0.0000e+00
   1544.000   1523.838     3.5689     3.5696  32.785810  32.785988    6.02032     1.8466 3.4567e+02    -0.0444     0.0000      98.73    97.4562     0.0699     122810    6.02001    0.00000    34.9275    34.9270         30 0.0000e+00
   1542.000   1521.872     3.5690     3.5699  32.784824  32.785236    6.01843     1.8465 3.4375e+02    -0.0442     0.0000      98.73    97.4560     0.0699     122837    6.01812    0.00000    34.9272    34.9268         27 0.0000e+00
   1540.000   1519.905     3.5689     3.5696  32.783655  32.784252    6.02208     1.8477 3.4318e+02    -0.0443     0.0000      98.73    97.4543     0.0697     122866    6.02204    0.00000    34.9269    34.9269         33 0.0000e+00
   1538.000   1517.938     3.5688     3.5692  32.782809  32.783090    6.02616     1.8488 3.3632e+02    -0.0443     0.0000      98.73    97.4540     0.0700     122922    6.02540    0.00000    34.9270    34.9269         84 0.0000e+00
   1536.000   1515.972     3.5725     3.5717  32.785319  32.784124    6.02322     1.8489 3.3037e+02    -0.0443     0.0000      98.73    97.4557     0.0704     123001    6.02355    0.00000    34.9271    34.9265         59 0.0000e+00
   1534.000   1514.005     3.5746     3.5752  32.786392  32.786459    6.02169     1.8489 3.3953e+02    -0.0444     0.0000      98.73    97.4613     0.0707     123046    6.02160    0.00000    34.9271    34.9266         40 0.0000e+00
   1532.000   1512.038     3.5787     3.5784  32.789473  32.788892    6.01939     1.8489 3.4358e+02    -0.0450     0.0000      98.73    97.4644     0.0703     123088    6.01935    0.00000    34.9274    34.9270         46 0.0000e+00
   1530.000   1510.071     3.5831     3.5809  32.792774  32.790275    6.01971     1.8495 3.3789e+02    -0.0442     0.0000      98.73    97.4601     0.0700     123136    6.01963    0.00000    34.9277    34.9270         45 0.0000e+00
   1528.000   1508.104     3.5857     3.5859  32.794479  32.794149    6.02000     1.8500 3.2795e+02    -0.0443     0.0000      98.73    97.4549     0.0699     123177    6.01988    0.00000    34.9279    34.9273         41 0.0000e+00
   1526.000   1506.137     3.5882     3.5879  32.796053  32.795497    6.02015     1.8504 3.2997e+02    -0.0450     0.0000      98.73    97.4545     0.0698     123225    6.02000    0.00000    34.9281    34.9278         53 0.0000e+00
   1524.000   1504.171     3.5907     3.5902  32.797454  32.796629    6.01980     1.8508 3.3680e+02    -0.0444     0.0000      98.73    97.4557     0.0697     123276    6.01964    0.00000    34.9282    34.9277         47 0.0000e+00
   1522.000   1502.204     3.5939     3.5935  32.799821  32.798991    6.02145     1.8516 3.3697e+02    -0.0436     0.0000      98.73    97.4529     0.0699     123325    6.02122    0.00000    34.9286    34.9281         55 0.0000e+00
   1520.000   1500.237     3.5969     3.5964  32.801746  32.801065    6.02318     1.8524 3.2682e+02    -0.0443     0.0000      98.73    97.4531     0.0703     123387    6.02289    0.00000    34.9287    34.9284         63 0.0000e+00
   1518.000   1498.270     3.5971     3.5977  32.800961  32.801161    6.02493     1.8532 3.2771e+02    -0.0456     0.0000      98.73    97.4553     0.0707     123439    6.02482    0.00000    34.9285    34.9282         43 0.0000e+00
   1516.000   1496.303     3.5968     3.5975  32.799503  32.799894    6.02592     1.8538 3.3544e+02    -0.0439     0.0000      98.73    97.4464     0.0707     123479    6.02598    0.00000    34.9281    34.9278         39 0.0000e+00
   1514.000   1494.336     3.5970     3.5973  32.798646  32.798846    6.02655     1.8542 3.3663e+02    -0.0439     0.0000      98.73    97.4412     0.0707     123520    6.02633    0.00000    34.9279    34.9277         46 0.0000e+00
   1512.000   1492.369     3.5971     3.5975  32.797736  32.798053    6.02788     1.8549 3.3134e+02    -0.0435     0.0000      98.73    97.4439     0.0707     123568    6.02781    0.00000    34.9276    34.9276         44 0.0000e+00
   1510.000   1490.402     3.5983     3.5986  32.797857  32.797788    6.02428     1.8547 3.2251e+02    -0.0441     0.0000      98.73    97.4547     0.0707     123607    6.02491    0.00000    34.9275    34.9272         38 0.0000e+00
   1508.000   1488.435     3.5999     3.5998  32.798697  32.798280    6.02421     1.8549 3.2448e+02    -0.0440     0.0000      98.73    97.4521     0.0707     123665    6.02428    0.00000    34.9278    34.9275         64 0.0000e+00
   1506.000   1486.468     3.6039     3.6036  32.801819  32.800854    6.01990     1.8544 3.3208e+02    -0.0444     0.0000      98.73    97.4519     0.0702     123747    6.01957    0.00000    34.9283    34.9274         42 0.0000e+00
   1504.000   1484.501     3.6090     3.6096  32.805976  32.805819    6.01984     1.8549 3.2801e+02    -0.0448     0.0000      98.73    97.4568     0.0699     123779    6.01949    0.00000    34.9288    34.9280         31 0.0000e+00
   1502.000   1482.534     3.6142     3.6139  32.810242  32.809205    6.02048     1.8556 3.2470e+02    -0.0454     0.0000      98.73    97.4501     0.0705     123809    6.02033    0.00000    34.9294    34.9285         30 0.0000e+00
   1500.000   1480.567     3.6169     3.6156  32.811837  32.810449    6.02200     1.8564 3.2414e+02    -0.0441     0.0000      98.73    97.4556     0.0707     123844    6.02193    0.00000    34.9295    34.9292         43 0.0000e+00
   1498.000   1478.600     3.6178     3.6169  32.811729  32.810710    6.02319     1.8571 3.2927e+02    -0.0439     0.0000      98.73    97.4538     0.0707     123906    6.02310    0.00000    34.9293    34.9291         72 0.0000e+00
   1496.000   1476.632     3.6185     3.6187  32.811209  32.811259    6.01857     1.8564 3.2795e+02    -0.0442     0.0000      98.73    97.4487     0.0707     123965    6.01826    0.00000    34.9289    34.9288         50 0.0000e+00
   1494.000   1474.666     3.6193     3.6201  32.810919  32.811260    6.01729     1.8565 3.1732e+02    -0.0442     0.0000      98.73    97.4572     0.0707     124014    6.01705    0.00000    34.9287    34.9284         51 0.0000e+00
   1492.000   1472.698     3.6216     3.6213  32.812107  32.811574    6.01811     1.8571 3.2038e+02    -0.0439     0.0000      98.73    97.4544     0.0707     124070    6.01806    0.00000    34.9287    34.9284         53 0.0000e+00
   1490.000   1470.731     3.6237     3.6238  32.813237  32.812768    6.01471     1.8568 3.3174e+02    -0.0445     0.0000      98.73    97.4532     0.0707     124112    6.01462    0.00000    34.9288    34.9282         35 0.0000e+00
   1488.000   1468.764     3.6259     3.6262  32.814564  32.814385    6.01451     1.8572 3.3280e+02    -0.0441     0.0000      98.73    97.4549     0.0707     124146    6.01437    0.00000    34.9290    34.9286         37 0.0000e+00
   1486.000   1466.797     3.6277     3.6276  32.815433  32.815067    6.01630     1.8580 3.2416e+02    -0.0442     0.0000      98.73    97.4543     0.0707     124197    6.01640    0.00000    34.9292    34.9289         66 0.0000e+00
   1484.000   1464.830     3.6293     3.6288  32.815894  32.815258    6.01787     1.8586 3.1479e+02    -0.0438     0.0000      98.73    97.4503     0.0707     124264    6.01724    0.00000    34.9291    34.9288         62 0.0000e+00
   1482.000   1462.862     3.6309     3.6308  32.816418  32.816082    6.01993     1.8597 3.2406e+02    -0.0435     0.0000      98.73    97.4583     0.0707     124317    6.02018    0.00000    34.9290    34.9286         43 0.0000e+00
   1480.000   1460.895     3.6330     3.6335  32.817634  32.817593    6.01836     1.8598 3.2824e+02    -0.0446     0.0000      98.73    97.4479     0.0707     124354    6.01879    0.00000    34.9292    34.9286         34 0.0000e+00
