Ship_data/Irminger/Irminger-1/ctd/process_mlankhorst/KN22104003.ros
* Sea-Bird SBE 9 Data File:
* FileName = C:\Data\ctd\KN22104003.hdr
* Software Version Seasave V 7.21k
* Temperature SN = 4195
* Conductivity SN = 2147
* Number of Bytes Per Scan = 40
* Number of Voltage Words = 5
* Number of Scans Averaged by the Deck Unit = 1
* NMEA Latitude = 61 53.17 N
* NMEA Longitude = 032 18.33 W
* NMEA UTC (Time) = Sep 08 2014 18:04:26
** KN221-04 Chief Scientist: Bob Weller
** OOI Irminger Sea Sept. 2014
** Station: 003
** Knudsen Depth: 2698
# nquan = 13
# nvalues = 588                                   
# units = specified
# name 0 = prDM: Pressure, Digiquartz [db]
# name 1 = t090C: Temperature [ITS-90, deg C]
# name 2 = t190C: Temperature, 2 [ITS-90, deg C]
# name 3 = c0S/m: Conductivity [S/m]
# name 4 = c1S/m: Conductivity, 2 [S/m]
# name 5 = sbeox0V: Oxygen raw, SBE 43 [V]
# name 6 = flECO-AFL: Fluorescence, WET Labs ECO-AFL/FL [mg/m^3]
# name 7 = CStarAt0: Beam Attenuation, WET Labs C-Star [1/m]
# name 8 = sbeox0ML/L: Oxygen, SBE 43 [ml/l]
# name 9 = timeS: Time, Elapsed [seconds]
# name 10 = scan: Scan Count
# name 11 = nbf: Bottles Fired
# name 12 = flag:  0.000e+00
# interval = seconds: 0.0416667
# start_time = Sep 08 2014 18:04:26 [NMEA time, header]
# bad_flag = -9.990e-29
*END*
   2521.013     3.0098     3.0093   3.268402   3.268672     1.5031     0.0470     0.0814    4.68742   3741.917      89807          1  0.000e+00
   2521.013     3.0096     3.0093   3.268426   3.268665     1.5031     0.0470     0.0814    4.68766   3741.958      89808          1  0.000e+00
   2521.013     3.0096     3.0093   3.268420   3.268640     1.5031     0.0470     0.0814    4.68789   3742.000      89809          1  0.000e+00
   2521.013     3.0098     3.0091   3.268414   3.268665     1.5031     0.0470     0.0814    4.68810   3742.042      89810          1  0.000e+00
   2521.071     3.0098     3.0093   3.268408   3.268672     1.5031     0.0470     0.0814    4.68553   3742.083      89811          1  0.000e+00
   2520.981     3.0096     3.0089   3.268408   3.268634     1.5031     0.0470     0.0814    4.68560   3742.125      89812          1  0.000e+00
   2521.071     3.0096     3.0091   3.268408   3.268640     1.5031     0.0470     0.0814    4.68578   3742.167      89813          1  0.000e+00
   2521.136     3.0098     3.0093   3.268433   3.268640     1.5031     0.0348     0.0814    4.68590   3742.208      89814          1  0.000e+00
   2521.013     3.0096     3.0091   3.268414   3.268665     1.5031     0.0348     0.0814    4.68596   3742.250      89815          1  0.000e+00
   2521.136     3.0095     3.0091   3.268390   3.268697     1.5031     0.0348     0.0814    4.68618   3742.292      89816          1  0.000e+00
   2521.071     3.0098     3.0093   3.268396   3.268665     1.5031     0.0348     0.0803    4.68622   3742.333      89817          1  0.000e+00
   2521.071     3.0098     3.0094   3.268432   3.268672     1.5031     0.0348     0.0814    4.68632   3742.375      89818          1  0.000e+00
   2521.112     3.0097     3.0091   3.268414   3.268608     1.5031     0.0348     0.0803    4.68647   3742.417      89819          1  0.000e+00
   2521.071     3.0096     3.0093   3.268408   3.268665     1.5031     0.0348     0.0803    4.68657   3742.458      89820          1  0.000e+00
   2521.071     3.0096     3.0093   3.268426   3.268640     1.5031     0.0348     0.0803    4.68668   3742.500      89821          1  0.000e+00
   2521.136     3.0098     3.0094   3.268420   3.268634     1.5031     0.0348     0.0814    4.68682   3742.542      89822          1  0.000e+00
   2521.071     3.0099     3.0093   3.268426   3.268640     1.5031     0.0348     0.0803    4.68688   3742.583      89823          1  0.000e+00
   2521.014     3.0096     3.0093   3.268420   3.268634     1.5031     0.0348     0.0803    4.68699   3742.625      89824          1  0.000e+00
   2521.112     3.0100     3.0091   3.268426   3.268672     1.5031     0.0348     0.0814    4.68712   3742.667      89825          1  0.000e+00
   2521.014     3.0098     3.0094   3.268420   3.268640     1.5031     0.0348     0.0803    4.68720   3742.708      89826          1  0.000e+00
   2521.071     3.0101     3.0093   3.268451   3.268665     1.5031     0.0348     0.0803    4.68731   3742.750      89827          1  0.000e+00
   2521.071     3.0099     3.0094   3.268426   3.268608     1.5031     0.0348     0.0803    4.68745   3742.792      89828          1  0.000e+00
   2521.014     3.0103     3.0093   3.268414   3.268634     1.5031     0.0348     0.0803    4.68750   3742.833      89829          1  0.000e+00
   2521.014     3.0104     3.0093   3.268426   3.268640     1.5031     0.0348     0.0803    4.68760   3742.875      89830          1  0.000e+00
   2520.981     3.0103     3.0094   3.268438   3.268665     1.5031     0.0348     0.0803    4.68770   3742.917      89831          1  0.000e+00
   2521.014     3.0104     3.0097   3.268457   3.268640     1.5031     0.0348     0.0814    4.68782   3742.958      89832          1  0.000e+00
   2521.014     3.0103     3.0096   3.268426   3.268672     1.5031     0.0348     0.0814    4.68796   3743.000      89833          1  0.000e+00
   2520.948     3.0106     3.0099   3.268408   3.268665     1.5031     0.0348     0.0814    4.68800   3743.042      89834          1  0.000e+00
   2520.948     3.0106     3.0099   3.268432   3.268697     1.5031     0.0348     0.0814    4.68811   3743.083      89835          1  0.000e+00
   2520.948     3.0106     3.0097   3.268438   3.268665     1.5031     0.0348     0.0814    4.68822   3743.125      89836          1  0.000e+00
   2520.858     3.0106     3.0099   3.268463   3.268697     1.5031     0.0348     0.0803    4.68827   3743.167      89837          1  0.000e+00
   2520.883     3.0107     3.0099   3.268469   3.268665     1.5031     0.0348     0.0803    4.68839   3743.208      89838          1  0.000e+00
   2520.883     3.0106     3.0100   3.268469   3.268672     1.5031     0.0348     0.0814    4.68851   3743.250      89839          1  0.000e+00
   2520.883     3.0106     3.0100   3.268444   3.268640     1.5031     0.0348     0.0814    4.68864   3743.292      89840          1  0.000e+00
   2520.817     3.0107     3.0099   3.268420   3.268691     1.5031     0.0348     0.0814    4.68870   3743.333      89841          1  0.000e+00
   2520.817     3.0107     3.0102   3.268426   3.268640     1.5031     0.0348     0.0814    4.68881   3743.375      89842          1  0.000e+00
   2520.760     3.0106     3.0101   3.268438   3.268691     1.5031     0.0348     0.0814    4.68890   3743.417      89843          1  0.000e+00
   2520.793     3.0107     3.0099   3.268457   3.268672     1.5031     0.0348     0.0814    4.68902   3743.458      89844          1  0.000e+00
   2520.694     3.0108     3.0099   3.268469   3.268697     1.5031     0.0348     0.0814    4.68621   3743.500      89845          1  0.000e+00
   2520.760     3.0107     3.0099   3.268432   3.268691     1.5031     0.0348     0.0814    4.68628   3743.542      89846          1  0.000e+00
   2520.629     3.0106     3.0099   3.268469   3.268697     1.5031     0.0348     0.0814    4.68620   3743.583      89847          1  0.000e+00
   2520.694     3.0107     3.0100   3.268438   3.268665     1.5031     0.0348     0.0814    4.68624   3743.625      89848          1  0.000e+00
   2520.629     3.0106     3.0099   3.268450   3.268672     1.5031     0.0348     0.0814    4.68621   3743.667      89849          1  0.000e+00
   2520.604     3.0104     3.0102   3.268469   3.268665     1.5031     0.0348     0.0814    4.68620   3743.708      89850          1  0.000e+00
   2520.571     3.0104     3.0100   3.268444   3.268672     1.5031     0.0348     0.0814    4.68620   3743.750      89851          1  0.000e+00
   2520.571     3.0106     3.0099   3.268420   3.268697     1.5031     0.0348     0.0814    4.68619   3743.792      89852          1  0.000e+00
   2520.571     3.0104     3.0099   3.268450   3.268665     1.5031     0.0348     0.0814    4.68619   3743.833      89853          1  0.000e+00
   2520.440     3.0104     3.0102   3.268426   3.268672     1.5031     0.0348     0.0814    4.68612   3743.875      89854          1  0.000e+00
   2520.416     3.0104     3.0100   3.268426   3.268665     1.5031     0.0348     0.0814    4.68611   3743.917      89855          1  0.000e+00
   2520.643     3.0107     3.0104   3.268529   3.268729     1.5032     0.0348     0.0814    4.68407   3770.458      90492          2  0.000e+00
   2520.684     3.0109     3.0102   3.268505   3.268722     1.5032     0.0348     0.0803    4.68443   3770.500      90493          2  0.000e+00
   2520.643     3.0109     3.0104   3.268499   3.268729     1.5032     0.0348     0.0814    4.68475   3770.542      90494          2  0.000e+00
   2520.709     3.0110     3.0104   3.268499   3.268786     1.5032     0.0348     0.0814    4.68512   3770.583      90495          2  0.000e+00
   2520.774     3.0111     3.0102   3.268523   3.268697     1.5032     0.0348     0.0814    4.68549   3770.625      90496          2  0.000e+00
   2520.455     3.0111     3.0102   3.268547   3.268729     1.5032     0.0348     0.0803    4.68562   3770.667      90497          2  0.000e+00
   2520.832     3.0109     3.0101   3.268517   3.268723     1.5032     0.0348     0.0814    4.68622   3770.708      90498          2  0.000e+00
   2520.684     3.0109     3.0104   3.268499   3.268761     1.5032     0.0348     0.0814    4.68648   3770.750      90499          2  0.000e+00
   2520.709     3.0109     3.0104   3.268523   3.268722     1.5032     0.0348     0.0814    4.68683   3770.792      90500          2  0.000e+00
   2520.774     3.0112     3.0102   3.268481   3.268729     1.5032     0.0348     0.0814    4.68720   3770.833      90501          2  0.000e+00
   2520.709     3.0112     3.0105   3.268517   3.268729     1.5032     0.0348     0.0803    4.68749   3770.875      90502          2  0.000e+00
   2520.709     3.0109     3.0104   3.268529   3.268754     1.5032     0.0348     0.0814    4.68785   3770.917      90503          2  0.000e+00
   2520.709     3.0111     3.0104   3.268529   3.268761     1.5019     0.0348     0.0814    4.67964   3770.958      90504          2  0.000e+00
   2520.742     3.0111     3.0104   3.268481   3.268723     1.5032     0.0348     0.0803    4.68594   3771.000      90505          2  0.000e+00
   2520.709     3.0111     3.0102   3.268517   3.268697     1.5032     0.0348     0.0814    4.68636   3771.042      90506          2  0.000e+00
   2520.775     3.0111     3.0103   3.268505   3.268754     1.5032     0.0348     0.0803    4.68687   3771.083      90507          2  0.000e+00
   2520.709     3.0110     3.0104   3.268523   3.268729     1.5032     0.0348     0.0814    4.68728   3771.125      90508          2  0.000e+00
   2520.775     3.0109     3.0104   3.268517   3.268729     1.5032     0.0348     0.0814    4.68779   3771.167      90509          2  0.000e+00
   2520.775     3.0111     3.0104   3.268517   3.268723     1.5032     0.0348     0.0814    4.68823   3771.208      90510          2  0.000e+00
   2520.742     3.0109     3.0103   3.268469   3.268729     1.5032     0.0348     0.0814    4.68870   3771.250      90511          2  0.000e+00
   2520.709     3.0111     3.0104   3.268499   3.268754     1.5032     0.0348     0.0814    4.68910   3771.292      90512          2  0.000e+00
   2520.775     3.0111     3.0105   3.268529   3.268761     1.5032     0.0470     0.0814    4.68959   3771.333      90513          2  0.000e+00
   2520.709     3.0111     3.0104   3.268529   3.268754     1.5032     0.0348     0.0814    4.69000   3771.375      90514          2  0.000e+00
   2520.775     3.0108     3.0105   3.268511   3.268697     1.5032     0.0348     0.0814    4.69053   3771.417      90515          2  0.000e+00
   2520.775     3.0111     3.0103   3.268499   3.268697     1.5032     0.0348     0.0814    4.69097   3771.458      90516          2  0.000e+00
   2520.742     3.0109     3.0105   3.268499   3.268786     1.5032     0.0348     0.0803    4.69142   3771.500      90517          2  0.000e+00
   2520.709     3.0111     3.0104   3.268499   3.268697     1.5032     0.0348     0.0803    4.69184   3771.542      90518          2  0.000e+00
   2520.775     3.0111     3.0102   3.268499   3.268754     1.5032     0.0348     0.0803    4.68949   3771.583      90519          2  0.000e+00
   2520.709     3.0107     3.0105   3.268475   3.268697     1.5032     0.0348     0.0803    4.68983   3771.625      90520          2  0.000e+00
   2520.709     3.0108     3.0104   3.268469   3.268722     1.5032     0.0348     0.0803    4.69017   3771.667      90521          2  0.000e+00
   2520.775     3.0109     3.0104   3.268487   3.268729     1.5032     0.0348     0.0803    4.68770   3771.708      90522          2  0.000e+00
   2520.742     3.0109     3.0102   3.268523   3.268761     1.5032     0.0348     0.0814    4.68789   3771.750      90523          2  0.000e+00
   2520.709     3.0112     3.0102   3.268505   3.268722     1.5032     0.0348     0.0814    4.68807   3771.792      90524          2  0.000e+00
   2520.709     3.0109     3.0104   3.268499   3.268729     1.5032     0.0348     0.0814    4.68833   3771.833      90525          2  0.000e+00
   2520.709     3.0111     3.0105   3.268517   3.268722     1.5032     0.0348     0.0814    4.68854   3771.875      90526          2  0.000e+00
   2520.775     3.0112     3.0105   3.268529   3.268729     1.5032     0.0348     0.0814    4.68879   3771.917      90527          2  0.000e+00
   2520.644     3.0112     3.0104   3.268529   3.268754     1.5032     0.0470     0.0814    4.68894   3771.958      90528          2  0.000e+00
   2520.742     3.0112     3.0104   3.268511   3.268729     1.5032     0.0348     0.0814    4.68923   3772.000      90529          2  0.000e+00
   2520.709     3.0111     3.0104   3.268547   3.268697     1.5032     0.0348     0.0814    4.68944   3772.042      90530          2  0.000e+00
   2520.709     3.0114     3.0107   3.268559   3.268722     1.5032     0.0348     0.0814    4.68963   3772.083      90531          2  0.000e+00
   2520.644     3.0112     3.0105   3.268541   3.268729     1.5032     0.0348     0.0814    4.68984   3772.125      90532          2  0.000e+00
   2520.710     3.0112     3.0105   3.268505   3.268722     1.5032     0.0348     0.0825    4.68728   3772.167      90533          2  0.000e+00
   2520.644     3.0112     3.0107   3.268523   3.268729     1.5032     0.0348     0.0825    4.68735   3772.208      90534          2  0.000e+00
   2520.685     3.0110     3.0105   3.268529   3.268786     1.5032     0.0348     0.0825    4.68751   3772.250      90535          2  0.000e+00
   2520.710     3.0112     3.0105   3.268529   3.268761     1.5032     0.0348     0.0825    4.68762   3772.292      90536          2  0.000e+00
   2520.644     3.0112     3.0105   3.268529   3.268761     1.5019     0.0348     0.0814    4.67915   3772.333      90537          2  0.000e+00
   2520.644     3.0111     3.0107   3.268511   3.268754     1.5032     0.0348     0.0814    4.68522   3772.375      90538          2  0.000e+00
   2520.644     3.0109     3.0105   3.268517   3.268697     1.5032     0.0348     0.0814    4.68546   3772.417      90539          2  0.000e+00
   2520.644     3.0111     3.0107   3.268529   3.268754     1.5032     0.0348     0.0814    4.68566   3772.458      90540          2  0.000e+00
   2216.066     3.2220     3.2214   3.275570   3.275795     1.5482     0.0470     0.0814    4.66770   4701.042     112826          3  0.000e+00
   2216.188     3.2220     3.2217   3.275582   3.275795     1.5482     0.0470     0.0814    4.66746   4701.083     112827          3  0.000e+00
   2216.131     3.2216     3.2211   3.275552   3.275770     1.5495     0.0470     0.0814    4.67523   4701.125     112828          3  0.000e+00
   2216.204     3.2214     3.2214   3.275503   3.275795     1.5495     0.0470     0.0803    4.67754   4701.167     112829          3  0.000e+00
   2216.253     3.2215     3.2213   3.275515   3.275770     1.5495     0.0470     0.0814    4.67978   4701.208     112830          3  0.000e+00
   2216.253     3.2214     3.2209   3.275515   3.275732     1.5495     0.0470     0.0814    4.67949   4701.250     112831          3  0.000e+00
   2216.131     3.2215     3.2207   3.275552   3.275795     1.5482     0.0470     0.0814    4.67103   4701.292     112832          3  0.000e+00
   2216.261     3.2217     3.2208   3.275540   3.275706     1.5495     0.0470     0.0814    4.67875   4701.333     112833          3  0.000e+00
   2216.253     3.2218     3.2205   3.275515   3.275732     1.5482     0.0470     0.0814    4.67290   4701.375     112834          3  0.000e+00
   2216.253     3.2217     3.2208   3.275576   3.275706     1.5482     0.0470     0.0814    4.67269   4701.417     112835          3  0.000e+00
   2216.319     3.2216     3.2206   3.275528   3.275700     1.5495     0.0470     0.0814    4.67809   4701.458     112836          3  0.000e+00
   2216.327     3.2215     3.2208   3.275528   3.275732     1.5495     0.0470     0.0814    4.67780   4701.500     112837          3  0.000e+00
   2216.376     3.2215     3.2208   3.275558   3.275706     1.5482     0.0470     0.0814    4.66946   4701.542     112838          3  0.000e+00
