Ship_data/Irminger/Irminger-1/ctd/process_mlankhorst/KN22104003.ros
* Sea-Bird SBE 9 Data File:
* FileName = C:\Data\ctd\KN22104003.hdr
* Software Version Seasave V 7.21k
* Temperature SN = 4195
* Conductivity SN = 2147
* Number of Bytes Per Scan = 40
* Number of Voltage Words = 5
* Number of Scans Averaged by the Deck Unit = 1
* NMEA Latitude = 61 53.17 N
* NMEA Longitude = 032 18.33 W
* NMEA UTC (Time) = Sep 08 2014 18:04:26
** KN221-04 Chief Scientist: Bob Weller
** OOI Irminger Sea Sept. 2014
** Station: 003
** Knudsen Depth: 2698
# nquan = 13
# nvalues = 588                                   
# units = specified
# name 0 = prDM: Pressure, Digiquartz [db]
# name 1 = t090C: Temperature [ITS-90, deg C]
# name 2 = t190C: Temperature, 2 [ITS-90, deg C]
# name 3 = c0S/m: Conductivity [S/m]
# name 4 = c1S/m: Conductivity, 2 [S/m]
# name 5 = sbeox0V: Oxygen raw, SBE 43 [V]
# name 6 = flECO-AFL: Fluorescence, WET Labs ECO-AFL/FL [mg/m^3]
# name 7 = CStarAt0: Beam Attenuation, WET Labs C-Star [1/m]
# name 8 = sbeox0ML/L: Oxygen, SBE 43 [ml/l]
# name 9 = timeS: Time, Elapsed [seconds]
# name 10 = scan: Scan Count
# name 11 = nbf: Bottles Fired
# name 12 = flag:  0.000e+00
# interval = seconds: 0.0416667
# start_time = Sep 08 2014 18:04:26 [NMEA time, header]
# bad_flag = -9.990e-29
*END*
[from data line 223]
   1964.289     3.4493     3.4487   3.286122   3.286372     1.5875     0.0470     0.0825    4.66585   5571.833     133725          5  0.000e+00
   1964.289     3.4493     3.4487   3.286128   3.286340     1.5875     0.0470     0.0825    4.66512   5571.875     133726          5  0.000e+00
   1964.289     3.4493     3.4487   3.286140   3.286340     1.5875     0.0470     0.0825    4.66438   5571.917     133727          5  0.000e+00
   1964.314     3.4493     3.4487   3.286140   3.286372     1.5875     0.0470     0.0825    4.66367   5571.958     133728          5  0.000e+00
   1964.224     3.4492     3.4489   3.286140   3.286276     1.5875     0.0470     0.0825    4.66290   5572.000     133729          5  0.000e+00
   1964.354     3.4493     3.4487   3.286140   3.286314     1.5875     0.0470     0.0825    4.66223   5572.042     133730          5  0.000e+00
   1964.289     3.4492     3.4486   3.286122   3.286340     1.5875     0.0470     0.0825    4.66148   5572.083     133731          5  0.000e+00
   1964.314     3.4492     3.4487   3.286128   3.286314     1.5875     0.0348     0.0825    4.66076   5572.125     133732          5  0.000e+00
   1964.354     3.4490     3.4484   3.286159   3.286372     1.5875     0.0226     0.0825    4.66006   5572.167     133733          5  0.000e+00
   1964.354     3.4492     3.4489   3.286171   3.286372     1.5875     0.0226     0.0825    4.65931   5572.208     133734          5  0.000e+00
   1964.314     3.4493     3.4486   3.286153   3.286340     1.5875     0.0226     0.0825    4.65855   5572.250     133735          5  0.000e+00
   1964.354     3.4490     3.4486   3.286140   3.286340     1.5875     0.0226     0.0825    4.65788   5572.292     133736          5  0.000e+00
   1964.354     3.4493     3.4484   3.286159   3.286372     1.5875     0.0226     0.0825    4.65711   5572.333     133737          5  0.000e+00
   1964.354     3.4490     3.4484   3.286153   3.286365     1.5875     0.0226     0.0825    4.65641   5572.375     133738          5  0.000e+00
   1964.379     3.4492     3.4487   3.286140   3.286340     1.5875     0.0226     0.0825    4.65797   5572.417     133739          5  0.000e+00
   1964.354     3.4492     3.4487   3.286140   3.286372     1.5875     0.0226     0.0814    4.65960   5572.458     133740          5  0.000e+00
   1964.411     3.4493     3.4484   3.286140   3.286340     1.5887     0.0226     0.0825    4.66657   5572.500     133741          5  0.000e+00
   1964.435     3.4492     3.4484   3.286140   3.286403     1.5875     0.0226     0.0825    4.66065   5572.542     133742          5  0.000e+00
   1964.354     3.4492     3.4484   3.286140   3.286340     1.5875     0.0226     0.0825    4.65996   5572.583     133743          5  0.000e+00
   1964.476     3.4492     3.4484   3.286122   3.286340     1.5875     0.0226     0.0825    4.65940   5572.625     133744          5  0.000e+00
   1964.411     3.4492     3.4486   3.286177   3.286314     1.5875     0.0226     0.0825    4.65870   5572.667     133745          5  0.000e+00
   1964.435     3.4493     3.4484   3.286183   3.286333     1.5875     0.0226     0.0825    4.65806   5572.708     133746          5  0.000e+00
   1964.972     3.4489     3.4482   3.286153   3.286340     1.5875     0.0348     0.0825    4.66745   5586.208     134070          6  0.000e+00
   1964.972     3.4487     3.4482   3.286141   3.286340     1.5875     0.0348     0.0825    4.66665   5586.250     134071          6  0.000e+00
   1964.931     3.4489     3.4482   3.286141   3.286340     1.5875     0.0470     0.0814    4.66578   5586.292     134072          6  0.000e+00
   1965.037     3.4487     3.4481   3.286159   3.286340     1.5887     0.0348     0.0825    4.67254   5586.333     134073          6  0.000e+00
   1964.972     3.4487     3.4481   3.286129   3.286308     1.5875     0.0348     0.0825    4.66857   5586.375     134074          6  0.000e+00
   1965.037     3.4490     3.4481   3.286153   3.286340     1.5887     0.0348     0.0825    4.67754   5586.417     134075          6  0.000e+00
   1964.996     3.4489     3.4478   3.286153   3.286314     1.5875     0.0348     0.0825    4.67139   5586.458     134076          6  0.000e+00
   1964.907     3.4489     3.4481   3.286122   3.286314     1.5875     0.0348     0.0825    4.67053   5586.500     134077          6  0.000e+00
   1965.037     3.4489     3.4481   3.286129   3.286372     1.5875     0.0348     0.0825    4.66978   5586.542     134078          6  0.000e+00
   1965.037     3.4489     3.4482   3.286123   3.286340     1.5875     0.0348     0.0825    4.66896   5586.583     134079          6  0.000e+00
   1965.061     3.4487     3.4481   3.286110   3.286314     1.5875     0.0348     0.0825    4.66818   5586.625     134080          6  0.000e+00
   1964.972     3.4489     3.4482   3.286129   3.286340     1.5875     0.0348     0.0825    4.66956   5586.667     134081          6  0.000e+00
   1964.972     3.4487     3.4481   3.286122   3.286308     1.5875     0.0348     0.0825    4.66885   5586.708     134082          6  0.000e+00
   1965.037     3.4490     3.4482   3.286110   3.286340     1.5875     0.0348     0.0825    4.67041   5586.750     134083          6  0.000e+00
   1964.996     3.4495     3.4484   3.286153   3.286340     1.5875     0.0348     0.0814    4.66969   5586.792     134084          6  0.000e+00
   1964.972     3.4495     3.4484   3.286171   3.286314     1.5875     0.0470     0.0825    4.66903   5586.833     134085          6  0.000e+00
   1964.972     3.4495     3.4487   3.286189   3.286340     1.5875     0.0348     0.0814    4.66838   5586.875     134086          6  0.000e+00
   1964.996     3.4497     3.4486   3.286183   3.286314     1.5875     0.0348     0.0814    4.66774   5586.917     134087          6  0.000e+00
   1964.972     3.4497     3.4487   3.286189   3.286314     1.5875     0.0348     0.0814    4.66708   5586.958     134088          6  0.000e+00
   1964.972     3.4498     3.4489   3.286183   3.286340     1.5875     0.0348     0.0814    4.66643   5587.000     134089          6  0.000e+00
   1964.907     3.4497     3.4489   3.286189   3.286340     1.5875     0.0348     0.0825    4.66576   5587.042     134090          6  0.000e+00
   1964.931     3.4497     3.4489   3.286135   3.286334     1.5875     0.0348     0.0825    4.66516   5587.083     134091          6  0.000e+00
   1964.907     3.4497     3.4487   3.286153   3.286404     1.5875     0.0348     0.0825    4.66450   5587.125     134092          6  0.000e+00
   1964.907     3.4495     3.4489   3.286189   3.286314     1.5875     0.0348     0.0825    4.66386   5587.167     134093          6  0.000e+00
   1964.907     3.4497     3.4490   3.286201   3.286372     1.5875     0.0348     0.0825    4.66320   5587.208     134094          6  0.000e+00
   1964.875     3.4495     3.4489   3.286201   3.286404     1.5875     0.0348     0.0825    4.66256   5587.250     134095          6  0.000e+00
   1964.850     3.4497     3.4489   3.286201   3.286372     1.5875     0.0348     0.0825    4.66189   5587.292     134096          6  0.000e+00
   1964.850     3.4497     3.4490   3.286183   3.286372     1.5875     0.0348     0.0825    4.66125   5587.333     134097          6  0.000e+00
   1964.850     3.4498     3.4489   3.286189   3.286372     1.5887     0.0348     0.0825    4.66810   5587.375     134098          6  0.000e+00
   1964.810     3.4498     3.4490   3.286201   3.286365     1.5875     0.0348     0.0825    4.66203   5587.417     134099          6  0.000e+00
   1964.785     3.4497     3.4489   3.286201   3.286372     1.5875     0.0348     0.0814    4.66130   5587.458     134100          6  0.000e+00
   1964.728     3.4497     3.4490   3.286159   3.286404     1.5887     0.0348     0.0825    4.66805   5587.500     134101          6  0.000e+00
   1964.745     3.4498     3.4492   3.286183   3.286372     1.5887     0.0348     0.0825    4.66940   5587.542     134102          6  0.000e+00
   1964.728     3.4497     3.4489   3.286183   3.286372     1.5887     0.0348     0.0814    4.67069   5587.583     134103          6  0.000e+00
   1964.728     3.4497     3.4490   3.286171   3.286372     1.5875     0.0348     0.0825    4.66438   5587.625     134104          6  0.000e+00
   1964.663     3.4498     3.4490   3.286171   3.286372     1.5875     0.0348     0.0825    4.66332   5587.667     134105          6  0.000e+00
   1964.623     3.4497     3.4490   3.286171   3.286403     1.5875     0.0348     0.0825    4.66230   5587.708     134106          6  0.000e+00
   1964.598     3.4498     3.4490   3.286189   3.286333     1.5875     0.0348     0.0825    4.66354   5587.750     134107          6  0.000e+00
   1964.598     3.4497     3.4490   3.286219   3.286372     1.5875     0.0348     0.0825    4.66492   5587.792     134108          6  0.000e+00
   1964.598     3.4497     3.4490   3.286207   3.286372     1.5875     0.0348     0.0825    4.66410   5587.833     134109          6  0.000e+00
   1964.558     3.4500     3.4490   3.286183   3.286372     1.5875     0.0348     0.0825    4.66323   5587.875     134110          6  0.000e+00
   1964.542     3.4497     3.4490   3.286189   3.286372     1.5875     0.0348     0.0825    4.66243   5587.917     134111          6  0.000e+00
   1964.477     3.4497     3.4490   3.286183   3.286340     1.5875     0.0348     0.0825    4.66385   5587.958     134112          6  0.000e+00
   1964.436     3.4498     3.4490   3.286189   3.286372     1.5875     0.0348     0.0825    4.66536   5588.000     134113          6  0.000e+00
   1964.477     3.4498     3.4490   3.286159   3.286372     1.5887     0.0348     0.0825    4.67454   5588.042     134114          6  0.000e+00
   1964.412     3.4498     3.4489   3.286159   3.286340     1.5875     0.0348     0.0825    4.66855   5588.083     134115          6  0.000e+00
   1964.355     3.4497     3.4490   3.286171   3.286365     1.5875     0.0348     0.0825    4.66789   5588.125     134116          6  0.000e+00
   1964.379     3.4497     3.4490   3.286171   3.286372     1.5875     0.0348     0.0825    4.66727   5588.167     134117          6  0.000e+00
   1964.355     3.4498     3.4490   3.286153   3.286340     1.5875     0.0348     0.0825    4.66660   5588.208     134118          6  0.000e+00
   1027.234     3.7992     3.7996   3.273312   3.273547     1.8189     0.0348     0.0836    4.95847   7102.708     170466          7  0.000e+00
   1027.170     3.7990     3.7992   3.273276   3.273547     1.8189     0.0348     0.0836    4.95892   7102.750     170467          7  0.000e+00
   1027.234     3.7990     3.7992   3.273288   3.273572     1.8189     0.0348     0.0836    4.95942   7102.792     170468          7  0.000e+00
   1027.234     3.7992     3.7991   3.273276   3.273547     1.8189     0.0348     0.0836    4.95986   7102.833     170469          7  0.000e+00
   1027.210     3.7989     3.7991   3.273282   3.273547     1.8189     0.0348     0.0836    4.96033   7102.875     170470          7  0.000e+00
   1027.170     3.7990     3.7991   3.273318   3.273515     1.8189     0.0470     0.0836    4.96073   7102.917     170471          7  0.000e+00
   1027.234     3.7990     3.7992   3.273306   3.273547     1.8176     0.0348     0.0836    4.95505   7102.958     170472          7  0.000e+00
   1027.170     3.7991     3.7992   3.273318   3.273572     1.8189     0.0348     0.0836    4.96014   7103.000     170473          7  0.000e+00
   1027.290     3.7989     3.7994   3.273306   3.273515     1.8189     0.0348     0.0836    4.95913   7103.042     170474          7  0.000e+00
   1027.210     3.7990     3.7992   3.273312   3.273547     1.8189     0.0348     0.0836    4.95788   7103.083     170475          7  0.000e+00
   1027.234     3.7989     3.7992   3.273264   3.273547     1.8189     0.0348     0.0836    4.95832   7103.125     170476          7  0.000e+00
   1027.234     3.7989     3.7991   3.273276   3.273547     1.8189     0.0348     0.0836    4.95871   7103.167     170477          7  0.000e+00
   1027.170     3.7992     3.7992   3.273312   3.273547     1.8189     0.0348     0.0836    4.95901   7103.208     170478          7  0.000e+00
   1027.290     3.7989     3.7991   3.273324   3.273547     1.8189     0.0348     0.0836    4.95951   7103.250     170479          7  0.000e+00
   1027.210     3.7992     3.7996   3.273306   3.273515     1.8189     0.0470     0.0836    4.95982   7103.292     170480          7  0.000e+00
   1027.234     3.7992     3.7991   3.273294   3.273547     1.8176     0.0348     0.0836    4.95405   7103.333     170481          7  0.000e+00
   1027.290     3.7990     3.7991   3.273318   3.273572     1.8189     0.0470     0.0836    4.95917   7103.375     170482          7  0.000e+00
   1027.234     3.7992     3.7991   3.273343   3.273515     1.8189     0.0348     0.0836    4.95956   7103.417     170483          7  0.000e+00
   1027.290     3.7992     3.7987   3.273318   3.273547     1.8189     0.0348     0.0825    4.96006   7103.458     170484          7  0.000e+00
   1027.266     3.7992     3.7991   3.273318   3.273547     1.8189     0.0348     0.0825    4.96050   7103.500     170485          7  0.000e+00
   1027.290     3.7992     3.7991   3.273324   3.273483     1.8189     0.0348     0.0836    4.96097   7103.542     170486          7  0.000e+00
   1027.290     3.7991     3.7992   3.273349   3.273547     1.8189     0.0470     0.0836    4.95980   7103.583     170487          7  0.000e+00
   1027.234     3.7992     3.7992   3.273355   3.273547     1.8189     0.0348     0.0836    4.96014   7103.625     170488          7  0.000e+00
   1027.290     3.7992     3.7991   3.273337   3.273572     1.8189     0.0470     0.0836    4.96057   7103.667     170489          7  0.000e+00
   1027.330     3.7992     3.7992   3.273331   3.273547     1.8189     0.0470     0.0825    4.96099   7103.708     170490          7  0.000e+00
   1027.290     3.7992     3.7992   3.273367   3.273515     1.8189     0.0470     0.0825    4.96134   7103.750     170491          7  0.000e+00
   1027.354     3.7994     3.7992   3.273349   3.273547     1.8189     0.0470     0.0825    4.96177   7103.792     170492          7  0.000e+00
   1027.290     3.7995     3.7992   3.273349   3.273515     1.8189     0.0470     0.0825    4.96210   7103.833     170493          7  0.000e+00
   1027.354     3.7992     3.7991   3.273379   3.273547     1.8189     0.0470     0.0825    4.96256   7103.875     170494          7  0.000e+00
   1027.330     3.7994     3.7992   3.273343   3.273547     1.8189     0.0470     0.0825    4.96293   7103.917     170495          7  0.000e+00
   1027.290     3.7995     3.7989   3.273343   3.273547     1.8189     0.0470     0.0825    4.96328   7103.958     170496          7  0.000e+00
   1027.354     3.7995     3.7989   3.273337   3.273515     1.8189     0.0470     0.0836    4.96371   7104.000     170497          7  0.000e+00
   1027.354     3.7994     3.7991   3.273331   3.273547     1.8189     0.0470     0.0825    4.96412   7104.042     170498          7  0.000e+00
   1027.330     3.7997     3.7989   3.273373   3.273515     1.8189     0.0470     0.0836    4.96445   7104.083     170499          7  0.000e+00
   1027.354     3.7997     3.7989   3.273367   3.273515     1.8189     0.0470     0.0836    4.96486   7104.125     170500          7  0.000e+00
   1027.354     3.7995     3.7989   3.273355   3.273547     1.8189     0.0470     0.0836    4.96527   7104.167     170501          7  0.000e+00
   1027.354     3.7997     3.7987   3.273397   3.273483     1.8189     0.0470     0.0847    4.96563   7104.208     170502          7  0.000e+00
   1027.354     3.7997     3.7991   3.273397   3.273547     1.8189     0.0470     0.0836    4.96602   7104.250     170503          7  0.000e+00
   1027.330     3.7999     3.7989   3.273367   3.273515     1.8189     0.0470     0.0836    4.96639   7104.292     170504          7  0.000e+00
