Ship_data/Irminger/Irminger-1/ctd/process_mlankhorst/KN22104002.ros
* Sea-Bird SBE 9 Data File:
* FileName = C:\Data\ctd\KN22104002.hdr
* Software Version Seasave V 7.21k
* Temperature SN = 4195
* Conductivity SN = 2147
* Number of Bytes Per Scan = 40
* Number of Voltage Words = 5
* Number of Scans Averaged by the Deck Unit = 1
* NMEA Latitude = 61 59.72 N
* NMEA Longitude = 031 52.35 W
* NMEA UTC (Time) = Sep 08 2014 14:44:00
** KN221-04 Chief Scientist: Bob Weller
** OOI Irminger Sea Sept. 2014
** Station: 002
** Knudsen Depth: 2698
# nquan = 13
# nvalues = 588                                   
# units = specified
# name 0 = prDM: Pressure, Digiquartz [db]
# name 1 = t090C: Temperature [ITS-90, deg C]
# name 2 = t190C: Temperature, 2 [ITS-90, deg C]
# name 3 = c0S/m: Conductivity [S/m]
# name 4 = c1S/m: Conductivity, 2 [S/m]
# name 5 = sbeox0V: Oxygen raw, SBE 43 [V]
# name 6 = flECO-AFL: Fluorescence, WET Labs ECO-AFL/FL [mg/m^3]
# name 7 = CStarAt0: Beam Attenuation, WET Labs C-Star [1/m]
# name 8 = sbeox0ML/L: Oxygen, SBE 43 [ml/l]
# name 9 = timeS: Time, Elapsed [seconds]
# name 10 = scan: Scan Count
# name 11 = nbf: Bottles Fired
# name 12 = flag:  0.000e+00
# interval = seconds: 0.0416667
# start_time = Sep 08 2014 14:44:00 [NMEA time, header]
# bad_flag = -9.990e-29
*END*
[from data line 112]
    933.245     3.8268     3.8265   3.272298   3.272462     1.8270     0.0470     0.0847    5.03241   3205.542      76934          3  0.000e+00
    933.245     3.8271     3.8265   3.272316   3.272424     1.8295     0.0470     0.0847    5.03119   3205.583      76935          3  0.000e+00
    933.309     3.8270     3.8266   3.272274   3.272494     1.8295     0.0470     0.0847    5.02111   3205.625      76936          3  0.000e+00
    933.190     3.8268     3.8266   3.272274   3.272456     1.8283     0.0470     0.0847    5.00493   3205.667      76937          3  0.000e+00
    933.245     3.8271     3.8265   3.272286   3.272494     1.8270     0.0470     0.0847    4.98908   3205.708      76938          3  0.000e+00
    933.245     3.8268     3.8266   3.272286   3.272488     1.8295     0.0470     0.0847    4.98868   3205.750      76939          3  0.000e+00
    933.158     3.8273     3.8265   3.272268   3.272430     1.8295     0.0470     0.0847    4.97918   3205.792      76940          3  0.000e+00
    933.365     3.8268     3.8267   3.272298   3.272488     1.8295     0.0470     0.0847    4.97007   3205.833      76941          3  0.000e+00
    933.190     3.8270     3.8264   3.272316   3.272494     1.8295     0.0470     0.0847    4.96078   3205.875      76942          3  0.000e+00
    933.245     3.8271     3.8268   3.272298   3.272456     1.8283     0.0470     0.0847    4.94729   3205.917      76943          3  0.000e+00
    933.246     3.8268     3.8264   3.272304   3.272462     1.8295     0.0470     0.0847    4.94309   3205.958      76944          3  0.000e+00
    933.246     3.8271     3.8266   3.272298   3.272488     1.8295     0.0470     0.0847    4.93442   3206.000      76945          3  0.000e+00
    933.246     3.8271     3.8264   3.272304   3.272462     1.8283     0.0470     0.0847    4.91982   3206.042      76946          3  0.000e+00
    933.126     3.8270     3.8265   3.272316   3.272462     1.8295     0.0470     0.0847    4.91597   3206.083      76947          3  0.000e+00
    933.309     3.8273     3.8264   3.272298   3.272456     1.8295     0.0470     0.0847    4.90786   3206.125      76948          3  0.000e+00
    933.309     3.8270     3.8264   3.272286   3.272399     1.8283     0.0470     0.0847    4.89375   3206.167      76949          3  0.000e+00
    933.190     3.8270     3.8262   3.272304   3.272456     1.8270     0.0470     0.0847    4.87818   3206.208      76950          3  0.000e+00
    933.214     3.8270     3.8265   3.272298   3.272462     1.8295     0.0470     0.0847    4.87967   3206.250      76951          3  0.000e+00
    933.365     3.8271     3.8262   3.272304   3.272456     1.8295     0.0470     0.0858    4.87382   3206.292      76952          3  0.000e+00
    933.246     3.8268     3.8267   3.272316   3.272462     1.8283     0.0470     0.0858    4.86037   3206.333      76953          3  0.000e+00
    933.246     3.8270     3.8264   3.272274   3.272456     1.8295     0.0470     0.0858    4.85937   3206.375      76954          3  0.000e+00
    933.310     3.8270     3.8264   3.272274   3.272462     1.8295     0.0470     0.0858    4.85405   3206.417      76955          3  0.000e+00
    933.246     3.8266     3.8262   3.272268   3.272488     1.8295     0.0470     0.0858    4.84886   3206.458      76956          3  0.000e+00
    933.310     3.8270     3.8264   3.272298   3.272462     1.8283     0.0470     0.0858    4.83465   3206.500      76957          3  0.000e+00
    933.310     3.8268     3.8260   3.272298   3.272488     1.8283     0.0470     0.0858    4.82670   3206.542      76958          3  0.000e+00
    933.310     3.8271     3.8264   3.272268   3.272494     1.8295     0.0470     0.0847    4.82499   3206.583      76959          3  0.000e+00
    933.366     3.8270     3.8264   3.272274   3.272424     1.8283     0.0470     0.0847    4.81127   3206.625      76960          3  0.000e+00
    933.310     3.8270     3.8264   3.272304   3.272430     1.8283     0.0470     0.0858    4.80371   3206.667      76961          3  0.000e+00
    933.278     3.8268     3.8264   3.272334   3.272462     1.8283     0.0470     0.0858    4.79794   3206.708      76962          3  0.000e+00
    933.429     3.8268     3.8264   3.272304   3.272424     1.8295     0.0470     0.0847    4.79547   3206.750      76963          3  0.000e+00
    933.366     3.8266     3.8262   3.272328   3.272494     1.8295     0.0470     0.0847    4.78994   3206.792      76964          3  0.000e+00
    933.366     3.8268     3.8264   3.272304   3.272456     1.8295     0.0470     0.0847    4.78773   3206.833      76965          3  0.000e+00
    933.430     3.8266     3.8265   3.272328   3.272494     1.8295     0.0470     0.0847    4.78423   3206.875      76966          3  0.000e+00
    933.430     3.8270     3.8264   3.272328   3.272424     1.8295     0.0470     0.0847    4.77928   3206.917      76967          3  0.000e+00
    933.430     3.8270     3.8264   3.272316   3.272519     1.8295     0.0470     0.0847    4.77449   3206.958      76968          3  0.000e+00
    933.677     3.8268     3.8265   3.272298   3.272430     1.8295     0.0348     0.0847    4.93449   3229.125      77500          4  0.000e+00
    933.677     3.8268     3.8262   3.272286   3.272462     1.8307     0.0348     0.0847    4.93886   3229.167      77501          4  0.000e+00
    933.677     3.8268     3.8262   3.272304   3.272456     1.8320     0.0348     0.0847    4.94322   3229.208      77502          4  0.000e+00
    933.733     3.8266     3.8265   3.272335   3.272519     1.8320     0.0348     0.0847    4.94301   3229.250      77503          4  0.000e+00
    933.733     3.8268     3.8264   3.272304   3.272456     1.8320     0.0348     0.0847    4.94269   3229.292      77504          4  0.000e+00
    933.733     3.8270     3.8262   3.272304   3.272519     1.8307     0.0348     0.0858    4.93622   3229.333      77505          4  0.000e+00
    933.829     3.8271     3.8264   3.272335   3.272456     1.8504     0.0348     0.0847    5.03307   3229.375      77506          4  0.000e+00
    933.733     3.8271     3.8264   3.272347   3.272494     1.8713     0.0470     0.0847    5.15918   3229.417      77507          4  0.000e+00
    933.797     3.8271     3.8262   3.272365   3.272456     1.8393     0.0348     0.0847    5.04654   3229.458      77508          4  0.000e+00
    933.797     3.8270     3.8262   3.272359   3.272462     1.8344     0.0348     0.0847    5.02916   3229.500      77509          4  0.000e+00
    933.853     3.8273     3.8262   3.272329   3.272488     1.8270     0.0226     0.0847    4.99345   3229.542      77510          4  0.000e+00
    933.853     3.8271     3.8264   3.272359   3.272462     1.8307     0.0226     0.0847    5.00352   3229.583      77511          4  0.000e+00
    933.797     3.8271     3.8262   3.272335   3.272456     1.8307     0.0226     0.0847    4.99995   3229.625      77512          4  0.000e+00
    933.916     3.8271     3.8264   3.272317   3.272494     1.8320     0.0226     0.0847    5.00264   3229.667      77513          4  0.000e+00
    933.853     3.8270     3.8264   3.272359   3.272488     1.8270     0.0226     0.0847    4.97636   3229.708      77514          4  0.000e+00
    933.916     3.8270     3.8262   3.272359   3.272494     1.8295     0.0226     0.0847    4.97919   3229.750      77515          4  0.000e+00
    933.853     3.8270     3.8264   3.272329   3.272494     1.8295     0.0226     0.0847    4.97133   3229.792      77516          4  0.000e+00
    933.972     3.8271     3.8262   3.272317   3.272456     1.8307     0.0226     0.0847    4.97122   3229.833      77517          4  0.000e+00
    933.948     3.8273     3.8262   3.272359   3.272494     1.8270     0.0226     0.0847    4.94980   3229.875      77518          4  0.000e+00
    933.917     3.8270     3.8260   3.272377   3.272456     1.8283     0.0226     0.0847    4.94685   3229.917      77519          4  0.000e+00
    933.972     3.8270     3.8260   3.272311   3.272494     1.8307     0.0226     0.0847    4.95008   3229.958      77520          4  0.000e+00
    933.917     3.8270     3.8260   3.272329   3.272456     1.8283     0.0348     0.0847    4.93348   3230.000      77521          4  0.000e+00
    933.972     3.8270     3.8260   3.272329   3.272494     1.8295     0.0226     0.0847    4.93384   3230.042      77522          4  0.000e+00
    933.972     3.8271     3.8262   3.272317   3.272424     1.8307     0.0226     0.0847    4.93579   3230.083      77523          4  0.000e+00
    933.973     3.8271     3.8260   3.272317   3.272462     1.8295     0.0226     0.0847    4.92720   3230.125      77524          4  0.000e+00
    934.036     3.8271     3.8262   3.272298   3.272488     1.8283     0.0226     0.0847    4.91726   3230.167      77525          4  0.000e+00
    933.973     3.8270     3.8264   3.272329   3.272462     1.8283     0.0226     0.0847    4.91198   3230.208      77526          4  0.000e+00
    934.036     3.8268     3.8262   3.272305   3.272456     1.8295     0.0226     0.0847    4.91307   3230.250      77527          4  0.000e+00
    933.973     3.8268     3.8260   3.272329   3.272494     1.8295     0.0226     0.0847    4.91276   3230.292      77528          4  0.000e+00
    934.036     3.8270     3.8264   3.272329   3.272456     1.8283     0.0226     0.0847    4.90514   3230.333      77529          4  0.000e+00
    933.973     3.8266     3.8260   3.272317   3.272494     1.8283     0.0226     0.0847    4.90229   3230.375      77530          4  0.000e+00
    934.068     3.8270     3.8264   3.272298   3.272431     1.8295     0.0226     0.0847    4.90423   3230.417      77531          4  0.000e+00
    934.037     3.8270     3.8260   3.272305   3.272456     1.8295     0.0226     0.0847    4.90168   3230.458      77532          4  0.000e+00
    933.973     3.8270     3.8264   3.272298   3.272494     1.8295     0.0348     0.0847    4.89925   3230.500      77533          4  0.000e+00
    934.037     3.8270     3.8262   3.272305   3.272424     1.8295     0.0470     0.0847    4.89543   3230.542      77534          4  0.000e+00
    934.037     3.8266     3.8262   3.272317   3.272494     1.8283     0.0470     0.0847    4.88560   3230.583      77535          4  0.000e+00
    934.037     3.8268     3.8264   3.272298   3.272456     1.8295     0.0470     0.0847    4.88806   3230.625      77536          4  0.000e+00
    934.037     3.8270     3.8262   3.272286   3.272494     1.8283     0.0470     0.0847    4.88002   3230.667      77537          4  0.000e+00
    934.037     3.8270     3.8262   3.272286   3.272456     1.8295     0.0470     0.0847    4.88123   3230.708      77538          4  0.000e+00
    934.037     3.8268     3.8264   3.272305   3.272462     1.8295     0.0470     0.0847    4.87795   3230.750      77539          4  0.000e+00
    934.037     3.8268     3.8264   3.272317   3.272488     1.8295     0.0470     0.0847    4.87473   3230.792      77540          4  0.000e+00
    934.037     3.8268     3.8265   3.272317   3.272494     1.8295     0.0470     0.0847    4.87315   3230.833      77541          4  0.000e+00
    934.037     3.8268     3.8264   3.272298   3.272488     1.8295     0.0470     0.0847    4.87170   3230.875      77542          4  0.000e+00
    933.973     3.8268     3.8264   3.272304   3.272462     1.8283     0.0470     0.0847    4.86269   3230.917      77543          4  0.000e+00
    934.005     3.8268     3.8264   3.272274   3.272520     1.8283     0.0470     0.0847    4.85842   3230.958      77544          4  0.000e+00
    934.093     3.8266     3.8264   3.272274   3.272488     1.8295     0.0470     0.0847    4.86040   3231.000      77545          4  0.000e+00
    933.973     3.8266     3.8265   3.272286   3.272494     1.8295     0.0470     0.0847    4.85773   3231.042      77546          4  0.000e+00
    934.037     3.8266     3.8265   3.272286   3.272456     1.8295     0.0470     0.0847    4.85524   3231.083      77547          4  0.000e+00
    934.037     3.8268     3.8264   3.272305   3.272462     1.8295     0.0470     0.0847    4.85434   3231.125      77548          4  0.000e+00
    845.362     3.9072     3.9062   3.276045   3.276197     1.8493     0.0348     0.0847    4.94319   3874.125      92980          5  0.000e+00
    845.362     3.9071     3.9065   3.276021   3.276178     1.8493     0.0348     0.0847    4.94449   3874.167      92981          5  0.000e+00
    845.298     3.9071     3.9065   3.276021   3.276140     1.8493     0.0348     0.0847    4.94427   3874.208      92982          5  0.000e+00
    845.362     3.9074     3.9065   3.276027   3.276153     1.8493     0.0348     0.0847    4.94410   3874.250      92983          5  0.000e+00
    845.362     3.9071     3.9067   3.276039   3.276172     1.8493     0.0470     0.0847    4.94394   3874.292      92984          5  0.000e+00
    845.298     3.9071     3.9067   3.276051   3.276172     1.8493     0.0348     0.0847    4.94371   3874.333      92985          5  0.000e+00
    845.481     3.9072     3.9067   3.276015   3.276178     1.8493     0.0348     0.0847    4.94365   3874.375      92986          5  0.000e+00
    845.394     3.9073     3.9068   3.276039   3.276172     1.8493     0.0348     0.0847    4.94339   3874.417      92987          5  0.000e+00
    845.298     3.9072     3.9067   3.276027   3.276172     1.8493     0.0348     0.0847    4.94316   3874.458      92988          5  0.000e+00
    845.362     3.9074     3.9068   3.276045   3.276178     1.8493     0.0348     0.0847    4.94299   3874.500      92989          5  0.000e+00
    845.362     3.9068     3.9068   3.276039   3.276229     1.8493     0.0348     0.0847    4.94286   3874.542      92990          5  0.000e+00
    845.418     3.9071     3.9070   3.276021   3.276153     1.8493     0.0348     0.0847    4.94270   3874.583      92991          5  0.000e+00
    845.362     3.9066     3.9067   3.276021   3.276197     1.8493     0.0348     0.0847    4.94253   3874.625      92992          5  0.000e+00
    845.418     3.9065     3.9067   3.275985   3.276197     1.8493     0.0348     0.0847    4.94240   3874.667      92993          5  0.000e+00
    845.418     3.9065     3.9068   3.275960   3.276210     1.8493     0.0348     0.0847    4.94224   3874.708      92994          5  0.000e+00
    845.362     3.9064     3.9068   3.275960   3.276172     1.8493     0.0348     0.0847    4.94203   3874.750      92995          5  0.000e+00
    845.394     3.9064     3.9067   3.275948   3.276172     1.8493     0.0348     0.0847    4.94187   3874.792      92996          5  0.000e+00
    845.362     3.9063     3.9065   3.275948   3.276178     1.8493     0.0348     0.0847    4.94167   3874.833      92997          5  0.000e+00
    845.418     3.9064     3.9065   3.275960   3.276197     1.8493     0.0348     0.0847    4.94151   3874.875      92998          5  0.000e+00
    845.418     3.9064     3.9067   3.275966   3.276178     1.8493     0.0226     0.0847    4.94133   3874.917      92999          5  0.000e+00
    845.362     3.9065     3.9064   3.275985   3.276172     1.8493     0.0226     0.0847    4.94109   3874.958      93000          5  0.000e+00
    845.362     3.9065     3.9065   3.275966   3.276197     1.8493     0.0226     0.0847    4.94091   3875.000      93001          5  0.000e+00
    845.362     3.9066     3.9068   3.275960   3.276210     1.8493     0.0226     0.0847    4.94072   3875.042      93002          5  0.000e+00
    845.418     3.9068     3.9067   3.275985   3.276197     1.8493     0.0226     0.0847    4.94054   3875.083      93003          5  0.000e+00
    845.362     3.9068     3.9068   3.275966   3.276197     1.8506     0.0226     0.0847    4.94629   3875.125      93004          5  0.000e+00
    845.394     3.9068     3.9068   3.275985   3.276210     1.8493     0.0226     0.0847    4.94157   3875.167      93005          5  0.000e+00
