Ship_data/Irminger/Irminger-1/ctd/process_mlankhorst/KN22104004.ros
* Sea-Bird SBE 9 Data File:
* FileName = C:\Data\ctd\KN22104004.hdr
* Software Version Seasave V 7.21k
* Temperature SN = 4195
* Conductivity SN = 2147
* Number of Bytes Per Scan = 40
* Number of Voltage Words = 5
* Number of Scans Averaged by the Deck Unit = 1
* NMEA Latitude = 61 39.45 N
* NMEA Longitude = 033 04.60 W
* NMEA UTC (Time) = Sep 08 2014 23:19:14
** KN221-04 Chief Scientist: Bob Weller
** OOI Irminger Sea Sept. 2014
** Station: 004
** Knudsen Depth: 2976
# nquan = 13
# nvalues = 588                                   
# units = specified
# name 0 = prDM: Pressure, Digiquartz [db]
# name 1 = t090C: Temperature [ITS-90, deg C]
# name 2 = t190C: Temperature, 2 [ITS-90, deg C]
# name 3 = c0S/m: Conductivity [S/m]
# name 4 = c1S/m: Conductivity, 2 [S/m]
# name 5 = sbeox0V: Oxygen raw, SBE 43 [V]
# name 6 = flECO-AFL: Fluorescence, WET Labs ECO-AFL/FL [mg/m^3]
# name 7 = CStarAt0: Beam Attenuation, WET Labs C-Star [1/m]
# name 8 = sbeox0ML/L: Oxygen, SBE 43 [ml/l]
# name 9 = timeS: Time, Elapsed [seconds]
# name 10 = scan: Scan Count
# name 11 = nbf: Bottles Fired
# name 12 = flag:  0.000e+00
# interval = seconds: 0.0416667
# start_time = Sep 08 2014 23:19:14 [NMEA time, header]
# bad_flag = -9.990e-29
*END*
[from data line 334]
     73.100     6.1118     6.1102   3.447389   3.447444     2.0483     0.1935     0.1110    4.84359   5489.583     131751          7  0.000e+00
     73.100     6.1120     6.1104   3.447395   3.447444     2.0495     0.1935     0.1110    4.84755   5489.625     131752          7  0.000e+00
     73.037     6.1121     6.1104   3.447364   3.447476     2.0495     0.1935     0.1110    4.84767   5489.667     131753          7  0.000e+00
     73.100     6.1117     6.1104   3.447389   3.447411     2.0495     0.1935     0.1110    4.84790   5489.708     131754          7  0.000e+00
     73.029     6.1113     6.1109   3.447407   3.447411     2.0495     0.1935     0.1121    4.84703   5489.750     131755          7  0.000e+00
     73.100     6.1115     6.1112   3.447475   3.447411     2.0495     0.1813     0.1132    4.84716   5489.792     131756          7  0.000e+00
     73.100     6.1115     6.1112   3.447456   3.447444     2.0495     0.1813     0.1132    4.84728   5489.833     131757          7  0.000e+00
     73.100     6.1121     6.1111   3.447395   3.447444     2.0495     0.1813     0.1132    4.84737   5489.875     131758          7  0.000e+00
     73.029     6.1121     6.1109   3.447419   3.447411     2.0495     0.1813     0.1132    4.84744   5489.917     131759          7  0.000e+00
     51.722     8.1574     8.2373   3.628004   3.634341     2.1237     0.4011     0.1596    4.85386   5838.167     140117          8  0.000e+00
     51.667     8.1559     8.2422   3.628551   3.634712     2.1237     0.4011     0.1596    4.85293   5838.208     140118          8  0.000e+00
     51.722     8.1618     8.2373   3.629494   3.635400     2.1250     0.4011     0.1596    4.85650   5838.250     140119          8  0.000e+00
     51.722     8.1700     8.2358   3.630135   3.635552     2.1262     0.4011     0.1596    4.86062   5838.292     140120          8  0.000e+00
     51.722     8.1751     8.2388   3.630311   3.635400     2.1250     0.4011     0.1585    4.85693   5838.333     140121          8  0.000e+00
     51.486     8.1779     8.2386   3.630286   3.635565     2.1262     0.4011     0.1585    4.86128   5838.375     140122          8  0.000e+00
     51.785     8.1784     8.2368   3.629959   3.635751     2.1250     0.4011     0.1585    4.85803   5838.417     140123          8  0.000e+00
     51.722     8.1785     8.2367   3.629588   3.635757     2.1262     0.4011     0.1596    4.86251   5838.458     140124          8  0.000e+00
     51.785     8.1795     8.2364   3.629588   3.635691     2.1262     0.4011     0.1596    4.86396   5838.500     140125          8  0.000e+00
     51.722     8.1796     8.2368   3.630173   3.635685     2.1262     0.4011     0.1596    4.86419   5838.542     140126          8  0.000e+00
     51.777     8.1836     8.2393   3.631053   3.635658     2.1262     0.4011     0.1585    4.86390   5838.583     140127          8  0.000e+00
     51.722     8.1901     8.2409   3.631776   3.635724     2.1262     0.4011     0.1585    4.86321   5838.625     140128          8  0.000e+00
     51.722     8.1964     8.2388   3.632305   3.635850     2.1262     0.4011     0.1574    4.86247   5838.667     140129          8  0.000e+00
     51.785     8.2032     8.2377   3.632613   3.635857     2.1262     0.4011     0.1574    4.86162   5838.708     140130          8  0.000e+00
     51.785     8.2055     8.2304   3.632348   3.635532     2.1262     0.3889     0.1574    4.86113   5838.750     140131          8  0.000e+00
     51.777     8.2026     8.2227   3.631971   3.635096     2.1262     0.3645     0.1574    4.86095   5838.792     140132          8  0.000e+00
     51.840     8.1997     8.2163   3.631896   3.634646     2.1262     0.3645     0.1585    4.86054   5838.833     140133          8  0.000e+00
     51.840     8.1985     8.2136   3.632223   3.634143     2.1262     0.3645     0.1585    4.86049   5838.875     140134          8  0.000e+00
     51.840     8.2026     8.2136   3.632544   3.633766     2.1262     0.3645     0.1585    4.85986   5838.917     140135          8  0.000e+00
     51.840     8.2074     8.2203   3.632430   3.633640     2.1262     0.3645     0.1574    4.85919   5838.958     140136          8  0.000e+00
     51.832     8.2075     8.2177   3.632323   3.633885     2.1262     0.3645     0.1574    4.85790   5839.000     140137          8  0.000e+00
     51.903     8.2067     8.2104   3.632443   3.634288     2.1262     0.3645     0.1574    4.85649   5839.042     140138          8  0.000e+00
     51.903     8.2047     8.2075   3.632493   3.633733     2.1274     0.3645     0.1574    4.86029   5839.083     140139          8  0.000e+00
     51.903     8.2046     8.1982   3.632707   3.633230     2.1262     0.3645     0.1574    4.85651   5839.125     140140          8  0.000e+00
     51.950     8.2057     8.1894   3.632298   3.632754     2.1262     0.3645     0.1563    4.85551   5839.167     140141          8  0.000e+00
     51.958     8.2003     8.1858   3.630927   3.631920     2.1262     0.3645     0.1574    4.85523   5839.208     140142          8  0.000e+00
     51.958     8.1857     8.1870   3.629249   3.631483     2.1262     0.3645     0.1563    4.85567   5839.250     140143          8  0.000e+00
     52.021     8.1694     8.1906   3.628746   3.631424     2.1274     0.3645     0.1563    4.86022   5839.292     140144          8  0.000e+00
     52.021     8.1674     8.1952   3.628909   3.631483     2.1262     0.3645     0.1551    4.85591   5839.333     140145          8  0.000e+00
     52.013     8.1672     8.1996   3.628356   3.631821     2.1274     0.3645     0.1551    4.85880   5839.375     140146          8  0.000e+00
     52.076     8.1628     8.1975   3.628029   3.632297     2.1274     0.3645     0.1551    4.85821   5839.417     140147          8  0.000e+00
     52.021     8.1595     8.1830   3.627671   3.632661     2.1274     0.3645     0.1551    4.85816   5839.458     140148          8  0.000e+00
     52.131     8.1478     8.1584   3.625924   3.631947     2.1274     0.3645     0.1551    4.85926   5839.500     140149          8  0.000e+00
     52.076     8.1278     8.1428   3.624246   3.629857     2.1274     0.3645     0.1551    4.86077   5839.542     140150          8  0.000e+00
     52.131     8.1128     8.1484   3.623681   3.627859     2.1274     0.3645     0.1551    4.86143   5839.583     140151          8  0.000e+00
     52.194     8.1103     8.1597   3.624259   3.627700     2.1274     0.3645     0.1551    4.86051   5839.625     140152          8  0.000e+00
     52.194     8.1148     8.1526   3.625051   3.629327     2.1274     0.3645     0.1540    4.85875   5839.667     140153          8  0.000e+00
     52.194     8.1201     8.1618   3.625151   3.629658     2.1274     0.3645     0.1540    4.85789   5839.708     140154          8  0.000e+00
     52.249     8.1173     8.1776   3.624341   3.629724     2.1262     0.3645     0.1540    4.85349   5839.750     140155          8  0.000e+00
     52.186     8.1100     8.1863   3.623869   3.630703     2.1262     0.3645     0.1540    4.85283   5839.792     140156          8  0.000e+00
     52.312     8.1079     8.1898   3.623731   3.631490     2.1274     0.3645     0.1540    4.85614   5839.833     140157          8  0.000e+00
     52.312     8.1038     8.1827   3.623084   3.631808     2.1274     0.3645     0.1551    4.85597   5839.875     140158          8  0.000e+00
     52.312     8.0969     8.1805   3.622249   3.631292     2.1274     0.3645     0.1551    4.85599   5839.917     140159          8  0.000e+00
     52.312     8.0878     8.1789   3.620999   3.630769     2.1274     0.3645     0.1563    4.85624   5839.958     140160          8  0.000e+00
     52.360     8.0757     8.1765   3.620126   3.631001     2.1262     0.3645     0.1574    4.85207   5840.000     140161          8  0.000e+00
     52.430     8.0646     8.1684   3.618769   3.630928     2.1274     0.3645     0.1585    4.85602   5840.042     140162          8  0.000e+00
     52.367     8.0404     8.1707   3.615831   3.630412     2.1274     0.3645     0.1574    4.85952   5840.083     140163          8  0.000e+00
     52.430     8.0134     8.1781   3.613201   3.629949     2.1274     0.3645     0.1574    4.86321   5840.125     140164          8  0.000e+00
     52.485     7.9884     8.1382   3.611407   3.630439     2.1262     0.3645     0.1574    4.86193   5840.167     140165          8  0.000e+00
     32.519    10.5291    10.5296   3.843863   3.844095     2.2016     1.2436     0.3057    4.77708   6192.708     148626          9  0.000e+00
     32.551    10.5290    10.5296   3.843805   3.844109     2.2016     1.2558     0.3057    4.77713   6192.750     148627          9  0.000e+00
     32.519    10.5291    10.5296   3.843824   3.844028     2.2016     1.2436     0.3057    4.77709   6192.792     148628          9  0.000e+00
     32.551    10.5293    10.5294   3.843844   3.844095     2.2016     1.2558     0.3068    4.77710   6192.833     148629          9  0.000e+00
     32.495    10.5288    10.5294   3.843844   3.844129     2.2016     1.2558     0.3080    4.77710   6192.875     148630          9  0.000e+00
     32.574    10.5288    10.5292   3.843824   3.844109     2.2016     1.2558     0.3091    4.77715   6192.917     148631          9  0.000e+00
     32.613    10.5286    10.5294   3.843831   3.844095     2.2016     1.2558     0.3091    4.77719   6192.958     148632          9  0.000e+00
     32.519    10.5291    10.5297   3.843869   3.844095     2.2016     1.2558     0.3091    4.77708   6193.000     148633          9  0.000e+00
     32.495    10.5293    10.5296   3.843882   3.844129     2.2016     1.2436     0.3080    4.77705   6193.042     148634          9  0.000e+00
     32.551    10.5294    10.5299   3.843882   3.844109     2.2016     1.2924     0.3080    4.77707   6193.083     148635          9  0.000e+00
     32.574    10.5294    10.5298   3.843953   3.844129     2.2016     1.3169     0.3091    4.77706   6193.125     148636          9  0.000e+00
     32.551    10.5296    10.5296   3.843959   3.844129     2.2016     1.3291     0.3068    4.77703   6193.167     148637          9  0.000e+00
     32.519    10.5301    10.5301   3.843946   3.844109     2.2016     1.3291     0.3068    4.77698   6193.208     148638          9  0.000e+00
     32.613    10.5303    10.5301   3.843927   3.844129     2.2016     1.3291     0.3068    4.77703   6193.250     148639          9  0.000e+00
     32.551    10.5303    10.5301   3.843934   3.844163     2.2016     1.3169     0.3057    4.77699   6193.292     148640          9  0.000e+00
     32.574    10.5301    10.5306   3.843966   3.844197     2.2016     1.3291     0.3057    4.77701   6193.333     148641          9  0.000e+00
     32.551    10.5302    10.5306   3.843959   3.844210     2.2016     1.3169     0.3068    4.77698   6193.375     148642          9  0.000e+00
     32.574    10.5303    10.5306   3.843998   3.844197     2.2016     1.3291     0.3068    4.77698   6193.417     148643          9  0.000e+00
     32.613    10.5301    10.5303   3.843966   3.844197     2.2016     1.3169     0.3068    4.77703   6193.458     148644          9  0.000e+00
     32.613    10.5306    10.5303   3.843998   3.844197     2.2016     1.3169     0.3068    4.77698   6193.500     148645          9  0.000e+00
     32.629    10.5306    10.5301   3.843966   3.844177     2.2016     1.3169     0.3068    4.77700   6193.542     148646          9  0.000e+00
     32.613    10.5311    10.5301   3.843998   3.844163     2.2016     1.3169     0.3080    4.77695   6193.583     148647          9  0.000e+00
     32.629    10.5309    10.5301   3.844037   3.844197     2.2016     1.3169     0.3080    4.77696   6193.625     148648          9  0.000e+00
     32.668    10.5311    10.5303   3.844049   3.844177     2.2016     1.3291     0.3068    4.77696   6193.667     148649          9  0.000e+00
     32.613    10.5313    10.5301   3.843998   3.844197     2.2016     1.3291     0.3045    4.77693   6193.708     148650          9  0.000e+00
     32.692    10.5317    10.5301   3.844056   3.844163     2.2041     1.3169     0.3057    4.78518   6193.750     148651          9  0.000e+00
     32.668    10.5319    10.5301   3.844037   3.844163     2.2016     1.3169     0.3057    4.77825   6193.792     148652          9  0.000e+00
     32.692    10.5323    10.5301   3.844017   3.844143     2.2016     1.3169     0.3057    4.77818   6193.833     148653          9  0.000e+00
     32.731    10.5320    10.5301   3.843992   3.844197     2.2016     1.3291     0.3057    4.77817   6193.875     148654          9  0.000e+00
     32.731    10.5316    10.5303   3.844056   3.844163     2.2016     1.3169     0.3057    4.77813   6193.917     148655          9  0.000e+00
     32.747    10.5316    10.5304   3.844037   3.844197     2.2028     1.3169     0.3068    4.78221   6193.958     148656          9  0.000e+00
     32.731    10.5316    10.5306   3.844037   3.844210     2.2016     1.3169     0.3091    4.77869   6194.000     148657          9  0.000e+00
     32.747    10.5314    10.5307   3.844049   3.844197     2.2016     1.3169     0.3091    4.77862   6194.042     148658          9  0.000e+00
     32.786    10.5316    10.5309   3.844049   3.844231     2.2016     1.3169     0.3091    4.77854   6194.083     148659          9  0.000e+00
     32.786    10.5314    10.5311   3.844049   3.844244     2.2016     1.3291     0.3080    4.77847   6194.125     148660          9  0.000e+00
     32.747    10.5309    10.5314   3.843972   3.844265     2.2016     1.3291     0.3057    4.77842   6194.167     148661          9  0.000e+00
     32.849    10.5308    10.5319   3.843966   3.844265     2.2016     1.3291     0.3045    4.77841   6194.208     148662          9  0.000e+00
     32.865    10.5310    10.5323   3.843979   3.844298     2.2016     1.3291     0.3057    4.77831   6194.250     148663          9  0.000e+00
     32.849    10.5316    10.5321   3.844030   3.844346     2.2016     1.3169     0.3068    4.77815   6194.292     148664          9  0.000e+00
     32.849    10.5318    10.5316   3.843998   3.844366     2.2016     1.3291     0.3068    4.77806   6194.333     148665          9  0.000e+00
     32.865    10.5313    10.5311   3.844030   3.844366     2.2016     1.3291     0.3080    4.77801   6194.375     148666          9  0.000e+00
     32.904    10.5317    10.5314   3.844069   3.844265     2.2016     1.3291     0.3080    4.77790   6194.417     148667          9  0.000e+00
     32.865    10.5323    10.5314   3.844127   3.844312     2.2016     1.3169     0.3091    4.77773   6194.458     148668          9  0.000e+00
     32.904    10.5325    10.5316   3.844127   3.844298     2.2016     1.3291     0.3080    4.77765   6194.500     148669          9  0.000e+00
     32.959    10.5326    10.5316   3.844133   3.844332     2.2016     1.3291     0.3080    4.77759   6194.542     148670          9  0.000e+00
     32.928    10.5329    10.5317   3.844146   3.844346     2.2016     1.3169     0.3068    4.77745   6194.583     148671          9  0.000e+00
     32.959    10.5328    10.5324   3.844127   3.844332     2.2016     1.3291     0.3068    4.77740   6194.625     148672          9  0.000e+00
     32.928    10.5326    10.5324   3.844114   3.844366     2.2016     1.3169     0.3068    4.77731   6194.667     148673          9  0.000e+00
     33.022    10.5328    10.5327   3.844191   3.844400     2.2016     1.3291     0.3068    4.77724   6194.708     148674          9  0.000e+00
     17.895    10.5301    10.5292   3.843279   3.843407     2.2071     1.2436     0.3149    4.78716   7260.750     174259         10  0.000e+00
     17.864    10.5300    10.5293   3.843291   3.843441     2.2059     1.2314     0.3137    4.78295   7260.792     174260         10  0.000e+00
     17.864    10.5299    10.5291   3.843253   3.843414     2.2071     1.2436     0.3114    4.78632   7260.833     174261         10  0.000e+00
