Ship_data/Irminger/Irminger-1/ctd/process_mlankhorst/KN22104003.ros
* Sea-Bird SBE 9 Data File:
* FileName = C:\Data\ctd\KN22104003.hdr
* Software Version Seasave V 7.21k
* Temperature SN = 4195
* Conductivity SN = 2147
* Number of Bytes Per Scan = 40
* Number of Voltage Words = 5
* Number of Scans Averaged by the Deck Unit = 1
* NMEA Latitude = 61 53.17 N
* NMEA Longitude = 032 18.33 W
* NMEA UTC (Time) = Sep 08 2014 18:04:26
** KN221-04 Chief Scientist: Bob Weller
** OOI Irminger Sea Sept. 2014
** Station: 003
** Knudsen Depth: 2698
# nquan = 13
# nvalues = 588                                   
# units = specified
# name 0 = prDM: Pressure, Digiquartz [db]
# name 1 = t090C: Temperature [ITS-90, deg C]
# name 2 = t190C: Temperature, 2 [ITS-90, deg C]
# name 3 = c0S/m: Conductivity [S/m]
# name 4 = c1S/m: Conductivity, 2 [S/m]
# name 5 = sbeox0V: Oxygen raw, SBE 43 [V]
# name 6 = flECO-AFL: Fluorescence, WET Labs ECO-AFL/FL [mg/m^3]
# name 7 = CStarAt0: Beam Attenuation, WET Labs C-Star [1/m]
# name 8 = sbeox0ML/L: Oxygen, SBE 43 [ml/l]
# name 9 = timeS: Time, Elapsed [seconds]
# name 10 = scan: Scan Count
# name 11 = nbf: Bottles Fired
# name 12 = flag:  0.000e+00
# interval = seconds: 0.0416667
# start_time = Sep 08 2014 18:04:26 [NMEA time, header]
# bad_flag = -9.990e-29
*END*
[from data line 556]
     14.482    10.7276    10.7245   3.862860   3.862938     2.2350     1.4878     0.3708    4.83778   8415.167     201965         12  0.000e+00
     14.545    10.7274    10.7246   3.862860   3.862917     2.2350     1.4878     0.3708    4.83858   8415.208     201966         12  0.000e+00
     14.482    10.7271    10.7245   3.862808   3.862938     2.2338     1.5000     0.3731    4.83524   8415.250     201967         12  0.000e+00
     14.545    10.7266    10.7247   3.862712   3.862938     2.2338     1.4878     0.3743    4.83471   8415.292     201968         12  0.000e+00
     14.545    10.7266    10.7245   3.862738   3.862978     2.2338     1.5000     0.3743    4.83407   8415.333     201969         12  0.000e+00
     14.482    10.7268    10.7248   3.862776   3.862978     2.2338     1.4878     0.3731    4.83338   8415.375     201970         12  0.000e+00
     14.545    10.7270    10.7249   3.862770   3.862951     2.2338     1.5000     0.3731    4.83278   8415.417     201971         12  0.000e+00
     14.545    10.7271    10.7253   3.862757   3.862938     2.2338     1.4878     0.3731    4.83286   8415.458     201972         12  0.000e+00
     14.545    10.7279    10.7246   3.862802   3.862978     2.2338     1.4878     0.3720    4.83217   8415.500     201973         12  0.000e+00
     14.545    10.7278    10.7244   3.862821   3.862938     2.2350     1.4878     0.3720    4.83567   8415.542     201974         12  0.000e+00
     14.545    10.7270    10.7245   3.862750   3.862978     2.2350     1.4878     0.3720    4.83581   8415.583     201975         12  0.000e+00
     14.545    10.7260    10.7239   3.862673   3.862938     2.2350     1.5000     0.3720    4.83665   8415.625     201976         12  0.000e+00
     14.482    10.7249    10.7237   3.862609   3.862917     2.2350     1.5000     0.3720    4.83746   8415.667     201977         12  0.000e+00
     14.482    10.7246    10.7238   3.862538   3.862870     2.2338     1.4878     0.3708    4.83416   8415.708     201978         12  0.000e+00
     14.695    10.7238    10.7237   3.862499   3.862904     2.2350     1.5000     0.3708    4.83854   8415.750     201979         12  0.000e+00
     14.545    10.7239    10.7239   3.862486   3.862870     2.2350     1.5000     0.3708    4.83921   8415.792     201980         12  0.000e+00
     14.600    10.7243    10.7242   3.862486   3.862904     2.2338     1.5122     0.3720    4.83519   8415.833     201981         12  0.000e+00
     14.545    10.7241    10.7247   3.862531   3.862904     2.2338     1.5000     0.3720    4.83452   8415.875     201982         12  0.000e+00
     14.600    10.7241    10.7246   3.862506   3.862918     2.2338     1.5122     0.3731    4.83393   8415.917     201983         12  0.000e+00
     14.545    10.7238    10.7250   3.862506   3.862978     2.2350     1.5000     0.3731    4.83810   8415.958     201984         12  0.000e+00
     14.600    10.7245    10.7247   3.862518   3.862979     2.2350     1.5122     0.3731    4.83885   8416.000     201985         12  0.000e+00
     14.545    10.7246    10.7240   3.862538   3.862938     2.2350     1.5000     0.3743    4.83957   8416.042     201986         12  0.000e+00
     14.600    10.7245    10.7244   3.862551   3.862979     2.2350     1.5000     0.3755    4.83967   8416.083     201987         12  0.000e+00
     14.545    10.7243    10.7232   3.862531   3.862918     2.2338     1.5000     0.3755    4.83559   8416.125     201988         12  0.000e+00
     14.600    10.7238    10.7222   3.862518   3.862904     2.2350     1.5122     0.3755    4.83981   8416.167     201989         12  0.000e+00
     14.545    10.7235    10.7221   3.862499   3.862802     2.2338     1.5122     0.3755    4.83647   8416.208     201990         12  0.000e+00
     14.600    10.7238    10.7213   3.862486   3.862768     2.2338     1.5000     0.3743    4.83657   8416.250     201991         12  0.000e+00
     14.600    10.7238    10.7211   3.862467   3.862768     2.2338     1.5000     0.3743    4.83597   8416.292     201992         12  0.000e+00
     14.545    10.7236    10.7213   3.862454   3.862667     2.2350     1.5000     0.3731    4.83944   8416.333     201993         12  0.000e+00
     14.600    10.7238    10.7219   3.862454   3.862680     2.2350     1.5122     0.3731    4.83951   8416.375     201994         12  0.000e+00
     14.600    10.7236    10.7219   3.862428   3.862633     2.2350     1.5122     0.3731    4.84028   8416.417     201995         12  0.000e+00
     14.545    10.7238    10.7225   3.862493   3.862633     2.2338     1.5000     0.3731    4.83615   8416.458     201996         12  0.000e+00
