Ship_data/Irminger/Irminger-1/ctd/process_mlankhorst/KN22104002.ros
* Sea-Bird SBE 9 Data File:
* FileName = C:\Data\ctd\KN22104002.hdr
* Software Version Seasave V 7.21k
* Temperature SN = 4195
* Conductivity SN = 2147
* Number of Bytes Per Scan = 40
* Number of Voltage Words = 5
* Number of Scans Averaged by the Deck Unit = 1
* NMEA Latitude = 61 59.72 N
* NMEA Longitude = 031 52.35 W
* NMEA UTC (Time) = Sep 08 2014 14:44:00
** KN221-04 Chief Scientist: Bob Weller
** OOI Irminger Sea Sept. 2014
** Station: 002
** Knudsen Depth: 2698
# nquan = 13
# nvalues = 588                                   
# units = specified
# name 0 = prDM: Pressure, Digiquartz [db]
# name 1 = t090C: Temperature [ITS-90, deg C]
# name 2 = t190C: Temperature, 2 [ITS-90, deg C]
# name 3 = c0S/m: Conductivity [S/m]
# name 4 = c1S/m: Conductivity, 2 [S/m]
# name 5 = sbeox0V: Oxygen raw, SBE 43 [V]
# name 6 = flECO-AFL: Fluorescence, WET Labs ECO-AFL/FL [mg/m^3]
# name 7 = CStarAt0: Beam Attenuation, WET Labs C-Star [1/m]
# name 8 = sbeox0ML/L: Oxygen, SBE 43 [ml/l]
# name 9 = timeS: Time, Elapsed [seconds]
# name 10 = scan: Scan Count
# name 11 = nbf: Bottles Fired
# name 12 = flag:  0.000e+00
# interval = seconds: 0.0416667
# start_time = Sep 08 2014 14:44:00 [NMEA time, header]
# bad_flag = -9.990e-29
*END*
   1005.976     3.8252     3.8249   3.275716   3.275886     1.8046     0.0348     0.0847    4.89098   2238.333      53721          1  0.000e+00
   1006.000     3.8254     3.8251   3.275704   3.275950     1.8059     0.0470     0.0847    4.89681   2238.375      53722          1  0.000e+00
   1006.056     3.8252     3.8247   3.275722   3.275899     1.8059     0.0348     0.0847    4.89802   2238.417      53723          1  0.000e+00
   1006.032     3.8254     3.8247   3.275728   3.275886     1.8046     0.0348     0.0847    4.89293   2238.458      53724          1  0.000e+00
   1006.056     3.8252     3.8249   3.275722   3.275918     1.8046     0.0348     0.0847    4.89413   2238.500      53725          1  0.000e+00
   1006.096     3.8254     3.8249   3.275722   3.275899     1.8034     0.0348     0.0858    4.88760   2238.542      53726          1  0.000e+00
   1006.056     3.8252     3.8251   3.275728   3.275950     1.8034     0.0348     0.0869    4.88571   2238.583      53727          1  0.000e+00
   1006.056     3.8251     3.8251   3.275728   3.275899     1.8083     0.0348     0.0858    4.90853   2238.625      53728          1  0.000e+00
   1006.096     3.8254     3.8247   3.275764   3.275918     1.8096     0.0348     0.0858    4.91887   2238.667      53729          1  0.000e+00
   1006.120     3.8254     3.8249   3.275746   3.275918     1.8071     0.0348     0.0847    4.91208   2238.708      53730          1  0.000e+00
   1006.152     3.8255     3.8249   3.275728   3.275931     1.8046     0.0348     0.0847    4.90206   2238.750      53731          1  0.000e+00
   1006.120     3.8252     3.8249   3.275740   3.275918     1.8059     0.0348     0.0847    4.90737   2238.792      53732          1  0.000e+00
   1006.120     3.8252     3.8249   3.275758   3.275982     1.8059     0.0348     0.0847    4.90801   2238.833      53733          1  0.000e+00
   1006.152     3.8254     3.8252   3.275758   3.275956     1.8083     0.0348     0.0847    4.92091   2238.875      53734          1  0.000e+00
   1006.120     3.8252     3.8249   3.275752   3.275950     1.8059     0.0348     0.0847    4.91209   2238.917      53735          1  0.000e+00
   1006.216     3.8257     3.8252   3.275782   3.275931     1.8059     0.0348     0.0847    4.91242   2238.958      53736          1  0.000e+00
   1006.176     3.8255     3.8249   3.275764   3.275950     1.8059     0.0348     0.0847    4.91268   2239.000      53737          1  0.000e+00
   1006.176     3.8254     3.8252   3.275752   3.275950     1.8046     0.0348     0.0847    4.90674   2239.042      53738          1  0.000e+00
   1006.216     3.8254     3.8254   3.275740   3.275956     1.8059     0.0348     0.0847    4.91156   2239.083      53739          1  0.000e+00
   1006.240     3.8252     3.8252   3.275728   3.275950     1.8046     0.0348     0.0847    4.90558   2239.125      53740          1  0.000e+00
   1006.152     3.8255     3.8254   3.275740   3.275988     1.8046     0.0348     0.0847    4.90406   2239.167      53741          1  0.000e+00
   1006.240     3.8255     3.8254   3.275758   3.275950     1.8046     0.0348     0.0847    4.90269   2239.208      53742          1  0.000e+00
   1006.240     3.8254     3.8256   3.275758   3.275982     1.8046     0.0348     0.0847    4.90290   2239.250      53743          1  0.000e+00
   1006.216     3.8252     3.8256   3.275752   3.275956     1.8046     0.0348     0.0847    4.90154   2239.292      53744          1  0.000e+00
   1006.240     3.8251     3.8257   3.275740   3.276007     1.8034     0.0348     0.0847    4.89407   2239.333      53745          1  0.000e+00
   1006.280     3.8254     3.8254   3.275746   3.275982     1.8046     0.0348     0.0858    4.89737   2239.375      53746          1  0.000e+00
   1006.240     3.8254     3.8256   3.275710   3.275988     1.8046     0.0348     0.0847    4.89606   2239.417      53747          1  0.000e+00
   1006.240     3.8252     3.8254   3.275734   3.276007     1.8046     0.0470     0.0847    4.89477   2239.458      53748          1  0.000e+00
   1006.280     3.8254     3.8256   3.275740   3.275956     1.8034     0.0348     0.0847    4.88895   2239.500      53749          1  0.000e+00
   1006.296     3.8255     3.8256   3.275728   3.275982     1.8046     0.0348     0.0847    4.89239   2239.542      53750          1  0.000e+00
   1006.216     3.8254     3.8256   3.275740   3.276007     1.8034     0.0348     0.0847    4.88503   2239.583      53751          1  0.000e+00
   1006.296     3.8255     3.8256   3.275782   3.275988     1.8046     0.0348     0.0847    4.88855   2239.625      53752          1  0.000e+00
   1006.296     3.8255     3.8259   3.275740   3.275982     1.8046     0.0348     0.0847    4.88747   2239.667      53753          1  0.000e+00
   1006.216     3.8255     3.8259   3.275740   3.276039     1.8046     0.0348     0.0847    4.88794   2239.708      53754          1  0.000e+00
   1006.296     3.8255     3.8257   3.275740   3.275988     1.8046     0.0348     0.0847    4.88695   2239.750      53755          1  0.000e+00
   1006.280     3.8257     3.8257   3.275746   3.276039     1.8046     0.0348     0.0847    4.88589   2239.792      53756          1  0.000e+00
   1006.240     3.8255     3.8257   3.275752   3.276020     1.8046     0.0348     0.0847    4.88484   2239.833      53757          1  0.000e+00
   1006.176     3.8255     3.8256   3.275740   3.276007     1.8046     0.0348     0.0858    4.88377   2239.875      53758          1  0.000e+00
   1006.400     3.8257     3.8257   3.275728   3.276007     1.8034     0.0348     0.0858    4.87672   2239.917      53759          1  0.000e+00
   1006.240     3.8254     3.8259   3.275740   3.276020     1.8046     0.0348     0.0869    4.88027   2239.958      53760          1  0.000e+00
   1006.216     3.8255     3.8259   3.275782   3.276039     1.8046     0.0348     0.0880    4.87925   2240.000      53761          1  0.000e+00
   1006.296     3.8255     3.8257   3.275788   3.276007     1.8046     0.0348     0.0901    4.87833   2240.042      53762          1  0.000e+00
   1006.216     3.8257     3.8259   3.275740   3.275988     1.8034     0.0348     0.0901    4.87116   2240.083      53763          1  0.000e+00
   1006.240     3.8255     3.8256   3.275728   3.276007     1.8034     0.0348     0.0880    4.86874   2240.125      53764          1  0.000e+00
   1006.240     3.8255     3.8259   3.275746   3.275988     1.8046     0.0348     0.0869    4.87249   2240.167      53765          1  0.000e+00
   1006.280     3.8259     3.8257   3.275710   3.276007     1.8046     0.0226     0.0869    4.87166   2240.208      53766          1  0.000e+00
   1006.176     3.8257     3.8257   3.275722   3.276007     1.8046     0.0226     0.0858    4.87077   2240.250      53767          1  0.000e+00
   1006.216     3.8259     3.8257   3.275728   3.276020     1.8046     0.0226     0.0858    4.87155   2240.292      53768          1  0.000e+00
   1006.176     3.8259     3.8256   3.275740   3.275982     1.8046     0.0226     0.0847    4.87075   2240.333      53769          1  0.000e+00
   1005.388     3.8254     3.8247   3.275715   3.275918     1.8059     0.0226     0.0847    4.90363   2264.875      54358          2  0.000e+00
   1005.404     3.8254     3.8251   3.275703   3.275867     1.8059     0.0226     0.0847    4.90474   2264.917      54359          2  0.000e+00
   1005.444     3.8252     3.8249   3.275697   3.275918     1.8059     0.0226     0.0847    4.90421   2264.958      54360          2  0.000e+00
   1005.468     3.8254     3.8251   3.275715   3.275918     1.8047     0.0226     0.0847    4.89734   2265.000      54361          2  0.000e+00
   1005.524     3.8254     3.8254   3.275740   3.275956     1.8059     0.0226     0.0847    4.90280   2265.042      54362          2  0.000e+00
   1005.564     3.8255     3.8254   3.275770   3.275918     1.8035     0.0348     0.0847    4.89128   2265.083      54363          2  0.000e+00
   1005.588     3.8254     3.8254   3.275746   3.275981     1.8059     0.0226     0.0847    4.90297   2265.125      54364          2  0.000e+00
   1005.565     3.8252     3.8254   3.275728   3.275956     1.8084     0.0226     0.0847    4.91613   2265.167      54365          2  0.000e+00
   1005.589     3.8254     3.8251   3.275703   3.275950     1.8059     0.0226     0.0847    4.90758   2265.208      54366          2  0.000e+00
   1005.645     3.8252     3.8254   3.275746   3.275956     1.8035     0.0226     0.0847    4.89590   2265.250      54367          2  0.000e+00
   1005.629     3.8254     3.8252   3.275758   3.275950     1.8059     0.0226     0.0847    4.90571   2265.292      54368          2  0.000e+00
   1005.773     3.8254     3.8256   3.275752   3.276007     1.8035     0.0226     0.0847    4.89409   2265.333      54369          2  0.000e+00
   1005.709     3.8252     3.8256   3.275716   3.275931     1.8035     0.0226     0.0847    4.89162   2265.375      54370          2  0.000e+00
   1005.749     3.8254     3.8257   3.275716   3.276039     1.8047     0.0226     0.0847    4.89377   2265.417      54371          2  0.000e+00
   1005.829     3.8252     3.8252   3.275740   3.276007     1.8059     0.0348     0.0847    4.89746   2265.458      54372          2  0.000e+00
   1005.805     3.8254     3.8256   3.275716   3.275988     1.8047     0.0348     0.0847    4.89180   2265.500      54373          2  0.000e+00
   1005.893     3.8252     3.8256   3.275740   3.276007     1.8047     0.0348     0.0847    4.89245   2265.542      54374          2  0.000e+00
   1005.829     3.8254     3.8259   3.275752   3.275988     1.8047     0.0348     0.0847    4.89142   2265.583      54375          2  0.000e+00
   1005.925     3.8252     3.8264   3.275782   3.276039     1.8047     0.0348     0.0847    4.89052   2265.625      54376          2  0.000e+00
   1005.949     3.8255     3.8262   3.275788   3.276071     1.8072     0.0348     0.0847    4.90345   2265.667      54377          2  0.000e+00
   1005.989     3.8254     3.8262   3.275740   3.276109     1.8059     0.0348     0.0847    4.89943   2265.708      54378          2  0.000e+00
   1006.013     3.8254     3.8260   3.275728   3.276102     1.8035     0.0470     0.0858    4.88760   2265.750      54379          2  0.000e+00
   1006.013     3.8255     3.8260   3.275806   3.276071     1.8047     0.0348     0.0858    4.88950   2265.792      54380          2  0.000e+00
   1006.045     3.8255     3.8257   3.275752   3.276051     1.8047     0.0348     0.0847    4.88683   2265.833      54381          2  0.000e+00
   1006.069     3.8255     3.8254   3.275752   3.276071     1.8047     0.0348     0.0858    4.88729   2265.875      54382          2  0.000e+00
   1006.109     3.8252     3.8257   3.275758   3.275988     1.8059     0.0470     0.0847    4.89402   2265.917      54383          2  0.000e+00
   1006.189     3.8254     3.8262   3.275752   3.275982     1.8059     0.0348     0.0847    4.89451   2265.958      54384          2  0.000e+00
   1006.133     3.8254     3.8265   3.275794   3.276102     1.8047     0.0348     0.0847    4.89031   2266.000      54385          2  0.000e+00
   1006.165     3.8257     3.8260   3.275800   3.276077     1.8047     0.0348     0.0847    4.89082   2266.042      54386          2  0.000e+00
   1006.253     3.8257     3.8264   3.275764   3.276071     1.8047     0.0348     0.0847    4.88985   2266.083      54387          2  0.000e+00
   1006.229     3.8255     3.8262   3.275812   3.276102     1.8047     0.0348     0.0847    4.88880   2266.125      54388          2  0.000e+00
   1006.309     3.8255     3.8262   3.275782   3.276077     1.8059     0.0348     0.0847    4.89398   2266.167      54389          2  0.000e+00
   1006.253     3.8255     3.8257   3.275776   3.276071     1.8047     0.0348     0.0847    4.89148   2266.208      54390          2  0.000e+00
   1006.349     3.8255     3.8254   3.275782   3.276109     1.8047     0.0470     0.0847    4.89057   2266.250      54391          2  0.000e+00
   1006.309     3.8254     3.8251   3.275788   3.275982     1.8047     0.0348     0.0847    4.89121   2266.292      54392          2  0.000e+00
   1006.349     3.8252     3.8252   3.275764   3.275950     1.8035     0.0470     0.0847    4.88258   2266.333      54393          2  0.000e+00
   1006.373     3.8251     3.8256   3.275710   3.275956     1.8047     0.0348     0.0847    4.88633   2266.375      54394          2  0.000e+00
   1006.429     3.8250     3.8256   3.275722   3.276007     1.8047     0.0348     0.0847    4.88546   2266.417      54395          2  0.000e+00
   1006.413     3.8251     3.8259   3.275728   3.276007     1.8059     0.0348     0.0847    4.89069   2266.458      54396          2  0.000e+00
   1006.493     3.8249     3.8260   3.275740   3.276020     1.8047     0.0348     0.0847    4.88519   2266.500      54397          2  0.000e+00
   1006.469     3.8252     3.8262   3.275740   3.276039     1.8047     0.0348     0.0847    4.88417   2266.542      54398          2  0.000e+00
   1006.493     3.8252     3.8264   3.275746   3.276077     1.8047     0.0348     0.0847    4.88483   2266.583      54399          2  0.000e+00
   1006.469     3.8250     3.8265   3.275734   3.276102     1.8047     0.0348     0.0847    4.88393   2266.625      54400          2  0.000e+00
   1006.549     3.8249     3.8265   3.275728   3.276160     1.8047     0.0348     0.0847    4.88310   2266.667      54401          2  0.000e+00
   1006.549     3.8252     3.8269   3.275728   3.276172     1.8047     0.0348     0.0847    4.88377   2266.708      54402          2  0.000e+00
   1006.533     3.8249     3.8268   3.275704   3.276192     1.8047     0.0348     0.0847    4.88458   2266.750      54403          2  0.000e+00
   1006.613     3.8252     3.8266   3.275722   3.276223     1.8035     0.0348     0.0847    4.87605   2266.792      54404          2  0.000e+00
   1006.533     3.8249     3.8267   3.275704   3.276172     1.8047     0.0348     0.0847    4.88147   2266.833      54405          2  0.000e+00
   1006.613     3.8250     3.8260   3.275710   3.276103     1.8047     0.0348     0.0847    4.88080   2266.875      54406          2  0.000e+00
    933.365     3.8273     3.8265   3.272334   3.272456     1.8332     0.0226     0.0847    4.95103   3204.958      76920          3  0.000e+00
    933.365     3.8273     3.8264   3.272328   3.272462     1.8332     0.0226     0.0847    4.95179   3205.000      76921          3  0.000e+00
    933.309     3.8271     3.8265   3.272298   3.272424     1.8319     0.0226     0.0847    4.94798   3205.042      76922          3  0.000e+00
    933.365     3.8271     3.8265   3.272304   3.272494     1.8332     0.0226     0.0847    4.95491   3205.083      76923          3  0.000e+00
    933.245     3.8273     3.8265   3.272316   3.272456     1.8332     0.0226     0.0847    4.95557   3205.125      76924          3  0.000e+00
    933.365     3.8271     3.8262   3.272316   3.272462     1.8295     0.0226     0.0847    4.93815   3205.167      76925          3  0.000e+00
    933.309     3.8273     3.8265   3.272298   3.272488     1.8922     0.0348     0.0847    5.24393   3205.208      76926          3  0.000e+00
    933.309     3.8270     3.8264   3.272304   3.272462     1.9180     0.0470     0.0847    5.44189   3205.250      76927          3  0.000e+00
    933.309     3.8271     3.8264   3.272316   3.272456     1.8356     0.0470     0.0847    5.13306   3205.292      76928          3  0.000e+00
    933.309     3.8271     3.8264   3.272316   3.272462     1.8221     0.0470     0.0847    5.06244   3205.333      76929          3  0.000e+00
    933.277     3.8271     3.8264   3.272298   3.272456     1.8332     0.0470     0.0847    5.09704   3205.375      76930          3  0.000e+00
    933.245     3.8271     3.8265   3.272328   3.272430     1.8332     0.0470     0.0847    5.09056   3205.417      76931          3  0.000e+00
    933.309     3.8271     3.8265   3.272304   3.272494     1.8295     0.0470     0.0836    5.06590   3205.458      76932          3  0.000e+00
