Ship_data/Irminger/Irminger-1/ctd/process_mlankhorst/KN22104003.ros
* Sea-Bird SBE 9 Data File:
* FileName = C:\Data\ctd\KN22104003.hdr
* Software Version Seasave V 7.21k
* Temperature SN = 4195
* Conductivity SN = 2147
* Number of Bytes Per Scan = 40
* Number of Voltage Words = 5
* Number of Scans Averaged by the Deck Unit = 1
* NMEA Latitude = 61 53.17 N
* NMEA Longitude = 032 18.33 W
* NMEA UTC (Time) = Sep 08 2014 18:04:26
** KN221-04 Chief Scientist: Bob Weller
** OOI Irminger Sea Sept. 2014
** Station: 003
** Knudsen Depth: 2698
# nquan = 13
# nvalues = 588                                   
# units = specified
# name 0 = prDM: Pressure, Digiquartz [db]
# name 1 = t090C: Temperature [ITS-90, deg C]
# name 2 = t190C: Temperature, 2 [ITS-90, deg C]
# name 3 = c0S/m: Conductivity [S/m]
# name 4 = c1S/m: Conductivity, 2 [S/m]
# name 5 = sbeox0V: Oxygen raw, SBE 43 [V]
# name 6 = flECO-AFL: Fluorescence, WET Labs ECO-AFL/FL [mg/m^3]
# name 7 = CStarAt0: Beam Attenuation, WET Labs C-Star [1/m]
# name 8 = sbeox0ML/L: Oxygen, SBE 43 [ml/l]
# name 9 = timeS: Time, Elapsed [seconds]
# name 10 = scan: Scan Count
# name 11 = nbf: Bottles Fired
# name 12 = flag:  0.000e+00
# interval = seconds: 0.0416667
# start_time = Sep 08 2014 18:04:26 [NMEA time, header]
# bad_flag = -9.990e-29
*END*
[from data line 445]
    655.870     4.1474     4.1469   3.290150   3.290314     1.9150     0.0470     0.0847    5.02750   7585.583     182055         10  0.000e+00
    655.767     4.1475     4.1471   3.290144   3.290340     1.9162     0.0470     0.0847    5.03137   7585.625     182056         10  0.000e+00
    655.823     4.1475     4.1469   3.290132   3.290340     1.9162     0.0470     0.0847    5.03096   7585.667     182057         10  0.000e+00
    655.767     4.1475     4.1471   3.290150   3.290314     1.9150     0.0470     0.0847    5.02612   7585.708     182058         10  0.000e+00
    655.815     4.1475     4.1470   3.290162   3.290340     1.9162     0.0470     0.0847    5.03004   7585.750     182059         10  0.000e+00
    655.823     4.1475     4.1469   3.290168   3.290283     1.9162     0.0470     0.0847    5.02953   7585.792     182060         10  0.000e+00
    655.767     4.1475     4.1469   3.290186   3.290314     1.9174     0.0470     0.0847    5.03603   7585.833     182061         10  0.000e+00
    655.886     4.1474     4.1470   3.290192   3.290314     1.9162     0.0470     0.0847    5.03116   7585.875     182062         10  0.000e+00
    655.767     4.1472     4.1469   3.290174   3.290283     1.9150     0.0470     0.0847    5.02473   7585.917     182063         10  0.000e+00
    655.815     4.1475     4.1471   3.290144   3.290283     1.9162     0.0470     0.0847    5.02982   7585.958     182064         10  0.000e+00
    655.823     4.1474     4.1470   3.290150   3.290314     1.9162     0.0470     0.0847    5.03057   7586.000     182065         10  0.000e+00
    655.823     4.1472     4.1469   3.290162   3.290340     1.9162     0.0470     0.0847    5.02990   7586.042     182066         10  0.000e+00
    655.823     4.1475     4.1471   3.290120   3.290314     1.9150     0.0470     0.0847    5.02487   7586.083     182067         10  0.000e+00
    655.823     4.1477     4.1470   3.290144   3.290314     1.9162     0.0470     0.0847    5.02992   7586.125     182068         10  0.000e+00
    655.870     4.1474     4.1471   3.290162   3.290340     1.9162     0.0470     0.0847    5.02930   7586.167     182069         10  0.000e+00
    655.823     4.1474     4.1470   3.290162   3.290359     1.9162     0.0348     0.0836    5.02994   7586.208     182070         10  0.000e+00
    655.823     4.1475     4.1471   3.290180   3.290283     1.9150     0.0226     0.0847    5.02489   7586.250     182071         10  0.000e+00
    655.823     4.1475     4.1471   3.290150   3.290314     1.9162     0.0226     0.0847    5.02998   7586.292     182072         10  0.000e+00
    655.703     4.1474     4.1469   3.290162   3.290314     1.9162     0.0226     0.0847    5.02924   7586.333     182073         10  0.000e+00
    655.990     4.1475     4.1471   3.290168   3.290340     1.9150     0.0226     0.0847    5.02298   7586.375     182074         10  0.000e+00
    655.823     4.1475     4.1470   3.290162   3.290314     1.9162     0.0226     0.0836    5.02789   7586.417     182075         10  0.000e+00
    655.886     4.1477     4.1470   3.290144   3.290314     1.9162     0.0226     0.0836    5.02860   7586.458     182076         10  0.000e+00
    655.823     4.1475     4.1471   3.290150   3.290340     1.9162     0.0226     0.0836    5.02784   7586.500     182077         10  0.000e+00
    655.815     4.1475     4.1470   3.290144   3.290314     1.9162     0.0226     0.0836    5.02705   7586.542     182078         10  0.000e+00
    655.886     4.1474     4.1471   3.290150   3.290283     1.9150     0.0226     0.0836    5.02198   7586.583     182079         10  0.000e+00
    655.823     4.1475     4.1471   3.290162   3.290340     1.9162     0.0226     0.0836    5.02828   7586.625     182080         10  0.000e+00
    655.823     4.1474     4.1469   3.290144   3.290372     1.9162     0.0226     0.0836    5.02758   7586.667     182081         10  0.000e+00
    655.886     4.1475     4.1469   3.290150   3.290314     1.9162     0.0226     0.0847    5.02822   7586.708     182082         10  0.000e+00
    655.815     4.1475     4.1471   3.290180   3.290340     1.9162     0.0226     0.0847    5.02878   7586.750     182083         10  0.000e+00
    655.823     4.1475     4.1470   3.290150   3.290340     1.9150     0.0226     0.0847    5.02372   7586.792     182084         10  0.000e+00
    655.886     4.1475     4.1471   3.290174   3.290340     1.9162     0.0226     0.0847    5.02877   7586.833     182085         10  0.000e+00
    655.823     4.1474     4.1470   3.290174   3.290372     1.9162     0.0226     0.0847    5.02942   7586.875     182086         10  0.000e+00
    655.823     4.1475     4.1470   3.290168   3.290314     1.9150     0.0226     0.0847    5.02297   7586.917     182087         10  0.000e+00
    655.870     4.1474     4.1472   3.290168   3.290340     1.9162     0.0226     0.0847    5.02804   7586.958     182088         10  0.000e+00
    655.823     4.1475     4.1470   3.290144   3.290314     1.9162     0.0226     0.0847    5.02727   7587.000     182089         10  0.000e+00
    655.823     4.1474     4.1471   3.290150   3.290283     1.9150     0.0226     0.0847    5.02221   7587.042     182090         10  0.000e+00
    655.823     4.1474     4.1473   3.290162   3.290314     1.9162     0.0226     0.0847    5.02722   7587.083     182091         10  0.000e+00
    655.870     4.1474     4.1470   3.290162   3.290314     1.9162     0.0226     0.0847    5.02652   7587.125     182092         10  0.000e+00
    655.823     4.1474     4.1471   3.290144   3.290283     1.9162     0.0226     0.0847    5.02712   7587.167     182093         10  0.000e+00
    655.823     4.1475     4.1470   3.290150   3.290340     1.9150     0.0348     0.0847    5.02202   7587.208     182094         10  0.000e+00
    655.886     4.1477     4.1471   3.290144   3.290340     1.9162     0.0348     0.0847    5.02707   7587.250     182095         10  0.000e+00
    655.823     4.1474     4.1471   3.290174   3.290314     1.9150     0.0348     0.0858    5.02062   7587.292     182096         10  0.000e+00
    655.815     4.1475     4.1471   3.290192   3.290314     1.9150     0.0348     0.0858    5.01851   7587.333     182097         10  0.000e+00
    655.886     4.1475     4.1470   3.290192   3.290314     1.9162     0.0348     0.0858    5.02358   7587.375     182098         10  0.000e+00
    655.823     4.1475     4.1471   3.290174   3.290314     1.9162     0.0348     0.0847    5.02562   7587.417     182099         10  0.000e+00
     14.191    10.7193    10.7197   3.861996   3.862633     2.2315     1.4634     0.3766    4.82215   8397.833     201549         11  0.000e+00
     14.254    10.7193    10.7197   3.862035   3.862565     2.2315     1.4512     0.3755    4.82227   8397.875     201550         11  0.000e+00
     14.191    10.7193    10.7185   3.862022   3.862470     2.2315     1.4634     0.3766    4.82306   8397.917     201551         11  0.000e+00
     14.254    10.7200    10.7186   3.862035   3.862389     2.2327     1.4512     0.3766    4.82802   8397.958     201552         11  0.000e+00
     14.191    10.7206    10.7190   3.862093   3.862321     2.2327     1.4634     0.3766    4.82880   8398.000     201553         11  0.000e+00
     14.073    10.7210    10.7186   3.862132   3.862355     2.2327     1.4634     0.3778    4.82958   8398.042     201554         11  0.000e+00
     14.309    10.7215    10.7200   3.862145   3.862429     2.2327     1.4634     0.3778    4.83057   8398.083     201555         11  0.000e+00
     14.191    10.7211    10.7216   3.862145   3.862497     2.2327     1.4512     0.3778    4.83141   8398.125     201556         11  0.000e+00
     14.254    10.7210    10.7222   3.862099   3.862606     2.2327     1.4634     0.3766    4.83236   8398.167     201557         11  0.000e+00
     14.136    10.7204    10.7232   3.862061   3.862667     2.2327     1.4634     0.3766    4.83323   8398.208     201558         11  0.000e+00
     14.254    10.7206    10.7241   3.862067   3.862768     2.2327     1.4634     0.3766    4.83418   8398.250     201559         11  0.000e+00
     14.136    10.7203    10.7247   3.862125   3.862802     2.2327     1.4634     0.3766    4.83500   8398.292     201560         11  0.000e+00
     14.191    10.7203    10.7251   3.862196   3.862904     2.2327     1.4634     0.3766    4.83590   8398.333     201561         11  0.000e+00
     14.191    10.7204    10.7260   3.862235   3.862978     2.2327     1.4634     0.3766    4.83676   8398.375     201562         11  0.000e+00
     14.136    10.7206    10.7261   3.862248   3.863121     2.2327     1.4634     0.3766    4.83760   8398.417     201563         11  0.000e+00
     14.254    10.7215    10.7263   3.862267   3.863114     2.2327     1.4512     0.3778    4.83849   8398.458     201564         11  0.000e+00
     14.073    10.7221    10.7265   3.862331   3.863114     2.2327     1.4634     0.3778    4.83847   8398.500     201565         11  0.000e+00
     14.191    10.7226    10.7261   3.862370   3.863080     2.2327     1.4634     0.3778    4.83864   8398.542     201566         11  0.000e+00
     14.191    10.7236    10.7252   3.862402   3.863148     2.2327     1.4756     0.3766    4.83867   8398.583     201567         11  0.000e+00
     14.136    10.7241    10.7246   3.862441   3.862951     2.2327     1.4878     0.3766    4.83867   8398.625     201568         11  0.000e+00
     14.191    10.7238    10.7245   3.862473   3.862904     2.2327     1.4878     0.3766    4.83878   8398.667     201569         11  0.000e+00
     14.136    10.7243    10.7252   3.862486   3.862802     2.2327     1.4756     0.3755    4.83873   8398.708     201570         11  0.000e+00
     14.191    10.7251    10.7259   3.862531   3.862904     2.2327     1.4878     0.3766    4.83868   8398.750     201571         11  0.000e+00
     14.191    10.7253    10.7260   3.862576   3.863012     2.2327     1.4756     0.3766    4.83863   8398.792     201572         11  0.000e+00
     14.191    10.7256    10.7268   3.862589   3.862978     2.2327     1.4878     0.3766    4.83854   8398.833     201573         11  0.000e+00
     14.136    10.7256    10.7263   3.862608   3.863053     2.2327     1.4756     0.3755    4.83841   8398.875     201574         11  0.000e+00
     14.191    10.7256    10.7264   3.862570   3.863080     2.2327     1.4756     0.3755    4.83834   8398.917     201575         11  0.000e+00
     14.191    10.7249    10.7267   3.862551   3.863080     2.2339     1.4878     0.3766    4.84235   8398.958     201576         11  0.000e+00
     14.191    10.7246    10.7262   3.862531   3.863080     2.2339     1.4756     0.3778    4.84286   8399.000     201577         11  0.000e+00
     14.136    10.7241    10.7259   3.862499   3.863114     2.2327     1.4878     0.3778    4.83922   8399.042     201578         11  0.000e+00
     14.191    10.7236    10.7255   3.862467   3.863053     2.2327     1.4878     0.3778    4.83901   8399.083     201579         11  0.000e+00
     14.191    10.7233    10.7256   3.862402   3.863012     2.2339     1.4756     0.3778    4.84283   8399.125     201580         11  0.000e+00
     14.191    10.7235    10.7257   3.862435   3.863012     2.2339     1.4756     0.3778    4.84384   8399.167     201581         11  0.000e+00
     14.254    10.7241    10.7257   3.862454   3.863046     2.2327     1.4756     0.3778    4.84073   8399.208     201582         11  0.000e+00
     14.191    10.7243    10.7254   3.862473   3.863080     2.2327     1.4756     0.3766    4.84099   8399.250     201583         11  0.000e+00
     14.254    10.7245    10.7252   3.862505   3.863046     2.2327     1.4756     0.3766    4.84061   8399.292     201584         11  0.000e+00
     14.191    10.7253    10.7244   3.862538   3.863053     2.2339     1.4878     0.3766    4.84415   8399.333     201585         11  0.000e+00
     14.191    10.7249    10.7242   3.862576   3.862978     2.2339     1.4756     0.3755    4.84436   8399.375     201586         11  0.000e+00
     14.254    10.7249    10.7236   3.862563   3.862978     2.2327     1.4878     0.3755    4.84046   8399.417     201587         11  0.000e+00
     14.254    10.7253    10.7237   3.862576   3.862904     2.2327     1.4756     0.3766    4.83986   8399.458     201588         11  0.000e+00
     14.254    10.7254    10.7235   3.862538   3.862836     2.2339     1.4878     0.3766    4.84334   8399.500     201589         11  0.000e+00
     14.309    10.7254    10.7236   3.862570   3.862870     2.2339     1.4756     0.3778    4.84339   8399.542     201590         11  0.000e+00
     14.254    10.7260    10.7237   3.862609   3.862884     2.2339     1.4634     0.3802    4.84328   8399.583     201591         11  0.000e+00
     14.309    10.7261    10.7251   3.862641   3.862870     2.2339     1.4634     0.3802    4.84392   8399.625     201592         11  0.000e+00
     14.254    10.7273    10.7260   3.862750   3.862938     2.2339     1.4512     0.3802    4.84365   8399.667     201593         11  0.000e+00
     14.309    10.7283    10.7262   3.862886   3.863046     2.2339     1.4634     0.3802    4.84339   8399.708     201594         11  0.000e+00
     14.364    10.7294    10.7264   3.862944   3.863148     2.2339     1.4634     0.3802    4.84309   8399.750     201595         11  0.000e+00
     14.254    10.7302    10.7262   3.863008   3.863121     2.2339     1.4512     0.3778    4.84265   8399.792     201596         11  0.000e+00
     14.364    10.7304    10.7269   3.863027   3.863080     2.2339     1.4634     0.3778    4.84307   8399.833     201597         11  0.000e+00
     14.427    10.7265    10.7222   3.862712   3.862768     2.2338     1.4512     0.3708    4.83498   8414.458     201948         12  0.000e+00
     14.427    10.7260    10.7221   3.862725   3.862748     2.2350     1.4634     0.3696    4.83844   8414.500     201949         12  0.000e+00
     14.427    10.7268    10.7222   3.862744   3.862768     2.2350     1.4634     0.3696    4.83837   8414.542     201950         12  0.000e+00
     14.482    10.7268    10.7224   3.862737   3.862768     2.2350     1.4512     0.3696    4.83838   8414.583     201951         12  0.000e+00
     14.427    10.7271    10.7224   3.862744   3.862734     2.2338     1.4634     0.3708    4.83489   8414.625     201952         12  0.000e+00
     14.482    10.7266    10.7222   3.862737   3.862734     2.2338     1.4512     0.3708    4.83425   8414.667     201953         12  0.000e+00
     14.364    10.7260    10.7224   3.862770   3.862748     2.2338     1.4512     0.3708    4.83350   8414.708     201954         12  0.000e+00
     14.482    10.7270    10.7222   3.862841   3.862701     2.2338     1.4756     0.3720    4.83347   8414.750     201955         12  0.000e+00
     14.545    10.7273    10.7225   3.862860   3.862701     2.2350     1.4878     0.3720    4.83760   8414.792     201956         12  0.000e+00
     14.427    10.7276    10.7231   3.862879   3.862734     2.2350     1.5000     0.3708    4.83821   8414.833     201957         12  0.000e+00
     14.482    10.7278    10.7235   3.862841   3.862802     2.2338     1.5000     0.3696    4.83415   8414.875     201958         12  0.000e+00
     14.482    10.7278    10.7238   3.862847   3.862836     2.2338     1.4878     0.3696    4.83346   8414.917     201959         12  0.000e+00
     14.482    10.7278    10.7245   3.862860   3.862816     2.2338     1.4878     0.3696    4.83277   8414.958     201960         12  0.000e+00
     14.545    10.7276    10.7241   3.862860   3.862836     2.2350     1.4878     0.3696    4.83694   8415.000     201961         12  0.000e+00
     14.427    10.7276    10.7245   3.862860   3.862870     2.2338     1.4878     0.3696    4.83349   8415.042     201962         12  0.000e+00
     14.545    10.7274    10.7245   3.862860   3.862904     2.2338     1.4878     0.3696    4.83364   8415.083     201963         12  0.000e+00
