Ship_data/Irminger/Irminger-1/ctd/process_mlankhorst/KN22104004.ros
* Sea-Bird SBE 9 Data File:
* FileName = C:\Data\ctd\KN22104004.hdr
* Software Version Seasave V 7.21k
* Temperature SN = 4195
* Conductivity SN = 2147
* Number of Bytes Per Scan = 40
* Number of Voltage Words = 5
* Number of Scans Averaged by the Deck Unit = 1
* NMEA Latitude = 61 39.45 N
* NMEA Longitude = 033 04.60 W
* NMEA UTC (Time) = Sep 08 2014 23:19:14
** KN221-04 Chief Scientist: Bob Weller
** OOI Irminger Sea Sept. 2014
** Station: 004
** Knudsen Depth: 2976
# nquan = 13
# nvalues = 588                                   
# units = specified
# name 0 = prDM: Pressure, Digiquartz [db]
# name 1 = t090C: Temperature [ITS-90, deg C]
# name 2 = t190C: Temperature, 2 [ITS-90, deg C]
# name 3 = c0S/m: Conductivity [S/m]
# name 4 = c1S/m: Conductivity, 2 [S/m]
# name 5 = sbeox0V: Oxygen raw, SBE 43 [V]
# name 6 = flECO-AFL: Fluorescence, WET Labs ECO-AFL/FL [mg/m^3]
# name 7 = CStarAt0: Beam Attenuation, WET Labs C-Star [1/m]
# name 8 = sbeox0ML/L: Oxygen, SBE 43 [ml/l]
# name 9 = timeS: Time, Elapsed [seconds]
# name 10 = scan: Scan Count
# name 11 = nbf: Bottles Fired
# name 12 = flag:  0.000e+00
# interval = seconds: 0.0416667
# start_time = Sep 08 2014 23:19:14 [NMEA time, header]
# bad_flag = -9.990e-29
*END*
    503.502     4.2717     4.2710   3.296015   3.296146     1.8968     0.0348     0.0869    4.84986   1878.458      45084          1  0.000e+00
    503.502     4.2718     4.2710   3.296039   3.296178     1.8968     0.0226     0.0869    4.84846   1878.500      45085          1  0.000e+00
    503.502     4.2715     4.2712   3.296033   3.296178     1.8980     0.0226     0.0869    4.85263   1878.542      45086          1  0.000e+00
    503.502     4.2719     4.2710   3.296045   3.296178     1.8980     0.0226     0.0880    4.85375   1878.583      45087          1  0.000e+00
    503.502     4.2719     4.2710   3.296015   3.296114     1.8980     0.0226     0.0880    4.85493   1878.625      45088          1  0.000e+00
    503.597     4.2719     4.2710   3.295997   3.296178     1.8980     0.0226     0.0880    4.85484   1878.667      45089          1  0.000e+00
    503.446     4.2714     4.2712   3.296009   3.296139     1.8980     0.0226     0.0880    4.85458   1878.708      45090          1  0.000e+00
    503.502     4.2715     4.2709   3.296003   3.296178     1.8980     0.0226     0.0880    4.85434   1878.750      45091          1  0.000e+00
    503.565     4.2717     4.2710   3.295997   3.296178     1.8980     0.0226     0.0880    4.85405   1878.792      45092          1  0.000e+00
    503.502     4.2713     4.2707   3.295997   3.296146     1.8980     0.0226     0.0880    4.85367   1878.833      45093          1  0.000e+00
    503.565     4.2712     4.2709   3.296009   3.296178     1.8968     0.0226     0.0901    4.84910   1878.875      45094          1  0.000e+00
    503.502     4.2714     4.2707   3.296003   3.296178     1.8968     0.0226     0.0869    4.84873   1878.917      45095          1  0.000e+00
    503.502     4.2714     4.2709   3.296015   3.296178     1.8980     0.0226     0.0869    4.85265   1878.958      45096          1  0.000e+00
    503.478     4.2715     4.2705   3.296009   3.296108     1.8980     0.0226     0.0869    4.85358   1879.000      45097          1  0.000e+00
    503.502     4.2715     4.2709   3.296009   3.296114     1.8980     0.0226     0.0869    4.85455   1879.042      45098          1  0.000e+00
    503.502     4.2715     4.2707   3.296003   3.296178     1.8968     0.0226     0.0869    4.84999   1879.083      45099          1  0.000e+00
    503.446     4.2714     4.2707   3.295997   3.296146     1.8980     0.0226     0.0880    4.85389   1879.125      45100          1  0.000e+00
    503.502     4.2716     4.2709   3.295997   3.296178     1.8980     0.0226     0.0901    4.85354   1879.167      45101          1  0.000e+00
    503.446     4.2719     4.2709   3.296009   3.296146     1.8980     0.0226     0.0880    4.85305   1879.208      45102          1  0.000e+00
    503.502     4.2719     4.2710   3.296021   3.296114     1.8980     0.0226     0.0869    4.85260   1879.250      45103          1  0.000e+00
    503.383     4.2719     4.2709   3.296009   3.296139     1.8980     0.0348     0.0869    4.85332   1879.292      45104          1  0.000e+00
    503.446     4.2719     4.2709   3.296015   3.296178     1.8980     0.0226     0.0869    4.85283   1879.333      45105          1  0.000e+00
    503.423     4.2719     4.2709   3.296027   3.296114     1.8980     0.0226     0.0869    4.85355   1879.375      45106          1  0.000e+00
    503.446     4.2719     4.2709   3.296021   3.296146     1.8980     0.0226     0.0869    4.85299   1879.417      45107          1  0.000e+00
    503.383     4.2720     4.2709   3.296021   3.296146     1.8980     0.0348     0.0869    4.85230   1879.458      45108          1  0.000e+00
    503.383     4.2719     4.2705   3.296027   3.296146     1.8980     0.0348     0.0869    4.85162   1879.500      45109          1  0.000e+00
    503.383     4.2719     4.2707   3.296009   3.296178     1.8980     0.0348     0.0869    4.85089   1879.542      45110          1  0.000e+00
    503.383     4.2717     4.2709   3.296009   3.296139     1.8980     0.0470     0.0869    4.85144   1879.583      45111          1  0.000e+00
    503.328     4.2717     4.2705   3.296021   3.296178     1.8980     0.0348     0.0869    4.85193   1879.625      45112          1  0.000e+00
    503.328     4.2718     4.2709   3.295985   3.296114     1.8980     0.0348     0.0869    4.85246   1879.667      45113          1  0.000e+00
    503.367     4.2715     4.2710   3.295985   3.296114     1.8980     0.0348     0.0880    4.85304   1879.708      45114          1  0.000e+00
    503.264     4.2719     4.2710   3.295991   3.296146     1.8980     0.0348     0.0880    4.85214   1879.750      45115          1  0.000e+00
    503.328     4.2715     4.2709   3.295991   3.296178     1.8980     0.0348     0.0869    4.85270   1879.792      45116          1  0.000e+00
    503.264     4.2719     4.2707   3.296015   3.296178     1.8980     0.0348     0.0869    4.85176   1879.833      45117          1  0.000e+00
    503.264     4.2720     4.2709   3.296009   3.296139     1.8980     0.0348     0.0880    4.85217   1879.875      45118          1  0.000e+00
    503.209     4.2717     4.2707   3.296015   3.296114     1.8980     0.0348     0.0880    4.85127   1879.917      45119          1  0.000e+00
    503.264     4.2719     4.2707   3.295997   3.296146     1.8980     0.0470     0.0869    4.85166   1879.958      45120          1  0.000e+00
    503.209     4.2718     4.2709   3.295991   3.296146     1.8980     0.0348     0.0869    4.85201   1880.000      45121          1  0.000e+00
    503.209     4.2717     4.2710   3.295979   3.296146     1.8980     0.0348     0.0869    4.85240   1880.042      45122          1  0.000e+00
    503.185     4.2715     4.2707   3.296009   3.296146     1.8980     0.0348     0.0869    4.85276   1880.083      45123          1  0.000e+00
    503.145     4.2720     4.2709   3.295997   3.296178     1.8980     0.0348     0.0869    4.85306   1880.125      45124          1  0.000e+00
    503.145     4.2716     4.2712   3.295991   3.296165     1.8980     0.0348     0.0869    4.85347   1880.167      45125          1  0.000e+00
    503.145     4.2717     4.2707   3.295997   3.296146     1.8980     0.0348     0.0869    4.85383   1880.208      45126          1  0.000e+00
    503.090     4.2717     4.2710   3.295979   3.296114     1.8980     0.0348     0.0869    4.85418   1880.250      45127          1  0.000e+00
    503.090     4.2717     4.2709   3.295979   3.296178     1.8980     0.0348     0.0869    4.85455   1880.292      45128          1  0.000e+00
    503.145     4.2715     4.2710   3.295991   3.296114     1.8980     0.0348     0.0880    4.85497   1880.333      45129          1  0.000e+00
    503.034     4.2716     4.2710   3.295997   3.296178     1.8980     0.0348     0.0880    4.85525   1880.375      45130          1  0.000e+00
    503.090     4.2715     4.2709   3.295979   3.296178     1.8980     0.0348     0.0901    4.85435   1880.417      45131          1  0.000e+00
    503.011     4.2717     4.2709   3.296009   3.296139     1.8980     0.0348     0.0901    4.85327   1880.458      45132          1  0.000e+00
    503.624     4.2709     4.2702   3.295942   3.296057     1.8980     0.0348     0.0869    4.84942   1892.208      45414          2  0.000e+00
    503.624     4.2707     4.2702   3.295955   3.296114     1.8980     0.0348     0.0869    4.84943   1892.250      45415          2  0.000e+00
    503.664     4.2708     4.2701   3.295949   3.296088     1.8980     0.0348     0.0869    4.84944   1892.292      45416          2  0.000e+00
    503.625     4.2710     4.2701   3.295930   3.296114     1.8980     0.0348     0.0869    4.84941   1892.333      45417          2  0.000e+00
    503.569     4.2709     4.2702   3.295930   3.296057     1.8980     0.0470     0.0869    4.84939   1892.375      45418          2  0.000e+00
    503.625     4.2709     4.2702   3.295936   3.296076     1.8980     0.0348     0.0869    4.84942   1892.417      45419          2  0.000e+00
    503.688     4.2710     4.2702   3.295955   3.296088     1.8980     0.0348     0.0869    4.84944   1892.458      45420          2  0.000e+00
    503.569     4.2709     4.2702   3.295961   3.296088     1.8980     0.0348     0.0869    4.84937   1892.500      45421          2  0.000e+00
    503.625     4.2709     4.2701   3.295961   3.296088     1.8980     0.0348     0.0869    4.84941   1892.542      45422          2  0.000e+00
    503.569     4.2710     4.2699   3.295948   3.296146     1.8980     0.0348     0.0869    4.84936   1892.583      45423          2  0.000e+00
    503.601     4.2711     4.2702   3.295936   3.296088     1.8980     0.0348     0.0869    4.84938   1892.625      45424          2  0.000e+00
    503.569     4.2709     4.2702   3.295979   3.296088     1.8980     0.0348     0.0869    4.84937   1892.667      45425          2  0.000e+00
    503.569     4.2710     4.2701   3.295942   3.296108     1.8980     0.0348     0.0869    4.84937   1892.708      45426          2  0.000e+00
    503.569     4.2710     4.2704   3.295930   3.296114     1.8980     0.0348     0.0869    4.84937   1892.750      45427          2  0.000e+00
    503.569     4.2711     4.2701   3.295955   3.296088     1.8980     0.0470     0.0869    4.84935   1892.792      45428          2  0.000e+00
    503.569     4.2709     4.2702   3.295967   3.296114     1.8980     0.0348     0.0869    4.84937   1892.833      45429          2  0.000e+00
    503.506     4.2709     4.2702   3.295979   3.296088     1.8980     0.0348     0.0869    4.84933   1892.875      45430          2  0.000e+00
    503.506     4.2709     4.2702   3.296015   3.296114     1.8980     0.0348     0.0869    4.84931   1892.917      45431          2  0.000e+00
    503.482     4.2710     4.2702   3.295985   3.296088     1.8980     0.0348     0.0869    4.84930   1892.958      45432          2  0.000e+00
    503.506     4.2712     4.2701   3.295967   3.296108     1.8980     0.0348     0.0880    4.84930   1893.000      45433          2  0.000e+00
    503.506     4.2710     4.2701   3.296003   3.296088     1.8980     0.0348     0.0869    4.84931   1893.042      45434          2  0.000e+00
    503.450     4.2710     4.2704   3.295979   3.296088     1.8980     0.0348     0.0869    4.84928   1893.083      45435          2  0.000e+00
    503.506     4.2711     4.2702   3.295948   3.296088     1.8980     0.0348     0.0869    4.84932   1893.125      45436          2  0.000e+00
    503.387     4.2709     4.2702   3.295936   3.296114     1.8980     0.0348     0.0869    4.84927   1893.167      45437          2  0.000e+00
    503.450     4.2709     4.2702   3.295955   3.296088     1.8980     0.0470     0.0869    4.84930   1893.208      45438          2  0.000e+00
    503.450     4.2709     4.2702   3.295961   3.296088     1.8980     0.0348     0.0869    4.84930   1893.250      45439          2  0.000e+00
    503.387     4.2708     4.2702   3.295942   3.296108     1.8980     0.0348     0.0869    4.84927   1893.292      45440          2  0.000e+00
    503.371     4.2709     4.2701   3.295936   3.296088     1.8980     0.0348     0.0869    4.84926   1893.333      45441          2  0.000e+00
    503.387     4.2709     4.2701   3.295954   3.296088     1.8980     0.0348     0.0869    4.84926   1893.375      45442          2  0.000e+00
    503.332     4.2709     4.2701   3.295912   3.296114     1.8980     0.0348     0.0869    4.84924   1893.417      45443          2  0.000e+00
    503.387     4.2710     4.2702   3.295948   3.296088     1.8980     0.0348     0.0869    4.84926   1893.458      45444          2  0.000e+00
    503.268     4.2709     4.2701   3.295948   3.296114     1.8980     0.0348     0.0901    4.84919   1893.500      45445          2  0.000e+00
    503.332     4.2710     4.2702   3.295936   3.296114     1.8980     0.0348     0.0869    4.84922   1893.542      45446          2  0.000e+00
    503.268     4.2710     4.2701   3.295991   3.296076     1.8980     0.0348     0.0869    4.84916   1893.583      45447          2  0.000e+00
    503.268     4.2711     4.2702   3.295961   3.296114     1.8968     0.0470     0.0869    4.84365   1893.625      45448          2  0.000e+00
    503.252     4.2712     4.2702   3.295936   3.296056     1.8980     0.0470     0.0901    4.84794   1893.667      45449          2  0.000e+00
    503.213     4.2714     4.2702   3.295954   3.296088     1.8980     0.0470     0.0880    4.84794   1893.708      45450          2  0.000e+00
    503.213     4.2714     4.2702   3.295967   3.296088     1.8980     0.0470     0.0880    4.84799   1893.750      45451          2  0.000e+00
    503.149     4.2711     4.2702   3.295960   3.296114     1.8980     0.0470     0.0880    4.84802   1893.792      45452          2  0.000e+00
    503.213     4.2712     4.2702   3.295942   3.296146     1.8980     0.0470     0.0880    4.84812   1893.833      45453          2  0.000e+00
    503.149     4.2712     4.2704   3.295954   3.296076     1.8980     0.0470     0.0869    4.84813   1893.875      45454          2  0.000e+00
    503.094     4.2710     4.2702   3.295948   3.296146     1.8980     0.0470     0.0869    4.84816   1893.917      45455          2  0.000e+00
    503.149     4.2713     4.2704   3.295973   3.296056     1.8980     0.0470     0.0869    4.84822   1893.958      45456          2  0.000e+00
    503.038     4.2710     4.2704   3.295948   3.296088     1.8980     0.0470     0.0869    4.84823   1894.000      45457          2  0.000e+00
    503.070     4.2712     4.2704   3.295979   3.296088     1.8980     0.0470     0.0869    4.84828   1894.042      45458          2  0.000e+00
    503.094     4.2714     4.2704   3.295979   3.296056     1.8980     0.0470     0.0869    4.84833   1894.083      45459          2  0.000e+00
    502.975     4.2712     4.2705   3.296003   3.296088     1.8980     0.0470     0.0869    4.84832   1894.125      45460          2  0.000e+00
    503.039     4.2715     4.2704   3.296003   3.296107     1.8980     0.0470     0.0901    4.84839   1894.167      45461          2  0.000e+00
    502.975     4.2717     4.2704   3.295954   3.296088     1.8980     0.0470     0.0880    4.84840   1894.208      45462          2  0.000e+00
    303.599     4.8445     4.8436   3.341118   3.341234     1.9164     0.0348     0.0901    4.71492   3601.875      86446          3  0.000e+00
    303.599     4.8446     4.8438   3.341105   3.341240     1.9164     0.0348     0.0901    4.71492   3601.917      86447          3  0.000e+00
    303.535     4.8443     4.8438   3.341124   3.341266     1.9164     0.0348     0.0901    4.71490   3601.958      86448          3  0.000e+00
    303.535     4.8444     4.8437   3.341093   3.341234     1.9164     0.0348     0.0901    4.71490   3602.000      86449          3  0.000e+00
    303.654     4.8445     4.8438   3.341093   3.341266     1.9164     0.0348     0.0901    4.71497   3602.042      86450          3  0.000e+00
    303.417     4.8446     4.8438   3.341105   3.341298     1.9164     0.0348     0.0901    4.71481   3602.083      86451          3  0.000e+00
    303.480     4.8445     4.8436   3.341087   3.341234     1.9164     0.0348     0.0901    4.71486   3602.125      86452          3  0.000e+00
    303.480     4.8446     4.8437   3.341118   3.341266     1.9164     0.0348     0.0901    4.71484   3602.167      86453          3  0.000e+00
    303.417     4.8443     4.8436   3.341118   3.341240     1.9164     0.0348     0.0901    4.71483   3602.208      86454          3  0.000e+00
    303.417     4.8444     4.8436   3.341124   3.341234     1.9164     0.0348     0.0901    4.71482   3602.250      86455          3  0.000e+00
    303.480     4.8445     4.8434   3.341093   3.341234     1.9164     0.0348     0.0901    4.71486   3602.292      86456          3  0.000e+00
    303.362     4.8443     4.8435   3.341093   3.341266     1.9164     0.0348     0.0901    4.71480   3602.333      86457          3  0.000e+00
    303.417     4.8442     4.8438   3.341087   3.341240     1.9164     0.0348     0.0901    4.71485   3602.375      86458          3  0.000e+00
