Ship_data/Irminger/Irminger-1/ctd/process_mlankhorst/KN22104002.ros
* Sea-Bird SBE 9 Data File:
* FileName = C:\Data\ctd\KN22104002.hdr
* Software Version Seasave V 7.21k
* Temperature SN = 4195
* Conductivity SN = 2147
* Number of Bytes Per Scan = 40
* Number of Voltage Words = 5
* Number of Scans Averaged by the Deck Unit = 1
* NMEA Latitude = 61 59.72 N
* NMEA Longitude = 031 52.35 W
* NMEA UTC (Time) = Sep 08 2014 14:44:00
** KN221-04 Chief Scientist: Bob Weller
** OOI Irminger Sea Sept. 2014
** Station: 002
** Knudsen Depth: 2698
# nquan = 13
# nvalues = 588                                   
# units = specified
# name 0 = prDM: Pressure, Digiquartz [db]
# name 1 = t090C: Temperature [ITS-90, deg C]
# name 2 = t190C: Temperature, 2 [ITS-90, deg C]
# name 3 = c0S/m: Conductivity [S/m]
# name 4 = c1S/m: Conductivity, 2 [S/m]
# name 5 = sbeox0V: Oxygen raw, SBE 43 [V]
# name 6 = flECO-AFL: Fluorescence, WET Labs ECO-AFL/FL [mg/m^3]
# name 7 = CStarAt0: Beam Attenuation, WET Labs C-Star [1/m]
# name 8 = sbeox0ML/L: Oxygen, SBE 43 [ml/l]
# name 9 = timeS: Time, Elapsed [seconds]
# name 10 = scan: Scan Count
# name 11 = nbf: Bottles Fired
# name 12 = flag:  0.000e+00
# interval = seconds: 0.0416667
# start_time = Sep 08 2014 14:44:00 [NMEA time, header]
# bad_flag = -9.990e-29
*END*
[from data line 445]
    253.207     5.7889     5.7878   3.428641   3.428743     1.9672     0.0348     0.0912    4.73371   5378.542     129086         10  0.000e+00
    253.262     5.7890     5.7878   3.428684   3.428762     1.9648     0.0348     0.0912    4.72628   5378.583     129087         10  0.000e+00
    253.207     5.7887     5.7875   3.428666   3.428775     1.9648     0.0348     0.0912    4.72462   5378.625     129088         10  0.000e+00
    253.144     5.7890     5.7878   3.428647   3.428762     1.9648     0.0348     0.0912    4.72399   5378.667     129089         10  0.000e+00
    253.207     5.7890     5.7876   3.428641   3.428775     1.9660     0.0348     0.0912    4.72740   5378.708     129090         10  0.000e+00
    253.144     5.7890     5.7876   3.428659   3.428795     1.9697     0.0348     0.0923    4.74280   5378.750     129091         10  0.000e+00
    253.144     5.7890     5.7876   3.428727   3.428775     1.9660     0.0348     0.0923    4.73131   5378.792     129092         10  0.000e+00
    253.144     5.7893     5.7876   3.428672   3.428795     1.9648     0.0348     0.0923    4.72557   5378.833     129093         10  0.000e+00
    253.089     5.7890     5.7876   3.428659   3.428775     1.9648     0.0348     0.0923    4.72487   5378.875     129094         10  0.000e+00
    253.207     5.7892     5.7878   3.428653   3.428762     1.9685     0.0348     0.0912    4.73924   5378.917     129095         10  0.000e+00
    253.033     5.7890     5.7873   3.428696   3.428743     1.9660     0.0348     0.0912    4.73265   5378.958     129096         10  0.000e+00
    253.144     5.7892     5.7875   3.428684   3.428795     1.9648     0.0348     0.0912    4.72807   5379.000     129097         10  0.000e+00
    253.089     5.7893     5.7878   3.428672   3.428743     1.9660     0.0348     0.0912    4.73127   5379.042     129098         10  0.000e+00
    253.089     5.7892     5.7875   3.428672   3.428795     1.9660     0.0348     0.0912    4.73163   5379.083     129099         10  0.000e+00
    253.034     5.7891     5.7872   3.428653   3.428717     1.9672     0.0348     0.0912    4.73694   5379.125     129100         10  0.000e+00
    253.034     5.7892     5.7878   3.428672   3.428795     1.9648     0.0348     0.0912    4.72940   5379.167     129101         10  0.000e+00
    253.089     5.7893     5.7873   3.428653   3.428743     1.9648     0.0348     0.0912    4.72768   5379.208     129102         10  0.000e+00
    253.034     5.7891     5.7875   3.428659   3.428762     1.9648     0.0348     0.0912    4.72591   5379.250     129103         10  0.000e+00
    252.970     5.7892     5.7876   3.428672   3.428743     1.9648     0.0348     0.0912    4.72521   5379.292     129104         10  0.000e+00
    252.876     5.7893     5.7875   3.428678   3.428795     1.9672     0.0348     0.0912    4.73450   5379.333     129105         10  0.000e+00
    253.144     5.7894     5.7875   3.428678   3.428775     1.9648     0.0348     0.0923    4.72722   5379.375     129106         10  0.000e+00
    252.970     5.7891     5.7875   3.428653   3.428730     1.9660     0.0348     0.0923    4.73047   5379.417     129107         10  0.000e+00
    253.034     5.7894     5.7876   3.428659   3.428808     1.9660     0.0348     0.0934    4.73092   5379.458     129108         10  0.000e+00
    252.970     5.7893     5.7875   3.428653   3.428762     1.9660     0.0348     0.0967    4.73133   5379.500     129109         10  0.000e+00
    252.915     5.7889     5.7875   3.428696   3.428743     1.9660     0.0348     0.1000    4.73175   5379.542     129110         10  0.000e+00
    252.970     5.7893     5.7876   3.428684   3.428795     1.9648     0.0348     0.1011    4.72720   5379.583     129111         10  0.000e+00
    252.915     5.7891     5.7873   3.428672   3.428743     1.9648     0.0348     0.0989    4.72443   5379.625     129112         10  0.000e+00
    252.970     5.7892     5.7875   3.428653   3.428795     1.9660     0.0348     0.0967    4.72775   5379.667     129113         10  0.000e+00
    252.915     5.7890     5.7875   3.428647   3.428743     1.9660     0.0348     0.0956    4.72813   5379.708     129114         10  0.000e+00
    252.915     5.7890     5.7875   3.428647   3.428762     1.9660     0.0348     0.0945    4.73070   5379.750     129115         10  0.000e+00
    252.915     5.7891     5.7875   3.428659   3.428775     1.9648     0.0348     0.0934    4.72837   5379.792     129116         10  0.000e+00
    252.915     5.7890     5.7876   3.428629   3.428698     1.9648     0.0348     0.0934    4.72686   5379.833     129117         10  0.000e+00
    252.852     5.7890     5.7876   3.428641   3.428743     1.9660     0.0348     0.0923    4.72918   5379.875     129118         10  0.000e+00
    252.915     5.7892     5.7873   3.428647   3.428762     1.9672     0.0348     0.0923    4.73362   5379.917     129119         10  0.000e+00
    252.852     5.7888     5.7876   3.428641   3.428775     1.9660     0.0470     0.0923    4.73121   5379.958     129120         10  0.000e+00
    252.852     5.7891     5.7873   3.428641   3.428762     1.9648     0.0348     0.0923    4.72667   5380.000     129121         10  0.000e+00
    252.852     5.7890     5.7875   3.428641   3.428808     1.9660     0.0348     0.0923    4.73005   5380.042     129122         10  0.000e+00
    252.915     5.7890     5.7875   3.428647   3.428730     1.9648     0.0348     0.0912    4.72449   5380.083     129123         10  0.000e+00
    252.757     5.7890     5.7875   3.428647   3.428775     1.9672     0.0348     0.0912    4.73380   5380.125     129124         10  0.000e+00
    252.915     5.7891     5.7878   3.428622   3.428730     1.9648     0.0226     0.0912    4.72650   5380.167     129125         10  0.000e+00
    252.852     5.7889     5.7875   3.428653   3.428775     1.9648     0.0226     0.0912    4.72485   5380.208     129126         10  0.000e+00
    252.797     5.7891     5.7875   3.428659   3.428795     1.9660     0.0226     0.0923    4.72816   5380.250     129127         10  0.000e+00
    252.852     5.7890     5.7875   3.428665   3.428717     1.9660     0.0226     0.0923    4.72869   5380.292     129128         10  0.000e+00
    252.852     5.7890     5.7875   3.428672   3.428762     1.9660     0.0226     0.0912    4.72916   5380.333     129129         10  0.000e+00
    252.797     5.7890     5.7876   3.428653   3.428743     1.9648     0.0226     0.0912    4.72463   5380.375     129130         10  0.000e+00
      2.546    11.0403    11.0401   3.899359   3.899782     2.2431     1.5000     0.4286    4.82051   5803.167     139277         11  0.000e+00
      2.546    11.0401    11.0400   3.899333   3.899782     2.2431     1.5000     0.4298    4.82098   5803.208     139278         11  0.000e+00
      2.483    11.0397    11.0398   3.899314   3.899782     2.2419     1.4878     0.4310    4.81805   5803.250     139279         11  0.000e+00
      2.562    11.0393    11.0398   3.899314   3.899748     2.2395     1.5000     0.4334    4.80983   5803.292     139280         11  0.000e+00
      2.483    11.0394    11.0398   3.899320   3.899748     2.2395     1.4878     0.4334    4.80826   5803.333     139281         11  0.000e+00
      2.483    11.0401    11.0396   3.899320   3.899714     2.2444     1.5000     0.4334    4.82361   5803.375     139282         11  0.000e+00
      2.546    11.0401    11.0400   3.899320   3.899748     2.2456     1.4878     0.4322    4.82889   5803.417     139283         11  0.000e+00
      2.483    11.0404    11.0397   3.899320   3.899714     2.2431     1.5000     0.4310    4.82323   5803.458     139284         11  0.000e+00
      2.499    11.0401    11.0398   3.899346   3.899748     2.2419     1.4878     0.4298    4.81897   5803.500     139285         11  0.000e+00
      2.483    11.0401    11.0398   3.899378   3.899714     2.2407     1.4878     0.4298    4.81396   5803.542     139286         11  0.000e+00
      2.546    11.0399    11.0395   3.899372   3.899748     2.2419     1.5000     0.4298    4.81713   5803.583     139287         11  0.000e+00
      2.428    11.0399    11.0394   3.899378   3.899714     2.2407     1.4878     0.4298    4.81277   5803.625     139288         11  0.000e+00
      2.499    11.0396    11.0394   3.899339   3.899714     2.2407     1.4878     0.4298    4.81265   5803.667     139289         11  0.000e+00
      2.483    11.0396    11.0395   3.899320   3.899741     2.2431     1.4878     0.4298    4.81919   5803.708     139290         11  0.000e+00
      2.483    11.0397    11.0396   3.899320   3.899748     2.2419     1.4878     0.4298    4.81559   5803.750     139291         11  0.000e+00
      2.483    11.0397    11.0397   3.899314   3.899680     2.2419     1.5000     0.4310    4.81537   5803.792     139292         11  0.000e+00
      2.444    11.0396    11.0398   3.899314   3.899748     2.2444     1.5000     0.4310    4.82321   5803.833     139293         11  0.000e+00
      2.483    11.0397    11.0398   3.899301   3.899714     2.2444     1.4878     0.4310    4.82498   5803.875     139294         11  0.000e+00
      2.483    11.0396    11.0397   3.899242   3.899748     2.2444     1.5000     0.4286    4.82535   5803.917     139295         11  0.000e+00
      2.483    11.0396    11.0396   3.899294   3.899714     2.2431     1.4878     0.4286    4.82224   5803.958     139296         11  0.000e+00
      2.483    11.0397    11.0396   3.899320   3.899714     2.2431     1.5000     0.4286    4.82247   5804.000     139297         11  0.000e+00
      2.499    11.0397    11.0397   3.899320   3.899782     2.2444     1.5000     0.4298    4.82675   5804.042     139298         11  0.000e+00
      2.483    11.0397    11.0396   3.899320   3.899714     2.2431     1.4878     0.4286    4.82353   5804.083     139299         11  0.000e+00
      2.546    11.0395    11.0394   3.899320   3.899748     2.2444     1.5000     0.4286    4.82707   5804.125     139300         11  0.000e+00
      2.483    11.0396    11.0397   3.899320   3.899714     2.2444     1.5000     0.4286    4.82775   5804.167     139301         11  0.000e+00
      2.499    11.0397    11.0394   3.899275   3.899680     2.2468     1.4878     0.4286    4.83651   5804.208     139302         11  0.000e+00
      2.601    11.0397    11.0397   3.899301   3.899748     2.2468     1.5000     0.4286    4.83916   5804.250     139303         11  0.000e+00
      2.483    11.0394    11.0396   3.899339   3.899714     2.2431     1.5000     0.4286    4.82880   5804.292     139304         11  0.000e+00
      2.546    11.0399    11.0396   3.899327   3.899748     2.2431     1.5000     0.4286    4.82858   5804.333     139305         11  0.000e+00
      2.617    11.0399    11.0398   3.899320   3.899748     2.2431     1.5000     0.4298    4.82837   5804.375     139306         11  0.000e+00
      2.601    11.0401    11.0398   3.899320   3.899707     2.2444     1.4878     0.4310    4.83211   5804.417     139307         11  0.000e+00
      2.601    11.0401    11.0398   3.899372   3.899748     2.2444     1.5000     0.4310    4.83313   5804.458     139308         11  0.000e+00
      2.601    11.0404    11.0397   3.899391   3.899748     2.2444     1.5000     0.4334    4.83340   5804.500     139309         11  0.000e+00
      2.601    11.0404    11.0398   3.899411   3.899748     2.2444     1.5000     0.4334    4.83295   5804.542     139310         11  0.000e+00
      2.680    11.0403    11.0400   3.899404   3.899782     2.2444     1.4878     0.4334    4.83318   5804.583     139311         11  0.000e+00
      2.601    11.0404    11.0398   3.899411   3.899782     2.2444     1.5000     0.4334    4.83393   5804.625     139312         11  0.000e+00
      2.719    11.0401    11.0400   3.899378   3.899782     2.2431     1.5000     0.4334    4.83078   5804.667     139313         11  0.000e+00
      2.656    11.0397    11.0402   3.899378   3.899782     2.2431     1.4878     0.4322    4.83019   5804.708     139314         11  0.000e+00
      2.735    11.0399    11.0401   3.899340   3.899748     2.2431     1.4878     0.4322    4.82961   5804.750     139315         11  0.000e+00
      2.719    11.0399    11.0400   3.899320   3.899782     2.2431     1.4878     0.4310    4.82896   5804.792     139316         11  0.000e+00
      2.719    11.0399    11.0402   3.899359   3.899782     2.2431     1.4878     0.4310    4.82828   5804.833     139317         11  0.000e+00
      2.719    11.0403    11.0401   3.899365   3.899782     2.2431     1.4878     0.4310    4.82826   5804.875     139318         11  0.000e+00
      2.774    11.0403    11.0401   3.899404   3.899748     2.2431     1.4878     0.4322    4.82828   5804.917     139319         11  0.000e+00
      2.790    11.0403    11.0402   3.899378   3.899782     2.2431     1.4878     0.4322    4.82829   5804.958     139320         11  0.000e+00
      2.774    11.0403    11.0400   3.899378   3.899748     2.2444     1.4878     0.4322    4.83163   5805.000     139321         11  0.000e+00
      2.774    11.0403    11.0400   3.899391   3.899748     2.2444     1.5000     0.4322    4.83224   5805.042     139322         11  0.000e+00
      2.837    11.0404    11.0398   3.899391   3.899776     2.2431     1.5122     0.4310    4.82881   5805.083     139323         11  0.000e+00
      2.790    11.0406    11.0400   3.899372   3.899782     2.2431     1.5122     0.4310    4.82729   5805.125     139324         11  0.000e+00
      2.837    11.0403    11.0398   3.899378   3.899782     2.2431     1.5244     0.4298    4.82651   5805.167     139325         11  0.000e+00
      2.894    11.0343    11.0313   3.898783   3.899061     2.2406     1.4634     0.4322    4.80517   5816.542     139598         12  0.000e+00
      2.854    11.0335    11.0311   3.898732   3.899027     2.2394     1.4512     0.4322    4.80092   5816.583     139599         12  0.000e+00
      2.839    11.0331    11.0303   3.898732   3.898993     2.2406     1.4512     0.4322    4.80478   5816.625     139600         12  0.000e+00
      2.839    11.0333    11.0301   3.898764   3.898993     2.2394     1.4512     0.4310    4.80123   5816.667     139601         12  0.000e+00
      2.839    11.0331    11.0303   3.898777   3.898952     2.2394     1.4634     0.4310    4.80042   5816.708     139602         12  0.000e+00
      2.776    11.0335    11.0304   3.898757   3.898918     2.2394     1.4512     0.4310    4.79958   5816.750     139603         12  0.000e+00
      2.972    11.0331    11.0303   3.898745   3.898918     2.2394     1.4512     0.4310    4.79898   5816.792     139604         12  0.000e+00
      2.776    11.0335    11.0306   3.898764   3.898918     2.2394     1.4634     0.4322    4.79880   5816.833     139605         12  0.000e+00
      2.839    11.0335    11.0306   3.898757   3.898918     2.2345     1.4634     0.4322    4.78270   5816.875     139606         12  0.000e+00
      2.839    11.0336    11.0311   3.898745   3.898952     2.2382     1.4634     0.4322    4.79163   5816.917     139607         12  0.000e+00
      2.792    11.0335    11.0313   3.898757   3.898952     2.2406     1.4634     0.4322    4.79857   5816.958     139608         12  0.000e+00
      2.776    11.0335    11.0316   3.898751   3.898952     2.2406     1.4634     0.4322    4.79949   5817.000     139609         12  0.000e+00
      2.839    11.0335    11.0320   3.898764   3.898952     2.2406     1.4512     0.4322    4.80047   5817.042     139610         12  0.000e+00
      2.776    11.0336    11.0321   3.898757   3.898993     2.2394     1.4512     0.4322    4.79736   5817.083     139611         12  0.000e+00
      2.776    11.0338    11.0321   3.898790   3.899027     2.2406     1.4634     0.4322    4.80104   5817.125     139612         12  0.000e+00
      2.792    11.0339    11.0328   3.898809   3.899027     2.2406     1.4634     0.4322    4.80207   5817.167     139613         12  0.000e+00
