Ship_data/Irminger/Irminger-1/ctd/process_mlankhorst/KN22104004.ros
* Sea-Bird SBE 9 Data File:
* FileName = C:\Data\ctd\KN22104004.hdr
* Software Version Seasave V 7.21k
* Temperature SN = 4195
* Conductivity SN = 2147
* Number of Bytes Per Scan = 40
* Number of Voltage Words = 5
* Number of Scans Averaged by the Deck Unit = 1
* NMEA Latitude = 61 39.45 N
* NMEA Longitude = 033 04.60 W
* NMEA UTC (Time) = Sep 08 2014 23:19:14
** KN221-04 Chief Scientist: Bob Weller
** OOI Irminger Sea Sept. 2014
** Station: 004
** Knudsen Depth: 2976
# nquan = 13
# nvalues = 588                                   
# units = specified
# name 0 = prDM: Pressure, Digiquartz [db]
# name 1 = t090C: Temperature [ITS-90, deg C]
# name 2 = t190C: Temperature, 2 [ITS-90, deg C]
# name 3 = c0S/m: Conductivity [S/m]
# name 4 = c1S/m: Conductivity, 2 [S/m]
# name 5 = sbeox0V: Oxygen raw, SBE 43 [V]
# name 6 = flECO-AFL: Fluorescence, WET Labs ECO-AFL/FL [mg/m^3]
# name 7 = CStarAt0: Beam Attenuation, WET Labs C-Star [1/m]
# name 8 = sbeox0ML/L: Oxygen, SBE 43 [ml/l]
# name 9 = timeS: Time, Elapsed [seconds]
# name 10 = scan: Scan Count
# name 11 = nbf: Bottles Fired
# name 12 = flag:  0.000e+00
# interval = seconds: 0.0416667
# start_time = Sep 08 2014 23:19:14 [NMEA time, header]
# bad_flag = -9.990e-29
*END*
[from data line 556]
     17.734    10.5333    10.5324   3.843523   3.843643     2.2083     1.2436     0.3114    4.78666   7297.292     175136         12  0.000e+00
     17.671    10.5333    10.5326   3.843523   3.843643     2.2083     1.2436     0.3114    4.78671   7297.333     175137         12  0.000e+00
     17.671    10.5332    10.5326   3.843516   3.843657     2.2083     1.2436     0.3114    4.78680   7297.375     175138         12  0.000e+00
     17.671    10.5335    10.5323   3.843523   3.843677     2.2083     1.2314     0.3114    4.78687   7297.417     175139         12  0.000e+00
     17.671    10.5333    10.5324   3.843516   3.843677     2.2083     1.2314     0.3114    4.78697   7297.458     175140         12  0.000e+00
     17.671    10.5329    10.5323   3.843523   3.843691     2.2083     1.2436     0.3114    4.78709   7297.500     175141         12  0.000e+00
     17.671    10.5333    10.5321   3.843491   3.843677     2.2083     1.2436     0.3114    4.78716   7297.542     175142         12  0.000e+00
     17.671    10.5331    10.5324   3.843549   3.843643     2.2083     1.2436     0.3103    4.78724   7297.583     175143         12  0.000e+00
     17.671    10.5331    10.5319   3.843523   3.843610     2.2083     1.2680     0.3103    4.78733   7297.625     175144         12  0.000e+00
     17.647    10.5332    10.5321   3.843504   3.843657     2.2083     1.2924     0.3114    4.78740   7297.667     175145         12  0.000e+00
     17.671    10.5331    10.5320   3.843484   3.843643     2.2083     1.2924     0.3114    4.78752   7297.708     175146         12  0.000e+00
     17.671    10.5331    10.5319   3.843516   3.843677     2.2083     1.2924     0.3114    4.78759   7297.750     175147         12  0.000e+00
     17.671    10.5330    10.5323   3.843491   3.843623     2.2083     1.2924     0.3091    4.78770   7297.792     175148         12  0.000e+00
     17.616    10.5329    10.5319   3.843516   3.843643     2.2083     1.2924     0.3091    4.78775   7297.833     175149         12  0.000e+00
     17.671    10.5329    10.5319   3.843459   3.843643     2.2083     1.2924     0.3114    4.78789   7297.875     175150         12  0.000e+00
     17.671    10.5330    10.5321   3.843510   3.843677     2.2083     1.2924     0.3137    4.78722   7297.917     175151         12  0.000e+00
     17.671    10.5329    10.5323   3.843459   3.843623     2.2083     1.2924     0.3137    4.78731   7297.958     175152         12  0.000e+00
     17.671    10.5329    10.5319   3.843484   3.843643     2.2083     1.2924     0.3114    4.78736   7298.000     175153         12  0.000e+00
     17.671    10.5330    10.5321   3.843484   3.843643     2.2083     1.2924     0.3114    4.78741   7298.042     175154         12  0.000e+00
     17.671    10.5331    10.5321   3.843516   3.843623     2.2071     1.2924     0.3114    4.78333   7298.083     175155         12  0.000e+00
     17.647    10.5333    10.5319   3.843516   3.843677     2.2083     1.2924     0.3114    4.78681   7298.125     175156         12  0.000e+00
     17.734    10.5330    10.5321   3.843504   3.843643     2.2083     1.2924     0.3114    4.78698   7298.167     175157         12  0.000e+00
     17.671    10.5331    10.5319   3.843549   3.843643     2.2083     1.2924     0.3114    4.78700   7298.208     175158         12  0.000e+00
     17.734    10.5331    10.5321   3.843523   3.843623     2.2071     1.2924     0.3114    4.78302   7298.250     175159         12  0.000e+00
     17.671    10.5334    10.5321   3.843523   3.843677     2.2083     1.2924     0.3091    4.78650   7298.292     175160         12  0.000e+00
     17.734    10.5329    10.5323   3.843516   3.843643     2.2083     1.2924     0.3114    4.78669   7298.333     175161         12  0.000e+00
     17.734    10.5331    10.5319   3.843504   3.843657     2.2083     1.2924     0.3114    4.78607   7298.375     175162         12  0.000e+00
     17.671    10.5330    10.5323   3.843523   3.843643     2.2083     1.2924     0.3091    4.78539   7298.417     175163         12  0.000e+00
     17.789    10.5333    10.5323   3.843516   3.843644     2.2071     1.2924     0.3091    4.78139   7298.458     175164         12  0.000e+00
     17.733    10.5333    10.5323   3.843504   3.843677     2.2071     1.2924     0.3091    4.78075   7298.500     175165         12  0.000e+00
     17.788    10.5334    10.5323   3.843484   3.843691     2.2083     1.2924     0.3091    4.78432   7298.542     175166         12  0.000e+00
     17.765    10.5336    10.5323   3.843542   3.843644     2.2083     1.2924     0.3091    4.78438   7298.583     175167         12  0.000e+00
