Ship_data/Irminger/Irminger-1/ctd/process_mlankhorst/KN22104004.ros
* Sea-Bird SBE 9 Data File:
* FileName = C:\Data\ctd\KN22104004.hdr
* Software Version Seasave V 7.21k
* Temperature SN = 4195
* Conductivity SN = 2147
* Number of Bytes Per Scan = 40
* Number of Voltage Words = 5
* Number of Scans Averaged by the Deck Unit = 1
* NMEA Latitude = 61 39.45 N
* NMEA Longitude = 033 04.60 W
* NMEA UTC (Time) = Sep 08 2014 23:19:14
** KN221-04 Chief Scientist: Bob Weller
** OOI Irminger Sea Sept. 2014
** Station: 004
** Knudsen Depth: 2976
# nquan = 13
# nvalues = 588                                   
# units = specified
# name 0 = prDM: Pressure, Digiquartz [db]
# name 1 = t090C: Temperature [ITS-90, deg C]
# name 2 = t190C: Temperature, 2 [ITS-90, deg C]
# name 3 = c0S/m: Conductivity [S/m]
# name 4 = c1S/m: Conductivity, 2 [S/m]
# name 5 = sbeox0V: Oxygen raw, SBE 43 [V]
# name 6 = flECO-AFL: Fluorescence, WET Labs ECO-AFL/FL [mg/m^3]
# name 7 = CStarAt0: Beam Attenuation, WET Labs C-Star [1/m]
# name 8 = sbeox0ML/L: Oxygen, SBE 43 [ml/l]
# name 9 = timeS: Time, Elapsed [seconds]
# name 10 = scan: Scan Count
# name 11 = nbf: Bottles Fired
# name 12 = flag:  0.000e+00
# interval = seconds: 0.0416667
# start_time = Sep 08 2014 23:19:14 [NMEA time, header]
# bad_flag = -9.990e-29
*END*
[from data line 112]
    303.362     4.8444     4.8434   3.341075   3.341266     1.9164     0.0348     0.0901    4.71480   3602.458      86460          3  0.000e+00
    303.362     4.8443     4.8435   3.341118   3.341266     1.9164     0.0348     0.0901    4.71479   3602.500      86461          3  0.000e+00
    303.298     4.8446     4.8434   3.341118   3.341266     1.9164     0.0348     0.0901    4.71473   3602.542      86462          3  0.000e+00
    303.298     4.8445     4.8434   3.341105   3.341234     1.9164     0.0348     0.0901    4.71474   3602.583      86463          3  0.000e+00
    303.243     4.8446     4.8434   3.341105   3.341266     1.9164     0.0348     0.0901    4.71470   3602.625      86464          3  0.000e+00
    303.243     4.8447     4.8435   3.341105   3.341234     1.9164     0.0348     0.0901    4.71469   3602.667      86465          3  0.000e+00
    303.243     4.8445     4.8436   3.341105   3.341234     1.9164     0.0348     0.0901    4.71470   3602.708      86466          3  0.000e+00
    303.243     4.8446     4.8434   3.341105   3.341234     1.9164     0.0348     0.0901    4.71470   3602.750      86467          3  0.000e+00
    303.180     4.8445     4.8436   3.341087   3.341240     1.9164     0.0348     0.0890    4.71467   3602.792      86468          3  0.000e+00
    303.180     4.8444     4.8435   3.341093   3.341234     1.9164     0.0348     0.0890    4.71468   3602.833      86469          3  0.000e+00
    303.180     4.8445     4.8434   3.341105   3.341266     1.9164     0.0470     0.0901    4.71466   3602.875      86470          3  0.000e+00
    303.125     4.8446     4.8436   3.341087   3.341240     1.9164     0.0348     0.0901    4.71463   3602.917      86471          3  0.000e+00
    303.125     4.8443     4.8434   3.341093   3.341266     1.9164     0.0348     0.0901    4.71465   3602.958      86472          3  0.000e+00
    303.061     4.8446     4.8435   3.341087   3.341234     1.9164     0.0348     0.0901    4.71459   3603.000      86473          3  0.000e+00
    303.061     4.8445     4.8434   3.341118   3.341234     1.9164     0.0348     0.0901    4.71459   3603.042      86474          3  0.000e+00
    303.061     4.8443     4.8433   3.341118   3.341240     1.9164     0.0348     0.0901    4.71460   3603.083      86475          3  0.000e+00
    303.061     4.8444     4.8436   3.341087   3.341266     1.9164     0.0348     0.0901    4.71461   3603.125      86476          3  0.000e+00
    303.006     4.8445     4.8435   3.341093   3.341266     1.9152     0.0348     0.0901    4.70935   3603.167      86477          3  0.000e+00
    303.006     4.8446     4.8434   3.341087   3.341240     1.9164     0.0348     0.0901    4.71346   3603.208      86478          3  0.000e+00
    303.006     4.8445     4.8436   3.341142   3.341208     1.9152     0.0348     0.0901    4.70829   3603.250      86479          3  0.000e+00
    302.951     4.8444     4.8434   3.341124   3.341266     1.9152     0.0470     0.0901    4.70722   3603.292      86480          3  0.000e+00
    302.888     4.8447     4.8436   3.341105   3.341240     1.9152     0.0348     0.0901    4.70617   3603.333      86481          3  0.000e+00
    302.951     4.8447     4.8437   3.341124   3.341234     1.9164     0.0348     0.0901    4.71045   3603.375      86482          3  0.000e+00
    302.888     4.8445     4.8438   3.341093   3.341234     1.9164     0.0348     0.0901    4.71063   3603.417      86483          3  0.000e+00
    302.888     4.8447     4.8436   3.341093   3.341176     1.9164     0.0348     0.0901    4.71081   3603.458      86484          3  0.000e+00
    302.832     4.8446     4.8436   3.341105   3.341266     1.9164     0.0348     0.0901    4.71097   3603.500      86485          3  0.000e+00
    302.832     4.8447     4.8438   3.341087   3.341208     1.9164     0.0348     0.0901    4.71116   3603.542      86486          3  0.000e+00
    302.832     4.8444     4.8438   3.341075   3.341266     1.9164     0.0348     0.0901    4.71137   3603.583      86487          3  0.000e+00
    302.769     4.8445     4.8436   3.341117   3.341240     1.9164     0.0348     0.0901    4.71150   3603.625      86488          3  0.000e+00
    302.769     4.8447     4.8436   3.341117   3.341266     1.9164     0.0470     0.0901    4.71167   3603.667      86489          3  0.000e+00
    302.769     4.8445     4.8438   3.341105   3.341234     1.9164     0.0348     0.0901    4.71188   3603.708      86490          3  0.000e+00
    302.714     4.8447     4.8434   3.341123   3.341234     1.9164     0.0348     0.0901    4.71202   3603.750      86491          3  0.000e+00
    302.714     4.8447     4.8439   3.341093   3.341240     1.9164     0.0348     0.0901    4.71222   3603.792      86492          3  0.000e+00
    302.651     4.8447     4.8436   3.341075   3.341234     1.9164     0.0348     0.0901    4.71238   3603.833      86493          3  0.000e+00
    302.651     4.8447     4.8437   3.341075   3.341234     1.9152     0.0348     0.0901    4.70736   3603.875      86494          3  0.000e+00
    303.418     4.8417     4.8406   3.340832   3.340959     1.9164     0.0348     0.0901    4.71583   3621.125      86908          4  0.000e+00
    303.418     4.8417     4.8407   3.340832   3.340991     1.9164     0.0348     0.0901    4.71573   3621.167      86909          4  0.000e+00
    303.418     4.8418     4.8406   3.340850   3.340965     1.9164     0.0348     0.0901    4.71562   3621.208      86910          4  0.000e+00
    303.418     4.8415     4.8407   3.340844   3.340959     1.9164     0.0348     0.0901    4.71556   3621.250      86911          4  0.000e+00
    303.363     4.8417     4.8407   3.340850   3.340959     1.9164     0.0348     0.0901    4.71541   3621.292      86912          4  0.000e+00
    303.363     4.8419     4.8407   3.340862   3.340991     1.9164     0.0348     0.0890    4.71529   3621.333      86913          4  0.000e+00
    303.482     4.8413     4.8408   3.340844   3.340933     1.9164     0.0348     0.0901    4.71532   3621.375      86914          4  0.000e+00
    303.363     4.8417     4.8406   3.340832   3.340959     1.9164     0.0348     0.0901    4.71513   3621.417      86915          4  0.000e+00
    303.418     4.8415     4.8407   3.340832   3.340959     1.9164     0.0348     0.0901    4.71508   3621.458      86916          4  0.000e+00
    303.300     4.8415     4.8406   3.340832   3.340933     1.9164     0.0348     0.0901    4.71491   3621.500      86917          4  0.000e+00
    303.363     4.8417     4.8405   3.340850   3.340991     1.9164     0.0348     0.0901    4.71483   3621.542      86918          4  0.000e+00
    303.363     4.8418     4.8406   3.340862   3.340901     1.9164     0.0348     0.0890    4.71472   3621.583      86919          4  0.000e+00
    303.363     4.8415     4.8407   3.340844   3.340991     1.9164     0.0348     0.0901    4.71466   3621.625      86920          4  0.000e+00
    303.363     4.8417     4.8406   3.340832   3.340991     1.9164     0.0348     0.0901    4.71456   3621.667      86921          4  0.000e+00
    303.300     4.8413     4.8409   3.340832   3.340991     1.9164     0.0348     0.0901    4.71445   3621.708      86922          4  0.000e+00
    303.300     4.8417     4.8407   3.340813   3.340933     1.9164     0.0348     0.0901    4.71434   3621.750      86923          4  0.000e+00
    303.300     4.8415     4.8409   3.340868   3.340965     1.9164     0.0348     0.0901    4.71423   3621.792      86924          4  0.000e+00
    303.363     4.8417     4.8407   3.340850   3.341023     1.9164     0.0348     0.0901    4.71417   3621.833      86925          4  0.000e+00
    303.182     4.8418     4.8408   3.340850   3.340958     1.9164     0.0348     0.0901    4.71514   3621.875      86926          4  0.000e+00
    303.363     4.8419     4.8409   3.340880   3.340991     1.9164     0.0348     0.0901    4.71519   3621.917      86927          4  0.000e+00
    303.300     4.8418     4.8409   3.340911   3.340991     1.9164     0.0348     0.0901    4.71510   3621.958      86928          4  0.000e+00
    303.245     4.8420     4.8407   3.340905   3.340933     1.9164     0.0348     0.0901    4.71500   3622.000      86929          4  0.000e+00
    303.245     4.8418     4.8408   3.340874   3.340958     1.9164     0.0348     0.0901    4.71498   3622.042      86930          4  0.000e+00
    303.245     4.8420     4.8409   3.340844   3.340965     1.9164     0.0348     0.0901    4.71492   3622.083      86931          4  0.000e+00
    303.245     4.8418     4.8409   3.340850   3.340958     1.9164     0.0348     0.0901    4.71489   3622.125      86932          4  0.000e+00
    303.245     4.8420     4.8407   3.340880   3.341023     1.9164     0.0348     0.0901    4.71482   3622.167      86933          4  0.000e+00
    303.245     4.8420     4.8408   3.340874   3.340991     1.9164     0.0348     0.0901    4.71477   3622.208      86934          4  0.000e+00
    303.182     4.8420     4.8407   3.340905   3.340958     1.9164     0.0348     0.0901    4.71467   3622.250      86935          4  0.000e+00
    303.182     4.8418     4.8407   3.340880   3.340958     1.9164     0.0348     0.0901    4.71465   3622.292      86936          4  0.000e+00
    303.245     4.8417     4.8407   3.340862   3.340965     1.9164     0.0348     0.0901    4.71466   3622.333      86937          4  0.000e+00
    303.126     4.8415     4.8406   3.340819   3.340958     1.9164     0.0348     0.0901    4.71457   3622.375      86938          4  0.000e+00
    303.182     4.8415     4.8406   3.340819   3.340958     1.9164     0.0226     0.0901    4.71456   3622.417      86939          4  0.000e+00
    303.182     4.8413     4.8402   3.340831   3.340958     1.9164     0.0226     0.0901    4.71452   3622.458      86940          4  0.000e+00
    303.182     4.8415     4.8405   3.340874   3.340933     1.9164     0.0226     0.0901    4.71444   3622.500      86941          4  0.000e+00
    303.126     4.8415     4.8406   3.340850   3.340933     1.9164     0.0226     0.0901    4.71437   3622.542      86942          4  0.000e+00
    303.126     4.8418     4.8404   3.340850   3.340958     1.9164     0.0226     0.0901    4.71429   3622.583      86943          4  0.000e+00
    303.126     4.8417     4.8404   3.340819   3.340933     1.9164     0.0226     0.0901    4.71427   3622.625      86944          4  0.000e+00
    303.127     4.8417     4.8405   3.340819   3.340958     1.9164     0.0226     0.0901    4.71422   3622.667      86945          4  0.000e+00
    303.127     4.8417     4.8404   3.340831   3.340933     1.9164     0.0226     0.0901    4.71417   3622.708      86946          4  0.000e+00
    303.063     4.8417     4.8402   3.340831   3.340933     1.9164     0.0226     0.0901    4.71409   3622.750      86947          4  0.000e+00
    303.063     4.8420     4.8402   3.340850   3.340965     1.9164     0.0226     0.0901    4.71400   3622.792      86948          4  0.000e+00
    303.127     4.8420     4.8405   3.340844   3.340958     1.9164     0.0226     0.0901    4.71399   3622.833      86949          4  0.000e+00
    303.063     4.8417     4.8402   3.340898   3.340958     1.9164     0.0226     0.0901    4.71392   3622.875      86950          4  0.000e+00
    303.063     4.8420     4.8404   3.340856   3.340933     1.9164     0.0226     0.0901    4.71385   3622.917      86951          4  0.000e+00
    303.063     4.8420     4.8402   3.340874   3.340958     1.9164     0.0226     0.0901    4.71380   3622.958      86952          4  0.000e+00
    303.008     4.8423     4.8403   3.340892   3.340958     1.9164     0.0226     0.0901    4.71368   3623.000      86953          4  0.000e+00
    303.063     4.8424     4.8406   3.340892   3.340933     1.9164     0.0226     0.0901    4.71485   3623.042      86954          4  0.000e+00
    303.008     4.8422     4.8404   3.340892   3.340933     1.9164     0.0226     0.0901    4.71484   3623.083      86955          4  0.000e+00
    303.008     4.8424     4.8406   3.340911   3.340958     1.9164     0.0226     0.0890    4.71481   3623.125      86956          4  0.000e+00
    151.905     5.4943     5.4943   3.394484   3.394681     2.0132     0.0348     0.0956    4.86267   5029.542     120710          5  0.000e+00
    151.842     5.4943     5.4942   3.394478   3.394661     2.0132     0.0348     0.0967    4.86202   5029.583     120711          5  0.000e+00
    151.905     5.4945     5.4940   3.394533   3.394661     2.0132     0.0348     0.0978    4.86138   5029.625     120712          5  0.000e+00
    151.905     5.4945     5.4942   3.394484   3.394681     2.0132     0.0348     0.0978    4.86179   5029.667     120713          5  0.000e+00
    151.905     5.4941     5.4940   3.394460   3.394629     2.0132     0.0348     0.0978    4.86222   5029.708     120714          5  0.000e+00
    151.850     5.4947     5.4940   3.394478   3.394693     2.0132     0.0348     0.0967    4.86144   5029.750     120715          5  0.000e+00
    152.023     5.4941     5.4942   3.394484   3.394655     2.0132     0.0348     0.0967    4.86086   5029.792     120716          5  0.000e+00
    151.787     5.4943     5.4941   3.394466   3.394693     2.0132     0.0348     0.0956    4.85992   5029.833     120717          5  0.000e+00
    151.960     5.4941     5.4943   3.394441   3.394661     2.0132     0.0348     0.0956    4.86032   5029.875     120718          5  0.000e+00
    151.905     5.4941     5.4942   3.394448   3.394655     2.0132     0.0348     0.0956    4.86054   5029.917     120719          5  0.000e+00
    151.842     5.4938     5.4943   3.394460   3.394726     2.0132     0.0348     0.0956    4.85970   5029.958     120720          5  0.000e+00
    151.905     5.4940     5.4939   3.394392   3.394693     2.0132     0.0348     0.0945    4.85889   5030.000     120721          5  0.000e+00
    151.913     5.4938     5.4943   3.394460   3.394681     2.0132     0.0348     0.0945    4.85905   5030.042     120722          5  0.000e+00
    151.905     5.4940     5.4942   3.394509   3.394693     2.0132     0.0348     0.0956    4.85919   5030.083     120723          5  0.000e+00
    151.960     5.4938     5.4942   3.394448   3.394693     2.0132     0.0348     0.0956    4.85944   5030.125     120724          5  0.000e+00
    151.905     5.4935     5.4939   3.394423   3.394681     2.0132     0.0348     0.0945    4.85853   5030.167     120725          5  0.000e+00
    151.960     5.4937     5.4942   3.394429   3.394629     2.0132     0.0348     0.0956    4.85868   5030.208     120726          5  0.000e+00
    151.905     5.4934     5.4940   3.394386   3.394681     2.0132     0.0348     0.0956    4.85882   5030.250     120727          5  0.000e+00
    151.960     5.4930     5.4942   3.394368   3.394693     2.0144     0.0470     0.0956    4.86397   5030.292     120728          5  0.000e+00
    151.795     5.4932     5.4941   3.394368   3.394693     2.0144     0.0348     0.0956    4.86497   5030.333     120729          5  0.000e+00
    152.078     5.4933     5.4940   3.394411   3.394655     2.0132     0.0348     0.0956    4.86126   5030.375     120730          5  0.000e+00
    152.023     5.4932     5.4942   3.394399   3.394661     2.0132     0.0348     0.0956    4.86020   5030.417     120731          5  0.000e+00
    151.960     5.4934     5.4942   3.394393   3.394661     2.0132     0.0348     0.0956    4.85906   5030.458     120732          5  0.000e+00
    151.960     5.4933     5.4942   3.394417   3.394713     2.0132     0.0348     0.0956    4.85902   5030.500     120733          5  0.000e+00
    152.023     5.4938     5.4942   3.394472   3.394693     2.0132     0.0348     0.0956    4.85895   5030.542     120734          5  0.000e+00
    152.023     5.4945     5.4940   3.394509   3.394726     2.0132     0.0226     0.0945    4.85883   5030.583     120735          5  0.000e+00
