Ship_data/Irminger/Irminger-1/ctd/process_mlankhorst/KN22104002.ros
* Sea-Bird SBE 9 Data File:
* FileName = C:\Data\ctd\KN22104002.hdr
* Software Version Seasave V 7.21k
* Temperature SN = 4195
* Conductivity SN = 2147
* Number of Bytes Per Scan = 40
* Number of Voltage Words = 5
* Number of Scans Averaged by the Deck Unit = 1
* NMEA Latitude = 61 59.72 N
* NMEA Longitude = 031 52.35 W
* NMEA UTC (Time) = Sep 08 2014 14:44:00
** KN221-04 Chief Scientist: Bob Weller
** OOI Irminger Sea Sept. 2014
** Station: 002
** Knudsen Depth: 2698
# nquan = 13
# nvalues = 588                                   
# units = specified
# name 0 = prDM: Pressure, Digiquartz [db]
# name 1 = t090C: Temperature [ITS-90, deg C]
# name 2 = t190C: Temperature, 2 [ITS-90, deg C]
# name 3 = c0S/m: Conductivity [S/m]
# name 4 = c1S/m: Conductivity, 2 [S/m]
# name 5 = sbeox0V: Oxygen raw, SBE 43 [V]
# name 6 = flECO-AFL: Fluorescence, WET Labs ECO-AFL/FL [mg/m^3]
# name 7 = CStarAt0: Beam Attenuation, WET Labs C-Star [1/m]
# name 8 = sbeox0ML/L: Oxygen, SBE 43 [ml/l]
# name 9 = timeS: Time, Elapsed [seconds]
# name 10 = scan: Scan Count
# name 11 = nbf: Bottles Fired
# name 12 = flag:  0.000e+00
# interval = seconds: 0.0416667
# start_time = Sep 08 2014 14:44:00 [NMEA time, header]
# bad_flag = -9.990e-29
*END*
[from data line 556]
      2.776    11.0344    11.0353   3.898867   3.899061     2.2394     1.5000     0.4298    4.80012   5817.250     139615         12  0.000e+00
      2.776    11.0341    11.0355   3.898803   3.899163     2.2394     1.5122     0.4310    4.80063   5817.292     139616         12  0.000e+00
      2.682    11.0344    11.0345   3.898777   3.899197     2.2394     1.5122     0.4346    4.80039   5817.333     139617         12  0.000e+00
      2.776    11.0333    11.0335   3.898719   3.899163     2.2406     1.5000     0.4370    4.80445   5817.375     139618         12  0.000e+00
      2.721    11.0329    11.0328   3.898706   3.899061     2.2431     1.5000     0.4358    4.81306   5817.417     139619         12  0.000e+00
      2.721    11.0339    11.0328   3.898757   3.899129     2.2394     1.5000     0.4346    4.80336   5817.458     139620         12  0.000e+00
      2.721    11.0348    11.0331   3.898854   3.899027     2.2394     1.5122     0.4334    4.80313   5817.500     139621         12  0.000e+00
      2.737    11.0356    11.0328   3.898926   3.899061     2.2406     1.5122     0.4334    4.80698   5817.542     139622         12  0.000e+00
      2.721    11.0356    11.0328   3.898945   3.899095     2.2419     1.5122     0.4334    4.81226   5817.583     139623         12  0.000e+00
      2.721    11.0354    11.0329   3.898926   3.899027     2.2406     1.5000     0.4334    4.80947   5817.625     139624         12  0.000e+00
      2.721    11.0353    11.0333   3.898932   3.899129     2.2394     1.5122     0.4322    4.80669   5817.667     139625         12  0.000e+00
      2.737    11.0348    11.0328   3.898874   3.899095     2.2394     1.5122     0.4322    4.80670   5817.708     139626         12  0.000e+00
      2.658    11.0351    11.0320   3.898867   3.899088     2.2406     1.5122     0.4322    4.81064   5817.750     139627         12  0.000e+00
      2.721    11.0350    11.0318   3.898900   3.899027     2.2443     1.5000     0.4322    4.82345   5817.792     139628         12  0.000e+00
      2.721    11.0353    11.0321   3.898880   3.899061     2.2431     1.5000     0.4370    4.82196   5817.833     139629         12  0.000e+00
      2.721    11.0351    11.0329   3.898926   3.899095     2.2394     1.5000     0.4405    4.81238   5817.875     139630         12  0.000e+00
      2.737    11.0351    11.0336   3.898900   3.899061     2.2382     1.5122     0.4394    4.80755   5817.917     139631         12  0.000e+00
      2.658    11.0355    11.0341   3.898900   3.899129     2.2382     1.5122     0.4382    4.80602   5817.958     139632         12  0.000e+00
      2.776    11.0356    11.0345   3.898913   3.899197     2.2406     1.5122     0.4382    4.81343   5818.000     139633         12  0.000e+00
      2.721    11.0356    11.0346   3.898913   3.899197     2.2406     1.5122     0.4370    4.81471   5818.042     139634         12  0.000e+00
      2.792    11.0356    11.0349   3.898932   3.899231     2.2382     1.5000     0.4358    4.80731   5818.083     139635         12  0.000e+00
      2.721    11.0358    11.0349   3.898971   3.899231     2.2382     1.5000     0.4346    4.80590   5818.125     139636         12  0.000e+00
      2.721    11.0359    11.0350   3.898984   3.899333     2.2394     1.5000     0.4346    4.80931   5818.167     139637         12  0.000e+00
      2.776    11.0359    11.0348   3.898958   3.899265     2.2406     1.5000     0.4346    4.81277   5818.208     139638         12  0.000e+00
      2.619    11.0356    11.0346   3.898945   3.899265     2.2406     1.5000     0.4334    4.81413   5818.250     139639         12  0.000e+00
      2.957    11.0354    11.0348   3.898939   3.899265     2.2406     1.5000     0.4334    4.81511   5818.292     139640         12  0.000e+00
      2.776    11.0351    11.0346   3.898919   3.899265     2.2394     1.4878     0.4322    4.81104   5818.333     139641         12  0.000e+00
      2.839    11.0351    11.0340   3.898913   3.899265     2.2394     1.5000     0.4322    4.81117   5818.375     139642         12  0.000e+00
      2.839    11.0350    11.0341   3.898893   3.899231     2.2419     1.5000     0.4334    4.81868   5818.417     139643         12  0.000e+00
      2.792    11.0348    11.0338   3.898829   3.899197     2.2406     1.5000     0.4334    4.81604   5818.458     139644         12  0.000e+00
      2.839    11.0339    11.0335   3.898790   3.899197     2.2394     1.5000     0.4334    4.81213   5818.500     139645         12  0.000e+00
      2.839    11.0338    11.0338   3.898796   3.899163     2.2394     1.4878     0.4334    4.81150   5818.542     139646         12  0.000e+00
