Ship_data/Southern/Southern_Ocean-02_NBP-15-11_2015-12-07/CTD NBP1511/process/nbp1511_002.ros
* Sea-Bird SBE 9 Data File:
* FileName = D:\Data\raw\NBP1511_002.hdr
* Software Version Seasave V 7.21e
* Temperature SN = 5730
* Conductivity SN = 1143
* Number of Bytes Per Scan = 40
* Number of Voltage Words = 5
* Number of Scans Averaged by the Deck Unit = 1
* NMEA Latitude = 53 18.73 S
* NMEA Longitude = 080 17.31 W
* NMEA UTC (Time) = Dec 08 2015  21:37:46
* NMEA baud rate = 9600
** Ship: RVIB N.B. Palmer
** Cruise: NBP1511
** Station: CTD Test
** Operator: S. Blackman
# nquan = 20
# nvalues = 1176                                  
# units = specified
# name 0 = prDM: Pressure, Digiquartz [db]
# name 1 = depSM: Depth [salt water, m]
# name 2 = t090C: Temperature [ITS-90, deg C]
# name 3 = c0mS/cm: Conductivity [mS/cm]
# name 4 = t190C: Temperature, 2 [ITS-90, deg C]
# name 5 = c1mS/cm: Conductivity, 2 [mS/cm]
# name 6 = sbeox0ML/L: Oxygen, SBE 43 [ml/l]
# name 7 = sbeox1ML/L: Oxygen, SBE 43, 2 [ml/l]
# name 8 = sal00: Salinity, Practical [PSU]
# name 9 = sal11: Salinity, Practical, 2 [PSU]
# name 10 = sbeox0V: Oxygen raw, SBE 43 [V]
# name 11 = sbeox1V: Oxygen raw, SBE 43, 2 [V]
# name 12 = flECO-AFL: Fluorescence, WET Labs ECO-AFL/FL [mg/m^3]
# name 13 = CStarTr0: Beam Transmission, WET Labs C-Star [%]
# name 14 = spar: SPAR/Surface Irradiance
# name 15 = scan: Scan Count
# name 16 = timeS: Time, Elapsed [seconds]
# name 17 = altM: Altimeter [m]
# name 18 = nbf: Bottles Fired
# name 19 = flag:  0.000e+00
# interval = seconds: 0.0416667
# start_time = Dec 08 2015 21:37:46 [NMEA time, header]
# bad_flag = -9.990e-29
*END*
[from data line 580]
    452.593    448.089     5.0600  33.006086     5.0602  33.028872    6.16023    6.36064    34.1825    34.2086     2.4205     2.7316    -0.0266    95.4673 2.0063e+02     116001   4833.333      98.66         12  0.000e+00
    452.647    448.142     5.0599  33.006086     5.0603  33.029065    6.15997    6.35628    34.1827    34.2086     2.4205     2.7304    -0.0266    95.4936 2.0063e+02     116002   4833.375      98.66         12  0.000e+00
    452.593    448.089     5.0600  33.006255     5.0600  33.029323    6.15954    6.36028    34.1827    34.2093     2.4205     2.7316    -0.0266    95.4936 2.0063e+02     116003   4833.417      98.66         12  0.000e+00
    452.660    448.156     5.0600  33.005917     5.0608  33.029065    6.16504    6.36058    34.1823    34.2081     2.4217     2.7316    -0.0266    95.4936 2.0063e+02     116004   4833.458      98.66         12  0.000e+00
    452.647    448.142     5.0599  33.006018     5.0610  33.028872    6.16637    6.36081    34.1826    34.2077     2.4217     2.7316    -0.0193    95.4936 2.0063e+02     116005   4833.500      98.66         12  0.000e+00
    452.647    448.142     5.0603  33.006255     5.0603  33.029065    6.16268    6.36096    34.1824    34.2086     2.4205     2.7316    -0.0193    95.4673 2.0063e+02     116006   4833.542      98.66         12  0.000e+00
    452.660    448.156     5.0603  33.006323     5.0607  33.029001    6.16222    6.36119    34.1825    34.2082     2.4205     2.7316    -0.0193    95.4673 2.0063e+02     116007   4833.583      98.66         12  0.000e+00
    452.694    448.189     5.0605  33.006730     5.0608  33.029065    6.16170    6.36141    34.1828    34.2081     2.4205     2.7316    -0.0193    95.4673 2.0063e+02     116008   4833.625      98.66         12  0.000e+00
    403.424    399.457     5.1278  33.042249     5.1278  33.065174    6.27786    6.50507    34.1799    34.2062     2.4728     2.7924    -0.0339    95.4936 2.0850e+02     118065   4919.333      98.66         13  0.000e+00
    403.451    399.483     5.1278  33.042453     5.1278  33.065239    6.27773    6.50502    34.1801    34.2062     2.4728     2.7924    -0.0339    95.4936 2.0850e+02     118066   4919.375      98.66         13  0.000e+00
    403.424    399.457     5.1276  33.042690     5.1281  33.065110    6.27754    6.50490    34.1805    34.2058     2.4728     2.7924    -0.0339    95.4936 2.0850e+02     118067   4919.417      98.66         13  0.000e+00
    403.350    399.384     5.1279  33.042215     5.1275  33.065045    6.27725    6.50470    34.1797    34.2064     2.4728     2.7924    -0.0339    95.4936 2.0850e+02     118068   4919.458      98.66         13  0.000e+00
    403.424    399.457     5.1278  33.041809     5.1277  33.065045    6.27710    6.50543    34.1794    34.2062     2.4728     2.7924    -0.0339    95.4936 2.0850e+02     118069   4919.500      98.66         13  0.000e+00
    403.350    399.384     5.1278  33.042487     5.1282  33.065239    6.27673    6.50518    34.1802    34.2059     2.4728     2.7924    -0.0339    95.4936 2.0850e+02     118070   4919.542      98.66         13  0.000e+00
    403.323    399.357     5.1279  33.042791     5.1280  33.065497    6.27236    6.50950    34.1804    34.2064     2.4716     2.7937    -0.0339    95.4936 2.0850e+02     118071   4919.583      98.66         13  0.000e+00
    403.350    399.384     5.1278  33.042554     5.1278  33.064981    6.27704    6.50549    34.1803    34.2060     2.4728     2.7924    -0.0339    95.4936 2.0850e+02     118072   4919.625      98.66         13  0.000e+00
    403.323    399.357     5.1278  33.042147     5.1278  33.064981    6.27675    6.50520    34.1798    34.2060     2.4728     2.7924    -0.0339    95.4936 2.0850e+02     118073   4919.667      98.66         13  0.000e+00
    403.297    399.331     5.1281  33.042351     5.1277  33.065238    6.27150    6.50481    34.1798    34.2065     2.4716     2.7924    -0.0339    95.4673 2.0850e+02     118074   4919.708      98.66         13  0.000e+00
    403.297    399.331     5.1282  33.042520     5.1283  33.065303    6.27606    6.50444    34.1798    34.2059     2.4728     2.7924    -0.0339    95.4673 2.0850e+02     118075   4919.750      98.66         13  0.000e+00
    403.276    399.311     5.1276  33.042893     5.1277  33.065496    6.27666    6.50410    34.1809    34.2068     2.4728     2.7924    -0.0339    95.4673 2.0850e+02     118076   4919.792      98.66         13  0.000e+00
    403.297    399.331     5.1281  33.043029     5.1282  33.065367    6.28117    6.50900    34.1805    34.2061     2.4740     2.7937    -0.0339    95.4673 2.0850e+02     118077   4919.833      98.66         13  0.000e+00
    403.230    399.265     5.1279  33.042249     5.1280  33.065109    6.27764    6.50474    34.1798    34.2060     2.4728     2.7924    -0.0339    95.4936 2.0850e+02     118078   4919.875      98.66         13  0.000e+00
    403.250    399.284     5.1281  33.042012     5.1281  33.065238    6.27814    6.50428    34.1794    34.2060     2.4728     2.7924    -0.0339    95.4936 2.0850e+02     118079   4919.917      98.66         13  0.000e+00
    403.276    399.311     5.1279  33.042757     5.1278  33.065496    6.27864    6.50378    34.1804    34.2066     2.4728     2.7924    -0.0339    95.4936 2.0850e+02     118080   4919.958      98.66         13  0.000e+00
    403.203    399.238     5.1278  33.042452     5.1278  33.065367    6.27822    6.50322    34.1802    34.2065     2.4728     2.7924    -0.0339    95.4936 2.0850e+02     118081   4920.000      98.66         13  0.000e+00
    403.230    399.265     5.1278  33.042622     5.1282  33.065496    6.27781    6.50267    34.1804    34.2063     2.4728     2.7924    -0.0339    95.4673 2.0850e+02     118082   4920.042      98.66         13  0.000e+00
    403.203    399.238     5.1281  33.042791     5.1285  33.065754    6.27817    6.50200    34.1803    34.2063     2.4728     2.7924    -0.0339    95.4936 2.0850e+02     118083   4920.083      98.66         13  0.000e+00
    403.230    399.265     5.1281  33.043130     5.1283  33.065819    6.27772    6.50138    34.1807    34.2065     2.4728     2.7924    -0.0339    95.4936 2.0850e+02     118084   4920.125      98.66         13  0.000e+00
    403.203    399.238     5.1286  33.043469     5.1288  33.065625    6.27801    6.50061    34.1806    34.2058     2.4728     2.7924    -0.0339    95.4673 2.0850e+02     118085   4920.167      98.66         13  0.000e+00
    403.176    399.212     5.1291  33.043367     5.1285  33.065561    6.27345    6.49984    34.1800    34.2061     2.4716     2.7924    -0.0413    95.4673 2.0850e+02     118086   4920.208      98.66         13  0.000e+00
    403.203    399.238     5.1291  33.043265     5.1286  33.065754    6.27793    6.49993    34.1799    34.2061     2.4728     2.7924    -0.0266    95.4673 2.0850e+02     118087   4920.250      98.66         13  0.000e+00
    403.176    399.212     5.1291  33.043469     5.1286  33.065625    6.27344    6.50453    34.1801    34.2060     2.4716     2.7937    -0.0193    95.4936 2.0850e+02     118088   4920.292      98.66         13  0.000e+00
    403.149    399.185     5.1289  33.043333     5.1286  33.065754    6.27793    6.49996    34.1801    34.2062     2.4728     2.7924    -0.0193    95.4673 2.0850e+02     118089   4920.333      98.66         13  0.000e+00
    403.129    399.165     5.1289  33.043299     5.1288  33.065818    6.27837    6.49916    34.1801    34.2061     2.4728     2.7924    -0.0193    95.4936 2.0850e+02     118090   4920.375      98.66         13  0.000e+00
    403.149    399.185     5.1291  33.043265     5.1291  33.065625    6.27795    6.49834    34.1799    34.2055     2.4728     2.7924    -0.0193    95.4936 2.0850e+02     118091   4920.417      98.66         13  0.000e+00
    403.149    399.185     5.1288  33.043299     5.1286  33.065754    6.27841    6.49753    34.1802    34.2062     2.4728     2.7924    -0.0193    95.4936 2.0850e+02     118092   4920.458      98.66         13  0.000e+00
    403.176    399.212     5.1291  33.043638     5.1288  33.066205    6.27880    6.49284    34.1803    34.2065     2.4728     2.7912    -0.0193    95.4936 2.0850e+02     118093   4920.500      98.66         13  0.000e+00
    403.149    399.185     5.1289  33.043435     5.1290  33.066141    6.27923    6.49659    34.1802    34.2063     2.4728     2.7924    -0.0193    95.4936 2.0850e+02     118094   4920.542      98.66         13  0.000e+00
    403.129    399.165     5.1291  33.043265     5.1288  33.065883    6.27874    6.50107    34.1799    34.2062     2.4728     2.7937    -0.0193    95.4673 2.0850e+02     118095   4920.583      98.66         13  0.000e+00
    403.102    399.139     5.1289  33.043469     5.1290  33.065818    6.27823    6.50171    34.1803    34.2059     2.4728     2.7937    -0.0193    95.4673 2.0850e+02     118096   4920.625      98.66         13  0.000e+00
    403.129    399.165     5.1291  33.043706     5.1293  33.065625    6.28345    6.49777    34.1804    34.2054     2.4740     2.7924    -0.0193    95.4936 2.0850e+02     118097   4920.667      98.66         13  0.000e+00
    403.149    399.185     5.1289  33.043604     5.1285  33.065754    6.27890    6.49768    34.1804    34.2063     2.4728     2.7924    -0.0193    95.4936 2.0850e+02     118098   4920.708      98.66         13  0.000e+00
    403.076    399.112     5.1289  33.043536     5.1285  33.065818    6.27912    6.49750    34.1804    34.2064     2.4728     2.7924    -0.0193    95.4936 2.0850e+02     118099   4920.750      98.66         13  0.000e+00
    403.149    399.185     5.1289  33.043130     5.1285  33.065818    6.27949    6.49745    34.1799    34.2064     2.4728     2.7924    -0.0193    95.4673 2.0850e+02     118100   4920.792      98.66         13  0.000e+00
    403.129    399.165     5.1291  33.043028     5.1286  33.065818    6.27974    6.49730    34.1796    34.2062     2.4728     2.7924    -0.0193    95.4936 2.0850e+02     118101   4920.833      98.66         13  0.000e+00
    403.102    399.139     5.1288  33.043028     5.1290  33.066012    6.27516    6.50175    34.1800    34.2062     2.4715     2.7937    -0.0266    95.4673 2.0850e+02     118102   4920.875      98.66         13  0.000e+00
    403.076    399.112     5.1289  33.042858     5.1288  33.065883    6.27947    6.49775    34.1796    34.2062     2.4728     2.7924    -0.0193    95.4673 2.0850e+02     118103   4920.917      98.66         13  0.000e+00
    403.102    399.139     5.1288  33.042960     5.1286  33.065818    6.27982    6.49763    34.1799    34.2063     2.4728     2.7924    -0.0193    95.4936 2.0850e+02     118104   4920.958      98.66         13  0.000e+00
    403.129    399.165     5.1288  33.043028     5.1288  33.065818    6.28415    6.49749    34.1799    34.2061     2.4740     2.7924    -0.0193    95.4936 2.0850e+02     118105   4921.000      98.66         13  0.000e+00
    403.102    399.139     5.1289  33.043028     5.1290  33.065818    6.27945    6.49729    34.1798    34.2059     2.4728     2.7924    -0.0193    95.4673 2.0850e+02     118106   4921.042      98.66         13  0.000e+00
    403.076    399.112     5.1286  33.043028     5.1283  33.065818    6.27967    6.49715    34.1801    34.2066     2.4728     2.7924    -0.0193    95.4936 2.0850e+02     118107   4921.083      98.66         13  0.000e+00
    403.149    399.185     5.1288  33.043028     5.1290  33.065818    6.27993    6.49703    34.1799    34.2059     2.4728     2.7924    -0.0193    95.4673 2.0850e+02     118108   4921.125      98.66         13  0.000e+00
    403.102    399.139     5.1286  33.042858     5.1290  33.065818    6.27924    6.49686    34.1799    34.2059     2.4728     2.7924    -0.0193    95.5200 2.0850e+02     118109   4921.167      98.66         13  0.000e+00
    403.076    399.112     5.1284  33.042757     5.1290  33.066012    6.27943    6.49672    34.1800    34.2062     2.4728     2.7924    -0.0266    95.4936 2.0850e+02     118110   4921.208      98.66         13  0.000e+00
    403.102    399.139     5.1286  33.042960     5.1290  33.065496    6.27871    6.49654    34.1800    34.2056     2.4728     2.7924    -0.0266    95.4936 2.0850e+02     118111   4921.250      98.66         13  0.000e+00
    403.129    399.165     5.1282  33.042621     5.1288  33.065496    6.27805    6.49647    34.1800    34.2057     2.4728     2.7924    -0.0266    95.4936 2.0850e+02     118112   4921.292      98.66         13  0.000e+00
    403.102    399.139     5.1286  33.042723     5.1286  33.065947    6.27720    6.49624    34.1798    34.2064     2.4728     2.7924    -0.0266    95.4145 2.0850e+02     118113   4921.333      98.66         13  0.000e+00
    355.793    352.334     5.1859  33.071383     5.1869  33.094629    6.39266    6.61928    34.1783    34.2039     2.5263     2.8508    -0.0266    95.4936 2.0850e+02     120186   5007.708      98.66         14  0.000e+00
    355.746    352.288     5.1860  33.071146     5.1869  33.094757    6.39248    6.61997    34.1779    34.2041     2.5263     2.8508    -0.0266    95.4673 2.0850e+02     120187   5007.750      98.66         14  0.000e+00
    355.839    352.381     5.1864  33.071146     5.1870  33.093854    6.38758    6.62003    34.1775    34.2029     2.5250     2.8508    -0.0266    95.4673 2.0850e+02     120188   5007.792      98.66         14  0.000e+00
    355.739    352.281     5.1863  33.071756     5.1867  33.093854    6.39144    6.61999    34.1783    34.2033     2.5263     2.8508    -0.0266    95.4936 2.0850e+02     120189   5007.833      98.66         14  0.000e+00
    355.799    352.341     5.1864  33.071451     5.1866  33.093983    6.39236    6.61937    34.1779    34.2035     2.5263     2.8508    -0.0266    95.4936 2.0850e+02     120190   5007.875      98.66         14  0.000e+00
    355.793    352.334     5.1864  33.071417     5.1865  33.094048    6.39242    6.61945    34.1778    34.2036     2.5263     2.8508    -0.0266    95.4936 2.0850e+02     120191   5007.917      98.66         14  0.000e+00
    355.799    352.341     5.1864  33.071248     5.1867  33.094177    6.38771    6.61958    34.1776    34.2036     2.5250     2.8508    -0.0266    95.4673 2.0850e+02     120192   5007.958      98.66         14  0.000e+00
    355.793    352.334     5.1859  33.071485     5.1870  33.094629    6.39192    6.61527    34.1784    34.2038     2.5263     2.8496    -0.0266    95.4936 2.0850e+02     120193   5008.000      98.66         14  0.000e+00
    355.793    352.334     5.1861  33.071689     5.1866  33.094822    6.39691    6.61922    34.1784    34.2045     2.5275     2.8508    -0.0266    95.4936 2.0850e+02     120194   5008.042      98.66         14  0.000e+00
    355.799    352.341     5.1864  33.071892     5.1865  33.094564    6.39309    6.61943    34.1784    34.2042     2.5263     2.8508    -0.0266    95.4936 2.0850e+02     120195   5008.083      98.66         14  0.000e+00
    355.739    352.281     5.1865  33.071858     5.1870  33.094499    6.39327    6.61964    34.1782    34.2037     2.5263     2.8508    -0.0266    95.4936 2.0850e+02     120196   5008.125      98.66         14  0.000e+00
    355.793    352.334     5.1867  33.072129     5.1867  33.094370    6.39442    6.61918    34.1783    34.2038     2.5263     2.8508    -0.0266    95.4936 2.0850e+02     120197   5008.167      98.66         14  0.000e+00
    355.746    352.288     5.1868  33.072400     5.1867  33.094435    6.39470    6.61942    34.1785    34.2039     2.5263     2.8508    -0.0266    95.4936 2.0850e+02     120198   5008.208      98.66         14  0.000e+00
    355.692    352.235     5.1867  33.071790     5.1864  33.094499    6.39508    6.61976    34.1779    34.2043     2.5263     2.8508    -0.0266    95.4673 2.0850e+02     120199   5008.250      98.66         14  0.000e+00
