Ship_data/Southern/Southern_Ocean-02_NBP-15-11_2015-12-07/CTD NBP1511/process/nbp1511_008.ros
* Sea-Bird SBE 9 Data File:
* FileName = D:\Data\raw\NBP1511_008.hdr
* Software Version Seasave V 7.21e
* Temperature SN = 5730
* Conductivity SN = 1143
* Number of Bytes Per Scan = 40
* Number of Voltage Words = 5
* Number of Scans Averaged by the Deck Unit = 1
* NMEA Latitude = 54 31.07 S
* NMEA Longitude = 089 22.21 W
* NMEA UTC (Time) = Dec 13 2015  16:49:16
* NMEA baud rate = 9600
** Ship: RVIB N.B. Palmer
** Cruise: NBP1511
** Station: HYPM1
** Operator: S. Blackman/B.Bjork
# nquan = 20
# nvalues = 539                                   
# units = specified
# name 0 = prDM: Pressure, Digiquartz [db]
# name 1 = depSM: Depth [salt water, m]
# name 2 = t090C: Temperature [ITS-90, deg C]
# name 3 = c0mS/cm: Conductivity [mS/cm]
# name 4 = t190C: Temperature, 2 [ITS-90, deg C]
# name 5 = c1mS/cm: Conductivity, 2 [mS/cm]
# name 6 = sbeox0ML/L: Oxygen, SBE 43 [ml/l]
# name 7 = sbeox1ML/L: Oxygen, SBE 43, 2 [ml/l]
# name 8 = sal00: Salinity, Practical [PSU]
# name 9 = sal11: Salinity, Practical, 2 [PSU]
# name 10 = sbeox0V: Oxygen raw, SBE 43 [V]
# name 11 = sbeox1V: Oxygen raw, SBE 43, 2 [V]
# name 12 = flECO-AFL: Fluorescence, WET Labs ECO-AFL/FL [mg/m^3]
# name 13 = CStarTr0: Beam Transmission, WET Labs C-Star [%]
# name 14 = spar: SPAR/Surface Irradiance
# name 15 = scan: Scan Count
# name 16 = timeS: Time, Elapsed [seconds]
# name 17 = altM: Altimeter [m]
# name 18 = nbf: Bottles Fired
# name 19 = flag:  0.000e+00
# interval = seconds: 0.0416667
# start_time = Dec 13 2015 16:49:16 [NMEA time, header]
# bad_flag = -9.990e-29
*END*
[from data line 507]
    161.688    160.174     5.7268  33.494485     5.7270  33.521352    6.70205    6.96201    34.2096    34.2399     2.7001     3.0493    -0.0046    95.4409 2.5571e+03     240113  10004.667      98.66         11  0.000e+00
    161.634    160.121     5.7270  33.494485     5.7265  33.521287    6.70151    6.96171    34.2095    34.2403     2.7001     3.0493    -0.0046    95.4145 2.5571e+03     240114  10004.708      98.66         11  0.000e+00
    161.634    160.121     5.7270  33.494485     5.7267  33.521222    6.69721    6.96149    34.2095    34.2401     2.6988     3.0493    -0.0046    95.4145 2.5571e+03     240115  10004.750      98.66         11  0.000e+00
    161.688    160.174     5.7270  33.494485     5.7270  33.521352    6.69682    6.96132    34.2094    34.2399     2.6988     3.0493    -0.0046    95.4409 2.5590e+03     240116  10004.792      98.66         11  0.000e+00
    161.688    160.174     5.7268  33.494280     5.7271  33.521482    6.70102    6.96112    34.2094    34.2399     2.7001     3.0493    -0.0046    95.4409 2.5590e+03     240117  10004.833      98.66         11  0.000e+00
    161.688    160.174     5.7270  33.494792     5.7268  33.521709    6.69674    6.96085    34.2098    34.2405     2.6988     3.0493    -0.0046    95.4409 2.5610e+03     240118  10004.875      98.66         11  0.000e+00
    161.634    160.121     5.7271  33.494587     5.7273  33.521579    6.69630    6.96057    34.2094    34.2399     2.6988     3.0493    -0.0046    95.4409 2.5630e+03     240119  10004.917      98.66         11  0.000e+00
    161.734    160.220     5.7271  33.494280     5.7271  33.521514    6.69606    6.96045    34.2090    34.2399     2.6988     3.0493    -0.0046    95.4409 2.5649e+03     240120  10004.958      98.66         11  0.000e+00
    161.688    160.174     5.7271  33.494212     5.7268  33.521514    6.69952    6.96089    34.2090    34.2402     2.7001     3.0493    -0.0046    95.4673 2.5649e+03     240121  10005.000      98.66         11  0.000e+00
    161.588    160.075     5.7273  33.494792     5.7270  33.521417    6.69520    6.96055    34.2095    34.2401     2.6988     3.0493    -0.0046    95.4145 2.5669e+03     240122  10005.042      98.66         11  0.000e+00
    161.788    160.273     5.7271  33.494792     5.7270  33.521482    6.69508    6.96056    34.2096    34.2400     2.6988     3.0493    -0.0046    95.4409 2.5708e+03     240123  10005.083      98.66         11  0.000e+00
    161.688    160.174     5.7273  33.494962     5.7270  33.521514    6.69468    6.96023    34.2096    34.2401     2.6988     3.0493    -0.0046    95.4409 2.5728e+03     240124  10005.125      98.66         11  0.000e+00
    161.734    160.220     5.7274  33.494621     5.7271  33.521514    6.69447    6.96008    34.2091    34.2399     2.6988     3.0493    -0.0046    95.4409 2.5767e+03     240125  10005.167      98.66         11  0.000e+00
    161.688    160.174     5.7273  33.494485     5.7268  33.521514    6.69424    6.95987    34.2091    34.2403     2.6988     3.0493    -0.0046    95.4673 2.5807e+03     240126  10005.208      98.66         11  0.000e+00
    161.688    160.174     5.7274  33.494690     5.7273  33.521612    6.69402    6.96464    34.2092    34.2399     2.6988     3.0505    -0.0046    95.4409 2.5826e+03     240127  10005.250      98.66         11  0.000e+00
    161.734    160.220     5.7273  33.495133     5.7270  33.521547    6.69927    6.96515    34.2098    34.2401     2.7001     3.0505    -0.0046    95.4409 2.5885e+03     240128  10005.292      98.66         11  0.000e+00
    161.688    160.174     5.7271  33.494655     5.7270  33.521092    6.69531    6.96130    34.2095    34.2396     2.6988     3.0493    -0.0046    95.4673 2.5925e+03     240129  10005.333      98.66         11  0.000e+00
    161.734    160.220     5.7275  33.494280     5.7268  33.521352    6.69523    6.96109    34.2087    34.2401     2.6988     3.0493    -0.0046    95.4409 2.5964e+03     240130  10005.375      98.66         11  0.000e+00
    161.688    160.174     5.7271  33.494621     5.7268  33.521287    6.69515    6.96085    34.2094    34.2400     2.6988     3.0493    -0.0046    95.4409 2.6003e+03     240131  10005.417      98.66         11  0.000e+00
    161.688    160.174     5.7273  33.494758     5.7270  33.521417    6.69890    6.96060    34.2094    34.2400     2.7001     3.0493    -0.0046    95.4409 2.6062e+03     240132  10005.458      98.66         11  0.000e+00
    161.734    160.220     5.7271  33.494758     5.7271  33.521222    6.69506    6.96044    34.2096    34.2396     2.6988     3.0493    -0.0046    95.4673 2.6121e+03     240133  10005.500      98.66         11  0.000e+00
    161.688    160.174     5.7273  33.494553     5.7268  33.521190    6.69956    6.96446    34.2092    34.2399     2.7001     3.0505    -0.0046    95.4409 2.6180e+03     240134  10005.542      98.66         11  0.000e+00
    161.734    160.220     5.7273  33.494690     5.7271  33.521417    6.70031    6.96062    34.2093    34.2398     2.7001     3.0493    -0.0046    95.4409 2.6220e+03     240135  10005.583      98.66         11  0.000e+00
    161.688    160.174     5.7273  33.494928     5.7271  33.521287    6.69561    6.96031    34.2096    34.2397     2.6988     3.0493    -0.0046    95.4409 2.6279e+03     240136  10005.625      98.66         11  0.000e+00
    161.634    160.121     5.7271  33.494417     5.7270  33.521222    6.69557    6.96006    34.2092    34.2398     2.6988     3.0493    -0.0046    95.4145 2.6357e+03     240137  10005.667      98.66         11  0.000e+00
    161.788    160.273     5.7273  33.494417     5.7270  33.521223    6.70028    6.95993    34.2090    34.2397     2.7001     3.0493    -0.0046    95.4409 2.6416e+03     240138  10005.708      98.66         11  0.000e+00
    161.688    160.174     5.7273  33.495065     5.7273  33.521157    6.70012    6.95955    34.2098    34.2394     2.7001     3.0493    -0.0046    95.4145 2.6456e+03     240139  10005.750      98.66         11  0.000e+00
    161.734    160.220     5.7271  33.494894     5.7267  33.521190    6.70091    6.95937    34.2097    34.2400     2.7001     3.0493    -0.0046    95.4673 2.6534e+03     240140  10005.792      98.66         11  0.000e+00
    161.687    160.174     5.7273  33.494758     5.7272  33.521417    6.69699    6.95976    34.2094    34.2398     2.6988     3.0493    -0.0046    95.4409 2.6593e+03     240141  10005.833      98.66         11  0.000e+00
    161.687    160.174     5.7273  33.494553     5.7267  33.521093    6.69778    6.95955    34.2092    34.2399     2.6988     3.0493    -0.0046    95.4409 2.6652e+03     240142  10005.875      98.66         11  0.000e+00
    161.734    160.220     5.7273  33.494860     5.7270  33.521158    6.69786    6.95934    34.2095    34.2397     2.6988     3.0493     0.0027    95.4409 2.6692e+03     240143  10005.917      98.66         11  0.000e+00
    161.687    160.174     5.7271  33.494621     5.7273  33.521612    6.69716    6.95912    34.2094    34.2399     2.6988     3.0493     0.0100    95.4409 2.6751e+03     240144  10005.958      98.66         11  0.000e+00
