Ship_data/Southern/Southern_Ocean-02_NBP-15-11_2015-12-07/CTD NBP1511/process/nbp1511_011.ros
* Sea-Bird SBE 9 Data File:
* FileName = D:\Data\raw\NBP1511_011.hdr
* Software Version Seasave V 7.21e
* Temperature SN = 5730
* Conductivity SN = 1143
* Number of Bytes Per Scan = 40
* Number of Voltage Words = 5
* Number of Scans Averaged by the Deck Unit = 1
* NMEA Latitude = 54 07.02 S
* NMEA Longitude = 089 35.93 W
* NMEA UTC (Time) = Dec 17 2015  22:23:02
* NMEA baud rate = 9600
** Ship: RVIB N.B. Palmer
** Cruise: NBP1511
** Station: FLMA-1, FLMA-2
** Operator: S. Blackman/B.Bjork
# nquan = 20
# nvalues = 686                                   
# units = specified
# name 0 = prDM: Pressure, Digiquartz [db]
# name 1 = depSM: Depth [salt water, m]
# name 2 = t090C: Temperature [ITS-90, deg C]
# name 3 = c0mS/cm: Conductivity [mS/cm]
# name 4 = t190C: Temperature, 2 [ITS-90, deg C]
# name 5 = c1mS/cm: Conductivity, 2 [mS/cm]
# name 6 = sbeox0ML/L: Oxygen, SBE 43 [ml/l]
# name 7 = sbeox1ML/L: Oxygen, SBE 43, 2 [ml/l]
# name 8 = sal00: Salinity, Practical [PSU]
# name 9 = sal11: Salinity, Practical, 2 [PSU]
# name 10 = sbeox0V: Oxygen raw, SBE 43 [V]
# name 11 = sbeox1V: Oxygen raw, SBE 43, 2 [V]
# name 12 = flECO-AFL: Fluorescence, WET Labs ECO-AFL/FL [mg/m^3]
# name 13 = CStarTr0: Beam Transmission, WET Labs C-Star [%]
# name 14 = spar: SPAR/Surface Irradiance
# name 15 = scan: Scan Count
# name 16 = timeS: Time, Elapsed [seconds]
# name 17 = altM: Altimeter [m]
# name 18 = nbf: Bottles Fired
# name 19 = flag:  0.000e+00
# interval = seconds: 0.0416667
# start_time = Dec 17 2015 22:23:02 [NMEA time, header]
# bad_flag = -9.990e-29
*END*
[from data line 362]
    253.819    251.396     5.4504  33.266635     5.4508  33.323636    6.75700    6.99313    34.1842    34.2489     2.6758     3.0150    -0.0046    95.7573 4.6027e+02     113044   4710.125      98.66          8  0.000e+00
    253.819    251.396     5.4508  33.266907     5.4509  33.323571    6.76141    6.99309    34.1842    34.2486     2.6770     3.0150    -0.0046    95.7836 4.5830e+02     113045   4710.167      98.66          8  0.000e+00
    253.766    251.343     5.4506  33.266635     5.4510  33.323700    6.75804    6.99311    34.1840    34.2488     2.6758     3.0150    -0.0046    95.8100 4.6027e+02     113046   4710.208      98.66          8  0.000e+00
    253.819    251.396     5.4503  33.266737     5.4503  33.323604    6.75790    6.99323    34.1845    34.2493     2.6758     3.0150    -0.0046    95.7573 4.6027e+02     113047   4710.250      98.66          8  0.000e+00
    253.792    251.370     5.4506  33.267009     5.4508  33.323571    6.76228    6.99317    34.1844    34.2488     2.6770     3.0150    -0.0046    95.7836 4.6027e+02     113048   4710.292      98.63          8  0.000e+00
    253.819    251.396     5.4506  33.267009     5.4511  33.323765    6.76283    6.99322    34.1844    34.2487     2.6770     3.0150    -0.0046    95.7836 4.6027e+02     113049   4710.333      98.66          8  0.000e+00
    253.819    251.396     5.4506  33.267043     5.4503  33.323636    6.76332    6.99325    34.1845    34.2494     2.6770     3.0150    -0.0046    95.7573 4.6027e+02     113050   4710.375      98.66          8  0.000e+00
    253.766    251.343     5.4506  33.267009     5.4506  33.323765    6.75821    6.99323    34.1845    34.2492     2.6758     3.0150    -0.0046    95.7573 4.6027e+02     113051   4710.417      98.66          8  0.000e+00
    253.766    251.343     5.4504  33.266873     5.4508  33.323765    6.76176    6.99329    34.1845    34.2491     2.6770     3.0150    -0.0046    95.7836 4.6027e+02     113052   4710.458      98.66          8  0.000e+00
    253.820    251.396     5.4506  33.266839     5.4508  33.323798    6.75745    6.99335    34.1842    34.2490     2.6758     3.0150    -0.0046    95.7836 4.6027e+02     113053   4710.500      98.66          8  0.000e+00
    253.766    251.344     5.4506  33.266941     5.4511  33.323830    6.75697    6.99332    34.1844    34.2488     2.6758     3.0150    -0.0046    95.7836 4.6027e+02     113054   4710.542      98.66          8  0.000e+00
    253.820    251.397     5.4508  33.266669     5.4505  33.323636    6.76128    6.99339    34.1839    34.2492     2.6770     3.0150    -0.0046    95.7836 4.6027e+02     113055   4710.583      98.66          8  0.000e+00
    253.766    251.344     5.4506  33.267349     5.4505  33.323765    6.75685    6.99335    34.1848    34.2494     2.6758     3.0150    -0.0046    95.7836 4.6027e+02     113056   4710.625      98.66          8  0.000e+00
    253.766    251.344     5.4506  33.267145     5.4505  33.323636    6.75640    6.99339    34.1846    34.2492     2.6758     3.0150    -0.0120    95.7836 4.6027e+02     113057   4710.667      98.66          8  0.000e+00
    253.766    251.344     5.4505  33.267043     5.4506  33.323895    6.76066    6.99345    34.1847    34.2494     2.6770     3.0150    -0.0193    95.7836 4.6027e+02     113058   4710.708      98.66          8  0.000e+00
    253.767    251.344     5.4503  33.266635     5.4506  33.323668    6.76100    6.99353    34.1844    34.2491     2.6770     3.0150    -0.0193    95.7573 4.6027e+02     113059   4710.750      98.66          8  0.000e+00
    253.747    251.324     5.4506  33.267111     5.4505  33.323959    6.75730    6.99273    34.1846    34.2496     2.6758     3.0150    -0.0193    95.7573 4.6027e+02     113060   4710.792      98.66          8  0.000e+00
    253.767    251.344     5.4504  33.267145     5.4511  33.323700    6.76155    6.99205    34.1848    34.2487     2.6770     3.0150    -0.0193    95.7573 4.6027e+02     113061   4710.833      98.66          8  0.000e+00
    253.767    251.344     5.4505  33.266805     5.4508  33.323571    6.76182    6.99203    34.1844    34.2488     2.6770     3.0150    -0.0193    95.7836 4.6027e+02     113062   4710.875      98.66          8  0.000e+00
    253.720    251.298     5.4504  33.266601     5.4508  33.323765    6.75815    6.99197    34.1842    34.2490     2.6758     3.0150    -0.0193    95.7836 4.6027e+02     113063   4710.917      98.66          8  0.000e+00
    253.767    251.344     5.4503  33.266669     5.4508  33.323571    6.76320    6.99200    34.1844    34.2488     2.6770     3.0150    -0.0193    95.7836 4.6027e+02     113064   4710.958      98.66          8  0.000e+00
    253.720    251.298     5.4504  33.266805     5.4510  33.323538    6.76339    6.99190    34.1845    34.2486     2.6770     3.0150    -0.0193    95.7836 4.6027e+02     113065   4711.000      98.66          8  0.000e+00
    253.767    251.345     5.4505  33.266839     5.4506  33.323571    6.75978    6.99190    34.1844    34.2490     2.6758     3.0150    -0.0193    95.7836 4.6027e+02     113066   4711.042      98.66          8  0.000e+00
    253.720    251.298     5.4503  33.266567     5.4506  33.323765    6.76007    6.99187    34.1843    34.2492     2.6758     3.0150    -0.0193    95.7573 4.6027e+02     113067   4711.083      98.66          8  0.000e+00
    253.720    251.298     5.4503  33.266737     5.4506  33.323830    6.75874    6.99184    34.1845    34.2493     2.6758     3.0150    -0.0193    95.7836 4.5830e+02     113068   4711.125      98.66          8  0.000e+00
    253.721    251.298     5.4503  33.266941     5.4508  33.323636    6.75820    6.99179    34.1847    34.2489     2.6758     3.0150    -0.0193    95.7573 4.6027e+02     113069   4711.167      98.66          8  0.000e+00
    253.721    251.299     5.4504  33.267043     5.4508  33.323700    6.75766    6.99174    34.1847    34.2490     2.6758     3.0150    -0.0193    95.7836 4.5830e+02     113070   4711.208      98.66          8  0.000e+00
    253.721    251.299     5.4504  33.266873     5.4505  33.323603    6.75714    6.99612    34.1845    34.2492     2.6758     3.0162    -0.0193    95.7573 4.6027e+02     113071   4711.250      98.66          8  0.000e+00
    253.747    251.325     5.4506  33.266737     5.4506  33.323183    6.75662    6.99236    34.1842    34.2486     2.6758     3.0150    -0.0193    95.7573 4.6027e+02     113072   4711.292      98.66          8  0.000e+00
    253.721    251.299     5.4505  33.266805     5.4509  33.323441    6.76078    6.99230    34.1844    34.2485     2.6770     3.0150    -0.0193    95.7836 4.5830e+02     113073   4711.333      98.66          8  0.000e+00
    181.382    179.682     5.6243  33.403525     5.6250  33.461222    6.77891    7.02088    34.2003    34.2652     2.7118     3.0583    -0.0120    95.7573 4.8191e+02     115969   4832.000      98.66          9  0.000e+00
    181.462    179.761     5.6239  33.402879     5.6255  33.461158    6.77846    7.02141    34.1999    34.2646     2.7118     3.0583    -0.0120    95.7309 4.8191e+02     115970   4832.042      98.66          9  0.000e+00
    181.429    179.728     5.6232  33.402504     5.6250  33.460574    6.78255    7.02189    34.2002    34.2645     2.7130     3.0583    -0.0120    95.7573 4.8191e+02     115971   4832.083      98.66          9  0.000e+00
    181.482    179.781     5.6231  33.402266     5.6249  33.460185    6.78276    7.02239    34.2001    34.2641     2.7130     3.0583    -0.0120    95.7573 4.8191e+02     115972   4832.125      98.66          9  0.000e+00
    181.482    179.781     5.6231  33.402368     5.6250  33.460120    6.77823    7.02213    34.2002    34.2639     2.7118     3.0583    -0.0193    95.7309 4.8191e+02     115973   4832.167      98.66          9  0.000e+00
    181.555    179.854     5.6229  33.402845     5.6250  33.460509    6.78224    7.02627    34.2009    34.2643     2.7130     3.0595    -0.0266    95.7836 4.8191e+02     115974   4832.208      98.66          9  0.000e+00
    181.482    179.781     5.6232  33.403185     5.6250  33.461028    6.77756    7.02653    34.2010    34.2650     2.7118     3.0595    -0.0266    95.7573 4.8191e+02     115975   4832.250      98.66          9  0.000e+00
    181.582    179.880     5.6233  33.403049     5.6260  33.461936    6.78157    7.02337    34.2007    34.2649     2.7130     3.0583    -0.0266    95.7836 4.8191e+02     115976   4832.292      98.66          9  0.000e+00
    181.609    179.907     5.6231  33.402947     5.6263  33.462196    6.78245    7.02818    34.2008    34.2649     2.7130     3.0595    -0.0266    95.7836 4.8191e+02     115977   4832.333      98.66          9  0.000e+00
    181.629    179.927     5.6231  33.402947     5.6268  33.462585    6.78329    7.02426    34.2008    34.2648     2.7130     3.0583    -0.0266    95.7573 4.8191e+02     115978   4832.375      98.66          9  0.000e+00
    181.629    179.927     5.6229  33.403186     5.6267  33.462714    6.78333    7.02469    34.2012    34.2650     2.7130     3.0583    -0.0266    95.7573 4.8191e+02     115979   4832.417      98.66          9  0.000e+00
    181.656    179.953     5.6232  33.403050     5.6276  33.462520    6.78411    7.02443    34.2007    34.2639     2.7130     3.0583    -0.0266    95.7573 4.8191e+02     115980   4832.458      98.66          9  0.000e+00
    181.676    179.973     5.6233  33.403152     5.6271  33.462650    6.78412    7.02418    34.2008    34.2646     2.7130     3.0583    -0.0266    95.7573 4.8191e+02     115981   4832.500      98.66          9  0.000e+00
    181.729    180.026     5.6234  33.403016     5.6271  33.462326    6.78413    7.02397    34.2005    34.2641     2.7130     3.0583    -0.0266    95.7573 4.8191e+02     115982   4832.542      98.66          9  0.000e+00
    181.756    180.052     5.6237  33.403935     5.6267  33.462391    6.78400    7.02365    34.2012    34.2646     2.7130     3.0583    -0.0266    95.7573 4.8191e+02     115983   4832.583      98.66          9  0.000e+00
    181.776    180.072     5.6246  33.405025     5.6266  33.462650    6.78454    7.02755    34.2015    34.2650     2.7130     3.0595    -0.0266    95.7573 4.8191e+02     115984   4832.625      98.66          9  0.000e+00
    181.776    180.072     5.6254  33.405911     5.6276  33.463104    6.78509    7.02849    34.2017    34.2645     2.7130     3.0595    -0.0266    95.7309 4.8191e+02     115985   4832.667      98.66          9  0.000e+00
    181.803    180.099     5.6259  33.406286     5.6271  33.462455    6.78112    7.02450    34.2016    34.2642     2.7118     3.0583    -0.0266    95.7573 4.8191e+02     115986   4832.708      98.66          9  0.000e+00
    181.823    180.119     5.6265  33.406149     5.6273  33.462391    6.78105    7.02417    34.2009    34.2640     2.7118     3.0583    -0.0266    95.7309 4.8191e+02     115987   4832.750      98.66          9  0.000e+00
    181.823    180.119     5.6264  33.406456     5.6267  33.462066    6.78486    7.02820    34.2013    34.2642     2.7130     3.0595    -0.0266    95.7309 4.8191e+02     115988   4832.792      98.66          9  0.000e+00
    181.903    180.198     5.6267  33.406592     5.6266  33.462132    6.78482    7.02427    34.2011    34.2643     2.7130     3.0583    -0.0266    95.7573 4.8191e+02     115989   4832.833      98.66          9  0.000e+00
    181.877    180.172     5.6269  33.406626     5.6264  33.462002    6.78468    7.02391    34.2010    34.2644     2.7130     3.0583    -0.0266    95.7573 4.8191e+02     115990   4832.875      98.66          9  0.000e+00
    181.923    180.218     5.6269  33.406218     5.6260  33.461937    6.78462    7.02870    34.2005    34.2647     2.7130     3.0595    -0.0266    95.7045 4.8191e+02     115991   4832.917      98.66          9  0.000e+00
    181.950    180.245     5.6266  33.405877     5.6266  33.461354    6.78454    7.02915    34.2004    34.2634     2.7130     3.0595    -0.0266    95.6782 4.8191e+02     115992   4832.958      98.66          9  0.000e+00
    181.977    180.271     5.6262  33.405605     5.6258  33.461548    6.78444    7.03028    34.2005    34.2644     2.7130     3.0595    -0.0266    95.6782 4.8191e+02     115993   4833.000      98.66          9  0.000e+00
    181.977    180.271     5.6259  33.405367     5.6264  33.461678    6.78505    7.02634    34.2005    34.2640     2.7130     3.0583    -0.0266    95.7045 4.8191e+02     115994   4833.042      98.66          9  0.000e+00
    182.004    180.298     5.6259  33.405299     5.6260  33.461678    6.78485    7.02603    34.2004    34.2644     2.7130     3.0583    -0.0266    95.7045 4.8191e+02     115995   4833.083      98.63          9  0.000e+00
    182.024    180.317     5.6257  33.405299     5.6261  33.461873    6.78081    7.02573    34.2005    34.2645     2.7118     3.0583    -0.0120    95.7045 4.8191e+02     115996   4833.125      98.63          9  0.000e+00
    182.024    180.318     5.6256  33.405333     5.6260  33.461743    6.78446    7.02974    34.2007    34.2645     2.7130     3.0595    -0.0046    95.7309 4.8191e+02     115997   4833.167      98.66          9  0.000e+00
    182.051    180.344     5.6255  33.404924     5.6256  33.461873    6.78427    7.03081    34.2004    34.2650     2.7130     3.0595    -0.0046    95.7309 4.8191e+02     115998   4833.208      98.66          9  0.000e+00
    182.071    180.364     5.6256  33.405163     5.6262  33.461938    6.78397    7.02749    34.2005    34.2645     2.7130     3.0583    -0.0046    95.7309 4.8191e+02     115999   4833.250      98.66          9  0.000e+00
    182.071    180.364     5.6254  33.404924     5.6263  33.461743    6.78448    7.02719    34.2004    34.2642     2.7130     3.0583    -0.0046    95.7309 4.8191e+02     116000   4833.292      98.66          9  0.000e+00
    182.104    180.397     5.6254  33.405367     5.6260  33.461678    6.78417    7.02685    34.2009    34.2643     2.7130     3.0583    -0.0046    95.7573 4.8387e+02     116001   4833.333      98.66          9  0.000e+00
    182.124    180.417     5.6254  33.405163     5.6261  33.461678    6.78385    7.02654    34.2006    34.2642     2.7130     3.0583    -0.0046    95.7573 4.8191e+02     116002   4833.375      98.66          9  0.000e+00
    182.071    180.364     5.6253  33.405231     5.6260  33.461678    6.77882    7.02617    34.2009    34.2644     2.7118     3.0583    -0.0046    95.7309 4.8387e+02     116003   4833.417      98.66          9  0.000e+00
    182.151    180.443     5.6258  33.405503     5.6258  33.461679    6.78228    7.02582    34.2006    34.2645     2.7130     3.0583    -0.0046    95.7836 4.8387e+02     116004   4833.458      98.66          9  0.000e+00
    182.125    180.417     5.6257  33.405571     5.6260  33.461678    6.78186    7.02546    34.2008    34.2643     2.7130     3.0583    -0.0046    95.7573 4.8387e+02     116005   4833.500      98.66          9  0.000e+00
    182.125    180.417     5.6259  33.405946     5.6259  33.461873    6.78138    7.02509    34.2011    34.2646     2.7130     3.0583    -0.0046    95.7573 4.8387e+02     116006   4833.542      98.66          9  0.000e+00
    182.151    180.444     5.6263  33.406082     5.6262  33.461549    6.78166    7.02472    34.2009    34.2640     2.7130     3.0583    -0.0046    95.7836 4.8387e+02     116007   4833.583      98.66          9  0.000e+00
    182.171    180.464     5.6261  33.406287     5.6258  33.461614    6.78122    7.02874    34.2013    34.2645     2.7130     3.0595    -0.0046    95.7573 4.8191e+02     116008   4833.625      98.66          9  0.000e+00
    182.171    180.464     5.6261  33.405946     5.6258  33.461484    6.78535    7.02474    34.2009    34.2642     2.7142     3.0583    -0.0046    95.7573 4.8191e+02     116009   4833.667      98.66          9  0.000e+00
    182.152    180.444     5.6262  33.406185     5.6254  33.461614    6.78167    7.02433    34.2011    34.2648     2.7130     3.0583    -0.0046    95.7836 4.8387e+02     116010   4833.708      98.66          9  0.000e+00
