Ship_data/Southern/Southern_Ocean-02_NBP-15-11_2015-12-07/CTD NBP1511/process/nbp1511_014.ros
* Sea-Bird SBE 9 Data File:
* FileName = D:\Data\raw\NBP1511_014.hdr
* Software Version Seasave V 7.21e
* Temperature SN = 5730
* Conductivity SN = 1143
* Number of Bytes Per Scan = 40
* Number of Voltage Words = 5
* Number of Scans Averaged by the Deck Unit = 1
* NMEA Latitude = 54 20.09 S
* NMEA Longitude = 089 20.72 W
* NMEA UTC (Time) = Dec 24 2015  16:48:18
* NMEA baud rate = 9600
** Ship: RVIB N.B. Palmer
** Cruise: NBP1511
** Station: SUMO-1
** Operator: S. Blackman
# nquan = 20
# nvalues = 588                                   
# units = specified
# name 0 = prDM: Pressure, Digiquartz [db]
# name 1 = depSM: Depth [salt water, m]
# name 2 = t090C: Temperature [ITS-90, deg C]
# name 3 = c0mS/cm: Conductivity [mS/cm]
# name 4 = t190C: Temperature, 2 [ITS-90, deg C]
# name 5 = c1mS/cm: Conductivity, 2 [mS/cm]
# name 6 = sbeox0ML/L: Oxygen, SBE 43 [ml/l]
# name 7 = sbeox1ML/L: Oxygen, SBE 43, 2 [ml/l]
# name 8 = sal00: Salinity, Practical [PSU]
# name 9 = sal11: Salinity, Practical, 2 [PSU]
# name 10 = sbeox0V: Oxygen raw, SBE 43 [V]
# name 11 = sbeox1V: Oxygen raw, SBE 43, 2 [V]
# name 12 = flECO-AFL: Fluorescence, WET Labs ECO-AFL/FL [mg/m^3]
# name 13 = CStarTr0: Beam Transmission, WET Labs C-Star [%]
# name 14 = spar: SPAR/Surface Irradiance
# name 15 = scan: Scan Count
# name 16 = timeS: Time, Elapsed [seconds]
# name 17 = altM: Altimeter [m]
# name 18 = nbf: Bottles Fired
# name 19 = flag:  0.000e+00
# interval = seconds: 0.0416667
# start_time = Dec 24 2015 16:48:18 [NMEA time, header]
# bad_flag = -9.990e-29
*END*
[from data line 218]
    132.060    130.835     5.7363  33.479862     5.7302  33.531122    6.77066    7.02343    34.1985    34.2628     2.7288     3.0789     0.0759    94.9927 2.3702e+03     115577   4815.667      98.66          5  0.000e+00
    132.113    130.888     5.7373  33.480817     5.7302  33.531252    6.77085    7.02716    34.1986    34.2630     2.7288     3.0802     0.0759    94.9927 2.3702e+03     115578   4815.708      98.66          5  0.000e+00
    132.014    130.789     5.7382  33.481499     5.7299  33.531512    6.77091    7.02712    34.1984    34.2636     2.7288     3.0802     0.0759    95.0191 2.3702e+03     115579   4815.750      98.66          5  0.000e+00
    132.014    130.789     5.7389  33.481635     5.7302  33.531577    6.77037    7.02722    34.1980    34.2634     2.7288     3.0802     0.0759    94.9927 2.3702e+03     115580   4815.792      98.66          5  0.000e+00
    132.060    130.836     5.7393  33.481806     5.7305  33.532161    6.76985    7.02736    34.1977    34.2637     2.7288     3.0802     0.0759    94.9927 2.3702e+03     115581   4815.833      98.66          5  0.000e+00
    132.014    130.789     5.7395  33.482078     5.7316  33.532940    6.77002    7.02741    34.1978    34.2635     2.7288     3.0802     0.0686    94.9927 2.3702e+03     115582   4815.875      98.66          5  0.000e+00
    131.960    130.737     5.7395  33.482146     5.7324  33.533686    6.77021    7.02747    34.1979    34.2635     2.7288     3.0802     0.0686    95.0191 2.3702e+03     115583   4815.917      98.66          5  0.000e+00
    131.960    130.737     5.7398  33.482726     5.7329  33.533880    6.76962    7.02748    34.1982    34.2632     2.7288     3.0802     0.0686    95.0191 2.3702e+03     115584   4815.958      98.66          5  0.000e+00
    131.960    130.737     5.7403  33.482726     5.7336  33.534302    6.76977    7.02746    34.1977    34.2631     2.7288     3.0802     0.0686    94.9927 2.3702e+03     115585   4816.000      98.66          5  0.000e+00
    131.914    130.690     5.7406  33.482658     5.7341  33.534432    6.76992    7.02741    34.1974    34.2627     2.7288     3.0802     0.0686    95.0191 2.3702e+03     115586   4816.042      98.66          5  0.000e+00
    131.914    130.691     5.7411  33.483442     5.7346  33.534821    6.77002    7.02730    34.1977    34.2627     2.7288     3.0802     0.0686    95.0191 2.3702e+03     115587   4816.083      98.66          5  0.000e+00
    131.914    130.691     5.7411  33.483101     5.7350  33.535925    6.76948    7.02797    34.1974    34.2634     2.7288     3.0802     0.0686    94.9664 2.3702e+03     115588   4816.125      98.66          5  0.000e+00
    131.867    130.644     5.7405  33.482112     5.7362  33.537061    6.77432    7.02377    34.1969    34.2636     2.7300     3.0789     0.0686    94.9664 2.3702e+03     115589   4816.167      98.66          5  0.000e+00
    131.814    130.592     5.7400  33.481464     5.7373  33.537515    6.77526    7.02313    34.1967    34.2630     2.7300     3.0789     0.0686    94.9927 2.3702e+03     115590   4816.208      98.66          5  0.000e+00
    131.867    130.644     5.7388  33.480168     5.7376  33.537385    6.77561    7.02700    34.1964    34.2625     2.7300     3.0802     0.0686    94.9927 2.3702e+03     115591   4816.250      98.66          5  0.000e+00
    131.814    130.592     5.7373  33.478771     5.7368  33.536736    6.77129    7.02717    34.1964    34.2626     2.7288     3.0802     0.0686    94.9927 2.3702e+03     115592   4816.292      98.66          5  0.000e+00
    131.767    130.545     5.7352  33.476929     5.7360  33.535502    6.77163    7.02743    34.1964    34.2621     2.7288     3.0802     0.0686    94.9927 2.3702e+03     115593   4816.333      98.66          5  0.000e+00
    131.794    130.572     5.7337  33.475395     5.7354  33.534788    6.77195    7.02763    34.1963    34.2619     2.7288     3.0802     0.0686    94.9927 2.3702e+03     115594   4816.375      98.66          5  0.000e+00
    131.767    130.546     5.7319  33.474066     5.7342  33.533523    6.77147    7.02778    34.1966    34.2616     2.7288     3.0802     0.0686    94.9927 2.3702e+03     115595   4816.417      98.66          5  0.000e+00
    131.721    130.499     5.7308  33.473759     5.7324  33.532160    6.77158    7.02774    34.1974    34.2619     2.7288     3.0802     0.0686    95.0191 2.3702e+03     115596   4816.458      98.66          5  0.000e+00
    131.668    130.447     5.7300  33.473384     5.7312  33.530667    6.77164    7.02762    34.1977    34.2615     2.7288     3.0802     0.0686    94.9927 2.3702e+03     115597   4816.500      98.66          5  0.000e+00
    131.721    130.499     5.7294  33.472873     5.7299  33.529693    6.77102    7.02757    34.1978    34.2617     2.7288     3.0802     0.0686    95.0191 2.3702e+03     115598   4816.542      98.66          5  0.000e+00
    131.621    130.400     5.7291  33.473145     5.7286  33.529109    6.77015    7.02725    34.1985    34.2624     2.7288     3.0802     0.0686    94.9927 2.3702e+03     115599   4816.583      98.66          5  0.000e+00
    131.668    130.447     5.7287  33.473248     5.7281  33.528785    6.77017    7.02706    34.1989    34.2625     2.7288     3.0802     0.0686    94.9927 2.3722e+03     115600   4816.625      98.66          5  0.000e+00
    131.621    130.400     5.7287  33.473043     5.7275  33.528655    6.77008    7.02741    34.1987    34.2630     2.7288     3.0802     0.0686    94.9927 2.3722e+03     115601   4816.667      98.66          5  0.000e+00
    131.621    130.400     5.7287  33.472804     5.7271  33.528882    6.77003    7.02712    34.1984    34.2636     2.7288     3.0802     0.0686    94.9927 2.3702e+03     115602   4816.708      98.66          5  0.000e+00
    131.568    130.348     5.7289  33.473145     5.7268  33.528557    6.77443    7.02670    34.1986    34.2636     2.7300     3.0802     0.0686    94.9927 2.3722e+03     115603   4816.750      98.66          5  0.000e+00
    101.942    101.003     6.3839  34.028139     6.3805  34.083346    6.88597    7.14932    34.1774    34.2425     2.8102     3.1737     2.0979    92.4354 2.3466e+03     117439   4893.250      98.66          6  0.000e+00
    101.995    101.056     6.3860  34.030681     6.3819  34.085635    6.88119    7.14846    34.1781    34.2436     2.8090     3.1737     2.0979    92.4618 2.3466e+03     117440   4893.292      98.66          6  0.000e+00
    102.048    101.109     6.3893  34.034666     6.3853  34.090147    6.87925    7.14738    34.1792    34.2452     2.8090     3.1737     2.0979    92.4091 2.3466e+03     117441   4893.333      98.66          6  0.000e+00
    102.048    101.109     6.3932  34.037894     6.3899  34.094136    6.88172    7.14559    34.1790    34.2450     2.8102     3.1737     2.0979    92.4354 2.3466e+03     117442   4893.375      98.66          6  0.000e+00
    102.088    101.149     6.3960  34.039577     6.3937  34.096196    6.87697    7.14471    34.1780    34.2434     2.8090     3.1737     2.0979    92.4091 2.3466e+03     117443   4893.417      98.66          6  0.000e+00
    102.048    101.109     6.3974  34.040539     6.3933  34.093514    6.87542    7.14402    34.1776    34.2409     2.8090     3.1737     2.0979    92.4354 2.3466e+03     117444   4893.458      98.66          6  0.000e+00
    102.141    101.201     6.3983  34.041501     6.3900  34.090016    6.87410    7.14355    34.1778    34.2402     2.8090     3.1737     2.0979    92.4091 2.3466e+03     117445   4893.500      98.66          6  0.000e+00
    102.095    101.155     6.3994  34.042188     6.3890  34.089198    6.87784    7.14295    34.1775    34.2403     2.8102     3.1737     2.0979    92.4354 2.3466e+03     117446   4893.542      98.66          6  0.000e+00
    102.141    101.201     6.4003  34.042325     6.3889  34.089297    6.87355    7.14253    34.1767    34.2406     2.8090     3.1737     2.0979    92.4618 2.3466e+03     117447   4893.583      98.66          6  0.000e+00
    102.188    101.248     6.4011  34.043528     6.3879  34.088643    6.87673    7.14208    34.1772    34.2408     2.8102     3.1737     2.0979    92.4354 2.3466e+03     117448   4893.625      98.66          6  0.000e+00
    102.195    101.254     6.4018  34.044112     6.3874  34.088414    6.88063    7.14168    34.1772    34.2410     2.8114     3.1737     2.0979    92.4091 2.3486e+03     117449   4893.667      98.66          6  0.000e+00
    102.195    101.254     6.4023  34.044387     6.3868  34.088316    6.87634    7.14550    34.1770    34.2416     2.8102     3.1750     2.0906    92.3563 2.3486e+03     117450   4893.708      98.66          6  0.000e+00
    102.195    101.254     6.4027  34.044868     6.3860  34.087989    6.87209    7.14162    34.1771    34.2420     2.8090     3.1737     2.0979    92.3300 2.3466e+03     117451   4893.750      98.66          6  0.000e+00
    102.188    101.248     6.4029  34.045177     6.3856  34.087302    6.87538    7.14134    34.1773    34.2416     2.8102     3.1737     2.0906    92.3300 2.3486e+03     117452   4893.792      98.66          6  0.000e+00
    102.295    101.353     6.4031  34.044627     6.3850  34.087172    6.88024    7.14123    34.1764    34.2420     2.8114     3.1737     2.0979    92.3300 2.3486e+03     117453   4893.833      98.66          6  0.000e+00
    102.195    101.254     6.4030  34.044661     6.3847  34.086518    6.87674    7.14512    34.1766    34.2417     2.8102     3.1749     2.0979    92.3300 2.3486e+03     117454   4893.875      98.66          6  0.000e+00
    102.295    101.353     6.4034  34.044696     6.3841  34.086682    6.87640    7.14561    34.1762    34.2424     2.8102     3.1749     2.0979    92.3300 2.3486e+03     117455   4893.917      98.66          6  0.000e+00
    102.235    101.294     6.4034  34.044696     6.3847  34.086910    6.87596    7.14599    34.1762    34.2421     2.8102     3.1749     2.0979    92.3300 2.3486e+03     117456   4893.958      98.66          6  0.000e+00
    102.295    101.353     6.4034  34.044318     6.3840  34.086649    6.87566    7.14651    34.1758    34.2424     2.8102     3.1749     2.0759    92.3036 2.3486e+03     117457   4894.000      98.66          6  0.000e+00
    102.295    101.353     6.4034  34.044387     6.3845  34.086158    6.87528    7.14695    34.1759    34.2414     2.8102     3.1749     2.0466    92.2245 2.3486e+03     117458   4894.042      98.66          6  0.000e+00
    102.295    101.353     6.4038  34.044456     6.3842  34.086126    6.87929    7.14733    34.1755    34.2417     2.8114     3.1749     2.0320    92.1982 2.3486e+03     117459   4894.083      98.66          6  0.000e+00
    102.235    101.294     6.4038  34.045039     6.3847  34.087041    6.87505    7.14768    34.1762    34.2422     2.8102     3.1749     2.0320    92.2509 2.3486e+03     117460   4894.125      98.66          6  0.000e+00
    102.341    101.400     6.4039  34.045624     6.3850  34.088349    6.87542    7.14882    34.1767    34.2433     2.8102     3.1749     2.0393    92.3300 2.3486e+03     117461   4894.167      98.66          6  0.000e+00
    102.295    101.353     6.4040  34.045349     6.3860  34.090965    6.87500    7.14989    34.1763    34.2452     2.8102     3.1749     2.0393    92.4354 2.3486e+03     117462   4894.208      98.66          6  0.000e+00
    102.242    101.301     6.4046  34.045623     6.3895  34.094202    6.87966    7.15024    34.1760    34.2453     2.8114     3.1749     2.0320    92.5145 2.3486e+03     117463   4894.250      98.66          6  0.000e+00
    102.335    101.393     6.4044  34.045967     6.3928  34.096393    6.88081    7.15083    34.1766    34.2445     2.8114     3.1749     2.0393    92.5672 2.3486e+03     117464   4894.292      98.66          6  0.000e+00
    102.295    101.354     6.4043  34.046036     6.3947  34.096981    6.88109    7.15129    34.1767    34.2432     2.8114     3.1749     2.0393    92.6200 2.3486e+03     117465   4894.333      98.66          6  0.000e+00
    102.295    101.354     6.4045  34.045624     6.3950  34.095935    6.88212    7.15179    34.1761    34.2417     2.8114     3.1749     2.0393    92.6463 2.3486e+03     117466   4894.375      98.66          6  0.000e+00
    102.295    101.354     6.4042  34.045692     6.3938  34.093776    6.88316    7.15231    34.1765    34.2406     2.8114     3.1749     2.0393    92.6991 2.3486e+03     117467   4894.417      98.66          6  0.000e+00
    102.282    101.340     6.4043  34.045555     6.3919  34.091782    6.88417    7.15694    34.1762    34.2402     2.8114     3.1762     2.0393    92.6991 2.3486e+03     117468   4894.458      98.66          6  0.000e+00
    102.295    101.354     6.4043  34.046105     6.3897  34.089820    6.88517    7.15802    34.1768    34.2403     2.8114     3.1762     2.0393    92.6727 2.3486e+03     117469   4894.500      98.66          6  0.000e+00
    102.295    101.354     6.4039  34.046311     6.3874  34.087630    6.88623    7.15912    34.1775    34.2401     2.8114     3.1762     2.0393    92.6727 2.3486e+03     117470   4894.542      98.66          6  0.000e+00
    102.295    101.354     6.4040  34.046105     6.3847  34.085374    6.88725    7.16016    34.1771    34.2403     2.8114     3.1762     2.0393    92.6727 2.3486e+03     117471   4894.583      98.66          6  0.000e+00
    102.235    101.294     6.4040  34.046414     6.3816  34.081548    6.89192    7.16109    34.1775    34.2392     2.8126     3.1762     2.0393    92.6463 2.3486e+03     117472   4894.625      98.66          6  0.000e+00
    102.295    101.354     6.4042  34.046345     6.3787  34.080470    6.88844    7.16211    34.1772    34.2409     2.8114     3.1762     2.0393    92.6200 2.3486e+03     117473   4894.667      98.66          6  0.000e+00
    102.195    101.255     6.4040  34.046104     6.3792  34.085145    6.88932    7.16302    34.1772    34.2456     2.8114     3.1762     2.0393    92.6200 2.3486e+03     117474   4894.708      98.66          6  0.000e+00
    102.242    101.301     6.4037  34.045211     6.3834  34.090540    6.89038    7.16409    34.1765    34.2475     2.8114     3.1762     2.0393    92.6200 2.3486e+03     117475   4894.750      98.66          6  0.000e+00
    102.235    101.294     6.4023  34.043184     6.3858  34.091848    6.89602    7.16528    34.1756    34.2465     2.8126     3.1762     2.0393    92.6463 2.3486e+03     117476   4894.792      98.66          6  0.000e+00
    102.195    101.255     6.3999  34.038409     6.3856  34.088937    6.89369    7.16671    34.1727    34.2434     2.8114     3.1762     2.0393    92.5936 2.3486e+03     117477   4894.833      98.66          6  0.000e+00
    102.195    101.255     6.3933  34.030063     6.3837  34.083117    6.89582    7.16891    34.1700    34.2388     2.8114     3.1762     2.0393    92.6200 2.3486e+03     117478   4894.875      98.66          6  0.000e+00
    102.195    101.255     6.3855  34.023744     6.3774  34.075565    6.89728    7.17049    34.1708    34.2368     2.8114     3.1762     2.0393    92.6463 2.3466e+03     117479   4894.917      98.66          6  0.000e+00
    102.142    101.202     6.3795  34.020310     6.3688  34.067655    6.90792    7.17224    34.1731    34.2366     2.8138     3.1762     1.9954    92.6991 2.3486e+03     117480   4894.958      98.66          6  0.000e+00
    102.135    101.196     6.3760  34.018765     6.3625  34.062883    6.90620    7.17355    34.1749    34.2376     2.8126     3.1762     1.9075    92.7254 2.3486e+03     117481   4895.000      98.66          6  0.000e+00
    102.142    101.202     6.3742  34.019658     6.3597  34.063177    6.90713    7.17383    34.1776    34.2407     2.8126     3.1762     1.8708    92.8045 2.3486e+03     117482   4895.042      98.66          6  0.000e+00
