Ship_data/Southern/Southern_Ocean-02_NBP-15-11_2015-12-07/CTD NBP1511/process/nbp1511_014.ros
* Sea-Bird SBE 9 Data File:
* FileName = D:\Data\raw\NBP1511_014.hdr
* Software Version Seasave V 7.21e
* Temperature SN = 5730
* Conductivity SN = 1143
* Number of Bytes Per Scan = 40
* Number of Voltage Words = 5
* Number of Scans Averaged by the Deck Unit = 1
* NMEA Latitude = 54 20.09 S
* NMEA Longitude = 089 20.72 W
* NMEA UTC (Time) = Dec 24 2015  16:48:18
* NMEA baud rate = 9600
** Ship: RVIB N.B. Palmer
** Cruise: NBP1511
** Station: SUMO-1
** Operator: S. Blackman
# nquan = 20
# nvalues = 588                                   
# units = specified
# name 0 = prDM: Pressure, Digiquartz [db]
# name 1 = depSM: Depth [salt water, m]
# name 2 = t090C: Temperature [ITS-90, deg C]
# name 3 = c0mS/cm: Conductivity [mS/cm]
# name 4 = t190C: Temperature, 2 [ITS-90, deg C]
# name 5 = c1mS/cm: Conductivity, 2 [mS/cm]
# name 6 = sbeox0ML/L: Oxygen, SBE 43 [ml/l]
# name 7 = sbeox1ML/L: Oxygen, SBE 43, 2 [ml/l]
# name 8 = sal00: Salinity, Practical [PSU]
# name 9 = sal11: Salinity, Practical, 2 [PSU]
# name 10 = sbeox0V: Oxygen raw, SBE 43 [V]
# name 11 = sbeox1V: Oxygen raw, SBE 43, 2 [V]
# name 12 = flECO-AFL: Fluorescence, WET Labs ECO-AFL/FL [mg/m^3]
# name 13 = CStarTr0: Beam Transmission, WET Labs C-Star [%]
# name 14 = spar: SPAR/Surface Irradiance
# name 15 = scan: Scan Count
# name 16 = timeS: Time, Elapsed [seconds]
# name 17 = altM: Altimeter [m]
# name 18 = nbf: Bottles Fired
# name 19 = flag:  0.000e+00
# interval = seconds: 0.0416667
# start_time = Dec 24 2015 16:48:18 [NMEA time, header]
# bad_flag = -9.990e-29
*END*
[from data line 145]
    506.924    501.768     5.2125  33.164963     5.2130  33.221428    6.56585    6.77326    34.1820    34.2462     2.5405     2.8590    -0.0266    95.2564 1.7329e+03     104000   4333.292      98.66          3  0.000e+00
    506.924    501.768     5.2128  33.164963     5.2126  33.221169    6.56520    6.77307    34.1818    34.2463     2.5405     2.8590    -0.0266    95.2300 1.7329e+03     104001   4333.333      98.66          3  0.000e+00
    252.476    250.062     5.4381  33.255074     5.4384  33.312242    6.70578    6.94794    34.1842    34.2492     2.6602     2.9982    -0.0193    95.1773 2.5079e+03     111280   4636.625      98.66          4  0.000e+00
    252.429    250.016     5.4381  33.254938     5.4386  33.312177    6.71025    6.94793    34.1841    34.2489     2.6614     2.9982    -0.0193    95.1773 2.5079e+03     111281   4636.667      98.66          4  0.000e+00
    252.429    250.016     5.4382  33.255414     5.4381  33.311789    6.70611    6.94789    34.1845    34.2490     2.6602     2.9982    -0.0193    95.2036 2.5079e+03     111282   4636.708      98.66          4  0.000e+00
    252.383    249.969     5.4379  33.255074     5.4384  33.311950    6.70983    6.94787    34.1844    34.2489     2.6614     2.9982    -0.0193    95.1773 2.5079e+03     111283   4636.750      98.66          4  0.000e+00
    252.430    250.016     5.4381  33.254394     5.4380  33.311950    6.70577    6.94787    34.1835    34.2493     2.6602     2.9982    -0.0193    95.1509 2.5059e+03     111284   4636.792      98.66          4  0.000e+00
    252.383    249.969     5.4381  33.254938     5.4381  33.311918    6.71024    6.94771    34.1841    34.2492     2.6614     2.9982    -0.0193    95.1773 2.5059e+03     111285   4636.833      98.66          4  0.000e+00
    252.329    249.917     5.4379  33.255176     5.4382  33.311918    6.70530    6.94755    34.1846    34.2491     2.6602     2.9982    -0.0193    95.1509 2.5059e+03     111286   4636.875      98.66          4  0.000e+00
    252.383    249.970     5.4383  33.254870     5.4381  33.312015    6.70903    6.94741    34.1838    34.2492     2.6614     2.9982    -0.0193    95.1773 2.5059e+03     111287   4636.917      98.66          4  0.000e+00
    252.329    249.917     5.4379  33.255074     5.4385  33.311950    6.70409    6.94723    34.1845    34.2488     2.6602     2.9982    -0.0193    95.1773 2.5059e+03     111288   4636.958      98.66          4  0.000e+00
    252.329    249.917     5.4381  33.254870     5.4384  33.312112    6.70388    6.95142    34.1841    34.2491     2.6602     2.9994    -0.0193    95.2036 2.5059e+03     111289   4637.000      98.66          4  0.000e+00
    252.203    249.791     5.4382  33.255073     5.4378  33.311788    6.70276    6.94730    34.1842    34.2494     2.6602     2.9982    -0.0193    95.1773 2.5059e+03     111290   4637.042      98.66          4  0.000e+00
    252.430    250.016     5.4380  33.255074     5.4382  33.312047    6.70282    6.94726    34.1844    34.2492     2.6602     2.9982    -0.0193    95.1773 2.5059e+03     111291   4637.083      98.66          4  0.000e+00
    252.283    249.870     5.4381  33.255141     5.4379  33.312079    6.70725    6.94678    34.1844    34.2496     2.6614     2.9982    -0.0193    95.1773 2.5059e+03     111292   4637.125      98.66          4  0.000e+00
    252.229    249.818     5.4379  33.255277     5.4381  33.311950    6.70787    6.95153    34.1847    34.2493     2.6614     2.9994    -0.0193    95.1773 2.5059e+03     111293   4637.167      98.66          4  0.000e+00
    252.330    249.917     5.4379  33.255413     5.4382  33.311724    6.70860    6.94826    34.1848    34.2488     2.6614     2.9982    -0.0193    95.2036 2.5059e+03     111294   4637.208      98.66          4  0.000e+00
    252.229    249.818     5.4379  33.254835     5.4382  33.311658    6.70368    6.94855    34.1842    34.2488     2.6602     2.9982    -0.0193    95.1773 2.5059e+03     111295   4637.250      98.66          4  0.000e+00
    252.229    249.818     5.4382  33.255141     5.4381  33.311367    6.70350    6.94812    34.1843    34.2486     2.6602     2.9982    -0.0193    95.2036 2.5059e+03     111296   4637.292      98.66          4  0.000e+00
    252.283    249.871     5.4381  33.254801     5.4379  33.311562    6.70348    6.94779    34.1840    34.2490     2.6602     2.9982    -0.0193    95.1773 2.5039e+03     111297   4637.333      98.66          4  0.000e+00
    252.183    249.771     5.4377  33.254767     5.4377  33.311658    6.70337    6.94731    34.1844    34.2493     2.6602     2.9982    -0.0193    95.2036 2.5039e+03     111298   4637.375      98.66          4  0.000e+00
    252.230    249.818     5.4381  33.254869     5.4381  33.311464    6.70803    6.94683    34.1841    34.2487     2.6614     2.9982    -0.0193    95.2036 2.5039e+03     111299   4637.417      98.66          4  0.000e+00
    252.230    249.818     5.4378  33.254393     5.4374  33.311594    6.70332    6.94639    34.1838    34.2496     2.6602     2.9982    -0.0193    95.2036 2.5039e+03     111300   4637.458      98.66          4  0.000e+00
    252.203    249.791     5.4376  33.254563     5.4379  33.311367    6.70246    6.95027    34.1843    34.2488     2.6602     2.9994    -0.0266    95.1773 2.5039e+03     111301   4637.500      98.66          4  0.000e+00
    252.230    249.818     5.4379  33.254767     5.4376  33.311561    6.70240    6.94668    34.1842    34.2493     2.6602     2.9982    -0.0266    95.1773 2.5039e+03     111302   4637.542      98.66          4  0.000e+00
    252.183    249.772     5.4379  33.254869     5.4377  33.311464    6.70317    6.94604    34.1843    34.2491     2.6602     2.9982    -0.0266    95.2036 2.5039e+03     111303   4637.583      98.66          4  0.000e+00
    252.183    249.772     5.4376  33.254393     5.4379  33.311788    6.70718    6.94183    34.1841    34.2493     2.6614     2.9970    -0.0266    95.2036 2.5039e+03     111304   4637.625      98.66          4  0.000e+00
    252.136    249.725     5.4375  33.254359     5.4378  33.311432    6.70715    6.94564    34.1842    34.2490     2.6614     2.9982    -0.0266    95.1773 2.5039e+03     111305   4637.667      98.66          4  0.000e+00
    252.230    249.818     5.4374  33.254393     5.4377  33.311756    6.70803    6.94515    34.1842    34.2494     2.6614     2.9982    -0.0266    95.1773 2.5039e+03     111306   4637.708      98.66          4  0.000e+00
    252.136    249.725     5.4376  33.254699     5.4379  33.311723    6.70788    6.94515    34.1845    34.2493     2.6614     2.9982    -0.0266    95.1509 2.5039e+03     111307   4637.750      98.66          4  0.000e+00
    252.183    249.772     5.4376  33.254869     5.4378  33.311658    6.70784    6.94530    34.1847    34.2493     2.6614     2.9982    -0.0266    95.1509 2.5039e+03     111308   4637.792      98.66          4  0.000e+00
    252.183    249.772     5.4374  33.254393     5.4377  33.311173    6.70779    6.94547    34.1843    34.2488     2.6614     2.9982    -0.0266    95.1509 2.5039e+03     111309   4637.833      98.66          4  0.000e+00
    252.136    249.726     5.4376  33.254563     5.4379  33.311302    6.70923    6.94550    34.1843    34.2488     2.6614     2.9982    -0.0266    95.1773 2.5020e+03     111310   4637.875      98.66          4  0.000e+00
    252.183    249.772     5.4374  33.254767     5.4373  33.311594    6.71000    6.94494    34.1847    34.2497     2.6614     2.9982    -0.0266    95.1773 2.5039e+03     111311   4637.917      98.66          4  0.000e+00
    252.150    249.739     5.4376  33.254495     5.4376  33.311464    6.70987    6.94426    34.1843    34.2493     2.6614     2.9982    -0.0266    95.1773 2.5020e+03     111312   4637.958      98.66          4  0.000e+00
    252.136    249.726     5.4376  33.254087     5.4381  33.311399    6.70587    6.94800    34.1838    34.2487     2.6602     2.9994    -0.0266    95.1509 2.5020e+03     111313   4638.000      98.66          4  0.000e+00
    252.136    249.726     5.4374  33.254495     5.4371  33.311497    6.70968    6.94430    34.1845    34.2498     2.6614     2.9982    -0.0266    95.1509 2.5020e+03     111314   4638.042      98.66          4  0.000e+00
    252.183    249.772     5.4376  33.254359     5.4379  33.311432    6.71039    6.94359    34.1841    34.2489     2.6614     2.9982    -0.0266    95.1509 2.5020e+03     111315   4638.083      98.66          4  0.000e+00
    252.183    249.772     5.4376  33.253951     5.4382  33.311399    6.71110    6.94359    34.1836    34.2485     2.6614     2.9982    -0.0266    95.1773 2.5020e+03     111316   4638.125      98.66          4  0.000e+00
    252.083    249.673     5.4376  33.254631     5.4378  33.311593    6.70697    6.94343    34.1844    34.2492     2.6602     2.9982    -0.0266    95.1509 2.5020e+03     111317   4638.167      98.66          4  0.000e+00
    252.183    249.772     5.4375  33.254801     5.4377  33.311561    6.71169    6.94349    34.1846    34.2492     2.6614     2.9982    -0.0266    95.1773 2.5020e+03     111318   4638.208      98.66          4  0.000e+00
    252.183    249.772     5.4376  33.254699     5.4382  33.311626    6.70689    6.94786    34.1845    34.2488     2.6602     2.9994    -0.0266    95.1773 2.5020e+03     111319   4638.250      98.66          4  0.000e+00
    252.136    249.726     5.4374  33.254563     5.4380  33.311270    6.71151    6.94408    34.1845    34.2487     2.6614     2.9982    -0.0266    95.2036 2.5020e+03     111320   4638.292      98.66          4  0.000e+00
    252.183    249.772     5.4374  33.254427     5.4382  33.311529    6.71146    6.94334    34.1843    34.2487     2.6614     2.9982    -0.0266    95.1773 2.5020e+03     111321   4638.333      98.66          4  0.000e+00
    252.056    249.646     5.4376  33.254699     5.4382  33.311367    6.71200    6.94678    34.1845    34.2486     2.6614     2.9994    -0.0266    95.1773 2.5020e+03     111322   4638.375      98.66          4  0.000e+00
    252.283    249.871     5.4375  33.254496     5.4386  33.311756    6.71291    6.94756    34.1842    34.2485     2.6614     2.9994    -0.0266    95.1773 2.5020e+03     111323   4638.417      98.66          4  0.000e+00
    252.183    249.772     5.4374  33.254291     5.4381  33.311723    6.70883    6.94361    34.1842    34.2491     2.6602     2.9982    -0.0266    95.1509 2.5020e+03     111324   4638.458      98.66          4  0.000e+00
    252.183    249.772     5.4377  33.254733     5.4379  33.311464    6.71258    6.94337    34.1844    34.2490     2.6614     2.9982    -0.0266    95.1773 2.5020e+03     111325   4638.500      98.66          4  0.000e+00
    252.183    249.772     5.4374  33.254495     5.4384  33.311594    6.71332    6.94325    34.1844    34.2486     2.6614     2.9982    -0.0266    95.1773 2.5020e+03     111326   4638.542      98.66          4  0.000e+00
    252.230    249.818     5.4375  33.254699     5.4382  33.311756    6.71403    6.94309    34.1845    34.2489     2.6614     2.9982    -0.0266    95.2036 2.5020e+03     111327   4638.583      98.66          4  0.000e+00
    252.230    249.818     5.4376  33.254869     5.4382  33.311885    6.71388    6.94731    34.1846    34.2491     2.6614     2.9994    -0.0266    95.1773 2.5020e+03     111328   4638.625      98.66          4  0.000e+00
    132.113    130.888     5.7420  33.483954     5.7449  33.541864    6.76533    7.01981    34.1973    34.2601     2.7288     3.0789     0.0540    95.0191 2.3682e+03     115555   4814.750      98.66          5  0.000e+00
    132.160    130.934     5.7411  33.483340     5.7444  33.542124    6.76672    7.02423    34.1975    34.2609     2.7288     3.0802     0.0540    95.0191 2.3682e+03     115556   4814.792      98.66          5  0.000e+00
    132.113    130.888     5.7411  33.483170     5.7446  33.542286    6.76715    7.02477    34.1973    34.2609     2.7288     3.0802     0.0540    95.0191 2.3702e+03     115557   4814.833      98.66          5  0.000e+00
    132.160    130.934     5.7409  33.483170     5.7446  33.542481    6.76768    7.02539    34.1975    34.2611     2.7288     3.0802     0.0540    95.0191 2.3682e+03     115558   4814.875      98.66          5  0.000e+00
    132.140    130.914     5.7409  33.483374     5.7445  33.542351    6.76356    7.02589    34.1978    34.2610     2.7276     3.0802     0.0613    95.0191 2.3682e+03     115559   4814.917      98.66          5  0.000e+00
    132.160    130.934     5.7408  33.483238     5.7441  33.541670    6.76714    7.02642    34.1978    34.2607     2.7288     3.0802     0.0759    95.0191 2.3682e+03     115560   4814.958      98.66          5  0.000e+00
    132.160    130.934     5.7409  33.482556     5.7426  33.540891    6.76684    7.02263    34.1968    34.2613     2.7288     3.0789     0.0759    95.0191 2.3682e+03     115561   4815.000      98.66          5  0.000e+00
    132.160    130.934     5.7405  33.482590     5.7410  33.539917    6.76733    7.02250    34.1973    34.2618     2.7288     3.0789     0.0759    95.0191 2.3702e+03     115562   4815.042      98.66          5  0.000e+00
    132.206    130.980     5.7405  33.483034     5.7402  33.538684    6.76322    7.02660    34.1978    34.2612     2.7276     3.0802     0.0759    95.0191 2.3702e+03     115563   4815.083      98.66          5  0.000e+00
    132.160    130.934     5.7407  33.482761     5.7386  33.537775    6.76744    7.02698    34.1973    34.2618     2.7288     3.0802     0.0759    95.0191 2.3702e+03     115564   4815.125      98.66          5  0.000e+00
    132.160    130.934     5.7409  33.482454     5.7370  33.536380    6.77246    7.02738    34.1967    34.2619     2.7300     3.0802     0.0759    95.0191 2.3702e+03     115565   4815.167      98.66          5  0.000e+00
    132.160    130.934     5.7409  33.482385     5.7355  33.534627    6.76830    7.02776    34.1966    34.2614     2.7288     3.0802     0.0759    94.9927 2.3702e+03     115566   4815.208      98.66          5  0.000e+00
    132.160    130.934     5.7398  33.481226     5.7344  33.533978    6.76813    7.02833    34.1964    34.2618     2.7288     3.0802     0.0759    95.0191 2.3702e+03     115567   4815.250      98.66          5  0.000e+00
    132.160    130.934     5.7385  33.480033     5.7336  33.534108    6.76871    7.02462    34.1964    34.2627     2.7288     3.0789     0.0759    95.0191 2.3702e+03     115568   4815.292      98.66          5  0.000e+00
    132.113    130.888     5.7376  33.479385     5.7331  33.534563    6.76463    7.02869    34.1966    34.2638     2.7276     3.0802     0.0759    94.9927 2.3702e+03     115569   4815.333      98.66          5  0.000e+00
    132.160    130.934     5.7371  33.479454     5.7339  33.534692    6.76895    7.02482    34.1972    34.2631     2.7288     3.0789     0.0759    95.0454 2.3702e+03     115570   4815.375      98.66          5  0.000e+00
    132.113    130.888     5.7363  33.479522     5.7334  33.534303    6.76940    7.02452    34.1981    34.2631     2.7288     3.0789     0.0759    95.0191 2.3702e+03     115571   4815.417      98.66          5  0.000e+00
    132.160    130.934     5.7362  33.478908     5.7324  33.532810    6.77445    7.02854    34.1975    34.2624     2.7300     3.0802     0.0759    95.0191 2.3702e+03     115572   4815.458      98.66          5  0.000e+00
    132.113    130.888     5.7354  33.478533     5.7307  33.531382    6.77031    7.02462    34.1979    34.2626     2.7288     3.0789     0.0759    94.9927 2.3702e+03     115573   4815.500      98.66          5  0.000e+00
    132.113    130.888     5.7352  33.478260     5.7308  33.530798    6.77068    7.02427    34.1978    34.2618     2.7288     3.0789     0.0759    95.0191 2.3702e+03     115574   4815.542      98.66          5  0.000e+00
    132.113    130.888     5.7349  33.478226     5.7302  33.531155    6.77106    7.02821    34.1981    34.2629     2.7288     3.0802     0.0759    94.9927 2.3702e+03     115575   4815.583      98.66          5  0.000e+00
