Ship_data/Southern/Southern_Ocean-02_NBP-15-11_2015-12-07/CTD NBP1511/process/nbp1511_016.ros
* Sea-Bird SBE 9 Data File:
* FileName = D:\Data\raw\NBP1511_016.hdr
* Software Version Seasave V 7.21e
* Temperature SN = 5730
* Conductivity SN = 1143
* Number of Bytes Per Scan = 40
* Number of Voltage Words = 5
* Number of Scans Averaged by the Deck Unit = 1
* NMEA Latitude = 54 19.99 S
* NMEA Longitude = 089 12.77 W
* NMEA UTC (Time) = Dec 28 2015  11:28:01
* NMEA baud rate = 9600
** Ship: RVIB N.B. Palmer
** Cruise: NBP1511
** Station: SUMO-2
** Operator: S. Blackman
# nquan = 20
# nvalues = 1176                                  
# units = specified
# name 0 = prDM: Pressure, Digiquartz [db]
# name 1 = depSM: Depth [salt water, m]
# name 2 = t090C: Temperature [ITS-90, deg C]
# name 3 = c0mS/cm: Conductivity [mS/cm]
# name 4 = t190C: Temperature, 2 [ITS-90, deg C]
# name 5 = c1mS/cm: Conductivity, 2 [mS/cm]
# name 6 = sbeox0ML/L: Oxygen, SBE 43 [ml/l]
# name 7 = sbeox1ML/L: Oxygen, SBE 43, 2 [ml/l]
# name 8 = sal00: Salinity, Practical [PSU]
# name 9 = sal11: Salinity, Practical, 2 [PSU]
# name 10 = sbeox0V: Oxygen raw, SBE 43 [V]
# name 11 = sbeox1V: Oxygen raw, SBE 43, 2 [V]
# name 12 = flECO-AFL: Fluorescence, WET Labs ECO-AFL/FL [mg/m^3]
# name 13 = CStarTr0: Beam Transmission, WET Labs C-Star [%]
# name 14 = spar: SPAR/Surface Irradiance
# name 15 = scan: Scan Count
# name 16 = timeS: Time, Elapsed [seconds]
# name 17 = altM: Altimeter [m]
# name 18 = nbf: Bottles Fired
# name 19 = flag:  0.000e+00
# interval = seconds: 0.0416667
# start_time = Dec 28 2015 11:28:01 [NMEA time, header]
# bad_flag = -9.990e-29
*END*
[from data line 580]
    354.030    350.558     5.2191  33.097759     5.2196  33.213249    6.74853    6.96331    34.1755    34.3075     2.6343     2.9637    -0.0120    95.1245 4.7994e+02     118055   4918.917      98.66         12  0.000e+00
    353.989    350.519     5.2193  33.098336     5.2196  33.213314    6.74930    6.95938    34.1760    34.3076     2.6343     2.9625    -0.0120    95.1509 4.7994e+02     118056   4918.958      98.63         12  0.000e+00
    354.030    350.558     5.2194  33.098302     5.2195  33.213185    6.74937    6.95938    34.1759    34.3076     2.6343     2.9625    -0.0120    95.1245 4.7994e+02     118057   4919.000      98.63         12  0.000e+00
    353.983    350.512     5.2191  33.098641     5.2190  33.213249    6.74937    6.95935    34.1766    34.3081     2.6343     2.9625    -0.0120    95.1245 4.7994e+02     118058   4919.042      98.66         12  0.000e+00
    354.036    350.565     5.2194  33.098370     5.2196  33.213314    6.75426    6.95942    34.1760    34.3076     2.6355     2.9625    -0.0120    95.1245 4.7994e+02     118059   4919.083      98.66         12  0.000e+00
    354.030    350.559     5.2191  33.098268     5.2198  33.213379    6.74943    6.95950    34.1761    34.3075     2.6343     2.9625    -0.0120    95.1245 4.7994e+02     118060   4919.125      98.66         12  0.000e+00
    354.036    350.565     5.2191  33.098641     5.2195  33.213508    6.74852    6.95881    34.1765    34.3079     2.6343     2.9625    -0.0120    95.1245 4.7994e+02     118061   4919.167      98.66         12  0.000e+00
    354.030    350.559     5.2194  33.097963     5.2198  33.213572    6.74845    6.95891    34.1755    34.3077     2.6343     2.9625    -0.0120    95.1245 4.7994e+02     118062   4919.208      98.66         12  0.000e+00
    302.103    299.178     5.2058  33.055446     5.2122  33.174350    6.62821    6.85417    34.1671    34.2969     2.6106     2.9388    -0.0266    95.1245 4.4453e+02     120318   5013.208      98.66         13  0.000e+00
    302.103    299.178     5.2076  33.057378     5.2120  33.174769    6.62816    6.85382    34.1674    34.2976     2.6106     2.9388    -0.0266    95.0982 4.4453e+02     120319   5013.250      98.66         13  0.000e+00
    302.056    299.132     5.2086  33.057886     5.2127  33.175254    6.62823    6.84910    34.1670    34.2975     2.6106     2.9376    -0.0266    95.1245 4.4453e+02     120320   5013.292      98.66         13  0.000e+00
    302.103    299.178     5.2096  33.057751     5.2132  33.175771    6.62843    6.85274    34.1658    34.2976     2.6106     2.9388    -0.0266    95.0982 4.4453e+02     120321   5013.333      98.66         13  0.000e+00
    302.003    299.079     5.2099  33.057445     5.2141  33.177643    6.62860    6.85256    34.1652    34.2988     2.6106     2.9388    -0.0266    95.0982 4.4453e+02     120322   5013.375      98.66         13  0.000e+00
    302.003    299.079     5.2090  33.056055     5.2159  33.179000    6.62904    6.85266    34.1645    34.2985     2.6106     2.9388    -0.0266    95.0718 4.4453e+02     120323   5013.417      98.66         13  0.000e+00
    302.003    299.079     5.2085  33.055377     5.2169  33.180615    6.62942    6.84818    34.1643    34.2994     2.6106     2.9376    -0.0266    95.0718 4.4453e+02     120324   5013.458      98.66         13  0.000e+00
    301.956    299.033     5.2081  33.055886     5.2190  33.182811    6.62967    6.85179    34.1653    34.2998     2.6106     2.9388    -0.0266    95.0718 4.4453e+02     120325   5013.500      98.66         13  0.000e+00
    301.956    299.033     5.2086  33.057513     5.2214  33.184943    6.62894    6.84700    34.1666    34.2998     2.6106     2.9376    -0.0266    95.1245 4.4453e+02     120326   5013.542      98.66         13  0.000e+00
    301.956    299.033     5.2092  33.057886     5.2235  33.187010    6.63387    6.85051    34.1665    34.3000     2.6118     2.9388    -0.0266    95.0982 4.4453e+02     120327   5013.583      98.66         13  0.000e+00
    301.909    298.987     5.2094  33.057750     5.2251  33.188237    6.63004    6.85026    34.1661    34.2998     2.6106     2.9388    -0.0266    95.0982 4.4453e+02     120328   5013.625      98.66         13  0.000e+00
    301.909    298.987     5.2085  33.056496     5.2257  33.188528    6.63042    6.84576    34.1656    34.2995     2.6106     2.9376    -0.0266    95.1245 4.4453e+02     120329   5013.667      98.66         13  0.000e+00
    301.903    298.980     5.2083  33.056631     5.2272  33.189335    6.62979    6.85007    34.1659    34.2989     2.6106     2.9388    -0.0266    95.0982 4.4453e+02     120330   5013.708      98.66         13  0.000e+00
    301.856    298.934     5.2093  33.058055     5.2278  33.189981    6.63450    6.84960    34.1666    34.2991     2.6118     2.9388    -0.0266    95.0982 4.4453e+02     120331   5013.750      98.66         13  0.000e+00
    301.856    298.934     5.2113  33.059953     5.2281  33.190110    6.63033    6.84451    34.1667    34.2989     2.6106     2.9376    -0.0266    95.0982 4.4453e+02     120332   5013.792      98.66         13  0.000e+00
    301.809    298.888     5.2126  33.060835     5.2288  33.190498    6.63022    6.84328    34.1664    34.2987     2.6106     2.9376    -0.0266    95.0982 4.4453e+02     120333   5013.833      98.66         13  0.000e+00
    301.809    298.888     5.2127  33.060462     5.2286  33.190530    6.63036    6.84755    34.1659    34.2989     2.6106     2.9388    -0.0266    95.0982 4.4453e+02     120334   5013.875      98.66         13  0.000e+00
    301.809    298.888     5.2122  33.059614     5.2283  33.190207    6.63060    6.85266    34.1655    34.2988     2.6106     2.9400    -0.0339    95.0718 4.4453e+02     120335   5013.917      98.66         13  0.000e+00
    301.809    298.888     5.2116  33.058495     5.2285  33.189916    6.63171    6.84877    34.1647    34.2983     2.6106     2.9388    -0.0339    95.0982 4.4453e+02     120336   5013.958      98.66         13  0.000e+00
    301.756    298.835     5.2108  33.058529     5.2283  33.189270    6.63194    6.84405    34.1657    34.2978     2.6106     2.9376    -0.0339    95.1245 4.4453e+02     120337   5014.000      98.66         13  0.000e+00
    301.803    298.881     5.2106  33.058665     5.2280  33.189464    6.63694    6.84831    34.1660    34.2983     2.6118     2.9388    -0.0339    95.1245 4.4453e+02     120338   5014.042      98.66         13  0.000e+00
    301.756    298.835     5.2110  33.058733     5.2280  33.189205    6.63217    6.84867    34.1657    34.2980     2.6106     2.9388    -0.0339    95.0982 4.4453e+02     120339   5014.083      98.66         13  0.000e+00
    301.709    298.789     5.2109  33.059444     5.2278  33.188624    6.63136    6.84905    34.1666    34.2976     2.6106     2.9388    -0.0339    95.0982 4.4453e+02     120340   5014.125      98.66         13  0.000e+00
    301.709    298.789     5.2112  33.060122     5.2272  33.188915    6.63529    6.84943    34.1671    34.2986     2.6118     2.9388    -0.0339    95.0982 4.4453e+02     120341   5014.167      98.66         13  0.000e+00
    301.756    298.835     5.2120  33.060801     5.2270  33.188495    6.63122    6.84978    34.1670    34.2982     2.6106     2.9388    -0.0339    95.0982 4.4453e+02     120342   5014.208      98.66         13  0.000e+00
    301.709    298.789     5.2122  33.061173     5.2276  33.188494    6.63114    6.84938    34.1672    34.2976     2.6106     2.9388    -0.0339    95.1245 4.4453e+02     120343   5014.250      98.66         13  0.000e+00
    301.709    298.789     5.2126  33.061105     5.2272  33.188753    6.63109    6.84900    34.1668    34.2984     2.6106     2.9388    -0.0339    95.0718 4.4453e+02     120344   5014.292      98.66         13  0.000e+00
    301.656    298.736     5.2129  33.061749     5.2273  33.188624    6.63098    6.84852    34.1673    34.2981     2.6106     2.9388    -0.0339    95.0982 4.4453e+02     120345   5014.333      98.66         13  0.000e+00
    301.710    298.789     5.2130  33.061987     5.2267  33.188365    6.63578    6.84815    34.1674    34.2984     2.6118     2.9388    -0.0339    95.1245 4.4453e+02     120346   5014.375      98.66         13  0.000e+00
    301.663    298.743     5.2135  33.062258     5.2267  33.188430    6.63644    6.85208    34.1672    34.2985     2.6118     2.9400    -0.0339    95.0982 4.4453e+02     120347   5014.417      98.66         13  0.000e+00
    301.710    298.789     5.2143  33.063445     5.2265  33.188139    6.63707    6.85295    34.1678    34.2983     2.6118     2.9400    -0.0339    95.0982 4.4453e+02     120348   5014.458      98.66         13  0.000e+00
    301.663    298.743     5.2151  33.064258     5.2264  33.188042    6.63283    6.84924    34.1679    34.2984     2.6106     2.9388    -0.0339    95.0982 4.4453e+02     120349   5014.500      98.66         13  0.000e+00
    301.663    298.743     5.2160  33.063953     5.2265  33.187848    6.63178    6.84938    34.1666    34.2980     2.6106     2.9388    -0.0339    95.1245 4.4453e+02     120350   5014.542      98.66         13  0.000e+00
    301.663    298.743     5.2162  33.063614     5.2259  33.187590    6.63641    6.85408    34.1660    34.2984     2.6118     2.9400    -0.0339    95.0982 4.4453e+02     120351   5014.583      98.66         13  0.000e+00
    301.663    298.743     5.2165  33.064190     5.2256  33.187332    6.63699    6.85047    34.1664    34.2984     2.6118     2.9388    -0.0339    95.1245 4.4453e+02     120352   5014.625      98.66         13  0.000e+00
    301.656    298.736     5.2173  33.064733     5.2254  33.186686    6.63269    6.85427    34.1662    34.2978     2.6106     2.9400    -0.0339    95.1245 4.4453e+02     120353   5014.667      98.66         13  0.000e+00
    301.663    298.743     5.2176  33.064631     5.2244  33.186233    6.63246    6.85511    34.1658    34.2983     2.6106     2.9400    -0.0339    95.0982 4.4453e+02     120354   5014.708      98.66         13  0.000e+00
    301.663    298.743     5.2169  33.064054     5.2240  33.185620    6.63237    6.85608    34.1658    34.2981     2.6106     2.9400    -0.0339    95.0982 4.4453e+02     120355   5014.750      98.66         13  0.000e+00
    301.663    298.743     5.2170  33.064224     5.2235  33.185264    6.63215    6.85612    34.1659    34.2982     2.6106     2.9400    -0.0339    95.0982 4.4453e+02     120356   5014.792      98.66         13  0.000e+00
    301.663    298.743     5.2169  33.064326     5.2230  33.185200    6.63587    6.85688    34.1661    34.2986     2.6118     2.9400    -0.0339    95.1245 4.4453e+02     120357   5014.833      98.66         13  0.000e+00
    301.663    298.743     5.2163  33.063817     5.2228  33.184812    6.63089    6.85247    34.1661    34.2983     2.6106     2.9388    -0.0339    95.0982 4.4453e+02     120358   5014.875      98.66         13  0.000e+00
    301.663    298.743     5.2161  33.063173     5.2230  33.184102    6.63064    6.85698    34.1656    34.2973     2.6106     2.9400    -0.0339    95.0982 4.4453e+02     120359   5014.917      98.66         13  0.000e+00
    301.710    298.790     5.2155  33.062936     5.2225  33.183520    6.63609    6.85330    34.1659    34.2971     2.6118     2.9388    -0.0339    95.1245 4.4453e+02     120360   5014.958      98.66         13  0.000e+00
    301.657    298.737     5.2153  33.062020     5.2211  33.181001    6.63662    6.85775    34.1651    34.2958     2.6118     2.9400    -0.0339    95.0982 4.4453e+02     120361   5015.000      98.66         13  0.000e+00
    301.663    298.743     5.2145  33.061749     5.2172  33.178902    6.63722    6.85852    34.1657    34.2973     2.6118     2.9400    -0.0339    95.0982 4.4257e+02     120362   5015.042      98.66         13  0.000e+00
    301.663    298.743     5.2139  33.061614     5.2156  33.177319    6.63296    6.85845    34.1661    34.2971     2.6106     2.9400    -0.0339    95.1245 4.4257e+02     120363   5015.083      98.66         13  0.000e+00
    301.710    298.790     5.2141  33.061885     5.2140  33.175575    6.63174    6.85899    34.1661    34.2967     2.6106     2.9400    -0.0339    95.0982 4.4257e+02     120364   5015.125      98.66         13  0.000e+00
    301.710    298.790     5.2146  33.062394     5.2130  33.174154    6.63518    6.85942    34.1663    34.2961     2.6118     2.9400    -0.0339    95.0982 4.4453e+02     120365   5015.167      98.66         13  0.000e+00
    301.757    298.836     5.2149  33.062970     5.2116  33.173057    6.63071    6.85986    34.1665    34.2963     2.6106     2.9400    -0.0339    95.1245 4.4257e+02     120366   5015.208      98.66         13  0.000e+00
    253.512    251.087     5.4021  33.222727     5.4029  33.338788    6.63109    6.85665    34.1834    34.3151     2.6358     2.9701    -0.0266    95.1245 5.0551e+02     122810   5117.042      98.66         14  0.000e+00
    253.512    251.088     5.4017  33.222761     5.4028  33.338626    6.63203    6.85689    34.1839    34.3151     2.6358     2.9701    -0.0266    95.0982 5.0551e+02     122811   5117.083      98.66         14  0.000e+00
    253.566    251.140     5.4015  33.222659     5.4027  33.338238    6.63691    6.85272    34.1839    34.3148     2.6370     2.9688    -0.0193    95.0982 5.0551e+02     122812   5117.125      98.66         14  0.000e+00
    253.612    251.187     5.4013  33.222795     5.4018  33.338109    6.63394    6.85229    34.1842    34.3155     2.6358     2.9688    -0.0193    95.1245 5.0551e+02     122813   5117.167      98.66         14  0.000e+00
    253.612    251.187     5.4013  33.222048     5.4026  33.338108    6.63408    6.85700    34.1833    34.3146     2.6358     2.9701    -0.0193    95.0718 5.0551e+02     122814   5117.208      98.66         14  0.000e+00
    253.566    251.141     5.4007  33.222014     5.4020  33.337914    6.63421    6.85363    34.1840    34.3151     2.6358     2.9688    -0.0193    95.0982 5.0551e+02     122815   5117.250      98.66         14  0.000e+00
    253.613    251.187     5.4007  33.221912     5.4013  33.337461    6.62965    6.85403    34.1838    34.3152     2.6346     2.9688    -0.0193    95.0718 5.0551e+02     122816   5117.292      98.66         14  0.000e+00
    253.613    251.187     5.4004  33.221402     5.4012  33.336943    6.63376    6.85377    34.1835    34.3148     2.6358     2.9688    -0.0193    95.0982 5.0551e+02     122817   5117.333      98.66         14  0.000e+00
    253.659    251.233     5.4003  33.221471     5.4002  33.336620    6.63394    6.85354    34.1838    34.3154     2.6358     2.9688    -0.0193    95.0982 5.0551e+02     122818   5117.375      98.66         14  0.000e+00
    253.659    251.233     5.3999  33.221539     5.4007  33.336555    6.62941    6.85332    34.1842    34.3148     2.6346     2.9688    -0.0193    95.1245 5.0551e+02     122819   5117.417      98.66         14  0.000e+00
    253.566    251.141     5.3999  33.221164     5.4002  33.336328    6.62954    6.85301    34.1838    34.3151     2.6346     2.9688    -0.0193    95.0718 5.0551e+02     122820   5117.458      98.66         14  0.000e+00
    253.760    251.332     5.3999  33.221063     5.4001  33.336264    6.63386    6.85299    34.1836    34.3150     2.6358     2.9688    -0.0193    95.0982 5.0551e+02     122821   5117.500      98.66         14  0.000e+00
    253.659    251.233     5.3996  33.220825     5.3996  33.335908    6.63405    6.85278    34.1837    34.3152     2.6358     2.9688    -0.0193    95.0982 5.0551e+02     122822   5117.542      98.66         14  0.000e+00
    253.713    251.286     5.3993  33.220757     5.3997  33.335584    6.63437    6.85272    34.1839    34.3146     2.6358     2.9688    -0.0193    95.0982 5.0551e+02     122823   5117.583      98.66         14  0.000e+00
