Ship_data/Southern/Southern_Ocean-02_NBP-15-11_2015-12-07/CTD NBP1511/process/nbp1511_006.ros
* Sea-Bird SBE 9 Data File:
* FileName = D:\Data\raw\NBP1511_006.hdr
* Software Version Seasave V 7.21e
* Temperature SN = 5730
* Conductivity SN = 1143
* Number of Bytes Per Scan = 40
* Number of Voltage Words = 5
* Number of Scans Averaged by the Deck Unit = 1
* NMEA Latitude = 52 56.24 S
* NMEA Longitude = 088 57.39 W
* NMEA UTC (Time) = Dec 12 2015  16:25:05
* NMEA baud rate = 9600
** Ship: RVIB N.B. Palmer
** Cruise: NBP1511
** Station: 3-Rogue Glider from Southern Ocean 1
** Operator: B. Bjork
# nquan = 20
# nvalues = 784                                   
# units = specified
# name 0 = prDM: Pressure, Digiquartz [db]
# name 1 = depSM: Depth [salt water, m]
# name 2 = t090C: Temperature [ITS-90, deg C]
# name 3 = c0mS/cm: Conductivity [mS/cm]
# name 4 = t190C: Temperature, 2 [ITS-90, deg C]
# name 5 = c1mS/cm: Conductivity, 2 [mS/cm]
# name 6 = sbeox0ML/L: Oxygen, SBE 43 [ml/l]
# name 7 = sbeox1ML/L: Oxygen, SBE 43, 2 [ml/l]
# name 8 = sal00: Salinity, Practical [PSU]
# name 9 = sal11: Salinity, Practical, 2 [PSU]
# name 10 = sbeox0V: Oxygen raw, SBE 43 [V]
# name 11 = sbeox1V: Oxygen raw, SBE 43, 2 [V]
# name 12 = flECO-AFL: Fluorescence, WET Labs ECO-AFL/FL [mg/m^3]
# name 13 = CStarTr0: Beam Transmission, WET Labs C-Star [%]
# name 14 = spar: SPAR/Surface Irradiance
# name 15 = scan: Scan Count
# name 16 = timeS: Time, Elapsed [seconds]
# name 17 = altM: Altimeter [m]
# name 18 = nbf: Bottles Fired
# name 19 = flag:  0.000e+00
# interval = seconds: 0.0416667
# start_time = Dec 12 2015 16:25:05 [NMEA time, header]
# bad_flag = -9.990e-29
*END*
[from data line 145]
    810.384    801.658     4.1629  32.437096     4.1578  32.461711    4.99572    5.12962    34.2621    34.2963     1.9697     2.2288    -0.0193    95.5991 2.3092e+03      40865   1702.667      98.66          3  0.000e+00
    810.357    801.631     4.1643  32.438306     4.1582  32.462478    4.99673    5.12918    34.2621    34.2968     1.9697     2.2288    -0.0266    95.5991 2.3092e+03      40866   1702.708      98.66          3  0.000e+00
    808.368    799.667     4.1652  32.436754     4.1659  32.467301    4.99818    5.13742    34.2603    34.2954     1.9710     2.2313    -0.0266    95.6255 2.2699e+03      41023   1709.250      98.66          4  0.000e+00
    808.388    799.687     4.1658  32.437325     4.1658  32.467269    5.00300    5.13793    34.2604    34.2955     1.9722     2.2313    -0.0266    95.6255 2.2699e+03      41024   1709.292      98.66          4  0.000e+00
    808.368    799.667     4.1662  32.437695     4.1660  32.467621    4.99257    5.13747    34.2604    34.2958     1.9698     2.2313    -0.0266    95.5991 2.2699e+03      41025   1709.333      98.66          4  0.000e+00
    808.388    799.687     4.1671  32.437493     4.1659  32.467397    4.99626    5.13697    34.2592    34.2955     1.9710     2.2313    -0.0266    95.6255 2.2699e+03      41026   1709.375      98.66          4  0.000e+00
    808.368    799.667     4.1676  32.437863     4.1656  32.467621    4.99661    5.13643    34.2592    34.2961     1.9710     2.2313    -0.0266    95.6255 2.2679e+03      41027   1709.417      98.66          4  0.000e+00
    808.388    799.687     4.1675  32.437829     4.1655  32.467397    4.99708    5.13596    34.2593    34.2960     1.9710     2.2313    -0.0266    95.5991 2.2679e+03      41028   1709.458      98.66          4  0.000e+00
    808.341    799.641     4.1670  32.437896     4.1663  32.467812    4.99752    5.13134    34.2599    34.2957     1.9710     2.2300    -0.0266    95.6255 2.2679e+03      41029   1709.500      98.66          4  0.000e+00
    808.368    799.667     4.1671  32.437829     4.1661  32.467844    4.99796    5.13594    34.2596    34.2959     1.9710     2.2313    -0.0266    95.5991 2.2679e+03      41030   1709.542      98.66          4  0.000e+00
    808.388    799.687     4.1674  32.437695     4.1661  32.467940    4.99299    5.13640    34.2592    34.2960     1.9698     2.2313    -0.0266    95.6255 2.2679e+03      41031   1709.583      98.66          4  0.000e+00
    808.368    799.667     4.1678  32.438300     4.1666  32.468612    4.99775    5.13582    34.2595    34.2963     1.9710     2.2313    -0.0266    95.6255 2.2659e+03      41032   1709.625      98.66          4  0.000e+00
    808.341    799.641     4.1679  32.439106     4.1669  32.468580    4.99816    5.13618    34.2603    34.2959     1.9710     2.2313    -0.0266    95.5991 2.2659e+03      41033   1709.667      98.66          4  0.000e+00
    808.368    799.667     4.1682  32.438804     4.1672  32.468932    4.99864    5.13660    34.2596    34.2960     1.9710     2.2313    -0.0266    95.5991 2.2659e+03      41034   1709.708      98.66          4  0.000e+00
    808.388    799.687     4.1684  32.438568     4.1676  32.469028    4.99912    5.13607    34.2592    34.2958     1.9710     2.2313    -0.0266    95.5991 2.2659e+03      41035   1709.750      98.66          4  0.000e+00
    808.321    799.621     4.1691  32.438837     4.1675  32.469220    5.00487    5.13632    34.2588    34.2961     1.9722     2.2313    -0.0266    95.6255 2.2659e+03      41036   1709.792      98.66          4  0.000e+00
    808.388    799.687     4.1696  32.439745     4.1682  32.469284    5.00630    5.13666    34.2593    34.2954     1.9722     2.2313    -0.0266    95.6255 2.2659e+03      41037   1709.833      98.66          4  0.000e+00
    808.341    799.641     4.1696  32.439846     4.1685  32.469283    5.00121    5.13605    34.2594    34.2951     1.9710     2.2313    -0.0266    95.6255 2.2659e+03      41038   1709.875      98.66          4  0.000e+00
    808.368    799.668     4.1700  32.440114     4.1690  32.469475    5.00153    5.13540    34.2593    34.2948     1.9710     2.2313    -0.0266    95.6255 2.2640e+03      41039   1709.917      98.66          4  0.000e+00
    808.388    799.688     4.1701  32.440283     4.1690  32.469731    5.00187    5.13570    34.2594    34.2951     1.9710     2.2313    -0.0266    95.6255 2.2640e+03      41040   1709.958      98.66          4  0.000e+00
    808.368    799.668     4.1703  32.440518     4.1692  32.469763    5.00110    5.13091    34.2595    34.2950     1.9710     2.2300    -0.0266    95.5991 2.2640e+03      41041   1710.000      98.66          4  0.000e+00
    808.341    799.641     4.1710  32.440282     4.1696  32.469987    5.00133    5.13531    34.2585    34.2948     1.9710     2.2313    -0.0266    95.6255 2.2640e+03      41042   1710.042      98.66          4  0.000e+00
    808.368    799.668     4.1711  32.440484     4.1693  32.470211    5.00163    5.12964    34.2586    34.2953     1.9710     2.2300    -0.0266    95.6255 2.2640e+03      41043   1710.083      98.66          4  0.000e+00
    808.388    799.688     4.1708  32.440686     4.1699  32.470691    5.00089    5.13416    34.2592    34.2953     1.9710     2.2313    -0.0266    95.6255 2.2640e+03      41044   1710.125      98.66          4  0.000e+00
    808.240    799.541     4.1703  32.440988     4.1700  32.470594    5.00108    5.13444    34.2601    34.2952     1.9710     2.2313    -0.0266    95.5991 2.2640e+03      41045   1710.167      98.66          4  0.000e+00
    808.523    799.821     4.1700  32.440485     4.1699  32.470563    5.00698    5.13503    34.2597    34.2951     1.9722     2.2313    -0.0193    95.6255 2.2640e+03      41046   1710.208      98.66          4  0.000e+00
    808.388    799.688     4.1700  32.440787     4.1701  32.470339    5.00381    5.13527    34.2601    34.2947     1.9710     2.2313    -0.0193    95.6255 2.2640e+03      41047   1710.250      98.66          4  0.000e+00
    808.321    799.621     4.1705  32.440652     4.1698  32.470691    4.99751    5.13553    34.2595    34.2955     1.9698     2.2313    -0.0266    95.5991 2.2620e+03      41048   1710.292      98.66          4  0.000e+00
    808.443    799.741     4.1709  32.441123     4.1693  32.470403    5.00107    5.13590    34.2595    34.2955     1.9710     2.2313    -0.0193    95.6255 2.2620e+03      41049   1710.333      98.66          4  0.000e+00
    808.321    799.621     4.1714  32.441425     4.1698  32.470499    5.00006    5.13610    34.2595    34.2952     1.9710     2.2313    -0.0193    95.5991 2.2620e+03      41050   1710.375      98.66          4  0.000e+00
    808.389    799.688     4.1717  32.441560     4.1698  32.470723    4.99917    5.13645    34.2593    34.2954     1.9710     2.2313    -0.0193    95.5991 2.2620e+03      41051   1710.417      98.66          4  0.000e+00
    808.422    799.721     4.1716  32.441089     4.1701  32.470627    4.99935    5.13685    34.2588    34.2950     1.9710     2.2313    -0.0193    95.6255 2.2620e+03      41052   1710.458      98.66          4  0.000e+00
    808.389    799.688     4.1711  32.441224     4.1701  32.470531    5.00598    5.13121    34.2595    34.2949     1.9722     2.2300    -0.0193    95.6255 2.2620e+03      41053   1710.500      98.66          4  0.000e+00
    808.341    799.641     4.1712  32.441123     4.1696  32.470179    5.00171    5.13564    34.2593    34.2950     1.9710     2.2313    -0.0266    95.5991 2.2620e+03      41054   1710.542      98.66          4  0.000e+00
    808.470    799.768     4.1715  32.441560     4.1695  32.470275    5.00079    5.13603    34.2594    34.2952     1.9710     2.2313    -0.0193    95.6255 2.2620e+03      41055   1710.583      98.66          4  0.000e+00
    808.389    799.688     4.1723  32.441627     4.1699  32.470467    4.99967    5.13623    34.2587    34.2950     1.9710     2.2313    -0.0193    95.6255 2.2620e+03      41056   1710.625      98.66          4  0.000e+00
    808.422    799.721     4.1722  32.441762     4.1703  32.471139    4.99866    5.13661    34.2589    34.2954     1.9710     2.2313    -0.0193    95.5991 2.2620e+03      41057   1710.667      98.66          4  0.000e+00
    808.443    799.741     4.1725  32.442131     4.1707  32.471299    4.99755    5.13693    34.2591    34.2951     1.9710     2.2313    -0.0193    95.6255 2.2620e+03      41058   1710.708      98.66          4  0.000e+00
    808.423    799.721     4.1725  32.441930     4.1712  32.472066    4.99751    5.13631    34.2589    34.2955     1.9710     2.2313    -0.0193    95.6255 2.2620e+03      41059   1710.750      98.66          4  0.000e+00
    808.443    799.741     4.1719  32.440619     4.1717  32.472514    4.99759    5.13579    34.2580    34.2956     1.9710     2.2313    -0.0193    95.5991 2.2620e+03      41060   1710.792      98.66          4  0.000e+00
    808.423    799.721     4.1714  32.440484     4.1720  32.472578    4.99758    5.13513    34.2583    34.2953     1.9710     2.2313    -0.0193    95.5991 2.2620e+03      41061   1710.833      98.66          4  0.000e+00
    808.443    799.741     4.1713  32.440955     4.1718  32.472578    4.99755    5.13441    34.2589    34.2955     1.9710     2.2313    -0.0193    95.6255 2.2620e+03      41062   1710.875      98.66          4  0.000e+00
    808.389    799.688     4.1712  32.441560     4.1717  32.472194    4.99745    5.13358    34.2597    34.2952     1.9710     2.2313    -0.0193    95.5991 2.2620e+03      41063   1710.917      98.66          4  0.000e+00
    808.524    799.821     4.1717  32.441627     4.1722  32.472258    4.99745    5.13378    34.2593    34.2947     1.9710     2.2313    -0.0193    95.6255 2.2600e+03      41064   1710.958      98.66          4  0.000e+00
    808.490    799.788     4.1723  32.442132     4.1722  32.472706    4.99730    5.13382    34.2592    34.2952     1.9710     2.2313    -0.0193    95.5991 2.2600e+03      41065   1711.000      98.66          4  0.000e+00
    808.470    799.768     4.1725  32.442434     4.1723  32.472642    4.99182    5.13394    34.2594    34.2950     1.9698     2.2313    -0.0266    95.5991 2.2600e+03      41066   1711.042      98.66          4  0.000e+00
    808.490    799.788     4.1730  32.442737     4.1723  32.472578    4.99074    5.13404    34.2592    34.2949     1.9698     2.2313    -0.0266    95.5991 2.2600e+03      41067   1711.083      98.66          4  0.000e+00
    808.524    799.822     4.1731  32.442569     4.1725  32.472770    4.99516    5.13421    34.2589    34.2950     1.9710     2.2313    -0.0266    95.6255 2.2620e+03      41068   1711.125      98.66          4  0.000e+00
    808.544    799.842     4.1729  32.442367     4.1720  32.472642    4.99524    5.13440    34.2588    34.2953     1.9710     2.2313    -0.0266    95.5991 2.2600e+03      41069   1711.167      98.66          4  0.000e+00
    808.524    799.822     4.1731  32.442703     4.1723  32.472578    4.99416    5.13452    34.2591    34.2949     1.9710     2.2313    -0.0266    95.6255 2.2620e+03      41070   1711.208      98.66          4  0.000e+00
    808.544    799.842     4.1728  32.442569     4.1725  32.472386    4.99421    5.12966    34.2592    34.2945     1.9710     2.2300    -0.0266    95.5991 2.2620e+03      41071   1711.250      98.66          4  0.000e+00
    606.537    600.299     4.7587  32.828283     4.7568  32.857849    5.63216    5.80399    34.2078    34.2439     2.2184     2.5045    -0.0339    95.6255 1.7998e+03      47603   1983.417      98.66          5  0.000e+00
    606.557    600.319     4.7593  32.828283     4.7571  32.857913    5.63365    5.80011    34.2071    34.2437     2.2184     2.5032    -0.0339    95.5991 1.7998e+03      47604   1983.458      98.66          5  0.000e+00
    606.584    600.346     4.7590  32.828114     4.7568  32.857849    5.62919    5.80514    34.2072    34.2439     2.2171     2.5045    -0.0339    95.6255 1.7978e+03      47605   1983.500      98.66          5  0.000e+00
    606.658    600.419     4.7587  32.827675     4.7561  32.857270    5.62895    5.79582    34.2070    34.2439     2.2171     2.5020    -0.0339    95.5991 1.7978e+03      47606   1983.542      98.66          5  0.000e+00
    606.632    600.393     4.7582  32.826965     4.7558  32.856498    5.62866    5.79919    34.2067    34.2433     2.2171     2.5032    -0.0339    95.5991 1.7978e+03      47607   1983.583      98.66          5  0.000e+00
    606.685    600.446     4.7577  32.826762     4.7555  32.856499    5.62841    5.80036    34.2069    34.2436     2.2171     2.5032    -0.0339    95.5991 1.7978e+03      47608   1983.625      98.66          5  0.000e+00
    606.813    600.572     4.7579  32.827337     4.7553  32.856370    5.62812    5.80069    34.2073    34.2435     2.2171     2.5032    -0.0413    95.5991 1.7978e+03      47609   1983.667      98.66          5  0.000e+00
    606.733    600.492     4.7585  32.827743     4.7552  32.856113    5.62859    5.80391    34.2072    34.2435     2.2171     2.5045    -0.0339    95.5991 1.7958e+03      47610   1983.708      98.66          5  0.000e+00
    606.813    600.572     4.7590  32.828554     4.7549  32.856242    5.62923    5.80017    34.2076    34.2439     2.2171     2.5032    -0.0339    95.6255 1.7958e+03      47611   1983.750      98.66          5  0.000e+00
    606.833    600.592     4.7598  32.829399     4.7550  32.856306    5.62885    5.79946    34.2077    34.2438     2.2171     2.5032    -0.0413    95.5991 1.7958e+03      47612   1983.792      98.66          5  0.000e+00
    606.914    600.672     4.7601  32.829399     4.7550  32.856114    5.62860    5.79890    34.2074    34.2435     2.2171     2.5032    -0.0413    95.5991 1.7958e+03      47613   1983.833      98.66          5  0.000e+00
    606.934    600.692     4.7595  32.828182     4.7547  32.856049    5.62944    5.79846    34.2066    34.2438     2.2171     2.5032    -0.0339    95.6518 1.7958e+03      47614   1983.875      98.66          5  0.000e+00
    606.934    600.692     4.7584  32.827000     4.7547  32.856049    5.62938    5.79806    34.2064    34.2438     2.2171     2.5032    -0.0339    95.5991 1.7958e+03      47615   1983.917      98.66          5  0.000e+00
    607.062    600.818     4.7575  32.826764     4.7545  32.856243    5.63031    5.79854    34.2069    34.2441     2.2171     2.5032    -0.0266    95.6255 1.7958e+03      47616   1983.958      98.66          5  0.000e+00
    607.035    600.792     4.7573  32.826764     4.7545  32.856693    5.63620    5.80451    34.2072    34.2446     2.2184     2.5045    -0.0266    95.6255 1.7958e+03      47617   1984.000      98.66          5  0.000e+00
    607.109    600.865     4.7571  32.826392     4.7548  32.856436    5.63191    5.80577    34.2069    34.2440     2.2171     2.5045    -0.0266    95.6255 1.7958e+03      47618   1984.042      98.66          5  0.000e+00
    607.083    600.838     4.7569  32.826054     4.7542  32.856500    5.63174    5.80045    34.2067    34.2447     2.2171     2.5032    -0.0266    95.6255 1.7939e+03      47619   1984.083      98.66          5  0.000e+00
    607.163    600.918     4.7571  32.826798     4.7555  32.857143    5.63252    5.80556    34.2073    34.2441     2.2171     2.5045    -0.0266    95.5991 1.7939e+03      47620   1984.125      98.66          5  0.000e+00
    607.183    600.938     4.7573  32.827406     4.7563  32.857915    5.63233    5.80015    34.2078    34.2441     2.2171     2.5032    -0.0266    95.5991 1.7939e+03      47621   1984.167      98.66          5  0.000e+00
    607.284    601.038     4.7574  32.827339     4.7558  32.857915    5.63321    5.80049    34.2075    34.2446     2.2171     2.5032    -0.0266    95.5991 1.7939e+03      47622   1984.208      98.66          5  0.000e+00
    607.264    601.018     4.7573  32.826697     4.7561  32.858044    5.63409    5.80562    34.2070    34.2444     2.2171     2.5045    -0.0266    95.5991 1.7939e+03      47623   1984.250      98.66          5  0.000e+00
