Ship_data/Southern/Southern_Ocean-02_NBP-15-11_2015-12-07/CTD NBP1511/process/nbp1511_016.ros
* Sea-Bird SBE 9 Data File:
* FileName = D:\Data\raw\NBP1511_016.hdr
* Software Version Seasave V 7.21e
* Temperature SN = 5730
* Conductivity SN = 1143
* Number of Bytes Per Scan = 40
* Number of Voltage Words = 5
* Number of Scans Averaged by the Deck Unit = 1
* NMEA Latitude = 54 19.99 S
* NMEA Longitude = 089 12.77 W
* NMEA UTC (Time) = Dec 28 2015  11:28:01
* NMEA baud rate = 9600
** Ship: RVIB N.B. Palmer
** Cruise: NBP1511
** Station: SUMO-2
** Operator: S. Blackman
# nquan = 20
# nvalues = 1176                                  
# units = specified
# name 0 = prDM: Pressure, Digiquartz [db]
# name 1 = depSM: Depth [salt water, m]
# name 2 = t090C: Temperature [ITS-90, deg C]
# name 3 = c0mS/cm: Conductivity [mS/cm]
# name 4 = t190C: Temperature, 2 [ITS-90, deg C]
# name 5 = c1mS/cm: Conductivity, 2 [mS/cm]
# name 6 = sbeox0ML/L: Oxygen, SBE 43 [ml/l]
# name 7 = sbeox1ML/L: Oxygen, SBE 43, 2 [ml/l]
# name 8 = sal00: Salinity, Practical [PSU]
# name 9 = sal11: Salinity, Practical, 2 [PSU]
# name 10 = sbeox0V: Oxygen raw, SBE 43 [V]
# name 11 = sbeox1V: Oxygen raw, SBE 43, 2 [V]
# name 12 = flECO-AFL: Fluorescence, WET Labs ECO-AFL/FL [mg/m^3]
# name 13 = CStarTr0: Beam Transmission, WET Labs C-Star [%]
# name 14 = spar: SPAR/Surface Irradiance
# name 15 = scan: Scan Count
# name 16 = timeS: Time, Elapsed [seconds]
# name 17 = altM: Altimeter [m]
# name 18 = nbf: Bottles Fired
# name 19 = flag:  0.000e+00
# interval = seconds: 0.0416667
# start_time = Dec 28 2015 11:28:01 [NMEA time, header]
# bad_flag = -9.990e-29
*END*
[from data line 362]
    606.599    600.286     4.8909  32.907969     4.8893  33.022543    6.21870    6.39035    34.1645    34.2983     2.3948     2.6925    -0.0266    95.1509 5.3698e+02     106429   4434.500      98.66          8  0.000e+00
    606.626    600.313     4.8908  32.908037     4.8897  33.022543    6.22396    6.38554    34.1646    34.2978     2.3960     2.6913    -0.0266    95.1773 5.3698e+02     106430   4434.542      98.66          8  0.000e+00
    606.653    600.340     4.8907  32.907969     4.8901  33.022608    6.21995    6.38949    34.1647    34.2975     2.3948     2.6925    -0.0266    95.1509 5.3698e+02     106431   4434.583      98.66          8  0.000e+00
    606.653    600.340     4.8910  32.907834     4.8906  33.022866    6.22004    6.38943    34.1642    34.2974     2.3948     2.6925    -0.0266    95.1773 5.3698e+02     106432   4434.625      98.66          8  0.000e+00
    606.579    600.267     4.8907  32.907969     4.8899  33.023188    6.22520    6.38935    34.1647    34.2984     2.3960     2.6925    -0.0266    95.1509 5.3698e+02     106433   4434.667      98.66          8  0.000e+00
    606.653    600.340     4.8908  32.908240     4.8906  33.022801    6.22211    6.38459    34.1649    34.2973     2.3948     2.6913    -0.0266    95.1509 5.3698e+02     106434   4434.708      98.66          8  0.000e+00
    606.626    600.313     4.8907  32.907901     4.8907  33.023059    6.21715    6.38378    34.1646    34.2974     2.3936     2.6913    -0.0266    95.1245 5.3698e+02     106435   4434.750      98.66          8  0.000e+00
    606.653    600.340     4.8910  32.907969     4.8904  33.023059    6.22145    6.38298    34.1644    34.2977     2.3948     2.6913    -0.0266    95.1773 5.3698e+02     106436   4434.792      98.66          8  0.000e+00
    606.626    600.313     4.8909  32.908037     4.8909  33.023317    6.22063    6.38783    34.1646    34.2976     2.3948     2.6925    -0.0266    95.1509 5.3698e+02     106437   4434.833      98.66          8  0.000e+00
    606.653    600.340     4.8908  32.908037     4.8910  33.023059    6.22077    6.38320    34.1646    34.2971     2.3948     2.6913    -0.0266    95.1509 5.3698e+02     106438   4434.875      98.66          8  0.000e+00
    606.626    600.313     4.8907  32.908172     4.8907  33.022995    6.21579    6.38250    34.1649    34.2974     2.3936     2.6913    -0.0266    95.1509 5.3698e+02     106439   4434.917      98.66          8  0.000e+00
    606.653    600.340     4.8907  32.907699     4.8907  33.023124    6.22016    6.38666    34.1644    34.2975     2.3948     2.6925    -0.0266    95.1509 5.3698e+02     106440   4434.958      98.66          8  0.000e+00
    606.626    600.314     4.8909  32.907529     4.8906  33.023188    6.22027    6.38203    34.1640    34.2977     2.3948     2.6913    -0.0266    95.1509 5.3698e+02     106441   4435.000      98.66          8  0.000e+00
    606.599    600.287     4.8908  32.907732     4.8910  33.022994    6.21944    6.38615    34.1643    34.2970     2.3948     2.6925    -0.0266    95.1245 5.3698e+02     106442   4435.042      98.66          8  0.000e+00
    606.653    600.340     4.8907  32.907800     4.8906  33.023381    6.21865    6.38641    34.1645    34.2980     2.3948     2.6925    -0.0266    95.1509 5.3698e+02     106443   4435.083      98.66          8  0.000e+00
    606.626    600.314     4.8907  32.907969     4.8907  33.023059    6.22378    6.38659    34.1647    34.2974     2.3960     2.6925    -0.0266    95.1509 5.3698e+02     106444   4435.125      98.66          8  0.000e+00
    606.653    600.340     4.8904  32.908037     4.8912  33.023124    6.21971    6.38686    34.1651    34.2970     2.3948     2.6925    -0.0266    95.1509 5.3698e+02     106445   4435.167      98.66          8  0.000e+00
    606.626    600.314     4.8907  32.907631     4.8909  33.023059    6.21875    6.38701    34.1643    34.2973     2.3948     2.6925    -0.0266    95.1773 5.3698e+02     106446   4435.208      98.66          8  0.000e+00
    606.653    600.340     4.8907  32.907665     4.8912  33.023124    6.21877    6.38724    34.1644    34.2970     2.3948     2.6925    -0.0266    95.1245 5.3698e+02     106447   4435.250      98.66          8  0.000e+00
    606.627    600.314     4.8909  32.907935     4.8907  33.023188    6.22476    6.38262    34.1645    34.2976     2.3960     2.6913    -0.0266    95.1509 5.3698e+02     106448   4435.292      98.66          8  0.000e+00
    606.600    600.287     4.8907  32.907834     4.8906  33.023252    6.22060    6.38290    34.1646    34.2978     2.3948     2.6913    -0.0266    95.1245 5.3698e+02     106449   4435.333      98.66          8  0.000e+00
    606.627    600.314     4.8909  32.907800     4.8909  33.023188    6.22156    6.38239    34.1643    34.2974     2.3948     2.6913    -0.0266    95.1245 5.3698e+02     106450   4435.375      98.66          8  0.000e+00
    606.654    600.340     4.8907  32.908172     4.8907  33.022995    6.21750    6.38194    34.1649    34.2973     2.3936     2.6913    -0.0266    95.1509 5.3698e+02     106451   4435.417      98.66          8  0.000e+00
    606.627    600.314     4.8909  32.908477     4.8907  33.023188    6.22680    6.38143    34.1651    34.2976     2.3960     2.6913    -0.0266    95.1509 5.3698e+02     106452   4435.458      98.66          8  0.000e+00
    606.654    600.341     4.8908  32.907563     4.8912  33.023381    6.22691    6.38109    34.1641    34.2973     2.3960     2.6913    -0.0266    95.1509 5.3698e+02     106453   4435.500      98.66          8  0.000e+00
    606.600    600.287     4.8907  32.907665     4.8907  33.023059    6.22780    6.38544    34.1643    34.2974     2.3960     2.6925    -0.0266    95.1509 5.3698e+02     106454   4435.542      98.66          8  0.000e+00
    606.627    600.314     4.8911  32.907969     4.8914  33.022994    6.22960    6.38108    34.1642    34.2967     2.3960     2.6913    -0.0266    95.1509 5.3698e+02     106455   4435.583      98.66          8  0.000e+00
    606.600    600.287     4.8906  32.907969     4.8909  33.023317    6.22544    6.38078    34.1648    34.2976     2.3948     2.6913    -0.0266    95.1773 5.3698e+02     106456   4435.625      98.66          8  0.000e+00
    606.627    600.314     4.8910  32.908206     4.8912  33.023252    6.22440    6.38129    34.1647    34.2972     2.3948     2.6913    -0.0266    95.1773 5.3698e+02     106457   4435.667      98.66          8  0.000e+00
    606.654    600.341     4.8907  32.908105     4.8909  33.023252    6.22851    6.38111    34.1648    34.2975     2.3960     2.6913    -0.0266    95.1509 5.3895e+02     106458   4435.708      98.66          8  0.000e+00
    506.477    501.328     5.0075  32.963283     5.0080  33.078318    6.73310    6.93545    34.1596    34.2915     2.5780     2.8953    -0.0266    95.1509 4.7404e+02     110744   4614.292      98.66          9  0.000e+00
    506.424    501.274     5.0075  32.963046     5.0074  33.078092    6.73218    6.93081    34.1594    34.2919     2.5780     2.8941    -0.0266    95.1773 4.7404e+02     110745   4614.333      98.66          9  0.000e+00
    506.478    501.328     5.0074  32.962707     5.0075  33.077608    6.73226    6.93485    34.1591    34.2913     2.5780     2.8953    -0.0266    95.1509 4.7404e+02     110746   4614.375      98.66          9  0.000e+00
    506.525    501.374     5.0070  32.962708     5.0068  33.077866    6.73733    6.93497    34.1595    34.2923     2.5793     2.8953    -0.0266    95.1509 4.7404e+02     110747   4614.417      98.66          9  0.000e+00
    506.471    501.321     5.0067  32.962741     5.0064  33.077834    6.73318    6.93578    34.1599    34.2926     2.5780     2.8953    -0.0266    95.1245 4.7404e+02     110748   4614.458      98.66          9  0.000e+00
    506.525    501.374     5.0065  32.962742     5.0067  33.077737    6.73322    6.93119    34.1600    34.2923     2.5780     2.8941    -0.0266    95.1509 4.7404e+02     110749   4614.500      98.66          9  0.000e+00
    506.525    501.374     5.0065  32.962538     5.0064  33.077383    6.73319    6.93508    34.1597    34.2921     2.5780     2.8953    -0.0266    95.1509 4.7404e+02     110750   4614.542      98.66          9  0.000e+00
    506.578    501.427     5.0067  32.962471     5.0064  33.077609    6.73816    6.93507    34.1595    34.2923     2.5793     2.8953    -0.0266    95.1509 4.7404e+02     110751   4614.583      98.66          9  0.000e+00
    506.578    501.427     5.0062  32.962268     5.0065  33.077351    6.73406    6.93508    34.1597    34.2919     2.5780     2.8953    -0.0266    95.1245 4.7404e+02     110752   4614.625      98.66          9  0.000e+00
    506.578    501.427     5.0062  32.962132     5.0063  33.077254    6.73399    6.93581    34.1596    34.2920     2.5780     2.8953    -0.0266    95.1509 4.7404e+02     110753   4614.667      98.66          9  0.000e+00
    506.625    501.474     5.0061  32.961997     5.0063  33.077415    6.73399    6.93578    34.1595    34.2922     2.5780     2.8953    -0.0266    95.1245 4.7404e+02     110754   4614.708      98.66          9  0.000e+00
    506.625    501.474     5.0062  32.962336     5.0063  33.077512    6.72890    6.93562    34.1598    34.2923     2.5768     2.8953    -0.0266    95.1509 4.7404e+02     110755   4614.750      98.66          9  0.000e+00
    506.626    501.474     5.0061  32.962268     5.0063  33.077673    6.72800    6.93547    34.1599    34.2925     2.5768     2.8953    -0.0266    95.1245 4.7404e+02     110756   4614.792      98.66          9  0.000e+00
    506.626    501.474     5.0062  32.962200     5.0066  33.077351    6.73208    6.93059    34.1596    34.2918     2.5780     2.8941    -0.0266    95.1509 4.7404e+02     110757   4614.833      98.66          9  0.000e+00
    506.679    501.527     5.0062  32.962403     5.0060  33.077448    6.73304    6.93431    34.1598    34.2925     2.5780     2.8953    -0.0266    95.1509 4.7404e+02     110758   4614.875      98.66          9  0.000e+00
    506.679    501.527     5.0065  32.962471     5.0061  33.077286    6.72805    6.93486    34.1596    34.2922     2.5768     2.8953    -0.0266    95.1773 4.7404e+02     110759   4614.917      98.66          9  0.000e+00
    506.726    501.574     5.0064  32.962776     5.0063  33.077641    6.73226    6.93549    34.1601    34.2924     2.5780     2.8953    -0.0266    95.1509 4.7404e+02     110760   4614.958      98.66          9  0.000e+00
    506.726    501.574     5.0065  32.962776     5.0065  33.077351    6.73325    6.93607    34.1600    34.2919     2.5780     2.8953    -0.0266    95.1509 4.7404e+02     110761   4615.000      98.66          9  0.000e+00
    506.726    501.574     5.0067  32.962742     5.0064  33.077254    6.73333    6.93581    34.1597    34.2918     2.5780     2.8953    -0.0266    95.1245 4.7404e+02     110762   4615.042      98.66          9  0.000e+00
    506.726    501.574     5.0068  32.962911     5.0063  33.077416    6.73341    6.93634    34.1598    34.2922     2.5780     2.8953    -0.0266    95.1773 4.7404e+02     110763   4615.083      98.66          9  0.000e+00
    506.773    501.620     5.0067  32.962979     5.0067  33.077480    6.72860    6.93229    34.1600    34.2918     2.5768     2.8941    -0.0266    95.1509 4.7207e+02     110764   4615.125      98.66          9  0.000e+00
    506.774    501.620     5.0068  32.963182     5.0060  33.077319    6.73281    6.93124    34.1601    34.2923     2.5780     2.8941    -0.0266    95.1509 4.7207e+02     110765   4615.167      98.66          9  0.000e+00
    506.774    501.620     5.0070  32.963419     5.0065  33.077416    6.72795    6.93019    34.1602    34.2919     2.5768     2.8941    -0.0266    95.1773 4.7207e+02     110766   4615.208      98.66          9  0.000e+00
    506.827    501.673     5.0070  32.963216     5.0061  33.077513    6.73229    6.93472    34.1599    34.2924     2.5780     2.8953    -0.0266    95.1509 4.7207e+02     110767   4615.250      98.66          9  0.000e+00
    506.827    501.673     5.0071  32.963216     5.0060  33.077480    6.73246    6.93448    34.1598    34.2925     2.5780     2.8953    -0.0266    95.1509 4.7207e+02     110768   4615.292      98.66          9  0.000e+00
    506.774    501.620     5.0068  32.963250     5.0062  33.077480    6.73170    6.93035    34.1601    34.2923     2.5780     2.8941    -0.0266    95.1773 4.7207e+02     110769   4615.333      98.66          9  0.000e+00
    506.874    501.720     5.0070  32.963047     5.0063  33.077513    6.73193    6.93024    34.1597    34.2922     2.5780     2.8941    -0.0266    95.1509 4.7207e+02     110770   4615.375      98.66          9  0.000e+00
    506.874    501.720     5.0068  32.963183     5.0066  33.078061    6.73209    6.93393    34.1600    34.2925     2.5780     2.8953    -0.0266    95.1509 4.7207e+02     110771   4615.417      98.66          9  0.000e+00
    506.874    501.720     5.0070  32.962844     5.0065  33.078093    6.73722    6.93370    34.1595    34.2926     2.5793     2.8953    -0.0266    95.1509 4.7207e+02     110772   4615.458      98.66          9  0.000e+00
    506.874    501.720     5.0065  32.962539     5.0071  33.077997    6.73330    6.93352    34.1596    34.2919     2.5780     2.8953    -0.0266    95.1773 4.7207e+02     110773   4615.500      98.66          9  0.000e+00
    506.874    501.720     5.0066  32.962370     5.0069  33.078384    6.73249    6.93404    34.1593    34.2925     2.5780     2.8953    -0.0266    95.1509 4.7207e+02     110774   4615.542      98.66          9  0.000e+00
    506.875    501.720     5.0065  32.962438     5.0072  33.078158    6.73257    6.92908    34.1595    34.2920     2.5780     2.8941    -0.0266    95.1509 4.7207e+02     110775   4615.583      98.66          9  0.000e+00
    506.928    501.773     5.0064  32.962844     5.0074  33.078190    6.72679    6.92805    34.1601    34.2918     2.5768     2.8941    -0.0266    95.1245 4.7207e+02     110776   4615.625      98.66          9  0.000e+00
    506.928    501.773     5.0062  32.962370     5.0069  33.078094    6.72602    6.93168    34.1597    34.2922     2.5768     2.8953    -0.0266    95.1245 4.7207e+02     110777   4615.667      98.66          9  0.000e+00
    506.928    501.773     5.0064  32.961998     5.0075  33.078190    6.73023    6.93217    34.1591    34.2917     2.5780     2.8953    -0.0266    95.1509 4.7207e+02     110778   4615.708      98.66          9  0.000e+00
    506.928    501.773     5.0061  32.962337     5.0073  33.078287    6.72630    6.93186    34.1598    34.2921     2.5768     2.8953    -0.0266    95.1245 4.7207e+02     110779   4615.750      98.66          9  0.000e+00
    506.928    501.773     5.0062  32.962269     5.0071  33.078061    6.72559    6.92765    34.1596    34.2920     2.5768     2.8941    -0.0266    95.1245 4.7207e+02     110780   4615.792      98.66          9  0.000e+00
    506.975    501.820     5.0061  32.962506     5.0070  33.078190    6.72497    6.92739    34.1600    34.2922     2.5768     2.8941    -0.0266    95.1509 4.7207e+02     110781   4615.833      98.66          9  0.000e+00
    506.928    501.773     5.0064  32.962506     5.0069  33.077900    6.72924    6.93171    34.1597    34.2919     2.5780     2.8953    -0.0266    95.1509 4.7207e+02     110782   4615.875      98.66          9  0.000e+00
    506.975    501.820     5.0059  32.962066     5.0066  33.077932    6.72870    6.93237    34.1596    34.2923     2.5780     2.8953    -0.0266    95.1245 4.7207e+02     110783   4615.917      98.66          9  0.000e+00
    506.975    501.820     5.0061  32.961761     5.0063  33.077836    6.72394    6.92822    34.1591    34.2925     2.5768     2.8941    -0.0266    95.1245 4.7207e+02     110784   4615.958      98.66          9  0.000e+00
    506.976    501.820     5.0061  32.962066     5.0066  33.077739    6.72827    6.93264    34.1594    34.2921     2.5780     2.8953    -0.0266    95.1509 4.7207e+02     110785   4616.000      98.66          9  0.000e+00
