Ship_data/Southern/Southern_Ocean-02_NBP-15-11_2015-12-07/CTD NBP1511/process/nbp1511_013.ros
* Sea-Bird SBE 9 Data File:
* FileName = D:\Data\raw\NBP1511_013.hdr
* Software Version Seasave V 7.21e
* Temperature SN = 5730
* Conductivity SN = 1143
* Number of Bytes Per Scan = 40
* Number of Voltage Words = 5
* Number of Scans Averaged by the Deck Unit = 1
* NMEA Latitude = 54 07.56 S
* NMEA Longitude = 089 45.00 W
* NMEA UTC (Time) = Dec 20 2015  15:46:00
* NMEA baud rate = 9600
** Ship: RVIB N.B. Palmer
** Cruise: NBP1511
** Station: FLMA-2
** Operator: B. Bjork
# nquan = 20
# nvalues = 392                                   
# units = specified
# name 0 = prDM: Pressure, Digiquartz [db]
# name 1 = depSM: Depth [salt water, m]
# name 2 = t090C: Temperature [ITS-90, deg C]
# name 3 = c0mS/cm: Conductivity [mS/cm]
# name 4 = t190C: Temperature, 2 [ITS-90, deg C]
# name 5 = c1mS/cm: Conductivity, 2 [mS/cm]
# name 6 = sbeox0ML/L: Oxygen, SBE 43 [ml/l]
# name 7 = sbeox1ML/L: Oxygen, SBE 43, 2 [ml/l]
# name 8 = sal00: Salinity, Practical [PSU]
# name 9 = sal11: Salinity, Practical, 2 [PSU]
# name 10 = sbeox0V: Oxygen raw, SBE 43 [V]
# name 11 = sbeox1V: Oxygen raw, SBE 43, 2 [V]
# name 12 = flECO-AFL: Fluorescence, WET Labs ECO-AFL/FL [mg/m^3]
# name 13 = CStarTr0: Beam Transmission, WET Labs C-Star [%]
# name 14 = spar: SPAR/Surface Irradiance
# name 15 = scan: Scan Count
# name 16 = timeS: Time, Elapsed [seconds]
# name 17 = altM: Altimeter [m]
# name 18 = nbf: Bottles Fired
# name 19 = flag:  0.000e+00
# interval = seconds: 0.0416667
# start_time = Dec 20 2015 15:46:00 [NMEA time, header]
# bad_flag = -9.990e-29
*END*
[from data line 290]
    100.538     99.615     6.1762  33.844346     6.1485  33.878180    6.90039    7.14210    34.1812    34.2471     2.7985     3.1556     0.6034    94.5182 1.2549e+03      64157   2673.167      98.66          6  0.000e+00
    100.598     99.674     6.1703  33.838865     6.1466  33.877333    6.89733    7.14655    34.1810    34.2480     2.7973     3.1568     0.6034    94.5182 1.2549e+03      64158   2673.208      98.66          6  0.000e+00
    100.598     99.674     6.1645  33.835063     6.1461  33.877431    6.90230    7.14788    34.1825    34.2486     2.7985     3.1568     0.6034    94.5445 1.2549e+03      64159   2673.250      98.66          6  0.000e+00
    100.498     99.576     6.1610  33.833076     6.1458  33.877463    6.90296    7.14804    34.1839    34.2490     2.7985     3.1568     0.6034    94.5182 1.2549e+03      64160   2673.292      98.66          6  0.000e+00
     30.026     29.756     6.8842  34.446335     6.8888  34.506000    7.11248    7.38761    34.1772    34.2384     2.9334     3.3100     3.8122    88.6390 1.4516e+03      68808   2866.958      98.63          7  0.000e+00
     30.079     29.808     6.8839  34.445990     6.8885  34.506494    7.11223    7.38771    34.1771    34.2392     2.9334     3.3100     3.8122    88.6127 1.4516e+03      68809   2867.000      98.63          7  0.000e+00
     30.073     29.802     6.8842  34.446301     6.8887  34.506592    7.11178    7.38759    34.1771    34.2392     2.9334     3.3100     3.8122    88.6127 1.4516e+03      68810   2867.042      98.63          7  0.000e+00
     30.073     29.802     6.8846  34.446439     6.8884  34.506658    7.11200    7.38340    34.1769    34.2396     2.9334     3.3088     3.8122    88.6654 1.4516e+03      68811   2867.083      98.63          7  0.000e+00
     30.133     29.861     6.8845  34.446439     6.8892  34.507086    7.11166    7.38686    34.1770    34.2392     2.9334     3.3100     3.8122    88.5863 1.4516e+03      68812   2867.125      98.63          7  0.000e+00
     30.126     29.855     6.8844  34.446405     6.8888  34.506625    7.10690    7.38678    34.1771    34.2390     2.9322     3.3100     3.8122    88.6127 1.4516e+03      68813   2867.167      98.63          7  0.000e+00
     30.179     29.907     6.8840  34.445991     6.8892  34.506724    7.11093    7.38678    34.1769    34.2388     2.9334     3.3100     3.8122    88.5336 1.4516e+03      68814   2867.208      98.63          7  0.000e+00
     30.173     29.901     6.8840  34.446301     6.8895  34.506954    7.11116    7.38661    34.1773    34.2387     2.9334     3.3100     3.8122    88.5336 1.4516e+03      68815   2867.250      98.63          7  0.000e+00
     30.179     29.907     6.8847  34.447027     6.8895  34.507382    7.11060    7.38631    34.1774    34.2392     2.9334     3.3100     3.8122    88.5599 1.4516e+03      68816   2867.292      98.63          7  0.000e+00
     30.219     29.947     6.8853  34.447994     6.8893  34.507711    7.10572    7.39006    34.1778    34.2397     2.9322     3.3112     3.8122    88.5599 1.4516e+03      68817   2867.333      98.63          7  0.000e+00
     30.226     29.954     6.8858  34.448063     6.8898  34.507875    7.10954    7.38629    34.1774    34.2394     2.9334     3.3100     3.8122    88.5863 1.4516e+03      68818   2867.375      98.63          7  0.000e+00
     30.273     30.000     6.8857  34.447821     6.8898  34.508007    7.10984    7.38610    34.1773    34.2395     2.9334     3.3100     3.8122    88.6127 1.4516e+03      68819   2867.417      98.63          7  0.000e+00
     30.273     30.000     6.8853  34.447787     6.8901  34.508040    7.10578    7.38647    34.1776    34.2392     2.9322     3.3100     3.8122    88.6127 1.4516e+03      68820   2867.458      98.63          7  0.000e+00
     30.326     30.053     6.8855  34.447165     6.8895  34.507448    7.10975    7.38624    34.1767    34.2392     2.9334     3.3100     3.8122    88.6127 1.4516e+03      68821   2867.500      98.63          7  0.000e+00
     30.319     30.046     6.8857  34.447752     6.8892  34.507152    7.10994    7.38585    34.1772    34.2392     2.9334     3.3100     3.8122    88.5599 1.4516e+03      68822   2867.542      98.63          7  0.000e+00
     30.379     30.105     6.8865  34.448443     6.8893  34.507021    7.10942    7.38603    34.1771    34.2388     2.9334     3.3100     3.8122    88.5599 1.4516e+03      68823   2867.583      98.63          7  0.000e+00
     30.366     30.092     6.8869  34.448581     6.8892  34.507185    7.10956    7.38561    34.1768    34.2392     2.9334     3.3100     3.8122    88.5336 1.4516e+03      68824   2867.625      98.63          7  0.000e+00
     30.426     30.152     6.8867  34.448582     6.8895  34.507054    7.10986    7.38593    34.1770    34.2387     2.9334     3.3100     3.8122    88.5336 1.4516e+03      68825   2867.667      98.63          7  0.000e+00
     30.419     30.145     6.8866  34.448754     6.8892  34.506889    7.11077    7.38557    34.1773    34.2388     2.9334     3.3100     3.8122    88.5336 1.4516e+03      68826   2867.708      98.63          7  0.000e+00
     30.472     30.198     6.8869  34.448616     6.8887  34.506725    7.11035    7.38581    34.1768    34.2391     2.9334     3.3100     3.8122    88.5863 1.4516e+03      68827   2867.750      98.63          7  0.000e+00
     30.466     30.191     6.8867  34.448582     6.8888  34.507087    7.11422    7.38604    34.1769    34.2394     2.9346     3.3100     3.8122    88.5863 1.4516e+03      68828   2867.792      98.63          7  0.000e+00
     30.512     30.237     6.8861  34.447338     6.8890  34.507251    7.11022    7.38585    34.1762    34.2393     2.9334     3.3100     3.8122    88.5863 1.4516e+03      68829   2867.833      98.63          7  0.000e+00
     30.526     30.251     6.8850  34.446337     6.8901  34.508336    7.10987    7.38160    34.1762    34.2394     2.9334     3.3088     3.8122    88.5863 1.4516e+03      68830   2867.875      98.63          7  0.000e+00
     30.566     30.290     6.8840  34.445957     6.8906  34.509224    7.11016    7.38485    34.1767    34.2399     2.9334     3.3100     3.8122    88.5599 1.4516e+03      68831   2867.917      98.63          7  0.000e+00
     30.572     30.297     6.8834  34.445888     6.8909  34.508994    7.10603    7.38511    34.1772    34.2393     2.9322     3.3100     3.8122    88.5599 1.4516e+03      68832   2867.958      98.63          7  0.000e+00
     30.612     30.336     6.8842  34.446683     6.8913  34.509652    7.10972    7.38517    34.1773    34.2397     2.9334     3.3100     3.8122    88.6127 1.4516e+03      68833   2868.000      98.63          7  0.000e+00
     30.619     30.343     6.8852  34.447753     6.8919  34.509619    7.10970    7.38455    34.1775    34.2390     2.9334     3.3100     3.8122    88.6918 1.4516e+03      68834   2868.042      98.63          7  0.000e+00
     30.666     30.389     6.8857  34.448410     6.8916  34.509422    7.10477    7.38463    34.1777    34.2390     2.9322     3.3100     3.8122    88.6918 1.4516e+03      68835   2868.083      98.63          7  0.000e+00
     30.672     30.396     6.8859  34.448133     6.8912  34.509586    7.10423    7.38415    34.1772    34.2396     2.9322     3.3100     3.8122    88.7181 1.4516e+03      68836   2868.125      98.63          7  0.000e+00
     30.712     30.435     6.8858  34.447823     6.8923  34.510047    7.10380    7.38435    34.1769    34.2391     2.9322     3.3100     3.8122    88.7181 1.4516e+03      68837   2868.167      98.63          7  0.000e+00
     30.712     30.435     6.8858  34.448375     6.8927  34.510474    7.10763    7.38444    34.1775    34.2391     2.9334     3.3100     3.8122    88.7181 1.4516e+03      68838   2868.208      98.63          7  0.000e+00
     30.765     30.488     6.8863  34.449170     6.8931  34.510902    7.10778    7.38451    34.1779    34.2392     2.9334     3.3100     3.8122    88.7445 1.4516e+03      68839   2868.250      98.63          7  0.000e+00
     30.759     30.482     6.8872  34.449964     6.8934  34.511198    7.10347    7.38444    34.1778    34.2392     2.9322     3.3100     3.8122    88.7445 1.4516e+03      68840   2868.292      98.63          7  0.000e+00
     30.819     30.541     6.8879  34.450172     6.8936  34.511066    7.10663    7.38452    34.1774    34.2389     2.9334     3.3100     3.8122    88.7445 1.4516e+03      68841   2868.333      98.63          7  0.000e+00
     30.812     30.534     6.8883  34.450586     6.8932  34.510705    7.10242    7.38394    34.1774    34.2388     2.9322     3.3100     3.7976    88.7181 1.4516e+03      68842   2868.375      98.63          7  0.000e+00
     30.865     30.587     6.8885  34.450517     6.8939  34.511297    7.10201    7.38346    34.1771    34.2388     2.9322     3.3100     3.7829    88.6390 1.4516e+03      68843   2868.417      98.63          7  0.000e+00
     30.859     30.581     6.8883  34.450241     6.8935  34.511724    7.10163    7.38356    34.1770    34.2396     2.9322     3.3100     3.7829    88.5863 1.4516e+03      68844   2868.458      98.63          7  0.000e+00
     30.859     30.581     6.8880  34.449964     6.8947  34.512382    7.10129    7.38308    34.1770    34.2391     2.9322     3.3100     3.7829    88.6390 1.4516e+03      68845   2868.500      98.63          7  0.000e+00
     30.919     30.640     6.8875  34.449930     6.8948  34.512481    7.10174    7.38265    34.1774    34.2391     2.9322     3.3100     3.7829    88.6390 1.4516e+03      68846   2868.542      98.63          7  0.000e+00
     30.905     30.627     6.8874  34.449930     6.8947  34.512546    7.10577    7.38268    34.1776    34.2393     2.9334     3.3100     3.7829    88.6127 1.4516e+03      68847   2868.583      98.63          7  0.000e+00
     30.965     30.686     6.8883  34.450725     6.8943  34.512185    7.10170    7.38259    34.1775    34.2393     2.9322     3.3100     3.7829    88.5863 1.4516e+03      68848   2868.625      98.63          7  0.000e+00
     30.959     30.680     6.8893  34.451933     6.8943  34.512251    7.10054    7.38240    34.1778    34.2393     2.9322     3.3100     3.7829    88.5599 1.4516e+03      68849   2868.667      98.63          7  0.000e+00
     30.965     30.686     6.8907  34.452693     6.8937  34.511922    7.09937    7.37815    34.1773    34.2395     2.9322     3.3088     3.7829    88.5599 1.4516e+03      68850   2868.708      98.63          7  0.000e+00
     31.005     30.726     6.8919  34.454248     6.8940  34.511494    7.09459    7.37741    34.1778    34.2388     2.9310     3.3088     3.7829    88.5863 1.4516e+03      68851   2868.750      98.63          7  0.000e+00
     31.005     30.726     6.8928  34.455146     6.8936  34.511297    7.09423    7.38077    34.1779    34.2390     2.9310     3.3100     3.7829    88.6127 1.4516e+03      68852   2868.792      98.63          7  0.000e+00
     31.065     30.785     6.8934  34.455215     6.8934  34.511067    7.09773    7.38080    34.1773    34.2389     2.9322     3.3100     3.7829    88.6654 1.4516e+03      68853   2868.833      98.63          7  0.000e+00
     31.005     30.726     6.8936  34.455456     6.8929  34.511001    7.09320    7.38078    34.1774    34.2393     2.9310     3.3100     3.7829    88.6127 1.4516e+03      68854   2868.875      98.63          7  0.000e+00
     31.065     30.785     6.8942  34.455940     6.8930  34.510706    7.09245    7.38080    34.1773    34.2389     2.9310     3.3100     3.7829    88.5863 1.4516e+03      68855   2868.917      98.63          7  0.000e+00
     31.105     30.825     6.8949  34.456631     6.8929  34.510903    7.09603    7.37674    34.1774    34.2392     2.9322     3.3088     3.7829    88.6127 1.4516e+03      68856   2868.958      98.63          7  0.000e+00
     10.266     10.174     6.9156  34.464229     6.9166  34.522966    7.10750    7.38503    34.1755    34.2393     2.9393     3.3195     1.6730    88.5863 1.5539e+03      70641   2943.333      98.66          8  0.000e+00
     10.313     10.221     6.9155  34.464436     6.9170  34.522736    7.10763    7.38496    34.1758    34.2385     2.9393     3.3195     1.6730    88.5599 1.5539e+03      70642   2943.375      98.66          8  0.000e+00
     10.360     10.267     6.9150  34.465300     6.9167  34.522901    7.10778    7.38491    34.1772    34.2390     2.9393     3.3195     1.6730    88.5863 1.5519e+03      70643   2943.417      98.66          8  0.000e+00
     10.313     10.221     6.9151  34.465231     6.9165  34.522769    7.10712    7.38472    34.1770    34.2391     2.9393     3.3195     1.6730    88.5863 1.5539e+03      70644   2943.458      98.66          8  0.000e+00
     10.313     10.221     6.9153  34.465127     6.9164  34.522703    7.10715    7.38458    34.1767    34.2391     2.9392     3.3195     1.6730    88.5336 1.5519e+03      70645   2943.500      98.66          8  0.000e+00
     10.313     10.221     6.9158  34.465507     6.9167  34.522835    7.10713    7.38437    34.1767    34.2390     2.9392     3.3195     1.6730    88.4281 1.5539e+03      70646   2943.542      98.66          8  0.000e+00
     10.320     10.227     6.9161  34.465369     6.9163  34.522736    7.11146    7.38422    34.1762    34.2392     2.9405     3.3195     1.6730    88.4281 1.5519e+03      70647   2943.583      98.63          8  0.000e+00
     10.313     10.221     6.9163  34.465335     6.9170  34.523098    7.11574    7.38407    34.1760    34.2389     2.9417     3.3195     1.6730    88.4808 1.5539e+03      70648   2943.625      98.66          8  0.000e+00
     10.360     10.267     6.9163  34.465577     6.9170  34.522638    7.11272    7.38398    34.1763    34.2384     2.9405     3.3195     1.6730    88.5072 1.5519e+03      70649   2943.667      98.66          8  0.000e+00
     10.313     10.221     6.9161  34.465369     6.9168  34.522835    7.11328    7.38445    34.1762    34.2388     2.9405     3.3195     1.6877    88.6127 1.5539e+03      70650   2943.708      98.66          8  0.000e+00
     10.313     10.221     6.9159  34.465335     6.9166  34.522769    7.11386    7.38842    34.1764    34.2390     2.9405     3.3207     1.6877    88.6127 1.5539e+03      70651   2943.750      98.66          8  0.000e+00
     10.360     10.267     6.9158  34.465162     6.9166  34.522408    7.11445    7.38492    34.1763    34.2386     2.9405     3.3195     1.6877    88.6654 1.5519e+03      70652   2943.792      98.66          8  0.000e+00
     10.313     10.221     6.9156  34.465231     6.9165  34.522605    7.11491    7.38477    34.1766    34.2389     2.9405     3.3195     1.6877    88.6127 1.5539e+03      70653   2943.833      98.66          8  0.000e+00
     10.313     10.221     6.9158  34.464955     6.9164  34.522901    7.11537    7.38464    34.1761    34.2394     2.9405     3.3195     1.6803    88.5863 1.5539e+03      70654   2943.875      98.66          8  0.000e+00
     10.360     10.267     6.9156  34.464644     6.9170  34.522967    7.11588    7.38460    34.1759    34.2387     2.9405     3.3195     1.6877    88.5863 1.5539e+03      70655   2943.917      98.66          8  0.000e+00
     10.313     10.221     6.9156  34.464575     6.9173  34.522966    7.11625    7.38444    34.1758    34.2385     2.9405     3.3195     1.6877    88.5863 1.5539e+03      70656   2943.958      98.66          8  0.000e+00
     10.314     10.221     6.9156  34.464920     6.9172  34.523361    7.11163    7.38430    34.1762    34.2391     2.9392     3.3195     1.6803    88.5599 1.5539e+03      70657   2944.000      98.66          8  0.000e+00
     10.314     10.221     6.9155  34.464886     6.9175  34.523624    7.11565    7.38420    34.1763    34.2390     2.9405     3.3195     1.6877    88.5599 1.5539e+03      70658   2944.042      98.63          8  0.000e+00
