Ship_data/Southern/Southern_Ocean-02_NBP-15-11_2015-12-07/CTD NBP1511/process/nbp1511_014.ros
* Sea-Bird SBE 9 Data File:
* FileName = D:\Data\raw\NBP1511_014.hdr
* Software Version Seasave V 7.21e
* Temperature SN = 5730
* Conductivity SN = 1143
* Number of Bytes Per Scan = 40
* Number of Voltage Words = 5
* Number of Scans Averaged by the Deck Unit = 1
* NMEA Latitude = 54 20.09 S
* NMEA Longitude = 089 20.72 W
* NMEA UTC (Time) = Dec 24 2015  16:48:18
* NMEA baud rate = 9600
** Ship: RVIB N.B. Palmer
** Cruise: NBP1511
** Station: SUMO-1
** Operator: S. Blackman
# nquan = 20
# nvalues = 588                                   
# units = specified
# name 0 = prDM: Pressure, Digiquartz [db]
# name 1 = depSM: Depth [salt water, m]
# name 2 = t090C: Temperature [ITS-90, deg C]
# name 3 = c0mS/cm: Conductivity [mS/cm]
# name 4 = t190C: Temperature, 2 [ITS-90, deg C]
# name 5 = c1mS/cm: Conductivity, 2 [mS/cm]
# name 6 = sbeox0ML/L: Oxygen, SBE 43 [ml/l]
# name 7 = sbeox1ML/L: Oxygen, SBE 43, 2 [ml/l]
# name 8 = sal00: Salinity, Practical [PSU]
# name 9 = sal11: Salinity, Practical, 2 [PSU]
# name 10 = sbeox0V: Oxygen raw, SBE 43 [V]
# name 11 = sbeox1V: Oxygen raw, SBE 43, 2 [V]
# name 12 = flECO-AFL: Fluorescence, WET Labs ECO-AFL/FL [mg/m^3]
# name 13 = CStarTr0: Beam Transmission, WET Labs C-Star [%]
# name 14 = spar: SPAR/Surface Irradiance
# name 15 = scan: Scan Count
# name 16 = timeS: Time, Elapsed [seconds]
# name 17 = altM: Altimeter [m]
# name 18 = nbf: Bottles Fired
# name 19 = flag:  0.000e+00
# interval = seconds: 0.0416667
# start_time = Dec 24 2015 16:48:18 [NMEA time, header]
# bad_flag = -9.990e-29
*END*
[from data line 435]
     40.568     40.200     6.4557  34.063903     6.4570  34.123758    6.95817    7.23113    34.1761    34.2415     2.8554     3.2249     2.7353    90.4318 2.3368e+03     122333   5097.167      98.66          9  0.000e+00
     40.568     40.200     6.4555  34.064040     6.4563  34.124085    6.96178    7.23537    34.1765    34.2426     2.8566     3.2261     2.7353    90.4581 2.3368e+03     122334   5097.208      98.66          9  0.000e+00
     40.534     40.167     6.4556  34.064109     6.4573  34.123954    6.96159    7.23600    34.1765    34.2415     2.8566     3.2261     2.7353    90.4581 2.3368e+03     122335   5097.250      98.66          9  0.000e+00
     40.521     40.154     6.4556  34.063902     6.4568  34.123921    6.96141    7.23254    34.1763    34.2419     2.8566     3.2249     2.7353    90.5372 2.3368e+03     122336   5097.292      98.66          9  0.000e+00
     40.568     40.200     6.4559  34.064040     6.4562  34.123561    6.96121    7.23258    34.1761    34.2421     2.8566     3.2249     2.7353    90.4845 2.3368e+03     122337   5097.333      98.66          9  0.000e+00
     40.481     40.115     6.4556  34.064074     6.4560  34.123430    6.96094    7.23259    34.1765    34.2422     2.8566     3.2249     2.7353    90.4581 2.3368e+03     122338   5097.375      98.66          9  0.000e+00
     20.124     19.943     6.4557  34.054696     6.4566  34.114466    6.96563    7.23864    34.1762    34.2419     2.8647     3.2343     1.2481    90.2736 2.3171e+03     123986   5166.042      98.66         10  0.000e+00
     20.124     19.943     6.4558  34.054764     6.4566  34.114401    6.97054    7.23865    34.1762    34.2418     2.8660     3.2343     1.2481    90.3527 2.3171e+03     123987   5166.083      98.66         10  0.000e+00
     20.077     19.896     6.4557  34.054764     6.4562  34.114139    6.97169    7.23864    34.1763    34.2419     2.8660     3.2343     1.2481    90.4318 2.3191e+03     123988   5166.125      98.66         10  0.000e+00
     20.124     19.943     6.4559  34.054764     6.4568  34.114466    6.96849    7.23868    34.1760    34.2417     2.8647     3.2343     1.2481    90.4318 2.3191e+03     123989   5166.167      98.66         10  0.000e+00
     20.124     19.943     6.4557  34.054764     6.4568  34.114826    6.97266    7.24283    34.1762    34.2421     2.8660     3.2355     1.2554    90.4581 2.3171e+03     123990   5166.208      98.66         10  0.000e+00
     20.177     19.995     6.4558  34.054764     6.4565  34.114793    6.96943    7.23938    34.1762    34.2423     2.8647     3.2343     1.2774    90.5109 2.3171e+03     123991   5166.250      98.66         10  0.000e+00
     20.177     19.995     6.4557  34.054764     6.4570  34.114859    6.96916    7.24349    34.1762    34.2419     2.8647     3.2355     1.2847    90.5372 2.3171e+03     123992   5166.292      98.66         10  0.000e+00
     20.124     19.943     6.4556  34.054146     6.4571  34.114695    6.97321    7.23933    34.1756    34.2416     2.8660     3.2343     1.2847    90.5372 2.3171e+03     123993   5166.333      98.66         10  0.000e+00
     20.124     19.943     6.4554  34.054180     6.4571  34.114629    6.96988    7.23931    34.1759    34.2415     2.8647     3.2343     1.2847    90.5109 2.3171e+03     123994   5166.375      98.66         10  0.000e+00
     20.177     19.995     6.4551  34.054043     6.4573  34.114826    6.96960    7.23935    34.1760    34.2416     2.8647     3.2343     1.2847    90.4845 2.3171e+03     123995   5166.417      98.66         10  0.000e+00
     20.224     20.041     6.4549  34.054181     6.4565  34.114597    6.97068    7.23937    34.1763    34.2421     2.8647     3.2343     1.2847    90.4318 2.3171e+03     123996   5166.458      98.66         10  0.000e+00
     20.177     19.995     6.4551  34.054455     6.4568  34.114401    6.97461    7.23923    34.1765    34.2416     2.8660     3.2343     1.2847    90.4054 2.3171e+03     123997   5166.500      98.66         10  0.000e+00
     20.224     20.042     6.4553  34.054696     6.4568  34.114564    6.97558    7.23919    34.1766    34.2417     2.8660     3.2343     1.2847    90.4318 2.3171e+03     123998   5166.542      98.66         10  0.000e+00
     20.224     20.042     6.4555  34.054765     6.4566  34.114434    6.97211    7.24258    34.1764    34.2418     2.8647     3.2355     1.2847    90.4581 2.3171e+03     123999   5166.583      98.66         10  0.000e+00
     20.270     20.088     6.4555  34.054559     6.4562  34.113943    6.98046    7.23904    34.1762    34.2416     2.8672     3.2343     1.2847    90.4845 2.3171e+03     124000   5166.625      98.66         10  0.000e+00
     20.224     20.042     6.4554  34.054490     6.4558  34.114139    6.96883    7.23890    34.1762    34.2422     2.8635     3.2343     1.2847    90.4845 2.3171e+03     124001   5166.667      98.66         10  0.000e+00
     20.270     20.088     6.4551  34.054078     6.4560  34.113714    6.97720    7.23891    34.1760    34.2416     2.8660     3.2343     1.2847    90.4581 2.3191e+03     124002   5166.708      98.66         10  0.000e+00
     20.270     20.088     6.4548  34.053975     6.4560  34.114139    6.97301    7.24296    34.1762    34.2420     2.8647     3.2355     1.2847    90.4054 2.3191e+03     124003   5166.750      98.66         10  0.000e+00
     20.270     20.088     6.4547  34.053768     6.4563  34.114139    6.97318    7.23936    34.1761    34.2417     2.8647     3.2343     1.2847    90.4054 2.3191e+03     124004   5166.792      98.66         10  0.000e+00
     20.323     20.140     6.4546  34.053906     6.4560  34.113878    6.98141    7.23929    34.1763    34.2417     2.8672     3.2343     1.2847    90.4054 2.3191e+03     124005   5166.833      98.66         10  0.000e+00
     20.324     20.140     6.4544  34.053356     6.4558  34.113943    6.98726    7.24332    34.1759    34.2420     2.8684     3.2355     1.2847    90.4318 2.3191e+03     124006   5166.875      98.66         10  0.000e+00
     20.370     20.187     6.4545  34.053563     6.4557  34.113845    6.97983    7.24380    34.1760    34.2420     2.8660     3.2355     1.2847    90.4054 2.3191e+03     124007   5166.917      98.66         10  0.000e+00
     20.324     20.141     6.4542  34.053288     6.4560  34.114009    6.97973    7.24423    34.1760    34.2419     2.8660     3.2355     1.2847    90.4054 2.3191e+03     124008   5166.958      98.66         10  0.000e+00
     20.324     20.141     6.4541  34.053562     6.4557  34.113878    6.97588    7.24463    34.1764    34.2420     2.8647     3.2355     1.2847    90.4581 2.3171e+03     124009   5167.000      98.66         10  0.000e+00
     20.423     20.239     6.4544  34.053494     6.4558  34.113355    6.97947    7.24097    34.1760    34.2413     2.8660     3.2342     1.2847    90.4845 2.3171e+03     124010   5167.042      98.66         10  0.000e+00
     20.423     20.239     6.4538  34.053047     6.4550  34.113061    6.97566    7.24431    34.1761    34.2417     2.8647     3.2355     1.2847    90.4845 2.3191e+03     124011   5167.083      98.66         10  0.000e+00
     20.423     20.239     6.4537  34.052704     6.4549  34.113028    6.97479    7.24467    34.1758    34.2419     2.8647     3.2355     1.2847    90.4581 2.3171e+03     124012   5167.125      98.66         10  0.000e+00
     20.423     20.239     6.4533  34.052841     6.4553  34.113224    6.97390    7.24502    34.1763    34.2416     2.8647     3.2355     1.2847    90.4845 2.3191e+03     124013   5167.167      98.66         10  0.000e+00
     20.470     20.286     6.4532  34.053116     6.4550  34.113290    6.97297    7.24534    34.1767    34.2420     2.8647     3.2355     1.2921    90.5372 2.3191e+03     124014   5167.208      98.66         10  0.000e+00
     20.470     20.286     6.4530  34.052154     6.4550  34.113224    6.98222    7.24157    34.1759    34.2419     2.8672     3.2342     1.2994    90.5372 2.3171e+03     124015   5167.250      98.66         10  0.000e+00
     20.470     20.286     6.4531  34.052464     6.4547  34.112864    6.98325    7.24119    34.1761    34.2418     2.8672     3.2342     1.2994    90.5109 2.3191e+03     124016   5167.292      98.66         10  0.000e+00
     20.517     20.332     6.4529  34.052670     6.4541  34.112374    6.97117    7.24153    34.1766    34.2419     2.8635     3.2342     1.2994    90.4845 2.3191e+03     124017   5167.333      98.66         10  0.000e+00
     20.470     20.286     6.4528  34.052257     6.4531  34.111622    6.97818    7.24529    34.1762    34.2421     2.8659     3.2355     1.2994    90.5109 2.3191e+03     124018   5167.375      98.66         10  0.000e+00
     20.570     20.384     6.4527  34.052120     6.4528  34.111426    6.97490    7.24155    34.1761    34.2421     2.8647     3.2342     1.2994    90.5372 2.3191e+03     124019   5167.417      98.66         10  0.000e+00
     20.517     20.332     6.4524  34.051914     6.4527  34.110968    6.97891    7.24530    34.1762    34.2416     2.8659     3.2355     1.2994    90.5109 2.3191e+03     124020   5167.458      98.66         10  0.000e+00
     20.570     20.384     6.4524  34.051639     6.4521  34.110870    6.97926    7.24560    34.1759    34.2422     2.8659     3.2355     1.2994    90.4318 2.3191e+03     124021   5167.500      98.66         10  0.000e+00
     20.616     20.431     6.4520  34.051777     6.4521  34.110903    6.97451    7.24589    34.1764    34.2421     2.8647     3.2355     1.2994    90.4318 2.3191e+03     124022   5167.542      98.66         10  0.000e+00
     20.570     20.385     6.4524  34.052258     6.4527  34.110902    6.97324    7.24184    34.1766    34.2415     2.8647     3.2342     1.2994    90.4054 2.3191e+03     124023   5167.583      98.66         10  0.000e+00
     20.616     20.431     6.4528  34.052773     6.4521  34.111034    6.96764    7.24548    34.1767    34.2423     2.8635     3.2355     1.2994    90.3790 2.3191e+03     124024   5167.625      98.66         10  0.000e+00
     20.616     20.431     6.4530  34.053495     6.4524  34.111132    6.97078    7.24555    34.1773    34.2421     2.8647     3.2355     1.2994    90.3790 2.3191e+03     124025   5167.667      98.66         10  0.000e+00
     20.670     20.483     6.4536  34.053701     6.4529  34.111557    6.97027    7.24627    34.1769    34.2420     2.8647     3.2355     1.2994    90.4054 2.3191e+03     124026   5167.708      98.66         10  0.000e+00
     20.616     20.431     6.4538  34.053495     6.4532  34.111720    6.97339    7.24632    34.1765    34.2419     2.8659     3.2355     1.2994    90.4054 2.3191e+03     124027   5167.750      98.66         10  0.000e+00
     20.663     20.477     6.4536  34.052636     6.4534  34.112113    6.96856    7.24655    34.1757    34.2422     2.8647     3.2355     1.2994    90.4581 2.3191e+03     124028   5167.792      98.66         10  0.000e+00
     20.663     20.477     6.4532  34.052189     6.4534  34.112342    6.96807    7.24670    34.1756    34.2425     2.8647     3.2355     1.2994    90.4581 2.3191e+03     124029   5167.833      98.66         10  0.000e+00
     20.716     20.530     6.4529  34.051915     6.4539  34.112473    6.96689    7.24685    34.1756    34.2421     2.8647     3.2355     1.2994    90.4845 2.3191e+03     124030   5167.875      98.66         10  0.000e+00
     20.716     20.530     6.4524  34.052052     6.4541  34.112506    6.96706    7.24284    34.1763    34.2419     2.8647     3.2342     1.2994    90.4845 2.3191e+03     124031   5167.917      98.66         10  0.000e+00
     20.716     20.530     6.4518  34.052121     6.4539  34.112309    6.96656    7.24644    34.1769    34.2419     2.8647     3.2355     1.2994    90.4845 2.3191e+03     124032   5167.958      98.66         10  0.000e+00
     20.763     20.576     6.4519  34.052327     6.4539  34.112342    6.96968    7.24646    34.1770    34.2419     2.8659     3.2355     1.2994    90.4581 2.3191e+03     124033   5168.000      98.66         10  0.000e+00
     20.716     20.530     6.4515  34.051571     6.4537  34.112080    6.96032    7.24649    34.1766    34.2418     2.8635     3.2355     1.2994    90.4581 2.3191e+03     124034   5168.042      98.66         10  0.000e+00
     12.415     12.304     6.4918  34.084909     6.5003  34.150099    6.96876    7.23249    34.1775    34.2415     2.8692     3.2375     0.3983    90.6954 2.3191e+03     125536   5230.625      98.66         11  0.000e+00
     12.369     12.258     6.4937  34.086834     6.5010  34.150295    6.96061    7.23230    34.1778    34.2411     2.8668     3.2375     0.3910    90.6954 2.3191e+03     125537   5230.667      98.66         11  0.000e+00
     12.322     12.212     6.4952  34.088140     6.5003  34.149968    6.95992    7.23630    34.1777    34.2414     2.8668     3.2387     0.3910    90.6954 2.3191e+03     125538   5230.708      98.66         11  0.000e+00
     12.329     12.218     6.4969  34.089171     6.5002  34.149444    6.95857    7.23274    34.1772    34.2410     2.8668     3.2375     0.3910    90.6954 2.3191e+03     125539   5230.750      98.66         11  0.000e+00
     12.269     12.159     6.4979  34.090064     6.4992  34.148724    6.95356    7.23269    34.1773    34.2412     2.8656     3.2375     0.3910    90.6954 2.3191e+03     125540   5230.792      98.66         11  0.000e+00
     12.322     12.212     6.4989  34.090821     6.4978  34.147514    6.95674    7.23277    34.1771    34.2413     2.8668     3.2375     0.3910    90.6690 2.3171e+03     125541   5230.833      98.66         11  0.000e+00
     12.223     12.113     6.4993  34.090855     6.4978  34.146401    6.96930    7.22873    34.1768    34.2401     2.8705     3.2363     0.3763    90.6690 2.3171e+03     125542   5230.875      98.66         11  0.000e+00
     12.223     12.113     6.4997  34.090923     6.4970  34.146139    6.95769    7.23237    34.1763    34.2406     2.8668     3.2375     0.3617    90.6954 2.3171e+03     125543   5230.917      98.66         11  0.000e+00
     12.223     12.113     6.5000  34.090683     6.4966  34.146532    6.95719    7.23257    34.1758    34.2414     2.8668     3.2375     0.3543    90.7481 2.3171e+03     125544   5230.958      98.66         11  0.000e+00
     12.176     12.067     6.4997  34.090064     6.4971  34.146662    6.96546    7.23282    34.1754    34.2411     2.8692     3.2375     0.3543    90.7481 2.3171e+03     125545   5231.000      98.66         11  0.000e+00
     12.176     12.067     6.4993  34.089789     6.4974  34.147840    6.96128    7.23312    34.1756    34.2421     2.8680     3.2375     0.3543    90.7481 2.3171e+03     125546   5231.042      98.66         11  0.000e+00
     12.123     12.014     6.4987  34.089273     6.4978  34.148037    6.96578    7.23340    34.1756    34.2420     2.8692     3.2375     0.3543    90.7481 2.3171e+03     125547   5231.083      98.66         11  0.000e+00
     12.123     12.014     6.4982  34.088723     6.4978  34.147382    6.96362    7.23373    34.1755    34.2413     2.8680     3.2375     0.3543    90.7745 2.3171e+03     125548   5231.125      98.66         11  0.000e+00
     12.077     11.968     6.4981  34.087898     6.4968  34.146204    6.96003    7.23397    34.1747    34.2410     2.8668     3.2375     0.3543    90.7481 2.3171e+03     125549   5231.167      98.66         11  0.000e+00
     12.077     11.968     6.4969  34.085561     6.4958  34.144862    6.96406    7.23385    34.1733    34.2404     2.8680     3.2375     0.3543    90.7745 2.3171e+03     125550   5231.208      98.66         11  0.000e+00
     12.030     11.922     6.4950  34.083980     6.4943  34.143750    6.96439    7.23373    34.1735    34.2407     2.8680     3.2375     0.3543    90.7481 2.3171e+03     125551   5231.250      98.66         11  0.000e+00
