Ship_data/Southern/Southern_Ocean-02_NBP-15-11_2015-12-07/CTD NBP1511/process/nbp1511_002.ros
* Sea-Bird SBE 9 Data File:
* FileName = D:\Data\raw\NBP1511_002.hdr
* Software Version Seasave V 7.21e
* Temperature SN = 5730
* Conductivity SN = 1143
* Number of Bytes Per Scan = 40
* Number of Voltage Words = 5
* Number of Scans Averaged by the Deck Unit = 1
* NMEA Latitude = 53 18.73 S
* NMEA Longitude = 080 17.31 W
* NMEA UTC (Time) = Dec 08 2015  21:37:46
* NMEA baud rate = 9600
** Ship: RVIB N.B. Palmer
** Cruise: NBP1511
** Station: CTD Test
** Operator: S. Blackman
# nquan = 20
# nvalues = 1176                                  
# units = specified
# name 0 = prDM: Pressure, Digiquartz [db]
# name 1 = depSM: Depth [salt water, m]
# name 2 = t090C: Temperature [ITS-90, deg C]
# name 3 = c0mS/cm: Conductivity [mS/cm]
# name 4 = t190C: Temperature, 2 [ITS-90, deg C]
# name 5 = c1mS/cm: Conductivity, 2 [mS/cm]
# name 6 = sbeox0ML/L: Oxygen, SBE 43 [ml/l]
# name 7 = sbeox1ML/L: Oxygen, SBE 43, 2 [ml/l]
# name 8 = sal00: Salinity, Practical [PSU]
# name 9 = sal11: Salinity, Practical, 2 [PSU]
# name 10 = sbeox0V: Oxygen raw, SBE 43 [V]
# name 11 = sbeox1V: Oxygen raw, SBE 43, 2 [V]
# name 12 = flECO-AFL: Fluorescence, WET Labs ECO-AFL/FL [mg/m^3]
# name 13 = CStarTr0: Beam Transmission, WET Labs C-Star [%]
# name 14 = spar: SPAR/Surface Irradiance
# name 15 = scan: Scan Count
# name 16 = timeS: Time, Elapsed [seconds]
# name 17 = altM: Altimeter [m]
# name 18 = nbf: Bottles Fired
# name 19 = flag:  0.000e+00
# interval = seconds: 0.0416667
# start_time = Dec 08 2015 21:37:46 [NMEA time, header]
# bad_flag = -9.990e-29
*END*
[from data line 1086]
     24.617     24.398     6.8960  34.303599     6.8961  34.327779    6.98888    7.28071    34.0109    34.0374     2.8943     3.2723     3.2774    88.8763 2.6357e+02     136859   5702.417      98.66         23  0.000e+00
     24.617     24.398     6.8960  34.303736     6.8963  34.328074    6.98534    7.28036    34.0111    34.0375     2.8931     3.2723     3.2774    88.8499 2.6357e+02     136860   5702.458      98.66         23  0.000e+00
     24.617     24.398     6.8960  34.303909     6.8963  34.328041    6.98550    7.27998    34.0113    34.0376     2.8931     3.2723     3.2774    88.8499 2.6357e+02     136861   5702.500      98.66         23  0.000e+00
     24.671     24.450     6.8960  34.304047     6.8963  34.328369    6.98573    7.27963    34.0114    34.0378     2.8931     3.2723     3.2774    88.8499 2.6357e+02     136862   5702.542      98.66         23  0.000e+00
     24.671     24.450     6.8960  34.303978     6.8964  34.328304    6.98596    7.27922    34.0113    34.0377     2.8931     3.2723     3.2774    88.8763 2.6357e+02     136863   5702.583      98.66         23  0.000e+00
     24.671     24.450     6.8960  34.303668     6.8963  34.328238    6.98622    7.27879    34.0110    34.0377     2.8931     3.2723     3.2774    88.9027 2.6357e+02     136864   5702.625      98.66         23  0.000e+00
     24.671     24.450     6.8960  34.303668     6.8963  34.328632    6.98649    7.28299    34.0110    34.0382     2.8931     3.2735     3.2774    88.8763 2.6357e+02     136865   5702.667      98.66         23  0.000e+00
     24.671     24.450     6.8960  34.303771     6.8965  34.328107    6.99111    7.27964    34.0111    34.0374     2.8943     3.2723     3.2774    88.9027 2.6357e+02     136866   5702.708      98.66         23  0.000e+00
     24.717     24.496     6.8960  34.303909     6.8964  34.328140    6.98779    7.27980    34.0112    34.0375     2.8931     3.2723     3.2774    88.9554 2.6357e+02     136867   5702.750      98.66         23  0.000e+00
     24.717     24.496     6.8962  34.304254     6.8966  34.328041    6.98808    7.27988    34.0114    34.0372     2.8931     3.2723     3.2774    89.0345 2.6357e+02     136868   5702.792      98.66         23  0.000e+00
     24.764     24.543     6.8962  34.303840     6.8961  34.328173    6.98850    7.27946    34.0110    34.0378     2.8931     3.2723     3.2774    89.0345 2.6357e+02     136869   5702.833      98.66         23  0.000e+00
     24.717     24.496     6.8963  34.303978     6.8963  34.328042    6.98813    7.27949    34.0110    34.0375     2.8931     3.2723     3.2774    89.0609 2.6357e+02     136870   5702.875      98.66         23  0.000e+00
     24.764     24.543     6.8963  34.304289     6.8965  34.328173    6.98786    7.27961    34.0113    34.0374     2.8931     3.2723     3.2774    89.0081 2.6357e+02     136871   5702.917      98.66         23  0.000e+00
     24.817     24.595     6.8962  34.303841     6.8963  34.328042    6.98764    7.28385    34.0109    34.0375     2.8931     3.2735     3.2774    88.9818 2.6357e+02     136872   5702.958      98.66         23  0.000e+00
     24.764     24.543     6.8960  34.303978     6.8963  34.328107    6.98730    7.27981    34.0113    34.0375     2.8931     3.2723     3.2774    88.9818 2.6357e+02     136873   5703.000      98.66         23  0.000e+00
     24.863     24.641     6.8960  34.303979     6.8963  34.328403    6.98709    7.27996    34.0112    34.0378     2.8931     3.2723     3.2774    88.9290 2.6357e+02     136874   5703.042      98.66         23  0.000e+00
     24.817     24.595     6.8962  34.303841     6.8965  34.328501    6.98673    7.27995    34.0109    34.0378     2.8931     3.2723     3.2774    88.9290 2.6357e+02     136875   5703.083      98.66         23  0.000e+00
     24.910     24.688     6.8963  34.304117     6.8964  34.328305    6.98648    7.27944    34.0110    34.0376     2.8931     3.2723     3.2774    88.9554 2.6357e+02     136876   5703.125      98.66         23  0.000e+00
     24.863     24.641     6.8962  34.304323     6.8958  34.328436    6.98683    7.27882    34.0114    34.0383     2.8931     3.2723     3.2774    89.0345 2.6357e+02     136877   5703.167      98.66         23  0.000e+00
     24.910     24.688     6.8965  34.304461     6.8961  34.328501    6.98724    7.27881    34.0113    34.0381     2.8931     3.2723     3.2774    89.0081 2.6357e+02     136878   5703.208      98.66         23  0.000e+00
     24.910     24.688     6.8965  34.304599     6.8968  34.328108    6.99131    7.27881    34.0114    34.0370     2.8943     3.2723     3.2774    89.0081 2.6357e+02     136879   5703.250      98.66         23  0.000e+00
     24.963     24.740     6.8967  34.304530     6.8968  34.328534    6.98740    7.27883    34.0111    34.0374     2.8931     3.2723     3.2774    88.9554 2.6357e+02     136880   5703.292      98.66         23  0.000e+00
     25.010     24.786     6.8965  34.304772     6.8966  34.328731    6.98786    7.27888    34.0115    34.0378     2.8931     3.2723     3.2261    88.9554 2.6357e+02     136881   5703.333      98.66         23  0.000e+00
     25.010     24.786     6.8965  34.304600     6.8966  34.328764    6.98763    7.27829    34.0114    34.0378     2.8931     3.2723     3.1748    88.9290 2.6357e+02     136882   5703.375      98.66         23  0.000e+00
     25.063     24.839     6.8967  34.304186     6.8968  34.328764    6.98743    7.27770    34.0107    34.0377     2.8931     3.2723     3.1675    88.9554 2.6357e+02     136883   5703.417      98.66         23  0.000e+00
     25.010     24.786     6.8965  34.304082     6.8968  34.328961    6.98785    7.27702    34.0108    34.0378     2.8931     3.2723     3.1675    88.9554 2.6357e+02     136884   5703.458      98.66         23  0.000e+00
     25.109     24.885     6.8965  34.303979     6.8968  34.328830    6.99205    7.27705    34.0106    34.0377     2.8943     3.2723     3.1748    88.9554 2.6357e+02     136885   5703.500      98.66         23  0.000e+00
     25.109     24.885     6.8962  34.304634     6.8965  34.328961    6.98814    7.27698    34.0117    34.0381     2.8931     3.2723     3.1748    88.9554 2.6357e+02     136886   5703.542      98.66         23  0.000e+00
     25.156     24.931     6.8962  34.304186     6.8961  34.328797    6.98864    7.27697    34.0111    34.0383     2.8931     3.2723     3.1748    88.9818 2.6357e+02     136887   5703.583      98.66         23  0.000e+00
     25.156     24.931     6.8962  34.304049     6.8966  34.328929    6.98843    7.27691    34.0110    34.0379     2.8931     3.2723     3.1748    88.9818 2.6357e+02     136888   5703.625      98.66         23  0.000e+00
     25.209     24.984     6.8962  34.304393     6.8969  34.328830    6.99256    7.27687    34.0113    34.0375     2.8943     3.2723     3.1748    89.0081 2.6357e+02     136889   5703.667      98.66         23  0.000e+00
     25.256     25.030     6.8963  34.304187     6.8968  34.328962    6.98869    7.27683    34.0109    34.0377     2.8931     3.2723     3.1748    89.0081 2.6357e+02     136890   5703.708      98.66         23  0.000e+00
     25.256     25.030     6.8960  34.304187     6.8971  34.329224    6.99349    7.27679    34.0112    34.0378     2.8943     3.2723     3.1675    88.9818 2.6357e+02     136891   5703.750      98.66         23  0.000e+00
     25.302     25.076     6.8962  34.304118     6.8969  34.328896    6.99393    7.27675    34.0110    34.0375     2.8943     3.2723     3.1748    89.0081 2.6357e+02     136892   5703.792      98.66         23  0.000e+00
     25.302     25.076     6.8959  34.304394     6.8973  34.329355    6.99001    7.27670    34.0116    34.0377     2.8931     3.2723     3.1748    88.9818 2.6357e+02     136893   5703.833      98.66         23  0.000e+00
     25.355     25.129     6.8962  34.304601     6.8971  34.329520    6.99406    7.27662    34.0115    34.0380     2.8943     3.2723     3.1748    89.0345 2.6357e+02     136894   5703.875      98.66         23  0.000e+00
     25.355     25.129     6.8960  34.304428     6.8973  34.329323    6.99513    7.27658    34.0115    34.0376     2.8943     3.2723     3.1748    89.0609 2.6357e+02     136895   5703.917      98.66         23  0.000e+00
     25.402     25.175     6.8960  34.304256     6.8969  34.329290    6.99122    7.27656    34.0112    34.0379     2.8931     3.2723     3.1748    89.0609 2.6357e+02     136896   5703.958      98.66         23  0.000e+00
     25.402     25.175     6.8963  34.304532     6.8968  34.329093    6.99086    7.27643    34.0113    34.0378     2.8931     3.2723     3.1748    89.1136 2.6357e+02     136897   5704.000      98.66         23  0.000e+00
     25.502     25.274     6.8963  34.304739     6.8969  34.329028    6.99064    7.27239    34.0114    34.0376     2.8931     3.2711     3.1748    89.1136 2.6357e+02     136898   5704.042      98.66         23  0.000e+00
     25.502     25.274     6.8963  34.304463     6.8970  34.329028    6.99035    7.27582    34.0111    34.0375     2.8931     3.2723     3.1748    89.0609 2.6357e+02     136899   5704.083      98.66         23  0.000e+00
      3.672      3.639     6.8946  34.292947     6.8945  34.317640    7.00167    7.29080    34.0110    34.0382     2.9013     3.2829     3.1382    89.0081 2.5767e+02     138521   5771.667      98.66         24  0.000e+00
      3.619      3.587     6.8944  34.292878     6.8947  34.317738    7.00131    7.29095    34.0111    34.0382     2.9013     3.2829     3.1382    88.9818 2.5767e+02     138522   5771.708      98.66         24  0.000e+00
      3.619      3.587     6.8946  34.292947     6.8950  34.317378    7.00025    7.29107    34.0110    34.0375     2.9013     3.2829     3.1382    88.9554 2.5571e+02     138523   5771.750      98.66         24  0.000e+00
      3.605      3.573     6.8946  34.293051     6.8952  34.317640    6.99982    7.29117    34.0111    34.0376     2.9013     3.2829     3.1382    88.9027 2.5571e+02     138524   5771.792      98.66         24  0.000e+00
      3.572      3.541     6.8946  34.292775     6.8947  34.317771    7.00005    7.29125    34.0108    34.0383     2.9013     3.2829     3.1382    88.8763 2.5571e+02     138525   5771.833      98.66         24  0.000e+00
      3.526      3.494     6.8947  34.292809     6.8950  34.317705    7.00386    7.29186    34.0107    34.0379     2.9025     3.2829     3.1602    88.9027 2.5767e+02     138526   5771.875      98.66         24  0.000e+00
      3.526      3.494     6.8944  34.292533     6.8950  34.317541    6.99976    7.29199    34.0107    34.0377     2.9013     3.2829     3.1822    88.9027 2.5767e+02     138527   5771.917      98.66         24  0.000e+00
      3.526      3.494     6.8946  34.292740     6.8947  34.317508    6.99491    7.28797    34.0108    34.0380     2.9001     3.2817     3.1822    88.8499 2.5767e+02     138528   5771.958      98.66         24  0.000e+00
      3.559      3.527     6.8946  34.292947     6.8950  34.317705    6.99874    7.29149    34.0110    34.0379     2.9013     3.2829     3.1822    88.8499 2.5571e+02     138529   5772.000      98.66         24  0.000e+00
      3.473      3.442     6.8947  34.293257     6.8949  34.317574    6.99811    7.29139    34.0113    34.0379     2.9013     3.2829     3.1822    88.8236 2.5767e+02     138530   5772.042      98.66         24  0.000e+00
      3.473      3.442     6.8946  34.293050     6.8948  34.317836    6.99759    7.29142    34.0112    34.0383     2.9013     3.2829     3.1822    88.8236 2.5767e+02     138531   5772.083      98.66         24  0.000e+00
      3.473      3.442     6.8947  34.293050     6.8950  34.317410    6.99768    7.29138    34.0110    34.0376     2.9013     3.2829     3.1822    88.8499 2.5571e+02     138532   5772.125      98.66         24  0.000e+00
      3.459      3.429     6.8944  34.292774     6.8948  34.317443    6.99714    7.29137    34.0110    34.0378     2.9013     3.2829     3.1822    88.9027 2.5571e+02     138533   5772.167      98.66         24  0.000e+00
      3.426      3.396     6.8947  34.292809     6.8947  34.317508    6.99285    7.28719    34.0108    34.0381     2.9001     3.2817     3.1822    88.9027 2.5767e+02     138534   5772.208      98.66         24  0.000e+00
      3.473      3.442     6.8944  34.292740     6.8952  34.317705    6.99669    7.29066    34.0110    34.0377     2.9013     3.2829     3.1822    88.9027 2.5767e+02     138535   5772.250      98.66         24  0.000e+00
      3.426      3.396     6.8946  34.292809     6.8950  34.317770    7.00036    7.29049    34.0109    34.0380     2.9025     3.2829     3.1895    88.9290 2.5767e+02     138536   5772.292      98.66         24  0.000e+00
      3.426      3.396     6.8944  34.292947     6.8950  34.318098    6.99609    7.29099    34.0112    34.0383     2.9013     3.2829     3.1822    88.9554 2.5767e+02     138537   5772.333      98.66         24  0.000e+00
      3.459      3.429     6.8947  34.292878     6.8950  34.317475    6.99612    7.29147    34.0109    34.0377     2.9013     3.2829     3.1822    88.9554 2.5767e+02     138538   5772.375      98.66         24  0.000e+00
      3.426      3.396     6.8947  34.292740     6.8952  34.317639    6.99612    7.28789    34.0107    34.0377     2.9013     3.2817     3.1822    88.9554 2.5767e+02     138539   5772.417      98.66         24  0.000e+00
      3.426      3.396     6.8946  34.292981     6.8951  34.317574    6.99547    7.28722    34.0111    34.0377     2.9013     3.2817     3.1822    88.9290 2.5767e+02     138540   5772.458      98.66         24  0.000e+00
      3.426      3.396     6.8946  34.293188     6.8952  34.317508    6.99477    7.28653    34.0114    34.0375     2.9013     3.2817     3.1822    88.9027 2.5767e+02     138541   5772.500      98.66         24  0.000e+00
      3.413      3.382     6.8946  34.292912     6.8953  34.317836    6.99406    7.28989    34.0111    34.0378     2.9013     3.2829     3.1822    88.8499 2.5571e+02     138542   5772.542      98.66         24  0.000e+00
      3.426      3.396     6.8946  34.292740     6.8945  34.317607    6.99335    7.28575    34.0109    34.0383     2.9013     3.2817     3.1822    88.8499 2.5571e+02     138543   5772.583      98.66         24  0.000e+00
      3.473      3.442     6.8949  34.292981     6.8951  34.317705    6.99326    7.28907    34.0108    34.0378     2.9013     3.2829     3.1822    88.8499 2.5571e+02     138544   5772.625      98.66         24  0.000e+00
      3.426      3.396     6.8946  34.293188     6.8953  34.317770    6.99316    7.28488    34.0114    34.0377     2.9013     3.2817     3.1822    88.8499 2.5571e+02     138545   5772.667      98.66         24  0.000e+00
      3.473      3.442     6.8947  34.292809     6.8950  34.317771    6.99312    7.28419    34.0108    34.0380     2.9013     3.2817     3.1822    88.8763 2.5571e+02     138546   5772.708      98.66         24  0.000e+00
      3.459      3.429     6.8944  34.292981     6.8948  34.317508    6.99305    7.28348    34.0113    34.0379     2.9013     3.2817     3.1822    88.9290 2.5571e+02     138547   5772.750      98.66         24  0.000e+00
      3.473      3.442     6.8947  34.292774     6.8949  34.317672    6.99296    7.28334    34.0107    34.0380     2.9013     3.2817     3.1822    88.9027 2.5571e+02     138548   5772.792      98.66         24  0.000e+00
      3.526      3.494     6.8944  34.292602     6.8945  34.317574    6.99365    7.28335    34.0108    34.0382     2.9013     3.2817     3.1895    88.8763 2.5571e+02     138549   5772.833      98.66         24  0.000e+00
      3.526      3.494     6.8946  34.292878     6.8950  34.317508    6.99356    7.28263    34.0110    34.0376     2.9013     3.2817     3.2042    88.7972 2.5571e+02     138550   5772.875      98.66         24  0.000e+00
      3.506      3.475     6.8947  34.293050     6.8948  34.317508    6.98915    7.28190    34.0110    34.0379     2.9001     3.2817     3.2042    88.7972 2.5571e+02     138551   5772.917      98.66         24  0.000e+00
