Ship_data/Southern/Southern_Ocean-02_NBP-15-11_2015-12-07/CTD NBP1511/process/nbp1511_008.ros
* Sea-Bird SBE 9 Data File:
* FileName = D:\Data\raw\NBP1511_008.hdr
* Software Version Seasave V 7.21e
* Temperature SN = 5730
* Conductivity SN = 1143
* Number of Bytes Per Scan = 40
* Number of Voltage Words = 5
* Number of Scans Averaged by the Deck Unit = 1
* NMEA Latitude = 54 31.07 S
* NMEA Longitude = 089 22.21 W
* NMEA UTC (Time) = Dec 13 2015  16:49:16
* NMEA baud rate = 9600
** Ship: RVIB N.B. Palmer
** Cruise: NBP1511
** Station: HYPM1
** Operator: S. Blackman/B.Bjork
# nquan = 20
# nvalues = 539                                   
# units = specified
# name 0 = prDM: Pressure, Digiquartz [db]
# name 1 = depSM: Depth [salt water, m]
# name 2 = t090C: Temperature [ITS-90, deg C]
# name 3 = c0mS/cm: Conductivity [mS/cm]
# name 4 = t190C: Temperature, 2 [ITS-90, deg C]
# name 5 = c1mS/cm: Conductivity, 2 [mS/cm]
# name 6 = sbeox0ML/L: Oxygen, SBE 43 [ml/l]
# name 7 = sbeox1ML/L: Oxygen, SBE 43, 2 [ml/l]
# name 8 = sal00: Salinity, Practical [PSU]
# name 9 = sal11: Salinity, Practical, 2 [PSU]
# name 10 = sbeox0V: Oxygen raw, SBE 43 [V]
# name 11 = sbeox1V: Oxygen raw, SBE 43, 2 [V]
# name 12 = flECO-AFL: Fluorescence, WET Labs ECO-AFL/FL [mg/m^3]
# name 13 = CStarTr0: Beam Transmission, WET Labs C-Star [%]
# name 14 = spar: SPAR/Surface Irradiance
# name 15 = scan: Scan Count
# name 16 = timeS: Time, Elapsed [seconds]
# name 17 = altM: Altimeter [m]
# name 18 = nbf: Bottles Fired
# name 19 = flag:  0.000e+00
# interval = seconds: 0.0416667
# start_time = Dec 13 2015 16:49:16 [NMEA time, header]
# bad_flag = -9.990e-29
*END*
[from data line 73]
   4076.210   4001.231     0.9113  31.242207     0.9124  31.263760    4.49434    4.42143    34.7111    34.7367     1.3175     1.4881     0.0027    95.5200 2.4115e+03     131848   5493.625      98.66          2  0.000e+00
   4076.439   4001.454     0.9110  31.241910     0.9124  31.263634    4.50128    4.42205    34.7109    34.7365     1.3188     1.4881     0.0027    95.5200 2.4115e+03     131849   5493.667      98.66          2  0.000e+00
   4076.267   4001.287     0.9115  31.242174     0.9117  31.263508    4.49256    4.42233    34.7108    34.7371     1.3175     1.4881     0.0027    95.5464 2.4115e+03     131850   5493.708      98.66          2  0.000e+00
   4076.267   4001.287     0.9112  31.242042     0.9119  31.263665    4.49161    4.42280    34.7110    34.7371     1.3175     1.4881    -0.0046    95.5200 2.4135e+03     131851   5493.750      98.63          2  0.000e+00
   4076.260   4001.280     0.9113  31.241843     0.9120  31.263162    4.49472    4.42324    34.7107    34.7363     1.3175     1.4881     0.0027    95.5200 2.4115e+03     131852   5493.792      98.66          2  0.000e+00
   4076.210   4001.231     0.9112  31.241975     0.9120  31.263256    4.50949    4.41293    34.7109    34.7365     1.3188     1.4868     0.0027    95.5200 2.4115e+03     131853   5493.833      98.66          2  0.000e+00
   4076.210   4001.231     0.9113  31.241975     0.9117  31.263256    4.50108    4.42071    34.7108    34.7368     1.3175     1.4881    -0.0046    95.5200 2.4115e+03     131854   5493.875      98.66          2  0.000e+00
   4076.210   4001.231     0.9115  31.242207     0.9119  31.263414    4.50024    4.42127    34.7109    34.7368     1.3175     1.4881     0.0027    95.5464 2.4115e+03     131855   5493.917      98.66          2  0.000e+00
   4076.210   4001.231     0.9112  31.242306     0.9120  31.263382    4.49944    4.42555    34.7113    34.7366     1.3175     1.4881     0.0027    95.5464 2.4115e+03     131856   5493.958      98.63          2  0.000e+00
   4076.160   4001.182     0.9114  31.242107     0.9117  31.263068    4.51010    4.42625    34.7109    34.7366     1.3188     1.4881     0.0027    95.5200 2.4115e+03     131857   5494.000      98.63          2  0.000e+00
   4076.152   4001.175     0.9115  31.241975     0.9116  31.263539    4.51304    4.42697    34.7106    34.7373     1.3188     1.4881     0.0027    95.5200 2.4115e+03     131858   5494.042      98.63          2  0.000e+00
   4076.102   4001.126     0.9115  31.242372     0.9120  31.263539    4.50427    4.42766    34.7112    34.7369     1.3175     1.4881     0.0027    95.5200 2.4115e+03     131859   5494.083      98.66          2  0.000e+00
   4076.102   4001.127     0.9113  31.242702     0.9122  31.263728    4.49903    4.42840    34.7117    34.7369     1.3175     1.4881     0.0027    95.5200 2.4115e+03     131860   5494.125      98.66          2  0.000e+00
   4076.102   4001.127     0.9115  31.242537     0.9124  31.263916    4.50922    4.42546    34.7114    34.7370     1.3188     1.4881     0.0027    95.5200 2.4115e+03     131861   5494.167      98.66          2  0.000e+00
   4076.038   4001.064     0.9121  31.242867     0.9128  31.264136    4.50005    4.42592    34.7111    34.7368     1.3175     1.4881     0.0027    95.5200 2.4115e+03     131862   5494.208      98.66          2  0.000e+00
   4076.045   4001.071     0.9124  31.243032     0.9128  31.264199    4.48703    4.42281    34.7110    34.7369     1.3163     1.4881    -0.0046    95.5200 2.4115e+03     131863   5494.250      98.63          2  0.000e+00
   4075.987   4001.015     0.9126  31.243561     0.9127  31.264294    4.49322    4.42318    34.7115    34.7372     1.3175     1.4881     0.0027    95.5200 2.4115e+03     131864   5494.292      98.66          2  0.000e+00
   4076.038   4001.064     0.9130  31.244256     0.9128  31.264797    4.49597    4.42358    34.7119    34.7376     1.3175     1.4881     0.0027    95.5200 2.4115e+03     131865   5494.333      98.63          2  0.000e+00
   4075.987   4001.015     0.9135  31.244288     0.9134  31.264954    4.49063    4.42393    34.7114    34.7372     1.3175     1.4881     0.0027    95.5200 2.4115e+03     131866   5494.375      98.63          2  0.000e+00
   4075.873   4000.903     0.9135  31.243858     0.9134  31.264576    4.48927    4.42433    34.7109    34.7367     1.3175     1.4881    -0.0046    95.5200 2.4095e+03     131867   5494.417      98.63          2  0.000e+00
   4075.980   4001.008     0.9138  31.244288     0.9138  31.264702    4.48798    4.42478    34.7111    34.7365     1.3175     1.4881    -0.0046    95.5464 2.4095e+03     131868   5494.458      98.63          2  0.000e+00
   4075.873   4000.903     0.9139  31.244619     0.9141  31.265268    4.49068    4.42513    34.7114    34.7369     1.3175     1.4881    -0.0120    95.5200 2.4095e+03     131869   5494.500      98.66          2  0.000e+00
   4075.873   4000.903     0.9139  31.244718     0.9142  31.265425    4.48953    4.42557    34.7115    34.7370     1.3175     1.4881    -0.0046    95.5200 2.4095e+03     131870   5494.542      98.66          2  0.000e+00
   4075.866   4000.896     0.9140  31.244354     0.9139  31.265520    4.48838    4.42602    34.7110    34.7374     1.3175     1.4881    -0.0046    95.5464 2.4095e+03     131871   5494.583      98.66          2  0.000e+00
   4075.815   4000.848     0.9139  31.243825     0.9147  31.265268    4.48723    4.43012    34.7105    34.7363     1.3175     1.4881    -0.0120    95.5200 2.4095e+03     131872   5494.625      98.66          2  0.000e+00
   3560.845   3499.444     1.2835  31.387846     1.2832  31.409637    4.33706    4.29142    34.7179    34.7451     1.3527     1.5271     0.0027    95.5200 2.3820e+03     145948   6081.125      98.66          3  0.000e+00
   3560.845   3499.444     1.2835  31.387979     1.2832  31.409511    4.32810    4.29106    34.7181    34.7450     1.3514     1.5271     0.0100    95.5200 2.3840e+03     145949   6081.167      98.66          3  0.000e+00
   3560.845   3499.444     1.2836  31.388145     1.2834  31.409259    4.32929    4.29080    34.7181    34.7445     1.3514     1.5271     0.0027    95.5200 2.3840e+03     145950   6081.208      98.63          3  0.000e+00
   3560.895   3499.493     1.2838  31.388277     1.2831  31.409385    4.33049    4.28769    34.7180    34.7450     1.3514     1.5271     0.0027    95.5200 2.3840e+03     145951   6081.250      98.66          3  0.000e+00
   3560.710   3499.312     1.2835  31.388210     1.2834  31.409637    4.32828    4.28451    34.7184    34.7450     1.3514     1.5271     0.0027    95.5464 2.3859e+03     145952   6081.292      98.66          3  0.000e+00
   3560.952   3499.548     1.2836  31.387880     1.2834  31.409511    4.31598    4.29401    34.7178    34.7448     1.3501     1.5284     0.0027    95.5200 2.3879e+03     145953   6081.333      98.66          3  0.000e+00
   3560.895   3499.493     1.2838  31.388277     1.2834  31.409637    4.32393    4.29370    34.7180    34.7450     1.3514     1.5284     0.0100    95.5464 2.3879e+03     145954   6081.375      98.63          3  0.000e+00
   3560.845   3499.444     1.2836  31.388509     1.2835  31.409637    4.32499    4.29632    34.7186    34.7448     1.3514     1.5284     0.0027    95.5200 2.3899e+03     145955   6081.417      98.63          3  0.000e+00
   3560.846   3499.444     1.2836  31.388244     1.2834  31.409669    4.32607    4.29896    34.7183    34.7450     1.3514     1.5284     0.0027    95.5464 2.3899e+03     145956   6081.458      98.66          3  0.000e+00
   3560.895   3499.493     1.2835  31.387880     1.2834  31.409700    4.31703    4.30164    34.7179    34.7450     1.3501     1.5284     0.0027    95.5200 2.3918e+03     145957   6081.500      98.66          3  0.000e+00
   3560.895   3499.493     1.2838  31.388078     1.2834  31.410047    4.31499    4.29177    34.7179    34.7455     1.3501     1.5271     0.0027    95.5200 2.3918e+03     145958   6081.542      98.66          3  0.000e+00
   3560.846   3499.444     1.2836  31.388178     1.2834  31.409984    4.32326    4.28852    34.7182    34.7454     1.3514     1.5271     0.0100    95.5464 2.3938e+03     145959   6081.583      98.66          3  0.000e+00
   3560.895   3499.493     1.2837  31.388078     1.2832  31.410299    4.32463    4.29779    34.7180    34.7459     1.3514     1.5284     0.0027    95.5200 2.3958e+03     145960   6081.625      98.66          3  0.000e+00
   3560.846   3499.444     1.2836  31.388343     1.2838  31.410236    4.31577    4.30039    34.7184    34.7452     1.3501     1.5284    -0.0046    95.5200 2.3958e+03     145961   6081.667      98.63          3  0.000e+00
   3560.896   3499.493     1.2838  31.387946     1.2845  31.410362    4.32422    4.30305    34.7177    34.7447     1.3514     1.5284    -0.0046    95.4936 2.3977e+03     145962   6081.708      98.63          3  0.000e+00
   3560.896   3499.493     1.2837  31.388078     1.2843  31.410236    4.32570    4.30269    34.7180    34.7447     1.3514     1.5284     0.0027    95.5200 2.3977e+03     145963   6081.750      98.66          3  0.000e+00
   3560.896   3499.493     1.2838  31.388277     1.2841  31.410551    4.32380    4.30220    34.7181    34.7453     1.3514     1.5284    -0.0046    95.5200 2.3997e+03     145964   6081.792      98.66          3  0.000e+00
   3560.896   3499.493     1.2835  31.388211     1.2841  31.410488    4.32518    4.29216    34.7184    34.7452     1.3514     1.5271     0.0027    95.4936 2.3997e+03     145965   6081.833      98.66          3  0.000e+00
   3560.953   3499.548     1.2835  31.388443     1.2843  31.410614    4.32654    4.28871    34.7186    34.7451     1.3514     1.5271     0.0027    95.5464 2.3997e+03     145966   6081.875      98.66          3  0.000e+00
   3560.896   3499.493     1.2833  31.388244     1.2843  31.410299    4.32786    4.29470    34.7185    34.7448     1.3514     1.5284     0.0027    95.5464 2.4017e+03     145967   6081.917      98.63          3  0.000e+00
   3560.953   3499.549     1.2836  31.388377     1.2843  31.410362    4.32586    4.29698    34.7184    34.7448     1.3514     1.5284    -0.0046    95.5200 2.4017e+03     145968   6081.958      98.63          3  0.000e+00
   3560.953   3499.549     1.2833  31.388145     1.2841  31.410614    4.31694    4.28981    34.7184    34.7453     1.3501     1.5271     0.0027    95.5464 2.4036e+03     145969   6082.000      98.66          3  0.000e+00
   3560.953   3499.549     1.2835  31.387979     1.2845  31.410299    4.31505    4.28932    34.7180    34.7446     1.3501     1.5271     0.0027    95.5464 2.4056e+03     145970   6082.042      98.66          3  0.000e+00
   3560.953   3499.549     1.2832  31.387648     1.2840  31.409984    4.32352    4.28900    34.7179    34.7447     1.3514     1.5271     0.0027    95.5464 2.4056e+03     145971   6082.083      98.66          3  0.000e+00
   3560.988   3499.583     1.2830  31.387648     1.2837  31.410110    4.32503    4.29828    34.7181    34.7451     1.3514     1.5284     0.0027    95.5200 2.4056e+03     145972   6082.125      98.63          3  0.000e+00
   3560.953   3499.549     1.2829  31.387383     1.2840  31.409984    4.32315    4.30091    34.7179    34.7447     1.3514     1.5284     0.0027    95.5464 2.4076e+03     145973   6082.167      98.66          3  0.000e+00
   3561.010   3499.604     1.2829  31.387218     1.2838  31.409953    4.32453    4.30359    34.7177    34.7448     1.3514     1.5284     0.0027    95.5464 2.4076e+03     145974   6082.208      98.66          3  0.000e+00
   3560.953   3499.549     1.2827  31.387648     1.2838  31.409953    4.32584    4.30619    34.7185    34.7448     1.3514     1.5284    -0.0046    95.5200 2.4095e+03     145975   6082.250      98.66          3  0.000e+00
   3561.067   3499.660     1.2830  31.388079     1.2838  31.410300    4.32720    4.29936    34.7186    34.7452     1.3514     1.5271     0.0027    95.5200 2.4115e+03     145976   6082.292      98.66          3  0.000e+00
   3561.010   3499.604     1.2830  31.388178     1.2843  31.410236    4.33866    4.30569    34.7187    34.7446     1.3527     1.5284     0.0027    95.5200 2.4115e+03     145977   6082.333      98.66          3  0.000e+00
   3561.067   3499.660     1.2830  31.387715     1.2841  31.410363    4.33297    4.29590    34.7181    34.7449     1.3514     1.5271    -0.0046    95.5200 2.4135e+03     145978   6082.375      98.66          3  0.000e+00
   3561.067   3499.660     1.2830  31.387648     1.2841  31.410804    4.33752    4.30216    34.7181    34.7455     1.3514     1.5284    -0.0046    95.5200 2.4154e+03     145979   6082.417      98.66          3  0.000e+00
   3561.067   3499.660     1.2835  31.388145     1.2852  31.411465    4.33880    4.30161    34.7182    34.7451     1.3514     1.5284     0.0027    95.5464 2.4154e+03     145980   6082.458      98.66          3  0.000e+00
   3561.124   3499.715     1.2833  31.388576     1.2859  31.411655    4.34017    4.29156    34.7188    34.7447     1.3514     1.5271     0.0027    95.5200 2.4174e+03     145981   6082.500      98.66          3  0.000e+00
   3561.067   3499.660     1.2837  31.388940     1.2857  31.411465    4.34143    4.29101    34.7190    34.7446     1.3514     1.5271     0.0027    95.5464 2.4174e+03     145982   6082.542      98.66          3  0.000e+00
   3561.181   3499.771     1.2841  31.389139     1.2854  31.411592    4.34278    4.29066    34.7187    34.7450     1.3514     1.5271     0.0027    95.5464 2.4194e+03     145983   6082.583      98.66          3  0.000e+00
   3561.124   3499.715     1.2844  31.389272     1.2856  31.411655    4.34405    4.29684    34.7185    34.7450     1.3514     1.5284     0.0027    95.5464 2.4213e+03     145984   6082.625      98.66          3  0.000e+00
   3561.124   3499.715     1.2846  31.389735     1.2860  31.411655    4.34535    4.29932    34.7189    34.7445     1.3514     1.5284     0.0027    95.5200 2.4213e+03     145985   6082.667      98.66          3  0.000e+00
   3561.181   3499.771     1.2850  31.389702     1.2856  31.411466    4.33652    4.29883    34.7184    34.7447     1.3501     1.5284     0.0027    95.5200 2.4233e+03     145986   6082.708      98.66          3  0.000e+00
   3561.231   3499.820     1.2850  31.389570     1.2854  31.411592    4.34498    4.29827    34.7182    34.7450     1.3514     1.5284     0.0027    95.5200 2.4233e+03     145987   6082.750      98.66          3  0.000e+00
   3561.181   3499.771     1.2849  31.389636     1.2860  31.411812    4.34644    4.30053    34.7185    34.7447     1.3514     1.5284     0.0027    95.5200 2.4253e+03     145988   6082.792      98.66          3  0.000e+00
   3561.231   3499.820     1.2844  31.389371     1.2860  31.412065    4.35815    4.29041    34.7186    34.7450     1.3527     1.5271     0.0100    95.5200 2.4272e+03     145989   6082.833      98.63          3  0.000e+00
   3561.231   3499.820     1.2845  31.389007     1.2862  31.412159    4.34920    4.28981    34.7180    34.7449     1.3514     1.5271     0.0100    95.5464 2.4292e+03     145990   6082.875      98.66          3  0.000e+00
   3561.231   3499.820     1.2839  31.389007     1.2860  31.412348    4.34711    4.29888    34.7187    34.7453     1.3514     1.5284     0.0027    95.5200 2.4292e+03     145991   6082.917      98.66          3  0.000e+00
   3561.288   3499.875     1.2844  31.389140     1.2860  31.412222    4.34482    4.30125    34.7183    34.7451     1.3514     1.5284     0.0027    95.5200 2.4312e+03     145992   6082.958      98.66          3  0.000e+00
   3561.345   3499.931     1.2844  31.389272     1.2862  31.411970    4.34244    4.29419    34.7184    34.7446     1.3514     1.5271     0.0027    95.5464 2.4331e+03     145993   6083.000      98.66          3  0.000e+00
