Ship_data/Southern/Southern_Ocean-02_NBP-15-11_2015-12-07/CTD NBP1511/process/nbp1511_013.ros
* Sea-Bird SBE 9 Data File:
* FileName = D:\Data\raw\NBP1511_013.hdr
* Software Version Seasave V 7.21e
* Temperature SN = 5730
* Conductivity SN = 1143
* Number of Bytes Per Scan = 40
* Number of Voltage Words = 5
* Number of Scans Averaged by the Deck Unit = 1
* NMEA Latitude = 54 07.56 S
* NMEA Longitude = 089 45.00 W
* NMEA UTC (Time) = Dec 20 2015  15:46:00
* NMEA baud rate = 9600
** Ship: RVIB N.B. Palmer
** Cruise: NBP1511
** Station: FLMA-2
** Operator: B. Bjork
# nquan = 20
# nvalues = 392                                   
# units = specified
# name 0 = prDM: Pressure, Digiquartz [db]
# name 1 = depSM: Depth [salt water, m]
# name 2 = t090C: Temperature [ITS-90, deg C]
# name 3 = c0mS/cm: Conductivity [mS/cm]
# name 4 = t190C: Temperature, 2 [ITS-90, deg C]
# name 5 = c1mS/cm: Conductivity, 2 [mS/cm]
# name 6 = sbeox0ML/L: Oxygen, SBE 43 [ml/l]
# name 7 = sbeox1ML/L: Oxygen, SBE 43, 2 [ml/l]
# name 8 = sal00: Salinity, Practical [PSU]
# name 9 = sal11: Salinity, Practical, 2 [PSU]
# name 10 = sbeox0V: Oxygen raw, SBE 43 [V]
# name 11 = sbeox1V: Oxygen raw, SBE 43, 2 [V]
# name 12 = flECO-AFL: Fluorescence, WET Labs ECO-AFL/FL [mg/m^3]
# name 13 = CStarTr0: Beam Transmission, WET Labs C-Star [%]
# name 14 = spar: SPAR/Surface Irradiance
# name 15 = scan: Scan Count
# name 16 = timeS: Time, Elapsed [seconds]
# name 17 = altM: Altimeter [m]
# name 18 = nbf: Bottles Fired
# name 19 = flag:  0.000e+00
# interval = seconds: 0.0416667
# start_time = Dec 20 2015 15:46:00 [NMEA time, header]
# bad_flag = -9.990e-29
*END*
   1011.576   1000.098     3.8855  32.298250     3.8869  32.351980    4.79220    4.91032    34.2846    34.3465     1.8684     2.1162    -0.0266    95.7045 1.4005e+03      33510   1396.208      98.66          1  0.000e+00
   1011.657   1000.178     3.8850  32.298452     3.8865  32.352300    4.79153    4.91000    34.2853    34.3473     1.8684     2.1162    -0.0266    95.7309 1.4005e+03      33511   1396.250      98.66          1  0.000e+00
   1011.576   1000.098     3.8854  32.298318     3.8871  32.352235    4.79634    4.91479    34.2848    34.3466     1.8696     2.1174    -0.0266    95.7309 1.4005e+03      33512   1396.292      98.66          1  0.000e+00
   1011.657   1000.178     3.8848  32.297848     3.8863  32.352172    4.79233    4.91651    34.2847    34.3473     1.8684     2.1174    -0.0266    95.7045 1.4005e+03      33513   1396.333      98.66          1  0.000e+00
   1011.623   1000.145     3.8848  32.297747     3.8868  32.352172    4.79273    4.91175    34.2846    34.3469     1.8684     2.1162    -0.0266    95.7573 1.4005e+03      33514   1396.375      98.66          1  0.000e+00
   1011.576   1000.098     3.8844  32.297949     3.8863  32.351980    4.79321    4.91129    34.2853    34.3471     1.8684     2.1162    -0.0266    95.7309 1.4005e+03      33515   1396.417      98.66          1  0.000e+00
   1011.657   1000.178     3.8836  32.297412     3.8865  32.352204    4.79270    4.91098    34.2855    34.3472     1.8684     2.1162    -0.0266    95.7573 1.4005e+03      33516   1396.458      98.66          1  0.000e+00
   1011.624   1000.145     3.8828  32.297244     3.8865  32.351821    4.79210    4.91059    34.2861    34.3467     1.8684     2.1162    -0.0266    95.7309 1.4005e+03      33517   1396.500      98.66          1  0.000e+00
   1011.678   1000.198     3.8826  32.297245     3.8863  32.351853    4.79833    4.91019    34.2864    34.3469     1.8696     2.1162    -0.0266    95.7573 1.4005e+03      33518   1396.542      98.66          1  0.000e+00
   1011.657   1000.178     3.8827  32.297043     3.8863  32.351533    4.79878    4.90971    34.2860    34.3466     1.8696     2.1162    -0.0266    95.7309 1.4005e+03      33519   1396.583      98.66          1  0.000e+00
   1011.624   1000.145     3.8828  32.297010     3.8862  32.351437    4.79353    4.90921    34.2859    34.3466     1.8684     2.1162    -0.0266    95.7573 1.4005e+03      33520   1396.625      98.66          1  0.000e+00
   1011.658   1000.178     3.8831  32.297379     3.8863  32.351980    4.79280    4.90872    34.2860    34.3471     1.8684     2.1162    -0.0266    95.7309 1.4005e+03      33521   1396.667      98.66          1  0.000e+00
   1011.678   1000.199     3.8830  32.296909     3.8862  32.351789    4.79778    4.90936    34.2855    34.3470     1.8696     2.1162    -0.0266    95.7573 1.4005e+03      33522   1396.708      98.66          1  0.000e+00
   1011.678   1000.199     3.8827  32.296339     3.8864  32.352044    4.79257    4.90900    34.2852    34.3470     1.8684     2.1162    -0.0266    95.7573 1.4005e+03      33523   1396.750      98.66          1  0.000e+00
   1011.712   1000.232     3.8822  32.296238     3.8860  32.352172    4.79188    4.90970    34.2856    34.3476     1.8684     2.1162    -0.0266    95.7309 1.4024e+03      33524   1396.792      98.66          1  0.000e+00
   1011.678   1000.199     3.8821  32.295836     3.8865  32.351980    4.79678    4.91038    34.2852    34.3469     1.8696     2.1162    -0.0266    95.7309 1.4005e+03      33525   1396.833      98.66          1  0.000e+00
   1011.726   1000.245     3.8820  32.296104     3.8857  32.351629    4.79149    4.91007    34.2856    34.3473     1.8684     2.1162    -0.0266    95.7309 1.4005e+03      33526   1396.875      98.66          1  0.000e+00
   1011.712   1000.232     3.8824  32.296238     3.8855  32.351470    4.79629    4.90969    34.2854    34.3473     1.8696     2.1162    -0.0266    95.7309 1.4024e+03      33527   1396.917      98.66          1  0.000e+00
   1011.726   1000.246     3.8822  32.295668     3.8857  32.351246    4.79662    4.90940    34.2849    34.3468     1.8696     2.1162    -0.0266    95.7309 1.4005e+03      33528   1396.958      98.66          1  0.000e+00
   1011.712   1000.232     3.8819  32.295299     3.8849  32.350991    4.79124    4.90910    34.2847    34.3473     1.8684     2.1162    -0.0266    95.7573 1.4024e+03      33529   1397.000      98.66          1  0.000e+00
   1011.780   1000.299     3.8814  32.294830     3.8848  32.350544    4.79045    4.90993    34.2847    34.3469     1.8684     2.1162    -0.0266    95.7309 1.4005e+03      33530   1397.042      98.66          1  0.000e+00
   1011.780   1000.299     3.8806  32.294125     3.8836  32.349650    4.78966    4.90974    34.2846    34.3471     1.8684     2.1162    -0.0266    95.7309 1.4024e+03      33531   1397.083      98.66          1  0.000e+00
   1011.760   1000.279     3.8798  32.293555     3.8833  32.349011    4.78885    4.90955    34.2849    34.3466     1.8684     2.1162    -0.0266    95.7045 1.4024e+03      33532   1397.125      98.66          1  0.000e+00
   1011.827   1000.346     3.8789  32.293052     3.8827  32.348692    4.78810    4.90941    34.2852    34.3469     1.8684     2.1162    -0.0266    95.7045 1.4024e+03      33533   1397.167      98.66          1  0.000e+00
   1011.780   1000.299     3.8786  32.292951     3.8827  32.348277    4.79286    4.90912    34.2854    34.3464     1.8696     2.1162    -0.0266    95.7309 1.4024e+03      33534   1397.208      98.66          1  0.000e+00
   1011.814   1000.333     3.8786  32.293153     3.8818  32.348405    4.78741    4.90989    34.2856    34.3475     1.8684     2.1162    -0.0266    95.7573 1.4024e+03      33535   1397.250      98.66          1  0.000e+00
   1011.827   1000.346     3.8793  32.294729     3.8816  32.348405    4.78635    4.90951    34.2867    34.3477     1.8684     2.1162    -0.0266    95.7309 1.4024e+03      33536   1397.292      98.66          1  0.000e+00
   1011.861   1000.379     3.8810  32.296943     3.8816  32.348213    4.79202    4.90903    34.2876    34.3475     1.8696     2.1162    -0.0266    95.7309 1.4024e+03      33537   1397.333      98.66          1  0.000e+00
   1011.882   1000.400     3.8825  32.297312     3.8819  32.348150    4.79442    4.90862    34.2864    34.3471     1.8696     2.1162    -0.0266    95.7045 1.4024e+03      33538   1397.375      98.66          1  0.000e+00
   1011.882   1000.400     3.8830  32.297446     3.8816  32.348341    4.79013    4.90831    34.2860    34.3475     1.8684     2.1162    -0.0266    95.7309 1.4024e+03      33539   1397.417      98.66          1  0.000e+00
   1011.916   1000.433     3.8833  32.297514     3.8817  32.348405    4.79046    4.90805    34.2858    34.3475     1.8684     2.1162    -0.0266    95.7309 1.4024e+03      33540   1397.458      98.66          1  0.000e+00
   1011.882   1000.400     3.8834  32.297883     3.8817  32.348405    4.79079    4.90880    34.2861    34.3475     1.8684     2.1162    -0.0266    95.7045 1.4024e+03      33541   1397.500      98.66          1  0.000e+00
   1011.929   1000.447     3.8838  32.298017     3.8817  32.348597    4.79121    4.90963    34.2859    34.3477     1.8684     2.1162    -0.0266    95.7573 1.4024e+03      33542   1397.542      98.66          1  0.000e+00
   1011.916   1000.433     3.8838  32.297816     3.8818  32.348820    4.79733    4.90946    34.2856    34.3479     1.8696     2.1162    -0.0266    95.7309 1.4024e+03      33543   1397.583      98.66          1  0.000e+00
   1011.984   1000.500     3.8836  32.297547     3.8819  32.348788    4.79218    4.91042    34.2855    34.3478     1.8684     2.1162    -0.0266    95.7573 1.4024e+03      33544   1397.625      98.66          1  0.000e+00
   1012.018   1000.534     3.8828  32.296910     3.8819  32.349044    4.79159    4.91042    34.2855    34.3480     1.8684     2.1162    -0.0266    95.7309 1.4024e+03      33545   1397.667      98.66          1  0.000e+00
   1011.984   1000.500     3.8819  32.295233     3.8823  32.348948    4.79666    4.91043    34.2845    34.3475     1.8696     2.1162    -0.0266    95.7309 1.4044e+03      33546   1397.708      98.66          1  0.000e+00
   1012.031   1000.547     3.8808  32.294931     3.8814  32.348310    4.79718    4.91047    34.2853    34.3477     1.8696     2.1162    -0.0339    95.7309 1.4044e+03      33547   1397.750      98.66          1  0.000e+00
   1012.018   1000.534     3.8805  32.295367     3.8817  32.348342    4.79752    4.91035    34.2862    34.3474     1.8696     2.1162    -0.0339    95.7573 1.4044e+03      33548   1397.792      98.66          1  0.000e+00
   1012.085   1000.601     3.8806  32.295871     3.8812  32.348214    4.79899    4.91023    34.2866    34.3477     1.8696     2.1162    -0.0339    95.7309 1.4044e+03      33549   1397.833      98.66          1  0.000e+00
   1012.018   1000.534     3.8815  32.296172     3.8810  32.347958    4.79914    4.90996    34.2861    34.3477     1.8696     2.1162    -0.0339    95.7309 1.4044e+03      33550   1397.875      98.66          1  0.000e+00
   1012.133   1000.647     3.8816  32.296810     3.8812  32.348087    4.79495    4.91093    34.2867    34.3475     1.8684     2.1162    -0.0339    95.7309 1.4044e+03      33551   1397.917      98.66          1  0.000e+00
   1012.086   1000.601     3.8816  32.296407     3.8811  32.348054    4.79527    4.91083    34.2862    34.3476     1.8684     2.1162    -0.0339    95.7309 1.4044e+03      33552   1397.958      98.66          1  0.000e+00
   1012.120   1000.634     3.8818  32.295837     3.8816  32.347927    4.80014    4.91077    34.2853    34.3470     1.8696     2.1162    -0.0339    95.7309 1.4044e+03      33553   1398.000      98.66          1  0.000e+00
   1012.187   1000.701     3.8817  32.296273     3.8816  32.348087    4.79481    4.91072    34.2858    34.3471     1.8684     2.1162    -0.0339    95.7309 1.4044e+03      33554   1398.042      98.66          1  0.000e+00
   1012.133   1000.648     3.8817  32.296105     3.8811  32.347384    4.79511    4.91590    34.2857    34.3468     1.8684     2.1174    -0.0339    95.7309 1.4044e+03      33555   1398.083      98.66          1  0.000e+00
   1012.221   1000.734     3.8816  32.295602     3.8792  32.346171    4.79440    4.91688    34.2852    34.3474     1.8684     2.1174    -0.0339    95.7309 1.4044e+03      33556   1398.125      98.66          1  0.000e+00
   1012.187   1000.701     3.8815  32.295502     3.8789  32.345500    4.79359    4.91242    34.2852    34.3469     1.8684     2.1162    -0.0339    95.7573 1.4044e+03      33557   1398.167      98.66          1  0.000e+00
   1012.221   1000.735     3.8808  32.295099     3.8783  32.345181    4.79289    4.91236    34.2854    34.3471     1.8684     2.1162    -0.0339    95.7309 1.4044e+03      33558   1398.208      98.66          1  0.000e+00
    808.204    799.422     4.5340  32.707847     4.5382  32.764213    5.58789    5.69538    34.1971    34.2583     2.1502     2.4227    -0.0266    95.7045 1.3651e+03      41023   1709.250      98.66          2  0.000e+00
    808.083    799.302     4.5337  32.707746     4.5393  32.763892    5.58838    5.69697    34.1973    34.2568     2.1502     2.4227    -0.0266    95.7045 1.3651e+03      41024   1709.292      98.66          2  0.000e+00
    808.157    799.376     4.5335  32.707037     4.5387  32.763378    5.58904    5.69795    34.1966    34.2568     2.1502     2.4227    -0.0266    95.7045 1.3651e+03      41025   1709.333      98.66          2  0.000e+00
    808.137    799.356     4.5334  32.706632     4.5378  32.762093    5.60026    5.69894    34.1963    34.2562     2.1526     2.4227    -0.0266    95.7309 1.3651e+03      41026   1709.375      98.66          2  0.000e+00
    808.157    799.376     4.5337  32.706767     4.5375  32.760937    5.60167    5.70000    34.1961    34.2552     2.1526     2.4227    -0.0339    95.7045 1.3670e+03      41027   1709.417      98.66          2  0.000e+00
    808.083    799.302     4.5334  32.706430     4.5363  32.759331    5.59869    5.70620    34.1961    34.2546     2.1514     2.4240    -0.0266    95.7045 1.3670e+03      41028   1709.458      98.66          2  0.000e+00
    808.157    799.376     4.5321  32.705722     4.5350  32.757148    5.60022    5.70861    34.1966    34.2534     2.1514     2.4240    -0.0339    95.7045 1.3670e+03      41029   1709.500      98.66          2  0.000e+00
    808.083    799.302     4.5312  32.704001     4.5332  32.753712    5.60588    5.70598    34.1955    34.2512     2.1526     2.4227    -0.0266    95.7045 1.3670e+03      41030   1709.542      98.66          2  0.000e+00
    808.110    799.329     4.5305  32.702550     4.5316  32.748735    5.59647    5.70761    34.1945    34.2471     2.1502     2.4227    -0.0266    95.7045 1.3670e+03      41031   1709.583      98.66          2  0.000e+00
    808.083    799.302     4.5296  32.700290     4.5273  32.744882    5.60207    5.70844    34.1929    34.2471     2.1514     2.4227    -0.0266    95.7045 1.3670e+03      41032   1709.625      98.66          2  0.000e+00
    808.110    799.329     4.5264  32.695331     4.5236  32.742731    5.60265    5.70976    34.1904    34.2483     2.1514     2.4227    -0.0266    95.7045 1.3670e+03      41033   1709.667      98.66          2  0.000e+00
    808.056    799.276     4.5192  32.689597     4.5211  32.740356    5.60356    5.71754    34.1912    34.2482     2.1514     2.4240    -0.0339    95.7045 1.3670e+03      41034   1709.708      98.66          2  0.000e+00
    808.083    799.303     4.5144  32.685887     4.5172  32.737338    5.60409    5.72098    34.1917    34.2486     2.1514     2.4240    -0.0266    95.7045 1.3670e+03      41035   1709.750      98.66          2  0.000e+00
    808.110    799.329     4.5105  32.682987     4.5132  32.735509    5.60974    5.72342    34.1923    34.2507     2.1526     2.4240    -0.0266    95.7045 1.3670e+03      41036   1709.792      98.66          2  0.000e+00
    808.083    799.303     4.5084  32.681537     4.5101  32.734963    5.60532    5.72559    34.1929    34.2532     2.1514     2.4240    -0.0266    95.6782 1.3670e+03      41037   1709.833      98.66          2  0.000e+00
    808.056    799.276     4.5072  32.681335     4.5098  32.735669    5.61136    5.72264    34.1939    34.2543     2.1526     2.4227    -0.0266    95.7045 1.3670e+03      41038   1709.875      98.66          2  0.000e+00
    808.083    799.303     4.5075  32.683021     4.5091  32.736504    5.61173    5.72363    34.1954    34.2560     2.1526     2.4227    -0.0266    95.7309 1.3670e+03      41039   1709.917      98.66          2  0.000e+00
    808.110    799.329     4.5082  32.685315     4.5096  32.737243    5.60764    5.72870    34.1975    34.2563     2.1514     2.4240    -0.0266    95.7309 1.3670e+03      41040   1709.958      98.66          2  0.000e+00
    808.036    799.256     4.5102  32.688181     4.5096  32.737628    5.60758    5.72941    34.1987    34.2569     2.1514     2.4240    -0.0266    95.7309 1.3690e+03      41041   1710.000      98.66          2  0.000e+00
    808.111    799.330     4.5126  32.689699     4.5102  32.737981    5.61188    5.73025    34.1980    34.2566     2.1526     2.4240    -0.0266    95.7045 1.3690e+03      41042   1710.042      98.66          2  0.000e+00
    808.036    799.256     4.5143  32.690036     4.5119  32.739136    5.61175    5.73111    34.1967    34.2562     2.1526     2.4240    -0.0266    95.7045 1.3690e+03      41043   1710.083      98.66          2  0.000e+00
    808.057    799.276     4.5148  32.689800     4.5129  32.740260    5.61278    5.72720    34.1959    34.2565     2.1526     2.4227    -0.0266    95.7309 1.3690e+03      41044   1710.125      98.66          2  0.000e+00
    808.084    799.303     4.5148  32.689733     4.5148  32.741287    5.60845    5.72749    34.1958    34.2558     2.1514     2.4227    -0.0193    95.7045 1.3690e+03      41045   1710.167      98.66          2  0.000e+00
