Ship_data/Southern/Southern_Ocean-02_NBP-15-11_2015-12-07/CTD NBP1511/process/nbp1511_015.ros
* Sea-Bird SBE 9 Data File:
* FileName = D:\Data\raw\NBP1511_015.hdr
* Software Version Seasave V 7.21e
* Temperature SN = 5730
* Conductivity SN = 1143
* Number of Bytes Per Scan = 40
* Number of Voltage Words = 5
* Number of Scans Averaged by the Deck Unit = 1
* NMEA Latitude = 54 26.16 S
* NMEA Longitude = 089 14.39 W
* NMEA UTC (Time) = Dec 26 2015  12:16:43
* NMEA baud rate = 9600
** Ship: RVIB N.B. Palmer
** Cruise: NBP1511
** Station: HYPM-2
** Operator: S. Blackman / B. Bjork
# nquan = 20
# nvalues = 588                                   
# units = specified
# name 0 = prDM: Pressure, Digiquartz [db]
# name 1 = depSM: Depth [salt water, m]
# name 2 = t090C: Temperature [ITS-90, deg C]
# name 3 = c0mS/cm: Conductivity [mS/cm]
# name 4 = t190C: Temperature, 2 [ITS-90, deg C]
# name 5 = c1mS/cm: Conductivity, 2 [mS/cm]
# name 6 = sbeox0ML/L: Oxygen, SBE 43 [ml/l]
# name 7 = sbeox1ML/L: Oxygen, SBE 43, 2 [ml/l]
# name 8 = sal00: Salinity, Practical [PSU]
# name 9 = sal11: Salinity, Practical, 2 [PSU]
# name 10 = sbeox0V: Oxygen raw, SBE 43 [V]
# name 11 = sbeox1V: Oxygen raw, SBE 43, 2 [V]
# name 12 = flECO-AFL: Fluorescence, WET Labs ECO-AFL/FL [mg/m^3]
# name 13 = CStarTr0: Beam Transmission, WET Labs C-Star [%]
# name 14 = spar: SPAR/Surface Irradiance
# name 15 = scan: Scan Count
# name 16 = timeS: Time, Elapsed [seconds]
# name 17 = altM: Altimeter [m]
# name 18 = nbf: Bottles Fired
# name 19 = flag:  0.000e+00
# interval = seconds: 0.0416667
# start_time = Dec 26 2015 12:16:43 [NMEA time, header]
# bad_flag = -9.990e-29
*END*
   4664.193   4572.372     0.7154  31.264286     0.7166  31.308893    4.55327    4.47592    34.7024    34.7566     1.2693     1.4322    -0.0046    95.3091 7.3171e+02     126120   5254.958       7.20          1  0.000e+00
   4664.251   4572.428     0.7154  31.263857     0.7169  31.309113    4.55130    4.48644    34.7019    34.7565     1.2693     1.4335    -0.0046    95.3091 7.2974e+02     126121   5255.000       7.20          1  0.000e+00
   4664.193   4572.372     0.7157  31.263857     0.7170  31.308798    4.54109    4.48873    34.7015    34.7560     1.2680     1.4335    -0.0120    95.3091 7.3171e+02     126122   5255.042       7.18          1  0.000e+00
   4664.251   4572.428     0.7157  31.264121     0.7164  31.308893    4.56609    4.47867    34.7019    34.7567     1.2706     1.4322    -0.0046    95.3091 7.3171e+02     126123   5255.083       7.18          1  0.000e+00
   4664.193   4572.372     0.7155  31.263989     0.7166  31.308767    4.54293    4.47647    34.7019    34.7564     1.2680     1.4322    -0.0046    95.3354 7.3171e+02     126124   5255.125       7.18          1  0.000e+00
   4664.251   4572.428     0.7154  31.264287     0.7166  31.308893    4.54986    4.47888    34.7024    34.7566     1.2693     1.4322    -0.0046    95.3354 7.3171e+02     126125   5255.167       7.18          1  0.000e+00
   4664.193   4572.372     0.7155  31.264022     0.7167  31.308767    4.56669    4.47684    34.7019    34.7563     1.2706     1.4322    -0.0046    95.3354 7.3171e+02     126126   5255.208       7.18          1  0.000e+00
   4664.251   4572.428     0.7155  31.264287     0.7170  31.308893    4.56207    4.47487    34.7022    34.7561     1.2693     1.4322    -0.0120    95.3354 7.2974e+02     126127   5255.250       7.18          1  0.000e+00
   4664.193   4572.372     0.7154  31.264584     0.7167  31.308767    4.56081    4.47283    34.7027    34.7563     1.2693     1.4322    -0.0120    95.3091 7.2974e+02     126128   5255.292       7.18          1  0.000e+00
   4664.251   4572.428     0.7157  31.263923     0.7163  31.308704    4.55963    4.47087    34.7016    34.7567     1.2693     1.4322    -0.0046    95.3354 7.3171e+02     126129   5255.333       7.18          1  0.000e+00
   4664.193   4572.372     0.7155  31.264055     0.7166  31.308704    4.55838    4.47339    34.7020    34.7563     1.2693     1.4322    -0.0046    95.3091 7.3171e+02     126130   5255.375       7.18          1  0.000e+00
   4664.193   4572.372     0.7153  31.264187     0.7170  31.308704    4.57039    4.47160    34.7024    34.7559     1.2706     1.4322    -0.0046    95.3354 7.3171e+02     126131   5255.417       7.18          1  0.000e+00
   4664.193   4572.372     0.7155  31.263989     0.7169  31.308704    4.56063    4.46976    34.7019    34.7560     1.2693     1.4322    -0.0046    95.3354 7.3171e+02     126132   5255.458       7.18          1  0.000e+00
   4664.193   4572.372     0.7155  31.264121     0.7169  31.308704    4.55920    4.48022    34.7021    34.7560     1.2693     1.4335    -0.0046    95.3354 7.3171e+02     126133   5255.500       7.18          1  0.000e+00
   4664.251   4572.429     0.7157  31.264518     0.7167  31.308704    4.56287    4.47031    34.7023    34.7562     1.2693     1.4322    -0.0046    95.3354 7.3171e+02     126134   5255.542       7.18          1  0.000e+00
   4664.135   4572.316     0.7154  31.264286     0.7167  31.308892    4.56671    4.46829    34.7025    34.7565     1.2693     1.4322    -0.0120    95.3091 7.3171e+02     126135   5255.583       7.18          1  0.000e+00
   4664.193   4572.372     0.7155  31.263989     0.7166  31.308767    4.56573    4.47859    34.7019    34.7564     1.2693     1.4335    -0.0046    95.3354 7.3171e+02     126136   5255.625       7.18          1  0.000e+00
   4664.193   4572.372     0.7154  31.264286     0.7164  31.309050    4.56472    4.46851    34.7024    34.7570     1.2693     1.4322    -0.0046    95.3354 7.3171e+02     126137   5255.667       7.18          1  0.000e+00
   4664.193   4572.373     0.7154  31.264220     0.7164  31.308609    4.57690    4.46633    34.7023    34.7564     1.2706     1.4322    -0.0046    95.3354 7.3171e+02     126138   5255.708       7.18          1  0.000e+00
   4664.135   4572.316     0.7155  31.263956     0.7167  31.308830    4.58053    4.46411    34.7019    34.7564     1.2706     1.4322    -0.0046    95.3354 7.3171e+02     126139   5255.750       7.18          1  0.000e+00
   4664.136   4572.316     0.7157  31.263923     0.7167  31.308955    4.57077    4.46646    34.7017    34.7565     1.2693     1.4322     0.0027    95.3091 7.3171e+02     126140   5255.792       7.18          1  0.000e+00
   4664.194   4572.373     0.7155  31.264286     0.7167  31.309113    4.56939    4.46450    34.7023    34.7567     1.2693     1.4322     0.0027    95.3354 7.3171e+02     126141   5255.833       7.18          1  0.000e+00
   4664.136   4572.316     0.7155  31.264220     0.7168  31.308987    4.56794    4.46247    34.7022    34.7566     1.2693     1.4322     0.0027    95.3091 7.3171e+02     126142   5255.875       7.18          1  0.000e+00
   4664.136   4572.316     0.7153  31.264154     0.7166  31.308955    4.58483    4.46050    34.7024    34.7567     1.2706     1.4322     0.0027    95.3091 7.3171e+02     126143   5255.917       7.18          1  0.000e+00
   4664.136   4572.317     0.7155  31.264154     0.7166  31.308955    4.57507    4.47075    34.7021    34.7567     1.2693     1.4335     0.0027    95.3354 7.3171e+02     126144   5255.958       7.18          1  0.000e+00
   4664.136   4572.317     0.7155  31.264352     0.7170  31.308955    4.57364    4.46520    34.7024    34.7562     1.2693     1.4322     0.0027    95.2564 7.3171e+02     126145   5256.000       7.18          1  0.000e+00
   4664.136   4572.317     0.7154  31.264022     0.7166  31.308955    4.57733    4.47550    34.7021    34.7567     1.2693     1.4335     0.0027    95.2827 7.3171e+02     126146   5256.042       7.18          1  0.000e+00
   4664.136   4572.317     0.7154  31.264121     0.7164  31.308955    4.57610    4.47769    34.7022    34.7569     1.2693     1.4335     0.0027    95.2827 7.3171e+02     126147   5256.083       7.18          1  0.000e+00
   4664.085   4572.268     0.7155  31.264352     0.7167  31.308955    4.57483    4.47964    34.7024    34.7566     1.2693     1.4335     0.0027    95.2827 7.3171e+02     126148   5256.125       7.18          1  0.000e+00
   4664.085   4572.268     0.7154  31.264022     0.7167  31.308955    4.57364    4.48148    34.7021    34.7566     1.2693     1.4335     0.0027    95.2827 7.2974e+02     126149   5256.167       7.18          1  0.000e+00
   4664.085   4572.268     0.7155  31.264121     0.7167  31.308955    4.58560    4.47083    34.7021    34.7566     1.2706     1.4322     0.0027    95.3091 7.3171e+02     126150   5256.208       7.18          1  0.000e+00
   4664.085   4572.268     0.7153  31.264187     0.7166  31.308578    4.57589    4.46813    34.7025    34.7562     1.2693     1.4322     0.0027    95.3091 7.3171e+02     126151   5256.250       7.20          1  0.000e+00
   4664.027   4572.211     0.7155  31.264187     0.7167  31.308829    4.57441    4.46989    34.7022    34.7564     1.2693     1.4322     0.0027    95.3354 7.3171e+02     126152   5256.292       7.20          1  0.000e+00
   4664.085   4572.268     0.7154  31.264187     0.7169  31.308955    4.57304    4.46740    34.7024    34.7564     1.2693     1.4322     0.0027    95.3354 7.3171e+02     126153   5256.333       7.20          1  0.000e+00
   4664.027   4572.212     0.7155  31.263988     0.7170  31.308577    4.57968    4.46481    34.7020    34.7558     1.2706     1.4322     0.0027    95.3091 7.3171e+02     126154   5256.375       7.20          1  0.000e+00
   4664.028   4572.212     0.7154  31.264121     0.7169  31.308452    4.58275    4.46227    34.7022    34.7558     1.2706     1.4322     0.0027    95.3354 7.3171e+02     126155   5256.417       7.23          1  0.000e+00
   4664.028   4572.212     0.7154  31.263988     0.7170  31.308829    4.57241    4.46429    34.7021    34.7561     1.2693     1.4322    -0.0046    95.3091 7.3171e+02     126156   5256.458       7.23          1  0.000e+00
   4664.028   4572.212     0.7153  31.263922     0.7166  31.308766    4.57039    4.46194    34.7022    34.7565     1.2693     1.4322     0.0027    95.3091 7.3171e+02     126157   5256.500       7.23          1  0.000e+00
   4663.970   4572.155     0.7154  31.263922     0.7167  31.308703    4.56831    4.47180    34.7020    34.7563     1.2693     1.4335     0.0027    95.3091 7.3171e+02     126158   5256.542       7.23          1  0.000e+00
   4663.970   4572.155     0.7154  31.264120     0.7166  31.308703    4.58456    4.46134    34.7023    34.7564     1.2706     1.4322     0.0027    95.3091 7.3171e+02     126159   5256.583       7.23          1  0.000e+00
   4663.970   4572.156     0.7153  31.263790     0.7166  31.308703    4.57423    4.47110    34.7020    34.7564     1.2693     1.4335     0.0027    95.3091 7.3171e+02     126160   5256.625       7.25          1  0.000e+00
   4663.970   4572.156     0.7154  31.264220     0.7164  31.308703    4.57217    4.46498    34.7024    34.7566     1.2693     1.4322     0.0027    95.3354 7.3171e+02     126161   5256.667       7.25          1  0.000e+00
   4663.970   4572.156     0.7154  31.264021     0.7167  31.308892    4.57014    4.47926    34.7021    34.7565     1.2693     1.4335    -0.0046    95.3091 7.3171e+02     126162   5256.708       7.25          1  0.000e+00
   4663.912   4572.099     0.7155  31.263922     0.7167  31.308577    4.56807    4.47331    34.7019    34.7562     1.2693     1.4322    -0.0046    95.3091 7.3171e+02     126163   5256.750       7.25          1  0.000e+00
   4663.912   4572.099     0.7155  31.263922     0.7166  31.308640    4.57923    4.47095    34.7019    34.7564     1.2706     1.4322    -0.0046    95.3091 7.3171e+02     126164   5256.792       7.25          1  0.000e+00
   4663.854   4572.043     0.7153  31.263922     0.7171  31.308703    4.56868    4.46858    34.7022    34.7560     1.2693     1.4322    -0.0046    95.3354 7.3171e+02     126165   5256.833       7.28          1  0.000e+00
   4663.912   4572.100     0.7154  31.264120     0.7164  31.308514    4.58474    4.46623    34.7023    34.7564     1.2706     1.4322    -0.0046    95.3354 7.3171e+02     126166   5256.875       7.30          1  0.000e+00
   4663.912   4572.100     0.7155  31.264186     0.7169  31.308640    4.58737    4.46386    34.7022    34.7561     1.2706     1.4322    -0.0046    95.3354 7.3171e+02     126167   5256.917       7.30          1  0.000e+00
   4663.854   4572.043     0.7154  31.264186     0.7166  31.308703    4.58168    4.47829    34.7024    34.7565     1.2693     1.4335    -0.0120    95.3354 7.3171e+02     126168   5256.958       7.30          1  0.000e+00
   4590.434   4500.810     0.7082  31.233220     0.7089  31.278216    4.56040    4.47249    34.7016    34.7568     1.2762     1.4404     0.0027    95.3091 9.5791e+02     130792   5449.625      98.66          2  0.000e+00
   4590.434   4500.810     0.7082  31.233452     0.7089  31.277712    4.56695    4.47426    34.7019    34.7562     1.2762     1.4404     0.0027    95.3091 9.5791e+02     130793   5449.667      98.66          2  0.000e+00
   4590.434   4500.810     0.7083  31.233551     0.7092  31.277712    4.56872    4.47602    34.7019    34.7559     1.2762     1.4404     0.0027    95.3354 9.5791e+02     130794   5449.708      98.66          2  0.000e+00
   4590.492   4500.866     0.7084  31.233650     0.7091  31.278027    4.57054    4.47782    34.7019    34.7564     1.2762     1.4404     0.0027    95.3091 9.5791e+02     130795   5449.750      98.66          2  0.000e+00
   4590.492   4500.866     0.7083  31.233948     0.7094  31.278216    4.57232    4.47959    34.7024    34.7563     1.2762     1.4404     0.0027    95.3354 9.5791e+02     130796   5449.792      98.66          2  0.000e+00
   4590.492   4500.866     0.7084  31.233650     0.7100  31.278278    4.57411    4.48138    34.7019    34.7557     1.2762     1.4404     0.0027    95.3091 9.5791e+02     130797   5449.833      98.66          2  0.000e+00
   4590.434   4500.810     0.7085  31.233287     0.7094  31.278341    4.55791    4.46659    34.7013    34.7565     1.2749     1.4391     0.0027    95.3354 9.5791e+02     130798   5449.875      98.66          2  0.000e+00
   4590.550   4500.922     0.7080  31.233452     0.7099  31.278279    4.55506    4.45979    34.7021    34.7558     1.2749     1.4391     0.0027    95.2827 9.5791e+02     130799   5449.917      98.66          2  0.000e+00
   4590.492   4500.866     0.7082  31.233353     0.7097  31.278279    4.56522    4.45282    34.7018    34.7560     1.2762     1.4391     0.0027    95.3354 9.5791e+02     130800   5449.958      98.66          2  0.000e+00
   4590.550   4500.922     0.7082  31.233617     0.7092  31.278342    4.54928    4.45037    34.7021    34.7566     1.2749     1.4391     0.0027    95.3091 9.5791e+02     130801   5450.000      98.66          2  0.000e+00
   4590.550   4500.923     0.7084  31.233948     0.7099  31.278090    4.54150    4.46011    34.7023    34.7556     1.2749     1.4404     0.0027    95.3091 9.5791e+02     130802   5450.042      98.66          2  0.000e+00
   4590.492   4500.866     0.7082  31.233650     0.7089  31.278216    4.53376    4.46206    34.7021    34.7568     1.2749     1.4404     0.0027    95.3091 9.5791e+02     130803   5450.083      98.66          2  0.000e+00
   4590.608   4500.979     0.7082  31.233485     0.7094  31.278342    4.53106    4.46410    34.7019    34.7564     1.2749     1.4404     0.0027    95.3091 9.5791e+02     130804   5450.125      98.63          2  0.000e+00
   4590.493   4500.866     0.7082  31.233353     0.7095  31.278279    4.54140    4.45389    34.7018    34.7562     1.2762     1.4391     0.0027    95.3091 9.5791e+02     130805   5450.167      98.66          2  0.000e+00
   4590.609   4500.979     0.7083  31.233849     0.7094  31.278279    4.52567    4.46389    34.7022    34.7563     1.2749     1.4404     0.0027    95.3354 9.5791e+02     130806   5450.208      98.63          2  0.000e+00
   4590.551   4500.923     0.7082  31.233783     0.7094  31.278342    4.53110    4.46600    34.7023    34.7564     1.2762     1.4404     0.0027    95.3354 9.5791e+02     130807   5450.250      98.66          2  0.000e+00
   4590.609   4500.979     0.7080  31.233419     0.7097  31.278090    4.53316    4.46820    34.7020    34.7558     1.2762     1.4404     0.0027    95.3091 9.5791e+02     130808   5450.292      98.63          2  0.000e+00
   4590.551   4500.923     0.7082  31.233485     0.7091  31.278216    4.54006    4.47028    34.7020    34.7566     1.2762     1.4404     0.0027    95.3091 9.5791e+02     130809   5450.333      98.66          2  0.000e+00
   4590.609   4500.979     0.7082  31.233651     0.7089  31.278342    4.52928    4.47244    34.7021    34.7569     1.2749     1.4404     0.0027    95.3354 9.5791e+02     130810   5450.375      98.63          2  0.000e+00
   4590.551   4500.923     0.7082  31.233419     0.7097  31.278090    4.53987    4.47455    34.7019    34.7558     1.2762     1.4404     0.0027    95.3354 9.5791e+02     130811   5450.417      98.66          2  0.000e+00
   4590.609   4500.979     0.7082  31.233849     0.7097  31.278216    4.54226    4.47670    34.7023    34.7559     1.2762     1.4404    -0.0046    95.3091 9.5791e+02     130812   5450.458      98.66          2  0.000e+00
   4590.551   4500.923     0.7080  31.233617     0.7097  31.278342    4.54464    4.47882    34.7022    34.7561     1.2762     1.4404    -0.0120    95.3091 9.5791e+02     130813   5450.500      98.63          2  0.000e+00
   4590.609   4500.979     0.7082  31.233717     0.7094  31.278279    4.56004    4.46445    34.7022    34.7563     1.2775     1.4391    -0.0120    95.3354 9.5791e+02     130814   5450.542      98.66          2  0.000e+00
