Ship_data/Southern/Southern_Ocean-02_NBP-15-11_2015-12-07/CTD NBP1511/process/nbp1511_011.ros
* Sea-Bird SBE 9 Data File:
* FileName = D:\Data\raw\NBP1511_011.hdr
* Software Version Seasave V 7.21e
* Temperature SN = 5730
* Conductivity SN = 1143
* Number of Bytes Per Scan = 40
* Number of Voltage Words = 5
* Number of Scans Averaged by the Deck Unit = 1
* NMEA Latitude = 54 07.02 S
* NMEA Longitude = 089 35.93 W
* NMEA UTC (Time) = Dec 17 2015  22:23:02
* NMEA baud rate = 9600
** Ship: RVIB N.B. Palmer
** Cruise: NBP1511
** Station: FLMA-1, FLMA-2
** Operator: S. Blackman/B.Bjork
# nquan = 20
# nvalues = 686                                   
# units = specified
# name 0 = prDM: Pressure, Digiquartz [db]
# name 1 = depSM: Depth [salt water, m]
# name 2 = t090C: Temperature [ITS-90, deg C]
# name 3 = c0mS/cm: Conductivity [mS/cm]
# name 4 = t190C: Temperature, 2 [ITS-90, deg C]
# name 5 = c1mS/cm: Conductivity, 2 [mS/cm]
# name 6 = sbeox0ML/L: Oxygen, SBE 43 [ml/l]
# name 7 = sbeox1ML/L: Oxygen, SBE 43, 2 [ml/l]
# name 8 = sal00: Salinity, Practical [PSU]
# name 9 = sal11: Salinity, Practical, 2 [PSU]
# name 10 = sbeox0V: Oxygen raw, SBE 43 [V]
# name 11 = sbeox1V: Oxygen raw, SBE 43, 2 [V]
# name 12 = flECO-AFL: Fluorescence, WET Labs ECO-AFL/FL [mg/m^3]
# name 13 = CStarTr0: Beam Transmission, WET Labs C-Star [%]
# name 14 = spar: SPAR/Surface Irradiance
# name 15 = scan: Scan Count
# name 16 = timeS: Time, Elapsed [seconds]
# name 17 = altM: Altimeter [m]
# name 18 = nbf: Bottles Fired
# name 19 = flag:  0.000e+00
# interval = seconds: 0.0416667
# start_time = Dec 17 2015 22:23:02 [NMEA time, header]
# bad_flag = -9.990e-29
*END*
[from data line 580]
     60.316     59.769     6.3819  34.015159     6.3816  34.072061    7.01200    7.27709    34.1859    34.2497     2.8640     3.2299     2.0540    92.9627 4.4453e+02     123366   5140.208      98.66         12  0.000e+00
     60.250     59.703     6.3817  34.015159     6.3814  34.072093    7.01201    7.27649    34.1861    34.2499     2.8640     3.2299     2.0540    92.9363 4.4453e+02     123367   5140.250      98.66         12  0.000e+00
     60.297     59.749     6.3819  34.015159     6.3822  34.072159    7.01281    7.27655    34.1859    34.2492     2.8640     3.2299     2.0540    92.9627 4.4453e+02     123368   5140.292      98.66         12  0.000e+00
     60.270     59.723     6.3819  34.014953     6.3821  34.071995    7.01730    7.28073    34.1857    34.2491     2.8652     3.2311     2.0540    92.9891 4.4453e+02     123369   5140.333      98.66         12  0.000e+00
     60.250     59.703     6.3817  34.015571     6.3821  34.072093    7.01360    7.28134    34.1866    34.2493     2.8640     3.2311     2.0540    93.0154 4.4453e+02     123370   5140.375      98.66         12  0.000e+00
     60.297     59.749     6.3819  34.015296     6.3819  34.072192    7.01369    7.27785    34.1860    34.2495     2.8640     3.2299     2.0540    92.9891 4.4453e+02     123371   5140.417      98.66         12  0.000e+00
     60.270     59.723     6.3817  34.015365     6.3814  34.071963    7.01375    7.27785    34.1863    34.2498     2.8640     3.2299     2.0540    92.9627 4.4453e+02     123372   5140.458      98.66         12  0.000e+00
     60.250     59.703     6.3817  34.015434     6.3813  34.072093    7.01306    7.27719    34.1864    34.2500     2.8640     3.2299     2.0540    92.9627 4.4453e+02     123373   5140.500      98.66         12  0.000e+00
     39.263     38.908     6.4417  34.057577     6.4377  34.111456    7.11131    7.39379    34.1838    34.2479     2.9027     3.2771     3.3140    91.6972 4.1896e+02     124942   5205.875      98.66         13  0.000e+00
     39.217     38.862     6.4413  34.057680     6.4377  34.111292    7.11481    7.39379    34.1843    34.2477     2.9039     3.2771     3.3140    91.6181 4.1896e+02     124943   5205.917      98.66         13  0.000e+00
     39.217     38.862     6.4413  34.057543     6.4377  34.111227    7.11085    7.39372    34.1841    34.2476     2.9027     3.2771     3.3140    91.5654 4.1896e+02     124944   5205.958      98.66         13  0.000e+00
     39.230     38.876     6.4413  34.057474     6.4376  34.111423    7.11058    7.38947    34.1841    34.2480     2.9027     3.2759     3.3140    91.5654 4.1896e+02     124945   5206.000      98.66         13  0.000e+00
     39.217     38.863     6.4409  34.056855     6.4372  34.111030    7.11913    7.39349    34.1838    34.2479     2.9051     3.2771     3.3140    91.5391 4.1896e+02     124946   5206.042      98.66         13  0.000e+00
     39.217     38.863     6.4407  34.057268     6.4375  34.110932    7.11571    7.39324    34.1845    34.2475     2.9039     3.2771     3.3140    91.5391 4.1896e+02     124947   5206.083      98.66         13  0.000e+00
     39.164     38.810     6.4406  34.057061     6.4372  34.110769    7.11591    7.39352    34.1844    34.2476     2.9039     3.2771     3.3140    91.5127 4.1896e+02     124948   5206.125      98.66         13  0.000e+00
     39.217     38.863     6.4404  34.057130     6.4370  34.111096    7.11686    7.38910    34.1846    34.2481     2.9039     3.2759     3.3140    91.5391 4.1896e+02     124949   5206.167      98.66         13  0.000e+00
     39.164     38.810     6.4404  34.056787     6.4369  34.111161    7.11697    7.39278    34.1843    34.2484     2.9039     3.2771     3.3140    91.5391 4.1896e+02     124950   5206.208      98.66         13  0.000e+00
     39.230     38.876     6.4404  34.056684     6.4372  34.111194    7.11713    7.39300    34.1841    34.2481     2.9039     3.2771     3.3140    91.5918 4.1896e+02     124951   5206.250      98.66         13  0.000e+00
     39.164     38.810     6.4401  34.056477     6.4375  34.111030    7.11714    7.38897    34.1842    34.2476     2.9039     3.2759     3.3140    91.6445 4.1896e+02     124952   5206.292      98.66         13  0.000e+00
     39.217     38.863     6.4399  34.056237     6.4376  34.110965    7.11719    7.39264    34.1841    34.2475     2.9039     3.2771     3.3140    91.6709 4.1896e+02     124953   5206.333      98.66         13  0.000e+00
     39.217     38.863     6.4402  34.056546     6.4374  34.111358    7.11705    7.38849    34.1841    34.2481     2.9039     3.2759     3.3140    91.7236 4.1896e+02     124954   5206.375      98.66         13  0.000e+00
     39.118     38.764     6.4402  34.056271     6.4373  34.111030    7.11683    7.38780    34.1839    34.2478     2.9039     3.2759     3.3433    91.7236 4.1896e+02     124955   5206.417      98.66         13  0.000e+00
     39.217     38.863     6.4407  34.056546     6.4376  34.111325    7.11665    7.39130    34.1837    34.2479     2.9039     3.2771     3.3873    91.6972 4.1896e+02     124956   5206.458      98.66         13  0.000e+00
     39.184     38.830     6.4406  34.057061     6.4373  34.111292    7.11635    7.39118    34.1844    34.2481     2.9039     3.2771     3.4020    91.6181 4.1896e+02     124957   5206.500      98.66         13  0.000e+00
     39.217     38.863     6.4405  34.056409     6.4376  34.111227    7.11611    7.39112    34.1837    34.2478     2.9039     3.2771     3.3946    91.6181 4.1896e+02     124958   5206.542      98.66         13  0.000e+00
     39.164     38.811     6.4404  34.056340     6.4374  34.110965    7.11571    7.39092    34.1838    34.2477     2.9039     3.2771     3.3946    91.5654 4.1896e+02     124959   5206.583      98.66         13  0.000e+00
     39.164     38.811     6.4402  34.057027     6.4377  34.111325    7.11526    7.39067    34.1847    34.2478     2.9039     3.2771     3.3946    91.5654 4.1896e+02     124960   5206.625      98.66         13  0.000e+00
     39.218     38.863     6.4407  34.057818     6.4377  34.111685    7.11033    7.39033    34.1850    34.2481     2.9027     3.2771     3.3946    91.5654 4.1896e+02     124961   5206.667      98.66         13  0.000e+00
     39.184     38.831     6.4417  34.058608     6.4377  34.111357    7.11404    7.38979    34.1850    34.2478     2.9039     3.2771     3.3946    91.5918 4.1896e+02     124962   5206.708      98.66         13  0.000e+00
     39.165     38.811     6.4428  34.058814     6.4375  34.111619    7.11333    7.38923    34.1841    34.2483     2.9039     3.2771     3.3946    91.5918 4.1896e+02     124963   5206.750      98.66         13  0.000e+00
     39.165     38.811     6.4434  34.058814     6.4374  34.111881    7.11265    7.38870    34.1835    34.2487     2.9039     3.2771     3.3946    91.5654 4.1896e+02     124964   5206.792      98.66         13  0.000e+00
     39.165     38.811     6.4431  34.058814     6.4373  34.111815    7.11204    7.38827    34.1838    34.2487     2.9039     3.2771     3.3946    91.5918 4.1896e+02     124965   5206.833      98.66         13  0.000e+00
     39.218     38.864     6.4429  34.058608     6.4377  34.111554    7.11141    7.38782    34.1837    34.2480     2.9039     3.2771     3.3946    91.5918 4.1896e+02     124966   5206.875      98.66         13  0.000e+00
     39.165     38.811     6.4424  34.057920     6.4376  34.111488    7.10629    7.38793    34.1835    34.2481     2.9027     3.2771     3.3946    91.6181 4.1896e+02     124967   5206.917      98.66         13  0.000e+00
     39.231     38.877     6.4421  34.057955     6.4373  34.111619    7.10562    7.38742    34.1838    34.2484     2.9027     3.2771     3.3946    91.5918 4.1896e+02     124968   5206.958      98.66         13  0.000e+00
     39.165     38.811     6.4416  34.058814     6.4387  34.112731    7.10920    7.38672    34.1853    34.2483     2.9039     3.2771     3.3946    91.5918 4.1896e+02     124969   5207.000      98.66         13  0.000e+00
     39.218     38.864     6.4429  34.060223     6.4406  34.113680    7.10450    7.38644    34.1855    34.2474     2.9027     3.2771     3.3946    91.5918 4.1896e+02     124970   5207.042      98.66         13  0.000e+00
     39.165     38.811     6.4443  34.061459     6.4419  34.114857    7.10781    7.38539    34.1855    34.2475     2.9039     3.2771     3.3946    91.5918 4.1896e+02     124971   5207.083      98.66         13  0.000e+00
     39.218     38.864     6.4457  34.061906     6.4434  34.116002    7.10752    7.38507    34.1846    34.2472     2.9039     3.2771     3.3946    91.5918 4.1896e+02     124972   5207.125      98.66         13  0.000e+00
     39.165     38.811     6.4461  34.062181     6.4440  34.117212    7.10723    7.38477    34.1846    34.2480     2.9039     3.2771     3.3946    91.6181 4.1896e+02     124973   5207.167      98.66         13  0.000e+00
     39.232     38.877     6.4465  34.062456     6.4445  34.118161    7.10264    7.38456    34.1845    34.2485     2.9027     3.2771     3.3946    91.6445 4.1896e+02     124974   5207.208      98.66         13  0.000e+00
     39.218     38.864     6.4466  34.062318     6.4458  34.118586    7.10684    7.38368    34.1842    34.2477     2.9039     3.2771     3.3946    91.6972 4.1896e+02     124975   5207.250      98.66         13  0.000e+00
     39.218     38.864     6.4469  34.062043     6.4464  34.118847    7.11100    7.38337    34.1835    34.2473     2.9051     3.2771     3.3946    91.7236 4.1896e+02     124976   5207.292      98.66         13  0.000e+00
     39.165     38.812     6.4469  34.062181     6.4463  34.119109    7.10699    7.38301    34.1838    34.2478     2.9039     3.2771     3.3946    91.7500 4.1896e+02     124977   5207.333      98.66         13  0.000e+00
     39.265     38.910     6.4468  34.062250     6.4468  34.118717    7.10609    7.38279    34.1839    34.2468     2.9039     3.2771     3.3800    91.6972 4.1896e+02     124978   5207.375      98.66         13  0.000e+00
     39.232     38.878     6.4469  34.062043     6.4458  34.118422    7.10643    7.38240    34.1836    34.2475     2.9039     3.2771     3.3580    91.7500 4.1896e+02     124979   5207.417      98.66         13  0.000e+00
     39.219     38.864     6.4471  34.062181     6.4458  34.117997    7.10164    7.38259    34.1835    34.2470     2.9027     3.2771     3.3507    91.7236 4.1896e+02     124980   5207.458      98.66         13  0.000e+00
     39.219     38.865     6.4472  34.062456     6.4450  34.117670    7.10130    7.38218    34.1837    34.2475     2.9027     3.2771     3.3507    91.6445 4.1896e+02     124981   5207.500      98.66         13  0.000e+00
     39.219     38.865     6.4471  34.062696     6.4450  34.117212    7.10031    7.38178    34.1841    34.2470     2.9027     3.2771     3.3507    91.5918 4.1896e+02     124982   5207.542      98.66         13  0.000e+00
     39.265     38.911     6.4472  34.062559     6.4450  34.117081    7.10374    7.38202    34.1838    34.2468     2.9039     3.2771     3.3507    91.5391 4.1896e+02     124983   5207.583      98.66         13  0.000e+00
     39.219     38.865     6.4473  34.062112     6.4445  34.117604    7.10408    7.38219    34.1833    34.2479     2.9039     3.2771     3.3507    91.4863 4.1896e+02     124984   5207.625      98.66         13  0.000e+00
     39.279     38.924     6.4472  34.062353     6.4455  34.117834    7.10379    7.38182    34.1836    34.2471     2.9039     3.2771     3.3507    91.4863 4.1896e+02     124985   5207.667      98.66         13  0.000e+00
     39.219     38.865     6.4474  34.062490     6.4447  34.118062    7.10333    7.38126    34.1835    34.2483     2.9039     3.2771     3.3507    91.4863 4.1700e+02     124986   5207.708      98.66         13  0.000e+00
     39.266     38.911     6.4470  34.062318     6.4455  34.118324    7.09864    7.38153    34.1837    34.2477     2.9027     3.2771     3.3507    91.5391 4.1700e+02     124987   5207.750      98.66         13  0.000e+00
     39.266     38.911     6.4473  34.062250     6.4456  34.118782    7.10192    7.38576    34.1834    34.2481     2.9039     3.2783     3.3507    91.6445 4.1700e+02     124988   5207.792      98.66         13  0.000e+00
     39.266     38.911     6.4471  34.062456     6.4458  34.118848    7.10221    7.38239    34.1838    34.2480     2.9039     3.2771     3.3507    91.7236 4.1700e+02     124989   5207.833      98.66         13  0.000e+00
     39.219     38.865     6.4474  34.062696     6.4463  34.119076    7.10241    7.38179    34.1838    34.2478     2.9039     3.2771     3.3507    91.8027 4.1700e+02     124990   5207.875      98.66         13  0.000e+00
     29.746     29.478     6.5314  34.131896     6.5170  34.176241    7.17533    7.43476    34.1815    34.2452     2.9317     3.3073     4.1639    90.3263 3.9143e+02     126230   5259.542      98.66         14  0.000e+00
     29.739     29.472     6.5312  34.131862     6.5169  34.175684    7.17526    7.43455    34.1816    34.2447     2.9317     3.3073     4.2298    90.3527 3.9143e+02     126231   5259.583      98.66         14  0.000e+00
     29.700     29.432     6.5301  34.130005     6.5175  34.175619    7.17531    7.43457    34.1806    34.2440     2.9317     3.3073     4.2371    90.3263 3.9143e+02     126232   5259.625      98.66         14  0.000e+00
     29.740     29.472     6.5272  34.128457     6.5164  34.175848    7.17560    7.43492    34.1818    34.2454     2.9317     3.3073     4.2298    90.3000 3.9143e+02     126233   5259.667      98.66         14  0.000e+00
     29.740     29.472     6.5260  34.127529     6.5162  34.175717    7.17993    7.43500    34.1820    34.2454     2.9329     3.3073     4.2298    90.3263 3.9143e+02     126234   5259.708      98.66         14  0.000e+00
     29.746     29.478     6.5246  34.127357     6.5167  34.175848    7.17679    7.43508    34.1832    34.2451     2.9317     3.3073     4.2298    90.3263 3.8946e+02     126235   5259.750      98.66         14  0.000e+00
     29.693     29.426     6.5248  34.128079     6.5165  34.176110    7.17630    7.43486    34.1838    34.2455     2.9317     3.3073     4.2298    90.3790 3.8946e+02     126236   5259.792      98.66         14  0.000e+00
     29.800     29.531     6.5266  34.129799     6.5162  34.176569    7.17637    7.43455    34.1839    34.2464     2.9317     3.3073     4.2225    90.3263 3.9143e+02     126237   5259.833      98.66         14  0.000e+00
     29.786     29.518     6.5285  34.130280     6.5167  34.177682    7.17634    7.43418    34.1825    34.2471     2.9317     3.3073     4.2298    90.3263 3.9143e+02     126238   5259.875      98.66         14  0.000e+00
     29.740     29.472     6.5301  34.132034     6.5180  34.180628    7.17553    7.43380    34.1829    34.2491     2.9317     3.3073     4.2298    90.3263 3.9143e+02     126239   5259.917      98.66         14  0.000e+00
     29.800     29.531     6.5335  34.135439     6.5227  34.187962    7.17007    7.43382    34.1833    34.2525     2.9305     3.3073     4.2225    90.3000 3.8946e+02     126240   5259.958      98.66         14  0.000e+00
     29.787     29.518     6.5358  34.138569     6.5290  34.193789    7.17272    7.43398    34.1844    34.2526     2.9317     3.3073     4.2225    90.3527 3.8946e+02     126241   5260.000      98.66         14  0.000e+00
     29.800     29.531     6.5385  34.140082     6.5339  34.196015    7.17168    7.43363    34.1834    34.2502     2.9317     3.3073     4.2225    90.3790 3.8946e+02     126242   5260.042      98.66         14  0.000e+00
     29.787     29.518     6.5398  34.140529     6.5375  34.197128    7.17081    7.43354    34.1826    34.2479     2.9317     3.3073     4.2298    90.4318 3.8946e+02     126243   5260.083      98.66         14  0.000e+00
