Ship_data/Southern/Southern_Ocean-02_NBP-15-11_2015-12-07/CTD NBP1511/process/nbp1511_002.ros
* Sea-Bird SBE 9 Data File:
* FileName = D:\Data\raw\NBP1511_002.hdr
* Software Version Seasave V 7.21e
* Temperature SN = 5730
* Conductivity SN = 1143
* Number of Bytes Per Scan = 40
* Number of Voltage Words = 5
* Number of Scans Averaged by the Deck Unit = 1
* NMEA Latitude = 53 18.73 S
* NMEA Longitude = 080 17.31 W
* NMEA UTC (Time) = Dec 08 2015  21:37:46
* NMEA baud rate = 9600
** Ship: RVIB N.B. Palmer
** Cruise: NBP1511
** Station: CTD Test
** Operator: S. Blackman
# nquan = 20
# nvalues = 1176                                  
# units = specified
# name 0 = prDM: Pressure, Digiquartz [db]
# name 1 = depSM: Depth [salt water, m]
# name 2 = t090C: Temperature [ITS-90, deg C]
# name 3 = c0mS/cm: Conductivity [mS/cm]
# name 4 = t190C: Temperature, 2 [ITS-90, deg C]
# name 5 = c1mS/cm: Conductivity, 2 [mS/cm]
# name 6 = sbeox0ML/L: Oxygen, SBE 43 [ml/l]
# name 7 = sbeox1ML/L: Oxygen, SBE 43, 2 [ml/l]
# name 8 = sal00: Salinity, Practical [PSU]
# name 9 = sal11: Salinity, Practical, 2 [PSU]
# name 10 = sbeox0V: Oxygen raw, SBE 43 [V]
# name 11 = sbeox1V: Oxygen raw, SBE 43, 2 [V]
# name 12 = flECO-AFL: Fluorescence, WET Labs ECO-AFL/FL [mg/m^3]
# name 13 = CStarTr0: Beam Transmission, WET Labs C-Star [%]
# name 14 = spar: SPAR/Surface Irradiance
# name 15 = scan: Scan Count
# name 16 = timeS: Time, Elapsed [seconds]
# name 17 = altM: Altimeter [m]
# name 18 = nbf: Bottles Fired
# name 19 = flag:  0.000e+00
# interval = seconds: 0.0416667
# start_time = Dec 08 2015 21:37:46 [NMEA time, header]
# bad_flag = -9.990e-29
*END*
[from data line 869]
    150.840    149.448     5.6088  33.308290     5.6269  33.347889    6.14487    6.33707    34.1233    34.1500     2.5087     2.8331    -0.0120    95.3618 2.8521e+02     129119   5379.917      98.66         18  0.000e+00
    150.893    149.500     5.6090  33.308426     5.6268  33.347695    6.14145    6.33800    34.1232    34.1499     2.5075     2.8331    -0.0120    95.3354 2.8521e+02     129120   5379.958      98.66         18  0.000e+00
    150.840    149.448     5.6096  33.307507     5.6267  33.347630    6.14091    6.33815    34.1216    34.1499     2.5075     2.8331    -0.0120    95.3354 2.8521e+02     129121   5380.000      98.66         18  0.000e+00
    150.846    149.454     5.6096  33.305841     5.6266  33.347630    6.14578    6.33843    34.1197    34.1500     2.5087     2.8331    -0.0120    95.3354 2.8521e+02     129122   5380.042      98.66         18  0.000e+00
    150.886    149.494     5.6090  33.305773     5.6261  33.347630    6.14670    6.33872    34.1203    34.1505     2.5087     2.8331    -0.0120    95.3618 2.8521e+02     129123   5380.083      98.66         18  0.000e+00
    150.840    149.448     5.6089  33.307644     5.6265  33.347436    6.14728    6.34305    34.1225    34.1499     2.5087     2.8343    -0.0120    95.3618 2.8324e+02     129124   5380.125      98.66         18  0.000e+00
    150.846    149.454     5.6089  33.309583     5.6265  33.347759    6.14697    6.34441    34.1247    34.1503     2.5087     2.8343    -0.0120    95.3354 2.8324e+02     129125   5380.167      98.66         18  0.000e+00
    150.793    149.401     5.6096  33.309446     5.6261  33.347500    6.14188    6.34501    34.1238    34.1504     2.5075     2.8343    -0.0120    95.3354 2.8324e+02     129126   5380.208      98.66         18  0.000e+00
    150.840    149.448     5.6085  33.306725     5.6258  33.346982    6.14630    6.34599    34.1219    34.1501     2.5087     2.8343    -0.0120    95.3618 2.8521e+02     129127   5380.250      98.66         18  0.000e+00
    150.800    149.408     5.6057  33.302984     5.6243  33.346659    6.14153    6.34709    34.1205    34.1512     2.5075     2.8343    -0.0120    95.3618 2.8324e+02     129128   5380.292      98.66         18  0.000e+00
    150.793    149.401     5.6031  33.301011     5.6241  33.346788    6.15037    6.34806    34.1208    34.1517     2.5099     2.8343    -0.0120    95.3618 2.8521e+02     129129   5380.333      98.66         18  0.000e+00
    150.800    149.408     5.6012  33.300501     5.6243  33.346464    6.15585    6.34452    34.1222    34.1510     2.5111     2.8331    -0.0120    95.3618 2.8324e+02     129130   5380.375      98.66         18  0.000e+00
    150.793    149.401     5.6004  33.300637     5.6249  33.345752    6.15331    6.34873    34.1232    34.1497     2.5099     2.8343    -0.0120    95.3354 2.8521e+02     129131   5380.417      98.66         18  0.000e+00
    126.453    125.294     5.7536  33.401735     5.7559  33.424370    6.25523    6.55588    34.0952    34.1187     2.5438     2.8865     0.0100    95.2827 3.0095e+02     130623   5442.583      98.66         19  0.000e+00
    126.360    125.201     5.7538  33.401530     5.7561  33.424531    6.25437    6.55707    34.0949    34.1186     2.5438     2.8865     0.0100    95.2827 3.0095e+02     130624   5442.625      98.66         19  0.000e+00
    126.360    125.201     5.7535  33.401292     5.7557  33.424499    6.25334    6.56219    34.0949    34.1190     2.5438     2.8877     0.0100    95.3091 3.0095e+02     130625   5442.667      98.66         19  0.000e+00
    126.380    125.221     5.7533  33.400815     5.7555  33.424888    6.25201    6.56319    34.0946    34.1196     2.5438     2.8877     0.0100    95.2564 3.0095e+02     130626   5442.708      98.66         19  0.000e+00
    126.360    125.201     5.7532  33.401292     5.7556  33.424272    6.25029    6.56853    34.0953    34.1188     2.5438     2.8889     0.0100    95.2827 3.0095e+02     130627   5442.750      98.66         19  0.000e+00
    126.307    125.149     5.7535  33.401087     5.7559  33.423980    6.25354    6.56900    34.0947    34.1183     2.5450     2.8889     0.0100    95.2827 3.0095e+02     130628   5442.792      98.66         19  0.000e+00
    126.360    125.201     5.7536  33.400951     5.7557  33.424175    6.24745    6.56972    34.0944    34.1186     2.5438     2.8889     0.0100    95.2827 3.0095e+02     130629   5442.833      98.66         19  0.000e+00
    126.307    125.149     5.7541  33.401121     5.7562  33.423883    6.24549    6.56908    34.0942    34.1179     2.5438     2.8889     0.0173    95.2827 3.0095e+02     130630   5442.875      98.66         19  0.000e+00
    126.280    125.122     5.7543  33.401189     5.7558  33.423721    6.24787    6.56865    34.0941    34.1181     2.5450     2.8889     0.0173    95.3091 3.0095e+02     130631   5442.917      98.66         19  0.000e+00
    126.307    125.149     5.7543  33.401428     5.7557  33.423721    6.24618    6.57271    34.0943    34.1182     2.5450     2.8902     0.0173    95.2827 3.0095e+02     130632   5442.958      98.66         19  0.000e+00
    126.307    125.149     5.7539  33.401087     5.7559  33.423753    6.24879    6.57696    34.0943    34.1180     2.5462     2.8914     0.0173    95.3091 3.0095e+02     130633   5443.000      98.66         19  0.000e+00
    126.260    125.103     5.7539  33.401121     5.7553  33.423721    6.24792    6.57694    34.0943    34.1186     2.5462     2.8914     0.0173    95.2827 3.0095e+02     130634   5443.042      98.66         19  0.000e+00
    126.234    125.076     5.7536  33.401394     5.7557  33.423137    6.24299    6.57643    34.0950    34.1175     2.5450     2.8914     0.0173    95.2564 2.9898e+02     130635   5443.083      98.66         19  0.000e+00
    126.260    125.103     5.7536  33.401496     5.7559  33.422003    6.24165    6.57965    34.0951    34.1161     2.5450     2.8926     0.0173    95.2827 2.9898e+02     130636   5443.125      98.66         19  0.000e+00
    126.260    125.103     5.7535  33.401258     5.7560  33.420674    6.24463    6.57938    34.0950    34.1145     2.5462     2.8926     0.0173    95.3091 2.9898e+02     130637   5443.167      98.66         19  0.000e+00
    126.207    125.050     5.7536  33.401189     5.7565  33.420350    6.23888    6.57915    34.0948    34.1136     2.5450     2.8926     0.0173    95.2827 3.0095e+02     130638   5443.208      98.66         19  0.000e+00
    126.207    125.050     5.7538  33.401223     5.7567  33.420577    6.24206    6.57775    34.0946    34.1137     2.5462     2.8926     0.0173    95.3091 2.9898e+02     130639   5443.250      98.66         19  0.000e+00
    126.187    125.030     5.7541  33.401428     5.7563  33.420804    6.24036    6.57645    34.0946    34.1143     2.5462     2.8926     0.0173    95.2827 2.9898e+02     130640   5443.292      98.66         19  0.000e+00
    126.207    125.050     5.7544  33.401087     5.7565  33.421258    6.23921    6.57895    34.0938    34.1146     2.5462     2.8938     0.0173    95.2564 2.9898e+02     130641   5443.333      98.66         19  0.000e+00
    126.207    125.050     5.7547  33.400951     5.7568  33.422586    6.23857    6.57727    34.0934    34.1158     2.5462     2.8938     0.0173    95.2827 2.9898e+02     130642   5443.375      98.66         19  0.000e+00
    126.114    124.957     5.7547  33.400746     5.7568  33.423137    6.23690    6.57569    34.0932    34.1165     2.5462     2.8938     0.0173    95.2564 2.9898e+02     130643   5443.417      98.66         19  0.000e+00
    126.207    125.050     5.7549  33.401291     5.7567  33.423980    6.23964    6.57865    34.0936    34.1175     2.5475     2.8950     0.0173    95.2564 2.9898e+02     130644   5443.458      98.66         19  0.000e+00
    126.134    124.977     5.7551  33.401461     5.7559  33.424660    6.23893    6.57735    34.0937    34.1192     2.5475     2.8950     0.0173    95.2564 2.9898e+02     130645   5443.500      98.66         19  0.000e+00
    126.114    124.958     5.7552  33.401257     5.7558  33.424757    6.23426    6.57560    34.0933    34.1194     2.5462     2.8950     0.0173    95.2564 2.9898e+02     130646   5443.542      98.66         19  0.000e+00
    126.114    124.958     5.7551  33.401427     5.7550  33.424952    6.23781    6.57832    34.0936    34.1203     2.5475     2.8963     0.0173    95.2827 3.0095e+02     130647   5443.583      98.66         19  0.000e+00
    126.114    124.958     5.7552  33.401087     5.7549  33.425244    6.23731    6.57689    34.0931    34.1208     2.5475     2.8963     0.0173    95.2564 2.9898e+02     130648   5443.625      98.66         19  0.000e+00
    126.134    124.977     5.7551  33.401529     5.7543  33.425471    6.23662    6.57991    34.0938    34.1216     2.5475     2.8975     0.0173    95.2564 2.9898e+02     130649   5443.667      98.66         19  0.000e+00
    126.061    124.905     5.7554  33.401734     5.7547  33.425535    6.23558    6.57866    34.0937    34.1213     2.5475     2.8975     0.0173    95.2564 2.9898e+02     130650   5443.708      98.66         19  0.000e+00
    126.114    124.958     5.7557  33.401734     5.7542  33.425762    6.23977    6.57771    34.0933    34.1220     2.5487     2.8975     0.0173    95.2827 2.9898e+02     130651   5443.750      98.66         19  0.000e+00
    126.061    124.905     5.7562  33.401733     5.7548  33.425600    6.23528    6.57684    34.0929    34.1213     2.5475     2.8975     0.0100    95.2827 2.9898e+02     130652   5443.792      98.66         19  0.000e+00
    125.941    124.786     5.7565  33.401324     5.7549  33.425373    6.23894    6.57547    34.0922    34.1210     2.5487     2.8975     0.0173    95.2827 2.9898e+02     130653   5443.833      98.66         19  0.000e+00
    126.161    125.004     5.7562  33.401393     5.7555  33.424498    6.23891    6.57828    34.0925    34.1193     2.5487     2.8987     0.0173    95.2827 2.9898e+02     130654   5443.875      98.66         19  0.000e+00
    126.061    124.905     5.7560  33.401495     5.7555  33.424239    6.23915    6.57667    34.0928    34.1191     2.5487     2.8987     0.0173    95.2827 2.9898e+02     130655   5443.917      98.66         19  0.000e+00
    126.061    124.905     5.7562  33.401665     5.7554  33.423882    6.24303    6.57957    34.0928    34.1188     2.5499     2.8999     0.0173    95.3091 2.9898e+02     130656   5443.958      98.66         19  0.000e+00
    126.061    124.905     5.7562  33.401529     5.7554  33.423526    6.24365    6.57412    34.0927    34.1184     2.5499     2.8987     0.0173    95.2827 2.9898e+02     130657   5444.000      98.66         19  0.000e+00
    125.988    124.832     5.7559  33.401461     5.7561  33.423461    6.23948    6.57248    34.0929    34.1176     2.5487     2.8987     0.0173    95.2827 2.9898e+02     130658   5444.042      98.66         19  0.000e+00
    126.061    124.905     5.7559  33.401870     5.7559  33.423299    6.23976    6.57047    34.0934    34.1176     2.5487     2.8987     0.0173    95.2827 2.9898e+02     130659   5444.083      98.66         19  0.000e+00
    126.014    124.859     5.7560  33.402006     5.7565  33.423201    6.24358    6.57286    34.0934    34.1169     2.5499     2.8999     0.0173    95.2827 2.9898e+02     130660   5444.125      98.66         19  0.000e+00
    126.014    124.859     5.7559  33.401597     5.7561  33.423396    6.24423    6.57627    34.0931    34.1175     2.5499     2.9011     0.0173    95.2827 2.9898e+02     130661   5444.167      98.66         19  0.000e+00
    125.988    124.832     5.7559  33.401461     5.7565  33.423104    6.24465    6.57556    34.0929    34.1168     2.5499     2.9011     0.0173    95.2827 2.9898e+02     130662   5444.208      98.66         19  0.000e+00
    126.061    124.905     5.7562  33.401291     5.7565  33.423331    6.24493    6.57020    34.0924    34.1170     2.5499     2.8999     0.0173    95.3091 2.9898e+02     130663   5444.250      98.66         19  0.000e+00
    125.968    124.812     5.7562  33.401427     5.7561  33.423266    6.24413    6.57288    34.0926    34.1174     2.5499     2.9011     0.0100    95.2827 2.9898e+02     130664   5444.292      98.66         19  0.000e+00
    126.014    124.859     5.7565  33.401461     5.7562  33.423428    6.24854    6.57161    34.0923    34.1175     2.5511     2.9011     0.0173    95.3091 2.9898e+02     130665   5444.333      98.66         19  0.000e+00
    126.014    124.859     5.7568  33.401665     5.7563  33.423266    6.24430    6.56988    34.0922    34.1171     2.5499     2.9011     0.0173    95.3091 2.9898e+02     130666   5444.375      98.66         19  0.000e+00
    125.988    124.832     5.7565  33.401733     5.7566  33.423396    6.24831    6.57277    34.0926    34.1171     2.5511     2.9024     0.0173    95.3091 2.9898e+02     130667   5444.417      98.66         19  0.000e+00
    126.014    124.859     5.7567  33.401733     5.7567  33.423104    6.24828    6.57162    34.0924    34.1166     2.5511     2.9024     0.0173    95.3091 2.9898e+02     130668   5444.458      98.66         19  0.000e+00
    126.014    124.859     5.7568  33.401529     5.7563  33.423137    6.24880    6.57073    34.0920    34.1170     2.5511     2.9024     0.0173    95.2827 2.9898e+02     130669   5444.500      98.66         19  0.000e+00
    126.014    124.859     5.7570  33.401461     5.7568  33.423201    6.24912    6.56945    34.0918    34.1166     2.5511     2.9024     0.0173    95.2564 2.9898e+02     130670   5444.542      98.66         19  0.000e+00
    125.988    124.832     5.7570  33.401495     5.7568  33.423428    6.24925    6.56847    34.0918    34.1169     2.5511     2.9024     0.0173    95.2827 2.9898e+02     130671   5444.583      98.66         19  0.000e+00
    101.667    100.740     5.9327  33.522581     5.9322  33.544895    6.52360    6.77957    34.0638    34.0895     2.6681     3.0181     0.1053    95.0718 3.1668e+02     132017   5500.667      98.66         20  0.000e+00
    101.607    100.681     5.9332  33.522410     5.9323  33.545024    6.52347    6.78017    34.0632    34.0895     2.6681     3.0181     0.1126    95.0982 3.1668e+02     132018   5500.708      98.66         20  0.000e+00
    101.614    100.688     5.9331  33.522410     5.9323  33.545024    6.52345    6.78088    34.0633    34.0895     2.6681     3.0181     0.1126    95.0718 3.1668e+02     132019   5500.750      98.66         20  0.000e+00
    101.567    100.641     5.9331  33.522444     5.9328  33.545219    6.52789    6.78154    34.0634    34.0893     2.6694     3.0181     0.1126    95.0718 3.1668e+02     132020   5500.792      98.66         20  0.000e+00
    101.614    100.688     5.9331  33.522240     5.9327  33.545089    6.52410    6.77806    34.0631    34.0893     2.6681     3.0169     0.1126    95.0718 3.1668e+02     132021   5500.833      98.66         20  0.000e+00
    101.567    100.641     5.9332  33.522205     5.9326  33.545024    6.52398    6.77808    34.0629    34.0893     2.6681     3.0169     0.1126    95.0454 3.1668e+02     132022   5500.875      98.66         20  0.000e+00
    101.567    100.641     5.9332  33.522205     5.9331  33.545414    6.52392    6.77819    34.0630    34.0892     2.6681     3.0169     0.1126    95.0454 3.1668e+02     132023   5500.917      98.66         20  0.000e+00
    101.560    100.635     5.9331  33.522444     5.9330  33.545349    6.52010    6.78188    34.0634    34.0893     2.6669     3.0181     0.1126    95.0191 3.1668e+02     132024   5500.958      98.66         20  0.000e+00
    101.567    100.641     5.9329  33.521864     5.9330  33.545479    6.52469    6.77778    34.0629    34.0894     2.6681     3.0169     0.1126    95.0191 3.1668e+02     132025   5501.000      98.66         20  0.000e+00
    101.514    100.589     5.9329  33.522069     5.9330  33.545349    6.52467    6.78206    34.0631    34.0893     2.6681     3.0181     0.1126    95.0454 3.1668e+02     132026   5501.042      98.66         20  0.000e+00
