Ship_data/Southern/Southern_Ocean-02_NBP-15-11_2015-12-07/CTD NBP1511/process/nbp1511_011.ros
* Sea-Bird SBE 9 Data File:
* FileName = D:\Data\raw\NBP1511_011.hdr
* Software Version Seasave V 7.21e
* Temperature SN = 5730
* Conductivity SN = 1143
* Number of Bytes Per Scan = 40
* Number of Voltage Words = 5
* Number of Scans Averaged by the Deck Unit = 1
* NMEA Latitude = 54 07.02 S
* NMEA Longitude = 089 35.93 W
* NMEA UTC (Time) = Dec 17 2015  22:23:02
* NMEA baud rate = 9600
** Ship: RVIB N.B. Palmer
** Cruise: NBP1511
** Station: FLMA-1, FLMA-2
** Operator: S. Blackman/B.Bjork
# nquan = 20
# nvalues = 686                                   
# units = specified
# name 0 = prDM: Pressure, Digiquartz [db]
# name 1 = depSM: Depth [salt water, m]
# name 2 = t090C: Temperature [ITS-90, deg C]
# name 3 = c0mS/cm: Conductivity [mS/cm]
# name 4 = t190C: Temperature, 2 [ITS-90, deg C]
# name 5 = c1mS/cm: Conductivity, 2 [mS/cm]
# name 6 = sbeox0ML/L: Oxygen, SBE 43 [ml/l]
# name 7 = sbeox1ML/L: Oxygen, SBE 43, 2 [ml/l]
# name 8 = sal00: Salinity, Practical [PSU]
# name 9 = sal11: Salinity, Practical, 2 [PSU]
# name 10 = sbeox0V: Oxygen raw, SBE 43 [V]
# name 11 = sbeox1V: Oxygen raw, SBE 43, 2 [V]
# name 12 = flECO-AFL: Fluorescence, WET Labs ECO-AFL/FL [mg/m^3]
# name 13 = CStarTr0: Beam Transmission, WET Labs C-Star [%]
# name 14 = spar: SPAR/Surface Irradiance
# name 15 = scan: Scan Count
# name 16 = timeS: Time, Elapsed [seconds]
# name 17 = altM: Altimeter [m]
# name 18 = nbf: Bottles Fired
# name 19 = flag:  0.000e+00
# interval = seconds: 0.0416667
# start_time = Dec 17 2015 22:23:02 [NMEA time, header]
# bad_flag = -9.990e-29
*END*
[from data line 507]
     91.254     90.419     6.3632  34.012377     6.3618  34.068078    6.96701    7.22730    34.1860    34.2495     2.8388     3.2035     1.0650    94.3073 4.6027e+02     121487   5061.917      98.66         11  0.000e+00
     91.208     90.373     6.3634  34.012755     6.3624  34.068437    6.97096    7.22752    34.1863    34.2493     2.8400     3.2035     1.0650    94.3073 4.6027e+02     121488   5061.958      98.66         11  0.000e+00
     91.254     90.419     6.3634  34.012686     6.3628  34.068731    6.96610    7.22791    34.1862    34.2493     2.8388     3.2035     1.0650    94.3073 4.6027e+02     121489   5062.000      98.66         11  0.000e+00
     91.208     90.373     6.3634  34.012205     6.3628  34.068633    6.96561    7.22825    34.1856    34.2492     2.8388     3.2035     1.0650    94.2545 4.6027e+02     121490   5062.042      98.66         11  0.000e+00
     91.255     90.419     6.3635  34.012583     6.3631  34.068731    6.96515    7.22864    34.1859    34.2490     2.8388     3.2035     1.0650    94.3073 4.6027e+02     121491   5062.083      98.66         11  0.000e+00
     91.208     90.373     6.3632  34.012652     6.3630  34.068829    6.96467    7.22905    34.1863    34.2493     2.8388     3.2035     1.0650    94.3073 4.6027e+02     121492   5062.125      98.66         11  0.000e+00
     91.248     90.412     6.3634  34.012412     6.3630  34.068601    6.96423    7.22887    34.1859    34.2490     2.8388     3.2035     1.0650    94.3073 4.6027e+02     121493   5062.167      98.66         11  0.000e+00
     91.208     90.373     6.3634  34.012377     6.3634  34.068764    6.96373    7.22512    34.1858    34.2488     2.8388     3.2023     1.0650    94.3336 4.5830e+02     121494   5062.208      98.66         11  0.000e+00
     91.255     90.419     6.3632  34.012377     6.3633  34.069025    6.96406    7.22856    34.1860    34.2491     2.8388     3.2035     1.0650    94.3336 4.6027e+02     121495   5062.250      98.66         11  0.000e+00
     91.255     90.419     6.3631  34.012377     6.3633  34.068862    6.96364    7.22491    34.1861    34.2489     2.8388     3.2023     1.0650    94.3336 4.5830e+02     121496   5062.292      98.66         11  0.000e+00
     91.208     90.373     6.3629  34.012446     6.3636  34.068829    6.96318    7.22898    34.1864    34.2486     2.8388     3.2035     1.0650    94.3073 4.6027e+02     121497   5062.333      98.66         11  0.000e+00
     91.255     90.419     6.3629  34.012377     6.3638  34.069025    6.96351    7.22479    34.1863    34.2486     2.8388     3.2023     1.0650    94.3336 4.5830e+02     121498   5062.375      98.66         11  0.000e+00
     91.209     90.373     6.3629  34.012171     6.3633  34.069320    6.96307    7.22823    34.1861    34.2495     2.8388     3.2035     1.0650    94.3073 4.6027e+02     121499   5062.417      98.66         11  0.000e+00
     91.255     90.420     6.3632  34.012309     6.3634  34.069156    6.96339    7.22401    34.1859    34.2491     2.8388     3.2023     1.0650    94.3073 4.5830e+02     121500   5062.458      98.66         11  0.000e+00
     91.255     90.420     6.3631  34.012377     6.3636  34.068895    6.96375    7.22338    34.1861    34.2487     2.8388     3.2023     1.0650    94.3600 4.5830e+02     121501   5062.500      98.66         11  0.000e+00
     91.209     90.374     6.3631  34.012377     6.3636  34.069025    6.96336    7.22752    34.1861    34.2488     2.8388     3.2035     1.0650    94.3336 4.6027e+02     121502   5062.542      98.66         11  0.000e+00
     91.249     90.413     6.3631  34.012446     6.3634  34.069091    6.96304    7.22758    34.1862    34.2491     2.8388     3.2035     1.0650    94.3336 4.5830e+02     121503   5062.583      98.66         11  0.000e+00
     91.209     90.374     6.3631  34.012583     6.3634  34.068895    6.96337    7.22821    34.1864    34.2489     2.8388     3.2035     1.0943    94.3336 4.5830e+02     121504   5062.625      98.66         11  0.000e+00
     91.256     90.420     6.3631  34.012412     6.3634  34.069025    6.96383    7.22480    34.1862    34.2490     2.8388     3.2023     1.1089    94.3336 4.6027e+02     121505   5062.667      98.66         11  0.000e+00
     91.209     90.374     6.3631  34.012377     6.3634  34.069320    6.96794    7.22424    34.1861    34.2493     2.8400     3.2023     1.1162    94.3600 4.5830e+02     121506   5062.708      98.66         11  0.000e+00
     91.256     90.420     6.3631  34.012377     6.3632  34.069156    6.96392    7.22379    34.1861    34.2493     2.8388     3.2023     1.1089    94.3864 4.6027e+02     121507   5062.750      98.66         11  0.000e+00
     91.209     90.374     6.3632  34.012755     6.3636  34.069123    6.96352    7.22324    34.1864    34.2490     2.8388     3.2023     1.1089    94.3336 4.5830e+02     121508   5062.792      98.66         11  0.000e+00
     91.209     90.374     6.3634  34.012789     6.3636  34.069287    6.96318    7.22694    34.1863    34.2491     2.8388     3.2035     1.1089    94.3336 4.5830e+02     121509   5062.833      98.66         11  0.000e+00
     91.209     90.374     6.3631  34.012652     6.3634  34.069156    6.95846    7.22365    34.1864    34.2491     2.8376     3.2023     1.1089    94.3864 4.5830e+02     121510   5062.875      98.66         11  0.000e+00
     91.209     90.374     6.3634  34.012617     6.3638  34.069123    6.96187    7.22322    34.1861    34.2488     2.8388     3.2023     1.1089    94.3600 4.5830e+02     121511   5062.917      98.66         11  0.000e+00
     91.209     90.374     6.3632  34.012617     6.3630  34.069287    6.96160    7.22704    34.1863    34.2498     2.8388     3.2035     1.1089    94.3336 4.6027e+02     121512   5062.958      98.66         11  0.000e+00
     91.249     90.414     6.3632  34.012412     6.3636  34.069189    6.96135    7.22319    34.1860    34.2490     2.8388     3.2023     1.1089    94.3073 4.6027e+02     121513   5063.000      98.66         11  0.000e+00
     91.156     90.322     6.3634  34.012377     6.3632  34.069287    6.96169    7.22274    34.1859    34.2495     2.8388     3.2023     1.1162    94.3336 4.5830e+02     121514   5063.042      98.66         11  0.000e+00
     91.210     90.374     6.3632  34.013030     6.3638  34.069385    6.96146    7.22247    34.1867    34.2491     2.8388     3.2023     1.1089    94.3073 4.5830e+02     121515   5063.083      98.66         11  0.000e+00
     91.210     90.374     6.3634  34.012583     6.3634  34.069156    6.96637    7.22635    34.1861    34.2491     2.8400     3.2035     1.1089    94.3073 4.5830e+02     121516   5063.125      98.66         11  0.000e+00
     91.156     90.322     6.3632  34.012377     6.3636  34.069287    6.96307    7.22250    34.1860    34.2492     2.8388     3.2023     1.1089    94.3073 4.5830e+02     121517   5063.167      98.66         11  0.000e+00
     91.210     90.375     6.3632  34.012171     6.3638  34.068960    6.96363    7.22646    34.1858    34.2486     2.8388     3.2035     1.1089    94.3073 4.5830e+02     121518   5063.208      98.66         11  0.000e+00
     60.021     59.476     6.3819  34.015296     6.3816  34.072354    7.01483    7.27468    34.1862    34.2501     2.8640     3.2299     2.0466    93.1736 4.4453e+02     123325   5138.500      98.66         12  0.000e+00
     60.001     59.456     6.3820  34.015364     6.3817  34.072256    7.01488    7.27487    34.1862    34.2499     2.8640     3.2299     2.0466    93.1736 4.4453e+02     123326   5138.542      98.66         12  0.000e+00
     60.048     59.503     6.3820  34.015227     6.3822  34.071962    7.01501    7.27515    34.1860    34.2491     2.8640     3.2299     2.0466    93.2263 4.4453e+02     123327   5138.583      98.66         12  0.000e+00
     60.068     59.523     6.3821  34.015364     6.3822  34.072322    7.01583    7.27538    34.1861    34.2495     2.8640     3.2299     2.0466    93.1472 4.4453e+02     123328   5138.625      98.66         12  0.000e+00
     60.048     59.503     6.3820  34.015227     6.3821  34.072223    7.01593    7.27497    34.1860    34.2495     2.8640     3.2299     2.0466    93.0682 4.4453e+02     123329   5138.667      98.66         12  0.000e+00
     60.048     59.503     6.3820  34.015158     6.3826  34.072387    7.01605    7.27040    34.1859    34.2492     2.8640     3.2287     2.0466    93.0682 4.4453e+02     123330   5138.708      98.66         12  0.000e+00
     60.068     59.523     6.3819  34.015433     6.3821  34.072224    7.01546    7.27001    34.1863    34.2495     2.8640     3.2287     2.0466    93.1209 4.4453e+02     123331   5138.750      98.66         12  0.000e+00
     60.102     59.556     6.3819  34.015433     6.3821  34.071962    7.01487    7.27380    34.1863    34.2492     2.8640     3.2299     2.0466    93.1736 4.4453e+02     123332   5138.792      98.66         12  0.000e+00
     60.048     59.503     6.3820  34.015021     6.3821  34.072125    7.01416    7.27811    34.1857    34.2494     2.8640     3.2311     2.0466    93.2263 4.4453e+02     123333   5138.833      98.66         12  0.000e+00
     60.115     59.569     6.3820  34.015090     6.3824  34.072354    7.01352    7.27486    34.1858    34.2493     2.8640     3.2299     2.0613    93.2263 4.4453e+02     123334   5138.875      98.66         12  0.000e+00
     60.102     59.556     6.3821  34.015571     6.3822  34.072452    7.01348    7.27502    34.1863    34.2496     2.8640     3.2299     2.0613    93.2000 4.4453e+02     123335   5138.917      98.66         12  0.000e+00
     60.102     59.556     6.3820  34.015571     6.3823  34.072616    7.01348    7.27523    34.1863    34.2497     2.8640     3.2299     2.0686    93.2000 4.4453e+02     123336   5138.958      98.66         12  0.000e+00
     60.168     59.622     6.3824  34.015639     6.3824  34.072485    7.01278    7.27544    34.1860    34.2494     2.8640     3.2299     2.0686    93.2000 4.4453e+02     123337   5139.000      98.66         12  0.000e+00
     60.102     59.556     6.3819  34.015296     6.3822  34.072452    7.01276    7.27566    34.1861    34.2496     2.8640     3.2299     2.0686    93.2263 4.4453e+02     123338   5139.042      98.66         12  0.000e+00
     60.195     59.648     6.3819  34.015571     6.3826  34.072420    7.01281    7.27595    34.1864    34.2492     2.8640     3.2299     2.0686    93.2263 4.4453e+02     123339   5139.083      98.66         12  0.000e+00
     60.115     59.569     6.3822  34.015296     6.3826  34.072452    7.01268    7.27605    34.1859    34.2492     2.8640     3.2299     2.0686    93.2263 4.4453e+02     123340   5139.125      98.66         12  0.000e+00
     60.149     59.602     6.3822  34.015571     6.3827  34.072812    7.01195    7.27627    34.1862    34.2495     2.8640     3.2299     2.0686    93.2263 4.4453e+02     123341   5139.167      98.66         12  0.000e+00
     60.195     59.649     6.3822  34.015571     6.3827  34.072976    7.01120    7.27652    34.1861    34.2496     2.8640     3.2299     2.0686    93.2263 4.4453e+02     123342   5139.208      98.66         12  0.000e+00
     60.169     59.622     6.3820  34.015433     6.3827  34.072747    7.00671    7.27673    34.1861    34.2494     2.8628     3.2299     2.0686    93.2000 4.4453e+02     123343   5139.250      98.66         12  0.000e+00
     60.195     59.649     6.3822  34.015433     6.3823  34.072682    7.00597    7.27630    34.1860    34.2498     2.8628     3.2299     2.0686    93.2000 4.4453e+02     123344   5139.292      98.66         12  0.000e+00
     60.195     59.649     6.3822  34.015640     6.3826  34.072714    7.01037    7.27646    34.1862    34.2495     2.8640     3.2299     2.0686    93.2000 4.4453e+02     123345   5139.333      98.66         12  0.000e+00
     60.169     59.622     6.3822  34.015502     6.3822  34.072485    7.00962    7.27662    34.1860    34.2496     2.8640     3.2299     2.0686    93.2000 4.4453e+02     123346   5139.375      98.66         12  0.000e+00
     60.196     59.649     6.3820  34.015640     6.3823  34.072257    7.00892    7.27684    34.1864    34.2493     2.8640     3.2299     2.0686    93.2000 4.4453e+02     123347   5139.417      98.66         12  0.000e+00
     60.249     59.702     6.3822  34.015365     6.3824  34.072355    7.00890    7.27707    34.1859    34.2493     2.8640     3.2299     2.0686    93.2000 4.4453e+02     123348   5139.458      98.66         12  0.000e+00
     60.216     59.669     6.3819  34.015571     6.3822  34.072616    7.00883    7.27724    34.1864    34.2497     2.8640     3.2299     2.0686    93.1736 4.4453e+02     123349   5139.500      98.66         12  0.000e+00
     60.249     59.702     6.3822  34.015296     6.3824  34.072518    7.00437    7.27743    34.1858    34.2494     2.8628     3.2299     2.0686    93.1472 4.4453e+02     123350   5139.542      98.66         12  0.000e+00
     60.249     59.702     6.3820  34.015571     6.3823  34.072616    7.00438    7.27761    34.1863    34.2497     2.8628     3.2299     2.0686    93.0945 4.4453e+02     123351   5139.583      98.66         12  0.000e+00
     60.169     59.623     6.3822  34.015708     6.3817  34.072322    7.00803    7.27769    34.1863    34.2499     2.8640     3.2299     2.0686    93.0682 4.4453e+02     123352   5139.625      98.66         12  0.000e+00
     60.296     59.748     6.3819  34.015571     6.3819  34.072355    7.00821    7.27803    34.1863    34.2497     2.8640     3.2299     2.0686    93.0945 4.4453e+02     123353   5139.667      98.66         12  0.000e+00
     60.149     59.603     6.3822  34.015433     6.3818  34.072257    7.00880    7.27740    34.1860    34.2498     2.8640     3.2299     2.0686    93.0682 4.4257e+02     123354   5139.708      98.66         12  0.000e+00
     60.316     59.768     6.3819  34.015434     6.3819  34.072355    7.01346    7.27711    34.1862    34.2497     2.8652     3.2299     2.0686    93.1209 4.4257e+02     123355   5139.750      98.66         12  0.000e+00
     60.249     59.702     6.3822  34.015434     6.3817  34.072224    7.01337    7.27713    34.1860    34.2498     2.8652     3.2299     2.0613    93.1209 4.4453e+02     123356   5139.792      98.66         12  0.000e+00
     60.269     59.722     6.3819  34.015434     6.3821  34.072388    7.00966    7.27732    34.1862    34.2496     2.8640     3.2299     2.0540    93.1472 4.4257e+02     123357   5139.833      98.66         12  0.000e+00
     60.296     59.748     6.3819  34.015228     6.3818  34.072224    7.01040    7.27749    34.1860    34.2497     2.8640     3.2299     2.0540    93.1472 4.4453e+02     123358   5139.875      98.66         12  0.000e+00
     60.249     59.702     6.3820  34.015434     6.3819  34.072191    7.01032    7.27754    34.1861    34.2496     2.8640     3.2299     2.0540    93.1472 4.4453e+02     123359   5139.917      98.66         12  0.000e+00
     60.269     59.722     6.3819  34.015434     6.3821  34.072355    7.00594    7.27706    34.1862    34.2496     2.8628     3.2299     2.0540    93.1472 4.4453e+02     123360   5139.958      98.66         12  0.000e+00
     60.250     59.702     6.3817  34.015434     6.3819  34.072616    7.00970    7.27717    34.1864    34.2500     2.8640     3.2299     2.0540    93.0418 4.4453e+02     123361   5140.000      98.66         12  0.000e+00
     60.296     59.749     6.3819  34.015640     6.3821  34.072519    7.01415    7.27728    34.1865    34.2497     2.8652     3.2299     2.0540    92.9627 4.4257e+02     123362   5140.042      98.66         12  0.000e+00
     60.270     59.722     6.3819  34.015296     6.3819  34.072224    7.01042    7.27738    34.1861    34.2496     2.8640     3.2299     2.0540    92.9363 4.4453e+02     123363   5140.083      98.66         12  0.000e+00
     60.250     59.703     6.3819  34.015365     6.3817  34.071995    7.01111    7.27745    34.1861    34.2495     2.8640     3.2299     2.0540    92.9627 4.4453e+02     123364   5140.125      98.66         12  0.000e+00
