Ship_data/Southern/Southern_Ocean-02_NBP-15-11_2015-12-07/CTD NBP1511/process/nbp1511_009.ros
* Sea-Bird SBE 9 Data File:
* FileName = D:\Data\raw\NBP1511_009.hdr
* Software Version Seasave V 7.21e
* Temperature SN = 5730
* Conductivity SN = 1143
* Number of Bytes Per Scan = 40
* Number of Voltage Words = 5
* Number of Scans Averaged by the Deck Unit = 1
* NMEA Latitude = 54 05.06 S
* NMEA Longitude = 088 51.63 W
* NMEA UTC (Time) = Dec 15 2015  23:49:20
* NMEA baud rate = 9600
** Ship: RVIB N.B. Palmer
** Cruise: NBP1511
** Station: FMLB-2
** Operator: S. Blackman/B.Bjork
# nquan = 20
# nvalues = 784                                   
# units = specified
# name 0 = prDM: Pressure, Digiquartz [db]
# name 1 = depSM: Depth [salt water, m]
# name 2 = t090C: Temperature [ITS-90, deg C]
# name 3 = c0mS/cm: Conductivity [mS/cm]
# name 4 = t190C: Temperature, 2 [ITS-90, deg C]
# name 5 = c1mS/cm: Conductivity, 2 [mS/cm]
# name 6 = sbeox0ML/L: Oxygen, SBE 43 [ml/l]
# name 7 = sbeox1ML/L: Oxygen, SBE 43, 2 [ml/l]
# name 8 = sal00: Salinity, Practical [PSU]
# name 9 = sal11: Salinity, Practical, 2 [PSU]
# name 10 = sbeox0V: Oxygen raw, SBE 43 [V]
# name 11 = sbeox1V: Oxygen raw, SBE 43, 2 [V]
# name 12 = flECO-AFL: Fluorescence, WET Labs ECO-AFL/FL [mg/m^3]
# name 13 = CStarTr0: Beam Transmission, WET Labs C-Star [%]
# name 14 = spar: SPAR/Surface Irradiance
# name 15 = scan: Scan Count
# name 16 = timeS: Time, Elapsed [seconds]
# name 17 = altM: Altimeter [m]
# name 18 = nbf: Bottles Fired
# name 19 = flag:  0.000e+00
# interval = seconds: 0.0416667
# start_time = Dec 15 2015 23:49:20 [NMEA time, header]
# bad_flag = -9.990e-29
*END*
[from data line 507]
    180.874    179.179     5.5915  33.369576     5.5838  33.389181    6.68496    6.95228    34.1953    34.2254     2.6791     3.0295    -0.0193    95.5464 1.9670e+01     270420  11267.458      98.66         11  0.000e+00
    180.827    179.133     5.5913  33.369644     5.5831  33.388889    6.68528    6.95551    34.1956    34.2258     2.6791     3.0307    -0.0193    95.5464 1.9670e+01     270421  11267.500      98.66         11  0.000e+00
    180.874    179.179     5.5913  33.369031     5.5834  33.389213    6.68105    6.95514    34.1949    34.2259     2.6778     3.0307    -0.0193    95.5200 1.9670e+01     270422  11267.542      98.66         11  0.000e+00
    180.861    179.166     5.5913  33.369883     5.5835  33.389505    6.68596    6.95457    34.1958    34.2261     2.6791     3.0307    -0.0193    95.5464 1.9670e+01     270423  11267.583      98.66         11  0.000e+00
    180.874    179.179     5.5924  33.370972     5.5814  33.387011    6.68148    6.95451    34.1959    34.2254     2.6778     3.0307    -0.0193    95.5464 1.9670e+01     270424  11267.625      98.66         11  0.000e+00
    180.921    179.226     5.5919  33.370598     5.5789  33.384615    6.68037    6.95476    34.1960    34.2252     2.6778     3.0307    -0.0193    95.4936 1.9670e+01     270425  11267.667      98.66         11  0.000e+00
    180.921    179.226     5.5912  33.369440     5.5780  33.383902    6.68466    6.95501    34.1955    34.2252     2.6791     3.0307    -0.0193    95.4936 1.9670e+01     270426  11267.708      98.66         11  0.000e+00
    180.921    179.226     5.5902  33.368147     5.5772  33.383060    6.68047    6.95526    34.1950    34.2251     2.6778     3.0307    -0.0193    95.4936 1.9670e+01     270427  11267.750      98.66         11  0.000e+00
    180.974    179.278     5.5897  33.367023     5.5766  33.382348    6.68013    6.95546    34.1942    34.2249     2.6778     3.0307    -0.0193    95.5200 1.9670e+01     270428  11267.792      98.66         11  0.000e+00
    180.974    179.278     5.5887  33.366377     5.5750  33.380502    6.68439    6.95563    34.1944    34.2245     2.6791     3.0307    -0.0193    95.5200 1.9670e+01     270429  11267.833      98.66         11  0.000e+00
    180.974    179.278     5.5880  33.365287     5.5726  33.378980    6.68476    6.95576    34.1939    34.2251     2.6791     3.0307    -0.0193    95.5200 1.9670e+01     270430  11267.875      98.66         11  0.000e+00
    181.067    179.371     5.5872  33.364981     5.5708  33.377685    6.67973    6.95591    34.1944    34.2255     2.6778     3.0307    -0.0193    95.5464 1.9670e+01     270431  11267.917      98.66         11  0.000e+00
    181.021    179.325     5.5869  33.364777     5.5700  33.376745    6.68376    6.95584    34.1945    34.2252     2.6791     3.0307    -0.0193    95.5464 1.9670e+01     270432  11267.958      98.66         11  0.000e+00
    181.067    179.371     5.5860  33.364096     5.5708  33.377911    6.68406    6.95520    34.1945    34.2257     2.6791     3.0307    -0.0193    95.5200 1.9670e+01     270433  11268.000      98.66         11  0.000e+00
    181.067    179.371     5.5854  33.363143     5.5709  33.377814    6.68348    6.95517    34.1940    34.2254     2.6791     3.0307    -0.0193    95.5464 1.9670e+01     270434  11268.042      98.66         11  0.000e+00
    181.107    179.410     5.5842  33.361986     5.5700  33.376422    6.68376    6.95524    34.1940    34.2248     2.6791     3.0307    -0.0193    95.5200 1.9670e+01     270435  11268.083      98.66         11  0.000e+00
    181.121    179.424     5.5832  33.361203     5.5678  33.374673    6.67931    6.95953    34.1941    34.2250     2.6778     3.0320    -0.0193    95.5464 1.9670e+01     270436  11268.125      98.66         11  0.000e+00
    181.167    179.470     5.5829  33.361271     5.5673  33.374414    6.68324    6.96000    34.1944    34.2253     2.6791     3.0320    -0.0193    95.5464 1.9670e+01     270437  11268.167      98.66         11  0.000e+00
    181.167    179.470     5.5834  33.361918     5.5676  33.375191    6.67850    6.95591    34.1947    34.2258     2.6778     3.0307    -0.0193    95.5464 1.9670e+01     270438  11268.208      98.66         11  0.000e+00
    181.267    179.569     5.5841  33.361918     5.5705  33.378430    6.67770    6.95553    34.1939    34.2265     2.6778     3.0307    -0.0193    95.5200 1.9670e+01     270439  11268.250      98.66         11  0.000e+00
    181.221    179.523     5.5846  33.364199     5.5742  33.382543    6.67668    6.95490    34.1960    34.2275     2.6778     3.0307    -0.0193    95.5200 1.9670e+01     270440  11268.292      98.66         11  0.000e+00
    181.267    179.569     5.5891  33.370054     5.5777  33.385717    6.67971    6.94928    34.1981    34.2274     2.6791     3.0295    -0.0193    95.5200 1.9670e+01     270441  11268.333      98.66         11  0.000e+00
    181.314    179.615     5.5934  33.374650     5.5804  33.387401    6.67814    6.94739    34.1989    34.2267     2.6791     3.0295    -0.0193    95.5200 1.9670e+01     270442  11268.375      98.66         11  0.000e+00
    181.314    179.615     5.5965  33.376795     5.5829  33.390090    6.67752    6.95008    34.1982    34.2272     2.6791     3.0307    -0.0193    95.5200 1.9670e+01     270443  11268.417      98.66         11  0.000e+00
    181.367    179.668     5.5987  33.378157     5.5869  33.394981    6.67708    6.95364    34.1975    34.2286     2.6791     3.0320    -0.0193    95.5464 1.9670e+01     270444  11268.458      98.66         11  0.000e+00
    181.367    179.668     5.5992  33.378327     5.5919  33.399742    6.67219    6.94940    34.1972    34.2289     2.6778     3.0307    -0.0193    95.5464 1.9670e+01     270445  11268.500      98.66         11  0.000e+00
    181.447    179.747     5.6005  33.379417     5.5954  33.402334    6.67572    6.94871    34.1970    34.2282     2.6791     3.0307    -0.0266    95.5464 1.9670e+01     270446  11268.542      98.66         11  0.000e+00
    181.414    179.714     5.6020  33.381153     5.5974  33.403792    6.67598    6.94852    34.1975    34.2279     2.6791     3.0307    -0.0266    95.5464 1.9670e+01     270447  11268.583      98.66         11  0.000e+00
    181.467    179.767     5.6034  33.382788     5.5969  33.402561    6.67635    6.94772    34.1979    34.2270     2.6791     3.0307    -0.0266    95.5464 1.9670e+01     270448  11268.625      98.66         11  0.000e+00
    181.514    179.813     5.6051  33.383775     5.5953  33.400358    6.67671    6.94761    34.1973    34.2261     2.6791     3.0307    -0.0266    95.5200 1.9670e+01     270449  11268.667      98.66         11  0.000e+00
    181.561    179.859     5.6058  33.384558     5.5935  33.399160    6.67720    6.94762    34.1975    34.2265     2.6791     3.0307    -0.0266    95.5200 1.9670e+01     270450  11268.708      98.66         11  0.000e+00
    181.561    179.859     5.6069  33.384967     5.5943  33.401071    6.67760    6.94252    34.1968    34.2279     2.6791     3.0295    -0.0266    95.5200 1.9670e+01     270451  11268.750      98.66         11  0.000e+00
    131.791    130.572     5.7549  33.497149     5.7504  33.521903    6.71232    6.99000    34.1994    34.2321     2.7124     3.0689     0.0247    95.3882 1.9670e+01     272868  11369.458      98.66         12  0.000e+00
    131.738    130.519     5.7549  33.497012     5.7505  33.522130    6.71253    6.98941    34.1993    34.2322     2.7124     3.0689     0.0320    95.4145 1.9670e+01     272869  11369.500      98.66         12  0.000e+00
    131.791    130.572     5.7549  33.497387     5.7508  33.522195    6.71280    6.98954    34.1997    34.2319     2.7124     3.0689     0.0247    95.3882 1.9670e+01     272870  11369.542      98.66         12  0.000e+00
    131.791    130.572     5.7552  33.497319     5.7508  33.522000    6.71301    6.98962    34.1993    34.2317     2.7124     3.0689     0.0247    95.3882 1.9670e+01     272871  11369.583      98.66         12  0.000e+00
    131.765    130.546     5.7552  33.497251     5.7516  33.522324    6.71324    6.98902    34.1992    34.2312     2.7124     3.0689     0.0247    95.4145 1.9670e+01     272872  11369.625      98.66         12  0.000e+00
    131.791    130.572     5.7552  33.497455     5.7518  33.522389    6.71273    6.98843    34.1994    34.2311     2.7124     3.0689     0.0247    95.3882 1.9670e+01     272873  11369.667      98.66         12  0.000e+00
    131.738    130.519     5.7556  33.497728     5.7514  33.522616    6.71284    6.98768    34.1994    34.2318     2.7124     3.0689     0.0247    95.4145 1.9670e+01     272874  11369.708      98.66         12  0.000e+00
    131.838    130.618     5.7559  33.497387     5.7515  33.522325    6.71768    6.98778    34.1987    34.2314     2.7137     3.0689     0.0173    95.4145 1.9670e+01     272875  11369.750      98.66         12  0.000e+00
    131.738    130.519     5.7557  33.497251     5.7518  33.522194    6.71398    6.98705    34.1987    34.2309     2.7124     3.0689     0.0247    95.3882 1.9670e+01     272876  11369.792      98.66         12  0.000e+00
    131.791    130.572     5.7554  33.496842     5.7516  33.522389    6.71428    6.99144    34.1986    34.2313     2.7124     3.0701     0.0247    95.4145 1.9670e+01     272877  11369.833      98.66         12  0.000e+00
    131.838    130.618     5.7549  33.496739     5.7515  33.522260    6.71379    6.98791    34.1989    34.2313     2.7124     3.0689     0.0247    95.4145 1.9670e+01     272878  11369.875      98.66         12  0.000e+00
    131.738    130.519     5.7544  33.496944     5.7510  33.522519    6.71390    6.98784    34.1996    34.2321     2.7124     3.0689     0.0247    95.4145 1.9670e+01     272879  11369.917      98.66         12  0.000e+00
    131.838    130.618     5.7546  33.496603     5.7512  33.522876    6.71414    6.98790    34.1991    34.2323     2.7124     3.0689     0.0247    95.4409 1.9670e+01     272880  11369.958      98.66         12  0.000e+00
    131.818    130.598     5.7543  33.496467     5.7519  33.524142    6.71432    6.98790    34.1992    34.2330     2.7124     3.0689     0.0247    95.4409 1.9670e+01     272881  11370.000      98.66         12  0.000e+00
    131.791    130.572     5.7541  33.496671     5.7531  33.524920    6.71446    6.98787    34.1997    34.2327     2.7124     3.0689     0.0247    95.4409 1.9670e+01     272882  11370.042      98.66         12  0.000e+00
    131.838    130.618     5.7539  33.496535     5.7533  33.525245    6.71468    6.98791    34.1996    34.2329     2.7124     3.0689     0.0247    95.4409 1.9670e+01     272883  11370.083      98.66         12  0.000e+00
    131.838    130.618     5.7535  33.496057     5.7540  33.525505    6.71492    6.98728    34.1996    34.2324     2.7124     3.0689     0.0247    95.4409 1.9670e+01     272884  11370.125      98.66         12  0.000e+00
    131.791    130.572     5.7535  33.496569     5.7549  33.525699    6.71500    6.98715    34.2002    34.2318     2.7124     3.0689     0.0247    95.4409 1.9670e+01     272885  11370.167      98.66         12  0.000e+00
    131.838    130.618     5.7541  33.497115     5.7544  33.525602    6.71510    6.99130    34.2001    34.2321     2.7124     3.0701     0.0247    95.4145 1.9670e+01     272886  11370.208      98.66         12  0.000e+00
    131.838    130.618     5.7547  33.497456     5.7548  33.525569    6.71438    6.98750    34.1999    34.2317     2.7124     3.0689     0.0247    95.4409 1.9670e+01     272887  11370.250      98.66         12  0.000e+00
    131.884    130.664     5.7547  33.497729     5.7550  33.525569    6.71453    6.98744    34.2002    34.2314     2.7124     3.0689     0.0247    95.4145 1.9670e+01     272888  11370.292      98.66         12  0.000e+00
    131.864    130.645     5.7557  33.499161     5.7560  33.526348    6.71823    6.98714    34.2008    34.2313     2.7137     3.0689     0.0247    95.4409 1.9670e+01     272889  11370.333      98.66         12  0.000e+00
    131.884    130.664     5.7588  33.503526     5.7561  33.527387    6.71389    6.98642    34.2026    34.2324     2.7124     3.0689     0.0247    95.4409 1.9670e+01     272890  11370.375      98.66         12  0.000e+00
    131.838    130.618     5.7628  33.506971     5.7576  33.527841    6.71248    6.98557    34.2025    34.2314     2.7124     3.0689     0.0247    95.4145 1.9670e+01     272891  11370.417      98.66         12  0.000e+00
    131.938    130.717     5.7662  33.509222     5.7580  33.527874    6.71663    6.98500    34.2015    34.2310     2.7136     3.0689     0.0247    95.4145 1.9670e+01     272892  11370.458      98.66         12  0.000e+00
    131.884    130.664     5.7682  33.509801     5.7584  33.528263    6.71705    6.98457    34.2002    34.2311     2.7136     3.0689     0.0247    95.4145 1.9670e+01     272893  11370.500      98.66         12  0.000e+00
    131.884    130.664     5.7686  33.509972     5.7584  33.528425    6.71315    6.98443    34.2000    34.2312     2.7124     3.0689     0.0247    95.4409 1.9670e+01     272894  11370.542      98.66         12  0.000e+00
    131.938    130.717     5.7690  33.510620     5.7586  33.528425    6.71308    6.98430    34.2003    34.2310     2.7124     3.0689     0.0247    95.4145 1.9670e+01     272895  11370.583      98.66         12  0.000e+00
    131.938    130.717     5.7687  33.508846     5.7584  33.528425    6.71850    6.98435    34.1986    34.2312     2.7136     3.0689     0.0247    95.4145 1.9670e+01     272896  11370.625      98.66         12  0.000e+00
    131.984    130.763     5.7658  33.505095     5.7588  33.529399    6.71524    6.98490    34.1973    34.2319     2.7124     3.0689     0.0247    95.3882 1.9670e+01     272897  11370.667      98.66         12  0.000e+00
    131.918    130.697     5.7627  33.503082     5.7594  33.530729    6.71563    6.98529    34.1982    34.2328     2.7124     3.0689     0.0247    95.4145 1.9670e+01     272898  11370.708      98.66         12  0.000e+00
    131.984    130.763     5.7603  33.502128     5.7596  33.530470    6.71599    6.98564    34.1995    34.2323     2.7124     3.0689     0.0320    95.4145 1.9670e+01     272899  11370.750      98.66         12  0.000e+00
    131.984    130.763     5.7600  33.502162     5.7583  33.529237    6.72055    6.98132    34.1998    34.2323     2.7136     3.0677     0.0320    95.4145 1.9670e+01     272900  11370.792      98.66         12  0.000e+00
    131.984    130.763     5.7614  33.504208     5.7580  33.528750    6.71640    6.98458    34.2007    34.2320     2.7124     3.0689     0.0320    95.4145 1.9670e+01     272901  11370.833      98.66         12  0.000e+00
    131.984    130.763     5.7652  33.509120     5.7584  33.528912    6.71485    6.98374    34.2024    34.2318     2.7124     3.0689     0.0320    95.4145 1.9670e+01     272902  11370.875      98.66         12  0.000e+00
    132.038    130.816     5.7695  33.512530     5.7575  33.528555    6.71411    6.98298    34.2019    34.2323     2.7124     3.0689     0.0320    95.4145 1.9670e+01     272903  11370.917      98.66         12  0.000e+00
    132.038    130.816     5.7718  33.514133     5.7575  33.528815    6.71366    6.98680    34.2014    34.2326     2.7124     3.0701     0.0320    95.4145 1.9670e+01     272904  11370.958      98.66         12  0.000e+00
    132.038    130.816     5.7740  33.515259     5.7585  33.529756    6.71324    6.98275    34.2005    34.2325     2.7124     3.0689     0.0320    95.4145 1.9670e+01     272905  11371.000      98.66         12  0.000e+00
    132.084    130.862     5.7754  33.516146     5.7609  33.531963    6.71297    6.98248    34.2000    34.2327     2.7124     3.0689     0.0320    95.4145 1.9670e+01     272906  11371.042      98.66         12  0.000e+00
    132.011    130.790     5.7762  33.515736     5.7653  33.536928    6.71729    6.98292    34.1988    34.2338     2.7136     3.0689     0.0320    95.4145 1.9670e+01     272907  11371.083      98.66         12  0.000e+00
