Ship_data/Southern/Southern_Ocean-02_NBP-15-11_2015-12-07/CTD NBP1511/process/nbp1511_008.ros
* Sea-Bird SBE 9 Data File:
* FileName = D:\Data\raw\NBP1511_008.hdr
* Software Version Seasave V 7.21e
* Temperature SN = 5730
* Conductivity SN = 1143
* Number of Bytes Per Scan = 40
* Number of Voltage Words = 5
* Number of Scans Averaged by the Deck Unit = 1
* NMEA Latitude = 54 31.07 S
* NMEA Longitude = 089 22.21 W
* NMEA UTC (Time) = Dec 13 2015  16:49:16
* NMEA baud rate = 9600
** Ship: RVIB N.B. Palmer
** Cruise: NBP1511
** Station: HYPM1
** Operator: S. Blackman/B.Bjork
# nquan = 20
# nvalues = 539                                   
# units = specified
# name 0 = prDM: Pressure, Digiquartz [db]
# name 1 = depSM: Depth [salt water, m]
# name 2 = t090C: Temperature [ITS-90, deg C]
# name 3 = c0mS/cm: Conductivity [mS/cm]
# name 4 = t190C: Temperature, 2 [ITS-90, deg C]
# name 5 = c1mS/cm: Conductivity, 2 [mS/cm]
# name 6 = sbeox0ML/L: Oxygen, SBE 43 [ml/l]
# name 7 = sbeox1ML/L: Oxygen, SBE 43, 2 [ml/l]
# name 8 = sal00: Salinity, Practical [PSU]
# name 9 = sal11: Salinity, Practical, 2 [PSU]
# name 10 = sbeox0V: Oxygen raw, SBE 43 [V]
# name 11 = sbeox1V: Oxygen raw, SBE 43, 2 [V]
# name 12 = flECO-AFL: Fluorescence, WET Labs ECO-AFL/FL [mg/m^3]
# name 13 = CStarTr0: Beam Transmission, WET Labs C-Star [%]
# name 14 = spar: SPAR/Surface Irradiance
# name 15 = scan: Scan Count
# name 16 = timeS: Time, Elapsed [seconds]
# name 17 = altM: Altimeter [m]
# name 18 = nbf: Bottles Fired
# name 19 = flag:  0.000e+00
# interval = seconds: 0.0416667
# start_time = Dec 13 2015 16:49:16 [NMEA time, header]
# bad_flag = -9.990e-29
*END*
[from data line 435]
    504.767    499.629     5.1768  33.130405     5.1718  33.151746    6.32156    6.53021    34.1798    34.2095     2.4630     2.7783    -0.0266    95.4936 2.9898e+03     228638   9526.542      98.66          9  0.000e+00
    504.720    499.582     5.1765  33.129489     5.1719  33.151810    6.32153    6.52552    34.1791    34.2094     2.4630     2.7771    -0.0266    95.4936 2.9839e+03     228639   9526.583      98.66          9  0.000e+00
    504.767    499.629     5.1760  33.129964     5.1719  33.152101    6.32062    6.52554    34.1802    34.2097     2.4630     2.7771    -0.0266    95.4673 2.9780e+03     228640   9526.625      98.66          9  0.000e+00
    504.720    499.582     5.1772  33.131186     5.1724  33.151843    6.31937    6.52445    34.1804    34.2089     2.4630     2.7771    -0.0266    95.4936 2.9740e+03     228641   9526.667      98.66          9  0.000e+00
    504.767    499.629     5.1784  33.133052     5.1722  33.151940    6.32397    6.52802    34.1813    34.2092     2.4642     2.7783    -0.0193    95.4673 2.9721e+03     228642   9526.708      98.66          9  0.000e+00
    504.767    499.629     5.1802  33.135564     5.1723  33.152004    6.31939    6.52375    34.1824    34.2093     2.4630     2.7771    -0.0120    95.4673 2.9701e+03     228643   9526.750      98.66          9  0.000e+00
    302.459    299.525     5.4151  33.256051     5.4219  33.289917    6.66410    6.89066    34.1833    34.2150     2.6298     2.9657    -0.0266    95.4409 2.7892e+03     235042   9793.375      98.66         10  0.000e+00
    302.512    299.578     5.4148  33.255882     5.4214  33.290176    6.66402    6.89138    34.1834    34.2158     2.6298     2.9657    -0.0266    95.4673 2.7852e+03     235043   9793.417      98.66         10  0.000e+00
    302.459    299.525     5.4148  33.256153     5.4215  33.289917    6.66376    6.89122    34.1837    34.2155     2.6298     2.9657    -0.0266    95.4409 2.7813e+03     235044   9793.458      98.66         10  0.000e+00
    302.512    299.578     5.4148  33.256324     5.4206  33.289076    6.66357    6.89118    34.1839    34.2153     2.6298     2.9657    -0.0266    95.4409 2.7774e+03     235045   9793.500      98.66         10  0.000e+00
    302.512    299.578     5.4147  33.256154     5.4195  33.287782    6.66249    6.89111    34.1839    34.2150     2.6298     2.9657    -0.0266    95.4409 2.7715e+03     235046   9793.542      98.66         10  0.000e+00
    302.512    299.578     5.4147  33.256222     5.4178  33.286100    6.66215    6.89176    34.1839    34.2149     2.6298     2.9657    -0.0266    95.4409 2.7695e+03     235047   9793.583      98.66         10  0.000e+00
    302.512    299.578     5.4147  33.255950     5.4171  33.285486    6.66263    6.89172    34.1836    34.2149     2.6298     2.9657    -0.0266    95.4673 2.7656e+03     235048   9793.625      98.66         10  0.000e+00
    302.512    299.578     5.4147  33.255746     5.4176  33.286165    6.66701    6.89241    34.1834    34.2151     2.6310     2.9657    -0.0266    95.4673 2.7616e+03     235049   9793.667      98.66         10  0.000e+00
    302.412    299.479     5.4147  33.256017     5.4187  33.287588    6.66811    6.89227    34.1838    34.2157     2.6310     2.9657    -0.0266    95.4673 2.7577e+03     235050   9793.708      98.66         10  0.000e+00
    302.659    299.724     5.4145  33.255814     5.4197  33.289012    6.66479    6.89251    34.1836    34.2162     2.6298     2.9657    -0.0266    95.4409 2.7557e+03     235051   9793.750      98.66         10  0.000e+00
    302.559    299.625     5.4148  33.256018     5.4205  33.289659    6.66977    6.89233    34.1836    34.2161     2.6310     2.9657    -0.0193    95.4673 2.7537e+03     235052   9793.792      98.66         10  0.000e+00
    302.559    299.625     5.4145  33.255610     5.4208  33.289788    6.67013    6.89311    34.1834    34.2160     2.6310     2.9657    -0.0193    95.4409 2.7498e+03     235053   9793.833      98.66         10  0.000e+00
    302.559    299.625     5.4145  33.255950     5.4208  33.288882    6.66560    6.89309    34.1838    34.2149     2.6298     2.9657    -0.0193    95.4673 2.7478e+03     235054   9793.875      98.66         10  0.000e+00
    302.559    299.625     5.4145  33.255916     5.4195  33.287330    6.66416    6.89309    34.1838    34.2145     2.6298     2.9657    -0.0193    95.4409 2.7459e+03     235055   9793.917      98.66         10  0.000e+00
    302.612    299.678     5.4145  33.255746     5.4178  33.285777    6.66271    6.89315    34.1835    34.2145     2.6298     2.9657    -0.0193    95.4673 2.7439e+03     235056   9793.958      98.66         10  0.000e+00
    302.559    299.625     5.4145  33.255644     5.4177  33.284839    6.66667    6.89310    34.1835    34.2135     2.6310     2.9657    -0.0193    95.4409 2.7419e+03     235057   9794.000      98.66         10  0.000e+00
    302.612    299.678     5.4143  33.255508     5.4186  33.285971    6.66675    6.89318    34.1834    34.2139     2.6310     2.9657    -0.0193    95.4409 2.7400e+03     235058   9794.042      98.66         10  0.000e+00
    302.612    299.678     5.4144  33.255576     5.4198  33.287588    6.66750    6.89316    34.1834    34.2144     2.6310     2.9657    -0.0193    95.4673 2.7380e+03     235059   9794.083      98.66         10  0.000e+00
    302.612    299.678     5.4145  33.255712     5.4194  33.287459    6.66738    6.89314    34.1835    34.2147     2.6310     2.9657    -0.0193    95.4673 2.7380e+03     235060   9794.125      98.66         10  0.000e+00
    302.612    299.678     5.4143  33.255440     5.4182  33.285454    6.66334    6.89243    34.1834    34.2136     2.6298     2.9657    -0.0193    95.4936 2.7360e+03     235061   9794.167      98.66         10  0.000e+00
    302.659    299.724     5.4143  33.255814     5.4169  33.283740    6.66323    6.89168    34.1838    34.2130     2.6298     2.9657    -0.0193    95.4409 2.7360e+03     235062   9794.208      98.66         10  0.000e+00
    302.659    299.724     5.4143  33.255474     5.4161  33.283125    6.66311    6.89164    34.1834    34.2131     2.6298     2.9657    -0.0193    95.4673 2.7341e+03     235063   9794.250      98.66         10  0.000e+00
    302.713    299.777     5.4145  33.255440     5.4152  33.282867    6.66691    6.89161    34.1831    34.2137     2.6310     2.9657    -0.0193    95.4673 2.7341e+03     235064   9794.292      98.66         10  0.000e+00
    302.659    299.724     5.4143  33.255576     5.4150  33.282834    6.66273    6.89151    34.1835    34.2139     2.6298     2.9657    -0.0193    95.4409 2.7341e+03     235065   9794.333      98.66         10  0.000e+00
    302.713    299.777     5.4143  33.255780     5.4145  33.282608    6.66732    6.89150    34.1837    34.2141     2.6310     2.9657    -0.0193    95.4673 2.7360e+03     235066   9794.375      98.66         10  0.000e+00
    302.713    299.777     5.4145  33.255950     5.4150  33.282543    6.66785    6.89140    34.1837    34.2135     2.6310     2.9657    -0.0193    95.4673 2.7360e+03     235067   9794.417      98.66         10  0.000e+00
    302.713    299.777     5.4145  33.255678     5.4150  33.282576    6.66757    6.89135    34.1834    34.2136     2.6310     2.9657    -0.0193    95.4673 2.7380e+03     235068   9794.458      98.66         10  0.000e+00
    302.759    299.823     5.4143  33.255882     5.4150  33.282543    6.66808    6.89134    34.1838    34.2135     2.6310     2.9657    -0.0193    95.4673 2.7380e+03     235069   9794.500      98.66         10  0.000e+00
    302.759    299.823     5.4147  33.255678     5.4149  33.282382    6.66765    6.89199    34.1832    34.2135     2.6310     2.9657    -0.0193    95.4409 2.7400e+03     235070   9794.542      98.66         10  0.000e+00
    302.759    299.823     5.4143  33.255712     5.4149  33.282285    6.67196    6.89201    34.1836    34.2134     2.6322     2.9657    -0.0193    95.4673 2.7400e+03     235071   9794.583      98.66         10  0.000e+00
    302.759    299.823     5.4143  33.255814     5.4144  33.282673    6.66270    6.89197    34.1837    34.2143     2.6298     2.9657    -0.0193    95.4409 2.7419e+03     235072   9794.625      98.66         10  0.000e+00
    302.806    299.869     5.4144  33.255747     5.4147  33.282641    6.66691    6.89197    34.1835    34.2139     2.6310     2.9657    -0.0193    95.4673 2.7439e+03     235073   9794.667      98.66         10  0.000e+00
    302.853    299.916     5.4145  33.255815     5.4150  33.282350    6.66714    6.89197    34.1835    34.2132     2.6310     2.9657    -0.0193    95.4673 2.7459e+03     235074   9794.708      98.66         10  0.000e+00
    302.806    299.869     5.4145  33.255645     5.4147  33.282867    6.66727    6.89265    34.1833    34.2142     2.6310     2.9657    -0.0193    95.4673 2.7478e+03     235075   9794.750      98.66         10  0.000e+00
    302.860    299.922     5.4142  33.255883     5.4145  33.282511    6.66748    6.89273    34.1839    34.2139     2.6310     2.9657    -0.0193    95.4409 2.7498e+03     235076   9794.792      98.66         10  0.000e+00
    302.860    299.922     5.4145  33.255679     5.4145  33.282479    6.66839    6.89270    34.1833    34.2139     2.6310     2.9657    -0.0193    95.4673 2.7537e+03     235077   9794.833      98.66         10  0.000e+00
    302.906    299.969     5.4145  33.255883     5.4140  33.282188    6.66852    6.89273    34.1836    34.2140     2.6310     2.9657    -0.0193    95.4409 2.7557e+03     235078   9794.875      98.66         10  0.000e+00
    302.906    299.969     5.4145  33.256087     5.4145  33.282609    6.66857    6.89272    34.1838    34.2140     2.6310     2.9657    -0.0193    95.4936 2.7577e+03     235079   9794.917      98.66         10  0.000e+00
    302.906    299.969     5.4143  33.255611     5.4142  33.282220    6.66865    6.89277    34.1835    34.2139     2.6310     2.9657    -0.0193    95.4673 2.7597e+03     235080   9794.958      98.66         10  0.000e+00
    302.960    300.021     5.4147  33.255951     5.4145  33.282641    6.66863    6.89274    34.1834    34.2140     2.6310     2.9657    -0.0193    95.4673 2.7636e+03     235081   9795.000      98.66         10  0.000e+00
    302.960    300.021     5.4147  33.256019     5.4147  33.282997    6.67250    6.89274    34.1835    34.2143     2.6322     2.9657    -0.0193    95.4673 2.7656e+03     235082   9795.042      98.66         10  0.000e+00
    302.960    300.021     5.4143  33.256257     5.4152  33.283256    6.66762    6.88832    34.1841    34.2140     2.6310     2.9645    -0.0193    95.4936 2.7695e+03     235083   9795.083      98.66         10  0.000e+00
    303.007    300.068     5.4145  33.255951     5.4149  33.282576    6.66746    6.89212    34.1836    34.2136     2.6310     2.9657    -0.0193    95.4673 2.7715e+03     235084   9795.125      98.66         10  0.000e+00
    303.007    300.068     5.4145  33.255951     5.4149  33.282868    6.66722    6.89215    34.1836    34.2139     2.6310     2.9657    -0.0193    95.4409 2.7754e+03     235085   9795.167      98.66         10  0.000e+00
    303.053    300.114     5.4144  33.255679     5.4150  33.283062    6.66702    6.89224    34.1833    34.2139     2.6310     2.9657    -0.0193    95.4673 2.7793e+03     235086   9795.208      98.66         10  0.000e+00
    303.053    300.114     5.4145  33.255713     5.4152  33.282900    6.66754    6.89226    34.1833    34.2136     2.6310     2.9657    -0.0193    95.4673 2.7833e+03     235087   9795.250      98.66         10  0.000e+00
    303.053    300.114     5.4145  33.255645     5.4150  33.282803    6.66808    6.89230    34.1832    34.2137     2.6310     2.9657    -0.0193    95.4409 2.7872e+03     235088   9795.292      98.66         10  0.000e+00
    303.107    300.167     5.4145  33.255510     5.4150  33.283030    6.67258    6.88793    34.1830    34.2139     2.6322     2.9645    -0.0193    95.4673 2.7931e+03     235089   9795.333      98.66         10  0.000e+00
    303.107    300.167     5.4143  33.255748     5.4152  33.282868    6.66827    6.89173    34.1835    34.2135     2.6310     2.9657    -0.0193    95.4673 2.7970e+03     235090   9795.375      98.66         10  0.000e+00
    161.541    160.029     5.7271  33.494007     5.7268  33.520768    6.70717    6.96060    34.2088    34.2395     2.7001     3.0493     0.0027    95.4409 2.5728e+03     240096  10003.958      98.66         11  0.000e+00
    161.588    160.075     5.7271  33.493973     5.7268  33.520897    6.70222    6.96056    34.2088    34.2396     2.6988     3.0493    -0.0046    95.4145 2.5708e+03     240097  10004.000      98.66         11  0.000e+00
    161.588    160.075     5.7270  33.493973     5.7267  33.520962    6.70645    6.96049    34.2089    34.2399     2.7001     3.0493    -0.0046    95.4673 2.5669e+03     240098  10004.042      98.66         11  0.000e+00
    161.588    160.075     5.7268  33.494144     5.7267  33.521092    6.70683    6.96042    34.2093    34.2400     2.7001     3.0493    -0.0046    95.4409 2.5649e+03     240099  10004.083      98.66         11  0.000e+00
    161.588    160.075     5.7266  33.494007     5.7267  33.520995    6.70724    6.96037    34.2093    34.2399     2.7001     3.0493    -0.0046    95.4409 2.5630e+03     240100  10004.125      98.66         11  0.000e+00
    161.588    160.075     5.7268  33.493769     5.7273  33.520962    6.70223    6.96027    34.2088    34.2392     2.6988     3.0493    -0.0046    95.4673 2.5610e+03     240101  10004.167      98.66         11  0.000e+00
    161.634    160.121     5.7266  33.493905     5.7267  33.521157    6.70650    6.96025    34.2092    34.2400     2.7001     3.0493    -0.0046    95.4409 2.5590e+03     240102  10004.208      98.66         11  0.000e+00
    161.588    160.075     5.7266  33.494144     5.7271  33.521027    6.70604    6.96011    34.2095    34.2395     2.7001     3.0493    -0.0046    95.4409 2.5590e+03     240103  10004.250      98.66         11  0.000e+00
    161.634    160.121     5.7267  33.494212     5.7270  33.521287    6.70563    6.96006    34.2095    34.2399     2.7001     3.0493    -0.0046    95.4409 2.5571e+03     240104  10004.292      98.66         11  0.000e+00
    161.634    160.121     5.7266  33.494041     5.7270  33.521060    6.70518    6.95999    34.2093    34.2396     2.7001     3.0493    -0.0046    95.4673 2.5571e+03     240105  10004.333      98.66         11  0.000e+00
    161.588    160.075     5.7270  33.493973     5.7270  33.520962    6.70538    6.96411    34.2089    34.2395     2.7001     3.0505    -0.0046    95.4409 2.5551e+03     240106  10004.375      98.66         11  0.000e+00
    161.634    160.121     5.7266  33.493769     5.7270  33.520963    6.70497    6.96477    34.2090    34.2395     2.7001     3.0505    -0.0046    95.4409 2.5551e+03     240107  10004.417      98.66         11  0.000e+00
    161.634    160.121     5.7268  33.493905     5.7271  33.520962    6.69982    6.96526    34.2090    34.2394     2.6988     3.0505     0.0027    95.4409 2.5551e+03     240108  10004.458      98.66         11  0.000e+00
    161.634    160.121     5.7268  33.494348     5.7270  33.520963    6.69930    6.96144    34.2095    34.2395     2.6988     3.0493    -0.0046    95.4145 2.5551e+03     240109  10004.500      98.66         11  0.000e+00
    161.634    160.121     5.7267  33.494280     5.7265  33.520898    6.70344    6.96559    34.2095    34.2399     2.7001     3.0505    -0.0046    95.4145 2.5551e+03     240110  10004.542      98.66         11  0.000e+00
    161.688    160.174     5.7270  33.494417     5.7270  33.520930    6.69836    6.96607    34.2094    34.2394     2.6988     3.0505    -0.0046    95.4409 2.5551e+03     240111  10004.583      98.66         11  0.000e+00
