Ship_data/Southern/Southern_Ocean-02_NBP-15-11_2015-12-07/CTD NBP1511/process/nbp1511_011.ros
* Sea-Bird SBE 9 Data File:
* FileName = D:\Data\raw\NBP1511_011.hdr
* Software Version Seasave V 7.21e
* Temperature SN = 5730
* Conductivity SN = 1143
* Number of Bytes Per Scan = 40
* Number of Voltage Words = 5
* Number of Scans Averaged by the Deck Unit = 1
* NMEA Latitude = 54 07.02 S
* NMEA Longitude = 089 35.93 W
* NMEA UTC (Time) = Dec 17 2015  22:23:02
* NMEA baud rate = 9600
** Ship: RVIB N.B. Palmer
** Cruise: NBP1511
** Station: FLMA-1, FLMA-2
** Operator: S. Blackman/B.Bjork
# nquan = 20
# nvalues = 686                                   
# units = specified
# name 0 = prDM: Pressure, Digiquartz [db]
# name 1 = depSM: Depth [salt water, m]
# name 2 = t090C: Temperature [ITS-90, deg C]
# name 3 = c0mS/cm: Conductivity [mS/cm]
# name 4 = t190C: Temperature, 2 [ITS-90, deg C]
# name 5 = c1mS/cm: Conductivity, 2 [mS/cm]
# name 6 = sbeox0ML/L: Oxygen, SBE 43 [ml/l]
# name 7 = sbeox1ML/L: Oxygen, SBE 43, 2 [ml/l]
# name 8 = sal00: Salinity, Practical [PSU]
# name 9 = sal11: Salinity, Practical, 2 [PSU]
# name 10 = sbeox0V: Oxygen raw, SBE 43 [V]
# name 11 = sbeox1V: Oxygen raw, SBE 43, 2 [V]
# name 12 = flECO-AFL: Fluorescence, WET Labs ECO-AFL/FL [mg/m^3]
# name 13 = CStarTr0: Beam Transmission, WET Labs C-Star [%]
# name 14 = spar: SPAR/Surface Irradiance
# name 15 = scan: Scan Count
# name 16 = timeS: Time, Elapsed [seconds]
# name 17 = altM: Altimeter [m]
# name 18 = nbf: Bottles Fired
# name 19 = flag:  0.000e+00
# interval = seconds: 0.0416667
# start_time = Dec 17 2015 22:23:02 [NMEA time, header]
# bad_flag = -9.990e-29
*END*
[from data line 218]
    505.177    500.051     5.2696  33.218037     5.2701  33.275506    6.80079    7.02823    34.1856    34.2508     2.6153     2.9412    -0.0266    95.8100 6.0582e+02     103858   4327.375      98.66          5  0.000e+00
    505.177    500.051     5.2696  33.217969     5.2699  33.275829    6.80076    7.02797    34.1855    34.2513     2.6153     2.9412    -0.0266    95.8364 6.0582e+02     103859   4327.417      98.66          5  0.000e+00
    505.224    500.098     5.2696  33.217799     5.2701  33.275765    6.80664    7.02854    34.1853    34.2510     2.6165     2.9412    -0.0266    95.8364 6.0582e+02     103860   4327.458      98.66          5  0.000e+00
    505.177    500.051     5.2696  33.217697     5.2701  33.275700    6.80751    7.02902    34.1852    34.2510     2.6165     2.9412    -0.0266    95.8364 6.0582e+02     103861   4327.500      98.66          5  0.000e+00
    505.231    500.105     5.2696  33.217698     5.2701  33.276088    6.80353    7.02958    34.1851    34.2514     2.6153     2.9412    -0.0266    95.8627 6.0582e+02     103862   4327.542      98.66          5  0.000e+00
    505.177    500.052     5.2696  33.218105     5.2704  33.275635    6.80353    7.02922    34.1856    34.2506     2.6153     2.9412    -0.0266    95.8364 6.0582e+02     103863   4327.583      98.66          5  0.000e+00
    505.231    500.105     5.2696  33.218037     5.2701  33.275441    6.80953    7.02895    34.1855    34.2507     2.6165     2.9412    -0.0266    95.8364 6.0582e+02     103864   4327.625      98.66          5  0.000e+00
    505.225    500.098     5.2696  33.217766     5.2699  33.275829    6.80561    7.02941    34.1852    34.2513     2.6153     2.9412    -0.0266    95.8627 6.0582e+02     103865   4327.667      98.66          5  0.000e+00
    505.231    500.105     5.2696  33.218071     5.2701  33.275765    6.80578    7.02985    34.1856    34.2510     2.6153     2.9412    -0.0266    95.8627 6.0582e+02     103866   4327.708      98.66          5  0.000e+00
    505.178    500.052     5.2698  33.217833     5.2701  33.275894    6.81088    7.03024    34.1852    34.2512     2.6165     2.9412    -0.0266    95.8627 6.0582e+02     103867   4327.750      98.66          5  0.000e+00
    505.231    500.105     5.2696  33.217935     5.2701  33.275765    6.81293    7.03075    34.1854    34.2510     2.6165     2.9412    -0.0266    95.8364 6.0582e+02     103868   4327.792      98.66          5  0.000e+00
    505.225    500.099     5.2696  33.217969     5.2706  33.275700    6.80910    7.03039    34.1855    34.2505     2.6153     2.9412    -0.0266    95.8627 6.0582e+02     103869   4327.833      98.66          5  0.000e+00
    505.232    500.105     5.2698  33.217766     5.2699  33.275700    6.81432    7.02538    34.1851    34.2511     2.6165     2.9400    -0.0266    95.8627 6.0582e+02     103870   4327.875      98.66          5  0.000e+00
    505.178    500.052     5.2696  33.218105     5.2703  33.275700    6.81946    7.02960    34.1856    34.2508     2.6178     2.9412    -0.0266    95.8627 6.0386e+02     103871   4327.917      98.66          5  0.000e+00
    505.232    500.105     5.2699  33.218615     5.2706  33.275894    6.81646    7.03000    34.1859    34.2507     2.6165     2.9412    -0.0266    95.8627 6.0582e+02     103872   4327.958      98.66          5  0.000e+00
    505.232    500.106     5.2696  33.218343     5.2698  33.275765    6.81670    7.02967    34.1859    34.2514     2.6165     2.9412    -0.0266    95.8627 6.0582e+02     103873   4328.000      98.66          5  0.000e+00
    505.225    500.099     5.2698  33.218037     5.2701  33.275894    6.81773    7.02924    34.1854    34.2512     2.6165     2.9412    -0.0266    95.8364 6.0582e+02     103874   4328.042      98.66          5  0.000e+00
    505.232    500.106     5.2698  33.217969     5.2703  33.275571    6.81386    7.02417    34.1853    34.2506     2.6153     2.9400    -0.0266    95.8364 6.0582e+02     103875   4328.083      98.66          5  0.000e+00
    505.178    500.053     5.2698  33.217969     5.2701  33.276023    6.81312    7.02752    34.1853    34.2514     2.6153     2.9412    -0.0266    95.8364 6.0582e+02     103876   4328.125      98.66          5  0.000e+00
    505.232    500.106     5.2698  33.217969     5.2704  33.275829    6.81248    7.02790    34.1853    34.2508     2.6153     2.9412    -0.0266    95.8364 6.0582e+02     103877   4328.167      98.66          5  0.000e+00
    505.179    500.053     5.2698  33.218173     5.2698  33.275506    6.81667    7.02735    34.1856    34.2511     2.6165     2.9412    -0.0266    95.8364 6.0582e+02     103878   4328.208      98.66          5  0.000e+00
    505.226    500.099     5.2696  33.217833     5.2698  33.275441    6.81689    7.02772    34.1853    34.2510     2.6165     2.9412    -0.0266    95.8627 6.0582e+02     103879   4328.250      98.66          5  0.000e+00
    505.179    500.053     5.2696  33.218275     5.2704  33.275635    6.81694    7.02714    34.1858    34.2506     2.6165     2.9412    -0.0266    95.8627 6.0582e+02     103880   4328.292      98.66          5  0.000e+00
    505.232    500.106     5.2698  33.218275     5.2696  33.275312    6.81301    7.02743    34.1856    34.2510     2.6153     2.9412    -0.0266    95.8364 6.0386e+02     103881   4328.333      98.66          5  0.000e+00
    505.179    500.053     5.2696  33.218241     5.2699  33.275764    6.81312    7.02303    34.1858    34.2512     2.6153     2.9400    -0.0266    95.8364 6.0582e+02     103882   4328.375      98.66          5  0.000e+00
    505.132    500.007     5.2698  33.218207     5.2698  33.275570    6.81324    7.02711    34.1856    34.2512     2.6153     2.9412    -0.0266    95.8627 6.0582e+02     103883   4328.417      98.66          5  0.000e+00
    505.273    500.146     5.2696  33.217834     5.2699  33.275635    6.81766    7.03220    34.1853    34.2510     2.6165     2.9424    -0.0266    95.8627 6.0582e+02     103884   4328.458      98.66          5  0.000e+00
    352.885    349.433     5.2504  33.119533     5.2474  33.173732    6.77010    7.01069    34.1692    34.2344     2.6462     2.9782    -0.0193    95.8100 5.6058e+02     108561   4523.333      98.66          6  0.000e+00
    352.885    349.433     5.2502  33.119634     5.2476  33.173732    6.76967    7.01524    34.1695    34.2342     2.6462     2.9794    -0.0193    95.7836 5.5862e+02     108562   4523.375      98.66          6  0.000e+00
    352.885    349.433     5.2504  33.119499     5.2474  33.173150    6.77010    7.01597    34.1692    34.2337     2.6462     2.9794    -0.0193    95.8100 5.5862e+02     108563   4523.417      98.66          6  0.000e+00
    352.886    349.433     5.2502  33.119838     5.2478  33.173118    6.76581    7.01668    34.1698    34.2333     2.6450     2.9794    -0.0193    95.8100 5.5862e+02     108564   4523.458      98.66          6  0.000e+00
    352.939    349.486     5.2504  33.119567     5.2478  33.173570    6.76392    7.01739    34.1692    34.2338     2.6450     2.9794    -0.0193    95.7573 5.5862e+02     108565   4523.500      98.66          6  0.000e+00
    352.832    349.380     5.2502  33.119431     5.2479  33.173925    6.76283    7.01346    34.1693    34.2341     2.6450     2.9782    -0.0193    95.7309 5.5862e+02     108566   4523.542      98.66          6  0.000e+00
    352.886    349.433     5.2504  33.119634     5.2481  33.173990    6.76668    7.01338    34.1693    34.2339     2.6462     2.9782    -0.0193    95.7573 5.5862e+02     108567   4523.583      98.66          6  0.000e+00
    352.886    349.433     5.2504  33.119091     5.2482  33.173796    6.76747    7.01255    34.1687    34.2336     2.6462     2.9782    -0.0266    95.7309 5.5862e+02     108568   4523.625      98.66          6  0.000e+00
    352.839    349.387     5.2502  33.119091     5.2476  33.174119    6.76742    7.01164    34.1690    34.2346     2.6462     2.9782    -0.0266    95.7836 5.5862e+02     108569   4523.667      98.66          6  0.000e+00
    352.886    349.434     5.2502  33.119736     5.2482  33.174830    6.76742    7.01600    34.1696    34.2348     2.6462     2.9794    -0.0266    95.7573 5.5862e+02     108570   4523.708      98.66          6  0.000e+00
    352.886    349.434     5.2505  33.119940     5.2486  33.175217    6.76345    7.01650    34.1695    34.2349     2.6450     2.9794    -0.0266    95.8100 5.5862e+02     108571   4523.750      98.66          6  0.000e+00
    352.833    349.381     5.2504  33.119532     5.2489  33.175282    6.76276    7.01250    34.1693    34.2347     2.6450     2.9782    -0.0266    95.7836 5.5862e+02     108572   4523.792      98.66          6  0.000e+00
    352.839    349.387     5.2502  33.119804     5.2496  33.175669    6.76696    7.01230    34.1697    34.2344     2.6462     2.9782    -0.0266    95.7836 5.5862e+02     108573   4523.833      98.66          6  0.000e+00
    352.833    349.381     5.2504  33.119736     5.2495  33.175799    6.76718    7.01206    34.1695    34.2346     2.6462     2.9782    -0.0266    95.7573 5.5862e+02     108574   4523.875      98.66          6  0.000e+00
    352.840    349.388     5.2502  33.120075     5.2498  33.175798    6.76660    7.01185    34.1700    34.2343     2.6462     2.9782    -0.0266    95.7573 5.5862e+02     108575   4523.917      98.66          6  0.000e+00
    352.833    349.381     5.2502  33.119804     5.2500  33.175928    6.76689    7.01089    34.1698    34.2343     2.6462     2.9782    -0.0266    95.7573 5.5862e+02     108576   4523.958      98.66          6  0.000e+00
    352.840    349.388     5.2504  33.119702     5.2502  33.176025    6.76804    7.01063    34.1694    34.2342     2.6462     2.9782    -0.0266    95.7045 5.5862e+02     108577   4524.000      98.66          6  0.000e+00
    352.786    349.335     5.2502  33.119295     5.2507  33.176444    6.76927    7.00961    34.1692    34.2342     2.6462     2.9782    -0.0266    95.7045 5.5862e+02     108578   4524.042      98.66          6  0.000e+00
    352.840    349.388     5.2502  33.119736     5.2507  33.176574    6.76975    7.00936    34.1697    34.2343     2.6462     2.9782    -0.0266    95.7309 5.5862e+02     108579   4524.083      98.66          6  0.000e+00
    352.786    349.335     5.2505  33.119329     5.2507  33.176573    6.77016    7.00901    34.1689    34.2344     2.6462     2.9782    -0.0266    95.7309 5.5862e+02     108580   4524.125      98.66          6  0.000e+00
    352.786    349.335     5.2504  33.119736     5.2508  33.176767    6.76673    7.01324    34.1695    34.2344     2.6450     2.9794    -0.0266    95.7573 5.5862e+02     108581   4524.167      98.66          6  0.000e+00
    352.833    349.382     5.2504  33.119940     5.2507  33.176444    6.76655    7.01294    34.1697    34.2342     2.6450     2.9794    -0.0266    95.7309 5.5862e+02     108582   4524.208      98.66          6  0.000e+00
    352.740    349.289     5.2502  33.119532     5.2505  33.176509    6.77118    7.01326    34.1695    34.2345     2.6462     2.9794    -0.0266    95.7573 5.5862e+02     108583   4524.250      98.66          6  0.000e+00
    352.787    349.335     5.2500  33.119227     5.2505  33.176380    6.77198    7.00918    34.1693    34.2343     2.6462     2.9782    -0.0266    95.7573 5.5862e+02     108584   4524.292      98.66          6  0.000e+00
    352.787    349.335     5.2502  33.119566     5.2504  33.176509    6.76789    7.00874    34.1695    34.2345     2.6450     2.9782    -0.0266    95.7836 5.5862e+02     108585   4524.333      98.66          6  0.000e+00
    352.733    349.283     5.2504  33.119702     5.2507  33.176379    6.77262    7.00825    34.1695    34.2342     2.6462     2.9782    -0.0266    95.7836 5.5862e+02     108586   4524.375      98.66          6  0.000e+00
    352.740    349.289     5.2502  33.119498     5.2503  33.176702    6.77352    7.01241    34.1695    34.2349     2.6462     2.9794    -0.0266    95.7836 5.5862e+02     108587   4524.417      98.66          6  0.000e+00
    352.733    349.283     5.2500  33.119804     5.2508  33.176573    6.76961    7.00820    34.1700    34.2342     2.6450     2.9782    -0.0266    95.7573 5.5862e+02     108588   4524.458      98.66          6  0.000e+00
    352.693    349.243     5.2502  33.119532     5.2507  33.176541    6.77365    7.00772    34.1695    34.2344     2.6462     2.9782    -0.0266    95.7573 5.5862e+02     108589   4524.500      98.66          6  0.000e+00
    352.734    349.283     5.2504  33.119430     5.2505  33.176573    6.77463    7.00732    34.1692    34.2346     2.6462     2.9782    -0.0266    95.8100 5.5862e+02     108590   4524.542      98.66          6  0.000e+00
    352.740    349.290     5.2499  33.119804     5.2507  33.176573    6.77567    7.00694    34.1701    34.2343     2.6462     2.9782    -0.0266    95.7836 5.5665e+02     108591   4524.583      98.66          6  0.000e+00
    352.687    349.237     5.2500  33.119939     5.2505  33.176573    6.77750    7.00644    34.1702    34.2346     2.6462     2.9782    -0.0266    95.7573 5.5862e+02     108592   4524.625      98.66          6  0.000e+00
    352.694    349.243     5.2500  33.119328     5.2508  33.176379    6.77777    7.00605    34.1695    34.2340     2.6462     2.9782    -0.0266    95.7573 5.5665e+02     108593   4524.667      98.66          6  0.000e+00
    352.687    349.237     5.2501  33.119159     5.2508  33.176121    6.77801    7.00561    34.1692    34.2337     2.6462     2.9782    -0.0266    95.7836 5.5862e+02     108594   4524.708      98.66          6  0.000e+00
    352.694    349.244     5.2499  33.119362     5.2503  33.176250    6.77432    7.00521    34.1696    34.2344     2.6450     2.9782    -0.0266    95.7573 5.5862e+02     108595   4524.750      98.66          6  0.000e+00
    352.687    349.237     5.2498  33.119430     5.2502  33.176315    6.77381    7.00478    34.1698    34.2346     2.6450     2.9782    -0.0266    95.7573 5.5665e+02     108596   4524.792      98.66          6  0.000e+00
    352.641    349.191     5.2494  33.118819     5.2504  33.176121    6.77336    7.00516    34.1695    34.2342     2.6450     2.9782    -0.0266    95.7836 5.5862e+02     108597   4524.833      98.66          6  0.000e+00
    352.641    349.191     5.2494  33.118446     5.2502  33.175862    6.77774    7.00478    34.1691    34.2341     2.6462     2.9782    -0.0266    95.7836 5.5665e+02     108598   4524.875      98.66          6  0.000e+00
    352.694    349.244     5.2491  33.118786     5.2505  33.175733    6.77424    7.00445    34.1698    34.2336     2.6450     2.9782    -0.0266    95.7573 5.5665e+02     108599   4524.917      98.66          6  0.000e+00
    352.641    349.191     5.2490  33.118514     5.2497  33.175572    6.77865    7.00855    34.1696    34.2343     2.6462     2.9794    -0.0266    95.7573 5.5665e+02     108600   4524.958      98.66          6  0.000e+00
    352.594    349.145     5.2491  33.118785     5.2495  33.175733    6.77903    7.00426    34.1698    34.2347     2.6462     2.9782    -0.0266    95.7836 5.5665e+02     108601   4525.000      98.66          6  0.000e+00
    352.641    349.191     5.2490  33.118514     5.2495  33.175410    6.77474    7.00391    34.1696    34.2343     2.6450     2.9782    -0.0266    95.8100 5.5665e+02     108602   4525.042      98.66          6  0.000e+00
    352.641    349.191     5.2491  33.118175     5.2481  33.174312    6.77920    7.00348    34.1691    34.2344     2.6462     2.9782    -0.0266    95.7836 5.5665e+02     108603   4525.083      98.66          6  0.000e+00
    352.588    349.138     5.2490  33.118141     5.2471  33.173020    6.77966    7.00379    34.1692    34.2340     2.6462     2.9782    -0.0266    95.7836 5.5665e+02     108604   4525.125      98.66          6  0.000e+00
