Ship_data/Southern/Southern_Ocean-02_NBP-15-11_2015-12-07/CTD NBP1511/process/nbp1511_013.ros
* Sea-Bird SBE 9 Data File:
* FileName = D:\Data\raw\NBP1511_013.hdr
* Software Version Seasave V 7.21e
* Temperature SN = 5730
* Conductivity SN = 1143
* Number of Bytes Per Scan = 40
* Number of Voltage Words = 5
* Number of Scans Averaged by the Deck Unit = 1
* NMEA Latitude = 54 07.56 S
* NMEA Longitude = 089 45.00 W
* NMEA UTC (Time) = Dec 20 2015  15:46:00
* NMEA baud rate = 9600
** Ship: RVIB N.B. Palmer
** Cruise: NBP1511
** Station: FLMA-2
** Operator: B. Bjork
# nquan = 20
# nvalues = 392                                   
# units = specified
# name 0 = prDM: Pressure, Digiquartz [db]
# name 1 = depSM: Depth [salt water, m]
# name 2 = t090C: Temperature [ITS-90, deg C]
# name 3 = c0mS/cm: Conductivity [mS/cm]
# name 4 = t190C: Temperature, 2 [ITS-90, deg C]
# name 5 = c1mS/cm: Conductivity, 2 [mS/cm]
# name 6 = sbeox0ML/L: Oxygen, SBE 43 [ml/l]
# name 7 = sbeox1ML/L: Oxygen, SBE 43, 2 [ml/l]
# name 8 = sal00: Salinity, Practical [PSU]
# name 9 = sal11: Salinity, Practical, 2 [PSU]
# name 10 = sbeox0V: Oxygen raw, SBE 43 [V]
# name 11 = sbeox1V: Oxygen raw, SBE 43, 2 [V]
# name 12 = flECO-AFL: Fluorescence, WET Labs ECO-AFL/FL [mg/m^3]
# name 13 = CStarTr0: Beam Transmission, WET Labs C-Star [%]
# name 14 = spar: SPAR/Surface Irradiance
# name 15 = scan: Scan Count
# name 16 = timeS: Time, Elapsed [seconds]
# name 17 = altM: Altimeter [m]
# name 18 = nbf: Bottles Fired
# name 19 = flag:  0.000e+00
# interval = seconds: 0.0416667
# start_time = Dec 20 2015 15:46:00 [NMEA time, header]
# bad_flag = -9.990e-29
*END*
[from data line 145]
    606.683    600.380     5.0136  33.009051     5.0132  33.061154    6.55615    6.75659    34.1556    34.2160     2.5019     2.8125    -0.0339    95.7045 1.5401e+03      47848   1993.625      98.66          3  0.000e+00
    606.757    600.453     5.0135  33.008949     5.0129  33.061476    6.55145    6.75652    34.1556    34.2166     2.5006     2.8125    -0.0339    95.7309 1.5401e+03      47849   1993.667      98.66          3  0.000e+00
    404.494    400.486     5.3081  33.207657     5.3097  33.262698    6.81428    7.03162    34.1852    34.2465     2.6466     2.9756    -0.0266    95.6782 1.2530e+03      54021   2250.833      98.66          4  0.000e+00
    404.494    400.486     5.3082  33.207929     5.3097  33.262698    6.80954    7.03189    34.1854    34.2465     2.6453     2.9756    -0.0266    95.7309 1.2510e+03      54022   2250.875      98.66          4  0.000e+00
    404.541    400.533     5.3085  33.208438     5.3096  33.263086    6.81370    7.03221    34.1856    34.2471     2.6465     2.9756    -0.0266    95.7309 1.2510e+03      54023   2250.917      98.66          4  0.000e+00
    404.574    400.566     5.3083  33.208574     5.3096  33.263021    6.81392    7.03263    34.1860    34.2470     2.6465     2.9756    -0.0266    95.7045 1.2510e+03      54024   2250.958      98.66          4  0.000e+00
    404.594    400.586     5.3081  33.207793     5.3100  33.262957    6.81419    7.03313    34.1853    34.2464     2.6465     2.9756    -0.0266    95.7309 1.2510e+03      54025   2251.000      98.66          4  0.000e+00
    404.641    400.632     5.3075  33.207759     5.3104  33.263539    6.81448    7.03369    34.1859    34.2467     2.6465     2.9756    -0.0266    95.6782 1.2510e+03      54026   2251.042      98.66          4  0.000e+00
    404.675    400.665     5.3076  33.207623     5.3108  33.264121    6.81467    7.03340    34.1856    34.2469     2.6465     2.9756    -0.0266    95.7045 1.2510e+03      54027   2251.083      98.66          4  0.000e+00
    404.695    400.685     5.3079  33.208133     5.3113  33.264250    6.81480    7.03836    34.1858    34.2465     2.6465     2.9768    -0.0266    95.7309 1.2510e+03      54028   2251.125      98.66          4  0.000e+00
    404.742    400.732     5.3080  33.208507     5.3115  33.264832    6.81499    7.03426    34.1861    34.2470     2.6465     2.9756    -0.0266    95.7045 1.2510e+03      54029   2251.167      98.66          4  0.000e+00
    404.722    400.712     5.3091  33.209560     5.3120  33.264832    6.81496    7.03373    34.1863    34.2465     2.6465     2.9756    -0.0266    95.7045 1.2510e+03      54030   2251.208      98.66          4  0.000e+00
    404.796    400.785     5.3100  33.210070     5.3123  33.265544    6.81109    7.03334    34.1859    34.2470     2.6453     2.9756    -0.0266    95.7045 1.2510e+03      54031   2251.250      98.66          4  0.000e+00
    404.796    400.785     5.3101  33.210341     5.3125  33.265221    6.81443    7.03299    34.1861    34.2464     2.6465     2.9756    -0.0266    95.7045 1.2510e+03      54032   2251.292      98.66          4  0.000e+00
    404.796    400.785     5.3106  33.210613     5.3118  33.264445    6.81456    7.03260    34.1859    34.2462     2.6465     2.9756    -0.0266    95.7045 1.2510e+03      54033   2251.333      98.66          4  0.000e+00
    404.876    400.865     5.3106  33.210647     5.3104  33.263669    6.81001    7.03237    34.1859    34.2468     2.6453     2.9756    -0.0266    95.7045 1.2510e+03      54034   2251.375      98.66          4  0.000e+00
    404.890    400.878     5.3109  33.211429     5.3104  33.263475    6.81418    7.03652    34.1864    34.2465     2.6465     2.9768    -0.0266    95.7045 1.2510e+03      54035   2251.417      98.66          4  0.000e+00
    404.890    400.878     5.3112  33.211497     5.3104  33.263087    6.81439    7.03311    34.1862    34.2461     2.6465     2.9756    -0.0266    95.7045 1.2510e+03      54036   2251.458      98.66          4  0.000e+00
    404.923    400.911     5.3117  33.211225     5.3092  33.262570    6.80977    7.03356    34.1854    34.2466     2.6453     2.9756    -0.0266    95.7045 1.2510e+03      54037   2251.500      98.66          4  0.000e+00
    404.943    400.931     5.3115  33.211361     5.3087  33.261858    6.80925    7.03331    34.1857    34.2463     2.6453     2.9756    -0.0266    95.7045 1.2510e+03      54038   2251.542      98.66          4  0.000e+00
    404.990    400.977     5.3114  33.211021     5.3081  33.261471    6.80880    7.03311    34.1855    34.2465     2.6453     2.9756    -0.0266    95.7045 1.2510e+03      54039   2251.583      98.66          4  0.000e+00
    405.024    401.011     5.3114  33.211089     5.3081  33.261212    6.80834    7.03286    34.1855    34.2462     2.6453     2.9756    -0.0266    95.7309 1.2510e+03      54040   2251.625      98.66          4  0.000e+00
    405.044    401.030     5.3114  33.211157     5.3075  33.260953    6.81362    7.03260    34.1856    34.2465     2.6465     2.9756    -0.0266    95.7309 1.2510e+03      54041   2251.667      98.66          4  0.000e+00
    405.044    401.031     5.3112  33.210376     5.3071  33.261083    6.81322    7.03238    34.1848    34.2470     2.6465     2.9756    -0.0266    95.7309 1.2510e+03      54042   2251.708      98.66          4  0.000e+00
    405.091    401.077     5.3105  33.210512     5.3076  33.260954    6.81374    7.03225    34.1858    34.2463     2.6465     2.9756    -0.0266    95.7045 1.2510e+03      54043   2251.750      98.66          4  0.000e+00
    405.071    401.057     5.3105  33.210070     5.3076  33.260889    6.81413    7.03275    34.1853    34.2463     2.6465     2.9756    -0.0266    95.6782 1.2510e+03      54044   2251.792      98.66          4  0.000e+00
    405.138    401.123     5.3098  33.209493     5.3070  33.260501    6.81468    7.03268    34.1852    34.2464     2.6465     2.9756    -0.0266    95.7045 1.2510e+03      54045   2251.833      98.66          4  0.000e+00
    405.138    401.124     5.3097  33.209561     5.3063  33.260372    6.81508    7.03245    34.1855    34.2470     2.6465     2.9756    -0.0266    95.7045 1.2510e+03      54046   2251.875      98.66          4  0.000e+00
    405.171    401.157     5.3098  33.210003     5.3065  33.260372    6.81061    7.03219    34.1858    34.2467     2.6453     2.9756    -0.0266    95.7309 1.2510e+03      54047   2251.917      98.66          4  0.000e+00
    405.192    401.177     5.3097  33.209154     5.3062  33.260372    6.81512    7.03280    34.1850    34.2471     2.6465     2.9756    -0.0266    95.7045 1.2510e+03      54048   2251.958      98.66          4  0.000e+00
    405.192    401.177     5.3087  33.208440     5.3062  33.260566    6.81569    7.03353    34.1851    34.2473     2.6465     2.9756    -0.0266    95.7045 1.2510e+03      54049   2252.000      98.66          4  0.000e+00
    405.239    401.223     5.3079  33.207931     5.3067  33.260243    6.81144    7.03353    34.1854    34.2464     2.6453     2.9756    -0.0266    95.7309 1.2510e+03      54050   2252.042      98.66          4  0.000e+00
    405.225    401.210     5.3075  33.207829     5.3064  33.260695    6.81023    7.03340    34.1857    34.2473     2.6453     2.9756    -0.0266    95.7045 1.2510e+03      54051   2252.083      98.66          4  0.000e+00
    405.239    401.223     5.3070  33.207625     5.3065  33.260889    6.80993    7.02876    34.1859    34.2473     2.6453     2.9744    -0.0266    95.7045 1.2510e+03      54052   2252.125      98.66          4  0.000e+00
    405.292    401.276     5.3068  33.207150     5.3067  33.260890    6.80968    7.02796    34.1855    34.2471     2.6453     2.9744    -0.0266    95.6782 1.2510e+03      54053   2252.167      98.66          4  0.000e+00
    405.326    401.309     5.3065  33.206844     5.3076  33.261084    6.80945    7.02718    34.1855    34.2464     2.6453     2.9744    -0.0266    95.7045 1.2510e+03      54054   2252.208      98.66          4  0.000e+00
    405.292    401.276     5.3063  33.207150     5.3071  33.261924    6.80915    7.03086    34.1860    34.2478     2.6453     2.9756    -0.0266    95.7045 1.2510e+03      54055   2252.250      98.66          4  0.000e+00
    405.292    401.276     5.3064  33.207082     5.3076  33.261795    6.80890    7.02623    34.1859    34.2472     2.6453     2.9744    -0.0266    95.7045 1.2510e+03      54056   2252.292      98.66          4  0.000e+00
    405.339    401.323     5.3064  33.206844     5.3081  33.262054    6.81446    7.03002    34.1856    34.2470     2.6465     2.9756    -0.0266    95.7309 1.2510e+03      54057   2252.333      98.66          4  0.000e+00
    405.326    401.310     5.3065  33.207354     5.3088  33.262571    6.81022    7.03067    34.1861    34.2469     2.6453     2.9756    -0.0266    95.7045 1.2490e+03      54058   2252.375      98.66          4  0.000e+00
    405.340    401.323     5.3061  33.207762     5.3087  33.262894    6.81013    7.03147    34.1870    34.2473     2.6453     2.9756    -0.0266    95.7045 1.2490e+03      54059   2252.417      98.66          4  0.000e+00
    405.340    401.323     5.3063  33.207626     5.3092  33.263153    6.81087    7.03222    34.1866    34.2471     2.6453     2.9756    -0.0266    95.7045 1.2490e+03      54060   2252.458      98.66          4  0.000e+00
    405.326    401.310     5.3064  33.207150     5.3099  33.263218    6.81569    7.02771    34.1860    34.2465     2.6465     2.9744    -0.0266    95.7309 1.2490e+03      54061   2252.500      98.66          4  0.000e+00
    405.393    401.376     5.3065  33.207218     5.3099  33.263218    6.81566    7.03161    34.1859    34.2465     2.6465     2.9756    -0.0266    95.7309 1.2510e+03      54062   2252.542      98.66          4  0.000e+00
    405.340    401.323     5.3070  33.207694     5.3099  33.263024    6.81058    7.02699    34.1860    34.2463     2.6453     2.9744    -0.0266    95.7045 1.2490e+03      54063   2252.583      98.66          4  0.000e+00
    405.340    401.323     5.3070  33.207999     5.3096  33.262765    6.80962    7.02632    34.1863    34.2463     2.6453     2.9744    -0.0266    95.7309 1.2490e+03      54064   2252.625      98.66          4  0.000e+00
    405.373    401.356     5.3071  33.208271     5.3094  33.262506    6.81440    7.02570    34.1865    34.2462     2.6465     2.9744    -0.0266    95.7045 1.2490e+03      54065   2252.667      98.66          4  0.000e+00
    405.340    401.323     5.3073  33.207727     5.3088  33.262442    6.81514    7.03040    34.1857    34.2467     2.6465     2.9756    -0.0266    95.7309 1.2510e+03      54066   2252.708      98.66          4  0.000e+00
    405.393    401.376     5.3071  33.207558     5.3086  33.262054    6.81598    7.02613    34.1856    34.2465     2.6465     2.9744    -0.0266    95.7045 1.2490e+03      54067   2252.750      98.66          4  0.000e+00
    405.327    401.310     5.3073  33.208135     5.3085  33.261924    6.82061    7.02548    34.1862    34.2465     2.6478     2.9744    -0.0266    95.7309 1.2490e+03      54068   2252.792      98.66          4  0.000e+00
    405.340    401.323     5.3075  33.207727     5.3082  33.261536    6.81644    7.02499    34.1855    34.2462     2.6465     2.9744    -0.0266    95.7045 1.2490e+03      54069   2252.833      98.66          4  0.000e+00
    201.444    199.546     5.5303  33.322374     5.5316  33.376815    6.73815    6.98209    34.1932    34.2539     2.6877     3.0302    -0.0120    95.5991 1.1644e+03      60222   2509.208      98.66          5  0.000e+00
    201.377    199.480     5.5304  33.322442     5.5317  33.377074    6.73708    6.97794    34.1932    34.2542     2.6877     3.0290    -0.0120    95.6255 1.1644e+03      60223   2509.250      98.66          5  0.000e+00
    201.391    199.493     5.5303  33.322612     5.5320  33.377333    6.73610    6.97684    34.1935    34.2542     2.6877     3.0290    -0.0120    95.6255 1.1644e+03      60224   2509.292      98.66          5  0.000e+00
    201.391    199.493     5.5306  33.322476     5.5323  33.377430    6.73588    6.98003    34.1931    34.2539     2.6877     3.0302    -0.0120    95.5991 1.1644e+03      60225   2509.333      98.66          5  0.000e+00
    201.344    199.447     5.5305  33.322816     5.5325  33.377203    6.73951    6.97582    34.1936    34.2536     2.6890     3.0290    -0.0120    95.6255 1.1644e+03      60226   2509.375      98.66          5  0.000e+00
    201.377    199.480     5.5304  33.322544     5.5317  33.377333    6.73550    6.97539    34.1933    34.2545     2.6877     3.0290    -0.0120    95.6255 1.1644e+03      60227   2509.417      98.66          5  0.000e+00
    201.344    199.447     5.5303  33.322612     5.5328  33.377332    6.73532    6.97995    34.1935    34.2534     2.6877     3.0302    -0.0120    95.6518 1.1644e+03      60228   2509.458      98.66          5  0.000e+00
    201.297    199.401     5.5307  33.322340     5.5323  33.377397    6.73896    6.98078    34.1928    34.2540     2.6890     3.0302    -0.0046    95.6518 1.1644e+03      60229   2509.500      98.66          5  0.000e+00
    201.344    199.447     5.5305  33.322544     5.5320  33.377430    6.73882    6.98104    34.1932    34.2543     2.6890     3.0302    -0.0046    95.6255 1.1644e+03      60230   2509.542      98.66          5  0.000e+00
    201.277    199.381     5.5306  33.322476     5.5323  33.377624    6.73853    6.98044    34.1932    34.2542     2.6889     3.0302    -0.0046    95.6518 1.1644e+03      60231   2509.583      98.66          5  0.000e+00
    201.298    199.401     5.5305  33.322816     5.5323  33.377689    6.73364    6.97984    34.1936    34.2543     2.6877     3.0302    -0.0046    95.6255 1.1644e+03      60232   2509.625      98.66          5  0.000e+00
    201.298    199.401     5.5306  33.322748     5.5318  33.377268    6.73725    6.97990    34.1935    34.2543     2.6889     3.0302    -0.0046    95.6518 1.1644e+03      60233   2509.667      98.66          5  0.000e+00
    201.278    199.381     5.5307  33.322680     5.5320  33.377332    6.73229    6.98061    34.1933    34.2542     2.6877     3.0302    -0.0046    95.6255 1.1644e+03      60234   2509.708      98.66          5  0.000e+00
    201.298    199.401     5.5304  33.322476     5.5323  33.377203    6.73129    6.98070    34.1933    34.2538     2.6877     3.0302    -0.0046    95.6255 1.1644e+03      60235   2509.750      98.66          5  0.000e+00
    201.298    199.401     5.5305  33.322442     5.5323  33.376944    6.73487    6.97562    34.1932    34.2534     2.6889     3.0290    -0.0046    95.6255 1.1644e+03      60236   2509.792      98.66          5  0.000e+00
    201.244    199.348     5.5303  33.322271     5.5317  33.376879    6.73454    6.97926    34.1932    34.2541     2.6889     3.0302    -0.0046    95.6255 1.1644e+03      60237   2509.833      98.66          5  0.000e+00
    201.278    199.381     5.5302  33.321965     5.5318  33.376426    6.73504    6.97997    34.1930    34.2534     2.6889     3.0302    -0.0046    95.6518 1.1644e+03      60238   2509.875      98.66          5  0.000e+00
    201.298    199.401     5.5301  33.321285     5.5312  33.376328    6.73556    6.97998    34.1923    34.2539     2.6889     3.0302    -0.0046    95.6518 1.1644e+03      60239   2509.917      98.66          5  0.000e+00
    201.244    199.348     5.5299  33.321319     5.5310  33.375972    6.73134    6.98059    34.1926    34.2537     2.6877     3.0302    -0.0046    95.6518 1.1644e+03      60240   2509.958      98.66          5  0.000e+00
    201.245    199.349     5.5296  33.320774     5.5305  33.375648    6.73575    6.98057    34.1922    34.2538     2.6889     3.0302    -0.0046    95.6518 1.1644e+03      60241   2510.000      98.66          5  0.000e+00
    201.231    199.335     5.5296  33.320400     5.5305  33.375778    6.73545    6.98047    34.1918    34.2539     2.6889     3.0302    -0.0046    95.6518 1.1644e+03      60242   2510.042      98.66          5  0.000e+00
