Ship_data/Southern/Southern_Ocean-02_NBP-15-11_2015-12-07/CTD NBP1511/process/nbp1511_009.ros
* Sea-Bird SBE 9 Data File:
* FileName = D:\Data\raw\NBP1511_009.hdr
* Software Version Seasave V 7.21e
* Temperature SN = 5730
* Conductivity SN = 1143
* Number of Bytes Per Scan = 40
* Number of Voltage Words = 5
* Number of Scans Averaged by the Deck Unit = 1
* NMEA Latitude = 54 05.06 S
* NMEA Longitude = 088 51.63 W
* NMEA UTC (Time) = Dec 15 2015  23:49:20
* NMEA baud rate = 9600
** Ship: RVIB N.B. Palmer
** Cruise: NBP1511
** Station: FMLB-2
** Operator: S. Blackman/B.Bjork
# nquan = 20
# nvalues = 784                                   
# units = specified
# name 0 = prDM: Pressure, Digiquartz [db]
# name 1 = depSM: Depth [salt water, m]
# name 2 = t090C: Temperature [ITS-90, deg C]
# name 3 = c0mS/cm: Conductivity [mS/cm]
# name 4 = t190C: Temperature, 2 [ITS-90, deg C]
# name 5 = c1mS/cm: Conductivity, 2 [mS/cm]
# name 6 = sbeox0ML/L: Oxygen, SBE 43 [ml/l]
# name 7 = sbeox1ML/L: Oxygen, SBE 43, 2 [ml/l]
# name 8 = sal00: Salinity, Practical [PSU]
# name 9 = sal11: Salinity, Practical, 2 [PSU]
# name 10 = sbeox0V: Oxygen raw, SBE 43 [V]
# name 11 = sbeox1V: Oxygen raw, SBE 43, 2 [V]
# name 12 = flECO-AFL: Fluorescence, WET Labs ECO-AFL/FL [mg/m^3]
# name 13 = CStarTr0: Beam Transmission, WET Labs C-Star [%]
# name 14 = spar: SPAR/Surface Irradiance
# name 15 = scan: Scan Count
# name 16 = timeS: Time, Elapsed [seconds]
# name 17 = altM: Altimeter [m]
# name 18 = nbf: Bottles Fired
# name 19 = flag:  0.000e+00
# interval = seconds: 0.0416667
# start_time = Dec 15 2015 23:49:20 [NMEA time, header]
# bad_flag = -9.990e-29
*END*
[from data line 580]
    132.131    130.908     5.7749  33.514133     5.7741  33.543062    6.71280    6.98318    34.1982    34.2318     2.7124     3.0689     0.0320    95.4145 1.9670e+01     272909  11371.167      98.66         12  0.000e+00
    132.084    130.862     5.7744  33.513758     5.7764  33.544555    6.71268    6.98317    34.1983    34.2312     2.7124     3.0689     0.0320    95.4145 1.9670e+01     272910  11371.208      98.66         12  0.000e+00
    132.131    130.908     5.7752  33.514509     5.7780  33.545464    6.70711    6.98300    34.1983    34.2306     2.7112     3.0689     0.0320    95.3882 1.9670e+01     272911  11371.250      98.66         12  0.000e+00
    132.131    130.908     5.7763  33.515327     5.7790  33.545853    6.71059    6.98275    34.1981    34.2300     2.7124     3.0689     0.0320    95.3882 1.9670e+01     272912  11371.292      98.66         12  0.000e+00
    132.131    130.908     5.7771  33.515532     5.7799  33.546308    6.71488    6.98258    34.1975    34.2296     2.7136     3.0689     0.0320    95.3882 1.9670e+01     272913  11371.333      98.66         12  0.000e+00
    132.184    130.961     5.7776  33.515702     5.7801  33.546243    6.71086    6.98250    34.1972    34.2293     2.7124     3.0689     0.0320    95.3618 1.9670e+01     272914  11371.375      98.66         12  0.000e+00
    132.184    130.961     5.7780  33.516180     5.7809  33.546762    6.70984    6.98237    34.1974    34.2291     2.7124     3.0689     0.0320    95.3618 1.9670e+01     272915  11371.417      98.66         12  0.000e+00
    132.164    130.941     5.7786  33.516930     5.7807  33.546762    6.71405    6.97791    34.1976    34.2292     2.7136     3.0677     0.0320    95.3882 1.9670e+01     272916  11371.458      98.66         12  0.000e+00
     91.158     90.324     6.0146  33.684014     6.0132  33.711077    6.94737    7.23523    34.1686    34.2004     2.8130     3.1816     1.6803    92.9891 1.9670e+01     275329  11472.000      98.66         13  0.000e+00
     91.111     90.277     6.0146  33.684561     6.0131  33.711109    6.94624    7.23470    34.1692    34.2006     2.8130     3.1816     1.6437    93.0418 1.7703e+01     275330  11472.042      98.66         13  0.000e+00
     91.111     90.277     6.0148  33.684937     6.0133  33.711109    6.94965    7.23418    34.1695    34.2005     2.8142     3.1816     1.6291    93.1209 1.9670e+01     275331  11472.083      98.66         13  0.000e+00
     91.111     90.277     6.0148  33.684801     6.0130  33.710817    6.94480    7.23434    34.1693    34.2004     2.8130     3.1816     1.6291    93.1736 1.9670e+01     275332  11472.125      98.66         13  0.000e+00
     91.111     90.277     6.0148  33.684356     6.0123  33.711207    6.94824    7.23453    34.1688    34.2015     2.8142     3.1816     1.6291    93.1209 1.9670e+01     275333  11472.167      98.66         13  0.000e+00
     91.158     90.324     6.0144  33.684425     6.0128  33.710979    6.94793    7.23477    34.1692    34.2008     2.8142     3.1816     1.6291    93.1472 1.9670e+01     275334  11472.208      98.66         13  0.000e+00
     91.111     90.277     6.0146  33.684083     6.0121  33.711240    6.94821    7.23067    34.1686    34.2018     2.8142     3.1804     1.6291    93.2000 1.9670e+01     275335  11472.250      98.66         13  0.000e+00
     91.158     90.324     6.0143  33.684356     6.0126  33.711565    6.94412    7.23384    34.1693    34.2016     2.8130     3.1816     1.6291    93.2000 1.9670e+01     275336  11472.292      98.66         13  0.000e+00
     91.111     90.277     6.0143  33.684288     6.0126  33.711728    6.94372    7.23329    34.1692    34.2018     2.8130     3.1816     1.6291    93.1736 1.9670e+01     275337  11472.333      98.66         13  0.000e+00
     91.158     90.324     6.0140  33.683843     6.0123  33.711468    6.94349    7.23353    34.1690    34.2018     2.8130     3.1816     1.6364    93.0154 1.9670e+01     275338  11472.375      98.66         13  0.000e+00
     91.158     90.324     6.0140  33.683502     6.0130  33.711370    6.94321    7.23368    34.1686    34.2010     2.8130     3.1816     1.6291    92.8045 1.9670e+01     275339  11472.417      98.66         13  0.000e+00
     91.211     90.376     6.0132  33.682647     6.0123  33.711175    6.94763    7.23403    34.1685    34.2014     2.8142     3.1816     1.6291    92.7782 1.9670e+01     275340  11472.458      98.66         13  0.000e+00
     91.158     90.324     6.0125  33.682373     6.0128  33.710622    6.94363    7.23421    34.1688    34.2004     2.8130     3.1816     1.6291    92.8309 1.9670e+01     275341  11472.500      98.66         13  0.000e+00
     91.158     90.324     6.0122  33.682168     6.0123  33.710752    6.94793    7.23019    34.1689    34.2010     2.8142     3.1804     1.6364    92.9100 1.9670e+01     275342  11472.542      98.66         13  0.000e+00
     91.158     90.324     6.0116  33.681348     6.0120  33.710426    6.94404    7.23405    34.1686    34.2010     2.8130     3.1816     1.6364    92.9891 1.9670e+01     275343  11472.583      98.66         13  0.000e+00
     91.211     90.376     6.0116  33.681280     6.0118  33.710297    6.94313    7.23427    34.1685    34.2010     2.8130     3.1816     1.6291    93.0154 1.9670e+01     275344  11472.625      98.66         13  0.000e+00
     91.158     90.324     6.0111  33.681553     6.0121  33.710492    6.94292    7.23442    34.1693    34.2009     2.8130     3.1816     1.6291    93.0682 1.9670e+01     275345  11472.667      98.66         13  0.000e+00
     91.158     90.324     6.0114  33.682168     6.0118  33.710492    6.94267    7.23030    34.1697    34.2012     2.8130     3.1804     1.6291    93.0682 1.9670e+01     275346  11472.708      98.66         13  0.000e+00
     91.211     90.376     6.0114  33.682374     6.0118  33.710947    6.94630    7.22988    34.1699    34.2017     2.8142     3.1804     1.6364    93.0945 1.9670e+01     275347  11472.750      98.66         13  0.000e+00
     91.158     90.324     6.0118  33.682374     6.0123  33.711305    6.94225    7.23357    34.1696    34.2016     2.8130     3.1816     1.6291    93.1209 1.9670e+01     275348  11472.792      98.66         13  0.000e+00
     91.211     90.376     6.0122  33.682579     6.0126  33.711175    6.94657    7.23375    34.1693    34.2011     2.8142     3.1816     1.6291    93.1472 1.9670e+01     275349  11472.833      98.66         13  0.000e+00
     91.211     90.376     6.0124  33.683057     6.0125  33.711207    6.94186    7.22971    34.1697    34.2013     2.8130     3.1804     1.6364    93.1736 1.9670e+01     275350  11472.875      98.66         13  0.000e+00
     91.158     90.324     6.0125  33.682989     6.0130  33.711728    6.94164    7.22858    34.1695    34.2014     2.8130     3.1804     1.6291    93.1472 1.9670e+01     275351  11472.917      98.66         13  0.000e+00
     91.258     90.422     6.0125  33.683092     6.0128  33.712086    6.94610    7.22827    34.1696    34.2020     2.8142     3.1804     1.6291    93.1736 1.9670e+01     275352  11472.958      98.66         13  0.000e+00
     91.158     90.324     6.0125  33.682784     6.0133  33.711955    6.94213    7.23202    34.1693    34.2014     2.8130     3.1816     1.6730    93.2000 1.9670e+01     275353  11473.000      98.66         13  0.000e+00
     91.258     90.422     6.0124  33.682647     6.0136  33.712086    6.94216    7.23241    34.1692    34.2011     2.8130     3.1816     1.7023    93.2263 1.9670e+01     275354  11473.042      98.66         13  0.000e+00
     91.158     90.324     6.0124  33.683057     6.0136  33.711858    6.94198    7.23256    34.1698    34.2009     2.8130     3.1816     1.7023    93.2263 1.9670e+01     275355  11473.083      98.66         13  0.000e+00
     91.211     90.376     6.0124  33.683160     6.0136  33.711663    6.94200    7.23287    34.1698    34.2007     2.8130     3.1816     1.7023    93.1736 1.9670e+01     275356  11473.125      98.66         13  0.000e+00
     91.211     90.376     6.0129  33.683570     6.0138  33.711825    6.93742    7.23238    34.1698    34.2007     2.8118     3.1816     1.7023    93.1736 1.9670e+01     275357  11473.167      98.66         13  0.000e+00
     91.211     90.376     6.0129  33.683126     6.0133  33.711695    6.94127    7.23264    34.1693    34.2011     2.8130     3.1816     1.7023    93.2000 1.9670e+01     275358  11473.208      98.66         13  0.000e+00
     91.211     90.376     6.0130  33.683092     6.0130  33.711630    6.94135    7.23286    34.1691    34.2013     2.8130     3.1816     1.7023    93.1736 1.9670e+01     275359  11473.250      98.66         13  0.000e+00
     91.211     90.376     6.0130  33.683160     6.0134  33.711728    6.94146    7.23309    34.1692    34.2010     2.8130     3.1816     1.7023    93.1736 1.9670e+01     275360  11473.292      98.66         13  0.000e+00
     91.258     90.422     6.0130  33.683365     6.0131  33.711663    6.94613    7.23337    34.1694    34.2012     2.8142     3.1816     1.7023    93.1472 1.9670e+01     275361  11473.333      98.66         13  0.000e+00
     91.211     90.376     6.0129  33.683228     6.0131  33.711825    6.94698    7.23359    34.1694    34.2014     2.8142     3.1816     1.7023    93.1736 1.9670e+01     275362  11473.375      98.66         13  0.000e+00
     91.211     90.376     6.0129  33.682579     6.0133  33.711695    6.94339    7.23386    34.1687    34.2011     2.8130     3.1816     1.7023    93.1736 1.9670e+01     275363  11473.417      98.66         13  0.000e+00
     91.211     90.376     6.0125  33.683160     6.0132  33.711337    6.94284    7.22991    34.1697    34.2007     2.8130     3.1804     1.7023    93.2263 1.9670e+01     275364  11473.458      98.66         13  0.000e+00
     91.211     90.376     6.0129  33.683433     6.0133  33.711533    6.94745    7.23368    34.1696    34.2009     2.8142     3.1816     1.7023    93.2263 1.9670e+01     275365  11473.500      98.66         13  0.000e+00
     91.211     90.376     6.0132  33.683433     6.0136  33.711630    6.94830    7.22969    34.1693    34.2007     2.8142     3.1804     1.7023    93.1736 1.9670e+01     275366  11473.542      98.66         13  0.000e+00
     91.258     90.422     6.0130  33.683228     6.0131  33.711435    6.94478    7.23363    34.1692    34.2009     2.8130     3.1816     1.7023    93.2263 1.9670e+01     275367  11473.583      98.66         13  0.000e+00
     91.158     90.324     6.0133  33.683365     6.0133  33.711760    6.94485    7.23378    34.1691    34.2012     2.8130     3.1816     1.7023    93.2527 1.9670e+01     275368  11473.625      98.66         13  0.000e+00
     91.211     90.376     6.0133  33.683433     6.0134  33.711598    6.94963    7.23412    34.1692    34.2008     2.8142     3.1816     1.7023    93.2791 1.9670e+01     275369  11473.667      98.66         13  0.000e+00
     91.258     90.422     6.0132  33.683228     6.0136  33.711403    6.95066    7.23028    34.1691    34.2004     2.8142     3.1804     1.7023    93.3054 1.9670e+01     275370  11473.708      98.66         13  0.000e+00
     91.211     90.376     6.0132  33.682989     6.0134  33.711370    6.95083    7.22992    34.1688    34.2005     2.8142     3.1804     1.7023    93.3318 1.9670e+01     275371  11473.750      98.66         13  0.000e+00
     91.211     90.376     6.0132  33.683297     6.0126  33.711370    6.94651    7.22895    34.1692    34.2014     2.8130     3.1804     1.7023    93.3845 1.9670e+01     275372  11473.792      98.66         13  0.000e+00
     91.211     90.376     6.0129  33.682852     6.0128  33.711272    6.94678    7.23227    34.1690    34.2011     2.8130     3.1816     1.7023    93.4109 1.9670e+01     275373  11473.833      98.66         13  0.000e+00
     91.211     90.376     6.0127  33.683023     6.0123  33.711533    6.94702    7.23260    34.1693    34.2019     2.8130     3.1816     1.7023    93.3845 1.9670e+01     275374  11473.875      98.66         13  0.000e+00
     91.158     90.323     6.0130  33.682784     6.0130  33.711630    6.94647    7.22863    34.1688    34.2013     2.8130     3.1804     1.7023    93.3845 1.9670e+01     275375  11473.917      98.66         13  0.000e+00
     91.258     90.422     6.0125  33.683229     6.0128  33.711630    6.94612    7.22847    34.1697    34.2015     2.8130     3.1804     1.7316    93.3318 1.7703e+01     275376  11473.958      98.66         13  0.000e+00
     91.211     90.376     6.0127  33.682818     6.0126  33.711435    6.95083    7.22816    34.1691    34.2014     2.8142     3.1804     1.7683    93.3582 1.9670e+01     275377  11474.000      98.66         13  0.000e+00
     60.071     59.526     6.0416  33.695981     6.0448  33.726136    6.98139    7.27384    34.1706    34.2013     2.8356     3.2066     2.0540    92.5145 1.9670e+01     277265  11552.667      98.66         14  0.000e+00
     60.118     59.572     6.0419  33.695571     6.0441  33.725941    6.98148    7.27382    34.1698    34.2018     2.8356     3.2066     2.0540    92.5409 1.9670e+01     277266  11552.708      98.66         14  0.000e+00
     60.071     59.526     6.0418  33.695400     6.0441  33.725159    6.98601    7.27730    34.1698    34.2009     2.8368     3.2078     2.0540    92.6200 1.9670e+01     277267  11552.750      98.66         14  0.000e+00
     60.024     59.479     6.0418  33.695400     6.0438  33.725029    6.98304    7.27718    34.1698    34.2011     2.8356     3.2078     2.0540    92.6463 1.9670e+01     277268  11552.792      98.66         14  0.000e+00
     60.098     59.552     6.0417  33.695400     6.0428  33.724932    6.98326    7.27715    34.1698    34.2019     2.8356     3.2078     2.0540    92.6991 1.9670e+01     277269  11552.833      98.66         14  0.000e+00
     60.024     59.479     6.0416  33.695229     6.0432  33.725094    6.98712    7.27697    34.1698    34.2017     2.8368     3.2078     2.0540    92.6727 1.9670e+01     277270  11552.875      98.66         14  0.000e+00
     60.024     59.479     6.0416  33.694750     6.0433  33.724964    6.98800    7.27683    34.1692    34.2015     2.8368     3.2078     2.0540    92.6727 1.9670e+01     277271  11552.917      98.66         14  0.000e+00
     60.071     59.526     6.0413  33.694237     6.0430  33.725095    6.98450    7.27742    34.1689    34.2019     2.8356     3.2078     2.0540    92.6463 1.9670e+01     277272  11552.958      98.66         14  0.000e+00
     60.024     59.479     6.0413  33.695058     6.0432  33.724769    6.98385    7.27780    34.1699    34.2014     2.8356     3.2078     2.0540    92.6463 1.9670e+01     277273  11553.000      98.66         14  0.000e+00
     60.024     59.479     6.0415  33.695195     6.0436  33.724964    6.98772    7.27759    34.1699    34.2012     2.8368     3.2078     2.0540    92.6463 1.9670e+01     277274  11553.042      98.66         14  0.000e+00
     60.024     59.479     6.0417  33.695160     6.0433  33.724932    6.98409    7.27735    34.1696    34.2015     2.8356     3.2078     2.0540    92.6727 1.9670e+01     277275  11553.083      98.66         14  0.000e+00
     59.998     59.453     6.0419  33.695331     6.0432  33.724704    6.98347    7.27705    34.1696    34.2014     2.8356     3.2078     2.0906    92.6200 1.9670e+01     277276  11553.125      98.66         14  0.000e+00
     60.024     59.479     6.0419  33.695776     6.0435  33.724834    6.98737    7.27744    34.1701    34.2012     2.8368     3.2078     2.1199    92.6200 1.9670e+01     277277  11553.167      98.66         14  0.000e+00
     59.971     59.427     6.0416  33.695742     6.0431  33.724899    6.98375    7.27717    34.1704    34.2017     2.8356     3.2078     2.1272    92.5672 1.9670e+01     277278  11553.208      98.66         14  0.000e+00
