Ship_data/Southern/Southern_Ocean-02_NBP-15-11_2015-12-07/CTD NBP1511/process/nbp1511_012.ros
* Sea-Bird SBE 9 Data File:
* FileName = D:\Data\raw\NBP1511_012.hdr
* Software Version Seasave V 7.21e
* Temperature SN = 5730
* Conductivity SN = 1143
* Number of Bytes Per Scan = 40
* Number of Voltage Words = 5
* Number of Scans Averaged by the Deck Unit = 1
* NMEA Latitude = 54 04.98 S
* NMEA Longitude = 088 53.47 W
* NMEA UTC (Time) = Dec 18 2015  23:26:57
* NMEA baud rate = 9600
** Ship: RVIB N.B. Palmer
** Cruise: NBP1511
** Station: FLMB-1, FLMB-2
** Operator: S. Blackman
# nquan = 20
# nvalues = 637                                   
# units = specified
# name 0 = prDM: Pressure, Digiquartz [db]
# name 1 = depSM: Depth [salt water, m]
# name 2 = t090C: Temperature [ITS-90, deg C]
# name 3 = c0mS/cm: Conductivity [mS/cm]
# name 4 = t190C: Temperature, 2 [ITS-90, deg C]
# name 5 = c1mS/cm: Conductivity, 2 [mS/cm]
# name 6 = sbeox0ML/L: Oxygen, SBE 43 [ml/l]
# name 7 = sbeox1ML/L: Oxygen, SBE 43, 2 [ml/l]
# name 8 = sal00: Salinity, Practical [PSU]
# name 9 = sal11: Salinity, Practical, 2 [PSU]
# name 10 = sbeox0V: Oxygen raw, SBE 43 [V]
# name 11 = sbeox1V: Oxygen raw, SBE 43, 2 [V]
# name 12 = flECO-AFL: Fluorescence, WET Labs ECO-AFL/FL [mg/m^3]
# name 13 = CStarTr0: Beam Transmission, WET Labs C-Star [%]
# name 14 = spar: SPAR/Surface Irradiance
# name 15 = scan: Scan Count
# name 16 = timeS: Time, Elapsed [seconds]
# name 17 = altM: Altimeter [m]
# name 18 = nbf: Bottles Fired
# name 19 = flag:  0.000e+00
# interval = seconds: 0.0416667
# start_time = Dec 18 2015 23:26:57 [NMEA time, header]
# bad_flag = -9.990e-29
*END*
[from data line 362]
    181.855    180.151     5.6831  33.457664     5.6801  33.504582    6.77404    7.00235    34.2020    34.2583     2.7129     3.0545     0.0247    95.6255 7.2384e+02     114471   4769.583      98.66          8  0.000e+00
    181.882    180.177     5.6836  33.457971     5.6810  33.505036    6.77843    7.00226    34.2018    34.2578     2.7141     3.0545     0.0247    95.6518 7.2581e+02     114472   4769.625      98.66          8  0.000e+00
    181.855    180.151     5.6839  33.458380     5.6804  33.504355    6.77891    7.00214    34.2020    34.2577     2.7141     3.0545     0.0247    95.6782 7.2778e+02     114473   4769.667      98.66          8  0.000e+00
    181.902    180.197     5.6839  33.458380     5.6794  33.502927    6.77949    7.00216    34.2019    34.2570     2.7141     3.0545     0.0247    95.6782 7.2778e+02     114474   4769.708      98.66          8  0.000e+00
    181.855    180.151     5.6843  33.458448     5.6801  33.503025    6.77911    7.00202    34.2016    34.2565     2.7141     3.0545     0.0247    95.6518 7.2974e+02     114475   4769.750      98.66          8  0.000e+00
    181.882    180.178     5.6845  33.458755     5.6820  33.504452    6.77954    7.00198    34.2017    34.2561     2.7141     3.0545     0.0247    95.6782 7.2974e+02     114476   4769.792      98.66          8  0.000e+00
    181.902    180.197     5.6850  33.459164     5.6836  33.505458    6.77988    7.00188    34.2017    34.2556     2.7141     3.0545     0.0247    95.6518 7.3171e+02     114477   4769.833      98.66          8  0.000e+00
    181.855    180.151     5.6853  33.459334     5.6838  33.506236    6.77477    7.00175    34.2016    34.2564     2.7129     3.0545     0.0247    95.6518 7.3368e+02     114478   4769.875      98.66          8  0.000e+00
    181.902    180.197     5.6853  33.459300     5.6846  33.506561    6.77441    7.00177    34.2015    34.2559     2.7129     3.0545     0.0247    95.6518 7.3564e+02     114479   4769.917      98.66          8  0.000e+00
    181.882    180.178     5.6856  33.459743     5.6844  33.506301    6.77853    7.00166    34.2017    34.2558     2.7141     3.0545     0.0247    95.6518 7.3564e+02     114480   4769.958      98.66          8  0.000e+00
    181.902    180.198     5.6856  33.460016     5.6846  33.505782    6.76963    7.00163    34.2020    34.2550     2.7117     3.0545     0.0247    95.6255 7.3761e+02     114481   4770.000      98.66          8  0.000e+00
    181.902    180.198     5.6857  33.459948     5.6836  33.505263    6.77305    7.00159    34.2018    34.2554     2.7129     3.0545     0.0247    95.6255 7.3958e+02     114482   4770.042      98.66          8  0.000e+00
    181.902    180.198     5.6857  33.459845     5.6831  33.504647    6.77726    7.00157    34.2017    34.2552     2.7141     3.0545     0.0173    95.6255 7.3958e+02     114483   4770.083      98.66          8  0.000e+00
    181.949    180.244     5.6859  33.460254     5.6822  33.504582    6.77835    7.00585    34.2019    34.2561     2.7141     3.0557     0.0247    95.5991 7.4155e+02     114484   4770.125      98.66          8  0.000e+00
    181.882    180.178     5.6862  33.460152     5.6812  33.504030    6.77318    7.00637    34.2015    34.2565     2.7129     3.0557     0.0247    95.5991 7.4351e+02     114485   4770.167      98.66          8  0.000e+00
    181.902    180.198     5.6861  33.460322     5.6812  33.504420    6.77734    7.00699    34.2019    34.2569     2.7141     3.0557     0.0247    95.6255 7.4548e+02     114486   4770.208      98.66          8  0.000e+00
    181.903    180.198     5.6861  33.460425     5.6812  33.504517    6.77759    7.00754    34.2020    34.2570     2.7141     3.0557     0.0247    95.6255 7.4548e+02     114487   4770.250      98.66          8  0.000e+00
    181.949    180.244     5.6862  33.460357     5.6817  33.505166    6.77784    7.00810    34.2017    34.2572     2.7141     3.0557     0.0247    95.6518 7.4745e+02     114488   4770.292      98.66          8  0.000e+00
    181.883    180.178     5.6861  33.460016     5.6823  33.505782    6.77800    7.00426    34.2015    34.2573     2.7141     3.0545     0.0247    95.6255 7.4941e+02     114489   4770.333      98.66          8  0.000e+00
    181.903    180.198     5.6857  33.459641     5.6830  33.506496    6.77824    7.00850    34.2015    34.2575     2.7141     3.0557     0.0247    95.6518 7.5138e+02     114490   4770.375      98.66          8  0.000e+00
    181.903    180.198     5.6857  33.459607     5.6833  33.506431    6.77376    7.00466    34.2014    34.2571     2.7129     3.0545     0.0247    95.6255 7.5138e+02     114491   4770.417      98.66          8  0.000e+00
    181.903    180.198     5.6857  33.459777     5.6836  33.507015    6.77312    7.00445    34.2016    34.2574     2.7129     3.0545     0.0247    95.6255 7.5335e+02     114492   4770.458      98.66          8  0.000e+00
    181.883    180.178     5.6856  33.459470     5.6843  33.507242    6.77250    7.00859    34.2014    34.2570     2.7129     3.0557     0.0247    95.6518 7.5531e+02     114493   4770.500      98.66          8  0.000e+00
    181.950    180.244     5.6857  33.459505     5.6847  33.508021    6.77652    7.00908    34.2013    34.2574     2.7141     3.0557     0.0247    95.6518 7.5728e+02     114494   4770.542      98.66          8  0.000e+00
    181.856    180.152     5.6853  33.459811     5.6847  33.507988    6.77657    7.00946    34.2021    34.2574     2.7141     3.0557     0.0247    95.6518 7.5925e+02     114495   4770.583      98.66          8  0.000e+00
    181.903    180.198     5.6853  33.460016     5.6857  33.508572    6.77588    7.00988    34.2023    34.2570     2.7141     3.0557     0.0247    95.6518 7.6121e+02     114496   4770.625      98.66          8  0.000e+00
    181.936    180.231     5.6853  33.459743     5.6859  33.508215    6.77592    7.01029    34.2020    34.2564     2.7141     3.0557     0.0247    95.6782 7.6121e+02     114497   4770.667      98.66          8  0.000e+00
    181.856    180.152     5.6853  33.459572     5.6854  33.508215    6.77122    7.01056    34.2019    34.2570     2.7129     3.0557     0.0247    95.6782 7.6318e+02     114498   4770.708      98.66          8  0.000e+00
    181.903    180.198     5.6853  33.459811     5.6854  33.507793    6.77046    7.01090    34.2021    34.2565     2.7129     3.0557     0.0247    95.6518 7.6515e+02     114499   4770.750      98.66          8  0.000e+00
    181.903    180.198     5.6853  33.459436     5.6846  33.507534    6.76969    7.01120    34.2017    34.2570     2.7129     3.0557     0.0247    95.6518 7.6712e+02     114500   4770.792      98.66          8  0.000e+00
    130.897    129.687     5.8015  33.506452     5.7860  33.544875    6.93824    7.17983    34.1632    34.2224     2.7833     3.1309     0.3543    94.9664 1.2235e+03     116809   4867.000      98.66          9  0.000e+00
    130.897    129.687     5.7987  33.504883     5.7876  33.546433    6.93461    7.18346    34.1642    34.2225     2.7820     3.1321     0.3470    94.9400 1.2215e+03     116810   4867.042      98.66          9  0.000e+00
    130.951    129.739     5.7965  33.504133     5.7906  33.549322    6.93467    7.18332    34.1656    34.2228     2.7820     3.1321     0.3470    94.9400 1.2215e+03     116811   4867.083      98.66          9  0.000e+00
    130.897    129.687     5.7953  33.503826     5.7930  33.552048    6.93974    7.17853    34.1665    34.2235     2.7833     3.1309     0.3543    94.9664 1.2215e+03     116812   4867.125      98.66          9  0.000e+00
    130.951    129.740     5.7956  33.504167     5.7940  33.554873    6.93626    7.17713    34.1666    34.2256     2.7820     3.1309     0.3470    94.9400 1.2215e+03     116813   4867.167      98.66          9  0.000e+00
    130.951    129.740     5.7954  33.504883     5.7965  33.556755    6.93578    7.18058    34.1676    34.2252     2.7820     3.1321     0.3470    94.9136 1.2235e+03     116814   4867.208      98.66          9  0.000e+00
    130.897    129.687     5.7959  33.505838     5.8001  33.559287    6.93509    7.17592    34.1682    34.2244     2.7820     3.1309     0.3470    94.9400 1.2235e+03     116815   4867.250      98.66          9  0.000e+00
    130.898    129.687     5.7965  33.506691     5.8033  33.562761    6.93439    7.17913    34.1685    34.2252     2.7820     3.1321     0.3470    94.9136 1.2235e+03     116816   4867.292      98.66          9  0.000e+00
    130.951    129.740     5.7978  33.507919     5.8063  33.565813    6.93356    7.17857    34.1685    34.2255     2.7820     3.1321     0.3470    94.9400 1.2235e+03     116817   4867.333      98.66          9  0.000e+00
    130.898    129.687     5.7992  33.509385     5.8080  33.566527    6.93255    7.17781    34.1688    34.2246     2.7820     3.1321     0.3470    94.9400 1.2235e+03     116818   4867.375      98.66          9  0.000e+00
    130.898    129.687     5.8005  33.509965     5.8086  33.566527    6.93691    7.17776    34.1682    34.2240     2.7833     3.1321     0.3470    94.9664 1.2235e+03     116819   4867.417      98.66          9  0.000e+00
    130.951    129.740     5.8005  33.509215     5.8097  33.566722    6.93312    7.17728    34.1673    34.2231     2.7820     3.1321     0.3543    94.9664 1.2235e+03     116820   4867.458      98.66          9  0.000e+00
    130.878    129.667     5.8002  33.508976     5.8103  33.567598    6.93680    7.17234    34.1674    34.2235     2.7833     3.1309     0.3763    94.9664 1.2235e+03     116821   4867.500      98.66          9  0.000e+00
    130.998    129.786     5.7994  33.508055     5.8113  33.568832    6.93761    7.17620    34.1671    34.2238     2.7832     3.1321     0.3836    94.9664 1.2235e+03     116822   4867.542      98.66          9  0.000e+00
    130.951    129.740     5.7986  33.507475     5.8128  33.570716    6.93364    7.17622    34.1673    34.2245     2.7820     3.1321     0.3836    94.9664 1.2235e+03     116823   4867.583      98.66          9  0.000e+00
    130.951    129.740     5.7980  33.507612     5.8143  33.572209    6.93721    7.17189    34.1680    34.2246     2.7832     3.1309     0.3836    94.9664 1.2235e+03     116824   4867.625      98.66          9  0.000e+00
    130.951    129.740     5.7981  33.507475     5.8155  33.572339    6.93302    7.17532    34.1677    34.2236     2.7820     3.1321     0.3836    94.9400 1.2235e+03     116825   4867.667      98.66          9  0.000e+00
    130.951    129.740     5.7983  33.507646     5.8160  33.572664    6.93714    7.17507    34.1678    34.2235     2.7832     3.1321     0.3836    94.9664 1.2215e+03     116826   4867.708      98.66          9  0.000e+00
    130.998    129.786     5.7981  33.507680     5.8162  33.571819    6.93369    7.17486    34.1679    34.2223     2.7820     3.1321     0.3836    94.9400 1.2215e+03     116827   4867.750      98.66          9  0.000e+00
    130.998    129.786     5.7986  33.507885     5.8127  33.567371    6.93316    7.17018    34.1677    34.2207     2.7820     3.1309     0.3836    94.9664 1.2215e+03     116828   4867.792      98.66          9  0.000e+00
    130.951    129.740     5.7986  33.507953     5.8070  33.561072    6.93262    7.17339    34.1678    34.2195     2.7820     3.1321     0.3836    94.9664 1.2215e+03     116829   4867.833      98.66          9  0.000e+00
    130.998    129.786     5.7983  33.507783     5.8019  33.557307    6.93296    7.17308    34.1679    34.2203     2.7820     3.1321     0.3836    94.9927 1.2215e+03     116830   4867.875      98.66          9  0.000e+00
    130.998    129.786     5.7986  33.508055     5.7994  33.556236    6.93238    7.16897    34.1679    34.2216     2.7820     3.1309     0.3836    94.9664 1.2215e+03     116831   4867.917      98.66          9  0.000e+00
    130.998    129.786     5.7981  33.507783     5.7997  33.556658    6.93645    7.16793    34.1681    34.2218     2.7832     3.1309     0.3836    94.9664 1.2215e+03     116832   4867.958      98.66          9  0.000e+00
    131.045    129.832     5.7988  33.508056     5.7991  33.556853    6.93652    7.16740    34.1677    34.2226     2.7832     3.1309     0.3836    94.9664 1.2215e+03     116833   4868.000      98.66          9  0.000e+00
    131.045    129.833     5.7989  33.508635     5.7986  33.556301    6.93275    7.16688    34.1682    34.2225     2.7820     3.1309     0.3836    94.9664 1.2215e+03     116834   4868.042      98.66          9  0.000e+00
    131.045    129.833     5.7986  33.507953     5.7970  33.555327    6.93747    7.16650    34.1677    34.2230     2.7832     3.1309     0.3836    94.9400 1.2215e+03     116835   4868.083      98.66          9  0.000e+00
    131.045    129.833     5.7983  33.507885     5.7978  33.555457    6.93299    7.16540    34.1680    34.2224     2.7820     3.1309     0.3836    94.9664 1.2215e+03     116836   4868.125      98.66          9  0.000e+00
    131.098    129.885     5.7987  33.507953     5.7979  33.555977    6.93301    7.16916    34.1676    34.2228     2.7820     3.1321     0.3836    94.9664 1.2215e+03     116837   4868.167      98.66          9  0.000e+00
    131.045    129.833     5.7981  33.507203     5.7972  33.554905    6.93234    7.16510    34.1674    34.2223     2.7820     3.1309     0.3836    94.9927 1.2195e+03     116838   4868.208      98.66          9  0.000e+00
    131.098    129.885     5.7969  33.506146     5.7957  33.553542    6.93183    7.16486    34.1674    34.2223     2.7820     3.1309     0.3836    94.9927 1.2195e+03     116839   4868.250      98.66          9  0.000e+00
    131.098    129.885     5.7961  33.505259     5.7949  33.553217    6.93118    7.16877    34.1672    34.2227     2.7820     3.1321     0.3836    94.9664 1.2195e+03     116840   4868.292      98.66          9  0.000e+00
    131.098    129.886     5.7948  33.504270     5.7962  33.554808    6.93056    7.16910    34.1674    34.2232     2.7820     3.1321     0.3836    94.9664 1.2176e+03     116841   4868.333      98.66          9  0.000e+00
    131.145    129.932     5.7940  33.503281     5.7991  33.557860    6.93444    7.16513    34.1671    34.2237     2.7832     3.1309     0.3836    94.9664 1.2176e+03     116842   4868.375      98.66          9  0.000e+00
    131.145    129.932     5.7940  33.503963     5.8007  33.559061    6.93422    7.16451    34.1678    34.2234     2.7832     3.1309     0.3690    94.9400 1.2176e+03     116843   4868.417      98.66          9  0.000e+00
    131.145    129.932     5.7944  33.504680     5.8023  33.560587    6.93388    7.16811    34.1682    34.2235     2.7832     3.1321     0.3104    94.9136 1.2176e+03     116844   4868.458      98.66          9  0.000e+00
    131.145    129.932     5.7948  33.505021     5.8053  33.565164    6.93351    7.16809    34.1682    34.2257     2.7832     3.1321     0.2884    94.9136 1.2176e+03     116845   4868.500      98.66          9  0.000e+00
    131.192    129.978     5.7946  33.504714     5.8096  33.569678    6.93322    7.16393    34.1680    34.2265     2.7832     3.1309     0.2884    94.9400 1.2176e+03     116846   4868.542      98.66          9  0.000e+00
    131.192    129.978     5.7944  33.504373     5.8125  33.571106    6.93360    7.16335    34.1678    34.2251     2.7832     3.1309     0.2884    94.9664 1.2176e+03     116847   4868.583      98.66          9  0.000e+00
    131.192    129.978     5.7938  33.503486     5.8130  33.570067    6.93326    7.16285    34.1674    34.2234     2.7832     3.1309     0.2957    94.9927 1.2156e+03     116848   4868.625      98.66          9  0.000e+00
    131.192    129.978     5.7920  33.501269     5.8121  33.568313    6.93309    7.16260    34.1668    34.2223     2.7832     3.1309     0.2957    94.9927 1.2156e+03     116849   4868.667      98.66          9  0.000e+00
    131.245    130.031     5.7903  33.500281     5.8079  33.564125    6.93358    7.16230    34.1674    34.2218     2.7832     3.1309     0.2884    94.9927 1.2156e+03     116850   4868.708      98.66          9  0.000e+00
