Ship_data/Southern/Southern_Ocean-02_NBP-15-11_2015-12-07/CTD NBP1511/process/nbp1511_002.ros
* Sea-Bird SBE 9 Data File:
* FileName = D:\Data\raw\NBP1511_002.hdr
* Software Version Seasave V 7.21e
* Temperature SN = 5730
* Conductivity SN = 1143
* Number of Bytes Per Scan = 40
* Number of Voltage Words = 5
* Number of Scans Averaged by the Deck Unit = 1
* NMEA Latitude = 53 18.73 S
* NMEA Longitude = 080 17.31 W
* NMEA UTC (Time) = Dec 08 2015  21:37:46
* NMEA baud rate = 9600
** Ship: RVIB N.B. Palmer
** Cruise: NBP1511
** Station: CTD Test
** Operator: S. Blackman
# nquan = 20
# nvalues = 1176                                  
# units = specified
# name 0 = prDM: Pressure, Digiquartz [db]
# name 1 = depSM: Depth [salt water, m]
# name 2 = t090C: Temperature [ITS-90, deg C]
# name 3 = c0mS/cm: Conductivity [mS/cm]
# name 4 = t190C: Temperature, 2 [ITS-90, deg C]
# name 5 = c1mS/cm: Conductivity, 2 [mS/cm]
# name 6 = sbeox0ML/L: Oxygen, SBE 43 [ml/l]
# name 7 = sbeox1ML/L: Oxygen, SBE 43, 2 [ml/l]
# name 8 = sal00: Salinity, Practical [PSU]
# name 9 = sal11: Salinity, Practical, 2 [PSU]
# name 10 = sbeox0V: Oxygen raw, SBE 43 [V]
# name 11 = sbeox1V: Oxygen raw, SBE 43, 2 [V]
# name 12 = flECO-AFL: Fluorescence, WET Labs ECO-AFL/FL [mg/m^3]
# name 13 = CStarTr0: Beam Transmission, WET Labs C-Star [%]
# name 14 = spar: SPAR/Surface Irradiance
# name 15 = scan: Scan Count
# name 16 = timeS: Time, Elapsed [seconds]
# name 17 = altM: Altimeter [m]
# name 18 = nbf: Bottles Fired
# name 19 = flag:  0.000e+00
# interval = seconds: 0.0416667
# start_time = Dec 08 2015 21:37:46 [NMEA time, header]
# bad_flag = -9.990e-29
*END*
[from data line 218]
   1211.302   1197.074     3.0357  31.750247     3.0350  31.770137    4.01221    4.09645    34.4187    34.4435     1.6026     1.8243    -0.0120    95.5991 2.2620e+02      87016   3625.625      98.66          5  0.000e+00
   1211.349   1197.121     3.0356  31.750281     3.0355  31.770074    4.01806    4.09572    34.4189    34.4428     1.6039     1.8243    -0.0120    95.5727 2.2620e+02      87017   3625.667      98.66          5  0.000e+00
   1211.349   1197.121     3.0357  31.750048     3.0352  31.769884    4.01908    4.09490    34.4185    34.4429     1.6039     1.8243    -0.0120    95.5991 2.2423e+02      87018   3625.708      98.66          5  0.000e+00
   1211.302   1197.074     3.0360  31.750547     3.0351  31.770200    4.01528    4.09397    34.4188    34.4434     1.6026     1.8243    -0.0120    95.5727 2.2423e+02      87019   3625.750      98.66          5  0.000e+00
   1211.247   1197.021     3.0362  31.750547     3.0355  31.770327    4.01363    4.09422    34.4186    34.4432     1.6026     1.8243    -0.0120    95.5991 2.2423e+02      87020   3625.792      98.66          5  0.000e+00
   1211.404   1197.175     3.0365  31.750514     3.0351  31.770137    4.01940    4.09337    34.4182    34.4433     1.6039     1.8243    -0.0120    95.5991 2.2423e+02      87021   3625.833      98.66          5  0.000e+00
   1211.404   1197.175     3.0362  31.750481     3.0360  31.770644    4.02034    4.09363    34.4185    34.4429     1.6039     1.8243    -0.0120    95.5727 2.2423e+02      87022   3625.875      98.66          5  0.000e+00
   1211.349   1197.121     3.0365  31.750847     3.0359  31.770454    4.02113    4.09380    34.4186    34.4429     1.6039     1.8243    -0.0120    95.5991 2.2423e+02      87023   3625.917      98.66          5  0.000e+00
   1211.349   1197.121     3.0370  31.750580     3.0364  31.770549    4.02190    4.09401    34.4178    34.4425     1.6039     1.8243    -0.0120    95.5991 2.2423e+02      87024   3625.958      98.66          5  0.000e+00
   1211.349   1197.121     3.0370  31.750880     3.0365  31.770771    4.02130    4.09424    34.4182    34.4426     1.6039     1.8243    -0.0120    95.5991 2.2423e+02      87025   3626.000      98.66          5  0.000e+00
   1211.452   1197.222     3.0373  31.750980     3.0370  31.770834    4.02197    4.09331    34.4179    34.4421     1.6039     1.8243    -0.0120    95.5727 2.2620e+02      87026   3626.042      98.66          5  0.000e+00
   1211.404   1197.175     3.0373  31.750980     3.0365  31.770834    4.02254    4.09347    34.4179    34.4427     1.6039     1.8243    -0.0120    95.6255 2.2423e+02      87027   3626.083      98.66          5  0.000e+00
   1211.404   1197.175     3.0368  31.750647     3.0363  31.770644    4.02312    4.09372    34.4180    34.4426     1.6039     1.8243    -0.0120    95.5991 2.2423e+02      87028   3626.125      98.66          5  0.000e+00
   1211.452   1197.222     3.0365  31.750681     3.0364  31.770581    4.02366    4.09277    34.4184    34.4425     1.6039     1.8243    -0.0120    95.5727 2.2423e+02      87029   3626.167      98.66          5  0.000e+00
   1211.506   1197.276     3.0360  31.750747     3.0362  31.770771    4.02415    4.09178    34.4189    34.4429     1.6039     1.8243    -0.0120    95.5991 2.2423e+02      87030   3626.208      98.66          5  0.000e+00
   1211.452   1197.222     3.0362  31.750747     3.0367  31.771024    4.02314    4.09629    34.4188    34.4427     1.6039     1.8255    -0.0120    95.5991 2.2423e+02      87031   3626.250      98.66          5  0.000e+00
   1211.506   1197.276     3.0359  31.750414     3.0373  31.770708    4.02348    4.09751    34.4187    34.4416     1.6039     1.8255    -0.0120    95.5991 2.2423e+02      87032   3626.292      98.66          5  0.000e+00
   1211.506   1197.276     3.0360  31.750048     3.0368  31.770961    4.02369    4.09295    34.4181    34.4424     1.6039     1.8243    -0.0120    95.5727 2.2423e+02      87033   3626.333      98.66          5  0.000e+00
   1211.554   1197.322     3.0357  31.750182     3.0375  31.770898    4.02256    4.09296    34.4185    34.4416     1.6039     1.8243    -0.0120    95.5727 2.2423e+02      87034   3626.375      98.66          5  0.000e+00
   1211.554   1197.323     3.0360  31.750614     3.0367  31.770834    4.02123    4.09287    34.4187    34.4424     1.6039     1.8243    -0.0120    95.5991 2.2423e+02      87035   3626.417      98.66          5  0.000e+00
   1211.608   1197.376     3.0360  31.750581     3.0363  31.770645    4.02121    4.09850    34.4187    34.4425     1.6039     1.8255    -0.0120    95.5727 2.2423e+02      87036   3626.458      98.66          5  0.000e+00
   1211.608   1197.376     3.0360  31.750315     3.0364  31.770423    4.02714    4.09956    34.4183    34.4422     1.6051     1.8255    -0.0120    95.5727 2.2423e+02      87037   3626.500      98.66          5  0.000e+00
   1211.608   1197.376     3.0360  31.750614     3.0359  31.770328    4.02821    4.10056    34.4187    34.4426     1.6051     1.8255    -0.0120    95.5727 2.2423e+02      87038   3626.542      98.66          5  0.000e+00
   1211.710   1197.477     3.0362  31.750748     3.0358  31.770898    4.02921    4.10155    34.4186    34.4434     1.6051     1.8255    -0.0120    95.5727 2.2423e+02      87039   3626.583      98.66          5  0.000e+00
   1211.663   1197.430     3.0364  31.750781     3.0365  31.770898    4.02399    4.09677    34.4185    34.4426     1.6039     1.8243    -0.0120    95.5727 2.2423e+02      87040   3626.625      98.66          5  0.000e+00
   1211.710   1197.477     3.0367  31.750548     3.0368  31.770835    4.02955    4.09653    34.4179    34.4422     1.6051     1.8243    -0.0120    95.5991 2.2423e+02      87041   3626.667      98.66          5  0.000e+00
   1211.765   1197.531     3.0365  31.750682     3.0365  31.770645    4.02291    4.10079    34.4182    34.4422     1.6039     1.8255    -0.0120    95.5727 2.2423e+02      87042   3626.708      98.66          5  0.000e+00
   1013.205   1001.776     3.4948  32.000128     3.4965  32.022656    4.38455    4.48888    34.3371    34.3621     1.7441     1.9805    -0.0120    95.5727 2.2620e+02      94332   3930.458      98.66          6  0.000e+00
   1013.307   1001.877     3.4943  32.000128     3.4972  32.023229    4.38339    4.49280    34.3375    34.3621     1.7441     1.9817    -0.0120    95.5727 2.2620e+02      94333   3930.500      98.66          6  0.000e+00
   1013.347   1001.917     3.4943  32.000429     3.4970  32.023102    4.38335    4.49225    34.3379    34.3621     1.7441     1.9817    -0.0120    95.5464 2.2620e+02      94334   3930.542      98.66          6  0.000e+00
   1013.354   1001.923     3.4946  32.000830     3.4972  32.023038    4.38210    4.49269    34.3380    34.3618     1.7441     1.9817    -0.0120    95.5727 2.2620e+02      94335   3930.583      98.66          6  0.000e+00
   1013.408   1001.977     3.4954  32.001933     3.4975  32.023611    4.38654    4.49308    34.3385    34.3621     1.7453     1.9817    -0.0120    95.5991 2.2620e+02      94336   3930.625      98.66          6  0.000e+00
   1013.449   1002.017     3.4964  32.002601     3.4980  32.023801    4.38636    4.49347    34.3383    34.3619     1.7453     1.9817    -0.0120    95.5991 2.2620e+02      94337   3930.667      98.66          6  0.000e+00
   1013.456   1002.024     3.4968  32.002768     3.4978  32.023611    4.38166    4.49282    34.3380    34.3618     1.7441     1.9817    -0.0120    95.5727 2.2620e+02      94338   3930.708      98.66          6  0.000e+00
   1013.510   1002.077     3.4966  32.002334     3.4981  32.023738    4.38046    4.49223    34.3376    34.3616     1.7441     1.9817    -0.0120    95.5991 2.2620e+02      94339   3930.750      98.66          6  0.000e+00
   1013.510   1002.077     3.4969  32.002634     3.4981  32.024374    4.37916    4.49150    34.3377    34.3624     1.7441     1.9817    -0.0120    95.5727 2.2620e+02      94340   3930.792      98.66          6  0.000e+00
   1013.551   1002.118     3.4965  32.002701     3.4999  32.025486    4.38489    4.48546    34.3382    34.3618     1.7453     1.9805    -0.0120    95.5727 2.2620e+02      94341   3930.833      98.66          6  0.000e+00
   1013.558   1002.124     3.4968  32.002568     3.5005  32.025804    4.38027    4.48475    34.3377    34.3616     1.7441     1.9805    -0.0120    95.5991 2.2620e+02      94342   3930.875      98.66          6  0.000e+00
   1013.612   1002.178     3.4971  32.002635     3.5007  32.025423    4.38478    4.48947    34.3375    34.3609     1.7453     1.9817    -0.0120    95.5991 2.2620e+02      94343   3930.917      98.66          6  0.000e+00
   1013.612   1002.178     3.4974  32.003136     3.5007  32.025296    4.38464    4.48981    34.3377    34.3607     1.7453     1.9817    -0.0193    95.5991 2.2620e+02      94344   3930.958      98.66          6  0.000e+00
   1013.653   1002.218     3.4980  32.003604     3.5002  32.025296    4.37993    4.48478    34.3376    34.3612     1.7441     1.9805    -0.0193    95.5727 2.2620e+02      94345   3931.000      98.66          6  0.000e+00
   1013.612   1002.178     3.4984  32.003938     3.5000  32.025296    4.37861    4.48948    34.3377    34.3614     1.7441     1.9817    -0.0193    95.5464 2.2620e+02      94346   3931.042      98.66          6  0.000e+00
   1013.714   1002.278     3.4984  32.003604     3.4995  32.025296    4.38315    4.48998    34.3373    34.3619     1.7453     1.9817    -0.0193    95.5727 2.2620e+02      94347   3931.083      98.66          6  0.000e+00
   1013.653   1002.218     3.4984  32.003136     3.4991  32.024914    4.38298    4.49039    34.3367    34.3619     1.7453     1.9817    -0.0193    95.5727 2.2620e+02      94348   3931.125      98.66          6  0.000e+00
   1013.660   1002.225     3.4977  32.002969     3.4986  32.024819    4.37834    4.49090    34.3372    34.3623     1.7441     1.9817    -0.0266    95.5727 2.2620e+02      94349   3931.167      98.66          6  0.000e+00
   1013.660   1002.225     3.4976  32.002835     3.4986  32.024247    4.38277    4.49135    34.3372    34.3616     1.7453     1.9817    -0.0193    95.5991 2.2620e+02      94350   3931.208      98.66          6  0.000e+00
   1013.714   1002.278     3.4977  32.002902     3.4980  32.024247    4.38259    4.49180    34.3371    34.3623     1.7453     1.9817    -0.0193    95.5727 2.2620e+02      94351   3931.250      98.66          6  0.000e+00
   1013.653   1002.218     3.4977  32.003203     3.4980  32.024120    4.38230    4.48681    34.3375    34.3622     1.7453     1.9805    -0.0193    95.5727 2.2620e+02      94352   3931.292      98.66          6  0.000e+00
   1013.660   1002.225     3.4977  32.003203     3.4980  32.023675    4.38202    4.48625    34.3375    34.3616     1.7453     1.9805    -0.0193    95.5991 2.2620e+02      94353   3931.333      98.66          6  0.000e+00
   1013.714   1002.278     3.4980  32.003437     3.4975  32.023739    4.37716    4.48465    34.3374    34.3622     1.7441     1.9805    -0.0193    95.5991 2.2620e+02      94354   3931.375      98.66          6  0.000e+00
   1013.653   1002.218     3.4980  32.002902     3.4977  32.023802    4.37690    4.48411    34.3368    34.3621     1.7441     1.9805    -0.0193    95.5727 2.2620e+02      94355   3931.417      98.66          6  0.000e+00
   1013.660   1002.225     3.4971  32.002201     3.4980  32.023993    4.37682    4.48912    34.3369    34.3620     1.7441     1.9817    -0.0193    95.5727 2.2620e+02      94356   3931.458      98.66          6  0.000e+00
   1013.660   1002.225     3.4964  32.001399     3.4975  32.023484    4.37555    4.48870    34.3367    34.3619     1.7441     1.9817    -0.0193    95.5991 2.2620e+02      94357   3931.500      98.66          6  0.000e+00
   1013.612   1002.178     3.4954  32.001265     3.4970  32.022721    4.37546    4.48391    34.3376    34.3615     1.7441     1.9805    -0.0193    95.5727 2.2620e+02      94358   3931.542      98.66          6  0.000e+00
   1013.700   1002.265     3.4951  32.001399     3.4960  32.022181    4.37544    4.48351    34.3380    34.3618     1.7441     1.9805    -0.0193    95.5727 2.2620e+02      94359   3931.583      98.66          6  0.000e+00
   1013.612   1002.178     3.4945  32.000731     3.4956  32.022054    4.37541    4.48311    34.3379    34.3622     1.7441     1.9805    -0.0193    95.5991 2.2620e+02      94360   3931.625      98.66          6  0.000e+00
   1013.612   1002.178     3.4939  32.000263     3.4951  32.022054    4.37427    4.48171    34.3380    34.3627     1.7441     1.9805    -0.0193    95.5727 2.2620e+02      94361   3931.667      98.66          6  0.000e+00
   1013.551   1002.118     3.4940  32.000563     3.4951  32.021482    4.37421    4.48126    34.3383    34.3621     1.7441     1.9805    -0.0193    95.5727 2.2620e+02      94362   3931.708      98.66          6  0.000e+00
   1013.612   1002.178     3.4942  32.000931     3.4947  32.021291    4.37427    4.48629    34.3385    34.3623     1.7441     1.9817    -0.0193    95.5727 2.2620e+02      94363   3931.750      98.66          6  0.000e+00
   1013.558   1002.125     3.4943  32.001131     3.4948  32.021482    4.36859    4.48693    34.3386    34.3624     1.7428     1.9817    -0.0266    95.5727 2.2620e+02      94364   3931.792      98.66          6  0.000e+00
   1013.511   1002.078     3.4946  32.001432     3.4952  32.021736    4.37206    4.48756    34.3387    34.3622     1.7441     1.9817    -0.0193    95.5727 2.2620e+02      94365   3931.833      98.66          6  0.000e+00
   1013.497   1002.065     3.4949  32.001432     3.4953  32.021990    4.37795    4.48713    34.3384    34.3625     1.7453     1.9817    -0.0193    95.5727 2.2620e+02      94366   3931.875      98.66          6  0.000e+00
   1013.511   1002.078     3.4951  32.001332     3.4956  32.022244    4.37931    4.48669    34.3380    34.3625     1.7453     1.9817    -0.0193    95.5727 2.2620e+02      94367   3931.917      98.66          6  0.000e+00
   1013.409   1001.978     3.4953  32.001398     3.4959  32.022308    4.38059    4.48185    34.3380    34.3622     1.7453     1.9805    -0.0193    95.5991 2.2620e+02      94368   3931.958      98.66          6  0.000e+00
   1013.450   1002.018     3.4954  32.001699     3.4957  32.022498    4.38074    4.48683    34.3382    34.3627     1.7453     1.9817    -0.0120    95.5727 2.2620e+02      94369   3932.000      98.66          6  0.000e+00
   1013.409   1001.978     3.4957  32.001498     3.4956  32.022562    4.38079    4.48206    34.3376    34.3629     1.7453     1.9805    -0.0120    95.5991 2.2620e+02      94370   3932.042      98.66          6  0.000e+00
   1013.409   1001.978     3.4957  32.001699     3.4958  32.022753    4.37632    4.48171    34.3379    34.3629     1.7441     1.9805    -0.0120    95.5727 2.2620e+02      94371   3932.083      98.66          6  0.000e+00
   1013.308   1001.878     3.4957  32.001698     3.4959  32.022625    4.37640    4.48134    34.3379    34.3627     1.7441     1.9805    -0.0120    95.5727 2.2620e+02      94372   3932.125      98.66          6  0.000e+00
   1013.348   1001.918     3.4956  32.001398     3.4962  32.022371    4.38116    4.48650    34.3377    34.3620     1.7453     1.9817    -0.0120    95.5727 2.2620e+02      94373   3932.167      98.66          6  0.000e+00
   1013.253   1001.824     3.4954  32.001197     3.4964  32.022847    4.37671    4.48188    34.3377    34.3625     1.7441     1.9805    -0.0120    95.5727 2.2620e+02      94374   3932.208      98.66          6  0.000e+00
   1013.254   1001.824     3.4950  32.000897     3.4965  32.022847    4.37695    4.48172    34.3378    34.3623     1.7441     1.9805    -0.0120    95.5727 2.2620e+02      94375   3932.250      98.66          6  0.000e+00
