Ship_data/Southern/Southern_Ocean-02_NBP-15-11_2015-12-07/CTD NBP1511/process/nbp1511_015.ros
* Sea-Bird SBE 9 Data File:
* FileName = D:\Data\raw\NBP1511_015.hdr
* Software Version Seasave V 7.21e
* Temperature SN = 5730
* Conductivity SN = 1143
* Number of Bytes Per Scan = 40
* Number of Voltage Words = 5
* Number of Scans Averaged by the Deck Unit = 1
* NMEA Latitude = 54 26.16 S
* NMEA Longitude = 089 14.39 W
* NMEA UTC (Time) = Dec 26 2015  12:16:43
* NMEA baud rate = 9600
** Ship: RVIB N.B. Palmer
** Cruise: NBP1511
** Station: HYPM-2
** Operator: S. Blackman / B. Bjork
# nquan = 20
# nvalues = 588                                   
# units = specified
# name 0 = prDM: Pressure, Digiquartz [db]
# name 1 = depSM: Depth [salt water, m]
# name 2 = t090C: Temperature [ITS-90, deg C]
# name 3 = c0mS/cm: Conductivity [mS/cm]
# name 4 = t190C: Temperature, 2 [ITS-90, deg C]
# name 5 = c1mS/cm: Conductivity, 2 [mS/cm]
# name 6 = sbeox0ML/L: Oxygen, SBE 43 [ml/l]
# name 7 = sbeox1ML/L: Oxygen, SBE 43, 2 [ml/l]
# name 8 = sal00: Salinity, Practical [PSU]
# name 9 = sal11: Salinity, Practical, 2 [PSU]
# name 10 = sbeox0V: Oxygen raw, SBE 43 [V]
# name 11 = sbeox1V: Oxygen raw, SBE 43, 2 [V]
# name 12 = flECO-AFL: Fluorescence, WET Labs ECO-AFL/FL [mg/m^3]
# name 13 = CStarTr0: Beam Transmission, WET Labs C-Star [%]
# name 14 = spar: SPAR/Surface Irradiance
# name 15 = scan: Scan Count
# name 16 = timeS: Time, Elapsed [seconds]
# name 17 = altM: Altimeter [m]
# name 18 = nbf: Bottles Fired
# name 19 = flag:  0.000e+00
# interval = seconds: 0.0416667
# start_time = Dec 26 2015 12:16:43 [NMEA time, header]
# bad_flag = -9.990e-29
*END*
[from data line 73]
   4590.609   4500.979     0.7082  31.233618     0.7094  31.278751    4.55618    4.45983    34.7020    34.7569     1.2762     1.4391    -0.0120    95.3354 9.5791e+02     130816   5450.625      98.66          2  0.000e+00
   4590.551   4500.923     0.7083  31.233783     0.7097  31.278782    4.55831    4.45322    34.7021    34.7566     1.2762     1.4391    -0.0120    95.3354 9.5594e+02     130817   5450.667      98.66          2  0.000e+00
   4590.551   4500.923     0.7082  31.233617     0.7092  31.278216    4.57351    4.45111    34.7021    34.7564     1.2775     1.4391    -0.0120    95.3354 9.5791e+02     130818   5450.708      98.66          2  0.000e+00
   4590.609   4500.980     0.7082  31.233485     0.7094  31.278436    4.56731    4.44920    34.7019    34.7565     1.2762     1.4391    -0.0120    95.3091 9.5791e+02     130819   5450.750      98.66          2  0.000e+00
   4590.551   4500.923     0.7082  31.233518     0.7094  31.278342    4.56926    4.44739    34.7019    34.7564     1.2762     1.4391    -0.0120    95.3091 9.5791e+02     130820   5450.792      98.66          2  0.000e+00
   4590.609   4500.980     0.7080  31.233750     0.7094  31.278090    4.57129    4.45792    34.7024    34.7561     1.2762     1.4404    -0.0120    95.3091 9.5594e+02     130821   5450.833      98.63          2  0.000e+00
   4590.551   4500.924     0.7083  31.233717     0.7094  31.278279    4.58620    4.44844    34.7021    34.7563     1.2775     1.4391    -0.0120    95.3091 9.5594e+02     130822   5450.875      98.66          2  0.000e+00
   4590.551   4500.924     0.7082  31.233783     0.7091  31.278279    4.56678    4.46355    34.7023    34.7567     1.2749     1.4404    -0.0120    95.3354 9.5594e+02     130823   5450.917      98.66          2  0.000e+00
   4590.551   4500.924     0.7082  31.233816     0.7092  31.278279    4.56401    4.46658    34.7024    34.7565     1.2749     1.4404    -0.0120    95.3091 9.5594e+02     130824   5450.958      98.66          2  0.000e+00
   4590.552   4500.924     0.7082  31.233551     0.7095  31.278153    4.56144    4.45751    34.7020    34.7560     1.2749     1.4391    -0.0120    95.3091 9.5594e+02     130825   5451.000      98.66          2  0.000e+00
   4590.552   4500.924     0.7080  31.233518     0.7089  31.278216    4.55908    4.45647    34.7021    34.7568     1.2749     1.4391    -0.0193    95.3091 9.5594e+02     130826   5451.042      98.63          2  0.000e+00
   4590.552   4500.924     0.7078  31.233750     0.7091  31.277901    4.55691    4.45116    34.7026    34.7562     1.2749     1.4391    -0.0120    95.3354 9.5594e+02     130827   5451.083      98.66          2  0.000e+00
   4590.494   4500.868     0.7079  31.233353     0.7088  31.278027    4.56789    4.45790    34.7021    34.7567     1.2762     1.4404    -0.0120    95.3091 9.5594e+02     130828   5451.125      98.66          2  0.000e+00
   4590.552   4500.924     0.7078  31.233287     0.7092  31.278216    4.57072    4.46114    34.7021    34.7564     1.2762     1.4404    -0.0120    95.3354 9.5594e+02     130829   5451.167      98.63          2  0.000e+00
   4590.494   4500.868     0.7082  31.233485     0.7092  31.278090    4.58640    4.45217    34.7019    34.7563     1.2775     1.4391    -0.0120    95.3354 9.5594e+02     130830   5451.208      98.66          2  0.000e+00
   4590.494   4500.868     0.7079  31.233485     0.7095  31.277901    4.56780    4.46340    34.7023    34.7557     1.2749     1.4404    -0.0120    95.3354 9.5594e+02     130831   5451.250      98.66          2  0.000e+00
   4590.494   4500.868     0.7078  31.233518     0.7096  31.278153    4.57882    4.45470    34.7024    34.7560     1.2762     1.4391    -0.0120    95.3354 9.5594e+02     130832   5451.292      98.66          2  0.000e+00
   4590.436   4500.812     0.7079  31.233551     0.7100  31.278278    4.57659    4.46160    34.7024    34.7557     1.2762     1.4404    -0.0120    95.3091 9.5594e+02     130833   5451.333      98.66          2  0.000e+00
   4590.494   4500.868     0.7077  31.233485     0.7092  31.277964    4.59223    4.44851    34.7025    34.7562     1.2775     1.4391    -0.0120    95.3091 9.5594e+02     130834   5451.375      98.66          2  0.000e+00
   4590.436   4500.812     0.7079  31.233187     0.7091  31.277775    4.57335    4.44757    34.7019    34.7561     1.2749     1.4391    -0.0120    95.3354 9.5594e+02     130835   5451.417      98.63          2  0.000e+00
   4590.436   4500.812     0.7078  31.233419     0.7091  31.277964    4.56621    4.45896    34.7023    34.7563     1.2749     1.4404    -0.0120    95.3091 9.5594e+02     130836   5451.458      98.66          2  0.000e+00
   4590.436   4500.812     0.7078  31.233485     0.7094  31.278090    4.57204    4.46250    34.7023    34.7562     1.2762     1.4404     0.0027    95.3091 9.5594e+02     130837   5451.500      98.66          2  0.000e+00
   4590.378   4500.756     0.7079  31.233353     0.7092  31.277838    4.57439    4.46158    34.7021    34.7560     1.2762     1.4404     0.0027    95.3091 9.5594e+02     130838   5451.542      98.66          2  0.000e+00
   4590.378   4500.756     0.7078  31.233485     0.7092  31.277964    4.55882    4.46495    34.7024    34.7562     1.2749     1.4404     0.0027    95.3091 9.5594e+02     130839   5451.583      98.66          2  0.000e+00
   4590.378   4500.756     0.7079  31.233650     0.7092  31.277901    4.55643    4.46832    34.7025    34.7561     1.2749     1.4404     0.0027    95.3091 9.5594e+02     130840   5451.625      98.66          2  0.000e+00
   4075.136   4000.216     0.9450  31.267063     0.9438  31.309716    4.45262    4.40209    34.7064    34.7606     1.3158     1.4852    -0.0046    95.3618 4.7010e+02     144351   6014.583      98.66          3  0.000e+00
   4075.129   4000.209     0.9449  31.266865     0.9446  31.310030    4.44114    4.40268    34.7063    34.7602     1.3145     1.4852    -0.0046    95.3882 4.7010e+02     144352   6014.625      98.66          3  0.000e+00
   4075.136   4000.216     0.9448  31.267328     0.9449  31.310471    4.45279    4.39256    34.7070    34.7604     1.3158     1.4840    -0.0046    95.3882 4.7010e+02     144353   6014.667      98.66          3  0.000e+00
   4075.194   4000.272     0.9451  31.267527     0.9451  31.310786    4.45688    4.40049    34.7069    34.7606     1.3158     1.4852    -0.0046    95.3882 4.7010e+02     144354   6014.708      98.66          3  0.000e+00
   4075.187   4000.265     0.9449  31.267163     0.9452  31.310660    4.47249    4.40125    34.7066    34.7602     1.3171     1.4852    -0.0046    95.3618 4.7010e+02     144355   6014.750      98.66          3  0.000e+00
   4075.194   4000.272     0.9450  31.267229     0.9452  31.310786    4.46475    4.39127    34.7066    34.7604     1.3158     1.4840    -0.0120    95.3354 4.7010e+02     144356   6014.792      98.66          3  0.000e+00
   4075.194   4000.272     0.9451  31.267659     0.9457  31.310660    4.45699    4.39932    34.7070    34.7598     1.3145     1.4852    -0.0120    95.3354 4.7010e+02     144357   6014.833      98.66          3  0.000e+00
   4075.194   4000.272     0.9453  31.267593     0.9460  31.310597    4.45697    4.39651    34.7067    34.7593     1.3145     1.4852    -0.0046    95.3618 4.7010e+02     144358   6014.875      98.66          3  0.000e+00
   4075.244   4000.321     0.9450  31.267328     0.9459  31.311132    4.46870    4.39732    34.7067    34.7601     1.3158     1.4852    -0.0046    95.3618 4.7010e+02     144359   6014.917      98.63          3  0.000e+00
   4075.251   4000.328     0.9451  31.267295     0.9457  31.311132    4.46870    4.40170    34.7066    34.7603     1.3158     1.4852    -0.0046    95.3618 4.7010e+02     144360   6014.958      98.63          3  0.000e+00
   4075.252   4000.328     0.9452  31.267659     0.9463  31.311069    4.46851    4.40255    34.7068    34.7596     1.3158     1.4852    -0.0046    95.3354 4.7010e+02     144361   6015.000      98.66          3  0.000e+00
   4075.244   4000.321     0.9451  31.267791     0.9460  31.311258    4.47228    4.39273    34.7072    34.7601     1.3158     1.4840    -0.0046    95.3882 4.7010e+02     144362   6015.042      98.66          3  0.000e+00
   4075.309   4000.384     0.9451  31.267229     0.9459  31.310944    4.47610    4.40101    34.7065    34.7599     1.3158     1.4852    -0.0046    95.3882 4.7010e+02     144363   6015.083      98.63          3  0.000e+00
   4075.252   4000.328     0.9450  31.267593     0.9457  31.311006    4.47573    4.40200    34.7071    34.7602     1.3158     1.4852    -0.0120    95.3618 4.7010e+02     144364   6015.125      98.66          3  0.000e+00
   4075.309   4000.384     0.9449  31.267229     0.9457  31.311069    4.47939    4.40308    34.7066    34.7602     1.3158     1.4852    -0.0046    95.3882 4.7010e+02     144365   6015.167      98.66          3  0.000e+00
   4075.302   4000.377     0.9451  31.267395     0.9460  31.311069    4.47146    4.40407    34.7067    34.7599     1.3145     1.4852    -0.0046    95.3882 4.7010e+02     144366   6015.208      98.63          3  0.000e+00
   4075.367   4000.440     0.9450  31.267725     0.9462  31.311070    4.47134    4.40513    34.7072    34.7597     1.3145     1.4852    -0.0046    95.3618 4.7010e+02     144367   6015.250      98.66          3  0.000e+00
   4075.309   4000.384     0.9452  31.267593     0.9458  31.311069    4.47869    4.40610    34.7067    34.7601     1.3158     1.4852    -0.0046    95.3618 4.7010e+02     144368   6015.292      98.63          3  0.000e+00
   4075.302   4000.377     0.9451  31.267163     0.9461  31.311069    4.47098    4.40715    34.7064    34.7597     1.3145     1.4852    -0.0120    95.3354 4.7010e+02     144369   6015.333      98.66          3  0.000e+00
   4075.367   4000.440     0.9451  31.267593     0.9458  31.311258    4.47101    4.40820    34.7069    34.7603     1.3145     1.4852    -0.0120    95.3618 4.7010e+02     144370   6015.375      98.66          3  0.000e+00
   4075.309   4000.384     0.9452  31.267593     0.9459  31.311132    4.48261    4.40552    34.7067    34.7601     1.3158     1.4852    -0.0046    95.3618 4.7010e+02     144371   6015.417      98.63          3  0.000e+00
   4075.367   4000.440     0.9450  31.267329     0.9463  31.311070    4.48269    4.40647    34.7067    34.7595     1.3158     1.4852    -0.0046    95.3618 4.7010e+02     144372   6015.458      98.63          3  0.000e+00
   4075.417   4000.489     0.9450  31.267097     0.9463  31.311070    4.47107    4.40738    34.7064    34.7595     1.3145     1.4852    -0.0120    95.3354 4.7010e+02     144373   6015.500      98.66          3  0.000e+00
   4075.367   4000.440     0.9447  31.267064     0.9460  31.311258    4.46697    4.40460    34.7066    34.7601     1.3145     1.4852     0.0027    95.3618 4.7010e+02     144374   6015.542      98.66          3  0.000e+00
   4075.310   4000.384     0.9445  31.266866     0.9456  31.311132    4.47847    4.40168    34.7067    34.7604     1.3158     1.4852     0.0027    95.3618 4.7010e+02     144375   6015.583      98.66          3  0.000e+00
   4075.417   4000.489     0.9443  31.267163     0.9460  31.311070    4.47097    4.40233    34.7072    34.7598     1.3145     1.4852     0.0027    95.3618 4.7010e+02     144376   6015.625      98.66          3  0.000e+00
   4075.425   4000.496     0.9446  31.267097     0.9465  31.311259    4.47111    4.40289    34.7067    34.7596     1.3145     1.4852     0.0027    95.3882 4.7010e+02     144377   6015.667      98.63          3  0.000e+00
   4075.367   4000.440     0.9445  31.266866     0.9461  31.311132    4.47143    4.40347    34.7066    34.7598     1.3145     1.4852     0.0027    95.3618 4.7010e+02     144378   6015.708      98.66          3  0.000e+00
   4075.367   4000.440     0.9445  31.266998     0.9462  31.311070    4.48341    4.40405    34.7068    34.7597     1.3158     1.4852     0.0027    95.3354 4.7010e+02     144379   6015.750      98.66          3  0.000e+00
   4075.418   4000.489     0.9445  31.267230     0.9463  31.311070    4.48785    4.40465    34.7071    34.7595     1.3158     1.4852     0.0027    95.3618 4.7010e+02     144380   6015.792      98.63          3  0.000e+00
   4075.367   4000.440     0.9443  31.266899     0.9463  31.310881    4.48817    4.40524    34.7068    34.7593     1.3158     1.4852     0.0027    95.3882 4.7010e+02     144381   6015.833      98.66          3  0.000e+00
   4075.425   4000.496     0.9445  31.266601     0.9461  31.311007    4.47687    4.40585    34.7063    34.7596     1.3145     1.4852     0.0027    95.3618 4.7010e+02     144382   6015.875      98.63          3  0.000e+00
   4075.360   4000.433     0.9443  31.267097     0.9462  31.311070    4.48456    4.40640    34.7071    34.7597     1.3158     1.4852     0.0027    95.3618 4.7010e+02     144383   6015.917      98.63          3  0.000e+00
   4075.425   4000.496     0.9446  31.267097     0.9466  31.311070    4.48457    4.40699    34.7068    34.7592     1.3158     1.4852     0.0027    95.3618 4.7010e+02     144384   6015.958      98.66          3  0.000e+00
   4075.425   4000.496     0.9439  31.266304     0.9458  31.311259    4.48452    4.40768    34.7065    34.7603     1.3158     1.4852     0.0027    95.3354 4.7010e+02     144385   6016.000      98.66          3  0.000e+00
   4075.368   4000.441     0.9433  31.265675     0.9463  31.311132    4.48833    4.40832    34.7064    34.7596     1.3158     1.4852     0.0027    95.3618 4.7010e+02     144386   6016.042      98.63          3  0.000e+00
   4075.360   4000.434     0.9424  31.264650     0.9462  31.311258    4.48812    4.40903    34.7060    34.7599     1.3158     1.4852     0.0027    95.3882 4.7010e+02     144387   6016.083      98.63          3  0.000e+00
   4075.368   4000.441     0.9418  31.264154     0.9463  31.311132    4.48772    4.40970    34.7061    34.7596     1.3158     1.4852     0.0027    95.3618 4.7010e+02     144388   6016.125      98.66          3  0.000e+00
   4075.425   4000.497     0.9414  31.263923     0.9461  31.311070    4.47566    4.41037    34.7062    34.7597     1.3145     1.4852     0.0027    95.3354 4.7010e+02     144389   6016.167      98.66          3  0.000e+00
   4075.361   4000.434     0.9412  31.263658     0.9458  31.311070    4.47107    4.41095    34.7061    34.7600     1.3145     1.4852     0.0027    95.3354 4.7010e+02     144390   6016.208      98.66          3  0.000e+00
   4075.368   4000.441     0.9406  31.263625     0.9459  31.310881    4.46656    4.41161    34.7067    34.7598     1.3145     1.4852     0.0027    95.3618 4.7010e+02     144391   6016.250      98.66          3  0.000e+00
   4075.368   4000.441     0.9408  31.263427     0.9457  31.310629    4.47347    4.40147    34.7063    34.7597     1.3158     1.4840     0.0027    95.3618 4.7010e+02     144392   6016.292      98.66          3  0.000e+00
   4075.310   4000.385     0.9406  31.263923     0.9447  31.310031    4.45703    4.40937    34.7071    34.7599     1.3145     1.4852     0.0027    95.3354 4.7010e+02     144393   6016.333      98.63          3  0.000e+00
   4075.418   4000.490     0.9408  31.264816     0.9441  31.309087    4.45213    4.41011    34.7080    34.7594     1.3145     1.4852    -0.0046    95.3354 4.7010e+02     144394   6016.375      98.66          3  0.000e+00
   4075.311   4000.385     0.9417  31.265444     0.9432  31.308489    4.45113    4.41771    34.7079    34.7597     1.3145     1.4865     0.0027    95.3618 4.7010e+02     144395   6016.417      98.66          3  0.000e+00
   4075.311   4000.385     0.9423  31.265940     0.9429  31.308395    4.45039    4.41087    34.7078    34.7599     1.3145     1.4852    -0.0046    95.3618 4.7010e+02     144396   6016.458      98.66          3  0.000e+00
