Ship_data/Southern/Southern_Ocean-02_NBP-15-11_2015-12-07/CTD NBP1511/process/nbp1511_006.ros
* Sea-Bird SBE 9 Data File:
* FileName = D:\Data\raw\NBP1511_006.hdr
* Software Version Seasave V 7.21e
* Temperature SN = 5730
* Conductivity SN = 1143
* Number of Bytes Per Scan = 40
* Number of Voltage Words = 5
* Number of Scans Averaged by the Deck Unit = 1
* NMEA Latitude = 52 56.24 S
* NMEA Longitude = 088 57.39 W
* NMEA UTC (Time) = Dec 12 2015  16:25:05
* NMEA baud rate = 9600
** Ship: RVIB N.B. Palmer
** Cruise: NBP1511
** Station: 3-Rogue Glider from Southern Ocean 1
** Operator: B. Bjork
# nquan = 20
# nvalues = 784                                   
# units = specified
# name 0 = prDM: Pressure, Digiquartz [db]
# name 1 = depSM: Depth [salt water, m]
# name 2 = t090C: Temperature [ITS-90, deg C]
# name 3 = c0mS/cm: Conductivity [mS/cm]
# name 4 = t190C: Temperature, 2 [ITS-90, deg C]
# name 5 = c1mS/cm: Conductivity, 2 [mS/cm]
# name 6 = sbeox0ML/L: Oxygen, SBE 43 [ml/l]
# name 7 = sbeox1ML/L: Oxygen, SBE 43, 2 [ml/l]
# name 8 = sal00: Salinity, Practical [PSU]
# name 9 = sal11: Salinity, Practical, 2 [PSU]
# name 10 = sbeox0V: Oxygen raw, SBE 43 [V]
# name 11 = sbeox1V: Oxygen raw, SBE 43, 2 [V]
# name 12 = flECO-AFL: Fluorescence, WET Labs ECO-AFL/FL [mg/m^3]
# name 13 = CStarTr0: Beam Transmission, WET Labs C-Star [%]
# name 14 = spar: SPAR/Surface Irradiance
# name 15 = scan: Scan Count
# name 16 = timeS: Time, Elapsed [seconds]
# name 17 = altM: Altimeter [m]
# name 18 = nbf: Bottles Fired
# name 19 = flag:  0.000e+00
# interval = seconds: 0.0416667
# start_time = Dec 12 2015 16:25:05 [NMEA time, header]
# bad_flag = -9.990e-29
*END*
[from data line 362]
    405.011    401.040     5.0527  32.969019     5.0534  33.002070    6.56508    6.78783    34.1715    34.2088     2.5567     2.8796    -0.0339    95.5991 1.5146e+03      54933   2288.833      98.66          8  0.000e+00
    405.058    401.086     5.0526  32.969087     5.0537  33.001909    6.57442    6.78748    34.1717    34.2084     2.5592     2.8796    -0.0339    95.5991 1.5146e+03      54934   2288.875      98.66          8  0.000e+00
    404.991    401.020     5.0527  32.969087     5.0534  33.001715    6.57062    6.78775    34.1716    34.2084     2.5579     2.8796    -0.0339    95.6255 1.5146e+03      54935   2288.917      98.66          8  0.000e+00
    405.058    401.086     5.0526  32.968782     5.0536  33.001683    6.57104    6.78819    34.1714    34.2082     2.5579     2.8796    -0.0339    95.5991 1.5146e+03      54936   2288.958      98.66          8  0.000e+00
    405.011    401.040     5.0527  32.968816     5.0531  33.001876    6.57129    6.78769    34.1713    34.2089     2.5579     2.8796    -0.0339    95.5991 1.5146e+03      54937   2289.000      98.66          8  0.000e+00
    405.038    401.066     5.0526  32.969019     5.0534  33.001941    6.57165    6.78725    34.1716    34.2086     2.5579     2.8796    -0.0339    95.6255 1.5146e+03      54938   2289.042      98.66          8  0.000e+00
    405.011    401.040     5.0525  32.969087     5.0538  33.001844    6.57195    6.78672    34.1718    34.2082     2.5579     2.8796    -0.0339    95.5727 1.5146e+03      54939   2289.083      98.66          8  0.000e+00
    405.058    401.086     5.0526  32.969087     5.0530  33.001715    6.57230    6.78622    34.1717    34.2089     2.5579     2.8796    -0.0339    95.5727 1.5146e+03      54940   2289.125      98.66          8  0.000e+00
    405.038    401.066     5.0526  32.969087     5.0538  33.001683    6.56772    6.78563    34.1717    34.2080     2.5567     2.8796    -0.0339    95.5727 1.5126e+03      54941   2289.167      98.66          8  0.000e+00
    405.011    401.040     5.0527  32.969188     5.0533  33.001876    6.56628    6.78577    34.1717    34.2087     2.5567     2.8796    -0.0339    95.6255 1.5146e+03      54942   2289.208      98.66          8  0.000e+00
    405.058    401.086     5.0527  32.968748     5.0536  33.001651    6.57074    6.78602    34.1712    34.2081     2.5579     2.8796    -0.0339    95.5991 1.5146e+03      54943   2289.250      98.66          8  0.000e+00
    405.038    401.066     5.0527  32.968951     5.0530  33.001457    6.57595    6.78619    34.1714    34.2086     2.5592     2.8796    -0.0339    95.5991 1.5146e+03      54944   2289.292      98.66          8  0.000e+00
    405.058    401.086     5.0527  32.969087     5.0534  33.001619    6.57136    6.78639    34.1715    34.2083     2.5579     2.8796    -0.0339    95.6255 1.5146e+03      54945   2289.333      98.66          8  0.000e+00
    405.011    401.040     5.0527  32.969087     5.0536  33.001876    6.57160    6.78653    34.1716    34.2084     2.5579     2.8796    -0.0339    95.5991 1.5146e+03      54946   2289.375      98.66          8  0.000e+00
    405.091    401.119     5.0527  32.968782     5.0530  33.001554    6.57197    6.78602    34.1712    34.2087     2.5579     2.8796    -0.0339    95.5727 1.5146e+03      54947   2289.417      98.66          8  0.000e+00
    405.058    401.086     5.0524  32.968985     5.0530  33.001909    6.57225    6.78539    34.1717    34.2091     2.5579     2.8796    -0.0339    95.5727 1.5146e+03      54948   2289.458      98.66          8  0.000e+00
    405.058    401.086     5.0527  32.968884     5.0533  33.001780    6.57739    6.78469    34.1713    34.2086     2.5592     2.8796    -0.0339    95.5991 1.5126e+03      54949   2289.500      98.66          8  0.000e+00
    405.091    401.120     5.0524  32.968850     5.0534  33.001876    6.57856    6.78486    34.1716    34.2085     2.5592     2.8796    -0.0339    95.5991 1.5146e+03      54950   2289.542      98.66          8  0.000e+00
    405.105    401.133     5.0524  32.968850     5.0528  33.001748    6.57475    6.78496    34.1716    34.2090     2.5579     2.8796    -0.0339    95.5991 1.5146e+03      54951   2289.583      98.66          8  0.000e+00
    405.058    401.086     5.0524  32.968647     5.0533  33.001876    6.57005    6.78503    34.1714    34.2087     2.5567     2.8796    -0.0339    95.5727 1.5146e+03      54952   2289.625      98.66          8  0.000e+00
    405.138    401.166     5.0524  32.968681     5.0534  33.001844    6.57351    6.78519    34.1714    34.2085     2.5579     2.8796    -0.0339    95.5991 1.5146e+03      54953   2289.667      98.66          8  0.000e+00
    405.105    401.133     5.0524  32.968613     5.0533  33.001909    6.57370    6.78068    34.1713    34.2087     2.5579     2.8784    -0.0339    95.6255 1.5146e+03      54954   2289.708      98.66          8  0.000e+00
    405.158    401.186     5.0523  32.968579     5.0536  33.001941    6.56820    6.78470    34.1714    34.2084     2.5567     2.8796    -0.0339    95.5991 1.5146e+03      54955   2289.750      98.66          8  0.000e+00
    405.138    401.166     5.0524  32.968579     5.0531  33.001554    6.57241    6.78479    34.1712    34.2085     2.5579     2.8796    -0.0339    95.5991 1.5146e+03      54956   2289.792      98.66          8  0.000e+00
    405.105    401.133     5.0521  32.968376     5.0533  33.001619    6.57753    6.78414    34.1713    34.2084     2.5592     2.8796    -0.0339    95.5991 1.5146e+03      54957   2289.833      98.66          8  0.000e+00
    405.159    401.186     5.0521  32.968308     5.0538  33.001780    6.57373    6.78429    34.1712    34.2081     2.5579     2.8796    -0.0339    95.5991 1.5146e+03      54958   2289.875      98.66          8  0.000e+00
    405.185    401.212     5.0523  32.968613     5.0533  33.001909    6.57300    6.78437    34.1714    34.2087     2.5579     2.8796    -0.0339    95.5991 1.5146e+03      54959   2289.917      98.66          8  0.000e+00
    405.205    401.232     5.0520  32.968613     5.0534  33.001748    6.57809    6.78453    34.1717    34.2083     2.5592     2.8796    -0.0339    95.5991 1.5146e+03      54960   2289.958      98.66          8  0.000e+00
    405.159    401.186     5.0524  32.968782     5.0534  33.002070    6.57405    6.78451    34.1715    34.2087     2.5579     2.8796    -0.0339    95.5727 1.5146e+03      54961   2290.000      98.66          8  0.000e+00
    405.239    401.266     5.0524  32.968444     5.0533  33.002296    6.57425    6.78469    34.1710    34.2091     2.5579     2.8796    -0.0339    95.5991 1.5146e+03      54962   2290.042      98.66          8  0.000e+00
    201.814    199.933     5.3507  33.158141     5.3508  33.190813    6.74847    6.99257    34.1883    34.2255     2.6836     3.0248     0.0247    95.4936 1.5519e+03      61355   2556.417      98.66          9  0.000e+00
    201.801    199.920     5.3509  33.158208     5.3508  33.190813    6.74850    6.99281    34.1882    34.2256     2.6836     3.0248     0.0247    95.4936 1.5519e+03      61356   2556.458      98.66          9  0.000e+00
    201.767    199.887     5.3509  33.158208     5.3513  33.190619    6.74772    6.99307    34.1882    34.2249     2.6836     3.0248     0.0247    95.4936 1.5519e+03      61357   2556.500      98.66          9  0.000e+00
    201.714    199.834     5.3510  33.158412     5.3510  33.190942    6.74768    6.99328    34.1883    34.2256     2.6836     3.0248     0.0247    95.4673 1.5519e+03      61358   2556.542      98.66          9  0.000e+00
    201.747    199.867     5.3511  33.158684     5.3515  33.191168    6.74772    6.99358    34.1886    34.2253     2.6836     3.0248     0.0247    95.4673 1.5519e+03      61359   2556.583      98.66          9  0.000e+00
    201.667    199.788     5.3512  33.158344     5.3515  33.191297    6.74768    6.99379    34.1881    34.2255     2.6836     3.0248     0.0247    95.4673 1.5519e+03      61360   2556.625      98.66          9  0.000e+00
    201.614    199.735     5.3512  33.158310     5.3516  33.191523    6.74767    6.99404    34.1881    34.2256     2.6836     3.0248     0.0173    95.4673 1.5519e+03      61361   2556.667      98.66          9  0.000e+00
    201.614    199.735     5.3511  33.158445     5.3524  33.191781    6.74771    6.99361    34.1884    34.2251     2.6836     3.0248     0.0173    95.4936 1.5539e+03      61362   2556.708      98.66          9  0.000e+00
    201.647    199.768     5.3515  33.158479     5.3516  33.191846    6.74853    6.99384    34.1879    34.2260     2.6836     3.0248     0.0173    95.4936 1.5519e+03      61363   2556.750      98.66          9  0.000e+00
    201.567    199.689     5.3514  33.158479     5.3528  33.192233    6.74854    6.99405    34.1881    34.2253     2.6836     3.0248     0.0173    95.4673 1.5519e+03      61364   2556.792      98.66          9  0.000e+00
    201.521    199.643     5.3512  33.158683     5.3531  33.192265    6.75324    6.99427    34.1885    34.2250     2.6848     3.0248     0.0173    95.4936 1.5519e+03      61365   2556.833      98.66          9  0.000e+00
    201.501    199.623     5.3514  33.158547     5.3529  33.192330    6.74935    6.99450    34.1882    34.2253     2.6836     3.0248     0.0173    95.4673 1.5519e+03      61366   2556.875      98.66          9  0.000e+00
    201.521    199.643     5.3512  33.158275     5.3529  33.192362    6.74476    6.99409    34.1881    34.2254     2.6824     3.0248     0.0173    95.4673 1.5539e+03      61367   2556.917      98.66          9  0.000e+00
    201.467    199.590     5.3514  33.158615     5.3528  33.192362    6.74864    6.99351    34.1883    34.2255     2.6836     3.0248     0.0173    95.4936 1.5539e+03      61368   2556.958      98.66          9  0.000e+00
    201.467    199.590     5.3517  33.158547     5.3526  33.192168    6.74948    6.99295    34.1879    34.2255     2.6836     3.0248     0.0173    95.4936 1.5539e+03      61369   2557.000      98.66          9  0.000e+00
    201.401    199.524     5.3518  33.158852     5.3529  33.192297    6.74948    6.99303    34.1882    34.2253     2.6836     3.0248     0.0173    95.4673 1.5539e+03      61370   2557.042      98.66          9  0.000e+00
    201.421    199.544     5.3521  33.159192     5.3526  33.192071    6.75036    6.99316    34.1882    34.2254     2.6836     3.0248     0.0173    95.4673 1.5539e+03      61371   2557.083      98.66          9  0.000e+00
    201.374    199.498     5.3523  33.158954     5.3532  33.192265    6.75124    6.99327    34.1878    34.2250     2.6836     3.0248     0.0173    95.4936 1.5539e+03      61372   2557.125      98.66          9  0.000e+00
    201.354    199.478     5.3523  33.159157     5.3529  33.191974    6.75138    6.99342    34.1880    34.2250     2.6836     3.0248     0.0173    95.5200 1.5539e+03      61373   2557.167      98.66          9  0.000e+00
    201.374    199.498     5.3525  33.159259     5.3528  33.192039    6.75153    6.99358    34.1880    34.2252     2.6836     3.0248     0.0173    95.5200 1.5539e+03      61374   2557.208      98.66          9  0.000e+00
    201.321    199.445     5.3525  33.159259     5.3526  33.192103    6.75165    6.99371    34.1880    34.2255     2.6836     3.0248     0.0173    95.4936 1.5539e+03      61375   2557.250      98.66          9  0.000e+00
    201.274    199.399     5.3526  33.159055     5.3528  33.192297    6.75177    6.99383    34.1877    34.2256     2.6836     3.0248     0.0173    95.5200 1.5539e+03      61376   2557.292      98.66          9  0.000e+00
    201.308    199.432     5.3521  33.159191     5.3532  33.192265    6.75201    6.99409    34.1883    34.2250     2.6836     3.0248     0.0173    95.4936 1.5539e+03      61377   2557.333      98.66          9  0.000e+00
    201.221    199.346     5.3521  33.159259     5.3528  33.192911    6.75209    6.99418    34.1884    34.2263     2.6836     3.0248     0.0173    95.4936 1.5539e+03      61378   2557.375      98.66          9  0.000e+00
    201.274    199.399     5.3521  33.158852     5.3533  33.192749    6.75232    6.99005    34.1879    34.2256     2.6836     3.0236     0.0173    95.4673 1.5539e+03      61379   2557.417      98.66          9  0.000e+00
    201.154    199.280     5.3523  33.159123     5.3533  33.192620    6.75234    6.99306    34.1881    34.2255     2.6836     3.0248     0.0173    95.4936 1.5539e+03      61380   2557.458      98.66          9  0.000e+00
    201.221    199.346     5.3523  33.159259     5.3533  33.192814    6.75255    6.98891    34.1882    34.2257     2.6836     3.0236     0.0173    95.4936 1.5539e+03      61381   2557.500      98.66          9  0.000e+00
    201.174    199.300     5.3520  33.159055     5.3535  33.192878    6.75273    6.99647    34.1884    34.2255     2.6836     3.0260     0.0173    95.4936 1.5539e+03      61382   2557.542      98.66          9  0.000e+00
    201.128    199.254     5.3525  33.158885     5.3537  33.192975    6.74731    6.99282    34.1877    34.2254     2.6824     3.0248     0.0173    95.4673 1.5539e+03      61383   2557.583      98.66          9  0.000e+00
    201.154    199.280     5.3521  33.159157     5.3534  33.192910    6.75142    6.99303    34.1883    34.2257     2.6836     3.0248     0.0320    95.4936 1.5539e+03      61384   2557.625      98.66          9  0.000e+00
    201.074    199.201     5.3521  33.159055     5.3533  33.192684    6.75151    6.99310    34.1883    34.2256     2.6836     3.0248     0.0393    95.4673 1.5539e+03      61385   2557.667      98.66          9  0.000e+00
    201.128    199.254     5.3521  33.158580     5.3537  33.192813    6.75175    6.99332    34.1877    34.2252     2.6836     3.0248     0.0466    95.4936 1.5539e+03      61386   2557.708      98.66          9  0.000e+00
    201.061    199.188     5.3520  33.158681     5.3534  33.192684    6.75186    6.99342    34.1880    34.2254     2.6836     3.0248     0.0466    95.4936 1.5539e+03      61387   2557.750      98.66          9  0.000e+00
    201.074    199.201     5.3517  33.158749     5.3537  33.192910    6.75674    6.99361    34.1884    34.2254     2.6848     3.0248     0.0466    95.4936 1.5539e+03      61388   2557.792      98.66          9  0.000e+00
    201.028    199.155     5.3518  33.158342     5.3536  33.192716    6.75294    6.99372    34.1878    34.2253     2.6836     3.0248     0.0466    95.5200 1.5539e+03      61389   2557.833      98.66          9  0.000e+00
    201.061    199.188     5.3518  33.158613     5.3537  33.192813    6.75309    6.99388    34.1881    34.2253     2.6836     3.0248     0.0466    95.5200 1.5539e+03      61390   2557.875      98.66          9  0.000e+00
    201.028    199.155     5.3517  33.158342     5.3536  33.192684    6.75322    6.99403    34.1879    34.2253     2.6836     3.0248     0.0466    95.4936 1.5539e+03      61391   2557.917      98.66          9  0.000e+00
    200.974    199.102     5.3518  33.158206     5.3539  33.192813    6.75329    6.99338    34.1876    34.2252     2.6836     3.0248     0.0466    95.4936 1.5539e+03      61392   2557.958      98.66          9  0.000e+00
    200.974    199.102     5.3517  33.158613     5.3535  33.193265    6.75260    6.99278    34.1883    34.2260     2.6836     3.0248     0.0466    95.4936 1.5539e+03      61393   2558.000      98.66          9  0.000e+00
    200.961    199.089     5.3517  33.158851     5.3539  33.192910    6.75186    6.99211    34.1885    34.2253     2.6836     3.0248     0.0466    95.4673 1.5539e+03      61394   2558.042      98.66          9  0.000e+00
    200.975    199.102     5.3516  33.158579     5.3536  33.192845    6.75582    6.99220    34.1883    34.2255     2.6848     3.0248     0.0466    95.4936 1.5539e+03      61395   2558.083      98.66          9  0.000e+00
    200.928    199.056     5.3517  33.158477     5.3537  33.192877    6.75107    6.99222    34.1881    34.2254     2.6836     3.0248     0.0466    95.4936 1.5559e+03      61396   2558.125      98.66          9  0.000e+00
