Ship_data/Southern/Southern_Ocean-02_NBP-15-11_2015-12-07/CTD NBP1511/process/nbp1511_014.ros
* Sea-Bird SBE 9 Data File:
* FileName = D:\Data\raw\NBP1511_014.hdr
* Software Version Seasave V 7.21e
* Temperature SN = 5730
* Conductivity SN = 1143
* Number of Bytes Per Scan = 40
* Number of Voltage Words = 5
* Number of Scans Averaged by the Deck Unit = 1
* NMEA Latitude = 54 20.09 S
* NMEA Longitude = 089 20.72 W
* NMEA UTC (Time) = Dec 24 2015  16:48:18
* NMEA baud rate = 9600
** Ship: RVIB N.B. Palmer
** Cruise: NBP1511
** Station: SUMO-1
** Operator: S. Blackman
# nquan = 20
# nvalues = 588                                   
# units = specified
# name 0 = prDM: Pressure, Digiquartz [db]
# name 1 = depSM: Depth [salt water, m]
# name 2 = t090C: Temperature [ITS-90, deg C]
# name 3 = c0mS/cm: Conductivity [mS/cm]
# name 4 = t190C: Temperature, 2 [ITS-90, deg C]
# name 5 = c1mS/cm: Conductivity, 2 [mS/cm]
# name 6 = sbeox0ML/L: Oxygen, SBE 43 [ml/l]
# name 7 = sbeox1ML/L: Oxygen, SBE 43, 2 [ml/l]
# name 8 = sal00: Salinity, Practical [PSU]
# name 9 = sal11: Salinity, Practical, 2 [PSU]
# name 10 = sbeox0V: Oxygen raw, SBE 43 [V]
# name 11 = sbeox1V: Oxygen raw, SBE 43, 2 [V]
# name 12 = flECO-AFL: Fluorescence, WET Labs ECO-AFL/FL [mg/m^3]
# name 13 = CStarTr0: Beam Transmission, WET Labs C-Star [%]
# name 14 = spar: SPAR/Surface Irradiance
# name 15 = scan: Scan Count
# name 16 = timeS: Time, Elapsed [seconds]
# name 17 = altM: Altimeter [m]
# name 18 = nbf: Bottles Fired
# name 19 = flag:  0.000e+00
# interval = seconds: 0.0416667
# start_time = Dec 24 2015 16:48:18 [NMEA time, header]
# bad_flag = -9.990e-29
*END*
[from data line 507]
     11.977     11.869     6.4923  34.082570     6.4932  34.142997    6.96849    7.23447    34.1747    34.2410     2.8692     3.2375     0.3543    90.7745 2.3171e+03     125553   5231.333      98.66         11  0.000e+00
     11.977     11.869     6.4913  34.081471     6.4929  34.142343    6.96635    7.23484    34.1744    34.2406     2.8680     3.2375     0.3617    90.7745 2.3171e+03     125554   5231.375      98.66         11  0.000e+00
     11.877     11.771     6.4906  34.081642     6.4921  34.141753    6.97212    7.23092    34.1754    34.2408     2.8692     3.2363     0.3543    90.7481 2.3151e+03     125555   5231.417      98.66         11  0.000e+00
     11.931     11.823     6.4899  34.081402     6.4906  34.141426    6.96858    7.23414    34.1758    34.2419     2.8680     3.2375     0.3543    90.6954 2.3151e+03     125556   5231.458      98.66         11  0.000e+00
     11.831     11.725     6.4893  34.080611     6.4910  34.141361    6.96857    7.23372    34.1755    34.2415     2.8680     3.2375     0.3543    90.7218 2.3151e+03     125557   5231.500      98.66         11  0.000e+00
     11.877     11.771     6.4891  34.080233     6.4910  34.141165    6.97296    7.23395    34.1753    34.2413     2.8692     3.2375     0.3543    90.6690 2.3151e+03     125558   5231.542      98.66         11  0.000e+00
     11.784     11.679     6.4888  34.080336     6.4901  34.140706    6.97347    7.23406    34.1758    34.2416     2.8692     3.2375     0.3543    90.6690 2.3151e+03     125559   5231.583      98.66         11  0.000e+00
     11.784     11.679     6.4883  34.080439     6.4898  34.139757    6.96966    7.23426    34.1763    34.2409     2.8680     3.2375     0.3543    90.6427 2.3151e+03     125560   5231.625      98.66         11  0.000e+00
     11.731     11.626     6.4881  34.080405     6.4889  34.139299    6.97381    7.23439    34.1765    34.2414     2.8692     3.2375     0.3543    90.6954 2.3151e+03     125561   5231.667      98.66         11  0.000e+00
     11.731     11.626     6.4881  34.080061     6.4885  34.138841    6.97129    7.23456    34.1761    34.2412     2.8680     3.2375     0.3543    90.6954 2.3151e+03     125562   5231.708      98.66         11  0.000e+00
     11.731     11.626     6.4883  34.080267     6.4880  34.138318    6.97173    7.23467    34.1762    34.2411     2.8680     3.2375     0.3543    90.6690 2.3131e+03     125563   5231.750      98.66         11  0.000e+00
     11.585     11.481     6.4888  34.080645     6.4875  34.138186    6.97566    7.23397    34.1762    34.2415     2.8692     3.2375     0.3543    90.6954 2.3131e+03     125564   5231.792      98.66         11  0.000e+00
     11.685     11.580     6.4889  34.080679     6.4871  34.137369    6.97176    7.23354    34.1760    34.2411     2.8680     3.2375     0.3543    90.6690 2.3131e+03     125565   5231.833      98.66         11  0.000e+00
     11.585     11.481     6.4885  34.080507     6.4863  34.137107    6.97579    7.23708    34.1764    34.2416     2.8692     3.2387     0.3470    90.6954 2.3131e+03     125566   5231.875      98.66         11  0.000e+00
     11.585     11.481     6.4881  34.079820     6.4863  34.136910    6.96745    7.23373    34.1759    34.2414     2.8668     3.2375     0.3397    90.6690 2.3131e+03     125567   5231.917      98.66         11  0.000e+00
     11.539     11.435     6.4878  34.079648     6.4866  34.137434    6.97514    7.23378    34.1761    34.2417     2.8692     3.2375     0.3397    90.6954 2.3131e+03     125568   5231.958      98.66         11  0.000e+00
     11.539     11.435     6.4873  34.079029     6.4861  34.137434    6.97112    7.23393    34.1759    34.2422     2.8680     3.2375     0.3470    90.6954 2.3131e+03     125569   5232.000      98.66         11  0.000e+00
     11.439     11.336     6.4872  34.079235     6.4866  34.137368    6.97495    7.23390    34.1763    34.2417     2.8692     3.2375     0.3397    90.7218 2.3131e+03     125570   5232.042      98.66         11  0.000e+00
     11.486     11.382     6.4870  34.079132     6.4866  34.137368    6.97082    7.23402    34.1763    34.2417     2.8680     3.2375     0.3397    90.7218 2.3131e+03     125571   5232.083      98.66         11  0.000e+00
     11.393     11.290     6.4869  34.078513     6.4866  34.137368    6.97461    7.23403    34.1758    34.2417     2.8692     3.2375     0.3470    90.6954 2.3131e+03     125572   5232.125      98.66         11  0.000e+00
     11.439     11.336     6.4867  34.078685     6.4866  34.137564    6.97109    7.23822    34.1762    34.2419     2.8680     3.2387     0.3397    90.7218 2.3112e+03     125573   5232.167      98.66         11  0.000e+00
     11.339     11.238     6.4867  34.078651     6.4866  34.137629    6.97618    7.23404    34.1762    34.2420     2.8692     3.2375     0.3397    90.6954 2.3112e+03     125574   5232.208      98.66         11  0.000e+00
     11.339     11.238     6.4867  34.078547     6.4863  34.137237    6.97697    7.23405    34.1760    34.2419     2.8692     3.2375     0.3470    90.6954 2.3112e+03     125575   5232.250      98.66         11  0.000e+00
     11.293     11.191     6.4866  34.078582     6.4863  34.137302    6.97193    7.23748    34.1763    34.2420     2.8680     3.2387     0.3470    90.6690 2.3131e+03     125576   5232.292      98.66         11  0.000e+00
     11.147     11.047     6.4865  34.078753     6.4869  34.137367    6.97478    7.23789    34.1766    34.2415     2.8692     3.2387     0.3397    90.6954 2.3131e+03     125577   5232.333      98.66         11  0.000e+00
     11.300     11.198     6.4865  34.078857     6.4866  34.137564    6.97919    7.23447    34.1766    34.2420     2.8705     3.2375     0.3397    90.7218 2.3131e+03     125578   5232.375      98.66         11  0.000e+00
     11.246     11.145     6.4866  34.078238     6.4864  34.137433    6.97602    7.23437    34.1759    34.2420     2.8692     3.2375     0.3397    90.6954 2.3131e+03     125579   5232.417      98.66         11  0.000e+00
     11.193     11.093     6.4867  34.078066     6.4863  34.137171    6.97646    7.23832    34.1756    34.2419     2.8692     3.2387     0.3397    90.6954 2.3112e+03     125580   5232.458      98.66         11  0.000e+00
     11.100     11.001     6.4864  34.078409     6.4864  34.137105    6.97252    7.23876    34.1764    34.2417     2.8680     3.2387     0.3397    90.7218 2.3112e+03     125581   5232.500      98.66         11  0.000e+00
     11.100     11.001     6.4867  34.078581     6.4866  34.137498    6.97522    7.23918    34.1762    34.2420     2.8692     3.2387     0.3397    90.6954 2.3112e+03     125582   5232.542      98.66         11  0.000e+00
     11.100     11.001     6.4862  34.078615     6.4869  34.137236    6.96990    7.23560    34.1767    34.2414     2.8680     3.2375     0.3397    90.6690 2.3112e+03     125583   5232.583      98.66         11  0.000e+00
     11.047     10.948     6.4864  34.079131     6.4867  34.137105    6.96947    7.23535    34.1772    34.2414     2.8680     3.2375     0.3397    90.7218 2.3112e+03     125584   5232.625      98.66         11  0.000e+00
      3.139      3.111     6.5109  34.095602     6.5120  34.156515    6.96412    7.24080    34.1750    34.2416     2.8714     3.2433     0.2371    90.6690 2.3171e+03     126712   5279.625      98.66         12  0.000e+00
      3.192      3.163     6.5109  34.095465     6.5123  34.156842    6.96786    7.24076    34.1748    34.2416     2.8726     3.2433     0.2371    90.6427 2.3171e+03     126713   5279.667      98.66         12  0.000e+00
      3.139      3.111     6.5109  34.095740     6.5128  34.157169    6.96408    7.23997    34.1751    34.2416     2.8714     3.2433     0.2371    90.6427 2.3171e+03     126714   5279.708      98.66         12  0.000e+00
      3.139      3.111     6.5106  34.095327     6.5129  34.157235    6.96341    7.24337    34.1750    34.2415     2.8714     3.2445     0.2371    90.6690 2.3171e+03     126715   5279.750      98.66         12  0.000e+00
      3.079      3.051     6.5109  34.095465     6.5131  34.157234    6.96326    7.23960    34.1749    34.2413     2.8714     3.2433     0.2371    90.6954 2.3171e+03     126716   5279.792      98.66         12  0.000e+00
      3.139      3.111     6.5110  34.095671     6.5133  34.157038    6.96758    7.24354    34.1749    34.2409     2.8726     3.2445     0.2371    90.7218 2.3171e+03     126717   5279.833      98.66         12  0.000e+00
      3.039      3.012     6.5109  34.095602     6.5130  34.156776    6.96810    7.24386    34.1750    34.2410     2.8726     3.2445     0.2371    90.7218 2.3171e+03     126718   5279.875      98.66         12  0.000e+00
      3.092      3.065     6.5112  34.095877     6.5131  34.156514    6.96430    7.24423    34.1750    34.2405     2.8714     3.2445     0.2371    90.6954 2.3171e+03     126719   5279.917      98.66         12  0.000e+00
      3.092      3.065     6.5110  34.095877     6.5130  34.156645    6.96856    7.24052    34.1752    34.2408     2.8726     3.2433     0.2371    90.6954 2.3171e+03     126720   5279.958      98.66         12  0.000e+00
      3.079      3.052     6.5109  34.095533     6.5131  34.156514    6.96842    7.24438    34.1749    34.2405     2.8726     3.2445     0.2371    90.6690 2.3171e+03     126721   5280.000      98.66         12  0.000e+00
      3.039      3.012     6.5110  34.095258     6.5128  34.156645    6.96380    7.24466    34.1745    34.2410     2.8714     3.2445     0.2371    90.6690 2.3171e+03     126722   5280.042      98.66         12  0.000e+00
      3.039      3.012     6.5112  34.095086     6.5127  34.156711    6.96356    7.24494    34.1742    34.2413     2.8714     3.2445     0.2371    90.6690 2.3171e+03     126723   5280.083      98.66         12  0.000e+00
      2.993      2.966     6.5112  34.095155     6.5126  34.156121    6.95894    7.24517    34.1743    34.2407     2.8702     3.2445     0.2444    90.6954 2.3171e+03     126724   5280.125      98.66         12  0.000e+00
      3.039      3.012     6.5114  34.095293     6.5127  34.156318    6.96243    7.24605    34.1742    34.2408     2.8714     3.2445     0.2444    90.7218 2.3171e+03     126725   5280.167      98.66         12  0.000e+00
      3.039      3.012     6.5115  34.095808     6.5125  34.156449    6.96219    7.24625    34.1746    34.2411     2.8714     3.2445     0.2444    90.7218 2.3171e+03     126726   5280.208      98.66         12  0.000e+00
      3.026      2.999     6.5115  34.095877     6.5125  34.156645    6.96633    7.24238    34.1747    34.2414     2.8726     3.2433     0.2518    90.7481 2.3171e+03     126727   5280.250      98.66         12  0.000e+00
      3.039      3.012     6.5120  34.096152     6.5123  34.156514    6.96672    7.24194    34.1745    34.2414     2.8726     3.2433     0.2444    90.7481 2.3171e+03     126728   5280.292      98.66         12  0.000e+00
      2.993      2.966     6.5120  34.096530     6.5127  34.156252    6.96273    7.24558    34.1750    34.2408     2.8714     3.2445     0.2444    90.7745 2.3171e+03     126729   5280.333      98.66         12  0.000e+00
      2.993      2.966     6.5121  34.096736     6.5123  34.156383    6.96244    7.24575    34.1751    34.2412     2.8714     3.2445     0.2444    90.7481 2.3171e+03     126730   5280.375      98.66         12  0.000e+00
      2.993      2.966     6.5121  34.096771     6.5117  34.155860    6.96219    7.24592    34.1751    34.2413     2.8714     3.2445     0.2444    90.7218 2.3171e+03     126731   5280.417      98.66         12  0.000e+00
      2.980      2.953     6.5126  34.097080     6.5122  34.155860    6.96185    7.24535    34.1750    34.2408     2.8714     3.2445     0.2444    90.7481 2.3171e+03     126732   5280.458      98.66         12  0.000e+00
      2.993      2.966     6.5126  34.097080     6.5120  34.156121    6.96161    7.24546    34.1749    34.2413     2.8714     3.2445     0.2444    90.7481 2.3171e+03     126733   5280.500      98.66         12  0.000e+00
      3.040      3.012     6.5123  34.096943     6.5116  34.155991    6.96215    7.24563    34.1751    34.2415     2.8714     3.2445     0.2444    90.7218 2.3171e+03     126734   5280.542      98.66         12  0.000e+00
      2.993      2.966     6.5123  34.096805     6.5117  34.155925    6.95753    7.24564    34.1749    34.2414     2.8702     3.2445     0.2444    90.7218 2.3171e+03     126735   5280.583      98.66         12  0.000e+00
      2.993      2.966     6.5118  34.096255     6.5115  34.155925    6.96110    7.24576    34.1748    34.2416     2.8714     3.2445     0.2444    90.7745 2.3171e+03     126736   5280.625      98.66         12  0.000e+00
      2.980      2.953     6.5118  34.096427     6.5114  34.155729    6.96158    7.24574    34.1750    34.2415     2.8714     3.2445     0.2444    90.7745 2.3171e+03     126737   5280.667      98.66         12  0.000e+00
      2.993      2.966     6.5117  34.096702     6.5119  34.155663    6.96509    7.24573    34.1755    34.2409     2.8726     3.2445     0.2444    90.7745 2.3171e+03     126738   5280.708      98.66         12  0.000e+00
      2.993      2.966     6.5117  34.096255     6.5114  34.155434    6.95684    7.24570    34.1750    34.2412     2.8702     3.2445     0.2444    90.7745 2.3171e+03     126739   5280.750      98.66         12  0.000e+00
      2.993      2.966     6.5117  34.096427     6.5120  34.155172    6.96032    7.24154    34.1752    34.2402     2.8714     3.2433     0.2444    90.8272 2.3171e+03     126740   5280.792      98.66         12  0.000e+00
      2.993      2.966     6.5117  34.096392     6.5112  34.155303    6.96013    7.24495    34.1751    34.2412     2.8714     3.2445     0.2444    90.8009 2.3171e+03     126741   5280.833      98.66         12  0.000e+00
      2.980      2.953     6.5115  34.096255     6.5117  34.155565    6.95994    7.24486    34.1751    34.2410     2.8714     3.2445     0.2444    90.8272 2.3171e+03     126742   5280.875      98.66         12  0.000e+00
      2.993      2.966     6.5113  34.096324     6.5115  34.155434    6.95978    7.24131    34.1754    34.2410     2.8714     3.2433     0.2518    90.8009 2.3171e+03     126743   5280.917      98.66         12  0.000e+00
      3.040      3.013     6.5110  34.095877     6.5110  34.155369    6.96039    7.24481    34.1752    34.2414     2.8714     3.2445     0.2444    90.7481 2.3171e+03     126744   5280.958      98.66         12  0.000e+00
      2.947      2.920     6.5109  34.095602     6.5105  34.155172    6.95581    7.24463    34.1751    34.2417     2.8702     3.2445     0.2444    90.7218 2.3171e+03     126745   5281.000      98.66         12  0.000e+00
      2.993      2.967     6.5102  34.095464     6.5102  34.154518    6.95512    7.24462    34.1755    34.2413     2.8702     3.2445     0.2444    90.6954 2.3171e+03     126746   5281.042      98.66         12  0.000e+00
      2.993      2.967     6.5096  34.095052     6.5099  34.154322    6.95879    7.24455    34.1757    34.2414     2.8714     3.2445     0.2518    90.7218 2.3171e+03     126747   5281.083      98.66         12  0.000e+00
      3.027      3.000     6.5094  34.094605     6.5096  34.154714    6.95875    7.24443    34.1754    34.2421     2.8714     3.2445     0.2518    90.6954 2.3171e+03     126748   5281.125      98.66         12  0.000e+00
      2.993      2.967     6.5093  34.094605     6.5096  34.154845    6.95863    7.24419    34.1755    34.2423     2.8714     3.2445     0.2518    90.6690 2.3171e+03     126749   5281.167      98.66         12  0.000e+00
      2.993      2.967     6.5096  34.094949     6.5098  34.154845    6.95846    7.23980    34.1756    34.2421     2.8714     3.2433     0.2518    90.6427 2.3171e+03     126750   5281.208      98.66         12  0.000e+00
      2.993      2.967     6.5098  34.095568     6.5094  34.154845    6.96265    7.24298    34.1761    34.2425     2.8726     3.2445     0.2518    90.6427 2.3171e+03     126751   5281.250      98.66         12  0.000e+00
