Ship_data/Southern/Southern_Ocean-02_NBP-15-11_2015-12-07/CTD NBP1511/process/nbp1511_016.ros
* Sea-Bird SBE 9 Data File:
* FileName = D:\Data\raw\NBP1511_016.hdr
* Software Version Seasave V 7.21e
* Temperature SN = 5730
* Conductivity SN = 1143
* Number of Bytes Per Scan = 40
* Number of Voltage Words = 5
* Number of Scans Averaged by the Deck Unit = 1
* NMEA Latitude = 54 19.99 S
* NMEA Longitude = 089 12.77 W
* NMEA UTC (Time) = Dec 28 2015  11:28:01
* NMEA baud rate = 9600
** Ship: RVIB N.B. Palmer
** Cruise: NBP1511
** Station: SUMO-2
** Operator: S. Blackman
# nquan = 20
# nvalues = 1176                                  
# units = specified
# name 0 = prDM: Pressure, Digiquartz [db]
# name 1 = depSM: Depth [salt water, m]
# name 2 = t090C: Temperature [ITS-90, deg C]
# name 3 = c0mS/cm: Conductivity [mS/cm]
# name 4 = t190C: Temperature, 2 [ITS-90, deg C]
# name 5 = c1mS/cm: Conductivity, 2 [mS/cm]
# name 6 = sbeox0ML/L: Oxygen, SBE 43 [ml/l]
# name 7 = sbeox1ML/L: Oxygen, SBE 43, 2 [ml/l]
# name 8 = sal00: Salinity, Practical [PSU]
# name 9 = sal11: Salinity, Practical, 2 [PSU]
# name 10 = sbeox0V: Oxygen raw, SBE 43 [V]
# name 11 = sbeox1V: Oxygen raw, SBE 43, 2 [V]
# name 12 = flECO-AFL: Fluorescence, WET Labs ECO-AFL/FL [mg/m^3]
# name 13 = CStarTr0: Beam Transmission, WET Labs C-Star [%]
# name 14 = spar: SPAR/Surface Irradiance
# name 15 = scan: Scan Count
# name 16 = timeS: Time, Elapsed [seconds]
# name 17 = altM: Altimeter [m]
# name 18 = nbf: Bottles Fired
# name 19 = flag:  0.000e+00
# interval = seconds: 0.0416667
# start_time = Dec 28 2015 11:28:01 [NMEA time, header]
# bad_flag = -9.990e-29
*END*
[from data line 869]
    100.933    100.004     5.9400  33.639005     5.9462  33.758143    6.79873    7.06191    34.1882    34.3164     2.7588     3.1137     0.8525    93.7009 7.6712e+02     130645   5443.500      98.66         18  0.000e+00
    100.886     99.958     5.9418  33.640030     5.9458  33.758273    6.79790    7.06133    34.1876    34.3170     2.7588     3.1137     0.8525    93.7009 7.6712e+02     130646   5443.542      98.66         18  0.000e+00
    100.933    100.004     5.9427  33.640201     5.9466  33.758728    6.79731    7.06163    34.1868    34.3166     2.7588     3.1137     0.8525    93.7273 7.6712e+02     130647   5443.583      98.66         18  0.000e+00
    100.933    100.004     5.9432  33.639654     5.9462  33.758663    6.80127    7.06199    34.1857    34.3169     2.7600     3.1137     0.8525    93.7273 7.6712e+02     130648   5443.625      98.66         18  0.000e+00
    100.973    100.044     5.9427  33.639005     5.9470  33.759184    6.79707    7.06187    34.1854    34.3167     2.7588     3.1137     0.8525    93.7273 7.6712e+02     130649   5443.667      98.66         18  0.000e+00
    100.979    100.050     5.9426  33.639859     5.9480  33.760584    6.79726    7.06155    34.1865    34.3173     2.7588     3.1137     0.8452    93.7009 7.6712e+02     130650   5443.708      98.66         18  0.000e+00
    100.979    100.051     5.9435  33.641226     5.9497  33.761951    6.79656    7.06103    34.1871    34.3171     2.7588     3.1137     0.8525    93.7009 7.6712e+02     130651   5443.750      98.66         18  0.000e+00
    100.979    100.051     5.9456  33.643891     5.9509  33.763253    6.79641    7.06026    34.1880    34.3173     2.7588     3.1137     0.8525    93.7273 7.6712e+02     130652   5443.792      98.66         18  0.000e+00
    100.973    100.044     5.9473  33.645463     5.9513  33.762960    6.79564    7.06378    34.1881    34.3166     2.7588     3.1149     0.8452    93.7009 7.6712e+02     130653   5443.833      98.66         18  0.000e+00
    101.033    100.103     5.9489  33.646078     5.9516  33.763384    6.79498    7.06025    34.1871    34.3167     2.7588     3.1137     0.8452    93.6745 7.6712e+02     130654   5443.875      98.66         18  0.000e+00
    100.980    100.051     5.9499  33.646624     5.9527  33.763807    6.79430    7.05960    34.1867    34.3161     2.7588     3.1137     0.8452    93.6745 7.6712e+02     130655   5443.917      98.66         18  0.000e+00
    101.033    100.103     5.9508  33.646795     5.9534  33.764263    6.79450    7.05973    34.1860    34.3159     2.7588     3.1137     0.8305    93.6745 7.6712e+02     130656   5443.958      98.66         18  0.000e+00
    101.033    100.103     5.9513  33.646761     5.9529  33.763807    6.79474    7.05921    34.1855    34.3159     2.7588     3.1137     0.7719    93.7009 7.6712e+02     130657   5444.000      98.66         18  0.000e+00
     80.744     80.005     6.1774  33.826913     6.1765  33.943258    6.90432    7.15320    34.1704    34.3019     2.8098     3.1683     2.0759    92.1982 7.9465e+02     132210   5508.708      98.66         19  0.000e+00
     80.844     80.104     6.1775  33.826913     6.1765  33.943258    6.90493    7.15299    34.1703    34.3018     2.8098     3.1683     2.0759    92.1982 7.9465e+02     132211   5508.750      98.66         19  0.000e+00
     80.790     80.051     6.1773  33.827050     6.1765  33.943258    6.90094    7.15268    34.1707    34.3019     2.8086     3.1683     2.0759    92.1454 7.9465e+02     132212   5508.792      98.66         19  0.000e+00
     80.784     80.044     6.1771  33.826913     6.1766  33.943062    6.90075    7.15241    34.1707    34.3015     2.8085     3.1683     2.0759    92.1191 7.9269e+02     132213   5508.833      98.66         19  0.000e+00
     80.844     80.104     6.1775  33.827118     6.1768  33.943193    6.90501    7.15277    34.1705    34.3015     2.8098     3.1683     2.0759    92.1191 7.9269e+02     132214   5508.875      98.66         19  0.000e+00
     80.790     80.051     6.1774  33.826913     6.1768  33.943062    6.90025    7.14830    34.1704    34.3013     2.8085     3.1671     2.0686    92.0927 7.9269e+02     132215   5508.917      98.66         19  0.000e+00
     80.837     80.097     6.1775  33.827221     6.1773  33.943389    6.90446    7.15163    34.1707    34.3012     2.8098     3.1683     2.0759    92.0400 7.9269e+02     132216   5508.958      98.66         19  0.000e+00
     80.790     80.051     6.1774  33.827152     6.1773  33.943715    6.90112    7.15136    34.1707    34.3016     2.8085     3.1683     2.0759    92.0136 7.9269e+02     132217   5509.000      98.66         19  0.000e+00
     80.790     80.051     6.1776  33.827564     6.1776  33.943976    6.90527    7.15108    34.1709    34.3015     2.8098     3.1683     2.0759    91.9872 7.9269e+02     132218   5509.042      98.66         19  0.000e+00
     80.844     80.104     6.1779  33.827632     6.1778  33.943846    6.90569    7.15085    34.1707    34.3012     2.8098     3.1683     2.0759    91.8818 7.9269e+02     132219   5509.083      98.66         19  0.000e+00
     80.837     80.097     6.1779  33.827427     6.1781  33.943976    6.90607    7.14644    34.1704    34.3010     2.8098     3.1671     2.0686    91.8554 7.9465e+02     132220   5509.125      98.66         19  0.000e+00
     80.791     80.051     6.1781  33.827255     6.1784  33.943845    6.90564    7.15038    34.1701    34.3006     2.8098     3.1683     2.0759    91.8818 7.9465e+02     132221   5509.167      98.66         19  0.000e+00
     80.844     80.104     6.1782  33.827118     6.1776  33.943780    6.90151    7.15088    34.1698    34.3013     2.8085     3.1683     2.0686    91.9081 7.9269e+02     132222   5509.208      98.66         19  0.000e+00
     80.844     80.104     6.1784  33.827495     6.1781  33.944172    6.90552    7.15068    34.1701    34.3013     2.8098     3.1683     2.0759    91.9872 7.9269e+02     132223   5509.250      98.66         19  0.000e+00
     80.784     80.045     6.1782  33.827837     6.1780  33.943911    6.90573    7.15047    34.1706    34.3011     2.8098     3.1683     2.0759    91.9872 7.9269e+02     132224   5509.292      98.66         19  0.000e+00
     80.844     80.104     6.1784  33.827392     6.1781  33.944172    6.90602    7.15037    34.1699    34.3013     2.8098     3.1683     2.0686    91.9872 7.9269e+02     132225   5509.333      98.66         19  0.000e+00
     80.844     80.104     6.1782  33.827529     6.1784  33.944107    6.90624    7.14605    34.1702    34.3008     2.8098     3.1671     2.0759    92.0136 7.9269e+02     132226   5509.375      98.66         19  0.000e+00
     80.691     79.953     6.1786  33.827426     6.1783  33.944041    6.90624    7.14928    34.1698    34.3010     2.8098     3.1683     2.0686    92.0136 7.9269e+02     132227   5509.417      98.66         19  0.000e+00
     80.990     80.249     6.1786  33.828009     6.1779  33.943846    6.90663    7.15006    34.1704    34.3010     2.8098     3.1683     2.0686    92.0136 7.9269e+02     132228   5509.458      98.66         19  0.000e+00
     80.844     80.104     6.1787  33.827769     6.1786  33.943976    6.90661    7.15046    34.1700    34.3005     2.8098     3.1683     2.0759    92.0136 7.9269e+02     132229   5509.500      98.66         19  0.000e+00
     80.844     80.104     6.1787  33.827838     6.1781  33.944042    6.90669    7.15038    34.1701    34.3011     2.8098     3.1683     2.0686    92.0136 7.9465e+02     132230   5509.542      98.66         19  0.000e+00
     80.837     80.098     6.1787  33.827701     6.1783  33.944041    6.90675    7.15030    34.1699    34.3009     2.8098     3.1683     2.0759    91.9609 7.9269e+02     132231   5509.583      98.66         19  0.000e+00
     80.844     80.104     6.1787  33.827906     6.1783  33.944041    6.90677    7.15087    34.1702    34.3009     2.8098     3.1683     2.1346    91.9609 7.9269e+02     132232   5509.625      98.66         19  0.000e+00
     80.844     80.104     6.1789  33.828112     6.1783  33.944237    6.90674    7.15144    34.1702    34.3011     2.8098     3.1683     2.1712    91.9345 7.9465e+02     132233   5509.667      98.66         19  0.000e+00
     80.891     80.151     6.1790  33.827735     6.1791  33.944303    6.90749    7.15146    34.1696    34.3004     2.8098     3.1683     2.1712    91.9609 7.9269e+02     132234   5509.708      98.66         19  0.000e+00
     80.838     80.098     6.1789  33.827701     6.1796  33.944302    6.90298    7.15206    34.1698    34.2999     2.8085     3.1683     2.1712    92.0400 7.9269e+02     132235   5509.750      98.66         19  0.000e+00
     80.891     80.151     6.1790  33.828043     6.1792  33.944498    6.90671    7.15272    34.1700    34.3005     2.8098     3.1683     2.1712    92.0400 7.9465e+02     132236   5509.792      98.66         19  0.000e+00
     80.844     80.104     6.1792  33.827735     6.1797  33.944564    6.90660    7.15335    34.1695    34.3001     2.8098     3.1683     2.1712    92.0400 7.9465e+02     132237   5509.833      98.66         19  0.000e+00
     80.891     80.151     6.1792  33.827632     6.1794  33.944760    6.90583    7.15411    34.1694    34.3006     2.8098     3.1683     2.1712    92.0136 7.9465e+02     132238   5509.875      98.66         19  0.000e+00
     80.884     80.144     6.1792  33.828077     6.1799  33.944825    6.90491    7.15415    34.1698    34.3002     2.8098     3.1683     2.1712    91.9872 7.9465e+02     132239   5509.917      98.66         19  0.000e+00
     80.844     80.105     6.1792  33.828146     6.1801  33.944629    6.90913    7.15419    34.1700    34.2998     2.8110     3.1683     2.1712    92.0136 7.9465e+02     132240   5509.958      98.66         19  0.000e+00
     80.891     80.151     6.1793  33.827735     6.1804  33.944759    6.90515    7.15497    34.1693    34.2996     2.8098     3.1683     2.1712    92.0136 7.9465e+02     132241   5510.000      98.66         19  0.000e+00
     80.891     80.151     6.1792  33.827906     6.1808  33.945412    6.90486    7.15508    34.1696    34.2998     2.8098     3.1683     2.1712    91.9609 7.9465e+02     132242   5510.042      98.66         19  0.000e+00
     80.884     80.144     6.1790  33.828112     6.1807  33.945216    6.90455    7.15520    34.1701    34.2998     2.8098     3.1683     2.1712    91.9609 7.9465e+02     132243   5510.083      98.66         19  0.000e+00
     80.891     80.151     6.1792  33.827940     6.1804  33.945086    6.90938    7.15529    34.1697    34.3000     2.8110     3.1683     2.1712    91.9872 7.9465e+02     132244   5510.125      98.66         19  0.000e+00
     80.844     80.105     6.1790  33.828077     6.1802  33.945477    6.90522    7.15537    34.1700    34.3006     2.8098     3.1683     2.1712    91.9872 7.9465e+02     132245   5510.167      98.66         19  0.000e+00
     80.938     80.197     6.1792  33.828043     6.1799  33.945021    6.90933    7.15136    34.1698    34.3004     2.8110     3.1671     2.1712    92.0663 7.9465e+02     132246   5510.208      98.66         19  0.000e+00
     80.891     80.151     6.1792  33.828112     6.1799  33.944629    6.90579    7.15499    34.1699    34.2999     2.8098     3.1683     2.1712    92.0927 7.9465e+02     132247   5510.250      98.66         19  0.000e+00
     80.891     80.151     6.1792  33.828146     6.1799  33.944759    6.90532    7.15512    34.1700    34.3001     2.8098     3.1683     2.1712    92.0663 7.9465e+02     132248   5510.292      98.66         19  0.000e+00
     80.944     80.204     6.1792  33.828043     6.1792  33.944629    6.90488    7.15531    34.1698    34.3006     2.8098     3.1683     2.1712    92.0400 7.9465e+02     132249   5510.333      98.66         19  0.000e+00
     80.885     80.144     6.1790  33.828112     6.1791  33.944564    6.90877    7.15540    34.1701    34.3007     2.8110     3.1683     2.1712    92.0927 7.9465e+02     132250   5510.375      98.66         19  0.000e+00
     80.944     80.204     6.1790  33.828146     6.1794  33.944368    6.91339    7.15559    34.1701    34.3001     2.8122     3.1683     2.1712    92.0663 7.9465e+02     132251   5510.417      98.66         19  0.000e+00
     80.891     80.151     6.1789  33.828352     6.1792  33.944303    6.90591    7.15985    34.1705    34.3002     2.8098     3.1695     2.1712    92.0400 7.9465e+02     132252   5510.458      98.66         19  0.000e+00
     80.891     80.151     6.1792  33.828112     6.1791  33.944303    6.90594    7.15638    34.1699    34.3004     2.8098     3.1683     2.1712    92.0400 7.9465e+02     132253   5510.500      98.66         19  0.000e+00
     80.938     80.197     6.1789  33.828112     6.1789  33.944303    6.90534    7.15591    34.1702    34.3005     2.8098     3.1683     2.1712    92.0136 7.9465e+02     132254   5510.542      98.66         19  0.000e+00
     80.945     80.204     6.1790  33.828146     6.1786  33.944303    6.90462    7.15180    34.1701    34.3009     2.8098     3.1671     2.2151    92.0400 7.9465e+02     132255   5510.583      98.66         19  0.000e+00
     80.891     80.151     6.1793  33.828420     6.1786  33.944303    6.90452    7.15535    34.1701    34.3009     2.8098     3.1683     2.2444    92.0400 7.9465e+02     132256   5510.625      98.66         19  0.000e+00
     80.945     80.204     6.1792  33.828626     6.1784  33.943911    6.90458    7.15551    34.1705    34.3006     2.8098     3.1683     2.2518    92.0663 7.9465e+02     132257   5510.667      98.66         19  0.000e+00
     80.885     80.145     6.1790  33.828078     6.1781  33.943976    6.90457    7.15561    34.1700    34.3010     2.8098     3.1683     2.2518    92.0927 7.9465e+02     132258   5510.708      98.66         19  0.000e+00
     60.263     59.714     6.2107  33.844418     6.2105  33.960911    6.92253    7.19081    34.1670    34.2978     2.8265     3.1887     2.3910    91.7763 7.8285e+02     133818   5575.708      98.66         20  0.000e+00
     60.263     59.714     6.2106  33.844658     6.2108  33.961238    6.92664    7.19481    34.1673    34.2978     2.8277     3.1899     2.3910    91.8027 7.8285e+02     133819   5575.750      98.66         20  0.000e+00
     60.236     59.688     6.2108  33.844486     6.2105  33.961401    6.92625    7.19521    34.1669    34.2983     2.8277     3.1899     2.3910    91.8027 7.8285e+02     133820   5575.792      98.66         20  0.000e+00
     60.263     59.714     6.2108  33.844418     6.2103  33.961401    6.92662    7.19149    34.1668    34.2985     2.8277     3.1887     2.3910    91.8291 7.8285e+02     133821   5575.833      98.66         20  0.000e+00
     60.216     59.668     6.2108  33.844658     6.2106  33.961205    6.92693    7.19539    34.1671    34.2980     2.8277     3.1899     2.3910    91.8027 7.8285e+02     133822   5575.875      98.66         20  0.000e+00
     60.216     59.668     6.2111  33.845103     6.2111  33.961335    6.92278    7.19572    34.1673    34.2976     2.8265     3.1899     2.3910    91.8027 7.8285e+02     133823   5575.917      98.66         20  0.000e+00
     60.190     59.642     6.2111  33.845034     6.2109  33.961596    6.92243    7.19190    34.1673    34.2981     2.8265     3.1887     2.3910    91.7763 7.8285e+02     133824   5575.958      98.66         20  0.000e+00
     60.216     59.668     6.2113  33.845548     6.2109  33.961466    6.92211    7.19576    34.1676    34.2980     2.8265     3.1899     2.3910    91.8027 7.8285e+02     133825   5576.000      98.66         20  0.000e+00
     60.163     59.616     6.2117  33.845548     6.2105  33.961400    6.92175    7.19599    34.1672    34.2984     2.8265     3.1899     2.3910    91.8027 7.8285e+02     133826   5576.042      98.66         20  0.000e+00
     60.163     59.616     6.2116  33.845308     6.2108  33.960976    6.92081    7.19217    34.1671    34.2976     2.8265     3.1887     2.3910    91.8027 7.8285e+02     133827   5576.083      98.66         20  0.000e+00
