Ship_data/Southern/Southern_Ocean-02_NBP-15-11_2015-12-07/CTD NBP1511/process/nbp1511_010.ros
* Sea-Bird SBE 9 Data File:
* FileName = D:\Data\raw\NBP1511_010.hdr
* Software Version Seasave V 7.21e
* Temperature SN = 5730
* Conductivity SN = 1143
* Number of Bytes Per Scan = 40
* Number of Voltage Words = 5
* Number of Scans Averaged by the Deck Unit = 1
* NMEA Latitude = 54 07.72 S
* NMEA Longitude = 089 33.20 W
* NMEA UTC (Time) = Dec 17 2015  00:39:40
* NMEA baud rate = 9600
** Ship: RVIB N.B. Palmer
** Cruise: NBP1511
** Station: FLMA-2
** Operator: S. Blackman/B.Bjork
# nquan = 20
# nvalues = 784                                   
# units = specified
# name 0 = prDM: Pressure, Digiquartz [db]
# name 1 = depSM: Depth [salt water, m]
# name 2 = t090C: Temperature [ITS-90, deg C]
# name 3 = c0mS/cm: Conductivity [mS/cm]
# name 4 = t190C: Temperature, 2 [ITS-90, deg C]
# name 5 = c1mS/cm: Conductivity, 2 [mS/cm]
# name 6 = sbeox0ML/L: Oxygen, SBE 43 [ml/l]
# name 7 = sbeox1ML/L: Oxygen, SBE 43, 2 [ml/l]
# name 8 = sal00: Salinity, Practical [PSU]
# name 9 = sal11: Salinity, Practical, 2 [PSU]
# name 10 = sbeox0V: Oxygen raw, SBE 43 [V]
# name 11 = sbeox1V: Oxygen raw, SBE 43, 2 [V]
# name 12 = flECO-AFL: Fluorescence, WET Labs ECO-AFL/FL [mg/m^3]
# name 13 = CStarTr0: Beam Transmission, WET Labs C-Star [%]
# name 14 = spar: SPAR/Surface Irradiance
# name 15 = scan: Scan Count
# name 16 = timeS: Time, Elapsed [seconds]
# name 17 = altM: Altimeter [m]
# name 18 = nbf: Bottles Fired
# name 19 = flag:  0.000e+00
# interval = seconds: 0.0416667
# start_time = Dec 17 2015 00:39:40 [NMEA time, header]
# bad_flag = -9.990e-29
*END*
[from data line 290]
   1013.185   1001.685     3.8420  32.263880     3.8396  32.296096    4.74471    4.85238    34.2883    34.3288     1.8528     2.0984    -0.0046    95.8891 1.7703e+01     224675   9361.417      98.63          6  0.000e+00
   1013.240   1001.739     3.8417  32.263511     3.8397  32.296160    4.73975    4.84749    34.2882    34.3288     1.8516     2.0972    -0.0193    95.9155 1.7703e+01     224676   9361.458      98.66          6  0.000e+00
   1013.226   1001.725     3.8406  32.262673     3.8398  32.295777    4.74505    4.85229    34.2883    34.3283     1.8528     2.0984    -0.0266    95.9155 1.7703e+01     224677   9361.500      98.66          6  0.000e+00
   1013.185   1001.685     3.8403  32.261768     3.8397  32.295649    4.74457    4.84741    34.2876    34.3282     1.8528     2.0972    -0.0266    95.9155 1.7703e+01     224678   9361.542      98.66          6  0.000e+00
    758.138    749.989     4.6580  32.772892     4.6703  32.824286    5.80010    5.97379    34.1706    34.2174     2.2314     2.5174    -0.0266    95.8364 1.7703e+01     231966   9665.208      98.66          7  0.000e+00
    758.138    749.989     4.6523  32.771677     4.6684  32.823130    5.80591    5.97501    34.1749    34.2181     2.2326     2.5174    -0.0193    95.8627 1.7703e+01     231967   9665.250      98.66          7  0.000e+00
    758.138    749.989     4.6522  32.774176     4.6697  32.823419    5.80569    5.97542    34.1780    34.2171     2.2326     2.5174    -0.0193    95.8627 1.7703e+01     231968   9665.292      98.66          7  0.000e+00
    758.138    749.989     4.6556  32.779545     4.6698  32.823097    5.80597    5.97037    34.1807    34.2165     2.2326     2.5162    -0.0193    95.8364 1.7703e+01     231969   9665.333      98.66          7  0.000e+00
    758.104    749.956     4.6607  32.784915     4.6692  32.822551    5.80608    5.96923    34.1817    34.2166     2.2326     2.5162    -0.0193    95.8627 1.7703e+01     231970   9665.375      98.66          7  0.000e+00
    758.084    749.936     4.6649  32.785556     4.6686  32.820976    5.80553    5.97342    34.1782    34.2154     2.2326     2.5174    -0.0193    95.8627 1.7703e+01     231971   9665.417      98.66          7  0.000e+00
    758.138    749.989     4.6649  32.781368     4.6657  32.818083    5.80046    5.97347    34.1733    34.2150     2.2314     2.5174    -0.0266    95.8364 1.7703e+01     231972   9665.458      98.66          7  0.000e+00
    758.084    749.936     4.6633  32.778295     4.6639  32.816541    5.80603    5.97449    34.1714    34.2151     2.2326     2.5174    -0.0193    95.8627 1.7703e+01     231973   9665.500      98.66          7  0.000e+00
    758.084    749.936     4.6618  32.778498     4.6626  32.815705    5.80726    5.97543    34.1731    34.2154     2.2326     2.5174    -0.0193    95.8627 1.7703e+01     231974   9665.542      98.66          7  0.000e+00
    758.084    749.936     4.6611  32.779477     4.6605  32.813874    5.80737    5.97628    34.1750    34.2154     2.2326     2.5174    -0.0193    95.8627 1.7703e+01     231975   9665.583      98.66          7  0.000e+00
    758.084    749.936     4.6596  32.780727     4.6586  32.812492    5.80231    5.97633    34.1780    34.2158     2.2314     2.5174    -0.0266    95.8364 1.7703e+01     231976   9665.625      98.66          7  0.000e+00
    758.084    749.936     4.6609  32.783564     4.6578  32.812203    5.80745    5.97596    34.1799    34.2163     2.2326     2.5174    -0.0193    95.8627 1.7703e+01     231977   9665.667      98.66          7  0.000e+00
    758.050    749.903     4.6627  32.784982     4.6563  32.810853    5.80309    5.97557    34.1797    34.2163     2.2314     2.5174    -0.0193    95.8627 1.7703e+01     231978   9665.708      98.66          7  0.000e+00
    758.037    749.889     4.6641  32.785489     4.6536  32.808571    5.80216    5.97621    34.1789    34.2164     2.2314     2.5174    -0.0193    95.8364 1.7703e+01     231979   9665.750      98.63          7  0.000e+00
    758.037    749.889     4.6647  32.785657     4.6505  32.805744    5.80665    5.97700    34.1785    34.2163     2.2326     2.5174    -0.0266    95.8627 1.7703e+01     231980   9665.792      98.66          7  0.000e+00
    758.037    749.889     4.6649  32.785488     4.6482  32.802306    5.80795    5.97699    34.1781    34.2147     2.2326     2.5174    -0.0193    95.8627 1.7703e+01     231981   9665.833      98.66          7  0.000e+00
    758.084    749.936     4.6653  32.785556     4.6451  32.800089    5.80929    5.98282    34.1777    34.2153     2.2326     2.5186    -0.0193    95.8627 1.7703e+01     231982   9665.875      98.66          7  0.000e+00
    757.983    749.836     4.6660  32.786231     4.6452  32.800217    5.80948    5.98350    34.1779    34.2153     2.2326     2.5186    -0.0193    95.8364 1.7703e+01     231983   9665.917      98.66          7  0.000e+00
    758.037    749.889     4.6666  32.786468     4.6450  32.801181    5.81507    5.98430    34.1775    34.2167     2.2338     2.5186    -0.0193    95.8891 1.7703e+01     231984   9665.958      98.66          7  0.000e+00
    758.037    749.890     4.6661  32.786569     4.6430  32.801567    5.81219    5.98515    34.1781    34.2192     2.2326     2.5186    -0.0193    95.8627 1.7703e+01     231985   9666.000      98.66          7  0.000e+00
    758.037    749.890     4.6655  32.784779     4.6426  32.802435    5.81271    5.98699    34.1767    34.2206     2.2326     2.5186    -0.0193    95.8627 1.7703e+01     231986   9666.042      98.66          7  0.000e+00
    757.956    749.810     4.6639  32.783766     4.6461  32.806740    5.81324    5.98794    34.1772    34.2220     2.2326     2.5186    -0.0193    95.8364 1.7703e+01     231987   9666.083      98.66          7  0.000e+00
    758.037    749.890     4.6641  32.786333     4.6519  32.812685    5.81353    5.98858    34.1799    34.2229     2.2326     2.5186    -0.0266    95.8364 1.7703e+01     231988   9666.125      98.66          7  0.000e+00
    757.936    749.790     4.6654  32.790014     4.6602  32.817601    5.81351    5.98887    34.1829    34.2202     2.2326     2.5186    -0.0193    95.8627 1.7703e+01     231989   9666.167      98.66          7  0.000e+00
    758.037    749.890     4.6664  32.791805     4.6650  32.819208    5.81376    5.98940    34.1838    34.2170     2.2326     2.5186    -0.0266    95.8364 1.7703e+01     231990   9666.208      98.66          7  0.000e+00
    757.983    749.836     4.6670  32.791906     4.6637  32.818405    5.81401    5.98989    34.1834    34.2174     2.2326     2.5186    -0.0193    95.8364 1.7703e+01     231991   9666.250      98.66          7  0.000e+00
    757.936    749.790     4.6683  32.792885     4.6632  32.818855    5.81416    5.99024    34.1832    34.2185     2.2326     2.5186    -0.0193    95.8627 1.7703e+01     231992   9666.292      98.66          7  0.000e+00
    757.983    749.836     4.6693  32.794473     4.6625  32.819401    5.81438    5.99063    34.1840    34.2199     2.2326     2.5186    -0.0193    95.8627 1.7703e+01     231993   9666.333      98.66          7  0.000e+00
    757.983    749.836     4.6710  32.794709     4.6631  32.821105    5.81455    5.99092    34.1826    34.2212     2.2326     2.5186    -0.0193    95.8891 1.7703e+01     231994   9666.375      98.66          7  0.000e+00
    757.956    749.810     4.6726  32.793797     4.6686  32.823772    5.81476    5.99122    34.1799    34.2187     2.2326     2.5186    -0.0193    95.8364 1.7703e+01     231995   9666.417      98.66          7  0.000e+00
    757.936    749.790     4.6723  32.792243     4.6700  32.824768    5.81945    5.99175    34.1784    34.2184     2.2338     2.5186    -0.0193    95.8627 1.7703e+01     231996   9666.458      98.66          7  0.000e+00
    757.983    749.836     4.6715  32.791838     4.6689  32.824190    5.82087    5.99231    34.1788    34.2189     2.2338     2.5186    -0.0193    95.8627 1.7703e+01     231997   9666.500      98.63          7  0.000e+00
    757.882    749.737     4.6716  32.792513     4.6674  32.823965    5.81569    5.99255    34.1794    34.2202     2.2326     2.5186    -0.0193    95.8627 1.7703e+01     231998   9666.542      98.66          7  0.000e+00
    757.936    749.790     4.6735  32.794371     4.6690  32.825218    5.81564    5.99753    34.1796    34.2199     2.2326     2.5199    -0.0266    95.8364 1.7703e+01     231999   9666.583      98.66          7  0.000e+00
    757.983    749.836     4.6751  32.796432     4.6711  32.826504    5.82613    5.99348    34.1804    34.2193     2.2351     2.5186    -0.0193    95.8627 1.7703e+01     232000   9666.625      98.66          7  0.000e+00
    757.882    749.737     4.6754  32.797073     4.6711  32.825636    5.82807    5.99355    34.1808    34.2183     2.2351     2.5186    -0.0193    95.8627 1.7703e+01     232001   9666.667      98.66          7  0.000e+00
    757.936    749.790     4.6748  32.797208     4.6684  32.822518    5.82493    5.99384    34.1816    34.2175     2.2338     2.5186    -0.0193    95.8627 1.7703e+01     232002   9666.708      98.66          7  0.000e+00
    757.956    749.810     4.6765  32.798188     4.6656  32.819626    5.82146    5.99375    34.1810    34.2169     2.2326     2.5186    -0.0193    95.8364 1.7703e+01     232003   9666.750      98.66          7  0.000e+00
    757.882    749.737     4.6778  32.798221     4.6661  32.818308    5.82655    5.99364    34.1797    34.2149     2.2338     2.5186    -0.0193    95.8627 1.7703e+01     232004   9666.792      98.66          7  0.000e+00
    757.936    749.790     4.6781  32.798019     4.6649  32.817119    5.83281    5.99373    34.1792    34.2148     2.2351     2.5186    -0.0193    95.8627 1.7703e+01     232005   9666.833      98.66          7  0.000e+00
    757.936    749.790     4.6779  32.798390     4.6652  32.817279    5.82944    5.99376    34.1798    34.2147     2.2338     2.5186    -0.0193    95.8364 1.7703e+01     232006   9666.875      98.66          7  0.000e+00
    757.882    749.737     4.6784  32.798796     4.6647  32.818693    5.83019    5.99857    34.1798    34.2168     2.2338     2.5199    -0.0193    95.8891 1.7703e+01     232007   9666.917      98.66          7  0.000e+00
    757.882    749.737     4.6797  32.798795     4.6628  32.819304    5.83086    5.99922    34.1785    34.2195     2.2338     2.5199    -0.0193    95.8627 1.7703e+01     232008   9666.958      98.63          7  0.000e+00
    757.936    749.790     4.6803  32.798964     4.6620  32.819562    5.83057    5.99990    34.1779    34.2206     2.2338     2.5199    -0.0193    95.8627 1.7703e+01     232009   9667.000      98.66          7  0.000e+00
    757.936    749.790     4.6808  32.799302     4.6641  32.821072    5.83018    5.99556    34.1779    34.2202     2.2338     2.5186    -0.0193    95.8627 1.7703e+01     232010   9667.042      98.66          7  0.000e+00
    757.781    749.637     4.6809  32.799302     4.6680  32.824896    5.82963    6.00009    34.1778    34.2206     2.2338     2.5199    -0.0266    95.8891 1.7703e+01     232011   9667.083      98.66          7  0.000e+00
    758.003    749.857     4.6809  32.799066     4.6730  32.829268    5.83035    5.99590    34.1775    34.2205     2.2338     2.5186    -0.0266    95.8627 1.7703e+01     232012   9667.125      98.66          7  0.000e+00
    757.882    749.737     4.6812  32.799302     4.6745  32.831036    5.82442    5.99539    34.1775    34.2211     2.2326     2.5186    -0.0193    95.8891 1.7703e+01     232013   9667.167      98.66          7  0.000e+00
    757.882    749.737     4.6813  32.799099     4.6737  32.830971    5.82915    5.99499    34.1772    34.2219     2.2338     2.5186    -0.0193    95.8891 1.7703e+01     232014   9667.208      98.66          7  0.000e+00
    505.132    500.007     5.1438  33.089902     5.1437  33.127861    6.79891    7.01792    34.1669    34.2105     2.6041     2.9305    -0.0266    95.8627 1.7703e+01     239468   9977.792      98.66          8  0.000e+00
    505.132    500.007     5.1438  33.089359     5.1437  33.127603    6.79974    7.01710    34.1662    34.2102     2.6041     2.9305    -0.0266    95.8891 1.7703e+01     239469   9977.833      98.66          8  0.000e+00
    505.133    500.007     5.1438  33.089326     5.1437  33.127764    6.79964    7.01626    34.1662    34.2103     2.6041     2.9305    -0.0266    95.8891 1.7703e+01     239470   9977.875      98.66          8  0.000e+00
    505.133    500.007     5.1438  33.089631     5.1437  33.127764    6.79947    7.01621    34.1666    34.2104     2.6041     2.9305    -0.0266    95.8627 1.7703e+01     239471   9977.917      98.66          8  0.000e+00
    505.133    500.007     5.1438  33.089902     5.1434  33.127732    6.80423    7.01620    34.1669    34.2106     2.6054     2.9305    -0.0266    95.8627 1.7703e+01     239472   9977.958      98.66          8  0.000e+00
    505.180    500.053     5.1438  33.089767     5.1437  33.127732    6.80085    7.02092    34.1666    34.2103     2.6041     2.9317    -0.0266    95.8891 1.7703e+01     239473   9978.000      98.66          8  0.000e+00
    505.133    500.007     5.1441  33.089461     5.1437  33.127925    6.79558    7.02166    34.1661    34.2105     2.6029     2.9317    -0.0266    95.8364 1.7703e+01     239474   9978.042      98.66          8  0.000e+00
    505.180    500.053     5.1438  33.089801     5.1439  33.127796    6.79946    7.02173    34.1667    34.2103     2.6041     2.9317    -0.0266    95.8627 1.7703e+01     239475   9978.083      98.66          8  0.000e+00
    505.180    500.053     5.1436  33.089970     5.1437  33.128022    6.79919    7.01707    34.1671    34.2106     2.6041     2.9305    -0.0266    95.8627 1.7703e+01     239476   9978.125      98.66          8  0.000e+00
    505.180    500.053     5.1438  33.089767     5.1437  33.128022    6.79388    7.01705    34.1666    34.2107     2.6029     2.9305    -0.0266    95.8627 1.7703e+01     239477   9978.167      98.66          8  0.000e+00
    505.233    500.106     5.1438  33.089258     5.1439  33.128184    6.79863    7.02099    34.1661    34.2106     2.6041     2.9317    -0.0266    95.8627 1.7703e+01     239478   9978.208      98.66          8  0.000e+00
    505.233    500.106     5.1438  33.089563     5.1440  33.127861    6.79919    7.01711    34.1664    34.2101     2.6041     2.9305    -0.0266    95.8627 1.7703e+01     239479   9978.250      98.66          8  0.000e+00
    505.233    500.106     5.1438  33.089733     5.1439  33.128119    6.79481    7.01631    34.1666    34.2105     2.6029     2.9305    -0.0266    95.8364 1.7703e+01     239480   9978.292      98.66          8  0.000e+00
    505.233    500.106     5.1439  33.089733     5.1437  33.128055    6.79858    7.02016    34.1665    34.2107     2.6041     2.9317    -0.0266    95.8891 1.7703e+01     239481   9978.333      98.66          8  0.000e+00
    505.280    500.153     5.1436  33.090038     5.1439  33.128378    6.79832    7.01556    34.1672    34.2108     2.6041     2.9305    -0.0266    95.8627 1.7703e+01     239482   9978.375      98.66          8  0.000e+00
    505.233    500.106     5.1436  33.089835     5.1442  33.128410    6.79792    7.01936    34.1670    34.2106     2.6041     2.9317    -0.0266    95.8627 1.7703e+01     239483   9978.417      98.66          8  0.000e+00
    505.334    500.206     5.1437  33.089530     5.1442  33.128281    6.79853    7.01475    34.1665    34.2104     2.6041     2.9305    -0.0266    95.8364 1.7703e+01     239484   9978.458      98.63          8  0.000e+00
    505.280    500.153     5.1439  33.090038     5.1440  33.128055    6.79802    7.01460    34.1668    34.2103     2.6041     2.9305    -0.0266    95.8627 1.7703e+01     239485   9978.500      98.66          8  0.000e+00
