Ship_data/Southern/Southern_Ocean-02_NBP-15-11_2015-12-07/CTD NBP1511/process/nbp1511_012.ros
* Sea-Bird SBE 9 Data File:
* FileName = D:\Data\raw\NBP1511_012.hdr
* Software Version Seasave V 7.21e
* Temperature SN = 5730
* Conductivity SN = 1143
* Number of Bytes Per Scan = 40
* Number of Voltage Words = 5
* Number of Scans Averaged by the Deck Unit = 1
* NMEA Latitude = 54 04.98 S
* NMEA Longitude = 088 53.47 W
* NMEA UTC (Time) = Dec 18 2015  23:26:57
* NMEA baud rate = 9600
** Ship: RVIB N.B. Palmer
** Cruise: NBP1511
** Station: FLMB-1, FLMB-2
** Operator: S. Blackman
# nquan = 20
# nvalues = 637                                   
# units = specified
# name 0 = prDM: Pressure, Digiquartz [db]
# name 1 = depSM: Depth [salt water, m]
# name 2 = t090C: Temperature [ITS-90, deg C]
# name 3 = c0mS/cm: Conductivity [mS/cm]
# name 4 = t190C: Temperature, 2 [ITS-90, deg C]
# name 5 = c1mS/cm: Conductivity, 2 [mS/cm]
# name 6 = sbeox0ML/L: Oxygen, SBE 43 [ml/l]
# name 7 = sbeox1ML/L: Oxygen, SBE 43, 2 [ml/l]
# name 8 = sal00: Salinity, Practical [PSU]
# name 9 = sal11: Salinity, Practical, 2 [PSU]
# name 10 = sbeox0V: Oxygen raw, SBE 43 [V]
# name 11 = sbeox1V: Oxygen raw, SBE 43, 2 [V]
# name 12 = flECO-AFL: Fluorescence, WET Labs ECO-AFL/FL [mg/m^3]
# name 13 = CStarTr0: Beam Transmission, WET Labs C-Star [%]
# name 14 = spar: SPAR/Surface Irradiance
# name 15 = scan: Scan Count
# name 16 = timeS: Time, Elapsed [seconds]
# name 17 = altM: Altimeter [m]
# name 18 = nbf: Bottles Fired
# name 19 = flag:  0.000e+00
# interval = seconds: 0.0416667
# start_time = Dec 18 2015 23:26:57 [NMEA time, header]
# bad_flag = -9.990e-29
*END*
[from data line 580]
     40.827     40.458     6.3780  33.986872     6.3784  34.037123    7.16020    7.42993    34.1680    34.2238     2.9138     3.2858     3.5485    90.4581 1.1192e+03     122346   5097.708      98.66         12  0.000e+00
     40.780     40.412     6.3777  33.986804     6.3780  34.036797    7.16045    7.43024    34.1683    34.2238     2.9138     3.2858     3.5485    90.4845 1.1192e+03     122347   5097.750      98.66         12  0.000e+00
     40.694     40.326     6.3780  33.987009     6.3777  34.036862    7.16056    7.42972    34.1683    34.2242     2.9138     3.2858     3.5485    90.5109 1.1212e+03     122348   5097.792      98.66         12  0.000e+00
     40.880     40.511     6.3780  33.986873     6.3781  34.036503    7.16022    7.42944    34.1680    34.2233     2.9138     3.2858     3.5485    90.4845 1.1212e+03     122349   5097.833      98.66         12  0.000e+00
     40.780     40.412     6.3779  33.986598     6.3772  34.036176    7.15958    7.42948    34.1679    34.2239     2.9138     3.2858     3.5485    90.4581 1.1212e+03     122350   5097.875      98.66         12  0.000e+00
     40.780     40.412     6.3779  33.986735     6.3772  34.036307    7.16334    7.42953    34.1680    34.2240     2.9151     3.2858     3.5485    90.4845 1.1212e+03     122351   5097.917      98.66         12  0.000e+00
     40.827     40.458     6.3781  33.986598     6.3772  34.035784    7.15965    7.42954    34.1676    34.2234     2.9138     3.2858     3.5485    90.4845 1.1212e+03     122352   5097.958      98.66         12  0.000e+00
     40.794     40.425     6.3780  33.986735     6.3770  34.035980    7.16400    7.42947    34.1679    34.2239     2.9151     3.2858     3.5485    90.5636 1.1212e+03     122353   5098.000      98.66         12  0.000e+00
     30.293     30.020     6.3960  33.998234     6.4054  34.055714    7.17185    7.45249    34.1679    34.2226     2.9270     3.3014     3.7756    89.8518 1.0661e+03     123460   5144.125      98.66         13  0.000e+00
     30.286     30.013     6.3957  33.998166     6.4057  34.055257    7.17146    7.45274    34.1682    34.2218     2.9270     3.3014     3.7756    89.8518 1.0661e+03     123461   5144.167      98.66         13  0.000e+00
     30.286     30.013     6.3957  33.999127     6.4042  34.055322    7.17169    7.45225    34.1692    34.2234     2.9270     3.3014     3.7756    89.8254 1.0661e+03     123462   5144.208      98.66         13  0.000e+00
     30.293     30.020     6.3971  34.000844     6.4046  34.055976    7.17102    7.45151    34.1697    34.2237     2.9270     3.3014     3.7756    89.8781 1.0661e+03     123463   5144.250      98.66         13  0.000e+00
     30.333     30.059     6.3987  34.002663     6.4056  34.056597    7.17037    7.45074    34.1702    34.2235     2.9270     3.3014     3.7756    89.9309 1.0681e+03     123464   5144.292      98.66         13  0.000e+00
     30.346     30.073     6.4007  34.004140     6.4054  34.056728    7.17404    7.44989    34.1698    34.2238     2.9282     3.3014     3.7756    89.9572 1.0681e+03     123465   5144.333      98.66         13  0.000e+00
     30.286     30.013     6.4026  34.005478     6.4049  34.055551    7.16954    7.44958    34.1694    34.2230     2.9270     3.3014     3.7756    89.9836 1.0681e+03     123466   5144.375      98.66         13  0.000e+00
     30.346     30.073     6.4038  34.005822     6.4036  34.054538    7.16971    7.44956    34.1686    34.2231     2.9270     3.3014     3.7756    89.9836 1.0681e+03     123467   5144.417      98.66         13  0.000e+00
     30.386     30.112     6.4038  34.006097     6.4027  34.054146    7.16933    7.45379    34.1688    34.2236     2.9270     3.3026     3.7756    89.9309 1.0681e+03     123468   5144.458      98.66         13  0.000e+00
     30.393     30.119     6.4048  34.007298     6.4030  34.055061    7.16507    7.45364    34.1691    34.2243     2.9258     3.3026     3.6950    89.9045 1.0681e+03     123469   5144.500      98.66         13  0.000e+00
     30.333     30.059     6.4063  34.008637     6.4038  34.055584    7.16883    7.44982    34.1692    34.2241     2.9270     3.3014     3.6437    89.9045 1.0681e+03     123470   5144.542      98.66         13  0.000e+00
     30.393     30.119     6.4066  34.008569     6.4039  34.056663    7.16854    7.44986    34.1688    34.2251     2.9270     3.3014     3.6291    89.8781 1.0700e+03     123471   5144.583      98.66         13  0.000e+00
     30.386     30.112     6.4067  34.008466     6.4048  34.057382    7.16892    7.44986    34.1685    34.2251     2.9270     3.3014     3.6364    89.9045 1.0700e+03     123472   5144.625      98.66         13  0.000e+00
     30.393     30.119     6.4063  34.008260     6.4054  34.057904    7.16942    7.45060    34.1688    34.2250     2.9270     3.3014     3.6364    89.9309 1.0700e+03     123473   5144.667      98.66         13  0.000e+00
     30.433     30.158     6.4066  34.008397     6.4059  34.058428    7.16915    7.44653    34.1686    34.2251     2.9270     3.3002     3.6364    89.9572 1.0700e+03     123474   5144.708      98.66         13  0.000e+00
     30.393     30.119     6.4074  34.009530     6.4065  34.058950    7.16941    7.44990    34.1691    34.2251     2.9270     3.3014     3.6364    89.9045 1.0700e+03     123475   5144.750      98.66         13  0.000e+00
     30.433     30.159     6.4088  34.010801     6.4073  34.058885    7.16968    7.44973    34.1690    34.2242     2.9270     3.3014     3.6364    89.8518 1.0700e+03     123476   5144.792      98.66         13  0.000e+00
     30.439     30.165     6.4098  34.011281     6.4070  34.059016    7.16934    7.44966    34.1686    34.2246     2.9270     3.3014     3.6364    89.8518 1.0720e+03     123477   5144.833      98.66         13  0.000e+00
     30.433     30.159     6.4101  34.011968     6.4076  34.058493    7.17345    7.44964    34.1691    34.2234     2.9282     3.3014     3.6364    89.8781 1.0720e+03     123478   5144.875      98.66         13  0.000e+00
     30.493     30.218     6.4099  34.011556     6.4069  34.058493    7.16594    7.44982    34.1687    34.2242     2.9258     3.3014     3.6364    89.9045 1.0720e+03     123479   5144.917      98.66         13  0.000e+00
     30.433     30.159     6.4093  34.011144     6.4065  34.057970    7.17023    7.44995    34.1690    34.2240     2.9270     3.3014     3.6364    89.9045 1.0720e+03     123480   5144.958      98.66         13  0.000e+00
     30.493     30.218     6.4088  34.010286     6.4065  34.058166    7.16586    7.45020    34.1684    34.2242     2.9258     3.3014     3.6364    89.9309 1.0740e+03     123481   5145.000      98.66         13  0.000e+00
     30.486     30.211     6.4090  34.010526     6.4060  34.057905    7.16941    7.45023    34.1685    34.2243     2.9270     3.3014     3.6364    89.9836 1.0740e+03     123482   5145.042      98.66         13  0.000e+00
     30.486     30.211     6.4091  34.010801     6.4059  34.057774    7.16487    7.45027    34.1687    34.2244     2.9258     3.3014     3.6364    89.9045 1.0740e+03     123483   5145.083      98.66         13  0.000e+00
     30.539     30.264     6.4091  34.010423     6.4049  34.057186    7.16856    7.45042    34.1683    34.2247     2.9270     3.3014     3.6364    89.9045 1.0740e+03     123484   5145.125      98.66         13  0.000e+00
     30.486     30.212     6.4090  34.010114     6.4060  34.057382    7.17285    7.45048    34.1681    34.2238     2.9282     3.3014     3.6364    89.9572 1.0740e+03     123485   5145.167      98.66         13  0.000e+00
     30.539     30.264     6.4088  34.009839     6.4057  34.057317    7.16912    7.44591    34.1680    34.2240     2.9270     3.3002     3.6364    90.0363 1.0759e+03     123486   5145.208      98.66         13  0.000e+00
     30.533     30.258     6.4082  34.009359     6.4057  34.057251    7.16981    7.44548    34.1680    34.2239     2.9270     3.3002     3.6364    90.0363 1.0759e+03     123487   5145.250      98.66         13  0.000e+00
     30.539     30.264     6.4078  34.009153     6.4052  34.057251    7.17050    7.44504    34.1681    34.2244     2.9270     3.3002     3.6364    90.0363 1.0759e+03     123488   5145.292      98.66         13  0.000e+00
     30.533     30.258     6.4069  34.008397     6.4056  34.057055    7.16621    7.44473    34.1682    34.2239     2.9258     3.3002     3.6364    90.0890 1.0759e+03     123489   5145.333      98.66         13  0.000e+00
     30.586     30.311     6.4071  34.008398     6.4052  34.056990    7.17062    7.44429    34.1680    34.2241     2.9270     3.3002     3.6364    90.1418 1.0759e+03     123490   5145.375      98.66         13  0.000e+00
     30.533     30.258     6.4082  34.009633     6.4049  34.056990    7.17036    7.44770    34.1683    34.2244     2.9270     3.3014     3.6364    90.0627 1.0759e+03     123491   5145.417      98.66         13  0.000e+00
     30.639     30.363     6.4093  34.010423     6.4044  34.056990    7.17028    7.44777    34.1680    34.2249     2.9270     3.3014     3.6950    90.0099 1.0759e+03     123492   5145.458      98.66         13  0.000e+00
     30.533     30.258     6.4094  34.010560     6.4048  34.057186    7.17016    7.44371    34.1681    34.2248     2.9270     3.3002     3.7390    90.0099 1.0779e+03     123493   5145.500      98.66         13  0.000e+00
     30.639     30.363     6.4094  34.010973     6.4053  34.057448    7.17023    7.44339    34.1685    34.2246     2.9270     3.3002     3.7536    89.9836 1.0779e+03     123494   5145.542      98.66         13  0.000e+00
     30.580     30.304     6.4098  34.011179     6.4052  34.058101    7.17451    7.44225    34.1684    34.2253     2.9282     3.3002     3.7463    89.9572 1.0779e+03     123495   5145.583      98.66         13  0.000e+00
     30.586     30.311     6.4098  34.010698     6.4057  34.057905    7.17152    7.44127    34.1679    34.2246     2.9270     3.3002     3.7463    89.9309 1.0779e+03     123496   5145.625      98.66         13  0.000e+00
     30.633     30.357     6.4098  34.010973     6.4060  34.057774    7.17594    7.44092    34.1682    34.2241     2.9282     3.3002     3.7463    89.9045 1.0779e+03     123497   5145.667      98.66         13  0.000e+00
     30.640     30.363     6.4099  34.012072     6.4056  34.057971    7.17213    7.44460    34.1692    34.2248     2.9270     3.3014     3.7463    89.9309 1.0779e+03     123498   5145.708      98.66         13  0.000e+00
     30.580     30.304     6.4107  34.012621     6.4064  34.058232    7.17263    7.43991    34.1691    34.2244     2.9270     3.3002     3.7463    89.9836 1.0799e+03     123499   5145.750      98.66         13  0.000e+00
     30.679     30.403     6.4112  34.012278     6.4064  34.058298    7.17268    7.43961    34.1682    34.2244     2.9270     3.3002     3.7463    90.0099 1.0799e+03     123500   5145.792      98.66         13  0.000e+00
     30.640     30.364     6.4112  34.012243     6.4062  34.058494    7.17264    7.43923    34.1681    34.2247     2.9270     3.3002     3.7463    89.9836 1.0799e+03     123501   5145.833      98.66         13  0.000e+00
     30.633     30.357     6.4109  34.011969     6.4065  34.058559    7.17341    7.43899    34.1682    34.2245     2.9270     3.3002     3.7463    89.9309 1.0799e+03     123502   5145.875      98.66         13  0.000e+00
     30.686     30.410     6.4107  34.011900     6.4060  34.058167    7.17790    7.43878    34.1682    34.2245     2.9282     3.3002     3.7463    89.9045 1.0818e+03     123503   5145.917      98.66         13  0.000e+00
     30.633     30.357     6.4106  34.011900     6.4062  34.058232    7.18223    7.43439    34.1684    34.2245     2.9294     3.2990     3.7463    89.8781 1.0818e+03     123504   5145.958      98.63         13  0.000e+00
     30.686     30.410     6.4104  34.011694     6.4059  34.058494    7.17920    7.43778    34.1683    34.2251     2.9282     3.3002     3.7463    89.8254 1.0818e+03     123505   5146.000      98.66         13  0.000e+00
     30.633     30.357     6.4106  34.011625     6.4067  34.058755    7.17970    7.43752    34.1681    34.2246     2.9282     3.3002     3.7463    89.7990 1.0818e+03     123506   5146.042      98.66         13  0.000e+00
     30.686     30.410     6.4110  34.012690     6.4065  34.059442    7.18018    7.43730    34.1688    34.2255     2.9282     3.3002     3.7463    89.8518 1.0818e+03     123507   5146.083      98.66         13  0.000e+00
     30.680     30.403     6.4114  34.013789     6.4070  34.060422    7.18058    7.43706    34.1697    34.2261     2.9282     3.3002     3.7463    89.9045 1.0818e+03     123508   5146.125      98.66         13  0.000e+00
