Ship_data/Southern/Southern_Ocean-02_NBP-15-11_2015-12-07/CTD NBP1511/process/nbp1511_010.ros
* Sea-Bird SBE 9 Data File:
* FileName = D:\Data\raw\NBP1511_010.hdr
* Software Version Seasave V 7.21e
* Temperature SN = 5730
* Conductivity SN = 1143
* Number of Bytes Per Scan = 40
* Number of Voltage Words = 5
* Number of Scans Averaged by the Deck Unit = 1
* NMEA Latitude = 54 07.72 S
* NMEA Longitude = 089 33.20 W
* NMEA UTC (Time) = Dec 17 2015  00:39:40
* NMEA baud rate = 9600
** Ship: RVIB N.B. Palmer
** Cruise: NBP1511
** Station: FLMA-2
** Operator: S. Blackman/B.Bjork
# nquan = 20
# nvalues = 784                                   
# units = specified
# name 0 = prDM: Pressure, Digiquartz [db]
# name 1 = depSM: Depth [salt water, m]
# name 2 = t090C: Temperature [ITS-90, deg C]
# name 3 = c0mS/cm: Conductivity [mS/cm]
# name 4 = t190C: Temperature, 2 [ITS-90, deg C]
# name 5 = c1mS/cm: Conductivity, 2 [mS/cm]
# name 6 = sbeox0ML/L: Oxygen, SBE 43 [ml/l]
# name 7 = sbeox1ML/L: Oxygen, SBE 43, 2 [ml/l]
# name 8 = sal00: Salinity, Practical [PSU]
# name 9 = sal11: Salinity, Practical, 2 [PSU]
# name 10 = sbeox0V: Oxygen raw, SBE 43 [V]
# name 11 = sbeox1V: Oxygen raw, SBE 43, 2 [V]
# name 12 = flECO-AFL: Fluorescence, WET Labs ECO-AFL/FL [mg/m^3]
# name 13 = CStarTr0: Beam Transmission, WET Labs C-Star [%]
# name 14 = spar: SPAR/Surface Irradiance
# name 15 = scan: Scan Count
# name 16 = timeS: Time, Elapsed [seconds]
# name 17 = altM: Altimeter [m]
# name 18 = nbf: Bottles Fired
# name 19 = flag:  0.000e+00
# interval = seconds: 0.0416667
# start_time = Dec 17 2015 00:39:40 [NMEA time, header]
# bad_flag = -9.990e-29
*END*
[from data line 435]
    354.194    350.728     5.3406  33.214832     5.3412  33.253836    6.74572    6.98307    34.1858    34.2298     2.6404     2.9764    -0.0413    95.8627 1.7703e+01     244336  10180.625      98.66          9  0.000e+00
    354.194    350.728     5.3407  33.214696     5.3413  33.253771    6.74942    6.98288    34.1856    34.2296     2.6416     2.9764    -0.0413    95.8627 1.7703e+01     244337  10180.667      98.66          9  0.000e+00
    354.154    350.688     5.3404  33.214662     5.3414  33.253900    6.74430    6.98722    34.1858    34.2297     2.6404     2.9776    -0.0413    95.8891 1.7703e+01     244338  10180.708      98.66          9  0.000e+00
    354.241    350.774     5.3406  33.214424     5.3410  33.253965    6.74324    6.98787    34.1853    34.2300     2.6404     2.9776    -0.0413    95.8364 1.7703e+01     244339  10180.750      98.66          9  0.000e+00
    354.194    350.728     5.3406  33.214764     5.3410  33.253771    6.74685    6.98313    34.1857    34.2298     2.6416     2.9764    -0.0413    95.8627 1.7703e+01     244340  10180.792      98.66          9  0.000e+00
    354.254    350.787     5.3406  33.214492     5.3413  33.253901    6.74743    6.98228    34.1854    34.2297     2.6416     2.9764    -0.0413    95.8627 1.7703e+01     244341  10180.833      98.66          9  0.000e+00
    252.154    249.748     5.4539  33.274178     5.4538  33.313986    6.70341    6.95500    34.1901    34.2356     2.6622     3.0042    -0.0046    95.8364 1.7703e+01     248194  10341.375      98.66         10  0.000e+00
    252.087    249.682     5.4538  33.273872     5.4539  33.313792    6.70283    6.95562    34.1899    34.2354     2.6622     3.0042    -0.0046    95.8100 1.7703e+01     248195  10341.417      98.66         10  0.000e+00
    252.088    249.682     5.4538  33.274552     5.4543  33.313630    6.69836    6.95625    34.1907    34.2347     2.6610     3.0042    -0.0046    95.8364 1.7703e+01     248196  10341.458      98.66         10  0.000e+00
    252.088    249.682     5.4539  33.274450     5.4540  33.314083    6.70258    6.95621    34.1904    34.2356     2.6622     3.0042    -0.0046    95.8100 1.7703e+01     248197  10341.500      98.66         10  0.000e+00
    252.134    249.728     5.4536  33.274858     5.4538  33.314051    6.70770    6.95624    34.1912    34.2357     2.6634     3.0042    -0.0046    95.8364 1.7703e+01     248198  10341.542      98.66         10  0.000e+00
    252.088    249.682     5.4539  33.274892     5.4538  33.313986    6.70794    6.95612    34.1910    34.2356     2.6634     3.0042    -0.0046    95.8364 1.7703e+01     248199  10341.583      98.66         10  0.000e+00
    252.134    249.728     5.4539  33.274654     5.4542  33.313986    6.70441    6.95615    34.1907    34.2353     2.6622     3.0042    -0.0046    95.8100 1.7703e+01     248200  10341.625      98.66         10  0.000e+00
    252.108    249.702     5.4538  33.274518     5.4537  33.313695    6.70478    6.95612    34.1907    34.2355     2.6622     3.0042    -0.0046    95.8364 1.7703e+01     248201  10341.667      98.66         10  0.000e+00
    252.134    249.728     5.4539  33.274960     5.4542  33.313695    6.70433    6.95607    34.1910    34.2349     2.6622     3.0042    -0.0046    95.8364 1.7703e+01     248202  10341.708      98.66         10  0.000e+00
    252.134    249.728     5.4539  33.274926     5.4538  33.313922    6.70472    6.95677    34.1910    34.2355     2.6622     3.0042    -0.0046    95.8100 1.7703e+01     248203  10341.750      98.66         10  0.000e+00
    252.188    249.781     5.4539  33.274586     5.4540  33.313986    6.70521    6.95684    34.1906    34.2354     2.6622     3.0042    -0.0046    95.8100 1.7703e+01     248204  10341.792      98.66         10  0.000e+00
    252.134    249.728     5.4539  33.274756     5.4534  33.313889    6.70480    6.95678    34.1908    34.2360     2.6622     3.0042    -0.0046    95.8100 1.7703e+01     248205  10341.833      98.66         10  0.000e+00
    252.188    249.781     5.4541  33.274858     5.4540  33.313954    6.70915    6.96120    34.1907    34.2354     2.6634     3.0054    -0.0046    95.8100 1.7703e+01     248206  10341.875      98.66         10  0.000e+00
    252.108    249.702     5.4541  33.274586     5.4543  33.314180    6.70479    6.96181    34.1904    34.2353     2.6622     3.0054    -0.0046    95.8100 1.7703e+01     248207  10341.917      98.66         10  0.000e+00
    252.288    249.880     5.4538  33.274586     5.4538  33.314052    6.71011    6.95826    34.1907    34.2356     2.6634     3.0042    -0.0046    95.8364 1.7703e+01     248208  10341.958      98.66         10  0.000e+00
    252.235    249.827     5.4539  33.274790     5.4546  33.314181    6.71043    6.95812    34.1908    34.2350     2.6634     3.0042    -0.0046    95.8364 1.7703e+01     248209  10342.000      98.66         10  0.000e+00
    252.235    249.827     5.4539  33.274790     5.4543  33.314148    6.71161    6.95806    34.1908    34.2352     2.6634     3.0042    -0.0046    95.8100 1.7703e+01     248210  10342.042      98.66         10  0.000e+00
    252.235    249.827     5.4539  33.274450     5.4542  33.314213    6.70811    6.95802    34.1904    34.2355     2.6622     3.0042    -0.0046    95.8364 1.7703e+01     248211  10342.083      98.66         10  0.000e+00
    252.235    249.827     5.4539  33.274450     5.4540  33.314051    6.70771    6.95796    34.1904    34.2355     2.6622     3.0042    -0.0046    95.8100 1.7703e+01     248212  10342.125      98.66         10  0.000e+00
    252.288    249.880     5.4538  33.274382     5.4540  33.313987    6.71209    6.95797    34.1904    34.2354     2.6634     3.0042    -0.0046    95.8364 1.7703e+01     248213  10342.167      98.66         10  0.000e+00
    252.255    249.847     5.4541  33.274926     5.4543  33.313987    6.70847    6.96222    34.1908    34.2351     2.6622     3.0054    -0.0046    95.8100 1.7703e+01     248214  10342.208      98.66         10  0.000e+00
    252.335    249.926     5.4539  33.274654     5.4543  33.314084    6.70900    6.95853    34.1906    34.2351     2.6622     3.0042    -0.0046    95.8364 1.7703e+01     248215  10342.250      98.66         10  0.000e+00
    252.335    249.927     5.4538  33.274586     5.4543  33.314213    6.70948    6.95847    34.1906    34.2353     2.6622     3.0042    -0.0046    95.8100 1.7703e+01     248216  10342.292      98.66         10  0.000e+00
    252.335    249.927     5.4541  33.274620     5.4540  33.314052    6.71381    6.95834    34.1904    34.2354     2.6634     3.0042    -0.0046    95.8364 1.7703e+01     248217  10342.333      98.66         10  0.000e+00
    252.335    249.927     5.4539  33.274518     5.4539  33.313987    6.70956    6.95827    34.1904    34.2355     2.6622     3.0042    -0.0046    95.8364 1.7703e+01     248218  10342.375      98.66         10  0.000e+00
    252.382    249.973     5.4538  33.274382     5.4542  33.314084    6.71009    6.95826    34.1904    34.2353     2.6622     3.0042    -0.0046    95.8100 1.7703e+01     248219  10342.417      98.66         10  0.000e+00
    252.382    249.973     5.4539  33.274722     5.4542  33.314019    6.71442    6.95813    34.1906    34.2352     2.6634     3.0042    -0.0046    95.8100 1.7703e+01     248220  10342.458      98.66         10  0.000e+00
    252.448    250.039     5.4538  33.274587     5.4543  33.313987    6.71106    6.95813    34.1906    34.2350     2.6622     3.0042    -0.0046    95.8364 1.7703e+01     248221  10342.500      98.66         10  0.000e+00
    252.435    250.026     5.4539  33.274383     5.4542  33.313987    6.71153    6.95802    34.1902    34.2351     2.6622     3.0042    -0.0046    95.8364 1.7703e+01     248222  10342.542      98.66         10  0.000e+00
    252.435    250.026     5.4538  33.274145     5.4539  33.314181    6.71208    6.95796    34.1901    34.2357     2.6622     3.0042    -0.0046    95.8100 1.7703e+01     248223  10342.583      98.66         10  0.000e+00
    252.482    250.072     5.4538  33.274791     5.4540  33.313955    6.71183    6.95788    34.1908    34.2352     2.6622     3.0042    -0.0046    95.8364 1.7703e+01     248224  10342.625      98.66         10  0.000e+00
    252.482    250.072     5.4539  33.274893     5.4540  33.313955    6.70684    6.95777    34.1908    34.2352     2.6610     3.0042    -0.0046    95.8100 1.7703e+01     248225  10342.667      98.66         10  0.000e+00
    252.535    250.125     5.4536  33.274655     5.4543  33.313988    6.71144    6.95778    34.1908    34.2349     2.6622     3.0042    -0.0046    95.8100 1.7703e+01     248226  10342.708      98.66         10  0.000e+00
    252.482    250.072     5.4539  33.274519     5.4540  33.313987    6.71586    6.95761    34.1903    34.2353     2.6634     3.0042    -0.0046    95.8100 1.7703e+01     248227  10342.750      98.66         10  0.000e+00
    252.602    250.191     5.4538  33.274383     5.4540  33.313988    6.71655    6.95766    34.1903    34.2352     2.6634     3.0042    -0.0046    95.8100 1.7703e+01     248228  10342.792      98.66         10  0.000e+00
    252.582    250.171     5.4538  33.274655     5.4542  33.313891    6.71234    6.95754    34.1906    34.2349     2.6622     3.0042    -0.0046    95.8100 1.7703e+01     248229  10342.833      98.66         10  0.000e+00
    252.582    250.171     5.4538  33.274655     5.4538  33.313761    6.71208    6.96185    34.1906    34.2351     2.6622     3.0054    -0.0046    95.8100 1.7703e+01     248230  10342.875      98.66         10  0.000e+00
    252.629    250.217     5.4539  33.274417     5.4543  33.313923    6.71103    6.96247    34.1901    34.2348     2.6622     3.0054    -0.0046    95.8100 1.7703e+01     248231  10342.917      98.66         10  0.000e+00
    252.682    250.270     5.4538  33.274859     5.4535  33.313794    6.71078    6.96307    34.1908    34.2354     2.6622     3.0054    -0.0046    95.7836 1.7703e+01     248232  10342.958      98.66         10  0.000e+00
    252.682    250.270     5.4538  33.274893     5.4542  33.313826    6.71130    6.95919    34.1908    34.2348     2.6622     3.0042    -0.0120    95.8364 1.7703e+01     248233  10343.000      98.66         10  0.000e+00
    252.682    250.270     5.4538  33.274859     5.4540  33.313956    6.71574    6.95902    34.1908    34.2351     2.6634     3.0042    -0.0193    95.8364 1.7703e+01     248234  10343.042      98.66         10  0.000e+00
    252.749    250.337     5.4541  33.274996     5.4537  33.313988    6.72094    6.95885    34.1906    34.2355     2.6646     3.0042    -0.0193    95.8364 1.7703e+01     248235  10343.083      98.66         10  0.000e+00
    252.729    250.317     5.4542  33.275472     5.4537  33.314182    6.71739    6.95861    34.1910    34.2357     2.6634     3.0042    -0.0193    95.8100 1.7703e+01     248236  10343.125      98.66         10  0.000e+00
    252.782    250.370     5.4544  33.275642     5.4540  33.314441    6.71780    6.95845    34.1909    34.2356     2.6634     3.0042    -0.0193    95.8100 1.7703e+01     248237  10343.167      98.66         10  0.000e+00
    252.782    250.370     5.4544  33.275778     5.4542  33.314409    6.71815    6.95826    34.1911    34.2354     2.6634     3.0042    -0.0193    95.8100 1.7703e+01     248238  10343.208      98.66         10  0.000e+00
    252.829    250.416     5.4545  33.276050     5.4548  33.315056    6.71380    6.95810    34.1913    34.2355     2.6622     3.0042    -0.0193    95.8364 1.7703e+01     248239  10343.250      98.66         10  0.000e+00
    252.829    250.416     5.4552  33.276526     5.4550  33.315283    6.71323    6.95781    34.1912    34.2356     2.6622     3.0042    -0.0193    95.8100 1.7703e+01     248240  10343.292      98.66         10  0.000e+00
    252.876    250.462     5.4555  33.276628     5.4553  33.315283    6.71277    6.95763    34.1909    34.2352     2.6622     3.0042    -0.0193    95.8100 1.7703e+01     248241  10343.333      98.66         10  0.000e+00
    252.876    250.462     5.4555  33.277036     5.4551  33.316060    6.71617    6.95743    34.1914    34.2363     2.6634     3.0042    -0.0193    95.8100 1.7703e+01     248242  10343.375      98.66         10  0.000e+00
    181.941    180.235     5.5766  33.357360     5.5766  33.396539    6.75744    7.00756    34.1960    34.2406     2.7040     3.0508     0.0027    95.8100 1.7703e+01     250945  10456.000      98.63         11  0.000e+00
    181.941    180.235     5.5767  33.356645     5.5767  33.396409    6.75360    7.01129    34.1950    34.2403     2.7028     3.0520     0.0027    95.8364 1.7703e+01     250946  10456.042      98.66         11  0.000e+00
    181.894    180.189     5.5766  33.356406     5.5769  33.396539    6.75441    7.00767    34.1949    34.2403     2.7028     3.0508     0.0027    95.8364 1.7703e+01     250947  10456.083      98.66         11  0.000e+00
    181.994    180.288     5.5766  33.356781     5.5772  33.396701    6.75458    7.00713    34.1953    34.2401     2.7028     3.0508     0.0027    95.8364 1.7703e+01     250948  10456.125      98.66         11  0.000e+00
    181.974    180.268     5.5764  33.356917     5.5769  33.396830    6.75390    7.00721    34.1956    34.2405     2.7028     3.0508     0.0027    95.8100 1.7703e+01     250949  10456.167      98.66         11  0.000e+00
    181.994    180.288     5.5765  33.356509     5.5773  33.397252    6.74864    7.00735    34.1951    34.2406     2.7015     3.0508     0.0027    95.8100 1.7703e+01     250950  10456.208      98.66         11  0.000e+00
    181.994    180.288     5.5763  33.356577     5.5771  33.396992    6.75268    7.00752    34.1954    34.2406     2.7028     3.0508     0.0027    95.8364 1.7703e+01     250951  10456.250      98.66         11  0.000e+00
    181.994    180.288     5.5764  33.357224     5.5776  33.397057    6.75203    7.00763    34.1960    34.2402     2.7028     3.0508     0.0027    95.8100 1.7703e+01     250952  10456.292      98.66         11  0.000e+00
    181.994    180.288     5.5768  33.357428     5.5774  33.397025    6.75136    7.00776    34.1958    34.2403     2.7028     3.0508     0.0027    95.7836 1.7703e+01     250953  10456.333      98.66         11  0.000e+00
    182.041    180.334     5.5766  33.357224     5.5779  33.397284    6.75164    7.00808    34.1958    34.2400     2.7028     3.0508     0.0027    95.8100 1.7703e+01     250954  10456.375      98.66         11  0.000e+00
    182.041    180.334     5.5767  33.357360     5.5771  33.397187    6.75183    7.01263    34.1958    34.2407     2.7028     3.0520     0.0027    95.8100 1.7703e+01     250955  10456.417      98.66         11  0.000e+00
    182.074    180.367     5.5770  33.357632     5.5771  33.396928    6.75127    7.01355    34.1958    34.2404     2.7028     3.0520     0.0027    95.8364 1.7703e+01     250956  10456.458      98.66         11  0.000e+00
    182.041    180.334     5.5769  33.357700     5.5769  33.397252    6.75071    7.01375    34.1960    34.2410     2.7028     3.0520     0.0027    95.8364 1.7703e+01     250957  10456.500      98.66         11  0.000e+00
    182.088    180.380     5.5769  33.357701     5.5772  33.397090    6.75101    7.01399    34.1960    34.2405     2.7028     3.0520     0.0027    95.8100 1.7703e+01     250958  10456.542      98.66         11  0.000e+00
    182.088    180.380     5.5773  33.357701     5.5767  33.397090    6.74662    7.01411    34.1956    34.2410     2.7015     3.0520     0.0027    95.8100 1.7703e+01     250959  10456.583      98.66         11  0.000e+00
    182.088    180.380     5.5774  33.358075     5.5771  33.396928    6.74617    7.01492    34.1959    34.2404     2.7015     3.0520     0.0027    95.8364 1.7703e+01     250960  10456.625      98.66         11  0.000e+00
