Ship_data/Southern/Southern_Ocean-02_NBP-15-11_2015-12-07/CTD NBP1511/process/nbp1511_012.ros
* Sea-Bird SBE 9 Data File:
* FileName = D:\Data\raw\NBP1511_012.hdr
* Software Version Seasave V 7.21e
* Temperature SN = 5730
* Conductivity SN = 1143
* Number of Bytes Per Scan = 40
* Number of Voltage Words = 5
* Number of Scans Averaged by the Deck Unit = 1
* NMEA Latitude = 54 04.98 S
* NMEA Longitude = 088 53.47 W
* NMEA UTC (Time) = Dec 18 2015  23:26:57
* NMEA baud rate = 9600
** Ship: RVIB N.B. Palmer
** Cruise: NBP1511
** Station: FLMB-1, FLMB-2
** Operator: S. Blackman
# nquan = 20
# nvalues = 637                                   
# units = specified
# name 0 = prDM: Pressure, Digiquartz [db]
# name 1 = depSM: Depth [salt water, m]
# name 2 = t090C: Temperature [ITS-90, deg C]
# name 3 = c0mS/cm: Conductivity [mS/cm]
# name 4 = t190C: Temperature, 2 [ITS-90, deg C]
# name 5 = c1mS/cm: Conductivity, 2 [mS/cm]
# name 6 = sbeox0ML/L: Oxygen, SBE 43 [ml/l]
# name 7 = sbeox1ML/L: Oxygen, SBE 43, 2 [ml/l]
# name 8 = sal00: Salinity, Practical [PSU]
# name 9 = sal11: Salinity, Practical, 2 [PSU]
# name 10 = sbeox0V: Oxygen raw, SBE 43 [V]
# name 11 = sbeox1V: Oxygen raw, SBE 43, 2 [V]
# name 12 = flECO-AFL: Fluorescence, WET Labs ECO-AFL/FL [mg/m^3]
# name 13 = CStarTr0: Beam Transmission, WET Labs C-Star [%]
# name 14 = spar: SPAR/Surface Irradiance
# name 15 = scan: Scan Count
# name 16 = timeS: Time, Elapsed [seconds]
# name 17 = altM: Altimeter [m]
# name 18 = nbf: Bottles Fired
# name 19 = flag:  0.000e+00
# interval = seconds: 0.0416667
# start_time = Dec 18 2015 23:26:57 [NMEA time, header]
# bad_flag = -9.990e-29
*END*
[from data line 290]
    352.365    348.919     5.3553  33.228925     5.3556  33.277209    6.74049    6.95726    34.1878    34.2427     2.6373     2.9680    -0.0266    95.7573 7.6908e+02     107985   4499.333      98.66          6  0.000e+00
    352.465    349.018     5.3553  33.228653     5.3557  33.277792    6.73662    6.95300    34.1875    34.2433     2.6361     2.9668    -0.0266    95.7309 7.6908e+02     107986   4499.375      98.66          6  0.000e+00
    352.458    349.012     5.3553  33.228993     5.3553  33.277468    6.73575    6.95236    34.1879    34.2432     2.6361     2.9668    -0.0266    95.7573 7.6908e+02     107987   4499.417      98.66          6  0.000e+00
    352.418    348.972     5.3553  33.229367     5.3553  33.277468    6.73480    6.95619    34.1883    34.2433     2.6361     2.9680    -0.0266    95.7573 7.7105e+02     107988   4499.458      98.66          6  0.000e+00
    252.388    249.980     5.5058  33.324411     5.5054  33.372835    6.77978    7.00569    34.1946    34.2501     2.6843     3.0223     0.0027    95.7045 1.2412e+03     111429   4642.833      98.66          7  0.000e+00
    252.341    249.934     5.5057  33.324410     5.5049  33.372835    6.77893    7.00545    34.1947    34.2506     2.6843     3.0223     0.0027    95.7045 1.2412e+03     111430   4642.875      98.66          7  0.000e+00
    252.361    249.954     5.5059  33.324785     5.5051  33.372705    6.77886    7.00518    34.1948    34.2502     2.6843     3.0223     0.0027    95.7045 1.2431e+03     111431   4642.917      98.66          7  0.000e+00
    252.388    249.980     5.5058  33.324921     5.5051  33.372770    6.77804    7.00056    34.1951    34.2503     2.6843     3.0210     0.0027    95.7309 1.2431e+03     111432   4642.958      98.66          7  0.000e+00
    252.341    249.934     5.5054  33.324513     5.5053  33.372867    6.77719    7.00402    34.1951    34.2503     2.6843     3.0223     0.0027    95.7309 1.2431e+03     111433   4643.000      98.66          7  0.000e+00
    252.341    249.934     5.5058  33.324785     5.5051  33.373094    6.78090    7.00366    34.1950    34.2507     2.6855     3.0223     0.0027    95.7309 1.2451e+03     111434   4643.042      98.66          7  0.000e+00
    252.435    250.027     5.5058  33.325125     5.5054  33.373159    6.77690    7.00342    34.1953    34.2504     2.6843     3.0223     0.0027    95.7309 1.2451e+03     111435   4643.083      98.66          7  0.000e+00
    252.341    249.934     5.5061  33.324649     5.5056  33.373353    6.77582    6.99929    34.1945    34.2505     2.6843     3.0210     0.0027    95.7045 1.2471e+03     111436   4643.125      98.66          7  0.000e+00
    252.388    249.980     5.5063  33.325193     5.5062  33.373612    6.77480    6.99899    34.1949    34.2501     2.6843     3.0210     0.0027    95.7045 1.2471e+03     111437   4643.167      98.66          7  0.000e+00
    252.341    249.934     5.5064  33.325431     5.5056  33.373677    6.77919    6.99793    34.1951    34.2509     2.6855     3.0210     0.0027    95.7309 1.2471e+03     111438   4643.208      98.66          7  0.000e+00
    252.388    249.980     5.5064  33.325431     5.5057  33.373677    6.77424    7.00210    34.1951    34.2507     2.6843     3.0223     0.0027    95.7045 1.2490e+03     111439   4643.250      98.66          7  0.000e+00
    252.388    249.980     5.5067  33.325431     5.5058  33.373677    6.77310    7.00250    34.1948    34.2507     2.6843     3.0223     0.0027    95.7045 1.2490e+03     111440   4643.292      98.66          7  0.000e+00
    252.388    249.981     5.5066  33.325635     5.5057  33.373482    6.77746    6.99782    34.1951    34.2505     2.6855     3.0210     0.0027    95.7309 1.2490e+03     111441   4643.333      98.66          7  0.000e+00
    252.388    249.981     5.5067  33.325499     5.5056  33.373223    6.77319    6.99682    34.1949    34.2503     2.6843     3.0210     0.0027    95.7309 1.2490e+03     111442   4643.375      98.66          7  0.000e+00
    252.388    249.981     5.5063  33.325023     5.5057  33.373159    6.77209    6.99591    34.1947    34.2501     2.6843     3.0210     0.0027    95.7045 1.2510e+03     111443   4643.417      98.66          7  0.000e+00
    252.389    249.981     5.5064  33.324717     5.5056  33.373094    6.77170    6.99565    34.1943    34.2502     2.6843     3.0210     0.0027    95.6782 1.2510e+03     111444   4643.458      98.66          7  0.000e+00
    252.435    250.027     5.5060  33.324887     5.5053  33.373126    6.77139    6.99551    34.1949    34.2505     2.6843     3.0210     0.0027    95.6782 1.2530e+03     111445   4643.500      98.66          7  0.000e+00
    252.389    249.981     5.5058  33.324547     5.5059  33.372576    6.77017    6.99970    34.1947    34.2493     2.6843     3.0223     0.0027    95.6518 1.2530e+03     111446   4643.542      98.66          7  0.000e+00
    252.435    250.027     5.5061  33.324615     5.5053  33.372576    6.76976    7.00020    34.1945    34.2499     2.6843     3.0223     0.0027    95.6782 1.2530e+03     111447   4643.583      98.66          7  0.000e+00
    252.389    249.981     5.5058  33.324683     5.5051  33.372835    6.77482    6.99628    34.1948    34.2504     2.6855     3.0210     0.0027    95.7045 1.2530e+03     111448   4643.625      98.66          7  0.000e+00
    252.389    249.981     5.5059  33.324683     5.5053  33.372900    6.77130    6.99976    34.1947    34.2503     2.6843     3.0223     0.0027    95.6782 1.2530e+03     111449   4643.667      98.66          7  0.000e+00
    252.436    250.027     5.5058  33.324683     5.5051  33.373094    6.77096    6.99958    34.1948    34.2507     2.6843     3.0223     0.0027    95.7045 1.2549e+03     111450   4643.708      98.66          7  0.000e+00
    252.436    250.027     5.5058  33.324683     5.5051  33.372770    6.77057    6.99933    34.1948    34.2503     2.6843     3.0223     0.0027    95.7309 1.2549e+03     111451   4643.750      98.66          7  0.000e+00
    252.389    249.981     5.5057  33.324683     5.5053  33.372641    6.77015    6.99973    34.1950    34.2500     2.6843     3.0223    -0.0046    95.7045 1.2549e+03     111452   4643.792      98.66          7  0.000e+00
    252.489    250.080     5.5057  33.324683     5.5050  33.372641    6.76985    6.99587    34.1949    34.2503     2.6843     3.0210    -0.0046    95.6782 1.2549e+03     111453   4643.833      98.66          7  0.000e+00
    252.436    250.027     5.5059  33.325091     5.5049  33.373029    6.76935    6.99553    34.1952    34.2508     2.6843     3.0210    -0.0046    95.7045 1.2549e+03     111454   4643.875      98.66          7  0.000e+00
    252.409    250.001     5.5060  33.325363     5.5053  33.372770    6.76892    6.99967    34.1954    34.2501     2.6843     3.0223    -0.0046    95.7045 1.2549e+03     111455   4643.917      98.66          7  0.000e+00
    252.436    250.028     5.5061  33.325840     5.5046  33.372641    6.76933    7.00015    34.1959    34.2506     2.6843     3.0223    -0.0046    95.7309 1.2569e+03     111456   4643.958      98.66          7  0.000e+00
    252.489    250.080     5.5066  33.325568     5.5050  33.372576    6.76897    6.99625    34.1950    34.2502     2.6843     3.0210    -0.0046    95.7309 1.2569e+03     111457   4644.000      98.66          7  0.000e+00
    252.436    250.028     5.5069  33.325636     5.5048  33.372997    6.76852    7.00037    34.1948    34.2509     2.6843     3.0223    -0.0046    95.7045 1.2569e+03     111458   4644.042      98.66          7  0.000e+00
    252.436    250.028     5.5071  33.325908     5.5053  33.372965    6.77281    6.99573    34.1949    34.2503     2.6855     3.0210    -0.0046    95.7309 1.2569e+03     111459   4644.083      98.66          7  0.000e+00
    252.489    250.081     5.5072  33.326350     5.5053  33.372900    6.76852    6.99557    34.1953    34.2502     2.6843     3.0210    -0.0046    95.7309 1.2569e+03     111460   4644.125      98.66          7  0.000e+00
    252.490    250.081     5.5074  33.326282     5.5054  33.372706    6.76811    6.99540    34.1950    34.2499     2.6843     3.0210    -0.0046    95.7045 1.2569e+03     111461   4644.167      98.66          7  0.000e+00
    252.436    250.028     5.5075  33.326418     5.5049  33.372835    6.77315    6.99887    34.1950    34.2505     2.6855     3.0223    -0.0046    95.7309 1.2569e+03     111462   4644.208      98.66          7  0.000e+00
    252.490    250.081     5.5073  33.326146     5.5051  33.373094    6.76975    6.99951    34.1949    34.2506     2.6843     3.0223    -0.0046    95.6782 1.2569e+03     111463   4644.250      98.66          7  0.000e+00
    252.490    250.081     5.5072  33.326554     5.5051  33.373159    6.77020    7.00006    34.1955    34.2507     2.6843     3.0222    -0.0046    95.7309 1.2589e+03     111464   4644.292      98.66          7  0.000e+00
    252.490    250.081     5.5075  33.326350     5.5051  33.373159    6.76985    6.99986    34.1950    34.2507     2.6843     3.0222    -0.0046    95.7309 1.2589e+03     111465   4644.333      98.66          7  0.000e+00
    252.490    250.081     5.5074  33.325806     5.5054  33.372965    6.76957    7.00042    34.1944    34.2502     2.6843     3.0222    -0.0046    95.7045 1.2589e+03     111466   4644.375      98.66          7  0.000e+00
    252.537    250.127     5.5076  33.325908     5.5054  33.372706    6.76924    7.00095    34.1943    34.2498     2.6843     3.0222    -0.0046    95.7309 1.2589e+03     111467   4644.417      98.66          7  0.000e+00
    252.490    250.081     5.5074  33.326146     5.5051  33.372835    6.76889    7.00145    34.1948    34.2503     2.6843     3.0222    -0.0046    95.7045 1.2589e+03     111468   4644.458      98.66          7  0.000e+00
    252.490    250.081     5.5075  33.326418     5.5051  33.373029    6.77323    6.99755    34.1950    34.2505     2.6855     3.0210    -0.0046    95.7045 1.2589e+03     111469   4644.500      98.66          7  0.000e+00
    252.537    250.127     5.5074  33.326078     5.5053  33.372932    6.76904    7.00188    34.1947    34.2503     2.6843     3.0222    -0.0046    95.7045 1.2589e+03     111470   4644.542      98.66          7  0.000e+00
    252.537    250.127     5.5071  33.325772     5.5053  33.372900    6.76955    7.00249    34.1947    34.2502     2.6843     3.0222    -0.0046    95.7309 1.2589e+03     111471   4644.583      98.66          7  0.000e+00
    252.537    250.127     5.5072  33.325942     5.5049  33.372511    6.76920    6.99862    34.1948    34.2501     2.6843     3.0210    -0.0046    95.7309 1.2589e+03     111472   4644.625      98.66          7  0.000e+00
    252.490    250.081     5.5072  33.325772     5.5051  33.372576    6.76965    7.00213    34.1946    34.2500     2.6843     3.0222    -0.0046    95.7045 1.2589e+03     111473   4644.667      98.66          7  0.000e+00
    252.537    250.128     5.5072  33.325908     5.5051  33.372641    6.77408    6.99833    34.1947    34.2501     2.6855     3.0210    -0.0046    95.7309 1.2589e+03     111474   4644.708      98.66          7  0.000e+00
    252.537    250.128     5.5072  33.325568     5.5054  33.372447    6.77537    6.99822    34.1943    34.2495     2.6855     3.0210    -0.0046    95.7309 1.2608e+03     111475   4644.750      98.66          7  0.000e+00
    252.537    250.128     5.5069  33.325840     5.5048  33.372965    6.77667    7.00184    34.1950    34.2508     2.6855     3.0222    -0.0046    95.7309 1.2608e+03     111476   4644.792      98.66          7  0.000e+00
    252.591    250.181     5.5071  33.326351     5.5048  33.372965    6.77244    7.00241    34.1953    34.2507     2.6843     3.0222    -0.0046    95.7309 1.2608e+03     111477   4644.833      98.66          7  0.000e+00
    181.754    180.051     5.6726  33.447712     5.6569  33.482623    6.77317    7.00332    34.2013    34.2569     2.7129     3.0545     0.0320    95.6255 7.0614e+02     114452   4768.792      98.66          8  0.000e+00
    181.701    179.998     5.6729  33.447576     5.6577  33.483726    6.77795    7.00321    34.2009    34.2574     2.7141     3.0545     0.0320    95.6255 7.0614e+02     114453   4768.833      98.66          8  0.000e+00
    181.754    180.051     5.6740  33.448394     5.6582  33.484310    6.77880    7.00303    34.2007    34.2575     2.7141     3.0545     0.0320    95.6518 7.0811e+02     114454   4768.875      98.66          8  0.000e+00
    181.734    180.031     5.6753  33.449007     5.6589  33.484893    6.77493    7.00348    34.2001    34.2575     2.7129     3.0545     0.0320    95.6518 7.0811e+02     114455   4768.917      98.66          8  0.000e+00
    181.754    180.051     5.6756  33.449211     5.6600  33.487326    6.77969    7.00344    34.1999    34.2591     2.7141     3.0545     0.0320    95.6518 7.1007e+02     114456   4768.958      98.66          8  0.000e+00
    181.801    180.097     5.6753  33.450132     5.6645  33.491510    6.77604    7.00780    34.2013    34.2593     2.7129     3.0557     0.0320    95.6255 7.1007e+02     114457   4769.000      98.66          8  0.000e+00
    181.754    180.051     5.6756  33.451086     5.6688  33.495953    6.78067    7.00399    34.2021    34.2600     2.7141     3.0545     0.0320    95.6518 7.1204e+02     114458   4769.042      98.66          8  0.000e+00
    181.788    180.084     5.6761  33.451222     5.6725  33.498840    6.78073    7.00392    34.2018    34.2595     2.7141     3.0545     0.0320    95.6518 7.1204e+02     114459   4769.083      98.66          8  0.000e+00
    181.755    180.051     5.6754  33.450098     5.6752  33.499910    6.77705    7.00402    34.2012    34.2579     2.7129     3.0545     0.0247    95.6255 7.1401e+02     114460   4769.125      98.66          8  0.000e+00
    181.801    180.098     5.6737  33.448701     5.6751  33.500754    6.77665    7.00433    34.2013    34.2590     2.7129     3.0545     0.0247    95.6518 7.1401e+02     114461   4769.167      98.66          8  0.000e+00
    181.801    180.098     5.6726  33.447849     5.6760  33.501954    6.78068    7.00450    34.2015    34.2594     2.7141     3.0545     0.0247    95.6782 7.1401e+02     114462   4769.208      98.66          8  0.000e+00
    181.788    180.084     5.6720  33.448189     5.6786  33.502765    6.78145    7.00452    34.2025    34.2577     2.7141     3.0545     0.0247    95.6518 7.1597e+02     114463   4769.250      98.66          8  0.000e+00
    181.801    180.098     5.6720  33.448939     5.6791  33.503219    6.77751    7.00447    34.2033    34.2577     2.7129     3.0545     0.0247    95.6518 7.1794e+02     114464   4769.292      98.66          8  0.000e+00
    181.855    180.151     5.6737  33.452143     5.6794  33.502538    6.77633    7.00408    34.2052    34.2566     2.7129     3.0545     0.0247    95.6255 7.1794e+02     114465   4769.333      98.66          8  0.000e+00
    181.802    180.098     5.6767  33.455210     5.6789  33.500916    6.78026    7.00343    34.2056    34.2553     2.7141     3.0545     0.0247    95.6255 7.1991e+02     114466   4769.375      98.66          8  0.000e+00
    181.855    180.151     5.6794  33.456335     5.6781  33.500170    6.77594    7.00303    34.2041    34.2552     2.7129     3.0545     0.0247    95.5991 7.1991e+02     114467   4769.417      98.66          8  0.000e+00
    181.788    180.085     5.6805  33.456914     5.6778  33.500948    6.77480    7.00276    34.2037    34.2564     2.7129     3.0545     0.0247    95.6255 7.1991e+02     114468   4769.458      98.66          8  0.000e+00
    181.855    180.151     5.6816  33.457562     5.6780  33.502019    6.77453    7.00260    34.2033    34.2575     2.7129     3.0545     0.0247    95.6255 7.2188e+02     114469   4769.500      98.66          8  0.000e+00
