Ship_data/Southern/Southern_Ocean-02_NBP-15-11_2015-12-07/CTD NBP1511/process/nbp1511_013.ros
* Sea-Bird SBE 9 Data File:
* FileName = D:\Data\raw\NBP1511_013.hdr
* Software Version Seasave V 7.21e
* Temperature SN = 5730
* Conductivity SN = 1143
* Number of Bytes Per Scan = 40
* Number of Voltage Words = 5
* Number of Scans Averaged by the Deck Unit = 1
* NMEA Latitude = 54 07.56 S
* NMEA Longitude = 089 45.00 W
* NMEA UTC (Time) = Dec 20 2015  15:46:00
* NMEA baud rate = 9600
** Ship: RVIB N.B. Palmer
** Cruise: NBP1511
** Station: FLMA-2
** Operator: B. Bjork
# nquan = 20
# nvalues = 392                                   
# units = specified
# name 0 = prDM: Pressure, Digiquartz [db]
# name 1 = depSM: Depth [salt water, m]
# name 2 = t090C: Temperature [ITS-90, deg C]
# name 3 = c0mS/cm: Conductivity [mS/cm]
# name 4 = t190C: Temperature, 2 [ITS-90, deg C]
# name 5 = c1mS/cm: Conductivity, 2 [mS/cm]
# name 6 = sbeox0ML/L: Oxygen, SBE 43 [ml/l]
# name 7 = sbeox1ML/L: Oxygen, SBE 43, 2 [ml/l]
# name 8 = sal00: Salinity, Practical [PSU]
# name 9 = sal11: Salinity, Practical, 2 [PSU]
# name 10 = sbeox0V: Oxygen raw, SBE 43 [V]
# name 11 = sbeox1V: Oxygen raw, SBE 43, 2 [V]
# name 12 = flECO-AFL: Fluorescence, WET Labs ECO-AFL/FL [mg/m^3]
# name 13 = CStarTr0: Beam Transmission, WET Labs C-Star [%]
# name 14 = spar: SPAR/Surface Irradiance
# name 15 = scan: Scan Count
# name 16 = timeS: Time, Elapsed [seconds]
# name 17 = altM: Altimeter [m]
# name 18 = nbf: Bottles Fired
# name 19 = flag:  0.000e+00
# interval = seconds: 0.0416667
# start_time = Dec 20 2015 15:46:00 [NMEA time, header]
# bad_flag = -9.990e-29
*END*
[from data line 73]
    808.138    799.356     4.5146  32.689261     4.5177  32.745108    5.61255    5.73408    34.1954    34.2571     2.1526     2.4240    -0.0193    95.7309 1.3690e+03      41047   1710.250      98.66          2  0.000e+00
    808.057    799.276     4.5144  32.688822     4.5201  32.747516    5.61223    5.73525    34.1951    34.2576     2.1526     2.4240    -0.0193    95.7045 1.3690e+03      41048   1710.292      98.66          2  0.000e+00
    808.084    799.303     4.5148  32.690104     4.5227  32.750470    5.61174    5.73638    34.1963    34.2583     2.1526     2.4240    -0.0266    95.7045 1.3690e+03      41049   1710.333      98.66          2  0.000e+00
    808.111    799.330     4.5156  32.692634     4.5251  32.753327    5.60568    5.73740    34.1984    34.2591     2.1514     2.4240    -0.0193    95.7309 1.3690e+03      41050   1710.375      98.66          2  0.000e+00
    808.037    799.257     4.5174  32.694050     4.5268  32.754612    5.60477    5.73732    34.1981    34.2589     2.1514     2.4240    -0.0193    95.7045 1.3690e+03      41051   1710.417      98.66          2  0.000e+00
    808.111    799.330     4.5187  32.695838     4.5275  32.754034    5.60398    5.73738    34.1989    34.2575     2.1514     2.4240    -0.0266    95.7045 1.3690e+03      41052   1710.458      98.66          2  0.000e+00
    808.158    799.377     4.5208  32.697120     4.5267  32.752204    5.59773    5.73730    34.1982    34.2562     2.1502     2.4240    -0.0266    95.7045 1.3690e+03      41053   1710.500      98.66          2  0.000e+00
    808.084    799.303     4.5220  32.698503     4.5262  32.751914    5.60113    5.73219    34.1986    34.2564     2.1514     2.4227    -0.0193    95.7045 1.3690e+03      41054   1710.542      98.66          2  0.000e+00
    808.111    799.330     4.5234  32.700628     4.5270  32.752011    5.60552    5.73121    34.1996    34.2557     2.1526     2.4227    -0.0193    95.7309 1.3710e+03      41055   1710.583      98.66          2  0.000e+00
    808.084    799.303     4.5248  32.700898     4.5278  32.752203    5.60021    5.73026    34.1985    34.2551     2.1514     2.4227    -0.0193    95.7309 1.3710e+03      41056   1710.625      98.66          2  0.000e+00
    808.158    799.377     4.5261  32.701100     4.5273  32.751690    5.59928    5.72940    34.1973    34.2549     2.1514     2.4227    -0.0193    95.7045 1.3710e+03      41057   1710.667      98.66          2  0.000e+00
    808.138    799.357     4.5262  32.701404     4.5266  32.752075    5.59835    5.72861    34.1976    34.2561     2.1514     2.4227    -0.0266    95.7045 1.3710e+03      41058   1710.708      98.66          2  0.000e+00
    808.159    799.377     4.5272  32.702213     4.5270  32.752846    5.59730    5.72867    34.1975    34.2566     2.1514     2.4227    -0.0193    95.7309 1.3710e+03      41059   1710.750      98.66          2  0.000e+00
    808.084    799.304     4.5276  32.703056     4.5273  32.752267    5.59725    5.73375    34.1982    34.2556     2.1514     2.4240    -0.0193    95.7045 1.3710e+03      41060   1710.792      98.66          2  0.000e+00
    808.159    799.377     4.5276  32.702483     4.5262  32.752204    5.60169    5.72902    34.1974    34.2567     2.1526     2.4227    -0.0193    95.7045 1.3710e+03      41061   1710.833      98.66          2  0.000e+00
    808.186    799.404     4.5277  32.702989     4.5267  32.752268    5.59098    5.72829    34.1979    34.2562     2.1502     2.4227    -0.0193    95.7045 1.3729e+03      41062   1710.875      98.66          2  0.000e+00
    808.159    799.377     4.5288  32.704204     4.5265  32.752460    5.58978    5.72738    34.1982    34.2566     2.1502     2.4227    -0.0266    95.7045 1.3710e+03      41063   1710.917      98.66          2  0.000e+00
    808.186    799.404     4.5298  32.705081     4.5262  32.751561    5.59296    5.72653    34.1982    34.2559     2.1514     2.4227    -0.0266    95.7045 1.3729e+03      41064   1710.958      98.66          2  0.000e+00
    808.159    799.377     4.5302  32.705958     4.5249  32.750470    5.58647    5.72571    34.1988    34.2560     2.1502     2.4227    -0.0193    95.6782 1.3729e+03      41065   1711.000      98.66          2  0.000e+00
    808.186    799.404     4.5312  32.707038     4.5241  32.748672    5.58428    5.72486    34.1991    34.2547     2.1502     2.4227    -0.0266    95.7045 1.3729e+03      41066   1711.042      98.66          2  0.000e+00
    808.206    799.424     4.5321  32.708083     4.5226  32.747195    5.58208    5.72900    34.1993    34.2545     2.1502     2.4240    -0.0266    95.7045 1.3729e+03      41067   1711.083      98.66          2  0.000e+00
    808.186    799.404     4.5332  32.708556     4.5222  32.747195    5.59053    5.72399    34.1987    34.2549     2.1526     2.4227    -0.0193    95.7045 1.3729e+03      41068   1711.125      98.66          2  0.000e+00
    808.260    799.477     4.5348  32.710142     4.5227  32.747580    5.57956    5.72304    34.1989    34.2549     2.1502     2.4227    -0.0120    95.6782 1.3729e+03      41069   1711.167      98.66          2  0.000e+00
    808.240    799.457     4.5364  32.712571     4.5221  32.746906    5.57713    5.72199    34.2001    34.2546     2.1502     2.4227    -0.0120    95.7045 1.3729e+03      41070   1711.208      98.66          2  0.000e+00
    808.206    799.424     4.5381  32.714932     4.5206  32.745301    5.57467    5.72091    34.2011    34.2544     2.1502     2.4227    -0.0120    95.7045 1.3729e+03      41071   1711.250      98.66          2  0.000e+00
    606.156    599.860     5.0040  33.001021     5.0023  33.054575    6.57848    6.77410    34.1565    34.2198     2.5018     2.8125    -0.0339    95.6518 1.5342e+03      47801   1991.667      98.66          3  0.000e+00
    606.129    599.833     5.0041  33.001190     5.0036  33.054897    6.58233    6.77413    34.1566    34.2189     2.5031     2.8125    -0.0266    95.7045 1.5342e+03      47802   1991.708      98.66          3  0.000e+00
    606.156    599.860     5.0043  33.001157     5.0045  33.055477    6.57688    6.77412    34.1563    34.2186     2.5018     2.8125    -0.0266    95.6782 1.5342e+03      47803   1991.750      98.66          3  0.000e+00
    606.129    599.833     5.0045  33.001360     5.0052  33.055284    6.58147    6.77400    34.1564    34.2177     2.5031     2.8125    -0.0266    95.6782 1.5342e+03      47804   1991.792      98.66          3  0.000e+00
    606.103    599.807     5.0043  33.000885     5.0058  33.055542    6.58191    6.77388    34.1560    34.2174     2.5031     2.8125    -0.0266    95.7045 1.5342e+03      47805   1991.833      98.66          3  0.000e+00
    606.130    599.834     5.0040  33.000445     5.0064  33.055477    6.58234    6.77377    34.1558    34.2166     2.5031     2.8125    -0.0266    95.7045 1.5342e+03      47806   1991.875      98.66          3  0.000e+00
    606.156    599.860     5.0039  33.000378     5.0062  33.055606    6.58265    6.77355    34.1559    34.2170     2.5031     2.8125    -0.0266    95.7045 1.5342e+03      47807   1991.917      98.66          3  0.000e+00
    606.103    599.807     5.0035  33.000242     5.0063  33.055477    6.57779    6.77322    34.1562    34.2168     2.5019     2.8125    -0.0266    95.6782 1.5342e+03      47808   1991.958      98.66          3  0.000e+00
    606.130    599.834     5.0034  33.000310     5.0060  33.055026    6.58212    6.77285    34.1563    34.2166     2.5031     2.8125    -0.0266    95.7045 1.5342e+03      47809   1992.000      98.66          3  0.000e+00
    606.157    599.860     5.0034  33.000174     5.0060  33.055090    6.57717    6.77241    34.1562    34.2166     2.5019     2.8125    -0.0266    95.6782 1.5342e+03      47810   1992.042      98.66          3  0.000e+00
    606.130    599.834     5.0037  32.999937     5.0055  33.054574    6.57623    6.77181    34.1555    34.2166     2.5019     2.8125    -0.0266    95.7045 1.5342e+03      47811   1992.083      98.66          3  0.000e+00
    606.204    599.907     5.0031  32.999531     5.0055  33.053994    6.57549    6.77137    34.1557    34.2158     2.5019     2.8125    -0.0266    95.6782 1.5342e+03      47812   1992.125      98.66          3  0.000e+00
    606.103    599.807     5.0029  32.999361     5.0052  33.054058    6.57954    6.77063    34.1557    34.2163     2.5031     2.8125    -0.0266    95.7045 1.5342e+03      47813   1992.167      98.66          3  0.000e+00
    606.184    599.887     5.0022  32.998955     5.0045  33.053543    6.57961    6.77093    34.1559    34.2163     2.5031     2.8125    -0.0266    95.7309 1.5342e+03      47814   1992.208      98.66          3  0.000e+00
    606.157    599.860     5.0018  32.998684     5.0041  33.053156    6.58040    6.77103    34.1560    34.2164     2.5031     2.8125    -0.0266    95.7045 1.5342e+03      47815   1992.250      98.66          3  0.000e+00
    606.184    599.887     5.0017  32.998582     5.0036  33.053285    6.58022    6.77027    34.1560    34.2170     2.5031     2.8125    -0.0266    95.7045 1.5342e+03      47816   1992.292      98.66          3  0.000e+00
    606.157    599.861     5.0013  32.998379     5.0041  33.053736    6.57488    6.76942    34.1562    34.2171     2.5019     2.8125    -0.0266    95.6782 1.5342e+03      47817   1992.333      98.66          3  0.000e+00
    606.258    599.960     5.0015  32.998922     5.0049  33.054252    6.57462    6.76852    34.1566    34.2167     2.5019     2.8125    -0.0266    95.7045 1.5342e+03      47818   1992.375      98.66          3  0.000e+00
    606.130    599.834     5.0020  32.999666     5.0050  33.055155    6.57315    6.77202    34.1570    34.2177     2.5019     2.8137    -0.0266    95.6782 1.5342e+03      47819   1992.417      98.66          3  0.000e+00
    606.258    599.960     5.0027  33.000243     5.0058  33.055607    6.57186    6.76697    34.1569    34.2174     2.5019     2.8125    -0.0339    95.6782 1.5342e+03      47820   1992.458      98.66          3  0.000e+00
    606.184    599.887     5.0029  33.000242     5.0063  33.056058    6.57549    6.77127    34.1567    34.2174     2.5031     2.8137    -0.0266    95.7045 1.5342e+03      47821   1992.500      98.66          3  0.000e+00
    606.258    599.960     5.0026  33.000141     5.0068  33.055994    6.57511    6.77179    34.1569    34.2168     2.5031     2.8137    -0.0266    95.7045 1.5342e+03      47822   1992.542      98.66          3  0.000e+00
    606.258    599.960     5.0028  32.999938     5.0068  33.055542    6.57548    6.76738    34.1565    34.2163     2.5031     2.8125    -0.0266    95.7045 1.5342e+03      47823   1992.583      98.66          3  0.000e+00
    606.231    599.934     5.0028  32.999700     5.0067  33.055606    6.57074    6.76686    34.1562    34.2165     2.5019     2.8125    -0.0266    95.6782 1.5342e+03      47824   1992.625      98.66          3  0.000e+00
    606.305    600.007     5.0026  32.999802     5.0061  33.055671    6.56930    6.76640    34.1564    34.2171     2.5019     2.8125    -0.0266    95.7045 1.5342e+03      47825   1992.667      98.66          3  0.000e+00
    606.285    599.987     5.0025  32.999870     5.0063  33.055478    6.56868    6.76581    34.1566    34.2167     2.5019     2.8125    -0.0266    95.6782 1.5342e+03      47826   1992.708      98.66          3  0.000e+00
    606.305    600.007     5.0029  33.000277     5.0067  33.056187    6.56802    6.76514    34.1567    34.2172     2.5019     2.8125    -0.0266    95.7045 1.5342e+03      47827   1992.750      98.66          3  0.000e+00
    606.285    599.987     5.0034  33.000581     5.0076  33.057025    6.57143    6.76440    34.1566    34.2172     2.5031     2.8125    -0.0266    95.7045 1.5342e+03      47828   1992.792      98.66          3  0.000e+00
    606.359    600.060     5.0032  33.000649     5.0085  33.057799    6.57174    6.76381    34.1568    34.2170     2.5031     2.8125    -0.0266    95.6782 1.5342e+03      47829   1992.833      98.66          3  0.000e+00
    606.359    600.060     5.0032  33.000683     5.0097  33.058573    6.56687    6.76309    34.1568    34.2167     2.5019     2.8125    -0.0266    95.6782 1.5342e+03      47830   1992.875      98.66          3  0.000e+00
    606.386    600.087     5.0031  32.999870     5.0095  33.058767    6.56623    6.76244    34.1560    34.2172     2.5019     2.8125    -0.0266    95.6782 1.5342e+03      47831   1992.917      98.66          3  0.000e+00
    606.359    600.061     5.0029  32.999599     5.0100  33.058767    6.57058    6.76167    34.1559    34.2167     2.5031     2.8125    -0.0266    95.7045 1.5342e+03      47832   1992.958      98.66          3  0.000e+00
    606.386    600.087     5.0026  32.999836     5.0102  33.058767    6.56571    6.76091    34.1564    34.2165     2.5019     2.8125    -0.0266    95.6782 1.5362e+03      47833   1993.000      98.66          3  0.000e+00
    606.453    600.154     5.0026  32.999498     5.0103  33.058960    6.56503    6.76014    34.1560    34.2165     2.5019     2.8125    -0.0266    95.7045 1.5362e+03      47834   1993.042      98.66          3  0.000e+00
    606.406    600.107     5.0021  32.999362     5.0103  33.059218    6.56936    6.76488    34.1564    34.2169     2.5031     2.8137    -0.0266    95.7045 1.5362e+03      47835   1993.083      98.66          3  0.000e+00
    606.433    600.134     5.0021  32.999159     5.0110  33.059670    6.56444    6.76091    34.1561    34.2166     2.5019     2.8125    -0.0266    95.6782 1.5362e+03      47836   1993.125      98.66          3  0.000e+00
    606.507    600.207     5.0019  32.999498     5.0121  33.060379    6.56372    6.76093    34.1567    34.2164     2.5019     2.8125    -0.0266    95.6782 1.5362e+03      47837   1993.167      98.66          3  0.000e+00
    606.480    600.180     5.0029  33.001158     5.0121  33.060379    6.56268    6.76061    34.1576    34.2164     2.5019     2.8125    -0.0266    95.7045 1.5362e+03      47838   1993.208      98.66          3  0.000e+00
    606.507    600.207     5.0050  33.003597     5.0120  33.060508    6.56153    6.76406    34.1583    34.2166     2.5019     2.8137    -0.0266    95.6782 1.5362e+03      47839   1993.250      98.66          3  0.000e+00
    606.507    600.207     5.0081  33.006408     5.0125  33.060573    6.56020    6.75942    34.1583    34.2161     2.5019     2.8125    -0.0266    95.7045 1.5362e+03      47840   1993.292      98.66          3  0.000e+00
    606.581    600.280     5.0103  33.008035     5.0125  33.060380    6.55911    6.75338    34.1579    34.2158     2.5019     2.8113    -0.0266    95.7045 1.5362e+03      47841   1993.333      98.66          3  0.000e+00
    606.555    600.254     5.0117  33.008780     5.0126  33.060508    6.56314    6.75692    34.1573    34.2159     2.5031     2.8125    -0.0266    95.7045 1.5382e+03      47842   1993.375      98.66          3  0.000e+00
    606.582    600.280     5.0127  33.009085     5.0132  33.061153    6.55298    6.76141    34.1567    34.2161     2.5006     2.8137    -0.0266    95.6782 1.5382e+03      47843   1993.417      98.66          3  0.000e+00
    606.656    600.353     5.0130  33.009152     5.0138  33.062121    6.55636    6.75733    34.1565    34.2165     2.5019     2.8125    -0.0266    95.7045 1.5382e+03      47844   1993.458      98.66          3  0.000e+00
    606.609    600.307     5.0130  33.009356     5.0137  33.061992    6.55645    6.75710    34.1567    34.2164     2.5019     2.8125    -0.0266    95.7045 1.5382e+03      47845   1993.500      98.66          3  0.000e+00
    606.683    600.380     5.0129  33.009220     5.0137  33.061670    6.55673    6.75703    34.1566    34.2161     2.5019     2.8125    -0.0266    95.7045 1.5382e+03      47846   1993.542      98.66          3  0.000e+00
