Ship_data/Southern/Southern_Ocean-02_NBP-15-11_2015-12-07/CTD NBP1511/process/nbp1511_006.ros
* Sea-Bird SBE 9 Data File:
* FileName = D:\Data\raw\NBP1511_006.hdr
* Software Version Seasave V 7.21e
* Temperature SN = 5730
* Conductivity SN = 1143
* Number of Bytes Per Scan = 40
* Number of Voltage Words = 5
* Number of Scans Averaged by the Deck Unit = 1
* NMEA Latitude = 52 56.24 S
* NMEA Longitude = 088 57.39 W
* NMEA UTC (Time) = Dec 12 2015  16:25:05
* NMEA baud rate = 9600
** Ship: RVIB N.B. Palmer
** Cruise: NBP1511
** Station: 3-Rogue Glider from Southern Ocean 1
** Operator: B. Bjork
# nquan = 20
# nvalues = 784                                   
# units = specified
# name 0 = prDM: Pressure, Digiquartz [db]
# name 1 = depSM: Depth [salt water, m]
# name 2 = t090C: Temperature [ITS-90, deg C]
# name 3 = c0mS/cm: Conductivity [mS/cm]
# name 4 = t190C: Temperature, 2 [ITS-90, deg C]
# name 5 = c1mS/cm: Conductivity, 2 [mS/cm]
# name 6 = sbeox0ML/L: Oxygen, SBE 43 [ml/l]
# name 7 = sbeox1ML/L: Oxygen, SBE 43, 2 [ml/l]
# name 8 = sal00: Salinity, Practical [PSU]
# name 9 = sal11: Salinity, Practical, 2 [PSU]
# name 10 = sbeox0V: Oxygen raw, SBE 43 [V]
# name 11 = sbeox1V: Oxygen raw, SBE 43, 2 [V]
# name 12 = flECO-AFL: Fluorescence, WET Labs ECO-AFL/FL [mg/m^3]
# name 13 = CStarTr0: Beam Transmission, WET Labs C-Star [%]
# name 14 = spar: SPAR/Surface Irradiance
# name 15 = scan: Scan Count
# name 16 = timeS: Time, Elapsed [seconds]
# name 17 = altM: Altimeter [m]
# name 18 = nbf: Bottles Fired
# name 19 = flag:  0.000e+00
# interval = seconds: 0.0416667
# start_time = Dec 12 2015 16:25:05 [NMEA time, header]
# bad_flag = -9.990e-29
*END*
[from data line 652]
     76.285     75.597     6.7169  34.304926     6.7175  34.340501    6.91939    7.18362    34.1647    34.2035     2.8466     3.2134     1.2335    93.0945 1.6345e+03      68435   2851.417      98.63         14  0.000e+00
     76.232     75.545     6.7167  34.304512     6.7176  34.340435    6.91934    7.18300    34.1646    34.2033     2.8466     3.2134     1.2335    93.1209 1.6345e+03      68436   2851.458      98.63         14  0.000e+00
     76.239     75.551     6.7171  34.304719     6.7172  34.340402    6.91923    7.18291    34.1644    34.2037     2.8466     3.2134     1.2335    93.1209 1.6345e+03      68437   2851.500      98.63         14  0.000e+00
     76.232     75.545     6.7166  34.304822     6.7175  34.340205    6.91850    7.18294    34.1650    34.2032     2.8466     3.2134     1.2335    93.0682 1.6345e+03      68438   2851.542      98.63         14  0.000e+00
     76.239     75.551     6.7168  34.304719     6.7176  34.340336    6.91841    7.18290    34.1646    34.2032     2.8466     3.2134     1.2335    93.0945 1.6345e+03      68439   2851.583      98.63         14  0.000e+00
     76.192     75.505     6.7166  34.304374     6.7175  34.340008    6.91832    7.18287    34.1645    34.2030     2.8466     3.2134     1.2335    93.0418 1.6345e+03      68440   2851.625      98.63         14  0.000e+00
     76.133     75.446     6.7168  34.304167     6.7176  34.340073    6.91379    7.18277    34.1641    34.2030     2.8454     3.2134     1.2335    93.0682 1.6345e+03      68441   2851.667      98.63         14  0.000e+00
     76.192     75.505     6.7166  34.304443     6.7174  34.340336    6.91750    7.18219    34.1646    34.2035     2.8466     3.2134     1.2335    93.0945 1.6345e+03      68442   2851.708      98.63         14  0.000e+00
     76.093     75.407     6.7168  34.304443     6.7171  34.340008    6.91295    7.18202    34.1645    34.2034     2.8454     3.2134     1.2335    93.0945 1.6345e+03      68443   2851.750      98.63         14  0.000e+00
     76.133     75.446     6.7167  34.304719     6.7173  34.340074    6.91666    7.18201    34.1648    34.2033     2.8466     3.2134     1.2335    93.0418 1.6345e+03      68444   2851.792      98.63         14  0.000e+00
     76.093     75.407     6.7166  34.304305     6.7172  34.339942    6.91662    7.18195    34.1645    34.2033     2.8466     3.2134     1.2335    93.0154 1.6345e+03      68445   2851.833      98.66         14  0.000e+00
     76.046     75.360     6.7166  34.304442     6.7170  34.340073    6.91216    7.18185    34.1646    34.2037     2.8454     3.2134     1.2335    92.9627 1.6345e+03      68446   2851.875      98.63         14  0.000e+00
     76.086     75.400     6.7168  34.304236     6.7172  34.340336    6.91588    7.18182    34.1642    34.2037     2.8466     3.2134     1.2261    93.0154 1.6345e+03      68447   2851.917      98.63         14  0.000e+00
     76.046     75.361     6.7164  34.304029     6.7175  34.340204    6.91590    7.18180    34.1644    34.2033     2.8466     3.2134     1.2261    93.0682 1.6345e+03      68448   2851.958      98.63         14  0.000e+00
     75.993     75.308     6.7166  34.304201     6.7173  34.339942    6.91144    7.18166    34.1644    34.2033     2.8454     3.2134     1.2261    93.0682 1.6345e+03      68449   2852.000      98.63         14  0.000e+00
     76.033     75.347     6.7163  34.304167     6.7170  34.340073    6.91087    7.18169    34.1646    34.2036     2.8454     3.2134     1.2261    93.0418 1.6345e+03      68450   2852.042      98.63         14  0.000e+00
     75.993     75.308     6.7166  34.304235     6.7171  34.339942    6.91455    7.18156    34.1644    34.2034     2.8466     3.2134     1.2261    93.0418 1.6345e+03      68451   2852.083      98.63         14  0.000e+00
     75.987     75.301     6.7165  34.303960     6.7172  34.339876    6.91025    7.18564    34.1643    34.2033     2.8454     3.2146     1.2261    93.0418 1.6345e+03      68452   2852.125      98.63         14  0.000e+00
     75.947     75.262     6.7164  34.303787     6.7170  34.340073    6.90963    7.18204    34.1642    34.2037     2.8454     3.2134     1.2261    93.0682 1.6345e+03      68453   2852.167      98.63         14  0.000e+00
     75.893     75.209     6.7164  34.304270     6.7172  34.340335    6.91337    7.18189    34.1647    34.2038     2.8466     3.2134     1.2261    93.0418 1.6345e+03      68454   2852.208      98.63         14  0.000e+00
     75.933     75.249     6.7165  34.304511     6.7173  34.340007    6.90912    7.18183    34.1649    34.2034     2.8454     3.2134     1.2261    93.0945 1.6345e+03      68455   2852.250      98.63         14  0.000e+00
     75.947     75.262     6.7166  34.304442     6.7176  34.339876    6.91226    7.18585    34.1647    34.2029     2.8466     3.2146     1.2261    93.1472 1.6345e+03      68456   2852.292      98.63         14  0.000e+00
     75.894     75.209     6.7163  34.304097     6.7175  34.340270    6.90800    7.18227    34.1647    34.2034     2.8454     3.2134     1.2261    93.1209 1.6345e+03      68457   2852.333      98.63         14  0.000e+00
     75.887     75.203     6.7165  34.303890     6.7173  34.340007    6.91182    7.18214    34.1642    34.2034     2.8466     3.2134     1.2261    93.1472 1.6345e+03      68458   2852.375      98.63         14  0.000e+00
     75.847     75.163     6.7164  34.303580     6.7170  34.339679    6.90828    7.18203    34.1640    34.2033     2.8453     3.2134     1.2261    93.1209 1.6345e+03      68459   2852.417      98.63         14  0.000e+00
     75.847     75.163     6.7163  34.303856     6.7171  34.340007    6.91289    7.18193    34.1644    34.2036     2.8466     3.2134     1.2261    93.1472 1.6345e+03      68460   2852.458      98.63         14  0.000e+00
     75.887     75.203     6.7165  34.304304     6.7171  34.340138    6.91381    7.18182    34.1647    34.2037     2.8466     3.2134     1.2261    93.1472 1.6345e+03      68461   2852.500      98.63         14  0.000e+00
     75.801     75.117     6.7163  34.304097     6.7172  34.339941    6.90964    7.18168    34.1647    34.2034     2.8453     3.2134     1.2261    93.1472 1.6345e+03      68462   2852.542      98.63         14  0.000e+00
     75.801     75.117     6.7165  34.303718     6.7171  34.339679    6.90924    7.18157    34.1641    34.2032     2.8453     3.2134     1.2261    93.1209 1.6345e+03      68463   2852.583      98.63         14  0.000e+00
     75.841     75.157     6.7164  34.304097     6.7172  34.340007    6.90889    7.18149    34.1645    34.2035     2.8453     3.2134     1.2261    93.0945 1.6345e+03      68464   2852.625      98.63         14  0.000e+00
     75.801     75.117     6.7166  34.304166     6.7173  34.340138    6.90849    7.18132    34.1644    34.2036     2.8453     3.2134     1.2335    93.1209 1.6345e+03      68465   2852.667      98.63         14  0.000e+00
     75.787     75.104     6.7163  34.304028     6.7173  34.340138    6.91188    7.18126    34.1646    34.2036     2.8466     3.2134     1.2261    93.1209 1.6345e+03      68466   2852.708      98.63         14  0.000e+00
     75.748     75.065     6.7161  34.303718     6.7170  34.339941    6.90784    7.18179    34.1645    34.2036     2.8453     3.2134     1.2261    93.1209 1.6345e+03      68467   2852.750      98.63         14  0.000e+00
     75.801     75.117     6.7163  34.303718     6.7173  34.340072    6.90756    7.18174    34.1643    34.2035     2.8453     3.2134     1.2261    93.1736 1.6345e+03      68468   2852.792      98.63         14  0.000e+00
      5.898      5.846     6.7426  34.297073     6.7423  34.332327    6.92734    7.20408    34.1655    34.2048     2.8706     3.2447     0.1565    92.9891 1.7368e+03      71641   2985.000      98.66         15  0.000e+00
      5.898      5.846     6.7428  34.296729     6.7430  34.331868    6.93146    7.20392    34.1649    34.2036     2.8718     3.2447     0.1492    92.9100 1.7349e+03      71642   2985.042      98.66         15  0.000e+00
      5.898      5.846     6.7428  34.295867     6.7431  34.332622    6.93195    7.20383    34.1640    34.2043     2.8718     3.2447     0.1419    92.8836 1.7349e+03      71643   2985.083      98.66         15  0.000e+00
      5.898      5.846     6.7428  34.296556     6.7431  34.332557    6.92800    7.20769    34.1647    34.2043     2.8706     3.2459     0.1419    92.8836 1.7349e+03      71644   2985.125      98.66         15  0.000e+00
      5.945      5.892     6.7428  34.296763     6.7434  34.332655    6.93142    7.20815    34.1650    34.2040     2.8718     3.2459     0.1419    92.9100 1.7349e+03      71645   2985.167      98.66         15  0.000e+00
      5.945      5.892     6.7428  34.296212     6.7435  34.332524    6.93111    7.20451    34.1643    34.2039     2.8718     3.2447     0.1419    92.9363 1.7368e+03      71646   2985.208      98.66         15  0.000e+00
      5.991      5.938     6.7426  34.296143     6.7429  34.332459    6.93149    7.20439    34.1644    34.2043     2.8718     3.2447     0.1419    92.9627 1.7368e+03      71647   2985.250      98.66         15  0.000e+00
      5.991      5.938     6.7428  34.296488     6.7435  34.332852    6.93173    7.20415    34.1646    34.2042     2.8718     3.2447     0.1419    92.9627 1.7349e+03      71648   2985.292      98.66         15  0.000e+00
      5.991      5.938     6.7427  34.296488     6.7436  34.332787    6.93199    7.20397    34.1647    34.2040     2.8718     3.2447     0.1419    92.9891 1.7349e+03      71649   2985.333      98.66         15  0.000e+00
      5.991      5.938     6.7426  34.296764     6.7433  34.332721    6.93220    7.20377    34.1651    34.2043     2.8718     3.2447     0.1419    93.0682 1.7368e+03      71650   2985.375      98.66         15  0.000e+00
      6.044      5.991     6.7428  34.296764     6.7435  34.332491    6.93173    7.20359    34.1649    34.2038     2.8718     3.2447     0.1492    93.0682 1.7368e+03      71651   2985.417      98.66         15  0.000e+00
      6.045      5.991     6.7430  34.296833     6.7428  34.332426    6.93184    7.20337    34.1648    34.2044     2.8718     3.2447     0.1419    93.0418 1.7368e+03      71652   2985.458      98.66         15  0.000e+00
      6.031      5.978     6.7431  34.297143     6.7433  34.332262    6.92827    7.20251    34.1650    34.2037     2.8706     3.2447     0.1419    93.0154 1.7368e+03      71653   2985.500      98.66         15  0.000e+00
      6.045      5.991     6.7431  34.296936     6.7431  34.332393    6.92777    7.20231    34.1647    34.2040     2.8706     3.2447     0.1419    93.0418 1.7368e+03      71654   2985.542      98.66         15  0.000e+00
      6.091      6.037     6.7431  34.296971     6.7430  34.332262    6.92729    7.20214    34.1648    34.2040     2.8706     3.2447     0.1419    93.0154 1.7368e+03      71655   2985.583      98.66         15  0.000e+00
      6.091      6.037     6.7431  34.296902     6.7428  34.332000    6.93109    7.19787    34.1647    34.2039     2.8718     3.2435     0.1419    93.0418 1.7368e+03      71656   2985.625      98.66         15  0.000e+00
      6.091      6.037     6.7428  34.296971     6.7428  34.331737    6.92760    7.20117    34.1651    34.2036     2.8706     3.2447     0.1419    93.0154 1.7368e+03      71657   2985.667      98.66         15  0.000e+00
      6.091      6.037     6.7431  34.296902     6.7423  34.332065    6.92704    7.20094    34.1647    34.2044     2.8706     3.2447     0.1419    92.9891 1.7368e+03      71658   2985.708      98.66         15  0.000e+00
      6.091      6.037     6.7430  34.296557     6.7431  34.331737    6.93088    7.20078    34.1645    34.2033     2.8718     3.2447     0.1492    93.0154 1.7368e+03      71659   2985.750      98.66         15  0.000e+00
      6.138      6.083     6.7431  34.296936     6.7423  34.332033    6.93099    7.20059    34.1647    34.2044     2.8718     3.2447     0.1419    93.0154 1.7368e+03      71660   2985.792      98.66         15  0.000e+00
      6.091      6.037     6.7431  34.297212     6.7426  34.331803    6.93102    7.20033    34.1650    34.2038     2.8718     3.2447     0.1419    93.0418 1.7368e+03      71661   2985.833      98.66         15  0.000e+00
      6.138      6.084     6.7433  34.297350     6.7430  34.332262    6.93541    7.20014    34.1650    34.2040     2.8730     3.2447     0.1492    93.0418 1.7368e+03      71662   2985.875      98.66         15  0.000e+00
      6.138      6.084     6.7431  34.297074     6.7431  34.333050    6.93178    7.19999    34.1649    34.2047     2.8718     3.2447     0.1419    93.0418 1.7368e+03      71663   2985.917      98.66         15  0.000e+00
      6.138      6.084     6.7433  34.297488     6.7433  34.332853    6.93171    7.19974    34.1651    34.2043     2.8718     3.2447     0.1419    93.0418 1.7368e+03      71664   2985.958      98.66         15  0.000e+00
      6.138      6.084     6.7433  34.297143     6.7430  34.332525    6.93168    7.20018    34.1648    34.2042     2.8718     3.2447     0.1419    93.0154 1.7368e+03      71665   2986.000      98.66         15  0.000e+00
      6.138      6.084     6.7433  34.296902     6.7431  34.332656    6.93160    7.20002    34.1645    34.2043     2.8718     3.2447     0.1419    92.9891 1.7368e+03      71666   2986.042      98.66         15  0.000e+00
      6.178      6.123     6.7433  34.297143     6.7433  34.332295    6.93152    7.19988    34.1648    34.2037     2.8718     3.2447     0.1419    92.9891 1.7368e+03      71667   2986.083      98.66         15  0.000e+00
      6.138      6.084     6.7431  34.297143     6.7436  34.332557    6.93067    7.19969    34.1649    34.2037     2.8718     3.2447     0.1492    92.9627 1.7368e+03      71668   2986.125      98.66         15  0.000e+00
      6.138      6.084     6.7431  34.297005     6.7433  34.332721    6.93049    7.19952    34.1648    34.2042     2.8718     3.2447     0.1419    92.9627 1.7368e+03      71669   2986.167      98.66         15  0.000e+00
      6.191      6.136     6.7430  34.297074     6.7434  34.332525    6.93033    7.19942    34.1650    34.2038     2.8718     3.2447     0.1419    92.9891 1.7368e+03      71670   2986.208      98.66         15  0.000e+00
      6.138      6.084     6.7428  34.297005     6.7436  34.332656    6.93074    7.19517    34.1651    34.2038     2.8718     3.2434     0.1419    93.0418 1.7368e+03      71671   2986.250      98.66         15  0.000e+00
      6.138      6.084     6.7428  34.296695     6.7436  34.332918    6.93121    7.19445    34.1648    34.2040     2.8718     3.2434     0.1419    93.0154 1.7368e+03      71672   2986.292      98.66         15  0.000e+00
      6.138      6.084     6.7428  34.296695     6.7437  34.332984    6.93164    7.19779    34.1647    34.2040     2.8718     3.2447     0.1419    93.0154 1.7368e+03      71673   2986.333      98.66         15  0.000e+00
      6.138      6.084     6.7428  34.296833     6.7431  34.332787    6.93139    7.19766    34.1649    34.2044     2.8718     3.2447     0.1419    93.0418 1.7368e+03      71674   2986.375      98.66         15  0.000e+00
      6.138      6.084     6.7427  34.296661     6.7434  34.332689    6.93183    7.19756    34.1648    34.2040     2.8718     3.2447     0.1419    93.0945 1.7368e+03      71675   2986.417      98.66         15  0.000e+00
      6.092      6.038     6.7430  34.296902     6.7433  34.332688    6.93146    7.19734    34.1648    34.2041     2.8718     3.2447     0.1492    93.0945 1.7368e+03      71676   2986.458      98.66         15  0.000e+00
      6.138      6.084     6.7428  34.296902     6.7436  34.332721    6.93122    7.19384    34.1650    34.2039     2.8718     3.2434     0.1419    93.0945 1.7368e+03      71677   2986.500      98.66         15  0.000e+00
