Ship_data/Southern/Southern_Ocean-02_NBP-15-11_2015-12-07/CTD NBP1511/process/nbp1511_006.ros
* Sea-Bird SBE 9 Data File:
* FileName = D:\Data\raw\NBP1511_006.hdr
* Software Version Seasave V 7.21e
* Temperature SN = 5730
* Conductivity SN = 1143
* Number of Bytes Per Scan = 40
* Number of Voltage Words = 5
* Number of Scans Averaged by the Deck Unit = 1
* NMEA Latitude = 52 56.24 S
* NMEA Longitude = 088 57.39 W
* NMEA UTC (Time) = Dec 12 2015  16:25:05
* NMEA baud rate = 9600
** Ship: RVIB N.B. Palmer
** Cruise: NBP1511
** Station: 3-Rogue Glider from Southern Ocean 1
** Operator: B. Bjork
# nquan = 20
# nvalues = 784                                   
# units = specified
# name 0 = prDM: Pressure, Digiquartz [db]
# name 1 = depSM: Depth [salt water, m]
# name 2 = t090C: Temperature [ITS-90, deg C]
# name 3 = c0mS/cm: Conductivity [mS/cm]
# name 4 = t190C: Temperature, 2 [ITS-90, deg C]
# name 5 = c1mS/cm: Conductivity, 2 [mS/cm]
# name 6 = sbeox0ML/L: Oxygen, SBE 43 [ml/l]
# name 7 = sbeox1ML/L: Oxygen, SBE 43, 2 [ml/l]
# name 8 = sal00: Salinity, Practical [PSU]
# name 9 = sal11: Salinity, Practical, 2 [PSU]
# name 10 = sbeox0V: Oxygen raw, SBE 43 [V]
# name 11 = sbeox1V: Oxygen raw, SBE 43, 2 [V]
# name 12 = flECO-AFL: Fluorescence, WET Labs ECO-AFL/FL [mg/m^3]
# name 13 = CStarTr0: Beam Transmission, WET Labs C-Star [%]
# name 14 = spar: SPAR/Surface Irradiance
# name 15 = scan: Scan Count
# name 16 = timeS: Time, Elapsed [seconds]
# name 17 = altM: Altimeter [m]
# name 18 = nbf: Bottles Fired
# name 19 = flag:  0.000e+00
# interval = seconds: 0.0416667
# start_time = Dec 12 2015 16:25:05 [NMEA time, header]
# bad_flag = -9.990e-29
*END*
[from data line 580]
    100.666     99.752     6.6404  34.245569     6.6422  34.280932    6.91580    7.16692    34.1632    34.2006     2.8322     3.1953     1.1602    93.4900 1.6188e+03      66087   2753.583      98.63         12  0.000e+00
    100.666     99.752     6.6401  34.245156     6.6425  34.281260    6.91998    7.16698    34.1630    34.2007     2.8334     3.1953     1.1602    93.4373 1.6168e+03      66088   2753.625      98.63         12  0.000e+00
    100.666     99.752     6.6403  34.245431     6.6425  34.280998    6.92030    7.17107    34.1632    34.2004     2.8334     3.1966     1.1602    93.4373 1.6168e+03      66089   2753.667      98.66         12  0.000e+00
    100.612     99.699     6.6404  34.245569     6.6422  34.280539    6.91610    7.16745    34.1632    34.2002     2.8322     3.1953     1.1602    93.4636 1.6168e+03      66090   2753.708      98.63         12  0.000e+00
    100.666     99.752     6.6408  34.246362     6.6412  34.279949    6.91563    7.16739    34.1637    34.2005     2.8322     3.1953     1.1602    93.5163 1.6188e+03      66091   2753.750      98.66         12  0.000e+00
    100.619     99.706     6.6411  34.247223     6.6412  34.280867    6.92018    7.17136    34.1644    34.2016     2.8334     3.1966     1.1602    93.5691 1.6168e+03      66092   2753.792      98.63         12  0.000e+00
    100.619     99.706     6.6417  34.248049     6.6427  34.282342    6.92026    7.16766    34.1647    34.2017     2.8334     3.1953     1.1602    93.5427 1.6188e+03      66093   2753.833      98.66         12  0.000e+00
    100.613     99.699     6.6422  34.249599     6.6435  34.283325    6.92026    7.16746    34.1659    34.2020     2.8334     3.1953     1.1602    93.5691 1.6188e+03      66094   2753.875      98.66         12  0.000e+00
     76.326     75.637     6.7174  34.304857     6.7175  34.340271    6.90536    7.17221    34.1642    34.2033     2.8454     3.2110     1.1895    93.0945 1.6208e+03      68063   2835.917      98.63         13  0.000e+00
     76.372     75.683     6.7174  34.304650     6.7179  34.340205    6.90603    7.17531    34.1639    34.2028     2.8454     3.2122     1.1895    93.1209 1.6208e+03      68064   2835.958      98.63         13  0.000e+00
     76.412     75.723     6.7173  34.304650     6.7176  34.340534    6.90606    7.17494    34.1640    34.2034     2.8454     3.2122     1.1895    93.0682 1.6208e+03      68065   2836.000      98.63         13  0.000e+00
     76.472     75.782     6.7171  34.304789     6.7180  34.340271    6.90613    7.17461    34.1644    34.2027     2.8454     3.2122     1.1895    93.0682 1.6208e+03      68066   2836.042      98.63         13  0.000e+00
     76.472     75.782     6.7169  34.304995     6.7177  34.340337    6.90687    7.17425    34.1647    34.2031     2.8454     3.2122     1.1895    93.0418 1.6208e+03      68067   2836.083      98.63         13  0.000e+00
     76.559     75.868     6.7173  34.304789     6.7178  34.340436    6.90700    7.17394    34.1641    34.2030     2.8454     3.2122     1.1895    93.0418 1.6208e+03      68068   2836.125      98.63         13  0.000e+00
     76.519     75.829     6.7171  34.304582     6.7180  34.340632    6.91150    7.17361    34.1641    34.2030     2.8466     3.2122     1.1895    93.0682 1.6188e+03      68069   2836.167      98.63         13  0.000e+00
     76.619     75.928     6.7173  34.304651     6.7183  34.340698    6.90797    7.17337    34.1639    34.2028     2.8454     3.2122     1.1895    93.0418 1.6208e+03      68070   2836.208      98.63         13  0.000e+00
     76.612     75.921     6.7172  34.304789     6.7176  34.340698    6.90811    7.17309    34.1641    34.2034     2.8454     3.2122     1.1895    93.0154 1.6208e+03      68071   2836.250      98.63         13  0.000e+00
     76.665     75.974     6.7172  34.305134     6.7183  34.340699    6.90831    7.17287    34.1645    34.2027     2.8454     3.2122     1.1895    93.0418 1.6208e+03      68072   2836.292      98.63         13  0.000e+00
     76.612     75.921     6.7175  34.304927     6.7175  34.340469    6.90844    7.17257    34.1640    34.2033     2.8454     3.2122     1.1895    93.0418 1.6208e+03      68073   2836.333      98.63         13  0.000e+00
     76.865     76.172     6.7174  34.304928     6.7179  34.340601    6.90452    7.17672    34.1640    34.2030     2.8442     3.2134     1.1895    93.0945 1.6208e+03      68074   2836.375      98.66         13  0.000e+00
     76.765     76.073     6.7174  34.305238     6.7183  34.340896    6.90769    7.17291    34.1644    34.2030     2.8454     3.2122     1.1895    93.0945 1.6208e+03      68075   2836.417      98.63         13  0.000e+00
     76.805     76.112     6.7173  34.305238     6.7175  34.340765    6.90802    7.17279    34.1645    34.2036     2.8454     3.2122     1.2115    93.0682 1.6208e+03      68076   2836.458      98.63         13  0.000e+00
     76.865     76.172     6.7172  34.304928     6.7180  34.340896    6.90841    7.17272    34.1642    34.2032     2.8454     3.2122     1.2188    93.0945 1.6208e+03      68077   2836.500      98.63         13  0.000e+00
     76.865     76.172     6.7173  34.305203     6.7178  34.340962    6.90873    7.17257    34.1644    34.2035     2.8454     3.2122     1.2188    93.0945 1.6208e+03      68078   2836.542      98.63         13  0.000e+00
     76.905     76.211     6.7172  34.305031     6.7179  34.340962    6.90915    7.17252    34.1643    34.2034     2.8454     3.2122     1.2188    93.0945 1.6208e+03      68079   2836.583      98.63         13  0.000e+00
     76.912     76.218     6.7171  34.305238     6.7181  34.340962    6.90956    7.17246    34.1646    34.2031     2.8454     3.2122     1.2188    93.0682 1.6208e+03      68080   2836.625      98.63         13  0.000e+00
     77.011     76.317     6.7176  34.305445     6.7178  34.341159    6.90929    7.16832    34.1643    34.2036     2.8454     3.2110     1.2188    93.0154 1.6208e+03      68081   2836.667      98.63         13  0.000e+00
     77.005     76.310     6.7171  34.305583     6.7182  34.341028    6.90977    7.17188    34.1650    34.2031     2.8454     3.2122     1.2188    93.0154 1.6208e+03      68082   2836.708      98.63         13  0.000e+00
     77.012     76.317     6.7172  34.305514     6.7176  34.340962    6.91021    7.17189    34.1647    34.2035     2.8454     3.2122     1.2188    92.9891 1.6208e+03      68083   2836.750      98.63         13  0.000e+00
     77.058     76.363     6.7171  34.305170     6.7174  34.340766    6.91006    7.17202    34.1644    34.2036     2.8454     3.2122     1.2188    93.0154 1.6208e+03      68084   2836.792      98.63         13  0.000e+00
     77.098     76.403     6.7172  34.304963     6.7180  34.340667    6.91057    7.17213    34.1641    34.2028     2.8454     3.2122     1.2188    93.0418 1.6227e+03      68085   2836.833      98.63         13  0.000e+00
     77.158     76.462     6.7172  34.305239     6.7178  34.340667    6.91112    7.17227    34.1644    34.2030     2.8454     3.2122     1.2188    93.0154 1.6208e+03      68086   2836.875      98.63         13  0.000e+00
     77.158     76.462     6.7171  34.305653     6.7175  34.341094    6.90798    7.17239    34.1649    34.2037     2.8442     3.2122     1.2188    93.0154 1.6227e+03      68087   2836.917      98.63         13  0.000e+00
     77.151     76.456     6.7172  34.305446     6.7176  34.340831    6.91230    7.17253    34.1646    34.2033     2.8454     3.2122     1.2188    93.0154 1.6227e+03      68088   2836.958      98.63         13  0.000e+00
     77.205     76.508     6.7170  34.305343     6.7175  34.340504    6.91741    7.17279    34.1647    34.2030     2.8466     3.2122     1.2188    93.0682 1.6227e+03      68089   2837.000      98.63         13  0.000e+00
     77.258     76.561     6.7171  34.304860     6.7176  34.340635    6.91371    7.17306    34.1640    34.2031     2.8454     3.2122     1.2188    93.0682 1.6227e+03      68090   2837.042      98.63         13  0.000e+00
     77.198     76.502     6.7171  34.304963     6.7171  34.340700    6.91360    7.17322    34.1642    34.2036     2.8454     3.2122     1.2188    93.0418 1.6227e+03      68091   2837.083      98.63         13  0.000e+00
     77.358     76.660     6.7170  34.305171     6.7175  34.340701    6.90931    7.17362    34.1644    34.2032     2.8442     3.2122     1.2188    92.9363 1.6227e+03      68092   2837.125      98.63         13  0.000e+00
     77.305     76.607     6.7171  34.305308     6.7173  34.340701    6.90924    7.17383    34.1645    34.2034     2.8442     3.2122     1.2188    92.9100 1.6227e+03      68093   2837.167      98.63         13  0.000e+00
     77.358     76.660     6.7172  34.305240     6.7175  34.340701    6.91300    7.17417    34.1643    34.2032     2.8454     3.2122     1.2188    92.9363 1.6227e+03      68094   2837.208      98.63         13  0.000e+00
     77.298     76.601     6.7171  34.305515     6.7175  34.340898    6.91735    7.17443    34.1647    34.2035     2.8466     3.2122     1.2188    92.9627 1.6227e+03      68095   2837.250      98.63         13  0.000e+00
     77.405     76.706     6.7171  34.305102     6.7175  34.340767    6.91010    7.17492    34.1642    34.2032     2.8442     3.2122     1.2188    92.9891 1.6227e+03      68096   2837.292      98.63         13  0.000e+00
     77.405     76.706     6.7171  34.305240     6.7176  34.340865    6.90947    7.17528    34.1643    34.2032     2.8442     3.2122     1.2188    93.0682 1.6227e+03      68097   2837.333      98.63         13  0.000e+00
     77.398     76.700     6.7169  34.305447     6.7178  34.340537    6.90888    7.17569    34.1648    34.2027     2.8442     3.2122     1.2188    93.0418 1.6247e+03      68098   2837.375      98.63         13  0.000e+00
     77.405     76.706     6.7169  34.305171     6.7179  34.340832    6.91271    7.17614    34.1645    34.2030     2.8454     3.2122     1.2554    93.0418 1.6247e+03      68099   2837.417      98.63         13  0.000e+00
     77.451     76.753     6.7171  34.305274     6.7175  34.340767    6.90846    7.17250    34.1644    34.2033     2.8442     3.2110     1.2701    93.0418 1.6227e+03      68100   2837.458      98.63         13  0.000e+00
     77.445     76.746     6.7171  34.305447     6.7174  34.340898    6.90791    7.17649    34.1646    34.2035     2.8442     3.2122     1.2701    93.0418 1.6247e+03      68101   2837.500      98.63         13  0.000e+00
     77.505     76.805     6.7168  34.305378     6.7171  34.340767    6.91188    7.17712    34.1648    34.2036     2.8454     3.2122     1.2701    93.0418 1.6247e+03      68102   2837.542      98.63         13  0.000e+00
     77.451     76.753     6.7170  34.305447     6.7176  34.340701    6.90759    7.17697    34.1647    34.2030     2.8442     3.2122     1.2701    93.0154 1.6247e+03      68103   2837.583      98.63         13  0.000e+00
     77.491     76.792     6.7171  34.305378     6.7165  34.340701    6.90713    7.17692    34.1645    34.2041     2.8442     3.2122     1.2701    93.0418 1.6247e+03      68104   2837.625      98.63         13  0.000e+00
     77.505     76.805     6.7171  34.305240     6.7173  34.340898    6.91108    7.17686    34.1643    34.2036     2.8454     3.2122     1.2701    93.0682 1.6247e+03      68105   2837.667      98.63         13  0.000e+00
     77.505     76.805     6.7171  34.305516     6.7175  34.340767    6.91129    7.17739    34.1646    34.2032     2.8454     3.2122     1.2701    93.0945 1.6247e+03      68106   2837.708      98.63         13  0.000e+00
     77.545     76.845     6.7172  34.305309     6.7173  34.340898    6.90717    7.17801    34.1642    34.2035     2.8442     3.2122     1.2701    93.0945 1.6247e+03      68107   2837.750      98.63         13  0.000e+00
     77.505     76.806     6.7168  34.305102     6.7171  34.340964    6.90676    7.18274    34.1644    34.2038     2.8442     3.2134     1.2701    93.0682 1.6267e+03      68108   2837.792      98.63         13  0.000e+00
     77.551     76.852     6.7172  34.304654     6.7177  34.340537    6.90638    7.18396    34.1635    34.2028     2.8442     3.2134     1.2701    93.0682 1.6247e+03      68109   2837.833      98.63         13  0.000e+00
     77.545     76.845     6.7172  34.305275     6.7173  34.340603    6.90598    7.18103    34.1642    34.2032     2.8442     3.2122     1.2701    93.1209 1.6247e+03      68110   2837.875      98.63         13  0.000e+00
     77.551     76.852     6.7168  34.305378     6.7177  34.340702    6.90569    7.18108    34.1647    34.2029     2.8442     3.2122     1.2701    93.0945 1.6247e+03      68111   2837.917      98.63         13  0.000e+00
     76.584     75.893     6.7179  34.306030     6.7183  34.341223    6.91568    7.18400    34.1648    34.2033     2.8454     3.2134     1.2335    93.0945 1.6345e+03      68420   2850.792      98.63         14  0.000e+00
     76.624     75.933     6.7182  34.306030     6.7181  34.341223    6.91949    7.18407    34.1645    34.2035     2.8466     3.2134     1.2335    93.0682 1.6345e+03      68421   2850.833      98.63         14  0.000e+00
     76.531     75.841     6.7180  34.305719     6.7183  34.341223    6.92323    7.18409    34.1644    34.2034     2.8478     3.2134     1.2335    93.0945 1.6345e+03      68422   2850.875      98.63         14  0.000e+00
     76.531     75.841     6.7180  34.305719     6.7181  34.341223    6.91958    7.18827    34.1644    34.2036     2.8466     3.2146     1.2335    93.0682 1.6345e+03      68423   2850.917      98.63         14  0.000e+00
     76.524     75.834     6.7177  34.305444     6.7181  34.340829    6.91898    7.18488    34.1644    34.2032     2.8466     3.2134     1.2335    93.0945 1.6345e+03      68424   2850.958      98.63         14  0.000e+00
     76.485     75.795     6.7176  34.304857     6.7177  34.340665    6.91901    7.18493    34.1639    34.2034     2.8466     3.2134     1.2335    93.0682 1.6345e+03      68425   2851.000      98.63         14  0.000e+00
     76.485     75.795     6.7176  34.304789     6.7175  34.340468    6.91905    7.18499    34.1639    34.2034     2.8466     3.2134     1.2335    93.1209 1.6345e+03      68426   2851.042      98.63         14  0.000e+00
     76.478     75.788     6.7172  34.305202     6.7182  34.340435    6.91909    7.18443    34.1647    34.2027     2.8466     3.2134     1.2335    93.0945 1.6345e+03      68427   2851.083      98.63         14  0.000e+00
     76.385     75.696     6.7173  34.305030     6.7176  34.340632    6.91833    7.18437    34.1645    34.2035     2.8466     3.2134     1.2335    93.0945 1.6345e+03      68428   2851.125      98.63         14  0.000e+00
     76.431     75.742     6.7172  34.305237     6.7175  34.340501    6.92275    7.18381    34.1647    34.2035     2.8478     3.2134     1.2335    93.0945 1.6345e+03      68429   2851.167      98.63         14  0.000e+00
     76.378     75.689     6.7172  34.304857     6.7175  34.340435    6.91899    7.18315    34.1643    34.2034     2.8466     3.2134     1.2335    93.0682 1.6345e+03      68430   2851.208      98.63         14  0.000e+00
     76.385     75.696     6.7170  34.304788     6.7173  34.340435    6.91900    7.18317    34.1645    34.2036     2.8466     3.2134     1.2335    93.0682 1.6345e+03      68431   2851.250      98.63         14  0.000e+00
     76.338     75.650     6.7171  34.304719     6.7179  34.340632    6.92330    7.18309    34.1643    34.2033     2.8478     3.2134     1.2335    93.0682 1.6345e+03      68432   2851.292      98.63         14  0.000e+00
     76.325     75.637     6.7170  34.304788     6.7183  34.340271    6.91954    7.18306    34.1645    34.2025     2.8466     3.2134     1.2335    93.1209 1.6345e+03      68433   2851.333      98.63         14  0.000e+00
