Ship_data/Southern/Southern_Ocean-02_NBP-15-11_2015-12-07/CTD NBP1511/process/nbp1511_010.ros
* Sea-Bird SBE 9 Data File:
* FileName = D:\Data\raw\NBP1511_010.hdr
* Software Version Seasave V 7.21e
* Temperature SN = 5730
* Conductivity SN = 1143
* Number of Bytes Per Scan = 40
* Number of Voltage Words = 5
* Number of Scans Averaged by the Deck Unit = 1
* NMEA Latitude = 54 07.72 S
* NMEA Longitude = 089 33.20 W
* NMEA UTC (Time) = Dec 17 2015  00:39:40
* NMEA baud rate = 9600
** Ship: RVIB N.B. Palmer
** Cruise: NBP1511
** Station: FLMA-2
** Operator: S. Blackman/B.Bjork
# nquan = 20
# nvalues = 784                                   
# units = specified
# name 0 = prDM: Pressure, Digiquartz [db]
# name 1 = depSM: Depth [salt water, m]
# name 2 = t090C: Temperature [ITS-90, deg C]
# name 3 = c0mS/cm: Conductivity [mS/cm]
# name 4 = t190C: Temperature, 2 [ITS-90, deg C]
# name 5 = c1mS/cm: Conductivity, 2 [mS/cm]
# name 6 = sbeox0ML/L: Oxygen, SBE 43 [ml/l]
# name 7 = sbeox1ML/L: Oxygen, SBE 43, 2 [ml/l]
# name 8 = sal00: Salinity, Practical [PSU]
# name 9 = sal11: Salinity, Practical, 2 [PSU]
# name 10 = sbeox0V: Oxygen raw, SBE 43 [V]
# name 11 = sbeox1V: Oxygen raw, SBE 43, 2 [V]
# name 12 = flECO-AFL: Fluorescence, WET Labs ECO-AFL/FL [mg/m^3]
# name 13 = CStarTr0: Beam Transmission, WET Labs C-Star [%]
# name 14 = spar: SPAR/Surface Irradiance
# name 15 = scan: Scan Count
# name 16 = timeS: Time, Elapsed [seconds]
# name 17 = altM: Altimeter [m]
# name 18 = nbf: Bottles Fired
# name 19 = flag:  0.000e+00
# interval = seconds: 0.0416667
# start_time = Dec 17 2015 00:39:40 [NMEA time, header]
# bad_flag = -9.990e-29
*END*
   4789.835   4694.346     0.6913  31.284212     0.6928  31.312199    4.54504    4.49443    34.7019    34.7351     1.2569     1.4210     0.0027    95.8364 3.3438e+01     125657   5235.667       7.64          1  0.000e+00
   4789.835   4694.346     0.6913  31.284178     0.6927  31.311884    4.55842    4.48142    34.7019    34.7348     1.2581     1.4197     0.0027    95.8100 3.3438e+01     125658   5235.708       7.69          1  0.000e+00
   4789.835   4694.346     0.6915  31.283980     0.6928  31.312136    4.56331    4.47647    34.7014    34.7351     1.2581     1.4197     0.0027    95.8364 3.3438e+01     125659   5235.750       7.69          1  0.000e+00
   4789.835   4694.346     0.6915  31.284112     0.6930  31.312073    4.55462    4.47153    34.7017    34.7348     1.2569     1.4197     0.0027    95.8364 3.3438e+01     125660   5235.792       7.69          1  0.000e+00
   4789.719   4694.234     0.6917  31.284344     0.6927  31.312009    4.55452    4.46648    34.7018    34.7351     1.2569     1.4197    -0.0046    95.8100 3.3438e+01     125661   5235.833       7.69          1  0.000e+00
   4789.777   4694.290     0.6916  31.284410     0.6928  31.311821    4.55477    4.47421    34.7019    34.7346     1.2569     1.4210     0.0027    95.8364 3.3438e+01     125662   5235.875       7.74          1  0.000e+00
   4789.683   4694.199     0.6915  31.284410     0.6932  31.312135    4.54983    4.47360    34.7020    34.7347     1.2569     1.4210     0.0027    95.8100 3.3438e+01     125663   5235.917       7.79          1  0.000e+00
   4789.719   4694.234     0.6916  31.284410     0.6931  31.312261    4.56386    4.47285    34.7019    34.7349     1.2581     1.4210     0.0027    95.8100 3.3438e+01     125664   5235.958       7.79          1  0.000e+00
   4789.661   4694.178     0.6917  31.284211     0.6928  31.312072    4.55578    4.45923    34.7016    34.7350     1.2569     1.4197     0.0027    95.8100 3.3438e+01     125665   5236.000       7.79          1  0.000e+00
   4789.661   4694.178     0.6918  31.284343     0.6930  31.312009    4.56999    4.46633    34.7017    34.7347     1.2581     1.4210     0.0027    95.8364 3.3438e+01     125666   5236.042       7.79          1  0.000e+00
   4789.661   4694.178     0.6915  31.284410     0.6930  31.312198    4.56217    4.45735    34.7020    34.7350     1.2569     1.4197     0.0027    95.8364 3.3438e+01     125667   5236.083       7.84          1  0.000e+00
   4789.545   4694.065     0.6915  31.284409     0.6929  31.312261    4.57122    4.46915    34.7021    34.7352     1.2581     1.4210     0.0027    95.8364 3.3438e+01     125668   5236.125       7.86          1  0.000e+00
   4789.603   4694.122     0.6918  31.284277     0.6932  31.312261    4.55808    4.46034    34.7016    34.7349     1.2569     1.4197    -0.0046    95.8100 3.3438e+01     125669   5236.167       7.86          1  0.000e+00
   4789.545   4694.065     0.6915  31.284343     0.6930  31.312072    4.55871    4.47239    34.7020    34.7349     1.2569     1.4210     0.0027    95.8100 3.3438e+01     125670   5236.208       7.86          1  0.000e+00
   4789.545   4694.065     0.6918  31.283847     0.6933  31.312009    4.57314    4.45899    34.7011    34.7345     1.2581     1.4197     0.0027    95.8364 3.3438e+01     125671   5236.250       7.86          1  0.000e+00
   4789.487   4694.009     0.6917  31.283880     0.6932  31.312009    4.57376    4.45840    34.7013    34.7346     1.2581     1.4197     0.0027    95.8364 3.3438e+01     125672   5236.292       7.94          1  0.000e+00
   4789.509   4694.030     0.6916  31.284277     0.6931  31.312009    4.57419    4.45803    34.7018    34.7347     1.2581     1.4197     0.0027    95.8627 3.3438e+01     125673   5236.333       7.96          1  0.000e+00
   4789.429   4693.953     0.6917  31.284210     0.6928  31.312197    4.56077    4.45779    34.7017    34.7353     1.2569     1.4197     0.0027    95.8364 3.3438e+01     125674   5236.375       7.96          1  0.000e+00
   4789.488   4694.009     0.6915  31.283979     0.6928  31.312260    4.56126    4.46573    34.7016    34.7353     1.2569     1.4210     0.0027    95.8364 3.3438e+01     125675   5236.417       7.96          1  0.000e+00
   4789.371   4693.897     0.6917  31.284276     0.6932  31.312260    4.57006    4.47001    34.7018    34.7350     1.2582     1.4210     0.0027    95.8364 3.3438e+01     125676   5236.458       7.99          1  0.000e+00
   4789.430   4693.953     0.6915  31.284045     0.6933  31.312260    4.55676    4.46969    34.7017    34.7349     1.2569     1.4210     0.0027    95.8100 3.3438e+01     125677   5236.500       8.03          1  0.000e+00
   4789.372   4693.897     0.6918  31.284111     0.6932  31.312071    4.55180    4.46906    34.7015    34.7348     1.2569     1.4210     0.0027    95.8100 3.3438e+01     125678   5236.542       8.06          1  0.000e+00
   4789.313   4693.841     0.6918  31.284177     0.6932  31.312197    4.56045    4.46038    34.7015    34.7349     1.2582     1.4197     0.0027    95.8364 3.3438e+01     125679   5236.583       8.06          1  0.000e+00
   4789.314   4693.841     0.6918  31.284342     0.6935  31.312260    4.56045    4.46000    34.7018    34.7347     1.2582     1.4197     0.0027    95.8100 3.3438e+01     125680   5236.625       8.06          1  0.000e+00
   4789.314   4693.841     0.6918  31.284276     0.6930  31.312260    4.56556    4.47244    34.7017    34.7352     1.2582     1.4210     0.0027    95.7836 3.3438e+01     125681   5236.667       8.08          1  0.000e+00
   4789.277   4693.806     0.6916  31.284177     0.6934  31.311882    4.55709    4.46419    34.7018    34.7343     1.2569     1.4197    -0.0046    95.7836 3.3438e+01     125682   5236.708       8.16          1  0.000e+00
   4789.256   4693.784     0.6917  31.283978     0.6930  31.311945    4.57087    4.47206    34.7015    34.7348     1.2582     1.4210     0.0027    95.8100 3.3438e+01     125683   5236.750       8.16          1  0.000e+00
   4789.256   4693.785     0.6918  31.283945     0.6928  31.312386    4.57619    4.47167    34.7013    34.7356     1.2582     1.4210     0.0027    95.8100 3.3438e+01     125684   5236.792       8.16          1  0.000e+00
   4789.256   4693.785     0.6917  31.284276     0.6930  31.312134    4.56260    4.47111    34.7019    34.7351     1.2569     1.4210     0.0027    95.8100 3.3438e+01     125685   5236.833       8.16          1  0.000e+00
   4789.198   4693.728     0.6918  31.284210     0.6933  31.311819    4.56277    4.45767    34.7017    34.7344     1.2569     1.4197     0.0027    95.8100 3.3438e+01     125686   5236.875       8.21          1  0.000e+00
   4789.198   4693.728     0.6915  31.283614     0.6930  31.311756    4.55794    4.46979    34.7012    34.7346     1.2569     1.4210     0.0027    95.8100 3.3438e+01     125687   5236.917       8.25          1  0.000e+00
   4789.140   4693.672     0.6917  31.283813     0.6933  31.311756    4.57189    4.47372    34.7013    34.7343     1.2582     1.4210     0.0027    95.8100 3.3438e+01     125688   5236.958       8.25          1  0.000e+00
   4789.140   4693.672     0.6915  31.284110     0.6933  31.311945    4.57743    4.47773    34.7019    34.7345     1.2582     1.4210     0.0027    95.8100 3.3438e+01     125689   5237.000       8.25          1  0.000e+00
   4789.104   4693.637     0.6917  31.284342     0.6930  31.312196    4.58291    4.48168    34.7020    34.7352     1.2582     1.4210     0.0027    95.8100 3.3438e+01     125690   5237.042       8.25          1  0.000e+00
   4789.140   4693.672     0.6918  31.284209     0.6933  31.312071    4.58314    4.48093    34.7017    34.7348     1.2582     1.4210     0.0027    95.8364 3.3438e+01     125691   5237.083       8.30          1  0.000e+00
   4789.082   4693.616     0.6915  31.284342     0.6933  31.312196    4.58845    4.48473    34.7022    34.7349     1.2582     1.4210     0.0027    95.8364 3.3438e+01     125692   5237.125       8.35          1  0.000e+00
   4789.082   4693.616     0.6916  31.284077     0.6930  31.312070    4.57487    4.47590    34.7017    34.7351     1.2569     1.4197     0.0027    95.8100 3.3438e+01     125693   5237.167       8.35          1  0.000e+00
   4789.082   4693.616     0.6917  31.283945     0.6928  31.311819    4.57509    4.47534    34.7015    34.7349     1.2569     1.4197     0.0027    95.8100 3.3438e+01     125694   5237.208       8.35          1  0.000e+00
   4788.973   4693.511     0.6913  31.283944     0.6934  31.312133    4.57016    4.48756    34.7019    34.7347     1.2569     1.4210     0.0027    95.8364 3.3438e+01     125695   5237.250       8.35          1  0.000e+00
   4789.024   4693.560     0.6917  31.284110     0.6932  31.312070    4.58417    4.47435    34.7018    34.7349     1.2582     1.4197     0.0027    95.8364 3.3438e+01     125696   5237.292       8.42          1  0.000e+00
   4789.024   4693.560     0.6917  31.284176     0.6927  31.312007    4.58438    4.48185    34.7018    34.7353     1.2582     1.4210     0.0027    95.8100 3.3438e+01     125697   5237.333       8.45          1  0.000e+00
   4789.024   4693.560     0.6916  31.284176     0.6932  31.311818    4.58439    4.47322    34.7019    34.7346     1.2582     1.4197     0.0027    95.8364 3.3438e+01     125698   5237.375       8.45          1  0.000e+00
   4788.930   4693.469     0.6917  31.283977     0.6933  31.312133    4.58412    4.46803    34.7016    34.7349     1.2582     1.4197     0.0027    95.8364 3.3438e+01     125699   5237.417       8.45          1  0.000e+00
   4788.974   4693.511     0.6916  31.284275     0.6934  31.312070    4.58372    4.46292    34.7020    34.7346     1.2582     1.4197     0.0027    95.8364 3.3438e+01     125700   5237.458       8.45          1  0.000e+00
   4788.974   4693.511     0.6915  31.284209     0.6933  31.312007    4.58310    4.47043    34.7021    34.7347     1.2582     1.4210     0.0027    95.8364 3.3438e+01     125701   5237.500       8.50          1  0.000e+00
   4788.974   4693.511     0.6918  31.283779     0.6927  31.312007    4.58756    4.47441    34.7012    34.7353     1.2582     1.4210     0.0027    95.8364 3.3438e+01     125702   5237.542       8.52          1  0.000e+00
   4788.916   4693.455     0.6918  31.284043     0.6928  31.311818    4.59197    4.47836    34.7015    34.7350     1.2582     1.4210    -0.0046    95.8364 3.3438e+01     125703   5237.583       8.52          1  0.000e+00
   4788.916   4693.455     0.6918  31.284010     0.6929  31.312133    4.59645    4.46973    34.7016    34.7353     1.2582     1.4197    -0.0046    95.8364 3.3438e+01     125704   5237.625       8.52          1  0.000e+00
   4788.916   4693.455     0.6915  31.283746     0.6932  31.311881    4.59564    4.48203    34.7015    34.7347     1.2582     1.4210    -0.0046    95.8364 3.3438e+01     125705   5237.667       8.55          1  0.000e+00
   4074.357   3999.565     0.8428  31.177942     0.8433  31.205541    4.47755    4.42292    34.7052    34.7390     1.3150     1.4857     0.0027    95.8891 2.5571e+01     144765   6031.833      97.46          2  0.000e+00
   4074.357   3999.565     0.8425  31.177942     0.8426  31.205227    4.48945    4.42118    34.7055    34.7394     1.3162     1.4857     0.0100    95.9155 2.5571e+01     144766   6031.875      97.46          2  0.000e+00
   4074.307   3999.517     0.8425  31.177942     0.8430  31.204976    4.47045    4.41939    34.7055    34.7387     1.3137     1.4857     0.0027    95.9155 2.5571e+01     144767   6031.917      97.41          2  0.000e+00
   4074.415   3999.621     0.8425  31.177942     0.8428  31.205102    4.47844    4.42844    34.7055    34.7390     1.3150     1.4870     0.0100    95.9155 2.5571e+01     144768   6031.958      97.39          2  0.000e+00
   4074.300   3999.510     0.8424  31.177743     0.8428  31.205353    4.47872    4.43002    34.7055    34.7394     1.3150     1.4870     0.0100    95.9155 2.5571e+01     144769   6032.000      97.39          2  0.000e+00
   4074.415   3999.621     0.8425  31.177711     0.8431  31.205981    4.47911    4.43154    34.7052    34.7398     1.3150     1.4870     0.0027    95.9155 2.5571e+01     144770   6032.042      97.46          2  0.000e+00
   4074.357   3999.566     0.8422  31.178041     0.8436  31.206170    4.46788    4.42210    34.7060    34.7395     1.3137     1.4857     0.0027    95.9418 2.5571e+01     144771   6032.083      97.44          2  0.000e+00
   4074.357   3999.566     0.8425  31.178173     0.8440  31.205793    4.47592    4.42354    34.7058    34.7386     1.3150     1.4857     0.0027    95.9155 2.5571e+01     144772   6032.125      97.39          2  0.000e+00
   4074.415   3999.622     0.8426  31.177975     0.8437  31.205856    4.48800    4.42519    34.7054    34.7389     1.3162     1.4857     0.0027    95.9155 2.5571e+01     144773   6032.167      97.41          2  0.000e+00
   4074.358   3999.566     0.8428  31.178305     0.8433  31.206107    4.49222    4.42321    34.7057    34.7397     1.3162     1.4857     0.0027    95.9155 2.5571e+01     144774   6032.208      97.44          2  0.000e+00
   4074.358   3999.566     0.8430  31.178437     0.8436  31.206170    4.48477    4.42127    34.7057    34.7395     1.3150     1.4857    -0.0046    95.8891 2.5571e+01     144775   6032.250      97.46          2  0.000e+00
   4074.415   3999.622     0.8430  31.178437     0.8442  31.206515    4.48497    4.41939    34.7056    34.7392     1.3150     1.4857     0.0027    95.9155 2.5571e+01     144776   6032.292      97.44          2  0.000e+00
   4074.415   3999.622     0.8428  31.178602     0.8448  31.206264    4.48514    4.41749    34.7060    34.7383     1.3150     1.4857     0.0027    95.8891 2.5571e+01     144777   6032.333      97.41          2  0.000e+00
   4074.415   3999.622     0.8431  31.178470     0.8442  31.206170    4.48116    4.41554    34.7055    34.7389     1.3150     1.4857     0.0027    95.9155 2.5571e+01     144778   6032.375      97.44          2  0.000e+00
   4074.473   3999.678     0.8431  31.178602     0.8442  31.206170    4.48119    4.42441    34.7056    34.7388     1.3150     1.4870     0.0027    95.8891 2.5571e+01     144779   6032.417      97.46          2  0.000e+00
   4074.415   3999.622     0.8433  31.178668     0.8440  31.206515    4.48114    4.41876    34.7056    34.7394     1.3150     1.4857     0.0027    95.9155 2.5571e+01     144780   6032.458      97.48          2  0.000e+00
   4074.466   3999.671     0.8431  31.178470     0.8440  31.206264    4.48119    4.42058    34.7055    34.7391     1.3150     1.4857     0.0027    95.9155 2.5571e+01     144781   6032.500      97.44          2  0.000e+00
   4074.473   3999.678     0.8431  31.178239     0.8438  31.206170    4.48121    4.42958    34.7052    34.7393     1.3150     1.4870     0.0027    95.9155 2.5571e+01     144782   6032.542      97.44          2  0.000e+00
   4074.473   3999.678     0.8428  31.177810     0.8440  31.205981    4.48126    4.43126    34.7050    34.7388     1.3150     1.4870     0.0027    95.9155 2.5571e+01     144783   6032.583      97.44          2  0.000e+00
   4074.473   3999.678     0.8428  31.178239     0.8436  31.205919    4.46969    4.43271    34.7055    34.7392     1.3137     1.4870     0.0027    95.8891 2.3604e+01     144784   6032.625      97.46          2  0.000e+00
   4074.523   3999.727     0.8428  31.178801     0.8432  31.205699    4.48158    4.43405    34.7062    34.7393     1.3150     1.4870     0.0027    95.8891 2.3604e+01     144785   6032.667      97.44          2  0.000e+00
   4074.531   3999.734     0.8428  31.178338     0.8433  31.205448    4.47781    4.42449    34.7056    34.7389     1.3150     1.4857     0.0027    95.9155 2.5571e+01     144786   6032.708      97.39          2  0.000e+00
   4074.588   3999.790     0.8431  31.178537     0.8430  31.205228    4.47385    4.42213    34.7055    34.7389     1.3150     1.4857    -0.0046    95.9155 2.5571e+01     144787   6032.750      97.44          2  0.000e+00
