Ship_data/Southern/Southern_Ocean-02_NBP-15-11_2015-12-07/CTD NBP1511/process/nbp1511_015.ros
* Sea-Bird SBE 9 Data File:
* FileName = D:\Data\raw\NBP1511_015.hdr
* Software Version Seasave V 7.21e
* Temperature SN = 5730
* Conductivity SN = 1143
* Number of Bytes Per Scan = 40
* Number of Voltage Words = 5
* Number of Scans Averaged by the Deck Unit = 1
* NMEA Latitude = 54 26.16 S
* NMEA Longitude = 089 14.39 W
* NMEA UTC (Time) = Dec 26 2015  12:16:43
* NMEA baud rate = 9600
** Ship: RVIB N.B. Palmer
** Cruise: NBP1511
** Station: HYPM-2
** Operator: S. Blackman / B. Bjork
# nquan = 20
# nvalues = 588                                   
# units = specified
# name 0 = prDM: Pressure, Digiquartz [db]
# name 1 = depSM: Depth [salt water, m]
# name 2 = t090C: Temperature [ITS-90, deg C]
# name 3 = c0mS/cm: Conductivity [mS/cm]
# name 4 = t190C: Temperature, 2 [ITS-90, deg C]
# name 5 = c1mS/cm: Conductivity, 2 [mS/cm]
# name 6 = sbeox0ML/L: Oxygen, SBE 43 [ml/l]
# name 7 = sbeox1ML/L: Oxygen, SBE 43, 2 [ml/l]
# name 8 = sal00: Salinity, Practical [PSU]
# name 9 = sal11: Salinity, Practical, 2 [PSU]
# name 10 = sbeox0V: Oxygen raw, SBE 43 [V]
# name 11 = sbeox1V: Oxygen raw, SBE 43, 2 [V]
# name 12 = flECO-AFL: Fluorescence, WET Labs ECO-AFL/FL [mg/m^3]
# name 13 = CStarTr0: Beam Transmission, WET Labs C-Star [%]
# name 14 = spar: SPAR/Surface Irradiance
# name 15 = scan: Scan Count
# name 16 = timeS: Time, Elapsed [seconds]
# name 17 = altM: Altimeter [m]
# name 18 = nbf: Bottles Fired
# name 19 = flag:  0.000e+00
# interval = seconds: 0.0416667
# start_time = Dec 26 2015 12:16:43 [NMEA time, header]
# bad_flag = -9.990e-29
*END*
[from data line 507]
    304.096    301.148     5.3327  33.183084     5.3324  33.234216    6.72832    6.94921    34.1829    34.2418     2.6444     2.9779    -0.0193    95.2564 5.3305e+02     247066  10294.375      98.66         11  0.000e+00
    304.143    301.195     5.3327  33.182744     5.3322  33.233925    6.72392    6.95394    34.1825    34.2416     2.6432     2.9791    -0.0193    95.2564 5.3305e+02     247067  10294.417      98.66         11  0.000e+00
    304.096    301.148     5.3324  33.182473     5.3323  33.234280    6.72734    6.95039    34.1825    34.2419     2.6444     2.9779    -0.0193    95.2827 5.3305e+02     247068  10294.458      98.66         11  0.000e+00
    304.243    301.294     5.3325  33.182167     5.3324  33.234378    6.72295    6.94995    34.1820    34.2419     2.6432     2.9779    -0.0193    95.2827 5.3305e+02     247069  10294.500      98.66         11  0.000e+00
    304.190    301.241     5.3323  33.182677     5.3322  33.234377    6.72149    6.94931    34.1829    34.2421     2.6432     2.9779    -0.0193    95.3091 5.3108e+02     247070  10294.542      98.66         11  0.000e+00
    304.243    301.294     5.3324  33.182881     5.3321  33.234216    6.72482    6.94870    34.1829    34.2420     2.6444     2.9779    -0.0193    95.2827 5.3305e+02     247071  10294.583      98.66         11  0.000e+00
    304.243    301.294     5.3324  33.182881     5.3322  33.233925    6.72411    6.94879    34.1829    34.2415     2.6444     2.9779    -0.0193    95.2564 5.3305e+02     247072  10294.625      98.66         11  0.000e+00
    304.290    301.340     5.3324  33.182711     5.3319  33.233861    6.72423    6.94893    34.1827    34.2418     2.6444     2.9779    -0.0193    95.2300 5.3305e+02     247073  10294.667      98.66         11  0.000e+00
    304.290    301.340     5.3323  33.181658     5.3316  33.233893    6.72434    6.94909    34.1817    34.2421     2.6444     2.9779    -0.0193    95.2300 5.3305e+02     247074  10294.708      98.66         11  0.000e+00
    304.337    301.386     5.3323  33.181896     5.3319  33.234249    6.72352    6.94921    34.1819    34.2421     2.6444     2.9779    -0.0193    95.2564 5.3305e+02     247075  10294.750      98.66         11  0.000e+00
    304.390    301.439     5.3319  33.182677     5.3320  33.234410    6.72351    6.94861    34.1831    34.2422     2.6444     2.9779    -0.0193    95.2564 5.3305e+02     247076  10294.792      98.66         11  0.000e+00
    304.344    301.393     5.3319  33.182270     5.3320  33.234378    6.72338    6.94865    34.1827    34.2422     2.6444     2.9779    -0.0193    95.2564 5.3305e+02     247077  10294.833      98.66         11  0.000e+00
    304.437    301.486     5.3319  33.181964     5.3321  33.233990    6.72419    6.94806    34.1823    34.2416     2.6444     2.9779    -0.0193    95.2827 5.3305e+02     247078  10294.875      98.66         11  0.000e+00
    304.390    301.439     5.3318  33.181828     5.3317  33.233893    6.72879    6.94361    34.1823    34.2419     2.6456     2.9767    -0.0193    95.2827 5.3305e+02     247079  10294.917      98.66         11  0.000e+00
    304.437    301.486     5.3316  33.182236     5.3319  33.233667    6.72468    6.94745    34.1829    34.2415     2.6444     2.9779    -0.0193    95.2564 5.3305e+02     247080  10294.958      98.66         11  0.000e+00
    304.491    301.539     5.3316  33.182168     5.3313  33.233441    6.72450    6.94757    34.1828    34.2418     2.6444     2.9779    -0.0193    95.2827 5.3305e+02     247081  10295.000      98.66         11  0.000e+00
    304.437    301.486     5.3316  33.181896     5.3316  33.233538    6.72503    6.94759    34.1825    34.2416     2.6444     2.9779    -0.0193    95.2827 5.3305e+02     247082  10295.042      98.66         11  0.000e+00
    304.538    301.585     5.3315  33.181897     5.3314  33.233603    6.72011    6.94701    34.1826    34.2418     2.6432     2.9779    -0.0193    95.3091 5.3305e+02     247083  10295.083      98.66         11  0.000e+00
    304.538    301.585     5.3316  33.181829     5.3316  33.233441    6.72378    6.94628    34.1824    34.2414     2.6444     2.9779    -0.0193    95.2827 5.3305e+02     247084  10295.125      98.66         11  0.000e+00
    304.538    301.585     5.3318  33.182236     5.3316  33.233344    6.72343    6.94623    34.1827    34.2414     2.6444     2.9779    -0.0193    95.2564 5.3305e+02     247085  10295.167      98.66         11  0.000e+00
    304.538    301.585     5.3318  33.182168     5.3316  33.233732    6.72310    6.94623    34.1826    34.2418     2.6444     2.9779    -0.0193    95.2827 5.3305e+02     247086  10295.208      98.66         11  0.000e+00
    304.591    301.638     5.3316  33.181693     5.3316  33.233506    6.71806    6.94187    34.1822    34.2415     2.6432     2.9767    -0.0193    95.3091 5.3305e+02     247087  10295.250      98.66         11  0.000e+00
    304.591    301.638     5.3316  33.181421     5.3313  33.233538    6.72165    6.94565    34.1819    34.2419     2.6444     2.9779    -0.0193    95.2564 5.3305e+02     247088  10295.292      98.66         11  0.000e+00
    304.638    301.684     5.3316  33.181693     5.3317  33.233636    6.72212    6.94571    34.1822    34.2415     2.6444     2.9779    -0.0193    95.2827 5.3305e+02     247089  10295.333      98.66         11  0.000e+00
    304.591    301.638     5.3315  33.181421     5.3315  33.233603    6.72170    6.94573    34.1821    34.2417     2.6444     2.9779    -0.0193    95.2827 5.3305e+02     247090  10295.375      98.66         11  0.000e+00
    304.685    301.730     5.3315  33.181524     5.3314  33.233797    6.72134    6.94584    34.1821    34.2420     2.6444     2.9779    -0.0193    95.2827 5.3305e+02     247091  10295.417      98.66         11  0.000e+00
    304.638    301.684     5.3315  33.181184     5.3313  33.233506    6.72169    6.94138    34.1818    34.2418     2.6444     2.9767    -0.0193    95.2827 5.3305e+02     247092  10295.458      98.66         11  0.000e+00
    304.685    301.730     5.3313  33.181490     5.3316  33.233539    6.72210    6.94077    34.1822    34.2415     2.6444     2.9767    -0.0193    95.2827 5.3305e+02     247093  10295.500      98.66         11  0.000e+00
    304.685    301.730     5.3313  33.181965     5.3313  33.233022    6.72245    6.94012    34.1828    34.2412     2.6444     2.9767    -0.0193    95.2564 5.3305e+02     247094  10295.542      98.66         11  0.000e+00
    304.685    301.730     5.3313  33.181897     5.3314  33.233442    6.72282    6.94398    34.1827    34.2416     2.6444     2.9779    -0.0120    95.2827 5.3305e+02     247095  10295.583      98.66         11  0.000e+00
    304.685    301.730     5.3315  33.181626     5.3315  33.233603    6.72318    6.94409    34.1822    34.2417     2.6444     2.9779    -0.0120    95.2827 5.3305e+02     247096  10295.625      98.66         11  0.000e+00
    304.738    301.783     5.3315  33.181965     5.3316  33.233442    6.72358    6.94424    34.1826    34.2414     2.6444     2.9779    -0.0120    95.3091 5.3305e+02     247097  10295.667      98.66         11  0.000e+00
    161.810    160.296     5.5458  33.311291     5.5392  33.356707    6.76383    7.01135    34.1851    34.2435     2.7087     3.0542     0.0247    95.2036 6.4516e+02     251881  10495.000      98.66         12  0.000e+00
    161.863    160.349     5.5447  33.310305     5.5383  33.356125    6.76908    7.01101    34.1851    34.2438     2.7099     3.0542     0.0247    95.2036 6.4516e+02     251882  10495.042      98.66         12  0.000e+00
    161.810    160.296     5.5434  33.310101     5.5378  33.356578    6.76494    7.01052    34.1861    34.2449     2.7087     3.0542     0.0247    95.1773 6.4516e+02     251883  10495.083      98.66         12  0.000e+00
    161.810    160.296     5.5426  33.310101     5.5381  33.357938    6.76538    7.01069    34.1870    34.2461     2.7087     3.0542     0.0173    95.1773 6.4516e+02     251884  10495.125      98.66         12  0.000e+00
    161.910    160.395     5.5423  33.309285     5.5389  33.358100    6.76590    7.01092    34.1863    34.2454     2.7087     3.0542     0.0247    95.1773 6.4516e+02     251885  10495.167      98.66         12  0.000e+00
    161.863    160.349     5.5423  33.309251     5.5381  33.357064    6.76159    7.01093    34.1863    34.2450     2.7075     3.0542     0.0247    95.1509 6.4516e+02     251886  10495.208      98.66         12  0.000e+00
    161.863    160.349     5.5423  33.309319     5.5378  33.356772    6.76121    7.00596    34.1863    34.2451     2.7075     3.0530     0.0247    95.1773 6.4516e+02     251887  10495.250      98.66         12  0.000e+00
    161.910    160.395     5.5422  33.309319     5.5378  33.356967    6.76553    7.00972    34.1865    34.2452     2.7087     3.0542     0.0247    95.1509 6.4516e+02     251888  10495.292      98.66         12  0.000e+00
    161.910    160.395     5.5425  33.309693     5.5387  33.357614    6.76589    7.00972    34.1866    34.2450     2.7087     3.0542     0.0247    95.1773 6.4320e+02     251889  10495.333      98.66         12  0.000e+00
    161.956    160.441     5.5422  33.309421     5.5389  33.358003    6.76099    7.00987    34.1866    34.2452     2.7075     3.0542     0.0247    95.2036 6.4320e+02     251890  10495.375      98.66         12  0.000e+00
    161.910    160.395     5.5422  33.309897     5.5394  33.358844    6.76439    7.00986    34.1871    34.2457     2.7087     3.0542     0.0247    95.1773 6.4320e+02     251891  10495.417      98.66         12  0.000e+00
    161.956    160.441     5.5423  33.309693     5.5403  33.360852    6.76481    7.00924    34.1867    34.2470     2.7087     3.0542     0.0247    95.1509 6.4320e+02     251892  10495.458      98.66         12  0.000e+00
    162.010    160.494     5.5422  33.309591     5.5421  33.362795    6.76064    7.00935    34.1867    34.2474     2.7075     3.0542     0.0247    95.1773 6.4320e+02     251893  10495.500      98.66         12  0.000e+00
    161.956    160.441     5.5420  33.309591     5.5436  33.364219    6.76026    7.00934    34.1869    34.2476     2.7075     3.0542     0.0247    95.1509 6.4320e+02     251894  10495.542      98.66         12  0.000e+00
    161.910    160.395     5.5420  33.309761     5.5461  33.365903    6.75990    7.00932    34.1871    34.2469     2.7075     3.0542     0.0247    95.1509 6.4320e+02     251895  10495.583      98.66         12  0.000e+00
    162.110    160.593     5.5422  33.309830     5.5494  33.368526    6.75898    7.00951    34.1870    34.2465     2.7075     3.0542     0.0247    95.1773 6.4320e+02     251896  10495.625      98.66         12  0.000e+00
    162.056    160.540     5.5430  33.311803     5.5518  33.370987    6.76226    7.00927    34.1884    34.2469     2.7087     3.0542     0.0247    95.2036 6.4320e+02     251897  10495.667      98.66         12  0.000e+00
    162.056    160.540     5.5442  33.313061     5.5529  33.372347    6.76169    7.00906    34.1886    34.2473     2.7087     3.0542     0.0247    95.1773 6.4320e+02     251898  10495.708      98.66         12  0.000e+00
    162.056    160.540     5.5460  33.315340     5.5539  33.373189    6.76177    7.00440    34.1894    34.2473     2.7087     3.0530     0.0247    95.2036 6.4320e+02     251899  10495.750      98.66         12  0.000e+00
    162.110    160.593     5.5501  33.320171     5.5548  33.373577    6.75686    7.00733    34.1907    34.2467     2.7075     3.0542     0.0247    95.2036 6.4320e+02     251900  10495.792      98.66         12  0.000e+00
    162.110    160.593     5.5545  33.324628     5.5552  33.372865    6.75578    7.00656    34.1913    34.2455     2.7075     3.0542     0.0247    95.1773 6.4320e+02     251901  10495.833      98.66         12  0.000e+00
    162.156    160.639     5.5576  33.326839     5.5526  33.370825    6.75425    7.00612    34.1907    34.2458     2.7075     3.0542     0.0247    95.1773 6.4320e+02     251902  10495.875      98.66         12  0.000e+00
    162.156    160.639     5.5597  33.328574     5.5518  33.370469    6.75282    7.00147    34.1905    34.2462     2.7075     3.0530     0.0247    95.2036 6.4320e+02     251903  10495.917      98.66         12  0.000e+00
    162.203    160.686     5.5622  33.331569     5.5539  33.372865    6.75132    7.00041    34.1913    34.2468     2.7075     3.0530     0.0247    95.2300 6.4320e+02     251904  10495.958      98.66         12  0.000e+00
    162.156    160.639     5.5660  33.335345     5.5582  33.378273    6.75416    6.99909    34.1918    34.2486     2.7087     3.0530     0.0247    95.2036 6.4320e+02     251905  10496.000      98.66         12  0.000e+00
    162.256    160.738     5.5695  33.337863     5.5640  33.383941    6.74952    7.00236    34.1910    34.2491     2.7075     3.0542     0.0247    95.1245 6.4320e+02     251906  10496.042      98.66         12  0.000e+00
    162.203    160.685     5.5720  33.339735     5.5695  33.390030    6.74878    7.00200    34.1906    34.2504     2.7075     3.0542     0.0247    94.8873 6.4320e+02     251907  10496.083      98.66         12  0.000e+00
    162.256    160.738     5.5730  33.339905     5.5759  33.395698    6.74845    7.00205    34.1898    34.2503     2.7075     3.0542     0.0247    94.6500 6.4320e+02     251908  10496.125      98.66         12  0.000e+00
    162.303    160.785     5.5726  33.339701     5.5814  33.401529    6.75293    6.99797    34.1899    34.2514     2.7087     3.0530     0.0247    94.6500 6.4320e+02     251909  10496.167      98.66         12  0.000e+00
    162.350    160.831     5.5733  33.341232     5.5861  33.405449    6.75335    6.99734    34.1910    34.2510     2.7087     3.0530     0.0247    94.7554 6.4320e+02     251910  10496.208      98.66         12  0.000e+00
    162.303    160.785     5.5757  33.345282     5.5894  33.407717    6.75334    7.00060    34.1932    34.2503     2.7087     3.0542     0.0247    94.8609 6.4320e+02     251911  10496.250      98.66         12  0.000e+00
    162.403    160.884     5.5810  33.350353     5.5906  33.408819    6.75305    6.99989    34.1935    34.2503     2.7087     3.0542     0.0247    94.9400 6.4320e+02     251912  10496.292      98.66         12  0.000e+00
    162.350    160.831     5.5856  33.353790     5.5924  33.409790    6.75359    6.99923    34.1928    34.2496     2.7087     3.0542     0.0247    94.9927 6.4320e+02     251913  10496.333      98.66         12  0.000e+00
    162.403    160.884     5.5880  33.355288     5.5924  33.409337    6.74923    6.99907    34.1920    34.2490     2.7075     3.0542     0.0247    95.0191 6.4320e+02     251914  10496.375      98.66         12  0.000e+00
    162.450    160.930     5.5891  33.356207     5.5919  33.409013    6.74814    6.99911    34.1919    34.2491     2.7075     3.0542     0.0247    95.0982 6.4320e+02     251915  10496.417      98.66         12  0.000e+00
    162.450    160.930     5.5900  33.356547     5.5918  33.408430    6.74784    6.99916    34.1913    34.2486     2.7075     3.0542     0.0247    95.0982 6.4320e+02     251916  10496.458      98.66         12  0.000e+00
    162.450    160.930     5.5906  33.356377     5.5916  33.408430    6.74765    6.99496    34.1905    34.2488     2.7075     3.0530     0.0247    95.1245 6.4320e+02     251917  10496.500      98.66         12  0.000e+00
    162.503    160.983     5.5910  33.356717     5.5914  33.408171    6.74755    6.99882    34.1906    34.2487     2.7075     3.0542     0.0247    95.0454 6.4320e+02     251918  10496.542      98.66         12  0.000e+00
    162.503    160.983     5.5912  33.356854     5.5914  33.408365    6.74824    6.99469    34.1905    34.2489     2.7075     3.0530     0.0247    94.8873 6.4123e+02     251919  10496.583      98.66         12  0.000e+00
    162.596    161.075     5.5916  33.357058     5.5913  33.408690    6.75286    6.99428    34.1903    34.2494     2.7087     3.0530     0.0247    94.8609 6.4123e+02     251920  10496.625      98.66         12  0.000e+00
