Ship_data/Southern/Southern_Ocean-02_NBP-15-11_2015-12-07/CTD NBP1511/process/nbp1511_008.ros
* Sea-Bird SBE 9 Data File:
* FileName = D:\Data\raw\NBP1511_008.hdr
* Software Version Seasave V 7.21e
* Temperature SN = 5730
* Conductivity SN = 1143
* Number of Bytes Per Scan = 40
* Number of Voltage Words = 5
* Number of Scans Averaged by the Deck Unit = 1
* NMEA Latitude = 54 31.07 S
* NMEA Longitude = 089 22.21 W
* NMEA UTC (Time) = Dec 13 2015  16:49:16
* NMEA baud rate = 9600
** Ship: RVIB N.B. Palmer
** Cruise: NBP1511
** Station: HYPM1
** Operator: S. Blackman/B.Bjork
# nquan = 20
# nvalues = 539                                   
# units = specified
# name 0 = prDM: Pressure, Digiquartz [db]
# name 1 = depSM: Depth [salt water, m]
# name 2 = t090C: Temperature [ITS-90, deg C]
# name 3 = c0mS/cm: Conductivity [mS/cm]
# name 4 = t190C: Temperature, 2 [ITS-90, deg C]
# name 5 = c1mS/cm: Conductivity, 2 [mS/cm]
# name 6 = sbeox0ML/L: Oxygen, SBE 43 [ml/l]
# name 7 = sbeox1ML/L: Oxygen, SBE 43, 2 [ml/l]
# name 8 = sal00: Salinity, Practical [PSU]
# name 9 = sal11: Salinity, Practical, 2 [PSU]
# name 10 = sbeox0V: Oxygen raw, SBE 43 [V]
# name 11 = sbeox1V: Oxygen raw, SBE 43, 2 [V]
# name 12 = flECO-AFL: Fluorescence, WET Labs ECO-AFL/FL [mg/m^3]
# name 13 = CStarTr0: Beam Transmission, WET Labs C-Star [%]
# name 14 = spar: SPAR/Surface Irradiance
# name 15 = scan: Scan Count
# name 16 = timeS: Time, Elapsed [seconds]
# name 17 = altM: Altimeter [m]
# name 18 = nbf: Bottles Fired
# name 19 = flag:  0.000e+00
# interval = seconds: 0.0416667
# start_time = Dec 13 2015 16:49:16 [NMEA time, header]
# bad_flag = -9.990e-29
*END*
[from data line 362]
   1010.592    999.093     3.6074  32.056058     3.6063  32.078985    4.79416    4.90480    34.2875    34.3158     1.8586     2.1030    -0.0120    95.4936 1.9316e+03     214629   8942.833      98.66          8  0.000e+00
   1010.592    999.093     3.6076  32.056292     3.6067  32.079462    4.79389    4.90379    34.2875    34.3160     1.8586     2.1030    -0.0120    95.5200 1.9316e+03     214630   8942.875      98.66          8  0.000e+00
   1010.646    999.146     3.6080  32.056560     3.6073  32.079844    4.78783    4.90381    34.2874    34.3158     1.8574     2.1030    -0.0120    95.4673 1.9316e+03     214631   8942.917      98.66          8  0.000e+00
   1010.646    999.146     3.6081  32.056426     3.6078  32.080226    4.78749    4.90385    34.2872    34.3157     1.8574     2.1030    -0.0120    95.4936 1.9316e+03     214632   8942.958      98.66          8  0.000e+00
   1010.687    999.186     3.6079  32.056225     3.6081  32.080607    4.79291    4.90287    34.2871    34.3158     1.8586     2.1030    -0.0120    95.5200 1.9316e+03     214633   8943.000      98.66          8  0.000e+00
   1010.693    999.193     3.6074  32.056125     3.6086  32.080989    4.79253    4.90293    34.2875    34.3158     1.8586     2.1030    -0.0120    95.4936 1.9316e+03     214634   8943.042      98.66          8  0.000e+00
   1010.748    999.247     3.6070  32.055156     3.6087  32.080989    4.78761    4.90305    34.2868    34.3156     1.8574     2.1030    -0.0120    95.5200 1.9316e+03     214635   8943.083      98.66          8  0.000e+00
   1010.693    999.193     3.6064  32.055089     3.6090  32.081053    4.78714    4.90307    34.2873    34.3154     1.8574     2.1030    -0.0120    95.4936 1.9335e+03     214636   8943.125      98.66          8  0.000e+00
   1010.795    999.293     3.6070  32.056259     3.6090  32.081180    4.79354    4.90303    34.2880    34.3155     1.8586     2.1030    -0.0120    95.5200 1.9335e+03     214637   8943.167      98.66          8  0.000e+00
   1010.748    999.247     3.6080  32.057162     3.6094  32.081657    4.79405    4.90820    34.2881    34.3157     1.8586     2.1042    -0.0120    95.4936 1.9335e+03     214638   8943.208      98.66          8  0.000e+00
   1010.836    999.334     3.6087  32.057563     3.6097  32.081721    4.78774    4.90916    34.2878    34.3154     1.8573     2.1042    -0.0120    95.4936 1.9335e+03     214639   8943.250      98.66          8  0.000e+00
   1010.849    999.347     3.6092  32.057429     3.6100  32.081403    4.78713    4.90472    34.2871    34.3147     1.8573     2.1030    -0.0120    95.4936 1.9335e+03     214640   8943.292      98.66          8  0.000e+00
   1010.849    999.347     3.6091  32.057396     3.6093  32.081594    4.78656    4.90464    34.2871    34.3157     1.8573     2.1030    -0.0193    95.4936 1.9335e+03     214641   8943.333      98.66          8  0.000e+00
   1010.897    999.394     3.6087  32.056828     3.6100  32.081785    4.79178    4.90465    34.2869    34.3152     1.8586     2.1030    -0.0193    95.4936 1.9335e+03     214642   8943.375      98.66          8  0.000e+00
   1010.897    999.394     3.6082  32.056427     3.6102  32.081912    4.78667    4.90464    34.2869    34.3151     1.8573     2.1030    -0.0193    95.5200 1.9335e+03     214643   8943.417      98.66          8  0.000e+00
   1010.951    999.447     3.6079  32.056159     3.6105  32.081849    4.79302    4.90355    34.2869    34.3147     1.8586     2.1030    -0.0193    95.5200 1.9335e+03     214644   8943.458      98.66          8  0.000e+00
   1010.937    999.434     3.6074  32.056326     3.6103  32.082199    4.79478    4.90346    34.2876    34.3153     1.8586     2.1030    -0.0193    95.4936 1.9335e+03     214645   8943.500      98.66          8  0.000e+00
   1011.053    999.548     3.6074  32.055992     3.6105  32.082231    4.78969    4.90341    34.2871    34.3151     1.8573     2.1030    -0.0193    95.4936 1.9335e+03     214646   8943.542      98.66          8  0.000e+00
   1010.999    999.494     3.6076  32.056427     3.6102  32.082103    4.78900    4.90856    34.2875    34.3153     1.8573     2.1042    -0.0193    95.4936 1.9335e+03     214647   8943.583      98.66          8  0.000e+00
   1011.053    999.548     3.6077  32.056427     3.6102  32.082167    4.78960    4.90944    34.2874    34.3154     1.8573     2.1042    -0.0193    95.5200 1.9335e+03     214648   8943.625      98.66          8  0.000e+00
   1011.053    999.548     3.6073  32.055859     3.6100  32.081913    4.78908    4.90497    34.2871    34.3152     1.8573     2.1030    -0.0193    95.4936 1.9335e+03     214649   8943.667      98.66          8  0.000e+00
   1011.154    999.648     3.6074  32.056193     3.6087  32.080990    4.78854    4.91015    34.2874    34.3154     1.8573     2.1042    -0.0193    95.4936 1.9335e+03     214650   8943.708      98.66          8  0.000e+00
   1011.141    999.635     3.6073  32.056561     3.6075  32.079845    4.78795    4.91091    34.2879    34.3154     1.8573     2.1042    -0.0193    95.5200 1.9335e+03     214651   8943.750      98.66          8  0.000e+00
   1011.155    999.648     3.6075  32.056628     3.6068  32.079273    4.78856    4.90627    34.2877    34.3154     1.8573     2.1030    -0.0193    95.4936 1.9335e+03     214652   8943.792      98.66          8  0.000e+00
   1011.202    999.695     3.6079  32.056461     3.6060  32.078732    4.78803    4.90597    34.2871    34.3155     1.8573     2.1030    -0.0193    95.5200 1.9335e+03     214653   8943.833      98.66          8  0.000e+00
   1011.256    999.748     3.6077  32.056361     3.6049  32.078478    4.78755    4.90572    34.2871    34.3164     1.8573     2.1030    -0.0193    95.4673 1.9335e+03     214654   8943.875      98.66          8  0.000e+00
   1011.304    999.795     3.6074  32.056160     3.6051  32.078542    4.78709    4.90550    34.2872    34.3162     1.8573     2.1030    -0.0193    95.4936 1.9335e+03     214655   8943.917      98.66          8  0.000e+00
   1011.256    999.748     3.6073  32.056127     3.6052  32.078096    4.79225    4.90518    34.2873    34.3156     1.8586     2.1030    -0.0193    95.4936 1.9335e+03     214656   8943.958      98.66          8  0.000e+00
   1011.344    999.835     3.6072  32.055592     3.6054  32.078224    4.79291    4.90496    34.2867    34.3155     1.8586     2.1030    -0.0193    95.5200 1.9335e+03     214657   8944.000      98.66          8  0.000e+00
   1011.358    999.849     3.6070  32.055726     3.6051  32.078796    4.78776    4.90469    34.2871    34.3165     1.8573     2.1030    -0.0193    95.5200 1.9335e+03     214658   8944.042      98.66          8  0.000e+00
    504.472    499.337     5.1729  33.125179     5.1698  33.149614    6.31437    6.52777    34.1780    34.2091     2.4630     2.7783    -0.0266    95.4673 2.9052e+03     228595   9524.750      98.66          9  0.000e+00
    504.472    499.337     5.1729  33.125484     5.1698  33.149679    6.31428    6.52402    34.1783    34.2092     2.4630     2.7771    -0.0266    95.4936 2.9131e+03     228596   9524.792      98.66          9  0.000e+00
    504.472    499.337     5.1726  33.125586     5.1700  33.149679    6.31515    6.52886    34.1788    34.2090     2.4630     2.7783    -0.0266    95.4936 2.9209e+03     228597   9524.833      98.66          9  0.000e+00
    504.472    499.337     5.1721  33.125009     5.1700  33.149873    6.31611    6.52907    34.1786    34.2093     2.4630     2.7783    -0.0266    95.4936 2.9308e+03     228598   9524.875      98.66          9  0.000e+00
    504.472    499.337     5.1720  33.124840     5.1701  33.149743    6.31704    6.52537    34.1786    34.2090     2.4630     2.7771    -0.0266    95.4936 2.9386e+03     228599   9524.917      98.66          9  0.000e+00
    504.472    499.337     5.1716  33.124636     5.1705  33.150066    6.31713    6.53022    34.1787    34.2090     2.4630     2.7783    -0.0266    95.4673 2.9485e+03     228600   9524.958      98.66          9  0.000e+00
    504.472    499.337     5.1715  33.124568     5.1706  33.150195    6.32213    6.52735    34.1787    34.2090     2.4643     2.7771    -0.0266    95.4936 2.9583e+03     228601   9525.000      98.66          9  0.000e+00
    504.472    499.337     5.1716  33.124772     5.1701  33.150195    6.31803    6.53138    34.1789    34.2095     2.4630     2.7783    -0.0266    95.4936 2.9681e+03     228602   9525.042      98.66          9  0.000e+00
    504.472    499.337     5.1718  33.125010     5.1706  33.150389    6.31708    6.52767    34.1789    34.2092     2.4630     2.7771    -0.0266    95.4673 2.9780e+03     228603   9525.083      98.66          9  0.000e+00
    504.472    499.337     5.1721  33.125654     5.1705  33.150260    6.31698    6.53166    34.1794    34.2092     2.4630     2.7783    -0.0266    95.4673 2.9898e+03     228604   9525.125      98.66          9  0.000e+00
    504.472    499.337     5.1723  33.125247     5.1706  33.150195    6.31785    6.53182    34.1787    34.2090     2.4630     2.7783    -0.0266    95.4936 3.0036e+03     228605   9525.167      98.66          9  0.000e+00
    504.472    499.337     5.1721  33.125281     5.1710  33.150195    6.31383    6.52733    34.1789    34.2086     2.4618     2.7771    -0.0266    95.4673 3.0173e+03     228606   9525.208      98.66          9  0.000e+00
    504.519    499.383     5.1723  33.125349     5.1703  33.150389    6.31799    6.52750    34.1788    34.2095     2.4630     2.7771    -0.0266    95.4936 3.0311e+03     228607   9525.250      98.66          9  0.000e+00
    504.472    499.337     5.1723  33.125722     5.1711  33.150454    6.31801    6.52683    34.1793    34.2088     2.4630     2.7771    -0.0266    95.4673 3.0449e+03     228608   9525.292      98.66          9  0.000e+00
    504.519    499.383     5.1723  33.126062     5.1711  33.150648    6.32396    6.53168    34.1796    34.2090     2.4642     2.7783    -0.0266    95.4673 3.0586e+03     228609   9525.333      98.66          9  0.000e+00
    504.472    499.337     5.1726  33.126129     5.1708  33.150518    6.31988    6.52793    34.1794    34.2092     2.4630     2.7771    -0.0266    95.4673 3.0704e+03     228610   9525.375      98.66          9  0.000e+00
    504.519    499.383     5.1727  33.126299     5.1713  33.150454    6.31996    6.53281    34.1795    34.2086     2.4630     2.7783    -0.0266    95.4673 3.0842e+03     228611   9525.417      98.66          9  0.000e+00
    504.519    499.383     5.1728  33.125960     5.1708  33.150260    6.32004    6.53301    34.1790    34.2089     2.4630     2.7783    -0.0266    95.4673 3.0940e+03     228612   9525.458      98.66          9  0.000e+00
    504.519    499.383     5.1726  33.125858     5.1706  33.150389    6.32105    6.52857    34.1791    34.2092     2.4630     2.7771    -0.0266    95.4409 3.1039e+03     228613   9525.500      98.66          9  0.000e+00
    504.519    499.383     5.1726  33.125654     5.1713  33.150809    6.32117    6.53260    34.1789    34.2090     2.4630     2.7783    -0.0266    95.4936 3.1117e+03     228614   9525.542      98.66          9  0.000e+00
    504.519    499.383     5.1721  33.125383     5.1713  33.150551    6.32135    6.53280    34.1790    34.2087     2.4630     2.7783    -0.0266    95.4673 3.1196e+03     228615   9525.583      98.66          9  0.000e+00
    504.519    499.383     5.1721  33.124942     5.1713  33.150841    6.32147    6.53292    34.1785    34.2090     2.4630     2.7783    -0.0266    95.4673 3.1255e+03     228616   9525.625      98.66          9  0.000e+00
    504.573    499.436     5.1720  33.125010     5.1716  33.150971    6.32164    6.52841    34.1787    34.2088     2.4630     2.7771    -0.0266    95.4936 3.1314e+03     228617   9525.667      98.66          9  0.000e+00
    504.573    499.436     5.1720  33.125451     5.1714  33.151358    6.32082    6.52848    34.1792    34.2094     2.4630     2.7771    -0.0266    95.4936 3.1334e+03     228618   9525.708      98.66          9  0.000e+00
    504.519    499.383     5.1721  33.125179     5.1714  33.151100    6.32084    6.52775    34.1788    34.2092     2.4630     2.7771    -0.0266    95.4673 3.1334e+03     228619   9525.750      98.66          9  0.000e+00
    504.573    499.436     5.1720  33.125655     5.1709  33.150777    6.32095    6.53175    34.1795    34.2093     2.4630     2.7783    -0.0266    95.4673 3.1334e+03     228620   9525.792      98.66          9  0.000e+00
    504.620    499.483     5.1724  33.126232     5.1711  33.150906    6.32098    6.53176    34.1796    34.2092     2.4630     2.7783    -0.0339    95.4673 3.1314e+03     228621   9525.833      98.66          9  0.000e+00
    504.566    499.430     5.1726  33.126163     5.1708  33.150389    6.32008    6.53254    34.1794    34.2090     2.4630     2.7783    -0.0266    95.4673 3.1275e+03     228622   9525.875      98.63          9  0.000e+00
    504.620    499.483     5.1728  33.125553     5.1708  33.150196    6.31926    6.53343    34.1785    34.2088     2.4630     2.7783    -0.0266    95.4936 3.1235e+03     228623   9525.917      98.66          9  0.000e+00
    504.573    499.436     5.1723  33.124976     5.1706  33.150196    6.32426    6.52888    34.1784    34.2089     2.4642     2.7771    -0.0266    95.4673 3.1176e+03     228624   9525.958      98.66          9  0.000e+00
    504.620    499.483     5.1718  33.125010     5.1708  33.150390    6.32024    6.53287    34.1789    34.2090     2.4630     2.7783    -0.0266    95.4673 3.1117e+03     228625   9526.000      98.66          9  0.000e+00
    504.620    499.483     5.1713  33.124874     5.1709  33.151423    6.32521    6.52830    34.1792    34.2100     2.4642     2.7771    -0.0266    95.4936 3.1039e+03     228626   9526.042      98.66          9  0.000e+00
    504.620    499.483     5.1708  33.124433     5.1718  33.152133    6.32700    6.53224    34.1792    34.2100     2.4642     2.7783    -0.0266    95.4936 3.0960e+03     228627   9526.083      98.66          9  0.000e+00
    504.667    499.529     5.1707  33.123687     5.1727  33.152650    6.31799    6.53312    34.1785    34.2096     2.4618     2.7783    -0.0266    95.4936 3.0881e+03     228628   9526.125      98.66          9  0.000e+00
    504.620    499.483     5.1710  33.123924     5.1724  33.152779    6.31699    6.52835    34.1784    34.2101     2.4618     2.7771    -0.0266    95.4673 3.0783e+03     228629   9526.167      98.66          9  0.000e+00
    504.667    499.529     5.1711  33.124807     5.1730  33.153166    6.32105    6.53297    34.1793    34.2098     2.4630     2.7783    -0.0266    95.4936 3.0685e+03     228630   9526.208      98.66          9  0.000e+00
    504.667    499.529     5.1717  33.125858     5.1735  33.153683    6.32589    6.53281    34.1800    34.2099     2.4642     2.7783    -0.0266    95.4936 3.0586e+03     228631   9526.250      98.66          9  0.000e+00
    504.667    499.529     5.1727  33.127080     5.1734  33.153618    6.32159    6.52872    34.1803    34.2100     2.4630     2.7771    -0.0266    95.4673 3.0468e+03     228632   9526.292      98.66          9  0.000e+00
    504.667    499.529     5.1737  33.128539     5.1725  33.152004    6.32136    6.52771    34.1810    34.2090     2.4630     2.7771    -0.0266    95.4936 3.0370e+03     228633   9526.333      98.66          9  0.000e+00
    504.720    499.582     5.1750  33.129523     5.1718  33.150906    6.32117    6.52673    34.1808    34.2085     2.4630     2.7771    -0.0266    95.4673 3.0272e+03     228634   9526.375      98.66          9  0.000e+00
    504.720    499.582     5.1762  33.129727     5.1710  33.150132    6.32592    6.52575    34.1797    34.2084     2.4642     2.7771    -0.0266    95.4673 3.0173e+03     228635   9526.417      98.66          9  0.000e+00
    504.667    499.529     5.1768  33.130507     5.1708  33.150325    6.32162    6.53022    34.1800    34.2089     2.4630     2.7783    -0.0266    95.4673 3.0055e+03     228636   9526.458      98.66          9  0.000e+00
