Ship_data/Southern/Southern_Ocean-02_NBP-15-11_2015-12-07/CTD NBP1511/process/nbp1511_016.ros
* Sea-Bird SBE 9 Data File:
* FileName = D:\Data\raw\NBP1511_016.hdr
* Software Version Seasave V 7.21e
* Temperature SN = 5730
* Conductivity SN = 1143
* Number of Bytes Per Scan = 40
* Number of Voltage Words = 5
* Number of Scans Averaged by the Deck Unit = 1
* NMEA Latitude = 54 19.99 S
* NMEA Longitude = 089 12.77 W
* NMEA UTC (Time) = Dec 28 2015  11:28:01
* NMEA baud rate = 9600
** Ship: RVIB N.B. Palmer
** Cruise: NBP1511
** Station: SUMO-2
** Operator: S. Blackman
# nquan = 20
# nvalues = 1176                                  
# units = specified
# name 0 = prDM: Pressure, Digiquartz [db]
# name 1 = depSM: Depth [salt water, m]
# name 2 = t090C: Temperature [ITS-90, deg C]
# name 3 = c0mS/cm: Conductivity [mS/cm]
# name 4 = t190C: Temperature, 2 [ITS-90, deg C]
# name 5 = c1mS/cm: Conductivity, 2 [mS/cm]
# name 6 = sbeox0ML/L: Oxygen, SBE 43 [ml/l]
# name 7 = sbeox1ML/L: Oxygen, SBE 43, 2 [ml/l]
# name 8 = sal00: Salinity, Practical [PSU]
# name 9 = sal11: Salinity, Practical, 2 [PSU]
# name 10 = sbeox0V: Oxygen raw, SBE 43 [V]
# name 11 = sbeox1V: Oxygen raw, SBE 43, 2 [V]
# name 12 = flECO-AFL: Fluorescence, WET Labs ECO-AFL/FL [mg/m^3]
# name 13 = CStarTr0: Beam Transmission, WET Labs C-Star [%]
# name 14 = spar: SPAR/Surface Irradiance
# name 15 = scan: Scan Count
# name 16 = timeS: Time, Elapsed [seconds]
# name 17 = altM: Altimeter [m]
# name 18 = nbf: Bottles Fired
# name 19 = flag:  0.000e+00
# interval = seconds: 0.0416667
# start_time = Dec 28 2015 11:28:01 [NMEA time, header]
# bad_flag = -9.990e-29
*END*
[from data line 1086]
     12.012     11.904     6.3998  33.987703     6.3994  34.105386    7.01264    7.29164    34.1616    34.2934     2.8801     3.2495     1.4825    90.0099 7.7105e+02     140528   5855.292      98.66         23  0.000e+00
     11.959     11.851     6.3997  33.987943     6.3994  34.105516    7.01253    7.29159    34.1620    34.2935     2.8801     3.2495     1.4825    90.0363 7.7105e+02     140529   5855.333      98.66         23  0.000e+00
     12.012     11.904     6.4000  33.988012     6.3997  34.105287    7.01180    7.29156    34.1617    34.2929     2.8801     3.2495     1.4825    90.0363 7.7105e+02     140530   5855.375      98.66         23  0.000e+00
     11.959     11.851     6.3996  33.988218     6.3996  34.105287    7.00667    7.29150    34.1624    34.2931     2.8789     3.2495     1.4825    90.0890 7.7105e+02     140531   5855.417      98.66         23  0.000e+00
     12.012     11.904     6.3997  33.988081     6.3994  34.105320    7.00604    7.29148    34.1621    34.2933     2.8789     3.2495     1.4825    90.0627 7.7105e+02     140532   5855.458      98.66         23  0.000e+00
     12.012     11.904     6.3997  33.987600     6.3999  34.105713    7.00982    7.29140    34.1616    34.2932     2.8801     3.2495     1.4825    90.1418 7.7105e+02     140533   5855.500      98.66         23  0.000e+00
     11.959     11.851     6.3996  33.987703     6.3999  34.105549    7.00548    7.29123    34.1618    34.2931     2.8789     3.2495     1.4825    90.1418 7.7105e+02     140534   5855.542      98.66         23  0.000e+00
     12.012     11.904     6.3995  33.987772     6.3996  34.105353    7.00429    7.29524    34.1619    34.2932     2.8789     3.2507     1.4752    90.1154 7.7105e+02     140535   5855.583      98.66         23  0.000e+00
     11.959     11.851     6.3995  33.987772     6.3999  34.105712    7.00740    7.29149    34.1620    34.2933     2.8801     3.2495     1.4825    90.1154 7.7105e+02     140536   5855.625      98.66         23  0.000e+00
     12.012     11.904     6.3993  33.987875     6.3999  34.106040    7.00764    7.29133    34.1622    34.2936     2.8801     3.2495     1.4752    90.0890 7.7105e+02     140537   5855.667      98.66         23  0.000e+00
     11.959     11.851     6.3995  33.988184     6.4002  34.105843    7.00266    7.29099    34.1624    34.2931     2.8789     3.2495     1.4825    90.0627 7.7105e+02     140538   5855.708      98.66         23  0.000e+00
     12.012     11.904     6.3994  33.988287     6.4002  34.105418    7.00227    7.29077    34.1627    34.2926     2.8789     3.2495     1.4825    90.0363 7.7105e+02     140539   5855.750      98.66         23  0.000e+00
     11.959     11.851     6.3995  33.987875     6.3997  34.105712    7.00183    7.29043    34.1621    34.2934     2.8789     3.2495     1.4752    90.0099 7.7105e+02     140540   5855.792      98.66         23  0.000e+00
     11.959     11.851     6.3995  33.988149     6.3997  34.105254    7.00147    7.29418    34.1624    34.2929     2.8789     3.2507     1.4752    90.0099 7.7105e+02     140541   5855.833      98.66         23  0.000e+00
     12.012     11.904     6.3995  33.988287     6.3997  34.105549    7.00122    7.29035    34.1625    34.2932     2.8789     3.2495     1.4752    90.0363 7.7105e+02     140542   5855.875      98.66         23  0.000e+00
     11.959     11.851     6.3999  33.988287     6.4001  34.105810    7.00528    7.28984    34.1621    34.2932     2.8801     3.2495     1.4825    90.0627 7.7105e+02     140543   5855.917      98.66         23  0.000e+00
     12.012     11.904     6.3999  33.988287     6.4001  34.105843    7.00073    7.28947    34.1622    34.2932     2.8789     3.2495     1.4752    90.0890 7.7105e+02     140544   5855.958      98.66         23  0.000e+00
     11.959     11.852     6.3997  33.987669     6.4001  34.105843    6.99985    7.28902    34.1617    34.2932     2.8789     3.2495     1.4825    90.1154 7.7105e+02     140545   5856.000      98.66         23  0.000e+00
     11.959     11.852     6.3996  33.988081     6.4001  34.105156    6.99970    7.28853    34.1622    34.2925     2.8789     3.2495     1.4825    90.0890 7.7105e+02     140546   5856.042      98.66         23  0.000e+00
     12.012     11.904     6.3997  33.987875     6.4002  34.105614    7.00404    7.28808    34.1619    34.2928     2.8801     3.2495     1.4825    90.0890 7.7105e+02     140547   5856.083      98.66         23  0.000e+00
     11.912     11.805     6.3997  33.987943     6.3999  34.105843    7.00019    7.28808    34.1620    34.2934     2.8789     3.2495     1.4825    90.0627 7.7105e+02     140548   5856.125      98.66         23  0.000e+00
     12.065     11.957     6.3998  33.987806     6.3997  34.105647    7.00471    7.28832    34.1617    34.2933     2.8801     3.2495     1.5045    90.0627 7.7105e+02     140549   5856.167      98.66         23  0.000e+00
     12.012     11.904     6.3999  33.987943     6.3999  34.105680    7.00535    7.28772    34.1618    34.2932     2.8801     3.2495     1.5265    90.0627 7.7105e+02     140550   5856.208      98.66         23  0.000e+00
     11.959     11.852     6.3995  33.988012     6.3999  34.105810    7.00099    7.28779    34.1622    34.2934     2.8789     3.2495     1.5338    90.0890 7.7105e+02     140551   5856.250      98.66         23  0.000e+00
     12.012     11.904     6.3996  33.988012     6.4002  34.106040    7.00549    7.28727    34.1621    34.2933     2.8801     3.2495     1.5338    90.1154 7.7105e+02     140552   5856.292      98.66         23  0.000e+00
     11.959     11.852     6.3997  33.988218     6.3999  34.105712    7.00621    7.28662    34.1623    34.2933     2.8801     3.2495     1.5338    90.1154 7.7105e+02     140553   5856.333      98.66         23  0.000e+00
     12.012     11.904     6.3997  33.987875     6.3997  34.105287    7.00201    7.29019    34.1619    34.2929     2.8789     3.2507     1.5265    90.0890 7.7105e+02     140554   5856.375      98.66         23  0.000e+00
     12.012     11.904     6.3996  33.987772     6.4001  34.105680    7.00149    7.28668    34.1618    34.2930     2.8789     3.2495     1.5265    90.0890 7.7105e+02     140555   5856.417      98.66         23  0.000e+00
     12.012     11.904     6.3995  33.987772     6.3997  34.105647    7.00170    7.29014    34.1619    34.2933     2.8789     3.2507     1.5265    90.0627 7.7105e+02     140556   5856.458      98.66         23  0.000e+00
     12.012     11.904     6.3997  33.987943     6.4002  34.105385    7.00192    7.28590    34.1620    34.2925     2.8789     3.2495     1.5265    90.0363 7.7105e+02     140557   5856.500      98.66         23  0.000e+00
     12.012     11.904     6.3997  33.987943     6.4001  34.105614    7.00224    7.28517    34.1620    34.2930     2.8789     3.2495     1.5265    90.0627 7.7105e+02     140558   5856.542      98.66         23  0.000e+00
     12.012     11.905     6.3998  33.988184     6.4001  34.105614    7.00696    7.28092    34.1621    34.2930     2.8801     3.2482     1.5338    90.0890 7.7105e+02     140559   5856.583      98.66         23  0.000e+00
     12.059     11.951     6.3995  33.987875     6.4002  34.105778    7.00375    7.28441    34.1620    34.2930     2.8789     3.2495     1.5265    90.0890 7.7105e+02     140560   5856.625      98.66         23  0.000e+00
     12.012     11.905     6.3997  33.988149     6.4004  34.105843    7.00341    7.28423    34.1622    34.2929     2.8789     3.2495     1.5338    90.1418 7.7105e+02     140561   5856.667      98.66         23  0.000e+00
     12.059     11.951     6.3998  33.987875     6.4001  34.105942    7.00323    7.28070    34.1618    34.2933     2.8789     3.2482     1.5265    90.1681 7.7105e+02     140562   5856.708      98.66         23  0.000e+00
     12.013     11.905     6.3997  33.987566     6.4002  34.106301    7.00810    7.28413    34.1615    34.2936     2.8801     3.2495     1.5338    90.1945 7.7105e+02     140563   5856.750      98.66         23  0.000e+00
     12.059     11.951     6.3997  33.987497     6.4002  34.106203    7.00428    7.28003    34.1614    34.2934     2.8789     3.2482     1.5338    90.1418 7.7105e+02     140564   5856.792      98.66         23  0.000e+00
     12.059     11.951     6.3999  33.988081     6.4004  34.106334    7.00479    7.28343    34.1619    34.2934     2.8789     3.2495     1.5338    90.1154 7.7105e+02     140565   5856.833      98.66         23  0.000e+00
     12.059     11.951     6.3997  33.988287     6.4002  34.106105    7.00543    7.28343    34.1623    34.2933     2.8789     3.2495     1.5338    90.0890 7.7105e+02     140566   5856.875      98.66         23  0.000e+00
     12.059     11.951     6.3999  33.988287     6.4004  34.106105    7.00538    7.28338    34.1621    34.2932     2.8789     3.2495     1.5265    90.0890 7.7105e+02     140567   5856.917      98.66         23  0.000e+00
     12.059     11.951     6.4001  33.988287     6.4005  34.106334    7.00535    7.28331    34.1619    34.2932     2.8789     3.2495     1.5265    90.0363 7.7105e+02     140568   5856.958      98.66         23  0.000e+00
      5.631      5.580     6.4058  33.990840     6.4085  34.109877    7.02059    7.28796    34.1623    34.2925     2.8822     3.2528     0.9917    90.0363 7.4745e+02     142074   5919.708      98.66         24  0.000e+00
      5.631      5.580     6.4064  33.991492     6.4083  34.109812    7.02448    7.28734    34.1624    34.2926     2.8835     3.2528     0.9990    90.0099 7.4745e+02     142075   5919.750      98.66         24  0.000e+00
      5.631      5.580     6.4066  33.991492     6.4083  34.109812    7.02037    7.28742    34.1622    34.2925     2.8822     3.2528     0.9990    89.9572 7.4745e+02     142076   5919.792      98.66         24  0.000e+00
      5.631      5.580     6.4072  33.992041     6.4081  34.109714    7.01987    7.28741    34.1622    34.2926     2.8822     3.2528     0.9917    89.9572 7.4745e+02     142077   5919.833      98.66         24  0.000e+00
      5.677      5.626     6.4077  33.992419     6.4085  34.109779    7.01944    7.28746    34.1621    34.2923     2.8822     3.2528     0.9990    89.9836 7.4745e+02     142078   5919.875      98.66         24  0.000e+00
      5.631      5.580     6.4080  33.992900     6.4086  34.109616    7.01893    7.28745    34.1624    34.2920     2.8822     3.2528     0.9990    90.0099 7.4745e+02     142079   5919.917      98.66         24  0.000e+00
      5.677      5.627     6.4080  33.993037     6.4086  34.109943    7.01858    7.28759    34.1625    34.2924     2.8822     3.2528     0.9990    90.0099 7.4745e+02     142080   5919.958      98.66         24  0.000e+00
      5.664      5.613     6.4082  33.992728     6.4083  34.109583    7.02253    7.28704    34.1620    34.2923     2.8835     3.2528     0.9990    89.9836 7.4745e+02     142081   5920.000      98.66         24  0.000e+00
      5.724      5.673     6.4084  33.992522     6.4086  34.109518    7.02283    7.28715    34.1615    34.2919     2.8835     3.2528     0.9990    89.9572 7.4745e+02     142082   5920.042      98.66         24  0.000e+00
      5.724      5.673     6.4085  33.992900     6.4086  34.109943    7.01794    7.28719    34.1619    34.2923     2.8822     3.2528     0.9990    89.9572 7.4745e+02     142083   5920.083      98.66         24  0.000e+00
      5.724      5.673     6.4085  33.993209     6.4083  34.109878    7.01674    7.28725    34.1622    34.2926     2.8822     3.2528     0.9990    89.9309 7.4745e+02     142084   5920.125      98.66         24  0.000e+00
      5.777      5.725     6.4084  33.992866     6.4083  34.109616    7.02068    7.28741    34.1619    34.2923     2.8835     3.2528     0.9990    89.9572 7.4745e+02     142085   5920.167      98.66         24  0.000e+00
      5.724      5.673     6.4083  33.993140     6.4086  34.109649    7.01639    7.28743    34.1623    34.2920     2.8822     3.2528     0.9990    89.9836 7.4745e+02     142086   5920.208      98.66         24  0.000e+00
      5.777      5.725     6.4085  33.993278     6.4080  34.109583    7.01588    7.28752    34.1623    34.2926     2.8822     3.2528     0.9990    89.9836 7.4745e+02     142087   5920.250      98.66         24  0.000e+00
      5.824      5.772     6.4087  33.993690     6.4086  34.109747    7.01534    7.28759    34.1625    34.2921     2.8822     3.2528     0.9990    90.0099 7.4745e+02     142088   5920.292      98.66         24  0.000e+00
      5.777      5.725     6.4091  33.993827     6.4086  34.110009    7.01469    7.28755    34.1622    34.2924     2.8822     3.2528     0.9990    90.0890 7.4745e+02     142089   5920.333      98.66         24  0.000e+00
      5.811      5.758     6.4093  33.994033     6.4086  34.110172    7.01415    7.28762    34.1622    34.2925     2.8822     3.2528     0.9990    90.0890 7.4745e+02     142090   5920.375      98.66         24  0.000e+00
      5.824      5.772     6.4094  33.994102     6.4093  34.110303    7.01361    7.28769    34.1622    34.2921     2.8822     3.2528     0.9990    90.0363 7.4745e+02     142091   5920.417      98.66         24  0.000e+00
      5.824      5.772     6.4094  33.994102     6.4088  34.110532    7.01307    7.28777    34.1622    34.2928     2.8822     3.2528     0.9990    89.9836 7.4745e+02     142092   5920.458      98.66         24  0.000e+00
      5.777      5.726     6.4093  33.994273     6.4093  34.110401    7.01249    7.28780    34.1625    34.2922     2.8822     3.2528     0.9990    89.9572 7.4745e+02     142093   5920.500      98.66         24  0.000e+00
      5.924      5.870     6.4096  33.994136     6.4093  34.110663    7.01207    7.28799    34.1620    34.2924     2.8822     3.2528     0.9990    89.9309 7.4745e+02     142094   5920.542      98.66         24  0.000e+00
      5.877      5.824     6.4096  33.994617     6.4099  34.110827    7.01217    7.28327    34.1626    34.2920     2.8822     3.2516     0.9990    89.9309 7.4745e+02     142095   5920.583      98.66         24  0.000e+00
      5.877      5.824     6.4095  33.994651     6.4098  34.110663    7.00730    7.28212    34.1627    34.2919     2.8810     3.2516     0.9990    89.9572 7.4548e+02     142096   5920.625      98.66         24  0.000e+00
      5.877      5.824     6.4098  33.994411     6.4096  34.110794    7.01049    7.28566    34.1622    34.2923     2.8822     3.2528     0.9990    89.9572 7.4548e+02     142097   5920.667      98.66         24  0.000e+00
      5.877      5.824     6.4094  33.994136     6.4095  34.110859    7.01006    7.28580    34.1622    34.2925     2.8822     3.2528     0.9990    89.9836 7.4745e+02     142098   5920.708      98.66         24  0.000e+00
      5.924      5.871     6.4095  33.994102     6.4095  34.110794    7.00595    7.28592    34.1621    34.2924     2.8810     3.2528     0.9990    90.0099 7.4548e+02     142099   5920.750      98.66         24  0.000e+00
      5.910      5.857     6.4094  33.994274     6.4093  34.110630    7.00921    7.28598    34.1623    34.2924     2.8822     3.2528     0.9990    89.9836 7.4548e+02     142100   5920.792      98.66         24  0.000e+00
      5.924      5.871     6.4095  33.993724     6.4090  34.110794    7.00882    7.28609    34.1617    34.2928     2.8822     3.2528     0.9770    90.0099 7.4548e+02     142101   5920.833      98.66         24  0.000e+00
      5.924      5.871     6.4094  33.993965     6.4093  34.110663    7.00401    7.28616    34.1620    34.2924     2.8810     3.2528     0.9624    90.0363 7.4548e+02     142102   5920.875      98.66         24  0.000e+00
      5.924      5.871     6.4094  33.994274     6.4091  34.110500    7.00292    7.28621    34.1623    34.2924     2.8810     3.2528     0.9624    89.9836 7.4548e+02     142103   5920.917      98.66         24  0.000e+00
      5.924      5.871     6.4095  33.994548     6.4093  34.110369    7.00256    7.28564    34.1626    34.2921     2.8810     3.2528     0.9624    89.8781 7.4548e+02     142104   5920.958      98.66         24  0.000e+00
