Ship_data/Southern/Southern_Ocean-02_NBP-15-11_2015-12-07/CTD NBP1511/process/nbp1511_009.ros
* Sea-Bird SBE 9 Data File:
* FileName = D:\Data\raw\NBP1511_009.hdr
* Software Version Seasave V 7.21e
* Temperature SN = 5730
* Conductivity SN = 1143
* Number of Bytes Per Scan = 40
* Number of Voltage Words = 5
* Number of Scans Averaged by the Deck Unit = 1
* NMEA Latitude = 54 05.06 S
* NMEA Longitude = 088 51.63 W
* NMEA UTC (Time) = Dec 15 2015  23:49:20
* NMEA baud rate = 9600
** Ship: RVIB N.B. Palmer
** Cruise: NBP1511
** Station: FMLB-2
** Operator: S. Blackman/B.Bjork
# nquan = 20
# nvalues = 784                                   
# units = specified
# name 0 = prDM: Pressure, Digiquartz [db]
# name 1 = depSM: Depth [salt water, m]
# name 2 = t090C: Temperature [ITS-90, deg C]
# name 3 = c0mS/cm: Conductivity [mS/cm]
# name 4 = t190C: Temperature, 2 [ITS-90, deg C]
# name 5 = c1mS/cm: Conductivity, 2 [mS/cm]
# name 6 = sbeox0ML/L: Oxygen, SBE 43 [ml/l]
# name 7 = sbeox1ML/L: Oxygen, SBE 43, 2 [ml/l]
# name 8 = sal00: Salinity, Practical [PSU]
# name 9 = sal11: Salinity, Practical, 2 [PSU]
# name 10 = sbeox0V: Oxygen raw, SBE 43 [V]
# name 11 = sbeox1V: Oxygen raw, SBE 43, 2 [V]
# name 12 = flECO-AFL: Fluorescence, WET Labs ECO-AFL/FL [mg/m^3]
# name 13 = CStarTr0: Beam Transmission, WET Labs C-Star [%]
# name 14 = spar: SPAR/Surface Irradiance
# name 15 = scan: Scan Count
# name 16 = timeS: Time, Elapsed [seconds]
# name 17 = altM: Altimeter [m]
# name 18 = nbf: Bottles Fired
# name 19 = flag:  0.000e+00
# interval = seconds: 0.0416667
# start_time = Dec 15 2015 23:49:20 [NMEA time, header]
# bad_flag = -9.990e-29
*END*
[from data line 724]
     41.007     40.637     6.0912  33.730221     6.0921  33.759463    7.05275    7.35607    34.1688    34.2008     2.8668     3.2439     2.6987    91.3545 1.9670e+01     278823  11617.583      98.66         15  0.000e+00
     40.994     40.624     6.0908  33.729913     6.0921  33.759268    7.05605    7.35514    34.1689    34.2005     2.8680     3.2439     2.6987    91.3018 1.9670e+01     278824  11617.625      98.66         15  0.000e+00
     40.994     40.624     6.0908  33.730289     6.0922  33.759789    7.05179    7.35478    34.1693    34.2010     2.8668     3.2439     2.6913    91.3018 1.7703e+01     278825  11617.667      98.66         15  0.000e+00
     41.007     40.637     6.0910  33.730460     6.0923  33.759398    7.05500    7.35443    34.1692    34.2005     2.8680     3.2439     2.6987    91.2754 1.7703e+01     278826  11617.708      98.66         15  0.000e+00
     41.047     40.676     6.0909  33.730255     6.0930  33.759593    7.05083    7.35772    34.1691    34.1999     2.8668     3.2451     2.6913    91.2491 1.7703e+01     278827  11617.750      98.66         15  0.000e+00
     40.861     40.492     6.0911  33.730220     6.0930  33.759918    7.04943    7.35302    34.1690    34.2005     2.8668     3.2439     2.8159    91.2754 1.7703e+01     278828  11617.792      98.66         15  0.000e+00
     41.094     40.723     6.0912  33.730221     6.0927  33.759789    7.04844    7.35227    34.1688    34.2005     2.8668     3.2439     2.9404    91.3018 1.7703e+01     278829  11617.833      98.66         15  0.000e+00
     40.994     40.624     6.0911  33.730734     6.0928  33.759528    7.05230    7.35601    34.1695    34.2001     2.8680     3.2451     2.9624    91.3018 1.7703e+01     278830  11617.875      98.66         15  0.000e+00
     41.007     40.637     6.0911  33.730563     6.0928  33.759658    7.04885    7.35634    34.1693    34.2003     2.8668     3.2451     2.9624    91.2754 1.9670e+01     278831  11617.917      98.66         15  0.000e+00
     41.047     40.676     6.0909  33.730255     6.0925  33.759528    7.05296    7.35257    34.1691    34.2004     2.8680     3.2439     2.9551    91.3018 1.7703e+01     278832  11617.958      98.66         15  0.000e+00
     40.994     40.624     6.0908  33.730392     6.0926  33.759658    7.05321    7.35576    34.1694    34.2005     2.8680     3.2451     2.9551    91.2754 1.7703e+01     278833  11618.000      98.66         15  0.000e+00
     30.361     30.087     6.1006  33.732409     6.1000  33.760274    7.06617    7.35742    34.1671    34.1992     2.8738     3.2509     2.3104    91.1700 1.9670e+01     279785  11657.667      98.66         16  0.000e+00
     30.460     30.186     6.1027  33.733777     6.1010  33.760470    7.06555    7.35762    34.1665    34.1982     2.8738     3.2509     2.3104    91.1700 1.9670e+01     279786  11657.708      98.66         16  0.000e+00
     30.414     30.140     6.1037  33.734119     6.1019  33.760860    7.06499    7.35376    34.1660    34.1978     2.8738     3.2496     2.3104    91.1963 1.9670e+01     279787  11657.750      98.66         16  0.000e+00
     30.460     30.186     6.1037  33.733709     6.1017  33.760600    7.06024    7.35790    34.1655    34.1977     2.8726     3.2509     2.3104    91.2227 1.9670e+01     279788  11657.792      98.66         16  0.000e+00
     30.460     30.186     6.1027  33.732956     6.1008  33.760274    7.06451    7.35864    34.1656    34.1983     2.8738     3.2509     2.3104    91.3018 1.9670e+01     279789  11657.833      98.66         16  0.000e+00
     30.460     30.186     6.1021  33.732306     6.1006  33.760209    7.06430    7.35520    34.1655    34.1984     2.8738     3.2496     2.3104    91.2754 1.9670e+01     279790  11657.875      98.66         16  0.000e+00
     30.507     30.232     6.1016  33.733025     6.1001  33.759624    7.06405    7.35466    34.1668    34.1982     2.8738     3.2496     2.3104    91.2754 1.9670e+01     279791  11657.917      98.66         16  0.000e+00
     30.460     30.186     6.1030  33.734667     6.0993  33.759037    7.06342    7.35373    34.1672    34.1984     2.8738     3.2496     2.3104    91.2227 1.9670e+01     279792  11657.958      98.66         16  0.000e+00
     30.414     30.140     6.1046  33.736309     6.0985  33.758712    7.06204    7.35760    34.1675    34.1988     2.8738     3.2509     2.3104    91.1172 1.9670e+01     279793  11658.000      98.66         16  0.000e+00
     30.607     30.331     6.1064  33.737302     6.0985  33.758647    7.06159    7.35821    34.1667    34.1987     2.8738     3.2509     2.3104    91.0645 1.7703e+01     279794  11658.042      98.66         16  0.000e+00
     30.513     30.239     6.1076  33.738499     6.0984  33.758419    7.06093    7.35798    34.1669    34.1986     2.8738     3.2509     2.3104    91.1172 1.7703e+01     279795  11658.083      98.66         16  0.000e+00
     30.507     30.232     6.1097  33.739799     6.0980  33.758745    7.05582    7.35356    34.1662    34.1994     2.8726     3.2496     2.3104    91.1172 1.7703e+01     279796  11658.125      98.66         16  0.000e+00
     30.513     30.239     6.1113  33.740859     6.0984  33.758484    7.05898    7.35279    34.1658    34.1987     2.8738     3.2496     2.3104    91.1172 1.7703e+01     279797  11658.167      98.66         16  0.000e+00
     30.553     30.278     6.1127  33.741749     6.0980  33.758745    7.05847    7.35627    34.1654    34.1993     2.8738     3.2509     2.3104    91.0118 1.7703e+01     279798  11658.208      98.66         16  0.000e+00
     30.513     30.239     6.1138  33.742570     6.0982  33.759103    7.05792    7.35267    34.1652    34.1996     2.8738     3.2496     2.3177    90.9327 1.7703e+01     279799  11658.250      98.66         16  0.000e+00
     30.606     30.331     6.1146  33.742981     6.0991  33.759168    7.05756    7.35221    34.1648    34.1986     2.8738     3.2496     2.3104    90.9063 1.7703e+01     279800  11658.292      98.66         16  0.000e+00
     30.553     30.278     6.1150  33.743220     6.0992  33.758777    7.05786    7.35170    34.1647    34.1982     2.8738     3.2496     2.3324    90.9854 1.7703e+01     279801  11658.333      98.66         16  0.000e+00
     30.606     30.331     6.1154  33.742878     6.0988  33.758647    7.05388    7.35550    34.1638    34.1984     2.8726     3.2509     2.3617    91.0645 1.9670e+01     279802  11658.375      98.66         16  0.000e+00
     30.553     30.278     6.1152  33.743562     6.0982  33.758647    7.05362    7.35155    34.1649    34.1990     2.8726     3.2496     2.3617    91.1172 1.7703e+01     279803  11658.417      98.66         16  0.000e+00
     30.606     30.331     6.1156  33.743836     6.0980  33.758843    7.05716    7.35120    34.1648    34.1994     2.8738     3.2496     2.3617    91.1436 1.7703e+01     279804  11658.458      98.66         16  0.000e+00
     30.606     30.331     6.1157  33.743767     6.0975  33.758908    7.05255    7.35503    34.1646    34.1999     2.8726     3.2509     2.3617    91.1700 1.7703e+01     279805  11658.500      98.66         16  0.000e+00
     30.606     30.331     6.1158  33.743596     6.0986  33.759103    7.05170    7.35534    34.1643    34.1991     2.8726     3.2509     2.3617    91.1172 1.7703e+01     279806  11658.542      98.66         16  0.000e+00
     30.660     30.383     6.1159  33.743562     6.1004  33.760731    7.05019    7.35568    34.1641    34.1990     2.8726     3.2509     2.3617    91.1700 1.9670e+01     279807  11658.583      98.66         16  0.000e+00
     30.606     30.331     6.1159  33.743767     6.1017  33.761642    7.05375    7.35113    34.1644    34.1988     2.8738     3.2496     2.3617    91.2227 1.9670e+01     279808  11658.625      98.66         16  0.000e+00
     30.660     30.383     6.1159  33.743631     6.1029  33.762358    7.05442    7.35087    34.1642    34.1984     2.8738     3.2496     2.3617    91.1963 1.7703e+01     279809  11658.667      98.66         16  0.000e+00
     30.706     30.429     6.1156  33.743768     6.1046  33.763563    7.05441    7.35132    34.1647    34.1980     2.8738     3.2496     2.3617    91.2227 1.7703e+01     279810  11658.708      98.66         16  0.000e+00
     30.653     30.377     6.1156  33.743425     6.1064  33.764670    7.05428    7.35520    34.1643    34.1974     2.8738     3.2509     2.3617    91.1963 1.7703e+01     279811  11658.750      98.66         16  0.000e+00
     30.660     30.383     6.1156  33.743289     6.1070  33.765125    7.05050    7.35145    34.1641    34.1973     2.8726     3.2496     2.3617    91.1963 1.7703e+01     279812  11658.792      98.66         16  0.000e+00
     30.706     30.429     6.1156  33.743494     6.1074  33.765549    7.05054    7.35128    34.1644    34.1974     2.8726     3.2496     2.3617    91.2227 1.7703e+01     279813  11658.833      98.66         16  0.000e+00
     30.706     30.429     6.1154  33.743289     6.1074  33.765679    7.05062    7.35528    34.1643    34.1976     2.8726     3.2509     2.3617    91.1172 1.7703e+01     279814  11658.875      98.66         16  0.000e+00
     30.706     30.429     6.1156  33.743836     6.1079  33.765711    7.05440    7.35152    34.1648    34.1971     2.8738     3.2496     2.3617    91.1172 1.7703e+01     279815  11658.917      98.66         16  0.000e+00
     30.753     30.476     6.1156  33.743460     6.1082  33.766493    7.05084    7.35142    34.1643    34.1977     2.8726     3.2496     2.3617    91.1963 1.7703e+01     279816  11658.958      98.66         16  0.000e+00
     30.706     30.429     6.1156  33.743494     6.1088  33.766981    7.05024    7.35125    34.1643    34.1976     2.8726     3.2496     2.3617    91.2491 1.9670e+01     279817  11659.000      98.66         16  0.000e+00
     30.753     30.475     6.1157  33.743768     6.1096  33.767437    7.05489    7.35116    34.1645    34.1972     2.8738     3.2496     2.3617    91.3545 1.7703e+01     279818  11659.042      98.66         16  0.000e+00
     30.753     30.475     6.1156  33.743631     6.1104  33.768153    7.05141    7.35110    34.1645    34.1972     2.8726     3.2496     2.3617    91.3809 1.7703e+01     279819  11659.083      98.66         16  0.000e+00
     30.752     30.475     6.1157  33.743768     6.1113  33.768739    7.05095    7.35518    34.1645    34.1971     2.8726     3.2509     2.3617    91.3545 1.7703e+01     279820  11659.125      98.66         16  0.000e+00
     30.752     30.475     6.1153  33.744007     6.1121  33.769846    7.05501    7.35579    34.1652    34.1975     2.8738     3.2509     2.3617    91.3281 1.7703e+01     279821  11659.167      98.66         16  0.000e+00
     30.806     30.528     6.1158  33.744076     6.1138  33.770758    7.05529    7.35634    34.1648    34.1967     2.8738     3.2509     2.3617    91.3281 1.7703e+01     279822  11659.208      98.66         16  0.000e+00
     30.799     30.522     6.1159  33.744008     6.1150  33.771962    7.05629    7.35689    34.1646    34.1969     2.8738     3.2509     2.3617    91.3281 1.7703e+01     279823  11659.250      98.66         16  0.000e+00
     30.806     30.528     6.1161  33.744247     6.1156  33.772483    7.05657    7.35327    34.1646    34.1969     2.8738     3.2496     2.3324    91.3281 1.7703e+01     279824  11659.292      98.66         16  0.000e+00
     30.752     30.475     6.1162  33.744555     6.1166  33.772548    7.05755    7.35317    34.1649    34.1960     2.8738     3.2496     2.2957    91.3018 1.7703e+01     279825  11659.333      98.66         16  0.000e+00
     30.852     30.574     6.1163  33.744418     6.1164  33.772548    7.05798    7.35741    34.1646    34.1961     2.8738     3.2509     2.2884    91.2227 1.7703e+01     279826  11659.375      98.66         16  0.000e+00
     30.806     30.528     6.1164  33.744555     6.1167  33.772874    7.05826    7.35380    34.1647    34.1962     2.8738     3.2496     2.2884    91.2227 1.7703e+01     279827  11659.417      98.66         16  0.000e+00
     30.852     30.574     6.1164  33.744624     6.1167  33.773037    7.05866    7.35803    34.1648    34.1963     2.8738     3.2509     2.2884    91.2227 1.7703e+01     279828  11659.458      98.66         16  0.000e+00
     30.852     30.574     6.1164  33.744418     6.1171  33.772874    7.05974    7.35452    34.1645    34.1958     2.8738     3.2496     2.2884    91.1963 1.7703e+01     279829  11659.500      98.66         16  0.000e+00
     30.852     30.574     6.1162  33.744145     6.1167  33.773200    7.06016    7.35878    34.1644    34.1965     2.8738     3.2509     2.2884    91.1963 1.7703e+01     279830  11659.542      98.66         16  0.000e+00
     30.852     30.574     6.1161  33.744281     6.1161  33.773135    7.06054    7.35530    34.1646    34.1971     2.8738     3.2496     2.2884    91.1963 1.7703e+01     279831  11659.583      98.66         16  0.000e+00
     30.899     30.620     6.1164  33.744076     6.1163  33.772483    7.06094    7.35890    34.1641    34.1962     2.8738     3.2509     2.2884    91.1963 1.7703e+01     279832  11659.625      98.66         16  0.000e+00
     30.852     30.574     6.1163  33.744042     6.1158  33.772288    7.06201    7.35954    34.1642    34.1965     2.8738     3.2509     2.2884    91.2491 1.7703e+01     279833  11659.667      98.66         16  0.000e+00
