Ship_data/Southern/Southern_Ocean-02_NBP-15-11_2015-12-07/CTD NBP1511/process/nbp1511_009.ros
* Sea-Bird SBE 9 Data File:
* FileName = D:\Data\raw\NBP1511_009.hdr
* Software Version Seasave V 7.21e
* Temperature SN = 5730
* Conductivity SN = 1143
* Number of Bytes Per Scan = 40
* Number of Voltage Words = 5
* Number of Scans Averaged by the Deck Unit = 1
* NMEA Latitude = 54 05.06 S
* NMEA Longitude = 088 51.63 W
* NMEA UTC (Time) = Dec 15 2015  23:49:20
* NMEA baud rate = 9600
** Ship: RVIB N.B. Palmer
** Cruise: NBP1511
** Station: FMLB-2
** Operator: S. Blackman/B.Bjork
# nquan = 20
# nvalues = 784                                   
# units = specified
# name 0 = prDM: Pressure, Digiquartz [db]
# name 1 = depSM: Depth [salt water, m]
# name 2 = t090C: Temperature [ITS-90, deg C]
# name 3 = c0mS/cm: Conductivity [mS/cm]
# name 4 = t190C: Temperature, 2 [ITS-90, deg C]
# name 5 = c1mS/cm: Conductivity, 2 [mS/cm]
# name 6 = sbeox0ML/L: Oxygen, SBE 43 [ml/l]
# name 7 = sbeox1ML/L: Oxygen, SBE 43, 2 [ml/l]
# name 8 = sal00: Salinity, Practical [PSU]
# name 9 = sal11: Salinity, Practical, 2 [PSU]
# name 10 = sbeox0V: Oxygen raw, SBE 43 [V]
# name 11 = sbeox1V: Oxygen raw, SBE 43, 2 [V]
# name 12 = flECO-AFL: Fluorescence, WET Labs ECO-AFL/FL [mg/m^3]
# name 13 = CStarTr0: Beam Transmission, WET Labs C-Star [%]
# name 14 = spar: SPAR/Surface Irradiance
# name 15 = scan: Scan Count
# name 16 = timeS: Time, Elapsed [seconds]
# name 17 = altM: Altimeter [m]
# name 18 = nbf: Bottles Fired
# name 19 = flag:  0.000e+00
# interval = seconds: 0.0416667
# start_time = Dec 15 2015 23:49:20 [NMEA time, header]
# bad_flag = -9.990e-29
*END*
[from data line 362]
    505.528    500.400     5.0286  32.987118     5.0286  33.014184    6.72069    6.94428    34.1660    34.1972     2.5757     2.9007    -0.0266    95.5991 1.9670e+01     258215  10758.917      98.66          8  0.000e+00
    505.528    500.400     5.0288  32.987253     5.0289  33.014119    6.72453    6.93982    34.1660    34.1968     2.5769     2.8995    -0.0266    95.5991 1.9670e+01     258216  10758.958      98.66          8  0.000e+00
    505.582    500.453     5.0288  32.987186     5.0284  33.014281    6.72027    6.94401    34.1659    34.1975     2.5757     2.9007    -0.0266    95.5991 1.9670e+01     258217  10759.000      98.66          8  0.000e+00
    505.582    500.453     5.0289  32.987186     5.0291  33.014152    6.72007    6.93958    34.1657    34.1966     2.5757     2.8995    -0.0266    95.6255 1.9670e+01     258218  10759.042      98.66          8  0.000e+00
    505.582    500.453     5.0287  32.986881     5.0287  33.014377    6.71997    6.94381    34.1656    34.1972     2.5757     2.9007    -0.0266    95.5991 1.9670e+01     258219  10759.083      98.66          8  0.000e+00
    505.528    500.400     5.0289  32.987084     5.0289  33.014571    6.71885    6.94400    34.1656    34.1973     2.5757     2.9007    -0.0266    95.5991 1.9670e+01     258220  10759.125      98.66          8  0.000e+00
    505.629    500.500     5.0289  32.987186     5.0295  33.014990    6.71882    6.93972    34.1657    34.1971     2.5757     2.8995    -0.0266    95.5991 1.9670e+01     258221  10759.167      98.66          8  0.000e+00
    505.629    500.500     5.0289  32.987558     5.0305  33.015409    6.72370    6.93842    34.1661    34.1966     2.5769     2.8995    -0.0266    95.6255 1.9670e+01     258222  10759.208      98.66          8  0.000e+00
    505.629    500.500     5.0293  32.987389     5.0307  33.015602    6.72448    6.93793    34.1656    34.1966     2.5769     2.8995    -0.0266    95.5991 1.9670e+01     258223  10759.250      98.66          8  0.000e+00
    505.629    500.500     5.0293  32.986983     5.0305  33.015634    6.72439    6.93753    34.1651    34.1968     2.5769     2.8995    -0.0266    95.5991 1.9670e+01     258224  10759.292      98.66          8  0.000e+00
    505.629    500.500     5.0294  32.987491     5.0305  33.015634    6.71922    6.94093    34.1656    34.1968     2.5756     2.9007    -0.0266    95.5991 1.9670e+01     258225  10759.333      98.66          8  0.000e+00
    505.629    500.500     5.0297  32.987694     5.0300  33.015344    6.71814    6.93657    34.1655    34.1970     2.5756     2.8995    -0.0266    95.6255 1.9670e+01     258226  10759.375      98.66          8  0.000e+00
    505.683    500.553     5.0296  32.987762     5.0303  33.015538    6.72215    6.94091    34.1657    34.1969     2.5769     2.9007    -0.0266    95.5991 1.9670e+01     258227  10759.417      98.66          8  0.000e+00
    505.683    500.553     5.0296  32.988100     5.0297  33.015248    6.72194    6.93662    34.1661    34.1972     2.5769     2.8995    -0.0339    95.5991 1.9670e+01     258228  10759.458      98.66          8  0.000e+00
    505.683    500.553     5.0297  32.988202     5.0300  33.014926    6.71672    6.93623    34.1661    34.1965     2.5756     2.8995    -0.0339    95.5991 1.9670e+01     258229  10759.500      98.66          8  0.000e+00
    505.683    500.553     5.0297  32.987592     5.0297  33.015151    6.71658    6.93978    34.1654    34.1971     2.5756     2.9007    -0.0339    95.5727 1.9670e+01     258230  10759.542      98.66          8  0.000e+00
    505.730    500.599     5.0297  32.987897     5.0300  33.014958    6.71553    6.93557    34.1657    34.1965     2.5756     2.8995    -0.0339    95.5991 1.9670e+01     258231  10759.583      98.66          8  0.000e+00
    505.683    500.553     5.0297  32.988371     5.0303  33.015441    6.71531    6.93435    34.1663    34.1968     2.5756     2.8995    -0.0339    95.5727 1.9670e+01     258232  10759.625      98.66          8  0.000e+00
    505.730    500.599     5.0300  32.988067     5.0297  33.015345    6.71522    6.93404    34.1656    34.1973     2.5756     2.8995    -0.0339    95.5727 1.9670e+01     258233  10759.667      98.66          8  0.000e+00
    505.683    500.553     5.0297  32.988033     5.0300  33.015344    6.71515    6.93374    34.1659    34.1970     2.5756     2.8995    -0.0339    95.5727 1.9670e+01     258234  10759.708      98.66          8  0.000e+00
    505.730    500.599     5.0299  32.987965     5.0302  33.015570    6.71919    6.93351    34.1656    34.1970     2.5769     2.8995    -0.0339    95.5991 1.9670e+01     258235  10759.750      98.66          8  0.000e+00
    505.777    500.646     5.0299  32.987965     5.0303  33.015828    6.71912    6.93332    34.1656    34.1971     2.5769     2.8995    -0.0339    95.5991 1.9670e+01     258236  10759.792      98.66          8  0.000e+00
    505.730    500.599     5.0299  32.988134     5.0301  33.015796    6.71487    6.93307    34.1658    34.1973     2.5756     2.8995    -0.0339    95.6255 1.9670e+01     258237  10759.833      98.66          8  0.000e+00
    505.777    500.646     5.0304  32.988270     5.0302  33.015860    6.71476    6.93287    34.1654    34.1973     2.5756     2.8995    -0.0339    95.5991 1.9670e+01     258238  10759.875      98.66          8  0.000e+00
    505.730    500.599     5.0302  32.988812     5.0303  33.015892    6.71468    6.93269    34.1663    34.1972     2.5756     2.8995    -0.0339    95.5991 1.9670e+01     258239  10759.917      98.66          8  0.000e+00
    505.777    500.646     5.0304  32.988778     5.0303  33.015699    6.71470    6.93261    34.1660    34.1970     2.5756     2.8995    -0.0339    95.6255 1.9670e+01     258240  10759.958      98.66          8  0.000e+00
    505.777    500.646     5.0305  32.988914     5.0302  33.015538    6.71968    6.93252    34.1660    34.1970     2.5769     2.8995    -0.0339    95.5991 1.9670e+01     258241  10760.000      98.66          8  0.000e+00
    505.777    500.646     5.0308  32.989252     5.0300  33.015409    6.71557    6.93243    34.1661    34.1970     2.5756     2.8995    -0.0339    95.5991 1.9670e+01     258242  10760.042      98.66          8  0.000e+00
    505.730    500.599     5.0308  32.989455     5.0295  33.015184    6.71559    6.93237    34.1663    34.1973     2.5756     2.8995    -0.0339    95.5727 1.9670e+01     258243  10760.083      98.66          8  0.000e+00
    505.777    500.646     5.0310  32.989693     5.0297  33.015409    6.71571    6.93241    34.1664    34.1973     2.5756     2.8995    -0.0339    95.6255 1.9670e+01     258244  10760.125      98.66          8  0.000e+00
    352.855    349.404     5.1710  33.055068     5.1700  33.082524    6.76144    7.01504    34.1762    34.2088     2.6375     2.9759    -0.0339    95.5727 1.9670e+01     263612  10983.792      98.66          9  0.000e+00
    352.848    349.397     5.1708  33.054966     5.1701  33.082298    6.76174    7.01087    34.1763    34.2084     2.6375     2.9746    -0.0339    95.5991 1.9670e+01     263613  10983.833      98.66          9  0.000e+00
    352.848    349.397     5.1708  33.054763     5.1702  33.081943    6.76119    7.01503    34.1760    34.2079     2.6374     2.9759    -0.0339    95.5991 1.9670e+01     263614  10983.875      98.66          9  0.000e+00
    352.848    349.397     5.1707  33.055136     5.1700  33.081685    6.76150    7.01463    34.1766    34.2078     2.6374     2.9759    -0.0339    95.5727 1.9670e+01     263615  10983.917      98.66          9  0.000e+00
    352.855    349.404     5.1710  33.055407     5.1703  33.081653    6.76180    7.01491    34.1766    34.2075     2.6374     2.9759    -0.0339    95.5991 1.9670e+01     263616  10983.958      98.66          9  0.000e+00
    352.795    349.344     5.1713  33.055339     5.1700  33.081620    6.76692    7.01516    34.1763    34.2078     2.6387     2.9759    -0.0339    95.5991 1.9670e+01     263617  10984.000      98.66          9  0.000e+00
    352.848    349.397     5.1710  33.055203     5.1703  33.081814    6.76822    7.01560    34.1764    34.2076     2.6387     2.9759    -0.0339    95.5727 1.9670e+01     263618  10984.042      98.66          9  0.000e+00
    352.795    349.344     5.1712  33.055474     5.1698  33.081910    6.76934    7.01055    34.1765    34.2083     2.6387     2.9746    -0.0339    95.5464 1.9670e+01     263619  10984.083      98.66          9  0.000e+00
    352.808    349.358     5.1711  33.055271     5.1698  33.082072    6.77058    7.00941    34.1763    34.2084     2.6387     2.9746    -0.0266    95.5727 1.9670e+01     263620  10984.125      98.66          9  0.000e+00
    352.795    349.344     5.1710  33.055203     5.1702  33.081975    6.77093    7.01354    34.1764    34.2080     2.6387     2.9759    -0.0193    95.5727 1.9670e+01     263621  10984.167      98.66          9  0.000e+00
    352.795    349.344     5.1710  33.055068     5.1701  33.082265    6.77212    7.01312    34.1763    34.2084     2.6387     2.9758    -0.0193    95.5727 1.9670e+01     263622  10984.208      98.66          9  0.000e+00
    352.755    349.305     5.1708  33.055135     5.1700  33.082007    6.76845    7.00888    34.1765    34.2082     2.6374     2.9746    -0.0193    95.5991 1.9670e+01     263623  10984.250      98.66          9  0.000e+00
    352.795    349.344     5.1707  33.055271     5.1706  33.081910    6.77370    7.00853    34.1768    34.2074     2.6387     2.9746    -0.0193    95.5991 1.9670e+01     263624  10984.292      98.66          9  0.000e+00
    352.748    349.298     5.1710  33.055406     5.1703  33.082072    6.77396    7.01259    34.1767    34.2080     2.6387     2.9758    -0.0193    95.5727 1.9670e+01     263625  10984.333      98.66          9  0.000e+00
    352.795    349.344     5.1710  33.055068     5.1703  33.081975    6.76951    7.01302    34.1763    34.2078     2.6374     2.9758    -0.0193    95.5991 1.9670e+01     263626  10984.375      98.66          9  0.000e+00
    352.755    349.305     5.1710  33.055406     5.1703  33.082072    6.76893    7.01333    34.1766    34.2080     2.6374     2.9758    -0.0193    95.5727 1.9670e+01     263627  10984.417      98.66          9  0.000e+00
    352.795    349.344     5.1710  33.055101     5.1706  33.081943    6.77329    7.01376    34.1763    34.2075     2.6387     2.9758    -0.0193    95.5991 1.9670e+01     263628  10984.458      98.66          9  0.000e+00
    352.748    349.298     5.1710  33.054830     5.1703  33.081910    6.76871    7.01333    34.1760    34.2078     2.6374     2.9758    -0.0193    95.5991 1.9670e+01     263629  10984.500      98.66          9  0.000e+00
    352.795    349.344     5.1712  33.055305     5.1706  33.082072    6.77297    7.01365    34.1763    34.2076     2.6387     2.9758    -0.0193    95.5991 1.9670e+01     263630  10984.542      98.66          9  0.000e+00
    352.755    349.305     5.1708  33.055474     5.1703  33.082362    6.77408    7.01399    34.1769    34.2083     2.6387     2.9758    -0.0193    95.5727 1.9670e+01     263631  10984.583      98.66          9  0.000e+00
    352.748    349.298     5.1710  33.055711     5.1705  33.082201    6.77428    7.01428    34.1770    34.2080     2.6387     2.9758    -0.0193    95.5727 1.9670e+01     263632  10984.625      98.66          9  0.000e+00
    352.795    349.344     5.1711  33.055169     5.1708  33.082330    6.77936    7.01391    34.1762    34.2077     2.6399     2.9758    -0.0193    95.5991 1.9670e+01     263633  10984.667      98.66          9  0.000e+00
    352.694    349.245     5.1713  33.054999     5.1706  33.082233    6.78023    7.01334    34.1759    34.2079     2.6399     2.9758    -0.0193    95.5991 1.9670e+01     263634  10984.708      98.66          9  0.000e+00
    352.808    349.358     5.1710  33.055542     5.1706  33.082330    6.78123    7.01373    34.1768    34.2079     2.6399     2.9758    -0.0193    95.5991 1.9670e+01     263635  10984.750      98.66          9  0.000e+00
    352.795    349.344     5.1711  33.055712     5.1710  33.082394    6.78203    7.00945    34.1768    34.2077     2.6399     2.9746    -0.0193    95.5727 1.9670e+01     263636  10984.792      98.66          9  0.000e+00
    352.795    349.344     5.1711  33.055203     5.1701  33.082233    6.77799    7.01357    34.1763    34.2083     2.6387     2.9758    -0.0193    95.5991 1.9670e+01     263637  10984.833      98.66          9  0.000e+00
    352.808    349.358     5.1710  33.055339     5.1708  33.082136    6.77791    7.01312    34.1765    34.2075     2.6387     2.9758    -0.0193    95.5727 1.9670e+01     263638  10984.875      98.66          9  0.000e+00
    352.795    349.344     5.1713  33.055915     5.1703  33.082362    6.77769    7.01332    34.1769    34.2083     2.6387     2.9758    -0.0193    95.5727 1.9670e+01     263639  10984.917      98.66          9  0.000e+00
    352.795    349.344     5.1712  33.055779     5.1706  33.082394    6.78323    7.01362    34.1769    34.2080     2.6399     2.9758    -0.0193    95.5991 1.9670e+01     263640  10984.958      98.66          9  0.000e+00
    352.795    349.344     5.1711  33.055203     5.1710  33.082394    6.78475    7.01393    34.1763    34.2077     2.6399     2.9758    -0.0193    95.5464 1.9670e+01     263641  10985.000      98.66          9  0.000e+00
    352.808    349.358     5.1711  33.055542     5.1706  33.082427    6.78620    7.01420    34.1766    34.2080     2.6399     2.9758    -0.0193    95.5727 1.9670e+01     263642  10985.042      98.66          9  0.000e+00
    352.848    349.397     5.1712  33.055508     5.1705  33.082201    6.78678    7.01451    34.1765    34.2079     2.6399     2.9758    -0.0193    95.5727 1.9670e+01     263643  10985.083      98.66          9  0.000e+00
    352.848    349.397     5.1713  33.055712     5.1705  33.082169    6.78242    7.01476    34.1767    34.2079     2.6387     2.9758    -0.0193    95.5727 1.9670e+01     263644  10985.125      98.66          9  0.000e+00
    352.848    349.397     5.1713  33.055712     5.1705  33.082330    6.78686    7.01504    34.1767    34.2081     2.6399     2.9758    -0.0193    95.5991 1.9670e+01     263645  10985.167      98.66          9  0.000e+00
    352.855    349.404     5.1713  33.055610     5.1709  33.082975    6.78724    7.01532    34.1765    34.2083     2.6399     2.9758    -0.0193    95.5991 1.9670e+01     263646  10985.208      98.66          9  0.000e+00
    352.895    349.444     5.1713  33.055271     5.1710  33.083007    6.78279    7.01566    34.1761    34.2083     2.6387     2.9758    -0.0193    95.5727 1.9670e+01     263647  10985.250      98.66          9  0.000e+00
    352.895    349.444     5.1711  33.055203     5.1716  33.083104    6.78226    7.01596    34.1762    34.2078     2.6387     2.9758    -0.0193    95.5991 1.9670e+01     263648  10985.292      98.66          9  0.000e+00
    352.909    349.457     5.1712  33.055475     5.1716  33.083169    6.78648    7.01622    34.1765    34.2078     2.6399     2.9758    -0.0193    95.5991 1.9670e+01     263649  10985.333      98.66          9  0.000e+00
    352.895    349.444     5.1713  33.056085     5.1713  33.083201    6.78660    7.01644    34.1771    34.2082     2.6399     2.9758    -0.0193    95.5991 1.9670e+01     263650  10985.375      98.66          9  0.000e+00
    352.949    349.497     5.1717  33.055915     5.1721  33.083169    6.78189    7.01673    34.1765    34.2073     2.6387     2.9758    -0.0193    95.5464 1.9670e+01     263651  10985.417      98.66          9  0.000e+00
    352.949    349.497     5.1720  33.056119     5.1714  33.083201    6.78677    7.01695    34.1764    34.2080     2.6399     2.9758    -0.0193    95.5727 1.9670e+01     263652  10985.458      98.66          9  0.000e+00
    352.956    349.503     5.1716  33.056254     5.1714  33.083362    6.78685    7.01727    34.1769    34.2082     2.6399     2.9758    -0.0193    95.5727 1.9670e+01     263653  10985.500      98.66          9  0.000e+00
