Ship_data/Southern/Southern_Ocean-02_NBP-15-11_2015-12-07/CTD NBP1511/process/nbp1511_015.ros
* Sea-Bird SBE 9 Data File:
* FileName = D:\Data\raw\NBP1511_015.hdr
* Software Version Seasave V 7.21e
* Temperature SN = 5730
* Conductivity SN = 1143
* Number of Bytes Per Scan = 40
* Number of Voltage Words = 5
* Number of Scans Averaged by the Deck Unit = 1
* NMEA Latitude = 54 26.16 S
* NMEA Longitude = 089 14.39 W
* NMEA UTC (Time) = Dec 26 2015  12:16:43
* NMEA baud rate = 9600
** Ship: RVIB N.B. Palmer
** Cruise: NBP1511
** Station: HYPM-2
** Operator: S. Blackman / B. Bjork
# nquan = 20
# nvalues = 588                                   
# units = specified
# name 0 = prDM: Pressure, Digiquartz [db]
# name 1 = depSM: Depth [salt water, m]
# name 2 = t090C: Temperature [ITS-90, deg C]
# name 3 = c0mS/cm: Conductivity [mS/cm]
# name 4 = t190C: Temperature, 2 [ITS-90, deg C]
# name 5 = c1mS/cm: Conductivity, 2 [mS/cm]
# name 6 = sbeox0ML/L: Oxygen, SBE 43 [ml/l]
# name 7 = sbeox1ML/L: Oxygen, SBE 43, 2 [ml/l]
# name 8 = sal00: Salinity, Practical [PSU]
# name 9 = sal11: Salinity, Practical, 2 [PSU]
# name 10 = sbeox0V: Oxygen raw, SBE 43 [V]
# name 11 = sbeox1V: Oxygen raw, SBE 43, 2 [V]
# name 12 = flECO-AFL: Fluorescence, WET Labs ECO-AFL/FL [mg/m^3]
# name 13 = CStarTr0: Beam Transmission, WET Labs C-Star [%]
# name 14 = spar: SPAR/Surface Irradiance
# name 15 = scan: Scan Count
# name 16 = timeS: Time, Elapsed [seconds]
# name 17 = altM: Altimeter [m]
# name 18 = nbf: Bottles Fired
# name 19 = flag:  0.000e+00
# interval = seconds: 0.0416667
# start_time = Dec 26 2015 12:16:43 [NMEA time, header]
# bad_flag = -9.990e-29
*END*
[from data line 145]
   4075.311   4000.385     0.9428  31.266667     0.9443  31.310157    4.44901    4.40831    34.7082    34.7606     1.3145     1.4852    -0.0120    95.3882 4.7010e+02     144398   6016.542      98.66          3  0.000e+00
   4075.311   4000.385     0.9428  31.266998     0.9444  31.310346    4.45591    4.39817    34.7086    34.7607     1.3158     1.4840    -0.0046    95.3618 4.7010e+02     144399   6016.583      98.66          3  0.000e+00
   3561.242   3499.856     1.3005  31.401230     1.3013  31.444973    4.33785    4.30945    34.7161    34.7693     1.3524     1.5294     0.0027    95.3618 4.8191e+02     158111   6587.917      98.66          4  0.000e+00
   3561.242   3499.856     1.3003  31.401429     1.3013  31.445289    4.34014    4.30803    34.7165    34.7697     1.3524     1.5294     0.0027    95.3618 4.8191e+02     158112   6587.958      98.66          4  0.000e+00
   3561.292   3499.904     1.3005  31.401197     1.3015  31.445226    4.33588    4.30948    34.7160    34.7694     1.3524     1.5294     0.0027    95.3354 4.8191e+02     158113   6588.000      98.66          4  0.000e+00
   3561.292   3499.905     1.3005  31.400998     1.3014  31.445163    4.33147    4.31093    34.7158    34.7694     1.3524     1.5294     0.0027    95.3618 4.8191e+02     158114   6588.042      98.66          4  0.000e+00
   3561.242   3499.856     1.3005  31.401429     1.3008  31.445036    4.33023    4.31232    34.7164    34.7699     1.3524     1.5294     0.0027    95.3618 4.8191e+02     158115   6588.083      98.66          4  0.000e+00
   3561.242   3499.856     1.3007  31.401495     1.3014  31.445099    4.34250    4.31373    34.7162    34.7694     1.3536     1.5294     0.0027    95.3618 4.8191e+02     158116   6588.125      98.66          4  0.000e+00
   3561.243   3499.856     1.3005  31.401362     1.3017  31.445162    4.34453    4.30273    34.7163    34.7691     1.3536     1.5282     0.0027    95.3618 4.8191e+02     158117   6588.167      98.63          4  0.000e+00
   3561.292   3499.905     1.3006  31.401064     1.3011  31.445163    4.34977    4.30780    34.7157    34.7697     1.3536     1.5294     0.0027    95.3882 4.8191e+02     158118   6588.208      98.66          4  0.000e+00
   3561.243   3499.856     1.3007  31.401230     1.3009  31.445162    4.35494    4.30609    34.7159    34.7700     1.3536     1.5294    -0.0046    95.3882 4.8191e+02     158119   6588.250      98.66          4  0.000e+00
   3561.243   3499.856     1.3005  31.401429     1.3013  31.445036    4.34667    4.30730    34.7164    34.7694     1.3524     1.5294    -0.0120    95.3618 4.8191e+02     158120   6588.292      98.66          4  0.000e+00
   3561.292   3499.905     1.3007  31.401197     1.3016  31.445099    4.34535    4.30851    34.7158    34.7691     1.3524     1.5294    -0.0120    95.3618 4.8191e+02     158121   6588.333      98.66          4  0.000e+00
   3561.293   3499.905     1.3008  31.401263     1.3012  31.444973    4.34400    4.30969    34.7158    34.7694     1.3524     1.5294    -0.0046    95.3354 4.8191e+02     158122   6588.375      98.66          4  0.000e+00
   3561.243   3499.856     1.3006  31.401429     1.3009  31.445289    4.34264    4.30139    34.7162    34.7701     1.3524     1.5282    -0.0046    95.3618 4.8191e+02     158123   6588.417      98.66          4  0.000e+00
   3561.293   3499.905     1.3005  31.401561     1.3014  31.445226    4.34468    4.30636    34.7165    34.7695     1.3524     1.5294    -0.0120    95.3354 4.8191e+02     158124   6588.458      98.66          4  0.000e+00
   3561.243   3499.856     1.3010  31.401495     1.3016  31.445036    4.34341    4.30748    34.7159    34.7691     1.3524     1.5294    -0.0120    95.3354 4.8191e+02     158125   6588.500      98.66          4  0.000e+00
   3561.243   3499.856     1.3008  31.401561     1.3015  31.445099    4.34222    4.30869    34.7162    34.7692     1.3524     1.5294    -0.0120    95.3354 4.8191e+02     158126   6588.542      98.63          4  0.000e+00
   3561.293   3499.905     1.3007  31.401694     1.3011  31.444973    4.34105    4.30992    34.7164    34.7695     1.3524     1.5294    -0.0120    95.3354 4.8191e+02     158127   6588.583      98.63          4  0.000e+00
   3561.243   3499.857     1.3008  31.401429     1.3013  31.445099    4.34997    4.31108    34.7160    34.7695     1.3536     1.5294    -0.0046    95.3618 4.8191e+02     158128   6588.625      98.66          4  0.000e+00
   3561.293   3499.905     1.3009  31.401628     1.3012  31.445036    4.34852    4.30282    34.7162    34.7695     1.3536     1.5282    -0.0046    95.3618 4.8191e+02     158129   6588.667      98.66          4  0.000e+00
   3561.243   3499.857     1.3006  31.401627     1.3011  31.444910    4.33661    4.31073    34.7164    34.7694     1.3524     1.5294    -0.0046    95.3882 4.8191e+02     158130   6588.708      98.66          4  0.000e+00
   3561.293   3499.905     1.3010  31.401131     1.3013  31.444910    4.33489    4.30907    34.7155    34.7692     1.3524     1.5294    -0.0120    95.3354 4.8191e+02     158131   6588.750      98.63          4  0.000e+00
   3561.293   3499.905     1.3007  31.401429     1.3014  31.444721    4.34332    4.29782    34.7161    34.7689     1.3536     1.5282    -0.0046    95.3618 4.8191e+02     158132   6588.792      98.66          4  0.000e+00
   3561.243   3499.857     1.3005  31.401694     1.3011  31.445036    4.33449    4.30561    34.7167    34.7696     1.3524     1.5294    -0.0120    95.3618 4.8191e+02     158133   6588.833      98.63          4  0.000e+00
   3561.293   3499.905     1.3008  31.401992     1.3016  31.445226    4.33260    4.30679    34.7167    34.7693     1.3524     1.5294    -0.0046    95.3354 4.8191e+02     158134   6588.875      98.66          4  0.000e+00
   3561.243   3499.857     1.3007  31.401627     1.3012  31.444784    4.33407    4.29552    34.7164    34.7692     1.3524     1.5282    -0.0046    95.3618 4.8191e+02     158135   6588.917      98.66          4  0.000e+00
   3561.293   3499.905     1.3006  31.400998     1.3013  31.445036    4.34254    4.30039    34.7156    34.7694     1.3536     1.5294    -0.0046    95.3618 4.8191e+02     158136   6588.958      98.66          4  0.000e+00
   3561.243   3499.857     1.3009  31.401164     1.3017  31.445162    4.33701    4.28894    34.7156    34.7691     1.3524     1.5282    -0.0046    95.3618 4.8191e+02     158137   6589.000      98.66          4  0.000e+00
   3561.293   3499.905     1.3008  31.401661     1.3012  31.444973    4.33863    4.28717    34.7163    34.7694     1.3524     1.5282    -0.0046    95.3882 4.8191e+02     158138   6589.042      98.66          4  0.000e+00
   3561.293   3499.906     1.3010  31.401197     1.3014  31.444973    4.34037    4.29497    34.7155    34.7691     1.3524     1.5294    -0.0046    95.3882 4.8191e+02     158139   6589.083      98.66          4  0.000e+00
   3561.293   3499.906     1.3009  31.401429     1.3014  31.444910    4.33890    4.29616    34.7159    34.7691     1.3524     1.5294    -0.0120    95.3618 4.8191e+02     158140   6589.125      98.66          4  0.000e+00
   3561.243   3499.857     1.3008  31.401495     1.3012  31.445289    4.33740    4.29733    34.7161    34.7698     1.3524     1.5294    -0.0120    95.3618 4.8191e+02     158141   6589.167      98.66          4  0.000e+00
   3561.293   3499.906     1.3008  31.401561     1.3011  31.445036    4.33596    4.29855    34.7162    34.7696     1.3524     1.5294    -0.0046    95.3882 4.8191e+02     158142   6589.208      98.66          4  0.000e+00
   3561.293   3499.906     1.3005  31.401495     1.3014  31.445099    4.33117    4.29978    34.7164    34.7693     1.3524     1.5294    -0.0046    95.3354 4.8191e+02     158143   6589.250      98.66          4  0.000e+00
   3561.244   3499.857     1.3008  31.401362     1.3012  31.445036    4.32951    4.29145    34.7159    34.7695     1.3524     1.5282     0.0027    95.3618 4.8191e+02     158144   6589.292      98.66          4  0.000e+00
   3561.293   3499.906     1.3009  31.401628     1.3009  31.445289    4.33808    4.29639    34.7162    34.7700     1.3536     1.5294     0.0027    95.3618 4.8191e+02     158145   6589.333      98.66          4  0.000e+00
   3561.293   3499.906     1.3008  31.401793     1.3013  31.445226    4.32939    4.29460    34.7165    34.7696     1.3524     1.5294     0.0027    95.3882 4.8191e+02     158146   6589.375      98.66          4  0.000e+00
   3561.293   3499.906     1.3008  31.401561     1.3014  31.444973    4.32766    4.29568    34.7162    34.7692     1.3524     1.5294     0.0027    95.3354 4.8191e+02     158147   6589.417      98.66          4  0.000e+00
   3561.244   3499.857     1.3005  31.401561     1.3013  31.444910    4.33608    4.28728    34.7165    34.7692     1.3536     1.5282     0.0027    95.3618 4.8191e+02     158148   6589.458      98.66          4  0.000e+00
   3561.294   3499.906     1.3008  31.401495     1.3011  31.444973    4.34076    4.29509    34.7161    34.7695     1.3536     1.5294     0.0027    95.3618 4.8191e+02     158149   6589.500      98.63          4  0.000e+00
   3561.244   3499.857     1.3006  31.401561     1.3009  31.444910    4.34542    4.29328    34.7164    34.7697     1.3536     1.5294     0.0027    95.3618 4.8191e+02     158150   6589.542      98.66          4  0.000e+00
   3561.294   3499.906     1.3004  31.401329     1.3009  31.445100    4.33667    4.29442    34.7163    34.7698     1.3524     1.5294     0.0027    95.3354 4.8191e+02     158151   6589.583      98.66          4  0.000e+00
   3561.294   3499.906     1.3008  31.401296     1.3009  31.444973    4.33810    4.29545    34.7158    34.7697     1.3524     1.5294     0.0027    95.3354 4.8191e+02     158152   6589.625      98.66          4  0.000e+00
   3561.294   3499.906     1.3005  31.401064     1.3013  31.444816    4.33974    4.29656    34.7158    34.7691     1.3524     1.5294     0.0027    95.3618 4.8191e+02     158153   6589.667      98.66          4  0.000e+00
   3561.244   3499.858     1.3005  31.401429     1.3014  31.444879    4.34825    4.29760    34.7164    34.7691     1.3536     1.5294     0.0027    95.3618 4.8191e+02     158154   6589.708      98.66          4  0.000e+00
   3561.294   3499.906     1.3006  31.401329     1.3011  31.445100    4.33958    4.28922    34.7161    34.7696     1.3524     1.5282     0.0027    95.3882 4.8191e+02     158155   6589.750      98.66          4  0.000e+00
   3561.294   3499.906     1.3005  31.401296     1.3009  31.444973    4.34801    4.29703    34.7161    34.7697     1.3536     1.5294     0.0027    95.3882 4.8191e+02     158156   6589.792      98.66          4  0.000e+00
   3561.244   3499.858     1.3005  31.401064     1.3017  31.444910    4.34933    4.29821    34.7159    34.7688     1.3536     1.5294     0.0027    95.3618 4.8191e+02     158157   6589.833      98.63          4  0.000e+00
   3561.244   3499.858     1.3005  31.401064     1.3011  31.445162    4.34038    4.28993    34.7159    34.7697     1.3524     1.5282    -0.0046    95.3618 4.8191e+02     158158   6589.875      98.66          4  0.000e+00
   3561.294   3499.906     1.3005  31.401396     1.3013  31.444973    4.33839    4.28839    34.7162    34.7693     1.3524     1.5282     0.0027    95.3882 4.8191e+02     158159   6589.917      98.63          4  0.000e+00
   3048.634   2999.607     1.5970  31.469996     1.5968  31.512609    4.11610    4.10364    34.7151    34.7677     1.3718     1.5539     0.0027    95.3618 6.1959e+02     171698   7154.042      98.66          5  0.000e+00
   3048.634   2999.607     1.5970  31.470162     1.5968  31.512672    4.11269    4.11011    34.7153    34.7678     1.3718     1.5551     0.0027    95.3882 6.1959e+02     171699   7154.083      98.66          5  0.000e+00
   3048.620   2999.593     1.5971  31.469664     1.5965  31.512798    4.11192    4.11040    34.7146    34.7683     1.3718     1.5551     0.0027    95.3882 6.1959e+02     171700   7154.125      98.66          5  0.000e+00
   3048.577   2999.552     1.5968  31.469863     1.5962  31.512546    4.11114    4.10461    34.7151    34.7683     1.3718     1.5539     0.0027    95.3354 6.1959e+02     171701   7154.167      98.66          5  0.000e+00
   3048.634   2999.607     1.5964  31.469996     1.5964  31.512546    4.11319    4.11351    34.7158    34.7682     1.3718     1.5551    -0.0046    95.3618 6.1959e+02     171702   7154.208      98.66          5  0.000e+00
   3048.528   2999.504     1.5964  31.469598     1.5962  31.512419    4.11248    4.11376    34.7153    34.7682     1.3718     1.5551    -0.0046    95.3354 6.1959e+02     171703   7154.250      98.66          5  0.000e+00
   3048.577   2999.552     1.5965  31.469366     1.5968  31.512230    4.11184    4.11397    34.7148    34.7674     1.3718     1.5551     0.0027    95.3882 6.1959e+02     171704   7154.292      98.66          5  0.000e+00
   3048.563   2999.538     1.5964  31.469432     1.5964  31.512293    4.12022    4.11408    34.7151    34.7679     1.3731     1.5551     0.0027    95.3618 6.1959e+02     171705   7154.333      98.66          5  0.000e+00
   3048.578   2999.552     1.5965  31.469664     1.5961  31.512230    4.12482    4.11406    34.7152    34.7681     1.3731     1.5551    -0.0046    95.3618 6.1959e+02     171706   7154.375      98.66          5  0.000e+00
   3048.528   2999.504     1.5970  31.469929     1.5964  31.512135    4.11758    4.10545    34.7151    34.7677     1.3718     1.5539     0.0027    95.3882 6.1959e+02     171707   7154.417      98.66          5  0.000e+00
   3048.528   2999.504     1.5973  31.470161     1.5964  31.512356    4.11678    4.10295    34.7150    34.7680     1.3718     1.5539     0.0027    95.3618 6.1959e+02     171708   7154.458      98.66          5  0.000e+00
   3048.528   2999.504     1.5973  31.470029     1.5967  31.512356    4.12504    4.10050    34.7149    34.7676     1.3731     1.5539     0.0027    95.3882 6.1959e+02     171709   7154.500      98.63          5  0.000e+00
   3048.514   2999.490     1.5973  31.469995     1.5962  31.512230    4.12051    4.10647    34.7148    34.7680     1.3718     1.5551     0.0027    95.3618 6.1959e+02     171710   7154.542      98.66          5  0.000e+00
   3048.528   2999.504     1.5976  31.470228     1.5962  31.512293    4.12874    4.10870    34.7148    34.7680     1.3731     1.5551     0.0027    95.3618 6.1959e+02     171711   7154.583      98.66          5  0.000e+00
   3048.528   2999.504     1.5974  31.470427     1.5962  31.512167    4.12148    4.10007    34.7152    34.7679     1.3718     1.5539     0.0027    95.3882 6.1959e+02     171712   7154.625      98.66          5  0.000e+00
   3048.528   2999.504     1.5976  31.470460     1.5959  31.512167    4.12058    4.09996    34.7151    34.7682     1.3718     1.5539     0.0027    95.3882 6.1959e+02     171713   7154.667      98.66          5  0.000e+00
   3048.472   2999.449     1.5974  31.470261     1.5961  31.511946    4.11969    4.09995    34.7150    34.7678     1.3718     1.5539     0.0027    95.3618 6.1959e+02     171714   7154.708      98.66          5  0.000e+00
   3048.416   2999.394     1.5976  31.469829     1.5964  31.512103    4.12781    4.10845    34.7143    34.7677     1.3731     1.5551     0.0027    95.3618 6.1959e+02     171715   7154.750      98.66          5  0.000e+00
   3048.514   2999.491     1.5974  31.469531     1.5961  31.512135    4.12051    4.11098    34.7141    34.7680     1.3718     1.5551     0.0027    95.3882 6.1959e+02     171716   7154.792      98.66          5  0.000e+00
   3048.529   2999.505     1.5976  31.470393     1.5964  31.512356    4.11948    4.11340    34.7150    34.7680     1.3718     1.5551    -0.0046    95.3618 6.1959e+02     171717   7154.833      98.66          5  0.000e+00
   3048.472   2999.449     1.5974  31.470227     1.5964  31.512356    4.11848    4.11585    34.7150    34.7680     1.3718     1.5551     0.0027    95.3618 6.1959e+02     171718   7154.875      98.63          5  0.000e+00
