Ship_data/Southern/Southern_Ocean-02_NBP-15-11_2015-12-07/CTD NBP1511/process/nbp1511_012.ros
* Sea-Bird SBE 9 Data File:
* FileName = D:\Data\raw\NBP1511_012.hdr
* Software Version Seasave V 7.21e
* Temperature SN = 5730
* Conductivity SN = 1143
* Number of Bytes Per Scan = 40
* Number of Voltage Words = 5
* Number of Scans Averaged by the Deck Unit = 1
* NMEA Latitude = 54 04.98 S
* NMEA Longitude = 088 53.47 W
* NMEA UTC (Time) = Dec 18 2015  23:26:57
* NMEA baud rate = 9600
** Ship: RVIB N.B. Palmer
** Cruise: NBP1511
** Station: FLMB-1, FLMB-2
** Operator: S. Blackman
# nquan = 20
# nvalues = 637                                   
# units = specified
# name 0 = prDM: Pressure, Digiquartz [db]
# name 1 = depSM: Depth [salt water, m]
# name 2 = t090C: Temperature [ITS-90, deg C]
# name 3 = c0mS/cm: Conductivity [mS/cm]
# name 4 = t190C: Temperature, 2 [ITS-90, deg C]
# name 5 = c1mS/cm: Conductivity, 2 [mS/cm]
# name 6 = sbeox0ML/L: Oxygen, SBE 43 [ml/l]
# name 7 = sbeox1ML/L: Oxygen, SBE 43, 2 [ml/l]
# name 8 = sal00: Salinity, Practical [PSU]
# name 9 = sal11: Salinity, Practical, 2 [PSU]
# name 10 = sbeox0V: Oxygen raw, SBE 43 [V]
# name 11 = sbeox1V: Oxygen raw, SBE 43, 2 [V]
# name 12 = flECO-AFL: Fluorescence, WET Labs ECO-AFL/FL [mg/m^3]
# name 13 = CStarTr0: Beam Transmission, WET Labs C-Star [%]
# name 14 = spar: SPAR/Surface Irradiance
# name 15 = scan: Scan Count
# name 16 = timeS: Time, Elapsed [seconds]
# name 17 = altM: Altimeter [m]
# name 18 = nbf: Bottles Fired
# name 19 = flag:  0.000e+00
# interval = seconds: 0.0416667
# start_time = Dec 18 2015 23:26:57 [NMEA time, header]
# bad_flag = -9.990e-29
*END*
[from data line 218]
    506.161    501.025     5.0534  33.007408     5.0493  33.052190    6.78728    6.98323    34.1637    34.2194     2.5954     2.9152    -0.0339    95.7836 5.4682e+02     102732   4280.458      98.66          5  0.000e+00
    506.107    500.972     5.0534  33.007475     5.0486  33.050835    6.78675    6.98350    34.1639    34.2186     2.5954     2.9152    -0.0339    95.7573 5.4682e+02     102733   4280.500      98.66          5  0.000e+00
    506.053    500.919     5.0531  33.007543     5.0477  33.049675    6.79119    6.98385    34.1643    34.2183     2.5967     2.9152    -0.0339    95.7836 5.4682e+02     102734   4280.542      98.66          5  0.000e+00
    506.107    500.972     5.0531  33.006764     5.0475  33.048450    6.79158    6.98351    34.1633    34.2170     2.5967     2.9152    -0.0339    95.8100 5.4682e+02     102735   4280.583      98.66          5  0.000e+00
    506.107    500.972     5.0529  33.006086     5.0464  33.047740    6.78688    6.98780    34.1627    34.2173     2.5954     2.9164    -0.0339    95.7573 5.4682e+02     102736   4280.625      98.66          5  0.000e+00
    506.107    500.972     5.0526  33.006019     5.0464  33.047805    6.78807    6.98900    34.1630    34.2174     2.5954     2.9164    -0.0339    95.7573 5.4682e+02     102737   4280.667      98.66          5  0.000e+00
    506.060    500.926     5.0523  33.006188     5.0459  33.048256    6.79236    6.98547    34.1635    34.2184     2.5967     2.9152    -0.0339    95.7836 5.4682e+02     102738   4280.708      98.66          5  0.000e+00
    506.060    500.926     5.0524  33.006459     5.0466  33.048579    6.79248    6.99050    34.1637    34.2181     2.5967     2.9164    -0.0339    95.8100 5.4682e+02     102739   4280.750      98.66          5  0.000e+00
    506.060    500.926     5.0526  33.006696     5.0472  33.048836    6.79344    6.98616    34.1638    34.2178     2.5967     2.9152    -0.0339    95.7573 5.4682e+02     102740   4280.792      98.66          5  0.000e+00
    506.060    500.926     5.0523  33.007137     5.0475  33.049288    6.79441    6.98575    34.1646    34.2180     2.5967     2.9152    -0.0339    95.7573 5.4682e+02     102741   4280.833      98.66          5  0.000e+00
    506.007    500.873     5.0524  33.006730     5.0478  33.050577    6.79436    6.98527    34.1640    34.2192     2.5967     2.9152    -0.0339    95.7836 5.4682e+02     102742   4280.875      98.66          5  0.000e+00
    506.007    500.873     5.0526  33.007069     5.0485  33.051158    6.79517    6.98481    34.1643    34.2192     2.5967     2.9152    -0.0339    95.7836 5.4682e+02     102743   4280.917      98.66          5  0.000e+00
    506.007    500.873     5.0527  33.007475     5.0494  33.051802    6.79593    6.98900    34.1646    34.2189     2.5967     2.9164    -0.0339    95.7836 5.4682e+02     102744   4280.958      98.66          5  0.000e+00
    506.007    500.873     5.0531  33.007543     5.0504  33.052963    6.79757    6.99009    34.1643    34.2193     2.5967     2.9164    -0.0339    95.7836 5.4682e+02     102745   4281.000      98.66          5  0.000e+00
    506.007    500.873     5.0531  33.007746     5.0510  33.053672    6.79741    6.98656    34.1645    34.2194     2.5967     2.9152    -0.0339    95.8100 5.4682e+02     102746   4281.042      98.63          5  0.000e+00
    505.960    500.827     5.0532  33.007407     5.0522  33.053801    6.79715    6.98691    34.1640    34.2184     2.5967     2.9152    -0.0339    95.8100 5.4682e+02     102747   4281.083      98.66          5  0.000e+00
    505.960    500.827     5.0531  33.007475     5.0520  33.053801    6.79871    6.99119    34.1642    34.2186     2.5967     2.9164    -0.0339    95.7836 5.4682e+02     102748   4281.125      98.66          5  0.000e+00
    505.953    500.820     5.0531  33.007339     5.0514  33.053608    6.79841    6.99155    34.1641    34.2191     2.5967     2.9164    -0.0339    95.7573 5.4682e+02     102749   4281.167      98.66          5  0.000e+00
    505.907    500.774     5.0529  33.006865     5.0514  33.053350    6.79896    6.99188    34.1637    34.2188     2.5967     2.9164    -0.0339    95.8100 5.4682e+02     102750   4281.208      98.66          5  0.000e+00
    505.907    500.774     5.0527  33.006763     5.0510  33.052898    6.80448    6.98755    34.1638    34.2186     2.5979     2.9152    -0.0266    95.7836 5.4682e+02     102751   4281.250      98.66          5  0.000e+00
    505.907    500.774     5.0524  33.006967     5.0501  33.052382    6.79994    6.98709    34.1644    34.2189     2.5967     2.9152    -0.0266    95.7573 5.4682e+02     102752   4281.292      98.66          5  0.000e+00
    505.907    500.774     5.0526  33.006662     5.0504  33.052060    6.79939    6.98741    34.1639    34.2183     2.5967     2.9152    -0.0266    95.8100 5.4682e+02     102753   4281.333      98.66          5  0.000e+00
    505.860    500.728     5.0524  33.006899     5.0498  33.051221    6.79964    6.98774    34.1643    34.2180     2.5967     2.9152    -0.0266    95.7836 5.4682e+02     102754   4281.375      98.66          5  0.000e+00
    505.860    500.728     5.0527  33.007610     5.0494  33.050770    6.79982    6.98723    34.1648    34.2178     2.5967     2.9152    -0.0266    95.7573 5.4682e+02     102755   4281.417      98.66          5  0.000e+00
    505.860    500.728     5.0531  33.007441     5.0486  33.050706    6.80498    6.99142    34.1643    34.2185     2.5979     2.9164    -0.0266    95.7836 5.4682e+02     102756   4281.458      98.66          5  0.000e+00
    505.806    500.675     5.0532  33.007271     5.0496  33.051092    6.80006    6.98703    34.1639    34.2180     2.5967     2.9152    -0.0266    95.7836 5.4682e+02     102757   4281.500      98.66          5  0.000e+00
    505.860    500.728     5.0535  33.007847     5.0494  33.051222    6.80011    6.98655    34.1643    34.2183     2.5967     2.9152    -0.0266    95.7573 5.4682e+02     102758   4281.542      98.66          5  0.000e+00
    352.810    349.360     5.3555  33.228926     5.3560  33.278051    6.73744    6.95982    34.1875    34.2431     2.6361     2.9668    -0.0193    95.7573 7.1991e+02     107940   4497.458      98.66          6  0.000e+00
    352.804    349.353     5.3553  33.229266     5.3560  33.278246    6.74349    6.95990    34.1880    34.2433     2.6373     2.9668    -0.0193    95.7573 7.2188e+02     107941   4497.500      98.66          6  0.000e+00
    352.857    349.406     5.3555  33.228994     5.3558  33.277955    6.73511    6.96001    34.1875    34.2431     2.6349     2.9668    -0.0193    95.7309 7.2384e+02     107942   4497.542      98.66          6  0.000e+00
    352.810    349.360     5.3555  33.228858     5.3560  33.277987    6.73542    6.96000    34.1874    34.2430     2.6349     2.9668    -0.0193    95.7309 7.2384e+02     107943   4497.583      98.66          6  0.000e+00
    352.757    349.307     5.3556  33.229028     5.3560  33.278084    6.73568    6.96441    34.1874    34.2431     2.6349     2.9680    -0.0193    95.7573 7.2581e+02     107944   4497.625      98.66          6  0.000e+00
    352.764    349.314     5.3555  33.229334     5.3558  33.278051    6.73518    6.96509    34.1879    34.2433     2.6349     2.9680    -0.0193    95.7836 7.2778e+02     107945   4497.667      98.66          6  0.000e+00
    352.704    349.254     5.3555  33.229232     5.3563  33.277857    6.73458    6.96565    34.1879    34.2426     2.6349     2.9680    -0.0193    95.7309 7.2974e+02     107946   4497.708      98.66          6  0.000e+00
    352.704    349.254     5.3555  33.229096     5.3563  33.278213    6.73486    6.96171    34.1877    34.2430     2.6349     2.9668    -0.0193    95.7309 7.2974e+02     107947   4497.750      98.66          6  0.000e+00
    352.664    349.215     5.3555  33.229503     5.3562  33.278116    6.74467    6.96144    34.1882    34.2430     2.6373     2.9668    -0.0193    95.7573 7.2974e+02     107948   4497.792      98.66          6  0.000e+00
    352.704    349.254     5.3556  33.229606     5.3563  33.278083    6.74087    6.96121    34.1881    34.2428     2.6361     2.9668    -0.0193    95.7836 7.3171e+02     107949   4497.833      98.66          6  0.000e+00
    352.664    349.215     5.3558  33.229639     5.3560  33.278051    6.74092    6.96087    34.1880    34.2432     2.6361     2.9668    -0.0193    95.7573 7.3368e+02     107950   4497.875      98.66          6  0.000e+00
    352.610    349.162     5.3556  33.229231     5.3556  33.277857    6.74095    6.96057    34.1878    34.2433     2.6361     2.9668    -0.0193    95.7573 7.3564e+02     107951   4497.917      98.66          6  0.000e+00
    352.610    349.162     5.3558  33.229333     5.3558  33.277630    6.74089    6.96020    34.1877    34.2429     2.6361     2.9668    -0.0193    95.7573 7.3564e+02     107952   4497.958      98.66          6  0.000e+00
    352.617    349.168     5.3558  33.229231     5.3560  33.277727    6.74079    6.96434    34.1876    34.2428     2.6361     2.9680    -0.0193    95.7309 7.3564e+02     107953   4498.000      98.66          6  0.000e+00
    352.610    349.162     5.3556  33.229469     5.3557  33.277986    6.74062    6.96015    34.1880    34.2434     2.6361     2.9668    -0.0193    95.7573 7.3761e+02     107954   4498.042      98.66          6  0.000e+00
    352.564    349.116     5.3559  33.229469     5.3558  33.277889    6.74030    6.96410    34.1877    34.2432     2.6361     2.9680    -0.0193    95.7573 7.3958e+02     107955   4498.083      98.66          6  0.000e+00
    352.557    349.109     5.3558  33.229537     5.3562  33.277986    6.74000    6.95983    34.1880    34.2429     2.6361     2.9668    -0.0193    95.7836 7.3958e+02     107956   4498.125      98.66          6  0.000e+00
    352.510    349.063     5.3559  33.229469     5.3556  33.278083    6.73957    6.95922    34.1878    34.2436     2.6361     2.9668    -0.0193    95.7309 7.3958e+02     107957   4498.167      98.66          6  0.000e+00
    352.517    349.069     5.3559  33.229537     5.3558  33.278051    6.73998    6.95865    34.1878    34.2434     2.6361     2.9668    -0.0193    95.7309 7.4155e+02     107958   4498.208      98.66          6  0.000e+00
    352.557    349.109     5.3559  33.229639     5.3562  33.278245    6.73474    6.95883    34.1879    34.2432     2.6349     2.9668    -0.0266    95.7045 7.4351e+02     107959   4498.250      98.66          6  0.000e+00
    352.464    349.017     5.3558  33.229673     5.3558  33.277953    6.73814    6.96265    34.1882    34.2433     2.6361     2.9680    -0.0193    95.7309 7.4548e+02     107960   4498.292      98.66          6  0.000e+00
    352.510    349.063     5.3556  33.229231     5.3558  33.277792    6.74243    6.96280    34.1878    34.2431     2.6373     2.9680    -0.0193    95.7309 7.4548e+02     107961   4498.333      98.66          6  0.000e+00
    352.457    349.010     5.3558  33.229129     5.3555  33.277630    6.73857    6.96273    34.1876    34.2433     2.6361     2.9680    -0.0193    95.7573 7.4548e+02     107962   4498.375      98.66          6  0.000e+00
    352.464    349.017     5.3556  33.229299     5.3560  33.277727    6.73872    6.96269    34.1879    34.2429     2.6361     2.9680    -0.0193    95.7309 7.4745e+02     107963   4498.417      98.66          6  0.000e+00
    352.457    349.010     5.3558  33.229401     5.3553  33.278180    6.73879    6.95804    34.1879    34.2440     2.6361     2.9668    -0.0193    95.7309 7.4941e+02     107964   4498.458      98.66          6  0.000e+00
    352.464    349.017     5.3558  33.229367     5.3558  33.278147    6.73887    6.96166    34.1878    34.2435     2.6361     2.9680    -0.0193    95.7573 7.4941e+02     107965   4498.500      98.66          6  0.000e+00
    352.410    348.964     5.3558  33.229401     5.3560  33.277662    6.73885    6.96139    34.1879    34.2428     2.6361     2.9680    -0.0193    95.7836 7.5138e+02     107966   4498.542      98.66          6  0.000e+00
    352.410    348.964     5.3558  33.229231     5.3558  33.277565    6.73886    6.96189    34.1877    34.2429     2.6361     2.9680    -0.0193    95.7309 7.5138e+02     107967   4498.583      98.66          6  0.000e+00
    352.417    348.971     5.3558  33.229673     5.3558  33.277727    6.73881    6.96157    34.1882    34.2431     2.6361     2.9680    -0.0193    95.7573 7.5335e+02     107968   4498.625      98.66          6  0.000e+00
    352.457    349.011     5.3556  33.229333     5.3555  33.277598    6.74360    6.95678    34.1879    34.2432     2.6373     2.9668    -0.0193    95.7573 7.5335e+02     107969   4498.667      98.66          6  0.000e+00
    352.370    348.925     5.3558  33.228925     5.3555  33.277339    6.73942    6.95634    34.1874    34.2430     2.6361     2.9668    -0.0193    95.7309 7.5531e+02     107970   4498.708      98.66          6  0.000e+00
    352.411    348.964     5.3555  33.228857     5.3550  33.277468    6.73932    6.95606    34.1876    34.2436     2.6361     2.9668    -0.0193    95.7573 7.5531e+02     107971   4498.750      98.66          6  0.000e+00
    352.411    348.964     5.3555  33.228857     5.3555  33.277565    6.73912    6.95569    34.1876    34.2432     2.6361     2.9668    -0.0193    95.7573 7.5728e+02     107972   4498.792      98.66          6  0.000e+00
    352.417    348.971     5.3553  33.228857     5.3550  33.277339    6.73805    6.95985    34.1877    34.2434     2.6361     2.9680    -0.0193    95.7836 7.5728e+02     107973   4498.833      98.66          6  0.000e+00
    352.364    348.918     5.3555  33.229095     5.3552  33.277662    6.73766    6.96010    34.1879    34.2437     2.6361     2.9680    -0.0193    95.7573 7.5925e+02     107974   4498.875      98.66          6  0.000e+00
    352.418    348.971     5.3554  33.229095     5.3553  33.277209    6.73737    6.95970    34.1879    34.2430     2.6361     2.9680    -0.0193    95.7573 7.5925e+02     107975   4498.917      98.66          6  0.000e+00
    352.364    348.918     5.3556  33.229333     5.3550  33.277403    6.74170    6.95536    34.1880    34.2436     2.6373     2.9668    -0.0193    95.7573 7.6121e+02     107976   4498.958      98.66          6  0.000e+00
    352.411    348.965     5.3555  33.229367     5.3550  33.277565    6.73735    6.95493    34.1882    34.2437     2.6361     2.9668    -0.0193    95.7836 7.6121e+02     107977   4499.000      98.66          6  0.000e+00
    352.371    348.925     5.3555  33.228823     5.3553  33.277533    6.73686    6.95444    34.1876    34.2433     2.6361     2.9668    -0.0193    95.7573 7.6121e+02     107978   4499.042      98.66          6  0.000e+00
    352.411    348.965     5.3555  33.228789     5.3555  33.277727    6.74203    6.95848    34.1875    34.2434     2.6373     2.9680    -0.0193    95.7573 7.6318e+02     107979   4499.083      98.66          6  0.000e+00
    352.418    348.971     5.3556  33.229265     5.3553  33.277403    6.73747    6.95865    34.1879    34.2432     2.6361     2.9680    -0.0266    95.7836 7.6318e+02     107980   4499.125      98.66          6  0.000e+00
    352.364    348.918     5.3555  33.229027     5.3552  33.277662    6.73687    6.95882    34.1878    34.2437     2.6361     2.9680    -0.0266    95.7309 7.6515e+02     107981   4499.167      98.66          6  0.000e+00
    352.411    348.965     5.3556  33.229027     5.3555  33.277824    6.74108    6.95450    34.1876    34.2435     2.6373     2.9668    -0.0266    95.7309 7.6712e+02     107982   4499.208      98.66          6  0.000e+00
    352.418    348.972     5.3555  33.229333     5.3550  33.277598    6.74122    6.95393    34.1881    34.2437     2.6373     2.9668    -0.0266    95.7573 7.6712e+02     107983   4499.250      98.66          6  0.000e+00
