Ship_data/Southern/Southern_Ocean-02_NBP-15-11_2015-12-07/CTD NBP1511/process/nbp1511_010.ros
* Sea-Bird SBE 9 Data File:
* FileName = D:\Data\raw\NBP1511_010.hdr
* Software Version Seasave V 7.21e
* Temperature SN = 5730
* Conductivity SN = 1143
* Number of Bytes Per Scan = 40
* Number of Voltage Words = 5
* Number of Scans Averaged by the Deck Unit = 1
* NMEA Latitude = 54 07.72 S
* NMEA Longitude = 089 33.20 W
* NMEA UTC (Time) = Dec 17 2015  00:39:40
* NMEA baud rate = 9600
** Ship: RVIB N.B. Palmer
** Cruise: NBP1511
** Station: FLMA-2
** Operator: S. Blackman/B.Bjork
# nquan = 20
# nvalues = 784                                   
# units = specified
# name 0 = prDM: Pressure, Digiquartz [db]
# name 1 = depSM: Depth [salt water, m]
# name 2 = t090C: Temperature [ITS-90, deg C]
# name 3 = c0mS/cm: Conductivity [mS/cm]
# name 4 = t190C: Temperature, 2 [ITS-90, deg C]
# name 5 = c1mS/cm: Conductivity, 2 [mS/cm]
# name 6 = sbeox0ML/L: Oxygen, SBE 43 [ml/l]
# name 7 = sbeox1ML/L: Oxygen, SBE 43, 2 [ml/l]
# name 8 = sal00: Salinity, Practical [PSU]
# name 9 = sal11: Salinity, Practical, 2 [PSU]
# name 10 = sbeox0V: Oxygen raw, SBE 43 [V]
# name 11 = sbeox1V: Oxygen raw, SBE 43, 2 [V]
# name 12 = flECO-AFL: Fluorescence, WET Labs ECO-AFL/FL [mg/m^3]
# name 13 = CStarTr0: Beam Transmission, WET Labs C-Star [%]
# name 14 = spar: SPAR/Surface Irradiance
# name 15 = scan: Scan Count
# name 16 = timeS: Time, Elapsed [seconds]
# name 17 = altM: Altimeter [m]
# name 18 = nbf: Bottles Fired
# name 19 = flag:  0.000e+00
# interval = seconds: 0.0416667
# start_time = Dec 17 2015 00:39:40 [NMEA time, header]
# bad_flag = -9.990e-29
*END*
[from data line 580]
    131.507    130.290     5.8053  33.544596     5.8023  33.581825    6.80668    7.06777    34.2022    34.2474     2.7422     3.0963     0.0613    95.7045 1.7703e+01     253452  10560.458      98.66         12  0.000e+00
    131.607    130.389     5.8059  33.545143     5.8024  33.581955    6.80215    7.06794    34.2022    34.2474     2.7410     3.0963     0.0613    95.7309 1.7703e+01     253453  10560.500      98.66         12  0.000e+00
    131.553    130.336     5.8060  33.545074     5.8026  33.581565    6.80592    7.06735    34.2020    34.2468     2.7422     3.0963     0.0613    95.6518 1.7703e+01     253454  10560.542      98.66         12  0.000e+00
    131.507    130.290     5.8060  33.545006     5.8028  33.581630    6.80588    7.07100    34.2019    34.2467     2.7422     3.0975     0.0613    95.6782 1.7703e+01     253455  10560.583      98.66         12  0.000e+00
    131.554    130.336     5.8059  33.544392     5.8025  33.581305    6.81050    7.06751    34.2014    34.2466     2.7434     3.0963     0.0613    95.6782 1.7703e+01     253456  10560.625      98.66         12  0.000e+00
    131.534    130.316     5.8057  33.544016     5.8025  33.581273    6.80584    7.06754    34.2011    34.2466     2.7422     3.0963     0.0613    95.6782 1.7703e+01     253457  10560.667      98.66         12  0.000e+00
    131.507    130.290     5.8049  33.543982     5.8025  33.581403    6.80499    7.06759    34.2019    34.2468     2.7422     3.0963     0.0613    95.6782 1.7703e+01     253458  10560.708      98.66         12  0.000e+00
    131.507    130.290     5.8049  33.543982     5.8020  33.581240    6.80478    7.07180    34.2019    34.2470     2.7422     3.0975     0.0613    95.6782 1.7703e+01     253459  10560.750      98.66         12  0.000e+00
     91.240     90.405     6.2565  33.918731     6.2582  33.959440    6.92441    7.18992    34.1884    34.2323     2.8159     3.1797     0.6327    94.8082 1.7703e+01     255804  10658.458      98.66         13  0.000e+00
     91.240     90.405     6.2566  33.918423     6.2574  33.959179    6.92397    7.18968    34.1880    34.2328     2.8159     3.1797     0.6327    94.7818 1.7703e+01     255805  10658.500      98.66         13  0.000e+00
     91.240     90.405     6.2565  33.917805     6.2571  33.958722    6.92801    7.18945    34.1875    34.2327     2.8171     3.1797     0.6327    94.7818 1.7703e+01     255806  10658.542      98.66         13  0.000e+00
     91.287     90.451     6.2561  33.917565     6.2571  33.958787    6.93274    7.18921    34.1875    34.2327     2.8183     3.1797     0.6327    94.7818 1.7703e+01     255807  10658.583      98.66         13  0.000e+00
     91.293     90.457     6.2558  33.917325     6.2564  33.958232    6.92913    7.18888    34.1876    34.2327     2.8171     3.1797     0.6327    94.7818 1.7703e+01     255808  10658.625      98.66         13  0.000e+00
     91.293     90.457     6.2555  33.916639     6.2556  33.957841    6.92478    7.18851    34.1871    34.2331     2.8159     3.1797     0.6327    94.7818 1.7703e+01     255809  10658.667      98.66         13  0.000e+00
     91.293     90.457     6.2550  33.916571     6.2556  33.957580    6.92859    7.18874    34.1875    34.2328     2.8171     3.1797     0.6327    94.8082 1.7703e+01     255810  10658.708      98.66         13  0.000e+00
     91.340     90.504     6.2543  33.915885     6.2551  33.957514    6.92425    7.18906    34.1875    34.2332     2.8159     3.1797     0.6327    94.7818 1.7703e+01     255811  10658.750      98.66         13  0.000e+00
     91.293     90.457     6.2538  33.914856     6.2546  33.957123    6.92724    7.18924    34.1869    34.2333     2.8171     3.1797     0.6327    94.7818 1.7703e+01     255812  10658.792      98.66         13  0.000e+00
     91.387     90.550     6.2531  33.914925     6.2545  33.956797    6.92723    7.18532    34.1875    34.2330     2.8171     3.1784     0.6327    94.7818 1.7703e+01     255813  10658.833      98.66         13  0.000e+00
     91.340     90.504     6.2530  33.914925     6.2545  33.957319    6.92770    7.18892    34.1877    34.2337     2.8171     3.1797     0.6327    94.7291 1.7703e+01     255814  10658.875      98.66         13  0.000e+00
     91.340     90.504     6.2523  33.914479     6.2543  33.956927    6.92309    7.18908    34.1879    34.2334     2.8159     3.1797     0.6327    94.7291 1.7703e+01     255815  10658.917      98.66         13  0.000e+00
     91.387     90.550     6.2522  33.914445     6.2543  33.956731    6.92215    7.18917    34.1880    34.2331     2.8159     3.1797     0.6327    94.7027 1.7703e+01     255816  10658.958      98.66         13  0.000e+00
     91.340     90.504     6.2520  33.914788     6.2542  33.956339    6.92181    7.18913    34.1885    34.2329     2.8159     3.1797     0.6327    94.7027 1.7703e+01     255817  10659.000      98.66         13  0.000e+00
     91.440     90.602     6.2525  33.915097     6.2535  33.956209    6.92079    7.18911    34.1883    34.2333     2.8159     3.1797     0.6327    94.6500 1.7703e+01     255818  10659.042      98.66         13  0.000e+00
     91.387     90.550     6.2528  33.915748     6.2537  33.956013    6.91962    7.18893    34.1888    34.2330     2.8159     3.1797     0.6327    94.6764 1.7703e+01     255819  10659.083      98.66         13  0.000e+00
     91.387     90.550     6.2533  33.916263     6.2533  33.955132    6.91918    7.18811    34.1889    34.2323     2.8159     3.1797     0.6327    94.6764 1.7703e+01     255820  10659.125      98.66         13  0.000e+00
     91.440     90.602     6.2541  33.916434     6.2524  33.954675    6.91877    7.18374    34.1882    34.2328     2.8159     3.1784     0.6327    94.6764 1.7703e+01     255821  10659.167      98.66         13  0.000e+00
     91.440     90.602     6.2539  33.916469     6.2519  33.954610    6.91843    7.18717    34.1884    34.2332     2.8159     3.1797     0.6327    94.7027 1.7703e+01     255822  10659.208      98.66         13  0.000e+00
     91.487     90.649     6.2542  33.916572     6.2525  33.955198    6.91808    7.18701    34.1882    34.2332     2.8159     3.1797     0.6254    94.6764 1.7703e+01     255823  10659.250      98.66         13  0.000e+00
     91.440     90.602     6.2544  33.917086     6.2532  33.956209    6.92135    7.18673    34.1886    34.2337     2.8171     3.1797     0.6107    94.7027 1.7703e+01     255824  10659.292      98.66         13  0.000e+00
     91.487     90.649     6.2543  33.916846     6.2532  33.956471    6.91653    7.18659    34.1885    34.2339     2.8159     3.1797     0.6034    94.7027 1.7703e+01     255825  10659.333      98.66         13  0.000e+00
     91.440     90.602     6.2547  33.916743     6.2537  33.956275    6.91599    7.18208    34.1879    34.2333     2.8159     3.1784     0.6034    94.7027 1.7703e+01     255826  10659.375      98.66         13  0.000e+00
     91.487     90.649     6.2549  33.916846     6.2533  33.956601    6.91557    7.18541    34.1879    34.2339     2.8159     3.1797     0.6034    94.7291 1.7703e+01     255827  10659.417      98.66         13  0.000e+00
     91.487     90.649     6.2547  33.916949     6.2545  33.956732    6.91959    7.18517    34.1881    34.2329     2.8171     3.1797     0.6034    94.7818 1.7703e+01     255828  10659.458      98.66         13  0.000e+00
     91.533     90.695     6.2547  33.917189     6.2543  33.956928    6.91540    7.18491    34.1884    34.2333     2.8159     3.1797     0.6034    94.8082 1.7703e+01     255829  10659.500      98.66         13  0.000e+00
     91.487     90.649     6.2550  33.917360     6.2542  33.957384    6.91484    7.18515    34.1883    34.2340     2.8159     3.1797     0.6034    94.7818 1.7703e+01     255830  10659.542      98.66         13  0.000e+00
     91.533     90.695     6.2554  33.917498     6.2542  33.957287    6.91436    7.18548    34.1881    34.2338     2.8159     3.1797     0.6034    94.7818 1.7703e+01     255831  10659.583      98.66         13  0.000e+00
     91.533     90.695     6.2554  33.917909     6.2550  33.957221    6.91313    7.18579    34.1885    34.2330     2.8159     3.1797     0.6107    94.7818 1.7703e+01     255832  10659.625      98.66         13  0.000e+00
     91.533     90.695     6.2555  33.917841     6.2543  33.957450    6.91262    7.18612    34.1883    34.2339     2.8159     3.1797     0.6034    94.7027 1.7703e+01     255833  10659.667      98.66         13  0.000e+00
     91.533     90.695     6.2555  33.916709     6.2548  33.957711    6.91218    7.18586    34.1870    34.2337     2.8159     3.1797     0.6034    94.7027 1.7703e+01     255834  10659.708      98.66         13  0.000e+00
     91.586     90.748     6.2549  33.916057     6.2551  33.957189    6.91184    7.18570    34.1869    34.2327     2.8159     3.1797     0.6034    94.6764 1.7703e+01     255835  10659.750      98.66         13  0.000e+00
     91.533     90.695     6.2544  33.915543     6.2545  33.956797    6.91137    7.18119    34.1868    34.2330     2.8159     3.1784     0.6107    94.7291 1.7703e+01     255836  10659.792      98.66         13  0.000e+00
     91.586     90.748     6.2539  33.915097     6.2538  33.955753    6.91100    7.18517    34.1868    34.2324     2.8159     3.1797     0.6034    94.7027 1.7703e+01     255837  10659.833      98.66         13  0.000e+00
     91.586     90.748     6.2531  33.914720     6.2525  33.954806    6.91581    7.18493    34.1872    34.2327     2.8171     3.1797     0.6107    94.7291 1.7703e+01     255838  10659.875      98.66         13  0.000e+00
     91.586     90.748     6.2524  33.914412     6.2521  33.954806    6.91167    7.18466    34.1876    34.2331     2.8159     3.1797     0.6107    94.7554 1.7703e+01     255839  10659.917      98.66         13  0.000e+00
     91.586     90.748     6.2519  33.913863     6.2520  33.954872    6.91126    7.18499    34.1875    34.2332     2.8159     3.1797     0.6034    94.7554 1.7703e+01     255840  10659.958      98.66         13  0.000e+00
     91.586     90.748     6.2515  33.914000     6.2522  33.955067    6.91079    7.18527    34.1880    34.2333     2.8159     3.1796     0.6034    94.7554 1.7703e+01     255841  10660.000      98.66         13  0.000e+00
     91.586     90.748     6.2512  33.914103     6.2520  33.955361    6.91552    7.18488    34.1884    34.2338     2.8171     3.1796     0.6034    94.7818 1.7703e+01     255842  10660.042      98.66         13  0.000e+00
     91.633     90.794     6.2514  33.913692     6.2517  33.954807    6.91204    7.18448    34.1878    34.2335     2.8159     3.1796     0.6034    94.8082 1.7703e+01     255843  10660.083      98.66         13  0.000e+00
     91.586     90.748     6.2519  33.914857     6.2520  33.954806    6.91214    7.18449    34.1886    34.2332     2.8159     3.1796     0.6034    94.7554 1.7703e+01     255844  10660.125      98.66         13  0.000e+00
     91.633     90.794     6.2531  33.915955     6.2516  33.954480    6.91599    7.18449    34.1886    34.2332     2.8171     3.1796     0.6034    94.7291 1.7703e+01     255845  10660.167      98.66         13  0.000e+00
     91.586     90.748     6.2537  33.916606     6.2516  33.954937    6.91162    7.18451    34.1888    34.2338     2.8159     3.1796     0.6034    94.6764 1.7703e+01     255846  10660.208      98.66         13  0.000e+00
     91.633     90.794     6.2541  33.916641     6.2516  33.955166    6.91114    7.18468    34.1884    34.2340     2.8159     3.1796     0.6181    94.6500 1.7703e+01     255847  10660.250      98.66         13  0.000e+00
     91.633     90.794     6.2539  33.916298     6.2517  33.954545    6.91144    7.18425    34.1881    34.2332     2.8159     3.1796     0.6254    94.6500 1.7703e+01     255848  10660.292      98.66         13  0.000e+00
     91.586     90.748     6.2538  33.915989     6.2509  33.954545    6.91099    7.18440    34.1880    34.2340     2.8159     3.1796     0.6327    94.5973 1.7703e+01     255849  10660.333      98.66         13  0.000e+00
     91.633     90.794     6.2531  33.915646     6.2514  33.954611    6.91069    7.18471    34.1882    34.2335     2.8159     3.1796     0.6254    94.6236 1.7703e+01     255850  10660.375      98.66         13  0.000e+00
     91.633     90.794     6.2528  33.915063     6.2519  33.955198    6.91105    7.18428    34.1879    34.2337     2.8159     3.1796     0.6254    94.6500 1.7703e+01     255851  10660.417      98.66         13  0.000e+00
     91.633     90.794     6.2525  33.914686     6.2524  33.956210    6.91143    7.18382    34.1877    34.2344     2.8159     3.1796     0.6254    94.7027 1.7703e+01     255852  10660.458      98.66         13  0.000e+00
     60.178     59.631     6.3993  34.029685     6.4001  34.071274    6.98540    7.27873    34.1846    34.2303     2.8555     3.2290     1.9954    93.2791 1.7703e+01     257724  10738.458      98.66         14  0.000e+00
     60.225     59.678     6.3994  34.029548     6.3994  34.071405    6.99012    7.27477    34.1844    34.2311     2.8567     3.2278     2.0100    93.3318 1.7703e+01     257725  10738.500      98.66         14  0.000e+00
     60.178     59.631     6.3997  34.029650     6.4001  34.071535    6.98582    7.27891    34.1843    34.2306     2.8555     3.2290     2.0027    93.3582 1.7703e+01     257726  10738.542      98.66         14  0.000e+00
     60.225     59.678     6.3996  34.029719     6.4002  34.071666    6.98607    7.27549    34.1844    34.2306     2.8555     3.2278     2.0027    93.3582 1.7703e+01     257727  10738.583      98.66         14  0.000e+00
     60.198     59.651     6.3995  34.029582     6.4004  34.072026    6.98626    7.27900    34.1843    34.2308     2.8555     3.2290     2.0027    93.3582 1.7703e+01     257728  10738.625      98.66         14  0.000e+00
     60.178     59.631     6.3997  34.029857     6.4004  34.071993    6.98641    7.27951    34.1845    34.2308     2.8555     3.2290     1.9954    93.3318 1.7703e+01     257729  10738.667      98.66         14  0.000e+00
     60.225     59.678     6.3996  34.029788     6.4010  34.072287    6.98667    7.28008    34.1844    34.2304     2.8555     3.2290     2.0027    93.3318 1.7703e+01     257730  10738.708      98.66         14  0.000e+00
     60.225     59.678     6.3997  34.029925     6.4010  34.072222    6.99127    7.28052    34.1845    34.2304     2.8567     3.2290     2.0027    93.3582 1.7703e+01     257731  10738.750      98.66         14  0.000e+00
     60.225     59.678     6.3997  34.029822     6.4010  34.071993    6.99141    7.28094    34.1844    34.2301     2.8567     3.2290     2.0027    93.3318 1.7703e+01     257732  10738.792      98.66         14  0.000e+00
     60.178     59.632     6.3998  34.030131     6.4009  34.071895    6.98702    7.28122    34.1847    34.2302     2.8555     3.2290     2.0027    93.2791 1.7703e+01     257733  10738.833      98.66         14  0.000e+00
     60.251     59.704     6.3997  34.030269     6.3997  34.071928    6.98717    7.27747    34.1849    34.2314     2.8555     3.2278     2.0027    93.2527 1.7703e+01     257734  10738.875      98.66         14  0.000e+00
     60.225     59.678     6.3999  34.030475     6.4004  34.071666    6.99161    7.28120    34.1850    34.2304     2.8567     3.2290     2.0027    93.2791 1.7703e+01     257735  10738.917      98.66         14  0.000e+00
     60.225     59.678     6.3998  34.029960     6.4004  34.071470    6.98799    7.28147    34.1845    34.2302     2.8555     3.2290     1.9954    93.2791 1.7703e+01     257736  10738.958      98.66         14  0.000e+00
     60.225     59.678     6.3999  34.029548     6.4002  34.071536    6.99174    7.28166    34.1839    34.2304     2.8567     3.2290     2.0027    93.3318 1.7703e+01     257737  10739.000      98.66         14  0.000e+00
