Cruise Data/Irminger_Sea-01_KN-221_2014-09-07/Ship Data/ctd/process/dkn22104008.cnv
* Sea-Bird SBE 9 Data File:
* FileName = C:\Data\ctd\KN22104008.hdr
* Software Version Seasave V 7.21k
* Temperature SN = 4195
* Conductivity SN = 2147
* Number of Bytes Per Scan = 40
* Number of Voltage Words = 5
* Number of Scans Averaged by the Deck Unit = 1
* NMEA Latitude = 59 14.19 N
* NMEA Longitude = 039 30.13 W
* NMEA UTC (Time) = Sep 16 2014 21:05:14
** KN221-04 Chief Scientist: Bob Weller
** OOI Irminger Sea Sept. 2014
** Station: 008
** Knudsen Depth: 3030
# nquan = 19
# nvalues = 2984                        
# units = specified
# name 0 = prDM: Pressure, Digiquartz [db]
# name 1 = t090C: Temperature [ITS-90, deg C]
# name 2 = t190C: Temperature, 2 [ITS-90, deg C]
# name 3 = c0S/m: Conductivity [S/m]
# name 4 = c1S/m: Conductivity, 2 [S/m]
# name 5 = sbeox0V: Oxygen raw, SBE 43 [V]
# name 6 = flECO-AFL: Fluorescence, WET Labs ECO-AFL/FL [mg/m^3]
# name 7 = CStarAt0: Beam Attenuation, WET Labs C-Star [1/m]
# name 8 = sbeox0ML/L: Oxygen, SBE 43 [ml/l]
# name 9 = depSM: Depth [salt water, m], lat = 59.2365
# name 10 = sal00: Salinity, Practical [PSU]
# name 11 = sal11: Salinity, Practical, 2 [PSU]
# name 12 = svDM: Sound Velocity [Delgrosso, m/s]
# name 13 = sbeox0ML/L: Oxygen, SBE 43 [ml/l], WS = 2
# name 14 = density00: Density [density, Kg/m^3]
# name 15 = density11: Density, 2 [density, Kg/m^3]
# name 16 = dz/dtM: Descent Rate [m/s], WS = 2
# name 17 = oxsatML/L: Oxygen Saturation, Weiss [ml/l]
# name 18 = flag: flag
# span 0 =      3.028,   3035.946       
# span 1 =     1.2916,     7.6000       
# span 2 =     1.2903,     7.6014       
# span 3 =   3.133929,   3.567322       
# span 4 =   3.134085,   3.567623       
# span 5 =     1.4611,     2.1807       
# span 6 =     0.0105,     0.7236       
# span 7 =     0.0738,     0.2496       
# span 8 =    4.63567,    5.12940       
# span 9 =      3.000,   2986.000       
# span 10 =    34.8129,    34.9328      
# span 11 =    34.8159,    34.9363      
# span 12 =    1470.34,    1507.00      
# span 13 =    4.63556,    5.12935      
# span 14 =  1027.2057,  1041.8280      
# span 15 =  1027.2086,  1041.8308      
# span 16 =     -0.044,      1.633      
# span 17 =    6.67625,    7.78318      
# span 18 = 0.0000e+00, 0.0000e+00      
# interval = meters: 1                  
# start_time = Sep 16 2014 21:05:14 [NMEA time, header]
# bad_flag = -9.990e-29
*END*
[from data line 1905]
   1934.955     3.2932     3.2925   3.270098   3.270305     1.5859     0.0470     0.0749    4.66219   1908.000    34.9273    34.9305    1495.14    4.66209  1036.6597  1036.6624      1.154    7.39540 0.0000e+00
   1935.974     3.2925     3.2916   3.270073   3.270263     1.5858     0.0470     0.0749    4.66219   1909.000    34.9273    34.9304    1495.15    4.66209  1036.6644  1036.6670      1.046    7.39554 0.0000e+00
   1936.992     3.2919     3.2911   3.270060   3.270243     1.5858     0.0353     0.0750    4.66292   1910.000    34.9273    34.9302    1495.17    4.66281  1036.6691  1036.6715      0.871    7.39565 0.0000e+00
   1938.011     3.2910     3.2903   3.270014   3.270217     1.5857     0.0322     0.0750    4.66331   1911.000    34.9271    34.9303    1495.18    4.66321  1036.6736  1036.6761      0.913    7.39582 0.0000e+00
   1939.030     3.2894     3.2887   3.269905   3.270116     1.5857     0.0266     0.0749    4.66405   1912.000    34.9270    34.9303    1495.19    4.66394  1036.6783  1036.6810      1.093    7.39611 0.0000e+00
   1940.049     3.2886     3.2878   3.269857   3.270064     1.5855     0.0352     0.0749    4.66396   1913.000    34.9269    34.9301    1495.21    4.66386  1036.6830  1036.6855      1.138    7.39628 0.0000e+00
   1941.068     3.2883     3.2874   3.269875   3.270063     1.5853     0.0353     0.0749    4.66386   1914.000    34.9269    34.9301    1495.22    4.66376  1036.6875  1036.6902      1.055    7.39634 0.0000e+00
   1942.086     3.2870     3.2862   3.269796   3.269987     1.5851     0.0348     0.0749    4.66394   1915.000    34.9268    34.9299    1495.23    4.66383  1036.6923  1036.6948      1.020    7.39657 0.0000e+00
   1943.105     3.2869     3.2861   3.269843   3.270041     1.5849     0.0348     0.0749    4.66360   1916.000    34.9269    34.9302    1495.25    4.66350  1036.6969  1036.6996      1.137    7.39658 0.0000e+00
   1944.124     3.2877     3.2873   3.269975   3.270178     1.5847     0.0464     0.0749    4.66298   1917.000    34.9272    34.9301    1495.27    4.66288  1036.7015  1036.7039      1.231    7.39642 0.0000e+00
   1945.143     3.2899     3.2893   3.270263   3.270456     1.5847     0.0470     0.0749    4.66352   1918.000    34.9278    34.9308    1495.30    4.66342  1036.7063  1036.7087      1.134    7.39598 0.0000e+00
   1946.161     3.2927     3.2924   3.270601   3.270821     1.5846     0.0394     0.0749    4.66336   1919.000    34.9284    34.9314    1495.33    4.66326  1036.7109  1036.7134      0.748    7.39544 0.0000e+00
   1947.180     3.2957     3.2948   3.270957   3.271125     1.5846     0.0430     0.0749    4.66344   1920.000    34.9290    34.9320    1495.36    4.66333  1036.7156  1036.7180      0.682    7.39487 0.0000e+00
   1948.199     3.2969     3.2962   3.271147   3.271344     1.5846     0.0416     0.0754    4.66376   1921.000    34.9294    34.9326    1495.38    4.66366  1036.7203  1036.7229      1.265    7.39461 0.0000e+00
   1949.218     3.2969     3.2963   3.271189   3.271386     1.5842     0.0472     0.0751    4.66278   1922.000    34.9296    34.9325    1495.40    4.66268  1036.7250  1036.7273      1.446    7.39462 0.0000e+00
   1950.237     3.2991     3.2984   3.271498   3.271696     1.5842     0.0357     0.0749    4.66326   1923.000    34.9304    34.9335    1495.42    4.66316  1036.7299  1036.7323      1.405    7.39417 0.0000e+00
   1951.256     3.2982     3.2972   3.271449   3.271645     1.5835     0.0354     0.0749    4.66089   1924.000    34.9303    34.9336    1495.44    4.66079  1036.7345  1036.7372      1.202    7.39434 0.0000e+00
   1952.275     3.2964     3.2956   3.271328   3.271526     1.5836     0.0353     0.0750    4.66215   1925.000    34.9303    34.9335    1495.45    4.66205  1036.7393  1036.7418      0.913    7.39468 0.0000e+00
   1953.293     3.2954     3.2946   3.271275   3.271461     1.5834     0.0352     0.0749    4.66196   1926.000    34.9302    34.9332    1495.46    4.66186  1036.7439  1036.7465      0.854    7.39486 0.0000e+00
   1954.312     3.2974     3.2965   3.271543   3.271727     1.5833     0.0465     0.0751    4.66210   1927.000    34.9307    34.9338    1495.49    4.66199  1036.7487  1036.7512      1.019    7.39446 0.0000e+00
   1955.331     3.2957     3.2949   3.271415   3.271616     1.5832     0.0470     0.0749    4.66252   1928.000    34.9306    34.9337    1495.50    4.66241  1036.7533  1036.7559      1.061    7.39479 0.0000e+00
   1956.350     3.2955     3.2947   3.271446   3.271639     1.5830     0.0366     0.0749    4.66212   1929.000    34.9306    34.9337    1495.51    4.66202  1036.7579  1036.7605      0.988    7.39481 0.0000e+00
   1957.369     3.2953     3.2945   3.271458   3.271670     1.5824     0.0358     0.0749    4.66007   1930.000    34.9305    34.9338    1495.53    4.65997  1036.7625  1036.7651      0.977    7.39487 0.0000e+00
   1958.388     3.2950     3.2943   3.271491   3.271685     1.5826     0.0348     0.0749    4.66183   1931.000    34.9307    34.9338    1495.54    4.66173  1036.7672  1036.7698      1.098    7.39491 0.0000e+00
   1959.406     3.2950     3.2943   3.271521   3.271727     1.5823     0.0251     0.0749    4.66107   1932.000    34.9306    34.9338    1495.56    4.66097  1036.7717  1036.7743      1.204    7.39492 0.0000e+00
   1960.425     3.2952     3.2945   3.271583   3.271783     1.5820     0.0297     0.0749    4.66056   1933.000    34.9306    34.9338    1495.58    4.66046  1036.7762  1036.7788      1.212    7.39488 0.0000e+00
   1961.444     3.2949     3.2942   3.271604   3.271799     1.5813     0.0355     0.0749    4.65789   1934.000    34.9306    34.9338    1495.59    4.65779  1036.7809  1036.7834      1.093    7.39492 0.0000e+00
   1962.463     3.2943     3.2936   3.271590   3.271788     1.5811     0.0360     0.0749    4.65802   1935.000    34.9306    34.9337    1495.61    4.65792  1036.7855  1036.7881      0.843    7.39503 0.0000e+00
   1963.482     3.2923     3.2916   3.271437   3.271639     1.5810     0.0444     0.0749    4.65842   1936.000    34.9304    34.9336    1495.62    4.65831  1036.7902  1036.7927      0.720    7.39541 0.0000e+00
   1964.501     3.2941     3.2933   3.271663   3.271839     1.5810     0.0361     0.0749    4.65885   1937.000    34.9308    34.9337    1495.64    4.65874  1036.7948  1036.7972      1.049    7.39507 0.0000e+00
   1965.520     3.2965     3.2964   3.271976   3.272184     1.5809     0.0472     0.0750    4.65852   1938.000    34.9315    34.9340    1495.67    4.65842  1036.7996  1036.8016      1.353    7.39459 0.0000e+00
   1966.539     3.3006     3.2998   3.272432   3.272610     1.5808     0.0306     0.0749    4.65831   1939.000    34.9321    34.9351    1495.70    4.65821  1036.8041  1036.8065      1.474    7.39381 0.0000e+00
   1967.557     3.3000     3.2992   3.272418   3.272623     1.5810     0.0280     0.0749    4.65963   1940.000    34.9321    34.9353    1495.72    4.65952  1036.8087  1036.8113      1.431    7.39392 0.0000e+00
   1968.576     3.2988     3.2982   3.272355   3.272573     1.5804     0.0479     0.0749    4.65799   1941.000    34.9320    34.9353    1495.73    4.65788  1036.8134  1036.8160      1.237    7.39414 0.0000e+00
   1969.595     3.2972     3.2964   3.272251   3.272449     1.5802     0.0287     0.0749    4.65803   1942.000    34.9321    34.9352    1495.74    4.65793  1036.8182  1036.8208      0.911    7.39444 0.0000e+00
   1970.614     3.2968     3.2961   3.272246   3.272448     1.5801     0.0472     0.0750    4.65830   1943.000    34.9320    34.9351    1495.76    4.65820  1036.8228  1036.8253      0.712    7.39452 0.0000e+00
   1971.633     3.2964     3.2957   3.272265   3.272467     1.5798     0.0407     0.0751    4.65767   1944.000    34.9321    34.9352    1495.77    4.65756  1036.8274  1036.8300      0.842    7.39458 0.0000e+00
   1972.652     3.2961     3.2954   3.272288   3.272485     1.5798     0.0346     0.0749    4.65842   1945.000    34.9322    34.9353    1495.79    4.65831  1036.8322  1036.8347      1.009    7.39463 0.0000e+00
   1973.671     3.2958     3.2950   3.272322   3.272523     1.5797     0.0348     0.0749    4.65836   1946.000    34.9324    34.9356    1495.80    4.65826  1036.8369  1036.8395      1.185    7.39468 0.0000e+00
   1974.690     3.2947     3.2940   3.272273   3.272477     1.5796     0.0291     0.0749    4.65863   1947.000    34.9324    34.9356    1495.82    4.65852  1036.8417  1036.8442      1.337    7.39487 0.0000e+00
   1975.709     3.2932     3.2924   3.272172   3.272386     1.5793     0.0225     0.0749    4.65819   1948.000    34.9324    34.9358    1495.83    4.65809  1036.8464  1036.8491      1.390    7.39516 0.0000e+00
   1976.728     3.2921     3.2914   3.272124   3.272332     1.5786     0.0232     0.0749    4.65615   1949.000    34.9324    34.9357    1495.84    4.65605  1036.8512  1036.8539      1.295    7.39535 0.0000e+00
   1977.747     3.2897     3.2890   3.271929   3.272143     1.5789     0.0332     0.0749    4.65805   1950.000    34.9322    34.9355    1495.85    4.65795  1036.8558  1036.8586      1.002    7.39580 0.0000e+00
   1978.766     3.2880     3.2873   3.271789   3.272001     1.5784     0.0350     0.0749    4.65690   1951.000    34.9318    34.9351    1495.86    4.65680  1036.8605  1036.8630      0.544    7.39614 0.0000e+00
   1979.785     3.2876     3.2869   3.271800   3.271998     1.5776     0.0353     0.0749    4.65422   1952.000    34.9319    34.9351    1495.87    4.65412  1036.8651  1036.8677      1.002    7.39621 0.0000e+00
   1980.804     3.2863     3.2854   3.271729   3.271942     1.5777     0.0463     0.0749    4.65549   1953.000    34.9320    34.9355    1495.88    4.65539  1036.8699  1036.8728      1.379    7.39645 0.0000e+00
   1981.823     3.2828     3.2820   3.271445   3.271652     1.5774     0.0470     0.0752    4.65536   1954.000    34.9317    34.9351    1495.88    4.65525  1036.8749  1036.8776      1.514    7.39710 0.0000e+00
   1982.842     3.2826     3.2818   3.271475   3.271657     1.5774     0.0470     0.0749    4.65600   1955.000    34.9318    34.9348    1495.90    4.65589  1036.8795  1036.8820      1.495    7.39713 0.0000e+00
   1983.861     3.2822     3.2813   3.271458   3.271653     1.5774     0.0470     0.0752    4.65642   1956.000    34.9316    34.9349    1495.91    4.65632  1036.8839  1036.8866      1.326    7.39723 0.0000e+00
   1984.880     3.2814     3.2807   3.271431   3.271630     1.5774     0.0390     0.0749    4.65701   1957.000    34.9316    34.9347    1495.93    4.65690  1036.8885  1036.8911      0.996    7.39736 0.0000e+00
   1985.899     3.2815     3.2808   3.271469   3.271667     1.5772     0.0281     0.0749    4.65690   1958.000    34.9315    34.9346    1495.95    4.65680  1036.8931  1036.8956      0.624    7.39736 0.0000e+00
   1986.918     3.2805     3.2797   3.271431   3.271624     1.5770     0.0425     0.0749    4.65670   1959.000    34.9316    34.9347    1495.96    4.65660  1036.8978  1036.9005      0.885    7.39753 0.0000e+00
   1987.937     3.2799     3.2790   3.271411   3.271596     1.5765     0.0346     0.0749    4.65558   1960.000    34.9315    34.9347    1495.97    4.65548  1036.9025  1036.9052      1.126    7.39765 0.0000e+00
   1988.956     3.2790     3.2781   3.271369   3.271545     1.5766     0.0359     0.0749    4.65651   1961.000    34.9314    34.9345    1495.99    4.65641  1036.9071  1036.9097      1.179    7.39781 0.0000e+00
   1989.975     3.2776     3.2767   3.271264   3.271457     1.5763     0.0365     0.0749    4.65592   1962.000    34.9312    34.9344    1496.00    4.65582  1036.9117  1036.9143      1.144    7.39809 0.0000e+00
   1990.994     3.2766     3.2758   3.271204   3.271411     1.5763     0.0457     0.0749    4.65667   1963.000    34.9310    34.9344    1496.01    4.65657  1036.9163  1036.9191      1.061    7.39828 0.0000e+00
   1992.013     3.2755     3.2741   3.271133   3.271298     1.5763     0.0371     0.0749    4.65747   1964.000    34.9309    34.9343    1496.02    4.65737  1036.9208  1036.9237      0.972    7.39849 0.0000e+00
   1993.032     3.2707     3.2701   3.270719   3.270922     1.5762     0.0456     0.0749    4.65832   1965.000    34.9306    34.9336    1496.02    4.65822  1036.9259  1036.9283      0.973    7.39940 0.0000e+00
   1994.051     3.2727     3.2723   3.270970   3.271192     1.5760     0.0331     0.0749    4.65803   1966.000    34.9310    34.9340    1496.04    4.65792  1036.9304  1036.9329      1.087    7.39901 0.0000e+00
   1995.070     3.2760     3.2753   3.271372   3.271526     1.5760     0.0226     0.0749    4.65793   1967.000    34.9318    34.9343    1496.08    4.65783  1036.9352  1036.9373      1.208    7.39836 0.0000e+00
   1996.089     3.2768     3.2761   3.271495   3.271700     1.5757     0.0332     0.0749    4.65737   1968.000    34.9319    34.9350    1496.10    4.65727  1036.9397  1036.9423      1.258    7.39820 0.0000e+00
   1997.108     3.2770     3.2762   3.271568   3.271750     1.5756     0.0348     0.0750    4.65756   1969.000    34.9320    34.9351    1496.11    4.65745  1036.9443  1036.9469      1.190    7.39816 0.0000e+00
   1998.127     3.2775     3.2769   3.271653   3.271869     1.5753     0.0419     0.0749    4.65684   1970.000    34.9320    34.9352    1496.13    4.65674  1036.9489  1036.9514      0.964    7.39806 0.0000e+00
   1999.146     3.2765     3.2758   3.271600   3.271811     1.5752     0.0392     0.0749    4.65681   1971.000    34.9319    34.9353    1496.15    4.65671  1036.9535  1036.9562      0.749    7.39825 0.0000e+00
   2000.165     3.2746     3.2740   3.271460   3.271675     1.5749     0.0467     0.0749    4.65674   1972.000    34.9318    34.9350    1496.16    4.65663  1036.9583  1036.9608      0.967    7.39861 0.0000e+00
   2001.184     3.2717     3.2709   3.271229   3.271450     1.5747     0.0357     0.0749    4.65655   1973.000    34.9316    34.9351    1496.16    4.65644  1036.9631  1036.9659      1.181    7.39915 0.0000e+00
   2002.203     3.2672     3.2663   3.270845   3.271038     1.5744     0.0461     0.0749    4.65672   1974.000    34.9313    34.9345    1496.16    4.65662  1036.9680  1036.9707      1.215    7.40000 0.0000e+00
   2003.222     3.2660     3.2651   3.270755   3.270956     1.5739     0.0470     0.0749    4.65543   1975.000    34.9311    34.9344    1496.17    4.65532  1036.9727  1036.9753      1.165    7.40024 0.0000e+00
   2004.241     3.2641     3.2631   3.270605   3.270779     1.5738     0.0470     0.0749    4.65579   1976.000    34.9307    34.9339    1496.18    4.65569  1036.9772  1036.9799      1.113    7.40059 0.0000e+00
   2005.260     3.2632     3.2624   3.270557   3.270749     1.5739     0.0417     0.0749    4.65684   1977.000    34.9307    34.9338    1496.19    4.65673  1036.9818  1036.9844      1.050    7.40077 0.0000e+00
   2006.280     3.2621     3.2616   3.270493   3.270734     1.5738     0.0348     0.0750    4.65725   1978.000    34.9306    34.9340    1496.20    4.65714  1036.9865  1036.9893      0.902    7.40098 0.0000e+00
   2007.299     3.2575     3.2568   3.270087   3.270309     1.5737     0.0434     0.0749    4.65805   1979.000    34.9302    34.9335    1496.20    4.65795  1036.9913  1036.9941      0.799    7.40185 0.0000e+00
   2008.318     3.2525     3.2517   3.269638   3.269862     1.5737     0.0472     0.0749    4.65934   1980.000    34.9296    34.9330    1496.19    4.65924  1036.9962  1036.9990      0.989    7.40280 0.0000e+00
   2009.337     3.2498     3.2489   3.269419   3.269617     1.5736     0.0470     0.0749    4.65996   1981.000    34.9294    34.9326    1496.20    4.65986  1037.0010  1037.0037      1.167    7.40332 0.0000e+00
   2010.356     3.2480     3.2473   3.269291   3.269487     1.5734     0.0384     0.0754    4.65997   1982.000    34.9292    34.9323    1496.21    4.65987  1037.0056  1037.0082      1.186    7.40364 0.0000e+00
