Cruise Data/Irminger_Sea-01_KN-221_2014-09-07/Ship Data/ctd/process/dkn22104008.cnv
* Sea-Bird SBE 9 Data File:
* FileName = C:\Data\ctd\KN22104008.hdr
* Software Version Seasave V 7.21k
* Temperature SN = 4195
* Conductivity SN = 2147
* Number of Bytes Per Scan = 40
* Number of Voltage Words = 5
* Number of Scans Averaged by the Deck Unit = 1
* NMEA Latitude = 59 14.19 N
* NMEA Longitude = 039 30.13 W
* NMEA UTC (Time) = Sep 16 2014 21:05:14
** KN221-04 Chief Scientist: Bob Weller
** OOI Irminger Sea Sept. 2014
** Station: 008
** Knudsen Depth: 3030
# nquan = 19
# nvalues = 2984                        
# units = specified
# name 0 = prDM: Pressure, Digiquartz [db]
# name 1 = t090C: Temperature [ITS-90, deg C]
# name 2 = t190C: Temperature, 2 [ITS-90, deg C]
# name 3 = c0S/m: Conductivity [S/m]
# name 4 = c1S/m: Conductivity, 2 [S/m]
# name 5 = sbeox0V: Oxygen raw, SBE 43 [V]
# name 6 = flECO-AFL: Fluorescence, WET Labs ECO-AFL/FL [mg/m^3]
# name 7 = CStarAt0: Beam Attenuation, WET Labs C-Star [1/m]
# name 8 = sbeox0ML/L: Oxygen, SBE 43 [ml/l]
# name 9 = depSM: Depth [salt water, m], lat = 59.2365
# name 10 = sal00: Salinity, Practical [PSU]
# name 11 = sal11: Salinity, Practical, 2 [PSU]
# name 12 = svDM: Sound Velocity [Delgrosso, m/s]
# name 13 = sbeox0ML/L: Oxygen, SBE 43 [ml/l], WS = 2
# name 14 = density00: Density [density, Kg/m^3]
# name 15 = density11: Density, 2 [density, Kg/m^3]
# name 16 = dz/dtM: Descent Rate [m/s], WS = 2
# name 17 = oxsatML/L: Oxygen Saturation, Weiss [ml/l]
# name 18 = flag: flag
# span 0 =      3.028,   3035.946       
# span 1 =     1.2916,     7.6000       
# span 2 =     1.2903,     7.6014       
# span 3 =   3.133929,   3.567322       
# span 4 =   3.134085,   3.567623       
# span 5 =     1.4611,     2.1807       
# span 6 =     0.0105,     0.7236       
# span 7 =     0.0738,     0.2496       
# span 8 =    4.63567,    5.12940       
# span 9 =      3.000,   2986.000       
# span 10 =    34.8129,    34.9328      
# span 11 =    34.8159,    34.9363      
# span 12 =    1470.34,    1507.00      
# span 13 =    4.63556,    5.12935      
# span 14 =  1027.2057,  1041.8280      
# span 15 =  1027.2086,  1041.8308      
# span 16 =     -0.044,      1.633      
# span 17 =    6.67625,    7.78318      
# span 18 = 0.0000e+00, 0.0000e+00      
# interval = meters: 1                  
# start_time = Sep 16 2014 21:05:14 [NMEA time, header]
# bad_flag = -9.990e-29
*END*
[from data line 305]
    311.147     3.9760     3.9755   3.258395   3.258543     1.9772     0.0406     0.0801    5.03751    308.000    34.8920    34.8944    1471.31    5.03738  1029.1472  1029.1492      1.115    7.27317 0.0000e+00
    312.158     3.9763     3.9752   3.258481   3.258527     1.9770     0.0399     0.0800    5.03740    309.000    34.8923    34.8940    1471.33    5.03727  1029.1521  1029.1536      1.087    7.27312 0.0000e+00
    313.169     3.9738     3.9726   3.258281   3.258375     1.9771     0.0396     0.0797    5.03857    310.000    34.8920    34.8943    1471.33    5.03844  1029.1569  1029.1588      1.012    7.27358 0.0000e+00
    314.180     3.9682     3.9669   3.257792   3.257861     1.9771     0.0402     0.0796    5.04000    311.000    34.8916    34.8938    1471.32    5.03988  1029.1617  1029.1637      0.933    7.27459 0.0000e+00
    315.191     3.9664     3.9655   3.257662   3.257734     1.9769     0.0409     0.0796    5.04045    312.000    34.8914    34.8932    1471.33    5.04032  1029.1665  1029.1681      0.912    7.27492 0.0000e+00
    316.202     3.9674     3.9663   3.257818   3.257861     1.9769     0.0330     0.0800    5.04091    313.000    34.8917    34.8934    1471.35    5.04078  1029.1713  1029.1729      1.026    7.27474 0.0000e+00
    317.213     3.9683     3.9672   3.257971   3.258015     1.9765     0.0289     0.0794    5.03995    314.000    34.8919    34.8937    1471.37    5.03983  1029.1761  1029.1776      1.150    7.27456 0.0000e+00
    318.224     3.9703     3.9690   3.258236   3.258245     1.9764     0.0343     0.0792    5.04018    315.000    34.8924    34.8940    1471.40    5.04006  1029.1809  1029.1824      1.158    7.27418 0.0000e+00
    319.235     3.9716     3.9705   3.258410   3.258457     1.9762     0.0188     0.0794    5.03989    316.000    34.8926    34.8944    1471.42    5.03976  1029.1857  1029.1871      1.028    7.27394 0.0000e+00
    320.246     3.9716     3.9705   3.258463   3.258512     1.9760     0.0386     0.0794    5.03998    317.000    34.8927    34.8944    1471.44    5.03985  1029.1903  1029.1919      0.867    7.27394 0.0000e+00
    321.257     3.9716     3.9705   3.258511   3.258564     1.9758     0.0321     0.0792    5.03987    318.000    34.8927    34.8945    1471.45    5.03974  1029.1949  1029.1967      0.847    7.27393 0.0000e+00
    322.268     3.9713     3.9702   3.258519   3.258583     1.9758     0.0388     0.0805    5.04040    319.000    34.8926    34.8945    1471.47    5.04027  1029.1997  1029.2013      1.015    7.27399 0.0000e+00
    323.279     3.9706     3.9694   3.258510   3.258574     1.9755     0.0316     0.0791    5.04040    320.000    34.8927    34.8947    1471.48    5.04027  1029.2045  1029.2062      1.228    7.27411 0.0000e+00
    324.290     3.9697     3.9686   3.258464   3.258538     1.9755     0.0231     0.0792    5.04106    321.000    34.8925    34.8946    1471.50    5.04093  1029.2091  1029.2109      1.347    7.27428 0.0000e+00
    325.301     3.9674     3.9662   3.258300   3.258381     1.9752     0.0407     0.0792    5.04084    322.000    34.8925    34.8947    1471.50    5.04072  1029.2140  1029.2159      1.289    7.27469 0.0000e+00
    326.312     3.9622     3.9611   3.257861   3.257946     1.9750     0.0172     0.0794    5.04170    323.000    34.8922    34.8944    1471.50    5.04158  1029.2191  1029.2209      1.032    7.27564 0.0000e+00
    327.323     3.9596     3.9585   3.257640   3.257706     1.9747     0.0365     0.0790    5.04187    324.000    34.8919    34.8938    1471.50    5.04174  1029.2239  1029.2255      0.680    7.27613 0.0000e+00
    328.334     3.9589     3.9577   3.257615   3.257672     1.9746     0.0348     0.0789    5.04199    325.000    34.8918    34.8937    1471.51    5.04186  1029.2285  1029.2301      0.809    7.27626 0.0000e+00
    329.345     3.9579     3.9568   3.257566   3.257642     1.9747     0.0235     0.0788    5.04309    326.000    34.8917    34.8938    1471.53    5.04296  1029.2332  1029.2350      1.087    7.27644 0.0000e+00
    330.356     3.9567     3.9553   3.257503   3.257552     1.9747     0.0295     0.0783    5.04391    327.000    34.8917    34.8937    1471.54    5.04379  1029.2379  1029.2397      1.200    7.27665 0.0000e+00
    331.367     3.9538     3.9524   3.257270   3.257327     1.9747     0.0383     0.0790    5.04518    328.000    34.8915    34.8936    1471.54    5.04506  1029.2428  1029.2448      1.213    7.27718 0.0000e+00
    332.378     3.9529     3.9518   3.257220   3.257316     1.9747     0.0229     0.0786    5.04599    329.000    34.8913    34.8935    1471.55    5.04586  1029.2474  1029.2494      1.182    7.27735 0.0000e+00
    333.389     3.9524     3.9515   3.257224   3.257302     1.9748     0.0226     0.0791    5.04686    330.000    34.8913    34.8932    1471.57    5.04673  1029.2522  1029.2538      1.033    7.27744 0.0000e+00
    334.400     3.9523     3.9512   3.257247   3.257316     1.9751     0.0268     0.0792    5.04879    331.000    34.8912    34.8931    1471.58    5.04866  1029.2568  1029.2584      0.769    7.27747 0.0000e+00
    335.411     3.9519     3.9508   3.257251   3.257318     1.9749     0.0426     0.0788    5.04872    332.000    34.8911    34.8931    1471.60    5.04859  1029.2615  1029.2632      0.805    7.27754 0.0000e+00
    336.422     3.9508     3.9497   3.257199   3.257270     1.9752     0.0386     0.0786    5.05050    333.000    34.8911    34.8931    1471.61    5.05037  1029.2662  1029.2679      1.119    7.27774 0.0000e+00
    337.434     3.9507     3.9496   3.257247   3.257304     1.9750     0.0361     0.0790    5.05069    334.000    34.8912    34.8931    1471.63    5.05056  1029.2711  1029.2727      1.227    7.27775 0.0000e+00
    338.445     3.9505     3.9494   3.257262   3.257334     1.9752     0.0232     0.0789    5.05190    335.000    34.8910    34.8931    1471.64    5.05177  1029.2756  1029.2773      1.156    7.27779 0.0000e+00
    339.456     3.9485     3.9472   3.257132   3.257201     1.9748     0.0251     0.0791    5.05164    336.000    34.8911    34.8933    1471.65    5.05151  1029.2805  1029.2825      1.024    7.27815 0.0000e+00
    340.467     3.9455     3.9444   3.256914   3.256971     1.9747     0.0394     0.0788    5.05214    337.000    34.8912    34.8930    1471.65    5.05202  1029.2856  1029.2872      0.957    7.27868 0.0000e+00
    341.478     3.9429     3.9417   3.256723   3.256804     1.9746     0.0209     0.0783    5.05300    338.000    34.8911    34.8934    1471.66    5.05287  1029.2905  1029.2925      0.930    7.27915 0.0000e+00
    342.489     3.9421     3.9409   3.256699   3.256753     1.9740     0.0134     0.0782    5.05161    339.000    34.8911    34.8930    1471.67    5.05148  1029.2953  1029.2969      0.946    7.27929 0.0000e+00
    343.500     3.9421     3.9410   3.256739   3.256802     1.9735     0.0298     0.0781    5.05072    340.000    34.8910    34.8930    1471.69    5.05060  1029.2999  1029.3016      1.018    7.27929 0.0000e+00
    344.511     3.9429     3.9418   3.256869   3.256920     1.9735     0.0424     0.0781    5.05099    341.000    34.8912    34.8930    1471.71    5.05086  1029.3046  1029.3062      1.069    7.27914 0.0000e+00
    345.523     3.9440     3.9430   3.257060   3.257133     1.9735     0.0265     0.0783    5.05149    342.000    34.8918    34.8937    1471.73    5.05137  1029.3097  1029.3113      1.050    7.27892 0.0000e+00
    346.534     3.9425     3.9415   3.256971   3.257046     1.9732     0.0370     0.0781    5.05152    343.000    34.8917    34.8938    1471.74    5.05139  1029.3145  1029.3162      1.000    7.27919 0.0000e+00
    347.545     3.9418     3.9407   3.256950   3.257014     1.9730     0.0349     0.0783    5.05147    344.000    34.8917    34.8937    1471.75    5.05135  1029.3192  1029.3209      0.963    7.27931 0.0000e+00
    348.556     3.9422     3.9412   3.257042   3.257112     1.9718     0.0260     0.0781    5.04821    345.000    34.8918    34.8938    1471.77    5.04808  1029.3240  1029.3256      0.933    7.27924 0.0000e+00
    349.567     3.9407     3.9396   3.256935   3.257011     1.9713     0.0389     0.0781    5.04705    346.000    34.8916    34.8937    1471.78    5.04692  1029.3286  1029.3303      0.936    7.27951 0.0000e+00
    350.578     3.9398     3.9385   3.256893   3.256960     1.9711     0.0389     0.0781    5.04720    347.000    34.8916    34.8937    1471.79    5.04707  1029.3334  1029.3352      1.042    7.27969 0.0000e+00
    351.590     3.9390     3.9378   3.256863   3.256921     1.9710     0.0395     0.0781    5.04783    348.000    34.8915    34.8934    1471.81    5.04770  1029.3380  1029.3397      1.174    7.27984 0.0000e+00
    352.601     3.9389     3.9378   3.256888   3.256976     1.9709     0.0361     0.0781    5.04810    349.000    34.8914    34.8936    1471.82    5.04798  1029.3427  1029.3445      1.202    7.27986 0.0000e+00
    353.612     3.9383     3.9373   3.256886   3.256966     1.9708     0.0125     0.0781    5.04852    350.000    34.8914    34.8934    1471.84    5.04839  1029.3474  1029.3491      1.109    7.27996 0.0000e+00
    354.623     3.9383     3.9371   3.256931   3.256998     1.9703     0.0342     0.0783    5.04746    351.000    34.8914    34.8934    1471.85    5.04733  1029.3521  1029.3538      0.952    7.27996 0.0000e+00
    355.634     3.9392     3.9384   3.257069   3.257158     1.9699     0.0247     0.0782    5.04657    352.000    34.8915    34.8935    1471.87    5.04645  1029.3567  1029.3584      0.873    7.27979 0.0000e+00
    356.645     3.9400     3.9388   3.257197   3.257248     1.9698     0.0407     0.0784    5.04668    353.000    34.8917    34.8935    1471.89    5.04655  1029.3615  1029.3630      0.934    7.27964 0.0000e+00
    357.657     3.9408     3.9397   3.257326   3.257389     1.9698     0.0468     0.0781    5.04741    354.000    34.8918    34.8938    1471.91    5.04728  1029.3661  1029.3678      1.004    7.27948 0.0000e+00
    358.668     3.9408     3.9398   3.257368   3.257451     1.9697     0.0377     0.0781    5.04768    355.000    34.8918    34.8938    1471.93    5.04755  1029.3707  1029.3726      1.050    7.27949 0.0000e+00
    359.679     3.9415     3.9404   3.257493   3.257548     1.9690     0.0364     0.0787    5.04586    356.000    34.8919    34.8938    1471.95    5.04573  1029.3755  1029.3771      1.056    7.27936 0.0000e+00
    360.690     3.9416     3.9406   3.257550   3.257627     1.9687     0.0375     0.0790    5.04534    357.000    34.8920    34.8940    1471.97    5.04521  1029.3802  1029.3820      1.028    7.27934 0.0000e+00
    361.701     3.9419     3.9408   3.257624   3.257698     1.9687     0.0368     0.0784    5.04607    358.000    34.8920    34.8940    1471.98    5.04594  1029.3849  1029.3866      0.959    7.27928 0.0000e+00
    362.713     3.9418     3.9407   3.257658   3.257734     1.9685     0.0370     0.0784    5.04597    359.000    34.8920    34.8940    1472.00    5.04584  1029.3895  1029.3912      0.907    7.27930 0.0000e+00
    363.724     3.9401     3.9389   3.257545   3.257609     1.9679     0.0358     0.0782    5.04498    360.000    34.8919    34.8939    1472.01    5.04486  1029.3944  1029.3961      0.979    7.27962 0.0000e+00
    364.735     3.9386     3.9376   3.257442   3.257555     1.9674     0.0379     0.0781    5.04398    361.000    34.8918    34.8942    1472.02    5.04385  1029.3990  1029.4011      1.162    7.27989 0.0000e+00
    365.746     3.9381     3.9367   3.257480   3.257460     1.9674     0.0374     0.0782    5.04472    362.000    34.8922    34.8934    1472.03    5.04460  1029.4042  1029.4053      1.269    7.27996 0.0000e+00
    366.758     3.9451     3.9436   3.258228   3.258157     1.9673     0.0377     0.0782    5.04422    363.000    34.8930    34.8938    1472.08    5.04410  1029.4087  1029.4095      1.186    7.27865 0.0000e+00
    367.769     3.9568     3.9560   3.259451   3.259494     1.9673     0.0291     0.0781    5.04329    364.000    34.8946    34.8961    1472.15    5.04317  1029.4133  1029.4146      0.920    7.27648 0.0000e+00
    368.780     3.9600     3.9588   3.259831   3.259885     1.9671     0.0354     0.0781    5.04273    365.000    34.8952    34.8971    1472.18    5.04260  1029.4181  1029.4198      0.756    7.27588 0.0000e+00
    369.791     3.9641     3.9631   3.260296   3.260345     1.9665     0.0368     0.0784    5.04078    366.000    34.8959    34.8974    1472.21    5.04065  1029.4229  1029.4242      0.900    7.27513 0.0000e+00
    370.803     3.9657     3.9648   3.260525   3.260624     1.9657     0.0333     0.0784    5.03851    367.000    34.8963    34.8985    1472.24    5.03838  1029.4276  1029.4294      0.971    7.27481 0.0000e+00
    371.814     3.9654     3.9642   3.260540   3.260619     1.9649     0.0222     0.0786    5.03624    368.000    34.8963    34.8985    1472.25    5.03612  1029.4324  1029.4342      0.955    7.27487 0.0000e+00
    372.825     3.9648     3.9638   3.260545   3.260633     1.9639     0.0278     0.0784    5.03371    369.000    34.8965    34.8986    1472.27    5.03359  1029.4373  1029.4391      1.055    7.27497 0.0000e+00
    373.836     3.9634     3.9626   3.260470   3.260574     1.9636     0.0396     0.0783    5.03347    370.000    34.8965    34.8986    1472.28    5.03334  1029.4420  1029.4438      1.201    7.27522 0.0000e+00
    374.848     3.9586     3.9582   3.260036   3.260237     1.9628     0.0372     0.0790    5.03207    371.000    34.8959    34.8987    1472.27    5.03195  1029.4469  1029.4491      1.236    7.27611 0.0000e+00
    375.859     3.9570     3.9565   3.259914   3.260058     1.9616     0.0456     0.0785    5.02868    372.000    34.8956    34.8979    1472.28    5.02855  1029.4515  1029.4532      1.111    7.27641 0.0000e+00
    376.870     3.9527     3.9519   3.259531   3.259686     1.9607     0.0272     0.0782    5.02698    373.000    34.8951    34.8978    1472.28    5.02686  1029.4563  1029.4585      0.897    7.27721 0.0000e+00
    377.882     3.9423     3.9402   3.258556   3.258669     1.9596     0.0353     0.0787    5.02516    374.000    34.8940    34.8975    1472.25    5.02503  1029.4612  1029.4642      0.849    7.27912 0.0000e+00
    378.893     3.9167     3.9146   3.256124   3.256184     1.9588     0.0246     0.0785    5.02671    375.000    34.8918    34.8947    1472.16    5.02659  1029.4669  1029.4696      1.005    7.28381 0.0000e+00
    379.904     3.9100     3.9088   3.255485   3.255586     1.9581     0.0361     0.0786    5.02587    376.000    34.8908    34.8932    1472.14    5.02574  1029.4717  1029.4736      1.097    7.28507 0.0000e+00
    380.916     3.9015     3.9003   3.254680   3.254782     1.9577     0.0225     0.0782    5.02649    377.000    34.8897    34.8922    1472.12    5.02637  1029.4764  1029.4785      1.074    7.28665 0.0000e+00
    381.927     3.9002     3.8995   3.254583   3.254689     1.9581     0.0369     0.0780    5.02857    378.000    34.8894    34.8913    1472.13    5.02845  1029.4810  1029.4825      1.020    7.28689 0.0000e+00
    382.938     3.8981     3.8974   3.254410   3.254540     1.9584     0.0242     0.0781    5.03057    379.000    34.8890    34.8912    1472.14    5.03045  1029.4855  1029.4874      1.024    7.28728 0.0000e+00
    383.950     3.8970     3.8955   3.254333   3.254356     1.9589     0.0226     0.0782    5.03327    380.000    34.8886    34.8905    1472.15    5.03314  1029.4901  1029.4918      0.976    7.28749 0.0000e+00
    384.961     3.9004     3.8994   3.254712   3.254766     1.9592     0.0258     0.0785    5.03432    381.000    34.8890    34.8908    1472.18    5.03419  1029.4946  1029.4962      0.863    7.28686 0.0000e+00
    385.972     3.8986     3.8973   3.254575   3.254633     1.9598     0.0419     0.0798    5.03736    382.000    34.8887    34.8909    1472.19    5.03723  1029.4994  1029.5012      0.920    7.28720 0.0000e+00
