Cruise Data/Irminger_Sea-01_KN-221_2014-09-07/Ship Data/ctd/process/dkn22104002.cnv
* Sea-Bird SBE 9 Data File:
* FileName = C:\Data\ctd\KN22104002.hdr
* Software Version Seasave V 7.21k
* Temperature SN = 4195
* Conductivity SN = 2147
* Number of Bytes Per Scan = 40
* Number of Voltage Words = 5
* Number of Scans Averaged by the Deck Unit = 1
* NMEA Latitude = 61 59.72 N
* NMEA Longitude = 031 52.35 W
* NMEA UTC (Time) = Sep 08 2014 14:44:00
** KN221-04 Chief Scientist: Bob Weller
** OOI Irminger Sea Sept. 2014
** Station: 002
** Knudsen Depth: 2698
# nquan = 19
# nvalues = 984                         
# units = specified
# name 0 = prDM: Pressure, Digiquartz [db]
# name 1 = t090C: Temperature [ITS-90, deg C]
# name 2 = t190C: Temperature, 2 [ITS-90, deg C]
# name 3 = c0S/m: Conductivity [S/m]
# name 4 = c1S/m: Conductivity, 2 [S/m]
# name 5 = sbeox0V: Oxygen raw, SBE 43 [V]
# name 6 = flECO-AFL: Fluorescence, WET Labs ECO-AFL/FL [mg/m^3]
# name 7 = CStarAt0: Beam Attenuation, WET Labs C-Star [1/m]
# name 8 = sbeox0ML/L: Oxygen, SBE 43 [ml/l]
# name 9 = depSM: Depth [salt water, m], lat = 61.9953
# name 10 = sal00: Salinity, Practical [PSU]
# name 11 = sal11: Salinity, Practical, 2 [PSU]
# name 12 = svDM: Sound Velocity [Delgrosso, m/s]
# name 13 = sbeox0ML/L: Oxygen, SBE 43 [ml/l], WS = 2
# name 14 = density00: Density [density, Kg/m^3]
# name 15 = density11: Density, 2 [density, Kg/m^3]
# name 16 = dz/dtM: Descent Rate [m/s], WS = 2
# name 17 = oxsatML/L: Oxygen Saturation, Weiss [ml/l]
# name 18 = flag: flag
# span 0 =     12.116,   1007.064       
# span 1 =     3.8009,    10.9757       
# span 2 =     3.8003,    10.9705       
# span 3 =   3.271708,   3.892941       
# span 4 =   3.271844,   3.892964       
# span 5 =     1.8034,     2.2267       
# span 6 =     0.0075,     1.5920       
# span 7 =     0.0843,     0.4682       
# span 8 =    4.41040,    5.01940       
# span 9 =     12.000,    995.000       
# span 10 =    34.8867,    35.1113      
# span 11 =    34.8890,    35.1144      
# span 12 =    1476.72,    1493.41      
# span 13 =    4.41026,    5.01927      
# span 14 =  1026.7671,  1032.3623      
# span 15 =  1026.7716,  1032.3646      
# span 16 =     -0.234,      1.824      
# span 17 =    6.18898,    7.30487      
# span 18 = 0.0000e+00, 0.0000e+00      
# interval = meters: 1                  
# start_time = Sep 08 2014 14:44:00 [NMEA time, header]
# bad_flag = -9.990e-29
*END*
[from data line 381]
    397.184     5.2446     5.2425   3.386208   3.386435     1.8229     0.0263     0.0899    4.41040    393.000    35.0045    35.0093    1478.07    4.41026  1029.4796  1029.4838      1.148    7.04720 0.0000e+00
    398.195     5.2163     5.2148   3.383478   3.383551     1.8225     0.0390     0.0898    4.41288    394.000    35.0021    35.0045    1477.96    4.41274  1029.4861  1029.4882      0.604    7.05210 0.0000e+00
    399.207     5.2001     5.1978   3.381893   3.381945     1.8249     0.0205     0.0897    4.42348    395.000    35.0002    35.0033    1477.91    4.42333  1029.4913  1029.4940      0.645    7.05492 0.0000e+00
    400.219     5.1818     5.1806   3.380154   3.380272     1.8273     0.0334     0.0899    4.43403    396.000    34.9988    35.0014    1477.85    4.43389  1029.4972  1029.4994      1.141    7.05809 0.0000e+00
    401.230     5.1730     5.1709   3.379336   3.379366     1.8286     0.0264     0.0896    4.43996    397.000    34.9980    35.0006    1477.83    4.43982  1029.5024  1029.5046      1.366    7.05962 0.0000e+00
    402.242     5.1691     5.1680   3.379002   3.379072     1.8291     0.0435     0.0901    4.44286    398.000    34.9977    34.9997    1477.83    4.44272  1029.5072  1029.5090      1.421    7.06029 0.0000e+00
    403.254     5.1681     5.1670   3.378949   3.379013     1.8302     0.0178     0.0901    4.44710    399.000    34.9977    34.9996    1477.85    4.44696  1029.5120  1029.5137      1.347    7.06047 0.0000e+00
    404.265     5.1659     5.1649   3.378768   3.378844     1.8314     0.0269     0.0901    4.45219    400.000    34.9974    34.9993    1477.85    4.45205  1029.5167  1029.5183      1.168    7.06086 0.0000e+00
    405.277     5.1631     5.1621   3.378515   3.378610     1.8327     0.0316     0.0901    4.45721    401.000    34.9969    34.9990    1477.86    4.45707  1029.5214  1029.5231      0.896    7.06136 0.0000e+00
    406.289     5.1614     5.1604   3.378386   3.378460     1.8334     0.0139     0.0901    4.46038    402.000    34.9966    34.9986    1477.87    4.46024  1029.5260  1029.5276      0.725    7.06166 0.0000e+00
    407.300     5.1592     5.1580   3.378286   3.378353     1.8343     0.0102     0.0900    4.46424    403.000    34.9972    34.9992    1477.87    4.46410  1029.5314  1029.5331      0.863    7.06200 0.0000e+00
    408.312     5.1515     5.1499   3.377656   3.377730     1.8349     0.0104     0.0893    4.46785    404.000    34.9975    35.0000    1477.86    4.46771  1029.5372  1029.5394      1.113    7.06330 0.0000e+00
    409.324     5.1256     5.1252   3.375115   3.375513     1.8352     0.0104     0.0894    4.47234    405.000    34.9948    34.9998    1477.77    4.47220  1029.5430  1029.5470      1.252    7.06783 0.0000e+00
    410.335     5.1134     5.1121   3.373984   3.374109     1.8350     0.0341     0.0896    4.47372    406.000    34.9939    34.9967    1477.73    4.47358  1029.5486  1029.5509      1.261    7.06994 0.0000e+00
    411.347     5.0965     5.0945   3.372354   3.372450     1.8342     0.0391     0.0899    4.47368    407.000    34.9922    34.9955    1477.68    4.47353  1029.5540  1029.5569      1.157    7.07289 0.0000e+00
    412.359     5.0778     5.0760   3.370544   3.370622     1.8341     0.0372     0.0897    4.47612    408.000    34.9904    34.9932    1477.62    4.47598  1029.5596  1029.5620      0.963    7.07616 0.0000e+00
    413.370     5.0663     5.0657   3.369405   3.369608     1.8345     0.0281     0.0909    4.47947    409.000    34.9888    34.9918    1477.58    4.47933  1029.5645  1029.5669      0.757    7.07820 0.0000e+00
    414.382     5.0538     5.0516   3.368186   3.368157     1.8365     0.0229     0.0895    4.48818    410.000    34.9873    34.9892    1477.55    4.48804  1029.5695  1029.5713      0.745    7.08040 0.0000e+00
    415.394     5.0435     5.0391   3.367166   3.366971     1.8373     0.0311     0.0898    4.49262    411.000    34.9857    34.9881    1477.52    4.49248  1029.5742  1029.5767      0.938    7.08223 0.0000e+00
    416.405     5.0334     5.0322   3.366185   3.366282     1.8379     0.0474     0.0894    4.49640    412.000    34.9844    34.9868    1477.49    4.49626  1029.5791  1029.5811      1.230    7.08402 0.0000e+00
    417.417     5.0292     5.0280   3.365807   3.365910     1.8384     0.0419     0.0896    4.49921    413.000    34.9840    34.9863    1477.49    4.49907  1029.5839  1029.5859      1.431    7.08476 0.0000e+00
    418.429     5.0259     5.0250   3.365524   3.365618     1.8390     0.0280     0.0892    4.50233    414.000    34.9836    34.9857    1477.50    4.50219  1029.5886  1029.5905      1.474    7.08534 0.0000e+00
    419.441     5.0246     5.0238   3.365446   3.365534     1.8403     0.0320     0.0896    4.50723    415.000    34.9836    34.9854    1477.51    4.50709  1029.5935  1029.5950      1.330    7.08557 0.0000e+00
    420.452     5.0213     5.0199   3.365161   3.365241     1.8416     0.0437     0.0894    4.51290    416.000    34.9832    34.9856    1477.51    4.51276  1029.5983  1029.6002      0.968    7.08615 0.0000e+00
    421.464     5.0218     5.0216   3.365280   3.365391     1.8433     0.0291     0.0892    4.51908    417.000    34.9835    34.9850    1477.53    4.51894  1029.6030  1029.6042      0.655    7.08604 0.0000e+00
    422.476     5.0333     5.0326   3.366554   3.366584     1.8452     0.0237     0.0894    4.52454    418.000    34.9856    34.9867    1477.59    4.52440  1029.6079  1029.6089      0.877    7.08397 0.0000e+00
    423.487     5.0468     5.0464   3.368060   3.368097     1.8463     0.0381     0.0892    4.52712    419.000    34.9884    34.9893    1477.67    4.52698  1029.6130  1029.6138      1.080    7.08154 0.0000e+00
    424.499     5.0544     5.0534   3.368934   3.368999     1.8469     0.0383     0.0892    4.52884    420.000    34.9900    34.9918    1477.72    4.52870  1029.6180  1029.6195      1.118    7.08017 0.0000e+00
    425.511     5.0545     5.0537   3.369020   3.369133     1.8473     0.0385     0.0891    4.53070    421.000    34.9904    34.9925    1477.74    4.53055  1029.6229  1029.6246      1.072    7.08014 0.0000e+00
    426.523     5.0585     5.0574   3.369540   3.369544     1.8469     0.0260     0.0890    4.52936    422.000    34.9917    34.9928    1477.77    4.52922  1029.6281  1029.6292      1.059    7.07939 0.0000e+00
    427.534     5.0609     5.0599   3.369864   3.369977     1.8463     0.0242     0.0894    4.52761    423.000    34.9924    34.9947    1477.80    4.52746  1029.6329  1029.6349      1.070    7.07895 0.0000e+00
    428.546     5.0588     5.0575   3.369724   3.369793     1.8451     0.0226     0.0904    4.52444    424.000    34.9924    34.9946    1477.81    4.52430  1029.6379  1029.6398      1.021    7.07931 0.0000e+00
    429.558     5.0475     5.0475   3.368633   3.368928     1.8437     0.0396     0.0894    4.52183    425.000    34.9912    34.9946    1477.77    4.52169  1029.6429  1029.6456      0.972    7.08130 0.0000e+00
    430.570     5.0303     5.0274   3.366946   3.366946     1.8424     0.0315     0.0890    4.52002    426.000    34.9891    34.9922    1477.72    4.51988  1029.6482  1029.6510      1.010    7.08433 0.0000e+00
    431.582     5.0116     5.0081   3.365081   3.365151     1.8409     0.0348     0.0898    4.51776    427.000    34.9867    34.9911    1477.65    4.51762  1029.6533  1029.6572      0.980    7.08764 0.0000e+00
    432.593     4.9704     4.9688   3.361016   3.361209     1.8399     0.0374     0.0897    4.51999    428.000    34.9823    34.9861    1477.50    4.51985  1029.6597  1029.6628      0.862    7.09490 0.0000e+00
    433.605     4.9570     4.9556   3.359677   3.359728     1.8393     0.0365     0.0895    4.52035    429.000    34.9802    34.9822    1477.46    4.52021  1029.6644  1029.6661      0.890    7.09728 0.0000e+00
    434.617     4.9553     4.9538   3.359515   3.359578     1.8405     0.0229     0.0896    4.52510    430.000    34.9797    34.9819    1477.47    4.52496  1029.6688  1029.6708      1.075    7.09760 0.0000e+00
    435.629     4.9506     4.9498   3.359091   3.359178     1.8421     0.0118     0.0900    4.53161    431.000    34.9790    34.9809    1477.46    4.53147  1029.6736  1029.6752      1.257    7.09842 0.0000e+00
    436.641     4.9500     4.9484   3.359052   3.359087     1.8434     0.0111     0.0903    4.53669    432.000    34.9788    34.9808    1477.48    4.53655  1029.6781  1029.6799      1.347    7.09855 0.0000e+00
    437.652     4.9278     4.9256   3.356874   3.357140     1.8445     0.0156     0.0901    4.54364    433.000    34.9763    34.9817    1477.40    4.54350  1029.6835  1029.6881      1.290    7.10247 0.0000e+00
    438.664     4.9059     4.9045   3.354772   3.354865     1.8456     0.0230     0.0900    4.55058    434.000    34.9744    34.9768    1477.32    4.55044  1029.6895  1029.6915      1.051    7.10632 0.0000e+00
    439.676     4.9029     4.9029   3.354473   3.354638     1.8470     0.0307     0.0906    4.55651    435.000    34.9735    34.9754    1477.33    4.55637  1029.6937  1029.6953      0.655    7.10687 0.0000e+00
    440.688     4.9169     4.9159   3.355992   3.355902     1.8501     0.0250     0.0902    4.56567    436.000    34.9759    34.9759    1477.40    4.56553  1029.6985  1029.6987      0.713    7.10436 0.0000e+00
    441.700     4.9324     4.9315   3.357699   3.357777     1.8524     0.0236     0.0902    4.57202    437.000    34.9789    34.9807    1477.49    4.57187  1029.7036  1029.7052      1.197    7.10155 0.0000e+00
    442.711     4.9311     4.9306   3.357609   3.357754     1.8534     0.0394     0.0909    4.57615    438.000    34.9787    34.9809    1477.50    4.57601  1029.7083  1029.7101      1.420    7.10179 0.0000e+00
    443.723     4.9222     4.9214   3.356735   3.357045     1.8533     0.0287     0.0912    4.57764    439.000    34.9774    34.9817    1477.48    4.57750  1029.7130  1029.7166      1.468    7.10338 0.0000e+00
    444.735     4.8958     4.8946   3.354170   3.354412     1.8528     0.0228     0.0909    4.57971    440.000    34.9748    34.9788    1477.38    4.57957  1029.7189  1029.7223      1.348    7.10803 0.0000e+00
    445.747     4.8895     4.8886   3.353586   3.353707     1.8516     0.0231     0.0906    4.57706    441.000    34.9741    34.9764    1477.37    4.57692  1029.7238  1029.7257      1.001    7.10915 0.0000e+00
    446.759     4.8895     4.8891   3.353584   3.353723     1.8510     0.0305     0.0905    4.57565    442.000    34.9736    34.9755    1477.39    4.57551  1029.7280  1029.7296      0.513    7.10918 0.0000e+00
    447.771     4.8905     4.8891   3.353731   3.353760     1.8523     0.0232     0.0902    4.58075    443.000    34.9737    34.9755    1477.41    4.58061  1029.7327  1029.7343      0.998    7.10899 0.0000e+00
    448.783     4.8894     4.8861   3.353685   3.353559     1.8527     0.0234     0.0909    4.58255    444.000    34.9737    34.9757    1477.42    4.58241  1029.7374  1029.7395      1.525    7.10918 0.0000e+00
    449.794     4.8778     4.8716   3.352550   3.352291     1.8531     0.0235     0.0905    4.58604    445.000    34.9722    34.9757    1477.39    4.58590  1029.7424  1029.7458      1.757    7.11124 0.0000e+00
    450.806     4.8474     4.8392   3.349494   3.349554     1.8530     0.0281     0.0910    4.59022    446.000    34.9682    34.9774    1477.27    4.59008  1029.7477  1029.7560      1.758    7.11667 0.0000e+00
    451.818     4.8047     4.8027   3.345406   3.345586     1.8535     0.0380     0.0908    4.59746    447.000    34.9649    34.9691    1477.11    4.59732  1029.7550  1029.7587      1.540    7.12417 0.0000e+00
    452.830     4.7834     4.7816   3.343280   3.343486     1.8529     0.0279     0.0904    4.59884    448.000    34.9620    34.9663    1477.04    4.59870  1029.7601  1029.7637      1.011    7.12798 0.0000e+00
    453.842     4.7587     4.7582   3.340801   3.340905     1.8547     0.0236     0.0905    4.60870    449.000    34.9586    34.9604    1476.95    4.60856  1029.7651  1029.7666      0.444    7.13240 0.0000e+00
    454.854     4.7571     4.7566   3.340634   3.340738     1.8594     0.0390     0.0901    4.62521    450.000    34.9579    34.9596    1476.95    4.62507  1029.7694  1029.7709      0.991    7.13273 0.0000e+00
    455.866     4.7536     4.7527   3.340299   3.340480     1.8619     0.0393     0.0903    4.63484    451.000    34.9570    34.9601    1476.96    4.63470  1029.7738  1029.7764      1.321    7.13336 0.0000e+00
    456.878     4.7465     4.7447   3.339637   3.339675     1.8636     0.0453     0.0899    4.64202    452.000    34.9563    34.9586    1476.94    4.64188  1029.7788  1029.7809      1.435    7.13463 0.0000e+00
    457.890     4.7255     4.7211   3.337554   3.337580     1.8651     0.0385     0.0901    4.65054    453.000    34.9535    34.9585    1476.87    4.65040  1029.7838  1029.7883      1.359    7.13838 0.0000e+00
    458.901     4.7084     4.7068   3.335913   3.335967     1.8665     0.0247     0.0902    4.65810    454.000    34.9519    34.9542    1476.81    4.65797  1029.7893  1029.7913      1.107    7.14143 0.0000e+00
    459.913     4.7063     4.7054   3.335703   3.335774     1.8684     0.0313     0.0894    4.66524    455.000    34.9511    34.9529    1476.82    4.66510  1029.7936  1029.7952      0.701    7.14182 0.0000e+00
    460.925     4.7067     4.7053   3.335755   3.335793     1.8722     0.0351     0.0895    4.67874    456.000    34.9508    34.9527    1476.84    4.67860  1029.7980  1029.7997      0.814    7.14177 0.0000e+00
    461.937     4.6941     4.6933   3.334518   3.334786     1.8748     0.0361     0.0897    4.68980    457.000    34.9491    34.9531    1476.80    4.68966  1029.8029  1029.8062      1.269    7.14404 0.0000e+00
    462.949     4.6766     4.6741   3.332850   3.332922     1.8755     0.0362     0.0895    4.69515    458.000    34.9475    34.9510    1476.74    4.69501  1029.8083  1029.8115      1.455    7.14714 0.0000e+00
    463.961     4.6669     4.6657   3.331951   3.332045     1.8765     0.0356     0.0891    4.70023    459.000    34.9467    34.9490    1476.72    4.70010  1029.8136  1029.8157      1.404    7.14886 0.0000e+00
    464.973     4.6643     4.6633   3.331741   3.331809     1.8771     0.0226     0.0890    4.70337    460.000    34.9465    34.9482    1476.72    4.70323  1029.8184  1029.8199      1.099    7.14933 0.0000e+00
    465.985     4.6636     4.6626   3.331678   3.331750     1.8785     0.0245     0.0889    4.70868    461.000    34.9459    34.9478    1476.74    4.70855  1029.8228  1029.8243      0.639    7.14947 0.0000e+00
    466.997     4.6624     4.6617   3.331590   3.331692     1.8786     0.0334     0.0888    4.70995    462.000    34.9457    34.9475    1476.75    4.70981  1029.8273  1029.8289      0.847    7.14970 0.0000e+00
    468.009     4.6613     4.6600   3.331518   3.331586     1.8786     0.0232     0.0885    4.71072    463.000    34.9454    34.9475    1476.76    4.71059  1029.8319  1029.8337      1.219    7.14990 0.0000e+00
    469.021     4.6573     4.6557   3.331159   3.331232     1.8781     0.0226     0.0881    4.71030    464.000    34.9449    34.9474    1476.76    4.71017  1029.8367  1029.8389      1.301    7.15062 0.0000e+00
    470.033     4.6501     4.6485   3.330496   3.330574     1.8781     0.0232     0.0880    4.71153    465.000    34.9443    34.9468    1476.74    4.71139  1029.8417  1029.8439      1.131    7.15190 0.0000e+00
    471.045     4.6474     4.6477   3.330278   3.330442     1.8777     0.0167     0.0882    4.71132    466.000    34.9440    34.9455    1476.75    4.71118  1029.8464  1029.8477      0.871    7.15238 0.0000e+00
    472.057     4.6635     4.6622   3.332002   3.331830     1.8775     0.0192     0.0884    4.70919    467.000    34.9467    34.9460    1476.84    4.70905  1029.8512  1029.8508      0.905    7.14946 0.0000e+00
    473.069     4.6938     4.6916   3.335165   3.335067     1.8777     0.0409     0.0882    4.70651    468.000    34.9511    34.9524    1476.98    4.70637  1029.8556  1029.8568      1.072    7.14399 0.0000e+00
