Cruise Data/Irminger_Sea-01_KN-221_2014-09-07/Ship Data/ctd/process/dkn22104002.cnv
* Sea-Bird SBE 9 Data File:
* FileName = C:\Data\ctd\KN22104002.hdr
* Software Version Seasave V 7.21k
* Temperature SN = 4195
* Conductivity SN = 2147
* Number of Bytes Per Scan = 40
* Number of Voltage Words = 5
* Number of Scans Averaged by the Deck Unit = 1
* NMEA Latitude = 61 59.72 N
* NMEA Longitude = 031 52.35 W
* NMEA UTC (Time) = Sep 08 2014 14:44:00
** KN221-04 Chief Scientist: Bob Weller
** OOI Irminger Sea Sept. 2014
** Station: 002
** Knudsen Depth: 2698
# nquan = 19
# nvalues = 984                         
# units = specified
# name 0 = prDM: Pressure, Digiquartz [db]
# name 1 = t090C: Temperature [ITS-90, deg C]
# name 2 = t190C: Temperature, 2 [ITS-90, deg C]
# name 3 = c0S/m: Conductivity [S/m]
# name 4 = c1S/m: Conductivity, 2 [S/m]
# name 5 = sbeox0V: Oxygen raw, SBE 43 [V]
# name 6 = flECO-AFL: Fluorescence, WET Labs ECO-AFL/FL [mg/m^3]
# name 7 = CStarAt0: Beam Attenuation, WET Labs C-Star [1/m]
# name 8 = sbeox0ML/L: Oxygen, SBE 43 [ml/l]
# name 9 = depSM: Depth [salt water, m], lat = 61.9953
# name 10 = sal00: Salinity, Practical [PSU]
# name 11 = sal11: Salinity, Practical, 2 [PSU]
# name 12 = svDM: Sound Velocity [Delgrosso, m/s]
# name 13 = sbeox0ML/L: Oxygen, SBE 43 [ml/l], WS = 2
# name 14 = density00: Density [density, Kg/m^3]
# name 15 = density11: Density, 2 [density, Kg/m^3]
# name 16 = dz/dtM: Descent Rate [m/s], WS = 2
# name 17 = oxsatML/L: Oxygen Saturation, Weiss [ml/l]
# name 18 = flag: flag
# span 0 =     12.116,   1007.064       
# span 1 =     3.8009,    10.9757       
# span 2 =     3.8003,    10.9705       
# span 3 =   3.271708,   3.892941       
# span 4 =   3.271844,   3.892964       
# span 5 =     1.8034,     2.2267       
# span 6 =     0.0075,     1.5920       
# span 7 =     0.0843,     0.4682       
# span 8 =    4.41040,    5.01940       
# span 9 =     12.000,    995.000       
# span 10 =    34.8867,    35.1113      
# span 11 =    34.8890,    35.1144      
# span 12 =    1476.72,    1493.41      
# span 13 =    4.41026,    5.01927      
# span 14 =  1026.7671,  1032.3623      
# span 15 =  1026.7716,  1032.3646      
# span 16 =     -0.234,      1.824      
# span 17 =    6.18898,    7.30487      
# span 18 = 0.0000e+00, 0.0000e+00      
# interval = meters: 1                  
# start_time = Sep 08 2014 14:44:00 [NMEA time, header]
# bad_flag = -9.990e-29
*END*
[from data line 77]
     89.881     7.0100     7.0091   3.540113   3.540148     2.0362     0.0416     0.1009    4.70643     89.000    35.0730    35.0742    1480.17    4.70624  1027.8867  1027.8878      0.535    6.75651 0.0000e+00
     90.891     6.9991     6.9978   3.539052   3.539067     2.0355     0.0341     0.1007    4.70619     90.000    35.0719    35.0734    1480.14    4.70600  1027.8920  1027.8934      0.480    6.75827 0.0000e+00
     91.901     6.9953     6.9948   3.538694   3.538830     2.0347     0.0301     0.0999    4.70494     91.000    35.0713    35.0733    1480.14    4.70475  1027.8967  1027.8984      0.417    6.75889 0.0000e+00
     92.911     6.9616     6.9603   3.535381   3.535507     2.0342     0.0421     0.0992    4.70775     92.000    35.0686    35.0713    1480.03    4.70755  1027.9039  1027.9063      0.681    6.76430 0.0000e+00
     93.921     6.9501     6.9493   3.534349   3.534372     2.0335     0.0336     0.0994    4.70771     93.000    35.0684    35.0695    1480.00    4.70751  1027.9102  1027.9111      0.601    6.76612 0.0000e+00
     94.931     6.9563     6.9553   3.535094   3.535108     2.0326     0.0371     0.0993    4.70482     94.000    35.0698    35.0710    1480.04    4.70463  1027.9150  1027.9160      0.336    6.76508 0.0000e+00
     95.942     6.9608     6.9593   3.535723   3.535729     2.0309     0.0446     0.0991    4.69948     95.000    35.0716    35.0733    1480.08    4.69929  1027.9204  1027.9219      0.777    6.76429 0.0000e+00
     96.952     6.9500     6.9490   3.534810   3.534813     2.0296     0.0433     0.0989    4.69750     96.000    35.0721    35.0731    1480.05    4.69731  1027.9270  1027.9279      0.776    6.76598 0.0000e+00
     97.962     6.9505     6.9492   3.535067   3.535067     2.0286     0.0426     0.0989    4.69486     97.000    35.0739    35.0753    1480.07    4.69467  1027.9329  1027.9341      0.404    6.76582 0.0000e+00
     98.972     6.9344     6.9330   3.533536   3.533489     2.0261     0.0337     0.0989    4.68961     98.000    35.0729    35.0739    1480.02    4.68942  1027.9390  1027.9399      0.492    6.76839 0.0000e+00
     99.982     6.9323     6.9315   3.533557   3.533691     2.0251     0.0338     0.0989    4.68737     99.000    35.0747    35.0771    1480.03    4.68718  1027.9453  1027.9473      0.645    6.76863 0.0000e+00
    100.992     6.9119     6.9108   3.531582   3.531608     2.0243     0.0394     0.0989    4.68781    100.000    35.0732    35.0747    1479.97    4.68762  1027.9517  1027.9530      0.491    6.77191 0.0000e+00
    102.002     6.9073     6.9061   3.531195   3.531218     2.0237     0.0345     0.0989    4.68722    101.000    35.0732    35.0747    1479.97    4.68704  1027.9569  1027.9583      0.482    6.77265 0.0000e+00
    103.013     6.9028     6.9016   3.530835   3.530848     2.0226     0.0140     0.0990    4.68483    102.000    35.0733    35.0747    1479.97    4.68464  1027.9623  1027.9635      0.599    6.77335 0.0000e+00
    104.023     6.8966     6.8953   3.530272   3.530298     2.0213     0.0246     0.0990    4.68232    103.000    35.0729    35.0745    1479.96    4.68213  1027.9674  1027.9689      0.701    6.77435 0.0000e+00
    105.033     6.8920     6.8909   3.529857   3.529871     2.0200     0.0406     0.0989    4.67949    104.000    35.0725    35.0738    1479.96    4.67930  1027.9724  1027.9735      0.548    6.77509 0.0000e+00
    106.043     6.8857     6.8840   3.529255   3.529250     2.0194     0.0419     0.0989    4.67909    105.000    35.0718    35.0735    1479.95    4.67890  1027.9773  1027.9789      0.305    6.77612 0.0000e+00
    107.053     6.8713     6.8700   3.527865   3.527905     2.0193     0.0263     0.0993    4.68087    106.000    35.0706    35.0724    1479.91    4.68068  1027.9830  1027.9846      0.847    6.77844 0.0000e+00
    108.064     6.8662     6.8648   3.527385   3.527415     2.0194     0.0244     0.0989    4.68259    107.000    35.0700    35.0717    1479.90    4.68240  1027.9879  1027.9895      1.066    6.77927 0.0000e+00
    109.074     6.8583     6.8571   3.526675   3.526736     2.0192     0.0396     0.0993    4.68350    108.000    35.0696    35.0715    1479.89    4.68331  1027.9934  1027.9950      1.007    6.78052 0.0000e+00
    110.084     6.8370     6.8356   3.524663   3.524756     2.0191     0.0401     0.0989    4.68625    109.000    35.0686    35.0711    1479.82    4.68606  1028.0002  1028.0023      0.678    6.78394 0.0000e+00
    111.094     6.8206     6.8193   3.523138   3.523154     2.0189     0.0336     0.0989    4.68790    110.000    35.0681    35.0695    1479.77    4.68771  1028.0067  1028.0079      0.517    6.78656 0.0000e+00
    112.104     6.8112     6.8099   3.522266   3.522353     2.0184     0.0446     0.0989    4.68816    111.000    35.0675    35.0698    1479.75    4.68797  1028.0122  1028.0142      0.930    6.78807 0.0000e+00
    113.115     6.7995     6.7982   3.521195   3.521240     2.0167     0.0408     0.0990    4.68490    112.000    35.0670    35.0689    1479.72    4.68471  1028.0181  1028.0197      1.170    6.78994 0.0000e+00
    114.125     6.7958     6.7946   3.520916   3.520919     2.0159     0.0409     0.0989    4.68341    113.000    35.0672    35.0685    1479.72    4.68322  1028.0233  1028.0245      1.243    6.79052 0.0000e+00
    115.135     6.7903     6.7890   3.520503   3.520567     2.0152     0.0246     0.0989    4.68264    114.000    35.0677    35.0698    1479.72    4.68246  1028.0292  1028.0310      1.238    6.79136 0.0000e+00
    116.145     6.7842     6.7829   3.520002   3.520022     2.0155     0.0373     0.0989    4.68472    115.000    35.0679    35.0694    1479.71    4.68454  1028.0348  1028.0361      1.168    6.79232 0.0000e+00
    117.156     6.7802     6.7789   3.519702   3.519723     2.0154     0.0417     0.0989    4.68551    116.000    35.0682    35.0697    1479.71    4.68533  1028.0402  1028.0415      0.985    6.79294 0.0000e+00
    118.166     6.7749     6.7738   3.519254   3.519265     2.0154     0.0317     0.0992    4.68673    117.000    35.0681    35.0694    1479.71    4.68654  1028.0454  1028.0466      0.599    6.79378 0.0000e+00
    119.176     6.7690     6.7677   3.518790   3.518828     2.0153     0.0478     0.0989    4.68777    118.000    35.0685    35.0702    1479.70    4.68758  1028.0513  1028.0529      0.737    6.79471 0.0000e+00
    120.186     6.7616     6.7601   3.518183   3.518176     2.0156     0.0409     0.0993    4.68998    119.000    35.0689    35.0703    1479.69    4.68979  1028.0573  1028.0586      1.286    6.79587 0.0000e+00
    121.197     6.7617     6.7605   3.518218   3.518229     2.0153     0.0438     0.0998    4.68987    120.000    35.0686    35.0700    1479.71    4.68968  1028.0616  1028.0629      1.489    6.79586 0.0000e+00
    122.207     6.7573     6.7560   3.517864   3.517909     2.0154     0.0424     0.0996    4.69110    121.000    35.0687    35.0705    1479.70    4.69091  1028.0669  1028.0685      1.450    6.79656 0.0000e+00
    123.217     6.7570     6.7559   3.517863   3.517884     2.0157     0.0232     0.1004    4.69268    122.000    35.0685    35.0699    1479.72    4.69249  1028.0714  1028.0726      1.201    6.79661 0.0000e+00
    124.228     6.7537     6.7525   3.517597   3.517635     2.0160     0.0182     0.0995    4.69482    123.000    35.0683    35.0700    1479.72    4.69464  1028.0764  1028.0779      0.807    6.79713 0.0000e+00
    125.238     6.7499     6.7487   3.517331   3.517362     2.0160     0.0427     0.0995    4.69566    124.000    35.0688    35.0704    1479.73    4.69548  1028.0819  1028.0833      0.778    6.79772 0.0000e+00
    126.248     6.7408     6.7393   3.516565   3.516610     2.0163     0.0412     0.0991    4.69821    125.000    35.0691    35.0711    1479.71    4.69803  1028.0880  1028.0898      1.128    6.79915 0.0000e+00
    127.258     6.7333     6.7324   3.515883   3.515989     2.0162     0.0416     0.0995    4.69940    126.000    35.0686    35.0708    1479.69    4.69921  1028.0934  1028.0952      1.307    6.80035 0.0000e+00
    128.269     6.7261     6.7246   3.515187   3.515241     2.0159     0.0409     0.0993    4.69986    127.000    35.0679    35.0699    1479.68    4.69968  1028.0984  1028.1002      1.262    6.80154 0.0000e+00
    129.279     6.7186     6.7173   3.514467   3.514532     2.0150     0.0426     0.0990    4.69865    128.000    35.0670    35.0690    1479.67    4.69846  1028.1034  1028.1051      1.057    6.80277 0.0000e+00
    130.289     6.6907     6.6888   3.511788   3.511914     2.0146     0.0136     0.0992    4.70149    129.000    35.0652    35.0686    1479.57    4.70131  1028.1105  1028.1134      0.871    6.80727 0.0000e+00
    131.300     6.6762     6.6751   3.510433   3.510477     2.0136     0.0283     0.0991    4.70059    130.000    35.0645    35.0662    1479.53    4.70041  1028.1166  1028.1180      0.818    6.80961 0.0000e+00
    132.310     6.6695     6.6682   3.509803   3.509851     2.0122     0.0339     0.0989    4.69769    131.000    35.0639    35.0658    1479.52    4.69750  1028.1217  1028.1233      0.848    6.81071 0.0000e+00
    133.320     6.6602     6.6583   3.508954   3.508968     2.0112     0.0343     0.0986    4.69613    132.000    35.0635    35.0656    1479.50    4.69595  1028.1272  1028.1292      0.999    6.81221 0.0000e+00
    134.331     6.6506     6.6494   3.508098   3.508157     2.0106     0.0407     0.0986    4.69600    133.000    35.0633    35.0652    1479.48    4.69581  1028.1331  1028.1348      1.173    6.81374 0.0000e+00
    135.341     6.6383     6.6369   3.506947   3.507083     2.0097     0.0422     0.0986    4.69545    134.000    35.0626    35.0655    1479.45    4.69527  1028.1388  1028.1414      1.250    6.81574 0.0000e+00
    136.351     6.6259     6.6247   3.505804   3.505868     2.0088     0.0412     0.0988    4.69459    135.000    35.0620    35.0640    1479.41    4.69441  1028.1448  1028.1465      1.159    6.81773 0.0000e+00
    137.362     6.6218     6.6205   3.505430   3.505481     2.0067     0.0230     0.0989    4.68918    136.000    35.0616    35.0635    1479.41    4.68900  1028.1497  1028.1512      0.933    6.81841 0.0000e+00
    138.372     6.6123     6.6110   3.504567   3.504606     2.0057     0.0352     0.0989    4.68780    137.000    35.0612    35.0630    1479.39    4.68762  1028.1553  1028.1567      0.805    6.81994 0.0000e+00
    139.382     6.6065     6.6053   3.504050   3.504068     2.0048     0.0145     0.0988    4.68622    138.000    35.0609    35.0624    1479.38    4.68604  1028.1604  1028.1617      0.989    6.82088 0.0000e+00
    140.393     6.5970     6.5956   3.503185   3.503290     2.0044     0.0233     0.0987    4.68687    139.000    35.0605    35.0631    1479.36    4.68669  1028.1660  1028.1683      1.153    6.82242 0.0000e+00
    141.403     6.5870     6.5856   3.502283   3.502342     2.0035     0.0226     0.0985    4.68583    140.000    35.0602    35.0622    1479.34    4.68565  1028.1719  1028.1736      1.149    6.82403 0.0000e+00
    142.413     6.5798     6.5785   3.501640   3.501696     2.0028     0.0140     0.0981    4.68500    141.000    35.0599    35.0618    1479.33    4.68481  1028.1772  1028.1790      0.994    6.82519 0.0000e+00
    143.424     6.5776     6.5762   3.501474   3.501472     2.0014     0.0364     0.0984    4.68141    142.000    35.0598    35.0612    1479.33    4.68123  1028.1820  1028.1833      0.796    6.82555 0.0000e+00
    144.434     6.5746     6.5733   3.501236   3.501255     1.9997     0.0217     0.0984    4.67717    143.000    35.0597    35.0612    1479.34    4.67699  1028.1870  1028.1884      0.872    6.82603 0.0000e+00
    145.445     6.5706     6.5695   3.500904   3.500937     1.9984     0.0190     0.0977    4.67412    144.000    35.0596    35.0611    1479.34    4.67394  1028.1921  1028.1935      1.141    6.82668 0.0000e+00
    146.455     6.5709     6.5694   3.500958   3.500981     1.9974     0.0187     0.0986    4.67168    145.000    35.0594    35.0611    1479.36    4.67150  1028.1965  1028.1981      1.263    6.82664 0.0000e+00
    147.465     6.5646     6.5635   3.500563   3.500634     1.9961     0.0472     0.0985    4.66896    146.000    35.0609    35.0628    1479.35    4.66877  1028.2032  1028.2048      1.229    6.82757 0.0000e+00
    148.476     6.5523     6.5508   3.499416   3.499515     1.9953     0.0260     0.0980    4.66838    147.000    35.0603    35.0629    1479.32    4.66820  1028.2090  1028.2113      1.061    6.82957 0.0000e+00
    149.486     6.5384     6.5367   3.498066   3.498105     1.9942     0.0128     0.0978    4.66735    148.000    35.0590    35.0611    1479.28    4.66717  1028.2146  1028.2166      0.870    6.83186 0.0000e+00
    150.497     6.5146     6.5127   3.495730   3.495781     1.9918     0.0297     0.0973    4.66308    149.000    35.0568    35.0593    1479.20    4.66290  1028.2207  1028.2230      0.854    6.83575 0.0000e+00
    151.507     6.4987     6.4970   3.494153   3.494222     1.9900     0.0435     0.0977    4.66018    150.000    35.0550    35.0575    1479.15    4.66000  1028.2262  1028.2284      1.047    6.83839 0.0000e+00
    152.517     6.4830     6.4816   3.492625   3.492765     1.9884     0.0435     0.0971    4.65766    151.000    35.0535    35.0566    1479.10    4.65748  1028.2318  1028.2344      1.151    6.84096 0.0000e+00
    153.528     6.4647     6.4634   3.490870   3.490978     1.9880     0.0234     0.0973    4.65908    152.000    35.0522    35.0548    1479.05    4.65890  1028.2379  1028.2401      1.092    6.84396 0.0000e+00
    154.538     6.4583     6.4571   3.490315   3.490334     1.9885     0.0231     0.0981    4.66185    153.000    35.0521    35.0535    1479.04    4.66167  1028.2433  1028.2446      0.930    6.84500 0.0000e+00
    155.549     6.4555     6.4542   3.490125   3.490147     1.9891     0.0108     0.0975    4.66489    154.000    35.0524    35.0539    1479.04    4.66471  1028.2485  1028.2499      0.854    6.84544 0.0000e+00
    156.559     6.4509     6.4496   3.489732   3.489766     1.9905     0.0104     0.0983    4.67019    155.000    35.0521    35.0538    1479.04    4.67001  1028.2537  1028.2551      0.890    6.84618 0.0000e+00
    157.570     6.4460     6.4445   3.489278   3.489300     1.9927     0.0177     0.0988    4.67823    156.000    35.0516    35.0533    1479.04    4.67806  1028.2584  1028.2601      0.915    6.84699 0.0000e+00
    158.580     6.4389     6.4376   3.488599   3.488651     1.9949     0.0329     0.0987    4.68665    157.000    35.0508    35.0527    1479.02    4.68647  1028.2634  1028.2651      0.990    6.84817 0.0000e+00
    159.590     6.4322     6.4305   3.487973   3.487984     1.9964     0.0355     0.0985    4.69272    158.000    35.0501    35.0520    1479.01    4.69254  1028.2686  1028.2703      1.163    6.84927 0.0000e+00
    160.601     6.4242     6.4228   3.487238   3.487327     1.9977     0.0272     0.0985    4.69854    159.000    35.0497    35.0521    1479.00    4.69836  1028.2738  1028.2760      1.319    6.85059 0.0000e+00
    161.611     6.4149     6.4135   3.486380   3.486456     1.9982     0.0435     0.0976    4.70163    160.000    35.0491    35.0514    1478.98    4.70145  1028.2793  1028.2814      1.359    6.85211 0.0000e+00
    162.622     6.3997     6.3981   3.484900   3.485058     1.9986     0.0263     0.0981    4.70549    161.000    35.0476    35.0510    1478.93    4.70531  1028.2849  1028.2877      1.235    6.85462 0.0000e+00
    163.632     6.3834     6.3819   3.483418   3.483501     1.9979     0.0228     0.0981    4.70577    162.000    35.0474    35.0497    1478.88    4.70559  1028.2915  1028.2936      0.912    6.85726 0.0000e+00
    164.643     6.3689     6.3676   3.482046   3.482090     1.9965     0.0233     0.0970    4.70371    163.000    35.0463    35.0481    1478.84    4.70353  1028.2974  1028.2990      0.687    6.85963 0.0000e+00
