Cruise Data/Irminger_Sea-01_KN-221_2014-09-07/Ship Data/ctd/process/dkn22104008.cnv
* Sea-Bird SBE 9 Data File:
* FileName = C:\Data\ctd\KN22104008.hdr
* Software Version Seasave V 7.21k
* Temperature SN = 4195
* Conductivity SN = 2147
* Number of Bytes Per Scan = 40
* Number of Voltage Words = 5
* Number of Scans Averaged by the Deck Unit = 1
* NMEA Latitude = 59 14.19 N
* NMEA Longitude = 039 30.13 W
* NMEA UTC (Time) = Sep 16 2014 21:05:14
** KN221-04 Chief Scientist: Bob Weller
** OOI Irminger Sea Sept. 2014
** Station: 008
** Knudsen Depth: 3030
# nquan = 19
# nvalues = 2984                        
# units = specified
# name 0 = prDM: Pressure, Digiquartz [db]
# name 1 = t090C: Temperature [ITS-90, deg C]
# name 2 = t190C: Temperature, 2 [ITS-90, deg C]
# name 3 = c0S/m: Conductivity [S/m]
# name 4 = c1S/m: Conductivity, 2 [S/m]
# name 5 = sbeox0V: Oxygen raw, SBE 43 [V]
# name 6 = flECO-AFL: Fluorescence, WET Labs ECO-AFL/FL [mg/m^3]
# name 7 = CStarAt0: Beam Attenuation, WET Labs C-Star [1/m]
# name 8 = sbeox0ML/L: Oxygen, SBE 43 [ml/l]
# name 9 = depSM: Depth [salt water, m], lat = 59.2365
# name 10 = sal00: Salinity, Practical [PSU]
# name 11 = sal11: Salinity, Practical, 2 [PSU]
# name 12 = svDM: Sound Velocity [Delgrosso, m/s]
# name 13 = sbeox0ML/L: Oxygen, SBE 43 [ml/l], WS = 2
# name 14 = density00: Density [density, Kg/m^3]
# name 15 = density11: Density, 2 [density, Kg/m^3]
# name 16 = dz/dtM: Descent Rate [m/s], WS = 2
# name 17 = oxsatML/L: Oxygen Saturation, Weiss [ml/l]
# name 18 = flag: flag
# span 0 =      3.028,   3035.946       
# span 1 =     1.2916,     7.6000       
# span 2 =     1.2903,     7.6014       
# span 3 =   3.133929,   3.567322       
# span 4 =   3.134085,   3.567623       
# span 5 =     1.4611,     2.1807       
# span 6 =     0.0105,     0.7236       
# span 7 =     0.0738,     0.2496       
# span 8 =    4.63567,    5.12940       
# span 9 =      3.000,   2986.000       
# span 10 =    34.8129,    34.9328      
# span 11 =    34.8159,    34.9363      
# span 12 =    1470.34,    1507.00      
# span 13 =    4.63556,    5.12935      
# span 14 =  1027.2057,  1041.8280      
# span 15 =  1027.2086,  1041.8308      
# span 16 =     -0.044,      1.633      
# span 17 =    6.67625,    7.78318      
# span 18 = 0.0000e+00, 0.0000e+00      
# interval = meters: 1                  
# start_time = Sep 16 2014 21:05:14 [NMEA time, header]
# bad_flag = -9.990e-29
*END*
[from data line 1829]
   1857.544     3.3661     3.3653   3.273619   3.273804     1.5985     0.0234     0.0749    4.65895   1832.000    34.9295    34.9326    1494.16    4.65885  1036.3036  1036.3062      0.943    7.38188 0.0000e+00
   1858.562     3.3648     3.3641   3.273534   3.273733     1.5980     0.0279     0.0749    4.65782   1833.000    34.9294    34.9326    1494.18    4.65771  1036.3083  1036.3109      0.970    7.38213 0.0000e+00
   1859.580     3.3630     3.3624   3.273401   3.273634     1.5977     0.0314     0.0752    4.65737   1834.000    34.9292    34.9327    1494.18    4.65727  1036.3130  1036.3158      1.114    7.38247 0.0000e+00
   1860.599     3.3622     3.3614   3.273390   3.273584     1.5975     0.0272     0.0751    4.65716   1835.000    34.9295    34.9326    1494.20    4.65706  1036.3179  1036.3204      1.193    7.38261 0.0000e+00
   1861.617     3.3593     3.3583   3.273160   3.273378     1.5974     0.0463     0.0749    4.65770   1836.000    34.9293    34.9329    1494.20    4.65760  1036.3228  1036.3257      1.135    7.38315 0.0000e+00
   1862.636     3.3563     3.3556   3.272944   3.273145     1.5971     0.0234     0.0750    4.65744   1837.000    34.9294    34.9326    1494.21    4.65734  1036.3278  1036.3303      0.945    7.38369 0.0000e+00
   1863.654     3.3560     3.3552   3.272953   3.273140     1.5968     0.0226     0.0749    4.65693   1838.000    34.9294    34.9324    1494.22    4.65683  1036.3324  1036.3348      0.798    7.38376 0.0000e+00
   1864.672     3.3557     3.3550   3.272972   3.273167     1.5966     0.0287     0.0749    4.65663   1839.000    34.9294    34.9325    1494.24    4.65653  1036.3370  1036.3395      0.891    7.38381 0.0000e+00
   1865.691     3.3550     3.3540   3.272943   3.273140     1.5964     0.0417     0.0754    4.65686   1840.000    34.9293    34.9326    1494.25    4.65675  1036.3417  1036.3444      1.003    7.38394 0.0000e+00
   1866.709     3.3528     3.3520   3.272794   3.272992     1.5963     0.0471     0.0754    4.65732   1841.000    34.9294    34.9326    1494.26    4.65722  1036.3466  1036.3491      1.078    7.38434 0.0000e+00
   1867.728     3.3521     3.3513   3.272776   3.272972     1.5964     0.0376     0.0752    4.65829   1842.000    34.9294    34.9326    1494.27    4.65819  1036.3512  1036.3539      1.092    7.38446 0.0000e+00
   1868.746     3.3507     3.3504   3.272692   3.272937     1.5962     0.0230     0.0753    4.65830   1843.000    34.9293    34.9326    1494.29    4.65820  1036.3560  1036.3586      1.022    7.38472 0.0000e+00
   1869.765     3.3486     3.3478   3.272537   3.272730     1.5958     0.0279     0.0749    4.65735   1844.000    34.9293    34.9324    1494.29    4.65725  1036.3608  1036.3634      0.964    7.38512 0.0000e+00
   1870.783     3.3475     3.3467   3.272460   3.272656     1.5954     0.0348     0.0751    4.65647   1845.000    34.9290    34.9322    1494.30    4.65637  1036.3654  1036.3679      1.023    7.38533 0.0000e+00
   1871.802     3.3460     3.3452   3.272362   3.272566     1.5953     0.0348     0.0752    4.65669   1846.000    34.9290    34.9322    1494.32    4.65659  1036.3701  1036.3727      1.101    7.38561 0.0000e+00
   1872.820     3.3437     3.3429   3.272188   3.272388     1.5952     0.0320     0.0760    4.65741   1847.000    34.9289    34.9321    1494.32    4.65730  1036.3749  1036.3776      1.099    7.38604 0.0000e+00
   1873.838     3.3431     3.3423   3.272172   3.272361     1.5952     0.0232     0.0751    4.65813   1848.000    34.9288    34.9319    1494.34    4.65802  1036.3795  1036.3820      1.017    7.38615 0.0000e+00
   1874.857     3.3426     3.3419   3.272165   3.272358     1.5950     0.0386     0.0749    4.65793   1849.000    34.9287    34.9317    1494.35    4.65782  1036.3840  1036.3866      0.874    7.38624 0.0000e+00
   1875.875     3.3427     3.3420   3.272216   3.272409     1.5950     0.0410     0.0749    4.65844   1850.000    34.9287    34.9318    1494.37    4.65833  1036.3887  1036.3911      0.851    7.38623 0.0000e+00
   1876.894     3.3427     3.3419   3.272260   3.272451     1.5949     0.0346     0.0750    4.65870   1851.000    34.9287    34.9318    1494.39    4.65859  1036.3932  1036.3958      1.065    7.38622 0.0000e+00
   1877.912     3.3423     3.3415   3.272266   3.272454     1.5951     0.0348     0.0750    4.66034   1852.000    34.9288    34.9319    1494.40    4.66024  1036.3978  1036.4004      1.214    7.38630 0.0000e+00
   1878.931     3.3415     3.3410   3.272230   3.272457     1.5947     0.0348     0.0759    4.65920   1853.000    34.9286    34.9319    1494.41    4.65909  1036.4025  1036.4052      1.198    7.38645 0.0000e+00
   1879.949     3.3410     3.3401   3.272219   3.272424     1.5946     0.0318     0.0751    4.65968   1854.000    34.9286    34.9319    1494.43    4.65958  1036.4071  1036.4098      1.052    7.38655 0.0000e+00
   1880.968     3.3395     3.3387   3.272131   3.272330     1.5945     0.0207     0.0750    4.65986   1855.000    34.9286    34.9318    1494.44    4.65976  1036.4119  1036.4146      0.888    7.38682 0.0000e+00
   1881.986     3.3392     3.3385   3.272150   3.272352     1.5944     0.0392     0.0753    4.65993   1856.000    34.9287    34.9318    1494.46    4.65982  1036.4166  1036.4191      0.864    7.38688 0.0000e+00
   1883.005     3.3384     3.3376   3.272128   3.272326     1.5941     0.0225     0.0753    4.65974   1857.000    34.9288    34.9320    1494.47    4.65964  1036.4214  1036.4240      1.024    7.38702 0.0000e+00
   1884.023     3.3372     3.3364   3.272069   3.272254     1.5940     0.0309     0.0749    4.65984   1858.000    34.9288    34.9318    1494.48    4.65974  1036.4260  1036.4286      1.168    7.38723 0.0000e+00
   1885.042     3.3363     3.3354   3.272036   3.272232     1.5939     0.0458     0.0751    4.66013   1859.000    34.9289    34.9321    1494.49    4.66003  1036.4309  1036.4335      1.177    7.38740 0.0000e+00
   1886.060     3.3348     3.3341   3.271941   3.272158     1.5938     0.0349     0.0751    4.66055   1860.000    34.9288    34.9321    1494.51    4.66044  1036.4355  1036.4382      1.053    7.38767 0.0000e+00
   1887.079     3.3339     3.3330   3.271898   3.272082     1.5934     0.0348     0.0749    4.65954   1861.000    34.9288    34.9320    1494.52    4.65944  1036.4403  1036.4429      0.941    7.38784 0.0000e+00
   1888.097     3.3327     3.3319   3.271816   3.272009     1.5931     0.0374     0.0751    4.65912   1862.000    34.9286    34.9318    1494.53    4.65901  1036.4448  1036.4475      1.024    7.38807 0.0000e+00
   1889.116     3.3322     3.3315   3.271807   3.272001     1.5929     0.0465     0.0749    4.65901   1863.000    34.9285    34.9316    1494.54    4.65891  1036.4495  1036.4520      1.129    7.38816 0.0000e+00
   1890.135     3.3310     3.3302   3.271728   3.271930     1.5929     0.0351     0.0750    4.65983   1864.000    34.9284    34.9316    1494.56    4.65972  1036.4540  1036.4567      1.098    7.38839 0.0000e+00
   1891.153     3.3291     3.3283   3.271583   3.271799     1.5928     0.0358     0.0749    4.66029   1865.000    34.9282    34.9316    1494.56    4.66019  1036.4587  1036.4615      0.961    7.38876 0.0000e+00
   1892.172     3.3286     3.3278   3.271592   3.271773     1.5926     0.0450     0.0750    4.65997   1866.000    34.9283    34.9313    1494.58    4.65987  1036.4635  1036.4659      0.851    7.38883 0.0000e+00
   1893.190     3.3279     3.3272   3.271562   3.271758     1.5926     0.0389     0.0750    4.66059   1867.000    34.9282    34.9313    1494.59    4.66049  1036.4681  1036.4706      0.949    7.38898 0.0000e+00
   1894.209     3.3267     3.3258   3.271494   3.271694     1.5926     0.0445     0.0750    4.66145   1868.000    34.9282    34.9315    1494.61    4.66135  1036.4729  1036.4755      1.117    7.38920 0.0000e+00
   1895.227     3.3248     3.3240   3.271366   3.271565     1.5923     0.0346     0.0750    4.66099   1869.000    34.9282    34.9314    1494.61    4.66089  1036.4777  1036.4803      1.205    7.38954 0.0000e+00
   1896.246     3.3236     3.3228   3.271295   3.271495     1.5923     0.0354     0.0750    4.66195   1870.000    34.9281    34.9314    1494.63    4.66185  1036.4823  1036.4850      1.187    7.38977 0.0000e+00
   1897.264     3.3225     3.3218   3.271236   3.271460     1.5918     0.0243     0.0749    4.66071   1871.000    34.9281    34.9315    1494.64    4.66061  1036.4871  1036.4897      1.089    7.38998 0.0000e+00
   1898.283     3.3216     3.3208   3.271212   3.271401     1.5919     0.0226     0.0749    4.66180   1872.000    34.9282    34.9313    1494.65    4.66170  1036.4918  1036.4944      0.995    7.39013 0.0000e+00
   1899.302     3.3207     3.3199   3.271171   3.271371     1.5917     0.0432     0.0749    4.66152   1873.000    34.9282    34.9314    1494.67    4.66142  1036.4965  1036.4991      0.990    7.39029 0.0000e+00
   1900.320     3.3189     3.3181   3.271044   3.271252     1.5915     0.0471     0.0749    4.66150   1874.000    34.9281    34.9314    1494.67    4.66140  1036.5013  1036.5040      0.959    7.39063 0.0000e+00
   1901.339     3.3179     3.3172   3.270993   3.271192     1.5912     0.0479     0.0755    4.66100   1875.000    34.9280    34.9312    1494.69    4.66090  1036.5060  1036.5085      0.873    7.39082 0.0000e+00
   1902.357     3.3171     3.3163   3.270942   3.271142     1.5907     0.0581     0.0748    4.65969   1876.000    34.9278    34.9310    1494.70    4.65959  1036.5105  1036.5131      1.016    7.39098 0.0000e+00
   1903.376     3.3167     3.3159   3.270973   3.271158     1.5907     0.0353     0.0749    4.66043   1877.000    34.9282    34.9312    1494.72    4.66032  1036.5154  1036.5178      1.283    7.39104 0.0000e+00
   1904.395     3.3149     3.3141   3.270842   3.271052     1.5905     0.0348     0.0749    4.66026   1878.000    34.9279    34.9313    1494.72    4.66016  1036.5200  1036.5228      1.383    7.39137 0.0000e+00
   1905.413     3.3119     3.3112   3.270607   3.270830     1.5905     0.0348     0.0749    4.66128   1879.000    34.9279    34.9312    1494.73    4.66118  1036.5250  1036.5277      1.274    7.39194 0.0000e+00
   1906.432     3.3106     3.3098   3.270522   3.270723     1.5905     0.0311     0.0749    4.66211   1880.000    34.9277    34.9310    1494.74    4.66200  1036.5297  1036.5322      0.954    7.39218 0.0000e+00
   1907.450     3.3096     3.3091   3.270466   3.270691     1.5903     0.0303     0.0749    4.66218   1881.000    34.9276    34.9308    1494.75    4.66208  1036.5342  1036.5367      0.685    7.39236 0.0000e+00
   1908.469     3.3083     3.3076   3.270391   3.270608     1.5902     0.0349     0.0749    4.66224   1882.000    34.9276    34.9309    1494.76    4.66213  1036.5389  1036.5417      0.995    7.39261 0.0000e+00
   1909.488     3.3065     3.3056   3.270274   3.270480     1.5902     0.0348     0.0749    4.66303   1883.000    34.9276    34.9310    1494.77    4.66293  1036.5438  1036.5466      1.183    7.39294 0.0000e+00
   1910.506     3.3056     3.3048   3.270243   3.270433     1.5899     0.0258     0.0749    4.66249   1884.000    34.9277    34.9308    1494.79    4.66238  1036.5486  1036.5511      1.163    7.39310 0.0000e+00
   1911.525     3.3052     3.3044   3.270237   3.270442     1.5896     0.0307     0.0749    4.66214   1885.000    34.9275    34.9308    1494.80    4.66204  1036.5531  1036.5558      1.022    7.39318 0.0000e+00
   1912.544     3.3046     3.3038   3.270219   3.270408     1.5894     0.0349     0.0749    4.66190   1886.000    34.9275    34.9306    1494.82    4.66180  1036.5577  1036.5603      0.940    7.39329 0.0000e+00
   1913.562     3.3035     3.3028   3.270159   3.270369     1.5893     0.0353     0.0749    4.66232   1887.000    34.9275    34.9307    1494.83    4.66222  1036.5624  1036.5651      1.025    7.39350 0.0000e+00
   1914.581     3.3028     3.3020   3.270132   3.270320     1.5893     0.0436     0.0749    4.66307   1888.000    34.9274    34.9305    1494.84    4.66296  1036.5670  1036.5696      1.144    7.39363 0.0000e+00
   1915.599     3.3021     3.3013   3.270118   3.270303     1.5891     0.0469     0.0749    4.66278   1889.000    34.9274    34.9305    1494.86    4.66268  1036.5718  1036.5742      1.156    7.39376 0.0000e+00
   1916.618     3.3019     3.3011   3.270122   3.270323     1.5890     0.0423     0.0751    4.66288   1890.000    34.9273    34.9305    1494.87    4.66278  1036.5762  1036.5789      0.984    7.39381 0.0000e+00
   1917.637     3.3030     3.3023   3.270291   3.270493     1.5886     0.0353     0.0749    4.66159   1891.000    34.9275    34.9307    1494.89    4.66149  1036.5808  1036.5834      0.676    7.39358 0.0000e+00
   1918.656     3.3031     3.3024   3.270369   3.270549     1.5883     0.0348     0.0749    4.66124   1892.000    34.9279    34.9308    1494.91    4.66113  1036.5857  1036.5880      0.969    7.39355 0.0000e+00
   1919.674     3.3029     3.3021   3.270390   3.270579     1.5884     0.0355     0.0749    4.66219   1893.000    34.9279    34.9310    1494.93    4.66209  1036.5902  1036.5928      1.357    7.39359 0.0000e+00
   1920.693     3.3018     3.3009   3.270321   3.270503     1.5885     0.0348     0.0749    4.66357   1894.000    34.9278    34.9308    1494.94    4.66347  1036.5948  1036.5974      1.475    7.39381 0.0000e+00
   1921.712     3.3020     3.3014   3.270391   3.270606     1.5881     0.0348     0.0750    4.66245   1895.000    34.9278    34.9311    1494.96    4.66235  1036.5995  1036.6021      1.390    7.39375 0.0000e+00
   1922.730     3.3002     3.2994   3.270241   3.270461     1.5881     0.0366     0.0750    4.66330   1896.000    34.9275    34.9309    1494.97    4.66320  1036.6040  1036.6068      1.132    7.39411 0.0000e+00
   1923.749     3.2990     3.2982   3.270175   3.270362     1.5881     0.0433     0.0749    4.66396   1897.000    34.9275    34.9306    1494.98    4.66386  1036.6088  1036.6113      0.773    7.39433 0.0000e+00
   1924.768     3.2965     3.2956   3.269964   3.270152     1.5879     0.0428     0.0749    4.66394   1898.000    34.9272    34.9303    1494.98    4.66384  1036.6134  1036.6160      0.770    7.39481 0.0000e+00
   1925.786     3.2965     3.2957   3.270012   3.270211     1.5877     0.0472     0.0756    4.66383   1899.000    34.9272    34.9304    1495.00    4.66372  1036.6180  1036.6206      1.051    7.39481 0.0000e+00
   1926.805     3.2974     3.2966   3.270155   3.270335     1.5874     0.0387     0.0749    4.66299   1900.000    34.9275    34.9305    1495.02    4.66288  1036.6227  1036.6251      1.202    7.39463 0.0000e+00
   1927.824     3.2975     3.2967   3.270218   3.270428     1.5869     0.0465     0.0751    4.66160   1901.000    34.9276    34.9310    1495.04    4.66150  1036.6273  1036.6301      1.248    7.39459 0.0000e+00
   1928.843     3.2964     3.2958   3.270162   3.270367     1.5869     0.0538     0.0749    4.66214   1902.000    34.9276    34.9307    1495.05    4.66204  1036.6321  1036.6346      1.218    7.39479 0.0000e+00
   1929.861     3.2963     3.2956   3.270180   3.270388     1.5868     0.0348     0.0749    4.66235   1903.000    34.9274    34.9306    1495.07    4.66225  1036.6366  1036.6392      1.112    7.39482 0.0000e+00
   1930.880     3.2960     3.2953   3.270195   3.270396     1.5868     0.0353     0.0752    4.66298   1904.000    34.9274    34.9305    1495.09    4.66288  1036.6411  1036.6437      0.969    7.39488 0.0000e+00
   1931.899     3.2956     3.2948   3.270189   3.270391     1.5865     0.0383     0.0749    4.66236   1905.000    34.9273    34.9306    1495.10    4.66225  1036.6456  1036.6484      0.908    7.39496 0.0000e+00
   1932.917     3.2951     3.2944   3.270193   3.270391     1.5861     0.0472     0.0753    4.66148   1906.000    34.9274    34.9305    1495.12    4.66137  1036.6504  1036.6530      1.004    7.39505 0.0000e+00
