Cruise Data/Irminger_Sea-01_KN-221_2014-09-07/Ship Data/ctd/process/dkn22104002.cnv
* Sea-Bird SBE 9 Data File:
* FileName = C:\Data\ctd\KN22104002.hdr
* Software Version Seasave V 7.21k
* Temperature SN = 4195
* Conductivity SN = 2147
* Number of Bytes Per Scan = 40
* Number of Voltage Words = 5
* Number of Scans Averaged by the Deck Unit = 1
* NMEA Latitude = 61 59.72 N
* NMEA Longitude = 031 52.35 W
* NMEA UTC (Time) = Sep 08 2014 14:44:00
** KN221-04 Chief Scientist: Bob Weller
** OOI Irminger Sea Sept. 2014
** Station: 002
** Knudsen Depth: 2698
# nquan = 19
# nvalues = 984                         
# units = specified
# name 0 = prDM: Pressure, Digiquartz [db]
# name 1 = t090C: Temperature [ITS-90, deg C]
# name 2 = t190C: Temperature, 2 [ITS-90, deg C]
# name 3 = c0S/m: Conductivity [S/m]
# name 4 = c1S/m: Conductivity, 2 [S/m]
# name 5 = sbeox0V: Oxygen raw, SBE 43 [V]
# name 6 = flECO-AFL: Fluorescence, WET Labs ECO-AFL/FL [mg/m^3]
# name 7 = CStarAt0: Beam Attenuation, WET Labs C-Star [1/m]
# name 8 = sbeox0ML/L: Oxygen, SBE 43 [ml/l]
# name 9 = depSM: Depth [salt water, m], lat = 61.9953
# name 10 = sal00: Salinity, Practical [PSU]
# name 11 = sal11: Salinity, Practical, 2 [PSU]
# name 12 = svDM: Sound Velocity [Delgrosso, m/s]
# name 13 = sbeox0ML/L: Oxygen, SBE 43 [ml/l], WS = 2
# name 14 = density00: Density [density, Kg/m^3]
# name 15 = density11: Density, 2 [density, Kg/m^3]
# name 16 = dz/dtM: Descent Rate [m/s], WS = 2
# name 17 = oxsatML/L: Oxygen Saturation, Weiss [ml/l]
# name 18 = flag: flag
# span 0 =     12.116,   1007.064       
# span 1 =     3.8009,    10.9757       
# span 2 =     3.8003,    10.9705       
# span 3 =   3.271708,   3.892941       
# span 4 =   3.271844,   3.892964       
# span 5 =     1.8034,     2.2267       
# span 6 =     0.0075,     1.5920       
# span 7 =     0.0843,     0.4682       
# span 8 =    4.41040,    5.01940       
# span 9 =     12.000,    995.000       
# span 10 =    34.8867,    35.1113      
# span 11 =    34.8890,    35.1144      
# span 12 =    1476.72,    1493.41      
# span 13 =    4.41026,    5.01927      
# span 14 =  1026.7671,  1032.3623      
# span 15 =  1026.7716,  1032.3646      
# span 16 =     -0.234,      1.824      
# span 17 =    6.18898,    7.30487      
# span 18 = 0.0000e+00, 0.0000e+00      
# interval = meters: 1                  
# start_time = Sep 08 2014 14:44:00 [NMEA time, header]
# bad_flag = -9.990e-29
*END*
[from data line 229]
    243.475     5.7806     5.7796   3.427778   3.427822     1.9692     0.0316     0.0948    4.73569    241.000    35.0013    35.0029    1477.73    4.73552  1028.7021  1028.7035      0.755    6.95770 0.0000e+00
    244.486     5.7798     5.7795   3.427727   3.427824     1.9710     0.0388     0.1008    4.74229    242.000    35.0011    35.0025    1477.74    4.74213  1028.7067  1028.7079      0.830    6.95785 0.0000e+00
    245.497     5.7780     5.7772   3.427584   3.427675     1.9722     0.0431     0.0956    4.74688    243.000    35.0008    35.0027    1477.75    4.74672  1028.7113  1028.7130      1.098    6.95816 0.0000e+00
    246.508     5.7738     5.7727   3.427231   3.427307     1.9726     0.0254     0.0945    4.74959    244.000    35.0006    35.0026    1477.75    4.74942  1028.7164  1028.7181      1.241    6.95886 0.0000e+00
    247.519     5.7671     5.7660   3.426647   3.426766     1.9736     0.0228     0.0947    4.75395    245.000    35.0004    35.0029    1477.74    4.75379  1028.7218  1028.7239      1.255    6.95998 0.0000e+00
    248.530     5.7530     5.7518   3.425336   3.425478     1.9736     0.0226     0.0945    4.75660    246.000    34.9996    35.0025    1477.70    4.75643  1028.7275  1028.7301      1.170    6.96235 0.0000e+00
    249.541     5.7414     5.7404   3.424278   3.424344     1.9735     0.0191     0.0944    4.75829    247.000    34.9991    35.0009    1477.67    4.75812  1028.7334  1028.7349      1.007    6.96430 0.0000e+00
    250.552     5.7398     5.7388   3.424153   3.424193     1.9732     0.0109     0.0946    4.75816    248.000    34.9988    35.0003    1477.68    4.75799  1028.7379  1028.7393      0.838    6.96457 0.0000e+00
    251.562     5.7383     5.7372   3.424028   3.424058     1.9730     0.0194     0.0941    4.75806    249.000    34.9984    34.9999    1477.69    4.75789  1028.7426  1028.7438      0.726    6.96484 0.0000e+00
    252.573     5.7356     5.7347   3.423797   3.423866     1.9731     0.0128     0.0948    4.75955    250.000    34.9981    34.9998    1477.69    4.75938  1028.7472  1028.7488      0.825    6.96530 0.0000e+00
    253.584     5.7244     5.7230   3.422782   3.422881     1.9731     0.0259     0.0944    4.76134    251.000    34.9976    35.0002    1477.66    4.76118  1028.7529  1028.7552      1.095    6.96717 0.0000e+00
    254.595     5.7173     5.7161   3.422173   3.422214     1.9732     0.0428     0.0942    4.76332    252.000    34.9975    34.9992    1477.65    4.76316  1028.7584  1028.7600      1.298    6.96836 0.0000e+00
    255.606     5.7164     5.7153   3.422136   3.422164     1.9726     0.0176     0.0945    4.76219    253.000    34.9976    34.9990    1477.66    4.76203  1028.7633  1028.7645      1.367    6.96851 0.0000e+00
    256.617     5.7144     5.7133   3.422002   3.422041     1.9725     0.0151     0.0943    4.76250    254.000    34.9975    34.9991    1477.67    4.76234  1028.7682  1028.7695      1.292    6.96884 0.0000e+00
    257.628     5.7112     5.7100   3.421737   3.421802     1.9722     0.0232     0.0945    4.76254    255.000    34.9973    34.9993    1477.67    4.76237  1028.7731  1028.7748      1.114    6.96937 0.0000e+00
    258.639     5.7033     5.7021   3.421026   3.421085     1.9722     0.0238     0.0940    4.76422    256.000    34.9969    34.9989    1477.66    4.76406  1028.7784  1028.7800      0.887    6.97071 0.0000e+00
    259.650     5.6992     5.6980   3.420663   3.420700     1.9720     0.0230     0.0937    4.76462    257.000    34.9966    34.9982    1477.66    4.76446  1028.7833  1028.7848      0.733    6.97141 0.0000e+00
    260.661     5.6971     5.6960   3.420503   3.420546     1.9713     0.0238     0.0936    4.76338    258.000    34.9963    34.9980    1477.67    4.76321  1028.7880  1028.7894      0.822    6.97176 0.0000e+00
    261.672     5.6908     5.6896   3.419949   3.420045     1.9709     0.0447     0.0942    4.76327    259.000    34.9961    34.9985    1477.66    4.76311  1028.7933  1028.7953      1.158    6.97282 0.0000e+00
    262.683     5.6847     5.6835   3.419435   3.419480     1.9708     0.0259     0.0943    4.76441    260.000    34.9960    34.9978    1477.65    4.76424  1028.7987  1028.8003      1.396    6.97384 0.0000e+00
    263.694     5.6809     5.6798   3.419113   3.419170     1.9700     0.0192     0.0947    4.76300    261.000    34.9957    34.9976    1477.65    4.76283  1028.8036  1028.8052      1.439    6.97447 0.0000e+00
    264.705     5.6756     5.6745   3.418649   3.418737     1.9698     0.0145     0.0944    4.76371    262.000    34.9954    34.9976    1477.64    4.76354  1028.8087  1028.8105      1.263    6.97537 0.0000e+00
    265.716     5.6672     5.6661   3.417913   3.417976     1.9696     0.0418     0.0937    4.76454    263.000    34.9953    34.9972    1477.63    4.76437  1028.8143  1028.8159      0.817    6.97678 0.0000e+00
    266.727     5.6617     5.6605   3.417415   3.417456     1.9685     0.0399     0.1000    4.76235    264.000    34.9948    34.9965    1477.62    4.76218  1028.8193  1028.8208      0.554    6.97771 0.0000e+00
    267.738     5.6569     5.6557   3.417016   3.417060     1.9688     0.0249     0.0938    4.76462    265.000    34.9948    34.9965    1477.62    4.76446  1028.8246  1028.8260      1.149    6.97852 0.0000e+00
    268.749     5.6540     5.6529   3.416783   3.416842     1.9691     0.0396     0.0933    4.76649    266.000    34.9946    34.9963    1477.62    4.76633  1028.8295  1028.8309      1.459    6.97900 0.0000e+00
    269.760     5.6524     5.6512   3.416668   3.416722     1.9693     0.0447     0.0934    4.76799    267.000    34.9944    34.9963    1477.63    4.76783  1028.8341  1028.8357      1.506    6.97928 0.0000e+00
    270.771     5.6465     5.6453   3.416142   3.416241     1.9695     0.0393     0.0934    4.76977    268.000    34.9941    34.9964    1477.62    4.76960  1028.8392  1028.8413      1.320    6.98028 0.0000e+00
    271.782     5.6407     5.6396   3.415636   3.415694     1.9686     0.0172     0.0934    4.76829    269.000    34.9938    34.9956    1477.62    4.76813  1028.8445  1028.8461      0.925    6.98126 0.0000e+00
    272.793     5.6342     5.6330   3.415052   3.415123     1.9677     0.0359     0.0935    4.76693    270.000    34.9933    34.9954    1477.61    4.76677  1028.8495  1028.8513      0.707    6.98235 0.0000e+00
    273.804     5.6235     5.6224   3.414113   3.414193     1.9660     0.0456     0.0933    4.76308    271.000    34.9932    34.9953    1477.58    4.76292  1028.8555  1028.8573      1.034    6.98414 0.0000e+00
    274.815     5.6198     5.6186   3.413817   3.413857     1.9650     0.0218     0.0932    4.76090    272.000    34.9931    34.9948    1477.58    4.76074  1028.8606  1028.8621      1.261    6.98476 0.0000e+00
    275.826     5.6166     5.6154   3.413549   3.413581     1.9637     0.0164     0.0934    4.75792    273.000    34.9929    34.9945    1477.58    4.75776  1028.8654  1028.8668      1.278    6.98530 0.0000e+00
    276.837     5.6160     5.6148   3.413516   3.413551     1.9629     0.0241     0.0932    4.75589    274.000    34.9926    34.9943    1477.60    4.75572  1028.8700  1028.8715      1.105    6.98542 0.0000e+00
    277.848     5.6124     5.6113   3.413209   3.413270     1.9621     0.0246     0.0927    4.75457    275.000    34.9923    34.9942    1477.60    4.75440  1028.8749  1028.8765      0.810    6.98603 0.0000e+00
    278.859     5.6082     5.6071   3.412852   3.412904     1.9623     0.0375     0.0933    4.75621    276.000    34.9921    34.9938    1477.60    4.75604  1028.8799  1028.8813      0.749    6.98674 0.0000e+00
    279.870     5.5997     5.5985   3.412082   3.412191     1.9619     0.0157     0.0924    4.75668    277.000    34.9917    34.9941    1477.58    4.75652  1028.8853  1028.8873      0.982    6.98818 0.0000e+00
    280.881     5.5927     5.5916   3.411475   3.411529     1.9612     0.0222     0.0932    4.75580    278.000    34.9915    34.9932    1477.57    4.75564  1028.8906  1028.8922      1.136    6.98935 0.0000e+00
    281.892     5.5906     5.5894   3.411310   3.411365     1.9607     0.0243     0.0932    4.75489    279.000    34.9912    34.9931    1477.58    4.75473  1028.8954  1028.8970      1.156    6.98971 0.0000e+00
    282.903     5.5865     5.5853   3.410943   3.411006     1.9594     0.0226     0.0934    4.75195    280.000    34.9908    34.9928    1477.58    4.75179  1028.9001  1028.9019      1.119    6.99041 0.0000e+00
    283.914     5.5810     5.5799   3.410454   3.410528     1.9585     0.0231     0.0932    4.75017    281.000    34.9904    34.9924    1477.57    4.75000  1028.9052  1028.9070      1.105    6.99135 0.0000e+00
    284.925     5.5750     5.5739   3.409921   3.409986     1.9577     0.0303     0.0934    4.74917    282.000    34.9900    34.9920    1477.56    4.74901  1028.9103  1028.9120      1.082    6.99236 0.0000e+00
    285.936     5.5695     5.5682   3.409429   3.409476     1.9571     0.0377     0.0931    4.74842    283.000    34.9896    34.9915    1477.55    4.74826  1028.9154  1028.9170      1.040    6.99331 0.0000e+00
    286.947     5.5660     5.5649   3.409131   3.409172     1.9564     0.0304     0.0928    4.74732    284.000    34.9893    34.9909    1477.56    4.74716  1028.9203  1028.9216      0.987    6.99390 0.0000e+00
    287.958     5.5627     5.5616   3.408851   3.408906     1.9563     0.0452     0.0934    4.74780    285.000    34.9891    34.9908    1477.56    4.74764  1028.9252  1028.9266      0.925    6.99447 0.0000e+00
    288.969     5.5602     5.5591   3.408656   3.408706     1.9558     0.0431     0.0931    4.74715    286.000    34.9889    34.9906    1477.57    4.74698  1028.9299  1028.9314      0.853    6.99489 0.0000e+00
    289.980     5.5580     5.5569   3.408501   3.408556     1.9558     0.0232     0.0926    4.74820    287.000    34.9888    34.9906    1477.57    4.74804  1028.9348  1028.9364      0.863    6.99525 0.0000e+00
    290.991     5.5543     5.5531   3.408191   3.408257     1.9554     0.0199     0.0927    4.74785    288.000    34.9887    34.9906    1477.57    4.74769  1028.9398  1028.9415      1.013    6.99589 0.0000e+00
    292.003     5.5446     5.5434   3.407297   3.407393     1.9552     0.0372     0.0929    4.74918    289.000    34.9880    34.9904    1477.55    4.74902  1028.9452  1028.9473      1.195    6.99754 0.0000e+00
    293.014     5.5338     5.5322   3.406316   3.406424     1.9547     0.0390     0.0935    4.74935    290.000    34.9875    34.9904    1477.52    4.74919  1028.9508  1028.9534      1.268    6.99935 0.0000e+00
    294.025     5.5239     5.5227   3.405442   3.405474     1.9538     0.0240     0.0929    4.74823    291.000    34.9873    34.9889    1477.50    4.74807  1028.9567  1028.9580      1.153    7.00102 0.0000e+00
    295.036     5.5248     5.5236   3.405562   3.405607     1.9530     0.0230     0.0938    4.74628    292.000    34.9872    34.9889    1477.52    4.74612  1028.9611  1028.9625      0.838    7.00088 0.0000e+00
    296.047     5.5281     5.5271   3.405957   3.405943     1.9521     0.0233     0.0929    4.74328    293.000    34.9878    34.9886    1477.55    4.74312  1028.9657  1028.9666      0.719    7.00030 0.0000e+00
    297.058     5.5362     5.5347   3.406906   3.406931     1.9510     0.0431     0.0931    4.73954    294.000    34.9897    34.9915    1477.60    4.73938  1028.9708  1028.9724      1.084    6.99886 0.0000e+00
    298.069     5.5315     5.5306   3.406543   3.406628     1.9499     0.0434     0.0934    4.73694    295.000    34.9899    34.9918    1477.60    4.73678  1028.9763  1028.9779      1.353    6.99964 0.0000e+00
    299.080     5.5231     5.5221   3.405772   3.405949     1.9493     0.0369     0.0934    4.73653    296.000    34.9893    34.9923    1477.58    4.73637  1028.9816  1028.9840      1.421    7.00107 0.0000e+00
    300.092     5.5154     5.5139   3.405091   3.405116     1.9478     0.0238     0.0933    4.73336    297.000    34.9890    34.9909    1477.57    4.73320  1028.9868  1028.9885      1.333    7.00236 0.0000e+00
    301.103     5.5127     5.5112   3.404874   3.404873     1.9468     0.0248     0.0934    4.73089    298.000    34.9888    34.9903    1477.57    4.73073  1028.9917  1028.9930      1.122    7.00282 0.0000e+00
    302.114     5.5123     5.5113   3.404854   3.404905     1.9457     0.0395     0.0934    4.72822    299.000    34.9884    34.9900    1477.59    4.72806  1028.9961  1028.9976      0.859    7.00291 0.0000e+00
    303.125     5.5107     5.5097   3.404751   3.404813     1.9443     0.0389     0.0934    4.72449    300.000    34.9884    34.9901    1477.60    4.72433  1029.0010  1029.0024      0.602    7.00317 0.0000e+00
    304.136     5.5046     5.5034   3.404222   3.404279     1.9438     0.0212     0.0933    4.72410    301.000    34.9882    34.9901    1477.59    4.72394  1029.0062  1029.0078      0.698    7.00421 0.0000e+00
    305.147     5.4967     5.4953   3.403541   3.403608     1.9429     0.0126     0.0934    4.72278    302.000    34.9881    34.9903    1477.57    4.72262  1029.0118  1029.0137      1.168    7.00554 0.0000e+00
    306.159     5.4906     5.4893   3.403018   3.403076     1.9422     0.0476     0.0935    4.72171    303.000    34.9880    34.9899    1477.56    4.72155  1029.0172  1029.0189      1.491    7.00657 0.0000e+00
    307.170     5.4875     5.4863   3.402785   3.402832     1.9417     0.0293     0.0934    4.72101    304.000    34.9880    34.9897    1477.57    4.72085  1029.0222  1029.0238      1.650    7.00708 0.0000e+00
    308.181     5.4862     5.4849   3.402713   3.402766     1.9414     0.0104     0.0933    4.72099    305.000    34.9880    34.9899    1477.58    4.72084  1029.0270  1029.0287      1.633    7.00730 0.0000e+00
    309.192     5.4845     5.4834   3.402617   3.402656     1.9407     0.0207     0.0937    4.71962    306.000    34.9881    34.9897    1477.59    4.71946  1029.0320  1029.0333      1.420    7.00758 0.0000e+00
    310.203     5.4870     5.4858   3.402971   3.402994     1.9401     0.0346     0.0936    4.71778    307.000    34.9891    34.9906    1477.62    4.71762  1029.0371  1029.0383      0.958    7.00712 0.0000e+00
    311.214     5.4820     5.4809   3.402549   3.402594     1.9381     0.0331     0.0935    4.71263    308.000    34.9889    34.9905    1477.61    4.71247  1029.0422  1029.0436      0.541    7.00796 0.0000e+00
    312.226     5.4802     5.4792   3.402443   3.402497     1.9358     0.0433     0.0931    4.70562    309.000    34.9890    34.9907    1477.62    4.70547  1029.0472  1029.0487      0.961    7.00825 0.0000e+00
    313.237     5.4740     5.4724   3.401941   3.402002     1.9345     0.0217     0.0928    4.70284    310.000    34.9892    34.9916    1477.61    4.70268  1029.0527  1029.0549      1.284    7.00928 0.0000e+00
    314.248     5.4693     5.4680   3.401528   3.401599     1.9332     0.0112     0.0925    4.69978    311.000    34.9889    34.9910    1477.61    4.69962  1029.0577  1029.0597      1.370    7.01009 0.0000e+00
    315.259     5.4636     5.4623   3.401007   3.401090     1.9321     0.0104     0.0923    4.69768    312.000    34.9884    34.9907    1477.60    4.69752  1029.0627  1029.0647      1.237    7.01108 0.0000e+00
    316.270     5.4574     5.4563   3.400435   3.400524     1.9311     0.0230     0.0925    4.69549    313.000    34.9877    34.9898    1477.59    4.69533  1029.0676  1029.0695      0.874    7.01214 0.0000e+00
    317.282     5.4500     5.4485   3.399760   3.399764     1.9292     0.0255     0.0924    4.69099    314.000    34.9872    34.9887    1477.58    4.69084  1029.0729  1029.0743      0.679    7.01340 0.0000e+00
    318.293     5.4444     5.4429   3.399271   3.399323     1.9282     0.0387     0.0933    4.68892    315.000    34.9869    34.9890    1477.57    4.68877  1029.0780  1029.0798      1.084    7.01436 0.0000e+00
