Cruise Data/Irminger_Sea-01_KN-221_2014-09-07/Ship Data/ctd/process/dkn22104008.cnv
* Sea-Bird SBE 9 Data File:
* FileName = C:\Data\ctd\KN22104008.hdr
* Software Version Seasave V 7.21k
* Temperature SN = 4195
* Conductivity SN = 2147
* Number of Bytes Per Scan = 40
* Number of Voltage Words = 5
* Number of Scans Averaged by the Deck Unit = 1
* NMEA Latitude = 59 14.19 N
* NMEA Longitude = 039 30.13 W
* NMEA UTC (Time) = Sep 16 2014 21:05:14
** KN221-04 Chief Scientist: Bob Weller
** OOI Irminger Sea Sept. 2014
** Station: 008
** Knudsen Depth: 3030
# nquan = 19
# nvalues = 2984                        
# units = specified
# name 0 = prDM: Pressure, Digiquartz [db]
# name 1 = t090C: Temperature [ITS-90, deg C]
# name 2 = t190C: Temperature, 2 [ITS-90, deg C]
# name 3 = c0S/m: Conductivity [S/m]
# name 4 = c1S/m: Conductivity, 2 [S/m]
# name 5 = sbeox0V: Oxygen raw, SBE 43 [V]
# name 6 = flECO-AFL: Fluorescence, WET Labs ECO-AFL/FL [mg/m^3]
# name 7 = CStarAt0: Beam Attenuation, WET Labs C-Star [1/m]
# name 8 = sbeox0ML/L: Oxygen, SBE 43 [ml/l]
# name 9 = depSM: Depth [salt water, m], lat = 59.2365
# name 10 = sal00: Salinity, Practical [PSU]
# name 11 = sal11: Salinity, Practical, 2 [PSU]
# name 12 = svDM: Sound Velocity [Delgrosso, m/s]
# name 13 = sbeox0ML/L: Oxygen, SBE 43 [ml/l], WS = 2
# name 14 = density00: Density [density, Kg/m^3]
# name 15 = density11: Density, 2 [density, Kg/m^3]
# name 16 = dz/dtM: Descent Rate [m/s], WS = 2
# name 17 = oxsatML/L: Oxygen Saturation, Weiss [ml/l]
# name 18 = flag: flag
# span 0 =      3.028,   3035.946       
# span 1 =     1.2916,     7.6000       
# span 2 =     1.2903,     7.6014       
# span 3 =   3.133929,   3.567322       
# span 4 =   3.134085,   3.567623       
# span 5 =     1.4611,     2.1807       
# span 6 =     0.0105,     0.7236       
# span 7 =     0.0738,     0.2496       
# span 8 =    4.63567,    5.12940       
# span 9 =      3.000,   2986.000       
# span 10 =    34.8129,    34.9328      
# span 11 =    34.8159,    34.9363      
# span 12 =    1470.34,    1507.00      
# span 13 =    4.63556,    5.12935      
# span 14 =  1027.2057,  1041.8280      
# span 15 =  1027.2086,  1041.8308      
# span 16 =     -0.044,      1.633      
# span 17 =    6.67625,    7.78318      
# span 18 = 0.0000e+00, 0.0000e+00      
# interval = meters: 1                  
# start_time = Sep 16 2014 21:05:14 [NMEA time, header]
# bad_flag = -9.990e-29
*END*
[from data line 915]
    928.754     3.5385     3.5381   3.243651   3.243822     1.8527     0.0366     0.0778    5.06015    918.000    34.8551    34.8576    1479.47    5.06004  1032.0114  1032.0134      0.888    7.35399 0.0000e+00
    929.768     3.5384     3.5373   3.243683   3.243811     1.8524     0.0268     0.0772    5.05972    919.000    34.8550    34.8577    1479.48    5.05960  1032.0160  1032.0182      0.798    7.35401 0.0000e+00
    930.782     3.5341     3.5344   3.243303   3.243593     1.8519     0.0346     0.0772    5.05907    920.000    34.8545    34.8578    1479.48    5.05896  1032.0208  1032.0232      0.835    7.35482 0.0000e+00
    931.796     3.5278     3.5273   3.242741   3.242923     1.8510     0.0286     0.0777    5.05720    921.000    34.8540    34.8568    1479.47    5.05708  1032.0256  1032.0280      1.046    7.35599 0.0000e+00
    932.810     3.5240     3.5238   3.242395   3.242622     1.8501     0.0293     0.0773    5.05515    922.000    34.8534    34.8564    1479.47    5.05503  1032.0303  1032.0327      1.237    7.35671 0.0000e+00
    933.824     3.5236     3.5230   3.242402   3.242576     1.8501     0.0362     0.0772    5.05556    923.000    34.8533    34.8561    1479.49    5.05545  1032.0349  1032.0372      1.320    7.35679 0.0000e+00
    934.838     3.5231     3.5226   3.242395   3.242575     1.8501     0.0233     0.0771    5.05641    924.000    34.8533    34.8560    1479.50    5.05629  1032.0396  1032.0419      1.309    7.35688 0.0000e+00
    935.852     3.5231     3.5224   3.242430   3.242587     1.8486     0.0328     0.0771    5.05157    925.000    34.8531    34.8558    1479.52    5.05146  1032.0442  1032.0464      1.209    7.35689 0.0000e+00
    936.866     3.5238     3.5231   3.242535   3.242690     1.8490     0.0278     0.0778    5.05353    926.000    34.8532    34.8558    1479.54    5.05342  1032.0487  1032.0509      0.968    7.35676 0.0000e+00
    937.880     3.5252     3.5244   3.242717   3.242859     1.8500     0.0416     0.0773    5.05774    927.000    34.8533    34.8559    1479.56    5.05762  1032.0533  1032.0554      0.679    7.35650 0.0000e+00
    938.894     3.5249     3.5244   3.242731   3.242901     1.8503     0.0319     0.0775    5.05970    928.000    34.8533    34.8559    1479.57    5.05959  1032.0580  1032.0601      0.808    7.35655 0.0000e+00
    939.908     3.5245     3.5239   3.242752   3.242917     1.8503     0.0220     0.0770    5.06052    929.000    34.8534    34.8560    1479.59    5.06040  1032.0627  1032.0648      1.101    7.35662 0.0000e+00
    940.922     3.5248     3.5241   3.242816   3.242968     1.8499     0.0251     0.0770    5.05967    930.000    34.8534    34.8560    1479.61    5.05955  1032.0674  1032.0695      1.254    7.35657 0.0000e+00
    941.936     3.5249     3.5241   3.242872   3.243011     1.8495     0.0347     0.0770    5.05881    931.000    34.8534    34.8559    1479.62    5.05869  1032.0720  1032.0741      1.237    7.35655 0.0000e+00
    942.950     3.5248     3.5242   3.242903   3.243061     1.8499     0.0240     0.0779    5.06083    932.000    34.8533    34.8559    1479.64    5.06071  1032.0765  1032.0787      1.043    7.35657 0.0000e+00
    943.964     3.5251     3.5244   3.242968   3.243124     1.8492     0.0342     0.0779    5.05875    933.000    34.8533    34.8559    1479.66    5.05864  1032.0812  1032.0833      0.750    7.35652 0.0000e+00
    944.978     3.5254     3.5247   3.243041   3.243195     1.8498     0.0348     0.0770    5.06162    934.000    34.8533    34.8559    1479.68    5.06150  1032.0858  1032.0879      0.789    7.35647 0.0000e+00
    945.992     3.5257     3.5247   3.243116   3.243247     1.8494     0.0348     0.0774    5.06069    935.000    34.8534    34.8560    1479.69    5.06057  1032.0903  1032.0925      1.127    7.35641 0.0000e+00
    947.006     3.5271     3.5264   3.243309   3.243449     1.8492     0.0312     0.0779    5.06065    936.000    34.8536    34.8561    1479.72    5.06053  1032.0951  1032.0972      1.289    7.35614 0.0000e+00
    948.020     3.5274     3.5265   3.243375   3.243526     1.8490     0.0244     0.0781    5.06045    937.000    34.8537    34.8564    1479.73    5.06033  1032.0997  1032.1019      1.289    7.35609 0.0000e+00
    949.034     3.5285     3.5274   3.243530   3.243628     1.8491     0.0465     0.0772    5.06120    938.000    34.8538    34.8561    1479.76    5.06109  1032.1044  1032.1062      1.169    7.35588 0.0000e+00
    950.048     3.5337     3.5325   3.244111   3.244174     1.8485     0.0369     0.0771    5.05911    939.000    34.8546    34.8567    1479.80    5.05900  1032.1090  1032.1108      0.921    7.35488 0.0000e+00
    951.063     3.5353     3.5349   3.244311   3.244489     1.8479     0.0427     0.0771    5.05731    940.000    34.8548    34.8574    1479.82    5.05720  1032.1135  1032.1157      0.668    7.35459 0.0000e+00
    952.077     3.5368     3.5360   3.244510   3.244655     1.8473     0.0355     0.0777    5.05537    941.000    34.8551    34.8577    1479.84    5.05525  1032.1183  1032.1204      0.909    7.35430 0.0000e+00
    953.091     3.5375     3.5372   3.244629   3.244811     1.8473     0.0354     0.0777    5.05608    942.000    34.8553    34.8578    1479.86    5.05596  1032.1229  1032.1250      1.212    7.35417 0.0000e+00
    954.105     3.5391     3.5384   3.244842   3.244986     1.8471     0.0348     0.0770    5.05557    943.000    34.8556    34.8581    1479.89    5.05546  1032.1276  1032.1296      1.319    7.35386 0.0000e+00
    955.119     3.5392     3.5386   3.244897   3.245055     1.8470     0.0348     0.0770    5.05597    944.000    34.8555    34.8581    1479.90    5.05586  1032.1322  1032.1343      1.242    7.35383 0.0000e+00
    956.133     3.5397     3.5391   3.244983   3.245152     1.8466     0.0229     0.0770    5.05498    945.000    34.8556    34.8582    1479.92    5.05487  1032.1368  1032.1389      0.991    7.35375 0.0000e+00
    957.147     3.5420     3.5412   3.245273   3.245389     1.8457     0.0264     0.0770    5.05212    946.000    34.8561    34.8583    1479.95    5.05200  1032.1416  1032.1434      0.786    7.35331 0.0000e+00
    958.161     3.5444     3.5436   3.245563   3.245695     1.8453     0.0348     0.0778    5.05091    947.000    34.8565    34.8589    1479.98    5.05080  1032.1462  1032.1483      0.921    7.35285 0.0000e+00
    959.175     3.5458     3.5451   3.245763   3.245915     1.8446     0.0354     0.0780    5.04853    948.000    34.8568    34.8593    1480.00    5.04841  1032.1510  1032.1531      1.086    7.35257 0.0000e+00
    960.189     3.5467     3.5460   3.245901   3.246030     1.8445     0.0318     0.0772    5.04865    949.000    34.8569    34.8593    1480.02    5.04853  1032.1556  1032.1576      1.170    7.35240 0.0000e+00
    961.203     3.5482     3.5475   3.246087   3.246224     1.8441     0.0226     0.0777    5.04759    950.000    34.8571    34.8595    1480.04    5.04748  1032.1602  1032.1621      1.122    7.35212 0.0000e+00
    962.218     3.5500     3.5493   3.246319   3.246474     1.8434     0.0231     0.0772    5.04567    951.000    34.8574    34.8600    1480.07    5.04555  1032.1648  1032.1670      0.955    7.35178 0.0000e+00
    963.232     3.5508     3.5503   3.246447   3.246603     1.8433     0.0267     0.0775    5.04557    952.000    34.8576    34.8600    1480.09    5.04545  1032.1696  1032.1715      0.891    7.35162 0.0000e+00
    964.246     3.5544     3.5533   3.246861   3.246971     1.8426     0.0355     0.0769    5.04336    953.000    34.8582    34.8607    1480.12    5.04324  1032.1742  1032.1763      1.021    7.35094 0.0000e+00
    965.260     3.5556     3.5548   3.247014   3.247162     1.8429     0.0385     0.0772    5.04501    954.000    34.8582    34.8608    1480.14    5.04489  1032.1787  1032.1809      1.049    7.35072 0.0000e+00
    966.274     3.5557     3.5551   3.247083   3.247251     1.8418     0.0431     0.0771    5.04121    955.000    34.8584    34.8610    1480.16    5.04109  1032.1835  1032.1857      0.964    7.35069 0.0000e+00
    967.288     3.5562     3.5556   3.247187   3.247342     1.8408     0.0302     0.0776    5.03825    956.000    34.8586    34.8611    1480.18    5.03814  1032.1882  1032.1902      0.912    7.35059 0.0000e+00
    968.302     3.5579     3.5572   3.247413   3.247550     1.8402     0.0178     0.0779    5.03631    957.000    34.8589    34.8613    1480.20    5.03620  1032.1929  1032.1948      1.040    7.35026 0.0000e+00
    969.317     3.5599     3.5594   3.247661   3.247828     1.8396     0.0189     0.0776    5.03462    958.000    34.8592    34.8618    1480.23    5.03450  1032.1975  1032.1996      1.219    7.34988 0.0000e+00
    970.331     3.5613     3.5607   3.247851   3.248027     1.8387     0.0473     0.0770    5.03175    959.000    34.8596    34.8623    1480.25    5.03164  1032.2023  1032.2045      1.273    7.34962 0.0000e+00
    971.345     3.5611     3.5604   3.247875   3.248030     1.8384     0.0251     0.0773    5.03112    960.000    34.8595    34.8622    1480.27    5.03100  1032.2069  1032.2091      1.158    7.34965 0.0000e+00
    972.359     3.5637     3.5628   3.248182   3.248299     1.8380     0.0337     0.0771    5.02998    961.000    34.8599    34.8622    1480.29    5.02987  1032.2115  1032.2135      0.925    7.34916 0.0000e+00
    973.373     3.5663     3.5656   3.248487   3.248651     1.8373     0.0352     0.0773    5.02775    962.000    34.8603    34.8629    1480.32    5.02764  1032.2162  1032.2183      0.736    7.34867 0.0000e+00
    974.387     3.5684     3.5675   3.248760   3.248899     1.8361     0.0347     0.0774    5.02365    963.000    34.8607    34.8633    1480.35    5.02353  1032.2208  1032.2230      0.789    7.34826 0.0000e+00
    975.402     3.5698     3.5690   3.248951   3.249097     1.8359     0.0348     0.0776    5.02310    964.000    34.8610    34.8636    1480.37    5.02299  1032.2256  1032.2277      1.002    7.34800 0.0000e+00
    976.416     3.5714     3.5706   3.249165   3.249307     1.8350     0.0231     0.0774    5.02021    965.000    34.8614    34.8639    1480.40    5.02009  1032.2302  1032.2324      1.104    7.34769 0.0000e+00
    977.430     3.5714     3.5707   3.249214   3.249378     1.8343     0.0105     0.0777    5.01849    966.000    34.8614    34.8641    1480.41    5.01837  1032.2349  1032.2372      1.058    7.34768 0.0000e+00
    978.444     3.5715     3.5708   3.249263   3.249419     1.8339     0.0212     0.0786    5.01745    967.000    34.8614    34.8640    1480.43    5.01733  1032.2395  1032.2417      1.021    7.34767 0.0000e+00
    979.458     3.5714     3.5705   3.249309   3.249457     1.8333     0.0357     0.0773    5.01593    968.000    34.8615    34.8642    1480.45    5.01581  1032.2443  1032.2465      1.113    7.34768 0.0000e+00
    980.473     3.5710     3.5707   3.249300   3.249513     1.8328     0.0348     0.0775    5.01482    969.000    34.8613    34.8642    1480.46    5.01470  1032.2488  1032.2511      1.190    7.34776 0.0000e+00
    981.487     3.5708     3.5693   3.249334   3.249429     1.8318     0.0353     0.0771    5.01179    970.000    34.8614    34.8641    1480.48    5.01167  1032.2535  1032.2559      1.114    7.34779 0.0000e+00
    982.501     3.5647     3.5638   3.248772   3.248920     1.8306     0.0348     0.0774    5.00856    971.000    34.8607    34.8634    1480.47    5.00844  1032.2583  1032.2606      0.857    7.34895 0.0000e+00
    983.515     3.5632     3.5629   3.248664   3.248856     1.8293     0.0362     0.0776    5.00458    972.000    34.8604    34.8631    1480.48    5.00446  1032.2629  1032.2651      0.677    7.34923 0.0000e+00
    984.529     3.5634     3.5629   3.248733   3.248896     1.8284     0.0348     0.0770    5.00185    973.000    34.8605    34.8630    1480.49    5.00173  1032.2676  1032.2697      0.984    7.34918 0.0000e+00
    985.544     3.5637     3.5630   3.248809   3.248969     1.8280     0.0361     0.0777    5.00105    974.000    34.8606    34.8632    1480.51    5.00093  1032.2723  1032.2745      1.211    7.34913 0.0000e+00
    986.558     3.5638     3.5634   3.248863   3.249053     1.8277     0.0293     0.0772    5.00049    975.000    34.8606    34.8633    1480.53    5.00037  1032.2770  1032.2792      1.279    7.34912 0.0000e+00
    987.572     3.5677     3.5666   3.249281   3.249394     1.8278     0.0265     0.0775    5.00114    976.000    34.8609    34.8634    1480.56    5.00102  1032.2814  1032.2834      1.198    7.34839 0.0000e+00
    988.586     3.5680     3.5671   3.249361   3.249498     1.8277     0.0347     0.0776    5.00122    977.000    34.8610    34.8637    1480.58    5.00110  1032.2860  1032.2882      0.956    7.34832 0.0000e+00
    989.601     3.5688     3.5685   3.249480   3.249696     1.8276     0.0297     0.0781    5.00130    978.000    34.8611    34.8640    1480.60    5.00118  1032.2906  1032.2930      0.723    7.34818 0.0000e+00
    990.615     3.5661     3.5646   3.249252   3.249362     1.8275     0.0411     0.0784    5.00213    979.000    34.8607    34.8636    1480.60    5.00201  1032.2953  1032.2977      0.900    7.34869 0.0000e+00
    991.629     3.5656     3.5644   3.249286   3.249382     1.8273     0.0472     0.0781    5.00201    980.000    34.8611    34.8635    1480.62    5.00190  1032.3003  1032.3024      1.170    7.34876 0.0000e+00
    992.643     3.5692     3.5683   3.249683   3.249764     1.8269     0.0340     0.0773    5.00054    981.000    34.8615    34.8634    1480.65    5.00042  1032.3048  1032.3064      1.312    7.34809 0.0000e+00
    993.658     3.5743     3.5738   3.250240   3.250412     1.8270     0.0259     0.0781    5.00087    982.000    34.8622    34.8648    1480.69    5.00075  1032.3093  1032.3114      1.316    7.34711 0.0000e+00
    994.672     3.5753     3.5745   3.250392   3.250547     1.8265     0.0345     0.0780    4.99971    983.000    34.8624    34.8651    1480.71    4.99959  1032.3141  1032.3163      1.192    7.34692 0.0000e+00
    995.686     3.5770     3.5767   3.250611   3.250793     1.8263     0.0348     0.0778    4.99918    984.000    34.8627    34.8653    1480.74    4.99907  1032.3187  1032.3208      0.964    7.34660 0.0000e+00
    996.701     3.5787     3.5779   3.250816   3.250990     1.8258     0.0348     0.0776    4.99773    985.000    34.8628    34.8657    1480.76    4.99761  1032.3232  1032.3256      0.716    7.34629 0.0000e+00
    997.715     3.5803     3.5795   3.251051   3.251171     1.8249     0.0352     0.0777    4.99487    986.000    34.8634    34.8658    1480.78    4.99475  1032.3281  1032.3301      0.788    7.34597 0.0000e+00
    998.729     3.5810     3.5801   3.251152   3.251322     1.8241     0.0261     0.0782    4.99234    987.000    34.8634    34.8663    1480.80    4.99223  1032.3326  1032.3351      1.061    7.34585 0.0000e+00
    999.744     3.5811     3.5802   3.251236   3.251370     1.8238     0.0396     0.0780    4.99182    988.000    34.8637    34.8663    1480.82    4.99171  1032.3375  1032.3396      1.229    7.34581 0.0000e+00
   1000.758     3.5830     3.5822   3.251452   3.251595     1.8232     0.0376     0.0779    4.99025    989.000    34.8638    34.8664    1480.85    4.99013  1032.3420  1032.3441      1.297    7.34546 0.0000e+00
   1001.772     3.5826     3.5819   3.251471   3.251638     1.8232     0.0245     0.0773    4.99100    990.000    34.8639    34.8667    1480.86    4.99088  1032.3468  1032.3490      1.260    7.34553 0.0000e+00
   1002.786     3.5823     3.5815   3.251473   3.251640     1.8230     0.0345     0.0774    4.99072    991.000    34.8637    34.8666    1480.88    4.99060  1032.3513  1032.3536      1.099    7.34559 0.0000e+00
   1003.801     3.5831     3.5831   3.251603   3.251819     1.8222     0.0272     0.0772    4.98827    992.000    34.8639    34.8665    1480.90    4.98816  1032.3560  1032.3580      0.852    7.34544 0.0000e+00
