Cruise Data/Irminger_Sea-01_KN-221_2014-09-07/Ship Data/ctd/process/kkn22104005.ros
* Sea-Bird SBE 9 Data File:
* FileName = C:\Data\ctd\KN22104005.hdr
* Software Version Seasave V 7.21k
* Temperature SN = 4195
* Conductivity SN = 2147
* Number of Bytes Per Scan = 40
* Number of Voltage Words = 5
* Number of Scans Averaged by the Deck Unit = 1
* NMEA Latitude = 59 55.45 N
* NMEA Longitude = 039 30.56 W
* NMEA UTC (Time) = Sep 11 2014 22:48:32
** KN221-04 Chief Scientist: Bob Weller
** OOI Irminger Sea Sept. 2014
** Station: 005
** Knudsen Depth: 2715
# nquan = 12
# nvalues = 588                                   
# units = specified
# name 0 = prDM: Pressure, Digiquartz [db]
# name 1 = t090C: Temperature [ITS-90, deg C]
# name 2 = t190C: Temperature, 2 [ITS-90, deg C]
# name 3 = c0S/m: Conductivity [S/m]
# name 4 = c1S/m: Conductivity, 2 [S/m]
# name 5 = sbeox0V: Oxygen raw, SBE 43 [V]
# name 6 = flECO-AFL: Fluorescence, WET Labs ECO-AFL/FL [mg/m^3]
# name 7 = CStarAt0: Beam Attenuation, WET Labs C-Star [1/m]
# name 8 = sbeox0ML/L: Oxygen, SBE 43 [ml/l]
# name 9 = scan: Scan Count
# name 10 = nbf: Bottles Fired
# name 11 = flag:  0.000e+00
# interval = seconds: 0.0416667
# start_time = Sep 11 2014 22:48:32 [NMEA time, header]
# bad_flag = -9.990e-29
*END*
[from data line 241]
    102.781     5.0231     5.0228   3.347336   3.347564     2.0164     0.0348     0.0912    4.89522      80380          5  0.000e+00
    102.726     5.0232     5.0228   3.347318   3.347532     2.0164     0.0348     0.0912    4.89517      80381          5  0.000e+00
    102.726     5.0235     5.0228   3.347305   3.347532     2.0164     0.0470     0.0912    4.89515      80382          5  0.000e+00
    102.726     5.0234     5.0226   3.347312   3.347500     2.0164     0.0470     0.0912    4.89516      80383          5  0.000e+00
     23.293     9.1959     9.1944   3.711893   3.712113     2.2074     1.7686     0.3825    4.93487      85355          6  0.000e+00
     23.293     9.1957     9.1939   3.711893   3.712153     2.2074     1.7686     0.3825    4.93488      85356          6  0.000e+00
     23.293     9.1952     9.1943   3.711880   3.712113     2.2074     1.7686     0.3825    4.93493      85357          6  0.000e+00
     23.261     9.1955     9.1939   3.711880   3.712120     2.2074     1.7686     0.3825    4.93489      85358          6  0.000e+00
     23.230     9.1952     9.1938   3.711861   3.712113     2.2074     1.7686     0.3837    4.93489      85359          6  0.000e+00
     23.348     9.1947     9.1941   3.711836   3.712120     2.2086     1.8053     0.3837    4.93854      85360          6  0.000e+00
     23.348     9.1947     9.1938   3.711823   3.712047     2.2086     1.8419     0.3837    4.93854      85361          6  0.000e+00
     23.230     9.1948     9.1936   3.711817   3.712053     2.2074     1.8419     0.3825    4.93494      85362          6  0.000e+00
     23.317     9.1944     9.1939   3.711836   3.712047     2.2074     1.8419     0.3825    4.93502      85363          6  0.000e+00
     23.293     9.1944     9.1937   3.711804   3.712053     2.2074     1.8419     0.3825    4.93502      85364          6  0.000e+00
     23.348     9.1944     9.1936   3.711804   3.712080     2.2074     1.8419     0.3825    4.93505      85365          6  0.000e+00
     23.230     9.1943     9.1934   3.711823   3.712053     2.2074     1.8419     0.3837    4.93498      85366          6  0.000e+00
     23.293     9.1944     9.1934   3.711773   3.712053     2.2074     1.8419     0.3849    4.93502      85367          6  0.000e+00
     23.317     9.1947     9.1931   3.711754   3.712013     2.2086     1.8419     0.3860    4.93854      85368          6  0.000e+00
     23.293     9.1947     9.1931   3.711735   3.712020     2.2086     1.8419     0.3860    4.93853      85369          6  0.000e+00
     23.293     9.1947     9.1927   3.711696   3.712013     2.2074     1.8419     0.3849    4.93502      85370          6  0.000e+00
     23.293     9.1944     9.1926   3.711735   3.711987     2.2061     1.8419     0.3849    4.93151      85371          6  0.000e+00
     23.262     9.1943     9.1926   3.711773   3.712013     2.2074     1.8419     0.3849    4.93501      85372          6  0.000e+00
     23.293     9.1946     9.1928   3.711792   3.712020     2.2074     1.8419     0.3849    4.93500      85373          6  0.000e+00
     23.293     9.1947     9.1926   3.711766   3.712013     2.2086     1.8419     0.3849    4.93852      85374          6  0.000e+00
     23.230     9.1948     9.1926   3.711798   3.711953     2.2074     1.8419     0.3849    4.93494      85375          6  0.000e+00
     23.293     9.1947     9.1926   3.711747   3.711980     2.2074     1.8419     0.3849    4.93500      85376          6  0.000e+00
     23.262     9.1944     9.1926   3.711766   3.711953     2.2074     1.8419     0.3849    4.93500      85377          6  0.000e+00
     23.230     9.1947     9.1926   3.711785   3.711947     2.2074     1.8419     0.3849    4.93495      85378          6  0.000e+00
     23.230     9.1951     9.1923   3.711766   3.711953     2.2074     1.8419     0.3849    4.93492      85379          6  0.000e+00
     23.230     9.1949     9.1916   3.711735   3.711913     2.2074     1.8419     0.3849    4.93495      85380          6  0.000e+00
     23.293     9.1941     9.1918   3.711671   3.711920     2.2074     1.8419     0.3860    4.93508      85381          6  0.000e+00
     23.199     9.1947     9.1919   3.711703   3.711913     2.2074     1.8419     0.3860    4.93495      85382          6  0.000e+00
     23.230     9.1959     9.1921   3.711741   3.711887     2.2086     1.8419     0.3849    4.93838      85383          6  0.000e+00
     23.230     9.1959     9.1929   3.711734   3.711846     2.2086     1.8297     0.3849    4.93839      85384          6  0.000e+00
     23.230     9.1957     9.1934   3.711722   3.711886     2.2074     1.7931     0.3849    4.93489      85385          6  0.000e+00
     23.175     9.1949     9.1941   3.711747   3.711880     2.2074     1.7931     0.3849    4.93491      85386          6  0.000e+00
     23.199     9.1944     9.1937   3.711760   3.711920     2.2074     1.7931     0.3837    4.93495      85387          6  0.000e+00
     23.230     9.1943     9.1938   3.711754   3.711953     2.2074     1.7931     0.3837    4.93499      85388          6  0.000e+00
     23.113     9.1949     9.1939   3.711773   3.711946     2.2074     1.7931     0.3837    4.93486      85389          6  0.000e+00
     23.231     9.1952     9.1936   3.711766   3.711987     2.2074     1.7931     0.3837    4.93491      85390          6  0.000e+00
     23.175     9.1955     9.1942   3.711823   3.711880     2.2074     1.7931     0.3837    4.93483      85391          6  0.000e+00
     23.144     9.1956     9.1947   3.711849   3.711953     2.2074     1.7931     0.3837    4.93480      85392          6  0.000e+00
     23.176     9.1957     9.1954   3.711880   3.712013     2.2074     1.7931     0.3825    4.93479      85393          6  0.000e+00
     23.176     9.1960     9.1959   3.711912   3.712087     2.2074     1.7931     0.3837    4.93476      85394          6  0.000e+00
     23.176     9.1964     9.1959   3.711918   3.712080     2.2074     1.7931     0.3837    4.93473      85395          6  0.000e+00
     23.113     9.1969     9.1952   3.711937   3.712120     2.2086     1.7931     0.3837    4.93816      85396          6  0.000e+00
     23.144     9.1969     9.1941   3.711969   3.712080     2.2074     1.7931     0.3837    4.93465      85397          6  0.000e+00
     23.113     9.1972     9.1949   3.711982   3.711987     2.2086     1.7931     0.3837    4.93812      85398          6  0.000e+00
     23.113     9.1975     9.1951   3.711982   3.711980     2.2074     1.7931     0.3849    4.93457      85399          6  0.000e+00
     23.176     9.1972     9.1952   3.711963   3.711987     2.2074     1.7931     0.3849    4.93464      85400          6  0.000e+00
     22.940     9.1969     9.1952   3.711969   3.712013     2.2074     1.7931     0.3837    4.93451      85401          6  0.000e+00
     23.262     9.1970     9.1951   3.711982   3.711953     2.2086     1.7931     0.3837    4.93823      85402          6  0.000e+00
     23.113     9.1967     9.1946   3.712001   3.711780     2.2086     1.7931     0.3837    4.93815      85403          6  0.000e+00
     23.352     9.1877     9.1866   3.711259   3.711580     2.2085     1.6954     0.3872    4.93907      85875          7  0.000e+00
     23.408     9.1887     9.1874   3.711354   3.711586     2.2085     1.6954     0.3860    4.93899      85876          7  0.000e+00
     23.439     9.1898     9.1869   3.711487   3.711613     2.2085     1.6954     0.3849    4.93888      85877          7  0.000e+00
     23.408     9.1900     9.1873   3.711500   3.711620     2.2085     1.6954     0.3837    4.93884      85878          7  0.000e+00
     23.470     9.1905     9.1881   3.711582   3.711620     2.2085     1.6954     0.3825    4.93881      85879          7  0.000e+00
     23.470     9.1904     9.1893   3.711582   3.711646     2.2085     1.6954     0.3825    4.93881      85880          7  0.000e+00
     23.525     9.1900     9.1899   3.711538   3.711787     2.2085     1.6954     0.3825    4.93890      85881          7  0.000e+00
     23.557     9.1904     9.1894   3.711570   3.711847     2.2085     1.6954     0.3825    4.93887      85882          7  0.000e+00
     23.526     9.1913     9.1884   3.711659   3.711887     2.2085     1.6954     0.3825    4.93875      85883          7  0.000e+00
     23.526     9.1906     9.1874   3.711665   3.711813     2.2085     1.6954     0.3837    4.93880      85884          7  0.000e+00
     23.526     9.1903     9.1876   3.711608   3.711686     2.2085     1.6954     0.3825    4.93885      85885          7  0.000e+00
     23.643     9.1904     9.1888   3.711608   3.711646     2.2085     1.6954     0.3825    4.93891      85886          7  0.000e+00
     23.557     9.1916     9.1893   3.711754   3.711653     2.2085     1.6954     0.3825    4.93871      85887          7  0.000e+00
     23.588     9.1928     9.1891   3.711811   3.711747     2.2085     1.6954     0.3825    4.93862      85888          7  0.000e+00
     23.644     9.1938     9.1883   3.711836   3.711753     2.2085     1.6954     0.3813    4.93856      85889          7  0.000e+00
     23.644     9.1944     9.1881   3.711900   3.711780     2.2085     1.6954     0.3813    4.93849      85890          7  0.000e+00
     23.612     9.1949     9.1883   3.711919   3.711720     2.2085     1.6954     0.3825    4.93842      85891          7  0.000e+00
     23.644     9.1952     9.1884   3.711938   3.711680     2.2085     1.6954     0.3872    4.93841      85892          7  0.000e+00
     23.644     9.1949     9.1886   3.711912   3.711753     2.2085     1.6954     0.3908    4.93844      85893          7  0.000e+00
     23.644     9.1944     9.1888   3.711887   3.711747     2.2085     1.7076     0.3919    4.93849      85894          7  0.000e+00
     23.706     9.1936     9.1884   3.711862   3.711753     2.2085     1.7564     0.3896    4.93860      85895          7  0.000e+00
     23.675     9.1936     9.1884   3.711830   3.711747     2.2085     1.7686     0.3884    4.93860      85896          7  0.000e+00
     23.707     9.1934     9.1886   3.711817   3.711753     2.2085     1.7686     0.3860    4.93863      85897          7  0.000e+00
     23.644     9.1932     9.1889   3.711862   3.711780     2.2085     1.7686     0.3860    4.93859      85898          7  0.000e+00
     23.762     9.1933     9.1888   3.711836   3.711787     2.2073     1.7686     0.3837    4.93515      85899          7  0.000e+00
     23.526     9.1941     9.1889   3.711849   3.711780     2.2085     1.7686     0.3825    4.93845      85900          7  0.000e+00
     23.848     9.1944     9.1888   3.711830   3.711720     2.2085     1.7686     0.3825    4.93864      85901          7  0.000e+00
     23.707     9.1944     9.1888   3.711817   3.711747     2.2085     1.7686     0.3825    4.93855      85902          7  0.000e+00
     23.707     9.1943     9.1889   3.711817   3.711753     2.2085     1.7686     0.3825    4.93856      85903          7  0.000e+00
     23.707     9.1941     9.1886   3.711798   3.711747     2.2073     1.7686     0.3825    4.93506      85904          7  0.000e+00
     23.730     9.1939     9.1886   3.711855   3.711720     2.2073     1.7686     0.3813    4.93507      85905          7  0.000e+00
     23.707     9.1939     9.1884   3.711843   3.711787     2.2073     1.7686     0.3813    4.93506      85906          7  0.000e+00
     23.707     9.1939     9.1886   3.711843   3.711713     2.2073     1.7686     0.3813    4.93506      85907          7  0.000e+00
     23.707     9.1938     9.1884   3.711849   3.711687     2.2073     1.7686     0.3813    4.93507      85908          7  0.000e+00
     23.707     9.1938     9.1886   3.711830   3.711713     2.2085     1.7686     0.3825    4.93860      85909          7  0.000e+00
     23.675     9.1936     9.1886   3.711836   3.711720     2.2085     1.7686     0.3825    4.93859      85910          7  0.000e+00
     23.707     9.1936     9.1883   3.711804   3.711747     2.2085     1.7686     0.3825    4.93862      85911          7  0.000e+00
     23.644     9.1936     9.1876   3.711766   3.711687     2.2085     1.7686     0.3837    4.93859      85912          7  0.000e+00
     23.644     9.1934     9.1871   3.711798   3.711680     2.2085     1.7564     0.3837    4.93859      85913          7  0.000e+00
     23.675     9.1931     9.1868   3.711722   3.711586     2.2085     1.7686     0.3837    4.93866      85914          7  0.000e+00
     23.707     9.1931     9.1864   3.711709   3.711580     2.2085     1.7686     0.3825    4.93869      85915          7  0.000e+00
     23.644     9.1928     9.1863   3.711697   3.711526     2.2085     1.7686     0.3825    4.93868      85916          7  0.000e+00
     23.589     9.1921     9.1861   3.711684   3.711513     2.2085     1.7686     0.3825    4.93870      85917          7  0.000e+00
     23.644     9.1916     9.1865   3.711640   3.711526     2.2073     1.7686     0.3825    4.93527      85918          7  0.000e+00
     23.675     9.1910     9.1864   3.711608   3.711546     2.2085     1.7564     0.3837    4.93887      85919          7  0.000e+00
     23.589     9.1913     9.1863   3.711595   3.711553     2.2085     1.7564     0.3825    4.93879      85920          7  0.000e+00
     23.644     9.1919     9.1864   3.711608   3.711580     2.2085     1.7564     0.3825    4.93877      85921          7  0.000e+00
     23.589     9.1913     9.1863   3.711576   3.711553     2.2085     1.7564     0.3813    4.93880      85922          7  0.000e+00
     23.589     9.1903     9.1866   3.711462   3.711580     2.2085     1.7564     0.3825    4.93892      85923          7  0.000e+00
     15.197     9.1929     9.1929   3.711503   3.711844     2.2119     1.8297     0.3778    4.94313      87492          8  0.000e+00
     15.197     9.1931     9.1928   3.711491   3.711884     2.2119     1.8297     0.3778    4.94312      87493          8  0.000e+00
     15.197     9.1929     9.1926   3.711491   3.711844     2.2119     1.8297     0.3802    4.94314      87494          8  0.000e+00
     15.197     9.1931     9.1923   3.711510   3.711850     2.2119     1.8297     0.3790    4.94312      87495          8  0.000e+00
     15.260     9.1929     9.1922   3.711472   3.711744     2.2119     1.8297     0.3790    4.94318      87496          8  0.000e+00
     15.142     9.1931     9.1921   3.711503   3.711817     2.2119     1.8297     0.3802    4.94308      87497          8  0.000e+00
     15.087     9.1931     9.1921   3.711497   3.711810     2.2119     1.8297     0.3802    4.94304      87498          8  0.000e+00
     15.142     9.1932     9.1921   3.711510   3.711784     2.2119     1.8297     0.3802    4.94307      87499          8  0.000e+00
     15.142     9.1931     9.1922   3.711522   3.711810     2.2119     1.8297     0.3802    4.94307      87500          8  0.000e+00
     15.142     9.1928     9.1923   3.711472   3.711750     2.2119     1.8297     0.3802    4.94312      87501          8  0.000e+00
     15.142     9.1928     9.1921   3.711472   3.711844     2.2119     1.8297     0.3802    4.94311      87502          8  0.000e+00
     15.142     9.1926     9.1921   3.711484   3.711817     2.2119     1.8297     0.3802    4.94313      87503          8  0.000e+00
     15.087     9.1926     9.1917   3.711484   3.711777     2.2119     1.8297     0.3813    4.94309      87504          8  0.000e+00
     15.087     9.1929     9.1921   3.711484   3.711784     2.2119     1.8297     0.3813    4.94306      87505          8  0.000e+00
     15.142     9.1931     9.1919   3.711465   3.711817     2.2119     1.8297     0.3813    4.94309      87506          8  0.000e+00
     15.087     9.1929     9.1918   3.711459   3.711777     2.2107     1.8297     0.3825    4.93955      87507          8  0.000e+00
     15.087     9.1929     9.1917   3.711408   3.711750     2.2119     1.8297     0.3825    4.94309      87508          8  0.000e+00
