Cruise Data/Irminger_Sea-01_KN-221_2014-09-07/Ship Data/ctd/process/kkn22104003.cnv
* Sea-Bird SBE 9 Data File:
* FileName = C:\Data\ctd\KN22104003.hdr
* Software Version Seasave V 7.21k
* Temperature SN = 4195
* Conductivity SN = 2147
* Number of Bytes Per Scan = 40
* Number of Voltage Words = 5
* Number of Scans Averaged by the Deck Unit = 1
* NMEA Latitude = 61 53.17 N
* NMEA Longitude = 032 18.33 W
* NMEA UTC (Time) = Sep 08 2014 18:04:26
** KN221-04 Chief Scientist: Bob Weller
** OOI Irminger Sea Sept. 2014
** Station: 003
** Knudsen Depth: 2698
# nquan = 19
# nvalues = 4950                        
# units = specified
# name 0 = prDM: Pressure, Digiquartz [db]
# name 1 = t090C: Temperature [ITS-90, deg C]
# name 2 = t190C: Temperature, 2 [ITS-90, deg C]
# name 3 = c0S/m: Conductivity [S/m]
# name 4 = c1S/m: Conductivity, 2 [S/m]
# name 5 = sbeox0V: Oxygen raw, SBE 43 [V]
# name 6 = flECO-AFL: Fluorescence, WET Labs ECO-AFL/FL [mg/m^3]
# name 7 = CStarAt0: Beam Attenuation, WET Labs C-Star [1/m]
# name 8 = sbeox0ML/L: Oxygen, SBE 43 [ml/l]
# name 9 = depSM: Depth [salt water, m], lat = 61.8862
# name 10 = sal00: Salinity, Practical [PSU]
# name 11 = sal11: Salinity, Practical, 2 [PSU]
# name 12 = svDM: Sound Velocity [Delgrosso, m/s]
# name 13 = sbeox0ML/L: Oxygen, SBE 43 [ml/l], WS = 2
# name 14 = density00: Density [density, Kg/m^3]
# name 15 = density11: Density, 2 [density, Kg/m^3]
# name 16 = dz/dtM: Descent Rate [m/s], WS = 2
# name 17 = oxsatML/L: Oxygen Saturation, Weiss [ml/l]
# name 18 = flag: flag
# span 0 =      3.029,   2522.061       
# span 1 =     3.0113,    10.7366       
# span 2 =     3.0106,    10.7352       
# span 3 =   3.267329,   3.862575       
# span 4 =   3.267538,   3.862983       
# span 5 =     1.5011,     2.2348       
# span 6 =     0.0097,     1.4851       
# span 7 =     0.0803,     0.3855       
# span 8 =    4.63587,    5.06724       
# span 9 =      3.000,   2483.000       
# span 10 =    34.8189,    35.0720      
# span 11 =    34.7629,    35.0755      
# span 12 =    1476.07,    1503.78      
# span 13 =    4.63575,    5.06711      
# span 14 =  1026.6960,  1039.3224      
# span 15 =  1026.6979,  1039.3250      
# span 16 =     -1.733,      1.879      
# span 17 =    6.22448,    7.44755      
# span 18 = 0.0000e+00, 0.0000e+00      
# interval = meters: 1                  
# start_time = Sep 08 2014 18:04:26 [NMEA time, header]
# bad_flag = -9.990e-29
*END*
[from data line 2439]
   2480.175     3.0387     3.0367   3.269412   3.269518     1.5074     0.0327     0.0806    4.67794   2442.000    34.9301    34.9335    1503.19    4.67784  1039.1327  1039.1356      0.224    7.44242 0.0000e+00
   2481.196     3.0329     3.0322   3.268970   3.269190     1.5073     0.0400     0.0810    4.67886   2443.000    34.9304    34.9338    1503.18    4.67877  1039.1384  1039.1411      0.954    7.44348 0.0000e+00
   2482.218     3.0318     3.0313   3.268914   3.269132     1.5069     0.0465     0.0806    4.67757   2444.000    34.9305    34.9336    1503.20    4.67747  1039.1431  1039.1456      0.720    7.44369 0.0000e+00
   2483.239     3.0313     3.0307   3.268887   3.269110     1.5067     0.0421     0.0805    4.67739   2445.000    34.9302    34.9335    1503.21    4.67730  1039.1475  1039.1501      0.307    7.44379 0.0000e+00
   2484.261     3.0306     3.0303   3.268887   3.269119     1.5065     0.0352     0.0805    4.67710   2446.000    34.9304    34.9335    1503.22    4.67700  1039.1523  1039.1548      0.799    7.44391 0.0000e+00
   2485.282     3.0302     3.0299   3.268890   3.269122     1.5062     0.0348     0.0811    4.67659   2447.000    34.9304    34.9335    1503.24    4.67649  1039.1569  1039.1594      0.629    7.44398 0.0000e+00
   2486.304     3.0309     3.0302   3.268967   3.269163     1.5062     0.0375     0.0804    4.67693   2448.000    34.9302    34.9332    1503.26    4.67683  1039.1611  1039.1637      0.201    7.44387 0.0000e+00
   2487.325     3.0289     3.0280   3.268848   3.269047     1.5063     0.0472     0.0807    4.67807   2449.000    34.9303    34.9337    1503.27    4.67797  1039.1661  1039.1689      0.846    7.44423 0.0000e+00
   2488.347     3.0271     3.0266   3.268740   3.268949     1.5063     0.0470     0.0807    4.67902   2450.000    34.9305    34.9335    1503.28    4.67892  1039.1711  1039.1735      0.785    7.44457 0.0000e+00
   2489.368     3.0274     3.0269   3.268784   3.269000     1.5060     0.0425     0.0807    4.67841   2451.000    34.9302    34.9334    1503.30    4.67831  1039.1753  1039.1779      0.314    7.44452 0.0000e+00
   2490.390     3.0269     3.0263   3.268781   3.269003     1.5058     0.0213     0.0804    4.67814   2452.000    34.9303    34.9336    1503.31    4.67804  1039.1801  1039.1826      0.840    7.44461 0.0000e+00
   2491.412     3.0271     3.0267   3.268849   3.269083     1.5057     0.0346     0.0806    4.67834   2453.000    34.9303    34.9336    1503.33    4.67824  1039.1846  1039.1871      0.947    7.44456 0.0000e+00
   2492.433     3.0278     3.0271   3.268933   3.269138     1.5052     0.0375     0.0814    4.67650   2454.000    34.9301    34.9333    1503.35    4.67641  1039.1888  1039.1914      0.280    7.44444 0.0000e+00
   2493.455     3.0274     3.0267   3.268948   3.269153     1.5049     0.0447     0.0812    4.67595   2455.000    34.9303    34.9335    1503.37    4.67586  1039.1936  1039.1962      1.152    7.44452 0.0000e+00
   2494.476     3.0274     3.0269   3.268987   3.269214     1.5051     0.0415     0.0814    4.67722   2456.000    34.9303    34.9335    1503.38    4.67712  1039.1981  1039.2006      1.235    7.44452 0.0000e+00
   2495.498     3.0273     3.0267   3.269018   3.269235     1.5049     0.0352     0.0814    4.67710   2457.000    34.9303    34.9334    1503.40    4.67700  1039.2026  1039.2052      0.880    7.44454 0.0000e+00
   2496.520     3.0278     3.0269   3.269083   3.269278     1.5051     0.0401     0.0813    4.67844   2458.000    34.9300    34.9333    1503.42    4.67834  1039.2069  1039.2096      0.251    7.44445 0.0000e+00
   2497.541     3.0237     3.0232   3.268791   3.269043     1.5050     0.0468     0.0812    4.67895   2459.000    34.9305    34.9339    1503.42    4.67886  1039.2124  1039.2152      1.207    7.44520 0.0000e+00
   2498.563     3.0212     3.0208   3.268625   3.268852     1.5048     0.0409     0.0812    4.67928   2460.000    34.9306    34.9337    1503.43    4.67918  1039.2174  1039.2198      0.892    7.44565 0.0000e+00
   2499.584     3.0230     3.0220   3.268789   3.268956     1.5040     0.0377     0.0815    4.67600   2461.000    34.9302    34.9333    1503.45    4.67591  1039.2213  1039.2239      0.203    7.44534 0.0000e+00
   2500.606     3.0191     3.0186   3.268518   3.268743     1.5039     0.0252     0.0814    4.67675   2462.000    34.9306    34.9338    1503.45    4.67665  1039.2268  1039.2294      1.014    7.44604 0.0000e+00
   2501.628     3.0191     3.0183   3.268547   3.268741     1.5039     0.0395     0.0814    4.67708   2463.000    34.9305    34.9336    1503.47    4.67698  1039.2312  1039.2338      0.748    7.44605 0.0000e+00
   2502.649     3.0187     3.0178   3.268525   3.268725     1.5037     0.0362     0.0814    4.67682   2464.000    34.9302    34.9335    1503.48    4.67672  1039.2356  1039.2383      0.306    7.44615 0.0000e+00
   2503.671     3.0179     3.0173   3.268517   3.268727     1.5035     0.0270     0.0814    4.67667   2465.000    34.9304    34.9335    1503.50    4.67657  1039.2404  1039.2429      0.714    7.44627 0.0000e+00
   2504.693     3.0183     3.0174   3.268572   3.268760     1.5032     0.0390     0.0816    4.67589   2466.000    34.9302    34.9334    1503.52    4.67579  1039.2448  1039.2473      0.260    7.44622 0.0000e+00
   2505.714     3.0180     3.0175   3.268604   3.268825     1.5034     0.0426     0.0814    4.67756   2467.000    34.9304    34.9336    1503.53    4.67747  1039.2495  1039.2521      0.934    7.44626 0.0000e+00
   2506.736     3.0175     3.0169   3.268598   3.268823     1.5032     0.0470     0.0814    4.67709   2468.000    34.9304    34.9338    1503.55    4.67700  1039.2542  1039.2568      0.853    7.44635 0.0000e+00
   2507.758     3.0173     3.0168   3.268614   3.268826     1.5029     0.0360     0.0814    4.67663   2469.000    34.9303    34.9334    1503.56    4.67653  1039.2585  1039.2611      0.333    7.44639 0.0000e+00
   2508.779     3.0168     3.0164   3.268616   3.268837     1.5028     0.0351     0.0814    4.67689   2470.000    34.9304    34.9335    1503.58    4.67679  1039.2633  1039.2657      0.657    7.44648 0.0000e+00
   2509.801     3.0170     3.0164   3.268658   3.268878     1.5027     0.0283     0.0814    4.67703   2471.000    34.9303    34.9335    1503.60    4.67693  1039.2677  1039.2703      0.457    7.44646 0.0000e+00
   2510.823     3.0164     3.0160   3.268652   3.268883     1.5026     0.0405     0.0813    4.67717   2472.000    34.9303    34.9335    1503.61    4.67708  1039.2723  1039.2748      0.516    7.44657 0.0000e+00
   2511.844     3.0160     3.0154   3.268654   3.268860     1.5025     0.0371     0.0815    4.67712   2473.000    34.9303    34.9334    1503.63    4.67703  1039.2769  1039.2794      0.468    7.44664 0.0000e+00
   2512.866     3.0159     3.0151   3.268687   3.268889     1.5023     0.0526     0.0814    4.67722   2474.000    34.9304    34.9336    1503.64    4.67712  1039.2815  1039.2842      0.625    7.44666 0.0000e+00
   2513.887     3.0145     3.0138   3.268605   3.268815     1.5021     0.0426     0.0814    4.67702   2475.000    34.9304    34.9336    1503.65    4.67692  1039.2863  1039.2888      0.619    7.44692 0.0000e+00
   2514.909     3.0145     3.0140   3.268639   3.268861     1.5018     0.0447     0.0814    4.67629   2476.000    34.9303    34.9334    1503.67    4.67619  1039.2908  1039.2932      0.301    7.44692 0.0000e+00
   2515.931     3.0141     3.0136   3.268659   3.268880     1.5018     0.0333     0.0814    4.67670   2477.000    34.9304    34.9336    1503.69    4.67661  1039.2954  1039.2980      0.673    7.44698 0.0000e+00
   2516.953     3.0141     3.0135   3.268697   3.268904     1.5018     0.0282     0.0815    4.67723   2478.000    34.9305    34.9335    1503.70    4.67713  1039.2999  1039.3025      0.648    7.44699 0.0000e+00
   2517.974     3.0141     3.0132   3.268718   3.268905     1.5017     0.0360     0.0819    4.67763   2479.000    34.9302    34.9334    1503.72    4.67754  1039.3043  1039.3069      0.173    7.44700 0.0000e+00
   2518.996     3.0139     3.0135   3.268749   3.268972     1.5017     0.0276     0.0815    4.67837   2480.000    34.9303    34.9334    1503.74    4.67828  1039.3090  1039.3115      0.319    7.44702 0.0000e+00
   2520.018     3.0141     3.0137   3.268799   3.269020     1.5016     0.0378     0.0814    4.67855   2481.000    34.9302    34.9334    1503.76    4.67845  1039.3134  1039.3159      0.309    7.44699 0.0000e+00
   2521.039     3.0149     3.0141   3.268896   3.269092     1.5011     0.0409     0.0815    4.67656   2482.000    34.9301    34.9333    1503.78    4.67646  1039.3176  1039.3203     -0.004    7.44685 0.0000e+00
   2522.061     3.0129     3.0124   3.268745   3.268973     1.5014     0.0364     0.0815    4.67869   2483.000    34.9299    34.9332    1503.78    4.67859  1039.3224  1039.3251      0.021    7.44723 0.0000e+00
   2521.039     3.0135     3.0129   3.268742   3.268974     1.5012     0.0354     0.0820    4.67721   2482.000    34.9297    34.9332    1503.77    4.67711  1039.3176  1039.3204     -1.268    7.44713 0.0000e+00
   2520.018     3.0133     3.0128   3.268700   3.268922     1.5012     0.0435     0.0818    4.67664   2481.000    34.9299    34.9331    1503.75    4.67655  1039.3134  1039.3159     -1.064    7.44717 0.0000e+00
   2518.996     3.0114     3.0106   3.268504   3.268706     1.5031     0.0355     0.0813    4.68517   2480.000    34.9300    34.9333    1503.73    4.68508  1039.3091  1039.3118      0.190    7.44750 0.0000e+00
   2517.974     3.0113     3.0109   3.268411   3.268675     1.5033     0.0398     0.0816    4.68539   2479.000    34.9295    34.9331    1503.71    4.68529  1039.3042  1039.3070     -0.443    7.44755 0.0000e+00
   2516.953     3.0117     3.0112   3.268403   3.268649     1.5034     0.0323     0.0815    4.68515   2478.000    34.9295    34.9330    1503.69    4.68506  1039.2996  1039.3024     -1.202    7.44748 0.0000e+00
   2515.931     3.0124     3.0114   3.268425   3.268625     1.5034     0.0229     0.0814    4.68444   2477.000    34.9295    34.9329    1503.68    4.68435  1039.2949  1039.2979     -1.332    7.44735 0.0000e+00
   2514.909     3.0124     3.0119   3.268408   3.268645     1.5034     0.0432     0.0814    4.68382   2476.000    34.9297    34.9331    1503.66    4.68373  1039.2906  1039.2933     -1.201    7.44734 0.0000e+00
   2513.887     3.0125     3.0120   3.268387   3.268623     1.5034     0.0404     0.0814    4.68333   2475.000    34.9299    34.9332    1503.65    4.68323  1039.2861  1039.2888     -0.524    7.44731 0.0000e+00
   2512.866     3.0131     3.0122   3.268379   3.268576     1.5036     0.0345     0.0814    4.68361   2474.000    34.9296    34.9329    1503.63    4.68352  1039.2814  1039.2841     -0.769    7.44722 0.0000e+00
   2511.844     3.0131     3.0123   3.268352   3.268556     1.5038     0.0348     0.0815    4.68381   2473.000    34.9297    34.9330    1503.61    4.68372  1039.2769  1039.2795     -1.133    7.44721 0.0000e+00
   2510.823     3.0133     3.0126   3.268339   3.268543     1.5039     0.0348     0.0814    4.68343   2472.000    34.9299    34.9330    1503.60    4.68333  1039.2725  1039.2750     -1.107    7.44717 0.0000e+00
   2509.801     3.0131     3.0125   3.268275   3.268512     1.5040     0.0357     0.0814    4.68342   2471.000    34.9298    34.9332    1503.58    4.68332  1039.2679  1039.2706     -0.886    7.44721 0.0000e+00
   2508.779     3.0136     3.0125   3.268289   3.268469     1.5044     0.0349     0.0814    4.68464   2470.000    34.9299    34.9332    1503.56    4.68454  1039.2634  1039.2661     -0.457    7.44711 0.0000e+00
   2507.758     3.0146     3.0127   3.268324   3.268440     1.5047     0.0430     0.0818    4.68542   2469.000    34.9297    34.9331    1503.55    4.68533  1039.2585  1039.2615     -0.627    7.44693 0.0000e+00
   2506.736     3.0154     3.0131   3.268348   3.268423     1.5048     0.0349     0.0814    4.68492   2468.000    34.9297    34.9330    1503.54    4.68482  1039.2539  1039.2567     -0.958    7.44679 0.0000e+00
   2505.714     3.0161     3.0146   3.268374   3.268504     1.5049     0.0354     0.0814    4.68487   2467.000    34.9297    34.9328    1503.52    4.68477  1039.2491  1039.2518     -1.064    7.44665 0.0000e+00
   2504.693     3.0162     3.0155   3.268360   3.268565     1.5050     0.0348     0.0816    4.68435   2466.000    34.9298    34.9330    1503.51    4.68425  1039.2448  1039.2474     -1.017    7.44662 0.0000e+00
   2503.671     3.0161     3.0156   3.268313   3.268546     1.5051     0.0348     0.0815    4.68445   2465.000    34.9300    34.9332    1503.49    4.68435  1039.2404  1039.2430     -0.724    7.44665 0.0000e+00
   2502.649     3.0162     3.0155   3.268286   3.268505     1.5054     0.0447     0.0815    4.68495   2464.000    34.9300    34.9332    1503.47    4.68485  1039.2358  1039.2385     -0.247    7.44662 0.0000e+00
   2501.628     3.0162     3.0157   3.268232   3.268465     1.5056     0.0470     0.0814    4.68525   2463.000    34.9298    34.9331    1503.45    4.68515  1039.2312  1039.2338     -1.140    7.44663 0.0000e+00
   2500.606     3.0162     3.0157   3.268186   3.268436     1.5057     0.0470     0.0814    4.68550   2462.000    34.9297    34.9333    1503.44    4.68541  1039.2266  1039.2294     -1.356    7.44663 0.0000e+00
   2499.584     3.0161     3.0155   3.268141   3.268372     1.5057     0.0470     0.0814    4.68461   2461.000    34.9297    34.9331    1503.42    4.68451  1039.2220  1039.2247     -1.367    7.44665 0.0000e+00
   2498.563     3.0161     3.0156   3.268101   3.268340     1.5057     0.0513     0.0815    4.68399   2460.000    34.9297    34.9332    1503.40    4.68389  1039.2175  1039.2202     -1.240    7.44665 0.0000e+00
   2497.541     3.0161     3.0156   3.268076   3.268308     1.5058     0.0550     0.0814    4.68406   2459.000    34.9299    34.9333    1503.39    4.68396  1039.2131  1039.2158     -0.970    7.44664 0.0000e+00
   2496.520     3.0163     3.0156   3.268043   3.268264     1.5059     0.0471     0.0814    4.68381   2458.000    34.9298    34.9332    1503.37    4.68371  1039.2085  1039.2112     -0.664    7.44661 0.0000e+00
   2495.498     3.0165     3.0156   3.268011   3.268222     1.5060     0.0439     0.0814    4.68352   2457.000    34.9297    34.9331    1503.35    4.68342  1039.2039  1039.2067     -0.690    7.44658 0.0000e+00
   2494.476     3.0165     3.0157   3.267970   3.268182     1.5060     0.0351     0.0814    4.68290   2456.000    34.9297    34.9330    1503.34    4.68280  1039.1992  1039.2020     -0.952    7.44658 0.0000e+00
   2493.455     3.0167     3.0159   3.267952   3.268158     1.5061     0.0300     0.0816    4.68277   2455.000    34.9297    34.9330    1503.32    4.68267  1039.1947  1039.1974     -1.063    7.44654 0.0000e+00
   2492.433     3.0167     3.0162   3.267926   3.268144     1.5061     0.0327     0.0814    4.68215   2454.000    34.9298    34.9330    1503.30    4.68205  1039.1903  1039.1929     -1.057    7.44652 0.0000e+00
   2491.412     3.0169     3.0162   3.267897   3.268118     1.5064     0.0442     0.0814    4.68308   2453.000    34.9298    34.9331    1503.29    4.68298  1039.1857  1039.1884     -1.062    7.44650 0.0000e+00
   2490.390     3.0169     3.0163   3.267855   3.268080     1.5065     0.0385     0.0814    4.68268   2452.000    34.9298    34.9331    1503.27    4.68258  1039.1812  1039.1838     -1.116    7.44650 0.0000e+00
   2489.368     3.0168     3.0163   3.267817   3.268050     1.5068     0.0452     0.0814    4.68364   2451.000    34.9299    34.9332    1503.25    4.68354  1039.1766  1039.1793     -1.146    7.44651 0.0000e+00
   2488.347     3.0167     3.0162   3.267768   3.268003     1.5071     0.0356     0.0818    4.68419   2450.000    34.9298    34.9332    1503.23    4.68409  1039.1721  1039.1748     -1.108    7.44652 0.0000e+00
