Cruise Data/Irminger_Sea-01_KN-221_2014-09-07/Ship Data/ctd/process/kkn22104006.ros
* Sea-Bird SBE 9 Data File:
* FileName = C:\Data\ctd\KN22104006.hdr
* Software Version Seasave V 7.21k
* Temperature SN = 4195
* Conductivity SN = 2147
* Number of Bytes Per Scan = 40
* Number of Voltage Words = 5
* Number of Scans Averaged by the Deck Unit = 1
* NMEA Latitude = 59 57.97 N
* NMEA Longitude = 039 28.24 W
* NMEA UTC (Time) = Sep 12 2014 05:09:49
** KN221-04 Chief Scientist: Bob Weller
** OOI Irminger Sea Sept. 2014
** Station: 006
** Knudsen Depth: 2706
# nquan = 12
# nvalues = 588                                   
# units = specified
# name 0 = prDM: Pressure, Digiquartz [db]
# name 1 = t090C: Temperature [ITS-90, deg C]
# name 2 = t190C: Temperature, 2 [ITS-90, deg C]
# name 3 = c0S/m: Conductivity [S/m]
# name 4 = c1S/m: Conductivity, 2 [S/m]
# name 5 = sbeox0V: Oxygen raw, SBE 43 [V]
# name 6 = flECO-AFL: Fluorescence, WET Labs ECO-AFL/FL [mg/m^3]
# name 7 = CStarAt0: Beam Attenuation, WET Labs C-Star [1/m]
# name 8 = sbeox0ML/L: Oxygen, SBE 43 [ml/l]
# name 9 = scan: Scan Count
# name 10 = nbf: Bottles Fired
# name 11 = flag:  0.000e+00
# interval = seconds: 0.0416667
# start_time = Sep 12 2014 05:09:49 [NMEA time, header]
# bad_flag = -9.990e-29
*END*
[from data line 241]
   2013.408     3.1040     3.1033   3.256540   3.256753     1.5775     0.0348     0.0836    4.69838     125620          5  0.000e+00
   2013.286     3.1043     3.1034   3.256534   3.256721     1.5775     0.0348     0.0836    4.69828     125621          5  0.000e+00
   2013.464     3.1042     3.1034   3.256552   3.256785     1.5775     0.0348     0.0836    4.69840     125622          5  0.000e+00
   2013.351     3.1042     3.1035   3.256546   3.256810     1.5775     0.0348     0.0836    4.69833     125623          5  0.000e+00
   2011.614     3.1050     3.1047   3.256581   3.256841     1.5775     0.0470     0.0836    4.69709     125882          6  0.000e+00
   2011.614     3.1051     3.1048   3.256593   3.256797     1.5775     0.0470     0.0836    4.69707     125883          6  0.000e+00
   2011.541     3.1048     3.1045   3.256575   3.256784     1.5775     0.0470     0.0836    4.69706     125884          6  0.000e+00
   2011.549     3.1048     3.1046   3.256563   3.256809     1.5775     0.0470     0.0836    4.69707     125885          6  0.000e+00
   2011.549     3.1050     3.1047   3.256581   3.256784     1.5775     0.0470     0.0836    4.69705     125886          6  0.000e+00
   2011.419     3.1048     3.1045   3.256575   3.256784     1.5775     0.0470     0.0836    4.69698     125887          6  0.000e+00
   2011.427     3.1050     3.1047   3.256545   3.256784     1.5775     0.0470     0.0836    4.69698     125888          6  0.000e+00
   2011.427     3.1050     3.1046   3.256533   3.256809     1.5775     0.0470     0.0836    4.69699     125889          6  0.000e+00
   2011.419     3.1048     3.1045   3.256551   3.256809     1.5775     0.0470     0.0836    4.69699     125890          6  0.000e+00
   2011.306     3.1050     3.1046   3.256581   3.256797     1.5775     0.0470     0.0836    4.69689     125891          6  0.000e+00
   2011.362     3.1051     3.1047   3.256593   3.256809     1.5775     0.0470     0.0836    4.69691     125892          6  0.000e+00
   2011.297     3.1050     3.1046   3.256557   3.256784     1.5775     0.0470     0.0836    4.69689     125893          6  0.000e+00
   2011.362     3.1048     3.1045   3.256539   3.256784     1.5775     0.0470     0.0836    4.69696     125894          6  0.000e+00
   2011.241     3.1048     3.1045   3.256551   3.256752     1.5775     0.0470     0.0836    4.69688     125895          6  0.000e+00
   2011.297     3.1050     3.1047   3.256545   3.256809     1.5775     0.0470     0.0836    4.69690     125896          6  0.000e+00
   2011.176     3.1050     3.1043   3.256575   3.256809     1.5775     0.0470     0.0836    4.69681     125897          6  0.000e+00
   2011.232     3.1050     3.1047   3.256575   3.256784     1.5787     0.0470     0.0836    4.70224     125898          6  0.000e+00
   2011.241     3.1053     3.1046   3.256605   3.256797     1.5775     0.0470     0.0836    4.69681     125899          6  0.000e+00
   2011.176     3.1051     3.1045   3.256587   3.256784     1.5775     0.0470     0.0836    4.69679     125900          6  0.000e+00
   2011.232     3.1053     3.1045   3.256569   3.256809     1.5775     0.0470     0.0836    4.69682     125901          6  0.000e+00
   2011.176     3.1054     3.1045   3.256563   3.256784     1.5775     0.0470     0.0836    4.69677     125902          6  0.000e+00
   2011.176     3.1050     3.1045   3.256581   3.256752     1.5775     0.0470     0.0836    4.69681     125903          6  0.000e+00
   2011.111     3.1053     3.1043   3.256593   3.256784     1.5775     0.0470     0.0836    4.69673     125904          6  0.000e+00
   2011.241     3.1053     3.1046   3.256593   3.256752     1.5775     0.0470     0.0836    4.69681     125905          6  0.000e+00
   2011.119     3.1054     3.1043   3.256617   3.256784     1.5775     0.0470     0.0836    4.69671     125906          6  0.000e+00
   2011.176     3.1051     3.1046   3.256605   3.256828     1.5775     0.0470     0.0836    4.69678     125907          6  0.000e+00
   2011.176     3.1053     3.1043   3.256575   3.256841     1.5775     0.0470     0.0836    4.69678     125908          6  0.000e+00
   2011.176     3.1050     3.1045   3.256581   3.256809     1.5775     0.0470     0.0836    4.69681     125909          6  0.000e+00
   2011.176     3.1051     3.1045   3.256611   3.256784     1.5775     0.0470     0.0836    4.69678     125910          6  0.000e+00
   2011.176     3.1051     3.1043   3.256623   3.256784     1.5775     0.0470     0.0836    4.69677     125911          6  0.000e+00
   2011.176     3.1051     3.1042   3.256605   3.256841     1.5775     0.0470     0.0836    4.69678     125912          6  0.000e+00
   2011.232     3.1050     3.1043   3.256599   3.256809     1.5775     0.0470     0.0836    4.69683     125913          6  0.000e+00
   2011.176     3.1050     3.1045   3.256575   3.256841     1.5775     0.0470     0.0836    4.69681     125914          6  0.000e+00
   2011.241     3.1050     3.1046   3.256563   3.256797     1.5775     0.0470     0.0836    4.69685     125915          6  0.000e+00
   2011.233     3.1050     3.1045   3.256581   3.256784     1.5775     0.0470     0.0836    4.69684     125916          6  0.000e+00
   2011.241     3.1048     3.1043   3.256593   3.256809     1.5775     0.0470     0.0836    4.69686     125917          6  0.000e+00
   2011.241     3.1046     3.1043   3.256611   3.256784     1.5775     0.0470     0.0836    4.69686     125918          6  0.000e+00
   2011.298     3.1048     3.1045   3.256569   3.256809     1.5775     0.0470     0.0836    4.69690     125919          6  0.000e+00
   2011.306     3.1051     3.1042   3.256557   3.256809     1.5775     0.0470     0.0836    4.69688     125920          6  0.000e+00
   2011.306     3.1048     3.1045   3.256563   3.256784     1.5775     0.0470     0.0836    4.69691     125921          6  0.000e+00
   2011.363     3.1046     3.1043   3.256563   3.256809     1.5775     0.0348     0.0836    4.69696     125922          6  0.000e+00
   2011.363     3.1046     3.1042   3.256563   3.256797     1.5775     0.0348     0.0836    4.69696     125923          6  0.000e+00
   2011.363     3.1045     3.1042   3.256581   3.256752     1.5775     0.0348     0.0836    4.69697     125924          6  0.000e+00
   2011.420     3.1046     3.1043   3.256575   3.256841     1.5775     0.0348     0.0836    4.69699     125925          6  0.000e+00
   2011.428     3.1043     3.1042   3.256545   3.256784     1.5787     0.0348     0.0836    4.70243     125926          6  0.000e+00
   2011.363     3.1046     3.1045   3.256533   3.256752     1.5775     0.0348     0.0836    4.69697     125927          6  0.000e+00
   2011.493     3.1045     3.1040   3.256533   3.256809     1.5775     0.0348     0.0836    4.69707     125928          6  0.000e+00
   2011.493     3.1046     3.1045   3.256575   3.256784     1.5775     0.0348     0.0836    4.69703     125929          6  0.000e+00
   2011.542     3.1045     3.1043   3.256575   3.256809     1.5775     0.0348     0.0836    4.69708     125930          6  0.000e+00
   1509.082     3.5155     3.5151   3.272440   3.272646     1.6597     0.0348     0.0847    4.68068     142052          7  0.000e+00
   1509.154     3.5154     3.5149   3.272458   3.272608     1.6597     0.0348     0.0847    4.68073     142053          7  0.000e+00
   1509.082     3.5155     3.5151   3.272470   3.272614     1.6597     0.0348     0.0847    4.68066     142054          7  0.000e+00
   1509.211     3.5153     3.5149   3.272488   3.272697     1.6597     0.0348     0.0847    4.68076     142055          7  0.000e+00
   1509.138     3.5155     3.5147   3.272458   3.272614     1.6597     0.0348     0.0847    4.68070     142056          7  0.000e+00
   1509.203     3.5153     3.5149   3.272440   3.272639     1.6597     0.0348     0.0847    4.68077     142057          7  0.000e+00
   1509.340     3.5154     3.5149   3.272458   3.272678     1.6597     0.0348     0.0847    4.68084     142058          7  0.000e+00
   1509.138     3.5155     3.5149   3.272428   3.272639     1.6597     0.0348     0.0847    4.68071     142059          7  0.000e+00
   1509.340     3.5153     3.5146   3.272476   3.272678     1.6597     0.0348     0.0847    4.68084     142060          7  0.000e+00
   1509.324     3.5152     3.5149   3.272434   3.272608     1.6597     0.0348     0.0847    4.68086     142061          7  0.000e+00
   1509.340     3.5152     3.5147   3.272428   3.272678     1.6597     0.0348     0.0847    4.68087     142062          7  0.000e+00
   1509.324     3.5152     3.5149   3.272440   3.272678     1.6597     0.0348     0.0847    4.68085     142063          7  0.000e+00
   1509.396     3.5149     3.5147   3.272440   3.272671     1.6585     0.0348     0.0847    4.67595     142064          7  0.000e+00
   1509.388     3.5150     3.5147   3.272440   3.272646     1.6597     0.0348     0.0847    4.68091     142065          7  0.000e+00
   1509.509     3.5152     3.5146   3.272440   3.272697     1.6597     0.0470     0.0847    4.68097     142066          7  0.000e+00
   1509.461     3.5150     3.5146   3.272482   3.272614     1.6597     0.0470     0.0847    4.68094     142067          7  0.000e+00
   1509.509     3.5154     3.5143   3.272458   3.272608     1.6597     0.0470     0.0847    4.68094     142068          7  0.000e+00
   1509.517     3.5151     3.5143   3.272422   3.272614     1.6597     0.0470     0.0847    4.68099     142069          7  0.000e+00
   1509.509     3.5150     3.5143   3.272452   3.272576     1.6597     0.0470     0.0847    4.68098     142070          7  0.000e+00
   1509.582     3.5149     3.5144   3.272428   3.272646     1.6597     0.0470     0.0847    4.68104     142071          7  0.000e+00
   1509.566     3.5150     3.5146   3.272410   3.272608     1.6597     0.0470     0.0847    4.68103     142072          7  0.000e+00
   1509.630     3.5148     3.5146   3.272428   3.272614     1.6597     0.0470     0.0847    4.68109     142073          7  0.000e+00
   1509.646     3.5148     3.5144   3.272398   3.272608     1.6597     0.0470     0.0858    4.68111     142074          7  0.000e+00
   1509.630     3.5149     3.5149   3.272422   3.272614     1.6597     0.0470     0.0847    4.68108     142075          7  0.000e+00
   1509.703     3.5148     3.5147   3.272458   3.272640     1.6597     0.0470     0.0858    4.68112     142076          7  0.000e+00
   1509.695     3.5150     3.5147   3.272428   3.272646     1.6597     0.0470     0.0858    4.68110     142077          7  0.000e+00
   1509.767     3.5148     3.5146   3.272410   3.272678     1.6597     0.0470     0.0858    4.68118     142078          7  0.000e+00
   1509.751     3.5151     3.5146   3.272452   3.272697     1.6597     0.0470     0.0858    4.68112     142079          7  0.000e+00
   1509.751     3.5150     3.5143   3.272452   3.272646     1.6597     0.0470     0.0847    4.68112     142080          7  0.000e+00
   1509.824     3.5151     3.5146   3.272458   3.272640     1.6597     0.0470     0.0847    4.68116     142081          7  0.000e+00
   1509.816     3.5150     3.5146   3.272452   3.272678     1.6597     0.0470     0.0847    4.68116     142082          7  0.000e+00
   1509.824     3.5151     3.5147   3.272440   3.272671     1.6597     0.0470     0.0847    4.68117     142083          7  0.000e+00
   1509.872     3.5152     3.5149   3.272440   3.272646     1.6597     0.0470     0.0847    4.68118     142084          7  0.000e+00
   1509.888     3.5150     3.5146   3.272440   3.272671     1.6597     0.0470     0.0847    4.68121     142085          7  0.000e+00
   1509.872     3.5152     3.5146   3.272440   3.272703     1.6597     0.0470     0.0847    4.68118     142086          7  0.000e+00
   1509.872     3.5152     3.5145   3.272440   3.272671     1.6597     0.0470     0.0847    4.68118     142087          7  0.000e+00
   1509.945     3.5152     3.5145   3.272458   3.272678     1.6597     0.0470     0.0847    4.68122     142088          7  0.000e+00
   1509.937     3.5152     3.5142   3.272488   3.272640     1.6597     0.0470     0.0847    4.68120     142089          7  0.000e+00
   1509.945     3.5149     3.5143   3.272482   3.272646     1.6597     0.0470     0.0847    4.68124     142090          7  0.000e+00
   1510.001     3.5151     3.5141   3.272428   3.272608     1.6597     0.0470     0.0847    4.68128     142091          7  0.000e+00
   1509.945     3.5152     3.5143   3.272452   3.272582     1.6597     0.0470     0.0847    4.68122     142092          7  0.000e+00
   1510.001     3.5151     3.5142   3.272470   3.272614     1.6597     0.0470     0.0847    4.68126     142093          7  0.000e+00
   1510.001     3.5152     3.5145   3.272452   3.272608     1.6597     0.0470     0.0847    4.68125     142094          7  0.000e+00
   1510.009     3.5150     3.5146   3.272440   3.272646     1.6597     0.0470     0.0847    4.68128     142095          7  0.000e+00
   1510.058     3.5151     3.5149   3.272440   3.272640     1.6597     0.0470     0.0847    4.68131     142096          7  0.000e+00
   1510.009     3.5150     3.5147   3.272440   3.272646     1.6597     0.0470     0.0847    4.68128     142097          7  0.000e+00
   1510.058     3.5151     3.5146   3.272458   3.272671     1.6597     0.0470     0.0847    4.68130     142098          7  0.000e+00
   1510.074     3.5151     3.5143   3.272452   3.272678     1.6597     0.0470     0.0847    4.68131     142099          7  0.000e+00
   1510.058     3.5152     3.5141   3.272482   3.272671     1.6597     0.0470     0.0847    4.68128     142100          7  0.000e+00
   1509.635     3.5155     3.5152   3.272452   3.272703     1.6596     0.0470     0.0847    4.68069     142606          8  0.000e+00
   1509.571     3.5155     3.5151   3.272458   3.272671     1.6596     0.0470     0.0847    4.68065     142607          8  0.000e+00
   1509.523     3.5155     3.5152   3.272470   3.272703     1.6584     0.0470     0.0847    4.67563     142608          8  0.000e+00
   1509.571     3.5155     3.5151   3.272470   3.272671     1.6584     0.0470     0.0847    4.67567     142609          8  0.000e+00
   1509.523     3.5152     3.5151   3.272470   3.272646     1.6584     0.0470     0.0847    4.67566     142610          8  0.000e+00
   1509.571     3.5154     3.5151   3.272452   3.272678     1.6584     0.0470     0.0847    4.67568     142611          8  0.000e+00
   1509.587     3.5155     3.5152   3.272458   3.272640     1.6584     0.0470     0.0847    4.67568     142612          8  0.000e+00
   1509.514     3.5154     3.5151   3.272452   3.272646     1.6584     0.0470     0.0847    4.67565     142613          8  0.000e+00
   1509.514     3.5153     3.5149   3.272440   3.272671     1.6584     0.0470     0.0847    4.67566     142614          8  0.000e+00
   1509.523     3.5155     3.5151   3.272458   3.272646     1.6584     0.0470     0.0847    4.67563     142615          8  0.000e+00
   1509.571     3.5154     3.5149   3.272488   3.272640     1.6596     0.0470     0.0847    4.68064     142616          8  0.000e+00
   1509.523     3.5155     3.5149   3.272434   3.272678     1.6596     0.0470     0.0847    4.68062     142617          8  0.000e+00
   1509.515     3.5154     3.5151   3.272428   3.272640     1.6596     0.0470     0.0847    4.68063     142618          8  0.000e+00
   1509.587     3.5153     3.5149   3.272458   3.272678     1.6596     0.0470     0.0847    4.68067     142619          8  0.000e+00
   1509.515     3.5154     3.5151   3.272470   3.272671     1.6584     0.0470     0.0847    4.67564     142620          8  0.000e+00
   1509.571     3.5155     3.5152   3.272488   3.272678     1.6596     0.0470     0.0847    4.68062     142621          8  0.000e+00
   1509.587     3.5152     3.5151   3.272482   3.272640     1.6584     0.0470     0.0847    4.67570     142622          8  0.000e+00
