Cruise Data/Irminger_Sea-01_KN-221_2014-09-07/Ship Data/ctd/process/kkn22104001.ros
* Sea-Bird SBE 9 Data File:
* FileName = C:\Data\ctd\KN22104001.hdr
* Software Version Seasave V 7.21k
* Temperature SN = 4195
* Conductivity SN = 2147
* Number of Bytes Per Scan = 40
* Number of Voltage Words = 5
* Number of Scans Averaged by the Deck Unit = 1
* NMEA Latitude = 62 06.42 N
* NMEA Longitude = 031 22.90 W
* NMEA UTC (Time) = Sep 08 2014 11:39:06
** KN221-03 Chief Scientist: Bob Pickart
** OSNAP August 2014
** Station: 001
** Knudsen Depth: 2401
# nquan = 12
# nvalues = 588                                   
# units = specified
# name 0 = prDM: Pressure, Digiquartz [db]
# name 1 = t090C: Temperature [ITS-90, deg C]
# name 2 = t190C: Temperature, 2 [ITS-90, deg C]
# name 3 = c0S/m: Conductivity [S/m]
# name 4 = c1S/m: Conductivity, 2 [S/m]
# name 5 = sbeox0V: Oxygen raw, SBE 43 [V]
# name 6 = flECO-AFL: Fluorescence, WET Labs ECO-AFL/FL [mg/m^3]
# name 7 = CStarAt0: Beam Attenuation, WET Labs C-Star [1/m]
# name 8 = sbeox0ML/L: Oxygen, SBE 43 [ml/l]
# name 9 = scan: Scan Count
# name 10 = nbf: Bottles Fired
# name 11 = flag:  0.000e+00
# interval = seconds: 0.0416667
# start_time = Sep 08 2014 11:39:06 [NMEA time, header]
# bad_flag = -9.990e-29
*END*
[from data line 482]
   1509.092     3.6554     3.6550   3.286425   3.286621     2.6567     0.0226     0.0869    9.32870      43467         10  0.000e+00
   1509.076     3.6553     3.6547   3.286431   3.286621     1.2928     0.0226     0.0869    3.44793      43468         10  0.000e+00
   1509.020     3.6553     3.6550   3.286425   3.286615     2.0711     0.0226     0.0869    6.80376      43469         10  0.000e+00
   1509.092     3.6553     3.6547   3.286412   3.286621     2.4467     0.0226     0.0869    8.42318      43470         10  0.000e+00
   1509.076     3.6553     3.6548   3.286412   3.286621     1.1347     0.0226     0.0869    2.76610      43471         10  0.000e+00
   1509.028     3.6552     3.6550   3.286412   3.286621     2.4195     0.0226     0.0869    8.30594      43472         10  0.000e+00
   1509.076     3.6553     3.6549   3.286431   3.286653     2.1835     0.0226     0.0869    7.28855      43473         10  0.000e+00
   1509.020     3.6553     3.6549   3.286425   3.286589     1.1446     0.0226     0.0869    2.80870      43474         10  0.000e+00
   1508.605     3.6554     3.6549   3.286424   3.286589     1.7623     0.0226     0.0869    5.47200      43680         11  0.000e+00
   1508.654     3.6554     3.6545   3.286412   3.286589     2.6419     0.0226     0.0869    9.26448      43681         11  0.000e+00
   1508.670     3.6551     3.6547   3.286394   3.286621     1.2731     0.0226     0.0869    3.36279      43682         11  0.000e+00
   1508.654     3.6553     3.6545   3.286364   3.286653     2.1008     0.0226     0.0869    6.93154      43683         11  0.000e+00
   1508.654     3.6548     3.6545   3.286370   3.286589     2.4294     0.0226     0.0869    8.34847      43684         11  0.000e+00
   1508.726     3.6546     3.6544   3.286364   3.286621     1.1273     0.0226     0.0869    2.73432      43685         11  0.000e+00
   1508.775     3.6546     3.6545   3.286352   3.286621     2.4405     0.0226     0.0869    8.39659      43686         11  0.000e+00
   1508.670     3.6548     3.6547   3.286334   3.286589     2.1688     0.0226     0.0869    7.22461      43687         11  0.000e+00
   1508.839     3.6548     3.6545   3.286388   3.286589     1.1459     0.0226     0.0869    2.81425      43688         11  0.000e+00
   1508.719     3.6548     3.6544   3.286370   3.286589     2.7061     0.0226     0.0869    9.54170      43689         11  0.000e+00
   1508.791     3.6553     3.6544   3.286370   3.286589     1.8933     0.0226     0.0880    6.03680      43690         11  0.000e+00
   1508.840     3.6554     3.6544   3.286400   3.286589     1.3262     0.0226     0.0880    3.59189      43691         11  0.000e+00
   1508.848     3.6553     3.6544   3.286431   3.286589     2.7901     0.0226     0.0869    9.90395      43692         11  0.000e+00
   1508.840     3.6554     3.6542   3.286424   3.286589     1.6203     0.0226     0.0880    4.85962      43693         11  0.000e+00
   1508.896     3.6554     3.6542   3.286431   3.286589     1.6091     0.0226     0.0890    4.81172      43694         11  0.000e+00
   1508.912     3.6552     3.6544   3.286443   3.286621     2.7160     0.0226     0.0890    9.58445      43695         11  0.000e+00
   1508.896     3.6554     3.6544   3.286400   3.286621     1.3720     0.0226     0.0880    3.78901      43696         11  0.000e+00
   1508.961     3.6549     3.6542   3.286424   3.286589     1.9427     0.0226     0.0880    6.25003      43697         11  0.000e+00
   1508.977     3.6549     3.6544   3.286400   3.286589     2.5332     0.0226     0.0880    8.79625      43698         11  0.000e+00
   1508.961     3.6548     3.6546   3.286364   3.286589     1.1792     0.0226     0.0869    2.95813      43699         11  0.000e+00
   1509.033     3.6550     3.6544   3.286394   3.286532     2.2911     0.0226     0.0869    7.75227      43700         11  0.000e+00
   1509.082     3.6549     3.6545   3.286431   3.286589     2.2874     0.0226     0.0869    7.73632      43701         11  0.000e+00
   1509.025     3.6549     3.6544   3.286400   3.286621     1.1150     0.0348     0.0869    2.68115      43702         11  0.000e+00
   1509.098     3.6549     3.6544   3.286400   3.286589     2.6048     0.0470     0.0869    9.10537      43703         11  0.000e+00
   1509.082     3.6553     3.6544   3.286412   3.286557     2.0143     0.0470     0.0869    6.55907      43704         11  0.000e+00
   1509.154     3.6548     3.6545   3.286394   3.286621     1.2336     0.0470     0.0869    3.19259      43705         11  0.000e+00
   1509.082     3.6550     3.6545   3.286400   3.286589     2.7778     0.0470     0.0869    9.85110      43706         11  0.000e+00
   1509.146     3.6548     3.6544   3.286394   3.286589     1.7376     0.0470     0.0869    5.36597      43707         11  0.000e+00
   1509.219     3.6549     3.6545   3.286382   3.286615     1.4757     0.0470     0.0869    4.23670      43708         11  0.000e+00
   1509.203     3.6549     3.6545   3.286400   3.286589     2.7630     0.0470     0.0869    9.78735      43709         11  0.000e+00
   1509.219     3.6549     3.6544   3.286412   3.286589     1.4757     0.0470     0.0869    4.23669      43710         11  0.000e+00
   1509.267     3.6549     3.6544   3.286412   3.286621     1.7932     0.0470     0.0869    5.60575      43711         11  0.000e+00
   1509.203     3.6550     3.6542   3.286394   3.286621     2.6197     0.0470     0.0869    9.16942      43712         11  0.000e+00
   1509.283     3.6553     3.6546   3.286425   3.286589     1.2534     0.0470     0.0869    3.27784      43713         11  0.000e+00
   1509.324     3.6551     3.6544   3.286400   3.286621     2.1441     0.0470     0.0890    7.11865      43714         11  0.000e+00
   1509.267     3.6553     3.6544   3.286425   3.286589     2.3948     0.0470     0.0880    8.19993      43715         11  0.000e+00
   1509.404     3.6549     3.6545   3.286376   3.286589     1.1199     0.0470     0.0880    2.70260      43716         11  0.000e+00
   1509.324     3.6551     3.6545   3.286419   3.286589     2.4850     0.0470     0.0880    8.58890      43717         11  0.000e+00
   1509.340     3.6550     3.6545   3.286425   3.286621     2.1305     0.0470     0.0880    7.06007      43718         11  0.000e+00
   1509.388     3.6548     3.6544   3.286394   3.286621     1.1656     0.0470     0.0880    2.89970      43719         11  0.000e+00
   1509.388     3.6549     3.6546   3.286400   3.286621     2.7321     0.0470     0.0880    9.65443      43720         11  0.000e+00
   1509.340     3.6549     3.6545   3.286394   3.286621     1.8525     0.0470     0.0880    5.86152      43721         11  0.000e+00
   1509.453     3.6548     3.6544   3.286400   3.286653     1.3633     0.0470     0.0869    3.75207      43722         11  0.000e+00
   1509.284     3.6549     3.6545   3.286394   3.286621     2.7877     0.0470     0.0869    9.89401      43723         11  0.000e+00
   1509.574     3.6552     3.6544   3.286425   3.286621     1.5820     0.0470     0.0869    4.69500      43724         11  0.000e+00
   1509.453     3.6549     3.6544   3.286461   3.286653     1.6586     0.0470     0.0880    5.02521      43725         11  0.000e+00
   1509.461     3.6551     3.6546   3.286407   3.286589     2.6913     0.0470     0.0869    9.47869      43726         11  0.000e+00
   1509.453     3.6548     3.6547   3.286400   3.286646     1.3374     0.0348     0.0869    3.64020      43727         11  0.000e+00
   1509.509     3.6549     3.6545   3.286394   3.286621     2.0008     0.0348     0.0869    6.50091      43728         11  0.000e+00
   1509.464     3.6550     3.6542   3.286400   3.286557     2.4035     0.0226     0.0869    8.23777      43898         12  0.000e+00
   1509.512     3.6548     3.6542   3.286413   3.286589     1.1225     0.0226     0.0869    2.71356      43899         12  0.000e+00
   1509.528     3.6549     3.6542   3.286431   3.286621     2.4740     0.0226     0.0869    8.54148      43900         12  0.000e+00
   1509.456     3.6549     3.6543   3.286425   3.286589     2.1392     0.0226     0.0880    7.09776      43901         12  0.000e+00
   1509.577     3.6549     3.6544   3.286413   3.286615     1.1620     0.0226     0.0869    2.88405      43902         12  0.000e+00
   1509.408     3.6551     3.6541   3.286394   3.286557     2.7272     0.0226     0.0869    9.63339      43903         12  0.000e+00
   1509.633     3.6548     3.6542   3.286401   3.286589     1.8612     0.0226     0.0869    5.89931      43904         12  0.000e+00
   1509.456     3.6549     3.6544   3.286413   3.286653     1.3535     0.0226     0.0869    3.70970      43905         12  0.000e+00
   1509.529     3.6549     3.6542   3.286394   3.286589     2.7902     0.0226     0.0869    9.90526      43906         12  0.000e+00
   1509.512     3.6549     3.6544   3.286382   3.286621     1.5956     0.0226     0.0869    4.75387      43907         12  0.000e+00
   1509.529     3.6548     3.6543   3.286400   3.286589     1.6413     0.0226     0.0869    4.95100      43908         12  0.000e+00
   1509.512     3.6549     3.6544   3.286394   3.286589     2.7013     0.0226     0.0869    9.52169      43909         12  0.000e+00
   1509.513     3.6550     3.6545   3.286382   3.286589     1.3510     0.0226     0.0869    3.69909      43910         12  0.000e+00
   1509.529     3.6549     3.6542   3.286400   3.286589     1.9761     0.0226     0.0869    6.39465      43911         12  0.000e+00
   1509.513     3.6549     3.6545   3.286370   3.286589     2.5110     0.0226     0.0869    8.70133      43912         12  0.000e+00
   1509.513     3.6548     3.6542   3.286370   3.286557     1.1657     0.0226     0.0869    2.90003      43913         12  0.000e+00
   1509.529     3.6549     3.6544   3.286400   3.286589     2.3220     0.0226     0.0880    7.88627      43914         12  0.000e+00
   1509.456     3.6551     3.6546   3.286370   3.286621     2.2640     0.0226     0.0880    7.63581      43915         12  0.000e+00
   1509.529     3.6553     3.6542   3.286370   3.286621     1.1188     0.0226     0.0890    2.69758      43916         12  0.000e+00
   1509.456     3.6553     3.6544   3.286400   3.286589     2.6272     0.0226     0.0880    9.20194      43917         12  0.000e+00
   1509.513     3.6553     3.6544   3.286413   3.286589     1.9934     0.0226     0.0880    6.46918      43918         12  0.000e+00
   1509.464     3.6554     3.6542   3.286394   3.286621     1.2448     0.0226     0.0880    3.24091      43919         12  0.000e+00
   1509.456     3.6554     3.6544   3.286364   3.286589     2.7816     0.0226     0.0880    9.86782      43920         12  0.000e+00
   1509.464     3.6553     3.6546   3.286394   3.286557     1.7229     0.0348     0.0880    5.30251      43921         12  0.000e+00
   1509.456     3.6553     3.6545   3.286413   3.286589     1.4943     0.0348     0.0880    4.31699      43922         12  0.000e+00
   1509.456     3.6553     3.6547   3.286431   3.286653     2.7581     0.0348     0.0880    9.76659      43923         12  0.000e+00
   1509.408     3.6554     3.6545   3.286425   3.286621     1.4622     0.0348     0.0880    4.17845      43924         12  0.000e+00
   1509.456     3.6553     3.6545   3.286413   3.286621     1.8130     0.0348     0.0901    5.69139      43925         12  0.000e+00
   1509.392     3.6554     3.6545   3.286431   3.286621     2.6099     0.0348     0.0901    9.12724      43926         12  0.000e+00
   1509.408     3.6553     3.6545   3.286425   3.286589     1.2411     0.0348     0.0912    3.22492      43927         12  0.000e+00
   1509.392     3.6555     3.6546   3.286413   3.286653     2.1602     0.0348     0.0901    7.18821      43928         12  0.000e+00
   1509.344     3.6554     3.6549   3.286413   3.286646     2.3826     0.0348     0.0890    8.14703      43929         12  0.000e+00
   1509.327     3.6554     3.6547   3.286431   3.286621     1.1188     0.0348     0.0890    2.69751      43930         12  0.000e+00
   1509.392     3.6554     3.6545   3.286461   3.286589     2.4999     0.0348     0.0890    8.65312      43931         12  0.000e+00
   1509.344     3.6553     3.6549   3.286431   3.286621     2.1182     0.0348     0.0890    7.00707      43932         12  0.000e+00
   1509.328     3.6556     3.6547   3.286431   3.286589     1.1707     0.0348     0.0880    2.92124      43933         12  0.000e+00
   1509.328     3.6552     3.6545   3.286443   3.286621     2.7371     0.0348     0.0880    9.67589      43934         12  0.000e+00
   1509.287     3.6551     3.6546   3.286425   3.286653     1.8390     0.0348     0.0880    5.80315      43935         12  0.000e+00
   1509.271     3.6554     3.6547   3.286394   3.286589     1.3770     0.0348     0.0880    3.81084      43936         12  0.000e+00
   1509.287     3.6554     3.6547   3.286400   3.286589     2.7865     0.0348     0.0880    9.88890      43937         12  0.000e+00
   1509.271     3.6551     3.6545   3.286370   3.286615     1.5697     0.0348     0.0880    4.64189      43938         12  0.000e+00
   1509.271     3.6553     3.6547   3.286419   3.286621     1.6747     0.0348     0.0880    5.09465      43939         12  0.000e+00
   1509.223     3.6555     3.6547   3.286400   3.286621     2.6815     0.0470     0.0869    9.43602      43940         12  0.000e+00
   1509.207     3.6554     3.6546   3.286382   3.286621     1.3251     0.0348     0.0869    3.58709      43941         12  0.000e+00
   1509.223     3.6556     3.6545   3.286382   3.286621     2.0157     0.0348     0.0869    6.56483      43942         12  0.000e+00
   1509.207     3.6551     3.6545   3.286400   3.286621     2.4826     0.0348     0.0869    8.57844      43943         12  0.000e+00
   1509.150     3.6551     3.6545   3.286431   3.286589     1.1521     0.0348     0.0869    2.84132      43944         12  0.000e+00
   1509.158     3.6554     3.6545   3.286425   3.286589     2.3690     0.0348     0.0880    8.08825      43945         12  0.000e+00
   1509.207     3.6552     3.6545   3.286394   3.286589     2.2269     0.0348     0.0869    7.47577      43946         12  0.000e+00
