Cruise Data/Irminger_Sea-01_KN-221_2014-09-07/Ship Data/ctd/process/kkn22104009.ros
* Sea-Bird SBE 9 Data File:
* FileName = C:\Data\ctd\KN22104009.hdr
* Software Version Seasave V 7.21k
* Temperature SN = 4195
* Conductivity SN = 2147
* Number of Bytes Per Scan = 40
* Number of Voltage Words = 5
* Number of Scans Averaged by the Deck Unit = 1
* NMEA Latitude = 59 46.27 N
* NMEA Longitude = 039 38.47 W
* NMEA UTC (Time) = Sep 17 2014 13:48:49
** KN221-04 Chief Scientist: Bob Weller
** OOI Irminger Sea Sept. 2014
** Station: 009
** Knudsen Depth: 2758
# nquan = 12
# nvalues = 588                                   
# units = specified
# name 0 = prDM: Pressure, Digiquartz [db]
# name 1 = t090C: Temperature [ITS-90, deg C]
# name 2 = t190C: Temperature, 2 [ITS-90, deg C]
# name 3 = c0S/m: Conductivity [S/m]
# name 4 = c1S/m: Conductivity, 2 [S/m]
# name 5 = sbeox0V: Oxygen raw, SBE 43 [V]
# name 6 = flECO-AFL: Fluorescence, WET Labs ECO-AFL/FL [mg/m^3]
# name 7 = CStarAt0: Beam Attenuation, WET Labs C-Star [1/m]
# name 8 = sbeox0ML/L: Oxygen, SBE 43 [ml/l]
# name 9 = scan: Scan Count
# name 10 = nbf: Bottles Fired
# name 11 = flag:  0.000e+00
# interval = seconds: 0.0416667
# start_time = Sep 17 2014 13:48:49 [NMEA time, header]
# bad_flag = -9.990e-29
*END*
[from data line 361]
     53.419     7.7632     7.7659   3.584373   3.584841     2.1603     0.9628     0.2655    4.97991      60507          8  0.000e+00
     53.364     7.7629     7.7671   3.584392   3.584972     2.1603     0.9628     0.2655    4.97990      60508          8  0.000e+00
     53.364     7.7634     7.7668   3.584455   3.585005     2.1603     0.9628     0.2655    4.97983      60509          8  0.000e+00
     53.419     7.7650     7.7658   3.584586   3.585064     2.1603     0.9506     0.2655    4.97968      60510          8  0.000e+00
     53.364     7.7665     7.7669   3.584705   3.584972     2.1603     0.9628     0.2644    4.97948      60511          8  0.000e+00
     53.309     7.7691     7.7687   3.584799   3.584972     2.1603     0.9628     0.2632    4.97918      60512          8  0.000e+00
     53.356     7.7703     7.7695   3.584824   3.585064     2.1603     0.9506     0.2632    4.97910      60513          8  0.000e+00
     53.309     7.7692     7.7702   3.584805   3.585163     2.1603     0.9628     0.2632    4.97917      60514          8  0.000e+00
     53.309     7.7677     7.7702   3.584748   3.585163     2.1603     0.9628     0.2632    4.97932      60515          8  0.000e+00
     53.309     7.7658     7.7702   3.584611   3.585229     2.1603     0.9506     0.2632    4.97953      60516          8  0.000e+00
     53.246     7.7640     7.7691   3.584454   3.585262     2.1603     0.9506     0.2632    4.97970      60517          8  0.000e+00
     53.309     7.7629     7.7692   3.584361   3.585163     2.1603     0.9628     0.2644    4.97987      60518          8  0.000e+00
     53.183     7.7619     7.7694   3.584323   3.585163     2.1603     0.9506     0.2655    4.97989      60519          8  0.000e+00
     53.246     7.7612     7.7700   3.584242   3.585097     2.1603     0.9628     0.2655    4.98001      60520          8  0.000e+00
     53.191     7.7612     7.7704   3.584242   3.585163     2.1603     0.9628     0.2655    4.97997      60521          8  0.000e+00
     53.191     7.7612     7.7692   3.584229   3.585229     2.1603     0.9628     0.2655    4.97998      60522          8  0.000e+00
     53.191     7.7611     7.7695   3.584235   3.585229     2.1603     0.9628     0.2666    4.97999      60523          8  0.000e+00
     53.128     7.7614     7.7700   3.584248   3.585196     2.1603     0.9506     0.2666    4.97992      60524          8  0.000e+00
     53.128     7.7612     7.7704   3.584267   3.585262     2.1603     0.9628     0.2678    4.97992      60525          8  0.000e+00
     53.128     7.7614     7.7709   3.584279   3.585295     2.1603     0.9628     0.2678    4.97991      60526          8  0.000e+00
     53.073     7.7629     7.7714   3.584373   3.585354     2.1603     0.9506     0.2678    4.97971      60527          8  0.000e+00
     53.010     7.7641     7.7712   3.584436   3.585328     2.1603     0.9628     0.2678    4.97954      60528          8  0.000e+00
     53.010     7.7648     7.7703   3.584467   3.585387     2.1603     0.9506     0.2678    4.97947      60529          8  0.000e+00
     53.010     7.7648     7.7707   3.584473   3.585360     2.1603     0.9506     0.2678    4.97946      60530          8  0.000e+00
     53.010     7.7651     7.7707   3.584473   3.585328     2.1603     0.9506     0.2678    4.97944      60531          8  0.000e+00
     52.955     7.7645     7.7709   3.584429   3.585295     2.1603     0.9506     0.2678    4.97947      60532          8  0.000e+00
     52.955     7.7640     7.7717   3.584454   3.585360     2.1603     0.9506     0.2678    4.97950      60533          8  0.000e+00
     52.900     7.7641     7.7730   3.584454   3.585387     2.1603     0.9506     0.2678    4.97946      60534          8  0.000e+00
     52.900     7.7638     7.7743   3.584442   3.585426     2.1603     0.9506     0.2678    4.97949      60535          8  0.000e+00
     52.892     7.7635     7.7761   3.584423   3.585551     2.1603     0.9506     0.2678    4.97952      60536          8  0.000e+00
     52.782     7.7636     7.7776   3.584454   3.585683     2.1603     0.9506     0.2678    4.97942      60537          8  0.000e+00
     33.576     7.8212     7.8201   3.588784   3.589001     2.1723     1.0238     0.2861    4.99608      63140          9  0.000e+00
     33.600     7.8211     7.8201   3.588790   3.589014     2.1723     1.0238     0.2861    4.99610      63141          9  0.000e+00
     33.639     7.8214     7.8201   3.588803   3.589034     2.1723     1.0238     0.2861    4.99610      63142          9  0.000e+00
     33.655     7.8214     7.8205   3.588796   3.589014     2.1723     1.0360     0.2861    4.99611      63143          9  0.000e+00
     33.576     7.8215     7.8206   3.588803   3.589034     2.1723     1.0238     0.2861    4.99604      63144          9  0.000e+00
     33.694     7.8215     7.8205   3.588803   3.589047     2.1711     1.0238     0.2850    4.99248      63145          9  0.000e+00
     33.655     7.8214     7.8205   3.588821   3.589001     2.1723     1.0238     0.2861    4.99610      63146          9  0.000e+00
     33.694     7.8214     7.8206   3.588834   3.589014     2.1723     1.0238     0.2850    4.99612      63147          9  0.000e+00
     33.718     7.8215     7.8205   3.588834   3.589060     2.1723     1.0238     0.2850    4.99612      63148          9  0.000e+00
     33.639     7.8214     7.8205   3.588834   3.588981     2.1711     1.0238     0.2850    4.99244      63149          9  0.000e+00
     33.718     7.8212     7.8203   3.588815   3.589034     2.1723     1.0238     0.2850    4.99615      63150          9  0.000e+00
     33.694     7.8212     7.8206   3.588803   3.588981     2.1711     1.0238     0.2861    4.99250      63151          9  0.000e+00
     33.757     7.8212     7.8203   3.588803   3.589060     2.1711     1.0360     0.2861    4.99254      63152          9  0.000e+00
     33.655     7.8212     7.8206   3.588821   3.589047     2.1723     1.0238     0.2861    4.99611      63153          9  0.000e+00
     33.694     7.8215     7.8205   3.588790   3.589001     2.1723     1.0360     0.2850    4.99612      63154          9  0.000e+00
     33.718     7.8214     7.8205   3.588790   3.589047     2.1723     1.0238     0.2850    4.99615      63155          9  0.000e+00
     33.694     7.8214     7.8203   3.588803   3.589001     2.1723     1.0238     0.2850    4.99613      63156          9  0.000e+00
     33.639     7.8215     7.8206   3.588784   3.589047     2.1723     1.0238     0.2850    4.99609      63157          9  0.000e+00
     33.718     7.8212     7.8205   3.588771   3.589001     2.1723     1.0360     0.2850    4.99617      63158          9  0.000e+00
     33.694     7.8215     7.8205   3.588790   3.589014     2.1711     1.0360     0.2838    4.99248      63159          9  0.000e+00
     33.655     7.8212     7.8205   3.588784   3.589001     2.1723     1.0360     0.2838    4.99612      63160          9  0.000e+00
     33.639     7.8212     7.8203   3.588771   3.589014     2.1723     1.0238     0.2838    4.99612      63161          9  0.000e+00
     33.655     7.8212     7.8203   3.588753   3.589001     2.1723     1.0360     0.2838    4.99613      63162          9  0.000e+00
     33.639     7.8211     7.8200   3.588715   3.589014     2.1723     1.0238     0.2838    4.99615      63163          9  0.000e+00
     33.576     7.8211     7.8200   3.588778   3.589001     2.1723     1.0238     0.2838    4.99608      63164          9  0.000e+00
     33.600     7.8211     7.8201   3.588759   3.588981     2.1723     1.0238     0.2850    4.99611      63165          9  0.000e+00
     33.576     7.8212     7.8201   3.588740   3.588968     2.1711     1.0360     0.2861    4.99244      63166          9  0.000e+00
     33.537     7.8209     7.8203   3.588740   3.588955     2.1723     1.0238     0.2850    4.99609      63167          9  0.000e+00
     33.576     7.8211     7.8200   3.588740   3.589034     2.1711     1.0360     0.2861    4.99245      63168          9  0.000e+00
     33.482     7.8209     7.8201   3.588759   3.588981     2.1711     1.0360     0.2873    4.99240      63169          9  0.000e+00
     33.521     7.8209     7.8203   3.588721   3.589001     2.1711     1.0238     0.2907    4.99244      63170          9  0.000e+00
     33.459     7.8211     7.8203   3.588727   3.588981     2.1711     1.0238     0.2907    4.99238      63171          9  0.000e+00
     33.419     7.8209     7.8202   3.588759   3.589001     2.1723     1.0360     0.2907    4.99600      63172          9  0.000e+00
     33.459     7.8212     7.8201   3.588721   3.588981     2.1711     1.0238     0.2884    4.99237      63173          9  0.000e+00
     33.364     7.8212     7.8201   3.588727   3.588968     2.1723     1.0238     0.2884    4.99595      63174          9  0.000e+00
     33.349     7.8209     7.8200   3.588740   3.588981     2.1723     1.0360     0.2873    4.99596      63175          9  0.000e+00
     33.349     7.8209     7.8203   3.588715   3.588968     2.1723     1.0238     0.2873    4.99597      63176          9  0.000e+00
     33.309     7.8211     7.8205   3.588752   3.589014     2.1723     1.0238     0.2861    4.99591      63177          9  0.000e+00
     33.286     7.8209     7.8201   3.588752   3.588968     2.1723     1.0238     0.2850    4.99591      63178          9  0.000e+00
     33.246     7.8209     7.8203   3.588759   3.588981     2.1711     1.0238     0.2850    4.99224      63179          9  0.000e+00
     33.231     7.8209     7.8200   3.588771   3.589001     2.1723     1.0116     0.2838    4.99587      63180          9  0.000e+00
     33.128     7.8211     7.8201   3.588771   3.588955     2.1723     1.0116     0.2850    4.99579      63181          9  0.000e+00
     33.168     7.8211     7.8203   3.588752   3.588968     2.1723     1.0238     0.2850    4.99582      63182          9  0.000e+00
     33.113     7.8212     7.8201   3.588740   3.588981     2.1723     1.0238     0.2850    4.99577      63183          9  0.000e+00
     33.073     7.8212     7.8201   3.588759   3.589001     2.1723     1.0238     0.2850    4.99574      63184          9  0.000e+00
     33.050     7.8211     7.8201   3.588765   3.588981     2.1723     1.0116     0.2850    4.99574      63185          9  0.000e+00
     33.018     7.8211     7.8199   3.588752   3.588968     2.1723     1.0238     0.2850    4.99572      63186          9  0.000e+00
     32.940     7.8209     7.8201   3.588740   3.588981     2.1723     1.0116     0.2850    4.99569      63187          9  0.000e+00
     32.940     7.8211     7.8200   3.588715   3.588902     2.1723     1.0238     0.2850    4.99568      63188          9  0.000e+00
     33.116     7.8214     7.8195   3.588759   3.588935     2.1723     1.0482     0.2838    4.99569      63421         10  0.000e+00
     33.132     7.8209     7.8197   3.588759   3.588922     2.1723     1.0605     0.2838    4.99574      63422         10  0.000e+00
     33.171     7.8209     7.8195   3.588752   3.588935     2.1723     1.0605     0.2838    4.99577      63423         10  0.000e+00
     33.171     7.8212     7.8201   3.588853   3.588889     2.1723     1.0605     0.2838    4.99570      63424         10  0.000e+00
     33.195     7.8219     7.8201   3.588878   3.588968     2.1723     1.0605     0.2838    4.99565      63425         10  0.000e+00
     33.171     7.8220     7.8205   3.588909   3.588981     2.1723     1.0605     0.2838    4.99561      63426         10  0.000e+00
     33.195     7.8224     7.8210   3.588928   3.589034     2.1723     1.0482     0.2838    4.99559      63427         10  0.000e+00
     33.234     7.8224     7.8205   3.588909   3.589014     2.1723     1.0482     0.2850    4.99563      63428         10  0.000e+00
     33.195     7.8225     7.8203   3.588915   3.589034     2.1723     1.0482     0.2850    4.99558      63429         10  0.000e+00
     33.352     7.8225     7.8203   3.588884   3.589014     2.1723     1.0605     0.2850    4.99570      63430         10  0.000e+00
     33.171     7.8224     7.8203   3.588865   3.589001     2.1723     1.0605     0.2850    4.99560      63431         10  0.000e+00
     33.313     7.8222     7.8210   3.588884   3.588981     2.1723     1.0605     0.2850    4.99570      63432         10  0.000e+00
     33.289     7.8227     7.8206   3.588896   3.589034     2.1723     1.0482     0.2861    4.99564      63433         10  0.000e+00
     33.250     7.8227     7.8210   3.588896   3.589014     2.1723     1.0482     0.2861    4.99561      63434         10  0.000e+00
     33.290     7.8227     7.8210   3.588915   3.589034     2.1723     1.0605     0.2850    4.99563      63435         10  0.000e+00
     33.352     7.8225     7.8211   3.588928   3.589047     2.1735     1.0482     0.2861    4.99932      63436         10  0.000e+00
     33.250     7.8229     7.8213   3.588884   3.589060     2.1723     1.0605     0.2861    4.99560      63437         10  0.000e+00
     33.352     7.8227     7.8213   3.588909   3.589080     2.1723     1.0482     0.2861    4.99567      63438         10  0.000e+00
     33.250     7.8225     7.8212   3.588928   3.589093     2.1723     1.0482     0.2861    4.99561      63439         10  0.000e+00
     33.352     7.8225     7.8211   3.588884   3.589080     2.1723     1.0482     0.2861    4.99570      63440         10  0.000e+00
     33.313     7.8225     7.8211   3.588884   3.589060     2.1723     1.0605     0.2861    4.99567      63441         10  0.000e+00
     33.353     7.8224     7.8211   3.588896   3.589080     2.1723     1.0482     0.2861    4.99570      63442         10  0.000e+00
     33.290     7.8227     7.8213   3.588896   3.589060     2.1723     1.0605     0.2850    4.99563      63443         10  0.000e+00
     33.313     7.8222     7.8213   3.588853   3.589080     2.1723     1.0482     0.2861    4.99571      63444         10  0.000e+00
     33.353     7.8222     7.8211   3.588878   3.589060     2.1723     1.0482     0.2850    4.99572      63445         10  0.000e+00
     33.313     7.8222     7.8213   3.588853   3.589080     2.1723     1.0360     0.2838    4.99570      63446         10  0.000e+00
     33.290     7.8220     7.8211   3.588834   3.589126     2.1723     1.0238     0.2838    4.99571      63447         10  0.000e+00
     33.353     7.8220     7.8208   3.588815   3.589093     2.1723     1.0360     0.2838    4.99576      63448         10  0.000e+00
     33.250     7.8219     7.8206   3.588846   3.589014     2.1723     1.0238     0.2850    4.99569      63449         10  0.000e+00
     33.353     7.8219     7.8210   3.588846   3.589034     2.1723     1.0238     0.2850    4.99576      63450         10  0.000e+00
     33.313     7.8220     7.8208   3.588853   3.589047     2.1723     1.0360     0.2861    4.99572      63451         10  0.000e+00
     33.235     7.8220     7.8211   3.588846   3.589060     2.1723     1.0360     0.2861    4.99567      63452         10  0.000e+00
     33.250     7.8219     7.8207   3.588834   3.589014     2.1723     1.0238     0.2861    4.99570      63453         10  0.000e+00
     33.290     7.8219     7.8208   3.588834   3.589034     2.1710     1.0360     0.2861    4.99208      63454         10  0.000e+00
     33.235     7.8217     7.8208   3.588815   3.588981     2.1723     1.0238     0.2873    4.99571      63455         10  0.000e+00
     33.250     7.8219     7.8205   3.588821   3.589034     2.1723     1.0238     0.2861    4.99570      63456         10  0.000e+00
     33.235     7.8215     7.8205   3.588834   3.588981     2.1723     1.0360     0.2850    4.99572      63457         10  0.000e+00
     33.195     7.8217     7.8205   3.588790   3.589001     2.1723     1.0360     0.2838    4.99569      63458         10  0.000e+00
     33.235     7.8214     7.8201   3.588815   3.588981     2.1723     1.0360     0.2838    4.99573      63459         10  0.000e+00
     33.172     7.8217     7.8200   3.588815   3.589001     2.1723     1.0238     0.2850    4.99566      63460         10  0.000e+00
