Cruise Data/Irminger_Sea-01_KN-221_2014-09-07/Ship Data/ctd/process/kkn22104007.ros
* Sea-Bird SBE 9 Data File:
* FileName = C:\Data\ctd\KN22104007.hdr
* Software Version Seasave V 7.21k
* Temperature SN = 4195
* Conductivity SN = 2147
* Number of Bytes Per Scan = 40
* Number of Voltage Words = 5
* Number of Scans Averaged by the Deck Unit = 1
* NMEA Latitude = 59 55.13 N
* NMEA Longitude = 039 25.73 W
* NMEA UTC (Time) = Sep 15 2014 15:50:10
** KN221-04 Chief Scientist: Bob Weller
** OOI Irminger Sea Sept. 2014
** Station: 007
** Knudsen Depth: 2737
# nquan = 12
# nvalues = 588                                   
# units = specified
# name 0 = prDM: Pressure, Digiquartz [db]
# name 1 = t090C: Temperature [ITS-90, deg C]
# name 2 = t190C: Temperature, 2 [ITS-90, deg C]
# name 3 = c0S/m: Conductivity [S/m]
# name 4 = c1S/m: Conductivity, 2 [S/m]
# name 5 = sbeox0V: Oxygen raw, SBE 43 [V]
# name 6 = flECO-AFL: Fluorescence, WET Labs ECO-AFL/FL [mg/m^3]
# name 7 = CStarAt0: Beam Attenuation, WET Labs C-Star [1/m]
# name 8 = sbeox0ML/L: Oxygen, SBE 43 [ml/l]
# name 9 = scan: Scan Count
# name 10 = nbf: Bottles Fired
# name 11 = flag:  0.000e+00
# interval = seconds: 0.0416667
# start_time = Sep 15 2014 15:50:10 [NMEA time, header]
# bad_flag = -9.990e-29
*END*
[from data line 482]
      3.302     7.8885     7.8863   3.593644   3.593680     2.1761     0.3767     0.2999    4.98003      89594         10  0.000e+00
      3.137     7.8888     7.8859   3.593644   3.593706     2.1761     0.3767     0.2999    4.97990      89595         10  0.000e+00
      3.475     7.8889     7.8860   3.593663   3.593673     2.1761     0.3767     0.2999    4.98011      89596         10  0.000e+00
      3.302     7.8880     7.8857   3.593631   3.593647     2.1761     0.3767     0.3011    4.98008      89597         10  0.000e+00
      3.412     7.8878     7.8854   3.593600   3.593673     2.1761     0.3767     0.3022    4.98018      89598         10  0.000e+00
      3.357     7.8875     7.8857   3.593537   3.593647     2.1761     0.3767     0.3022    4.98019      89599         10  0.000e+00
      3.373     7.8874     7.8857   3.593468   3.593614     2.1761     0.3767     0.3011    4.98024      89600         10  0.000e+00
      3.412     7.8873     7.8872   3.593500   3.593706     2.1761     0.3767     0.3011    4.98026      89601         10  0.000e+00
      3.138     7.8886     7.8881   3.593612   3.593838     2.1761     0.3889     0.3011    4.97990      89665         11  0.000e+00
      3.067     7.8885     7.8882   3.593631   3.593811     2.1761     0.3889     0.3011    4.97985      89666         11  0.000e+00
      3.122     7.8887     7.8882   3.593625   3.593871     2.1761     0.3889     0.3011    4.97988      89667         11  0.000e+00
      3.067     7.8884     7.8882   3.593594   3.593877     2.1761     0.3889     0.2999    4.97987      89668         11  0.000e+00
      3.028     7.8885     7.8883   3.593587   3.593871     2.1761     0.3889     0.2988    4.97984      89669         11  0.000e+00
      3.123     7.8886     7.8880   3.593606   3.593871     2.1761     0.3889     0.2988    4.97989      89670         11  0.000e+00
      2.950     7.8887     7.8879   3.593594   3.593877     2.1761     0.3889     0.2988    4.97977      89671         11  0.000e+00
      3.123     7.8885     7.8880   3.593600   3.593838     2.1749     0.3889     0.2988    4.97628      89672         11  0.000e+00
      3.068     7.8886     7.8879   3.593631   3.593871     2.1761     0.3889     0.2976    4.97985      89673         11  0.000e+00
      3.028     7.8887     7.8879   3.593625   3.593910     2.1761     0.3889     0.2976    4.97981      89674         11  0.000e+00
      3.005     7.8886     7.8879   3.593631   3.593871     2.1749     0.3889     0.2965    4.97618      89675         11  0.000e+00
      2.950     7.8885     7.8877   3.593644   3.593811     2.1761     0.3889     0.2965    4.97977      89676         11  0.000e+00
      3.068     7.8884     7.8879   3.593644   3.593838     2.1761     0.3889     0.2976    4.97986      89677         11  0.000e+00
      3.005     7.8886     7.8877   3.593631   3.593871     2.1761     0.3889     0.2976    4.97980      89678         11  0.000e+00
      3.028     7.8887     7.8877   3.593637   3.593844     2.1761     0.3889     0.2976    4.97980      89679         11  0.000e+00
      3.068     7.8884     7.8874   3.593644   3.593772     2.1761     0.3889     0.2976    4.97986      89680         11  0.000e+00
      3.005     7.8886     7.8877   3.593625   3.593838     2.1761     0.3889     0.2976    4.97980      89681         11  0.000e+00
      3.005     7.8888     7.8877   3.593631   3.593844     2.1761     0.3889     0.2988    4.97978      89682         11  0.000e+00
      3.068     7.8888     7.8877   3.593600   3.593871     2.1761     0.3889     0.2988    4.97984      89683         11  0.000e+00
      3.028     7.8885     7.8874   3.593625   3.593811     2.1761     0.4011     0.2988    4.97982      89684         11  0.000e+00
      3.068     7.8885     7.8872   3.593625   3.593805     2.1748     0.4011     0.2988    4.97623      89685         11  0.000e+00
      3.068     7.8886     7.8875   3.593631   3.593772     2.1761     0.4011     0.2988    4.97984      89686         11  0.000e+00
      3.005     7.8888     7.8874   3.593662   3.593844     2.1761     0.4011     0.2988    4.97976      89687         11  0.000e+00
      3.083     7.8884     7.8874   3.593669   3.593838     2.1761     0.4011     0.2988    4.97985      89688         11  0.000e+00
      3.068     7.8884     7.8873   3.593625   3.593805     2.1761     0.4011     0.2988    4.97986      89689         11  0.000e+00
      3.123     7.8885     7.8876   3.593631   3.593811     2.1761     0.4011     0.2988    4.97988      89690         11  0.000e+00
      3.068     7.8886     7.8879   3.593644   3.593838     2.1761     0.4011     0.2999    4.97983      89691         11  0.000e+00
      3.123     7.8884     7.8880   3.593625   3.593844     2.1761     0.4011     0.2999    4.97989      89692         11  0.000e+00
      3.084     7.8884     7.8878   3.593612   3.593838     2.1761     0.4011     0.2999    4.97987      89693         11  0.000e+00
      3.068     7.8887     7.8880   3.593631   3.593838     2.1761     0.4011     0.3011    4.97983      89694         11  0.000e+00
      3.123     7.8888     7.8882   3.593625   3.593877     2.1761     0.4011     0.3011    4.97985      89695         11  0.000e+00
      3.123     7.8886     7.8880   3.593612   3.593871     2.1761     0.4011     0.2999    4.97988      89696         11  0.000e+00
      3.123     7.8887     7.8880   3.593656   3.593871     2.1761     0.4011     0.2999    4.97985      89697         11  0.000e+00
      3.139     7.8889     7.8877   3.593637   3.593844     2.1748     0.4011     0.2988    4.97623      89698         11  0.000e+00
      3.123     7.8887     7.8880   3.593637   3.593838     2.1748     0.4011     0.2988    4.97624      89699         11  0.000e+00
      3.123     7.8888     7.8881   3.593625   3.593844     2.1761     0.4011     0.2976    4.97985      89700         11  0.000e+00
      3.123     7.8888     7.8880   3.593631   3.593838     2.1761     0.4011     0.2976    4.97985      89701         11  0.000e+00
      3.186     7.8887     7.8882   3.593644   3.593871     2.1761     0.4011     0.2965    4.97989      89702         11  0.000e+00
      3.139     7.8884     7.8881   3.593644   3.593877     2.1761     0.4011     0.2965    4.97989      89703         11  0.000e+00
      3.186     7.8884     7.8882   3.593625   3.593871     2.1761     0.4011     0.2965    4.97993      89704         11  0.000e+00
      3.123     7.8885     7.8884   3.593612   3.593871     2.1761     0.4011     0.2976    4.97988      89705         11  0.000e+00
      3.186     7.8884     7.8880   3.593612   3.593877     2.1761     0.4011     0.2988    4.97993      89706         11  0.000e+00
      3.139     7.8887     7.8883   3.593631   3.593805     2.1761     0.3889     0.2988    4.97987      89707         11  0.000e+00
      3.186     7.8885     7.8884   3.593656   3.593877     2.1761     0.3889     0.2988    4.97990      89708         11  0.000e+00
      3.241     7.8884     7.8880   3.593650   3.593871     2.1761     0.3889     0.2988    4.97995      89709         11  0.000e+00
      3.186     7.8885     7.8880   3.593600   3.593805     2.1761     0.3889     0.2988    4.97992      89710         11  0.000e+00
      3.186     7.8886     7.8867   3.593625   3.593844     2.1761     0.3889     0.2988    4.97991      89711         11  0.000e+00
      3.202     7.8888     7.8866   3.593663   3.593805     2.1761     0.3889     0.2988    4.97988      89712         11  0.000e+00
      3.186     7.8891     7.8869   3.593675   3.593805     2.1761     0.3889     0.2976    4.97984      89713         11  0.000e+00
      3.479     7.8907     7.8890   3.593832   3.593970     2.1773     0.4133     0.2999    4.98342      89831         12  0.000e+00
      3.549     7.8906     7.8888   3.593838   3.594009     2.1760     0.4133     0.2988    4.97984      89832         12  0.000e+00
      3.479     7.8905     7.8889   3.593819   3.593970     2.1760     0.4133     0.2988    4.97982      89833         12  0.000e+00
      3.534     7.8907     7.8890   3.593876   3.593976     2.1760     0.4133     0.2988    4.97982      89834         12  0.000e+00
      3.534     7.8906     7.8893   3.593832   3.593970     2.1760     0.4133     0.2988    4.97983      89835         12  0.000e+00
      3.597     7.8905     7.8891   3.593807   3.594002     2.1773     0.4133     0.2988    4.98351      89836         12  0.000e+00
      3.550     7.8905     7.8893   3.593807   3.593976     2.1773     0.4133     0.2988    4.98349      89837         12  0.000e+00
      3.597     7.8905     7.8895   3.593825   3.594029     2.1760     0.4133     0.2988    4.97989      89838         12  0.000e+00
      3.479     7.8904     7.8893   3.593825   3.593970     2.1760     0.4133     0.2999    4.97982      89839         12  0.000e+00
      3.652     7.8906     7.8893   3.593832   3.594042     2.1760     0.4133     0.2988    4.97991      89840         12  0.000e+00
      3.534     7.8904     7.8892   3.593838   3.594002     2.1785     0.4133     0.2988    4.98709      89841         12  0.000e+00
      3.612     7.8905     7.8890   3.593838   3.593976     2.1785     0.4133     0.2988    4.98714      89842         12  0.000e+00
      3.597     7.8905     7.8893   3.593788   3.593970     2.1760     0.4133     0.2988    4.97990      89843         12  0.000e+00
      3.597     7.8900     7.8888   3.593794   3.594029     2.1773     0.4133     0.2988    4.98356      89844         12  0.000e+00
      3.597     7.8903     7.8888   3.593807   3.593943     2.1773     0.4133     0.2976    4.98353      89845         12  0.000e+00
      3.597     7.8902     7.8888   3.593807   3.593970     2.1760     0.4133     0.2988    4.97992      89846         12  0.000e+00
      3.613     7.8903     7.8886   3.593807   3.593970     2.1760     0.4133     0.2999    4.97991      89847         12  0.000e+00
      3.597     7.8900     7.8885   3.593782   3.593976     2.1760     0.4133     0.3011    4.97994      89848         12  0.000e+00
      3.652     7.8904     7.8890   3.593807   3.593970     2.1760     0.4133     0.2999    4.97994      89849         12  0.000e+00
      3.534     7.8901     7.8893   3.593813   3.593976     2.1760     0.4133     0.2999    4.97988      89850         12  0.000e+00
      3.597     7.8900     7.8890   3.593782   3.594029     2.1760     0.4133     0.2988    4.97994      89851         12  0.000e+00
      3.613     7.8900     7.8890   3.593769   3.594003     2.1760     0.4133     0.2988    4.97996      89852         12  0.000e+00
      3.597     7.8903     7.8888   3.593819   3.593976     2.1760     0.4011     0.2976    4.97990      89853         12  0.000e+00
      3.597     7.8902     7.8887   3.593838   3.593937     2.1773     0.4011     0.2976    4.98353      89854         12  0.000e+00
      3.597     7.8901     7.8887   3.593819   3.594002     2.1773     0.4011     0.2976    4.98354      89855         12  0.000e+00
      3.597     7.8904     7.8890   3.593807   3.593943     2.1773     0.4011     0.2976    4.98352      89856         12  0.000e+00
      3.550     7.8903     7.8891   3.593807   3.593970     2.1760     0.4011     0.2988    4.97987      89857         12  0.000e+00
      3.534     7.8898     7.8892   3.593769   3.594009     2.1760     0.4011     0.2988    4.97991      89858         12  0.000e+00
      3.597     7.8902     7.8893   3.593794   3.594002     2.1760     0.4011     0.2988    4.97992      89859         12  0.000e+00
      3.479     7.8900     7.8894   3.593807   3.594002     2.1773     0.4011     0.2988    4.98347      89860         12  0.000e+00
      3.597     7.8902     7.8890   3.593807   3.593976     2.1760     0.4011     0.2988    4.97991      89861         12  0.000e+00
      3.495     7.8900     7.8888   3.593807   3.594002     2.1760     0.4011     0.2976    4.97986      89862         12  0.000e+00
      3.534     7.8900     7.8887   3.593782   3.593937     2.1760     0.4011     0.2976    4.97990      89863         12  0.000e+00
      3.479     7.8902     7.8889   3.593769   3.593943     2.1773     0.4011     0.2976    4.98347      89864         12  0.000e+00
      3.479     7.8903     7.8892   3.593794   3.594002     2.1773     0.4011     0.2976    4.98345      89865         12  0.000e+00
      3.479     7.8904     7.8892   3.593731   3.594002     2.1760     0.4011     0.2976    4.97984      89866         12  0.000e+00
      3.495     7.8901     7.8891   3.593744   3.593976     2.1760     0.4011     0.2976    4.97987      89867         12  0.000e+00
      3.416     7.8901     7.8890   3.593794   3.594002     2.1760     0.4011     0.2976    4.97980      89868         12  0.000e+00
      3.416     7.8902     7.8892   3.593782   3.594009     2.1760     0.4011     0.2976    4.97980      89869         12  0.000e+00
      3.416     7.8903     7.8892   3.593794   3.594002     2.1773     0.4011     0.2976    4.98340      89870         12  0.000e+00
      3.416     7.8902     7.8891   3.593757   3.594002     2.1760     0.4011     0.2976    4.97981      89871         12  0.000e+00
      3.322     7.8901     7.8890   3.593756   3.593943     2.1760     0.4011     0.2976    4.97975      89872         12  0.000e+00
      3.416     7.8901     7.8890   3.593769   3.593969     2.1773     0.4011     0.2976    4.98343      89873         12  0.000e+00
      3.306     7.8902     7.8888   3.593750   3.593969     2.1760     0.4011     0.2988    4.97974      89874         12  0.000e+00
      3.306     7.8900     7.8888   3.593738   3.593943     2.1773     0.4011     0.2976    4.98338      89875         12  0.000e+00
      3.377     7.8899     7.8888   3.593738   3.593969     2.1760     0.4011     0.2988    4.97981      89876         12  0.000e+00
      3.244     7.8901     7.8889   3.593775   3.593943     2.1760     0.4011     0.2988    4.97969      89877         12  0.000e+00
      3.244     7.8900     7.8890   3.593775   3.593969     2.1760     0.4011     0.2988    4.97970      89878         12  0.000e+00
      3.244     7.8900     7.8890   3.593750   3.593969     2.1760     0.4011     0.2988    4.97970      89879         12  0.000e+00
