Cruise Data/Irminger_Sea-01_KN-221_2014-09-07/Ship Data/ctd/process/kkn22104007.ros
* Sea-Bird SBE 9 Data File:
* FileName = C:\Data\ctd\KN22104007.hdr
* Software Version Seasave V 7.21k
* Temperature SN = 4195
* Conductivity SN = 2147
* Number of Bytes Per Scan = 40
* Number of Voltage Words = 5
* Number of Scans Averaged by the Deck Unit = 1
* NMEA Latitude = 59 55.13 N
* NMEA Longitude = 039 25.73 W
* NMEA UTC (Time) = Sep 15 2014 15:50:10
** KN221-04 Chief Scientist: Bob Weller
** OOI Irminger Sea Sept. 2014
** Station: 007
** Knudsen Depth: 2737
# nquan = 12
# nvalues = 588                                   
# units = specified
# name 0 = prDM: Pressure, Digiquartz [db]
# name 1 = t090C: Temperature [ITS-90, deg C]
# name 2 = t190C: Temperature, 2 [ITS-90, deg C]
# name 3 = c0S/m: Conductivity [S/m]
# name 4 = c1S/m: Conductivity, 2 [S/m]
# name 5 = sbeox0V: Oxygen raw, SBE 43 [V]
# name 6 = flECO-AFL: Fluorescence, WET Labs ECO-AFL/FL [mg/m^3]
# name 7 = CStarAt0: Beam Attenuation, WET Labs C-Star [1/m]
# name 8 = sbeox0ML/L: Oxygen, SBE 43 [ml/l]
# name 9 = scan: Scan Count
# name 10 = nbf: Bottles Fired
# name 11 = flag:  0.000e+00
# interval = seconds: 0.0416667
# start_time = Sep 15 2014 15:50:10 [NMEA time, header]
# bad_flag = -9.990e-29
*END*
   1509.347     3.4796     3.4789   3.268678   3.268890     1.6538     0.0348     0.0760    4.66174      39582          1  0.000e+00
   1509.331     3.4797     3.4791   3.268745   3.268954     1.6538     0.0348     0.0760    4.66170      39583          1  0.000e+00
   1509.331     3.4797     3.4790   3.268745   3.268852     1.6538     0.0348     0.0760    4.66170      39584          1  0.000e+00
   1509.347     3.4796     3.4791   3.268703   3.268890     1.6538     0.0348     0.0760    4.66174      39585          1  0.000e+00
   1509.460     3.4796     3.4788   3.268697   3.268916     1.6538     0.0348     0.0760    4.66181      39586          1  0.000e+00
   1509.283     3.4794     3.4789   3.268697   3.268833     1.6538     0.0348     0.0760    4.66172      39587          1  0.000e+00
   1509.581     3.4794     3.4786   3.268685   3.268916     1.6538     0.0348     0.0760    4.66191      39588          1  0.000e+00
   1509.331     3.4793     3.4787   3.268709   3.268859     1.6538     0.0470     0.0760    4.66176      39589          1  0.000e+00
   1509.468     3.4793     3.4788   3.268666   3.268852     1.6538     0.0348     0.0760    4.66186      39590          1  0.000e+00
   1509.517     3.4794     3.4787   3.268678   3.268833     1.6538     0.0348     0.0760    4.66188      39591          1  0.000e+00
   1509.396     3.4793     3.4788   3.268684   3.268859     1.6538     0.0348     0.0760    4.66181      39592          1  0.000e+00
   1509.533     3.4794     3.4786   3.268685   3.268852     1.6525     0.0348     0.0760    4.65691      39593          1  0.000e+00
   1509.517     3.4796     3.4787   3.268685   3.268833     1.6538     0.0470     0.0760    4.66186      39594          1  0.000e+00
   1509.412     3.4794     3.4788   3.268666   3.268884     1.6538     0.0470     0.0760    4.66182      39595          1  0.000e+00
   1509.517     3.4796     3.4789   3.268672   3.268859     1.6538     0.0470     0.0760    4.66186      39596          1  0.000e+00
   1509.396     3.4796     3.4790   3.268684   3.268852     1.6538     0.0470     0.0760    4.66179      39597          1  0.000e+00
   1509.533     3.4797     3.4789   3.268697   3.268859     1.6538     0.0470     0.0760    4.66186      39598          1  0.000e+00
   1509.396     3.4798     3.4790   3.268672   3.268859     1.6538     0.0470     0.0760    4.66178      39599          1  0.000e+00
   1509.468     3.4801     3.4791   3.268715   3.268852     1.6538     0.0470     0.0760    4.66178      39600          1  0.000e+00
   1509.460     3.4802     3.4791   3.268727   3.268833     1.6525     0.0470     0.0749    4.65678      39601          1  0.000e+00
   1509.331     3.4804     3.4793   3.268727   3.268884     1.6525     0.0470     0.0760    4.65669      39602          1  0.000e+00
   1509.412     3.4806     3.4794   3.268727   3.268833     1.6538     0.0470     0.0760    4.66170      39603          1  0.000e+00
   1509.396     3.4805     3.4796   3.268751   3.268884     1.6538     0.0470     0.0760    4.66168      39604          1  0.000e+00
   1509.348     3.4805     3.4798   3.268757   3.268890     1.6538     0.0470     0.0760    4.66165      39605          1  0.000e+00
   1509.331     3.4804     3.4797   3.268715   3.268941     1.6538     0.0470     0.0760    4.66167      39606          1  0.000e+00
   1509.331     3.4807     3.4796   3.268697   3.268954     1.6538     0.0470     0.0760    4.66165      39607          1  0.000e+00
   1509.283     3.4805     3.4802   3.268721   3.268922     1.6538     0.0470     0.0749    4.66163      39608          1  0.000e+00
   1509.211     3.4805     3.4802   3.268787   3.268941     1.6538     0.0470     0.0749    4.66156      39609          1  0.000e+00
   1509.227     3.4804     3.4808   3.268715   3.268954     1.6538     0.0470     0.0760    4.66161      39610          1  0.000e+00
   1509.211     3.4807     3.4808   3.268684   3.268973     1.6538     0.0470     0.0760    4.66158      39611          1  0.000e+00
   1509.154     3.4807     3.4807   3.268721   3.268979     1.6538     0.0470     0.0770    4.66154      39612          1  0.000e+00
   1509.106     3.4807     3.4806   3.268769   3.269005     1.6538     0.0470     0.0770    4.66148      39613          1  0.000e+00
   1509.090     3.4807     3.4807   3.268763   3.268979     1.6538     0.0470     0.0770    4.66148      39614          1  0.000e+00
   1509.041     3.4808     3.4806   3.268781   3.269011     1.6538     0.0470     0.0760    4.66143      39615          1  0.000e+00
   1509.025     3.4807     3.4808   3.268763   3.269005     1.6538     0.0470     0.0760    4.66144      39616          1  0.000e+00
   1508.904     3.4808     3.4808   3.268739   3.268979     1.6538     0.0470     0.0760    4.66136      39617          1  0.000e+00
   1508.920     3.4810     3.4808   3.268787   3.269036     1.6538     0.0470     0.0760    4.66134      39618          1  0.000e+00
   1508.904     3.4810     3.4810   3.268757   3.269011     1.6538     0.0348     0.0760    4.66135      39619          1  0.000e+00
   1508.856     3.4811     3.4808   3.268787   3.269036     1.6538     0.0226     0.0760    4.66130      39620          1  0.000e+00
   1508.727     3.4813     3.4812   3.268775   3.269011     1.6538     0.0226     0.0760    4.66120      39621          1  0.000e+00
   1508.783     3.4813     3.4808   3.268775   3.269036     1.6538     0.0226     0.0760    4.66124      39622          1  0.000e+00
   1508.679     3.4811     3.4811   3.268787   3.269011     1.6538     0.0226     0.0760    4.66119      39623          1  0.000e+00
   1508.663     3.4813     3.4813   3.268787   3.269011     1.6526     0.0226     0.0760    4.65618      39624          1  0.000e+00
   1508.550     3.4812     3.4813   3.268787   3.269036     1.6526     0.0226     0.0760    4.65613      39625          1  0.000e+00
   1508.542     3.4812     3.4809   3.268805   3.269043     1.6526     0.0226     0.0760    4.65612      39626          1  0.000e+00
   1508.493     3.4815     3.4812   3.268799   3.269062     1.6538     0.0226     0.0760    4.66103      39627          1  0.000e+00
   1508.421     3.4815     3.4813   3.268805   3.269043     1.6538     0.0226     0.0760    4.66099      39628          1  0.000e+00
   1508.421     3.4816     3.4812   3.268799   3.269036     1.6538     0.0226     0.0760    4.66098      39629          1  0.000e+00
   1508.372     3.4815     3.4815   3.268787   3.269042     1.6538     0.0226     0.0760    4.66096      39630          1  0.000e+00
    905.808     3.5298     3.5290   3.241700   3.241912     1.8603     0.0348     0.0770    5.07441      56087          2  0.000e+00
    905.880     3.5297     3.5292   3.241718   3.241849     1.8603     0.0348     0.0770    5.07445      56088          2  0.000e+00
    905.816     3.5297     3.5291   3.241706   3.241830     1.8603     0.0348     0.0770    5.07441      56089          2  0.000e+00
    905.864     3.5298     3.5291   3.241724   3.241849     1.8603     0.0348     0.0770    5.07443      56090          2  0.000e+00
    905.816     3.5299     3.5290   3.241736   3.241881     1.8603     0.0348     0.0770    5.07439      56091          2  0.000e+00
    905.880     3.5299     3.5291   3.241700   3.241849     1.8603     0.0348     0.0770    5.07444      56092          2  0.000e+00
    905.808     3.5297     3.5290   3.241688   3.241855     1.8591     0.0348     0.0770    5.06984      56093          2  0.000e+00
    905.880     3.5298     3.5290   3.241748   3.241849     1.8603     0.0348     0.0760    5.07444      56094          2  0.000e+00
    905.864     3.5299     3.5293   3.241730   3.241849     1.8603     0.0348     0.0760    5.07442      56095          2  0.000e+00
    905.816     3.5298     3.5290   3.241730   3.241849     1.8591     0.0348     0.0760    5.06983      56096          2  0.000e+00
    905.816     3.5297     3.5291   3.241700   3.241887     1.8603     0.0348     0.0760    5.07442      56097          2  0.000e+00
    905.808     3.5299     3.5288   3.241712   3.241881     1.8603     0.0348     0.0770    5.07439      56098          2  0.000e+00
    905.880     3.5299     3.5293   3.241730   3.241824     1.8603     0.0348     0.0770    5.07443      56099          2  0.000e+00
    905.816     3.5297     3.5290   3.241718   3.241881     1.8603     0.0348     0.0770    5.07441      56100          2  0.000e+00
    905.808     3.5299     3.5292   3.241694   3.241855     1.8603     0.0348     0.0770    5.07439      56101          2  0.000e+00
    905.816     3.5299     3.5292   3.241688   3.241881     1.8603     0.0348     0.0770    5.07441      56102          2  0.000e+00
    905.760     3.5298     3.5294   3.241724   3.241881     1.8603     0.0348     0.0770    5.07437      56103          2  0.000e+00
    905.808     3.5299     3.5290   3.241718   3.241849     1.8603     0.0348     0.0770    5.07439      56104          2  0.000e+00
    905.760     3.5301     3.5294   3.241730   3.241887     1.8603     0.0348     0.0770    5.07433      56105          2  0.000e+00
    905.816     3.5300     3.5291   3.241706   3.241849     1.8603     0.0348     0.0770    5.07438      56106          2  0.000e+00
    905.744     3.5299     3.5292   3.241724   3.241881     1.8603     0.0348     0.0770    5.07434      56107          2  0.000e+00
    905.760     3.5300     3.5292   3.241736   3.241849     1.8603     0.0348     0.0770    5.07433      56108          2  0.000e+00
    905.760     3.5297     3.5294   3.241700   3.241855     1.8603     0.0348     0.0770    5.07438      56109          2  0.000e+00
    905.689     3.5301     3.5294   3.241670   3.241912     1.8603     0.0348     0.0770    5.07431      56110          2  0.000e+00
    905.760     3.5300     3.5294   3.241700   3.241849     1.8603     0.0348     0.0781    5.07435      56111          2  0.000e+00
    905.697     3.5301     3.5294   3.241748   3.241912     1.8603     0.0348     0.0781    5.07428      56112          2  0.000e+00
    905.689     3.5302     3.5293   3.241748   3.241855     1.8603     0.0348     0.0770    5.07427      56113          2  0.000e+00
    905.697     3.5299     3.5292   3.241736   3.241849     1.8603     0.0348     0.0770    5.07430      56114          2  0.000e+00
    905.689     3.5302     3.5296   3.241730   3.241881     1.8603     0.0348     0.0770    5.07427      56115          2  0.000e+00
    905.641     3.5299     3.5294   3.241730   3.241881     1.8603     0.0348     0.0770    5.07427      56116          2  0.000e+00
    905.641     3.5300     3.5293   3.241736   3.241855     1.8603     0.0348     0.0770    5.07425      56117          2  0.000e+00
    905.625     3.5297     3.5292   3.241718   3.241881     1.8603     0.0348     0.0760    5.07428      56118          2  0.000e+00
    905.641     3.5301     3.5294   3.241700   3.241849     1.8603     0.0348     0.0760    5.07426      56119          2  0.000e+00
    905.577     3.5300     3.5294   3.241724   3.241881     1.8603     0.0348     0.0760    5.07422      56120          2  0.000e+00
    905.625     3.5301     3.5292   3.241736   3.241855     1.8603     0.0348     0.0760    5.07424      56121          2  0.000e+00
    905.577     3.5300     3.5294   3.241700   3.241849     1.8603     0.0348     0.0770    5.07423      56122          2  0.000e+00
    905.521     3.5301     3.5291   3.241712   3.241881     1.8603     0.0348     0.0770    5.07418      56123          2  0.000e+00
    905.505     3.5299     3.5292   3.241718   3.241849     1.8603     0.0348     0.0770    5.07419      56124          2  0.000e+00
    905.577     3.5299     3.5291   3.241748   3.241887     1.8603     0.0348     0.0770    5.07422      56125          2  0.000e+00
    905.521     3.5300     3.5293   3.241730   3.241881     1.8603     0.0348     0.0770    5.07418      56126          2  0.000e+00
    905.505     3.5299     3.5292   3.241676   3.241824     1.8603     0.0348     0.0770    5.07420      56127          2  0.000e+00
    905.521     3.5299     3.5292   3.241700   3.241881     1.8603     0.0348     0.0770    5.07420      56128          2  0.000e+00
    905.457     3.5299     3.5294   3.241712   3.241887     1.8603     0.0348     0.0770    5.07416      56129          2  0.000e+00
    905.505     3.5299     3.5292   3.241730   3.241881     1.8603     0.0348     0.0770    5.07418      56130          2  0.000e+00
    905.457     3.5300     3.5292   3.241718   3.241881     1.8603     0.0348     0.0770    5.07414      56131          2  0.000e+00
    905.457     3.5299     3.5291   3.241718   3.241881     1.8603     0.0348     0.0770    5.07415      56132          2  0.000e+00
    905.386     3.5299     3.5292   3.241718   3.241830     1.8603     0.0348     0.0770    5.07411      56133          2  0.000e+00
    905.457     3.5298     3.5294   3.241712   3.241881     1.8603     0.0348     0.0770    5.07417      56134          2  0.000e+00
    905.402     3.5297     3.5292   3.241712   3.241881     1.8603     0.0348     0.0770    5.07414      56135          2  0.000e+00
    504.656     3.7863     3.7857   3.248887   3.249008     1.9383     0.0348     0.0781    5.05614      68284          3  0.000e+00
    504.711     3.7863     3.7855   3.248899   3.249008     1.9383     0.0348     0.0770    5.05617      68285          3  0.000e+00
    504.656     3.7861     3.7855   3.248881   3.249008     1.9371     0.0348     0.0770    5.05186      68286          3  0.000e+00
    504.775     3.7861     3.7855   3.248887   3.249065     1.9383     0.0348     0.0770    5.05623      68287          3  0.000e+00
    504.577     3.7863     3.7857   3.248917   3.249008     1.9383     0.0348     0.0770    5.05607      68288          3  0.000e+00
    504.711     3.7863     3.7855   3.248887   3.249034     1.9383     0.0348     0.0770    5.05617      68289          3  0.000e+00
    504.775     3.7862     3.7855   3.248869   3.249034     1.9383     0.0348     0.0770    5.05623      68290          3  0.000e+00
    504.775     3.7863     3.7857   3.248911   3.249034     1.9371     0.0226     0.0770    5.05191      68291          3  0.000e+00
    504.656     3.7864     3.7855   3.248887   3.249008     1.9383     0.0226     0.0770    5.05612      68292          3  0.000e+00
    504.711     3.7864     3.7855   3.248869   3.249065     1.9383     0.0226     0.0770    5.05616      68293          3  0.000e+00
    504.656     3.7862     3.7857   3.248887   3.249008     1.9383     0.0226     0.0770    5.05614      68294          3  0.000e+00
    504.751     3.7864     3.7855   3.248899   3.249034     1.9383     0.0226     0.0770    5.05618      68295          3  0.000e+00
    504.711     3.7864     3.7857   3.248881   3.248977     1.9383     0.0226     0.0770    5.05616      68296          3  0.000e+00
    504.656     3.7864     3.7857   3.248887   3.249008     1.9383     0.0226     0.0781    5.05612      68297          3  0.000e+00
    504.712     3.7866     3.7857   3.248899   3.249015     1.9383     0.0226     0.0781    5.05613      68298          3  0.000e+00
    504.656     3.7868     3.7857   3.248881   3.249008     1.9383     0.0226     0.0781    5.05609      68299          3  0.000e+00
    504.712     3.7866     3.7859   3.248887   3.249034     1.9383     0.0226     0.0770    5.05614      68300          3  0.000e+00
    504.656     3.7869     3.7857   3.248917   3.249034     1.9383     0.0226     0.0770    5.05606      68301          3  0.000e+00
    504.601     3.7872     3.7857   3.248929   3.249008     1.9383     0.0226     0.0770    5.05598      68302          3  0.000e+00
    504.688     3.7871     3.7860   3.248929   3.249034     1.9371     0.0226     0.0770    5.05176      68303          3  0.000e+00
    504.656     3.7869     3.7857   3.248929   3.249034     1.9383     0.0226     0.0770    5.05605      68304          3  0.000e+00
    504.656     3.7871     3.7860   3.248911   3.249097     1.9371     0.0226     0.0770    5.05174      68305          3  0.000e+00
