Cruise Data/Irminger_Sea-01_KN-221_2014-09-07/Ship Data/ctd/process/kkn22104006.cnv
* Sea-Bird SBE 9 Data File:
* FileName = C:\Data\ctd\KN22104006.hdr
* Software Version Seasave V 7.21k
* Temperature SN = 4195
* Conductivity SN = 2147
* Number of Bytes Per Scan = 40
* Number of Voltage Words = 5
* Number of Scans Averaged by the Deck Unit = 1
* NMEA Latitude = 59 57.97 N
* NMEA Longitude = 039 28.24 W
* NMEA UTC (Time) = Sep 12 2014 05:09:49
** KN221-04 Chief Scientist: Bob Weller
** OOI Irminger Sea Sept. 2014
** Station: 006
** Knudsen Depth: 2706
# nquan = 19
# nvalues = 4926                        
# units = specified
# name 0 = prDM: Pressure, Digiquartz [db]
# name 1 = t090C: Temperature [ITS-90, deg C]
# name 2 = t190C: Temperature, 2 [ITS-90, deg C]
# name 3 = c0S/m: Conductivity [S/m]
# name 4 = c1S/m: Conductivity, 2 [S/m]
# name 5 = sbeox0V: Oxygen raw, SBE 43 [V]
# name 6 = flECO-AFL: Fluorescence, WET Labs ECO-AFL/FL [mg/m^3]
# name 7 = CStarAt0: Beam Attenuation, WET Labs C-Star [1/m]
# name 8 = sbeox0ML/L: Oxygen, SBE 43 [ml/l]
# name 9 = depSM: Depth [salt water, m], lat = 59.9662
# name 10 = sal00: Salinity, Practical [PSU]
# name 11 = sal11: Salinity, Practical, 2 [PSU]
# name 12 = svDM: Sound Velocity [Delgrosso, m/s]
# name 13 = sbeox0ML/L: Oxygen, SBE 43 [ml/l], WS = 2
# name 14 = density00: Density [density, Kg/m^3]
# name 15 = density11: Density, 2 [density, Kg/m^3]
# name 16 = dz/dtM: Descent Rate [m/s], WS = 2
# name 17 = oxsatML/L: Oxygen Saturation, Weiss [ml/l]
# name 18 = flag: flag
# span 0 =     14.134,   2519.636       
# span 1 =     2.2198,     9.2483       
# span 2 =     2.2204,     9.2475       
# span 3 =   3.195604,   3.718017       
# span 4 =   3.195932,   3.718250       
# span 5 =     1.5153,     2.2089       
# span 6 =     0.0100,     1.9742       
# span 7 =     0.0833,     0.4032       
# span 8 =    4.65831,    5.08011       
# span 9 =     14.000,   2481.000       
# span 10 =    34.7531,    34.9944      
# span 11 =    34.6320,    34.9943      
# span 12 =    1470.90,    1500.97      
# span 13 =    4.65820,    5.07992      
# span 14 =  1026.9670,  1039.4008      
# span 15 =  1026.9692,  1039.4034      
# span 16 =     -2.232,      2.110      
# span 17 =    6.43334,    7.59975      
# span 18 = 0.0000e+00, 0.0000e+00      
# interval = meters: 1                  
# start_time = Sep 12 2014 05:09:49 [NMEA time, header]
# bad_flag = -9.990e-29
*END*
[from data line 4648]
    303.077     4.1337     4.1358   3.273066   3.273445     1.9806     0.0348     0.0901    5.02211    300.000    34.9030    34.9053    1471.85    5.02198  1029.1008  1029.1024     -1.222    7.24455 0.0000e+00
    302.066     4.1361     4.1365   3.273253   3.273503     1.9808     0.0267     0.0901    5.02203    299.000    34.9032    34.9057    1471.84    5.02190  1029.0959  1029.0980     -1.085    7.24410 0.0000e+00
    301.055     4.1356     4.1363   3.273155   3.273443     1.9813     0.0418     0.0904    5.02307    298.000    34.9031    34.9057    1471.82    5.02294  1029.0914  1029.0934     -0.881    7.24420 0.0000e+00
    300.044     4.1381     4.1383   3.273346   3.273542     1.9814     0.0382     0.0901    5.02230    297.000    34.9033    34.9054    1471.82    5.02217  1029.0865  1029.0881     -0.885    7.24375 0.0000e+00
    299.033     4.1391     4.1377   3.273398   3.273486     1.9816     0.0475     0.0900    5.02230    296.000    34.9034    34.9059    1471.81    5.02217  1029.0818  1029.0840     -1.061    7.24357 0.0000e+00
    298.022     4.1393     4.1392   3.273385   3.273568     1.9817     0.0370     0.0901    5.02178    295.000    34.9035    34.9058    1471.79    5.02165  1029.0773  1029.0790     -1.076    7.24352 0.0000e+00
    297.011     4.1396     4.1392   3.273377   3.273541     1.9817     0.0366     0.0915    5.02121    294.000    34.9036    34.9061    1471.78    5.02107  1029.0726  1029.0746     -0.850    7.24346 0.0000e+00
    296.000     4.1377     4.1359   3.273124   3.273193     1.9817     0.0449     0.0901    5.02084    293.000    34.9032    34.9059    1471.75    5.02071  1029.0679  1029.0702     -0.834    7.24382 0.0000e+00
    294.989     4.1359     4.1367   3.272880   3.273154     1.9818     0.0374     0.0899    5.02072    292.000    34.9027    34.9052    1471.73    5.02059  1029.0630  1029.0648     -1.091    7.24416 0.0000e+00
    293.978     4.1389     4.1431   3.273121   3.273636     1.9819     0.0472     0.0900    5.02001    291.000    34.9030    34.9047    1471.72    5.01988  1029.0581  1029.0590     -1.237    7.24362 0.0000e+00
    292.967     4.1440     4.1459   3.273540   3.273941     1.9820     0.0360     0.0899    5.01906    290.000    34.9031    34.9059    1471.73    5.01893  1029.0530  1029.0549     -1.177    7.24271 0.0000e+00
    291.956     4.1461     4.1464   3.273715   3.273941     1.9824     0.0361     0.0901    5.01941    289.000    34.9035    34.9058    1471.72    5.01927  1029.0483  1029.0502     -0.938    7.24232 0.0000e+00
    290.945     4.1462     4.1467   3.273678   3.273912     1.9828     0.0330     0.0900    5.02009    288.000    34.9034    34.9058    1471.71    5.01996  1029.0436  1029.0454     -0.839    7.24230 0.0000e+00
    289.934     4.1494     4.1475   3.273910   3.273933     1.9830     0.0126     0.0901    5.01965    287.000    34.9034    34.9057    1471.70    5.01952  1029.0386  1029.0406     -1.080    7.24174 0.0000e+00
    288.923     4.1514     4.1528   3.274066   3.274354     1.9832     0.0365     0.0897    5.01933    286.000    34.9037    34.9055    1471.70    5.01919  1029.0339  1029.0352     -1.315    7.24137 0.0000e+00
    287.912     4.1542     4.1552   3.274279   3.274562     1.9834     0.0259     0.0901    5.01914    285.000    34.9037    34.9060    1471.69    5.01901  1029.0289  1029.0306     -1.347    7.24086 0.0000e+00
    286.901     4.1563     4.1577   3.274465   3.274776     1.9837     0.0335     0.0901    5.01897    284.000    34.9043    34.9064    1471.68    5.01884  1029.0245  1029.0260     -1.109    7.24048 0.0000e+00
    285.891     4.1583     4.1596   3.274629   3.274920     1.9840     0.0327     0.0901    5.01931    283.000    34.9046    34.9066    1471.68    5.01918  1029.0199  1029.0212     -0.616    7.24010 0.0000e+00
    284.880     4.1611     4.1621   3.274815   3.275089     1.9842     0.0354     0.0901    5.01871    282.000    34.9044    34.9066    1471.67    5.01858  1029.0146  1029.0162     -0.853    7.23961 0.0000e+00
    283.869     4.1619     4.1643   3.274851   3.275227     1.9842     0.0348     0.0901    5.01811    281.000    34.9045    34.9064    1471.66    5.01797  1029.0100  1029.0112     -1.277    7.23947 0.0000e+00
    282.858     4.1665     4.1683   3.275248   3.275579     1.9840     0.0348     0.0901    5.01624    280.000    34.9049    34.9068    1471.66    5.01610  1029.0051  1029.0065     -1.401    7.23863 0.0000e+00
    281.847     4.1692     4.1698   3.275440   3.275694     1.9842     0.0250     0.0901    5.01577    279.000    34.9048    34.9072    1471.66    5.01563  1029.0000  1029.0018     -1.302    7.23815 0.0000e+00
    280.836     4.1701     4.1718   3.275495   3.275831     1.9843     0.0309     0.0901    5.01534    278.000    34.9051    34.9072    1471.64    5.01521  1028.9955  1028.9969     -1.018    7.23799 0.0000e+00
    279.825     4.1732     4.1771   3.275754   3.276228     1.9845     0.0445     0.0901    5.01482    277.000    34.9054    34.9068    1471.64    5.01469  1028.9907  1028.9913     -0.767    7.23742 0.0000e+00
    278.814     4.1760     4.1781   3.275923   3.276443     1.9844     0.0322     0.0901    5.01345    276.000    34.9050    34.9089    1471.64    5.01332  1028.9854  1028.9883     -0.868    7.23695 0.0000e+00
    277.803     4.1818     4.1770   3.276449   3.276183     1.9842     0.0221     0.0901    5.01133    275.000    34.9056    34.9075    1471.64    5.01119  1028.9805  1028.9825     -1.079    7.23589 0.0000e+00
    276.793     4.1842     4.1890   3.276678   3.277260     1.9841     0.0226     0.0901    5.00994    274.000    34.9062    34.9080    1471.64    5.00981  1028.9761  1028.9769     -1.137    7.23542 0.0000e+00
    275.782     4.1893     4.1915   3.277116   3.277488     1.9841     0.0231     0.0901    5.00881    273.000    34.9065    34.9086    1471.64    5.00867  1028.9711  1028.9725     -0.963    7.23450 0.0000e+00
    274.771     4.1908     4.1921   3.277212   3.277527     1.9841     0.0353     0.0901    5.00801    272.000    34.9066    34.9090    1471.63    5.00788  1028.9663  1028.9681     -0.723    7.23424 0.0000e+00
    273.760     4.1931     4.1927   3.277365   3.277508     1.9840     0.0409     0.0901    5.00677    271.000    34.9066    34.9087    1471.63    5.00663  1028.9613  1028.9630     -0.974    7.23383 0.0000e+00
    272.749     4.1954     4.1990   3.277537   3.278007     1.9837     0.0387     0.0901    5.00477    270.000    34.9067    34.9085    1471.62    5.00464  1028.9564  1028.9575     -1.314    7.23342 0.0000e+00
    271.738     4.2024     4.2072   3.278170   3.278714     1.9836     0.0229     0.0901    5.00275    269.000    34.9073    34.9086    1471.63    5.00262  1028.9515  1028.9520     -1.482    7.23216 0.0000e+00
    270.727     4.2101     4.2119   3.278845   3.279196     1.9837     0.0332     0.0901    5.00141    268.000    34.9077    34.9099    1471.65    5.00128  1028.9462  1028.9478     -1.453    7.23077 0.0000e+00
    269.717     4.2115     4.2142   3.278934   3.279334     1.9839     0.0348     0.0902    5.00126    267.000    34.9077    34.9097    1471.64    5.00112  1028.9414  1028.9427     -1.195    7.23051 0.0000e+00
    268.706     4.2138     4.2132   3.279105   3.279240     1.9837     0.0355     0.0904    4.99951    266.000    34.9079    34.9101    1471.63    4.99937  1028.9366  1028.9385     -0.753    7.23010 0.0000e+00
    267.695     4.2144     4.2141   3.279121   3.279294     1.9828     0.0329     0.1022    4.99588    265.000    34.9080    34.9104    1471.62    4.99575  1028.9320  1028.9340     -0.662    7.22999 0.0000e+00
    266.684     4.2141     4.2140   3.279023   3.279213     1.9826     0.0220     0.0918    4.99445    264.000    34.9077    34.9101    1471.60    4.99431  1028.9271  1028.9290     -1.035    7.23006 0.0000e+00
    265.673     4.2165     4.2175   3.279189   3.279414     1.9825     0.0226     0.0910    4.99320    263.000    34.9076    34.9093    1471.59    4.99307  1028.9221  1028.9233     -1.277    7.22964 0.0000e+00
    264.663     4.2245     4.2247   3.279921   3.280090     1.9822     0.0226     0.0912    4.99030    262.000    34.9084    34.9102    1471.61    4.99017  1028.9171  1028.9186     -1.299    7.22819 0.0000e+00
    263.652     4.2251     4.2249   3.279917   3.280117     1.9822     0.0231     0.0907    4.98968    261.000    34.9083    34.9108    1471.60    4.98954  1028.9122  1028.9143     -1.036    7.22809 0.0000e+00
    262.641     4.2231     4.2242   3.279687   3.280005     1.9820     0.0439     0.0911    4.98871    260.000    34.9081    34.9108    1471.57    4.98858  1028.9077  1028.9097     -0.804    7.22844 0.0000e+00
    261.630     4.2182     4.2202   3.279157   3.279581     1.9821     0.0355     0.0912    4.98908    259.000    34.9076    34.9105    1471.54    4.98895  1028.9032  1028.9053     -1.008    7.22934 0.0000e+00
    260.619     4.2149     4.2143   3.278732   3.278978     1.9816     0.0471     0.0911    4.98712    258.000    34.9067    34.9102    1471.51    4.98698  1028.8981  1028.9010     -1.098    7.22997 0.0000e+00
    259.609     4.2131     4.2110   3.278502   3.278493     1.9815     0.0591     0.0915    4.98637    257.000    34.9064    34.9086    1471.48    4.98624  1028.8934  1028.8954     -1.034    7.23030 0.0000e+00
    258.598     4.2115     4.2098   3.278262   3.278290     1.9817     0.0363     0.0910    4.98661    256.000    34.9058    34.9079    1471.46    4.98648  1028.8885  1028.8904     -1.009    7.23062 0.0000e+00
    257.587     4.2088     4.2082   3.277920   3.278092     1.9820     0.0236     0.0910    4.98721    255.000    34.9051    34.9078    1471.43    4.98708  1028.8835  1028.8857     -1.040    7.23112 0.0000e+00
    256.576     4.2061     4.2064   3.277575   3.277859     1.9825     0.0446     0.0909    4.98889    254.000    34.9045    34.9075    1471.40    4.98876  1028.8787  1028.8811     -1.054    7.23163 0.0000e+00
    255.565     4.2074     4.2069   3.277617   3.277780     1.9829     0.0384     0.0909    4.98924    253.000    34.9041    34.9066    1471.39    4.98910  1028.8735  1028.8756     -1.004    7.23141 0.0000e+00
    254.555     4.2080     4.2074   3.277641   3.277780     1.9833     0.0454     0.0911    4.98975    252.000    34.9044    34.9066    1471.38    4.98961  1028.8690  1028.8710     -0.849    7.23130 0.0000e+00
    253.544     4.2089     4.2084   3.277679   3.277825     1.9838     0.0310     0.0905    4.99094    251.000    34.9044    34.9066    1471.36    4.99081  1028.8643  1028.8661     -0.744    7.23115 0.0000e+00
    252.533     4.2099     4.2086   3.277687   3.277770     1.9841     0.0281     0.0911    4.99103    250.000    34.9039    34.9063    1471.35    4.99089  1028.8591  1028.8611     -1.001    7.23098 0.0000e+00
    251.522     4.2113     4.2099   3.277737   3.277781     1.9844     0.0384     0.0915    4.99120    249.000    34.9036    34.9057    1471.34    4.99107  1028.8540  1028.8558     -1.242    7.23075 0.0000e+00
    250.512     4.2262     4.2311   3.279144   3.279419     1.9852     0.0468     0.0912    4.99110    248.000    34.9049    34.9030    1471.39    4.99097  1028.8488  1028.8467     -1.312    7.22805 0.0000e+00
    249.501     4.2418     4.2423   3.280556   3.280806     1.9858     0.0254     0.0912    4.99041    247.000    34.9057    34.9081    1471.44    4.99028  1028.8429  1028.8447     -1.238    7.22526 0.0000e+00
    248.490     4.2405     4.2510   3.280462   3.281603     1.9863     0.0330     0.0912    4.99161    246.000    34.9065    34.9089    1471.42    4.99147  1028.8390  1028.8397     -1.136    7.22545 0.0000e+00
    247.479     4.2531     4.2480   3.281539   3.281253     1.9862     0.0354     0.0913    4.98914    245.000    34.9064    34.9084    1471.45    4.98900  1028.8329  1028.8350     -1.025    7.22323 0.0000e+00
    246.469     4.2615     4.2477   3.282372   3.281342     1.9864     0.0272     0.0912    4.98789    244.000    34.9079    34.9104    1471.47    4.98776  1028.8284  1028.8319     -0.901    7.22168 0.0000e+00
    245.458     4.2624     4.2581   3.282538   3.282290     1.9863     0.0324     0.0912    4.98677    243.000    34.9094    34.9111    1471.46    4.98664  1028.8247  1028.8265     -0.809    7.22144 0.0000e+00
    244.447     4.2687     4.2629   3.283060   3.282703     1.9856     0.0360     0.0912    4.98287    242.000    34.9095    34.9114    1471.47    4.98273  1028.8195  1028.8215     -0.833    7.22033 0.0000e+00
    243.437     4.2775     4.2629   3.283879   3.282652     1.9852     0.0357     0.0910    4.97986    241.000    34.9104    34.9113    1471.49    4.97972  1028.8145  1028.8169     -0.928    7.21874 0.0000e+00
    242.426     4.2854     4.2786   3.284564   3.284042     1.9851     0.0348     0.0910    4.97765    240.000    34.9107    34.9116    1471.51    4.97752  1028.8091  1028.8107     -1.020    7.21733 0.0000e+00
    241.415     4.2932     4.2870   3.285275   3.284851     1.9848     0.0358     0.0910    4.97504    239.000    34.9113    34.9129    1471.53    4.97490  1028.8041  1028.8060     -1.058    7.21592 0.0000e+00
    240.405     4.3001     4.2932   3.285830   3.285376     1.9848     0.0354     0.0911    4.97332    238.000    34.9111    34.9130    1471.54    4.97319  1028.7985  1028.8008     -1.127    7.21471 0.0000e+00
    239.394     4.3058     4.3003   3.286356   3.285992     1.9852     0.0355     0.0911    4.97349    237.000    34.9118    34.9132    1471.55    4.97336  1028.7937  1028.7954     -1.276    7.21367 0.0000e+00
    238.383     4.3104     4.3070   3.286801   3.286568     1.9845     0.0371     0.0908    4.96965    236.000    34.9127    34.9135    1471.55    4.96952  1028.7892  1028.7902     -1.371    7.21281 0.0000e+00
    237.372     4.3138     4.3108   3.287099   3.286967     1.9847     0.0355     0.0912    4.96922    235.000    34.9131    34.9148    1471.55    4.96909  1028.7844  1028.7861     -1.300    7.21219 0.0000e+00
    236.362     4.3159     4.3100   3.287263   3.286869     1.9845     0.0362     0.0914    4.96782    234.000    34.9134    34.9150    1471.54    4.96768  1028.7798  1028.7817     -0.980    7.21181 0.0000e+00
    235.351     4.3231     4.3205   3.287900   3.287836     1.9841     0.0348     0.0909    4.96478    233.000    34.9138    34.9158    1471.55    4.96464  1028.7745  1028.7765     -0.579    7.21052 0.0000e+00
    234.340     4.3261     4.3233   3.288126   3.288084     1.9841     0.0304     0.0914    4.96354    232.000    34.9139    34.9163    1471.55    4.96340  1028.7697  1028.7719     -0.783    7.21000 0.0000e+00
    233.330     4.3277     4.3229   3.288187   3.287972     1.9839     0.0338     0.0914    4.96215    231.000    34.9135    34.9159    1471.54    4.96201  1028.7644  1028.7670     -1.105    7.20974 0.0000e+00
    232.319     4.3289     4.3265   3.288261   3.288224     1.9839     0.0418     0.0912    4.96133    230.000    34.9136    34.9157    1471.53    4.96120  1028.7598  1028.7617     -1.241    7.20952 0.0000e+00
    231.309     4.3349     4.3317   3.288737   3.288378     1.9838     0.0225     0.0912    4.95967    229.000    34.9134    34.9125    1471.54    4.95953  1028.7542  1028.7539     -1.253    7.20847 0.0000e+00
    230.298     4.3394     4.3359   3.289105   3.288978     1.9841     0.0361     0.0912    4.95944    228.000    34.9135    34.9157    1471.54    4.95930  1028.7491  1028.7512     -1.233    7.20767 0.0000e+00
    229.287     4.3410     4.3401   3.289304   3.289360     1.9840     0.0263     0.0913    4.95811    227.000    34.9147    34.9163    1471.53    4.95797  1028.7452  1028.7466     -1.201    7.20733 0.0000e+00
    228.277     4.3484     4.3430   3.289865   3.289541     1.9846     0.0304     0.0913    4.95868    226.000    34.9140    34.9159    1471.55    4.95855  1028.7391  1028.7412     -1.072    7.20607 0.0000e+00
