Cruise Data/Irminger_Sea-01_KN-221_2014-09-07/Ship Data/ctd/process/kkn22104006.ros
* Sea-Bird SBE 9 Data File:
* FileName = C:\Data\ctd\KN22104006.hdr
* Software Version Seasave V 7.21k
* Temperature SN = 4195
* Conductivity SN = 2147
* Number of Bytes Per Scan = 40
* Number of Voltage Words = 5
* Number of Scans Averaged by the Deck Unit = 1
* NMEA Latitude = 59 57.97 N
* NMEA Longitude = 039 28.24 W
* NMEA UTC (Time) = Sep 12 2014 05:09:49
** KN221-04 Chief Scientist: Bob Weller
** OOI Irminger Sea Sept. 2014
** Station: 006
** Knudsen Depth: 2706
# nquan = 12
# nvalues = 588                                   
# units = specified
# name 0 = prDM: Pressure, Digiquartz [db]
# name 1 = t090C: Temperature [ITS-90, deg C]
# name 2 = t190C: Temperature, 2 [ITS-90, deg C]
# name 3 = c0S/m: Conductivity [S/m]
# name 4 = c1S/m: Conductivity, 2 [S/m]
# name 5 = sbeox0V: Oxygen raw, SBE 43 [V]
# name 6 = flECO-AFL: Fluorescence, WET Labs ECO-AFL/FL [mg/m^3]
# name 7 = CStarAt0: Beam Attenuation, WET Labs C-Star [1/m]
# name 8 = sbeox0ML/L: Oxygen, SBE 43 [ml/l]
# name 9 = scan: Scan Count
# name 10 = nbf: Bottles Fired
# name 11 = flag:  0.000e+00
# interval = seconds: 0.0416667
# start_time = Sep 12 2014 05:09:49 [NMEA time, header]
# bad_flag = -9.990e-29
*END*
[from data line 121]
   2516.640     2.2544     2.2537   3.198724   3.199011     1.5389     0.0470     0.0901    4.95827     107373          3  0.000e+00
   2516.583     2.2541     2.2537   3.198778   3.198986     1.5389     0.0470     0.0901    4.95825     107374          3  0.000e+00
   2516.616     2.2544     2.2535   3.198760   3.199005     1.5402     0.0470     0.0901    4.96418     107375          3  0.000e+00
   2516.641     2.2542     2.2537   3.198760   3.199011     1.5389     0.0470     0.0901    4.95828     107376          3  0.000e+00
   2516.583     2.2541     2.2537   3.198772   3.199011     1.5389     0.0470     0.0901    4.95825     107377          3  0.000e+00
   2516.641     2.2541     2.2534   3.198772   3.198942     1.5389     0.0470     0.0901    4.95829     107378          3  0.000e+00
   2516.616     2.2542     2.2537   3.198772   3.198986     1.5389     0.0592     0.0901    4.95826     107379          3  0.000e+00
   2516.641     2.2542     2.2534   3.198772   3.198986     1.5402     0.0470     0.0901    4.96422     107380          3  0.000e+00
   2516.641     2.2541     2.2535   3.198772   3.198974     1.5389     0.0470     0.0901    4.95829     107381          3  0.000e+00
   2516.641     2.2544     2.2537   3.198754   3.198986     1.5389     0.0470     0.0901    4.95827     107382          3  0.000e+00
   2516.616     2.2542     2.2537   3.198784   3.198974     1.5389     0.0470     0.0901    4.95826     107383          3  0.000e+00
   2516.706     2.2541     2.2537   3.198760   3.199011     1.5389     0.0470     0.0901    4.95834     107384          3  0.000e+00
   2516.641     2.2542     2.2537   3.198760   3.198986     1.5402     0.0470     0.0901    4.96422     107385          3  0.000e+00
   2516.706     2.2544     2.2537   3.198790   3.199030     1.5402     0.0470     0.0901    4.96424     107386          3  0.000e+00
   2516.673     2.2542     2.2535   3.198802   3.198955     1.5389     0.0470     0.0901    4.95829     107387          3  0.000e+00
   2516.706     2.2542     2.2535   3.198784   3.198986     1.5402     0.0470     0.0901    4.96426     107388          3  0.000e+00
   2516.772     2.2544     2.2537   3.198772   3.199030     1.5389     0.0470     0.0901    4.95835     107389          3  0.000e+00
   2516.739     2.2544     2.2537   3.198754   3.198955     1.5389     0.0470     0.0901    4.95834     107390          3  0.000e+00
   2516.772     2.2544     2.2535   3.198784   3.199030     1.5389     0.0470     0.0901    4.95835     107391          3  0.000e+00
   2516.706     2.2544     2.2534   3.198802   3.198986     1.5389     0.0470     0.0901    4.95830     107392          3  0.000e+00
   2516.829     2.2544     2.2535   3.198784   3.198986     1.5389     0.0470     0.0901    4.95839     107393          3  0.000e+00
   2516.805     2.2545     2.2534   3.198772   3.199005     1.5389     0.0470     0.0901    4.95836     107394          3  0.000e+00
   2516.829     2.2544     2.2534   3.198772   3.199011     1.5389     0.0470     0.0901    4.95839     107395          3  0.000e+00
   2516.829     2.2541     2.2534   3.198754   3.198986     1.5389     0.0470     0.0901    4.95843     107396          3  0.000e+00
   2516.829     2.2541     2.2534   3.198742   3.199005     1.5389     0.0470     0.0901    4.95844     107397          3  0.000e+00
   2516.862     2.2541     2.2535   3.198742   3.198986     1.5389     0.0470     0.0901    4.95846     107398          3  0.000e+00
   2013.836     3.1048     3.1042   3.256636   3.256810     1.5775     0.0348     0.0847    4.69876     124679          4  0.000e+00
   2013.836     3.1046     3.1046   3.256672   3.256810     1.5775     0.0348     0.0836    4.69876     124680          4  0.000e+00
   2013.771     3.1050     3.1050   3.256642   3.256842     1.5775     0.0348     0.0836    4.69870     124681          4  0.000e+00
   2013.893     3.1054     3.1050   3.256666   3.256905     1.5775     0.0348     0.0836    4.69872     124682          4  0.000e+00
   2013.714     3.1056     3.1050   3.256703   3.256874     1.5775     0.0348     0.0836    4.69858     124683          4  0.000e+00
   2013.771     3.1058     3.1053   3.256672   3.256962     1.5775     0.0348     0.0836    4.69861     124684          4  0.000e+00
   2013.771     3.1056     3.1055   3.256678   3.256905     1.5775     0.0348     0.0836    4.69862     124685          4  0.000e+00
   2013.714     3.1056     3.1058   3.256684   3.256950     1.5775     0.0348     0.0836    4.69858     124686          4  0.000e+00
   2013.706     3.1056     3.1061   3.256703   3.256994     1.5775     0.0348     0.0836    4.69857     124687          4  0.000e+00
   2013.714     3.1058     3.1062   3.256727   3.256994     1.5775     0.0348     0.0836    4.69855     124688          4  0.000e+00
   2013.649     3.1059     3.1064   3.256739   3.256994     1.5775     0.0348     0.0836    4.69849     124689          4  0.000e+00
   2013.649     3.1061     3.1064   3.256745   3.257026     1.5775     0.0348     0.0836    4.69847     124690          4  0.000e+00
   2013.641     3.1061     3.1063   3.256721   3.256994     1.5763     0.0348     0.0836    4.69308     124691          4  0.000e+00
   2013.527     3.1061     3.1062   3.256709   3.257026     1.5775     0.0348     0.0836    4.69841     124692          4  0.000e+00
   2013.584     3.1061     3.1063   3.256690   3.256994     1.5775     0.0348     0.0836    4.69845     124693          4  0.000e+00
   2013.519     3.1059     3.1061   3.256721   3.257039     1.5775     0.0348     0.0836    4.69841     124694          4  0.000e+00
   2013.527     3.1062     3.1063   3.256739   3.257026     1.5775     0.0348     0.0836    4.69838     124695          4  0.000e+00
   2013.462     3.1064     3.1061   3.256745   3.257026     1.5775     0.0348     0.0836    4.69832     124696          4  0.000e+00
   2013.267     3.1064     3.1063   3.256745   3.257051     1.5775     0.0348     0.0836    4.69820     124697          4  0.000e+00
   2013.584     3.1066     3.1062   3.256757   3.257026     1.5775     0.0348     0.0836    4.69838     124698          4  0.000e+00
   2013.340     3.1064     3.1064   3.256769   3.256994     1.5775     0.0348     0.0847    4.69823     124699          4  0.000e+00
   2013.397     3.1066     3.1064   3.256727   3.257026     1.5763     0.0348     0.0836    4.69287     124700          4  0.000e+00
   2013.267     3.1064     3.1063   3.256775   3.257026     1.5775     0.0470     0.0836    4.69819     124701          4  0.000e+00
   2013.275     3.1066     3.1061   3.256763   3.257038     1.5775     0.0348     0.0836    4.69818     124702          4  0.000e+00
   2013.275     3.1064     3.1063   3.256745   3.257026     1.5775     0.0348     0.0836    4.69820     124703          4  0.000e+00
   2013.210     3.1064     3.1065   3.256739   3.257051     1.5763     0.0348     0.0836    4.69277     124704          4  0.000e+00
   2013.153     3.1064     3.1063   3.256739   3.257026     1.5775     0.0348     0.0836    4.69813     124705          4  0.000e+00
   2013.153     3.1067     3.1064   3.256805   3.257026     1.5775     0.0348     0.0836    4.69807     124706          4  0.000e+00
   2013.145     3.1067     3.1066   3.256811   3.257026     1.5775     0.0348     0.0836    4.69806     124707          4  0.000e+00
   2013.031     3.1068     3.1061   3.256781   3.257026     1.5775     0.0348     0.0836    4.69799     124708          4  0.000e+00
   2013.088     3.1067     3.1064   3.256733   3.257038     1.5775     0.0348     0.0836    4.69806     124709          4  0.000e+00
   2013.031     3.1067     3.1062   3.256775   3.257026     1.5775     0.0348     0.0836    4.69800     124710          4  0.000e+00
   2012.958     3.1066     3.1063   3.256781   3.256994     1.5775     0.0348     0.0836    4.69797     124711          4  0.000e+00
   2012.966     3.1067     3.1061   3.256769   3.257026     1.5775     0.0348     0.0836    4.69797     124712          4  0.000e+00
   2012.844     3.1068     3.1061   3.256769   3.256994     1.5775     0.0348     0.0836    4.69788     124713          4  0.000e+00
   2012.901     3.1066     3.1061   3.256751   3.257026     1.5775     0.0348     0.0836    4.69795     124714          4  0.000e+00
   2012.844     3.1068     3.1063   3.256769   3.256994     1.5775     0.0348     0.0836    4.69788     124715          4  0.000e+00
   2012.779     3.1067     3.1064   3.256793   3.256994     1.5775     0.0348     0.0836    4.69784     124716          4  0.000e+00
   2012.771     3.1066     3.1064   3.256757   3.257007     1.5775     0.0348     0.0836    4.69786     124717          4  0.000e+00
   2012.714     3.1068     3.1064   3.256757   3.256994     1.5775     0.0348     0.0836    4.69780     124718          4  0.000e+00
   2012.714     3.1067     3.1068   3.256787   3.256994     1.5775     0.0348     0.0836    4.69780     124719          4  0.000e+00
   2012.649     3.1067     3.1067   3.256799   3.257026     1.5775     0.0348     0.0836    4.69775     124720          4  0.000e+00
   2012.657     3.1067     3.1066   3.256805   3.257026     1.5775     0.0348     0.0836    4.69776     124721          4  0.000e+00
   2012.592     3.1068     3.1065   3.256781   3.257026     1.5775     0.0348     0.0836    4.69771     124722          4  0.000e+00
   2012.527     3.1067     3.1066   3.256769   3.257026     1.5775     0.0348     0.0836    4.69769     124723          4  0.000e+00
   2012.592     3.1067     3.1067   3.256769   3.257051     1.5775     0.0348     0.0836    4.69773     124724          4  0.000e+00
   2012.470     3.1068     3.1066   3.256768   3.257038     1.5775     0.0348     0.0836    4.69764     124725          4  0.000e+00
   2012.470     3.1067     3.1067   3.256768   3.257025     1.5775     0.0348     0.0836    4.69765     124726          4  0.000e+00
   2012.462     3.1070     3.1064   3.256756   3.257025     1.5775     0.0348     0.0836    4.69762     124727          4  0.000e+00
   2012.602     3.1039     3.1032   3.256539   3.256753     1.5775     0.0348     0.0836    4.69790     125575          5  0.000e+00
   2012.594     3.1039     3.1033   3.256533   3.256740     1.5775     0.0348     0.0836    4.69790     125576          5  0.000e+00
   2012.724     3.1040     3.1032   3.256552   3.256721     1.5775     0.0348     0.0836    4.69796     125577          5  0.000e+00
   2012.667     3.1039     3.1034   3.256564   3.256753     1.5775     0.0348     0.0836    4.69793     125578          5  0.000e+00
   2012.781     3.1037     3.1030   3.256564   3.256721     1.5775     0.0348     0.0836    4.69802     125579          5  0.000e+00
   2012.724     3.1037     3.1033   3.256564   3.256753     1.5775     0.0348     0.0836    4.69798     125580          5  0.000e+00
   2012.854     3.1037     3.1030   3.256552   3.256753     1.5775     0.0348     0.0836    4.69807     125581          5  0.000e+00
   2012.846     3.1037     3.1034   3.256540   3.256753     1.5775     0.0226     0.0836    4.69807     125582          5  0.000e+00
   2012.789     3.1037     3.1032   3.256515   3.256785     1.5775     0.0226     0.0836    4.69804     125583          5  0.000e+00
   2012.911     3.1037     3.1031   3.256522   3.256740     1.5775     0.0226     0.0836    4.69812     125584          5  0.000e+00
   2012.976     3.1039     3.1032   3.256534   3.256785     1.5787     0.0226     0.0836    4.70354     125585          5  0.000e+00
   2012.968     3.1037     3.1033   3.256576   3.256810     1.5775     0.0348     0.0836    4.69813     125586          5  0.000e+00
   2013.041     3.1039     3.1032   3.256558   3.256721     1.5775     0.0226     0.0836    4.69817     125587          5  0.000e+00
   2012.976     3.1037     3.1033   3.256558   3.256785     1.5775     0.0226     0.0836    4.69814     125588          5  0.000e+00
   2013.098     3.1035     3.1030   3.256546   3.256785     1.5775     0.0226     0.0836    4.69824     125589          5  0.000e+00
   2013.098     3.1035     3.1031   3.256534   3.256810     1.5775     0.0226     0.0836    4.69824     125590          5  0.000e+00
   2013.098     3.1035     3.1032   3.256552   3.256753     1.5775     0.0226     0.0836    4.69824     125591          5  0.000e+00
   2013.155     3.1035     3.1031   3.256564   3.256797     1.5775     0.0226     0.0836    4.69827     125592          5  0.000e+00
   2013.220     3.1037     3.1029   3.256546   3.256721     1.5775     0.0226     0.0847    4.69830     125593          5  0.000e+00
   2013.163     3.1035     3.1033   3.256540   3.256753     1.5775     0.0226     0.0847    4.69828     125594          5  0.000e+00
   2013.277     3.1035     3.1030   3.256540   3.256753     1.5775     0.0226     0.0847    4.69835     125595          5  0.000e+00
   2013.220     3.1034     3.1031   3.256552   3.256689     1.5775     0.0226     0.0836    4.69833     125596          5  0.000e+00
   2013.285     3.1034     3.1029   3.256546   3.256785     1.5775     0.0226     0.0836    4.69837     125597          5  0.000e+00
   2013.285     3.1035     3.1029   3.256576   3.256753     1.5775     0.0226     0.0836    4.69834     125598          5  0.000e+00
   2013.342     3.1035     3.1030   3.256594   3.256785     1.5775     0.0226     0.0836    4.69837     125599          5  0.000e+00
   2013.350     3.1035     3.1031   3.256540   3.256709     1.5775     0.0226     0.0836    4.69840     125600          5  0.000e+00
   2013.350     3.1034     3.1032   3.256510   3.256753     1.5775     0.0226     0.0836    4.69842     125601          5  0.000e+00
   2013.407     3.1037     3.1033   3.256522   3.256785     1.5775     0.0226     0.0836    4.69842     125602          5  0.000e+00
   2013.407     3.1035     3.1030   3.256552   3.256785     1.5775     0.0226     0.0836    4.69843     125603          5  0.000e+00
   2013.407     3.1034     3.1033   3.256546   3.256785     1.5775     0.0226     0.0836    4.69845     125604          5  0.000e+00
   2013.464     3.1035     3.1032   3.256552   3.256753     1.5775     0.0226     0.0836    4.69846     125605          5  0.000e+00
   2013.407     3.1035     3.1031   3.256552   3.256753     1.5775     0.0348     0.0847    4.69843     125606          5  0.000e+00
   2013.472     3.1034     3.1030   3.256516   3.256785     1.5775     0.0348     0.0836    4.69850     125607          5  0.000e+00
   2013.472     3.1035     3.1033   3.256546   3.256740     1.5775     0.0348     0.0847    4.69847     125608          5  0.000e+00
   2013.464     3.1034     3.1030   3.256522   3.256785     1.5775     0.0348     0.0847    4.69849     125609          5  0.000e+00
   2013.407     3.1032     3.1034   3.256522   3.256785     1.5775     0.0348     0.0847    4.69847     125610          5  0.000e+00
   2013.472     3.1035     3.1032   3.256576   3.256785     1.5775     0.0348     0.0847    4.69846     125611          5  0.000e+00
   2013.529     3.1037     3.1033   3.256504   3.256721     1.5775     0.0348     0.0847    4.69851     125612          5  0.000e+00
   2013.407     3.1034     3.1032   3.256528   3.256785     1.5775     0.0348     0.0847    4.69845     125613          5  0.000e+00
   2013.472     3.1037     3.1031   3.256540   3.256753     1.5775     0.0348     0.0836    4.69846     125614          5  0.000e+00
   2013.464     3.1034     3.1032   3.256534   3.256810     1.5775     0.0348     0.0836    4.69848     125615          5  0.000e+00
   2013.473     3.1037     3.1034   3.256552   3.256753     1.5775     0.0348     0.0836    4.69845     125616          5  0.000e+00
   2013.407     3.1037     3.1032   3.256546   3.256740     1.5775     0.0348     0.0836    4.69841     125617          5  0.000e+00
   2013.408     3.1039     3.1033   3.256552   3.256753     1.5775     0.0348     0.0836    4.69839     125618          5  0.000e+00
