Cruise Data/Irminger_Sea-01_KN-221_2014-09-07/Ship Data/ctd/process/kkn22104006.cnv
* Sea-Bird SBE 9 Data File:
* FileName = C:\Data\ctd\KN22104006.hdr
* Software Version Seasave V 7.21k
* Temperature SN = 4195
* Conductivity SN = 2147
* Number of Bytes Per Scan = 40
* Number of Voltage Words = 5
* Number of Scans Averaged by the Deck Unit = 1
* NMEA Latitude = 59 57.97 N
* NMEA Longitude = 039 28.24 W
* NMEA UTC (Time) = Sep 12 2014 05:09:49
** KN221-04 Chief Scientist: Bob Weller
** OOI Irminger Sea Sept. 2014
** Station: 006
** Knudsen Depth: 2706
# nquan = 19
# nvalues = 4926                        
# units = specified
# name 0 = prDM: Pressure, Digiquartz [db]
# name 1 = t090C: Temperature [ITS-90, deg C]
# name 2 = t190C: Temperature, 2 [ITS-90, deg C]
# name 3 = c0S/m: Conductivity [S/m]
# name 4 = c1S/m: Conductivity, 2 [S/m]
# name 5 = sbeox0V: Oxygen raw, SBE 43 [V]
# name 6 = flECO-AFL: Fluorescence, WET Labs ECO-AFL/FL [mg/m^3]
# name 7 = CStarAt0: Beam Attenuation, WET Labs C-Star [1/m]
# name 8 = sbeox0ML/L: Oxygen, SBE 43 [ml/l]
# name 9 = depSM: Depth [salt water, m], lat = 59.9662
# name 10 = sal00: Salinity, Practical [PSU]
# name 11 = sal11: Salinity, Practical, 2 [PSU]
# name 12 = svDM: Sound Velocity [Delgrosso, m/s]
# name 13 = sbeox0ML/L: Oxygen, SBE 43 [ml/l], WS = 2
# name 14 = density00: Density [density, Kg/m^3]
# name 15 = density11: Density, 2 [density, Kg/m^3]
# name 16 = dz/dtM: Descent Rate [m/s], WS = 2
# name 17 = oxsatML/L: Oxygen Saturation, Weiss [ml/l]
# name 18 = flag: flag
# span 0 =     14.134,   2519.636       
# span 1 =     2.2198,     9.2483       
# span 2 =     2.2204,     9.2475       
# span 3 =   3.195604,   3.718017       
# span 4 =   3.195932,   3.718250       
# span 5 =     1.5153,     2.2089       
# span 6 =     0.0100,     1.9742       
# span 7 =     0.0833,     0.4032       
# span 8 =    4.65831,    5.08011       
# span 9 =     14.000,   2481.000       
# span 10 =    34.7531,    34.9944      
# span 11 =    34.6320,    34.9943      
# span 12 =    1470.90,    1500.97      
# span 13 =    4.65820,    5.07992      
# span 14 =  1026.9670,  1039.4008      
# span 15 =  1026.9692,  1039.4034      
# span 16 =     -2.232,      2.110      
# span 17 =    6.43334,    7.59975      
# span 18 = 0.0000e+00, 0.0000e+00      
# interval = meters: 1                  
# start_time = Sep 12 2014 05:09:49 [NMEA time, header]
# bad_flag = -9.990e-29
*END*
[from data line 991]
   1017.047     3.7952     3.7955   3.274090   3.274344     1.7881     0.0310     0.0865    4.83904   1005.000    34.8998    34.9025    1482.06    4.83892  1032.4181  1032.4203      0.854    7.30527 0.0000e+00
   1018.062     3.8066     3.8066   3.275306   3.275488     1.7861     0.0470     0.0868    4.83084   1006.000    34.9016    34.9038    1482.12    4.83072  1032.4227  1032.4244      0.508    7.30312 0.0000e+00
   1019.076     3.8043     3.8041   3.275153   3.275373     1.7849     0.0347     0.0860    4.82712   1007.000    34.9017    34.9045    1482.13    4.82700  1032.4277  1032.4299      1.064    7.30353 0.0000e+00
   1020.091     3.8022     3.8016   3.275011   3.275158     1.7842     0.0379     0.0866    4.82527   1008.000    34.9017    34.9041    1482.14    4.82515  1032.4326  1032.4346      1.178    7.30391 0.0000e+00
   1021.105     3.8015     3.8010   3.274979   3.275146     1.7840     0.0473     0.0864    4.82544   1009.000    34.9016    34.9041    1482.15    4.82532  1032.4373  1032.4392      1.268    7.30405 0.0000e+00
   1022.120     3.8005     3.8007   3.274931   3.275164     1.7827     0.0352     0.0866    4.82138   1010.000    34.9016    34.9041    1482.16    4.82126  1032.4420  1032.4440      1.352    7.30423 0.0000e+00
   1023.134     3.8017     3.8032   3.275092   3.275418     1.7818     0.0280     0.0868    4.81840   1011.000    34.9017    34.9039    1482.18    4.81828  1032.4465  1032.4481      1.365    7.30401 0.0000e+00
   1024.149     3.8045     3.8056   3.275431   3.275712     1.7811     0.0228     0.0867    4.81592   1012.000    34.9022    34.9044    1482.21    4.81580  1032.4512  1032.4528      1.260    7.30347 0.0000e+00
   1025.163     3.8139     3.8130   3.276417   3.276487     1.7805     0.0259     0.0860    4.81331   1013.000    34.9035    34.9053    1482.27    4.81319  1032.4557  1032.4572      0.996    7.30172 0.0000e+00
   1026.178     3.8188     3.8178   3.276970   3.277055     1.7796     0.0406     0.0861    4.80995   1014.000    34.9044    34.9064    1482.31    4.80983  1032.4603  1032.4620      0.559    7.30080 0.0000e+00
   1027.192     3.8199     3.8195   3.277135   3.277322     1.7784     0.0282     0.0865    4.80565   1015.000    34.9046    34.9072    1482.33    4.80553  1032.4650  1032.4670      0.682    7.30059 0.0000e+00
   1028.207     3.8182     3.8176   3.277041   3.277224     1.7773     0.0231     0.0868    4.80266   1016.000    34.9048    34.9075    1482.34    4.80254  1032.4700  1032.4722      1.276    7.30088 0.0000e+00
   1029.221     3.8172     3.8168   3.277012   3.277162     1.7773     0.0226     0.0860    4.80305   1017.000    34.9049    34.9072    1482.35    4.80293  1032.4749  1032.4767      1.593    7.30105 0.0000e+00
   1030.236     3.8169     3.8164   3.277012   3.277187     1.7763     0.0226     0.0863    4.80011   1018.000    34.9047    34.9073    1482.37    4.79999  1032.4794  1032.4814      1.729    7.30112 0.0000e+00
   1031.250     3.8169     3.8165   3.277072   3.277238     1.7760     0.0303     0.0868    4.79978   1019.000    34.9049    34.9073    1482.39    4.79966  1032.4841  1032.4861      1.716    7.30110 0.0000e+00
   1032.265     3.8175     3.8173   3.277180   3.277324     1.7756     0.0347     0.0868    4.79882   1020.000    34.9050    34.9070    1482.41    4.79870  1032.4888  1032.4904      1.550    7.30099 0.0000e+00
   1033.279     3.8231     3.8225   3.277792   3.277924     1.7749     0.0348     0.0864    4.79586   1021.000    34.9059    34.9081    1482.45    4.79574  1032.4933  1032.4951      1.149    7.29995 0.0000e+00
   1034.294     3.8246     3.8241   3.277966   3.278139     1.7742     0.0309     0.0867    4.79360   1022.000    34.9059    34.9084    1482.47    4.79348  1032.4978  1032.4999      0.328    7.29968 0.0000e+00
   1035.308     3.8244     3.8239   3.278040   3.278206     1.7708     0.0262     0.0866    4.78164   1023.000    34.9064    34.9088    1482.49    4.78152  1032.5028  1032.5049      1.165    7.29969 0.0000e+00
   1036.323     3.8228     3.8220   3.277925   3.278092     1.7716     0.0276     0.0860    4.78536   1024.000    34.9062    34.9090    1482.50    4.78524  1032.5076  1032.5099      1.407    7.29999 0.0000e+00
   1037.337     3.8219     3.8214   3.277905   3.278064     1.7706     0.0350     0.0868    4.78259   1025.000    34.9064    34.9088    1482.51    4.78247  1032.5125  1032.5144      1.478    7.30013 0.0000e+00
   1038.352     3.8217     3.8212   3.277932   3.278099     1.7700     0.0348     0.0865    4.78105   1026.000    34.9065    34.9089    1482.52    4.78093  1032.5171  1032.5192      1.431    7.30018 0.0000e+00
   1039.366     3.8209     3.8204   3.277901   3.278085     1.7695     0.0348     0.0865    4.77967   1027.000    34.9064    34.9091    1482.54    4.77955  1032.5219  1032.5239      1.255    7.30032 0.0000e+00
   1040.381     3.8187     3.8183   3.277741   3.277922     1.7694     0.0353     0.0865    4.78030   1028.000    34.9063    34.9088    1482.55    4.78018  1032.5266  1032.5287      0.946    7.30071 0.0000e+00
   1041.396     3.8152     3.8148   3.277435   3.277618     1.7689     0.0270     0.0862    4.77959   1029.000    34.9059    34.9085    1482.55    4.77947  1032.5314  1032.5334      0.777    7.30137 0.0000e+00
   1042.410     3.8141     3.8136   3.277383   3.277550     1.7689     0.0226     0.0861    4.78012   1030.000    34.9058    34.9084    1482.56    4.78000  1032.5361  1032.5382      0.963    7.30156 0.0000e+00
   1043.425     3.8123     3.8118   3.277252   3.277431     1.7686     0.0236     0.0860    4.78007   1031.000    34.9058    34.9084    1482.57    4.77995  1032.5409  1032.5430      1.014    7.30190 0.0000e+00
   1044.439     3.8112     3.8108   3.277195   3.277376     1.7681     0.0347     0.0864    4.77885   1032.000    34.9057    34.9083    1482.58    4.77873  1032.5457  1032.5477      0.976    7.30210 0.0000e+00
   1045.454     3.8096     3.8093   3.277088   3.277275     1.7677     0.0246     0.0866    4.77823   1033.000    34.9056    34.9082    1482.59    4.77811  1032.5503  1032.5525      1.005    7.30239 0.0000e+00
   1046.468     3.8074     3.8070   3.276928   3.277110     1.7674     0.0344     0.0861    4.77799   1034.000    34.9055    34.9081    1482.60    4.77787  1032.5552  1032.5573      1.045    7.30279 0.0000e+00
   1047.483     3.8067     3.8063   3.276909   3.277088     1.7671     0.0449     0.0862    4.77760   1035.000    34.9055    34.9080    1482.61    4.77749  1032.5599  1032.5619      1.048    7.30291 0.0000e+00
   1048.498     3.8064     3.8059   3.276930   3.277091     1.7667     0.0376     0.0862    4.77683   1036.000    34.9056    34.9080    1482.63    4.77671  1032.5646  1032.5667      1.037    7.30297 0.0000e+00
   1049.512     3.8072     3.8069   3.277078   3.277244     1.7664     0.0262     0.0864    4.77612   1037.000    34.9059    34.9082    1482.65    4.77600  1032.5695  1032.5713      1.024    7.30280 0.0000e+00
   1050.527     3.8081     3.8076   3.277228   3.277395     1.7661     0.0339     0.0865    4.77539   1038.000    34.9062    34.9088    1482.67    4.77527  1032.5742  1032.5762      1.067    7.30263 0.0000e+00
   1051.541     3.8081     3.8076   3.277303   3.277472     1.7652     0.0355     0.0862    4.77278   1039.000    34.9067    34.9091    1482.68    4.77266  1032.5791  1032.5812      1.130    7.30262 0.0000e+00
   1052.556     3.8078     3.8074   3.277316   3.277500     1.7651     0.0353     0.0863    4.77297   1040.000    34.9066    34.9092    1482.70    4.77285  1032.5837  1032.5858      1.039    7.30267 0.0000e+00
   1053.571     3.8077     3.8071   3.277349   3.277501     1.7647     0.0278     0.0860    4.77208   1041.000    34.9065    34.9090    1482.72    4.77197  1032.5884  1032.5903      0.847    7.30268 0.0000e+00
   1054.585     3.8072     3.8070   3.277346   3.277529     1.7645     0.0437     0.0860    4.77201   1042.000    34.9065    34.9090    1482.73    4.77189  1032.5930  1032.5950      0.925    7.30277 0.0000e+00
   1055.600     3.8063     3.8056   3.277306   3.277480     1.7640     0.0379     0.0862    4.77103   1043.000    34.9065    34.9093    1482.74    4.77092  1032.5978  1032.6001      1.077    7.30294 0.0000e+00
   1056.615     3.8029     3.8021   3.277043   3.277195     1.7634     0.0446     0.0863    4.76986   1044.000    34.9064    34.9091    1482.74    4.76975  1032.6028  1032.6050      1.051    7.30356 0.0000e+00
   1057.629     3.8014     3.8010   3.276944   3.277123     1.7627     0.0383     0.0866    4.76812   1045.000    34.9063    34.9089    1482.76    4.76801  1032.6075  1032.6095      1.045    7.30383 0.0000e+00
   1058.644     3.8009     3.8004   3.276942   3.277116     1.7626     0.0354     0.0861    4.76827   1046.000    34.9064    34.9089    1482.77    4.76815  1032.6122  1032.6144      1.179    7.30393 0.0000e+00
   1059.658     3.8003     3.8000   3.276928   3.277128     1.7621     0.0406     0.0864    4.76725   1047.000    34.9063    34.9090    1482.78    4.76714  1032.6168  1032.6190      1.235    7.30403 0.0000e+00
   1060.673     3.7985     3.7981   3.276798   3.276987     1.7620     0.0441     0.0860    4.76746   1048.000    34.9061    34.9088    1482.79    4.76734  1032.6216  1032.6237      1.065    7.30437 0.0000e+00
   1061.688     3.7976     3.7972   3.276742   3.276911     1.7613     0.0349     0.0864    4.76590   1049.000    34.9059    34.9084    1482.81    4.76579  1032.6261  1032.6282      0.710    7.30454 0.0000e+00
   1062.702     3.7971     3.7967   3.276738   3.276912     1.7608     0.0370     0.0858    4.76461   1050.000    34.9059    34.9084    1482.82    4.76449  1032.6307  1032.6328      0.747    7.30463 0.0000e+00
   1063.717     3.7955     3.7952   3.276641   3.276842     1.7602     0.0429     0.0863    4.76319   1051.000    34.9059    34.9086    1482.83    4.76307  1032.6356  1032.6378      0.987    7.30491 0.0000e+00
   1064.732     3.7934     3.7929   3.276505   3.276680     1.7602     0.0230     0.0859    4.76410   1052.000    34.9059    34.9085    1482.84    4.76398  1032.6406  1032.6427      1.189    7.30529 0.0000e+00
   1065.746     3.7931     3.7927   3.276528   3.276692     1.7602     0.0350     0.0861    4.76452   1053.000    34.9060    34.9084    1482.85    4.76440  1032.6453  1032.6472      1.299    7.30534 0.0000e+00
   1066.761     3.7973     3.7968   3.277015   3.277142     1.7596     0.0348     0.0863    4.76256   1054.000    34.9069    34.9089    1482.89    4.76244  1032.6500  1032.6517      1.269    7.30455 0.0000e+00
   1067.776     3.7995     3.7990   3.277281   3.277444     1.7596     0.0348     0.0858    4.76278   1055.000    34.9072    34.9097    1482.91    4.76266  1032.6547  1032.6567      1.131    7.30414 0.0000e+00
   1068.791     3.8009     3.7999   3.277495   3.277607     1.7593     0.0353     0.0861    4.76210   1056.000    34.9077    34.9101    1482.94    4.76198  1032.6595  1032.6615      0.952    7.30385 0.0000e+00
   1069.805     3.8005     3.8005   3.277492   3.277714     1.7591     0.0283     0.0857    4.76205   1057.000    34.9076    34.9102    1482.95    4.76194  1032.6641  1032.6661      0.921    7.30394 0.0000e+00
   1070.820     3.8007     3.8003   3.277557   3.277758     1.7582     0.0226     0.0861    4.75932   1058.000    34.9077    34.9105    1482.97    4.75920  1032.6687  1032.6710      1.065    7.30390 0.0000e+00
   1071.835     3.7992     3.7989   3.277465   3.277647     1.7581     0.0297     0.0858    4.75961   1059.000    34.9076    34.9101    1482.98    4.75949  1032.6735  1032.6755      1.036    7.30417 0.0000e+00
   1072.849     3.8005     3.8001   3.277655   3.277837     1.7578     0.0354     0.0864    4.75891   1060.000    34.9079    34.9105    1483.00    4.75879  1032.6782  1032.6803      0.808    7.30391 0.0000e+00
   1073.864     3.8006     3.8001   3.277720   3.277890     1.7571     0.0450     0.0861    4.75690   1061.000    34.9082    34.9106    1483.02    4.75678  1032.6830  1032.6851      0.846    7.30389 0.0000e+00
   1074.879     3.7998     3.7995   3.277710   3.277883     1.7566     0.0235     0.0864    4.75598   1062.000    34.9083    34.9107    1483.03    4.75586  1032.6879  1032.6898      1.117    7.30402 0.0000e+00
   1075.893     3.8003     3.7999   3.277810   3.277977     1.7563     0.0343     0.0860    4.75540   1063.000    34.9085    34.9109    1483.05    4.75529  1032.6925  1032.6945      1.238    7.30393 0.0000e+00
   1076.908     3.8004     3.7998   3.277868   3.278040     1.7555     0.0436     0.0867    4.75288   1064.000    34.9085    34.9112    1483.07    4.75276  1032.6973  1032.6993      1.193    7.30391 0.0000e+00
   1077.923     3.8004     3.8001   3.277923   3.278126     1.7554     0.0346     0.0865    4.75314   1065.000    34.9087    34.9114    1483.09    4.75302  1032.7020  1032.7041      0.963    7.30390 0.0000e+00
   1078.938     3.7996     3.7992   3.277909   3.278074     1.7551     0.0313     0.0864    4.75279   1066.000    34.9088    34.9112    1483.10    4.75267  1032.7068  1032.7087      0.769    7.30403 0.0000e+00
   1079.952     3.7994     3.7991   3.277969   3.278157     1.7548     0.0239     0.0861    4.75218   1067.000    34.9092    34.9118    1483.12    4.75207  1032.7118  1032.7139      1.083    7.30405 0.0000e+00
   1080.967     3.7982     3.7978   3.277906   3.278095     1.7546     0.0334     0.0858    4.75215   1068.000    34.9092    34.9119    1483.13    4.75203  1032.7166  1032.7186      1.282    7.30426 0.0000e+00
   1081.982     3.7980     3.7975   3.277941   3.278095     1.7545     0.0348     0.0861    4.75251   1069.000    34.9093    34.9117    1483.14    4.75239  1032.7213  1032.7233      1.184    7.30430 0.0000e+00
   1082.997     3.7991     3.7987   3.278097   3.278260     1.7541     0.0348     0.0864    4.75142   1070.000    34.9095    34.9119    1483.17    4.75130  1032.7258  1032.7278      0.884    7.30409 0.0000e+00
   1084.011     3.7999     3.7995   3.278234   3.278411     1.7534     0.0264     0.0860    4.74919   1071.000    34.9098    34.9123    1483.19    4.74908  1032.7306  1032.7327      0.942    7.30393 0.0000e+00
   1085.026     3.7997     3.7992   3.278273   3.278444     1.7523     0.0233     0.0856    4.74599   1072.000    34.9100    34.9125    1483.20    4.74587  1032.7354  1032.7374      1.161    7.30397 0.0000e+00
   1086.041     3.7987     3.7982   3.278223   3.278403     1.7517     0.0226     0.0863    4.74426   1073.000    34.9099    34.9126    1483.21    4.74414  1032.7401  1032.7423      1.113    7.30415 0.0000e+00
   1087.056     3.7981     3.7977   3.278213   3.278390     1.7506     0.0345     0.0867    4.74072   1074.000    34.9099    34.9125    1483.23    4.74061  1032.7448  1032.7468      0.968    7.30425 0.0000e+00
   1088.071     3.7985     3.7981   3.278311   3.278499     1.7500     0.0297     0.0864    4.73906   1075.000    34.9101    34.9127    1483.25    4.73894  1032.7495  1032.7517      1.028    7.30417 0.0000e+00
   1089.085     3.7986     3.7982   3.278380   3.278561     1.7502     0.0151     0.0859    4.74048   1076.000    34.9103    34.9129    1483.26    4.74036  1032.7543  1032.7563      1.165    7.30414 0.0000e+00
   1090.100     3.7990     3.7985   3.278467   3.278635     1.7493     0.0256     0.0859    4.73753   1077.000    34.9104    34.9129    1483.28    4.73741  1032.7589  1032.7610      1.146    7.30407 0.0000e+00
   1091.115     3.7995     3.7990   3.278547   3.278731     1.7494     0.0348     0.0858    4.73853   1078.000    34.9103    34.9131    1483.30    4.73841  1032.7634  1032.7656      1.008    7.30399 0.0000e+00
   1092.130     3.7997     3.7992   3.278633   3.278805     1.7494     0.0348     0.0858    4.73911   1079.000    34.9106    34.9131    1483.32    4.73900  1032.7683  1032.7703      0.856    7.30394 0.0000e+00
