Cruise Data/Irminger_Sea-01_KN-221_2014-09-07/Ship Data/ctd/process/kkn22104005.ros
* Sea-Bird SBE 9 Data File:
* FileName = C:\Data\ctd\KN22104005.hdr
* Software Version Seasave V 7.21k
* Temperature SN = 4195
* Conductivity SN = 2147
* Number of Bytes Per Scan = 40
* Number of Voltage Words = 5
* Number of Scans Averaged by the Deck Unit = 1
* NMEA Latitude = 59 55.45 N
* NMEA Longitude = 039 30.56 W
* NMEA UTC (Time) = Sep 11 2014 22:48:32
** KN221-04 Chief Scientist: Bob Weller
** OOI Irminger Sea Sept. 2014
** Station: 005
** Knudsen Depth: 2715
# nquan = 12
# nvalues = 588                                   
# units = specified
# name 0 = prDM: Pressure, Digiquartz [db]
# name 1 = t090C: Temperature [ITS-90, deg C]
# name 2 = t190C: Temperature, 2 [ITS-90, deg C]
# name 3 = c0S/m: Conductivity [S/m]
# name 4 = c1S/m: Conductivity, 2 [S/m]
# name 5 = sbeox0V: Oxygen raw, SBE 43 [V]
# name 6 = flECO-AFL: Fluorescence, WET Labs ECO-AFL/FL [mg/m^3]
# name 7 = CStarAt0: Beam Attenuation, WET Labs C-Star [1/m]
# name 8 = sbeox0ML/L: Oxygen, SBE 43 [ml/l]
# name 9 = scan: Scan Count
# name 10 = nbf: Bottles Fired
# name 11 = flag:  0.000e+00
# interval = seconds: 0.0416667
# start_time = Sep 11 2014 22:48:32 [NMEA time, header]
# bad_flag = -9.990e-29
*END*
[from data line 482]
      4.141     9.1900     9.1896   3.710795   3.711072     2.2140     1.7320     0.3825    4.94250      89801         10  0.000e+00
      4.086     9.1902     9.1898   3.710776   3.711086     2.2140     1.7320     0.3825    4.94246      89802         10  0.000e+00
      4.086     9.1900     9.1896   3.710783   3.711039     2.2128     1.7320     0.3825    4.93896      89803         10  0.000e+00
      3.984     9.1896     9.1896   3.710776   3.711086     2.2128     1.7320     0.3825    4.93892      89804         10  0.000e+00
      4.023     9.1900     9.1894   3.710808   3.711072     2.2128     1.7320     0.3825    4.93890      89805         10  0.000e+00
      4.023     9.1896     9.1896   3.710808   3.711086     2.2128     1.7442     0.3813    4.93894      89806         10  0.000e+00
      3.905     9.1896     9.1893   3.710757   3.711072     2.2128     1.7686     0.3825    4.93888      89807         10  0.000e+00
      3.905     9.1896     9.1893   3.710757   3.711086     2.2128     1.7808     0.3825    4.93888      89808         10  0.000e+00
      2.982     9.1839     9.1825   3.710205   3.710418     2.2140     1.7198     0.3860    4.94232      90098         11  0.000e+00
      3.037     9.1841     9.1824   3.710275   3.710405     2.2140     1.7198     0.3849    4.94232      90099         11  0.000e+00
      3.037     9.1842     9.1827   3.710281   3.710452     2.2140     1.7198     0.3849    4.94231      90100         11  0.000e+00
      3.092     9.1840     9.1827   3.710281   3.710405     2.2140     1.7198     0.3837    4.94236      90101         11  0.000e+00
      3.115     9.1842     9.1827   3.710231   3.710418     2.2140     1.7198     0.3849    4.94237      90102         11  0.000e+00
      3.155     9.1844     9.1830   3.710250   3.710438     2.2140     1.7198     0.3849    4.94238      90103         11  0.000e+00
      3.210     9.1839     9.1829   3.710250   3.710418     2.2152     1.7198     0.3860    4.94597      90104         11  0.000e+00
      3.155     9.1842     9.1830   3.710237   3.710472     2.2140     1.7198     0.3849    4.94240      90105         11  0.000e+00
      3.225     9.1844     9.1830   3.710307   3.710452     2.2140     1.7198     0.3849    4.94240      90106         11  0.000e+00
      3.328     9.1844     9.1832   3.710332   3.710472     2.2140     1.7198     0.3849    4.94246      90107         11  0.000e+00
      3.273     9.1844     9.1832   3.710313   3.710472     2.2140     1.7198     0.3849    4.94243      90108         11  0.000e+00
      3.273     9.1844     9.1832   3.710300   3.710518     2.2140     1.7198     0.3849    4.94244      90109         11  0.000e+00
      3.328     9.1844     9.1832   3.710269   3.710472     2.2140     1.7198     0.3837    4.94248      90110         11  0.000e+00
      3.343     9.1842     9.1833   3.710262   3.710518     2.2152     1.7198     0.3837    4.94602      90111         11  0.000e+00
      3.391     9.1840     9.1834   3.710288   3.710505     2.2140     1.7198     0.3837    4.94254      90112         11  0.000e+00
      3.391     9.1844     9.1835   3.710281   3.710485     2.2152     1.7198     0.3825    4.94603      90113         11  0.000e+00
      3.391     9.1839     9.1834   3.710250   3.710539     2.2140     1.7198     0.3837    4.94257      90114         11  0.000e+00
      3.446     9.1844     9.1835   3.710281   3.710519     2.2140     1.7198     0.3849    4.94255      90115         11  0.000e+00
      3.406     9.1840     9.1834   3.710281   3.710505     2.2140     1.7198     0.3860    4.94255      90116         11  0.000e+00
      3.446     9.1837     9.1833   3.710269   3.710552     2.2140     1.7198     0.3860    4.94261      90117         11  0.000e+00
      3.446     9.1839     9.1837   3.710262   3.710539     2.2140     1.7198     0.3849    4.94260      90118         11  0.000e+00
      3.446     9.1841     9.1835   3.710218   3.710519     2.2127     1.7198     0.3849    4.93908      90119         11  0.000e+00
      3.501     9.1842     9.1835   3.710250   3.710505     2.2140     1.7198     0.3849    4.94261      90120         11  0.000e+00
      3.579     9.1844     9.1835   3.710269   3.710552     2.2140     1.7198     0.3849    4.94264      90121         11  0.000e+00
      3.501     9.1844     9.1835   3.710288   3.710505     2.2140     1.7076     0.3849    4.94258      90122         11  0.000e+00
      3.564     9.1842     9.1835   3.710256   3.710552     2.2140     1.6832     0.3837    4.94265      90123         11  0.000e+00
      3.619     9.1841     9.1834   3.710237   3.710505     2.2127     1.6832     0.3849    4.93918      90124         11  0.000e+00
      3.564     9.1841     9.1837   3.710282   3.710519     2.2127     1.6832     0.3860    4.93913      90125         11  0.000e+00
      3.579     9.1842     9.1837   3.710301   3.710539     2.2127     1.6832     0.3860    4.93912      90126         11  0.000e+00
      3.619     9.1844     9.1837   3.710313   3.710585     2.2140     1.6832     0.3860    4.94265      90127         11  0.000e+00
      3.619     9.1846     9.1834   3.710307   3.710505     2.2140     1.6832     0.3849    4.94263      90128         11  0.000e+00
      3.619     9.1846     9.1832   3.710320   3.710485     2.2127     1.6832     0.3837    4.93911      90129         11  0.000e+00
      3.682     9.1847     9.1834   3.710313   3.710539     2.2139     1.6832     0.3837    4.94266      90130         11  0.000e+00
      3.697     9.1846     9.1838   3.710282   3.710519     2.2139     1.6832     0.3837    4.94269      90131         11  0.000e+00
      3.619     9.1846     9.1839   3.710288   3.710505     2.2139     1.6832     0.3825    4.94264      90132         11  0.000e+00
      3.737     9.1842     9.1841   3.710320   3.710619     2.2127     1.6832     0.3825    4.93922      90133         11  0.000e+00
      3.682     9.1842     9.1846   3.710313   3.710572     2.2127     1.6832     0.3825    4.93918      90134         11  0.000e+00
      3.737     9.1844     9.1845   3.710320   3.710585     2.2127     1.6832     0.3825    4.93920      90135         11  0.000e+00
      3.752     9.1844     9.1846   3.710301   3.710572     2.2127     1.6832     0.3825    4.93922      90136         11  0.000e+00
      3.737     9.1847     9.1845   3.710275   3.710619     2.2127     1.6832     0.3813    4.93919      90137         11  0.000e+00
      3.737     9.1846     9.1845   3.710288   3.710639     2.2127     1.6832     0.3813    4.93920      90138         11  0.000e+00
      3.737     9.1842     9.1844   3.710282   3.710585     2.2127     1.6832     0.3813    4.93923      90139         11  0.000e+00
      3.800     9.1841     9.1845   3.710288   3.710639     2.2127     1.6832     0.3825    4.93928      90140         11  0.000e+00
      3.815     9.1840     9.1845   3.710256   3.710619     2.2139     1.6832     0.3837    4.94282      90141         11  0.000e+00
      3.800     9.1841     9.1846   3.710256   3.710639     2.2139     1.6832     0.3837    4.94280      90142         11  0.000e+00
      3.855     9.1839     9.1847   3.710269   3.710619     2.2127     1.6832     0.3837    4.93933      90143         11  0.000e+00
      3.855     9.1839     9.1845   3.710282   3.710605     2.2127     1.6832     0.3837    4.93933      90144         11  0.000e+00
      3.855     9.1839     9.1849   3.710275   3.710619     2.2127     1.6832     0.3837    4.93933      90145         11  0.000e+00
      3.870     9.1841     9.1848   3.710269   3.710605     2.2127     1.6832     0.3837    4.93933      90146         11  0.000e+00
      4.265     9.1855     9.1844   3.710421   3.710639     2.2139     1.7076     0.3837    4.94284      90348         12  0.000e+00
      4.265     9.1852     9.1845   3.710421   3.710652     2.2127     1.7076     0.3837    4.93935      90349         12  0.000e+00
      4.281     9.1850     9.1849   3.710396   3.710639     2.2127     1.7076     0.3837    4.93938      90350         12  0.000e+00
      4.265     9.1849     9.1845   3.710377   3.710619     2.2127     1.7076     0.3837    4.93939      90351         12  0.000e+00
      4.320     9.1848     9.1845   3.710371   3.710672     2.2139     1.7076     0.3849    4.94295      90352         12  0.000e+00
      4.320     9.1849     9.1845   3.710371   3.710652     2.2139     1.7076     0.3849    4.94294      90353         12  0.000e+00
      4.320     9.1850     9.1848   3.710390   3.710639     2.2139     1.7076     0.3849    4.94292      90354         12  0.000e+00
      4.438     9.1852     9.1844   3.710421   3.710619     2.2127     1.7076     0.3849    4.93946      90355         12  0.000e+00
      4.399     9.1854     9.1843   3.710434   3.710606     2.2139     1.7076     0.3837    4.94293      90356         12  0.000e+00
      4.383     9.1854     9.1840   3.710453   3.710619     2.2139     1.7076     0.3837    4.94292      90357         12  0.000e+00
      4.383     9.1855     9.1843   3.710447   3.710639     2.2139     1.7076     0.3825    4.94291      90358         12  0.000e+00
      4.501     9.1854     9.1840   3.710396   3.710652     2.2139     1.7076     0.3825    4.94301      90359         12  0.000e+00
      4.383     9.1850     9.1841   3.710396   3.710572     2.2139     1.7076     0.3825    4.94296      90360         12  0.000e+00
      4.454     9.1850     9.1839   3.710402   3.710619     2.2139     1.7076     0.3825    4.94300      90361         12  0.000e+00
      4.501     9.1854     9.1841   3.710421   3.710639     2.2139     1.7076     0.3837    4.94300      90362         12  0.000e+00
      4.501     9.1850     9.1842   3.710415   3.710619     2.2139     1.7076     0.3825    4.94303      90363         12  0.000e+00
      4.501     9.1850     9.1843   3.710421   3.710639     2.2139     1.7076     0.3837    4.94303      90364         12  0.000e+00
      4.501     9.1855     9.1839   3.710434   3.710586     2.2127     1.7198     0.3837    4.93947      90365         12  0.000e+00
      4.344     9.1854     9.1840   3.710434   3.710572     2.2127     1.7442     0.3837    4.93938      90366         12  0.000e+00
      4.729     9.1852     9.1839   3.710472   3.710606     2.2127     1.7442     0.3837    4.93962      90367         12  0.000e+00
      4.501     9.1854     9.1838   3.710447   3.710619     2.2127     1.7442     0.3825    4.93947      90368         12  0.000e+00
      4.556     9.1857     9.1840   3.710415   3.710606     2.2127     1.7442     0.3825    4.93949      90369         12  0.000e+00
      4.556     9.1859     9.1840   3.710421   3.710552     2.2139     1.7442     0.3837    4.94299      90370         12  0.000e+00
      4.556     9.1859     9.1840   3.710415   3.710639     2.2139     1.7442     0.3837    4.94299      90371         12  0.000e+00
      4.572     9.1859     9.1843   3.710447   3.710619     2.2139     1.7442     0.3837    4.94299      90372         12  0.000e+00
      4.556     9.1855     9.1842   3.710447   3.710606     2.2139     1.7442     0.3825    4.94301      90373         12  0.000e+00
      4.556     9.1854     9.1843   3.710415   3.710652     2.2127     1.7442     0.3837    4.93952      90374         12  0.000e+00
      4.556     9.1852     9.1842   3.710440   3.710639     2.2127     1.7442     0.3813    4.93952      90375         12  0.000e+00
      4.556     9.1854     9.1841   3.710415   3.710586     2.2139     1.7442     0.3813    4.94303      90376         12  0.000e+00
      4.611     9.1854     9.1844   3.710421   3.710606     2.2139     1.7442     0.3813    4.94306      90377         12  0.000e+00
      4.572     9.1855     9.1841   3.710415   3.710586     2.2127     1.7442     0.3813    4.93951      90378         12  0.000e+00
      4.556     9.1854     9.1842   3.710447   3.710639     2.2127     1.7442     0.3825    4.93950      90379         12  0.000e+00
      4.556     9.1859     9.1843   3.710466   3.710619     2.2127     1.7442     0.3825    4.93946      90380         12  0.000e+00
      4.611     9.1859     9.1842   3.710466   3.710639     2.2127     1.7442     0.3825    4.93949      90381         12  0.000e+00
      4.556     9.1861     9.1841   3.710466   3.710619     2.2139     1.7442     0.3825    4.94296      90382         12  0.000e+00
      4.517     9.1861     9.1842   3.710485   3.710606     2.2127     1.7442     0.3825    4.93941      90383         12  0.000e+00
      4.556     9.1861     9.1843   3.710491   3.710619     2.2127     1.7442     0.3825    4.93943      90384         12  0.000e+00
      4.556     9.1862     9.1844   3.710472   3.710639     2.2127     1.7442     0.3825    4.93943      90385         12  0.000e+00
      4.556     9.1862     9.1846   3.710485   3.710619     2.2139     1.7442     0.3825    4.94294      90386         12  0.000e+00
      4.501     9.1867     9.1845   3.710497   3.710639     2.2139     1.7442     0.3837    4.94286      90387         12  0.000e+00
      4.501     9.1865     9.1846   3.710516   3.710652     2.2139     1.7442     0.3837    4.94286      90388         12  0.000e+00
      4.454     9.1869     9.1849   3.710529   3.710639     2.2127     1.7442     0.3849    4.93928      90389         12  0.000e+00
      4.502     9.1869     9.1850   3.710510   3.710686     2.2127     1.7442     0.3849    4.93932      90390         12  0.000e+00
      4.502     9.1867     9.1849   3.710516   3.710672     2.2127     1.7442     0.3860    4.93933      90391         12  0.000e+00
      4.439     9.1865     9.1850   3.710542   3.710652     2.2127     1.7442     0.3860    4.93930      90392         12  0.000e+00
      4.439     9.1865     9.1850   3.710510   3.710672     2.2127     1.7442     0.3849    4.93931      90393         12  0.000e+00
      4.399     9.1865     9.1850   3.710497   3.710652     2.2127     1.7442     0.3837    4.93929      90394         12  0.000e+00
      4.439     9.1865     9.1850   3.710516   3.710706     2.2127     1.7442     0.3837    4.93930      90395         12  0.000e+00
      4.384     9.1867     9.1852   3.710510   3.710619     2.2127     1.7442     0.3837    4.93926      90396         12  0.000e+00
