Cruise Data/Irminger_Sea-01_KN-221_2014-09-07/Ship Data/ctd/process/kkn22104003.ros
* Sea-Bird SBE 9 Data File:
* FileName = C:\Data\ctd\KN22104003.hdr
* Software Version Seasave V 7.21k
* Temperature SN = 4195
* Conductivity SN = 2147
* Number of Bytes Per Scan = 40
* Number of Voltage Words = 5
* Number of Scans Averaged by the Deck Unit = 1
* NMEA Latitude = 61 53.17 N
* NMEA Longitude = 032 18.33 W
* NMEA UTC (Time) = Sep 08 2014 18:04:26
** KN221-04 Chief Scientist: Bob Weller
** OOI Irminger Sea Sept. 2014
** Station: 003
** Knudsen Depth: 2698
# nquan = 12
# nvalues = 588                                   
# units = specified
# name 0 = prDM: Pressure, Digiquartz [db]
# name 1 = t090C: Temperature [ITS-90, deg C]
# name 2 = t190C: Temperature, 2 [ITS-90, deg C]
# name 3 = c0S/m: Conductivity [S/m]
# name 4 = c1S/m: Conductivity, 2 [S/m]
# name 5 = sbeox0V: Oxygen raw, SBE 43 [V]
# name 6 = flECO-AFL: Fluorescence, WET Labs ECO-AFL/FL [mg/m^3]
# name 7 = CStarAt0: Beam Attenuation, WET Labs C-Star [1/m]
# name 8 = sbeox0ML/L: Oxygen, SBE 43 [ml/l]
# name 9 = scan: Scan Count
# name 10 = nbf: Bottles Fired
# name 11 = flag:  0.000e+00
# interval = seconds: 0.0416667
# start_time = Sep 08 2014 18:04:26 [NMEA time, header]
# bad_flag = -9.990e-29
*END*
[from data line 121]
   2216.506     3.2213     3.2205   3.275485   3.275674     1.5495     0.0470     0.0814    4.68369     112849          3  0.000e+00
   2216.515     3.2214     3.2205   3.275558   3.275681     1.5482     0.0470     0.0814    4.67812     112850          3  0.000e+00
   2216.506     3.2215     3.2205   3.275552   3.275700     1.5482     0.0470     0.0814    4.67811     112851          3  0.000e+00
   2216.506     3.2214     3.2204   3.275522   3.275674     1.5482     0.0470     0.0814    4.67813     112852          3  0.000e+00
   2216.506     3.2215     3.2205   3.275546   3.275706     1.5495     0.0470     0.0814    4.68365     112853          3  0.000e+00
   2216.506     3.2217     3.2205   3.275546   3.275674     1.5495     0.0348     0.0803    4.68363     112854          3  0.000e+00
   2216.515     3.2215     3.2205   3.275522   3.275706     1.5495     0.0348     0.0814    4.68366     112855          3  0.000e+00
   2216.564     3.2215     3.2205   3.275522   3.275700     1.5495     0.0348     0.0814    4.68369     112856          3  0.000e+00
   2216.507     3.2216     3.2205   3.275516   3.275732     1.5482     0.0348     0.0814    4.67811     112857          3  0.000e+00
   2216.507     3.2215     3.2204   3.275491   3.275681     1.5482     0.0348     0.0814    4.67813     112858          3  0.000e+00
   2216.580     3.2215     3.2206   3.275558   3.275674     1.5482     0.0348     0.0814    4.67816     112859          3  0.000e+00
   2216.507     3.2215     3.2205   3.275534   3.275700     1.5482     0.0348     0.0814    4.67811     112860          3  0.000e+00
   2216.507     3.2213     3.2205   3.275528   3.275681     1.5482     0.0348     0.0814    4.67814     112861          3  0.000e+00
   2216.507     3.2215     3.2206   3.275534   3.275732     1.5482     0.0348     0.0814    4.67811     112862          3  0.000e+00
   2216.515     3.2215     3.2205   3.275534   3.275649     1.5482     0.0470     0.0814    4.67812     112863          3  0.000e+00
   2216.507     3.2217     3.2203   3.275540   3.275674     1.5482     0.0348     0.0814    4.67810     112864          3  0.000e+00
   2216.507     3.2218     3.2205   3.275552   3.275732     1.5495     0.0348     0.0814    4.68362     112865          3  0.000e+00
   2216.507     3.2218     3.2208   3.275546   3.275681     1.5495     0.0348     0.0814    4.68361     112866          3  0.000e+00
   2216.441     3.2216     3.2209   3.275503   3.275674     1.5495     0.0348     0.0814    4.68361     112867          3  0.000e+00
   2216.450     3.2218     3.2211   3.275540   3.275681     1.5482     0.0348     0.0814    4.67805     112868          3  0.000e+00
   2216.441     3.2218     3.2209   3.275546   3.275732     1.5495     0.0348     0.0814    4.68358     112869          3  0.000e+00
   2216.442     3.2217     3.2213   3.275540   3.275700     1.5495     0.0348     0.0814    4.68359     112870          3  0.000e+00
   2216.442     3.2215     3.2211   3.275534   3.275738     1.5495     0.0348     0.0814    4.68362     112871          3  0.000e+00
   2216.393     3.2217     3.2208   3.275516   3.275763     1.5482     0.0348     0.0814    4.67804     112872          3  0.000e+00
   2216.442     3.2216     3.2211   3.275509   3.275738     1.5482     0.0348     0.0814    4.67807     112873          3  0.000e+00
   2216.376     3.2217     3.2211   3.275546   3.275763     1.5482     0.0348     0.0814    4.67801     112874          3  0.000e+00
   2216.012     3.2227     3.2211   3.275600   3.275770     1.5495     0.0348     0.0814    4.68329     113606          4  0.000e+00
   2215.955     3.2228     3.2211   3.275624   3.275763     1.5483     0.0348     0.0803    4.67771     113607          4  0.000e+00
   2215.963     3.2229     3.2211   3.275612   3.275731     1.5483     0.0348     0.0814    4.67771     113608          4  0.000e+00
   2216.012     3.2228     3.2208   3.275594   3.275770     1.5483     0.0348     0.0803    4.67776     113609          4  0.000e+00
   2215.955     3.2227     3.2207   3.275594   3.275731     1.5495     0.0348     0.0803    4.68326     113610          4  0.000e+00
   2215.955     3.2222     3.2205   3.275582   3.275706     1.5495     0.0348     0.0814    4.68332     113611          4  0.000e+00
   2216.028     3.2218     3.2201   3.275540   3.275700     1.5495     0.0348     0.0814    4.68342     113612          4  0.000e+00
   2215.955     3.2212     3.2201   3.275497   3.275700     1.5495     0.0348     0.0814    4.68345     113613          4  0.000e+00
   2216.012     3.2210     3.2205   3.275485   3.275649     1.5495     0.0348     0.0814    4.68351     113614          4  0.000e+00
   2216.012     3.2209     3.2203   3.275473   3.275674     1.5483     0.0348     0.0814    4.67799     113615          4  0.000e+00
   2215.963     3.2208     3.2200   3.275437   3.275681     1.5495     0.0348     0.0814    4.68351     113616          4  0.000e+00
   2216.012     3.2209     3.2207   3.275425   3.275674     1.5483     0.0348     0.0814    4.67801     113617          4  0.000e+00
   2216.012     3.2212     3.2208   3.275431   3.275674     1.5495     0.0348     0.0814    4.68351     113618          4  0.000e+00
   2216.012     3.2210     3.2208   3.275449   3.275649     1.5483     0.0348     0.0803    4.67799     113619          4  0.000e+00
   2216.012     3.2209     3.2208   3.275455   3.275731     1.5495     0.0348     0.0803    4.68353     113620          4  0.000e+00
   2216.085     3.2205     3.2205   3.275419   3.275681     1.5483     0.0348     0.0803    4.67809     113621          4  0.000e+00
   2216.012     3.2203     3.2203   3.275419   3.275674     1.5483     0.0348     0.0803    4.67807     113622          4  0.000e+00
   2216.077     3.2208     3.2205   3.275431   3.275674     1.5483     0.0348     0.0803    4.67805     113623          4  0.000e+00
   2216.012     3.2209     3.2205   3.275431   3.275681     1.5495     0.0348     0.0814    4.68354     113624          4  0.000e+00
   2216.085     3.2207     3.2205   3.275425   3.275700     1.5483     0.0348     0.0814    4.67807     113625          4  0.000e+00
   2216.143     3.2206     3.2205   3.275413   3.275681     1.5483     0.0348     0.0814    4.67813     113626          4  0.000e+00
   2216.077     3.2204     3.2205   3.275419   3.275700     1.5495     0.0348     0.0803    4.68364     113627          4  0.000e+00
   2216.143     3.2203     3.2205   3.275407   3.275674     1.5495     0.0348     0.0814    4.68370     113628          4  0.000e+00
   2216.086     3.2204     3.2205   3.275449   3.275649     1.5495     0.0348     0.0814    4.68363     113629          4  0.000e+00
   2216.143     3.2204     3.2205   3.275461   3.275731     1.5483     0.0348     0.0814    4.67812     113630          4  0.000e+00
   2216.200     3.2205     3.2205   3.275455   3.275700     1.5483     0.0348     0.0814    4.67815     113631          4  0.000e+00
   2216.143     3.2209     3.2206   3.275461   3.275681     1.5483     0.0348     0.0803    4.67808     113632          4  0.000e+00
   2216.151     3.2208     3.2206   3.275479   3.275700     1.5483     0.0348     0.0814    4.67808     113633          4  0.000e+00
   2216.200     3.2211     3.2206   3.275503   3.275706     1.5483     0.0348     0.0814    4.67808     113634          4  0.000e+00
   2216.200     3.2212     3.2203   3.275503   3.275700     1.5495     0.0470     0.0814    4.68361     113635          4  0.000e+00
   2216.200     3.2212     3.2203   3.275503   3.275700     1.5495     0.0348     0.0814    4.68360     113636          4  0.000e+00
   2216.086     3.2212     3.2197   3.275509   3.275706     1.5495     0.0348     0.0825    4.68353     113637          4  0.000e+00
   2216.453     3.2209     3.2196   3.275479   3.275700     1.5483     0.0348     0.0825    4.67826     113638          4  0.000e+00
   2216.265     3.2208     3.2195   3.275461   3.275617     1.5483     0.0348     0.0825    4.67816     113639          4  0.000e+00
   2216.265     3.2207     3.2198   3.275473   3.275611     1.5483     0.0348     0.0814    4.67817     113640          4  0.000e+00
   2216.265     3.2205     3.2194   3.275431   3.275643     1.5483     0.0348     0.0836    4.67820     113641          4  0.000e+00
   2216.339     3.2204     3.2192   3.275419   3.275649     1.5495     0.0348     0.0890    4.68380     113642          4  0.000e+00
   2216.331     3.2203     3.2194   3.275425   3.275579     1.5495     0.0348     0.0934    4.68381     113643          4  0.000e+00
   2216.331     3.2203     3.2195   3.275389   3.275617     1.5495     0.0348     0.0945    4.68382     113644          4  0.000e+00
   2216.331     3.2201     3.2195   3.275413   3.275643     1.5495     0.0348     0.0923    4.68383     113645          4  0.000e+00
   2216.404     3.2203     3.2194   3.275407   3.275611     1.5495     0.0348     0.0901    4.68386     113646          4  0.000e+00
   2216.388     3.2203     3.2192   3.275401   3.275585     1.5483     0.0348     0.0869    4.67832     113647          4  0.000e+00
   2216.388     3.2198     3.2195   3.275377   3.275579     1.5483     0.0348     0.0858    4.67837     113648          4  0.000e+00
   2216.388     3.2196     3.2194   3.275364   3.275585     1.5495     0.0348     0.0847    4.68393     113649          4  0.000e+00
   2216.404     3.2193     3.2196   3.275352   3.275611     1.5495     0.0348     0.0836    4.68398     113650          4  0.000e+00
   2216.453     3.2193     3.2196   3.275316   3.275643     1.5495     0.0348     0.0825    4.68402     113651          4  0.000e+00
   2216.453     3.2198     3.2190   3.275322   3.275585     1.5495     0.0348     0.0825    4.68397     113652          4  0.000e+00
   2216.388     3.2193     3.2190   3.275364   3.275611     1.5495     0.0348     0.0825    4.68396     113653          4  0.000e+00
   2216.453     3.2195     3.2187   3.275371   3.275528     1.5495     0.0470     0.0814    4.68398     113654          4  0.000e+00
   1964.411     3.4495     3.4487   3.286183   3.286403     1.5887     0.0226     0.0825    4.67132     133698          5  0.000e+00
   1964.378     3.4495     3.4489   3.286153   3.286314     1.5887     0.0226     0.0814    4.67131     133699          5  0.000e+00
   1964.354     3.4495     3.4486   3.286159   3.286314     1.5887     0.0226     0.0825    4.67129     133700          5  0.000e+00
   1964.411     3.4495     3.4489   3.286153   3.286372     1.5875     0.0226     0.0814    4.66602     133701          5  0.000e+00
   1964.354     3.4495     3.4489   3.286140   3.286340     1.5875     0.0226     0.0814    4.66599     133702          5  0.000e+00
   1964.378     3.4493     3.4487   3.286159   3.286314     1.5875     0.0226     0.0814    4.66602     133703          5  0.000e+00
   1964.354     3.4495     3.4489   3.286128   3.286333     1.5875     0.0226     0.0814    4.66600     133704          5  0.000e+00
   1964.289     3.4495     3.4489   3.286128   3.286340     1.5875     0.0226     0.0814    4.66596     133705          5  0.000e+00
   1964.313     3.4493     3.4486   3.286159   3.286340     1.5875     0.0226     0.0814    4.66597     133706          5  0.000e+00
   1964.354     3.4495     3.4489   3.286171   3.286372     1.5887     0.0226     0.0814    4.67129     133707          5  0.000e+00
   1964.289     3.4497     3.4489   3.286171   3.286340     1.5887     0.0348     0.0814    4.67123     133708          5  0.000e+00
   1964.289     3.4495     3.4487   3.286171   3.286340     1.5875     0.0470     0.0814    4.66594     133709          5  0.000e+00
   1964.313     3.4492     3.4487   3.286171   3.286372     1.5875     0.0470     0.0814    4.66598     133710          5  0.000e+00
   1964.289     3.4495     3.4489   3.286171   3.286372     1.5875     0.0470     0.0814    4.66594     133711          5  0.000e+00
   1964.289     3.4495     3.4487   3.286189   3.286340     1.5875     0.0470     0.0825    4.66593     133712          5  0.000e+00
   1964.289     3.4495     3.4489   3.286183   3.286365     1.5875     0.0470     0.0814    4.66593     133713          5  0.000e+00
   1964.249     3.4492     3.4487   3.286189   3.286372     1.5887     0.0470     0.0814    4.67125     133714          5  0.000e+00
   1964.289     3.4495     3.4489   3.286159   3.286340     1.5875     0.0470     0.0814    4.66594     133715          5  0.000e+00
   1964.289     3.4495     3.4487   3.286159   3.286340     1.5875     0.0470     0.0825    4.66594     133716          5  0.000e+00
   1964.249     3.4493     3.4487   3.286171   3.286340     1.5875     0.0470     0.0836    4.66593     133717          5  0.000e+00
   1964.289     3.4493     3.4487   3.286153   3.286372     1.5875     0.0470     0.0836    4.66596     133718          5  0.000e+00
   1964.289     3.4492     3.4489   3.286159   3.286340     1.5875     0.0470     0.0836    4.66597     133719          5  0.000e+00
   1964.224     3.4490     3.4486   3.286128   3.286372     1.5875     0.0470     0.0836    4.66596     133720          5  0.000e+00
   1964.249     3.4493     3.4489   3.286153   3.286333     1.5875     0.0470     0.0836    4.66593     133721          5  0.000e+00
   1964.289     3.4493     3.4484   3.286153   3.286340     1.5875     0.0470     0.0825    4.66596     133722          5  0.000e+00
   1964.289     3.4493     3.4487   3.286140   3.286340     1.5875     0.0470     0.0825    4.66596     133723          5  0.000e+00
   1964.249     3.4492     3.4484   3.286140   3.286372     1.5875     0.0470     0.0825    4.66595     133724          5  0.000e+00
   1964.289     3.4493     3.4487   3.286122   3.286372     1.5875     0.0470     0.0825    4.66597     133725          5  0.000e+00
   1964.289     3.4493     3.4487   3.286128   3.286340     1.5875     0.0470     0.0825    4.66597     133726          5  0.000e+00
   1964.289     3.4493     3.4487   3.286140   3.286340     1.5875     0.0470     0.0825    4.66596     133727          5  0.000e+00
   1964.314     3.4493     3.4487   3.286140   3.286372     1.5875     0.0470     0.0825    4.66598     133728          5  0.000e+00
   1964.224     3.4492     3.4489   3.286140   3.286276     1.5875     0.0470     0.0825    4.66594     133729          5  0.000e+00
   1964.354     3.4493     3.4487   3.286140   3.286314     1.5875     0.0470     0.0825    4.66600     133730          5  0.000e+00
   1964.289     3.4492     3.4486   3.286122   3.286340     1.5875     0.0470     0.0825    4.66598     133731          5  0.000e+00
   1964.314     3.4492     3.4487   3.286128   3.286314     1.5875     0.0348     0.0825    4.66600     133732          5  0.000e+00
   1964.354     3.4490     3.4484   3.286159   3.286372     1.5875     0.0226     0.0825    4.66603     133733          5  0.000e+00
   1964.354     3.4492     3.4489   3.286171   3.286372     1.5875     0.0226     0.0825    4.66601     133734          5  0.000e+00
   1964.314     3.4493     3.4486   3.286153   3.286340     1.5875     0.0226     0.0825    4.66597     133735          5  0.000e+00
   1964.354     3.4490     3.4486   3.286140   3.286340     1.5875     0.0226     0.0825    4.66603     133736          5  0.000e+00
   1964.354     3.4493     3.4484   3.286159   3.286372     1.5875     0.0226     0.0825    4.66600     133737          5  0.000e+00
   1964.354     3.4490     3.4484   3.286153   3.286365     1.5875     0.0226     0.0825    4.66603     133738          5  0.000e+00
   1964.379     3.4492     3.4487   3.286140   3.286340     1.5875     0.0226     0.0825    4.66603     133739          5  0.000e+00
   1964.354     3.4492     3.4487   3.286140   3.286372     1.5875     0.0226     0.0814    4.66602     133740          5  0.000e+00
   1964.411     3.4493     3.4484   3.286140   3.286340     1.5887     0.0226     0.0825    4.67135     133741          5  0.000e+00
