Cruise Data/Irminger_Sea-01_KN-221_2014-09-07/Ship Data/ctd/process/kkn22104001.ros
* Sea-Bird SBE 9 Data File:
* FileName = C:\Data\ctd\KN22104001.hdr
* Software Version Seasave V 7.21k
* Temperature SN = 4195
* Conductivity SN = 2147
* Number of Bytes Per Scan = 40
* Number of Voltage Words = 5
* Number of Scans Averaged by the Deck Unit = 1
* NMEA Latitude = 62 06.42 N
* NMEA Longitude = 031 22.90 W
* NMEA UTC (Time) = Sep 08 2014 11:39:06
** KN221-03 Chief Scientist: Bob Pickart
** OSNAP August 2014
** Station: 001
** Knudsen Depth: 2401
# nquan = 12
# nvalues = 588                                   
# units = specified
# name 0 = prDM: Pressure, Digiquartz [db]
# name 1 = t090C: Temperature [ITS-90, deg C]
# name 2 = t190C: Temperature, 2 [ITS-90, deg C]
# name 3 = c0S/m: Conductivity [S/m]
# name 4 = c1S/m: Conductivity, 2 [S/m]
# name 5 = sbeox0V: Oxygen raw, SBE 43 [V]
# name 6 = flECO-AFL: Fluorescence, WET Labs ECO-AFL/FL [mg/m^3]
# name 7 = CStarAt0: Beam Attenuation, WET Labs C-Star [1/m]
# name 8 = sbeox0ML/L: Oxygen, SBE 43 [ml/l]
# name 9 = scan: Scan Count
# name 10 = nbf: Bottles Fired
# name 11 = flag:  0.000e+00
# interval = seconds: 0.0416667
# start_time = Sep 08 2014 11:39:06 [NMEA time, header]
# bad_flag = -9.990e-29
*END*
[from data line 241]
   1509.128     3.6542     3.6545   3.286340   3.286621     1.8064     0.0348     0.0869    5.66277      42507          5  0.000e+00
   1509.177     3.6545     3.6549   3.286334   3.286589     2.6082     0.0348     0.0869    9.12000      42508          5  0.000e+00
   1509.120     3.6545     3.6547   3.286322   3.286589     1.2431     0.0348     0.0858    3.23366      42509          5  0.000e+00
   1509.193     3.6545     3.6545   3.286340   3.286589     2.1746     0.0348     0.0858    7.25025      42510          5  0.000e+00
   1509.059     3.6545     3.6553   3.286340   3.286621     2.4192     0.0348     0.0890    8.30500      42628          6  0.000e+00
   1509.010     3.6545     3.6552   3.286364   3.286621     2.1783     0.0348     0.0890    7.26619      42629          6  0.000e+00
   1509.059     3.6545     3.6552   3.286340   3.286621     1.1493     0.0348     0.0869    2.82894      42630          6  0.000e+00
   1509.010     3.6546     3.6552   3.286340   3.286621     2.7033     0.0348     0.0869    9.53009      42631          6  0.000e+00
   1509.059     3.6547     3.6550   3.286352   3.286653     1.8880     0.0348     0.0869    6.01440      42632          6  0.000e+00
   1509.059     3.6551     3.6549   3.286310   3.286621     1.3395     0.0348     0.0869    3.64925      42633          6  0.000e+00
   1509.010     3.6548     3.6550   3.286358   3.286621     2.7861     0.0348     0.0869    9.88695      42634          6  0.000e+00
   1508.938     3.6546     3.6548   3.286340   3.286621     1.6039     0.0348     0.0869    4.78916      42635          6  0.000e+00
   1509.059     3.6543     3.6550   3.286322   3.286646     1.6397     0.0348     0.0869    4.94375      42636          6  0.000e+00
   1509.011     3.6545     3.6549   3.286322   3.286653     2.6959     0.0348     0.0869    9.49819      42637          6  0.000e+00
   1509.059     3.6545     3.6550   3.286340   3.286589     1.3457     0.0348     0.0890    3.67592      42638          6  0.000e+00
   1508.954     3.6545     3.6549   3.286334   3.286621     1.9943     0.0470     0.0880    6.47246      42639          6  0.000e+00
   1509.059     3.6543     3.6549   3.286304   3.286589     2.4933     0.0348     0.0880    8.62468      42640          6  0.000e+00
   1509.003     3.6545     3.6548   3.286310   3.286621     1.1579     0.0348     0.0880    2.86623      42641          6  0.000e+00
   1508.954     3.6542     3.6549   3.286322   3.286621     2.3574     0.0348     0.0869    8.03861      42642          6  0.000e+00
   1509.003     3.6543     3.6547   3.286322   3.286621     2.2302     0.0348     0.0869    7.48997      42643          6  0.000e+00
   1509.011     3.6542     3.6549   3.286304   3.286589     1.1307     0.0470     0.0869    2.74906      42644          6  0.000e+00
   1509.003     3.6545     3.6547   3.286310   3.286557     2.6626     0.0348     0.0869    9.35437      42645          6  0.000e+00
   1509.003     3.6545     3.6549   3.286322   3.286589     1.9424     0.0348     0.0869    6.24879      42646          6  0.000e+00
   1509.011     3.6543     3.6547   3.286322   3.286621     1.2913     0.0348     0.0869    3.44155      42647          6  0.000e+00
   1509.003     3.6543     3.6546   3.286304   3.286589     2.7874     0.0348     0.0869    9.89242      42648          6  0.000e+00
   1508.954     3.6542     3.6547   3.286273   3.286589     1.6582     0.0348     0.0869    5.02364      42649          6  0.000e+00
   1509.059     3.6542     3.6549   3.286304   3.286589     1.5755     0.0348     0.0869    4.66679      42650          6  0.000e+00
   1509.003     3.6542     3.6547   3.286304   3.286653     2.7256     0.0348     0.0858    9.62611      42651          6  0.000e+00
   1509.011     3.6540     3.6547   3.286291   3.286557     1.3926     0.0348     0.0858    3.87840      42652          6  0.000e+00
   1509.003     3.6542     3.6549   3.286310   3.286621     1.9177     0.0348     0.0869    6.14231      42653          6  0.000e+00
   1509.003     3.6538     3.6545   3.286322   3.286621     2.5403     0.0348     0.0869    8.82712      42654          6  0.000e+00
   1509.011     3.6539     3.6548   3.286304   3.286557     1.1863     0.0348     0.0858    2.98880      42655          6  0.000e+00
   1509.059     3.6538     3.6550   3.286310   3.286589     2.2846     0.0348     0.0869    7.72452      42656          6  0.000e+00
   1509.011     3.6542     3.6549   3.286304   3.286621     2.2858     0.0348     0.0858    7.72975      42657          6  0.000e+00
   1509.059     3.6538     3.6549   3.286291   3.286621     1.1196     0.0348     0.0858    2.70118      42658          6  0.000e+00
   1509.003     3.6540     3.6550   3.286291   3.286621     2.6132     0.0348     0.0858    9.14141      42659          6  0.000e+00
   1509.076     3.6540     3.6550   3.286291   3.286589     1.9992     0.0348     0.0858    6.49399      42660          6  0.000e+00
   1509.003     3.6539     3.6548   3.286291   3.286621     1.2493     0.0348     0.0858    3.26048      42661          6  0.000e+00
   1509.076     3.6542     3.6545   3.286310   3.286557     2.7799     0.0348     0.0858    9.86060      42662          6  0.000e+00
   1509.059     3.6538     3.6542   3.286279   3.286621     1.7138     0.0348     0.0858    5.26347      42663          6  0.000e+00
   1509.059     3.6542     3.6542   3.286279   3.286557     1.5038     0.0348     0.0869    4.35785      42664          6  0.000e+00
   1509.076     3.6538     3.6541   3.286249   3.286589     2.7552     0.0348     0.0869    9.75418      42665          6  0.000e+00
   1509.060     3.6540     3.6541   3.286298   3.286557     1.4507     0.0348     0.0869    4.12881      42666          6  0.000e+00
   1509.124     3.6539     3.6537   3.286279   3.286557     1.8287     0.0348     0.0869    5.75893      42667          6  0.000e+00
   1509.076     3.6540     3.6539   3.286279   3.286532     2.5971     0.0348     0.0869    9.07227      42668          6  0.000e+00
   1509.124     3.6540     3.6539   3.286291   3.286557     1.2296     0.0348     0.0869    3.17531      42669          6  0.000e+00
   1509.076     3.6545     3.6541   3.286310   3.286532     2.1919     0.0348     0.0869    7.32493      42670          6  0.000e+00
   1509.124     3.6545     3.6539   3.286322   3.286532     2.3599     0.0348     0.0869    8.04944      42671          6  0.000e+00
   1509.124     3.6543     3.6537   3.286322   3.286532     1.1159     0.0348     0.0869    2.68520      42672          6  0.000e+00
   1509.132     3.6547     3.6539   3.286304   3.286557     2.5304     0.0348     0.0869    8.78455      42673          6  0.000e+00
   1509.124     3.6548     3.6544   3.286334   3.286532     2.0844     0.0348     0.0869    6.86148      42674          6  0.000e+00
   1509.132     3.6548     3.6540   3.286334   3.286532     1.1925     0.0348     0.0869    3.01545      42675          6  0.000e+00
   1509.181     3.6549     3.6539   3.286340   3.286589     2.7540     0.0348     0.0869    9.74872      42676          6  0.000e+00
   1509.063     3.6549     3.6544   3.286322   3.286589     1.2766     0.0470     0.0869    3.37785      42841          7  0.000e+00
   1509.015     3.6551     3.6544   3.286322   3.286557     2.7874     0.0470     0.0869    9.89251      42842          7  0.000e+00
   1509.007     3.6548     3.6544   3.286340   3.286589     1.6805     0.0470     0.0869    5.11971      42843          7  0.000e+00
   1509.015     3.6548     3.6545   3.286352   3.286557     1.5397     0.0470     0.0869    4.51245      42844          7  0.000e+00
   1509.007     3.6547     3.6545   3.286370   3.286532     2.7429     0.0470     0.0869    9.70078      42845          7  0.000e+00
   1509.007     3.6549     3.6544   3.286382   3.286557     1.4236     0.0470     0.0869    4.01170      42846          7  0.000e+00
   1509.015     3.6549     3.6542   3.286382   3.286557     1.8671     0.0470     0.0869    5.92403      42847          7  0.000e+00
   1509.007     3.6545     3.6544   3.286382   3.286557     2.5774     0.0470     0.0869    8.98702      42848          7  0.000e+00
   1509.063     3.6548     3.6544   3.286382   3.286621     1.2136     0.0470     0.0869    3.10618      42849          7  0.000e+00
   1508.959     3.6549     3.6542   3.286364   3.286557     2.2216     0.0470     0.0869    7.45278      42850          7  0.000e+00
   1509.064     3.6547     3.6542   3.286352   3.286589     2.3402     0.0470     0.0869    7.96431      42851          7  0.000e+00
   1508.959     3.6548     3.6545   3.286352   3.286589     1.1147     0.0470     0.0869    2.68001      42852          7  0.000e+00
   1509.064     3.6548     3.6544   3.286352   3.286589     2.5515     0.0470     0.0869    8.87520      42853          7  0.000e+00
   1509.007     3.6546     3.6545   3.286352   3.286589     2.0672     0.0470     0.0869    6.78704      42854          7  0.000e+00
   1509.015     3.6548     3.6545   3.286352   3.286525     1.1975     0.0470     0.0869    3.03693      42855          7  0.000e+00
   1509.007     3.6549     3.6545   3.286334   3.286557     2.7615     0.0470     0.0869    9.78068      42856          7  0.000e+00
   1509.015     3.6548     3.6544   3.286340   3.286557     1.7917     0.0470     0.0869    5.59914      42857          7  0.000e+00
   1509.007     3.6546     3.6543   3.286334   3.286557     1.4211     0.0470     0.0869    4.00111      42858          7  0.000e+00
   1509.007     3.6549     3.6544   3.286322   3.286589     2.7775     0.0470     0.0869    9.84994      42859          7  0.000e+00
   1509.080     3.6548     3.6545   3.286340   3.286589     1.5249     0.0470     0.0869    4.44859      42860          7  0.000e+00
   1509.007     3.6546     3.6547   3.286370   3.286589     1.7287     0.0470     0.0869    5.32748      42861          7  0.000e+00
   1509.015     3.6548     3.6545   3.286364   3.286557     2.6565     0.0470     0.0869    9.32792      42862          7  0.000e+00
   1509.007     3.6545     3.6545   3.286352   3.286621     1.2889     0.0470     0.0869    3.43114      42863          7  0.000e+00
   1509.007     3.6548     3.6544   3.286334   3.286557     2.0771     0.0470     0.0869    6.82965      42864          7  0.000e+00
   1509.015     3.6548     3.6542   3.286340   3.286532     2.4403     0.0470     0.0869    8.39574      42865          7  0.000e+00
   1509.064     3.6548     3.6541   3.286334   3.286557     1.1345     0.0470     0.0869    2.76530      42866          7  0.000e+00
   1509.007     3.6549     3.6542   3.286322   3.286557     2.4267     0.0470     0.0869    8.33713      42867          7  0.000e+00
   1509.015     3.6549     3.6544   3.286322   3.286557     2.1796     0.0470     0.0869    7.27177      42868          7  0.000e+00
   1509.007     3.6547     3.6542   3.286322   3.286557     1.1444     0.0470     0.0869    2.80790      42869          7  0.000e+00
   1509.015     3.6549     3.6541   3.286304   3.286589     2.6997     0.0470     0.0869    9.51438      42870          7  0.000e+00
   1509.064     3.6548     3.6542   3.286334   3.286589     1.9004     0.0470     0.0869    6.06796      42871          7  0.000e+00
   1509.007     3.6548     3.6543   3.286334   3.286557     1.3235     0.0470     0.0869    3.58029      42872          7  0.000e+00
   1509.015     3.6546     3.6542   3.286340   3.286557     2.7911     0.0470     0.0869    9.90861      42873          7  0.000e+00
   1509.007     3.6546     3.6544   3.286352   3.286589     1.6249     0.0470     0.0901    4.88005      42874          7  0.000e+00
   1509.015     3.6547     3.6541   3.286334   3.286557     1.6064     0.0470     0.0934    4.80015      42875          7  0.000e+00
   1509.064     3.6546     3.6544   3.286388   3.286557     2.7145     0.0470     0.0956    9.57837      42876          7  0.000e+00
   1509.007     3.6548     3.6544   3.286370   3.286589     1.3729     0.0470     0.0967    3.79336      42877          7  0.000e+00
   1509.080     3.6548     3.6542   3.286334   3.286557     1.9424     0.0348     0.0945    6.24910      42878          7  0.000e+00
   1509.008     3.6548     3.6542   3.286364   3.286532     2.5317     0.0348     0.0934    8.78992      42879          7  0.000e+00
   1509.016     3.6546     3.6544   3.286364   3.286557     1.1777     0.0348     0.0912    2.95174      42880          7  0.000e+00
   1509.064     3.6550     3.6541   3.286370   3.286500     2.2945     0.0348     0.0901    7.76720      42881          7  0.000e+00
   1509.008     3.6549     3.6542   3.286364   3.286525     2.2834     0.0348     0.0901    7.71921      42882          7  0.000e+00
   1509.016     3.6549     3.6542   3.286352   3.286557     1.1172     0.0348     0.0880    2.69072      42883          7  0.000e+00
   1509.064     3.6549     3.6542   3.286370   3.286557     2.6095     0.0348     0.0880    9.12556      42884          7  0.000e+00
   1509.008     3.6549     3.6543   3.286382   3.286557     2.0091     0.0348     0.0880    6.53666      42885          7  0.000e+00
   1509.080     3.6549     3.6541   3.286364   3.286557     1.2346     0.0348     0.0880    3.19679      42886          7  0.000e+00
   1509.008     3.6548     3.6542   3.286370   3.286621     2.7763     0.0348     0.0880    9.84463      42887          7  0.000e+00
   1509.080     3.6549     3.6542   3.286364   3.286532     1.7287     0.0470     0.0880    5.32754      42888          7  0.000e+00
   1509.064     3.6549     3.6541   3.286370   3.286589     1.4903     0.0348     0.0880    4.29944      42889          7  0.000e+00
   1509.390     3.6548     3.6539   3.286370   3.286621     1.1247     0.0348     0.0858    2.72302      43049          8  0.000e+00
   1509.438     3.6548     3.6541   3.286394   3.286557     2.6504     0.0348     0.0858    9.30205      43050          8  0.000e+00
   1509.374     3.6546     3.6541   3.286394   3.286557     1.9610     0.0348     0.0858    6.32948      43051          8  0.000e+00
   1509.446     3.6545     3.6539   3.286340   3.286589     1.2729     0.0348     0.0858    3.36234      43052          8  0.000e+00
   1509.438     3.6546     3.6541   3.286322   3.286621     2.7862     0.0348     0.0858    9.88813      43053          8  0.000e+00
   1509.446     3.6542     3.6539   3.286340   3.286557     1.6831     0.0348     0.0869    5.13100      43054          8  0.000e+00
   1509.438     3.6543     3.6537   3.286352   3.286500     1.5373     0.0348     0.0869    4.50237      43055          8  0.000e+00
   1509.495     3.6545     3.6537   3.286352   3.286526     2.7418     0.0348     0.0869    9.69644      43056          8  0.000e+00
   1509.447     3.6543     3.6537   3.286370   3.286557     1.4236     0.0348     0.0869    4.01227      43057          8  0.000e+00
   1509.495     3.6543     3.6539   3.286364   3.286557     1.8671     0.0348     0.0869    5.92478      43058          8  0.000e+00
   1509.439     3.6545     3.6537   3.286352   3.286557     2.5738     0.0348     0.0869    8.97187      43059          8  0.000e+00
   1509.576     3.6544     3.6539   3.286352   3.286557     1.2112     0.0348     0.0869    3.09604      43060          8  0.000e+00
   1509.439     3.6543     3.6537   3.286334   3.286557     2.2242     0.0348     0.0869    7.46431      43061          8  0.000e+00
   1509.576     3.6543     3.6539   3.286340   3.286557     2.3353     0.0348     0.0869    7.94390      43062          8  0.000e+00
   1509.495     3.6543     3.6537   3.286310   3.286557     1.1148     0.0348     0.0869    2.68050      43063          8  0.000e+00
   1509.495     3.6543     3.6541   3.286358   3.286557     2.5589     0.0348     0.0869    8.90804      43064          8  0.000e+00
   1509.576     3.6542     3.6539   3.286340   3.286557     2.0599     0.0348     0.0869    6.75593      43065          8  0.000e+00
