Cruise Data/Irminger_Sea-01_KN-221_2014-09-07/Ship Data/ctd/process/kkn22104001.ros
* Sea-Bird SBE 9 Data File:
* FileName = C:\Data\ctd\KN22104001.hdr
* Software Version Seasave V 7.21k
* Temperature SN = 4195
* Conductivity SN = 2147
* Number of Bytes Per Scan = 40
* Number of Voltage Words = 5
* Number of Scans Averaged by the Deck Unit = 1
* NMEA Latitude = 62 06.42 N
* NMEA Longitude = 031 22.90 W
* NMEA UTC (Time) = Sep 08 2014 11:39:06
** KN221-03 Chief Scientist: Bob Pickart
** OSNAP August 2014
** Station: 001
** Knudsen Depth: 2401
# nquan = 12
# nvalues = 588                                   
# units = specified
# name 0 = prDM: Pressure, Digiquartz [db]
# name 1 = t090C: Temperature [ITS-90, deg C]
# name 2 = t190C: Temperature, 2 [ITS-90, deg C]
# name 3 = c0S/m: Conductivity [S/m]
# name 4 = c1S/m: Conductivity, 2 [S/m]
# name 5 = sbeox0V: Oxygen raw, SBE 43 [V]
# name 6 = flECO-AFL: Fluorescence, WET Labs ECO-AFL/FL [mg/m^3]
# name 7 = CStarAt0: Beam Attenuation, WET Labs C-Star [1/m]
# name 8 = sbeox0ML/L: Oxygen, SBE 43 [ml/l]
# name 9 = scan: Scan Count
# name 10 = nbf: Bottles Fired
# name 11 = flag:  0.000e+00
# interval = seconds: 0.0416667
# start_time = Sep 08 2014 11:39:06 [NMEA time, header]
# bad_flag = -9.990e-29
*END*
   1508.867     3.6549     3.6547   3.286394   3.286621     1.9445     0.0348     0.0869    6.25764      41493          1  0.000e+00
   1508.794     3.6548     3.6547   3.286346   3.286621     1.2934     0.0348     0.0869    3.45047      41494          1  0.000e+00
   1508.802     3.6550     3.6549   3.286340   3.286557     2.7845     0.0348     0.0869    9.87974      41495          1  0.000e+00
   1508.851     3.6549     3.6549   3.286370   3.286589     1.6529     0.0348     0.0858    5.00055      41496          1  0.000e+00
   1508.794     3.6549     3.6547   3.286364   3.286557     1.5825     0.0348     0.0858    4.69689      41497          1  0.000e+00
   1508.931     3.6549     3.6551   3.286352   3.286621     2.7252     0.0348     0.0858    9.62423      41498          1  0.000e+00
   1508.673     3.6548     3.6547   3.286370   3.286614     1.3873     0.0348     0.0858    3.85525      41499          1  0.000e+00
   1508.802     3.6549     3.6549   3.286340   3.286589     1.9074     0.0348     0.0858    6.09784      41500          1  0.000e+00
   1508.851     3.6548     3.6547   3.286364   3.286621     2.5547     0.0470     0.0869    8.88907      41501          1  0.000e+00
   1508.794     3.6549     3.6549   3.286364   3.286621     1.1934     0.0348     0.0858    3.01902      41502          1  0.000e+00
   1508.867     3.6549     3.6549   3.286334   3.286557     2.2681     0.0348     0.0858    7.65330      41503          1  0.000e+00
   1508.794     3.6549     3.6545   3.286340   3.286621     2.3003     0.0348     0.0858    7.79171      41504          1  0.000e+00
   1508.794     3.6548     3.6546   3.286352   3.286621     1.1180     0.0348     0.0858    2.69411      41505          1  0.000e+00
   1508.867     3.6548     3.6547   3.286334   3.286589     2.5992     0.0348     0.0858    9.08089      41506          1  0.000e+00
   1508.794     3.6550     3.6547   3.286322   3.286589     2.0112     0.0348     0.0858    6.54529      41507          1  0.000e+00
   1508.867     3.6551     3.6547   3.286340   3.286589     1.2440     0.0348     0.0858    3.23745      41508          1  0.000e+00
   1508.851     3.6549     3.6547   3.286352   3.286589     2.7759     0.0348     0.0858    9.84255      41509          1  0.000e+00
   1508.851     3.6549     3.6547   3.286352   3.286589     1.7172     0.0348     0.0858    5.27758      41510          1  0.000e+00
   1508.867     3.6551     3.6547   3.286352   3.286589     1.5121     0.0348     0.0869    4.39335      41511          1  0.000e+00
   1508.851     3.6549     3.6548   3.286370   3.286621     2.7450     0.0470     0.0869    9.70938      41512          1  0.000e+00
   1508.867     3.6552     3.6549   3.286400   3.286621     1.4367     0.0348     0.0869    4.06840      41513          1  0.000e+00
   1508.851     3.6554     3.6545   3.286412   3.286621     1.8580     0.0348     0.0869    5.88474      41514          1  0.000e+00
   1508.915     3.6553     3.6545   3.286431   3.286621     2.5770     0.0348     0.0858    8.98493      41515          1  0.000e+00
   1508.867     3.6553     3.6549   3.286443   3.286557     1.2131     0.0348     0.0858    3.10426      41516          1  0.000e+00
   1508.915     3.6551     3.6549   3.286376   3.286589     2.2298     0.0470     0.0869    7.48820      41517          1  0.000e+00
   1508.867     3.6553     3.6548   3.286394   3.286621     2.3225     0.0470     0.0869    7.88761      41518          1  0.000e+00
   1508.915     3.6550     3.6547   3.286394   3.286621     1.1180     0.0470     0.0858    2.69416      41519          1  0.000e+00
   1508.915     3.6553     3.6550   3.286382   3.286589     2.5770     0.0470     0.0858    8.98497      41520          1  0.000e+00
   1508.932     3.6553     3.6547   3.286382   3.286589     2.0310     0.0470     0.0858    6.63059      41521          1  0.000e+00
   1508.915     3.6554     3.6547   3.286340   3.286621     1.2329     0.0470     0.0869    3.18953      41522          1  0.000e+00
   1508.988     3.6553     3.6545   3.286364   3.286621     2.7722     0.0470     0.0858    9.82671      41523          1  0.000e+00
   1508.980     3.6551     3.6545   3.286382   3.286589     1.7345     0.0470     0.0858    5.35224      41524          1  0.000e+00
   1508.980     3.6552     3.6545   3.286382   3.286589     1.4911     0.0470     0.0858    4.30286      41525          1  0.000e+00
   1508.988     3.6551     3.6547   3.286400   3.286557     2.7536     0.0470     0.0858    9.74681      41526          1  0.000e+00
   1508.980     3.6553     3.6544   3.286412   3.286589     1.4553     0.0470     0.0858    4.14837      41527          1  0.000e+00
   1508.980     3.6551     3.6549   3.286412   3.286653     1.8321     0.0470     0.0858    5.77305      41528          1  0.000e+00
   1508.988     3.6551     3.6545   3.286394   3.286589     2.5906     0.0470     0.0858    9.04369      41529          1  0.000e+00
   1509.037     3.6553     3.6547   3.286400   3.286621     1.2243     0.0470     0.0858    3.15230      41530          1  0.000e+00
   1508.988     3.6552     3.6547   3.286412   3.286589     2.2051     0.0470     0.0858    7.38172      41531          1  0.000e+00
   1509.037     3.6553     3.6546   3.286412   3.286621     2.3423     0.0470     0.0858    7.97303      41532          1  0.000e+00
   1509.037     3.6551     3.6547   3.286394   3.286589     1.1168     0.0470     0.0869    2.68889      41533          1  0.000e+00
   1509.053     3.6554     3.6544   3.286400   3.286621     2.5572     0.0470     0.0869    8.89989      41534          1  0.000e+00
   1509.101     3.6553     3.6547   3.286412   3.286589     2.0557     0.0470     0.0869    6.73728      41535          1  0.000e+00
   1509.053     3.6556     3.6547   3.286394   3.286589     1.2156     0.0470     0.0869    3.11501      41536          1  0.000e+00
   1509.037     3.6552     3.6545   3.286382   3.286589     2.7648     0.0470     0.0869    9.79484      41537          1  0.000e+00
   1509.101     3.6553     3.6545   3.286382   3.286621     1.7592     0.0470     0.0858    5.45886      41538          1  0.000e+00
   1509.053     3.6551     3.6545   3.286382   3.286589     1.4676     0.0470     0.0858    4.20171      41539          1  0.000e+00
   1509.101     3.6551     3.6547   3.286364   3.286621     2.7623     0.0470     0.0858    9.78430      41540          1  0.000e+00
   1509.109     3.6548     3.6547   3.286370   3.286621     1.4775     0.0470     0.0858    4.24439      41541          1  0.000e+00
   1509.774     3.6548     3.6541   3.286395   3.286621     2.3967     0.0348     0.0858    8.20870      41789          2  0.000e+00
   1509.726     3.6548     3.6544   3.286382   3.286621     2.1978     0.0348     0.0869    7.35095      41790          2  0.000e+00
   1509.838     3.6548     3.6541   3.286382   3.286557     1.1441     0.0348     0.0869    2.80675      41791          2  0.000e+00
   1509.718     3.6549     3.6542   3.286401   3.286615     2.6907     0.0348     0.0869    9.47651      41792          2  0.000e+00
   1509.726     3.6547     3.6545   3.286394   3.286589     1.9050     0.0348     0.0869    6.08837      41793          2  0.000e+00
   1509.959     3.6549     3.6543   3.286382   3.286589     1.3294     0.0348     0.0869    3.60591      41794          2  0.000e+00
   1509.653     3.6548     3.6541   3.286401   3.286653     2.7859     0.0348     0.0869    9.88665      41795          2  0.000e+00
   1509.790     3.6548     3.6542   3.286395   3.286621     1.6110     0.0348     0.0869    4.82048      41796          2  0.000e+00
   1509.774     3.6549     3.6544   3.286401   3.286589     1.6320     0.0348     0.0869    4.91102      41797          2  0.000e+00
   1509.774     3.6549     3.6544   3.286413   3.286589     2.6969     0.0348     0.0858    9.50321      41798          2  0.000e+00
   1509.790     3.6548     3.6541   3.286395   3.286589     1.3467     0.0348     0.0858    3.68042      41799          2  0.000e+00
   1509.774     3.6548     3.6544   3.286382   3.286589     1.9965     0.0348     0.0858    6.48263      41800          2  0.000e+00
   1509.790     3.6549     3.6543   3.286401   3.286621     2.4881     0.0348     0.0858    8.60291      41801          2  0.000e+00
   1509.718     3.6548     3.6542   3.286370   3.286615     1.1564     0.0348     0.0858    2.85999      41802          2  0.000e+00
   1509.774     3.6548     3.6544   3.286370   3.286621     2.3720     0.0348     0.0869    8.10217      41803          2  0.000e+00
   1509.790     3.6548     3.6544   3.286382   3.286557     2.2164     0.0348     0.0869    7.43093      41804          2  0.000e+00
   1509.718     3.6548     3.6542   3.286382   3.286621     1.1366     0.0348     0.0869    2.77475      41805          2  0.000e+00
   1509.774     3.6549     3.6545   3.286382   3.286621     2.6772     0.0348     0.0869    9.41801      41806          2  0.000e+00
   1509.726     3.6551     3.6542   3.286401   3.286589     1.9211     0.0348     0.0869    6.15759      41807          2  0.000e+00
   1509.718     3.6549     3.6545   3.286413   3.286557     1.3121     0.0348     0.0869    3.53122      41808          2  0.000e+00
   1509.726     3.6551     3.6545   3.286394   3.286589     2.7871     0.0348     0.0880    9.89204      41809          2  0.000e+00
   1509.718     3.6553     3.6544   3.286401   3.286621     1.6308     0.0348     0.0880    4.90565      41810          2  0.000e+00
   1509.653     3.6552     3.6544   3.286413   3.286615     1.6073     0.0348     0.0869    4.80440      41811          2  0.000e+00
   1509.726     3.6549     3.6545   3.286413   3.286589     2.7093     0.0348     0.0869    9.55644      41812          2  0.000e+00
   1509.653     3.6553     3.6544   3.286413   3.286653     1.3664     0.0348     0.0869    3.76558      41813          2  0.000e+00
   1509.718     3.6551     3.6545   3.286413   3.286621     1.9668     0.0348     0.0869    6.35470      41814          2  0.000e+00
   1509.670     3.6549     3.6545   3.286370   3.286621     2.5079     0.0348     0.0880    8.68806      41815          2  0.000e+00
   1509.653     3.6551     3.6547   3.286370   3.286589     1.1651     0.0348     0.0880    2.89727      41816          2  0.000e+00
   1509.670     3.6552     3.6547   3.286382   3.286621     2.3399     0.0348     0.0880    7.96351      41817          2  0.000e+00
   1509.589     3.6553     3.6547   3.286364   3.286621     2.2472     0.0470     0.0869    7.56388      41818          2  0.000e+00
   1509.589     3.6553     3.6547   3.286352   3.286621     1.1255     0.0348     0.0869    2.72677      41819          2  0.000e+00
   1509.605     3.6551     3.6549   3.286394   3.286615     2.6487     0.0348     0.0869    9.29525      41820          2  0.000e+00
   1509.589     3.6554     3.6548   3.286394   3.286621     1.9569     0.0348     0.0869    6.31195      41821          2  0.000e+00
   1509.589     3.6551     3.6547   3.286400   3.286653     1.2824     0.0348     0.0869    3.40333      41822          2  0.000e+00
   1509.549     3.6553     3.6550   3.286431   3.286653     2.7846     0.0348     0.0869    9.88110      41823          2  0.000e+00
   1509.589     3.6554     3.6545   3.286400   3.286589     1.6679     0.0348     0.0869    5.06539      41824          2  0.000e+00
   1509.484     3.6554     3.6547   3.286400   3.286589     1.5653     0.0348     0.0869    4.62317      41825          2  0.000e+00
   1509.533     3.6553     3.6547   3.286413   3.286653     2.7278     0.0348     0.0869    9.63606      41826          2  0.000e+00
   1509.533     3.6553     3.6547   3.286413   3.286653     1.3986     0.0348     0.0880    3.90405      41827          2  0.000e+00
   1509.420     3.6551     3.6548   3.286413   3.286589     1.9162     0.0348     0.0880    6.13605      41828          2  0.000e+00
   1509.468     3.6553     3.6550   3.286413   3.286615     2.5450     0.0348     0.0880    8.84756      41829          2  0.000e+00
   1509.484     3.6551     3.6549   3.286394   3.286621     1.1873     0.0348     0.0869    2.99311      41830          2  0.000e+00
   1509.468     3.6551     3.6549   3.286364   3.286621     2.2806     0.0348     0.0869    7.70762      41831          2  0.000e+00
   1509.412     3.6551     3.6547   3.286419   3.286621     2.2880     0.0348     0.0869    7.73950      41832          2  0.000e+00
   1509.420     3.6551     3.6549   3.286400   3.286621     1.1181     0.0348     0.0869    2.69477      41833          2  0.000e+00
   1509.347     3.6551     3.6547   3.286400   3.286653     2.6117     0.0226     0.0869    9.13512      41834          2  0.000e+00
   1509.412     3.6550     3.6546   3.286394   3.286589     1.9989     0.0226     0.0880    6.49299      41835          2  0.000e+00
   1509.299     3.6553     3.6547   3.286382   3.286589     1.2503     0.0226     0.0880    3.26471      41836          2  0.000e+00
   1509.347     3.6551     3.6545   3.286382   3.286653     2.7785     0.0226     0.0880    9.85429      41837          2  0.000e+00
   1509.351     3.6549     3.6550   3.286394   3.286589     1.9199     0.0226     0.0869    6.15230      42079          3  0.000e+00
   1509.351     3.6548     3.6547   3.286382   3.286621     1.3121     0.0226     0.0869    3.53140      42080          3  0.000e+00
   1509.367     3.6546     3.6547   3.286364   3.286589     2.7884     0.0226     0.0869    9.89733      42081          3  0.000e+00
   1509.351     3.6546     3.6545   3.286352   3.286621     1.6333     0.0226     0.0869    4.91648      42082          3  0.000e+00
   1509.416     3.6545     3.6544   3.286334   3.286621     1.6012     0.0226     0.0869    4.77804      42083          3  0.000e+00
   1509.368     3.6543     3.6547   3.286340   3.286621     2.7118     0.0226     0.0880    9.56713      42084          3  0.000e+00
   1509.351     3.6543     3.6547   3.286334   3.286589     1.3714     0.0226     0.0890    3.78716      42085          3  0.000e+00
   1509.424     3.6545     3.6545   3.286322   3.286589     1.9496     0.0226     0.0890    6.28031      42086          3  0.000e+00
   1509.416     3.6543     3.6544   3.286340   3.286589     2.5203     0.0226     0.0880    8.74149      42087          3  0.000e+00
   1509.351     3.6543     3.6544   3.286352   3.286589     1.1738     0.0226     0.0890    2.93482      42088          3  0.000e+00
   1509.424     3.6543     3.6545   3.286334   3.286589     2.3190     0.0226     0.0890    7.87317      42089          3  0.000e+00
   1509.416     3.6546     3.6542   3.286322   3.286589     2.2609     0.0226     0.0869    7.62275      42090          3  0.000e+00
   1509.416     3.6544     3.6544   3.286322   3.286589     1.1244     0.0226     0.0869    2.72177      42091          3  0.000e+00
   1509.424     3.6545     3.6544   3.286364   3.286621     2.6389     0.0226     0.0869    9.25287      42092          3  0.000e+00
   1509.416     3.6542     3.6547   3.286382   3.286589     1.9669     0.0226     0.0869    6.35492      42093          3  0.000e+00
   1509.424     3.6545     3.6545   3.286316   3.286589     1.2739     0.0226     0.0869    3.36636      42094          3  0.000e+00
   1509.416     3.6546     3.6545   3.286334   3.286557     2.7847     0.0226     0.0869    9.88146      42095          3  0.000e+00
   1509.473     3.6545     3.6546   3.286352   3.286557     1.6766     0.0226     0.0869    5.10305      42096          3  0.000e+00
   1509.368     3.6544     3.6545   3.286334   3.286557     1.5543     0.0226     0.0869    4.57561      42097          3  0.000e+00
   1509.473     3.6546     3.6547   3.286322   3.286621     2.7316     0.0226     0.0869    9.65248      42098          3  0.000e+00
   1509.368     3.6543     3.6544   3.286322   3.286589     1.4060     0.0226     0.0869    3.93636      42099          3  0.000e+00
   1509.473     3.6545     3.6545   3.286322   3.286621     1.9027     0.0470     0.0869    6.07795      42100          3  0.000e+00
