Cruise Data/Irminger_Sea-01_KN-221_2014-09-07/Ship Data/ctd/process/kkn22104005.ros
* Sea-Bird SBE 9 Data File:
* FileName = C:\Data\ctd\KN22104005.hdr
* Software Version Seasave V 7.21k
* Temperature SN = 4195
* Conductivity SN = 2147
* Number of Bytes Per Scan = 40
* Number of Voltage Words = 5
* Number of Scans Averaged by the Deck Unit = 1
* NMEA Latitude = 59 55.45 N
* NMEA Longitude = 039 30.56 W
* NMEA UTC (Time) = Sep 11 2014 22:48:32
** KN221-04 Chief Scientist: Bob Weller
** OOI Irminger Sea Sept. 2014
** Station: 005
** Knudsen Depth: 2715
# nquan = 12
# nvalues = 588                                   
# units = specified
# name 0 = prDM: Pressure, Digiquartz [db]
# name 1 = t090C: Temperature [ITS-90, deg C]
# name 2 = t190C: Temperature, 2 [ITS-90, deg C]
# name 3 = c0S/m: Conductivity [S/m]
# name 4 = c1S/m: Conductivity, 2 [S/m]
# name 5 = sbeox0V: Oxygen raw, SBE 43 [V]
# name 6 = flECO-AFL: Fluorescence, WET Labs ECO-AFL/FL [mg/m^3]
# name 7 = CStarAt0: Beam Attenuation, WET Labs C-Star [1/m]
# name 8 = sbeox0ML/L: Oxygen, SBE 43 [ml/l]
# name 9 = scan: Scan Count
# name 10 = nbf: Bottles Fired
# name 11 = flag:  0.000e+00
# interval = seconds: 0.0416667
# start_time = Sep 11 2014 22:48:32 [NMEA time, header]
# bad_flag = -9.990e-29
*END*
[from data line 121]
    499.558     3.9129     3.9102   3.261015   3.260937     1.9446     0.0348     0.0814    5.05701      68526          3  0.000e+00
    499.558     3.9128     3.9108   3.260991   3.260968     1.9458     0.0226     0.0814    5.06131      68527          3  0.000e+00
    499.613     3.9128     3.9113   3.261027   3.261083     1.9458     0.0226     0.0803    5.06133      68528          3  0.000e+00
    499.613     3.9133     3.9113   3.261057   3.261146     1.9446     0.0226     0.0803    5.05698      68529          3  0.000e+00
    499.677     3.9140     3.9118   3.261082   3.261146     1.9446     0.0226     0.0814    5.05695      68530          3  0.000e+00
    499.613     3.9140     3.9116   3.261124   3.261121     1.9458     0.0226     0.0814    5.06117      68531          3  0.000e+00
    499.558     3.9142     3.9118   3.261130   3.261114     1.9458     0.0348     0.0814    5.06111      68532          3  0.000e+00
    499.835     3.9145     3.9122   3.261160   3.261210     1.9458     0.0226     0.0814    5.06125      68533          3  0.000e+00
    499.732     3.9143     3.9126   3.261178   3.261178     1.9446     0.0226     0.0814    5.05691      68534          3  0.000e+00
    499.677     3.9145     3.9129   3.261190   3.261241     1.9446     0.0348     0.0814    5.05685      68535          3  0.000e+00
    499.733     3.9148     3.9134   3.261166   3.261292     1.9446     0.0348     0.0814    5.05687      68536          3  0.000e+00
    499.796     3.9146     3.9131   3.261154   3.261241     1.9458     0.0348     0.0814    5.06121      68537          3  0.000e+00
    499.733     3.9146     3.9126   3.261160   3.261299     1.9458     0.0348     0.0814    5.06117      68538          3  0.000e+00
    499.733     3.9148     3.9124   3.261196   3.261267     1.9446     0.0348     0.0814    5.05686      68539          3  0.000e+00
    499.796     3.9148     3.9126   3.261172   3.261172     1.9446     0.0348     0.0803    5.05691      68540          3  0.000e+00
    499.796     3.9145     3.9126   3.261172   3.261178     1.9446     0.0348     0.0803    5.05694      68541          3  0.000e+00
    499.796     3.9146     3.9131   3.261172   3.261178     1.9458     0.0348     0.0814    5.06120      68542          3  0.000e+00
    499.796     3.9145     3.9129   3.261160   3.261241     1.9446     0.0348     0.0814    5.05694      68543          3  0.000e+00
    499.852     3.9143     3.9132   3.261136   3.261292     1.9446     0.0348     0.0814    5.05701      68544          3  0.000e+00
    499.733     3.9143     3.9135   3.261154   3.261330     1.9446     0.0348     0.0803    5.05692      68545          3  0.000e+00
    499.852     3.9140     3.9140   3.261112   3.261362     1.9446     0.0348     0.0803    5.05705      68546          3  0.000e+00
    499.796     3.9137     3.9139   3.261076   3.261330     1.9458     0.0348     0.0814    5.06133      68547          3  0.000e+00
    499.852     3.9127     3.9139   3.261009   3.261324     1.9470     0.0348     0.0814    5.06578      68548          3  0.000e+00
    499.852     3.9129     3.9142   3.260979   3.261387     1.9446     0.0348     0.0814    5.05721      68549          3  0.000e+00
    499.796     3.9121     3.9140   3.260991   3.261362     1.9458     0.0348     0.0825    5.06152      68550          3  0.000e+00
    499.852     3.9122     3.9140   3.260961   3.261362     1.9446     0.0348     0.0814    5.05728      68551          3  0.000e+00
    103.236     5.0128     5.0117   3.346362   3.346487     2.0165     0.0470     0.0912    4.89708      79886          4  0.000e+00
    103.236     5.0133     5.0117   3.346392   3.346519     2.0177     0.0470     0.0912    4.90097      79887          4  0.000e+00
    103.299     5.0133     5.0117   3.346422   3.346526     2.0165     0.0470     0.0912    4.89706      79888          4  0.000e+00
    103.236     5.0135     5.0117   3.346386   3.346519     2.0165     0.0470     0.0912    4.89701      79889          4  0.000e+00
    103.299     5.0133     5.0117   3.346392   3.346493     2.0165     0.0470     0.0912    4.89707      79890          4  0.000e+00
    103.236     5.0130     5.0117   3.346355   3.346487     2.0165     0.0470     0.0912    4.89707      79891          4  0.000e+00
    103.331     5.0129     5.0115   3.346337   3.346461     2.0165     0.0470     0.0923    4.89715      79892          4  0.000e+00
    103.299     5.0126     5.0113   3.346343   3.346487     2.0165     0.0470     0.0923    4.89714      79893          4  0.000e+00
    103.236     5.0128     5.0115   3.346319   3.346487     2.0165     0.0470     0.0923    4.89710      79894          4  0.000e+00
    103.354     5.0123     5.0116   3.346313   3.346429     2.0165     0.0470     0.0923    4.89722      79895          4  0.000e+00
    103.299     5.0123     5.0117   3.346331   3.346519     2.0165     0.0470     0.0923    4.89717      79896          4  0.000e+00
    103.354     5.0126     5.0115   3.346319   3.346461     2.0165     0.0470     0.0923    4.89719      79897          4  0.000e+00
    103.299     5.0123     5.0117   3.346331   3.346455     2.0165     0.0348     0.0912    4.89717      79898          4  0.000e+00
    103.299     5.0126     5.0118   3.346301   3.346493     2.0165     0.0348     0.0912    4.89716      79899          4  0.000e+00
    103.331     5.0126     5.0117   3.346282   3.346487     2.0165     0.0348     0.0912    4.89718      79900          4  0.000e+00
    103.354     5.0126     5.0120   3.346301   3.346487     2.0165     0.0348     0.0912    4.89719      79901          4  0.000e+00
    103.299     5.0125     5.0124   3.346331   3.346526     2.0165     0.0348     0.0912    4.89716      79902          4  0.000e+00
    103.299     5.0124     5.0122   3.346319   3.346487     2.0165     0.0348     0.0912    4.89717      79903          4  0.000e+00
    103.355     5.0125     5.0123   3.346331   3.346558     2.0165     0.0348     0.0912    4.89719      79904          4  0.000e+00
    103.299     5.0125     5.0125   3.346325   3.346545     2.0165     0.0348     0.0912    4.89716      79905          4  0.000e+00
    103.299     5.0126     5.0124   3.346313   3.346583     2.0165     0.0348     0.0923    4.89715      79906          4  0.000e+00
    103.331     5.0125     5.0125   3.346307   3.346577     2.0165     0.0348     0.0923    4.89718      79907          4  0.000e+00
    103.355     5.0125     5.0122   3.346288   3.346577     2.0165     0.0348     0.0912    4.89721      79908          4  0.000e+00
    103.300     5.0125     5.0124   3.346325   3.346558     2.0165     0.0348     0.0912    4.89716      79909          4  0.000e+00
    103.300     5.0126     5.0122   3.346343   3.346545     2.0165     0.0348     0.0912    4.89713      79910          4  0.000e+00
    103.300     5.0125     5.0123   3.346319   3.346558     2.0165     0.0348     0.0912    4.89716      79911          4  0.000e+00
    103.300     5.0126     5.0126   3.346331   3.346519     2.0165     0.0348     0.0912    4.89714      79912          4  0.000e+00
    103.237     5.0125     5.0133   3.346362   3.346615     2.0165     0.0348     0.0912    4.89710      79913          4  0.000e+00
    103.300     5.0128     5.0134   3.346392   3.346577     2.0165     0.0348     0.0912    4.89710      79914          4  0.000e+00
    103.268     5.0127     5.0133   3.346380   3.346673     2.0165     0.0348     0.0912    4.89709      79915          4  0.000e+00
    103.237     5.0130     5.0133   3.346416   3.346679     2.0165     0.0348     0.0912    4.89703      79916          4  0.000e+00
    103.237     5.0130     5.0138   3.346435   3.346641     2.0165     0.0348     0.0912    4.89703      79917          4  0.000e+00
    103.237     5.0133     5.0141   3.346410   3.346647     2.0165     0.0348     0.0912    4.89701      79918          4  0.000e+00
    103.182     5.0136     5.0141   3.346489   3.346699     2.0165     0.0348     0.0912    4.89691      79919          4  0.000e+00
    103.237     5.0136     5.0146   3.346526   3.346737     2.0165     0.0348     0.0912    4.89693      79920          4  0.000e+00
    103.182     5.0147     5.0147   3.346520   3.346699     2.0165     0.0348     0.0912    4.89680      79921          4  0.000e+00
    103.213     5.0155     5.0146   3.346563   3.346731     2.0165     0.0470     0.0912    4.89672      79922          4  0.000e+00
    103.182     5.0167     5.0150   3.346672   3.346705     2.0165     0.0348     0.0912    4.89656      79923          4  0.000e+00
    103.127     5.0170     5.0162   3.346727   3.346763     2.0165     0.0348     0.0912    4.89647      79924          4  0.000e+00
    103.182     5.0175     5.0170   3.346739   3.346801     2.0165     0.0348     0.0912    4.89646      79925          4  0.000e+00
    103.182     5.0178     5.0181   3.346733   3.346948     2.0165     0.0470     0.0912    4.89643      79926          4  0.000e+00
    103.064     5.0176     5.0193   3.346751   3.347013     2.0165     0.0470     0.0912    4.89636      79927          4  0.000e+00
    103.127     5.0175     5.0201   3.346757   3.347102     2.0165     0.0348     0.0912    4.89641      79928          4  0.000e+00
    103.095     5.0173     5.0207   3.346745   3.347198     2.0165     0.0348     0.0912    4.89641      79929          4  0.000e+00
    103.127     5.0168     5.0209   3.346739   3.347256     2.0177     0.0348     0.0912    4.90042      79930          4  0.000e+00
    103.064     5.0168     5.0209   3.346800   3.347288     2.0165     0.0348     0.0912    4.89641      79931          4  0.000e+00
    103.064     5.0176     5.0207   3.346800   3.347288     2.0165     0.0348     0.0912    4.89634      79932          4  0.000e+00
    103.009     5.0176     5.0210   3.346812   3.347346     2.0165     0.0348     0.0923    4.89630      79933          4  0.000e+00
    103.064     5.0179     5.0213   3.346824   3.347352     2.0165     0.0348     0.0923    4.89630      79934          4  0.000e+00
    103.221     5.0187     5.0223   3.346952   3.347474     2.0164     0.0470     0.0934    4.89607      80335          5  0.000e+00
    103.245     5.0194     5.0223   3.346995   3.347532     2.0176     0.0470     0.0923    4.89995      80336          5  0.000e+00
    103.245     5.0195     5.0228   3.347007   3.347506     2.0176     0.0470     0.0923    4.89993      80337          5  0.000e+00
    103.245     5.0194     5.0228   3.347007   3.347468     2.0176     0.0470     0.0923    4.89994      80338          5  0.000e+00
    103.308     5.0195     5.0228   3.347001   3.347532     2.0164     0.0470     0.0923    4.89603      80339          5  0.000e+00
    103.072     5.0194     5.0229   3.346958   3.347532     2.0164     0.0470     0.0912    4.89591      80340          5  0.000e+00
    103.245     5.0195     5.0233   3.347013   3.347564     2.0164     0.0470     0.0912    4.89599      80341          5  0.000e+00
    103.158     5.0198     5.0231   3.346995   3.347532     2.0164     0.0470     0.0912    4.89591      80342          5  0.000e+00
    103.245     5.0204     5.0229   3.347013   3.347564     2.0176     0.0470     0.0912    4.89985      80343          5  0.000e+00
    103.135     5.0205     5.0231   3.347031   3.347532     2.0164     0.0470     0.0912    4.89582      80344          5  0.000e+00
    103.245     5.0202     5.0231   3.347056   3.347500     2.0164     0.0470     0.0912    4.89591      80345          5  0.000e+00
    103.135     5.0204     5.0229   3.347086   3.347596     2.0176     0.0470     0.0912    4.89975      80346          5  0.000e+00
    103.135     5.0207     5.0231   3.347098   3.347564     2.0176     0.0470     0.0912    4.89971      80347          5  0.000e+00
    103.135     5.0207     5.0228   3.347098   3.347564     2.0176     0.0470     0.0912    4.89971      80348          5  0.000e+00
    103.158     5.0208     5.0229   3.347117   3.347532     2.0164     0.0470     0.0912    4.89577      80349          5  0.000e+00
    103.135     5.0210     5.0229   3.347165   3.347564     2.0164     0.0470     0.0912    4.89572      80350          5  0.000e+00
    103.135     5.0213     5.0229   3.347147   3.347506     2.0164     0.0470     0.0912    4.89570      80351          5  0.000e+00
    103.072     5.0211     5.0235   3.347147   3.347564     2.0176     0.0470     0.0912    4.89961      80352          5  0.000e+00
    103.135     5.0213     5.0231   3.347135   3.347532     2.0176     0.0470     0.0912    4.89964      80353          5  0.000e+00
    103.135     5.0211     5.0233   3.347147   3.347532     2.0164     0.0470     0.0912    4.89571      80354          5  0.000e+00
    103.017     5.0211     5.0233   3.347178   3.347532     2.0164     0.0470     0.0912    4.89562      80355          5  0.000e+00
    103.103     5.0214     5.0231   3.347147   3.347564     2.0176     0.0470     0.0912    4.89960      80356          5  0.000e+00
    103.072     5.0216     5.0229   3.347172   3.347532     2.0176     0.0470     0.0912    4.89955      80357          5  0.000e+00
    103.017     5.0213     5.0231   3.347165   3.347500     2.0176     0.0470     0.0912    4.89954      80358          5  0.000e+00
    103.072     5.0211     5.0231   3.347178   3.347532     2.0164     0.0348     0.0912    4.89566      80359          5  0.000e+00
    103.017     5.0213     5.0233   3.347172   3.347564     2.0176     0.0348     0.0912    4.89954      80360          5  0.000e+00
    102.954     5.0216     5.0229   3.347159   3.347532     2.0176     0.0348     0.0912    4.89947      80361          5  0.000e+00
    103.017     5.0218     5.0229   3.347178   3.347532     2.0176     0.0348     0.0912    4.89949      80362          5  0.000e+00
    102.985     5.0218     5.0229   3.347226   3.347500     2.0176     0.0348     0.0912    4.89945      80363          5  0.000e+00
    103.017     5.0224     5.0228   3.347269   3.347564     2.0176     0.0470     0.0912    4.89940      80364          5  0.000e+00
    102.954     5.0224     5.0226   3.347263   3.347500     2.0176     0.0348     0.0912    4.89936      80365          5  0.000e+00
    102.899     5.0226     5.0226   3.347251   3.347532     2.0176     0.0348     0.0912    4.89932      80366          5  0.000e+00
    102.954     5.0226     5.0226   3.347269   3.347500     2.0176     0.0348     0.0912    4.89934      80367          5  0.000e+00
    102.899     5.0229     5.0226   3.347281   3.347506     2.0164     0.0348     0.0912    4.89533      80368          5  0.000e+00
    102.954     5.0229     5.0226   3.347275   3.347500     2.0164     0.0348     0.0912    4.89537      80369          5  0.000e+00
    102.867     5.0229     5.0228   3.347299   3.347532     2.0164     0.0348     0.0912    4.89531      80370          5  0.000e+00
    102.899     5.0231     5.0228   3.347287   3.347500     2.0164     0.0348     0.0912    4.89532      80371          5  0.000e+00
    102.836     5.0232     5.0226   3.347299   3.347532     2.0164     0.0348     0.0912    4.89526      80372          5  0.000e+00
    102.899     5.0232     5.0229   3.347312   3.347506     2.0164     0.0348     0.0912    4.89529      80373          5  0.000e+00
    102.836     5.0232     5.0226   3.347305   3.347532     2.0164     0.0348     0.0912    4.89525      80374          5  0.000e+00
    102.836     5.0231     5.0229   3.347312   3.347532     2.0176     0.0348     0.0912    4.89920      80375          5  0.000e+00
    102.781     5.0231     5.0226   3.347312   3.347532     2.0176     0.0348     0.0912    4.89916      80376          5  0.000e+00
    102.812     5.0231     5.0228   3.347305   3.347506     2.0176     0.0348     0.0912    4.89919      80377          5  0.000e+00
    102.781     5.0232     5.0229   3.347293   3.347500     2.0164     0.0470     0.0912    4.89522      80378          5  0.000e+00
