Cruise Data/Irminger_Sea-01_KN-221_2014-09-07/Ship Data/ctd/process/kkn22104009.ros
* Sea-Bird SBE 9 Data File:
* FileName = C:\Data\ctd\KN22104009.hdr
* Software Version Seasave V 7.21k
* Temperature SN = 4195
* Conductivity SN = 2147
* Number of Bytes Per Scan = 40
* Number of Voltage Words = 5
* Number of Scans Averaged by the Deck Unit = 1
* NMEA Latitude = 59 46.27 N
* NMEA Longitude = 039 38.47 W
* NMEA UTC (Time) = Sep 17 2014 13:48:49
** KN221-04 Chief Scientist: Bob Weller
** OOI Irminger Sea Sept. 2014
** Station: 009
** Knudsen Depth: 2758
# nquan = 12
# nvalues = 588                                   
# units = specified
# name 0 = prDM: Pressure, Digiquartz [db]
# name 1 = t090C: Temperature [ITS-90, deg C]
# name 2 = t190C: Temperature, 2 [ITS-90, deg C]
# name 3 = c0S/m: Conductivity [S/m]
# name 4 = c1S/m: Conductivity, 2 [S/m]
# name 5 = sbeox0V: Oxygen raw, SBE 43 [V]
# name 6 = flECO-AFL: Fluorescence, WET Labs ECO-AFL/FL [mg/m^3]
# name 7 = CStarAt0: Beam Attenuation, WET Labs C-Star [1/m]
# name 8 = sbeox0ML/L: Oxygen, SBE 43 [ml/l]
# name 9 = scan: Scan Count
# name 10 = nbf: Bottles Fired
# name 11 = flag:  0.000e+00
# interval = seconds: 0.0416667
# start_time = Sep 17 2014 13:48:49 [NMEA time, header]
# bad_flag = -9.990e-29
*END*
[from data line 241]
    404.341     3.9160     3.9147   3.256898   3.257023     1.9670     0.0348     0.0781    5.07174      47666          5  0.000e+00
    404.333     3.9156     3.9145   3.256880   3.256966     1.9670     0.0348     0.0781    5.07179      47667          5  0.000e+00
    404.405     3.9151     3.9148   3.256819   3.256966     1.9670     0.0348     0.0770    5.07191      47668          5  0.000e+00
    404.341     3.9151     3.9147   3.256795   3.256992     1.9670     0.0348     0.0770    5.07187      47669          5  0.000e+00
    403.458     3.9189     3.9177   3.257163   3.257296     1.9670     0.0348     0.0770    5.07073      47858          6  0.000e+00
    403.402     3.9191     3.9180   3.257181   3.257207     1.9670     0.0470     0.0781    5.07067      47859          6  0.000e+00
    403.521     3.9191     3.9179   3.257163   3.257232     1.9670     0.0348     0.0781    5.07076      47860          6  0.000e+00
    403.458     3.9191     3.9182   3.257150   3.257232     1.9670     0.0348     0.0781    5.07072      47861          6  0.000e+00
    403.458     3.9188     3.9183   3.257132   3.257264     1.9670     0.0348     0.0781    5.07076      47862          6  0.000e+00
    403.458     3.9189     3.9183   3.257163   3.257264     1.9657     0.0348     0.0781    5.06651      47863          6  0.000e+00
    403.577     3.9189     3.9183   3.257181   3.257277     1.9670     0.0348     0.0781    5.07081      47864          6  0.000e+00
    403.521     3.9191     3.9180   3.257163   3.257264     1.9670     0.0348     0.0781    5.07076      47865          6  0.000e+00
    403.521     3.9189     3.9183   3.257108   3.257264     1.9682     0.0470     0.0781    5.07502      47866          6  0.000e+00
    403.521     3.9191     3.9182   3.257108   3.257232     1.9670     0.0348     0.0770    5.07078      47867          6  0.000e+00
    403.458     3.9191     3.9183   3.257120   3.257264     1.9670     0.0348     0.0770    5.07073      47868          6  0.000e+00
    403.577     3.9188     3.9183   3.257138   3.257264     1.9670     0.0348     0.0770    5.07084      47869          6  0.000e+00
    403.577     3.9188     3.9183   3.257132   3.257296     1.9670     0.0348     0.0770    5.07084      47870          6  0.000e+00
    403.577     3.9188     3.9185   3.257126   3.257277     1.9670     0.0348     0.0770    5.07084      47871          6  0.000e+00
    403.569     3.9188     3.9185   3.257102   3.257264     1.9670     0.0348     0.0770    5.07085      47872          6  0.000e+00
    403.577     3.9185     3.9183   3.257132   3.257296     1.9670     0.0348     0.0770    5.07087      47873          6  0.000e+00
    403.577     3.9186     3.9183   3.257108   3.257264     1.9670     0.0348     0.0770    5.07087      47874          6  0.000e+00
    403.577     3.9186     3.9187   3.257132   3.257296     1.9670     0.0348     0.0770    5.07086      47875          6  0.000e+00
    403.577     3.9188     3.9182   3.257114   3.257264     1.9670     0.0348     0.0760    5.07085      47876          6  0.000e+00
    403.577     3.9186     3.9183   3.257096   3.257296     1.9670     0.0348     0.0760    5.07087      47877          6  0.000e+00
    403.640     3.9186     3.9180   3.257108   3.257308     1.9670     0.0348     0.0760    5.07091      47878          6  0.000e+00
    403.640     3.9186     3.9180   3.257120   3.257264     1.9670     0.0348     0.0760    5.07090      47879          6  0.000e+00
    403.577     3.9186     3.9180   3.257102   3.257207     1.9670     0.0470     0.0770    5.07087      47880          6  0.000e+00
    403.640     3.9186     3.9179   3.257090   3.257264     1.9670     0.0470     0.0770    5.07092      47881          6  0.000e+00
    403.577     3.9183     3.9182   3.257096   3.257264     1.9657     0.0470     0.0760    5.06668      47882          6  0.000e+00
    403.640     3.9185     3.9179   3.257072   3.257264     1.9670     0.0470     0.0770    5.07094      47883          6  0.000e+00
    403.640     3.9186     3.9180   3.257102   3.257245     1.9670     0.0470     0.0760    5.07091      47884          6  0.000e+00
    403.577     3.9186     3.9182   3.257102   3.257264     1.9670     0.0470     0.0760    5.07087      47885          6  0.000e+00
    403.640     3.9186     3.9179   3.257090   3.257232     1.9670     0.0470     0.0760    5.07092      47886          6  0.000e+00
    403.640     3.9185     3.9179   3.257114   3.257232     1.9670     0.0470     0.0770    5.07092      47887          6  0.000e+00
    403.640     3.9188     3.9180   3.257126   3.257232     1.9670     0.0470     0.0770    5.07089      47888          6  0.000e+00
    403.632     3.9189     3.9177   3.257138   3.257207     1.9670     0.0470     0.0770    5.07086      47889          6  0.000e+00
    403.640     3.9189     3.9175   3.257132   3.257232     1.9670     0.0470     0.0770    5.07087      47890          6  0.000e+00
    403.640     3.9188     3.9177   3.257138   3.257245     1.9670     0.0470     0.0760    5.07088      47891          6  0.000e+00
    403.640     3.9188     3.9179   3.257114   3.257207     1.9670     0.0470     0.0760    5.07089      47892          6  0.000e+00
    403.640     3.9188     3.9177   3.257114   3.257232     1.9670     0.0470     0.0760    5.07089      47893          6  0.000e+00
    403.577     3.9186     3.9180   3.257102   3.257232     1.9670     0.0470     0.0760    5.07087      47894          6  0.000e+00
    403.640     3.9188     3.9180   3.257108   3.257232     1.9670     0.0470     0.0760    5.07089      47895          6  0.000e+00
    403.640     3.9186     3.9182   3.257139   3.257264     1.9670     0.0470     0.0770    5.07090      47896          6  0.000e+00
    403.640     3.9186     3.9183   3.257114   3.257264     1.9670     0.0470     0.0770    5.07091      47897          6  0.000e+00
    403.577     3.9185     3.9183   3.257114   3.257245     1.9670     0.0470     0.0781    5.07088      47898          6  0.000e+00
    403.641     3.9186     3.9183   3.257078   3.257296     1.9670     0.0470     0.0770    5.07092      47899          6  0.000e+00
    403.641     3.9183     3.9185   3.257078   3.257296     1.9670     0.0470     0.0770    5.07095      47900          6  0.000e+00
    403.641     3.9185     3.9183   3.257108   3.257264     1.9670     0.0470     0.0770    5.07092      47901          6  0.000e+00
    403.577     3.9183     3.9182   3.257078   3.257232     1.9670     0.0470     0.0781    5.07091      47902          6  0.000e+00
    403.641     3.9181     3.9183   3.257084   3.257264     1.9670     0.0470     0.0781    5.07096      47903          6  0.000e+00
    403.577     3.9185     3.9182   3.257072   3.257308     1.9670     0.0470     0.0781    5.07089      47904          6  0.000e+00
    403.522     3.9183     3.9183   3.257060   3.257232     1.9670     0.0348     0.0770    5.07088      47905          6  0.000e+00
    403.688     3.9185     3.9182   3.257078   3.257296     1.9657     0.0348     0.0770    5.06674      47906          6  0.000e+00
     52.370     7.7754     7.7945   3.585568   3.587434     2.1592     0.9872     0.2689    4.97419      60220          7  0.000e+00
     52.244     7.7766     7.7941   3.585705   3.587302     2.1592     0.9872     0.2689    4.97396      60221          7  0.000e+00
     52.425     7.7790     7.7948   3.585862   3.587355     2.1592     0.9872     0.2689    4.97381      60222          7  0.000e+00
     52.370     7.7801     7.7954   3.585912   3.587302     2.1604     0.9872     0.2689    4.97732      60223          7  0.000e+00
     52.189     7.7811     7.7959   3.585887   3.587355     2.1604     0.9994     0.2678    4.97712      60224          7  0.000e+00
     52.252     7.7816     7.7959   3.585968   3.587434     2.1604     0.9994     0.2678    4.97709      60225          7  0.000e+00
     52.370     7.7819     7.7962   3.586075   3.587421     2.1604     0.9872     0.2678    4.97710      60226          7  0.000e+00
     52.189     7.7834     7.7961   3.586262   3.587467     2.1592     0.9872     0.2689    4.97314      60227          7  0.000e+00
     52.189     7.7857     7.7957   3.586362   3.587453     2.1604     0.9872     0.2701    4.97656      60228          7  0.000e+00
     52.189     7.7883     7.7951   3.586456   3.587467     2.1604     0.9872     0.2701    4.97630      60229          7  0.000e+00
     52.189     7.7889     7.7951   3.586500   3.587453     2.1592     0.9872     0.2712    4.97258      60230          7  0.000e+00
     52.189     7.7888     7.7951   3.586394   3.587401     2.1592     0.9872     0.2712    4.97263      60231          7  0.000e+00
     52.189     7.7874     7.7951   3.586281   3.587388     2.1592     0.9872     0.2712    4.97278      60232          7  0.000e+00
     52.079     7.7862     7.7951   3.586212   3.587335     2.1604     0.9872     0.2712    4.97649      60233          7  0.000e+00
     52.079     7.7857     7.7957   3.586250   3.587388     2.1604     0.9994     0.2701    4.97653      60234          7  0.000e+00
     52.134     7.7857     7.7961   3.586262   3.587401     2.1604     0.9872     0.2701    4.97656      60235          7  0.000e+00
     52.079     7.7852     7.7959   3.586350   3.587434     2.1592     0.9872     0.2701    4.97288      60236          7  0.000e+00
     52.071     7.7855     7.7957   3.586406   3.587453     2.1592     0.9872     0.2689    4.97282      60237          7  0.000e+00
     52.016     7.7876     7.7954   3.586462   3.587434     2.1604     0.9872     0.2689    4.97624      60238          7  0.000e+00
     52.016     7.7886     7.7959   3.586500   3.587453     2.1604     0.9750     0.2678    4.97614      60239          7  0.000e+00
     52.079     7.7891     7.7959   3.586444   3.587401     2.1604     0.9628     0.2678    4.97617      60240          7  0.000e+00
     52.016     7.7881     7.7956   3.586393   3.587519     2.1604     0.9750     0.2678    4.97622      60241          7  0.000e+00
     52.008     7.7878     7.7954   3.586362   3.587467     2.1604     0.9628     0.2678    4.97626      60242          7  0.000e+00
     51.961     7.7865     7.7949   3.586306   3.587453     2.1604     0.9750     0.2678    4.97636      60243          7  0.000e+00
     51.961     7.7855     7.7946   3.586218   3.587401     2.1592     0.9628     0.2678    4.97282      60244          7  0.000e+00
     51.961     7.7860     7.7949   3.586149   3.587453     2.1604     0.9750     0.2689    4.97645      60245          7  0.000e+00
     51.961     7.7869     7.7951   3.586093   3.587368     2.1604     0.9750     0.2701    4.97639      60246          7  0.000e+00
     51.953     7.7821     7.7951   3.585974   3.587420     2.1604     0.9750     0.2701    4.97685      60247          7  0.000e+00
     51.961     7.7767     7.7949   3.585799   3.587401     2.1604     0.9750     0.2712    4.97737      60248          7  0.000e+00
     51.961     7.7721     7.7951   3.585674   3.587453     2.1604     0.9750     0.2712    4.97781      60249          7  0.000e+00
     51.961     7.7730     7.7953   3.585630   3.587434     2.1604     0.9750     0.2712    4.97776      60250          7  0.000e+00
     51.898     7.7759     7.7952   3.585712   3.587401     2.1604     0.9750     0.2712    4.97744      60251          7  0.000e+00
     51.953     7.7780     7.7953   3.585843   3.587420     2.1604     0.9750     0.2712    4.97724      60252          7  0.000e+00
     51.898     7.7775     7.7951   3.585968   3.587401     2.1604     0.9628     0.2712    4.97720      60253          7  0.000e+00
     51.898     7.7798     7.7949   3.586093   3.587453     2.1604     0.9628     0.2712    4.97696      60254          7  0.000e+00
     51.898     7.7836     7.7945   3.586131   3.587434     2.1604     0.9628     0.2701    4.97662      60255          7  0.000e+00
     51.898     7.7862     7.7946   3.586162   3.587388     2.1604     0.9750     0.2701    4.97639      60256          7  0.000e+00
     51.953     7.7862     7.7945   3.586325   3.587434     2.1604     0.9628     0.2712    4.97637      60257          7  0.000e+00
     51.898     7.7865     7.7945   3.586312   3.587388     2.1604     0.9628     0.2712    4.97631      60258          7  0.000e+00
     51.898     7.7852     7.7949   3.586218   3.587401     2.1604     0.9628     0.2712    4.97646      60259          7  0.000e+00
     51.898     7.7840     7.7951   3.586212   3.587420     2.1604     0.9750     0.2712    4.97655      60260          7  0.000e+00
     51.898     7.7852     7.7951   3.586318   3.587434     2.1604     0.9750     0.2724    4.97642      60261          7  0.000e+00
     51.954     7.7869     7.7951   3.586494   3.587355     2.1604     0.9628     0.2724    4.97624      60262          7  0.000e+00
     51.898     7.7894     7.7949   3.586612   3.587434     2.1604     0.9750     0.2724    4.97595      60263          7  0.000e+00
     51.961     7.7907     7.7951   3.586756   3.587434     2.1604     0.9750     0.2724    4.97583      60264          7  0.000e+00
     51.961     7.7917     7.7945   3.586844   3.587486     2.1604     0.9750     0.2735    4.97572      60265          7  0.000e+00
     51.898     7.7932     7.7941   3.586957   3.587401     2.1604     0.9750     0.2735    4.97551      60266          7  0.000e+00
     51.836     7.7945     7.7941   3.587007   3.587453     2.1604     0.9750     0.2724    4.97534      60267          7  0.000e+00
     52.079     7.7951     7.7942   3.587082   3.587401     2.1604     0.9750     0.2724    4.97541      60268          7  0.000e+00
     53.356     7.7667     7.7624   3.584692   3.585229     2.1591     0.9628     0.2678    4.97580      60489          8  0.000e+00
     53.309     7.7654     7.7605   3.584542   3.584972     2.1603     0.9628     0.2666    4.97959      60490          8  0.000e+00
     53.419     7.7630     7.7588   3.584404   3.584610     2.1603     0.9506     0.2666    4.97992      60491          8  0.000e+00
     53.364     7.7650     7.7581   3.584567   3.584419     2.1603     0.9506     0.2666    4.97966      60492          8  0.000e+00
     53.309     7.7694     7.7573   3.584867   3.584452     2.1603     0.9628     0.2666    4.97914      60493          8  0.000e+00
     53.537     7.7723     7.7560   3.585018   3.584354     2.1603     0.9628     0.2655    4.97898      60494          8  0.000e+00
     53.356     7.7742     7.7560   3.585093   3.584255     2.1603     0.9506     0.2655    4.97867      60495          8  0.000e+00
     53.419     7.7759     7.7553   3.585205   3.584064     2.1603     0.9628     0.2655    4.97853      60496          8  0.000e+00
     53.419     7.7767     7.7546   3.585280   3.583998     2.1603     0.9506     0.2655    4.97844      60497          8  0.000e+00
     53.482     7.7783     7.7523   3.585261   3.583965     2.1603     0.9506     0.2655    4.97834      60498          8  0.000e+00
     53.419     7.7790     7.7515   3.585286   3.583939     2.1603     0.9628     0.2655    4.97824      60499          8  0.000e+00
     53.419     7.7773     7.7523   3.585205   3.583867     2.1603     0.9628     0.2655    4.97841      60500          8  0.000e+00
     53.419     7.7747     7.7535   3.585030   3.583965     2.1603     0.9628     0.2655    4.97869      60501          8  0.000e+00
     53.419     7.7700     7.7545   3.584742   3.584064     2.1603     0.9628     0.2655    4.97920      60502          8  0.000e+00
     53.419     7.7660     7.7555   3.584592   3.584064     2.1603     0.9628     0.2655    4.97960      60503          8  0.000e+00
     53.419     7.7643     7.7571   3.584498   3.584222     2.1603     0.9628     0.2655    4.97977      60504          8  0.000e+00
     53.419     7.7640     7.7610   3.584429   3.584419     2.1603     0.9506     0.2655    4.97983      60505          8  0.000e+00
