Cruise Data/Irminger_Sea-01_KN-221_2014-09-07/Ship Data/ctd/process/kkn22104006.ros
* Sea-Bird SBE 9 Data File:
* FileName = C:\Data\ctd\KN22104006.hdr
* Software Version Seasave V 7.21k
* Temperature SN = 4195
* Conductivity SN = 2147
* Number of Bytes Per Scan = 40
* Number of Voltage Words = 5
* Number of Scans Averaged by the Deck Unit = 1
* NMEA Latitude = 59 57.97 N
* NMEA Longitude = 039 28.24 W
* NMEA UTC (Time) = Sep 12 2014 05:09:49
** KN221-04 Chief Scientist: Bob Weller
** OOI Irminger Sea Sept. 2014
** Station: 006
** Knudsen Depth: 2706
# nquan = 12
# nvalues = 588                                   
# units = specified
# name 0 = prDM: Pressure, Digiquartz [db]
# name 1 = t090C: Temperature [ITS-90, deg C]
# name 2 = t190C: Temperature, 2 [ITS-90, deg C]
# name 3 = c0S/m: Conductivity [S/m]
# name 4 = c1S/m: Conductivity, 2 [S/m]
# name 5 = sbeox0V: Oxygen raw, SBE 43 [V]
# name 6 = flECO-AFL: Fluorescence, WET Labs ECO-AFL/FL [mg/m^3]
# name 7 = CStarAt0: Beam Attenuation, WET Labs C-Star [1/m]
# name 8 = sbeox0ML/L: Oxygen, SBE 43 [ml/l]
# name 9 = scan: Scan Count
# name 10 = nbf: Bottles Fired
# name 11 = flag:  0.000e+00
# interval = seconds: 0.0416667
# start_time = Sep 12 2014 05:09:49 [NMEA time, header]
# bad_flag = -9.990e-29
*END*
[from data line 482]
     24.169     9.1725     9.1712   3.710486   3.710713     2.2066     1.8053     0.3931    4.93571     185163         10  0.000e+00
     24.169     9.1724     9.1712   3.710454   3.710693     2.2066     1.7931     0.3919    4.93573     185164         10  0.000e+00
     24.169     9.1723     9.1715   3.710441   3.710679     2.2066     1.7931     0.3919    4.93574     185165         10  0.000e+00
     24.200     9.1724     9.1714   3.710441   3.710760     2.2066     1.7931     0.3919    4.93575     185166         10  0.000e+00
     24.224     9.1726     9.1719   3.710441   3.710679     2.2066     1.7931     0.3931    4.93575     185167         10  0.000e+00
     24.224     9.1724     9.1720   3.710460   3.710726     2.2066     1.7931     0.3931    4.93576     185168         10  0.000e+00
     24.287     9.1721     9.1722   3.710454   3.710780     2.2066     1.7931     0.3931    4.93582     185169         10  0.000e+00
     24.287     9.1722     9.1723   3.710460   3.710726     2.2078     1.7931     0.3931    4.93934     185170         10  0.000e+00
     23.878     9.1734     9.1721   3.710619   3.710779     2.2076     1.8297     0.3919    4.93824     186018         11  0.000e+00
     23.878     9.1736     9.1723   3.710619   3.710759     2.2088     1.8297     0.3919    4.94176     186019         11  0.000e+00
     23.878     9.1735     9.1724   3.710606   3.710813     2.2088     1.8297     0.3919    4.94177     186020         11  0.000e+00
     23.901     9.1734     9.1724   3.710606   3.710793     2.2088     1.8297     0.3931    4.94179     186021         11  0.000e+00
     23.933     9.1736     9.1725   3.710587   3.710813     2.2088     1.8297     0.3919    4.94180     186022         11  0.000e+00
     23.933     9.1733     9.1726   3.710562   3.710793     2.2088     1.8297     0.3919    4.94183     186023         11  0.000e+00
     23.760     9.1734     9.1727   3.710593   3.710813     2.2088     1.8297     0.3931    4.94170     186024         11  0.000e+00
     24.051     9.1734     9.1724   3.710530   3.710826     2.2088     1.8297     0.3931    4.94191     186025         11  0.000e+00
     23.901     9.1735     9.1725   3.710555   3.710779     2.2088     1.8297     0.3943    4.94180     186026         11  0.000e+00
     23.878     9.1734     9.1726   3.710593   3.710793     2.2088     1.8297     0.3955    4.94177     186027         11  0.000e+00
     24.051     9.1734     9.1723   3.710587   3.710813     2.2076     1.8297     0.3955    4.93836     186028         11  0.000e+00
     23.933     9.1732     9.1722   3.710619   3.710860     2.2076     1.8297     0.3955    4.93829     186029         11  0.000e+00
     23.933     9.1734     9.1722   3.710562   3.710779     2.2088     1.8297     0.3955    4.94181     186030         11  0.000e+00
     24.019     9.1732     9.1722   3.710549   3.710793     2.2088     1.8297     0.3943    4.94189     186031         11  0.000e+00
     23.996     9.1733     9.1719   3.710568   3.710813     2.2088     1.8297     0.3931    4.94186     186032         11  0.000e+00
     23.996     9.1734     9.1722   3.710574   3.710793     2.2088     1.8297     0.3919    4.94185     186033         11  0.000e+00
     24.051     9.1734     9.1722   3.710574   3.710779     2.2088     1.8297     0.3931    4.94188     186034         11  0.000e+00
     23.996     9.1734     9.1722   3.710619   3.710826     2.2088     1.8297     0.3943    4.94183     186035         11  0.000e+00
     24.019     9.1735     9.1719   3.710638   3.710779     2.2088     1.8297     0.3943    4.94184     186036         11  0.000e+00
     24.051     9.1732     9.1723   3.710638   3.710826     2.2088     1.8175     0.3943    4.94188     186037         11  0.000e+00
     24.051     9.1736     9.1721   3.710593   3.710779     2.2088     1.8053     0.3943    4.94186     186038         11  0.000e+00
     24.114     9.1733     9.1721   3.710581   3.710826     2.2088     1.7931     0.3943    4.94193     186039         11  0.000e+00
     24.051     9.1736     9.1722   3.710600   3.710779     2.2088     1.7931     0.3955    4.94186     186040         11  0.000e+00
     24.082     9.1732     9.1724   3.710555   3.710793     2.2088     1.7931     0.3967    4.94192     186041         11  0.000e+00
     24.169     9.1732     9.1722   3.710562   3.710813     2.2088     1.7931     0.3978    4.94198     186042         11  0.000e+00
     24.114     9.1734     9.1722   3.710549   3.710793     2.2088     1.7931     0.3978    4.94193     186043         11  0.000e+00
     24.114     9.1732     9.1723   3.710562   3.710813     2.2088     1.7931     0.3978    4.94194     186044         11  0.000e+00
     24.169     9.1735     9.1722   3.710549   3.710860     2.2088     1.7931     0.3967    4.94196     186045         11  0.000e+00
     24.137     9.1732     9.1722   3.710562   3.710813     2.2088     1.7931     0.3955    4.94195     186046         11  0.000e+00
     24.169     9.1736     9.1722   3.710581   3.710860     2.2088     1.7931     0.3955    4.94193     186047         11  0.000e+00
     24.224     9.1733     9.1728   3.710581   3.710813     2.2088     1.7931     0.3955    4.94199     186048         11  0.000e+00
     24.169     9.1732     9.1726   3.710574   3.710826     2.2088     1.7931     0.3967    4.94196     186049         11  0.000e+00
     24.224     9.1732     9.1726   3.710574   3.710846     2.2088     1.7931     0.3990    4.94200     186050         11  0.000e+00
     24.255     9.1734     9.1725   3.710593   3.710893     2.2088     1.7931     0.3978    4.94200     186051         11  0.000e+00
     24.287     9.1735     9.1722   3.710651   3.710813     2.2088     1.7931     0.3955    4.94199     186052         11  0.000e+00
     24.287     9.1738     9.1723   3.710625   3.710860     2.2088     1.7931     0.3955    4.94198     186053         11  0.000e+00
     24.224     9.1739     9.1724   3.710625   3.710813     2.2088     1.7931     0.3943    4.94192     186054         11  0.000e+00
     24.342     9.1737     9.1722   3.710657   3.710826     2.2088     1.7931     0.3955    4.94201     186055         11  0.000e+00
     24.310     9.1738     9.1724   3.710631   3.710880     2.2076     1.7931     0.3955    4.93846     186056         11  0.000e+00
     24.342     9.1738     9.1722   3.710612   3.710793     2.2076     1.7931     0.3955    4.93849     186057         11  0.000e+00
     24.404     9.1737     9.1724   3.710625   3.710813     2.2076     1.7931     0.3943    4.93853     186058         11  0.000e+00
     24.342     9.1739     9.1722   3.710657   3.710826     2.2088     1.7931     0.3943    4.94198     186059         11  0.000e+00
     24.404     9.1739     9.1723   3.710625   3.710846     2.2088     1.7931     0.3931    4.94203     186060         11  0.000e+00
     24.373     9.1737     9.1724   3.710625   3.710826     2.2076     1.7931     0.3931    4.93851     186061         11  0.000e+00
     24.460     9.1734     9.1723   3.710638   3.710813     2.2088     1.7808     0.3919    4.94210     186062         11  0.000e+00
     24.460     9.1736     9.1726   3.710619   3.710860     2.2088     1.7686     0.3919    4.94210     186063         11  0.000e+00
     24.460     9.1738     9.1723   3.710638   3.710579     2.2088     1.7686     0.3931    4.94207     186064         11  0.000e+00
     24.522     9.1739     9.1724   3.710663   3.710826     2.2088     1.7686     0.3943    4.94209     186065         11  0.000e+00
     24.546     9.1738     9.1723   3.710651   3.710813     2.2088     1.7686     0.3943    4.94212     186066         11  0.000e+00
     24.169     9.1740     9.1727   3.710669   3.710846     2.2087     1.8175     0.3967    4.94143     186609         12  0.000e+00
     24.200     9.1738     9.1729   3.710657   3.710860     2.2087     1.8175     0.3955    4.94147     186610         12  0.000e+00
     24.169     9.1740     9.1730   3.710663   3.710846     2.2087     1.8175     0.3955    4.94143     186611         12  0.000e+00
     24.169     9.1738     9.1729   3.710625   3.710860     2.2087     1.8175     0.3955    4.94146     186612         12  0.000e+00
     24.169     9.1740     9.1728   3.710606   3.710846     2.2087     1.8175     0.3955    4.94145     186613         12  0.000e+00
     24.287     9.1738     9.1732   3.710651   3.710893     2.2087     1.8175     0.3943    4.94153     186614         12  0.000e+00
     24.137     9.1738     9.1730   3.710669   3.710846     2.2087     1.8175     0.3943    4.94142     186615         12  0.000e+00
     24.224     9.1741     9.1731   3.710650   3.710893     2.2087     1.8175     0.3931    4.94145     186616         12  0.000e+00
     24.224     9.1740     9.1730   3.710638   3.710913     2.2075     1.8175     0.3931    4.93794     186617         12  0.000e+00
     24.169     9.1738     9.1729   3.710644   3.710893     2.2075     1.8175     0.3931    4.93792     186618         12  0.000e+00
     24.169     9.1740     9.1728   3.710663   3.710880     2.2075     1.8175     0.3943    4.93790     186619         12  0.000e+00
     24.255     9.1736     9.1729   3.710650   3.710893     2.2075     1.8175     0.3943    4.93799     186620         12  0.000e+00
     24.224     9.1739     9.1727   3.710682   3.710880     2.2087     1.8541     0.3931    4.94146     186621         12  0.000e+00
     24.224     9.1738     9.1728   3.710631   3.710860     2.2075     1.8663     0.3931    4.93796     186622         12  0.000e+00
     24.224     9.1739     9.1729   3.710650   3.710880     2.2074     1.8663     0.3931    4.93794     186623         12  0.000e+00
     24.287     9.1739     9.1728   3.710651   3.710860     2.2087     1.8663     0.3943    4.94151     186624         12  0.000e+00
     24.200     9.1739     9.1731   3.710682   3.710880     2.2087     1.8663     0.3931    4.94144     186625         12  0.000e+00
     24.224     9.1738     9.1728   3.710619   3.710893     2.2087     1.8663     0.3931    4.94148     186626         12  0.000e+00
     24.287     9.1738     9.1729   3.710625   3.710846     2.2074     1.8663     0.3931    4.93800     186627         12  0.000e+00
     24.224     9.1740     9.1732   3.710638   3.710960     2.2074     1.8663     0.3943    4.93793     186628         12  0.000e+00
     24.287     9.1738     9.1731   3.710638   3.710913     2.2074     1.8663     0.3955    4.93799     186629         12  0.000e+00
     24.255     9.1739     9.1729   3.710657   3.710926     2.2087     1.8663     0.3967    4.94148     186630         12  0.000e+00
     24.287     9.1739     9.1733   3.710689   3.710880     2.2087     1.8663     0.3955    4.94149     186631         12  0.000e+00
     24.287     9.1740     9.1731   3.710682   3.710860     2.2087     1.8663     0.3955    4.94148     186632         12  0.000e+00
     24.287     9.1739     9.1733   3.710689   3.710880     2.2087     1.8663     0.3955    4.94149     186633         12  0.000e+00
     24.287     9.1740     9.1731   3.710663   3.710926     2.2074     1.8663     0.3943    4.93796     186634         12  0.000e+00
     24.310     9.1738     9.1730   3.710644   3.710880     2.2087     1.8663     0.3943    4.94152     186635         12  0.000e+00
     24.287     9.1739     9.1732   3.710638   3.710926     2.2087     1.8663     0.3931    4.94150     186636         12  0.000e+00
     24.287     9.1740     9.1728   3.710657   3.710913     2.2074     1.8663     0.3931    4.93796     186637         12  0.000e+00
     24.287     9.1740     9.1731   3.710670   3.710893     2.2074     1.8663     0.3919    4.93796     186638         12  0.000e+00
     24.342     9.1740     9.1732   3.710689   3.710880     2.2087     1.8663     0.3919    4.94151     186639         12  0.000e+00
     24.310     9.1740     9.1731   3.710682   3.710893     2.2087     1.8663     0.3919    4.94149     186640         12  0.000e+00
     24.287     9.1740     9.1729   3.710670   3.710913     2.2074     1.8663     0.3919    4.93795     186641         12  0.000e+00
     24.342     9.1740     9.1733   3.710682   3.710893     2.2074     1.8663     0.3919    4.93799     186642         12  0.000e+00
     24.342     9.1740     9.1731   3.710676   3.710813     2.2074     1.8663     0.3919    4.93798     186643         12  0.000e+00
     24.342     9.1740     9.1733   3.710670   3.710960     2.2087     1.8663     0.3919    4.94151     186644         12  0.000e+00
     24.373     9.1740     9.1732   3.710670   3.710913     2.2087     1.8663     0.3931    4.94153     186645         12  0.000e+00
     24.342     9.1740     9.1732   3.710670   3.710860     2.2087     1.8663     0.3919    4.94151     186646         12  0.000e+00
     24.342     9.1739     9.1732   3.710670   3.710913     2.2087     1.8663     0.3919    4.94152     186647         12  0.000e+00
     24.342     9.1741     9.1733   3.710670   3.710960     2.2087     1.8663     0.3919    4.94150     186648         12  0.000e+00
     24.287     9.1739     9.1734   3.710651   3.710880     2.2087     1.8663     0.3908    4.94149     186649         12  0.000e+00
     24.491     9.1740     9.1733   3.710644   3.710926     2.2087     1.8663     0.3919    4.94161     186650         12  0.000e+00
     24.342     9.1740     9.1734   3.710663   3.710880     2.2087     1.8663     0.3931    4.94151     186651         12  0.000e+00
     24.404     9.1740     9.1732   3.710651   3.710893     2.2087     1.8663     0.3943    4.94155     186652         12  0.000e+00
     24.404     9.1740     9.1732   3.710657   3.710913     2.2087     1.8663     0.3943    4.94155     186653         12  0.000e+00
     24.373     9.1742     9.1731   3.710651   3.710926     2.2087     1.8663     0.3943    4.94151     186654         12  0.000e+00
     24.404     9.1740     9.1732   3.710682   3.710880     2.2087     1.8663     0.3955    4.94154     186655         12  0.000e+00
     24.460     9.1739     9.1732   3.710682   3.710926     2.2087     1.8663     0.3955    4.94158     186656         12  0.000e+00
     24.404     9.1740     9.1735   3.710651   3.710913     2.2087     1.8663     0.3943    4.94155     186657         12  0.000e+00
