Cruise Data/Irminger_Sea-01_KN-221_2014-09-07/Ship Data/ctd/process/kkn22104008.cnv
* Sea-Bird SBE 9 Data File:
* FileName = C:\Data\ctd\KN22104008.hdr
* Software Version Seasave V 7.21k
* Temperature SN = 4195
* Conductivity SN = 2147
* Number of Bytes Per Scan = 40
* Number of Voltage Words = 5
* Number of Scans Averaged by the Deck Unit = 1
* NMEA Latitude = 59 14.19 N
* NMEA Longitude = 039 30.13 W
* NMEA UTC (Time) = Sep 16 2014 21:05:14
** KN221-04 Chief Scientist: Bob Weller
** OOI Irminger Sea Sept. 2014
** Station: 008
** Knudsen Depth: 3030
# nquan = 19
# nvalues = 5969                        
# units = specified
# name 0 = prDM: Pressure, Digiquartz [db]
# name 1 = t090C: Temperature [ITS-90, deg C]
# name 2 = t190C: Temperature, 2 [ITS-90, deg C]
# name 3 = c0S/m: Conductivity [S/m]
# name 4 = c1S/m: Conductivity, 2 [S/m]
# name 5 = sbeox0V: Oxygen raw, SBE 43 [V]
# name 6 = flECO-AFL: Fluorescence, WET Labs ECO-AFL/FL [mg/m^3]
# name 7 = CStarAt0: Beam Attenuation, WET Labs C-Star [1/m]
# name 8 = sbeox0ML/L: Oxygen, SBE 43 [ml/l]
# name 9 = depSM: Depth [salt water, m], lat = 59.2365
# name 10 = sal00: Salinity, Practical [PSU]
# name 11 = sal11: Salinity, Practical, 2 [PSU]
# name 12 = svDM: Sound Velocity [Delgrosso, m/s]
# name 13 = sbeox0ML/L: Oxygen, SBE 43 [ml/l], WS = 2
# name 14 = density00: Density [density, Kg/m^3]
# name 15 = density11: Density, 2 [density, Kg/m^3]
# name 16 = dz/dtM: Descent Rate [m/s], WS = 2
# name 17 = oxsatML/L: Oxygen Saturation, Weiss [ml/l]
# name 18 = flag: flag
# span 0 =      1.009,   3035.946       
# span 1 =     1.2916,     7.7741       
# span 2 =     1.2903,     7.7740       
# span 3 =   3.133929,   3.581828       
# span 4 =   3.134086,   3.582100       
# span 5 =     1.4611,     2.1943       
# span 6 =     0.0091,     0.7236       
# span 7 =     0.0737,     0.2496       
# span 8 =    4.63567,    5.13144       
# span 9 =      1.000,   2986.000       
# span 10 =    34.7883,    34.9334      
# span 11 =    34.7746,    34.9363      
# span 12 =    1469.94,    1507.00      
# span 13 =    4.63556,    5.13139      
# span 14 =  1027.1557,  1041.8280      
# span 15 =  1027.1585,  1041.8308      
# span 16 =     -1.673,      1.633      
# span 17 =    6.65023,    7.78318      
# span 18 = 0.0000e+00, 0.0000e+00      
# interval = meters: 1                  
# start_time = Sep 16 2014 21:05:14 [NMEA time, header]
# bad_flag = -9.990e-29
*END*
[from data line 3429]
   2579.763     2.8644     2.8640   3.257737   3.258013     1.4875     0.0348     0.0741    4.66873   2540.000    34.9285    34.9322    1504.12    4.66863  1039.6001  1039.6031     -1.205    7.47509 0.0000e+00
   2578.741     2.8640     2.8636   3.257652   3.257948     1.4876     0.0348     0.0743    4.66882   2539.000    34.9284    34.9324    1504.10    4.66873  1039.5956  1039.5988     -0.864    7.47517 0.0000e+00
   2577.720     2.8640     2.8632   3.257592   3.257855     1.4880     0.0429     0.0740    4.66992   2538.000    34.9282    34.9321    1504.08    4.66982  1039.5909  1039.5941     -0.650    7.47518 0.0000e+00
   2576.698     2.8643     2.8634   3.257546   3.257800     1.4887     0.0344     0.0739    4.67235   2537.000    34.9278    34.9318    1504.07    4.67226  1039.5861  1039.5892     -0.974    7.47515 0.0000e+00
   2575.676     2.8644     2.8636   3.257509   3.257767     1.4888     0.0355     0.0743    4.67257   2536.000    34.9277    34.9316    1504.05    4.67247  1039.5814  1039.5846     -1.275    7.47514 0.0000e+00
   2574.654     2.8644     2.8638   3.257466   3.257722     1.4887     0.0450     0.0746    4.67125   2535.000    34.9277    34.9314    1504.03    4.67116  1039.5768  1039.5798     -1.422    7.47513 0.0000e+00
   2573.633     2.8647     2.8642   3.257455   3.257713     1.4888     0.0470     0.0744    4.67125   2534.000    34.9277    34.9313    1504.02    4.67116  1039.5723  1039.5752     -1.442    7.47508 0.0000e+00
   2572.611     2.8647     2.8642   3.257408   3.257667     1.4890     0.0470     0.0738    4.67156   2533.000    34.9277    34.9313    1504.00    4.67147  1039.5677  1039.5707     -1.327    7.47509 0.0000e+00
   2571.589     2.8645     2.8642   3.257358   3.257630     1.4891     0.0360     0.0739    4.67127   2532.000    34.9277    34.9312    1503.98    4.67118  1039.5632  1039.5660     -0.992    7.47511 0.0000e+00
   2570.567     2.8648     2.8642   3.257328   3.257590     1.4901     0.0419     0.0740    4.67510   2531.000    34.9275    34.9313    1503.97    4.67501  1039.5585  1039.5616     -0.538    7.47507 0.0000e+00
   2569.546     2.8651     2.8643   3.257302   3.257553     1.4902     0.0472     0.0742    4.67500   2530.000    34.9274    34.9312    1503.95    4.67491  1039.5538  1039.5570     -1.184    7.47503 0.0000e+00
   2568.524     2.8656     2.8647   3.257309   3.257543     1.4901     0.0353     0.0748    4.67399   2529.000    34.9273    34.9311    1503.93    4.67389  1039.5492  1039.5522     -1.528    7.47492 0.0000e+00
   2567.502     2.8662     2.8658   3.257321   3.257588     1.4904     0.0395     0.0749    4.67481   2528.000    34.9274    34.9310    1503.92    4.67472  1039.5447  1039.5475     -1.566    7.47482 0.0000e+00
   2566.480     2.8668     2.8668   3.257345   3.257645     1.4905     0.0468     0.0743    4.67433   2527.000    34.9275    34.9311    1503.90    4.67424  1039.5400  1039.5428     -1.365    7.47470 0.0000e+00
   2565.459     2.8670     2.8667   3.257325   3.257617     1.4910     0.0395     0.0740    4.67637   2526.000    34.9275    34.9313    1503.89    4.67628  1039.5355  1039.5386     -0.827    7.47466 0.0000e+00
   2564.437     2.8677     2.8667   3.257315   3.257555     1.4914     0.0398     0.0738    4.67733   2525.000    34.9271    34.9310    1503.87    4.67723  1039.5305  1039.5338     -0.605    7.47454 0.0000e+00
   2563.416     2.8691     2.8670   3.257409   3.257520     1.4914     0.0352     0.0738    4.67637   2524.000    34.9272    34.9308    1503.86    4.67627  1039.5259  1039.5291     -1.192    7.47427 0.0000e+00
   2562.394     2.8700     2.8694   3.257447   3.257670     1.4914     0.0348     0.0739    4.67564   2523.000    34.9272    34.9305    1503.85    4.67555  1039.5212  1039.5239     -1.349    7.47411 0.0000e+00
   2561.372     2.8716     2.8707   3.257545   3.257774     1.4915     0.0400     0.0744    4.67523   2522.000    34.9271    34.9308    1503.84    4.67513  1039.5164  1039.5194     -1.320    7.47381 0.0000e+00
   2560.350     2.8717     2.8721   3.257519   3.257853     1.4915     0.0448     0.0741    4.67475   2521.000    34.9272    34.9308    1503.82    4.67466  1039.5120  1039.5146     -1.174    7.47379 0.0000e+00
   2559.329     2.8720     2.8726   3.257515   3.257862     1.4918     0.0368     0.0741    4.67559   2520.000    34.9273    34.9308    1503.81    4.67550  1039.5074  1039.5100     -1.019    7.47373 0.0000e+00
   2558.307     2.8724     2.8719   3.257464   3.257761     1.4922     0.0472     0.0746    4.67652   2519.000    34.9267    34.9308    1503.79    4.67643  1039.5023  1039.5056     -0.936    7.47368 0.0000e+00
   2557.285     2.8722     2.8717   3.257391   3.257689     1.4924     0.0470     0.0745    4.67693   2518.000    34.9266    34.9307    1503.77    4.67683  1039.4978  1039.5011     -0.958    7.47373 0.0000e+00
   2556.264     2.8717     2.8712   3.257291   3.257568     1.4928     0.0436     0.0741    4.67820   2517.000    34.9264    34.9302    1503.75    4.67810  1039.4932  1039.4962     -1.070    7.47383 0.0000e+00
   2555.242     2.8717     2.8711   3.257255   3.257502     1.4928     0.0330     0.0739    4.67762   2516.000    34.9264    34.9300    1503.74    4.67753  1039.4886  1039.4916     -1.164    7.47383 0.0000e+00
   2554.220     2.8726     2.8722   3.257288   3.257549     1.4929     0.0233     0.0739    4.67736   2515.000    34.9263    34.9299    1503.72    4.67727  1039.4839  1039.4867     -1.134    7.47366 0.0000e+00
   2553.199     2.8742     2.8730   3.257378   3.257584     1.4934     0.0352     0.0743    4.67889   2514.000    34.9262    34.9299    1503.71    4.67880  1039.4790  1039.4821     -0.971    7.47338 0.0000e+00
   2552.177     2.8740     2.8732   3.257347   3.257569     1.4938     0.0469     0.0742    4.68022   2513.000    34.9265    34.9300    1503.69    4.68013  1039.4747  1039.4777     -0.779    7.47339 0.0000e+00
   2551.156     2.8744     2.8746   3.257349   3.257671     1.4939     0.0405     0.0741    4.67991   2512.000    34.9265    34.9302    1503.68    4.67982  1039.4702  1039.4730     -0.777    7.47331 0.0000e+00
   2550.134     2.8783     2.8764   3.257673   3.257763     1.4941     0.0441     0.0738    4.67967   2511.000    34.9268    34.9299    1503.68    4.67957  1039.4652  1039.4680     -1.006    7.47257 0.0000e+00
   2549.112     2.8837     2.8832   3.258193   3.258326     1.4942     0.0470     0.0742    4.67890   2510.000    34.9278    34.9299    1503.69    4.67881  1039.4606  1039.4624     -1.267    7.47150 0.0000e+00
   2548.091     2.8876     2.8895   3.258537   3.258974     1.4944     0.0470     0.0738    4.67854   2509.000    34.9283    34.9314    1503.68    4.67844  1039.4559  1039.4580     -1.441    7.47076 0.0000e+00
   2547.069     2.8905     2.8912   3.258785   3.259152     1.4949     0.0470     0.0738    4.67986   2508.000    34.9287    34.9323    1503.68    4.67976  1039.4513  1039.4540     -1.482    7.47019 0.0000e+00
   2546.047     2.8908     2.8913   3.258773   3.259136     1.4950     0.0376     0.0738    4.67998   2507.000    34.9286    34.9325    1503.66    4.67989  1039.4467  1039.4496     -1.358    7.47013 0.0000e+00
   2545.026     2.8907     2.8902   3.258710   3.258998     1.4951     0.0428     0.0738    4.67980   2506.000    34.9285    34.9324    1503.65    4.67971  1039.4420  1039.4452     -1.010    7.47017 0.0000e+00
   2544.004     2.8912     2.8906   3.258718   3.258973     1.4952     0.0412     0.0738    4.67937   2505.000    34.9285    34.9322    1503.63    4.67928  1039.4374  1039.4403     -0.569    7.47007 0.0000e+00
   2542.982     2.8901     2.8903   3.258552   3.258903     1.4952     0.0391     0.0741    4.67893   2504.000    34.9281    34.9322    1503.61    4.67884  1039.4327  1039.4359     -0.955    7.47029 0.0000e+00
   2541.961     2.8894     2.8892   3.258434   3.258763     1.4953     0.0353     0.0743    4.67910   2503.000    34.9280    34.9321    1503.59    4.67901  1039.4282  1039.4314     -1.296    7.47044 0.0000e+00
   2540.939     2.8904     2.8895   3.258475   3.258691     1.4952     0.0386     0.0743    4.67769   2502.000    34.9279    34.9314    1503.58    4.67759  1039.4235  1039.4263     -1.399    7.47025 0.0000e+00
   2539.918     2.8913     2.8906   3.258503   3.258756     1.4952     0.0466     0.0741    4.67695   2501.000    34.9278    34.9315    1503.56    4.67686  1039.4187  1039.4216     -1.358    7.47009 0.0000e+00
   2538.896     2.8912     2.8910   3.258481   3.258748     1.4952     0.0470     0.0740    4.67634   2500.000    34.9280    34.9315    1503.55    4.67624  1039.4143  1039.4171     -1.178    7.47008 0.0000e+00
   2537.875     2.8918     2.8912   3.258506   3.258749     1.4952     0.0470     0.0739    4.67584   2499.000    34.9281    34.9317    1503.53    4.67575  1039.4098  1039.4127     -0.848    7.46996 0.0000e+00
   2536.853     2.8931     2.8925   3.258578   3.258820     1.4958     0.0440     0.0740    4.67760   2498.000    34.9282    34.9317    1503.52    4.67751  1039.4052  1039.4080     -0.743    7.46973 0.0000e+00
   2535.831     2.8953     2.8939   3.258718   3.258908     1.4955     0.0387     0.0744    4.67562   2497.000    34.9280    34.9317    1503.51    4.67553  1039.4001  1039.4032     -1.113    7.46933 0.0000e+00
   2534.810     2.8971     2.8964   3.258881   3.259093     1.4961     0.0470     0.0740    4.67723   2496.000    34.9284    34.9317    1503.50    4.67714  1039.3956  1039.3983     -1.297    7.46896 0.0000e+00
   2533.788     2.8996     2.8991   3.259074   3.259316     1.4963     0.0470     0.0742    4.67742   2495.000    34.9287    34.9320    1503.50    4.67733  1039.3909  1039.3936     -1.264    7.46849 0.0000e+00
   2532.767     2.9007     2.9005   3.259144   3.259434     1.4966     0.0470     0.0740    4.67797   2494.000    34.9288    34.9325    1503.48    4.67787  1039.3864  1039.3892     -1.037    7.46827 0.0000e+00
   2531.745     2.8998     2.9000   3.259043   3.259360     1.4968     0.0387     0.0738    4.67847   2493.000    34.9290    34.9326    1503.46    4.67838  1039.3821  1039.3849     -0.736    7.46843 0.0000e+00
   2530.724     2.9012     2.9002   3.259108   3.259319     1.4968     0.0475     0.0739    4.67735   2492.000    34.9287    34.9324    1503.45    4.67725  1039.3771  1039.3801     -0.866    7.46818 0.0000e+00
   2529.702     2.9025     2.9016   3.259200   3.259421     1.4971     0.0435     0.0738    4.67825   2491.000    34.9289    34.9325    1503.44    4.67816  1039.3726  1039.3755     -1.176    7.46792 0.0000e+00
   2528.680     2.9029     2.9023   3.259199   3.259454     1.4969     0.0355     0.0738    4.67677   2490.000    34.9290    34.9327    1503.42    4.67668  1039.3680  1039.3710     -1.317    7.46785 0.0000e+00
   2527.659     2.9035     2.9028   3.259223   3.259454     1.4972     0.0472     0.0738    4.67739   2489.000    34.9292    34.9326    1503.41    4.67730  1039.3635  1039.3663     -1.303    7.46774 0.0000e+00
   2526.637     2.9038     2.9036   3.259218   3.259492     1.4972     0.0381     0.0738    4.67665   2488.000    34.9292    34.9327    1503.39    4.67655  1039.3590  1039.3617     -1.179    7.46767 0.0000e+00
   2525.616     2.9041     2.9036   3.259194   3.259460     1.4973     0.0427     0.0739    4.67631   2487.000    34.9291    34.9328    1503.38    4.67621  1039.3542  1039.3573     -1.008    7.46762 0.0000e+00
   2524.594     2.9039     2.9034   3.259154   3.259413     1.4973     0.0469     0.0740    4.67587   2486.000    34.9293    34.9329    1503.36    4.67578  1039.3500  1039.3529     -0.839    7.46765 0.0000e+00
   2523.573     2.9041     2.9037   3.259128   3.259398     1.4974     0.0455     0.0740    4.67566   2485.000    34.9292    34.9329    1503.34    4.67557  1039.3453  1039.3483     -0.766    7.46761 0.0000e+00
   2522.551     2.9044     2.9042   3.259121   3.259393     1.4975     0.0335     0.0738    4.67545   2484.000    34.9293    34.9328    1503.33    4.67536  1039.3408  1039.3436     -1.002    7.46755 0.0000e+00
   2521.530     2.9052     2.9046   3.259142   3.259397     1.4975     0.0354     0.0740    4.67458   2483.000    34.9292    34.9329    1503.31    4.67448  1039.3361  1039.3390     -1.256    7.46740 0.0000e+00
   2520.508     2.9055     2.9049   3.259122   3.259388     1.4976     0.0478     0.0738    4.67440   2482.000    34.9291    34.9330    1503.30    4.67431  1039.3314  1039.3346     -1.305    7.46736 0.0000e+00
   2519.487     2.9057     2.9050   3.259102   3.259348     1.4976     0.0470     0.0740    4.67370   2481.000    34.9292    34.9328    1503.28    4.67361  1039.3269  1039.3298     -1.101    7.46732 0.0000e+00
   2518.465     2.9058     2.9052   3.259079   3.259335     1.4977     0.0388     0.0738    4.67364   2480.000    34.9292    34.9330    1503.27    4.67355  1039.3224  1039.3254     -0.786    7.46729 0.0000e+00
   2517.444     2.9060     2.9052   3.259056   3.259287     1.4978     0.0347     0.0738    4.67363   2479.000    34.9292    34.9329    1503.25    4.67354  1039.3179  1039.3208     -0.922    7.46726 0.0000e+00
   2516.422     2.9070     2.9059   3.259081   3.259297     1.4980     0.0348     0.0738    4.67377   2478.000    34.9290    34.9327    1503.24    4.67368  1039.3130  1039.3160     -1.233    7.46709 0.0000e+00
   2515.401     2.9079     2.9070   3.259126   3.259351     1.4980     0.0348     0.0740    4.67296   2477.000    34.9291    34.9326    1503.22    4.67287  1039.3083  1039.3113     -1.344    7.46692 0.0000e+00
   2514.379     2.9089     2.9084   3.259186   3.259448     1.4981     0.0428     0.0738    4.67259   2476.000    34.9291    34.9328    1503.21    4.67250  1039.3037  1039.3066     -1.278    7.46671 0.0000e+00
   2513.358     2.9104     2.9097   3.259289   3.259532     1.4980     0.0470     0.0738    4.67144   2475.000    34.9293    34.9329    1503.20    4.67135  1039.2991  1039.3020     -1.086    7.46643 0.0000e+00
   2512.336     2.9101     2.9100   3.259238   3.259531     1.4983     0.0470     0.0738    4.67209   2474.000    34.9295    34.9330    1503.18    4.67200  1039.2948  1039.2975     -0.866    7.46648 0.0000e+00
   2511.315     2.9108     2.9096   3.259252   3.259467     1.4984     0.0383     0.0739    4.67192   2473.000    34.9293    34.9332    1503.17    4.67183  1039.2899  1039.2931     -0.807    7.46635 0.0000e+00
   2510.294     2.9108     2.9100   3.259221   3.259451     1.4987     0.0456     0.0739    4.67275   2472.000    34.9295    34.9330    1503.15    4.67266  1039.2855  1039.2885     -0.905    7.46635 0.0000e+00
   2509.272     2.9124     2.9113   3.259320   3.259518     1.4988     0.0227     0.0739    4.67228   2471.000    34.9294    34.9330    1503.14    4.67219  1039.2808  1039.2837     -1.019    7.46605 0.0000e+00
   2508.251     2.9128     2.9118   3.259335   3.259537     1.4988     0.0463     0.0745    4.67186   2470.000    34.9297    34.9331    1503.12    4.67176  1039.2764  1039.2792     -1.124    7.46596 0.0000e+00
   2507.229     2.9132     2.9127   3.259317   3.259577     1.4989     0.0367     0.0738    4.67165   2469.000    34.9295    34.9331    1503.11    4.67156  1039.2716  1039.2745     -1.188    7.46589 0.0000e+00
   2506.208     2.9137     2.9131   3.259315   3.259582     1.4989     0.0348     0.0738    4.67072   2468.000    34.9294    34.9332    1503.09    4.67063  1039.2668  1039.2699     -1.170    7.46580 0.0000e+00
   2505.187     2.9136     2.9130   3.259291   3.259541     1.4990     0.0420     0.0738    4.67065   2467.000    34.9297    34.9333    1503.08    4.67056  1039.2626  1039.2655     -1.065    7.46580 0.0000e+00
   2504.165     2.9136     2.9130   3.259241   3.259492     1.4991     0.0343     0.0738    4.67029   2466.000    34.9296    34.9332    1503.06    4.67020  1039.2579  1039.2610     -0.958    7.46581 0.0000e+00
