Cruise Data/Irminger_Sea-01_KN-221_2014-09-07/Ship Data/ctd/process/kkn22104006_sv.cnv
* Sea-Bird SBE 9 Data File:
* FileName = C:\Data\ctd\KN22104006.hdr
* Software Version Seasave V 7.21k
* Temperature SN = 4195
* Conductivity SN = 2147
* Number of Bytes Per Scan = 40
* Number of Voltage Words = 5
* Number of Scans Averaged by the Deck Unit = 1
* NMEA Latitude = 59 57.97 N
* NMEA Longitude = 039 28.24 W
* NMEA UTC (Time) = Sep 12 2014 05:09:49
** KN221-04 Chief Scientist: Bob Weller
** OOI Irminger Sea Sept. 2014
** Station: 006
** Knudsen Depth: 2706
# nquan = 3
# nvalues = 2468                        
# units = specified
# name 0 = depSM: Depth [salt water, m]
# name 1 = svDM: Sound Velocity [Delgrosso, m/s]
# name 2 = flag: flag
# span 0 =     14.000,   2481.000       
# span 1 =    1470.90,    1500.97       
# span 2 = 0.0000e+00, 0.0000e+00       
# interval = meters: 1                  
# start_time = Sep 12 2014 05:09:49 [NMEA time, header]
# bad_flag = -9.990e-29
*END*
     14.000    1487.01 0.0000e+00
     15.000    1487.02 0.0000e+00
     16.000    1487.03 0.0000e+00
     17.000    1487.05 0.0000e+00
     18.000    1487.07 0.0000e+00
     19.000    1487.09 0.0000e+00
     20.000    1487.11 0.0000e+00
     21.000    1487.12 0.0000e+00
     22.000    1487.13 0.0000e+00
     23.000    1487.15 0.0000e+00
     24.000    1487.16 0.0000e+00
     25.000    1487.17 0.0000e+00
     26.000    1487.20 0.0000e+00
     27.000    1487.22 0.0000e+00
     28.000    1487.24 0.0000e+00
     29.000    1487.26 0.0000e+00
     30.000    1487.27 0.0000e+00
     31.000    1487.29 0.0000e+00
     32.000    1487.31 0.0000e+00
     33.000    1487.32 0.0000e+00
     34.000    1487.34 0.0000e+00
     35.000    1487.35 0.0000e+00
     36.000    1487.35 0.0000e+00
     37.000    1487.31 0.0000e+00
     38.000    1486.98 0.0000e+00
     39.000    1484.99 0.0000e+00
     40.000    1481.97 0.0000e+00
     41.000    1479.02 0.0000e+00
     42.000    1476.29 0.0000e+00
     43.000    1474.88 0.0000e+00
     44.000    1474.34 0.0000e+00
     45.000    1474.21 0.0000e+00
     46.000    1474.04 0.0000e+00
     47.000    1473.91 0.0000e+00
     48.000    1473.82 0.0000e+00
     49.000    1473.65 0.0000e+00
     50.000    1473.44 0.0000e+00
     51.000    1473.44 0.0000e+00
     52.000    1473.68 0.0000e+00
     53.000    1473.61 0.0000e+00
     54.000    1473.16 0.0000e+00
     55.000    1472.81 0.0000e+00
     56.000    1472.80 0.0000e+00
     57.000    1472.69 0.0000e+00
     58.000    1472.47 0.0000e+00
     59.000    1472.31 0.0000e+00
     60.000    1472.23 0.0000e+00
     61.000    1472.24 0.0000e+00
     62.000    1472.13 0.0000e+00
     63.000    1472.04 0.0000e+00
     64.000    1472.06 0.0000e+00
     65.000    1472.10 0.0000e+00
     66.000    1472.24 0.0000e+00
     67.000    1472.31 0.0000e+00
     68.000    1472.32 0.0000e+00
     69.000    1472.10 0.0000e+00
     70.000    1472.09 0.0000e+00
     71.000    1472.38 0.0000e+00
     72.000    1472.40 0.0000e+00
     73.000    1472.35 0.0000e+00
     74.000    1472.28 0.0000e+00
     75.000    1472.24 0.0000e+00
     76.000    1472.25 0.0000e+00
     77.000    1472.27 0.0000e+00
     78.000    1472.23 0.0000e+00
     79.000    1472.23 0.0000e+00
     80.000    1472.75 0.0000e+00
     81.000    1472.79 0.0000e+00
     82.000    1472.86 0.0000e+00
     83.000    1472.79 0.0000e+00
     84.000    1472.59 0.0000e+00
     85.000    1472.30 0.0000e+00
     86.000    1472.34 0.0000e+00
     87.000    1472.45 0.0000e+00
     88.000    1472.53 0.0000e+00
     89.000    1472.53 0.0000e+00
     90.000    1472.51 0.0000e+00
     91.000    1472.42 0.0000e+00
     92.000    1472.46 0.0000e+00
     93.000    1472.45 0.0000e+00
     94.000    1472.43 0.0000e+00
     95.000    1472.29 0.0000e+00
     96.000    1472.01 0.0000e+00
     97.000    1472.09 0.0000e+00
     98.000    1472.17 0.0000e+00
     99.000    1472.25 0.0000e+00
    100.000    1472.16 0.0000e+00
    101.000    1472.12 0.0000e+00
    102.000    1472.07 0.0000e+00
    103.000    1472.00 0.0000e+00
    104.000    1471.96 0.0000e+00
    105.000    1471.91 0.0000e+00
    106.000    1471.65 0.0000e+00
    107.000    1471.34 0.0000e+00
    108.000    1471.38 0.0000e+00
    109.000    1471.41 0.0000e+00
    110.000    1471.41 0.0000e+00
    111.000    1471.33 0.0000e+00
    112.000    1471.28 0.0000e+00
    113.000    1471.30 0.0000e+00
    114.000    1471.30 0.0000e+00
    115.000    1471.28 0.0000e+00
    116.000    1471.29 0.0000e+00
    117.000    1471.28 0.0000e+00
    118.000    1471.32 0.0000e+00
    119.000    1471.34 0.0000e+00
    120.000    1471.37 0.0000e+00
    121.000    1471.46 0.0000e+00
    122.000    1471.54 0.0000e+00
    123.000    1471.55 0.0000e+00
    124.000    1471.59 0.0000e+00
    125.000    1471.55 0.0000e+00
    126.000    1471.34 0.0000e+00
    127.000    1471.30 0.0000e+00
    128.000    1471.29 0.0000e+00
    129.000    1471.30 0.0000e+00
    130.000    1471.32 0.0000e+00
    131.000    1471.32 0.0000e+00
    132.000    1471.26 0.0000e+00
    133.000    1471.21 0.0000e+00
    134.000    1471.16 0.0000e+00
    135.000    1471.15 0.0000e+00
    136.000    1471.17 0.0000e+00
    137.000    1471.21 0.0000e+00
    138.000    1471.25 0.0000e+00
    139.000    1471.26 0.0000e+00
    140.000    1471.27 0.0000e+00
    141.000    1471.27 0.0000e+00
    142.000    1471.25 0.0000e+00
    143.000    1471.20 0.0000e+00
    144.000    1471.08 0.0000e+00
    145.000    1471.08 0.0000e+00
    146.000    1471.10 0.0000e+00
    147.000    1471.09 0.0000e+00
    148.000    1471.16 0.0000e+00
    149.000    1471.18 0.0000e+00
    150.000    1471.17 0.0000e+00
    151.000    1471.10 0.0000e+00
    152.000    1471.13 0.0000e+00
    153.000    1471.16 0.0000e+00
    154.000    1471.11 0.0000e+00
    155.000    1471.08 0.0000e+00
    156.000    1471.09 0.0000e+00
    157.000    1471.08 0.0000e+00
    158.000    1471.07 0.0000e+00
    159.000    1471.05 0.0000e+00
    160.000    1471.02 0.0000e+00
    161.000    1471.00 0.0000e+00
    162.000    1470.99 0.0000e+00
    163.000    1470.97 0.0000e+00
    164.000    1470.92 0.0000e+00
    165.000    1470.91 0.0000e+00
    166.000    1471.02 0.0000e+00
    167.000    1471.09 0.0000e+00
    168.000    1471.21 0.0000e+00
    169.000    1471.23 0.0000e+00
    170.000    1471.25 0.0000e+00
    171.000    1471.27 0.0000e+00
    172.000    1471.26 0.0000e+00
    173.000    1471.15 0.0000e+00
    174.000    1470.98 0.0000e+00
    175.000    1470.97 0.0000e+00
    176.000    1470.95 0.0000e+00
    177.000    1470.93 0.0000e+00
    178.000    1470.93 0.0000e+00
    179.000    1470.93 0.0000e+00
    180.000    1470.90 0.0000e+00
    181.000    1470.90 0.0000e+00
    182.000    1470.90 0.0000e+00
    183.000    1470.92 0.0000e+00
    184.000    1470.92 0.0000e+00
    185.000    1470.94 0.0000e+00
    186.000    1470.97 0.0000e+00
    187.000    1471.00 0.0000e+00
    188.000    1471.01 0.0000e+00
    189.000    1471.02 0.0000e+00
    190.000    1471.02 0.0000e+00
    191.000    1471.01 0.0000e+00
    192.000    1471.00 0.0000e+00
    193.000    1471.00 0.0000e+00
    194.000    1471.00 0.0000e+00
    195.000    1470.96 0.0000e+00
    196.000    1470.96 0.0000e+00
    197.000    1470.98 0.0000e+00
    198.000    1471.03 0.0000e+00
    199.000    1471.08 0.0000e+00
    200.000    1470.95 0.0000e+00
    201.000    1470.90 0.0000e+00
    202.000    1470.90 0.0000e+00
    203.000    1470.91 0.0000e+00
    204.000    1470.91 0.0000e+00
    205.000    1470.92 0.0000e+00
    206.000    1470.94 0.0000e+00
    207.000    1470.96 0.0000e+00
    208.000    1470.98 0.0000e+00
    209.000    1471.01 0.0000e+00
    210.000    1471.07 0.0000e+00
    211.000    1471.13 0.0000e+00
    212.000    1471.15 0.0000e+00
    213.000    1471.17 0.0000e+00
    214.000    1471.17 0.0000e+00
    215.000    1471.08 0.0000e+00
    216.000    1471.08 0.0000e+00
    217.000    1471.06 0.0000e+00
    218.000    1471.07 0.0000e+00
    219.000    1471.07 0.0000e+00
    220.000    1471.09 0.0000e+00
    221.000    1471.11 0.0000e+00
    222.000    1471.18 0.0000e+00
    223.000    1471.21 0.0000e+00
    224.000    1471.28 0.0000e+00
    225.000    1471.29 0.0000e+00
    226.000    1471.20 0.0000e+00
    227.000    1471.20 0.0000e+00
    228.000    1471.21 0.0000e+00
    229.000    1471.26 0.0000e+00
    230.000    1471.27 0.0000e+00
    231.000    1471.30 0.0000e+00
    232.000    1471.32 0.0000e+00
    233.000    1471.35 0.0000e+00
    234.000    1471.44 0.0000e+00
    235.000    1471.48 0.0000e+00
    236.000    1471.51 0.0000e+00
    237.000    1471.53 0.0000e+00
    238.000    1471.56 0.0000e+00
    239.000    1471.57 0.0000e+00
    240.000    1471.58 0.0000e+00
    241.000    1471.59 0.0000e+00
    242.000    1471.57 0.0000e+00
    243.000    1471.59 0.0000e+00
    244.000    1471.61 0.0000e+00
    245.000    1471.63 0.0000e+00
    246.000    1471.63 0.0000e+00
    247.000    1471.63 0.0000e+00
    248.000    1471.65 0.0000e+00
    249.000    1471.65 0.0000e+00
    250.000    1471.66 0.0000e+00
    251.000    1471.66 0.0000e+00
    252.000    1471.65 0.0000e+00
    253.000    1471.63 0.0000e+00
    254.000    1471.63 0.0000e+00
    255.000    1471.67 0.0000e+00
    256.000    1471.70 0.0000e+00
    257.000    1471.71 0.0000e+00
    258.000    1471.71 0.0000e+00
    259.000    1471.72 0.0000e+00
    260.000    1471.73 0.0000e+00
    261.000    1471.73 0.0000e+00
    262.000    1471.75 0.0000e+00
    263.000    1471.77 0.0000e+00
    264.000    1471.79 0.0000e+00
    265.000    1471.80 0.0000e+00
    266.000    1471.81 0.0000e+00
    267.000    1471.84 0.0000e+00
    268.000    1471.86 0.0000e+00
    269.000    1471.87 0.0000e+00
    270.000    1471.89 0.0000e+00
    271.000    1471.90 0.0000e+00
    272.000    1471.91 0.0000e+00
    273.000    1471.94 0.0000e+00
    274.000    1471.93 0.0000e+00
    275.000    1471.92 0.0000e+00
    276.000    1471.90 0.0000e+00
    277.000    1471.90 0.0000e+00
    278.000    1471.88 0.0000e+00
    279.000    1471.84 0.0000e+00
    280.000    1471.84 0.0000e+00
    281.000    1471.83 0.0000e+00
    282.000    1471.81 0.0000e+00
    283.000    1471.80 0.0000e+00
    284.000    1471.82 0.0000e+00
    285.000    1471.86 0.0000e+00
    286.000    1471.90 0.0000e+00
    287.000    1471.90 0.0000e+00
    288.000    1471.91 0.0000e+00
    289.000    1471.91 0.0000e+00
    290.000    1471.92 0.0000e+00
    291.000    1471.92 0.0000e+00
    292.000    1471.90 0.0000e+00
    293.000    1471.88 0.0000e+00
    294.000    1471.89 0.0000e+00
    295.000    1471.90 0.0000e+00
    296.000    1471.92 0.0000e+00
    297.000    1471.93 0.0000e+00
    298.000    1471.95 0.0000e+00
    299.000    1471.96 0.0000e+00
    300.000    1471.98 0.0000e+00
    301.000    1471.97 0.0000e+00
    302.000    1471.94 0.0000e+00
    303.000    1471.94 0.0000e+00
    304.000    1471.95 0.0000e+00
    305.000    1471.95 0.0000e+00
    306.000    1471.96 0.0000e+00
    307.000    1471.97 0.0000e+00
    308.000    1471.97 0.0000e+00
    309.000    1471.98 0.0000e+00
    310.000    1471.99 0.0000e+00
    311.000    1471.99 0.0000e+00
    312.000    1471.99 0.0000e+00
    313.000    1472.01 0.0000e+00
    314.000    1472.02 0.0000e+00
    315.000    1472.03 0.0000e+00
    316.000    1472.05 0.0000e+00
    317.000    1472.06 0.0000e+00
    318.000    1472.08 0.0000e+00
    319.000    1472.10 0.0000e+00
    320.000    1472.11 0.0000e+00
    321.000    1472.13 0.0000e+00
    322.000    1472.14 0.0000e+00
    323.000    1472.15 0.0000e+00
    324.000    1472.16 0.0000e+00
    325.000    1472.18 0.0000e+00
    326.000    1472.19 0.0000e+00
    327.000    1472.20 0.0000e+00
    328.000    1472.22 0.0000e+00
    329.000    1472.23 0.0000e+00
    330.000    1472.23 0.0000e+00
    331.000    1472.23 0.0000e+00
    332.000    1472.24 0.0000e+00
    333.000    1472.26 0.0000e+00
    334.000    1472.29 0.0000e+00
    335.000    1472.31 0.0000e+00
    336.000    1472.35 0.0000e+00
    337.000    1472.40 0.0000e+00
    338.000    1472.45 0.0000e+00
    339.000    1472.46 0.0000e+00
    340.000    1472.46 0.0000e+00
    341.000    1472.44 0.0000e+00
    342.000    1472.46 0.0000e+00
    343.000    1472.48 0.0000e+00
    344.000    1472.48 0.0000e+00
    345.000    1472.49 0.0000e+00
    346.000    1472.50 0.0000e+00
    347.000    1472.51 0.0000e+00
    348.000    1472.52 0.0000e+00
    349.000    1472.54 0.0000e+00
    350.000    1472.56 0.0000e+00
    351.000    1472.56 0.0000e+00
    352.000    1472.58 0.0000e+00
    353.000    1472.59 0.0000e+00
    354.000    1472.60 0.0000e+00
    355.000    1472.61 0.0000e+00
    356.000    1472.62 0.0000e+00
    357.000    1472.64 0.0000e+00
    358.000    1472.66 0.0000e+00
    359.000    1472.67 0.0000e+00
    360.000    1472.70 0.0000e+00
    361.000    1472.72 0.0000e+00
    362.000    1472.74 0.0000e+00
    363.000    1472.75 0.0000e+00
    364.000    1472.76 0.0000e+00
    365.000    1472.75 0.0000e+00
    366.000    1472.75 0.0000e+00
    367.000    1472.75 0.0000e+00
    368.000    1472.75 0.0000e+00
    369.000    1472.76 0.0000e+00
    370.000    1472.75 0.0000e+00
    371.000    1472.76 0.0000e+00
    372.000    1472.78 0.0000e+00
    373.000    1472.75 0.0000e+00
    374.000    1472.69 0.0000e+00
    375.000    1472.65 0.0000e+00
    376.000    1472.63 0.0000e+00
    377.000    1472.63 0.0000e+00
    378.000    1472.64 0.0000e+00
    379.000    1472.67 0.0000e+00
    380.000    1472.70 0.0000e+00
    381.000    1472.71 0.0000e+00
    382.000    1472.72 0.0000e+00
    383.000    1472.74 0.0000e+00
    384.000    1472.77 0.0000e+00
    385.000    1472.80 0.0000e+00
    386.000    1472.83 0.0000e+00
    387.000    1472.86 0.0000e+00
    388.000    1472.89 0.0000e+00
    389.000    1472.91 0.0000e+00
    390.000    1472.95 0.0000e+00
    391.000    1472.98 0.0000e+00
    392.000    1473.02 0.0000e+00
    393.000    1473.03 0.0000e+00
    394.000    1473.04 0.0000e+00
    395.000    1473.02 0.0000e+00
    396.000    1472.97 0.0000e+00
    397.000    1472.89 0.0000e+00
    398.000    1472.74 0.0000e+00
    399.000    1472.69 0.0000e+00
    400.000    1472.72 0.0000e+00
    401.000    1472.75 0.0000e+00
    402.000    1472.77 0.0000e+00
    403.000    1472.80 0.0000e+00
    404.000    1472.85 0.0000e+00
    405.000    1472.89 0.0000e+00
    406.000    1472.93 0.0000e+00
    407.000    1472.94 0.0000e+00
    408.000    1472.95 0.0000e+00
    409.000    1472.97 0.0000e+00
    410.000    1472.99 0.0000e+00
    411.000    1473.14 0.0000e+00
    412.000    1473.17 0.0000e+00
    413.000    1473.23 0.0000e+00
    414.000    1473.25 0.0000e+00
    415.000    1473.13 0.0000e+00
    416.000    1472.93 0.0000e+00
    417.000    1472.90 0.0000e+00
    418.000    1472.91 0.0000e+00
    419.000    1472.93 0.0000e+00
    420.000    1472.95 0.0000e+00
    421.000    1472.98 0.0000e+00
    422.000    1472.98 0.0000e+00
    423.000    1472.99 0.0000e+00
    424.000    1473.02 0.0000e+00
    425.000    1473.07 0.0000e+00
    426.000    1473.17 0.0000e+00
    427.000    1473.20 0.0000e+00
    428.000    1473.23 0.0000e+00
    429.000    1473.27 0.0000e+00
    430.000    1473.28 0.0000e+00
    431.000    1473.29 0.0000e+00
    432.000    1473.26 0.0000e+00
    433.000    1473.27 0.0000e+00
    434.000    1473.28 0.0000e+00
    435.000    1473.31 0.0000e+00
    436.000    1473.35 0.0000e+00
    437.000    1473.34 0.0000e+00
    438.000    1473.31 0.0000e+00
    439.000    1473.31 0.0000e+00
    440.000    1473.30 0.0000e+00
    441.000    1473.31 0.0000e+00
    442.000    1473.34 0.0000e+00
    443.000    1473.36 0.0000e+00
    444.000    1473.39 0.0000e+00
    445.000    1473.48 0.0000e+00
    446.000    1473.55 0.0000e+00
    447.000    1473.55 0.0000e+00
    448.000    1473.57 0.0000e+00
    449.000    1473.59 0.0000e+00
    450.000    1473.61 0.0000e+00
    451.000    1473.64 0.0000e+00
    452.000    1473.65 0.0000e+00
    453.000    1473.65 0.0000e+00
    454.000    1473.67 0.0000e+00
    455.000    1473.68 0.0000e+00
    456.000    1473.69 0.0000e+00
    457.000    1473.69 0.0000e+00
    458.000    1473.68 0.0000e+00
    459.000    1473.68 0.0000e+00
    460.000    1473.69 0.0000e+00
    461.000    1473.71 0.0000e+00
    462.000    1473.78 0.0000e+00
    463.000    1473.84 0.0000e+00
    464.000    1473.85 0.0000e+00
    465.000    1473.87 0.0000e+00
    466.000    1473.92 0.0000e+00
    467.000    1473.99 0.0000e+00
    468.000    1474.03 0.0000e+00
    469.000    1474.04 0.0000e+00
    470.000    1474.06 0.0000e+00
    471.000    1474.09 0.0000e+00
    472.000    1474.11 0.0000e+00
    473.000    1474.12 0.0000e+00
    474.000    1474.12 0.0000e+00
    475.000    1474.13 0.0000e+00
    476.000    1474.13 0.0000e+00
    477.000    1474.14 0.0000e+00
    478.000    1474.15 0.0000e+00
    479.000    1474.16 0.0000e+00
    480.000    1474.16 0.0000e+00
    481.000    1474.16 0.0000e+00
    482.000    1474.17 0.0000e+00
    483.000    1474.20 0.0000e+00
