Cruise Data/Irminger_Sea-01_KN-221_2014-09-07/Ship Data/ctd/process/kkn22104006.cnv
* Sea-Bird SBE 9 Data File:
* FileName = C:\Data\ctd\KN22104006.hdr
* Software Version Seasave V 7.21k
* Temperature SN = 4195
* Conductivity SN = 2147
* Number of Bytes Per Scan = 40
* Number of Voltage Words = 5
* Number of Scans Averaged by the Deck Unit = 1
* NMEA Latitude = 59 57.97 N
* NMEA Longitude = 039 28.24 W
* NMEA UTC (Time) = Sep 12 2014 05:09:49
** KN221-04 Chief Scientist: Bob Weller
** OOI Irminger Sea Sept. 2014
** Station: 006
** Knudsen Depth: 2706
# nquan = 19
# nvalues = 4926                        
# units = specified
# name 0 = prDM: Pressure, Digiquartz [db]
# name 1 = t090C: Temperature [ITS-90, deg C]
# name 2 = t190C: Temperature, 2 [ITS-90, deg C]
# name 3 = c0S/m: Conductivity [S/m]
# name 4 = c1S/m: Conductivity, 2 [S/m]
# name 5 = sbeox0V: Oxygen raw, SBE 43 [V]
# name 6 = flECO-AFL: Fluorescence, WET Labs ECO-AFL/FL [mg/m^3]
# name 7 = CStarAt0: Beam Attenuation, WET Labs C-Star [1/m]
# name 8 = sbeox0ML/L: Oxygen, SBE 43 [ml/l]
# name 9 = depSM: Depth [salt water, m], lat = 59.9662
# name 10 = sal00: Salinity, Practical [PSU]
# name 11 = sal11: Salinity, Practical, 2 [PSU]
# name 12 = svDM: Sound Velocity [Delgrosso, m/s]
# name 13 = sbeox0ML/L: Oxygen, SBE 43 [ml/l], WS = 2
# name 14 = density00: Density [density, Kg/m^3]
# name 15 = density11: Density, 2 [density, Kg/m^3]
# name 16 = dz/dtM: Descent Rate [m/s], WS = 2
# name 17 = oxsatML/L: Oxygen Saturation, Weiss [ml/l]
# name 18 = flag: flag
# span 0 =     14.134,   2519.636       
# span 1 =     2.2198,     9.2483       
# span 2 =     2.2204,     9.2475       
# span 3 =   3.195604,   3.718017       
# span 4 =   3.195932,   3.718250       
# span 5 =     1.5153,     2.2089       
# span 6 =     0.0100,     1.9742       
# span 7 =     0.0833,     0.4032       
# span 8 =    4.65831,    5.08011       
# span 9 =     14.000,   2481.000       
# span 10 =    34.7531,    34.9944      
# span 11 =    34.6320,    34.9943      
# span 12 =    1470.90,    1500.97      
# span 13 =    4.65820,    5.07992      
# span 14 =  1026.9670,  1039.4008      
# span 15 =  1026.9692,  1039.4034      
# span 16 =     -2.232,      2.110      
# span 17 =    6.43334,    7.59975      
# span 18 = 0.0000e+00, 0.0000e+00      
# interval = meters: 1                  
# start_time = Sep 12 2014 05:09:49 [NMEA time, header]
# bad_flag = -9.990e-29
*END*
[from data line 3048]
   1926.919     3.1650     3.1643   3.258348   3.258548     1.5909     0.0359     0.0838    4.69549   1900.000    34.9267    34.9298    1494.46    4.69539  1036.6415  1036.6440     -0.777    7.41913 0.0000e+00
   1925.900     3.1652     3.1646   3.258341   3.258540     1.5910     0.0455     0.0836    4.69497   1899.000    34.9268    34.9299    1494.44    4.69487  1036.6370  1036.6395     -0.946    7.41907 0.0000e+00
   1924.881     3.1658     3.1652   3.258345   3.258543     1.5911     0.0470     0.0836    4.69503   1898.000    34.9268    34.9298    1494.43    4.69493  1036.6323  1036.6348     -1.119    7.41897 0.0000e+00
   1923.863     3.1665     3.1661   3.258365   3.258589     1.5910     0.0379     0.0836    4.69382   1897.000    34.9268    34.9299    1494.42    4.69372  1036.6277  1036.6301     -1.258    7.41884 0.0000e+00
   1922.844     3.1670     3.1665   3.258376   3.258586     1.5912     0.0406     0.0836    4.69397   1896.000    34.9268    34.9298    1494.40    4.69387  1036.6230  1036.6255     -1.299    7.41874 0.0000e+00
   1921.825     3.1680     3.1674   3.258419   3.258617     1.5911     0.0445     0.0836    4.69264   1895.000    34.9268    34.9298    1494.39    4.69254  1036.6183  1036.6207     -1.218    7.41857 0.0000e+00
   1920.806     3.1689     3.1688   3.258468   3.258706     1.5917     0.0370     0.0836    4.69449   1894.000    34.9269    34.9299    1494.38    4.69439  1036.6136  1036.6160     -1.064    7.41839 0.0000e+00
   1919.788     3.1702     3.1694   3.258551   3.258740     1.5919     0.0444     0.0837    4.69452   1893.000    34.9270    34.9301    1494.36    4.69442  1036.6090  1036.6116     -0.952    7.41814 0.0000e+00
   1918.769     3.1717     3.1706   3.258644   3.258788     1.5923     0.0396     0.0836    4.69540   1892.000    34.9271    34.9299    1494.35    4.69530  1036.6042  1036.6067     -0.870    7.41787 0.0000e+00
   1917.750     3.1719     3.1710   3.258619   3.258800     1.5925     0.0408     0.0836    4.69569   1891.000    34.9270    34.9302    1494.34    4.69559  1036.5996  1036.6022     -0.594    7.41782 0.0000e+00
   1916.731     3.1757     3.1721   3.258930   3.258801     1.5928     0.0435     0.0836    4.69590   1890.000    34.9273    34.9295    1494.34    4.69580  1036.5947  1036.5969     -0.864    7.41712 0.0000e+00
   1915.713     3.1778     3.1766   3.259107   3.259212     1.5929     0.0346     0.0836    4.69544   1889.000    34.9276    34.9302    1494.33    4.69534  1036.5900  1036.5923     -1.426    7.41670 0.0000e+00
   1914.694     3.1785     3.1783   3.259122   3.259357     1.5932     0.0357     0.0836    4.69577   1888.000    34.9275    34.9305    1494.32    4.69567  1036.5853  1036.5878     -1.647    7.41657 0.0000e+00
   1913.675     3.1793     3.1791   3.259160   3.259397     1.5932     0.0410     0.0836    4.69541   1887.000    34.9276    34.9306    1494.30    4.69531  1036.5807  1036.5831     -1.648    7.41642 0.0000e+00
   1912.657     3.1803     3.1800   3.259222   3.259434     1.5936     0.0476     0.0837    4.69626   1886.000    34.9278    34.9306    1494.29    4.69616  1036.5762  1036.5784     -1.438    7.41623 0.0000e+00
   1911.638     3.1810     3.1809   3.259255   3.259486     1.5935     0.0359     0.0836    4.69492   1885.000    34.9280    34.9308    1494.28    4.69482  1036.5717  1036.5739     -1.021    7.41610 0.0000e+00
   1910.619     3.1811     3.1806   3.259224   3.259441     1.5939     0.0397     0.0838    4.69616   1884.000    34.9279    34.9311    1494.26    4.69606  1036.5670  1036.5696     -0.690    7.41607 0.0000e+00
   1909.600     3.1805     3.1804   3.259114   3.259382     1.5941     0.0398     0.0837    4.69639   1883.000    34.9277    34.9311    1494.24    4.69629  1036.5624  1036.5651     -0.988    7.41619 0.0000e+00
   1908.582     3.1807     3.1801   3.259077   3.259294     1.5940     0.0409     0.0836    4.69547   1882.000    34.9276    34.9308    1494.22    4.69537  1036.5576  1036.5603     -1.170    7.41617 0.0000e+00
   1907.563     3.1814     3.1810   3.259097   3.259312     1.5943     0.0471     0.0836    4.69573   1881.000    34.9276    34.9306    1494.21    4.69563  1036.5530  1036.5554     -1.089    7.41604 0.0000e+00
   1906.544     3.1823     3.1816   3.259139   3.259326     1.5942     0.0414     0.0836    4.69484   1880.000    34.9277    34.9306    1494.20    4.69474  1036.5483  1036.5508     -0.802    7.41588 0.0000e+00
   1905.526     3.1848     3.1832   3.259317   3.259420     1.5944     0.0444     0.0836    4.69467   1879.000    34.9276    34.9306    1494.19    4.69457  1036.5433  1036.5459     -0.744    7.41541 0.0000e+00
   1904.507     3.1856     3.1845   3.259348   3.259501     1.5946     0.0346     0.0836    4.69471   1878.000    34.9276    34.9307    1494.18    4.69461  1036.5387  1036.5413     -1.160    7.41526 0.0000e+00
   1903.488     3.1855     3.1850   3.259288   3.259498     1.5946     0.0568     0.0837    4.69433   1877.000    34.9275    34.9306    1494.16    4.69423  1036.5341  1036.5365     -1.431    7.41528 0.0000e+00
   1902.470     3.1857     3.1853   3.259255   3.259478     1.5946     0.0548     0.0836    4.69369   1876.000    34.9274    34.9305    1494.14    4.69359  1036.5294  1036.5319     -1.526    7.41525 0.0000e+00
   1901.451     3.1861     3.1857   3.259253   3.259453     1.5946     0.0467     0.0836    4.69300   1875.000    34.9274    34.9303    1494.13    4.69290  1036.5247  1036.5270     -1.451    7.41517 0.0000e+00
   1900.432     3.1867     3.1864   3.259257   3.259484     1.5947     0.0257     0.0836    4.69255   1874.000    34.9274    34.9304    1494.11    4.69245  1036.5200  1036.5225     -1.191    7.41507 0.0000e+00
   1899.414     3.1867     3.1867   3.259231   3.259476     1.5952     0.0332     0.0836    4.69404   1873.000    34.9275    34.9305    1494.10    4.69394  1036.5155  1036.5178     -0.667    7.41506 0.0000e+00
   1898.395     3.1880     3.1875   3.259285   3.259515     1.5957     0.0357     0.0836    4.69545   1872.000    34.9274    34.9306    1494.08    4.69535  1036.5107  1036.5133     -0.708    7.41484 0.0000e+00
   1897.376     3.1892     3.1881   3.259342   3.259493     1.5960     0.0474     0.0836    4.69595   1871.000    34.9272    34.9302    1494.07    4.69585  1036.5059  1036.5083     -1.256    7.41462 0.0000e+00
   1896.358     3.1904     3.1897   3.259417   3.259598     1.5960     0.0386     0.0836    4.69520   1870.000    34.9273    34.9302    1494.06    4.69510  1036.5011  1036.5035     -1.395    7.41438 0.0000e+00
   1895.339     3.1906     3.1903   3.259408   3.259636     1.5961     0.0349     0.0836    4.69479   1869.000    34.9275    34.9305    1494.04    4.69469  1036.4967  1036.4991     -1.314    7.41433 0.0000e+00
   1894.321     3.1911     3.1906   3.259410   3.259627     1.5963     0.0348     0.0836    4.69496   1868.000    34.9275    34.9306    1494.03    4.69486  1036.4921  1036.4945     -1.070    7.41425 0.0000e+00
   1893.302     3.1912     3.1904   3.259379   3.259564     1.5968     0.0352     0.0836    4.69642   1867.000    34.9275    34.9306    1494.01    4.69632  1036.4874  1036.4900     -0.804    7.41423 0.0000e+00
   1892.283     3.1916     3.1910   3.259374   3.259569     1.5968     0.0502     0.0836    4.69600   1866.000    34.9275    34.9305    1494.00    4.69589  1036.4828  1036.4854     -0.832    7.41415 0.0000e+00
   1891.265     3.1923     3.1915   3.259392   3.259575     1.5969     0.0413     0.0836    4.69576   1865.000    34.9275    34.9305    1493.98    4.69566  1036.4781  1036.4806     -1.072    7.41403 0.0000e+00
   1890.246     3.1923     3.1918   3.259359   3.259578     1.5970     0.0421     0.0836    4.69557   1864.000    34.9276    34.9307    1493.97    4.69546  1036.4736  1036.4762     -1.266    7.41402 0.0000e+00
   1889.228     3.1932     3.1926   3.259396   3.259588     1.5972     0.0441     0.0836    4.69539   1863.000    34.9276    34.9305    1493.95    4.69529  1036.4689  1036.4713     -1.366    7.41385 0.0000e+00
   1888.209     3.1948     3.1944   3.259488   3.259710     1.5972     0.0349     0.0836    4.69484   1862.000    34.9275    34.9305    1493.94    4.69473  1036.4641  1036.4664     -1.345    7.41357 0.0000e+00
   1887.190     3.1960     3.1955   3.259558   3.259768     1.5973     0.0348     0.0836    4.69425   1861.000    34.9276    34.9306    1493.93    4.69415  1036.4595  1036.4618     -1.185    7.41335 0.0000e+00
   1886.172     3.1968     3.1956   3.259585   3.259748     1.5980     0.0447     0.0836    4.69647   1860.000    34.9276    34.9307    1493.92    4.69637  1036.4547  1036.4574     -0.885    7.41320 0.0000e+00
   1885.153     3.1977     3.1958   3.259637   3.259712     1.5981     0.0315     0.0837    4.69612   1859.000    34.9277    34.9305    1493.90    4.69602  1036.4501  1036.4526     -0.614    7.41302 0.0000e+00
   1884.135     3.2010     3.1988   3.259881   3.259934     1.5982     0.0322     0.0836    4.69555   1858.000    34.9276    34.9305    1493.90    4.69545  1036.4449  1036.4475     -0.741    7.41241 0.0000e+00
   1883.116     3.2030     3.2014   3.260053   3.260136     1.5983     0.0349     0.0836    4.69509   1857.000    34.9280    34.9307    1493.89    4.69499  1036.4404  1036.4427     -0.977    7.41202 0.0000e+00
   1882.098     3.2031     3.2026   3.260008   3.260225     1.5983     0.0348     0.0836    4.69464   1856.000    34.9279    34.9310    1493.88    4.69454  1036.4358  1036.4382     -1.187    7.41201 0.0000e+00
   1881.079     3.2036     3.2031   3.260004   3.260224     1.5983     0.0251     0.0836    4.69394   1855.000    34.9277    34.9309    1493.86    4.69384  1036.4310  1036.4336     -1.418    7.41192 0.0000e+00
   1880.060     3.2043     3.2035   3.260041   3.260235     1.5984     0.0278     0.0836    4.69359   1854.000    34.9280    34.9311    1493.85    4.69349  1036.4265  1036.4291     -1.618    7.41179 0.0000e+00
   1879.042     3.2042     3.2037   3.259986   3.260214     1.5984     0.0358     0.0836    4.69297   1853.000    34.9279    34.9311    1493.83    4.69287  1036.4219  1036.4244     -1.728    7.41180 0.0000e+00
   1878.023     3.2032     3.2029   3.259829   3.260103     1.5983     0.0424     0.0836    4.69209   1852.000    34.9276    34.9312    1493.81    4.69199  1036.4172  1036.4200     -1.700    7.41201 0.0000e+00
   1877.005     3.2022     3.2016   3.259698   3.259911     1.5989     0.0470     0.0837    4.69423   1851.000    34.9276    34.9308    1493.79    4.69413  1036.4127  1036.4153     -1.435    7.41219 0.0000e+00
   1875.986     3.2020     3.2014   3.259637   3.259842     1.5993     0.0413     0.0836    4.69529   1850.000    34.9276    34.9306    1493.77    4.69519  1036.4082  1036.4106     -0.217    7.41223 0.0000e+00
   1874.968     3.2026     3.2018   3.259612   3.259811     1.5993     0.0346     0.0836    4.69452   1849.000    34.9271    34.9304    1493.76    4.69442  1036.4032  1036.4059     -1.746    7.41214 0.0000e+00
   1873.949     3.2033     3.2029   3.259626   3.259850     1.5994     0.0370     0.0836    4.69437   1848.000    34.9271    34.9302    1493.74    4.69426  1036.3984  1036.4010     -2.011    7.41202 0.0000e+00
   1872.931     3.2045     3.2040   3.259698   3.259902     1.5994     0.0359     0.0836    4.69359   1847.000    34.9271    34.9301    1493.73    4.69349  1036.3937  1036.3961     -2.077    7.41178 0.0000e+00
   1871.912     3.2052     3.2051   3.259721   3.259970     1.5995     0.0369     0.0840    4.69336   1846.000    34.9271    34.9302    1493.72    4.69326  1036.3892  1036.3915     -1.991    7.41165 0.0000e+00
   1870.894     3.2058     3.2057   3.259743   3.259982     1.5995     0.0348     0.0838    4.69264   1845.000    34.9272    34.9302    1493.70    4.69254  1036.3845  1036.3868     -1.767    7.41154 0.0000e+00
   1869.875     3.2065     3.2063   3.259755   3.259991     1.5995     0.0354     0.0836    4.69193   1844.000    34.9272    34.9302    1493.69    4.69183  1036.3799  1036.3822     -1.347    7.41142 0.0000e+00
   1868.857     3.2075     3.2072   3.259808   3.260034     1.5998     0.0404     0.0836    4.69225   1843.000    34.9272    34.9302    1493.67    4.69215  1036.3751  1036.3776     -0.639    7.41123 0.0000e+00
   1867.838     3.2085     3.2079   3.259836   3.260049     1.6003     0.0348     0.0836    4.69367   1842.000    34.9270    34.9302    1493.66    4.69356  1036.3702  1036.3728     -0.842    7.41105 0.0000e+00
   1866.820     3.2097     3.2084   3.259901   3.260041     1.6006     0.0366     0.0836    4.69416   1841.000    34.9270    34.9300    1493.65    4.69406  1036.3655  1036.3680     -1.158    7.41084 0.0000e+00
   1865.801     3.2107     3.2102   3.259957   3.260159     1.6007     0.0349     0.0837    4.69406   1840.000    34.9271    34.9301    1493.64    4.69396  1036.3608  1036.3633     -1.102    7.41064 0.0000e+00
   1864.783     3.2108     3.2117   3.259928   3.260255     1.6008     0.0357     0.0837    4.69384   1839.000    34.9272    34.9301    1493.62    4.69374  1036.3563  1036.3585     -0.919    7.41063 0.0000e+00
   1863.764     3.2134     3.2130   3.260114   3.260342     1.6010     0.0358     0.0836    4.69357   1838.000    34.9272    34.9303    1493.61    4.69347  1036.3513  1036.3539     -0.957    7.41015 0.0000e+00
   1862.746     3.2144     3.2138   3.260191   3.260385     1.6017     0.0348     0.0836    4.69578   1837.000    34.9274    34.9304    1493.60    4.69568  1036.3468  1036.3492     -1.204    7.40994 0.0000e+00
   1861.727     3.2155     3.2151   3.260227   3.260440     1.6019     0.0348     0.0836    4.69595   1836.000    34.9273    34.9302    1493.59    4.69585  1036.3419  1036.3444     -1.282    7.40975 0.0000e+00
   1860.709     3.2167     3.2174   3.260312   3.260600     1.6020     0.0357     0.0836    4.69546   1835.000    34.9275    34.9302    1493.58    4.69535  1036.3374  1036.3394     -1.154    7.40952 0.0000e+00
   1859.690     3.2182     3.2195   3.260408   3.260761     1.6020     0.0352     0.0838    4.69459   1834.000    34.9275    34.9304    1493.57    4.69449  1036.3326  1036.3347     -0.822    7.40923 0.0000e+00
   1858.672     3.2198     3.2211   3.260501   3.260863     1.6020     0.0399     0.0838    4.69375   1833.000    34.9275    34.9304    1493.56    4.69365  1036.3279  1036.3300     -0.757    7.40895 0.0000e+00
   1857.653     3.2225     3.2222   3.260716   3.260948     1.6020     0.0343     0.0836    4.69296   1832.000    34.9277    34.9308    1493.55    4.69286  1036.3230  1036.3254     -0.994    7.40844 0.0000e+00
   1856.635     3.2227     3.2225   3.260690   3.260929     1.6026     0.0393     0.0836    4.69459   1831.000    34.9276    34.9307    1493.54    4.69449  1036.3184  1036.3208     -1.195    7.40840 0.0000e+00
   1855.616     3.2230     3.2229   3.260678   3.260913     1.6025     0.0564     0.0836    4.69376   1830.000    34.9276    34.9306    1493.52    4.69366  1036.3137  1036.3160     -1.352    7.40834 0.0000e+00
   1854.598     3.2237     3.2233   3.260685   3.260908     1.6025     0.0350     0.0836    4.69301   1829.000    34.9274    34.9306    1493.51    4.69291  1036.3090  1036.3114     -1.432    7.40822 0.0000e+00
   1853.580     3.2243     3.2238   3.260707   3.260927     1.6032     0.0442     0.0836    4.69529   1828.000    34.9276    34.9307    1493.49    4.69519  1036.3043  1036.3069     -1.382    7.40810 0.0000e+00
   1852.561     3.2244     3.2243   3.260681   3.260924     1.6031     0.0421     0.0839    4.69415   1827.000    34.9277    34.9307    1493.48    4.69404  1036.2998  1036.3022     -1.106    7.40808 0.0000e+00
   1851.543     3.2250     3.2251   3.260703   3.260949     1.6032     0.0353     0.0837    4.69387   1826.000    34.9278    34.9306    1493.46    4.69377  1036.2953  1036.2975     -0.517    7.40796 0.0000e+00
