Cruise Data/Irminger_Sea-01_KN-221_2014-09-07/Ship Data/ctd/process/kkn22104004.cnv
* Sea-Bird SBE 9 Data File:
* FileName = C:\Data\ctd\KN22104004.hdr
* Software Version Seasave V 7.21k
* Temperature SN = 4195
* Conductivity SN = 2147
* Number of Bytes Per Scan = 40
* Number of Voltage Words = 5
* Number of Scans Averaged by the Deck Unit = 1
* NMEA Latitude = 61 39.45 N
* NMEA Longitude = 033 04.60 W
* NMEA UTC (Time) = Sep 08 2014 23:19:14
** KN221-04 Chief Scientist: Bob Weller
** OOI Irminger Sea Sept. 2014
** Station: 004
** Knudsen Depth: 2976
# nquan = 19
# nvalues = 981                         
# units = specified
# name 0 = prDM: Pressure, Digiquartz [db]
# name 1 = t090C: Temperature [ITS-90, deg C]
# name 2 = t190C: Temperature, 2 [ITS-90, deg C]
# name 3 = c0S/m: Conductivity [S/m]
# name 4 = c1S/m: Conductivity, 2 [S/m]
# name 5 = sbeox0V: Oxygen raw, SBE 43 [V]
# name 6 = flECO-AFL: Fluorescence, WET Labs ECO-AFL/FL [mg/m^3]
# name 7 = CStarAt0: Beam Attenuation, WET Labs C-Star [1/m]
# name 8 = sbeox0ML/L: Oxygen, SBE 43 [ml/l]
# name 9 = depSM: Depth [salt water, m], lat = 61.6575
# name 10 = sal00: Salinity, Practical [PSU]
# name 11 = sal11: Salinity, Practical, 2 [PSU]
# name 12 = svDM: Sound Velocity [Delgrosso, m/s]
# name 13 = sbeox0ML/L: Oxygen, SBE 43 [ml/l], WS = 2
# name 14 = density00: Density [density, Kg/m^3]
# name 15 = density11: Density, 2 [density, Kg/m^3]
# name 16 = dz/dtM: Descent Rate [m/s], WS = 2
# name 17 = oxsatML/L: Oxygen Saturation, Weiss [ml/l]
# name 18 = flag: flag
# span 0 =      5.048,    504.429       
# span 1 =     4.2695,    10.5679       
# span 2 =     4.2687,    10.5671       
# span 3 =   3.295726,   3.846950       
# span 4 =   3.295868,   3.847254       
# span 5 =     1.8875,     2.2105       
# span 6 =     0.0104,     1.3687       
# span 7 =     0.0869,     0.3235       
# span 8 =    4.68313,    4.92739       
# span 9 =      5.000,    499.000       
# span 10 =    34.8186,    35.0033      
# span 11 =    34.8077,    35.0055      
# span 12 =    1474.42,    1492.12      
# span 13 =    4.68299,    4.92719      
# span 14 =  1026.7494,  1030.0277      
# span 15 =  1026.7516,  1030.0299      
# span 16 =     -1.876,      1.826      
# span 17 =    6.24697,    7.21960      
# span 18 = 0.0000e+00, 0.0000e+00      
# interval = meters: 1                  
# start_time = Sep 08 2014 23:19:14 [NMEA time, header]
# bad_flag = -9.990e-29
*END*
[from data line 77]
     90.888     6.0753     6.0733   3.447483   3.447563     2.0352     0.0645     0.1009    4.81609     90.000    34.9983    35.0012    1476.43    4.81592  1027.9600  1027.9626      1.272    6.90943 0.0000e+00
     91.899     6.0612     6.0590   3.446160   3.446121     2.0344     0.0558     0.1005    4.81587     91.000    34.9974    34.9992    1476.39    4.81569  1027.9658  1027.9675      0.824    6.91177 0.0000e+00
     92.909     6.0647     6.0533   3.446398   3.445427     2.0349     0.0669     0.1006    4.81762     92.000    34.9959    34.9967    1476.42    4.81744  1027.9689  1027.9709      0.140    6.91127 0.0000e+00
     93.919     6.0266     6.0254   3.442812   3.443117     2.0342     0.0498     0.1007    4.82092     93.000    34.9943    34.9989    1476.28    4.82074  1027.9772  1027.9810      0.842    6.91757 0.0000e+00
     94.929     5.9805     5.9793   3.438469   3.438514     2.0328     0.0612     0.0998    4.82272     94.000    34.9923    34.9941    1476.11    4.82254  1027.9863  1027.9879      0.761    6.92521 0.0000e+00
     95.939     5.9577     5.9577   3.436301   3.436466     2.0317     0.0467     0.0996    4.82271     95.000    34.9908    34.9927    1476.03    4.82253  1027.9927  1027.9943      0.574    6.92901 0.0000e+00
     96.949     5.9447     5.9436   3.435059   3.435046     2.0320     0.0470     0.0997    4.82576     96.000    34.9897    34.9907    1476.00    4.82559  1027.9982  1027.9991      0.398    6.93120 0.0000e+00
     97.959     5.9402     5.9390   3.434631   3.434616     2.0321     0.0470     0.0992    4.82714     97.000    34.9890    34.9901    1475.99    4.82697  1028.0028  1028.0039      0.373    6.93197 0.0000e+00
     98.969     5.9373     5.9361   3.434433   3.434409     2.0322     0.0470     0.0994    4.82845     98.000    34.9893    34.9902    1476.00    4.82827  1028.0081  1028.0089      0.766    6.93244 0.0000e+00
     99.980     5.9334     5.9328   3.434155   3.434243     2.0325     0.0470     0.1024    4.83069     99.000    34.9896    34.9912    1476.00    4.83052  1028.0134  1028.0149      0.932    6.93306 0.0000e+00
    100.990     5.9292     5.9275   3.433803   3.433747     2.0320     0.0442     0.0994    4.83030    100.000    34.9894    34.9905    1476.00    4.83013  1028.0186  1028.0197      0.415    6.93376 0.0000e+00
    102.000     5.9259     5.9239   3.433540   3.433475     2.0311     0.0458     0.0991    4.82847    101.000    34.9893    34.9906    1476.00    4.82829  1028.0236  1028.0249      0.870    6.93430 0.0000e+00
    103.010     5.9206     5.9193   3.433120   3.433111     2.0310     0.0418     0.0988    4.82918    102.000    34.9895    34.9908    1476.00    4.82901  1028.0291  1028.0303      1.120    6.93516 0.0000e+00
    104.020     5.9099     5.9065   3.432154   3.432079     2.0303     0.0464     0.0988    4.82895    103.000    34.9891    34.9918    1475.97    4.82877  1028.0348  1028.0374      0.987    6.93694 0.0000e+00
    105.030     5.8887     5.8872   3.430221   3.430223     2.0294     0.0443     0.0991    4.82938    104.000    34.9886    34.9902    1475.90    4.82921  1028.0417  1028.0432      0.727    6.94045 0.0000e+00
    106.040     5.8676     5.8663   3.428165   3.428254     2.0287     0.0471     0.0987    4.83048    105.000    34.9867    34.9890    1475.83    4.83031  1028.0476  1028.0497      0.687    6.94402 0.0000e+00
    107.051     5.8379     5.8382   3.425327   3.425604     2.0283     0.0424     0.0988    4.83350    106.000    34.9847    34.9876    1475.73    4.83333  1028.0546  1028.0568      0.744    6.94900 0.0000e+00
    108.061     5.8115     5.8096   3.422797   3.422853     2.0280     0.0471     0.0989    4.83638    107.000    34.9828    34.9854    1475.64    4.83621  1028.0610  1028.0634      0.845    6.95345 0.0000e+00
    109.071     5.7750     5.7730   3.419400   3.419458     2.0273     0.0596     0.0989    4.83947    108.000    34.9815    34.9843    1475.51    4.83930  1028.0695  1028.0719      1.057    6.95954 0.0000e+00
    110.081     5.7563     5.7549   3.417759   3.417806     2.0272     0.0598     0.0985    4.84196    109.000    34.9817    34.9837    1475.45    4.84179  1028.0767  1028.0784      1.199    6.96262 0.0000e+00
    111.091     5.7435     5.7424   3.416594   3.416651     2.0268     0.0460     0.0984    4.84301    110.000    34.9812    34.9830    1475.41    4.84284  1028.0825  1028.0840      1.247    6.96476 0.0000e+00
    112.102     5.7356     5.7341   3.415874   3.415900     2.0269     0.0438     0.0979    4.84502    111.000    34.9807    34.9825    1475.40    4.84485  1028.0878  1028.0894      1.245    6.96609 0.0000e+00
    113.112     5.7248     5.7236   3.414933   3.414940     2.0265     0.0476     0.0982    4.84568    112.000    34.9807    34.9820    1475.37    4.84551  1028.0938  1028.0950      1.177    6.96788 0.0000e+00
    114.122     5.7167     5.7153   3.414217   3.414217     2.0258     0.0443     0.0980    4.84483    113.000    34.9804    34.9818    1475.35    4.84466  1028.0992  1028.1006      0.972    6.96925 0.0000e+00
    115.132     5.7146     5.7128   3.414039   3.413941     2.0256     0.0436     0.0979    4.84527    114.000    34.9800    34.9808    1475.36    4.84510  1028.1039  1028.1047      0.605    6.96961 0.0000e+00
    116.142     5.7103     5.7096   3.413664   3.413688     2.0249     0.0424     0.0976    4.84424    115.000    34.9797    34.9807    1475.36    4.84407  1028.1088  1028.1096      0.727    6.97033 0.0000e+00
    117.153     5.7083     5.7069   3.413524   3.413496     2.0244     0.0436     0.0977    4.84358    116.000    34.9796    34.9808    1475.37    4.84341  1028.1136  1028.1147      1.120    6.97066 0.0000e+00
    118.163     5.7014     5.7003   3.412935   3.412978     2.0238     0.0311     0.0965    4.84310    117.000    34.9796    34.9812    1475.36    4.84294  1028.1191  1028.1205      1.320    6.97182 0.0000e+00
    119.173     5.6957     5.6945   3.412454   3.412459     2.0234     0.0349     0.0972    4.84320    118.000    34.9794    34.9807    1475.35    4.84303  1028.1244  1028.1256      1.395    6.97276 0.0000e+00
    120.183     5.6939     5.6926   3.412333   3.412299     2.0232     0.0472     0.0972    4.84340    119.000    34.9795    34.9804    1475.36    4.84324  1028.1294  1028.1302      1.394    6.97307 0.0000e+00
    121.194     5.6928     5.6915   3.412263   3.412232     2.0225     0.0437     0.0971    4.84185    120.000    34.9793    34.9803    1475.37    4.84168  1028.1339  1028.1349      1.343    6.97326 0.0000e+00
    122.204     5.6918     5.6907   3.412266   3.412239     2.0220     0.0434     0.1024    4.84108    121.000    34.9798    34.9807    1475.38    4.84091  1028.1392  1028.1400      1.191    6.97340 0.0000e+00
    123.214     5.6906     5.6895   3.412201   3.412194     2.0216     0.0428     0.0978    4.84067    122.000    34.9798    34.9808    1475.39    4.84051  1028.1439  1028.1449      0.844    6.97360 0.0000e+00
    124.224     5.6841     5.6825   3.411634   3.411589     2.0203     0.0418     0.0972    4.83774    123.000    34.9795    34.9807    1475.38    4.83757  1028.1492  1028.1503      0.465    6.97468 0.0000e+00
    125.235     5.6778     5.6763   3.411097   3.411073     2.0207     0.0229     0.0974    4.84060    124.000    34.9795    34.9808    1475.38    4.84043  1028.1547  1028.1558      0.862    6.97574 0.0000e+00
    126.245     5.6702     5.6691   3.410421   3.410513     2.0207     0.0233     0.0967    4.84215    125.000    34.9791    34.9813    1475.36    4.84199  1028.1600  1028.1619      1.277    6.97702 0.0000e+00
    127.255     5.6597     5.6580   3.409475   3.409461     2.0210     0.0394     0.0989    4.84508    126.000    34.9787    34.9803    1475.33    4.84491  1028.1656  1028.1671      1.524    6.97878 0.0000e+00
    128.265     5.6563     5.6547   3.409190   3.409184     2.0210     0.0422     0.0980    4.84588    127.000    34.9785    34.9801    1475.34    4.84571  1028.1705  1028.1720      1.644    6.97936 0.0000e+00
    129.276     5.6492     5.6477   3.408537   3.408596     2.0211     0.0418     0.0987    4.84800    128.000    34.9779    34.9801    1475.32    4.84783  1028.1757  1028.1776      1.650    6.98057 0.0000e+00
    130.286     5.6355     5.6346   3.407295   3.407384     2.0211     0.0417     0.0971    4.85019    129.000    34.9774    34.9794    1475.28    4.85002  1028.1816  1028.1833      1.539    6.98287 0.0000e+00
    131.296     5.6294     5.6281   3.406755   3.406779     2.0206     0.0431     0.0977    4.85005    130.000    34.9770    34.9787    1475.28    4.84988  1028.1868  1028.1882      1.310    6.98389 0.0000e+00
    132.307     5.6246     5.6232   3.406313   3.406298     2.0199     0.0431     0.0978    4.84915    131.000    34.9765    34.9778    1475.27    4.84898  1028.1917  1028.1927      0.954    6.98473 0.0000e+00
    133.317     5.6181     5.6155   3.405706   3.405581     2.0189     0.0368     0.0970    4.84735    132.000    34.9758    34.9771    1475.26    4.84718  1028.1965  1028.1979      0.467    6.98584 0.0000e+00
    134.327     5.6017     5.5997   3.404176   3.404121     2.0174     0.0478     0.0959    4.84502    133.000    34.9748    34.9763    1475.21    4.84486  1028.2025  1028.2039      0.781    6.98861 0.0000e+00
    135.337     5.5878     5.5865   3.402930   3.402975     2.0168     0.0470     0.0960    4.84553    134.000    34.9745    34.9764    1475.17    4.84537  1028.2086  1028.2103      1.236    6.99094 0.0000e+00
    136.348     5.5821     5.5809   3.402445   3.402459     2.0159     0.0433     0.0971    4.84400    135.000    34.9744    34.9759    1475.16    4.84383  1028.2140  1028.2152      1.368    6.99190 0.0000e+00
    137.358     5.5800     5.5790   3.402298   3.402299     2.0156     0.0392     0.0968    4.84394    136.000    34.9744    34.9755    1475.17    4.84378  1028.2189  1028.2198      1.288    6.99225 0.0000e+00
    138.368     5.5778     5.5765   3.402169   3.402147     2.0150     0.0354     0.0963    4.84304    137.000    34.9747    34.9757    1475.18    4.84287  1028.2240  1028.2250      1.154    6.99260 0.0000e+00
    139.379     5.5684     5.5664   3.401350   3.401392     2.0148     0.0227     0.0978    4.84399    138.000    34.9745    34.9771    1475.16    4.84382  1028.2297  1028.2321      1.174    6.99417 0.0000e+00
    140.389     5.5455     5.5439   3.399252   3.399283     2.0149     0.0233     0.0959    4.84793    139.000    34.9738    34.9759    1475.08    4.84776  1028.2367  1028.2385      1.302    6.99803 0.0000e+00
    141.399     5.5377     5.5364   3.398539   3.398596     2.0150     0.0379     0.0977    4.84990    140.000    34.9734    34.9753    1475.07    4.84974  1028.2419  1028.2438      1.355    6.99936 0.0000e+00
    142.410     5.5242     5.5228   3.397332   3.397388     2.0150     0.0408     0.0967    4.85227    141.000    34.9730    34.9751    1475.03    4.85211  1028.2482  1028.2499      1.236    7.00163 0.0000e+00
    143.420     5.5163     5.5152   3.396622   3.396631     2.0149     0.0327     0.0967    4.85360    142.000    34.9726    34.9739    1475.01    4.85344  1028.2534  1028.2545      0.816    7.00297 0.0000e+00
    144.430     5.5133     5.5121   3.396336   3.396294     2.0149     0.0389     0.0957    4.85465    143.000    34.9719    34.9727    1475.02    4.85448  1028.2578  1028.2587      0.397    7.00350 0.0000e+00
    145.441     5.5142     5.5127   3.396443   3.396384     2.0147     0.0406     0.0959    4.85449    144.000    34.9717    34.9726    1475.04    4.85433  1028.2623  1028.2632      1.059    7.00337 0.0000e+00
    146.451     5.5134     5.5122   3.396424   3.396397     2.0147     0.0472     0.0955    4.85510    145.000    34.9718    34.9727    1475.05    4.85494  1028.2671  1028.2679      1.365    7.00349 0.0000e+00
    147.462     5.5128     5.5117   3.396410   3.396408     2.0145     0.0319     0.0947    4.85533    146.000    34.9717    34.9728    1475.06    4.85517  1028.2717  1028.2727      1.470    7.00359 0.0000e+00
    148.472     5.5131     5.5122   3.396478   3.396472     2.0139     0.0256     0.0958    4.85395    147.000    34.9717    34.9725    1475.08    4.85379  1028.2764  1028.2771      1.445    7.00355 0.0000e+00
    149.482     5.5098     5.5075   3.396195   3.396201     2.0141     0.0419     0.0958    4.85542    148.000    34.9713    34.9738    1475.08    4.85526  1028.2811  1028.2833      1.344    7.00412 0.0000e+00
    150.493     5.4953     5.4934   3.394923   3.394861     2.0136     0.0421     0.0958    4.85641    149.000    34.9713    34.9726    1475.04    4.85625  1028.2876  1028.2888      1.221    7.00655 0.0000e+00
    151.503     5.4937     5.4926   3.394809   3.394794     2.0131     0.0441     0.0964    4.85571    150.000    34.9711    34.9722    1475.05    4.85555  1028.2922  1028.2933      1.119    7.00681 0.0000e+00
    152.513     5.4935     5.4921   3.394844   3.394818     2.0124     0.0431     0.0971    4.85406    151.000    34.9712    34.9723    1475.07    4.85389  1028.2971  1028.2981      0.988    7.00685 0.0000e+00
    153.524     5.4913     5.4899   3.394692   3.394650     2.0123     0.0408     0.0955    4.85473    152.000    34.9713    34.9723    1475.07    4.85457  1028.3020  1028.3030      0.754    7.00722 0.0000e+00
    154.534     5.4905     5.4893   3.394654   3.394623     2.0121     0.0311     0.0949    4.85473    153.000    34.9711    34.9720    1475.09    4.85457  1028.3066  1028.3075      0.612    7.00735 0.0000e+00
    155.545     5.4862     5.4851   3.394305   3.394336     2.0119     0.0432     0.0971    4.85532    154.000    34.9710    34.9725    1475.09    4.85515  1028.3118  1028.3131      0.951    7.00807 0.0000e+00
    156.555     5.4798     5.4780   3.393769   3.393769     2.0117     0.0207     0.0957    4.85606    155.000    34.9711    34.9730    1475.08    4.85590  1028.3173  1028.3190      1.252    7.00915 0.0000e+00
    157.565     5.4709     5.4694   3.393011   3.393031     2.0118     0.0205     0.0966    4.85804    156.000    34.9711    34.9729    1475.06    4.85787  1028.3231  1028.3247      1.356    7.01064 0.0000e+00
    158.576     5.4658     5.4642   3.392584   3.392560     2.0111     0.0397     0.0955    4.85714    157.000    34.9710    34.9725    1475.05    4.85698  1028.3284  1028.3297      1.310    7.01150 0.0000e+00
    159.586     5.4641     5.4628   3.392476   3.392455     2.0110     0.0421     0.0952    4.85776    158.000    34.9710    34.9721    1475.06    4.85759  1028.3331  1028.3342      1.181    7.01178 0.0000e+00
    160.597     5.4596     5.4587   3.392085   3.392144     2.0108     0.0434     0.0954    4.85831    159.000    34.9707    34.9724    1475.06    4.85815  1028.3381  1028.3396      1.042    7.01255 0.0000e+00
    161.607     5.4557     5.4532   3.391778   3.391645     2.0108     0.0266     0.0945    4.85914    160.000    34.9708    34.9718    1475.06    4.85898  1028.3434  1028.3445      0.976    7.01321 0.0000e+00
    162.618     5.4519     5.4501   3.391455   3.391415     2.0100     0.0226     0.0949    4.85777    161.000    34.9704    34.9719    1475.06    4.85761  1028.3483  1028.3496      0.989    7.01385 0.0000e+00
    163.628     5.4534     5.4500   3.391629   3.391348     2.0099     0.0400     0.0944    4.85790    162.000    34.9704    34.9707    1475.08    4.85773  1028.3527  1028.3534      1.000    7.01361 0.0000e+00
    164.639     5.4565     5.4553   3.391954   3.391932     2.0098     0.0257     0.0950    4.85782    163.000    34.9704    34.9713    1475.11    4.85766  1028.3569  1028.3578      0.927    7.01309 0.0000e+00
    165.649     5.4544     5.4529   3.391800   3.391791     2.0096     0.0404     0.0965    4.85830    164.000    34.9702    34.9716    1475.12    4.85814  1028.3617  1028.3630      0.761    7.01345 0.0000e+00
