Cruise Data/Irminger_Sea-01_KN-221_2014-09-07/Ship Data/ctd/process/kkn22104005.ros
* Sea-Bird SBE 9 Data File:
* FileName = C:\Data\ctd\KN22104005.hdr
* Software Version Seasave V 7.21k
* Temperature SN = 4195
* Conductivity SN = 2147
* Number of Bytes Per Scan = 40
* Number of Voltage Words = 5
* Number of Scans Averaged by the Deck Unit = 1
* NMEA Latitude = 59 55.45 N
* NMEA Longitude = 039 30.56 W
* NMEA UTC (Time) = Sep 11 2014 22:48:32
** KN221-04 Chief Scientist: Bob Weller
** OOI Irminger Sea Sept. 2014
** Station: 005
** Knudsen Depth: 2715
# nquan = 12
# nvalues = 588                                   
# units = specified
# name 0 = prDM: Pressure, Digiquartz [db]
# name 1 = t090C: Temperature [ITS-90, deg C]
# name 2 = t190C: Temperature, 2 [ITS-90, deg C]
# name 3 = c0S/m: Conductivity [S/m]
# name 4 = c1S/m: Conductivity, 2 [S/m]
# name 5 = sbeox0V: Oxygen raw, SBE 43 [V]
# name 6 = flECO-AFL: Fluorescence, WET Labs ECO-AFL/FL [mg/m^3]
# name 7 = CStarAt0: Beam Attenuation, WET Labs C-Star [1/m]
# name 8 = sbeox0ML/L: Oxygen, SBE 43 [ml/l]
# name 9 = scan: Scan Count
# name 10 = nbf: Bottles Fired
# name 11 = flag:  0.000e+00
# interval = seconds: 0.0416667
# start_time = Sep 11 2014 22:48:32 [NMEA time, header]
# bad_flag = -9.990e-29
*END*
   1503.091     3.5292     3.5285   3.273259   3.273457     1.6551     0.0348     0.0792    4.65664      41065          1  0.000e+00
   1503.043     3.5294     3.5288   3.273259   3.273426     1.6551     0.0348     0.0792    4.65659      41066          1  0.000e+00
   1503.091     3.5292     3.5287   3.273265   3.273457     1.6551     0.0348     0.0803    4.65664      41067          1  0.000e+00
   1503.099     3.5293     3.5286   3.273253   3.273426     1.6551     0.0470     0.0792    4.65665      41068          1  0.000e+00
   1503.043     3.5292     3.5285   3.273241   3.273426     1.6551     0.0348     0.0792    4.65662      41069          1  0.000e+00
   1503.091     3.5292     3.5286   3.273283   3.273394     1.6563     0.0348     0.0792    4.66160      41070          1  0.000e+00
   1503.099     3.5294     3.5287   3.273277   3.273426     1.6563     0.0348     0.0792    4.66159      41071          1  0.000e+00
   1503.091     3.5291     3.5288   3.273247   3.273457     1.6551     0.0348     0.0792    4.65667      41072          1  0.000e+00
   1503.043     3.5293     3.5288   3.273259   3.273451     1.6563     0.0348     0.0792    4.66158      41073          1  0.000e+00
   1503.091     3.5291     3.5290   3.273271   3.273426     1.6563     0.0348     0.0792    4.66163      41074          1  0.000e+00
   1503.043     3.5291     3.5285   3.273265   3.273483     1.6563     0.0348     0.0792    4.66160      41075          1  0.000e+00
   1503.091     3.5294     3.5288   3.273271   3.273426     1.6563     0.0470     0.0792    4.66160      41076          1  0.000e+00
   1503.043     3.5290     3.5286   3.273247   3.273426     1.6551     0.0470     0.0792    4.65665      41077          1  0.000e+00
   1503.027     3.5294     3.5286   3.273259   3.273426     1.6551     0.0470     0.0792    4.65660      41078          1  0.000e+00
   1503.043     3.5291     3.5288   3.273271   3.273457     1.6551     0.0470     0.0792    4.65664      41079          1  0.000e+00
   1503.027     3.5293     3.5285   3.273289   3.273426     1.6563     0.0470     0.0792    4.66157      41080          1  0.000e+00
   1503.043     3.5291     3.5288   3.273259   3.273457     1.6551     0.0470     0.0792    4.65664      41081          1  0.000e+00
   1502.971     3.5293     3.5286   3.273259   3.273426     1.6551     0.0470     0.0792    4.65658      41082          1  0.000e+00
   1503.043     3.5295     3.5288   3.273265   3.273457     1.6551     0.0470     0.0792    4.65660      41083          1  0.000e+00
   1502.971     3.5296     3.5287   3.273253   3.273426     1.6551     0.0470     0.0792    4.65655      41084          1  0.000e+00
   1502.979     3.5295     3.5288   3.273277   3.273394     1.6563     0.0470     0.0792    4.66152      41085          1  0.000e+00
   1502.914     3.5294     3.5290   3.273235   3.273426     1.6563     0.0470     0.0792    4.66151      41086          1  0.000e+00
   1502.971     3.5294     3.5286   3.273229   3.273426     1.6563     0.0470     0.0792    4.66155      41087          1  0.000e+00
   1502.914     3.5294     3.5289   3.273223   3.273457     1.6563     0.0470     0.0792    4.66152      41088          1  0.000e+00
   1502.906     3.5294     3.5290   3.273247   3.273426     1.6563     0.0470     0.0792    4.66150      41089          1  0.000e+00
   1502.858     3.5295     3.5288   3.273247   3.273457     1.6551     0.0470     0.0792    4.65650      41090          1  0.000e+00
   1502.850     3.5294     3.5290   3.273259   3.273451     1.6563     0.0470     0.0803    4.66146      41091          1  0.000e+00
   1502.858     3.5294     3.5286   3.273253   3.273426     1.6563     0.0470     0.0803    4.66148      41092          1  0.000e+00
   1502.785     3.5296     3.5289   3.273259   3.273451     1.6551     0.0470     0.0792    4.65644      41093          1  0.000e+00
   1502.793     3.5297     3.5290   3.273253   3.273457     1.6551     0.0470     0.0792    4.65644      41094          1  0.000e+00
   1502.785     3.5301     3.5286   3.273259   3.273426     1.6551     0.0470     0.0792    4.65640      41095          1  0.000e+00
   1502.737     3.5300     3.5286   3.273229   3.273426     1.6563     0.0470     0.0792    4.66136      41096          1  0.000e+00
   1502.729     3.5300     3.5289   3.273271   3.273394     1.6563     0.0470     0.0792    4.66134      41097          1  0.000e+00
   1502.673     3.5299     3.5286   3.273277   3.273425     1.6551     0.0470     0.0792    4.65634      41098          1  0.000e+00
   1502.665     3.5300     3.5290   3.273253   3.273425     1.6551     0.0470     0.0792    4.65634      41099          1  0.000e+00
   1502.608     3.5298     3.5286   3.273241   3.273451     1.6551     0.0470     0.0792    4.65633      41100          1  0.000e+00
   1502.552     3.5295     3.5285   3.273259   3.273457     1.6551     0.0470     0.0792    4.65631      41101          1  0.000e+00
   1502.544     3.5294     3.5286   3.273253   3.273394     1.6563     0.0348     0.0792    4.66129      41102          1  0.000e+00
   1502.552     3.5295     3.5286   3.273259   3.273425     1.6563     0.0470     0.0792    4.66128      41103          1  0.000e+00
   1502.479     3.5293     3.5285   3.273229   3.273457     1.6563     0.0348     0.0792    4.66127      41104          1  0.000e+00
   1502.487     3.5294     3.5288   3.273229   3.273394     1.6551     0.0348     0.0792    4.65630      41105          1  0.000e+00
   1502.423     3.5292     3.5289   3.273307   3.273425     1.6551     0.0348     0.0792    4.65625      41106          1  0.000e+00
   1502.366     3.5294     3.5286   3.273241   3.273425     1.6551     0.0348     0.0792    4.65622      41107          1  0.000e+00
   1502.358     3.5292     3.5288   3.273247   3.273394     1.6563     0.0348     0.0792    4.66120      41108          1  0.000e+00
   1502.302     3.5293     3.5286   3.273247   3.273425     1.6563     0.0348     0.0792    4.66116      41109          1  0.000e+00
   1502.358     3.5292     3.5287   3.273222   3.273457     1.6563     0.0348     0.0792    4.66121      41110          1  0.000e+00
   1502.246     3.5296     3.5286   3.273253   3.273394     1.6563     0.0348     0.0792    4.66110      41111          1  0.000e+00
   1502.237     3.5292     3.5288   3.273271   3.273425     1.6551     0.0348     0.0792    4.65615      41112          1  0.000e+00
   1502.181     3.5293     3.5288   3.273247   3.273425     1.6551     0.0348     0.0792    4.65612      41113          1  0.000e+00
    899.778     3.5941     3.5935   3.247928   3.248081     1.8517     0.0226     0.0803    5.02952      57233          2  0.000e+00
    899.842     3.5940     3.5934   3.247910   3.248049     1.8517     0.0226     0.0803    5.02958      57234          2  0.000e+00
    899.898     3.5939     3.5937   3.247934   3.248081     1.8517     0.0348     0.0803    5.02962      57235          2  0.000e+00
    899.779     3.5938     3.5934   3.247952   3.248081     1.8517     0.0226     0.0803    5.02954      57236          2  0.000e+00
    899.962     3.5939     3.5935   3.247922   3.248049     1.8517     0.0348     0.0803    5.02967      57237          2  0.000e+00
    899.898     3.5938     3.5934   3.247886   3.248049     1.8517     0.0226     0.0803    5.02965      57238          2  0.000e+00
    899.842     3.5939     3.5935   3.247910   3.248049     1.8517     0.0226     0.0803    5.02959      57239          2  0.000e+00
    899.898     3.5934     3.5937   3.247892   3.248113     1.8517     0.0226     0.0803    5.02969      57240          2  0.000e+00
    899.898     3.5937     3.5935   3.247874   3.248056     1.8517     0.0226     0.0803    5.02967      57241          2  0.000e+00
    899.898     3.5936     3.5935   3.247892   3.248113     1.8517     0.0348     0.0803    5.02967      57242          2  0.000e+00
    899.962     3.5937     3.5935   3.247904   3.248081     1.8517     0.0226     0.0803    5.02969      57243          2  0.000e+00
    899.898     3.5938     3.5935   3.247904   3.248081     1.8505     0.0226     0.0803    5.02508      57244          2  0.000e+00
    899.835     3.5936     3.5934   3.247886   3.248081     1.8517     0.0348     0.0803    5.02963      57245          2  0.000e+00
    899.898     3.5937     3.5935   3.247874   3.248081     1.8517     0.0470     0.0803    5.02966      57246          2  0.000e+00
    899.898     3.5938     3.5934   3.247874   3.248049     1.8517     0.0470     0.0803    5.02965      57247          2  0.000e+00
    899.898     3.5939     3.5935   3.247874   3.248049     1.8517     0.0470     0.0803    5.02965      57248          2  0.000e+00
    899.835     3.5940     3.5935   3.247880   3.248049     1.8517     0.0470     0.0803    5.02959      57249          2  0.000e+00
    899.843     3.5941     3.5935   3.247916   3.248081     1.8517     0.0470     0.0803    5.02957      57250          2  0.000e+00
    899.843     3.5940     3.5937   3.247928   3.248081     1.8517     0.0470     0.0803    5.02957      57251          2  0.000e+00
    899.779     3.5943     3.5934   3.247910   3.248113     1.8517     0.0470     0.0803    5.02951      57252          2  0.000e+00
    899.843     3.5942     3.5929   3.247922   3.248081     1.8517     0.0470     0.0803    5.02956      57253          2  0.000e+00
    899.715     3.5940     3.5926   3.247910   3.248049     1.8530     0.0470     0.0803    5.03406      57254          2  0.000e+00
    899.779     3.5941     3.5926   3.247940   3.248018     1.8530     0.0470     0.0803    5.03408      57255          2  0.000e+00
    899.723     3.5940     3.5924   3.247922   3.247992     1.8517     0.0470     0.0803    5.02949      57256          2  0.000e+00
    899.659     3.5939     3.5923   3.247886   3.247929     1.8517     0.0470     0.0803    5.02948      57257          2  0.000e+00
    899.659     3.5938     3.5924   3.247892   3.247929     1.8517     0.0470     0.0803    5.02949      57258          2  0.000e+00
    899.603     3.5939     3.5924   3.247886   3.247992     1.8517     0.0470     0.0803    5.02945      57259          2  0.000e+00
    899.603     3.5939     3.5926   3.247873   3.247961     1.8517     0.0470     0.0803    5.02945      57260          2  0.000e+00
    899.603     3.5937     3.5926   3.247874   3.247961     1.8517     0.0470     0.0803    5.02947      57261          2  0.000e+00
    899.539     3.5937     3.5924   3.247855   3.247960     1.8517     0.0470     0.0803    5.02943      57262          2  0.000e+00
    899.476     3.5937     3.5924   3.247843   3.247967     1.8517     0.0470     0.0803    5.02939      57263          2  0.000e+00
    899.484     3.5937     3.5926   3.247849   3.247929     1.8517     0.0470     0.0803    5.02940      57264          2  0.000e+00
    899.420     3.5936     3.5926   3.247892   3.247960     1.8517     0.0470     0.0814    5.02935      57265          2  0.000e+00
    899.364     3.5935     3.5926   3.247885   3.247960     1.8517     0.0470     0.0814    5.02932      57266          2  0.000e+00
    899.356     3.5936     3.5927   3.247855   3.247929     1.8517     0.0470     0.0814    5.02932      57267          2  0.000e+00
    899.300     3.5939     3.5927   3.247885   3.247992     1.8517     0.0470     0.0803    5.02924      57268          2  0.000e+00
    899.300     3.5937     3.5927   3.247885   3.247960     1.8517     0.0470     0.0803    5.02926      57269          2  0.000e+00
    899.180     3.5940     3.5927   3.247873   3.247960     1.8517     0.0470     0.0803    5.02915      57270          2  0.000e+00
    899.244     3.5937     3.5931   3.247873   3.247960     1.8517     0.0348     0.0803    5.02923      57271          2  0.000e+00
    899.117     3.5938     3.5929   3.247855   3.247992     1.8517     0.0348     0.0803    5.02914      57272          2  0.000e+00
    899.125     3.5937     3.5929   3.247843   3.247992     1.8517     0.0348     0.0814    5.02916      57273          2  0.000e+00
    899.061     3.5939     3.5926   3.247843   3.247967     1.8517     0.0348     0.0814    5.02910      57274          2  0.000e+00
    899.061     3.5938     3.5929   3.247843   3.247960     1.8517     0.0470     0.0814    5.02910      57275          2  0.000e+00
    898.941     3.5937     3.5927   3.247843   3.247960     1.8517     0.0348     0.0814    5.02903      57276          2  0.000e+00
    898.933     3.5937     3.5927   3.247843   3.247992     1.8517     0.0348     0.0803    5.02903      57277          2  0.000e+00
    898.941     3.5935     3.5926   3.247843   3.247960     1.8517     0.0470     0.0803    5.02906      57278          2  0.000e+00
    898.821     3.5936     3.5926   3.247831   3.247960     1.8517     0.0348     0.0814    5.02898      57279          2  0.000e+00
    898.822     3.5932     3.5922   3.247837   3.247929     1.8517     0.0348     0.0814    5.02901      57280          2  0.000e+00
    898.758     3.5932     3.5926   3.247825   3.247929     1.8517     0.0470     0.0814    5.02897      57281          2  0.000e+00
    498.963     3.9117     3.9102   3.260852   3.260962     1.9458     0.0226     0.0814    5.06108      68503          3  0.000e+00
    499.026     3.9117     3.9100   3.260888   3.260968     1.9458     0.0226     0.0814    5.06111      68504          3  0.000e+00
    499.082     3.9116     3.9102   3.260888   3.260879     1.9446     0.0226     0.0814    5.05687      68505          3  0.000e+00
    499.026     3.9118     3.9099   3.260901   3.260937     1.9458     0.0226     0.0803    5.06109      68506          3  0.000e+00
    499.082     3.9119     3.9102   3.260864   3.260879     1.9446     0.0226     0.0803    5.05685      68507          3  0.000e+00
    499.264     3.9117     3.9099   3.260846   3.260937     1.9446     0.0226     0.0803    5.05700      68508          3  0.000e+00
    499.082     3.9117     3.9100   3.260870   3.260937     1.9458     0.0226     0.0803    5.06115      68509          3  0.000e+00
    499.201     3.9114     3.9104   3.260864   3.260905     1.9446     0.0226     0.0803    5.05697      68510          3  0.000e+00
    499.145     3.9120     3.9106   3.260888   3.260937     1.9458     0.0226     0.0803    5.06115      68511          3  0.000e+00
    499.264     3.9121     3.9113   3.260955   3.260994     1.9458     0.0226     0.0814    5.06119      68512          3  0.000e+00
    499.264     3.9127     3.9118   3.260973   3.261089     1.9458     0.0226     0.0803    5.06113      68513          3  0.000e+00
    499.264     3.9128     3.9116   3.260985   3.261146     1.9446     0.0226     0.0803    5.05684      68514          3  0.000e+00
    499.320     3.9130     3.9116   3.260979   3.261121     1.9446     0.0348     0.0803    5.05685      68515          3  0.000e+00
    499.320     3.9126     3.9114   3.260955   3.261083     1.9446     0.0226     0.0803    5.05690      68516          3  0.000e+00
    499.320     3.9124     3.9116   3.260943   3.261089     1.9446     0.0226     0.0803    5.05692      68517          3  0.000e+00
    499.439     3.9124     3.9114   3.260937   3.261089     1.9458     0.0226     0.0803    5.06129      68518          3  0.000e+00
    499.375     3.9120     3.9113   3.260937   3.261089     1.9446     0.0226     0.0814    5.05701      68519          3  0.000e+00
    499.439     3.9123     3.9107   3.260925   3.261057     1.9458     0.0226     0.0814    5.06130      68520          3  0.000e+00
    499.439     3.9127     3.9107   3.260991   3.261000     1.9446     0.0348     0.0814    5.05695      68521          3  0.000e+00
    499.494     3.9137     3.9108   3.261076   3.261000     1.9470     0.0226     0.0814    5.06542      68522          3  0.000e+00
    499.494     3.9137     3.9104   3.261112   3.261000     1.9458     0.0226     0.0814    5.06112      68523          3  0.000e+00
    499.494     3.9140     3.9105   3.261094   3.260994     1.9446     0.0348     0.0814    5.05682      68524          3  0.000e+00
