Cruise Data/Irminger_Sea-01_KN-221_2014-09-07/Ship Data/ctd/process/kkn22104008.cnv
* Sea-Bird SBE 9 Data File:
* FileName = C:\Data\ctd\KN22104008.hdr
* Software Version Seasave V 7.21k
* Temperature SN = 4195
* Conductivity SN = 2147
* Number of Bytes Per Scan = 40
* Number of Voltage Words = 5
* Number of Scans Averaged by the Deck Unit = 1
* NMEA Latitude = 59 14.19 N
* NMEA Longitude = 039 30.13 W
* NMEA UTC (Time) = Sep 16 2014 21:05:14
** KN221-04 Chief Scientist: Bob Weller
** OOI Irminger Sea Sept. 2014
** Station: 008
** Knudsen Depth: 3030
# nquan = 19
# nvalues = 5969                        
# units = specified
# name 0 = prDM: Pressure, Digiquartz [db]
# name 1 = t090C: Temperature [ITS-90, deg C]
# name 2 = t190C: Temperature, 2 [ITS-90, deg C]
# name 3 = c0S/m: Conductivity [S/m]
# name 4 = c1S/m: Conductivity, 2 [S/m]
# name 5 = sbeox0V: Oxygen raw, SBE 43 [V]
# name 6 = flECO-AFL: Fluorescence, WET Labs ECO-AFL/FL [mg/m^3]
# name 7 = CStarAt0: Beam Attenuation, WET Labs C-Star [1/m]
# name 8 = sbeox0ML/L: Oxygen, SBE 43 [ml/l]
# name 9 = depSM: Depth [salt water, m], lat = 59.2365
# name 10 = sal00: Salinity, Practical [PSU]
# name 11 = sal11: Salinity, Practical, 2 [PSU]
# name 12 = svDM: Sound Velocity [Delgrosso, m/s]
# name 13 = sbeox0ML/L: Oxygen, SBE 43 [ml/l], WS = 2
# name 14 = density00: Density [density, Kg/m^3]
# name 15 = density11: Density, 2 [density, Kg/m^3]
# name 16 = dz/dtM: Descent Rate [m/s], WS = 2
# name 17 = oxsatML/L: Oxygen Saturation, Weiss [ml/l]
# name 18 = flag: flag
# span 0 =      1.009,   3035.946       
# span 1 =     1.2916,     7.7741       
# span 2 =     1.2903,     7.7740       
# span 3 =   3.133929,   3.581828       
# span 4 =   3.134086,   3.582100       
# span 5 =     1.4611,     2.1943       
# span 6 =     0.0091,     0.7236       
# span 7 =     0.0737,     0.2496       
# span 8 =    4.63567,    5.13144       
# span 9 =      1.000,   2986.000       
# span 10 =    34.7883,    34.9334      
# span 11 =    34.7746,    34.9363      
# span 12 =    1469.94,    1507.00      
# span 13 =    4.63556,    5.13139      
# span 14 =  1027.1557,  1041.8280      
# span 15 =  1027.1585,  1041.8308      
# span 16 =     -1.673,      1.633      
# span 17 =    6.65023,    7.78318      
# span 18 = 0.0000e+00, 0.0000e+00      
# interval = meters: 1                  
# start_time = Sep 16 2014 21:05:14 [NMEA time, header]
# bad_flag = -9.990e-29
*END*
[from data line 4267]
   1725.194     3.4330     3.4327   3.273671   3.273900     1.6228     0.0306     0.0749    4.67207   1702.000    34.9238    34.9268    1492.24    4.67197  1035.6946  1035.6970     -1.139    7.36990 0.0000e+00
   1724.176     3.4337     3.4324   3.273695   3.273844     1.6230     0.0351     0.0749    4.67207   1701.000    34.9239    34.9270    1492.23    4.67196  1035.6899  1035.6925     -0.795    7.36977 0.0000e+00
   1723.158     3.4345     3.4333   3.273708   3.273862     1.6231     0.0393     0.0752    4.67207   1700.000    34.9236    34.9267    1492.21    4.67196  1035.6851  1035.6876     -0.802    7.36963 0.0000e+00
   1722.141     3.4358     3.4343   3.273774   3.273887     1.6235     0.0226     0.0749    4.67280   1699.000    34.9235    34.9265    1492.20    4.67269  1035.6802  1035.6827     -1.031    7.36939 0.0000e+00
   1721.123     3.4370     3.4357   3.273836   3.273962     1.6240     0.0454     0.0749    4.67401   1698.000    34.9235    34.9264    1492.19    4.67390  1035.6755  1035.6779     -1.113    7.36918 0.0000e+00
   1720.105     3.4377     3.4369   3.273850   3.274035     1.6241     0.0279     0.0749    4.67371   1697.000    34.9235    34.9265    1492.18    4.67361  1035.6708  1035.6732     -1.120    7.36906 0.0000e+00
   1719.087     3.4388     3.4382   3.273907   3.274119     1.6240     0.0316     0.0749    4.67271   1696.000    34.9235    34.9266    1492.16    4.67261  1035.6660  1035.6686     -1.070    7.36886 0.0000e+00
   1718.069     3.4390     3.4387   3.273890   3.274125     1.6241     0.0347     0.0752    4.67227   1695.000    34.9236    34.9266    1492.15    4.67216  1035.6615  1035.6639     -1.010    7.36882 0.0000e+00
   1717.052     3.4398     3.4392   3.273920   3.274120     1.6241     0.0353     0.0749    4.67154   1694.000    34.9235    34.9266    1492.13    4.67143  1035.6567  1035.6593     -1.009    7.36866 0.0000e+00
   1716.034     3.4411     3.4406   3.273997   3.274188     1.6243     0.0348     0.0754    4.67179   1693.000    34.9236    34.9265    1492.12    4.67168  1035.6520  1035.6544     -0.975    7.36842 0.0000e+00
   1715.016     3.4418     3.4406   3.274027   3.274181     1.6246     0.0353     0.0756    4.67204   1692.000    34.9237    34.9268    1492.11    4.67193  1035.6475  1035.6500     -0.862    7.36829 0.0000e+00
   1713.999     3.4406     3.4416   3.273887   3.274214     1.6251     0.0458     0.0756    4.67392   1691.000    34.9239    34.9266    1492.09    4.67381  1035.6432  1035.6451     -0.872    7.36851 0.0000e+00
   1712.981     3.4464     3.4449   3.274357   3.274442     1.6254     0.0471     0.0749    4.67354   1690.000    34.9237    34.9264    1492.09    4.67344  1035.6377  1035.6400     -1.047    7.36744 0.0000e+00
   1711.963     3.4469     3.4463   3.274379   3.274539     1.6253     0.0355     0.0749    4.67256   1689.000    34.9240    34.9266    1492.08    4.67245  1035.6332  1035.6353     -1.219    7.36735 0.0000e+00
   1710.946     3.4493     3.4489   3.274555   3.274749     1.6253     0.0348     0.0753    4.67162   1688.000    34.9240    34.9268    1492.07    4.67152  1035.6283  1035.6305     -1.309    7.36690 0.0000e+00
   1709.928     3.4507     3.4507   3.274631   3.274908     1.6253     0.0297     0.0751    4.67082   1687.000    34.9240    34.9272    1492.06    4.67071  1035.6235  1035.6261     -1.280    7.36665 0.0000e+00
   1708.910     3.4511     3.4510   3.274654   3.274904     1.6258     0.0266     0.0750    4.67240   1686.000    34.9243    34.9275    1492.05    4.67230  1035.6191  1035.6216     -1.093    7.36656 0.0000e+00
   1707.892     3.4521     3.4509   3.274708   3.274865     1.6260     0.0405     0.0751    4.67245   1685.000    34.9244    34.9276    1492.03    4.67235  1035.6145  1035.6171     -0.745    7.36638 0.0000e+00
   1706.875     3.4533     3.4519   3.274764   3.274914     1.6259     0.0461     0.0751    4.67126   1684.000    34.9243    34.9276    1492.02    4.67115  1035.6096  1035.6124     -0.729    7.36615 0.0000e+00
   1705.857     3.4536     3.4521   3.274737   3.274873     1.6262     0.0346     0.0751    4.67189   1683.000    34.9242    34.9273    1492.01    4.67178  1035.6050  1035.6075     -1.110    7.36612 0.0000e+00
   1704.839     3.4545     3.4531   3.274774   3.274897     1.6264     0.0247     0.0749    4.67170   1682.000    34.9241    34.9271    1491.99    4.67159  1035.6001  1035.6028     -1.319    7.36594 0.0000e+00
   1703.822     3.4552     3.4544   3.274792   3.274963     1.6264     0.0406     0.0757    4.67096   1681.000    34.9241    34.9270    1491.98    4.67085  1035.5955  1035.5978     -1.344    7.36582 0.0000e+00
   1702.804     3.4564     3.4559   3.274858   3.275057     1.6267     0.0470     0.0758    4.67150   1680.000    34.9241    34.9270    1491.97    4.67139  1035.5907  1035.5930     -1.171    7.36560 0.0000e+00
   1701.786     3.4566     3.4568   3.274854   3.275118     1.6266     0.0470     0.0751    4.67045   1679.000    34.9243    34.9273    1491.95    4.67034  1035.5863  1035.5886     -0.811    7.36555 0.0000e+00
   1700.769     3.4593     3.4582   3.275032   3.275205     1.6269     0.0387     0.0749    4.67062   1678.000    34.9241    34.9273    1491.95    4.67051  1035.5812  1035.5839     -0.806    7.36507 0.0000e+00
   1699.751     3.4600     3.4588   3.275065   3.275191     1.6274     0.0476     0.0752    4.67231   1677.000    34.9242    34.9271    1491.93    4.67220  1035.5765  1035.5790     -1.095    7.36493 0.0000e+00
   1698.734     3.4629     3.4607   3.275274   3.275324     1.6275     0.0470     0.0757    4.67154   1676.000    34.9242    34.9271    1491.93    4.67143  1035.5715  1035.5741     -1.182    7.36441 0.0000e+00
   1697.716     3.4648     3.4638   3.275395   3.275566     1.6277     0.0470     0.0750    4.67163   1675.000    34.9242    34.9272    1491.92    4.67152  1035.5667  1035.5692     -1.154    7.36407 0.0000e+00
   1696.698     3.4650     3.4648   3.275411   3.275641     1.6277     0.0404     0.0750    4.67097   1674.000    34.9246    34.9275    1491.90    4.67086  1035.5624  1035.5647     -1.107    7.36401 0.0000e+00
   1695.681     3.4662     3.4657   3.275489   3.275671     1.6278     0.0417     0.0749    4.67040   1673.000    34.9248    34.9275    1491.89    4.67029  1035.5577  1035.5601     -1.039    7.36378 0.0000e+00
   1694.663     3.4668     3.4678   3.275501   3.275816     1.6280     0.0414     0.0752    4.67083   1672.000    34.9248    34.9275    1491.88    4.67072  1035.5531  1035.5551     -0.888    7.36367 0.0000e+00
   1693.645     3.4672     3.4676   3.275501   3.275785     1.6285     0.0349     0.0757    4.67188   1671.000    34.9249    34.9277    1491.86    4.67177  1035.5486  1035.5508     -0.786    7.36359 0.0000e+00
   1692.628     3.4685     3.4672   3.275527   3.275691     1.6284     0.0348     0.0753    4.67098   1670.000    34.9243    34.9276    1491.85    4.67087  1035.5433  1035.5461     -1.009    7.36339 0.0000e+00
   1691.610     3.4707     3.4695   3.275698   3.275836     1.6287     0.0459     0.0751    4.67116   1669.000    34.9244    34.9274    1491.84    4.67106  1035.5386  1035.5411     -1.223    7.36296 0.0000e+00
   1690.593     3.4709     3.4706   3.275684   3.275903     1.6285     0.0470     0.0750    4.66966   1668.000    34.9246    34.9276    1491.83    4.66956  1035.5341  1035.5365     -1.270    7.36293 0.0000e+00
   1689.575     3.4714     3.4710   3.275687   3.275908     1.6287     0.0470     0.0749    4.67004   1667.000    34.9246    34.9277    1491.81    4.66993  1035.5294  1035.5319     -1.172    7.36283 0.0000e+00
   1688.557     3.4716     3.4711   3.275672   3.275876     1.6289     0.0431     0.0750    4.66996   1666.000    34.9247    34.9277    1491.80    4.66986  1035.5249  1035.5273     -0.983    7.36279 0.0000e+00
   1687.540     3.4718     3.4712   3.275644   3.275852     1.6289     0.0409     0.0749    4.66951   1665.000    34.9246    34.9278    1491.78    4.66940  1035.5203  1035.5228     -0.847    7.36276 0.0000e+00
   1686.522     3.4719     3.4713   3.275608   3.275806     1.6291     0.0409     0.0750    4.66948   1664.000    34.9246    34.9277    1491.76    4.66937  1035.5156  1035.5181     -0.870    7.36274 0.0000e+00
   1685.505     3.4723     3.4708   3.275599   3.275728     1.6294     0.0352     0.0750    4.67009   1663.000    34.9246    34.9278    1491.75    4.66998  1035.5110  1035.5137     -0.950    7.36267 0.0000e+00
   1684.487     3.4726     3.4716   3.275578   3.275744     1.6297     0.0348     0.0751    4.67063   1662.000    34.9245    34.9276    1491.73    4.67052  1035.5062  1035.5088     -1.035    7.36262 0.0000e+00
   1683.469     3.4729     3.4719   3.275562   3.275731     1.6298     0.0348     0.0750    4.67056   1661.000    34.9245    34.9276    1491.72    4.67045  1035.5017  1035.5043     -1.146    7.36256 0.0000e+00
   1682.452     3.4765     3.4739   3.275854   3.275838     1.6298     0.0348     0.0750    4.66957   1660.000    34.9247    34.9272    1491.72    4.66946  1035.4967  1035.4990     -1.204    7.36190 0.0000e+00
   1681.434     3.4786     3.4762   3.276026   3.276055     1.6299     0.0297     0.0753    4.66895   1659.000    34.9250    34.9278    1491.71    4.66884  1035.4921  1035.4946     -1.132    7.36149 0.0000e+00
   1680.417     3.4788     3.4781   3.276018   3.276214     1.6300     0.0287     0.0758    4.66886   1658.000    34.9252    34.9283    1491.69    4.66876  1035.4875  1035.4901     -0.951    7.36145 0.0000e+00
   1679.399     3.4817     3.4793   3.276251   3.276269     1.6301     0.0292     0.0756    4.66806   1657.000    34.9254    34.9282    1491.69    4.66795  1035.4828  1035.4854     -0.908    7.36091 0.0000e+00
   1678.382     3.4810     3.4800   3.276148   3.276285     1.6301     0.0361     0.0753    4.66772   1656.000    34.9255    34.9281    1491.67    4.66761  1035.4784  1035.4805     -1.060    7.36104 0.0000e+00
   1677.364     3.4833     3.4823   3.276321   3.276494     1.6301     0.0473     0.0756    4.66678   1655.000    34.9256    34.9286    1491.66    4.66668  1035.4735  1035.4761     -1.084    7.36062 0.0000e+00
   1676.347     3.4835     3.4824   3.276311   3.276484     1.6302     0.0418     0.0752    4.66651   1654.000    34.9258    34.9289    1491.65    4.66641  1035.4691  1035.4717     -0.946    7.36057 0.0000e+00
   1675.329     3.4834     3.4828   3.276253   3.276472     1.6303     0.0420     0.0753    4.66621   1653.000    34.9256    34.9289    1491.63    4.66610  1035.4644  1035.4669     -0.880    7.36059 0.0000e+00
   1674.312     3.4837     3.4827   3.276245   3.276417     1.6308     0.0394     0.0753    4.66756   1652.000    34.9258    34.9288    1491.61    4.66745  1035.4598  1035.4624     -0.945    7.36054 0.0000e+00
   1673.294     3.4842     3.4832   3.276258   3.276421     1.6308     0.0437     0.0756    4.66689   1651.000    34.9259    34.9288    1491.60    4.66678  1035.4553  1035.4578     -0.946    7.36044 0.0000e+00
   1672.277     3.4851     3.4838   3.276291   3.276430     1.6310     0.0382     0.0753    4.66702   1650.000    34.9258    34.9288    1491.59    4.66691  1035.4506  1035.4531     -1.026    7.36028 0.0000e+00
   1671.259     3.4871     3.4853   3.276436   3.276511     1.6312     0.0266     0.0753    4.66710   1649.000    34.9258    34.9287    1491.58    4.66699  1035.4457  1035.4482     -1.208    7.35990 0.0000e+00
   1670.242     3.4885     3.4876   3.276531   3.276678     1.6312     0.0227     0.0752    4.66620   1648.000    34.9261    34.9288    1491.57    4.66610  1035.4410  1035.4434     -1.293    7.35964 0.0000e+00
   1669.224     3.4898     3.4894   3.276624   3.276831     1.6316     0.0279     0.0751    4.66718   1647.000    34.9262    34.9292    1491.56    4.66707  1035.4364  1035.4388     -1.208    7.35939 0.0000e+00
   1668.207     3.4908     3.4901   3.276685   3.276877     1.6317     0.0450     0.0756    4.66668   1646.000    34.9265    34.9294    1491.54    4.66658  1035.4319  1035.4343     -0.957    7.35921 0.0000e+00
   1667.189     3.4935     3.4919   3.276908   3.277022     1.6322     0.0297     0.0757    4.66794   1645.000    34.9267    34.9298    1491.54    4.66783  1035.4271  1035.4298     -0.796    7.35869 0.0000e+00
   1666.172     3.4945     3.4925   3.276959   3.277034     1.6324     0.0299     0.0754    4.66772   1644.000    34.9267    34.9297    1491.53    4.66761  1035.4225  1035.4250     -0.952    7.35850 0.0000e+00
   1665.154     3.4945     3.4922   3.276911   3.276929     1.6326     0.0349     0.0754    4.66790   1643.000    34.9267    34.9293    1491.51    4.66779  1035.4178  1035.4202     -1.125    7.35851 0.0000e+00
   1664.137     3.4978     3.4957   3.277225   3.277251     1.6326     0.0300     0.0756    4.66682   1642.000    34.9274    34.9299    1491.51    4.66671  1035.4133  1035.4156     -1.195    7.35787 0.0000e+00
   1663.119     3.4994     3.4974   3.277318   3.277366     1.6326     0.0256     0.0754    4.66599   1641.000    34.9274    34.9301    1491.50    4.66588  1035.4086  1035.4109     -1.121    7.35759 0.0000e+00
   1662.102     3.4996     3.4990   3.277312   3.277499     1.6327     0.0390     0.0753    4.66583   1640.000    34.9275    34.9305    1491.48    4.66572  1035.4041  1035.4064     -0.877    7.35753 0.0000e+00
   1661.084     3.5005     3.4998   3.277350   3.277556     1.6330     0.0410     0.0759    4.66621   1639.000    34.9276    34.9308    1491.47    4.66610  1035.3993  1035.4020     -0.734    7.35737 0.0000e+00
   1660.067     3.5013     3.5007   3.277369   3.277592     1.6333     0.0351     0.0752    4.66682   1638.000    34.9275    34.9308    1491.45    4.66671  1035.3945  1035.3972     -0.955    7.35723 0.0000e+00
   1659.049     3.5036     3.5016   3.277537   3.277605     1.6338     0.0456     0.0758    4.66805   1637.000    34.9275    34.9305    1491.45    4.66794  1035.3896  1035.3923     -1.135    7.35681 0.0000e+00
   1658.032     3.5048     3.5028   3.277613   3.277697     1.6338     0.0402     0.0757    4.66720   1636.000    34.9277    34.9307    1491.44    4.66709  1035.3851  1035.3877     -1.259    7.35659 0.0000e+00
   1657.014     3.5056     3.5048   3.277659   3.277824     1.6336     0.0349     0.0758    4.66567   1635.000    34.9278    34.9307    1491.42    4.66556  1035.3805  1035.3828     -1.332    7.35643 0.0000e+00
   1655.997     3.5061     3.5056   3.277662   3.277869     1.6338     0.0355     0.0760    4.66573   1634.000    34.9279    34.9308    1491.41    4.66562  1035.3759  1035.3783     -1.324    7.35634 0.0000e+00
   1654.979     3.5069     3.5060   3.277692   3.277870     1.6338     0.0360     0.0759    4.66528   1633.000    34.9279    34.9309    1491.39    4.66517  1035.3712  1035.3737     -1.180    7.35620 0.0000e+00
   1653.962     3.5075     3.5062   3.277699   3.277850     1.6339     0.0353     0.0754    4.66498   1632.000    34.9278    34.9310    1491.38    4.66487  1035.3665  1035.3691     -0.805    7.35609 0.0000e+00
   1652.945     3.5077     3.5074   3.277688   3.277899     1.6342     0.0288     0.0755    4.66532   1631.000    34.9280    34.9308    1491.36    4.66522  1035.3619  1035.3643     -0.580    7.35604 0.0000e+00
   1651.927     3.5094     3.5073   3.277776   3.277844     1.6339     0.0349     0.0750    4.66324   1630.000    34.9277    34.9307    1491.35    4.66313  1035.3569  1035.3596     -1.119    7.35574 0.0000e+00
   1650.910     3.5113     3.5078   3.277912   3.277830     1.6340     0.0448     0.0756    4.66311   1629.000    34.9278    34.9306    1491.34    4.66300  1035.3522  1035.3549     -1.365    7.35539 0.0000e+00
   1649.892     3.5147     3.5125   3.278174   3.278188     1.6341     0.0432     0.0757    4.66246   1628.000    34.9278    34.9303    1491.34    4.66235  1035.3472  1035.3494     -1.404    7.35477 0.0000e+00
