Cruise Data/Irminger_Sea-01_KN-221_2014-09-07/Ship Data/ctd/process/kkn22104007.ros
* Sea-Bird SBE 9 Data File:
* FileName = C:\Data\ctd\KN22104007.hdr
* Software Version Seasave V 7.21k
* Temperature SN = 4195
* Conductivity SN = 2147
* Number of Bytes Per Scan = 40
* Number of Voltage Words = 5
* Number of Scans Averaged by the Deck Unit = 1
* NMEA Latitude = 59 55.13 N
* NMEA Longitude = 039 25.73 W
* NMEA UTC (Time) = Sep 15 2014 15:50:10
** KN221-04 Chief Scientist: Bob Weller
** OOI Irminger Sea Sept. 2014
** Station: 007
** Knudsen Depth: 2737
# nquan = 12
# nvalues = 588                                   
# units = specified
# name 0 = prDM: Pressure, Digiquartz [db]
# name 1 = t090C: Temperature [ITS-90, deg C]
# name 2 = t190C: Temperature, 2 [ITS-90, deg C]
# name 3 = c0S/m: Conductivity [S/m]
# name 4 = c1S/m: Conductivity, 2 [S/m]
# name 5 = sbeox0V: Oxygen raw, SBE 43 [V]
# name 6 = flECO-AFL: Fluorescence, WET Labs ECO-AFL/FL [mg/m^3]
# name 7 = CStarAt0: Beam Attenuation, WET Labs C-Star [1/m]
# name 8 = sbeox0ML/L: Oxygen, SBE 43 [ml/l]
# name 9 = scan: Scan Count
# name 10 = nbf: Bottles Fired
# name 11 = flag:  0.000e+00
# interval = seconds: 0.0416667
# start_time = Sep 15 2014 15:50:10 [NMEA time, header]
# bad_flag = -9.990e-29
*END*
[from data line 121]
    504.601     3.7869     3.7859   3.248917   3.249065     1.9383     0.0226     0.0770    5.05602      68307          3  0.000e+00
    504.601     3.7869     3.7863   3.248899   3.249065     1.9383     0.0226     0.0770    5.05602      68308          3  0.000e+00
    504.601     3.7868     3.7864   3.248941   3.249065     1.9383     0.0226     0.0770    5.05602      68309          3  0.000e+00
    504.577     3.7869     3.7866   3.248941   3.249097     1.9383     0.0226     0.0770    5.05599      68310          3  0.000e+00
    504.537     3.7868     3.7872   3.248929   3.249122     1.9383     0.0226     0.0770    5.05598      68311          3  0.000e+00
    504.537     3.7868     3.7874   3.248929   3.249122     1.9383     0.0226     0.0770    5.05598      68312          3  0.000e+00
    504.482     3.7871     3.7878   3.248929   3.249154     1.9383     0.0226     0.0770    5.05591      68313          3  0.000e+00
    504.537     3.7869     3.7876   3.248947   3.249167     1.9371     0.0226     0.0770    5.05166      68314          3  0.000e+00
    504.482     3.7874     3.7872   3.248977   3.249154     1.9371     0.0348     0.0770    5.05156      68315          3  0.000e+00
    504.482     3.7878     3.7873   3.248971   3.249154     1.9371     0.0348     0.0770    5.05153      68316          3  0.000e+00
    504.395     3.7874     3.7878   3.248959   3.249186     1.9383     0.0348     0.0770    5.05581      68317          3  0.000e+00
    504.418     3.7876     3.7881   3.248959   3.249217     1.9383     0.0348     0.0781    5.05581      68318          3  0.000e+00
    504.418     3.7875     3.7884   3.248959   3.249186     1.9383     0.0348     0.0781    5.05581      68319          3  0.000e+00
    504.363     3.7876     3.7894   3.248977   3.249274     1.9371     0.0348     0.0781    5.05146      68320          3  0.000e+00
    504.363     3.7879     3.7897   3.248971   3.249274     1.9371     0.0348     0.0781    5.05143      68321          3  0.000e+00
    504.363     3.7878     3.7894   3.248959   3.249306     1.9383     0.0348     0.0781    5.05575      68322          3  0.000e+00
    504.300     3.7880     3.7895   3.248941   3.249363     1.9383     0.0348     0.0770    5.05569      68323          3  0.000e+00
    504.300     3.7881     3.7898   3.248995   3.249363     1.9371     0.0348     0.0770    5.05136      68324          3  0.000e+00
    504.276     3.7882     3.7898   3.248977   3.249363     1.9371     0.0348     0.0770    5.05134      68325          3  0.000e+00
    504.244     3.7884     3.7899   3.249001   3.249363     1.9371     0.0348     0.0770    5.05129      68326          3  0.000e+00
    504.244     3.7885     3.7898   3.249037   3.249338     1.9383     0.0348     0.0770    5.05556      68327          3  0.000e+00
    504.181     3.7887     3.7901   3.249025   3.249395     1.9383     0.0348     0.0770    5.05551      68328          3  0.000e+00
    504.181     3.7887     3.7905   3.249055   3.249426     1.9371     0.0348     0.0770    5.05119      68329          3  0.000e+00
    504.125     3.7889     3.7903   3.249055   3.249426     1.9383     0.0348     0.0770    5.05544      68330          3  0.000e+00
    504.125     3.7890     3.7905   3.249085   3.249426     1.9383     0.0348     0.0770    5.05542      68331          3  0.000e+00
    504.102     3.7893     3.7901   3.249103   3.249376     1.9383     0.0348     0.0770    5.05536      68332          3  0.000e+00
    103.265     4.4439     4.4441   3.291480   3.291653     2.0237     0.0592     0.0836    4.99484      80311          4  0.000e+00
    103.328     4.4439     4.4438   3.291498   3.291653     2.0224     0.0592     0.0836    4.99088      80312          4  0.000e+00
    103.265     4.4439     4.4436   3.291492   3.291679     2.0212     0.0592     0.0836    4.98684      80313          4  0.000e+00
    103.297     4.4441     4.4437   3.291498   3.291679     2.0224     0.0592     0.0836    4.99084      80314          4  0.000e+00
    103.265     4.4439     4.4433   3.291492   3.291653     2.0237     0.0592     0.0825    4.99484      80315          4  0.000e+00
    103.328     4.4442     4.4433   3.291498   3.291621     2.0237     0.0592     0.0825    4.99485      80316          4  0.000e+00
    103.328     4.4446     4.4433   3.291546   3.291621     2.0224     0.0592     0.0825    4.99080      80317          4  0.000e+00
    103.265     4.4449     4.4432   3.291546   3.291691     2.0224     0.0592     0.0825    4.99072      80318          4  0.000e+00
    103.383     4.4448     4.4434   3.291534   3.291653     2.0224     0.0592     0.0836    4.99082      80319          4  0.000e+00
    103.265     4.4449     4.4432   3.291558   3.291653     2.0224     0.0592     0.0836    4.99072      80320          4  0.000e+00
    103.384     4.4446     4.4434   3.291528   3.291653     2.0224     0.0592     0.0836    4.99084      80321          4  0.000e+00
    103.242     4.4444     4.4433   3.291571   3.291653     2.0224     0.0592     0.0836    4.99074      80322          4  0.000e+00
    103.328     4.4446     4.4434   3.291552   3.291653     2.0224     0.0592     0.0836    4.99079      80323          4  0.000e+00
    103.265     4.4446     4.4432   3.291516   3.291679     2.0224     0.0592     0.0836    4.99076      80324          4  0.000e+00
    103.328     4.4446     4.4433   3.291528   3.291653     2.0224     0.0592     0.0836    4.99080      80325          4  0.000e+00
    103.328     4.4444     4.4435   3.291534   3.291653     2.0237     0.0592     0.0836    4.99481      80326          4  0.000e+00
    103.328     4.4449     4.4433   3.291552   3.291679     2.0237     0.0592     0.0836    4.99476      80327          4  0.000e+00
    103.266     4.4446     4.4434   3.291528   3.291621     2.0224     0.0592     0.0836    4.99075      80328          4  0.000e+00
    103.297     4.4446     4.4435   3.291510   3.291653     2.0224     0.0592     0.0836    4.99078      80329          4  0.000e+00
    103.329     4.4446     4.4434   3.291528   3.291653     2.0224     0.0592     0.0836    4.99080      80330          4  0.000e+00
    103.329     4.4446     4.4435   3.291534   3.291679     2.0237     0.0592     0.0836    4.99479      80331          4  0.000e+00
    103.266     4.4449     4.4433   3.291552   3.291679     2.0212     0.0470     0.0836    4.98671      80332          4  0.000e+00
    103.266     4.4447     4.4435   3.291565   3.291653     2.0224     0.0348     0.0836    4.99073      80333          4  0.000e+00
    103.329     4.4448     4.4434   3.291546   3.291679     2.0224     0.0226     0.0836    4.99077      80334          4  0.000e+00
    103.266     4.4451     4.4435   3.291552   3.291679     2.0237     0.0226     0.0836    4.99469      80335          4  0.000e+00
    103.266     4.4448     4.4438   3.291565   3.291653     2.0237     0.0226     0.0847    4.99472      80336          4  0.000e+00
    103.297     4.4450     4.4435   3.291565   3.291679     2.0224     0.0226     0.0836    4.99072      80337          4  0.000e+00
    103.211     4.4449     4.4436   3.291571   3.291653     2.0224     0.0226     0.0836    4.99067      80338          4  0.000e+00
    103.266     4.4449     4.4435   3.291564   3.291653     2.0224     0.0226     0.0836    4.99070      80339          4  0.000e+00
    103.266     4.4449     4.4434   3.291565   3.291679     2.0237     0.0226     0.0836    4.99471      80340          4  0.000e+00
    103.266     4.4448     4.4437   3.291528   3.291679     2.0237     0.0226     0.0825    4.99473      80341          4  0.000e+00
    103.211     4.4448     4.4435   3.291546   3.291679     2.0224     0.0226     0.0825    4.99069      80342          4  0.000e+00
    103.211     4.4449     4.4436   3.291546   3.291653     2.0237     0.0226     0.0825    4.99467      80343          4  0.000e+00
    103.242     4.4446     4.4437   3.291552   3.291653     2.0224     0.0348     0.0825    4.99072      80344          4  0.000e+00
    103.211     4.4449     4.4434   3.291564   3.291653     2.0224     0.0226     0.0825    4.99066      80345          4  0.000e+00
    103.211     4.4448     4.4437   3.291528   3.291653     2.0224     0.0226     0.0825    4.99069      80346          4  0.000e+00
    103.211     4.4449     4.4436   3.291528   3.291653     2.0224     0.0226     0.0825    4.99068      80347          4  0.000e+00
    103.148     4.4451     4.4435   3.291534   3.291621     2.0224     0.0226     0.0836    4.99062      80348          4  0.000e+00
    103.211     4.4449     4.4433   3.291552   3.291659     2.0224     0.0226     0.0836    4.99067      80349          4  0.000e+00
    103.148     4.4449     4.4433   3.291546   3.291621     2.0224     0.0226     0.0836    4.99063      80350          4  0.000e+00
    103.061     4.4448     4.4434   3.291516   3.291653     2.0212     0.0226     0.0836    4.98660      80351          4  0.000e+00
    103.266     4.4446     4.4435   3.291528   3.291653     2.0224     0.0226     0.0836    4.99074      80352          4  0.000e+00
    103.093     4.4446     4.4436   3.291534   3.291621     2.0224     0.0226     0.0836    4.99062      80353          4  0.000e+00
    103.148     4.4446     4.4435   3.291552   3.291710     2.0224     0.0226     0.0847    4.99066      80354          4  0.000e+00
    103.148     4.4446     4.4436   3.291546   3.291621     2.0236     0.0226     0.0847    4.99465      80355          4  0.000e+00
    103.148     4.4446     4.4437   3.291540   3.291653     2.0236     0.0226     0.0869    4.99465      80356          4  0.000e+00
    103.093     4.4444     4.4435   3.291534   3.291679     2.0236     0.0348     0.0869    4.99464      80357          4  0.000e+00
    103.093     4.4448     4.4438   3.291577   3.291679     2.0224     0.0348     0.0869    4.99059      80358          4  0.000e+00
    103.061     4.4446     4.4440   3.291534   3.291653     2.0236     0.0348     0.0858    4.99460      80359          4  0.000e+00
    103.632     4.4441     4.4422   3.291492   3.291558     2.0223     0.0592     0.0836    4.99069      81047          5  0.000e+00
    103.632     4.4439     4.4425   3.291492   3.291590     2.0223     0.0592     0.0836    4.99071      81048          5  0.000e+00
    103.569     4.4441     4.4425   3.291516   3.291621     2.0223     0.0592     0.0836    4.99064      81049          5  0.000e+00
    103.632     4.4441     4.4426   3.291498   3.291653     2.0235     0.0592     0.0836    4.99469      81050          5  0.000e+00
    103.601     4.4439     4.4429   3.291480   3.291590     2.0223     0.0592     0.0836    4.99069      81051          5  0.000e+00
    103.632     4.4442     4.4430   3.291498   3.291621     2.0235     0.0592     0.0825    4.99467      81052          5  0.000e+00
    103.569     4.4442     4.4429   3.291468   3.291653     2.0223     0.0592     0.0825    4.99064      81053          5  0.000e+00
    103.514     4.4438     4.4431   3.291492   3.291653     2.0235     0.0592     0.0825    4.99464      81054          5  0.000e+00
    103.569     4.4441     4.4432   3.291492   3.291621     2.0235     0.0592     0.0825    4.99464      81055          5  0.000e+00
    103.514     4.4441     4.4430   3.291498   3.291653     2.0223     0.0592     0.0825    4.99061      81056          5  0.000e+00
    103.632     4.4439     4.4432   3.291510   3.291590     2.0211     0.0592     0.0825    4.98670      81057          5  0.000e+00
    103.546     4.4441     4.4434   3.291510   3.291653     2.0223     0.0592     0.0825    4.99062      81058          5  0.000e+00
    103.514     4.4441     4.4437   3.291468   3.291653     2.0223     0.0592     0.0836    4.99062      81059          5  0.000e+00
    103.514     4.4438     4.4434   3.291468   3.291653     2.0235     0.0592     0.0825    4.99464      81060          5  0.000e+00
    103.514     4.4438     4.4433   3.291480   3.291621     2.0223     0.0470     0.0825    4.99064      81061          5  0.000e+00
    103.514     4.4441     4.4436   3.291480   3.291653     2.0223     0.0470     0.0825    4.99061      81062          5  0.000e+00
    103.514     4.4442     4.4437   3.291498   3.291679     2.0235     0.0470     0.0836    4.99459      81063          5  0.000e+00
    103.459     4.4441     4.4438   3.291492   3.291653     2.0223     0.0470     0.0836    4.99057      81064          5  0.000e+00
    103.459     4.4441     4.4438   3.291498   3.291717     2.0235     0.0470     0.0836    4.99456      81065          5  0.000e+00
    103.491     4.4442     4.4438   3.291510   3.291653     2.0223     0.0470     0.0836    4.99057      81066          5  0.000e+00
    103.514     4.4444     4.4441   3.291528   3.291742     2.0223     0.0470     0.0836    4.99056      81067          5  0.000e+00
    103.396     4.4444     4.4437   3.291516   3.291679     2.0223     0.0470     0.0836    4.99049      81068          5  0.000e+00
    103.459     4.4444     4.4441   3.291510   3.291742     2.0223     0.0470     0.0836    4.99053      81069          5  0.000e+00
    103.459     4.4444     4.4440   3.291528   3.291711     2.0223     0.0470     0.0836    4.99052      81070          5  0.000e+00
    103.459     4.4446     4.4441   3.291534   3.291742     2.0211     0.0470     0.0825    4.98650      81071          5  0.000e+00
    103.396     4.4442     4.4443   3.291516   3.291710     2.0223     0.0470     0.0825    4.99050      81072          5  0.000e+00
    103.396     4.4444     4.4446   3.291528   3.291774     2.0235     0.0470     0.0825    4.99448      81073          5  0.000e+00
    103.428     4.4446     4.4446   3.291516   3.291711     2.0235     0.0470     0.0825    4.99449      81074          5  0.000e+00
    103.341     4.4442     4.4447   3.291528   3.291774     2.0223     0.0470     0.0825    4.99046      81075          5  0.000e+00
    103.396     4.4446     4.4443   3.291534   3.291742     2.0223     0.0470     0.0825    4.99045      81076          5  0.000e+00
    103.396     4.4446     4.4446   3.291516   3.291742     2.0223     0.0470     0.0836    4.99047      81077          5  0.000e+00
    103.341     4.4442     4.4447   3.291510   3.291774     2.0235     0.0470     0.0836    4.99446      81078          5  0.000e+00
    103.341     4.4446     4.4448   3.291528   3.291774     2.0235     0.0470     0.0836    4.99442      81079          5  0.000e+00
    103.396     4.4449     4.4447   3.291552   3.291774     2.0223     0.0470     0.0836    4.99042      81080          5  0.000e+00
    103.310     4.4449     4.4449   3.291565   3.291774     2.0223     0.0470     0.0836    4.99035      81081          5  0.000e+00
    103.341     4.4449     4.4449   3.291589   3.291800     2.0223     0.0470     0.0836    4.99036      81082          5  0.000e+00
    103.341     4.4451     4.4449   3.291595   3.291774     2.0223     0.0470     0.0836    4.99035      81083          5  0.000e+00
    103.278     4.4450     4.4449   3.291595   3.291742     2.0235     0.0470     0.0825    4.99431      81084          5  0.000e+00
    103.341     4.4451     4.4453   3.291577   3.291800     2.0223     0.0470     0.0825    4.99035      81085          5  0.000e+00
    103.278     4.4449     4.4452   3.291583   3.291774     2.0223     0.0348     0.0825    4.99032      81086          5  0.000e+00
    103.278     4.4449     4.4453   3.291613   3.291831     2.0223     0.0348     0.0825    4.99031      81087          5  0.000e+00
    103.278     4.4449     4.4451   3.291583   3.291831     2.0223     0.0348     0.0825    4.99032      81088          5  0.000e+00
    103.255     4.4449     4.4449   3.291564   3.291800     2.0235     0.0348     0.0836    4.99431      81089          5  0.000e+00
    103.223     4.4450     4.4451   3.291589   3.291774     2.0223     0.0348     0.0836    4.99027      81090          5  0.000e+00
