Cruise Data/Irminger_Sea-01_KN-221_2014-09-07/Ship Data/ctd/process/kkn22104009.ros
* Sea-Bird SBE 9 Data File:
* FileName = C:\Data\ctd\KN22104009.hdr
* Software Version Seasave V 7.21k
* Temperature SN = 4195
* Conductivity SN = 2147
* Number of Bytes Per Scan = 40
* Number of Voltage Words = 5
* Number of Scans Averaged by the Deck Unit = 1
* NMEA Latitude = 59 46.27 N
* NMEA Longitude = 039 38.47 W
* NMEA UTC (Time) = Sep 17 2014 13:48:49
** KN221-04 Chief Scientist: Bob Weller
** OOI Irminger Sea Sept. 2014
** Station: 009
** Knudsen Depth: 2758
# nquan = 12
# nvalues = 588                                   
# units = specified
# name 0 = prDM: Pressure, Digiquartz [db]
# name 1 = t090C: Temperature [ITS-90, deg C]
# name 2 = t190C: Temperature, 2 [ITS-90, deg C]
# name 3 = c0S/m: Conductivity [S/m]
# name 4 = c1S/m: Conductivity, 2 [S/m]
# name 5 = sbeox0V: Oxygen raw, SBE 43 [V]
# name 6 = flECO-AFL: Fluorescence, WET Labs ECO-AFL/FL [mg/m^3]
# name 7 = CStarAt0: Beam Attenuation, WET Labs C-Star [1/m]
# name 8 = sbeox0ML/L: Oxygen, SBE 43 [ml/l]
# name 9 = scan: Scan Count
# name 10 = nbf: Bottles Fired
# name 11 = flag:  0.000e+00
# interval = seconds: 0.0416667
# start_time = Sep 17 2014 13:48:49 [NMEA time, header]
# bad_flag = -9.990e-29
*END*
   1004.701     3.6967     3.6960   3.263546   3.263738     1.7861     0.0226     0.0760    4.83727      28268          1  0.000e+00
   1004.701     3.6964     3.6961   3.263558   3.263693     1.7861     0.0226     0.0760    4.83730      28269          1  0.000e+00
   1004.677     3.6964     3.6960   3.263534   3.263750     1.7849     0.0226     0.0760    4.83267      28270          1  0.000e+00
   1004.701     3.6965     3.6961   3.263534   3.263706     1.7849     0.0226     0.0760    4.83268      28271          1  0.000e+00
   1004.821     3.6965     3.6963   3.263522   3.263693     1.7849     0.0226     0.0760    4.83276      28272          1  0.000e+00
   1004.557     3.6965     3.6961   3.263552   3.263750     1.7849     0.0226     0.0760    4.83258      28273          1  0.000e+00
   1004.821     3.6965     3.6965   3.263570   3.263763     1.7849     0.0226     0.0760    4.83274      28274          1  0.000e+00
   1004.701     3.6964     3.6961   3.263594   3.263782     1.7849     0.0226     0.0760    4.83267      28275          1  0.000e+00
   1004.861     3.6965     3.6963   3.263582   3.263751     1.7849     0.0226     0.0760    4.83276      28276          1  0.000e+00
   1004.757     3.6965     3.6963   3.263552   3.263763     1.7861     0.0226     0.0770    4.83733      28277          1  0.000e+00
   1004.797     3.6965     3.6960   3.263522   3.263719     1.7861     0.0226     0.0770    4.83736      28278          1  0.000e+00
   1004.821     3.6964     3.6961   3.263516   3.263719     1.7849     0.0226     0.0770    4.83278      28279          1  0.000e+00
   1004.821     3.6964     3.6961   3.263528   3.263751     1.7849     0.0226     0.0770    4.83277      28280          1  0.000e+00
   1004.797     3.6961     3.6960   3.263540   3.263738     1.7849     0.0226     0.0781    4.83279      28281          1  0.000e+00
   1004.877     3.6961     3.6963   3.263546   3.263751     1.7861     0.0226     0.0770    4.83746      28282          1  0.000e+00
   1004.877     3.6964     3.6961   3.263540   3.263751     1.7861     0.0226     0.0770    4.83743      28283          1  0.000e+00
   1004.861     3.6962     3.6963   3.263540   3.263738     1.7861     0.0226     0.0770    4.83743      28284          1  0.000e+00
   1004.877     3.6965     3.6960   3.263582   3.263751     1.7849     0.0226     0.0770    4.83278      28285          1  0.000e+00
   1004.917     3.6964     3.6963   3.263540   3.263751     1.7849     0.0226     0.0770    4.83284      28286          1  0.000e+00
   1004.941     3.6962     3.6966   3.263516   3.263738     1.7849     0.0226     0.0770    4.83288      28287          1  0.000e+00
   1004.941     3.6964     3.6965   3.263552   3.263751     1.7849     0.0470     0.0781    4.83285      28288          1  0.000e+00
   1004.981     3.6962     3.6965   3.263534   3.263719     1.7849     0.0470     0.0781    4.83290      28289          1  0.000e+00
   1004.997     3.6962     3.6965   3.263552   3.263795     1.7849     0.0470     0.0781    4.83290      28290          1  0.000e+00
   1004.941     3.6962     3.6966   3.263588   3.263751     1.7849     0.0470     0.0781    4.83286      28291          1  0.000e+00
   1005.037     3.6964     3.6965   3.263582   3.263814     1.7849     0.0470     0.0770    4.83291      28292          1  0.000e+00
   1004.997     3.6965     3.6963   3.263588   3.263738     1.7849     0.0470     0.0770    4.83286      28293          1  0.000e+00
   1005.061     3.6965     3.6966   3.263576   3.263782     1.7861     0.0470     0.0770    4.83753      28294          1  0.000e+00
   1005.037     3.6965     3.6964   3.263570   3.263751     1.7861     0.0470     0.0770    4.83751      28295          1  0.000e+00
   1005.117     3.6968     3.6965   3.263588   3.263751     1.7849     0.0470     0.0770    4.83291      28296          1  0.000e+00
   1005.037     3.6968     3.6963   3.263612   3.263763     1.7849     0.0470     0.0770    4.83285      28297          1  0.000e+00
   1005.117     3.6970     3.6964   3.263612   3.263782     1.7849     0.0470     0.0760    4.83289      28298          1  0.000e+00
   1005.181     3.6967     3.6965   3.263618   3.263782     1.7849     0.0470     0.0770    4.83296      28299          1  0.000e+00
   1005.101     3.6968     3.6963   3.263588   3.263795     1.7849     0.0470     0.0770    4.83290      28300          1  0.000e+00
   1005.181     3.6970     3.6965   3.263594   3.263782     1.7861     0.0470     0.0770    4.83756      28301          1  0.000e+00
   1005.181     3.6968     3.6966   3.263600   3.263782     1.7861     0.0470     0.0760    4.83757      28302          1  0.000e+00
   1005.221     3.6970     3.6966   3.263624   3.263827     1.7849     0.0470     0.0760    4.83296      28303          1  0.000e+00
   1005.237     3.6967     3.6968   3.263630   3.263814     1.7849     0.0470     0.0760    4.83299      28304          1  0.000e+00
   1005.157     3.6967     3.6967   3.263624   3.263840     1.7849     0.0470     0.0760    4.83295      28305          1  0.000e+00
   1005.301     3.6969     3.6968   3.263588   3.263827     1.7861     0.0470     0.0760    4.83765      28306          1  0.000e+00
   1005.237     3.6967     3.6966   3.263576   3.263814     1.7861     0.0470     0.0760    4.83763      28307          1  0.000e+00
   1005.341     3.6965     3.6968   3.263570   3.263871     1.7849     0.0470     0.0760    4.83310      28308          1  0.000e+00
   1005.301     3.6967     3.6969   3.263594   3.263827     1.7849     0.0470     0.0760    4.83305      28309          1  0.000e+00
   1005.301     3.6965     3.6970   3.263618   3.263814     1.7861     0.0470     0.0760    4.83768      28310          1  0.000e+00
   1005.341     3.6964     3.6968   3.263624   3.263871     1.7861     0.0470     0.0760    4.83772      28311          1  0.000e+00
   1005.365     3.6965     3.6970   3.263612   3.263871     1.7849     0.0470     0.0760    4.83311      28312          1  0.000e+00
   1005.397     3.6965     3.6969   3.263600   3.263827     1.7849     0.0470     0.0760    4.83313      28313          1  0.000e+00
   1005.365     3.6967     3.6968   3.263594   3.263814     1.7849     0.0470     0.0760    4.83310      28314          1  0.000e+00
   1005.421     3.6967     3.6970   3.263600   3.263840     1.7849     0.0470     0.0770    4.83313      28315          1  0.000e+00
   1005.397     3.6965     3.6969   3.263643   3.263827     1.7849     0.0470     0.0770    4.83312      28316          1  0.000e+00
   1004.560     3.6968     3.6963   3.263582   3.263750     1.7849     0.0348     0.0760    4.83274      28528          2  0.000e+00
   1004.640     3.6968     3.6965   3.263588   3.263750     1.7849     0.0348     0.0760    4.83279      28529          2  0.000e+00
   1004.584     3.6970     3.6964   3.263576   3.263738     1.7861     0.0348     0.0760    4.83736      28530          2  0.000e+00
   1004.624     3.6965     3.6963   3.263594   3.263750     1.7849     0.0470     0.0760    4.83281      28531          2  0.000e+00
   1004.640     3.6968     3.6965   3.263582   3.263782     1.7849     0.0470     0.0770    4.83279      28532          2  0.000e+00
   1004.624     3.6968     3.6963   3.263594   3.263719     1.7849     0.0470     0.0770    4.83278      28533          2  0.000e+00
   1004.585     3.6968     3.6964   3.263582   3.263795     1.7849     0.0470     0.0770    4.83276      28534          2  0.000e+00
   1004.585     3.6967     3.6963   3.263588   3.263719     1.7849     0.0470     0.0770    4.83277      28535          2  0.000e+00
   1004.625     3.6967     3.6966   3.263582   3.263782     1.7849     0.0470     0.0760    4.83280      28536          2  0.000e+00
   1004.585     3.6967     3.6966   3.263552   3.263795     1.7849     0.0470     0.0760    4.83279      28537          2  0.000e+00
   1004.705     3.6967     3.6966   3.263576   3.263814     1.7849     0.0470     0.0760    4.83286      28538          2  0.000e+00
   1004.625     3.6967     3.6965   3.263600   3.263782     1.7849     0.0470     0.0770    4.83280      28539          2  0.000e+00
   1004.705     3.6967     3.6966   3.263582   3.263763     1.7849     0.0470     0.0770    4.83286      28540          2  0.000e+00
   1004.641     3.6968     3.6966   3.263570   3.263782     1.7849     0.0470     0.0770    4.83280      28541          2  0.000e+00
   1004.681     3.6968     3.6968   3.263570   3.263814     1.7849     0.0470     0.0760    4.83283      28542          2  0.000e+00
   1004.705     3.6968     3.6965   3.263612   3.263795     1.7849     0.0470     0.0770    4.83283      28543          2  0.000e+00
   1004.681     3.6968     3.6966   3.263588   3.263782     1.7849     0.0470     0.0760    4.83283      28544          2  0.000e+00
   1004.705     3.6968     3.6966   3.263594   3.263750     1.7849     0.0470     0.0760    4.83284      28545          2  0.000e+00
   1004.761     3.6970     3.6966   3.263600   3.263782     1.7849     0.0470     0.0760    4.83286      28546          2  0.000e+00
   1004.745     3.6968     3.6963   3.263612   3.263763     1.7849     0.0470     0.0760    4.83286      28547          2  0.000e+00
   1004.825     3.6967     3.6964   3.263630   3.263782     1.7849     0.0470     0.0760    4.83292      28548          2  0.000e+00
   1004.825     3.6970     3.6965   3.263606   3.263751     1.7849     0.0470     0.0760    4.83290      28549          2  0.000e+00
   1004.801     3.6970     3.6966   3.263600   3.263795     1.7849     0.0470     0.0760    4.83289      28550          2  0.000e+00
   1004.881     3.6968     3.6965   3.263618   3.263782     1.7849     0.0470     0.0760    4.83295      28551          2  0.000e+00
   1004.881     3.6970     3.6967   3.263606   3.263751     1.7849     0.0470     0.0760    4.83294      28552          2  0.000e+00
   1004.921     3.6969     3.6966   3.263624   3.263827     1.7849     0.0470     0.0760    4.83297      28553          2  0.000e+00
   1004.945     3.6968     3.6965   3.263673   3.263782     1.7849     0.0470     0.0760    4.83297      28554          2  0.000e+00
   1004.985     3.6968     3.6965   3.263618   3.263782     1.7849     0.0470     0.0760    4.83302      28555          2  0.000e+00
   1005.001     3.6970     3.6967   3.263642   3.263827     1.7849     0.0348     0.0760    4.83300      28556          2  0.000e+00
   1005.001     3.6970     3.6965   3.263660   3.263751     1.7849     0.0348     0.0760    4.83300      28557          2  0.000e+00
   1005.040     3.6970     3.6965   3.263654   3.263814     1.7849     0.0348     0.0760    4.83303      28558          2  0.000e+00
   1005.120     3.6970     3.6966   3.263618   3.263827     1.7849     0.0348     0.0770    4.83309      28559          2  0.000e+00
   1005.120     3.6970     3.6965   3.263618   3.263782     1.7849     0.0348     0.0760    4.83309      28560          2  0.000e+00
   1005.160     3.6972     3.6966   3.263667   3.263782     1.7849     0.0348     0.0770    4.83309      28561          2  0.000e+00
   1005.184     3.6972     3.6966   3.263667   3.263840     1.7849     0.0348     0.0770    4.83310      28562          2  0.000e+00
   1005.224     3.6970     3.6967   3.263661   3.263859     1.7849     0.0348     0.0770    4.83315      28563          2  0.000e+00
   1005.304     3.6970     3.6968   3.263655   3.263840     1.7849     0.0348     0.0770    4.83320      28564          2  0.000e+00
   1005.240     3.6972     3.6968   3.263679   3.263840     1.7849     0.0348     0.0770    4.83314      28565          2  0.000e+00
   1005.344     3.6973     3.6966   3.263642   3.263859     1.7862     0.0348     0.0770    4.83782      28566          2  0.000e+00
   1005.424     3.6972     3.6969   3.263649   3.263840     1.7849     0.0348     0.0760    4.83327      28567          2  0.000e+00
   1005.368     3.6972     3.6968   3.263697   3.263871     1.7849     0.0348     0.0760    4.83322      28568          2  0.000e+00
   1005.464     3.6973     3.6966   3.263715   3.263859     1.7849     0.0348     0.0760    4.83326      28569          2  0.000e+00
   1005.488     3.6975     3.6969   3.263697   3.263871     1.7849     0.0348     0.0760    4.83326      28570          2  0.000e+00
   1005.464     3.6975     3.6968   3.263709   3.263840     1.7849     0.0348     0.0760    4.83324      28571          2  0.000e+00
   1005.544     3.6975     3.6968   3.263733   3.263884     1.7849     0.0348     0.0760    4.83329      28572          2  0.000e+00
   1005.608     3.6975     3.6970   3.263727   3.263814     1.7849     0.0348     0.0770    4.83333      28573          2  0.000e+00
   1005.584     3.6975     3.6971   3.263721   3.263871     1.7849     0.0348     0.0760    4.83332      28574          2  0.000e+00
   1005.664     3.6978     3.6971   3.263715   3.263884     1.7849     0.0348     0.0770    4.83334      28575          2  0.000e+00
   1005.648     3.6973     3.6970   3.263697   3.263871     1.7862     0.0348     0.0760    4.83800      28576          2  0.000e+00
    804.373     3.5817     3.5817   3.242360   3.242628     1.8733     0.0348     0.0770    5.04845      35769          3  0.000e+00
    804.437     3.5820     3.5820   3.242360   3.242564     1.8721     0.0348     0.0770    5.04395      35770          3  0.000e+00
    804.317     3.5817     3.5819   3.242354   3.242539     1.8733     0.0348     0.0770    5.04841      35771          3  0.000e+00
    804.493     3.5818     3.5817   3.242372   3.242596     1.8745     0.0348     0.0770    5.05301      35772          3  0.000e+00
    804.373     3.5818     3.5820   3.242366   3.242577     1.8721     0.0348     0.0770    5.04392      35773          3  0.000e+00
    804.373     3.5818     3.5819   3.242366   3.242596     1.8721     0.0348     0.0770    5.04392      35774          3  0.000e+00
    804.381     3.5817     3.5819   3.242378   3.242564     1.8721     0.0348     0.0770    5.04394      35775          3  0.000e+00
    804.620     3.5818     3.5820   3.242366   3.242596     1.8733     0.0348     0.0770    5.04860      35776          3  0.000e+00
    804.493     3.5818     3.5820   3.242354   3.242609     1.8733     0.0348     0.0770    5.04852      35777          3  0.000e+00
    804.493     3.5817     3.5820   3.242348   3.242596     1.8721     0.0348     0.0770    5.04403      35778          3  0.000e+00
    804.437     3.5818     3.5819   3.242348   3.242596     1.8721     0.0348     0.0770    5.04398      35779          3  0.000e+00
    804.556     3.5817     3.5822   3.242396   3.242596     1.8733     0.0348     0.0770    5.04856      35780          3  0.000e+00
    804.556     3.5817     3.5820   3.242348   3.242640     1.8733     0.0348     0.0770    5.04858      35781          3  0.000e+00
    804.556     3.5818     3.5819   3.242366   3.242596     1.8745     0.0348     0.0770    5.05306      35782          3  0.000e+00
    804.620     3.5818     3.5819   3.242378   3.242564     1.8733     0.0348     0.0770    5.04860      35783          3  0.000e+00
    804.556     3.5817     3.5819   3.242360   3.242564     1.8733     0.0348     0.0770    5.04858      35784          3  0.000e+00
    804.620     3.5818     3.5819   3.242372   3.242596     1.8745     0.0348     0.0770    5.05310      35785          3  0.000e+00
    804.620     3.5815     3.5819   3.242366   3.242577     1.8721     0.0348     0.0770    5.04413      35786          3  0.000e+00
    804.620     3.5817     3.5819   3.242354   3.242564     1.8721     0.0348     0.0770    5.04412      35787          3  0.000e+00
    804.676     3.5815     3.5817   3.242390   3.242596     1.8721     0.0470     0.0770    5.04416      35788          3  0.000e+00
    804.676     3.5817     3.5819   3.242408   3.242596     1.8733     0.0348     0.0770    5.04864      35789          3  0.000e+00
    804.740     3.5817     3.5819   3.242396   3.242577     1.8733     0.0348     0.0770    5.04869      35790          3  0.000e+00
