Cruise Data/Irminger_Sea-01_KN-221_2014-09-07/Ship Data/ctd/process/kkn22104004.cnv
* Sea-Bird SBE 9 Data File:
* FileName = C:\Data\ctd\KN22104004.hdr
* Software Version Seasave V 7.21k
* Temperature SN = 4195
* Conductivity SN = 2147
* Number of Bytes Per Scan = 40
* Number of Voltage Words = 5
* Number of Scans Averaged by the Deck Unit = 1
* NMEA Latitude = 61 39.45 N
* NMEA Longitude = 033 04.60 W
* NMEA UTC (Time) = Sep 08 2014 23:19:14
** KN221-04 Chief Scientist: Bob Weller
** OOI Irminger Sea Sept. 2014
** Station: 004
** Knudsen Depth: 2976
# nquan = 19
# nvalues = 981                         
# units = specified
# name 0 = prDM: Pressure, Digiquartz [db]
# name 1 = t090C: Temperature [ITS-90, deg C]
# name 2 = t190C: Temperature, 2 [ITS-90, deg C]
# name 3 = c0S/m: Conductivity [S/m]
# name 4 = c1S/m: Conductivity, 2 [S/m]
# name 5 = sbeox0V: Oxygen raw, SBE 43 [V]
# name 6 = flECO-AFL: Fluorescence, WET Labs ECO-AFL/FL [mg/m^3]
# name 7 = CStarAt0: Beam Attenuation, WET Labs C-Star [1/m]
# name 8 = sbeox0ML/L: Oxygen, SBE 43 [ml/l]
# name 9 = depSM: Depth [salt water, m], lat = 61.6575
# name 10 = sal00: Salinity, Practical [PSU]
# name 11 = sal11: Salinity, Practical, 2 [PSU]
# name 12 = svDM: Sound Velocity [Delgrosso, m/s]
# name 13 = sbeox0ML/L: Oxygen, SBE 43 [ml/l], WS = 2
# name 14 = density00: Density [density, Kg/m^3]
# name 15 = density11: Density, 2 [density, Kg/m^3]
# name 16 = dz/dtM: Descent Rate [m/s], WS = 2
# name 17 = oxsatML/L: Oxygen Saturation, Weiss [ml/l]
# name 18 = flag: flag
# span 0 =      5.048,    504.429       
# span 1 =     4.2695,    10.5679       
# span 2 =     4.2687,    10.5671       
# span 3 =   3.295726,   3.846950       
# span 4 =   3.295868,   3.847254       
# span 5 =     1.8875,     2.2105       
# span 6 =     0.0104,     1.3687       
# span 7 =     0.0869,     0.3235       
# span 8 =    4.68313,    4.92739       
# span 9 =      5.000,    499.000       
# span 10 =    34.8186,    35.0033      
# span 11 =    34.8077,    35.0055      
# span 12 =    1474.42,    1492.12      
# span 13 =    4.68299,    4.92719      
# span 14 =  1026.7494,  1030.0277      
# span 15 =  1026.7516,  1030.0299      
# span 16 =     -1.876,      1.826      
# span 17 =    6.24697,    7.21960      
# span 18 = 0.0000e+00, 0.0000e+00      
# interval = meters: 1                  
# start_time = Sep 08 2014 23:19:14 [NMEA time, header]
# bad_flag = -9.990e-29
*END*
[from data line 610]
    378.966     4.6254     4.6243   3.324080   3.324262     1.8983     0.0472     0.0887    4.72769    375.000    34.9430    34.9464    1475.16    4.72755  1029.4248  1029.4276     -1.482    7.15624 0.0000e+00
    377.954     4.6246     4.6232   3.323975   3.324085     1.8980     0.0382     0.0879    4.72617    374.000    34.9431    34.9459    1475.14    4.72603  1029.4204  1029.4227     -1.430    7.15637 0.0000e+00
    376.943     4.6243     4.6239   3.323910   3.324103     1.8975     0.0349     0.0889    4.72386    373.000    34.9432    34.9459    1475.13    4.72372  1029.4159  1029.4181     -1.191    7.15642 0.0000e+00
    375.931     4.6242     4.6236   3.323877   3.324033     1.8972     0.0299     0.0888    4.72201    372.000    34.9435    34.9460    1475.11    4.72187  1029.4114  1029.4135     -0.888    7.15642 0.0000e+00
    374.920     4.6252     4.6256   3.323931   3.324154     1.8971     0.0225     0.0884    4.72109    371.000    34.9436    34.9458    1475.10    4.72095  1029.4067  1029.4084     -0.894    7.15625 0.0000e+00
    373.908     4.6256     4.6245   3.323900   3.324018     1.8971     0.0395     0.0882    4.72025    370.000    34.9434    34.9459    1475.08    4.72012  1029.4019  1029.4039     -1.028    7.15620 0.0000e+00
    372.897     4.6279     4.6298   3.324078   3.324394     1.8970     0.0398     0.0878    4.71914    369.000    34.9435    34.9452    1475.08    4.71900  1029.3970  1029.3982     -1.102    7.15578 0.0000e+00
    371.885     4.6307     4.6350   3.324271   3.324840     1.8968     0.0290     0.0877    4.71750    368.000    34.9434    34.9455    1475.07    4.71736  1029.3920  1029.3931     -1.094    7.15531 0.0000e+00
    370.874     4.6344     4.6399   3.324543   3.325233     1.8963     0.0227     0.0894    4.71483    367.000    34.9432    34.9454    1475.07    4.71470  1029.3867  1029.3878     -1.032    7.15467 0.0000e+00
    369.862     4.6411     4.6450   3.325162   3.325663     1.8966     0.0283     0.0881    4.71434    366.000    34.9439    34.9457    1475.08    4.71420  1029.3817  1029.3827     -0.957    7.15347 0.0000e+00
    368.851     4.6449     4.6439   3.325474   3.325520     1.8968     0.0285     0.0891    4.71379    365.000    34.9441    34.9457    1475.08    4.71365  1029.3767  1029.3782     -0.886    7.15280 0.0000e+00
    367.840     4.6522     4.6440   3.326162   3.325529     1.8970     0.0227     0.0891    4.71296    364.000    34.9450    34.9462    1475.10    4.71282  1029.3719  1029.3739     -0.820    7.15150 0.0000e+00
    366.828     4.6586     4.6586   3.326530   3.326746     1.8971     0.0348     0.0887    4.71189    363.000    34.9431    34.9456    1475.10    4.71176  1029.3650  1029.3669     -0.958    7.15048 0.0000e+00
    365.817     4.6670     4.6717   3.327418   3.328016     1.8971     0.0354     0.0884    4.71033    362.000    34.9452    34.9472    1475.12    4.71020  1029.3610  1029.3621     -1.209    7.14892 0.0000e+00
    364.805     4.6709     4.6750   3.327793   3.328327     1.8973     0.0277     0.0888    4.71000    361.000    34.9459    34.9479    1475.13    4.70986  1029.3564  1029.3575     -1.363    7.14820 0.0000e+00
    363.794     4.6752     4.6771   3.328147   3.328539     1.8975     0.0254     0.0891    4.70927    360.000    34.9460    34.9486    1475.13    4.70913  1029.3513  1029.3531     -1.377    7.14745 0.0000e+00
    362.782     4.6783     4.6782   3.328375   3.328602     1.8974     0.0356     0.0889    4.70814    359.000    34.9460    34.9487    1475.12    4.70800  1029.3463  1029.3485     -1.275    7.14692 0.0000e+00
    361.771     4.6797     4.6812   3.328473   3.328808     1.8977     0.0467     0.0895    4.70815    358.000    34.9462    34.9486    1475.11    4.70801  1029.3416  1029.3433     -1.069    7.14666 0.0000e+00
    360.760     4.6845     4.6807   3.328907   3.328768     1.8973     0.0364     0.0894    4.70562    357.000    34.9468    34.9491    1475.12    4.70548  1029.3368  1029.3391     -0.760    7.14581 0.0000e+00
    359.748     4.6944     4.6967   3.329785   3.330171     1.8970     0.0292     0.0896    4.70272    356.000    34.9471    34.9492    1475.14    4.70258  1029.3312  1029.3326     -0.553    7.14407 0.0000e+00
    358.737     4.6946     4.6947   3.329788   3.330073     1.8964     0.0313     0.0892    4.70022    355.000    34.9475    34.9507    1475.13    4.70008  1029.3269  1029.3293     -0.812    7.14403 0.0000e+00
    357.725     4.6964     4.6974   3.329927   3.330133     1.8959     0.0263     0.0892    4.69760    354.000    34.9477    34.9490    1475.12    4.69746  1029.3221  1029.3231     -1.237    7.14370 0.0000e+00
    356.714     4.7013     4.7033   3.330337   3.330684     1.8961     0.0362     0.0893    4.69717    353.000    34.9478    34.9498    1475.12    4.69703  1029.3170  1029.3182     -1.521    7.14284 0.0000e+00
    355.703     4.7047     4.7054   3.330589   3.330861     1.8959     0.0181     0.0895    4.69531    352.000    34.9478    34.9502    1475.12    4.69517  1029.3119  1029.3137     -1.669    7.14226 0.0000e+00
    354.691     4.7065     4.7072   3.330712   3.331010     1.8959     0.0109     0.0901    4.69450    351.000    34.9478    34.9506    1475.11    4.69436  1029.3070  1029.3091     -1.638    7.14194 0.0000e+00
    353.680     4.7082     4.7074   3.330835   3.331006     1.8961     0.0343     0.0898    4.69429    350.000    34.9481    34.9508    1475.10    4.69416  1029.3024  1029.3047     -1.371    7.14165 0.0000e+00
    352.668     4.7114     4.7106   3.331101   3.331259     1.8963     0.0314     0.0898    4.69393    349.000    34.9483    34.9510    1475.10    4.69379  1029.2976  1029.2997     -0.769    7.14108 0.0000e+00
    351.657     4.7151     4.7183   3.331436   3.331928     1.8961     0.0344     0.0895    4.69228    348.000    34.9489    34.9512    1475.10    4.69214  1029.2928  1029.2943     -0.148    7.14041 0.0000e+00
    350.646     4.7166     4.7166   3.331547   3.331774     1.8959     0.0349     0.0889    4.69073    347.000    34.9490    34.9517    1475.09    4.69059  1029.2882  1029.2903     -0.665    7.14013 0.0000e+00
    349.634     4.7165     4.7192   3.331495   3.331896     1.8958     0.0456     0.0898    4.68998    346.000    34.9491    34.9510    1475.07    4.68984  1029.2836  1029.2847     -1.011    7.14015 0.0000e+00
    348.623     4.7225     4.7269   3.331993   3.332567     1.8957     0.0376     0.0897    4.68826    345.000    34.9492    34.9512    1475.08    4.68812  1029.2782  1029.2793     -1.100    7.13911 0.0000e+00
    347.612     4.7287     4.7303   3.332532   3.332865     1.8958     0.0350     0.0900    4.68714    344.000    34.9494    34.9516    1475.09    4.68700  1029.2729  1029.2745     -0.747    7.13802 0.0000e+00
    346.600     4.7320     4.7333   3.332805   3.333112     1.8959     0.0334     0.0899    4.68648    343.000    34.9497    34.9519    1475.09    4.68635  1029.2682  1029.2698     -0.385    7.13745 0.0000e+00
    345.589     4.7346     4.7354   3.332983   3.333279     1.8958     0.0356     0.0894    4.68509    342.000    34.9496    34.9522    1475.08    4.68495  1029.2632  1029.2650     -0.756    7.13700 0.0000e+00
    344.578     4.7357     4.7370   3.333065   3.333390     1.8958     0.0258     0.0899    4.68455    341.000    34.9499    34.9523    1475.07    4.68441  1029.2585  1029.2604     -0.494    7.13680 0.0000e+00
    343.566     4.7385     4.7400   3.333239   3.333585     1.8958     0.0391     0.0901    4.68356    340.000    34.9495    34.9519    1475.06    4.68342  1029.2533  1029.2550     -0.609    7.13633 0.0000e+00
    342.555     4.7404     4.7399   3.333383   3.333557     1.8959     0.0350     0.0896    4.68313    339.000    34.9497    34.9522    1475.05    4.68299  1029.2485  1029.2506     -0.552    7.13599 0.0000e+00
    341.544     4.7417     4.7413   3.333457   3.333647     1.8963     0.0467     0.0895    4.68360    338.000    34.9497    34.9523    1475.04    4.68346  1029.2438  1029.2458     -0.324    7.13576 0.0000e+00
    340.532     4.7437     4.7429   3.333572   3.333727     1.8973     0.0413     0.0897    4.68594    337.000    34.9495    34.9521    1475.04    4.68580  1029.2386  1029.2408     -0.579    7.13543 0.0000e+00
    339.521     4.7460     4.7464   3.333774   3.333980     1.8974     0.0350     0.0895    4.68545    336.000    34.9499    34.9520    1475.03    4.68532  1029.2340  1029.2356     -0.811    7.13500 0.0000e+00
    338.510     4.7494     4.7497   3.334002   3.334245     1.8978     0.0356     0.0894    4.68568    335.000    34.9496    34.9522    1475.03    4.68554  1029.2288  1029.2307     -0.826    7.13444 0.0000e+00
    337.498     4.7510     4.7514   3.334110   3.334365     1.8983     0.0485     0.0893    4.68661    334.000    34.9497    34.9522    1475.02    4.68647  1029.2239  1029.2260     -0.598    7.13415 0.0000e+00
    336.487     4.7547     4.7547   3.334395   3.334617     1.8988     0.0297     0.0899    4.68734    333.000    34.9497    34.9523    1475.01    4.68720  1029.2189  1029.2208     -0.143    7.13353 0.0000e+00
    335.476     4.7541     4.7536   3.334244   3.334447     1.8992     0.0472     0.0899    4.68809    332.000    34.9491    34.9520    1475.00    4.68795  1029.2137  1029.2162     -0.954    7.13365 0.0000e+00
    334.465     4.7539     4.7535   3.334172   3.334361     1.8995     0.0353     0.0926    4.68849    331.000    34.9490    34.9516    1474.98    4.68835  1029.2091  1029.2112     -0.823    7.13369 0.0000e+00
    333.453     4.7539     4.7534   3.334115   3.334266     1.9000     0.0350     0.0893    4.68960    330.000    34.9488    34.9511    1474.96    4.68946  1029.2042  1029.2062     -0.442    7.13369 0.0000e+00
    332.442     4.7541     4.7532   3.334018   3.334174     1.9009     0.0352     0.0896    4.69179    329.000    34.9480    34.9508    1474.94    4.69165  1029.1990  1029.2012     -0.340    7.13370 0.0000e+00
    331.431     4.7537     4.7531   3.333879   3.334073     1.9008     0.0442     0.0894    4.69098    328.000    34.9474    34.9503    1474.93    4.69084  1029.1938  1029.1962     -0.840    7.13380 0.0000e+00
    330.419     4.7552     4.7548   3.333932   3.334104     1.9008     0.0372     0.0896    4.69037    327.000    34.9469    34.9493    1474.92    4.69023  1029.1886  1029.1906     -0.945    7.13356 0.0000e+00
    329.408     4.7563     4.7560   3.333961   3.334154     1.9027     0.0355     0.0897    4.69590    326.000    34.9467    34.9493    1474.90    4.69576  1029.1836  1029.1857     -0.399    7.13338 0.0000e+00
    328.397     4.7573     4.7568   3.333970   3.334163     1.9052     0.0348     0.0897    4.70346    325.000    34.9462    34.9491    1474.89    4.70332  1029.1785  1029.1808     -0.611    7.13323 0.0000e+00
    327.386     4.7569     4.7562   3.333919   3.334080     1.9059     0.0336     0.0898    4.70523    324.000    34.9466    34.9492    1474.87    4.70509  1029.1742  1029.1764     -0.765    7.13328 0.0000e+00
    326.374     4.7564     4.7554   3.333814   3.333970     1.9063     0.0287     0.0897    4.70591    323.000    34.9465    34.9493    1474.85    4.70577  1029.1696  1029.1719     -0.635    7.13338 0.0000e+00
    325.363     4.7525     4.7506   3.333374   3.333439     1.9072     0.0276     0.0891    4.70882    322.000    34.9460    34.9487    1474.82    4.70868  1029.1649  1029.1674     -0.293    7.13408 0.0000e+00
    324.352     4.7487     4.7473   3.332923   3.333050     1.9080     0.0360     0.0896    4.71152    321.000    34.9452    34.9482    1474.79    4.71138  1029.1602  1029.1626     -0.786    7.13477 0.0000e+00
    323.341     4.7478     4.7468   3.332783   3.332925     1.9082     0.0353     0.0896    4.71152    320.000    34.9451    34.9478    1474.77    4.71138  1029.1555  1029.1577     -0.908    7.13493 0.0000e+00
    322.329     4.7481     4.7478   3.332742   3.332928     1.9092     0.0350     0.0894    4.71434    319.000    34.9448    34.9473    1474.75    4.71420  1029.1505  1029.1526     -0.359    7.13489 0.0000e+00
    321.318     4.7514     4.7512   3.332945   3.333134     1.9111     0.0356     0.0893    4.71954    318.000    34.9442    34.9466    1474.75    4.71940  1029.1450  1029.1470     -0.714    7.13434 0.0000e+00
    320.307     4.7549     4.7568   3.333259   3.333629     1.9117     0.0356     0.0898    4.72056    317.000    34.9447    34.9471    1474.75    4.72042  1029.1404  1029.1420     -0.722    7.13371 0.0000e+00
    319.296     4.7678     4.7699   3.334483   3.334909     1.9128     0.0325     0.0896    4.72194    316.000    34.9460    34.9487    1474.79    4.72180  1029.1351  1029.1370     -0.266    7.13143 0.0000e+00
    318.285     4.7790     4.7793   3.335525   3.335806     1.9131     0.0354     0.0896    4.72088    315.000    34.9468    34.9498    1474.82    4.72074  1029.1298  1029.1321     -0.560    7.12945 0.0000e+00
    317.273     4.7784     4.7790   3.335431   3.335716     1.9125     0.0379     0.0897    4.71837    314.000    34.9469    34.9496    1474.80    4.71823  1029.1252  1029.1273     -0.662    7.12956 0.0000e+00
    316.262     4.7836     4.7871   3.335879   3.336408     1.9118     0.0336     0.0897    4.71485    313.000    34.9472    34.9497    1474.80    4.71470  1029.1202  1029.1218     -0.037    7.12864 0.0000e+00
    315.251     4.7911     4.7934   3.336560   3.336965     1.9117     0.0348     0.0897    4.71301    312.000    34.9478    34.9501    1474.82    4.71287  1029.1151  1029.1167     -0.745    7.12732 0.0000e+00
    314.240     4.7960     4.7966   3.337007   3.337281     1.9113     0.0379     0.0901    4.71027    311.000    34.9484    34.9509    1474.82    4.71013  1029.1104  1029.1123     -0.144    7.12645 0.0000e+00
    313.229     4.7976     4.7970   3.337088   3.337280     1.9117     0.0426     0.0895    4.71106    310.000    34.9482    34.9510    1474.81    4.71092  1029.1053  1029.1075     -0.511    7.12618 0.0000e+00
    312.217     4.8013     4.8009   3.337375   3.337572     1.9120     0.0304     0.0902    4.71097    309.000    34.9482    34.9509    1474.81    4.71082  1029.1002  1029.1023     -0.229    7.12555 0.0000e+00
    311.206     4.8034     4.8031   3.337550   3.337723     1.9127     0.0320     0.0897    4.71232    308.000    34.9485    34.9508    1474.80    4.71218  1029.0955  1029.0974     -0.196    7.12516 0.0000e+00
    310.195     4.8035     4.8027   3.337506   3.337676     1.9130     0.0361     0.0898    4.71271    307.000    34.9484    34.9512    1474.79    4.71257  1029.0907  1029.0931     -0.558    7.12515 0.0000e+00
    309.184     4.8037     4.8029   3.337494   3.337646     1.9129     0.0332     0.0897    4.71172    306.000    34.9486    34.9512    1474.77    4.71158  1029.0862  1029.0885     -0.126    7.12511 0.0000e+00
    308.173     4.8077     4.8076   3.337833   3.338052     1.9131     0.0298     0.0897    4.71135    305.000    34.9489    34.9516    1474.77    4.71121  1029.0813  1029.0835     -0.191    7.12441 0.0000e+00
    307.162     4.8133     4.8135   3.338317   3.338559     1.9133     0.0322     0.0900    4.71054    304.000    34.9491    34.9518    1474.78    4.71040  1029.0762  1029.0782     -0.149    7.12342 0.0000e+00
    306.151     4.8180     4.8174   3.338703   3.338888     1.9137     0.0340     0.0905    4.71060    303.000    34.9493    34.9520    1474.78    4.71046  1029.0710  1029.0734     -0.163    7.12262 0.0000e+00
    305.139     4.8192     4.8184   3.338776   3.338942     1.9142     0.0393     0.0897    4.71148    302.000    34.9494    34.9522    1474.77    4.71134  1029.0664  1029.0686     -0.186    7.12241 0.0000e+00
    304.128     4.8189     4.8186   3.338726   3.338915     1.9140     0.0323     0.0899    4.71026    301.000    34.9496    34.9522    1474.75    4.71012  1029.0619  1029.0640     -0.185    7.12244 0.0000e+00
