Cruise Data/Irminger_Sea-01_KN-221_2014-09-07/Ship Data/ctd/process/kkn22104007.ros
* Sea-Bird SBE 9 Data File:
* FileName = C:\Data\ctd\KN22104007.hdr
* Software Version Seasave V 7.21k
* Temperature SN = 4195
* Conductivity SN = 2147
* Number of Bytes Per Scan = 40
* Number of Voltage Words = 5
* Number of Scans Averaged by the Deck Unit = 1
* NMEA Latitude = 59 55.13 N
* NMEA Longitude = 039 25.73 W
* NMEA UTC (Time) = Sep 15 2014 15:50:10
** KN221-04 Chief Scientist: Bob Weller
** OOI Irminger Sea Sept. 2014
** Station: 007
** Knudsen Depth: 2737
# nquan = 12
# nvalues = 588                                   
# units = specified
# name 0 = prDM: Pressure, Digiquartz [db]
# name 1 = t090C: Temperature [ITS-90, deg C]
# name 2 = t190C: Temperature, 2 [ITS-90, deg C]
# name 3 = c0S/m: Conductivity [S/m]
# name 4 = c1S/m: Conductivity, 2 [S/m]
# name 5 = sbeox0V: Oxygen raw, SBE 43 [V]
# name 6 = flECO-AFL: Fluorescence, WET Labs ECO-AFL/FL [mg/m^3]
# name 7 = CStarAt0: Beam Attenuation, WET Labs C-Star [1/m]
# name 8 = sbeox0ML/L: Oxygen, SBE 43 [ml/l]
# name 9 = scan: Scan Count
# name 10 = nbf: Bottles Fired
# name 11 = flag:  0.000e+00
# interval = seconds: 0.0416667
# start_time = Sep 15 2014 15:50:10 [NMEA time, header]
# bad_flag = -9.990e-29
*END*
[from data line 241]
    103.223     4.4451     4.4453   3.291583   3.291863     2.0223     0.0348     0.0836    4.99027      81092          5  0.000e+00
    103.223     4.4452     4.4452   3.291577   3.291800     2.0235     0.0348     0.0836    4.99425      81093          5  0.000e+00
    103.223     4.4449     4.4456   3.291546   3.291838     2.0235     0.0348     0.0836    4.99430      81094          5  0.000e+00
    103.223     4.4452     4.4454   3.291577   3.291863     2.0223     0.0348     0.0836    4.99025      81095          5  0.000e+00
     23.077     7.8444     7.8441   3.590138   3.590479     2.1658     1.1093     0.2965    4.96751      84745          6  0.000e+00
     23.077     7.8444     7.8441   3.590138   3.590472     2.1658     1.1093     0.2965    4.96751      84746          6  0.000e+00
     23.077     7.8446     7.8436   3.590120   3.590446     2.1671     1.1093     0.2965    4.97113      84747          6  0.000e+00
     23.100     7.8444     7.8434   3.590107   3.590439     2.1658     1.1093     0.2965    4.96753      84748          6  0.000e+00
     23.014     7.8441     7.8429   3.590126   3.590419     2.1646     1.0971     0.2965    4.96386      84749          6  0.000e+00
     23.132     7.8438     7.8430   3.590120   3.590406     2.1658     1.1093     0.2965    4.96760      84750          6  0.000e+00
     22.896     7.8434     7.8426   3.590088   3.590419     2.1658     1.0971     0.2976    4.96749      84751          6  0.000e+00
     23.014     7.8431     7.8424   3.590076   3.590340     2.1658     1.0849     0.2976    4.96760      84752          6  0.000e+00
     23.100     7.8431     7.8424   3.590026   3.590354     2.1658     1.0727     0.2965    4.96767      84753          6  0.000e+00
     23.014     7.8426     7.8423   3.589988   3.590340     2.1658     1.0605     0.2965    4.96767      84754          6  0.000e+00
     22.959     7.8420     7.8421   3.589976   3.590321     2.1646     1.0605     0.2965    4.96405      84755          6  0.000e+00
     23.014     7.8416     7.8418   3.589957   3.590321     2.1658     1.0605     0.2976    4.96776      84756          6  0.000e+00
     22.982     7.8410     7.8419   3.589925   3.590314     2.1658     1.0605     0.2976    4.96781      84757          6  0.000e+00
     22.959     7.8405     7.8416   3.589844   3.590288     2.1646     1.0727     0.2976    4.96423      84758          6  0.000e+00
     22.959     7.8400     7.8418   3.589819   3.590248     2.1646     1.0605     0.2976    4.96427      84759          6  0.000e+00
     23.014     7.8395     7.8415   3.589775   3.590288     2.1658     1.0605     0.2965    4.96801      84760          6  0.000e+00
     22.896     7.8395     7.8416   3.589775   3.590248     2.1671     1.0727     0.2976    4.97156      84761          6  0.000e+00
     22.927     7.8389     7.8415   3.589744   3.590288     2.1671     1.0605     0.2976    4.97165      84762          6  0.000e+00
     23.014     7.8384     7.8413   3.589744   3.590248     2.1658     1.0727     0.2976    4.96811      84763          6  0.000e+00
     22.896     7.8396     7.8414   3.589800   3.590255     2.1658     1.0727     0.2976    4.96791      84764          6  0.000e+00
     22.896     7.8408     7.8420   3.589819   3.590248     2.1658     1.0727     0.2965    4.96780      84765          6  0.000e+00
     22.959     7.8406     7.8424   3.589838   3.590288     2.1671     1.0605     0.2965    4.97148      84766          6  0.000e+00
     22.928     7.8410     7.8423   3.589894   3.590314     2.1671     1.0727     0.2953    4.97141      84767          6  0.000e+00
     22.896     7.8408     7.8424   3.589894   3.590321     2.1658     1.0727     0.2953    4.96777      84768          6  0.000e+00
     22.959     7.8413     7.8428   3.589951   3.590314     2.1671     1.0605     0.2953    4.97138      84769          6  0.000e+00
     22.896     7.8415     7.8429   3.589976   3.590321     2.1671     1.0605     0.2953    4.97132      84770          6  0.000e+00
     22.896     7.8416     7.8433   3.589976   3.590321     2.1671     1.0727     0.2965    4.97131      84771          6  0.000e+00
     22.928     7.8423     7.8428   3.589994   3.590373     2.1658     1.0727     0.2965    4.96763      84772          6  0.000e+00
     22.896     7.8423     7.8434   3.589938   3.590386     2.1671     1.0727     0.2965    4.97126      84773          6  0.000e+00
     22.896     7.8420     7.8429   3.589957   3.590373     2.1658     1.0605     0.2953    4.96765      84774          6  0.000e+00
     22.896     7.8421     7.8424   3.589957   3.590354     2.1658     1.0727     0.2953    4.96764      84775          6  0.000e+00
     22.896     7.8418     7.8424   3.589963   3.590340     2.1671     1.0727     0.2953    4.97129      84776          6  0.000e+00
     22.928     7.8413     7.8431   3.589907   3.590446     2.1658     1.0971     0.2953    4.96774      84777          6  0.000e+00
     22.896     7.8408     7.8435   3.589925   3.590373     2.1646     1.1093     0.2953    4.96412      84778          6  0.000e+00
     22.896     7.8408     7.8437   3.589900   3.590419     2.1658     1.1093     0.2953    4.96776      84779          6  0.000e+00
     22.896     7.8413     7.8432   3.589882   3.590406     2.1658     1.1093     0.2953    4.96773      84780          6  0.000e+00
     22.959     7.8416     7.8432   3.589951   3.590446     2.1658     1.1093     0.2953    4.96772      84781          6  0.000e+00
     22.873     7.8421     7.8432   3.589976   3.590406     2.1658     1.0971     0.2953    4.96761      84782          6  0.000e+00
     22.959     7.8424     7.8432   3.589957   3.590446     2.1658     1.1093     0.2965    4.96764      84783          6  0.000e+00
     22.896     7.8423     7.8433   3.590038   3.590446     2.1658     1.1093     0.2965    4.96759      84784          6  0.000e+00
     22.959     7.8431     7.8434   3.590120   3.590373     2.1658     1.1093     0.2976    4.96753      84785          6  0.000e+00
     22.896     7.8441     7.8432   3.590182   3.590419     2.1658     1.0971     0.2965    4.96738      84786          6  0.000e+00
     22.928     7.8449     7.8431   3.590182   3.590439     2.1646     1.1093     0.2965    4.96370      84787          6  0.000e+00
     22.896     7.8454     7.8431   3.590238   3.590419     2.1658     1.0971     0.2965    4.96725      84788          6  0.000e+00
     22.959     7.8460     7.8434   3.590307   3.590406     2.1658     1.1093     0.2965    4.96721      84789          6  0.000e+00
     22.896     7.8463     7.8432   3.590351   3.590419     2.1658     1.1093     0.2965    4.96713      84790          6  0.000e+00
     22.959     7.8470     7.8432   3.590407   3.590406     2.1658     1.1093     0.2965    4.96709      84791          6  0.000e+00
     22.983     7.8470     7.8429   3.590470   3.590446     2.1658     1.1093     0.2953    4.96708      84792          6  0.000e+00
     22.896     7.8473     7.8429   3.590470   3.590406     2.1658     1.0971     0.2953    4.96700      84793          6  0.000e+00
     23.316     7.8864     7.8833   3.594246   3.594339     2.1706     1.0116     0.2988    4.97679      85526          7  0.000e+00
     23.316     7.8870     7.8831   3.594277   3.594266     2.1706     0.9994     0.2988    4.97673      85527          7  0.000e+00
     23.316     7.8875     7.8833   3.594346   3.594306     2.1706     1.0116     0.2988    4.97666      85528          7  0.000e+00
     23.348     7.8883     7.8833   3.594358   3.594299     2.1706     1.0116     0.2988    4.97662      85529          7  0.000e+00
     23.316     7.8882     7.8835   3.594352   3.594266     2.1718     0.9994     0.2976    4.98023      85530          7  0.000e+00
     23.316     7.8884     7.8835   3.594371   3.594240     2.1706     0.9994     0.2976    4.97658      85531          7  0.000e+00
     23.206     7.8888     7.8833   3.594402   3.594200     2.1706     1.0116     0.2988    4.97646      85532          7  0.000e+00
     23.379     7.8888     7.8831   3.594396   3.594233     2.1706     0.9994     0.2988    4.97657      85533          7  0.000e+00
     23.348     7.8886     7.8838   3.594383   3.594141     2.1706     1.0116     0.2988    4.97658      85534          7  0.000e+00
     23.316     7.8888     7.8841   3.594459   3.594200     2.1706     1.0116     0.2988    4.97651      85535          7  0.000e+00
     23.316     7.8894     7.8841   3.594515   3.594200     2.1706     0.9994     0.2988    4.97644      85536          7  0.000e+00
     23.316     7.8905     7.8831   3.594609   3.594174     2.1706     0.9994     0.2988    4.97632      85537          7  0.000e+00
     23.261     7.8913     7.8823   3.594659   3.594233     2.1706     1.0116     0.2988    4.97619      85538          7  0.000e+00
     23.285     7.8920     7.8824   3.594690   3.594141     2.1718     1.0116     0.2988    4.97977      85539          7  0.000e+00
     23.379     7.8923     7.8831   3.594703   3.594168     2.1718     1.0116     0.2988    4.97980      85540          7  0.000e+00
     23.316     7.8921     7.8836   3.594684   3.594200     2.1706     1.0116     0.2988    4.97614      85541          7  0.000e+00
     23.261     7.8924     7.8838   3.594722   3.594273     2.1706     0.9994     0.2988    4.97607      85542          7  0.000e+00
     23.285     7.8928     7.8838   3.594715   3.594266     2.1706     1.0116     0.2988    4.97606      85543          7  0.000e+00
     23.316     7.8928     7.8836   3.594709   3.594299     2.1706     1.0116     0.2976    4.97608      85544          7  0.000e+00
     23.317     7.8928     7.8836   3.594659   3.594273     2.1706     1.0116     0.2976    4.97610      85545          7  0.000e+00
     23.317     7.8923     7.8839   3.594659   3.594299     2.1706     0.9994     0.2976    4.97614      85546          7  0.000e+00
     23.261     7.8919     7.8841   3.594653   3.594299     2.1706     1.0116     0.2976    4.97613      85547          7  0.000e+00
     23.285     7.8919     7.8844   3.594640   3.594339     2.1718     1.0116     0.2976    4.97978      85548          7  0.000e+00
     23.262     7.8918     7.8843   3.594621   3.594365     2.1718     1.0116     0.2988    4.97979      85549          7  0.000e+00
     23.262     7.8915     7.8841   3.594628   3.594339     2.1718     1.0116     0.2988    4.97981      85550          7  0.000e+00
     23.317     7.8914     7.8841   3.594621   3.594332     2.1706     1.0116     0.2988    4.97623      85551          7  0.000e+00
     23.262     7.8923     7.8839   3.594665   3.594299     2.1718     0.9994     0.2988    4.97973      85552          7  0.000e+00
     23.230     7.8921     7.8841   3.594678   3.594306     2.1718     0.9994     0.2988    4.97972      85553          7  0.000e+00
     23.262     7.8915     7.8841   3.594578   3.594299     2.1718     0.9994     0.2988    4.97983      85554          7  0.000e+00
     23.262     7.8915     7.8839   3.594546   3.594332     2.1706     0.9994     0.2988    4.97621      85555          7  0.000e+00
     23.262     7.8912     7.8838   3.594546   3.594306     2.1718     1.0116     0.2976    4.97987      85556          7  0.000e+00
     23.262     7.8911     7.8836   3.594527   3.594299     2.1706     0.9994     0.2976    4.97624      85557          7  0.000e+00
     23.230     7.8906     7.8838   3.594471   3.594299     2.1706     0.9994     0.2976    4.97628      85558          7  0.000e+00
     23.207     7.8890     7.8839   3.594402   3.594306     2.1706     0.9994     0.2988    4.97643      85559          7  0.000e+00
     23.262     7.8877     7.8838   3.594277   3.594233     2.1706     1.0116     0.2988    4.97662      85560          7  0.000e+00
     23.207     7.8863     7.8833   3.594133   3.594273     2.1706     1.0116     0.2988    4.97676      85561          7  0.000e+00
     23.262     7.8851     7.8835   3.594026   3.594200     2.1706     1.0116     0.2988    4.97693      85562          7  0.000e+00
     23.175     7.8843     7.8828   3.594070   3.594200     2.1718     0.9994     0.2988    4.98056      85563          7  0.000e+00
     23.207     7.8835     7.8824   3.594026   3.594207     2.1706     0.9994     0.2988    4.97703      85564          7  0.000e+00
     23.144     7.8833     7.8816   3.593983   3.594200     2.1706     1.0116     0.2988    4.97702      85565          7  0.000e+00
     23.207     7.8830     7.8810   3.593970   3.594167     2.1706     1.0116     0.2988    4.97709      85566          7  0.000e+00
     23.175     7.8829     7.8810   3.593970   3.594082     2.1706     0.9994     0.2988    4.97708      85567          7  0.000e+00
     23.144     7.8834     7.8812   3.593989   3.594069     2.1718     1.0116     0.2988    4.98064      85568          7  0.000e+00
     23.144     7.8837     7.8808   3.594008   3.594016     2.1706     1.0116     0.2988    4.97698      85569          7  0.000e+00
     23.207     7.8843     7.8805   3.594008   3.593976     2.1706     1.0116     0.2988    4.97697      85570          7  0.000e+00
     23.144     7.8851     7.8812   3.594070   3.593976     2.1706     0.9994     0.2999    4.97684      85571          7  0.000e+00
     23.112     7.8871     7.8819   3.594189   3.594016     2.1706     0.9994     0.2999    4.97660      85572          7  0.000e+00
     23.144     7.8890     7.8826   3.594246   3.594102     2.1706     0.9994     0.3011    4.97644      85573          7  0.000e+00
     23.089     7.8892     7.8824   3.594277   3.594167     2.1706     0.9994     0.2999    4.97637      85574          7  0.000e+00
     15.405     7.8894     7.8873   3.594199   3.594369     2.1716     0.8529     0.2988    4.97437      86924          8  0.000e+00
     15.405     7.8895     7.8876   3.594237   3.594362     2.1728     0.8529     0.2976    4.97797      86925          8  0.000e+00
     15.405     7.8896     7.8871   3.594237   3.594362     2.1728     0.8529     0.2976    4.97796      86926          8  0.000e+00
     15.460     7.8900     7.8874   3.594224   3.594336     2.1728     0.8529     0.2988    4.97797      86927          8  0.000e+00
     15.405     7.8898     7.8873   3.594224   3.594329     2.1728     0.8529     0.2999    4.97795      86928          8  0.000e+00
     15.405     7.8895     7.8871   3.594243   3.594329     2.1728     0.8529     0.3011    4.97797      86929          8  0.000e+00
     15.460     7.8896     7.8871   3.594212   3.594336     2.1716     0.8529     0.3011    4.97438      86930          8  0.000e+00
     15.578     7.8891     7.8870   3.594193   3.594297     2.1728     0.8529     0.2999    4.97813      86931          8  0.000e+00
     15.578     7.8897     7.8871   3.594199   3.594297     2.1728     0.8529     0.2999    4.97808      86932          8  0.000e+00
     15.460     7.8900     7.8869   3.594243   3.594303     2.1728     0.8529     0.2999    4.97796      86933          8  0.000e+00
     15.342     7.8907     7.8866   3.594274   3.594329     2.1728     0.8529     0.2988    4.97781      86934          8  0.000e+00
     15.665     7.8911     7.8867   3.594331   3.594303     2.1728     0.8529     0.2988    4.97797      86935          8  0.000e+00
     15.515     7.8913     7.8864   3.594331   3.594264     2.1728     0.8529     0.2976    4.97785      86936          8  0.000e+00
     15.578     7.8905     7.8867   3.594318   3.594297     2.1728     0.8529     0.2976    4.97796      86937          8  0.000e+00
     15.515     7.8910     7.8865   3.594318   3.594270     2.1716     0.8529     0.2976    4.97426      86938          8  0.000e+00
     15.578     7.8909     7.8866   3.594337   3.594264     2.1716     0.8773     0.2988    4.97430      86939          8  0.000e+00
     15.578     7.8910     7.8867   3.594356   3.594330     2.1716     0.8895     0.2988    4.97428      86940          8  0.000e+00
