Cruise Data/Irminger_Sea-01_KN-221_2014-09-07/Ship Data/ctd/process/kkn22104003.ros
* Sea-Bird SBE 9 Data File:
* FileName = C:\Data\ctd\KN22104003.hdr
* Software Version Seasave V 7.21k
* Temperature SN = 4195
* Conductivity SN = 2147
* Number of Bytes Per Scan = 40
* Number of Voltage Words = 5
* Number of Scans Averaged by the Deck Unit = 1
* NMEA Latitude = 61 53.17 N
* NMEA Longitude = 032 18.33 W
* NMEA UTC (Time) = Sep 08 2014 18:04:26
** KN221-04 Chief Scientist: Bob Weller
** OOI Irminger Sea Sept. 2014
** Station: 003
** Knudsen Depth: 2698
# nquan = 12
# nvalues = 588                                   
# units = specified
# name 0 = prDM: Pressure, Digiquartz [db]
# name 1 = t090C: Temperature [ITS-90, deg C]
# name 2 = t190C: Temperature, 2 [ITS-90, deg C]
# name 3 = c0S/m: Conductivity [S/m]
# name 4 = c1S/m: Conductivity, 2 [S/m]
# name 5 = sbeox0V: Oxygen raw, SBE 43 [V]
# name 6 = flECO-AFL: Fluorescence, WET Labs ECO-AFL/FL [mg/m^3]
# name 7 = CStarAt0: Beam Attenuation, WET Labs C-Star [1/m]
# name 8 = sbeox0ML/L: Oxygen, SBE 43 [ml/l]
# name 9 = scan: Scan Count
# name 10 = nbf: Bottles Fired
# name 11 = flag:  0.000e+00
# interval = seconds: 0.0416667
# start_time = Sep 08 2014 18:04:26 [NMEA time, header]
# bad_flag = -9.990e-29
*END*
[from data line 361]
   1027.148     3.7994     3.7992   3.273318   3.273547     1.8176     0.0348     0.0825    4.95617     170863          8  0.000e+00
   1027.172     3.7994     3.7992   3.273306   3.273547     1.8176     0.0348     0.0825    4.95619     170864          8  0.000e+00
   1027.116     3.7991     3.7992   3.273336   3.273547     1.8176     0.0348     0.0825    4.95617     170865          8  0.000e+00
   1027.116     3.7992     3.7994   3.273336   3.273515     1.8176     0.0348     0.0825    4.95616     170866          8  0.000e+00
   1027.116     3.7992     3.7992   3.273330   3.273547     1.8188     0.0348     0.0825    4.96078     170867          8  0.000e+00
   1027.092     3.7995     3.7991   3.273349   3.273515     1.8188     0.0348     0.0836    4.96072     170868          8  0.000e+00
   1027.053     3.7992     3.7992   3.273312   3.273547     1.8188     0.0348     0.0836    4.96074     170869          8  0.000e+00
   1027.117     3.7992     3.7992   3.273336   3.273483     1.8188     0.0348     0.0836    4.96077     170870          8  0.000e+00
   1027.053     3.7992     3.7992   3.273318   3.273515     1.8188     0.0348     0.0836    4.96074     170871          8  0.000e+00
   1027.053     3.7992     3.7992   3.273318   3.273547     1.8176     0.0348     0.0836    4.95612     170872          8  0.000e+00
   1027.029     3.7994     3.7994   3.273349   3.273515     1.8188     0.0470     0.0836    4.96069     170873          8  0.000e+00
   1027.053     3.7994     3.7991   3.273336   3.273515     1.8176     0.0348     0.0836    4.95610     170874          8  0.000e+00
   1027.053     3.7990     3.7991   3.273306   3.273515     1.8176     0.0348     0.0836    4.95614     170875          8  0.000e+00
   1027.053     3.7992     3.7991   3.273343   3.273547     1.8176     0.0348     0.0825    4.95611     170876          8  0.000e+00
   1027.053     3.7992     3.7989   3.273312   3.273483     1.8176     0.0348     0.0825    4.95612     170877          8  0.000e+00
   1027.029     3.7992     3.7989   3.273312   3.273515     1.8176     0.0348     0.0836    4.95610     170878          8  0.000e+00
   1027.053     3.7994     3.7989   3.273324   3.273483     1.8176     0.0348     0.0836    4.95610     170879          8  0.000e+00
   1026.997     3.7992     3.7989   3.273306   3.273515     1.8176     0.0348     0.0836    4.95608     170880          8  0.000e+00
   1027.053     3.7992     3.7991   3.273318   3.273515     1.8176     0.0348     0.0836    4.95611     170881          8  0.000e+00
   1026.965     3.7992     3.7991   3.273330   3.273515     1.8176     0.0348     0.0836    4.95605     170882          8  0.000e+00
   1027.117     3.7989     3.7989   3.273306   3.273483     1.8188     0.0348     0.0836    4.96081     170883          8  0.000e+00
   1026.997     3.7994     3.7989   3.273342   3.273515     1.8188     0.0348     0.0836    4.96067     170884          8  0.000e+00
   1027.053     3.7990     3.7991   3.273312   3.273483     1.8188     0.0348     0.0836    4.96075     170885          8  0.000e+00
   1027.053     3.7995     3.7991   3.273318   3.273515     1.8188     0.0348     0.0836    4.96070     170886          8  0.000e+00
   1027.029     3.7995     3.7991   3.273349   3.273547     1.8176     0.0348     0.0836    4.95605     170887          8  0.000e+00
   1027.053     3.7992     3.7992   3.273355   3.273483     1.8176     0.0348     0.0836    4.95610     170888          8  0.000e+00
   1026.997     3.7994     3.7989   3.273336   3.273515     1.8176     0.0348     0.0836    4.95605     170889          8  0.000e+00
   1027.053     3.7995     3.7991   3.273349   3.273572     1.8176     0.0348     0.0836    4.95607     170890          8  0.000e+00
   1027.053     3.7992     3.7991   3.273355   3.273515     1.8176     0.0348     0.0836    4.95609     170891          8  0.000e+00
   1027.029     3.7995     3.7991   3.273318   3.273547     1.8188     0.0348     0.0836    4.96068     170892          8  0.000e+00
   1027.053     3.7994     3.7992   3.273336   3.273515     1.8188     0.0470     0.0836    4.96070     170893          8  0.000e+00
    655.631     4.1474     4.1470   3.290162   3.290314     1.9163     0.0348     0.0847    5.02758     181798          9  0.000e+00
    655.584     4.1477     4.1469   3.290162   3.290251     1.9150     0.0348     0.0847    5.02317     181799          9  0.000e+00
    655.464     4.1475     4.1470   3.290162   3.290282     1.9163     0.0348     0.0847    5.02745     181800          9  0.000e+00
    655.528     4.1477     4.1467   3.290150   3.290314     1.9150     0.0348     0.0847    5.02314     181801          9  0.000e+00
    655.512     4.1477     4.1471   3.290156   3.290251     1.9163     0.0470     0.0847    5.02747     181802          9  0.000e+00
    655.464     4.1477     4.1470   3.290162   3.290282     1.9163     0.0592     0.0847    5.02743     181803          9  0.000e+00
    655.528     4.1475     4.1468   3.290162   3.290282     1.9163     0.0592     0.0847    5.02749     181804          9  0.000e+00
    655.464     4.1475     4.1469   3.290144   3.290314     1.9150     0.0592     0.0847    5.02311     181805          9  0.000e+00
    655.528     4.1475     4.1469   3.290150   3.290251     1.9150     0.0592     0.0847    5.02315     181806          9  0.000e+00
    655.456     4.1477     4.1469   3.290162   3.290314     1.9150     0.0592     0.0847    5.02308     181807          9  0.000e+00
    655.528     4.1475     4.1467   3.290162   3.290314     1.9163     0.0592     0.0847    5.02749     181808          9  0.000e+00
    655.464     4.1477     4.1469   3.290162   3.290282     1.9163     0.0592     0.0858    5.02743     181809          9  0.000e+00
    655.528     4.1475     4.1469   3.290144   3.290282     1.9150     0.0592     0.0847    5.02315     181810          9  0.000e+00
    655.464     4.1475     4.1469   3.290132   3.290282     1.9163     0.0592     0.0847    5.02745     181811          9  0.000e+00
    655.512     4.1475     4.1469   3.290150   3.290282     1.9150     0.0592     0.0847    5.02313     181812          9  0.000e+00
    655.528     4.1475     4.1468   3.290144   3.290251     1.9150     0.0592     0.0847    5.02314     181813          9  0.000e+00
    655.464     4.1475     4.1469   3.290132   3.290314     1.9163     0.0592     0.0847    5.02745     181814          9  0.000e+00
    655.528     4.1475     4.1468   3.290138   3.290282     1.9150     0.0592     0.0847    5.02315     181815          9  0.000e+00
    655.464     4.1475     4.1467   3.290138   3.290282     1.9163     0.0592     0.0847    5.02745     181816          9  0.000e+00
    655.512     4.1474     4.1469   3.290150   3.290282     1.9163     0.0592     0.0847    5.02749     181817          9  0.000e+00
    655.528     4.1475     4.1468   3.290180   3.290282     1.9163     0.0592     0.0847    5.02747     181818          9  0.000e+00
    655.528     4.1474     4.1469   3.290126   3.290282     1.9150     0.0592     0.0847    5.02316     181819          9  0.000e+00
    655.528     4.1474     4.1467   3.290120   3.290282     1.9163     0.0592     0.0847    5.02751     181820          9  0.000e+00
    655.528     4.1472     4.1469   3.290114   3.290314     1.9150     0.0592     0.0847    5.02318     181821          9  0.000e+00
    655.512     4.1475     4.1469   3.290102   3.290282     1.9150     0.0592     0.0847    5.02314     181822          9  0.000e+00
    655.584     4.1474     4.1466   3.290102   3.290282     1.9163     0.0592     0.0847    5.02755     181823          9  0.000e+00
    655.528     4.1475     4.1470   3.290168   3.290314     1.9163     0.0592     0.0847    5.02747     181824          9  0.000e+00
    655.528     4.1474     4.1467   3.290126   3.290282     1.9163     0.0592     0.0858    5.02750     181825          9  0.000e+00
    655.584     4.1474     4.1466   3.290144   3.290251     1.9150     0.0592     0.0847    5.02319     181826          9  0.000e+00
    655.512     4.1474     4.1469   3.290144   3.290251     1.9163     0.0470     0.0847    5.02748     181827          9  0.000e+00
    655.584     4.1472     4.1465   3.290114   3.290314     1.9163     0.0348     0.0847    5.02756     181828          9  0.000e+00
    655.528     4.1472     4.1468   3.290156   3.290251     1.9150     0.0348     0.0847    5.02316     181829          9  0.000e+00
    655.584     4.1477     4.1469   3.290168   3.290282     1.9150     0.0348     0.0847    5.02314     181830          9  0.000e+00
    655.528     4.1475     4.1467   3.290144   3.290314     1.9163     0.0470     0.0847    5.02748     181831          9  0.000e+00
    655.576     4.1475     4.1468   3.290132   3.290251     1.9150     0.0348     0.0847    5.02317     181832          9  0.000e+00
    655.647     4.1475     4.1467   3.290150   3.290282     1.9163     0.0348     0.0847    5.02755     181833          9  0.000e+00
    655.584     4.1475     4.1468   3.290162   3.290282     1.9163     0.0348     0.0847    5.02750     181834          9  0.000e+00
    655.528     4.1475     4.1469   3.290120   3.290282     1.9150     0.0348     0.0847    5.02314     181835          9  0.000e+00
    655.584     4.1475     4.1467   3.290120   3.290282     1.9163     0.0348     0.0847    5.02752     181836          9  0.000e+00
    655.631     4.1475     4.1466   3.290150   3.290282     1.9163     0.0348     0.0847    5.02754     181837          9  0.000e+00
    655.584     4.1475     4.1467   3.290162   3.290282     1.9163     0.0348     0.0847    5.02750     181838          9  0.000e+00
    655.584     4.1474     4.1470   3.290144   3.290282     1.9163     0.0348     0.0847    5.02752     181839          9  0.000e+00
    655.647     4.1475     4.1469   3.290150   3.290282     1.9150     0.0348     0.0847    5.02320     181840          9  0.000e+00
    655.576     4.1475     4.1469   3.290162   3.290314     1.9163     0.0348     0.0836    5.02749     181841          9  0.000e+00
    655.584     4.1475     4.1467   3.290150   3.290314     1.9163     0.0348     0.0847    5.02750     181842          9  0.000e+00
    655.647     4.1475     4.1469   3.290156   3.290282     1.9163     0.0348     0.0847    5.02754     181843          9  0.000e+00
    655.584     4.1475     4.1470   3.290180   3.290282     1.9163     0.0348     0.0836    5.02749     181844          9  0.000e+00
    655.647     4.1475     4.1466   3.290150   3.290282     1.9163     0.0348     0.0836    5.02754     181845          9  0.000e+00
    655.576     4.1474     4.1469   3.290132   3.290314     1.9150     0.0348     0.0836    5.02317     181846          9  0.000e+00
    655.703     4.1475     4.1471   3.290180   3.290314     1.9162     0.0470     0.0847    5.02741     182051         10  0.000e+00
    655.767     4.1474     4.1469   3.290174   3.290340     1.9150     0.0470     0.0847    5.02313     182052         10  0.000e+00
    655.823     4.1475     4.1470   3.290162   3.290314     1.9162     0.0470     0.0847    5.02750     182053         10  0.000e+00
    655.648     4.1474     4.1469   3.290144   3.290282     1.9162     0.0470     0.0847    5.02740     182054         10  0.000e+00
    655.870     4.1474     4.1469   3.290150   3.290314     1.9150     0.0470     0.0847    5.02320     182055         10  0.000e+00
    655.767     4.1475     4.1471   3.290144   3.290340     1.9162     0.0470     0.0847    5.02747     182056         10  0.000e+00
    655.823     4.1475     4.1469   3.290132   3.290340     1.9162     0.0470     0.0847    5.02751     182057         10  0.000e+00
    655.767     4.1475     4.1471   3.290150   3.290314     1.9150     0.0470     0.0847    5.02312     182058         10  0.000e+00
    655.815     4.1475     4.1470   3.290162   3.290340     1.9162     0.0470     0.0847    5.02749     182059         10  0.000e+00
    655.823     4.1475     4.1469   3.290168   3.290283     1.9162     0.0470     0.0847    5.02749     182060         10  0.000e+00
    655.767     4.1475     4.1469   3.290186   3.290314     1.9174     0.0470     0.0847    5.03179     182061         10  0.000e+00
    655.886     4.1474     4.1470   3.290192   3.290314     1.9162     0.0470     0.0847    5.02754     182062         10  0.000e+00
    655.767     4.1472     4.1469   3.290174   3.290283     1.9150     0.0470     0.0847    5.02314     182063         10  0.000e+00
    655.815     4.1475     4.1471   3.290144   3.290283     1.9162     0.0470     0.0847    5.02749     182064         10  0.000e+00
    655.823     4.1474     4.1470   3.290150   3.290314     1.9162     0.0470     0.0847    5.02751     182065         10  0.000e+00
    655.823     4.1472     4.1469   3.290162   3.290340     1.9162     0.0470     0.0847    5.02752     182066         10  0.000e+00
    655.823     4.1475     4.1471   3.290120   3.290314     1.9150     0.0470     0.0847    5.02316     182067         10  0.000e+00
    655.823     4.1477     4.1470   3.290144   3.290314     1.9162     0.0470     0.0847    5.02748     182068         10  0.000e+00
    655.870     4.1474     4.1471   3.290162   3.290340     1.9162     0.0470     0.0847    5.02754     182069         10  0.000e+00
    655.823     4.1474     4.1470   3.290162   3.290359     1.9162     0.0348     0.0836    5.02750     182070         10  0.000e+00
    655.823     4.1475     4.1471   3.290180   3.290283     1.9150     0.0226     0.0847    5.02313     182071         10  0.000e+00
    655.823     4.1475     4.1471   3.290150   3.290314     1.9162     0.0226     0.0847    5.02749     182072         10  0.000e+00
    655.703     4.1474     4.1469   3.290162   3.290314     1.9162     0.0226     0.0847    5.02742     182073         10  0.000e+00
    655.990     4.1475     4.1471   3.290168   3.290340     1.9150     0.0226     0.0847    5.02325     182074         10  0.000e+00
    655.823     4.1475     4.1470   3.290162   3.290314     1.9162     0.0226     0.0836    5.02748     182075         10  0.000e+00
    655.886     4.1477     4.1470   3.290144   3.290314     1.9162     0.0226     0.0836    5.02752     182076         10  0.000e+00
    655.823     4.1475     4.1471   3.290150   3.290340     1.9162     0.0226     0.0836    5.02749     182077         10  0.000e+00
    655.815     4.1475     4.1470   3.290144   3.290314     1.9162     0.0226     0.0836    5.02748     182078         10  0.000e+00
    655.886     4.1474     4.1471   3.290150   3.290283     1.9150     0.0226     0.0836    5.02320     182079         10  0.000e+00
    655.823     4.1475     4.1471   3.290162   3.290340     1.9162     0.0226     0.0836    5.02748     182080         10  0.000e+00
    655.823     4.1474     4.1469   3.290144   3.290372     1.9162     0.0226     0.0836    5.02750     182081         10  0.000e+00
    655.886     4.1475     4.1469   3.290150   3.290314     1.9162     0.0226     0.0847    5.02753     182082         10  0.000e+00
    655.815     4.1475     4.1471   3.290180   3.290340     1.9162     0.0226     0.0847    5.02746     182083         10  0.000e+00
    655.823     4.1475     4.1470   3.290150   3.290340     1.9150     0.0226     0.0847    5.02314     182084         10  0.000e+00
    655.886     4.1475     4.1471   3.290174   3.290340     1.9162     0.0226     0.0847    5.02751     182085         10  0.000e+00
    655.823     4.1474     4.1470   3.290174   3.290372     1.9162     0.0226     0.0847    5.02749     182086         10  0.000e+00
    655.823     4.1475     4.1470   3.290168   3.290314     1.9150     0.0226     0.0847    5.02313     182087         10  0.000e+00
    655.870     4.1474     4.1472   3.290168   3.290340     1.9162     0.0226     0.0847    5.02752     182088         10  0.000e+00
    655.823     4.1475     4.1470   3.290144   3.290314     1.9162     0.0226     0.0847    5.02748     182089         10  0.000e+00
    655.823     4.1474     4.1471   3.290150   3.290283     1.9150     0.0226     0.0847    5.02315     182090         10  0.000e+00
