Cruise Data/Irminger_Sea-01_KN-221_2014-09-07/Ship Data/ctd/process/kkn22104004.cnv
* Sea-Bird SBE 9 Data File:
* FileName = C:\Data\ctd\KN22104004.hdr
* Software Version Seasave V 7.21k
* Temperature SN = 4195
* Conductivity SN = 2147
* Number of Bytes Per Scan = 40
* Number of Voltage Words = 5
* Number of Scans Averaged by the Deck Unit = 1
* NMEA Latitude = 61 39.45 N
* NMEA Longitude = 033 04.60 W
* NMEA UTC (Time) = Sep 08 2014 23:19:14
** KN221-04 Chief Scientist: Bob Weller
** OOI Irminger Sea Sept. 2014
** Station: 004
** Knudsen Depth: 2976
# nquan = 19
# nvalues = 981                         
# units = specified
# name 0 = prDM: Pressure, Digiquartz [db]
# name 1 = t090C: Temperature [ITS-90, deg C]
# name 2 = t190C: Temperature, 2 [ITS-90, deg C]
# name 3 = c0S/m: Conductivity [S/m]
# name 4 = c1S/m: Conductivity, 2 [S/m]
# name 5 = sbeox0V: Oxygen raw, SBE 43 [V]
# name 6 = flECO-AFL: Fluorescence, WET Labs ECO-AFL/FL [mg/m^3]
# name 7 = CStarAt0: Beam Attenuation, WET Labs C-Star [1/m]
# name 8 = sbeox0ML/L: Oxygen, SBE 43 [ml/l]
# name 9 = depSM: Depth [salt water, m], lat = 61.6575
# name 10 = sal00: Salinity, Practical [PSU]
# name 11 = sal11: Salinity, Practical, 2 [PSU]
# name 12 = svDM: Sound Velocity [Delgrosso, m/s]
# name 13 = sbeox0ML/L: Oxygen, SBE 43 [ml/l], WS = 2
# name 14 = density00: Density [density, Kg/m^3]
# name 15 = density11: Density, 2 [density, Kg/m^3]
# name 16 = dz/dtM: Descent Rate [m/s], WS = 2
# name 17 = oxsatML/L: Oxygen Saturation, Weiss [ml/l]
# name 18 = flag: flag
# span 0 =      5.048,    504.429       
# span 1 =     4.2695,    10.5679       
# span 2 =     4.2687,    10.5671       
# span 3 =   3.295726,   3.846950       
# span 4 =   3.295868,   3.847254       
# span 5 =     1.8875,     2.2105       
# span 6 =     0.0104,     1.3687       
# span 7 =     0.0869,     0.3235       
# span 8 =    4.68313,    4.92739       
# span 9 =      5.000,    499.000       
# span 10 =    34.8186,    35.0033      
# span 11 =    34.8077,    35.0055      
# span 12 =    1474.42,    1492.12      
# span 13 =    4.68299,    4.92719      
# span 14 =  1026.7494,  1030.0277      
# span 15 =  1026.7516,  1030.0299      
# span 16 =     -1.876,      1.826      
# span 17 =    6.24697,    7.21960      
# span 18 = 0.0000e+00, 0.0000e+00      
# interval = meters: 1                  
# start_time = Sep 08 2014 23:19:14 [NMEA time, header]
# bad_flag = -9.990e-29
*END*
[from data line 229]
    244.480     5.0254     5.0240   3.355506   3.355540     1.9378     0.0366     0.0933    4.72697    242.000    34.9591    34.9609    1474.64    4.72683  1028.7693  1028.7710      1.169    7.08657 0.0000e+00
    245.491     5.0218     5.0206   3.355218   3.355209     1.9372     0.0288     0.0931    4.72607    243.000    34.9590    34.9602    1474.65    4.72592  1028.7744  1028.7755      1.070    7.08718 0.0000e+00
    246.502     5.0052     5.0020   3.353653   3.353599     1.9367     0.0411     0.0923    4.72711    244.000    34.9578    34.9604    1474.59    4.72696  1028.7802  1028.7826      1.001    7.09008 0.0000e+00
    247.512     5.0024     4.9999   3.353443   3.353268     1.9366     0.0368     0.0929    4.72771    245.000    34.9577    34.9583    1474.60    4.72756  1028.7850  1028.7859      0.916    7.09057 0.0000e+00
    248.523     5.0077     5.0046   3.353976   3.353773     1.9366     0.0236     0.0930    4.72767    246.000    34.9578    34.9587    1474.64    4.72753  1028.7892  1028.7902      0.790    7.08965 0.0000e+00
    249.534     5.0002     4.9988   3.353264   3.353255     1.9365     0.0381     0.0925    4.72911    247.000    34.9569    34.9583    1474.62    4.72896  1028.7939  1028.7953      0.872    7.09098 0.0000e+00
    250.545     4.9949     4.9939   3.352808   3.352844     1.9360     0.0168     0.0924    4.72848    248.000    34.9566    34.9581    1474.61    4.72834  1028.7991  1028.8004      1.116    7.09189 0.0000e+00
    251.556     4.9912     4.9904   3.352506   3.352569     1.9357     0.0178     0.0927    4.72871    249.000    34.9565    34.9580    1474.62    4.72856  1028.8041  1028.8054      1.271    7.09254 0.0000e+00
    252.567     4.9873     4.9875   3.352174   3.352357     1.9357     0.0234     0.0957    4.72981    250.000    34.9562    34.9580    1474.62    4.72966  1028.8090  1028.8104      1.285    7.09322 0.0000e+00
    253.578     4.9826     4.9833   3.351786   3.351992     1.9352     0.0226     0.0932    4.72947    251.000    34.9560    34.9577    1474.61    4.72932  1028.8141  1028.8153      1.147    7.09402 0.0000e+00
    254.589     4.9754     4.9695   3.351133   3.350787     1.9346     0.0231     0.0926    4.72900    252.000    34.9556    34.9577    1474.60    4.72885  1028.8192  1028.8217      0.924    7.09529 0.0000e+00
    255.599     4.9586     4.9591   3.349572   3.349779     1.9345     0.0287     0.0926    4.73119    253.000    34.9545    34.9564    1474.55    4.73105  1028.8251  1028.8265      0.849    7.09820 0.0000e+00
    256.610     4.9559     4.9547   3.349350   3.349358     1.9346     0.0419     0.0957    4.73241    254.000    34.9543    34.9556    1474.55    4.73227  1028.8300  1028.8311      0.884    7.09869 0.0000e+00
    257.621     4.9539     4.9526   3.349190   3.349176     1.9342     0.0416     0.0945    4.73224    255.000    34.9539    34.9552    1474.56    4.73209  1028.8346  1028.8357      0.857    7.09904 0.0000e+00
    258.632     4.9463     4.9445   3.348501   3.348542     1.9342     0.0409     0.0929    4.73384    256.000    34.9534    34.9557    1474.54    4.73369  1028.8397  1028.8418      0.948    7.10037 0.0000e+00
    259.643     4.9382     4.9371   3.347810   3.347807     1.9343     0.0415     0.0931    4.73554    257.000    34.9533    34.9545    1474.53    4.73540  1028.8453  1028.8463      1.168    7.10175 0.0000e+00
    260.654     4.9367     4.9359   3.347697   3.347741     1.9342     0.0402     0.0931    4.73618    258.000    34.9531    34.9544    1474.54    4.73604  1028.8500  1028.8512      1.325    7.10203 0.0000e+00
    261.665     4.9352     4.9345   3.347603   3.347663     1.9342     0.0396     0.0932    4.73699    259.000    34.9530    34.9545    1474.55    4.73685  1028.8547  1028.8560      1.297    7.10229 0.0000e+00
    262.676     4.9337     4.9327   3.347496   3.347521     1.9342     0.0236     0.0933    4.73759    260.000    34.9528    34.9541    1474.56    4.73745  1028.8595  1028.8606      0.998    7.10255 0.0000e+00
    263.687     4.9324     4.9315   3.347393   3.347426     1.9342     0.0311     0.0934    4.73860    261.000    34.9525    34.9538    1474.57    4.73845  1028.8640  1028.8651      0.689    7.10280 0.0000e+00
    264.698     4.9302     4.9292   3.347223   3.347291     1.9341     0.0297     0.0929    4.73908    262.000    34.9523    34.9541    1474.57    4.73893  1028.8688  1028.8704      1.025    7.10318 0.0000e+00
    265.709     4.9198     4.9185   3.346287   3.346369     1.9339     0.0341     0.0928    4.74032    263.000    34.9518    34.9541    1474.55    4.74017  1028.8743  1028.8763      1.181    7.10499 0.0000e+00
    266.720     4.9073     4.9063   3.345164   3.345224     1.9333     0.0427     0.0933    4.74049    264.000    34.9514    34.9530    1474.51    4.74035  1028.8801  1028.8816      1.038    7.10716 0.0000e+00
    267.731     4.9069     4.9045   3.345160   3.345051     1.9327     0.0348     0.0936    4.73935    265.000    34.9511    34.9524    1474.53    4.73921  1028.8846  1028.8860      0.799    7.10723 0.0000e+00
    268.742     4.9054     4.9037   3.345047   3.345014     1.9322     0.0228     0.0927    4.73832    266.000    34.9509    34.9523    1474.54    4.73817  1028.8894  1028.8907      1.064    7.10750 0.0000e+00
    269.753     4.9099     4.9079   3.345593   3.345420     1.9317     0.0233     0.0928    4.73681    267.000    34.9520    34.9520    1474.57    4.73667  1028.8943  1028.8945      1.419    7.10668 0.0000e+00
    270.763     4.9108     4.9097   3.345786   3.345855     1.9316     0.0226     0.0930    4.73680    268.000    34.9528    34.9548    1474.59    4.73665  1028.8995  1028.9012      1.539    7.10649 0.0000e+00
    271.774     4.9057     4.9048   3.345375   3.345420     1.9313     0.0463     0.0936    4.73731    269.000    34.9528    34.9542    1474.59    4.73717  1028.9048  1028.9060      1.388    7.10736 0.0000e+00
    272.785     4.9044     4.9028   3.345272   3.345246     1.9310     0.0434     0.0928    4.73681    270.000    34.9524    34.9538    1474.60    4.73667  1028.9093  1028.9106      0.842    7.10760 0.0000e+00
    273.796     4.9012     4.9003   3.345055   3.345083     1.9305     0.0421     0.0924    4.73645    271.000    34.9527    34.9540    1474.60    4.73631  1028.9146  1028.9156      0.511    7.10813 0.0000e+00
    274.807     4.8983     4.8971   3.344860   3.344878     1.9305     0.0236     0.0924    4.73733    272.000    34.9530    34.9545    1474.61    4.73718  1028.9198  1028.9211      1.097    7.10863 0.0000e+00
    275.818     4.8961     4.8950   3.344766   3.344788     1.9306     0.0403     0.0923    4.73842    273.000    34.9537    34.9551    1474.62    4.73827  1028.9253  1028.9265      1.248    7.10897 0.0000e+00
    276.829     4.8949     4.8925   3.344700   3.344648     1.9300     0.0222     0.0925    4.73744    274.000    34.9537    34.9555    1474.63    4.73730  1028.9301  1028.9319      1.209    7.10918 0.0000e+00
    277.840     4.8905     4.8903   3.344327   3.344428     1.9295     0.0232     0.0924    4.73694    275.000    34.9534    34.9548    1474.63    4.73679  1028.9351  1028.9362      1.073    7.10994 0.0000e+00
    278.851     4.8843     4.8838   3.343754   3.343856     1.9292     0.0356     0.0926    4.73725    276.000    34.9527    34.9544    1474.62    4.73711  1028.9399  1028.9414      1.067    7.11104 0.0000e+00
    279.862     4.8836     4.8824   3.343731   3.343754     1.9284     0.0281     0.0923    4.73525    277.000    34.9527    34.9542    1474.63    4.73511  1028.9447  1028.9459      1.148    7.11117 0.0000e+00
    280.873     4.8840     4.8832   3.343821   3.343843     1.9281     0.0436     0.0925    4.73497    278.000    34.9527    34.9538    1474.65    4.73483  1028.9493  1028.9502      1.161    7.11109 0.0000e+00
    281.884     4.8831     4.8818   3.343814   3.343850     1.9280     0.0424     0.0923    4.73529    279.000    34.9530    34.9549    1474.66    4.73515  1028.9543  1028.9559      1.109    7.11123 0.0000e+00
    282.896     4.8833     4.8813   3.343908   3.343812     1.9276     0.0470     0.0923    4.73446    280.000    34.9534    34.9544    1474.68    4.73432  1028.9592  1028.9602      0.956    7.11117 0.0000e+00
    283.907     4.8807     4.8786   3.343679   3.343587     1.9269     0.0423     0.0924    4.73320    281.000    34.9530    34.9541    1474.68    4.73305  1028.9639  1028.9650      0.710    7.11165 0.0000e+00
    284.918     4.8802     4.8755   3.343671   3.343392     1.9269     0.0308     0.0925    4.73365    282.000    34.9528    34.9546    1474.70    4.73351  1028.9685  1028.9705      0.821    7.11173 0.0000e+00
    285.929     4.8721     4.8694   3.342951   3.342820     1.9266     0.0349     0.0923    4.73455    283.000    34.9525    34.9538    1474.68    4.73440  1028.9739  1028.9752      1.160    7.11315 0.0000e+00
    286.940     4.8691     4.8680   3.342692   3.342721     1.9259     0.0248     0.0923    4.73320    284.000    34.9521    34.9536    1474.68    4.73306  1028.9785  1028.9799      1.306    7.11368 0.0000e+00
    287.951     4.8668     4.8663   3.342511   3.342629     1.9255     0.0164     0.0926    4.73258    285.000    34.9519    34.9537    1474.69    4.73243  1028.9833  1028.9849      1.214    7.11409 0.0000e+00
    288.962     4.8600     4.8592   3.341956   3.342019     1.9250     0.0420     0.0926    4.73241    286.000    34.9521    34.9536    1474.68    4.73226  1028.9890  1028.9904      0.932    7.11526 0.0000e+00
    289.973     4.8583     4.8572   3.341864   3.341891     1.9247     0.0403     0.0924    4.73245    287.000    34.9522    34.9536    1474.69    4.73231  1028.9940  1028.9952      0.963    7.11554 0.0000e+00
    290.984     4.8586     4.8575   3.341934   3.341961     1.9244     0.0348     0.0923    4.73199    288.000    34.9522    34.9536    1474.71    4.73185  1028.9985  1028.9998      1.244    7.11549 0.0000e+00
    291.995     4.8574     4.8560   3.341887   3.341905     1.9242     0.0240     0.0923    4.73199    289.000    34.9524    34.9541    1474.72    4.73185  1029.0035  1029.0050      1.331    7.11569 0.0000e+00
    293.006     4.8528     4.8520   3.341524   3.341603     1.9237     0.0383     0.0920    4.73153    290.000    34.9524    34.9542    1474.72    4.73139  1029.0088  1029.0103      1.179    7.11647 0.0000e+00
    294.017     4.8475     4.8467   3.341080   3.341150     1.9229     0.0408     0.0922    4.73011    291.000    34.9523    34.9540    1474.71    4.72997  1029.0139  1029.0154      0.801    7.11739 0.0000e+00
    295.028     4.8380     4.8373   3.340248   3.340357     1.9220     0.0217     0.0926    4.72908    292.000    34.9520    34.9540    1474.69    4.72894  1029.0195  1029.0212      0.713    7.11903 0.0000e+00
    296.039     4.8291     4.8279   3.339459   3.339507     1.9215     0.0328     0.0915    4.72901    293.000    34.9517    34.9535    1474.67    4.72887  1029.0250  1029.0266      0.949    7.12059 0.0000e+00
    297.050     4.8227     4.8218   3.338911   3.338978     1.9211     0.0338     0.0917    4.72922    294.000    34.9515    34.9533    1474.66    4.72908  1029.0304  1029.0319      1.071    7.12170 0.0000e+00
    298.062     4.8189     4.8178   3.338588   3.338632     1.9208     0.0284     0.0918    4.72910    295.000    34.9513    34.9529    1474.66    4.72896  1029.0353  1029.0366      1.165    7.12237 0.0000e+00
    299.073     4.8169     4.8156   3.338475   3.338490     1.9205     0.0420     0.0913    4.72910    296.000    34.9515    34.9530    1474.67    4.72896  1029.0403  1029.0417      1.248    7.12270 0.0000e+00
    300.084     4.8149     4.8139   3.338332   3.338394     1.9205     0.0226     0.0914    4.72998    297.000    34.9514    34.9531    1474.67    4.72984  1029.0452  1029.0466      1.268    7.12305 0.0000e+00
    301.095     4.8074     4.8067   3.337699   3.337781     1.9195     0.0378     0.0912    4.72832    298.000    34.9514    34.9531    1474.66    4.72818  1029.0508  1029.0522      1.158    7.12434 0.0000e+00
    302.106     4.8055     4.8048   3.337558   3.337623     1.9195     0.0284     0.0914    4.72918    299.000    34.9511    34.9526    1474.67    4.72904  1029.0554  1029.0566      0.922    7.12467 0.0000e+00
    303.117     4.8049     4.8039   3.337534   3.337560     1.9190     0.0372     0.0912    4.72796    300.000    34.9510    34.9524    1474.68    4.72782  1029.0601  1029.0613      0.802    7.12478 0.0000e+00
    304.128     4.8015     4.8005   3.337268   3.337316     1.9185     0.0278     0.0912    4.72759    301.000    34.9510    34.9526    1474.68    4.72745  1029.0651  1029.0665      0.825    7.12538 0.0000e+00
    305.139     4.7982     4.7973   3.337049   3.337094     1.9183     0.0331     0.0914    4.72775    302.000    34.9513    34.9529    1474.69    4.72761  1029.0704  1029.0718      0.871    7.12593 0.0000e+00
    306.151     4.7961     4.7951   3.336905   3.336982     1.9178     0.0304     0.0915    4.72692    303.000    34.9514    34.9533    1474.70    4.72678  1029.0754  1029.0770      1.105    7.12629 0.0000e+00
    307.162     4.7910     4.7879   3.336498   3.336376     1.9171     0.0391     0.0912    4.72595    304.000    34.9515    34.9533    1474.69    4.72581  1029.0808  1029.0825      1.333    7.12717 0.0000e+00
    308.173     4.7868     4.7853   3.336158   3.336167     1.9168     0.0235     0.0912    4.72603    305.000    34.9514    34.9530    1474.69    4.72589  1029.0858  1029.0873      1.416    7.12790 0.0000e+00
    309.184     4.7826     4.7824   3.335797   3.335922     1.9165     0.0239     0.0918    4.72608    306.000    34.9510    34.9527    1474.69    4.72594  1029.0907  1029.0920      1.321    7.12864 0.0000e+00
    310.195     4.7803     4.7793   3.335650   3.335709     1.9152     0.0225     0.0914    4.72280    307.000    34.9512    34.9529    1474.70    4.72266  1029.0958  1029.0973      1.027    7.12903 0.0000e+00
    311.206     4.7733     4.7722   3.335047   3.335103     1.9146     0.0360     0.0912    4.72239    308.000    34.9510    34.9528    1474.68    4.72225  1029.1012  1029.1027      0.637    7.13024 0.0000e+00
    312.217     4.7638     4.7625   3.334208   3.334252     1.9136     0.0410     0.0911    4.72068    309.000    34.9507    34.9526    1474.66    4.72054  1029.1067  1029.1084      0.842    7.13190 0.0000e+00
    313.229     4.7539     4.7528   3.333321   3.333454     1.9127     0.0346     0.0904    4.71953    310.000    34.9503    34.9529    1474.64    4.71939  1029.1123  1029.1145      1.223    7.13364 0.0000e+00
    314.240     4.7486     4.7472   3.332891   3.332901     1.9125     0.0229     0.0907    4.72027    311.000    34.9503    34.9518    1474.63    4.72013  1029.1176  1029.1190      1.384    7.13455 0.0000e+00
    315.251     4.7482     4.7473   3.332889   3.332939     1.9120     0.0226     0.0904    4.71927    312.000    34.9501    34.9517    1474.65    4.71913  1029.1222  1029.1235      1.336    7.13462 0.0000e+00
    316.262     4.7478     4.7469   3.332895   3.332941     1.9119     0.0345     0.0905    4.71952    313.000    34.9501    34.9515    1474.66    4.71938  1029.1268  1029.1281      1.141    7.13470 0.0000e+00
    317.273     4.7465     4.7452   3.332818   3.332832     1.9112     0.0305     0.0905    4.71801    314.000    34.9501    34.9515    1474.67    4.71787  1029.1316  1029.1329      0.984    7.13492 0.0000e+00
    318.285     4.7449     4.7438   3.332702   3.332745     1.9111     0.0231     0.0905    4.71848    315.000    34.9499    34.9514    1474.68    4.71834  1029.1364  1029.1377      0.901    7.13521 0.0000e+00
    319.296     4.7416     4.7403   3.332425   3.332450     1.9109     0.0385     0.0900    4.71893    316.000    34.9495    34.9512    1474.68    4.71879  1029.1411  1029.1426      0.759    7.13579 0.0000e+00
