Cruise Data/Irminger_Sea-01_KN-221_2014-09-07/Ship Data/ctd/process/kkn22104003.ros
* Sea-Bird SBE 9 Data File:
* FileName = C:\Data\ctd\KN22104003.hdr
* Software Version Seasave V 7.21k
* Temperature SN = 4195
* Conductivity SN = 2147
* Number of Bytes Per Scan = 40
* Number of Voltage Words = 5
* Number of Scans Averaged by the Deck Unit = 1
* NMEA Latitude = 61 53.17 N
* NMEA Longitude = 032 18.33 W
* NMEA UTC (Time) = Sep 08 2014 18:04:26
** KN221-04 Chief Scientist: Bob Weller
** OOI Irminger Sea Sept. 2014
** Station: 003
** Knudsen Depth: 2698
# nquan = 12
# nvalues = 588                                   
# units = specified
# name 0 = prDM: Pressure, Digiquartz [db]
# name 1 = t090C: Temperature [ITS-90, deg C]
# name 2 = t190C: Temperature, 2 [ITS-90, deg C]
# name 3 = c0S/m: Conductivity [S/m]
# name 4 = c1S/m: Conductivity, 2 [S/m]
# name 5 = sbeox0V: Oxygen raw, SBE 43 [V]
# name 6 = flECO-AFL: Fluorescence, WET Labs ECO-AFL/FL [mg/m^3]
# name 7 = CStarAt0: Beam Attenuation, WET Labs C-Star [1/m]
# name 8 = sbeox0ML/L: Oxygen, SBE 43 [ml/l]
# name 9 = scan: Scan Count
# name 10 = nbf: Bottles Fired
# name 11 = flag:  0.000e+00
# interval = seconds: 0.0416667
# start_time = Sep 08 2014 18:04:26 [NMEA time, header]
# bad_flag = -9.990e-29
*END*
[from data line 482]
    655.870     4.1474     4.1470   3.290162   3.290314     1.9162     0.0226     0.0847    5.02752     182092         10  0.000e+00
    655.823     4.1474     4.1471   3.290144   3.290283     1.9162     0.0226     0.0847    5.02749     182093         10  0.000e+00
    655.823     4.1475     4.1470   3.290150   3.290340     1.9150     0.0348     0.0847    5.02313     182094         10  0.000e+00
    655.886     4.1477     4.1471   3.290144   3.290340     1.9162     0.0348     0.0847    5.02750     182095         10  0.000e+00
    655.823     4.1474     4.1471   3.290174   3.290314     1.9150     0.0348     0.0858    5.02313     182096         10  0.000e+00
    655.815     4.1475     4.1471   3.290192   3.290314     1.9150     0.0348     0.0858    5.02310     182097         10  0.000e+00
    655.886     4.1475     4.1470   3.290192   3.290314     1.9162     0.0348     0.0858    5.02750     182098         10  0.000e+00
    655.823     4.1475     4.1471   3.290174   3.290314     1.9162     0.0348     0.0847    5.02746     182099         10  0.000e+00
     14.191    10.7193    10.7197   3.861996   3.862633     2.2315     1.4634     0.3766    4.82895     201549         11  0.000e+00
     14.254    10.7193    10.7197   3.862035   3.862565     2.2315     1.4512     0.3755    4.82898     201550         11  0.000e+00
     14.191    10.7193    10.7185   3.862022   3.862470     2.2315     1.4634     0.3766    4.82894     201551         11  0.000e+00
     14.254    10.7200    10.7186   3.862035   3.862389     2.2327     1.4512     0.3766    4.83232     201552         11  0.000e+00
     14.191    10.7206    10.7190   3.862093   3.862321     2.2327     1.4634     0.3766    4.83221     201553         11  0.000e+00
     14.073    10.7210    10.7186   3.862132   3.862355     2.2327     1.4634     0.3778    4.83210     201554         11  0.000e+00
     14.309    10.7215    10.7200   3.862145   3.862429     2.2327     1.4634     0.3778    4.83221     201555         11  0.000e+00
     14.191    10.7211    10.7216   3.862145   3.862497     2.2327     1.4512     0.3778    4.83216     201556         11  0.000e+00
     14.254    10.7210    10.7222   3.862099   3.862606     2.2327     1.4634     0.3766    4.83222     201557         11  0.000e+00
     14.136    10.7204    10.7232   3.862061   3.862667     2.2327     1.4634     0.3766    4.83220     201558         11  0.000e+00
     14.254    10.7206    10.7241   3.862067   3.862768     2.2327     1.4634     0.3766    4.83226     201559         11  0.000e+00
     14.136    10.7203    10.7247   3.862125   3.862802     2.2327     1.4634     0.3766    4.83219     201560         11  0.000e+00
     14.191    10.7203    10.7251   3.862196   3.862904     2.2327     1.4634     0.3766    4.83220     201561         11  0.000e+00
     14.191    10.7204    10.7260   3.862235   3.862978     2.2327     1.4634     0.3766    4.83218     201562         11  0.000e+00
     14.136    10.7206    10.7261   3.862248   3.863121     2.2327     1.4634     0.3766    4.83213     201563         11  0.000e+00
     14.254    10.7215    10.7263   3.862267   3.863114     2.2327     1.4512     0.3778    4.83213     201564         11  0.000e+00
     14.073    10.7221    10.7265   3.862331   3.863114     2.2327     1.4634     0.3778    4.83194     201565         11  0.000e+00
     14.191    10.7226    10.7261   3.862370   3.863080     2.2327     1.4634     0.3778    4.83197     201566         11  0.000e+00
     14.191    10.7236    10.7252   3.862402   3.863148     2.2327     1.4756     0.3766    4.83188     201567         11  0.000e+00
     14.136    10.7241    10.7246   3.862441   3.862951     2.2327     1.4878     0.3766    4.83180     201568         11  0.000e+00
     14.191    10.7238    10.7245   3.862473   3.862904     2.2327     1.4878     0.3766    4.83184     201569         11  0.000e+00
     14.136    10.7243    10.7252   3.862486   3.862802     2.2327     1.4756     0.3755    4.83177     201570         11  0.000e+00
     14.191    10.7251    10.7259   3.862531   3.862904     2.2327     1.4878     0.3766    4.83172     201571         11  0.000e+00
     14.191    10.7253    10.7260   3.862576   3.863012     2.2327     1.4756     0.3766    4.83170     201572         11  0.000e+00
     14.191    10.7256    10.7268   3.862589   3.862978     2.2327     1.4878     0.3766    4.83166     201573         11  0.000e+00
     14.136    10.7256    10.7263   3.862608   3.863053     2.2327     1.4756     0.3755    4.83162     201574         11  0.000e+00
     14.191    10.7256    10.7264   3.862570   3.863080     2.2327     1.4756     0.3755    4.83167     201575         11  0.000e+00
     14.191    10.7249    10.7267   3.862551   3.863080     2.2339     1.4878     0.3766    4.83513     201576         11  0.000e+00
     14.191    10.7246    10.7262   3.862531   3.863080     2.2339     1.4756     0.3778    4.83516     201577         11  0.000e+00
     14.136    10.7241    10.7259   3.862499   3.863114     2.2327     1.4878     0.3778    4.83177     201578         11  0.000e+00
     14.191    10.7236    10.7255   3.862467   3.863053     2.2327     1.4878     0.3778    4.83185     201579         11  0.000e+00
     14.191    10.7233    10.7256   3.862402   3.863012     2.2339     1.4756     0.3778    4.83530     201580         11  0.000e+00
     14.191    10.7235    10.7257   3.862435   3.863012     2.2339     1.4756     0.3778    4.83527     201581         11  0.000e+00
     14.254    10.7241    10.7257   3.862454   3.863046     2.2327     1.4756     0.3778    4.83185     201582         11  0.000e+00
     14.191    10.7243    10.7254   3.862473   3.863080     2.2327     1.4756     0.3766    4.83180     201583         11  0.000e+00
     14.254    10.7245    10.7252   3.862505   3.863046     2.2327     1.4756     0.3766    4.83181     201584         11  0.000e+00
     14.191    10.7253    10.7244   3.862538   3.863053     2.2339     1.4878     0.3766    4.83510     201585         11  0.000e+00
     14.191    10.7249    10.7242   3.862576   3.862978     2.2339     1.4756     0.3755    4.83511     201586         11  0.000e+00
     14.254    10.7249    10.7236   3.862563   3.862978     2.2327     1.4878     0.3755    4.83176     201587         11  0.000e+00
     14.254    10.7253    10.7237   3.862576   3.862904     2.2327     1.4756     0.3766    4.83173     201588         11  0.000e+00
     14.254    10.7254    10.7235   3.862538   3.862836     2.2339     1.4878     0.3766    4.83512     201589         11  0.000e+00
     14.309    10.7254    10.7236   3.862570   3.862870     2.2339     1.4756     0.3778    4.83515     201590         11  0.000e+00
     14.254    10.7260    10.7237   3.862609   3.862884     2.2339     1.4634     0.3802    4.83506     201591         11  0.000e+00
     14.309    10.7261    10.7251   3.862641   3.862870     2.2339     1.4634     0.3802    4.83507     201592         11  0.000e+00
     14.254    10.7273    10.7260   3.862750   3.862938     2.2339     1.4512     0.3802    4.83491     201593         11  0.000e+00
     14.309    10.7283    10.7262   3.862886   3.863046     2.2339     1.4634     0.3802    4.83483     201594         11  0.000e+00
     14.364    10.7294    10.7264   3.862944   3.863148     2.2339     1.4634     0.3802    4.83476     201595         11  0.000e+00
     14.254    10.7302    10.7262   3.863008   3.863121     2.2339     1.4512     0.3778    4.83460     201596         11  0.000e+00
     14.364    10.7304    10.7269   3.863027   3.863080     2.2339     1.4634     0.3778    4.83465     201597         11  0.000e+00
     14.427    10.7265    10.7222   3.862712   3.862768     2.2338     1.4512     0.3708    4.83484     201948         12  0.000e+00
     14.427    10.7260    10.7221   3.862725   3.862748     2.2350     1.4634     0.3696    4.83827     201949         12  0.000e+00
     14.427    10.7268    10.7222   3.862744   3.862768     2.2350     1.4634     0.3696    4.83821     201950         12  0.000e+00
     14.482    10.7268    10.7224   3.862737   3.862768     2.2350     1.4512     0.3696    4.83824     201951         12  0.000e+00
     14.427    10.7271    10.7224   3.862744   3.862734     2.2338     1.4634     0.3708    4.83478     201952         12  0.000e+00
     14.482    10.7266    10.7222   3.862737   3.862734     2.2338     1.4512     0.3708    4.83485     201953         12  0.000e+00
     14.364    10.7260    10.7224   3.862770   3.862748     2.2338     1.4512     0.3708    4.83482     201954         12  0.000e+00
     14.482    10.7270    10.7222   3.862841   3.862701     2.2338     1.4756     0.3720    4.83479     201955         12  0.000e+00
     14.545    10.7273    10.7225   3.862860   3.862701     2.2350     1.4878     0.3720    4.83820     201956         12  0.000e+00
     14.427    10.7276    10.7231   3.862879   3.862734     2.2350     1.5000     0.3708    4.83809     201957         12  0.000e+00
     14.482    10.7278    10.7235   3.862841   3.862802     2.2338     1.5000     0.3696    4.83473     201958         12  0.000e+00
     14.482    10.7278    10.7238   3.862847   3.862836     2.2338     1.4878     0.3696    4.83473     201959         12  0.000e+00
     14.482    10.7278    10.7245   3.862860   3.862816     2.2338     1.4878     0.3696    4.83472     201960         12  0.000e+00
     14.545    10.7276    10.7241   3.862860   3.862836     2.2350     1.4878     0.3696    4.83817     201961         12  0.000e+00
     14.427    10.7276    10.7245   3.862860   3.862870     2.2338     1.4878     0.3696    4.83470     201962         12  0.000e+00
     14.545    10.7274    10.7245   3.862860   3.862904     2.2338     1.4878     0.3696    4.83478     201963         12  0.000e+00
     14.482    10.7273    10.7244   3.862860   3.862978     2.2350     1.4878     0.3708    4.83815     201964         12  0.000e+00
     14.482    10.7276    10.7245   3.862860   3.862938     2.2350     1.4878     0.3708    4.83813     201965         12  0.000e+00
     14.545    10.7274    10.7246   3.862860   3.862917     2.2350     1.4878     0.3708    4.83818     201966         12  0.000e+00
     14.482    10.7271    10.7245   3.862808   3.862938     2.2338     1.5000     0.3731    4.83478     201967         12  0.000e+00
     14.545    10.7266    10.7247   3.862712   3.862938     2.2338     1.4878     0.3743    4.83489     201968         12  0.000e+00
     14.545    10.7266    10.7245   3.862738   3.862978     2.2338     1.5000     0.3743    4.83488     201969         12  0.000e+00
     14.482    10.7268    10.7248   3.862776   3.862978     2.2338     1.4878     0.3731    4.83482     201970         12  0.000e+00
     14.545    10.7270    10.7249   3.862770   3.862951     2.2338     1.5000     0.3731    4.83484     201971         12  0.000e+00
     14.545    10.7271    10.7253   3.862757   3.862938     2.2338     1.4878     0.3731    4.83483     201972         12  0.000e+00
     14.545    10.7279    10.7246   3.862802   3.862978     2.2338     1.4878     0.3720    4.83476     201973         12  0.000e+00
     14.545    10.7278    10.7244   3.862821   3.862938     2.2350     1.4878     0.3720    4.83816     201974         12  0.000e+00
     14.545    10.7270    10.7245   3.862750   3.862978     2.2350     1.4878     0.3720    4.83824     201975         12  0.000e+00
     14.545    10.7260    10.7239   3.862673   3.862938     2.2350     1.5000     0.3720    4.83834     201976         12  0.000e+00
     14.482    10.7249    10.7237   3.862609   3.862917     2.2350     1.5000     0.3720    4.83840     201977         12  0.000e+00
     14.482    10.7246    10.7238   3.862538   3.862870     2.2338     1.4878     0.3708    4.83505     201978         12  0.000e+00
     14.695    10.7238    10.7237   3.862499   3.862904     2.2350     1.5000     0.3708    4.83866     201979         12  0.000e+00
     14.545    10.7239    10.7239   3.862486   3.862870     2.2350     1.5000     0.3708    4.83855     201980         12  0.000e+00
     14.600    10.7243    10.7242   3.862486   3.862904     2.2338     1.5122     0.3720    4.83516     201981         12  0.000e+00
     14.545    10.7241    10.7247   3.862531   3.862904     2.2338     1.5000     0.3720    4.83512     201982         12  0.000e+00
     14.600    10.7241    10.7246   3.862506   3.862918     2.2338     1.5122     0.3731    4.83517     201983         12  0.000e+00
     14.545    10.7238    10.7250   3.862506   3.862978     2.2350     1.5000     0.3731    4.83856     201984         12  0.000e+00
     14.600    10.7245    10.7247   3.862518   3.862979     2.2350     1.5122     0.3731    4.83854     201985         12  0.000e+00
     14.545    10.7246    10.7240   3.862538   3.862938     2.2350     1.5000     0.3743    4.83848     201986         12  0.000e+00
     14.600    10.7245    10.7244   3.862551   3.862979     2.2350     1.5000     0.3755    4.83852     201987         12  0.000e+00
     14.545    10.7243    10.7232   3.862531   3.862918     2.2338     1.5000     0.3755    4.83511     201988         12  0.000e+00
     14.600    10.7238    10.7222   3.862518   3.862904     2.2350     1.5122     0.3755    4.83858     201989         12  0.000e+00
     14.545    10.7235    10.7221   3.862499   3.862802     2.2338     1.5122     0.3755    4.83518     201990         12  0.000e+00
     14.600    10.7238    10.7213   3.862486   3.862768     2.2338     1.5000     0.3743    4.83519     201991         12  0.000e+00
     14.600    10.7238    10.7211   3.862467   3.862768     2.2338     1.5000     0.3743    4.83520     201992         12  0.000e+00
     14.545    10.7236    10.7213   3.862454   3.862667     2.2350     1.5000     0.3731    4.83858     201993         12  0.000e+00
     14.600    10.7238    10.7219   3.862454   3.862680     2.2350     1.5122     0.3731    4.83860     201994         12  0.000e+00
     14.600    10.7236    10.7219   3.862428   3.862633     2.2350     1.5122     0.3731    4.83862     201995         12  0.000e+00
     14.545    10.7238    10.7225   3.862493   3.862633     2.2338     1.5000     0.3731    4.83515     201996         12  0.000e+00
