Cruise Data/Irminger_Sea-01_KN-221_2014-09-07/Ship Data/ctd/process/kkn22104003.cnv
* Sea-Bird SBE 9 Data File:
* FileName = C:\Data\ctd\KN22104003.hdr
* Software Version Seasave V 7.21k
* Temperature SN = 4195
* Conductivity SN = 2147
* Number of Bytes Per Scan = 40
* Number of Voltage Words = 5
* Number of Scans Averaged by the Deck Unit = 1
* NMEA Latitude = 61 53.17 N
* NMEA Longitude = 032 18.33 W
* NMEA UTC (Time) = Sep 08 2014 18:04:26
** KN221-04 Chief Scientist: Bob Weller
** OOI Irminger Sea Sept. 2014
** Station: 003
** Knudsen Depth: 2698
# nquan = 19
# nvalues = 4950                        
# units = specified
# name 0 = prDM: Pressure, Digiquartz [db]
# name 1 = t090C: Temperature [ITS-90, deg C]
# name 2 = t190C: Temperature, 2 [ITS-90, deg C]
# name 3 = c0S/m: Conductivity [S/m]
# name 4 = c1S/m: Conductivity, 2 [S/m]
# name 5 = sbeox0V: Oxygen raw, SBE 43 [V]
# name 6 = flECO-AFL: Fluorescence, WET Labs ECO-AFL/FL [mg/m^3]
# name 7 = CStarAt0: Beam Attenuation, WET Labs C-Star [1/m]
# name 8 = sbeox0ML/L: Oxygen, SBE 43 [ml/l]
# name 9 = depSM: Depth [salt water, m], lat = 61.8862
# name 10 = sal00: Salinity, Practical [PSU]
# name 11 = sal11: Salinity, Practical, 2 [PSU]
# name 12 = svDM: Sound Velocity [Delgrosso, m/s]
# name 13 = sbeox0ML/L: Oxygen, SBE 43 [ml/l], WS = 2
# name 14 = density00: Density [density, Kg/m^3]
# name 15 = density11: Density, 2 [density, Kg/m^3]
# name 16 = dz/dtM: Descent Rate [m/s], WS = 2
# name 17 = oxsatML/L: Oxygen Saturation, Weiss [ml/l]
# name 18 = flag: flag
# span 0 =      3.029,   2522.061       
# span 1 =     3.0113,    10.7366       
# span 2 =     3.0106,    10.7352       
# span 3 =   3.267329,   3.862575       
# span 4 =   3.267538,   3.862983       
# span 5 =     1.5011,     2.2348       
# span 6 =     0.0097,     1.4851       
# span 7 =     0.0803,     0.3855       
# span 8 =    4.63587,    5.06724       
# span 9 =      3.000,   2483.000       
# span 10 =    34.8189,    35.0720      
# span 11 =    34.7629,    35.0755      
# span 12 =    1476.07,    1503.78      
# span 13 =    4.63575,    5.06711      
# span 14 =  1026.6960,  1039.3224      
# span 15 =  1026.6979,  1039.3250      
# span 16 =     -1.733,      1.879      
# span 17 =    6.22448,    7.44755      
# span 18 = 0.0000e+00, 0.0000e+00      
# interval = meters: 1                  
# start_time = Sep 08 2014 18:04:26 [NMEA time, header]
# bad_flag = -9.990e-29
*END*
[from data line 2210]
   2246.371     3.2108     3.2103   3.275772   3.275980     1.5427     0.0226     0.0813    4.67278   2213.000    34.9335    34.9365    1500.00    4.67268  1038.0691  1038.0717      0.796    7.41031 0.0000e+00
   2247.391     3.2104     3.2100   3.275785   3.275998     1.5425     0.0246     0.0813    4.67258   2214.000    34.9335    34.9366    1500.02    4.67248  1038.0737  1038.0762      0.968    7.41037 0.0000e+00
   2248.412     3.2079     3.2073   3.275596   3.275848     1.5425     0.0353     0.0814    4.67379   2215.000    34.9335    34.9371    1500.02    4.67369  1038.0787  1038.0815      1.319    7.41084 0.0000e+00
   2249.432     3.2038     3.2028   3.275295   3.275476     1.5422     0.0356     0.0814    4.67373   2216.000    34.9338    34.9369    1500.02    4.67363  1038.0840  1038.0867      1.446    7.41159 0.0000e+00
   2250.453     3.1984     3.1973   3.274837   3.275035     1.5423     0.0408     0.0814    4.67540   2217.000    34.9335    34.9370    1500.02    4.67530  1038.0892  1038.0922      1.357    7.41260 0.0000e+00
   2251.473     3.1974     3.1968   3.274781   3.274991     1.5421     0.0441     0.0814    4.67511   2218.000    34.9334    34.9366    1500.03    4.67501  1038.0939  1038.0964      1.074    7.41278 0.0000e+00
   2252.493     3.1968     3.1963   3.274752   3.274964     1.5416     0.0409     0.0812    4.67386   2219.000    34.9333    34.9363    1500.05    4.67376  1038.0984  1038.1008      0.580    7.41291 0.0000e+00
   2253.514     3.1960     3.1953   3.274732   3.274930     1.5412     0.0319     0.0810    4.67246   2220.000    34.9333    34.9365    1500.06    4.67236  1038.1030  1038.1056      0.803    7.41305 0.0000e+00
   2254.534     3.1945     3.1940   3.274637   3.274854     1.5412     0.0422     0.0814    4.67357   2221.000    34.9333    34.9365    1500.07    4.67347  1038.1078  1038.1104      1.217    7.41333 0.0000e+00
   2255.555     3.1938     3.1930   3.274625   3.274804     1.5411     0.0357     0.0814    4.67348   2222.000    34.9334    34.9364    1500.08    4.67338  1038.1125  1038.1150      1.400    7.41345 0.0000e+00
   2256.575     3.1936     3.1927   3.274637   3.274814     1.5411     0.0369     0.0814    4.67415   2223.000    34.9334    34.9363    1500.10    4.67405  1038.1171  1038.1195      1.467    7.41350 0.0000e+00
   2257.596     3.1931     3.1926   3.274633   3.274843     1.5409     0.0423     0.0814    4.67418   2224.000    34.9333    34.9363    1500.12    4.67408  1038.1217  1038.1241      1.443    7.41359 0.0000e+00
   2258.616     3.1927     3.1922   3.274647   3.274843     1.5409     0.0457     0.0814    4.67494   2225.000    34.9334    34.9363    1500.13    4.67484  1038.1263  1038.1287      1.308    7.41365 0.0000e+00
   2259.637     3.1926     3.1921   3.274666   3.274865     1.5407     0.0357     0.0814    4.67463   2226.000    34.9332    34.9362    1500.15    4.67453  1038.1309  1038.1332      0.971    7.41368 0.0000e+00
   2260.657     3.1929     3.1923   3.274706   3.274915     1.5401     0.0388     0.0814    4.67224   2227.000    34.9330    34.9360    1500.17    4.67214  1038.1351  1038.1376      0.436    7.41364 0.0000e+00
   2261.678     3.1925     3.1920   3.274741   3.274944     1.5399     0.0396     0.0810    4.67201   2228.000    34.9333    34.9363    1500.18    4.67191  1038.1400  1038.1423      1.312    7.41370 0.0000e+00
   2262.698     3.1921     3.1916   3.274747   3.274952     1.5399     0.0347     0.0814    4.67275   2229.000    34.9333    34.9363    1500.20    4.67264  1038.1445  1038.1470      1.677    7.41377 0.0000e+00
   2263.719     3.1920     3.1914   3.274773   3.274982     1.5399     0.0233     0.0820    4.67340   2230.000    34.9332    34.9364    1500.21    4.67330  1038.1490  1038.1516      1.769    7.41379 0.0000e+00
   2264.739     3.1915     3.1910   3.274762   3.274961     1.5398     0.0275     0.0814    4.67374   2231.000    34.9331    34.9361    1500.23    4.67364  1038.1536  1038.1560      1.675    7.41389 0.0000e+00
   2265.760     3.1910     3.1905   3.274753   3.274970     1.5398     0.0368     0.0814    4.67451   2232.000    34.9331    34.9363    1500.24    4.67440  1038.1582  1038.1608      1.408    7.41399 0.0000e+00
   2266.780     3.1905     3.1900   3.274740   3.274954     1.5394     0.0350     0.0814    4.67355   2233.000    34.9331    34.9361    1500.26    4.67345  1038.1628  1038.1653      0.880    7.41409 0.0000e+00
   2267.801     3.1903     3.1897   3.274752   3.274957     1.5388     0.0368     0.0811    4.67134   2234.000    34.9329    34.9359    1500.27    4.67124  1038.1672  1038.1697      0.532    7.41413 0.0000e+00
   2268.821     3.1897     3.1891   3.274759   3.274964     1.5387     0.0376     0.0804    4.67174   2235.000    34.9332    34.9362    1500.29    4.67164  1038.1721  1038.1746      1.197    7.41423 0.0000e+00
   2269.842     3.1897     3.1892   3.274792   3.275003     1.5387     0.0348     0.0814    4.67238   2236.000    34.9331    34.9361    1500.31    4.67228  1038.1766  1038.1791      1.337    7.41424 0.0000e+00
   2270.863     3.1900     3.1893   3.274862   3.275056     1.5388     0.0348     0.0814    4.67303   2237.000    34.9330    34.9361    1500.32    4.67293  1038.1810  1038.1835      1.266    7.41417 0.0000e+00
   2271.883     3.1895     3.1889   3.274842   3.275057     1.5387     0.0398     0.0814    4.67344   2238.000    34.9329    34.9360    1500.34    4.67334  1038.1857  1038.1881      1.089    7.41428 0.0000e+00
   2272.904     3.1879     3.1873   3.274746   3.274955     1.5386     0.0357     0.0814    4.67374   2239.000    34.9330    34.9361    1500.35    4.67364  1038.1904  1038.1929      0.913    7.41458 0.0000e+00
   2273.924     3.1870     3.1867   3.274703   3.274928     1.5385     0.0232     0.0814    4.67390   2240.000    34.9330    34.9360    1500.36    4.67380  1038.1951  1038.1975      0.863    7.41474 0.0000e+00
   2274.945     3.1854     3.1849   3.274608   3.274822     1.5384     0.0415     0.0813    4.67462   2241.000    34.9330    34.9360    1500.37    4.67452  1038.2000  1038.2024      0.986    7.41503 0.0000e+00
   2275.965     3.1850     3.1845   3.274605   3.274809     1.5381     0.0387     0.0813    4.67366   2242.000    34.9329    34.9359    1500.39    4.67356  1038.2045  1038.2069      1.166    7.41511 0.0000e+00
   2276.986     3.1850     3.1846   3.274643   3.274857     1.5379     0.0410     0.0814    4.67347   2243.000    34.9329    34.9359    1500.41    4.67337  1038.2090  1038.2113      1.276    7.41511 0.0000e+00
   2278.006     3.1853     3.1848   3.274716   3.274918     1.5378     0.0452     0.0814    4.67374   2244.000    34.9329    34.9359    1500.42    4.67364  1038.2135  1038.2159      1.257    7.41505 0.0000e+00
   2279.027     3.1851     3.1847   3.274729   3.274955     1.5377     0.0352     0.0814    4.67387   2245.000    34.9329    34.9359    1500.44    4.67376  1038.2180  1038.2205      1.133    7.41510 0.0000e+00
   2280.048     3.1849     3.1844   3.274754   3.274961     1.5376     0.0254     0.0813    4.67414   2246.000    34.9329    34.9359    1500.46    4.67404  1038.2225  1038.2251      0.949    7.41513 0.0000e+00
   2281.068     3.1839     3.1833   3.274702   3.274911     1.5375     0.0328     0.0812    4.67433   2247.000    34.9328    34.9359    1500.47    4.67423  1038.2273  1038.2297      0.832    7.41532 0.0000e+00
   2282.089     3.1827     3.1823   3.274633   3.274848     1.5375     0.0234     0.0814    4.67493   2248.000    34.9328    34.9358    1500.48    4.67483  1038.2319  1038.2344      0.895    7.41554 0.0000e+00
   2283.109     3.1823     3.1818   3.274640   3.274845     1.5374     0.0299     0.0814    4.67517   2249.000    34.9328    34.9358    1500.50    4.67507  1038.2366  1038.2390      1.015    7.41562 0.0000e+00
   2284.130     3.1820     3.1815   3.274652   3.274855     1.5373     0.0352     0.0812    4.67556   2250.000    34.9328    34.9358    1500.51    4.67546  1038.2412  1038.2435      1.054    7.41567 0.0000e+00
   2285.151     3.1819     3.1813   3.274680   3.274893     1.5373     0.0354     0.0811    4.67603   2251.000    34.9327    34.9359    1500.53    4.67593  1038.2456  1038.2483      1.061    7.41568 0.0000e+00
   2286.171     3.1816     3.1809   3.274684   3.274891     1.5367     0.0365     0.0810    4.67426   2252.000    34.9327    34.9358    1500.54    4.67416  1038.2502  1038.2528      1.096    7.41576 0.0000e+00
   2287.192     3.1801     3.1796   3.274605   3.274825     1.5366     0.0359     0.0814    4.67460   2253.000    34.9328    34.9360    1500.56    4.67450  1038.2551  1038.2577      1.115    7.41602 0.0000e+00
   2288.212     3.1801     3.1794   3.274643   3.274838     1.5364     0.0348     0.0811    4.67431   2254.000    34.9327    34.9359    1500.57    4.67421  1038.2596  1038.2622      1.069    7.41602 0.0000e+00
   2289.233     3.1772     3.1763   3.274423   3.274607     1.5364     0.0353     0.0808    4.67509   2255.000    34.9327    34.9359    1500.58    4.67499  1038.2645  1038.2672      0.971    7.41656 0.0000e+00
   2290.254     3.1755     3.1748   3.274302   3.274507     1.5364     0.0352     0.0810    4.67599   2256.000    34.9326    34.9358    1500.59    4.67589  1038.2693  1038.2719      0.921    7.41689 0.0000e+00
   2291.274     3.1745     3.1738   3.274259   3.274445     1.5363     0.0358     0.0811    4.67656   2257.000    34.9327    34.9357    1500.60    4.67646  1038.2740  1038.2765      1.003    7.41707 0.0000e+00
   2292.295     3.1741     3.1736   3.274264   3.274478     1.5362     0.0348     0.0807    4.67670   2258.000    34.9327    34.9358    1500.62    4.67660  1038.2787  1038.2811      1.134    7.41714 0.0000e+00
   2293.316     3.1741     3.1736   3.274298   3.274504     1.5360     0.0355     0.0809    4.67624   2259.000    34.9326    34.9356    1500.63    4.67614  1038.2832  1038.2855      1.215    7.41715 0.0000e+00
   2294.336     3.1742     3.1736   3.274342   3.274547     1.5357     0.0466     0.0814    4.67558   2260.000    34.9326    34.9356    1500.65    4.67548  1038.2876  1038.2900      1.182    7.41713 0.0000e+00
   2295.357     3.1743     3.1738   3.274390   3.274602     1.5358     0.0263     0.0810    4.67663   2261.000    34.9325    34.9356    1500.67    4.67653  1038.2921  1038.2947      1.008    7.41711 0.0000e+00
   2296.378     3.1745     3.1739   3.274445   3.274642     1.5354     0.0341     0.0810    4.67533   2262.000    34.9325    34.9355    1500.68    4.67522  1038.2966  1038.2991      0.765    7.41708 0.0000e+00
   2297.398     3.1741     3.1734   3.274440   3.274643     1.5352     0.0306     0.0812    4.67537   2263.000    34.9324    34.9356    1500.70    4.67527  1038.3011  1038.3037      0.865    7.41716 0.0000e+00
   2298.419     3.1726     3.1720   3.274358   3.274570     1.5352     0.0272     0.0810    4.67606   2264.000    34.9326    34.9357    1500.71    4.67596  1038.3060  1038.3086      1.123    7.41743 0.0000e+00
   2299.440     3.1707     3.1701   3.274230   3.274433     1.5349     0.0356     0.0814    4.67576   2265.000    34.9325    34.9356    1500.72    4.67566  1038.3108  1038.3134      1.236    7.41778 0.0000e+00
   2300.460     3.1691     3.1687   3.274131   3.274351     1.5347     0.0348     0.0808    4.67542   2266.000    34.9325    34.9356    1500.73    4.67532  1038.3156  1038.3181      1.229    7.41807 0.0000e+00
   2301.481     3.1684     3.1674   3.274102   3.274278     1.5344     0.0359     0.0812    4.67488   2267.000    34.9325    34.9356    1500.74    4.67478  1038.3203  1038.3229      1.135    7.41821 0.0000e+00
   2302.502     3.1675     3.1669   3.274067   3.274263     1.5342     0.0358     0.0809    4.67464   2268.000    34.9325    34.9354    1500.76    4.67454  1038.3250  1038.3274      0.970    7.41837 0.0000e+00
   2303.522     3.1661     3.1655   3.273974   3.274183     1.5340     0.0361     0.0807    4.67459   2269.000    34.9324    34.9355    1500.77    4.67449  1038.3296  1038.3322      0.847    7.41863 0.0000e+00
   2304.543     3.1656     3.1646   3.273964   3.274132     1.5339     0.0352     0.0807    4.67511   2270.000    34.9324    34.9354    1500.78    4.67501  1038.3342  1038.3368      0.943    7.41873 0.0000e+00
   2305.564     3.1642     3.1635   3.273877   3.274086     1.5338     0.0354     0.0809    4.67539   2271.000    34.9323    34.9355    1500.79    4.67529  1038.3390  1038.3416      1.096    7.41899 0.0000e+00
   2306.584     3.1634     3.1628   3.273848   3.274052     1.5335     0.0354     0.0811    4.67480   2272.000    34.9323    34.9354    1500.81    4.67470  1038.3436  1038.3461      1.152    7.41914 0.0000e+00
   2307.605     3.1632     3.1628   3.273869   3.274085     1.5332     0.0466     0.0809    4.67413   2273.000    34.9322    34.9353    1500.82    4.67403  1038.3481  1038.3506      1.133    7.41917 0.0000e+00
   2308.626     3.1608     3.1597   3.273695   3.273875     1.5330     0.0278     0.0809    4.67375   2274.000    34.9323    34.9356    1500.83    4.67365  1038.3530  1038.3558      1.079    7.41962 0.0000e+00
   2309.647     3.1568     3.1561   3.273369   3.273596     1.5327     0.0412     0.0810    4.67393   2275.000    34.9321    34.9356    1500.83    4.67383  1038.3580  1038.3608      1.004    7.42037 0.0000e+00
   2310.667     3.1535     3.1530   3.273128   3.273346     1.5328     0.0378     0.0804    4.67527   2276.000    34.9322    34.9354    1500.83    4.67517  1038.3632  1038.3657      0.910    7.42097 0.0000e+00
   2311.688     3.1523     3.1517   3.273054   3.273243     1.5327     0.0247     0.0812    4.67569   2277.000    34.9321    34.9351    1500.85    4.67559  1038.3679  1038.3702      0.877    7.42120 0.0000e+00
   2312.709     3.1521     3.1516   3.273073   3.273278     1.5328     0.0466     0.0810    4.67657   2278.000    34.9321    34.9351    1500.86    4.67647  1038.3724  1038.3749      0.977    7.42124 0.0000e+00
   2313.729     3.1517     3.1511   3.273075   3.273281     1.5326     0.0351     0.0807    4.67646   2279.000    34.9321    34.9352    1500.88    4.67636  1038.3771  1038.3795      1.098    7.42132 0.0000e+00
   2314.750     3.1509     3.1503   3.273044   3.273248     1.5323     0.0470     0.0807    4.67566   2280.000    34.9321    34.9351    1500.89    4.67556  1038.3817  1038.3842      1.167    7.42146 0.0000e+00
   2315.771     3.1502     3.1494   3.273009   3.273204     1.5317     0.0471     0.0811    4.67407   2281.000    34.9320    34.9351    1500.91    4.67397  1038.3862  1038.3888      1.190    7.42161 0.0000e+00
   2316.792     3.1499     3.1495   3.273025   3.273242     1.5317     0.0400     0.0809    4.67467   2282.000    34.9320    34.9350    1500.92    4.67457  1038.3909  1038.3933      1.178    7.42166 0.0000e+00
   2317.813     3.1500     3.1494   3.273072   3.273280     1.5317     0.0296     0.0809    4.67501   2283.000    34.9319    34.9350    1500.94    4.67491  1038.3954  1038.3978      1.110    7.42164 0.0000e+00
   2318.833     3.1495     3.1493   3.273067   3.273313     1.5316     0.0343     0.0813    4.67546   2284.000    34.9319    34.9351    1500.95    4.67536  1038.3999  1038.4025      0.989    7.42173 0.0000e+00
   2319.854     3.1481     3.1479   3.272978   3.273209     1.5316     0.0400     0.0810    4.67632   2285.000    34.9319    34.9349    1500.97    4.67622  1038.4047  1038.4070      0.850    7.42200 0.0000e+00
   2320.875     3.1468     3.1464   3.272901   3.273142     1.5315     0.0260     0.0811    4.67640   2286.000    34.9318    34.9351    1500.98    4.67630  1038.4093  1038.4120      0.779    7.42223 0.0000e+00
   2321.896     3.1454     3.1445   3.272817   3.272965     1.5313     0.0479     0.0812    4.67628   2287.000    34.9318    34.9346    1500.99    4.67618  1038.4141  1038.4164      0.954    7.42249 0.0000e+00
