Cruise Data/Irminger_Sea-01_KN-221_2014-09-07/Ship Data/ctd/process/kkn22104003.ros
* Sea-Bird SBE 9 Data File:
* FileName = C:\Data\ctd\KN22104003.hdr
* Software Version Seasave V 7.21k
* Temperature SN = 4195
* Conductivity SN = 2147
* Number of Bytes Per Scan = 40
* Number of Voltage Words = 5
* Number of Scans Averaged by the Deck Unit = 1
* NMEA Latitude = 61 53.17 N
* NMEA Longitude = 032 18.33 W
* NMEA UTC (Time) = Sep 08 2014 18:04:26
** KN221-04 Chief Scientist: Bob Weller
** OOI Irminger Sea Sept. 2014
** Station: 003
** Knudsen Depth: 2698
# nquan = 12
# nvalues = 588                                   
# units = specified
# name 0 = prDM: Pressure, Digiquartz [db]
# name 1 = t090C: Temperature [ITS-90, deg C]
# name 2 = t190C: Temperature, 2 [ITS-90, deg C]
# name 3 = c0S/m: Conductivity [S/m]
# name 4 = c1S/m: Conductivity, 2 [S/m]
# name 5 = sbeox0V: Oxygen raw, SBE 43 [V]
# name 6 = flECO-AFL: Fluorescence, WET Labs ECO-AFL/FL [mg/m^3]
# name 7 = CStarAt0: Beam Attenuation, WET Labs C-Star [1/m]
# name 8 = sbeox0ML/L: Oxygen, SBE 43 [ml/l]
# name 9 = scan: Scan Count
# name 10 = nbf: Bottles Fired
# name 11 = flag:  0.000e+00
# interval = seconds: 0.0416667
# start_time = Sep 08 2014 18:04:26 [NMEA time, header]
# bad_flag = -9.990e-29
*END*
[from data line 241]
   1964.354     3.4492     3.4484   3.286140   3.286340     1.5875     0.0226     0.0825    4.66602     133743          5  0.000e+00
   1964.476     3.4492     3.4484   3.286122   3.286340     1.5875     0.0226     0.0825    4.66610     133744          5  0.000e+00
   1964.411     3.4492     3.4486   3.286177   3.286314     1.5875     0.0226     0.0825    4.66604     133745          5  0.000e+00
   1964.435     3.4493     3.4484   3.286183   3.286333     1.5875     0.0226     0.0825    4.66604     133746          5  0.000e+00
   1964.972     3.4489     3.4482   3.286153   3.286340     1.5875     0.0348     0.0825    4.66638     134070          6  0.000e+00
   1964.972     3.4487     3.4482   3.286141   3.286340     1.5875     0.0348     0.0825    4.66640     134071          6  0.000e+00
   1964.931     3.4489     3.4482   3.286141   3.286340     1.5875     0.0470     0.0814    4.66636     134072          6  0.000e+00
   1965.037     3.4487     3.4481   3.286159   3.286340     1.5887     0.0348     0.0825    4.67174     134073          6  0.000e+00
   1964.972     3.4487     3.4481   3.286129   3.286308     1.5875     0.0348     0.0825    4.66640     134074          6  0.000e+00
   1965.037     3.4490     3.4481   3.286153   3.286340     1.5887     0.0348     0.0825    4.67171     134075          6  0.000e+00
   1964.996     3.4489     3.4478   3.286153   3.286314     1.5875     0.0348     0.0825    4.66639     134076          6  0.000e+00
   1964.907     3.4489     3.4481   3.286122   3.286314     1.5875     0.0348     0.0825    4.66635     134077          6  0.000e+00
   1965.037     3.4489     3.4481   3.286129   3.286372     1.5875     0.0348     0.0825    4.66643     134078          6  0.000e+00
   1965.037     3.4489     3.4482   3.286123   3.286340     1.5875     0.0348     0.0825    4.66643     134079          6  0.000e+00
   1965.061     3.4487     3.4481   3.286110   3.286314     1.5875     0.0348     0.0825    4.66646     134080          6  0.000e+00
   1964.972     3.4489     3.4482   3.286129   3.286340     1.5875     0.0348     0.0825    4.66639     134081          6  0.000e+00
   1964.972     3.4487     3.4481   3.286122   3.286308     1.5875     0.0348     0.0825    4.66640     134082          6  0.000e+00
   1965.037     3.4490     3.4482   3.286110   3.286340     1.5875     0.0348     0.0825    4.66642     134083          6  0.000e+00
   1964.996     3.4495     3.4484   3.286153   3.286340     1.5875     0.0348     0.0814    4.66633     134084          6  0.000e+00
   1964.972     3.4495     3.4484   3.286171   3.286314     1.5875     0.0470     0.0825    4.66631     134085          6  0.000e+00
   1964.972     3.4495     3.4487   3.286189   3.286340     1.5875     0.0348     0.0814    4.66630     134086          6  0.000e+00
   1964.996     3.4497     3.4486   3.286183   3.286314     1.5875     0.0348     0.0814    4.66630     134087          6  0.000e+00
   1964.972     3.4497     3.4487   3.286189   3.286314     1.5875     0.0348     0.0814    4.66629     134088          6  0.000e+00
   1964.972     3.4498     3.4489   3.286183   3.286340     1.5875     0.0348     0.0814    4.66627     134089          6  0.000e+00
   1964.907     3.4497     3.4489   3.286189   3.286340     1.5875     0.0348     0.0825    4.66625     134090          6  0.000e+00
   1964.931     3.4497     3.4489   3.286135   3.286334     1.5875     0.0348     0.0825    4.66628     134091          6  0.000e+00
   1964.907     3.4497     3.4487   3.286153   3.286404     1.5875     0.0348     0.0825    4.66626     134092          6  0.000e+00
   1964.907     3.4495     3.4489   3.286189   3.286314     1.5875     0.0348     0.0825    4.66626     134093          6  0.000e+00
   1964.907     3.4497     3.4490   3.286201   3.286372     1.5875     0.0348     0.0825    4.66624     134094          6  0.000e+00
   1964.875     3.4495     3.4489   3.286201   3.286404     1.5875     0.0348     0.0825    4.66624     134095          6  0.000e+00
   1964.850     3.4497     3.4489   3.286201   3.286372     1.5875     0.0348     0.0825    4.66620     134096          6  0.000e+00
   1964.850     3.4497     3.4490   3.286183   3.286372     1.5875     0.0348     0.0825    4.66621     134097          6  0.000e+00
   1964.850     3.4498     3.4489   3.286189   3.286372     1.5887     0.0348     0.0825    4.67150     134098          6  0.000e+00
   1964.810     3.4498     3.4490   3.286201   3.286365     1.5875     0.0348     0.0825    4.66616     134099          6  0.000e+00
   1964.785     3.4497     3.4489   3.286201   3.286372     1.5875     0.0348     0.0814    4.66616     134100          6  0.000e+00
   1964.728     3.4497     3.4490   3.286159   3.286404     1.5887     0.0348     0.0825    4.67145     134101          6  0.000e+00
   1964.745     3.4498     3.4492   3.286183   3.286372     1.5887     0.0348     0.0825    4.67144     134102          6  0.000e+00
   1964.728     3.4497     3.4489   3.286183   3.286372     1.5887     0.0348     0.0814    4.67144     134103          6  0.000e+00
   1964.728     3.4497     3.4490   3.286171   3.286372     1.5875     0.0348     0.0825    4.66614     134104          6  0.000e+00
   1964.663     3.4498     3.4490   3.286171   3.286372     1.5875     0.0348     0.0825    4.66608     134105          6  0.000e+00
   1964.623     3.4497     3.4490   3.286171   3.286403     1.5875     0.0348     0.0825    4.66607     134106          6  0.000e+00
   1964.598     3.4498     3.4490   3.286189   3.286333     1.5875     0.0348     0.0825    4.66604     134107          6  0.000e+00
   1964.598     3.4497     3.4490   3.286219   3.286372     1.5875     0.0348     0.0825    4.66604     134108          6  0.000e+00
   1964.598     3.4497     3.4490   3.286207   3.286372     1.5875     0.0348     0.0825    4.66604     134109          6  0.000e+00
   1964.558     3.4500     3.4490   3.286183   3.286372     1.5875     0.0348     0.0825    4.66600     134110          6  0.000e+00
   1964.542     3.4497     3.4490   3.286189   3.286372     1.5875     0.0348     0.0825    4.66602     134111          6  0.000e+00
   1964.477     3.4497     3.4490   3.286183   3.286340     1.5875     0.0348     0.0825    4.66598     134112          6  0.000e+00
   1964.436     3.4498     3.4490   3.286189   3.286372     1.5875     0.0348     0.0825    4.66593     134113          6  0.000e+00
   1964.477     3.4498     3.4490   3.286159   3.286372     1.5887     0.0348     0.0825    4.67128     134114          6  0.000e+00
   1964.412     3.4498     3.4489   3.286159   3.286340     1.5875     0.0348     0.0825    4.66593     134115          6  0.000e+00
   1964.355     3.4497     3.4490   3.286171   3.286365     1.5875     0.0348     0.0825    4.66590     134116          6  0.000e+00
   1964.379     3.4497     3.4490   3.286171   3.286372     1.5875     0.0348     0.0825    4.66592     134117          6  0.000e+00
   1964.355     3.4498     3.4490   3.286153   3.286340     1.5875     0.0348     0.0825    4.66590     134118          6  0.000e+00
   1027.234     3.7992     3.7996   3.273312   3.273547     1.8189     0.0348     0.0836    4.96110     170466          7  0.000e+00
   1027.170     3.7990     3.7992   3.273276   3.273547     1.8189     0.0348     0.0836    4.96109     170467          7  0.000e+00
   1027.234     3.7990     3.7992   3.273288   3.273572     1.8189     0.0348     0.0836    4.96113     170468          7  0.000e+00
   1027.234     3.7992     3.7991   3.273276   3.273547     1.8189     0.0348     0.0836    4.96111     170469          7  0.000e+00
   1027.210     3.7989     3.7991   3.273282   3.273547     1.8189     0.0348     0.0836    4.96113     170470          7  0.000e+00
   1027.170     3.7990     3.7991   3.273318   3.273515     1.8189     0.0470     0.0836    4.96107     170471          7  0.000e+00
   1027.234     3.7990     3.7992   3.273306   3.273547     1.8176     0.0348     0.0836    4.95650     170472          7  0.000e+00
   1027.170     3.7991     3.7992   3.273318   3.273572     1.8189     0.0348     0.0836    4.96107     170473          7  0.000e+00
   1027.290     3.7989     3.7994   3.273306   3.273515     1.8189     0.0348     0.0836    4.96117     170474          7  0.000e+00
   1027.210     3.7990     3.7992   3.273312   3.273547     1.8189     0.0348     0.0836    4.96110     170475          7  0.000e+00
   1027.234     3.7989     3.7992   3.273264   3.273547     1.8189     0.0348     0.0836    4.96115     170476          7  0.000e+00
   1027.234     3.7989     3.7991   3.273276   3.273547     1.8189     0.0348     0.0836    4.96114     170477          7  0.000e+00
   1027.170     3.7992     3.7992   3.273312   3.273547     1.8189     0.0348     0.0836    4.96105     170478          7  0.000e+00
   1027.290     3.7989     3.7991   3.273324   3.273547     1.8189     0.0348     0.0836    4.96116     170479          7  0.000e+00
   1027.210     3.7992     3.7996   3.273306   3.273515     1.8189     0.0470     0.0836    4.96108     170480          7  0.000e+00
   1027.234     3.7992     3.7991   3.273294   3.273547     1.8176     0.0348     0.0836    4.95648     170481          7  0.000e+00
   1027.290     3.7990     3.7991   3.273318   3.273572     1.8189     0.0470     0.0836    4.96115     170482          7  0.000e+00
   1027.234     3.7992     3.7991   3.273343   3.273515     1.8189     0.0348     0.0836    4.96108     170483          7  0.000e+00
   1027.290     3.7992     3.7987   3.273318   3.273547     1.8189     0.0348     0.0825    4.96112     170484          7  0.000e+00
   1027.266     3.7992     3.7991   3.273318   3.273547     1.8189     0.0348     0.0825    4.96111     170485          7  0.000e+00
   1027.290     3.7992     3.7991   3.273324   3.273483     1.8189     0.0348     0.0836    4.96112     170486          7  0.000e+00
   1027.290     3.7991     3.7992   3.273349   3.273547     1.8189     0.0470     0.0836    4.96113     170487          7  0.000e+00
   1027.234     3.7992     3.7992   3.273355   3.273547     1.8189     0.0348     0.0836    4.96107     170488          7  0.000e+00
   1027.290     3.7992     3.7991   3.273337   3.273572     1.8189     0.0470     0.0836    4.96111     170489          7  0.000e+00
   1027.330     3.7992     3.7992   3.273331   3.273547     1.8189     0.0470     0.0825    4.96114     170490          7  0.000e+00
   1027.290     3.7992     3.7992   3.273367   3.273515     1.8189     0.0470     0.0825    4.96110     170491          7  0.000e+00
   1027.354     3.7994     3.7992   3.273349   3.273547     1.8189     0.0470     0.0825    4.96113     170492          7  0.000e+00
   1027.290     3.7995     3.7992   3.273349   3.273515     1.8189     0.0470     0.0825    4.96108     170493          7  0.000e+00
   1027.354     3.7992     3.7991   3.273379   3.273547     1.8189     0.0470     0.0825    4.96114     170494          7  0.000e+00
   1027.330     3.7994     3.7992   3.273343   3.273547     1.8189     0.0470     0.0825    4.96112     170495          7  0.000e+00
   1027.290     3.7995     3.7989   3.273343   3.273547     1.8189     0.0470     0.0825    4.96108     170496          7  0.000e+00
   1027.354     3.7995     3.7989   3.273337   3.273515     1.8189     0.0470     0.0836    4.96112     170497          7  0.000e+00
   1027.354     3.7994     3.7991   3.273331   3.273547     1.8189     0.0470     0.0825    4.96114     170498          7  0.000e+00
   1027.330     3.7997     3.7989   3.273373   3.273515     1.8189     0.0470     0.0836    4.96107     170499          7  0.000e+00
   1027.354     3.7997     3.7989   3.273367   3.273515     1.8189     0.0470     0.0836    4.96109     170500          7  0.000e+00
   1027.354     3.7995     3.7989   3.273355   3.273547     1.8189     0.0470     0.0836    4.96111     170501          7  0.000e+00
   1027.354     3.7997     3.7987   3.273397   3.273483     1.8189     0.0470     0.0847    4.96108     170502          7  0.000e+00
   1027.354     3.7997     3.7991   3.273397   3.273547     1.8189     0.0470     0.0836    4.96108     170503          7  0.000e+00
   1027.330     3.7999     3.7989   3.273367   3.273515     1.8189     0.0470     0.0836    4.96106     170504          7  0.000e+00
   1027.354     3.7997     3.7991   3.273355   3.273547     1.8189     0.0470     0.0836    4.96109     170505          7  0.000e+00
   1027.354     3.7995     3.7991   3.273361   3.273547     1.8189     0.0470     0.0836    4.96111     170506          7  0.000e+00
   1027.354     3.7997     3.7991   3.273355   3.273515     1.8189     0.0470     0.0836    4.96109     170507          7  0.000e+00
   1027.354     3.7997     3.7989   3.273379   3.273483     1.8176     0.0470     0.0836    4.95646     170508          7  0.000e+00
   1027.386     3.7997     3.7989   3.273343   3.273547     1.8189     0.0470     0.0836    4.96112     170509          7  0.000e+00
   1027.354     3.7995     3.7989   3.273349   3.273547     1.8189     0.0470     0.0836    4.96111     170510          7  0.000e+00
   1027.354     3.7994     3.7989   3.273361   3.273483     1.8189     0.0470     0.0836    4.96112     170511          7  0.000e+00
   1027.354     3.7994     3.7989   3.273373   3.273547     1.8189     0.0470     0.0836    4.96111     170512          7  0.000e+00
   1027.354     3.7994     3.7989   3.273367   3.273483     1.8189     0.0470     0.0836    4.96111     170513          7  0.000e+00
   1027.330     3.7994     3.7991   3.273337   3.273547     1.8189     0.0348     0.0836    4.96111     170514          7  0.000e+00
   1027.412     3.7994     3.7994   3.273337   3.273547     1.8176     0.0226     0.0836    4.95635     170845          8  0.000e+00
   1027.412     3.7994     3.7989   3.273331   3.273547     1.8176     0.0226     0.0836    4.95635     170846          8  0.000e+00
   1027.356     3.7994     3.7992   3.273349   3.273547     1.8176     0.0226     0.0836    4.95631     170847          8  0.000e+00
   1027.356     3.7992     3.7991   3.273361   3.273547     1.8176     0.0226     0.0836    4.95632     170848          8  0.000e+00
   1027.332     3.7994     3.7992   3.273337   3.273572     1.8176     0.0226     0.0836    4.95630     170849          8  0.000e+00
   1027.356     3.7994     3.7992   3.273324   3.273547     1.8176     0.0226     0.0836    4.95632     170850          8  0.000e+00
   1027.292     3.7992     3.7992   3.273331   3.273547     1.8176     0.0226     0.0836    4.95629     170851          8  0.000e+00
   1027.356     3.7994     3.7991   3.273324   3.273547     1.8176     0.0226     0.0836    4.95631     170852          8  0.000e+00
   1027.236     3.7995     3.7991   3.273330   3.273483     1.8188     0.0348     0.0836    4.96083     170853          8  0.000e+00
   1027.212     3.7994     3.7992   3.273306   3.273547     1.8188     0.0348     0.0836    4.96084     170854          8  0.000e+00
   1027.292     3.7992     3.7991   3.273318   3.273515     1.8188     0.0348     0.0836    4.96091     170855          8  0.000e+00
   1027.236     3.7995     3.7991   3.273367   3.273547     1.8176     0.0348     0.0836    4.95620     170856          8  0.000e+00
   1027.236     3.7994     3.7992   3.273343   3.273483     1.8176     0.0348     0.0836    4.95622     170857          8  0.000e+00
   1027.172     3.7992     3.7989   3.273349   3.273547     1.8188     0.0348     0.0836    4.96081     170858          8  0.000e+00
   1027.212     3.7992     3.7992   3.273337   3.273515     1.8188     0.0348     0.0836    4.96084     170859          8  0.000e+00
   1027.172     3.7994     3.7991   3.273324   3.273515     1.8188     0.0348     0.0836    4.96081     170860          8  0.000e+00
   1027.172     3.7992     3.7991   3.273367   3.273547     1.8176     0.0348     0.0836    4.95619     170861          8  0.000e+00
