Cruise Data/Irminger_Sea-01_KN-221_2014-09-07/Ship Data/ctd/process/kkn22104003.cnv
* Sea-Bird SBE 9 Data File:
* FileName = C:\Data\ctd\KN22104003.hdr
* Software Version Seasave V 7.21k
* Temperature SN = 4195
* Conductivity SN = 2147
* Number of Bytes Per Scan = 40
* Number of Voltage Words = 5
* Number of Scans Averaged by the Deck Unit = 1
* NMEA Latitude = 61 53.17 N
* NMEA Longitude = 032 18.33 W
* NMEA UTC (Time) = Sep 08 2014 18:04:26
** KN221-04 Chief Scientist: Bob Weller
** OOI Irminger Sea Sept. 2014
** Station: 003
** Knudsen Depth: 2698
# nquan = 19
# nvalues = 4950                        
# units = specified
# name 0 = prDM: Pressure, Digiquartz [db]
# name 1 = t090C: Temperature [ITS-90, deg C]
# name 2 = t190C: Temperature, 2 [ITS-90, deg C]
# name 3 = c0S/m: Conductivity [S/m]
# name 4 = c1S/m: Conductivity, 2 [S/m]
# name 5 = sbeox0V: Oxygen raw, SBE 43 [V]
# name 6 = flECO-AFL: Fluorescence, WET Labs ECO-AFL/FL [mg/m^3]
# name 7 = CStarAt0: Beam Attenuation, WET Labs C-Star [1/m]
# name 8 = sbeox0ML/L: Oxygen, SBE 43 [ml/l]
# name 9 = depSM: Depth [salt water, m], lat = 61.8862
# name 10 = sal00: Salinity, Practical [PSU]
# name 11 = sal11: Salinity, Practical, 2 [PSU]
# name 12 = svDM: Sound Velocity [Delgrosso, m/s]
# name 13 = sbeox0ML/L: Oxygen, SBE 43 [ml/l], WS = 2
# name 14 = density00: Density [density, Kg/m^3]
# name 15 = density11: Density, 2 [density, Kg/m^3]
# name 16 = dz/dtM: Descent Rate [m/s], WS = 2
# name 17 = oxsatML/L: Oxygen Saturation, Weiss [ml/l]
# name 18 = flag: flag
# span 0 =      3.029,   2522.061       
# span 1 =     3.0113,    10.7366       
# span 2 =     3.0106,    10.7352       
# span 3 =   3.267329,   3.862575       
# span 4 =   3.267538,   3.862983       
# span 5 =     1.5011,     2.2348       
# span 6 =     0.0097,     1.4851       
# span 7 =     0.0803,     0.3855       
# span 8 =    4.63587,    5.06724       
# span 9 =      3.000,   2483.000       
# span 10 =    34.8189,    35.0720      
# span 11 =    34.7629,    35.0755      
# span 12 =    1476.07,    1503.78      
# span 13 =    4.63575,    5.06711      
# span 14 =  1026.6960,  1039.3224      
# span 15 =  1026.6979,  1039.3250      
# span 16 =     -1.733,      1.879      
# span 17 =    6.22448,    7.44755      
# span 18 = 0.0000e+00, 0.0000e+00      
# interval = meters: 1                  
# start_time = Sep 08 2014 18:04:26 [NMEA time, header]
# bad_flag = -9.990e-29
*END*
[from data line 2134]
   2168.832     3.2673     3.2667   3.277780   3.277980     1.5551     0.0392     0.0814    4.67365   2137.000    34.9343    34.9374    1498.95    4.67355  1037.7155  1037.7180      0.790    7.39983 0.0000e+00
   2169.852     3.2664     3.2657   3.277734   3.277916     1.5548     0.0235     0.0814    4.67270   2138.000    34.9343    34.9372    1498.96    4.67259  1037.7201  1037.7225      0.825    7.40000 0.0000e+00
   2170.872     3.2655     3.2650   3.277694   3.277905     1.5546     0.0475     0.0814    4.67267   2139.000    34.9343    34.9374    1498.97    4.67257  1037.7249  1037.7273      1.180    7.40017 0.0000e+00
   2171.892     3.2653     3.2648   3.277727   3.277931     1.5543     0.0388     0.0813    4.67210   2140.000    34.9344    34.9374    1498.99    4.67200  1037.7295  1037.7319      1.348    7.40020 0.0000e+00
   2172.912     3.2654     3.2648   3.277756   3.277958     1.5541     0.0355     0.0814    4.67184   2141.000    34.9342    34.9372    1499.01    4.67174  1037.7339  1037.7363      1.333    7.40019 0.0000e+00
   2173.932     3.2654     3.2648   3.277795   3.277997     1.5544     0.0347     0.0814    4.67367   2142.000    34.9341    34.9372    1499.02    4.67357  1037.7383  1037.7408      1.167    7.40019 0.0000e+00
   2174.952     3.2642     3.2637   3.277736   3.277942     1.5539     0.0356     0.0814    4.67208   2143.000    34.9342    34.9372    1499.03    4.67198  1037.7432  1037.7456      0.854    7.40041 0.0000e+00
   2175.972     3.2639     3.2635   3.277744   3.277964     1.5534     0.0355     0.0814    4.67076   2144.000    34.9341    34.9372    1499.05    4.67066  1037.7477  1037.7501      0.702    7.40046 0.0000e+00
   2176.992     3.2638     3.2631   3.277778   3.277970     1.5530     0.0243     0.0814    4.66951   2145.000    34.9342    34.9372    1499.07    4.66940  1037.7523  1037.7548      0.987    7.40049 0.0000e+00
   2178.013     3.2633     3.2628   3.277780   3.277989     1.5529     0.0360     0.0814    4.66988   2146.000    34.9342    34.9373    1499.08    4.66978  1037.7570  1037.7594      1.179    7.40057 0.0000e+00
   2179.033     3.2629     3.2624   3.277786   3.277997     1.5529     0.0354     0.0814    4.67032   2147.000    34.9342    34.9373    1499.10    4.67021  1037.7616  1037.7640      1.196    7.40065 0.0000e+00
   2180.053     3.2625     3.2620   3.277797   3.277990     1.5529     0.0353     0.0814    4.67102   2148.000    34.9343    34.9372    1499.11    4.67091  1037.7662  1037.7686      1.074    7.40071 0.0000e+00
   2181.073     3.2624     3.2619   3.277814   3.278020     1.5529     0.0274     0.0816    4.67170   2149.000    34.9342    34.9371    1499.13    4.67160  1037.7708  1037.7731      0.884    7.40075 0.0000e+00
   2182.093     3.2620     3.2614   3.277814   3.278011     1.5529     0.0422     0.0814    4.67242   2150.000    34.9341    34.9371    1499.14    4.67232  1037.7753  1037.7777      0.856    7.40083 0.0000e+00
   2183.113     3.2618     3.2612   3.277836   3.278034     1.5527     0.0472     0.0815    4.67237   2151.000    34.9341    34.9371    1499.16    4.67227  1037.7799  1037.7823      1.065    7.40086 0.0000e+00
   2184.133     3.2614     3.2608   3.277852   3.278052     1.5527     0.0470     0.0814    4.67276   2152.000    34.9342    34.9372    1499.18    4.67266  1037.7845  1037.7870      1.193    7.40093 0.0000e+00
   2185.154     3.2608     3.2602   3.277828   3.278041     1.5524     0.0470     0.0815    4.67250   2153.000    34.9341    34.9372    1499.19    4.67239  1037.7891  1037.7916      1.155    7.40104 0.0000e+00
   2186.174     3.2590     3.2584   3.277714   3.277912     1.5523     0.0470     0.0815    4.67258   2154.000    34.9342    34.9371    1499.20    4.67247  1037.7941  1037.7964      0.974    7.40138 0.0000e+00
   2187.194     3.2596     3.2591   3.277797   3.278008     1.5519     0.0470     0.0814    4.67167   2155.000    34.9340    34.9370    1499.22    4.67157  1037.7983  1037.8008      0.758    7.40127 0.0000e+00
   2188.214     3.2599     3.2593   3.277871   3.278065     1.5518     0.0355     0.0814    4.67169   2156.000    34.9341    34.9370    1499.24    4.67159  1037.8030  1037.8053      0.851    7.40121 0.0000e+00
   2189.234     3.2594     3.2588   3.277874   3.278075     1.5519     0.0348     0.0814    4.67266   2157.000    34.9341    34.9372    1499.25    4.67256  1037.8075  1037.8101      1.095    7.40129 0.0000e+00
   2190.254     3.2592     3.2586   3.277891   3.278098     1.5516     0.0237     0.0814    4.67227   2158.000    34.9342    34.9372    1499.27    4.67217  1037.8121  1037.8146      1.272    7.40134 0.0000e+00
   2191.274     3.2591     3.2585   3.277928   3.278121     1.5517     0.0340     0.0814    4.67321   2159.000    34.9341    34.9371    1499.29    4.67311  1037.8167  1037.8191      1.366    7.40135 0.0000e+00
   2192.295     3.2592     3.2586   3.277966   3.278174     1.5516     0.0459     0.0814    4.67319   2160.000    34.9340    34.9372    1499.30    4.67309  1037.8212  1037.8237      1.349    7.40134 0.0000e+00
   2193.315     3.2591     3.2586   3.278007   3.278216     1.5514     0.0532     0.0814    4.67309   2161.000    34.9341    34.9371    1499.32    4.67299  1037.8258  1037.8282      1.140    7.40135 0.0000e+00
   2194.335     3.2587     3.2583   3.277993   3.278216     1.5508     0.0305     0.0814    4.67123   2162.000    34.9339    34.9370    1499.34    4.67112  1037.8302  1037.8326      0.527    7.40144 0.0000e+00
   2195.355     3.2574     3.2566   3.277939   3.278147     1.5506     0.0341     0.0815    4.67097   2163.000    34.9341    34.9375    1499.35    4.67087  1037.8352  1037.8379      1.035    7.40166 0.0000e+00
   2196.375     3.2549     3.2540   3.277766   3.277983     1.5505     0.0449     0.0814    4.67158   2164.000    34.9343    34.9377    1499.35    4.67148  1037.8402  1037.8430      1.603    7.40212 0.0000e+00
   2197.396     3.2512     3.2505   3.277488   3.277709     1.5505     0.0471     0.0814    4.67270   2165.000    34.9344    34.9377    1499.36    4.67260  1037.8455  1037.8480      1.839    7.40280 0.0000e+00
   2198.416     3.2491     3.2486   3.277341   3.277561     1.5505     0.0358     0.0814    4.67362   2166.000    34.9344    34.9375    1499.36    4.67352  1037.8502  1037.8528      1.879    7.40319 0.0000e+00
   2199.436     3.2484     3.2478   3.277317   3.277521     1.5505     0.0374     0.0814    4.67435   2167.000    34.9343    34.9374    1499.38    4.67425  1037.8549  1037.8573      1.783    7.40332 0.0000e+00
   2200.456     3.2470     3.2463   3.277224   3.277422     1.5503     0.0357     0.0814    4.67430   2168.000    34.9343    34.9373    1499.39    4.67420  1037.8596  1037.8621      1.551    7.40359 0.0000e+00
   2201.476     3.2447     3.2443   3.277053   3.277286     1.5499     0.0348     0.0814    4.67320   2169.000    34.9341    34.9374    1499.40    4.67309  1037.8644  1037.8669      1.082    7.40401 0.0000e+00
   2202.497     3.2462     3.2447   3.277200   3.277314     1.5494     0.0309     0.0814    4.67124   2170.000    34.9338    34.9368    1499.42    4.67114  1037.8684  1037.8710      0.307    7.40375 0.0000e+00
   2203.517     3.2430     3.2424   3.276978   3.277183     1.5492     0.0423     0.0814    4.67162   2171.000    34.9341    34.9371    1499.42    4.67152  1037.8737  1037.8762      1.296    7.40434 0.0000e+00
   2204.537     3.2422     3.2416   3.276957   3.277164     1.5491     0.0445     0.0814    4.67188   2172.000    34.9342    34.9373    1499.44    4.67178  1037.8784  1037.8810      1.557    7.40447 0.0000e+00
   2205.557     3.2412     3.2406   3.276896   3.277111     1.5489     0.0238     0.0814    4.67193   2173.000    34.9341    34.9372    1499.45    4.67183  1037.8831  1037.8856      1.604    7.40467 0.0000e+00
   2206.578     3.2402     3.2393   3.276869   3.277054     1.5489     0.0301     0.0814    4.67246   2174.000    34.9343    34.9374    1499.46    4.67236  1037.8879  1037.8905      1.519    7.40484 0.0000e+00
   2207.598     3.2393     3.2387   3.276811   3.277013     1.5483     0.0360     0.0814    4.67076   2175.000    34.9341    34.9371    1499.47    4.67066  1037.8925  1037.8949      1.313    7.40502 0.0000e+00
   2208.618     3.2394     3.2388   3.276867   3.277066     1.5483     0.0353     0.0814    4.67121   2176.000    34.9341    34.9371    1499.49    4.67111  1037.8970  1037.8994      0.944    7.40499 0.0000e+00
   2209.638     3.2396     3.2391   3.276912   3.277117     1.5482     0.0355     0.0814    4.67121   2177.000    34.9340    34.9370    1499.51    4.67111  1037.9015  1037.9038      0.660    7.40496 0.0000e+00
   2210.659     3.2396     3.2387   3.276957   3.277136     1.5481     0.0353     0.0815    4.67173   2178.000    34.9340    34.9371    1499.53    4.67163  1037.9060  1037.9086      1.005    7.40496 0.0000e+00
   2211.679     3.2395     3.2388   3.276994   3.277181     1.5482     0.0354     0.0814    4.67241   2179.000    34.9341    34.9370    1499.54    4.67230  1037.9106  1037.9131      1.243    7.40498 0.0000e+00
   2212.699     3.2393     3.2387   3.277009   3.277224     1.5482     0.0419     0.0814    4.67309   2180.000    34.9341    34.9372    1499.56    4.67299  1037.9152  1037.9177      1.297    7.40502 0.0000e+00
   2213.719     3.2382     3.2376   3.276964   3.277168     1.5482     0.0450     0.0814    4.67388   2181.000    34.9342    34.9372    1499.57    4.67377  1037.9199  1037.9225      1.233    7.40521 0.0000e+00
   2214.740     3.2381     3.2374   3.276983   3.277184     1.5479     0.0348     0.0814    4.67339   2182.000    34.9340    34.9371    1499.59    4.67329  1037.9244  1037.9269      1.083    7.40524 0.0000e+00
   2215.760     3.2371     3.2367   3.276948   3.277158     1.5476     0.0348     0.0816    4.67269   2183.000    34.9342    34.9371    1499.60    4.67259  1037.9292  1037.9316      0.896    7.40542 0.0000e+00
   2216.780     3.2367     3.2362   3.276948   3.277150     1.5474     0.0409     0.0814    4.67239   2184.000    34.9341    34.9370    1499.62    4.67229  1037.9337  1037.9362      0.761    7.40549 0.0000e+00
   2217.801     3.2364     3.2360   3.276965   3.277189     1.5470     0.0389     0.0814    4.67159   2185.000    34.9341    34.9372    1499.63    4.67149  1037.9384  1037.9409      0.845    7.40554 0.0000e+00
   2218.821     3.2352     3.2347   3.276907   3.277121     1.5471     0.0452     0.0815    4.67279   2186.000    34.9342    34.9373    1499.65    4.67269  1037.9432  1037.9457      1.106    7.40576 0.0000e+00
   2219.841     3.2337     3.2330   3.276817   3.277057     1.5471     0.0398     0.0818    4.67322   2187.000    34.9343    34.9378    1499.66    4.67312  1037.9481  1037.9509      1.294    7.40604 0.0000e+00
   2220.862     3.2261     3.2258   3.276195   3.276451     1.5469     0.0351     0.0817    4.67412   2188.000    34.9344    34.9377    1499.64    4.67401  1037.9537  1037.9564      1.364    7.40743 0.0000e+00
   2221.882     3.2232     3.2229   3.275960   3.276211     1.5469     0.0348     0.0814    4.67502   2189.000    34.9342    34.9375    1499.65    4.67492  1037.9586  1037.9613      1.311    7.40798 0.0000e+00
   2222.902     3.2222     3.2215   3.275900   3.276109     1.5466     0.0235     0.0814    4.67440   2190.000    34.9341    34.9373    1499.66    4.67430  1037.9633  1037.9658      1.153    7.40818 0.0000e+00
   2223.922     3.2208     3.2200   3.275812   3.276010     1.5460     0.0340     0.0814    4.67281   2191.000    34.9340    34.9372    1499.67    4.67270  1037.9680  1037.9706      0.910    7.40844 0.0000e+00
   2224.943     3.2189     3.2183   3.275684   3.275875     1.5458     0.0264     0.0813    4.67290   2192.000    34.9340    34.9369    1499.68    4.67280  1037.9728  1037.9752      0.739    7.40879 0.0000e+00
   2225.963     3.2184     3.2178   3.275671   3.275876     1.5458     0.0351     0.0815    4.67333   2193.000    34.9339    34.9370    1499.69    4.67322  1037.9773  1037.9799      0.861    7.40889 0.0000e+00
   2226.983     3.2158     3.2151   3.275486   3.275697     1.5457     0.0354     0.0815    4.67384   2194.000    34.9340    34.9372    1499.70    4.67373  1037.9823  1037.9849      1.015    7.40936 0.0000e+00
   2228.004     3.2129     3.2124   3.275262   3.275467     1.5458     0.0353     0.0814    4.67539   2195.000    34.9339    34.9368    1499.70    4.67528  1037.9872  1037.9896      1.101    7.40990 0.0000e+00
   2229.024     3.2125     3.2123   3.275270   3.275495     1.5456     0.0415     0.0814    4.67526   2196.000    34.9339    34.9368    1499.72    4.67516  1037.9918  1037.9941      1.194    7.40998 0.0000e+00
   2230.044     3.2119     3.2113   3.275249   3.275456     1.5455     0.0465     0.0814    4.67558   2197.000    34.9338    34.9369    1499.73    4.67548  1037.9965  1037.9989      1.288    7.41009 0.0000e+00
   2231.065     3.2114     3.2108   3.275241   3.275442     1.5456     0.0349     0.0816    4.67643   2198.000    34.9338    34.9368    1499.75    4.67633  1038.0010  1038.0035      1.316    7.41019 0.0000e+00
   2232.085     3.2115     3.2108   3.275286   3.275476     1.5449     0.0356     0.0814    4.67388   2199.000    34.9337    34.9367    1499.77    4.67378  1038.0055  1038.0079      1.218    7.41017 0.0000e+00
   2233.105     3.2113     3.2109   3.275306   3.275524     1.5449     0.0361     0.0814    4.67450   2200.000    34.9337    34.9367    1499.78    4.67440  1038.0100  1038.0126      0.909    7.41021 0.0000e+00
   2234.126     3.2114     3.2109   3.275358   3.275550     1.5448     0.0393     0.0814    4.67472   2201.000    34.9337    34.9366    1499.80    4.67462  1038.0145  1038.0170      0.613    7.41018 0.0000e+00
   2235.146     3.2118     3.2112   3.275433   3.275630     1.5442     0.0410     0.0814    4.67276   2202.000    34.9337    34.9367    1499.82    4.67266  1038.0192  1038.0216      1.087    7.41012 0.0000e+00
   2236.167     3.2117     3.2112   3.275473   3.275674     1.5446     0.0347     0.0814    4.67495   2203.000    34.9338    34.9368    1499.84    4.67485  1038.0238  1038.0261      1.377    7.41013 0.0000e+00
   2237.187     3.2117     3.2111   3.275507   3.275704     1.5440     0.0355     0.0814    4.67297   2204.000    34.9337    34.9367    1499.85    4.67287  1038.0282  1038.0306      1.422    7.41013 0.0000e+00
   2238.208     3.2119     3.2113   3.275561   3.275757     1.5436     0.0361     0.0815    4.67190   2205.000    34.9337    34.9367    1499.87    4.67180  1038.0327  1038.0352      1.288    7.41010 0.0000e+00
   2239.228     3.2120     3.2115   3.275597   3.275807     1.5437     0.0353     0.0814    4.67315   2206.000    34.9335    34.9366    1499.89    4.67305  1038.0371  1038.0396      1.013    7.41009 0.0000e+00
   2240.248     3.2123     3.2119   3.275658   3.275874     1.5434     0.0352     0.0813    4.67227   2207.000    34.9335    34.9365    1499.91    4.67217  1038.0416  1038.0439      0.729    7.41004 0.0000e+00
   2241.269     3.2120     3.2115   3.275684   3.275891     1.5432     0.0348     0.0814    4.67199   2208.000    34.9335    34.9366    1499.92    4.67189  1038.0463  1038.0487      0.830    7.41007 0.0000e+00
   2242.289     3.2115     3.2111   3.275680   3.275892     1.5432     0.0314     0.0814    4.67242   2209.000    34.9335    34.9365    1499.94    4.67232  1038.0509  1038.0532      1.126    7.41017 0.0000e+00
   2243.310     3.2118     3.2114   3.275753   3.275973     1.5432     0.0233     0.0814    4.67342   2210.000    34.9336    34.9367    1499.96    4.67332  1038.0554  1038.0579      1.271    7.41011 0.0000e+00
   2244.330     3.2115     3.2110   3.275762   3.275971     1.5432     0.0344     0.0814    4.67390   2211.000    34.9336    34.9366    1499.97    4.67380  1038.0601  1038.0624      1.250    7.41018 0.0000e+00
