Cruise Data/Irminger_Sea-01_KN-221_2014-09-07/Ship Data/ctd/process/kkn22104008.cnv
* Sea-Bird SBE 9 Data File:
* FileName = C:\Data\ctd\KN22104008.hdr
* Software Version Seasave V 7.21k
* Temperature SN = 4195
* Conductivity SN = 2147
* Number of Bytes Per Scan = 40
* Number of Voltage Words = 5
* Number of Scans Averaged by the Deck Unit = 1
* NMEA Latitude = 59 14.19 N
* NMEA Longitude = 039 30.13 W
* NMEA UTC (Time) = Sep 16 2014 21:05:14
** KN221-04 Chief Scientist: Bob Weller
** OOI Irminger Sea Sept. 2014
** Station: 008
** Knudsen Depth: 3030
# nquan = 19
# nvalues = 5969                        
# units = specified
# name 0 = prDM: Pressure, Digiquartz [db]
# name 1 = t090C: Temperature [ITS-90, deg C]
# name 2 = t190C: Temperature, 2 [ITS-90, deg C]
# name 3 = c0S/m: Conductivity [S/m]
# name 4 = c1S/m: Conductivity, 2 [S/m]
# name 5 = sbeox0V: Oxygen raw, SBE 43 [V]
# name 6 = flECO-AFL: Fluorescence, WET Labs ECO-AFL/FL [mg/m^3]
# name 7 = CStarAt0: Beam Attenuation, WET Labs C-Star [1/m]
# name 8 = sbeox0ML/L: Oxygen, SBE 43 [ml/l]
# name 9 = depSM: Depth [salt water, m], lat = 59.2365
# name 10 = sal00: Salinity, Practical [PSU]
# name 11 = sal11: Salinity, Practical, 2 [PSU]
# name 12 = svDM: Sound Velocity [Delgrosso, m/s]
# name 13 = sbeox0ML/L: Oxygen, SBE 43 [ml/l], WS = 2
# name 14 = density00: Density [density, Kg/m^3]
# name 15 = density11: Density, 2 [density, Kg/m^3]
# name 16 = dz/dtM: Descent Rate [m/s], WS = 2
# name 17 = oxsatML/L: Oxygen Saturation, Weiss [ml/l]
# name 18 = flag: flag
# span 0 =      1.009,   3035.946       
# span 1 =     1.2916,     7.7741       
# span 2 =     1.2903,     7.7740       
# span 3 =   3.133929,   3.581828       
# span 4 =   3.134086,   3.582100       
# span 5 =     1.4611,     2.1943       
# span 6 =     0.0091,     0.7236       
# span 7 =     0.0737,     0.2496       
# span 8 =    4.63567,    5.13144       
# span 9 =      1.000,   2986.000       
# span 10 =    34.7883,    34.9334      
# span 11 =    34.7746,    34.9363      
# span 12 =    1469.94,    1507.00      
# span 13 =    4.63556,    5.13139      
# span 14 =  1027.1557,  1041.8280      
# span 15 =  1027.1585,  1041.8308      
# span 16 =     -1.673,      1.633      
# span 17 =    6.65023,    7.78318      
# span 18 = 0.0000e+00, 0.0000e+00      
# interval = meters: 1                  
# start_time = Sep 16 2014 21:05:14 [NMEA time, header]
# bad_flag = -9.990e-29
*END*
[from data line 3658]
   2345.902     2.9857     2.9855   3.258958   3.259211     1.5242     0.0354     0.0738    4.68036   2311.000    34.9239    34.9272    1500.70    4.68026  1038.5388  1038.5414     -1.334    7.45261 0.0000e+00
   2344.881     2.9867     2.9866   3.258999   3.259272     1.5245     0.0379     0.0738    4.68068   2310.000    34.9238    34.9272    1500.69    4.68058  1038.5341  1038.5367     -1.428    7.45243 0.0000e+00
   2343.861     2.9871     2.9867   3.258988   3.259253     1.5244     0.0469     0.0738    4.67955   2309.000    34.9238    34.9273    1500.67    4.67946  1038.5295  1038.5322     -1.332    7.45236 0.0000e+00
   2342.840     2.9866     2.9865   3.258926   3.259202     1.5249     0.0368     0.0738    4.68139   2308.000    34.9240    34.9274    1500.65    4.68130  1038.5251  1038.5278     -1.069    7.45243 0.0000e+00
   2341.819     2.9866     2.9860   3.258879   3.259110     1.5253     0.0408     0.0740    4.68275   2307.000    34.9239    34.9273    1500.63    4.68265  1038.5206  1038.5233     -0.714    7.45244 0.0000e+00
   2340.799     2.9866     2.9861   3.258819   3.259061     1.5255     0.0433     0.0738    4.68288   2306.000    34.9237    34.9271    1500.62    4.68279  1038.5159  1038.5186     -0.815    7.45246 0.0000e+00
   2339.778     2.9877     2.9875   3.258855   3.259126     1.5255     0.0352     0.0738    4.68208   2305.000    34.9235    34.9268    1500.60    4.68198  1038.5110  1038.5137     -1.161    7.45226 0.0000e+00
   2338.757     2.9890     2.9892   3.258941   3.259247     1.5256     0.0472     0.0738    4.68159   2304.000    34.9236    34.9270    1500.59    4.68149  1038.5063  1038.5089     -1.316    7.45202 0.0000e+00
   2337.737     2.9902     2.9900   3.259025   3.259290     1.5257     0.0470     0.0740    4.68143   2303.000    34.9238    34.9272    1500.58    4.68134  1038.5017  1038.5044     -1.342    7.45177 0.0000e+00
   2336.716     2.9909     2.9906   3.259034   3.259308     1.5256     0.0347     0.0741    4.68010   2302.000    34.9236    34.9272    1500.57    4.68000  1038.4969  1038.4998     -1.290    7.45166 0.0000e+00
   2335.695     2.9885     2.9882   3.258783   3.259065     1.5261     0.0348     0.0740    4.68235   2301.000    34.9236    34.9273    1500.54    4.68226  1038.4928  1038.4957     -1.163    7.45210 0.0000e+00
   2334.675     2.9871     2.9852   3.258593   3.258692     1.5265     0.0431     0.0741    4.68372   2300.000    34.9233    34.9265    1500.52    4.68363  1038.4882  1038.4910     -0.864    7.45238 0.0000e+00
   2333.654     2.9845     2.9823   3.258248   3.258333     1.5267     0.0361     0.0739    4.68428   2299.000    34.9225    34.9257    1500.49    4.68419  1038.4834  1038.4862     -0.527    7.45291 0.0000e+00
   2332.633     2.9835     2.9816   3.258078   3.258166     1.5270     0.0353     0.0740    4.68514   2298.000    34.9220    34.9250    1500.46    4.68504  1038.4786  1038.4812     -1.071    7.45313 0.0000e+00
   2331.613     2.9824     2.9813   3.257896   3.258084     1.5270     0.0272     0.0738    4.68483   2297.000    34.9214    34.9249    1500.44    4.68473  1038.4738  1038.4767     -1.428    7.45335 0.0000e+00
   2330.592     2.9825     2.9816   3.257843   3.258060     1.5271     0.0252     0.0738    4.68456   2296.000    34.9211    34.9246    1500.42    4.68446  1038.4690  1038.4718     -1.556    7.45334 0.0000e+00
   2329.572     2.9832     2.9824   3.257864   3.258087     1.5274     0.0478     0.0740    4.68511   2295.000    34.9212    34.9247    1500.41    4.68501  1038.4644  1038.4672     -1.530    7.45322 0.0000e+00
   2328.551     2.9834     2.9828   3.257858   3.258091     1.5278     0.0470     0.0738    4.68632   2294.000    34.9214    34.9248    1500.39    4.68623  1038.4600  1038.4626     -1.368    7.45318 0.0000e+00
   2327.530     2.9837     2.9830   3.257841   3.258065     1.5278     0.0422     0.0739    4.68580   2293.000    34.9213    34.9247    1500.38    4.68571  1038.4553  1038.4581     -1.096    7.45311 0.0000e+00
   2326.510     2.9841     2.9836   3.257829   3.258068     1.5279     0.0413     0.0738    4.68572   2292.000    34.9212    34.9246    1500.36    4.68562  1038.4506  1038.4532     -0.794    7.45304 0.0000e+00
   2325.489     2.9847     2.9840   3.257831   3.258052     1.5282     0.0469     0.0742    4.68596   2291.000    34.9211    34.9245    1500.35    4.68587  1038.4459  1038.4486     -0.736    7.45294 0.0000e+00
   2324.469     2.9856     2.9847   3.257868   3.258071     1.5286     0.0381     0.0738    4.68746   2290.000    34.9211    34.9244    1500.34    4.68737  1038.4412  1038.4440     -0.853    7.45277 0.0000e+00
   2323.448     2.9862     2.9857   3.257887   3.258131     1.5289     0.0470     0.0738    4.68802   2289.000    34.9211    34.9245    1500.32    4.68792  1038.4365  1038.4393     -1.007    7.45265 0.0000e+00
   2322.427     2.9870     2.9868   3.257924   3.258179     1.5288     0.0447     0.0738    4.68682   2288.000    34.9212    34.9245    1500.31    4.68673  1038.4320  1038.4346     -1.178    7.45250 0.0000e+00
   2321.407     2.9903     2.9897   3.258185   3.258379     1.5292     0.0351     0.0740    4.68730   2287.000    34.9213    34.9243    1500.30    4.68720  1038.4270  1038.4294     -1.289    7.45188 0.0000e+00
   2320.386     2.9936     2.9929   3.258447   3.258657     1.5292     0.0460     0.0743    4.68657   2286.000    34.9214    34.9247    1500.30    4.68647  1038.4221  1038.4247     -1.287    7.45125 0.0000e+00
   2319.366     2.9965     2.9956   3.258702   3.258893     1.5294     0.0396     0.0742    4.68609   2285.000    34.9219    34.9251    1500.30    4.68600  1038.4175  1038.4202     -1.152    7.45070 0.0000e+00
   2318.345     2.9978     2.9970   3.258780   3.259027     1.5300     0.0425     0.0741    4.68828   2284.000    34.9219    34.9257    1500.29    4.68819  1038.4127  1038.4158     -0.910    7.45045 0.0000e+00
   2317.324     2.9965     2.9956   3.258653   3.258824     1.5301     0.0381     0.0745    4.68838   2283.000    34.9222    34.9253    1500.26    4.68829  1038.4086  1038.4111     -0.821    7.45067 0.0000e+00
   2316.304     3.0007     3.0013   3.259020   3.259346     1.5304     0.0347     0.0738    4.68855   2282.000    34.9227    34.9260    1500.27    4.68845  1038.4038  1038.4064     -1.070    7.44987 0.0000e+00
   2315.283     3.0012     3.0010   3.259025   3.259305     1.5305     0.0452     0.0738    4.68808   2281.000    34.9227    34.9263    1500.25    4.68799  1038.3992  1038.4020     -1.240    7.44977 0.0000e+00
   2314.263     3.0003     2.9999   3.258868   3.259142     1.5305     0.0470     0.0738    4.68760   2280.000    34.9222    34.9260    1500.23    4.68750  1038.3944  1038.3975     -1.187    7.44996 0.0000e+00
   2313.242     2.9998     2.9993   3.258782   3.259027     1.5305     0.0401     0.0738    4.68725   2279.000    34.9223    34.9257    1500.21    4.68715  1038.3900  1038.3928     -0.919    7.45007 0.0000e+00
   2312.222     2.9998     2.9991   3.258739   3.258971     1.5306     0.0441     0.0741    4.68695   2278.000    34.9223    34.9257    1500.19    4.68685  1038.3855  1038.3882     -0.751    7.45007 0.0000e+00
   2311.201     2.9975     2.9974   3.258417   3.258746     1.5307     0.0220     0.0740    4.68689   2277.000    34.9213    34.9253    1500.16    4.68679  1038.3805  1038.3837     -1.102    7.45054 0.0000e+00
   2310.181     2.9964     2.9959   3.258266   3.258523     1.5312     0.0471     0.0738    4.68866   2276.000    34.9211    34.9247    1500.14    4.68857  1038.3759  1038.3789     -1.329    7.45075 0.0000e+00
   2309.160     2.9961     2.9953   3.258183   3.258416     1.5314     0.0402     0.0738    4.68919   2275.000    34.9209    34.9245    1500.12    4.68909  1038.3713  1038.3741     -1.334    7.45082 0.0000e+00
   2308.140     2.9959     2.9952   3.258125   3.258347     1.5312     0.0404     0.0738    4.68786   2274.000    34.9209    34.9243    1500.11    4.68776  1038.3668  1038.3695     -1.139    7.45085 0.0000e+00
   2307.119     2.9959     2.9951   3.258090   3.258297     1.5316     0.0468     0.0740    4.68910   2273.000    34.9210    34.9243    1500.09    4.68900  1038.3623  1038.3650     -0.832    7.45086 0.0000e+00
   2306.099     2.9966     2.9955   3.258108   3.258287     1.5316     0.0385     0.0739    4.68808   2272.000    34.9209    34.9243    1500.07    4.68798  1038.3575  1038.3604     -0.798    7.45072 0.0000e+00
   2305.078     2.9981     2.9970   3.258197   3.258383     1.5317     0.0347     0.0738    4.68802   2271.000    34.9209    34.9243    1500.06    4.68793  1038.3528  1038.3556     -1.041    7.45045 0.0000e+00
   2304.058     2.9987     2.9978   3.258217   3.258418     1.5317     0.0448     0.0747    4.68730   2270.000    34.9210    34.9244    1500.05    4.68720  1038.3483  1038.3510     -1.195    7.45033 0.0000e+00
   2303.037     2.9996     2.9988   3.258273   3.258472     1.5317     0.0470     0.0741    4.68655   2269.000    34.9212    34.9244    1500.04    4.68646  1038.3438  1038.3463     -1.257    7.45015 0.0000e+00
   2302.017     3.0018     3.0008   3.258433   3.258617     1.5321     0.0470     0.0743    4.68714   2268.000    34.9213    34.9245    1500.03    4.68705  1038.3389  1038.3416     -1.238    7.44974 0.0000e+00
   2300.996     3.0024     3.0022   3.258449   3.258722     1.5322     0.0444     0.0738    4.68689   2267.000    34.9213    34.9248    1500.01    4.68680  1038.3344  1038.3370     -1.114    7.44963 0.0000e+00
   2299.976     3.0048     3.0040   3.258641   3.258850     1.5325     0.0317     0.0738    4.68722   2266.000    34.9215    34.9249    1500.01    4.68713  1038.3295  1038.3323     -0.860    7.44916 0.0000e+00
   2298.956     3.0067     3.0060   3.258802   3.259014     1.5331     0.0314     0.0738    4.68909   2265.000    34.9219    34.9252    1500.00    4.68899  1038.3251  1038.3276     -0.706    7.44879 0.0000e+00
   2297.935     3.0089     3.0079   3.258968   3.259141     1.5334     0.0351     0.0742    4.68945   2264.000    34.9220    34.9252    1499.99    4.68936  1038.3202  1038.3229     -1.034    7.44837 0.0000e+00
   2296.915     3.0111     3.0097   3.259122   3.259268     1.5332     0.0460     0.0747    4.68778   2263.000    34.9221    34.9253    1499.98    4.68769  1038.3153  1038.3181     -1.303    7.44796 0.0000e+00
   2295.894     3.0113     3.0109   3.259093   3.259345     1.5336     0.0415     0.0758    4.68915   2262.000    34.9220    34.9254    1499.97    4.68906  1038.3107  1038.3135     -1.380    7.44793 0.0000e+00
   2294.874     3.0115     3.0113   3.259077   3.259347     1.5338     0.0354     0.0740    4.68918   2261.000    34.9221    34.9255    1499.95    4.68908  1038.3063  1038.3088     -1.294    7.44789 0.0000e+00
   2293.853     3.0122     3.0118   3.259095   3.259345     1.5341     0.0353     0.0742    4.68977   2260.000    34.9220    34.9255    1499.94    4.68967  1038.3015  1038.3043     -1.108    7.44776 0.0000e+00
   2292.833     3.0132     3.0130   3.259141   3.259402     1.5342     0.0348     0.0741    4.68957   2259.000    34.9220    34.9254    1499.92    4.68947  1038.2969  1038.2994     -0.886    7.44758 0.0000e+00
   2291.812     3.0140     3.0129   3.259181   3.259377     1.5343     0.0402     0.0738    4.68940   2258.000    34.9221    34.9256    1499.91    4.68931  1038.2922  1038.2950     -0.754    7.44742 0.0000e+00
   2290.792     3.0148     3.0130   3.259205   3.259337     1.5341     0.0400     0.0739    4.68788   2257.000    34.9220    34.9255    1499.90    4.68779  1038.2875  1038.2905     -0.876    7.44727 0.0000e+00
   2289.771     3.0152     3.0145   3.259192   3.259414     1.5345     0.0435     0.0738    4.68863   2256.000    34.9220    34.9254    1499.88    4.68853  1038.2828  1038.2856     -1.063    7.44721 0.0000e+00
   2288.751     3.0150     3.0147   3.259147   3.259386     1.5347     0.0470     0.0738    4.68892   2255.000    34.9221    34.9253    1499.86    4.68882  1038.2784  1038.2810     -1.151    7.44723 0.0000e+00
   2287.731     3.0168     3.0158   3.259252   3.259434     1.5346     0.0470     0.0738    4.68760   2254.000    34.9219    34.9252    1499.85    4.68751  1038.2734  1038.2761     -1.163    7.44691 0.0000e+00
   2286.710     3.0181     3.0172   3.259334   3.259532     1.5351     0.0470     0.0738    4.68926   2253.000    34.9220    34.9253    1499.84    4.68917  1038.2688  1038.2715     -1.143    7.44666 0.0000e+00
   2285.690     3.0188     3.0182   3.259357   3.259593     1.5353     0.0453     0.0738    4.68956   2252.000    34.9221    34.9255    1499.83    4.68946  1038.2642  1038.2670     -1.103    7.44653 0.0000e+00
   2284.669     3.0190     3.0185   3.259340   3.259575     1.5354     0.0352     0.0740    4.68913   2251.000    34.9220    34.9254    1499.81    4.68903  1038.2596  1038.2623     -1.058    7.44648 0.0000e+00
   2283.649     3.0193     3.0187   3.259326   3.259569     1.5355     0.0376     0.0742    4.68900   2250.000    34.9221    34.9256    1499.80    4.68890  1038.2550  1038.2578     -1.007    7.44643 0.0000e+00
   2282.629     3.0194     3.0188   3.259311   3.259523     1.5354     0.0467     0.0739    4.68815   2249.000    34.9223    34.9254    1499.78    4.68805  1038.2506  1038.2532     -0.952    7.44641 0.0000e+00
   2281.608     3.0205     3.0196   3.259344   3.259552     1.5355     0.0470     0.0740    4.68761   2248.000    34.9220    34.9255    1499.77    4.68752  1038.2457  1038.2485     -0.931    7.44622 0.0000e+00
   2280.588     3.0208     3.0199   3.259327   3.259536     1.5356     0.0402     0.0738    4.68743   2247.000    34.9220    34.9254    1499.75    4.68734  1038.2411  1038.2439     -1.006    7.44616 0.0000e+00
   2279.568     3.0212     3.0204   3.259321   3.259538     1.5355     0.0256     0.0738    4.68626   2246.000    34.9219    34.9253    1499.74    4.68617  1038.2365  1038.2391     -1.092    7.44608 0.0000e+00
   2278.547     3.0211     3.0207   3.259263   3.259507     1.5356     0.0381     0.0739    4.68618   2245.000    34.9218    34.9252    1499.72    4.68608  1038.2318  1038.2345     -1.086    7.44611 0.0000e+00
   2277.527     3.0210     3.0205   3.259204   3.259446     1.5360     0.0455     0.0742    4.68731   2244.000    34.9218    34.9252    1499.70    4.68721  1038.2272  1038.2300     -0.988    7.44614 0.0000e+00
   2276.506     3.0210     3.0203   3.259144   3.259379     1.5362     0.0388     0.0739    4.68745   2243.000    34.9215    34.9250    1499.68    4.68735  1038.2224  1038.2253     -0.928    7.44614 0.0000e+00
   2275.486     3.0210     3.0204   3.259091   3.259333     1.5365     0.0434     0.0739    4.68826   2242.000    34.9214    34.9249    1499.67    4.68816  1038.2178  1038.2206     -1.000    7.44616 0.0000e+00
   2274.466     3.0208     3.0200   3.259002   3.259236     1.5365     0.0363     0.0738    4.68800   2241.000    34.9210    34.9246    1499.65    4.68790  1038.2130  1038.2159     -1.094    7.44621 0.0000e+00
   2273.445     3.0204     3.0199   3.258925   3.259178     1.5368     0.0462     0.0745    4.68856   2240.000    34.9209    34.9245    1499.63    4.68846  1038.2085  1038.2113     -1.122    7.44628 0.0000e+00
   2272.425     3.0200     3.0194   3.258839   3.259092     1.5369     0.0355     0.0746    4.68849   2239.000    34.9208    34.9245    1499.61    4.68840  1038.2039  1038.2068     -1.072    7.44637 0.0000e+00
   2271.405     3.0203     3.0193   3.258831   3.259019     1.5369     0.0348     0.0741    4.68778   2238.000    34.9209    34.9242    1499.59    4.68768  1038.1993  1038.2020     -0.992    7.44631 0.0000e+00
   2270.384     3.0208     3.0199   3.258832   3.259036     1.5370     0.0363     0.0738    4.68752   2237.000    34.9208    34.9242    1499.58    4.68742  1038.1947  1038.1974     -0.968    7.44621 0.0000e+00
