Cruise Data/Irminger_Sea-01_KN-221_2014-09-07/Ship Data/ctd/process/kkn22104006_sv.cnv
* Sea-Bird SBE 9 Data File:
* FileName = C:\Data\ctd\KN22104006.hdr
* Software Version Seasave V 7.21k
* Temperature SN = 4195
* Conductivity SN = 2147
* Number of Bytes Per Scan = 40
* Number of Voltage Words = 5
* Number of Scans Averaged by the Deck Unit = 1
* NMEA Latitude = 59 57.97 N
* NMEA Longitude = 039 28.24 W
* NMEA UTC (Time) = Sep 12 2014 05:09:49
** KN221-04 Chief Scientist: Bob Weller
** OOI Irminger Sea Sept. 2014
** Station: 006
** Knudsen Depth: 2706
# nquan = 3
# nvalues = 2468                        
# units = specified
# name 0 = depSM: Depth [salt water, m]
# name 1 = svDM: Sound Velocity [Delgrosso, m/s]
# name 2 = flag: flag
# span 0 =     14.000,   2481.000       
# span 1 =    1470.90,    1500.97       
# span 2 = 0.0000e+00, 0.0000e+00       
# interval = meters: 1                  
# start_time = Sep 12 2014 05:09:49 [NMEA time, header]
# bad_flag = -9.990e-29
*END*
[from data line 2353]
   2367.000    1500.34 0.0000e+00
   2368.000    1500.34 0.0000e+00
   2369.000    1500.33 0.0000e+00
   2370.000    1500.33 0.0000e+00
   2371.000    1500.36 0.0000e+00
   2372.000    1500.38 0.0000e+00
   2373.000    1500.37 0.0000e+00
   2374.000    1500.37 0.0000e+00
   2375.000    1500.40 0.0000e+00
   2376.000    1500.42 0.0000e+00
   2377.000    1500.45 0.0000e+00
   2378.000    1500.49 0.0000e+00
   2379.000    1500.50 0.0000e+00
   2380.000    1500.51 0.0000e+00
   2381.000    1500.52 0.0000e+00
   2382.000    1500.53 0.0000e+00
   2383.000    1500.47 0.0000e+00
   2384.000    1500.49 0.0000e+00
   2385.000    1500.51 0.0000e+00
   2386.000    1500.53 0.0000e+00
   2387.000    1500.55 0.0000e+00
   2388.000    1500.56 0.0000e+00
   2389.000    1500.57 0.0000e+00
   2390.000    1500.58 0.0000e+00
   2391.000    1500.59 0.0000e+00
   2392.000    1500.60 0.0000e+00
   2393.000    1500.59 0.0000e+00
   2394.000    1500.59 0.0000e+00
   2395.000    1500.60 0.0000e+00
   2396.000    1500.62 0.0000e+00
   2397.000    1500.62 0.0000e+00
   2398.000    1500.63 0.0000e+00
   2399.000    1500.66 0.0000e+00
   2400.000    1500.69 0.0000e+00
   2401.000    1500.70 0.0000e+00
   2402.000    1500.72 0.0000e+00
   2403.000    1500.73 0.0000e+00
   2404.000    1500.76 0.0000e+00
   2405.000    1500.76 0.0000e+00
   2406.000    1500.77 0.0000e+00
   2407.000    1500.78 0.0000e+00
   2408.000    1500.76 0.0000e+00
   2409.000    1500.74 0.0000e+00
   2410.000    1500.73 0.0000e+00
   2411.000    1500.73 0.0000e+00
   2412.000    1500.73 0.0000e+00
   2413.000    1500.73 0.0000e+00
   2414.000    1500.73 0.0000e+00
   2415.000    1500.73 0.0000e+00
   2416.000    1500.72 0.0000e+00
   2417.000    1500.74 0.0000e+00
   2418.000    1500.70 0.0000e+00
   2419.000    1500.72 0.0000e+00
   2420.000    1500.83 0.0000e+00
   2421.000    1500.88 0.0000e+00
   2422.000    1500.90 0.0000e+00
   2423.000    1500.92 0.0000e+00
   2424.000    1500.94 0.0000e+00
   2425.000    1500.95 0.0000e+00
   2426.000    1500.94 0.0000e+00
   2427.000    1500.94 0.0000e+00
   2428.000    1500.95 0.0000e+00
   2429.000    1500.95 0.0000e+00
   2430.000    1500.94 0.0000e+00
   2431.000    1500.95 0.0000e+00
   2432.000    1500.96 0.0000e+00
   2433.000    1500.97 0.0000e+00
   2434.000    1500.97 0.0000e+00
   2435.000    1500.97 0.0000e+00
   2436.000    1500.97 0.0000e+00
   2437.000    1500.97 0.0000e+00
   2438.000    1500.95 0.0000e+00
   2439.000    1500.94 0.0000e+00
   2440.000    1500.94 0.0000e+00
   2441.000    1500.91 0.0000e+00
   2442.000    1500.91 0.0000e+00
   2443.000    1500.89 0.0000e+00
   2444.000    1500.90 0.0000e+00
   2445.000    1500.90 0.0000e+00
   2446.000    1500.90 0.0000e+00
   2447.000    1500.91 0.0000e+00
   2448.000    1500.92 0.0000e+00
   2449.000    1500.92 0.0000e+00
   2450.000    1500.92 0.0000e+00
   2451.000    1500.91 0.0000e+00
   2452.000    1500.91 0.0000e+00
   2453.000    1500.90 0.0000e+00
   2454.000    1500.92 0.0000e+00
   2455.000    1500.88 0.0000e+00
   2456.000    1500.86 0.0000e+00
   2457.000    1500.81 0.0000e+00
   2458.000    1500.73 0.0000e+00
   2459.000    1500.74 0.0000e+00
   2460.000    1500.76 0.0000e+00
   2461.000    1500.73 0.0000e+00
   2462.000    1500.70 0.0000e+00
   2463.000    1500.72 0.0000e+00
   2464.000    1500.68 0.0000e+00
   2465.000    1500.66 0.0000e+00
   2466.000    1500.67 0.0000e+00
   2467.000    1500.66 0.0000e+00
   2468.000    1500.62 0.0000e+00
   2469.000    1500.64 0.0000e+00
   2470.000    1500.66 0.0000e+00
   2471.000    1500.67 0.0000e+00
   2472.000    1500.69 0.0000e+00
   2473.000    1500.68 0.0000e+00
   2474.000    1500.69 0.0000e+00
   2475.000    1500.70 0.0000e+00
   2476.000    1500.71 0.0000e+00
   2477.000    1500.70 0.0000e+00
   2478.000    1500.71 0.0000e+00
   2479.000    1500.64 0.0000e+00
   2480.000    1500.40 0.0000e+00
   2481.000    1500.27 0.0000e+00
