Cruise Data/Irminger_Sea-01_KN-221_2014-09-07/Ship Data/ctd/process/kkn22104006.cnv
* Sea-Bird SBE 9 Data File:
* FileName = C:\Data\ctd\KN22104006.hdr
* Software Version Seasave V 7.21k
* Temperature SN = 4195
* Conductivity SN = 2147
* Number of Bytes Per Scan = 40
* Number of Voltage Words = 5
* Number of Scans Averaged by the Deck Unit = 1
* NMEA Latitude = 59 57.97 N
* NMEA Longitude = 039 28.24 W
* NMEA UTC (Time) = Sep 12 2014 05:09:49
** KN221-04 Chief Scientist: Bob Weller
** OOI Irminger Sea Sept. 2014
** Station: 006
** Knudsen Depth: 2706
# nquan = 19
# nvalues = 4926                        
# units = specified
# name 0 = prDM: Pressure, Digiquartz [db]
# name 1 = t090C: Temperature [ITS-90, deg C]
# name 2 = t190C: Temperature, 2 [ITS-90, deg C]
# name 3 = c0S/m: Conductivity [S/m]
# name 4 = c1S/m: Conductivity, 2 [S/m]
# name 5 = sbeox0V: Oxygen raw, SBE 43 [V]
# name 6 = flECO-AFL: Fluorescence, WET Labs ECO-AFL/FL [mg/m^3]
# name 7 = CStarAt0: Beam Attenuation, WET Labs C-Star [1/m]
# name 8 = sbeox0ML/L: Oxygen, SBE 43 [ml/l]
# name 9 = depSM: Depth [salt water, m], lat = 59.9662
# name 10 = sal00: Salinity, Practical [PSU]
# name 11 = sal11: Salinity, Practical, 2 [PSU]
# name 12 = svDM: Sound Velocity [Delgrosso, m/s]
# name 13 = sbeox0ML/L: Oxygen, SBE 43 [ml/l], WS = 2
# name 14 = density00: Density [density, Kg/m^3]
# name 15 = density11: Density, 2 [density, Kg/m^3]
# name 16 = dz/dtM: Descent Rate [m/s], WS = 2
# name 17 = oxsatML/L: Oxygen Saturation, Weiss [ml/l]
# name 18 = flag: flag
# span 0 =     14.134,   2519.636       
# span 1 =     2.2198,     9.2483       
# span 2 =     2.2204,     9.2475       
# span 3 =   3.195604,   3.718017       
# span 4 =   3.195932,   3.718250       
# span 5 =     1.5153,     2.2089       
# span 6 =     0.0100,     1.9742       
# span 7 =     0.0833,     0.4032       
# span 8 =    4.65831,    5.08011       
# span 9 =     14.000,   2481.000       
# span 10 =    34.7531,    34.9944      
# span 11 =    34.6320,    34.9943      
# span 12 =    1470.90,    1500.97      
# span 13 =    4.65820,    5.07992      
# span 14 =  1026.9670,  1039.4008      
# span 15 =  1026.9692,  1039.4034      
# span 16 =     -2.232,      2.110      
# span 17 =    6.43334,    7.59975      
# span 18 = 0.0000e+00, 0.0000e+00      
# interval = meters: 1                  
# start_time = Sep 12 2014 05:09:49 [NMEA time, header]
# bad_flag = -9.990e-29
*END*
[from data line 3658]
   1306.362     3.6609     3.6610   3.276266   3.276504     1.6954     0.0358     0.0858    4.68010   1290.000    34.9211    34.9238    1486.27    4.67998  1033.7684  1033.7706     -1.760    7.32851 0.0000e+00
   1305.346     3.6620     3.6624   3.276344   3.276595     1.6954     0.0348     0.0858    4.67950   1289.000    34.9213    34.9239    1486.26    4.67938  1033.7639  1033.7660     -1.719    7.32829 0.0000e+00
   1304.331     3.6638     3.6660   3.276469   3.276889     1.6955     0.0348     0.0858    4.67885   1288.000    34.9215    34.9241    1486.25    4.67874  1033.7592  1033.7610     -1.455    7.32797 0.0000e+00
   1303.315     3.6694     3.6721   3.277014   3.277455     1.6956     0.0440     0.0858    4.67805   1287.000    34.9225    34.9248    1486.26    4.67794  1033.7546  1033.7561     -0.869    7.32690 0.0000e+00
   1302.299     3.6763     3.6817   3.277637   3.278382     1.6958     0.0307     0.0858    4.67724   1286.000    34.9231    34.9263    1486.27    4.67712  1033.7496  1033.7513     -0.615    7.32563 0.0000e+00
   1301.283     3.6780     3.6814   3.277752   3.278284     1.6960     0.0318     0.0857    4.67708   1285.000    34.9232    34.9258    1486.26    4.67696  1033.7449  1033.7465     -1.257    7.32531 0.0000e+00
   1300.267     3.6812     3.6844   3.278043   3.278541     1.6964     0.0267     0.0858    4.67774   1284.000    34.9238    34.9263    1486.26    4.67763  1033.7402  1033.7418     -1.400    7.32470 0.0000e+00
   1299.252     3.6866     3.6893   3.278574   3.279012     1.6963     0.0346     0.0855    4.67614   1283.000    34.9248    34.9272    1486.27    4.67603  1033.7357  1033.7373     -1.280    7.32367 0.0000e+00
   1298.236     3.6876     3.6868   3.278622   3.278811     1.6968     0.0322     0.0857    4.67718   1282.000    34.9249    34.9280    1486.26    4.67707  1033.7311  1033.7336     -0.802    7.32349 0.0000e+00
   1297.220     3.6838     3.6846   3.278169   3.278481     1.6969     0.0313     0.0857    4.67765   1281.000    34.9240    34.9269    1486.22    4.67753  1033.7262  1033.7285     -0.564    7.32421 0.0000e+00
   1296.204     3.6832     3.6830   3.278071   3.278340     1.6970     0.0476     0.0858    4.67755   1280.000    34.9240    34.9274    1486.20    4.67743  1033.7218  1033.7245     -1.187    7.32432 0.0000e+00
   1295.188     3.6813     3.6803   3.277792   3.278050     1.6968     0.0364     0.0858    4.67641   1279.000    34.9232    34.9273    1486.18    4.67630  1033.7168  1033.7201     -1.415    7.32471 0.0000e+00
   1294.173     3.6773     3.6760   3.277339   3.277499     1.6970     0.0347     0.0858    4.67697   1278.000    34.9226    34.9258    1486.14    4.67685  1033.7122  1033.7148     -1.586    7.32546 0.0000e+00
   1293.157     3.6771     3.6763   3.277256   3.277410     1.6971     0.0358     0.0858    4.67689   1277.000    34.9223    34.9249    1486.12    4.67677  1033.7074  1033.7096     -1.676    7.32552 0.0000e+00
   1292.141     3.6772     3.6767   3.277211   3.277385     1.6976     0.0442     0.0858    4.67817   1276.000    34.9222    34.9248    1486.11    4.67806  1033.7026  1033.7048     -1.593    7.32550 0.0000e+00
   1291.125     3.6773     3.6766   3.277183   3.277357     1.6976     0.0469     0.0857    4.67736   1275.000    34.9222    34.9250    1486.09    4.67724  1033.6981  1033.7003     -1.201    7.32547 0.0000e+00
   1290.109     3.6785     3.6781   3.277265   3.277450     1.6982     0.0358     0.0858    4.67883   1274.000    34.9224    34.9251    1486.08    4.67871  1033.6935  1033.6956     -0.302    7.32525 0.0000e+00
   1289.094     3.6808     3.6806   3.277405   3.277596     1.6981     0.0233     0.0858    4.67753   1273.000    34.9222    34.9247    1486.07    4.67742  1033.6884  1033.6904     -1.339    7.32485 0.0000e+00
   1288.078     3.6836     3.6823   3.277642   3.277727     1.6981     0.0420     0.0858    4.67684   1272.000    34.9226    34.9249    1486.07    4.67673  1033.6837  1033.6857     -1.461    7.32433 0.0000e+00
   1287.062     3.6829     3.6817   3.277510   3.277659     1.6984     0.0425     0.0858    4.67726   1271.000    34.9223    34.9252    1486.05    4.67714  1033.6790  1033.6814     -1.335    7.32447 0.0000e+00
   1286.047     3.6822     3.6812   3.277403   3.277534     1.6988     0.0328     0.0858    4.67826   1270.000    34.9222    34.9249    1486.03    4.67815  1033.6744  1033.6766     -1.090    7.32460 0.0000e+00
   1285.031     3.6813     3.6809   3.277265   3.277474     1.6991     0.0229     0.0858    4.67907   1269.000    34.9220    34.9250    1486.01    4.67896  1033.6697  1033.6721     -0.914    7.32476 0.0000e+00
   1284.015     3.6800     3.6800   3.277050   3.277312     1.6992     0.0275     0.0855    4.67889   1268.000    34.9214    34.9245    1485.99    4.67877  1033.6648  1033.6672     -1.065    7.32504 0.0000e+00
   1282.999     3.6802     3.6795   3.277027   3.277198     1.6993     0.0348     0.0858    4.67864   1267.000    34.9214    34.9242    1485.97    4.67852  1033.6602  1033.6625     -1.166    7.32500 0.0000e+00
   1281.984     3.6807     3.6806   3.277020   3.277244     1.6993     0.0348     0.0862    4.67814   1266.000    34.9213    34.9241    1485.95    4.67803  1033.6554  1033.6576     -0.975    7.32491 0.0000e+00
   1280.968     3.6817     3.6820   3.277077   3.277334     1.6996     0.0355     0.0857    4.67846   1265.000    34.9214    34.9242    1485.94    4.67835  1033.6508  1033.6528     -0.714    7.32472 0.0000e+00
   1279.952     3.6836     3.6831   3.277168   3.277370     1.7001     0.0348     0.0855    4.67949   1264.000    34.9210    34.9240    1485.93    4.67938  1033.6456  1033.6479     -1.016    7.32440 0.0000e+00
   1278.937     3.6835     3.6833   3.277120   3.277341     1.7003     0.0415     0.0857    4.67975   1263.000    34.9210    34.9239    1485.92    4.67963  1033.6410  1033.6433     -1.228    7.32441 0.0000e+00
   1277.921     3.6831     3.6827   3.277009   3.277241     1.7002     0.0473     0.0858    4.67888   1262.000    34.9207    34.9238    1485.90    4.67877  1033.6361  1033.6387     -1.272    7.32450 0.0000e+00
   1276.905     3.6831     3.6828   3.276965   3.277166     1.7005     0.0464     0.0879    4.67929   1261.000    34.9207    34.9234    1485.88    4.67917  1033.6316  1033.6338     -1.202    7.32451 0.0000e+00
   1275.890     3.6834     3.6832   3.276955   3.277155     1.7005     0.0339     0.0859    4.67860   1260.000    34.9207    34.9233    1485.86    4.67848  1033.6270  1033.6290     -0.989    7.32445 0.0000e+00
   1274.874     3.6839     3.6832   3.276939   3.277112     1.7008     0.0276     0.0858    4.67904   1259.000    34.9206    34.9233    1485.85    4.67893  1033.6222  1033.6244     -0.740    7.32437 0.0000e+00
   1273.858     3.6851     3.6833   3.276975   3.277076     1.7012     0.0363     0.0857    4.68010   1258.000    34.9202    34.9233    1485.84    4.67999  1033.6171  1033.6198     -0.938    7.32416 0.0000e+00
   1272.842     3.6858     3.6843   3.277001   3.277097     1.7017     0.0294     0.0857    4.68125   1257.000    34.9203    34.9231    1485.82    4.68114  1033.6124  1033.6149     -1.266    7.32404 0.0000e+00
   1271.827     3.6875     3.6866   3.277112   3.277256     1.7018     0.0242     0.0860    4.68063   1256.000    34.9203    34.9230    1485.81    4.68052  1033.6077  1033.6099     -1.362    7.32372 0.0000e+00
   1270.811     3.6893     3.6885   3.277229   3.277372     1.7023     0.0343     0.0858    4.68177   1255.000    34.9204    34.9229    1485.81    4.68166  1033.6028  1033.6050     -1.216    7.32341 0.0000e+00
   1269.795     3.6902     3.6892   3.277257   3.277416     1.7023     0.0352     0.0859    4.68103   1254.000    34.9202    34.9232    1485.79    4.68092  1033.5979  1033.6005     -0.930    7.32324 0.0000e+00
   1268.780     3.6904     3.6901   3.277242   3.277460     1.7027     0.0466     0.0858    4.68200   1253.000    34.9203    34.9233    1485.78    4.68188  1033.5934  1033.5958     -0.928    7.32320 0.0000e+00
   1267.764     3.6915     3.6905   3.277298   3.277432     1.7029     0.0345     0.0857    4.68210   1252.000    34.9204    34.9230    1485.76    4.68199  1033.5887  1033.5909     -1.046    7.32301 0.0000e+00
   1266.749     3.6924     3.6919   3.277346   3.277534     1.7031     0.0458     0.0859    4.68223   1251.000    34.9205    34.9232    1485.75    4.68212  1033.5841  1033.5863     -0.609    7.32284 0.0000e+00
   1265.733     3.6935     3.6921   3.277372   3.277510     1.7033     0.0337     0.0856    4.68208   1250.000    34.9202    34.9233    1485.74    4.68197  1033.5791  1033.5817     -0.944    7.32265 0.0000e+00
   1264.717     3.6940     3.6925   3.277379   3.277492     1.7038     0.0347     0.0858    4.68348   1249.000    34.9202    34.9231    1485.72    4.68336  1033.5745  1033.5769     -1.629    7.32256 0.0000e+00
   1263.702     3.6955     3.6947   3.277470   3.277599     1.7034     0.0358     0.0860    4.68103   1248.000    34.9202    34.9226    1485.71    4.68091  1033.5696  1033.5715     -1.863    7.32229 0.0000e+00
   1262.686     3.6956     3.6952   3.277435   3.277648     1.7041     0.0358     0.0858    4.68320   1247.000    34.9202    34.9232    1485.70    4.68309  1033.5649  1033.5674     -1.923    7.32227 0.0000e+00
   1261.670     3.6955     3.6950   3.277376   3.277569     1.7039     0.0271     0.0860    4.68186   1246.000    34.9201    34.9229    1485.68    4.68175  1033.5603  1033.5625     -1.811    7.32228 0.0000e+00
   1260.655     3.6953     3.6949   3.277319   3.277526     1.7041     0.0229     0.0877    4.68190   1245.000    34.9201    34.9230    1485.66    4.68178  1033.5558  1033.5581     -1.489    7.32232 0.0000e+00
   1259.639     3.6954     3.6946   3.277290   3.277464     1.7043     0.0361     0.0862    4.68208   1244.000    34.9203    34.9231    1485.65    4.68196  1033.5513  1033.5536     -0.593    7.32231 0.0000e+00
   1258.624     3.6956     3.6947   3.277251   3.277406     1.7047     0.0365     0.0858    4.68299   1243.000    34.9200    34.9229    1485.63    4.68288  1033.5464  1033.5487     -0.906    7.32227 0.0000e+00
   1257.608     3.6962     3.6951   3.277267   3.277399     1.7049     0.0245     0.0858    4.68288   1242.000    34.9201    34.9228    1485.62    4.68276  1033.5417  1033.5441     -1.018    7.32216 0.0000e+00
   1256.592     3.6975     3.6965   3.277320   3.277460     1.7051     0.0225     0.0858    4.68313   1241.000    34.9199    34.9226    1485.61    4.68302  1033.5369  1033.5391     -1.079    7.32194 0.0000e+00
   1255.577     3.6993     3.6982   3.277452   3.277546     1.7053     0.0226     0.0860    4.68299   1240.000    34.9200    34.9224    1485.60    4.68288  1033.5321  1033.5341     -1.414    7.32160 0.0000e+00
   1254.561     3.7006     3.6998   3.277554   3.277681     1.7053     0.0294     0.0858    4.68219   1239.000    34.9204    34.9228    1485.59    4.68208  1033.5276  1033.5295     -1.656    7.32135 0.0000e+00
   1253.546     3.7020     3.7014   3.277621   3.277793     1.7054     0.0470     0.0859    4.68176   1238.000    34.9202    34.9230    1485.57    4.68165  1033.5227  1033.5249     -1.726    7.32111 0.0000e+00
   1252.530     3.7021     3.7017   3.277592   3.277798     1.7060     0.0413     0.0858    4.68330   1237.000    34.9203    34.9231    1485.56    4.68319  1033.5182  1033.5204     -1.595    7.32109 0.0000e+00
   1251.514     3.7023     3.7020   3.277575   3.277771     1.7060     0.0354     0.0858    4.68301   1236.000    34.9204    34.9231    1485.54    4.68289  1033.5135  1033.5156     -1.149    7.32104 0.0000e+00
   1250.499     3.7027     3.7018   3.277551   3.277737     1.7066     0.0355     0.0858    4.68433   1235.000    34.9202    34.9233    1485.53    4.68422  1033.5088  1033.5112     -0.114    7.32099 0.0000e+00
   1249.483     3.7029     3.7021   3.277488   3.277683     1.7064     0.0356     0.0859    4.68318   1234.000    34.9197    34.9229    1485.51    4.68307  1033.5037  1033.5062     -1.610    7.32096 0.0000e+00
   1248.468     3.7027     3.7021   3.277408   3.277626     1.7065     0.0348     0.0858    4.68291   1233.000    34.9195    34.9227    1485.49    4.68280  1033.4989  1033.5016     -1.803    7.32102 0.0000e+00
   1247.452     3.7026     3.7020   3.277345   3.277555     1.7068     0.0357     0.0858    4.68337   1232.000    34.9194    34.9225    1485.48    4.68326  1033.4943  1033.4967     -1.836    7.32104 0.0000e+00
   1246.437     3.7026     3.7021   3.277313   3.277503     1.7068     0.0469     0.0859    4.68276   1231.000    34.9195    34.9223    1485.46    4.68265  1033.4897  1033.4919     -1.738    7.32103 0.0000e+00
   1245.421     3.7025     3.7021   3.277266   3.277450     1.7069     0.0470     0.0867    4.68244   1230.000    34.9196    34.9222    1485.44    4.68233  1033.4852  1033.4873     -1.448    7.32105 0.0000e+00
   1244.406     3.7024     3.7019   3.277217   3.277400     1.7073     0.0404     0.0861    4.68357   1229.000    34.9196    34.9224    1485.43    4.68346  1033.4806  1033.4828     -0.627    7.32106 0.0000e+00
   1243.390     3.7028     3.7020   3.277168   3.277341     1.7076     0.0355     0.0857    4.68397   1228.000    34.9191    34.9220    1485.41    4.68385  1033.4756  1033.4779     -0.972    7.32102 0.0000e+00
   1242.374     3.7031     3.7021   3.277156   3.277311     1.7077     0.0364     0.0858    4.68383   1227.000    34.9192    34.9220    1485.39    4.68372  1033.4709  1033.4734     -1.442    7.32096 0.0000e+00
   1241.359     3.7042     3.7034   3.277209   3.277348     1.7081     0.0348     0.0858    4.68458   1226.000    34.9192    34.9217    1485.38    4.68446  1033.4662  1033.4683     -1.565    7.32077 0.0000e+00
   1240.343     3.7056     3.7048   3.277297   3.277435     1.7084     0.0348     0.0858    4.68491   1225.000    34.9193    34.9217    1485.37    4.68479  1033.4614  1033.4635     -1.557    7.32051 0.0000e+00
   1239.328     3.7072     3.7071   3.277410   3.277605     1.7088     0.0348     0.0858    4.68552   1224.000    34.9194    34.9218    1485.36    4.68541  1033.4567  1033.4586     -1.438    7.32021 0.0000e+00
   1238.312     3.7083     3.7065   3.277457   3.277555     1.7089     0.0404     0.0858    4.68514   1223.000    34.9193    34.9224    1485.35    4.68503  1033.4519  1033.4546     -1.160    7.32002 0.0000e+00
   1237.297     3.7087     3.7080   3.277478   3.277633     1.7092     0.0407     0.0858    4.68557   1222.000    34.9196    34.9222    1485.33    4.68545  1033.4475  1033.4496     -0.727    7.31992 0.0000e+00
   1236.281     3.7102     3.7094   3.277561   3.277720     1.7091     0.0237     0.0857    4.68475   1221.000    34.9196    34.9223    1485.32    4.68464  1033.4426  1033.4449     -0.737    7.31966 0.0000e+00
   1235.266     3.7105     3.7095   3.277531   3.277691     1.7098     0.0277     0.0857    4.68674   1220.000    34.9194    34.9223    1485.31    4.68663  1033.4379  1033.4403     -0.772    7.31962 0.0000e+00
   1234.250     3.7118     3.7097   3.277588   3.277652     1.7100     0.0423     0.0861    4.68681   1219.000    34.9192    34.9222    1485.30    4.68669  1033.4330  1033.4355     -0.885    7.31939 0.0000e+00
   1233.235     3.7136     3.7124   3.277723   3.277830     1.7101     0.0472     0.0855    4.68628   1218.000    34.9194    34.9219    1485.29    4.68617  1033.4282  1033.4304     -1.276    7.31905 0.0000e+00
   1232.219     3.7146     3.7140   3.277763   3.277951     1.7101     0.0463     0.0858    4.68552   1217.000    34.9194    34.9222    1485.28    4.68540  1033.4235  1033.4258     -1.510    7.31888 0.0000e+00
   1231.204     3.7150     3.7145   3.277757   3.277949     1.7101     0.0355     0.0858    4.68483   1216.000    34.9194    34.9222    1485.26    4.68472  1033.4188  1033.4210     -1.589    7.31880 0.0000e+00
