Cruise Data/Irminger_Sea-01_KN-221_2014-09-07/Ship Data/ctd/process/kkn22104001.ros
* Sea-Bird SBE 9 Data File:
* FileName = C:\Data\ctd\KN22104001.hdr
* Software Version Seasave V 7.21k
* Temperature SN = 4195
* Conductivity SN = 2147
* Number of Bytes Per Scan = 40
* Number of Voltage Words = 5
* Number of Scans Averaged by the Deck Unit = 1
* NMEA Latitude = 62 06.42 N
* NMEA Longitude = 031 22.90 W
* NMEA UTC (Time) = Sep 08 2014 11:39:06
** KN221-03 Chief Scientist: Bob Pickart
** OSNAP August 2014
** Station: 001
** Knudsen Depth: 2401
# nquan = 12
# nvalues = 588                                   
# units = specified
# name 0 = prDM: Pressure, Digiquartz [db]
# name 1 = t090C: Temperature [ITS-90, deg C]
# name 2 = t190C: Temperature, 2 [ITS-90, deg C]
# name 3 = c0S/m: Conductivity [S/m]
# name 4 = c1S/m: Conductivity, 2 [S/m]
# name 5 = sbeox0V: Oxygen raw, SBE 43 [V]
# name 6 = flECO-AFL: Fluorescence, WET Labs ECO-AFL/FL [mg/m^3]
# name 7 = CStarAt0: Beam Attenuation, WET Labs C-Star [1/m]
# name 8 = sbeox0ML/L: Oxygen, SBE 43 [ml/l]
# name 9 = scan: Scan Count
# name 10 = nbf: Bottles Fired
# name 11 = flag:  0.000e+00
# interval = seconds: 0.0416667
# start_time = Sep 08 2014 11:39:06 [NMEA time, header]
# bad_flag = -9.990e-29
*END*
[from data line 361]
   1509.560     3.6543     3.6539   3.286334   3.286557     2.7628     0.0348     0.0869    9.78714      43067          8  0.000e+00
   1509.576     3.6545     3.6542   3.286364   3.286589     1.7782     0.0348     0.0869    5.54126      43068          8  0.000e+00
   1509.495     3.6545     3.6544   3.286364   3.286557     1.4360     0.0348     0.0869    4.06556      43069          8  0.000e+00
   1509.576     3.6545     3.6541   3.286334   3.286589     2.7751     0.0348     0.0869    9.84041      43070          8  0.000e+00
   1509.560     3.6545     3.6544   3.286340   3.286557     1.5101     0.0348     0.0880    4.38524      43071          8  0.000e+00
   1509.560     3.6542     3.6547   3.286352   3.286532     1.7485     0.0226     0.0890    5.41344      43072          8  0.000e+00
   1509.576     3.6546     3.6547   3.286370   3.286589     2.6442     0.0226     0.0880    9.27566      43073          8  0.000e+00
   1509.560     3.6545     3.6545   3.286382   3.286557     1.2779     0.0226     0.0869    3.38371      43074          8  0.000e+00
   1509.560     3.6546     3.6546   3.286340   3.286589     2.0969     0.0226     0.0869    6.91569      43075          8  0.000e+00
   1509.576     3.6546     3.6544   3.286340   3.286557     2.4292     0.0226     0.0869    8.34874      43076          8  0.000e+00
   1509.560     3.6544     3.6544   3.286370   3.286589     1.1284     0.0226     0.0869    2.73912      43077          8  0.000e+00
   1509.576     3.6545     3.6542   3.286340   3.286532     2.4391     0.0226     0.0869    8.39139      43078          8  0.000e+00
   1509.560     3.6543     3.6544   3.286340   3.286621     2.1673     0.0226     0.0869    7.21940      43079          8  0.000e+00
   1509.560     3.6546     3.6541   3.286352   3.286621     1.1482     0.0226     0.0869    2.82435      43080          8  0.000e+00
   1509.512     3.6546     3.6542   3.286370   3.286589     2.7072     0.0226     0.0869    9.54728      43081          8  0.000e+00
   1509.560     3.6545     3.6541   3.286364   3.286557     1.8857     0.0226     0.0869    6.00474      43082          8  0.000e+00
   1509.391     3.6547     3.6539   3.286334   3.286525     1.3335     0.0226     0.0869    3.62337      43083          8  0.000e+00
   1509.681     3.6548     3.6542   3.286364   3.286532     2.7887     0.0226     0.0869    9.89909      43084          8  0.000e+00
   1509.560     3.6548     3.6542   3.286382   3.286621     1.6114     0.0226     0.0869    4.82206      43085          8  0.000e+00
   1509.447     3.6551     3.6544   3.286400   3.286621     1.6225     0.0226     0.0869    4.86990      43086          8  0.000e+00
   1509.560     3.6551     3.6545   3.286370   3.286621     2.7060     0.0226     0.0869    9.54194      43087          8  0.000e+00
   1509.496     3.6553     3.6543   3.286394   3.286589     1.3594     0.0226     0.0869    3.73524      43088          8  0.000e+00
   1509.512     3.6550     3.6544   3.286394   3.286589     1.9623     0.0226     0.0869    6.33493      43089          8  0.000e+00
   1509.439     3.6554     3.6544   3.286364   3.286621     2.5157     0.0226     0.0869    8.72137      43090          8  0.000e+00
   1509.512     3.6553     3.6542   3.286370   3.286589     1.1692     0.0226     0.0869    2.91488      43091          8  0.000e+00
   1509.439     3.6553     3.6545   3.286382   3.286615     2.3193     0.0226     0.0869    7.87437      43092          8  0.000e+00
   1509.439     3.6553     3.6547   3.286400   3.286621     2.2625     0.0226     0.0869    7.62932      43093          8  0.000e+00
   1509.447     3.6551     3.6547   3.286394   3.286589     1.1210     0.0226     0.0869    2.70711      43094          8  0.000e+00
   1509.439     3.6550     3.6546   3.286382   3.286621     2.6306     0.0348     0.0869    9.21685      43095          8  0.000e+00
   1509.439     3.6553     3.6545   3.286400   3.286621     1.9845     0.0470     0.0869    6.43073      43096          8  0.000e+00
   1509.391     3.6549     3.6545   3.286394   3.286621     1.2544     0.0470     0.0869    3.28242      43097          8  0.000e+00
   1509.313     3.6546     3.6539   3.286364   3.286589     2.3317     0.0226     0.0869    7.92782      43213          9  0.000e+00
   1509.313     3.6542     3.6539   3.286370   3.286532     2.2526     0.0226     0.0869    7.58695      43214          9  0.000e+00
   1509.329     3.6545     3.6541   3.286340   3.286557     1.1223     0.0226     0.0869    2.71263      43215          9  0.000e+00
   1509.313     3.6543     3.6540   3.286364   3.286532     2.6393     0.0226     0.0869    9.25432      43216          9  0.000e+00
   1509.394     3.6543     3.6539   3.286382   3.286589     1.9747     0.0470     0.0869    6.38840      43217          9  0.000e+00
   1509.378     3.6545     3.6537   3.286364   3.286557     1.2643     0.0470     0.0869    3.32527      43218          9  0.000e+00
   1509.378     3.6545     3.6539   3.286352   3.286557     2.7851     0.0470     0.0869    9.88299      43219          9  0.000e+00
   1509.394     3.6546     3.6541   3.286352   3.286589     1.6942     0.0470     0.0869    5.17911      43220          9  0.000e+00
   1509.442     3.6547     3.6539   3.286394   3.286557     1.5275     0.0470     0.0869    4.45996      43221          9  0.000e+00
   1509.394     3.6549     3.6539   3.286370   3.286557     2.7443     0.0470     0.0869    9.70711      43222          9  0.000e+00
   1509.442     3.6548     3.6540   3.286370   3.286557     1.4323     0.0470     0.0869    4.04977      43223          9  0.000e+00
   1509.443     3.6545     3.6539   3.286382   3.286532     1.8585     0.0470     0.0869    5.88767      43224          9  0.000e+00
   1509.451     3.6548     3.6539   3.286382   3.286589     2.5812     0.0470     0.0869    9.00402      43225          9  0.000e+00
   1509.443     3.6546     3.6539   3.286364   3.286557     1.2162     0.0470     0.0869    3.11753      43226          9  0.000e+00
   1509.499     3.6547     3.6539   3.286370   3.286557     2.2156     0.0470     0.0869    7.42726      43227          9  0.000e+00
   1509.515     3.6546     3.6541   3.286364   3.286532     2.3428     0.0470     0.0869    7.97599      43228          9  0.000e+00
   1509.443     3.6545     3.6541   3.286370   3.286532     1.1149     0.0470     0.0869    2.68072      43229          9  0.000e+00
   1509.515     3.6545     3.6539   3.286364   3.286557     2.5504     0.0470     0.0869    8.87100      43230          9  0.000e+00
   1509.564     3.6545     3.6542   3.286352   3.286557     2.0686     0.0470     0.0869    6.79343      43231          9  0.000e+00
   1509.499     3.6548     3.6542   3.286370   3.286589     1.2001     0.0470     0.0869    3.04830      43232          9  0.000e+00
   1509.515     3.6547     3.6539   3.286382   3.286557     2.7604     0.0470     0.0869    9.77658      43233          9  0.000e+00
   1509.564     3.6548     3.6541   3.286364   3.286557     1.7869     0.0470     0.0869    5.57877      43234          9  0.000e+00
   1509.564     3.6548     3.6541   3.286352   3.286589     1.4274     0.0470     0.0869    4.02855      43235          9  0.000e+00
   1509.580     3.6548     3.6540   3.286334   3.286557     2.7752     0.0470     0.0869    9.84062      43236          9  0.000e+00
   1509.564     3.6546     3.6539   3.286340   3.286557     1.5188     0.0470     0.0869    4.42279      43237          9  0.000e+00
   1509.580     3.6546     3.6539   3.286352   3.286532     1.7400     0.0470     0.0880    5.37638      43238          9  0.000e+00
   1509.620     3.6548     3.6541   3.286394   3.286526     2.6467     0.0470     0.0890    9.28658      43239          9  0.000e+00
   1509.564     3.6546     3.6541   3.286370   3.286557     1.2829     0.0470     0.0880    3.40528      43240          9  0.000e+00
   1509.636     3.6546     3.6542   3.286370   3.286557     2.0957     0.0348     0.0880    6.91068      43241          9  0.000e+00
   1509.564     3.6548     3.6541   3.286382   3.286589     2.4293     0.0226     0.0880    8.34894      43242          9  0.000e+00
   1509.620     3.6545     3.6542   3.286401   3.286557     1.1297     0.0226     0.0869    2.74472      43243          9  0.000e+00
   1509.636     3.6545     3.6537   3.286394   3.286589     2.4454     0.0226     0.0869    8.41833      43244          9  0.000e+00
   1509.620     3.6545     3.6542   3.286382   3.286557     2.1625     0.0226     0.0869    7.19836      43245          9  0.000e+00
   1509.636     3.6545     3.6541   3.286382   3.286589     1.1544     0.0226     0.0869    2.85128      43246          9  0.000e+00
   1509.620     3.6545     3.6541   3.286382   3.286532     2.7134     0.0226     0.0869    9.57435      43247          9  0.000e+00
   1509.620     3.6545     3.6542   3.286382   3.286557     1.8771     0.0226     0.0869    5.96776      43248          9  0.000e+00
   1509.636     3.6548     3.6541   3.286364   3.286589     1.3446     0.0226     0.0880    3.67168      43249          9  0.000e+00
   1509.685     3.6546     3.6542   3.286352   3.286532     2.7888     0.0226     0.0890    9.89940      43250          9  0.000e+00
   1509.620     3.6545     3.6539   3.286370   3.286589     1.6016     0.0226     0.0890    4.77977      43251          9  0.000e+00
   1509.636     3.6548     3.6542   3.286382   3.286621     1.6362     0.0226     0.0880    4.92892      43252          9  0.000e+00
   1509.620     3.6546     3.6539   3.286401   3.286557     2.6998     0.0226     0.0880    9.51571      43253          9  0.000e+00
   1509.701     3.6548     3.6544   3.286370   3.286621     1.3496     0.0226     0.0869    3.69302      43254          9  0.000e+00
   1509.620     3.6546     3.6541   3.286370   3.286557     1.9809     0.0226     0.0869    6.41525      43255          9  0.000e+00
   1509.620     3.6548     3.6544   3.286382   3.286557     2.5034     0.0226     0.0869    8.66866      43256          9  0.000e+00
   1509.701     3.6548     3.6540   3.286382   3.286589     1.1643     0.0226     0.0869    2.89392      43257          9  0.000e+00
   1509.620     3.6548     3.6542   3.286382   3.286557     2.3404     0.0226     0.0869    7.96546      43258          9  0.000e+00
   1509.685     3.6549     3.6542   3.286364   3.286621     2.2477     0.0226     0.0869    7.56597      43259          9  0.000e+00
   1509.637     3.6549     3.6542   3.286370   3.286557     1.1247     0.0226     0.0869    2.72342      43260          9  0.000e+00
   1509.620     3.6549     3.6544   3.286364   3.286589     2.6467     0.0226     0.0869    9.28661      43261          9  0.000e+00
   1509.212     3.6554     3.6550   3.286412   3.286621     1.1162     0.0226     0.0869    2.68618      43426         10  0.000e+00
   1509.261     3.6551     3.6552   3.286412   3.286621     2.5084     0.0226     0.0869    8.68970      43427         10  0.000e+00
   1509.277     3.6554     3.6549   3.286394   3.286621     2.1082     0.0226     0.0869    6.96375      43428         10  0.000e+00
   1509.196     3.6553     3.6550   3.286382   3.286621     1.1779     0.0226     0.0869    2.95255      43429         10  0.000e+00
   1509.196     3.6553     3.6550   3.286382   3.286621     2.7431     0.0226     0.0869    9.70173      43430         10  0.000e+00
   1509.277     3.6553     3.6550   3.286400   3.286589     1.8290     0.0226     0.0869    5.75988      43431         10  0.000e+00
   1509.261     3.6553     3.6549   3.286412   3.286646     1.3855     0.0226     0.0869    3.84749      43432         10  0.000e+00
   1509.196     3.6553     3.6549   3.286394   3.286653     2.7851     0.0226     0.0869    9.88284      43433         10  0.000e+00
   1509.148     3.6553     3.6550   3.286382   3.286621     1.5597     0.0226     0.0869    4.59853      43434         10  0.000e+00
   1509.196     3.6554     3.6550   3.286382   3.286621     1.6844     0.0226     0.0869    5.13657      43435         10  0.000e+00
   1509.212     3.6552     3.6549   3.286382   3.286653     2.6801     0.0226     0.0869    9.43011      43436         10  0.000e+00
   1509.196     3.6551     3.6549   3.286364   3.286653     1.3200     0.0226     0.0869    3.56517      43437         10  0.000e+00
   1509.196     3.6553     3.6550   3.286394   3.286621     2.0254     0.0226     0.0869    6.60681      43438         10  0.000e+00
   1509.148     3.6553     3.6549   3.286412   3.286621     2.4763     0.0226     0.0880    8.55106      43439         10  0.000e+00
   1509.196     3.6551     3.6550   3.286394   3.286621     1.1483     0.0226     0.0869    2.82472      43440         10  0.000e+00
   1509.148     3.6553     3.6552   3.286400   3.286589     2.3762     0.0226     0.0869    8.11959      43441         10  0.000e+00
   1509.140     3.6552     3.6549   3.286412   3.286621     2.2218     0.0226     0.0869    7.45374      43442         10  0.000e+00
   1509.196     3.6554     3.6550   3.286412   3.286653     1.1285     0.0226     0.0869    2.73947      43443         10  0.000e+00
   1509.148     3.6553     3.6550   3.286394   3.286621     2.6665     0.0226     0.0869    9.37141      43444         10  0.000e+00
   1509.140     3.6551     3.6547   3.286382   3.286621     1.9451     0.0226     0.0869    6.26054      43445         10  0.000e+00
   1509.140     3.6554     3.6549   3.286400   3.286653     1.2842     0.0226     0.0869    3.41064      43446         10  0.000e+00
   1509.092     3.6551     3.6550   3.286412   3.286621     2.7901     0.0226     0.0869    9.90404      43447         10  0.000e+00
   1509.140     3.6550     3.6545   3.286412   3.286589     1.6721     0.0226     0.0869    5.08330      43448         10  0.000e+00
   1509.148     3.6551     3.6550   3.286431   3.286621     1.5461     0.0226     0.0869    4.53995      43449         10  0.000e+00
   1509.140     3.6554     3.6547   3.286443   3.286615     2.7407     0.0348     0.0869    9.69095      43450         10  0.000e+00
   1509.140     3.6554     3.6548   3.286425   3.286589     1.4188     0.0226     0.0858    3.99126      43451         10  0.000e+00
   1509.092     3.6553     3.6550   3.286412   3.286621     1.8697     0.0226     0.0858    5.93554      43452         10  0.000e+00
   1509.076     3.6553     3.6550   3.286394   3.286653     2.5776     0.0226     0.0869    8.98780      43453         10  0.000e+00
   1509.148     3.6553     3.6549   3.286400   3.286621     1.2113     0.0226     0.0869    3.09637      43454         10  0.000e+00
   1509.076     3.6554     3.6550   3.286412   3.286621     2.2193     0.0226     0.0869    7.44299      43455         10  0.000e+00
   1509.076     3.6553     3.6549   3.286394   3.286653     2.3404     0.0226     0.0869    7.96505      43456         10  0.000e+00
   1509.092     3.6553     3.6550   3.286382   3.286621     1.1125     0.0226     0.0869    2.67021      43457         10  0.000e+00
   1509.076     3.6553     3.6548   3.286425   3.286653     2.5480     0.0226     0.0869    8.85993      43458         10  0.000e+00
   1509.092     3.6554     3.6549   3.286400   3.286653     2.0711     0.0226     0.0869    6.80380      43459         10  0.000e+00
   1509.076     3.6553     3.6549   3.286382   3.286557     1.1952     0.0226     0.0869    3.02710      43460         10  0.000e+00
   1509.140     3.6553     3.6549   3.286382   3.286621     2.7580     0.0226     0.0869    9.76562      43461         10  0.000e+00
   1509.028     3.6553     3.6547   3.286400   3.286621     1.7931     0.0226     0.0869    5.60525      43462         10  0.000e+00
   1509.076     3.6551     3.6549   3.286412   3.286621     1.4188     0.0226     0.0869    3.99127      43463         10  0.000e+00
   1509.076     3.6553     3.6550   3.286412   3.286621     2.7790     0.0226     0.0869    9.85607      43464         10  0.000e+00
   1509.092     3.6551     3.6549   3.286394   3.286621     1.5275     0.0226     0.0869    4.46005      43465         10  0.000e+00
