Cruise Data/Irminger_Sea-01_KN-221_2014-09-07/Ship Data/ctd/process/kkn22104003.cnv
* Sea-Bird SBE 9 Data File:
* FileName = C:\Data\ctd\KN22104003.hdr
* Software Version Seasave V 7.21k
* Temperature SN = 4195
* Conductivity SN = 2147
* Number of Bytes Per Scan = 40
* Number of Voltage Words = 5
* Number of Scans Averaged by the Deck Unit = 1
* NMEA Latitude = 61 53.17 N
* NMEA Longitude = 032 18.33 W
* NMEA UTC (Time) = Sep 08 2014 18:04:26
** KN221-04 Chief Scientist: Bob Weller
** OOI Irminger Sea Sept. 2014
** Station: 003
** Knudsen Depth: 2698
# nquan = 19
# nvalues = 4950                        
# units = specified
# name 0 = prDM: Pressure, Digiquartz [db]
# name 1 = t090C: Temperature [ITS-90, deg C]
# name 2 = t190C: Temperature, 2 [ITS-90, deg C]
# name 3 = c0S/m: Conductivity [S/m]
# name 4 = c1S/m: Conductivity, 2 [S/m]
# name 5 = sbeox0V: Oxygen raw, SBE 43 [V]
# name 6 = flECO-AFL: Fluorescence, WET Labs ECO-AFL/FL [mg/m^3]
# name 7 = CStarAt0: Beam Attenuation, WET Labs C-Star [1/m]
# name 8 = sbeox0ML/L: Oxygen, SBE 43 [ml/l]
# name 9 = depSM: Depth [salt water, m], lat = 61.8862
# name 10 = sal00: Salinity, Practical [PSU]
# name 11 = sal11: Salinity, Practical, 2 [PSU]
# name 12 = svDM: Sound Velocity [Delgrosso, m/s]
# name 13 = sbeox0ML/L: Oxygen, SBE 43 [ml/l], WS = 2
# name 14 = density00: Density [density, Kg/m^3]
# name 15 = density11: Density, 2 [density, Kg/m^3]
# name 16 = dz/dtM: Descent Rate [m/s], WS = 2
# name 17 = oxsatML/L: Oxygen Saturation, Weiss [ml/l]
# name 18 = flag: flag
# span 0 =      3.029,   2522.061       
# span 1 =     3.0113,    10.7366       
# span 2 =     3.0106,    10.7352       
# span 3 =   3.267329,   3.862575       
# span 4 =   3.267538,   3.862983       
# span 5 =     1.5011,     2.2348       
# span 6 =     0.0097,     1.4851       
# span 7 =     0.0803,     0.3855       
# span 8 =    4.63587,    5.06724       
# span 9 =      3.000,   2483.000       
# span 10 =    34.8189,    35.0720      
# span 11 =    34.7629,    35.0755      
# span 12 =    1476.07,    1503.78      
# span 13 =    4.63575,    5.06711      
# span 14 =  1026.6960,  1039.3224      
# span 15 =  1026.6979,  1039.3250      
# span 16 =     -1.733,      1.879      
# span 17 =    6.22448,    7.44755      
# span 18 = 0.0000e+00, 0.0000e+00      
# interval = meters: 1                  
# start_time = Sep 08 2014 18:04:26 [NMEA time, header]
# bad_flag = -9.990e-29
*END*
[from data line 1829]
   1857.934     3.4924     3.4917   3.285397   3.285584     1.6032     0.0225     0.0825    4.66287   1832.000    34.9360    34.9389    1494.71    4.66276  1036.2924  1036.2947      1.012    7.35845 0.0000e+00
   1858.953     3.4917     3.4920   3.285386   3.285639     1.6030     0.0445     0.0825    4.66274   1833.000    34.9360    34.9387    1494.73    4.66263  1036.2970  1036.2991      1.120    7.35857 0.0000e+00
   1859.972     3.4922     3.4919   3.285463   3.285673     1.6029     0.0470     0.0825    4.66287   1834.000    34.9359    34.9387    1494.75    4.66276  1036.3015  1036.3037      1.126    7.35848 0.0000e+00
   1860.990     3.4901     3.4902   3.285315   3.285581     1.6029     0.0470     0.0825    4.66347   1835.000    34.9358    34.9389    1494.76    4.66336  1036.3063  1036.3087      1.073    7.35886 0.0000e+00
   1862.009     3.4891     3.4885   3.285245   3.285435     1.6027     0.0324     0.0825    4.66351   1836.000    34.9356    34.9385    1494.77    4.66340  1036.3108  1036.3131      0.974    7.35906 0.0000e+00
   1863.027     3.4892     3.4887   3.285290   3.285482     1.6026     0.0335     0.0825    4.66365   1837.000    34.9356    34.9384    1494.79    4.66354  1036.3153  1036.3176      0.869    7.35905 0.0000e+00
   1864.046     3.4891     3.4884   3.285313   3.285498     1.6026     0.0353     0.0825    4.66412   1838.000    34.9355    34.9383    1494.80    4.66402  1036.3198  1036.3221      0.900    7.35908 0.0000e+00
   1865.065     3.4893     3.4884   3.285383   3.285551     1.6025     0.0354     0.0825    4.66436   1839.000    34.9355    34.9385    1494.82    4.66425  1036.3245  1036.3269      1.093    7.35903 0.0000e+00
   1866.083     3.4906     3.4902   3.285592   3.285754     1.6022     0.0354     0.0823    4.66347   1840.000    34.9362    34.9386    1494.84    4.66336  1036.3293  1036.3313      1.249    7.35876 0.0000e+00
   1867.102     3.4924     3.4920   3.285834   3.286010     1.6022     0.0348     0.0823    4.66412   1841.000    34.9366    34.9392    1494.87    4.66401  1036.3340  1036.3361      1.270    7.35840 0.0000e+00
   1868.121     3.4939     3.4934   3.286030   3.286227     1.6018     0.0441     0.0825    4.66269   1842.000    34.9369    34.9398    1494.89    4.66258  1036.3385  1036.3408      1.139    7.35812 0.0000e+00
   1869.139     3.4950     3.4945   3.286185   3.286378     1.6018     0.0499     0.0825    4.66329   1843.000    34.9371    34.9399    1494.91    4.66318  1036.3431  1036.3455      0.871    7.35792 0.0000e+00
   1870.158     3.4950     3.4946   3.286229   3.286424     1.6015     0.0428     0.0825    4.66263   1844.000    34.9371    34.9399    1494.93    4.66252  1036.3477  1036.3500      0.718    7.35790 0.0000e+00
   1871.177     3.4965     3.4960   3.286461   3.286637     1.6011     0.0472     0.0825    4.66117   1845.000    34.9378    34.9404    1494.95    4.66106  1036.3525  1036.3547      0.907    7.35760 0.0000e+00
   1872.195     3.4962     3.4957   3.286489   3.286689     1.6012     0.0244     0.0825    4.66229   1846.000    34.9379    34.9409    1494.97    4.66218  1036.3573  1036.3597      1.025    7.35765 0.0000e+00
   1873.214     3.4952     3.4947   3.286454   3.286639     1.6008     0.0362     0.0825    4.66126   1847.000    34.9381    34.9408    1494.98    4.66115  1036.3622  1036.3644      1.058    7.35782 0.0000e+00
   1874.233     3.4957     3.4953   3.286546   3.286736     1.6002     0.0354     0.0825    4.65959   1848.000    34.9381    34.9409    1495.00    4.65948  1036.3667  1036.3689      1.122    7.35772 0.0000e+00
   1875.251     3.4962     3.4957   3.286634   3.286821     1.6002     0.0348     0.0826    4.65998   1849.000    34.9382    34.9409    1495.02    4.65987  1036.3712  1036.3734      1.208    7.35764 0.0000e+00
   1876.270     3.4963     3.4957   3.286690   3.286886     1.6001     0.0348     0.0826    4.66006   1850.000    34.9383    34.9412    1495.04    4.65995  1036.3759  1036.3783      1.235    7.35762 0.0000e+00
   1877.289     3.4963     3.4955   3.286726   3.286904     1.6000     0.0366     0.0830    4.66046   1851.000    34.9382    34.9411    1495.06    4.66036  1036.3804  1036.3828      1.159    7.35762 0.0000e+00
   1878.307     3.4961     3.4955   3.286760   3.286932     1.6001     0.0362     0.0826    4.66138   1852.000    34.9383    34.9410    1495.07    4.66127  1036.3851  1036.3873      1.010    7.35765 0.0000e+00
   1879.326     3.4960     3.4955   3.286781   3.286977     1.5997     0.0303     0.0825    4.66049   1853.000    34.9382    34.9410    1495.09    4.66038  1036.3895  1036.3918      0.910    7.35768 0.0000e+00
   1880.345     3.4958     3.4954   3.286800   3.286996     1.5995     0.0300     0.0825    4.66014   1854.000    34.9381    34.9409    1495.10    4.66003  1036.3942  1036.3964      0.901    7.35771 0.0000e+00
   1881.364     3.4958     3.4952   3.286837   3.287033     1.5991     0.0436     0.0825    4.65920   1855.000    34.9381    34.9410    1495.12    4.65909  1036.3986  1036.4010      0.824    7.35772 0.0000e+00
   1882.382     3.4953     3.4948   3.286836   3.287025     1.5992     0.0249     0.0825    4.66025   1856.000    34.9382    34.9409    1495.14    4.66014  1036.4033  1036.4055      0.781    7.35781 0.0000e+00
   1883.401     3.4931     3.4924   3.286675   3.286878     1.5990     0.0250     0.0825    4.66022   1857.000    34.9380    34.9412    1495.14    4.66011  1036.4081  1036.4106      1.060    7.35821 0.0000e+00
   1884.420     3.4893     3.4888   3.286368   3.286572     1.5989     0.0354     0.0826    4.66097   1858.000    34.9379    34.9409    1495.15    4.66086  1036.4131  1036.4155      1.315    7.35891 0.0000e+00
   1885.438     3.4879     3.4874   3.286278   3.286473     1.5990     0.0355     0.0825    4.66210   1859.000    34.9379    34.9407    1495.16    4.66200  1036.4178  1036.4202      1.410    7.35918 0.0000e+00
   1886.457     3.4875     3.4869   3.286275   3.286477     1.5988     0.0348     0.0825    4.66216   1860.000    34.9377    34.9408    1495.17    4.66205  1036.4224  1036.4249      1.344    7.35925 0.0000e+00
   1887.476     3.4854     3.4848   3.286117   3.286320     1.5984     0.0359     0.0825    4.66112   1861.000    34.9376    34.9406    1495.18    4.66101  1036.4271  1036.4296      1.109    7.35965 0.0000e+00
   1888.495     3.4836     3.4830   3.285966   3.286166     1.5979     0.0299     0.0825    4.65994   1862.000    34.9372    34.9402    1495.19    4.65983  1036.4318  1036.4341      0.754    7.35999 0.0000e+00
   1889.513     3.4792     3.4789   3.285582   3.285803     1.5976     0.0411     0.0825    4.65994   1863.000    34.9367    34.9398    1495.19    4.65983  1036.4365  1036.4390      0.757    7.36081 0.0000e+00
   1890.532     3.4780     3.4772   3.285501   3.285703     1.5977     0.0226     0.0825    4.66114   1864.000    34.9366    34.9398    1495.20    4.66103  1036.4412  1036.4437      1.033    7.36104 0.0000e+00
   1891.551     3.4744     3.4737   3.285203   3.285399     1.5971     0.0344     0.0825    4.65972   1865.000    34.9364    34.9394    1495.20    4.65961  1036.4462  1036.4486      1.157    7.36171 0.0000e+00
   1892.570     3.4724     3.4718   3.285038   3.285240     1.5972     0.0354     0.0825    4.66081   1866.000    34.9361    34.9391    1495.21    4.66070  1036.4507  1036.4531      1.208    7.36210 0.0000e+00
   1893.588     3.4707     3.4700   3.284921   3.285101     1.5971     0.0427     0.0825    4.66126   1867.000    34.9360    34.9389    1495.22    4.66115  1036.4554  1036.4578      1.230    7.36241 0.0000e+00
   1894.607     3.4691     3.4686   3.284808   3.284996     1.5967     0.0391     0.0824    4.66042   1868.000    34.9358    34.9386    1495.23    4.66032  1036.4601  1036.4624      1.194    7.36270 0.0000e+00
   1895.626     3.4689     3.4683   3.284824   3.284998     1.5965     0.0229     0.0824    4.66033   1869.000    34.9358    34.9385    1495.24    4.66023  1036.4647  1036.4669      1.030    7.36275 0.0000e+00
   1896.645     3.4690     3.4685   3.284872   3.285060     1.5965     0.0299     0.0823    4.66096   1870.000    34.9357    34.9385    1495.26    4.66086  1036.4692  1036.4714      0.676    7.36274 0.0000e+00
   1897.664     3.4690     3.4685   3.284907   3.285096     1.5965     0.0357     0.0820    4.66148   1871.000    34.9357    34.9384    1495.28    4.66137  1036.4738  1036.4760      0.716    7.36274 0.0000e+00
   1898.682     3.4701     3.4694   3.285091   3.285254     1.5965     0.0368     0.0822    4.66215   1872.000    34.9362    34.9388    1495.30    4.66204  1036.4785  1036.4807      1.264    7.36251 0.0000e+00
   1899.701     3.4725     3.4716   3.285396   3.285542     1.5964     0.0355     0.0825    4.66177   1873.000    34.9367    34.9395    1495.33    4.66166  1036.4832  1036.4855      1.495    7.36204 0.0000e+00
   1900.720     3.4707     3.4700   3.285262   3.285445     1.5966     0.0348     0.0825    4.66335   1874.000    34.9366    34.9395    1495.34    4.66325  1036.4879  1036.4902      1.536    7.36238 0.0000e+00
   1901.739     3.4694     3.4689   3.285169   3.285365     1.5966     0.0348     0.0825    4.66414   1875.000    34.9363    34.9392    1495.35    4.66403  1036.4924  1036.4948      1.417    7.36262 0.0000e+00
   1902.758     3.4702     3.4697   3.285290   3.285462     1.5964     0.0354     0.0825    4.66394   1876.000    34.9365    34.9390    1495.37    4.66383  1036.4971  1036.4991      1.128    7.36248 0.0000e+00
   1903.776     3.4722     3.4716   3.285540   3.285726     1.5962     0.0299     0.0824    4.66354   1877.000    34.9369    34.9396    1495.39    4.66344  1036.5016  1036.5038      0.660    7.36210 0.0000e+00
   1904.795     3.4720     3.4714   3.285582   3.285767     1.5959     0.0336     0.0824    4.66276   1878.000    34.9370    34.9398    1495.41    4.66265  1036.5063  1036.5085      0.743    7.36212 0.0000e+00
   1905.814     3.4714     3.4708   3.285570   3.285774     1.5956     0.0349     0.0824    4.66219   1879.000    34.9371    34.9401    1495.42    4.66208  1036.5110  1036.5134      1.119    7.36223 0.0000e+00
   1906.833     3.4725     3.4720   3.285758   3.285944     1.5954     0.0355     0.0824    4.66167   1880.000    34.9377    34.9403    1495.45    4.66156  1036.5159  1036.5181      1.254    7.36200 0.0000e+00
   1907.852     3.4734     3.4728   3.285908   3.286085     1.5953     0.0354     0.0825    4.66198   1881.000    34.9380    34.9406    1495.47    4.66188  1036.5205  1036.5227      1.270    7.36182 0.0000e+00
   1908.871     3.4744     3.4745   3.286057   3.286312     1.5953     0.0285     0.0825    4.66246   1882.000    34.9381    34.9411    1495.49    4.66236  1036.5251  1036.5273      1.204    7.36162 0.0000e+00
   1909.889     3.4755     3.4749   3.286204   3.286417     1.5951     0.0230     0.0825    4.66203   1883.000    34.9383    34.9414    1495.51    4.66192  1036.5297  1036.5321      1.064    7.36142 0.0000e+00
   1910.908     3.4755     3.4749   3.286255   3.286449     1.5950     0.0339     0.0825    4.66221   1884.000    34.9384    34.9413    1495.53    4.66210  1036.5343  1036.5366      0.912    7.36141 0.0000e+00
   1911.927     3.4754     3.4749   3.286299   3.286488     1.5948     0.0471     0.0825    4.66211   1885.000    34.9385    34.9413    1495.55    4.66201  1036.5389  1036.5411      0.865    7.36142 0.0000e+00
   1912.946     3.4753     3.4748   3.286335   3.286531     1.5943     0.0384     0.0825    4.66054   1886.000    34.9385    34.9414    1495.56    4.66043  1036.5436  1036.5459      0.938    7.36143 0.0000e+00
   1913.965     3.4752     3.4746   3.286382   3.286562     1.5944     0.0253     0.0825    4.66154   1887.000    34.9387    34.9415    1495.58    4.66143  1036.5483  1036.5505      1.016    7.36145 0.0000e+00
   1914.984     3.4751     3.4746   3.286411   3.286599     1.5942     0.0404     0.0825    4.66151   1888.000    34.9387    34.9415    1495.59    4.66140  1036.5529  1036.5552      1.057    7.36147 0.0000e+00
   1916.003     3.4748     3.4742   3.286433   3.286629     1.5942     0.0384     0.0825    4.66198   1889.000    34.9388    34.9417    1495.61    4.66188  1036.5576  1036.5599      1.073    7.36152 0.0000e+00
   1917.021     3.4738     3.4735   3.286376   3.286593     1.5942     0.0427     0.0825    4.66276   1890.000    34.9387    34.9416    1495.62    4.66265  1036.5621  1036.5645      1.068    7.36170 0.0000e+00
   1918.040     3.4736     3.4731   3.286412   3.286610     1.5941     0.0471     0.0825    4.66276   1891.000    34.9389    34.9417    1495.64    4.66265  1036.5669  1036.5692      1.045    7.36174 0.0000e+00
   1919.059     3.4733     3.4727   3.286432   3.286626     1.5936     0.0539     0.0825    4.66138   1892.000    34.9389    34.9418    1495.66    4.66127  1036.5715  1036.5740      1.006    7.36179 0.0000e+00
   1920.078     3.4727     3.4722   3.286419   3.286627     1.5934     0.0458     0.0825    4.66143   1893.000    34.9389    34.9418    1495.67    4.66132  1036.5762  1036.5786      0.962    7.36190 0.0000e+00
   1921.097     3.4725     3.4720   3.286441   3.286639     1.5931     0.0355     0.0824    4.66069   1894.000    34.9389    34.9417    1495.69    4.66058  1036.5808  1036.5831      0.911    7.36194 0.0000e+00
   1922.116     3.4721     3.4716   3.286452   3.286649     1.5930     0.0356     0.0824    4.66097   1895.000    34.9389    34.9418    1495.70    4.66086  1036.5854  1036.5878      0.897    7.36201 0.0000e+00
   1923.135     3.4707     3.4703   3.286380   3.286594     1.5930     0.0348     0.0825    4.66180   1896.000    34.9390    34.9420    1495.71    4.66169  1036.5903  1036.5928      0.997    7.36225 0.0000e+00
   1924.154     3.4690     3.4684   3.286287   3.286479     1.5926     0.0354     0.0825    4.66106   1897.000    34.9393    34.9422    1495.72    4.66095  1036.5953  1036.5977      1.138    7.36256 0.0000e+00
   1925.173     3.4682     3.4676   3.286251   3.286453     1.5924     0.0272     0.0825    4.66074   1898.000    34.9392    34.9422    1495.74    4.66063  1036.6000  1036.6023      1.216    7.36271 0.0000e+00
   1926.192     3.4681     3.4677   3.286274   3.286487     1.5925     0.0284     0.0825    4.66181   1899.000    34.9390    34.9421    1495.75    4.66171  1036.6044  1036.6068      1.189    7.36273 0.0000e+00
   1927.211     3.4677     3.4672   3.286291   3.286484     1.5921     0.0347     0.0825    4.66066   1900.000    34.9392    34.9420    1495.77    4.66056  1036.6091  1036.6113      1.052    7.36279 0.0000e+00
   1928.229     3.4671     3.4665   3.286279   3.286462     1.5918     0.0357     0.0825    4.66024   1901.000    34.9392    34.9420    1495.78    4.66014  1036.6138  1036.6161      0.849    7.36290 0.0000e+00
   1929.248     3.4656     3.4650   3.286178   3.286391     1.5917     0.0352     0.0825    4.66072   1902.000    34.9391    34.9422    1495.79    4.66061  1036.6185  1036.6210      0.828    7.36319 0.0000e+00
   1930.267     3.4627     3.4622   3.285984   3.286171     1.5912     0.0359     0.0825    4.65963   1903.000    34.9394    34.9422    1495.80    4.65952  1036.6237  1036.6260      1.042    7.36370 0.0000e+00
   1931.286     3.4621     3.4616   3.285961   3.286164     1.5911     0.0348     0.0826    4.65985   1904.000    34.9392    34.9422    1495.81    4.65974  1036.6282  1036.6306      1.139    7.36381 0.0000e+00
   1932.305     3.4616     3.4610   3.285959   3.286161     1.5912     0.0423     0.0827    4.66066   1905.000    34.9392    34.9422    1495.83    4.66055  1036.6328  1036.6353      1.095    7.36390 0.0000e+00
   1933.324     3.4615     3.4609   3.285996   3.286186     1.5906     0.0404     0.0825    4.65897   1906.000    34.9393    34.9422    1495.84    4.65887  1036.6375  1036.6399      0.999    7.36392 0.0000e+00
