Cruise Data/Irminger_Sea-01_KN-221_2014-09-07/Ship Data/ctd/process/kkn22104006.ros
* Sea-Bird SBE 9 Data File:
* FileName = C:\Data\ctd\KN22104006.hdr
* Software Version Seasave V 7.21k
* Temperature SN = 4195
* Conductivity SN = 2147
* Number of Bytes Per Scan = 40
* Number of Voltage Words = 5
* Number of Scans Averaged by the Deck Unit = 1
* NMEA Latitude = 59 57.97 N
* NMEA Longitude = 039 28.24 W
* NMEA UTC (Time) = Sep 12 2014 05:09:49
** KN221-04 Chief Scientist: Bob Weller
** OOI Irminger Sea Sept. 2014
** Station: 006
** Knudsen Depth: 2706
# nquan = 12
# nvalues = 588                                   
# units = specified
# name 0 = prDM: Pressure, Digiquartz [db]
# name 1 = t090C: Temperature [ITS-90, deg C]
# name 2 = t190C: Temperature, 2 [ITS-90, deg C]
# name 3 = c0S/m: Conductivity [S/m]
# name 4 = c1S/m: Conductivity, 2 [S/m]
# name 5 = sbeox0V: Oxygen raw, SBE 43 [V]
# name 6 = flECO-AFL: Fluorescence, WET Labs ECO-AFL/FL [mg/m^3]
# name 7 = CStarAt0: Beam Attenuation, WET Labs C-Star [1/m]
# name 8 = sbeox0ML/L: Oxygen, SBE 43 [ml/l]
# name 9 = scan: Scan Count
# name 10 = nbf: Bottles Fired
# name 11 = flag:  0.000e+00
# interval = seconds: 0.0416667
# start_time = Sep 12 2014 05:09:49 [NMEA time, header]
# bad_flag = -9.990e-29
*END*
   2518.456     2.2444     2.2437   3.197899   3.198098     1.5400     0.0470     0.0901    4.96624     106249          1  0.000e+00
   2518.456     2.2447     2.2441   3.197899   3.198111     1.5400     0.0470     0.0901    4.96622     106250          1  0.000e+00
   2518.456     2.2443     2.2439   3.197881   3.198123     1.5400     0.0470     0.0901    4.96626     106251          1  0.000e+00
   2518.366     2.2443     2.2441   3.197887   3.198067     1.5400     0.0470     0.0901    4.96620     106252          1  0.000e+00
   2518.456     2.2444     2.2439   3.197881   3.198111     1.5400     0.0470     0.0901    4.96625     106253          1  0.000e+00
   2518.334     2.2445     2.2441   3.197869   3.198098     1.5388     0.0470     0.0901    4.96022     106254          1  0.000e+00
   2518.457     2.2444     2.2441   3.197869   3.198111     1.5388     0.0470     0.0901    4.96032     106255          1  0.000e+00
   2518.268     2.2447     2.2442   3.197887   3.198123     1.5400     0.0470     0.0901    4.96610     106256          1  0.000e+00
   2518.366     2.2447     2.2441   3.197881   3.198123     1.5400     0.0470     0.0901    4.96616     106257          1  0.000e+00
   2518.268     2.2445     2.2439   3.197851   3.198079     1.5400     0.0470     0.0901    4.96613     106258          1  0.000e+00
   2518.268     2.2447     2.2441   3.197857   3.198098     1.5400     0.0470     0.0901    4.96611     106259          1  0.000e+00
   2518.268     2.2448     2.2442   3.197887   3.198111     1.5400     0.0470     0.0901    4.96609     106260          1  0.000e+00
   2518.243     2.2449     2.2439   3.197899   3.198067     1.5400     0.0470     0.0901    4.96606     106261          1  0.000e+00
   2518.211     2.2447     2.2441   3.197917   3.198098     1.5400     0.0470     0.0901    4.96605     106262          1  0.000e+00
   2518.211     2.2450     2.2437   3.197929   3.198111     1.5400     0.0470     0.0901    4.96601     106263          1  0.000e+00
   2518.211     2.2449     2.2441   3.197923   3.198123     1.5388     0.0470     0.0901    4.96008     106264          1  0.000e+00
   2518.112     2.2452     2.2439   3.197911   3.198111     1.5400     0.0470     0.0901    4.96593     106265          1  0.000e+00
   2518.145     2.2448     2.2439   3.197917   3.198067     1.5400     0.0470     0.0901    4.96600     106266          1  0.000e+00
   2518.145     2.2451     2.2441   3.197887   3.198123     1.5400     0.0470     0.0901    4.96598     106267          1  0.000e+00
   2518.080     2.2450     2.2441   3.197929   3.198079     1.5400     0.0470     0.0901    4.96592     106268          1  0.000e+00
   2518.080     2.2453     2.2442   3.197935   3.198123     1.5400     0.0470     0.0901    4.96590     106269          1  0.000e+00
   2517.989     2.2450     2.2442   3.197947   3.198123     1.5400     0.0470     0.0901    4.96586     106270          1  0.000e+00
   2518.080     2.2453     2.2444   3.197917   3.198111     1.5400     0.0470     0.0901    4.96591     106271          1  0.000e+00
   2517.957     2.2452     2.2446   3.197917   3.198123     1.5400     0.0470     0.0901    4.96583     106272          1  0.000e+00
   2518.022     2.2453     2.2447   3.197923   3.198111     1.5400     0.0470     0.0901    4.96587     106273          1  0.000e+00
   2517.924     2.2450     2.2448   3.197947   3.198186     1.5400     0.0470     0.0901    4.96581     106274          1  0.000e+00
   2517.957     2.2451     2.2447   3.197935   3.198186     1.5400     0.0470     0.0901    4.96584     106275          1  0.000e+00
   2517.891     2.2452     2.2451   3.197905   3.198142     1.5400     0.0470     0.0901    4.96579     106276          1  0.000e+00
   2517.891     2.2451     2.2452   3.197935   3.198186     1.5400     0.0470     0.0901    4.96579     106277          1  0.000e+00
   2517.866     2.2452     2.2452   3.197970   3.198167     1.5400     0.0470     0.0901    4.96575     106278          1  0.000e+00
   2517.891     2.2451     2.2453   3.197941   3.198212     1.5400     0.0470     0.0901    4.96579     106279          1  0.000e+00
   2517.834     2.2455     2.2458   3.197947   3.198186     1.5400     0.0592     0.0901    4.96571     106280          1  0.000e+00
   2517.768     2.2454     2.2458   3.197976   3.198262     1.5400     0.0592     0.0901    4.96566     106281          1  0.000e+00
   2517.801     2.2455     2.2458   3.197941   3.198243     1.5400     0.0592     0.0901    4.96569     106282          1  0.000e+00
   2517.768     2.2457     2.2457   3.197988   3.198199     1.5400     0.0592     0.0901    4.96562     106283          1  0.000e+00
   2517.768     2.2457     2.2458   3.197994   3.198211     1.5400     0.0592     0.0901    4.96563     106284          1  0.000e+00
   2517.703     2.2459     2.2459   3.197964   3.198274     1.5388     0.0592     0.0901    4.95963     106285          1  0.000e+00
   2517.637     2.2458     2.2459   3.197994   3.198230     1.5400     0.0592     0.0901    4.96552     106286          1  0.000e+00
   2517.735     2.2456     2.2458   3.197994   3.198243     1.5400     0.0592     0.0901    4.96562     106287          1  0.000e+00
   2517.637     2.2458     2.2461   3.197982   3.198243     1.5400     0.0592     0.0901    4.96553     106288          1  0.000e+00
   2517.637     2.2461     2.2459   3.197982   3.198262     1.5400     0.0592     0.0901    4.96551     106289          1  0.000e+00
   2517.637     2.2462     2.2459   3.197964   3.198300     1.5400     0.0592     0.0901    4.96550     106290          1  0.000e+00
   2517.547     2.2461     2.2459   3.198042   3.198262     1.5400     0.0592     0.0901    4.96542     106291          1  0.000e+00
   2517.580     2.2463     2.2458   3.198006   3.198243     1.5400     0.0592     0.0901    4.96543     106292          1  0.000e+00
   2517.580     2.2462     2.2459   3.198000   3.198300     1.5400     0.0592     0.0901    4.96545     106293          1  0.000e+00
   2517.514     2.2460     2.2457   3.197994   3.198230     1.5400     0.0592     0.0901    4.96543     106294          1  0.000e+00
   2517.547     2.2462     2.2458   3.198024   3.198211     1.5400     0.0592     0.0901    4.96542     106295          1  0.000e+00
   2517.449     2.2463     2.2457   3.198024   3.198230     1.5400     0.0592     0.0901    4.96534     106296          1  0.000e+00
   2517.514     2.2464     2.2459   3.198030   3.198243     1.5400     0.0592     0.0901    4.96537     106297          1  0.000e+00
   2517.778     2.2497     2.2485   3.198395   3.198508     1.5389     0.0470     0.0901    4.95952     107075          2  0.000e+00
   2517.745     2.2500     2.2487   3.198378   3.198527     1.5389     0.0470     0.0901    4.95947     107076          2  0.000e+00
   2517.843     2.2498     2.2487   3.198384   3.198539     1.5389     0.0470     0.0901    4.95955     107077          2  0.000e+00
   2517.778     2.2505     2.2485   3.198395   3.198508     1.5389     0.0470     0.0901    4.95943     107078          2  0.000e+00
   2517.778     2.2501     2.2487   3.198413   3.198558     1.5389     0.0470     0.0901    4.95947     107079          2  0.000e+00
   2517.745     2.2501     2.2490   3.198443   3.198539     1.5389     0.0470     0.0901    4.95943     107080          2  0.000e+00
   2517.966     2.2501     2.2491   3.198431   3.198596     1.5389     0.0470     0.0901    4.95958     107081          2  0.000e+00
   2517.843     2.2498     2.2490   3.198443   3.198558     1.5389     0.0470     0.0901    4.95953     107082          2  0.000e+00
   2517.843     2.2501     2.2488   3.198449   3.198571     1.5401     0.0470     0.0901    4.96543     107083          2  0.000e+00
   2517.843     2.2509     2.2487   3.198467   3.198590     1.5401     0.0470     0.0901    4.96535     107084          2  0.000e+00
   2517.876     2.2515     2.2487   3.198497   3.198571     1.5401     0.0470     0.0901    4.96529     107085          2  0.000e+00
   2517.843     2.2519     2.2487   3.198527   3.198571     1.5401     0.0470     0.0901    4.96522     107086          2  0.000e+00
   2517.901     2.2519     2.2485   3.198521   3.198558     1.5389     0.0470     0.0901    4.95932     107087          2  0.000e+00
   2517.843     2.2517     2.2483   3.198527   3.198571     1.5389     0.0470     0.0901    4.95930     107088          2  0.000e+00
   2517.933     2.2519     2.2488   3.198581   3.198527     1.5389     0.0470     0.0901    4.95932     107089          2  0.000e+00
   2517.843     2.2519     2.2488   3.198557   3.198539     1.5389     0.0470     0.0901    4.95927     107090          2  0.000e+00
   2517.966     2.2520     2.2490   3.198557   3.198571     1.5389     0.0470     0.0901    4.95933     107091          2  0.000e+00
   2517.901     2.2519     2.2482   3.198587   3.198495     1.5401     0.0470     0.0901    4.96523     107092          2  0.000e+00
   2517.933     2.2520     2.2479   3.198581   3.198539     1.5401     0.0470     0.0901    4.96524     107093          2  0.000e+00
   2517.843     2.2520     2.2477   3.198569   3.198482     1.5389     0.0470     0.0901    4.95925     107094          2  0.000e+00
   2517.966     2.2517     2.2477   3.198551   3.198495     1.5389     0.0470     0.0901    4.95937     107095          2  0.000e+00
   2517.966     2.2517     2.2476   3.198539   3.198451     1.5401     0.0470     0.0901    4.96532     107096          2  0.000e+00
   2517.933     2.2517     2.2476   3.198557   3.198438     1.5401     0.0470     0.0901    4.96529     107097          2  0.000e+00
   2517.901     2.2515     2.2476   3.198551   3.198451     1.5401     0.0470     0.0901    4.96529     107098          2  0.000e+00
   2517.966     2.2517     2.2480   3.198581   3.198482     1.5401     0.0470     0.0901    4.96530     107099          2  0.000e+00
   2517.966     2.2517     2.2479   3.198557   3.198438     1.5389     0.0470     0.0901    4.95937     107100          2  0.000e+00
   2517.966     2.2515     2.2476   3.198557   3.198482     1.5389     0.0470     0.0901    4.95939     107101          2  0.000e+00
   2517.933     2.2517     2.2479   3.198527   3.198482     1.5389     0.0470     0.0901    4.95936     107102          2  0.000e+00
   2517.966     2.2517     2.2480   3.198551   3.198495     1.5389     0.0470     0.0901    4.95937     107103          2  0.000e+00
   2517.966     2.2519     2.2477   3.198569   3.198482     1.5389     0.0470     0.0901    4.95935     107104          2  0.000e+00
   2517.966     2.2517     2.2477   3.198569   3.198495     1.5389     0.0470     0.0901    4.95937     107105          2  0.000e+00
   2517.999     2.2520     2.2482   3.198551   3.198483     1.5401     0.0470     0.0901    4.96530     107106          2  0.000e+00
   2517.966     2.2515     2.2483   3.198557   3.198482     1.5401     0.0470     0.0901    4.96533     107107          2  0.000e+00
   2517.966     2.2519     2.2483   3.198527   3.198470     1.5401     0.0470     0.0901    4.96531     107108          2  0.000e+00
   2517.966     2.2514     2.2487   3.198509   3.198508     1.5401     0.0470     0.0901    4.96537     107109          2  0.000e+00
   2517.999     2.2511     2.2487   3.198509   3.198527     1.5401     0.0470     0.0901    4.96543     107110          2  0.000e+00
   2517.966     2.2509     2.2483   3.198491   3.198508     1.5401     0.0470     0.0901    4.96543     107111          2  0.000e+00
   2517.966     2.2514     2.2487   3.198497   3.198508     1.5401     0.0470     0.0901    4.96538     107112          2  0.000e+00
   2518.032     2.2514     2.2485   3.198509   3.198527     1.5389     0.0470     0.0901    4.95948     107113          2  0.000e+00
   2517.934     2.2507     2.2483   3.198491   3.198539     1.5389     0.0470     0.0901    4.95949     107114          2  0.000e+00
   2517.966     2.2509     2.2487   3.198461   3.198482     1.5389     0.0470     0.0901    4.95951     107115          2  0.000e+00
   2517.966     2.2509     2.2485   3.198449   3.198527     1.5389     0.0470     0.0901    4.95951     107116          2  0.000e+00
   2517.966     2.2509     2.2487   3.198449   3.198508     1.5389     0.0470     0.0901    4.95951     107117          2  0.000e+00
   2517.966     2.2507     2.2488   3.198431   3.198558     1.5389     0.0470     0.0901    4.95954     107118          2  0.000e+00
   2517.934     2.2503     2.2490   3.198384   3.198539     1.5389     0.0470     0.0890    4.95958     107119          2  0.000e+00
   2517.901     2.2500     2.2494   3.198425   3.198571     1.5389     0.0470     0.0901    4.95958     107120          2  0.000e+00
   2517.966     2.2503     2.2499   3.198431   3.198615     1.5401     0.0470     0.0901    4.96553     107121          2  0.000e+00
   2517.901     2.2501     2.2499   3.198437   3.198627     1.5401     0.0470     0.0901    4.96550     107122          2  0.000e+00
   2517.934     2.2501     2.2499   3.198413   3.198627     1.5389     0.0470     0.0901    4.95959     107123          2  0.000e+00
   2516.771     2.2544     2.2534   3.198724   3.198955     1.5389     0.0470     0.0901    4.95835     107350          3  0.000e+00
   2516.771     2.2542     2.2531   3.198730   3.198974     1.5389     0.0470     0.0901    4.95836     107351          3  0.000e+00
   2516.739     2.2542     2.2533   3.198742   3.198986     1.5389     0.0470     0.0901    4.95834     107352          3  0.000e+00
   2516.771     2.2539     2.2535   3.198742   3.198911     1.5389     0.0470     0.0901    4.95840     107353          3  0.000e+00
   2516.706     2.2541     2.2534   3.198724   3.198955     1.5389     0.0470     0.0901    4.95834     107354          3  0.000e+00
   2516.640     2.2541     2.2534   3.198712   3.198986     1.5389     0.0470     0.0901    4.95830     107355          3  0.000e+00
   2516.804     2.2541     2.2535   3.198730   3.198911     1.5389     0.0470     0.0901    4.95841     107356          3  0.000e+00
   2516.583     2.2539     2.2535   3.198724   3.198955     1.5402     0.0470     0.0901    4.96422     107357          3  0.000e+00
   2516.706     2.2539     2.2535   3.198712   3.198986     1.5389     0.0470     0.0901    4.95837     107358          3  0.000e+00
   2516.706     2.2539     2.2534   3.198754   3.198942     1.5389     0.0470     0.0901    4.95835     107359          3  0.000e+00
   2516.550     2.2541     2.2535   3.198712   3.199011     1.5389     0.0470     0.0901    4.95825     107360          3  0.000e+00
   2516.640     2.2537     2.2534   3.198724   3.198923     1.5389     0.0470     0.0901    4.95834     107361          3  0.000e+00
   2516.706     2.2539     2.2535   3.198724   3.198974     1.5389     0.0470     0.0901    4.95836     107362          3  0.000e+00
   2516.583     2.2541     2.2537   3.198712   3.199011     1.5389     0.0470     0.0901    4.95827     107363          3  0.000e+00
   2516.673     2.2539     2.2535   3.198754   3.198911     1.5389     0.0470     0.0901    4.95833     107364          3  0.000e+00
   2516.583     2.2539     2.2537   3.198712   3.199011     1.5389     0.0470     0.0901    4.95829     107365          3  0.000e+00
   2516.583     2.2539     2.2537   3.198724   3.198986     1.5389     0.0470     0.0901    4.95828     107366          3  0.000e+00
   2516.485     2.2541     2.2537   3.198706   3.198974     1.5389     0.0470     0.0901    4.95821     107367          3  0.000e+00
   2516.706     2.2541     2.2535   3.198748   3.198955     1.5389     0.0470     0.0901    4.95834     107368          3  0.000e+00
   2516.640     2.2541     2.2535   3.198754   3.198986     1.5402     0.0470     0.0901    4.96423     107369          3  0.000e+00
   2516.583     2.2542     2.2535   3.198724   3.199005     1.5389     0.0470     0.0901    4.95825     107370          3  0.000e+00
   2516.616     2.2541     2.2537   3.198730   3.198986     1.5389     0.0470     0.0901    4.95829     107371          3  0.000e+00
