Cruise Data/Irminger_Sea-01_KN-221_2014-09-07/Ship Data/ctd/process/kkn22104008.cnv
* Sea-Bird SBE 9 Data File:
* FileName = C:\Data\ctd\KN22104008.hdr
* Software Version Seasave V 7.21k
* Temperature SN = 4195
* Conductivity SN = 2147
* Number of Bytes Per Scan = 40
* Number of Voltage Words = 5
* Number of Scans Averaged by the Deck Unit = 1
* NMEA Latitude = 59 14.19 N
* NMEA Longitude = 039 30.13 W
* NMEA UTC (Time) = Sep 16 2014 21:05:14
** KN221-04 Chief Scientist: Bob Weller
** OOI Irminger Sea Sept. 2014
** Station: 008
** Knudsen Depth: 3030
# nquan = 19
# nvalues = 5969                        
# units = specified
# name 0 = prDM: Pressure, Digiquartz [db]
# name 1 = t090C: Temperature [ITS-90, deg C]
# name 2 = t190C: Temperature, 2 [ITS-90, deg C]
# name 3 = c0S/m: Conductivity [S/m]
# name 4 = c1S/m: Conductivity, 2 [S/m]
# name 5 = sbeox0V: Oxygen raw, SBE 43 [V]
# name 6 = flECO-AFL: Fluorescence, WET Labs ECO-AFL/FL [mg/m^3]
# name 7 = CStarAt0: Beam Attenuation, WET Labs C-Star [1/m]
# name 8 = sbeox0ML/L: Oxygen, SBE 43 [ml/l]
# name 9 = depSM: Depth [salt water, m], lat = 59.2365
# name 10 = sal00: Salinity, Practical [PSU]
# name 11 = sal11: Salinity, Practical, 2 [PSU]
# name 12 = svDM: Sound Velocity [Delgrosso, m/s]
# name 13 = sbeox0ML/L: Oxygen, SBE 43 [ml/l], WS = 2
# name 14 = density00: Density [density, Kg/m^3]
# name 15 = density11: Density, 2 [density, Kg/m^3]
# name 16 = dz/dtM: Descent Rate [m/s], WS = 2
# name 17 = oxsatML/L: Oxygen Saturation, Weiss [ml/l]
# name 18 = flag: flag
# span 0 =      1.009,   3035.946       
# span 1 =     1.2916,     7.7741       
# span 2 =     1.2903,     7.7740       
# span 3 =   3.133929,   3.581828       
# span 4 =   3.134086,   3.582100       
# span 5 =     1.4611,     2.1943       
# span 6 =     0.0091,     0.7236       
# span 7 =     0.0737,     0.2496       
# span 8 =    4.63567,    5.13144       
# span 9 =      1.000,   2986.000       
# span 10 =    34.7883,    34.9334      
# span 11 =    34.7746,    34.9363      
# span 12 =    1469.94,    1507.00      
# span 13 =    4.63556,    5.13139      
# span 14 =  1027.1557,  1041.8280      
# span 15 =  1027.1585,  1041.8308      
# span 16 =     -1.673,      1.633      
# span 17 =    6.65023,    7.78318      
# span 18 = 0.0000e+00, 0.0000e+00      
# interval = meters: 1                  
# start_time = Sep 16 2014 21:05:14 [NMEA time, header]
# bad_flag = -9.990e-29
*END*
[from data line 4877]
   1105.257     3.6598     3.6568   3.264379   3.264379     1.7720     0.0348     0.0772    4.85239   1092.000    34.8828    34.8859    1482.91    4.85227  1032.8241  1032.8270     -1.157    7.33058 0.0000e+00
   1104.243     3.6575     3.6531   3.264107   3.263955     1.7725     0.0360     0.0769    4.85371   1091.000    34.8825    34.8853    1482.88    4.85359  1032.8195  1032.8223     -1.125    7.33101 0.0000e+00
   1103.228     3.6551     3.6519   3.263826   3.263723     1.7730     0.0244     0.0768    4.85536   1090.000    34.8822    34.8843    1482.86    4.85524  1032.8149  1032.8171     -0.983    7.33145 0.0000e+00
   1102.213     3.6552     3.6532   3.263756   3.263794     1.7735     0.0378     0.0770    4.85666   1089.000    34.8818    34.8843    1482.84    4.85654  1032.8099  1032.8123     -0.900    7.33146 0.0000e+00
   1101.198     3.6568     3.6557   3.263832   3.263945     1.7742     0.0469     0.0765    4.85843   1088.000    34.8815    34.8840    1482.83    4.85831  1032.8051  1032.8071     -1.002    7.33119 0.0000e+00
   1100.183     3.6611     3.6601   3.264213   3.264318     1.7748     0.0352     0.0768    4.85967   1087.000    34.8820    34.8844    1482.83    4.85955  1032.8002  1032.8022     -1.060    7.33037 0.0000e+00
   1099.169     3.6649     3.6668   3.264496   3.264909     1.7759     0.0354     0.0763    4.86254   1086.000    34.8819    34.8848    1482.83    4.86242  1032.7950  1032.7970     -1.051    7.32970 0.0000e+00
   1098.154     3.6673     3.6672   3.264724   3.264935     1.7765     0.0353     0.0770    4.86378   1085.000    34.8825    34.8852    1482.82    4.86367  1032.7905  1032.7927     -1.024    7.32922 0.0000e+00
   1097.139     3.6684     3.6675   3.264784   3.264947     1.7770     0.0348     0.0763    4.86499   1084.000    34.8826    34.8855    1482.81    4.86487  1032.7859  1032.7882     -0.976    7.32902 0.0000e+00
   1096.124     3.6683     3.6676   3.264742   3.264904     1.7776     0.0234     0.0762    4.86658   1083.000    34.8827    34.8854    1482.80    4.86646  1032.7813  1032.7836     -0.995    7.32903 0.0000e+00
   1095.110     3.6690     3.6687   3.264755   3.264964     1.7779     0.0476     0.0768    4.86696   1082.000    34.8827    34.8855    1482.78    4.86684  1032.7766  1032.7788     -1.116    7.32892 0.0000e+00
   1094.095     3.6694     3.6689   3.264765   3.264953     1.7780     0.0367     0.0763    4.86685   1081.000    34.8829    34.8856    1482.77    4.86673  1032.7721  1032.7743     -1.174    7.32883 0.0000e+00
   1093.080     3.6696     3.6692   3.264750   3.264938     1.7782     0.0348     0.0761    4.86682   1080.000    34.8830    34.8857    1482.75    4.86670  1032.7676  1032.7697     -1.118    7.32879 0.0000e+00
   1092.065     3.6701     3.6697   3.264750   3.264934     1.7784     0.0348     0.0765    4.86697   1079.000    34.8830    34.8856    1482.74    4.86685  1032.7628  1032.7649     -1.023    7.32870 0.0000e+00
   1091.051     3.6703     3.6696   3.264744   3.264901     1.7788     0.0353     0.0760    4.86772   1078.000    34.8832    34.8858    1482.72    4.86761  1032.7584  1032.7605     -0.916    7.32865 0.0000e+00
   1090.036     3.6702     3.6694   3.264693   3.264837     1.7790     0.0291     0.0767    4.86800   1077.000    34.8833    34.8858    1482.70    4.86788  1032.7538  1032.7559     -0.728    7.32867 0.0000e+00
   1089.021     3.6704     3.6700   3.264656   3.264840     1.7790     0.0413     0.0760    4.86713   1076.000    34.8831    34.8857    1482.69    4.86701  1032.7490  1032.7511     -0.908    7.32863 0.0000e+00
   1088.006     3.6714     3.6711   3.264699   3.264901     1.7790     0.0241     0.0765    4.86656   1075.000    34.8831    34.8858    1482.68    4.86644  1032.7443  1032.7465     -1.274    7.32846 0.0000e+00
   1086.992     3.6730     3.6743   3.264829   3.265160     1.7791     0.0350     0.0770    4.86587   1074.000    34.8835    34.8860    1482.67    4.86575  1032.7397  1032.7416     -1.431    7.32815 0.0000e+00
   1085.977     3.6773     3.6781   3.265212   3.265473     1.7791     0.0348     0.0769    4.86491   1073.000    34.8839    34.8862    1482.67    4.86479  1032.7349  1032.7367     -1.367    7.32734 0.0000e+00
   1084.962     3.6792     3.6811   3.265386   3.265767     1.7791     0.0291     0.0768    4.86399   1072.000    34.8846    34.8871    1482.66    4.86387  1032.7306  1032.7323     -1.044    7.32698 0.0000e+00
   1083.948     3.6809     3.6818   3.265501   3.265813     1.7794     0.0311     0.0768    4.86415   1071.000    34.8847    34.8874    1482.65    4.86403  1032.7258  1032.7278     -0.695    7.32667 0.0000e+00
   1082.933     3.6833     3.6824   3.265632   3.265811     1.7793     0.0356     0.0760    4.86287   1070.000    34.8842    34.8873    1482.64    4.86276  1032.7205  1032.7230     -0.999    7.32625 0.0000e+00
   1081.918     3.6883     3.6859   3.266125   3.266030     1.7795     0.0348     0.0767    4.86218   1069.000    34.8852    34.8866    1482.65    4.86206  1032.7159  1032.7174     -1.248    7.32529 0.0000e+00
   1080.903     3.6889     3.6888   3.266149   3.266351     1.7797     0.0355     0.0766    4.86209   1068.000    34.8854    34.8879    1482.64    4.86197  1032.7114  1032.7134     -1.347    7.32517 0.0000e+00
   1079.889     3.6892     3.6885   3.266117   3.266297     1.7795     0.0398     0.0768    4.86081   1067.000    34.8853    34.8881    1482.62    4.86070  1032.7067  1032.7090     -1.309    7.32513 0.0000e+00
   1078.874     3.6882     3.6875   3.265964   3.266148     1.7793     0.0440     0.0765    4.85949   1066.000    34.8850    34.8879    1482.60    4.85937  1032.7020  1032.7043     -1.109    7.32532 0.0000e+00
   1077.859     3.6869     3.6865   3.265792   3.266005     1.7792     0.0307     0.0765    4.85874   1065.000    34.8848    34.8878    1482.58    4.85862  1032.6974  1032.6997     -0.730    7.32556 0.0000e+00
   1076.845     3.6847     3.6853   3.265524   3.265819     1.7792     0.0425     0.0767    4.85821   1064.000    34.8845    34.8874    1482.55    4.85809  1032.6927  1032.6949     -0.652    7.32598 0.0000e+00
   1075.830     3.6848     3.6841   3.265477   3.265655     1.7791     0.0462     0.0765    4.85725   1063.000    34.8844    34.8873    1482.53    4.85714  1032.6880  1032.6904     -1.060    7.32597 0.0000e+00
   1074.815     3.6830     3.6810   3.265232   3.265311     1.7792     0.0348     0.0770    4.85738   1062.000    34.8839    34.8869    1482.51    4.85726  1032.6832  1032.6859     -1.319    7.32632 0.0000e+00
   1073.801     3.6807     3.6796   3.264942   3.265088     1.7791     0.0362     0.0774    4.85680   1061.000    34.8834    34.8862    1482.48    4.85668  1032.6785  1032.6809     -1.407    7.32676 0.0000e+00
   1072.786     3.6806     3.6802   3.264902   3.265085     1.7794     0.0348     0.0766    4.85724   1060.000    34.8835    34.8861    1482.47    4.85712  1032.6741  1032.6761     -1.339    7.32677 0.0000e+00
   1071.771     3.6812     3.6809   3.264921   3.265100     1.7800     0.0360     0.0770    4.85886   1059.000    34.8837    34.8861    1482.45    4.85875  1032.6694  1032.6714     -1.141    7.32666 0.0000e+00
   1070.757     3.6822     3.6813   3.264979   3.265111     1.7803     0.0348     0.0766    4.85913   1058.000    34.8837    34.8863    1482.44    4.85902  1032.6648  1032.6669     -0.898    7.32646 0.0000e+00
   1069.742     3.6822     3.6817   3.264939   3.265111     1.7812     0.0403     0.0767    4.86172   1057.000    34.8838    34.8864    1482.42    4.86160  1032.6602  1032.6622     -0.747    7.32646 0.0000e+00
   1068.727     3.6816     3.6810   3.264832   3.265001     1.7814     0.0474     0.0769    4.86197   1056.000    34.8837    34.8863    1482.40    4.86185  1032.6555  1032.6577     -0.873    7.32658 0.0000e+00
   1067.713     3.6814     3.6795   3.264746   3.264844     1.7816     0.0371     0.0762    4.86233   1055.000    34.8834    34.8866    1482.39    4.86221  1032.6508  1032.6534     -1.058    7.32663 0.0000e+00
   1066.698     3.6796     3.6777   3.264519   3.264571     1.7819     0.0442     0.0766    4.86300   1054.000    34.8831    34.8858    1482.36    4.86289  1032.6461  1032.6484     -1.255    7.32697 0.0000e+00
   1065.684     3.6784     3.6773   3.264346   3.264467     1.7818     0.0471     0.0768    4.86188   1053.000    34.8829    34.8855    1482.34    4.86176  1032.6415  1032.6437     -1.388    7.32720 0.0000e+00
   1064.669     3.6780     3.6769   3.264265   3.264387     1.7820     0.0470     0.0761    4.86205   1052.000    34.8828    34.8855    1482.32    4.86194  1032.6368  1032.6390     -1.366    7.32727 0.0000e+00
   1063.654     3.6779     3.6770   3.264208   3.264356     1.7826     0.0470     0.0766    4.86370   1051.000    34.8828    34.8855    1482.30    4.86359  1032.6322  1032.6344     -1.094    7.32730 0.0000e+00
   1062.640     3.6777     3.6769   3.264161   3.264298     1.7830     0.0360     0.0765    4.86475   1050.000    34.8830    34.8854    1482.29    4.86463  1032.6277  1032.6298     -0.596    7.32732 0.0000e+00
   1061.625     3.6778     3.6762   3.264111   3.264178     1.7838     0.0458     0.0763    4.86728   1049.000    34.8828    34.8853    1482.27    4.86717  1032.6229  1032.6251     -0.969    7.32731 0.0000e+00
   1060.610     3.6776     3.6756   3.264034   3.264094     1.7839     0.0370     0.0763    4.86671   1048.000    34.8827    34.8854    1482.25    4.86659  1032.6182  1032.6206     -1.303    7.32736 0.0000e+00
   1059.596     3.6739     3.6693   3.263578   3.263515     1.7841     0.0348     0.0815    4.86741   1047.000    34.8817    34.8858    1482.22    4.86729  1032.6133  1032.6171     -1.421    7.32808 0.0000e+00
   1058.581     3.6653     3.6632   3.262711   3.262765     1.7840     0.0355     0.0789    4.86759   1046.000    34.8809    34.8838    1482.16    4.86748  1032.6091  1032.6117     -1.345    7.32967 0.0000e+00
   1057.567     3.6651     3.6619   3.262643   3.262534     1.7845     0.0460     0.0765    4.86894   1045.000    34.8809    34.8830    1482.15    4.86882  1032.6045  1032.6066     -1.074    7.32971 0.0000e+00
   1056.552     3.6642     3.6632   3.262486   3.262609     1.7849     0.0238     0.0767    4.87004   1044.000    34.8805    34.8830    1482.13    4.86993  1032.5997  1032.6018     -0.798    7.32990 0.0000e+00
   1055.538     3.6631     3.6621   3.262328   3.262451     1.7852     0.0275     0.0768    4.87051   1043.000    34.8802    34.8828    1482.10    4.87039  1032.5950  1032.5972     -0.852    7.33010 0.0000e+00
   1054.523     3.6623     3.6621   3.262195   3.262401     1.7859     0.0350     0.0767    4.87261   1042.000    34.8800    34.8827    1482.08    4.87249  1032.5903  1032.5925     -0.988    7.33025 0.0000e+00
   1053.508     3.6613     3.6602   3.262038   3.262177     1.7868     0.0348     0.0769    4.87552   1041.000    34.8797    34.8826    1482.06    4.87540  1032.5856  1032.5879     -1.108    7.33045 0.0000e+00
   1052.494     3.6603     3.6590   3.261893   3.262013     1.7871     0.0320     0.0770    4.87634   1040.000    34.8796    34.8824    1482.04    4.87622  1032.5809  1032.5834     -1.182    7.33064 0.0000e+00
   1051.479     3.6594     3.6585   3.261764   3.261895     1.7876     0.0263     0.0763    4.87763   1039.000    34.8795    34.8821    1482.02    4.87751  1032.5764  1032.5786     -1.166    7.33080 0.0000e+00
   1050.465     3.6593     3.6588   3.261703   3.261879     1.7880     0.0457     0.0765    4.87838   1038.000    34.8794    34.8821    1482.00    4.87826  1032.5717  1032.5739     -1.035    7.33083 0.0000e+00
   1049.450     3.6595     3.6586   3.261677   3.261812     1.7885     0.0350     0.0767    4.87979   1037.000    34.8795    34.8820    1481.99    4.87967  1032.5671  1032.5692     -0.853    7.33080 0.0000e+00
   1048.436     3.6586     3.6578   3.261546   3.261691     1.7888     0.0309     0.0769    4.88026   1036.000    34.8793    34.8819    1481.97    4.88015  1032.5625  1032.5646     -0.939    7.33096 0.0000e+00
   1047.421     3.6582     3.6569   3.261443   3.261568     1.7894     0.0254     0.0768    4.88189   1035.000    34.8791    34.8819    1481.95    4.88178  1032.5577  1032.5601     -1.175    7.33105 0.0000e+00
   1046.407     3.6568     3.6531   3.261252   3.261136     1.7896     0.0354     0.0765    4.88233   1034.000    34.8789    34.8813    1481.93    4.88222  1032.5531  1032.5554     -1.254    7.33132 0.0000e+00
   1045.392     3.6538     3.6520   3.260909   3.260958     1.7901     0.0237     0.0766    4.88410   1033.000    34.8784    34.8809    1481.90    4.88398  1032.5485  1032.5507     -1.135    7.33188 0.0000e+00
   1044.378     3.6534     3.6526   3.260818   3.260952     1.7903     0.0344     0.0767    4.88413   1032.000    34.8783    34.8807    1481.88    4.88402  1032.5438  1032.5458     -0.883    7.33196 0.0000e+00
   1043.363     3.6538     3.6534   3.260804   3.260971     1.7906     0.0348     0.0762    4.88449   1031.000    34.8782    34.8806    1481.86    4.88438  1032.5391  1032.5410     -0.822    7.33189 0.0000e+00
   1042.349     3.6547     3.6540   3.260830   3.260985     1.7911     0.0358     0.0762    4.88558   1030.000    34.8781    34.8807    1481.85    4.88547  1032.5342  1032.5364     -0.977    7.33173 0.0000e+00
   1041.334     3.6553     3.6554   3.260843   3.261074     1.7913     0.0348     0.0769    4.88576   1029.000    34.8782    34.8808    1481.84    4.88564  1032.5295  1032.5316     -1.081    7.33162 0.0000e+00
   1040.320     3.6569     3.6574   3.260964   3.261215     1.7920     0.0342     0.0768    4.88753   1028.000    34.8784    34.8809    1481.83    4.88741  1032.5249  1032.5269     -1.175    7.33131 0.0000e+00
   1039.305     3.6590     3.6594   3.261107   3.261364     1.7924     0.0233     0.0770    4.88814   1027.000    34.8784    34.8810    1481.82    4.88803  1032.5200  1032.5220     -1.243    7.33094 0.0000e+00
   1038.291     3.6612     3.6611   3.261284   3.261498     1.7932     0.0226     0.0769    4.89014   1026.000    34.8787    34.8813    1481.81    4.89002  1032.5153  1032.5175     -1.208    7.33052 0.0000e+00
   1037.276     3.6618     3.6621   3.261305   3.261550     1.7934     0.0241     0.0768    4.89033   1025.000    34.8788    34.8814    1481.80    4.89021  1032.5107  1032.5127     -0.999    7.33040 0.0000e+00
   1036.262     3.6623     3.6617   3.261311   3.261479     1.7938     0.0226     0.0766    4.89084   1024.000    34.8789    34.8816    1481.78    4.89072  1032.5061  1032.5083     -0.729    7.33032 0.0000e+00
   1035.247     3.6615     3.6600   3.261165   3.261246     1.7942     0.0226     0.0764    4.89189   1023.000    34.8785    34.8811    1481.76    4.89177  1032.5012  1032.5035     -0.852    7.33047 0.0000e+00
   1034.233     3.6598     3.6578   3.260950   3.261017     1.7944     0.0290     0.0764    4.89244   1022.000    34.8782    34.8812    1481.74    4.89232  1032.4967  1032.4993     -1.154    7.33079 0.0000e+00
   1033.218     3.6576     3.6553   3.260666   3.260687     1.7946     0.0466     0.0767    4.89284   1021.000    34.8777    34.8804    1481.71    4.89272  1032.4918  1032.4943     -1.352    7.33122 0.0000e+00
   1032.204     3.6564     3.6549   3.260491   3.260571     1.7949     0.0253     0.0769    4.89341   1020.000    34.8775    34.8800    1481.69    4.89330  1032.4872  1032.4894     -1.405    7.33146 0.0000e+00
   1031.189     3.6556     3.6546   3.260370   3.260505     1.7949     0.0281     0.0770    4.89284   1019.000    34.8774    34.8801    1481.67    4.89273  1032.4825  1032.4849     -1.294    7.33160 0.0000e+00
   1030.175     3.6559     3.6549   3.260362   3.260481     1.7951     0.0318     0.0766    4.89286   1018.000    34.8775    34.8800    1481.65    4.89274  1032.4780  1032.4801     -0.959    7.33154 0.0000e+00
