Cruise Data/Irminger_Sea-01_KN-221_2014-09-07/Ship Data/ctd/process/kkn22104009.ros
* Sea-Bird SBE 9 Data File:
* FileName = C:\Data\ctd\KN22104009.hdr
* Software Version Seasave V 7.21k
* Temperature SN = 4195
* Conductivity SN = 2147
* Number of Bytes Per Scan = 40
* Number of Voltage Words = 5
* Number of Scans Averaged by the Deck Unit = 1
* NMEA Latitude = 59 46.27 N
* NMEA Longitude = 039 38.47 W
* NMEA UTC (Time) = Sep 17 2014 13:48:49
** KN221-04 Chief Scientist: Bob Weller
** OOI Irminger Sea Sept. 2014
** Station: 009
** Knudsen Depth: 2758
# nquan = 12
# nvalues = 588                                   
# units = specified
# name 0 = prDM: Pressure, Digiquartz [db]
# name 1 = t090C: Temperature [ITS-90, deg C]
# name 2 = t190C: Temperature, 2 [ITS-90, deg C]
# name 3 = c0S/m: Conductivity [S/m]
# name 4 = c1S/m: Conductivity, 2 [S/m]
# name 5 = sbeox0V: Oxygen raw, SBE 43 [V]
# name 6 = flECO-AFL: Fluorescence, WET Labs ECO-AFL/FL [mg/m^3]
# name 7 = CStarAt0: Beam Attenuation, WET Labs C-Star [1/m]
# name 8 = sbeox0ML/L: Oxygen, SBE 43 [ml/l]
# name 9 = scan: Scan Count
# name 10 = nbf: Bottles Fired
# name 11 = flag:  0.000e+00
# interval = seconds: 0.0416667
# start_time = Sep 17 2014 13:48:49 [NMEA time, header]
# bad_flag = -9.990e-29
*END*
[from data line 482]
     33.172     7.8212     7.8201   3.588802   3.588935     2.1723     1.0238     0.2861    4.99571      63462         10  0.000e+00
     33.133     7.8215     7.8200   3.588802   3.588922     2.1723     1.0238     0.2861    4.99566      63463         10  0.000e+00
     33.117     7.8216     7.8203   3.588821   3.588968     2.1723     1.0360     0.2873    4.99564      63464         10  0.000e+00
     33.172     7.8217     7.8203   3.588809   3.589014     2.1723     1.0360     0.2861    4.99566      63465         10  0.000e+00
     33.023     7.8215     7.8204   3.588802   3.588968     2.1723     1.0360     0.2861    4.99559      63466         10  0.000e+00
     33.117     7.8215     7.8205   3.588784   3.588981     2.1723     1.0238     0.2861    4.99565      63467         10  0.000e+00
     33.078     7.8214     7.8203   3.588790   3.589001     2.1723     1.0238     0.2861    4.99564      63468         10  0.000e+00
     32.999     7.8214     7.8203   3.588802   3.588922     2.1735     1.0238     0.2861    4.99922      63469         10  0.000e+00
      3.734     7.8250     7.8237   3.587822   3.588016     2.1805     0.7552     0.2907    5.00093      66579         11  0.000e+00
      3.734     7.8248     7.8236   3.587835   3.588036     2.1805     0.7430     0.2919    5.00094      66580         11  0.000e+00
      3.734     7.8245     7.8239   3.587835   3.587990     2.1805     0.7430     0.2919    5.00097      66581         11  0.000e+00
      3.687     7.8245     7.8241   3.587835   3.588036     2.1805     0.7430     0.2930    5.00094      66582         11  0.000e+00
      3.734     7.8246     7.8241   3.587816   3.588016     2.1805     0.7430     0.2930    5.00097      66583         11  0.000e+00
      3.672     7.8245     7.8239   3.587803   3.588003     2.1805     0.7430     0.2930    5.00094      66584         11  0.000e+00
      3.789     7.8245     7.8241   3.587822   3.588016     2.1805     0.7430     0.2930    5.00101      66585         11  0.000e+00
      3.789     7.8245     7.8237   3.587816   3.588003     2.1805     0.7430     0.2930    5.00101      66586         11  0.000e+00
      3.750     7.8245     7.8238   3.587803   3.587990     2.1817     0.7430     0.2930    5.00462      66587         11  0.000e+00
      3.734     7.8246     7.8239   3.587803   3.588069     2.1817     0.7430     0.2930    5.00460      66588         11  0.000e+00
      3.734     7.8246     7.8239   3.587785   3.588016     2.1817     0.7430     0.2930    5.00460      66589         11  0.000e+00
      3.789     7.8246     7.8239   3.587841   3.588036     2.1805     0.7430     0.2930    5.00099      66590         11  0.000e+00
      3.734     7.8246     7.8237   3.587822   3.587990     2.1805     0.7430     0.2930    5.00096      66591         11  0.000e+00
      3.805     7.8245     7.8241   3.587822   3.588036     2.1805     0.7430     0.2930    5.00102      66592         11  0.000e+00
      3.734     7.8248     7.8237   3.587816   3.588016     2.1805     0.7430     0.2953    5.00095      66593         11  0.000e+00
      3.734     7.8246     7.8237   3.587803   3.588003     2.1805     0.7430     0.2953    5.00097      66594         11  0.000e+00
      3.844     7.8245     7.8237   3.587847   3.587990     2.1805     0.7430     0.2942    5.00104      66595         11  0.000e+00
      3.789     7.8246     7.8237   3.587822   3.588003     2.1805     0.7430     0.2942    5.00100      66596         11  0.000e+00
      3.805     7.8245     7.8237   3.587822   3.587990     2.1805     0.7430     0.2930    5.00102      66597         11  0.000e+00
      3.789     7.8245     7.8237   3.587853   3.587970     2.1805     0.7430     0.2919    5.00100      66598         11  0.000e+00
      3.734     7.8246     7.8238   3.587841   3.587990     2.1805     0.7430     0.2919    5.00095      66599         11  0.000e+00
      3.845     7.8246     7.8237   3.587835   3.588003     2.1805     0.7430     0.2919    5.00103      66600         11  0.000e+00
      3.845     7.8246     7.8237   3.587853   3.588003     2.1805     0.7430     0.2919    5.00102      66601         11  0.000e+00
      3.805     7.8250     7.8237   3.587847   3.587990     2.1805     0.7430     0.2919    5.00097      66602         11  0.000e+00
      3.845     7.8248     7.8237   3.587853   3.588036     2.1805     0.7430     0.2907    5.00100      66603         11  0.000e+00
      3.845     7.8248     7.8237   3.587847   3.587990     2.1805     0.7308     0.2907    5.00100      66604         11  0.000e+00
      3.845     7.8245     7.8236   3.587816   3.588036     2.1805     0.7308     0.2907    5.00104      66605         11  0.000e+00
      3.845     7.8246     7.8241   3.587803   3.587990     2.1805     0.7308     0.2919    5.00104      66606         11  0.000e+00
      3.868     7.8246     7.8236   3.587822   3.588003     2.1805     0.7308     0.2919    5.00104      66607         11  0.000e+00
      3.907     7.8245     7.8237   3.587835   3.587990     2.1805     0.7308     0.2907    5.00108      66608         11  0.000e+00
      3.845     7.8246     7.8236   3.587853   3.588036     2.1805     0.7308     0.2907    5.00102      66609         11  0.000e+00
      3.963     7.8243     7.8234   3.587797   3.588049     2.1805     0.7308     0.2896    5.00114      66610         11  0.000e+00
      3.908     7.8245     7.8238   3.587791   3.588003     2.1805     0.7308     0.2907    5.00109      66611         11  0.000e+00
      3.868     7.8242     7.8236   3.587822   3.587990     2.1805     0.7308     0.2919    5.00108      66612         11  0.000e+00
      3.963     7.8243     7.8236   3.587816   3.588003     2.1805     0.7308     0.2919    5.00113      66613         11  0.000e+00
      3.963     7.8243     7.8237   3.587822   3.587990     2.1805     0.7308     0.2919    5.00113      66614         11  0.000e+00
      3.963     7.8243     7.8236   3.587835   3.588003     2.1805     0.7308     0.2930    5.00112      66615         11  0.000e+00
      4.025     7.8243     7.8236   3.587791   3.587990     2.1805     0.7308     0.2930    5.00119      66616         11  0.000e+00
      3.963     7.8245     7.8233   3.587791   3.588003     2.1805     0.7308     0.2919    5.00113      66617         11  0.000e+00
      3.978     7.8243     7.8237   3.587822   3.587990     2.1805     0.7308     0.2907    5.00114      66618         11  0.000e+00
      4.026     7.8243     7.8234   3.587803   3.587937     2.1805     0.7308     0.2907    5.00118      66619         11  0.000e+00
      4.026     7.8243     7.8236   3.587822   3.587990     2.1805     0.7308     0.2907    5.00117      66620         11  0.000e+00
      4.081     7.8242     7.8237   3.587816   3.588003     2.1805     0.7308     0.2907    5.00122      66621         11  0.000e+00
      4.026     7.8243     7.8236   3.587803   3.588016     2.1805     0.7308     0.2896    5.00118      66622         11  0.000e+00
      4.096     7.8240     7.8235   3.587785   3.588003     2.1805     0.7308     0.2896    5.00126      66623         11  0.000e+00
      4.143     7.8237     7.8236   3.587772   3.587990     2.1805     0.7308     0.2896    5.00132      66624         11  0.000e+00
      4.143     7.8232     7.8234   3.587697   3.588003     2.1805     0.7308     0.2907    5.00139      66625         11  0.000e+00
      4.143     7.8229     7.8234   3.587653   3.588036     2.1805     0.7308     0.2896    5.00143      66626         11  0.000e+00
      4.143     7.8225     7.8233   3.587622   3.587957     2.1805     0.7308     0.2896    5.00147      66627         11  0.000e+00
      3.399     7.8246     7.8242   3.587835   3.588068     2.1805     0.7308     0.2942    5.00068      66793         12  0.000e+00
      3.438     7.8246     7.8241   3.587816   3.587989     2.1805     0.7308     0.2930    5.00071      66794         12  0.000e+00
      3.438     7.8246     7.8239   3.587784   3.588036     2.1805     0.7308     0.2919    5.00072      66795         12  0.000e+00
      3.438     7.8245     7.8236   3.587791   3.587990     2.1805     0.7308     0.2919    5.00073      66796         12  0.000e+00
      3.501     7.8248     7.8238   3.587847   3.587970     2.1817     0.7308     0.2919    5.00435      66797         12  0.000e+00
      3.462     7.8248     7.8237   3.587866   3.587990     2.1805     0.7308     0.2919    5.00069      66798         12  0.000e+00
      3.619     7.8250     7.8236   3.587885   3.588003     2.1805     0.7552     0.2919    5.00077      66799         12  0.000e+00
      3.328     7.8251     7.8236   3.587878   3.587989     2.1817     0.7552     0.2919    5.00420      66800         12  0.000e+00
      3.619     7.8253     7.8237   3.587885   3.587970     2.1805     0.7552     0.2930    5.00075      66801         12  0.000e+00
      3.556     7.8253     7.8239   3.587897   3.587990     2.1805     0.7552     0.2930    5.00070      66802         12  0.000e+00
      3.517     7.8251     7.8239   3.587897   3.588036     2.1805     0.7552     0.2919    5.00069      66803         12  0.000e+00
      3.674     7.8253     7.8241   3.587897   3.588016     2.1805     0.7552     0.2919    5.00077      66804         12  0.000e+00
      3.619     7.8255     7.8241   3.587897   3.588036     2.1805     0.7552     0.2930    5.00072      66805         12  0.000e+00
      3.674     7.8251     7.8241   3.587878   3.588016     2.1805     0.7552     0.2930    5.00080      66806         12  0.000e+00
      3.737     7.8253     7.8242   3.587847   3.588069     2.1805     0.7552     0.2930    5.00083      66807         12  0.000e+00
      3.690     7.8250     7.8241   3.587878   3.588036     2.1805     0.7552     0.2930    5.00082      66808         12  0.000e+00
      3.847     7.8253     7.8242   3.587916   3.588082     2.1805     0.7552     0.2930    5.00088      66809         12  0.000e+00
      3.737     7.8255     7.8239   3.587910   3.588069     2.1805     0.7552     0.2930    5.00080      66810         12  0.000e+00
      3.847     7.8255     7.8239   3.587879   3.588049     2.1817     0.7552     0.2919    5.00451      66811         12  0.000e+00
      3.910     7.8253     7.8237   3.587910   3.588036     2.1817     0.7552     0.2919    5.00455      66812         12  0.000e+00
      3.871     7.8253     7.8239   3.587910   3.588016     2.1805     0.7552     0.2919    5.00090      66813         12  0.000e+00
      3.965     7.8253     7.8241   3.587916   3.588003     2.1805     0.7552     0.2919    5.00096      66814         12  0.000e+00
      3.965     7.8253     7.8241   3.587910   3.588049     2.1805     0.7552     0.2919    5.00096      66815         12  0.000e+00
      3.965     7.8251     7.8241   3.587916   3.588069     2.1805     0.7552     0.2919    5.00097      66816         12  0.000e+00
      4.083     7.8255     7.8241   3.587929   3.588115     2.1817     0.7552     0.2919    5.00464      66817         12  0.000e+00
      3.981     7.8255     7.8239   3.587947   3.588069     2.1805     0.7552     0.2919    5.00094      66818         12  0.000e+00
      4.201     7.8256     7.8244   3.587941   3.588049     2.1805     0.7552     0.2930    5.00107      66819         12  0.000e+00
      4.146     7.8255     7.8244   3.587929   3.588095     2.1805     0.7552     0.2930    5.00106      66820         12  0.000e+00
      4.201     7.8255     7.8246   3.587947   3.588115     2.1805     0.7552     0.2919    5.00108      66821         12  0.000e+00
      4.201     7.8256     7.8244   3.587960   3.588069     2.1805     0.7552     0.2919    5.00107      66822         12  0.000e+00
      4.201     7.8255     7.8244   3.587960   3.588115     2.1805     0.7308     0.2907    5.00108      66823         12  0.000e+00
      4.335     7.8255     7.8247   3.587941   3.588095     2.1805     0.7186     0.2919    5.00117      66824         12  0.000e+00
      4.319     7.8255     7.8246   3.587948   3.588115     2.1805     0.7186     0.2907    5.00116      66825         12  0.000e+00
      4.319     7.8255     7.8247   3.587960   3.588128     2.1805     0.7186     0.2919    5.00116      66826         12  0.000e+00
      4.374     7.8253     7.8246   3.587941   3.588148     2.1805     0.7186     0.2930    5.00121      66827         12  0.000e+00
      4.437     7.8253     7.8247   3.587885   3.588128     2.1805     0.7186     0.2930    5.00128      66828         12  0.000e+00
      4.453     7.8248     7.8246   3.587910   3.588148     2.1805     0.7186     0.2930    5.00132      66829         12  0.000e+00
      4.492     7.8251     7.8244   3.587929   3.588095     2.1805     0.7186     0.2930    5.00131      66830         12  0.000e+00
      4.492     7.8250     7.8242   3.587929   3.588115     2.1805     0.7186     0.2919    5.00132      66831         12  0.000e+00
      4.547     7.8251     7.8244   3.587929   3.588095     2.1793     0.7186     0.2919    4.99772      66832         12  0.000e+00
      4.547     7.8251     7.8244   3.587929   3.588115     2.1805     0.7186     0.2919    5.00134      66833         12  0.000e+00
      4.610     7.8251     7.8244   3.587929   3.588128     2.1805     0.7186     0.2919    5.00139      66834         12  0.000e+00
      4.571     7.8250     7.8244   3.587929   3.588082     2.1805     0.7186     0.2919    5.00137      66835         12  0.000e+00
      4.665     7.8250     7.8246   3.587929   3.588095     2.1805     0.7186     0.2919    5.00143      66836         12  0.000e+00
      4.610     7.8251     7.8244   3.587910   3.588128     2.1805     0.7186     0.2919    5.00139      66837         12  0.000e+00
      4.728     7.8251     7.8246   3.587916   3.588082     2.1805     0.7186     0.2919    5.00147      66838         12  0.000e+00
      4.728     7.8251     7.8246   3.587910   3.588095     2.1805     0.7186     0.2919    5.00147      66839         12  0.000e+00
      4.744     7.8253     7.8247   3.587916   3.588148     2.1805     0.7186     0.2919    5.00146      66840         12  0.000e+00
      4.728     7.8253     7.8247   3.587929   3.588128     2.1805     0.7186     0.2919    5.00144      66841         12  0.000e+00
