Cruise Data/Irminger_Sea-01_KN-221_2014-09-07/Ship Data/ctd/process/ukn22104005.cnv
* Sea-Bird SBE 9 Data File:
* FileName = C:\Data\ctd\KN22104005.hdr
* Software Version Seasave V 7.21k
* Temperature SN = 4195
* Conductivity SN = 2147
* Number of Bytes Per Scan = 40
* Number of Voltage Words = 5
* Number of Scans Averaged by the Deck Unit = 1
* NMEA Latitude = 59 55.45 N
* NMEA Longitude = 039 30.56 W
* NMEA UTC (Time) = Sep 11 2014 22:48:32
** KN221-04 Chief Scientist: Bob Weller
** OOI Irminger Sea Sept. 2014
** Station: 005
** Knudsen Depth: 2715
# nquan = 19
# nvalues = 1482                        
# units = specified
# name 0 = prDM: Pressure, Digiquartz [db]
# name 1 = t090C: Temperature [ITS-90, deg C]
# name 2 = t190C: Temperature, 2 [ITS-90, deg C]
# name 3 = c0S/m: Conductivity [S/m]
# name 4 = c1S/m: Conductivity, 2 [S/m]
# name 5 = sbeox0V: Oxygen raw, SBE 43 [V]
# name 6 = flECO-AFL: Fluorescence, WET Labs ECO-AFL/FL [mg/m^3]
# name 7 = CStarAt0: Beam Attenuation, WET Labs C-Star [1/m]
# name 8 = sbeox0ML/L: Oxygen, SBE 43 [ml/l]
# name 9 = depSM: Depth [salt water, m], lat = 59.9242
# name 10 = sal00: Salinity, Practical [PSU]
# name 11 = sal11: Salinity, Practical, 2 [PSU]
# name 12 = svDM: Sound Velocity [Delgrosso, m/s]
# name 13 = sbeox0ML/L: Oxygen, SBE 43 [ml/l], WS = 2
# name 14 = density00: Density [density, Kg/m^3]
# name 15 = density11: Density, 2 [density, Kg/m^3]
# name 16 = dz/dtM: Descent Rate [m/s], WS = 2
# name 17 = oxsatML/L: Oxygen Saturation, Weiss [ml/l]
# name 18 = flag: flag
# span 0 =      2.019,   1502.503       
# span 1 =     3.5290,     9.1926       
# span 2 =     3.5285,     9.1923       
# span 3 =   3.245311,   3.711635       
# span 4 =   3.245457,   3.712131       
# span 5 =     1.6558,     2.2142       
# span 6 =     0.0103,     1.9214       
# span 7 =     0.0792,     0.3865       
# span 8 =    4.65221,    5.08760       
# span 9 =      2.000,   1483.000       
# span 10 =    34.7398,    34.9518      
# span 11 =    34.7324,    34.9547      
# span 12 =    1471.02,    1488.96      
# span 13 =    4.65210,    5.08747      
# span 14 =  1026.9181,  1034.6787      
# span 15 =  1026.9211,  1034.6809      
# span 16 =     -2.030,      0.194      
# span 17 =    6.44160,    7.35223      
# span 18 = 0.0000e+00, 0.0000e+00      
# interval = meters: 1                  
# start_time = Sep 11 2014 22:48:32 [NMEA time, header]
# bad_flag = -9.990e-29
*END*
[from data line 381]
   1115.468     3.7749     3.7738   3.277479   3.277609     1.7381     0.0372     0.0803    4.71398   1102.000    34.9113    34.9140    1483.60    4.71387  1032.8783  1032.8806     -0.953    7.30837 0.0000e+00
   1114.453     3.7756     3.7743   3.277480   3.277604     1.7383     0.0479     0.0804    4.71379   1101.000    34.9110    34.9139    1483.59    4.71367  1032.8734  1032.8759     -1.297    7.30825 0.0000e+00
   1113.438     3.7761     3.7752   3.277471   3.277631     1.7383     0.0470     0.0803    4.71310   1100.000    34.9109    34.9138    1483.57    4.71299  1032.8687  1032.8710     -1.586    7.30817 0.0000e+00
   1112.423     3.7765     3.7758   3.277458   3.277626     1.7384     0.0461     0.0803    4.71312   1099.000    34.9109    34.9136    1483.56    4.71300  1032.8639  1032.8661     -1.742    7.30811 0.0000e+00
   1111.408     3.7770     3.7764   3.277455   3.277642     1.7389     0.0367     0.0803    4.71407   1098.000    34.9108    34.9137    1483.54    4.71395  1032.8591  1032.8615     -1.758    7.30801 0.0000e+00
   1110.393     3.7771     3.7766   3.277424   3.277618     1.7394     0.0357     0.0806    4.71543   1097.000    34.9109    34.9137    1483.52    4.71531  1032.8546  1032.8569     -1.628    7.30800 0.0000e+00
   1109.378     3.7773     3.7767   3.277404   3.277579     1.7396     0.0348     0.0804    4.71567   1096.000    34.9109    34.9137    1483.51    4.71556  1032.8500  1032.8522     -1.308    7.30795 0.0000e+00
   1108.364     3.7775     3.7768   3.277373   3.277547     1.7398     0.0302     0.0809    4.71581   1095.000    34.9109    34.9137    1483.49    4.71570  1032.8452  1032.8475     -0.680    7.30792 0.0000e+00
   1107.349     3.7780     3.7773   3.277358   3.277524     1.7409     0.0431     0.0805    4.71901   1094.000    34.9106    34.9134    1483.48    4.71889  1032.8405  1032.8427     -0.549    7.30783 0.0000e+00
   1106.334     3.7784     3.7775   3.277333   3.277499     1.7407     0.0284     0.0804    4.71788   1093.000    34.9105    34.9134    1483.46    4.71776  1032.8357  1032.8380     -0.962    7.30778 0.0000e+00
   1105.319     3.7783     3.7778   3.277278   3.277460     1.7409     0.0377     0.0803    4.71778   1092.000    34.9105    34.9132    1483.45    4.71767  1032.8311  1032.8333     -1.186    7.30780 0.0000e+00
   1104.304     3.7780     3.7775   3.277189   3.277386     1.7416     0.0454     0.0804    4.72000   1091.000    34.9102    34.9131    1483.43    4.71989  1032.8262  1032.8285     -1.336    7.30786 0.0000e+00
   1103.289     3.7781     3.7776   3.277162   3.277339     1.7417     0.0383     0.0803    4.71964   1090.000    34.9103    34.9130    1483.41    4.71953  1032.8217  1032.8239     -1.403    7.30784 0.0000e+00
   1102.274     3.7787     3.7779   3.277139   3.277318     1.7420     0.0478     0.0810    4.72016   1089.000    34.9100    34.9129    1483.40    4.72004  1032.8167  1032.8191     -1.391    7.30776 0.0000e+00
   1101.260     3.7786     3.7780   3.277100   3.277276     1.7420     0.0358     0.0805    4.71945   1088.000    34.9101    34.9128    1483.38    4.71933  1032.8121  1032.8143     -1.301    7.30776 0.0000e+00
   1100.245     3.7787     3.7783   3.277076   3.277252     1.7421     0.0282     0.0806    4.71928   1087.000    34.9102    34.9128    1483.36    4.71916  1032.8076  1032.8097     -1.133    7.30774 0.0000e+00
   1099.230     3.7787     3.7781   3.277018   3.277195     1.7424     0.0343     0.0809    4.71975   1086.000    34.9100    34.9128    1483.35    4.71964  1032.8029  1032.8051     -0.829    7.30774 0.0000e+00
   1098.215     3.7787     3.7781   3.276978   3.277144     1.7431     0.0345     0.0803    4.72169   1085.000    34.9101    34.9127    1483.33    4.72158  1032.7983  1032.8004     -0.693    7.30775 0.0000e+00
   1097.200     3.7783     3.7779   3.276901   3.277083     1.7435     0.0368     0.0803    4.72276   1084.000    34.9101    34.9127    1483.31    4.72265  1032.7937  1032.7958     -0.726    7.30781 0.0000e+00
   1096.185     3.7780     3.7777   3.276808   3.277021     1.7438     0.0283     0.0804    4.72339   1083.000    34.9098    34.9127    1483.29    4.72327  1032.7889  1032.7911     -0.716    7.30788 0.0000e+00
   1095.171     3.7781     3.7775   3.276742   3.276943     1.7445     0.0365     0.0803    4.72521   1082.000    34.9095    34.9125    1483.28    4.72509  1032.7841  1032.7865     -1.189    7.30789 0.0000e+00
   1094.156     3.7784     3.7776   3.276723   3.276906     1.7446     0.0450     0.0805    4.72518   1081.000    34.9094    34.9124    1483.26    4.72506  1032.7793  1032.7819     -1.543    7.30783 0.0000e+00
   1093.141     3.7788     3.7779   3.276721   3.276867     1.7449     0.0470     0.0803    4.72552   1080.000    34.9095    34.9122    1483.25    4.72541  1032.7748  1032.7770     -1.704    7.30775 0.0000e+00
   1092.126     3.7788     3.7785   3.276677   3.276877     1.7450     0.0376     0.0803    4.72523   1079.000    34.9095    34.9122    1483.23    4.72512  1032.7701  1032.7722     -1.690    7.30775 0.0000e+00
   1091.111     3.7787     3.7783   3.276606   3.276794     1.7455     0.0373     0.0805    4.72639   1078.000    34.9093    34.9120    1483.21    4.72627  1032.7653  1032.7675     -1.521    7.30779 0.0000e+00
   1090.096     3.7783     3.7780   3.276501   3.276708     1.7455     0.0365     0.0807    4.72610   1077.000    34.9090    34.9118    1483.19    4.72598  1032.7605  1032.7627     -1.162    7.30787 0.0000e+00
   1089.082     3.7771     3.7768   3.276318   3.276531     1.7458     0.0357     0.0807    4.72665   1076.000    34.9086    34.9114    1483.17    4.72653  1032.7556  1032.7579     -0.608    7.30810 0.0000e+00
   1088.067     3.7754     3.7754   3.276079   3.276331     1.7462     0.0486     0.0802    4.72792   1075.000    34.9081    34.9110    1483.15    4.72780  1032.7510  1032.7532     -0.470    7.30844 0.0000e+00
   1087.052     3.7748     3.7747   3.275956   3.276204     1.7470     0.0224     0.0805    4.73021   1074.000    34.9078    34.9108    1483.13    4.73009  1032.7461  1032.7485     -1.041    7.30856 0.0000e+00
   1086.037     3.7718     3.7729   3.275595   3.275989     1.7473     0.0355     0.0810    4.73114   1073.000    34.9072    34.9107    1483.10    4.73102  1032.7413  1032.7440     -1.426    7.30912 0.0000e+00
   1085.023     3.7688     3.7689   3.275238   3.275566     1.7474     0.0385     0.0803    4.73142   1072.000    34.9067    34.9105    1483.07    4.73131  1032.7368  1032.7397     -1.648    7.30970 0.0000e+00
   1084.008     3.7674     3.7654   3.275045   3.275092     1.7478     0.0392     0.0803    4.73256   1071.000    34.9063    34.9090    1483.05    4.73245  1032.7321  1032.7345     -1.710    7.30996 0.0000e+00
   1082.993     3.7657     3.7650   3.274816   3.274998     1.7480     0.0259     0.0803    4.73286   1070.000    34.9060    34.9088    1483.02    4.73274  1032.7274  1032.7297     -1.614    7.31030 0.0000e+00
   1081.978     3.7635     3.7628   3.274562   3.274749     1.7481     0.0360     0.0805    4.73288   1069.000    34.9058    34.9087    1482.99    4.73276  1032.7229  1032.7253     -1.354    7.31070 0.0000e+00
   1080.964     3.7623     3.7611   3.274343   3.274525     1.7482     0.0461     0.0803    4.73269   1068.000    34.9050    34.9084    1482.97    4.73258  1032.7178  1032.7206     -0.934    7.31095 0.0000e+00
   1079.949     3.7623     3.7598   3.274252   3.274279     1.7486     0.0381     0.0803    4.73348   1067.000    34.9044    34.9074    1482.95    4.73337  1032.7126  1032.7153     -0.574    7.31097 0.0000e+00
   1078.934     3.7653     3.7620   3.274473   3.274376     1.7495     0.0306     0.0802    4.73623   1066.000    34.9044    34.9067    1482.95    4.73611  1032.7076  1032.7100     -0.644    7.31044 0.0000e+00
   1077.919     3.7704     3.7659   3.274925   3.274694     1.7504     0.0379     0.0803    4.73803   1065.000    34.9049    34.9068    1482.96    4.73791  1032.7028  1032.7050     -1.087    7.30950 0.0000e+00
   1076.905     3.7738     3.7696   3.275214   3.274982     1.7504     0.0430     0.0803    4.73728   1064.000    34.9052    34.9069    1482.95    4.73716  1032.6980  1032.6998     -1.381    7.30887 0.0000e+00
   1075.890     3.7743     3.7732   3.275208   3.275325     1.7507     0.0449     0.0804    4.73741   1063.000    34.9051    34.9077    1482.94    4.73729  1032.6932  1032.6954     -1.493    7.30878 0.0000e+00
   1074.875     3.7723     3.7717   3.274947   3.275154     1.7511     0.0372     0.0876    4.73864   1062.000    34.9047    34.9077    1482.91    4.73852  1032.6886  1032.6909     -1.451    7.30917 0.0000e+00
   1073.860     3.7691     3.7689   3.274593   3.274824     1.7513     0.0368     0.0810    4.73915   1061.000    34.9044    34.9073    1482.88    4.73904  1032.6841  1032.6864     -1.301    7.30976 0.0000e+00
   1072.846     3.7674     3.7672   3.274383   3.274583     1.7519     0.0388     0.0811    4.74103   1060.000    34.9042    34.9068    1482.86    4.74091  1032.6794  1032.6816     -0.998    7.31006 0.0000e+00
   1071.831     3.7624     3.7621   3.273805   3.274010     1.7527     0.0355     0.0804    4.74418   1059.000    34.9031    34.9059    1482.82    4.74406  1032.6747  1032.6770     -0.433    7.31102 0.0000e+00
   1070.816     3.7603     3.7619   3.273525   3.273903     1.7532     0.0354     0.0804    4.74581   1058.000    34.9025    34.9053    1482.79    4.74569  1032.6698  1032.6719     -1.191    7.31142 0.0000e+00
   1069.802     3.7566     3.7584   3.273088   3.273621     1.7533     0.0348     0.0809    4.74605   1057.000    34.9018    34.9062    1482.76    4.74593  1032.6652  1032.6683     -1.611    7.31214 0.0000e+00
   1068.787     3.7544     3.7543   3.272830   3.273106     1.7536     0.0383     0.0804    4.74671   1056.000    34.9016    34.9050    1482.73    4.74659  1032.6606  1032.6633     -1.772    7.31254 0.0000e+00
   1067.772     3.7536     3.7525   3.272688   3.272852     1.7540     0.0473     0.0803    4.74767   1055.000    34.9013    34.9044    1482.71    4.74755  1032.6559  1032.6584     -1.723    7.31270 0.0000e+00
   1066.758     3.7526     3.7519   3.272564   3.272718     1.7541     0.0477     0.0805    4.74758   1054.000    34.9014    34.9039    1482.69    4.74747  1032.6515  1032.6536     -1.410    7.31288 0.0000e+00
   1065.743     3.7515     3.7511   3.272398   3.272596     1.7546     0.0417     0.0804    4.74892   1053.000    34.9011    34.9038    1482.67    4.74881  1032.6467  1032.6489     -0.780    7.31309 0.0000e+00
   1064.728     3.7517     3.7501   3.272349   3.272441     1.7554     0.0430     0.0820    4.75141   1052.000    34.9008    34.9036    1482.66    4.75129  1032.6418  1032.6443     -0.717    7.31306 0.0000e+00
   1063.714     3.7542     3.7513   3.272536   3.272471     1.7560     0.0332     0.0804    4.75278   1051.000    34.9009    34.9032    1482.65    4.75267  1032.6370  1032.6392     -0.786    7.31261 0.0000e+00
   1062.699     3.7574     3.7558   3.272799   3.272815     1.7567     0.0354     0.0803    4.75446   1050.000    34.9011    34.9030    1482.65    4.75435  1032.6321  1032.6339     -0.974    7.31202 0.0000e+00
   1061.684     3.7602     3.7579   3.273017   3.273024     1.7568     0.0231     0.0806    4.75391   1049.000    34.9013    34.9038    1482.64    4.75380  1032.6273  1032.6295     -1.292    7.31151 0.0000e+00
   1060.670     3.7611     3.7598   3.273052   3.273149     1.7568     0.0247     0.0805    4.75317   1048.000    34.9013    34.9038    1482.63    4.75305  1032.6226  1032.6248     -1.364    7.31135 0.0000e+00
   1059.655     3.7607     3.7604   3.272990   3.273180     1.7574     0.0465     0.0803    4.75485   1047.000    34.9014    34.9040    1482.61    4.75473  1032.6180  1032.6201     -1.202    7.31140 0.0000e+00
   1058.640     3.7598     3.7599   3.272852   3.273105     1.7580     0.0470     0.0803    4.75655   1046.000    34.9013    34.9042    1482.59    4.75643  1032.6134  1032.6157     -0.916    7.31158 0.0000e+00
   1057.626     3.7590     3.7587   3.272714   3.272919     1.7581     0.0470     0.0804    4.75644   1045.000    34.9011    34.9038    1482.57    4.75632  1032.6088  1032.6110     -0.946    7.31174 0.0000e+00
   1056.611     3.7562     3.7570   3.272345   3.272717     1.7581     0.0470     0.0814    4.75599   1044.000    34.9001    34.9037    1482.54    4.75588  1032.6038  1032.6064     -1.176    7.31229 0.0000e+00
   1055.596     3.7540     3.7542   3.272068   3.272369     1.7587     0.0374     0.0803    4.75784   1043.000    34.8997    34.9031    1482.51    4.75772  1032.5991  1032.6017     -1.153    7.31271 0.0000e+00
   1054.582     3.7524     3.7521   3.271852   3.272055     1.7591     0.0367     0.0803    4.75912   1042.000    34.8994    34.9021    1482.49    4.75901  1032.5944  1032.5966     -0.876    7.31301 0.0000e+00
   1053.567     3.7519     3.7511   3.271742   3.271913     1.7596     0.0358     0.0803    4.76059   1041.000    34.8991    34.9020    1482.47    4.76047  1032.5896  1032.5920     -0.742    7.31312 0.0000e+00
   1052.552     3.7506     3.7501   3.271550   3.271784     1.7603     0.0357     0.0803    4.76274   1040.000    34.8987    34.9021    1482.45    4.76262  1032.5848  1032.5875     -0.985    7.31337 0.0000e+00
   1051.538     3.7500     3.7493   3.271429   3.271610     1.7606     0.0354     0.0804    4.76327   1039.000    34.8984    34.9013    1482.43    4.76315  1032.5801  1032.5824     -1.137    7.31349 0.0000e+00
   1050.523     3.7507     3.7498   3.271468   3.271594     1.7611     0.0354     0.0803    4.76440   1038.000    34.8986    34.9011    1482.42    4.76428  1032.5754  1032.5776     -1.148    7.31335 0.0000e+00
   1049.509     3.7520     3.7512   3.271538   3.271686     1.7616     0.0363     0.0803    4.76531   1037.000    34.8986    34.9012    1482.40    4.76519  1032.5707  1032.5729     -1.018    7.31311 0.0000e+00
   1048.494     3.7525     3.7511   3.271547   3.271640     1.7622     0.0357     0.0811    4.76691   1036.000    34.8988    34.9014    1482.39    4.76679  1032.5662  1032.5684     -0.981    7.31303 0.0000e+00
   1047.479     3.7537     3.7523   3.271604   3.271679     1.7629     0.0361     0.0805    4.76886   1035.000    34.8986    34.9011    1482.38    4.76874  1032.5613  1032.5634     -1.277    7.31281 0.0000e+00
   1046.465     3.7545     3.7532   3.271652   3.271760     1.7630     0.0348     0.0816    4.76860   1034.000    34.8989    34.9016    1482.36    4.76848  1032.5568  1032.5590     -1.487    7.31266 0.0000e+00
   1045.450     3.7552     3.7546   3.271675   3.271828     1.7630     0.0356     0.0803    4.76788   1033.000    34.8990    34.9015    1482.35    4.76777  1032.5521  1032.5541     -1.436    7.31253 0.0000e+00
   1044.436     3.7555     3.7550   3.271684   3.271849     1.7637     0.0374     0.0803    4.76960   1032.000    34.8993    34.9017    1482.34    4.76949  1032.5477  1032.5497     -0.961    7.31246 0.0000e+00
   1043.421     3.7586     3.7574   3.271951   3.272065     1.7644     0.0370     0.0804    4.77124   1031.000    34.8996    34.9023    1482.33    4.77113  1032.5428  1032.5452     -0.396    7.31187 0.0000e+00
   1042.406     3.7593     3.7571   3.271950   3.271973     1.7644     0.0379     0.0804    4.77081   1030.000    34.8995    34.9020    1482.32    4.77069  1032.5381  1032.5404     -1.159    7.31177 0.0000e+00
   1041.392     3.7602     3.7589   3.271991   3.272086     1.7648     0.0362     0.0803    4.77144   1029.000    34.8995    34.9020    1482.31    4.77132  1032.5333  1032.5355     -1.349    7.31160 0.0000e+00
   1040.377     3.7600     3.7593   3.271932   3.272095     1.7655     0.0230     0.0807    4.77347   1028.000    34.8996    34.9022    1482.29    4.77335  1032.5288  1032.5310     -1.432    7.31164 0.0000e+00
   1039.363     3.7598     3.7592   3.271865   3.272053     1.7653     0.0410     0.0820    4.77202   1027.000    34.8995    34.9023    1482.27    4.77191  1032.5242  1032.5264     -1.461    7.31168 0.0000e+00
