Cruise Data/Irminger_Sea-01_KN-221_2014-09-07/Ship Data/ctd/process/ukn22104006.cnv
* Sea-Bird SBE 9 Data File:
* FileName = C:\Data\ctd\KN22104006.hdr
* Software Version Seasave V 7.21k
* Temperature SN = 4195
* Conductivity SN = 2147
* Number of Bytes Per Scan = 40
* Number of Voltage Words = 5
* Number of Scans Averaged by the Deck Unit = 1
* NMEA Latitude = 59 57.97 N
* NMEA Longitude = 039 28.24 W
* NMEA UTC (Time) = Sep 12 2014 05:09:49
** KN221-04 Chief Scientist: Bob Weller
** OOI Irminger Sea Sept. 2014
** Station: 006
** Knudsen Depth: 2706
# nquan = 19
# nvalues = 2458                        
# units = specified
# name 0 = prDM: Pressure, Digiquartz [db]
# name 1 = t090C: Temperature [ITS-90, deg C]
# name 2 = t190C: Temperature, 2 [ITS-90, deg C]
# name 3 = c0S/m: Conductivity [S/m]
# name 4 = c1S/m: Conductivity, 2 [S/m]
# name 5 = sbeox0V: Oxygen raw, SBE 43 [V]
# name 6 = flECO-AFL: Fluorescence, WET Labs ECO-AFL/FL [mg/m^3]
# name 7 = CStarAt0: Beam Attenuation, WET Labs C-Star [1/m]
# name 8 = sbeox0ML/L: Oxygen, SBE 43 [ml/l]
# name 9 = depSM: Depth [salt water, m], lat = 59.9662
# name 10 = sal00: Salinity, Practical [PSU]
# name 11 = sal11: Salinity, Practical, 2 [PSU]
# name 12 = svDM: Sound Velocity [Delgrosso, m/s]
# name 13 = sbeox0ML/L: Oxygen, SBE 43 [ml/l], WS = 2
# name 14 = density00: Density [density, Kg/m^3]
# name 15 = density11: Density, 2 [density, Kg/m^3]
# name 16 = dz/dtM: Descent Rate [m/s], WS = 2
# name 17 = oxsatML/L: Oxygen Saturation, Weiss [ml/l]
# name 18 = flag: flag
# span 0 =     23.220,   2518.614       
# span 1 =     2.2372,     9.1745       
# span 2 =     2.2367,     9.1734       
# span 3 =   3.197179,   3.710721       
# span 4 =   3.197412,   3.710957       
# span 5 =     1.5248,     2.2089       
# span 6 =     0.0100,     1.8592       
# span 7 =     0.0833,     0.3972       
# span 8 =    4.67299,    5.07501       
# span 9 =     23.000,   2480.000       
# span 10 =    34.7531,    34.9944      
# span 11 =    34.6320,    34.9943      
# span 12 =    1471.34,    1500.73      
# span 13 =    4.67288,    5.07488      
# span 14 =  1027.0204,  1039.3945      
# span 15 =  1027.0233,  1039.3972      
# span 16 =     -2.232,      0.414      
# span 17 =    6.44394,    7.59634      
# span 18 = 0.0000e+00, 0.0000e+00      
# interval = meters: 1                  
# start_time = Sep 12 2014 05:09:49 [NMEA time, header]
# bad_flag = -9.990e-29
*END*
[from data line 1905]
    581.286     3.9040     3.9046   3.264175   3.264405     1.9016     0.0226     0.0869    4.96045    575.000    34.8933    34.8954    1475.39    4.96033  1030.4031  1030.4047     -1.462    7.28602 0.0000e+00
    580.274     3.9070     3.9081   3.264441   3.264728     1.9019     0.0386     0.0869    4.96018    574.000    34.8938    34.8960    1475.39    4.96006  1030.3984  1030.4000     -1.440    7.28545 0.0000e+00
    579.262     3.9089     3.9103   3.264563   3.264901     1.9021     0.0442     0.0869    4.95999    573.000    34.8937    34.8963    1475.38    4.95986  1030.3936  1030.3954     -1.343    7.28511 0.0000e+00
    578.249     3.9102     3.9105   3.264659   3.264905     1.9025     0.0362     0.0872    4.96056    572.000    34.8941    34.8966    1475.37    4.96044  1030.3889  1030.3910     -1.190    7.28487 0.0000e+00
    577.237     3.9106     3.9108   3.264651   3.264879     1.9028     0.0358     0.0869    4.96096    571.000    34.8941    34.8965    1475.35    4.96083  1030.3843  1030.3862     -0.989    7.28480 0.0000e+00
    576.225     3.9103     3.9111   3.264587   3.264859     1.9031     0.0326     0.0868    4.96136    570.000    34.8941    34.8966    1475.33    4.96124  1030.3796  1030.3815     -0.773    7.28484 0.0000e+00
    575.212     3.9121     3.9114   3.264694   3.264847     1.9031     0.0229     0.0868    4.96047    569.000    34.8941    34.8966    1475.33    4.96035  1030.3748  1030.3768     -0.640    7.28453 0.0000e+00
    574.200     3.9116     3.9111   3.264605   3.264769     1.9029     0.0328     0.0864    4.95943    568.000    34.8941    34.8966    1475.31    4.95930  1030.3701  1030.3722     -0.757    7.28462 0.0000e+00
    573.188     3.9112     3.9108   3.264528   3.264691     1.9031     0.0261     0.0860    4.95945    567.000    34.8941    34.8965    1475.29    4.95932  1030.3656  1030.3676     -1.076    7.28468 0.0000e+00
    572.175     3.9108     3.9104   3.264426   3.264584     1.9031     0.0375     0.0878    4.95885    566.000    34.8938    34.8962    1475.27    4.95872  1030.3607  1030.3627     -1.377    7.28477 0.0000e+00
    571.163     3.9120     3.9119   3.264466   3.264668     1.9031     0.0347     0.0867    4.95808    565.000    34.8936    34.8961    1475.26    4.95795  1030.3557  1030.3577     -1.574    7.28456 0.0000e+00
    570.151     3.9133     3.9131   3.264552   3.264725     1.9034     0.0357     0.0878    4.95812    564.000    34.8938    34.8960    1475.25    4.95800  1030.3511  1030.3529     -1.626    7.28433 0.0000e+00
    569.139     3.9141     3.9137   3.264585   3.264759     1.9035     0.0363     0.0869    4.95778    563.000    34.8938    34.8963    1475.23    4.95766  1030.3463  1030.3484     -1.503    7.28417 0.0000e+00
    568.126     3.9151     3.9156   3.264631   3.264876     1.9038     0.0360     0.0869    4.95821    562.000    34.8939    34.8963    1475.22    4.95808  1030.3417  1030.3435     -1.126    7.28400 0.0000e+00
    567.114     3.9161     3.9164   3.264708   3.264918     1.9046     0.0346     0.0868    4.95999    561.000    34.8942    34.8965    1475.21    4.95987  1030.3372  1030.3389     -0.449    7.28380 0.0000e+00
    566.102     3.9163     3.9161   3.264660   3.264848     1.9051     0.0270     0.0871    4.96131    560.000    34.8940    34.8965    1475.19    4.96118  1030.3323  1030.3342     -0.913    7.28377 0.0000e+00
    565.089     3.9158     3.9152   3.264561   3.264724     1.9054     0.0355     0.0869    4.96161    559.000    34.8939    34.8964    1475.18    4.96148  1030.3275  1030.3296     -1.304    7.28387 0.0000e+00
    564.077     3.9158     3.9152   3.264500   3.264673     1.9054     0.0363     0.0869    4.96118    558.000    34.8937    34.8964    1475.16    4.96106  1030.3228  1030.3250     -1.494    7.28388 0.0000e+00
    563.065     3.9144     3.9148   3.264331   3.264591     1.9056     0.0349     0.0868    4.96122    557.000    34.8937    34.8964    1475.14    4.96109  1030.3182  1030.3203     -1.497    7.28412 0.0000e+00
    562.053     3.9142     3.9140   3.264264   3.264459     1.9059     0.0361     0.0869    4.96169    556.000    34.8937    34.8962    1475.12    4.96157  1030.3136  1030.3157     -1.293    7.28417 0.0000e+00
    561.040     3.9144     3.9140   3.264251   3.264406     1.9061     0.0353     0.0868    4.96188    555.000    34.8938    34.8961    1475.10    4.96176  1030.3091  1030.3109     -0.962    7.28412 0.0000e+00
    560.028     3.9141     3.9133   3.264163   3.264295     1.9066     0.0352     0.0869    4.96287    554.000    34.8936    34.8960    1475.09    4.96275  1030.3042  1030.3063     -0.863    7.28418 0.0000e+00
    559.016     3.9135     3.9128   3.264057   3.264180     1.9068     0.0348     0.0874    4.96303    553.000    34.8935    34.8958    1475.07    4.96290  1030.2996  1030.3015     -0.823    7.28429 0.0000e+00
    558.004     3.9139     3.9134   3.264038   3.264187     1.9077     0.0264     0.0869    4.96540    552.000    34.8935    34.8957    1475.05    4.96528  1030.2949  1030.2966     -0.784    7.28424 0.0000e+00
    556.991     3.9149     3.9154   3.264088   3.264321     1.9080     0.0348     0.0868    4.96578    551.000    34.8935    34.8957    1475.04    4.96566  1030.2900  1030.2917     -0.776    7.28405 0.0000e+00
    555.979     3.9174     3.9171   3.264268   3.264454     1.9084     0.0348     0.0867    4.96630    550.000    34.8936    34.8961    1475.03    4.96617  1030.2852  1030.2872     -1.120    7.28360 0.0000e+00
    554.967     3.9184     3.9186   3.264318   3.264536     1.9091     0.0348     0.0869    4.96805    549.000    34.8936    34.8960    1475.02    4.96792  1030.2805  1030.2823     -1.399    7.28342 0.0000e+00
    553.955     3.9200     3.9199   3.264435   3.264615     1.9091     0.0262     0.0871    4.96707    548.000    34.8938    34.8961    1475.01    4.96694  1030.2758  1030.2776     -1.548    7.28312 0.0000e+00
    552.943     3.9216     3.9214   3.264551   3.264715     1.9100     0.0225     0.0869    4.96941    547.000    34.8940    34.8962    1475.00    4.96929  1030.2710  1030.2728     -1.584    7.28282 0.0000e+00
    551.930     3.9227     3.9225   3.264615   3.264782     1.9102     0.0233     0.0869    4.96916    546.000    34.8941    34.8964    1474.99    4.96903  1030.2664  1030.2682     -1.423    7.28262 0.0000e+00
    550.918     3.9233     3.9226   3.264640   3.264775     1.9103     0.0410     0.0869    4.96886    545.000    34.8943    34.8967    1474.98    4.96874  1030.2618  1030.2638     -0.839    7.28250 0.0000e+00
    549.906     3.9243     3.9240   3.264705   3.264861     1.9108     0.0395     0.0869    4.96970    544.000    34.8946    34.8967    1474.97    4.96958  1030.2572  1030.2589     -0.331    7.28231 0.0000e+00
    548.894     3.9242     3.9242   3.264624   3.264830     1.9104     0.0353     0.0884    4.96774    543.000    34.8942    34.8968    1474.95    4.96762  1030.2523  1030.2543     -1.257    7.28234 0.0000e+00
    547.882     3.9270     3.9270   3.264852   3.265030     1.9103     0.0364     0.0869    4.96637    542.000    34.8946    34.8967    1474.94    4.96624  1030.2476  1030.2493     -1.491    7.28184 0.0000e+00
    546.869     3.9291     3.9292   3.265011   3.265218     1.9106     0.0364     0.0871    4.96653    541.000    34.8948    34.8971    1474.94    4.96641  1030.2428  1030.2446     -1.509    7.28144 0.0000e+00
    545.857     3.9304     3.9302   3.265095   3.265268     1.9106     0.0295     0.0869    4.96548    540.000    34.8949    34.8972    1474.93    4.96535  1030.2382  1030.2400     -1.399    7.28121 0.0000e+00
    544.845     3.9307     3.9302   3.265082   3.265251     1.9113     0.0258     0.0869    4.96733    539.000    34.8949    34.8976    1474.91    4.96720  1030.2334  1030.2356     -1.248    7.28114 0.0000e+00
    543.833     3.9304     3.9300   3.265014   3.265181     1.9114     0.0366     0.0869    4.96721    538.000    34.8950    34.8974    1474.89    4.96709  1030.2289  1030.2308     -1.055    7.28120 0.0000e+00
    542.821     3.9298     3.9295   3.264923   3.265096     1.9117     0.0435     0.0869    4.96751    537.000    34.8951    34.8975    1474.87    4.96738  1030.2244  1030.2263     -0.789    7.28130 0.0000e+00
    541.809     3.9297     3.9291   3.264836   3.264998     1.9120     0.0352     0.0869    4.96812    536.000    34.8948    34.8972    1474.86    4.96800  1030.2195  1030.2214     -0.756    7.28134 0.0000e+00
    540.796     3.9294     3.9288   3.264774   3.264920     1.9125     0.0260     0.0881    4.96916    535.000    34.8948    34.8972    1474.84    4.96904  1030.2148  1030.2168     -0.826    7.28138 0.0000e+00
    539.784     3.9292     3.9284   3.264703   3.264821     1.9126     0.0353     0.0872    4.96898    534.000    34.8948    34.8970    1474.82    4.96885  1030.2102  1030.2120     -0.944    7.28143 0.0000e+00
    538.772     3.9306     3.9310   3.264774   3.264989     1.9127     0.0378     0.0869    4.96853    533.000    34.8946    34.8967    1474.81    4.96840  1030.2052  1030.2068     -1.175    7.28118 0.0000e+00
    537.760     3.9320     3.9319   3.264882   3.265074     1.9130     0.0456     0.0869    4.96866    532.000    34.8950    34.8974    1474.80    4.96854  1030.2007  1030.2026     -1.358    7.28091 0.0000e+00
    536.748     3.9325     3.9324   3.264881   3.265066     1.9137     0.0415     0.0869    4.97020    531.000    34.8949    34.8973    1474.79    4.97007  1030.1959  1030.1979     -1.363    7.28082 0.0000e+00
    535.736     3.9330     3.9327   3.264886   3.265059     1.9138     0.0335     0.0869    4.97005    530.000    34.8951    34.8974    1474.77    4.96992  1030.1913  1030.1932     -1.165    7.28074 0.0000e+00
    534.724     3.9329     3.9323   3.264817   3.264984     1.9141     0.0317     0.0870    4.97046    529.000    34.8949    34.8975    1474.76    4.97034  1030.1865  1030.1886     -0.904    7.28076 0.0000e+00
    533.711     3.9325     3.9319   3.264738   3.264893     1.9146     0.0419     0.0869    4.97173    528.000    34.8949    34.8974    1474.74    4.97161  1030.1819  1030.1840     -0.820    7.28083 0.0000e+00
    532.699     3.9292     3.9283   3.264359   3.264517     1.9150     0.0425     0.0869    4.97293    527.000    34.8945    34.8972    1474.71    4.97280  1030.1774  1030.1796     -0.802    7.28145 0.0000e+00
    531.687     3.9289     3.9272   3.264287   3.264319     1.9151     0.0282     0.0869    4.97234    526.000    34.8944    34.8966    1474.69    4.97221  1030.1726  1030.1746     -0.789    7.28150 0.0000e+00
    530.675     3.9285     3.9283   3.264198   3.264363     1.9159     0.0363     0.0872    4.97469    525.000    34.8943    34.8965    1474.67    4.97456  1030.1680  1030.1697     -0.968    7.28157 0.0000e+00
    529.663     3.9291     3.9286   3.264188   3.264367     1.9162     0.0367     0.0868    4.97498    524.000    34.8941    34.8967    1474.66    4.97485  1030.1631  1030.1652     -1.235    7.28148 0.0000e+00
    528.651     3.9301     3.9298   3.264233   3.264400     1.9166     0.0355     0.0869    4.97554    523.000    34.8941    34.8964    1474.64    4.97541  1030.1583  1030.1602     -1.362    7.28130 0.0000e+00
    527.639     3.9318     3.9318   3.264359   3.264544     1.9169     0.0288     0.0870    4.97579    522.000    34.8944    34.8965    1474.64    4.97566  1030.1536  1030.1553     -1.357    7.28099 0.0000e+00
    526.627     3.9347     3.9351   3.264572   3.264782     1.9171     0.0284     0.0870    4.97550    521.000    34.8943    34.8964    1474.63    4.97538  1030.1486  1030.1503     -1.246    7.28047 0.0000e+00
    525.615     3.9384     3.9394   3.264928   3.265168     1.9176     0.0352     0.0869    4.97595    520.000    34.8951    34.8969    1474.63    4.97583  1030.1442  1030.1454     -1.015    7.27976 0.0000e+00
    524.603     3.9385     3.9399   3.264863   3.265243     1.9179     0.0309     0.0873    4.97643    519.000    34.8948    34.8978    1474.61    4.97630  1030.1393  1030.1414     -0.735    7.27976 0.0000e+00
    523.591     3.9414     3.9439   3.265135   3.265533     1.9185     0.0323     0.0871    4.97751    518.000    34.8955    34.8976    1474.61    4.97739  1030.1348  1030.1361     -0.661    7.27920 0.0000e+00
    522.579     3.9469     3.9476   3.265598   3.265856     1.9190     0.0403     0.0871    4.97774    517.000    34.8957    34.8980    1474.62    4.97762  1030.1296  1030.1313     -0.903    7.27821 0.0000e+00
    521.566     3.9480     3.9488   3.265671   3.265934     1.9195     0.0471     0.0869    4.97878    516.000    34.8959    34.8982    1474.61    4.97866  1030.1250  1030.1267     -1.238    7.27800 0.0000e+00
    520.554     3.9488     3.9491   3.265716   3.265935     1.9198     0.0470     0.0871    4.97920    515.000    34.8961    34.8984    1474.59    4.97907  1030.1204  1030.1222     -1.451    7.27784 0.0000e+00
    519.542     3.9495     3.9493   3.265702   3.265899     1.9201     0.0408     0.0869    4.97927    514.000    34.8958    34.8983    1474.58    4.97915  1030.1155  1030.1174     -1.511    7.27775 0.0000e+00
    518.530     3.9494     3.9492   3.265658   3.265855     1.9202     0.0357     0.0869    4.97920    513.000    34.8959    34.8984    1474.56    4.97907  1030.1108  1030.1128     -1.374    7.27776 0.0000e+00
    517.518     3.9491     3.9487   3.265585   3.265750     1.9205     0.0353     0.0870    4.97960    512.000    34.8959    34.8983    1474.55    4.97948  1030.1062  1030.1082     -0.996    7.27781 0.0000e+00
    516.506     3.9497     3.9492   3.265582   3.265734     1.9206     0.0290     0.0871    4.97923    511.000    34.8958    34.8981    1474.53    4.97910  1030.1014  1030.1033     -0.653    7.27771 0.0000e+00
    515.494     3.9540     3.9522   3.265942   3.265928     1.9211     0.0257     0.0876    4.97964    510.000    34.8960    34.8978    1474.53    4.97951  1030.0963  1030.0980     -0.921    7.27692 0.0000e+00
    514.482     3.9567     3.9585   3.266157   3.266492     1.9215     0.0226     0.0872    4.97994    509.000    34.8962    34.8983    1474.53    4.97981  1030.0916  1030.0930     -1.120    7.27643 0.0000e+00
    513.470     3.9590     3.9617   3.266366   3.266793     1.9222     0.0237     0.0878    4.98156    508.000    34.8968    34.8990    1474.52    4.98144  1030.0872  1030.0885     -1.083    7.27600 0.0000e+00
    512.458     3.9622     3.9628   3.266606   3.266873     1.9225     0.0395     0.0870    4.98157    507.000    34.8968    34.8993    1474.52    4.98144  1030.0820  1030.0840     -0.904    7.27542 0.0000e+00
    511.446     3.9631     3.9627   3.266652   3.266831     1.9229     0.0475     0.0870    4.98219    506.000    34.8969    34.8995    1474.51    4.98206  1030.0774  1030.0795     -0.861    7.27526 0.0000e+00
    510.434     3.9612     3.9608   3.266429   3.266637     1.9235     0.0470     0.0874    4.98367    505.000    34.8968    34.8997    1474.48    4.98354  1030.0729  1030.0752     -1.070    7.27559 0.0000e+00
    509.422     3.9592     3.9584   3.266176   3.266326     1.9236     0.0388     0.0870    4.98385    504.000    34.8965    34.8991    1474.46    4.98372  1030.0681  1030.0703     -1.229    7.27597 0.0000e+00
    508.410     3.9570     3.9561   3.265905   3.266049     1.9238     0.0289     0.0877    4.98419    503.000    34.8962    34.8988    1474.43    4.98406  1030.0635  1030.0657     -1.256    7.27639 0.0000e+00
    507.398     3.9545     3.9531   3.265597   3.265702     1.9237     0.0231     0.0869    4.98356    502.000    34.8957    34.8984    1474.40    4.98343  1030.0587  1030.0610     -1.241    7.27685 0.0000e+00
    506.386     3.9524     3.9510   3.265342   3.265434     1.9242     0.0256     0.0873    4.98488    501.000    34.8954    34.8979    1474.38    4.98475  1030.0542  1030.0563     -1.215    7.27724 0.0000e+00
