Cruise Data/Irminger_Sea-01_KN-221_2014-09-07/Ship Data/ctd/process/ukn22104006.cnv
* Sea-Bird SBE 9 Data File:
* FileName = C:\Data\ctd\KN22104006.hdr
* Software Version Seasave V 7.21k
* Temperature SN = 4195
* Conductivity SN = 2147
* Number of Bytes Per Scan = 40
* Number of Voltage Words = 5
* Number of Scans Averaged by the Deck Unit = 1
* NMEA Latitude = 59 57.97 N
* NMEA Longitude = 039 28.24 W
* NMEA UTC (Time) = Sep 12 2014 05:09:49
** KN221-04 Chief Scientist: Bob Weller
** OOI Irminger Sea Sept. 2014
** Station: 006
** Knudsen Depth: 2706
# nquan = 19
# nvalues = 2458                        
# units = specified
# name 0 = prDM: Pressure, Digiquartz [db]
# name 1 = t090C: Temperature [ITS-90, deg C]
# name 2 = t190C: Temperature, 2 [ITS-90, deg C]
# name 3 = c0S/m: Conductivity [S/m]
# name 4 = c1S/m: Conductivity, 2 [S/m]
# name 5 = sbeox0V: Oxygen raw, SBE 43 [V]
# name 6 = flECO-AFL: Fluorescence, WET Labs ECO-AFL/FL [mg/m^3]
# name 7 = CStarAt0: Beam Attenuation, WET Labs C-Star [1/m]
# name 8 = sbeox0ML/L: Oxygen, SBE 43 [ml/l]
# name 9 = depSM: Depth [salt water, m], lat = 59.9662
# name 10 = sal00: Salinity, Practical [PSU]
# name 11 = sal11: Salinity, Practical, 2 [PSU]
# name 12 = svDM: Sound Velocity [Delgrosso, m/s]
# name 13 = sbeox0ML/L: Oxygen, SBE 43 [ml/l], WS = 2
# name 14 = density00: Density [density, Kg/m^3]
# name 15 = density11: Density, 2 [density, Kg/m^3]
# name 16 = dz/dtM: Descent Rate [m/s], WS = 2
# name 17 = oxsatML/L: Oxygen Saturation, Weiss [ml/l]
# name 18 = flag: flag
# span 0 =     23.220,   2518.614       
# span 1 =     2.2372,     9.1745       
# span 2 =     2.2367,     9.1734       
# span 3 =   3.197179,   3.710721       
# span 4 =   3.197412,   3.710957       
# span 5 =     1.5248,     2.2089       
# span 6 =     0.0100,     1.8592       
# span 7 =     0.0833,     0.3972       
# span 8 =    4.67299,    5.07501       
# span 9 =     23.000,   2480.000       
# span 10 =    34.7531,    34.9944      
# span 11 =    34.6320,    34.9943      
# span 12 =    1471.34,    1500.73      
# span 13 =    4.67288,    5.07488      
# span 14 =  1027.0204,  1039.3945      
# span 15 =  1027.0233,  1039.3972      
# span 16 =     -2.232,      0.414      
# span 17 =    6.44394,    7.59634      
# span 18 = 0.0000e+00, 0.0000e+00      
# interval = meters: 1                  
# start_time = Sep 12 2014 05:09:49 [NMEA time, header]
# bad_flag = -9.990e-29
*END*
[from data line 2362]
    119.157     4.7606     4.7510   3.323158   3.322548     2.0115     0.0353     0.0947    4.92357    118.000    34.9277    34.9306    1471.50    4.92342  1028.1975  1028.2010     -0.989    7.13354 0.0000e+00
    118.147     4.7646     4.7556   3.323492   3.322850     2.0120     0.0420     0.0965    4.92386    117.000    34.9278    34.9298    1471.50    4.92371  1028.1925  1028.1952     -1.112    7.13283 0.0000e+00
    117.137     4.7623     4.7610   3.323192   3.323258     2.0122     0.0469     0.0954    4.92425    116.000    34.9273    34.9295    1471.47    4.92410  1028.1877  1028.1896     -0.992    7.13326 0.0000e+00
    116.127     4.7692     4.7607   3.323793   3.323217     2.0123     0.0403     0.0949    4.92296    115.000    34.9276    34.9299    1471.48    4.92282  1028.1825  1028.1853     -0.736    7.13205 0.0000e+00
    115.117     4.7849     4.7686   3.325123   3.323809     2.0124     0.0228     0.0949    4.92070    114.000    34.9272    34.9290    1471.53    4.92055  1028.1757  1028.1790     -0.851    7.12937 0.0000e+00
    114.107     4.8062     4.7892   3.327285   3.325609     2.0126     0.0238     0.0952    4.91807    113.000    34.9305    34.9288    1471.61    4.91793  1028.1711  1028.1718     -1.202    7.12553 0.0000e+00
    113.097     4.8020     4.7966   3.326747   3.326467     2.0133     0.0560     0.0945    4.92006    112.000    34.9291    34.9316    1471.57    4.91991  1028.1659  1028.1685     -1.372    7.12631 0.0000e+00
    112.087     4.7907     4.7888   3.325560   3.325641     2.0136     0.0428     0.0947    4.92198    111.000    34.9277    34.9307    1471.51    4.92183  1028.1614  1028.1639     -1.369    7.12833 0.0000e+00
    111.077     4.7771     4.7790   3.324108   3.324716     2.0137     0.0276     0.0948    4.92352    110.000    34.9257    34.9307    1471.43    4.92338  1028.1567  1028.1604     -1.270    7.13078 0.0000e+00
    110.067     4.7691     4.7700   3.323340   3.323720     2.0135     0.0473     0.0948    4.92324    109.000    34.9257    34.9291    1471.38    4.92310  1028.1530  1028.1555     -1.148    7.13216 0.0000e+00
    109.056     4.7784     4.7695   3.324213   3.323519     2.0134     0.0470     0.0947    4.92088    108.000    34.9266    34.9279    1471.41    4.92073  1028.1478  1028.1500     -1.027    7.13050 0.0000e+00
    108.046     4.7788     4.7739   3.324118   3.323893     2.0134     0.0461     0.0946    4.92036    107.000    34.9256    34.9281    1471.39    4.92022  1028.1423  1028.1449     -0.894    7.13049 0.0000e+00
    107.036     4.7802     4.7791   3.324092   3.324185     2.0139     0.0352     0.0944    4.92117    106.000    34.9244    34.9266    1471.38    4.92103  1028.1366  1028.1384     -0.751    7.13031 0.0000e+00
    106.026     4.7894     4.7895   3.324959   3.325203     2.0146     0.0432     0.0952    4.92151    105.000    34.9254    34.9281    1471.40    4.92137  1028.1316  1028.1338     -0.647    7.12867 0.0000e+00
    105.016     4.7919     4.7922   3.325042   3.325401     2.0152     0.0476     0.0945    4.92274    104.000    34.9242    34.9281    1471.39    4.92259  1028.1257  1028.1288     -0.900    7.12829 0.0000e+00
    104.006     4.7973     4.7935   3.325424   3.325232     2.0156     0.0470     0.0951    4.92252    103.000    34.9235    34.9253    1471.40    4.92237  1028.1199  1028.1217     -1.294    7.12739 0.0000e+00
    102.996     4.8091     4.8072   3.326484   3.326289     2.0157     0.0470     0.0956    4.92091    102.000    34.9240    34.9238    1471.43    4.92076  1028.1143  1028.1143     -1.539    7.12533 0.0000e+00
    101.986     4.8377     4.8325   3.329121   3.328511     2.0159     0.0470     0.0956    4.91708    101.000    34.9252    34.9236    1471.53    4.91693  1028.1071  1028.1064     -1.610    7.12034 0.0000e+00
    100.976     4.8644     4.8673   3.331678   3.331815     2.0167     0.0470     0.0956    4.91560    100.000    34.9274    34.9260    1471.63    4.91545  1028.1011  1028.0996     -1.434    7.11564 0.0000e+00
     99.966     4.8660     4.8941   3.332112   3.334772     2.0173     0.0265     0.0956    4.91662     99.000    34.9313    34.9328    1471.62    4.91647  1028.0994  1028.0972     -1.045    7.11518 0.0000e+00
     98.956     4.8922     4.8977   3.334516   3.335291     2.0181     0.0462     0.0959    4.91513     98.000    34.9324    34.9356    1471.72    4.91498  1028.0924  1028.0944     -0.534    7.11064 0.0000e+00
     97.946     4.9056     4.9044   3.335640   3.335846     2.0178     0.0418     0.0960    4.91178     97.000    34.9319    34.9356    1471.75    4.91163  1028.0857  1028.0889     -0.615    7.10836 0.0000e+00
     96.936     4.9133     4.9020   3.336322   3.335613     2.0175     0.0348     0.0956    4.90906     96.000    34.9322    34.9359    1471.77    4.90891  1028.0804  1028.0847     -0.676    7.10702 0.0000e+00
     95.926     4.9417     4.9138   3.338867   3.336279     2.0172     0.0466     0.0958    4.90396     95.000    34.9326    34.9317    1471.87    4.90381  1028.0728  1028.0753     -0.940    7.10214 0.0000e+00
     94.916     4.9794     4.9750   3.342690   3.341532     2.0178     0.0360     0.0960    4.90044     94.000    34.9379    34.9291    1472.01    4.90029  1028.0677  1028.0613     -1.231    7.09543 0.0000e+00
     93.906     5.0264     5.0241   3.347182   3.346655     2.0186     0.0354     0.0961    4.89627     93.000    34.9412    34.9375    1472.19    4.89611  1028.0602  1028.0575     -1.211    7.08723 0.0000e+00
     92.896     5.0356     5.0467   3.348058   3.349262     2.0201     0.0437     0.0962    4.89909     92.000    34.9422    34.9445    1472.21    4.89894  1028.0552  1028.0557     -0.901    7.08561 0.0000e+00
     91.886     5.0692     5.0600   3.351416   3.350770     2.0205     0.0512     0.0964    4.89557     91.000    34.9464    34.9486    1472.34    4.89542  1028.0498  1028.0526     -0.253    7.07968 0.0000e+00
     90.876     5.0744     5.0585   3.352014   3.350683     2.0195     0.0396     0.0977    4.89091     90.000    34.9484    34.9497    1472.35    4.89075  1028.0461  1028.0491     -0.750    7.07870 0.0000e+00
     89.866     5.0918     5.0841   3.353558   3.352841     2.0195     0.0398     0.0967    4.88801     89.000    34.9486    34.9484    1472.40    4.88785  1028.0396  1028.0403     -0.673    7.07573 0.0000e+00
     88.856     5.1129     5.0951   3.355533   3.353936     2.0193     0.0470     0.0970    4.88408     88.000    34.9499    34.9501    1472.47    4.88393  1028.0333  1028.0356     -0.633    7.07208 0.0000e+00
     87.847     5.1343     5.1280   3.357605   3.356971     2.0194     0.0400     0.0974    4.88113     87.000    34.9520    34.9512    1472.55    4.88097  1028.0277  1028.0278     -0.748    7.06834 0.0000e+00
     86.837     5.1467     5.1451   3.358894   3.358782     2.0194     0.0510     0.0965    4.87890     86.000    34.9545    34.9548    1472.58    4.87875  1028.0236  1028.0240     -0.662    7.06612 0.0000e+00
     85.827     5.1706     5.1701   3.361260   3.361411     2.0195     0.0383     0.0969    4.87542     85.000    34.9573    34.9595    1472.67    4.87526  1028.0183  1028.0200     -0.247    7.06193 0.0000e+00
     84.817     5.1901     5.1651   3.363132   3.361014     2.0197     0.0529     0.0967    4.87301     84.000    34.9590    34.9607    1472.73    4.87285  1028.0126  1028.0170     -0.718    7.05854 0.0000e+00
     83.807     5.2013     5.1963   3.364169   3.363553     2.0194     0.0496     0.0968    4.87003     83.000    34.9598    34.9579    1472.76    4.86988  1028.0072  1028.0063     -0.652    7.05660 0.0000e+00
     82.797     5.2146     5.2089   3.365404   3.364956     2.0194     0.0481     0.0973    4.86762     82.000    34.9607    34.9614    1472.80    4.86747  1028.0016  1028.0029     -0.557    7.05431 0.0000e+00
     81.787     5.2295     5.2343   3.366926   3.367272     2.0197     0.0436     0.0978    4.86593     81.000    34.9632    34.9621    1472.85    4.86577  1027.9971  1027.9957     -0.451    7.05167 0.0000e+00
     80.777     5.2606     5.2487   3.369289   3.368743     2.0200     0.0452     0.0981    4.86244     80.000    34.9584    34.9645    1472.95    4.86228  1027.9849  1027.9912     -0.322    7.04662 0.0000e+00
     79.767     5.3070     5.2649   3.374137   3.370327     2.0200     0.0526     0.0981    4.85587     79.000    34.9663    34.9664    1473.13    4.85571  1027.9808  1027.9861     -0.628    7.03843 0.0000e+00
     78.757     5.3169     5.2961   3.375113   3.373068     2.0207     0.0584     0.0980    4.85634     78.000    34.9677    34.9659    1473.16    4.85618  1027.9761  1027.9772     -0.712    7.03669 0.0000e+00
     77.747     5.3248     5.3246   3.375893   3.375875     2.0207     0.0535     0.0976    4.85468     77.000    34.9690    34.9689    1473.18    4.85452  1027.9714  1027.9714     -0.681    7.03530 0.0000e+00
     76.737     5.3451     5.3394   3.377750   3.377429     2.0214     0.0477     0.0979    4.85361     76.000    34.9697    34.9719    1473.24    4.85345  1027.9648  1027.9673     -0.260    7.03185 0.0000e+00
     75.728     5.3557     5.3331   3.378672   3.376928     2.0224     0.0470     0.0983    4.85498     75.000    34.9696    34.9732    1473.27    4.85482  1027.9589  1027.9645     -0.683    7.03005 0.0000e+00
     74.718     5.3827     5.3694   3.381194   3.379738     2.0229     0.0470     0.0984    4.85242     74.000    34.9710    34.9682    1473.36    4.85226  1027.9520  1027.9514     -0.635    7.02545 0.0000e+00
     73.708     5.4055     5.3980   3.383225   3.382815     2.0240     0.0470     0.0987    4.85259     73.000    34.9711    34.9742    1473.44    4.85243  1027.9446  1027.9480     -0.611    7.02162 0.0000e+00
     72.698     5.3980     5.3917   3.382697   3.382201     2.0247     0.0472     0.0988    4.85484     72.000    34.9734    34.9743    1473.40    4.85468  1027.9426  1027.9442     -0.442    7.02277 0.0000e+00
     71.688     5.4081     5.4031   3.383579   3.383342     2.0252     0.0474     0.0981    4.85451     71.000    34.9735    34.9760    1473.42    4.85435  1027.9369  1027.9395     -0.356    7.02107 0.0000e+00
     70.678     5.4084     5.4098   3.383587   3.383879     2.0255     0.0568     0.0989    4.85497     70.000    34.9738    34.9757    1473.40    4.85481  1027.9324  1027.9337     -0.542    7.02100 0.0000e+00
     69.668     5.4286     5.4147   3.385454   3.384258     2.0255     0.0486     0.0991    4.85182     69.000    34.9747    34.9755    1473.47    4.85166  1027.9259  1027.9282     -0.801    7.01757 0.0000e+00
     68.658     5.4551     5.4530   3.387796   3.387554     2.0265     0.0514     0.0992    4.85105     68.000    34.9744    34.9739    1473.56    4.85088  1027.9178  1027.9176     -0.759    7.01313 0.0000e+00
     67.649     5.4746     5.4778   3.389748   3.390246     2.0280     0.0532     0.0998    4.85255     67.000    34.9770    34.9794    1473.63    4.85239  1027.9127  1027.9143     -0.230    7.00974 0.0000e+00
     66.639     5.4734     5.4781   3.389627   3.390260     2.0283     0.0549     0.1000    4.85308     66.000    34.9774    34.9798    1473.61    4.85292  1027.9086  1027.9099     -0.677    7.00992 0.0000e+00
     65.629     5.4845     5.4903   3.390672   3.391078     2.0282     0.0475     0.0999    4.85084     65.000    34.9784    34.9770    1473.64    4.85068  1027.9033  1027.9015     -0.998    7.00803 0.0000e+00
     64.619     5.5178     5.5282   3.393656   3.394592     2.0286     0.0585     0.1006    4.84733     64.000    34.9784    34.9783    1473.75    4.84717  1027.8945  1027.8932     -0.994    7.00246 0.0000e+00
     63.609     5.5406     5.5510   3.395819   3.396950     2.0298     0.0568     0.1005    4.84758     63.000    34.9799    34.9820    1473.83    4.84741  1027.8883  1027.8885     -0.375    6.99858 0.0000e+00
     62.599     5.5478     5.5674   3.396491   3.398472     2.0306     0.0616     0.1002    4.84868     62.000    34.9806    34.9829    1473.84    4.84852  1027.8833  1027.8826     -0.553    6.99734 0.0000e+00
     61.590     5.5539     5.5668   3.397077   3.398421     2.0307     0.0797     0.1006    4.84741     61.000    34.9815    34.9835    1473.85    4.84724  1027.8785  1027.8784     -0.890    6.99628 0.0000e+00
     60.580     5.5681     5.5859   3.398420   3.400008     2.0312     0.0606     0.1005    4.84662     60.000    34.9827    34.9823    1473.90    4.84646  1027.8730  1027.8705     -0.908    6.99386 0.0000e+00
     59.570     5.6028     5.6132   3.401578   3.402736     2.0316     0.0653     0.1009    4.84295     59.000    34.9831    34.9856    1474.02    4.84278  1027.8644  1027.8650     -0.361    6.98805 0.0000e+00
     58.560     5.6115     5.6389   3.402558   3.405105     2.0319     0.0612     0.1013    4.84224     58.000    34.9858    34.9864    1474.04    4.84207  1027.8607  1027.8578     -0.501    6.98647 0.0000e+00
     57.550     5.6356     5.6711   3.404624   3.407908     2.0318     0.0853     0.1023    4.83821     57.000    34.9849    34.9854    1474.12    4.83804  1027.8523  1027.8483     -0.537    6.98251 0.0000e+00
     56.541     5.6836     5.7116   3.409368   3.411864     2.0327     0.0655     0.1026    4.83444     56.000    34.9896    34.9890    1474.30    4.83427  1027.8455  1027.8413     -0.633    6.97432 0.0000e+00
     55.531     5.6904     5.7394   3.410002   3.414619     2.0335     0.0731     0.1032    4.83543     55.000    34.9903    34.9920    1474.31    4.83527  1027.8405  1027.8356     -0.479    6.97316 0.0000e+00
     54.521     5.7610     5.7763   3.416344   3.418128     2.0347     0.0882     0.1035    4.83023     54.000    34.9897    34.9941    1474.58    4.83006  1027.8264  1027.8279     -0.459    6.96148 0.0000e+00
     53.511     5.7769     5.7802   3.418073   3.418451     2.0359     0.0996     0.1040    4.83119     53.000    34.9934    34.9943    1474.63    4.83103  1027.8226  1027.8230     -0.428    6.95868 0.0000e+00
     52.501     5.8068     5.8143   3.420851   3.421527     2.0358     0.1060     0.1057    4.82664     52.000    34.9944    34.9943    1474.73    4.82647  1027.8149  1027.8140     -0.684    6.95368 0.0000e+00
     51.492     5.8206     5.8453   3.421847   3.424170     2.0359     0.1123     0.1085    4.82463     51.000    34.9920    34.9928    1474.77    4.82446  1027.8066  1027.8042     -0.413    6.95152 0.0000e+00
     50.482     5.8321     5.8601   3.422994   3.425316     2.0361     0.1341     0.1089    4.82315     50.000    34.9936    34.9910    1474.80    4.82298  1027.8019  1027.7961     -0.498    6.94955 0.0000e+00
     49.472     5.8621     5.8733   3.425443   3.426546     2.0368     0.1489     0.1109    4.82115     49.000    34.9909    34.9918    1474.90    4.82097  1027.7913  1027.7905     -0.590    6.94474 0.0000e+00
     48.462     5.8577     5.8701   3.424974   3.426151     2.0374     0.1500     0.1129    4.82299     48.000    34.9907    34.9911    1474.87    4.82282  1027.7870  1027.7856     -0.550    6.94547 0.0000e+00
     47.453     5.8552     5.8394   3.424033   3.422963     2.0379     0.1607     0.1135    4.82442     47.000    34.9831    34.9873    1474.83    4.82425  1027.7766  1027.7819     -0.542    6.94622 0.0000e+00
     46.443     5.7720     5.7411   3.414551   3.411527     2.0382     0.1894     0.1148    4.83563     46.000    34.9621    34.9597    1474.46    4.83546  1027.7659  1027.7679     -0.252    6.96091 0.0000e+00
     45.433     5.7545     5.7305   3.412306   3.409774     2.0401     0.1968     0.1174    4.84337     45.000    34.9553    34.9513    1474.36    4.84320  1027.7581  1027.7579     -1.043    6.96413 0.0000e+00
     44.423     5.7235     5.7131   3.408626   3.408172     2.0417     0.2054     0.1189    4.85191     44.000    34.9460    34.9517    1474.21    4.85174  1027.7500  1027.7559     -1.187    6.96968 0.0000e+00
     43.414     5.7063     5.6962   3.406211   3.405092     2.0429     0.1993     0.1234    4.85746     43.000    34.9370    34.9346    1474.11    4.85729  1027.7404  1027.7397     -0.840    6.97296 0.0000e+00
