Cruise Data/Irminger_Sea-01_KN-221_2014-09-07/Ship Data/ctd/process/ukn22104005.cnv
* Sea-Bird SBE 9 Data File:
* FileName = C:\Data\ctd\KN22104005.hdr
* Software Version Seasave V 7.21k
* Temperature SN = 4195
* Conductivity SN = 2147
* Number of Bytes Per Scan = 40
* Number of Voltage Words = 5
* Number of Scans Averaged by the Deck Unit = 1
* NMEA Latitude = 59 55.45 N
* NMEA Longitude = 039 30.56 W
* NMEA UTC (Time) = Sep 11 2014 22:48:32
** KN221-04 Chief Scientist: Bob Weller
** OOI Irminger Sea Sept. 2014
** Station: 005
** Knudsen Depth: 2715
# nquan = 19
# nvalues = 1482                        
# units = specified
# name 0 = prDM: Pressure, Digiquartz [db]
# name 1 = t090C: Temperature [ITS-90, deg C]
# name 2 = t190C: Temperature, 2 [ITS-90, deg C]
# name 3 = c0S/m: Conductivity [S/m]
# name 4 = c1S/m: Conductivity, 2 [S/m]
# name 5 = sbeox0V: Oxygen raw, SBE 43 [V]
# name 6 = flECO-AFL: Fluorescence, WET Labs ECO-AFL/FL [mg/m^3]
# name 7 = CStarAt0: Beam Attenuation, WET Labs C-Star [1/m]
# name 8 = sbeox0ML/L: Oxygen, SBE 43 [ml/l]
# name 9 = depSM: Depth [salt water, m], lat = 59.9242
# name 10 = sal00: Salinity, Practical [PSU]
# name 11 = sal11: Salinity, Practical, 2 [PSU]
# name 12 = svDM: Sound Velocity [Delgrosso, m/s]
# name 13 = sbeox0ML/L: Oxygen, SBE 43 [ml/l], WS = 2
# name 14 = density00: Density [density, Kg/m^3]
# name 15 = density11: Density, 2 [density, Kg/m^3]
# name 16 = dz/dtM: Descent Rate [m/s], WS = 2
# name 17 = oxsatML/L: Oxygen Saturation, Weiss [ml/l]
# name 18 = flag: flag
# span 0 =      2.019,   1502.503       
# span 1 =     3.5290,     9.1926       
# span 2 =     3.5285,     9.1923       
# span 3 =   3.245311,   3.711635       
# span 4 =   3.245457,   3.712131       
# span 5 =     1.6558,     2.2142       
# span 6 =     0.0103,     1.9214       
# span 7 =     0.0792,     0.3865       
# span 8 =    4.65221,    5.08760       
# span 9 =      2.000,   1483.000       
# span 10 =    34.7398,    34.9518      
# span 11 =    34.7324,    34.9547      
# span 12 =    1471.02,    1488.96      
# span 13 =    4.65210,    5.08747      
# span 14 =  1026.9181,  1034.6787      
# span 15 =  1026.9211,  1034.6809      
# span 16 =     -2.030,      0.194      
# span 17 =    6.44160,    7.35223      
# span 18 = 0.0000e+00, 0.0000e+00      
# interval = meters: 1                  
# start_time = Sep 11 2014 22:48:32 [NMEA time, header]
# bad_flag = -9.990e-29
*END*
[from data line 686]
    806.145     3.6341     3.6311   3.247565   3.247516     1.8727     0.0340     0.0810    5.03995    797.000    34.8641    34.8666    1477.88    5.03983  1031.4451  1031.4475     -0.753    7.33615 0.0000e+00
    805.132     3.6384     3.6364   3.247958   3.247913     1.8729     0.0289     0.0805    5.03937    796.000    34.8647    34.8663    1477.88    5.03925  1031.4404  1031.4419     -0.870    7.33534 0.0000e+00
    804.118     3.6399     3.6395   3.248076   3.248201     1.8727     0.0429     0.0803    5.03783    795.000    34.8651    34.8670    1477.87    5.03771  1031.4359  1031.4374     -0.928    7.33506 0.0000e+00
    803.105     3.6413     3.6406   3.248161   3.248295     1.8728     0.0426     0.0804    5.03721    794.000    34.8651    34.8675    1477.86    5.03709  1031.4310  1031.4331     -1.144    7.33480 0.0000e+00
    802.091     3.6415     3.6405   3.248138   3.248252     1.8727     0.0405     0.0804    5.03610    793.000    34.8652    34.8676    1477.85    5.03598  1031.4265  1031.4285     -1.361    7.33476 0.0000e+00
    801.078     3.6406     3.6398   3.248015   3.248157     1.8727     0.0470     0.0803    5.03582    792.000    34.8652    34.8677    1477.83    5.03570  1031.4219  1031.4241     -1.456    7.33492 0.0000e+00
    800.065     3.6393     3.6387   3.247831   3.247987     1.8728     0.0289     0.0805    5.03565    791.000    34.8649    34.8674    1477.80    5.03553  1031.4172  1031.4193     -1.414    7.33518 0.0000e+00
    799.051     3.6385     3.6379   3.247710   3.247878     1.8728     0.0299     0.0804    5.03498    790.000    34.8648    34.8675    1477.78    5.03486  1031.4126  1031.4148     -1.216    7.33532 0.0000e+00
    798.038     3.6369     3.6374   3.247503   3.247783     1.8727     0.0365     0.0803    5.03425    789.000    34.8646    34.8674    1477.76    5.03413  1031.4080  1031.4102     -0.824    7.33562 0.0000e+00
    797.024     3.6345     3.6349   3.247211   3.247477     1.8729     0.0411     0.0805    5.03472    788.000    34.8642    34.8670    1477.73    5.03461  1031.4032  1031.4054     -0.440    7.33607 0.0000e+00
    796.011     3.6344     3.6342   3.247155   3.247344     1.8732     0.0345     0.0821    5.03515    787.000    34.8641    34.8666    1477.72    5.03503  1031.3987  1031.4005     -1.024    7.33610 0.0000e+00
    794.998     3.6352     3.6342   3.247169   3.247293     1.8736     0.0348     0.0805    5.03572    786.000    34.8640    34.8665    1477.70    5.03560  1031.3938  1031.3959     -1.471    7.33596 0.0000e+00
    793.984     3.6372     3.6358   3.247313   3.247371     1.8740     0.0374     0.0808    5.03650    785.000    34.8641    34.8663    1477.69    5.03638  1031.3889  1031.3909     -1.660    7.33559 0.0000e+00
    792.971     3.6379     3.6376   3.247349   3.247524     1.8745     0.0374     0.1030    5.03736    784.000    34.8643    34.8667    1477.68    5.03724  1031.3844  1031.3864     -1.661    7.33545 0.0000e+00
    791.958     3.6382     3.6376   3.247317   3.247494     1.8749     0.0159     0.0815    5.03807    783.000    34.8642    34.8669    1477.67    5.03795  1031.3796  1031.3818     -1.509    7.33541 0.0000e+00
    790.944     3.6379     3.6375   3.247281   3.247446     1.8750     0.0225     0.0805    5.03783    782.000    34.8646    34.8669    1477.65    5.03771  1031.3754  1031.3772     -1.252    7.33544 0.0000e+00
    789.931     3.6400     3.6376   3.247429   3.247410     1.8754     0.0399     0.0807    5.03833    781.000    34.8647    34.8670    1477.64    5.03821  1031.3705  1031.3726     -0.945    7.33506 0.0000e+00
    788.918     3.6488     3.6418   3.248228   3.247748     1.8757     0.0395     0.0804    5.03750    780.000    34.8654    34.8671    1477.66    5.03738  1031.3654  1031.3676     -0.534    7.33343 0.0000e+00
    787.904     3.6556     3.6526   3.248893   3.248759     1.8762     0.0369     0.0804    5.03788    779.000    34.8666    34.8682    1477.68    5.03776  1031.3608  1031.3624     -0.709    7.33213 0.0000e+00
    786.891     3.6565     3.6553   3.248923   3.248997     1.8763     0.0472     0.0803    5.03751    778.000    34.8665    34.8687    1477.66    5.03739  1031.3560  1031.3579     -1.289    7.33197 0.0000e+00
    785.878     3.6566     3.6555   3.248891   3.248994     1.8763     0.0300     0.0803    5.03682    777.000    34.8665    34.8690    1477.65    5.03670  1031.3513  1031.3534     -1.559    7.33194 0.0000e+00
    784.864     3.6564     3.6558   3.248838   3.248980     1.8763     0.0252     0.0806    5.03618    776.000    34.8667    34.8691    1477.63    5.03606  1031.3468  1031.3488     -1.668    7.33198 0.0000e+00
    783.851     3.6568     3.6561   3.248829   3.248973     1.8762     0.0371     0.0810    5.03488    775.000    34.8667    34.8692    1477.61    5.03476  1031.3422  1031.3442     -1.627    7.33191 0.0000e+00
    782.838     3.6567     3.6563   3.248795   3.248958     1.8763     0.0356     0.0813    5.03452    774.000    34.8669    34.8693    1477.60    5.03440  1031.3376  1031.3396     -1.402    7.33191 0.0000e+00
    781.824     3.6563     3.6558   3.248718   3.248878     1.8763     0.0421     0.0812    5.03393    773.000    34.8669    34.8694    1477.58    5.03381  1031.3330  1031.3351     -0.834    7.33198 0.0000e+00
    780.811     3.6553     3.6549   3.248540   3.248731     1.8762     0.0382     0.0805    5.03313    772.000    34.8665    34.8691    1477.56    5.03301  1031.3282  1031.3303     -0.549    7.33220 0.0000e+00
    779.798     3.6550     3.6548   3.248480   3.248674     1.8762     0.0389     0.0805    5.03273    771.000    34.8665    34.8691    1477.54    5.03261  1031.3236  1031.3257     -0.965    7.33223 0.0000e+00
    778.784     3.6546     3.6541   3.248396   3.248563     1.8763     0.0380     0.0803    5.03221    770.000    34.8665    34.8690    1477.52    5.03209  1031.3190  1031.3210     -1.193    7.33231 0.0000e+00
    777.771     3.6542     3.6537   3.248302   3.248480     1.8765     0.0361     0.0804    5.03256    769.000    34.8663    34.8689    1477.50    5.03244  1031.3142  1031.3164     -1.259    7.33239 0.0000e+00
    776.758     3.6537     3.6529   3.248215   3.248360     1.8768     0.0385     0.0804    5.03305    768.000    34.8663    34.8689    1477.49    5.03293  1031.3097  1031.3118     -1.257    7.33248 0.0000e+00
    775.744     3.6545     3.6537   3.248235   3.248363     1.8769     0.0239     0.0803    5.03259    767.000    34.8662    34.8687    1477.47    5.03247  1031.3048  1031.3069     -1.259    7.33234 0.0000e+00
    774.731     3.6559     3.6549   3.248319   3.248427     1.8771     0.0238     0.0811    5.03253    766.000    34.8663    34.8687    1477.46    5.03241  1031.3002  1031.3021     -1.181    7.33209 0.0000e+00
    773.718     3.6570     3.6554   3.248378   3.248450     1.8777     0.0323     0.0806    5.03367    765.000    34.8664    34.8690    1477.45    5.03355  1031.2954  1031.2976     -1.026    7.33188 0.0000e+00
    772.705     3.6568     3.6568   3.248317   3.248547     1.8779     0.0289     0.0806    5.03399    764.000    34.8664    34.8691    1477.43    5.03387  1031.2908  1031.2930     -0.905    7.33192 0.0000e+00
    771.691     3.6571     3.6563   3.248332   3.248463     1.8783     0.0361     0.0804    5.03446    763.000    34.8667    34.8693    1477.42    5.03434  1031.2864  1031.2885     -0.832    7.33184 0.0000e+00
    770.678     3.6586     3.6583   3.248433   3.248589     1.8787     0.0382     0.0803    5.03508    762.000    34.8669    34.8692    1477.41    5.03496  1031.2816  1031.2834     -0.827    7.33157 0.0000e+00
    769.665     3.6584     3.6578   3.248370   3.248513     1.8788     0.0452     0.0804    5.03506    761.000    34.8669    34.8693    1477.39    5.03494  1031.2770  1031.2791     -0.939    7.33160 0.0000e+00
    768.652     3.6580     3.6577   3.248267   3.248453     1.8788     0.0353     0.0805    5.03428    760.000    34.8667    34.8692    1477.37    5.03416  1031.2722  1031.2743     -1.159    7.33169 0.0000e+00
    767.638     3.6568     3.6568   3.248101   3.248333     1.8789     0.0109     0.0804    5.03425    759.000    34.8664    34.8692    1477.35    5.03413  1031.2676  1031.2698     -1.237    7.33191 0.0000e+00
    766.625     3.6569     3.6562   3.248069   3.248206     1.8789     0.0332     0.0810    5.03356    758.000    34.8665    34.8689    1477.33    5.03344  1031.2629  1031.2649     -1.126    7.33190 0.0000e+00
    765.612     3.6572     3.6565   3.248039   3.248194     1.8794     0.0383     0.0808    5.03458    757.000    34.8663    34.8690    1477.32    5.03446  1031.2582  1031.2603     -0.985    7.33185 0.0000e+00
    764.599     3.6575     3.6572   3.248036   3.248206     1.8797     0.0266     0.0803    5.03513    756.000    34.8665    34.8689    1477.30    5.03502  1031.2537  1031.2555     -0.943    7.33178 0.0000e+00
    763.585     3.6589     3.6579   3.248115   3.248229     1.8801     0.0444     0.0804    5.03565    755.000    34.8666    34.8689    1477.29    5.03553  1031.2488  1031.2509     -0.922    7.33154 0.0000e+00
    762.572     3.6601     3.6589   3.248192   3.248270     1.8804     0.0388     0.0803    5.03579    754.000    34.8667    34.8689    1477.28    5.03567  1031.2441  1031.2460     -1.006    7.33130 0.0000e+00
    761.559     3.6614     3.6604   3.248274   3.248371     1.8809     0.0242     0.0803    5.03694    753.000    34.8668    34.8690    1477.27    5.03682  1031.2394  1031.2412     -1.006    7.33106 0.0000e+00
    760.546     3.6620     3.6618   3.248313   3.248471     1.8811     0.0341     0.0804    5.03689    752.000    34.8672    34.8693    1477.26    5.03677  1031.2350  1031.2366     -0.892    7.33094 0.0000e+00
    759.533     3.6682     3.6666   3.248834   3.248822     1.8816     0.0226     0.0803    5.03713    751.000    34.8673    34.8689    1477.27    5.03701  1031.2296  1031.2312     -1.103    7.32980 0.0000e+00
    758.519     3.6701     3.6690   3.248984   3.249102     1.8815     0.0397     0.0803    5.03593    750.000    34.8677    34.8702    1477.26    5.03581  1031.2251  1031.2272     -1.419    7.32945 0.0000e+00
    757.506     3.6705     3.6701   3.248997   3.249153     1.8822     0.0364     0.0803    5.03777    749.000    34.8679    34.8702    1477.24    5.03765  1031.2206  1031.2224     -1.517    7.32936 0.0000e+00
    756.493     3.6707     3.6708   3.248983   3.249169     1.8829     0.0369     0.0803    5.03943    748.000    34.8681    34.8702    1477.23    5.03931  1031.2161  1031.2178     -1.360    7.32932 0.0000e+00
    755.480     3.6714     3.6710   3.249022   3.249186     1.8827     0.0414     0.0803    5.03805    747.000    34.8683    34.8707    1477.22    5.03793  1031.2115  1031.2134     -0.720    7.32918 0.0000e+00
    754.467     3.6757     3.6741   3.249365   3.249423     1.8830     0.0304     0.0803    5.03790    746.000    34.8684    34.8707    1477.22    5.03778  1031.2064  1031.2084     -0.740    7.32840 0.0000e+00
    753.453     3.6764     3.6745   3.249400   3.249409     1.8830     0.0247     0.0803    5.03709    745.000    34.8686    34.8707    1477.20    5.03697  1031.2018  1031.2037     -1.423    7.32826 0.0000e+00
    752.440     3.6779     3.6766   3.249491   3.249577     1.8826     0.0365     0.0813    5.03486    744.000    34.8686    34.8711    1477.19    5.03474  1031.1970  1031.1991     -1.630    7.32799 0.0000e+00
    751.427     3.6778     3.6772   3.249460   3.249607     1.8832     0.0348     0.0809    5.03614    743.000    34.8689    34.8713    1477.18    5.03602  1031.1926  1031.1946     -1.608    7.32799 0.0000e+00
    750.414     3.6772     3.6766   3.249366   3.249513     1.8833     0.0348     0.0803    5.03617    742.000    34.8689    34.8713    1477.16    5.03605  1031.1880  1031.1899     -1.395    7.32810 0.0000e+00
    749.401     3.6771     3.6763   3.249309   3.249444     1.8831     0.0237     0.0805    5.03488    741.000    34.8689    34.8713    1477.14    5.03476  1031.1833  1031.1853     -1.038    7.32812 0.0000e+00
    748.388     3.6777     3.6766   3.249318   3.249440     1.8834     0.0454     0.0803    5.03498    740.000    34.8688    34.8715    1477.13    5.03486  1031.1786  1031.1808     -0.666    7.32801 0.0000e+00
    747.374     3.6759     3.6762   3.249085   3.249338     1.8836     0.0394     0.0803    5.03525    739.000    34.8685    34.8712    1477.10    5.03513  1031.1740  1031.1760     -0.629    7.32835 0.0000e+00
    746.361     3.6732     3.6727   3.248781   3.248986     1.8834     0.0323     0.0803    5.03442    738.000    34.8683    34.8713    1477.07    5.03430  1031.1694  1031.1718     -1.007    7.32885 0.0000e+00
    745.348     3.6726     3.6720   3.248661   3.248816     1.8836     0.0131     0.0803    5.03433    737.000    34.8680    34.8705    1477.06    5.03421  1031.1646  1031.1666     -1.264    7.32898 0.0000e+00
    744.335     3.6737     3.6729   3.248722   3.248842     1.8837     0.0224     0.0804    5.03398    736.000    34.8681    34.8704    1477.04    5.03386  1031.1599  1031.1619     -1.459    7.32877 0.0000e+00
    743.322     3.6740     3.6733   3.248694   3.248852     1.8837     0.0312     0.0804    5.03329    735.000    34.8680    34.8706    1477.03    5.03317  1031.1552  1031.1572     -1.588    7.32873 0.0000e+00
    742.309     3.6755     3.6739   3.248791   3.248860     1.8838     0.0373     0.0803    5.03271    734.000    34.8681    34.8706    1477.02    5.03259  1031.1504  1031.1525     -1.604    7.32845 0.0000e+00
    741.296     3.6791     3.6776   3.249095   3.249100     1.8839     0.0386     0.0803    5.03208    733.000    34.8684    34.8701    1477.02    5.03196  1031.1455  1031.1471     -1.461    7.32778 0.0000e+00
    740.283     3.6784     3.6801   3.249010   3.249391     1.8842     0.0381     0.0805    5.03267    732.000    34.8686    34.8715    1477.00    5.03255  1031.1411  1031.1432     -1.151    7.32789 0.0000e+00
    739.269     3.6772     3.6783   3.248853   3.249183     1.8849     0.0299     0.0809    5.03454    731.000    34.8686    34.8714    1476.98    5.03442  1031.1366  1031.1387     -0.738    7.32811 0.0000e+00
    738.256     3.6766     3.6760   3.248729   3.248894     1.8849     0.0323     0.0805    5.03395    730.000    34.8683    34.8709    1476.96    5.03383  1031.1318  1031.1339     -0.474    7.32823 0.0000e+00
    737.243     3.6759     3.6757   3.248613   3.248825     1.8848     0.0375     0.0804    5.03327    729.000    34.8682    34.8709    1476.94    5.03314  1031.1272  1031.1293     -1.087    7.32837 0.0000e+00
    736.230     3.6750     3.6748   3.248484   3.248684     1.8849     0.0355     0.0809    5.03295    728.000    34.8682    34.8708    1476.92    5.03283  1031.1226  1031.1246     -1.473    7.32854 0.0000e+00
    735.217     3.6751     3.6744   3.248455   3.248615     1.8851     0.0356     0.0804    5.03286    727.000    34.8683    34.8709    1476.90    5.03274  1031.1180  1031.1201     -1.628    7.32851 0.0000e+00
    734.204     3.6723     3.6720   3.248132   3.248343     1.8855     0.0348     0.0803    5.03423    726.000    34.8678    34.8708    1476.87    5.03411  1031.1133  1031.1157     -1.576    7.32903 0.0000e+00
    733.191     3.6707     3.6698   3.247932   3.248062     1.8858     0.0348     0.0803    5.03480    725.000    34.8677    34.8702    1476.85    5.03468  1031.1088  1031.1108     -1.325    7.32933 0.0000e+00
    732.178     3.6714     3.6702   3.247941   3.248058     1.8861     0.0373     0.0809    5.03522    724.000    34.8676    34.8703    1476.84    5.03510  1031.1039  1031.1062     -0.904    7.32921 0.0000e+00
    731.165     3.6714     3.6704   3.247888   3.248005     1.8867     0.0411     0.0805    5.03680    723.000    34.8675    34.8700    1476.82    5.03668  1031.0992  1031.1013     -0.493    7.32922 0.0000e+00
