Cruise Data/Irminger_Sea-01_KN-221_2014-09-07/Ship Data/ctd/process/ukn22104005.cnv
* Sea-Bird SBE 9 Data File:
* FileName = C:\Data\ctd\KN22104005.hdr
* Software Version Seasave V 7.21k
* Temperature SN = 4195
* Conductivity SN = 2147
* Number of Bytes Per Scan = 40
* Number of Voltage Words = 5
* Number of Scans Averaged by the Deck Unit = 1
* NMEA Latitude = 59 55.45 N
* NMEA Longitude = 039 30.56 W
* NMEA UTC (Time) = Sep 11 2014 22:48:32
** KN221-04 Chief Scientist: Bob Weller
** OOI Irminger Sea Sept. 2014
** Station: 005
** Knudsen Depth: 2715
# nquan = 19
# nvalues = 1482                        
# units = specified
# name 0 = prDM: Pressure, Digiquartz [db]
# name 1 = t090C: Temperature [ITS-90, deg C]
# name 2 = t190C: Temperature, 2 [ITS-90, deg C]
# name 3 = c0S/m: Conductivity [S/m]
# name 4 = c1S/m: Conductivity, 2 [S/m]
# name 5 = sbeox0V: Oxygen raw, SBE 43 [V]
# name 6 = flECO-AFL: Fluorescence, WET Labs ECO-AFL/FL [mg/m^3]
# name 7 = CStarAt0: Beam Attenuation, WET Labs C-Star [1/m]
# name 8 = sbeox0ML/L: Oxygen, SBE 43 [ml/l]
# name 9 = depSM: Depth [salt water, m], lat = 59.9242
# name 10 = sal00: Salinity, Practical [PSU]
# name 11 = sal11: Salinity, Practical, 2 [PSU]
# name 12 = svDM: Sound Velocity [Delgrosso, m/s]
# name 13 = sbeox0ML/L: Oxygen, SBE 43 [ml/l], WS = 2
# name 14 = density00: Density [density, Kg/m^3]
# name 15 = density11: Density, 2 [density, Kg/m^3]
# name 16 = dz/dtM: Descent Rate [m/s], WS = 2
# name 17 = oxsatML/L: Oxygen Saturation, Weiss [ml/l]
# name 18 = flag: flag
# span 0 =      2.019,   1502.503       
# span 1 =     3.5290,     9.1926       
# span 2 =     3.5285,     9.1923       
# span 3 =   3.245311,   3.711635       
# span 4 =   3.245457,   3.712131       
# span 5 =     1.6558,     2.2142       
# span 6 =     0.0103,     1.9214       
# span 7 =     0.0792,     0.3865       
# span 8 =    4.65221,    5.08760       
# span 9 =      2.000,   1483.000       
# span 10 =    34.7398,    34.9518      
# span 11 =    34.7324,    34.9547      
# span 12 =    1471.02,    1488.96      
# span 13 =    4.65210,    5.08747      
# span 14 =  1026.9181,  1034.6787      
# span 15 =  1026.9211,  1034.6809      
# span 16 =     -2.030,      0.194      
# span 17 =    6.44160,    7.35223      
# span 18 = 0.0000e+00, 0.0000e+00      
# interval = meters: 1                  
# start_time = Sep 11 2014 22:48:32 [NMEA time, header]
# bad_flag = -9.990e-29
*END*
[from data line 1448]
     35.336     6.6472     6.8007   3.487119   3.498431     2.0902     0.4451     0.2156    4.88680     35.000    34.8839    34.8530    1477.64    4.88661  1027.5380  1027.4927     -0.428    6.82232 0.0000e+00
     34.326     7.4597     7.1146   3.553322   3.521044     2.0971     0.4453     0.2528    4.81439     34.000    34.7905    34.7849    1480.65    4.81418  1027.3458  1027.3900     -0.597    6.69888 0.0000e+00
     33.317     7.8190     7.7454   3.587455   3.578276     2.1163     0.8915     0.3431    4.82993     33.000    34.8015    34.7758    1482.01    4.82971  1027.2965  1027.2877     -0.399    6.64369 0.0000e+00
     32.307     8.5687     8.0143   3.651159   3.604418     2.1398     1.3677     0.3686    4.81554     32.000    34.7398    34.7904    1484.75    4.81531  1027.1295  1027.2539     -0.591    6.53381 0.0000e+00
     31.297     8.9593     8.8176   3.688276   3.673572     2.1546     1.4129     0.3682    4.81427     31.000    34.7481    34.7324    1486.19    4.81403  1027.0697  1027.0801     -0.816    6.47619 0.0000e+00
     30.288     9.0287     9.0231   3.694796   3.693484     2.1680     1.5591     0.3732    4.84456     30.000    34.7490    34.7408    1486.43    4.84432  1027.0546  1027.0491     -0.540    6.46612 0.0000e+00
     29.278     9.1675     9.0916   3.707763   3.701898     2.1860     1.6133     0.3826    4.88069     29.000    34.7496    34.7624    1486.93    4.88044  1027.0281  1027.0503     -0.305    6.44605 0.0000e+00
     28.268     9.1386     9.0643   3.705815   3.698406     2.1906     1.7014     0.3812    4.89627     28.000    34.7579    34.7530    1486.82    4.89602  1027.0347  1027.0428     -0.754    6.44988 0.0000e+00
     27.259     9.1467     9.1504   3.706594   3.706631     2.1931     1.7817     0.3829    4.90191     27.000    34.7586    34.7554    1486.83    4.90167  1027.0293  1027.0261     -0.509    6.44868 0.0000e+00
     26.249     9.1464     9.1477   3.706946   3.706994     2.1978     1.7439     0.3854    4.91484     26.000    34.7631    34.7622    1486.82    4.91459  1027.0282  1027.0273     -0.450    6.44854 0.0000e+00
     25.239     9.1524     9.1579   3.707456   3.707861     2.1984     1.7745     0.3841    4.91537     25.000    34.7630    34.7619    1486.83    4.91513  1027.0226  1027.0209     -0.779    6.44767 0.0000e+00
     24.230     9.1873     9.1775   3.710572   3.709842     2.2011     1.7839     0.3854    4.91856     24.000    34.7620    34.7639    1486.94    4.91831  1027.0116  1027.0146     -0.267    6.44270 0.0000e+00
     23.220     9.1787     9.1762   3.710006   3.709852     2.2034     1.7408     0.3865    4.92543     23.000    34.7649    34.7657    1486.89    4.92518  1027.0106  1027.0116     -0.560    6.44382 0.0000e+00
     22.210     9.1904     9.1910   3.711635   3.712131     2.2098     1.8110     0.3811    4.94171     22.000    34.7710    34.7756    1486.93    4.94146  1027.0089  1027.0125      0.087    6.44188 0.0000e+00
     21.201     9.1898     9.1918   3.711446   3.711997     2.2086     1.7993     0.3809    4.93764     21.000    34.7700    34.7739    1486.91    4.93740  1027.0037  1027.0063     -0.835    6.44200 0.0000e+00
     20.191     9.1921     9.1921   3.711611   3.711986     2.2093     1.7773     0.3813    4.93880     20.000    34.7699    34.7739    1486.90    4.93855  1026.9987  1027.0018     -0.446    6.44167 0.0000e+00
     19.182     9.1926     9.1923   3.711612   3.711964     2.2100     1.8260     0.3808    4.94020     19.000    34.7700    34.7740    1486.88    4.93995  1026.9940  1026.9972     -0.220    6.44160 0.0000e+00
     18.172     9.1915     9.1909   3.711450   3.711800     2.2108     1.7787     0.3816    4.94209     18.000    34.7699    34.7741    1486.86    4.94185  1026.9896  1026.9930     -0.630    6.44177 0.0000e+00
     17.162     9.1901     9.1907   3.711285   3.711723     2.2109     1.7624     0.3815    4.94184     17.000    34.7700    34.7740    1486.84    4.94159  1026.9854  1026.9883     -0.792    6.44197 0.0000e+00
     16.153     9.1910     9.1906   3.711344   3.711690     2.2107     1.7339     0.3814    4.94063     16.000    34.7702    34.7742    1486.83    4.94038  1026.9807  1026.9839     -0.275    6.44183 0.0000e+00
     15.143     9.1906     9.1900   3.711257   3.711589     2.2107     1.7249     0.3839    4.93986     15.000    34.7701    34.7742    1486.81    4.93961  1026.9761  1026.9795     -0.434    6.44188 0.0000e+00
     14.134     9.1904     9.1899   3.711257   3.711552     2.2109     1.8011     0.3808    4.93998     14.000    34.7709    34.7744    1486.79    4.93973  1026.9722  1026.9750     -0.065    6.44189 0.0000e+00
     13.124     9.1906     9.1900   3.711246   3.711526     2.2121     1.7884     0.3814    4.94264     13.000    34.7709    34.7745    1486.78    4.94239  1026.9677  1026.9705     -0.200    6.44185 0.0000e+00
     12.115     9.1898     9.1896   3.711115   3.711437     2.2117     1.7728     0.3811    4.94087     12.000    34.7708    34.7744    1486.76    4.94062  1026.9631  1026.9659     -0.819    6.44197 0.0000e+00
     11.105     9.1894     9.1886   3.711009   3.711281     2.2120     1.7688     0.3816    4.94120     11.000    34.7707    34.7742    1486.74    4.94095  1026.9584  1026.9613     -0.326    6.44204 0.0000e+00
     10.095     9.1888     9.1882   3.710912   3.711195     2.2128     1.8037     0.3804    4.94299     10.000    34.7706    34.7742    1486.72    4.94274  1026.9539  1026.9568     -0.446    6.44212 0.0000e+00
      9.086     9.1887     9.1878   3.710853   3.711112     2.2120     1.7869     0.3810    4.94000      9.000    34.7707    34.7742    1486.71    4.93975  1026.9495  1026.9523     -0.165    6.44214 0.0000e+00
      8.076     9.1885     9.1875   3.710797   3.711046     2.2116     1.8527     0.3821    4.93817      8.000    34.7708    34.7743    1486.69    4.93792  1026.9449  1026.9478     -0.406    6.44217 0.0000e+00
      7.067     9.1889     9.1880   3.710805   3.711048     2.2121     1.9060     0.3819    4.93892      7.000    34.7709    34.7743    1486.67    4.93867  1026.9403  1026.9431     -0.290    6.44210 0.0000e+00
      6.057     9.1892     9.1889   3.710794   3.711090     2.2131     1.9214     0.3816    4.94108      6.000    34.7709    34.7744    1486.66    4.94083  1026.9358  1026.9385     -0.223    6.44205 0.0000e+00
      5.048     9.1898     9.1893   3.710816   3.711091     2.2136     1.8292     0.3830    4.94196      5.000    34.7711    34.7744    1486.65    4.94171  1026.9312  1026.9338     -0.293    6.44196 0.0000e+00
      4.038     9.1900     9.1896   3.710776   3.711062     2.2140     1.8616     0.3814    4.94238      4.000    34.7710    34.7744    1486.63    4.94213  1026.9265  1026.9292     -0.523    6.44194 0.0000e+00
      3.029     9.1902     9.1893   3.710770   3.711007     2.2140     1.7477     0.3828    4.94182      3.000    34.7712    34.7746    1486.61    4.94157  1026.9220  1026.9248     -0.171    6.44190 0.0000e+00
      2.019     9.1867     9.1855   3.710409   3.710648     2.2142     1.7288     0.3827    4.94223      2.000    34.7713    34.7749    1486.58    4.94198  1026.9181  1026.9211      0.107    6.44239 0.0000e+00
