Cruise Data/Irminger_Sea-01_KN-221_2014-09-07/Ship Data/ctd/process/ukn22104006.cnv
* Sea-Bird SBE 9 Data File:
* FileName = C:\Data\ctd\KN22104006.hdr
* Software Version Seasave V 7.21k
* Temperature SN = 4195
* Conductivity SN = 2147
* Number of Bytes Per Scan = 40
* Number of Voltage Words = 5
* Number of Scans Averaged by the Deck Unit = 1
* NMEA Latitude = 59 57.97 N
* NMEA Longitude = 039 28.24 W
* NMEA UTC (Time) = Sep 12 2014 05:09:49
** KN221-04 Chief Scientist: Bob Weller
** OOI Irminger Sea Sept. 2014
** Station: 006
** Knudsen Depth: 2706
# nquan = 19
# nvalues = 2458                        
# units = specified
# name 0 = prDM: Pressure, Digiquartz [db]
# name 1 = t090C: Temperature [ITS-90, deg C]
# name 2 = t190C: Temperature, 2 [ITS-90, deg C]
# name 3 = c0S/m: Conductivity [S/m]
# name 4 = c1S/m: Conductivity, 2 [S/m]
# name 5 = sbeox0V: Oxygen raw, SBE 43 [V]
# name 6 = flECO-AFL: Fluorescence, WET Labs ECO-AFL/FL [mg/m^3]
# name 7 = CStarAt0: Beam Attenuation, WET Labs C-Star [1/m]
# name 8 = sbeox0ML/L: Oxygen, SBE 43 [ml/l]
# name 9 = depSM: Depth [salt water, m], lat = 59.9662
# name 10 = sal00: Salinity, Practical [PSU]
# name 11 = sal11: Salinity, Practical, 2 [PSU]
# name 12 = svDM: Sound Velocity [Delgrosso, m/s]
# name 13 = sbeox0ML/L: Oxygen, SBE 43 [ml/l], WS = 2
# name 14 = density00: Density [density, Kg/m^3]
# name 15 = density11: Density, 2 [density, Kg/m^3]
# name 16 = dz/dtM: Descent Rate [m/s], WS = 2
# name 17 = oxsatML/L: Oxygen Saturation, Weiss [ml/l]
# name 18 = flag: flag
# span 0 =     23.220,   2518.614       
# span 1 =     2.2372,     9.1745       
# span 2 =     2.2367,     9.1734       
# span 3 =   3.197179,   3.710721       
# span 4 =   3.197412,   3.710957       
# span 5 =     1.5248,     2.2089       
# span 6 =     0.0100,     1.8592       
# span 7 =     0.0833,     0.3972       
# span 8 =    4.67299,    5.07501       
# span 9 =     23.000,   2480.000       
# span 10 =    34.7531,    34.9944      
# span 11 =    34.6320,    34.9943      
# span 12 =    1471.34,    1500.73      
# span 13 =    4.67288,    5.07488      
# span 14 =  1027.0204,  1039.3945      
# span 15 =  1027.0233,  1039.3972      
# span 16 =     -2.232,      0.414      
# span 17 =    6.44394,    7.59634      
# span 18 = 0.0000e+00, 0.0000e+00      
# interval = meters: 1                  
# start_time = Sep 12 2014 05:09:49 [NMEA time, header]
# bad_flag = -9.990e-29
*END*
[from data line 1143]
   1354.112     3.6249     3.6250   3.275164   3.275411     1.6851     0.0418     0.0858    4.67369   1337.000    34.9222    34.9249    1486.91    4.67358  1033.9907  1033.9928     -1.570    7.33499 0.0000e+00
   1353.096     3.6260     3.6257   3.275229   3.275435     1.6859     0.0350     0.0858    4.67589   1336.000    34.9222    34.9250    1486.90    4.67578  1033.9860  1033.9882     -1.484    7.33478 0.0000e+00
   1352.080     3.6265     3.6262   3.275225   3.275439     1.6859     0.0234     0.0858    4.67504   1335.000    34.9222    34.9251    1486.88    4.67493  1033.9813  1033.9836     -1.350    7.33470 0.0000e+00
   1351.063     3.6269     3.6265   3.275225   3.275440     1.6859     0.0387     0.0857    4.67465   1334.000    34.9223    34.9253    1486.87    4.67454  1033.9767  1033.9791     -1.142    7.33462 0.0000e+00
   1350.047     3.6275     3.6261   3.275259   3.275345     1.6860     0.0396     0.0855    4.67434   1333.000    34.9225    34.9251    1486.85    4.67423  1033.9722  1033.9744     -0.804    7.33449 0.0000e+00
   1349.031     3.6292     3.6282   3.275366   3.275511     1.6865     0.0352     0.0853    4.67526   1332.000    34.9225    34.9253    1486.84    4.67515  1033.9673  1033.9697     -0.672    7.33419 0.0000e+00
   1348.015     3.6296     3.6288   3.275316   3.275497     1.6869     0.0348     0.0853    4.67621   1331.000    34.9220    34.9250    1486.83    4.67610  1033.9623  1033.9648     -1.084    7.33415 0.0000e+00
   1346.999     3.6303     3.6299   3.275327   3.275522     1.6871     0.0334     0.0857    4.67652   1330.000    34.9219    34.9247    1486.81    4.67641  1033.9575  1033.9597     -1.315    7.33402 0.0000e+00
   1345.983     3.6307     3.6303   3.275318   3.275514     1.6871     0.0226     0.0857    4.67554   1329.000    34.9218    34.9247    1486.80    4.67543  1033.9528  1033.9551     -1.345    7.33394 0.0000e+00
   1344.967     3.6305     3.6300   3.275250   3.275445     1.6871     0.0425     0.0854    4.67523   1328.000    34.9218    34.9247    1486.78    4.67512  1033.9482  1033.9506     -1.181    7.33399 0.0000e+00
   1343.951     3.6302     3.6297   3.275188   3.275380     1.6872     0.0468     0.0857    4.67500   1327.000    34.9219    34.9247    1486.76    4.67489  1033.9436  1033.9459     -0.806    7.33403 0.0000e+00
   1342.935     3.6305     3.6298   3.275168   3.275345     1.6873     0.0304     0.0857    4.67464   1326.000    34.9218    34.9247    1486.75    4.67453  1033.9390  1033.9413     -0.774    7.33398 0.0000e+00
   1341.919     3.6323     3.6317   3.275252   3.275420     1.6873     0.0287     0.0858    4.67389   1325.000    34.9215    34.9241    1486.74    4.67378  1033.9338  1033.9360     -1.210    7.33368 0.0000e+00
   1340.903     3.6341     3.6340   3.275367   3.275575     1.6875     0.0475     0.0858    4.67386   1324.000    34.9214    34.9240    1486.73    4.67374  1033.9290  1033.9310     -1.328    7.33336 0.0000e+00
   1339.887     3.6364     3.6368   3.275541   3.275819     1.6877     0.0470     0.0856    4.67351   1323.000    34.9216    34.9244    1486.72    4.67339  1033.9242  1033.9264     -1.183    7.33294 0.0000e+00
   1338.871     3.6374     3.6388   3.275634   3.275974     1.6880     0.0470     0.0857    4.67390   1322.000    34.9221    34.9247    1486.71    4.67379  1033.9198  1033.9218     -0.920    7.33272 0.0000e+00
   1337.855     3.6393     3.6392   3.275744   3.275986     1.6882     0.0356     0.0854    4.67417   1321.000    34.9219    34.9249    1486.70    4.67405  1033.9148  1033.9172     -0.964    7.33238 0.0000e+00
   1336.839     3.6440     3.6436   3.276171   3.276296     1.6889     0.0348     0.0858    4.67531   1320.000    34.9226    34.9245    1486.71    4.67520  1033.9102  1033.9117     -1.185    7.33151 0.0000e+00
   1335.823     3.6474     3.6493   3.276474   3.276852     1.6891     0.0447     0.0855    4.67518   1319.000    34.9231    34.9255    1486.70    4.67507  1033.9055  1033.9071     -1.216    7.33087 0.0000e+00
   1334.807     3.6492     3.6492   3.276605   3.276866     1.6894     0.0253     0.0858    4.67547   1318.000    34.9232    34.9264    1486.69    4.67536  1033.9006  1033.9032     -1.026    7.33052 0.0000e+00
   1333.792     3.6479     3.6472   3.276437   3.276636     1.6897     0.0282     0.0856    4.67641   1317.000    34.9231    34.9262    1486.67    4.67630  1033.8962  1033.8987     -0.679    7.33077 0.0000e+00
   1332.776     3.6468     3.6452   3.276273   3.276376     1.6896     0.0353     0.0853    4.67558   1316.000    34.9228    34.9257    1486.65    4.67546  1033.8915  1033.8940     -0.939    7.33098 0.0000e+00
   1331.760     3.6451     3.6443   3.276052   3.276213     1.6898     0.0348     0.0858    4.67591   1315.000    34.9225    34.9252    1486.63    4.67580  1033.8868  1033.8892     -1.307    7.33130 0.0000e+00
   1330.744     3.6452     3.6448   3.275986   3.276196     1.6906     0.0101     0.0858    4.67827   1314.000    34.9222    34.9250    1486.61    4.67816  1033.8821  1033.8843     -1.431    7.33131 0.0000e+00
   1329.728     3.6450     3.6444   3.275916   3.276107     1.6905     0.0256     0.0858    4.67728   1313.000    34.9220    34.9249    1486.59    4.67717  1033.8773  1033.8798     -1.391    7.33134 0.0000e+00
   1328.712     3.6446     3.6439   3.275817   3.275981     1.6908     0.0376     0.0858    4.67780   1312.000    34.9218    34.9245    1486.57    4.67768  1033.8726  1033.8748     -1.247    7.33143 0.0000e+00
   1327.696     3.6446     3.6444   3.275788   3.275981     1.6908     0.0470     0.0856    4.67722   1311.000    34.9219    34.9245    1486.56    4.67710  1033.8680  1033.8701     -1.035    7.33142 0.0000e+00
   1326.680     3.6447     3.6445   3.275761   3.275964     1.6910     0.0470     0.0858    4.67754   1310.000    34.9220    34.9246    1486.54    4.67743  1033.8635  1033.8656     -0.822    7.33140 0.0000e+00
   1325.664     3.6451     3.6446   3.275747   3.275923     1.6912     0.0545     0.0857    4.67772   1309.000    34.9219    34.9245    1486.52    4.67760  1033.8588  1033.8610     -0.786    7.33133 0.0000e+00
   1324.648     3.6466     3.6453   3.275822   3.275926     1.6912     0.0593     0.0855    4.67665   1308.000    34.9218    34.9243    1486.51    4.67654  1033.8539  1033.8561     -0.938    7.33107 0.0000e+00
   1323.632     3.6479     3.6476   3.275888   3.276072     1.6918     0.0395     0.0855    4.67853   1307.000    34.9217    34.9242    1486.50    4.67842  1033.8490  1033.8511     -1.051    7.33084 0.0000e+00
   1322.616     3.6482     3.6471   3.275851   3.275984     1.6917     0.0348     0.0856    4.67746   1306.000    34.9214    34.9242    1486.49    4.67735  1033.8442  1033.8464     -1.195    7.33080 0.0000e+00
   1321.600     3.6476     3.6466   3.275719   3.275873     1.6919     0.0415     0.0857    4.67752   1305.000    34.9210    34.9239    1486.47    4.67741  1033.8392  1033.8417     -1.402    7.33092 0.0000e+00
   1320.584     3.6471     3.6464   3.275615   3.275789     1.6919     0.0469     0.0854    4.67683   1304.000    34.9209    34.9236    1486.45    4.67672  1033.8347  1033.8369     -1.542    7.33103 0.0000e+00
   1319.568     3.6469     3.6463   3.275551   3.275727     1.6921     0.0356     0.0858    4.67721   1303.000    34.9208    34.9235    1486.43    4.67710  1033.8300  1033.8323     -1.507    7.33106 0.0000e+00
   1318.553     3.6467     3.6461   3.275493   3.275663     1.6920     0.0349     0.0858    4.67611   1302.000    34.9208    34.9234    1486.41    4.67599  1033.8254  1033.8276     -1.131    7.33110 0.0000e+00
   1317.537     3.6463     3.6455   3.275406   3.275557     1.6927     0.0326     0.0858    4.67827   1301.000    34.9207    34.9233    1486.39    4.67816  1033.8208  1033.8230     -0.144    7.33117 0.0000e+00
   1316.521     3.6466     3.6459   3.275349   3.275528     1.6929     0.0447     0.0859    4.67852   1300.000    34.9202    34.9231    1486.38    4.67841  1033.8158  1033.8181     -1.687    7.33114 0.0000e+00
   1315.505     3.6467     3.6464   3.275307   3.275517     1.6931     0.0358     0.0858    4.67852   1299.000    34.9201    34.9229    1486.36    4.67841  1033.8112  1033.8132     -1.764    7.33113 0.0000e+00
   1314.489     3.6473     3.6476   3.275321   3.275562     1.6931     0.0279     0.0858    4.67787   1298.000    34.9202    34.9227    1486.35    4.67776  1033.8064  1033.8083     -1.631    7.33102 0.0000e+00
   1313.473     3.6485     3.6484   3.275392   3.275619     1.6932     0.0248     0.0858    4.67743   1297.000    34.9202    34.9230    1486.34    4.67732  1033.8018  1033.8040     -1.356    7.33079 0.0000e+00
   1312.457     3.6489     3.6502   3.275410   3.275747     1.6934     0.0468     0.0858    4.67765   1296.000    34.9206    34.9231    1486.32    4.67754  1033.7974  1033.7992     -1.049    7.33072 0.0000e+00
   1311.441     3.6515     3.6522   3.275597   3.275900     1.6938     0.0346     0.0858    4.67831   1295.000    34.9205    34.9234    1486.32    4.67820  1033.7924  1033.7944     -0.988    7.33024 0.0000e+00
   1310.426     3.6525     3.6507   3.275649   3.275739     1.6941     0.0348     0.0858    4.67858   1294.000    34.9206    34.9236    1486.30    4.67847  1033.7876  1033.7903     -0.946    7.33006 0.0000e+00
   1309.410     3.6535     3.6538   3.275744   3.275986     1.6944     0.0400     0.0858    4.67921   1293.000    34.9211    34.9238    1486.29    4.67910  1033.7833  1033.7854     -0.471    7.32984 0.0000e+00
   1308.394     3.6544     3.6565   3.275749   3.276194     1.6945     0.0351     0.0854    4.67882   1292.000    34.9208    34.9239    1486.28    4.67871  1033.7783  1033.7805     -1.184    7.32970 0.0000e+00
   1307.378     3.6577     3.6575   3.276017   3.276211     1.6948     0.0348     0.0861    4.67879   1291.000    34.9210    34.9235    1486.28    4.67868  1033.7734  1033.7755     -1.606    7.32910 0.0000e+00
   1306.362     3.6609     3.6610   3.276266   3.276504     1.6954     0.0358     0.0858    4.68010   1290.000    34.9211    34.9238    1486.27    4.67998  1033.7684  1033.7706     -1.760    7.32851 0.0000e+00
   1305.346     3.6620     3.6624   3.276344   3.276595     1.6954     0.0348     0.0858    4.67950   1289.000    34.9213    34.9239    1486.26    4.67938  1033.7639  1033.7660     -1.719    7.32829 0.0000e+00
   1304.331     3.6638     3.6660   3.276469   3.276889     1.6955     0.0348     0.0858    4.67885   1288.000    34.9215    34.9241    1486.25    4.67874  1033.7592  1033.7610     -1.455    7.32797 0.0000e+00
   1303.315     3.6694     3.6721   3.277014   3.277455     1.6956     0.0440     0.0858    4.67805   1287.000    34.9225    34.9248    1486.26    4.67794  1033.7546  1033.7561     -0.869    7.32690 0.0000e+00
   1302.299     3.6763     3.6817   3.277637   3.278382     1.6958     0.0307     0.0858    4.67724   1286.000    34.9231    34.9263    1486.27    4.67712  1033.7496  1033.7513     -0.615    7.32563 0.0000e+00
   1301.283     3.6780     3.6814   3.277752   3.278284     1.6960     0.0318     0.0857    4.67708   1285.000    34.9232    34.9258    1486.26    4.67696  1033.7449  1033.7465     -1.257    7.32531 0.0000e+00
   1300.267     3.6812     3.6844   3.278043   3.278541     1.6964     0.0267     0.0858    4.67774   1284.000    34.9238    34.9263    1486.26    4.67763  1033.7402  1033.7418     -1.400    7.32470 0.0000e+00
   1299.252     3.6866     3.6893   3.278574   3.279012     1.6963     0.0346     0.0855    4.67614   1283.000    34.9248    34.9272    1486.27    4.67603  1033.7357  1033.7373     -1.280    7.32367 0.0000e+00
   1298.236     3.6876     3.6868   3.278622   3.278811     1.6968     0.0322     0.0857    4.67718   1282.000    34.9249    34.9280    1486.26    4.67707  1033.7311  1033.7336     -0.802    7.32349 0.0000e+00
   1297.220     3.6838     3.6846   3.278169   3.278481     1.6969     0.0313     0.0857    4.67765   1281.000    34.9240    34.9269    1486.22    4.67753  1033.7262  1033.7285     -0.564    7.32421 0.0000e+00
   1296.204     3.6832     3.6830   3.278071   3.278340     1.6970     0.0476     0.0858    4.67755   1280.000    34.9240    34.9274    1486.20    4.67743  1033.7218  1033.7245     -1.187    7.32432 0.0000e+00
   1295.188     3.6813     3.6803   3.277792   3.278050     1.6968     0.0364     0.0858    4.67641   1279.000    34.9232    34.9273    1486.18    4.67630  1033.7168  1033.7201     -1.415    7.32471 0.0000e+00
   1294.173     3.6773     3.6760   3.277339   3.277499     1.6970     0.0347     0.0858    4.67697   1278.000    34.9226    34.9258    1486.14    4.67685  1033.7122  1033.7148     -1.586    7.32546 0.0000e+00
   1293.157     3.6771     3.6763   3.277256   3.277410     1.6971     0.0358     0.0858    4.67689   1277.000    34.9223    34.9249    1486.12    4.67677  1033.7074  1033.7096     -1.676    7.32552 0.0000e+00
   1292.141     3.6772     3.6767   3.277211   3.277385     1.6976     0.0442     0.0858    4.67817   1276.000    34.9222    34.9248    1486.11    4.67806  1033.7026  1033.7048     -1.593    7.32550 0.0000e+00
   1291.125     3.6773     3.6766   3.277183   3.277357     1.6976     0.0469     0.0857    4.67736   1275.000    34.9222    34.9250    1486.09    4.67724  1033.6981  1033.7003     -1.201    7.32547 0.0000e+00
   1290.109     3.6785     3.6781   3.277265   3.277450     1.6982     0.0358     0.0858    4.67883   1274.000    34.9224    34.9251    1486.08    4.67871  1033.6935  1033.6956     -0.302    7.32525 0.0000e+00
   1289.094     3.6808     3.6806   3.277405   3.277596     1.6981     0.0233     0.0858    4.67753   1273.000    34.9222    34.9247    1486.07    4.67742  1033.6884  1033.6904     -1.339    7.32485 0.0000e+00
   1288.078     3.6836     3.6823   3.277642   3.277727     1.6981     0.0420     0.0858    4.67684   1272.000    34.9226    34.9249    1486.07    4.67673  1033.6837  1033.6857     -1.461    7.32433 0.0000e+00
   1287.062     3.6829     3.6817   3.277510   3.277659     1.6984     0.0425     0.0858    4.67726   1271.000    34.9223    34.9252    1486.05    4.67714  1033.6790  1033.6814     -1.335    7.32447 0.0000e+00
   1286.047     3.6822     3.6812   3.277403   3.277534     1.6988     0.0328     0.0858    4.67826   1270.000    34.9222    34.9249    1486.03    4.67815  1033.6744  1033.6766     -1.090    7.32460 0.0000e+00
   1285.031     3.6813     3.6809   3.277265   3.277474     1.6991     0.0229     0.0858    4.67907   1269.000    34.9220    34.9250    1486.01    4.67896  1033.6697  1033.6721     -0.914    7.32476 0.0000e+00
   1284.015     3.6800     3.6800   3.277050   3.277312     1.6992     0.0275     0.0855    4.67889   1268.000    34.9214    34.9245    1485.99    4.67877  1033.6648  1033.6672     -1.065    7.32504 0.0000e+00
   1282.999     3.6802     3.6795   3.277027   3.277198     1.6993     0.0348     0.0858    4.67864   1267.000    34.9214    34.9242    1485.97    4.67852  1033.6602  1033.6625     -1.166    7.32500 0.0000e+00
   1281.984     3.6807     3.6806   3.277020   3.277244     1.6993     0.0348     0.0862    4.67814   1266.000    34.9213    34.9241    1485.95    4.67803  1033.6554  1033.6576     -0.975    7.32491 0.0000e+00
   1280.968     3.6817     3.6820   3.277077   3.277334     1.6996     0.0355     0.0857    4.67846   1265.000    34.9214    34.9242    1485.94    4.67835  1033.6508  1033.6528     -0.714    7.32472 0.0000e+00
   1279.952     3.6836     3.6831   3.277168   3.277370     1.7001     0.0348     0.0855    4.67949   1264.000    34.9210    34.9240    1485.93    4.67938  1033.6456  1033.6479     -1.016    7.32440 0.0000e+00
   1278.937     3.6835     3.6833   3.277120   3.277341     1.7003     0.0415     0.0857    4.67975   1263.000    34.9210    34.9239    1485.92    4.67963  1033.6410  1033.6433     -1.228    7.32441 0.0000e+00
   1277.921     3.6831     3.6827   3.277009   3.277241     1.7002     0.0473     0.0858    4.67888   1262.000    34.9207    34.9238    1485.90    4.67877  1033.6361  1033.6387     -1.272    7.32450 0.0000e+00
