Cruise Data/Irminger_Sea-01_KN-221_2014-09-07/Ship Data/ctd/process/ukn22104006.cnv
* Sea-Bird SBE 9 Data File:
* FileName = C:\Data\ctd\KN22104006.hdr
* Software Version Seasave V 7.21k
* Temperature SN = 4195
* Conductivity SN = 2147
* Number of Bytes Per Scan = 40
* Number of Voltage Words = 5
* Number of Scans Averaged by the Deck Unit = 1
* NMEA Latitude = 59 57.97 N
* NMEA Longitude = 039 28.24 W
* NMEA UTC (Time) = Sep 12 2014 05:09:49
** KN221-04 Chief Scientist: Bob Weller
** OOI Irminger Sea Sept. 2014
** Station: 006
** Knudsen Depth: 2706
# nquan = 19
# nvalues = 2458                        
# units = specified
# name 0 = prDM: Pressure, Digiquartz [db]
# name 1 = t090C: Temperature [ITS-90, deg C]
# name 2 = t190C: Temperature, 2 [ITS-90, deg C]
# name 3 = c0S/m: Conductivity [S/m]
# name 4 = c1S/m: Conductivity, 2 [S/m]
# name 5 = sbeox0V: Oxygen raw, SBE 43 [V]
# name 6 = flECO-AFL: Fluorescence, WET Labs ECO-AFL/FL [mg/m^3]
# name 7 = CStarAt0: Beam Attenuation, WET Labs C-Star [1/m]
# name 8 = sbeox0ML/L: Oxygen, SBE 43 [ml/l]
# name 9 = depSM: Depth [salt water, m], lat = 59.9662
# name 10 = sal00: Salinity, Practical [PSU]
# name 11 = sal11: Salinity, Practical, 2 [PSU]
# name 12 = svDM: Sound Velocity [Delgrosso, m/s]
# name 13 = sbeox0ML/L: Oxygen, SBE 43 [ml/l], WS = 2
# name 14 = density00: Density [density, Kg/m^3]
# name 15 = density11: Density, 2 [density, Kg/m^3]
# name 16 = dz/dtM: Descent Rate [m/s], WS = 2
# name 17 = oxsatML/L: Oxygen Saturation, Weiss [ml/l]
# name 18 = flag: flag
# span 0 =     23.220,   2518.614       
# span 1 =     2.2372,     9.1745       
# span 2 =     2.2367,     9.1734       
# span 3 =   3.197179,   3.710721       
# span 4 =   3.197412,   3.710957       
# span 5 =     1.5248,     2.2089       
# span 6 =     0.0100,     1.8592       
# span 7 =     0.0833,     0.3972       
# span 8 =    4.67299,    5.07501       
# span 9 =     23.000,   2480.000       
# span 10 =    34.7531,    34.9944      
# span 11 =    34.6320,    34.9943      
# span 12 =    1471.34,    1500.73      
# span 13 =    4.67288,    5.07488      
# span 14 =  1027.0204,  1039.3945      
# span 15 =  1027.0233,  1039.3972      
# span 16 =     -2.232,      0.414      
# span 17 =    6.44394,    7.59634      
# span 18 = 0.0000e+00, 0.0000e+00      
# interval = meters: 1                  
# start_time = Sep 12 2014 05:09:49 [NMEA time, header]
# bad_flag = -9.990e-29
*END*
[from data line 458]
   2051.245     3.0717     3.0711   3.255124   3.255348     1.5701     0.0401     0.0839    4.69364   2022.000    34.9269    34.9303    1496.14    4.69354  1037.2125  1037.2152     -0.606    7.43642 0.0000e+00
   2050.226     3.0717     3.0711   3.255060   3.255290     1.5704     0.0148     0.0835    4.69419   2021.000    34.9267    34.9301    1496.12    4.69410  1037.2078  1037.2106     -1.076    7.43644 0.0000e+00
   2049.207     3.0716     3.0711   3.255007   3.255230     1.5704     0.0279     0.0836    4.69354   2020.000    34.9267    34.9299    1496.10    4.69344  1037.2032  1037.2058     -1.268    7.43647 0.0000e+00
   2048.187     3.0718     3.0712   3.254976   3.255199     1.5704     0.0362     0.0835    4.69288   2019.000    34.9266    34.9299    1496.09    4.69279  1037.1986  1037.2012     -1.352    7.43643 0.0000e+00
   2047.168     3.0721     3.0716   3.254965   3.255183     1.5704     0.0355     0.0838    4.69254   2018.000    34.9266    34.9298    1496.07    4.69244  1037.1940  1037.1965     -1.401    7.43637 0.0000e+00
   2046.149     3.0726     3.0719   3.254949   3.255167     1.5711     0.0470     0.0837    4.69485   2017.000    34.9264    34.9298    1496.05    4.69476  1037.1892  1037.1919     -1.386    7.43629 0.0000e+00
   2045.129     3.0742     3.0730   3.255078   3.255220     1.5713     0.0388     0.0836    4.69466   2016.000    34.9267    34.9297    1496.04    4.69456  1037.1846  1037.1870     -1.250    7.43597 0.0000e+00
   2044.110     3.0750     3.0753   3.255111   3.255401     1.5715     0.0421     0.0836    4.69493   2015.000    34.9267    34.9299    1496.03    4.69483  1037.1799  1037.1824     -0.893    7.43582 0.0000e+00
   2043.091     3.0762     3.0757   3.255175   3.255405     1.5716     0.0418     0.0836    4.69459   2014.000    34.9267    34.9301    1496.02    4.69449  1037.1752  1037.1779     -0.480    7.43560 0.0000e+00
   2042.071     3.0785     3.0774   3.255343   3.255498     1.5718     0.0366     0.0836    4.69444   2013.000    34.9268    34.9299    1496.01    4.69434  1037.1703  1037.1730     -1.047    7.43517 0.0000e+00
   2041.052     3.0837     3.0825   3.255794   3.255904     1.5720     0.0348     0.0836    4.69414   2012.000    34.9272    34.9298    1496.02    4.69405  1037.1654  1037.1676     -1.401    7.43419 0.0000e+00
   2040.033     3.0854     3.0850   3.255924   3.256157     1.5721     0.0393     0.0836    4.69379   2011.000    34.9274    34.9306    1496.01    4.69369  1037.1606  1037.1632     -1.574    7.43385 0.0000e+00
   2039.013     3.0860     3.0857   3.255949   3.256199     1.5723     0.0472     0.0836    4.69386   2010.000    34.9276    34.9310    1495.99    4.69376  1037.1563  1037.1588     -1.621    7.43374 0.0000e+00
   2037.994     3.0866     3.0864   3.255968   3.256230     1.5727     0.0389     0.0837    4.69506   2009.000    34.9277    34.9310    1495.98    4.69496  1037.1516  1037.1543     -1.534    7.43362 0.0000e+00
   2036.975     3.0854     3.0854   3.255807   3.256100     1.5728     0.0349     0.0836    4.69469   2008.000    34.9275    34.9310    1495.96    4.69459  1037.1471  1037.1498     -1.271    7.43385 0.0000e+00
   2035.955     3.0845     3.0840   3.255677   3.255914     1.5731     0.0418     0.0836    4.69572   2007.000    34.9274    34.9307    1495.94    4.69562  1037.1426  1037.1453     -0.609    7.43402 0.0000e+00
   2034.936     3.0841     3.0834   3.255556   3.255749     1.5734     0.0392     0.0836    4.69645   2006.000    34.9269    34.9299    1495.92    4.69635  1037.1377  1037.1401     -0.755    7.43413 0.0000e+00
   2033.917     3.0856     3.0853   3.255685   3.255892     1.5733     0.0541     0.0836    4.69535   2005.000    34.9273    34.9301    1495.91    4.69525  1037.1332  1037.1354     -1.294    7.43382 0.0000e+00
   2032.898     3.0873     3.0868   3.255760   3.255989     1.5734     0.0477     0.0836    4.69494   2004.000    34.9269    34.9302    1495.90    4.69485  1037.1281  1037.1307     -1.363    7.43354 0.0000e+00
   2031.878     3.0887     3.0880   3.255855   3.256050     1.5737     0.0368     0.0836    4.69511   2003.000    34.9270    34.9301    1495.89    4.69502  1037.1234  1037.1259     -1.263    7.43326 0.0000e+00
   2030.859     3.0916     3.0911   3.256086   3.256298     1.5741     0.0471     0.0836    4.69582   2002.000    34.9272    34.9303    1495.88    4.69572  1037.1185  1037.1211     -1.169    7.43271 0.0000e+00
   2029.840     3.0932     3.0920   3.256213   3.256365     1.5739     0.0348     0.0836    4.69436   2001.000    34.9275    34.9306    1495.87    4.69426  1037.1140  1037.1166     -1.216    7.43240 0.0000e+00
   2028.821     3.0941     3.0935   3.256276   3.256480     1.5743     0.0354     0.0836    4.69504   2000.000    34.9278    34.9309    1495.86    4.69494  1037.1095  1037.1119     -1.246    7.43222 0.0000e+00
   2027.801     3.0947     3.0941   3.256289   3.256506     1.5745     0.0353     0.0836    4.69557   1999.000    34.9278    34.9310    1495.84    4.69547  1037.1049  1037.1075     -1.035    7.43211 0.0000e+00
   2026.782     3.0953     3.0943   3.256301   3.256486     1.5745     0.0351     0.0836    4.69485   1998.000    34.9279    34.9311    1495.83    4.69475  1037.1002  1037.1029     -0.538    7.43200 0.0000e+00
   2025.763     3.0969     3.0961   3.256385   3.256584     1.5751     0.0348     0.0836    4.69648   1997.000    34.9277    34.9309    1495.82    4.69639  1037.0953  1037.0979     -0.994    7.43171 0.0000e+00
   2024.744     3.0983     3.0975   3.256481   3.256698     1.5750     0.0348     0.0836    4.69512   1996.000    34.9278    34.9312    1495.81    4.69502  1037.0907  1037.0934     -1.240    7.43145 0.0000e+00
   2023.724     3.0986     3.0981   3.256486   3.256705     1.5751     0.0348     0.0836    4.69512   1995.000    34.9281    34.9312    1495.79    4.69502  1037.0863  1037.0887     -1.113    7.43138 0.0000e+00
   2022.705     3.0988     3.0989   3.256463   3.256738     1.5752     0.0348     0.0836    4.69500   1994.000    34.9280    34.9312    1495.78    4.69490  1037.0815  1037.0841     -0.830    7.43133 0.0000e+00
   2021.686     3.1011     3.1004   3.256621   3.256828     1.5752     0.0348     0.0835    4.69366   1993.000    34.9279    34.9312    1495.77    4.69356  1037.0767  1037.0793     -0.823    7.43091 0.0000e+00
   2020.667     3.1011     3.1006   3.256578   3.256809     1.5753     0.0353     0.0840    4.69365   1992.000    34.9280    34.9312    1495.75    4.69355  1037.0721  1037.0747     -1.003    7.43092 0.0000e+00
   2019.647     3.1005     3.1004   3.256488   3.256746     1.5753     0.0453     0.0835    4.69309   1991.000    34.9280    34.9312    1495.73    4.69299  1037.0676  1037.0702     -0.904    7.43102 0.0000e+00
   2018.628     3.1016     3.1006   3.256549   3.256734     1.5755     0.0391     0.0834    4.69342   1990.000    34.9280    34.9313    1495.72    4.69332  1037.0629  1037.0657     -0.183    7.43081 0.0000e+00
   2017.609     3.1027     3.1017   3.256584   3.256776     1.5757     0.0472     0.0836    4.69347   1989.000    34.9278    34.9311    1495.71    4.69337  1037.0580  1037.0608     -1.642    7.43063 0.0000e+00
   2016.590     3.1029     3.1021   3.256564   3.256760     1.5753     0.0443     0.0836    4.69080   1988.000    34.9278    34.9310    1495.69    4.69070  1037.0535  1037.0562     -1.658    7.43058 0.0000e+00
   2015.571     3.1036     3.1027   3.256595   3.256773     1.5757     0.0350     0.0836    4.69219   1987.000    34.9280    34.9311    1495.68    4.69209  1037.0490  1037.0515     -1.326    7.43045 0.0000e+00
   2014.551     3.1034     3.1032   3.256567   3.256824     1.5764     0.0415     0.0836    4.69434   1986.000    34.9283    34.9316    1495.66    4.69424  1037.0446  1037.0472     -0.337    7.43047 0.0000e+00
   2013.532     3.1028     3.1025   3.256436   3.256701     1.5766     0.0463     0.0836    4.69490   1985.000    34.9279    34.9314    1495.64    4.69480  1037.0398  1037.0426     -0.322    7.43061 0.0000e+00
   2012.513     3.1020     3.1015   3.256291   3.256538     1.5770     0.0353     0.0836    4.69603   1984.000    34.9275    34.9310    1495.62    4.69593  1037.0350  1037.0378     -1.613    7.43077 0.0000e+00
   2011.494     3.1023     3.1018   3.256280   3.256506     1.5776     0.0441     0.0835    4.69780   1983.000    34.9275    34.9307    1495.60    4.69771  1037.0305  1037.0331      0.099    7.43071 0.0000e+00
   2010.475     3.1076     3.1070   3.256801   3.257007     1.5776     0.0363     0.0836    4.69646   1982.000    34.9287    34.9317    1495.61    4.69636  1037.0260  1037.0284     -0.242    7.42968 0.0000e+00
   2009.456     3.1053     3.1047   3.256496   3.256720     1.5779     0.0469     0.0836    4.69771   1981.000    34.9280    34.9312    1495.58    4.69761  1037.0212  1037.0238     -1.651    7.43014 0.0000e+00
   2008.436     3.1064     3.1058   3.256577   3.256778     1.5779     0.0470     0.0836    4.69671   1980.000    34.9282    34.9313    1495.57    4.69662  1037.0167  1037.0192     -1.496    7.42992 0.0000e+00
   2007.417     3.1071     3.1065   3.256620   3.256824     1.5783     0.0426     0.0836    4.69777   1979.000    34.9285    34.9315    1495.56    4.69767  1037.0122  1037.0148     -0.640    7.42977 0.0000e+00
   2006.398     3.1083     3.1073   3.256659   3.256835     1.5786     0.0394     0.0836    4.69845   1978.000    34.9281    34.9314    1495.55    4.69835  1037.0072  1037.0099     -1.094    7.42956 0.0000e+00
   2005.379     3.1089     3.1079   3.256670   3.256851     1.5785     0.0469     0.0836    4.69724   1977.000    34.9282    34.9313    1495.53    4.69715  1037.0027  1037.0052     -1.535    7.42946 0.0000e+00
   2004.360     3.1113     3.1110   3.256845   3.257043     1.5785     0.0383     0.0836    4.69629   1976.000    34.9282    34.9309    1495.52    4.69619  1036.9977  1036.9999     -1.573    7.42901 0.0000e+00
   2003.341     3.1120     3.1122   3.256855   3.257142     1.5786     0.0356     0.0836    4.69597   1975.000    34.9280    34.9313    1495.51    4.69587  1036.9929  1036.9955     -1.393    7.42888 0.0000e+00
   2002.322     3.1121     3.1121   3.256837   3.257089     1.5786     0.0349     0.0836    4.69519   1974.000    34.9283    34.9313    1495.49    4.69509  1036.9885  1036.9908     -1.089    7.42886 0.0000e+00
   2001.302     3.1138     3.1114   3.256934   3.257001     1.5786     0.0348     0.0836    4.69443   1973.000    34.9281    34.9315    1495.48    4.69433  1036.9836  1036.9866     -0.805    7.42855 0.0000e+00
   2000.283     3.1143     3.1128   3.256939   3.257072     1.5786     0.0499     0.0836    4.69392   1972.000    34.9281    34.9313    1495.47    4.69382  1036.9790  1036.9817     -0.822    7.42846 0.0000e+00
   1999.264     3.1150     3.1145   3.256968   3.257182     1.5787     0.0416     0.0836    4.69337   1971.000    34.9282    34.9313    1495.45    4.69327  1036.9744  1036.9768     -0.946    7.42832 0.0000e+00
   1998.245     3.1155     3.1150   3.256971   3.257186     1.5788     0.0254     0.0835    4.69312   1970.000    34.9282    34.9313    1495.44    4.69302  1036.9697  1036.9722     -1.002    7.42823 0.0000e+00
   1997.226     3.1156     3.1150   3.256943   3.257147     1.5794     0.0326     0.0837    4.69522   1969.000    34.9282    34.9313    1495.42    4.69512  1036.9651  1036.9677     -1.116    7.42820 0.0000e+00
   1996.207     3.1159     3.1153   3.256920   3.257135     1.5793     0.0426     0.0838    4.69420   1968.000    34.9282    34.9313    1495.41    4.69410  1036.9604  1036.9630     -1.266    7.42816 0.0000e+00
   1995.188     3.1165     3.1158   3.256928   3.257108     1.5795     0.0442     0.0836    4.69416   1967.000    34.9281    34.9310    1495.39    4.69406  1036.9558  1036.9581     -1.352    7.42805 0.0000e+00
   1994.169     3.1180     3.1178   3.257026   3.257238     1.5795     0.0355     0.0836    4.69333   1966.000    34.9281    34.9310    1495.38    4.69323  1036.9510  1036.9532     -1.302    7.42776 0.0000e+00
   1993.150     3.1198     3.1186   3.257149   3.257292     1.5799     0.0348     0.0836    4.69426   1965.000    34.9282    34.9312    1495.37    4.69416  1036.9463  1036.9487     -1.066    7.42742 0.0000e+00
   1992.130     3.1211     3.1196   3.257217   3.257356     1.5799     0.0300     0.0836    4.69355   1964.000    34.9282    34.9314    1495.36    4.69345  1036.9415  1036.9442     -0.540    7.42720 0.0000e+00
   1991.111     3.1233     3.1219   3.257347   3.257505     1.5799     0.0403     0.0836    4.69283   1963.000    34.9278    34.9312    1495.35    4.69273  1036.9363  1036.9392     -0.872    7.42679 0.0000e+00
   1990.092     3.1244     3.1235   3.257425   3.257599     1.5802     0.0456     0.0836    4.69321   1962.000    34.9281    34.9312    1495.34    4.69311  1036.9318  1036.9343     -1.440    7.42657 0.0000e+00
   1989.073     3.1253     3.1245   3.257474   3.257664     1.5802     0.0354     0.0836    4.69264   1961.000    34.9282    34.9313    1495.33    4.69254  1036.9272  1036.9297     -1.674    7.42640 0.0000e+00
   1988.054     3.1262     3.1258   3.257518   3.257732     1.5803     0.0348     0.0836    4.69228   1960.000    34.9283    34.9313    1495.32    4.69218  1036.9226  1036.9249     -1.716    7.42623 0.0000e+00
   1987.035     3.1267     3.1264   3.257508   3.257760     1.5807     0.0348     0.0836    4.69300   1959.000    34.9282    34.9315    1495.30    4.69290  1036.9178  1036.9204     -1.579    7.42616 0.0000e+00
   1986.016     3.1270     3.1268   3.257524   3.257756     1.5808     0.0451     0.0836    4.69272   1958.000    34.9285    34.9315    1495.29    4.69262  1036.9135  1036.9159     -1.209    7.42607 0.0000e+00
   1984.997     3.1277     3.1268   3.257545   3.257728     1.5811     0.0416     0.0836    4.69336   1957.000    34.9285    34.9316    1495.27    4.69326  1036.9088  1036.9114     -0.531    7.42594 0.0000e+00
   1983.978     3.1286     3.1276   3.257577   3.257748     1.5813     0.0361     0.0836    4.69354   1956.000    34.9285    34.9315    1495.26    4.69344  1036.9041  1036.9066     -0.925    7.42579 0.0000e+00
   1982.959     3.1309     3.1301   3.257762   3.257913     1.5813     0.0472     0.0836    4.69284   1955.000    34.9287    34.9314    1495.25    4.69274  1036.8993  1036.9015     -1.305    7.42534 0.0000e+00
   1981.940     3.1331     3.1325   3.257926   3.258134     1.5815     0.0383     0.0836    4.69261   1954.000    34.9288    34.9320    1495.24    4.69251  1036.8945  1036.8971     -1.411    7.42493 0.0000e+00
   1980.921     3.1335     3.1331   3.257937   3.258164     1.5819     0.0349     0.0837    4.69389   1953.000    34.9290    34.9321    1495.23    4.69380  1036.8900  1036.8926     -1.360    7.42484 0.0000e+00
   1979.902     3.1336     3.1334   3.257895   3.258142     1.5821     0.0360     0.0837    4.69399   1952.000    34.9289    34.9321    1495.21    4.69389  1036.8854  1036.8879     -1.168    7.42483 0.0000e+00
   1978.883     3.1336     3.1331   3.257850   3.258070     1.5824     0.0436     0.0836    4.69441   1951.000    34.9288    34.9321    1495.20    4.69431  1036.8807  1036.8834     -0.873    7.42483 0.0000e+00
   1977.864     3.1347     3.1330   3.257905   3.258012     1.5824     0.0347     0.0836    4.69366   1950.000    34.9288    34.9320    1495.18    4.69356  1036.8761  1036.8788     -0.851    7.42463 0.0000e+00
   1976.845     3.1360     3.1352   3.257959   3.258137     1.5824     0.0348     0.0836    4.69288   1949.000    34.9286    34.9315    1495.17    4.69278  1036.8712  1036.8735     -1.182    7.42441 0.0000e+00
   1975.826     3.1354     3.1351   3.257852   3.258090     1.5825     0.0348     0.0836    4.69294   1948.000    34.9285    34.9317    1495.15    4.69284  1036.8666  1036.8691     -1.339    7.42452 0.0000e+00
