Cruise Data/Irminger_Sea-01_KN-221_2014-09-07/Ship Data/ctd/process/ukn22104005.cnv
* Sea-Bird SBE 9 Data File:
* FileName = C:\Data\ctd\KN22104005.hdr
* Software Version Seasave V 7.21k
* Temperature SN = 4195
* Conductivity SN = 2147
* Number of Bytes Per Scan = 40
* Number of Voltage Words = 5
* Number of Scans Averaged by the Deck Unit = 1
* NMEA Latitude = 59 55.45 N
* NMEA Longitude = 039 30.56 W
* NMEA UTC (Time) = Sep 11 2014 22:48:32
** KN221-04 Chief Scientist: Bob Weller
** OOI Irminger Sea Sept. 2014
** Station: 005
** Knudsen Depth: 2715
# nquan = 19
# nvalues = 1482                        
# units = specified
# name 0 = prDM: Pressure, Digiquartz [db]
# name 1 = t090C: Temperature [ITS-90, deg C]
# name 2 = t190C: Temperature, 2 [ITS-90, deg C]
# name 3 = c0S/m: Conductivity [S/m]
# name 4 = c1S/m: Conductivity, 2 [S/m]
# name 5 = sbeox0V: Oxygen raw, SBE 43 [V]
# name 6 = flECO-AFL: Fluorescence, WET Labs ECO-AFL/FL [mg/m^3]
# name 7 = CStarAt0: Beam Attenuation, WET Labs C-Star [1/m]
# name 8 = sbeox0ML/L: Oxygen, SBE 43 [ml/l]
# name 9 = depSM: Depth [salt water, m], lat = 59.9242
# name 10 = sal00: Salinity, Practical [PSU]
# name 11 = sal11: Salinity, Practical, 2 [PSU]
# name 12 = svDM: Sound Velocity [Delgrosso, m/s]
# name 13 = sbeox0ML/L: Oxygen, SBE 43 [ml/l], WS = 2
# name 14 = density00: Density [density, Kg/m^3]
# name 15 = density11: Density, 2 [density, Kg/m^3]
# name 16 = dz/dtM: Descent Rate [m/s], WS = 2
# name 17 = oxsatML/L: Oxygen Saturation, Weiss [ml/l]
# name 18 = flag: flag
# span 0 =      2.019,   1502.503       
# span 1 =     3.5290,     9.1926       
# span 2 =     3.5285,     9.1923       
# span 3 =   3.245311,   3.711635       
# span 4 =   3.245457,   3.712131       
# span 5 =     1.6558,     2.2142       
# span 6 =     0.0103,     1.9214       
# span 7 =     0.0792,     0.3865       
# span 8 =    4.65221,    5.08760       
# span 9 =      2.000,   1483.000       
# span 10 =    34.7398,    34.9518      
# span 11 =    34.7324,    34.9547      
# span 12 =    1471.02,    1488.96      
# span 13 =    4.65210,    5.08747      
# span 14 =  1026.9181,  1034.6787      
# span 15 =  1026.9211,  1034.6809      
# span 16 =     -2.030,      0.194      
# span 17 =    6.44160,    7.35223      
# span 18 = 0.0000e+00, 0.0000e+00      
# interval = meters: 1                  
# start_time = Sep 11 2014 22:48:32 [NMEA time, header]
# bad_flag = -9.990e-29
*END*
[from data line 77]
   1424.227     3.5909     3.5899   3.275372   3.275534     1.6686     0.0368     0.0802    4.65524   1406.000    34.9256    34.9285    1487.93    4.65513  1034.3156  1034.3180     -1.663    7.34101 0.0000e+00
   1423.210     3.5928     3.5919   3.275525   3.275674     1.6689     0.0317     0.0806    4.65549   1405.000    34.9259    34.9286    1487.92    4.65538  1034.3109  1034.3132     -1.449    7.34064 0.0000e+00
   1422.194     3.5940     3.5929   3.275599   3.275743     1.6695     0.0374     0.0802    4.65689   1404.000    34.9260    34.9289    1487.91    4.65678  1034.3063  1034.3087     -0.404    7.34042 0.0000e+00
   1421.177     3.5947     3.5937   3.275594   3.275752     1.6696     0.0364     0.0796    4.65662   1403.000    34.9257    34.9286    1487.89    4.65651  1034.3013  1034.3037     -1.421    7.34030 0.0000e+00
   1420.161     3.5941     3.5935   3.275472   3.275690     1.6700     0.0412     0.0796    4.65767   1402.000    34.9254    34.9286    1487.87    4.65756  1034.2965  1034.2991     -1.728    7.34043 0.0000e+00
   1419.145     3.5935     3.5931   3.275367   3.275587     1.6700     0.0365     0.0799    4.65739   1401.000    34.9252    34.9284    1487.85    4.65728  1034.2919  1034.2944     -1.812    7.34054 0.0000e+00
   1418.128     3.5930     3.5923   3.275268   3.275451     1.6701     0.0358     0.0798    4.65707   1400.000    34.9251    34.9280    1487.83    4.65696  1034.2872  1034.2897     -1.727    7.34063 0.0000e+00
   1417.112     3.5927     3.5920   3.275203   3.275349     1.6701     0.0370     0.0803    4.65666   1399.000    34.9252    34.9277    1487.82    4.65655  1034.2828  1034.2848     -1.422    7.34069 0.0000e+00
   1416.096     3.5926     3.5918   3.275126   3.275303     1.6705     0.0312     0.0801    4.65754   1398.000    34.9248    34.9278    1487.80    4.65743  1034.2780  1034.2804     -0.799    7.34072 0.0000e+00
   1415.079     3.5931     3.5919   3.275096   3.275249     1.6708     0.0453     0.0798    4.65790   1397.000    34.9245    34.9276    1487.78    4.65779  1034.2729  1034.2756     -0.787    7.34065 0.0000e+00
   1414.063     3.5935     3.5922   3.275092   3.275228     1.6707     0.0388     0.0798    4.65700   1396.000    34.9246    34.9275    1487.77    4.65689  1034.2683  1034.2709     -1.145    7.34058 0.0000e+00
   1413.047     3.5939     3.5933   3.275090   3.275272     1.6709     0.0397     0.0806    4.65711   1395.000    34.9246    34.9274    1487.75    4.65700  1034.2637  1034.2660     -1.205    7.34050 0.0000e+00
   1412.030     3.5943     3.5936   3.275071   3.275257     1.6709     0.0470     0.0804    4.65628   1394.000    34.9245    34.9274    1487.74    4.65617  1034.2590  1034.2614     -1.195    7.34044 0.0000e+00
   1411.014     3.5950     3.5945   3.275101   3.275278     1.6707     0.0393     0.0797    4.65502   1393.000    34.9246    34.9273    1487.72    4.65491  1034.2544  1034.2566     -1.202    7.34031 0.0000e+00
   1409.998     3.5957     3.5949   3.275103   3.275267     1.6712     0.0378     0.0802    4.65617   1392.000    34.9244    34.9272    1487.71    4.65606  1034.2496  1034.2518     -1.160    7.34019 0.0000e+00
   1408.981     3.5956     3.5949   3.275067   3.275235     1.6713     0.0382     0.0801    4.65581   1391.000    34.9245    34.9273    1487.69    4.65570  1034.2450  1034.2473     -0.936    7.34019 0.0000e+00
   1407.965     3.5969     3.5957   3.275107   3.275264     1.6715     0.0388     0.0800    4.65595   1390.000    34.9242    34.9273    1487.68    4.65584  1034.2400  1034.2426     -0.573    7.33998 0.0000e+00
   1406.949     3.5983     3.5971   3.275176   3.275306     1.6716     0.0384     0.0794    4.65580   1389.000    34.9240    34.9268    1487.67    4.65569  1034.2351  1034.2374     -0.982    7.33973 0.0000e+00
   1405.932     3.5989     3.5980   3.275159   3.275323     1.6719     0.0371     0.0796    4.65601   1388.000    34.9237    34.9266    1487.66    4.65590  1034.2302  1034.2325     -1.463    7.33964 0.0000e+00
   1404.916     3.5989     3.5983   3.275103   3.275311     1.6718     0.0386     0.0802    4.65503   1387.000    34.9235    34.9266    1487.64    4.65492  1034.2253  1034.2279     -1.734    7.33964 0.0000e+00
   1403.900     3.5989     3.5983   3.275059   3.275262     1.6721     0.0392     0.0802    4.65549   1386.000    34.9236    34.9265    1487.62    4.65538  1034.2208  1034.2233     -1.793    7.33965 0.0000e+00
   1402.883     3.5991     3.5985   3.275033   3.275214     1.6719     0.0386     0.0804    4.65420   1385.000    34.9235    34.9263    1487.61    4.65409  1034.2162  1034.2185     -1.601    7.33961 0.0000e+00
   1401.867     3.6010     3.5989   3.275175   3.275234     1.6726     0.0388     0.0804    4.65610   1384.000    34.9237    34.9266    1487.60    4.65599  1034.2114  1034.2140     -0.670    7.33926 0.0000e+00
   1400.851     3.6031     3.6014   3.275328   3.275373     1.6730     0.0433     0.0797    4.65673   1383.000    34.9238    34.9261    1487.59    4.65662  1034.2067  1034.2087     -0.897    7.33887 0.0000e+00
   1399.835     3.6049     3.6029   3.275447   3.275488     1.6731     0.0391     0.0804    4.65657   1382.000    34.9238    34.9264    1487.58    4.65646  1034.2019  1034.2041     -1.163    7.33855 0.0000e+00
   1398.818     3.6067     3.6056   3.275590   3.275681     1.6731     0.0410     0.0801    4.65548   1381.000    34.9241    34.9264    1487.57    4.65537  1034.1971  1034.1991     -1.238    7.33820 0.0000e+00
   1397.802     3.6097     3.6086   3.275834   3.275929     1.6731     0.0412     0.0803    4.65474   1380.000    34.9244    34.9267    1487.57    4.65463  1034.1924  1034.1943     -1.336    7.33765 0.0000e+00
   1396.786     3.6129     3.6117   3.276096   3.276189     1.6732     0.0406     0.0803    4.65400   1379.000    34.9245    34.9269    1487.57    4.65389  1034.1875  1034.1896     -1.407    7.33705 0.0000e+00
   1395.770     3.6146     3.6140   3.276203   3.276388     1.6734     0.0475     0.0803    4.65403   1378.000    34.9245    34.9273    1487.56    4.65391  1034.1826  1034.1849     -1.419    7.33674 0.0000e+00
   1394.753     3.6154     3.6152   3.276246   3.276465     1.6735     0.0477     0.0801    4.65335   1377.000    34.9248    34.9275    1487.54    4.65324  1034.1781  1034.1803     -1.369    7.33660 0.0000e+00
   1393.737     3.6161     3.6156   3.276282   3.276476     1.6743     0.0442     0.0802    4.65603   1376.000    34.9250    34.9277    1487.53    4.65592  1034.1736  1034.1758     -1.226    7.33646 0.0000e+00
   1392.721     3.6170     3.6153   3.276328   3.276413     1.6744     0.0411     0.0803    4.65565   1375.000    34.9250    34.9278    1487.52    4.65554  1034.1689  1034.1714     -0.869    7.33628 0.0000e+00
   1391.704     3.6194     3.6181   3.276515   3.276628     1.6746     0.0350     0.0800    4.65542   1374.000    34.9252    34.9279    1487.51    4.65531  1034.1641  1034.1664     -0.246    7.33584 0.0000e+00
   1390.688     3.6197     3.6183   3.276469   3.276579     1.6747     0.0460     0.0803    4.65538   1373.000    34.9248    34.9276    1487.49    4.65527  1034.1592  1034.1615     -1.407    7.33580 0.0000e+00
   1389.672     3.6218     3.6202   3.276614   3.276676     1.6746     0.0470     0.0803    4.65412   1372.000    34.9248    34.9273    1487.49    4.65401  1034.1543  1034.1565     -1.821    7.33542 0.0000e+00
   1388.656     3.6211     3.6208   3.276500   3.276736     1.6751     0.0418     0.0803    4.65528   1371.000    34.9247    34.9278    1487.47    4.65517  1034.1498  1034.1522     -2.012    7.33555 0.0000e+00
   1387.640     3.6203     3.6198   3.276379   3.276597     1.6752     0.0369     0.0803    4.65514   1370.000    34.9247    34.9278    1487.45    4.65503  1034.1453  1034.1477     -2.030    7.33571 0.0000e+00
   1386.623     3.6216     3.6209   3.276456   3.276605     1.6754     0.0368     0.0803    4.65516   1369.000    34.9247    34.9272    1487.43    4.65505  1034.1404  1034.1425     -1.875    7.33546 0.0000e+00
   1385.607     3.6246     3.6215   3.276697   3.276645     1.6758     0.0370     0.0803    4.65593   1368.000    34.9249    34.9276    1487.43    4.65581  1034.1356  1034.1381     -1.474    7.33491 0.0000e+00
   1384.591     3.6339     3.6293   3.277586   3.277345     1.6762     0.0356     0.0803    4.65578   1367.000    34.9261    34.9282    1487.46    4.65567  1034.1306  1034.1329     -0.581    7.33316 0.0000e+00
   1383.575     3.6429     3.6400   3.278427   3.278370     1.6769     0.0361     0.0802    4.65671   1366.000    34.9271    34.9295    1487.48    4.65660  1034.1257  1034.1279     -0.818    7.33148 0.0000e+00
   1382.559     3.6430     3.6384   3.278395   3.278164     1.6769     0.0465     0.0803    4.65613   1365.000    34.9272    34.9292    1487.46    4.65602  1034.1211  1034.1233     -1.311    7.33147 0.0000e+00
   1381.542     3.6443     3.6426   3.278479   3.278509     1.6769     0.0423     0.0803    4.65533   1364.000    34.9272    34.9294    1487.45    4.65522  1034.1163  1034.1183     -1.548    7.33122 0.0000e+00
   1380.526     3.6442     3.6437   3.278424   3.278619     1.6770     0.0364     0.0803    4.65507   1363.000    34.9272    34.9300    1487.43    4.65496  1034.1118  1034.1140     -1.585    7.33124 0.0000e+00
   1379.510     3.6445     3.6446   3.278422   3.278644     1.6772     0.0398     0.0803    4.65523   1362.000    34.9273    34.9300    1487.42    4.65512  1034.1072  1034.1093     -1.419    7.33117 0.0000e+00
   1378.494     3.6454     3.6451   3.278471   3.278678     1.6779     0.0389     0.0804    4.65713   1361.000    34.9275    34.9303    1487.40    4.65702  1034.1027  1034.1049     -1.063    7.33101 0.0000e+00
   1377.478     3.6472     3.6457   3.278582   3.278691     1.6781     0.0379     0.0807    4.65729   1360.000    34.9274    34.9304    1487.40    4.65717  1034.0977  1034.1002     -0.685    7.33068 0.0000e+00
   1376.462     3.6492     3.6477   3.278711   3.278822     1.6783     0.0389     0.0802    4.65690   1359.000    34.9274    34.9302    1487.39    4.65679  1034.0928  1034.0952     -0.771    7.33033 0.0000e+00
   1375.445     3.6508     3.6490   3.278821   3.278882     1.6782     0.0364     0.0803    4.65579   1358.000    34.9274    34.9301    1487.38    4.65567  1034.0880  1034.0903     -1.046    7.33003 0.0000e+00
   1374.429     3.6514     3.6504   3.278842   3.278982     1.6786     0.0367     0.0803    4.65665   1357.000    34.9276    34.9303    1487.36    4.65654  1034.0834  1034.0857     -1.241    7.32991 0.0000e+00
   1373.413     3.6526     3.6518   3.278885   3.279043     1.6785     0.0377     0.0803    4.65549   1356.000    34.9274    34.9301    1487.35    4.65538  1034.0785  1034.0808     -1.342    7.32971 0.0000e+00
   1372.397     3.6532     3.6531   3.278928   3.279133     1.6789     0.0367     0.0803    4.65653   1355.000    34.9277    34.9303    1487.34    4.65642  1034.0741  1034.0762     -1.336    7.32958 0.0000e+00
   1371.381     3.6538     3.6533   3.278933   3.279114     1.6791     0.0433     0.0803    4.65645   1354.000    34.9277    34.9304    1487.32    4.65634  1034.0693  1034.0717     -1.148    7.32948 0.0000e+00
   1370.365     3.6542     3.6532   3.278936   3.279085     1.6795     0.0378     0.0802    4.65742   1353.000    34.9278    34.9307    1487.31    4.65731  1034.0648  1034.0673     -0.584    7.32940 0.0000e+00
   1369.349     3.6553     3.6538   3.278979   3.279087     1.6795     0.0478     0.0804    4.65648   1352.000    34.9277    34.9305    1487.30    4.65636  1034.0601  1034.0625     -1.037    7.32921 0.0000e+00
   1368.332     3.6560     3.6548   3.279006   3.279113     1.6796     0.0454     0.0803    4.65644   1351.000    34.9278    34.9303    1487.28    4.65633  1034.0554  1034.0575     -1.500    7.32908 0.0000e+00
   1367.316     3.6570     3.6560   3.279056   3.279204     1.6798     0.0384     0.0805    4.65646   1350.000    34.9278    34.9306    1487.27    4.65634  1034.0507  1034.0530     -1.597    7.32890 0.0000e+00
   1366.300     3.6572     3.6570   3.279030   3.279244     1.6799     0.0363     0.0803    4.65615   1349.000    34.9277    34.9306    1487.25    4.65604  1034.0460  1034.0482     -1.449    7.32886 0.0000e+00
   1365.284     3.6571     3.6571   3.279006   3.279207     1.6800     0.0435     0.0803    4.65583   1348.000    34.9281    34.9304    1487.24    4.65571  1034.0416  1034.0436     -1.125    7.32886 0.0000e+00
   1364.268     3.6590     3.6577   3.279109   3.279231     1.6798     0.0470     0.0803    4.65412   1347.000    34.9278    34.9306    1487.23    4.65401  1034.0366  1034.0389     -0.824    7.32852 0.0000e+00
   1363.252     3.6595     3.6581   3.279122   3.279214     1.6800     0.0474     0.0802    4.65438   1346.000    34.9279    34.9305    1487.21    4.65427  1034.0320  1034.0342     -0.848    7.32843 0.0000e+00
   1362.236     3.6606     3.6594   3.279155   3.279271     1.6801     0.0267     0.0801    4.65397   1345.000    34.9277    34.9304    1487.20    4.65386  1034.0271  1034.0293     -0.886    7.32824 0.0000e+00
   1361.220     3.6619     3.6607   3.279233   3.279348     1.6805     0.0483     0.0801    4.65481   1344.000    34.9277    34.9303    1487.19    4.65469  1034.0223  1034.0245     -1.001    7.32800 0.0000e+00
   1360.203     3.6634     3.6624   3.279325   3.279441     1.6807     0.0354     0.0803    4.65473   1343.000    34.9277    34.9302    1487.18    4.65462  1034.0175  1034.0197     -1.237    7.32773 0.0000e+00
   1359.188     3.6647     3.6638   3.279389   3.279542     1.6807     0.0387     0.0803    4.65392   1342.000    34.9277    34.9304    1487.17    4.65381  1034.0127  1034.0150     -1.266    7.32750 0.0000e+00
   1358.171     3.6646     3.6647   3.279372   3.279599     1.6807     0.0381     0.0804    4.65356   1341.000    34.9280    34.9306    1487.15    4.65344  1034.0084  1034.0104     -0.957    7.32750 0.0000e+00
   1357.155     3.6656     3.6642   3.279403   3.279535     1.6809     0.0428     0.0803    4.65336   1340.000    34.9279    34.9309    1487.14    4.65325  1034.0035  1034.0061     -0.573    7.32733 0.0000e+00
   1356.139     3.6658     3.6647   3.279386   3.279505     1.6807     0.0388     0.0802    4.65221   1339.000    34.9280    34.9305    1487.12    4.65210  1033.9990  1034.0011     -1.186    7.32729 0.0000e+00
   1355.123     3.6664     3.6656   3.279390   3.279557     1.6813     0.0370     0.0801    4.65386   1338.000    34.9279    34.9307    1487.11    4.65375  1033.9943  1033.9965     -1.427    7.32718 0.0000e+00
   1354.107     3.6668     3.6663   3.279392   3.279571     1.6815     0.0386     0.0803    4.65364   1337.000    34.9280    34.9306    1487.09    4.65352  1033.9896  1033.9918     -1.441    7.32710 0.0000e+00
   1353.091     3.6679     3.6672   3.279428   3.279621     1.6817     0.0367     0.0803    4.65375   1336.000    34.9278    34.9308    1487.08    4.65364  1033.9847  1033.9872     -1.286    7.32692 0.0000e+00
   1352.075     3.6678     3.6679   3.279401   3.279646     1.6818     0.0379     0.0803    4.65362   1335.000    34.9281    34.9308    1487.06    4.65351  1033.9803  1033.9825     -1.025    7.32692 0.0000e+00
   1351.059     3.6680     3.6674   3.279383   3.279579     1.6820     0.0284     0.0803    4.65395   1334.000    34.9281    34.9311    1487.05    4.65383  1033.9757  1033.9781     -0.707    7.32687 0.0000e+00
   1350.043     3.6686     3.6677   3.279371   3.279547     1.6824     0.0380     0.0799    4.65465   1333.000    34.9279    34.9309    1487.03    4.65454  1033.9709  1033.9734     -0.614    7.32679 0.0000e+00
   1349.027     3.6685     3.6679   3.279328   3.279505     1.6825     0.0379     0.0801    4.65462   1332.000    34.9280    34.9307    1487.02    4.65451  1033.9663  1033.9686     -1.022    7.32679 0.0000e+00
