Ship_data/Irminger/Irminger-1/ctd/process/dkn22104001.cnv
* Sea-Bird SBE 9 Data File:
* FileName = C:\Data\ctd\KN22104001.hdr
* Software Version Seasave V 7.21k
* Temperature SN = 4195
* Conductivity SN = 2147
* Number of Bytes Per Scan = 40
* Number of Voltage Words = 5
* Number of Scans Averaged by the Deck Unit = 1
* NMEA Latitude = 62 06.42 N
* NMEA Longitude = 031 22.90 W
* NMEA UTC (Time) = Sep 08 2014 11:39:06
** KN221-03 Chief Scientist: Bob Pickart
** OSNAP August 2014
** Station: 001
** Knudsen Depth: 2401
# nquan = 19
# nvalues = 1488                        
# units = specified
# name 0 = prDM: Pressure, Digiquartz [db]
# name 1 = t090C: Temperature [ITS-90, deg C]
# name 2 = t190C: Temperature, 2 [ITS-90, deg C]
# name 3 = c0S/m: Conductivity [S/m]
# name 4 = c1S/m: Conductivity, 2 [S/m]
# name 5 = sbeox0V: Oxygen raw, SBE 43 [V]
# name 6 = flECO-AFL: Fluorescence, WET Labs ECO-AFL/FL [mg/m^3]
# name 7 = CStarAt0: Beam Attenuation, WET Labs C-Star [1/m]
# name 8 = sbeox0ML/L: Oxygen, SBE 43 [ml/l]
# name 9 = depSM: Depth [salt water, m], lat = 62.107
# name 10 = sal00: Salinity, Practical [PSU]
# name 11 = sal11: Salinity, Practical, 2 [PSU]
# name 12 = svDM: Sound Velocity [Delgrosso, m/s]
# name 13 = sbeox0ML/L: Oxygen, SBE 43 [ml/l], WS = 2
# name 14 = density00: Density [density, Kg/m^3]
# name 15 = density11: Density, 2 [density, Kg/m^3]
# name 16 = dz/dtM: Descent Rate [m/s], WS = 2
# name 17 = oxsatML/L: Oxygen Saturation, Weiss [ml/l]
# name 18 = flag: flag
# span 0 =      3.029,   1509.879       
# span 1 =     3.6505,    10.9402       
# span 2 =     3.6493,    10.9470       
# span 3 =   3.277961,   3.880888       
# span 4 =   3.278105,   3.881914       
# span 5 =     1.8795,     2.6835       
# span 6 =     0.0100,     1.5411       
# span 7 =     0.0847,     0.3930       
# span 8 =    5.89342,    7.20063       
# span 9 =      3.000,   1490.000       
# span 10 =    34.7935,    35.0448      
# span 11 =    34.7977,    35.0473      
# span 12 =    1475.32,    1493.07      
# span 13 =    5.89327,    7.20034      
# span 14 =  1026.6639,  1034.7104      
# span 15 =  1026.6664,  1034.7130      
# span 16 =     -0.188,      1.459      
# span 17 =    6.19701,    7.32944      
# span 18 = 0.0000e+00, 0.0000e+00      
# interval = meters: 1                  
# start_time = Sep 08 2014 11:39:06 [NMEA time, header]
# bad_flag = -9.990e-29
*END*
[from data line 991]
   1006.058     3.8597     3.8589   3.281696   3.281867     2.0228     0.0470     0.0863    6.14458    994.000    34.9273    34.9302    1482.18    6.14443  1032.3815  1032.3838      1.145    7.29233 0.0000e+00
   1007.072     3.8597     3.8589   3.281744   3.281918     2.0422     0.0348     0.0861    6.22350    995.000    34.9274    34.9303    1482.20    6.22334  1032.3861  1032.3885      0.995    7.29233 0.0000e+00
   1008.087     3.8598     3.8591   3.281801   3.281975     2.0714     0.0381     0.0859    6.34151    996.000    34.9274    34.9302    1482.22    6.34135  1032.3907  1032.3931      0.859    7.29230 0.0000e+00
   1009.101     3.8600     3.8592   3.281873   3.282030     2.0116     0.0389     0.0860    6.10225    997.000    34.9276    34.9302    1482.23    6.10209  1032.3955  1032.3977      1.003    7.29227 0.0000e+00
   1010.116     3.8603     3.8595   3.281958   3.282128     2.0989     0.0348     0.0860    6.45375    998.000    34.9277    34.9306    1482.25    6.45359  1032.4001  1032.4026      1.135    7.29220 0.0000e+00
   1011.131     3.8606     3.8599   3.282061   3.282228     2.0433     0.0285     0.0859    6.23115    999.000    34.9281    34.9308    1482.27    6.23099  1032.4050  1032.4073      1.121    7.29213 0.0000e+00
   1012.145     3.8608     3.8601   3.282130   3.282297     2.0312     0.0343     0.0860    6.18329   1000.000    34.9281    34.9309    1482.29    6.18314  1032.4097  1032.4120      1.060    7.29208 0.0000e+00
   1013.160     3.8617     3.8608   3.282285   3.282413     2.0333     0.0474     0.0862    6.19234   1001.000    34.9285    34.9310    1482.31    6.19219  1032.4146  1032.4166      1.030    7.29190 0.0000e+00
   1014.174     3.8633     3.8627   3.282488   3.282670     2.0996     0.0422     0.0863    6.45914   1002.000    34.9287    34.9316    1482.33    6.45898  1032.4191  1032.4214      0.999    7.29161 0.0000e+00
   1015.189     3.8640     3.8632   3.282622   3.282765     2.0208     0.0412     0.0860    6.14296   1003.000    34.9291    34.9316    1482.35    6.14281  1032.4240  1032.4260      0.925    7.29147 0.0000e+00
   1016.204     3.8649     3.8642   3.282772   3.282933     2.0480     0.0471     0.0858    6.25333   1004.000    34.9294    34.9320    1482.37    6.25318  1032.4287  1032.4309      0.956    7.29129 0.0000e+00
   1017.218     3.8654     3.8645   3.282873   3.283018     2.0914     0.0410     0.0858    6.42867   1005.000    34.9295    34.9322    1482.39    6.42851  1032.4333  1032.4355      1.094    7.29119 0.0000e+00
   1018.233     3.8665     3.8656   3.283040   3.283187     2.0489     0.0347     0.0863    6.25812   1006.000    34.9298    34.9325    1482.41    6.25796  1032.4381  1032.4403      1.120    7.29099 0.0000e+00
   1019.247     3.8678     3.8670   3.283226   3.283397     2.0985     0.0306     0.0858    6.45838   1007.000    34.9301    34.9330    1482.44    6.45822  1032.4427  1032.4452      1.015    7.29074 0.0000e+00
   1020.262     3.8680     3.8673   3.283294   3.283474     2.0423     0.0225     0.0858    6.23310   1008.000    34.9302    34.9331    1482.45    6.23294  1032.4475  1032.4498      0.953    7.29070 0.0000e+00
   1021.277     3.8688     3.8680   3.283440   3.283592     2.0539     0.0281     0.0865    6.28054   1009.000    34.9305    34.9331    1482.47    6.28038  1032.4521  1032.4543      1.025    7.29053 0.0000e+00
   1022.291     3.8695     3.8687   3.283560   3.283724     2.0373     0.0401     0.0864    6.21439   1010.000    34.9307    34.9335    1482.49    6.21423  1032.4569  1032.4592      1.068    7.29040 0.0000e+00
   1023.306     3.8690     3.8681   3.283563   3.283737     2.0653     0.0429     0.0860    6.32768   1011.000    34.9307    34.9337    1482.51    6.32752  1032.4617  1032.4641      0.992    7.29049 0.0000e+00
   1024.321     3.8680     3.8671   3.283548   3.283690     2.0542     0.0347     0.0866    6.28399   1012.000    34.9311    34.9338    1482.52    6.28384  1032.4667  1032.4689      0.891    7.29065 0.0000e+00
   1025.335     3.8691     3.8683   3.283709   3.283866     2.0499     0.0348     0.0859    6.26734   1013.000    34.9314    34.9340    1482.54    6.26719  1032.4713  1032.4735      0.955    7.29045 0.0000e+00
   1026.350     3.8694     3.8681   3.283813   3.283940     2.0509     0.0348     0.0867    6.27235   1014.000    34.9317    34.9346    1482.56    6.27219  1032.4762  1032.4786      1.128    7.29036 0.0000e+00
   1027.365     3.8695     3.8683   3.283866   3.283967     2.0818     0.0386     0.0865    6.39749   1015.000    34.9318    34.9342    1482.58    6.39733  1032.4808  1032.4829      1.243    7.29035 0.0000e+00
   1028.379     3.8763     3.8762   3.284635   3.284759     2.0417     0.0456     0.0860    6.23547   1016.000    34.9332    34.9347    1482.62    6.23531  1032.4857  1032.4869      1.245    7.28906 0.0000e+00
   1029.394     3.8829     3.8822   3.285343   3.285539     2.0538     0.0367     0.0864    6.28414   1017.000    34.9340    34.9371    1482.67    6.28398  1032.4902  1032.4927      1.107    7.28784 0.0000e+00
   1030.409     3.8775     3.8769   3.284863   3.285076     2.0374     0.0460     0.0866    6.21990   1018.000    34.9335    34.9367    1482.66    6.21975  1032.4951  1032.4977      0.817    7.28883 0.0000e+00
   1031.423     3.8765     3.8758   3.284822   3.284987     2.0595     0.0361     0.0862    6.30982   1019.000    34.9336    34.9363    1482.68    6.30966  1032.4999  1032.5021      0.751    7.28901 0.0000e+00
   1032.438     3.8793     3.8788   3.285179   3.285354     2.0599     0.0305     0.0863    6.31179   1020.000    34.9343    34.9369    1482.71    6.31163  1032.5048  1032.5068      1.015    7.28846 0.0000e+00
   1033.453     3.8806     3.8797   3.285383   3.285530     2.0294     0.0287     0.0868    6.18933   1021.000    34.9348    34.9375    1482.73    6.18918  1032.5096  1032.5118      1.132    7.28820 0.0000e+00
   1034.467     3.8816     3.8808   3.285531   3.285687     2.0431     0.0269     0.0868    6.24520   1022.000    34.9350    34.9377    1482.75    6.24504  1032.5142  1032.5165      1.159    7.28801 0.0000e+00
   1035.482     3.8821     3.8810   3.285635   3.285771     2.0921     0.0362     0.0868    6.44341   1023.000    34.9352    34.9380    1482.77    6.44324  1032.5189  1032.5212      1.188    7.28792 0.0000e+00
   1036.497     3.8832     3.8823   3.285800   3.285920     2.0476     0.0348     0.0866    6.26492   1024.000    34.9354    34.9379    1482.79    6.26477  1032.5236  1032.5256      1.220    7.28770 0.0000e+00
   1037.511     3.8842     3.8836   3.285933   3.286127     2.0407     0.0232     0.0868    6.23758   1025.000    34.9355    34.9384    1482.81    6.23742  1032.5282  1032.5305      1.145    7.28753 0.0000e+00
   1038.526     3.8844     3.8840   3.285986   3.286204     2.0116     0.0336     0.0869    6.12119   1026.000    34.9354    34.9384    1482.83    6.12103  1032.5327  1032.5350      0.852    7.28750 0.0000e+00
   1039.541     3.8840     3.8858   3.286000   3.286427     2.0461     0.0426     0.0870    6.26105   1027.000    34.9354    34.9386    1482.84    6.26089  1032.5374  1032.5397      0.698    7.28756 0.0000e+00
   1040.556     3.8866     3.8859   3.286314   3.286495     2.1039     0.0347     0.0869    6.49436   1028.000    34.9359    34.9388    1482.87    6.49420  1032.5421  1032.5444      1.125    7.28708 0.0000e+00
   1041.570     3.8864     3.8856   3.286367   3.286537     1.9957     0.0348     0.0869    6.05911   1029.000    34.9362    34.9390    1482.89    6.05895  1032.5469  1032.5492      1.326    7.28709 0.0000e+00
   1042.585     3.8865     3.8856   3.286403   3.286568     2.0839     0.0355     0.0869    6.41565   1030.000    34.9360    34.9390    1482.90    6.41549  1032.5514  1032.5538      1.299    7.28709 0.0000e+00
   1043.600     3.8865     3.8856   3.286458   3.286612     2.0552     0.0348     0.0869    6.30077   1031.000    34.9362    34.9389    1482.92    6.30061  1032.5562  1032.5585      1.100    7.28708 0.0000e+00
   1044.615     3.8864     3.8857   3.286500   3.286668     2.0344     0.0348     0.0869    6.21744   1032.000    34.9362    34.9389    1482.94    6.21728  1032.5608  1032.5630      0.882    7.28709 0.0000e+00
   1045.629     3.8862     3.8854   3.286519   3.286688     2.0297     0.0339     0.0868    6.19935   1033.000    34.9361    34.9390    1482.95    6.19920  1032.5654  1032.5677      0.919    7.28714 0.0000e+00
   1046.644     3.8861     3.8854   3.286557   3.286735     2.0271     0.0235     0.0866    6.18978   1034.000    34.9361    34.9391    1482.97    6.18962  1032.5701  1032.5725      1.036    7.28715 0.0000e+00
   1047.659     3.8862     3.8855   3.286624   3.286784     2.0760     0.0348     0.0869    6.38804   1035.000    34.9363    34.9390    1482.99    6.38788  1032.5748  1032.5770      1.038    7.28712 0.0000e+00
   1048.674     3.8864     3.8856   3.286665   3.286838     2.0187     0.0358     0.0869    6.15752   1036.000    34.9362    34.9390    1483.00    6.15736  1032.5792  1032.5817      0.967    7.28711 0.0000e+00
   1049.688     3.8864     3.8856   3.286723   3.286884     2.0319     0.0352     0.0869    6.21162   1037.000    34.9363    34.9390    1483.02    6.21147  1032.5840  1032.5862      0.915    7.28709 0.0000e+00
   1050.703     3.8861     3.8851   3.286738   3.286892     2.0799     0.0379     0.0868    6.40606   1038.000    34.9363    34.9391    1483.04    6.40590  1032.5886  1032.5909      0.973    7.28715 0.0000e+00
   1051.718     3.8862     3.8853   3.286798   3.286948     1.9817     0.0460     0.0866    6.01066   1039.000    34.9363    34.9391    1483.05    6.01051  1032.5933  1032.5956      1.110    7.28712 0.0000e+00
   1052.733     3.8862     3.8853   3.286828   3.287000     2.0698     0.0345     0.0867    6.36716   1040.000    34.9362    34.9392    1483.07    6.36700  1032.5978  1032.6002      1.215    7.28713 0.0000e+00
   1053.748     3.8860     3.8852   3.286879   3.287029     2.0030     0.0348     0.0868    6.09797   1041.000    34.9365    34.9391    1483.09    6.09782  1032.6027  1032.6049      1.220    7.28715 0.0000e+00
   1054.762     3.8855     3.8846   3.286856   3.287038     2.0498     0.0348     0.0869    6.28801   1042.000    34.9362    34.9393    1483.10    6.28785  1032.6072  1032.6097      1.102    7.28726 0.0000e+00
   1055.777     3.8855     3.8847   3.286919   3.287077     2.0626     0.0357     0.0867    6.34067   1043.000    34.9364    34.9392    1483.12    6.34051  1032.6119  1032.6143      0.912    7.28724 0.0000e+00
   1056.792     3.8857     3.8850   3.286978   3.287148     2.0251     0.0451     0.0868    6.18985   1044.000    34.9364    34.9392    1483.13    6.18970  1032.6166  1032.6189      0.839    7.28721 0.0000e+00
   1057.807     3.8857     3.8848   3.287028   3.287200     2.0566     0.0109     0.0868    6.31804   1045.000    34.9365    34.9394    1483.15    6.31788  1032.6212  1032.6237      0.997    7.28721 0.0000e+00
   1058.822     3.8855     3.8846   3.287090   3.287239     2.0399     0.0467     0.0869    6.25136   1046.000    34.9369    34.9396    1483.17    6.25120  1032.6262  1032.6284      1.109    7.28722 0.0000e+00
   1059.836     3.8837     3.8827   3.286968   3.287143     2.0122     0.0470     0.0869    6.14050   1047.000    34.9369    34.9400    1483.18    6.14034  1032.6310  1032.6337      1.093    7.28755 0.0000e+00
   1060.851     3.8819     3.8812   3.286851   3.287027     2.0328     0.0470     0.0869    6.22473   1048.000    34.9368    34.9397    1483.19    6.22457  1032.6359  1032.6382      0.994    7.28787 0.0000e+00
   1061.866     3.8819     3.8814   3.286906   3.287085     2.0369     0.0470     0.0869    6.24227   1049.000    34.9370    34.9397    1483.20    6.24211  1032.6406  1032.6428      0.904    7.28786 0.0000e+00
   1062.881     3.8811     3.8803   3.286860   3.287050     2.0723     0.0355     0.0869    6.38632   1050.000    34.9368    34.9399    1483.22    6.38616  1032.6451  1032.6477      0.932    7.28802 0.0000e+00
   1063.896     3.8799     3.8796   3.286811   3.287039     2.0292     0.0348     0.0867    6.21308   1051.000    34.9369    34.9399    1483.23    6.21292  1032.6500  1032.6525      1.027    7.28822 0.0000e+00
   1064.911     3.8775     3.8765   3.286634   3.286797     2.0603     0.0467     0.0869    6.34006   1052.000    34.9369    34.9399    1483.23    6.33990  1032.6549  1032.6575      1.119    7.28866 0.0000e+00
   1065.925     3.8759     3.8748   3.286558   3.286694     2.0364     0.0470     0.0868    6.24479   1053.000    34.9371    34.9400    1483.24    6.24463  1032.6599  1032.6624      1.173    7.28893 0.0000e+00
   1066.940     3.8759     3.8750   3.286579   3.286746     2.0222     0.0294     0.0869    6.18800   1054.000    34.9369    34.9398    1483.26    6.18785  1032.6644  1032.6669      1.131    7.28895 0.0000e+00
   1067.955     3.8731     3.8722   3.286395   3.286574     2.0321     0.0309     0.0870    6.22928   1055.000    34.9372    34.9402    1483.27    6.22913  1032.6697  1032.6721      0.980    7.28944 0.0000e+00
   1068.970     3.8712     3.8700   3.286276   3.286418     2.0653     0.0349     0.0866    6.36490   1056.000    34.9373    34.9402    1483.27    6.36474  1032.6746  1032.6770      0.913    7.28978 0.0000e+00
   1069.985     3.8694     3.8685   3.286165   3.286332     2.0415     0.0446     0.0865    6.26969   1057.000    34.9374    34.9403    1483.28    6.26953  1032.6794  1032.6819      1.069    7.29010 0.0000e+00
   1071.000     3.8692     3.8683   3.286197   3.286360     2.0050     0.0303     0.0869    6.12249   1058.000    34.9374    34.9402    1483.30    6.12234  1032.6842  1032.6865      1.156    7.29013 0.0000e+00
   1072.015     3.8689     3.8680   3.286209   3.286378     2.0240     0.0295     0.0868    6.20043   1059.000    34.9373    34.9403    1483.31    6.20027  1032.6887  1032.6912      1.052    7.29018 0.0000e+00
   1073.030     3.8671     3.8663   3.286096   3.286267     2.0532     0.0279     0.0867    6.31971   1060.000    34.9373    34.9402    1483.32    6.31955  1032.6936  1032.6960      0.872    7.29050 0.0000e+00
   1074.044     3.8666     3.8660   3.286098   3.286273     1.9966     0.0321     0.0867    6.09163   1061.000    34.9374    34.9402    1483.34    6.09148  1032.6984  1032.7007      0.891    7.29059 0.0000e+00
   1075.059     3.8669     3.8662   3.286179   3.286352     2.0457     0.0348     0.0867    6.29104   1062.000    34.9375    34.9404    1483.36    6.29088  1032.7030  1032.7053      0.973    7.29053 0.0000e+00
   1076.074     3.8670     3.8661   3.286229   3.286391     2.0149     0.0358     0.0869    6.16732   1063.000    34.9376    34.9403    1483.37    6.16717  1032.7078  1032.7100      0.964    7.29052 0.0000e+00
   1077.089     3.8669     3.8661   3.286283   3.286451     2.0329     0.0348     0.0867    6.24092   1064.000    34.9378    34.9406    1483.39    6.24076  1032.7125  1032.7148      0.993    7.29053 0.0000e+00
   1078.104     3.8669     3.8662   3.286331   3.286509     2.0520     0.0235     0.0868    6.31935   1065.000    34.9378    34.9407    1483.41    6.31919  1032.7172  1032.7195      1.103    7.29052 0.0000e+00
   1079.119     3.8667     3.8659   3.286399   3.286560     2.0877     0.0226     0.0868    6.46497   1066.000    34.9383    34.9411    1483.42    6.46481  1032.7222  1032.7245      1.217    7.29053 0.0000e+00
   1080.134     3.8670     3.8661   3.286469   3.286649     2.0279     0.0301     0.0869    6.22328   1067.000    34.9383    34.9413    1483.44    6.22312  1032.7268  1032.7292      1.278    7.29049 0.0000e+00
   1081.149     3.8671     3.8665   3.286547   3.286736     2.0442     0.0321     0.0869    6.29015   1068.000    34.9386    34.9415    1483.46    6.28999  1032.7316  1032.7340      1.249    7.29044 0.0000e+00
