Ship_data/Irminger/Irminger-1/ctd/process/dkn22104001.cnv
* Sea-Bird SBE 9 Data File:
* FileName = C:\Data\ctd\KN22104001.hdr
* Software Version Seasave V 7.21k
* Temperature SN = 4195
* Conductivity SN = 2147
* Number of Bytes Per Scan = 40
* Number of Voltage Words = 5
* Number of Scans Averaged by the Deck Unit = 1
* NMEA Latitude = 62 06.42 N
* NMEA Longitude = 031 22.90 W
* NMEA UTC (Time) = Sep 08 2014 11:39:06
** KN221-03 Chief Scientist: Bob Pickart
** OSNAP August 2014
** Station: 001
** Knudsen Depth: 2401
# nquan = 19
# nvalues = 1488                        
# units = specified
# name 0 = prDM: Pressure, Digiquartz [db]
# name 1 = t090C: Temperature [ITS-90, deg C]
# name 2 = t190C: Temperature, 2 [ITS-90, deg C]
# name 3 = c0S/m: Conductivity [S/m]
# name 4 = c1S/m: Conductivity, 2 [S/m]
# name 5 = sbeox0V: Oxygen raw, SBE 43 [V]
# name 6 = flECO-AFL: Fluorescence, WET Labs ECO-AFL/FL [mg/m^3]
# name 7 = CStarAt0: Beam Attenuation, WET Labs C-Star [1/m]
# name 8 = sbeox0ML/L: Oxygen, SBE 43 [ml/l]
# name 9 = depSM: Depth [salt water, m], lat = 62.107
# name 10 = sal00: Salinity, Practical [PSU]
# name 11 = sal11: Salinity, Practical, 2 [PSU]
# name 12 = svDM: Sound Velocity [Delgrosso, m/s]
# name 13 = sbeox0ML/L: Oxygen, SBE 43 [ml/l], WS = 2
# name 14 = density00: Density [density, Kg/m^3]
# name 15 = density11: Density, 2 [density, Kg/m^3]
# name 16 = dz/dtM: Descent Rate [m/s], WS = 2
# name 17 = oxsatML/L: Oxygen Saturation, Weiss [ml/l]
# name 18 = flag: flag
# span 0 =      3.029,   1509.879       
# span 1 =     3.6505,    10.9402       
# span 2 =     3.6493,    10.9470       
# span 3 =   3.277961,   3.880888       
# span 4 =   3.278105,   3.881914       
# span 5 =     1.8795,     2.6835       
# span 6 =     0.0100,     1.5411       
# span 7 =     0.0847,     0.3930       
# span 8 =    5.89342,    7.20063       
# span 9 =      3.000,   1490.000       
# span 10 =    34.7935,    35.0448      
# span 11 =    34.7977,    35.0473      
# span 12 =    1475.32,    1493.07      
# span 13 =    5.89327,    7.20034      
# span 14 =  1026.6639,  1034.7104      
# span 15 =  1026.6664,  1034.7130      
# span 16 =     -0.188,      1.459      
# span 17 =    6.19701,    7.32944      
# span 18 = 0.0000e+00, 0.0000e+00      
# interval = meters: 1                  
# start_time = Sep 08 2014 11:39:06 [NMEA time, header]
# bad_flag = -9.990e-29
*END*
[from data line 305]
    311.217     4.9487     4.9474   3.350649   3.350738     2.2677     0.0422     0.0940    6.32879    308.000    34.9482    34.9506    1475.40    6.32860  1029.0775  1029.0796      1.253    7.10020 0.0000e+00
    312.228     4.9435     4.9420   3.350213   3.350293     2.2673     0.0325     0.0939    6.32901    309.000    34.9480    34.9505    1475.39    6.32881  1029.0826  1029.0848      1.125    7.10109 0.0000e+00
    313.240     4.9364     4.9353   3.349620   3.349679     2.2547     0.0228     0.0936    6.28592    310.000    34.9481    34.9499    1475.38    6.28573  1029.0883  1029.0898      0.968    7.10231 0.0000e+00
    314.251     4.9348     4.9334   3.349491   3.349529     2.2552     0.0297     0.0936    6.28869    311.000    34.9478    34.9496    1475.39    6.28850  1029.0929  1029.0945      0.886    7.10261 0.0000e+00
    315.262     4.9302     4.9289   3.349099   3.349166     2.2289     0.0390     0.0936    6.19655    312.000    34.9475    34.9496    1475.39    6.19636  1029.0979  1029.0997      0.949    7.10341 0.0000e+00
    316.273     4.9265     4.9253   3.348796   3.348854     2.2446     0.0308     0.0935    6.25384    313.000    34.9473    34.9493    1475.39    6.25365  1029.1029  1029.1045      1.051    7.10405 0.0000e+00
    317.284     4.9222     4.9213   3.348442   3.348529     2.2476     0.0230     0.0938    6.26606    314.000    34.9472    34.9492    1475.39    6.26587  1029.1080  1029.1096      1.075    7.10480 0.0000e+00
    318.296     4.9163     4.9155   3.347908   3.348027     2.2521     0.0334     0.0937    6.28411    315.000    34.9467    34.9488    1475.38    6.28391  1029.1129  1029.1147      1.026    7.10583 0.0000e+00
    319.307     4.9150     4.9141   3.347833   3.347904     2.2596     0.0425     0.0935    6.31209    316.000    34.9466    34.9483    1475.39    6.31190  1029.1177  1029.1191      0.997    7.10606 0.0000e+00
    320.318     4.9136     4.9127   3.347737   3.347805     2.2810     0.0265     0.0936    6.38939    317.000    34.9464    34.9482    1475.40    6.38919  1029.1223  1029.1238      1.001    7.10630 0.0000e+00
    321.329     4.9121     4.9113   3.347623   3.347711     2.2355     0.0161     0.0935    6.22796    318.000    34.9462    34.9480    1475.41    6.22777  1029.1270  1029.1285      0.976    7.10657 0.0000e+00
    322.341     4.9112     4.9101   3.347582   3.347635     2.2447     0.0237     0.0934    6.26190    319.000    34.9461    34.9479    1475.42    6.26171  1029.1317  1029.1332      0.917    7.10673 0.0000e+00
    323.352     4.9110     4.9097   3.347594   3.347636     2.2627     0.0305     0.0935    6.32691    320.000    34.9460    34.9478    1475.44    6.32672  1029.1362  1029.1378      0.924    7.10678 0.0000e+00
    324.363     4.9110     4.9099   3.347654   3.347695     2.2812     0.0375     0.0934    6.39395    321.000    34.9461    34.9477    1475.45    6.39375  1029.1410  1029.1425      1.034    7.10676 0.0000e+00
    325.374     4.9097     4.9082   3.347572   3.347617     2.2559     0.0366     0.0951    6.30461    322.000    34.9459    34.9480    1475.46    6.30442  1029.1458  1029.1476      1.127    7.10699 0.0000e+00
    326.386     4.9056     4.9038   3.347233   3.347216     2.2639     0.0406     0.0935    6.33462    323.000    34.9458    34.9475    1475.46    6.33443  1029.1508  1029.1523      1.147    7.10770 0.0000e+00
    327.397     4.8877     4.8865   3.345543   3.345693     2.2850     0.0338     0.0934    6.41414    324.000    34.9444    34.9474    1475.41    6.41395  1029.1565  1029.1591      1.080    7.11084 0.0000e+00
    328.408     4.8817     4.8812   3.345001   3.345002     2.2475     0.0292     0.0934    6.28151    325.000    34.9439    34.9444    1475.40    6.28132  1029.1615  1029.1620      0.997    7.11191 0.0000e+00
    329.420     4.8790     4.8763   3.344773   3.344717     2.2687     0.0329     0.0934    6.35892    326.000    34.9436    34.9457    1475.40    6.35873  1029.1663  1029.1682      0.969    7.11238 0.0000e+00
    330.431     4.8722     4.8715   3.344167   3.344261     2.2217     0.0291     0.0934    6.19243    327.000    34.9431    34.9449    1475.39    6.19225  1029.1714  1029.1729      0.963    7.11357 0.0000e+00
    331.442     4.8700     4.8690   3.343992   3.344051     2.2507     0.0374     0.0932    6.29754    328.000    34.9429    34.9446    1475.40    6.29735  1029.1761  1029.1776      0.978    7.11396 0.0000e+00
    332.453     4.8673     4.8665   3.343764   3.343866     2.2763     0.0382     0.0934    6.39058    329.000    34.9425    34.9445    1475.40    6.39039  1029.1808  1029.1825      0.995    7.11444 0.0000e+00
    333.465     4.8632     4.8622   3.343393   3.343470     2.2274     0.0358     0.0934    6.21697    330.000    34.9420    34.9440    1475.40    6.21678  1029.1855  1029.1873      0.996    7.11517 0.0000e+00
    334.476     4.8617     4.8607   3.343308   3.343373     2.2782     0.0314     0.0932    6.39995    331.000    34.9420    34.9438    1475.41    6.39975  1029.1904  1029.1920      0.982    7.11543 0.0000e+00
    335.487     4.8628     4.8620   3.343469   3.343539     2.2506     0.0237     0.0930    6.30166    332.000    34.9423    34.9439    1475.43    6.30147  1029.1951  1029.1965      0.976    7.11523 0.0000e+00
    336.499     4.8720     4.8712   3.344547   3.344505     2.2492     0.0226     0.0931    6.29571    333.000    34.9445    34.9449    1475.49    6.29552  1029.2004  1029.2009      1.025    7.11353 0.0000e+00
    337.510     4.8769     4.8760   3.345183   3.345235     2.2227     0.0237     0.0929    6.20068    334.000    34.9462    34.9479    1475.53    6.20050  1029.2058  1029.2073      1.099    7.11261 0.0000e+00
    338.521     4.8774     4.8763   3.345282   3.345342     2.2798     0.0226     0.0935    6.40638    335.000    34.9464    34.9482    1475.55    6.40619  1029.2106  1029.2122      1.117    7.11253 0.0000e+00
    339.533     4.8773     4.8761   3.345334   3.345383     2.2230     0.0247     0.0934    6.20355    336.000    34.9465    34.9483    1475.56    6.20336  1029.2153  1029.2169      1.059    7.11253 0.0000e+00
    340.544     4.8786     4.8773   3.345529   3.345536     2.2748     0.0329     0.0936    6.38983    337.000    34.9470    34.9483    1475.58    6.38964  1029.2202  1029.2214      0.952    7.11230 0.0000e+00
    341.555     4.8811     4.8798   3.345847   3.345883     2.2476     0.0229     0.0936    6.29262    338.000    34.9475    34.9492    1475.61    6.29243  1029.2250  1029.2264      0.876    7.11184 0.0000e+00
    342.567     4.8809     4.8799   3.345884   3.345942     2.2203     0.0240     0.0935    6.19572    339.000    34.9475    34.9493    1475.63    6.19553  1029.2296  1029.2312      0.905    7.11186 0.0000e+00
    343.578     4.8808     4.8796   3.345934   3.345985     2.2685     0.0290     0.0937    6.36915    340.000    34.9477    34.9495    1475.64    6.36896  1029.2345  1029.2361      0.986    7.11188 0.0000e+00
    344.590     4.8774     4.8763   3.345660   3.345760     2.2137     0.0276     0.0937    6.17406    341.000    34.9476    34.9499    1475.65    6.17387  1029.2395  1029.2413      1.079    7.11247 0.0000e+00
    345.601     4.8713     4.8702   3.345178   3.345272     2.2569     0.0136     0.0936    6.33078    342.000    34.9479    34.9501    1475.64    6.33059  1029.2451  1029.2469      1.157    7.11351 0.0000e+00
    346.612     4.8690     4.8678   3.345019   3.345082     2.2214     0.0254     0.0934    6.20474    343.000    34.9479    34.9498    1475.64    6.20455  1029.2500  1029.2517      1.165    7.11390 0.0000e+00
    347.624     4.8674     4.8663   3.344904   3.344975     2.2679     0.0368     0.0934    6.37284    344.000    34.9477    34.9497    1475.65    6.37264  1029.2548  1029.2565      1.082    7.11418 0.0000e+00
    348.635     4.8652     4.8642   3.344744   3.344817     2.2420     0.0237     0.0934    6.28093    345.000    34.9476    34.9496    1475.66    6.28074  1029.2595  1029.2612      0.962    7.11456 0.0000e+00
    349.646     4.8645     4.8636   3.344724   3.344797     2.2234     0.0328     0.0935    6.21499    346.000    34.9475    34.9494    1475.68    6.21480  1029.2643  1029.2659      0.886    7.11468 0.0000e+00
    350.658     4.8648     4.8637   3.344800   3.344854     2.2231     0.0234     0.0935    6.21479    347.000    34.9477    34.9494    1475.69    6.21460  1029.2689  1029.2705      0.878    7.11463 0.0000e+00
    351.669     4.8629     4.8619   3.344682   3.344753     2.2629     0.0236     0.0935    6.35899    348.000    34.9477    34.9496    1475.70    6.35880  1029.2738  1029.2755      0.974    7.11495 0.0000e+00
    352.681     4.8611     4.8604   3.344573   3.344671     2.2323     0.0278     0.0946    6.24994    349.000    34.9478    34.9497    1475.71    6.24975  1029.2788  1029.2804      1.122    7.11525 0.0000e+00
    353.692     4.8605     4.8594   3.344573   3.344621     2.2449     0.0342     0.0934    6.29628    350.000    34.9479    34.9496    1475.72    6.29609  1029.2836  1029.2852      1.217    7.11535 0.0000e+00
    354.703     4.8601     4.8590   3.344565   3.344632     2.2284     0.0233     0.0934    6.23786    351.000    34.9477    34.9497    1475.74    6.23767  1029.2882  1029.2899      1.197    7.11544 0.0000e+00
    355.715     4.8593     4.8582   3.344532   3.344592     2.2170     0.0118     0.0934    6.19769    352.000    34.9477    34.9495    1475.75    6.19750  1029.2930  1029.2946      0.993    7.11558 0.0000e+00
    356.726     4.8591     4.8581   3.344560   3.344616     2.2552     0.0298     0.0954    6.33593    353.000    34.9476    34.9493    1475.77    6.33574  1029.2975  1029.2991      0.688    7.11561 0.0000e+00
    357.738     4.8585     4.8575   3.344544   3.344616     2.1952     0.0264     0.0931    6.12123    354.000    34.9476    34.9494    1475.78    6.12104  1029.3022  1029.3038      0.889    7.11572 0.0000e+00
    358.749     4.8563     4.8552   3.344410   3.344477     2.2346     0.0181     0.0934    6.26379    355.000    34.9478    34.9498    1475.79    6.26360  1029.3074  1029.3091      1.214    7.11609 0.0000e+00
    359.761     4.8539     4.8528   3.344239   3.344315     2.2286     0.0287     0.0934    6.24368    356.000    34.9478    34.9499    1475.80    6.24349  1029.3123  1029.3141      1.299    7.11650 0.0000e+00
    360.772     4.8466     4.8456   3.343602   3.343736     2.2248     0.0366     0.0935    6.23198    357.000    34.9475    34.9501    1475.78    6.23179  1029.3176  1029.3198      1.216    7.11777 0.0000e+00
    361.783     4.8398     4.8388   3.343031   3.343142     2.2767     0.0234     0.0934    6.42074    358.000    34.9475    34.9498    1475.77    6.42055  1029.3231  1029.3251      1.056    7.11894 0.0000e+00
    362.795     4.8351     4.8340   3.342660   3.342740     2.2331     0.0250     0.0934    6.26537    359.000    34.9476    34.9496    1475.77    6.26518  1029.3285  1029.3302      0.953    7.11975 0.0000e+00
    363.806     4.8332     4.8321   3.342548   3.342599     2.1974     0.0370     0.0936    6.13793    360.000    34.9478    34.9495    1475.78    6.13775  1029.3335  1029.3350      0.970    7.12007 0.0000e+00
    364.818     4.8337     4.8326   3.342644   3.342691     2.2365     0.0231     0.0939    6.27926    361.000    34.9478    34.9495    1475.80    6.27907  1029.3380  1029.3395      1.051    7.11997 0.0000e+00
    365.829     4.8336     4.8325   3.342666   3.342730     2.2437     0.0232     0.0933    6.30613    362.000    34.9476    34.9495    1475.81    6.30594  1029.3425  1029.3442      1.075    7.12000 0.0000e+00
    366.841     4.8329     4.8319   3.342655   3.342724     2.2034     0.0231     0.0934    6.16184    363.000    34.9477    34.9496    1475.82    6.16165  1029.3474  1029.3490      0.982    7.12011 0.0000e+00
    367.852     4.8299     4.8288   3.342431   3.342495     2.2381     0.0237     0.0931    6.28845    364.000    34.9477    34.9497    1475.83    6.28826  1029.3524  1029.3541      0.788    7.12064 0.0000e+00
    368.864     4.8282     4.8272   3.342345   3.342417     2.2027     0.0226     0.0928    6.16188    365.000    34.9480    34.9499    1475.84    6.16170  1029.3575  1029.3591      0.796    7.12092 0.0000e+00
    369.875     4.8264     4.8256   3.342238   3.342332     2.2533     0.0226     0.0928    6.34512    366.000    34.9481    34.9501    1475.85    6.34493  1029.3624  1029.3641      1.086    7.12122 0.0000e+00
    370.887     4.8230     4.8219   3.341949   3.342044     2.2126     0.0233     0.0933    6.19990    367.000    34.9477    34.9500    1475.85    6.19971  1029.3672  1029.3691      1.278    7.12182 0.0000e+00
    371.898     4.8208     4.8194   3.341778   3.341826     2.2036     0.0238     0.0930    6.16855    368.000    34.9476    34.9496    1475.86    6.16837  1029.3721  1029.3739      1.286    7.12221 0.0000e+00
    372.910     4.8200     4.8190   3.341738   3.341815     2.2252     0.0356     0.0930    6.24733    369.000    34.9475    34.9494    1475.87    6.24715  1029.3767  1029.3783      1.159    7.12236 0.0000e+00
    373.921     4.8201     4.8190   3.341796   3.341847     2.2519     0.0372     0.0931    6.34472    370.000    34.9474    34.9492    1475.89    6.34453  1029.3813  1029.3828      1.006    7.12233 0.0000e+00
    374.933     4.8208     4.8197   3.341930   3.341992     2.2158     0.0353     0.0930    6.21516    371.000    34.9477    34.9496    1475.91    6.21497  1029.3861  1029.3877      0.965    7.12220 0.0000e+00
    375.944     4.8210     4.8200   3.342020   3.342079     2.2430     0.0252     0.0934    6.31412    372.000    34.9480    34.9498    1475.92    6.31393  1029.3910  1029.3925      0.988    7.12215 0.0000e+00
    376.956     4.8213     4.8202   3.342082   3.342153     2.2174     0.0236     0.1007    6.22236    373.000    34.9479    34.9499    1475.94    6.22217  1029.3955  1029.3972      0.988    7.12211 0.0000e+00
    377.967     4.8208     4.8198   3.342106   3.342177     2.2233     0.0235     0.0934    6.24448    374.000    34.9482    34.9501    1475.96    6.24430  1029.4005  1029.4021      0.974    7.12218 0.0000e+00
    378.979     4.8205     4.8195   3.342159   3.342229     2.2142     0.0108     0.0933    6.21274    375.000    34.9486    34.9505    1475.97    6.21256  1029.4055  1029.4071      0.954    7.12222 0.0000e+00
    379.990     4.8192     4.8185   3.342119   3.342227     2.1975     0.0359     0.0932    6.15319    376.000    34.9490    34.9510    1475.98    6.15300  1029.4105  1029.4122      0.920    7.12242 0.0000e+00
    381.002     4.8176     4.8166   3.342037   3.342108     2.2282     0.0357     0.0935    6.26516    377.000    34.9491    34.9510    1475.99    6.26497  1029.4155  1029.4172      0.903    7.12268 0.0000e+00
    382.013     4.8102     4.8098   3.341431   3.341614     2.1809     0.0353     0.0934    6.09632    378.000    34.9494    34.9519    1475.98    6.09613  1029.4214  1029.4233      0.946    7.12396 0.0000e+00
    383.025     4.8076     4.8067   3.341252   3.341335     2.2240     0.0363     0.0932    6.25327    379.000    34.9495    34.9514    1475.99    6.25308  1029.4264  1029.4280      1.034    7.12439 0.0000e+00
    384.037     4.8052     4.8042   3.341064   3.341157     2.2169     0.0377     0.0933    6.22899    380.000    34.9493    34.9515    1475.99    6.22880  1029.4312  1029.4330      1.120    7.12482 0.0000e+00
    385.048     4.8037     4.8022   3.340986   3.341008     2.2152     0.0377     0.0928    6.22377    381.000    34.9495    34.9513    1476.00    6.22359  1029.4362  1029.4377      1.198    7.12507 0.0000e+00
    386.060     4.8027     4.8016   3.340932   3.340995     2.2396     0.0246     0.0927    6.31309    382.000    34.9493    34.9512    1476.01    6.31290  1029.4408  1029.4425      1.216    7.12524 0.0000e+00
