Ship_data/Irminger/Irminger-1/ctd/process/dkn22104007.cnv
* Sea-Bird SBE 9 Data File:
* FileName = C:\Data\ctd\KN22104007.hdr
* Software Version Seasave V 7.21k
* Temperature SN = 4195
* Conductivity SN = 2147
* Number of Bytes Per Scan = 40
* Number of Voltage Words = 5
* Number of Scans Averaged by the Deck Unit = 1
* NMEA Latitude = 59 55.13 N
* NMEA Longitude = 039 25.73 W
* NMEA UTC (Time) = Sep 15 2014 15:50:10
** KN221-04 Chief Scientist: Bob Weller
** OOI Irminger Sea Sept. 2014
** Station: 007
** Knudsen Depth: 2737
# nquan = 19
# nvalues = 1476                        
# units = specified
# name 0 = prDM: Pressure, Digiquartz [db]
# name 1 = t090C: Temperature [ITS-90, deg C]
# name 2 = t190C: Temperature, 2 [ITS-90, deg C]
# name 3 = c0S/m: Conductivity [S/m]
# name 4 = c1S/m: Conductivity, 2 [S/m]
# name 5 = sbeox0V: Oxygen raw, SBE 43 [V]
# name 6 = flECO-AFL: Fluorescence, WET Labs ECO-AFL/FL [mg/m^3]
# name 7 = CStarAt0: Beam Attenuation, WET Labs C-Star [1/m]
# name 8 = sbeox0ML/L: Oxygen, SBE 43 [ml/l]
# name 9 = depSM: Depth [salt water, m], lat = 59.9188
# name 10 = sal00: Salinity, Practical [PSU]
# name 11 = sal11: Salinity, Practical, 2 [PSU]
# name 12 = svDM: Sound Velocity [Delgrosso, m/s]
# name 13 = sbeox0ML/L: Oxygen, SBE 43 [ml/l], WS = 2
# name 14 = density00: Density [density, Kg/m^3]
# name 15 = density11: Density, 2 [density, Kg/m^3]
# name 16 = dz/dtM: Descent Rate [m/s], WS = 2
# name 17 = oxsatML/L: Oxygen Saturation, Weiss [ml/l]
# name 18 = flag: flag
# span 0 =     15.143,   1509.620       
# span 1 =     3.4798,     7.8713       
# span 2 =     3.4790,     7.8701       
# span 3 =   3.237224,   3.592994       
# span 4 =   3.237367,   3.593075       
# span 5 =     1.6535,     2.1673       
# span 6 =     0.0018,     1.0725       
# span 7 =     0.0753,     0.3000       
# span 8 =    4.65099,    5.08728       
# span 9 =     15.000,   1490.000       
# span 10 =    34.8125,    34.9227      
# span 11 =    34.8167,    34.9258      
# span 12 =    1469.73,    1488.86      
# span 13 =    4.65088,    5.08717      
# span 14 =  1027.2181,  1034.7136      
# span 15 =  1027.2197,  1034.7159      
# span 16 =     -0.015,      2.084      
# span 17 =    6.63480,    7.36146      
# span 18 = 0.0000e+00, 0.0000e+00      
# interval = meters: 1                  
# start_time = Sep 15 2014 15:50:10 [NMEA time, header]
# bad_flag = -9.990e-29
*END*
[from data line 77]
     92.896     4.4674     4.4659   3.292900   3.292745     2.0219     0.0282     0.0849    4.97955     92.000    34.8966    34.8964    1469.83    4.97941  1028.0848  1028.0848      0.879    7.18600 0.0000e+00
     93.906     4.4798     4.4788   3.294273   3.294188     2.0212     0.0358     0.0850    4.97619     93.000    34.8991    34.8991    1469.90    4.97605  1028.0902  1028.0902      0.647    7.18371 0.0000e+00
     94.916     4.4844     4.4832   3.294853   3.294824     2.0211     0.0366     0.0848    4.97582     94.000    34.9006    34.9015    1469.94    4.97568  1028.0955  1028.0963      0.333    7.18284 0.0000e+00
     95.926     4.4820     4.4810   3.294693   3.294675     2.0207     0.0321     0.0848    4.97527     95.000    34.9007    34.9015    1469.94    4.97513  1028.1005  1028.1013      0.623    7.18326 0.0000e+00
     96.936     4.4850     4.4838   3.295114   3.295044     2.0207     0.0420     0.0847    4.97572     96.000    34.9019    34.9024    1469.97    4.97558  1028.1058  1028.1063      0.937    7.18268 0.0000e+00
     97.946     4.4876     4.4865   3.295463   3.295436     2.0206     0.0434     0.0848    4.97573     97.000    34.9027    34.9036    1470.00    4.97559  1028.1108  1028.1117      0.921    7.18218 0.0000e+00
     98.956     4.4816     4.4804   3.294981   3.294959     2.0206     0.0264     0.0847    4.97710     98.000    34.9029    34.9038    1469.99    4.97696  1028.1163  1028.1172      0.617    7.18323 0.0000e+00
     99.966     4.4774     4.4756   3.294629   3.294562     2.0207     0.0533     0.0844    4.97859     99.000    34.9026    34.9037    1469.99    4.97845  1028.1213  1028.1223      0.121    7.18398 0.0000e+00
    100.976     4.4725     4.4714   3.294256   3.294232     2.0207     0.0433     0.0846    4.97993    100.000    34.9029    34.9037    1469.99    4.97979  1028.1267  1028.1276      0.950    7.18482 0.0000e+00
    101.986     4.4699     4.4686   3.294050   3.294050     2.0206     0.0439     0.0850    4.98052    101.000    34.9026    34.9039    1469.99    4.98038  1028.1315  1028.1327      0.875    7.18528 0.0000e+00
    102.996     4.4587     4.4576   3.293054   3.293055     2.0206     0.0463     0.0845    4.98261    102.000    34.9022    34.9034    1469.96    4.98247  1028.1371  1028.1382      0.508    7.18726 0.0000e+00
    104.006     4.4525     4.4511   3.292518   3.292480     2.0203     0.0319     0.0849    4.98311    103.000    34.9020    34.9030    1469.95    4.98297  1028.1423  1028.1433      0.425    7.18837 0.0000e+00
    105.016     4.4434     4.4424   3.291746   3.291799     2.0195     0.0395     0.0841    4.98244    104.000    34.9019    34.9036    1469.93    4.98230  1028.1479  1028.1494      1.177    7.18995 0.0000e+00
    106.026     4.4404     4.4391   3.291552   3.291511     2.0196     0.0424     0.0845    4.98359    105.000    34.9022    34.9032    1469.94    4.98345  1028.1532  1028.1542      1.349    7.19046 0.0000e+00
    107.036     4.4335     4.4323   3.290947   3.291001     2.0191     0.0238     0.0849    4.98368    106.000    34.9018    34.9038    1469.93    4.98354  1028.1583  1028.1600      1.244    7.19169 0.0000e+00
    108.046     4.4275     4.4263   3.290430   3.290422     2.0188     0.0397     0.0848    4.98418    107.000    34.9016    34.9028    1469.92    4.98404  1028.1636  1028.1646      0.779    7.19276 0.0000e+00
    109.056     4.4178     4.4170   3.289505   3.289535     2.0178     0.0411     0.0847    4.98269    108.000    34.9005    34.9017    1469.89    4.98255  1028.1685  1028.1694      0.450    7.19452 0.0000e+00
    110.066     4.4075     4.4057   3.288566   3.288622     2.0170     0.0240     0.0842    4.98213    109.000    34.8998    34.9023    1469.86    4.98199  1028.1737  1028.1759      1.168    7.19636 0.0000e+00
    111.076     4.3904     4.3893   3.287018   3.287185     2.0172     0.0243     0.0842    4.98583    110.000    34.8990    34.9022    1469.81    4.98569  1028.1797  1028.1824      1.601    7.19939 0.0000e+00
    112.086     4.3721     4.3701   3.285360   3.285409     2.0169     0.0433     0.0848    4.98769    111.000    34.8984    34.9010    1469.75    4.98755  1028.1859  1028.1882      1.818    7.20264 0.0000e+00
    113.096     4.3630     4.3617   3.284570   3.284562     2.0162     0.0409     0.0844    4.98742    112.000    34.8981    34.8994    1469.73    4.98729  1028.1914  1028.1926      1.848    7.20425 0.0000e+00
    114.106     4.3624     4.3612   3.284593   3.284549     2.0162     0.0267     0.0845    4.98800    113.000    34.8985    34.8992    1469.74    4.98786  1028.1964  1028.1971      1.700    7.20434 0.0000e+00
    115.116     4.3620     4.3607   3.284632   3.284582     2.0159     0.0240     0.0847    4.98785    114.000    34.8989    34.8996    1469.76    4.98771  1028.2015  1028.2021      1.339    7.20440 0.0000e+00
    116.127     4.3728     4.3720   3.285792   3.285730     2.0158     0.0353     0.0849    4.98662    115.000    34.9006    34.9006    1469.82    4.98648  1028.2063  1028.2064      0.691    7.20242 0.0000e+00
    117.137     4.3797     4.3789   3.286537   3.286582     2.0157     0.0452     0.0843    4.98617    116.000    34.9014    34.9029    1469.87    4.98604  1028.2109  1028.2122      0.403    7.20116 0.0000e+00
    118.147     4.3808     4.3798   3.286880   3.286496     2.0153     0.0427     0.0846    4.98533    117.000    34.9038    34.9003    1469.89    4.98520  1028.2174  1028.2147      1.244    7.20086 0.0000e+00
    119.157     4.4197     4.4182   3.290828   3.290547     2.0147     0.0413     0.0842    4.97856    118.000    34.9086    34.9068    1470.07    4.97843  1028.2214  1028.2202      1.586    7.19380 0.0000e+00
    120.167     4.4390     4.4372   3.292838   3.292588     2.0149     0.0404     0.0841    4.97726    119.000    34.9113    34.9102    1470.17    4.97712  1028.2261  1028.2255      1.736    7.19029 0.0000e+00
    121.177     4.4432     4.4415   3.293302   3.293278     2.0157     0.0445     0.0838    4.97994    120.000    34.9118    34.9132    1470.21    4.97980  1028.2307  1028.2321      1.727    7.18953 0.0000e+00
    122.187     4.4323     4.4309   3.292315   3.292396     2.0155     0.0242     0.0843    4.98149    121.000    34.9111    34.9136    1470.18    4.98135  1028.2361  1028.2382      1.573    7.19146 0.0000e+00
    123.197     4.4273     4.4265   3.291919   3.291949     2.0147     0.0343     0.0848    4.98005    122.000    34.9112    34.9124    1470.17    4.97991  1028.2415  1028.2424      1.275    7.19234 0.0000e+00
    124.207     4.4236     4.4228   3.291608   3.291643     2.0137     0.0405     0.0914    4.97812    123.000    34.9109    34.9121    1470.17    4.97799  1028.2463  1028.2473      0.815    7.19300 0.0000e+00
    125.217     4.4267     4.4224   3.291980   3.291594     2.0119     0.0412     0.0836    4.97249    124.000    34.9114    34.9114    1470.20    4.97235  1028.2510  1028.2515      0.392    7.19243 0.0000e+00
    126.228     4.4421     4.4413   3.293592   3.293615     2.0114     0.0345     0.0843    4.96930    125.000    34.9136    34.9147    1470.29    4.96916  1028.2556  1028.2567      1.133    7.18963 0.0000e+00
    127.238     4.4277     4.4244   3.292202   3.292329     2.0111     0.0223     0.0844    4.97088    126.000    34.9119    34.9168    1470.24    4.97074  1028.2606  1028.2649      1.568    7.19223 0.0000e+00
    128.248     4.4030     4.4020   3.289927   3.290025     2.0110     0.0381     0.0841    4.97455    127.000    34.9107    34.9129    1470.15    4.97441  1028.2672  1028.2690      1.756    7.19662 0.0000e+00
    129.258     4.4088     4.4089   3.290626   3.290461     2.0107     0.0404     0.0843    4.97320    128.000    34.9123    34.9102    1470.19    4.97307  1028.2725  1028.2709      1.774    7.19554 0.0000e+00
    130.268     4.4230     4.4219   3.292073   3.292077     2.0098     0.0443     0.0841    4.96917    129.000    34.9137    34.9149    1470.27    4.96903  1028.2766  1028.2777      1.651    7.19297 0.0000e+00
    131.278     4.4116     4.4114   3.290990   3.291260     2.0098     0.0416     0.0844    4.97131    130.000    34.9125    34.9159    1470.24    4.97117  1028.2816  1028.2844      1.408    7.19503 0.0000e+00
    132.288     4.3964     4.3960   3.289601   3.289734     2.0092     0.0343     0.0844    4.97194    131.000    34.9117    34.9137    1470.19    4.97180  1028.2875  1028.2891      1.052    7.19774 0.0000e+00
    133.299     4.3604     4.3597   3.286087   3.286201     2.0073     0.0374     0.0843    4.97103    132.000    34.9078    34.9100    1470.05    4.97090  1028.2931  1028.2949      0.469    7.20424 0.0000e+00
    134.309     4.3450     4.3428   3.284603   3.284482     2.0055     0.0448     0.0838    4.96794    133.000    34.9061    34.9071    1470.00    4.96780  1028.2982  1028.2992      0.848    7.20704 0.0000e+00
    135.319     4.3390     4.3383   3.284047   3.284139     2.0057     0.0394     0.0841    4.97024    134.000    34.9053    34.9072    1470.00    4.97011  1028.3029  1028.3044      1.422    7.20812 0.0000e+00
    136.329     4.3764     4.3754   3.288101   3.287493     2.0056     0.0131     0.0844    4.96537    135.000    34.9130    34.9069    1470.18    4.96524  1028.3094  1028.3047      1.706    7.20118 0.0000e+00
    137.339     4.3865     4.3853   3.289053   3.289045     2.0057     0.0114     0.0842    4.96510    136.000    34.9130    34.9141    1470.23    4.96496  1028.3130  1028.3140      1.829    7.19941 0.0000e+00
    138.349     4.3860     4.3849   3.289077   3.289096     2.0062     0.0227     0.0842    4.96744    137.000    34.9132    34.9146    1470.25    4.96731  1028.3179  1028.3191      1.793    7.19949 0.0000e+00
    139.360     4.3828     4.3814   3.288837   3.288842     2.0068     0.0313     0.0847    4.97022    138.000    34.9133    34.9148    1470.25    4.97008  1028.3230  1028.3243      1.579    7.20005 0.0000e+00
    140.370     4.3816     4.3804   3.288774   3.288762     2.0064     0.0454     0.0843    4.96994    139.000    34.9132    34.9144    1470.26    4.96980  1028.3278  1028.3289      1.093    7.20026 0.0000e+00
    141.380     4.3792     4.3778   3.288564   3.288531     2.0055     0.0291     0.0839    4.96792    140.000    34.9128    34.9139    1470.27    4.96779  1028.3324  1028.3334      0.312    7.20071 0.0000e+00
    142.390     4.3756     4.3744   3.288294   3.288290     2.0049     0.0427     0.0836    4.96686    141.000    34.9129    34.9141    1470.27    4.96673  1028.3375  1028.3386      1.203    7.20133 0.0000e+00
    143.400     4.3767     4.3761   3.288483   3.288434     2.0048     0.0421     0.0839    4.96706    142.000    34.9133    34.9134    1470.29    4.96692  1028.3424  1028.3425      1.563    7.20111 0.0000e+00
    144.411     4.3866     4.3856   3.289545   3.289567     2.0038     0.0386     0.0839    4.96330    143.000    34.9148    34.9162    1470.35    4.96316  1028.3472  1028.3484      1.711    7.19930 0.0000e+00
    145.421     4.3809     4.3793   3.289066   3.289066     2.0042     0.0455     0.0837    4.96592    144.000    34.9147    34.9164    1470.34    4.96579  1028.3524  1028.3540      1.698    7.20032 0.0000e+00
    146.431     4.3792     4.3779   3.289003   3.288980     2.0035     0.0430     0.0841    4.96436    145.000    34.9152    34.9163    1470.35    4.96422  1028.3577  1028.3588      1.562    7.20059 0.0000e+00
    147.441     4.3782     4.3770   3.288972   3.289004     2.0027     0.0419     0.0838    4.96256    146.000    34.9154    34.9170    1470.37    4.96242  1028.3627  1028.3640      1.286    7.20076 0.0000e+00
    148.452     4.3694     4.3682   3.288203   3.288253     2.0026     0.0314     0.0835    4.96399    147.000    34.9151    34.9169    1470.35    4.96386  1028.3680  1028.3696      0.874    7.20231 0.0000e+00
    149.462     4.3612     4.3601   3.287487   3.287489     2.0014     0.0356     0.0832    4.96196    148.000    34.9148    34.9160    1470.33    4.96182  1028.3734  1028.3745      0.477    7.20377 0.0000e+00
    150.472     4.3544     4.3534   3.286885   3.286912     2.0001     0.0279     0.0833    4.95921    149.000    34.9143    34.9157    1470.31    4.95908  1028.3785  1028.3796      0.788    7.20499 0.0000e+00
    151.482     4.3518     4.3509   3.286677   3.286713     2.0000     0.0232     0.0825    4.95992    150.000    34.9141    34.9155    1470.32    4.95979  1028.3833  1028.3845      1.277    7.20545 0.0000e+00
    152.493     4.3494     4.3480   3.286499   3.286514     1.9998     0.0351     0.0834    4.96014    151.000    34.9140    34.9156    1470.33    4.96000  1028.3882  1028.3896      1.508    7.20589 0.0000e+00
    153.503     4.3470     4.3457   3.286341   3.286332     1.9999     0.0422     0.0829    4.96133    152.000    34.9142    34.9154    1470.33    4.96119  1028.3932  1028.3944      1.582    7.20630 0.0000e+00
    154.513     4.3440     4.3429   3.286102   3.286152     1.9996     0.0222     0.0830    4.96156    153.000    34.9140    34.9157    1470.34    4.96142  1028.3981  1028.3997      1.553    7.20684 0.0000e+00
    155.523     4.3406     4.3393   3.285854   3.285831     1.9993     0.0328     0.0825    4.96138    154.000    34.9141    34.9152    1470.34    4.96124  1028.4033  1028.4043      1.428    7.20743 0.0000e+00
    156.534     4.3349     4.3335   3.285333   3.285375     1.9988     0.0417     0.0825    4.96141    155.000    34.9135    34.9154    1470.33    4.96127  1028.4081  1028.4098      1.187    7.20847 0.0000e+00
    157.544     4.3309     4.3296   3.284984   3.284990     1.9985     0.0382     0.0828    4.96134    156.000    34.9130    34.9145    1470.33    4.96121  1028.4128  1028.4142      0.832    7.20919 0.0000e+00
    158.554     4.3263     4.3251   3.284573   3.284566     1.9977     0.0379     0.0829    4.96014    157.000    34.9125    34.9137    1470.33    4.96001  1028.4177  1028.4187      0.565    7.21003 0.0000e+00
    159.564     4.3254     4.3243   3.284527   3.284525     1.9975     0.0449     0.0827    4.96024    158.000    34.9123    34.9135    1470.34    4.96011  1028.4224  1028.4233      0.666    7.21019 0.0000e+00
    160.575     4.3248     4.3236   3.284507   3.284508     1.9981     0.0162     0.0829    4.96285    159.000    34.9123    34.9135    1470.35    4.96271  1028.4270  1028.4281      1.056    7.21031 0.0000e+00
    161.585     4.3224     4.3215   3.284346   3.284388     1.9976     0.0206     0.0827    4.96228    160.000    34.9123    34.9137    1470.36    4.96214  1028.4320  1028.4332      1.452    7.21072 0.0000e+00
    162.595     4.3191     4.3179   3.284073   3.284145     1.9980     0.0226     0.0832    4.96461    161.000    34.9120    34.9142    1470.36    4.96447  1028.4368  1028.4386      1.689    7.21131 0.0000e+00
    163.606     4.3104     4.3093   3.283330   3.283450     1.9978     0.0243     0.0832    4.96577    162.000    34.9119    34.9145    1470.34    4.96563  1028.4424  1028.4446      1.755    7.21285 0.0000e+00
    164.616     4.3032     4.3021   3.282724   3.282773     1.9978     0.0272     0.0824    4.96752    163.000    34.9119    34.9136    1470.33    4.96739  1028.4479  1028.4493      1.654    7.21413 0.0000e+00
    165.626     4.3028     4.3015   3.282711   3.282717     1.9967     0.0419     0.0825    4.96456    164.000    34.9117    34.9131    1470.34    4.96443  1028.4524  1028.4536      1.338    7.21421 0.0000e+00
    166.637     4.3024     4.3012   3.282726   3.282721     1.9965     0.0370     0.0826    4.96446    165.000    34.9117    34.9129    1470.36    4.96433  1028.4572  1028.4583      0.687    7.21428 0.0000e+00
    167.647     4.3023     4.3012   3.282798   3.282800     1.9966     0.0294     0.0828    4.96531    166.000    34.9121    34.9132    1470.37    4.96518  1028.4622  1028.4633      0.589    7.21427 0.0000e+00
