Ship_data/Irminger/Irminger-1/ctd/process/dkn22104001.cnv
* Sea-Bird SBE 9 Data File:
* FileName = C:\Data\ctd\KN22104001.hdr
* Software Version Seasave V 7.21k
* Temperature SN = 4195
* Conductivity SN = 2147
* Number of Bytes Per Scan = 40
* Number of Voltage Words = 5
* Number of Scans Averaged by the Deck Unit = 1
* NMEA Latitude = 62 06.42 N
* NMEA Longitude = 031 22.90 W
* NMEA UTC (Time) = Sep 08 2014 11:39:06
** KN221-03 Chief Scientist: Bob Pickart
** OSNAP August 2014
** Station: 001
** Knudsen Depth: 2401
# nquan = 19
# nvalues = 1488                        
# units = specified
# name 0 = prDM: Pressure, Digiquartz [db]
# name 1 = t090C: Temperature [ITS-90, deg C]
# name 2 = t190C: Temperature, 2 [ITS-90, deg C]
# name 3 = c0S/m: Conductivity [S/m]
# name 4 = c1S/m: Conductivity, 2 [S/m]
# name 5 = sbeox0V: Oxygen raw, SBE 43 [V]
# name 6 = flECO-AFL: Fluorescence, WET Labs ECO-AFL/FL [mg/m^3]
# name 7 = CStarAt0: Beam Attenuation, WET Labs C-Star [1/m]
# name 8 = sbeox0ML/L: Oxygen, SBE 43 [ml/l]
# name 9 = depSM: Depth [salt water, m], lat = 62.107
# name 10 = sal00: Salinity, Practical [PSU]
# name 11 = sal11: Salinity, Practical, 2 [PSU]
# name 12 = svDM: Sound Velocity [Delgrosso, m/s]
# name 13 = sbeox0ML/L: Oxygen, SBE 43 [ml/l], WS = 2
# name 14 = density00: Density [density, Kg/m^3]
# name 15 = density11: Density, 2 [density, Kg/m^3]
# name 16 = dz/dtM: Descent Rate [m/s], WS = 2
# name 17 = oxsatML/L: Oxygen Saturation, Weiss [ml/l]
# name 18 = flag: flag
# span 0 =      3.029,   1509.879       
# span 1 =     3.6505,    10.9402       
# span 2 =     3.6493,    10.9470       
# span 3 =   3.277961,   3.880888       
# span 4 =   3.278105,   3.881914       
# span 5 =     1.8795,     2.6835       
# span 6 =     0.0100,     1.5411       
# span 7 =     0.0847,     0.3930       
# span 8 =    5.89342,    7.20063       
# span 9 =      3.000,   1490.000       
# span 10 =    34.7935,    35.0448      
# span 11 =    34.7977,    35.0473      
# span 12 =    1475.32,    1493.07      
# span 13 =    5.89327,    7.20034      
# span 14 =  1026.6639,  1034.7104      
# span 15 =  1026.6664,  1034.7130      
# span 16 =     -0.188,      1.459      
# span 17 =    6.19701,    7.32944      
# span 18 = 0.0000e+00, 0.0000e+00      
# interval = meters: 1                  
# start_time = Sep 08 2014 11:39:06 [NMEA time, header]
# bad_flag = -9.990e-29
*END*
      3.029    10.9261    10.9248   3.879363   3.879515     2.5484     0.9457     0.3872    6.10622      3.000    34.8220    34.8248    1492.92    6.10586  1026.6639  1026.6664      0.126    6.19890 0.0000e+00
      4.039    10.9289    10.9270   3.879683   3.879767     2.5495     0.9824     0.3825    6.10984      4.000    34.8221    34.8247    1492.94    6.10948  1026.6680  1026.6704      0.306    6.19851 0.0000e+00
      5.048    10.9309    10.9315   3.879915   3.880241     2.5496     0.9823     0.3812    6.11069      5.000    34.8221    34.8248    1492.97    6.11033  1026.6722  1026.6742      0.596    6.19825 0.0000e+00
      6.058    10.9375    10.9362   3.880590   3.880713     2.5483     0.9784     0.3801    6.10656      6.000    34.8221    34.8246    1493.01    6.10620  1026.6757  1026.6777      0.643    6.19737 0.0000e+00
      7.068    10.9402    10.9404   3.880888   3.881189     2.5484     0.9919     0.3804    6.10741      7.000    34.8221    34.8249    1493.03    6.10705  1026.6797  1026.6818      0.457    6.19701 0.0000e+00
      8.078    10.9388    10.9384   3.880821   3.881073     2.5489     1.0158     0.3793    6.10977      8.000    34.8223    34.8252    1493.04    6.10941  1026.6846  1026.6870      0.542    6.19718 0.0000e+00
      9.087    10.9355    10.9336   3.880585   3.880678     2.5491     1.0276     0.3792    6.11153      9.000    34.8226    34.8253    1493.05    6.11117  1026.6899  1026.6925      0.461    6.19761 0.0000e+00
     10.097    10.9376    10.9470   3.880769   3.881914     2.5486     1.0788     0.3813    6.11049     10.000    34.8219    34.8245    1493.07    6.11013  1026.6937  1026.6940      0.431    6.19735 0.0000e+00
     11.107    10.9327    10.9358   3.880411   3.881156     2.5484     1.1515     0.3804    6.11155     11.000    34.8226    34.8271    1493.07    6.11119  1026.6996  1026.7025      0.747    6.19799 0.0000e+00
     12.117    10.9151    10.9111   3.878789   3.878753     2.5480     1.2190     0.3823    6.11340     12.000    34.8226    34.8261    1493.03    6.11304  1026.7074  1026.7108      0.559    6.20034 0.0000e+00
     13.126    10.9089    10.9054   3.878179   3.878150     2.5458     1.2691     0.3821    6.10870     13.000    34.8220    34.8250    1493.02    6.10834  1026.7125  1026.7156      0.330    6.20120 0.0000e+00
     14.136    10.9015    10.9007   3.877521   3.877758     2.5466     1.3859     0.3848    6.11271     14.000    34.8219    34.8251    1493.01    6.11235  1026.7184  1026.7209      0.707    6.20219 0.0000e+00
     15.146    10.8962    10.8951   3.877060   3.877228     2.5453     1.4111     0.3845    6.11026     15.000    34.8219    34.8247    1493.01    6.10990  1026.7239  1026.7262      0.543    6.20291 0.0000e+00
     16.156    10.8959    10.8948   3.877065   3.877235     2.5445     1.4230     0.3833    6.10889     16.000    34.8218    34.8246    1493.02    6.10854  1026.7284  1026.7307      0.470    6.20296 0.0000e+00
     17.165    10.8942    10.8927   3.876930   3.877076     2.5442     1.4427     0.3831    6.10899     17.000    34.8216    34.8245    1493.03    6.10863  1026.7332  1026.7356      0.428    6.20319 0.0000e+00
     18.175    10.8924    10.8911   3.876792   3.876951     2.5431     1.4560     0.3829    6.10681     18.000    34.8215    34.8243    1493.04    6.10645  1026.7379  1026.7402      0.499    6.20344 0.0000e+00
     19.185    10.8928    10.8918   3.876894   3.877062     2.5433     1.4452     0.3802    6.10805     19.000    34.8217    34.8243    1493.06    6.10769  1026.7426  1026.7448      0.757    6.20337 0.0000e+00
     20.195    10.8905    10.8893   3.876684   3.876877     2.5431     1.4379     0.3807    6.10866     20.000    34.8213    34.8243    1493.07    6.10830  1026.7472  1026.7498      0.626    6.20370 0.0000e+00
     21.204    10.8871    10.8860   3.876375   3.876553     2.5417     1.4553     0.3837    6.10556     21.000    34.8210    34.8238    1493.07    6.10520  1026.7522  1026.7545      0.331    6.20417 0.0000e+00
     22.214    10.8796    10.8783   3.875679   3.875892     2.5408     1.4643     0.3844    6.10471     22.000    34.8207    34.8241    1493.06    6.10435  1026.7577  1026.7606      0.583    6.20518 0.0000e+00
     23.224    10.8542    10.8526   3.873201   3.873487     2.5398     1.4581     0.3825    6.10605     23.000    34.8195    34.8239    1492.99    6.10569  1026.7660  1026.7697      0.709    6.20864 0.0000e+00
     24.234    10.8131    10.8103   3.869027   3.869197     2.5393     1.4289     0.3758    6.11108     24.000    34.8163    34.8207    1492.86    6.11072  1026.7755  1026.7794      0.538    6.21429 0.0000e+00
     25.244    10.7683    10.7664   3.864225   3.864423     2.5378     1.4337     0.3693    6.11387     25.000    34.8103    34.8141    1492.71    6.11352  1026.7833  1026.7866      0.375    6.22057 0.0000e+00
     26.253    10.7395    10.7371   3.861049   3.861194     2.5392     1.4445     0.3688    6.12301     26.000    34.8054    34.8091    1492.62    6.12265  1026.7892  1026.7926      0.597    6.22465 0.0000e+00
     27.263    10.7196    10.7188   3.858866   3.859101     2.5394     1.4571     0.3930    6.12716     27.000    34.8019    34.8050    1492.56    6.12681  1026.7947  1026.7972      0.535    6.22747 0.0000e+00
     28.273    10.7135    10.7127   3.858189   3.858410     2.5410     1.5160     0.3693    6.13372     28.000    34.8005    34.8035    1492.55    6.13337  1026.7992  1026.8016      0.511    6.22835 0.0000e+00
     29.283    10.7070    10.7068   3.857480   3.857780     2.5411     1.5411     0.3734    6.13563     29.000    34.7991    34.8023    1492.54    6.13528  1026.8038  1026.8064      0.577    6.22929 0.0000e+00
     30.293    10.6962    10.6951   3.856313   3.856511     2.5405     1.4950     0.3671    6.13620     30.000    34.7972    34.8003    1492.52    6.13584  1026.8088  1026.8114      0.334    6.23082 0.0000e+00
     31.303    10.6903    10.6886   3.855693   3.855859     2.5389     1.4778     0.3657    6.13302     31.000    34.7961    34.7994    1492.51    6.13267  1026.8136  1026.8164      0.779    6.23166 0.0000e+00
     32.312    10.6774    10.6757   3.854362   3.854514     2.5389     1.4377     0.3598    6.13590     32.000    34.7946    34.7978    1492.48    6.13555  1026.8193  1026.8220      0.673    6.23348 0.0000e+00
     33.322    10.6690    10.6677   3.853597   3.853796     2.5384     1.4253     0.3455    6.13612     33.000    34.7945    34.7977    1492.47    6.13577  1026.8252  1026.8280      0.350    6.23462 0.0000e+00
     34.332    10.6206    10.6187   3.848964   3.849517     2.5372     1.3559     0.3362    6.14014     34.000    34.7935    34.8009    1492.31    6.13979  1026.8375  1026.8436      0.512    6.24122 0.0000e+00
     35.342    10.4661    10.4640   3.835325   3.835910     2.5355     1.2505     0.3265    6.15690     35.000    34.8029    34.8109    1491.79    6.15655  1026.8768  1026.8834      0.691    6.26187 0.0000e+00
     36.352    10.3591    10.3568   3.825871   3.826253     2.5327     1.1429     0.3059    6.16384     36.000    34.8092    34.8153    1491.43    6.16349  1026.9052  1026.9103      0.660    6.27626 0.0000e+00
     37.362    10.2851    10.2849   3.819216   3.819678     2.5286     1.1170     0.2928    6.16272     37.000    34.8121    34.8170    1491.19    6.16237  1026.9249  1026.9287      0.379    6.28630 0.0000e+00
     38.372    10.0323    10.0350   3.796407   3.798301     2.5221     1.0943     0.2814    6.17878     38.000    34.8223    34.8391    1490.31    6.17844  1026.9812  1026.9939      0.484    6.32085 0.0000e+00
     39.381     9.5913     9.5879   3.757463   3.759349     2.5131     0.9258     0.2589    6.21378     39.000    34.8484    34.8712    1488.77    6.21345  1027.0812  1027.0995      0.676    6.38158 0.0000e+00
     40.391     9.1496     9.1471   3.720150   3.721641     2.5026     0.8054     0.2313    6.24450     40.000    34.8911    34.9091    1487.22    6.24418  1027.1920  1027.2065      0.557    6.44285 0.0000e+00
     41.401     8.5925     8.5884   3.671789   3.672663     2.4901     0.6543     0.2009    6.28643     41.000    34.9304    34.9437    1485.22    6.28612  1027.3168  1027.3279      0.449    6.52222 0.0000e+00
     42.411     8.5170     8.5161   3.664500   3.664732     2.4852     0.4676     0.1716    6.28314     42.000    34.9274    34.9307    1484.95    6.28283  1027.3308  1027.3336      0.390    6.53346 0.0000e+00
     43.421     8.4717     8.4705   3.660175   3.660387     2.4816     0.4391     0.1653    6.27961     43.000    34.9259    34.9293    1484.80    6.27931  1027.3414  1027.3442      0.673    6.54022 0.0000e+00
     44.431     8.4424     8.4395   3.657480   3.657672     2.4802     0.4089     0.1623    6.28013     44.000    34.9258    34.9307    1484.70    6.27983  1027.3505  1027.3547      0.735    6.54455 0.0000e+00
     45.441     8.4048     8.4037   3.654024   3.654249     2.4778     0.4173     0.1600    6.27892     45.000    34.9259    34.9293    1484.58    6.27862  1027.3610  1027.3639      0.394    6.55012 0.0000e+00
     46.451     8.3707     8.3698   3.650856   3.651089     2.4737     0.4303     0.1586    6.27202     46.000    34.9255    34.9289    1484.47    6.27172  1027.3706  1027.3734      0.493    6.55519 0.0000e+00
     47.461     8.3613     8.3616   3.649974   3.650273     2.4718     0.3992     0.1573    6.26823     47.000    34.9250    34.9278    1484.45    6.26793  1027.3762  1027.3784      0.605    6.55661 0.0000e+00
     48.471     8.3492     8.3497   3.648885   3.649224     2.4714     0.3891     0.1570    6.26947     48.000    34.9248    34.9280    1484.42    6.26917  1027.3826  1027.3850      0.516    6.55841 0.0000e+00
     49.480     8.3265     8.3286   3.646810   3.647441     2.4710     0.4004     0.1565    6.27239     49.000    34.9249    34.9295    1484.35    6.27209  1027.3907  1027.3940      0.444    6.56179 0.0000e+00
     50.490     8.2342     8.2337   3.638661   3.639211     2.4683     0.3833     0.1547    6.27827     50.000    34.9291    34.9355    1484.03    6.27797  1027.4128  1027.4180      0.532    6.57536 0.0000e+00
     51.500     8.0367     8.0397   3.621163   3.622739     2.4645     0.3726     0.1520    6.29647     51.000    34.9381    34.9520    1483.31    6.29618  1027.4547  1027.4651      0.575    6.60461 0.0000e+00
     52.510     7.7061     7.7031   3.591769   3.592981     2.4586     0.3543     0.1477    6.32808     52.000    34.9517    34.9678    1482.09    6.32780  1027.5195  1027.5326      0.543    6.65413 0.0000e+00
     53.520     7.5054     7.5048   3.573620   3.573938     2.5934     0.3221     0.1427    6.79557     53.000    34.9561    34.9602    1481.34    6.79527  1027.5573  1027.5605      0.390    6.68465 0.0000e+00
     54.530     7.4501     7.4483   3.568431   3.568616     2.5968     0.3286     0.1392    6.81668     54.000    34.9548    34.9587    1481.15    6.81639  1027.5688  1027.5721      0.577    6.69321 0.0000e+00
     55.540     7.4254     7.4246   3.566090   3.566517     2.6112     0.3027     0.1377    6.86823     55.000    34.9537    34.9592    1481.07    6.86793  1027.5762  1027.5806      0.605    6.69707 0.0000e+00
     56.550     7.2951     7.2917   3.554527   3.554728     2.6420     0.2911     0.1388    6.99104     56.000    34.9586    34.9642    1480.59    6.99074  1027.6034  1027.6084      0.449    6.71703 0.0000e+00
     57.560     7.0759     7.0763   3.535092   3.536352     2.6657     0.2931     0.1367    7.10659     57.000    34.9669    34.9803    1479.77    7.10630  1027.6459  1027.6564      0.496    6.75086 0.0000e+00
     58.570     6.8756     6.8739   3.517364   3.517760     2.6835     0.2637     0.1320    7.20063     58.000    34.9745    34.9807    1479.02    7.20034  1027.6847  1027.6898      0.511    6.78199 0.0000e+00
     59.580     6.7855     6.7842   3.509382   3.509551     2.5726     0.2384     0.1292    6.85217     59.000    34.9776    34.9808    1478.69    6.85189  1027.7042  1027.7069      0.501    6.79611 0.0000e+00
     60.590     6.7671     6.7659   3.508192   3.508221     2.5005     0.2238     0.1276    6.61811     60.000    34.9826    34.9842    1478.64    6.61784  1027.7153  1027.7168      0.567    6.79880 0.0000e+00
     61.600     6.7973     6.7938   3.512434   3.512087     2.5876     0.2004     0.1248    6.90049     61.000    34.9983    34.9980    1478.79    6.90021  1027.7283  1027.7284      0.494    6.79333 0.0000e+00
     62.610     6.8505     6.8493   3.518460   3.518274     2.6175     0.2112     0.1231    6.98985     62.000    35.0102    35.0094    1479.03    6.98957  1027.7349  1027.7344      0.441    6.78438 0.0000e+00
     63.620     6.8882     6.8871   3.523336   3.523499     2.6755     0.1784     0.1204    7.17454     63.000    35.0252    35.0281    1479.21    7.17425  1027.7460  1027.7484      0.550    6.77777 0.0000e+00
     64.630     6.8657     6.8648   3.521894   3.522053     2.5933     0.1451     0.1169    6.90858     64.000    35.0317    35.0344    1479.15    6.90830  1027.7589  1027.7611      0.509    6.78103 0.0000e+00
     65.640     6.8518     6.8498   3.521030   3.521062     2.5358     0.1371     0.1140    6.72238     65.000    35.0359    35.0382    1479.12    6.72211  1027.7687  1027.7709      0.436    6.78305 0.0000e+00
     66.650     6.8169     6.8158   3.518242   3.518412     2.4732     0.1153     0.1107    6.52274     66.000    35.0401    35.0431    1479.00    6.52248  1027.7815  1027.7841      0.587    6.78837 0.0000e+00
     67.660     6.8097     6.8083   3.517837   3.517878     2.5198     0.1050     0.1086    6.67814     67.000    35.0424    35.0444    1478.99    6.67787  1027.7891  1027.7908      0.586    6.78941 0.0000e+00
     68.670     6.8016     6.8011   3.517165   3.517294     2.5301     0.0806     0.1075    6.71443     68.000    35.0428    35.0447    1478.98    6.71416  1027.7950  1027.7966      0.464    6.79068 0.0000e+00
     69.680     6.7957     6.7953   3.516622   3.516773     2.5236     0.0808     0.1065    6.69489     69.000    35.0422    35.0443    1478.97    6.69462  1027.8000  1027.8018      0.461    6.79163 0.0000e+00
     70.690     6.7773     6.7753   3.514967   3.515010     2.5522     0.0869     0.1066    6.79311     70.000    35.0422    35.0447    1478.92    6.79284  1027.8073  1027.8094      0.455    6.79455 0.0000e+00
     71.700     6.7699     6.7678   3.514469   3.514402     2.5328     0.0825     0.1060    6.73127     71.000    35.0437    35.0451    1478.91    6.73100  1027.8141  1027.8154      0.587    6.79566 0.0000e+00
     72.710     6.7557     6.7546   3.513278   3.513429     2.5373     0.0660     0.1053    6.74926     72.000    35.0445    35.0473    1478.87    6.74899  1027.8213  1027.8236      0.561    6.79787 0.0000e+00
     73.720     6.7187     6.7170   3.509767   3.509869     2.5647     0.0779     0.1048    6.84689     73.000    35.0429    35.0458    1478.74    6.84661  1027.8298  1027.8323      0.477    6.80382 0.0000e+00
     74.730     6.6947     6.6936   3.507584   3.507616     2.5236     0.0691     0.1047    6.71586     74.000    35.0427    35.0442    1478.66    6.71559  1027.8375  1027.8389      0.460    6.80764 0.0000e+00
     75.740     6.6916     6.6903   3.507461   3.507481     2.5253     0.0637     0.1042    6.72272     75.000    35.0439    35.0456    1478.67    6.72245  1027.8436  1027.8451      0.501    6.80807 0.0000e+00
     76.750     6.6783     6.6762   3.506362   3.506360     2.5301     0.0612     0.1034    6.74170     76.000    35.0448    35.0470    1478.63    6.74143  1027.8507  1027.8528      0.569    6.81015 0.0000e+00
     77.760     6.6663     6.6649   3.505269   3.505265     2.5124     0.0519     0.1033    6.68611     77.000    35.0446    35.0459    1478.60    6.68585  1027.8568  1027.8582      0.497    6.81208 0.0000e+00
     78.770     6.6652     6.6639   3.505170   3.505179     2.4988     0.0547     0.1033    6.64205     78.000    35.0440    35.0455    1478.61    6.64179  1027.8612  1027.8625      0.528    6.81228 0.0000e+00
